,A1,A2,A3,A4,A5,A6,A7,A8,A9,A10,A11,A12,A13,A14,A15,B1,B2,B3,B4,B5,B6,B7,B8,B9,B10,B11,B12,B13,B14,B15,C1,C2,C3,C4,C5,C6,C7,C8,C9,C10,C11,C12,C13,C14,C15,D1,D2,D3,D4,D5,D6,D7,D8,D9,D10,D11,D12,D13,D14,D15,E1,E2,E3,E4,E5,E6,E7,E8,E9,E10,E11,E12,E13,E14,E15
A1,0.0,0.38342875242233276,0.6022546887397766,0.9483482837677002,1.175359845161438,1.4680757522583008,1.7028189897537231,1.5916056632995605,1.6197865009307861,1.9500200748443604,2.060483932495117,1.9909611940383911,2.0679736137390137,2.280484437942505,2.5454204082489014,2.7674241065979004,2.4990875720977783,2.4694344997406006,2.1873631477355957,2.3590011596679688,2.141916036605835,2.320800542831421,2.2053308486938477,1.8386924266815186,1.8487504720687866,2.062437057495117,1.9134410619735718,1.5444014072418213,1.527344822883606,1.6640126705169678,1.2379287481307983,1.2053582668304443,1.4266982078552246,1.4416488409042358,1.8103888034820557,1.9523228406906128,2.253988027572632,2.0647518634796143,1.8906584978103638,2.2462990283966064,2.405968427658081,2.1816818714141846,2.125466823577881,2.4163081645965576,2.700124502182007,1.7272800207138062,1.571030616760254,1.2007941007614136,1.1222124099731445,0.7869707942008972,0.7866458892822266,0.7156708836555481,1.0207183361053467,1.2018585205078125,1.1643730401992798,1.2839256525039673,1.550369381904602,1.6643052101135254,1.5445417165756226,1.7520248889923096,3.00335693359375,2.7105865478515625,2.5658230781555176,2.266979694366455,2.322533369064331,2.0214552879333496,2.16182017326355,2.1584079265594482,1.8133946657180786,1.7088803052902222,1.9409407377243042,1.848205327987671,1.4827606678009033,1.4114998579025269,1.5710819959640503
A2,0.38342875242233276,0.0,0.38756829500198364,0.6356326937675476,0.9056262373924255,1.196075677871704,1.4283338785171509,1.2694517374038696,1.2759116888046265,1.6258320808410645,1.724782943725586,1.6253559589385986,1.7012323141098022,1.9362739324569702,2.189724922180176,2.514491081237793,2.220043182373047,2.1734533309936523,1.8673229217529297,2.018885850906372,1.809533715248108,1.9681591987609863,1.8348332643508911,1.4753297567367554,1.4918417930603027,1.6892141103744507,1.530333161354065,1.1620069742202759,1.1654717922210693,1.3071625232696533,1.0585646629333496,1.0325011014938354,1.1693670749664307,1.1873213052749634,1.5676089525222778,1.6735323667526245,2.0044946670532227,1.8651865720748901,1.6710606813430786,2.00593900680542,2.210273504257202,2.02740216255188,1.9452545642852783,2.193425416946411,2.5072929859161377,1.591820478439331,1.4434925317764282,1.0606858730316162,0.9679593443870544,0.7099936008453369,0.5984235405921936,0.7030783891677856,1.0125617980957031,1.0697615146636963,1.0472028255462646,1.2717351913452148,1.4997308254241943,1.5315741300582886,1.4052320718765259,1.6761419773101807,2.6786627769470215,2.4067423343658447,2.2615551948547363,1.991363763809204,2.073729991912842,1.7805495262145996,1.975271224975586,1.9863778352737427,1.6280252933502197,1.567266583442688,1.849984049797058,1.7648539543151855,1.4039233922958374,1.3552732467651367,1.5974085330963135
A3,0.6022546887397766,0.38756829500198364,0.0,0.38271960616111755,0.5854392051696777,0.8665726780891418,1.1111990213394165,1.031100869178772,1.0534228086471558,1.3603788614273071,1.493293046951294,1.4688581228256226,1.5390667915344238,1.7094191312789917,1.9841432571411133,2.1853063106536865,1.907406210899353,1.9018585681915283,1.634643793106079,1.8461288213729858,1.6866493225097656,1.8989595174789429,1.7416157722473145,1.3769882917404175,1.486984133720398,1.7002617120742798,1.5059051513671875,1.139559268951416,1.2375402450561523,1.4337074756622314,1.363488793373108,1.2675381898880005,1.3256518840789795,1.2371437549591064,1.6041886806488037,1.632769227027893,1.9651708602905273,1.8215258121490479,1.5638978481292725,1.8711283206939697,2.0918397903442383,1.8863470554351807,1.7445521354675293,1.9910603761672974,2.3002219200134277,1.2172770500183105,1.0559345483779907,0.6732243299484253,0.6191104054450989,0.4441204071044922,0.49011194705963135,0.7211508750915527,0.8986498117446899,0.9397659301757812,1.0581375360488892,1.2710155248641968,1.4114527702331543,1.4547914266586304,1.4260201454162598,1.7256182432174683,2.5348310470581055,2.256213665008545,2.060361623764038,1.7697348594665527,1.7941852807998657,1.4727052450180054,1.6402451992034912,1.6936191320419312,1.35502290725708,1.2400568723678589,1.541010856628418,1.5157309770584106,1.1680238246917725,1.0474185943603516,1.3187817335128784
A4,0.9483482837677002,0.6356326937675476,0.38271960616111755,0.0,0.3774031102657318,0.5753300189971924,0.8500898480415344,0.738193690776825,0.6838658452033997,1.0077636241912842,1.1643635034561157,1.1228448152542114,1.1615921258926392,1.3361449241638184,1.6165075302124023,1.8887560367584229,1.5860447883605957,1.556607723236084,1.2685106992721558,1.472199559211731,1.333794355392456,1.5461941957473755,1.3724414110183716,1.0129770040512085,1.1703431606292725,1.3797448873519897,1.179477334022522,0.8253900408744812,0.9817562699317932,1.214816927909851,1.3681708574295044,1.2515921592712402,1.1944619417190552,1.0650503635406494,1.407792091369629,1.3668689727783203,1.717760443687439,1.6295931339263916,1.343015193939209,1.607486367225647,1.8743404150009155,1.7157987356185913,1.5386730432510376,1.728951334953308,2.064378261566162,1.152199149131775,0.987191379070282,0.6515896320343018,0.5561844110488892,0.5918706059455872,0.5159543752670288,0.8747782707214355,0.9915492534637451,0.881133496761322,1.0381238460540771,1.3211784362792969,1.3933902978897095,1.3473504781723022,1.3418360948562622,1.6882556676864624,2.1773030757904053,1.9170129299163818,1.711663842201233,1.4489935636520386,1.4967814683914185,1.189347505569458,1.4217402935028076,1.4891409873962402,1.1492999792099,1.099329948425293,1.445550560951233,1.4316929578781128,1.1216830015182495,1.0448455810546875,1.3860219717025757
A5,1.175359845161438,0.9056262373924255,0.5854392051696777,0.3774031102657318,0.0,0.3765522539615631,0.5286561846733093,0.49756649136543274,0.6034401655197144,0.8372567296028137,0.9486759901046753,1.017001986503601,1.1262149810791016,1.2258236408233643,1.4808878898620605,1.724180817604065,1.4225813150405884,1.4823858737945557,1.2467029094696045,1.5082241296768188,1.4635071754455566,1.6815656423568726,1.4465070962905884,1.1365097761154175,1.3774384260177612,1.529629111289978,1.2631645202636719,0.9715221524238586,1.2304418087005615,1.4230190515518188,1.7175265550613403,1.6244194507598877,1.5463796854019165,1.4052046537399292,1.7231398820877075,1.6231096982955933,1.9705442190170288,1.9045369625091553,1.5819783210754395,1.793275237083435,2.0815269947052,1.9214845895767212,1.6850734949111938,1.8428239822387695,2.172452688217163,0.82822585105896,0.7573237419128418,0.4817211329936981,0.6119090914726257,0.7848590612411499,0.8495712876319885,1.1930536031723022,1.2507296800613403,1.1600310802459717,1.3801398277282715,1.6354788541793823,1.6610027551651,1.6274877786636353,1.6759730577468872,2.0245859622955322,2.2506353855133057,2.018484354019165,1.7540664672851562,1.51018488407135,1.481709599494934,1.1397050619125366,1.3458924293518066,1.5087567567825317,1.2242542505264282,1.09637451171875,1.4612590074539185,1.5422911643981934,1.273774266242981,1.0971068143844604,1.4368022680282593
A6,1.4680757522583008,1.196075677871704,0.8665726780891418,0.5753300189971924,0.3765522539615631,0.0,0.3804951608181,0.5159741640090942,0.46008238196372986,0.5680742859840393,0.806922972202301,0.9351329207420349,0.9487696290016174,0.9554758071899414,1.254947304725647,1.3562335968017578,1.058664321899414,1.1198145151138306,0.9228861331939697,1.2307862043380737,1.2369188070297241,1.5003222227096558,1.2827919721603394,1.000183343887329,1.3050134181976318,1.4796476364135742,1.2465667724609375,1.0077252388000488,1.2780572175979614,1.5215480327606201,1.8870941400527954,1.7396262884140015,1.598458170890808,1.385934591293335,1.644968867301941,1.4730758666992188,1.7944883108139038,1.7487409114837646,1.3965824842453003,1.5469286441802979,1.8484421968460083,1.706025242805481,1.425748348236084,1.541358232498169,1.8666114807128906,0.7906647324562073,0.6575493812561035,0.5476221442222595,0.5957242250442505,0.9050068855285645,0.957072377204895,1.31533944606781,1.2820717096328735,1.11604642868042,1.3934506177902222,1.6434862613677979,1.5856523513793945,1.5143290758132935,1.6294838190078735,1.9844802618026733,1.9597411155700684,1.7268208265304565,1.4303358793258667,1.1857447624206543,1.1217963695526123,0.7795509696006775,1.0090759992599487,1.1984117031097412,0.9535863995552063,0.8564140796661377,1.233235478401184,1.34705650806427,1.148386001586914,0.9984102249145508,1.3625792264938354
A7,1.7028189897537231,1.4283338785171509,1.1111990213394165,0.8500898480415344,0.5286561846733093,0.3804951608181,0.0,0.37396925687789917,0.5388949513435364,0.49229666590690613,0.5758112668991089,0.8245189189910889,0.9458493590354919,0.8967525362968445,1.1135263442993164,1.335331916809082,1.0263526439666748,1.1834291219711304,1.0344377756118774,1.3401665687561035,1.4320553541183472,1.6469815969467163,1.3643299341201782,1.1602354049682617,1.493764042854309,1.5841355323791504,1.2922213077545166,1.1304937601089478,1.465870976448059,1.644412636756897,2.142425537109375,2.041712760925293,1.887436866760254,1.7102248668670654,1.9627913236618042,1.767189860343933,2.092745065689087,2.0866410732269287,1.734608769416809,1.842457890510559,2.164219856262207,2.04659104347229,1.7448023557662964,1.8102059364318848,2.1311733722686768,0.7034271359443665,0.760125994682312,0.7479058504104614,0.9329380393028259,1.2285850048065186,1.3015835285186768,1.6599302291870117,1.6465890407562256,1.4957398176193237,1.7631864547729492,2.0199837684631348,1.9649003744125366,1.8874560594558716,1.9961984157562256,2.356754779815674,2.082180976867676,1.90560781955719,1.580655813217163,1.403705358505249,1.3050765991210938,0.9856123924255371,1.19431471824646,1.4576812982559204,1.2731022834777832,1.1507707834243774,1.5124013423919678,1.6793378591537476,1.5070037841796875,1.3146145343780518,1.6557649374008179
A8,1.5916056632995605,1.2694517374038696,1.031100869178772,0.738193690776825,0.49756649136543274,0.5159741640090942,0.37396925687789917,0.0,0.3751029074192047,0.5316476225852966,0.48163798451423645,0.5694260001182556,0.7766715884208679,0.8802135586738586,1.0551127195358276,1.593962550163269,1.2459733486175537,1.3192222118377686,1.073849081993103,1.295485258102417,1.3424944877624512,1.4893131256103516,1.1766364574432373,0.9709823727607727,1.265212893486023,1.3073757886886597,0.9824961423873901,0.8240599036216736,1.1818689107894897,1.310485601425171,1.8879200220108032,1.8382283449172974,1.673934817314148,1.5616679191589355,1.83090341091156,1.6647905111312866,2.019584894180298,2.045104503631592,1.7247459888458252,1.8566067218780518,2.1959242820739746,2.1114652156829834,1.849025011062622,1.9069178104400635,2.257502555847168,1.0140575170516968,1.053357720375061,0.9142515063285828,1.039900541305542,1.255776047706604,1.2405898571014404,1.6095026731491089,1.6748827695846558,1.5044066905975342,1.702109456062317,2.004582643508911,2.0027287006378174,1.8910597562789917,1.9291709661483765,2.3008999824523926,2.0565972328186035,1.8996561765670776,1.6224147081375122,1.4804723262786865,1.4758334159851074,1.1859725713729858,1.4610028266906738,1.6668897867202759,1.4268702268600464,1.3702725172042847,1.7470595836639404,1.8486608266830444,1.6327831745147705,1.4946457147598267,1.8538236618041992
A9,1.6197865009307861,1.2759116888046265,1.0534228086471558,0.6838658452033997,0.6034401655197144,0.46008238196372986,0.5388949513435364,0.3751029074192047,0.0,0.3802882730960846,0.5445899367332458,0.5157812833786011,0.5256490707397461,0.6703509092330933,0.9328306317329407,1.4426735639572144,1.0844038724899292,1.0574454069137573,0.7540850043296814,0.9566933512687683,0.9723559021949768,1.1488186120986938,0.8738991618156433,0.6307920217514038,0.9562856554985046,1.0587495565414429,0.8027904629707336,0.634371817111969,0.9616159200668335,1.168461561203003,1.7431259155273438,1.642746090888977,1.4276952743530273,1.2725473642349243,1.5029559135437012,1.3060201406478882,1.6537994146347046,1.6981940269470215,1.3813837766647339,1.4941093921661377,1.8421393632888794,1.7867375612258911,1.5345146656036377,1.5689456462860107,1.930557370185852,1.1857573986053467,1.1126651763916016,0.9738186001777649,0.9609442949295044,1.1932915449142456,1.1052601337432861,1.482833743095398,1.5207772254943848,1.2813655138015747,1.4722775220870972,1.7907241582870483,1.758155107498169,1.5983108282089233,1.6444408893585205,2.020644426345825,1.7163835763931274,1.539434552192688,1.282138466835022,1.139353632926941,1.193594217300415,0.9446720480918884,1.2760851383209229,1.4227319955825806,1.1695244312286377,1.2044779062271118,1.5757502317428589,1.6301966905593872,1.4375406503677368,1.381981372833252,1.7592289447784424
A10,1.9500200748443604,1.6258320808410645,1.3603788614273071,1.0077636241912842,0.8372567296028137,0.5680742859840393,0.49229666590690613,0.5316476225852966,0.3802882730960846,0.0,0.38158750534057617,0.560732901096344,0.5226672887802124,0.4123450517654419,0.6898252964019775,1.1183677911758423,0.7509178519248962,0.8010587692260742,0.6020228266716003,0.8732975125312805,1.0287338495254517,1.2218531370162964,0.9394872784614563,0.8181250691413879,1.1890674829483032,1.2582694292068481,1.0194600820541382,0.9602421522140503,1.2874343395233154,1.4857592582702637,2.110213041305542,1.990331768989563,1.7527050971984863,1.5590578317642212,1.7362697124481201,1.4768474102020264,1.78292977809906,1.8513219356536865,1.5145641565322876,1.5442487001419067,1.8988500833511353,1.8605492115020752,1.559451937675476,1.5304397344589233,1.8700169324874878,1.1414830684661865,1.1107059717178345,1.1027134656906128,1.1368238925933838,1.4406564235687256,1.4065601825714111,1.7797772884368896,1.7555911540985107,1.5069900751113892,1.7464462518692017,2.03861665725708,1.9453672170639038,1.7808525562286377,1.8881144523620605,2.25724720954895,1.6129471063613892,1.4742848873138428,1.1558072566986084,1.0626182556152344,1.038025975227356,0.8207237124443054,1.1356148719787598,1.3503808975219727,1.1882110834121704,1.2120498418807983,1.5626274347305298,1.681588888168335,1.560732364654541,1.4800596237182617,1.8453806638717651
A11,2.060483932495117,1.724782943725586,1.493293046951294,1.1643635034561157,0.9486759901046753,0.806922972202301,0.5758112668991089,0.48163798451423645,0.5445899367332458,0.38158750534057617,0.0,0.3774712383747101,0.575150728225708,0.5481318235397339,0.6128025650978088,1.372893214225769,1.013807773590088,1.1060596704483032,0.9182931780815125,1.103295922279358,1.2764500379562378,1.3769073486328125,1.0294547080993652,0.9800037741661072,1.3187239170074463,1.283157229423523,0.9753642082214355,0.9923301935195923,1.3626856803894043,1.4700102806091309,2.2071361541748047,2.1507315635681152,1.9176571369171143,1.7884752750396729,1.984294056892395,1.7449703216552734,2.0685417652130127,2.1642415523529053,1.8458877801895142,1.8816440105438232,2.24582839012146,2.2232117652893066,1.9335215091705322,1.8944432735443115,2.2373719215393066,1.2521798610687256,1.3219882249832153,1.292976975440979,1.3974933624267578,1.6665891408920288,1.629809856414795,2.007392644882202,2.0347797870635986,1.8078675270080566,2.015730381011963,2.3278729915618896,2.2731287479400635,2.109039783477783,2.1747188568115234,2.550663709640503,1.8253999948501587,1.7457466125488281,1.4496560096740723,1.4140347242355347,1.404435157775879,1.1977838277816772,1.493711233139038,1.7285670042037964,1.5620888471603394,1.5601409673690796,1.918178915977478,2.045348644256592,1.8987168073654175,1.7898396253585815,2.152797222137451
A12,1.9909611940383911,1.6253559589385986,1.4688581228256226,1.1228448152542114,1.017001986503601,0.9351329207420349,0.8245189189910889,0.5694260001182556,0.5157812833786011,0.560732901096344,0.3774712383747101,0.0,0.3715134859085083,0.6008027791976929,0.6423065662384033,1.613254427909851,1.2406190633773804,1.2192516326904297,0.9350253343582153,1.0043026208877563,1.1112264394760132,1.1317813396453857,0.7621318101882935,0.7378419041633606,1.023857831954956,0.9319718480110168,0.6074542999267578,0.6944480538368225,1.0575916767120361,1.1262284517288208,1.9443912506103516,1.9191612005233765,1.6621370315551758,1.5857079029083252,1.7719632387161255,1.5566071271896362,1.8944392204284668,2.0241150856018066,1.746340274810791,1.7972466945648193,2.1687533855438232,2.182297706604004,1.93785560131073,1.8926312923431396,2.2564759254455566,1.525599718093872,1.5451767444610596,1.434757113456726,1.4700229167938232,1.681350827217102,1.5639526844024658,1.9353221654891968,2.0130391120910645,1.7601670026779175,1.9024276733398438,2.24676513671875,2.227555990219116,2.0266218185424805,2.032585620880127,2.40950870513916,1.7184805870056152,1.6514663696289062,1.4230459928512573,1.4166821241378784,1.505462408065796,1.3316034078598022,1.675652027130127,1.843177318572998,1.6296364068984985,1.6914197206497192,2.055377244949341,2.1174280643463135,1.9436442852020264,1.8948429822921753,2.2711257934570312
A13,2.0679736137390137,1.7012323141098022,1.5390667915344238,1.1615921258926392,1.1262149810791016,0.9487696290016174,0.9458493590354919,0.7766715884208679,0.5256490707397461,0.5226672887802124,0.575150728225708,0.3715134859085083,0.0,0.39102181792259216,0.5521450638771057,1.434464454650879,1.069251298904419,0.9469107985496521,0.625033974647522,0.6354462504386902,0.7605912089347839,0.8042049407958984,0.45649436116218567,0.48042184114456177,0.8124938607215881,0.7846742868423462,0.5904385447502136,0.6939809918403625,0.9861791133880615,1.1395982503890991,1.9151122570037842,1.8327792882919312,1.5314624309539795,1.4036831855773926,1.5276988744735718,1.2648234367370605,1.5762789249420166,1.7340545654296875,1.464719295501709,1.4682934284210205,1.8448394536972046,1.8942739963531494,1.656758189201355,1.5696449279785156,1.932657241821289,1.6318259239196777,1.5766088962554932,1.4869319200515747,1.4392560720443726,1.6687332391738892,1.517458438873291,1.881073236465454,1.9181791543960571,1.6168694496154785,1.7595232725143433,2.1000912189483643,2.0399811267852783,1.8001034259796143,1.8283129930496216,2.198535919189453,1.356048345565796,1.2804073095321655,1.0664072036743164,1.0919383764266968,1.2328895330429077,1.127123475074768,1.4974956512451172,1.6154495477676392,1.4198788404464722,1.555344581604004,1.895262598991394,1.9270896911621094,1.7937461137771606,1.807219386100769,2.1841979026794434
A14,2.280484437942505,1.9362739324569702,1.7094191312789917,1.3361449241638184,1.2258236408233643,0.9554758071899414,0.8967525362968445,0.8802135586738586,0.6703509092330933,0.4123450517654419,0.5481318235397339,0.6008027791976929,0.39102181792259216,0.0,0.3657306134700775,1.0743985176086426,0.7142457962036133,0.6518715620040894,0.46809205412864685,0.6053273677825928,0.8775867819786072,1.0014032125473022,0.7261330485343933,0.7785900831222534,1.136231541633606,1.1463518142700195,0.9802062511444092,1.0564422607421875,1.346743106842041,1.5269207954406738,2.2512805461883545,2.1308934688568115,1.83571195602417,1.6475785970687866,1.7453773021697998,1.4364389181137085,1.7021483182907104,1.8477572202682495,1.5455154180526733,1.4860283136367798,1.8557227849960327,1.8968430757522583,1.6081196069717407,1.4799855947494507,1.8134608268737793,1.5289807319641113,1.4890702962875366,1.4973419904708862,1.4811017513275146,1.776206374168396,1.688302993774414,2.0542051792144775,2.0252668857574463,1.7273259162902832,1.9345272779464722,2.2401440143585205,2.1213223934173584,1.8976826667785645,1.9993363618850708,2.361307382583618,1.2915318012237549,1.2315831184387207,0.9323816299438477,0.9827098250389099,1.0270040035247803,0.9534047842025757,1.2905051708221436,1.4632055759429932,1.350266695022583,1.4638855457305908,1.7794796228408813,1.8712180852890015,1.798852562904358,1.7825394868850708,2.1450860500335693
A15,2.5454204082489014,2.189724922180176,1.9841432571411133,1.6165075302124023,1.4808878898620605,1.254947304725647,1.1135263442993164,1.0551127195358276,0.9328306317329407,0.6898252964019775,0.6128025650978088,0.6423065662384033,0.5521450638771057,0.3657306134700775,0.0,1.2628809213638306,0.9380812644958496,0.9207348227500916,0.8042170405387878,0.8276479244232178,1.128279209136963,1.1441459655761719,0.838180661201477,1.0069929361343384,1.321547269821167,1.2262487411499023,1.0469049215316772,1.2242352962493896,1.5259658098220825,1.6329280138015747,2.4630095958709717,2.383988857269287,2.076399803161621,1.9317034482955933,2.01790452003479,1.711599588394165,1.9682741165161133,2.153236150741577,1.8741066455841064,1.7921476364135742,2.1636438369750977,2.2354533672332764,1.9546144008636475,1.7943230867385864,2.115434408187866,1.7560628652572632,1.7758893966674805,1.7900278568267822,1.8121583461761475,2.0982885360717773,2.004708766937256,2.375361680984497,2.3712265491485596,2.075927257537842,2.2632477283477783,2.582643747329712,2.4769697189331055,2.24223256111145,2.320950508117676,2.683865547180176,1.3960939645767212,1.4304604530334473,1.169735074043274,1.3006795644760132,1.3490242958068848,1.3031903505325317,1.6201266050338745,1.8098987340927124,1.7142772674560547,1.8188269138336182,2.1328959465026855,2.2352712154388428,2.1625733375549316,2.1341021060943604,2.4964823722839355
B1,2.7674241065979004,2.514491081237793,2.1853063106536865,1.8887560367584229,1.724180817604065,1.3562335968017578,1.335331916809082,1.593962550163269,1.4426735639572144,1.1183677911758423,1.372893214225769,1.613254427909851,1.434464454650879,1.0743985176086426,1.2628809213638306,0.0,0.3741024434566498,0.606080949306488,0.9588010907173157,1.2352770566940308,1.5040113925933838,1.777215600013733,1.66994047164917,1.6494754552841187,1.9937244653701782,2.1263935565948486,2.012540817260742,1.9872791767120361,2.231168031692505,2.4951140880584717,3.0036721229553223,2.781541585922241,2.5331759452819824,2.2246651649475098,2.271198272705078,1.937299132347107,2.0699009895324707,2.1160786151885986,1.7860621213912964,1.6321866512298584,1.8824841976165771,1.852535367012024,1.4926173686981201,1.33900785446167,1.4930096864700317,1.5331615209579468,1.4493637084960938,1.6877254247665405,1.6838632822036743,2.0548977851867676,2.1095950603485107,2.4131569862365723,2.2162511348724365,1.973751187324524,2.296516180038452,2.4685287475585938,2.2141175270080566,2.0776753425598145,2.346141815185547,2.641396999359131,1.5743440389633179,1.4613070487976074,1.089980959892273,1.0526899099349976,0.7476072907447815,0.8199278116226196,0.8157100081443787,1.0778676271438599,1.2557263374328613,1.2843526601791382,1.4140809774398804,1.6457117795944214,1.7647058963775635,1.702520728111267,1.9467782974243164
B2,2.4990875720977783,2.220043182373047,1.907406210899353,1.5860447883605957,1.4225813150405884,1.058664321899414,1.0263526439666748,1.2459733486175537,1.0844038724899292,0.7509178519248962,1.013807773590088,1.2406190633773804,1.069251298904419,0.7142457962036133,0.9380812644958496,0.3741024434566498,0.0,0.3883002996444702,0.6522341370582581,0.9609025120735168,1.2335526943206787,1.4929908514022827,1.340462327003479,1.311739444732666,1.6699810028076172,1.7845147848129272,1.6483067274093628,1.6276911497116089,1.889425277709961,2.138195037841797,2.6919045448303223,2.4960246086120605,2.2402470111846924,1.9582959413528442,2.0337982177734375,1.7053111791610718,1.8910243511199951,1.95625901222229,1.6153868436813354,1.5025455951690674,1.804526925086975,1.7823753356933594,1.427254319190979,1.2951586246490479,1.5340499877929688,1.364038109779358,1.2901179790496826,1.4672644138336182,1.4667470455169678,1.8315695524215698,1.8545244932174683,2.184889793395996,2.0354747772216797,1.7758253812789917,2.0786118507385254,2.2941601276397705,2.0819079875946045,1.9229875802993774,2.147265911102295,2.4716320037841797,1.4502595663070679,1.3305693864822388,0.9432686567306519,0.8998337984085083,0.6736565232276917,0.6528616547584534,0.8094732165336609,1.0746076107025146,1.138982892036438,1.1847182512283325,1.405611276626587,1.6012985706329346,1.6469887495040894,1.5858861207962036,1.8836634159088135
B3,2.4694344997406006,2.1734533309936523,1.9018585681915283,1.556607723236084,1.4823858737945557,1.1198145151138306,1.1834291219711304,1.3192222118377686,1.0574454069137573,0.8010587692260742,1.1060596704483032,1.2192516326904297,0.9469107985496521,0.6518715620040894,0.9207348227500916,0.606080949306488,0.3883002996444702,0.0,0.3873318135738373,0.6345855593681335,0.9034181833267212,1.173025369644165,1.0950678586959839,1.0902529954910278,1.4138743877410889,1.554526448249817,1.4933817386627197,1.4898185729980469,1.6938484907150269,1.9639321565628052,2.5013010501861572,2.2876594066619873,2.0016603469848633,1.7117081880569458,1.732499122619629,1.382623553276062,1.5389033555984497,1.640535831451416,1.3263635635375977,1.1665164232254028,1.4831173419952393,1.5173370838165283,1.1895753145217896,0.9962061643600464,1.2659119367599487,1.6042406558990479,1.4642831087112427,1.5691676139831543,1.4774363040924072,1.8103491067886353,1.7635064125061035,2.0823025703430176,1.939881682395935,1.631683349609375,1.8949732780456543,2.1239962577819824,1.904133915901184,1.6914994716644287,1.9019782543182373,2.2185328006744385,1.0855262279510498,0.9430570602416992,0.5555656552314758,0.5645453333854675,0.46985924243927,0.5977033972740173,0.8530330061912537,0.9826968908309937,1.0185986757278442,1.1882442235946655,1.399973750114441,1.5085763931274414,1.5622974634170532,1.5942022800445557,1.9055235385894775
B4,2.1873631477355957,1.8673229217529297,1.634643793106079,1.2685106992721558,1.2467029094696045,0.9228861331939697,1.0344377756118774,1.073849081993103,0.7540850043296814,0.6020228266716003,0.9182931780815125,0.9350253343582153,0.625033974647522,0.46809205412864685,0.8042170405387878,0.9588010907173157,0.6522341370582581,0.3873318135738373,0.0,0.380236953496933,0.5891340374946594,0.8658806085586548,0.7553502321243286,0.7040112018585205,1.0366719961166382,1.1877084970474243,1.1278200149536133,1.1113219261169434,1.3073501586914062,1.5783300399780273,2.1348042488098145,1.9420621395111084,1.6460211277008057,1.3842734098434448,1.4340827465057373,1.0983778238296509,1.3235833644866943,1.440744161605835,1.1279832124710083,1.0396537780761719,1.40091073513031,1.4401310682296753,1.1504857540130615,1.013606309890747,1.3547310829162598,1.563511610031128,1.4123798608779907,1.421661615371704,1.3000112771987915,1.5941202640533447,1.4904611110687256,1.8242944478988647,1.7390202283859253,1.4113149642944336,1.6319553852081299,1.906489610671997,1.7402522563934326,1.5015110969543457,1.649672508239746,1.9919424057006836,1.0594828128814697,0.8841167688369751,0.5559912323951721,0.5168567299842834,0.6202718615531921,0.6217092275619507,0.9843135476112366,1.0656439065933228,0.9614748954772949,1.1609939336776733,1.4365235567092896,1.482171654701233,1.453575849533081,1.5101292133331299,1.858347773551941
B5,2.3590011596679688,2.018885850906372,1.8461288213729858,1.472199559211731,1.5082241296768188,1.2307862043380737,1.3401665687561035,1.295485258102417,0.9566933512687683,0.8732975125312805,1.103295922279358,1.0043026208877563,0.6354462504386902,0.6053273677825928,0.8276479244232178,1.2352770566940308,0.9609025120735168,0.6345855593681335,0.380236953496933,0.0,0.3788621723651886,0.5442249774932861,0.5246739983558655,0.6316798329353333,0.8783342242240906,0.9857808351516724,1.0294572114944458,1.1053175926208496,1.2354025840759277,1.4804764986038208,2.0976667404174805,1.920986294746399,1.578918218612671,1.356204628944397,1.3311153650283813,0.9757444858551025,1.1690447330474854,1.3791016340255737,1.1409962177276611,0.9968546032905579,1.3658640384674072,1.4967494010925293,1.2742987871170044,1.0708260536193848,1.4085546731948853,1.9205303192138672,1.7709277868270874,1.7390971183776855,1.585322380065918,1.833136796951294,1.6623270511627197,1.9802532196044922,1.9301064014434814,1.572991967201233,1.7207750082015991,2.017889976501465,1.868712067604065,1.573781967163086,1.6677371263504028,1.997525691986084,0.7616882920265198,0.6534767150878906,0.4601781964302063,0.6225879788398743,0.873695969581604,0.965682864189148,1.3201797008514404,1.3314669132232666,1.2201989889144897,1.479295015335083,1.7343112230300903,1.7199881076812744,1.6914647817611694,1.8069783449172974,2.153829336166382
B6,2.141916036605835,1.809533715248108,1.6866493225097656,1.333794355392456,1.4635071754455566,1.2369188070297241,1.4320553541183472,1.3424944877624512,0.9723559021949768,1.0287338495254517,1.2764500379562378,1.1112264394760132,0.7605912089347839,0.8775867819786072,1.128279209136963,1.5040113925933838,1.2335526943206787,0.9034181833267212,0.5891340374946594,0.3788621723651886,0.0,0.3812969923019409,0.5214695334434509,0.47906550765037537,0.6078783869743347,0.8333374261856079,0.9580838680267334,0.9614205956459045,0.9862223267555237,1.2754979133605957,1.77571702003479,1.577812910079956,1.228991985321045,1.0016034841537476,0.9541918635368347,0.6056612133979797,0.8419135808944702,1.053382396697998,0.8492065668106079,0.7726919651031494,1.1425678730010986,1.2773555517196655,1.1244866847991943,0.9865536689758301,1.3455730676651,1.9905319213867188,1.7938178777694702,1.6955392360687256,1.4766682386398315,1.6608036756515503,1.433889627456665,1.7195217609405518,1.69448983669281,1.3241857290267944,1.4120022058486938,1.7199512720108032,1.6010360717773438,1.2806082963943481,1.3257312774658203,1.6530975103378296,0.8716277480125427,0.6573794484138489,0.6145053505897522,0.6358746290206909,0.9741617441177368,1.0330594778060913,1.3898979425430298,1.3197875022888184,1.1340644359588623,1.4329063892364502,1.681707501411438,1.5906977653503418,1.5250507593154907,1.6991217136383057,2.040868043899536
B7,2.320800542831421,1.9681591987609863,1.8989595174789429,1.5461941957473755,1.6815656423568726,1.5003222227096558,1.6469815969467163,1.4893131256103516,1.1488186120986938,1.2218531370162964,1.3769073486328125,1.1317813396453857,0.8042049407958984,1.0014032125473022,1.1441459655761719,1.777215600013733,1.4929908514022827,1.173025369644165,0.8658806085586548,0.5442249774932861,0.3812969923019409,0.0,0.3789520263671875,0.5551436543464661,0.5319166779518127,0.6071270704269409,0.8384127616882324,0.968010425567627,0.9502109289169312,1.1537748575210571,1.7796320915222168,1.64302659034729,1.2641465663909912,1.1406850814819336,1.05984365940094,0.7706946730613708,0.9758613705635071,1.2631815671920776,1.1444023847579956,1.0627615451812744,1.4030746221542358,1.5889012813568115,1.4800641536712646,1.3179891109466553,1.6548774242401123,2.2658534049987793,2.103846311569214,1.9807677268981934,1.7834092378616333,1.9380618333816528,1.6765377521514893,1.9573653936386108,1.9864544868469238,1.6220605373382568,1.6470202207565308,1.977695345878601,1.9016350507736206,1.5652790069580078,1.5371934175491333,1.8498131036758423,0.8631502985954285,0.7943323254585266,0.8582864999771118,0.9910191297531128,1.326555609703064,1.3914320468902588,1.7561768293380737,1.6991313695907593,1.5121384859085083,1.801609754562378,2.0607173442840576,1.9612313508987427,1.8768935203552246,2.0497941970825195,2.397690534591675
B8,2.2053308486938477,1.8348332643508911,1.7416157722473145,1.3724414110183716,1.4465070962905884,1.2827919721603394,1.3643299341201782,1.1766364574432373,0.8738991618156433,0.9394872784614563,1.0294547080993652,0.7621318101882935,0.45649436116218567,0.7261330485343933,0.838180661201477,1.66994047164917,1.340462327003479,1.0950678586959839,0.7553502321243286,0.5246739983558655,0.5214695334434509,0.3789520263671875,0.0,0.38200658559799194,0.536791980266571,0.4874642491340637,0.5513515472412109,0.7403934001922607,0.8620960712432861,1.0221879482269287,1.7919985055923462,1.700788140296936,1.3462291955947876,1.2459673881530762,1.2755646705627441,1.0073045492172241,1.2834421396255493,1.5154132843017578,1.3260785341262817,1.2930444478988647,1.659672737121582,1.7855207920074463,1.6176255941390991,1.4877331256866455,1.8461058139801025,2.0269534587860107,1.9171297550201416,1.7955753803253174,1.6634234189987183,1.8425745964050293,1.6141269207000732,1.9387898445129395,1.989784598350525,1.6492115259170532,1.715153694152832,2.0654308795928955,2.009901523590088,1.711477518081665,1.6917365789413452,2.038764476776123,1.0889307260513306,1.041218638420105,0.9675220847129822,1.0690072774887085,1.3314749002456665,1.3201552629470825,1.7012516260147095,1.7243621349334717,1.5225721597671509,1.7477306127548218,2.0529308319091797,2.0089781284332275,1.8912781476974487,1.9941142797470093,2.362562417984009
B9,1.8386924266815186,1.4753297567367554,1.3769882917404175,1.0129770040512085,1.1365097761154175,1.000183343887329,1.1602354049682617,0.9709823727607727,0.6307920217514038,0.8181250691413879,0.9800037741661072,0.7378419041633606,0.48042184114456177,0.7785900831222534,1.0069929361343384,1.6494754552841187,1.311739444732666,1.0902529954910278,0.7040112018585205,0.6316798329353333,0.47906550765037537,0.5551436543464661,0.38200658559799194,0.0,0.3765016198158264,0.5498334169387817,0.5314934253692627,0.49176448583602905,0.6211883425712585,0.8838197588920593,1.5208451747894287,1.400280475616455,1.0754477977752686,0.9411391019821167,1.0547720193862915,0.8252394795417786,1.1681960821151733,1.3168833255767822,1.0890090465545654,1.154567003250122,1.5155853033065796,1.5727150440216064,1.4065830707550049,1.3659658432006836,1.740965723991394,1.7806596755981445,1.6358088254928589,1.4728838205337524,1.312665343284607,1.4675170183181763,1.232194423675537,1.560131311416626,1.6194652318954468,1.2908836603164673,1.3635822534561157,1.7185806035995483,1.6852943897247314,1.4149034023284912,1.3906152248382568,1.75547456741333,1.289931058883667,1.1282196044921875,1.0153995752334595,0.9708940982818604,1.217262625694275,1.1297186613082886,1.5079307556152344,1.5165386199951172,1.257169246673584,1.4619768857955933,1.7810580730438232,1.7203989028930664,1.560681939125061,1.6604410409927368,2.029538869857788
B10,1.8487504720687866,1.4918417930603027,1.486984133720398,1.1703431606292725,1.3774384260177612,1.3050134181976318,1.493764042854309,1.265212893486023,0.9562856554985046,1.1890674829483032,1.3187239170074463,1.023857831954956,0.8124938607215881,1.136231541633606,1.321547269821167,1.9937244653701782,1.6699810028076172,1.4138743877410889,1.0366719961166382,0.8783342242240906,0.6078783869743347,0.5319166779518127,0.536791980266571,0.3765016198158264,0.0,0.38029828667640686,0.5751554369926453,0.5501834750175476,0.4236130118370056,0.6851034760475159,1.2763667106628418,1.1773878335952759,0.81479811668396,0.7755257487297058,0.8460665941238403,0.7074713706970215,1.0437411069869995,1.2226754426956177,1.094599962234497,1.193771481513977,1.5161370038986206,1.609034776687622,1.5269193649291992,1.500391960144043,1.8621193170547485,2.0924112796783447,1.9276881217956543,1.7182066440582275,1.5155514478683472,1.590078592300415,1.2878327369689941,1.5600743293762207,1.6706405878067017,1.3440898656845093,1.3096075057983398,1.676102876663208,1.692755103111267,1.3962339162826538,1.2793484926223755,1.6190834045410156,1.3718292713165283,1.217432975769043,1.2197575569152832,1.1920726299285889,1.4940147399902344,1.4360891580581665,1.802795171737671,1.7508912086486816,1.4693408012390137,1.7058113813400269,2.001147985458374,1.8764631748199463,1.698301076889038,1.8527158498764038,2.2049672603607178
B11,2.062437057495117,1.6892141103744507,1.7002617120742798,1.3797448873519897,1.529629111289978,1.4796476364135742,1.5841355323791504,1.3073757886886597,1.0587495565414429,1.2582694292068481,1.283157229423523,0.9319718480110168,0.7846742868423462,1.1463518142700195,1.2262487411499023,2.1263935565948486,1.7845147848129272,1.554526448249817,1.1877084970474243,0.9857808351516724,0.8333374261856079,0.6071270704269409,0.4874642491340637,0.5498334169387817,0.38029828667640686,0.0,0.37492048740386963,0.5914876461029053,0.5582408308982849,0.6014901995658875,1.4451513290405273,1.4352319240570068,1.0892243385314941,1.1317204236984253,1.1952989101409912,1.0597254037857056,1.361068844795227,1.5814886093139648,1.4624038934707642,1.5192826986312866,1.8522202968597412,1.96998131275177,1.8694349527359009,1.8024736642837524,2.16369366645813,2.239960193634033,2.131542682647705,1.9293252229690552,1.7845805883407593,1.8716858625411987,1.58564031124115,1.873307704925537,2.010711908340454,1.6990256309509277,1.6666290760040283,2.0391390323638916,2.06874680519104,1.7763878107070923,1.6502901315689087,1.9828426837921143,1.453553318977356,1.394295334815979,1.3947830200195312,1.444811463356018,1.7309215068817139,1.6754909753799438,2.0552890300750732,2.0490052700042725,1.7861183881759644,1.9999083280563354,2.315403699874878,2.2227783203125,2.0435097217559814,2.162057399749756,2.5259249210357666
B12,1.9134410619735718,1.530333161354065,1.5059051513671875,1.179477334022522,1.2631645202636719,1.2465667724609375,1.2922213077545166,0.9824961423873901,0.8027904629707336,1.0194600820541382,0.9753642082214355,0.6074542999267578,0.5904385447502136,0.9802062511444092,1.0469049215316772,2.012540817260742,1.6483067274093628,1.4933817386627197,1.1278200149536133,1.0294572114944458,0.9580838680267334,0.8384127616882324,0.5513515472412109,0.5314934253692627,0.5751554369926453,0.37492048740386963,0.0,0.37783411145210266,0.5829593539237976,0.5897092819213867,1.5069835186004639,1.521580696105957,1.2259167432785034,1.2503697872161865,1.4038383960723877,1.2594448328018188,1.6004292964935303,1.7705738544464111,1.5840675830841064,1.6687092781066895,2.0214624404907227,2.085292339324951,1.9327924251556396,1.8948352336883545,2.268597364425659,1.962344765663147,1.901448369026184,1.7006183862686157,1.6221107244491577,1.7310718297958374,1.4930745363235474,1.8179962635040283,1.9628046751022339,1.6826330423355103,1.7032333612442017,2.0781960487365723,2.114783763885498,1.8653059005737305,1.7695257663726807,2.127561092376709,1.6369093656539917,1.5655138492584229,1.4724622964859009,1.4838526248931885,1.7029365301132202,1.581907033920288,1.9570420980453491,2.014535427093506,1.7452962398529053,1.894347071647644,2.2409255504608154,2.1991636753082275,1.9963816404342651,2.047055244445801,2.420846939086914
B13,1.5444014072418213,1.1620069742202759,1.139559268951416,0.8253900408744812,0.9715221524238586,1.0077252388000488,1.1304937601089478,0.8240599036216736,0.634371817111969,0.9602421522140503,0.9923301935195923,0.6944480538368225,0.6939809918403625,1.0564422607421875,1.2242352962493896,1.9872791767120361,1.6276911497116089,1.4898185729980469,1.1113219261169434,1.1053175926208496,0.9614205956459045,0.968010425567627,0.7403934001922607,0.49176448583602905,0.5501834750175476,0.5914876461029053,0.37783411145210266,0.0,0.381106436252594,0.5355721712112427,1.2564209699630737,1.2423774003982544,0.9934939742088318,0.9982051253318787,1.2343186140060425,1.1398617029190063,1.5124002695083618,1.6054539680480957,1.3964428901672363,1.5574171543121338,1.8914718627929688,1.8949915170669556,1.7497279644012451,1.7857441902160645,2.161104679107666,1.738802194595337,1.6434639692306519,1.3979097604751587,1.2970614433288574,1.3689602613449097,1.1255170106887817,1.450647234916687,1.6115151643753052,1.3584555387496948,1.3802179098129272,1.752504587173462,1.8155300617218018,1.6043888330459595,1.503376841545105,1.8684494495391846,1.7685091495513916,1.6161381006240845,1.4986008405685425,1.4113101959228516,1.607815146446228,1.43110191822052,1.7867788076400757,1.8299821615219116,1.521000623703003,1.6402734518051147,1.98991858959198,1.9342936277389526,1.6942545175552368,1.736545443534851,2.103168249130249
