,A1,A2,A3,A4,A5,A6,A7,A8,A9,A10,A11,A12,A13,A14,A15,B1,B2,B3,B4,B5,B6,B7,B8,B9,B10,B11,B12,B13,B14,B15,C1,C2,C3,C4,C5,C6,C7,C8,C9,C10,C11,C12,C13,C14,C15,D1,D2,D3,D4,D5,D6,D7,D8,D9,D10,D11,D12,D13,D14,D15,E1,E2,E3,E4,E5,E6,E7,E8,E9,E10,E11,E12,E13,E14,E15
A1,0.0,0.38216668367385864,0.5690584778785706,0.9064036011695862,1.0958728790283203,1.3978937864303589,1.6057488918304443,1.535051941871643,1.6003490686416626,1.910001516342163,2.026177406311035,2.0055010318756104,2.1543502807617188,2.3726253509521484,2.4995200634002686,2.1992361545562744,2.0546064376831055,1.9867289066314697,1.8123937845230103,2.1217732429504395,1.9945124387741089,2.3545823097229004,2.3410212993621826,2.034885883331299,2.2171683311462402,2.5426595211029053,2.4072608947753906,2.202242374420166,2.4246339797973633,2.738100051879883,1.9081405401229858,1.5977853536605835,1.762010097503662,1.6199979782104492,1.9491859674453735,1.9474741220474243,2.2457048892974854,2.0570168495178223,1.782167673110962,2.0670294761657715,2.259484052658081,1.9978580474853516,1.8806580305099487,2.2210612297058105,2.397212028503418,1.597305178642273,1.4696028232574463,1.1265171766281128,1.1279832124710083,0.8141900897026062,0.8450337052345276,0.70562344789505,0.9981766939163208,1.1979265213012695,1.150903344154358,1.2268046140670776,1.5164865255355835,1.624332308769226,1.5620813369750977,1.7049750089645386,2.6701440811157227,2.4306037425994873,2.1228787899017334,1.8626880645751953,1.7817683219909668,1.4241411685943604,1.5124655961990356,1.759909987449646,1.5499825477600098,1.3146450519561768,1.6245003938674927,1.775715947151184,1.5124142169952393,1.3591089248657227,1.7023999691009521
A2,0.38216668367385864,0.0,0.37078335881233215,0.5938339829444885,0.8499560952186584,1.1302621364593506,1.3603850603103638,1.2462825775146484,1.266045093536377,1.5992214679718018,1.7226084470748901,1.666477084159851,1.8008229732513428,2.0416646003723145,2.173086166381836,2.101918935775757,1.899471402168274,1.8062970638275146,1.5749716758728027,1.8562915325164795,1.6963413953781128,2.041862964630127,2.020029067993164,1.6958671808242798,1.8637233972549438,2.1865997314453125,2.0466601848602295,1.8276886940002441,2.0487797260284424,2.3602285385131836,1.6544773578643799,1.3511962890625,1.4764890670776367,1.3556180000305176,1.7000575065612793,1.69266676902771,2.0237064361572266,1.8830244541168213,1.6078602075576782,1.8911688327789307,2.1247098445892334,1.9132306575775146,1.793433666229248,2.1129727363586426,2.3318347930908203,1.5098663568496704,1.3712536096572876,0.9973377585411072,0.959521472454071,0.72404944896698,0.6509248614311218,0.6753338575363159,0.9969761371612549,1.0799769163131714,1.051153302192688,1.2412298917770386,1.4909437894821167,1.5273265838623047,1.5004969835281372,1.7165173292160034,2.3833189010620117,2.1183924674987793,1.818911075592041,1.5316338539123535,1.4407424926757812,1.0771504640579224,1.165299415588379,1.3881149291992188,1.1690155267715454,0.9394884705543518,1.2645124197006226,1.4046343564987183,1.1535788774490356,1.0278812646865845,1.387805700302124
A3,0.5690584778785706,0.37078335881233215,0.0,0.37411239743232727,0.5716395378112793,0.8360105156898499,1.0840773582458496,1.058524250984192,1.0857404470443726,1.371533751487732,1.5341790914535522,1.5466372966766357,1.6567516326904297,1.8509397506713867,2.0166187286376953,1.7338595390319824,1.5371025800704956,1.4638575315475464,1.25838041305542,1.5705856084823608,1.4655253887176514,1.8271113634109497,1.7896610498428345,1.4990297555923462,1.7192665338516235,2.028475761413574,1.894014596939087,1.7313083410263062,1.97681725025177,2.279242515563965,1.7984880208969116,1.4602224826812744,1.5057748556137085,1.304599404335022,1.6077042818069458,1.526392936706543,1.8470072746276855,1.7272241115570068,1.409354567527771,1.646278977394104,1.9018765687942505,1.6983833312988281,1.5244202613830566,1.8256349563598633,2.066359519958496,1.1727975606918335,1.004467248916626,0.6326028108596802,0.6095447540283203,0.41698741912841797,0.4851002097129822,0.6287074685096741,0.835922360420227,0.9166263341903687,1.0189869403839111,1.2011170387268066,1.3759211301803589,1.4490814208984375,1.508417010307312,1.7073941230773926,2.2811925411224365,2.007488965988159,1.7470775842666626,1.452406644821167,1.4520574808120728,1.10506272315979,1.2936543226242065,1.4554721117019653,1.1670310497283936,1.0374505519866943,1.3934745788574219,1.447455883026123,1.1637555360794067,1.14906644821167,1.5173050165176392
A4,0.9064036011695862,0.5938339829444885,0.37411239743232727,0.0,0.3703528642654419,0.5518811941146851,0.8358876705169678,0.7742003202438354,0.7277529835700989,1.0330511331558228,1.2175350189208984,1.2063369750976562,1.2896047830581665,1.497750163078308,1.67779541015625,1.663580060005188,1.3977993726730347,1.3046280145645142,1.0257219076156616,1.3017544746398926,1.1718254089355469,1.5146087408065796,1.4517552852630615,1.1441402435302734,1.3701382875442505,1.6671193838119507,1.521277904510498,1.3616931438446045,1.6201251745224,1.9125710725784302,1.687205195426941,1.3712832927703857,1.3411904573440552,1.1543653011322021,1.446189284324646,1.333161473274231,1.6848105192184448,1.6373183727264404,1.3224823474884033,1.529255747795105,1.8333752155303955,1.6988791227340698,1.5168406963348389,1.772750973701477,2.0599634647369385,1.139884114265442,0.9757381081581116,0.6221576929092407,0.5581068992614746,0.5890082716941833,0.5445834398269653,0.8468442559242249,1.0179269313812256,0.9631040096282959,1.102246642112732,1.3660625219345093,1.4794713258743286,1.4822258949279785,1.5878753662109375,1.8387638330459595,2.0469422340393066,1.739054799079895,1.5107238292694092,1.1797369718551636,1.2029914855957031,0.8780941963195801,1.0917694568634033,1.176021933555603,0.8483567833900452,0.7955446839332581,1.1515824794769287,1.1434822082519531,0.871039867401123,0.9546446204185486,1.3128265142440796
A5,1.0958728790283203,0.8499560952186584,0.5716395378112793,0.3703528642654419,0.0,0.3610476553440094,0.5163729190826416,0.5307331681251526,0.6298398971557617,0.8501434326171875,0.9925785064697266,1.0805333852767944,1.2077244520187378,1.3400499820709229,1.4977556467056274,1.4939223527908325,1.2125178575515747,1.2177053689956665,0.9620579481124878,1.2711271047592163,1.2345234155654907,1.5598496198654175,1.4203799962997437,1.1564295291900635,1.454099178314209,1.6905874013900757,1.496973991394043,1.4074162244796753,1.7179566621780396,1.9616214036941528,2.036017656326294,1.7277085781097412,1.6638643741607666,1.4582908153533936,1.7095099687576294,1.533116340637207,1.868786334991455,1.8573763370513916,1.516741394996643,1.6522817611694336,1.9788914918899536,1.859102487564087,1.615820050239563,1.830552577972412,2.1412460803985596,0.8186662197113037,0.7454047203063965,0.44039785861968994,0.5884924530982971,0.7372933626174927,0.8427181839942932,1.128840684890747,1.2346316576004028,1.2146031856536865,1.4174391031265259,1.645532488822937,1.7252519130706787,1.7656480073928833,1.9074972867965698,2.133054494857788,2.2541403770446777,1.9278960227966309,1.7542574405670166,1.4128241539001465,1.4834855794906616,1.1904939413070679,1.3948776721954346,1.4091204404830933,1.050752878189087,1.029974341392517,1.3386054039001465,1.2428580522537231,0.9223052859306335,1.060559630393982,1.3799985647201538
A6,1.3978937864303589,1.1302621364593506,0.8360105156898499,0.5518811941146851,0.3610476553440094,0.0,0.38174769282341003,0.5312439799308777,0.4756399691104889,0.5928869247436523,0.847904622554779,0.9722967147827148,1.0027843713760376,1.0974479913711548,1.324834942817688,1.2917859554290771,0.9601836204528809,0.9372414946556091,0.6402397155761719,0.926727831363678,0.9249785542488098,1.233914852142334,1.0782688856124878,0.8527904152870178,1.1840178966522217,1.3966279029846191,1.2293847799301147,1.2012438774108887,1.505336046218872,1.7355031967163086,2.0347816944122314,1.732735514640808,1.5939165353775024,1.364100694656372,1.5538935661315918,1.3228508234024048,1.6448849439620972,1.692968726158142,1.3580340147018433,1.4316585063934326,1.7852712869644165,1.7256885766983032,1.4697835445404053,1.6275113821029663,1.968616008758545,0.8352482914924622,0.7030866742134094,0.5359926819801331,0.5700950026512146,0.8629234433174133,0.9303688406944275,1.271445393562317,1.3076567649841309,1.2050153017044067,1.458992838859558,1.7090160846710205,1.7150559425354004,1.7248157262802124,1.9233728647232056,2.1598925590515137,2.0201685428619385,1.6875795125961304,1.5708317756652832,1.2410180568695068,1.3892918825149536,1.164643406867981,1.4241960048675537,1.3757576942443848,1.008272647857666,1.1137127876281738,1.4063148498535156,1.2500112056732178,0.9886288046836853,1.2266209125518799,1.516249179840088
A7,1.6057488918304443,1.3603850603103638,1.0840773582458496,0.8358876705169678,0.5163729190826416,0.38174769282341003,0.0,0.3716886341571808,0.5328845977783203,0.49432188272476196,0.6091623902320862,0.8503021597862244,0.9590018391609192,0.9607212543487549,1.1195712089538574,1.3597087860107422,1.0195509195327759,1.120361566543579,0.872846782207489,1.1244556903839111,1.1893596649169922,1.4366110563278198,1.1949869394302368,1.019670009613037,1.3738573789596558,1.5039186477661133,1.2678072452545166,1.295461893081665,1.6417086124420166,1.8056451082229614,2.3585433959960938,2.076803207397461,1.9375319480895996,1.7308697700500488,1.9139617681503296,1.6689364910125732,1.9801236391067505,2.054069757461548,1.7192105054855347,1.753911018371582,2.1125919818878174,2.064519166946411,1.781470537185669,1.9048935174942017,2.2537763118743896,0.7175039649009705,0.7698507308959961,0.7073842883110046,0.8899857997894287,1.1653004884719849,1.280829906463623,1.5999107360839844,1.6425957679748535,1.574366807937622,1.8287056684494019,2.065720558166504,2.0783274173736572,2.1036016941070557,2.299945592880249,2.5296287536621094,2.3210976123809814,1.9732557535171509,1.8930413722991943,1.5539088249206543,1.6905158758163452,1.4758797883987427,1.6850316524505615,1.5891581773757935,1.2250843048095703,1.309067726135254,1.542546272277832,1.3261553049087524,1.0417630672454834,1.2940776348114014,1.5261272192001343
A8,1.535051941871643,1.2462825775146484,1.058524250984192,0.7742003202438354,0.5307331681251526,0.5312439799308777,0.3716886341571808,0.0,0.3711284101009369,0.5161129236221313,0.49548909068107605,0.598846971988678,0.8095753192901611,0.9136322140693665,0.9961677193641663,1.7160189151763916,1.370371699333191,1.4179540872573853,1.1128660440444946,1.323513388633728,1.2928314208984375,1.524276852607727,1.284934639930725,1.032875657081604,1.3360142707824707,1.4763970375061035,1.1943639516830444,1.141577124595642,1.5026675462722778,1.6660773754119873,2.2048025131225586,1.959503412246704,1.8466923236846924,1.7056317329406738,1.9338228702545166,1.7417043447494507,2.0891940593719482,2.1605682373046875,1.8463424444198608,1.9351423978805542,2.29546856880188,2.2443501949310303,1.999481201171875,2.153640031814575,2.498767614364624,1.0194556713104248,1.0760548114776611,0.9019253253936768,1.0492947101593018,1.2558469772338867,1.2976020574569702,1.6140648126602173,1.7353836297988892,1.6555308103561401,1.8460566997528076,2.118778944015503,2.179346799850464,2.1667044162750244,2.31826114654541,2.5807321071624756,2.3378918170928955,1.9726136922836304,1.8630415201187134,1.4971191883087158,1.5589778423309326,1.3319008350372314,1.4655169248580933,1.3520140647888184,1.0060595273971558,1.0413877964019775,1.2281712293624878,1.0046145915985107,0.7013311982154846,0.9534622430801392,1.159829020500183
A9,1.6003490686416626,1.266045093536377,1.0857404470443726,0.7277529835700989,0.6298398971557617,0.4756399691104889,0.5328845977783203,0.3711284101009369,0.0,0.3738071918487549,0.5544425249099731,0.5309043526649475,0.5825582146644592,0.7769237756729126,0.9619051218032837,1.6974138021469116,1.33036470413208,1.2858185768127441,0.9291409850120544,1.0722376108169556,0.9753797650337219,1.1917178630828857,0.9809672236442566,0.6857042908668518,0.9700788855552673,1.1408945322036743,0.8931497931480408,0.8143123984336853,1.1602054834365845,1.3579213619232178,1.9338152408599854,1.7021564245224,1.5438419580459595,1.414763331413269,1.6195576190948486,1.4313830137252808,1.7845149040222168,1.8874666690826416,1.602729082107544,1.6915960311889648,2.057567834854126,2.0461742877960205,1.8354016542434692,1.9743930101394653,2.325518846511841,1.2153102159500122,1.163019061088562,0.9803450703620911,0.9927912354469299,1.2290072441101074,1.1856536865234375,1.5387126207351685,1.649062156677246,1.4948421716690063,1.678147315979004,1.9865652322769165,2.016021728515625,1.9527785778045654,2.1199283599853516,2.407480478286743,1.978129267692566,1.6083879470825195,1.5124766826629639,1.148895025253296,1.2356606721878052,1.0579570531845093,1.2275750637054443,1.0775810480117798,0.7266025543212891,0.8775442242622375,1.0744802951812744,0.8379635214805603,0.6253030300140381,0.9519457221031189,1.1679319143295288
A10,1.910001516342163,1.5992214679718018,1.371533751487732,1.0330511331558228,0.8501434326171875,0.5928869247436523,0.49432188272476196,0.5161129236221313,0.3738071918487549,0.0,0.37678495049476624,0.5434998273849487,0.5024352669715881,0.5067368745803833,0.7561190724372864,1.5616326332092285,1.176302194595337,1.1872977018356323,0.8673272132873535,0.9550020694732666,0.9667994976043701,1.1123225688934326,0.8158154487609863,0.6490035653114319,0.9847272038459778,1.0472817420959473,0.7829417586326599,0.863415002822876,1.2114158868789673,1.3336321115493774,2.227789878845215,1.9989824295043945,1.796134352684021,1.6403789520263672,1.7806782722473145,1.535267949104309,1.8480274677276611,2.0005476474761963,1.7167723178863525,1.7254513502120972,2.102248430252075,2.1326427459716797,1.8903363943099976,1.9652522802352905,2.334153652191162,1.1770809888839722,1.1642705202102661,1.1008108854293823,1.1457496881484985,1.4472382068634033,1.453311562538147,1.8141815662384033,1.8660765886306763,1.7037383317947388,1.9366129636764526,2.228421211242676,2.208162546157837,2.156475067138672,2.367112636566162,2.639435291290283,2.0442166328430176,1.6764737367630005,1.6594656705856323,1.3278440237045288,1.4839787483215332,1.3636301755905151,1.557500958442688,1.365761637687683,1.0397611856460571,1.2382736206054688,1.3993984460830688,1.113023042678833,0.9461629390716553,1.2901841402053833,1.4562952518463135
A11,2.026177406311035,1.7226084470748901,1.5341790914535522,1.2175350189208984,0.9925785064697266,0.847904622554779,0.6091623902320862,0.49548909068107605,0.5544425249099731,0.37678495049476624,0.0,0.37061792612075806,0.5378983616828918,0.48668551445007324,0.5224763751029968,1.8312137126922607,1.4570636749267578,1.52706778049469,1.2283906936645508,1.324694275856018,1.3347508907318115,1.4518500566482544,1.1327483654022217,0.9734999537467957,1.262234091758728,1.2713119983673096,0.9387825727462769,1.0037727355957031,1.372057557106018,1.4301717281341553,2.4427998065948486,2.238842248916626,2.0642619132995605,1.946410059928894,2.1156506538391113,1.892566204071045,2.215597152709961,2.3623459339141846,2.075908899307251,2.0988657474517822,2.4749011993408203,2.4915239810943604,2.242523670196533,2.327232599258423,2.6946074962615967,1.2811371088027954,1.369553804397583,1.297621726989746,1.4175759553909302,1.6838539838790894,1.705885648727417,2.049437999725342,2.139777660369873,2.009603500366211,2.2195520401000977,2.5119822025299072,2.526319742202759,2.481273889541626,2.665842056274414,2.943347930908203,2.3680531978607178,1.9916352033615112,1.9688010215759277,1.6230902671813965,1.7230733633041382,1.5868005752563477,1.7081573009490967,1.4948357343673706,1.1940412521362305,1.3273429870605469,1.418723702430725,1.0986623764038086,0.9207260012626648,1.2443251609802246,1.33566153049469
A12,2.0055010318756104,1.666477084159851,1.5466372966766357,1.2063369750976562,1.0805333852767944,0.9722967147827148,0.8503021597862244,0.598846971988678,0.5309043526649475,0.5434998273849487,0.37061792612075806,0.0,0.36113524436950684,0.5425429344177246,0.5297918915748596,2.0950732231140137,1.7135571241378784,1.7147548198699951,1.3704839944839478,1.4304958581924438,1.3442833423614502,1.4412753582000732,1.1605063676834106,0.9306976795196533,1.13330078125,1.160519003868103,0.8081343770027161,0.7635846734046936,1.1295849084854126,1.1943144798278809,2.207634925842285,2.0482680797576904,1.8828110694885254,1.8294615745544434,2.0202033519744873,1.8490921258926392,2.19376540184021,2.342533588409424,2.0870895385742188,2.153426170349121,2.524923086166382,2.5479564666748047,2.3413920402526855,2.4487462043762207,2.81032395362854,1.5583950281143188,1.6005334854125977,1.4549044370651245,1.517022967338562,1.7432770729064941,1.6914907693862915,2.0333640575408936,2.171311855316162,2.0127155780792236,2.1689834594726562,2.4929051399230957,2.531841993331909,2.4428513050079346,2.594836473464966,2.901430130004883,2.248586893081665,1.8654954433441162,1.8229098320007324,1.4711811542510986,1.509258508682251,1.3967655897140503,1.4534097909927368,1.2039785385131836,0.953466534614563,1.088462471961975,1.1089152097702026,0.7635583281517029,0.665902316570282,1.0091049671173096,1.0496968030929565
A13,2.1543502807617188,1.8008229732513428,1.6567516326904297,1.2896047830581665,1.2077244520187378,1.0027843713760376,0.9590018391609192,0.8095753192901611,0.5825582146644592,0.5024352669715881,0.5378983616828918,0.36113524436950684,0.0,0.36334148049354553,0.5498000383377075,2.01855206489563,1.6298768520355225,1.5797091722488403,1.2313677072525024,1.2036607265472412,1.102264642715454,1.1313908100128174,0.848004937171936,0.6548545956611633,0.8234256505966187,0.8037669062614441,0.4486973285675049,0.48426052927970886,0.8432610034942627,0.8985861539840698,2.1130189895629883,1.9647705554962158,1.7434841394424438,1.6876822710037231,1.8230037689208984,1.6362146139144897,1.9575681686401367,2.1505849361419678,1.9266289472579956,1.9590853452682495,2.3295505046844482,2.3999292850494385,2.2122700214385986,2.2816460132598877,2.6468441486358643,1.6674457788467407,1.6470420360565186,1.5322871208190918,1.5231409072875977,1.7852081060409546,1.7012099027633667,2.0634982585906982,2.1647815704345703,1.9547451734542847,2.12431001663208,2.459839344024658,2.4533495903015137,2.333784818649292,2.515038013458252,2.8282713890075684,1.9595905542373657,1.5786479711532593,1.5904529094696045,1.269333004951477,1.3633924722671509,1.3279393911361694,1.431665062904358,1.1448390483856201,0.9191067814826965,1.164897084236145,1.1973932981491089,0.8557330965995789,0.8547751903533936,1.2235413789749146,1.2847028970718384
A14,2.3726253509521484,2.0416646003723145,1.8509397506713867,1.497750163078308,1.3400499820709229,1.0974479913711548,0.9607212543487549,0.9136322140693665,0.7769237756729126,0.5067368745803833,0.48668551445007324,0.5425429344177246,0.36334148049354553,0.0,0.37290042638778687,1.91985285282135,1.5349606275558472,1.5470187664031982,1.2500324249267578,1.2030396461486816,1.2080012559890747,1.1965527534484863,0.8483098745346069,0.7983018159866333,1.0167800188064575,0.8998026847839355,0.5704658031463623,0.7815710306167603,1.0959795713424683,1.0717732906341553,2.445591688156128,2.2795615196228027,2.041100025177002,1.945082187652588,2.043638229370117,1.8086631298065186,2.09559965133667,2.311277151107788,2.0747177600860596,2.048006057739258,2.4226369857788086,2.510978937149048,2.289226770401001,2.3144404888153076,2.6889724731445312,1.6180593967437744,1.6408313512802124,1.606018304824829,1.6395692825317383,1.9419270753860474,1.9128671884536743,2.279733419418335,2.3395888805389404,2.142712354660034,2.356870412826538,2.6711437702178955,2.634690046310425,2.541959524154663,2.755460739135742,3.0487866401672363,2.1378254890441895,1.768625020980835,1.8307827711105347,1.5328102111816406,1.6787538528442383,1.6456767320632935,1.7817535400390625,1.503352403640747,1.2621643543243408,1.5013235807418823,1.5500112771987915,1.2029513120651245,1.1596912145614624,1.523317575454712,1.5781385898590088
A15,2.4995200634002686,2.173086166381836,2.0166187286376953,1.67779541015625,1.4977556467056274,1.324834942817688,1.1195712089538574,0.9961677193641663,0.9619051218032837,0.7561190724372864,0.5224763751029968,0.5297918915748596,0.5498000383377075,0.37290042638778687,0.0,2.206387758255005,1.8270652294158936,1.8782519102096558,1.5830082893371582,1.568527340888977,1.5634198188781738,1.5581612586975098,1.2166708707809448,1.1380455493927002,1.325141429901123,1.1960053443908691,0.8416978716850281,0.9832675457000732,1.2965925931930542,1.215864896774292,2.6442720890045166,2.5010693073272705,2.2915003299713135,2.227969169616699,2.3583261966705322,2.1459436416625977,2.4482839107513428,2.651895523071289,2.4089062213897705,2.4034128189086914,2.77944278717041,2.850511074066162,2.623466968536377,2.6657230854034424,3.0399651527404785,1.7702693939208984,1.8582440614700317,1.806606650352478,1.8902884721755981,2.166300058364868,2.1456546783447266,2.50056529045105,2.5953519344329834,2.4232211112976074,2.616919755935669,2.9345853328704834,2.930553674697876,2.8422300815582275,3.0310583114624023,3.331238031387329,2.4590256214141846,2.0850706100463867,2.1295790672302246,1.816572666168213,1.90834641456604,1.8562226295471191,1.9290167093276978,1.6385418176651,1.4240349531173706,1.6039396524429321,1.588744044303894,1.2250076532363892,1.1887844800949097,1.5200673341751099,1.4982928037643433
B1,2.1992361545562744,2.101918935775757,1.7338595390319824,1.663580060005188,1.4939223527908325,1.2917859554290771,1.3597087860107422,1.7160189151763916,1.6974138021469116,1.5616326332092285,1.8312137126922607,2.0950732231140137,2.01855206489563,1.91985285282135,2.206387758255005,0.0,0.38917049765586853,0.5973131060600281,0.9264473915100098,1.118861436843872,1.4239118099212646,1.6359142065048218,1.5756044387817383,1.6518654823303223,1.9551608562469482,2.0772886276245117,2.0626838207244873,2.201524257659912,2.418921947479248,2.6034960746765137,2.921424150466919,2.5739786624908447,2.3911490440368652,2.039422035217285,2.0305275917053223,1.7000166177749634,1.771183729171753,1.8085789680480957,1.5074944496154785,1.3174883127212524,1.5369411706924438,1.507127285003662,1.1494410037994385,1.0784145593643188,1.3506801128387451,1.0386396646499634,0.8320984244346619,1.1608213186264038,1.1660195589065552,1.4420228004455566,1.6684942245483398,1.8742719888687134,1.6333227157592773,1.6037392616271973,1.9785051345825195,2.0363292694091797,1.8528454303741455,2.001612424850464,2.3150665760040283,2.387183666229248,2.398442029953003,2.1999623775482178,2.2004997730255127,2.040595293045044,2.3308730125427246,2.1916615962982178,2.544708251953125,2.525146007537842,2.190840005874634,2.349999189376831,2.6655259132385254,2.508013963699341,2.2766919136047363,2.5116117000579834,2.8064441680908203
B2,2.0546064376831055,1.899471402168274,1.5371025800704956,1.3977993726730347,1.2125178575515747,0.9601836204528809,1.0195509195327759,1.370371699333191,1.33036470413208,1.176302194595337,1.4570636749267578,1.7135571241378784,1.6298768520355225,1.5349606275558472,1.8270652294158936,0.38917049765586853,0.0,0.37978091835975647,0.6027182936668396,0.8151811361312866,1.120375394821167,1.3361223936080933,1.2293801307678223,1.28951895236969,1.6122663021087646,1.726076364517212,1.6855357885360718,1.8266140222549438,2.060088872909546,2.2362101078033447,2.681457042694092,2.350940227508545,2.1507368087768555,1.8234825134277344,1.8399221897125244,1.5012524127960205,1.6362520456314087,1.7170426845550537,1.3998534679412842,1.2412487268447876,1.5363633632659912,1.5354279279708862,1.1888025999069214,1.156424880027771,1.4918968677520752,0.8807973861694336,0.6779839396476746,0.9632923007011414,0.9694093465805054,1.3036017417907715,1.4893380403518677,1.7551034688949585,1.5738763809204102,1.493361234664917,1.8598980903625488,1.987288236618042,1.8333895206451416,1.9275314807891846,2.233485698699951,2.3644261360168457,2.1889240741729736,1.946294903755188,1.9510465860366821,1.7539942264556885,2.0387766361236572,1.9053635597229004,2.245042085647583,2.19242525100708,1.8539360761642456,2.0312082767486572,2.3274588584899902,2.1473898887634277,1.927544116973877,2.186450958251953,2.464172840118408
B3,1.9867289066314697,1.8062970638275146,1.4638575315475464,1.3046280145645142,1.2177053689956665,0.9372414946556091,1.120361566543579,1.4179540872573853,1.2858185768127441,1.1872977018356323,1.52706778049469,1.7147548198699951,1.5797091722488403,1.5470187664031982,1.8782519102096558,0.5973131060600281,0.37978091835975647,0.0,0.380462646484375,0.5538314580917358,0.8307676911354065,1.0672826766967773,1.0543407201766968,1.1082085371017456,1.3822921514511108,1.5407662391662598,1.5648932456970215,1.6757972240447998,1.8593848943710327,2.070916175842285,2.3844430446624756,2.0583393573760986,1.8392263650894165,1.5022685527801514,1.4823095798492432,1.1383295059204102,1.2567975521087646,1.3470051288604736,1.04426109790802,0.8700567483901978,1.1850682497024536,1.2168066501617432,0.8986254334449768,0.8642376661300659,1.2286797761917114,1.1254112720489502,0.8295643329620361,0.9997028112411499,0.8608535528182983,1.1917763948440552,1.302381157875061,1.577355980873108,1.3816115856170654,1.232764482498169,1.5961098670959473,1.7423605918884277,1.5551363229751587,1.6093870401382446,1.932717204093933,2.0778701305389404,1.8316330909729004,1.6106055974960327,1.613593578338623,1.4554102420806885,1.7625356912612915,1.6638867855072021,2.027287006378174,1.9895905256271362,1.6791375875473022,1.886578917503357,2.191154956817627,2.040738582611084,1.8610925674438477,2.1202194690704346,2.4108009338378906
B4,1.8123937845230103,1.5749716758728027,1.25838041305542,1.0257219076156616,0.9620579481124878,0.6402397155761719,0.872846782207489,1.1128660440444946,0.9291409850120544,0.8673272132873535,1.2283906936645508,1.3704839944839478,1.2313677072525024,1.2500324249267578,1.5830082893371582,0.9264473915100098,0.6027182936668396,0.380462646484375,0.0,0.3718196749687195,0.5493224263191223,0.8433823585510254,0.7917872071266174,0.759455144405365,1.0575917959213257,1.2467401027679443,1.2374475002288818,1.3137623071670532,1.5171233415603638,1.7432664632797241,2.1104133129119873,1.801416277885437,1.5751255750656128,1.272616982460022,1.3065645694732666,0.9775136113166809,1.1989151239395142,1.3134366273880005,1.0019861459732056,0.926213264465332,1.292394757270813,1.3249539136886597,1.0556323528289795,1.0995334386825562,1.4696507453918457,1.1013604402542114,0.8313226699829102,0.8753514885902405,0.7132878303527832,1.0687928199768066,1.1115511655807495,1.4413447380065918,1.3291373252868652,1.1360398530960083,1.4648464918136597,1.6833972930908203,1.5502601861953735,1.5459370613098145,1.8391870260238647,2.0442733764648438,1.6702468395233154,1.3921833038330078,1.3706717491149902,1.1532940864562988,1.441985011100769,1.3384109735488892,1.6865631341934204,1.6247996091842651,1.3090970516204834,1.5313254594802856,1.8218276500701904,1.6631736755371094,1.497982382774353,1.7713327407836914,2.051020860671997
B5,2.1217732429504395,1.8562915325164795,1.5705856084823608,1.3017544746398926,1.2711271047592163,0.926727831363678,1.1244556903839111,1.323513388633728,1.0722376108169556,0.9550020694732666,1.324694275856018,1.4304958581924438,1.2036607265472412,1.2030396461486816,1.568527340888977,1.118861436843872,0.8151811361312866,0.5538314580917358,0.3718196749687195,0.0,0.36863136291503906,0.5240699052810669,0.5260052680969238,0.6382184624671936,0.8650698065757751,0.9988416433334351,1.078059196472168,1.2103933095932007,1.3479167222976685,1.545236349105835,2.115567445755005,1.8474745750427246,1.5634962320327759,1.2920113801956177,1.2413179874420166,0.890992283821106,1.0622426271438599,1.2761991024017334,1.043585181236267,0.8943435549736023,1.258741021156311,1.392207384109497,1.1791123151779175,1.1355862617492676,1.5068954229354858,1.4375123977661133,1.192463755607605,1.241030216217041,1.0554848909378052,1.3919157981872559,1.3692221641540527,1.7045073509216309,1.5916357040405273,1.3384082317352295,1.6401249170303345,1.880884051322937,1.7078797817230225,1.6423922777175903,1.9533592462539673,2.175785541534424,1.4344812631607056,1.1643015146255493,1.2365760803222656,1.0780531167984009,1.413252592086792,1.4046673774719238,1.7489153146743774,1.6365076303482056,1.3694536685943604,1.6572555303573608,1.9045017957687378,1.723137378692627,1.6293864250183105,1.935866117477417,2.180246114730835
B6,1.9945124387741089,1.6963413953781128,1.4655253887176514,1.1718254089355469,1.2345234155654907,0.9249785542488098,1.1893596649169922,1.2928314208984375,0.9753797650337219,0.9667994976043701,1.3347508907318115,1.3442833423614502,1.102264642715454,1.2080012559890747,1.5634198188781738,1.4239118099212646,1.120375394821167,0.8307676911354065,0.5493224263191223,0.36863136291503906,0.0,0.3761512339115143,0.5081688761711121,0.4552764892578125,0.5871150493621826,0.8337213397026062,0.9457315802574158,0.983500599861145,1.07711660861969,1.3340049982070923,1.761505126953125,1.5141106843948364,1.2146787643432617,0.9783969521522522,0.9482355117797852,0.6365603804588318,0.8972535133361816,1.1159240007400513,0.9164023399353027,0.8768760561943054,1.240364909172058,1.3676880598068237,1.2273690700531006,1.2533565759658813,1.6019413471221924,1.6026439666748047,1.3449819087982178,1.2882243394851685,1.0457556247711182,1.3315361738204956,1.2147126197814941,1.5579670667648315,1.5010079145431519,1.2000244855880737,1.4413844347000122,1.730483889579773,1.5888667106628418,1.458639144897461,1.7388575077056885,2.0047171115875244,1.1703193187713623,0.8599227070808411,0.8902446031570435,0.7110581994056702,1.0509454011917114,1.078250527381897,1.4197723865509033,1.3101974725723267,1.0808149576187134,1.391273856163025,1.6275484561920166,1.4815003871917725,1.4361637830734253,1.7280927896499634,1.969948649406433
B7,2.3545823097229004,2.041862964630127,1.8271113634109497,1.5146087408065796,1.5598496198654175,1.233914852142334,1.4366110563278198,1.524276852607727,1.1917178630828857,1.1123225688934326,1.4518500566482544,1.4412753582000732,1.1313908100128174,1.1965527534484863,1.5581612586975098,1.6359142065048218,1.3361223936080933,1.0672826766967773,0.8433823585510254,0.5240699052810669,0.3761512339115143,0.0,0.3680567443370819,0.5255447030067444,0.4963162839412689,0.6014958024024963,0.8349979519844055,0.954003632068634,0.9587655663490295,1.1491888761520386,1.9035247564315796,1.7154566049575806,1.3765673637390137,1.2058069705963135,1.0986950397491455,0.8184977173805237,0.9845155477523804,1.289538025856018,1.1763932704925537,1.0729740858078003,1.3996100425720215,1.6026489734649658,1.494673728942871,1.4473779201507568,1.7839082479476929,1.8925338983535767,1.663634181022644,1.6380826234817505,1.4167776107788086,1.707560420036316,1.5788614749908447,1.9185445308685303,1.8609939813613892,1.5442354679107666,1.762946605682373,2.0559661388397217,1.8908908367156982,1.7261526584625244,2.008481025695801,2.2795238494873047,1.0535452365875244,0.7521944642066956,0.9341896176338196,0.8428800106048584,1.1844857931137085,1.306455135345459,1.6067463159561157,1.4340758323669434,1.2667244672775269,1.6160964965820312,1.7897932529449463,1.6104700565338135,1.6303616762161255,1.9485254287719727,2.141089916229248
B8,2.3410212993621826,2.020029067993164,1.7896610498428345,1.4517552852630615,1.4203799962997437,1.0782688856124878,1.1949869394302368,1.284934639930725,0.9809672236442566,0.8158154487609863,1.1327483654022217,1.1605063676834106,0.848004937171936,0.8483098745346069,1.2166708707809448,1.5756044387817383,1.2293801307678223,1.0543407201766968,0.7917872071266174,0.5260052680969238,0.5081688761711121,0.3680567443370819,0.0,0.3675839602947235,0.5231858491897583,0.5046566724777222,0.5950143337249756,0.8099483847618103,0.9299278259277344,1.0555371046066284,2.094449043273926,1.9011743068695068,1.587497591972351,1.4247360229492188,1.3918578624725342,1.1069035530090332,1.3174190521240234,1.5905970335006714,1.4159945249557495,1.3194326162338257,1.6735355854034424,1.8383355140686035,1.670140027999878,1.6336601972579956,1.995028018951416,1.7081736326217651,1.544272780418396,1.5386614799499512,1.3954064846038818,1.7188783884048462,1.6363298892974854,1.9992835521697998,1.9658633470535278,1.6878249645233154,1.9273691177368164,2.2260563373565674,2.0940332412719727,1.9649006128311157,2.2370052337646484,2.511340379714966,1.4022120237350464,1.0730159282684326,1.2160371541976929,1.030492901802063,1.3262360095977783,1.3907372951507568,1.6603175401687622,1.4452084302902222,1.2293566465377808,1.5681267976760864,1.7217284440994263,1.4812991619110107,1.4735027551651,1.8218029737472534,1.989031195640564
B9,2.034885883331299,1.6958671808242798,1.4990297555923462,1.1441402435302734,1.1564295291900635,0.8527904152870178,1.019670009613037,1.032875657081604,0.6857042908668518,0.6490035653114319,0.9734999537467957,0.9306976795196533,0.6548545956611633,0.7983018159866333,1.1380455493927002,1.6518654823303223,1.28951895236969,1.1082085371017456,0.759455144405365,0.6382184624671936,0.4552764892578125,0.5255447030067444,0.3675839602947235,0.0,0.37177562713623047,0.5566770434379578,0.5243196487426758,0.5756067037582397,0.7717199325561523,0.9887064695358276,1.8193846940994263,1.620212435722351,1.3365288972854614,1.1976808309555054,1.2522778511047363,1.0151257514953613,1.31290602684021,1.5288448333740234,1.326658844947815,1.3282519578933716,1.6929577589035034,1.799406886100769,1.6415148973464966,1.6861454248428345,2.043424606323242,1.601166009902954,1.4360976219177246,1.3458921909332275,1.1964184045791626,1.4854867458343506,1.3676331043243408,1.7363970279693604,1.758993148803711,1.4879155158996582,1.6916059255599976,2.015888214111328,1.9380824565887451,1.8007713556289673,2.0334255695343018,2.331049680709839,1.402907133102417,1.0344939231872559,1.0693987607955933,0.7936956882476807,1.039299488067627,1.058840274810791,1.3148572444915771,1.10792076587677,0.8661454916000366,1.2006627321243286,1.3661086559295654,1.144081950187683,1.1292874813079834,1.467087745666504,1.6503697633743286
B10,2.2171683311462402,1.8637233972549438,1.7192665338516235,1.3701382875442505,1.454099178314209,1.1840178966522217,1.3738573789596558,1.3360142707824707,0.9700788855552673,0.9847272038459778,1.262234091758728,1.13330078125,0.8234256505966187,1.0167800188064575,1.325141429901123,1.9551608562469482,1.6122663021087646,1.3822921514511108,1.0575917959213257,0.8650698065757751,0.5871150493621826,0.4963162839412689,0.5231858491897583,0.37177562713623047,0.0,0.376803994178772,0.5314105153083801,0.4984169006347656,0.494418740272522,0.7612612247467041,1.6408641338348389,1.5058872699737549,1.1852442026138306,1.1280726194381714,1.1366240978240967,0.9705943465232849,1.245190143585205,1.496882677078247,1.3776490688323975,1.3980071544647217,1.7286781072616577,1.8751814365386963,1.784873366355896,1.8203001022338867,2.153204917907715,1.961692214012146,1.7760645151138306,1.6593884229660034,1.463462471961975,1.7111632823944092,1.5255508422851562,1.8754057884216309,1.9148613214492798,1.6029399633407593,1.7489888668060303,2.0932576656341553,2.009260892868042,1.8100160360336304,2.023181676864624,2.3433313369750977,1.1383424997329712,0.7605918049812317,0.8467183113098145,0.6371931433677673,0.8730946779251099,1.0183031558990479,1.2368075847625732,0.9971700310707092,0.8777015805244446,1.246824860572815,1.3538578748703003,1.1677160263061523,1.258602499961853,1.573941707611084,1.7221968173980713
B11,2.5426595211029053,2.1865997314453125,2.028475761413574,1.6671193838119507,1.6905874013900757,1.3966279029846191,1.5039186477661133,1.4763970375061035,1.1408945322036743,1.0472817420959473,1.2713119983673096,1.160519003868103,0.8037669062614441,0.8998026847839355,1.1960053443908691,2.0772886276245117,1.726076364517212,1.5407662391662598,1.2467401027679443,0.9988416433334351,0.8337213397026062,0.6014958024024963,0.5046566724777222,0.5566770434379578,0.376803994178772,0.0,0.36954233050346375,0.5502393841743469,0.5129984021186829,0.5731528997421265,1.9695987701416016,1.8660086393356323,1.5407558679580688,1.4979315996170044,1.4714596271514893,1.2856419086456299,1.5059500932693481,1.7986109256744385,1.6910760402679443,1.6514791250228882,1.979871392250061,2.1622042655944824,2.0533392429351807,2.037614107131958,2.379371404647827,2.1135642528533936,1.9702681303024292,1.9004955291748047,1.7470877170562744,2.0265514850616455,1.8725135326385498,2.230774164199829,2.258166551589966,1.9532361030578613,2.118791103363037,2.45656156539917,2.3558483123779297,2.1634678840637207,2.3900654315948486,2.70386004447937,1.3226186037063599,0.9809419512748718,1.161086916923523,1.0036768913269043,1.2179608345031738,1.3761446475982666,1.5543321371078491,1.2662221193313599,1.1667213439941406,1.5293543338775635,1.580014944076538,1.3351434469223022,1.4495526552200317,1.7917488813400269,1.8843759298324585
B12,2.4072608947753906,2.0466601848602295,1.894014596939087,1.521277904510498,1.496973991394043,1.2293847799301147,1.2678072452545166,1.1943639516830444,0.8931497931480408,0.7829417586326599,0.9387825727462769,0.8081343770027161,0.4486973285675049,0.5704658031463623,0.8416978716850281,2.0626838207244873,1.6855357885360718,1.5648932456970215,1.2374475002288818,1.078059196472168,0.9457315802574158,0.8349979519844055,0.5950143337249756,0.5243196487426758,0.5314105153083801,0.36954233050346375,0.0,0.3616994321346283,0.5616794228553772,0.5821361541748047,2.0503883361816406,1.9322881698608398,1.6486912965774536,1.6058404445648193,1.6568955183029175,1.4670809507369995,1.7403922080993652,1.9927568435668945,1.828727126121521,1.8188570737838745,2.1731162071228027,2.30804443359375,2.1589202880859375,2.1780500411987305,2.5364315509796143,1.9314855337142944,1.8454933166503906,1.7607300281524658,1.6712920665740967,1.9514753818511963,1.8263834714889526,2.1936771869659424,2.255744218826294,1.988781213760376,2.1585638523101807,2.501251697540283,2.4424726963043213,2.2801833152770996,2.487987995147705,2.8061773777008057,1.634985089302063,1.2691437005996704,1.3704332113265991,1.1240681409835815,1.2808912992477417,1.3595316410064697,1.4993813037872314,1.189321517944336,1.039963722229004,1.3691532611846924,1.3980097770690918,1.0986688137054443,1.1873247623443604,1.5467497110366821,1.6133992671966553
B13,2.202242374420166,1.8276886940002441,1.7313083410263062,1.3616931438446045,1.4074162244796753,1.2012438774108887,1.295461893081665,1.141577124595642,0.8143123984336853,0.863415002822876,1.0037727355957031,0.7635846734046936,0.48426052927970886,0.7815710306167603,0.9832675457000732,2.201524257659912,1.8266140222549438,1.6757972240447998,1.3137623071670532,1.2103933095932007,0.983500599861145,0.954003632068634,0.8099483847618103,0.5756067037582397,0.4984169006347656,0.5502393841743469,0.3616994321346283,0.0,0.3735167682170868,0.5576240420341492,1.7466492652893066,1.6520215272903442,1.3976548910140991,1.411436676979065,1.5193604230880737,1.3964132070541382,1.7113653421401978,1.9225678443908691,1.766937017440796,1.8297832012176514,2.1746935844421387,2.2761173248291016,2.1577961444854736,2.230827808380127,2.5751583576202393,1.979716181755066,1.8768383264541626,1.7205561399459839,1.6087002754211426,1.83572256565094,1.6614924669265747,2.013676643371582,2.1253886222839355,1.8583929538726807,1.9738351106643677,2.3348605632781982,2.318441152572632,2.134577512741089,2.29852557182312,2.636235237121582,1.5726178884506226,1.1962945461273193,1.2139527797698975,0.9313130974769592,1.0004286766052246,1.0764578580856323,1.1634293794631958,0.8362487554550171,0.7303532958030701,1.0598533153533936,1.0596332550048828,0.7895482778549194,0.9398946166038513,1.2726775407791138,1.3379461765289307
