0.000000000000000000e+00,3.834287524223327637e-01,6.022546887397766113e-01,9.483482837677001953e-01,1.175359845161437988e+00,1.468075752258300781e+00,1.702818989753723145e+00,1.591605663299560547e+00,1.619786500930786133e+00,1.950020074844360352e+00,2.060483932495117188e+00,1.990961194038391113e+00,2.067973613739013672e+00,2.280484437942504883e+00,2.545420408248901367e+00,2.767424106597900391e+00,2.499087572097778320e+00,2.469434499740600586e+00,2.187363147735595703e+00,2.359001159667968750e+00,2.141916036605834961e+00,2.320800542831420898e+00,2.205330848693847656e+00,1.838692426681518555e+00,1.848750472068786621e+00,2.062437057495117188e+00,1.913441061973571777e+00,1.544401407241821289e+00,1.527344822883605957e+00,1.664012670516967773e+00,1.237928748130798340e+00,1.205358266830444336e+00,1.426698207855224609e+00,1.441648840904235840e+00,1.810388803482055664e+00,1.952322840690612793e+00,2.253988027572631836e+00,2.064751863479614258e+00,1.890658497810363770e+00,2.246299028396606445e+00,2.405968427658081055e+00,2.181681871414184570e+00,2.125466823577880859e+00,2.416308164596557617e+00,2.700124502182006836e+00,1.727280020713806152e+00,1.571030616760253906e+00,1.200794100761413574e+00,1.122212409973144531e+00,7.869707942008972168e-01,7.866458892822265625e-01,7.156708836555480957e-01,1.020718336105346680e+00,1.201858520507812500e+00,1.164373040199279785e+00,1.283925652503967285e+00,1.550369381904602051e+00,1.664305210113525391e+00,1.544541716575622559e+00,1.752024888992309570e+00,3.003356933593750000e+00,2.710586547851562500e+00,2.565823078155517578e+00,2.266979694366455078e+00,2.322533369064331055e+00,2.021455287933349609e+00,2.161820173263549805e+00,2.158407926559448242e+00,1.813394665718078613e+00,1.708880305290222168e+00,1.940940737724304199e+00,1.848205327987670898e+00,1.482760667800903320e+00,1.411499857902526855e+00,1.571081995964050293e+00
3.834287524223327637e-01,0.000000000000000000e+00,3.875682950019836426e-01,6.356326937675476074e-01,9.056262373924255371e-01,1.196075677871704102e+00,1.428333878517150879e+00,1.269451737403869629e+00,1.275911688804626465e+00,1.625832080841064453e+00,1.724782943725585938e+00,1.625355958938598633e+00,1.701232314109802246e+00,1.936273932456970215e+00,2.189724922180175781e+00,2.514491081237792969e+00,2.220043182373046875e+00,2.173453330993652344e+00,1.867322921752929688e+00,2.018885850906372070e+00,1.809533715248107910e+00,1.968159198760986328e+00,1.834833264350891113e+00,1.475329756736755371e+00,1.491841793060302734e+00,1.689214110374450684e+00,1.530333161354064941e+00,1.162006974220275879e+00,1.165471792221069336e+00,1.307162523269653320e+00,1.058564662933349609e+00,1.032501101493835449e+00,1.169367074966430664e+00,1.187321305274963379e+00,1.567608952522277832e+00,1.673532366752624512e+00,2.004494667053222656e+00,1.865186572074890137e+00,1.671060681343078613e+00,2.005939006805419922e+00,2.210273504257202148e+00,2.027402162551879883e+00,1.945254564285278320e+00,2.193425416946411133e+00,2.507292985916137695e+00,1.591820478439331055e+00,1.443492531776428223e+00,1.060685873031616211e+00,9.679593443870544434e-01,7.099936008453369141e-01,5.984235405921936035e-01,7.030783891677856445e-01,1.012561798095703125e+00,1.069761514663696289e+00,1.047202825546264648e+00,1.271735191345214844e+00,1.499730825424194336e+00,1.531574130058288574e+00,1.405232071876525879e+00,1.676141977310180664e+00,2.678662776947021484e+00,2.406742334365844727e+00,2.261555194854736328e+00,1.991363763809204102e+00,2.073729991912841797e+00,1.780549526214599609e+00,1.975271224975585938e+00,1.986377835273742676e+00,1.628025293350219727e+00,1.567266583442687988e+00,1.849984049797058105e+00,1.764853954315185547e+00,1.403923392295837402e+00,1.355273246765136719e+00,1.597408533096313477e+00
6.022546887397766113e-01,3.875682950019836426e-01,0.000000000000000000e+00,3.827196061611175537e-01,5.854392051696777344e-01,8.665726780891418457e-01,1.111199021339416504e+00,1.031100869178771973e+00,1.053422808647155762e+00,1.360378861427307129e+00,1.493293046951293945e+00,1.468858122825622559e+00,1.539066791534423828e+00,1.709419131278991699e+00,1.984143257141113281e+00,2.185306310653686523e+00,1.907406210899353027e+00,1.901858568191528320e+00,1.634643793106079102e+00,1.846128821372985840e+00,1.686649322509765625e+00,1.898959517478942871e+00,1.741615772247314453e+00,1.376988291740417480e+00,1.486984133720397949e+00,1.700261712074279785e+00,1.505905151367187500e+00,1.139559268951416016e+00,1.237540245056152344e+00,1.433707475662231445e+00,1.363488793373107910e+00,1.267538189888000488e+00,1.325651884078979492e+00,1.237143754959106445e+00,1.604188680648803711e+00,1.632769227027893066e+00,1.965170860290527344e+00,1.821525812149047852e+00,1.563897848129272461e+00,1.871128320693969727e+00,2.091839790344238281e+00,1.886347055435180664e+00,1.744552135467529297e+00,1.991060376167297363e+00,2.300221920013427734e+00,1.217277050018310547e+00,1.055934548377990723e+00,6.732243299484252930e-01,6.191104054450988770e-01,4.441204071044921875e-01,4.901119470596313477e-01,7.211508750915527344e-01,8.986498117446899414e-01,9.397659301757812500e-01,1.058137536048889160e+00,1.271015524864196777e+00,1.411452770233154297e+00,1.454791426658630371e+00,1.426020145416259766e+00,1.725618243217468262e+00,2.534831047058105469e+00,2.256213665008544922e+00,2.060361623764038086e+00,1.769734859466552734e+00,1.794185280799865723e+00,1.472705245018005371e+00,1.640245199203491211e+00,1.693619132041931152e+00,1.355022907257080078e+00,1.240056872367858887e+00,1.541010856628417969e+00,1.515730977058410645e+00,1.168023824691772461e+00,1.047418594360351562e+00,1.318781733512878418e+00
9.483482837677001953e-01,6.356326937675476074e-01,3.827196061611175537e-01,0.000000000000000000e+00,3.774031102657318115e-01,5.753300189971923828e-01,8.500898480415344238e-01,7.381936907768249512e-01,6.838658452033996582e-01,1.007763624191284180e+00,1.164363503456115723e+00,1.122844815254211426e+00,1.161592125892639160e+00,1.336144924163818359e+00,1.616507530212402344e+00,1.888756036758422852e+00,1.586044788360595703e+00,1.556607723236083984e+00,1.268510699272155762e+00,1.472199559211730957e+00,1.333794355392456055e+00,1.546194195747375488e+00,1.372441411018371582e+00,1.012977004051208496e+00,1.170343160629272461e+00,1.379744887351989746e+00,1.179477334022521973e+00,8.253900408744812012e-01,9.817562699317932129e-01,1.214816927909851074e+00,1.368170857429504395e+00,1.251592159271240234e+00,1.194461941719055176e+00,1.065050363540649414e+00,1.407792091369628906e+00,1.366868972778320312e+00,1.717760443687438965e+00,1.629593133926391602e+00,1.343015193939208984e+00,1.607486367225646973e+00,1.874340415000915527e+00,1.715798735618591309e+00,1.538673043251037598e+00,1.728951334953308105e+00,2.064378261566162109e+00,1.152199149131774902e+00,9.871913790702819824e-01,6.515896320343017578e-01,5.561844110488891602e-01,5.918706059455871582e-01,5.159543752670288086e-01,8.747782707214355469e-01,9.915492534637451172e-01,8.811334967613220215e-01,1.038123846054077148e+00,1.321178436279296875e+00,1.393390297889709473e+00,1.347350478172302246e+00,1.341836094856262207e+00,1.688255667686462402e+00,2.177303075790405273e+00,1.917012929916381836e+00,1.711663842201232910e+00,1.448993563652038574e+00,1.496781468391418457e+00,1.189347505569458008e+00,1.421740293502807617e+00,1.489140987396240234e+00,1.149299979209899902e+00,1.099329948425292969e+00,1.445550560951232910e+00,1.431692957878112793e+00,1.121683001518249512e+00,1.044845581054687500e+00,1.386021971702575684e+00
1.175359845161437988e+00,9.056262373924255371e-01,5.854392051696777344e-01,3.774031102657318115e-01,0.000000000000000000e+00,3.765522539615631104e-01,5.286561846733093262e-01,4.975664913654327393e-01,6.034401655197143555e-01,8.372567296028137207e-01,9.486759901046752930e-01,1.017001986503601074e+00,1.126214981079101562e+00,1.225823640823364258e+00,1.480887889862060547e+00,1.724180817604064941e+00,1.422581315040588379e+00,1.482385873794555664e+00,1.246702909469604492e+00,1.508224129676818848e+00,1.463507175445556641e+00,1.681565642356872559e+00,1.446507096290588379e+00,1.136509776115417480e+00,1.377438426017761230e+00,1.529629111289978027e+00,1.263164520263671875e+00,9.715221524238586426e-01,1.230441808700561523e+00,1.423019051551818848e+00,1.717526555061340332e+00,1.624419450759887695e+00,1.546379685401916504e+00,1.405204653739929199e+00,1.723139882087707520e+00,1.623109698295593262e+00,1.970544219017028809e+00,1.904536962509155273e+00,1.581978321075439453e+00,1.793275237083435059e+00,2.081526994705200195e+00,1.921484589576721191e+00,1.685073494911193848e+00,1.842823982238769531e+00,2.172452688217163086e+00,8.282258510589599609e-01,7.573237419128417969e-01,4.817211329936981201e-01,6.119090914726257324e-01,7.848590612411499023e-01,8.495712876319885254e-01,1.193053603172302246e+00,1.250729680061340332e+00,1.160031080245971680e+00,1.380139827728271484e+00,1.635478854179382324e+00,1.661002755165100098e+00,1.627487778663635254e+00,1.675973057746887207e+00,2.024585962295532227e+00,2.250635385513305664e+00,2.018484354019165039e+00,1.754066467285156250e+00,1.510184884071350098e+00,1.481709599494934082e+00,1.139705061912536621e+00,1.345892429351806641e+00,1.508756756782531738e+00,1.224254250526428223e+00,1.096374511718750000e+00,1.461259007453918457e+00,1.542291164398193359e+00,1.273774266242980957e+00,1.097106814384460449e+00,1.436802268028259277e+00
1.468075752258300781e+00,1.196075677871704102e+00,8.665726780891418457e-01,5.753300189971923828e-01,3.765522539615631104e-01,0.000000000000000000e+00,3.804951608180999756e-01,5.159741640090942383e-01,4.600823819637298584e-01,5.680742859840393066e-01,8.069229722023010254e-01,9.351329207420349121e-01,9.487696290016174316e-01,9.554758071899414062e-01,1.254947304725646973e+00,1.356233596801757812e+00,1.058664321899414062e+00,1.119814515113830566e+00,9.228861331939697266e-01,1.230786204338073730e+00,1.236918807029724121e+00,1.500322222709655762e+00,1.282791972160339355e+00,1.000183343887329102e+00,1.305013418197631836e+00,1.479647636413574219e+00,1.246566772460937500e+00,1.007725238800048828e+00,1.278057217597961426e+00,1.521548032760620117e+00,1.887094140052795410e+00,1.739626288414001465e+00,1.598458170890808105e+00,1.385934591293334961e+00,1.644968867301940918e+00,1.473075866699218750e+00,1.794488310813903809e+00,1.748740911483764648e+00,1.396582484245300293e+00,1.546928644180297852e+00,1.848442196846008301e+00,1.706025242805480957e+00,1.425748348236083984e+00,1.541358232498168945e+00,1.866611480712890625e+00,7.906647324562072754e-01,6.575493812561035156e-01,5.476221442222595215e-01,5.957242250442504883e-01,9.050068855285644531e-01,9.570723772048950195e-01,1.315339446067810059e+00,1.282071709632873535e+00,1.116046428680419922e+00,1.393450617790222168e+00,1.643486261367797852e+00,1.585652351379394531e+00,1.514329075813293457e+00,1.629483819007873535e+00,1.984480261802673340e+00,1.959741115570068359e+00,1.726820826530456543e+00,1.430335879325866699e+00,1.185744762420654297e+00,1.121796369552612305e+00,7.795509696006774902e-01,1.009075999259948730e+00,1.198411703109741211e+00,9.535863995552062988e-01,8.564140796661376953e-01,1.233235478401184082e+00,1.347056508064270020e+00,1.148386001586914062e+00,9.984102249145507812e-01,1.362579226493835449e+00
1.702818989753723145e+00,1.428333878517150879e+00,1.111199021339416504e+00,8.500898480415344238e-01,5.286561846733093262e-01,3.804951608180999756e-01,0.000000000000000000e+00,3.739692568778991699e-01,5.388949513435363770e-01,4.922966659069061279e-01,5.758112668991088867e-01,8.245189189910888672e-01,9.458493590354919434e-01,8.967525362968444824e-01,1.113526344299316406e+00,1.335331916809082031e+00,1.026352643966674805e+00,1.183429121971130371e+00,1.034437775611877441e+00,1.340166568756103516e+00,1.432055354118347168e+00,1.646981596946716309e+00,1.364329934120178223e+00,1.160235404968261719e+00,1.493764042854309082e+00,1.584135532379150391e+00,1.292221307754516602e+00,1.130493760108947754e+00,1.465870976448059082e+00,1.644412636756896973e+00,2.142425537109375000e+00,2.041712760925292969e+00,1.887436866760253906e+00,1.710224866867065430e+00,1.962791323661804199e+00,1.767189860343933105e+00,2.092745065689086914e+00,2.086641073226928711e+00,1.734608769416809082e+00,1.842457890510559082e+00,2.164219856262207031e+00,2.046591043472290039e+00,1.744802355766296387e+00,1.810205936431884766e+00,2.131173372268676758e+00,7.034271359443664551e-01,7.601259946823120117e-01,7.479058504104614258e-01,9.329380393028259277e-01,1.228585004806518555e+00,1.301583528518676758e+00,1.659930229187011719e+00,1.646589040756225586e+00,1.495739817619323730e+00,1.763186454772949219e+00,2.019983768463134766e+00,1.964900374412536621e+00,1.887456059455871582e+00,1.996198415756225586e+00,2.356754779815673828e+00,2.082180976867675781e+00,1.905607819557189941e+00,1.580655813217163086e+00,1.403705358505249023e+00,1.305076599121093750e+00,9.856123924255371094e-01,1.194314718246459961e+00,1.457681298255920410e+00,1.273102283477783203e+00,1.150770783424377441e+00,1.512401342391967773e+00,1.679337859153747559e+00,1.507003784179687500e+00,1.314614534378051758e+00,1.655764937400817871e+00
1.591605663299560547e+00,1.269451737403869629e+00,1.031100869178771973e+00,7.381936907768249512e-01,4.975664913654327393e-01,5.159741640090942383e-01,3.739692568778991699e-01,0.000000000000000000e+00,3.751029074192047119e-01,5.316476225852966309e-01,4.816379845142364502e-01,5.694260001182556152e-01,7.766715884208679199e-01,8.802135586738586426e-01,1.055112719535827637e+00,1.593962550163269043e+00,1.245973348617553711e+00,1.319222211837768555e+00,1.073849081993103027e+00,1.295485258102416992e+00,1.342494487762451172e+00,1.489313125610351562e+00,1.176636457443237305e+00,9.709823727607727051e-01,1.265212893486022949e+00,1.307375788688659668e+00,9.824961423873901367e-01,8.240599036216735840e-01,1.181868910789489746e+00,1.310485601425170898e+00,1.887920022010803223e+00,1.838228344917297363e+00,1.673934817314147949e+00,1.561667919158935547e+00,1.830903410911560059e+00,1.664790511131286621e+00,2.019584894180297852e+00,2.045104503631591797e+00,1.724745988845825195e+00,1.856606721878051758e+00,2.195924282073974609e+00,2.111465215682983398e+00,1.849025011062622070e+00,1.906917810440063477e+00,2.257502555847167969e+00,1.014057517051696777e+00,1.053357720375061035e+00,9.142515063285827637e-01,1.039900541305541992e+00,1.255776047706604004e+00,1.240589857101440430e+00,1.609502673149108887e+00,1.674882769584655762e+00,1.504406690597534180e+00,1.702109456062316895e+00,2.004582643508911133e+00,2.002728700637817383e+00,1.891059756278991699e+00,1.929170966148376465e+00,2.300899982452392578e+00,2.056597232818603516e+00,1.899656176567077637e+00,1.622414708137512207e+00,1.480472326278686523e+00,1.475833415985107422e+00,1.185972571372985840e+00,1.461002826690673828e+00,1.666889786720275879e+00,1.426870226860046387e+00,1.370272517204284668e+00,1.747059583663940430e+00,1.848660826683044434e+00,1.632783174514770508e+00,1.494645714759826660e+00,1.853823661804199219e+00
1.619786500930786133e+00,1.275911688804626465e+00,1.053422808647155762e+00,6.838658452033996582e-01,6.034401655197143555e-01,4.600823819637298584e-01,5.388949513435363770e-01,3.751029074192047119e-01,0.000000000000000000e+00,3.802882730960845947e-01,5.445899367332458496e-01,5.157812833786010742e-01,5.256490707397460938e-01,6.703509092330932617e-01,9.328306317329406738e-01,1.442673563957214355e+00,1.084403872489929199e+00,1.057445406913757324e+00,7.540850043296813965e-01,9.566933512687683105e-01,9.723559021949768066e-01,1.148818612098693848e+00,8.738991618156433105e-01,6.307920217514038086e-01,9.562856554985046387e-01,1.058749556541442871e+00,8.027904629707336426e-01,6.343718171119689941e-01,9.616159200668334961e-01,1.168461561203002930e+00,1.743125915527343750e+00,1.642746090888977051e+00,1.427695274353027344e+00,1.272547364234924316e+00,1.502955913543701172e+00,1.306020140647888184e+00,1.653799414634704590e+00,1.698194026947021484e+00,1.381383776664733887e+00,1.494109392166137695e+00,1.842139363288879395e+00,1.786737561225891113e+00,1.534514665603637695e+00,1.568945646286010742e+00,1.930557370185852051e+00,1.185757398605346680e+00,1.112665176391601562e+00,9.738186001777648926e-01,9.609442949295043945e-01,1.193291544914245605e+00,1.105260133743286133e+00,1.482833743095397949e+00,1.520777225494384766e+00,1.281365513801574707e+00,1.472277522087097168e+00,1.790724158287048340e+00,1.758155107498168945e+00,1.598310828208923340e+00,1.644440889358520508e+00,2.020644426345825195e+00,1.716383576393127441e+00,1.539434552192687988e+00,1.282138466835021973e+00,1.139353632926940918e+00,1.193594217300415039e+00,9.446720480918884277e-01,1.276085138320922852e+00,1.422731995582580566e+00,1.169524431228637695e+00,1.204477906227111816e+00,1.575750231742858887e+00,1.630196690559387207e+00,1.437540650367736816e+00,1.381981372833251953e+00,1.759228944778442383e+00
1.950020074844360352e+00,1.625832080841064453e+00,1.360378861427307129e+00,1.007763624191284180e+00,8.372567296028137207e-01,5.680742859840393066e-01,4.922966659069061279e-01,5.316476225852966309e-01,3.802882730960845947e-01,0.000000000000000000e+00,3.815875053405761719e-01,5.607329010963439941e-01,5.226672887802124023e-01,4.123450517654418945e-01,6.898252964019775391e-01,1.118367791175842285e+00,7.509178519248962402e-01,8.010587692260742188e-01,6.020228266716003418e-01,8.732975125312805176e-01,1.028733849525451660e+00,1.221853137016296387e+00,9.394872784614562988e-01,8.181250691413879395e-01,1.189067482948303223e+00,1.258269429206848145e+00,1.019460082054138184e+00,9.602421522140502930e-01,1.287434339523315430e+00,1.485759258270263672e+00,2.110213041305541992e+00,1.990331768989562988e+00,1.752705097198486328e+00,1.559057831764221191e+00,1.736269712448120117e+00,1.476847410202026367e+00,1.782929778099060059e+00,1.851321935653686523e+00,1.514564156532287598e+00,1.544248700141906738e+00,1.898850083351135254e+00,1.860549211502075195e+00,1.559451937675476074e+00,1.530439734458923340e+00,1.870016932487487793e+00,1.141483068466186523e+00,1.110705971717834473e+00,1.102713465690612793e+00,1.136823892593383789e+00,1.440656423568725586e+00,1.406560182571411133e+00,1.779777288436889648e+00,1.755591154098510742e+00,1.506990075111389160e+00,1.746446251869201660e+00,2.038616657257080078e+00,1.945367217063903809e+00,1.780852556228637695e+00,1.888114452362060547e+00,2.257247209548950195e+00,1.612947106361389160e+00,1.474284887313842773e+00,1.155807256698608398e+00,1.062618255615234375e+00,1.038025975227355957e+00,8.207237124443054199e-01,1.135614871978759766e+00,1.350380897521972656e+00,1.188211083412170410e+00,1.212049841880798340e+00,1.562627434730529785e+00,1.681588888168334961e+00,1.560732364654541016e+00,1.480059623718261719e+00,1.845380663871765137e+00
2.060483932495117188e+00,1.724782943725585938e+00,1.493293046951293945e+00,1.164363503456115723e+00,9.486759901046752930e-01,8.069229722023010254e-01,5.758112668991088867e-01,4.816379845142364502e-01,5.445899367332458496e-01,3.815875053405761719e-01,0.000000000000000000e+00,3.774712383747100830e-01,5.751507282257080078e-01,5.481318235397338867e-01,6.128025650978088379e-01,1.372893214225769043e+00,1.013807773590087891e+00,1.106059670448303223e+00,9.182931780815124512e-01,1.103295922279357910e+00,1.276450037956237793e+00,1.376907348632812500e+00,1.029454708099365234e+00,9.800037741661071777e-01,1.318723917007446289e+00,1.283157229423522949e+00,9.753642082214355469e-01,9.923301935195922852e-01,1.362685680389404297e+00,1.470010280609130859e+00,2.207136154174804688e+00,2.150731563568115234e+00,1.917657136917114258e+00,1.788475275039672852e+00,1.984294056892395020e+00,1.744970321655273438e+00,2.068541765213012695e+00,2.164241552352905273e+00,1.845887780189514160e+00,1.881644010543823242e+00,2.245828390121459961e+00,2.223211765289306641e+00,1.933521509170532227e+00,1.894443273544311523e+00,2.237371921539306641e+00,1.252179861068725586e+00,1.321988224983215332e+00,1.292976975440979004e+00,1.397493362426757812e+00,1.666589140892028809e+00,1.629809856414794922e+00,2.007392644882202148e+00,2.034779787063598633e+00,1.807867527008056641e+00,2.015730381011962891e+00,2.327872991561889648e+00,2.273128747940063477e+00,2.109039783477783203e+00,2.174718856811523438e+00,2.550663709640502930e+00,1.825399994850158691e+00,1.745746612548828125e+00,1.449656009674072266e+00,1.414034724235534668e+00,1.404435157775878906e+00,1.197783827781677246e+00,1.493711233139038086e+00,1.728567004203796387e+00,1.562088847160339355e+00,1.560140967369079590e+00,1.918178915977478027e+00,2.045348644256591797e+00,1.898716807365417480e+00,1.789839625358581543e+00,2.152797222137451172e+00
1.990961194038391113e+00,1.625355958938598633e+00,1.468858122825622559e+00,1.122844815254211426e+00,1.017001986503601074e+00,9.351329207420349121e-01,8.245189189910888672e-01,5.694260001182556152e-01,5.157812833786010742e-01,5.607329010963439941e-01,3.774712383747100830e-01,0.000000000000000000e+00,3.715134859085083008e-01,6.008027791976928711e-01,6.423065662384033203e-01,1.613254427909851074e+00,1.240619063377380371e+00,1.219251632690429688e+00,9.350253343582153320e-01,1.004302620887756348e+00,1.111226439476013184e+00,1.131781339645385742e+00,7.621318101882934570e-01,7.378419041633605957e-01,1.023857831954956055e+00,9.319718480110168457e-01,6.074542999267578125e-01,6.944480538368225098e-01,1.057591676712036133e+00,1.126228451728820801e+00,1.944391250610351562e+00,1.919161200523376465e+00,1.662137031555175781e+00,1.585707902908325195e+00,1.771963238716125488e+00,1.556607127189636230e+00,1.894439220428466797e+00,2.024115085601806641e+00,1.746340274810791016e+00,1.797246694564819336e+00,2.168753385543823242e+00,2.182297706604003906e+00,1.937855601310729980e+00,1.892631292343139648e+00,2.256475925445556641e+00,1.525599718093872070e+00,1.545176744461059570e+00,1.434757113456726074e+00,1.470022916793823242e+00,1.681350827217102051e+00,1.563952684402465820e+00,1.935322165489196777e+00,2.013039112091064453e+00,1.760167002677917480e+00,1.902427673339843750e+00,2.246765136718750000e+00,2.227555990219116211e+00,2.026621818542480469e+00,2.032585620880126953e+00,2.409508705139160156e+00,1.718480587005615234e+00,1.651466369628906250e+00,1.423045992851257324e+00,1.416682124137878418e+00,1.505462408065795898e+00,1.331603407859802246e+00,1.675652027130126953e+00,1.843177318572998047e+00,1.629636406898498535e+00,1.691419720649719238e+00,2.055377244949340820e+00,2.117428064346313477e+00,1.943644285202026367e+00,1.894842982292175293e+00,2.271125793457031250e+00
2.067973613739013672e+00,1.701232314109802246e+00,1.539066791534423828e+00,1.161592125892639160e+00,1.126214981079101562e+00,9.487696290016174316e-01,9.458493590354919434e-01,7.766715884208679199e-01,5.256490707397460938e-01,5.226672887802124023e-01,5.751507282257080078e-01,3.715134859085083008e-01,0.000000000000000000e+00,3.910218179225921631e-01,5.521450638771057129e-01,1.434464454650878906e+00,1.069251298904418945e+00,9.469107985496520996e-01,6.250339746475219727e-01,6.354462504386901855e-01,7.605912089347839355e-01,8.042049407958984375e-01,4.564943611621856689e-01,4.804218411445617676e-01,8.124938607215881348e-01,7.846742868423461914e-01,5.904385447502136230e-01,6.939809918403625488e-01,9.861791133880615234e-01,1.139598250389099121e+00,1.915112257003784180e+00,1.832779288291931152e+00,1.531462430953979492e+00,1.403683185577392578e+00,1.527698874473571777e+00,1.264823436737060547e+00,1.576278924942016602e+00,1.734054565429687500e+00,1.464719295501708984e+00,1.468293428421020508e+00,1.844839453697204590e+00,1.894273996353149414e+00,1.656758189201354980e+00,1.569644927978515625e+00,1.932657241821289062e+00,1.631825923919677734e+00,1.576608896255493164e+00,1.486931920051574707e+00,1.439256072044372559e+00,1.668733239173889160e+00,1.517458438873291016e+00,1.881073236465454102e+00,1.918179154396057129e+00,1.616869449615478516e+00,1.759523272514343262e+00,2.100091218948364258e+00,2.039981126785278320e+00,1.800103425979614258e+00,1.828312993049621582e+00,2.198535919189453125e+00,1.356048345565795898e+00,1.280407309532165527e+00,1.066407203674316406e+00,1.091938376426696777e+00,1.232889533042907715e+00,1.127123475074768066e+00,1.497495651245117188e+00,1.615449547767639160e+00,1.419878840446472168e+00,1.555344581604003906e+00,1.895262598991394043e+00,1.927089691162109375e+00,1.793746113777160645e+00,1.807219386100769043e+00,2.184197902679443359e+00
2.280484437942504883e+00,1.936273932456970215e+00,1.709419131278991699e+00,1.336144924163818359e+00,1.225823640823364258e+00,9.554758071899414062e-01,8.967525362968444824e-01,8.802135586738586426e-01,6.703509092330932617e-01,4.123450517654418945e-01,5.481318235397338867e-01,6.008027791976928711e-01,3.910218179225921631e-01,0.000000000000000000e+00,3.657306134700775146e-01,1.074398517608642578e+00,7.142457962036132812e-01,6.518715620040893555e-01,4.680920541286468506e-01,6.053273677825927734e-01,8.775867819786071777e-01,1.001403212547302246e+00,7.261330485343933105e-01,7.785900831222534180e-01,1.136231541633605957e+00,1.146351814270019531e+00,9.802062511444091797e-01,1.056442260742187500e+00,1.346743106842041016e+00,1.526920795440673828e+00,2.251280546188354492e+00,2.130893468856811523e+00,1.835711956024169922e+00,1.647578597068786621e+00,1.745377302169799805e+00,1.436438918113708496e+00,1.702148318290710449e+00,1.847757220268249512e+00,1.545515418052673340e+00,1.486028313636779785e+00,1.855722784996032715e+00,1.896843075752258301e+00,1.608119606971740723e+00,1.479985594749450684e+00,1.813460826873779297e+00,1.528980731964111328e+00,1.489070296287536621e+00,1.497341990470886230e+00,1.481101751327514648e+00,1.776206374168395996e+00,1.688302993774414062e+00,2.054205179214477539e+00,2.025266885757446289e+00,1.727325916290283203e+00,1.934527277946472168e+00,2.240144014358520508e+00,2.121322393417358398e+00,1.897682666778564453e+00,1.999336361885070801e+00,2.361307382583618164e+00,1.291531801223754883e+00,1.231583118438720703e+00,9.323816299438476562e-01,9.827098250389099121e-01,1.027004003524780273e+00,9.534047842025756836e-01,1.290505170822143555e+00,1.463205575942993164e+00,1.350266695022583008e+00,1.463885545730590820e+00,1.779479622840881348e+00,1.871218085289001465e+00,1.798852562904357910e+00,1.782539486885070801e+00,2.145086050033569336e+00
2.545420408248901367e+00,2.189724922180175781e+00,1.984143257141113281e+00,1.616507530212402344e+00,1.480887889862060547e+00,1.254947304725646973e+00,1.113526344299316406e+00,1.055112719535827637e+00,9.328306317329406738e-01,6.898252964019775391e-01,6.128025650978088379e-01,6.423065662384033203e-01,5.521450638771057129e-01,3.657306134700775146e-01,0.000000000000000000e+00,1.262880921363830566e+00,9.380812644958496094e-01,9.207348227500915527e-01,8.042170405387878418e-01,8.276479244232177734e-01,1.128279209136962891e+00,1.144145965576171875e+00,8.381806612014770508e-01,1.006992936134338379e+00,1.321547269821166992e+00,1.226248741149902344e+00,1.046904921531677246e+00,1.224235296249389648e+00,1.525965809822082520e+00,1.632928013801574707e+00,2.463009595870971680e+00,2.383988857269287109e+00,2.076399803161621094e+00,1.931703448295593262e+00,2.017904520034790039e+00,1.711599588394165039e+00,1.968274116516113281e+00,2.153236150741577148e+00,1.874106645584106445e+00,1.792147636413574219e+00,2.163643836975097656e+00,2.235453367233276367e+00,1.954614400863647461e+00,1.794323086738586426e+00,2.115434408187866211e+00,1.756062865257263184e+00,1.775889396667480469e+00,1.790027856826782227e+00,1.812158346176147461e+00,2.098288536071777344e+00,2.004708766937255859e+00,2.375361680984497070e+00,2.371226549148559570e+00,2.075927257537841797e+00,2.263247728347778320e+00,2.582643747329711914e+00,2.476969718933105469e+00,2.242232561111450195e+00,2.320950508117675781e+00,2.683865547180175781e+00,1.396093964576721191e+00,1.430460453033447266e+00,1.169735074043273926e+00,1.300679564476013184e+00,1.349024295806884766e+00,1.303190350532531738e+00,1.620126605033874512e+00,1.809898734092712402e+00,1.714277267456054688e+00,1.818826913833618164e+00,2.132895946502685547e+00,2.235271215438842773e+00,2.162573337554931641e+00,2.134102106094360352e+00,2.496482372283935547e+00
2.767424106597900391e+00,2.514491081237792969e+00,2.185306310653686523e+00,1.888756036758422852e+00,1.724180817604064941e+00,1.356233596801757812e+00,1.335331916809082031e+00,1.593962550163269043e+00,1.442673563957214355e+00,1.118367791175842285e+00,1.372893214225769043e+00,1.613254427909851074e+00,1.434464454650878906e+00,1.074398517608642578e+00,1.262880921363830566e+00,0.000000000000000000e+00,3.741024434566497803e-01,6.060809493064880371e-01,9.588010907173156738e-01,1.235277056694030762e+00,1.504011392593383789e+00,1.777215600013732910e+00,1.669940471649169922e+00,1.649475455284118652e+00,1.993724465370178223e+00,2.126393556594848633e+00,2.012540817260742188e+00,1.987279176712036133e+00,2.231168031692504883e+00,2.495114088058471680e+00,3.003672122955322266e+00,2.781541585922241211e+00,2.533175945281982422e+00,2.224665164947509766e+00,2.271198272705078125e+00,1.937299132347106934e+00,2.069900989532470703e+00,2.116078615188598633e+00,1.786062121391296387e+00,1.632186651229858398e+00,1.882484197616577148e+00,1.852535367012023926e+00,1.492617368698120117e+00,1.339007854461669922e+00,1.493009686470031738e+00,1.533161520957946777e+00,1.449363708496093750e+00,1.687725424766540527e+00,1.683863282203674316e+00,2.054897785186767578e+00,2.109595060348510742e+00,2.413156986236572266e+00,2.216251134872436523e+00,1.973751187324523926e+00,2.296516180038452148e+00,2.468528747558593750e+00,2.214117527008056641e+00,2.077675342559814453e+00,2.346141815185546875e+00,2.641396999359130859e+00,1.574344038963317871e+00,1.461307048797607422e+00,1.089980959892272949e+00,1.052689909934997559e+00,7.476072907447814941e-01,8.199278116226196289e-01,8.157100081443786621e-01,1.077867627143859863e+00,1.255726337432861328e+00,1.284352660179138184e+00,1.414080977439880371e+00,1.645711779594421387e+00,1.764705896377563477e+00,1.702520728111267090e+00,1.946778297424316406e+00
2.499087572097778320e+00,2.220043182373046875e+00,1.907406210899353027e+00,1.586044788360595703e+00,1.422581315040588379e+00,1.058664321899414062e+00,1.026352643966674805e+00,1.245973348617553711e+00,1.084403872489929199e+00,7.509178519248962402e-01,1.013807773590087891e+00,1.240619063377380371e+00,1.069251298904418945e+00,7.142457962036132812e-01,9.380812644958496094e-01,3.741024434566497803e-01,0.000000000000000000e+00,3.883002996444702148e-01,6.522341370582580566e-01,9.609025120735168457e-01,1.233552694320678711e+00,1.492990851402282715e+00,1.340462327003479004e+00,1.311739444732666016e+00,1.669981002807617188e+00,1.784514784812927246e+00,1.648306727409362793e+00,1.627691149711608887e+00,1.889425277709960938e+00,2.138195037841796875e+00,2.691904544830322266e+00,2.496024608612060547e+00,2.240247011184692383e+00,1.958295941352844238e+00,2.033798217773437500e+00,1.705311179161071777e+00,1.891024351119995117e+00,1.956259012222290039e+00,1.615386843681335449e+00,1.502545595169067383e+00,1.804526925086975098e+00,1.782375335693359375e+00,1.427254319190979004e+00,1.295158624649047852e+00,1.534049987792968750e+00,1.364038109779357910e+00,1.290117979049682617e+00,1.467264413833618164e+00,1.466747045516967773e+00,1.831569552421569824e+00,1.854524493217468262e+00,2.184889793395996094e+00,2.035474777221679688e+00,1.775825381278991699e+00,2.078611850738525391e+00,2.294160127639770508e+00,2.081907987594604492e+00,1.922987580299377441e+00,2.147265911102294922e+00,2.471632003784179688e+00,1.450259566307067871e+00,1.330569386482238770e+00,9.432686567306518555e-01,8.998337984085083008e-01,6.736565232276916504e-01,6.528616547584533691e-01,8.094732165336608887e-01,1.074607610702514648e+00,1.138982892036437988e+00,1.184718251228332520e+00,1.405611276626586914e+00,1.601298570632934570e+00,1.646988749504089355e+00,1.585886120796203613e+00,1.883663415908813477e+00
2.469434499740600586e+00,2.173453330993652344e+00,1.901858568191528320e+00,1.556607723236083984e+00,1.482385873794555664e+00,1.119814515113830566e+00,1.183429121971130371e+00,1.319222211837768555e+00,1.057445406913757324e+00,8.010587692260742188e-01,1.106059670448303223e+00,1.219251632690429688e+00,9.469107985496520996e-01,6.518715620040893555e-01,9.207348227500915527e-01,6.060809493064880371e-01,3.883002996444702148e-01,0.000000000000000000e+00,3.873318135738372803e-01,6.345855593681335449e-01,9.034181833267211914e-01,1.173025369644165039e+00,1.095067858695983887e+00,1.090252995491027832e+00,1.413874387741088867e+00,1.554526448249816895e+00,1.493381738662719727e+00,1.489818572998046875e+00,1.693848490715026855e+00,1.963932156562805176e+00,2.501301050186157227e+00,2.287659406661987305e+00,2.001660346984863281e+00,1.711708188056945801e+00,1.732499122619628906e+00,1.382623553276062012e+00,1.538903355598449707e+00,1.640535831451416016e+00,1.326363563537597656e+00,1.166516423225402832e+00,1.483117341995239258e+00,1.517337083816528320e+00,1.189575314521789551e+00,9.962061643600463867e-01,1.265911936759948730e+00,1.604240655899047852e+00,1.464283108711242676e+00,1.569167613983154297e+00,1.477436304092407227e+00,1.810349106788635254e+00,1.763506412506103516e+00,2.082302570343017578e+00,1.939881682395935059e+00,1.631683349609375000e+00,1.894973278045654297e+00,2.123996257781982422e+00,1.904133915901184082e+00,1.691499471664428711e+00,1.901978254318237305e+00,2.218532800674438477e+00,1.085526227951049805e+00,9.430570602416992188e-01,5.555656552314758301e-01,5.645453333854675293e-01,4.698592424392700195e-01,5.977033972740173340e-01,8.530330061912536621e-01,9.826968908309936523e-01,1.018598675727844238e+00,1.188244223594665527e+00,1.399973750114440918e+00,1.508576393127441406e+00,1.562297463417053223e+00,1.594202280044555664e+00,1.905523538589477539e+00
2.187363147735595703e+00,1.867322921752929688e+00,1.634643793106079102e+00,1.268510699272155762e+00,1.246702909469604492e+00,9.228861331939697266e-01,1.034437775611877441e+00,1.073849081993103027e+00,7.540850043296813965e-01,6.020228266716003418e-01,9.182931780815124512e-01,9.350253343582153320e-01,6.250339746475219727e-01,4.680920541286468506e-01,8.042170405387878418e-01,9.588010907173156738e-01,6.522341370582580566e-01,3.873318135738372803e-01,0.000000000000000000e+00,3.802369534969329834e-01,5.891340374946594238e-01,8.658806085586547852e-01,7.553502321243286133e-01,7.040112018585205078e-01,1.036671996116638184e+00,1.187708497047424316e+00,1.127820014953613281e+00,1.111321926116943359e+00,1.307350158691406250e+00,1.578330039978027344e+00,2.134804248809814453e+00,1.942062139511108398e+00,1.646021127700805664e+00,1.384273409843444824e+00,1.434082746505737305e+00,1.098377823829650879e+00,1.323583364486694336e+00,1.440744161605834961e+00,1.127983212471008301e+00,1.039653778076171875e+00,1.400910735130310059e+00,1.440131068229675293e+00,1.150485754013061523e+00,1.013606309890747070e+00,1.354731082916259766e+00,1.563511610031127930e+00,1.412379860877990723e+00,1.421661615371704102e+00,1.300011277198791504e+00,1.594120264053344727e+00,1.490461111068725586e+00,1.824294447898864746e+00,1.739020228385925293e+00,1.411314964294433594e+00,1.631955385208129883e+00,1.906489610671997070e+00,1.740252256393432617e+00,1.501511096954345703e+00,1.649672508239746094e+00,1.991942405700683594e+00,1.059482812881469727e+00,8.841167688369750977e-01,5.559912323951721191e-01,5.168567299842834473e-01,6.202718615531921387e-01,6.217092275619506836e-01,9.843135476112365723e-01,1.065643906593322754e+00,9.614748954772949219e-01,1.160993933677673340e+00,1.436523556709289551e+00,1.482171654701232910e+00,1.453575849533081055e+00,1.510129213333129883e+00,1.858347773551940918e+00
2.359001159667968750e+00,2.018885850906372070e+00,1.846128821372985840e+00,1.472199559211730957e+00,1.508224129676818848e+00,1.230786204338073730e+00,1.340166568756103516e+00,1.295485258102416992e+00,9.566933512687683105e-01,8.732975125312805176e-01,1.103295922279357910e+00,1.004302620887756348e+00,6.354462504386901855e-01,6.053273677825927734e-01,8.276479244232177734e-01,1.235277056694030762e+00,9.609025120735168457e-01,6.345855593681335449e-01,3.802369534969329834e-01,0.000000000000000000e+00,3.788621723651885986e-01,5.442249774932861328e-01,5.246739983558654785e-01,6.316798329353332520e-01,8.783342242240905762e-01,9.857808351516723633e-01,1.029457211494445801e+00,1.105317592620849609e+00,1.235402584075927734e+00,1.480476498603820801e+00,2.097666740417480469e+00,1.920986294746398926e+00,1.578918218612670898e+00,1.356204628944396973e+00,1.331115365028381348e+00,9.757444858551025391e-01,1.169044733047485352e+00,1.379101634025573730e+00,1.140996217727661133e+00,9.968546032905578613e-01,1.365864038467407227e+00,1.496749401092529297e+00,1.274298787117004395e+00,1.070826053619384766e+00,1.408554673194885254e+00,1.920530319213867188e+00,1.770927786827087402e+00,1.739097118377685547e+00,1.585322380065917969e+00,1.833136796951293945e+00,1.662327051162719727e+00,1.980253219604492188e+00,1.930106401443481445e+00,1.572991967201232910e+00,1.720775008201599121e+00,2.017889976501464844e+00,1.868712067604064941e+00,1.573781967163085938e+00,1.667737126350402832e+00,1.997525691986083984e+00,7.616882920265197754e-01,6.534767150878906250e-01,4.601781964302062988e-01,6.225879788398742676e-01,8.736959695816040039e-01,9.656828641891479492e-01,1.320179700851440430e+00,1.331466913223266602e+00,1.220198988914489746e+00,1.479295015335083008e+00,1.734311223030090332e+00,1.719988107681274414e+00,1.691464781761169434e+00,1.806978344917297363e+00,2.153829336166381836e+00
2.141916036605834961e+00,1.809533715248107910e+00,1.686649322509765625e+00,1.333794355392456055e+00,1.463507175445556641e+00,1.236918807029724121e+00,1.432055354118347168e+00,1.342494487762451172e+00,9.723559021949768066e-01,1.028733849525451660e+00,1.276450037956237793e+00,1.111226439476013184e+00,7.605912089347839355e-01,8.775867819786071777e-01,1.128279209136962891e+00,1.504011392593383789e+00,1.233552694320678711e+00,9.034181833267211914e-01,5.891340374946594238e-01,3.788621723651885986e-01,0.000000000000000000e+00,3.812969923019409180e-01,5.214695334434509277e-01,4.790655076503753662e-01,6.078783869743347168e-01,8.333374261856079102e-01,9.580838680267333984e-01,9.614205956459045410e-01,9.862223267555236816e-01,1.275497913360595703e+00,1.775717020034790039e+00,1.577812910079956055e+00,1.228991985321044922e+00,1.001603484153747559e+00,9.541918635368347168e-01,6.056612133979797363e-01,8.419135808944702148e-01,1.053382396697998047e+00,8.492065668106079102e-01,7.726919651031494141e-01,1.142567873001098633e+00,1.277355551719665527e+00,1.124486684799194336e+00,9.865536689758300781e-01,1.345573067665100098e+00,1.990531921386718750e+00,1.793817877769470215e+00,1.695539236068725586e+00,1.476668238639831543e+00,1.660803675651550293e+00,1.433889627456665039e+00,1.719521760940551758e+00,1.694489836692810059e+00,1.324185729026794434e+00,1.412002205848693848e+00,1.719951272010803223e+00,1.601036071777343750e+00,1.280608296394348145e+00,1.325731277465820312e+00,1.653097510337829590e+00,8.716277480125427246e-01,6.573794484138488770e-01,6.145053505897521973e-01,6.358746290206909180e-01,9.741617441177368164e-01,1.033059477806091309e+00,1.389897942543029785e+00,1.319787502288818359e+00,1.134064435958862305e+00,1.432906389236450195e+00,1.681707501411437988e+00,1.590697765350341797e+00,1.525050759315490723e+00,1.699121713638305664e+00,2.040868043899536133e+00
