,A1,A2,A3,A4,A5,A6,A7,A8,A9,A10,A11,A12,A13,A14,A15,B1,B2,B3,B4,B5,B6,B7,B8,B9,B10,B11,B12,B13,B14,B15,C1,C2,C3,C4,C5,C6,C7,C8,C9,C10,C11,C12,C13,C14,C15,D1,D2,D3,D4,D5,D6,D7,D8,D9,D10,D11,D12,D13,D14,D15,E1,E2,E3,E4,E5,E6,E7,E8,E9,E10,E11,E12,E13,E14,E15
A1,0.0,0.3877051770687103,0.6148551106452942,0.9358248710632324,1.1834863424301147,1.4912358522415161,1.698928713798523,1.610073447227478,1.6830886602401733,1.9900425672531128,2.0965635776519775,2.07306170463562,2.2380831241607666,2.447280168533325,2.5848886966705322,2.838613986968994,2.597334384918213,2.2349207401275635,2.005511999130249,1.7835444211959839,1.473179578781128,1.416980266571045,1.7473740577697754,1.690453052520752,1.4065070152282715,1.62492835521698,1.912470817565918,1.773396372795105,1.534121036529541,1.8030177354812622,2.697903633117676,2.5852749347686768,2.3890464305877686,2.1355624198913574,2.3754208087921143,2.165165901184082,2.5012426376342773,2.5066635608673096,2.1669750213623047,2.3017544746398926,2.632823944091797,2.5095272064208984,2.266885995864868,2.473970651626587,2.778384208679199,1.5809125900268555,1.54061758518219,1.661073923110962,1.5853357315063477,1.9413881301879883,2.0051774978637695,2.3314995765686035,2.1755168437957764,1.95357346534729,2.2815897464752197,2.4903016090393066,2.285182476043701,2.2323877811431885,2.568394899368286,2.732868194580078,2.1133999824523926,1.8989194631576538,1.5660340785980225,1.5121862888336182,1.203856348991394,1.12447988986969,0.9513538479804993,1.291847825050354,1.452755093574524,1.2916154861450195,1.3760703802108765,1.7209607362747192,1.7806928157806396,1.6295616626739502,1.798426866531372
A2,0.3877051770687103,0.0,0.37949758768081665,0.6195884346961975,0.853277862071991,1.1744446754455566,1.3642711639404297,1.2386553287506104,1.3175830841064453,1.63326096534729,1.7223820686340332,1.6879644393920898,1.8650410175323486,2.078061103820801,2.2035200595855713,2.6816046237945557,2.4099090099334717,2.070800304412842,1.7930423021316528,1.579334020614624,1.2403472661972046,1.1893168687820435,1.479446530342102,1.3782426118850708,1.078538179397583,1.3140820264816284,1.5712977647781372,1.4024770259857178,1.1685314178466797,1.4577492475509644,2.486706256866455,2.336290121078491,2.1607730388641357,1.874876856803894,2.104414939880371,1.8998231887817383,2.2254281044006348,2.1935997009277344,1.8472720384597778,2.0022501945495605,2.313551187515259,2.1621499061584473,1.9290152788162231,2.163278818130493,2.4498305320739746,1.5861725807189941,1.5387403964996338,1.5705159902572632,1.4703344106674194,1.8207780122756958,1.8311017751693726,2.1833133697509766,2.0816636085510254,1.8294633626937866,2.1263327598571777,2.3812572956085205,2.214416265487671,2.1193652153015137,2.4303598403930664,2.6381897926330566,1.8549649715423584,1.6715178489685059,1.310889482498169,1.2761226892471313,1.0347741842269897,0.9557886123657227,0.9183639287948608,1.2592376470565796,1.363224983215332,1.2730844020843506,1.439131259918213,1.7387739419937134,1.7769616842269897,1.6927385330200195,1.9056448936462402
A3,0.6148551106452942,0.37949758768081665,0.0,0.3820924162864685,0.5915118455886841,0.8839799165725708,1.1059261560440063,1.0722935199737549,1.137808084487915,1.4103118181228638,1.5506911277770996,1.5790679454803467,1.719602108001709,1.8883981704711914,2.0544188022613525,2.5169472694396973,2.2658743858337402,1.9279705286026,1.6411035060882568,1.4986063241958618,1.1412509679794312,1.2088714838027954,1.4780080318450928,1.3039641380310059,1.076548457145691,1.3901280164718628,1.5868844985961914,1.3788777589797974,1.2317177057266235,1.5677578449249268,2.1193954944610596,1.983675241470337,1.8039133548736572,1.54094398021698,1.7988744974136353,1.6279528141021729,1.977985143661499,1.9540461301803589,1.6326740980148315,1.823622226715088,2.1418020725250244,2.014857769012451,1.8277209997177124,2.070152997970581,2.359494924545288,1.6599982976913452,1.526221752166748,1.512460470199585,1.3233734369277954,1.638673186302185,1.5990525484085083,1.9381670951843262,1.8286845684051514,1.5409518480300903,1.8199946880340576,2.0779824256896973,1.8985313177108765,1.7728596925735474,2.0852267742156982,2.2951316833496094,1.561183214187622,1.3358244895935059,0.9828135967254639,0.9133362174034119,0.6552781462669373,0.6165610551834106,0.6164215207099915,0.9221653938293457,1.0334266424179077,1.01358962059021,1.1810798645019531,1.4408423900604248,1.510445475578308,1.485677719116211,1.6873944997787476
A4,0.9358248710632324,0.6195884346961975,0.3820924162864685,0.0,0.3741057217121124,0.5865846872329712,0.8616946339607239,0.8005850911140442,0.7825453281402588,1.0768287181854248,1.2512919902801514,1.2529642581939697,1.356758713722229,1.5423039197921753,1.728839635848999,2.2477943897247314,1.973859190940857,1.6645057201385498,1.3404262065887451,1.2217859029769897,0.8545647859573364,0.9675763845443726,1.1775951385498047,0.9527772068977356,0.7677096724510193,1.117593765258789,1.2628893852233887,1.0489314794540405,0.9736507534980774,1.326475977897644,1.9625129699707031,1.7673709392547607,1.5813645124435425,1.2699614763259888,1.4877772331237793,1.2981972694396973,1.6316044330596924,1.590814232826233,1.2592616081237793,1.453600525856018,1.7634329795837402,1.6331952810287476,1.4521554708480835,1.7024905681610107,1.9854198694229126,1.599866271018982,1.4555944204330444,1.3493205308914185,1.1417529582977295,1.4312313795089722,1.3419055938720703,1.7007743120193481,1.6565495729446411,1.3604671955108643,1.6027946472167969,1.9026070833206177,1.7836055755615234,1.6381889581680298,1.9102168083190918,2.1621294021606445,1.46438729763031,1.2555806636810303,0.8831859827041626,0.7573532462120056,0.6422402858734131,0.5187423229217529,0.7355214953422546,0.9928521513938904,0.9719845652580261,1.0149891376495361,1.2762480974197388,1.4672329425811768,1.4755094051361084,1.5130119323730469,1.763205885887146
A5,1.1834863424301147,0.853277862071991,0.5915118455886841,0.3741057217121124,0.0,0.3689703047275543,0.5206010937690735,0.5200088620185852,0.6305422782897949,0.8445978760719299,0.977354884147644,1.0686488151550293,1.2134164571762085,1.329565405845642,1.4938256740570068,2.428039073944092,2.1534740924835205,1.8804595470428467,1.5306822061538696,1.4710516929626465,1.1145315170288086,1.2554309368133545,1.3899532556533813,1.0941745042800903,0.9448819756507874,1.282205581665039,1.3393067121505737,1.0438952445983887,1.0141559839248657,1.3688560724258423,1.7337579727172852,1.5421359539031982,1.4281026124954224,1.1303333044052124,1.3930552005767822,1.2912946939468384,1.6224839687347412,1.5135102272033691,1.2173033952713013,1.4893170595169067,1.7501267194747925,1.5791020393371582,1.470332384109497,1.768570065498352,2.0056707859039307,1.9631030559539795,1.8077735900878906,1.6686162948608398,1.4261023998260498,1.6655800342559814,1.5024440288543701,1.8445688486099243,1.8287513256072998,1.493664264678955,1.6702040433883667,1.9924871921539307,1.8773516416549683,1.6617306470870972,1.9069339036941528,2.1810524463653564,1.1119208335876465,0.9524742364883423,0.5740454792976379,0.5825226306915283,0.6126806139945984,0.6803447604179382,0.9324618577957153,1.0906671285629272,1.098046898841858,1.244584321975708,1.4703173637390137,1.6090062856674194,1.666530728340149,1.7613626718521118,1.9813268184661865
A6,1.4912358522415161,1.1744446754455566,0.8839799165725708,0.5865846872329712,0.3689703047275543,0.0,0.378948450088501,0.5233240127563477,0.4682445824146271,0.5820704698562622,0.832449734210968,0.9615296125411987,1.005178689956665,1.0784199237823486,1.3091909885406494,2.194805383682251,1.9324482679367065,1.6956849098205566,1.3410300016403198,1.3649368286132812,1.047998309135437,1.2738333940505981,1.3413658142089844,0.9980358481407166,0.978374719619751,1.3264456987380981,1.3048338890075684,1.0223394632339478,1.1188874244689941,1.4604718685150146,1.4677239656448364,1.2297970056533813,1.1024525165557861,0.7775917649269104,1.028509497642517,0.9580791592597961,1.2868329286575317,1.17166268825531,0.9090461134910583,1.214377522468567,1.4621169567108154,1.3238403797149658,1.2746217250823975,1.563462495803833,1.7892123460769653,2.019296407699585,1.8244438171386719,1.6237176656723022,1.3401076793670654,1.5075078010559082,1.278197169303894,1.5983916521072388,1.6282907724380493,1.2838853597640991,1.3962886333465576,1.7406163215637207,1.670421838760376,1.4263415336608887,1.6252928972244263,1.9271724224090576,1.0389740467071533,0.8611924052238464,0.5477373003959656,0.42942798137664795,0.6532626748085022,0.6892747282981873,1.0314584970474243,1.1015143394470215,1.0100104808807373,1.2301138639450073,1.4859310388565063,1.5420043468475342,1.5699247121810913,1.7324227094650269,1.961679220199585
A7,1.698928713798523,1.3642711639404297,1.1059261560440063,0.8616946339607239,0.5206010937690735,0.378948450088501,0.0,0.3685593008995056,0.5280493497848511,0.47906145453453064,0.5865598320960999,0.8328348398208618,0.9553120732307434,0.9399653077125549,1.1017699241638184,2.5001864433288574,2.2302896976470947,2.027081251144409,1.6614201068878174,1.6898977756500244,1.3815659284591675,1.5683659315109253,1.593757152557373,1.235748291015625,1.1949642896652222,1.4969642162322998,1.4204111099243164,1.0831595659255981,1.1827824115753174,1.4953469038009644,1.4247225522994995,1.1934750080108643,1.1871763467788696,0.9082715511322021,1.1674983501434326,1.1906192302703857,1.4720754623413086,1.2730395793914795,1.0636663436889648,1.409996509552002,1.5819491147994995,1.3818491697311401,1.3952807188034058,1.7232877016067505,1.8880637884140015,2.3654603958129883,2.190736770629883,1.986305594444275,1.7137807607650757,1.8699606657028198,1.6173993349075317,1.920156717300415,1.9716800451278687,1.6207860708236694,1.6849846839904785,2.0326595306396484,1.967490553855896,1.6822344064712524,1.8481017351150513,2.158327102661133,0.7734211087226868,0.7351895570755005,0.49015915393829346,0.6234965324401855,0.89460289478302,1.0316181182861328,1.3368924856185913,1.381956696510315,1.3405455350875854,1.5830239057540894,1.8058167695999146,1.8522720336914062,1.9155694246292114,2.0888655185699463,2.296753406524658
A8,1.610073447227478,1.2386553287506104,1.0722935199737549,0.8005850911140442,0.5200088620185852,0.5233240127563477,0.3685593008995056,0.0,0.3757486939430237,0.5130195021629333,0.4893367290496826,0.5911684632301331,0.8160977363586426,0.9126299023628235,1.0053406953811646,2.5243499279022217,2.2169883251190186,2.0165176391601562,1.6343625783920288,1.5962706804275513,1.285529613494873,1.3909637928009033,1.395620346069336,1.0601880550384521,0.9562138915061951,1.2104237079620361,1.1365681886672974,0.7776927947998047,0.8400688171386719,1.140329360961914,1.7834573984146118,1.5274848937988281,1.4995218515396118,1.1752015352249146,1.3670434951782227,1.311431646347046,1.5600919723510742,1.3446271419525146,1.0751492977142334,1.3802286386489868,1.5438876152038574,1.2882436513900757,1.2382946014404297,1.5868239402770996,1.7449514865875244,2.247683048248291,2.1288814544677734,1.9249533414840698,1.7123805284500122,1.9086934328079224,1.693455696105957,2.030512809753418,2.1020116806030273,1.7766860723495483,1.8746013641357422,2.2328882217407227,2.1872568130493164,1.9393398761749268,2.1119344234466553,2.4280550479888916,1.0799932479858398,1.0805116891860962,0.7883929014205933,0.8932971358299255,1.0792962312698364,1.1366684436798096,1.4370753765106201,1.5665745735168457,1.5148959159851074,1.6934205293655396,1.9513444900512695,2.0469884872436523,2.0710856914520264,2.201643943786621,2.44279146194458
A9,1.6830886602401733,1.3175830841064453,1.137808084487915,0.7825453281402588,0.6305422782897949,0.4682445824146271,0.5280493497848511,0.3757486939430237,0.0,0.36916399002075195,0.5555669665336609,0.532809317111969,0.5891804099082947,0.7688966393470764,0.9623144865036011,2.1634132862091064,1.8506947755813599,1.6702739000320435,1.2850828170776367,1.2749992609024048,1.0007368326187134,1.148475170135498,1.1037461757659912,0.7413950562477112,0.7470080256462097,1.0200402736663818,0.9072152376174927,0.5999423265457153,0.7894530296325684,1.0865058898925781,1.7627458572387695,1.458815336227417,1.3660500049591064,0.9978067278862,1.1099889278411865,0.9932947754859924,1.220279574394226,1.0262353420257568,0.7202871441841125,1.0075461864471436,1.193544864654541,0.9689694046974182,0.9001684784889221,1.2346121072769165,1.4193172454833984,2.032630681991577,1.9014058113098145,1.6525530815124512,1.4441274404525757,1.6065924167633057,1.3798558712005615,1.7165186405181885,1.8278025388717651,1.5295851230621338,1.6117216348648071,1.9792054891586304,1.9812798500061035,1.7613821029663086,1.906974196434021,2.235175371170044,1.2951359748840332,1.2292653322219849,0.9428717494010925,0.8935930728912354,1.0998204946517944,1.052858591079712,1.4022138118743896,1.528265118598938,1.3892015218734741,1.559708833694458,1.8642374277114868,1.9304251670837402,1.8937304019927979,2.040628671646118,2.311734676361084
A10,1.9900425672531128,1.63326096534729,1.4103118181228638,1.0768287181854248,0.8445978760719299,0.5820704698562622,0.47906145453453064,0.5130195021629333,0.36916399002075195,0.0,0.37507784366607666,0.5422546863555908,0.5128030180931091,0.4991884231567383,0.7444058060646057,2.2434544563293457,1.9555219411849976,1.8218353986740112,1.449373722076416,1.5192497968673706,1.2836207151412964,1.4773365259170532,1.3942080736160278,1.0225677490234375,1.0993250608444214,1.3476481437683105,1.1674809455871582,0.8724380135536194,1.1102714538574219,1.3663498163223267,1.5186353921890259,1.1930309534072876,1.1738544702529907,0.8406714797019958,0.9436185956001282,0.9526475071907043,1.139370322227478,0.8748925924301147,0.6870272159576416,1.0388485193252563,1.1433078050613403,0.9207277894020081,0.995583713054657,1.325018286705017,1.4466317892074585,2.3475797176361084,2.1859819889068604,1.9151835441589355,1.6703176498413086,1.7697221040725708,1.4844716787338257,1.7731578350067139,1.9124529361724854,1.601852297782898,1.6040306091308594,1.9750690460205078,1.9987441301345825,1.7318063974380493,1.8240822553634644,2.166917562484741,1.1231224536895752,1.1125946044921875,0.9287501573562622,0.9211433529853821,1.2226965427398682,1.2438236474990845,1.6040633916854858,1.6544420719146729,1.5082913637161255,1.743472695350647,2.0254745483398438,2.0330233573913574,2.0180845260620117,2.2165467739105225,2.4646406173706055
A11,2.0965635776519775,1.7223820686340332,1.5506911277770996,1.2512919902801514,0.977354884147644,0.832449734210968,0.5865598320960999,0.4893367290496826,0.5555669665336609,0.37507784366607666,0.0,0.37194356322288513,0.5515732765197754,0.4997255802154541,0.5359334349632263,2.574230194091797,2.2682526111602783,2.144834041595459,1.764550805091858,1.7910776138305664,1.5461422204971313,1.6720563173294067,1.5740084648132324,1.2244352102279663,1.2315905094146729,1.4172065258026123,1.213958978652954,0.8814345598220825,1.0783534049987793,1.2832047939300537,1.7354109287261963,1.4333058595657349,1.4856452941894531,1.1859625577926636,1.2942990064620972,1.3198679685592651,1.4716441631317139,1.1692649126052856,1.0020989179611206,1.3241691589355469,1.3683445453643799,1.0719420909881592,1.1503325700759888,1.5053930282592773,1.5688674449920654,2.579897880554199,2.456483840942383,2.1991453170776367,1.984302282333374,2.1122121810913086,1.8434370756149292,2.1411609649658203,2.280459403991699,1.968135952949524,1.9785722494125366,2.348900079727173,2.363084077835083,2.087139368057251,2.1823887825012207,2.5233683586120605,1.1356680393218994,1.2362874746322632,1.0673391819000244,1.174898386001587,1.4536906480789185,1.5139542818069458,1.8496438264846802,1.9262166023254395,1.8251079320907593,2.0470476150512695,2.3176541328430176,2.353898048400879,2.358631134033203,2.537423610687256,2.7825140953063965
A12,2.07306170463562,1.6879644393920898,1.5790679454803467,1.2529642581939697,1.0686488151550293,0.9615296125411987,0.8328348398208618,0.5911684632301331,0.532809317111969,0.5422546863555908,0.37194356322288513,0.0,0.37117305397987366,0.5554080605506897,0.5487717390060425,2.461456775665283,2.126298666000366,2.0180320739746094,1.6366149187088013,1.6167892217636108,1.403125524520874,1.4656548500061035,1.319366216659546,1.0074882507324219,1.013045310974121,1.122880458831787,0.8805968761444092,0.5711751580238342,0.8134165406227112,0.9615910053253174,2.0411736965179443,1.7153167724609375,1.711511254310608,1.3696426153182983,1.412118911743164,1.3491182327270508,1.459869623184204,1.1704721450805664,0.9493222832679749,1.1969443559646606,1.2303775548934937,0.8908815979957581,0.8953253030776978,1.2575695514678955,1.3132308721542358,2.405409336090088,2.3268299102783203,2.0590531826019287,1.9020429849624634,2.044926881790161,1.8111952543258667,2.1278252601623535,2.2913572788238525,2.013768434524536,2.048912525177002,2.423166036605835,2.4642460346221924,2.230266571044922,2.3282577991485596,2.6725385189056396,1.4840991497039795,1.546610713005066,1.3190104961395264,1.3671847581863403,1.5990604162216187,1.5813994407653809,1.9203964471817017,2.051038980484009,1.9190443754196167,2.0898590087890625,2.3961634635925293,2.4591596126556396,2.41595721244812,2.565058946609497,2.842526435852051
A13,2.2380831241607666,1.8650410175323486,1.719602108001709,1.356758713722229,1.2134164571762085,1.005178689956665,0.9553120732307434,0.8160977363586426,0.5891804099082947,0.5128030180931091,0.5515732765197754,0.37117305397987366,0.0,0.3647030293941498,0.538746178150177,2.171757221221924,1.8467968702316284,1.7857534885406494,1.4199963808059692,1.4650380611419678,1.314805030822754,1.4322956800460815,1.2311755418777466,0.9124209880828857,1.0516685247421265,1.1675087213516235,0.8738409280776978,0.6710851788520813,1.0073262453079224,1.1451902389526367,1.9460371732711792,1.5861716270446777,1.553565502166748,1.2109739780426025,1.1622596979141235,1.0953205823898315,1.1376535892486572,0.8338342905044556,0.6564599871635437,0.8848105072975159,0.8709233999252319,0.5368494391441345,0.6321733593940735,0.9766368269920349,1.0173418521881104,2.3570058345794678,2.2527072429656982,1.9444174766540527,1.7794846296310425,1.8609576225280762,1.6008251905441284,1.8847907781600952,2.092700242996216,1.8432762622833252,1.8311899900436401,2.203615188598633,2.2934935092926025,2.0720982551574707,2.1240570545196533,2.4757728576660156,1.6042871475219727,1.6241978406906128,1.4251540899276733,1.3901269435882568,1.6532660722732544,1.5928393602371216,1.958937406539917,2.056943416595459,1.8643523454666138,2.048032760620117,2.373145818710327,2.3909943103790283,2.310067653656006,2.4890191555023193,2.775787830352783
A14,2.447280168533325,2.078061103820801,1.8883981704711914,1.5423039197921753,1.329565405845642,1.0784199237823486,0.9399653077125549,0.9126299023628235,0.7688966393470764,0.4991884231567383,0.4997255802154541,0.5554080605506897,0.3647030293941498,0.0,0.3606681823730469,2.331590414047241,2.0395302772521973,1.997210144996643,1.6441028118133545,1.7446770668029785,1.5884919166564941,1.7519965171813965,1.56993567943573,1.233426570892334,1.3753315210342407,1.523516058921814,1.2381446361541748,1.0114964246749878,1.3202345371246338,1.4704954624176025,1.7287434339523315,1.370078444480896,1.415536642074585,1.1303173303604126,1.0904289484024048,1.1462069749832153,1.1729497909545898,0.8202762603759766,0.7801879644393921,1.0634572505950928,0.9927894473075867,0.713740348815918,0.9347958564758301,1.2406896352767944,1.2335376739501953,2.6569979190826416,2.5190398693084717,2.208777666091919,1.99961519241333,2.046844959259033,1.7444632053375244,1.990214467048645,2.199840545654297,1.930140733718872,1.8634272813796997,2.231166124343872,2.321502685546875,2.057852268218994,2.074155807495117,2.4295754432678223,1.4398832321166992,1.509117841720581,1.392199993133545,1.398693561553955,1.7159169912338257,1.7184096574783325,2.0873360633850098,2.129235029220581,1.9494925737380981,2.1849007606506348,2.482614517211914,2.4610698223114014,2.4136598110198975,2.6303510665893555,2.890446424484253
A15,2.5848886966705322,2.2035200595855713,2.0544188022613525,1.728839635848999,1.4938256740570068,1.3091909885406494,1.1017699241638184,1.0053406953811646,0.9623144865036011,0.7444058060646057,0.5359334349632263,0.5487717390060425,0.538746178150177,0.3606681823730469,0.0,2.6473588943481445,2.3397858142852783,2.302755117416382,1.9432823657989502,2.002927303314209,1.837053894996643,1.94552481174469,1.7525211572647095,1.4399287700653076,1.5257521867752075,1.6174598932266235,1.3158998489379883,1.0789936780929565,1.3498191833496094,1.4383959770202637,1.9812870025634766,1.6448760032653809,1.7353298664093018,1.4635398387908936,1.4476892948150635,1.5012015104293823,1.519779920578003,1.1642509698867798,1.1124465465545654,1.3649475574493408,1.2593531608581543,0.9324936866760254,1.124831199645996,1.4389523267745972,1.3753184080123901,2.879348039627075,2.7748968601226807,2.4753787517547607,2.2917022705078125,2.36629581451416,2.080169916152954,2.339045524597168,2.545713424682617,2.2722203731536865,2.2200992107391357,2.589150905609131,2.669654130935669,2.400089740753174,2.4252002239227295,2.7793941497802734,1.5447574853897095,1.68583083152771,1.571810007095337,1.6471272706985474,1.9500539302825928,1.9754842519760132,2.331359386444092,2.3970415592193604,2.2480781078338623,2.472768545150757,2.766573190689087,2.7701680660247803,2.7357332706451416,2.9355950355529785,3.1971094608306885
B1,2.838613986968994,2.6816046237945557,2.5169472694396973,2.2477943897247314,2.428039073944092,2.194805383682251,2.5001864433288574,2.5243499279022217,2.1634132862091064,2.2434544563293457,2.574230194091797,2.461456775665283,2.171757221221924,2.331590414047241,2.6473588943481445,0.0,0.3787601888179779,0.6187775731086731,0.9409407377243042,1.1928387880325317,1.4909974336624146,1.7053428888320923,1.6116390228271484,1.6697407960891724,1.9814735651016235,2.091386556625366,2.0619213581085205,2.217708110809326,2.4373583793640137,2.584230422973633,2.6669962406158447,2.401472568511963,2.0711846351623535,1.908981204032898,1.652173638343811,1.3826026916503906,1.2473726272583008,1.5818488597869873,1.5832490921020508,1.2888743877410889,1.454305648803711,1.7761116027832031,1.6904858350753784,1.447566032409668,1.6801729202270508,1.7729541063308716,1.5662387609481812,1.2734506130218506,1.2621214389801025,0.9401569962501526,0.9900256395339966,0.8139589428901672,1.0783191919326782,1.3205868005752563,1.272377848625183,1.3079560995101929,1.601704716682434,1.7635376453399658,1.7000226974487305,1.8453620672225952,3.0641655921936035,2.814479351043701,2.6377980709075928,2.2845263481140137,2.3504464626312256,2.0489745140075684,2.255805492401123,2.271167516708374,1.9042056798934937,1.8853509426116943,2.1708178520202637,2.0507235527038574,1.7093126773834229,1.8470895290374756,2.120924472808838
B2,2.597334384918213,2.4099090099334717,2.2658743858337402,1.973859190940857,2.1534740924835205,1.9324482679367065,2.2302896976470947,2.2169883251190186,1.8506947755813599,1.9555219411849976,2.2682526111602783,2.126298666000366,1.8467968702316284,2.0395302772521973,2.3397858142852783,0.3787601888179779,0.0,0.3876156806945801,0.6342163681983948,0.8711837530136108,1.1838520765304565,1.3779619932174683,1.2485393285751343,1.314505934715271,1.6336899995803833,1.7247905731201172,1.6865795850753784,1.8561055660247803,2.077455997467041,2.2114245891571045,2.5745248794555664,2.278789758682251,1.9634287357330322,1.7405434846878052,1.4926214218139648,1.1786105632781982,1.0540239810943604,1.348463535308838,1.296169638633728,0.9775159358978271,1.1668368577957153,1.4580094814300537,1.3346014022827148,1.0922236442565918,1.353141188621521,1.5858657360076904,1.4113640785217285,1.0701254606246948,1.074295163154602,0.8227243423461914,0.8421151041984558,0.8181949853897095,1.1077536344528198,1.2616863250732422,1.255985975265503,1.3925491571426392,1.6521021127700806,1.7573169469833374,1.7357228994369507,1.9380744695663452,2.847744941711426,2.619680643081665,2.4126949310302734,2.078927993774414,2.1540744304656982,1.8456507921218872,2.08370304107666,2.14249324798584,1.780394196510315,1.7660428285598755,2.092149496078491,2.018397331237793,1.6919265985488892,1.819349765777588,2.129291296005249
B3,2.2349207401275635,2.070800304412842,1.9279705286026,1.6645057201385498,1.8804595470428467,1.6956849098205566,2.027081251144409,2.0165176391601562,1.6702739000320435,1.8218353986740112,2.144834041595459,2.0180320739746094,1.7857534885406494,1.997210144996643,2.302755117416382,0.6187775731086731,0.3876156806945801,0.0,0.38726407289505005,0.5945152044296265,0.8831904530525208,1.1045629978179932,1.067881464958191,1.129785418510437,1.4041327238082886,1.5438461303710938,1.572617530822754,1.7095657587051392,1.884562611579895,2.058920383453369,2.445864200592041,2.1719233989715576,1.8347175121307373,1.5936039686203003,1.4209210872650146,1.0701173543930054,1.077536940574646,1.3624347448349,1.227174162864685,0.9744943976402283,1.2650322914123535,1.4944285154342651,1.3207688331604004,1.1619645357131958,1.483718991279602,1.27163565158844,1.055760145187378,0.7102358937263489,0.6897692680358887,0.4643450379371643,0.5773306488990784,0.6635249257087708,0.8656821250915527,0.9949280619621277,1.0924187898635864,1.2470283508300781,1.4357740879058838,1.5517061948776245,1.6066352128982544,1.8041669130325317,2.6482481956481934,2.3940489292144775,2.1632864475250244,1.8181818723678589,1.8440983295440674,1.5150341987609863,1.7253668308258057,1.805668592453003,1.4553849697113037,1.4031522274017334,1.7346882820129395,1.6966180801391602,1.3687535524368286,1.4663227796554565,1.7919224500656128
B4,2.005511999130249,1.7930423021316528,1.6411035060882568,1.3404262065887451,1.5306822061538696,1.3410300016403198,1.6614201068878174,1.6343625783920288,1.2850828170776367,1.449373722076416,1.764550805091858,1.6366149187088013,1.4199963808059692,1.6441028118133545,1.9432823657989502,0.9409407377243042,0.6342163681983948,0.38726407289505005,0.0,0.368307888507843,0.5740149617195129,0.8480221629142761,0.7878937125205994,0.7666766047477722,1.0589112043380737,1.234197735786438,1.240729808807373,1.3399919271469116,1.5283976793289185,1.722951889038086,2.222153663635254,1.9268693923950195,1.615149736404419,1.3217453956604004,1.1786328554153442,0.8026543259620667,0.8723941445350647,1.089559555053711,0.8866869807243347,0.6779232621192932,1.0216214656829834,1.1872597932815552,0.997120201587677,0.9208101630210876,1.2660658359527588,1.2967779636383057,1.0953115224838257,0.7218994498252869,0.6092879176139832,0.5414751172065735,0.482884019613266,0.7543119192123413,0.9559229612350464,0.9326278567314148,1.0450657606124878,1.3007336854934692,1.4479163885116577,1.4742621183395386,1.5598392486572266,1.8124549388885498,2.3152129650115967,2.0841104984283447,1.8358060121536255,1.514151930809021,1.5696301460266113,1.2551751136779785,1.5198609828948975,1.6235333681106567,1.2852915525436401,1.282557487487793,1.64581298828125,1.6371212005615234,1.3628183603286743,1.4822195768356323,1.8189995288848877
B5,1.7835444211959839,1.579334020614624,1.4986063241958618,1.2217859029769897,1.4710516929626465,1.3649368286132812,1.6898977756500244,1.5962706804275513,1.2749992609024048,1.5192497968673706,1.7910776138305664,1.6167892217636108,1.4650380611419678,1.7446770668029785,2.002927303314209,1.1928387880325317,0.8711837530136108,0.5945152044296265,0.368307888507843,0.0,0.3676599860191345,0.5151767730712891,0.5155980587005615,0.627829372882843,0.8392453789710999,0.9721630811691284,1.0690640211105347,1.2105871438980103,1.3284541368484497,1.5040733814239502,2.4499430656433105,2.16009259223938,1.8620703220367432,1.5380891561508179,1.453892469406128,1.0766847133636475,1.1871658563613892,1.337608814239502,1.0620884895324707,0.8853588700294495,1.2205482721328735,1.3016375303268433,1.0221571922302246,0.9766107201576233,1.3369148969650269,1.0101290941238403,0.886335015296936,0.5276181101799011,0.5668543577194214,0.6944090127944946,0.7634426355361938,1.0672481060028076,1.1890579462051392,1.1515023708343506,1.341808795928955,1.5900055170059204,1.6810123920440674,1.714725136756897,1.8536486625671387,2.0957753658294678,2.3922250270843506,2.169560194015503,1.8730062246322632,1.5800755023956299,1.577497124671936,1.2390598058700562,1.4684324264526367,1.6514376401901245,1.3606617450714111,1.2858856916427612,1.656569480895996,1.729027509689331,1.4661961793899536,1.5047283172607422,1.858098030090332
B6,1.473179578781128,1.2403472661972046,1.1412509679794312,0.8545647859573364,1.1145315170288086,1.047998309135437,1.3815659284591675,1.285529613494873,1.0007368326187134,1.2836207151412964,1.5461422204971313,1.403125524520874,1.314805030822754,1.5884919166564941,1.837053894996643,1.4909974336624146,1.1838520765304565,0.8831904530525208,0.5740149617195129,0.3676599860191345,0.0,0.3780781924724579,0.5242623686790466,0.47446590662002563,0.5841143131256104,0.8354125618934631,0.9695246815681458,1.0101802349090576,1.085988998413086,1.3271433115005493,2.254647970199585,1.9802203178405762,1.701986312866211,1.3597133159637451,1.3610522747039795,1.0103577375411987,1.2199370861053467,1.3068221807479858,0.9776166081428528,0.9339086413383484,1.2892554998397827,1.2901020050048828,1.0188674926757812,1.1014121770858765,1.450865626335144,1.0804224014282227,0.9384263157844543,0.6597268581390381,0.5627308487892151,0.8124593496322632,0.8104717135429382,1.1761165857315063,1.2392899990081787,1.0964946746826172,1.324571967124939,1.6090716123580933,1.6332076787948608,1.610815167427063,1.798823595046997,2.0549092292785645,2.0850465297698975,1.8634107112884521,1.5449331998825073,1.2735651731491089,1.2523304224014282,0.9253036975860596,1.1730024814605713,1.3852423429489136,1.1372604370117188,1.0854721069335938,1.459088683128357,1.5704364776611328,1.3722035884857178,1.41191565990448,1.7549612522125244
B7,1.416980266571045,1.1893168687820435,1.2088714838027954,0.9675763845443726,1.2554309368133545,1.2738333940505981,1.5683659315109253,1.3909637928009033,1.148475170135498,1.4773365259170532,1.6720563173294067,1.4656548500061035,1.4322956800460815,1.7519965171813965,1.94552481174469,1.7053428888320923,1.3779619932174683,1.1045629978179932,0.8480221629142761,0.5151767730712891,0.3780781924724579,0.0,0.3691217005252838,0.533549964427948,0.48366737365722656,0.5941505432128906,0.8441978693008423,0.9635264873504639,0.9491550922393799,1.1274018287658691,2.5894315242767334,2.310716152191162,2.054156541824341,1.6986509561538696,1.7033014297485352,1.3570339679718018,1.531402587890625,1.5819977521896362,1.2371339797973633,1.1679651737213135,1.4799495935440063,1.430047631263733,1.0982458591461182,1.172461986541748,1.5045101642608643,0.9477507472038269,0.9472633004188538,0.7418774366378784,0.8195139169692993,1.1016795635223389,1.1646419763565063,1.513902187347412,1.5716696977615356,1.4577182531356812,1.6981360912322998,1.9700803756713867,1.987511157989502,1.978655219078064,2.1756110191345215,2.4253647327423096,2.3025176525115967,2.1106338500976562,1.7633090019226074,1.5435400009155273,1.488500714302063,1.1751551628112793,1.3703103065490723,1.6427816152572632,1.4453085660934448,1.340133786201477,1.6952018737792969,1.861919641494751,1.6681569814682007,1.643843650817871,1.9880006313323975
B8,1.7473740577697754,1.479446530342102,1.4780080318450928,1.1775951385498047,1.3899532556533813,1.3413658142089844,1.593757152557373,1.395620346069336,1.1037461757659912,1.3942080736160278,1.5740084648132324,1.319366216659546,1.2311755418777466,1.56993567943573,1.7525211572647095,1.6116390228271484,1.2485393285751343,1.067881464958191,0.7878937125205994,0.5155980587005615,0.5242623686790466,0.3691217005252838,0.0,0.3745163083076477,0.507452130317688,0.4856909513473511,0.5970313549041748,0.8170097470283508,0.9109969735145569,1.0186699628829956,2.609464168548584,2.2936012744903564,2.058859348297119,1.6904568672180176,1.6282846927642822,1.2845666408538818,1.3773473501205444,1.3981702327728271,1.0737062692642212,0.9455931186676025,1.203672170639038,1.1471213102340698,0.7920143008232117,0.8327596783638,1.1518707275390625,1.2096483707427979,1.2180942296981812,0.9383456707000732,1.0108580589294434,1.1988048553466797,1.2004276514053345,1.530060052871704,1.6703622341156006,1.5683256387710571,1.740163803100586,2.0342178344726562,2.1109635829925537,2.081669330596924,2.2253732681274414,2.502290725708008,2.3554763793945312,2.2008213996887207,1.8728221654891968,1.665221095085144,1.6881883144378662,1.3978960514068604,1.6516426801681519,1.8876166343688965,1.6531097888946533,1.6044461727142334,1.9745748043060303,2.0943713188171387,1.8842761516571045,1.9094228744506836,2.258713483810425
B9,1.690453052520752,1.3782426118850708,1.3039641380310059,0.9527772068977356,1.0941745042800903,0.9980358481407166,1.235748291015625,1.0601880550384521,0.7413950562477112,1.0225677490234375,1.2244352102279663,1.0074882507324219,0.9124209880828857,1.233426570892334,1.4399287700653076,1.6697407960891724,1.314505934715271,1.129785418510437,0.7666766047477722,0.627829372882843,0.47446590662002563,0.533549964427948,0.3745163083076477,0.0,0.36706840991973877,0.5521030426025391,0.5339070558547974,0.5888355374336243,0.7702946066856384,0.96988445520401,2.2658984661102295,1.9457001686096191,1.7356449365615845,1.3571985960006714,1.321740984916687,1.0104557275772095,1.1477360725402832,1.1134631633758545,0.7594929337501526,0.7417067885398865,1.0183347463607788,0.9145691990852356,0.6071584224700928,0.7858623266220093,1.0925748348236084,1.4487292766571045,1.3782131671905518,1.0842798948287964,1.0174154043197632,1.1916314363479614,1.0881340503692627,1.4405156373977661,1.5873692035675049,1.4136576652526855,1.5547739267349243,1.886210322380066,1.9504249095916748,1.861210584640503,2.001248598098755,2.3025546073913574,1.996673583984375,1.854925274848938,1.5401053428649902,1.347177505493164,1.4249181747436523,1.1786227226257324,1.4867115020751953,1.6874594688415527,1.456900954246521,1.4849984645843506,1.8533233404159546,1.946348786354065,1.7797249555587769,1.859534740447998,2.1930360794067383
B10,1.4065070152282715,1.078538179397583,1.076548457145691,0.7677096724510193,0.9448819756507874,0.978374719619751,1.1949642896652222,0.9562138915061951,0.7470080256462097,1.0993250608444214,1.2315905094146729,1.013045310974121,1.0516685247421265,1.3753315210342407,1.5257521867752075,1.9814735651016235,1.6336899995803833,1.4041327238082886,1.0589112043380737,0.8392453789710999,0.5841143131256104,0.48366737365722656,0.507452130317688,0.36706840991973877,0.0,0.37425997853279114,0.5427771806716919,0.5143585801124573,0.5044649243354797,0.7588582038879395,2.38572359085083,2.0932276248931885,1.9030802249908447,1.5247814655303955,1.5683192014694214,1.2842625379562378,1.4759362936019897,1.4145742654800415,1.0471131801605225,1.0968552827835083,1.3597434759140015,1.198302984237671,0.8970845341682434,1.1133825778961182,1.3894999027252197,1.4115298986434937,1.388663649559021,1.1760997772216797,1.1340174674987793,1.3926618099212646,1.3324089050292969,1.7042968273162842,1.7903724908828735,1.589807152748108,1.7828114032745361,2.1081457138061523,2.11550235748291,2.0188934803009033,2.2076876163482666,2.497042179107666,1.9558182954788208,1.8257811069488525,1.4734987020492554,1.3360927104949951,1.351557970046997,1.1283873319625854,1.3897814750671387,1.64795982837677,1.4896266460418701,1.4830907583236694,1.8286129236221313,1.9850027561187744,1.8597530126571655,1.8906452655792236,2.2132534980773926
B11,1.62492835521698,1.3140820264816284,1.3901280164718628,1.117593765258789,1.282205581665039,1.3264456987380981,1.4969642162322998,1.2104237079620361,1.0200402736663818,1.3476481437683105,1.4172065258026123,1.122880458831787,1.1675087213516235,1.523516058921814,1.6174598932266235,2.091386556625366,1.7247905731201172,1.5438461303710938,1.234197735786438,0.9721630811691284,0.8354125618934631,0.5941505432128906,0.4856909513473511,0.5521030426025391,0.37425997853279114,0.0,0.37129223346710205,0.5518222451210022,0.4986405670642853,0.5541803240776062,2.7201874256134033,2.4101011753082275,2.2323083877563477,1.8489185571670532,1.8493189811706543,1.5572932958602905,1.6829193830490112,1.6082875728607178,1.2612833976745605,1.2419573068618774,1.443130612373352,1.2600514888763428,0.9181768894195557,1.0866739749908447,1.3211164474487305,1.466779112815857,1.5307549238204956,1.3246759176254272,1.3760706186294556,1.6198500394821167,1.5927734375,1.9479821920394897,2.06365704536438,1.9026565551757812,2.0842843055725098,2.403538942337036,2.4391520023345947,2.3610239028930664,2.5309038162231445,2.822697162628174,2.2630090713500977,2.16611647605896,1.8161605596542358,1.7023245096206665,1.7210792303085327,1.495975375175476,1.737295389175415,2.0110936164855957,1.849083423614502,1.8159464597702026,2.1637494564056396,2.329705238342285,2.1795108318328857,2.187833070755005,2.521084785461426
B12,1.912470817565918,1.5712977647781372,1.5868844985961914,1.2628893852233887,1.3393067121505737,1.3048338890075684,1.4204111099243164,1.1365681886672974,0.9072152376174927,1.1674809455871582,1.213958978652954,0.8805968761444092,0.8738409280776978,1.2381446361541748,1.3158998489379883,2.0619213581085205,1.6865795850753784,1.572617530822754,1.240729808807373,1.0690640211105347,0.9695246815681458,0.8441978693008423,0.5970313549041748,0.5339070558547974,0.5427771806716919,0.37129223346710205,0.0,0.3688904941082001,0.5490148663520813,0.5488190650939941,2.60782790184021,2.2705421447753906,2.1264874935150146,1.7421884536743164,1.6986477375030518,1.4409735202789307,1.5084878206253052,1.3786814212799072,1.0651581287384033,1.0515073537826538,1.175042748451233,0.9437516331672668,0.6231914758682251,0.8414468169212341,1.015102744102478,1.7559864521026611,1.780930995941162,1.5174826383590698,1.5230053663253784,1.703513264656067,1.6075751781463623,1.9441486597061157,2.114844799041748,1.9431535005569458,2.0617876052856445,2.402160406112671,2.476304769515991,2.365112781524658,2.4897968769073486,2.8058676719665527,2.1860740184783936,2.1281468868255615,1.8111004829406738,1.7132062911987305,1.8104861974716187,1.6167893409729004,1.9117242097854614,2.1402218341827393,1.9500091075897217,1.978082299232483,2.336029291152954,2.454817771911621,2.3049681186676025,2.366656541824341,2.699361801147461
B13,1.773396372795105,1.4024770259857178,1.3788777589797974,1.0489314794540405,1.0438952445983887,1.0223394632339478,1.0831595659255981,0.7776927947998047,0.5999423265457153,0.8724380135536194,0.8814345598220825,0.5711751580238342,0.6710851788520813,1.0114964246749878,1.0789936780929565,2.217708110809326,1.8561055660247803,1.7095657587051392,1.3399919271469116,1.2105871438980103,1.0101802349090576,0.9635264873504639,0.8170097470283508,0.5888355374336243,0.5143585801124573,0.5518222451210022,0.3688904941082001,0.0,0.3649868667125702,0.5365089774131775,2.3501040935516357,2.027130365371704,1.9196546077728271,1.538455843925476,1.5579177141189575,1.354296088218689,1.4815289974212646,1.300511360168457,0.9753173589706421,1.09047269821167,1.2257672548294067,0.9441713094711304,0.7175833582878113,1.0356696844100952,1.1949490308761597,1.9071910381317139,1.8859238624572754,1.6370768547058105,1.5643138885498047,1.7607994079589844,1.616392731666565,1.9675061702728271,2.112811326980591,1.88368558883667,1.997334599494934,2.3550474643707275,2.3941750526428223,2.2357237339019775,2.375631809234619,2.6998746395111084,1.8391166925430298,1.8059331178665161,1.4930802583694458,1.446858525276184,1.5697658061981201,1.4383835792541504,1.7465393543243408,1.9575484991073608,1.8049553632736206,1.8794201612472534,2.2168524265289307,2.334239959716797,2.236290454864502,2.3201329708099365,2.631007194519043
