,A1,A2,A3,A4,A5,A6,A7,A8,A9,A10,A11,A12,A13,A14,A15,B1,B2,B3,B4,B5,B6,B7,B8,B9,B10,B11,B12,B13,B14,B15,C1,C2,C3,C4,C5,C6,C7,C8,C9,C10,C11,C12,C13,C14,C15,D1,D2,D3,D4,D5,D6,D7,D8,D9,D10,D11,D12,D13,D14,D15,E1,E2,E3,E4,E5,E6,E7,E8,E9,E10,E11,E12,E13,E14,E15
A1,0.0,0.3852846920490265,0.6130930185317993,0.838618814945221,0.7438110113143921,0.808850884437561,1.1146730184555054,1.2468442916870117,1.2626339197158813,1.4153773784637451,1.6261149644851685,1.7456737756729126,2.0437662601470947,2.2178213596343994,2.2608766555786133,0.8669918775558472,0.5803505778312683,0.4466574788093567,0.6160468459129333,0.9344347715377808,0.9624524712562561,0.9316124320030212,1.1931442022323608,1.4263025522232056,1.4348796606063843,1.4923830032348633,1.7395755052566528,2.0126497745513916,2.0336546897888184,2.115673065185547,1.3167816400527954,1.221999168395996,1.0225837230682373,1.323657751083374,1.5706757307052612,1.4409050941467285,1.449458122253418,1.7974873781204224,1.9439620971679688,1.845751404762268,1.9350990056991577,2.2463064193725586,2.458388566970825,2.4644851684570312,2.634038209915161,1.1322517395019531,1.2477607727050781,1.1479403972625732,1.5312384366989136,1.629420518875122,1.4654017686843872,1.6429213285446167,1.9723727703094482,2.005045175552368,1.9643086194992065,2.1887102127075195,2.437434434890747,2.640681266784668,2.7639453411102295,2.9422316551208496,0.8419399857521057,1.1602332592010498,1.2044804096221924,1.5495586395263672,1.4954453706741333,1.3774880170822144,1.6866859197616577,1.9223495721817017,1.8896358013153076,1.9321621656417847,2.206132411956787,2.383172035217285,2.625594139099121,2.792823314666748,2.910137891769409
A2,0.3852846920490265,0.0,0.37992969155311584,0.5095318555831909,0.5575790405273438,0.7211521863937378,0.9111666083335876,1.035362958908081,1.1614760160446167,1.3184106349945068,1.445210576057434,1.5752485990524292,1.8973790407180786,2.015641689300537,2.037285566329956,1.1227149963378906,0.9115625023841858,0.667221188545227,0.8924694657325745,1.197906255722046,1.1106956005096436,1.0391931533813477,1.373167634010315,1.5723490715026855,1.49068021774292,1.560793161392212,1.8659799098968506,2.087796688079834,2.090282678604126,2.229094982147217,1.4427791833877563,1.4393545389175415,1.2302473783493042,1.5741913318634033,1.760633945465088,1.5670342445373535,1.6241323947906494,1.9908795356750488,2.074572801589966,1.9450535774230957,2.0876801013946533,2.408862352371216,2.5912623405456543,2.6324563026428223,2.83418869972229,0.982970654964447,1.2097947597503662,1.1877491474151611,1.5661423206329346,1.5765422582626343,1.4268699884414673,1.685288429260254,1.97214937210083,1.9548916816711426,1.9628913402557373,2.2266740798950195,2.4281468391418457,2.6384074687957764,2.8081471920013428,2.969503164291382,0.5279229879379272,0.8939204216003418,1.0331501960754395,1.3233907222747803,1.2315222024917603,1.1981569528579712,1.5264394283294678,1.7030112743377686,1.689536213874817,1.79848313331604,2.0520379543304443,2.1866719722747803,2.4625983238220215,2.6300106048583984,2.7043044567108154
A3,0.6130930185317993,0.37992969155311584,0.0,0.38785088062286377,0.5514910817146301,0.5312450528144836,0.6429246664047241,0.8889934420585632,1.0305302143096924,1.0875319242477417,1.2020273208618164,1.409369707107544,1.6979832649230957,1.7940924167633057,1.8726890087127686,1.0570813417434692,0.9457440376281738,0.629657506942749,0.9321990013122559,1.1418054103851318,0.9407865405082703,0.9327602386474609,1.3070186376571655,1.418931007385254,1.2986533641815186,1.4463130235671997,1.7573710680007935,1.9427558183670044,1.9942724704742432,2.1761791706085205,1.28648042678833,1.3293009996414185,1.0845171213150024,1.4432467222213745,1.5638328790664673,1.3139570951461792,1.4114809036254883,1.7802165746688843,1.8072025775909424,1.6645172834396362,1.8547015190124512,2.1681318283081055,2.3344483375549316,2.4168553352355957,2.6320297718048096,0.7601365447044373,1.0184640884399414,0.9656749963760376,1.3286935091018677,1.280191421508789,1.0954734086990356,1.3878241777420044,1.657409429550171,1.602637529373169,1.6186827421188354,1.9036186933517456,2.085350275039673,2.288545608520508,2.480318546295166,2.641230344772339,0.31773310899734497,0.6338305473327637,0.6976868510246277,0.9860773086547852,0.8864401578903198,0.8204335570335388,1.1484371423721313,1.3356329202651978,1.3283981084823608,1.4263619184494019,1.6730605363845825,1.8186805248260498,2.0924112796783447,2.2524261474609375,2.3351473808288574
A4,0.838618814945221,0.5095318555831909,0.38785088062286377,0.0,0.38523295521736145,0.556952178478241,0.5156112909317017,0.6244151592254639,0.8747091293334961,1.0009599924087524,1.019671082496643,1.169296145439148,1.4946485757827759,1.5564709901809692,1.5776543617248535,1.4257749319076538,1.266235113143921,0.9234460592269897,1.130860686302185,1.379178762435913,1.1642236709594727,1.036773920059204,1.41585373878479,1.54759681224823,1.3524028062820435,1.4386450052261353,1.7943596839904785,1.9343376159667969,1.92743980884552,2.140892744064331,1.668851375579834,1.7118535041809082,1.4456642866134644,1.7855277061462402,1.9104182720184326,1.629082441329956,1.6915614604949951,2.0710859298706055,2.081343173980713,1.8870060443878174,2.0701615810394287,2.4059622287750244,2.526897430419922,2.598888397216797,2.8494558334350586,1.0381580591201782,1.3541964292526245,1.3326717615127563,1.6783970594406128,1.5746984481811523,1.3789466619491577,1.7017368078231812,1.9470289945602417,1.833571195602417,1.8527905941009521,2.1719861030578613,2.3269715309143066,2.503788948059082,2.7310054302215576,2.900259494781494,0.4355485439300537,0.7688404321670532,0.9267054200172424,1.0992493629455566,0.8801337480545044,0.904328465461731,1.267842411994934,1.3486112356185913,1.2967242002487183,1.4798208475112915,1.7336629629135132,1.7994621992111206,2.089677333831787,2.2854104042053223,2.3249268531799316
A5,0.7438110113143921,0.5575790405273438,0.5514910817146301,0.38523295521736145,0.0,0.3862089216709137,0.5442793369293213,0.5213754773139954,0.6271659731864929,0.8551853895187378,0.9722492098808289,1.0384604930877686,1.3695237636566162,1.5172085762023926,1.5248711109161377,1.3809595108032227,1.1454540491104126,0.796048641204834,0.875838041305542,1.1543123722076416,0.9927840828895569,0.7629244923591614,1.11064875125885,1.3012840747833252,1.1244091987609863,1.1356534957885742,1.4893741607666016,1.6546574831008911,1.6154868602752686,1.7989200353622437,1.7581018209457397,1.7153346538543701,1.4073771238327026,1.6974104642868042,1.8818159103393555,1.6144940853118896,1.5876045227050781,1.9737249612808228,2.0356011390686035,1.8149248361587524,1.9321823120117188,2.2908082008361816,2.401111602783203,2.420818567276001,2.6774885654449463,1.3065204620361328,1.564192533493042,1.4625993967056274,1.8292691707611084,1.778679370880127,1.5288149118423462,1.7962685823440552,2.091613292694092,1.985376238822937,1.9332540035247803,2.2472290992736816,2.449152708053589,2.5921859741210938,2.7960832118988037,3.004474401473999,0.7585409283638,1.106103777885437,1.183944821357727,1.4018412828445435,1.169826626777649,1.086243987083435,1.4693695306777954,1.5788664817810059,1.4501187801361084,1.587127447128296,1.894677996635437,1.9669934511184692,2.2152297496795654,2.448523998260498,2.5245909690856934
A6,0.808850884437561,0.7211521863937378,0.5312450528144836,0.556952178478241,0.3862089216709137,0.0,0.3876152038574219,0.5665937066078186,0.5439537763595581,0.6148548722267151,0.8325833678245544,0.9984785318374634,1.262664556503296,1.4387397766113281,1.5379962921142578,1.1805970668792725,1.0127028226852417,0.6372947692871094,0.7521559000015259,0.9154201745986938,0.6632238030433655,0.49983781576156616,0.8860193490982056,0.9911525845527649,0.8115106821060181,0.9266213178634644,1.2602157592773438,1.4237452745437622,1.465520977973938,1.664306402206421,1.5405738353729248,1.4865975379943848,1.1431267261505127,1.410550832748413,1.5635310411453247,1.2687257528305054,1.234169363975525,1.6192307472229004,1.6613223552703857,1.4307277202606201,1.561783790588379,1.916941523551941,2.025498390197754,2.0653254985809326,2.323007345199585,1.2084758281707764,1.4172675609588623,1.243006944656372,1.588226318359375,1.5380587577819824,1.2384140491485596,1.4765931367874146,1.78386390209198,1.667742133140564,1.5775631666183472,1.8916910886764526,2.1083908081054688,2.232865333557129,2.4294416904449463,2.653392791748047,0.7984440922737122,1.0632920265197754,1.0126543045043945,1.2501471042633057,1.038433313369751,0.8373814821243286,1.2075011730194092,1.369256854057312,1.2166882753372192,1.283066987991333,1.6116496324539185,1.7268073558807373,1.9430859088897705,2.173892021179199,2.293449640274048
A7,1.1146730184555054,0.9111666083335876,0.6429246664047241,0.5156112909317017,0.5442793369293213,0.3876152038574219,0.0,0.38416045904159546,0.5543379187583923,0.5240936279296875,0.5593716502189636,0.804889440536499,1.067913293838501,1.1575508117675781,1.2717673778533936,1.4689912796020508,1.357518196105957,0.9820542931556702,1.1386831998825073,1.269315481185913,0.9587279558181763,0.82918781042099,1.1964595317840576,1.2255799770355225,0.9571950435638428,1.1010539531707764,1.456281304359436,1.5335886478424072,1.5725576877593994,1.8346588611602783,1.7096232175827026,1.727744221687317,1.3995119333267212,1.6820921897888184,1.765617847442627,1.4257678985595703,1.4462121725082397,1.8166626691818237,1.7821933031082153,1.5275661945343018,1.7166787385940552,2.058621644973755,2.125307559967041,2.2110042572021484,2.4939193725585938,1.2104897499084473,1.4815555810928345,1.3611022233963013,1.6662094593048096,1.5243628025054932,1.2344027757644653,1.5342711210250854,1.7784981727600098,1.5942468643188477,1.5499839782714844,1.8996845483779907,2.055614471435547,2.1707985401153564,2.417895555496216,2.624955177307129,0.7751270532608032,0.9623875021934509,0.9408919215202332,1.0616358518600464,0.763985276222229,0.6334314346313477,1.014992117881775,1.0804100036621094,0.9106223583221436,1.0658987760543823,1.373832106590271,1.4269623756408691,1.6726731061935425,1.913140058517456,1.990857481956482
A8,1.2468442916870117,1.035362958908081,0.8889934420585632,0.6244151592254639,0.5213754773139954,0.5665937066078186,0.38416045904159546,0.0,0.3754836916923523,0.5512003302574158,0.5027035474777222,0.5497212409973145,0.8899998068809509,0.9992771744728088,1.016983151435852,1.742995023727417,1.562764286994934,1.1893861293792725,1.2500478029251099,1.432356834411621,1.1776139736175537,0.9270635843276978,1.247556447982788,1.3370000123977661,1.0401241779327393,1.0555310249328613,1.4377810955047607,1.4859646558761597,1.4349861145019531,1.7047656774520874,2.0533132553100586,2.0391056537628174,1.6993882656097412,1.9610127210617065,2.0863285064697266,1.7568869590759277,1.7203772068023682,2.0935816764831543,2.08661150932312,1.8030070066452026,1.942036509513855,2.3030171394348145,2.3376264572143555,2.3804240226745605,2.683866500854492,1.540563941001892,1.828750491142273,1.7174458503723145,2.0386502742767334,1.9058864116668701,1.6175025701522827,1.9073420763015747,2.159058094024658,1.965009093284607,1.9028260707855225,2.255702257156372,2.4151604175567627,2.505469799041748,2.756504774093628,2.9791393280029297,1.014963150024414,1.2596982717514038,1.3031361103057861,1.4007550477981567,1.0686061382293701,0.9989224076271057,1.3697540760040283,1.371935248374939,1.1575287580490112,1.3514705896377563,1.6645580530166626,1.652240514755249,1.8839612007141113,2.1613824367523193,2.2134854793548584
A9,1.2626339197158813,1.1614760160446167,1.0305302143096924,0.8747091293334961,0.6271659731864929,0.5439537763595581,0.5543379187583923,0.3754836916923523,0.0,0.369667649269104,0.5484046339988708,0.5278093814849854,0.799168586730957,1.0404818058013916,1.1014339923858643,1.6705976724624634,1.4723833799362183,1.1206612586975098,1.0832970142364502,1.2162001132965088,0.9897618293762207,0.6807851791381836,0.9331592917442322,1.0249395370483398,0.7283734679222107,0.6846452951431274,1.068066954612732,1.1271668672561646,1.076824426651001,1.3368773460388184,2.0560617446899414,1.977909803390503,1.6107176542282104,1.8108512163162231,1.965531587600708,1.6498125791549683,1.534726858139038,1.8967877626419067,1.9253818988800049,1.6201905012130737,1.697265386581421,2.070356607437134,2.0896105766296387,2.0895965099334717,2.3984591960906982,1.7074153423309326,1.9396158456802368,1.7585772275924683,2.079759120941162,1.9921876192092896,1.6612752676010132,1.8886674642562866,2.176917791366577,1.9949114322662354,1.8633347749710083,2.2006261348724365,2.4024159908294678,2.457740068435669,2.6797399520874023,2.937654972076416,1.2395750284194946,1.4931058883666992,1.4612418413162231,1.608360767364502,1.3052570819854736,1.1285369396209717,1.4863133430480957,1.543407917022705,1.280910849571228,1.3873569965362549,1.7412545680999756,1.7622982263565063,1.9363501071929932,2.23470401763916,2.3390004634857178
A10,1.4153773784637451,1.3184106349945068,1.0875319242477417,1.0009599924087524,0.8551853895187378,0.6148548722267151,0.5240936279296875,0.5512003302574158,0.369667649269104,0.0,0.37926995754241943,0.5652118921279907,0.7027972340583801,0.9271152019500732,1.1096395254135132,1.6448887586593628,1.5260016918182373,1.177452802658081,1.1972113847732544,1.227713704109192,0.9195166826248169,0.7284530997276306,0.9744277000427246,0.9240624904632568,0.5738404393196106,0.6998550891876221,1.0400642156600952,1.0434266328811646,1.1026415824890137,1.4002419710159302,1.9538769721984863,1.8999412059783936,1.5288121700286865,1.709680438041687,1.8010859489440918,1.453404426574707,1.3584009408950806,1.6990478038787842,1.670235276222229,1.345402479171753,1.4636112451553345,1.821264624595642,1.8160654306411743,1.8624669313430786,2.1825671195983887,1.64529550075531,1.8539652824401855,1.6480827331542969,1.9235910177230835,1.804839849472046,1.4507956504821777,1.6644400358200073,1.926586627960205,1.710301399230957,1.5615646839141846,1.907705545425415,2.092834949493408,2.1228456497192383,2.358700752258301,2.6215314865112305,1.2798535823822021,1.4493634700775146,1.3400061130523682,1.4503482580184937,1.1565567255020142,0.9179986119270325,1.2296123504638672,1.2882566452026367,0.9912648797035217,1.0510833263397217,1.4150958061218262,1.4482953548431396,1.5937092304229736,1.8954352140426636,2.025942325592041
A11,1.6261149644851685,1.445210576057434,1.2020273208618164,1.019671082496643,0.9722492098808289,0.8325833678245544,0.5593716502189636,0.5027035474777222,0.5484046339988708,0.37926995754241943,0.0,0.3795890808105469,0.5342379808425903,0.6184898018836975,0.8041624426841736,1.9271624088287354,1.818796157836914,1.451362133026123,1.51630699634552,1.583712100982666,1.262455701828003,1.080259084701538,1.3463871479034424,1.298905849456787,0.9416040778160095,1.0364494323730469,1.3761667013168335,1.316752552986145,1.332981824874878,1.6644059419631958,2.168579339981079,2.1688058376312256,1.8150556087493896,2.030479669570923,2.0881011486053467,1.7217434644699097,1.681172251701355,2.015071392059326,1.9390575885772705,1.6163482666015625,1.7777220010757446,2.1164164543151855,2.08550763130188,2.1647462844848633,2.4950180053710938,1.713484287261963,1.9743993282318115,1.8265550136566162,2.0855965614318848,1.9042655229568481,1.581095814704895,1.8478034734725952,2.056689977645874,1.7963817119598389,1.704877495765686,2.0713024139404297,2.1977810859680176,2.22792387008667,2.506273031234741,2.7443528175354004,1.311885952949524,1.4435878992080688,1.3893951177597046,1.4057283401489258,1.0558083057403564,0.9265708923339844,1.2190697193145752,1.16117525100708,0.8485156893730164,1.0267328023910522,1.3456242084503174,1.285468339920044,1.4641201496124268,1.7790464162826538,1.8478537797927856
A12,1.7456737756729126,1.5752485990524292,1.409369707107544,1.169296145439148,1.0384604930877686,0.9984785318374634,0.804889440536499,0.5497212409973145,0.5278093814849854,0.5652118921279907,0.3795890808105469,0.0,0.36567071080207825,0.5432512760162354,0.5820502042770386,2.1478919982910156,1.9816854000091553,1.6192808151245117,1.6095447540283203,1.7151192426681519,1.4505544900894165,1.1818674802780151,1.3929041624069214,1.4060029983520508,1.0535998344421387,1.010454773902893,1.3531475067138672,1.2664138078689575,1.1790724992752075,1.511400818824768,2.4608426094055176,2.426001787185669,2.0609352588653564,2.2599050998687744,2.3628928661346436,2.0131804943084717,1.9211814403533936,2.2581708431243896,2.2213973999023438,1.8844938278198242,1.988455891609192,2.3420703411102295,2.290510416030884,2.317931890487671,2.6592605113983154,2.009324550628662,2.2801601886749268,2.1308465003967285,2.4158501625061035,2.257213592529297,1.9320071935653687,2.1879680156707764,2.418344497680664,2.1679909229278564,2.057492256164551,2.4177939891815186,2.560839891433716,2.57572603225708,2.8440539836883545,3.0975232124328613,1.5359594821929932,1.7262235879898071,1.715197205543518,1.7499903440475464,1.3898614645004272,1.2874755859375,1.5958399772644043,1.5268824100494385,1.2145922183990479,1.3942722082138062,1.7110871076583862,1.6199967861175537,1.7757850885391235,2.1095824241638184,2.1635940074920654
A13,2.0437662601470947,1.8973790407180786,1.6979832649230957,1.4946485757827759,1.3695237636566162,1.262664556503296,1.067913293838501,0.8899998068809509,0.799168586730957,0.7027972340583801,0.5342379808425903,0.36567071080207825,0.0,0.37533077597618103,0.5603047013282776,2.347085952758789,2.2114956378936768,1.8609541654586792,1.8370578289031982,1.8783422708511353,1.6007362604141235,1.3666929006576538,1.5174543857574463,1.454622745513916,1.0963653326034546,1.070564866065979,1.3458516597747803,1.1654874086380005,1.1095149517059326,1.4721744060516357,2.638324499130249,2.5980756282806396,2.2267086505889893,2.3845746517181396,2.45729660987854,2.100309371948242,1.9879440069198608,2.2876245975494385,2.2209458351135254,1.8634427785873413,1.953546404838562,2.2850308418273926,2.1778180599212646,2.209756374359131,2.567204713821411,2.244158983230591,2.492389678955078,2.3168513774871826,2.5677618980407715,2.39556622505188,2.0531883239746094,2.277517795562744,2.4862608909606934,2.2065088748931885,2.065887451171875,2.419328212738037,2.547853946685791,2.5116310119628906,2.7851765155792236,3.0543324947357178,1.8284651041030884,1.9767347574234009,1.9165161848068237,1.9210872650146484,1.5694440603256226,1.434043049812317,1.6841044425964355,1.5918314456939697,1.2387657165527344,1.3746474981307983,1.679141640663147,1.5569038391113281,1.6435366868972778,2.001910924911499,2.072115659713745
A14,2.2178213596343994,2.015641689300537,1.7940924167633057,1.5564709901809692,1.5172085762023926,1.4387397766113281,1.1575508117675781,0.9992771744728088,1.0404818058013916,0.9271152019500732,0.6184898018836975,0.5432512760162354,0.37533077597618103,0.0,0.3692425489425659,2.540280818939209,2.4282824993133545,2.0627315044403076,2.0938124656677246,2.1514995098114014,1.8429535627365112,1.6385153532028198,1.8378864526748657,1.7652968168258667,1.3989958763122559,1.4203695058822632,1.706574559211731,1.525375247001648,1.482890248298645,1.8461644649505615,2.763272762298584,2.7723374366760254,2.4169070720672607,2.6076531410217285,2.645073175430298,2.2715184688568115,2.214268207550049,2.513746738433838,2.404221296310425,2.0583949089050293,2.20011830329895,2.5140225887298584,2.403728723526001,2.479593276977539,2.835613489151001,2.269824266433716,2.547083854675293,2.4158663749694824,2.6457910537719727,2.4253010749816895,2.1136722564697266,2.374502182006836,2.5361056327819824,2.22751522064209,2.1390724182128906,2.502915382385254,2.5794620513916016,2.55043625831604,2.857053756713867,3.096900701522827,1.8627357482910156,1.9631966352462769,1.932858943939209,1.8647207021713257,1.4995782375335693,1.4438996315002441,1.655861496925354,1.4799466133117676,1.1480456590652466,1.3561644554138184,1.5996168851852417,1.402683138847351,1.5128117799758911,1.8637510538101196,1.8731368780136108
A15,2.2608766555786133,2.037285566329956,1.8726890087127686,1.5776543617248535,1.5248711109161377,1.5379962921142578,1.2717673778533936,1.016983151435852,1.1014339923858643,1.1096395254135132,0.8041624426841736,0.5820502042770386,0.5603047013282776,0.3692425489425659,0.0,2.696833372116089,2.541839599609375,2.172004222869873,2.182647228240967,2.2957851886749268,2.018799304962158,1.763288140296936,1.9664274454116821,1.95894193649292,1.5990406274795532,1.550398349761963,1.8579918146133423,1.6974142789840698,1.5767247676849365,1.9202216863632202,2.956737518310547,2.960110664367676,2.604635715484619,2.815047264099121,2.8872480392456055,2.5216774940490723,2.456760883331299,2.778317451477051,2.6987342834472656,2.3553359508514404,2.4804701805114746,2.8125627040863037,2.7165145874023438,2.7650811672210693,3.120673179626465,2.405653238296509,2.7102420330047607,2.604060411453247,2.864109516143799,2.652179002761841,2.3542377948760986,2.6364870071411133,2.8139662742614746,2.520747661590576,2.4478912353515625,2.8161323070526123,2.9010751247406006,2.8931360244750977,3.1976840496063232,3.4330337047576904,1.9281760454177856,2.0709025859832764,2.1018788814544678,2.043966293334961,1.664001226425171,1.6581695079803467,1.909314751625061,1.726993441581726,1.4274269342422485,1.6722112894058228,1.9140480756759644,1.710318922996521,1.8520021438598633,2.191477060317993,2.167961597442627
B1,0.8669918775558472,1.1227149963378906,1.0570813417434692,1.4257749319076538,1.3809595108032227,1.1805970668792725,1.4689912796020508,1.742995023727417,1.6705976724624634,1.6448887586593628,1.9271624088287354,2.1478919982910156,2.347085952758789,2.540280818939209,2.696833372116089,0.0,0.383737176656723,0.6023455858230591,0.8159714341163635,0.7433313727378845,0.8079227805137634,1.0947628021240234,1.2351869344711304,1.2926479578018188,1.4455187320709229,1.6454824209213257,1.7573169469833374,2.0453433990478516,2.2087888717651367,2.26292085647583,0.6402944922447205,0.3837844431400299,0.2680201530456543,0.537894606590271,0.7664040327072144,0.7960527539253235,0.8706195950508118,1.1109451055526733,1.2905975580215454,1.3407577276229858,1.4293946027755737,1.6398682594299316,1.934343934059143,1.980785846710205,2.059148073196411,1.1261703968048096,0.975584089756012,0.6893129348754883,0.966495156288147,1.222706913948059,1.0790027379989624,1.0468580722808838,1.4043008089065552,1.5571831464767456,1.4672924280166626,1.569124698638916,1.8709921836853027,2.0826802253723145,2.1114630699157715,2.2813096046447754,1.267638087272644,1.3743196725845337,1.1875336170196533,1.5651440620422363,1.653333306312561,1.4104324579238892,1.5644230842590332,1.918116569519043,1.9260050058364868,1.8091678619384766,2.038168430328369,2.3264400959014893,2.497079610824585,2.597033977508545,2.797138214111328
B2,0.5803505778312683,0.9115625023841858,0.9457440376281738,1.266235113143921,1.1454540491104126,1.0127028226852417,1.357518196105957,1.562764286994934,1.4723833799362183,1.5260016918182373,1.818796157836914,1.9816854000091553,2.2114956378936768,2.4282824993133545,2.541839599609375,0.383737176656723,0.0,0.3776974081993103,0.4966067671775818,0.5765377879142761,0.733319878578186,0.8959172368049622,1.0328550338745117,1.1974459886550903,1.3393630981445312,1.4603744745254517,1.597286581993103,1.9081668853759766,2.0145974159240723,2.0489253997802734,0.9973242282867432,0.7626635432243347,0.5682830214500427,0.7843435406684875,1.0862751007080078,1.056118369102478,1.025698184967041,1.319137454032898,1.52902352809906,1.502263069152832,1.5436984300613403,1.8101600408554077,2.0708255767822266,2.0651543140411377,2.1775543689727783,1.250054121017456,1.2013978958129883,0.9641427397727966,1.2982898950576782,1.5013470649719238,1.3188114166259766,1.3558118343353271,1.723455548286438,1.8227651119232178,1.7175750732421875,1.8696467876434326,2.172152280807495,2.360947847366333,2.4159295558929443,2.610111713409424,1.2036216259002686,1.412845492362976,1.3003475666046143,1.6811151504516602,1.6946134567260742,1.4677444696426392,1.702438235282898,2.017814874649048,1.980273723602295,1.9117536544799805,2.1839890480041504,2.4301743507385254,2.615182638168335,2.759392738342285,2.9415218830108643
B3,0.4466574788093567,0.667221188545227,0.629657506942749,0.9234460592269897,0.796048641204834,0.6372947692871094,0.9820542931556702,1.1893861293792725,1.1206612586975098,1.177452802658081,1.451362133026123,1.6192808151245117,1.8609541654586792,2.0627315044403076,2.172004222869873,0.6023455858230591,0.3776974081993103,0.0,0.3842250406742096,0.5602307319641113,0.5330303907394409,0.6226459741592407,0.8812342286109924,1.0406609773635864,1.0861189365386963,1.2169628143310547,1.4270299673080444,1.7003594636917114,1.7895050048828125,1.8809044361114502,1.108272910118103,0.9647951126098633,0.6675207018852234,0.9498582482337952,1.1899837255477905,1.031002163887024,1.0076452493667603,1.3655564785003662,1.510276436805725,1.4043935537338257,1.4900367259979248,1.8013590574264526,2.0131094455718994,2.0292487144470215,2.2005562782287598,1.103352665901184,1.1609628200531006,0.93647700548172,1.3061670064926147,1.4130562543869019,1.1776601076126099,1.3040457963943481,1.663776159286499,1.686806321144104,1.589632511138916,1.8095382452011108,2.085392475128174,2.2595102787017822,2.3703691959381104,2.5757765769958496,0.9256959557533264,1.169749140739441,1.0727710723876953,1.4322105646133423,1.3834741115570068,1.1595852375030518,1.4434655904769897,1.723032832145691,1.6584757566452026,1.6296428442001343,1.9217625856399536,2.132730007171631,2.33343243598938,2.503676414489746,2.6650824546813965
B4,0.6160468459129333,0.8924694657325745,0.9321990013122559,1.130860686302185,0.875838041305542,0.7521559000015259,1.1386831998825073,1.2500478029251099,1.0832970142364502,1.1972113847732544,1.51630699634552,1.6095447540283203,1.8370578289031982,2.0938124656677246,2.182647228240967,0.8159714341163635,0.4966067671775818,0.3842250406742096,0.0,0.38437992334365845,0.5543469190597534,0.4992642104625702,0.616658627986908,0.8843954801559448,0.992154061794281,1.0223370790481567,1.1876460313796997,1.5012481212615967,1.5573525428771973,1.5912911891937256,1.4114676713943481,1.1868844032287598,0.8811588883399963,1.0350792407989502,1.3435955047607422,1.216426134109497,1.0661990642547607,1.4061421155929565,1.6122452020645142,1.4757081270217896,1.4670754671096802,1.797477126121521,1.988217830657959,1.9340767860412598,2.1090455055236816,1.4859957695007324,1.5374723672866821,1.2892205715179443,1.6404500007629395,1.7644399404525757,1.4985820055007935,1.5805270671844482,1.9578758478164673,1.969970703125,1.8162919282913208,2.02882719039917,2.332777738571167,2.4651312828063965,2.557177782058716,2.7972638607025146,1.2436683177947998,1.5239050388336182,1.433179259300232,1.7762051820755005,1.680991768836975,1.4337459802627563,1.7352781295776367,1.9969608783721924,1.8733360767364502,1.8340473175048828,2.160215377807617,2.3526394367218018,2.522902011871338,2.7280473709106445,2.905271291732788
B5,0.9344347715377808,1.197906255722046,1.1418054103851318,1.379178762435913,1.1543123722076416,0.9154201745986938,1.269315481185913,1.432356834411621,1.2162001132965088,1.227713704109192,1.583712100982666,1.7151192426681519,1.8783422708511353,2.1514995098114014,2.2957851886749268,0.7433313727378845,0.5765377879142761,0.5602307319641113,0.38437992334365845,0.0,0.38636282086372375,0.5363222360610962,0.5105506181716919,0.6491314768791199,0.8700776696205139,0.9786545634269714,1.0453002452850342,1.366840124130249,1.5069572925567627,1.5264912843704224,1.3199111223220825,1.0473570823669434,0.717162549495697,0.750335156917572,1.0626360177993774,0.9602346420288086,0.7321889400482178,1.0460582971572876,1.2836005687713623,1.1651142835617065,1.113586187362671,1.4298337697982788,1.6364471912384033,1.577360987663269,1.7332158088684082,1.576863408088684,1.563043475151062,1.246092677116394,1.5427114963531494,1.6917037963867188,1.3992551565170288,1.3966481685638428,1.7841908931732178,1.809460163116455,1.6015527248382568,1.7780301570892334,2.1097259521484375,2.212851047515869,2.2711901664733887,2.531865119934082,1.4492038488388062,1.6621426343917847,1.4844192266464233,1.8222407102584839,1.756413459777832,1.446568250656128,1.6912760734558105,1.986989140510559,1.8526414632797241,1.738826036453247,2.061687707901001,2.289163589477539,2.4130237102508545,2.607193946838379,2.8255863189697266
B6,0.9624524712562561,1.1106956005096436,0.9407865405082703,1.1642236709594727,0.9927840828895569,0.6632238030433655,0.9587279558181763,1.1776139736175537,0.9897618293762207,0.9195166826248169,1.262455701828003,1.4505544900894165,1.6007362604141235,1.8429535627365112,2.018799304962158,0.8079227805137634,0.733319878578186,0.5330303907394409,0.5543469190597534,0.38636282086372375,0.0,0.3869667053222656,0.563883364200592,0.5538062453269958,0.6384679675102234,0.864733874797821,1.0149396657943726,1.2642872333526611,1.4338881969451904,1.5445988178253174,1.2527536153793335,1.0747900009155273,0.6923518180847168,0.8236203789710999,1.0174288749694824,0.7810775637626648,0.6190392374992371,0.9982325434684753,1.1266621351242065,0.9438983798027039,0.99688720703125,1.340458869934082,1.5107495784759521,1.5236074924468994,1.730525255203247,1.3672462701797485,1.4000002145767212,1.083471655845642,1.3765323162078857,1.4472464323043823,1.11356782913208,1.169044852256775,1.5402567386627197,1.5050339698791504,1.3056930303573608,1.5380558967590332,1.840468168258667,1.939361333847046,2.048888683319092,2.308302402496338,1.2337722778320312,1.407096028327942,1.1979798078536987,1.501857042312622,1.4141796827316284,1.0827466249465942,1.3283909559249878,1.61191987991333,1.468030333518982,1.3558462858200073,1.6842188835144043,1.9035643339157104,2.0343286991119385,2.23311710357666,2.4437646865844727
B7,0.9316124320030212,1.0391931533813477,0.9327602386474609,1.036773920059204,0.7629244923591614,0.49983781576156616,0.82918781042099,0.9270635843276978,0.6807851791381836,0.7284530997276306,1.080259084701538,1.1818674802780151,1.3666929006576538,1.6385153532028198,1.763288140296936,1.0947628021240234,0.8959172368049622,0.6226459741592407,0.4992642104625702,0.5363222360610962,0.3869667053222656,0.0,0.38919851183891296,0.5561507344245911,0.5201990008354187,0.5950544476509094,0.8435130715370178,1.0916770696640015,1.1715507507324219,1.295424461364746,1.5827807188034058,1.4129040241241455,1.0397005081176758,1.1818183660507202,1.4027372598648071,1.1608070135116577,0.9791717529296875,1.3446747064590454,1.4709242582321167,1.2333183288574219,1.2481985092163086,1.6182066202163696,1.730584740638733,1.6980807781219482,1.9441218376159668,1.5366569757461548,1.6455802917480469,1.3779908418655396,1.7037802934646606,1.7362433671951294,1.4011387825012207,1.5184121131896973,1.874275803565979,1.7951020002365112,1.6088663339614868,1.8768895864486694,2.157597303390503,2.237490653991699,2.3770713806152344,2.6452481746673584,1.239001989364624,1.4874770641326904,1.357964277267456,1.6335095167160034,1.4631404876708984,1.1757533550262451,1.4903699159622192,1.7047492265701294,1.5095049142837524,1.4713200330734253,1.827942967414856,1.9814170598983765,2.125871181488037,2.3700642585754395,2.5495502948760986
B8,1.1931442022323608,1.373167634010315,1.3070186376571655,1.41585373878479,1.11064875125885,0.8860193490982056,1.1964595317840576,1.247556447982788,0.9331592917442322,0.9744277000427246,1.3463871479034424,1.3929041624069214,1.5174543857574463,1.8378864526748657,1.9664274454116821,1.2351869344711304,1.0328550338745117,0.8812342286109924,0.616658627986908,0.5105506181716919,0.563883364200592,0.38919851183891296,0.0,0.37869518995285034,0.5466208457946777,0.5029733180999756,0.5739039778709412,0.9031478762626648,1.0011435747146606,1.0310029983520508,1.7740031480789185,1.534754753112793,1.176605463027954,1.1959173679351807,1.455528974533081,1.2755091190338135,0.9874389171600342,1.2901651859283447,1.4810093641281128,1.2483723163604736,1.1440547704696655,1.5067389011383057,1.6053417921066284,1.4937694072723389,1.7273197174072266,1.8780473470687866,1.939291000366211,1.635011076927185,1.9338650703430176,2.0094242095947266,1.6667253971099854,1.7079963684082031,2.076432704925537,2.0168848037719727,1.7756847143173218,2.002653121948242,2.315458059310913,2.355902910232544,2.453230142593384,2.750218152999878,1.6187288761138916,1.8633216619491577,1.708681344985962,1.989880919456482,1.8303520679473877,1.5176953077316284,1.7998297214508057,2.025317907333374,1.8050811290740967,1.719477653503418,2.0814404487609863,2.243537664413452,2.339381217956543,2.5932135581970215,2.80393648147583
B9,1.4263025522232056,1.5723490715026855,1.418931007385254,1.54759681224823,1.3012840747833252,0.9911525845527649,1.2255799770355225,1.3370000123977661,1.0249395370483398,0.9240624904632568,1.298905849456787,1.4060029983520508,1.454622745513916,1.7652968168258667,1.95894193649292,1.2926479578018188,1.1974459886550903,1.0406609773635864,0.8843954801559448,0.6491314768791199,0.5538062453269958,0.5561507344245911,0.37869518995285034,0.0,0.3674602210521698,0.5322078466415405,0.5095636248588562,0.7638150453567505,0.9944454431533813,1.0779469013214111,1.738545298576355,1.5209922790527344,1.1569491624832153,1.1279062032699585,1.307016372680664,1.0935945510864258,0.7771956920623779,1.0473212003707886,1.1899099349975586,0.9186652898788452,0.804034411907196,1.1771702766418457,1.2438504695892334,1.1618068218231201,1.425534725189209,1.8930515050888062,1.9307039976119995,1.5976060628890991,1.8423566818237305,1.8939332962036133,1.5275685787200928,1.5289167165756226,1.876387596130371,1.791316270828247,1.5099858045578003,1.7297861576080322,2.0405991077423096,2.0416204929351807,2.13765549659729,2.452404022216797,1.711343765258789,1.8901431560516357,1.6723979711532593,1.9200834035873413,1.7744572162628174,1.4205524921417236,1.6442549228668213,1.8756835460662842,1.6408611536026,1.4934313297271729,1.84813392162323,2.0265259742736816,2.0772182941436768,2.3257620334625244,2.5661754608154297
B10,1.4348796606063843,1.49068021774292,1.2986533641815186,1.3524028062820435,1.1244091987609863,0.8115106821060181,0.9571950435638428,1.0401241779327393,0.7283734679222107,0.5738404393196106,0.9416040778160095,1.0535998344421387,1.0963653326034546,1.3989958763122559,1.5990406274795532,1.4455187320709229,1.3393630981445312,1.0861189365386963,0.992154061794281,0.8700776696205139,0.6384679675102234,0.5201990008354187,0.5466208457946777,0.3674602210521698,0.0,0.37520626187324524,0.567081093788147,0.6836497187614441,0.8755419254302979,1.0783709287643433,1.8392865657806396,1.6870499849319458,1.305920958518982,1.3650740385055542,1.498024582862854,1.208837628364563,0.9782326221466064,1.2827322483062744,1.3351986408233643,1.0096107721328735,1.001394510269165,1.3772748708724976,1.3881436586380005,1.3637676239013672,1.6709390878677368,1.8170788288116455,1.920796275138855,1.625091791152954,1.8820111751556396,1.86077082157135,1.481523871421814,1.563870906829834,1.88093900680542,1.7306755781173706,1.4821051359176636,1.7628390789031982,2.0269572734832764,2.0242042541503906,2.181842565536499,2.487110137939453,1.5654767751693726,1.7407546043395996,1.5492573976516724,1.7456787824630737,1.542873501777649,1.2100106477737427,1.461962342262268,1.6337966918945312,1.3610724210739136,1.2649122476577759,1.636523962020874,1.7629902362823486,1.8310127258300781,2.1101198196411133,2.320185661315918
B11,1.4923830032348633,1.560793161392212,1.4463130235671997,1.4386450052261353,1.1356534957885742,0.9266213178634644,1.1010539531707764,1.0555310249328613,0.6846452951431274,0.6998550891876221,1.0364494323730469,1.010454773902893,1.070564866065979,1.4203695058822632,1.550398349761963,1.6454824209213257,1.4603744745254517,1.2169628143310547,1.0223370790481567,0.9786545634269714,0.864733874797821,0.5950544476509094,0.5029733180999756,0.5322078466415405,0.37520626187324524,0.0,0.3838612735271454,0.5360479354858398,0.5819873213768005,0.7650930285453796,2.114030599594116,1.9312970638275146,1.552268147468567,1.6030763387680054,1.7936134338378906,1.5374441146850586,1.2757200002670288,1.570872187614441,1.6715987920761108,1.3564573526382446,1.2837021350860596,1.6553770303726196,1.647641897201538,1.5516895055770874,1.857521891593933,2.061811923980713,2.188565731048584,1.9079501628875732,2.1960721015930176,2.189255475997925,1.8190265893936157,1.9135059118270874,2.2422163486480713,2.098489284515381,1.8566054105758667,2.1336143016815186,2.402038812637329,2.394735813140869,2.5463671684265137,2.8572115898132324,1.7243719100952148,1.9576884508132935,1.8202111721038818,2.0239644050598145,1.7873812913894653,1.4943677186965942,1.7848055362701416,1.925055980682373,1.6353203058242798,1.5903103351593018,1.965788722038269,2.0520036220550537,2.1250057220458984,2.427229404449463,2.616415023803711
B12,1.7395755052566528,1.8659799098968506,1.7573710680007935,1.7943596839904785,1.4893741607666016,1.2602157592773438,1.456281304359436,1.4377810955047607,1.068066954612732,1.0400642156600952,1.3761667013168335,1.3531475067138672,1.3458516597747803,1.706574559211731,1.8579918146133423,1.7573169469833374,1.597286581993103,1.4270299673080444,1.1876460313796997,1.0453002452850342,1.0149396657943726,0.8435130715370178,0.5739039778709412,0.5095636248588562,0.567081093788147,0.3838612735271454,0.0,0.3647567629814148,0.5340553522109985,0.5742037892341614,2.2394354343414307,2.0117156505584717,1.6497207880020142,1.6084290742874146,1.8039580583572388,1.5985474586486816,1.2718236446380615,1.4919331073760986,1.6304963827133179,1.3324182033538818,1.1573939323425293,1.499186396598816,1.4670308828353882,1.2979161739349365,1.5925979614257812,2.325000286102295,2.402517795562744,2.086125373840332,2.3441154956817627,2.3740651607513428,1.9996429681777954,2.023508071899414,2.357004404067993,2.235799551010132,1.9475677013397217,2.1785080432891846,2.4720921516418457,2.4281089305877686,2.5353121757507324,2.868882894515991,2.048082113265991,2.265774965286255,2.0897743701934814,2.307051181793213,2.100426435470581,1.775607943534851,2.0249340534210205,2.192349433898926,1.9010045528411865,1.7955551147460938,2.1619174480438232,2.273068428039551,2.295694589614868,2.5905041694641113,2.8158106803894043
B13,2.0126497745513916,2.087796688079834,1.9427558183670044,1.9343376159667969,1.6546574831008911,1.4237452745437622,1.5335886478424072,1.4859646558761597,1.1271668672561646,1.0434266328811646,1.316752552986145,1.2664138078689575,1.1654874086380005,1.525375247001648,1.6974142789840698,2.0453433990478516,1.9081668853759766,1.7003594636917114,1.5012481212615967,1.366840124130249,1.2642872333526611,1.0916770696640015,0.9031478762626648,0.7638150453567505,0.6836497187614441,0.5360479354858398,0.3647567629814148,0.0,0.37215009331703186,0.5634548664093018,2.4763996601104736,2.2812440395355225,1.9123574495315552,1.8813505172729492,2.027006149291992,1.7854290008544922,1.4828613996505737,1.6813944578170776,1.7547725439071655,1.4208091497421265,1.2711098194122314,1.5897712707519531,1.4747370481491089,1.327669620513916,1.6620579957962036,2.499133348464966,2.600942373275757,2.2933521270751953,2.5311858654022217,2.514768600463867,2.1296329498291016,2.1695051193237305,2.4689078330993652,2.2988245487213135,2.0073153972625732,2.2548203468322754,2.514906644821167,2.4290904998779297,2.5639164447784424,2.9053401947021484,2.208981513977051,2.401850700378418,2.222405433654785,2.3878843784332275,2.1511213779449463,1.837061882019043,2.0638129711151123,2.1794474124908447,1.8525397777557373,1.75364351272583,2.110161066055298,2.1749989986419678,2.1602232456207275,2.4787020683288574,2.697803497314453
