,A1,A2,A3,A4,A5,A6,A7,A8,A9,A10,A11,A12,A13,A14,A15,B1,B2,B3,B4,B5,B6,B7,B8,B9,B10,B11,B12,B13,B14,B15,C1,C2,C3,C4,C5,C6,C7,C8,C9,C10,C11,C12,C13,C14,C15,D1,D2,D3,D4,D5,D6,D7,D8,D9,D10,D11,D12,D13,D14,D15,E1,E2,E3,E4,E5,E6,E7,E8,E9,E10,E11,E12,E13,E14,E15
A1,0.0,0.3805477023124695,0.5833276510238647,0.8600839972496033,0.915695309638977,0.9773809313774109,1.2148979902267456,1.391788125038147,1.4791491031646729,1.6134722232818604,1.8100436925888062,1.9701893329620361,2.2440476417541504,2.4199252128601074,2.5683341026306152,0.6178067922592163,0.6438025236129761,0.5865986347198486,0.8196509480476379,1.0986162424087524,1.1011552810668945,1.1362993717193604,1.4092118740081787,1.603068470954895,1.6231648921966553,1.7231353521347046,1.9648339748382568,2.2394068241119385,2.3098337650299072,2.5047130584716797,0.993387758731842,1.1643695831298828,1.019090175628662,1.3380509614944458,1.5506956577301025,1.4085174798965454,1.4739230871200562,1.8185060024261475,1.9273256063461304,1.854519009590149,2.0139307975769043,2.314310073852539,2.5111701488494873,2.615248918533325,2.884540557861328,0.9765145778656006,1.2797880172729492,1.1953364610671997,1.5728861093521118,1.6430898904800415,1.4707188606262207,1.685252070426941,1.9977525472640991,1.9948265552520752,1.9592278003692627,2.2172601222991943,2.4725723266601562,2.6415178775787354,2.8149380683898926,3.072911262512207,0.5686172246932983,0.9107705354690552,0.9877259135246277,1.3246588706970215,1.2911063432693481,1.2302852869033813,1.532729983329773,1.746659755706787,1.7335859537124634,1.823405146598816,2.0973422527313232,2.2650914192199707,2.4996001720428467,2.7176613807678223,2.8937759399414062
A2,0.3805477023124695,0.0,0.37982177734375,0.513565719127655,0.618539035320282,0.7809700965881348,0.9531227946281433,1.0812087059020996,1.2338898181915283,1.3999322652816772,1.5406795740127563,1.6807752847671509,1.9844982624053955,2.1338746547698975,2.2575976848602295,0.9589329957962036,0.9183196425437927,0.7200583815574646,0.8877143859863281,1.206560730934143,1.1428515911102295,1.0695607662200928,1.3843374252319336,1.5962358713150024,1.5393847227096558,1.5936423540115356,1.8845643997192383,2.128248453140259,2.157954454421997,2.3888590335845947,1.2752342224121094,1.4495670795440674,1.2399699687957764,1.5660687685012817,1.7407795190811157,1.523283839225769,1.583813190460205,1.951959252357483,2.011275053024292,1.8770290613174438,2.0576603412628174,2.3805739879608154,2.5267810821533203,2.636387348175049,2.9353387355804443,1.1384714841842651,1.4379392862319946,1.3399256467819214,1.7134939432144165,1.7026903629302979,1.4926040172576904,1.7551811933517456,2.047285556793213,1.9727674722671509,1.935213565826416,2.2388758659362793,2.470073699951172,2.6037182807922363,2.816103458404541,3.0744900703430176,0.6329414248466492,0.8580303192138672,0.966168224811554,1.2389905452728271,1.1044944524765015,1.084369421005249,1.4322236776351929,1.5761160850524902,1.5247336626052856,1.6742346286773682,1.960719347000122,2.071716785430908,2.3140389919281006,2.5552945137023926,2.6936116218566895
A3,0.5833276510238647,0.37982177734375,0.0,0.38186243176460266,0.5369997620582581,0.5243278741836548,0.6531323194503784,0.8878237009048462,1.0309703350067139,1.1112138032913208,1.25981605052948,1.4628169536590576,1.7362018823623657,1.8742815256118774,2.046928644180298,0.9787591695785522,0.9708084464073181,0.6651155352592468,0.9038539528846741,1.1362957954406738,0.9581702351570129,0.921131432056427,1.2844767570495605,1.4182052612304688,1.3085112571716309,1.4243121147155762,1.7379359006881714,1.939760684967041,2.011505603790283,2.2731800079345703,1.1690195798873901,1.3308321237564087,1.0799623727798462,1.4196269512176514,1.523154854774475,1.256805658340454,1.3624860048294067,1.7250102758407593,1.7269788980484009,1.5873034000396729,1.813717007637024,2.1207566261291504,2.2462923526763916,2.3934836387634277,2.689650297164917,0.9922439455986023,1.2254881858825684,1.0845705270767212,1.4388762712478638,1.3826518058776855,1.146314263343811,1.4285551309585571,1.7043242454528809,1.6039018630981445,1.573212742805481,1.890620470046997,2.105757474899292,2.2362821102142334,2.4623284339904785,2.712371587753296,0.5877618789672852,0.6814778447151184,0.6710321307182312,0.9362267851829529,0.7832762002944946,0.708422064781189,1.0607887506484985,1.220458745956421,1.1678215265274048,1.2999502420425415,1.5837903022766113,1.710905909538269,1.950223445892334,2.184494972229004,2.3377275466918945
A4,0.8600839972496033,0.513565719127655,0.38186243176460266,0.0,0.38169658184051514,0.5555180311203003,0.529417872428894,0.6366795897483826,0.8923079371452332,1.0321259498596191,1.0845136642456055,1.2398728132247925,1.5587334632873535,1.660882830619812,1.7875381708145142,1.3395962715148926,1.2815582752227783,0.965725302696228,1.100048542022705,1.3661600351333618,1.1838445663452148,1.0292720794677734,1.3861509561538696,1.550436019897461,1.3767421245574951,1.4140307903289795,1.76332426071167,1.932374358177185,1.9433259963989258,2.2320504188537598,1.5481970310211182,1.7084293365478516,1.4384987354278564,1.7588720321655273,1.8544182777404785,1.5535942316055298,1.6296101808547974,1.9976153373718262,1.971921682357788,1.7763793468475342,1.9987061023712158,2.3232758045196533,2.398468255996704,2.535137414932251,2.8565878868103027,1.3188145160675049,1.5534042119979858,1.4238793849945068,1.7569878101348877,1.6427185535430908,1.3912453651428223,1.6937099695205688,1.9401886463165283,1.774244785308838,1.7379658222198486,2.086993455886841,2.274468183517456,2.360989570617676,2.619661331176758,2.8683834075927734,0.8703762888908386,0.8759188652038574,0.9251519441604614,1.0752302408218384,0.8015443682670593,0.8066143989562988,1.177654504776001,1.2251360416412354,1.1139847040176392,1.3281311988830566,1.6175570487976074,1.6602178812026978,1.9026293754577637,2.1653833389282227,2.2646162509918213
A5,0.915695309638977,0.618539035320282,0.5369997620582581,0.38169658184051514,0.0,0.37933769822120667,0.5370737910270691,0.5155553221702576,0.6376374363899231,0.8785159587860107,1.013899326324463,1.0879826545715332,1.3962732553482056,1.5748717784881592,1.6759802103042603,1.3291488885879517,1.1671849489212036,0.8395830392837524,0.8500160574913025,1.118858814239502,0.9737453460693359,0.7288388609886169,1.0532277822494507,1.2619184255599976,1.1081178188323975,1.085455060005188,1.4229196310043335,1.6170073747634888,1.6070181131362915,1.87642502784729,1.6274718046188354,1.7079285383224487,1.3902506828308105,1.6535450220108032,1.7878304719924927,1.483085036277771,1.4697773456573486,1.8449946641921997,1.8558849096298218,1.6189730167388916,1.7837661504745483,2.134894847869873,2.2026443481445312,2.2924184799194336,2.6281638145446777,1.5230159759521484,1.726167917251587,1.5245208740234375,1.8550423383712769,1.78159499168396,1.4761844873428345,1.7167301177978516,2.003072500228882,1.8411691188812256,1.7262240648269653,2.060455083847046,2.2907464504241943,2.339604139328003,2.5698742866516113,2.854140281677246,1.108715295791626,1.1825939416885376,1.1519639492034912,1.350373387336731,1.0797556638717651,0.95964515209198,1.3355094194412231,1.4213913679122925,1.2272909879684448,1.373053789138794,1.7134146690368652,1.7709026336669922,1.9519704580307007,2.251885175704956,2.3723931312561035
A6,0.9773809313774109,0.7809700965881348,0.5243278741836548,0.5555180311203003,0.37933769822120667,0.0,0.3804730176925659,0.5567392110824585,0.5432947278022766,0.6398035883903503,0.8734647035598755,1.0371445417404175,1.2752788066864014,1.4762603044509888,1.6518752574920654,1.228960394859314,1.0934609174728394,0.7187753319740295,0.7982390522956848,0.9486115574836731,0.6979804635047913,0.5285770297050476,0.9016832113265991,1.0083955526351929,0.8278158903121948,0.9197603464126587,1.2573513984680176,1.4288047552108765,1.5008116960525513,1.7803534269332886,1.444596529006958,1.4849978685379028,1.1408640146255493,1.3890724182128906,1.4721370935440063,1.1406023502349854,1.1471190452575684,1.5127944946289062,1.4908374547958374,1.2564557790756226,1.4543777704238892,1.7902754545211792,1.8599060773849487,1.9816441535949707,2.306577682495117,1.3797507286071777,1.5087889432907104,1.2557666301727295,1.5546109676361084,1.479877233505249,1.1457209587097168,1.360206127166748,1.650159239768982,1.4916149377822876,1.3545658588409424,1.6831028461456299,1.9229934215545654,1.975298523902893,2.195812463760376,2.4831435680389404,1.0891027450561523,1.1228708028793335,0.9728701710700989,1.1809751987457275,0.9454826712608337,0.7071180939674377,1.0572564601898193,1.2033780813217163,1.0002790689468384,1.0657767057418823,1.4196783304214478,1.5325348377227783,1.6903458833694458,1.981046438217163,2.1458706855773926
A7,1.2148979902267456,0.9531227946281433,0.6531323194503784,0.529417872428894,0.5370737910270691,0.3804730176925659,0.0,0.37773922085762024,0.5468080639839172,0.5345280766487122,0.607476532459259,0.8487513065338135,1.1074049472808838,1.2234296798706055,1.420121192932129,1.5183486938476562,1.4386202096939087,1.0640205144882202,1.176880121231079,1.317248821258545,1.0281918048858643,0.8713016510009766,1.2256568670272827,1.2820656299591064,1.0161900520324707,1.1017372608184814,1.469398021697998,1.561285138130188,1.6162548065185547,1.9410312175750732,1.6435412168502808,1.7313642501831055,1.4087361097335815,1.6776483058929443,1.6947393417358398,1.3367559909820557,1.406516671180725,1.7454975843429565,1.6468437910079956,1.403700828552246,1.6537915468215942,1.962058186531067,1.9801695346832275,2.1427881717681885,2.4687976837158203,1.4597116708755493,1.5750147104263306,1.363936424255371,1.6274657249450684,1.4631025791168213,1.1485402584075928,1.4199044704437256,1.639624834060669,1.4104031324386597,1.3262386322021484,1.6916311979293823,1.865121603012085,1.9000221490859985,2.1720974445343018,2.427645206451416,1.1751742362976074,1.087837815284729,0.9554698467254639,1.038986086845398,0.7206043004989624,0.5535012483596802,0.8930731415748596,0.9276179075241089,0.6929706931114197,0.8623405694961548,1.1921404600143433,1.2339651584625244,1.4241552352905273,1.7172991037368774,1.8387980461120605
A8,1.391788125038147,1.0812087059020996,0.8878237009048462,0.6366795897483826,0.5155553221702576,0.5567392110824585,0.37773922085762024,0.0,0.37850168347358704,0.5637937188148499,0.5439527034759521,0.6074045300483704,0.9395977258682251,1.070586919784546,1.178898572921753,1.7573785781860352,1.613827109336853,1.2520946264266968,1.2607929706573486,1.437817096710205,1.20386803150177,0.935699462890625,1.232487440109253,1.3494726419448853,1.0694127082824707,1.0222105979919434,1.399350881576538,1.4771023988723755,1.4459562301635742,1.7786883115768433,1.9615532159805298,2.031817674636841,1.6921924352645874,1.9333642721176147,1.9875924587249756,1.6310126781463623,1.631949782371521,1.9751306772232056,1.8986022472381592,1.609180212020874,1.8046858310699463,2.136918544769287,2.1198983192443848,2.2350525856018066,2.5841171741485596,1.7981834411621094,1.93940269947052,1.7239019870758057,1.9946677684783936,1.8376768827438354,1.5137838125228882,1.760843276977539,1.985097885131836,1.737897276878357,1.6168584823608398,1.9772802591323853,2.1538286209106445,2.139688014984131,2.4101529121398926,2.680049180984497,1.4479763507843018,1.3937922716140747,1.3132133483886719,1.3891944885253906,1.0423603057861328,0.926976203918457,1.250070333480835,1.2262994050979614,0.9395169019699097,1.125749945640564,1.4570494890213013,1.4281020164489746,1.5764577388763428,1.90523099899292,1.9816025495529175
A9,1.4791491031646729,1.2338898181915283,1.0309703350067139,0.8923079371452332,0.6376374363899231,0.5432947278022766,0.5468080639839172,0.37850168347358704,0.0,0.375743567943573,0.5611618757247925,0.5550154447555542,0.7935134172439575,1.0465234518051147,1.171406626701355,1.7381200790405273,1.5438644886016846,1.1890040636062622,1.1290799379348755,1.2307283878326416,1.0009162425994873,0.699561357498169,0.9328881502151489,1.0221983194351196,0.7292534112930298,0.648211658000946,1.0261067152023315,1.1021474599838257,1.0925887823104858,1.422534465789795,1.9655429124832153,1.9638285636901855,1.5964646339416504,1.772874116897583,1.8326407670974731,1.478656530380249,1.4079524278640747,1.7335937023162842,1.673911690711975,1.350251317024231,1.4963626861572266,1.8396834135055542,1.809682011604309,1.891548991203308,2.2486889362335205,1.9029821157455444,2.0002949237823486,1.7260832786560059,1.9748445749282837,1.8574209213256836,1.4976674318313599,1.6712307929992676,1.921869158744812,1.6912305355072021,1.4939016103744507,1.8244493007659912,2.040541887283325,1.9935520887374878,2.2263293266296387,2.5276529788970947,1.6101781129837036,1.5971263647079468,1.4452095031738281,1.5675723552703857,1.262528419494629,1.039103627204895,1.332255244255066,1.3757715225219727,1.0521471500396729,1.1164354085922241,1.4813326597213745,1.5018850564956665,1.5750608444213867,1.921919345855713,2.043325424194336
A10,1.6134722232818604,1.3999322652816772,1.1112138032913208,1.0321259498596191,0.8785159587860107,0.6398035883903503,0.5345280766487122,0.5637937188148499,0.375743567943573,0.0,0.37937355041503906,0.5733484029769897,0.6855829954147339,0.9079318642616272,1.143798828125,1.7943934202194214,1.6542422771453857,1.285914421081543,1.3036363124847412,1.3252946138381958,1.0146466493606567,0.8292458057403564,1.0735743045806885,1.0293205976486206,0.675906240940094,0.7537791728973389,1.1053533554077148,1.103071928024292,1.1890738010406494,1.534378170967102,1.9179269075393677,1.9094868898391724,1.5493220090866089,1.7176294326782227,1.6987634897232056,1.323897123336792,1.3071961402893066,1.5939291715621948,1.4588491916656494,1.137598991394043,1.3479588031768799,1.6499409675598145,1.5907095670700073,1.7345843315124512,2.0760343074798584,1.8373547792434692,1.8699138164520264,1.585616111755371,1.778061866760254,1.6224424839019775,1.2620855569839478,1.4222123622894287,1.6293765306472778,1.3665951490402222,1.167803406715393,1.5070445537567139,1.6937148571014404,1.6340094804763794,1.8861461877822876,2.1739087104797363,1.6395224332809448,1.5629932880401611,1.3458329439163208,1.4168709516525269,1.1366437673568726,0.8683070540428162,1.0800780057907104,1.1209689378738403,0.7753825783729553,0.7710416913032532,1.134427785873413,1.1742819547653198,1.2221367359161377,1.5653376579284668,1.7137973308563232
A11,1.8100436925888062,1.5406795740127563,1.25981605052948,1.0845136642456055,1.013899326324463,0.8734647035598755,0.607476532459259,0.5439527034759521,0.5611618757247925,0.37937355041503906,0.0,0.38038259744644165,0.5479504466056824,0.6221519112586975,0.8673170804977417,2.0693602561950684,1.953711986541748,1.577350378036499,1.6125060319900513,1.6798444986343384,1.3731029033660889,1.1711452007293701,1.42416250705719,1.40325129032135,1.0447465181350708,1.0640753507614136,1.41569185256958,1.3626198768615723,1.3872255086898804,1.754815936088562,2.167588233947754,2.2060065269470215,1.8619099855422974,2.0622239112854004,2.0245978832244873,1.6444072723388672,1.6688241958618164,1.9482979774475098,1.779674768447876,1.4703819751739502,1.6997251510620117,1.9786173105239868,1.88299560546875,2.042853593826294,2.380048990249634,1.9989041090011597,2.047206163406372,1.808590292930603,1.9922865629196167,1.7770918607711792,1.4512784481048584,1.660180687904358,1.809295415878296,1.496849536895752,1.362509846687317,1.7185057401657104,1.8360230922698975,1.7567476034164429,2.0534534454345703,2.3031888008117676,1.7701952457427979,1.6329903602600098,1.464167833328247,1.4481797218322754,1.1182125806808472,0.9567708969116211,1.1404584646224976,1.0508434772491455,0.6804678440093994,0.8074720501899719,1.1064434051513672,1.022107481956482,1.0912095308303833,1.4457588195800781,1.516336441040039
A12,1.9701893329620361,1.6807752847671509,1.4628169536590576,1.2398728132247925,1.0879826545715332,1.0371445417404175,0.8487513065338135,0.6074045300483704,0.5550154447555542,0.5733484029769897,0.38038259744644165,0.0,0.3683217167854309,0.5297515392303467,0.6204396486282349,2.2623066902160645,2.0918660163879395,1.7290705442428589,1.6836377382278442,1.7694941759109497,1.5165575742721558,1.2398369312286377,1.4245482683181763,1.4533488750457764,1.10822594165802,0.9956326484680176,1.3272088766098022,1.2529792785644531,1.180713176727295,1.5496785640716553,2.433676242828369,2.450981616973877,2.0896291732788086,2.2641794681549072,2.2680790424346924,1.8955227136611938,1.8535794019699097,2.1366279125213623,2.004739999771118,1.6624222993850708,1.8243650197982788,2.1245946884155273,2.0044827461242676,2.1035315990448,2.4585084915161133,2.298382043838501,2.3725733757019043,2.1203854084014893,2.323489189147949,2.133639335632324,1.7933872938156128,1.9784674644470215,2.151196002960205,1.8480921983718872,1.6747229099273682,2.0111138820648193,2.1486995220184326,2.0324108600616455,2.306154251098633,2.574563503265381,2.0160608291625977,1.9206578731536865,1.7807462215423584,1.794645071029663,1.449377417564392,1.297451376914978,1.5126663446426392,1.4255059957504272,1.058552861213684,1.171460509300232,1.4683560132980347,1.35861074924469,1.3771339654922485,1.7441232204437256,1.78252375125885
A13,2.2440476417541504,1.9844982624053955,1.7362018823623657,1.5587334632873535,1.3962732553482056,1.2752788066864014,1.1074049472808838,0.9395977258682251,0.7935134172439575,0.6855829954147339,0.5479504466056824,0.3683217167854309,0.0,0.37605759501457214,0.5495310425758362,2.466064929962158,2.2938363552093506,1.9350621700286865,1.8834409713745117,1.9014054536819458,1.6337047815322876,1.3938134908676147,1.522508978843689,1.4726909399032593,1.1168806552886963,1.0273789167404175,1.2953195571899414,1.122898817062378,1.0852382183074951,1.4540554285049438,2.602390766143799,2.5826756954193115,2.2180988788604736,2.3481557369232178,2.3138065338134766,1.9451849460601807,1.887024998664856,2.1190598011016846,1.95315420627594,1.5997124910354614,1.742484211921692,2.0041799545288086,1.8270286321640015,1.926096796989441,2.2702462673187256,2.499323844909668,2.5235719680786133,2.247498035430908,2.402482271194458,2.208112955093384,1.8661878108978271,1.9980862140655518,2.139420986175537,1.8239811658859253,1.617273211479187,1.918195128440857,2.0358376502990723,1.8626099824905396,2.122485876083374,2.3889951705932617,2.277956008911133,2.1686322689056396,1.9805201292037964,1.9788106679916382,1.6620965003967285,1.4701238870620728,1.6165012121200562,1.5340923070907593,1.1574561595916748,1.1793155670166016,1.4426652193069458,1.3304510116577148,1.2498894929885864,1.6209502220153809,1.6696476936340332
A14,2.4199252128601074,2.1338746547698975,1.8742815256118774,1.660882830619812,1.5748717784881592,1.4762603044509888,1.2234296798706055,1.070586919784546,1.0465234518051147,0.9079318642616272,0.6221519112586975,0.5297515392303467,0.37605759501457214,0.0,0.37224483489990234,2.681011199951172,2.5443668365478516,2.1732425689697266,2.1630563735961914,2.2050702571868896,1.9141021966934204,1.6903897523880005,1.8619630336761475,1.811464786529541,1.4453250169754028,1.3882018327713013,1.6689376831054688,1.4911344051361084,1.450914978981018,1.8156462907791138,2.773729085922241,2.7928223609924316,2.443624496459961,2.6059653759002686,2.5433106422424316,2.166428565979004,2.160764217376709,2.3907220363616943,2.188095808029175,1.857385277748108,2.043363332748413,2.2805464267730713,2.0916996002197266,2.228455066680908,2.5567996501922607,2.600708246231079,2.6242659091949463,2.3848183155059814,2.524181365966797,2.2816877365112305,1.973144769668579,2.141413450241089,2.231346368789673,1.8829776048660278,1.7379558086395264,2.050706386566162,2.1050915718078613,1.9296804666519165,2.2281136512756348,2.449923515319824,2.381551504135132,2.219599485397339,2.056112766265869,1.9860459566116333,1.6592803001403809,1.5371721982955933,1.6427854299545288,1.4758682250976562,1.1233383417129517,1.210559368133545,1.3989179134368896,1.1933362483978271,1.120910882949829,1.474427580833435,1.4453517198562622
A15,2.5683341026306152,2.2575976848602295,2.046928644180298,1.7875381708145142,1.6759802103042603,1.6518752574920654,1.420121192932129,1.178898572921753,1.171406626701355,1.143798828125,0.8673170804977417,0.6204396486282349,0.5495310425758362,0.37224483489990234,0.0,2.878892660140991,2.7120399475097656,2.3493502140045166,2.295461893081665,2.3712828159332275,2.1186656951904297,1.8455629348754883,1.9884426593780518,1.9906306266784668,1.642530918121338,1.5034613609313965,1.7685025930404663,1.5954502820968628,1.4672799110412598,1.8144065141677856,3.0254781246185303,3.0479249954223633,2.689708709716797,2.8529815673828125,2.826460838317871,2.451228380203247,2.413661003112793,2.6604244709014893,2.4891841411590576,2.1425588130950928,2.291746139526367,2.550398349761963,2.3590595722198486,2.4519312381744385,2.7917325496673584,2.852787971496582,2.910862445831299,2.6740903854370117,2.8417935371398926,2.610414505004883,2.2939631938934326,2.471130847930908,2.5833282470703125,2.241460084915161,2.0877013206481934,2.401494264602661,2.4712586402893066,2.2905893325805664,2.577674627304077,2.807673215866089,2.5774710178375244,2.4383645057678223,2.312736988067627,2.2577738761901855,1.9073208570480347,1.810708999633789,1.959502100944519,1.7855100631713867,1.4366313219070435,1.5584213733673096,1.759882926940918,1.5408194065093994,1.482484221458435,1.8266624212265015,1.7617005109786987
B1,0.6178067922592163,0.9589329957962036,0.9787591695785522,1.3395962715148926,1.3291488885879517,1.228960394859314,1.5183486938476562,1.7573785781860352,1.7381200790405273,1.7943934202194214,2.0693602561950684,2.2623066902160645,2.466064929962158,2.681011199951172,2.878892660140991,0.0,0.37915611267089844,0.5685262084007263,0.8490323424339294,0.9201390743255615,0.9791869521141052,1.2003613710403442,1.3896645307540894,1.4893852472305298,1.6120153665542603,1.7993125915527344,1.956612229347229,2.2431716918945312,2.395540952682495,2.5425751209259033,0.5631028413772583,0.6069887280464172,0.5717853903770447,0.8323400020599365,1.0856834650039673,1.0821504592895508,1.1497559547424316,1.421207308769226,1.5961952209472656,1.6279784440994263,1.7510261535644531,1.9924558401107788,2.257584571838379,2.360522985458374,2.5716328620910645,0.9003605246543884,1.070995807647705,0.9372944235801697,1.2643498182296753,1.46934974193573,1.3378413915634155,1.426608920097351,1.762502670288086,1.868233561515808,1.8128437995910645,1.9785494804382324,2.2703280448913574,2.4757885932922363,2.575876235961914,2.8335189819335938,0.862553596496582,1.1765931844711304,1.1014506816864014,1.4785438776016235,1.5557736158370972,1.3954640626907349,1.601070523262024,1.9114344120025635,1.9242100715637207,1.8978986740112305,2.1486475467681885,2.401773691177368,2.5949759483337402,2.7786262035369873,3.019261598587036
B2,0.6438025236129761,0.9183196425437927,0.9708084464073181,1.2815582752227783,1.1671849489212036,1.0934609174728394,1.4386202096939087,1.613827109336853,1.5438644886016846,1.6542422771453857,1.953711986541748,2.0918660163879395,2.2938363552093506,2.5443668365478516,2.7120399475097656,0.37915611267089844,0.0,0.37847664952278137,0.5108848810195923,0.6175815463066101,0.781802773475647,0.9444107413291931,1.078378438949585,1.2383577823638916,1.3969714641571045,1.531012773513794,1.6628165245056152,1.9764052629470825,2.102475166320801,2.2245750427246094,0.9065366983413696,0.8463779091835022,0.6691951751708984,0.8426030874252319,1.1585372686386108,1.1083554029464722,1.0544041395187378,1.3600906133651733,1.572160243988037,1.5375005006790161,1.6019150018692017,1.8867731094360352,2.135352373123169,2.1877307891845703,2.4248180389404297,1.2143229246139526,1.3773761987686157,1.1716742515563965,1.4979774951934814,1.6772117614746094,1.469383716583252,1.5398355722427368,1.9045356512069702,1.9687135219573975,1.8464337587356567,2.0259499549865723,2.346418857574463,2.5026121139526367,2.5975449085235596,2.8894541263580322,1.0624037981033325,1.3698478937149048,1.278986930847168,1.6540547609329224,1.6502749919891357,1.4473047256469727,1.7021104097366333,1.9956151247024536,1.9354660511016846,1.904831886291504,2.202580451965332,2.4346044063568115,2.596409320831299,2.821476936340332,3.0564332008361816
B3,0.5865986347198486,0.7200583815574646,0.6651155352592468,0.965725302696228,0.8395830392837524,0.7187753319740295,1.0640205144882202,1.2520946264266968,1.1890040636062622,1.285914421081543,1.577350378036499,1.7290705442428589,1.9350621700286865,2.1732425689697266,2.3493502140045166,0.5685262084007263,0.37847664952278137,0.0,0.37790724635124207,0.538769543170929,0.529501736164093,0.6478413343429565,0.8890437483787537,1.0365384817123413,1.1099073886871338,1.2550029754638672,1.4509187936782837,1.7324652671813965,1.8550679683685303,2.0283331871032715,0.9591792821884155,0.9424953460693359,0.6462732553482056,0.8933845162391663,1.1250017881393433,0.9521336555480957,0.9246535301208496,1.2843000888824463,1.4203190803527832,1.322676420211792,1.44145929813385,1.753759741783142,1.9542537927627563,2.0368361473083496,2.3068976402282715,1.1336802244186401,1.2888484001159668,1.0420770645141602,1.383536696434021,1.4862149953842163,1.2258132696151733,1.345420002937317,1.7047451734542847,1.706600546836853,1.5775480270385742,1.8063231706619263,2.1110639572143555,2.242992877960205,2.3770060539245605,2.6709401607513428,0.9257143139839172,1.164539098739624,1.0357544422149658,1.3908934593200684,1.333715558052063,1.1079968214035034,1.390906810760498,1.6628401279449463,1.573617696762085,1.5578409433364868,1.8719393014907837,2.0824766159057617,2.2446320056915283,2.4850518703460693,2.706204414367676
B4,0.8196509480476379,0.8877143859863281,0.9038539528846741,1.100048542022705,0.8500160574913025,0.7982390522956848,1.176880121231079,1.2607929706573486,1.1290799379348755,1.3036363124847412,1.6125060319900513,1.6836377382278442,1.8834409713745117,2.1630563735961914,2.295461893081665,0.8490323424339294,0.5108848810195923,0.37790724635124207,0.0,0.38135942816734314,0.5531299114227295,0.51835036277771,0.6348017454147339,0.8928821682929993,1.0225398540496826,1.0715174674987793,1.2210986614227295,1.5432274341583252,1.6242798566818237,1.756666898727417,1.3046636581420898,1.2267296314239502,0.9215952157974243,1.052722454071045,1.327642560005188,1.1600443124771118,1.0069284439086914,1.3584613800048828,1.5372192859649658,1.3837463855743408,1.4163832664489746,1.7612040042877197,1.942887544631958,1.958133339881897,2.2474846839904785,1.5100748538970947,1.6616278886795044,1.3945815563201904,1.7149072885513306,1.8167108297348022,1.522984266281128,1.606768012046814,1.9750475883483887,1.9544702768325806,1.7682377099990845,1.9898344278335571,2.3154184818267822,2.399859666824341,2.517146587371826,2.8384885787963867,1.2571852207183838,1.4971213340759277,1.380727767944336,1.7163068056106567,1.6032837629318237,1.361678123474121,1.6654880046844482,1.9104523658752441,1.7570972442626953,1.736370325088501,2.0819990634918213,2.266895055770874,2.3916373252868652,2.666626453399658,2.8791940212249756
B5,1.0986162424087524,1.206560730934143,1.1362957954406738,1.3661600351333618,1.118858814239502,0.9486115574836731,1.317248821258545,1.437817096710205,1.2307283878326416,1.3252946138381958,1.6798444986343384,1.7694941759109497,1.9014054536819458,2.2050702571868896,2.3712828159332275,0.9201390743255615,0.6175815463066101,0.538769543170929,0.38135942816734314,0.0,0.3775242567062378,0.5315560698509216,0.5145678520202637,0.6430660486221313,0.8768664002418518,1.0062611103057861,1.0718491077423096,1.390293002128601,1.5464186668395996,1.6461303234100342,1.2876979112625122,1.1073530912399292,0.7844561338424683,0.7904778122901917,1.0644185543060303,0.9322062730789185,0.692286491394043,1.0128531455993652,1.2339423894882202,1.1048656702041626,1.0852760076522827,1.4153200387954712,1.6257338523864746,1.628998041152954,1.8969075679779053,1.5859066247940063,1.6534497737884521,1.336344838142395,1.59825599193573,1.7380913496017456,1.4383578300476074,1.4327330589294434,1.8092178106307983,1.824001431465149,1.5957120656967163,1.7615033388137817,2.1133713722229004,2.1907246112823486,2.2615036964416504,2.5943503379821777,1.45725679397583,1.6672964096069336,1.4732856750488281,1.8054389953613281,1.7290133237838745,1.427994728088379,1.670525312423706,1.954648733139038,1.7979685068130493,1.6971076726913452,2.0321438312530518,2.2583296298980713,2.3395473957061768,2.6010022163391113,2.8497209548950195
B6,1.1011552810668945,1.1428515911102295,0.9581702351570129,1.1838445663452148,0.9737453460693359,0.6979804635047913,1.0281918048858643,1.20386803150177,1.0009162425994873,1.0146466493606567,1.3731029033660889,1.5165575742721558,1.6337047815322876,1.9141021966934204,2.1186656951904297,0.9791869521141052,0.781802773475647,0.529501736164093,0.5531299114227295,0.3775242567062378,0.0,0.3799278736114502,0.5567893981933594,0.5445906519889832,0.6400275826454163,0.8719262480735779,1.0266467332839966,1.276432991027832,1.4672456979751587,1.6394909620285034,1.215941309928894,1.0771209001541138,0.7004324197769165,0.7901204824447632,0.9385873079299927,0.6868252754211426,0.5233566164970398,0.8979477882385254,1.0084830522537231,0.8379461765289307,0.9309573769569397,1.2671899795532227,1.4394627809524536,1.5169490575790405,1.802321195602417,1.4251772165298462,1.4561669826507568,1.1135331392288208,1.3615213632583618,1.4423885345458984,1.1114200353622437,1.131693959236145,1.4970284700393677,1.4713637828826904,1.244315505027771,1.4487104415893555,1.7833927869796753,1.8574482202529907,1.9645373821258545,2.289346933364868,1.3265624046325684,1.4595794677734375,1.2146852016448975,1.5120707750320435,1.4252843856811523,1.0944130420684814,1.3178430795669556,1.5998148918151855,1.438774824142456,1.3210753202438354,1.655263066291809,1.88494873046875,1.9673662185668945,2.2244956493377686,2.4749462604522705
B7,1.1362993717193604,1.0695607662200928,0.921131432056427,1.0292720794677734,0.7288388609886169,0.5285770297050476,0.8713016510009766,0.935699462890625,0.699561357498169,0.8292458057403564,1.1711452007293701,1.2398369312286377,1.3938134908676147,1.6903897523880005,1.8455629348754883,1.2003613710403442,0.9444107413291931,0.6478413343429565,0.51835036277771,0.5315560698509216,0.3799278736114502,0.0,0.3797774612903595,0.5481678247451782,0.5324824452400208,0.6076560020446777,0.8426344394683838,1.1044772863388062,1.2123695611953735,1.4143271446228027,1.5075052976608276,1.4191402196884155,1.0465248823165894,1.1612389087677002,1.315531849861145,1.036260962486267,0.8687484264373779,1.2254259586334229,1.3028777837753296,1.0486066341400146,1.115962266921997,1.4849863052368164,1.5860753059387207,1.6260207891464233,1.9530903100967407,1.6326383352279663,1.717566967010498,1.399531602859497,1.670934796333313,1.6924875974655151,1.3393614292144775,1.4194496870040894,1.7606761455535889,1.6639297008514404,1.4295119047164917,1.682010293006897,1.9919308423995972,2.0164170265197754,2.1593339443206787,2.490610361099243,1.4132251739501953,1.5343585014343262,1.3414537906646729,1.606759786605835,1.4316444396972656,1.1302107572555542,1.416312575340271,1.6262143850326538,1.400505781173706,1.3469613790512085,1.713996410369873,1.8751753568649292,1.9533194303512573,2.2533836364746094,2.461456775665283
B8,1.4092118740081787,1.3843374252319336,1.2844767570495605,1.3861509561538696,1.0532277822494507,0.9016832113265991,1.2256568670272827,1.232487440109253,0.9328881502151489,1.0735743045806885,1.42416250705719,1.4245482683181763,1.522508978843689,1.8619630336761475,1.9884426593780518,1.3896645307540894,1.078378438949585,0.8890437483787537,0.6348017454147339,0.5145678520202637,0.5567893981933594,0.3797774612903595,0.0,0.37841159105300903,0.5590183138847351,0.5349208116531372,0.5905863642692566,0.9261646866798401,1.0381405353546143,1.153113842010498,1.7339484691619873,1.5752863883972168,1.2177631855010986,1.219638466835022,1.4090662002563477,1.1893826723098755,0.9091075658798218,1.2037371397018433,1.3466567993164062,1.0862911939620972,1.0196311473846436,1.3939629793167114,1.4965757131576538,1.4501218795776367,1.7763386964797974,1.9430164098739624,2.006251573562622,1.669234275817871,1.910950779914856,1.9730167388916016,1.6210108995437622,1.6285414695739746,1.976052165031433,1.9042106866836548,1.6220519542694092,1.8189830780029297,2.1548595428466797,2.147040605545044,2.238664388656616,2.591923952102661,1.749450922012329,1.8980836868286133,1.697158932685852,1.9710177183151245,1.8059977293014526,1.4908685684204102,1.7495568990707397,1.9675915241241455,1.722693681716919,1.6271024942398071,1.9911421537399292,2.1584558486938477,2.1872801780700684,2.4940671920776367,2.714337110519409
B9,1.603068470954895,1.5962358713150024,1.4182052612304688,1.550436019897461,1.2619184255599976,1.0083955526351929,1.2820656299591064,1.3494726419448853,1.0221983194351196,1.0293205976486206,1.40325129032135,1.4533488750457764,1.4726909399032593,1.811464786529541,1.9906306266784668,1.4893852472305298,1.2383577823638916,1.0365384817123413,0.8928821682929993,0.6430660486221313,0.5445906519889832,0.5481678247451782,0.37841159105300903,0.0,0.3720589280128479,0.5528164505958557,0.5410829186439514,0.7896844148635864,1.0299618244171143,1.153938889503479,1.7253224849700928,1.5268256664276123,1.1692664623260498,1.1127361059188843,1.2172443866729736,0.9896836280822754,0.681618869304657,0.9182033538818359,1.0223952531814575,0.7410447001457214,0.6487373113632202,1.0259883403778076,1.12022066116333,1.0995949506759644,1.4263482093811035,1.9524259567260742,1.943453311920166,1.5783894062042236,1.755247712135315,1.8153616189956665,1.4616950750350952,1.4022722244262695,1.7306256294250488,1.667464256286621,1.3494595289230347,1.5041818618774414,1.848006248474121,1.8229256868362427,1.8862459659576416,2.2460739612579346,1.8539962768554688,1.9568042755126953,1.6938016414642334,1.9413526058197021,1.8073512315750122,1.4522156715393066,1.6397055387496948,1.8782764673233032,1.6377036571502686,1.465593934059143,1.8067104816436768,2.0072264671325684,1.993826985359192,2.2811052799224854,2.532322883605957
B10,1.6231648921966553,1.5393847227096558,1.3085112571716309,1.3767421245574951,1.1081178188323975,0.8278158903121948,1.0161900520324707,1.0694127082824707,0.7292534112930298,0.675906240940094,1.0447465181350708,1.10822594165802,1.1168806552886963,1.4453250169754028,1.642530918121338,1.6120153665542603,1.3969714641571045,1.1099073886871338,1.0225398540496826,0.8768664002418518,0.6400275826454163,0.5324824452400208,0.5590183138847351,0.3720589280128479,0.0,0.3770773112773895,0.5723062753677368,0.6922696232795715,0.9158116579055786,1.1511355638504028,1.8008817434310913,1.6637591123580933,1.289076328277588,1.3172767162322998,1.3541510105133057,1.0442155599594116,0.8459213972091675,1.1023699045181274,1.0810338258743286,0.7322278022766113,0.782244086265564,1.1406350135803223,1.1440671682357788,1.196205496788025,1.5466411113739014,1.9234709739685059,1.9168460369110107,1.5622104406356812,1.7372026443481445,1.7175337076187134,1.3430379629135132,1.3440208435058594,1.6345263719558716,1.493611216545105,1.1823999881744385,1.4044716358184814,1.7051066160202026,1.648879051208496,1.7762218713760376,2.1244311332702637,1.7975550889968872,1.836113691329956,1.5701382160186768,1.761548399925232,1.5811439752578735,1.2312300205230713,1.4178545475006104,1.6046946048736572,1.3256220817565918,1.1694512367248535,1.523209810256958,1.6836117506027222,1.6651026010513306,1.9741129875183105,2.2017409801483154
B11,1.7231353521347046,1.5936423540115356,1.4243121147155762,1.4140307903289795,1.085455060005188,0.9197603464126587,1.1017372608184814,1.0222105979919434,0.648211658000946,0.7537791728973389,1.0640753507614136,0.9956326484680176,1.0273789167404175,1.3882018327713013,1.5034613609313965,1.7993125915527344,1.531012773513794,1.2550029754638672,1.0715174674987793,1.0062611103057861,0.8719262480735779,0.6076560020446777,0.5349208116531372,0.5528164505958557,0.3770773112773895,0.0,0.3787664473056793,0.5391259789466858,0.6177744269371033,0.8740366697311401,2.068274736404419,1.945641040802002,1.5675944089889526,1.6023985147476196,1.692097783088684,1.3956509828567505,1.1711848974227905,1.4315390586853027,1.4457849264144897,1.0956096649169922,1.0772899389266968,1.4362038373947144,1.4047192335128784,1.3805960416793823,1.7463682889938354,2.1744353771209717,2.2152621746063232,1.8755053281784058,2.0829005241394043,2.0543270111083984,1.677086591720581,1.7108458280563354,1.9997327327728271,1.8357821702957153,1.5344606637954712,1.7680858373641968,2.0534017086029053,1.9670591354370117,2.1023266315460205,2.4511942863464355,1.965415596961975,2.0234172344207764,1.806810975074768,1.9959102869033813,1.7642167806625366,1.4532601833343506,1.6882070302963257,1.8247228860855103,1.5089635848999023,1.419008493423462,1.7829986810684204,1.8817284107208252,1.8574403524398804,2.1963558197021484,2.3812363147735596
B12,1.9648339748382568,1.8845643997192383,1.7379359006881714,1.76332426071167,1.4229196310043335,1.2573513984680176,1.469398021697998,1.399350881576538,1.0261067152023315,1.1053533554077148,1.41569185256958,1.3272088766098022,1.2953195571899414,1.6689376831054688,1.7685025930404663,1.956612229347229,1.6628165245056152,1.4509187936782837,1.2210986614227295,1.0718491077423096,1.0266467332839966,0.8426344394683838,0.5905863642692566,0.5410829186439514,0.5723062753677368,0.3787664473056793,0.0,0.3676163852214813,0.5179017186164856,0.6190222501754761,2.2395107746124268,2.05912709236145,1.6968070268630981,1.6468733549118042,1.7516940832138062,1.511705994606018,1.2151823043823242,1.403066635131836,1.4682716131210327,1.137689471244812,0.9905871748924255,1.3264235258102417,1.2924000024795532,1.1718664169311523,1.529089331626892,2.4217326641082764,2.4379231929779053,2.079848289489746,2.260136365890503,2.274975061416626,1.904942274093628,1.8708205223083496,2.164872884750366,2.0391855239868164,1.7037849426269531,1.87144136428833,2.179755926132202,2.0729241371154785,2.1464357376098633,2.510802984237671,2.249624252319336,2.335718870162964,2.101835012435913,2.311816692352295,2.108255386352539,1.7778520584106445,1.9856213331222534,2.1500189304351807,1.842410683631897,1.7052406072616577,2.0532233715057373,2.176419496536255,2.1114389896392822,2.438295841217041,2.6443276405334473
B13,2.2394068241119385,2.128248453140259,1.939760684967041,1.932374358177185,1.6170073747634888,1.4288047552108765,1.561285138130188,1.4771023988723755,1.1021474599838257,1.103071928024292,1.3626198768615723,1.2529792785644531,1.122898817062378,1.4911344051361084,1.5954502820968628,2.2431716918945312,1.9764052629470825,1.7324652671813965,1.5432274341583252,1.390293002128601,1.276432991027832,1.1044772863388062,0.9261646866798401,0.7896844148635864,0.6922696232795715,0.5391259789466858,0.3676163852214813,0.0,0.3724111020565033,0.5520213842391968,2.471057891845703,2.296967029571533,1.932446002960205,1.8843365907669067,1.9261473417282104,1.6636687517166138,1.401811957359314,1.5438908338546753,1.531614065170288,1.1780215501785278,1.0515027046203613,1.3324497938156128,1.1968235969543457,1.0866291522979736,1.4489595890045166,2.615504026412964,2.6018588542938232,2.2412776947021484,2.3834691047668457,2.3566854000091553,1.9865423440933228,1.9428247213363647,2.189391613006592,2.0242650508880615,1.6779805421829224,1.8352444171905518,2.1052660942077637,1.940551996231079,2.0190389156341553,2.3753867149353027,2.4646637439727783,2.501542091369629,2.2478628158569336,2.4090054035186768,2.1908371448516846,1.861437201499939,2.026154041290283,2.151258945465088,1.820581078529358,1.6618027687072754,1.98224937915802,2.0741078853607178,1.9535881280899048,2.2823235988616943,2.4753928184509277
