0.000000000000000000e+00,3.855452835559844971e-01,6.143168807029724121e-01,8.529253005981445312e-01,8.053392171859741211e-01,8.799575567245483398e-01,1.167415380477905273e+00,1.321356415748596191e+00,1.351029515266418457e+00,1.505185008049011230e+00,1.747112989425659180e+00,1.851488113403320312e+00,2.101329088211059570e+00,2.343891143798828125e+00,2.428310394287109375e+00,9.562295675277709961e-01,7.000468969345092773e-01,5.492429733276367188e-01,6.926385164260864258e-01,1.029431223869323730e+00,1.041054010391235352e+00,1.005350708961486816e+00,1.285516977310180664e+00,1.522919893264770508e+00,1.526833534240722656e+00,1.618487715721130371e+00,1.857720851898193359e+00,2.139296293258666992e+00,2.219388961791992188e+00,2.362332344055175781e+00,1.450149655342102051e+00,1.435818910598754883e+00,1.187868356704711914e+00,1.468969345092773438e+00,1.703435063362121582e+00,1.509776234626770020e+00,1.508705139160156250e+00,1.883551359176635742e+00,2.006401062011718750e+00,1.861635565757751465e+00,2.022371768951416016e+00,2.345244407653808594e+00,2.526820659637451172e+00,2.664482831954956055e+00,2.904135227203369141e+00,1.525839567184448242e+00,1.638621211051940918e+00,1.446690201759338379e+00,1.814133286476135254e+00,1.889422535896301270e+00,1.635734438896179199e+00,1.797185182571411133e+00,2.151429891586303711e+00,2.128252983093261719e+00,1.996135950088500977e+00,2.258300065994262695e+00,2.551699638366699219e+00,2.658273935317993164e+00,2.834958076477050781e+00,3.090440273284912109e+00,7.794644832611083984e-01,1.136721849441528320e+00,1.219498872756958008e+00,1.524212002754211426e+00,1.403350591659545898e+00,1.319880008697509766e+00,1.668483853340148926e+00,1.854772090911865234e+00,1.766060590744018555e+00,1.851905107498168945e+00,2.182256937026977539e+00,2.275152444839477539e+00,2.486304044723510742e+00,2.828783512115478516e+00,2.905873298645019531e+00
3.855452835559844971e-01,0.000000000000000000e+00,3.733258545398712158e-01,5.056943893432617188e-01,5.799474120140075684e-01,7.411338686943054199e-01,9.272409677505493164e-01,1.069375514984130859e+00,1.197954297065734863e+00,1.359371304512023926e+00,1.529295682907104492e+00,1.637445330619812012e+00,1.928935050964355469e+00,2.125373125076293945e+00,2.200288534164428711e+00,1.210345149040222168e+00,1.005058288574218750e+00,7.392358779907226562e-01,9.181303977966308594e-01,1.228635787963867188e+00,1.124488592147827148e+00,1.044241428375244141e+00,1.387095332145690918e+00,1.591509103775024414e+00,1.504578948020935059e+00,1.601047039031982422e+00,1.898464560508728027e+00,2.133778572082519531e+00,2.199090242385864258e+00,2.395292520523071289e+00,1.546155571937561035e+00,1.589895129203796387e+00,1.322670459747314453e+00,1.635287165641784668e+00,1.799882650375366211e+00,1.543722271919250488e+00,1.588447928428649902e+00,1.968923330307006836e+00,2.020783424377441406e+00,1.843318939208984375e+00,2.051836490631103516e+00,2.375102281570434570e+00,2.510930776596069336e+00,2.683767080307006836e+00,2.941534280776977539e+00,1.408525943756103516e+00,1.588490009307861328e+00,1.423983216285705566e+00,1.791650652885437012e+00,1.787042617797851562e+00,1.519974589347839355e+00,1.743640661239624023e+00,2.066197872161865234e+00,1.980958104133605957e+00,1.868364691734313965e+00,2.176075220108032227e+00,2.435639619827270508e+00,2.516313791275024414e+00,2.735062360763549805e+00,2.984037637710571289e+00,5.764989852905273438e-01,8.854635357856750488e-01,1.024593830108642578e+00,1.263483166694641113e+00,1.095018744468688965e+00,1.084411978721618652e+00,1.442975401878356934e+00,1.571420669555664062e+00,1.497569680213928223e+00,1.643837809562683105e+00,1.948307752609252930e+00,2.003180742263793945e+00,2.245232343673706055e+00,2.568351268768310547e+00,2.610343694686889648e+00
6.143168807029724121e-01,3.733258545398712158e-01,0.000000000000000000e+00,3.813776671886444092e-01,5.441850423812866211e-01,5.286297202110290527e-01,6.550296545028686523e-01,9.077602028846740723e-01,1.047121405601501465e+00,1.116808176040649414e+00,1.281780004501342773e+00,1.462714552879333496e+00,1.735614895820617676e+00,1.912715911865234375e+00,2.041249990463256836e+00,1.131739258766174316e+00,9.951196312904357910e-01,6.607452630996704102e-01,9.131003022193908691e-01,1.126062870025634766e+00,9.197626113891601562e-01,9.030927419662475586e-01,1.279698967933654785e+00,1.401365518569946289e+00,1.279387354850769043e+00,1.447117686271667480e+00,1.749845504760742188e+00,1.943971991539001465e+00,2.054670095443725586e+00,2.276589870452880859e+00,1.335361242294311523e+00,1.387807846069335938e+00,1.102798104286193848e+00,1.424126744270324707e+00,1.526040554046630859e+00,1.237371206283569336e+00,1.327445626258850098e+00,1.698046803474426270e+00,1.704025149345397949e+00,1.533598542213439941e+00,1.781575679779052734e+00,2.084259033203125000e+00,2.210691452026367188e+00,2.415137290954589844e+00,2.661818981170654297e+00,1.159440636634826660e+00,1.314479351043701172e+00,1.122994184494018555e+00,1.472265243530273438e+00,1.440300703048706055e+00,1.156077504158020020e+00,1.389799118041992188e+00,1.701832413673400879e+00,1.607687830924987793e+00,1.502282500267028809e+00,1.816743850708007812e+00,2.066083431243896484e+00,2.153746843338012695e+00,2.379400253295898438e+00,2.618891000747680664e+00,4.951198697090148926e-01,6.880573630332946777e-01,7.170003056526184082e-01,9.624047875404357910e-01,7.967290282249450684e-01,7.233144640922546387e-01,1.081473827362060547e+00,1.242050409317016602e+00,1.177724361419677734e+00,1.293200850486755371e+00,1.597548961639404297e+00,1.686783313751220703e+00,1.928954601287841797e+00,2.253008842468261719e+00,2.322499036788940430e+00
8.529253005981445312e-01,5.056943893432617188e-01,3.813776671886444092e-01,0.000000000000000000e+00,3.850295841693878174e-01,5.534214377403259277e-01,5.253054499626159668e-01,6.538501977920532227e-01,9.012590050697326660e-01,1.034181714057922363e+00,1.106066942214965820e+00,1.232855439186096191e+00,1.552752852439880371e+00,1.693079590797424316e+00,1.777223229408264160e+00,1.503316283226013184e+00,1.329419255256652832e+00,9.786958694458007812e-01,1.139603137969970703e+00,1.371165275573730469e+00,1.142510771751403809e+00,1.015448570251464844e+00,1.389039754867553711e+00,1.523620486259460449e+00,1.325975656509399414e+00,1.430859565734863281e+00,1.779091119766235352e+00,1.938984990119934082e+00,1.996150016784667969e+00,2.253922700881958008e+00,1.691110730171203613e+00,1.746910929679870605e+00,1.445319175720214844e+00,1.741918921470642090e+00,1.817214727401733398e+00,1.490438818931579590e+00,1.558176040649414062e+00,1.921114921569824219e+00,1.884904384613037109e+00,1.659176230430603027e+00,1.907015323638916016e+00,2.222781658172607422e+00,2.291398525238037109e+00,2.497378587722778320e+00,2.775428056716918945e+00,1.392364740371704102e+00,1.591022610664367676e+00,1.417961716651916504e+00,1.739011049270629883e+00,1.637523412704467773e+00,1.333845734596252441e+00,1.591018676757812500e+00,1.865171909332275391e+00,1.696581125259399414e+00,1.578447341918945312e+00,1.925294160842895508e+00,2.148596048355102539e+00,2.177896738052368164e+00,2.432701587677001953e+00,2.682906627655029297e+00,7.176179289817810059e-01,8.094888329505920410e-01,8.996563553810119629e-01,1.008088350296020508e+00,7.189463376998901367e-01,7.516732811927795410e-01,1.112802147865295410e+00,1.149904251098632812e+00,1.044988155364990234e+00,1.254246830940246582e+00,1.534773588180541992e+00,1.536528825759887695e+00,1.790289521217346191e+00,2.099165678024291992e+00,2.117933750152587891e+00
8.053392171859741211e-01,5.799474120140075684e-01,5.441850423812866211e-01,3.850295841693878174e-01,0.000000000000000000e+00,3.780418932437896729e-01,5.318750739097595215e-01,5.320331454277038574e-01,6.388850212097167969e-01,8.669473528861999512e-01,1.021999835968017578e+00,1.073660016059875488e+00,1.366082191467285156e+00,1.577188730239868164e+00,1.636097192764282227e+00,1.480560541152954102e+00,1.228101730346679688e+00,8.791738748550415039e-01,9.096694588661193848e-01,1.159745931625366211e+00,9.797590374946594238e-01,7.460802793502807617e-01,1.086054086685180664e+00,1.279648661613464355e+00,1.102050900459289551e+00,1.131484985351562500e+00,1.475919365882873535e+00,1.669806241989135742e+00,1.693068981170654297e+00,1.927909374237060547e+00,1.805180907249450684e+00,1.779188752174377441e+00,1.438224792480468750e+00,1.675295710563659668e+00,1.797643899917602539e+00,1.476745247840881348e+00,1.448667883872985840e+00,1.815913081169128418e+00,1.826995015144348145e+00,1.564371943473815918e+00,1.746799111366271973e+00,2.094949483871459961e+00,2.163330793380737305e+00,2.320014715194702148e+00,2.619510173797607422e+00,1.672526001930236816e+00,1.811086058616638184e+00,1.574620485305786133e+00,1.883482336997985840e+00,1.827612161636352539e+00,1.487946033477783203e+00,1.670880317687988281e+00,1.976346850395202637e+00,1.826031804084777832e+00,1.635187983512878418e+00,1.948803782463073730e+00,2.217213869094848633e+00,2.219260454177856445e+00,2.432421445846557617e+00,2.719111919403076172e+00,9.966666698455810547e-01,1.154451131820678711e+00,1.183891177177429199e+00,1.332000613212585449e+00,1.032171249389648438e+00,9.549742937088012695e-01,1.326564311981201172e+00,1.375694632530212402e+00,1.173005580902099609e+00,1.335298895835876465e+00,1.663305521011352539e+00,1.651396512985229492e+00,1.837354063987731934e+00,2.177651405334472656e+00,2.221310138702392578e+00
8.799575567245483398e-01,7.411338686943054199e-01,5.286297202110290527e-01,5.534214377403259277e-01,3.780418932437896729e-01,0.000000000000000000e+00,3.773173689842224121e-01,5.686752796173095703e-01,5.557034015655517578e-01,6.327848434448242188e-01,8.801774382591247559e-01,1.033321738243103027e+00,1.260163307189941406e+00,1.491644740104675293e+00,1.629141926765441895e+00,1.284515619277954102e+00,1.076882243156433105e+00,7.078218460083007812e-01,7.723303437232971191e-01,9.099259972572326660e-01,6.500784754753112793e-01,4.827563464641571045e-01,8.586505055427551270e-01,9.707107543945312500e-01,7.931917905807495117e-01,9.259044528007507324e-01,1.249504446983337402e+00,1.430268168449401855e+00,1.527404665946960449e+00,1.761104702949523926e+00,1.559167861938476562e+00,1.498409152030944824e+00,1.141378402709960938e+00,1.351094841957092285e+00,1.444427847862243652e+00,1.113218426704406738e+00,1.082972645759582520e+00,1.445224523544311523e+00,1.449383616447448730e+00,1.194874048233032227e+00,1.391899466514587402e+00,1.731009840965270996e+00,1.817575693130493164e+00,1.988276600837707520e+00,2.271637439727783203e+00,1.519624710083007812e+00,1.589283823966979980e+00,1.306417107582092285e+00,1.582138895988464355e+00,1.547826528549194336e+00,1.191436409950256348e+00,1.326421618461608887e+00,1.644489526748657227e+00,1.522488236427307129e+00,1.306550741195678711e+00,1.597399592399597168e+00,1.887363791465759277e+00,1.908721208572387695e+00,2.098783254623413086e+00,2.387342214584350586e+00,1.018878817558288574e+00,1.134605646133422852e+00,1.043200016021728516e+00,1.223643898963928223e+00,9.653111696243286133e-01,7.556161284446716309e-01,1.110106348991394043e+00,1.231205105781555176e+00,1.012415170669555664e+00,1.080106735229492188e+00,1.439904093742370605e+00,1.495150327682495117e+00,1.650476813316345215e+00,2.011245727539062500e+00,2.115033864974975586e+00
1.167415380477905273e+00,9.272409677505493164e-01,6.550296545028686523e-01,5.253054499626159668e-01,5.318750739097595215e-01,3.773173689842224121e-01,0.000000000000000000e+00,3.802480399608612061e-01,5.599478483200073242e-01,5.460690855979919434e-01,6.286354660987854004e-01,8.489589095115661621e-01,1.115798830986022949e+00,1.263999104499816895e+00,1.423224568367004395e+00,1.561504006385803223e+00,1.409211874008178711e+00,1.035674214363098145e+00,1.146167278289794922e+00,1.244839668273925781e+00,9.276556968688964844e-01,8.009255528450012207e-01,1.147199988365173340e+00,1.176748752593994141e+00,9.041459560394287109e-01,1.057135939598083496e+00,1.408411741256713867e+00,1.501508474349975586e+00,1.595776081085205078e+00,1.883876919746398926e+00,1.687464833259582520e+00,1.681443691253662109e+00,1.345858812332153320e+00,1.567817568778991699e+00,1.576197028160095215e+00,1.209810972213745117e+00,1.249067306518554688e+00,1.573755383491516113e+00,1.483727574348449707e+00,1.213814616203308105e+00,1.468669533729553223e+00,1.775408267974853516e+00,1.801575541496276855e+00,2.019214630126953125e+00,2.305919170379638672e+00,1.474444627761840820e+00,1.580709934234619141e+00,1.336209535598754883e+00,1.575540661811828613e+00,1.450509428977966309e+00,1.093499064445495605e+00,1.284111738204956055e+00,1.538088321685791016e+00,1.337463378906250000e+00,1.148274064064025879e+00,1.487729787826538086e+00,1.722656846046447754e+00,1.709368944168090820e+00,1.949944019317626953e+00,2.223145723342895508e+00,1.072801232337951660e+00,1.063523054122924805e+00,9.629495143890380859e-01,1.024994254112243652e+00,7.044202089309692383e-01,5.362108349800109863e-01,8.655972480773925781e-01,8.987352252006530762e-01,6.589674353599548340e-01,8.055291771888732910e-01,1.133275270462036133e+00,1.145908355712890625e+00,1.337048411369323730e+00,1.680213809013366699e+00,1.758516311645507812e+00
1.321356415748596191e+00,1.069375514984130859e+00,9.077602028846740723e-01,6.538501977920532227e-01,5.320331454277038574e-01,5.686752796173095703e-01,3.802480399608612061e-01,0.000000000000000000e+00,3.813579976558685303e-01,5.551336407661437988e-01,5.394724607467651367e-01,5.807401537895202637e-01,9.101774096488952637e-01,1.063879489898681641e+00,1.140325307846069336e+00,1.849330186843872070e+00,1.638076305389404297e+00,1.270392775535583496e+00,1.287764430046081543e+00,1.425112605094909668e+00,1.157423973083496094e+00,9.136614203453063965e-01,1.203247547149658203e+00,1.287013411521911621e+00,9.862582683563232422e-01,1.001283764839172363e+00,1.380123138427734375e+00,1.459177970886230469e+00,1.464710235595703125e+00,1.770073890686035156e+00,2.050877094268798828e+00,2.023442268371582031e+00,1.672670364379882812e+00,1.865672111511230469e+00,1.898665904998779297e+00,1.534942030906677246e+00,1.510845065116882324e+00,1.825185298919677734e+00,1.745289921760559082e+00,1.431101560592651367e+00,1.628525018692016602e+00,1.955326914787292480e+00,1.934633970260620117e+00,2.113801717758178711e+00,2.434612512588500977e+00,1.832210063934326172e+00,1.957658410072326660e+00,1.715147495269775391e+00,1.950771331787109375e+00,1.816963434219360352e+00,1.458864450454711914e+00,1.629868865013122559e+00,1.867621660232543945e+00,1.637926936149597168e+00,1.420716404914855957e+00,1.746709823608398438e+00,1.974471569061279297e+00,1.899310469627380371e+00,2.133663654327392578e+00,2.427997827529907227e+00,1.336529374122619629e+00,1.352933883666992188e+00,1.313280224800109863e+00,1.335547327995300293e+00,9.713199734687805176e-01,8.889100551605224609e-01,1.185427069664001465e+00,1.119708418846130371e+00,8.213655352592468262e-01,1.024353265762329102e+00,1.319114804267883301e+00,1.224461317062377930e+00,1.374579191207885742e+00,1.707354784011840820e+00,1.738321900367736816e+00
1.351029515266418457e+00,1.197954297065734863e+00,1.047121405601501465e+00,9.012590050697326660e-01,6.388850212097167969e-01,5.557034015655517578e-01,5.599478483200073242e-01,3.813579976558685303e-01,0.000000000000000000e+00,3.672085106372833252e-01,5.586304068565368652e-01,5.436654686927795410e-01,7.537783384323120117e-01,1.028451442718505859e+00,1.121629953384399414e+00,1.780013322830200195e+00,1.539374113082885742e+00,1.200049281120300293e+00,1.123603582382202148e+00,1.207837820053100586e+00,9.772616624832153320e-01,6.756477355957031250e-01,8.826429247856140137e-01,9.747795462608337402e-01,6.854746341705322266e-01,6.270632743835449219e-01,1.006907820701599121e+00,1.111752748489379883e+00,1.112008810043334961e+00,1.400009274482727051e+00,2.060401201248168945e+00,1.961775541305541992e+00,1.592727303504943848e+00,1.716235637664794922e+00,1.777295708656311035e+00,1.434554934501647949e+00,1.321360945701599121e+00,1.618802547454833984e+00,1.584727048873901367e+00,1.246968388557434082e+00,1.369460105895996094e+00,1.720258474349975586e+00,1.707276105880737305e+00,1.835917949676513672e+00,2.170488357543945312e+00,1.999440073966979980e+00,2.061847209930419922e+00,1.767618417739868164e+00,1.981576204299926758e+00,1.902937412261962891e+00,1.528540611267089844e+00,1.614524006843566895e+00,1.879066228866577148e+00,1.693503737449645996e+00,1.412708282470703125e+00,1.680993437767028809e+00,1.957038760185241699e+00,1.873344421386718750e+00,2.047587633132934570e+00,2.372706651687622070e+00,1.528263568878173828e+00,1.593710064888000488e+00,1.500710964202880859e+00,1.583267092704772949e+00,1.254529237747192383e+00,1.071662783622741699e+00,1.359639167785644531e+00,1.358508110046386719e+00,1.021348118782043457e+00,1.108901858329772949e+00,1.445184707641601562e+00,1.389807343482971191e+00,1.452041268348693848e+00,1.814500808715820312e+00,1.902626276016235352e+00
1.505185008049011230e+00,1.359371304512023926e+00,1.116808176040649414e+00,1.034181714057922363e+00,8.669473528861999512e-01,6.327848434448242188e-01,5.460690855979919434e-01,5.551336407661437988e-01,3.672085106372833252e-01,0.000000000000000000e+00,3.852121829986572266e-01,5.823491811752319336e-01,6.868879199028015137e-01,9.311938881874084473e-01,1.139886856079101562e+00,1.751025080680847168e+00,1.576187252998352051e+00,1.240748524665832520e+00,1.220390319824218750e+00,1.201220631599426270e+00,8.993096947669982910e-01,7.180822491645812988e-01,9.100693464279174805e-01,8.509081006050109863e-01,4.964886009693145752e-01,6.117493510246276855e-01,9.515386223793029785e-01,9.765040278434753418e-01,1.080731987953186035e+00,1.388037323951721191e+00,1.924143075942993164e+00,1.821881413459777832e+00,1.465869307518005371e+00,1.560830712318420410e+00,1.552515864372253418e+00,1.199061274528503418e+00,1.111774086952209473e+00,1.367251276969909668e+00,1.274254322052001953e+00,9.286121726036071777e-01,1.093743562698364258e+00,1.417002320289611816e+00,1.386254191398620605e+00,1.559169173240661621e+00,1.880208611488342285e+00,1.877127051353454590e+00,1.894446969032287598e+00,1.588875412940979004e+00,1.745552897453308105e+00,1.652756094932556152e+00,1.280288100242614746e+00,1.326350331306457520e+00,1.561942696571350098e+00,1.372609376907348633e+00,1.069369316101074219e+00,1.324464321136474609e+00,1.598232746124267578e+00,1.511186957359313965e+00,1.681363344192504883e+00,2.005903959274291992e+00,1.572615623474121094e+00,1.577052593231201172e+00,1.404963970184326172e+00,1.467128634452819824e+00,1.177985072135925293e+00,9.246124625205993652e-01,1.141242623329162598e+00,1.167421579360961914e+00,8.164579272270202637e-01,8.059233427047729492e-01,1.152813911437988281e+00,1.150172352790832520e+00,1.177898406982421875e+00,1.556483507156372070e+00,1.702056765556335449e+00
1.747112989425659180e+00,1.529295682907104492e+00,1.281780004501342773e+00,1.106066942214965820e+00,1.021999835968017578e+00,8.801774382591247559e-01,6.286354660987854004e-01,5.394724607467651367e-01,5.586304068565368652e-01,3.852121829986572266e-01,0.000000000000000000e+00,3.783614933490753174e-01,5.540711879730224609e-01,6.488360166549682617e-01,8.760886788368225098e-01,2.063350677490234375e+00,1.905491232872009277e+00,1.550661683082580566e+00,1.566149115562438965e+00,1.575554609298706055e+00,1.257570505142211914e+00,1.084334731101989746e+00,1.288492560386657715e+00,1.221901416778564453e+00,8.576269149780273438e-01,9.265490770339965820e-01,1.258169889450073242e+00,1.200692534446716309e+00,1.256379246711730957e+00,1.603465795516967773e+00,2.156896591186523438e+00,2.104012727737426758e+00,1.764371156692504883e+00,1.887095570564270020e+00,1.832100749015808105e+00,1.464864611625671387e+00,1.437983274459838867e+00,1.665006041526794434e+00,1.502177119255065918e+00,1.166282773017883301e+00,1.364658713340759277e+00,1.640186786651611328e+00,1.539116859436035156e+00,1.744210243225097656e+00,2.064229249954223633e+00,1.965033650398254395e+00,2.024890899658203125e+00,1.763450980186462402e+00,1.900494337081909180e+00,1.732243180274963379e+00,1.379402041435241699e+00,1.477750658988952637e+00,1.641755104064941406e+00,1.374261260032653809e+00,1.113855957984924316e+00,1.403510928153991699e+00,1.600117564201354980e+00,1.454527974128723145e+00,1.679838418960571289e+00,1.984150767326354980e+00,1.692278861999511719e+00,1.627291321754455566e+00,1.480722665786743164e+00,1.443041682243347168e+00,1.120511174201965332e+00,9.550834894180297852e-01,1.107895374298095703e+00,1.006392598152160645e+00,6.238555908203125000e-01,7.167066335678100586e-01,9.785694479942321777e-01,8.631220459938049316e-01,8.995985984802246094e-01,1.256554722785949707e+00,1.354433298110961914e+00
1.851488113403320312e+00,1.637445330619812012e+00,1.462714552879333496e+00,1.232855439186096191e+00,1.073660016059875488e+00,1.033321738243103027e+00,8.489589095115661621e-01,5.807401537895202637e-01,5.436654686927795410e-01,5.823491811752319336e-01,3.783614933490753174e-01,0.000000000000000000e+00,3.692409694194793701e-01,5.194164514541625977e-01,5.966026186943054199e-01,2.278219223022460938e+00,2.066644430160522461e+00,1.717773675918579102e+00,1.664559006690979004e+00,1.715059876441955566e+00,1.451519608497619629e+00,1.192706584930419922e+00,1.345215201377868652e+00,1.348869204521179199e+00,1.002838015556335449e+00,9.178761243820190430e-01,1.252710461616516113e+00,1.198948502540588379e+00,1.139018893241882324e+00,1.490653276443481445e+00,2.459869623184204102e+00,2.387336969375610352e+00,2.030825614929199219e+00,2.141154050827026367e+00,2.129963397979736328e+00,1.771576881408691406e+00,1.689646363258361816e+00,1.922712445259094238e+00,1.800274372100830078e+00,1.444840669631958008e+00,1.572588443756103516e+00,1.869965553283691406e+00,1.748133897781372070e+00,1.893042087554931641e+00,2.239833593368530273e+00,2.282643556594848633e+00,2.361941337585449219e+00,2.095249891281127930e+00,2.255510091781616211e+00,2.101201534271240234e+00,1.742848753929138184e+00,1.836254358291625977e+00,2.013786077499389648e+00,1.750860452651977539e+00,1.480792522430419922e+00,1.747264385223388672e+00,1.949176073074340820e+00,1.772784352302551270e+00,1.972513198852539062e+00,2.290464162826538086e+00,1.897977352142333984e+00,1.875157356262207031e+00,1.779252648353576660e+00,1.749283194541931152e+00,1.395307540893554688e+00,1.275717735290527344e+00,1.464915871620178223e+00,1.332496166229248047e+00,9.602556228637695312e-01,1.092456102371215820e+00,1.326172113418579102e+00,1.143921613693237305e+00,1.139529466629028320e+00,1.458881378173828125e+00,1.501996040344238281e+00
2.101329088211059570e+00,1.928935050964355469e+00,1.735614895820617676e+00,1.552752852439880371e+00,1.366082191467285156e+00,1.260163307189941406e+00,1.115798830986022949e+00,9.101774096488952637e-01,7.537783384323120117e-01,6.868879199028015137e-01,5.540711879730224609e-01,3.692409694194793701e-01,0.000000000000000000e+00,3.772337436676025391e-01,5.405086874961853027e-01,2.421540260314941406e+00,2.218747377395629883e+00,1.893841862678527832e+00,1.805781006813049316e+00,1.788155794143676758e+00,1.539383292198181152e+00,1.302183628082275391e+00,1.362866044044494629e+00,1.301747083663940430e+00,9.709125757217407227e-01,8.529641628265380859e-01,1.106624722480773926e+00,9.585988521575927734e-01,8.878567218780517578e-01,1.252550005912780762e+00,2.599161863327026367e+00,2.486886262893676758e+00,2.134410142898559570e+00,2.182725906372070312e+00,2.151436328887939453e+00,1.816065549850463867e+00,1.690984725952148438e+00,1.862081170082092285e+00,1.732479095458984375e+00,1.371464610099792480e+00,1.433364033699035645e+00,1.702336311340332031e+00,1.530997872352600098e+00,1.639078378677368164e+00,1.993718028068542480e+00,2.499330997467041016e+00,2.531062126159667969e+00,2.240444660186767578e+00,2.353929996490478516e+00,2.216226339340209961e+00,1.863315343856811523e+00,1.887586951255798340e+00,2.041293144226074219e+00,1.795410275459289551e+00,1.489557743072509766e+00,1.687825918197631836e+00,1.891092777252197266e+00,1.673601865768432617e+00,1.818220019340515137e+00,2.153237819671630859e+00,2.185426235198974609e+00,2.160505771636962891e+00,2.017888545989990234e+00,1.996840596199035645e+00,1.670791745185852051e+00,1.498164772987365723e+00,1.641210079193115234e+00,1.532117366790771484e+00,1.150766134262084961e+00,1.183417320251464844e+00,1.397371888160705566e+00,1.234895229339599609e+00,1.113072156906127930e+00,1.427398443222045898e+00,1.526992678642272949e+00
2.343891143798828125e+00,2.125373125076293945e+00,1.912715911865234375e+00,1.693079590797424316e+00,1.577188730239868164e+00,1.491644740104675293e+00,1.263999104499816895e+00,1.063879489898681641e+00,1.028451442718505859e+00,9.311938881874084473e-01,6.488360166549682617e-01,5.194164514541625977e-01,3.772337436676025391e-01,0.000000000000000000e+00,3.669382035732269287e-01,2.678901910781860352e+00,2.501983165740966797e+00,2.159635782241821289e+00,2.115811824798583984e+00,2.104721546173095703e+00,1.822179675102233887e+00,1.613396525382995605e+00,1.713517069816589355e+00,1.627533793449401855e+00,1.279775977134704590e+00,1.217485189437866211e+00,1.465382099151611328e+00,1.277391433715820312e+00,1.221577882766723633e+00,1.583554029464721680e+00,2.777928113937377930e+00,2.703850030899047852e+00,2.365764856338500977e+00,2.436419963836669922e+00,2.361063480377197266e+00,2.014748573303222656e+00,1.943629145622253418e+00,2.097187280654907227e+00,1.909735679626464844e+00,1.567829489707946777e+00,1.674958467483520508e+00,1.896900057792663574e+00,1.681268692016601562e+00,1.830026149749755859e+00,2.164251089096069336e+00,2.577636957168579102e+00,2.631207942962646484e+00,2.374401807785034180e+00,2.464265584945678711e+00,2.273195981979370117e+00,1.945225715637207031e+00,1.999183535575866699e+00,2.093246459960937500e+00,1.799225330352783203e+00,1.538109064102172852e+00,1.748607039451599121e+00,1.880382895469665527e+00,1.620458483695983887e+00,1.804842233657836914e+00,2.108345270156860352e+00,2.321662902832031250e+00,2.240208625793457031e+00,2.104387521743774414e+00,2.014183521270751953e+00,1.691242694854736328e+00,1.572347283363342285e+00,1.652974128723144531e+00,1.467037796974182129e+00,1.113400340080261230e+00,1.183470964431762695e+00,1.298714756965637207e+00,1.055077195167541504e+00,9.031784534454345703e-01,1.153778791427612305e+00,1.206629753112792969e+00
2.428310394287109375e+00,2.200288534164428711e+00,2.041249990463256836e+00,1.777223229408264160e+00,1.636097192764282227e+00,1.629141926765441895e+00,1.423224568367004395e+00,1.140325307846069336e+00,1.121629953384399414e+00,1.139886856079101562e+00,8.760886788368225098e-01,5.966026186943054199e-01,5.405086874961853027e-01,3.669382035732269287e-01,0.000000000000000000e+00,2.869731187820434570e+00,2.655358791351318359e+00,2.311513423919677734e+00,2.236462116241455078e+00,2.273053884506225586e+00,2.021766424179077148e+00,1.760113239288330078e+00,1.852212071418762207e+00,1.831406593322753906e+00,1.497165799140930176e+00,1.355726122856140137e+00,1.611901044845581055e+00,1.457939982414245605e+00,1.311293005943298340e+00,1.656137585639953613e+00,3.028089284896850586e+00,2.955142021179199219e+00,2.603749036788940430e+00,2.688207149505615234e+00,2.649100065231323242e+00,2.298375129699707031e+00,2.207629442214965820e+00,2.387896299362182617e+00,2.231622695922851562e+00,1.878635764122009277e+00,1.963136076927185059e+00,2.210331201553344727e+00,2.003516435623168945e+00,2.116106986999511719e+00,2.463430404663085938e+00,2.807250022888183594e+00,2.891944646835327148e+00,2.639189004898071289e+00,2.762801885604858398e+00,2.574136495590209961e+00,2.236937522888183594e+00,2.315096378326416016e+00,2.431019306182861328e+00,2.134234428405761719e+00,1.878225207328796387e+00,2.103681087493896484e+00,2.242906093597412109e+00,1.985947608947753906e+00,2.169811725616455078e+00,2.473129034042358398e+00,2.454838037490844727e+00,2.399232625961303711e+00,2.312231779098510742e+00,2.222869157791137695e+00,1.870811700820922852e+00,1.796089172363281250e+00,1.918567299842834473e+00,1.708755373954772949e+00,1.362579226493835449e+00,1.493174314498901367e+00,1.614364147186279297e+00,1.335805416107177734e+00,1.226832032203674316e+00,1.434297442436218262e+00,1.410002470016479492e+00
9.562295675277709961e-01,1.210345149040222168e+00,1.131739258766174316e+00,1.503316283226013184e+00,1.480560541152954102e+00,1.284515619277954102e+00,1.561504006385803223e+00,1.849330186843872070e+00,1.780013322830200195e+00,1.751025080680847168e+00,2.063350677490234375e+00,2.278219223022460938e+00,2.421540260314941406e+00,2.678901910781860352e+00,2.869731187820434570e+00,0.000000000000000000e+00,3.870049417018890381e-01,6.180077195167541504e-01,8.512166142463684082e-01,8.213484883308410645e-01,9.095486998558044434e-01,1.184877038002014160e+00,1.339248538017272949e+00,1.402310252189636230e+00,1.556266546249389648e+00,1.788091659545898438e+00,1.887040495872497559e+00,2.151363372802734375e+00,2.364407777786254883e+00,2.445398807525634766e+00,7.485679388046264648e-01,5.851072669029235840e-01,5.073606371879577637e-01,7.213804721832275391e-01,1.010644674301147461e+00,1.030539393424987793e+00,1.070040345191955566e+00,1.340943932533264160e+00,1.548992156982421875e+00,1.580034494400024414e+00,1.710421204566955566e+00,1.929519653320312500e+00,2.216689109802246094e+00,2.350697040557861328e+00,2.482890605926513672e+00,1.363165974617004395e+00,1.244363427162170410e+00,1.010684847831726074e+00,1.283636450767517090e+00,1.539672255516052246e+00,1.392389059066772461e+00,1.393098235130310059e+00,1.751803278923034668e+00,1.899927258491516113e+00,1.801491260528564453e+00,1.927538990974426270e+00,2.235994815826416016e+00,2.444160461425781250e+00,2.532304048538208008e+00,2.740749597549438477e+00,1.194130659103393555e+00,1.431119561195373535e+00,1.298069357872009277e+00,1.675229310989379883e+00,1.718937635421752930e+00,1.491419434547424316e+00,1.707080245018005371e+00,2.037930488586425781e+00,1.998446226119995117e+00,1.910695075988769531e+00,2.225655078887939453e+00,2.457818984985351562e+00,2.616627216339111328e+00,2.959625720977783203e+00,3.139259815216064453e+00
7.000468969345092773e-01,1.005058288574218750e+00,9.951196312904357910e-01,1.329419255256652832e+00,1.228101730346679688e+00,1.076882243156433105e+00,1.409211874008178711e+00,1.638076305389404297e+00,1.539374113082885742e+00,1.576187252998352051e+00,1.905491232872009277e+00,2.066644430160522461e+00,2.218747377395629883e+00,2.501983165740966797e+00,2.655358791351318359e+00,3.870049417018890381e-01,0.000000000000000000e+00,3.750948011875152588e-01,5.008800029754638672e-01,5.922197103500366211e-01,7.588349580764770508e-01,9.315095543861389160e-01,1.077149748802185059e+00,1.233101725578308105e+00,1.386097192764282227e+00,1.550455093383789062e+00,1.665122151374816895e+00,1.964044332504272461e+00,2.129780054092407227e+00,2.203530311584472656e+00,1.091833949089050293e+00,9.205421805381774902e-01,7.054955959320068359e-01,8.814888000488281250e-01,1.201802372932434082e+00,1.137739300727844238e+00,1.080803871154785156e+00,1.402641892433166504e+00,1.623238682746887207e+00,1.571369647979736328e+00,1.667655229568481445e+00,1.945299148559570312e+00,2.204287052154541016e+00,2.307208776473999023e+00,2.486850500106811523e+00,1.562218785285949707e+00,1.505428075790405273e+00,1.240755200386047363e+00,1.539840936660766602e+00,1.742127776145935059e+00,1.522336602210998535e+00,1.542035460472106934e+00,1.920274853706359863e+00,2.010770559310913086e+00,1.857321023941040039e+00,2.014519691467285156e+00,2.346623182296752930e+00,2.503829956054687500e+00,2.598916530609130859e+00,2.846502780914306641e+00,1.173177123069763184e+00,1.461535215377807617e+00,1.373426914215087891e+00,1.736802220344543457e+00,1.695223212242126465e+00,1.473326802253723145e+00,1.753099918365478516e+00,2.038671493530273438e+00,1.940048575401306152e+00,1.890609383583068848e+00,2.237436294555664062e+00,2.419123411178588867e+00,2.566855669021606445e+00,2.927184581756591797e+00,3.087371587753295898e+00
5.492429733276367188e-01,7.392358779907226562e-01,6.607452630996704102e-01,9.786958694458007812e-01,8.791738748550415039e-01,7.078218460083007812e-01,1.035674214363098145e+00,1.270392775535583496e+00,1.200049281120300293e+00,1.240748524665832520e+00,1.550661683082580566e+00,1.717773675918579102e+00,1.893841862678527832e+00,2.159635782241821289e+00,2.311513423919677734e+00,6.180077195167541504e-01,3.750948011875152588e-01,0.000000000000000000e+00,3.804098665714263916e-01,5.505205988883972168e-01,5.378378629684448242e-01,6.580845117568969727e-01,9.153350591659545898e-01,1.068194031715393066e+00,1.131078362464904785e+00,1.305609345436096191e+00,1.490222096443176270e+00,1.761589646339416504e+00,1.914839148521423340e+00,2.042919158935546875e+00,1.129472970962524414e+00,1.013071298599243164e+00,7.019933462142944336e-01,9.418995380401611328e-01,1.182510972023010254e+00,1.002702355384826660e+00,9.693115353584289551e-01,1.338737249374389648e+00,1.487998127937316895e+00,1.373379230499267578e+00,1.518471121788024902e+00,1.824290275573730469e+00,2.036223411560058594e+00,2.171147108078002930e+00,2.386373996734619141e+00,1.411143183708190918e+00,1.403262495994567871e+00,1.118410825729370117e+00,1.437998175621032715e+00,1.565504431724548340e+00,1.294136762619018555e+00,1.363157272338867188e+00,1.739094853401184082e+00,1.767064094543457031e+00,1.600207448005676270e+00,1.807413458824157715e+00,2.130742311477661133e+00,2.255660772323608398e+00,2.386698961257934570e+00,2.646138668060302734e+00,9.493034482002258301e-01,1.209294199943542480e+00,1.116475701332092285e+00,1.452428460121154785e+00,1.360557079315185547e+00,1.138195395469665527e+00,1.447627544403076172e+00,1.702736854553222656e+00,1.585391759872436523e+00,1.565536975860595703e+00,1.917988657951354980e+00,2.072860240936279297e+00,2.231601953506469727e+00,2.591376066207885742e+00,2.734606504440307617e+00
6.926385164260864258e-01,9.181303977966308594e-01,9.131003022193908691e-01,1.139603137969970703e+00,9.096694588661193848e-01,7.723303437232971191e-01,1.146167278289794922e+00,1.287764430046081543e+00,1.123603582382202148e+00,1.220390319824218750e+00,1.566149115562438965e+00,1.664559006690979004e+00,1.805781006813049316e+00,2.115811824798583984e+00,2.236462116241455078e+00,8.512166142463684082e-01,5.008800029754638672e-01,3.804098665714263916e-01,0.000000000000000000e+00,3.859485387802124023e-01,5.526555180549621582e-01,5.196135640144348145e-01,6.563133597373962402e-01,9.152250289916992188e-01,1.035581707954406738e+00,1.114297509193420410e+00,1.259189486503601074e+00,1.576636672019958496e+00,1.690050482749938965e+00,1.774849772453308105e+00,1.455631375312805176e+00,1.268797516822814941e+00,9.479852318763732910e-01,1.064845204353332520e+00,1.347204089164733887e+00,1.180876612663269043e+00,1.021569490432739258e+00,1.373273015022277832e+00,1.570781707763671875e+00,1.412979245185852051e+00,1.470763802528381348e+00,1.807806849479675293e+00,2.010216236114501953e+00,2.084241628646850586e+00,2.322916746139526367e+00,1.784728169441223145e+00,1.764387130737304688e+00,1.455836057662963867e+00,1.742376446723937988e+00,1.873609423637390137e+00,1.574780464172363281e+00,1.594233989715576172e+00,1.972172975540161133e+00,1.990113019943237305e+00,1.766388654708862305e+00,1.947307467460632324e+00,2.296805143356323242e+00,2.381880044937133789e+00,2.479851007461547852e+00,2.771108865737915039e+00,1.273657798767089844e+00,1.542350649833679199e+00,1.458362221717834473e+00,1.767464160919189453e+00,1.618980407714843750e+00,1.383352398872375488e+00,1.705901265144348145e+00,1.926268100738525391e+00,1.742179870605468750e+00,1.719297170639038086e+00,2.092473030090332031e+00,2.212664604187011719e+00,2.325185298919677734e+00,2.700184106826782227e+00,2.847333908081054688e+00
1.029431223869323730e+00,1.228635787963867188e+00,1.126062870025634766e+00,1.371165275573730469e+00,1.159745931625366211e+00,9.099259972572326660e-01,1.244839668273925781e+00,1.425112605094909668e+00,1.207837820053100586e+00,1.201220631599426270e+00,1.575554609298706055e+00,1.715059876441955566e+00,1.788155794143676758e+00,2.104721546173095703e+00,2.273053884506225586e+00,8.213484883308410645e-01,5.922197103500366211e-01,5.505205988883972168e-01,3.859485387802124023e-01,0.000000000000000000e+00,3.786736726760864258e-01,5.325425267219543457e-01,5.322049856185913086e-01,6.611599922180175781e-01,8.829198479652404785e-01,1.031820774078369141e+00,1.088720798492431641e+00,1.391211509704589844e+00,1.573979854583740234e+00,1.631809353828430176e+00,1.359806180000305176e+00,1.096209406852722168e+00,7.747303843498229980e-01,7.673889994621276855e-01,1.055254459381103516e+00,9.368335008621215820e-01,7.030568122863769531e-01,1.020334482192993164e+00,1.264201045036315918e+00,1.145743608474731445e+00,1.158310651779174805e+00,1.473290562629699707e+00,1.710241198539733887e+00,1.769618153572082520e+00,1.980404496192932129e+00,1.813050627708435059e+00,1.714606642723083496e+00,1.368996262550354004e+00,1.587902307510375977e+00,1.757909893989562988e+00,1.470600366592407227e+00,1.400721430778503418e+00,1.775294542312622070e+00,1.840229988098144531e+00,1.596137285232543945e+00,1.711099147796630859e+00,2.078467369079589844e+00,2.177794694900512695e+00,2.227863311767578125e+00,2.517766952514648438e+00,1.480680465698242188e+00,1.694458723068237305e+00,1.527307510375976562e+00,1.834837436676025391e+00,1.719241023063659668e+00,1.419502258300781250e+00,1.685830712318420410e+00,1.942205429077148438e+00,1.751701593399047852e+00,1.648868203163146973e+00,2.019093036651611328e+00,2.182662010192871094e+00,2.250862598419189453e+00,2.628075599670410156e+00,2.821740627288818359e+00
1.041054010391235352e+00,1.124488592147827148e+00,9.197626113891601562e-01,1.142510771751403809e+00,9.797590374946594238e-01,6.500784754753112793e-01,9.276556968688964844e-01,1.157423973083496094e+00,9.772616624832153320e-01,8.993096947669982910e-01,1.257570505142211914e+00,1.451519608497619629e+00,1.539383292198181152e+00,1.822179675102233887e+00,2.021766424179077148e+00,9.095486998558044434e-01,7.588349580764770508e-01,5.378378629684448242e-01,5.526555180549621582e-01,3.786736726760864258e-01,0.000000000000000000e+00,3.804980218410491943e-01,5.684291124343872070e-01,5.668994784355163574e-01,6.488063931465148926e-01,9.005988836288452148e-01,1.044187664985656738e+00,1.276395559310913086e+00,1.486300826072692871e+00,1.622434377670288086e+00,1.257119417190551758e+00,1.053730010986328125e+00,6.841579079627990723e-01,7.593727111816406250e-01,9.229106307029724121e-01,6.840584278106689453e-01,5.187923312187194824e-01,8.942053914070129395e-01,1.033038616180419922e+00,8.709524869918823242e-01,9.859564304351806641e-01,1.309295535087585449e+00,1.507602572441101074e+00,1.635670781135559082e+00,1.863366007804870605e+00,1.575691819190979004e+00,1.491893768310546875e+00,1.134716987609863281e+00,1.346543073654174805e+00,1.457107543945312500e+00,1.138402342796325684e+00,1.095345973968505859e+00,1.464358448982238770e+00,1.487958669662475586e+00,1.241060495376586914e+00,1.397688269615173340e+00,1.753591060638427734e+00,1.843536734580993652e+00,1.931399941444396973e+00,2.219310283660888672e+00,1.305998802185058594e+00,1.450645685195922852e+00,1.244206786155700684e+00,1.516827464103698730e+00,1.391085624694824219e+00,1.067958831787109375e+00,1.321653842926025391e+00,1.573069334030151367e+00,1.383310317993164062e+00,1.271814107894897461e+00,1.641425848007202148e+00,1.810843944549560547e+00,1.891075015068054199e+00,2.264637470245361328e+00,2.458354473114013672e+00
