,A1,A2,A3,A4,A5,A6,A7,A8,A9,A10,A11,A12,A13,A14,A15,B1,B2,B3,B4,B5,B6,B7,B8,B9,B10,B11,B12,B13,B14,B15,C1,C2,C3,C4,C5,C6,C7,C8,C9,C10,C11,C12,C13,C14,C15,D1,D2,D3,D4,D5,D6,D7,D8,D9,D10,D11,D12,D13,D14,D15,E1,E2,E3,E4,E5,E6,E7,E8,E9,E10,E11,E12,E13,E14,E15
A1,0.0,0.3855452835559845,0.6143168807029724,0.8529253005981445,0.8053392171859741,0.8799575567245483,1.1674153804779053,1.3213564157485962,1.3510295152664185,1.5051850080490112,1.7471129894256592,1.8514881134033203,2.1013290882110596,2.343891143798828,2.4283103942871094,0.956229567527771,0.7000468969345093,0.5492429733276367,0.6926385164260864,1.0294312238693237,1.0410540103912354,1.0053507089614868,1.2855169773101807,1.5229198932647705,1.5268335342407227,1.6184877157211304,1.8577208518981934,2.139296293258667,2.219388961791992,2.362332344055176,1.450149655342102,1.4358189105987549,1.187868356704712,1.4689693450927734,1.7034350633621216,1.50977623462677,1.5087051391601562,1.8835513591766357,2.0064010620117188,1.8616355657577515,2.022371768951416,2.3452444076538086,2.526820659637451,2.664482831954956,2.904135227203369,1.5258395671844482,1.638621211051941,1.4466902017593384,1.8141332864761353,1.8894225358963013,1.6357344388961792,1.7971851825714111,2.1514298915863037,2.1282529830932617,1.996135950088501,2.2583000659942627,2.551699638366699,2.658273935317993,2.834958076477051,3.090440273284912,0.7794644832611084,1.1367218494415283,1.219498872756958,1.5242120027542114,1.403350591659546,1.3198800086975098,1.668483853340149,1.8547720909118652,1.7660605907440186,1.851905107498169,2.1822569370269775,2.2751524448394775,2.4863040447235107,2.8287835121154785,2.9058732986450195
A2,0.3855452835559845,0.0,0.3733258545398712,0.5056943893432617,0.5799474120140076,0.7411338686943054,0.9272409677505493,1.0693755149841309,1.1979542970657349,1.359371304512024,1.5292956829071045,1.637445330619812,1.9289350509643555,2.125373125076294,2.2002885341644287,1.2103451490402222,1.0050582885742188,0.7392358779907227,0.9181303977966309,1.2286357879638672,1.1244885921478271,1.0442414283752441,1.387095332145691,1.5915091037750244,1.504578948020935,1.6010470390319824,1.898464560508728,2.1337785720825195,2.1990902423858643,2.3952925205230713,1.546155571937561,1.5898951292037964,1.3226704597473145,1.6352871656417847,1.7998826503753662,1.5437222719192505,1.58844792842865,1.9689233303070068,2.0207834243774414,1.8433189392089844,2.0518364906311035,2.3751022815704346,2.5109307765960693,2.683767080307007,2.9415342807769775,1.4085259437561035,1.5884900093078613,1.4239832162857056,1.791650652885437,1.7870426177978516,1.5199745893478394,1.743640661239624,2.0661978721618652,1.980958104133606,1.868364691734314,2.1760752201080322,2.4356396198272705,2.5163137912750244,2.73506236076355,2.9840376377105713,0.5764989852905273,0.885463535785675,1.0245938301086426,1.2634831666946411,1.095018744468689,1.0844119787216187,1.442975401878357,1.571420669555664,1.4975696802139282,1.643837809562683,1.948307752609253,2.003180742263794,2.245232343673706,2.5683512687683105,2.6103436946868896
A3,0.6143168807029724,0.3733258545398712,0.0,0.3813776671886444,0.5441850423812866,0.528629720211029,0.6550296545028687,0.9077602028846741,1.0471214056015015,1.1168081760406494,1.2817800045013428,1.4627145528793335,1.7356148958206177,1.9127159118652344,2.041249990463257,1.1317392587661743,0.9951196312904358,0.6607452630996704,0.9131003022193909,1.1260628700256348,0.9197626113891602,0.9030927419662476,1.2796989679336548,1.4013655185699463,1.279387354850769,1.4471176862716675,1.7498455047607422,1.9439719915390015,2.0546700954437256,2.276589870452881,1.3353612422943115,1.387807846069336,1.1027981042861938,1.4241267442703247,1.5260405540466309,1.2373712062835693,1.32744562625885,1.6980468034744263,1.704025149345398,1.53359854221344,1.7815756797790527,2.084259033203125,2.210691452026367,2.41513729095459,2.6618189811706543,1.1594406366348267,1.3144793510437012,1.1229941844940186,1.4722652435302734,1.440300703048706,1.15607750415802,1.3897991180419922,1.7018324136734009,1.6076878309249878,1.5022825002670288,1.8167438507080078,2.0660834312438965,2.1537468433380127,2.3794002532958984,2.6188910007476807,0.4951198697090149,0.6880573630332947,0.7170003056526184,0.9624047875404358,0.7967290282249451,0.7233144640922546,1.0814738273620605,1.2420504093170166,1.1777243614196777,1.2932008504867554,1.5975489616394043,1.6867833137512207,1.9289546012878418,2.2530088424682617,2.3224990367889404
A4,0.8529253005981445,0.5056943893432617,0.3813776671886444,0.0,0.3850295841693878,0.5534214377403259,0.525305449962616,0.6538501977920532,0.9012590050697327,1.0341817140579224,1.1060669422149658,1.2328554391860962,1.5527528524398804,1.6930795907974243,1.7772232294082642,1.5033162832260132,1.3294192552566528,0.9786958694458008,1.1396031379699707,1.3711652755737305,1.1425107717514038,1.0154485702514648,1.3890397548675537,1.5236204862594604,1.3259756565093994,1.4308595657348633,1.7790911197662354,1.938984990119934,1.996150016784668,2.253922700881958,1.6911107301712036,1.7469109296798706,1.4453191757202148,1.741918921470642,1.8172147274017334,1.4904388189315796,1.558176040649414,1.9211149215698242,1.884904384613037,1.659176230430603,1.907015323638916,2.2227816581726074,2.291398525238037,2.4973785877227783,2.775428056716919,1.392364740371704,1.5910226106643677,1.4179617166519165,1.7390110492706299,1.6375234127044678,1.3338457345962524,1.5910186767578125,1.8651719093322754,1.6965811252593994,1.5784473419189453,1.9252941608428955,2.1485960483551025,2.177896738052368,2.432701587677002,2.6829066276550293,0.717617928981781,0.809488832950592,0.899656355381012,1.0080883502960205,0.7189463376998901,0.7516732811927795,1.1128021478652954,1.1499042510986328,1.0449881553649902,1.2542468309402466,1.534773588180542,1.5365288257598877,1.7902895212173462,2.099165678024292,2.117933750152588
A5,0.8053392171859741,0.5799474120140076,0.5441850423812866,0.3850295841693878,0.0,0.3780418932437897,0.5318750739097595,0.5320331454277039,0.6388850212097168,0.8669473528862,1.0219998359680176,1.0736600160598755,1.3660821914672852,1.5771887302398682,1.6360971927642822,1.480560541152954,1.2281017303466797,0.8791738748550415,0.9096694588661194,1.1597459316253662,0.9797590374946594,0.7460802793502808,1.0860540866851807,1.2796486616134644,1.1020509004592896,1.1314849853515625,1.4759193658828735,1.6698062419891357,1.6930689811706543,1.9279093742370605,1.8051809072494507,1.7791887521743774,1.4382247924804688,1.6752957105636597,1.7976438999176025,1.4767452478408813,1.4486678838729858,1.8159130811691284,1.8269950151443481,1.564371943473816,1.746799111366272,2.09494948387146,2.1633307933807373,2.320014715194702,2.6195101737976074,1.6725260019302368,1.8110860586166382,1.5746204853057861,1.8834823369979858,1.8276121616363525,1.4879460334777832,1.6708803176879883,1.9763468503952026,1.8260318040847778,1.6351879835128784,1.9488037824630737,2.2172138690948486,2.2192604541778564,2.4324214458465576,2.719111919403076,0.996666669845581,1.1544511318206787,1.1838911771774292,1.3320006132125854,1.0321712493896484,0.9549742937088013,1.3265643119812012,1.3756946325302124,1.1730055809020996,1.3352988958358765,1.6633055210113525,1.6513965129852295,1.837354063987732,2.1776514053344727,2.2213101387023926
A6,0.8799575567245483,0.7411338686943054,0.528629720211029,0.5534214377403259,0.3780418932437897,0.0,0.3773173689842224,0.5686752796173096,0.5557034015655518,0.6327848434448242,0.8801774382591248,1.033321738243103,1.2601633071899414,1.4916447401046753,1.629141926765442,1.284515619277954,1.076882243156433,0.7078218460083008,0.7723303437232971,0.9099259972572327,0.6500784754753113,0.4827563464641571,0.8586505055427551,0.9707107543945312,0.7931917905807495,0.9259044528007507,1.2495044469833374,1.4302681684494019,1.5274046659469604,1.761104702949524,1.5591678619384766,1.4984091520309448,1.141378402709961,1.3510948419570923,1.4444278478622437,1.1132184267044067,1.0829726457595825,1.4452245235443115,1.4493836164474487,1.1948740482330322,1.3918994665145874,1.731009840965271,1.8175756931304932,1.9882766008377075,2.271637439727783,1.5196247100830078,1.58928382396698,1.3064171075820923,1.5821388959884644,1.5478265285491943,1.1914364099502563,1.3264216184616089,1.6444895267486572,1.5224882364273071,1.3065507411956787,1.5973995923995972,1.8873637914657593,1.9087212085723877,2.098783254623413,2.3873422145843506,1.0188788175582886,1.1346056461334229,1.0432000160217285,1.2236438989639282,0.9653111696243286,0.7556161284446716,1.110106348991394,1.2312051057815552,1.0124151706695557,1.0801067352294922,1.4399040937423706,1.4951503276824951,1.6504768133163452,2.0112457275390625,2.1150338649749756
A7,1.1674153804779053,0.9272409677505493,0.6550296545028687,0.525305449962616,0.5318750739097595,0.3773173689842224,0.0,0.3802480399608612,0.5599478483200073,0.5460690855979919,0.6286354660987854,0.8489589095115662,1.115798830986023,1.263999104499817,1.4232245683670044,1.5615040063858032,1.4092118740081787,1.0356742143630981,1.146167278289795,1.2448396682739258,0.9276556968688965,0.8009255528450012,1.1471999883651733,1.1767487525939941,0.9041459560394287,1.0571359395980835,1.4084117412567139,1.5015084743499756,1.595776081085205,1.883876919746399,1.6874648332595825,1.681443691253662,1.3458588123321533,1.5678175687789917,1.5761970281600952,1.2098109722137451,1.2490673065185547,1.5737553834915161,1.4837275743484497,1.213814616203308,1.4686695337295532,1.7754082679748535,1.8015755414962769,2.019214630126953,2.3059191703796387,1.4744446277618408,1.5807099342346191,1.3362095355987549,1.5755406618118286,1.4505094289779663,1.0934990644454956,1.284111738204956,1.538088321685791,1.33746337890625,1.1482740640640259,1.487729787826538,1.7226568460464478,1.7093689441680908,1.949944019317627,2.2231457233428955,1.0728012323379517,1.0635230541229248,0.9629495143890381,1.0249942541122437,0.7044202089309692,0.536210834980011,0.8655972480773926,0.8987352252006531,0.6589674353599548,0.8055291771888733,1.1332752704620361,1.1459083557128906,1.3370484113693237,1.6802138090133667,1.7585163116455078
A8,1.3213564157485962,1.0693755149841309,0.9077602028846741,0.6538501977920532,0.5320331454277039,0.5686752796173096,0.3802480399608612,0.0,0.38135799765586853,0.5551336407661438,0.5394724607467651,0.5807401537895203,0.9101774096488953,1.0638794898986816,1.1403253078460693,1.849330186843872,1.6380763053894043,1.2703927755355835,1.2877644300460815,1.4251126050949097,1.157423973083496,0.9136614203453064,1.2032475471496582,1.2870134115219116,0.9862582683563232,1.0012837648391724,1.3801231384277344,1.4591779708862305,1.4647102355957031,1.7700738906860352,2.050877094268799,2.023442268371582,1.6726703643798828,1.8656721115112305,1.8986659049987793,1.5349420309066772,1.5108450651168823,1.8251852989196777,1.745289921760559,1.4311015605926514,1.6285250186920166,1.9553269147872925,1.9346339702606201,2.1138017177581787,2.434612512588501,1.8322100639343262,1.9576584100723267,1.7151474952697754,1.9507713317871094,1.8169634342193604,1.458864450454712,1.6298688650131226,1.867621660232544,1.6379269361495972,1.420716404914856,1.7467098236083984,1.9744715690612793,1.8993104696273804,2.1336636543273926,2.4279978275299072,1.3365293741226196,1.3529338836669922,1.3132802248001099,1.3355473279953003,0.9713199734687805,0.8889100551605225,1.1854270696640015,1.1197084188461304,0.8213655352592468,1.024353265762329,1.3191148042678833,1.224461317062378,1.3745791912078857,1.7073547840118408,1.7383219003677368
A9,1.3510295152664185,1.1979542970657349,1.0471214056015015,0.9012590050697327,0.6388850212097168,0.5557034015655518,0.5599478483200073,0.38135799765586853,0.0,0.3672085106372833,0.5586304068565369,0.5436654686927795,0.753778338432312,1.0284514427185059,1.1216299533843994,1.7800133228302002,1.5393741130828857,1.2000492811203003,1.1236035823822021,1.2078378200531006,0.9772616624832153,0.6756477355957031,0.882642924785614,0.9747795462608337,0.6854746341705322,0.6270632743835449,1.0069078207015991,1.1117527484893799,1.112008810043335,1.400009274482727,2.060401201248169,1.961775541305542,1.5927273035049438,1.716235637664795,1.777295708656311,1.434554934501648,1.3213609457015991,1.618802547454834,1.5847270488739014,1.246968388557434,1.369460105895996,1.7202584743499756,1.7072761058807373,1.8359179496765137,2.1704883575439453,1.99944007396698,2.06184720993042,1.7676184177398682,1.9815762042999268,1.902937412261963,1.5285406112670898,1.614524006843567,1.8790662288665771,1.693503737449646,1.4127082824707031,1.6809934377670288,1.9570387601852417,1.8733444213867188,2.0475876331329346,2.372706651687622,1.5282635688781738,1.5937100648880005,1.5007109642028809,1.583267092704773,1.2545292377471924,1.0716627836227417,1.3596391677856445,1.3585081100463867,1.0213481187820435,1.108901858329773,1.4451847076416016,1.3898073434829712,1.4520412683486938,1.8145008087158203,1.9026262760162354
A10,1.5051850080490112,1.359371304512024,1.1168081760406494,1.0341817140579224,0.8669473528862,0.6327848434448242,0.5460690855979919,0.5551336407661438,0.3672085106372833,0.0,0.3852121829986572,0.5823491811752319,0.6868879199028015,0.9311938881874084,1.1398868560791016,1.7510250806808472,1.576187252998352,1.2407485246658325,1.2203903198242188,1.2012206315994263,0.8993096947669983,0.7180822491645813,0.9100693464279175,0.850908100605011,0.4964886009693146,0.6117493510246277,0.951538622379303,0.9765040278434753,1.080731987953186,1.3880373239517212,1.9241430759429932,1.8218814134597778,1.4658693075180054,1.5608307123184204,1.5525158643722534,1.1990612745285034,1.1117740869522095,1.3672512769699097,1.274254322052002,0.9286121726036072,1.0937435626983643,1.4170023202896118,1.3862541913986206,1.5591691732406616,1.8802086114883423,1.8771270513534546,1.8944469690322876,1.588875412940979,1.745552897453308,1.6527560949325562,1.2802881002426147,1.3263503313064575,1.56194269657135,1.3726093769073486,1.0693693161010742,1.3244643211364746,1.5982327461242676,1.511186957359314,1.6813633441925049,2.005903959274292,1.572615623474121,1.5770525932312012,1.4049639701843262,1.4671286344528198,1.1779850721359253,0.9246124625205994,1.1412426233291626,1.167421579360962,0.8164579272270203,0.805923342704773,1.1528139114379883,1.1501723527908325,1.1778984069824219,1.556483507156372,1.7020567655563354
A11,1.7471129894256592,1.5292956829071045,1.2817800045013428,1.1060669422149658,1.0219998359680176,0.8801774382591248,0.6286354660987854,0.5394724607467651,0.5586304068565369,0.3852121829986572,0.0,0.3783614933490753,0.5540711879730225,0.6488360166549683,0.8760886788368225,2.0633506774902344,1.9054912328720093,1.5506616830825806,1.566149115562439,1.575554609298706,1.257570505142212,1.0843347311019897,1.2884925603866577,1.2219014167785645,0.8576269149780273,0.9265490770339966,1.2581698894500732,1.2006925344467163,1.256379246711731,1.6034657955169678,2.1568965911865234,2.1040127277374268,1.7643711566925049,1.88709557056427,1.832100749015808,1.4648646116256714,1.4379832744598389,1.6650060415267944,1.502177119255066,1.1662827730178833,1.3646587133407593,1.6401867866516113,1.5391168594360352,1.7442102432250977,2.0642292499542236,1.9650336503982544,2.024890899658203,1.7634509801864624,1.9004943370819092,1.7322431802749634,1.3794020414352417,1.4777506589889526,1.6417551040649414,1.3742612600326538,1.1138559579849243,1.4035109281539917,1.600117564201355,1.4545279741287231,1.6798384189605713,1.984150767326355,1.6922788619995117,1.6272913217544556,1.4807226657867432,1.4430416822433472,1.1205111742019653,0.9550834894180298,1.1078953742980957,1.0063925981521606,0.6238555908203125,0.7167066335678101,0.9785694479942322,0.8631220459938049,0.8995985984802246,1.2565547227859497,1.354433298110962
A12,1.8514881134033203,1.637445330619812,1.4627145528793335,1.2328554391860962,1.0736600160598755,1.033321738243103,0.8489589095115662,0.5807401537895203,0.5436654686927795,0.5823491811752319,0.3783614933490753,0.0,0.36924096941947937,0.5194164514541626,0.5966026186943054,2.278219223022461,2.0666444301605225,1.717773675918579,1.664559006690979,1.7150598764419556,1.4515196084976196,1.19270658493042,1.3452152013778687,1.3488692045211792,1.0028380155563354,0.917876124382019,1.2527104616165161,1.1989485025405884,1.1390188932418823,1.4906532764434814,2.459869623184204,2.3873369693756104,2.030825614929199,2.1411540508270264,2.1299633979797363,1.7715768814086914,1.6896463632583618,1.9227124452590942,1.80027437210083,1.444840669631958,1.5725884437561035,1.8699655532836914,1.748133897781372,1.8930420875549316,2.2398335933685303,2.2826435565948486,2.361941337585449,2.095249891281128,2.255510091781616,2.1012015342712402,1.7428487539291382,1.836254358291626,2.0137860774993896,1.7508604526519775,1.48079252243042,1.7472643852233887,1.9491760730743408,1.7727843523025513,1.972513198852539,2.290464162826538,1.897977352142334,1.875157356262207,1.7792526483535767,1.7492831945419312,1.3953075408935547,1.2757177352905273,1.4649158716201782,1.332496166229248,0.9602556228637695,1.0924561023712158,1.326172113418579,1.1439216136932373,1.1395294666290283,1.4588813781738281,1.5019960403442383
A13,2.1013290882110596,1.9289350509643555,1.7356148958206177,1.5527528524398804,1.3660821914672852,1.2601633071899414,1.115798830986023,0.9101774096488953,0.753778338432312,0.6868879199028015,0.5540711879730225,0.36924096941947937,0.0,0.37723374366760254,0.5405086874961853,2.4215402603149414,2.21874737739563,1.8938418626785278,1.8057810068130493,1.7881557941436768,1.5393832921981812,1.3021836280822754,1.3628660440444946,1.3017470836639404,0.9709125757217407,0.8529641628265381,1.106624722480774,0.9585988521575928,0.8878567218780518,1.2525500059127808,2.5991618633270264,2.4868862628936768,2.1344101428985596,2.1827259063720703,2.1514363288879395,1.8160655498504639,1.6909847259521484,1.8620811700820923,1.7324790954589844,1.3714646100997925,1.4333640336990356,1.702336311340332,1.5309978723526,1.6390783786773682,1.9937180280685425,2.499330997467041,2.531062126159668,2.2404446601867676,2.3539299964904785,2.21622633934021,1.8633153438568115,1.8875869512557983,2.041293144226074,1.7954102754592896,1.4895577430725098,1.6878259181976318,1.8910927772521973,1.6736018657684326,1.8182200193405151,2.153237819671631,2.1854262351989746,2.160505771636963,2.0178885459899902,1.9968405961990356,1.670791745185852,1.4981647729873657,1.6412100791931152,1.5321173667907715,1.150766134262085,1.1834173202514648,1.3973718881607056,1.2348952293395996,1.113072156906128,1.427398443222046,1.526992678642273
A14,2.343891143798828,2.125373125076294,1.9127159118652344,1.6930795907974243,1.5771887302398682,1.4916447401046753,1.263999104499817,1.0638794898986816,1.0284514427185059,0.9311938881874084,0.6488360166549683,0.5194164514541626,0.37723374366760254,0.0,0.36693820357322693,2.6789019107818604,2.501983165740967,2.1596357822418213,2.115811824798584,2.1047215461730957,1.8221796751022339,1.6133965253829956,1.7135170698165894,1.6275337934494019,1.2797759771347046,1.2174851894378662,1.4653820991516113,1.2773914337158203,1.2215778827667236,1.5835540294647217,2.777928113937378,2.703850030899048,2.365764856338501,2.43641996383667,2.3610634803771973,2.0147485733032227,1.9436291456222534,2.0971872806549072,1.9097356796264648,1.5678294897079468,1.6749584674835205,1.8969000577926636,1.6812686920166016,1.8300261497497559,2.1642510890960693,2.577636957168579,2.6312079429626465,2.374401807785034,2.4642655849456787,2.27319598197937,1.945225715637207,1.9991835355758667,2.0932464599609375,1.7992253303527832,1.5381090641021729,1.7486070394515991,1.8803828954696655,1.6204584836959839,1.804842233657837,2.1083452701568604,2.3216629028320312,2.240208625793457,2.1043875217437744,2.014183521270752,1.6912426948547363,1.5723472833633423,1.6529741287231445,1.4670377969741821,1.1134003400802612,1.1834709644317627,1.2987147569656372,1.0550771951675415,0.9031784534454346,1.1537787914276123,1.206629753112793
A15,2.4283103942871094,2.2002885341644287,2.041249990463257,1.7772232294082642,1.6360971927642822,1.629141926765442,1.4232245683670044,1.1403253078460693,1.1216299533843994,1.1398868560791016,0.8760886788368225,0.5966026186943054,0.5405086874961853,0.36693820357322693,0.0,2.8697311878204346,2.6553587913513184,2.3115134239196777,2.236462116241455,2.2730538845062256,2.021766424179077,1.76011323928833,1.8522120714187622,1.831406593322754,1.4971657991409302,1.3557261228561401,1.611901044845581,1.4579399824142456,1.3112930059432983,1.6561375856399536,3.0280892848968506,2.955142021179199,2.6037490367889404,2.6882071495056152,2.6491000652313232,2.298375129699707,2.207629442214966,2.3878962993621826,2.2316226959228516,1.8786357641220093,1.963136076927185,2.2103312015533447,2.003516435623169,2.1161069869995117,2.463430404663086,2.8072500228881836,2.891944646835327,2.6391890048980713,2.7628018856048584,2.57413649559021,2.2369375228881836,2.315096378326416,2.4310193061828613,2.1342344284057617,1.8782252073287964,2.1036810874938965,2.242906093597412,1.985947608947754,2.169811725616455,2.4731290340423584,2.4548380374908447,2.3992326259613037,2.3122317790985107,2.2228691577911377,1.8708117008209229,1.7960891723632812,1.9185672998428345,1.708755373954773,1.3625792264938354,1.4931743144989014,1.6143641471862793,1.3358054161071777,1.2268320322036743,1.4342974424362183,1.4100024700164795
B1,0.956229567527771,1.2103451490402222,1.1317392587661743,1.5033162832260132,1.480560541152954,1.284515619277954,1.5615040063858032,1.849330186843872,1.7800133228302002,1.7510250806808472,2.0633506774902344,2.278219223022461,2.4215402603149414,2.6789019107818604,2.8697311878204346,0.0,0.38700494170188904,0.6180077195167542,0.8512166142463684,0.8213484883308411,0.9095486998558044,1.1848770380020142,1.339248538017273,1.4023102521896362,1.5562665462493896,1.7880916595458984,1.8870404958724976,2.1513633728027344,2.364407777786255,2.4453988075256348,0.7485679388046265,0.5851072669029236,0.5073606371879578,0.7213804721832275,1.0106446743011475,1.0305393934249878,1.0700403451919556,1.3409439325332642,1.5489921569824219,1.5800344944000244,1.7104212045669556,1.9295196533203125,2.216689109802246,2.3506970405578613,2.4828906059265137,1.3631659746170044,1.2443634271621704,1.010684847831726,1.283636450767517,1.5396722555160522,1.3923890590667725,1.39309823513031,1.7518032789230347,1.8999272584915161,1.8014912605285645,1.9275389909744263,2.235994815826416,2.4441604614257812,2.532304048538208,2.7407495975494385,1.1941306591033936,1.4311195611953735,1.2980693578720093,1.6752293109893799,1.718937635421753,1.4914194345474243,1.7070802450180054,2.037930488586426,1.9984462261199951,1.9106950759887695,2.2256550788879395,2.4578189849853516,2.6166272163391113,2.959625720977783,3.1392598152160645
B2,0.7000468969345093,1.0050582885742188,0.9951196312904358,1.3294192552566528,1.2281017303466797,1.076882243156433,1.4092118740081787,1.6380763053894043,1.5393741130828857,1.576187252998352,1.9054912328720093,2.0666444301605225,2.21874737739563,2.501983165740967,2.6553587913513184,0.38700494170188904,0.0,0.37509480118751526,0.5008800029754639,0.5922197103500366,0.758834958076477,0.9315095543861389,1.077149748802185,1.233101725578308,1.3860971927642822,1.550455093383789,1.665122151374817,1.9640443325042725,2.1297800540924072,2.2035303115844727,1.0918339490890503,0.9205421805381775,0.7054955959320068,0.8814888000488281,1.201802372932434,1.1377393007278442,1.0808038711547852,1.4026418924331665,1.6232386827468872,1.5713696479797363,1.6676552295684814,1.9452991485595703,2.204287052154541,2.307208776473999,2.4868505001068115,1.5622187852859497,1.5054280757904053,1.2407552003860474,1.5398409366607666,1.742127776145935,1.5223366022109985,1.542035460472107,1.9202748537063599,2.010770559310913,1.85732102394104,2.014519691467285,2.346623182296753,2.5038299560546875,2.598916530609131,2.8465027809143066,1.1731771230697632,1.4615352153778076,1.373426914215088,1.7368022203445435,1.6952232122421265,1.4733268022537231,1.7530999183654785,2.0386714935302734,1.9400485754013062,1.8906093835830688,2.237436294555664,2.419123411178589,2.5668556690216064,2.927184581756592,3.087371587753296
B3,0.5492429733276367,0.7392358779907227,0.6607452630996704,0.9786958694458008,0.8791738748550415,0.7078218460083008,1.0356742143630981,1.2703927755355835,1.2000492811203003,1.2407485246658325,1.5506616830825806,1.717773675918579,1.8938418626785278,2.1596357822418213,2.3115134239196777,0.6180077195167542,0.37509480118751526,0.0,0.3804098665714264,0.5505205988883972,0.5378378629684448,0.658084511756897,0.9153350591659546,1.068194031715393,1.1310783624649048,1.3056093454360962,1.4902220964431763,1.7615896463394165,1.9148391485214233,2.042919158935547,1.1294729709625244,1.0130712985992432,0.7019933462142944,0.9418995380401611,1.1825109720230103,1.0027023553848267,0.969311535358429,1.3387372493743896,1.487998127937317,1.3733792304992676,1.518471121788025,1.8242902755737305,2.0362234115600586,2.171147108078003,2.386373996734619,1.411143183708191,1.4032624959945679,1.1184108257293701,1.4379981756210327,1.5655044317245483,1.2941367626190186,1.3631572723388672,1.739094853401184,1.767064094543457,1.6002074480056763,1.8074134588241577,2.130742311477661,2.2556607723236084,2.3866989612579346,2.6461386680603027,0.9493034482002258,1.2092941999435425,1.1164757013320923,1.4524284601211548,1.3605570793151855,1.1381953954696655,1.4476275444030762,1.7027368545532227,1.5853917598724365,1.5655369758605957,1.917988657951355,2.0728602409362793,2.2316019535064697,2.5913760662078857,2.7346065044403076
B4,0.6926385164260864,0.9181303977966309,0.9131003022193909,1.1396031379699707,0.9096694588661194,0.7723303437232971,1.146167278289795,1.2877644300460815,1.1236035823822021,1.2203903198242188,1.566149115562439,1.664559006690979,1.8057810068130493,2.115811824798584,2.236462116241455,0.8512166142463684,0.5008800029754639,0.3804098665714264,0.0,0.3859485387802124,0.5526555180549622,0.5196135640144348,0.6563133597373962,0.9152250289916992,1.0355817079544067,1.1142975091934204,1.259189486503601,1.5766366720199585,1.690050482749939,1.774849772453308,1.4556313753128052,1.268797516822815,0.9479852318763733,1.0648452043533325,1.3472040891647339,1.180876612663269,1.0215694904327393,1.3732730150222778,1.5707817077636719,1.412979245185852,1.4707638025283813,1.8078068494796753,2.010216236114502,2.0842416286468506,2.3229167461395264,1.7847281694412231,1.7643871307373047,1.4558360576629639,1.742376446723938,1.8736094236373901,1.5747804641723633,1.5942339897155762,1.9721729755401611,1.9901130199432373,1.7663886547088623,1.9473074674606323,2.2968051433563232,2.381880044937134,2.479851007461548,2.771108865737915,1.2736577987670898,1.5423506498336792,1.4583622217178345,1.7674641609191895,1.6189804077148438,1.3833523988723755,1.7059012651443481,1.9262681007385254,1.7421798706054688,1.719297170639038,2.092473030090332,2.2126646041870117,2.3251852989196777,2.7001841068267822,2.8473339080810547
B5,1.0294312238693237,1.2286357879638672,1.1260628700256348,1.3711652755737305,1.1597459316253662,0.9099259972572327,1.2448396682739258,1.4251126050949097,1.2078378200531006,1.2012206315994263,1.575554609298706,1.7150598764419556,1.7881557941436768,2.1047215461730957,2.2730538845062256,0.8213484883308411,0.5922197103500366,0.5505205988883972,0.3859485387802124,0.0,0.3786736726760864,0.5325425267219543,0.5322049856185913,0.6611599922180176,0.8829198479652405,1.0318207740783691,1.0887207984924316,1.3912115097045898,1.5739798545837402,1.6318093538284302,1.3598061800003052,1.0962094068527222,0.774730384349823,0.7673889994621277,1.0552544593811035,0.9368335008621216,0.703056812286377,1.0203344821929932,1.264201045036316,1.1457436084747314,1.1583106517791748,1.4732905626296997,1.7102411985397339,1.7696181535720825,1.9804044961929321,1.813050627708435,1.7146066427230835,1.368996262550354,1.587902307510376,1.757909893989563,1.4706003665924072,1.4007214307785034,1.775294542312622,1.8402299880981445,1.596137285232544,1.7110991477966309,2.07846736907959,2.1777946949005127,2.227863311767578,2.5177669525146484,1.4806804656982422,1.6944587230682373,1.5273075103759766,1.8348374366760254,1.7192410230636597,1.4195022583007812,1.6858307123184204,1.9422054290771484,1.7517015933990479,1.648868203163147,2.0190930366516113,2.182662010192871,2.2508625984191895,2.62807559967041,2.8217406272888184
B6,1.0410540103912354,1.1244885921478271,0.9197626113891602,1.1425107717514038,0.9797590374946594,0.6500784754753113,0.9276556968688965,1.157423973083496,0.9772616624832153,0.8993096947669983,1.257570505142212,1.4515196084976196,1.5393832921981812,1.8221796751022339,2.021766424179077,0.9095486998558044,0.758834958076477,0.5378378629684448,0.5526555180549622,0.3786736726760864,0.0,0.3804980218410492,0.5684291124343872,0.5668994784355164,0.6488063931465149,0.9005988836288452,1.0441876649856567,1.276395559310913,1.4863008260726929,1.622434377670288,1.2571194171905518,1.0537300109863281,0.6841579079627991,0.7593727111816406,0.9229106307029724,0.684058427810669,0.5187923312187195,0.8942053914070129,1.03303861618042,0.8709524869918823,0.9859564304351807,1.3092955350875854,1.507602572441101,1.635670781135559,1.8633660078048706,1.575691819190979,1.4918937683105469,1.1347169876098633,1.3465430736541748,1.4571075439453125,1.1384023427963257,1.0953459739685059,1.4643584489822388,1.4879586696624756,1.241060495376587,1.3976882696151733,1.7535910606384277,1.8435367345809937,1.931399941444397,2.2193102836608887,1.3059988021850586,1.4506456851959229,1.2442067861557007,1.5168274641036987,1.3910856246948242,1.0679588317871094,1.3216538429260254,1.5730693340301514,1.383310317993164,1.2718141078948975,1.6414258480072021,1.8108439445495605,1.8910750150680542,2.2646374702453613,2.4583544731140137
B7,1.0053507089614868,1.0442414283752441,0.9030927419662476,1.0154485702514648,0.7460802793502808,0.4827563464641571,0.8009255528450012,0.9136614203453064,0.6756477355957031,0.7180822491645813,1.0843347311019897,1.19270658493042,1.3021836280822754,1.6133965253829956,1.76011323928833,1.1848770380020142,0.9315095543861389,0.658084511756897,0.5196135640144348,0.5325425267219543,0.3804980218410492,0.0,0.3842857778072357,0.5647202730178833,0.5458685755729675,0.6492301821708679,0.8773077726364136,1.1382272243499756,1.2630068063735962,1.421341061592102,1.59469473361969,1.4182175397872925,1.0470540523529053,1.1307199001312256,1.2935153245925903,1.0260765552520752,0.838337242603302,1.1850694417953491,1.2928541898727417,1.042334794998169,1.1175227165222168,1.483154058456421,1.614516019821167,1.710742712020874,1.9917722940444946,1.7972661256790161,1.776517629623413,1.4378634691238403,1.6711528301239014,1.7251919507980347,1.3746477365493774,1.3803046941757202,1.7276936769485474,1.679821252822876,1.4033006429672241,1.5991829633712769,1.9450993537902832,1.9701638221740723,2.077141284942627,2.3921737670898438,1.3677432537078857,1.53138267993927,1.3883622884750366,1.618577003479004,1.406559705734253,1.1279116868972778,1.4318089485168457,1.6025357246398926,1.350348949432373,1.310896873474121,1.6913858652114868,1.781417727470398,1.8520245552062988,2.2328197956085205,2.390354871749878
B8,1.2855169773101807,1.387095332145691,1.2796989679336548,1.3890397548675537,1.0860540866851807,0.8586505055427551,1.1471999883651733,1.2032475471496582,0.882642924785614,0.9100693464279175,1.2884925603866577,1.3452152013778687,1.3628660440444946,1.7135170698165894,1.8522120714187622,1.339248538017273,1.077149748802185,0.9153350591659546,0.6563133597373962,0.5322049856185913,0.5684291124343872,0.3842857778072357,0.0,0.38164085149765015,0.5534291863441467,0.539195716381073,0.6037979125976562,0.9349192976951599,1.0599116086959839,1.134853482246399,1.8056061267852783,1.5603941679000854,1.2108869552612305,1.1747596263885498,1.366841435432434,1.1672629117965698,0.8693634271621704,1.139154314994812,1.3156015872955322,1.0732412338256836,1.011813998222351,1.3805392980575562,1.522885799407959,1.5361734628677368,1.8190351724624634,2.1244592666625977,2.058513879776001,1.7004808187484741,1.8898943662643433,1.9824795722961426,1.6431193351745605,1.5709843635559082,1.9097596406936646,1.8952906131744385,1.584331750869751,1.7065590620040894,2.0733959674835205,2.0812463760375977,2.1241438388824463,2.4566571712493896,1.7326092720031738,1.906906247138977,1.7454198598861694,1.97933828830719,1.7739956378936768,1.4758400917053223,1.7475026845932007,1.9201780557632446,1.6416304111480713,1.5563859939575195,1.9317039251327515,2.0223681926727295,2.0296213626861572,2.413102149963379,2.597790241241455
B9,1.5229198932647705,1.5915091037750244,1.4013655185699463,1.5236204862594604,1.2796486616134644,0.9707107543945312,1.1767487525939941,1.2870134115219116,0.9747795462608337,0.850908100605011,1.2219014167785645,1.3488692045211792,1.3017470836639404,1.6275337934494019,1.831406593322754,1.4023102521896362,1.233101725578308,1.068194031715393,0.9152250289916992,0.6611599922180176,0.5668994784355164,0.5647202730178833,0.38164085149765015,0.0,0.3666709065437317,0.5431316494941711,0.5225785374641418,0.7518814206123352,1.0000776052474976,1.0972148180007935,1.7328791618347168,1.473923683166504,1.1412014961242676,1.040565848350525,1.1452162265777588,0.9491807222366333,0.6197587251663208,0.8208307027816772,0.970639705657959,0.7263517379760742,0.6302396655082703,1.0003793239593506,1.1497215032577515,1.1836364269256592,1.4576621055603027,2.0716164112091064,1.9573220014572144,1.5863687992095947,1.7049413919448853,1.7949692010879517,1.4678577184677124,1.3283822536468506,1.6380155086517334,1.642685055732727,1.3136152029037476,1.3794835805892944,1.7522125244140625,1.7612080574035645,1.7702510356903076,2.1027796268463135,1.8357937335968018,1.9478741884231567,1.7212156057357788,1.9305976629257202,1.7566165924072266,1.4158110618591309,1.6181665658950806,1.8096356391906738,1.5358421802520752,1.3730868101119995,1.7306073904037476,1.8616102933883667,1.8282088041305542,2.206094741821289,2.434159755706787
B10,1.5268335342407227,1.504578948020935,1.279387354850769,1.3259756565093994,1.1020509004592896,0.7931917905807495,0.9041459560394287,0.9862582683563232,0.6854746341705322,0.4964886009693146,0.8576269149780273,1.0028380155563354,0.9709125757217407,1.2797759771347046,1.4971657991409302,1.5562665462493896,1.3860971927642822,1.1310783624649048,1.0355817079544067,0.8829198479652405,0.6488063931465149,0.5458685755729675,0.5534291863441467,0.3666709065437317,0.0,0.38322290778160095,0.5765365958213806,0.6875972747802734,0.9052860140800476,1.1195226907730103,1.804964303970337,1.6104973554611206,1.258508324623108,1.242993712425232,1.2763686180114746,0.9899926781654358,0.765167772769928,0.9889834523200989,1.00115966796875,0.6670960783958435,0.69999098777771,1.0688332319259644,1.1201305389404297,1.2249170541763306,1.536273717880249,1.9843924045562744,1.915963053703308,1.5616353750228882,1.686267375946045,1.6962324380874634,1.3406158685684204,1.2607215642929077,1.5401561260223389,1.4628627300262451,1.1210371255874634,1.2569313049316406,1.6016066074371338,1.5619759559631348,1.629428744316101,1.970847487449646,1.7359883785247803,1.7989387512207031,1.5794718265533447,1.7294392585754395,1.5122694969177246,1.1876585483551025,1.3866419792175293,1.5211832523345947,1.213988184928894,1.078765869140625,1.4369512796401978,1.52614164352417,1.4955425262451172,1.8772019147872925,2.08621883392334
B11,1.6184877157211304,1.6010470390319824,1.4471176862716675,1.4308595657348633,1.1314849853515625,0.9259044528007507,1.0571359395980835,1.0012837648391724,0.6270632743835449,0.6117493510246277,0.9265490770339966,0.917876124382019,0.8529641628265381,1.2174851894378662,1.3557261228561401,1.7880916595458984,1.550455093383789,1.3056093454360962,1.1142975091934204,1.0318207740783691,0.9005988836288452,0.6492301821708679,0.539195716381073,0.5431316494941711,0.38322290778160095,0.0,0.37997013330459595,0.55522620677948,0.6206770539283752,0.8408750891685486,2.131253957748413,1.926663875579834,1.5661752223968506,1.5446425676345825,1.6271859407424927,1.3587924242019653,1.1020630598068237,1.3114843368530273,1.357168436050415,1.022070050239563,0.9656482934951782,1.3298498392105103,1.3356720209121704,1.3585014343261719,1.7019593715667725,2.2980122566223145,2.2597036361694336,1.9099987745285034,2.059422016143799,2.063295841217041,1.699859619140625,1.6419148445129395,1.9159572124481201,1.81415855884552,1.4687249660491943,1.6063216924667358,1.9369090795516968,1.8511595726013184,1.9090157747268677,2.2643544673919678,1.9336763620376587,2.0306804180145264,1.860965609550476,2.0014092922210693,1.7359538078308105,1.4555529356002808,1.6884135007858276,1.7674092054367065,1.4239838123321533,1.3539239168167114,1.6997911930084229,1.7154206037521362,1.65977144241333,2.034180164337158,2.2088191509246826
B12,1.8577208518981934,1.898464560508728,1.7498455047607422,1.7790911197662354,1.4759193658828735,1.2495044469833374,1.4084117412567139,1.3801231384277344,1.0069078207015991,0.951538622379303,1.2581698894500732,1.2527104616165161,1.106624722480774,1.4653820991516113,1.611901044845581,1.8870404958724976,1.665122151374817,1.4902220964431763,1.259189486503601,1.0887207984924316,1.0441876649856567,0.8773077726364136,0.6037979125976562,0.5225785374641418,0.5765365958213806,0.37997013330459595,0.0,0.3707558214664459,0.5125353336334229,0.5814440250396729,2.252546787261963,1.995417594909668,1.6611969470977783,1.5509839057922363,1.6441938877105713,1.445111870765686,1.1238067150115967,1.2441438436508179,1.3480485677719116,1.0580096244812012,0.8632796406745911,1.1977107524871826,1.222780704498291,1.1478182077407837,1.4809950590133667,2.5336248874664307,2.4464550018310547,2.080521583557129,2.19073486328125,2.2398791313171387,1.8975650072097778,1.7683342695236206,2.034446954727173,1.9840950965881348,1.6261825561523438,1.680131196975708,2.0251858234405518,1.9445579051971436,1.9281154870986938,2.2871358394622803,2.2240278720855713,2.333803415298462,2.1363766193389893,2.299611806869507,2.064898729324341,1.7562166452407837,1.959776759147644,2.070720672607422,1.7366106510162354,1.609554409980774,1.9423993825912476,1.9896959066390991,1.8857719898223877,2.251122236251831,2.4619743824005127
B13,2.139296293258667,2.1337785720825195,1.9439719915390015,1.938984990119934,1.6698062419891357,1.4302681684494019,1.5015084743499756,1.4591779708862305,1.1117527484893799,0.9765040278434753,1.2006925344467163,1.1989485025405884,0.9585988521575928,1.2773914337158203,1.4579399824142456,2.1513633728027344,1.9640443325042725,1.7615896463394165,1.5766366720199585,1.3912115097045898,1.276395559310913,1.1382272243499756,0.9349192976951599,0.7518814206123352,0.6875972747802734,0.55522620677948,0.3707558214664459,0.0,0.3709595203399658,0.5452781319618225,2.4239163398742676,2.1833713054656982,1.8592772483825684,1.741600751876831,1.7591575384140015,1.5471900701522827,1.2621736526489258,1.3134535551071167,1.3302884101867676,1.0265840291976929,0.8216113448143005,1.0939748287200928,1.0115199089050293,0.9297775626182556,1.2919254302978516,2.6492209434509277,2.5552518367767334,2.1968722343444824,2.2595064640045166,2.268535614013672,1.9348818063735962,1.7881001234054565,1.9957306385040283,1.915239691734314,1.5488598346710205,1.5698745250701904,1.8801765441894531,1.744659423828125,1.706378698348999,2.07112455368042,2.414271831512451,2.4717342853546143,2.2500715255737305,2.363084554672241,2.125359535217285,1.8179173469543457,1.9654135704040527,2.038796901702881,1.692792534828186,1.5386593341827393,1.8260493278503418,1.8537163734436035,1.6864866018295288,2.02935528755188,2.2585480213165283
