0.000000000000000000e+00,3.945823609828948975e-01,6.035270690917968750e-01,9.331859350204467773e-01,1.238435983657836914e+00,1.543318033218383789e+00,1.832561612129211426e+00,2.130142927169799805e+00,2.434889078140258789e+00,2.754565954208374023e+00,3.000820398330688477e+00,3.041917800903320312e+00,3.296804189682006836e+00,3.551899194717407227e+00,3.906694650650024414e+00,6.332954168319702148e-01,6.853094100952148438e-01,8.184222579002380371e-01,1.128204107284545898e+00,1.362342476844787598e+00,1.719100236892700195e+00,1.916594266891479492e+00,2.279348611831665039e+00,2.530095100402832031e+00,2.864693403244018555e+00,3.095529317855834961e+00,3.246320724487304688e+00,3.522695064544677734e+00,3.785443782806396484e+00,4.091453552246093750e+00,1.082168102264404297e+00,1.195890545845031738e+00,1.117800474166870117e+00,1.454049348831176758e+00,1.525422215461730957e+00,1.922971487045288086e+00,2.031947612762451172e+00,2.412065982818603516e+00,2.664381980895996094e+00,2.957494497299194336e+00,3.231495380401611328e+00,3.411479711532592773e+00,3.613971948623657227e+00,3.934197187423706055e+00,4.192492008209228516e+00,1.030847787857055664e+00,1.239855527877807617e+00,1.068479061126708984e+00,1.425402998924255371e+00,1.465166568756103516e+00,1.827479243278503418e+00,1.987961649894714355e+00,2.295725584030151367e+00,2.634220123291015625e+00,2.876533985137939453e+00,3.192344188690185547e+00,3.266124248504638672e+00,3.457848787307739258e+00,3.730841159820556641e+00,4.007665157318115234e+00,7.238832712173461914e-01,9.506646990776062012e-01,8.005369305610656738e-01,1.156657338142395020e+00,1.274388194084167480e+00,1.599399328231811523e+00,1.848835945129394531e+00,2.135318279266357422e+00,2.481670618057250977e+00,2.735020399093627930e+00,3.032582044601440430e+00,3.089452266693115234e+00,3.305702209472656250e+00,3.569232463836669922e+00,3.869567155838012695e+00
3.945823609828948975e-01,0.000000000000000000e+00,3.747970461845397949e-01,5.925822854042053223e-01,9.455006122589111328e-01,1.219825625419616699e+00,1.516416430473327637e+00,1.811406970024108887e+00,2.092317819595336914e+00,2.432216405868530273e+00,2.655670881271362305e+00,2.705346822738647461e+00,2.978462219238281250e+00,3.226487636566162109e+00,3.582436800003051758e+00,8.922438621520996094e-01,7.624726891517639160e-01,8.157803416252136230e-01,1.020090937614440918e+00,1.196793556213378906e+00,1.544416546821594238e+00,1.684748888015747070e+00,2.063111782073974609e+00,2.273073673248291016e+00,2.609287977218627930e+00,2.825964689254760742e+00,3.007211923599243164e+00,3.278769493103027344e+00,3.553326845169067383e+00,3.844562053680419922e+00,1.312518000602722168e+00,1.329592466354370117e+00,1.161992073059082031e+00,1.428761482238769531e+00,1.401311397552490234e+00,1.790894865989685059e+00,1.829259753227233887e+00,2.210623741149902344e+00,2.444693088531494141e+00,2.708560943603515625e+00,2.995631217956542969e+00,3.198352813720703125e+00,3.375688314437866211e+00,3.714633941650390625e+00,3.950386762619018555e+00,1.219610095024108887e+00,1.332587838172912598e+00,1.061735749244689941e+00,1.346441268920898438e+00,1.286523103713989258e+00,1.622926354408264160e+00,1.742448329925537109e+00,2.024719476699829102e+00,2.375850439071655273e+00,2.582398891448974609e+00,2.915482044219970703e+00,2.983723878860473633e+00,3.148497581481933594e+00,3.430305480957031250e+00,3.693294763565063477e+00,8.425329327583312988e-01,9.288607835769653320e-01,6.696972846984863281e-01,9.307115674018859863e-01,9.896440505981445312e-01,1.269699573516845703e+00,1.530168056488037109e+00,1.783634185791015625e+00,2.145026922225952148e+00,2.380209684371948242e+00,2.687378406524658203e+00,2.730611562728881836e+00,2.935337066650390625e+00,3.197212219238281250e+00,3.496397733688354492e+00
6.035270690917968750e-01,3.747970461845397949e-01,0.000000000000000000e+00,3.955217301845550537e-01,6.392321586608886719e-01,9.741333723068237305e-01,1.235176086425781250e+00,1.550347566604614258e+00,1.851628780364990234e+00,2.164975166320800781e+00,2.422796249389648438e+00,2.484712123870849609e+00,2.729423284530639648e+00,3.005064487457275391e+00,3.347415685653686523e+00,8.460451960563659668e-01,6.350769400596618652e-01,5.298082828521728516e-01,7.019992470741271973e-01,8.303053975105285645e-01,1.193910717964172363e+00,1.338020205497741699e+00,1.715714216232299805e+00,1.952668428421020508e+00,2.278001785278320312e+00,2.514925956726074219e+00,2.684149026870727539e+00,2.947268247604370117e+00,3.226050376892089844e+00,3.519112825393676758e+00,1.151655673980712891e+00,1.077244997024536133e+00,8.625397682189941406e-01,1.078603625297546387e+00,1.034591555595397949e+00,1.422473788261413574e+00,1.468948364257812500e+00,1.854671359062194824e+00,2.089077234268188477e+00,2.369824409484863281e+00,2.647782325744628906e+00,2.842980861663818359e+00,3.034602642059326172e+00,3.364498853683471680e+00,3.610583782196044922e+00,1.128764629364013672e+00,1.138140082359313965e+00,8.219277858734130859e-01,1.066892743110656738e+00,9.729243516921997070e-01,1.333341121673583984e+00,1.429045438766479492e+00,1.744995594024658203e+00,2.073423385620117188e+00,2.297384500503540039e+00,2.623292446136474609e+00,2.718923330307006836e+00,2.897805690765380859e+00,3.190592527389526367e+00,3.453274965286254883e+00,9.225175380706787109e-01,8.890851736068725586e-01,5.433995723724365234e-01,7.665980458259582520e-01,7.323942780494689941e-01,1.072460174560546875e+00,1.271181464195251465e+00,1.571725249290466309e+00,1.914572715759277344e+00,2.160544633865356445e+00,2.462745666503906250e+00,2.548069715499877930e+00,2.756062269210815430e+00,3.041863203048706055e+00,3.327050447463989258e+00
9.331859350204467773e-01,5.925822854042053223e-01,3.955217301845550537e-01,0.000000000000000000e+00,3.940132558345794678e-01,6.293761730194091797e-01,9.313638210296630859e-01,1.219430208206176758e+00,1.505699276924133301e+00,1.839981555938720703e+00,2.070404052734375000e+00,2.125113487243652344e+00,2.391362905502319336e+00,2.651149988174438477e+00,3.000006437301635742e+00,1.178164005279541016e+00,8.782030940055847168e-01,7.780923843383789062e-01,7.415578365325927734e-01,7.929196357727050781e-01,1.082551598548889160e+00,1.154436349868774414e+00,1.534095764160156250e+00,1.704724192619323730e+00,2.043258190155029297e+00,2.246817350387573242e+00,2.445891857147216797e+00,2.713606595993041992e+00,2.993952035903930664e+00,3.274740695953369141e+00,1.507430434226989746e+00,1.365921497344970703e+00,1.129447460174560547e+00,1.232860088348388672e+00,1.087748408317565918e+00,1.427663564682006836e+00,1.368604063987731934e+00,1.750327706336975098e+00,1.934672713279724121e+00,2.183311700820922852e+00,2.462131261825561523e+00,2.693790197372436523e+00,2.861128568649291992e+00,3.208948850631713867e+00,3.426344156265258789e+00,1.494741082191467285e+00,1.449132084846496582e+00,1.093719244003295898e+00,1.230466365814208984e+00,1.007524132728576660e+00,1.307705760002136230e+00,1.309843659400939941e+00,1.591601133346557617e+00,1.919214010238647461e+00,2.083056926727294922e+00,2.434665918350219727e+00,2.537469148635864258e+00,2.673198699951171875e+00,2.986268043518066406e+00,3.222307682037353516e+00,1.252265810966491699e+00,1.154961585998535156e+00,7.859308719635009766e-01,8.272568583488464355e-01,6.354769468307495117e-01,8.688330054283142090e-01,1.036306381225585938e+00,1.278968334197998047e+00,1.648809075355529785e+00,1.848599076271057129e+00,2.176833152770996094e+00,2.254924774169921875e+00,2.431602001190185547e+00,2.727147340774536133e+00,3.001373291015625000e+00
1.238435983657836914e+00,9.455006122589111328e-01,6.392321586608886719e-01,3.940132558345794678e-01,0.000000000000000000e+00,3.966197669506072998e-01,5.984051823616027832e-01,9.258164167404174805e-01,1.228378653526306152e+00,1.528727769851684570e+00,1.799690961837768555e+00,1.878376245498657227e+00,2.109650850296020508e+00,2.404593944549560547e+00,2.732886314392089844e+00,1.349266529083251953e+00,1.032860279083251953e+00,8.142406344413757324e-01,6.474354267120361328e-01,5.091814398765563965e-01,7.586227655410766602e-01,7.706628441810607910e-01,1.159100651741027832e+00,1.346487045288085938e+00,1.668054342269897461e+00,1.896445989608764648e+00,2.093343734741210938e+00,2.345545053482055664e+00,2.637933969497680664e+00,2.914517641067504883e+00,1.546910285949707031e+00,1.322947740554809570e+00,1.053416728973388672e+00,1.029037714004516602e+00,8.066471219062805176e-01,1.092151999473571777e+00,9.890640974044799805e-01,1.370361924171447754e+00,1.541311025619506836e+00,1.798389434814453125e+00,2.071198225021362305e+00,2.301982164382934570e+00,2.477044105529785156e+00,2.820266246795654297e+00,3.042476892471313477e+00,1.576192498207092285e+00,1.431999683380126953e+00,1.068439483642578125e+00,1.092805147171020508e+00,7.911328077316284180e-01,1.060405850410461426e+00,9.855514764785766602e-01,1.293607115745544434e+00,1.585194706916809082e+00,1.754138946533203125e+00,2.100584268569946289e+00,2.236609458923339844e+00,2.379851341247558594e+00,2.706788063049316406e+00,2.936903238296508789e+00,1.459572672843933105e+00,1.279881119728088379e+00,9.127585887908935547e-01,8.486295342445373535e-01,5.121075510978698730e-01,7.336280941963195801e-01,7.617127299308776855e-01,1.051817297935485840e+00,1.387387156486511230e+00,1.591103553771972656e+00,1.911072731018066406e+00,2.040470361709594727e+00,2.216168880462646484e+00,2.537251710891723633e+00,2.791260480880737305e+00
1.543318033218383789e+00,1.219825625419616699e+00,9.741333723068237305e-01,6.293761730194091797e-01,3.966197669506072998e-01,0.000000000000000000e+00,3.849398195743560791e-01,5.926645398139953613e-01,9.094932675361633301e-01,1.222008228302001953e+00,1.464587569236755371e+00,1.510637402534484863e+00,1.763757228851318359e+00,2.035465955734252930e+00,2.377000331878662109e+00,1.651405215263366699e+00,1.294146895408630371e+00,1.135177969932556152e+00,8.699915409088134766e-01,7.412341237068176270e-01,7.966320514678955078e-01,7.232683897018432617e-01,1.053256511688232422e+00,1.128266930580139160e+00,1.477324366569519043e+00,1.642543792724609375e+00,1.864368319511413574e+00,2.133413553237915039e+00,2.411843776702880859e+00,2.680509328842163086e+00,1.906762242317199707e+00,1.654777288436889648e+00,1.415403366088867188e+00,1.332974910736083984e+00,1.092882871627807617e+00,1.287569880485534668e+00,1.080827116966247559e+00,1.422637939453125000e+00,1.496673583984375000e+00,1.716222167015075684e+00,1.963873863220214844e+00,2.241331338882446289e+00,2.395691394805908203e+00,2.748103141784667969e+00,2.936207056045532227e+00,1.971516847610473633e+00,1.823739290237426758e+00,1.461268067359924316e+00,1.449479699134826660e+00,1.105755329132080078e+00,1.290178418159484863e+00,1.106526851654052734e+00,1.350428223609924316e+00,1.603114962577819824e+00,1.682534337043762207e+00,2.050620079040527344e+00,2.207596778869628906e+00,2.291399717330932617e+00,2.644392490386962891e+00,2.832408189773559570e+00,1.826215982437133789e+00,1.650611758232116699e+00,1.284481763839721680e+00,1.174000740051269531e+00,8.067156672477722168e-01,8.530094027519226074e-01,7.784873843193054199e-01,9.381399750709533691e-01,1.283526659011840820e+00,1.390857934951782227e+00,1.748435497283935547e+00,1.881318330764770508e+00,1.996869087219238281e+00,2.338606119155883789e+00,2.564689636230468750e+00
1.832561612129211426e+00,1.516416430473327637e+00,1.235176086425781250e+00,9.313638210296630859e-01,5.984051823616027832e-01,3.849398195743560791e-01,0.000000000000000000e+00,3.934091031551361084e-01,6.487199068069458008e-01,9.395560026168823242e-01,1.217199921607971191e+00,1.333622455596923828e+00,1.552585124969482422e+00,1.869344949722290039e+00,2.175657510757446289e+00,1.918339610099792480e+00,1.581692099571228027e+00,1.354688048362731934e+00,1.084140181541442871e+00,8.192781209945678711e-01,7.909112572669982910e-01,5.352131128311157227e-01,8.349046707153320312e-01,8.776074647903442383e-01,1.169455051422119141e+00,1.371831893920898438e+00,1.622636795043945312e+00,1.847657561302185059e+00,2.159847736358642578e+00,2.403377294540405273e+00,2.062790870666503906e+00,1.784024000167846680e+00,1.512378334999084473e+00,1.349436879158020020e+00,1.036040902137756348e+00,1.120530366897583008e+00,8.263589739799499512e-01,1.110865116119384766e+00,1.162622213363647461e+00,1.345227003097534180e+00,1.610011935234069824e+00,1.887599945068359375e+00,2.022002935409545898e+00,2.382214069366455078e+00,2.562439918518066406e+00,2.097075462341308594e+00,1.884572148323059082e+00,1.531606674194335938e+00,1.418086409568786621e+00,1.035859823226928711e+00,1.112652897834777832e+00,8.397746682167053223e-01,1.042510390281677246e+00,1.251393437385559082e+00,1.309978127479553223e+00,1.675890922546386719e+00,1.850931286811828613e+00,1.933653950691223145e+00,2.293999671936035156e+00,2.477015495300292969e+00,2.005791425704956055e+00,1.766564607620239258e+00,1.428381204605102539e+00,1.233313679695129395e+00,8.393181562423706055e-01,7.883033752441406250e-01,5.467642545700073242e-01,6.910493969917297363e-01,9.700401425361633301e-01,1.081640481948852539e+00,1.419946908950805664e+00,1.597515106201171875e+00,1.721818447113037109e+00,2.077478408813476562e+00,2.289827823638916016e+00
2.130142927169799805e+00,1.811406970024108887e+00,1.550347566604614258e+00,1.219430208206176758e+00,9.258164167404174805e-01,5.926645398139953613e-01,3.934091031551361084e-01,0.000000000000000000e+00,3.985205292701721191e-01,6.360098123550415039e-01,9.076678752899169922e-01,9.641476273536682129e-01,1.185976982116699219e+00,1.488624811172485352e+00,1.808063387870788574e+00,2.181274414062500000e+00,1.818378925323486328e+00,1.632482767105102539e+00,1.305882215499877930e+00,1.086488485336303711e+00,9.260276556015014648e-01,6.722447276115417480e-01,8.002491593360900879e-01,6.708146929740905762e-01,9.910510778427124023e-01,1.094722628593444824e+00,1.361175894737243652e+00,1.611862063407897949e+00,1.894965887069702148e+00,2.136119127273559570e+00,2.369019746780395508e+00,2.065023660659790039e+00,1.831875085830688477e+00,1.637392759323120117e+00,1.356367707252502441e+00,1.382318615913391113e+00,1.058536767959594727e+00,1.273326516151428223e+00,1.195918321609497070e+00,1.340898633003234863e+00,1.538572192192077637e+00,1.861826419830322266e+00,1.986121892929077148e+00,2.336960315704345703e+00,2.483339309692382812e+00,2.460898160934448242e+00,2.251574993133544922e+00,1.904815077781677246e+00,1.795080304145812988e+00,1.416759252548217773e+00,1.470157027244567871e+00,1.152330756187438965e+00,1.295850157737731934e+00,1.423829317092895508e+00,1.386798501014709473e+00,1.746073961257934570e+00,1.955408811569213867e+00,1.975180149078369141e+00,2.357163429260253906e+00,2.485933780670166016e+00,2.371197700500488281e+00,2.149811029434204102e+00,1.802681326866149902e+00,1.620292305946350098e+00,1.227680802345275879e+00,1.141502737998962402e+00,8.777086138725280762e-01,8.769854307174682617e-01,1.093102455139160156e+00,1.058750271797180176e+00,1.415341734886169434e+00,1.612135171890258789e+00,1.649162769317626953e+00,2.029426813125610352e+00,2.190065383911132812e+00
2.434889078140258789e+00,2.092317819595336914e+00,1.851628780364990234e+00,1.505699276924133301e+00,1.228378653526306152e+00,9.094932675361633301e-01,6.487199068069458008e-01,3.985205292701721191e-01,0.000000000000000000e+00,4.041366875171661377e-01,5.768483281135559082e-01,7.461223602294921875e-01,9.964322447776794434e-01,1.298181295394897461e+00,1.588040947914123535e+00,2.539674758911132812e+00,2.184072494506835938e+00,1.986756443977355957e+00,1.682430505752563477e+00,1.433800935745239258e+00,1.287308573722839355e+00,9.738776683807373047e-01,1.039278626441955566e+00,8.059698343276977539e-01,9.886922240257263184e-01,1.043395519256591797e+00,1.374081492424011230e+00,1.555683732032775879e+00,1.860376834869384766e+00,2.040453433990478516e+00,2.705363988876342773e+00,2.411027908325195312e+00,2.149912834167480469e+00,1.948909878730773926e+00,1.626546740531921387e+00,1.604721665382385254e+00,1.237718224525451660e+00,1.356669306755065918e+00,1.241452336311340332e+00,1.259448289871215820e+00,1.467351555824279785e+00,1.799808979034423828e+00,1.849791407585144043e+00,2.217000484466552734e+00,2.311044931411743164e+00,2.736679553985595703e+00,2.511296987533569336e+00,2.161776542663574219e+00,2.005408287048339844e+00,1.612990498542785645e+00,1.574774026870727539e+00,1.230879187583923340e+00,1.249723553657531738e+00,1.335000514984130859e+00,1.189066290855407715e+00,1.545558571815490723e+00,1.735818266868591309e+00,1.691899657249450684e+00,2.076720237731933594e+00,2.170346498489379883e+00,2.615525007247924805e+00,2.362530231475830078e+00,2.037907600402832031e+00,1.794843316078186035e+00,1.419114828109741211e+00,1.223804354667663574e+00,9.327470660209655762e-01,7.675042152404785156e-01,8.852875232696533203e-01,7.294784784317016602e-01,1.086753010749816895e+00,1.278906941413879395e+00,1.271241068840026855e+00,1.657798171043395996e+00,1.799352884292602539e+00
2.754565954208374023e+00,2.432216405868530273e+00,2.164975166320800781e+00,1.839981555938720703e+00,1.528727769851684570e+00,1.222008228302001953e+00,9.395560026168823242e-01,6.360098123550415039e-01,4.041366875171661377e-01,0.000000000000000000e+00,3.870532512664794922e-01,5.582516789436340332e-01,6.687846183776855469e-01,1.031322717666625977e+00,1.274310350418090820e+00,2.791673898696899414e+00,2.434856891632080078e+00,2.226055383682250977e+00,1.892180323600769043e+00,1.628076076507568359e+00,1.396799087524414062e+00,1.078225255012512207e+00,9.875950813293457031e-01,6.427170634269714355e-01,7.092554569244384766e-01,6.748043894767761230e-01,1.024240970611572266e+00,1.179384231567382812e+00,1.477150559425354004e+00,1.641225099563598633e+00,2.918083190917968750e+00,2.592458963394165039e+00,2.355462074279785156e+00,2.100726842880249023e+00,1.797646760940551758e+00,1.695872187614440918e+00,1.324248313903808594e+00,1.354769706726074219e+00,1.125985503196716309e+00,1.098870992660522461e+00,1.213913440704345703e+00,1.568697810173034668e+00,1.616462588310241699e+00,1.956653833389282227e+00,2.029325723648071289e+00,2.999482393264770508e+00,2.746030569076538086e+00,2.417356252670288086e+00,2.234003543853759766e+00,1.853754878044128418e+00,1.790727496147155762e+00,1.415071487426757812e+00,1.417464852333068848e+00,1.390754222869873047e+00,1.198663473129272461e+00,1.498227715492248535e+00,1.744456529617309570e+00,1.674083471298217773e+00,2.065619468688964844e+00,2.112716436386108398e+00,2.939745664596557617e+00,2.679275512695312500e+00,2.357340574264526367e+00,2.120716571807861328e+00,1.738963723182678223e+00,1.569627404212951660e+00,1.235525608062744141e+00,1.096096992492675781e+00,1.098686933517456055e+00,8.852424621582031250e-01,1.153981566429138184e+00,1.410313248634338379e+00,1.343045830726623535e+00,1.738497018814086914e+00,1.805076837539672852e+00
3.000820398330688477e+00,2.655670881271362305e+00,2.422796249389648438e+00,2.070404052734375000e+00,1.799690961837768555e+00,1.464587569236755371e+00,1.217199921607971191e+00,9.076678752899169922e-01,5.768483281135559082e-01,3.870532512664794922e-01,0.000000000000000000e+00,3.638734519481658936e-01,5.553466081619262695e-01,8.231213688850402832e-01,1.057398915290832520e+00,3.088197231292724609e+00,2.723666429519653320e+00,2.536752462387084961e+00,2.209240674972534180e+00,1.964975595474243164e+00,1.755707383155822754e+00,1.443714141845703125e+00,1.373127222061157227e+00,1.017490625381469727e+00,1.041266798973083496e+00,9.117807745933532715e-01,1.256489396095275879e+00,1.366205692291259766e+00,1.626642227172851562e+00,1.727444767951965332e+00,3.252762794494628906e+00,2.940066576004028320e+00,2.693658828735351562e+00,2.460004568099975586e+00,2.145087242126464844e+00,2.059517383575439453e+00,1.680878043174743652e+00,1.696770191192626953e+00,1.471305370330810547e+00,1.370708346366882324e+00,1.471814513206481934e+00,1.818648695945739746e+00,1.799663782119750977e+00,2.135203361511230469e+00,2.144172430038452148e+00,3.303620100021362305e+00,3.063606739044189453e+00,2.722624301910400391e+00,2.542171955108642578e+00,2.153044462203979492e+00,2.067887067794799805e+00,1.702183723449707031e+00,1.642178297042846680e+00,1.618026852607727051e+00,1.349725008010864258e+00,1.630186676979064941e+00,1.834686279296875000e+00,1.685654640197753906e+00,2.063822031021118164e+00,2.057300806045532227e+00,3.190623283386230469e+00,2.931025028228759766e+00,2.612325668334960938e+00,2.356331825256347656e+00,1.987265348434448242e+00,1.762906789779663086e+00,1.461594104766845703e+00,1.227307558059692383e+00,1.201342463493347168e+00,8.770295977592468262e-01,1.117548942565917969e+00,1.314651846885681152e+00,1.150167346000671387e+00,1.530130863189697266e+00,1.553225040435791016e+00
3.041917800903320312e+00,2.705346822738647461e+00,2.484712123870849609e+00,2.125113487243652344e+00,1.878376245498657227e+00,1.510637402534484863e+00,1.333622455596923828e+00,9.641476273536682129e-01,7.461223602294921875e-01,5.582516789436340332e-01,3.638734519481658936e-01,0.000000000000000000e+00,3.806094825267791748e-01,5.609803199768066406e-01,8.913348913192749023e-01,3.098073720932006836e+00,2.719390392303466797e+00,2.571805477142333984e+00,2.219792604446411133e+00,2.026228666305541992e+00,1.784157872200012207e+00,1.529034733772277832e+00,1.432128548622131348e+00,1.055684208869934082e+00,1.146220803260803223e+00,9.269238710403442383e-01,1.218089103698730469e+00,1.393703103065490723e+00,1.580983757972717285e+00,1.711893677711486816e+00,3.316198587417602539e+00,2.994554996490478516e+00,2.782193899154663086e+00,2.553511619567871094e+00,2.275739431381225586e+00,2.212702751159667969e+00,1.852743625640869141e+00,1.908217072486877441e+00,1.660396456718444824e+00,1.618711471557617188e+00,1.669458627700805664e+00,2.028898715972900391e+00,2.049050569534301758e+00,2.358448505401611328e+00,2.372349023818969727e+00,3.423886299133300781e+00,3.204742908477783203e+00,2.860974788665771484e+00,2.718788385391235352e+00,2.332710027694702148e+00,2.299957275390625000e+00,1.937526583671569824e+00,1.931917428970336914e+00,1.924376606941223145e+00,1.686913490295410156e+00,1.969512343406677246e+00,2.189377784729003906e+00,2.046971559524536133e+00,2.425047874450683594e+00,2.408377170562744141e+00,3.309329986572265625e+00,3.081954479217529297e+00,2.742029190063476562e+00,2.525472640991210938e+00,2.144725561141967773e+00,1.960389852523803711e+00,1.678641200065612793e+00,1.478703975677490234e+00,1.517642021179199219e+00,1.214114427566528320e+00,1.477514505386352539e+00,1.656308531761169434e+00,1.472578167915344238e+00,1.838334202766418457e+00,1.841886997222900391e+00
3.296804189682006836e+00,2.978462219238281250e+00,2.729423284530639648e+00,2.391362905502319336e+00,2.109650850296020508e+00,1.763757228851318359e+00,1.552585124969482422e+00,1.185976982116699219e+00,9.964322447776794434e-01,6.687846183776855469e-01,5.553466081619262695e-01,3.806094825267791748e-01,0.000000000000000000e+00,4.013547897338867188e-01,6.311519742012023926e-01,3.296819686889648438e+00,2.923277616500854492e+00,2.758134365081787109e+00,2.391810417175292969e+00,2.180030345916748047e+00,1.889965415000915527e+00,1.636430501937866211e+00,1.448592305183410645e+00,1.048144817352294922e+00,1.033288598060607910e+00,7.198220491409301758e-01,9.639016985893249512e-01,1.097055673599243164e+00,1.242878913879394531e+00,1.349081039428710938e+00,3.469611167907714844e+00,3.125661373138427734e+00,2.930439233779907227e+00,2.662099599838256836e+00,2.399898767471313477e+00,2.280556440353393555e+00,1.929226636886596680e+00,1.925616621971130371e+00,1.615994215011596680e+00,1.550813794136047363e+00,1.514250040054321289e+00,1.866485118865966797e+00,1.888461828231811523e+00,2.154853582382202148e+00,2.150640964508056641e+00,3.613036394119262695e+00,3.368926286697387695e+00,3.043928384780883789e+00,2.878669500350952148e+00,2.504162788391113281e+00,2.454383850097656250e+00,2.075433254241943359e+00,2.066884756088256836e+00,1.989879369735717773e+00,1.743931293487548828e+00,1.973484277725219727e+00,2.230185270309448242e+00,2.084538221359252930e+00,2.456669807434082031e+00,2.410612106323242188e+00,3.554644823074340820e+00,3.316802740097045898e+00,2.980577468872070312e+00,2.766031503677368164e+00,2.379073619842529297e+00,2.215276479721069336e+00,1.897343277931213379e+00,1.727549195289611816e+00,1.708800673484802246e+00,1.410054326057434082e+00,1.611016631126403809e+00,1.836988091468811035e+00,1.642685651779174805e+00,2.003211736679077148e+00,1.954932808876037598e+00
3.551899194717407227e+00,3.226487636566162109e+00,3.005064487457275391e+00,2.651149988174438477e+00,2.404593944549560547e+00,2.035465955734252930e+00,1.869344949722290039e+00,1.488624811172485352e+00,1.298181295394897461e+00,1.031322717666625977e+00,8.231213688850402832e-01,5.609803199768066406e-01,4.013547897338867188e-01,0.000000000000000000e+00,3.935724794864654541e-01,3.566609382629394531e+00,3.184087514877319336e+00,3.052106857299804688e+00,2.681463718414306641e+00,2.504689216613769531e+00,2.218138456344604492e+00,1.990548491477966309e+00,1.815572619438171387e+00,1.419097661972045898e+00,1.426599383354187012e+00,1.090160489082336426e+00,1.273758411407470703e+00,1.398445248603820801e+00,1.458427548408508301e+00,1.523048758506774902e+00,3.789002895355224609e+00,3.449833393096923828e+00,3.265364885330200195e+00,3.013233184814453125e+00,2.760116338729858398e+00,2.662464618682861328e+00,2.313321352005004883e+00,2.324492216110229492e+00,2.016819477081298828e+00,1.944560766220092773e+00,1.894104361534118652e+00,2.238686323165893555e+00,2.241387128829956055e+00,2.488178968429565430e+00,2.447861671447753906e+00,3.941609859466552734e+00,3.716126918792724609e+00,3.382195711135864258e+00,3.236763954162597656e+00,2.857505321502685547e+00,2.819447278976440430e+00,2.445999383926391602e+00,2.430012226104736328e+00,2.367187023162841797e+00,2.100207328796386719e+00,2.324628591537475586e+00,2.561344623565673828e+00,2.379072904586791992e+00,2.737534999847412109e+00,2.655725955963134766e+00,3.850311040878295898e+00,3.629258632659912109e+00,3.285248279571533203e+00,3.078466653823852539e+00,2.693825483322143555e+00,2.518721580505371094e+00,2.226157665252685547e+00,2.026307344436645508e+00,2.023618936538696289e+00,1.691568851470947266e+00,1.886883735656738281e+00,2.066519975662231445e+00,1.818385720252990723e+00,2.144943714141845703e+00,2.056949615478515625e+00
3.906694650650024414e+00,3.582436800003051758e+00,3.347415685653686523e+00,3.000006437301635742e+00,2.732886314392089844e+00,2.377000331878662109e+00,2.175657510757446289e+00,1.808063387870788574e+00,1.588040947914123535e+00,1.274310350418090820e+00,1.057398915290832520e+00,8.913348913192749023e-01,6.311519742012023926e-01,3.935724794864654541e-01,0.000000000000000000e+00,3.909259796142578125e+00,3.531424045562744141e+00,3.380495071411132812e+00,3.009185075759887695e+00,2.808121204376220703e+00,2.507818937301635742e+00,2.262412548065185547e+00,2.048569917678833008e+00,1.649518013000488281e+00,1.565970540046691895e+00,1.210633397102355957e+00,1.349928736686706543e+00,1.376691102981567383e+00,1.388072967529296875e+00,1.358137130737304688e+00,4.094533920288085938e+00,3.746202707290649414e+00,3.558800458908081055e+00,3.283630132675170898e+00,3.024752140045166016e+00,2.886306285858154297e+00,2.535652875900268555e+00,2.490871906280517578e+00,2.154062271118164062e+00,2.028153896331787109e+00,1.924989104270935059e+00,2.241358280181884766e+00,2.205470561981201172e+00,2.409111261367797852e+00,2.318589448928833008e+00,4.243955612182617188e+00,3.997603654861450195e+00,3.673327207565307617e+00,3.499987840652465820e+00,3.124664783477783203e+00,3.052505493164062500e+00,2.670729875564575195e+00,2.620733976364135742e+00,2.505948066711425781e+00,2.209532260894775391e+00,2.378269910812377930e+00,2.617754697799682617e+00,2.407235145568847656e+00,2.741239070892333984e+00,2.613250255584716797e+00,4.175517082214355469e+00,3.936451196670532227e+00,3.601905584335327148e+00,3.377771377563476562e+00,2.995151519775390625e+00,2.806735277175903320e+00,2.493922472000122070e+00,2.283586978912353516e+00,2.221629619598388672e+00,1.874688148498535156e+00,2.001175880432128906e+00,2.190245628356933594e+00,1.915335536003112793e+00,2.210680961608886719e+00,2.061584711074829102e+00
6.332954168319702148e-01,8.922438621520996094e-01,8.460451960563659668e-01,1.178164005279541016e+00,1.349266529083251953e+00,1.651405215263366699e+00,1.918339610099792480e+00,2.181274414062500000e+00,2.539674758911132812e+00,2.791673898696899414e+00,3.088197231292724609e+00,3.098073720932006836e+00,3.296819686889648438e+00,3.566609382629394531e+00,3.909259796142578125e+00,0.000000000000000000e+00,3.906906545162200928e-01,5.945596098899841309e-01,9.237543940544128418e-01,1.235565066337585449e+00,1.534578204154968262e+00,1.830089330673217773e+00,2.130030632019042969e+00,2.432355403900146484e+00,2.765220880508422852e+00,2.999726533889770508e+00,3.082619190216064453e+00,3.372089385986328125e+00,3.596712350845336914e+00,3.929326057434082031e+00,6.839309334754943848e-01,7.584483623504638672e-01,8.794097900390625000e-01,1.193943023681640625e+00,1.415954113006591797e+00,1.779611468315124512e+00,1.962523579597473145e+00,2.337348937988281250e+00,2.562933444976806641e+00,2.913088083267211914e+00,3.131136178970336914e+00,3.292410135269165039e+00,3.549153089523315430e+00,3.828643560409545898e+00,4.117489337921142578e+00,1.034680843353271484e+00,1.195107102394104004e+00,1.112594723701477051e+00,1.469262838363647461e+00,1.550159454345703125e+00,1.945213079452514648e+00,2.070963382720947266e+00,2.435912847518920898e+00,2.714115381240844727e+00,2.984373331069946289e+00,3.280170440673828125e+00,3.410829544067382812e+00,3.624192237854003906e+00,3.916237831115722656e+00,4.187074661254882812e+00,1.112320184707641602e+00,1.290898919105529785e+00,1.126268744468688965e+00,1.478837490081787109e+00,1.508659005165100098e+00,1.887546420097351074e+00,2.036262273788452148e+00,2.369686126708984375e+00,2.690072059631347656e+00,2.933658838272094727e+00,3.233572006225585938e+00,3.355079412460327148e+00,3.556360006332397461e+00,3.860274314880371094e+00,4.131082057952880859e+00
6.853094100952148438e-01,7.624726891517639160e-01,6.350769400596618652e-01,8.782030940055847168e-01,1.032860279083251953e+00,1.294146895408630371e+00,1.581692099571228027e+00,1.818378925323486328e+00,2.184072494506835938e+00,2.434856891632080078e+00,2.723666429519653320e+00,2.719390392303466797e+00,2.923277616500854492e+00,3.184087514877319336e+00,3.531424045562744141e+00,3.906906545162200928e-01,0.000000000000000000e+00,3.754129409790039062e-01,5.944240689277648926e-01,9.485388398170471191e-01,1.224230170249938965e+00,1.517305731773376465e+00,1.819955706596374512e+00,2.094063758850097656e+00,2.445593833923339844e+00,2.658257007598876953e+00,2.752786874771118164e+00,3.054103851318359375e+00,3.276330471038818359e+00,3.607474327087402344e+00,9.196012616157531738e-01,8.277196288108825684e-01,8.587380647659301758e-01,1.085170149803161621e+00,1.240613579750061035e+00,1.601495265960693359e+00,1.722953677177429199e+00,2.112444877624511719e+00,2.301630735397338867e+00,2.645425081253051758e+00,2.858354330062866211e+00,3.049892187118530273e+00,3.298936605453491211e+00,3.591089487075805664e+00,3.863253116607666016e+00,1.236285090446472168e+00,1.304186105728149414e+00,1.115597486495971680e+00,1.415980100631713867e+00,1.396264791488647461e+00,1.787741899490356445e+00,1.850466251373291016e+00,2.214208364486694336e+00,2.488215208053588867e+00,2.724006891250610352e+00,3.038896083831787109e+00,3.185392618179321289e+00,3.371347665786743164e+00,3.683567762374877930e+00,3.934187412261962891e+00,1.237920284271240234e+00,1.332140445709228516e+00,1.067752122879028320e+00,1.356179118156433105e+00,1.293173909187316895e+00,1.649532556533813477e+00,1.765491008758544922e+00,2.078239202499389648e+00,2.410657405853271484e+00,2.622397661209106445e+00,2.940658569335937500e+00,3.068399190902709961e+00,3.244673252105712891e+00,3.561714410781860352e+00,3.819044351577758789e+00
8.184222579002380371e-01,8.157803416252136230e-01,5.298082828521728516e-01,7.780923843383789062e-01,8.142406344413757324e-01,1.135177969932556152e+00,1.354688048362731934e+00,1.632482767105102539e+00,1.986756443977355957e+00,2.226055383682250977e+00,2.536752462387084961e+00,2.571805477142333984e+00,2.758134365081787109e+00,3.052106857299804688e+00,3.380495071411132812e+00,5.945596098899841309e-01,3.754129409790039062e-01,0.000000000000000000e+00,3.958238363265991211e-01,6.448798179626464844e-01,9.752600789070129395e-01,1.243442177772521973e+00,1.560593843460083008e+00,1.865745186805725098e+00,2.187455654144287109e+00,2.437031745910644531e+00,2.539074897766113281e+00,2.813339948654174805e+00,3.060736417770385742e+00,3.380446910858154297e+00,8.079580664634704590e-01,6.202684640884399414e-01,5.310701727867126465e-01,7.315075397491455078e-01,8.694640398025512695e-01,1.237296342849731445e+00,1.379819750785827637e+00,1.763455867767333984e+00,1.979997277259826660e+00,2.323508739471435547e+00,2.548300981521606445e+00,2.720776557922363281e+00,2.967734336853027344e+00,3.257922887802124023e+00,3.537097215652465820e+00,1.076088309288024902e+00,1.040482640266418457e+00,8.164651393890380859e-01,1.071406245231628418e+00,1.048194527626037598e+00,1.440537929534912109e+00,1.510872006416320801e+00,1.885212779045104980e+00,2.147167682647705078e+00,2.406189441680908203e+00,2.705467224121093750e+00,2.853782892227172852e+00,3.058683156967163086e+00,3.363317489624023438e+00,3.622909069061279297e+00,1.161990761756896973e+00,1.152442216873168945e+00,8.696309328079223633e-01,1.111882328987121582e+00,1.025859236717224121e+00,1.404291510581970215e+00,1.489843606948852539e+00,1.835732102394104004e+00,2.138173580169677734e+00,2.377256393432617188e+00,2.672356605529785156e+00,2.819146156311035156e+00,3.015608310699462891e+00,3.333507299423217773e+00,3.590513229370117188e+00
1.128204107284545898e+00,1.020090937614440918e+00,7.019992470741271973e-01,7.415578365325927734e-01,6.474354267120361328e-01,8.699915409088134766e-01,1.084140181541442871e+00,1.305882215499877930e+00,1.682430505752563477e+00,1.892180323600769043e+00,2.209240674972534180e+00,2.219792604446411133e+00,2.391810417175292969e+00,2.681463718414306641e+00,3.009185075759887695e+00,9.237543940544128418e-01,5.944240689277648926e-01,3.958238363265991211e-01,0.000000000000000000e+00,3.961319029331207275e-01,6.310946941375732422e-01,9.321318268775939941e-01,1.225706696510314941e+00,1.509870529174804688e+00,1.853464722633361816e+00,2.076968193054199219e+00,2.173256635665893555e+00,2.464800119400024414e+00,2.698981761932373047e+00,3.023800134658813477e+00,1.146959662437438965e+00,8.620727658271789551e-01,7.646153569221496582e-01,7.595880031585693359e-01,8.162075877189636230e-01,1.121863603591918945e+00,1.186680436134338379e+00,1.575328469276428223e+00,1.725892663002014160e+00,2.074884414672851562e+00,2.272796630859375000e+00,2.477331876754760742e+00,2.728761911392211914e+00,3.020486593246459961e+00,3.286273479461669922e+00,1.439085602760314941e+00,1.336158037185668945e+00,1.071627736091613770e+00,1.216358423233032227e+00,1.076137065887451172e+00,1.430843830108642578e+00,1.396675944328308105e+00,1.770328283309936523e+00,1.998308062553405762e+00,2.215291976928710938e+00,2.527517795562744141e+00,2.710252046585083008e+00,2.884851932525634766e+00,3.215504884719848633e+00,3.446555137634277344e+00,1.503778576850891113e+00,1.437496542930603027e+00,1.105943679809570312e+00,1.239856719970703125e+00,1.024228096008300781e+00,1.346538424491882324e+00,1.345022320747375488e+00,1.663617491722106934e+00,1.961963057518005371e+00,2.152433156967163086e+00,2.465579986572265625e+00,2.637674570083618164e+00,2.797165632247924805e+00,3.138702630996704102e+00,3.368862867355346680e+00
1.362342476844787598e+00,1.196793556213378906e+00,8.303053975105285645e-01,7.929196357727050781e-01,5.091814398765563965e-01,7.412341237068176270e-01,8.192781209945678711e-01,1.086488485336303711e+00,1.433800935745239258e+00,1.628076076507568359e+00,1.964975595474243164e+00,2.026228666305541992e+00,2.180030345916748047e+00,2.504689216613769531e+00,2.808121204376220703e+00,1.235565066337585449e+00,9.485388398170471191e-01,6.448798179626464844e-01,3.961319029331207275e-01,0.000000000000000000e+00,3.975502252578735352e-01,6.017135977745056152e-01,9.341360926628112793e-01,1.243606090545654297e+00,1.548317551612854004e+00,1.814385175704956055e+00,1.933924794197082520e+00,2.189467668533325195e+00,2.459467649459838867e+00,2.764032602310180664e+00,1.294862270355224609e+00,9.796597361564636230e-01,7.658162713050842285e-01,6.109232306480407715e-01,4.984626471996307373e-01,7.667001485824584961e-01,7.927991151809692383e-01,1.185068368911743164e+00,1.356329321861267090e+00,1.697431564331054688e+00,1.916240692138671875e+00,2.111751556396484375e+00,2.351832151412963867e+00,2.651283025741577148e+00,2.916511058807373047e+00,1.486661672592163086e+00,1.286950707435607910e+00,9.935560822486877441e-01,1.005498766899108887e+00,7.901061177253723145e-01,1.098214626312255859e+00,1.021736741065979004e+00,1.400819420814514160e+00,1.608556866645812988e+00,1.836526274681091309e+00,2.138611316680908203e+00,2.327433347702026367e+00,2.512155771255493164e+00,2.840053081512451172e+00,3.074123859405517578e+00,1.577322244644165039e+00,1.411835789680480957e+00,1.084573149681091309e+00,1.101251125335693359e+00,8.215157985687255859e-01,1.110697031021118164e+00,1.035580396652221680e+00,1.377493143081665039e+00,1.633421182632446289e+00,1.843999505043029785e+00,2.131870031356811523e+00,2.326606273651123047e+00,2.501286983489990234e+00,2.843991041183471680e+00,3.069649696350097656e+00
1.719100236892700195e+00,1.544416546821594238e+00,1.193910717964172363e+00,1.082551598548889160e+00,7.586227655410766602e-01,7.966320514678955078e-01,7.909112572669982910e-01,9.260276556015014648e-01,1.287308573722839355e+00,1.396799087524414062e+00,1.755707383155822754e+00,1.784157872200012207e+00,1.889965415000915527e+00,2.218138456344604492e+00,2.507818937301635742e+00,1.534578204154968262e+00,1.224230170249938965e+00,9.752600789070129395e-01,6.310946941375732422e-01,3.975502252578735352e-01,0.000000000000000000e+00,3.858445584774017334e-01,5.983641147613525391e-01,9.172538518905639648e-01,1.237554073333740234e+00,1.479792594909667969e+00,1.565394163131713867e+00,1.840796947479248047e+00,2.087463140487670898e+00,2.405392169952392578e+00,1.597473621368408203e+00,1.238853812217712402e+00,1.091486573219299316e+00,8.345199227333068848e-01,7.314210534095764160e-01,8.102330565452575684e-01,7.502321004867553711e-01,1.091495513916015625e+00,1.147977590560913086e+00,1.509516119956970215e+00,1.666908144950866699e+00,1.889495849609375000e+00,2.150828123092651367e+00,2.433285236358642578e+00,2.691940784454345703e+00,1.857622385025024414e+00,1.635997176170349121e+00,1.366838812828063965e+00,1.324725985527038574e+00,1.079791069030761719e+00,1.304070711135864258e+00,1.119593858718872070e+00,1.469465255737304688e+00,1.596581101417541504e+00,1.775468587875366211e+00,2.068882942199707031e+00,2.307008266448974609e+00,2.462566375732421875e+00,2.812712669372558594e+00,3.011360406875610352e+00,1.974561810493469238e+00,1.803547501564025879e+00,1.475557446479797363e+00,1.452624917030334473e+00,1.125559210777282715e+00,1.328940749168395996e+00,1.148286819458007812e+00,1.432464599609375000e+00,1.645658493041992188e+00,1.788869738578796387e+00,2.078749179840087891e+00,2.314395666122436523e+00,2.442404508590698242e+00,2.810272693634033203e+00,2.994828224182128906e+00
