,A1,A2,A3,A4,A5,A6,A7,A8,A9,A10,A11,A12,A13,A14,A15,B1,B2,B3,B4,B5,B6,B7,B8,B9,B10,B11,B12,B13,B14,B15,C1,C2,C3,C4,C5,C6,C7,C8,C9,C10,C11,C12,C13,C14,C15,D1,D2,D3,D4,D5,D6,D7,D8,D9,D10,D11,D12,D13,D14,D15,E1,E2,E3,E4,E5,E6,E7,E8,E9,E10,E11,E12,E13,E14,E15
A1,0.0,0.3913547098636627,0.6780281662940979,0.7638819813728333,0.49380743503570557,0.7049815058708191,0.9948400259017944,0.8789165616035461,1.044699788093567,1.3239949941635132,1.6697558164596558,1.6546026468276978,2.030336618423462,2.1624538898468018,2.496382713317871,2.006016969680786,2.009506940841675,1.7202028036117554,1.6968660354614258,1.6282658576965332,1.287093997001648,1.2197643518447876,1.2023199796676636,1.459661602973938,1.817356824874878,1.8916932344436646,2.0369186401367188,2.1958909034729004,2.353015422821045,2.698392868041992,2.564084768295288,2.2032101154327393,2.0161497592926025,1.7617045640945435,2.0921571254730225,2.201308012008667,1.8720496892929077,1.8704454898834229,2.0657663345336914,1.9659481048583984,1.9969992637634277,2.3062546253204346,2.4285173416137695,2.793339729309082,2.846651077270508,2.5156521797180176,2.2885468006134033,2.0115280151367188,1.9003108739852905,2.2975637912750244,2.3509645462036133,2.1964828968048096,2.3666069507598877,2.5269057750701904,2.380359649658203,2.5252578258514404,2.868242025375366,2.9868698120117188,3.34350323677063,3.4746110439300537,1.559207797050476,1.3759347200393677,1.1971794366836548,1.4291877746582031,1.2804269790649414,0.9706620573997498,1.2599949836730957,1.5375010967254639,1.8483870029449463,2.1183695793151855,2.3775634765625,2.631399631500244,2.8917956352233887,3.2020254135131836,3.4390058517456055
A2,0.3913547098636627,0.0,0.3899078369140625,0.5220876336097717,0.48865875601768494,0.7060068845748901,0.8813729286193848,0.8119182586669922,1.0989912748336792,1.3208930492401123,1.7081788778305054,1.7750719785690308,2.1250433921813965,2.3168864250183105,2.6229655742645264,2.0789108276367188,2.007439136505127,1.6862425804138184,1.6176475286483765,1.6294567584991455,1.3170171976089478,1.1387816667556763,1.1062670946121216,1.4311610460281372,1.749477744102478,1.7831997871398926,1.9904266595840454,2.1112420558929443,2.3211770057678223,2.634901285171509,2.180511951446533,1.8153785467147827,1.6390106678009033,1.3904333114624023,1.7276198863983154,1.853187084197998,1.5449631214141846,1.5794615745544434,1.7563135623931885,1.6757405996322632,1.7663565874099731,2.056345224380493,2.229691982269287,2.5817792415618896,2.677213668823242,2.181091785430908,1.955471396446228,1.7041723728179932,1.5613738298416138,1.9517524242401123,2.0430262088775635,1.8966319561004639,2.038297176361084,2.1694447994232178,2.002164602279663,2.142012357711792,2.483795404434204,2.6077075004577637,2.9619879722595215,3.0964138507843018,1.634704351425171,1.3991646766662598,1.1223770380020142,1.3217896223068237,1.2630414962768555,0.895122766494751,1.0752484798431396,1.3575656414031982,1.7119154930114746,1.9512817859649658,2.167426824569702,2.448718547821045,2.6727981567382812,3.003448724746704,3.206822395324707
A3,0.6780281662940979,0.3899078369140625,0.0,0.38464847207069397,0.542121171951294,0.5498557090759277,0.6359724998474121,0.7267910838127136,1.0572360754013062,1.2828679084777832,1.688929557800293,1.7982426881790161,2.1090540885925293,2.330881118774414,2.6323530673980713,1.8433361053466797,1.7200145721435547,1.3996210098266602,1.282663345336914,1.3420192003250122,1.0734423398971558,0.8179107308387756,0.7882120609283447,1.1538033485412598,1.4513965845108032,1.5003743171691895,1.7465633153915405,1.8814464807510376,2.131619691848755,2.43286395072937,1.9379709959030151,1.5996259450912476,1.3950566053390503,1.1134113073349,1.4390339851379395,1.5272443294525146,1.1944459676742554,1.211460828781128,1.42642343044281,1.3953050374984741,1.4942333698272705,1.8055812120437622,1.9815717935562134,2.338883399963379,2.4710586071014404,2.046349287033081,1.7722023725509644,1.5398420095443726,1.3381885290145874,1.7292436361312866,1.8071329593658447,1.608659267425537,1.7253950834274292,1.8962080478668213,1.762845516204834,1.8969844579696655,2.2441954612731934,2.348517894744873,2.7059929370880127,2.8459503650665283,1.679131031036377,1.4842671155929565,1.171413540840149,1.253832221031189,1.1813607215881348,0.7944929599761963,0.9049856066703796,1.1022202968597412,1.4830632209777832,1.7488750219345093,1.9243583679199219,2.23748779296875,2.4339804649353027,2.78359317779541,2.9780800342559814
A4,0.7638819813728333,0.5220876336097717,0.38464847207069397,0.0,0.3927738666534424,0.543517529964447,0.46975791454315186,0.4164528250694275,0.7858805656433105,0.938171923160553,1.3467066287994385,1.4947752952575684,1.7919707298278809,2.0430524349212646,2.317255735397339,1.8226758241653442,1.6863340139389038,1.3212263584136963,1.302078366279602,1.4097225666046143,1.1045562028884888,0.8915069103240967,1.0176149606704712,1.3911845684051514,1.7125895023345947,1.8104571104049683,2.062405824661255,2.2247817516326904,2.48124623298645,2.785814046859741,1.9911036491394043,1.6423990726470947,1.3738600015640259,1.1826919317245483,1.5500993728637695,1.5753936767578125,1.2557941675186157,1.3701708316802979,1.633128046989441,1.6757197380065918,1.8147724866867065,2.1209678649902344,2.316190004348755,2.667696952819824,2.8245675563812256,1.8346089124679565,1.5672699213027954,1.2872107028961182,1.1683006286621094,1.5698426961898804,1.5932890176773071,1.4372289180755615,1.6373291015625,1.8162639141082764,1.726640224456787,1.9370081424713135,2.253634214401245,2.4143733978271484,2.748772144317627,2.9369304180145264,1.3432852029800415,1.1313737630844116,0.7995309829711914,0.8753083348274231,0.8536142706871033,0.4697176516056061,0.5609975457191467,0.8409458994865417,1.1983336210250854,1.4337676763534546,1.6489040851593018,1.9316312074661255,2.158700942993164,2.488576889038086,2.701416015625
A5,0.49380743503570557,0.48865875601768494,0.542121171951294,0.3927738666534424,0.0,0.40048959851264954,0.5590910911560059,0.38550662994384766,0.6134905815124512,0.8744361400604248,1.2539246082305908,1.3070704936981201,1.6516499519348145,1.842779278755188,2.154754161834717,1.7306431531906128,1.6800428628921509,1.3440580368041992,1.3772679567337036,1.3859525918960571,1.0275429487228394,0.9417698383331299,1.0702306032180786,1.3864136934280396,1.75811767578125,1.890566349029541,2.0842816829681396,2.2807531356811523,2.4883060455322266,2.826397180557251,2.372349262237549,2.021631956100464,1.7646154165267944,1.554944396018982,1.910832166671753,1.9429962635040283,1.605565071105957,1.6648118495941162,1.930214762687683,1.9287030696868896,2.0062668323516846,2.3331127166748047,2.481656312942505,2.84960675239563,2.961545944213867,2.185269832611084,1.9305297136306763,1.6296584606170654,1.5485999584197998,1.949043869972229,1.9441380500793457,1.7873005867004395,2.0070836544036865,2.2039027214050293,2.119056463241577,2.320937156677246,2.643115997314453,2.7939393520355225,3.133927345275879,3.310889482498169,1.1971369981765747,1.0299110412597656,0.8084431886672974,0.9646475911140442,0.8098374009132385,0.47742393612861633,0.7855400443077087,1.061844825744629,1.3574512004852295,1.6290104389190674,1.8982487916946411,2.1443030834198,2.4137628078460693,2.7178170680999756,2.9665138721466064
A6,0.7049815058708191,0.7060068845748901,0.5498557090759277,0.543517529964447,0.40048959851264954,0.0,0.3778591752052307,0.4922198951244354,0.6593005061149597,0.9870250821113586,1.3542579412460327,1.3990198373794556,1.70479416847229,1.8860886096954346,2.2169690132141113,1.3798649311065674,1.3258124589920044,1.0188628435134888,1.0133490562438965,0.9905829429626465,0.6396347284317017,0.5679259300231934,0.7259575724601746,1.0181158781051636,1.4010015726089478,1.5790210962295532,1.7614250183105469,1.995671272277832,2.2047672271728516,2.547917127609253,2.3561596870422363,2.042229413986206,1.777644157409668,1.5240023136138916,1.8395068645477295,1.8378190994262695,1.4722604751586914,1.4615617990493774,1.757874846458435,1.771795630455017,1.800461769104004,2.153278112411499,2.260165214538574,2.6372461318969727,2.7495036125183105,2.3185532093048096,2.017061233520508,1.7369394302368164,1.5984147787094116,1.9926477670669556,1.9642763137817383,1.738598108291626,1.9288990497589111,2.180122137069702,2.1313889026641846,2.3068454265594482,2.637312889099121,2.748523712158203,3.0947530269622803,3.259171485900879,1.361596703529358,1.286757230758667,1.0834568738937378,1.1106312274932861,0.8620292544364929,0.5603877902030945,0.8473926186561584,0.982549786567688,1.27937912940979,1.6185911893844604,1.8580617904663086,2.1298952102661133,2.3824687004089355,2.6993818283081055,2.9541141986846924
A7,0.9948400259017944,0.8813729286193848,0.6359724998474121,0.46975791454315186,0.5590910911560059,0.3778591752052307,0.0,0.366350382566452,0.6049447655677795,0.8204551339149475,1.2013874053955078,1.3378280401229858,1.588214635848999,1.832908034324646,2.121462345123291,1.3689074516296387,1.2221906185150146,0.85430508852005,0.8816033005714417,0.9976018667221069,0.6996976137161255,0.5361242294311523,0.8168258666992188,1.149757742881775,1.4890203475952148,1.6747230291366577,1.9071331024169922,2.134455442428589,2.386962413787842,2.7034478187561035,2.147473096847534,1.8487166166305542,1.540132999420166,1.339104175567627,1.6636234521865845,1.6017316579818726,1.2478768825531006,1.3114932775497437,1.6478694677352905,1.7444872856140137,1.8317731618881226,2.172476291656494,2.3172478675842285,2.680295467376709,2.842923402786255,2.019270181655884,1.7006168365478516,1.4195022583007812,1.2941172122955322,1.6774402856826782,1.6122676134109497,1.3844404220581055,1.607071876525879,1.8771449327468872,1.873856782913208,2.0895237922668457,2.396064519882202,2.533862352371216,2.8613500595092773,3.0596911907196045,1.2708704471588135,1.1932103633880615,0.9441051483154297,0.856935977935791,0.6689207553863525,0.3770999014377594,0.5274986624717712,0.6062529683113098,0.9255282878875732,1.2591572999954224,1.4826476573944092,1.764959454536438,2.007105588912964,2.3300929069519043,2.57867169380188
A8,0.8789165616035461,0.8119182586669922,0.7267910838127136,0.4164528250694275,0.38550662994384766,0.4922198951244354,0.366350382566452,0.0,0.37538567185401917,0.5596470236778259,0.9632723331451416,1.0938782691955566,1.3876043558120728,1.633009433746338,1.9145379066467285,1.5891739130020142,1.490404725074768,1.1202585697174072,1.2223261594772339,1.30613112449646,0.9659208059310913,0.8824633955955505,1.1324642896652222,1.4598575830459595,1.8203434944152832,1.9931144714355469,2.212204694747925,2.431175708770752,2.6666665077209473,2.9943602085113525,2.308995246887207,1.9784196615219116,1.6681619882583618,1.5135183334350586,1.8735861778259277,1.8334486484527588,1.5038955211639404,1.6170556545257568,1.9311466217041016,2.0082955360412598,2.1162259578704834,2.445748805999756,2.6081736087799072,2.970853567123413,3.1219325065612793,1.9893772602081299,1.7147107124328613,1.3957414627075195,1.3566460609436035,1.7448452711105347,1.674935221672058,1.5208938121795654,1.791845440864563,2.0210275650024414,1.9989631175994873,2.247835874557495,2.5429255962371826,2.719774007797241,3.0389726161956787,3.252953290939331,0.976110577583313,0.8485960960388184,0.6102119088172913,0.6286502480506897,0.46215757727622986,0.09242283552885056,0.45756059885025024,0.7199491858482361,0.9802603721618652,1.2531949281692505,1.5385007858276367,1.7705880403518677,2.0529937744140625,2.3471148014068604,2.6101021766662598
A9,1.044699788093567,1.0989912748336792,1.0572360754013062,0.7858805656433105,0.6134905815124512,0.6593005061149597,0.6049447655677795,0.37538567185401917,0.0,0.3807579576969147,0.7026737928390503,0.7561322450637817,1.0635288953781128,1.27598237991333,1.5812830924987793,1.451033115386963,1.4192856550216675,1.0828728675842285,1.2881964445114136,1.317797064781189,0.9683696031570435,1.0266451835632324,1.323905348777771,1.58885657787323,1.9709495306015015,2.1935150623321533,2.373260498046875,2.6320886611938477,2.8391096591949463,3.1857199668884277,2.657546043395996,2.337132692337036,2.012641429901123,1.8695745468139648,2.2209389209747314,2.1513478755950928,1.8177913427352905,1.91352117061615,2.2490286827087402,2.332451105117798,2.408673048019409,2.7533724308013916,2.884753465652466,3.255636692047119,3.391500949859619,2.251093626022339,1.9817930459976196,1.6490577459335327,1.658736228942871,2.0288493633270264,1.9030343294143677,1.7546372413635254,2.059196710586548,2.3158693313598633,2.330244302749634,2.5938174724578857,2.87782883644104,3.059232711791992,3.37038516998291,3.5951011180877686,0.7141583561897278,0.7317192554473877,0.6816956996917725,0.6706991195678711,0.30441993474960327,0.36088988184928894,0.7012779712677002,0.8764001131057739,0.9990008473396301,1.2873849868774414,1.621382236480713,1.7933655977249146,2.1185052394866943,2.3700876235961914,2.67450213432312
A10,1.3239949941635132,1.3208930492401123,1.2828679084777832,0.938171923160553,0.8744361400604248,0.9870250821113586,0.8204551339149475,0.5596470236778259,0.3807579576969147,0.0,0.4092983305454254,0.6263249516487122,0.8673171401023865,1.1621712446212769,1.3928699493408203,1.6769225597381592,1.6012829542160034,1.250084638595581,1.4915659427642822,1.5905219316482544,1.2753883600234985,1.2945364713668823,1.61591374874115,1.904884934425354,2.2672863006591797,2.483630895614624,2.690688133239746,2.938786268234253,3.1682794094085693,3.501871347427368,2.6558709144592285,2.3407559394836426,1.9943064451217651,1.9244807958602905,2.284377098083496,2.183605194091797,1.887483835220337,2.05157470703125,2.392083168029785,2.517935037612915,2.639557123184204,2.9683103561401367,3.132507085800171,3.4921112060546875,3.6568658351898193,2.052312135696411,1.8110501766204834,1.4668991565704346,1.5612759590148926,1.8972184658050537,1.7298288345336914,1.6433478593826294,1.9953408241271973,2.233447790145874,2.2778685092926025,2.585247039794922,2.8344106674194336,3.05603289604187,3.340519905090332,3.598632335662842,0.4789641499519348,0.49209630489349365,0.4958227872848511,0.38283443450927734,0.17476095259189606,0.49554315209388733,0.6416851878166199,0.8247693181037903,0.8450062274932861,1.0370383262634277,1.4026445150375366,1.5200191736221313,1.8673163652420044,2.0880987644195557,2.399264097213745
A11,1.6697558164596558,1.7081788778305054,1.688929557800293,1.3467066287994385,1.2539246082305908,1.3542579412460327,1.2013874053955078,0.9632723331451416,0.7026737928390503,0.4092983305454254,0.0,0.3653901517391205,0.4854009449481964,0.8189173340797424,0.9972416758537292,1.7950162887573242,1.7549383640289307,1.4496933221817017,1.7548869848251343,1.840451717376709,1.5500987768173218,1.6299701929092407,1.973238468170166,2.230773687362671,2.594285011291504,2.8374648094177246,3.027981996536255,3.2967045307159424,3.514896869659424,3.8551855087280273,2.998568534851074,2.6955933570861816,2.3379712104797363,2.2996344566345215,2.653345823287964,2.524641990661621,2.243206739425659,2.4163904190063477,2.768826484680176,2.9121108055114746,3.0293924808502197,3.361828088760376,3.517685890197754,3.878168821334839,4.043563365936279,2.2661688327789307,2.051259994506836,1.711619257926941,1.8649052381515503,2.1619722843170166,1.9440131187438965,1.891862154006958,2.2716872692108154,2.5151381492614746,2.5953147411346436,2.9244096279144287,3.1493072509765625,3.3879964351654053,3.65321683883667,3.931213855743408,0.2783580720424652,0.5589649081230164,0.7771013379096985,0.6536446809768677,0.5345133543014526,0.9014226198196411,1.0085443258285522,1.1199426651000977,0.9966275095939636,1.1125528812408447,1.498029112815857,1.5145989656448364,1.8950556516647339,2.0443804264068604,2.389094829559326
A12,1.6546026468276978,1.7750719785690308,1.7982426881790161,1.4947752952575684,1.3070704936981201,1.3990198373794556,1.3378280401229858,1.0938782691955566,0.7561322450637817,0.6263249516487122,0.3653901517391205,0.0,0.39503273367881775,0.5648722648620605,0.8493469953536987,1.7649332284927368,1.805586576461792,1.5440781116485596,1.86140775680542,1.8734105825424194,1.5692839622497559,1.7187570333480835,2.044760227203369,2.262321949005127,2.645275354385376,2.904031991958618,3.0555825233459473,3.342212438583374,3.5260236263275146,3.8846187591552734,3.2810215950012207,2.966860771179199,2.620056629180908,2.5434513092041016,2.899747133255005,2.7910499572753906,2.4853291511535645,2.6173601150512695,2.9685449600219727,3.078289270401001,3.15873646736145,3.5048177242279053,3.6311490535736084,4.002681255340576,4.137119293212891,2.6074631214141846,2.3906891345977783,2.046903371810913,2.175790548324585,2.493499517440796,2.2905378341674805,2.21601939201355,2.5822129249572754,2.8356401920318604,2.898505926132202,3.2100396156311035,3.454434871673584,3.6772966384887695,3.9577553272247314,4.219990253448486,0.3145405650138855,0.6913590431213379,0.982625424861908,0.9590505957603455,0.7310447096824646,1.0558805465698242,1.2651374340057373,1.3894222974777222,1.2940086126327515,1.457945466041565,1.8406199216842651,1.8574804067611694,2.2400426864624023,2.3785552978515625,2.733929395675659
A13,2.030336618423462,2.1250433921813965,2.1090540885925293,1.7919707298278809,1.6516499519348145,1.70479416847229,1.588214635848999,1.3876043558120728,1.0635288953781128,0.8673171401023865,0.4854009449481964,0.39503273367881775,0.0,0.38359352946281433,0.5373921394348145,1.8373819589614868,1.8642475605010986,1.6383979320526123,1.9944533109664917,2.03564453125,1.7802809476852417,1.939851999282837,2.2957513332366943,2.4991190433502197,2.8628036975860596,3.1424121856689453,3.2982139587402344,3.5978145599365234,3.7907843589782715,4.141948699951172,3.447923421859741,3.158162832260132,2.7936601638793945,2.750980854034424,3.0930428504943848,2.942218065261841,2.656240940093994,2.8055648803710938,3.172896146774292,3.32110333442688,3.4098711013793945,3.7549071311950684,3.8816959857940674,4.247588634490967,4.400973796844482,2.6939713954925537,2.482137441635132,2.152631998062134,2.3143882751464844,2.5922226905822754,2.3388936519622803,2.2803268432617188,2.66461443901062,2.931734085083008,3.041701316833496,3.3728318214416504,3.58990740776062,3.8239588737487793,4.081831455230713,4.365721702575684,0.5855029225349426,0.9644437432289124,1.249590277671814,1.1310546398162842,0.958175778388977,1.33230459690094,1.465521216392517,1.5130527019500732,1.3125841617584229,1.4187626838684082,1.7882654666900635,1.7322816848754883,2.121537685394287,2.2026522159576416,2.5783891677856445
A14,2.1624538898468018,2.3168864250183105,2.330881118774414,2.0430524349212646,1.842779278755188,1.8860886096954346,1.832908034324646,1.633009433746338,1.27598237991333,1.1621712446212769,0.8189173340797424,0.5648722648620605,0.38359352946281433,0.0,0.3957460820674896,1.9111396074295044,2.0117547512054443,1.836643934249878,2.198514938354492,2.1796905994415283,1.9273055791854858,2.140981435775757,2.480318784713745,2.644319534301758,3.0174245834350586,3.3113133907318115,3.4308409690856934,3.7465322017669678,3.90740966796875,4.2722859382629395,3.7874667644500732,3.4901576042175293,3.131972551345825,3.0634727478027344,3.406881809234619,3.2683069705963135,2.965463399887085,3.0841174125671387,3.450968027114868,3.5751545429229736,3.633584976196289,3.9888765811920166,4.089477062225342,4.463123321533203,4.590649127960205,3.0663816928863525,2.8544552326202393,2.5208113193511963,2.6694021224975586,2.960766077041626,2.715005874633789,2.642449378967285,3.0186238288879395,3.293968677520752,3.394162178039551,3.714369773864746,3.9444780349731445,4.1678338050842285,4.43588399887085,4.70961332321167,0.8280659317970276,1.21274995803833,1.5331950187683105,1.4697140455245972,1.246357798576355,1.592406153678894,1.7835108041763306,1.8404275178909302,1.6588075160980225,1.793206810951233,2.1588797569274902,2.0998129844665527,2.4871747493743896,2.5531556606292725,2.935591459274292
A15,2.496382713317871,2.6229655742645264,2.6323530673980713,2.317255735397339,2.154754161834717,2.2169690132141113,2.121462345123291,1.9145379066467285,1.5812830924987793,1.3928699493408203,0.9972416758537292,0.8493469953536987,0.5373921394348145,0.3957460820674896,0.0,2.2108376026153564,2.2809877395629883,2.1068432331085205,2.47957444190979,2.4977502822875977,2.261589288711548,2.4530413150787354,2.807377338409424,2.985908031463623,3.349414348602295,3.643331527709961,3.778777837753296,4.091714382171631,4.266880989074707,4.6251420974731445,3.961731433868408,3.6752889156341553,3.308706760406494,3.281421661376953,3.623037576675415,3.463132381439209,3.1850357055664062,3.33620285987854,3.7066478729248047,3.8569118976593018,3.938753366470337,4.286954879760742,4.404600620269775,4.772531509399414,4.918633937835693,3.124307632446289,2.9407694339752197,2.619408369064331,2.813138246536255,3.0676112174987793,2.7944822311401367,2.7622523307800293,3.1553683280944824,3.417924404144287,3.5426571369171143,3.8850629329681396,4.087307453155518,4.333031177520752,4.578121185302734,4.873644828796387,1.0319074392318726,1.3929446935653687,1.7269309759140015,1.6362755298614502,1.4935306310653687,1.8630813360214233,1.9949322938919067,2.0359909534454346,1.7999258041381836,1.855004072189331,2.2040698528289795,2.0762765407562256,2.460073232650757,2.465696334838867,2.850071907043457
B1,2.006016969680786,2.0789108276367188,1.8433361053466797,1.8226758241653442,1.7306431531906128,1.3798649311065674,1.3689074516296387,1.5891739130020142,1.451033115386963,1.6769225597381592,1.7950162887573242,1.7649332284927368,1.8373819589614868,1.9111396074295044,2.2108376026153564,0.0,0.3938278555870056,0.6578032374382019,0.8244401812553406,0.6271501779556274,0.7766528129577637,1.082642674446106,1.3230788707733154,1.2298612594604492,1.4541484117507935,1.8269928693771362,1.8705295324325562,2.2388367652893066,2.3808577060699463,2.701120138168335,3.1346089839935303,2.9431464672088623,2.641611099243164,2.4173977375030518,2.608104705810547,2.4479308128356934,2.1143784523010254,2.000013828277588,2.352842330932617,2.470419406890869,2.38051438331604,2.7410519123077393,2.70566463470459,3.054609537124634,3.163900852203369,3.1560142040252686,2.7966506481170654,2.5569851398468018,2.4288878440856934,2.729710102081299,2.5519723892211914,2.2431492805480957,2.420034885406494,2.800793170928955,2.917203903198242,3.0829732418060303,3.3616294860839844,3.414519786834717,3.7172014713287354,3.8904550075531006,1.9412378072738647,2.1313016414642334,2.0884499549865723,1.8969898223876953,1.5334898233413696,1.5778192281723022,1.7423348426818848,1.547365427017212,1.5464481115341187,1.9312920570373535,2.102083444595337,2.292875051498413,2.521430492401123,2.7596664428710938,3.0668249130249023
B2,2.009506940841675,2.007439136505127,1.7200145721435547,1.6863340139389038,1.6800428628921509,1.3258124589920044,1.2221906185150146,1.490404725074768,1.4192856550216675,1.6012829542160034,1.7549383640289307,1.805586576461792,1.8642475605010986,2.0117547512054443,2.2809877395629883,0.3938278555870056,0.0,0.3935585916042328,0.5356560945510864,0.5319251418113708,0.7408581972122192,0.9246222972869873,1.1985087394714355,1.167506456375122,1.3544909954071045,1.7099604606628418,1.821651577949524,2.162933349609375,2.3610312938690186,2.653541088104248,2.8081719875335693,2.640563488006592,2.3337061405181885,2.132265329360962,2.3033859729766846,2.111354351043701,1.7970675230026245,1.7045135498046875,2.070786237716675,2.2374560832977295,2.1872949600219727,2.5356802940368652,2.5351545810699463,2.872626304626465,3.026355504989624,2.8532142639160156,2.4856655597686768,2.2721498012542725,2.1280839443206787,2.4027962684631348,2.2201685905456543,1.8975887298583984,2.0579512119293213,2.4470276832580566,2.5868966579437256,2.7548885345458984,3.017252206802368,3.071300745010376,3.36132550239563,3.545715570449829,1.9332891702651978,2.0840752124786377,1.986940860748291,1.7487298250198364,1.4424809217453003,1.4667953252792358,1.5482145547866821,1.2921828031539917,1.2935513257980347,1.6697717905044556,1.7906416654586792,2.0093138217926025,2.2023391723632812,2.461879253387451,2.7455837726593018
B3,1.7202028036117554,1.6862425804138184,1.3996210098266602,1.3212263584136963,1.3440580368041992,1.0188628435134888,0.85430508852005,1.1202585697174072,1.0828728675842285,1.250084638595581,1.4496933221817017,1.5440781116485596,1.6383979320526123,1.836643934249878,2.1068432331085205,0.6578032374382019,0.3935585916042328,0.0,0.3928197920322418,0.5400552749633789,0.559664785861969,0.6674217581748962,1.0195865631103516,1.1177927255630493,1.3705363273620605,1.6883206367492676,1.8577535152435303,2.170264959335327,2.4008877277374268,2.7026474475860596,2.5418057441711426,2.3425421714782715,2.0190513134002686,1.8329254388809204,2.047633647918701,1.8659731149673462,1.5371490716934204,1.5053995847702026,1.8887990713119507,2.061954975128174,2.06558895111084,2.4172303676605225,2.4714441299438477,2.819998025894165,2.9911720752716064,2.5005459785461426,2.1393680572509766,1.906619906425476,1.7770541906356812,2.0736608505249023,1.8983850479125977,1.5927048921585083,1.7905949354171753,2.1649396419525146,2.2870943546295166,2.4838223457336426,2.751856803894043,2.8399646282196045,3.13647723197937,3.338738203048706,1.625225305557251,1.735610008239746,1.6095435619354248,1.369687795639038,1.0838767290115356,1.0903456211090088,1.1546566486358643,0.9104578495025635,0.9548338651657104,1.3495908975601196,1.5029780864715576,1.7442388534545898,1.960313320159912,2.242753505706787,2.5259883403778076
B4,1.6968660354614258,1.6176475286483765,1.282663345336914,1.302078366279602,1.3772679567337036,1.0133490562438965,0.8816033005714417,1.2223261594772339,1.2881964445114136,1.4915659427642822,1.7548869848251343,1.86140775680542,1.9944533109664917,2.198514938354492,2.47957444190979,0.8244401812553406,0.5356560945510864,0.3928197920322418,0.0,0.3820283114910126,0.5448760390281677,0.48990365862846375,0.7460853457450867,0.8211706280708313,1.0167945623397827,1.32012939453125,1.51432204246521,1.8094072341918945,2.0622286796569824,2.34485125541687,2.3146402835845947,2.137216567993164,1.8515501022338867,1.6187061071395874,1.7875065803527832,1.627873420715332,1.293901801109314,1.1860138177871704,1.5542776584625244,1.716953992843628,1.6978000402450562,2.046494960784912,2.08870005607605,2.4328513145446777,2.6089134216308594,2.4864342212677,2.1144981384277344,1.9205058813095093,1.7150923013687134,2.0075745582580566,1.8923977613449097,1.5492961406707764,1.6620548963546753,2.029590368270874,2.1232526302337646,2.265315294265747,2.550294876098633,2.5938456058502197,2.904268264770508,3.072697639465332,1.9087263345718384,1.9580395221710205,1.7678256034851074,1.5588346719741821,1.3172451257705688,1.2108640670776367,1.2466633319854736,1.0117000341415405,1.1666568517684937,1.5449861288070679,1.6369067430496216,1.9336142539978027,2.095768690109253,2.416156053543091,2.6551852226257324
B5,1.6282658576965332,1.6294567584991455,1.3420192003250122,1.4097225666046143,1.3859525918960571,0.9905829429626465,0.9976018667221069,1.30613112449646,1.317797064781189,1.5905219316482544,1.840451717376709,1.8734105825424194,2.03564453125,2.1796905994415283,2.4977502822875977,0.6271501779556274,0.5319251418113708,0.5400552749633789,0.3820283114910126,0.0,0.37970757484436035,0.5435635447502136,0.7141068577766418,0.6470197439193726,0.9021477103233337,1.2530628442764282,1.3626936674118042,1.702878475189209,1.8974326848983765,2.214876174926758,2.6062991619110107,2.4105091094970703,2.145294189453125,1.8749366998672485,2.0501341819763184,1.9372977018356323,1.5882821083068848,1.4276041984558105,1.7615865468978882,1.8509303331375122,1.7622443437576294,2.1270127296447754,2.1128995418548584,2.4715986251831055,2.592607021331787,2.805417060852051,2.4408199787139893,2.2256581783294678,2.0255002975463867,2.3435425758361816,2.242783308029175,1.909335732460022,2.0234994888305664,2.3782505989074707,2.4399948120117188,2.5621509552001953,2.8669228553771973,2.893882989883423,3.219156503677368,3.3626017570495605,1.9612749814987183,2.0376646518707275,1.887777328491211,1.7328475713729858,1.4232286214828491,1.3140078783035278,1.4517529010772705,1.2851557731628418,1.439286231994629,1.8369004726409912,1.9734340906143188,2.249634265899658,2.4411656856536865,2.7470881938934326,3.0058207511901855
B6,1.287093997001648,1.3170171976089478,1.0734423398971558,1.1045562028884888,1.0275429487228394,0.6396347284317017,0.6996976137161255,0.9659208059310913,0.9683696031570435,1.2753883600234985,1.5500987768173218,1.5692839622497559,1.7802809476852417,1.9273055791854858,2.261589288711548,0.7766528129577637,0.7408581972122192,0.559664785861969,0.5448760390281677,0.37970757484436035,0.0,0.3807635009288788,0.6436957716941833,0.728837788105011,1.090731143951416,1.3932875394821167,1.522896647453308,1.8399817943572998,2.032350540161133,2.374073028564453,2.572324752807617,2.3279190063476562,2.049534320831299,1.7853695154190063,2.022462844848633,1.9409685134887695,1.5721896886825562,1.4705541133880615,1.808937668800354,1.873247504234314,1.8232804536819458,2.1956355571746826,2.2227659225463867,2.596949338912964,2.710041046142578,2.6487038135528564,2.301938533782959,2.0508992671966553,1.8838974237442017,2.236752986907959,2.1444289684295654,1.8466604948043823,2.009843587875366,2.33966326713562,2.3705806732177734,2.524012327194214,2.839848756790161,2.9047999382019043,3.239485740661621,3.3977229595184326,1.6389044523239136,1.6958622932434082,1.5545825958251953,1.4453065395355225,1.1152063608169556,0.9840824604034424,1.1884788274765015,1.1057509183883667,1.2947766780853271,1.695156455039978,1.8903732299804688,2.1571731567382812,2.389411449432373,2.6938271522521973,2.966834783554077
B7,1.2197643518447876,1.1387816667556763,0.8179107308387756,0.8915069103240967,0.9417698383331299,0.5679259300231934,0.5361242294311523,0.8824633955955505,1.0266451835632324,1.2945364713668823,1.6299701929092407,1.7187570333480835,1.939851999282837,2.140981435775757,2.4530413150787354,1.082642674446106,0.9246222972869873,0.6674217581748962,0.48990365862846375,0.5435635447502136,0.3807635009288788,0.0,0.3913867771625519,0.6520288586616516,0.9773576855659485,1.2142060995101929,1.4258832931518555,1.6900190114974976,1.9380348920822144,2.252544641494751,2.1961371898651123,1.953677773475647,1.6870858669281006,1.4098581075668335,1.6427241563796997,1.575075387954712,1.202746033668518,1.1075516939163208,1.447293758392334,1.5269968509674072,1.5218521356582642,1.8866294622421265,1.9602835178375244,2.3297271728515625,2.4769041538238525,2.359133243560791,2.009166717529297,1.7846263647079468,1.5719460248947144,1.923203945159912,1.8735711574554443,1.566070556640625,1.6905643939971924,2.0021705627441406,2.0112526416778564,2.1496005058288574,2.4716193675994873,2.5318305492401123,2.8715713024139404,3.0252888202667236,1.7218667268753052,1.7017016410827637,1.4783093929290771,1.365850567817688,1.1279224157333374,0.9024613499641418,1.0172538757324219,0.934241771697998,1.2136037349700928,1.588679552078247,1.7386791706085205,2.0500435829162598,2.244048833847046,2.581298351287842,2.8164892196655273
B8,1.2023199796676636,1.1062670946121216,0.7882120609283447,1.0176149606704712,1.0702306032180786,0.7259575724601746,0.8168258666992188,1.1324642896652222,1.323905348777771,1.61591374874115,1.973238468170166,2.044760227203369,2.2957513332366943,2.480318784713745,2.807377338409424,1.3230788707733154,1.1985087394714355,1.0195865631103516,0.7460853457450867,0.7141068577766418,0.6436957716941833,0.3913867771625519,0.0,0.3918679356575012,0.7005062699317932,0.8709344267845154,1.0913223028182983,1.3268018960952759,1.5782500505447388,1.8929321765899658,2.1382761001586914,1.9040156602859497,1.7036675214767456,1.3660131692886353,1.5529476404190063,1.5591315031051636,1.1959766149520874,1.0002388954162598,1.2663382291793823,1.259229063987732,1.1948798894882202,1.5677815675735474,1.6148735284805298,1.993346929550171,2.1132688522338867,2.507054567337036,2.166943073272705,1.9748179912567139,1.709610939025879,2.0555419921875,2.073190927505493,1.7604185342788696,1.8084936141967773,2.083055019378662,2.035855770111084,2.105025291442871,2.4501914978027344,2.4620604515075684,2.820256233215332,2.9250564575195312,2.035101890563965,1.9754372835159302,1.7257503271102905,1.6698118448257446,1.4594011306762695,1.174317717552185,1.2914382219314575,1.2551722526550293,1.5729604959487915,1.9286853075027466,2.050065517425537,2.383476495742798,2.5488367080688477,2.903374433517456,3.1106553077697754
B9,1.459661602973938,1.4311610460281372,1.1538033485412598,1.3911845684051514,1.3864136934280396,1.0181158781051636,1.149757742881775,1.4598575830459595,1.58885657787323,1.904884934425354,2.230773687362671,2.262321949005127,2.4991190433502197,2.644319534301758,2.985908031463623,1.2298612594604492,1.167506456375122,1.1177927255630493,0.8211706280708313,0.6470197439193726,0.728837788105011,0.6520288586616516,0.3918679356575012,0.0,0.4086403548717499,0.6855793595314026,0.8010016083717346,1.111806869506836,1.314889669418335,1.6476399898529053,2.421640634536743,2.221831798553467,2.0430409908294678,1.6963956356048584,1.8289777040481567,1.8283960819244385,1.4849774837493896,1.2187905311584473,1.4469038248062134,1.4083131551742554,1.2400996685028076,1.6095770597457886,1.5607044696807861,1.93550443649292,2.011248826980591,2.8762762546539307,2.5280821323394775,2.3452322483062744,2.0739543437957764,2.4034106731414795,2.408388614654541,2.075256824493408,2.099064350128174,2.390904426574707,2.358943223953247,2.3949074745178223,2.735976219177246,2.7074906826019287,3.0624349117279053,3.1390013694763184,2.297260284423828,2.2814507484436035,2.066643714904785,2.002169132232666,1.74540114402771,1.5009714365005493,1.6460893154144287,1.573644757270813,1.8475978374481201,2.222839832305908,2.336108446121216,2.6609716415405273,2.8211379051208496,3.1666858196258545,3.3813750743865967
B10,1.817356824874878,1.749477744102478,1.4513965845108032,1.7125895023345947,1.75811767578125,1.4010015726089478,1.4890203475952148,1.8203434944152832,1.9709495306015015,2.2672863006591797,2.594285011291504,2.645275354385376,2.8628036975860596,3.0174245834350586,3.349414348602295,1.4541484117507935,1.3544909954071045,1.3705363273620605,1.0167945623397827,0.9021477103233337,1.090731143951416,0.9773576855659485,0.7005062699317932,0.4086403548717499,0.0,0.3787861168384552,0.4999462962150574,0.8103049993515015,1.0490655899047852,1.332429051399231,2.3972654342651367,2.2549338340759277,2.1209282875061035,1.7677568197250366,1.8135653734207153,1.8156837224960327,1.5197277069091797,1.1807228326797485,1.3389558792114258,1.290378212928772,1.0521810054779053,1.3918002843856812,1.2781075239181519,1.6311612129211426,1.7111318111419678,3.0313777923583984,2.679291009902954,2.5416178703308105,2.232483148574829,2.5216481685638428,2.5486268997192383,2.1968255043029785,2.1487460136413574,2.432267665863037,2.403430938720703,2.3810274600982666,2.7110908031463623,2.6267645359039307,2.9731695652008057,3.011622428894043,2.677305221557617,2.6553447246551514,2.4188058376312256,2.332051992416382,2.102576732635498,1.8559532165527344,1.9495152235031128,1.8369076251983643,2.106107711791992,2.464919090270996,2.5237526893615723,2.8643646240234375,2.9784653186798096,3.3329594135284424,3.517077922821045
B11,1.8916932344436646,1.7831997871398926,1.5003743171691895,1.8104571104049683,1.890566349029541,1.5790210962295532,1.6747230291366577,1.9931144714355469,2.1935150623321533,2.483630895614624,2.8374648094177246,2.904031991958618,3.1424121856689453,3.3113133907318115,3.643331527709961,1.8269928693771362,1.7099604606628418,1.6883206367492676,1.32012939453125,1.2530628442764282,1.3932875394821167,1.2142060995101929,0.8709344267845154,0.6855793595314026,0.3787861168384552,0.0,0.3686889111995697,0.5017822980880737,0.8233187794685364,1.0639970302581787,2.260206460952759,2.135692834854126,2.065457582473755,1.6949543952941895,1.6894961595535278,1.7567248344421387,1.5014725923538208,1.1296014785766602,1.1748393774032593,1.0390418767929077,0.7349418997764587,1.0519471168518066,0.9108518958091736,1.2721277475357056,1.343725562095642,3.044701099395752,2.710662603378296,2.6047160625457764,2.2659800052642822,2.538097858428955,2.621027946472168,2.28170108795166,2.179281234741211,2.413578987121582,2.3367807865142822,2.2564375400543213,2.592040538787842,2.4702696800231934,2.8224828243255615,2.81744384765625,2.9055159091949463,2.8392183780670166,2.5699198246002197,2.5116941928863525,2.3244781494140625,2.0357167720794678,2.1047403812408447,2.023963212966919,2.3306198120117188,2.665142774581909,2.7017574310302734,3.060737133026123,3.149954080581665,3.5203053951263428,3.673720121383667
B12,2.0369186401367188,1.9904266595840454,1.7465633153915405,2.062405824661255,2.0842816829681396,1.7614250183105469,1.9071331024169922,2.212204694747925,2.373260498046875,2.690688133239746,3.027981996536255,3.0555825233459473,3.2982139587402344,3.4308409690856934,3.778777837753296,1.8705295324325562,1.821651577949524,1.8577535152435303,1.51432204246521,1.3626936674118042,1.522896647453308,1.4258832931518555,1.0913223028182983,0.8010016083717346,0.4999462962150574,0.3686889111995697,0.0,0.38605254888534546,0.5503938794136047,0.8557283878326416,2.6233325004577637,2.4973597526550293,2.4285690784454346,2.054753065109253,2.055311441421509,2.124375343322754,1.864824891090393,1.495529055595398,1.5365769863128662,1.3738197088241577,1.0335867404937744,1.3030492067337036,1.0704892873764038,1.3960400819778442,1.3723022937774658,3.397883176803589,3.0620453357696533,2.940744161605835,2.6128714084625244,2.8957765102386475,2.966134548187256,2.623134136199951,2.5355780124664307,2.779275417327881,2.7045247554779053,2.621488571166992,2.9568169116973877,2.8249192237854004,3.1743202209472656,3.1528003215789795,3.085554361343384,3.0446746349334717,2.8046815395355225,2.76067852973938,2.5333023071289062,2.259949207305908,2.3743414878845215,2.2994863986968994,2.588895082473755,2.943753480911255,3.0009219646453857,3.3488433361053467,3.454676389694214,3.8159844875335693,3.9864320755004883
B13,2.1958909034729004,2.1112420558929443,1.8814464807510376,2.2247817516326904,2.2807531356811523,1.995671272277832,2.134455442428589,2.431175708770752,2.6320886611938477,2.938786268234253,3.2967045307159424,3.342212438583374,3.5978145599365234,3.7465322017669678,4.091714382171631,2.2388367652893066,2.162933349609375,2.170264959335327,1.8094072341918945,1.702878475189209,1.8399817943572998,1.6900190114974976,1.3268018960952759,1.111806869506836,0.8103049993515015,0.5017822980880737,0.38605254888534546,0.0,0.3802756667137146,0.5740739107131958,2.544999361038208,2.4448812007904053,2.436439037322998,2.0606255531311035,2.0096075534820557,2.12980318069458,1.9171533584594727,1.5376217365264893,1.4782512187957764,1.2471935749053955,0.8682505488395691,1.0512841939926147,0.7573467493057251,1.0568028688430786,0.9922822117805481,3.4524130821228027,3.135106325149536,3.045724868774414,2.6956207752227783,2.9557650089263916,3.0719974040985107,2.7416164875030518,2.6064364910125732,2.8048367500305176,2.6924281120300293,2.5554275512695312,2.886139154434204,2.7169482707977295,3.063000440597534,2.9963386058807373,3.3458919525146484,3.2687220573425293,3.000718116760254,2.9745054244995117,2.7852163314819336,2.4822278022766113,2.569241762161255,2.513051748275757,2.8282365798950195,3.160820484161377,3.1945087909698486,3.5570385456085205,3.637646198272705,4.011396884918213,4.152599811553955
