,A1,A2,A3,A4,A5,A6,A7,A8,A9,A10,A11,A12,A13,A14,A15,B1,B2,B3,B4,B5,B6,B7,B8,B9,B10,B11,B12,B13,B14,B15,C1,C2,C3,C4,C5,C6,C7,C8,C9,C10,C11,C12,C13,C14,C15,D1,D2,D3,D4,D5,D6,D7,D8,D9,D10,D11,D12,D13,D14,D15,E1,E2,E3,E4,E5,E6,E7,E8,E9,E10,E11,E12,E13,E14,E15
A1,0.0,0.3945823609828949,0.6035270690917969,0.9331859350204468,1.238435983657837,1.5433180332183838,1.8325616121292114,2.1301429271698,2.434889078140259,2.754565954208374,3.0008203983306885,3.0419178009033203,3.296804189682007,3.5518991947174072,3.9066946506500244,0.6332954168319702,0.6853094100952148,0.818422257900238,1.128204107284546,1.3623424768447876,1.7191002368927002,1.9165942668914795,2.279348611831665,2.530095100402832,2.8646934032440186,3.095529317855835,3.2463207244873047,3.5226950645446777,3.7854437828063965,4.091453552246094,1.0821681022644043,1.1958905458450317,1.1178004741668701,1.4540493488311768,1.525422215461731,1.922971487045288,2.031947612762451,2.4120659828186035,2.664381980895996,2.9574944972991943,3.2314953804016113,3.4114797115325928,3.6139719486236572,3.934197187423706,4.1924920082092285,1.0308477878570557,1.2398555278778076,1.068479061126709,1.4254029989242554,1.4651665687561035,1.8274792432785034,1.9879616498947144,2.2957255840301514,2.6342201232910156,2.8765339851379395,3.1923441886901855,3.2661242485046387,3.4578487873077393,3.7308411598205566,4.007665157318115,0.7238832712173462,0.9506646990776062,0.8005369305610657,1.156657338142395,1.2743881940841675,1.5993993282318115,1.8488359451293945,2.1353182792663574,2.481670618057251,2.735020399093628,3.0325820446014404,3.0894522666931152,3.3057022094726562,3.56923246383667,3.8695671558380127
A2,0.3945823609828949,0.0,0.3747970461845398,0.5925822854042053,0.9455006122589111,1.2198256254196167,1.5164164304733276,1.8114069700241089,2.092317819595337,2.4322164058685303,2.6556708812713623,2.7053468227386475,2.9784622192382812,3.226487636566162,3.5824368000030518,0.8922438621520996,0.7624726891517639,0.8157803416252136,1.020090937614441,1.196793556213379,1.5444165468215942,1.684748888015747,2.0631117820739746,2.273073673248291,2.609287977218628,2.8259646892547607,3.007211923599243,3.2787694931030273,3.5533268451690674,3.84456205368042,1.3125180006027222,1.3295924663543701,1.161992073059082,1.4287614822387695,1.4013113975524902,1.790894865989685,1.8292597532272339,2.2106237411499023,2.444693088531494,2.7085609436035156,2.995631217956543,3.198352813720703,3.375688314437866,3.7146339416503906,3.9503867626190186,1.2196100950241089,1.3325878381729126,1.06173574924469,1.3464412689208984,1.2865231037139893,1.6229263544082642,1.742448329925537,2.024719476699829,2.3758504390716553,2.5823988914489746,2.9154820442199707,2.9837238788604736,3.1484975814819336,3.4303054809570312,3.6932947635650635,0.8425329327583313,0.9288607835769653,0.6696972846984863,0.930711567401886,0.9896440505981445,1.2696995735168457,1.530168056488037,1.7836341857910156,2.145026922225952,2.3802096843719482,2.687378406524658,2.730611562728882,2.9353370666503906,3.1972122192382812,3.4963977336883545
A3,0.6035270690917969,0.3747970461845398,0.0,0.39552173018455505,0.6392321586608887,0.9741333723068237,1.2351760864257812,1.5503475666046143,1.8516287803649902,2.164975166320801,2.4227962493896484,2.4847121238708496,2.7294232845306396,3.0050644874572754,3.3474156856536865,0.846045196056366,0.6350769400596619,0.5298082828521729,0.7019992470741272,0.8303053975105286,1.1939107179641724,1.3380202054977417,1.7157142162322998,1.9526684284210205,2.2780017852783203,2.514925956726074,2.6841490268707275,2.94726824760437,3.22605037689209,3.5191128253936768,1.151655673980713,1.0772449970245361,0.8625397682189941,1.0786036252975464,1.034591555595398,1.4224737882614136,1.4689483642578125,1.8546713590621948,2.0890772342681885,2.3698244094848633,2.647782325744629,2.8429808616638184,3.034602642059326,3.3644988536834717,3.610583782196045,1.1287646293640137,1.138140082359314,0.8219277858734131,1.0668927431106567,0.9729243516921997,1.333341121673584,1.4290454387664795,1.7449955940246582,2.073423385620117,2.29738450050354,2.6232924461364746,2.718923330307007,2.897805690765381,3.1905925273895264,3.453274965286255,0.9225175380706787,0.8890851736068726,0.5433995723724365,0.7665980458259583,0.732394278049469,1.0724601745605469,1.2711814641952515,1.5717252492904663,1.9145727157592773,2.1605446338653564,2.4627456665039062,2.548069715499878,2.7560622692108154,3.041863203048706,3.3270504474639893
A4,0.9331859350204468,0.5925822854042053,0.39552173018455505,0.0,0.39401325583457947,0.6293761730194092,0.9313638210296631,1.2194302082061768,1.5056992769241333,1.8399815559387207,2.070404052734375,2.1251134872436523,2.3913629055023193,2.6511499881744385,3.0000064373016357,1.178164005279541,0.8782030940055847,0.7780923843383789,0.7415578365325928,0.7929196357727051,1.0825515985488892,1.1544363498687744,1.5340957641601562,1.7047241926193237,2.0432581901550293,2.2468173503875732,2.445891857147217,2.713606595993042,2.9939520359039307,3.274740695953369,1.5074304342269897,1.3659214973449707,1.1294474601745605,1.2328600883483887,1.087748408317566,1.4276635646820068,1.368604063987732,1.750327706336975,1.9346727132797241,2.183311700820923,2.4621312618255615,2.6937901973724365,2.861128568649292,3.208948850631714,3.426344156265259,1.4947410821914673,1.4491320848464966,1.093719244003296,1.230466365814209,1.0075241327285767,1.3077057600021362,1.30984365940094,1.5916011333465576,1.9192140102386475,2.083056926727295,2.4346659183502197,2.5374691486358643,2.673198699951172,2.9862680435180664,3.2223076820373535,1.2522658109664917,1.1549615859985352,0.785930871963501,0.8272568583488464,0.6354769468307495,0.8688330054283142,1.036306381225586,1.278968334197998,1.6488090753555298,1.8485990762710571,2.176833152770996,2.254924774169922,2.4316020011901855,2.727147340774536,3.001373291015625
A5,1.238435983657837,0.9455006122589111,0.6392321586608887,0.39401325583457947,0.0,0.3966197669506073,0.5984051823616028,0.9258164167404175,1.2283786535263062,1.5287277698516846,1.7996909618377686,1.8783762454986572,2.1096508502960205,2.4045939445495605,2.73288631439209,1.349266529083252,1.032860279083252,0.8142406344413757,0.6474354267120361,0.5091814398765564,0.7586227655410767,0.7706628441810608,1.1591006517410278,1.346487045288086,1.6680543422698975,1.8964459896087646,2.093343734741211,2.3455450534820557,2.6379339694976807,2.914517641067505,1.546910285949707,1.3229477405548096,1.0534167289733887,1.0290377140045166,0.8066471219062805,1.0921519994735718,0.98906409740448,1.3703619241714478,1.5413110256195068,1.7983894348144531,2.0711982250213623,2.3019821643829346,2.477044105529785,2.8202662467956543,3.0424768924713135,1.5761924982070923,1.431999683380127,1.0684394836425781,1.0928051471710205,0.7911328077316284,1.0604058504104614,0.9855514764785767,1.2936071157455444,1.585194706916809,1.7541389465332031,2.1005842685699463,2.23660945892334,2.3798513412475586,2.7067880630493164,2.936903238296509,1.459572672843933,1.2798811197280884,0.9127585887908936,0.8486295342445374,0.5121075510978699,0.7336280941963196,0.7617127299308777,1.0518172979354858,1.3873871564865112,1.5911035537719727,1.9110727310180664,2.0404703617095947,2.2161688804626465,2.5372517108917236,2.7912604808807373
A6,1.5433180332183838,1.2198256254196167,0.9741333723068237,0.6293761730194092,0.3966197669506073,0.0,0.3849398195743561,0.5926645398139954,0.9094932675361633,1.222008228302002,1.4645875692367554,1.5106374025344849,1.7637572288513184,2.035465955734253,2.377000331878662,1.6514052152633667,1.2941468954086304,1.1351779699325562,0.8699915409088135,0.7412341237068176,0.7966320514678955,0.7232683897018433,1.0532565116882324,1.1282669305801392,1.477324366569519,1.6425437927246094,1.8643683195114136,2.133413553237915,2.411843776702881,2.680509328842163,1.9067622423171997,1.6547772884368896,1.4154033660888672,1.332974910736084,1.0928828716278076,1.2875698804855347,1.0808271169662476,1.422637939453125,1.496673583984375,1.7162221670150757,1.9638738632202148,2.2413313388824463,2.395691394805908,2.748103141784668,2.9362070560455322,1.9715168476104736,1.8237392902374268,1.4612680673599243,1.4494796991348267,1.10575532913208,1.2901784181594849,1.1065268516540527,1.3504282236099243,1.6031149625778198,1.6825343370437622,2.0506200790405273,2.207596778869629,2.2913997173309326,2.644392490386963,2.8324081897735596,1.8262159824371338,1.6506117582321167,1.2844817638397217,1.1740007400512695,0.8067156672477722,0.8530094027519226,0.7784873843193054,0.9381399750709534,1.2835266590118408,1.3908579349517822,1.7484354972839355,1.8813183307647705,1.9968690872192383,2.338606119155884,2.5646896362304688
A7,1.8325616121292114,1.5164164304733276,1.2351760864257812,0.9313638210296631,0.5984051823616028,0.3849398195743561,0.0,0.3934091031551361,0.6487199068069458,0.9395560026168823,1.2171999216079712,1.3336224555969238,1.5525851249694824,1.86934494972229,2.1756575107574463,1.9183396100997925,1.581692099571228,1.354688048362732,1.0841401815414429,0.8192781209945679,0.7909112572669983,0.5352131128311157,0.834904670715332,0.8776074647903442,1.1694550514221191,1.3718318939208984,1.6226367950439453,1.847657561302185,2.1598477363586426,2.4033772945404053,2.062790870666504,1.7840240001678467,1.5123783349990845,1.34943687915802,1.0360409021377563,1.120530366897583,0.82635897397995,1.1108651161193848,1.1626222133636475,1.3452270030975342,1.6100119352340698,1.8875999450683594,2.022002935409546,2.382214069366455,2.5624399185180664,2.0970754623413086,1.884572148323059,1.531606674194336,1.4180864095687866,1.0358598232269287,1.1126528978347778,0.8397746682167053,1.0425103902816772,1.251393437385559,1.3099781274795532,1.6758909225463867,1.8509312868118286,1.9336539506912231,2.293999671936035,2.477015495300293,2.005791425704956,1.7665646076202393,1.4283812046051025,1.2333136796951294,0.8393181562423706,0.7883033752441406,0.5467642545700073,0.6910493969917297,0.9700401425361633,1.0816404819488525,1.4199469089508057,1.5975151062011719,1.721818447113037,2.0774784088134766,2.289827823638916
A8,2.1301429271698,1.8114069700241089,1.5503475666046143,1.2194302082061768,0.9258164167404175,0.5926645398139954,0.3934091031551361,0.0,0.3985205292701721,0.6360098123550415,0.907667875289917,0.9641476273536682,1.1859769821166992,1.4886248111724854,1.8080633878707886,2.1812744140625,1.8183789253234863,1.6324827671051025,1.305882215499878,1.0864884853363037,0.9260276556015015,0.6722447276115417,0.8002491593360901,0.6708146929740906,0.9910510778427124,1.0947226285934448,1.3611758947372437,1.611862063407898,1.8949658870697021,2.1361191272735596,2.3690197467803955,2.06502366065979,1.8318750858306885,1.6373927593231201,1.3563677072525024,1.3823186159133911,1.0585367679595947,1.2733265161514282,1.195918321609497,1.3408986330032349,1.5385721921920776,1.8618264198303223,1.9861218929290771,2.3369603157043457,2.483339309692383,2.4608981609344482,2.251574993133545,1.9048150777816772,1.795080304145813,1.4167592525482178,1.4701570272445679,1.152330756187439,1.295850157737732,1.4238293170928955,1.3867985010147095,1.7460739612579346,1.9554088115692139,1.9751801490783691,2.357163429260254,2.485933780670166,2.3711977005004883,2.149811029434204,1.80268132686615,1.62029230594635,1.2276808023452759,1.1415027379989624,0.8777086138725281,0.8769854307174683,1.0931024551391602,1.0587502717971802,1.4153417348861694,1.6121351718902588,1.649162769317627,2.0294268131256104,2.190065383911133
A9,2.434889078140259,2.092317819595337,1.8516287803649902,1.5056992769241333,1.2283786535263062,0.9094932675361633,0.6487199068069458,0.3985205292701721,0.0,0.40413668751716614,0.5768483281135559,0.7461223602294922,0.9964322447776794,1.2981812953948975,1.5880409479141235,2.539674758911133,2.184072494506836,1.986756443977356,1.6824305057525635,1.4338009357452393,1.2873085737228394,0.9738776683807373,1.0392786264419556,0.8059698343276978,0.9886922240257263,1.0433955192565918,1.3740814924240112,1.5556837320327759,1.8603768348693848,2.0404534339904785,2.7053639888763428,2.4110279083251953,2.1499128341674805,1.948909878730774,1.6265467405319214,1.6047216653823853,1.2377182245254517,1.356669306755066,1.2414523363113403,1.2594482898712158,1.4673515558242798,1.7998089790344238,1.849791407585144,2.2170004844665527,2.311044931411743,2.7366795539855957,2.5112969875335693,2.161776542663574,2.00540828704834,1.6129904985427856,1.5747740268707275,1.2308791875839233,1.2497235536575317,1.3350005149841309,1.1890662908554077,1.5455585718154907,1.7358182668685913,1.6918996572494507,2.0767202377319336,2.17034649848938,2.615525007247925,2.36253023147583,2.037907600402832,1.794843316078186,1.4191148281097412,1.2238043546676636,0.9327470660209656,0.7675042152404785,0.8852875232696533,0.7294784784317017,1.086753010749817,1.2789069414138794,1.2712410688400269,1.657798171043396,1.7993528842926025
A10,2.754565954208374,2.4322164058685303,2.164975166320801,1.8399815559387207,1.5287277698516846,1.222008228302002,0.9395560026168823,0.6360098123550415,0.40413668751716614,0.0,0.3870532512664795,0.558251678943634,0.6687846183776855,1.031322717666626,1.2743103504180908,2.7916738986968994,2.43485689163208,2.226055383682251,1.892180323600769,1.6280760765075684,1.396799087524414,1.0782252550125122,0.9875950813293457,0.6427170634269714,0.7092554569244385,0.6748043894767761,1.0242409706115723,1.1793842315673828,1.477150559425354,1.6412250995635986,2.9180831909179688,2.592458963394165,2.355462074279785,2.100726842880249,1.7976467609405518,1.695872187614441,1.3242483139038086,1.3547697067260742,1.1259855031967163,1.0988709926605225,1.2139134407043457,1.5686978101730347,1.6164625883102417,1.9566538333892822,2.0293257236480713,2.9994823932647705,2.746030569076538,2.417356252670288,2.2340035438537598,1.8537548780441284,1.7907274961471558,1.4150714874267578,1.4174648523330688,1.390754222869873,1.1986634731292725,1.4982277154922485,1.7444565296173096,1.6740834712982178,2.065619468688965,2.1127164363861084,2.9397456645965576,2.6792755126953125,2.3573405742645264,2.1207165718078613,1.7389637231826782,1.5696274042129517,1.2355256080627441,1.0960969924926758,1.098686933517456,0.8852424621582031,1.1539815664291382,1.4103132486343384,1.3430458307266235,1.738497018814087,1.8050768375396729
A11,3.0008203983306885,2.6556708812713623,2.4227962493896484,2.070404052734375,1.7996909618377686,1.4645875692367554,1.2171999216079712,0.907667875289917,0.5768483281135559,0.3870532512664795,0.0,0.3638734519481659,0.5553466081619263,0.8231213688850403,1.0573989152908325,3.0881972312927246,2.7236664295196533,2.536752462387085,2.209240674972534,1.9649755954742432,1.7557073831558228,1.4437141418457031,1.3731272220611572,1.0174906253814697,1.0412667989730835,0.9117807745933533,1.2564893960952759,1.3662056922912598,1.6266422271728516,1.7274447679519653,3.252762794494629,2.9400665760040283,2.6936588287353516,2.4600045680999756,2.145087242126465,2.0595173835754395,1.6808780431747437,1.696770191192627,1.4713053703308105,1.3707083463668823,1.471814513206482,1.8186486959457397,1.799663782119751,2.1352033615112305,2.144172430038452,3.3036201000213623,3.0636067390441895,2.7226243019104004,2.5421719551086426,2.1530444622039795,2.0678870677948,1.702183723449707,1.6421782970428467,1.618026852607727,1.3497250080108643,1.630186676979065,1.834686279296875,1.685654640197754,2.063822031021118,2.0573008060455322,3.1906232833862305,2.9310250282287598,2.612325668334961,2.3563318252563477,1.9872653484344482,1.762906789779663,1.4615941047668457,1.2273075580596924,1.2013424634933472,0.8770295977592468,1.117548942565918,1.3146518468856812,1.1501673460006714,1.5301308631896973,1.553225040435791
A12,3.0419178009033203,2.7053468227386475,2.4847121238708496,2.1251134872436523,1.8783762454986572,1.5106374025344849,1.3336224555969238,0.9641476273536682,0.7461223602294922,0.558251678943634,0.3638734519481659,0.0,0.3806094825267792,0.5609803199768066,0.8913348913192749,3.098073720932007,2.719390392303467,2.571805477142334,2.219792604446411,2.026228666305542,1.7841578722000122,1.5290347337722778,1.4321285486221313,1.055684208869934,1.1462208032608032,0.9269238710403442,1.2180891036987305,1.3937031030654907,1.5809837579727173,1.7118936777114868,3.3161985874176025,2.9945549964904785,2.782193899154663,2.553511619567871,2.2757394313812256,2.212702751159668,1.8527436256408691,1.9082170724868774,1.6603964567184448,1.6187114715576172,1.6694586277008057,2.0288987159729004,2.0490505695343018,2.3584485054016113,2.3723490238189697,3.423886299133301,3.204742908477783,2.8609747886657715,2.7187883853912354,2.332710027694702,2.299957275390625,1.9375265836715698,1.931917428970337,1.9243766069412231,1.6869134902954102,1.9695123434066772,2.189377784729004,2.046971559524536,2.4250478744506836,2.408377170562744,3.3093299865722656,3.0819544792175293,2.7420291900634766,2.525472640991211,2.1447255611419678,1.9603898525238037,1.6786412000656128,1.4787039756774902,1.5176420211791992,1.2141144275665283,1.4775145053863525,1.6563085317611694,1.4725781679153442,1.8383342027664185,1.8418869972229004
A13,3.296804189682007,2.9784622192382812,2.7294232845306396,2.3913629055023193,2.1096508502960205,1.7637572288513184,1.5525851249694824,1.1859769821166992,0.9964322447776794,0.6687846183776855,0.5553466081619263,0.3806094825267792,0.0,0.4013547897338867,0.6311519742012024,3.2968196868896484,2.9232776165008545,2.758134365081787,2.391810417175293,2.180030345916748,1.8899654150009155,1.6364305019378662,1.4485923051834106,1.048144817352295,1.033288598060608,0.7198220491409302,0.963901698589325,1.0970556735992432,1.2428789138793945,1.349081039428711,3.469611167907715,3.1256613731384277,2.9304392337799072,2.662099599838257,2.3998987674713135,2.2805564403533936,1.9292266368865967,1.9256166219711304,1.6159942150115967,1.5508137941360474,1.5142500400543213,1.8664851188659668,1.8884618282318115,2.154853582382202,2.1506409645080566,3.6130363941192627,3.3689262866973877,3.043928384780884,2.878669500350952,2.5041627883911133,2.4543838500976562,2.0754332542419434,2.066884756088257,1.9898793697357178,1.7439312934875488,1.9734842777252197,2.2301852703094482,2.084538221359253,2.456669807434082,2.410612106323242,3.554644823074341,3.316802740097046,2.9805774688720703,2.766031503677368,2.3790736198425293,2.2152764797210693,1.8973432779312134,1.7275491952896118,1.7088006734848022,1.410054326057434,1.6110166311264038,1.836988091468811,1.6426856517791748,2.003211736679077,1.9549328088760376
A14,3.5518991947174072,3.226487636566162,3.0050644874572754,2.6511499881744385,2.4045939445495605,2.035465955734253,1.86934494972229,1.4886248111724854,1.2981812953948975,1.031322717666626,0.8231213688850403,0.5609803199768066,0.4013547897338867,0.0,0.39357247948646545,3.5666093826293945,3.1840875148773193,3.0521068572998047,2.6814637184143066,2.5046892166137695,2.2181384563446045,1.9905484914779663,1.8155726194381714,1.419097661972046,1.426599383354187,1.0901604890823364,1.2737584114074707,1.3984452486038208,1.4584275484085083,1.523048758506775,3.7890028953552246,3.449833393096924,3.2653648853302,3.013233184814453,2.7601163387298584,2.6624646186828613,2.313321352005005,2.3244922161102295,2.016819477081299,1.9445607662200928,1.8941043615341187,2.2386863231658936,2.241387128829956,2.4881789684295654,2.447861671447754,3.9416098594665527,3.7161269187927246,3.3821957111358643,3.2367639541625977,2.8575053215026855,2.8194472789764404,2.4459993839263916,2.4300122261047363,2.367187023162842,2.1002073287963867,2.3246285915374756,2.561344623565674,2.379072904586792,2.737534999847412,2.6557259559631348,3.850311040878296,3.629258632659912,3.285248279571533,3.0784666538238525,2.6938254833221436,2.518721580505371,2.2261576652526855,2.0263073444366455,2.0236189365386963,1.6915688514709473,1.8868837356567383,2.0665199756622314,1.8183857202529907,2.1449437141418457,2.0569496154785156
A15,3.9066946506500244,3.5824368000030518,3.3474156856536865,3.0000064373016357,2.73288631439209,2.377000331878662,2.1756575107574463,1.8080633878707886,1.5880409479141235,1.2743103504180908,1.0573989152908325,0.8913348913192749,0.6311519742012024,0.39357247948646545,0.0,3.909259796142578,3.531424045562744,3.380495071411133,3.0091850757598877,2.8081212043762207,2.5078189373016357,2.2624125480651855,2.048569917678833,1.6495180130004883,1.565970540046692,1.210633397102356,1.3499287366867065,1.3766911029815674,1.3880729675292969,1.3581371307373047,4.094533920288086,3.7462027072906494,3.558800458908081,3.283630132675171,3.024752140045166,2.8863062858581543,2.5356528759002686,2.4908719062805176,2.154062271118164,2.028153896331787,1.924989104270935,2.2413582801818848,2.205470561981201,2.409111261367798,2.318589448928833,4.243955612182617,3.99760365486145,3.6733272075653076,3.499987840652466,3.124664783477783,3.0525054931640625,2.670729875564575,2.6207339763641357,2.505948066711426,2.2095322608947754,2.378269910812378,2.6177546977996826,2.4072351455688477,2.741239070892334,2.613250255584717,4.1755170822143555,3.9364511966705322,3.601905584335327,3.3777713775634766,2.9951515197753906,2.8067352771759033,2.493922472000122,2.2835869789123535,2.2216296195983887,1.8746881484985352,2.001175880432129,2.1902456283569336,1.9153355360031128,2.2106809616088867,2.061584711074829
B1,0.6332954168319702,0.8922438621520996,0.846045196056366,1.178164005279541,1.349266529083252,1.6514052152633667,1.9183396100997925,2.1812744140625,2.539674758911133,2.7916738986968994,3.0881972312927246,3.098073720932007,3.2968196868896484,3.5666093826293945,3.909259796142578,0.0,0.3906906545162201,0.5945596098899841,0.9237543940544128,1.2355650663375854,1.5345782041549683,1.8300893306732178,2.130030632019043,2.4323554039001465,2.765220880508423,2.9997265338897705,3.0826191902160645,3.372089385986328,3.596712350845337,3.929326057434082,0.6839309334754944,0.7584483623504639,0.8794097900390625,1.1939430236816406,1.4159541130065918,1.7796114683151245,1.9625235795974731,2.3373489379882812,2.5629334449768066,2.913088083267212,3.131136178970337,3.292410135269165,3.5491530895233154,3.828643560409546,4.117489337921143,1.0346808433532715,1.195107102394104,1.112594723701477,1.4692628383636475,1.5501594543457031,1.9452130794525146,2.0709633827209473,2.435912847518921,2.7141153812408447,2.9843733310699463,3.280170440673828,3.410829544067383,3.624192237854004,3.9162378311157227,4.187074661254883,1.1123201847076416,1.2908989191055298,1.126268744468689,1.478837490081787,1.5086590051651,1.887546420097351,2.036262273788452,2.3696861267089844,2.6900720596313477,2.9336588382720947,3.233572006225586,3.355079412460327,3.5563600063323975,3.860274314880371,4.131082057952881
B2,0.6853094100952148,0.7624726891517639,0.6350769400596619,0.8782030940055847,1.032860279083252,1.2941468954086304,1.581692099571228,1.8183789253234863,2.184072494506836,2.43485689163208,2.7236664295196533,2.719390392303467,2.9232776165008545,3.1840875148773193,3.531424045562744,0.3906906545162201,0.0,0.3754129409790039,0.5944240689277649,0.9485388398170471,1.224230170249939,1.5173057317733765,1.8199557065963745,2.0940637588500977,2.44559383392334,2.658257007598877,2.752786874771118,3.0541038513183594,3.2763304710388184,3.6074743270874023,0.9196012616157532,0.8277196288108826,0.8587380647659302,1.0851701498031616,1.240613579750061,1.6014952659606934,1.7229536771774292,2.1124448776245117,2.301630735397339,2.6454250812530518,2.858354330062866,3.0498921871185303,3.298936605453491,3.5910894870758057,3.863253116607666,1.2362850904464722,1.3041861057281494,1.1155974864959717,1.4159801006317139,1.3962647914886475,1.7877418994903564,1.850466251373291,2.2142083644866943,2.488215208053589,2.7240068912506104,3.038896083831787,3.1853926181793213,3.371347665786743,3.683567762374878,3.934187412261963,1.2379202842712402,1.3321404457092285,1.0677521228790283,1.356179118156433,1.293173909187317,1.6495325565338135,1.765491008758545,2.0782392024993896,2.4106574058532715,2.6223976612091064,2.9406585693359375,3.06839919090271,3.244673252105713,3.5617144107818604,3.819044351577759
B3,0.818422257900238,0.8157803416252136,0.5298082828521729,0.7780923843383789,0.8142406344413757,1.1351779699325562,1.354688048362732,1.6324827671051025,1.986756443977356,2.226055383682251,2.536752462387085,2.571805477142334,2.758134365081787,3.0521068572998047,3.380495071411133,0.5945596098899841,0.3754129409790039,0.0,0.3958238363265991,0.6448798179626465,0.9752600789070129,1.243442177772522,1.560593843460083,1.865745186805725,2.187455654144287,2.4370317459106445,2.5390748977661133,2.813339948654175,3.0607364177703857,3.3804469108581543,0.8079580664634705,0.6202684640884399,0.5310701727867126,0.7315075397491455,0.8694640398025513,1.2372963428497314,1.3798197507858276,1.763455867767334,1.9799972772598267,2.3235087394714355,2.5483009815216064,2.7207765579223633,2.9677343368530273,3.257922887802124,3.537097215652466,1.076088309288025,1.0404826402664185,0.8164651393890381,1.0714062452316284,1.0481945276260376,1.440537929534912,1.5108720064163208,1.885212779045105,2.147167682647705,2.406189441680908,2.7054672241210938,2.853782892227173,3.058683156967163,3.3633174896240234,3.6229090690612793,1.161990761756897,1.152442216873169,0.8696309328079224,1.1118823289871216,1.0258592367172241,1.4042915105819702,1.4898436069488525,1.835732102394104,2.1381735801696777,2.377256393432617,2.672356605529785,2.819146156311035,3.015608310699463,3.3335072994232178,3.590513229370117
B4,1.128204107284546,1.020090937614441,0.7019992470741272,0.7415578365325928,0.6474354267120361,0.8699915409088135,1.0841401815414429,1.305882215499878,1.6824305057525635,1.892180323600769,2.209240674972534,2.219792604446411,2.391810417175293,2.6814637184143066,3.0091850757598877,0.9237543940544128,0.5944240689277649,0.3958238363265991,0.0,0.3961319029331207,0.6310946941375732,0.932131826877594,1.225706696510315,1.5098705291748047,1.8534647226333618,2.076968193054199,2.1732566356658936,2.4648001194000244,2.698981761932373,3.0238001346588135,1.146959662437439,0.862072765827179,0.7646153569221497,0.7595880031585693,0.8162075877189636,1.121863603591919,1.1866804361343384,1.5753284692764282,1.7258926630020142,2.0748844146728516,2.272796630859375,2.4773318767547607,2.728761911392212,3.02048659324646,3.28627347946167,1.439085602760315,1.336158037185669,1.0716277360916138,1.2163584232330322,1.0761370658874512,1.4308438301086426,1.396675944328308,1.7703282833099365,1.9983080625534058,2.215291976928711,2.527517795562744,2.710252046585083,2.8848519325256348,3.2155048847198486,3.4465551376342773,1.5037785768508911,1.437496542930603,1.1059436798095703,1.2398567199707031,1.0242280960083008,1.3465384244918823,1.3450223207473755,1.663617491722107,1.9619630575180054,2.152433156967163,2.4655799865722656,2.637674570083618,2.797165632247925,3.138702630996704,3.3688628673553467
B5,1.3623424768447876,1.196793556213379,0.8303053975105286,0.7929196357727051,0.5091814398765564,0.7412341237068176,0.8192781209945679,1.0864884853363037,1.4338009357452393,1.6280760765075684,1.9649755954742432,2.026228666305542,2.180030345916748,2.5046892166137695,2.8081212043762207,1.2355650663375854,0.9485388398170471,0.6448798179626465,0.3961319029331207,0.0,0.39755022525787354,0.6017135977745056,0.9341360926628113,1.2436060905456543,1.548317551612854,1.814385175704956,1.9339247941970825,2.189467668533325,2.459467649459839,2.7640326023101807,1.2948622703552246,0.9796597361564636,0.7658162713050842,0.6109232306480408,0.49846264719963074,0.7667001485824585,0.7927991151809692,1.1850683689117432,1.356329321861267,1.6974315643310547,1.9162406921386719,2.1117515563964844,2.351832151412964,2.651283025741577,2.916511058807373,1.486661672592163,1.286950707435608,0.9935560822486877,1.0054987668991089,0.7901061177253723,1.0982146263122559,1.021736741065979,1.4008194208145142,1.608556866645813,1.8365262746810913,2.138611316680908,2.3274333477020264,2.512155771255493,2.840053081512451,3.0741238594055176,1.577322244644165,1.411835789680481,1.0845731496810913,1.1012511253356934,0.8215157985687256,1.1106970310211182,1.0355803966522217,1.377493143081665,1.6334211826324463,1.8439995050430298,2.1318700313568115,2.326606273651123,2.5012869834899902,2.8439910411834717,3.0696496963500977
B6,1.7191002368927002,1.5444165468215942,1.1939107179641724,1.0825515985488892,0.7586227655410767,0.7966320514678955,0.7909112572669983,0.9260276556015015,1.2873085737228394,1.396799087524414,1.7557073831558228,1.7841578722000122,1.8899654150009155,2.2181384563446045,2.5078189373016357,1.5345782041549683,1.224230170249939,0.9752600789070129,0.6310946941375732,0.39755022525787354,0.0,0.38584455847740173,0.5983641147613525,0.917253851890564,1.2375540733337402,1.479792594909668,1.5653941631317139,1.840796947479248,2.087463140487671,2.4053921699523926,1.5974736213684082,1.2388538122177124,1.0914865732192993,0.8345199227333069,0.7314210534095764,0.8102330565452576,0.7502321004867554,1.0914955139160156,1.147977590560913,1.5095161199569702,1.6669081449508667,1.889495849609375,2.1508281230926514,2.4332852363586426,2.6919407844543457,1.8576223850250244,1.6359971761703491,1.366838812828064,1.3247259855270386,1.0797910690307617,1.3040707111358643,1.119593858718872,1.4694652557373047,1.5965811014175415,1.7754685878753662,2.068882942199707,2.3070082664489746,2.462566375732422,2.8127126693725586,3.0113604068756104,1.9745618104934692,1.8035475015640259,1.4755574464797974,1.4526249170303345,1.1255592107772827,1.328940749168396,1.1482868194580078,1.432464599609375,1.6456584930419922,1.7888697385787964,2.078749179840088,2.3143956661224365,2.4424045085906982,2.810272693634033,2.994828224182129
B7,1.9165942668914795,1.684748888015747,1.3380202054977417,1.1544363498687744,0.7706628441810608,0.7232683897018433,0.5352131128311157,0.6722447276115417,0.9738776683807373,1.0782252550125122,1.4437141418457031,1.5290347337722778,1.6364305019378662,1.9905484914779663,2.2624125480651855,1.8300893306732178,1.5173057317733765,1.243442177772522,0.932131826877594,0.6017135977745056,0.38584455847740173,0.0,0.39664560556411743,0.6661258339881897,0.9543875455856323,1.229034423828125,1.3811687231063843,1.6167433261871338,1.9115169048309326,2.1950762271881104,1.8639293909072876,1.5236523151397705,1.3049876689910889,1.0306912660598755,0.7802720069885254,0.7571960687637329,0.5168671607971191,0.82626873254776,0.856679379940033,1.174349308013916,1.3718806505203247,1.6175001859664917,1.8396791219711304,2.1520462036132812,2.387850761413574,2.0191617012023926,1.7606186866760254,1.4648884534835815,1.3323533535003662,1.0134906768798828,1.1286931037902832,0.854907214641571,1.1553694009780884,1.2588196992874146,1.4018218517303467,1.7061448097229004,1.94736647605896,2.0853402614593506,2.4420700073242188,2.631406784057617,2.0900444984436035,1.859529972076416,1.5380421876907349,1.413638949394226,1.047454595565796,1.1435524225234985,0.8769053220748901,1.1222819089889526,1.2910513877868652,1.4237611293792725,1.7008601427078247,1.95028817653656,2.0776102542877197,2.446479320526123,2.6248645782470703
B8,2.279348611831665,2.0631117820739746,1.7157142162322998,1.5340957641601562,1.1591006517410278,1.0532565116882324,0.834904670715332,0.8002491593360901,1.0392786264419556,0.9875950813293457,1.3731272220611572,1.4321285486221313,1.4485923051834106,1.8155726194381714,2.048569917678833,2.130030632019043,1.8199557065963745,1.560593843460083,1.225706696510315,0.9341360926628113,0.5983641147613525,0.39664560556411743,0.0,0.40086114406585693,0.6468366384506226,0.9222739338874817,1.0157086849212646,1.2557741403579712,1.5340741872787476,1.8307774066925049,2.1330137252807617,1.7650781869888306,1.593777060508728,1.2657753229141235,1.0689258575439453,0.9182182550430298,0.6827535033226013,0.8264420628547668,0.6808480024337769,1.0161556005477905,1.1105670928955078,1.3742722272872925,1.6286205053329468,1.9064687490463257,2.141655921936035,2.345125436782837,2.0668156147003174,1.8038578033447266,1.646686315536499,1.3530024290084839,1.4149210453033447,1.1037486791610718,1.345866322517395,1.335697054862976,1.4299030303955078,1.6887397766113281,1.981419324874878,2.0969913005828857,2.461310386657715,2.6130871772766113,2.4659578800201416,2.234898328781128,1.9232724905014038,1.797614336013794,1.435497760772705,1.4994488954544067,1.1868268251419067,1.3665199279785156,1.4547793865203857,1.5177428722381592,1.760949969291687,2.054497241973877,2.136338949203491,2.5187275409698486,2.6467580795288086
B9,2.530095100402832,2.273073673248291,1.9526684284210205,1.7047241926193237,1.346487045288086,1.1282669305801392,0.8776074647903442,0.6708146929740906,0.8059698343276978,0.6427170634269714,1.0174906253814697,1.055684208869934,1.048144817352295,1.419097661972046,1.6495180130004883,2.4323554039001465,2.0940637588500977,1.865745186805725,1.5098705291748047,1.2436060905456543,0.917253851890564,0.6661258339881897,0.40086114406585693,0.0,0.40743082761764526,0.5723707675933838,0.7529919743537903,1.0132949352264404,1.2960240840911865,1.571696162223816,2.496493339538574,2.1355812549591064,1.9533575773239136,1.6467971801757812,1.4179381132125854,1.275717854499817,0.9727191925048828,1.042840838432312,0.7882548570632935,0.9849103093147278,1.037580966949463,1.3677120208740234,1.5629199743270874,1.8546000719070435,2.0296757221221924,2.6837964057922363,2.4149672985076904,2.1264688968658447,1.9617586135864258,1.629094123840332,1.64364492893219,1.2870832681655884,1.4392448663711548,1.3977328538894653,1.3737833499908447,1.6420114040374756,1.9425110816955566,1.9852871894836426,2.3672971725463867,2.4688313007354736,2.742549180984497,2.5048108100891113,2.1795997619628906,2.0162155628204346,1.632015585899353,1.609178066253662,1.2692426443099976,1.3316643238067627,1.3874281644821167,1.3424936532974243,1.5931830406188965,1.889540195465088,1.9056459665298462,2.2983460426330566,2.387817859649658
B10,2.8646934032440186,2.609287977218628,2.2780017852783203,2.0432581901550293,1.6680543422698975,1.477324366569519,1.1694550514221191,0.9910510778427124,0.9886922240257263,0.7092554569244385,1.0412667989730835,1.1462208032608032,1.033288598060608,1.426599383354187,1.565970540046692,2.765220880508423,2.44559383392334,2.187455654144287,1.8534647226333618,1.548317551612854,1.2375540733337402,0.9543875455856323,0.6468366384506226,0.40743082761764526,0.0,0.38790902495384216,0.576420783996582,0.695206880569458,1.04535973072052,1.2715264558792114,2.7576346397399902,2.3944497108459473,2.2006382942199707,1.8628932237625122,1.6172964572906494,1.3869037628173828,1.079045295715332,0.9908522963523865,0.6274176836013794,0.7053422331809998,0.6641249060630798,1.0123745203018188,1.1902941465377808,1.4677987098693848,1.6293978691101074,2.917583465576172,2.613992691040039,2.3478641510009766,2.1272571086883545,1.8078047037124634,1.7428808212280273,1.3715159893035889,1.4447208642959595,1.2934073209762573,1.222977638244629,1.4170122146606445,1.7492246627807617,1.7795748710632324,2.1492152214050293,2.223231077194214,3.009357213973999,2.7393798828125,2.440974712371826,2.241549253463745,1.8733941316604614,1.8127810955047607,1.4407153129577637,1.4671931266784668,1.4097288846969604,1.3409963846206665,1.501612901687622,1.8361066579818726,1.840515375137329,2.2203450202941895,2.2691140174865723
B11,3.095529317855835,2.8259646892547607,2.514925956726074,2.2468173503875732,1.8964459896087646,1.6425437927246094,1.3718318939208984,1.0947226285934448,1.0433955192565918,0.6748043894767761,0.9117807745933533,0.9269238710403442,0.7198220491409302,1.0901604890823364,1.210633397102356,2.9997265338897705,2.658257007598877,2.4370317459106445,2.076968193054199,1.814385175704956,1.479792594909668,1.229034423828125,0.9222739338874817,0.5723707675933838,0.38790902495384216,0.0,0.36076343059539795,0.5391861200332642,0.8203157186508179,1.042209267616272,3.0529730319976807,2.685199737548828,2.509084701538086,2.183577299118042,1.9516315460205078,1.7512022256851196,1.4404994249343872,1.3768255710601807,1.0123875141143799,1.0246217250823975,0.9120224118232727,1.261549472808838,1.3904433250427246,1.6335159540176392,1.7288846969604492,3.2380073070526123,2.952559232711792,2.6721606254577637,2.4747331142425537,2.1406047344207764,2.089428186416626,1.7109813690185547,1.7623038291931152,1.619092583656311,1.477636694908142,1.6669508218765259,1.9903135299682617,1.9541798830032349,2.3272531032562256,2.3462750911712646,3.297703742980957,3.043527603149414,2.7265520095825195,2.5319325923919678,2.1496872901916504,2.0654056072235107,1.7025068998336792,1.6662347316741943,1.6178884506225586,1.457613468170166,1.6272344589233398,1.9428133964538574,1.870400309562683,2.251163959503174,2.2510507106781006
B12,3.2463207244873047,3.007211923599243,2.6841490268707275,2.445891857147217,2.093343734741211,1.8643683195114136,1.6226367950439453,1.3611758947372437,1.3740814924240112,1.0242409706115723,1.2564893960952759,1.2180891036987305,0.963901698589325,1.2737584114074707,1.3499287366867065,3.0826191902160645,2.752786874771118,2.5390748977661133,2.1732566356658936,1.9339247941970825,1.5653941631317139,1.3811687231063843,1.0157086849212646,0.7529919743537903,0.576420783996582,0.36076343059539795,0.0,0.38336554169654846,0.5490447282791138,0.8606719970703125,3.112391233444214,2.73012375831604,2.5961339473724365,2.2501044273376465,2.070709705352783,1.8465685844421387,1.5894598960876465,1.513315200805664,1.1318182945251465,1.1979771852493286,0.9897542595863342,1.289772868156433,1.4753832817077637,1.6440125703811646,1.7612440586090088,3.357952117919922,3.0690815448760986,2.8148536682128906,2.628114700317383,2.3233940601348877,2.2968924045562744,1.9332683086395264,2.0210325717926025,1.8567113876342773,1.756548285484314,1.9086415767669678,2.24987530708313,2.2367608547210693,2.596660852432251,2.6122524738311768,3.4710991382598877,3.2316195964813232,2.9159464836120605,2.753237009048462,2.3752338886260986,2.336542844772339,1.9769821166992188,1.9848406314849854,1.944219946861267,1.8090715408325195,1.9662954807281494,2.2911503314971924,2.2223992347717285,2.5986251831054688,2.5840022563934326
B13,3.5226950645446777,3.2787694931030273,2.94726824760437,2.713606595993042,2.3455450534820557,2.133413553237915,1.847657561302185,1.611862063407898,1.5556837320327759,1.1793842315673828,1.3662056922912598,1.3937031030654907,1.0970556735992432,1.3984452486038208,1.3766911029815674,3.372089385986328,3.0541038513183594,2.813339948654175,2.4648001194000244,2.189467668533325,1.840796947479248,1.6167433261871338,1.2557741403579712,1.0132949352264404,0.695206880569458,0.5391861200332642,0.38336554169654846,0.0,0.3958633542060852,0.5842863321304321,3.349407434463501,2.9702982902526855,2.8178417682647705,2.456611156463623,2.255970001220703,1.984460473060608,1.7243030071258545,1.5605497360229492,1.1584432125091553,1.1159497499465942,0.8224163055419922,1.0785348415374756,1.2165671586990356,1.3377758264541626,1.418599009513855,3.559863567352295,3.24617862701416,3.005026340484619,2.777491331100464,2.480409860610962,2.397672414779663,2.032362699508667,2.0623536109924316,1.8325374126434326,1.6997977495193481,1.7790488004684448,2.12571120262146,2.0973920822143555,2.430954694747925,2.4168715476989746,3.6890716552734375,3.422563076019287,3.1273610591888428,2.9340415000915527,2.5681509971618652,2.499849319458008,2.1237571239471436,2.108245372772217,1.9953609704971313,1.8507529497146606,1.9333815574645996,2.272111177444458,2.196896553039551,2.5491461753845215,2.500190019607544
