,A1,A2,A3,A4,A5,A6,A7,A8,A9,A10,A11,A12,A13,A14,A15,B1,B2,B3,B4,B5,B6,B7,B8,B9,B10,B11,B12,B13,B14,B15,C1,C2,C3,C4,C5,C6,C7,C8,C9,C10,C11,C12,C13,C14,C15,D1,D2,D3,D4,D5,D6,D7,D8,D9,D10,D11,D12,D13,D14,D15,E1,E2,E3,E4,E5,E6,E7,E8,E9,E10,E11,E12,E13,E14,E15
A1,0.0,0.38282525539398193,0.6143488883972168,0.8385611176490784,0.8748073577880859,1.1394742727279663,1.503419280052185,1.7875235080718994,1.9073377847671509,2.232473373413086,2.490539789199829,2.4947171211242676,2.7850587368011475,3.0589799880981445,3.3604001998901367,0.6141490936279297,0.807135283946991,1.0767894983291626,1.328740119934082,1.3424782752990723,1.52475905418396,1.8790565729141235,2.1932644844055176,2.2523231506347656,2.6058895587921143,2.924015760421753,2.983820915222168,3.2737460136413574,3.4986908435821533,3.8061771392822266,2.871835470199585,2.874464988708496,2.512383222579956,2.3377411365509033,2.6582493782043457,2.554192066192627,2.281050443649292,2.3556067943573,2.6866164207458496,2.7771568298339844,2.8783209323883057,3.2425830364227295,3.452834129333496,3.801027774810791,4.037374019622803,2.7521250247955322,2.4339284896850586,2.253333330154419,2.0682497024536133,1.948122262954712,1.6218664646148682,1.3571832180023193,1.3442054986953735,1.4542298316955566,1.2794746160507202,1.58284330368042,1.7714736461639404,1.7086206674575806,2.0499236583709717,2.440934896469116,2.8407373428344727,2.6261110305786133,2.371647357940674,2.156343936920166,2.1938974857330322,1.991376280784607,1.6634174585342407,1.6225115060806274,1.7698615789413452,1.499036431312561,1.404003620147705,1.7620329856872559,1.833396315574646,2.189220428466797,2.3787758350372314
A2,0.38282525539398193,0.0,0.3755144774913788,0.6023202538490295,0.5744006037712097,0.7771500945091248,1.1464860439300537,1.4552605152130127,1.578301191329956,1.9050055742263794,2.1893537044525146,2.206496000289917,2.472071647644043,2.753190040588379,3.067897319793701,0.6830762624740601,0.6741057634353638,0.9297672510147095,1.1952581405639648,1.131775975227356,1.2462741136550903,1.5888326168060303,1.919491171836853,1.9621254205703735,2.3266072273254395,2.6270058155059814,2.707199811935425,2.973747491836548,3.196489095687866,3.5179717540740967,2.6984431743621826,2.716973066329956,2.3790314197540283,2.1593971252441406,2.4701197147369385,2.3926961421966553,2.0816986560821533,2.108024835586548,2.444742202758789,2.4973065853118896,2.5949559211730957,2.966548442840576,3.151829957962036,3.5071420669555664,3.7448575496673584,2.665595054626465,2.340834379196167,2.132270097732544,2.0074281692504883,1.9270309209823608,1.6619234085083008,1.3901731967926025,1.4795547723770142,1.636230230331421,1.5358027219772339,1.8675099611282349,2.090517997741699,2.0580532550811768,2.4054834842681885,2.790031671524048,2.7336390018463135,2.500352621078491,2.2209665775299072,2.0634074211120605,2.1056032180786133,1.8561805486679077,1.5426642894744873,1.586233139038086,1.7263160943984985,1.4488344192504883,1.4503381252288818,1.83059823513031,1.8827624320983887,2.2480239868164062,2.488229990005493
A3,0.6143488883972168,0.3755144774913788,0.0,0.3983309268951416,0.5909445881843567,0.7050833106040955,1.0165176391601562,1.3209813833236694,1.5319360494613647,1.8102189302444458,2.110713005065918,2.1904618740081787,2.444171190261841,2.7627625465393066,3.0653374195098877,0.576973557472229,0.4817735552787781,0.6038805246353149,0.9313784837722778,0.9351078271865845,1.00462007522583,1.3313663005828857,1.6762186288833618,1.782807469367981,2.126415491104126,2.455169200897217,2.5714526176452637,2.8368046283721924,3.0956027507781982,3.4088664054870605,2.328003406524658,2.341860055923462,2.003864288330078,1.787709355354309,2.1055638790130615,2.038907289505005,1.73320472240448,1.7886707782745361,2.138754367828369,2.2246975898742676,2.363645315170288,2.722158670425415,2.9319519996643066,3.2930288314819336,3.5593183040618896,2.2988204956054688,1.9709538221359253,1.7644654512405396,1.6586151123046875,1.5829527378082275,1.3539752960205078,1.0977022647857666,1.266103744506836,1.4415465593338013,1.429600477218628,1.77849543094635,2.0439682006835938,2.0767629146575928,2.4407384395599365,2.8173446655273438,2.3663432598114014,2.14105486869812,1.8530060052871704,1.7024472951889038,1.768359899520874,1.5266855955123901,1.1993719339370728,1.2813981771469116,1.4628838300704956,1.2352449893951416,1.2960281372070312,1.6763360500335693,1.7833633422851562,2.176731586456299,2.4293503761291504
A4,0.8385611176490784,0.6023202538490295,0.3983309268951416,0.0,0.379632830619812,0.5524516105651855,0.8059099912643433,1.0312273502349854,1.248262882232666,1.5072290897369385,1.7751425504684448,1.8643696308135986,2.1399760246276855,2.470241069793701,2.749521255493164,0.5679289698600769,0.2248135656118393,0.43811288475990295,0.62441486120224,0.547448456287384,0.6880249977111816,1.0459505319595337,1.3553115129470825,1.4401646852493286,1.782807469367981,2.1177101135253906,2.2098731994628906,2.4959347248077393,2.757267475128174,3.057008743286133,2.3191792964935303,2.2837626934051514,1.9573107957839966,1.6924916505813599,1.962332844734192,1.850136160850525,1.5359328985214233,1.5501433610916138,1.8685619831085205,1.9411611557006836,2.0428483486175537,2.4052045345306396,2.621994733810425,2.971571922302246,3.222876787185669,2.2177507877349854,1.9261155128479004,1.659838318824768,1.5540629625320435,1.5692256689071655,1.3934624195098877,1.079590082168579,1.2676405906677246,1.5276812314987183,1.5235822200775146,1.8922224044799805,2.201183557510376,2.2777628898620605,2.6552908420562744,3.0477211475372314,2.402660846710205,2.2180280685424805,1.8924322128295898,1.7776165008544922,1.9191774129867554,1.6967816352844238,1.3588207960128784,1.4997164011001587,1.7372491359710693,1.5616697072982788,1.6476423740386963,2.019136905670166,2.156942129135132,2.557410478591919,2.807448387145996
A5,0.8748073577880859,0.5744006037712097,0.5909445881843567,0.379632830619812,0.0,0.37546736001968384,0.6971022486686707,0.9324586987495422,1.0372440814971924,1.358449101448059,1.6222813129425049,1.6475380659103394,1.9251381158828735,2.2223362922668457,2.5215067863464355,0.8168866038322449,0.540651261806488,0.811915397644043,0.9202389717102051,0.6915122270584106,0.8076809644699097,1.1511176824569702,1.4410568475723267,1.42526376247406,1.7975265979766846,2.081031084060669,2.14117693901062,2.4131734371185303,2.6308908462524414,2.9477994441986084,2.6185970306396484,2.5967962741851807,2.2908246517181396,1.9980591535568237,2.246776580810547,2.1426124572753906,1.8052361011505127,1.7483357191085815,2.044816493988037,2.0469303131103516,2.0911953449249268,2.470494270324707,2.6393818855285645,2.9837677478790283,3.2001326084136963,2.5673184394836426,2.2799808979034424,2.000244140625,1.9162185192108154,1.9467082023620605,1.7703050374984741,1.4516421556472778,1.6064929962158203,1.8614568710327148,1.8056522607803345,2.16841983795166,2.452979326248169,2.483661413192749,2.8505666255950928,3.249966621398926,2.7403724193573,2.539024829864502,2.2092275619506836,2.123504161834717,2.243421792984009,1.9880167245864868,1.6729878187179565,1.8225505352020264,2.019472122192383,1.799185037612915,1.8822907209396362,2.2641453742980957,2.349318504333496,2.7303292751312256,2.992511749267578
A6,1.1394742727279663,0.7771500945091248,0.7050833106040955,0.5524516105651855,0.37546736001968384,0.0,0.375868558883667,0.7050436735153198,0.856295645236969,1.1586761474609375,1.4831503629684448,1.5504668951034546,1.7697097063064575,2.082629680633545,2.4009861946105957,1.093483805656433,0.7714802622795105,0.894700288772583,1.0275925397872925,0.7655799388885498,0.688276469707489,0.964927077293396,1.2875858545303345,1.2727397680282593,1.6482110023498535,1.9083020687103271,2.019273281097412,2.246563673019409,2.4709150791168213,2.807084083557129,2.447103261947632,2.457421064376831,2.1878228187561035,1.8676289319992065,2.1076788902282715,2.0560805797576904,1.6874957084655762,1.5815073251724243,1.8904564380645752,1.8505183458328247,1.9135899543762207,2.2944724559783936,2.4324328899383545,2.7911155223846436,3.022624969482422,2.5172884464263916,2.223287343978882,1.9427424669265747,1.9345166683197021,1.9794154167175293,1.8628202676773071,1.5844093561172485,1.8104788064956665,2.0567476749420166,2.0578901767730713,2.4222028255462646,2.7113397121429443,2.7500133514404297,3.1160783767700195,3.5028719902038574,2.6276674270629883,2.403933525085449,2.069349765777588,2.045466423034668,2.1479978561401367,1.856537938117981,1.5864923000335693,1.7983447313308716,1.9636287689208984,1.7512134313583374,1.9042412042617798,2.279975652694702,2.3430912494659424,2.7163541316986084,3.0121893882751465
A7,1.503419280052185,1.1464860439300537,1.0165176391601562,0.8059099912643433,0.6971022486686707,0.375868558883667,0.0,0.3781631886959076,0.6147769689559937,0.8442410230636597,1.2007966041564941,1.3290331363677979,1.5042974948883057,1.8451694250106812,2.154710531234741,1.373429775238037,1.0084547996520996,1.0334347486495972,1.0843307971954346,0.7807362079620361,0.5509695410728455,0.7025819420814514,1.0028866529464722,0.9655596613883972,1.3330838680267334,1.571671724319458,1.7164047956466675,1.9153196811676025,2.1525909900665283,2.4928150177001953,2.3251709938049316,2.329029083251953,2.105140209197998,1.7464590072631836,1.9363993406295776,1.9039307832717896,1.520134449005127,1.339353084564209,1.6223317384719849,1.5297449827194214,1.5816333293914795,1.9616369009017944,2.0765445232391357,2.4387717247009277,2.6754748821258545,2.4451205730438232,2.17724347114563,1.873935580253601,1.9287428855895996,2.030231475830078,1.9886555671691895,1.7289233207702637,2.0012102127075195,2.2693862915039062,2.315263032913208,2.683481216430664,2.9952664375305176,3.065412759780884,3.437762498855591,3.8224234580993652,2.5737059116363525,2.364612340927124,2.015084981918335,2.0587117671966553,2.1888246536254883,1.896661639213562,1.6629492044448853,1.934722900390625,2.1077542304992676,1.938797116279602,2.141925811767578,2.5037171840667725,2.578381299972534,2.9514286518096924,3.262795925140381
A8,1.7875235080718994,1.4552605152130127,1.3209813833236694,1.0312273502349854,0.9324586987495422,0.7050436735153198,0.3781631886959076,0.0,0.392484188079834,0.5057246685028076,0.8461669087409973,1.02711820602417,1.204358696937561,1.5732914209365845,1.8508272171020508,1.5760252475738525,1.193419337272644,1.2028321027755737,1.1290171146392822,0.785636842250824,0.5532899498939514,0.5706067085266113,0.7437459826469421,0.6098380088806152,0.9840584993362427,1.2071864604949951,1.3384439945220947,1.5478343963623047,1.7934116125106812,2.1249313354492188,2.388198137283325,2.350684404373169,2.157658815383911,1.7732683420181274,1.8935716152191162,1.8313648700714111,1.4605966806411743,1.2104456424713135,1.4215104579925537,1.2757116556167603,1.2602816820144653,1.6454671621322632,1.7498579025268555,2.100210666656494,2.319474697113037,2.4586193561553955,2.235973358154297,1.9011180400848389,1.9715532064437866,2.138237237930298,2.1419498920440674,1.8723899126052856,2.145719051361084,2.4474945068359375,2.5026519298553467,2.873077869415283,3.2070579528808594,3.30580472946167,3.685112714767456,4.0773797035217285,2.6737325191497803,2.504786729812622,2.141857385635376,2.216090440750122,2.393866777420044,2.1290602684020996,1.8992254734039307,2.1900320053100586,2.394724130630493,2.2599220275878906,2.467376708984375,2.8240103721618652,2.9233171939849854,3.3035776615142822,3.6107165813446045
A9,1.9073377847671509,1.578301191329956,1.5319360494613647,1.248262882232666,1.0372440814971924,0.856295645236969,0.6147769689559937,0.392484188079834,0.0,0.37800201773643494,0.6664520502090454,0.7222618460655212,0.9153522849082947,1.2477893829345703,1.5527163743972778,1.772576093673706,1.4095780849456787,1.503158450126648,1.417364239692688,1.037682056427002,0.9062176942825317,0.9492630958557129,1.042273759841919,0.7758488655090332,1.1245410442352295,1.2419010400772095,1.2919468879699707,1.4820038080215454,1.6502941846847534,1.9977480173110962,2.775273561477661,2.7391252517700195,2.5492806434631348,2.1641743183135986,2.2722280025482178,2.198546886444092,1.8370081186294556,1.5686293840408325,1.7339566946029663,1.5356611013412476,1.4313299655914307,1.807204246520996,1.8479347229003906,2.1681997776031494,2.3246476650238037,2.8409316539764404,2.6230967044830322,2.284327507019043,2.335850238800049,2.5010826587677,2.476391315460205,2.1830337047576904,2.4196152687072754,2.725952386856079,2.7357547283172607,3.1063146591186523,3.427502393722534,3.4973905086517334,3.8711185455322266,4.272355079650879,3.0654945373535156,2.8908708095550537,2.529934883117676,2.597856044769287,2.7639541625976562,2.48659610748291,2.2528467178344727,2.5272927284240723,2.7178502082824707,2.549485206604004,2.7368967533111572,3.1048381328582764,3.175969362258911,3.545527935028076,3.853747844696045
A10,2.232473373413086,1.9050055742263794,1.8102189302444458,1.5072290897369385,1.358449101448059,1.1586761474609375,0.8442410230636597,0.5057246685028076,0.37800201773643494,0.0,0.3897920548915863,0.6159553527832031,0.7175522446632385,1.103503704071045,1.3631188869476318,2.031590461730957,1.6544239521026611,1.6832705736160278,1.5483061075210571,1.1949371099472046,1.010611653327942,0.9155908226966858,0.8836371302604675,0.5502367615699768,0.8272649645805359,0.8801029920578003,0.9627184271812439,1.120544195175171,1.3164633512496948,1.6646792888641357,2.7158732414245605,2.662510871887207,2.5183746814727783,2.119530200958252,2.166008234024048,2.100019693374634,1.7565417289733887,1.4331916570663452,1.5285441875457764,1.2689733505249023,1.1126646995544434,1.4735543727874756,1.4818789958953857,1.7963600158691406,1.9518451690673828,2.795344591140747,2.614428997039795,2.2668228149414062,2.3615076541900635,2.5709381103515625,2.604172945022583,2.3312501907348633,2.5942296981811523,2.912762403488159,2.958944082260132,3.328782558441162,3.6685097217559814,3.7691874504089355,4.148751735687256,4.547751426696777,3.050729274749756,2.902848958969116,2.5402090549468994,2.6535956859588623,2.845559597015381,2.5846190452575684,2.3769259452819824,2.6818525791168213,2.8840157985687256,2.754012107849121,2.9693264961242676,3.325047254562378,3.414820909500122,3.7880914211273193,4.102504730224609
A11,2.490539789199829,2.1893537044525146,2.110713005065918,1.7751425504684448,1.6222813129425049,1.4831503629684448,1.2007966041564941,0.8461669087409973,0.6664520502090454,0.3897920548915863,0.0,0.37048962712287903,0.49461179971694946,0.880042314529419,1.0626391172409058,2.2578110694885254,1.892889380455017,1.9407912492752075,1.742920994758606,1.396236777305603,1.2813838720321655,1.1780891418457031,1.0351084470748901,0.646928071975708,0.7907993197441101,0.7306673526763916,0.6707038879394531,0.8587583899497986,1.0119361877441406,1.3412328958511353,2.9745240211486816,2.8857879638671875,2.753507137298584,2.3564822673797607,2.358165740966797,2.2545108795166016,1.9488348960876465,1.616889476776123,1.6298140287399292,1.3508352041244507,1.0897371768951416,1.4073874950408936,1.3861827850341797,1.6427096128463745,1.7306241989135742,2.9820077419281006,2.837514877319336,2.4770426750183105,2.555415630340576,2.79793119430542,2.8399713039398193,2.5537357330322266,2.792276382446289,3.129507064819336,3.1624529361724854,3.527858018875122,3.87569260597229,3.988433837890625,4.3687639236450195,4.77491569519043,3.31111741065979,3.1942849159240723,2.828512191772461,2.9395954608917236,3.1597702503204346,2.9199514389038086,2.701054811477661,2.9997167587280273,3.2242929935455322,3.103661060333252,3.3052632808685303,3.663119077682495,3.7678186893463135,4.147678375244141,4.453348159790039
A12,2.4947171211242676,2.206496000289917,2.1904618740081787,1.8643696308135986,1.6475380659103394,1.5504668951034546,1.3290331363677979,1.02711820602417,0.7222618460655212,0.6159553527832031,0.37048962712287903,0.0,0.38247695565223694,0.6665781140327454,0.888360857963562,2.3246099948883057,1.9814198017120361,2.0952799320220947,1.9096357822418213,1.539535641670227,1.4840768575668335,1.4545143842697144,1.3589555025100708,0.9752338528633118,1.1474050283432007,1.0709291696548462,0.9275930523872375,1.0932329893112183,1.1279654502868652,1.4470397233963013,3.295930862426758,3.2134506702423096,3.0581533908843994,2.66483473777771,2.691707134246826,2.5756704807281494,2.2641327381134033,1.9518837928771973,1.984065294265747,1.7188982963562012,1.4541218280792236,1.7596832513809204,1.7174432277679443,1.941268801689148,1.9726825952529907,3.286985158920288,3.1276121139526367,2.7664544582366943,2.811922073364258,3.0350637435913086,3.0349085330963135,2.7247462272644043,2.928708076477051,3.2644753456115723,3.253699541091919,3.617384672164917,3.9493913650512695,4.032943248748779,4.405925273895264,4.818382263183594,3.613473892211914,3.4823203086853027,3.1151182651519775,3.2003414630889893,3.406568765640259,3.1534793376922607,2.91687273979187,3.1940581798553467,3.410399913787842,3.256538152694702,3.433063507080078,3.8026793003082275,3.886807918548584,4.26015043258667,4.561347484588623
A13,2.7850587368011475,2.472071647644043,2.444171190261841,2.1399760246276855,1.9251381158828735,1.7697097063064575,1.5042974948883057,1.204358696937561,0.9153522849082947,0.7175522446632385,0.49461179971694946,0.38247695565223694,0.0,0.3988097310066223,0.6572238206863403,2.6340763568878174,2.2768068313598633,2.359070301055908,2.1939196586608887,1.8279200792312622,1.707972764968872,1.6167727708816528,1.5029175281524658,1.1221299171447754,1.2260527610778809,1.0333306789398193,0.9308531284332275,0.9493374824523926,0.9089685678482056,1.2629095315933228,3.379831075668335,3.31687331199646,3.199960708618164,2.798765182495117,2.8012123107910156,2.7235209941864014,2.410059928894043,2.062459707260132,2.0684666633605957,1.7467930316925049,1.4647594690322876,1.7309553623199463,1.602295160293579,1.8047504425048828,1.806811809539795,3.4519739151000977,3.2989161014556885,2.9444572925567627,3.0342586040496826,3.263563394546509,3.292018175125122,3.0013060569763184,3.2329511642456055,3.563167095184326,3.573427438735962,3.940610647201538,4.274078369140625,4.356775283813477,4.730878829956055,5.1395583152771,3.7394750118255615,3.601525068283081,3.241147518157959,3.366896390914917,3.560593366622925,3.294889211654663,3.092061758041382,3.3931825160980225,3.5881528854370117,3.439453363418579,3.6443521976470947,4.007599830627441,4.07524299621582,4.437721252441406,4.7556023597717285
A14,3.0589799880981445,2.753190040588379,2.7627625465393066,2.470241069793701,2.2223362922668457,2.082629680633545,1.8451694250106812,1.5732914209365845,1.2477893829345703,1.103503704071045,0.880042314529419,0.6665781140327454,0.3988097310066223,0.0,0.3838243782520294,2.9514944553375244,2.6074984073638916,2.7187983989715576,2.5581419467926025,2.1847939491271973,2.085433006286621,2.011240243911743,1.9003827571868896,1.5178186893463135,1.6016007661819458,1.3662090301513672,1.2166318893432617,1.1726621389389038,0.9942408800125122,1.3021751642227173,3.770019054412842,3.7120208740234375,3.598027229309082,3.196577310562134,3.1970102787017822,3.1192057132720947,2.808560609817505,2.4592573642730713,2.453897714614868,2.122002124786377,1.8219385147094727,2.053405523300171,1.879853367805481,2.029240608215332,1.9591798782348633,3.8500044345855713,3.697127342224121,3.342395067214966,3.4260475635528564,3.651975154876709,3.6670539379119873,3.3671836853027344,3.5829720497131348,3.9126076698303223,3.900395631790161,4.265592575073242,4.589404582977295,4.653632164001465,5.021764278411865,5.433419227600098,4.134481430053711,3.9906461238861084,3.6317811012268066,3.7567455768585205,3.9417264461517334,3.66679048538208,3.464529514312744,3.759885787963867,3.9445414543151855,3.778395414352417,3.9752461910247803,4.342884063720703,4.391857624053955,4.744869232177734,5.064396381378174
A15,3.3604001998901367,3.067897319793701,3.0653374195098877,2.749521255493164,2.5215067863464355,2.4009861946105957,2.154710531234741,1.8508272171020508,1.5527163743972778,1.3631188869476318,1.0626391172409058,0.888360857963562,0.6572238206863403,0.3838243782520294,0.0,3.2116100788116455,2.8696563243865967,2.971221923828125,2.7725331783294678,2.4138917922973633,2.3313169479370117,2.233396530151367,2.0661733150482178,1.685497522354126,1.6932461261749268,1.405984878540039,1.19057297706604,1.1063790321350098,0.8282384872436523,1.05234956741333,3.966763973236084,3.8836519718170166,3.786548614501953,3.3873369693756104,3.3511667251586914,3.255357027053833,2.9744954109191895,2.6199562549591064,2.561068534851074,2.2245359420776367,1.8831969499588013,2.0576131343841553,1.8599648475646973,1.9390677213668823,1.796251654624939,4.004571914672852,3.88230037689209,3.5218915939331055,3.605081558227539,3.857226848602295,3.89129900932312,3.5912086963653564,3.8003876209259033,4.141853332519531,4.133862495422363,4.495053291320801,4.828714370727539,4.910880088806152,5.281168460845947,5.695755958557129,4.338433265686035,4.220678329467773,3.860506534576416,3.992583990097046,4.200958728790283,3.943794012069702,3.7392642498016357,4.038477897644043,4.24168062210083,4.092625617980957,4.2892632484436035,4.655609607696533,4.722650527954102,5.083920955657959,5.399293899536133
B1,0.6141490936279297,0.6830762624740601,0.576973557472229,0.5679289698600769,0.8168866038322449,1.093483805656433,1.373429775238037,1.5760252475738525,1.772576093673706,2.031590461730957,2.2578110694885254,2.3246099948883057,2.6340763568878174,2.9514944553375244,3.2116100788116455,0.0,0.38563239574432373,0.6109129190444946,0.7901661992073059,0.9253190755844116,1.1750496625900269,1.5209842920303345,1.7926584482192993,1.9107168912887573,2.2230982780456543,2.5829999446868896,2.6451120376586914,2.964043140411377,3.2293035984039307,3.504276990890503,2.50171160697937,2.4410464763641357,2.0697367191314697,1.8952922821044922,2.186945915222168,2.0313186645507812,1.7966300249099731,1.912030816078186,2.217787981033325,2.363311290740967,2.47835636138916,2.8192262649536133,3.077812671661377,3.413004159927368,3.664788007736206,2.2469217777252197,1.9634954929351807,1.7534774541854858,1.5287408828735352,1.4638288021087646,1.1662777662277222,0.8351052403450012,0.8512651920318604,1.0808937549591064,0.989924967288971,1.3545422554016113,1.6566425561904907,1.7381691932678223,2.119413137435913,2.5200765132904053,2.4659154415130615,2.3127384185791016,2.031327486038208,1.8101720809936523,1.9467929601669312,1.8023298978805542,1.4335538148880005,1.4337835311889648,1.6984210014343262,1.5372601747512817,1.497760534286499,1.8436285257339478,2.0276553630828857,2.426553249359131,2.6107699871063232
B2,0.807135283946991,0.6741057634353638,0.4817735552787781,0.2248135656118393,0.540651261806488,0.7714802622795105,1.0084547996520996,1.193419337272644,1.4095780849456787,1.6544239521026611,1.892889380455017,1.9814198017120361,2.2768068313598633,2.6074984073638916,2.8696563243865967,0.38563239574432373,0.0,0.38284140825271606,0.534101665019989,0.5683801770210266,0.7979038953781128,1.152696132659912,1.4322203397750854,1.5371322631835938,1.8605389595031738,2.213021993637085,2.288661479949951,2.595719814300537,2.863858222961426,3.147063732147217,2.345463752746582,2.2850730419158936,1.9405070543289185,1.7022850513458252,1.9710074663162231,1.8265594244003296,1.5460443496704102,1.6021077632904053,1.9078627824783325,2.0169358253479004,2.1202902793884277,2.471608877182007,2.7133564949035645,3.053617477416992,3.3047187328338623,2.1573543548583984,1.8773502111434937,1.6173202991485596,1.4605618715286255,1.469530701637268,1.2643436193466187,0.9253935217857361,1.0733163356781006,1.3494327068328857,1.331508994102478,1.7020021677017212,2.0223119258880615,2.1181654930114746,2.499958038330078,2.896700143814087,2.389190912246704,2.2290303707122803,1.9109714031219482,1.7595075368881226,1.921699047088623,1.7372398376464844,1.3798192739486694,1.481730580329895,1.7491098642349243,1.5947195291519165,1.6434906721115112,2.0051188468933105,2.1732921600341797,2.5789592266082764,2.804755926132202
B3,1.0767894983291626,0.9297672510147095,0.6038805246353149,0.43811288475990295,0.811915397644043,0.894700288772583,1.0334347486495972,1.2028321027755737,1.503158450126648,1.6832705736160278,1.9407912492752075,2.0952799320220947,2.359070301055908,2.7187983989715576,2.971221923828125,0.6109129190444946,0.38284140825271606,0.0,0.39171114563941956,0.5919486880302429,0.6965497136116028,0.988936185836792,1.281117558479309,1.4766409397125244,1.761653184890747,2.139674425125122,2.2660348415374756,2.557861328125,2.8624746799468994,3.137312889099121,1.9669798612594604,1.9038740396499634,1.5583447217941284,1.3266448974609375,1.6101369857788086,1.4850294589996338,1.2109715938568115,1.3192741870880127,1.6476945877075195,1.8046441078186035,1.9693771600723267,2.2986884117126465,2.5657145977020264,2.9129161834716797,3.1998584270477295,1.7917588949203491,1.5031888484954834,1.245766520500183,1.1193581819534302,1.1368886232376099,0.9985945820808411,0.7012443542480469,0.9764047265052795,1.2504327297210693,1.3471038341522217,1.7096811532974243,2.052342653274536,2.1988186836242676,2.581864833831787,2.9579787254333496,2.0129811763763428,1.8627656698226929,1.5385397672653198,1.3990767002105713,1.590713381767273,1.425966739654541,1.071038007736206,1.2188987731933594,1.5188881158828735,1.4318408966064453,1.5361067056655884,1.87432062625885,2.0810587406158447,2.495783805847168,2.7305519580841064
B4,1.328740119934082,1.1952581405639648,0.9313784837722778,0.62441486120224,0.9202389717102051,1.0275925397872925,1.0843307971954346,1.1290171146392822,1.417364239692688,1.5483061075210571,1.742920994758606,1.9096357822418213,2.1939196586608887,2.5581419467926025,2.7725331783294678,0.7901661992073059,0.534101665019989,0.39171114563941956,0.0,0.389473021030426,0.614678680896759,0.8759812712669373,1.0720431804656982,1.260962724685669,1.513507604598999,1.904409408569336,1.9962536096572876,2.31703782081604,2.6266543865203857,2.873819351196289,2.0570180416107178,1.931414246559143,1.6068551540374756,1.3454387187957764,1.5527398586273193,1.35451340675354,1.104521632194519,1.1835194826126099,1.45041024684906,1.6151078939437866,1.737460732460022,2.0568525791168213,2.3452367782592773,2.670776605606079,2.940988779067993,1.7668224573135376,1.5414756536483765,1.2293702363967896,1.0849437713623047,1.217228651046753,1.1440130472183228,0.8211628198623657,1.057957649230957,1.394193410873413,1.4823182821273804,1.8400529623031616,2.209028720855713,2.390212059020996,2.776637315750122,3.16204833984375,2.131826162338257,2.038128137588501,1.6972332000732422,1.588906168937683,1.8440202474594116,1.7151299715042114,1.374914526939392,1.540339469909668,1.8662493228912354,1.810576319694519,1.9118212461471558,2.238616704940796,2.463010311126709,2.8788979053497314,3.103830575942993
B5,1.3424782752990723,1.131775975227356,0.9351078271865845,0.547448456287384,0.6915122270584106,0.7655799388885498,0.7807362079620361,0.785636842250824,1.037682056427002,1.1949371099472046,1.396236777305603,1.539535641670227,1.8279200792312622,2.1847939491271973,2.4138917922973633,0.9253190755844116,0.5683801770210266,0.5919486880302429,0.389473021030426,0.0,0.3836100995540619,0.7020653486251831,0.9060520529747009,0.9904823303222656,1.301447868347168,1.6586004495620728,1.7312610149383545,2.0456862449645996,2.3285329341888428,2.5984718799591064,2.252293825149536,2.1504833698272705,1.8611031770706177,1.5450628995895386,1.7246897220611572,1.5545244216918945,1.2484163045883179,1.2010436058044434,1.4525251388549805,1.51774263381958,1.5760877132415771,1.9304735660552979,2.1695785522460938,2.499938726425171,2.742037534713745,2.0655581951141357,1.8404959440231323,1.5084537267684937,1.4300649166107178,1.5765997171401978,1.509995698928833,1.1871321201324463,1.407308578491211,1.7367007732391357,1.7779412269592285,2.1447653770446777,2.4974892139434814,2.636652708053589,3.022099256515503,3.4188599586486816,2.396240711212158,2.2738115787506104,1.9169670343399048,1.8622870445251465,2.0905332565307617,1.905495285987854,1.5845600366592407,1.7884334325790405,2.0752792358398438,1.9709216356277466,2.094766139984131,2.446678638458252,2.6232681274414062,3.0320677757263184,3.2827200889587402
B6,1.52475905418396,1.2462741136550903,1.00462007522583,0.6880249977111816,0.8076809644699097,0.688276469707489,0.5509695410728455,0.5532899498939514,0.9062176942825317,1.010611653327942,1.2813838720321655,1.4840768575668335,1.707972764968872,2.085433006286621,2.3313169479370117,1.1750496625900269,0.7979038953781128,0.6965497136116028,0.614678680896759,0.3836100995540619,0.0,0.36554744839668274,0.6759421229362488,0.8068780899047852,1.1270244121551514,1.4753530025482178,1.6217663288116455,1.8859347105026245,2.186746835708618,2.47745943069458,2.0270309448242188,1.9598407745361328,1.7112022638320923,1.3550819158554077,1.5277401208877563,1.426590085029602,1.0669759511947632,0.949455976486206,1.2386137247085571,1.261142611503601,1.3624629974365234,1.7254393100738525,1.940025806427002,2.294402837753296,2.5639688968658447,1.9846566915512085,1.7482680082321167,1.4147202968597412,1.4391553401947021,1.5954744815826416,1.5964652299880981,1.3311232328414917,1.623911738395691,1.927299976348877,2.0205440521240234,2.3862526416778564,2.735490560531616,2.8731629848480225,3.2570507526397705,3.641310214996338,2.2394707202911377,2.0930612087249756,1.7272037267684937,1.7445003986358643,1.9568203687667847,1.7376047372817993,1.464239239692688,1.7342911958694458,1.9900707006454468,1.8985971212387085,2.086977243423462,2.4315109252929688,2.5886611938476562,2.989802837371826,3.2706236839294434
B7,1.8790565729141235,1.5888326168060303,1.3313663005828857,1.0459505319595337,1.1511176824569702,0.964927077293396,0.7025819420814514,0.5706067085266113,0.9492630958557129,0.9155908226966858,1.1780891418457031,1.4545143842697144,1.6167727708816528,2.011240243911743,2.233396530151367,1.5209842920303345,1.152696132659912,0.988936185836792,0.8759812712669373,0.7020653486251831,0.36554744839668274,0.0,0.37981027364730835,0.6047585010528564,0.8624261021614075,1.2121328115463257,1.4207912683486938,1.6475107669830322,1.9772651195526123,2.2596895694732666,1.8776158094406128,1.8039439916610718,1.6184275150299072,1.227961778640747,1.329493522644043,1.2627744674682617,0.8903994560241699,0.6616764068603516,0.9299842119216919,0.9094961881637573,1.0418226718902588,1.3972644805908203,1.6093125343322754,1.9724210500717163,2.266054630279541,1.9023447036743164,1.7019844055175781,1.3586230278015137,1.4714456796646118,1.678994059562683,1.7648801803588867,1.5474931001663208,1.873788833618164,2.1740784645080566,2.3104543685913086,2.6682798862457275,3.026892900466919,3.1866562366485596,3.570371150970459,3.9460480213165283,2.1624209880828857,2.035839557647705,1.6664390563964844,1.7615455389022827,1.9922244548797607,1.7815816402435303,1.5635429620742798,1.8796415328979492,2.1269443035125732,2.076915740966797,2.307619094848633,2.631415843963623,2.7926549911499023,3.187225580215454,3.4809677600860596
B8,2.1932644844055176,1.919491171836853,1.6762186288833618,1.3553115129470825,1.4410568475723267,1.2875858545303345,1.0028866529464722,0.7437459826469421,1.042273759841919,0.8836371302604675,1.0351084470748901,1.3589555025100708,1.5029175281524658,1.9003827571868896,2.0661733150482178,1.7926584482192993,1.4322203397750854,1.281117558479309,1.0720431804656982,0.9060520529747009,0.6759421229362488,0.37981027364730835,0.0,0.3888951241970062,0.5154261589050293,0.9019913673400879,1.113254427909851,1.3531079292297363,1.7081316709518433,1.956189751625061,1.9923925399780273,1.869160532951355,1.7312852144241333,1.339677095413208,1.3357235193252563,1.2275049686431885,0.9144293069839478,0.6019579768180847,0.7065718173980713,0.6293109059333801,0.6942341327667236,1.050486445426941,1.2890936136245728,1.6357033252716064,1.9251312017440796,1.9499833583831787,1.8166804313659668,1.457542061805725,1.583268165588379,1.8538848161697388,1.98381769657135,1.7697241306304932,2.0800962448120117,2.400815486907959,2.5425832271575928,2.8936398029327393,3.26664662361145,3.451066493988037,3.8369078636169434,4.2158026695251465,2.305327892303467,2.2295989990234375,1.8647754192352295,1.9857823848724365,2.2536258697509766,2.077913761138916,1.8734068870544434,2.189703941345215,2.4553730487823486,2.4312636852264404,2.6591944694519043,2.9746756553649902,3.1530203819274902,3.5500056743621826,3.837941884994507
B9,2.2523231506347656,1.9621254205703735,1.782807469367981,1.4401646852493286,1.42526376247406,1.2727397680282593,0.9655596613883972,0.6098380088806152,0.7758488655090332,0.5502367615699768,0.646928071975708,0.9752338528633118,1.1221299171447754,1.5178186893463135,1.685497522354126,1.9107168912887573,1.5371322631835938,1.4766409397125244,1.260962724685669,0.9904823303222656,0.8068780899047852,0.6047585010528564,0.3888951241970062,0.0,0.3836802840232849,0.6781335473060608,0.826964259147644,1.0824013948440552,1.3994982242584229,1.6763548851013184,2.361750364303589,2.2523398399353027,2.115586280822754,1.7216739654541016,1.7200373411178589,1.6101460456848145,1.303024172782898,0.9810878038406372,1.0291965007781982,0.8303778767585754,0.7061291933059692,1.0881741046905518,1.2326136827468872,1.5622137784957886,1.7864218950271606,2.3356969356536865,2.198230266571045,1.837270736694336,1.9365969896316528,2.1959478855133057,2.2844223976135254,2.033060073852539,2.312309980392456,2.6448755264282227,2.7394258975982666,3.0996201038360596,3.465203046798706,3.6219048500061035,4.007967948913574,4.400272369384766,2.683929681777954,2.5907232761383057,2.224167823791504,2.3386223316192627,2.587080240249634,2.3824920654296875,2.167560577392578,2.47697114944458,2.7281248569488525,2.661496877670288,2.8783962726593018,3.2148101329803467,3.364543914794922,3.7576355934143066,4.053372859954834
B10,2.6058895587921143,2.3266072273254395,2.126415491104126,1.782807469367981,1.7975265979766846,1.6482110023498535,1.3330838680267334,0.9840584993362427,1.1245410442352295,0.8272649645805359,0.7907993197441101,1.1474050283432007,1.2260527610778809,1.6016007661819458,1.6932461261749268,2.2230982780456543,1.8605389595031738,1.761653184890747,1.513507604598999,1.301447868347168,1.1270244121551514,0.8624261021614075,0.5154261589050293,0.3836802840232849,0.0,0.41226086020469666,0.624046266078949,0.858518123626709,1.2272309064865112,1.448838472366333,2.379972457885742,2.239426374435425,2.1566390991210938,1.7721434831619263,1.6862775087356567,1.5719643831253052,1.3281344175338745,0.9796379208564758,0.879754900932312,0.6204357147216797,0.36359596252441406,0.7239665389060974,0.8933655619621277,1.2059305906295776,1.4461027383804321,2.3326447010040283,2.2518470287323,1.8953907489776611,2.027717113494873,2.3282675743103027,2.470602035522461,2.2467544078826904,2.5320510864257812,2.8677785396575928,2.9898791313171387,3.339714765548706,3.7167246341705322,3.9014885425567627,4.288105010986328,4.67542839050293,2.730962038040161,2.679612636566162,2.323920726776123,2.472719669342041,2.7468764781951904,2.573239803314209,2.3840208053588867,2.704545021057129,2.9660086631774902,2.936140298843384,3.16577410697937,3.4860575199127197,3.654754638671875,4.048614978790283,4.3425517082214355
B11,2.924015760421753,2.6270058155059814,2.455169200897217,2.1177101135253906,2.081031084060669,1.9083020687103271,1.571671724319458,1.2071864604949951,1.2419010400772095,0.8801029920578003,0.7306673526763916,1.0709291696548462,1.0333306789398193,1.3662090301513672,1.405984878540039,2.5829999446868896,2.213021993637085,2.139674425125122,1.904409408569336,1.6586004495620728,1.4753530025482178,1.2121328115463257,0.9019913673400879,0.6781335473060608,0.41226086020469666,0.0,0.3729410767555237,0.45910748839378357,0.8384701013565063,1.0708011388778687,2.6820976734161377,2.5578696727752686,2.511765241622925,2.126055955886841,2.014756202697754,1.9312479496002197,1.699463129043579,1.329266905784607,1.1864745616912842,0.8431282043457031,0.47857752442359924,0.701799213886261,0.6722400784492493,0.9447337985038757,1.1198318004608154,2.6962597370147705,2.626861095428467,2.278897762298584,2.431283950805664,2.73187255859375,2.8773953914642334,2.6520800590515137,2.935629367828369,3.2721872329711914,3.383676290512085,3.7369494438171387,4.110857009887695,4.283634662628174,4.670141220092773,5.061554908752441,3.0691375732421875,3.012300968170166,2.663891077041626,2.8406178951263428,3.100241184234619,2.910283327102661,2.7416138648986816,3.073819875717163,3.3161280155181885,3.273993730545044,3.5157370567321777,3.8399410247802734,3.9873688220977783,4.372712135314941,4.67958402633667
B12,2.983820915222168,2.707199811935425,2.5714526176452637,2.2098731994628906,2.14117693901062,2.019273281097412,1.7164047956466675,1.3384439945220947,1.2919468879699707,0.9627184271812439,0.6707038879394531,0.9275930523872375,0.9308531284332275,1.2166318893432617,1.19057297706604,2.6451120376586914,2.288661479949951,2.2660348415374756,1.9962536096572876,1.7312610149383545,1.6217663288116455,1.4207912683486938,1.113254427909851,0.826964259147644,0.624046266078949,0.3729410767555237,0.0,0.39279603958129883,0.6813104748725891,0.8781662583351135,2.9920008182525635,2.846949577331543,2.7750837802886963,2.394305467605591,2.2908787727355957,2.1614115238189697,1.9440600872039795,1.6009684801101685,1.4542237520217896,1.1608552932739258,0.782467782497406,0.9547156095504761,0.9249252676963806,1.0888185501098633,1.1436691284179688,2.9253203868865967,2.862825632095337,2.5032660961151123,2.608689546585083,2.9146981239318848,3.0309042930603027,2.7760732173919678,3.0223352909088135,3.3728585243225098,3.449836015701294,3.8008031845092773,4.17317533493042,4.3403143882751465,4.724985599517822,5.125709056854248,3.3513002395629883,3.3026607036590576,2.9471511840820312,3.0916922092437744,3.3625378608703613,3.1761419773101807,2.9770162105560303,3.2895281314849854,3.547455072402954,3.488075017929077,3.7034645080566406,4.040416240692139,4.190456867218018,4.582137584686279,4.879358768463135
B13,3.2737460136413574,2.973747491836548,2.8368046283721924,2.4959347248077393,2.4131734371185303,2.246563673019409,1.9153196811676025,1.5478343963623047,1.4820038080215454,1.120544195175171,0.8587583899497986,1.0932329893112183,0.9493374824523926,1.1726621389389038,1.1063790321350098,2.964043140411377,2.595719814300537,2.557861328125,2.31703782081604,2.0456862449645996,1.8859347105026245,1.6475107669830322,1.3531079292297363,1.0824013948440552,0.858518123626709,0.45910748839378357,0.39279603958129883,0.0,0.39331990480422974,0.625557005405426,3.1148130893707275,2.993302345275879,2.963338851928711,2.5798163414001465,2.4539706707000732,2.371769428253174,2.1546790599823,1.7839744091033936,1.6167073249816895,1.2644745111465454,0.8897795081138611,0.9702160954475403,0.7738447785377502,0.8842763900756836,0.8828575611114502,3.13844633102417,3.0810725688934326,2.7341842651367188,2.8819997310638428,3.1862001419067383,3.323768138885498,3.0861291885375977,3.3543574810028076,3.697300910949707,3.7881298065185547,4.142763137817383,4.513967990875244,4.675901889801025,5.061412811279297,5.459579944610596,3.5155763626098633,3.4593324661254883,3.1142561435699463,3.2978525161743164,3.552177906036377,3.3530213832855225,3.1872706413269043,3.519786834716797,3.7546517848968506,3.697373867034912,3.937297821044922,4.268953800201416,4.4014787673950195,4.78224515914917,5.094898700714111
