,A1,A2,A3,A4,A5,A6,A7,A8,A9,A10,A11,A12,A13,A14,A15,B1,B2,B3,B4,B5,B6,B7,B8,B9,B10,B11,B12,B13,B14,B15,C1,C2,C3,C4,C5,C6,C7,C8,C9,C10,C11,C12,C13,C14,C15,D1,D2,D3,D4,D5,D6,D7,D8,D9,D10,D11,D12,D13,D14,D15,E1,E2,E3,E4,E5,E6,E7,E8,E9,E10,E11,E12,E13,E14,E15
A1,0.0,0.3779272139072418,0.6007245779037476,0.5752663612365723,0.6982522010803223,0.9766646027565002,1.1178022623062134,1.1494314670562744,1.314534306526184,1.6533442735671997,1.696598768234253,1.8739839792251587,2.1847567558288574,2.3231427669525146,2.7324984073638916,2.037928819656372,1.985110878944397,1.637086033821106,1.61509108543396,1.9272475242614746,1.7977852821350098,1.5425359010696411,1.7868809700012207,2.055427074432373,2.167565107345581,2.2106218338012695,2.4164583683013916,2.5845234394073486,2.873875856399536,3.1251325607299805,1.9666351079940796,1.9436492919921875,1.5943348407745361,1.6330255270004272,1.975492000579834,1.8579339981079102,1.636829137802124,1.939150094985962,2.10295033454895,2.1578545570373535,2.205683946609497,2.542253017425537,2.7970118522644043,3.0360517501831055,3.3020708560943604,0.8482084274291992,0.9695706367492676,0.7877964973449707,0.7938249111175537,1.1286100149154663,1.2714685201644897,1.218375563621521,1.3267852067947388,1.530364990234375,1.8357304334640503,1.9067509174346924,2.011516809463501,2.3652546405792236,2.534787893295288,2.798126697540283,2.0303421020507812,2.0700509548187256,1.897462248802185,1.5478029251098633,1.7284016609191895,1.7716443538665771,1.4251861572265625,1.3642853498458862,1.2066638469696045,1.0253920555114746,0.8987324833869934,1.1205556392669678,1.3187735080718994,1.5517218112945557,1.725824236869812
A2,0.3779272139072418,0.0,0.37880057096481323,0.5431295037269592,0.5464342832565308,0.7232969999313354,0.9574902653694153,1.0825119018554688,1.1999136209487915,1.530257225036621,1.6545919179916382,1.8450807332992554,2.112220048904419,2.300562858581543,2.7088472843170166,1.7877111434936523,1.7886841297149658,1.4665031433105469,1.3815429210662842,1.7159055471420288,1.6522036790847778,1.3791251182556152,1.6348289251327515,1.8484795093536377,1.990373969078064,2.003066062927246,2.1680383682250977,2.3382036685943604,2.609528064727783,2.8737831115722656,1.861322283744812,1.8862258195877075,1.552316427230835,1.5039986371994019,1.8668580055236816,1.7987990379333496,1.5323398113250732,1.7983466386795044,1.9042274951934814,1.937104344367981,1.9373998641967773,2.2627882957458496,2.5154941082000732,2.7425875663757324,2.985318422317505,1.1221625804901123,1.2337461709976196,0.9908344745635986,0.8904451727867126,1.2681176662445068,1.396579384803772,1.2424019575119019,1.2887816429138184,1.5545943975448608,1.8202422857284546,1.8342713117599487,1.9809496402740479,2.3057336807250977,2.512586832046509,2.7428598403930664,2.092081308364868,2.1398966312408447,1.920528769493103,1.6095348596572876,1.8535075187683105,1.869398593902588,1.506158709526062,1.524659276008606,1.4407142400741577,1.2841148376464844,1.2202948331832886,1.4809480905532837,1.6807453632354736,1.926249623298645,2.101608991622925
A3,0.6007245779037476,0.37880057096481323,0.0,0.38991475105285645,0.5461929440498352,0.5590382218360901,0.6913257241249084,0.910057783126831,1.103498935699463,1.3742636442184448,1.53177809715271,1.7861125469207764,2.0367202758789062,2.264813184738159,2.6560816764831543,1.4514012336730957,1.4213699102401733,1.0910097360610962,1.0280777215957642,1.3618906736373901,1.2904375791549683,1.0475949048995972,1.3453357219696045,1.5603013038635254,1.7417572736740112,1.8068740367889404,1.9577351808547974,2.1777734756469727,2.423189640045166,2.7178542613983154,1.5503963232040405,1.5538444519042969,1.2171574831008911,1.1401532888412476,1.495452880859375,1.430553913116455,1.1585675477981567,1.43142569065094,1.5395138263702393,1.59964919090271,1.61552894115448,1.9454768896102905,2.211085319519043,2.438875198364258,2.711271047592163,1.11819326877594,1.1485062837600708,0.8490945100784302,0.6925641894340515,1.077808141708374,1.1500309705734253,0.9264563322067261,0.9667525291442871,1.275804042816162,1.5000942945480347,1.5229908227920532,1.7141389846801758,2.018526315689087,2.2583651542663574,2.4995086193084717,1.9250231981277466,1.9248995780944824,1.6639243364334106,1.3940658569335938,1.648350715637207,1.6081290245056152,1.2365455627441406,1.3006463050842285,1.3069663047790527,1.1739901304244995,1.2128069400787354,1.5367435216903687,1.7310415506362915,2.0160346031188965,2.2363221645355225
A4,0.5752663612365723,0.5431295037269592,0.38991475105285645,0.0,0.3849256634712219,0.5551243424415588,0.5613511800765991,0.620388388633728,0.8632470369338989,1.149095058441162,1.2292026281356812,1.4792526960372925,1.7659907341003418,1.9604445695877075,2.352174997329712,1.6662706136703491,1.565711259841919,1.212077021598816,1.1567660570144653,1.4179240465164185,1.262030005455017,0.984919548034668,1.215488076210022,1.5022127628326416,1.612874984741211,1.6956881284713745,1.911786675453186,2.112330675125122,2.39135479927063,2.657109498977661,1.7612810134887695,1.6847018003463745,1.3190017938613892,1.2861213684082031,1.5859066247940063,1.4278055429458618,1.152299165725708,1.4112390279769897,1.6060600280761719,1.629872441291809,1.7305362224578857,2.0849647521972656,2.314079999923706,2.5850396156311035,2.870424747467041,1.0975213050842285,1.0347695350646973,0.6883882880210876,0.7245880961418152,1.0903352499008179,1.0738717317581177,0.9013845324516296,1.085087537765503,1.3764947652816772,1.59599769115448,1.703514814376831,1.9021443128585815,2.2133829593658447,2.450488567352295,2.730236530303955,1.5777045488357544,1.6009894609451294,1.381553292274475,1.0684318542480469,1.3217229843139648,1.3461182117462158,0.9950295090675354,1.0777510404586792,1.02292799949646,0.9769124388694763,0.9597261548042297,1.297624945640564,1.551673173904419,1.8013924360275269,2.0670723915100098
A5,0.6982522010803223,0.5464342832565308,0.5461929440498352,0.3849256634712219,0.0,0.3791239857673645,0.5830715298652649,0.5951080322265625,0.6559026837348938,1.0002435445785522,1.119209885597229,1.3074333667755127,1.5673869848251343,1.768346905708313,2.172039031982422,1.779579520225525,1.7331452369689941,1.4109137058258057,1.2531262636184692,1.5041333436965942,1.4082328081130981,1.0685770511627197,1.2249202728271484,1.463454246520996,1.5323678255081177,1.5305182933807373,1.7471623420715332,1.8930671215057373,2.195277690887451,2.432311773300171,2.037400484085083,1.9947152137756348,1.6416633129119873,1.5423765182495117,1.8446545600891113,1.7077571153640747,1.3841804265975952,1.56880521774292,1.7238675355911255,1.670690655708313,1.7446753978729248,2.0975341796875,2.28930401802063,2.574307680130005,2.8159244060516357,1.41658616065979,1.3918198347091675,1.0601824522018433,1.0893553495407104,1.4662444591522217,1.4564688205718994,1.2593812942504883,1.4135990142822266,1.729481816291809,1.9309543371200562,2.0035018920898438,2.2201688289642334,2.51639723777771,2.769325017929077,3.0249183177948,1.6308152675628662,1.7311052083969116,1.527138590812683,1.2303447723388672,1.536313772201538,1.6145308017730713,1.2932876348495483,1.4262137413024902,1.3411978483200073,1.3304201364517212,1.242827296257019,1.5403246879577637,1.8257579803466797,2.029805898666382,2.277780055999756
A6,0.9766646027565002,0.7232969999313354,0.5590382218360901,0.5551243424415588,0.3791239857673645,0.0,0.38030582666397095,0.5977041125297546,0.6458560824394226,0.8944051265716553,1.1283637285232544,1.3668771982192993,1.559653401374817,1.8290002346038818,2.2081644535064697,1.4569202661514282,1.4385470151901245,1.15335214138031,0.9290600419044495,1.1782033443450928,1.1470680236816406,0.8021354675292969,0.9809213280677795,1.1565320491790771,1.2827725410461426,1.2847346067428589,1.4503458738327026,1.6369036436080933,1.90544855594635,2.178379774093628,1.8632688522338867,1.8429343700408936,1.5188772678375244,1.3375674486160278,1.6277464628219604,1.5340662002563477,1.1767700910568237,1.3071341514587402,1.4074358940124512,1.333672285079956,1.3781591653823853,1.7267483472824097,1.9175000190734863,2.1982920169830322,2.43699049949646,1.611727237701416,1.5699870586395264,1.215956211090088,1.1646305322647095,1.5344802141189575,1.497422218322754,1.2197387218475342,1.3218258619308472,1.67706298828125,1.8188129663467407,1.8544719219207764,2.1148793697357178,2.370007038116455,2.658515214920044,2.8912971019744873,1.6763485670089722,1.7463572025299072,1.4833266735076904,1.2643989324569702,1.6069355010986328,1.6256133317947388,1.3060781955718994,1.5067805051803589,1.5159831047058105,1.5121605396270752,1.5067973136901855,1.8384088277816772,2.104172945022583,2.3406152725219727,2.598954677581787
A7,1.1178022623062134,0.9574902653694153,0.6913257241249084,0.5613511800765991,0.5830715298652649,0.38030582666397095,0.0,0.38112330436706543,0.6007530093193054,0.7414478063583374,0.9500291347503662,1.2633321285247803,1.4642413854599,1.7424135208129883,2.097855567932129,1.3708552122116089,1.2615596055984497,0.9599168300628662,0.7874360084533691,0.9607858657836914,0.837782621383667,0.4874650835990906,0.6798926591873169,0.9424691796302795,1.069597601890564,1.173877477645874,1.3741096258163452,1.610093593597412,1.8660953044891357,2.1516332626342773,1.7444288730621338,1.6559711694717407,1.3281774520874023,1.1623386144638062,1.3918520212173462,1.2380902767181396,0.8790044784545898,1.000123381614685,1.1798701286315918,1.1209814548492432,1.2595738172531128,1.6244747638702393,1.8094028234481812,2.1129493713378906,2.3965365886688232,1.5899015665054321,1.46483314037323,1.0932995080947876,1.090092420578003,1.4120060205459595,1.2892957925796509,1.0001424551010132,1.1697248220443726,1.5215990543365479,1.620249629020691,1.7143605947494507,1.9986952543258667,2.238772392272949,2.538956642150879,2.8009085655212402,1.386539340019226,1.4091039896011353,1.1212517023086548,0.935406506061554,1.2830101251602173,1.2760530710220337,0.9786580204963684,1.2374249696731567,1.303054690361023,1.360252857208252,1.4112696647644043,1.769364833831787,2.03671932220459,2.2827930450439453,2.581993341445923
A8,1.1494314670562744,1.0825119018554688,0.910057783126831,0.620388388633728,0.5951080322265625,0.5977041125297546,0.38112330436706543,0.0,0.37210947275161743,0.5566948652267456,0.6325076222419739,0.9356125593185425,1.1917203664779663,1.4237293004989624,1.790737509727478,1.7346810102462769,1.5925370454788208,1.2872085571289062,1.1450594663619995,1.254042387008667,1.0674450397491455,0.73122239112854,0.7624319195747375,1.0864782333374023,1.0856038331985474,1.176397681236267,1.4570878744125366,1.6358000040054321,1.935969352722168,2.1688883304595947,2.0543179512023926,1.92243492603302,1.5780844688415527,1.4716354608535767,1.6667115688323975,1.4458461999893188,1.1200908422470093,1.2216435670852661,1.4657920598983765,1.370814561843872,1.5667533874511719,1.9312770366668701,2.0737593173980713,2.404710054397583,2.6810693740844727,1.638264536857605,1.4757115840911865,1.1119314432144165,1.2311688661575317,1.5358920097351074,1.3792589902877808,1.1675328016281128,1.418479323387146,1.7358689308166504,1.854409098625183,2.0018324851989746,2.267982006072998,2.525637626647949,2.80863094329834,3.0962002277374268,1.0834887027740479,1.1747510433197021,0.9620325565338135,0.7146182656288147,1.0767955780029297,1.1786468029022217,0.9372191429138184,1.1982485055923462,1.180694580078125,1.3186566829681396,1.2952778339385986,1.6261287927627563,1.937428593635559,2.1320230960845947,2.4527487754821777
A9,1.314534306526184,1.1999136209487915,1.103498935699463,0.8632470369338989,0.6559026837348938,0.6458560824394226,0.6007530093193054,0.37210947275161743,0.0,0.3746497929096222,0.5184893608093262,0.7214447855949402,0.9345287680625916,1.1876925230026245,1.5683178901672363,1.9045192003250122,1.812292218208313,1.5409291982650757,1.322517991065979,1.4143534898757935,1.297425389289856,0.9349234700202942,0.8647014498710632,1.1031899452209473,1.0273879766464233,1.000045895576477,1.2974344491958618,1.4005199670791626,1.7350879907608032,1.926210880279541,2.3447301387786865,2.242896795272827,1.9076814651489258,1.7586666345596313,1.9593212604522705,1.765394926071167,1.4160377979278564,1.4518847465515137,1.6460685729980469,1.4755008220672607,1.6433252096176147,1.99589204788208,2.090796709060669,2.4351143836975098,2.6643764972686768,1.9273546934127808,1.799416422843933,1.4413812160491943,1.547462821006775,1.8772614002227783,1.744005799293518,1.5223344564437866,1.7435795068740845,2.076809883117676,2.1924550533294678,2.310178279876709,2.5855839252471924,2.835216522216797,3.1285722255706787,3.3976340293884277,1.1874587535858154,1.367832899093628,1.1966590881347656,0.9957321286201477,1.362977147102356,1.5080705881118774,1.2992234230041504,1.5629328489303589,1.512272596359253,1.6510080099105835,1.57441246509552,1.873583197593689,2.205559730529785,2.3654680252075195,2.6705241203308105
A10,1.6533442735671997,1.530257225036621,1.3742636442184448,1.149095058441162,1.0002435445785522,0.8944051265716553,0.7414478063583374,0.5566948652267456,0.3746497929096222,0.0,0.37698471546173096,0.6422320604324341,0.7432315349578857,1.0674034357070923,1.3898571729660034,1.892318606376648,1.7754220962524414,1.552863597869873,1.3222754001617432,1.3097083568572998,1.1941994428634644,0.8723729848861694,0.6535819172859192,0.8625830411911011,0.6968551874160767,0.6983243823051453,1.0357027053833008,1.1505508422851562,1.4743897914886475,1.6607022285461426,2.4172582626342773,2.2910027503967285,1.9839072227478027,1.805749535560608,1.939719557762146,1.7341046333312988,1.3911129236221313,1.3299616575241089,1.5291801691055298,1.3036384582519531,1.5239616632461548,1.8597469329833984,1.9015306234359741,2.2686662673950195,2.498516082763672,2.1947989463806152,2.025315761566162,1.6626777648925781,1.7677865028381348,2.0654404163360596,1.87884521484375,1.6370809078216553,1.8644442558288574,2.1993305683135986,2.256615400314331,2.386600971221924,2.691667318344116,2.9044015407562256,3.219526529312134,3.488189220428467,1.0444695949554443,1.2243462800979614,1.0467731952667236,0.9687358736991882,1.3429203033447266,1.4751116037368774,1.3364297151565552,1.661144495010376,1.6678272485733032,1.8531297445297241,1.8205922842025757,2.130718231201172,2.46022367477417,2.6226375102996826,2.9516191482543945
A11,1.696598768234253,1.6545919179916382,1.53177809715271,1.2292026281356812,1.119209885597229,1.1283637285232544,0.9500291347503662,0.6325076222419739,0.5184893608093262,0.37698471546173096,0.0,0.37382885813713074,0.6083442568778992,0.831993579864502,1.1692034006118774,2.1874256134033203,2.0295679569244385,1.7796075344085693,1.6054049730300903,1.5889647006988525,1.4034874439239502,1.1121888160705566,0.8984634876251221,1.168026328086853,0.9570927023887634,0.9966800808906555,1.356925368309021,1.4330945014953613,1.764094591140747,1.9014369249343872,2.6069116592407227,2.440983295440674,2.1180596351623535,2.000361442565918,2.1190249919891357,1.8609870672225952,1.5575692653656006,1.5309244394302368,1.7908563613891602,1.5962399244308472,1.8536970615386963,2.192155361175537,2.2334177494049072,2.605039358139038,2.8484766483306885,2.1869661808013916,1.986122488975525,1.6489448547363281,1.8310420513153076,2.1006217002868652,1.8912031650543213,1.7136480808258057,1.9958560466766357,2.2980263233184814,2.3751578330993652,2.5525195598602295,2.8364739418029785,3.069127321243286,3.3637328147888184,3.659846782684326,0.7473674416542053,1.00502347946167,0.9363828301429749,0.8236148953437805,1.1526845693588257,1.370635747909546,1.2921826839447021,1.5907647609710693,1.541448712348938,1.780853509902954,1.7071715593338013,1.9810508489608765,2.3278214931488037,2.446908950805664,2.7909674644470215
A12,1.8739839792251587,1.8450807332992554,1.7861125469207764,1.4792526960372925,1.3074333667755127,1.3668771982192993,1.2633321285247803,0.9356125593185425,0.7214447855949402,0.6422320604324341,0.37382885813713074,0.0,0.3721620440483093,0.4887153208255768,0.8739095330238342,2.522517442703247,2.385516405105591,2.1368110179901123,1.9419468641281128,1.9333285093307495,1.7694525718688965,1.46788489818573,1.2419730424880981,1.4633764028549194,1.2056268453598022,1.1535813808441162,1.5141793489456177,1.4963146448135376,1.8502990007400513,1.9145071506500244,2.9615814685821533,2.8041131496429443,2.473970413208008,2.358586549758911,2.4897687435150146,2.2336156368255615,1.9280734062194824,1.8970876932144165,2.141580820083618,1.9216868877410889,2.1616122722625732,2.49066162109375,2.5035159587860107,2.8795225620269775,3.0901834964752197,2.4213695526123047,2.239166021347046,1.9181430339813232,2.1208136081695557,2.401663064956665,2.210496187210083,2.053649425506592,2.337653875350952,2.6379809379577637,2.733929395675659,2.9084064960479736,3.184586524963379,3.427844524383545,3.717118740081787,4.012746334075928,0.9123451113700867,1.2434433698654175,1.2558335065841675,1.1369030475616455,1.4198592901229858,1.6860196590423584,1.6255463361740112,1.8937748670578003,1.789634346961975,2.0336086750030518,1.9010714292526245,2.12892484664917,2.4929676055908203,2.5627682209014893,2.8930723667144775
A13,2.1847567558288574,2.112220048904419,2.0367202758789062,1.7659907341003418,1.5673869848251343,1.559653401374817,1.4642413854599,1.1917203664779663,0.9345287680625916,0.7432315349578857,0.6083442568778992,0.3721620440483093,0.0,0.38465243577957153,0.6669193506240845,2.6099190711975098,2.4911575317382812,2.285230875015259,2.0548157691955566,1.998138427734375,1.878248691558838,1.5949218273162842,1.3068358898162842,1.4411170482635498,1.1260067224502563,1.007732629776001,1.3503143787384033,1.2639490365982056,1.6092737913131714,1.6181317567825317,3.1506686210632324,3.002598285675049,2.69262957572937,2.536738634109497,2.64300799369812,2.4059152603149414,2.0915753841400146,1.9938623905181885,2.2019197940826416,1.9317647218704224,2.1665961742401123,2.4660186767578125,2.423854351043701,2.805396795272827,2.981767177581787,2.7557952404022217,2.5738863945007324,2.2399775981903076,2.4148921966552734,2.7008769512176514,2.499037742614746,2.31048846244812,2.5743751525878906,2.890448808670044,2.953904151916504,3.1115784645080566,3.4103493690490723,3.6275954246520996,3.9367165565490723,4.217972755432129,1.1079649925231934,1.430443525314331,1.4335434436798096,1.3990756273269653,1.6888072490692139,1.9292340278625488,1.8905636072158813,2.192445755004883,2.1246752738952637,2.3704075813293457,2.2590863704681396,2.4973506927490234,2.859278440475464,2.934295415878296,3.265080213546753
A14,2.3231427669525146,2.300562858581543,2.264813184738159,1.9604445695877075,1.768346905708313,1.8290002346038818,1.7424135208129883,1.4237293004989624,1.1876925230026245,1.0674034357070923,0.831993579864502,0.4887153208255768,0.38465243577957153,0.0,0.4166024625301361,2.956442356109619,2.823265790939331,2.595865249633789,2.3881380558013916,2.3452017307281494,2.194887399673462,1.9128730297088623,1.641743779182434,1.8091721534729004,1.4935301542282104,1.3914021253585815,1.7307007312774658,1.6201972961425781,1.9611791372299194,1.9266566038131714,3.4364817142486572,3.2719924449920654,2.9488120079040527,2.8282477855682373,2.9383130073547363,2.6763014793395996,2.3799118995666504,2.31066632270813,2.5461668968200684,2.2930748462677,2.5380072593688965,2.843496322631836,2.8053877353668213,3.1878318786621094,3.3654944896698,2.877390146255493,2.6913135051727295,2.3847532272338867,2.603093147277832,2.8764638900756836,2.6758885383605957,2.530975341796875,2.820847511291504,3.117292881011963,3.2032015323638916,3.384220838546753,3.6652345657348633,3.9011149406433105,4.193933010101318,4.491065502166748,1.1622097492218018,1.5246076583862305,1.6116788387298584,1.5491193532943726,1.7812845706939697,2.073629379272461,2.065035581588745,2.3299944400787354,2.210456609725952,2.4761736392974854,2.3203210830688477,2.5098209381103516,2.879500150680542,2.904068946838379,3.229257345199585
A15,2.7324984073638916,2.7088472843170166,2.6560816764831543,2.352174997329712,2.172039031982422,2.2081644535064697,2.097855567932129,1.790737509727478,1.5683178901672363,1.3898571729660034,1.1692034006118774,0.8739095330238342,0.6669193506240845,0.4166024625301361,0.0,3.2425143718719482,3.0988895893096924,2.8980579376220703,2.691424608230591,2.6024630069732666,2.45550537109375,2.207655429840088,1.897121548652649,2.0266971588134766,1.6763023138046265,1.577880859375,1.8900834321975708,1.742514729499817,2.0439138412475586,1.9455288648605347,3.7542479038238525,3.5745692253112793,3.266845941543579,3.140228033065796,3.2141799926757812,2.9453015327453613,2.6659038066864014,2.5546247959136963,2.7872672080993652,2.5143935680389404,2.7762975692749023,3.0569448471069336,2.9759585857391357,3.3609046936035156,3.5227017402648926,3.2587521076202393,3.052966594696045,2.750885009765625,2.97536563873291,3.2320475578308105,3.0072832107543945,2.864163637161255,3.1594767570495605,3.4508979320526123,3.510540008544922,3.7019271850585938,3.9935314655303955,4.211323261260986,4.511614799499512,4.810958385467529,1.3475171327590942,1.6964411735534668,1.8245559930801392,1.8305082321166992,2.0269508361816406,2.3174808025360107,2.3600659370422363,2.637887716293335,2.5362229347229004,2.8254823684692383,2.682520866394043,2.863835096359253,3.2301785945892334,3.2404849529266357,3.5739290714263916
B1,2.037928819656372,1.7877111434936523,1.4514012336730957,1.6662706136703491,1.779579520225525,1.4569202661514282,1.3708552122116089,1.7346810102462769,1.9045192003250122,1.892318606376648,2.1874256134033203,2.522517442703247,2.6099190711975098,2.956442356109619,3.2425143718719482,0.0,0.3708447813987732,0.6019810438156128,0.591916561126709,0.6925081014633179,0.952567994594574,1.0956095457077026,1.3756657838821411,1.2911102771759033,1.6630797386169434,1.8250443935394287,1.7371351718902588,2.0906808376312256,2.111102819442749,2.5044186115264893,1.0035654306411743,1.1225019693374634,1.1126651763916016,0.7340488433837891,0.8238335251808167,1.0903964042663574,0.9507598280906677,0.9421782493591309,0.6429648995399475,0.8792837858200073,0.6656128168106079,0.7720345258712769,1.143020749092102,1.2082809209823608,1.5487333536148071,2.2018563747406006,2.1419544219970703,1.8856786489486694,1.6226603984832764,1.7712795734405518,1.7178813219070435,1.3670554161071777,1.1612062454223633,1.4265707731246948,1.2863774299621582,1.1139086484909058,1.4543579816818237,1.4691596031188965,1.8403886556625366,1.9538071155548096,2.4805781841278076,2.3493077754974365,1.9804686307907104,1.994914174079895,2.2374496459960938,2.0008530616760254,1.7544468641281128,1.9536170959472656,2.222895383834839,2.1535842418670654,2.3893649578094482,2.7543394565582275,2.8839406967163086,3.227191925048828,3.4798483848571777
B2,1.985110878944397,1.7886841297149658,1.4213699102401733,1.565711259841919,1.7331452369689941,1.4385470151901245,1.2615596055984497,1.5925370454788208,1.812292218208313,1.7754220962524414,2.0295679569244385,2.385516405105591,2.4911575317382812,2.823265790939331,3.0988895893096924,0.3708447813987732,0.0,0.3666931688785553,0.5282922387123108,0.5348297357559204,0.6824873089790344,0.9183425903320312,1.2032785415649414,1.1861666440963745,1.5430471897125244,1.7702029943466187,1.7362337112426758,2.1064810752868652,2.149643898010254,2.535799503326416,0.9115603566169739,0.9039325714111328,0.879483163356781,0.5152376890182495,0.49584367871284485,0.7352383732795715,0.6401384472846985,0.6404697299003601,0.42417269945144653,0.7668658494949341,0.7276384234428406,0.8989245295524597,1.2339673042297363,1.3593499660491943,1.7430479526519775,2.0685172080993652,1.9533900022506714,1.7005984783172607,1.4795184135437012,1.5867269039154053,1.4708250761032104,1.1287410259246826,0.9760408401489258,1.2301663160324097,1.0471470355987549,0.9708075523376465,1.339586615562439,1.368624210357666,1.7457256317138672,1.9220006465911865,2.2255451679229736,2.056774377822876,1.6900972127914429,1.7325431108474731,1.941328525543213,1.677811622619629,1.4632542133331299,1.6719447374343872,1.9734227657318115,1.9365954399108887,2.1992111206054688,2.5673716068267822,2.696359395980835,3.0371756553649902,3.314080238342285
B3,1.637086033821106,1.4665031433105469,1.0910097360610962,1.212077021598816,1.4109137058258057,1.15335214138031,0.9599168300628662,1.2872085571289062,1.5409291982650757,1.552863597869873,1.7796075344085693,2.1368110179901123,2.285230875015259,2.595865249633789,2.8980579376220703,0.6019810438156128,0.3666931688785553,0.0,0.37868762016296387,0.5502316355705261,0.5462779402732849,0.6936890482902527,1.043407917022705,1.132755160331726,1.4584541320800781,1.681824803352356,1.7176350355148315,2.069465160369873,2.1761372089385986,2.5457663536071777,0.9048022627830505,0.8449185490608215,0.6714818477630615,0.31734177470207214,0.5049476623535156,0.5958772897720337,0.3860783576965332,0.579272449016571,0.5747049450874329,0.844167947769165,0.8829187750816345,1.150526523590088,1.4641505479812622,1.6455442905426025,2.0124573707580566,1.7324110269546509,1.6113286018371582,1.341963529586792,1.134956955909729,1.276577353477478,1.1593313217163086,0.7975150346755981,0.6930223107337952,1.0086536407470703,0.917312741279602,0.9145151376724243,1.27036452293396,1.4004125595092773,1.7519865036010742,1.9783453941345215,1.9813002347946167,1.8272666931152344,1.4667794704437256,1.445433497428894,1.6603398323059082,1.4197379350662231,1.1573419570922852,1.35426926612854,1.6313971281051636,1.5887229442596436,1.8379430770874023,2.2075557708740234,2.3478963375091553,2.683194637298584,2.9622905254364014
B4,1.61509108543396,1.3815429210662842,1.0280777215957642,1.1567660570144653,1.2531262636184692,0.9290600419044495,0.7874360084533691,1.1450594663619995,1.322517991065979,1.3222754001617432,1.6054049730300903,1.9419468641281128,2.0548157691955566,2.3881380558013916,2.691424608230591,0.591916561126709,0.5282922387123108,0.37868762016296387,0.0,0.38284799456596375,0.5390588045120239,0.5308055281639099,0.8520184755325317,0.871404230594635,1.2111355066299438,1.3790004253387451,1.3905810117721558,1.7315670251846313,1.8436521291732788,2.2132105827331543,1.2239744663238525,1.2156519889831543,1.0255241394042969,0.675295352935791,0.8602582216262817,0.9157132506370544,0.5965830683708191,0.6272130608558655,0.5451732277870178,0.6477084159851074,0.6354736089706421,0.9614714980125427,1.2474054098129272,1.47041916847229,1.800041675567627,1.8899227380752563,1.7907849550247192,1.4756124019622803,1.2919330596923828,1.5180469751358032,1.4145362377166748,1.0399842262268066,0.9844448566436768,1.3360589742660522,1.2881484031677246,1.2585971355438232,1.6054562330245972,1.7367308139801025,2.09040904045105,2.288696050643921,1.9350745677947998,1.8449968099594116,1.4829959869384766,1.4566683769226074,1.74103844165802,1.5660656690597534,1.2972235679626465,1.5462157726287842,1.7692534923553467,1.752780795097351,1.939405083656311,2.3132307529449463,2.4976181983947754,2.8103485107421875,3.0900144577026367
B5,1.9272475242614746,1.7159055471420288,1.3618906736373901,1.4179240465164185,1.5041333436965942,1.1782033443450928,0.9607858657836914,1.254042387008667,1.4143534898757935,1.3097083568572998,1.5889647006988525,1.9333285093307495,1.998138427734375,2.3452017307281494,2.6024630069732666,0.6925081014633179,0.5348297357559204,0.5502316355705261,0.38284799456596375,0.0,0.3690774738788605,0.5299088954925537,0.7160487771034241,0.651343047618866,1.010823369026184,1.2410765886306763,1.2263128757476807,1.5981084108352661,1.665763258934021,2.0403144359588623,1.3999134302139282,1.333709478378296,1.1948280334472656,0.8571354150772095,0.8708152174949646,0.8918948173522949,0.6121021509170532,0.39221370220184326,0.24570494890213013,0.2966006100177765,0.454557329416275,0.7755902409553528,1.005458116531372,1.2701698541641235,1.6298428773880005,2.1720480918884277,2.0231423377990723,1.7053186893463135,1.5721936225891113,1.7583956718444824,1.5872150659561157,1.2269303798675537,1.2210761308670044,1.5404044389724731,1.4176496267318726,1.4289045333862305,1.7960180044174194,1.8735164403915405,2.242659091949463,2.4437241554260254,1.8516976833343506,1.7385914325714111,1.3722338676452637,1.446793794631958,1.7216452360153198,1.5322318077087402,1.343087911605835,1.6465799808502197,1.9029545783996582,1.947271704673767,2.146740198135376,2.5237741470336914,2.720576286315918,3.022305965423584,3.328961133956909
B6,1.7977852821350098,1.6522036790847778,1.2904375791549683,1.262030005455017,1.4082328081130981,1.1470680236816406,0.837782621383667,1.0674450397491455,1.297425389289856,1.1941994428634644,1.4034874439239502,1.7694525718688965,1.878248691558838,2.194887399673462,2.45550537109375,0.952567994594574,0.6824873089790344,0.5462779402732849,0.5390588045120239,0.3690774738788605,0.0,0.3748500645160675,0.5849616527557373,0.7142295241355896,0.9933964610099792,1.2836438417434692,1.3656978607177734,1.7209842205047607,1.8385480642318726,2.1849429607391357,1.4002399444580078,1.244336485862732,1.052243709564209,0.8078151941299438,0.7944288849830627,0.6605217456817627,0.3553673028945923,0.16279593110084534,0.4611191153526306,0.5491956472396851,0.8188322186470032,1.129191279411316,1.3289698362350464,1.6080304384231567,1.97665536403656,1.9723626375198364,1.775538682937622,1.4614274501800537,1.3898676633834839,1.5476611852645874,1.3215986490249634,0.9887505769729614,1.0790371894836426,1.381204605102539,1.2744888067245483,1.3812392950057983,1.7343614101409912,1.850874900817871,2.199936866760254,2.452009677886963,1.556135892868042,1.4074482917785645,1.0379836559295654,1.1187798976898193,1.3663303852081299,1.1642894744873047,0.9955723881721497,1.3171616792678833,1.586216926574707,1.6679497957229614,1.8780804872512817,2.2521088123321533,2.4519574642181396,2.744213104248047,3.069819450378418
B7,1.5425359010696411,1.3791251182556152,1.0475949048995972,0.984919548034668,1.0685770511627197,0.8021354675292969,0.4874650835990906,0.73122239112854,0.9349234700202942,0.8723729848861694,1.1121888160705566,1.46788489818573,1.5949218273162842,1.9128730297088623,2.207655429840088,1.0956095457077026,0.9183425903320312,0.6936890482902527,0.5308055281639099,0.5299088954925537,0.3748500645160675,0.0,0.3825938403606415,0.6100429892539978,0.8420477509498596,1.0671240091323853,1.2049920558929443,1.5227640867233276,1.7038233280181885,2.0300726890563965,1.581359624862671,1.4606568813323975,1.198410153388977,0.9649734497070312,1.0787818431854248,0.9331551194190979,0.5607735514640808,0.5353277325630188,0.7352542281150818,0.6801015734672546,0.9023303985595703,1.2601984739303589,1.4382776021957397,1.748083472251892,2.0724375247955322,1.8580334186553955,1.6854740381240845,1.333807110786438,1.2922354936599731,1.5308588743209839,1.3380577564239502,1.0035057067871094,1.1375776529312134,1.481880784034729,1.4648213386535645,1.5623018741607666,1.896308422088623,2.0663726329803467,2.402045488357544,2.6560146808624268,1.4100170135498047,1.3451173305511475,0.9927465319633484,0.9782666563987732,1.2992405891418457,1.1912741661071777,0.9659736752510071,1.2956361770629883,1.4833273887634277,1.5703850984573364,1.7126543521881104,2.0853397846221924,2.3231287002563477,2.5931501388549805,2.9132533073425293
B8,1.7868809700012207,1.6348289251327515,1.3453357219696045,1.215488076210022,1.2249202728271484,0.9809213280677795,0.6798926591873169,0.7624319195747375,0.8647014498710632,0.6535819172859192,0.8984634876251221,1.2419730424880981,1.3068358898162842,1.641743779182434,1.897121548652649,1.3756657838821411,1.2032785415649414,1.043407917022705,0.8520184755325317,0.7160487771034241,0.5849616527557373,0.3825938403606415,0.0,0.3868439197540283,0.4858940541744232,0.7621122598648071,0.9543768167495728,1.2546159029006958,1.4492830038070679,1.745173454284668,1.9371954202651978,1.7950222492218018,1.5471783876419067,1.3230599164962769,1.3745334148406982,1.1954923868179321,0.8649008870124817,0.699445903301239,0.9060031771659851,0.7067149877548218,1.0042188167572021,1.3382368087768555,1.4182794094085693,1.7739936113357544,2.072740316390991,2.1522486209869385,1.953863263130188,1.5969001054763794,1.6179345846176147,1.853946566581726,1.6269965171813965,1.3261868953704834,1.501741647720337,1.8316786289215088,1.7968049049377441,1.916656732559204,2.2558093070983887,2.4093048572540283,2.7495977878570557,3.0063090324401855,1.2133207321166992,1.1965203285217285,0.8742708563804626,0.9476151466369629,1.2897535562515259,1.2482876777648926,1.1155132055282593,1.4869023561477661,1.6451339721679688,1.8006923198699951,1.90327787399292,2.2615365982055664,2.5325169563293457,2.7664592266082764,3.1061363220214844
B9,2.055427074432373,1.8484795093536377,1.5603013038635254,1.5022127628326416,1.463454246520996,1.1565320491790771,0.9424691796302795,1.0864782333374023,1.1031899452209473,0.8625830411911011,1.168026328086853,1.4633764028549194,1.4411170482635498,1.8091721534729004,2.0266971588134766,1.2911102771759033,1.1861666440963745,1.132755160331726,0.871404230594635,0.651343047618866,0.7142295241355896,0.6100429892539978,0.3868439197540283,0.0,0.37399396300315857,0.6103907227516174,0.6586833596229553,1.0148558616638184,1.137048602104187,1.4723097085952759,2.0275166034698486,1.9307410717010498,1.7331018447875977,1.4431740045547485,1.4689749479293823,1.3724132776260376,1.0531237125396729,0.7849946618080139,0.8285693526268005,0.4998301565647125,0.7632633447647095,1.0565099716186523,1.0733383893966675,1.4455647468566895,1.7176954746246338,2.457986354827881,2.2846927642822266,1.9272394180297852,1.897550106048584,2.1393849849700928,1.933310627937317,1.602859616279602,1.7108867168426514,2.0497689247131348,1.9752320051193237,2.039170742034912,2.3974976539611816,2.5060954093933105,2.867384195327759,3.0858137607574463,1.5350518226623535,1.5282626152038574,1.2161483764648438,1.3305209875106812,1.6642518043518066,1.6008484363555908,1.4753925800323486,1.8425226211547852,2.019209861755371,2.152015209197998,2.263028860092163,2.625412940979004,2.890748977661133,3.1340835094451904,3.4644505977630615
B10,2.167565107345581,1.990373969078064,1.7417572736740112,1.612874984741211,1.5323678255081177,1.2827725410461426,1.069597601890564,1.0856038331985474,1.0273879766464233,0.6968551874160767,0.9570927023887634,1.2056268453598022,1.1260067224502563,1.4935301542282104,1.6763023138046265,1.6630797386169434,1.5430471897125244,1.4584541320800781,1.2111355066299438,1.010823369026184,0.9933964610099792,0.8420477509498596,0.4858940541744232,0.37399396300315857,0.0,0.37359675765037537,0.5800686478614807,0.8464603424072266,1.0309909582138062,1.2936630249023438,2.359119415283203,2.2344303131103516,2.012397050857544,1.758345603942871,1.7797962427139282,1.6282726526260376,1.318047285079956,1.0667520761489868,1.1786675453186035,0.8563917279243469,1.1258599758148193,1.392919898033142,1.3436778783798218,1.7290459871292114,1.962900161743164,2.6099209785461426,2.416619300842285,2.0551302433013916,2.0876495838165283,2.3369193077087402,2.1093332767486572,1.8120447397232056,1.9761439561843872,2.3095955848693848,2.255039930343628,2.3554375171661377,2.706111431121826,2.832449436187744,3.1857526302337646,3.422729730606079,1.3363300561904907,1.395383596420288,1.1487621068954468,1.2847778797149658,1.6202765703201294,1.631653904914856,1.5581823587417603,1.9378387928009033,2.069525957107544,2.2526285648345947,2.3190040588378906,2.6619346141815186,2.956892490386963,3.162489652633667,3.5060036182403564
B11,2.2106218338012695,2.003066062927246,1.8068740367889404,1.6956881284713745,1.5305182933807373,1.2847346067428589,1.173877477645874,1.176397681236267,1.000045895576477,0.6983243823051453,0.9966800808906555,1.1535813808441162,1.007732629776001,1.3914021253585815,1.577880859375,1.8250443935394287,1.7702029943466187,1.681824803352356,1.3790004253387451,1.2410765886306763,1.2836438417434692,1.0671240091323853,0.7621122598648071,0.6103907227516174,0.37359675765037537,0.0,0.36724600195884705,0.5163615942001343,0.7891893982887268,1.018439531326294,2.5835278034210205,2.4967784881591797,2.2610280513763428,1.988562822341919,2.0586206912994385,1.933846354484558,1.595088005065918,1.3743265867233276,1.433042049407959,1.0876989364624023,1.2631553411483765,1.5123753547668457,1.4307968616485596,1.8090053796768188,1.9743444919586182,2.7556042671203613,2.5969691276550293,2.226590871810913,2.252403736114502,2.541393280029297,2.3489739894866943,2.0453367233276367,2.1941163539886475,2.5465645790100098,2.5221142768859863,2.5928566455841064,2.939310312271118,3.078352451324463,3.432190418243408,3.6530404090881348,1.5279818773269653,1.658318281173706,1.4440478086471558,1.5191644430160522,1.8770534992218018,1.9303456544876099,1.8247880935668945,2.1893906593322754,2.276439905166626,2.4441750049591064,2.465726613998413,2.7966039180755615,3.108841896057129,3.297498941421509,3.624544858932495
B12,2.4164583683013916,2.1680383682250977,1.9577351808547974,1.911786675453186,1.7471623420715332,1.4503458738327026,1.3741096258163452,1.4570878744125366,1.2974344491958618,1.0357027053833008,1.356925368309021,1.5141793489456177,1.3503143787384033,1.7307007312774658,1.8900834321975708,1.7371351718902588,1.7362337112426758,1.7176350355148315,1.3905810117721558,1.2263128757476807,1.3656978607177734,1.2049920558929443,0.9543768167495728,0.6586833596229553,0.5800686478614807,0.36724600195884705,0.0,0.3829781413078308,0.5035978555679321,0.8337287306785583,2.5951833724975586,2.5452568531036377,2.348723888397217,2.0342204570770264,2.089384078979492,2.025233030319214,1.6955171823501587,1.433976173400879,1.3940447568893433,1.0236059427261353,1.1171753406524658,1.2980860471725464,1.1595525741577148,1.5242682695388794,1.645275592803955,2.9603984355926514,2.8205459117889404,2.450530529022217,2.426602602005005,2.713465929031372,2.5367085933685303,2.2056288719177246,2.3008859157562256,2.657151460647583,2.602403402328491,2.6287293434143066,2.985574245452881,3.088768243789673,3.4554505348205566,3.642822742462158,1.869080901145935,1.9658524990081787,1.7224992513656616,1.81962251663208,2.1747734546661377,2.1833090782165527,2.0646119117736816,2.429473876953125,2.549436569213867,2.6889638900756836,2.7369821071624756,3.0802853107452393,3.377445936203003,3.5880324840545654,3.906266450881958
B13,2.5845234394073486,2.3382036685943604,2.1777734756469727,2.112330675125122,1.8930671215057373,1.6369036436080933,1.610093593597412,1.6358000040054321,1.4005199670791626,1.1505508422851562,1.4330945014953613,1.4963146448135376,1.2639490365982056,1.6201972961425781,1.742514729499817,2.0906808376312256,2.1064810752868652,2.069465160369873,1.7315670251846313,1.5981084108352661,1.7209842205047607,1.5227640867233276,1.2546159029006958,1.0148558616638184,0.8464603424072266,0.5163615942001343,0.3829781413078308,0.0,0.3757435381412506,0.5449761748313904,2.9490628242492676,2.9039974212646484,2.6899373531341553,2.3836421966552734,2.4585747718811035,2.3812501430511475,2.0418171882629395,1.7988113164901733,1.7740768194198608,1.4056051969528198,1.4814260005950928,1.6444979906082153,1.4777030944824219,1.820526123046875,1.875709891319275,3.1933696269989014,3.0637784004211426,2.6911375522613525,2.6905517578125,2.9976937770843506,2.8293333053588867,2.51053786277771,2.622283697128296,2.9841344356536865,2.9524900913238525,2.981473922729492,3.3323891162872314,3.450270891189575,3.813251495361328,4.000815391540527,1.9945341348648071,2.15032696723938,1.9535315036773682,2.0300989151000977,2.388512372970581,2.44612717628479,2.334603786468506,2.694725751876831,2.773463726043701,2.9254307746887207,2.930678129196167,3.2546870708465576,3.571889638900757,3.753871202468872,4.066235065460205
