,A1,A2,A3,A4,A5,A6,A7,A8,A9,A10,A11,A12,A13,A14,A15,B1,B2,B3,B4,B5,B6,B7,B8,B9,B10,B11,B12,B13,B14,B15,C1,C2,C3,C4,C5,C6,C7,C8,C9,C10,C11,C12,C13,C14,C15,D1,D2,D3,D4,D5,D6,D7,D8,D9,D10,D11,D12,D13,D14,D15,E1,E2,E3,E4,E5,E6,E7,E8,E9,E10,E11,E12,E13,E14,E15
A1,0.0,0.3765953779220581,0.576522946357727,0.6078179478645325,0.7000828385353088,0.9678311944007874,1.1364154815673828,1.1869828701019287,1.2778881788253784,1.6489715576171875,1.6213186979293823,1.9940937757492065,2.0437493324279785,2.3245413303375244,2.538646697998047,2.281334400177002,2.0272743701934814,1.7389204502105713,1.760404109954834,1.8318957090377808,1.5028355121612549,1.2783616781234741,1.4948779344558716,1.8094208240509033,1.9325214624404907,2.3139724731445312,2.4537601470947266,2.603071689605713,2.9053220748901367,3.217525005340576,2.2972803115844727,2.296675682067871,2.005750894546509,1.7826846837997437,2.0098114013671875,1.9510756731033325,1.5830998420715332,1.596247911453247,1.9420967102050781,1.9430780410766602,2.209866762161255,2.5907912254333496,2.778515338897705,3.1064600944519043,3.3866615295410156,1.2537577152252197,1.172619342803955,0.84366375207901,1.0217550992965698,1.3322575092315674,1.2456164360046387,1.182010293006897,1.4819450378417969,1.7159196138381958,1.9407811164855957,2.051881790161133,2.430006980895996,2.4580318927764893,2.8123831748962402,2.968465805053711,1.6743345260620117,1.4335765838623047,1.3165215253829956,1.2326477766036987,1.0523115396499634,0.7523167133331299,0.7362444996833801,0.8562098145484924,0.9000701308250427,0.9179805517196655,1.1701111793518066,1.4473762512207031,1.4709687232971191,1.8124604225158691,2.128159999847412
A2,0.3765953779220581,0.0,0.3640075623989105,0.5320844054222107,0.5107601881027222,0.6715071201324463,0.9204471707344055,1.0305159091949463,1.052918553352356,1.4015312194824219,1.3373934030532837,1.6960813999176025,1.705618143081665,1.9949088096618652,2.1858279705047607,2.0027048587799072,1.7203137874603271,1.4374104738235474,1.520394206047058,1.591760277748108,1.2469581365585327,1.077419400215149,1.3719035387039185,1.653617262840271,1.8426668643951416,2.2101099491119385,2.3088417053222656,2.4988656044006348,2.7716774940490723,3.104724645614624,2.3612632751464844,2.318328857421875,1.995439887046814,1.8361568450927734,2.066373825073242,1.9484515190124512,1.5904183387756348,1.6782186031341553,2.0101585388183594,1.9888994693756104,2.2958128452301025,2.6641664505004883,2.8090598583221436,3.1617138385772705,3.4344818592071533,1.4078876972198486,1.410809874534607,1.0883411169052124,1.161996603012085,1.5196090936660767,1.4802085161209106,1.3438466787338257,1.5978114604949951,1.8877761363983154,2.1127374172210693,2.274807929992676,2.6522321701049805,2.7146308422088623,3.072725534439087,3.2428181171417236,1.824280858039856,1.6493234634399414,1.5377857685089111,1.3649895191192627,1.1852335929870605,0.9776851534843445,0.8806062936782837,0.8326089382171631,0.876461923122406,0.7483771443367004,1.0547112226486206,1.2703909873962402,1.2968287467956543,1.658483624458313,1.9568212032318115
A3,0.576522946357727,0.3640075623989105,0.0,0.37823057174682617,0.5532659888267517,0.579757571220398,0.7135865688323975,0.9239755272865295,1.0358753204345703,1.3483388423919678,1.3617957830429077,1.7262157201766968,1.7209235429763794,2.0532431602478027,2.211534261703491,1.7231615781784058,1.4627101421356201,1.1944164037704468,1.22216796875,1.2650290727615356,0.9282933473587036,0.7350107431411743,1.0216041803359985,1.2953587770462036,1.4814796447753906,1.847693920135498,1.947348952293396,2.1365270614624023,2.4136481285095215,2.7432785034179688,2.1800215244293213,2.0887298583984375,1.7669484615325928,1.6188479661941528,1.8076692819595337,1.648916482925415,1.2931678295135498,1.3982874155044556,1.7076035737991333,1.6653786897659302,1.9893596172332764,2.3476104736328125,2.4719576835632324,2.833223819732666,3.103022336959839,1.176923394203186,1.2545273303985596,0.9677863717079163,0.9500748515129089,1.330997109413147,1.3755757808685303,1.232602596282959,1.4179279804229736,1.7277886867523193,1.9886221885681152,2.1625428199768066,2.540022611618042,2.6511082649230957,2.994586229324341,3.203531265258789,1.9309382438659668,1.7692952156066895,1.5887415409088135,1.4002079963684082,1.3187365531921387,1.1041464805603027,0.88461834192276,0.8265900611877441,1.0120255947113037,0.8998586535453796,1.263060212135315,1.4936773777008057,1.5777015686035156,1.9295084476470947,2.2378926277160645
A4,0.6078179478645325,0.5320844054222107,0.37823057174682617,0.0,0.3840915858745575,0.5571339130401611,0.5659800171852112,0.6557706594467163,0.8584551215171814,1.1933473348617554,1.2784569263458252,1.6669543981552124,1.7421222925186157,2.0740392208099365,2.279599666595459,1.756060242652893,1.5571929216384888,1.2436655759811401,1.2066926956176758,1.3451164960861206,1.0820379257202148,0.7767444252967834,0.971821129322052,1.3150203227996826,1.4686789512634277,1.8387342691421509,1.997331976890564,2.1937782764434814,2.5039334297180176,2.8056912422180176,1.841944932937622,1.7867751121520996,1.4666317701339722,1.3083018064498901,1.5461363792419434,1.4397364854812622,1.0909868478775024,1.2179930210113525,1.561967134475708,1.6021919250488281,1.9102791547775269,2.268543243408203,2.4307737350463867,2.773475408554077,3.0808563232421875,1.1639326810836792,1.1637660264968872,0.8378908634185791,0.7545154690742493,1.111835241317749,1.0998190641403198,0.8964501619338989,1.0981926918029785,1.4203882217407227,1.6484699249267578,1.848955750465393,2.2202064990997314,2.3312032222747803,2.6826870441436768,2.884443521499634,1.5929893255233765,1.4544363021850586,1.2535794973373413,1.0404542684555054,1.0126619338989258,0.8333401679992676,0.5462502837181091,0.4797934889793396,0.7479216456413269,0.7457050085067749,1.1030791997909546,1.402644395828247,1.5622221231460571,1.8774477243423462,2.2320263385772705
A5,0.7000828385353088,0.5107601881027222,0.5532659888267517,0.3840915858745575,0.0,0.3778785169124603,0.5663042068481445,0.5467919707298279,0.5794358849525452,0.9493157863616943,0.9595340490341187,1.3481457233428955,1.4457335472106934,1.7503092288970947,1.988237738609314,1.7894384860992432,1.5660229921340942,1.2279765605926514,1.2873735427856445,1.4790265560150146,1.2150014638900757,0.9683573246002197,1.228851318359375,1.547179102897644,1.7564293146133423,2.1075544357299805,2.240304946899414,2.4749982357025146,2.7621185779571533,3.0758395195007324,1.9937011003494263,1.96314537525177,1.6242154836654663,1.5256036520004272,1.810296654701233,1.7081291675567627,1.3907442092895508,1.5636287927627563,1.906990647315979,1.9626624584197998,2.277346611022949,2.627528190612793,2.779325485229492,3.1261141300201416,3.4372918605804443,1.5440614223480225,1.522519826889038,1.177317500114441,1.1176891326904297,1.451775074005127,1.3765807151794434,1.125649333000183,1.3482961654663086,1.6786640882492065,1.846497893333435,2.078681468963623,2.436814546585083,2.5229742527008057,2.8894102573394775,3.05757737159729,1.5114866495132446,1.4308011531829834,1.3137400150299072,1.038165807723999,0.9148235321044922,0.8529325723648071,0.6668797135353088,0.4138798117637634,0.5048299431800842,0.3736375570297241,0.7488879561424255,1.0232768058776855,1.1992663145065308,1.5056582689285278,1.862493634223938
A6,0.9678311944007874,0.6715071201324463,0.579757571220398,0.5571339130401611,0.3778785169124603,0.0,0.37236636877059937,0.5382989645004272,0.5064190626144409,0.7826210260391235,0.7949994206428528,1.1618503332138062,1.193920373916626,1.5372943878173828,1.7256299257278442,1.4476596117019653,1.2024774551391602,0.8688022494316101,0.9895636439323425,1.1777504682540894,0.9233770966529846,0.7495315074920654,1.0750844478607178,1.3327337503433228,1.6023446321487427,1.9251060485839844,2.011918783187866,2.2802352905273438,2.5338313579559326,2.861525774002075,2.0829968452453613,1.988064169883728,1.632102608680725,1.601304531097412,1.8501585721969604,1.6761956214904785,1.3854323625564575,1.6148961782455444,1.9191092252731323,1.9385050535202026,2.2815194129943848,2.6095714569091797,2.7120540142059326,3.0778136253356934,3.372824192047119,1.6399916410446167,1.7001293897628784,1.3896288871765137,1.2648391723632812,1.6197468042373657,1.6193653345108032,1.354722023010254,1.4998327493667603,1.8594166040420532,2.0461578369140625,2.3031933307647705,2.656001091003418,2.783740997314453,3.1395506858825684,3.3337907791137695,1.825477123260498,1.780766248703003,1.643626093864441,1.3413299322128296,1.264856219291687,1.221738338470459,0.9859990477561951,0.6951780319213867,0.8284541368484497,0.5930008888244629,0.9586801528930664,1.1306910514831543,1.3094457387924194,1.6142139434814453,1.9354820251464844
A7,1.1364154815673828,0.9204471707344055,0.7135865688323975,0.5659800171852112,0.5663042068481445,0.37236636877059937,0.0,0.3646063506603241,0.559005081653595,0.7569953799247742,0.9333245158195496,1.2891201972961426,1.3607263565063477,1.7238260507583618,1.9026880264282227,1.2642494440078735,1.1036404371261597,0.7583944797515869,0.7400574088096619,0.9920807480812073,0.8310433030128479,0.5576838850975037,0.7893462181091309,1.074706792831421,1.324495792388916,1.6371654272079468,1.7623116970062256,2.035428762435913,2.3104331493377686,2.6138014793395996,1.7637121677398682,1.6375508308410645,1.2804723978042603,1.2788894176483154,1.5136044025421143,1.325832724571228,1.0648279190063477,1.3394854068756104,1.6253297328948975,1.6771842241287231,2.0180373191833496,2.32709002494812,2.429547071456909,2.7876555919647217,3.0994200706481934,1.5181858539581299,1.5939359664916992,1.3172807693481445,1.0973436832427979,1.4220890998840332,1.4625096321105957,1.1720887422561646,1.2374522686004639,1.6109164953231812,1.7999175786972046,2.0794363021850586,2.4185538291931152,2.586730718612671,2.927734613418579,3.148179292678833,1.7907416820526123,1.7676275968551636,1.573449969291687,1.2620223760604858,1.2975519895553589,1.2644509077072144,0.9479848146438599,0.6662635803222656,0.9320383667945862,0.8144274950027466,1.1681349277496338,1.3868377208709717,1.6216020584106445,1.895617961883545,2.239716053009033
A8,1.1869828701019287,1.0305159091949463,0.9239755272865295,0.6557706594467163,0.5467919707298279,0.5382989645004272,0.3646063506603241,0.0,0.3766576051712036,0.6190742254257202,0.8424144387245178,1.2105343341827393,1.3800760507583618,1.707958698272705,1.9486117362976074,1.5129717588424683,1.3946198225021362,1.040116548538208,1.0160771608352661,1.3210294246673584,1.193398356437683,0.9033193588256836,1.057038426399231,1.3702547550201416,1.5813345909118652,1.8870998620986938,2.049372911453247,2.318967819213867,2.6103901863098145,2.8925046920776367,1.6007356643676758,1.5423305034637451,1.188749074935913,1.1972836256027222,1.5025838613510132,1.3929029703140259,1.16009521484375,1.4308435916900635,1.741745948791504,1.861031413078308,2.1746366024017334,2.4838943481445312,2.6229586601257324,2.958787202835083,3.2968475818634033,1.679855465888977,1.6786479949951172,1.374943494796753,1.166216492652893,1.4409332275390625,1.395088791847229,1.0570083856582642,1.1526389122009277,1.5164176225662231,1.6364816427230835,1.94182550907135,2.264561653137207,2.4083211421966553,2.7606709003448486,2.9513070583343506,1.4739201068878174,1.5024718046188354,1.3399677276611328,0.9883904457092285,1.0388376712799072,1.1004209518432617,0.8162585496902466,0.4636954963207245,0.6964978575706482,0.6636043190956116,0.9529770016670227,1.2117891311645508,1.5038408041000366,1.7313058376312256,2.107198715209961
A9,1.2778881788253784,1.052918553352356,1.0358753204345703,0.8584551215171814,0.5794358849525452,0.5064190626144409,0.559005081653595,0.3766576051712036,0.0,0.3799576759338379,0.48179709911346436,0.8644422888755798,1.050053358078003,1.355243444442749,1.6217589378356934,1.5673719644546509,1.4035931825637817,1.052201747894287,1.1566473245620728,1.458583116531372,1.306492805480957,1.102648138999939,1.3378498554229736,1.607850432395935,1.867306113243103,2.160033941268921,2.2783827781677246,2.5721731185913086,2.832453727722168,3.1340088844299316,1.9241232872009277,1.8766725063323975,1.5241276025772095,1.5638048648834229,1.873404622077942,1.751596450805664,1.5244779586791992,1.7966439723968506,2.105564832687378,2.2020199298858643,2.5272860527038574,2.8374717235565186,2.9587454795837402,3.304988145828247,3.6321918964385986,1.9785335063934326,1.9798730611801147,1.654205322265625,1.4943890571594238,1.7892494201660156,1.7183902263641357,1.3876628875732422,1.5178593397140503,1.8738372325897217,1.9710739850997925,2.276986837387085,2.595388889312744,2.713820219039917,3.0750739574432373,3.2395362854003906,1.5768969058990479,1.6382941007614136,1.550937294960022,1.1865204572677612,1.1322743892669678,1.246870994567871,1.0475715398788452,0.663375198841095,0.6980425119400024,0.5105419754981995,0.742416501045227,0.9069685935974121,1.2103948593139648,1.4198118448257446,1.7775319814682007
A10,1.6489715576171875,1.4015312194824219,1.3483388423919678,1.1933473348617554,0.9493157863616943,0.7826210260391235,0.7569953799247742,0.6190742254257202,0.3799576759338379,0.0,0.3785867691040039,0.642248272895813,0.8677115440368652,1.169814109802246,1.4230329990386963,1.4186254739761353,1.3084393739700317,0.9887934923171997,1.1202963590621948,1.4618754386901855,1.3927924633026123,1.244156837463379,1.4520677328109741,1.6629581451416016,1.9471999406814575,2.1891801357269287,2.2847466468811035,2.6099276542663574,2.8414764404296875,3.1329050064086914,1.9818140268325806,1.904236912727356,1.5589640140533447,1.6876698732376099,1.981040120124817,1.8340179920196533,1.6707336902618408,1.9874614477157593,2.2597618103027344,2.362959384918213,2.69218373298645,2.97113299369812,3.061964273452759,3.4072585105895996,3.7339789867401123,2.256774425506592,2.2858941555023193,1.9793277978897095,1.7749431133270264,2.05257511138916,2.0063416957855225,1.657079815864563,1.7241066694259644,2.0838088989257812,2.1553568840026855,2.4912850856781006,2.7841620445251465,2.9294307231903076,3.278886556625366,3.4496946334838867,1.8058903217315674,1.9258546829223633,1.8409463167190552,1.4603954553604126,1.4494097232818604,1.602602481842041,1.389523983001709,1.0056227445602417,1.047176480293274,0.8666250705718994,1.017004370689392,1.0819512605667114,1.4053966999053955,1.5530818700790405,1.8782072067260742
A11,1.6213186979293823,1.3373934030532837,1.3617957830429077,1.2784569263458252,0.9595340490341187,0.7949994206428528,0.9333245158195496,0.8424144387245178,0.48179709911346436,0.3785867691040039,0.0,0.3929975628852844,0.6003260612487793,0.8771925568580627,1.1650971174240112,1.5972353219985962,1.4121299982070923,1.1133356094360352,1.338449478149414,1.626420021057129,1.4934990406036377,1.3995603322982788,1.6779597997665405,1.879700779914856,2.1865785121917725,2.443744659423828,2.5071170330047607,2.831671714782715,3.0452542304992676,3.360405921936035,2.3242952823638916,2.261692523956299,1.9120433330535889,2.004734992980957,2.303123950958252,2.151664972305298,1.9499354362487793,2.242642879486084,2.532233476638794,2.604870557785034,2.944164991378784,3.241346836090088,3.328752040863037,3.6861817836761475,3.998730182647705,2.4041922092437744,2.4304144382476807,2.102962017059326,1.9554920196533203,2.2635302543640137,2.1982972621917725,1.8688077926635742,1.9908684492111206,2.348576068878174,2.4309513568878174,2.7472476959228516,3.0555005073547363,3.170315742492676,3.5320820808410645,3.6834075450897217,1.9187006950378418,2.0194013118743896,1.9829798936843872,1.6159042119979858,1.5122971534729004,1.6589539051055908,1.5061326026916504,1.1272811889648438,1.065381407737732,0.7915239930152893,0.8820210099220276,0.8258155584335327,1.1059353351593018,1.255165457725525,1.5450315475463867
A12,1.9940937757492065,1.6960813999176025,1.7262157201766968,1.6669543981552124,1.3481457233428955,1.1618503332138062,1.2891201972961426,1.2105343341827393,0.8644422888755798,0.642248272895813,0.3929975628852844,0.0,0.37772348523139954,0.5486009120941162,0.8636706471443176,1.697284460067749,1.5339998006820679,1.296886682510376,1.5620908737182617,1.8440436124801636,1.751079797744751,1.7124842405319214,1.9880712032318115,2.1453895568847656,2.470950126647949,2.6937575340270996,2.726762294769287,3.0708093643188477,3.2515945434570312,3.5650367736816406,2.603363037109375,2.5325708389282227,2.193058490753174,2.329374313354492,2.6209781169891357,2.4575421810150146,2.286444902420044,2.5972068309783936,2.8695411682128906,2.93886137008667,3.2820699214935303,3.563204765319824,3.628502130508423,3.9875071048736572,4.294095039367676,2.780688762664795,2.81906795501709,2.494483709335327,2.3391997814178467,2.6440412998199463,2.581709623336792,2.24477481842041,2.3490118980407715,2.7061545848846436,2.769444704055786,3.099250555038452,3.3930270671844482,3.5114030838012695,3.869746446609497,4.013354778289795,2.211470127105713,2.3489673137664795,2.3366925716400146,1.96479070186615,1.8581792116165161,2.032402276992798,1.893640160560608,1.5134475231170654,1.428110122680664,1.157456874847412,1.1729459762573242,1.005710244178772,1.2495064735412598,1.313398838043213,1.526540994644165
A13,2.0437493324279785,1.705618143081665,1.7209235429763794,1.7421222925186157,1.4457335472106934,1.193920373916626,1.3607263565063477,1.3800760507583618,1.050053358078003,0.8677115440368652,0.6003260612487793,0.37772348523139954,0.0,0.3834898769855499,0.5720094442367554,1.5902981758117676,1.3774751424789429,1.2009958028793335,1.5309771299362183,1.749161958694458,1.6439111232757568,1.6868246793746948,1.9989384412765503,2.106536388397217,2.4566524028778076,2.6662118434906006,2.6509876251220703,2.9976089000701904,3.143064022064209,3.4737303256988525,2.8406221866607666,2.7322874069213867,2.3838014602661133,2.512115955352783,2.7731714248657227,2.5679616928100586,2.3838119506835938,2.6907947063446045,2.9475314617156982,2.97059965133667,3.3270483016967773,3.605051040649414,3.639355421066284,4.0124735832214355,4.292570114135742,2.812783718109131,2.892479181289673,2.579716205596924,2.4337918758392334,2.76619815826416,2.7420055866241455,2.424182891845703,2.5257444381713867,2.8941822052001953,2.9980828762054443,3.3164422512054443,3.6274898052215576,3.757788896560669,4.115946292877197,4.277596950531006,2.5078909397125244,2.606060743331909,2.5746893882751465,2.2122654914855957,2.091069459915161,2.2113916873931885,2.057615041732788,1.6888809204101562,1.630013346672058,1.3117010593414307,1.3828421831130981,1.193236231803894,1.3476642370224,1.4593474864959717,1.6077640056610107
A14,2.3245413303375244,1.9949088096618652,2.0532431602478027,2.0740392208099365,1.7503092288970947,1.5372943878173828,1.7238260507583618,1.707958698272705,1.355243444442749,1.169814109802246,0.8771925568580627,0.5486009120941162,0.3834898769855499,0.0,0.3889106810092926,1.9308102130889893,1.7295327186584473,1.5774048566818237,1.909077763557434,2.12430739402771,2.0188639163970947,2.0671701431274414,2.381075620651245,2.488563299179077,2.8395299911499023,3.0440127849578857,3.0215840339660645,3.3714163303375244,3.5049731731414795,3.835336923599243,3.1438491344451904,3.0559139251708984,2.7134132385253906,2.8488667011260986,3.1244237422943115,2.9325830936431885,2.7519872188568115,3.057680606842041,3.3212878704071045,3.3509626388549805,3.7062129974365234,3.9858551025390625,4.021885395050049,4.394032955169678,4.675064563751221,3.1701135635375977,3.2340853214263916,2.910290241241455,2.782256841659546,3.1114494800567627,3.0623843669891357,2.741537570953369,2.858919382095337,3.2211663722991943,3.302494764328003,3.623645544052124,3.927191972732544,4.039450168609619,4.401753902435303,4.54183292388916,2.6950581073760986,2.8168225288391113,2.826064348220825,2.4663803577423096,2.3159024715423584,2.4667487144470215,2.3526406288146973,1.9857691526412964,1.8722429275512695,1.5605154037475586,1.5495657920837402,1.2794008255004883,1.3885856866836548,1.414646863937378,1.4782365560531616
A15,2.538646697998047,2.1858279705047607,2.211534261703491,2.279599666595459,1.988237738609314,1.7256299257278442,1.9026880264282227,1.9486117362976074,1.6217589378356934,1.4230329990386963,1.1650971174240112,0.8636706471443176,0.5720094442367554,0.3889106810092926,0.0,1.880441427230835,1.6757030487060547,1.6029019355773926,1.9608772993087769,2.124969482421875,2.0434069633483887,2.1597788333892822,2.478118896484375,2.529426097869873,2.8945488929748535,3.0674121379852295,2.999534845352173,3.3532321453094482,3.44427227973938,3.7783379554748535,3.380202293395996,3.2552545070648193,2.9129478931427,3.0618584156036377,3.3066937923431396,3.0792665481567383,2.908911943435669,3.219975709915161,3.4580907821655273,3.4548962116241455,3.816990852355957,4.080840587615967,4.081833362579346,4.460748672485352,4.717540740966797,3.316262722015381,3.4193408489227295,3.113022804260254,2.97524094581604,3.3166592121124268,3.305060625076294,2.9923958778381348,3.0887718200683594,3.459502935409546,3.5660459995269775,3.8867292404174805,4.196172714233398,4.328900337219238,4.686494827270508,4.8463287353515625,3.0456666946411133,3.1515021324157715,3.137038469314575,2.7770962715148926,2.638178825378418,2.7573795318603516,2.6174986362457275,2.2545149326324463,2.1783626079559326,1.8494800329208374,1.885125994682312,1.627176284790039,1.6991373300552368,1.752902865409851,1.7725919485092163
B1,2.281334400177002,2.0027048587799072,1.7231615781784058,1.756060242652893,1.7894384860992432,1.4476596117019653,1.2642494440078735,1.5129717588424683,1.5673719644546509,1.4186254739761353,1.5972353219985962,1.697284460067749,1.5902981758117676,1.9308102130889893,1.880441427230835,0.0,0.3850923776626587,0.5934446454048157,0.5744404196739197,0.6052227020263672,0.9051663279533386,1.0723284482955933,1.1309356689453125,0.9471891522407532,1.27253258228302,1.2949185371398926,1.1947823762893677,1.5705146789550781,1.6560019254684448,1.9470829963684082,2.349876642227173,2.0516111850738525,1.7753636837005615,1.9637356996536255,2.0058562755584717,1.6603184938430786,1.6248970031738281,1.9484491348266602,2.015939474105835,1.960731029510498,2.2964632511138916,2.4548110961914062,2.364720582962036,2.728712558746338,2.95704984664917,2.248067855834961,2.483778715133667,2.3335530757904053,2.039027452468872,2.304140090942383,2.4929606914520264,2.238003969192505,2.1259310245513916,2.468998670578003,2.671102523803711,2.9670560359954834,3.2499308586120605,3.5169742107391357,3.7989304065704346,4.082437992095947,2.9564614295959473,2.986396551132202,2.761807680130005,2.447350025177002,2.5414786338806152,2.5204989910125732,2.1795849800109863,1.9190819263458252,2.166691541671753,1.9783941507339478,2.2849998474121094,2.3618040084838867,2.576594114303589,2.811227321624756,3.064094066619873
B2,2.0272743701934814,1.7203137874603271,1.4627101421356201,1.5571929216384888,1.5660229921340942,1.2024774551391602,1.1036404371261597,1.3946198225021362,1.4035931825637817,1.3084393739700317,1.4121299982070923,1.5339998006820679,1.3774751424789429,1.7295327186584473,1.6757030487060547,0.3850923776626587,0.0,0.35791435837745667,0.5501487851142883,0.5166037678718567,0.6612651944160461,0.9048770666122437,1.091424584388733,0.9602805376052856,1.326643943786621,1.4332252740859985,1.3260769844055176,1.6811739206314087,1.778628945350647,2.112243890762329,2.471668004989624,2.205289363861084,1.8954863548278809,2.0269198417663574,2.1057119369506836,1.7695822715759277,1.6512749195098877,1.952481746673584,2.0693507194519043,1.9863286018371582,2.3425278663635254,2.546747922897339,2.4789350032806396,2.8610477447509766,3.0827527046203613,2.1280503273010254,2.3624343872070312,2.186053991317749,1.937822699546814,2.247478723526001,2.4183483123779297,2.1721858978271484,2.120845079421997,2.478315830230713,2.7003321647644043,2.982226610183716,3.2943267822265625,3.5315372943878174,3.834170341491699,4.103546619415283,2.8678033351898193,2.8698763847351074,2.664860248565674,2.3531808853149414,2.393249034881592,2.349602460861206,2.0315134525299072,1.7678407430648804,1.9859988689422607,1.7576334476470947,2.0732600688934326,2.129774570465088,2.303386926651001,2.561553478240967,2.796072244644165
B3,1.7389204502105713,1.4374104738235474,1.1944164037704468,1.2436655759811401,1.2279765605926514,0.8688022494316101,0.7583944797515869,1.040116548538208,1.052201747894287,0.9887934923171997,1.1133356094360352,1.296886682510376,1.2009958028793335,1.5774048566818237,1.6029019355773926,0.5934446454048157,0.35791435837745667,0.0,0.3865852952003479,0.5539946556091309,0.5747578740119934,0.6867133378982544,0.9270996451377869,0.9278899431228638,1.29303777217865,1.4772803783416748,1.453764796257019,1.7973220348358154,1.9616892337799072,2.2897489070892334,2.227802276611328,1.9978489875793457,1.6642048358917236,1.777029275894165,1.9071805477142334,1.6043798923492432,1.4473934173583984,1.7593296766281128,1.929810643196106,1.890982985496521,2.252683639526367,2.4931046962738037,2.479212760925293,2.859590768814087,3.1163041591644287,1.9475429058074951,2.1386771202087402,1.9275811910629272,1.6830568313598633,2.0020339488983154,2.1341094970703125,1.8679003715515137,1.8452891111373901,2.2135539054870605,2.4203696250915527,2.7098944187164307,3.028944492340088,3.2464892864227295,3.5629425048828125,3.8153321743011475,2.514012098312378,2.520230531692505,2.3260467052459717,2.0064282417297363,2.0400197505950928,2.0117709636688232,1.6991437673568726,1.418585181236267,1.6322718858718872,1.4133840799331665,1.7317699193954468,1.8138165473937988,2.0097968578338623,2.268841028213501,2.5330886840820312
B4,1.760404109954834,1.520394206047058,1.22216796875,1.2066926956176758,1.2873735427856445,0.9895636439323425,0.7400574088096619,1.0160771608352661,1.1566473245620728,1.1202963590621948,1.338449478149414,1.5620908737182617,1.5309771299362183,1.909077763557434,1.9608772993087769,0.5744404196739197,0.5501487851142883,0.3865852952003479,0.0,0.3911043703556061,0.5654196739196777,0.5496127009391785,0.6248713731765747,0.6155655980110168,0.9577658772468567,1.1386109590530396,1.1744482517242432,1.513697862625122,1.7227928638458252,2.0244088172912598,1.933864712715149,1.6723026037216187,1.3580936193466187,1.4774529933929443,1.5629843473434448,1.2406498193740845,1.1227504014968872,1.4487431049346924,1.585157871246338,1.5648466348648071,1.9177401065826416,2.1408658027648926,2.1313483715057373,2.5037829875946045,2.7765707969665527,1.7422587871551514,1.9433976411819458,1.773389458656311,1.477642297744751,1.755435585975647,1.9267841577529907,1.6733380556106567,1.5872259140014648,1.9411900043487549,2.158547878265381,2.443709373474121,2.748593330383301,2.9943647384643555,3.2910211086273193,3.5654594898223877,2.446204900741577,2.4449222087860107,2.2073307037353516,1.9097059965133667,2.012310266494751,1.9665199518203735,1.616645097732544,1.3832368850708008,1.6669999361038208,1.5238981246948242,1.8606345653533936,2.010004997253418,2.2364773750305176,2.497653007507324,2.7981374263763428
B5,1.8318957090377808,1.591760277748108,1.2650290727615356,1.3451164960861206,1.4790265560150146,1.1777504682540894,0.9920807480812073,1.3210294246673584,1.458583116531372,1.4618754386901855,1.626420021057129,1.8440436124801636,1.749161958694458,2.12430739402771,2.124969482421875,0.6052227020263672,0.5166037678718567,0.5539946556091309,0.3911043703556061,0.0,0.38458770513534546,0.5764071941375732,0.6474557518959045,0.4544285833835602,0.822182834148407,0.9765337705612183,0.9216634035110474,1.2514358758926392,1.4260176420211792,1.7618029117584229,2.1956608295440674,1.9122941493988037,1.6247435808181763,1.6966756582260132,1.717900276184082,1.3652117252349854,1.2342913150787354,1.4996970891952515,1.5878230333328247,1.477003812789917,1.8328908681869507,2.0427792072296143,1.9856942892074585,2.3730039596557617,2.6009085178375244,1.678236722946167,1.9418364763259888,1.818241834640503,1.5504889488220215,1.83553147315979,2.0597643852233887,1.8614753484725952,1.776438593864441,2.1088998317718506,2.371729850769043,2.618459701538086,2.9325759410858154,3.1842164993286133,3.4684641361236572,3.7606990337371826,2.7342538833618164,2.689887762069702,2.437206268310547,2.172529697418213,2.258718490600586,2.1555888652801514,1.8089803457260132,1.6252912282943726,1.9151148796081543,1.7567678689956665,2.115264892578125,2.2580759525299072,2.4378790855407715,2.729069709777832,3.0070669651031494
B6,1.5028355121612549,1.2469581365585327,0.9282933473587036,1.0820379257202148,1.2150014638900757,0.9233770966529846,0.8310433030128479,1.193398356437683,1.306492805480957,1.3927924633026123,1.4934990406036377,1.751079797744751,1.6439111232757568,2.0188639163970947,2.0434069633483887,0.9051663279533386,0.6612651944160461,0.5747578740119934,0.5654196739196777,0.38458770513534546,0.0,0.38299646973609924,0.6582754850387573,0.6342315673828125,0.9690235257148743,1.2198243141174316,1.192191481590271,1.4664435386657715,1.6619679927825928,2.016186237335205,2.2733230590820312,2.0365684032440186,1.7243378162384033,1.7280622720718384,1.7955938577651978,1.4795582294464111,1.2550255060195923,1.4783942699432373,1.63348388671875,1.5089664459228516,1.8748985528945923,2.1388323307037354,2.1244945526123047,2.5175986289978027,2.7452199459075928,1.5009721517562866,1.7511873245239258,1.5943493843078613,1.3875128030776978,1.7204264402389526,1.9160553216934204,1.7341593503952026,1.7232834100723267,2.0621471405029297,2.340348720550537,2.5665581226348877,2.9080958366394043,3.122561454772949,3.426790714263916,3.699936866760254,2.5815927982330322,2.5023233890533447,2.2689311504364014,2.0177676677703857,2.0501582622528076,1.9143714904785156,1.5952038764953613,1.4273561239242554,1.6911592483520508,1.512110710144043,1.8820405006408691,2.0260794162750244,2.16548490524292,2.4827494621276855,2.7538230419158936
B7,1.2783616781234741,1.077419400215149,0.7350107431411743,0.7767444252967834,0.9683573246002197,0.7495315074920654,0.5576838850975037,0.9033193588256836,1.102648138999939,1.244156837463379,1.3995603322982788,1.7124842405319214,1.6868246793746948,2.0671701431274414,2.1597788333892822,1.0723284482955933,0.9048770666122437,0.6867133378982544,0.5496127009391785,0.5764071941375732,0.38299646973609924,0.0,0.3962707221508026,0.6003821492195129,0.8730751276016235,1.195759892463684,1.2807074785232544,1.5322325229644775,1.799168348312378,2.120988368988037,1.9293992519378662,1.721295714378357,1.4017261266708374,1.370943546295166,1.4714752435684204,1.1914374828338623,0.9258531928062439,1.1620798110961914,1.3702378273010254,1.3116977214813232,1.6761685609817505,1.9702214002609253,2.01822829246521,2.3988912105560303,2.67016339302063,1.260895013809204,1.4632748365402222,1.2839770317077637,1.0427809953689575,1.3741874694824219,1.5509446859359741,1.3545756340026855,1.3458335399627686,1.6907609701156616,1.962867021560669,2.1933557987213135,2.5370781421661377,2.7455735206604004,3.055046558380127,3.3224258422851562,2.234710454940796,2.1526949405670166,1.903781533241272,1.6598092317581177,1.7252103090286255,1.5902488231658936,1.2496891021728516,1.103318691253662,1.4089242219924927,1.2942709922790527,1.6711052656173706,1.8765733242034912,2.052884578704834,2.3636412620544434,2.6771390438079834
B8,1.4948779344558716,1.3719035387039185,1.0216041803359985,0.971821129322052,1.228851318359375,1.0750844478607178,0.7893462181091309,1.057038426399231,1.3378498554229736,1.4520677328109741,1.6779597997665405,1.9880712032318115,1.9989384412765503,2.381075620651245,2.478118896484375,1.1309356689453125,1.091424584388733,0.9270996451377869,0.6248713731765747,0.6474557518959045,0.6582754850387573,0.3962707221508026,0.0,0.38155320286750793,0.5380166172981262,0.879313051700592,1.0521867275238037,1.276357889175415,1.5916067361831665,1.871677279472351,1.6805235147476196,1.432650089263916,1.1537455320358276,1.1211813688278198,1.1430972814559937,0.8292872905731201,0.608101487159729,0.8646367192268372,1.0156958103179932,0.9798179864883423,1.3399330377578735,1.61188805103302,1.664827585220337,2.037158489227295,2.3290116786956787,1.1486201286315918,1.3681538105010986,1.263073205947876,0.9457937479019165,1.1974087953567505,1.4378496408462524,1.2667990922927856,1.1575140953063965,1.4739831686019897,1.7600297927856445,1.9830107688903809,2.304161787033081,2.552095413208008,2.8331897258758545,3.1292271614074707,2.2734713554382324,2.1941287517547607,1.900794506072998,1.6878843307495117,1.8350849151611328,1.696736216545105,1.3286875486373901,1.243007779121399,1.5978113412857056,1.5574963092803955,1.9235310554504395,2.167543888092041,2.3753323554992676,2.6715283393859863,3.007578134536743
B9,1.8094208240509033,1.653617262840271,1.2953587770462036,1.3150203227996826,1.547179102897644,1.3327337503433228,1.074706792831421,1.3702547550201416,1.607850432395935,1.6629581451416016,1.879700779914856,2.1453895568847656,2.106536388397217,2.488563299179077,2.529426097869873,0.9471891522407532,0.9602805376052856,0.9278899431228638,0.6155655980110168,0.4544285833835602,0.6342315673828125,0.6003821492195129,0.38155320286750793,0.0,0.37262749671936035,0.6091679930686951,0.6956026554107666,0.9651249051094055,1.242333173751831,1.5405902862548828,1.9289876222610474,1.6311341524124146,1.387481689453125,1.4098865985870361,1.3585494756698608,0.9963451623916626,0.8866334557533264,1.113401174545288,1.1512184143066406,1.0338714122772217,1.3844940662384033,1.5920209884643555,1.5558652877807617,1.9415662288665771,2.192110061645508,1.370620846748352,1.647934913635254,1.589125394821167,1.287215232849121,1.5126724243164062,1.788763165473938,1.6376123428344727,1.4970848560333252,1.7896589040756226,2.077982187271118,2.2934937477111816,2.595668315887451,2.867375612258911,3.1267476081848145,3.4407260417938232,2.6463332176208496,2.575092077255249,2.28082013130188,2.0646440982818604,2.208625555038452,2.070976972579956,1.7061488628387451,1.6038134098052979,1.9459019899368286,1.8670856952667236,2.235555648803711,2.4443366527557373,2.6409192085266113,2.939157009124756,3.2522737979888916
B10,1.9325214624404907,1.8426668643951416,1.4814796447753906,1.4686789512634277,1.7564293146133423,1.6023446321487427,1.324495792388916,1.5813345909118652,1.867306113243103,1.9471999406814575,2.1865785121917725,2.470950126647949,2.4566524028778076,2.8395299911499023,2.8945488929748535,1.27253258228302,1.326643943786621,1.29303777217865,0.9577658772468567,0.822182834148407,0.9690235257148743,0.8730751276016235,0.5380166172981262,0.37262749671936035,0.0,0.3842426538467407,0.625263512134552,0.7693712115287781,1.1233139038085938,1.3665344715118408,1.8373699188232422,1.529598593711853,1.352555513381958,1.3274810314178467,1.1831982135772705,0.830726146697998,0.7793397307395935,0.9173032641410828,0.8556621670722961,0.7043023109436035,1.034797191619873,1.2212327718734741,1.1892733573913574,1.5737632513046265,1.836519479751587,1.234999418258667,1.5250768661499023,1.5448267459869385,1.2340425252914429,1.3778412342071533,1.7035870552062988,1.6119310855865479,1.4211623668670654,1.6531957387924194,1.9612549543380737,2.1359617710113525,2.418139696121216,2.709272623062134,2.9370546340942383,3.27260160446167,2.7115325927734375,2.6179540157318115,2.294661521911621,2.1282479763031006,2.3132236003875732,2.148766040802002,1.7847825288772583,1.7529771327972412,2.118061065673828,2.0930206775665283,2.4594852924346924,2.7048351764678955,2.905984401702881,3.207119941711426,3.537315607070923
B11,2.3139724731445312,2.2101099491119385,1.847693920135498,1.8387342691421509,2.1075544357299805,1.9251060485839844,1.6371654272079468,1.8870998620986938,2.160033941268921,2.1891801357269287,2.443744659423828,2.6937575340270996,2.6662118434906006,3.0440127849578857,3.0674121379852295,1.2949185371398926,1.4332252740859985,1.4772803783416748,1.1386109590530396,0.9765337705612183,1.2198243141174316,1.195759892463684,0.879313051700592,0.6091679930686951,0.3842426538467407,0.0,0.3617071807384491,0.49843713641166687,0.8352165222167969,1.0317151546478271,1.9928287267684937,1.6465498208999634,1.5228196382522583,1.5587342977523804,1.357025384902954,1.0030938386917114,1.0749746561050415,1.207973837852478,1.048267126083374,0.8956939578056335,1.1428035497665405,1.2090132236480713,1.0719172954559326,1.439932107925415,1.6704596281051636,1.5716040134429932,1.867813229560852,1.9148056507110596,1.598738670349121,1.7023701667785645,2.036938428878784,1.9457606077194214,1.7151472568511963,1.9199551343917847,2.2064261436462402,2.381629228591919,2.627854108810425,2.9464683532714844,3.144559860229492,3.4957046508789062,3.031874418258667,2.959336042404175,2.6316421031951904,2.4598729610443115,2.6639719009399414,2.5173563957214355,2.1490092277526855,2.1002097129821777,2.4649081230163574,2.4308478832244873,2.792401075363159,3.0223562717437744,3.2342376708984375,3.5258126258850098,3.849541425704956
B12,2.4537601470947266,2.3088417053222656,1.947348952293396,1.997331976890564,2.240304946899414,2.011918783187866,1.7623116970062256,2.049372911453247,2.2783827781677246,2.2847466468811035,2.5071170330047607,2.726762294769287,2.6509876251220703,3.0215840339660645,2.999534845352173,1.1947823762893677,1.3260769844055176,1.453764796257019,1.1744482517242432,0.9216634035110474,1.192191481590271,1.2807074785232544,1.0521867275238037,0.6956026554107666,0.625263512134552,0.3617071807384491,0.0,0.3773217797279358,0.5739380717277527,0.858056902885437,2.3242969512939453,1.9739465713500977,1.826837420463562,1.8828150033950806,1.7071666717529297,1.3436881303787231,1.381155252456665,1.525261402130127,1.3876899480819702,1.18766188621521,1.4346351623535156,1.4841272830963135,1.2850120067596436,1.64723539352417,1.807446002960205,1.7837249040603638,2.1090168952941895,2.142806053161621,1.8508449792861938,1.997498631477356,2.328686475753784,2.2286574840545654,2.027042865753174,2.253453254699707,2.5445914268493652,2.72517728805542,2.981595277786255,3.2936441898345947,3.4989845752716064,3.847295045852661,3.291584014892578,3.219325542449951,2.9044370651245117,2.7132980823516846,2.884991407394409,2.7354073524475098,2.370372772216797,2.292008399963379,2.6397271156311035,2.5595686435699463,2.9270291328430176,3.1216647624969482,3.3120779991149902,3.610178232192993,3.9073615074157715
B13,2.603071689605713,2.4988656044006348,2.1365270614624023,2.1937782764434814,2.4749982357025146,2.2802352905273438,2.035428762435913,2.318967819213867,2.5721731185913086,2.6099276542663574,2.831671714782715,3.0708093643188477,2.9976089000701904,3.3714163303375244,3.3532321453094482,1.5705146789550781,1.6811739206314087,1.7973220348358154,1.513697862625122,1.2514358758926392,1.4664435386657715,1.5322325229644775,1.276357889175415,0.9651249051094055,0.7693712115287781,0.49843713641166687,0.3773217797279358,0.0,0.3942194879055023,0.6172444820404053,2.4582488536834717,2.114954710006714,2.0119707584381104,2.020207643508911,1.7910314798355103,1.4618171453475952,1.5100058317184448,1.568124532699585,1.3643012046813965,1.1101751327514648,1.2823500633239746,1.2714176177978516,1.0140154361724854,1.3631622791290283,1.4725717306137085,1.7686220407485962,2.10837984085083,2.204357862472534,1.9379664659500122,2.037811040878296,2.3980720043182373,2.353781223297119,2.142151355743408,2.318793773651123,2.6280689239501953,2.7616093158721924,3.003628730773926,3.3191611766815186,3.4955856800079346,3.8575594425201416,3.4768948554992676,3.3753151893615723,3.0448555946350098,2.89467191696167,3.0771496295928955,2.894742488861084,2.539026975631714,2.5115864276885986,2.8692080974578857,2.8137059211730957,3.18684983253479,3.402981996536255,3.581479787826538,3.892293691635132,4.194950103759766
