0.000000000000000000e+00,3.824494779109954834e-01,5.819222927093505859e-01,8.476078510284423828e-01,1.165513157844543457e+00,1.145886421203613281e+00,1.494145154953002930e+00,1.337421894073486328e+00,1.175536036491394043e+00,1.507557511329650879e+00,1.764318466186523438e+00,2.133908510208129883e+00,2.275641918182373047e+00,2.645132541656494141e+00,2.824517965316772461e+00,3.504055261611938477e+00,3.142101526260375977e+00,3.115628004074096680e+00,2.843750715255737305e+00,2.623061180114746094e+00,2.679496049880981445e+00,2.394869565963745117e+00,2.426092147827148438e+00,2.354956626892089844e+00,2.036434888839721680e+00,1.717469811439514160e+00,1.359275698661804199e+00,1.150146603584289551e+00,7.908771634101867676e-01,6.516613364219665527e-01,8.110716342926025391e-01,9.000855088233947754e-01,1.040221571922302246e+00,1.025126218795776367e+00,1.416418194770812988e+00,1.558051705360412598e+00,1.939597129821777344e+00,1.946775197982788086e+00,1.727084398269653320e+00,1.875762581825256348e+00,2.223765134811401367e+00,2.436563014984130859e+00,2.712708234786987305e+00,2.991454601287841797e+00,3.182366609573364258e+00,3.492102384567260742e+00,3.167139053344726562e+00,2.939832210540771484e+00,2.747454643249511719e+00,2.381372690200805664e+00,2.383441448211669922e+00,2.041358709335327148e+00,2.280629396438598633e+00,2.398422002792358398e+00,2.083967924118041992e+00,2.001038551330566406e+00,1.716354727745056152e+00,1.916396021842956543e+00,1.736071109771728516e+00,1.861325144767761230e+00,1.614020466804504395e+00,1.635301351547241211e+00,1.335373759269714355e+00,1.180324912071228027e+00,1.326092839241027832e+00,1.639414668083190918e+00,1.934676885604858398e+00,2.090984821319580078e+00,1.885176539421081543e+00,1.896033883094787598e+00,2.254514932632446289e+00,2.428457260131835938e+00,2.634048223495483398e+00,2.930179357528686523e+00,2.970330953598022461e+00
3.824494779109954834e-01,0.000000000000000000e+00,3.876449465751647949e-01,6.127991080284118652e-01,8.869690299034118652e-01,8.322632312774658203e-01,1.149014353752136230e+00,9.710282683372497559e-01,7.974831461906433105e-01,1.141870617866516113e+00,1.388429760932922363e+00,1.761882781982421875e+00,1.916083097457885742e+00,2.280464887619018555e+00,2.476716518402099609e+00,3.143808841705322266e+00,2.786894321441650391e+00,2.763571739196777344e+00,2.482792377471923828e+00,2.278981685638427734e+00,2.352281570434570312e+00,2.092677831649780273e+00,2.118286848068237305e+00,2.015453100204467773e+00,1.695466756820678711e+00,1.385154724121093750e+00,1.035020709037780762e+00,8.015884757041931152e-01,4.806838929653167725e-01,2.731286883354187012e-01,1.014989852905273438e+00,9.553772211074829102e-01,1.065151810646057129e+00,9.180882573127746582e-01,1.293148517608642578e+00,1.462359189987182617e+00,1.808531165122985840e+00,1.795118331909179688e+00,1.521960496902465820e+00,1.645333170890808105e+00,1.970579862594604492e+00,2.193155050277709961e+00,2.436841249465942383e+00,2.736181974411010742e+00,2.910463333129882812e+00,3.117222785949707031e+00,2.797801733016967773e+00,2.561851263046264648e+00,2.373842716217041016e+00,2.005181789398193359e+00,2.009681463241577148e+00,1.676489353179931641e+00,1.934361934661865234e+00,2.049618959426879883e+00,1.740553140640258789e+00,1.699196457862854004e+00,1.449019312858581543e+00,1.698930263519287109e+00,1.585602283477783203e+00,1.737265825271606445e+00,1.646376013755798340e+00,1.580530881881713867e+00,1.257273793220520020e+00,1.026368141174316406e+00,1.086274027824401855e+00,1.433442950248718262e+00,1.677787899971008301e+00,1.865520119667053223e+00,1.657840371131896973e+00,1.607643961906433105e+00,1.953130722045898438e+00,2.093223094940185547e+00,2.302495479583740234e+00,2.582293987274169922e+00,2.616854190826416016e+00
5.819222927093505859e-01,3.876449465751647949e-01,0.000000000000000000e+00,3.866120874881744385e-01,6.094734668731689453e-01,6.010960936546325684e-01,9.772591590881347656e-01,9.210388660430908203e-01,7.741771340370178223e-01,1.058398842811584473e+00,1.384225487709045410e+00,1.733206272125244141e+00,1.944209694862365723e+00,2.297563076019287109e+00,2.486791610717773438e+00,3.108793497085571289e+00,2.755447864532470703e+00,2.678722143173217773e+00,2.384958267211914062e+00,2.146746873855590820e+00,2.246387243270874023e+00,1.980474829673767090e+00,2.071962118148803711e+00,1.983111262321472168e+00,1.627658843994140625e+00,1.379799008369445801e+00,1.002630829811096191e+00,8.970001339912414551e-01,6.321952939033508301e-01,4.854675829410552979e-01,8.257091641426086426e-01,6.475687623023986816e-01,7.322599291801452637e-01,5.635280013084411621e-01,9.365926980972290039e-01,1.077471852302551270e+00,1.426781058311462402e+00,1.416737079620361328e+00,1.163589239120483398e+00,1.303246021270751953e+00,1.643474340438842773e+00,1.866986036300659180e+00,2.138042688369750977e+00,2.423660516738891602e+00,2.625647068023681641e+00,3.005309581756591797e+00,2.662638425827026367e+00,2.473025083541870117e+00,2.283251285552978516e+00,1.927832245826721191e+00,1.904252290725708008e+00,1.544117569923400879e+00,1.744290947914123535e+00,1.859326124191284180e+00,1.553548097610473633e+00,1.443122029304504395e+00,1.178089141845703125e+00,1.411369323730468750e+00,1.280470371246337891e+00,1.486557841300964355e+00,1.481297254562377930e+00,1.383465170860290527e+00,1.123227834701538086e+00,8.312752246856689453e-01,9.732395410537719727e-01,1.327400922775268555e+00,1.581594705581665039e+00,1.706327319145202637e+00,1.443279385566711426e+00,1.417073249816894531e+00,1.746189713478088379e+00,1.916470408439636230e+00,2.088569879531860352e+00,2.398275852203369141e+00,2.432966232299804688e+00
8.476078510284423828e-01,6.127991080284118652e-01,3.866120874881744385e-01,0.000000000000000000e+00,3.778374791145324707e-01,5.899598002433776855e-01,9.102325439453125000e-01,9.217904806137084961e-01,6.690549850463867188e-01,8.385314345359802246e-01,1.185162901878356934e+00,1.498211145401000977e+00,1.695484399795532227e+00,2.050941944122314453e+00,2.200165271759033203e+00,2.824311256408691406e+00,2.463547706604003906e+00,2.375082969665527344e+00,2.105970621109008789e+00,1.841588377952575684e+00,1.908944606781005859e+00,1.620233893394470215e+00,1.723940610885620117e+00,1.671514511108398438e+00,1.315132737159729004e+00,1.079294681549072266e+00,6.964709162712097168e-01,7.219842672348022461e-01,5.288518667221069336e-01,6.161457896232604980e-01,1.071679830551147461e+00,8.661333918571472168e-01,7.707645297050476074e-01,4.526322484016418457e-01,7.501804232597351074e-01,1.006995201110839844e+00,1.307689905166625977e+00,1.371127724647521973e+00,1.103453397750854492e+00,1.124454617500305176e+00,1.480899453163146973e+00,1.644111037254333496e+00,1.907387733459472656e+00,2.179815769195556641e+00,2.346713304519653320e+00,2.811468839645385742e+00,2.469294309616088867e+00,2.287792205810546875e+00,2.053806066513061523e+00,1.716920375823974609e+00,1.749868273735046387e+00,1.418616414070129395e+00,1.613288044929504395e+00,1.655455112457275391e+00,1.310124039649963379e+00,1.182593822479248047e+00,8.747057914733886719e-01,1.090046167373657227e+00,9.827587008476257324e-01,1.156083345413208008e+00,1.252643585205078125e+00,1.085310220718383789e+00,8.145071864128112793e-01,4.805026948451995850e-01,5.934451222419738770e-01,9.467112421989440918e-01,1.202027320861816406e+00,1.320910334587097168e+00,1.070535421371459961e+00,1.063613414764404297e+00,1.416524052619934082e+00,1.621986389160156250e+00,1.830217003822326660e+00,2.148458957672119141e+00,2.235568284988403320e+00
1.165513157844543457e+00,8.869690299034118652e-01,6.094734668731689453e-01,3.778374791145324707e-01,0.000000000000000000e+00,3.736806809902191162e-01,6.187591552734375000e-01,7.610734105110168457e-01,5.921118855476379395e-01,6.430252790451049805e-01,1.029279589653015137e+00,1.303611159324645996e+00,1.565788865089416504e+00,1.889153361320495605e+00,2.058242797851562500e+00,2.616692304611206055e+00,2.272256135940551758e+00,2.144837856292724609e+00,1.849213004112243652e+00,1.582976222038269043e+00,1.707134008407592773e+00,1.460070371627807617e+00,1.614001512527465820e+00,1.526248335838317871e+00,1.148562550544738770e+00,1.014607310295104980e+00,6.843788623809814453e-01,8.023253083229064941e-01,7.752925753593444824e-01,8.039289712905883789e-01,1.279397845268249512e+00,9.810441732406616211e-01,8.902226090431213379e-01,5.254696011543273926e-01,6.573759913444519043e-01,8.707231283187866211e-01,1.088596463203430176e+00,1.110387921333312988e+00,7.979832887649536133e-01,7.936357855796813965e-01,1.123128771781921387e+00,1.312687635421752930e+00,1.557784557342529297e+00,1.849962592124938965e+00,2.029285669326782227e+00,2.497397422790527344e+00,2.143233060836791992e+00,1.993259906768798828e+00,1.776476621627807617e+00,1.452298879623413086e+00,1.448213577270507812e+00,1.106604576110839844e+00,1.259387850761413574e+00,1.307810425758361816e+00,9.817127585411071777e-01,8.377150297164916992e-01,5.827224254608154297e-01,8.764322996139526367e-01,8.742463588714599609e-01,1.135049700736999512e+00,1.446738362312316895e+00,1.205265045166015625e+00,1.012663722038269043e+00,6.329014301300048828e-01,6.596442461013793945e-01,9.937244057655334473e-01,1.153237938880920410e+00,1.243994593620300293e+00,9.432449936866760254e-01,8.531667590141296387e-01,1.149617671966552734e+00,1.327611088752746582e+00,1.492998838424682617e+00,1.817825794219970703e+00,1.885946393013000488e+00
1.145886421203613281e+00,8.322632312774658203e-01,6.010960936546325684e-01,5.899598002433776855e-01,3.736806809902191162e-01,0.000000000000000000e+00,3.865722119808197021e-01,4.766611754894256592e-01,4.828356504440307617e-01,6.568738222122192383e-01,9.986106753349304199e-01,1.309994935989379883e+00,1.599779725074768066e+00,1.908603549003601074e+00,2.137937068939208984e+00,2.677441835403442383e+00,2.349400758743286133e+00,2.242406606674194336e+00,1.911929965019226074e+00,1.700914502143859863e+00,1.876508355140686035e+00,1.685453891754150391e+00,1.810586094856262207e+00,1.653485059738159180e+00,1.287177801132202148e+00,1.153253078460693359e+00,8.544098734855651855e-01,8.342478275299072266e-01,8.315173387527465820e-01,6.966331005096435547e-01,1.314739823341369629e+00,1.006926774978637695e+00,1.055143475532531738e+00,7.595250606536865234e-01,9.414826631546020508e-01,1.041851639747619629e+00,1.257807493209838867e+00,1.164239645004272461e+00,8.162317872047424316e-01,9.366964697837829590e-01,1.191359043121337891e+00,1.464634299278259277e+00,1.671794056892395020e+00,1.997938632965087891e+00,2.196091175079345703e+00,2.437600374221801758e+00,2.089256525039672852e+00,1.919847369194030762e+00,1.764559745788574219e+00,1.416796684265136719e+00,1.338797926902770996e+00,9.635074734687805176e-01,1.147310018539428711e+00,1.294496297836303711e+00,1.036012768745422363e+00,9.831565022468566895e-01,8.554738163948059082e-01,1.192468762397766113e+00,1.221189379692077637e+00,1.504699468612670898e+00,1.784339547157287598e+00,1.568028450012207031e+00,1.353805899620056152e+00,9.796653389930725098e-01,9.724453687667846680e-01,1.325396418571472168e+00,1.444100379943847656e+00,1.574136614799499512e+00,1.283592581748962402e+00,1.120751380920410156e+00,1.362371444702148438e+00,1.450209259986877441e+00,1.572323203086853027e+00,1.861910581588745117e+00,1.856145143508911133e+00
1.494145154953002930e+00,1.149014353752136230e+00,9.772591590881347656e-01,9.102325439453125000e-01,6.187591552734375000e-01,3.865722119808197021e-01,0.000000000000000000e+00,3.580594956874847412e-01,5.227130651473999023e-01,5.257509946823120117e-01,7.899857163429260254e-01,1.048596024513244629e+00,1.381481885910034180e+00,1.645125746726989746e+00,1.906193375587463379e+00,2.385483741760253906e+00,2.080253839492797852e+00,1.968758702278137207e+00,1.615826964378356934e+00,1.449081420898437500e+00,1.675710678100585938e+00,1.557648539543151855e+00,1.680260539054870605e+00,1.466841578483581543e+00,1.124256253242492676e+00,1.081230282783508301e+00,8.980803489685058594e-01,9.134804606437683105e-01,1.054751276969909668e+00,9.512209296226501465e-01,1.695802569389343262e+00,1.374761819839477539e+00,1.409111618995666504e+00,1.093757033348083496e+00,1.184931874275207520e+00,1.272541642189025879e+00,1.387925624847412109e+00,1.256376028060913086e+00,8.855354785919189453e-01,9.447989463806152344e-01,1.082830309867858887e+00,1.370506405830383301e+00,1.494713783264160156e+00,1.849269866943359375e+00,2.021864414215087891e+00,2.064731121063232422e+00,1.720875740051269531e+00,1.548804998397827148e+00,1.425006508827209473e+00,1.082036375999450684e+00,9.618905782699584961e-01,5.811196565628051758e-01,7.897713780403137207e-01,9.667107462882995605e-01,7.684511542320251465e-01,8.340265154838562012e-01,8.641604781150817871e-01,1.239311933517456055e+00,1.376534581184387207e+00,1.662710189819335938e+00,2.060265064239501953e+00,1.797553896903991699e+00,1.597494721412658691e+00,1.225488185882568359e+00,1.119057178497314453e+00,1.433420062065124512e+00,1.447706818580627441e+00,1.595919489860534668e+00,1.329406261444091797e+00,1.067755460739135742e+00,1.219664812088012695e+00,1.209610939025878906e+00,1.300921082496643066e+00,1.549925327301025391e+00,1.509047269821166992e+00
1.337421894073486328e+00,9.710282683372497559e-01,9.210388660430908203e-01,9.217904806137084961e-01,7.610734105110168457e-01,4.766611754894256592e-01,3.580594956874847412e-01,0.000000000000000000e+00,3.611111044883728027e-01,5.601649284362792969e-01,7.309041023254394531e-01,1.065907835960388184e+00,1.341480016708374023e+00,1.629952907562255859e+00,1.914815545082092285e+00,2.453743696212768555e+00,2.141725778579711914e+00,2.093269348144531250e+00,1.751824498176574707e+00,1.626253247261047363e+00,1.819478154182434082e+00,1.698057889938354492e+00,1.750021338462829590e+00,1.515052080154418945e+00,1.201378583908081055e+00,1.064482808113098145e+00,8.767914175987243652e-01,7.434944510459899902e-01,8.902323246002197266e-01,7.307640314102172852e-01,1.695054292678833008e+00,1.427285909652709961e+00,1.510214090347290039e+00,1.210054039955139160e+00,1.393971681594848633e+00,1.508932709693908691e+00,1.684907913208007812e+00,1.558904886245727539e+00,1.192786693572998047e+00,1.278252482414245605e+00,1.440251231193542480e+00,1.720391035079956055e+00,1.838931560516357422e+00,2.194587945938110352e+00,2.347302436828613281e+00,2.205681562423706055e+00,1.892439365386962891e+00,1.658190250396728516e+00,1.544801235198974609e+00,1.174796700477600098e+00,1.087102055549621582e+00,7.528154253959655762e-01,1.047692537307739258e+00,1.227091550827026367e+00,1.025504350662231445e+00,1.147015333175659180e+00,1.130269050598144531e+00,1.503802418708801270e+00,1.605636358261108398e+00,1.853595018386840820e+00,2.149440765380859375e+00,1.919734477996826172e+00,1.658731579780578613e+00,1.306272983551025391e+00,1.172217965126037598e+00,1.511904597282409668e+00,1.543790102005004883e+00,1.753516793251037598e+00,1.525720834732055664e+00,1.268877983093261719e+00,1.466722369194030762e+00,1.440864205360412598e+00,1.578903794288635254e+00,1.790968537330627441e+00,1.745099663734436035e+00
1.175536036491394043e+00,7.974831461906433105e-01,7.741771340370178223e-01,6.690549850463867188e-01,5.921118855476379395e-01,4.828356504440307617e-01,5.227130651473999023e-01,3.611111044883728027e-01,0.000000000000000000e+00,3.821623325347900391e-01,6.266189217567443848e-01,9.950985312461853027e-01,1.217270016670227051e+00,1.555299043655395508e+00,1.788549900054931641e+00,2.397938251495361328e+00,2.056395769119262695e+00,2.019448995590209961e+00,1.713768720626831055e+00,1.545531630516052246e+00,1.672467947006225586e+00,1.491663455963134766e+00,1.525508046150207520e+00,1.340600371360778809e+00,1.012933373451232910e+00,7.932600975036621094e-01,5.423430800437927246e-01,4.064692556858062744e-01,5.758761167526245117e-01,5.571355819702148438e-01,1.596207261085510254e+00,1.358823657035827637e+00,1.373302698135375977e+00,1.042788982391357422e+00,1.246783375740051270e+00,1.443709373474121094e+00,1.648606896400451660e+00,1.603391170501708984e+00,1.245817542076110840e+00,1.262308120727539062e+00,1.491886973381042480e+00,1.711823940277099609e+00,1.859414458274841309e+00,2.194070100784301758e+00,2.320796728134155273e+00,2.323187112808227539e+00,2.010124444961547852e+00,1.766802191734313965e+00,1.579269766807556152e+00,1.208789944648742676e+00,1.225986361503601074e+00,9.228336215019226074e-01,1.220744729042053223e+00,1.305856704711914062e+00,1.014384031295776367e+00,1.097747206687927246e+00,9.860133528709411621e-01,1.334424614906311035e+00,1.408797383308410645e+00,1.603118538856506348e+00,1.857375621795654297e+00,1.630771160125732422e+00,1.341883897781372070e+00,1.013566851615905762e+00,8.441811800003051758e-01,1.187936544418334961e+00,1.251446127891540527e+00,1.483096122741699219e+00,1.284196615219116211e+00,1.065464735031127930e+00,1.335981249809265137e+00,1.377930402755737305e+00,1.588899612426757812e+00,1.827497243881225586e+00,1.857492804527282715e+00
1.507557511329650879e+00,1.141870617866516113e+00,1.058398842811584473e+00,8.385314345359802246e-01,6.430252790451049805e-01,6.568738222122192383e-01,5.257509946823120117e-01,5.601649284362792969e-01,3.821623325347900391e-01,0.000000000000000000e+00,3.881533741950988770e-01,6.831000447273254395e-01,9.509606957435607910e-01,1.271056890487670898e+00,1.484340071678161621e+00,2.061295270919799805e+00,1.719250082969665527e+00,1.653058886528015137e+00,1.348352193832397461e+00,1.164221167564392090e+00,1.301706910133361816e+00,1.144922494888305664e+00,1.206130862236022949e+00,1.010040521621704102e+00,6.635530591011047363e-01,5.559594035148620605e-01,4.415085613727569580e-01,5.591548085212707520e-01,8.335496783256530762e-01,9.221033453941345215e-01,1.852297902107238770e+00,1.580611109733581543e+00,1.523798942565917969e+00,1.155703902244567871e+00,1.246553659439086914e+00,1.467290997505187988e+00,1.588938832283020020e+00,1.572862267494201660e+00,1.216798901557922363e+00,1.126698493957519531e+00,1.306933164596557617e+00,1.476296424865722656e+00,1.576512575149536133e+00,1.908167600631713867e+00,1.996034264564514160e+00,2.018574476242065430e+00,1.701637268066406250e+00,1.474625825881958008e+00,1.245537638664245605e+00,8.914243578910827637e-01,9.666184782981872559e-01,7.145040631294250488e-01,9.950954914093017578e-01,9.935633540153503418e-01,6.734996438026428223e-01,8.145077824592590332e-01,7.759460210800170898e-01,1.128299236297607422e+00,1.294749021530151367e+00,1.476387977600097656e+00,1.874329805374145508e+00,1.588558197021484375e+00,1.346252322196960449e+00,1.027811765670776367e+00,7.747333049774169922e-01,1.046453714370727539e+00,1.004902958869934082e+00,1.232536792755126953e+00,1.056647777557373047e+00,7.630550861358642578e-01,9.873710274696350098e-01,1.003013730049133301e+00,1.239866256713867188e+00,1.473504304885864258e+00,1.544761061668395996e+00
1.764318466186523438e+00,1.388429760932922363e+00,1.384225487709045410e+00,1.185162901878356934e+00,1.029279589653015137e+00,9.986106753349304199e-01,7.899857163429260254e-01,7.309041023254394531e-01,6.266189217567443848e-01,3.881533741950988770e-01,0.000000000000000000e+00,3.838582634925842285e-01,6.162629723548889160e-01,9.318021535873413086e-01,1.189798593521118164e+00,1.784158349037170410e+00,1.449966788291931152e+00,1.452492237091064453e+00,1.160108089447021484e+00,1.072870731353759766e+00,1.199017524719238281e+00,1.128286004066467285e+00,1.093463063240051270e+00,8.140693902969360352e-01,5.804818272590637207e-01,5.144699811935424805e-01,6.384401917457580566e-01,6.787372231483459473e-01,1.038998007774353027e+00,1.139033555984497070e+00,2.199900865554809570e+00,1.944957375526428223e+00,1.902112126350402832e+00,1.535772085189819336e+00,1.627838850021362305e+00,1.851264715194702148e+00,1.950527548789978027e+00,1.922337412834167480e+00,1.563403725624084473e+00,1.457963109016418457e+00,1.575039029121398926e+00,1.725654125213623047e+00,1.751407027244567871e+00,2.085070610046386719e+00,2.118609666824340820e+00,1.821440219879150391e+00,1.551081061363220215e+00,1.259924769401550293e+00,1.034166216850280762e+00,6.769518852233886719e-01,8.353335857391357422e-01,7.259004712104797363e-01,1.054162621498107910e+00,1.021553277969360352e+00,7.818499207496643066e-01,1.054399371147155762e+00,1.098058938980102539e+00,1.427701711654663086e+00,1.632978916168212891e+00,1.774641036987304688e+00,2.176547527313232422e+00,1.887309193611145020e+00,1.629235267639160156e+00,1.353113889694213867e+00,1.040168285369873047e+00,1.246361494064331055e+00,1.109913945198059082e+00,1.393043398857116699e+00,1.301562070846557617e+00,9.688717722892761230e-01,1.116061091423034668e+00,1.019465565681457520e+00,1.280295014381408691e+00,1.422281026840209961e+00,1.489465475082397461e+00
2.133908510208129883e+00,1.761882781982421875e+00,1.733206272125244141e+00,1.498211145401000977e+00,1.303611159324645996e+00,1.309994935989379883e+00,1.048596024513244629e+00,1.065907835960388184e+00,9.950985312461853027e-01,6.831000447273254395e-01,3.838582634925842285e-01,0.000000000000000000e+00,3.788430392742156982e-01,6.041250824928283691e-01,8.661181330680847168e-01,1.406561851501464844e+00,1.079087972640991211e+00,1.079447388648986816e+00,7.928248047828674316e-01,7.696662545204162598e-01,9.080863595008850098e-01,9.477424621582031250e-01,8.969119191169738770e-01,5.565413832664489746e-01,4.641571044921875000e-01,6.336697936058044434e-01,8.984909653663635254e-01,1.026728749275207520e+00,1.390749692916870117e+00,1.518484950065612793e+00,2.533846139907836914e+00,2.261450529098510742e+00,2.185882568359375000e+00,1.810246348381042480e+00,1.835360765457153320e+00,2.058910846710205078e+00,2.092871904373168945e+00,2.078146219253540039e+00,1.738211512565612793e+00,1.569762349128723145e+00,1.615290045738220215e+00,1.709277629852294922e+00,1.657723307609558105e+00,1.972393035888671875e+00,1.945202469825744629e+00,1.512588024139404297e+00,1.269525527954101562e+00,9.744451045989990234e-01,6.970304250717163086e-01,4.010442793369293213e-01,7.029129266738891602e-01,7.721760869026184082e-01,1.029157519340515137e+00,8.926418423652648926e-01,7.326489686965942383e-01,1.073776602745056152e+00,1.207075953483581543e+00,1.491999506950378418e+00,1.760983228683471680e+00,1.878360033035278320e+00,2.368990182876586914e+00,2.048914194107055664e+00,1.833572149276733398e+00,1.585267305374145508e+00,1.248255491256713867e+00,1.364007234573364258e+00,1.121433258056640625e+00,1.383834719657897949e+00,1.351037263870239258e+00,9.875668883323669434e-01,1.011102437973022461e+00,8.141960501670837402e-01,1.086319088935852051e+00,1.152092933654785156e+00,1.260029196739196777e+00
2.275641918182373047e+00,1.916083097457885742e+00,1.944209694862365723e+00,1.695484399795532227e+00,1.565788865089416504e+00,1.599779725074768066e+00,1.381481885910034180e+00,1.341480016708374023e+00,1.217270016670227051e+00,9.509606957435607910e-01,6.162629723548889160e-01,3.788430392742156982e-01,0.000000000000000000e+00,3.790271282196044922e-01,5.956048369407653809e-01,1.264842152595520020e+00,9.214603304862976074e-01,1.044022083282470703e+00,8.750125169754028320e-01,9.135919213294982910e-01,9.165992736816406250e-01,9.723289608955383301e-01,7.793025374412536621e-01,4.450269639492034912e-01,5.796923637390136719e-01,6.753459572792053223e-01,1.025527954101562500e+00,1.126673936843872070e+00,1.498440027236938477e+00,1.678475856781005859e+00,2.750683546066284180e+00,2.510848522186279297e+00,2.420702695846557617e+00,2.046011686325073242e+00,2.090831756591796875e+00,2.350165605545043945e+00,2.402095794677734375e+00,2.417615413665771484e+00,2.080132961273193359e+00,1.896905303001403809e+00,1.964011549949645996e+00,2.023268938064575195e+00,1.966153264045715332e+00,2.254785299301147461e+00,2.182384014129638672e+00,1.655372500419616699e+00,1.480428457260131836e+00,1.161562800407409668e+00,8.758762478828430176e-01,6.997708678245544434e-01,1.034228324890136719e+00,1.143238782882690430e+00,1.401667237281799316e+00,1.241515636444091797e+00,1.080464839935302734e+00,1.394313931465148926e+00,1.481081485748291016e+00,1.727080225944519043e+00,1.979177594184875488e+00,2.033176898956298828e+00,2.471624612808227539e+00,2.165919303894042969e+00,1.930936455726623535e+00,1.740732073783874512e+00,1.370527744293212891e+00,1.426520705223083496e+00,1.152694702148437500e+00,1.457405209541320801e+00,1.511314153671264648e+00,1.189880013465881348e+00,1.233892798423767090e+00,1.063710451126098633e+00,1.371360778808593750e+00,1.391306161880493164e+00,1.539662718772888184e+00
2.645132541656494141e+00,2.280464887619018555e+00,2.297563076019287109e+00,2.050941944122314453e+00,1.889153361320495605e+00,1.908603549003601074e+00,1.645125746726989746e+00,1.629952907562255859e+00,1.555299043655395508e+00,1.271056890487670898e+00,9.318021535873413086e-01,6.041250824928283691e-01,3.790271282196044922e-01,0.000000000000000000e+00,3.816626369953155518e-01,9.230521917343139648e-01,6.224626898765563965e-01,8.229113817214965820e-01,7.185603380203247070e-01,9.049661159515380859e-01,9.181060194969177246e-01,1.109894871711730957e+00,9.150213599205017090e-01,5.983526110649108887e-01,8.485404253005981445e-01,1.036116719245910645e+00,1.390009760856628418e+00,1.499405026435852051e+00,1.873337984085083008e+00,2.035938501358032227e+00,3.104113817214965820e+00,2.848370075225830078e+00,2.757664203643798828e+00,2.380178451538085938e+00,2.393470287322998047e+00,2.635573863983154297e+00,2.645671844482421875e+00,2.648852586746215820e+00,2.321645975112915039e+00,2.121773242950439453e+00,2.127283811569213867e+00,2.164563179016113281e+00,2.041493654251098633e+00,2.311775922775268555e+00,2.194221735000610352e+00,1.408061265945434570e+00,1.307474613189697266e+00,9.890806674957275391e-01,7.377806305885314941e-01,7.277476191520690918e-01,1.067419528961181641e+00,1.290338158607482910e+00,1.494470238685607910e+00,1.304905176162719727e+00,1.245259761810302734e+00,1.589268803596496582e+00,1.741652250289916992e+00,1.968511343002319336e+00,2.256497383117675781e+00,2.310838699340820312e+00,2.801026821136474609e+00,2.480770587921142578e+00,2.272304058074951172e+00,2.085036754608154297e+00,1.717639088630676270e+00,1.742605686187744141e+00,1.426514387130737305e+00,1.693890094757080078e+00,1.770666480064392090e+00,1.439314126968383789e+00,1.389014720916748047e+00,1.139815688133239746e+00,1.395552635192871094e+00,1.312895655632019043e+00,1.456578254699707031e+00
2.824517965316772461e+00,2.476716518402099609e+00,2.486791610717773438e+00,2.200165271759033203e+00,2.058242797851562500e+00,2.137937068939208984e+00,1.906193375587463379e+00,1.914815545082092285e+00,1.788549900054931641e+00,1.484340071678161621e+00,1.189798593521118164e+00,8.661181330680847168e-01,5.956048369407653809e-01,3.816626369953155518e-01,0.000000000000000000e+00,7.622337341308593750e-01,4.204463660717010498e-01,6.912924051284790039e-01,7.639274597167968750e-01,9.170334339141845703e-01,7.861372232437133789e-01,9.997360706329345703e-01,7.475687265396118164e-01,5.656085014343261719e-01,9.268801212310791016e-01,1.135523200035095215e+00,1.516516089439392090e+00,1.678880333900451660e+00,2.036049842834472656e+00,2.251813173294067383e+00,3.270371913909912109e+00,3.025177955627441406e+00,2.891593694686889648e+00,2.515095472335815430e+00,2.499222517013549805e+00,2.768551826477050781e+00,2.762842893600463867e+00,2.812793016433715820e+00,2.506471157073974609e+00,2.261953592300415039e+00,2.277371883392333984e+00,2.252610206604003906e+00,2.124680995941162109e+00,2.349942684173583984e+00,2.182564258575439453e+00,1.570222735404968262e+00,1.496181964874267578e+00,1.241773962974548340e+00,9.489510655403137207e-01,1.009611606597900391e+00,1.370805978775024414e+00,1.583389520645141602e+00,1.754678606986999512e+00,1.507225394248962402e+00,1.421753883361816406e+00,1.718368649482727051e+00,1.844348669052124023e+00,2.007925987243652344e+00,2.296341180801391602e+00,2.292689800262451172e+00,2.787792682647705078e+00,2.466244459152221680e+00,2.286204814910888672e+00,2.153415679931640625e+00,1.779965043067932129e+00,1.723659753799438477e+00,1.370229482650756836e+00,1.613490462303161621e+00,1.764402508735656738e+00,1.481908559799194336e+00,1.413669109344482422e+00,1.211775183677673340e+00,1.495247244834899902e+00,1.409454822540283203e+00,1.631186127662658691e+00
3.504055261611938477e+00,3.143808841705322266e+00,3.108793497085571289e+00,2.824311256408691406e+00,2.616692304611206055e+00,2.677441835403442383e+00,2.385483741760253906e+00,2.453743696212768555e+00,2.397938251495361328e+00,2.061295270919799805e+00,1.784158349037170410e+00,1.406561851501464844e+00,1.264842152595520020e+00,9.230521917343139648e-01,7.622337341308593750e-01,0.000000000000000000e+00,3.780554234981536865e-01,5.708266496658325195e-01,8.395739197731018066e-01,1.144119620323181152e+00,1.095971584320068359e+00,1.455272078514099121e+00,1.328719615936279297e+00,1.198075771331787109e+00,1.517587184906005859e+00,1.817494153976440430e+00,2.178531646728515625e+00,2.365821361541748047e+00,2.727986335754394531e+00,2.909249067306518555e+00,3.880601167678833008e+00,3.597388744354248047e+00,3.460165500640869141e+00,3.084278821945190430e+00,3.004276990890502930e+00,3.228563785552978516e+00,3.140259742736816406e+00,3.168134689331054688e+00,2.897024393081665039e+00,2.630172967910766602e+00,2.536690473556518555e+00,2.468834400177001953e+00,2.232054710388183594e+00,2.397136688232421875e+00,2.155569553375244141e+00,1.224032163619995117e+00,1.315186738967895508e+00,1.200548410415649414e+00,1.046657443046569824e+00,1.329704403877258301e+00,1.610203623771667480e+00,1.930779814720153809e+00,1.985575079917907715e+00,1.709290266036987305e+00,1.780148744583129883e+00,2.079944849014282227e+00,2.304635763168334961e+00,2.432122468948364258e+00,2.771433591842651367e+00,2.789399385452270508e+00,3.386039972305297852e+00,3.038359642028808594e+00,2.916983127593994141e+00,2.768576383590698242e+00,2.418334960937500000e+00,2.343915700912475586e+00,1.963422298431396484e+00,2.115077018737792969e+00,2.257121324539184570e+00,1.970028638839721680e+00,1.760646224021911621e+00,1.474151968955993652e+00,1.608539938926696777e+00,1.360459327697753906e+00,1.561089634895324707e+00
3.142101526260375977e+00,2.786894321441650391e+00,2.755447864532470703e+00,2.463547706604003906e+00,2.272256135940551758e+00,2.349400758743286133e+00,2.080253839492797852e+00,2.141725778579711914e+00,2.056395769119262695e+00,1.719250082969665527e+00,1.449966788291931152e+00,1.079087972640991211e+00,9.214603304862976074e-01,6.224626898765563965e-01,4.204463660717010498e-01,3.780554234981536865e-01,0.000000000000000000e+00,3.859752714633941650e-01,6.096454858779907227e-01,8.647021651268005371e-01,7.818536162376403809e-01,1.115293860435485840e+00,9.662417173385620117e-01,8.216084837913513184e-01,1.152526021003723145e+00,1.444704294204711914e+00,1.809388399124145508e+00,2.004969835281372070e+00,2.362581491470336914e+00,2.558661460876464844e+00,3.525949239730834961e+00,3.252773284912109375e+00,3.110465049743652344e+00,2.733853340148925781e+00,2.668102264404296875e+00,2.909399032592773438e+00,2.847090482711791992e+00,2.888607025146484375e+00,2.606712579727172852e+00,2.339897394180297852e+00,2.288325786590576172e+00,2.230259180068969727e+00,2.037329196929931641e+00,2.228259801864624023e+00,2.016482114791870117e+00,1.300160765647888184e+00,1.285028815269470215e+00,1.112791299819946289e+00,8.598485589027404785e-01,1.071117401123046875e+00,1.397503256797790527e+00,1.674544811248779297e+00,1.766713023185729980e+00,1.484475970268249512e+00,1.490487813949584961e+00,1.786007165908813477e+00,1.977914452552795410e+00,2.113867521286010742e+00,2.439762115478515625e+00,2.451935291290283203e+00,3.025518655776977539e+00,2.682566165924072266e+00,2.547732353210449219e+00,2.402344226837158203e+00,2.047132015228271484e+00,1.975658535957336426e+00,1.599237442016601562e+00,1.774191617965698242e+00,1.916602969169616699e+00,1.628786921501159668e+00,1.458751201629638672e+00,1.199411749839782715e+00,1.402601242065429688e+00,1.227511286735534668e+00,1.461562395095825195e+00
3.115628004074096680e+00,2.763571739196777344e+00,2.678722143173217773e+00,2.375082969665527344e+00,2.144837856292724609e+00,2.242406606674194336e+00,1.968758702278137207e+00,2.093269348144531250e+00,2.019448995590209961e+00,1.653058886528015137e+00,1.452492237091064453e+00,1.079447388648986816e+00,1.044022083282470703e+00,8.229113817214965820e-01,6.912924051284790039e-01,5.708266496658325195e-01,3.859752714633941650e-01,0.000000000000000000e+00,3.817938566207885742e-01,5.978801846504211426e-01,5.767974853515625000e-01,9.605674743652343750e-01,9.437740445137023926e-01,8.340243101119995117e-01,1.087481856346130371e+00,1.443593144416809082e+00,1.772215247154235840e+00,2.017801761627197266e+00,2.358301162719726562e+00,2.545644521713256836e+00,3.414804220199584961e+00,3.119950771331787109e+00,2.960226297378540039e+00,2.590338230133056641e+00,2.475908041000366211e+00,2.694960594177246094e+00,2.589493751525878906e+00,2.637760400772094727e+00,2.384752511978149414e+00,2.093773365020751953e+00,2.007575988769531250e+00,1.915200352668762207e+00,1.697076916694641113e+00,1.864187836647033691e+00,1.637960791587829590e+00,1.164458394050598145e+00,1.090987682342529297e+00,1.016790032386779785e+00,7.335096001625061035e-01,9.923022985458374023e-01,1.286874890327453613e+00,1.552958607673645020e+00,1.575248599052429199e+00,1.252437829971313477e+00,1.289833664894104004e+00,1.548444509506225586e+00,1.774897575378417969e+00,1.878485202789306641e+00,2.226651191711425781e+00,2.257336616516113281e+00,2.896433115005493164e+00,2.536680459976196289e+00,2.447154760360717773e+00,2.288811206817626953e+00,1.963406085968017578e+00,1.883637666702270508e+00,1.504933118820190430e+00,1.612746238708496094e+00,1.727629303932189941e+00,1.446070909500122070e+00,1.202970266342163086e+00,9.314711689949035645e-01,1.088445663452148438e+00,9.057542681694030762e-01,1.194100141525268555e+00
2.843750715255737305e+00,2.482792377471923828e+00,2.384958267211914062e+00,2.105970621109008789e+00,1.849213004112243652e+00,1.911929965019226074e+00,1.615826964378356934e+00,1.751824498176574707e+00,1.713768720626831055e+00,1.348352193832397461e+00,1.160108089447021484e+00,7.928248047828674316e-01,8.750125169754028320e-01,7.185603380203247070e-01,7.639274597167968750e-01,8.395739197731018066e-01,6.096454858779907227e-01,3.817938566207885742e-01,0.000000000000000000e+00,3.733373284339904785e-01,5.759935379028320312e-01,9.061381816864013672e-01,9.455779790878295898e-01,7.314429283142089844e-01,8.765015602111816406e-01,1.244155645370483398e+00,1.537668585777282715e+00,1.767391085624694824e+00,2.108761787414550781e+00,2.257271528244018555e+00,3.128083229064941406e+00,2.820397377014160156e+00,2.688621759414672852e+00,2.318135499954223633e+00,2.217567443847656250e+00,2.413351297378540039e+00,2.317713022232055664e+00,2.330198526382446289e+00,2.060759782791137695e+00,1.798017621040344238e+00,1.704154610633850098e+00,1.666565179824829102e+00,1.460294842720031738e+00,1.686737775802612305e+00,1.527731895446777344e+00,1.012767434120178223e+00,8.387887477874755859e-01,7.229650020599365234e-01,3.840164244174957275e-01,6.305078864097595215e-01,9.101518988609313965e-01,1.175433635711669922e+00,1.199245929718017578e+00,8.906537294387817383e-01,9.512548446655273438e-01,1.251340746879577637e+00,1.510486841201782227e+00,1.669429540634155273e+00,2.021709680557250977e+00,2.108734607696533203e+00,2.751680135726928711e+00,2.390012264251708984e+00,2.281985759735107422e+00,2.075078725814819336e+00,1.761045098304748535e+00,1.746739506721496582e+00,1.399394154548645020e+00,1.525716304779052734e+00,1.564666032791137695e+00,1.234143376350402832e+00,9.961970448493957520e-01,6.576269268989562988e-01,8.065582513809204102e-01,6.492357254028320312e-01,8.982030153274536133e-01
2.623061180114746094e+00,2.278981685638427734e+00,2.146746873855590820e+00,1.841588377952575684e+00,1.582976222038269043e+00,1.700914502143859863e+00,1.449081420898437500e+00,1.626253247261047363e+00,1.545531630516052246e+00,1.164221167564392090e+00,1.072870731353759766e+00,7.696662545204162598e-01,9.135919213294982910e-01,9.049661159515380859e-01,9.170334339141845703e-01,1.144119620323181152e+00,8.647021651268005371e-01,5.978801846504211426e-01,3.733373284339904785e-01,0.000000000000000000e+00,3.705079257488250732e-01,6.104457974433898926e-01,7.716822624206542969e-01,6.378592252731323242e-01,6.691548824310302734e-01,1.060411930084228516e+00,1.312715888023376465e+00,1.597976207733154297e+00,1.906566143035888672e+00,2.077118396759033203e+00,2.852969408035278320e+00,2.546193122863769531e+00,2.383457899093627930e+00,2.018327474594116211e+00,1.889427542686462402e+00,2.098211050033569336e+00,1.998260259628295898e+00,2.048922300338745117e+00,1.795230269432067871e+00,1.499330163002014160e+00,1.442200183868408203e+00,1.369582772254943848e+00,1.211973905563354492e+00,1.435670614242553711e+00,1.298260688781738281e+00,1.297673821449279785e+00,1.047653079032897949e+00,9.737631678581237793e-01,6.154127120971679688e-01,6.908653974533081055e-01,9.565316438674926758e-01,1.107687354087829590e+00,1.118653774261474609e+00,7.733538150787353516e-01,7.250763773918151855e-01,9.525383710861206055e-01,1.184569120407104492e+00,1.309011578559875488e+00,1.663478374481201172e+00,1.743516802787780762e+00,2.407895088195800781e+00,2.040896892547607422e+00,1.960475564002990723e+00,1.762462973594665527e+00,1.470429658889770508e+00,1.435325384140014648e+00,1.097335457801818848e+00,1.180477619171142578e+00,1.205292701721191406e+00,8.916176557540893555e-01,6.306509375572204590e-01,3.423350751399993896e-01,6.076909899711608887e-01,6.338158845901489258e-01,9.515869617462158203e-01
2.679496049880981445e+00,2.352281570434570312e+00,2.246387243270874023e+00,1.908944606781005859e+00,1.707134008407592773e+00,1.876508355140686035e+00,1.675710678100585938e+00,1.819478154182434082e+00,1.672467947006225586e+00,1.301706910133361816e+00,1.199017524719238281e+00,9.080863595008850098e-01,9.165992736816406250e-01,9.181060194969177246e-01,7.861372232437133789e-01,1.095971584320068359e+00,7.818536162376403809e-01,5.767974853515625000e-01,5.759935379028320312e-01,3.705079257488250732e-01,0.000000000000000000e+00,3.866385817527770996e-01,4.895145595073699951e-01,5.174239873886108398e-01,6.778768301010131836e-01,1.034722805023193359e+00,1.330300927162170410e+00,1.636378884315490723e+00,1.936694383621215820e+00,2.165598630905151367e+00,2.943589925765991211e+00,2.665848016738891602e+00,2.469038009643554688e+00,2.105470418930053711e+00,1.982286334037780762e+00,2.237570762634277344e+00,2.159665822982788086e+00,2.262910127639770508e+00,2.017271280288696289e+00,1.699872970581054688e+00,1.699678778648376465e+00,1.582070112228393555e+00,1.463420748710632324e+00,1.637547969818115234e+00,1.458194613456726074e+00,1.571172118186950684e+00,1.371490240097045898e+00,1.274363517761230469e+00,9.026465415954589844e-01,9.645746946334838867e-01,1.279886364936828613e+00,1.408335804939270020e+00,1.462477445602416992e+00,1.126448154449462891e+00,1.000905990600585938e+00,1.170163273811340332e+00,1.308658003807067871e+00,1.372374057769775391e+00,1.698708891868591309e+00,1.695942401885986328e+00,2.324542760848999023e+00,1.965730667114257812e+00,1.890018224716186523e+00,1.758496522903442383e+00,1.445024251937866211e+00,1.326627850532531738e+00,9.465025663375854492e-01,1.036351323127746582e+00,1.172527432441711426e+00,9.306220412254333496e-01,7.414789199829101562e-01,6.305500864982604980e-01,9.356651902198791504e-01,9.701563119888305664e-01,1.310637354850769043e+00
