,A1,A2,A3,A4,A5,A6,A7,A8,A9,A10,A11,A12,A13,A14,A15,B1,B2,B3,B4,B5,B6,B7,B8,B9,B10,B11,B12,B13,B14,B15,C1,C2,C3,C4,C5,C6,C7,C8,C9,C10,C11,C12,C13,C14,C15,D1,D2,D3,D4,D5,D6,D7,D8,D9,D10,D11,D12,D13,D14,D15,E1,E2,E3,E4,E5,E6,E7,E8,E9,E10,E11,E12,E13,E14,E15
A1,0.0,0.3824494779109955,0.5819222927093506,0.8476078510284424,1.1655131578445435,1.1458864212036133,1.494145154953003,1.3374218940734863,1.175536036491394,1.5075575113296509,1.7643184661865234,2.13390851020813,2.275641918182373,2.645132541656494,2.8245179653167725,3.5040552616119385,3.142101526260376,3.1156280040740967,2.8437507152557373,2.623061180114746,2.6794960498809814,2.394869565963745,2.4260921478271484,2.35495662689209,2.0364348888397217,1.7174698114395142,1.3592756986618042,1.1501466035842896,0.7908771634101868,0.6516613364219666,0.8110716342926025,0.9000855088233948,1.0402215719223022,1.0251262187957764,1.416418194770813,1.5580517053604126,1.9395971298217773,1.946775197982788,1.7270843982696533,1.8757625818252563,2.2237651348114014,2.436563014984131,2.7127082347869873,2.991454601287842,3.1823666095733643,3.4921023845672607,3.1671390533447266,2.9398322105407715,2.7474546432495117,2.3813726902008057,2.38344144821167,2.041358709335327,2.2806293964385986,2.3984220027923584,2.083967924118042,2.0010385513305664,1.7163547277450562,1.9163960218429565,1.7360711097717285,1.8613251447677612,1.6140204668045044,1.6353013515472412,1.3353737592697144,1.180324912071228,1.3260928392410278,1.639414668083191,1.9346768856048584,2.09098482131958,1.8851765394210815,1.8960338830947876,2.2545149326324463,2.428457260131836,2.6340482234954834,2.9301793575286865,2.9703309535980225
A2,0.3824494779109955,0.0,0.3876449465751648,0.6127991080284119,0.8869690299034119,0.8322632312774658,1.1490143537521362,0.9710282683372498,0.7974831461906433,1.1418706178665161,1.3884297609329224,1.7618827819824219,1.9160830974578857,2.2804648876190186,2.4767165184020996,3.1438088417053223,2.7868943214416504,2.7635717391967773,2.482792377471924,2.2789816856384277,2.3522815704345703,2.0926778316497803,2.1182868480682373,2.0154531002044678,1.6954667568206787,1.3851547241210938,1.0350207090377808,0.8015884757041931,0.4806838929653168,0.2731286883354187,1.0149898529052734,0.9553772211074829,1.0651518106460571,0.9180882573127747,1.2931485176086426,1.4623591899871826,1.8085311651229858,1.7951183319091797,1.5219604969024658,1.645333170890808,1.9705798625946045,2.19315505027771,2.4368412494659424,2.7361819744110107,2.910463333129883,3.117222785949707,2.7978017330169678,2.5618512630462646,2.373842716217041,2.0051817893981934,2.009681463241577,1.6764893531799316,1.9343619346618652,2.04961895942688,1.7405531406402588,1.699196457862854,1.4490193128585815,1.698930263519287,1.5856022834777832,1.7372658252716064,1.6463760137557983,1.5805308818817139,1.25727379322052,1.0263681411743164,1.0862740278244019,1.4334429502487183,1.6777878999710083,1.8655201196670532,1.657840371131897,1.607643961906433,1.9531307220458984,2.0932230949401855,2.3024954795837402,2.58229398727417,2.616854190826416
A3,0.5819222927093506,0.3876449465751648,0.0,0.38661208748817444,0.609473466873169,0.6010960936546326,0.9772591590881348,0.9210388660430908,0.7741771340370178,1.0583988428115845,1.3842254877090454,1.7332062721252441,1.9442096948623657,2.297563076019287,2.4867916107177734,3.1087934970855713,2.7554478645324707,2.6787221431732178,2.384958267211914,2.146746873855591,2.246387243270874,1.980474829673767,2.0719621181488037,1.9831112623214722,1.6276588439941406,1.3797990083694458,1.0026308298110962,0.8970001339912415,0.6321952939033508,0.4854675829410553,0.8257091641426086,0.6475687623023987,0.7322599291801453,0.5635280013084412,0.936592698097229,1.0774718523025513,1.4267810583114624,1.4167370796203613,1.1635892391204834,1.303246021270752,1.6434743404388428,1.8669860363006592,2.138042688369751,2.4236605167388916,2.6256470680236816,3.005309581756592,2.6626384258270264,2.47302508354187,2.2832512855529785,1.9278322458267212,1.904252290725708,1.5441175699234009,1.7442909479141235,1.8593261241912842,1.5535480976104736,1.4431220293045044,1.1780891418457031,1.4113693237304688,1.280470371246338,1.4865578413009644,1.481297254562378,1.3834651708602905,1.123227834701538,0.831275224685669,0.973239541053772,1.3274009227752686,1.581594705581665,1.7063273191452026,1.4432793855667114,1.4170732498168945,1.7461897134780884,1.9164704084396362,2.0885698795318604,2.398275852203369,2.4329662322998047
A4,0.8476078510284424,0.6127991080284119,0.38661208748817444,0.0,0.37783747911453247,0.5899598002433777,0.9102325439453125,0.9217904806137085,0.6690549850463867,0.8385314345359802,1.185162901878357,1.498211145401001,1.6954843997955322,2.0509419441223145,2.200165271759033,2.8243112564086914,2.463547706604004,2.3750829696655273,2.105970621109009,1.8415883779525757,1.9089446067810059,1.6202338933944702,1.7239406108856201,1.6715145111083984,1.315132737159729,1.0792946815490723,0.6964709162712097,0.7219842672348022,0.5288518667221069,0.6161457896232605,1.0716798305511475,0.8661333918571472,0.7707645297050476,0.45263224840164185,0.7501804232597351,1.0069952011108398,1.307689905166626,1.371127724647522,1.1034533977508545,1.1244546175003052,1.480899453163147,1.6441110372543335,1.9073877334594727,2.1798157691955566,2.3467133045196533,2.8114688396453857,2.469294309616089,2.287792205810547,2.0538060665130615,1.7169203758239746,1.7498682737350464,1.4186164140701294,1.6132880449295044,1.6554551124572754,1.3101240396499634,1.182593822479248,0.8747057914733887,1.0900461673736572,0.9827587008476257,1.156083345413208,1.2526435852050781,1.0853102207183838,0.8145071864128113,0.4805026948451996,0.5934451222419739,0.9467112421989441,1.2020273208618164,1.3209103345870972,1.07053542137146,1.0636134147644043,1.416524052619934,1.6219863891601562,1.8302170038223267,2.148458957672119,2.2355682849884033
A5,1.1655131578445435,0.8869690299034119,0.609473466873169,0.37783747911453247,0.0,0.3736806809902191,0.6187591552734375,0.7610734105110168,0.5921118855476379,0.643025279045105,1.0292795896530151,1.303611159324646,1.5657888650894165,1.8891533613204956,2.0582427978515625,2.616692304611206,2.2722561359405518,2.1448378562927246,1.8492130041122437,1.582976222038269,1.7071340084075928,1.4600703716278076,1.6140015125274658,1.5262483358383179,1.1485625505447388,1.014607310295105,0.6843788623809814,0.8023253083229065,0.7752925753593445,0.8039289712905884,1.2793978452682495,0.9810441732406616,0.8902226090431213,0.5254696011543274,0.6573759913444519,0.8707231283187866,1.0885964632034302,1.110387921333313,0.7979832887649536,0.7936357855796814,1.1231287717819214,1.312687635421753,1.5577845573425293,1.849962592124939,2.0292856693267822,2.4973974227905273,2.143233060836792,1.9932599067687988,1.7764766216278076,1.452298879623413,1.4482135772705078,1.1066045761108398,1.2593878507614136,1.3078104257583618,0.9817127585411072,0.8377150297164917,0.5827224254608154,0.8764322996139526,0.87424635887146,1.1350497007369995,1.446738362312317,1.2052650451660156,1.012663722038269,0.6329014301300049,0.6596442461013794,0.9937244057655334,1.1532379388809204,1.2439945936203003,0.943244993686676,0.8531667590141296,1.1496176719665527,1.3276110887527466,1.4929988384246826,1.8178257942199707,1.8859463930130005
A6,1.1458864212036133,0.8322632312774658,0.6010960936546326,0.5899598002433777,0.3736806809902191,0.0,0.3865722119808197,0.47666117548942566,0.48283565044403076,0.6568738222122192,0.9986106753349304,1.3099949359893799,1.599779725074768,1.908603549003601,2.137937068939209,2.6774418354034424,2.349400758743286,2.2424066066741943,1.911929965019226,1.7009145021438599,1.876508355140686,1.6854538917541504,1.8105860948562622,1.6534850597381592,1.2871778011322021,1.1532530784606934,0.8544098734855652,0.8342478275299072,0.8315173387527466,0.6966331005096436,1.3147398233413696,1.0069267749786377,1.0551434755325317,0.7595250606536865,0.941482663154602,1.0418516397476196,1.2578074932098389,1.1642396450042725,0.8162317872047424,0.936696469783783,1.191359043121338,1.4646342992782593,1.671794056892395,1.997938632965088,2.1960911750793457,2.4376003742218018,2.089256525039673,1.9198473691940308,1.7645597457885742,1.4167966842651367,1.338797926902771,0.9635074734687805,1.1473100185394287,1.2944962978363037,1.0360127687454224,0.9831565022468567,0.8554738163948059,1.1924687623977661,1.2211893796920776,1.504699468612671,1.7843395471572876,1.568028450012207,1.3538058996200562,0.9796653389930725,0.9724453687667847,1.3253964185714722,1.4441003799438477,1.5741366147994995,1.2835925817489624,1.1207513809204102,1.3623714447021484,1.4502092599868774,1.572323203086853,1.8619105815887451,1.8561451435089111
A7,1.494145154953003,1.1490143537521362,0.9772591590881348,0.9102325439453125,0.6187591552734375,0.3865722119808197,0.0,0.35805949568748474,0.5227130651473999,0.525750994682312,0.789985716342926,1.0485960245132446,1.3814818859100342,1.6451257467269897,1.9061933755874634,2.385483741760254,2.080253839492798,1.9687587022781372,1.615826964378357,1.4490814208984375,1.675710678100586,1.5576485395431519,1.6802605390548706,1.4668415784835815,1.1242562532424927,1.0812302827835083,0.8980803489685059,0.9134804606437683,1.0547512769699097,0.9512209296226501,1.6958025693893433,1.3747618198394775,1.4091116189956665,1.0937570333480835,1.1849318742752075,1.2725416421890259,1.387925624847412,1.256376028060913,0.885535478591919,0.9447989463806152,1.0828303098678589,1.3705064058303833,1.4947137832641602,1.8492698669433594,2.021864414215088,2.0647311210632324,1.7208757400512695,1.5488049983978271,1.4250065088272095,1.0820363759994507,0.9618905782699585,0.5811196565628052,0.7897713780403137,0.9667107462882996,0.7684511542320251,0.8340265154838562,0.8641604781150818,1.239311933517456,1.3765345811843872,1.662710189819336,2.060265064239502,1.7975538969039917,1.5974947214126587,1.2254881858825684,1.1190571784973145,1.4334200620651245,1.4477068185806274,1.5959194898605347,1.3294062614440918,1.0677554607391357,1.2196648120880127,1.209610939025879,1.300921082496643,1.5499253273010254,1.509047269821167
A8,1.3374218940734863,0.9710282683372498,0.9210388660430908,0.9217904806137085,0.7610734105110168,0.47666117548942566,0.35805949568748474,0.0,0.3611111044883728,0.5601649284362793,0.7309041023254395,1.0659078359603882,1.341480016708374,1.6299529075622559,1.9148155450820923,2.4537436962127686,2.141725778579712,2.0932693481445312,1.7518244981765747,1.6262532472610474,1.819478154182434,1.6980578899383545,1.7500213384628296,1.515052080154419,1.201378583908081,1.0644828081130981,0.8767914175987244,0.74349445104599,0.8902323246002197,0.7307640314102173,1.695054292678833,1.42728590965271,1.51021409034729,1.2100540399551392,1.3939716815948486,1.5089327096939087,1.6849079132080078,1.5589048862457275,1.192786693572998,1.2782524824142456,1.4402512311935425,1.720391035079956,1.8389315605163574,2.1945879459381104,2.3473024368286133,2.205681562423706,1.892439365386963,1.6581902503967285,1.5448012351989746,1.1747967004776,1.0871020555496216,0.7528154253959656,1.0476925373077393,1.2270915508270264,1.0255043506622314,1.1470153331756592,1.1302690505981445,1.5038024187088013,1.6056363582611084,1.8535950183868408,2.1494407653808594,1.9197344779968262,1.6587315797805786,1.3062729835510254,1.1722179651260376,1.5119045972824097,1.5437901020050049,1.7535167932510376,1.5257208347320557,1.2688779830932617,1.4667223691940308,1.4408642053604126,1.5789037942886353,1.7909685373306274,1.745099663734436
A9,1.175536036491394,0.7974831461906433,0.7741771340370178,0.6690549850463867,0.5921118855476379,0.48283565044403076,0.5227130651473999,0.3611111044883728,0.0,0.38216233253479004,0.6266189217567444,0.9950985312461853,1.217270016670227,1.5552990436553955,1.7885499000549316,2.3979382514953613,2.0563957691192627,2.01944899559021,1.713768720626831,1.5455316305160522,1.6724679470062256,1.4916634559631348,1.5255080461502075,1.3406003713607788,1.012933373451233,0.7932600975036621,0.5423430800437927,0.4064692556858063,0.5758761167526245,0.5571355819702148,1.5962072610855103,1.3588236570358276,1.373302698135376,1.0427889823913574,1.2467833757400513,1.443709373474121,1.6486068964004517,1.603391170501709,1.2458175420761108,1.262308120727539,1.4918869733810425,1.7118239402770996,1.8594144582748413,2.1940701007843018,2.3207967281341553,2.3231871128082275,2.010124444961548,1.766802191734314,1.5792697668075562,1.2087899446487427,1.225986361503601,0.9228336215019226,1.2207447290420532,1.305856704711914,1.0143840312957764,1.0977472066879272,0.9860133528709412,1.334424614906311,1.4087973833084106,1.6031185388565063,1.8573756217956543,1.6307711601257324,1.341883897781372,1.0135668516159058,0.8441811800003052,1.187936544418335,1.2514461278915405,1.4830961227416992,1.2841966152191162,1.065464735031128,1.3359812498092651,1.3779304027557373,1.5888996124267578,1.8274972438812256,1.8574928045272827
A10,1.5075575113296509,1.1418706178665161,1.0583988428115845,0.8385314345359802,0.643025279045105,0.6568738222122192,0.525750994682312,0.5601649284362793,0.38216233253479004,0.0,0.3881533741950989,0.6831000447273254,0.9509606957435608,1.271056890487671,1.4843400716781616,2.0612952709198,1.7192500829696655,1.6530588865280151,1.3483521938323975,1.164221167564392,1.3017069101333618,1.1449224948883057,1.206130862236023,1.010040521621704,0.6635530591011047,0.5559594035148621,0.44150856137275696,0.5591548085212708,0.8335496783256531,0.9221033453941345,1.8522979021072388,1.5806111097335815,1.523798942565918,1.1557039022445679,1.246553659439087,1.467290997505188,1.58893883228302,1.5728622674942017,1.2167989015579224,1.1266984939575195,1.3069331645965576,1.4762964248657227,1.5765125751495361,1.9081676006317139,1.9960342645645142,2.0185744762420654,1.7016372680664062,1.474625825881958,1.2455376386642456,0.8914243578910828,0.9666184782981873,0.714504063129425,0.9950954914093018,0.9935633540153503,0.6734996438026428,0.814507782459259,0.7759460210800171,1.1282992362976074,1.2947490215301514,1.4763879776000977,1.8743298053741455,1.5885581970214844,1.3462523221969604,1.0278117656707764,0.774733304977417,1.0464537143707275,1.004902958869934,1.232536792755127,1.056647777557373,0.7630550861358643,0.987371027469635,1.0030137300491333,1.2398662567138672,1.4735043048858643,1.544761061668396
A11,1.7643184661865234,1.3884297609329224,1.3842254877090454,1.185162901878357,1.0292795896530151,0.9986106753349304,0.789985716342926,0.7309041023254395,0.6266189217567444,0.3881533741950989,0.0,0.38385826349258423,0.6162629723548889,0.9318021535873413,1.1897985935211182,1.7841583490371704,1.4499667882919312,1.4524922370910645,1.1601080894470215,1.0728707313537598,1.1990175247192383,1.1282860040664673,1.0934630632400513,0.814069390296936,0.5804818272590637,0.5144699811935425,0.6384401917457581,0.678737223148346,1.038998007774353,1.139033555984497,2.1999008655548096,1.9449573755264282,1.9021121263504028,1.5357720851898193,1.6278388500213623,1.8512647151947021,1.950527548789978,1.9223374128341675,1.5634037256240845,1.4579631090164185,1.575039029121399,1.725654125213623,1.7514070272445679,2.0850706100463867,2.118609666824341,1.8214402198791504,1.5510810613632202,1.2599247694015503,1.0341662168502808,0.6769518852233887,0.8353335857391357,0.7259004712104797,1.054162621498108,1.0215532779693604,0.7818499207496643,1.0543993711471558,1.0980589389801025,1.427701711654663,1.632978916168213,1.7746410369873047,2.1765475273132324,1.887309193611145,1.6292352676391602,1.3531138896942139,1.040168285369873,1.246361494064331,1.109913945198059,1.3930433988571167,1.3015620708465576,0.9688717722892761,1.1160610914230347,1.0194655656814575,1.2802950143814087,1.42228102684021,1.4894654750823975
A12,2.13390851020813,1.7618827819824219,1.7332062721252441,1.498211145401001,1.303611159324646,1.3099949359893799,1.0485960245132446,1.0659078359603882,0.9950985312461853,0.6831000447273254,0.38385826349258423,0.0,0.3788430392742157,0.6041250824928284,0.8661181330680847,1.4065618515014648,1.0790879726409912,1.0794473886489868,0.7928248047828674,0.7696662545204163,0.908086359500885,0.9477424621582031,0.8969119191169739,0.556541383266449,0.4641571044921875,0.6336697936058044,0.8984909653663635,1.0267287492752075,1.3907496929168701,1.5184849500656128,2.533846139907837,2.2614505290985107,2.185882568359375,1.8102463483810425,1.8353607654571533,2.058910846710205,2.092871904373169,2.07814621925354,1.7382115125656128,1.5697623491287231,1.6152900457382202,1.709277629852295,1.657723307609558,1.9723930358886719,1.9452024698257446,1.5125880241394043,1.2695255279541016,0.974445104598999,0.6970304250717163,0.4010442793369293,0.7029129266738892,0.7721760869026184,1.0291575193405151,0.8926418423652649,0.7326489686965942,1.0737766027450562,1.2070759534835815,1.4919995069503784,1.7609832286834717,1.8783600330352783,2.368990182876587,2.0489141941070557,1.8335721492767334,1.5852673053741455,1.2482554912567139,1.3640072345733643,1.1214332580566406,1.383834719657898,1.3510372638702393,0.9875668883323669,1.0111024379730225,0.8141960501670837,1.086319088935852,1.1520929336547852,1.2600291967391968
A13,2.275641918182373,1.9160830974578857,1.9442096948623657,1.6954843997955322,1.5657888650894165,1.599779725074768,1.3814818859100342,1.341480016708374,1.217270016670227,0.9509606957435608,0.6162629723548889,0.3788430392742157,0.0,0.3790271282196045,0.5956048369407654,1.26484215259552,0.9214603304862976,1.0440220832824707,0.8750125169754028,0.9135919213294983,0.9165992736816406,0.9723289608955383,0.7793025374412537,0.4450269639492035,0.5796923637390137,0.6753459572792053,1.0255279541015625,1.126673936843872,1.4984400272369385,1.6784758567810059,2.750683546066284,2.5108485221862793,2.4207026958465576,2.0460116863250732,2.090831756591797,2.350165605545044,2.4020957946777344,2.4176154136657715,2.0801329612731934,1.8969053030014038,1.964011549949646,2.023268938064575,1.9661532640457153,2.2547852993011475,2.1823840141296387,1.6553725004196167,1.4804284572601318,1.1615628004074097,0.875876247882843,0.6997708678245544,1.0342283248901367,1.1432387828826904,1.4016672372817993,1.2415156364440918,1.0804648399353027,1.394313931465149,1.481081485748291,1.727080225944519,1.9791775941848755,2.033176898956299,2.4716246128082275,2.165919303894043,1.9309364557266235,1.7407320737838745,1.370527744293213,1.4265207052230835,1.1526947021484375,1.4574052095413208,1.5113141536712646,1.1898800134658813,1.233892798423767,1.0637104511260986,1.3713607788085938,1.3913061618804932,1.5396627187728882
A14,2.645132541656494,2.2804648876190186,2.297563076019287,2.0509419441223145,1.8891533613204956,1.908603549003601,1.6451257467269897,1.6299529075622559,1.5552990436553955,1.271056890487671,0.9318021535873413,0.6041250824928284,0.3790271282196045,0.0,0.38166263699531555,0.923052191734314,0.6224626898765564,0.8229113817214966,0.7185603380203247,0.9049661159515381,0.9181060194969177,1.109894871711731,0.9150213599205017,0.5983526110649109,0.8485404253005981,1.0361167192459106,1.3900097608566284,1.499405026435852,1.873337984085083,2.0359385013580322,3.104113817214966,2.84837007522583,2.757664203643799,2.380178451538086,2.393470287322998,2.6355738639831543,2.645671844482422,2.648852586746216,2.321645975112915,2.1217732429504395,2.127283811569214,2.1645631790161133,2.0414936542510986,2.3117759227752686,2.1942217350006104,1.4080612659454346,1.3074746131896973,0.9890806674957275,0.7377806305885315,0.7277476191520691,1.0674195289611816,1.290338158607483,1.494470238685608,1.3049051761627197,1.2452597618103027,1.5892688035964966,1.741652250289917,1.9685113430023193,2.256497383117676,2.3108386993408203,2.8010268211364746,2.4807705879211426,2.272304058074951,2.0850367546081543,1.7176390886306763,1.7426056861877441,1.4265143871307373,1.69389009475708,1.770666480064392,1.4393141269683838,1.389014720916748,1.1398156881332397,1.395552635192871,1.312895655632019,1.456578254699707
A15,2.8245179653167725,2.4767165184020996,2.4867916107177734,2.200165271759033,2.0582427978515625,2.137937068939209,1.9061933755874634,1.9148155450820923,1.7885499000549316,1.4843400716781616,1.1897985935211182,0.8661181330680847,0.5956048369407654,0.38166263699531555,0.0,0.7622337341308594,0.42044636607170105,0.691292405128479,0.7639274597167969,0.9170334339141846,0.7861372232437134,0.9997360706329346,0.7475687265396118,0.5656085014343262,0.9268801212310791,1.1355232000350952,1.516516089439392,1.6788803339004517,2.0360498428344727,2.2518131732940674,3.270371913909912,3.0251779556274414,2.8915936946868896,2.5150954723358154,2.49922251701355,2.768551826477051,2.762842893600464,2.812793016433716,2.5064711570739746,2.261953592300415,2.277371883392334,2.252610206604004,2.124680995941162,2.349942684173584,2.1825642585754395,1.5702227354049683,1.4961819648742676,1.2417739629745483,0.9489510655403137,1.0096116065979004,1.3708059787750244,1.5833895206451416,1.7546786069869995,1.5072253942489624,1.4217538833618164,1.718368649482727,1.844348669052124,2.0079259872436523,2.2963411808013916,2.292689800262451,2.787792682647705,2.4662444591522217,2.2862048149108887,2.1534156799316406,1.7799650430679321,1.7236597537994385,1.3702294826507568,1.6134904623031616,1.7644025087356567,1.4819085597991943,1.4136691093444824,1.2117751836776733,1.4952472448349,1.4094548225402832,1.6311861276626587
B1,3.5040552616119385,3.1438088417053223,3.1087934970855713,2.8243112564086914,2.616692304611206,2.6774418354034424,2.385483741760254,2.4537436962127686,2.3979382514953613,2.0612952709198,1.7841583490371704,1.4065618515014648,1.26484215259552,0.923052191734314,0.7622337341308594,0.0,0.3780554234981537,0.5708266496658325,0.8395739197731018,1.1441196203231812,1.0959715843200684,1.4552720785140991,1.3287196159362793,1.198075771331787,1.5175871849060059,1.8174941539764404,2.1785316467285156,2.365821361541748,2.7279863357543945,2.9092490673065186,3.880601167678833,3.597388744354248,3.460165500640869,3.0842788219451904,3.004276990890503,3.2285637855529785,3.1402597427368164,3.1681346893310547,2.897024393081665,2.6301729679107666,2.5366904735565186,2.468834400177002,2.2320547103881836,2.397136688232422,2.155569553375244,1.2240321636199951,1.3151867389678955,1.2005484104156494,1.0466574430465698,1.3297044038772583,1.6102036237716675,1.9307798147201538,1.9855750799179077,1.7092902660369873,1.7801487445831299,2.0799448490142822,2.304635763168335,2.4321224689483643,2.7714335918426514,2.7893993854522705,3.386039972305298,3.0383596420288086,2.916983127593994,2.7685763835906982,2.4183349609375,2.3439157009124756,1.9634222984313965,2.115077018737793,2.2571213245391846,1.9700286388397217,1.7606462240219116,1.4741519689559937,1.6085399389266968,1.360459327697754,1.5610896348953247
B2,3.142101526260376,2.7868943214416504,2.7554478645324707,2.463547706604004,2.2722561359405518,2.349400758743286,2.080253839492798,2.141725778579712,2.0563957691192627,1.7192500829696655,1.4499667882919312,1.0790879726409912,0.9214603304862976,0.6224626898765564,0.42044636607170105,0.3780554234981537,0.0,0.38597527146339417,0.6096454858779907,0.8647021651268005,0.7818536162376404,1.1152938604354858,0.966241717338562,0.8216084837913513,1.1525260210037231,1.444704294204712,1.8093883991241455,2.004969835281372,2.362581491470337,2.558661460876465,3.525949239730835,3.2527732849121094,3.1104650497436523,2.733853340148926,2.668102264404297,2.9093990325927734,2.847090482711792,2.8886070251464844,2.606712579727173,2.339897394180298,2.288325786590576,2.2302591800689697,2.0373291969299316,2.228259801864624,2.01648211479187,1.3001607656478882,1.2850288152694702,1.1127912998199463,0.8598485589027405,1.0711174011230469,1.3975032567977905,1.6745448112487793,1.76671302318573,1.4844759702682495,1.490487813949585,1.7860071659088135,1.9779144525527954,2.1138675212860107,2.4397621154785156,2.451935291290283,3.0255186557769775,2.6825661659240723,2.547732353210449,2.402344226837158,2.0471320152282715,1.9756585359573364,1.5992374420166016,1.7741916179656982,1.9166029691696167,1.6287869215011597,1.4587512016296387,1.1994117498397827,1.4026012420654297,1.2275112867355347,1.4615623950958252
B3,3.1156280040740967,2.7635717391967773,2.6787221431732178,2.3750829696655273,2.1448378562927246,2.2424066066741943,1.9687587022781372,2.0932693481445312,2.01944899559021,1.6530588865280151,1.4524922370910645,1.0794473886489868,1.0440220832824707,0.8229113817214966,0.691292405128479,0.5708266496658325,0.38597527146339417,0.0,0.3817938566207886,0.5978801846504211,0.5767974853515625,0.9605674743652344,0.9437740445137024,0.8340243101119995,1.0874818563461304,1.443593144416809,1.7722152471542358,2.0178017616271973,2.3583011627197266,2.545644521713257,3.414804220199585,3.119950771331787,2.96022629737854,2.5903382301330566,2.475908041000366,2.694960594177246,2.589493751525879,2.6377604007720947,2.3847525119781494,2.093773365020752,2.0075759887695312,1.9152003526687622,1.6970769166946411,1.8641878366470337,1.6379607915878296,1.1644583940505981,1.0909876823425293,1.0167900323867798,0.7335096001625061,0.9923022985458374,1.2868748903274536,1.552958607673645,1.5752485990524292,1.2524378299713135,1.289833664894104,1.5484445095062256,1.774897575378418,1.8784852027893066,2.226651191711426,2.2573366165161133,2.896433115005493,2.5366804599761963,2.4471547603607178,2.288811206817627,1.9634060859680176,1.8836376667022705,1.5049331188201904,1.612746238708496,1.72762930393219,1.446070909500122,1.202970266342163,0.9314711689949036,1.0884456634521484,0.9057542681694031,1.1941001415252686
B4,2.8437507152557373,2.482792377471924,2.384958267211914,2.105970621109009,1.8492130041122437,1.911929965019226,1.615826964378357,1.7518244981765747,1.713768720626831,1.3483521938323975,1.1601080894470215,0.7928248047828674,0.8750125169754028,0.7185603380203247,0.7639274597167969,0.8395739197731018,0.6096454858779907,0.3817938566207886,0.0,0.3733373284339905,0.575993537902832,0.9061381816864014,0.9455779790878296,0.731442928314209,0.8765015602111816,1.2441556453704834,1.5376685857772827,1.7673910856246948,2.108761787414551,2.2572715282440186,3.1280832290649414,2.82039737701416,2.688621759414673,2.3181354999542236,2.2175674438476562,2.41335129737854,2.3177130222320557,2.3301985263824463,2.0607597827911377,1.7980176210403442,1.70415461063385,1.666565179824829,1.4602948427200317,1.6867377758026123,1.5277318954467773,1.0127674341201782,0.8387887477874756,0.7229650020599365,0.3840164244174957,0.6305078864097595,0.9101518988609314,1.17543363571167,1.1992459297180176,0.8906537294387817,0.9512548446655273,1.2513407468795776,1.5104868412017822,1.6694295406341553,2.021709680557251,2.108734607696533,2.7516801357269287,2.390012264251709,2.2819857597351074,2.0750787258148193,1.7610450983047485,1.7467395067214966,1.399394154548645,1.5257163047790527,1.5646660327911377,1.2341433763504028,0.9961970448493958,0.6576269268989563,0.8065582513809204,0.649235725402832,0.8982030153274536
B5,2.623061180114746,2.2789816856384277,2.146746873855591,1.8415883779525757,1.582976222038269,1.7009145021438599,1.4490814208984375,1.6262532472610474,1.5455316305160522,1.164221167564392,1.0728707313537598,0.7696662545204163,0.9135919213294983,0.9049661159515381,0.9170334339141846,1.1441196203231812,0.8647021651268005,0.5978801846504211,0.3733373284339905,0.0,0.3705079257488251,0.6104457974433899,0.7716822624206543,0.6378592252731323,0.6691548824310303,1.0604119300842285,1.3127158880233765,1.5979762077331543,1.9065661430358887,2.077118396759033,2.8529694080352783,2.5461931228637695,2.383457899093628,2.018327474594116,1.8894275426864624,2.0982110500335693,1.998260259628296,2.048922300338745,1.7952302694320679,1.4993301630020142,1.4422001838684082,1.3695827722549438,1.2119739055633545,1.4356706142425537,1.2982606887817383,1.2976738214492798,1.047653079032898,0.9737631678581238,0.615412712097168,0.6908653974533081,0.9565316438674927,1.1076873540878296,1.1186537742614746,0.7733538150787354,0.7250763773918152,0.9525383710861206,1.1845691204071045,1.3090115785598755,1.6634783744812012,1.7435168027877808,2.407895088195801,2.0408968925476074,1.9604755640029907,1.7624629735946655,1.4704296588897705,1.4353253841400146,1.0973354578018188,1.1804776191711426,1.2052927017211914,0.8916176557540894,0.6306509375572205,0.3423350751399994,0.6076909899711609,0.6338158845901489,0.9515869617462158
B6,2.6794960498809814,2.3522815704345703,2.246387243270874,1.9089446067810059,1.7071340084075928,1.876508355140686,1.675710678100586,1.819478154182434,1.6724679470062256,1.3017069101333618,1.1990175247192383,0.908086359500885,0.9165992736816406,0.9181060194969177,0.7861372232437134,1.0959715843200684,0.7818536162376404,0.5767974853515625,0.575993537902832,0.3705079257488251,0.0,0.3866385817527771,0.48951455950737,0.5174239873886108,0.6778768301010132,1.0347228050231934,1.3303009271621704,1.6363788843154907,1.9366943836212158,2.1655986309051514,2.943589925765991,2.6658480167388916,2.4690380096435547,2.1054704189300537,1.9822863340377808,2.2375707626342773,2.159665822982788,2.2629101276397705,2.0172712802886963,1.6998729705810547,1.6996787786483765,1.5820701122283936,1.4634207487106323,1.6375479698181152,1.458194613456726,1.5711721181869507,1.371490240097046,1.2743635177612305,0.902646541595459,0.9645746946334839,1.2798863649368286,1.40833580493927,1.462477445602417,1.126448154449463,1.000905990600586,1.1701632738113403,1.3086580038070679,1.3723740577697754,1.6987088918685913,1.6959424018859863,2.324542760848999,1.9657306671142578,1.8900182247161865,1.7584965229034424,1.4450242519378662,1.3266278505325317,0.9465025663375854,1.0363513231277466,1.1725274324417114,0.9306220412254333,0.7414789199829102,0.6305500864982605,0.9356651902198792,0.9701563119888306,1.310637354850769
B7,2.394869565963745,2.0926778316497803,1.980474829673767,1.6202338933944702,1.4600703716278076,1.6854538917541504,1.5576485395431519,1.6980578899383545,1.4916634559631348,1.1449224948883057,1.1282860040664673,0.9477424621582031,0.9723289608955383,1.109894871711731,0.9997360706329346,1.4552720785140991,1.1152938604354858,0.9605674743652344,0.9061381816864014,0.6104457974433899,0.3866385817527771,0.0,0.3634825646877289,0.5432507395744324,0.548733651638031,0.827288806438446,1.0721110105514526,1.4154345989227295,1.671978235244751,1.9349510669708252,2.6436548233032227,2.387515068054199,2.1643781661987305,1.8090288639068604,1.6923660039901733,1.982113003730774,1.941903829574585,2.087198495864868,1.8473708629608154,1.525641679763794,1.608946681022644,1.487882137298584,1.4645742177963257,1.6397992372512817,1.5135478973388672,1.8979045152664185,1.6552025079727173,1.5394949913024902,1.1623867750167847,1.1067728996276855,1.4032467603683472,1.4283983707427979,1.5149314403533936,1.2106186151504517,0.9687650799751282,1.0443990230560303,1.0710766315460205,1.1005390882492065,1.387213945388794,1.345844030380249,1.9444817304611206,1.5904643535614014,1.5157544612884521,1.4144835472106934,1.1097701787948608,0.9505709409713745,0.5697585940361023,0.6621342301368713,0.8332123160362244,0.652989387512207,0.5994616150856018,0.694453775882721,1.0492901802062988,1.204658031463623,1.52937912940979
B8,2.4260921478271484,2.1182868480682373,2.0719621181488037,1.7239406108856201,1.6140015125274658,1.8105860948562622,1.6802605390548706,1.7500213384628296,1.5255080461502075,1.206130862236023,1.0934630632400513,0.8969119191169739,0.7793025374412537,0.9150213599205017,0.7475687265396118,1.3287196159362793,0.966241717338562,0.9437740445137024,0.9455779790878296,0.7716822624206543,0.48951455950737,0.3634825646877289,0.0,0.363182008266449,0.5619940757751465,0.7608529329299927,1.088858723640442,1.376076579093933,1.6623685359954834,1.946815013885498,2.7773375511169434,2.54732346534729,2.3451452255249023,1.98391854763031,1.9280134439468384,2.2370331287384033,2.240172863006592,2.370882749557495,2.1018192768096924,1.81163489818573,1.9111248254776,1.8267239332199097,1.7963197231292725,1.9883558750152588,1.8511602878570557,1.9542722702026367,1.7558488845825195,1.575059413909912,1.1983579397201538,1.1371064186096191,1.4804970026016235,1.5385831594467163,1.688420295715332,1.408086895942688,1.1725945472717285,1.3197221755981445,1.3289538621902466,1.4037425518035889,1.6555144786834717,1.5887476205825806,2.0881404876708984,1.7615578174591064,1.6268161535263062,1.5502803325653076,1.2000792026519775,1.0466793775558472,0.666536808013916,0.8838885426521301,1.0949516296386719,0.9102492332458496,0.9286160469055176,0.9446756839752197,1.3116374015808105,1.405362844467163,1.7080540657043457
B9,2.35495662689209,2.0154531002044678,1.9831112623214722,1.6715145111083984,1.5262483358383179,1.6534850597381592,1.4668415784835815,1.515052080154419,1.3406003713607788,1.010040521621704,0.814069390296936,0.556541383266449,0.4450269639492035,0.5983526110649109,0.5656085014343262,1.198075771331787,0.8216084837913513,0.8340243101119995,0.731442928314209,0.6378592252731323,0.5174239873886108,0.5432507395744324,0.363182008266449,0.0,0.3800434172153473,0.6401935815811157,1.005297064781189,1.2407010793685913,1.5754958391189575,1.8098912239074707,2.7414419651031494,2.4926843643188477,2.3388595581054688,1.963768720626831,1.9387469291687012,2.219313383102417,2.2297093868255615,2.303175210952759,2.002039670944214,1.7491451501846313,1.8185937404632568,1.7971231937408447,1.7405428886413574,1.9834785461425781,1.8740757703781128,1.6966116428375244,1.4963507652282715,1.2672885656356812,0.9032886624336243,0.8084912896156311,1.1650831699371338,1.2558561563491821,1.4366865158081055,1.1857272386550903,0.9846770763397217,1.2259125709533691,1.2983990907669067,1.4630128145217896,1.737054705619812,1.7452170848846436,2.251892566680908,1.9222735166549683,1.747833251953125,1.5991681814193726,1.2334834337234497,1.1888948678970337,0.8430594801902771,1.100145936012268,1.2133938074111938,0.927634596824646,0.928042471408844,0.823052704334259,1.179075837135315,1.238064169883728,1.4858341217041016
B10,2.0364348888397217,1.6954667568206787,1.6276588439941406,1.315132737159729,1.1485625505447388,1.2871778011322021,1.1242562532424927,1.201378583908081,1.012933373451233,0.6635530591011047,0.5804818272590637,0.4641571044921875,0.5796923637390137,0.8485404253005981,0.9268801212310791,1.5175871849060059,1.1525260210037231,1.0874818563461304,0.8765015602111816,0.6691548824310303,0.6778768301010132,0.548733651638031,0.5619940757751465,0.3800434172153473,0.0,0.3913596272468567,0.6850535273551941,0.9633985757827759,1.2798205614089966,1.496903419494629,2.3795485496520996,2.119715452194214,1.9717870950698853,1.594677209854126,1.5762500762939453,1.8508425951004028,1.881212592124939,1.9477452039718628,1.6391645669937134,1.40287184715271,1.5117418766021729,1.527570128440857,1.5304688215255737,1.8033381700515747,1.7626044750213623,1.7831007242202759,1.5157787799835205,1.302066683769226,0.955180823802948,0.7405893206596375,1.02999746799469,1.0092664957046509,1.2034045457839966,0.9913503527641296,0.7014949321746826,0.9069520831108093,0.9437673687934875,1.1539459228515625,1.4154397249221802,1.47251558303833,1.9843467473983765,1.6512371301651,1.4683797359466553,1.269864559173584,0.9185897707939148,0.9480482935905457,0.6655649542808533,0.9253541827201843,0.9384801983833313,0.612785816192627,0.7059818506240845,0.6790643930435181,1.0424129962921143,1.2045108079910278,1.4182169437408447
B11,1.7174698114395142,1.3851547241210938,1.3797990083694458,1.0792946815490723,1.014607310295105,1.1532530784606934,1.0812302827835083,1.0644828081130981,0.7932600975036621,0.5559594035148621,0.5144699811935425,0.6336697936058044,0.6753459572792053,1.0361167192459106,1.1355232000350952,1.8174941539764404,1.444704294204712,1.443593144416809,1.2441556453704834,1.0604119300842285,1.0347228050231934,0.827288806438446,0.7608529329299927,0.6401935815811157,0.3913596272468567,0.0,0.38490262627601624,0.6203004121780396,0.9367040991783142,1.1945854425430298,2.147836923599243,1.9306719303131104,1.8014785051345825,1.4334558248519897,1.5032203197479248,1.8050509691238403,1.9177846908569336,1.9883050918579102,1.664116382598877,1.4857184886932373,1.6748051643371582,1.7343721389770508,1.8052802085876465,2.0877511501312256,2.086538314819336,2.1092658042907715,1.8425346612930298,1.5900468826293945,1.275876522064209,0.9958314895629883,1.2410640716552734,1.1357048749923706,1.398220419883728,1.2676777839660645,0.9362703561782837,1.0861170291900635,1.00078547000885,1.2350378036499023,1.4054803848266602,1.4441460371017456,1.8113406896591187,1.5212531089782715,1.262748122215271,1.0753161907196045,0.7004806995391846,0.8033989071846008,0.6512806415557861,0.9856621026992798,0.9843208193778992,0.7396353483200073,0.9867037534713745,1.0362404584884644,1.3830510377883911,1.5715503692626953,1.7477736473083496
B12,1.3592756986618042,1.0350207090377808,1.0026308298110962,0.6964709162712097,0.6843788623809814,0.8544098734855652,0.8980803489685059,0.8767914175987244,0.5423430800437927,0.44150856137275696,0.6384401917457581,0.8984909653663635,1.0255279541015625,1.3900097608566284,1.516516089439392,2.1785316467285156,1.8093883991241455,1.7722152471542358,1.5376685857772827,1.3127158880233765,1.3303009271621704,1.0721110105514526,1.088858723640442,1.005297064781189,0.6850535273551941,0.38490262627601624,0.0,0.3819194436073303,0.6085385084152222,0.8716895580291748,1.7631402015686035,1.5535825490951538,1.433990478515625,1.0729155540466309,1.1974378824234009,1.500291347503662,1.671269416809082,1.7411428689956665,1.4198555946350098,1.295060157775879,1.5529507398605347,1.654090404510498,1.8000861406326294,2.089132070541382,2.15207839012146,2.344529390335083,2.042722702026367,1.8116611242294312,1.5279614925384521,1.2074724435806274,1.3639734983444214,1.1490528583526611,1.4078775644302368,1.3461705446243286,0.9807780385017395,1.0266308784484863,0.8369684815406799,1.0958290100097656,1.1847413778305054,1.2648671865463257,1.5549125671386719,1.2912813425064087,1.00058913230896,0.7560992240905762,0.4259955585002899,0.6930221915245056,0.7356250882148743,1.0094974040985107,0.900036633014679,0.7287614941596985,1.0665817260742188,1.1940219402313232,1.4975115060806274,1.7482737302780151,1.8898954391479492
B13,1.1501466035842896,0.8015884757041931,0.8970001339912415,0.7219842672348022,0.8023253083229065,0.8342478275299072,0.9134804606437683,0.74349445104599,0.4064692556858063,0.5591548085212708,0.678737223148346,1.0267287492752075,1.126673936843872,1.499405026435852,1.6788803339004517,2.365821361541748,2.004969835281372,2.0178017616271973,1.7673910856246948,1.5979762077331543,1.6363788843154907,1.4154345989227295,1.376076579093933,1.2407010793685913,0.9633985757827759,0.6203004121780396,0.3819194436073303,0.0,0.37754303216934204,0.5960898399353027,1.695845365524292,1.525867223739624,1.490198016166687,1.1654425859451294,1.388802409172058,1.6559686660766602,1.8811246156692505,1.9011638164520264,1.5623282194137573,1.523693323135376,1.7830358743667603,1.9428642988204956,2.091041326522827,2.4025895595550537,2.4859015941619873,2.493760108947754,2.206080198287964,1.933958888053894,1.6970127820968628,1.344265341758728,1.4596021175384521,1.2247231006622314,1.5361318588256836,1.5493485927581787,1.2212282419204712,1.3088713884353638,1.1386090517044067,1.4290995597839355,1.4761250019073486,1.576088547706604,1.7390289306640625,1.5348809957504272,1.1957321166992188,0.9540258049964905,0.7116143703460693,1.0128294229507446,1.09333336353302,1.3816218376159668,1.26742684841156,1.0974358320236206,1.4168773889541626,1.4927878379821777,1.7737988233566284,1.999233365058899,2.088042974472046
