,A1,A2,A3,A4,A5,A6,A7,A8,A9,A10,A11,A12,A13,A14,A15,B1,B2,B3,B4,B5,B6,B7,B8,B9,B10,B11,B12,B13,B14,B15,C1,C2,C3,C4,C5,C6,C7,C8,C9,C10,C11,C12,C13,C14,C15,D1,D2,D3,D4,D5,D6,D7,D8,D9,D10,D11,D12,D13,D14,D15,E1,E2,E3,E4,E5,E6,E7,E8,E9,E10,E11,E12,E13,E14,E15
A1,0.0,0.3766386806964874,0.5745212435722351,0.8779278993606567,1.0591800212860107,1.440980315208435,1.7657357454299927,1.866052508354187,1.7555463314056396,1.5818544626235962,1.9112192392349243,1.7800551652908325,2.1300296783447266,2.114065647125244,2.3054099082946777,2.5618202686309814,2.3394839763641357,2.512223958969116,2.2613601684570312,2.569490909576416,2.6512198448181152,2.629667043685913,2.387456178665161,2.0508694648742676,1.8845645189285278,1.6829324960708618,1.4286271333694458,1.1291860342025757,0.9714317321777344,0.6269810199737549,4.278919219970703,3.9750709533691406,3.8682243824005127,3.488173007965088,3.5492687225341797,3.271733522415161,2.9751086235046387,2.751880168914795,2.4210972785949707,2.347119092941284,1.9625955820083618,1.9539107084274292,1.6142637729644775,1.6021144390106201,1.6051771640777588,4.007566928863525,3.7563889026641846,3.4628076553344727,3.163949489593506,3.0950653553009033,2.80070161819458,2.414971351623535,2.5274250507354736,2.3093409538269043,2.638155937194824,2.465728521347046,2.7802987098693848,2.8044686317443848,3.0370588302612305,3.341122627258301,2.7852261066436768,2.6738195419311523,2.3898332118988037,2.339879035949707,1.9819648265838623,1.6880321502685547,1.5967401266098022,1.839313268661499,2.2013323307037354,2.366905450820923,2.468017101287842,2.831759214401245,2.9849112033843994,3.3244221210479736,3.578014612197876
A2,0.3766386806964874,0.0,0.3858543038368225,0.6022722125053406,0.8167418837547302,1.168497085571289,1.4934335947036743,1.5423475503921509,1.4044612646102905,1.2482913732528687,1.5906471014022827,1.478926181793213,1.8318413496017456,1.8577635288238525,2.044801712036133,2.347797155380249,2.1267197132110596,2.2596380710601807,1.987779974937439,2.2981796264648438,2.378244638442993,2.3365073204040527,2.123716354370117,1.7981462478637695,1.5934724807739258,1.3799216747283936,1.1082755327224731,0.8184534907341003,0.6106807589530945,0.32309314608573914,4.020188808441162,3.7084808349609375,3.584912061691284,3.2070422172546387,3.2427642345428467,2.9503085613250732,2.6475954055786133,2.424773931503296,2.102825164794922,2.0478336811065674,1.6665219068527222,1.707794427871704,1.372318983078003,1.4364594221115112,1.4563572406768799,3.7710189819335938,3.500171422958374,3.2131974697113037,2.9043710231781006,2.816272497177124,2.5034310817718506,2.112762212753296,2.201343059539795,1.990806221961975,2.3273191452026367,2.1653475761413574,2.4989187717437744,2.526445150375366,2.7856504917144775,3.077136754989624,2.6391446590423584,2.5091936588287354,2.20382022857666,2.1106951236724854,1.7722033262252808,1.4672365188598633,1.3250426054000854,1.6028028726577759,1.9591944217681885,2.082899808883667,2.1877694129943848,2.553715229034424,2.7105071544647217,3.0381062030792236,3.313788414001465
A3,0.5745212435722351,0.3858543038368225,0.0,0.3819546401500702,0.48483139276504517,0.869762659072876,1.1959660053253174,1.3190361261367798,1.2640211582183838,1.137337327003479,1.4858478307724,1.4521135091781616,1.8182040452957153,1.8863154649734497,2.130596399307251,2.518284797668457,2.2576427459716797,2.3452131748199463,2.0330939292907715,2.3016979694366455,2.317087173461914,2.224851131439209,1.9806182384490967,1.683457612991333,1.527941346168518,1.2512056827545166,1.0769493579864502,0.720327615737915,0.6697942614555359,0.5400123000144958,3.757357358932495,3.4423327445983887,3.34921932220459,2.9708468914031982,3.030590295791626,2.747225284576416,2.475360870361328,2.224337100982666,1.9079482555389404,1.797464370727539,1.4200760126113892,1.3971871137619019,1.0479315519332886,1.0690058469772339,1.0789306163787842,3.6229074001312256,3.349435329437256,3.087496280670166,2.759594440460205,2.715240955352783,2.429729700088501,2.0349812507629395,2.090888500213623,1.8281151056289673,2.1330039501190186,1.9259084463119507,2.23427677154541,2.2377853393554688,2.4729864597320557,2.7702150344848633,2.290281057357788,2.149134635925293,1.8617864847183228,1.7796175479888916,1.4288697242736816,1.1201403141021729,1.0329256057739258,1.2991673946380615,1.654261827468872,1.8134241104125977,1.9479221105575562,2.299722671508789,2.4843828678131104,2.813650131225586,3.075815200805664
A4,0.8779278993606567,0.6022722125053406,0.3819546401500702,0.0,0.37361082434654236,0.6830241084098816,0.9304898977279663,1.0215253829956055,0.9347531199455261,0.7682087421417236,1.107567310333252,1.0932010412216187,1.4589201211929321,1.5545552968978882,1.8206290006637573,2.267225980758667,1.9877192974090576,2.0337109565734863,1.7006527185440063,1.9490545988082886,1.945904016494751,1.843471884727478,1.60561203956604,1.3153947591781616,1.156886100769043,0.8695899844169617,0.7263731360435486,0.3589552342891693,0.46539396047592163,0.5312372446060181,3.4232866764068604,3.1120667457580566,2.999793767929077,2.620800733566284,2.6751697063446045,2.3976547718048096,2.1124095916748047,1.8810955286026,1.5494425296783447,1.472751498222351,1.086283564567566,1.1169602870941162,0.8035656213760376,0.9120252132415771,1.0271282196044922,3.256387948989868,2.9764888286590576,2.7157583236694336,2.3853840827941895,2.336254596710205,2.051297664642334,1.6566214561462402,1.7132596969604492,1.4549357891082764,1.7688006162643433,1.5881330966949463,1.9085571765899658,1.9499915838241577,2.200615406036377,2.50539231300354,2.2651686668395996,2.0736124515533447,1.7960091829299927,1.6386646032333374,1.3220399618148804,0.9574981331825256,0.7495860457420349,1.0037474632263184,1.3610285520553589,1.4970507621765137,1.598300814628601,1.9612494707107544,2.126970052719116,2.4574296474456787,2.7253715991973877
A5,1.0591800212860107,0.8167418837547302,0.48483139276504517,0.37361082434654236,0.0,0.39193621277809143,0.7252939343452454,0.8867456316947937,0.9299864172935486,0.8958387970924377,1.23562753200531,1.3257113695144653,1.678597331047058,1.8298733234405518,2.1081252098083496,2.5922634601593018,2.311972141265869,2.319643974304199,1.9657177925109863,2.182559013366699,2.129842519760132,1.962463617324829,1.72735595703125,1.4943552017211914,1.3618801832199097,1.0169811248779297,0.9741846919059753,0.638757586479187,0.7411789894104004,0.8520398736000061,3.339755058288574,3.012885332107544,2.9359617233276367,2.562302589416504,2.618574380874634,2.3289873600006104,2.0906949043273926,1.8067543506622314,1.5170795917510986,1.355729579925537,0.9983070492744446,0.9521139860153198,0.5896130800247192,0.6822624206542969,0.6957663893699646,3.3548059463500977,3.0612716674804688,2.837071657180786,2.484579086303711,2.466763734817505,2.1976661682128906,1.8079084157943726,1.793370246887207,1.483830451965332,1.748861312866211,1.4975618124008179,1.7946199178695679,1.7676117420196533,2.0064828395843506,2.29282808303833,1.900838851928711,1.7270867824554443,1.4375160932540894,1.312377691268921,0.9767215847969055,0.6505539417266846,0.5808926224708557,0.8888607025146484,1.2213211059570312,1.366506814956665,1.5491360425949097,1.8789464235305786,2.102217197418213,2.4142487049102783,2.6850197315216064
A6,1.440980315208435,1.168497085571289,0.869762659072876,0.6830241084098816,0.39193621277809143,0.0,0.4029053747653961,0.5617217421531677,0.7290752530097961,0.8325763940811157,1.129091501235962,1.3270394802093506,1.6423522233963013,1.862791657447815,2.1440436840057373,2.6826236248016357,2.4041550159454346,2.3482301235198975,1.9748845100402832,2.1487557888031006,2.0495450496673584,1.818288803100586,1.6190235614776611,1.4595576524734497,1.3351614475250244,0.9650863409042358,1.0292001962661743,0.7924184799194336,0.938339352607727,1.1619007587432861,3.052692413330078,2.7122762203216553,2.643115282058716,2.2786319255828857,2.315256357192993,2.0105204582214355,1.8057994842529297,1.4884552955627441,1.2449172735214233,1.0370814800262451,0.7281349301338196,0.6932613849639893,0.36602625250816345,0.6107701659202576,0.6076611876487732,3.203601121902466,2.8894729614257812,2.70159649848938,2.332810878753662,2.3259122371673584,2.0668859481811523,1.694180965423584,1.602810263633728,1.2657814025878906,1.4841903448104858,1.1939938068389893,1.4856301546096802,1.4187389612197876,1.6770070791244507,1.9385892152786255,1.6595898866653442,1.4616692066192627,1.1602671146392822,0.9727829098701477,0.6843999028205872,0.3845587968826294,0.336333304643631,0.7011917233467102,0.9651294946670532,1.0534560680389404,1.296318769454956,1.593510627746582,1.8559128046035767,2.1383917331695557,2.426586151123047
A7,1.7657357454299927,1.4934335947036743,1.1959660053253174,0.9304898977279663,0.7252939343452454,0.4029053747653961,0.0,0.3818618953227997,0.6705901622772217,0.7958913445472717,0.9726685881614685,1.2529104948043823,1.5151731967926025,1.768547773361206,2.0759379863739014,2.667567491531372,2.370157480239868,2.2616207599639893,1.8779217004776,1.9855670928955078,1.8220252990722656,1.5443428754806519,1.3449466228485107,1.2624918222427368,1.207203984260559,0.8496659994125366,1.0597292184829712,0.9237273931503296,1.1675223112106323,1.427114725112915,2.650515556335449,2.311918258666992,2.2479212284088135,1.8834446668624878,1.9375996589660645,1.6530653238296509,1.4722423553466797,1.153245449066162,0.9149452447891235,0.660787045955658,0.3868071734905243,0.3183610141277313,0.22290503978729248,0.5626277923583984,0.7056711912155151,2.8574116230010986,2.5409369468688965,2.3812034130096436,2.005436420440674,2.0338284969329834,1.8155134916305542,1.473127007484436,1.345576524734497,0.97700035572052,1.1356480121612549,0.8174143433570862,1.0884557962417603,1.0437177419662476,1.3015085458755493,1.583835482597351,1.6252437829971313,1.357258915901184,1.1229135990142822,0.834907591342926,0.6591262817382812,0.358618825674057,0.1886013150215149,0.38645753264427185,0.5759258270263672,0.6582335233688354,0.9144994616508484,1.1959341764450073,1.4698771238327026,1.7489670515060425,2.029391288757324
A8,1.866052508354187,1.5423475503921509,1.3190361261367798,1.0215253829956055,0.8867456316947937,0.5617217421531677,0.3818618953227997,0.0,0.3674007058143616,0.6381219625473022,0.7914526462554932,1.1057889461517334,1.3331769704818726,1.632152795791626,1.8938946723937988,2.4843380451202393,2.2191901206970215,2.0789151191711426,1.6999784708023071,1.8159546852111816,1.6820766925811768,1.396206021308899,1.2843133211135864,1.2201536893844604,1.083042025566101,0.7583012580871582,0.9430488348007202,0.9142031669616699,1.1002033948898315,1.4328781366348267,2.649914503097534,2.3046953678131104,2.190074920654297,1.8335508108139038,1.8177306652069092,1.4884891510009766,1.2687934637069702,0.9526105523109436,0.7347277402877808,0.5892647504806519,0.36250025033950806,0.600208044052124,0.5737028121948242,0.934489905834198,1.0449986457824707,2.8071389198303223,2.4672341346740723,2.3032033443450928,1.9303160905838013,1.8980460166931152,1.6349962949752808,1.2950013875961304,1.1181610822677612,0.788569986820221,0.9869780540466309,0.731755256652832,1.0764415264129639,1.058895230293274,1.387364387512207,1.6215893030166626,1.8413724899291992,1.593032956123352,1.3271313905715942,1.0046749114990234,0.9077782034873962,0.6975826025009155,0.4391758441925049,0.660808265209198,0.7762813568115234,0.6686768531799316,0.8967235088348389,1.1810302734375,1.4343407154083252,1.6815229654312134,2.0108931064605713
A9,1.7555463314056396,1.4044612646102905,1.2640211582183838,0.9347531199455261,0.9299864172935486,0.7290752530097961,0.6705901622772217,0.3674007058143616,0.0,0.36346980929374695,0.5552901029586792,0.8158878087997437,1.0517107248306274,1.3475196361541748,1.5751419067382812,2.1442811489105225,1.8979034423828125,1.768268346786499,1.3979684114456177,1.5587007999420166,1.4920400381088257,1.2651257514953613,1.1895099878311157,1.0681575536727905,0.8384647369384766,0.5583426356315613,0.6527393460273743,0.7249040603637695,0.8682705163955688,1.2372167110443115,2.811159372329712,2.480391263961792,2.3160359859466553,1.9585920572280884,1.9155652523040771,1.5846045017242432,1.2908543348312378,1.05253005027771,0.785027265548706,0.812735915184021,0.5505423545837402,0.8682258725166321,0.7961602210998535,1.1516475677490234,1.2938915491104126,2.7733051776885986,2.4347870349884033,2.2287075519561768,1.8745555877685547,1.7780495882034302,1.4624041318893433,1.0977429151535034,0.9750584959983826,0.7289108037948608,1.032011866569519,0.9051418304443359,1.2835180759429932,1.3432940244674683,1.681955337524414,1.917237639427185,2.191206216812134,1.9533196687698364,1.6738462448120117,1.3662841320037842,1.2389767169952393,0.9771380424499512,0.6285685896873474,0.85957270860672,1.0311424732208252,0.9161064028739929,1.0242561101913452,1.3484760522842407,1.5274596214294434,1.7849130630493164,2.126352548599243
A10,1.5818544626235962,1.2482913732528687,1.137337327003479,0.7682087421417236,0.8958387970924377,0.8325763940811157,0.7958913445472717,0.6381219625473022,0.36346980929374695,0.0,0.3725767731666565,0.5118306875228882,0.820751965045929,1.057866096496582,1.32068932056427,1.8866385221481323,1.611039400100708,1.5219873189926147,1.1480116844177246,1.3405967950820923,1.3066225051879883,1.1556953191757202,1.0191961526870728,0.8040837049484253,0.5516549348831177,0.25821754336357117,0.31535694003105164,0.46416807174682617,0.6903167963027954,1.0264308452606201,2.8873605728149414,2.579166889190674,2.402904510498047,2.034435987472534,2.0304059982299805,1.74190354347229,1.411768913269043,1.2403100728988647,0.8999428749084473,0.979686975479126,0.6520116925239563,0.9317502975463867,0.8379443883895874,1.1406440734863281,1.3526170253753662,2.6681339740753174,2.3545114994049072,2.104968786239624,1.7682383060455322,1.6662911176681519,1.3480467796325684,0.9539315700531006,0.9632941484451294,0.7544131278991699,1.111816644668579,1.0444246530532837,1.4100873470306396,1.5367823839187622,1.844041347503662,2.1221940517425537,2.403261661529541,2.1499547958374023,1.8905311822891235,1.5981194972991943,1.4211760759353638,1.0808079242706299,0.6804109215736389,0.8475297093391418,1.088204264640808,1.0579698085784912,1.0677062273025513,1.4353928565979004,1.5510472059249878,1.8517200946807861,2.1622233390808105
A11,1.9112192392349243,1.5906471014022827,1.4858478307724,1.107567310333252,1.23562753200531,1.129091501235962,0.9726685881614685,0.7914526462554932,0.5552901029586792,0.3725767731666565,0.0,0.38292354345321655,0.549221932888031,0.8528268337249756,1.1313793659210205,1.753623127937317,1.467993140220642,1.3053481578826904,0.92238849401474,1.0364993810653687,0.9552222490310669,0.7856826186180115,0.6965776085853577,0.5536378622055054,0.3209923803806305,0.2684798538684845,0.5213110446929932,0.7856257557868958,1.0256195068359375,1.3416002988815308,2.622847318649292,2.333045721054077,2.1235809326171875,1.7632602453231812,1.7522830963134766,1.4931566715240479,1.1339656114578247,1.0474623441696167,0.6947682499885559,0.9031215310096741,0.6826079487800598,1.0097135305404663,1.0461854934692383,1.34034264087677,1.5997111797332764,2.315676212310791,1.9979071617126465,1.7465087175369263,1.414794921875,1.2960479259490967,0.9784377813339233,0.5867518782615662,0.6168886423110962,0.4777902066707611,0.8513103723526001,0.9052969217300415,1.2494099140167236,1.4547827243804932,1.7539238929748535,2.028197765350342,2.5785632133483887,2.2940564155578613,2.0735855102539062,1.7423412799835205,1.6259952783584595,1.3028916120529175,0.9007980823516846,0.9302739500999451,1.0755372047424316,0.9892122745513916,0.8794953227043152,1.2335950136184692,1.2780582904815674,1.5716381072998047,1.879596471786499
A12,1.7800551652908325,1.478926181793213,1.4521135091781616,1.0932010412216187,1.3257113695144653,1.3270394802093506,1.2529104948043823,1.1057889461517334,0.8158878087997437,0.5118306875228882,0.38292354345321655,0.0,0.3663172125816345,0.5462276935577393,0.8287649750709534,1.420662760734558,1.1229151487350464,1.0249046087265015,0.6506574153900146,0.8703886866569519,0.9196062684059143,0.9159830808639526,0.8175597786903381,0.5419290065765381,0.18869757652282715,0.4123244881629944,0.3925483226776123,0.737688422203064,0.928841769695282,1.185973048210144,2.910243034362793,2.6425304412841797,2.4169464111328125,2.063627243041992,2.0610592365264893,1.827879786491394,1.4517250061035156,1.414289951324463,1.0669598579406738,1.2778512239456177,1.0207897424697876,1.3035740852355957,1.276405692100525,1.5298068523406982,1.7970142364501953,2.402146816253662,2.1157889366149902,1.813795566558838,1.5299859046936035,1.3680435419082642,1.033217430114746,0.6574373841285706,0.8558050990104675,0.8316208720207214,1.1932841539382935,1.278756856918335,1.6078646183013916,1.8281656503677368,2.113680124282837,2.400540590286255,2.8777284622192383,2.6026499271392822,2.3709771633148193,2.063304901123047,1.9018925428390503,1.5439949035644531,1.137534260749817,1.1872295141220093,1.3887007236480713,1.3535856008529663,1.2175378799438477,1.573454737663269,1.5672143697738647,1.8691760301589966,2.1505990028381348
A13,2.1300296783447266,1.8318413496017456,1.8182040452957153,1.4589201211929321,1.678597331047058,1.6423522233963013,1.5151731967926025,1.3331769704818726,1.0517107248306274,0.820751965045929,0.549221932888031,0.3663172125816345,0.0,0.36945676803588867,0.6053354144096375,1.2498129606246948,0.9679549336433411,0.7606824040412903,0.3811648190021515,0.5263627767562866,0.6170721650123596,0.6970109939575195,0.7305772304534912,0.5758957862854004,0.3559541702270508,0.702250063419342,0.751745879650116,1.1034504175186157,1.2748602628707886,1.5301576852798462,2.7905020713806152,2.5478262901306152,2.2829859256744385,1.9559478759765625,1.928000569343567,1.7283846139907837,1.33805251121521,1.3980331420898438,1.0951834917068481,1.3885034322738647,1.219191551208496,1.52741277217865,1.5662953853607178,1.8268262147903442,2.1084370613098145,2.150362014770508,1.865949273109436,1.5529816150665283,1.3065472841262817,1.0820646286010742,0.7256341576576233,0.41601982712745667,0.7042961716651917,0.8422753810882568,1.1538300514221191,1.3458305597305298,1.6394586563110352,1.9066978693008423,2.185302257537842,2.4514338970184326,3.1255900859832764,2.835298776626587,2.622192621231079,2.2891013622283936,2.1714420318603516,1.8337018489837646,1.4275661706924438,1.4261301755905151,1.5581245422363281,1.4718029499053955,1.2646485567092896,1.5734096765518188,1.4923155307769775,1.7583823204040527,2.0315980911254883
A14,2.114065647125244,1.8577635288238525,1.8863154649734497,1.5545552968978882,1.8298733234405518,1.862791657447815,1.768547773361206,1.632152795791626,1.3475196361541748,1.057866096496582,0.8528268337249756,0.5462276935577393,0.36945676803588867,0.0,0.38550490140914917,0.9898536801338196,0.6555052995681763,0.5372516512870789,0.22893723845481873,0.4711841344833374,0.6976845264434814,0.930681049823761,0.9067916870117188,0.6878701448440552,0.5653485059738159,0.9216001629829407,0.8912178874015808,1.213780403137207,1.3665847778320312,1.5412636995315552,3.017331123352051,2.8000197410583496,2.5357165336608887,2.2155978679656982,2.21743106842041,2.053473949432373,1.6692875623703003,1.7468388080596924,1.4309853315353394,1.7040660381317139,1.5028427839279175,1.769997000694275,1.7816327810287476,1.998563289642334,2.296238422393799,2.2004172801971436,1.9644618034362793,1.6131335496902466,1.427071452140808,1.2062325477600098,0.9113467335700989,0.6995212435722351,1.0448822975158691,1.1766746044158936,1.4754830598831177,1.6633026599884033,1.938873529434204,2.219609022140503,2.4758195877075195,2.762181043624878,3.3898468017578125,3.098635196685791,2.8902359008789062,2.5737385749816895,2.4238524436950684,2.058168411254883,1.6558542251586914,1.6412487030029297,1.805946946144104,1.7719933986663818,1.5462511777877808,1.858353614807129,1.743891954421997,2.022890567779541,2.255045175552368
A15,2.3054099082946777,2.044801712036133,2.130596399307251,1.8206290006637573,2.1081252098083496,2.1440436840057373,2.0759379863739014,1.8938946723937988,1.5751419067382812,1.32068932056427,1.1313793659210205,0.8287649750709534,0.6053354144096375,0.38550490140914917,0.0,0.6492490768432617,0.4011703431606293,0.2213483303785324,0.2361915111541748,0.5166173577308655,0.8832367658615112,1.1603572368621826,1.232096552848816,1.0601447820663452,0.8927536606788635,1.2352467775344849,1.139025330543518,1.477610468864441,1.553085446357727,1.7222322225570679,3.2546420097351074,3.046978712081909,2.7541768550872803,2.4577558040618896,2.416731119155884,2.2489309310913086,1.8588212728500366,1.9692456722259521,1.6916035413742065,1.9933115243911743,1.809583067893982,2.1054582595825195,2.1038599014282227,2.3418962955474854,2.6191751956939697,2.348806381225586,2.122527599334717,1.7709203958511353,1.6377477645874023,1.3531016111373901,1.0475980043411255,0.9273542761802673,1.238671064376831,1.440641164779663,1.7299834489822388,1.9484487771987915,2.2306814193725586,2.5085926055908203,2.7822265625,3.0450332164764404,3.6981751918792725,3.417415142059326,3.190243721008301,2.870131254196167,2.726917266845703,2.372744083404541,1.9661288261413574,1.987911343574524,2.147639513015747,2.0768651962280273,1.857726812362671,2.1508309841156006,2.022080421447754,2.2640810012817383,2.5058767795562744
B1,2.5618202686309814,2.347797155380249,2.518284797668457,2.267225980758667,2.5922634601593018,2.6826236248016357,2.667567491531372,2.4843380451202393,2.1442811489105225,1.8866385221481323,1.753623127937317,1.420662760734558,1.2498129606246948,0.9898536801338196,0.6492490768432617,0.0,0.37741002440452576,0.5798183679580688,0.8848409056663513,1.0767956972122192,1.466102957725525,1.7856452465057373,1.8630753755569458,1.676417350769043,1.5127614736557007,1.8310186862945557,1.655568242073059,1.9562416076660156,1.9477938413619995,2.034754991531372,3.8460285663604736,3.6587166786193848,3.3516159057617188,3.074524402618408,3.021893262863159,2.86452317237854,2.4769883155822754,2.6007354259490967,2.3339436054229736,2.6329431533813477,2.4308362007141113,2.719536781311035,2.6793906688690186,2.9020586013793945,3.1640849113464355,2.78271222114563,2.6067821979522705,2.2480390071868896,2.1892409324645996,1.8892827033996582,1.6293882131576538,1.5689692497253418,1.8698238134384155,2.084801435470581,2.373796224594116,2.5936923027038574,2.8794941902160645,3.1543822288513184,3.431283712387085,3.691894292831421,4.288151264190674,4.021733283996582,3.776710271835327,3.472212076187134,3.305072784423828,2.943033456802368,2.542421579360962,2.5933892726898193,2.779215097427368,2.7187702655792236,2.5064239501953125,2.7981576919555664,2.655609607696533,2.8840653896331787,3.110241651535034
B2,2.3394839763641357,2.1267197132110596,2.2576427459716797,1.9877192974090576,2.311972141265869,2.4041550159454346,2.370157480239868,2.2191901206970215,1.8979034423828125,1.611039400100708,1.467993140220642,1.1229151487350464,0.9679549336433411,0.6555052995681763,0.4011703431606293,0.37741002440452576,0.0,0.3879149258136749,0.6095850467681885,0.8250806927680969,1.1902154684066772,1.510155439376831,1.536931037902832,1.328992247581482,1.1972819566726685,1.5237666368484497,1.3781298398971558,1.6737831830978394,1.7182623147964478,1.8073736429214478,3.579331159591675,3.387718915939331,3.099240779876709,2.8054566383361816,2.7853758335113525,2.634566068649292,2.2472033500671387,2.3556315898895264,2.062215805053711,2.3456811904907227,2.1326069831848145,2.4003498554229736,2.369952440261841,2.574857473373413,2.854621410369873,2.5554306507110596,2.373811721801758,2.005079746246338,1.9172838926315308,1.65093195438385,1.3947200775146484,1.295522928237915,1.627091884613037,1.8085616827011108,2.1022191047668457,2.3072381019592285,2.5857152938842773,2.8664963245391846,3.1285200119018555,3.407362699508667,3.99440336227417,3.717972993850708,3.4891037940979004,3.18611478805542,3.013662815093994,2.640700340270996,2.2417261600494385,2.2651255130767822,2.453760862350464,2.420226573944092,2.1989059448242188,2.501070976257324,2.3614614009857178,2.6152870655059814,2.8310837745666504
B3,2.512223958969116,2.2596380710601807,2.3452131748199463,2.0337109565734863,2.319643974304199,2.3482301235198975,2.2616207599639893,2.0789151191711426,1.768268346786499,1.5219873189926147,1.3053481578826904,1.0249046087265015,0.7606824040412903,0.5372516512870789,0.2213483303785324,0.5798183679580688,0.3879149258136749,0.0,0.3842673897743225,0.49748143553733826,0.8888558149337769,1.2127410173416138,1.3169714212417603,1.1874215602874756,1.066037893295288,1.4224987030029297,1.352187991142273,1.690834403038025,1.7739174365997314,1.936689019203186,3.2669012546539307,3.079683542251587,2.773983955383301,2.4970319271087646,2.4531683921813965,2.3128883838653564,1.9304869174957275,2.078244686126709,1.8191680908203125,2.1374964714050293,1.978439450263977,2.2738072872161865,2.293238878250122,2.5273795127868652,2.8146347999572754,2.2656967639923096,2.0608160495758057,1.7060662508010864,1.6193164587020874,1.3187849521636963,1.053370714187622,1.0155335664749146,1.3330566883087158,1.5707448720932007,1.8306021690368652,2.0787267684936523,2.3392863273620605,2.6342992782592773,2.8972833156585693,3.1540751457214355,3.880552291870117,3.592090606689453,3.3753299713134766,3.0476489067077637,2.9165384769439697,2.5646169185638428,2.157867670059204,2.1575050354003906,2.296992540359497,2.2190983295440674,1.975564956665039,2.2460505962371826,2.084744691848755,2.307844638824463,2.530679702758789
B4,2.2613601684570312,1.987779974937439,2.0330939292907715,1.7006527185440063,1.9657177925109863,1.9748845100402832,1.8779217004776,1.6999784708023071,1.3979684114456177,1.1480116844177246,0.92238849401474,0.6506574153900146,0.3811648190021515,0.22893723845481873,0.2361915111541748,0.8848409056663513,0.6095850467681885,0.3842673897743225,0.0,0.37446436285972595,0.6892670392990112,0.9361519813537598,1.0025866031646729,0.8445925712585449,0.6855981945991516,1.0417301654815674,1.002004623413086,1.349687933921814,1.4687834978103638,1.669047236442566,3.039071798324585,2.824089288711548,2.5384836196899414,2.233999013900757,2.2008771896362305,2.0314948558807373,1.6419191360473633,1.7474949359893799,1.4640072584152222,1.7674124240875244,1.5955156087875366,1.892549991607666,1.913192868232727,2.1555979251861572,2.440717935562134,2.202754497528076,1.9575601816177368,1.6133400201797485,1.4459728002548218,1.1757731437683105,0.8536500930786133,0.6963346600532532,1.017940878868103,1.2120158672332764,1.4987554550170898,1.7182362079620361,1.9959218502044678,2.2775416374206543,2.5475146770477295,2.8121726512908936,3.496345281600952,3.208320140838623,2.9915645122528076,2.6644866466522217,2.5334513187408447,2.183886766433716,1.7768956422805786,1.7792414426803589,1.9233194589614868,1.8486377000808716,1.6226288080215454,1.915210247039795,1.7906627655029297,2.0394814014434814,2.2859039306640625
B5,2.569490909576416,2.2981796264648438,2.3016979694366455,1.9490545988082886,2.182559013366699,2.1487557888031006,1.9855670928955078,1.8159546852111816,1.5587007999420166,1.3405967950820923,1.0364993810653687,0.8703886866569519,0.5263627767562866,0.4711841344833374,0.5166173577308655,1.0767956972122192,0.8250806927680969,0.49748143553733826,0.37446436285972595,0.0,0.39353686571121216,0.733589768409729,0.8761049509048462,0.8519172072410583,0.8254345059394836,1.1912063360214233,1.2586802244186401,1.5997636318206787,1.7701536417007446,1.985456109046936,2.7713027000427246,2.585822343826294,2.28383207321167,2.0063321590423584,1.9794905185699463,1.8657586574554443,1.4954217672348022,1.672939658164978,1.4267650842666626,1.7600494623184204,1.6581848859786987,1.9476920366287231,2.035712718963623,2.2708663940429688,2.5794878005981445,1.843693494796753,1.6068181991577148,1.2601975202560425,1.1324952840805054,0.8396018743515015,0.5749724507331848,0.5907160043716431,0.9293359518051147,1.1873756647109985,1.396348476409912,1.6771420240402222,1.8987069129943848,2.2175798416137695,2.4586243629455566,2.7123007774353027,3.5719096660614014,3.2626640796661377,3.0803165435791016,2.733985662460327,2.6422863006591797,2.3078441619873047,1.9089940786361694,1.8447160720825195,1.9251594543457031,1.8324204683303833,1.5499502420425415,1.7892366647720337,1.6009533405303955,1.8195198774337769,2.0336320400238037
B6,2.6512198448181152,2.378244638442993,2.317087173461914,1.945904016494751,2.129842519760132,2.0495450496673584,1.8220252990722656,1.6820766925811768,1.4920400381088257,1.3066225051879883,0.9552222490310669,0.9196062684059143,0.6170721650123596,0.6976845264434814,0.8832367658615112,1.466102957725525,1.1902154684066772,0.8888558149337769,0.6892670392990112,0.39353686571121216,0.0,0.3999660611152649,0.5677706599235535,0.6946887969970703,0.7991538643836975,1.118069052696228,1.3024739027023315,1.6126965284347534,1.8467707633972168,2.084216833114624,2.3899757862091064,2.2071542739868164,1.9154255390167236,1.6335142850875854,1.638736367225647,1.5601755380630493,1.213882565498352,1.4137296676635742,1.1818615198135376,1.5117336511611938,1.4672653675079346,1.731748104095459,1.882269024848938,2.1041347980499268,2.428375005722046,1.5443459749221802,1.2796896696090698,0.9469850659370422,0.7576021552085876,0.5091257691383362,0.3029647767543793,0.4079554080963135,0.7246245741844177,0.9663448929786682,1.102859377861023,1.4061346054077148,1.5768579244613647,1.9187932014465332,2.1296069622039795,2.3848865032196045,3.351069927215576,3.024796485900879,2.878366470336914,2.5224175453186035,2.463820457458496,2.1485698223114014,1.77118718624115,1.641417384147644,1.6626458168029785,1.5679908990859985,1.2461553812026978,1.4486685991287231,1.2285124063491821,1.4506977796554565,1.6474723815917969
B7,2.629667043685913,2.3365073204040527,2.224851131439209,1.843471884727478,1.962463617324829,1.818288803100586,1.5443428754806519,1.396206021308899,1.2651257514953613,1.1556953191757202,0.7856826186180115,0.9159830808639526,0.6970109939575195,0.930681049823761,1.1603572368621826,1.7856452465057373,1.510155439376831,1.2127410173416138,0.9361519813537598,0.733589768409729,0.3999660611152649,0.0,0.3843296468257904,0.6553179025650024,0.7648347616195679,0.9774959683418274,1.2477384805679321,1.528573751449585,1.787882685661316,2.068445920944214,2.1087136268615723,1.888010025024414,1.6086407899856567,1.2991331815719604,1.2952836751937866,1.1832443475723267,0.8347938656806946,1.0219370126724243,0.8092109560966492,1.147554636001587,1.1674003601074219,1.438684344291687,1.634783148765564,1.8753029108047485,2.1845688819885254,1.5569188594818115,1.2331029176712036,0.9826481342315674,0.6699061989784241,0.5168599486351013,0.3043759763240814,0.29048219323158264,0.4079655706882477,0.6256350874900818,0.7055768966674805,1.027773380279541,1.1892257928848267,1.5293480157852173,1.7488600015640259,1.9926912784576416,3.0130460262298584,2.6844253540039062,2.5490076541900635,2.1822712421417236,2.1613681316375732,1.8823312520980835,1.527331829071045,1.380307674407959,1.344746708869934,1.206068754196167,0.8822168111801147,1.0670816898345947,0.8759873509407043,1.1063975095748901,1.3550721406936646
B8,2.387456178665161,2.123716354370117,1.9806182384490967,1.60561203956604,1.72735595703125,1.6190235614776611,1.3449466228485107,1.2843133211135864,1.1895099878311157,1.0191961526870728,0.6965776085853577,0.8175597786903381,0.7305772304534912,0.9067916870117188,1.232096552848816,1.8630753755569458,1.536931037902832,1.3169714212417603,1.0025866031646729,0.8761049509048462,0.5677706599235535,0.3843296468257904,0.0,0.36944642663002014,0.631666362285614,0.7888501286506653,1.1005390882492065,1.321138858795166,1.6285754442214966,1.8705824613571167,2.1647486686706543,1.9366015195846558,1.7160896062850952,1.3716888427734375,1.454137921333313,1.3463585376739502,1.030645489692688,1.1098164319992065,0.8083179593086243,1.0548003911972046,0.99901282787323,1.2046668529510498,1.3928718566894531,1.5857188701629639,1.9222872257232666,1.6641627550125122,1.3771032094955444,1.114876389503479,0.7821288108825684,0.7760663032531738,0.6503311991691589,0.46220678091049194,0.63201904296875,0.6230418086051941,0.7568533420562744,0.9620721340179443,1.1287825107574463,1.4611462354660034,1.6536405086517334,1.9520516395568848,2.8298263549804688,2.4950790405273438,2.3721771240234375,2.026442050933838,1.9648325443267822,1.6529086828231812,1.3075119256973267,1.1123019456863403,1.1168591976165771,1.0798248052597046,0.7525915503501892,1.0124021768569946,0.8684103488922119,1.189116358757019,1.3979284763336182
B9,2.0508694648742676,1.7981462478637695,1.683457612991333,1.3153947591781616,1.4943552017211914,1.4595576524734497,1.2624918222427368,1.2201536893844604,1.0681575536727905,0.8040837049484253,0.5536378622055054,0.5419290065765381,0.5758957862854004,0.6878701448440552,1.0601447820663452,1.676417350769043,1.328992247581482,1.1874215602874756,0.8445925712585449,0.8519172072410583,0.6946887969970703,0.6553179025650024,0.36944642663002014,0.0,0.36475229263305664,0.5553091168403625,0.804766058921814,1.0210366249084473,1.3254034519195557,1.5342776775360107,2.5151748657226562,2.2766363620758057,2.0719854831695557,1.7174785137176514,1.7943800687789917,1.64394211769104,1.30597984790802,1.3165993690490723,0.9593908190727234,1.1597967147827148,0.9746303558349609,1.1762949228286743,1.269538402557373,1.4539597034454346,1.790228247642517,1.9753937721252441,1.7123212814331055,1.4163511991500854,1.119304895401001,1.0661391019821167,0.8602361679077148,0.5528137683868408,0.8007155656814575,0.7400032877922058,0.9989887475967407,1.1172659397125244,1.354295015335083,1.6395018100738525,1.8553009033203125,2.173616886138916,2.8288662433624268,2.512442111968994,2.3538217544555664,2.03342342376709,1.9063801765441895,1.5485221147537231,1.175751805305481,1.0436017513275146,1.1675852537155151,1.1903012990951538,0.943345308303833,1.2732930183410645,1.1989412307739258,1.534702181816101,1.7509061098098755
B10,1.8845645189285278,1.5934724807739258,1.527941346168518,1.156886100769043,1.3618801832199097,1.3351614475250244,1.207203984260559,1.083042025566101,0.8384647369384766,0.5516549348831177,0.3209923803806305,0.18869757652282715,0.3559541702270508,0.5653485059738159,0.8927536606788635,1.5127614736557007,1.1972819566726685,1.066037893295288,0.6855981945991516,0.8254345059394836,0.7991538643836975,0.7648347616195679,0.631666362285614,0.36475229263305664,0.0,0.37204355001449585,0.5121853351593018,0.8155637979507446,1.0588784217834473,1.311955213546753,2.7376346588134766,2.475475788116455,2.2538795471191406,1.8988934755325317,1.914732813835144,1.701148509979248,1.331459641456604,1.30823814868927,0.9519637823104858,1.1718508005142212,0.9399962425231934,1.2140486240386963,1.2344835996627808,1.478075623512268,1.7689440250396729,2.2388312816619873,1.9524195194244385,1.6564358472824097,1.361610770225525,1.2262840270996094,0.9168118238449097,0.534590482711792,0.7484943866729736,0.7109038233757019,1.0558247566223145,1.1571245193481445,1.4657686948776245,1.7081513404846191,1.9780657291412354,2.2722930908203125,2.8264307975769043,2.5358099937438965,2.3269810676574707,2.0086004734039307,1.8649537563323975,1.5088554620742798,1.1052253246307373,1.0960854291915894,1.2682322263717651,1.2380976676940918,1.0665684938430786,1.418458104133606,1.395682692527771,1.706026554107666,1.9756654500961304
B11,1.6829324960708618,1.3799216747283936,1.2512056827545166,0.8695899844169617,1.0169811248779297,0.9650863409042358,0.8496659994125366,0.7583012580871582,0.5583426356315613,0.25821754336357117,0.2684798538684845,0.4123244881629944,0.702250063419342,0.9216001629829407,1.2352467775344849,1.8310186862945557,1.5237666368484497,1.4224987030029297,1.0417301654815674,1.1912063360214233,1.118069052696228,0.9774959683418274,0.7888501286506653,0.5553091168403625,0.37204355001449585,0.0,0.3838427662849426,0.5618371963500977,0.8594173789024353,1.1429613828659058,2.7390072345733643,2.4471590518951416,2.268745183944702,1.8969544172286987,1.9249789714813232,1.6742706298828125,1.3391696214675903,1.20950186252594,0.8374400734901428,0.9479284286499023,0.6374325156211853,0.8960580229759216,0.8717495799064636,1.1356855630874634,1.40669846534729,2.450863838195801,2.1504244804382324,1.8915783166885376,1.5580167770385742,1.479317307472229,1.1900743246078491,0.797124981880188,0.8651371002197266,0.6583577990531921,1.0110584497451782,0.9830994606018066,1.3211135864257812,1.4994081258773804,1.7791301012039185,2.080347776412964,2.4742026329040527,2.1949267387390137,1.9720948934555054,1.6681123971939087,1.5026754140853882,1.142746090888977,0.7370543479919434,0.7814675569534302,1.005509614944458,1.0075739622116089,0.9390926361083984,1.317180871963501,1.3908510208129883,1.7132772207260132,1.9983857870101929
B12,1.4286271333694458,1.1082755327224731,1.0769493579864502,0.7263731360435486,0.9741846919059753,1.0292001962661743,1.0597292184829712,0.9430488348007202,0.6527393460273743,0.31535694003105164,0.5213110446929932,0.3925483226776123,0.751745879650116,0.8912178874015808,1.139025330543518,1.655568242073059,1.3781298398971558,1.352187991142273,1.002004623413086,1.2586802244186401,1.3024739027023315,1.2477384805679321,1.1005390882492065,0.804766058921814,0.5121853351593018,0.3838427662849426,0.0,0.36808234453201294,0.5475980639457703,0.8342164158821106,3.1134800910949707,2.821242570877075,2.6308443546295166,2.26375412940979,2.267700672149658,1.9983195066452026,1.646727204322815,1.5193696022033691,1.1693968772888184,1.2786881923675537,0.9446239471435547,1.1855398416519165,1.0537145137786865,1.3045607805252075,1.524436593055725,2.7434773445129395,2.4515864849090576,2.1654417514801025,1.8585926294326782,1.729560375213623,1.399831771850586,1.0088248252868652,1.1200505495071411,0.9851536154747009,1.3554277420043945,1.3308924436569214,1.6857980489730835,1.8362352848052979,2.131152629852295,2.421480894088745,2.655026912689209,2.4097959995269775,2.146573543548584,1.8766658306121826,1.6659101247787476,1.3010306358337402,0.9136329293251038,1.0692005157470703,1.3429046869277954,1.3491710424423218,1.3161919116973877,1.6913963556289673,1.7634804248809814,2.0761330127716064,2.3693253993988037
B13,1.1291860342025757,0.8184534907341003,0.720327615737915,0.3589552342891693,0.638757586479187,0.7924184799194336,0.9237273931503296,0.9142031669616699,0.7249040603637695,0.46416807174682617,0.7856257557868958,0.737688422203064,1.1034504175186157,1.213780403137207,1.477610468864441,1.9562416076660156,1.6737831830978394,1.690834403038025,1.349687933921814,1.5997636318206787,1.6126965284347534,1.528573751449585,1.321138858795166,1.0210366249084473,0.8155637979507446,0.5618371963500977,0.36808234453201294,0.0,0.369016170501709,0.603051483631134,3.244828701019287,2.941452980041504,2.7925519943237305,2.4160714149475098,2.449773073196411,2.175281524658203,1.8579137325286865,1.6700233221054077,1.3216569423675537,1.3266924619674683,0.9463270902633667,1.0846806764602661,0.8561043739318848,1.054563045501709,1.2405129671096802,2.9820077419281006,2.6964094638824463,2.4231982231140137,2.1012156009674072,2.019575834274292,1.7167651653289795,1.3214244842529297,1.4012564420700073,1.1863588094711304,1.530321478843689,1.415486454963684,1.758051872253418,1.8540834188461304,2.1288974285125732,2.431781530380249,2.436537027359009,2.21285343170166,1.9417744874954224,1.7203339338302612,1.4551591873168945,1.076859474182129,0.7466295957565308,0.9612016677856445,1.2934539318084717,1.3727267980575562,1.4119324684143066,1.7888009548187256,1.9131824970245361,2.2403438091278076,2.5206849575042725
