,A1,A2,A3,A4,A5,A6,A7,A8,A9,A10,A11,A12,A13,A14,A15,B1,B2,B3,B4,B5,B6,B7,B8,B9,B10,B11,B12,B13,B14,B15,C1,C2,C3,C4,C5,C6,C7,C8,C9,C10,C11,C12,C13,C14,C15,D1,D2,D3,D4,D5,D6,D7,D8,D9,D10,D11,D12,D13,D14,D15,E1,E2,E3,E4,E5,E6,E7,E8,E9,E10,E11,E12,E13,E14,E15
A1,0.0,0.3692910373210907,0.629188597202301,0.9345855116844177,1.1936521530151367,1.0785589218139648,1.3257428407669067,1.0815677642822266,0.9537551403045654,1.3127697706222534,1.337418556213379,1.0276840925216675,1.2243131399154663,1.0424450635910034,1.0799344778060913,0.8119439482688904,0.9097945094108582,0.9896038770675659,1.0120021104812622,1.4001327753067017,1.477262020111084,1.7259968519210815,1.5207993984222412,1.2215443849563599,1.4441752433776855,1.404648780822754,1.0553849935531616,0.9988327026367188,0.6406311988830566,0.7806392312049866,1.7131187915802002,1.717593789100647,1.5012233257293701,1.314825177192688,1.628093957901001,1.9090237617492676,2.1760635375976562,2.119540214538574,1.7583423852920532,1.8438092470169067,2.0466725826263428,1.8334898948669434,1.925416350364685,1.7160155773162842,2.0124504566192627,3.4074649810791016,3.0872278213500977,2.8566086292266846,2.5056240558624268,2.2656431198120117,2.503812551498413,2.408108949661255,2.689631223678589,2.5789730548858643,2.248331069946289,2.4897027015686035,2.7385284900665283,2.896467685699463,3.095701217651367,3.4217395782470703,3.294734239578247,2.9799418449401855,2.9117984771728516,2.6105763912200928,2.3586041927337646,2.446767807006836,2.181098461151123,2.3593661785125732,2.3717105388641357,2.0170400142669678,2.0614187717437744,2.4136064052581787,2.5064761638641357,2.8366124629974365,3.0604841709136963
A2,0.3692910373210907,0.0,0.38505735993385315,0.6654756665229797,0.8546584844589233,0.7124323844909668,0.963212788105011,0.7517938017845154,0.6211959719657898,0.9818719029426575,1.0528929233551025,0.8024653792381287,1.087221384048462,1.0106264352798462,1.1102321147918701,0.9764494299888611,0.9439093470573425,1.0106635093688965,0.9134718179702759,1.2591979503631592,1.361514687538147,1.5553605556488037,1.3575190305709839,1.0351595878601074,1.1878437995910645,1.1241809129714966,0.8109224438667297,0.7185410857200623,0.4128694236278534,0.7018401026725769,1.7635453939437866,1.6993449926376343,1.478623628616333,1.2126801013946533,1.4706133604049683,1.7760881185531616,1.9974919557571411,1.9680497646331787,1.6007615327835083,1.61787748336792,1.8285433053970337,1.6637717485427856,1.7480201721191406,1.5934507846832275,1.9255106449127197,3.067533254623413,2.744771718978882,2.504697799682617,2.159897565841675,1.9106831550598145,2.151942253112793,2.07562255859375,2.3652448654174805,2.2496657371520996,1.9326454401016235,2.2008516788482666,2.434990406036377,2.6176607608795166,2.8058135509490967,3.132582187652588,2.9766902923583984,2.675011396408081,2.620370388031006,2.317540168762207,2.0948946475982666,2.189483880996704,1.9335123300552368,2.0782241821289062,2.067643165588379,1.712313175201416,1.7335444688796997,2.078565835952759,2.1520419120788574,2.480344772338867,2.7057719230651855
A3,0.629188597202301,0.38505735993385315,0.0,0.3759843707084656,0.6207454800605774,0.6208455562591553,0.9724612236022949,0.8946727514266968,0.6740025877952576,0.9623069167137146,1.1598683595657349,0.9686757326126099,1.2786592245101929,1.2115246057510376,1.3948451280593872,0.8649112582206726,0.7447344660758972,0.8955838084220886,0.8212854266166687,1.0919109582901,1.1114271879196167,1.246117115020752,1.0064098834991455,0.720935583114624,0.9042643308639526,0.7870855331420898,0.44147783517837524,0.41424480080604553,0.23815470933914185,0.5592278242111206,1.6999410390853882,1.6425302028656006,1.4985116720199585,1.2331079244613647,1.4896026849746704,1.7545112371444702,1.924364447593689,1.845490574836731,1.477662444114685,1.482863426208496,1.6237022876739502,1.4428014755249023,1.4589531421661377,1.29503333568573,1.6276131868362427,2.9158873558044434,2.5756747722625732,2.3706490993499756,2.0415003299713135,1.754485011100769,1.9461116790771484,1.8142058849334717,2.1118741035461426,2.0446832180023193,1.7160402536392212,1.9690780639648438,2.237807512283325,2.439218521118164,2.6621768474578857,2.966583013534546,2.9393837451934814,2.6521172523498535,2.563978910446167,2.23173451423645,2.0462286472320557,2.200202226638794,2.0005240440368652,2.138380527496338,2.0601413249969482,1.7003827095031738,1.7478057146072388,2.0598955154418945,2.110605001449585,2.4051458835601807,2.664541482925415
A4,0.9345855116844177,0.6654756665229797,0.3759843707084656,0.0,0.3881167471408844,0.5953927040100098,0.9086902737617493,0.9038997292518616,0.5916110277175903,0.7530531287193298,1.026399850845337,0.9009502530097961,1.204428791999817,1.1872413158416748,1.4468345642089844,1.0211600065231323,0.7649469971656799,0.8266680240631104,0.6473607420921326,0.8031391501426697,0.8413200974464417,0.9332261681556702,0.7564906477928162,0.4286438822746277,0.5344035029411316,0.5004020929336548,0.2672960162162781,0.49204200506210327,0.5785197615623474,0.8855229616165161,1.5572781562805176,1.4445229768753052,1.3366972208023071,1.0459918975830078,1.2532597780227661,1.4908400774002075,1.6106226444244385,1.526364803314209,1.1669096946716309,1.137062907218933,1.25826096534729,1.1041834354400635,1.1252789497375488,1.022823691368103,1.3796294927597046,2.589750289916992,2.2504212856292725,2.072650909423828,1.741825819015503,1.4647108316421509,1.6484607458114624,1.5013458728790283,1.774124026298523,1.70167076587677,1.360517978668213,1.5980534553527832,1.8739949464797974,2.0698602199554443,2.304218053817749,2.601684331893921,2.6519079208374023,2.3665707111358643,2.248305320739746,1.9021539688110352,1.7325515747070312,1.924053430557251,1.7729812860488892,1.9166088104248047,1.792421579360962,1.4360623359680176,1.5317540168762207,1.816304087638855,1.8873902559280396,2.152005672454834,2.43984317779541
A5,1.1936521530151367,0.8546584844589233,0.6207454800605774,0.3881167471408844,0.0,0.3679235875606537,0.6344224214553833,0.7777864933013916,0.5655680894851685,0.5964248776435852,0.9413020014762878,0.9569520950317383,1.300439476966858,1.3874859809875488,1.6303609609603882,1.392612099647522,1.1461575031280518,1.2006067037582397,0.9630943536758423,1.0345492362976074,1.0996710062026978,1.0792601108551025,0.9317398071289062,0.6826397180557251,0.5723066329956055,0.4187554717063904,0.4438254237174988,0.48007944226264954,0.7217305898666382,1.0246219635009766,1.8768428564071655,1.713032603263855,1.5904502868652344,1.2528349161148071,1.3582850694656372,1.6143417358398438,1.6675164699554443,1.6393166780471802,1.3074719905853271,1.161595344543457,1.2868626117706299,1.2385585308074951,1.2368465662002563,1.232993245124817,1.5926264524459839,2.3134381771087646,1.9679824113845825,1.7632629871368408,1.4504938125610352,1.1411198377609253,1.3270838260650635,1.2233633995056152,1.527912974357605,1.4519901275634766,1.1499708890914917,1.451096773147583,1.6894279718399048,1.9359766244888306,2.140873908996582,2.43759822845459,2.4061026573181152,2.1501669883728027,2.0700039863586426,1.7343865633010864,1.6265771389007568,1.8091586828231812,1.670460820198059,1.7427000999450684,1.5916835069656372,1.2537729740142822,1.283195972442627,1.542016625404358,1.5600334405899048,1.8230252265930176,2.1037850379943848
A6,1.0785589218139648,0.7124323844909668,0.6208455562591553,0.5953927040100098,0.3679235875606537,0.0,0.3867693543434143,0.5113708972930908,0.47304287552833557,0.6160336136817932,0.8661192655563354,0.8849697709083557,1.2566038370132446,1.369141697883606,1.539689064025879,1.4815332889556885,1.3091403245925903,1.3734904527664185,1.1414340734481812,1.30413818359375,1.4071894884109497,1.4333341121673584,1.2626265287399292,0.989908754825592,0.9294119477272034,0.7628607153892517,0.6783699989318848,0.49900126457214355,0.6265194416046143,0.9365633130073547,2.084014892578125,1.925138235092163,1.7407642602920532,1.3874002695083618,1.494261622428894,1.8001447916030884,1.8920096158981323,1.9085181951522827,1.5686981678009033,1.4245738983154297,1.6064648628234863,1.5655947923660278,1.5952216386795044,1.5700145959854126,1.9309977293014526,2.475955009460449,2.1425728797912598,1.8853695392608643,1.5748026371002197,1.2796589136123657,1.5042558908462524,1.4711802005767822,1.7893095016479492,1.6856248378753662,1.4213807582855225,1.7526881694793701,1.949149489402771,2.2011666297912598,2.365549325942993,2.678598165512085,2.481365919113159,2.2282469272613525,2.2062103748321533,1.9036954641342163,1.783875584602356,1.9022780656814575,1.7008470296859741,1.740872859954834,1.6527490615844727,1.320996880531311,1.2642356157302856,1.558428168296814,1.5500725507736206,1.860211730003357,2.0921435356140137
A7,1.3257428407669067,0.963212788105011,0.9724612236022949,0.9086902737617493,0.6344224214553833,0.3867693543434143,0.0,0.3674646019935608,0.5338035821914673,0.5221841931343079,0.6875514984130859,0.8488380908966064,1.1965564489364624,1.4060688018798828,1.546861171722412,1.816535234451294,1.6354103088378906,1.6367559432983398,1.3452558517456055,1.4794423580169678,1.649552345275879,1.6704522371292114,1.5617438554763794,1.2793828248977661,1.1373718976974487,1.037571907043457,1.0319502353668213,0.8821554183959961,0.982667088508606,1.29157292842865,2.2691216468811035,2.060497522354126,1.8377808332443237,1.460099458694458,1.476894497871399,1.8032376766204834,1.8717670440673828,1.9615164995193481,1.6522777080535889,1.4500187635421753,1.681631088256836,1.7149922847747803,1.7916980981826782,1.8272689580917358,2.1920454502105713,2.287339925765991,1.9792752265930176,1.677442193031311,1.3691202402114868,1.125388503074646,1.4056181907653809,1.4729284048080444,1.7649048566818237,1.6023324728012085,1.3930445909500122,1.7498199939727783,1.876238465309143,2.127894401550293,2.2349138259887695,2.561312437057495,2.201181173324585,1.958121418952942,1.9907782077789307,1.7303858995437622,1.6279575824737549,1.68931245803833,1.4663382768630981,1.4478650093078613,1.3926877975463867,1.0935488939285278,0.953950822353363,1.2553563117980957,1.239345908164978,1.5798131227493286,1.7759006023406982
A8,1.0815677642822266,0.7517938017845154,0.8946727514266968,0.9038997292518616,0.7777864933013916,0.5113708972930908,0.3674646019935608,0.0,0.371832937002182,0.5371499061584473,0.5267558097839355,0.5748426914215088,0.9164911508560181,1.108426809310913,1.2039793729782104,1.6724698543548584,1.530410647392273,1.493973731994629,1.2105844020843506,1.4245274066925049,1.6343765258789062,1.7400315999984741,1.6353033781051636,1.303306221961975,1.2313451766967773,1.1936284303665161,1.0887786149978638,0.9608518481254578,0.9201772809028625,1.250687837600708,2.110295534133911,1.9162424802780151,1.6471596956253052,1.2830053567886353,1.3401236534118652,1.693554162979126,1.8343088626861572,1.9310424327850342,1.606842279434204,1.4688745737075806,1.748540997505188,1.7385802268981934,1.868292212486267,1.8613048791885376,2.2258894443511963,2.535207986831665,2.2421109676361084,1.9428801536560059,1.607595682144165,1.411974310874939,1.7170034646987915,1.7718521356582642,2.0429341793060303,1.853894591331482,1.613534927368164,1.9423530101776123,2.077263832092285,2.2838094234466553,2.389636993408203,2.7333295345306396,2.3481667041778564,2.069822311401367,2.0955400466918945,1.8452332019805908,1.6695817708969116,1.6940431594848633,1.4129825830459595,1.4575752019882202,1.4759997129440308,1.158678650856018,1.06703519821167,1.4172184467315674,1.474300503730774,1.8309342861175537,2.012089729309082
A9,0.9537551403045654,0.6211959719657898,0.6740025877952576,0.5916110277175903,0.5655680894851685,0.47304287552833557,0.5338035821914673,0.371832937002182,0.0,0.3662436604499817,0.4909730851650238,0.4182092845439911,0.7868235111236572,0.9161288142204285,1.110400676727295,1.4024337530136108,1.2123339176177979,1.1492332220077515,0.8491554856300354,1.0562870502471924,1.2665005922317505,1.3955427408218384,1.3106096982955933,0.961780309677124,0.9109564423561096,0.9400659203529358,0.821292519569397,0.8146871328353882,0.790205180644989,1.1555685997009277,1.7638214826583862,1.5744885206222534,1.3362793922424316,0.9722174406051636,1.0772298574447632,1.4111260175704956,1.5615142583847046,1.611883282661438,1.2702428102493286,1.1700605154037476,1.4351861476898193,1.3873364925384521,1.525200605392456,1.504495620727539,1.8668529987335205,2.4817774295806885,2.1753885746002197,1.9228925704956055,1.5669612884521484,1.3607139587402344,1.6474212408065796,1.637543797492981,1.8930624723434448,1.7183289527893066,1.4270880222320557,1.7198965549468994,1.9005786180496216,2.0848963260650635,2.235300302505493,2.5733823776245117,2.3555190563201904,2.055898427963257,2.012662649154663,1.7210222482681274,1.5177818536758423,1.6054073572158813,1.366135835647583,1.4834650754928589,1.4498894214630127,1.0955835580825806,1.1227378845214844,1.4650225639343262,1.5677697658538818,1.8915897607803345,2.12603497505188
A10,1.3127697706222534,0.9818719029426575,0.9623069167137146,0.7530531287193298,0.5964248776435852,0.6160336136817932,0.5221841931343079,0.5371499061584473,0.3662436604499817,0.0,0.3776806592941284,0.5538957118988037,0.853496789932251,1.0749298334121704,1.3064825534820557,1.6762994527816772,1.4298654794692993,1.3274636268615723,0.9738408923149109,1.0464808940887451,1.2876994609832764,1.3524974584579468,1.3423906564712524,1.0277191400527954,0.8444486260414124,0.9338312745094299,0.9591706991195679,1.0052794218063354,1.089966058731079,1.449847936630249,1.8375918865203857,1.5893722772598267,1.3755383491516113,0.992750883102417,0.9686092138290405,1.2837958335876465,1.355222463607788,1.4526735544204712,1.1523959636688232,0.95558100938797,1.2340303659439087,1.2784943580627441,1.432055950164795,1.5008034706115723,1.8598332405090332,2.122572183609009,1.824586033821106,1.5725620985031128,1.2099652290344238,1.0361191034317017,1.3473002910614014,1.3802595138549805,1.602373719215393,1.3908833265304565,1.1234999895095825,1.4280953407287598,1.5700595378875732,1.7592412233352661,1.8881169557571411,2.2289021015167236,2.0004918575286865,1.706087350845337,1.6607568264007568,1.3688493967056274,1.1966572999954224,1.2983061075210571,1.101055383682251,1.1884325742721558,1.1064164638519287,0.7512186169624329,0.8006496429443359,1.1239663362503052,1.2486321926116943,1.5548840761184692,1.8075928688049316
A11,1.337418556213379,1.0528929233551025,1.1598683595657349,1.026399850845337,0.9413020014762878,0.8661192655563354,0.6875514984130859,0.5267558097839355,0.4909730851650238,0.3776806592941284,0.0,0.36999377608299255,0.5853938460350037,0.8933382630348206,1.0625929832458496,1.812207579612732,1.6051548719406128,1.4489408731460571,1.0912667512893677,1.2205597162246704,1.5181152820587158,1.6472477912902832,1.6562410593032837,1.315161108970642,1.1746108531951904,1.2940880060195923,1.2637102603912354,1.284148097038269,1.2768415212631226,1.6395602226257324,1.8808672428131104,1.6188788414001465,1.3345853090286255,0.962926983833313,0.8971663117408752,1.2518200874328613,1.3821028470993042,1.5429863929748535,1.2663687467575073,1.1094882488250732,1.4499332904815674,1.4972479343414307,1.7126275300979614,1.7699369192123413,2.1202340126037598,2.2724180221557617,2.01316499710083,1.7378413677215576,1.373121976852417,1.2849351167678833,1.628809928894043,1.7113131284713745,1.9018807411193848,1.6455533504486084,1.4085800647735596,1.690161943435669,1.7845869064331055,1.9264628887176514,2.0063679218292236,2.3644866943359375,1.9888782501220703,1.6719603538513184,1.6661667823791504,1.4309355020523071,1.1993380784988403,1.200166940689087,0.911005973815918,1.0274313688278198,1.06643545627594,0.7414885759353638,0.77267986536026,1.1358097791671753,1.319392204284668,1.6512627601623535,1.8546055555343628
A12,1.0276840925216675,0.8024653792381287,0.9686757326126099,0.9009502530097961,0.9569520950317383,0.8849697709083557,0.8488380908966064,0.5748426914215088,0.4182092845439911,0.5538957118988037,0.36999377608299255,0.0,0.3723222315311432,0.569713830947876,0.7545849084854126,1.5130237340927124,1.342432975769043,1.1720070838928223,0.8513197302818298,1.0836920738220215,1.375873327255249,1.5801620483398438,1.5607966184616089,1.1946682929992676,1.1576427221298218,1.2880911827087402,1.1612285375595093,1.2039732933044434,1.1049284934997559,1.460186243057251,1.6353994607925415,1.4204127788543701,1.1106306314468384,0.7612650990486145,0.8394261598587036,1.2014720439910889,1.4199515581130981,1.5215611457824707,1.2075939178466797,1.1602203845977783,1.4919190406799316,1.4493398666381836,1.6742786169052124,1.6592082977294922,2.002227306365967,2.5866832733154297,2.315777063369751,2.0643575191497803,1.6933120489120483,1.573690414428711,1.8943350315093994,1.9160393476486206,2.12043833732605,1.8939813375473022,1.6104711294174194,1.8625544309616089,2.009230375289917,2.129441499710083,2.249063491821289,2.6027939319610596,2.3249166011810303,1.9943170547485352,1.9505152702331543,1.6957321166992188,1.4205495119094849,1.4459859132766724,1.15667724609375,1.3433233499526978,1.3916194438934326,1.057615876197815,1.139096736907959,1.4977152347564697,1.6814602613449097,2.008479595184326,2.222036361694336
A13,1.2243131399154663,1.087221384048462,1.2786592245101929,1.204428791999817,1.300439476966858,1.2566038370132446,1.1965564489364624,0.9164911508560181,0.7868235111236572,0.853496789932251,0.5853938460350037,0.3723222315311432,0.0,0.37412890791893005,0.5452995300292969,1.6686441898345947,1.510172724723816,1.2628443241119385,0.9586454629898071,1.1703054904937744,1.5049587488174438,1.7550249099731445,1.7890812158584595,1.4285767078399658,1.3999617099761963,1.5940457582473755,1.4713493585586548,1.5537773370742798,1.4292664527893066,1.7718651294708252,1.5440924167633057,1.310693383216858,0.9522175192832947,0.6707790493965149,0.7010602355003357,1.0487496852874756,1.3248820304870605,1.464734435081482,1.2005645036697388,1.2101045846939087,1.5699597597122192,1.5318101644515991,1.8161628246307373,1.8082972764968872,2.122889280319214,2.702260732650757,2.4640026092529297,2.2278263568878174,1.8557077646255493,1.8024214506149292,2.133549690246582,2.1685097217559814,2.3284082412719727,2.0714151859283447,1.7976709604263306,2.003411293029785,2.1241109371185303,2.1835505962371826,2.280032157897949,2.6370904445648193,2.343975305557251,1.9933209419250488,1.9376004934310913,1.7200958728790283,1.3913838863372803,1.3668030500411987,1.0599769353866577,1.3162128925323486,1.4250133037567139,1.13547945022583,1.2724589109420776,1.6130421161651611,1.856534481048584,2.1680431365966797,2.368196725845337
A14,1.0424450635910034,1.0106264352798462,1.2115246057510376,1.1872413158416748,1.3874859809875488,1.369141697883606,1.4060688018798828,1.108426809310913,0.9161288142204285,1.0749298334121704,0.8933382630348206,0.569713830947876,0.37412890791893005,0.0,0.3627587854862213,1.4102880954742432,1.2946175336837769,1.0262421369552612,0.8100961446762085,1.0961334705352783,1.3972572088241577,1.7080140113830566,1.7223116159439087,1.3683358430862427,1.431732416152954,1.6307461261749268,1.4447001218795776,1.5576187372207642,1.3747326135635376,1.6828030347824097,1.2920281887054443,1.1295331716537476,0.763670802116394,0.5839465856552124,0.794771134853363,1.0836057662963867,1.4198163747787476,1.4799773693084717,1.1987695693969727,1.3133424520492554,1.6334114074707031,1.511592149734497,1.7897173166275024,1.7138348817825317,2.0033762454986572,2.9854142665863037,2.7327895164489746,2.5203795433044434,2.1445672512054443,2.058591842651367,2.365743398666382,2.3473763465881348,2.516345739364624,2.2917397022247314,1.9839146137237549,2.1610381603240967,2.328171491622925,2.374067783355713,2.51094126701355,2.8564789295196533,2.677151918411255,2.3220300674438477,2.229254722595215,1.9881376028060913,1.6473045349121094,1.6651283502578735,1.3921723365783691,1.6732616424560547,1.7571767568588257,1.4536480903625488,1.6156340837478638,1.9547885656356812,2.189458131790161,2.4954922199249268,2.7143452167510986
A15,1.0799344778060913,1.1102321147918701,1.3948451280593872,1.4468345642089844,1.6303609609603882,1.539689064025879,1.546861171722412,1.2039793729782104,1.110400676727295,1.3064825534820557,1.0625929832458496,0.7545849084854126,0.5452995300292969,0.3627587854862213,0.0,1.5770854949951172,1.534218668937683,1.3040214776992798,1.138450264930725,1.4522615671157837,1.7377495765686035,2.051379919052124,2.036123752593994,1.6771336793899536,1.7542225122451782,1.9131593704223633,1.697069525718689,1.7487627267837524,1.5137778520584106,1.7936185598373413,1.567404866218567,1.4423125982284546,1.0714958906173706,0.9421046376228333,1.1143394708633423,1.3996237516403198,1.741410255432129,1.826132893562317,1.5579469203948975,1.6609067916870117,1.9908440113067627,1.873592734336853,2.1447649002075195,2.053318500518799,2.3416426181793213,3.2469043731689453,3.0034713745117188,2.76411771774292,2.3916702270507812,2.3122596740722656,2.6352081298828125,2.642324447631836,2.825436592102051,2.5905251502990723,2.296785831451416,2.4944183826446533,2.643855571746826,2.694077253341675,2.8057057857513428,3.1584131717681885,2.870358467102051,2.518763780593872,2.4670298099517822,2.2567977905273438,1.9151440858840942,1.8779653310775757,1.5621691942214966,1.819108486175537,1.9615124464035034,1.6787482500076294,1.787946343421936,2.1380982398986816,2.3636980056762695,2.6910958290100098,2.874541759490967
B1,0.8119439482688904,0.9764494299888611,0.8649112582206726,1.0211600065231323,1.392612099647522,1.4815332889556885,1.816535234451294,1.6724698543548584,1.4024337530136108,1.6762994527816772,1.812207579612732,1.5130237340927124,1.6686441898345947,1.4102880954742432,1.5770854949951172,0.0,0.368449866771698,0.6368514895439148,0.9393163323402405,1.218751311302185,1.1071094274520874,1.3701013326644897,1.150171160697937,1.00447678565979,1.356227159500122,1.3597441911697388,1.0272434949874878,1.1743345260620117,0.9669420719146729,0.9754838347434998,1.3368972539901733,1.4778265953063965,1.4456080198287964,1.395035982131958,1.766837239265442,1.9206984043121338,2.1584970951080322,1.9681720733642578,1.6406539678573608,1.8273217678070068,1.8949193954467773,1.5774502754211426,1.5836299657821655,1.2645200490951538,1.4558545351028442,3.5485188961029053,3.2152390480041504,3.070093870162964,2.733532190322876,2.47404408454895,2.6342437267303467,2.4285829067230225,2.6751575469970703,2.6392486095428467,2.2771224975585938,2.4220969676971436,2.740280866622925,2.8663344383239746,3.1393837928771973,3.4193766117095947,3.586101770401001,3.271284341812134,3.113576889038086,2.769475221633911,2.5302326679229736,2.712291717529297,2.5377707481384277,2.763469934463501,2.6933023929595947,2.3347952365875244,2.4728291034698486,2.7837302684783936,2.8903896808624268,3.1627230644226074,3.4477553367614746
B2,0.9097945094108582,0.9439093470573425,0.7447344660758972,0.7649469971656799,1.1461575031280518,1.3091403245925903,1.6354103088378906,1.530410647392273,1.2123339176177979,1.4298654794692993,1.6051548719406128,1.342432975769043,1.510172724723816,1.2946175336837769,1.534218668937683,0.368449866771698,0.0,0.380086213350296,0.6528383493423462,0.8741027116775513,0.7448729872703552,1.011527419090271,0.8220375180244446,0.6593016982078552,1.0131458044052124,1.0696238279342651,0.7830893993377686,1.0284855365753174,0.9167512655258179,1.0249698162078857,1.1528502702713013,1.2343612909317017,1.231972336769104,1.1501355171203613,1.4990078210830688,1.6353625059127808,1.8377768993377686,1.6370707750320435,1.3076907396316528,1.4832367897033691,1.5307915210723877,1.2150791883468628,1.2215821743011475,0.9178177118301392,1.1491827964782715,3.2076730728149414,2.8771352767944336,2.750816583633423,2.4180126190185547,2.1675028800964355,2.3189404010772705,2.1051905155181885,2.332838296890259,2.2957568168640137,1.9307488203048706,2.059955358505249,2.3817708492279053,2.503732919692993,2.7838258743286133,3.0574302673339844,3.2741568088531494,2.9641122817993164,2.7883222103118896,2.4367306232452393,2.211129903793335,2.4186789989471436,2.277636766433716,2.5030343532562256,2.4019079208374023,2.048833131790161,2.2132630348205566,2.5039544105529785,2.6196563243865967,2.87083101272583,3.171654224395752
B3,0.9896038770675659,1.0106635093688965,0.8955838084220886,0.8266680240631104,1.2006067037582397,1.3734904527664185,1.6367559432983398,1.493973731994629,1.1492332220077515,1.3274636268615723,1.4489408731460571,1.1720070838928223,1.2628443241119385,1.0262421369552612,1.3040214776992798,0.6368514895439148,0.380086213350296,0.0,0.38592207431793213,0.6317922472953796,0.63196861743927,0.9947061538696289,0.9393230676651001,0.709992527961731,0.9935105443000793,1.1726619005203247,0.9438292384147644,1.2202978134155273,1.1087898015975952,1.3026317358016968,0.8271235227584839,0.8728722333908081,0.8541463017463684,0.8151227235794067,1.1804616451263428,1.2938522100448608,1.5322493314743042,1.3428447246551514,1.0213929414749146,1.2515478134155273,1.3442726135253906,1.0304315090179443,1.1486402750015259,0.897649884223938,1.134513258934021,3.089456558227539,2.780677318572998,2.65877366065979,2.3105263710021973,2.1122806072235107,2.296624183654785,2.113219976425171,2.3000030517578125,2.214390516281128,1.8473960161209106,1.9509928226470947,2.2501468658447266,2.3258728981018066,2.5909461975097656,2.875092029571533,3.084104061126709,2.7567760944366455,2.566073417663574,2.2288031578063965,1.9656565189361572,2.160491943359375,2.024326801300049,2.2864484786987305,2.2048709392547607,1.862837553024292,2.0711450576782227,2.3624370098114014,2.528132915496826,2.7763473987579346,3.0766549110412598
B4,1.0120021104812622,0.9134718179702759,0.8212854266166687,0.6473607420921326,0.9630943536758423,1.1414340734481812,1.3452558517456055,1.2105844020843506,0.8491554856300354,0.9738408923149109,1.0912667512893677,0.8513197302818298,0.9586454629898071,0.8100961446762085,1.138450264930725,0.9393163323402405,0.6528383493423462,0.38592207431793213,0.0,0.40503695607185364,0.606048583984375,0.9302942156791687,0.9350506663322449,0.6146509051322937,0.7726128697395325,1.0105284452438354,0.845573902130127,1.1182109117507935,1.0561854839324951,1.338249683380127,0.9430633783340454,0.8253356218338013,0.7123287320137024,0.5178602337837219,0.848012387752533,1.021247386932373,1.2467100620269775,1.1241371631622314,0.7661367654800415,0.9330620169639587,1.1017135381698608,0.8620042204856873,1.0523555278778076,0.917280912399292,1.2221983671188354,2.75592303276062,2.4549036026000977,2.3146674633026123,1.9572833776474,1.7824512720108032,1.9979225397109985,1.8581883907318115,2.0374412536621094,1.909531831741333,1.5496217012405396,1.682423710823059,1.9512970447540283,2.033886432647705,2.272813558578491,2.576265811920166,2.7088842391967773,2.3795266151428223,2.203306198120117,1.871698260307312,1.6044354438781738,1.7890887260437012,1.647836446762085,1.902235984802246,1.821216344833374,1.4784213304519653,1.6923123598098755,1.983566164970398,2.163410186767578,2.414834499359131,2.7097537517547607
B5,1.4001327753067017,1.2591979503631592,1.0919109582901,0.8031391501426697,1.0345492362976074,1.30413818359375,1.4794423580169678,1.4245274066925049,1.0562870502471924,1.0464808940887451,1.2205597162246704,1.0836920738220215,1.1703054904937744,1.0961334705352783,1.4522615671157837,1.218751311302185,0.8741027116775513,0.6317922472953796,0.40503695607185364,0.0,0.3716021180152893,0.6521933078765869,0.8082007169723511,0.586750864982605,0.6250613331794739,0.9700411558151245,0.9490222930908203,1.2840110063552856,1.3283288478851318,1.6058813333511353,0.9111166596412659,0.7191499471664429,0.7519040107727051,0.600871741771698,0.795315146446228,0.8533593416213989,0.9781561493873596,0.7901008725166321,0.4430612027645111,0.6368284821510315,0.7217444777488708,0.45930352807044983,0.7021704912185669,0.662793755531311,0.9582570195198059,2.5007266998291016,2.2078094482421875,2.1217334270477295,1.7839312553405762,1.6341840028762817,1.8103106021881104,1.6424264907836914,1.7667936086654663,1.6517843008041382,1.291617512702942,1.3550316095352173,1.6400675773620605,1.6958571672439575,1.9640461206436157,2.244101047515869,2.5286760330200195,2.211668014526367,1.9855279922485352,1.6383575201034546,1.4010263681411743,1.649041771888733,1.5957770347595215,1.85001802444458,1.705783724784851,1.393096685409546,1.6618894338607788,1.8961057662963867,2.0877230167388916,2.2861504554748535,2.608335018157959
B6,1.477262020111084,1.361514687538147,1.1114271879196167,0.8413200974464417,1.0996710062026978,1.4071894884109497,1.649552345275879,1.6343765258789062,1.2665005922317505,1.2876994609832764,1.5181152820587158,1.375873327255249,1.5049587488174438,1.3972572088241577,1.7377495765686035,1.1071094274520874,0.7448729872703552,0.63196861743927,0.606048583984375,0.3716021180152893,0.0,0.39221489429473877,0.5281745195388794,0.4656658172607422,0.6231945157051086,0.9019531607627869,0.8841707706451416,1.2555851936340332,1.3334678411483765,1.5452637672424316,0.9773868322372437,0.9051429629325867,1.036855936050415,0.950198233127594,1.1653308868408203,1.1855578422546387,1.2638863325119019,1.0040090084075928,0.7277500629425049,0.9009557366371155,0.832728922367096,0.488218754529953,0.5178120136260986,0.3181484639644623,0.629063069820404,2.640294075012207,2.3302087783813477,2.276305913925171,1.9653316736221313,1.7692005634307861,1.8830890655517578,1.6466070413589478,1.7835906744003296,1.7449408769607544,1.38252854347229,1.4151866436004639,1.7480167150497437,1.8260810375213623,2.1340367794036865,2.378286838531494,2.780062198638916,2.4840986728668213,2.2444841861724854,1.8823219537734985,1.6930397748947144,1.9710432291030884,1.9409652948379517,2.1728787422180176,1.9959665536880493,1.6857242584228516,1.933660626411438,2.150048017501831,2.3008921146392822,2.479438066482544,2.8162147998809814
B7,1.7259968519210815,1.5553605556488037,1.246117115020752,0.9332261681556702,1.0792601108551025,1.4333341121673584,1.6704522371292114,1.7400315999984741,1.3955427408218384,1.3524974584579468,1.6472477912902832,1.5801620483398438,1.7550249099731445,1.7080140113830566,2.051379919052124,1.3701013326644897,1.011527419090271,0.9947061538696289,0.9302942156791687,0.6521933078765869,0.39221489429473877,0.0,0.36869803071022034,0.526100218296051,0.5357905030250549,0.767489492893219,0.8951444625854492,1.2615740299224854,1.4413597583770752,1.63323974609375,1.332385778427124,1.2350069284439087,1.379294514656067,1.2491031885147095,1.3846399784088135,1.3936253786087036,1.367449164390564,1.112673282623291,0.8963565826416016,0.9414211511611938,0.7496148347854614,0.5031317472457886,0.24995861947536469,0.23408740758895874,0.5465121269226074,2.425875663757324,2.104693651199341,2.087806463241577,1.8170944452285767,1.5957295894622803,1.6406320333480835,1.355302333831787,1.4840728044509888,1.5098466873168945,1.1649627685546875,1.173007607460022,1.5337250232696533,1.653008222579956,1.9847791194915771,2.1959242820739746,2.6899635791778564,2.4292640686035156,2.182896852493286,1.810145616531372,1.6991373300552368,2.0135393142700195,2.032444477081299,2.215949773788452,1.9832227230072021,1.697218894958496,1.9272347688674927,2.0937283039093018,2.201904535293579,2.3376729488372803,2.6891226768493652
B8,1.5207993984222412,1.3575190305709839,1.0064098834991455,0.7564906477928162,0.9317398071289062,1.2626265287399292,1.5617438554763794,1.6353033781051636,1.3106096982955933,1.3423906564712524,1.6562410593032837,1.5607966184616089,1.7890812158584595,1.7223116159439087,2.036123752593994,1.150171160697937,0.8220375180244446,0.9393230676651001,0.9350506663322449,0.8082007169723511,0.5281745195388794,0.36869803071022034,0.0,0.3706118166446686,0.5402161478996277,0.5836406350135803,0.6331156492233276,0.9855266213417053,1.1714873313903809,1.3132481575012207,1.4776175022125244,1.4310767650604248,1.524417519569397,1.363415002822876,1.5569499731063843,1.6340742111206055,1.657456636428833,1.4301161766052246,1.1590245962142944,1.1924265623092651,1.0715609788894653,0.8323508501052856,0.6147133111953735,0.4307739734649658,0.724960446357727,2.6158785820007324,2.2736661434173584,2.2175180912017822,1.944152593612671,1.6660481691360474,1.7113885879516602,1.419866681098938,1.625229835510254,1.6757675409317017,1.3321936130523682,1.4187904596328735,1.775810956954956,1.9446016550064087,2.2625181674957275,2.4845809936523438,2.8830983638763428,2.6254732608795166,2.4176042079925537,2.042625904083252,1.9318405389785767,2.221328020095825,2.189941644668579,2.3526408672332764,2.1387691497802734,1.8252403736114502,1.999810814857483,2.197103500366211,2.2634127140045166,2.4315171241760254,2.769737958908081
B9,1.2215443849563599,1.0351595878601074,0.720935583114624,0.4286438822746277,0.6826397180557251,0.989908754825592,1.2793828248977661,1.303306221961975,0.961780309677124,1.0277191400527954,1.315161108970642,1.1946682929992676,1.4285767078399658,1.3683358430862427,1.6771336793899536,1.00447678565979,0.6593016982078552,0.709992527961731,0.6146509051322937,0.586750864982605,0.4656658172607422,0.526100218296051,0.3706118166446686,0.0,0.365399569272995,0.48996680974960327,0.4212567210197449,0.7952377200126648,0.9241081476211548,1.1461015939712524,1.3450103998184204,1.2585681676864624,1.2680985927581787,1.0567600727081299,1.2704384326934814,1.4086720943450928,1.4878077507019043,1.3147743940353394,0.9846254587173462,1.01643705368042,1.0194801092147827,0.791090190410614,0.7426786422729492,0.5969101190567017,0.9524800181388855,2.5730879306793213,2.2351479530334473,2.127108097076416,1.8141694068908691,1.5511077642440796,1.6741117238998413,1.4503432512283325,1.6743052005767822,1.647857904434204,1.2864753007888794,1.4336017370224,1.7587964534759521,1.9225882291793823,2.206505060195923,2.47113299369812,2.724766492843628,2.4429166316986084,2.2616069316864014,1.894643783569336,1.7371251583099365,1.9896355867385864,1.90977144241333,2.0851919651031494,1.912165880203247,1.574965238571167,1.743588924407959,1.9831068515777588,2.0753183364868164,2.286815643310547,2.6087779998779297
B10,1.4441752433776855,1.1878437995910645,0.9042643308639526,0.5344035029411316,0.5723066329956055,0.9294119477272034,1.1373718976974487,1.2313451766967773,0.9109564423561096,0.8444486260414124,1.1746108531951904,1.1576427221298218,1.3999617099761963,1.431732416152954,1.7542225122451782,1.356227159500122,1.0131458044052124,0.9935105443000793,0.7726128697395325,0.6250613331794739,0.6231945157051086,0.5357905030250549,0.5402161478996277,0.365399569272995,0.0,0.38645094633102417,0.5657925605773926,0.8813671469688416,1.0917022228240967,1.3579039573669434,1.5134310722351074,1.342961311340332,1.3366351127624512,1.0708967447280884,1.1714730262756348,1.3109229803085327,1.3114702701568604,1.1903060674667358,0.8875949382781982,0.7887970209121704,0.791836142539978,0.6957575082778931,0.6670874953269958,0.7165125012397766,1.0719176530838013,2.20845890045166,1.8704266548156738,1.7653756141662598,1.457637906074524,1.2016332149505615,1.3257560729980469,1.120637059211731,1.3335881233215332,1.2855490446090698,0.9243236780166626,1.1000856161117554,1.4112348556518555,1.599833607673645,1.872331976890564,2.1404714584350586,2.382833242416382,2.115367889404297,1.9361106157302856,1.5662397146224976,1.4502575397491455,1.7194993495941162,1.6765154600143433,1.81840980052948,1.6074717044830322,1.2886648178100586,1.461779236793518,1.6653846502304077,1.75373113155365,1.94196617603302,2.273693084716797
B11,1.404648780822754,1.1241809129714966,0.7870855331420898,0.5004020929336548,0.4187554717063904,0.7628607153892517,1.037571907043457,1.1936284303665161,0.9400659203529358,0.9338312745094299,1.2940880060195923,1.2880911827087402,1.5940457582473755,1.6307461261749268,1.9131593704223633,1.3597441911697388,1.0696238279342651,1.1726619005203247,1.0105284452438354,0.9700411558151245,0.9019531607627869,0.767489492893219,0.5836406350135803,0.48996680974960327,0.38645094633102417,0.0,0.3732760548591614,0.6019376516342163,0.9063766002655029,1.1211793422698975,1.8160492181777954,1.684958577156067,1.6569676399230957,1.3743208646774292,1.4981039762496948,1.6768816709518433,1.6841925382614136,1.576235055923462,1.2707842588424683,1.1535722017288208,1.149755597114563,1.0627899169921875,0.945992112159729,0.9361263513565063,1.2709861993789673,2.317147731781006,1.9597101211547852,1.8285211324691772,1.5502983331680298,1.2231674194335938,1.3085665702819824,1.0885984897613525,1.38222074508667,1.3931267261505127,1.0723835229873657,1.3057045936584473,1.6062235832214355,1.853479027748108,2.1135339736938477,2.37030029296875,2.5470049381256104,2.306877374649048,2.1713342666625977,1.8099416494369507,1.73591148853302,1.9832648038864136,1.912740707397461,2.002722978591919,1.7948087453842163,1.4765355587005615,1.5627217292785645,1.7669137716293335,1.7783881425857544,1.9787489175796509,2.2939741611480713
B12,1.0553849935531616,0.8109224438667297,0.44147783517837524,0.2672960162162781,0.4438254237174988,0.6783699989318848,1.0319502353668213,1.0887786149978638,0.821292519569397,0.9591706991195679,1.2637102603912354,1.1612285375595093,1.4713493585586548,1.4447001218795776,1.697069525718689,1.0272434949874878,0.7830893993377686,0.9438292384147644,0.845573902130127,0.9490222930908203,0.8841707706451416,0.8951444625854492,0.6331156492233276,0.4212567210197449,0.5657925605773926,0.3732760548591614,0.0,0.37616458535194397,0.5777983665466309,0.797238826751709,1.69294011592865,1.6118478775024414,1.5496585369110107,1.2835760116577148,1.4908506870269775,1.701676845550537,1.79134202003479,1.6746388673782349,1.3295844793319702,1.2936148643493652,1.3467960357666016,1.1813031435012817,1.1143807172775269,0.988290011882782,1.3265628814697266,2.643313407897949,2.2913014888763428,2.13228178024292,1.8279813528060913,1.5148991346359253,1.6456398963928223,1.454087495803833,1.748003363609314,1.7311089038848877,1.3983566761016846,1.6285853385925293,1.9266899824142456,2.1467700004577637,2.4006850719451904,2.676661252975464,2.7889533042907715,2.5232739448547363,2.3997697830200195,2.0444326400756836,1.9113420248031616,2.125659465789795,1.9979912042617798,2.1207635402679443,1.9682546854019165,1.622071623802185,1.7011590003967285,1.9602938890457153,1.9924333095550537,2.2367467880249023,2.531587600708008
B13,0.9988327026367188,0.7185410857200623,0.41424480080604553,0.49204200506210327,0.48007944226264954,0.49900126457214355,0.8821554183959961,0.9608518481254578,0.8146871328353882,1.0052794218063354,1.284148097038269,1.2039732933044434,1.5537773370742798,1.5576187372207642,1.7487627267837524,1.1743345260620117,1.0284855365753174,1.2202978134155273,1.1182109117507935,1.2840110063552856,1.2555851936340332,1.2615740299224854,0.9855266213417053,0.7952377200126648,0.8813671469688416,0.6019376516342163,0.37616458535194397,0.0,0.37663331627845764,0.5732918381690979,2.0079727172851562,1.9264132976531982,1.813392996788025,1.5188205242156982,1.7130045890808105,1.9704077243804932,2.0707387924194336,1.9967381954193115,1.6456316709518433,1.5733445882797241,1.6651278734207153,1.53604257106781,1.4752074480056763,1.3617181777954102,1.6932803392410278,2.7512471675872803,2.397387981414795,2.1942384243011475,1.902937412261963,1.567987084388733,1.7095537185668945,1.5662240982055664,1.8994874954223633,1.8799172639846802,1.5834856033325195,1.8654478788375854,2.1306347846984863,2.3833065032958984,2.6061463356018066,2.8910529613494873,2.871755838394165,2.6211962699890137,2.5497825145721436,2.2139735221862793,2.096588134765625,2.2705516815185547,2.1028528213500977,2.180495023727417,2.0566437244415283,1.7155524492263794,1.7138594388961792,1.9851999282836914,1.9673175811767578,2.239528179168701,2.4994375705718994
