,A1,A2,A3,A4,A5,A6,A7,A8,A9,A10,A11,A12,A13,A14,A15,B1,B2,B3,B4,B5,B6,B7,B8,B9,B10,B11,B12,B13,B14,B15,C1,C2,C3,C4,C5,C6,C7,C8,C9,C10,C11,C12,C13,C14,C15,D1,D2,D3,D4,D5,D6,D7,D8,D9,D10,D11,D12,D13,D14,D15,E1,E2,E3,E4,E5,E6,E7,E8,E9,E10,E11,E12,E13,E14,E15
A1,0.0,0.3752790689468384,0.5907925367355347,0.8515611290931702,1.1530945301055908,1.4832338094711304,1.679214596748352,1.9895824193954468,1.9958528280258179,2.1290054321289062,2.483415126800537,2.709484100341797,2.9334545135498047,3.251591444015503,3.366814136505127,3.9947245121002197,3.782837390899658,3.632275104522705,3.2495596408843994,3.2348134517669678,3.065570831298828,2.6747806072235107,2.7135932445526123,2.7669737339019775,2.4273681640625,2.3048176765441895,1.9517266750335693,2.0129055976867676,1.687746286392212,1.6387996673583984,2.459505796432495,2.2491815090179443,1.9113805294036865,1.9411027431488037,1.6190459728240967,1.4763010740280151,1.7645376920700073,1.6793485879898071,1.8507609367370605,2.150282621383667,2.445225954055786,2.6957197189331055,2.9788167476654053,3.2281618118286133,3.476958751678467,4.920285224914551,4.596405982971191,4.5324811935424805,4.181465148925781,4.012388706207275,3.93520450592041,3.710631847381592,3.5141656398773193,3.312434673309326,3.1543126106262207,2.810779333114624,2.6654250621795654,2.3078713417053223,2.169809579849243,2.072831392288208,4.112462520599365,3.8223953247070312,3.5275211334228516,3.4154672622680664,3.02888822555542,2.8384227752685547,2.9806268215179443,2.6185362339019775,2.537018060684204,2.8569607734680176,2.808690071105957,3.1744182109832764,3.171365261077881,3.508512496948242,3.768484354019165
A2,0.3752790689468384,0.0,0.3907562494277954,0.6115962862968445,0.849384069442749,1.2198721170425415,1.4395251274108887,1.7178395986557007,1.6796212196350098,1.831459879875183,2.167525053024292,2.412590742111206,2.615894079208374,2.947532892227173,3.067769765853882,3.8446056842803955,3.6077687740325928,3.4491567611694336,3.0645530223846436,3.011733055114746,2.833153009414673,2.450003147125244,2.4503328800201416,2.4805939197540283,2.145888566970825,1.9886592626571655,1.6321208477020264,1.6623190641403198,1.3257198333740234,1.2889748811721802,2.5253729820251465,2.2748517990112305,1.9424978494644165,1.8987855911254883,1.5414665937423706,1.3572005033493042,1.5914701223373413,1.4351447820663452,1.625596284866333,1.9008738994598389,2.189656972885132,2.4495537281036377,2.707552194595337,2.9789726734161377,3.2178385257720947,4.552377700805664,4.231044769287109,4.173450946807861,3.8204219341278076,3.6613223552703857,3.5947344303131104,3.367603302001953,3.1869778633117676,2.978837490081787,2.8070414066314697,2.472882032394409,2.316406726837158,1.9543265104293823,1.8187744617462158,1.7066131830215454,3.760091543197632,3.471938133239746,3.1722428798675537,3.051166296005249,2.6657116413116455,2.466911554336548,2.605602502822876,2.2441518306732178,2.1683146953582764,2.492659568786621,2.4534659385681152,2.824368476867676,2.8417134284973145,3.1805500984191895,3.449925422668457
A3,0.5907925367355347,0.3907562494277954,0.0,0.39242255687713623,0.6022013425827026,0.9073790311813354,1.1549490690231323,1.4297540187835693,1.4577950239181519,1.6354644298553467,1.9816017150878906,2.2391881942749023,2.4794235229492188,2.802468776702881,2.963428497314453,3.6584155559539795,3.4133098125457764,3.290717601776123,2.9023046493530273,2.8610904216766357,2.7298684120178223,2.3566272258758545,2.385202646255493,2.3716225624084473,2.0174880027770996,1.8935168981552124,1.5202561616897583,1.5427929162979126,1.2311902046203613,1.1121505498886108,2.3861072063446045,2.152571678161621,1.7932698726654053,1.7073497772216797,1.367907166481018,1.1065763235092163,1.297952651977539,1.1751353740692139,1.4264566898345947,1.7451574802398682,1.9915691614151,2.287412643432617,2.5428311824798584,2.819828987121582,3.0929782390594482,4.473667144775391,4.162051200866699,4.075325012207031,3.7122819423675537,3.5500051975250244,3.4458134174346924,3.195646286010742,3.0038793087005615,2.833735942840576,2.659034252166748,2.3063857555389404,2.1416711807250977,1.8056493997573853,1.6366221904754639,1.588454246520996,3.6230061054229736,3.314182996749878,3.0449166297912598,2.9236178398132324,2.5360140800476074,2.389225482940674,2.54670786857605,2.2027409076690674,2.064936399459839,2.382842779159546,2.3730311393737793,2.737884283065796,2.746098756790161,3.102855682373047,3.339289903640747
A4,0.8515611290931702,0.6115962862968445,0.39242255687713623,0.0,0.3885582983493805,0.6882193088531494,0.8385226130485535,1.1534887552261353,1.1700443029403687,1.2907432317733765,1.6542574167251587,1.8828901052474976,2.133026361465454,2.444118022918701,2.596526861190796,3.28615665435791,3.0377907752990723,2.9050214290618896,2.5169577598571777,2.471759557723999,2.3383736610412598,1.9651862382888794,2.0039174556732178,1.9965869188308716,1.640305995941162,1.5432004928588867,1.1766517162322998,1.262406349182129,0.999876856803894,0.9555125832557678,2.1566832065582275,1.8873825073242188,1.551053524017334,1.4119645357131958,1.0497992038726807,0.794790506362915,0.984822154045105,0.8335503935813904,1.0447955131530762,1.3579217195510864,1.6188664436340332,1.902138590812683,2.167280435562134,2.435727596282959,2.7073872089385986,4.2167253494262695,3.8957583904266357,3.790877342224121,3.437852144241333,3.2494208812713623,3.135939121246338,2.90720272064209,2.6898374557495117,2.51143479347229,2.3679258823394775,2.0062930583953857,1.8886419534683228,1.5491386651992798,1.4419333934783936,1.4543235301971436,3.538311719894409,3.218118667602539,2.9604849815368652,2.7922205924987793,2.4107956886291504,2.258892059326172,2.3654067516326904,2.0098214149475098,1.8468847274780273,2.133526086807251,2.0846598148345947,2.4350674152374268,2.409254789352417,2.7637643814086914,2.989396572113037
A5,1.1530945301055908,0.849384069442749,0.6022013425827026,0.3885582983493805,0.0,0.4027555286884308,0.6700365543365479,0.8784815073013306,0.8577482104301453,1.0632801055908203,1.3902904987335205,1.6715680360794067,1.905985713005066,2.2354893684387207,2.4217288494110107,3.2702484130859375,2.9896607398986816,2.8699886798858643,2.4852476119995117,2.3940834999084473,2.276860237121582,1.9319885969161987,1.9238988161087036,1.8510137796401978,1.4997977018356323,1.358931064605713,0.9821910262107849,0.9735099077224731,0.7072026133537292,0.5810671448707581,2.3995094299316406,2.1218369007110596,1.7974822521209717,1.5858114957809448,1.2382915019989014,0.9203667044639587,0.9452707171440125,0.6867241859436035,0.9903690814971924,1.2701234817504883,1.4737904071807861,1.793978214263916,2.0079562664031982,2.3131563663482666,2.585865020751953,3.9078338146209717,3.5995688438415527,3.4952332973480225,3.130410671234131,2.9647552967071533,2.84908127784729,2.5946836471557617,2.4042980670928955,2.2423977851867676,2.063676357269287,1.7077046632766724,1.5477067232131958,1.219700813293457,1.069754958152771,1.0952550172805786,3.1571197509765625,2.8333449363708496,2.5831680297851562,2.4181394577026367,2.0365867614746094,1.9085525274276733,2.0372931957244873,1.7029143571853638,1.513927698135376,1.8125426769256592,1.81283700466156,2.170191764831543,2.183290719985962,2.5490708351135254,2.772387981414795
A6,1.4832338094711304,1.2198721170425415,0.9073790311813354,0.6882193088531494,0.4027555286884308,0.0,0.39568784832954407,0.5342701077461243,0.654979407787323,0.8864967823028564,1.201659083366394,1.4868429899215698,1.7638263702392578,2.0682899951934814,2.3027424812316895,3.0571041107177734,2.764972448348999,2.689079761505127,2.3100197315216064,2.2264769077301025,2.1732332706451416,1.86164391040802,1.8842706680297852,1.7524546384811401,1.3989609479904175,1.3198347091674805,0.9735175371170044,0.9598507285118103,0.8226447105407715,0.6213681697845459,2.3462026119232178,2.0888421535491943,1.7695428133010864,1.4991247653961182,1.2111308574676514,0.839411735534668,0.7010898590087891,0.4723430275917053,0.8628076314926147,1.1599358320236206,1.2714968919754028,1.6304941177368164,1.8247621059417725,2.1311347484588623,2.438643217086792,3.8060245513916016,3.511603832244873,3.370682716369629,3.00211763381958,2.8302972316741943,2.6675758361816406,2.392207622528076,2.1855411529541016,2.0779857635498047,1.9069973230361938,1.536627173423767,1.3842928409576416,1.1247130632400513,0.9574581384658813,1.1132110357284546,3.046848773956299,2.7016847133636475,2.4988505840301514,2.323322057723999,1.9564143419265747,1.9006714820861816,2.0304341316223145,1.7376680374145508,1.4730383157730103,1.7319501638412476,1.764081597328186,2.091341257095337,2.0864455699920654,2.461885690689087,2.635758399963379
A7,1.679214596748352,1.4395251274108887,1.1549490690231323,0.8385226130485535,0.6700365543365479,0.39568784832954407,0.0,0.39500322937965393,0.5906504988670349,0.6501522064208984,1.008002519607544,1.2182426452636719,1.5398153066635132,1.8065686225891113,2.0348002910614014,2.663804054260254,2.3765196800231934,2.3016436100006104,1.9215697050094604,1.8581727743148804,1.8271585702896118,1.5215928554534912,1.594124674797058,1.4700149297714233,1.1103289127349854,1.1277174949645996,0.8299143314361572,0.947467029094696,0.9349715709686279,0.8697513341903687,2.0757906436920166,1.8047136068344116,1.524701476097107,1.2040151357650757,0.9509257674217224,0.6212301254272461,0.37533360719680786,0.11851233243942261,0.5047028660774231,0.8241093754768372,0.9241564273834229,1.2777290344238281,1.5039418935775757,1.7837387323379517,2.1081254482269287,3.7303004264831543,3.42572283744812,3.2539610862731934,2.904080867767334,2.689833641052246,2.501418352127075,2.2604446411132812,2.0017433166503906,1.8968974351882935,1.7903451919555664,1.406123399734497,1.3517611026763916,1.120858073234558,1.0719279050827026,1.3054713010787964,3.1937084197998047,2.8411056995391846,2.662062883377075,2.4385883808135986,2.0939595699310303,2.039203405380249,2.099881172180176,1.806038498878479,1.5165139436721802,1.7081581354141235,1.6778552532196045,1.9659678936004639,1.8923766613006592,2.2606899738311768,2.4021897315979004
A8,1.9895824193954468,1.7178395986557007,1.4297540187835693,1.1534887552261353,0.8784815073013306,0.5342701077461243,0.39500322937965393,0.0,0.3765721917152405,0.5410295128822327,0.7809626460075378,1.0511260032653809,1.3556073904037476,1.624840259552002,1.9030238389968872,2.6814050674438477,2.3623056411743164,2.3123984336853027,1.9531186819076538,1.8376692533493042,1.8414819240570068,1.5960935354232788,1.6167429685592651,1.4073013067245483,1.0872316360473633,1.077950358390808,0.8418010473251343,0.8424860239028931,0.9264890551567078,0.8140568733215332,2.3939318656921387,2.1294569969177246,1.873442530632019,1.5248218774795532,1.3132846355438232,1.0010242462158203,0.6692454218864441,0.4493646025657654,0.7341780662536621,0.9145412445068359,0.8760014772415161,1.2570630311965942,1.3918344974517822,1.706617832183838,2.028911828994751,3.4392611980438232,3.1532678604125977,2.9711060523986816,2.611283779144287,2.4193191528320312,2.2132632732391357,1.9388684034347534,1.7043989896774292,1.6425050497055054,1.5035568475723267,1.1279174089431763,1.040940761566162,0.8902563452720642,0.8211236596107483,1.1341837644577026,2.855198383331299,2.4957072734832764,2.3463406562805176,2.1182358264923096,1.7924630641937256,1.7923548221588135,1.8618897199630737,1.6204497814178467,1.2859175205230713,1.4500659704208374,1.483578085899353,1.7520943880081177,1.7149354219436646,2.088249444961548,2.2075607776641846
A9,1.9958528280258179,1.6796212196350098,1.4577950239181519,1.1700443029403687,0.8577482104301453,0.654979407787323,0.5906504988670349,0.3765721917152405,0.0,0.37400922179222107,0.5714786052703857,0.9098062515258789,1.1395071744918823,1.4624525308609009,1.7127890586853027,2.7767746448516846,2.4452760219573975,2.3452911376953125,1.9912437200546265,1.8143850564956665,1.7508589029312134,1.505165934562683,1.4381557703018188,1.2249326705932617,0.9229423999786377,0.797223687171936,0.5567938089370728,0.4711540937423706,0.6218926906585693,0.6150016784667969,2.5884439945220947,2.287412643432617,2.051476001739502,1.7113893032073975,1.4518805742263794,1.1825300455093384,0.9263916611671448,0.5829136967658997,0.785728931427002,0.853324830532074,0.8659957647323608,1.211719036102295,1.306990623474121,1.6558023691177368,1.9258921146392822,3.1719136238098145,2.8734068870544434,2.721569776535034,2.35844087600708,2.1762495040893555,2.0192651748657227,1.7572516202926636,1.5536339282989502,1.4271219968795776,1.2562100887298584,0.8833332061767578,0.7726683020591736,0.5385898947715759,0.5415439009666443,0.8434404134750366,2.657923936843872,2.3132071495056152,2.127129554748535,1.8746310472488403,1.5410683155059814,1.4846111536026,1.5239582061767578,1.2584474086761475,0.9397401213645935,1.1263052225112915,1.1468654870986938,1.4507153034210205,1.454576849937439,1.831855297088623,2.004065990447998
A10,2.1290054321289062,1.831459879875183,1.6354644298553467,1.2907432317733765,1.0632801055908203,0.8864967823028564,0.6501522064208984,0.5410295128822327,0.37400922179222107,0.0,0.39090240001678467,0.6116696000099182,0.8956320285797119,1.1903176307678223,1.417554259300232,2.4375314712524414,2.109093189239502,1.9864509105682373,1.6317683458328247,1.4502825736999512,1.3800078630447388,1.137474775314331,1.094310998916626,0.8880374431610107,0.5660122632980347,0.5517621040344238,0.4213196337223053,0.5730350017547607,0.8159095048904419,0.9365326762199402,2.395390510559082,2.0780394077301025,1.8948649168014526,1.536263108253479,1.3097703456878662,1.1296662092208862,0.8793283700942993,0.5878954529762268,0.5746548771858215,0.5098907351493835,0.5141459107398987,0.8427348732948303,0.9693459272384644,1.30604088306427,1.5803239345550537,3.1224639415740967,2.807267665863037,2.631300449371338,2.2950260639190674,2.060302257537842,1.890560269355774,1.686833381652832,1.420649528503418,1.267119288444519,1.190530776977539,0.8118287324905396,0.8703018426895142,0.6807653903961182,0.8485742211341858,1.1382200717926025,2.8773293495178223,2.537790060043335,2.3664746284484863,2.072624683380127,1.7710705995559692,1.6937463283538818,1.6478434801101685,1.3771634101867676,1.0763885974884033,1.1696680784225464,1.0784132480621338,1.332281231880188,1.2426421642303467,1.6123801469802856,1.7653322219848633
A11,2.483415126800537,2.167525053024292,1.9816017150878906,1.6542574167251587,1.3902904987335205,1.201659083366394,1.008002519607544,0.7809626460075378,0.5714786052703857,0.39090240001678467,0.0,0.3815241754055023,0.5844811201095581,0.8945895433425903,1.167980670928955,2.427625894546509,2.074416399002075,1.9577407836914062,1.645759105682373,1.3932411670684814,1.3433886766433716,1.2011644840240479,1.0777575969696045,0.7705724239349365,0.5949518084526062,0.5494837760925293,0.63555908203125,0.6513472199440002,0.9946866631507874,1.122925043106079,2.7102057933807373,2.3944320678710938,2.242382287979126,1.8712314367294312,1.6759941577911377,1.5107065439224243,1.2285679578781128,0.9635304808616638,0.9374086856842041,0.7563288807868958,0.6069992184638977,0.8485577702522278,0.8123000860214233,1.1814156770706177,1.415178894996643,2.7514448165893555,2.444150686264038,2.254119873046875,1.916961908340454,1.684019923210144,1.505061388015747,1.296623706817627,1.038830041885376,0.8908697366714478,0.8107755184173584,0.4353483319282532,0.5971357822418213,0.5685369372367859,0.8344629406929016,1.1525360345840454,2.623807430267334,2.2909328937530518,2.148982524871826,1.822405219078064,1.5685123205184937,1.5229538679122925,1.425258994102478,1.2235591411590576,0.9008352756500244,0.8841716051101685,0.810435950756073,1.0066584348678589,0.9365447163581848,1.3087953329086304,1.4426034688949585
A12,2.709484100341797,2.412590742111206,2.2391881942749023,1.8828901052474976,1.6715680360794067,1.4868429899215698,1.2182426452636719,1.0511260032653809,0.9098062515258789,0.6116696000099182,0.3815241754055023,0.0,0.38344788551330566,0.5886238813400269,0.8571667671203613,2.0906431674957275,1.7357841730117798,1.6012659072875977,1.311569333076477,1.028637409210205,0.9993276000022888,0.931075394153595,0.8291358947753906,0.48269417881965637,0.4403823912143707,0.6011489629745483,0.827959418296814,0.9629655480384827,1.3061474561691284,1.475420355796814,2.6238396167755127,2.307021379470825,2.216367483139038,1.8405998945236206,1.7007286548614502,1.6158729791641235,1.348061203956604,1.1558595895767212,1.0004864931106567,0.7049246430397034,0.46861743927001953,0.5468676090240479,0.4326680600643158,0.8034733533859253,1.0386353731155396,2.7193264961242676,2.403801202774048,2.1799206733703613,1.8858294486999512,1.5940922498703003,1.3904882669448853,1.2696070671081543,0.9370257258415222,0.7809494733810425,0.867709219455719,0.5949419736862183,0.9003576040267944,0.9197275638580322,1.213614583015442,1.5168455839157104,2.8743691444396973,2.5519509315490723,2.434635639190674,2.0838067531585693,1.871439814567566,1.8216725587844849,1.6604472398757935,1.4787936210632324,1.1972287893295288,1.0916591882705688,0.9186655282974243,0.993193507194519,0.7812926769256592,1.11717689037323,1.192344069480896
A13,2.9334545135498047,2.615894079208374,2.4794235229492188,2.133026361465454,1.905985713005066,1.7638263702392578,1.5398153066635132,1.3556073904037476,1.1395071744918823,0.8956320285797119,0.5844811201095581,0.38344788551330566,0.0,0.3757534325122833,0.6072677969932556,2.2532033920288086,1.8988271951675415,1.730075716972351,1.495294451713562,1.1491273641586304,1.057591199874878,1.0686603784561157,0.835785448551178,0.48111391067504883,0.643552303314209,0.6626496315002441,0.9852643013000488,1.0523037910461426,1.418184518814087,1.6304863691329956,2.950610876083374,2.6205360889434814,2.547333002090454,2.183546781539917,2.026233673095703,1.9528720378875732,1.7065702676773071,1.474456787109375,1.3268169164657593,1.0023287534713745,0.8358067274093628,0.8056954741477966,0.5689589381217957,0.8896225094795227,0.9800575375556946,2.3696794509887695,2.042940855026245,1.8327736854553223,1.5509803295135498,1.2482596635818481,1.098250389099121,1.036729335784912,0.747923731803894,0.4728637933731079,0.627245306968689,0.5130552649497986,0.8798869252204895,0.9565637111663818,1.3033602237701416,1.5569133758544922,2.72519588470459,2.430845260620117,2.311429023742676,1.9354078769683838,1.7702208757400513,1.6963248252868652,1.4627946615219116,1.3280304670333862,1.1070388555526733,0.9051812291145325,0.6727434396743774,0.641741156578064,0.4015056788921356,0.7477569580078125,0.8732424378395081
A14,3.251591444015503,2.947532892227173,2.802468776702881,2.444118022918701,2.2354893684387207,2.0682899951934814,1.8065686225891113,1.624840259552002,1.4624525308609009,1.1903176307678223,0.8945895433425903,0.5886238813400269,0.3757534325122833,0.0,0.37643176317214966,2.0114829540252686,1.6574997901916504,1.4989968538284302,1.333471655845642,0.961514413356781,0.9430463314056396,1.090431809425354,0.9080908894538879,0.5908221006393433,0.860909104347229,0.9907259941101074,1.3215042352676392,1.4216424226760864,1.7854620218276978,1.9883066415786743,3.0170633792877197,2.7022793292999268,2.6756784915924072,2.309624433517456,2.207512140274048,2.173415422439575,1.9175893068313599,1.7417733669281006,1.5511804819107056,1.204980492591858,0.9816630482673645,0.8331416249275208,0.48376306891441345,0.6758919954299927,0.6970410346984863,2.3198130130767822,2.0059404373168945,1.7462713718414307,1.5225951671600342,1.172640323638916,0.9713757038116455,1.014922022819519,0.6772854924201965,0.5008872747421265,0.8154575228691101,0.8115973472595215,1.1919219493865967,1.3188961744308472,1.6524991989135742,1.9223796129226685,2.918375253677368,2.633823871612549,2.556589365005493,2.1725780963897705,2.053619861602783,2.01077938079834,1.7548058032989502,1.6654170751571655,1.4554704427719116,1.2086939811706543,0.9890118837356567,0.8259663581848145,0.4961492121219635,0.6712507605552673,0.6230284571647644
A15,3.366814136505127,3.067769765853882,2.963428497314453,2.596526861190796,2.4217288494110107,2.3027424812316895,2.0348002910614014,1.9030238389968872,1.7127890586853027,1.417554259300232,1.167980670928955,0.8571667671203613,0.6072677969932556,0.37643176317214966,0.0,2.0085086822509766,1.6869113445281982,1.4586355686187744,1.3379729986190796,0.9504111409187317,0.8257301449775696,1.0366425514221191,0.7989893555641174,0.6167697310447693,0.9735743999481201,1.0927037000656128,1.4595508575439453,1.597495198249817,1.9455020427703857,2.199375629425049,3.082444667816162,2.7544384002685547,2.7665603160858154,2.4260358810424805,2.3232452869415283,2.341708183288574,2.1356520652770996,1.9548697471618652,1.7159485816955566,1.3373502492904663,1.193342685699463,0.9550109505653381,0.6675832867622375,0.7264482975006104,0.5510178804397583,2.310577392578125,1.9773465394973755,1.7444101572036743,1.5801342725753784,1.2083299160003662,1.1034163236618042,1.2508809566497803,0.9744398593902588,0.7371716499328613,1.0592329502105713,1.0954545736312866,1.4663522243499756,1.5437415838241577,1.9018032550811768,2.127952814102173,3.141191244125366,2.87995982170105,2.781435489654541,2.389395236968994,2.2806975841522217,2.1871979236602783,1.8864939212799072,1.7841436862945557,1.641552209854126,1.3911888599395752,1.0967873334884644,0.8927636742591858,0.512416422367096,0.5125358700752258,0.5070896744728088
B1,3.9947245121002197,3.8446056842803955,3.6584155559539795,3.28615665435791,3.2702484130859375,3.0571041107177734,2.663804054260254,2.6814050674438477,2.7767746448516846,2.4375314712524414,2.427625894546509,2.0906431674957275,2.2532033920288086,2.0114829540252686,2.0085086822509766,0.0,0.37463703751564026,0.5872771739959717,0.8663581609725952,1.1491843461990356,1.4659181833267212,1.6853758096694946,1.9807300567626953,1.999477505683899,2.0992300510406494,2.4768121242523193,2.6574625968933105,2.9496309757232666,3.2096896171569824,3.3558833599090576,2.307617425918579,2.1897106170654297,2.4096293449401855,2.180290460586548,2.4033985137939453,2.5950379371643066,2.4541776180267334,2.605605363845825,2.2858595848083496,2.093372344970703,1.9235126972198486,1.656867265701294,1.6992545127868652,1.3701308965682983,1.470292568206787,4.082875728607178,3.8141539096832275,3.492307662963867,3.3831772804260254,3.0156984329223633,2.7449069023132324,2.833669900894165,2.4595394134521484,2.4820525646209717,2.7708942890167236,2.633690118789673,2.956601858139038,2.989875316619873,3.2295830249786377,3.552999496459961,4.78679084777832,4.467097282409668,4.434250354766846,4.079619884490967,3.918062686920166,3.9055004119873047,3.7121496200561523,3.5449023246765137,3.2869927883148193,3.141326665878296,2.913135290145874,2.823760986328125,2.4539568424224854,2.5075180530548096,2.2986485958099365
B2,3.782837390899658,3.6077687740325928,3.4133098125457764,3.0377907752990723,2.9896607398986816,2.764972448348999,2.3765196800231934,2.3623056411743164,2.4452760219573975,2.109093189239502,2.074416399002075,1.7357841730117798,1.8988271951675415,1.6574997901916504,1.6869113445281982,0.37463703751564026,0.0,0.38840198516845703,0.6106780171394348,0.8394990563392639,1.2015935182571411,1.4310739040374756,1.703170657157898,1.6768944263458252,1.7809996604919434,2.1549863815307617,2.344987154006958,2.6186559200286865,2.8934154510498047,3.0355138778686523,2.3117587566375732,2.150954008102417,2.319340467453003,2.0420045852661133,2.2241151332855225,2.37551212310791,2.1976826190948486,2.319615364074707,2.012392520904541,1.800437092781067,1.5965982675552368,1.334546446800232,1.3469749689102173,1.0272512435913086,1.1691445112228394,3.761566162109375,3.490915060043335,3.168416738510132,3.040313482284546,2.676746129989624,2.3964993953704834,2.4687716960906982,2.091365337371826,2.119884729385376,2.403261661529541,2.2676610946655273,2.5914320945739746,2.6395483016967773,2.881614923477173,3.210283041000366,4.412355899810791,4.092522621154785,4.060912132263184,3.7067461013793945,3.548551559448242,3.543694019317627,3.3534932136535645,3.196223020553589,2.9314866065979004,2.7799885272979736,2.5645389556884766,2.4752070903778076,2.113058567047119,2.1852407455444336,1.977434515953064
B3,3.632275104522705,3.4491567611694336,3.290717601776123,2.9050214290618896,2.8699886798858643,2.689079761505127,2.3016436100006104,2.3123984336853027,2.3452911376953125,1.9864509105682373,1.9577407836914062,1.6012659072875977,1.730075716972351,1.4989968538284302,1.4586355686187744,0.5872771739959717,0.38840198516845703,0.0,0.3886038661003113,0.5939303040504456,0.8849847912788391,1.143737554550171,1.4083285331726074,1.4431731700897217,1.5797982215881348,1.9463746547698975,2.1617302894592285,2.456664562225342,2.7294652462005615,2.914438486099243,2.269700288772583,2.060563087463379,2.240358352661133,1.9711958169937134,2.1118276119232178,2.2921388149261475,2.1502325534820557,2.2285654544830322,1.8856871128082275,1.6301829814910889,1.4805197715759277,1.1587086915969849,1.1899880170822144,0.843563437461853,0.9195169806480408,3.6324357986450195,3.339512825012207,3.042567014694214,2.9186851978302,2.5429606437683105,2.3066179752349854,2.40510630607605,2.028768301010132,1.9904142618179321,2.2842636108398438,2.151977062225342,2.490048885345459,2.505625009536743,2.776888370513916,3.0782663822174072,4.357251167297363,4.045811176300049,3.9831342697143555,3.6174726486206055,3.451056480407715,3.404953718185425,3.1903164386749268,3.0139307975769043,2.7812514305114746,2.631009817123413,2.373929023742676,2.286691427230835,1.9086352586746216,1.964734435081482,1.7992526292800903
B4,3.2495596408843994,3.0645530223846436,2.9023046493530273,2.5169577598571777,2.4852476119995117,2.3100197315216064,1.9215697050094604,1.9531186819076538,1.9912437200546265,1.6317683458328247,1.645759105682373,1.311569333076477,1.495294451713562,1.333471655845642,1.3379729986190796,0.8663581609725952,0.6106780171394348,0.3886038661003113,0.0,0.38829338550567627,0.6720879673957825,0.8317056894302368,1.1426479816436768,1.1739438772201538,1.2476806640625,1.6252895593643188,1.8082009553909302,2.1155385971069336,2.3712897300720215,2.5501863956451416,2.0227978229522705,1.7807538509368896,1.918826937675476,1.6255788803100586,1.7402820587158203,1.9095799922943115,1.7715176343917847,1.8461754322052002,1.4988768100738525,1.25570809841156,1.126134991645813,0.8205276727676392,0.9387394785881042,0.6609147787094116,0.8666878938674927,3.587099552154541,3.279130458831787,2.998680591583252,2.829265594482422,2.461376428604126,2.226005792617798,2.2722525596618652,1.8848812580108643,1.8187026977539062,2.07365345954895,1.8909454345703125,2.206916332244873,2.188202381134033,2.4451119899749756,2.742461681365967,4.139587879180908,3.817732334136963,3.733187675476074,3.377013683319092,3.181119680404663,3.1248064041137695,2.934751033782959,2.731091260910034,2.4887571334838867,2.3755178451538086,2.12358021736145,2.090620279312134,1.7258483171463013,1.8492814302444458,1.744986653327942
B5,3.2348134517669678,3.011733055114746,2.8610904216766357,2.471759557723999,2.3940834999084473,2.2264769077301025,1.8581727743148804,1.8376692533493042,1.8143850564956665,1.4502825736999512,1.3932411670684814,1.028637409210205,1.1491273641586304,0.961514413356781,0.9504111409187317,1.1491843461990356,0.8394990563392639,0.5939303040504456,0.38829338550567627,0.0,0.4043596088886261,0.6738743185997009,0.8749538064002991,0.8535702228546143,1.010081171989441,1.3660087585449219,1.60763680934906,1.885925054550171,2.176215648651123,2.378234386444092,2.306670904159546,2.0285308361053467,2.119584560394287,1.7976305484771729,1.835524082183838,1.9552794694900513,1.7834056615829468,1.7782096862792969,1.4454948902130127,1.1312397718429565,0.9700217843055725,0.6124724745750427,0.6161069273948669,0.2974761128425598,0.502511203289032,3.2068936824798584,2.894594430923462,2.620957374572754,2.4516489505767822,2.08172607421875,1.8629611730575562,1.9271491765975952,1.5482159852981567,1.4560476541519165,1.7294490337371826,1.5821586847305298,1.9224845170974731,1.928220510482788,2.2172060012817383,2.506920337677002,3.8216419219970703,3.5117249488830566,3.425259828567505,3.058074474334717,2.8810622692108154,2.8183834552764893,2.6029748916625977,2.4201931953430176,2.1926321983337402,2.0472569465637207,1.7846496105194092,1.721501111984253,1.3499341011047363,1.4619380235671997,1.3630585670471191
B6,3.065570831298828,2.833153009414673,2.7298684120178223,2.3383736610412598,2.276860237121582,2.1732332706451416,1.8271585702896118,1.8414819240570068,1.7508589029312134,1.3800078630447388,1.3433886766433716,0.9993276000022888,1.057591199874878,0.9430463314056396,0.8257301449775696,1.4659181833267212,1.2015935182571411,0.8849847912788391,0.6720879673957825,0.4043596088886261,0.0,0.39581695199012756,0.5313271880149841,0.6507094502449036,0.8487012982368469,1.1616160869598389,1.4303324222564697,1.729251742362976,2.0047619342803955,2.2590224742889404,2.3389229774475098,2.019416093826294,2.1031789779663086,1.8041013479232788,1.776782512664795,1.9159759283065796,1.7974722385406494,1.7305536270141602,1.3762562274932861,1.0206326246261597,0.9774788618087769,0.6009224057197571,0.6566991209983826,0.4953896105289459,0.5213350057601929,3.1355528831481934,2.7990448474884033,2.5688111782073975,2.397089958190918,2.0288503170013428,1.8790833950042725,1.957797646522522,1.6059620380401611,1.4200489521026611,1.6762391328811646,1.5298070907592773,1.863985300064087,1.8152612447738647,2.130479574203491,2.3730533123016357,3.782783269882202,3.4855098724365234,3.3589630126953125,2.9872817993164062,2.7970333099365234,2.6802361011505127,2.442783832550049,2.230424404144287,2.051603317260742,1.9224207401275635,1.6087855100631714,1.5692464113235474,1.197466492652893,1.3048456907272339,1.307289481163025
B7,2.6747806072235107,2.450003147125244,2.3566272258758545,1.9651862382888794,1.9319885969161987,1.86164391040802,1.5215928554534912,1.5960935354232788,1.505165934562683,1.137474775314331,1.2011644840240479,0.931075394153595,1.0686603784561157,1.090431809425354,1.0366425514221191,1.6853758096694946,1.4310739040374756,1.143737554550171,0.8317056894302368,0.6738743185997009,0.39581695199012756,0.0,0.3952401578426361,0.5992869734764099,0.6274108290672302,0.9406878352165222,1.14110267162323,1.4819550514221191,1.7123479843139648,1.9712721109390259,2.093581438064575,1.748185157775879,1.7915445566177368,1.4975612163543701,1.4229544401168823,1.5684746503829956,1.4949557781219482,1.4162333011627197,1.0437967777252197,0.7049909234046936,0.7902265787124634,0.495082825422287,0.7349252700805664,0.7427212595939636,0.8813893795013428,3.302014112472534,2.954712390899658,2.7518208026885986,2.5372862815856934,2.1911604404449463,2.053147792816162,2.0689048767089844,1.7232048511505127,1.5075571537017822,1.690510869026184,1.4715628623962402,1.7543187141418457,1.6314862966537476,1.9208383560180664,2.1424198150634766,3.7410616874694824,3.4334797859191895,3.2744901180267334,2.9207146167755127,2.687051773071289,2.5460143089294434,2.346101999282837,2.083303213119507,1.9034984111785889,1.844438076019287,1.5357069969177246,1.5922540426254272,1.2662686109542847,1.4564728736877441,1.542419672012329
B8,2.7135932445526123,2.4503328800201416,2.385202646255493,2.0039174556732178,1.9238988161087036,1.8842706680297852,1.594124674797058,1.6167429685592651,1.4381557703018188,1.094310998916626,1.0777575969696045,0.8291358947753906,0.835785448551178,0.9080908894538879,0.7989893555641174,1.9807300567626953,1.703170657157898,1.4083285331726074,1.1426479816436768,0.8749538064002991,0.5313271880149841,0.3952401578426361,0.0,0.3716069459915161,0.534920871257782,0.7228164076805115,1.013850450515747,1.3065972328186035,1.5660396814346313,1.865683913230896,2.4478824138641357,2.0896964073181152,2.0978567600250244,1.8013279438018799,1.6610385179519653,1.7497646808624268,1.657744288444519,1.487772822380066,1.1682318449020386,0.7917949557304382,0.8777594566345215,0.6348932981491089,0.7203480005264282,0.8262505531311035,0.857986569404602,2.9767520427703857,2.62013578414917,2.4468801021575928,2.2317988872528076,1.8967101573944092,1.8126380443572998,1.8449376821517944,1.5404659509658813,1.2626943588256836,1.4359997510910034,1.2633163928985596,1.553267478942871,1.4349472522735596,1.7640013694763184,1.9508994817733765,3.476604700088501,3.188296318054199,3.0144543647766113,2.6514699459075928,2.434945821762085,2.266057252883911,2.03053879737854,1.7786309719085693,1.642348289489746,1.5576756000518799,1.214268445968628,1.258772850036621,0.9479092359542847,1.1327069997787476,1.294472336769104
B9,2.7669737339019775,2.4805939197540283,2.3716225624084473,1.9965869188308716,1.8510137796401978,1.7524546384811401,1.4700149297714233,1.4073013067245483,1.2249326705932617,0.8880374431610107,0.7705724239349365,0.48269417881965637,0.48111391067504883,0.5908221006393433,0.6167697310447693,1.999477505683899,1.6768944263458252,1.4431731700897217,1.1739438772201538,0.8535702228546143,0.6507094502449036,0.5992869734764099,0.3716069459915161,0.0,0.36792483925819397,0.5729190707206726,0.9070317149162292,1.1358225345611572,1.4514607191085815,1.71238374710083,2.5841457843780518,2.2405996322631836,2.209409236907959,1.8706324100494385,1.7291964292526245,1.7424731254577637,1.5690624713897705,1.378740906715393,1.1172453165054321,0.7338901162147522,0.6808258295059204,0.4989836513996124,0.44305357336997986,0.6877262592315674,0.7903607487678528,2.7479987144470215,2.4040727615356445,2.206171751022339,1.9629764556884766,1.6336841583251953,1.50773024559021,1.5020121335983276,1.1863831281661987,0.9276328682899475,1.0999689102172852,0.9221889972686768,1.240867257118225,1.1864680051803589,1.5239826440811157,1.7544974088668823,3.170015335083008,2.8731164932250977,2.724762439727783,2.357861042022705,2.154755115509033,2.0299549102783203,1.8032031059265137,1.5886204242706299,1.4015445709228516,1.2817039489746094,0.9758887887001038,1.0042150020599365,0.6897366046905518,0.9490239024162292,1.082956314086914
B10,2.4273681640625,2.145888566970825,2.0174880027770996,1.640305995941162,1.4997977018356323,1.3989609479904175,1.1103289127349854,1.0872316360473633,0.9229423999786377,0.5660122632980347,0.5949518084526062,0.4403823912143707,0.643552303314209,0.860909104347229,0.9735743999481201,2.0992300510406494,1.7809996604919434,1.5797982215881348,1.2476806640625,1.010081171989441,0.8487012982368469,0.6274108290672302,0.534920871257782,0.36792483925819397,0.0,0.3839845359325409,0.6048313975334167,0.8919858932495117,1.173927664756775,1.414147973060608,2.3577029705047607,2.012648820877075,1.9316571950912476,1.5864059925079346,1.4101035594940186,1.389141321182251,1.2200530767440796,1.0151233673095703,0.7598592042922974,0.39022690057754517,0.4321290850639343,0.45113781094551086,0.5946071147918701,0.8860066533088684,1.095410943031311,2.9873549938201904,2.647758960723877,2.461346387863159,2.1801602840423584,1.8813055753707886,1.7383179664611816,1.6544491052627563,1.3419992923736572,1.1136919260025024,1.1882128715515137,0.9029268622398376,1.1420187950134277,1.0082734823226929,1.3005658388137817,1.5399712324142456,3.152894973754883,2.837078094482422,2.669919967651367,2.3288285732269287,2.076565742492676,1.9522119760513306,1.7905999422073364,1.5275497436523438,1.3038280010223389,1.2776761054992676,1.0245978832244873,1.1721423864364624,0.9430967569351196,1.2607113122940063,1.412170171737671
B11,2.3048176765441895,1.9886592626571655,1.8935168981552124,1.5432004928588867,1.358931064605713,1.3198347091674805,1.1277174949645996,1.077950358390808,0.797223687171936,0.5517621040344238,0.5494837760925293,0.6011489629745483,0.6626496315002441,0.9907259941101074,1.0927037000656128,2.4768121242523193,2.1549863815307617,1.9463746547698975,1.6252895593643188,1.3660087585449219,1.1616160869598389,0.9406878352165222,0.7228164076805115,0.5729190707206726,0.3839845359325409,0.0,0.37733590602874756,0.5878074169158936,0.8853604197502136,1.1760879755020142,2.612469434738159,2.2573068141937256,2.134843587875366,1.8090238571166992,1.5650827884674072,1.4884207248687744,1.3395143747329712,1.0380265712738037,0.892480194568634,0.6241905093193054,0.731996476650238,0.8309252262115479,0.8919973969459534,1.213233232498169,1.3620179891586304,2.843418598175049,2.4989969730377197,2.3602025508880615,2.054877519607544,1.7989981174468994,1.7162672281265259,1.6025714874267578,1.361718773841858,1.0814659595489502,1.0582009553909302,0.777411937713623,0.939423143863678,0.7334073185920715,1.052101731300354,1.2299081087112427,2.9004924297332764,2.5979511737823486,2.3937737941741943,2.060366630554199,1.7925801277160645,1.6226152181625366,1.4623733758926392,1.1685994863510132,0.9823009967803955,1.0041851997375488,0.7474018931388855,0.9921857714653015,0.8795143365859985,1.2235502004623413,1.46384859085083
B12,1.9517266750335693,1.6321208477020264,1.5202561616897583,1.1766517162322998,0.9821910262107849,0.9735175371170044,0.8299143314361572,0.8418010473251343,0.5567938089370728,0.4213196337223053,0.63555908203125,0.827959418296814,0.9852643013000488,1.3215042352676392,1.4595508575439453,2.6574625968933105,2.344987154006958,2.1617302894592285,1.8082009553909302,1.60763680934906,1.4303324222564697,1.14110267162323,1.013850450515747,0.9070317149162292,0.6048313975334167,0.37733590602874756,0.0,0.3823484778404236,0.5767513513565063,0.8543123006820679,2.4812684059143066,2.1340606212615967,1.953421711921692,1.642163634300232,1.350379467010498,1.2130908966064453,1.0918492078781128,0.7427255511283875,0.6961837410926819,0.6036836504936218,0.7984161972999573,1.017478585243225,1.1588492393493652,1.4825445413589478,1.685062289237976,3.1205251216888428,2.785344362258911,2.6596994400024414,2.3301267623901367,2.1055891513824463,2.011603832244873,1.8423672914505005,1.6161301136016846,1.376549482345581,1.282899260520935,0.9480586051940918,0.977982223033905,0.6667845845222473,0.8745652437210083,1.031518578529358,2.9195001125335693,2.604522228240967,2.378600835800171,2.0861406326293945,1.7689156532287598,1.5984865427017212,1.5278667211532593,1.192187786102295,0.9865590929985046,1.133394718170166,0.9751881957054138,1.287530541419983,1.2332236766815186,1.5880234241485596,1.824596881866455
B13,2.0129055976867676,1.6623190641403198,1.5427929162979126,1.262406349182129,0.9735099077224731,0.9598507285118103,0.947467029094696,0.8424860239028931,0.4711540937423706,0.5730350017547607,0.6513472199440002,0.9629655480384827,1.0523037910461426,1.4216424226760864,1.597495198249817,2.9496309757232666,2.6186559200286865,2.456664562225342,2.1155385971069336,1.885925054550171,1.729251742362976,1.4819550514221191,1.3065972328186035,1.1358225345611572,0.8919858932495117,0.5878074169158936,0.3823484778404236,0.0,0.3714851438999176,0.6220759153366089,2.8101139068603516,2.4745335578918457,2.263761281967163,1.9513506889343262,1.6495788097381592,1.4429317712783813,1.2817578315734863,0.9003190398216248,0.9939746856689453,0.94721519947052,1.0488697290420532,1.3002042770385742,1.3621926307678223,1.7172715663909912,1.9060152769088745,2.9546732902526855,2.6360924243927,2.5355474948883057,2.1799228191375732,2.010209798812866,1.936872959136963,1.7171627283096313,1.5609623193740845,1.3377673625946045,1.146499514579773,0.8328996896743774,0.7255574464797974,0.35162073373794556,0.5317703485488892,0.6623238325119019,2.564875602722168,2.2531676292419434,2.0122480392456055,1.7370541095733643,1.403978705406189,1.2343244552612305,1.2125227451324463,0.8822567462921143,0.6522701978683472,0.8812269568443298,0.8395136594772339,1.2011725902557373,1.2613319158554077,1.6226993799209595,1.8766976594924927
