,A1,A2,A3,A4,A5,A6,A7,A8,A9,A10,A11,A12,A13,A14,A15,B1,B2,B3,B4,B5,B6,B7,B8,B9,B10,B11,B12,B13,B14,B15,C1,C2,C3,C4,C5,C6,C7,C8,C9,C10,C11,C12,C13,C14,C15,D1,D2,D3,D4,D5,D6,D7,D8,D9,D10,D11,D12,D13,D14,D15,E1,E2,E3,E4,E5,E6,E7,E8,E9,E10,E11,E12,E13,E14,E15
A1,0.0,0.3898378908634186,0.6761686205863953,0.8298341631889343,1.1478197574615479,1.3970732688903809,1.671205997467041,1.9290049076080322,2.239983320236206,2.4750442504882812,2.800537109375,3.041814088821411,3.23720121383667,3.5908656120300293,3.666804790496826,0.4375685453414917,0.23347994685173035,0.524993360042572,0.798789381980896,1.0701851844787598,1.3388919830322266,1.6141303777694702,1.8639867305755615,2.1841318607330322,2.4015934467315674,2.739638566970825,2.955869674682617,3.156489849090576,3.5078747272491455,3.5771939754486084,0.7451087236404419,0.6604033708572388,1.0287690162658691,1.1258975267410278,1.3126435279846191,1.6348202228546143,1.7042248249053955,2.092496871948242,2.2574961185455322,2.5544235706329346,2.828509569168091,2.986124277114868,3.286597490310669,3.5741753578186035,3.6756789684295654,1.1126289367675781,1.0989266633987427,1.3893694877624512,1.2845548391342163,1.5445556640625,1.7661799192428589,1.863649606704712,2.2376134395599365,2.407259225845337,2.7340281009674072,2.990687131881714,3.2097108364105225,3.488785743713379,3.7999422550201416,3.9333224296569824,1.0578287839889526,1.2520062923431396,1.3703584671020508,1.2251614332199097,1.5901893377304077,1.7260794639587402,1.9162756204605103,2.2322635650634766,2.433427333831787,2.75494384765625,3.0114479064941406,3.278142213821411,3.5158231258392334,3.8554322719573975,3.985482692718506
A2,0.3898378908634186,0.0,0.3939264416694641,0.6059495210647583,0.8362897038459778,1.1471378803253174,1.383407711982727,1.6528147459030151,1.9629955291748047,2.184847354888916,2.52203369140625,2.7341058254241943,2.9464986324310303,3.2916033267974854,3.363511323928833,0.7754675149917603,0.39938682317733765,0.3277140259742737,0.6500222086906433,0.8046130537986755,1.1390680074691772,1.3574042320251465,1.6289619207382202,1.9357266426086426,2.148057699203491,2.4901368618011475,2.675044059753418,2.899101734161377,3.238419771194458,3.3083250522613525,0.9271156191825867,0.8153738379478455,1.1090569496154785,1.069119930267334,1.2643182277679443,1.5250335931777954,1.5603762865066528,1.9520788192749023,2.0712783336639404,2.4016671180725098,2.6407954692840576,2.8223321437835693,3.132721424102783,3.414893388748169,3.5501880645751953,1.1158368587493896,1.115991234779358,1.3208532333374023,1.1290993690490723,1.4209747314453125,1.5671086311340332,1.6837302446365356,2.038961172103882,2.1998534202575684,2.5426177978515625,2.782351493835449,3.0372323989868164,3.299777030944824,3.62135648727417,3.77148699760437,0.9567548036575317,1.0942305326461792,1.1085795164108276,0.926877498626709,1.3035938739776611,1.4066048860549927,1.6428248882293701,1.9248932600021362,2.1559672355651855,2.460880756378174,2.730194091796875,3.0077295303344727,3.2215089797973633,3.5715978145599365,3.6888976097106934
A3,0.6761686205863953,0.3939264416694641,0.0,0.38563817739486694,0.5454540252685547,0.8156901001930237,1.0949660539627075,1.3096412420272827,1.6459105014801025,1.839782476425171,2.1857619285583496,2.4022979736328125,2.5916595458984375,2.943359851837158,3.004303455352783,0.9367095828056335,0.5808314681053162,0.20775765180587769,0.4924081861972809,0.5110539793968201,0.8188604712486267,1.0553243160247803,1.277586817741394,1.6066678762435913,1.7870161533355713,2.1415493488311768,2.3215491771698,2.5286529064178467,2.872453451156616,2.93070387840271,1.1869068145751953,0.959538996219635,1.1534221172332764,1.0599753856658936,1.1479568481445312,1.3837379217147827,1.3290170431137085,1.7264684438705444,1.7941354513168335,2.122687339782715,2.339231252670288,2.4986178874969482,2.8254623413085938,3.088714599609375,3.2345426082611084,1.3962311744689941,1.3147234916687012,1.4374984502792358,1.16384756565094,1.3895081281661987,1.4760503768920898,1.5208766460418701,1.8798131942749023,1.9809622764587402,2.345320463180542,2.546842336654663,2.807905912399292,3.083831548690796,3.3918111324310303,3.5701355934143066,1.2461509704589844,1.2811764478683472,1.2025631666183472,0.9074128270149231,1.24264395236969,1.239753007888794,1.4627354145050049,1.7142643928527832,1.9140257835388184,2.236830711364746,2.474430799484253,2.781061887741089,2.9837679862976074,3.333512783050537,3.4740700721740723
A4,0.8298341631889343,0.6059495210647583,0.38563817739486694,0.0,0.3860030770301819,0.5832971334457397,0.848577618598938,1.1172994375228882,1.412275791168213,1.6665352582931519,1.9786350727081299,2.2315385341644287,2.4370453357696533,2.7872374057769775,2.889880895614624,0.9791531562805176,0.6451321244239807,0.3495166301727295,0.16572177410125732,0.2559521496295929,0.5497371554374695,0.7846599817276001,1.0636401176452637,1.3613063097000122,1.6026861667633057,1.9265810251235962,2.1490631103515625,2.369351625442505,2.7136878967285156,2.813492774963379,1.0857820510864258,0.8089774250984192,0.8807757496833801,0.7184000015258789,0.7837677001953125,0.9987578988075256,0.9685223698616028,1.3642314672470093,1.4684337377548218,1.7969788312911987,2.036875009536743,2.221250534057617,2.527679443359375,2.8139631748199463,2.9518582820892334,1.2777241468429565,1.1073460578918457,1.1590690612792969,0.859017550945282,1.028583288192749,1.1237915754318237,1.147943139076233,1.518660306930542,1.6330623626708984,1.9873944520950317,2.208214044570923,2.4552950859069824,2.7325873374938965,3.042558431625366,3.2077059745788574,1.1922718286514282,1.123110294342041,1.0495251417160034,0.7107999324798584,0.9931501746177673,1.0059901475906372,1.1581124067306519,1.457465410232544,1.626325249671936,1.9639675617218018,2.1976773738861084,2.483790874481201,2.715512275695801,3.053858757019043,3.2035951614379883
A5,1.1478197574615479,0.8362897038459778,0.5454540252685547,0.3860030770301819,0.0,0.3848327398300171,0.5602782368659973,0.8298700451850891,1.1312378644943237,1.3565858602523804,1.6887140274047852,1.9037487506866455,2.125474214553833,2.467270851135254,2.5618679523468018,1.3518778085708618,0.9975636601448059,0.6431131958961487,0.5333338975906372,0.1771022379398346,0.49428096413612366,0.5593041777610779,0.851262629032135,1.123270034790039,1.343618631362915,1.674140214920044,1.8507304191589355,2.097165107727051,2.4262537956237793,2.523162603378296,1.425592303276062,1.1795722246170044,1.2090984582901,0.9597328305244446,0.9909982681274414,1.0788644552230835,0.9696319103240967,1.3322237730026245,1.3447872400283813,1.706404685974121,1.8847421407699585,2.089002847671509,2.4072651863098145,2.676342725753784,2.8550305366516113,1.5021162033081055,1.362311601638794,1.3288761377334595,0.9682037234306335,1.1225643157958984,1.0816469192504883,1.1006827354431152,1.419673204421997,1.4940427541732788,1.8670819997787476,2.047936201095581,2.3381431102752686,2.5947961807250977,2.9092721939086914,3.0999975204467773,1.3516300916671753,1.227782964706421,1.026850938796997,0.6455496549606323,0.8556800484657288,0.741797685623169,0.9537525177001953,1.1768205165863037,1.3749351501464844,1.69414484500885,1.932556390762329,2.2423338890075684,2.4386661052703857,2.789639949798584,2.93078351020813
A6,1.3970732688903809,1.1471378803253174,0.8156901001930237,0.5832971334457397,0.3848327398300171,0.0,0.3794524073600769,0.54144686460495,0.8574654459953308,1.0937669277191162,1.4055266380310059,1.6707977056503296,1.86003577709198,2.213798761367798,2.3225929737091064,1.5040885210037231,1.2113186120986938,0.8824889659881592,0.6618191003799438,0.35069355368614197,0.2002541869878769,0.26984623074531555,0.4891340136528015,0.7952337265014648,1.0201016664505005,1.3481650352478027,1.5688823461532593,1.7878080606460571,2.1310980319976807,2.2397379875183105,1.6217328310012817,1.317588210105896,1.2510024309158325,1.0083056688308716,0.892596423625946,0.9283272624015808,0.7008298635482788,1.0464003086090088,1.015710711479187,1.3593276739120483,1.536923885345459,1.7161744832992554,2.0422630310058594,2.304971694946289,2.478189706802368,1.7564287185668945,1.5457583665847778,1.4668291807174683,1.1072516441345215,1.1320499181747437,1.0607173442840576,0.947230875492096,1.2641633749008179,1.2565892934799194,1.638792872428894,1.784013271331787,2.0541744232177734,2.336207389831543,2.628136157989502,2.837584972381592,1.661976933479309,1.4931317567825317,1.304134726524353,0.9159921407699585,1.0108461380004883,0.8143683075904846,0.8867626190185547,1.0922256708145142,1.1871320009231567,1.543451189994812,1.7212319374084473,2.0477802753448486,2.2577757835388184,2.592442512512207,2.7725989818573
A7,1.671205997467041,1.383407711982727,1.0949660539627075,0.848577618598938,0.5602782368659973,0.3794524073600769,0.0,0.3993256092071533,0.5921704173088074,0.8823566436767578,1.170027494430542,1.4100291728973389,1.6545672416687012,1.9857258796691895,2.127598285675049,1.810279369354248,1.4928215742111206,1.1700407266616821,0.9320685267448425,0.6094828248023987,0.5341600775718689,0.18218688666820526,0.4977298378944397,0.6170949339866638,0.9013072848320007,1.1760822534561157,1.3695036172866821,1.6474623680114746,1.9593524932861328,2.106781005859375,1.8118023872375488,1.550049066543579,1.4422675371170044,1.1257402896881104,1.0438401699066162,0.9370419979095459,0.7286487817764282,0.9720519185066223,0.8795005083084106,1.2610431909561157,1.3825076818466187,1.6283663511276245,1.931345820426941,2.2006616592407227,2.40950870513916,1.8319215774536133,1.6338948011398315,1.4702116250991821,1.0955373048782349,1.0898960828781128,0.8921449780464172,0.798139750957489,1.0255557298660278,1.0103843212127686,1.3920565843582153,1.5249332189559937,1.8385714292526245,2.0830142498016357,2.3921549320220947,2.60441255569458,1.7195464372634888,1.4846079349517822,1.2298088073730469,0.8727176785469055,0.8264846205711365,0.5315050482749939,0.5730515718460083,0.7164929509162903,0.8386180996894836,1.1777907609939575,1.382973551750183,1.7064627408981323,1.904416561126709,2.2484488487243652,2.4115519523620605
A8,1.9290049076080322,1.6528147459030151,1.3096412420272827,1.1172994375228882,0.8298700451850891,0.54144686460495,0.3993256092071533,0.0,0.38048210740089417,0.5523403882980347,0.8773345947265625,1.1336523294448853,1.3211665153503418,1.6726222038269043,1.7906482219696045,2.041964530944824,1.750409483909607,1.4078396558761597,1.199750304222107,0.8694508671760559,0.6697681546211243,0.4035034775733948,0.2529875636100769,0.3624647259712219,0.5242458581924438,0.8500417470932007,1.032360315322876,1.277626395225525,1.6059327125549316,1.7306020259857178,2.1395671367645264,1.8426331281661987,1.7281811237335205,1.4507379531860352,1.2896347045898438,1.1837238073349,0.8751553893089294,1.046332597732544,0.825191855430603,1.1553350687026978,1.2033374309539795,1.3883856534957886,1.7227704524993896,1.9460911750793457,2.174130439758301,2.2126193046569824,2.0020859241485596,1.8486629724502563,1.4804370403289795,1.4351587295532227,1.2328593730926514,1.052067756652832,1.227103590965271,1.0852727890014648,1.4584892988204956,1.496963381767273,1.8015245199203491,2.0605759620666504,2.331204652786255,2.5851831436157227,2.0996713638305664,1.8802814483642578,1.6216884851455688,1.2612805366516113,1.2144452333450317,0.881584107875824,0.8721335530281067,0.8782655000686646,0.879234254360199,1.208011507987976,1.3147944211959839,1.6838968992233276,1.8459233045578003,2.1768085956573486,2.3766438961029053
A9,2.239983320236206,1.9629955291748047,1.6459105014801025,1.412275791168213,1.1312378644943237,0.8574654459953308,0.5921704173088074,0.38048210740089417,0.0,0.3851044178009033,0.5844669938087463,0.8713456988334656,1.1052619218826294,1.4294039011001587,1.609527349472046,2.341438055038452,2.0529091358184814,1.7291934490203857,1.4792512655258179,1.1715749502182007,0.9644793272018433,0.6325646042823792,0.5199624300003052,0.2237577736377716,0.4574766159057617,0.6154481768608093,0.812283992767334,1.1102564334869385,1.399584412574768,1.5902113914489746,2.3630685806274414,2.0819592475891113,1.914732813835144,1.6082440614700317,1.438733458518982,1.23313570022583,0.9452296495437622,0.9688134789466858,0.6679981350898743,0.9777798056602478,0.9441742300987244,1.1930956840515137,1.4891093969345093,1.7176704406738281,1.974195957183838,2.3821256160736084,2.1579110622406006,1.9422804117202759,1.591620922088623,1.4839661121368408,1.2134581804275513,1.005405068397522,1.055155873298645,0.8411136865615845,1.1805649995803833,1.166274905204773,1.4949899911880493,1.7255642414093018,1.9955060482025146,2.259166717529297,2.2858355045318604,2.016540288925171,1.7445865869522095,1.425179362297058,1.2749207019805908,0.9302991032600403,0.8034777045249939,0.6957768797874451,0.5713215470314026,0.8795323967933655,0.9405738711357117,1.3149060010910034,1.4770170450210571,1.8005245923995972,2.011598825454712
A10,2.4750442504882812,2.184847354888916,1.839782476425171,1.6665352582931519,1.3565858602523804,1.0937669277191162,0.8823566436767578,0.5523403882980347,0.3851044178009033,0.0,0.3830599784851074,0.5931043028831482,0.775703489780426,1.1210442781448364,1.2555125951766968,2.5924344062805176,2.3010668754577637,1.9519286155700684,1.7508339881896973,1.4155700206756592,1.2130845785140991,0.9272521734237671,0.7014474272727966,0.4778774678707123,0.31752729415893555,0.46406319737434387,0.4981924891471863,0.8033941388130188,1.088670253753662,1.2405716180801392,2.677734375,2.38649320602417,2.2468302249908447,1.955414891242981,1.777484655380249,1.601448893547058,1.2879103422164917,1.3079694509506226,0.9681963920593262,1.1960517168045044,1.0646655559539795,1.2288570404052734,1.5379509925842285,1.6901013851165771,1.978309154510498,2.710031509399414,2.5031700134277344,2.305647850036621,1.944736361503601,1.8609834909439087,1.590797781944275,1.3899158239364624,1.422561764717102,1.175563931465149,1.4745066165924072,1.3774441480636597,1.6953694820404053,1.9058126211166382,2.1350698471069336,2.4322123527526855,2.5855813026428223,2.3382019996643066,2.043245792388916,1.7195136547088623,1.5929450988769531,1.2221091985702515,1.1571871042251587,0.9715196490287781,0.8549349308013916,1.0598844289779663,1.0384865999221802,1.4355823993682861,1.5136300325393677,1.8239995241165161,2.0436153411865234
A11,2.800537109375,2.52203369140625,2.1857619285583496,1.9786350727081299,1.6887140274047852,1.4055266380310059,1.170027494430542,0.8773345947265625,0.5844669938087463,0.3830599784851074,0.0,0.3961867690086365,0.561415433883667,0.8673703074455261,1.087475299835205,2.891685724258423,2.615011215209961,2.282445192337036,2.0462863445281982,1.734445333480835,1.501255989074707,1.2052900791168213,0.9804666042327881,0.6559650301933289,0.5104765295982361,0.2861315906047821,0.28855299949645996,0.6210926175117493,0.8419520854949951,1.0837576389312744,2.942107677459717,2.6510465145111084,2.4679484367370605,2.173342704772949,1.971623420715332,1.7427011728286743,1.4416630268096924,1.3519703149795532,0.9803390502929688,1.1081401109695435,0.8677942752838135,1.0352323055267334,1.2888551950454712,1.413278341293335,1.7290664911270142,2.9604990482330322,2.732550621032715,2.4988527297973633,2.1595752239227295,2.021742820739746,1.7301558256149292,1.4988330602645874,1.4427984952926636,1.1343307495117188,1.3510699272155762,1.1646336317062378,1.461980938911438,1.6425830125808716,1.8365503549575806,2.152841091156006,2.860337018966675,2.58229398727417,2.2942683696746826,1.992944359779358,1.81330144405365,1.4588475227355957,1.31361985206604,1.086807370185852,0.85483318567276,0.9745288491249084,0.8196755647659302,1.1987483501434326,1.2564904689788818,1.526445746421814,1.7808533906936646
A12,3.041814088821411,2.7341058254241943,2.4022979736328125,2.2315385341644287,1.9037487506866455,1.6707977056503296,1.4100291728973389,1.1336523294448853,0.8713456988334656,0.5931043028831482,0.3961867690086365,0.0,0.378093957901001,0.5987138748168945,0.808806300163269,3.1744191646575928,2.8723840713500977,2.520972967147827,2.318854570388794,1.9787236452102661,1.7954317331314087,1.4816209077835083,1.2870899438858032,0.9972696900367737,0.8198248147964478,0.6498279571533203,0.34622490406036377,0.6757373809814453,0.7473588585853577,0.9649429321289062,3.216794729232788,2.943626642227173,2.7859697341918945,2.4730417728424072,2.306042194366455,2.0765106678009033,1.7923165559768677,1.7191095352172852,1.3566069602966309,1.492384433746338,1.226051926612854,1.3788918256759644,1.59463369846344,1.6647326946258545,2.0025248527526855,3.1902103424072266,2.9956114292144775,2.7563633918762207,2.408971071243286,2.3060550689697266,1.9860196113586426,1.8042237758636475,1.7176591157913208,1.4380406141281128,1.6251051425933838,1.4163062572479248,1.7289588451385498,1.8439104557037354,2.025186538696289,2.3451671600341797,3.054389476776123,2.780151128768921,2.457946538925171,2.1812477111816406,1.9902199506759644,1.6213878393173218,1.5295928716659546,1.2250354290008545,1.0598572492599487,1.0585274696350098,0.9025739431381226,1.2548365592956543,1.1942824125289917,1.4608975648880005,1.6758778095245361
A13,3.23720121383667,2.9464986324310303,2.5916595458984375,2.4370453357696533,2.125474214553833,1.86003577709198,1.6545672416687012,1.3211665153503418,1.1052619218826294,0.775703489780426,0.561415433883667,0.378093957901001,0.0,0.37088051438331604,0.5305940508842468,3.3448688983917236,3.06523060798645,2.712494373321533,2.5192418098449707,2.1867215633392334,1.9654731750488281,1.696838617324829,1.4287511110305786,1.1706533432006836,0.8929502964019775,0.681907057762146,0.3103823661804199,0.38882705569267273,0.3863607347011566,0.5911747813224792,3.448646306991577,3.1506826877593994,2.991553544998169,2.7059316635131836,2.5011837482452393,2.2940733432769775,1.9774010181427002,1.8953765630722046,1.5181348323822021,1.5840339660644531,1.2866045236587524,1.329516887664795,1.5418717861175537,1.5318254232406616,1.8702741861343384,3.472480297088623,3.2617976665496826,3.04032039642334,2.6907639503479004,2.574429988861084,2.278883457183838,2.0587804317474365,1.9944617748260498,1.681254267692566,1.8559497594833374,1.6092551946640015,1.8657578229904175,1.998292326927185,2.1230385303497314,2.4635918140411377,3.3447015285491943,3.084113597869873,2.773444890975952,2.4729042053222656,2.309427499771118,1.9372777938842773,1.840777039527893,1.5699193477630615,1.3757680654525757,1.4030898809432983,1.1942691802978516,1.5219858884811401,1.4523404836654663,1.659035086631775,1.904844045639038
A14,3.5908656120300293,3.2916033267974854,2.943359851837158,2.7872374057769775,2.467270851135254,2.213798761367798,1.9857258796691895,1.6726222038269043,1.4294039011001587,1.1210442781448364,0.8673703074455261,0.5987138748168945,0.37088051438331604,0.0,0.3554765582084656,3.7062418460845947,3.4204304218292236,3.066466808319092,2.8709681034088135,2.535322666168213,2.3234641551971436,2.03930926322937,1.7896517515182495,1.5110516548156738,1.2575180530548096,1.0087586641311646,0.6648431420326233,0.6687600016593933,0.4126734733581543,0.6148481369018555,3.7875304222106934,3.498342275619507,3.3310208320617676,3.034776449203491,2.836934804916382,2.607630968093872,2.306226968765259,2.1917548179626465,1.8165431022644043,1.85133957862854,1.5182706117630005,1.555106520652771,1.7002419233322144,1.639182448387146,1.98590087890625,3.783154010772705,3.5782711505889893,3.33797550201416,2.995258092880249,2.8717613220214844,2.5570714473724365,2.348513126373291,2.238175392150879,1.923069953918457,2.0441794395446777,1.758795142173767,1.995128870010376,2.069042921066284,2.1553072929382324,2.497269630432129,3.650643825531006,3.3778750896453857,3.0565385818481445,2.777242422103882,2.587700366973877,2.220048427581787,2.1150543689727783,1.8092398643493652,1.6089054346084595,1.556678056716919,1.3068724870681763,1.5693025588989258,1.4217289686203003,1.5671623945236206,1.7980839014053345
A15,3.666804790496826,3.363511323928833,3.004303455352783,2.889880895614624,2.5618679523468018,2.3225929737091064,2.127598285675049,1.7906482219696045,1.609527349472046,1.2555125951766968,1.087475299835205,0.808806300163269,0.5305940508842468,0.3554765582084656,0.0,3.7957849502563477,3.5088000297546387,3.1429195404052734,2.9842238426208496,2.6374032497406006,2.438406467437744,2.1805381774902344,1.9087510108947754,1.6838102340698242,1.3800864219665527,1.2027453184127808,0.832592248916626,0.7591854929924011,0.5122838616371155,0.4716079831123352,3.9276282787323,3.6320152282714844,3.494412422180176,3.2089667320251465,3.0130550861358643,2.8172247409820557,2.4976658821105957,2.4256279468536377,2.0481550693511963,2.0988759994506836,1.785141944885254,1.7811007499694824,1.9569905996322632,1.8683230876922607,2.202637195587158,3.9422948360443115,3.7516493797302246,3.536809206008911,3.1800191402435303,3.0850744247436523,2.7814598083496094,2.5790417194366455,2.506667375564575,2.1997570991516113,2.3542978763580322,2.085003137588501,2.3244051933288574,2.4159862995147705,2.500283718109131,2.8450326919555664,3.7889087200164795,3.5416452884674072,3.211829900741577,2.9204328060150146,2.765465021133423,2.3862154483795166,2.3261241912841797,2.026024580001831,1.8650152683258057,1.8380063772201538,1.6239887475967407,1.9059584140777588,1.7506271600723267,1.904167890548706,2.114515781402588
B1,0.4375685453414917,0.7754675149917603,0.9367095828056335,0.9791531562805176,1.3518778085708618,1.5040885210037231,1.810279369354248,2.041964530944824,2.341438055038452,2.5924344062805176,2.891685724258423,3.1744191646575928,3.3448688983917236,3.7062418460845947,3.7957849502563477,0.0,0.39843204617500305,0.7483733296394348,0.8813957571983337,1.2262588739395142,1.3906995058059692,1.7143290042877197,1.9262807369232178,2.2482588291168213,2.4713258743286133,2.7922568321228027,3.0512619018554688,3.2202248573303223,3.5826683044433594,3.6602089405059814,0.7029301524162292,0.5310177206993103,0.8661952018737793,1.100024700164795,1.2146581411361694,1.5843662023544312,1.6676244735717773,2.035712957382202,2.2423784732818604,2.4890427589416504,2.7976088523864746,2.922280788421631,3.2054145336151123,3.4953651428222656,3.5560507774353027,1.2513738870620728,1.1363918781280518,1.4422516822814941,1.3901444673538208,1.5640084743499756,1.8432081937789917,1.8838530778884888,2.2721128463745117,2.428253412246704,2.7342984676361084,2.9964122772216797,3.1671955585479736,3.468442916870117,3.7581331729888916,3.8783226013183594,1.3184758424758911,1.4684745073318481,1.636492371559143,1.4711894989013672,1.7975106239318848,1.932604432106018,2.0504040718078613,2.396517276763916,2.5418496131896973,2.8866474628448486,3.1116394996643066,3.3678929805755615,3.6345250606536865,3.955329418182373,4.111886978149414
B2,0.23347994685173035,0.39938682317733765,0.5808314681053162,0.6451321244239807,0.9975636601448059,1.2113186120986938,1.4928215742111206,1.750409483909607,2.0529091358184814,2.3010668754577637,2.615011215209961,2.8723840713500977,3.06523060798645,3.4204304218292236,3.5088000297546387,0.39843204617500305,0.0,0.3875871002674103,0.5872721076011658,0.8957349061965942,1.1362755298614502,1.422290325164795,1.6714056730270386,1.9869892597198486,2.215817928314209,2.545090913772583,2.777552604675293,2.975383758544922,3.32887864112854,3.4099819660186768,0.6941432952880859,0.49999329447746277,0.8329833745956421,0.9226633906364441,1.0840818881988525,1.4124590158462524,1.4777528047561646,1.864923357963562,2.036851406097412,2.3271560668945312,2.607714891433716,2.7648959159851074,3.060685873031616,3.351848602294922,3.44948673248291,1.091410517692566,1.0010533332824707,1.2575457096099854,1.1286523342132568,1.3558454513549805,1.5815098285675049,1.6539071798324585,2.034803867340088,2.195540189743042,2.5210745334625244,2.7763149738311768,2.987100601196289,3.2718217372894287,3.578444719314575,3.7128748893737793,1.0679571628570557,1.1916149854660034,1.296321988105774,1.1086050271987915,1.4551981687545776,1.5787816047668457,1.7386475801467896,2.066117525100708,2.2455568313598633,2.577179431915283,2.8221404552459717,3.087273597717285,3.3344321250915527,3.6681711673736572,3.8090908527374268
B3,0.524993360042572,0.3277140259742737,0.20775765180587769,0.3495166301727295,0.6431131958961487,0.8824889659881592,1.1700407266616821,1.4078396558761597,1.7291934490203857,1.9519286155700684,2.282445192337036,2.520972967147827,2.712494373321533,3.066466808319092,3.1429195404052734,0.7483733296394348,0.3875871002674103,0.0,0.38741791248321533,0.5618427991867065,0.8452792763710022,1.1122207641601562,1.351613163948059,1.676140308380127,1.8827368021011353,2.2257001399993896,2.4325318336486816,2.6367952823638916,2.9856207370758057,3.0574896335601807,0.9958860874176025,0.7562221884727478,0.9718481302261353,0.9238528609275818,1.0316951274871826,1.3052979707717896,1.2930375337600708,1.6925948858261108,1.80294930934906,2.1186914443969727,2.3629350662231445,2.523608446121216,2.838454008102417,3.1149001121520996,3.2424464225769043,1.2614095211029053,1.1584961414337158,1.3138504028320312,1.0762860774993896,1.2979316711425781,1.4364986419677734,1.4856431484222412,1.8589677810668945,1.9817508459091187,2.333620548248291,2.5566225051879883,2.7981300354003906,3.0795094966888428,3.3871946334838867,3.5497469902038574,1.157477855682373,1.2043437957763672,1.187020182609558,0.9138311147689819,1.2552810907363892,1.3006821870803833,1.4911681413650513,1.779762864112854,1.9667305946350098,2.29767107963562,2.5364725589752197,2.8272361755371094,3.0506625175476074,3.3934977054595947,3.537160634994507
B4,0.798789381980896,0.6500222086906433,0.4924081861972809,0.16572177410125732,0.5333338975906372,0.6618191003799438,0.9320685267448425,1.199750304222107,1.4792512655258179,1.7508339881896973,2.0462863445281982,2.318854570388794,2.5192418098449707,2.8709681034088135,2.9842238426208496,0.8813957571983337,0.5872721076011658,0.38741791248321533,0.0,0.38137683272361755,0.5813438892364502,0.8468212485313416,1.1191173791885376,1.4113489389419556,1.6672248840332031,1.9789060354232788,2.224616765975952,2.4357821941375732,2.7840936183929443,2.8926265239715576,0.979707658290863,0.6731988191604614,0.7238540649414062,0.59939044713974,0.658052921295166,0.9190167784690857,0.9225650429725647,1.3183337450027466,1.46067476272583,1.770664930343628,2.0350475311279297,2.214001178741455,2.509956121444702,2.8048741817474365,2.924994707107544,1.2252198457717896,1.0184932947158813,1.0869626998901367,0.8189773559570312,0.9612929224967957,1.1074659824371338,1.118850588798523,1.5034053325653076,1.6282916069030762,1.970207691192627,2.205265522003174,2.4308340549468994,2.7159769535064697,3.021782636642456,3.175466299057007,1.1885374784469604,1.118760585784912,1.0962316989898682,0.7801839709281921,1.0483297109603882,1.0929847955703735,1.202545166015625,1.5283576250076294,1.674557089805603,2.0198919773101807,2.246173858642578,2.519695997238159,2.7686848640441895,3.0983200073242188,3.254751205444336
B5,1.0701851844787598,0.8046130537986755,0.5110539793968201,0.2559521496295929,0.1771022379398346,0.35069355368614197,0.6094828248023987,0.8694508671760559,1.1715749502182007,1.4155700206756592,1.734445333480835,1.9787236452102661,2.1867215633392334,2.535322666168213,2.6374032497406006,1.2262588739395142,0.8957349061965942,0.5618427991867065,0.38137683272361755,0.0,0.3852992355823517,0.556384265422821,0.8397363424301147,1.1321707963943481,1.3660352230072021,1.693411946296692,1.901660680770874,2.130835771560669,2.47037935256958,2.5718460083007812,1.323086142539978,1.0470898151397705,1.0608983039855957,0.8369181156158447,0.8409789204597473,0.9708122611045837,0.867863655090332,1.2509288787841797,1.2983089685440063,1.6441346406936646,1.8519552946090698,2.0431973934173584,2.358370780944824,2.6348071098327637,2.7943811416625977,1.4582163095474243,1.2841130495071411,1.2677273750305176,0.9220516085624695,1.05032217502594,1.0584967136383057,1.0491749048233032,1.3979054689407349,1.474257230758667,1.843809723854065,2.036494016647339,2.304037094116211,2.576418161392212,2.8848392963409424,3.0687739849090576,1.348075270652771,1.2286272048950195,1.0778918266296387,0.6980562806129456,0.9147987365722656,0.8364220857620239,0.9924708008766174,1.2540974617004395,1.4182384014129639,1.7565805912017822,1.980993390083313,2.2843258380889893,2.5008511543273926,2.8431296348571777,2.9973092079162598
B6,1.3388919830322266,1.1390680074691772,0.8188604712486267,0.5497371554374695,0.49428096413612366,0.2002541869878769,0.5341600775718689,0.6697681546211243,0.9644793272018433,1.2130845785140991,1.501255989074707,1.7954317331314087,1.9654731750488281,2.3234641551971436,2.438406467437744,1.3906995058059692,1.1362755298614502,0.8452792763710022,0.5813438892364502,0.3852992355823517,0.0,0.38074639439582825,0.544098973274231,0.862703263759613,1.0947588682174683,1.4110521078109741,1.666818380355835,1.860119342803955,2.212787628173828,2.3242125511169434,1.5356061458587646,1.2055609226226807,1.1164356470108032,0.9135282635688782,0.7472909688949585,0.8329620361328125,0.602184534072876,0.9756418466567993,0.9947885870933533,1.3101561069488525,1.5278379917144775,1.685970425605774,2.0072011947631836,2.2780203819274902,2.425297737121582,1.728927493095398,1.4878811836242676,1.4286131858825684,1.0939290523529053,1.0875263214111328,1.0740392208099365,0.9277464747428894,1.2757996320724487,1.2711533308029175,1.6435993909835815,1.802604079246521,2.041408061981201,2.3420896530151367,2.625018835067749,2.825347661972046,1.6730669736862183,1.5134953260421753,1.3727906942367554,0.9910798072814941,1.1017992496490479,0.9533050656318665,0.9785700440406799,1.2233452796936035,1.2827321290969849,1.6529821157455444,1.8141489028930664,2.1287970542907715,2.3603498935699463,2.683008909225464,2.876068353652954
B7,1.6141303777694702,1.3574042320251465,1.0553243160247803,0.7846599817276001,0.5593041777610779,0.26984623074531555,0.18218688666820526,0.4035034775733948,0.6325646042823792,0.9272521734237671,1.2052900791168213,1.4816209077835083,1.696838617324829,2.03930926322937,2.1805381774902344,1.7143290042877197,1.422290325164795,1.1122207641601562,0.8468212485313416,0.556384265422821,0.38074639439582825,0.0,0.3991237282752991,0.5907046794891357,0.8821931481361389,1.167567253112793,1.400449514389038,1.6479429006576538,1.9768112897872925,2.1207659244537354,1.7519160509109497,1.463499665260315,1.3391587734222412,1.0489659309387207,0.9178012609481812,0.838178813457489,0.5899549722671509,0.8695088028907776,0.8012772798538208,1.1699973344802856,1.3269305229187012,1.5481632947921753,1.8580690622329712,2.131976842880249,2.321249008178711,1.8282142877578735,1.6025104522705078,1.457022786140442,1.0930598974227905,1.057875633239746,0.9096971154212952,0.7618696093559265,1.033810019493103,1.003654956817627,1.388506531715393,1.526466727256775,1.8123522996902466,2.0818629264831543,2.380040168762207,2.5912575721740723,1.7441517114639282,1.5204054117202759,1.304736614227295,0.935153067111969,0.9227153658866882,0.6773151755332947,0.6674442887306213,0.8546004295349121,0.9199951887130737,1.282059907913208,1.457690715789795,1.7790182828903198,1.9957683086395264,2.3279082775115967,2.5096654891967773
B8,1.8639867305755615,1.6289619207382202,1.277586817741394,1.0636401176452637,0.851262629032135,0.4891340136528015,0.4977298378944397,0.2529875636100769,0.5199624300003052,0.7014474272727966,0.9804666042327881,1.2870899438858032,1.4287511110305786,1.7896517515182495,1.9087510108947754,1.9262807369232178,1.6714056730270386,1.351613163948059,1.1191173791885376,0.8397363424301147,0.544098973274231,0.3991237282752991,0.0,0.3809080123901367,0.5507495999336243,0.87861168384552,1.128509283065796,1.3178644180297852,1.6687591075897217,1.7894009351730347,2.0651233196258545,1.7411038875579834,1.6076778173446655,1.3685946464538574,1.153801441192627,1.0806245803833008,0.7346282005310059,0.926480770111084,0.734318733215332,1.0350213050842285,1.1374521255493164,1.281359314918518,1.6266053915023804,1.858103632926941,2.054884433746338,2.2016830444335938,1.9605004787445068,1.8277089595794678,1.4757415056228638,1.3992304801940918,1.2513033151626587,1.0203444957733154,1.2404779195785522,1.0878561735153198,1.4593408107757568,1.5090583562850952,1.7715753316879272,2.0639493465423584,2.319518804550171,2.5688982009887695,2.1231112480163574,1.9148670434951782,1.6996500492095947,1.3259172439575195,1.3101369142532349,1.0230751037597656,0.9718732833862305,1.0508266687393188,1.004050850868225,1.3602139949798584,1.4381219148635864,1.794458031654358,1.9862918853759766,2.299187183380127,2.5208349227905273
B9,2.1841318607330322,1.9357266426086426,1.6066678762435913,1.3613063097000122,1.123270034790039,0.7952337265014648,0.6170949339866638,0.3624647259712219,0.2237577736377716,0.4778774678707123,0.6559650301933289,0.9972696900367737,1.1706533432006836,1.5110516548156738,1.6838102340698242,2.2482588291168213,1.9869892597198486,1.676140308380127,1.4113489389419556,1.1321707963943481,0.862703263759613,0.5907046794891357,0.3809080123901367,0.0,0.383743017911911,0.5826626420021057,0.862341582775116,1.0991284847259521,1.4199433326721191,1.6011906862258911,2.308147430419922,2.0037076473236084,1.8226609230041504,1.5457770824432373,1.3312337398529053,1.1474032402038574,0.8194780945777893,0.8467143177986145,0.5366703271865845,0.8313894271850586,0.8429169058799744,1.0531080961227417,1.3723114728927612,1.6082956790924072,1.8412683010101318,2.3813183307647705,2.1322922706604004,1.9352080821990967,1.5929988622665405,1.4610341787338257,1.2354316711425781,0.9766566753387451,1.0740623474121094,0.8397135138511658,1.1857162714004517,1.1774802207946777,1.464592456817627,1.7337414026260376,1.9869223833084106,2.251066207885742,2.3096580505371094,2.0515217781066895,1.8114174604415894,1.4722789525985718,1.3552534580230713,1.0388869047164917,0.8912599682807922,0.8672857880592346,0.7117597460746765,1.047288417816162,1.0738283395767212,1.4346096515655518,1.622743844985962,1.925825834274292,2.1594529151916504
B10,2.4015934467315674,2.148057699203491,1.7870161533355713,1.6026861667633057,1.343618631362915,1.0201016664505005,0.9013072848320007,0.5242458581924438,0.4574766159057617,0.31752729415893555,0.5104765295982361,0.8198248147964478,0.8929502964019775,1.2575180530548096,1.3800864219665527,2.4713258743286133,2.215817928314209,1.8827368021011353,1.6672248840332031,1.3660352230072021,1.0947588682174683,0.8821931481361389,0.5507495999336243,0.383743017911911,0.0,0.3841148614883423,0.594161331653595,0.7712187767028809,1.118090271949768,1.2527967691421509,2.6085283756256104,2.288686990737915,2.1348845958709717,1.8818535804748535,1.653234601020813,1.507370114326477,1.1568528413772583,1.1798571348190308,0.8405168056488037,1.024103045463562,0.9324275255203247,1.027087926864624,1.3724963665008545,1.5267850160598755,1.7848964929580688,2.7090208530426025,2.4718236923217773,2.297349214553833,1.945827841758728,1.8347933292388916,1.6139956712722778,1.3593918085098267,1.4418623447418213,1.1725724935531616,1.4798492193222046,1.3897830247879028,1.6568180322647095,1.91624116897583,2.123638868331909,2.4220664501190186,2.615037441253662,2.3806917667388916,2.1233596801757812,1.773392915725708,1.6831547021865845,1.338028907775879,1.243005394935608,1.1479177474975586,0.9900906085968018,1.2554877996444702,1.205337405204773,1.5886716842651367,1.7106908559799194,1.9962257146835327,2.2467169761657715
B11,2.739638566970825,2.4901368618011475,2.1415493488311768,1.9265810251235962,1.674140214920044,1.3481650352478027,1.1760822534561157,0.8500417470932007,0.6154481768608093,0.46406319737434387,0.2861315906047821,0.6498279571533203,0.681907057762146,1.0087586641311646,1.2027453184127808,2.7922568321228027,2.545090913772583,2.2257001399993896,1.9789060354232788,1.693411946296692,1.4110521078109741,1.167567253112793,0.87861168384552,0.5826626420021057,0.3841148614883423,0.0,0.39182811975479126,0.5597503781318665,0.8599247932434082,1.0814588069915771,2.884683132171631,2.570655345916748,2.3756093978881836,2.112591028213501,1.869671106338501,1.6635769605636597,1.3339473009109497,1.2380644083023071,0.8610637187957764,0.9346175193786621,0.7088295221328735,0.8039057850837708,1.1022398471832275,1.2282989025115967,1.523280143737793,2.959306240081787,2.706376552581787,2.491849184036255,2.1593141555786133,1.9992977380752563,1.7480590343475342,1.4712632894515991,1.4585504531860352,1.1284350156784058,1.3551243543624878,1.1753194332122803,1.4205456972122192,1.6532416343688965,1.8244643211364746,2.143501043319702,2.883364677429199,2.6162071228027344,2.3572895526885986,2.0323750972747803,1.8829731941223145,1.5437158346176147,1.378899097442627,1.2271499633789062,0.9715377688407898,1.1606886386871338,0.9988051056861877,1.358955979347229,1.4633252620697021,1.7072639465332031,1.9874167442321777
B12,2.955869674682617,2.675044059753418,2.3215491771698,2.1490631103515625,1.8507304191589355,1.5688823461532593,1.3695036172866821,1.032360315322876,0.812283992767334,0.4981924891471863,0.28855299949645996,0.34622490406036377,0.3103823661804199,0.6648431420326233,0.832592248916626,3.0512619018554688,2.777552604675293,2.4325318336486816,2.224616765975952,1.901660680770874,1.666818380355835,1.400449514389038,1.128509283065796,0.862341582775116,0.594161331653595,0.39182811975479126,0.0,0.37827959656715393,0.597453236579895,0.8031530380249023,3.150519371032715,2.8488025665283203,2.6838347911834717,2.4025421142578125,2.1918413639068604,1.9894280433654785,1.66834557056427,1.5980579853057861,1.222222089767456,1.3154528141021729,1.0533159971237183,1.129347324371338,1.3856748342514038,1.4390490055084229,1.7640154361724854,3.1891896724700928,2.9680190086364746,2.751877784729004,2.4036340713500977,2.281273365020752,1.999043345451355,1.766759991645813,1.7286564111709595,1.4173041582107544,1.6265616416931152,1.4156163930892944,1.6856919527053833,1.8591609001159668,2.0167670249938965,2.3481521606445312,3.074795961380005,2.8142030239105225,2.5180320739746094,2.2061502933502197,2.051114559173584,1.6841206550598145,1.5744043588638306,1.3399523496627808,1.1361823081970215,1.231268286705017,1.0562269687652588,1.4193129539489746,1.4226185083389282,1.6659034490585327,1.921547770500183
B13,3.156489849090576,2.899101734161377,2.5286529064178467,2.369351625442505,2.097165107727051,1.7878080606460571,1.6474623680114746,1.277626395225525,1.1102564334869385,0.8033941388130188,0.6210926175117493,0.6757373809814453,0.38882705569267273,0.6687600016593933,0.7591854929924011,3.2202248573303223,2.975383758544922,2.6367952823638916,2.4357821941375732,2.130835771560669,1.860119342803955,1.6479429006576538,1.3178644180297852,1.0991284847259521,0.7712187767028809,0.5597503781318665,0.37827959656715393,0.0,0.37258675694465637,0.5271559953689575,3.3776352405548096,3.0532915592193604,2.884293794631958,2.635477066040039,2.3877105712890625,2.209477424621582,1.8654162883758545,1.7829105854034424,1.4092144966125488,1.4192317724227905,1.1397370100021362,1.0812276601791382,1.327633023262024,1.292249083518982,1.6068780422210693,3.467738389968872,3.229192018508911,3.0307540893554688,2.6866533756256104,2.5483407974243164,2.294590950012207,2.028291702270508,2.0089635848999023,1.6734365224838257,1.8614182472229004,1.620615839958191,1.825433611869812,2.015594244003296,2.1153345108032227,2.4607136249542236,3.3664143085479736,3.1186208724975586,2.838747262954712,2.5086066722869873,2.3780126571655273,2.015864133834839,1.8981757164001465,1.696539282798767,1.4699479341506958,1.578563928604126,1.3616093397140503,1.694695234298706,1.693299651145935,1.8841205835342407,2.1660587787628174
