0.000000000000000000e+00,3.862362802028656006e-01,7.363901734352111816e-01,8.610021471977233887e-01,1.199432969093322754e+00,1.434426665306091309e+00,1.737837433815002441e+00,2.042628765106201172e+00,2.360978364944458008e+00,2.676588058471679688e+00,2.988353252410888672e+00,3.279589414596557617e+00,3.527426004409790039e+00,3.837378501892089844e+00,4.081182003021240234e+00,1.699339747428894043e+00,1.384076595306396484e+00,1.513279557228088379e+00,1.677452683448791504e+00,1.564042329788208008e+00,1.946867227554321289e+00,1.928583025932312012e+00,2.332058429718017578e+00,2.489795446395874023e+00,2.827760457992553711e+00,3.076890468597412109e+00,3.278969764709472656e+00,3.590027332305908203e+00,3.848758459091186523e+00,4.138009548187255859e+00,1.181052088737487793e+00,9.014532566070556641e-01,1.060621619224548340e+00,1.271376371383666992e+00,1.317726492881774902e+00,1.702912211418151855e+00,1.776928782463073730e+00,2.183379650115966797e+00,2.360895395278930664e+00,2.740188360214233398e+00,2.988068342208862305e+00,3.227455854415893555e+00,3.539116621017456055e+00,3.798825502395629883e+00,4.103007316589355469e+00,1.181062817573547363e+00,9.798470735549926758e-01,1.099108815193176270e+00,1.295608878135681152e+00,1.278656601905822754e+00,1.656556010246276855e+00,1.797256588935852051e+00,2.098096370697021484e+00,2.439525842666625977e+00,2.701296567916870117e+00,3.018266201019287109e+00,3.324898719787597656e+00,3.538026809692382812e+00,3.885788202285766602e+00,4.088381290435791016e+00,1.002944111824035645e+00,6.906239986419677734e-01,6.789519786834716797e-01,1.075200557708740234e+00,1.131592512130737305e+00,1.480640053749084473e+00,1.691709637641906738e+00,2.033980369567871094e+00,2.300730943679809570e+00,2.620607376098632812e+00,2.890092372894287109e+00,3.186602830886840820e+00,3.422956228256225586e+00,3.740648984909057617e+00,3.978154182434082031e+00
3.862362802028656006e-01,0.000000000000000000e+00,3.967198133468627930e-01,6.131436228752136230e-01,8.807149529457092285e-01,1.177614331245422363e+00,1.436402559280395508e+00,1.767781257629394531e+00,2.076085090637207031e+00,2.397527933120727539e+00,2.716932773590087891e+00,2.984011173248291016e+00,3.252113342285156250e+00,3.546167135238647461e+00,3.793914079666137695e+00,1.407830715179443359e+00,1.079352736473083496e+00,1.205377697944641113e+00,1.323579192161560059e+00,1.225639462471008301e+00,1.601179838180541992e+00,1.596699714660644531e+00,2.001304864883422852e+00,2.150396108627319336e+00,2.500446557998657227e+00,2.736098527908325195e+00,2.957195997238159180e+00,3.255344867706298828e+00,3.521554231643676758e+00,3.809514522552490234e+00,9.548213481903076172e-01,6.631813645362854004e-01,8.272811174392700195e-01,9.475316405296325684e-01,1.030836820602416992e+00,1.389119625091552734e+00,1.483341097831726074e+00,1.880814552307128906e+00,2.051639795303344727e+00,2.438716173171997070e+00,2.671972990036010742e+00,2.934975385665893555e+00,3.230351924896240234e+00,3.501408100128173828e+00,3.804326772689819336e+00,1.396358609199523926e+00,1.110293984413146973e+00,1.158308863639831543e+00,1.245807051658630371e+00,1.128401756286621094e+00,1.513045668601989746e+00,1.577356696128845215e+00,1.895460367202758789e+00,2.213861942291259766e+00,2.465263843536376953e+00,2.798206567764282227e+00,3.077865600585937500e+00,3.313890933990478516e+00,3.654025554656982422e+00,3.862114906311035156e+00,1.211742401123046875e+00,8.367116451263427734e-01,6.610034108161926270e-01,9.818339347839355469e-01,9.188758134841918945e-01,1.266175746917724609e+00,1.439680099487304688e+00,1.778479218482971191e+00,2.068440914154052734e+00,2.367285728454589844e+00,2.665596246719360352e+00,2.940768003463745117e+00,3.189452409744262695e+00,3.507792472839355469e+00,3.739996671676635742e+00
7.363901734352111816e-01,3.967198133468627930e-01,0.000000000000000000e+00,3.869444131851196289e-01,5.326906442642211914e-01,8.348123431205749512e-01,1.083291411399841309e+00,1.402754664421081543e+00,1.725235342979431152e+00,2.029159307479858398e+00,2.362646102905273438e+00,2.616611242294311523e+00,2.883424997329711914e+00,3.175102472305297852e+00,3.413919448852539062e+00,1.432979226112365723e+00,1.099240779876708984e+00,1.165474534034729004e+00,1.159075260162353516e+00,1.016405701637268066e+00,1.351080894470214844e+00,1.291751980781555176e+00,1.694067835807800293e+00,1.800318837165832520e+00,2.156454563140869141e+00,2.374093294143676758e+00,2.585470199584960938e+00,2.889897346496582031e+00,3.145163536071777344e+00,3.441312551498413086e+00,1.104040622711181641e+00,8.111315965652465820e-01,8.610420227050781250e-01,8.200462460517883301e-01,8.356194496154785156e-01,1.146075367927551270e+00,1.182204842567443848e+00,1.573969364166259766e+00,1.699442982673645020e+00,2.095439672470092773e+00,2.306206941604614258e+00,2.567913293838500977e+00,2.865010499954223633e+00,3.128572463989257812e+00,3.439385414123535156e+00,1.564909815788269043e+00,1.256914854049682617e+00,1.185158848762512207e+00,1.197931408882141113e+00,9.650464057922363281e-01,1.313358068466186523e+00,1.302497148513793945e+00,1.596399188041687012e+00,1.910739898681640625e+00,2.131652832031250000e+00,2.482052326202392578e+00,2.746460437774658203e+00,2.984146833419799805e+00,3.325080394744873047e+00,3.523015737533569336e+00,1.297170519828796387e+00,9.230172038078308105e-01,6.115010380744934082e-01,7.774838209152221680e-01,6.169656515121459961e-01,9.221569895744323730e-01,1.087424755096435547e+00,1.404682159423828125e+00,1.716135263442993164e+00,1.994594931602478027e+00,2.308114528656005859e+00,2.578746318817138672e+00,2.822479248046875000e+00,3.145917892456054688e+00,3.368043184280395508e+00
8.610021471977233887e-01,6.131436228752136230e-01,3.869444131851196289e-01,0.000000000000000000e+00,3.909361362457275391e-01,5.976044535636901855e-01,8.848255872726440430e-01,1.198622703552246094e+00,1.500971078872680664e+00,1.828024864196777344e+00,2.132001876831054688e+00,2.423663139343261719e+00,2.678055524826049805e+00,2.983635663986206055e+00,3.239011049270629883e+00,1.616235494613647461e+00,1.242822289466857910e+00,1.188554883003234863e+00,1.169131636619567871e+00,9.167149662971496582e-01,1.241078972816467285e+00,1.124575734138488770e+00,1.521148681640625000e+00,1.662575602531433105e+00,1.985418081283569336e+00,2.246959686279296875e+00,2.433078527450561523e+00,2.750862598419189453e+00,3.008740901947021484e+00,3.292437553405761719e+00,1.249401807785034180e+00,8.881682753562927246e-01,7.633870840072631836e-01,7.533746361732482910e-01,6.005829572677612305e-01,9.510759115219116211e-01,9.345720410346984863e-01,1.344768047332763672e+00,1.505970835685729980e+00,1.881961822509765625e+00,2.136771678924560547e+00,2.371684312820434570e+00,2.683204889297485352e+00,2.945823907852172852e+00,3.244605779647827148e+00,1.343509912490844727e+00,1.016066431999206543e+00,8.758954405784606934e-01,8.312390446662902832e-01,5.785712003707885742e-01,9.348074197769165039e-01,9.703280925750732422e-01,1.282847881317138672e+00,1.604650497436523438e+00,1.860152482986450195e+00,2.187363862991333008e+00,2.476078033447265625e+00,2.705390691757202148e+00,3.046964883804321289e+00,3.256546020507812500e+00,1.151469945907592773e+00,7.808637619018554688e-01,5.400249361991882324e-01,5.899730324745178223e-01,3.707725703716278076e-01,7.595803737640380859e-01,8.622522354125976562e-01,1.236136198043823242e+00,1.484300255775451660e+00,1.806520223617553711e+00,2.087154388427734375e+00,2.356146335601806641e+00,2.618651390075683594e+00,2.924257755279541016e+00,3.173856019973754883e+00
1.199432969093322754e+00,8.807149529457092285e-01,5.326906442642211914e-01,3.909361362457275391e-01,0.000000000000000000e+00,3.969439864158630371e-01,5.578204989433288574e-01,9.107671976089477539e-01,1.201857805252075195e+00,1.528184533119201660e+00,1.846549630165100098e+00,2.104135274887084961e+00,2.380741119384765625e+00,2.667814254760742188e+00,2.923787117004394531e+00,1.543538212776184082e+00,1.201186656951904297e+00,1.107897400856018066e+00,9.599280953407287598e-01,6.961283683776855469e-01,9.477440118789672852e-01,7.961807250976562500e-01,1.191847801208496094e+00,1.297907471656799316e+00,1.639573574066162109e+00,1.879548311233520508e+00,2.082618474960327148e+00,2.390695333480834961e+00,2.652671098709106445e+00,2.939180374145507812e+00,1.318874716758728027e+00,1.021032929420471191e+00,8.724131584167480469e-01,6.689934730529785156e-01,5.030875802040100098e-01,7.094748616218566895e-01,6.612897515296936035e-01,1.049388408660888672e+00,1.173967123031616211e+00,1.565862298011779785e+00,1.793802022933959961e+00,2.055776119232177734e+00,2.350407123565673828e+00,2.622571229934692383e+00,2.923622369766235352e+00,1.705850243568420410e+00,1.367520093917846680e+00,1.193140625953674316e+00,1.051239490509033203e+00,7.017559409141540527e-01,9.572042226791381836e-01,8.313798904418945312e-01,1.132514238357543945e+00,1.407855629920959473e+00,1.629880070686340332e+00,1.979559421539306641e+00,2.227561235427856445e+00,2.481254577636718750e+00,2.812697172164916992e+00,3.022470235824584961e+00,1.501569509506225586e+00,1.152698755264282227e+00,8.642327189445495605e-01,7.765353918075561523e-01,4.181602299213409424e-01,6.451317667961120605e-01,6.351147294044494629e-01,9.800013899803161621e-01,1.259532570838928223e+00,1.539518594741821289e+00,1.857821941375732422e+00,2.096495151519775391e+00,2.369162559509277344e+00,2.675352573394775391e+00,2.913836240768432617e+00
1.434426665306091309e+00,1.177614331245422363e+00,8.348123431205749512e-01,5.976044535636901855e-01,3.969439864158630371e-01,0.000000000000000000e+00,3.939372897148132324e-01,6.102656722068786621e-01,9.508319497108459473e-01,1.243184804916381836e+00,1.562765002250671387e+00,1.855648636817932129e+00,2.093106746673583984e+00,2.407056093215942383e+00,2.650877237319946289e+00,1.929214119911193848e+00,1.588204979896545410e+00,1.455146789550781250e+00,1.271820545196533203e+00,9.576715230941772461e-01,1.107613563537597656e+00,8.291011452674865723e-01,1.161854624748229980e+00,1.209257364273071289e+00,1.506658673286437988e+00,1.751496195793151855e+00,1.889236092567443848e+00,2.230801105499267578e+00,2.461657047271728516e+00,2.755362749099731445e+00,1.703115582466125488e+00,1.383149027824401855e+00,1.179998755455017090e+00,1.002225875854492188e+00,7.149976491928100586e-01,8.367704153060913086e-01,5.880808234214782715e-01,9.451376199722290039e-01,9.924569129943847656e-01,1.367120862007141113e+00,1.596881508827209473e+00,1.801268339157104492e+00,2.130950212478637695e+00,2.372006416320800781e+00,2.682168722152709961e+00,1.728208065032958984e+00,1.433939218521118164e+00,1.162398457527160645e+00,1.007836818695068359e+00,6.267055273056030273e-01,7.320922613143920898e-01,5.741774439811706543e-01,7.836425900459289551e-01,1.105569124221801758e+00,1.302503705024719238e+00,1.656391382217407227e+00,1.931690335273742676e+00,2.153347492218017578e+00,2.500311613082885742e+00,2.692345857620239258e+00,1.468958497047424316e+00,1.191598892211914062e+00,9.253746271133422852e-01,6.609784364700317383e-01,3.371619880199432373e-01,3.521867096424102783e-01,2.658164501190185547e-01,6.496980190277099609e-01,8.961412906646728516e-01,1.209370493888854980e+00,1.499081373214721680e+00,1.764918446540832520e+00,2.025200366973876953e+00,2.333705663681030273e+00,2.578593730926513672e+00
1.737837433815002441e+00,1.436402559280395508e+00,1.083291411399841309e+00,8.848255872726440430e-01,5.578204989433288574e-01,3.939372897148132324e-01,0.000000000000000000e+00,4.049435257911682129e-01,6.452380418777465820e-01,9.834731221199035645e-01,1.291840076446533203e+00,1.550395369529724121e+00,1.830330967903137207e+00,2.115320682525634766e+00,2.381500244140625000e+00,1.885012984275817871e+00,1.578780889511108398e+00,1.390198707580566406e+00,1.122622489929199219e+00,8.159918189048767090e-01,8.278286457061767578e-01,4.906639754772186279e-01,7.815504670143127441e-01,8.195270299911499023e-01,1.126055359840393066e+00,1.379343271255493164e+00,1.548786282539367676e+00,1.871537804603576660e+00,2.126334190368652344e+00,2.408594369888305664e+00,1.764231920242309570e+00,1.495022892951965332e+00,1.261610984802246094e+00,9.885307550430297852e-01,7.219114303588867188e-01,6.334149241447448730e-01,3.233797252178192139e-01,5.926124453544616699e-01,6.286645531654357910e-01,1.019518494606018066e+00,1.252154707908630371e+00,1.501510024070739746e+00,1.801494717597961426e+00,2.072227239608764648e+00,2.369695425033569336e+00,2.034880876541137695e+00,1.713615417480468750e+00,1.462531089782714844e+00,1.224264621734619141e+00,8.454008102416992188e-01,8.605948090553283691e-01,5.354287028312683105e-01,7.345846295356750488e-01,9.254074096679687500e-01,1.107609272003173828e+00,1.465859889984130859e+00,1.684403538703918457e+00,1.950796484947204590e+00,2.273460626602172852e+00,2.485209941864013672e+00,1.848203897476196289e+00,1.558370828628540039e+00,1.299142599105834961e+00,1.054896473884582520e+00,7.182551026344299316e-01,6.624090671539306641e-01,3.475969135761260986e-01,5.963317751884460449e-01,7.995017766952514648e-01,1.051703929901123047e+00,1.373881101608276367e+00,1.569138169288635254e+00,1.867009997367858887e+00,2.154842853546142578e+00,2.403485774993896484e+00
2.042628765106201172e+00,1.767781257629394531e+00,1.402754664421081543e+00,1.198622703552246094e+00,9.107671976089477539e-01,6.102656722068786621e-01,4.049435257911682129e-01,0.000000000000000000e+00,4.049219787120819092e-01,6.346339583396911621e-01,9.744204878807067871e-01,1.252218723297119141e+00,1.487589240074157715e+00,1.798821926116943359e+00,2.041643857955932617e+00,2.272264003753662109e+00,1.977706074714660645e+00,1.789191365242004395e+00,1.502055644989013672e+00,1.206164836883544922e+00,1.145612001419067383e+00,7.746481895446777344e-01,8.995414972305297852e-01,7.946425080299377441e-01,1.016258597373962402e+00,1.230248570442199707e+00,1.306804776191711426e+00,1.667528867721557617e+00,1.873358726501464844e+00,2.170610189437866211e+00,2.166054964065551758e+00,1.890074253082275391e+00,1.651616334915161133e+00,1.392505645751953125e+00,1.105467915534973145e+00,9.897494316101074219e-01,6.226270794868469238e-01,6.910321712493896484e-01,5.053462982177734375e-01,8.390871882438659668e-01,1.022120833396911621e+00,1.196993112564086914e+00,1.536950469017028809e+00,1.763848066329956055e+00,2.080520629882812500e+00,2.244817495346069336e+00,1.964666128158569336e+00,1.659948110580444336e+00,1.437078356742858887e+00,1.077727317810058594e+00,9.592723250389099121e-01,6.200578808784484863e-01,5.575484633445739746e-01,7.194133400917053223e-01,7.837880849838256836e-01,1.168839216232299805e+00,1.387762784957885742e+00,1.620355248451232910e+00,1.957864403724670410e+00,2.138796567916870117e+00,1.998512029647827148e+00,1.768745660781860352e+00,1.514714956283569336e+00,1.188641786575317383e+00,9.342249035835266113e-01,7.054368257522583008e-01,3.695121705532073975e-01,2.949130237102508545e-01,4.146016240119934082e-01,6.500059366226196289e-01,9.726359248161315918e-01,1.186866641044616699e+00,1.468477368354797363e+00,1.767042040824890137e+00,2.010400533676147461e+00
2.360978364944458008e+00,2.076085090637207031e+00,1.725235342979431152e+00,1.500971078872680664e+00,1.201857805252075195e+00,9.508319497108459473e-01,6.452380418777465820e-01,4.049219787120819092e-01,0.000000000000000000e+00,4.079213142395019531e-01,6.511238813400268555e-01,9.322654604911804199e-01,1.207543373107910156e+00,1.494095563888549805e+00,1.780408263206481934e+00,2.404452323913574219e+00,2.131000995635986328e+00,1.887596964836120605e+00,1.576591730117797852e+00,1.293793082237243652e+00,1.121101140975952148e+00,7.645165324211120605e-01,6.959161758422851562e-01,5.754586458206176758e-01,6.708591580390930176e-01,9.368407726287841797e-01,1.000146985054016113e+00,1.347111940383911133e+00,1.577558755874633789e+00,1.844021677970886230e+00,2.347070932388305664e+00,2.094889163970947266e+00,1.817569851875305176e+00,1.540903210639953613e+00,1.259533643722534180e+00,1.030296921730041504e+00,6.953607797622680664e-01,5.105904340744018555e-01,2.292962819337844849e-01,4.434834420680999756e-01,6.948803067207336426e-01,8.805211782455444336e-01,1.198554396629333496e+00,1.459242105484008789e+00,1.745883345603942871e+00,2.482297420501708984e+00,2.192395925521850586e+00,1.899187922477722168e+00,1.615870475769042969e+00,1.291142940521240234e+00,1.102580428123474121e+00,7.321714758872985840e-01,6.227914094924926758e-01,5.190082788467407227e-01,5.508025884628295898e-01,8.989881873130798340e-01,1.055166363716125488e+00,1.340303659439086914e+00,1.645973682403564453e+00,1.861953258514404297e+00,2.322160959243774414e+00,2.090768098831176758e+00,1.867582917213439941e+00,1.553298592567443848e+00,1.283687591552734375e+00,1.101623654365539551e+00,7.395764589309692383e-01,6.526965498924255371e-01,5.358901023864746094e-01,6.441833972930908203e-01,9.060050249099731445e-01,9.911361932754516602e-01,1.335117578506469727e+00,1.575766921043395996e+00,1.845936536788940430e+00
2.676588058471679688e+00,2.397527933120727539e+00,2.029159307479858398e+00,1.828024864196777344e+00,1.528184533119201660e+00,1.243184804916381836e+00,9.834731221199035645e-01,6.346339583396911621e-01,4.079213142395019531e-01,0.000000000000000000e+00,3.897722363471984863e-01,6.360129714012145996e-01,8.548331856727600098e-01,1.166566848754882812e+00,1.414795517921447754e+00,2.747457027435302734e+00,2.490990161895751953e+00,2.267270088195800781e+00,1.936911344528198242e+00,1.676873207092285156e+00,1.485084176063537598e+00,1.141329765319824219e+00,1.017374753952026367e+00,7.666414380073547363e-01,7.378543615341186523e-01,8.577156662940979004e-01,7.716656327247619629e-01,1.154665470123291016e+00,1.305298805236816406e+00,1.596324682235717773e+00,2.717284679412841797e+00,2.469115495681762695e+00,2.208693027496337891e+00,1.924676060676574707e+00,1.650659322738647461e+00,1.429040431976318359e+00,1.093902349472045898e+00,8.983144760131835938e-01,5.351006388664245605e-01,5.119774937629699707e-01,5.347068309783935547e-01,5.768896341323852539e-01,9.441222548484802246e-01,1.136318087577819824e+00,1.458083629608154297e+00,2.795083522796630859e+00,2.530666112899780273e+00,2.211443662643432617e+00,1.956657767295837402e+00,1.635817885398864746e+00,1.417158722877502441e+00,1.079361200332641602e+00,8.441077470779418945e-01,6.995088458061218262e-01,4.623727202415466309e-01,7.870262861251831055e-01,8.655338287353515625e-01,1.102377653121948242e+00,1.409168481826782227e+00,1.571663618087768555e+00,2.571331739425659180e+00,2.374767065048217773e+00,2.137436389923095703e+00,1.788772940635681152e+00,1.563991189002990723e+00,1.298745393753051758e+00,9.946451783180236816e-01,7.379384040832519531e-01,5.310135483741760254e-01,3.673109114170074463e-01,5.950690507888793945e-01,6.261409521102905273e-01,9.511774182319641113e-01,1.205222368240356445e+00,1.451739430427551270e+00
2.988353252410888672e+00,2.716932773590087891e+00,2.362646102905273438e+00,2.132001876831054688e+00,1.846549630165100098e+00,1.562765002250671387e+00,1.291840076446533203e+00,9.744204878807067871e-01,6.511238813400268555e-01,3.897722363471984863e-01,0.000000000000000000e+00,4.021045565605163574e-01,5.859485268592834473e-01,8.923653960227966309e-01,1.188573956489562988e+00,3.009995937347412109e+00,2.757501840591430664e+00,2.497927427291870117e+00,2.173379421234130859e+00,1.912759304046630859e+00,1.681714653968811035e+00,1.365255951881408691e+00,1.151633501052856445e+00,9.469447731971740723e-01,7.489952445030212402e-01,8.674672842025756836e-01,6.745247840881347656e-01,1.013085603713989258e+00,1.141626834869384766e+00,1.376575827598571777e+00,2.986149787902832031e+00,2.740095138549804688e+00,2.448858261108398438e+00,2.177111625671386719e+00,1.893354535102844238e+00,1.639391064643859863e+00,1.327838182449340820e+00,1.051199913024902344e+00,7.611848115921020508e-01,5.005814433097839355e-01,5.088395476341247559e-01,3.433099687099456787e-01,7.012697458267211914e-01,8.810796737670898438e-01,1.156565546989440918e+00,3.003174781799316406e+00,2.747803688049316406e+00,2.429392576217651367e+00,2.146091699600219727e+00,1.864612460136413574e+00,1.593994736671447754e+00,1.281518697738647461e+00,1.019867897033691406e+00,7.313211560249328613e-01,4.282523691654205322e-01,5.430516004562377930e-01,4.908561408519744873e-01,7.669485807418823242e-01,1.040848612785339355e+00,1.236356139183044434e+00,2.839777946472167969e+00,2.657821893692016602e+00,2.453585863113403320e+00,2.102823495864868164e+00,1.883394718170166016e+00,1.643577218055725098e+00,1.321150422096252441e+00,1.104061365127563477e+00,8.188412785530090332e-01,6.587842106819152832e-01,6.635593175888061523e-01,4.794666171073913574e-01,8.566584587097167969e-01,9.988283514976501465e-01,1.288540482521057129e+00
3.279589414596557617e+00,2.984011173248291016e+00,2.616611242294311523e+00,2.423663139343261719e+00,2.104135274887084961e+00,1.855648636817932129e+00,1.550395369529724121e+00,1.252218723297119141e+00,9.322654604911804199e-01,6.360129714012145996e-01,4.021045565605163574e-01,0.000000000000000000e+00,3.854447305202484131e-01,5.694007873535156250e-01,8.821452856063842773e-01,3.146400928497314453e+00,2.933515787124633789e+00,2.683257102966308594e+00,2.329262256622314453e+00,2.117277622222900391e+00,1.837860226631164551e+00,1.562621712684631348e+00,1.289348602294921875e+00,1.016005754470825195e+00,7.456179261207580566e-01,6.812634468078613281e-01,3.542434573173522949e-01,6.548137664794921875e-01,7.401299476623535156e-01,9.886387586593627930e-01,3.193833351135253906e+00,2.983039855957031250e+00,2.712002754211425781e+00,2.405950069427490234e+00,2.163443803787231445e+00,1.870365262031555176e+00,1.598414659500122070e+00,1.282776236534118652e+00,9.630431532859802246e-01,6.568547487258911133e-01,4.053808450698852539e-01,6.425241380929946899e-02,3.249454498291015625e-01,5.278549194335937500e-01,8.293846249580383301e-01,3.373816728591918945e+00,3.103304862976074219e+00,2.794979095458984375e+00,2.507598161697387695e+00,2.208602190017700195e+00,1.965617179870605469e+00,1.629564642906188965e+00,1.400344848632812500e+00,1.118280053138732910e+00,8.287890553474426270e-01,8.830403685569763184e-01,6.525458693504333496e-01,8.971757888793945312e-01,1.056584596633911133e+00,1.211588978767395020e+00,3.194557905197143555e+00,2.996121644973754883e+00,2.764513015747070312e+00,2.422391414642333984e+00,2.184637069702148438e+00,1.931488633155822754e+00,1.618481040000915527e+00,1.365154623985290527e+00,1.144711732864379883e+00,8.889887928962707520e-01,9.073548316955566406e-01,6.155380010604858398e-01,8.912627100944519043e-01,9.711811542510986328e-01,1.184488773345947266e+00
3.527426004409790039e+00,3.252113342285156250e+00,2.883424997329711914e+00,2.678055524826049805e+00,2.380741119384765625e+00,2.093106746673583984e+00,1.830330967903137207e+00,1.487589240074157715e+00,1.207543373107910156e+00,8.548331856727600098e-01,5.859485268592834473e-01,3.854447305202484131e-01,0.000000000000000000e+00,3.746176064014434814e-01,6.121932268142700195e-01,3.505930185317993164e+00,3.280045747756958008e+00,3.033159494400024414e+00,2.686712980270385742e+00,2.455949068069458008e+00,2.197377204895019531e+00,1.901728987693786621e+00,1.651908636093139648e+00,1.384619355201721191e+00,1.127132654190063477e+00,1.049891591072082520e+00,6.838167309761047363e-01,8.964365124702453613e-01,8.204739689826965332e-01,1.027674198150634766e+00,3.527605772018432617e+00,3.296568870544433594e+00,3.019650936126708984e+00,2.730942487716674805e+00,2.463718891143798828e+00,2.198144912719726562e+00,1.896597504615783691e+00,1.608134508132934570e+00,1.286782741546630859e+00,9.977203011512756348e-01,7.845060825347900391e-01,3.937721848487854004e-01,5.092453956604003906e-01,3.993402719497680664e-01,7.018546462059020996e-01,3.556016445159912109e+00,3.315240621566772461e+00,2.984448909759521484e+00,2.717088937759399414e+00,2.435301542282104492e+00,2.158482789993286133e+00,1.857453584671020508e+00,1.565038204193115234e+00,1.292480468750000000e+00,9.428138136863708496e-01,8.962432146072387695e-01,6.267873644828796387e-01,7.008630633354187012e-01,8.270460367202758789e-01,8.915423154830932617e-01,3.350075960159301758e+00,3.189812421798706055e+00,2.971113204956054688e+00,2.604795694351196289e+00,2.408090353012084961e+00,2.123666763305664062e+00,1.839696764945983887e+00,1.550612330436706543e+00,1.281019449234008789e+00,9.890787601470947266e-01,8.589162826538085938e-01,4.821386933326721191e-01,6.309761404991149902e-01,6.111505627632141113e-01,8.222522139549255371e-01
3.837378501892089844e+00,3.546167135238647461e+00,3.175102472305297852e+00,2.983635663986206055e+00,2.667814254760742188e+00,2.407056093215942383e+00,2.115320682525634766e+00,1.798821926116943359e+00,1.494095563888549805e+00,1.166566848754882812e+00,8.923653960227966309e-01,5.694007873535156250e-01,3.746176064014434814e-01,0.000000000000000000e+00,3.759519159793853760e-01,3.686882495880126953e+00,3.489264488220214844e+00,3.237233638763427734e+00,2.878364324569702148e+00,2.679307460784912109e+00,2.384811878204345703e+00,2.125879764556884766e+00,1.830194592475891113e+00,1.558218955993652344e+00,1.255615353584289551e+00,1.099779129028320312e+00,7.263904809951782227e-01,7.631349563598632812e-01,5.804007649421691895e-01,7.029735445976257324e-01,3.757054328918457031e+00,3.551717042922973633e+00,3.278458833694458008e+00,2.972501516342163086e+00,2.730503797531127930e+00,2.432727575302124023e+00,2.164926290512084961e+00,1.840168237686157227e+00,1.532182097434997559e+00,1.206652283668518066e+00,9.394990205764770508e-01,6.153826117515563965e-01,4.424061477184295654e-01,1.013531833887100220e-01,3.484114110469818115e-01,3.893630743026733398e+00,3.639838457107543945e+00,3.320379018783569336e+00,3.037355899810791016e+00,2.753272533416748047e+00,2.485425233840942383e+00,2.170580863952636719e+00,1.905306220054626465e+00,1.607568740844726562e+00,1.284122109413146973e+00,1.204541206359863281e+00,8.624136447906494141e-01,9.295397996902465820e-01,9.043952822685241699e-01,9.405420422554016113e-01,3.704658031463623047e+00,3.529854774475097656e+00,3.302846193313598633e+00,2.946250438690185547e+00,2.730382442474365234e+00,2.454579830169677734e+00,2.161146879196166992e+00,1.876823782920837402e+00,1.632920503616333008e+00,1.332953214645385742e+00,1.229297757148742676e+00,8.548429012298583984e-01,9.334320425987243652e-01,8.157726526260375977e-01,9.206417798995971680e-01
4.081182003021240234e+00,3.793914079666137695e+00,3.413919448852539062e+00,3.239011049270629883e+00,2.923787117004394531e+00,2.650877237319946289e+00,2.381500244140625000e+00,2.041643857955932617e+00,1.780408263206481934e+00,1.414795517921447754e+00,1.188573956489562988e+00,8.821452856063842773e-01,6.121932268142700195e-01,3.759519159793853760e-01,0.000000000000000000e+00,3.971153497695922852e+00,3.778722286224365234e+00,3.546330690383911133e+00,3.179916143417358398e+00,2.985251903533935547e+00,2.700916528701782227e+00,2.432533502578735352e+00,2.157582521438598633e+00,1.855505466461181641e+00,1.584034204483032227e+00,1.383136391639709473e+00,1.007470250129699707e+00,1.019652128219604492e+00,7.230278253555297852e-01,8.249938488006591797e-01,4.048303604125976562e+00,3.841266870498657227e+00,3.582507133483886719e+00,3.272040843963623047e+00,3.030415296554565430e+00,2.747591733932495117e+00,2.465124130249023438e+00,2.164268493652343750e+00,1.828272342681884766e+00,1.538221597671508789e+00,1.241883397102355957e+00,9.201709032058715820e-01,7.829350233078002930e-01,4.142024219036102295e-01,5.217035412788391113e-01,4.158164978027343750e+00,3.917176723480224609e+00,3.584632396697998047e+00,3.323797941207885742e+00,3.032268762588500977e+00,2.765823364257812500e+00,2.457713365554809570e+00,2.168132781982421875e+00,1.904388546943664551e+00,1.552374243736267090e+00,1.480103015899658203e+00,1.166858553886413574e+00,1.140195250511169434e+00,1.089535236358642578e+00,9.986747503280639648e-01,3.920585870742797852e+00,3.763397455215454102e+00,3.524779319763183594e+00,3.157333612442016602e+00,2.964321374893188477e+00,2.657647132873535156e+00,2.397140979766845703e+00,2.074692726135253906e+00,1.844166159629821777e+00,1.505892038345336914e+00,1.369004368782043457e+00,1.019149780273437500e+00,9.492020010948181152e-01,7.873252034187316895e-01,7.335228323936462402e-01
1.699339747428894043e+00,1.407830715179443359e+00,1.432979226112365723e+00,1.616235494613647461e+00,1.543538212776184082e+00,1.929214119911193848e+00,1.885012984275817871e+00,2.272264003753662109e+00,2.404452323913574219e+00,2.747457027435302734e+00,3.009995937347412109e+00,3.146400928497314453e+00,3.505930185317993164e+00,3.686882495880126953e+00,3.971153497695922852e+00,0.000000000000000000e+00,3.939047157764434814e-01,6.759401559829711914e-01,8.575269579887390137e-01,1.173722982406616211e+00,1.375329494476318359e+00,1.663383483886718750e+00,1.927353501319885254e+00,2.131764173507690430e+00,2.459434032440185547e+00,2.636309146881103516e+00,2.981797456741333008e+00,3.139141798019409180e+00,3.468577146530151367e+00,3.690237998962402344e+00,6.072026491165161133e-01,9.286332726478576660e-01,1.150078892707824707e+00,1.046192288398742676e+00,1.430410861968994141e+00,1.488864064216613770e+00,1.818480610847473145e+00,2.023816108703613281e+00,2.250816583633422852e+00,2.566915512084960938e+00,2.750362873077392578e+00,3.120718240737915039e+00,3.276584863662719727e+00,3.616320133209228516e+00,3.854433536529541016e+00,2.539120912551879883e+00,2.176625013351440430e+00,2.278350353240966797e+00,2.147911071777343750e+00,1.980848550796508789e+00,2.294740438461303711e+00,2.179797410964965820e+00,2.544956922531127930e+00,2.684049844741821289e+00,2.925858259201049805e+00,3.235154867172241211e+00,3.380284547805786133e+00,3.710763454437255859e+00,3.972228765487670898e+00,4.230083465576171875e+00,2.578943014144897461e+00,2.185154438018798828e+00,1.997914314270019531e+00,2.174959659576416016e+00,1.904623150825500488e+00,2.163695335388183594e+00,2.127398014068603516e+00,2.402892589569091797e+00,2.680851936340332031e+00,2.877027750015258789e+00,3.232789516448974609e+00,3.372488498687744141e+00,3.678471326828002930e+00,3.951465845108032227e+00,4.172415256500244141e+00
1.384076595306396484e+00,1.079352736473083496e+00,1.099240779876708984e+00,1.242822289466857910e+00,1.201186656951904297e+00,1.588204979896545410e+00,1.578780889511108398e+00,1.977706074714660645e+00,2.131000995635986328e+00,2.490990161895751953e+00,2.757501840591430664e+00,2.933515787124633789e+00,3.280045747756958008e+00,3.489264488220214844e+00,3.778722286224365234e+00,3.939047157764434814e-01,0.000000000000000000e+00,3.896772563457489014e-01,6.388279795646667480e-01,8.708692789077758789e-01,1.152136087417602539e+00,1.399134993553161621e+00,1.709643602371215820e+00,1.934245586395263672e+00,2.268569707870483398e+00,2.483487367630004883e+00,2.806015491485595703e+00,3.000137329101562500e+00,3.326436281204223633e+00,3.559559345245361328e+00,3.618005812168121338e-01,5.649869441986083984e-01,7.642607092857360840e-01,6.803570389747619629e-01,1.064317226409912109e+00,1.183161139488220215e+00,1.503123402595520020e+00,1.754282712936401367e+00,2.000765323638916016e+00,2.333646535873413086e+00,2.550455808639526367e+00,2.901943922042846680e+00,3.091665744781494141e+00,3.425754547119140625e+00,3.674224615097045898e+00,2.167166233062744141e+00,1.797717452049255371e+00,1.886810779571533203e+00,1.755648732185363770e+00,1.594559192657470703e+00,1.918986201286315918e+00,1.831238150596618652e+00,2.206732749938964844e+00,2.370700359344482422e+00,2.631847143173217773e+00,2.940908908843994141e+00,3.117748498916625977e+00,3.435373544692993164e+00,3.712454557418823242e+00,3.970033884048461914e+00,2.212871074676513672e+00,1.816852569580078125e+00,1.642101883888244629e+00,1.815025925636291504e+00,1.547197461128234863e+00,1.833804488182067871e+00,1.801516890525817871e+00,2.109083652496337891e+00,2.376169204711914062e+00,2.605350017547607422e+00,2.947986841201782227e+00,3.109208822250366211e+00,3.418177127838134766e+00,3.694659709930419922e+00,3.930986404418945312e+00
1.513279557228088379e+00,1.205377697944641113e+00,1.165474534034729004e+00,1.188554883003234863e+00,1.107897400856018066e+00,1.455146789550781250e+00,1.390198707580566406e+00,1.789191365242004395e+00,1.887596964836120605e+00,2.267270088195800781e+00,2.497927427291870117e+00,2.683257102966308594e+00,3.033159494400024414e+00,3.237233638763427734e+00,3.546330690383911133e+00,6.759401559829711914e-01,3.896772563457489014e-01,0.000000000000000000e+00,4.009241163730621338e-01,5.955685377120971680e-01,8.582329750061035156e-01,1.135415673255920410e+00,1.419452548027038574e+00,1.696086406707763672e+00,2.000203371047973633e+00,2.250590562820434570e+00,2.570327043533325195e+00,2.758453369140625000e+00,3.097454547882080078e+00,3.311640501022338867e+00,6.144967675209045410e-01,6.436465382575988770e-01,6.154148578643798828e-01,4.683227241039276123e-01,8.323011994361877441e-01,8.862949609756469727e-01,1.247674345970153809e+00,1.462405204772949219e+00,1.755567908287048340e+00,2.058148622512817383e+00,2.306360244750976562e+00,2.652606487274169922e+00,2.833701610565185547e+00,3.177667379379272461e+00,3.406675577163696289e+00,2.097428083419799805e+00,1.709527015686035156e+00,1.769501686096191406e+00,1.565894246101379395e+00,1.407184720039367676e+00,1.688212037086486816e+00,1.585814714431762695e+00,1.970304608345031738e+00,2.091996908187866211e+00,2.373095989227294922e+00,2.655405521392822266e+00,2.825267791748046875e+00,3.150700092315673828e+00,3.413604497909545898e+00,3.687494277954101562e+00,2.208152770996093750e+00,1.815289855003356934e+00,1.662689447402954102e+00,1.774121880531311035e+00,1.470983028411865234e+00,1.751305699348449707e+00,1.646669149398803711e+00,1.964595556259155273e+00,2.181693553924560547e+00,2.418848752975463867e+00,2.742712736129760742e+00,2.877854347229003906e+00,3.208525896072387695e+00,3.461858510971069336e+00,3.717676162719726562e+00
1.677452683448791504e+00,1.323579192161560059e+00,1.159075260162353516e+00,1.169131636619567871e+00,9.599280953407287598e-01,1.271820545196533203e+00,1.122622489929199219e+00,1.502055644989013672e+00,1.576591730117797852e+00,1.936911344528198242e+00,2.173379421234130859e+00,2.329262256622314453e+00,2.686712980270385742e+00,2.878364324569702148e+00,3.179916143417358398e+00,8.575269579887390137e-01,6.388279795646667480e-01,4.009241163730621338e-01,0.000000000000000000e+00,3.731356263160705566e-01,5.232908725738525391e-01,8.182741403579711914e-01,1.082772731781005859e+00,1.324851512908935547e+00,1.641653060913085938e+00,1.868250250816345215e+00,2.195638895034790039e+00,2.379484415054321289e+00,2.714700222015380859e+00,2.935994863510131836e+00,9.450737237930297852e-01,9.177362322807312012e-01,8.256884217262268066e-01,4.823393821716308594e-01,7.588473558425903320e-01,6.638920307159423828e-01,1.005348682403564453e+00,1.169134140014648438e+00,1.421164035797119141e+00,1.724730849266052246e+00,1.942268252372741699e+00,2.301432132720947266e+00,2.471354961395263672e+00,2.814329862594604492e+00,3.049015522003173828e+00,2.263400554656982422e+00,1.871616601943969727e+00,1.849188804626464844e+00,1.611394286155700684e+00,1.370272994041442871e+00,1.596553802490234375e+00,1.408212184906005859e+00,1.758452177047729492e+00,1.849423527717590332e+00,2.091726541519165039e+00,2.387239933013916016e+00,2.527053594589233398e+00,2.860244750976562500e+00,3.118041515350341797e+00,3.381949663162231445e+00,2.287034511566162109e+00,1.897538065910339355e+00,1.683673858642578125e+00,1.712191224098205566e+00,1.366993784904479980e+00,1.570312857627868652e+00,1.419828891754150391e+00,1.687372803688049316e+00,1.907745957374572754e+00,2.104372262954711914e+00,2.442066431045532227e+00,2.556483268737792969e+00,2.883129358291625977e+00,3.135994195938110352e+00,3.377587318420410156e+00
1.564042329788208008e+00,1.225639462471008301e+00,1.016405701637268066e+00,9.167149662971496582e-01,6.961283683776855469e-01,9.576715230941772461e-01,8.159918189048767090e-01,1.206164836883544922e+00,1.293793082237243652e+00,1.676873207092285156e+00,1.912759304046630859e+00,2.117277622222900391e+00,2.455949068069458008e+00,2.679307460784912109e+00,2.985251903533935547e+00,1.173722982406616211e+00,8.708692789077758789e-01,5.955685377120971680e-01,3.731356263160705566e-01,0.000000000000000000e+00,3.941864073276519775e-01,5.550728440284729004e-01,8.932506442070007324e-01,1.159483790397644043e+00,1.471856474876403809e+00,1.745567798614501953e+00,2.033685684204101562e+00,2.260126113891601562e+00,2.585135459899902344e+00,2.816260814666748047e+00,1.093504905700683594e+00,9.224912524223327637e-01,6.996560096740722656e-01,3.305167853832244873e-01,4.181379675865173340e-01,3.175224959850311279e-01,6.606442332267761230e-01,8.889033198356628418e-01,1.172163486480712891e+00,1.492363452911376953e+00,1.753403067588806152e+00,2.082453727722167969e+00,2.292177677154541016e+00,2.624427080154418945e+00,2.868695259094238281e+00,2.009714126586914062e+00,1.621537566184997559e+00,1.548849463462829590e+00,1.283507108688354492e+00,1.021915078163146973e+00,1.225636839866638184e+00,1.041055440902709961e+00,1.403914213180541992e+00,1.515421867370605469e+00,1.781710386276245117e+00,2.076306581497192383e+00,2.252184867858886719e+00,2.570548534393310547e+00,2.845537900924682617e+00,3.108679056167602539e+00,2.028673648834228516e+00,1.654943108558654785e+00,1.454831719398498535e+00,1.431539416313171387e+00,1.078006386756896973e+00,1.284251213073730469e+00,1.103687047958374023e+00,1.405411720275878906e+00,1.596904516220092773e+00,1.831698417663574219e+00,2.149675607681274414e+00,2.284190893173217773e+00,2.615694046020507812e+00,2.869164466857910156e+00,3.128528356552124023e+00
1.946867227554321289e+00,1.601179838180541992e+00,1.351080894470214844e+00,1.241078972816467285e+00,9.477440118789672852e-01,1.107613563537597656e+00,8.278286457061767578e-01,1.145612001419067383e+00,1.121101140975952148e+00,1.485084176063537598e+00,1.681714653968811035e+00,1.837860226631164551e+00,2.197377204895019531e+00,2.384811878204345703e+00,2.700916528701782227e+00,1.375329494476318359e+00,1.152136087417602539e+00,8.582329750061035156e-01,5.232908725738525391e-01,3.941864073276519775e-01,0.000000000000000000e+00,3.763779401779174805e-01,5.651662349700927734e-01,8.578345775604248047e-01,1.142444252967834473e+00,1.409920811653137207e+00,1.722286462783813477e+00,1.913685679435729980e+00,2.253468751907348633e+00,2.465584278106689453e+00,1.425880789756774902e+00,1.303961515426635742e+00,1.077933669090270996e+00,7.220708727836608887e-01,7.270084023475646973e-01,3.757685720920562744e-01,6.507715582847595215e-01,6.776871085166931152e-01,9.522991180419921875e-01,1.217483282089233398e+00,1.459106922149658203e+00,1.811040401458740234e+00,1.976966977119445801e+00,2.324711561203002930e+00,2.548500061035156250e+00,2.337900638580322266e+00,1.955731272697448730e+00,1.845364689826965332e+00,1.539481282234191895e+00,1.258049964904785156e+00,1.358245730400085449e+00,1.086351513862609863e+00,1.387471079826354980e+00,1.399137616157531738e+00,1.627237915992736816e+00,1.901687860488891602e+00,2.017510175704956055e+00,2.359387636184692383e+00,2.604215621948242188e+00,2.874685287475585938e+00,2.349112033843994141e+00,1.991422533988952637e+00,1.776069760322570801e+00,1.686293721199035645e+00,1.317894577980041504e+00,1.429053783416748047e+00,1.168389320373535156e+00,1.385451674461364746e+00,1.529901146888732910e+00,1.703029394149780273e+00,2.018340587615966797e+00,2.091584444046020508e+00,2.435966253280639648e+00,2.663449764251708984e+00,2.917608022689819336e+00
