,A1,A2,A3,A4,A5,A6,A7,A8,A9,A10,A11,A12,A13,A14,A15,B1,B2,B3,B4,B5,B6,B7,B8,B9,B10,B11,B12,B13,B14,B15,C1,C2,C3,C4,C5,C6,C7,C8,C9,C10,C11,C12,C13,C14,C15,D1,D2,D3,D4,D5,D6,D7,D8,D9,D10,D11,D12,D13,D14,D15,E1,E2,E3,E4,E5,E6,E7,E8,E9,E10,E11,E12,E13,E14,E15
A1,0.0,0.3942962884902954,0.609931230545044,0.8852109313011169,1.158064842224121,1.4047826528549194,1.6788908243179321,1.9608561992645264,2.2388460636138916,2.5288822650909424,2.79551100730896,3.1121902465820312,3.306483745574951,3.656543493270874,3.809946060180664,0.951765775680542,1.287160873413086,1.208736538887024,1.5922951698303223,1.6384625434875488,1.9908214807510376,1.9939357042312622,2.392038106918335,2.4697611331939697,2.8454749584198,3.0699961185455322,3.239044189453125,3.6047427654266357,3.806284189224243,4.069731712341309,0.08774466812610626,0.4089120030403137,0.688899040222168,0.8987118005752563,1.2067276239395142,1.4420846700668335,1.7447987794876099,1.9934297800064087,2.3033604621887207,2.577385187149048,2.8386945724487305,3.1578187942504883,3.3353419303894043,3.6830930709838867,3.83516001701355,3.8907926082611084,3.6169817447662354,3.274920701980591,3.2156081199645996,2.8779265880584717,2.6638107299804688,2.339805841445923,2.1599979400634766,1.7885563373565674,1.6278952360153198,1.3464781045913696,1.0749763250350952,1.145593523979187,0.8835055232048035,1.155052661895752,3.8501977920532227,3.5562045574188232,3.23037052154541,3.1062748432159424,2.7843337059020996,2.5374972820281982,2.23321795463562,2.0053153038024902,1.6555558443069458,1.4307140111923218,1.150814175605774,0.8261476755142212,0.8392572999000549,0.5646570324897766,0.8352953791618347
A2,0.3942962884902954,0.0,0.3911858797073364,0.5499997735023499,0.8737944960594177,1.0561635494232178,1.367540955543518,1.6108485460281372,1.9059875011444092,2.1757755279541016,2.4438841342926025,2.7648675441741943,2.9417033195495605,3.296921968460083,3.4386825561523438,1.1051892042160034,1.3573331832885742,1.1627222299575806,1.5282927751541138,1.4795316457748413,1.8246705532073975,1.7599985599517822,2.151109218597412,2.194483995437622,2.560109853744507,2.7797915935516357,2.918830394744873,3.2925851345062256,3.478756904602051,3.7362241744995117,0.3071081340312958,0.4684480130672455,0.4775198698043823,0.8152568936347961,1.0158952474594116,1.3095741271972656,1.5511456727981567,1.8561118841171265,2.129307985305786,2.436138868331909,2.6927177906036377,3.0012054443359375,3.2148640155792236,3.548304319381714,3.728541851043701,3.6302928924560547,3.3812503814697266,3.02413272857666,2.9958722591400146,2.645822525024414,2.47285532951355,2.1276695728302,2.0057373046875,1.627866506576538,1.5420212745666504,1.3066730499267578,1.0902029275894165,1.2773476839065552,1.1120623350143433,1.4243355989456177,3.55138897895813,3.239955425262451,2.9323487281799316,2.7864785194396973,2.4836277961730957,2.209287405014038,1.9306122064590454,1.6703673601150513,1.3373483419418335,1.0821038484573364,0.7860104441642761,0.47420257329940796,0.45777627825737,0.30610987544059753,0.6611016988754272
A3,0.609931230545044,0.3911858797073364,0.0,0.4004822373390198,0.569501519203186,0.8329441547393799,1.0743889808654785,1.380423903465271,1.640251636505127,1.9450032711029053,2.21097731590271,2.519869327545166,2.733128786087036,3.0753138065338135,3.2448365688323975,0.905112624168396,1.0825321674346924,0.8481695652008057,1.2126919031143188,1.1559271812438965,1.4770262241363525,1.4265950918197632,1.819793939590454,1.8689037561416626,2.2470335960388184,2.461637258529663,2.633641481399536,2.997654914855957,3.201357364654541,3.4688563346862793,0.5475690364837646,0.3460046648979187,0.09214196354150772,0.4734247028827667,0.6650848388671875,0.9267457127571106,1.1819918155670166,1.47732675075531,1.7494455575942993,2.0561470985412598,2.3061535358428955,2.621101140975952,2.828493118286133,3.1625046730041504,3.344627618789673,3.290698528289795,3.0272092819213867,2.676706314086914,2.6289923191070557,2.284511089324951,2.093836545944214,1.7558889389038086,1.6186515092849731,1.239516019821167,1.157849907875061,0.9338972568511963,0.7605206370353699,1.0107357501983643,0.9526575207710266,1.2952214479446411,3.2407612800598145,2.9485676288604736,2.621323347091675,2.505833387374878,2.1849963665008545,1.9429752826690674,1.6349979639053345,1.4293904304504395,1.061326265335083,0.8948079347610474,0.6189452409744263,0.40079495310783386,0.6386740207672119,0.6759083271026611,1.0234943628311157
A4,0.8852109313011169,0.5499997735023499,0.4004822373390198,0.0,0.3824346661567688,0.5633682608604431,0.8704286217689514,1.1034867763519287,1.4212195873260498,1.6752007007598877,1.9730041027069092,2.2673444747924805,2.4637327194213867,2.8137528896331787,2.951058864593506,1.2900527715682983,1.4247127771377563,1.1392549276351929,1.457428216934204,1.3037054538726807,1.5756323337554932,1.4288525581359863,1.794726014137268,1.763309121131897,2.1290628910064697,2.306195020675659,2.4352433681488037,2.810995101928711,2.976983070373535,3.25184965133667,0.8098854422569275,0.7025659084320068,0.41443172097206116,0.7842498421669006,0.8081545829772949,1.0668902397155762,1.2271008491516113,1.5740917921066284,1.7718353271484375,2.1205153465270996,2.3352177143096924,2.64815616607666,2.8842997550964355,3.19569993019104,3.4158170223236084,3.1778342723846436,2.9502804279327393,2.5774924755096436,2.550220489501953,2.183324098587036,2.0537734031677246,1.6889667510986328,1.6177890300750732,1.267284631729126,1.2533496618270874,1.1422076225280762,0.9927666783332825,1.313317894935608,1.293351411819458,1.6042097806930542,3.063126802444458,2.7473623752593994,2.4506795406341553,2.3256444931030273,2.044393301010132,1.757972240447998,1.5007195472717285,1.2610846757888794,0.9120265245437622,0.7435973286628723,0.3679758906364441,0.4110313951969147,0.5143778920173645,0.7043691873550415,1.0354459285736084
A5,1.158064842224121,0.8737944960594177,0.569501519203186,0.3824346661567688,0.0,0.3914048671722412,0.5519130825996399,0.868943452835083,1.140257477760315,1.4308488368988037,1.7271530628204346,2.0027849674224854,2.239689826965332,2.5731472969055176,2.7392122745513916,1.2845640182495117,1.3207710981369019,1.007099986076355,1.267500400543213,1.0769457817077637,1.283578634262085,1.1227816343307495,1.4744144678115845,1.4272093772888184,1.8045148849487305,1.968172550201416,2.129117727279663,2.495077610015869,2.676532506942749,2.962742328643799,1.0930851697921753,0.8603542447090149,0.5187848806381226,0.7160437703132629,0.6128325462341309,0.7854074835777283,0.8980776071548462,1.2450804710388184,1.409064769744873,1.768164038658142,1.9649746417999268,2.281526565551758,2.5190789699554443,2.824340343475342,3.054396629333496,2.823857069015503,2.5870068073272705,2.216923236846924,2.173577070236206,1.8072776794433594,1.6731637716293335,1.3078868389129639,1.2452510595321655,0.9069805145263672,0.9456393718719482,0.9140973687171936,0.865336537361145,1.2330204248428345,1.3229053020477295,1.6311196088790894,2.7312710285186768,2.433713674545288,2.1186375617980957,2.0278303623199463,1.7330437898635864,1.4805073738098145,1.1987956762313843,1.0339010953903198,0.6523446440696716,0.6560968160629272,0.4059233069419861,0.6217221617698669,0.8533530235290527,1.0714101791381836,1.397010087966919
A6,1.4047826528549194,1.0561635494232178,0.8329441547393799,0.5633682608604431,0.3914048671722412,0.0,0.3780985474586487,0.5569028258323669,0.8646406531333923,1.1248348951339722,1.410947322845459,1.7133480310440063,1.912318468093872,2.259465217590332,2.414534091949463,1.579356074333191,1.5776785612106323,1.2141433954238892,1.4046746492385864,1.1210678815841675,1.3002482652664185,1.0423234701156616,1.3538451194763184,1.263918399810791,1.6063977479934692,1.780350685119629,1.883554458618164,2.263226270675659,2.4285831451416016,2.69388747215271,1.32749605178833,1.1681833267211914,0.7881575226783752,0.9820916056632996,0.7576528191566467,0.9835062026977539,0.9541643261909485,1.342450499534607,1.4454907178878784,1.8160699605941772,2.0139942169189453,2.2886383533477783,2.57112717628479,2.8511343002319336,3.1008198261260986,2.671254873275757,2.473863363265991,2.091311454772949,2.1142754554748535,1.747633934020996,1.6861257553100586,1.316058874130249,1.3690674304962158,1.0621403455734253,1.2196866273880005,1.2139289379119873,1.2346594333648682,1.5944541692733765,1.682102084159851,2.0068817138671875,2.528002977371216,2.2009637355804443,1.9173502922058105,1.7705100774765015,1.5068844556808472,1.200916051864624,0.975551426410675,0.7254245281219482,0.41470327973365784,0.38444340229034424,0.2927810549736023,0.6747711896896362,0.8563159108161926,1.17523992061615,1.4292106628417969
A7,1.6788908243179321,1.367540955543518,1.0743889808654785,0.8704286217689514,0.5519130825996399,0.3780985474586487,0.0,0.4017028212547302,0.593277633190155,0.9113457202911377,1.1911338567733765,1.4633476734161377,1.7164150476455688,2.039051055908203,2.229074478149414,1.667844295501709,1.5858314037322998,1.2271568775177002,1.335179090499878,1.023347020149231,1.0907269716262817,0.7990425229072571,1.0617903470993042,0.9271600246429443,1.2840532064437866,1.4363571405410767,1.5789287090301514,1.9481066465377808,2.1318602561950684,2.41222882270813,1.6094951629638672,1.3789005279541016,1.0085090398788452,1.0804742574691772,0.781471848487854,0.8700476884841919,0.7289034128189087,1.0940958261489868,1.1222847700119019,1.5030200481414795,1.6704111099243164,1.9414622783660889,2.2298243045806885,2.4966161251068115,2.760772466659546,2.316437005996704,2.11146879196167,1.7282222509384155,1.738236427307129,1.3697798252105713,1.3206223249435425,0.9511457681655884,1.0554172992706299,0.807462215423584,1.0521950721740723,1.1422910690307617,1.2553117275238037,1.6200053691864014,1.785918951034546,2.094280242919922,2.194607734680176,1.887732744216919,1.5808157920837402,1.4782416820526123,1.1992391347885132,0.9385629892349243,0.6849604249000549,0.5796065926551819,0.2922695577144623,0.5878655314445496,0.6491708755493164,0.9898951053619385,1.2238986492156982,1.525286316871643,1.794671893119812
A8,1.9608561992645264,1.6108485460281372,1.380423903465271,1.1034867763519287,0.868943452835083,0.5569028258323669,0.4017028212547302,0.0,0.38589686155319214,0.5724472999572754,0.8901377320289612,1.1645262241363525,1.3751506805419922,1.7159016132354736,1.8725091218948364,2.047245502471924,1.97109854221344,1.5996723175048828,1.6833469867706299,1.3357843160629272,1.3681623935699463,1.0153465270996094,1.175133466720581,0.9455648064613342,1.217768669128418,1.3270453214645386,1.3719574213027954,1.7560869455337524,1.8902790546417236,2.160223960876465,1.8840681314468384,1.7067960500717163,1.3276076316833496,1.450531244277954,1.1444511413574219,1.2604981660842896,1.0652817487716675,1.413118839263916,1.3647661209106445,1.7362948656082153,1.8686221837997437,2.095526695251465,2.414513111114502,2.6412391662597656,2.9318323135375977,2.24021577835083,2.0996391773223877,1.7058770656585693,1.7809271812438965,1.4197149276733398,1.478140950202942,1.1344857215881348,1.3385405540466309,1.1619412899017334,1.4330852031707764,1.543617844581604,1.6458014249801636,2.0152199268341064,2.1640920639038086,2.4728121757507324,2.0280802249908447,1.6821109056472778,1.4382716417312622,1.2849981784820557,1.0920733213424683,0.7518753409385681,0.6689465641975403,0.5036562085151672,0.5006840229034424,0.7146092057228088,0.8341129422187805,1.214299201965332,1.3648158311843872,1.7075202465057373,1.9270448684692383
A9,2.2388460636138916,1.9059875011444092,1.640251636505127,1.4212195873260498,1.140257477760315,0.8646406531333923,0.593277633190155,0.38589686155319214,0.0,0.3889296352863312,0.6044596433639526,0.8882919549942017,1.1438729763031006,1.4568477869033813,1.6737347841262817,2.186938524246216,2.0429298877716064,1.675966739654541,1.6694302558898926,1.3010305166244507,1.233015537261963,0.8573316931724548,0.8933183550834656,0.6079962849617004,0.8366503715515137,0.9603603482246399,1.019776701927185,1.401560664176941,1.5747454166412354,1.8348520994186401,2.165175199508667,1.9553312063217163,1.5739903450012207,1.611467719078064,1.2576572895050049,1.3070893287658691,1.0153518915176392,1.3020174503326416,1.173592448234558,1.5137561559677124,1.6290671825408936,1.8063768148422241,2.1481540203094482,2.3484857082366943,2.6452558040618896,1.8710404634475708,1.7383431196212769,1.348417043685913,1.4686462879180908,1.1358771324157715,1.2449885606765747,0.9540232419967651,1.2473469972610474,1.1467031240463257,1.4867002964019775,1.627953290939331,1.8095513582229614,2.1595258712768555,2.3529443740844727,2.6625897884368896,1.6783714294433594,1.3413636684417725,1.0772007703781128,0.9146783947944641,0.7070730924606323,0.3834482729434967,0.3699915409088135,0.4229586720466614,0.6139161586761475,0.9184666275978088,1.1336697340011597,1.4816555976867676,1.6826962232589722,2.0248353481292725,2.2396719455718994
A10,2.5288822650909424,2.1757755279541016,1.9450032711029053,1.6752007007598877,1.4308488368988037,1.1248348951339722,0.9113457202911377,0.5724472999572754,0.3889296352863312,0.0,0.37741851806640625,0.5984740853309631,0.8158382773399353,1.146166205406189,1.3177714347839355,2.554297924041748,2.425882577896118,2.056830406188965,2.057429790496826,1.6858100891113281,1.6080304384231567,1.2315599918365479,1.2022266387939453,0.8686703443527222,0.954365074634552,0.9649994373321533,0.8805721998214722,1.2610236406326294,1.34987473487854,1.6087136268615723,2.451551914215088,2.269657611846924,1.8878240585327148,1.9688794612884521,1.626936435699463,1.6867420673370361,1.4007452726364136,1.6716645956039429,1.5005069971084595,1.8220939636230469,1.8873573541641235,2.0314998626708984,2.3792545795440674,2.5358376502990723,2.8556487560272217,1.854993224143982,1.8023182153701782,1.4218292236328125,1.5846760272979736,1.2796639204025269,1.48054039478302,1.2306967973709106,1.5546953678131104,1.5005546808242798,1.829777717590332,1.9944356679916382,2.151210308074951,2.512799024581909,2.6963307857513428,2.998802661895752,1.5502893924713135,1.1762336492538452,1.019355297088623,0.8315101861953735,0.8010097742080688,0.48101428151130676,0.7068836688995361,0.7241615056991577,0.9603901505470276,1.2005817890167236,1.3920902013778687,1.7614156007766724,1.9022977352142334,2.2581374645233154,2.447237253189087
A11,2.79551100730896,2.4438841342926025,2.21097731590271,1.9730041027069092,1.7271530628204346,1.410947322845459,1.1911338567733765,0.8901377320289612,0.6044596433639526,0.37741851806640625,0.0,0.39121320843696594,0.5618626475334167,0.8756952881813049,1.1142334938049316,2.760359525680542,2.5949699878692627,2.225421905517578,2.166783571243286,1.785459041595459,1.6641498804092407,1.2961419820785522,1.1671462059020996,0.858810305595398,0.7912349700927734,0.8214271664619446,0.6392437219619751,1.005588412284851,1.1172441244125366,1.3192849159240723,2.7177987098693848,2.5366270542144775,2.1486055850982666,2.1898443698883057,1.8231546878814697,1.8765829801559448,1.5481048822402954,1.77716064453125,1.575728178024292,1.8436899185180664,1.9082446098327637,1.980881690979004,2.348074197769165,2.4703428745269775,2.7838613986968994,1.6441404819488525,1.6368553638458252,1.2892969846725464,1.5365849733352661,1.3022035360336304,1.5437297821044922,1.362842082977295,1.7249113321304321,1.6981163024902344,2.0585007667541504,2.211236000061035,2.411353588104248,2.755647659301758,2.951172113418579,3.2650516033172607,1.3276159763336182,0.9455967545509338,0.8425716161727905,0.5458268523216248,0.6279892921447754,0.39716851711273193,0.763416051864624,0.842506468296051,1.1713811159133911,1.4033851623535156,1.6601890325546265,2.0024642944335938,2.1617326736450195,2.524602174758911,2.6893560886383057
A12,3.1121902465820312,2.7648675441741943,2.519869327545166,2.2673444747924805,2.0027849674224854,1.7133480310440063,1.4633476734161377,1.1645262241363525,0.8882919549942017,0.5984740853309631,0.39121320843696594,0.0,0.3823999762535095,0.5960229635238647,0.8460830450057983,3.060272693634033,2.885021448135376,2.5300700664520264,2.4622275829315186,2.0939176082611084,1.928340196609497,1.5793192386627197,1.398208498954773,1.0511789321899414,0.8989706635475159,0.75013267993927,0.4471200108528137,0.7565147280693054,0.7729571461677551,1.0174579620361328,3.0361311435699463,2.8377788066864014,2.4570724964141846,2.4952521324157715,2.1347532272338867,2.1424062252044678,1.8086172342300415,1.9937803745269775,1.7335933446884155,1.9745569229125977,1.9662996530532837,2.0117454528808594,2.364539384841919,2.436640739440918,2.7728865146636963,1.4659574031829834,1.5318666696548462,1.2144877910614014,1.4645740985870361,1.277772307395935,1.592177152633667,1.4708175659179688,1.852286458015442,1.8992409706115723,2.2546334266662598,2.4566330909729004,2.6584231853485107,3.0059962272644043,3.2230820655822754,3.5167884826660156,1.0522295236587524,0.6597824096679688,0.6907342076301575,0.517993152141571,0.7761821150779724,0.7060394883155823,1.0578327178955078,1.2037378549575806,1.4958086013793945,1.7566204071044922,1.9805717468261719,2.3398923873901367,2.4924447536468506,2.8511455059051514,3.0301754474639893
A13,3.306483745574951,2.9417033195495605,2.733128786087036,2.4637327194213867,2.239689826965332,1.912318468093872,1.7164150476455688,1.3751506805419922,1.1438729763031006,0.8158382773399353,0.5618626475334167,0.3823999762535095,0.0,0.36924734711647034,0.5573930144309998,3.318007230758667,3.156477689743042,2.7869555950164795,2.7242274284362793,2.3431131839752197,2.205888032913208,1.847084879875183,1.6733907461166382,1.3616293668746948,1.1832489967346191,1.0822863578796387,0.7236596345901489,0.9346280694007874,0.8617284893989563,0.9875705242156982,3.226325511932373,3.0643274784088135,2.676361083984375,2.741858959197998,2.380011796951294,2.4324679374694824,2.102701425552368,2.311368465423584,2.0734152793884277,2.3092408180236816,2.320661783218384,2.342400312423706,2.7026736736297607,2.7614893913269043,3.0895848274230957,1.6887630224227905,1.8081865310668945,1.527579665184021,1.812999963760376,1.6499614715576172,1.9610763788223267,1.83376944065094,2.212097644805908,2.2285194396972656,2.5844099521636963,2.7596018314361572,2.949213981628418,3.3008713722229004,3.4948127269744873,3.8025104999542236,1.2314231395721436,0.8599611520767212,1.0019115209579468,0.7575640678405762,1.0519107580184937,0.9456486701965332,1.319969654083252,1.3874092102050781,1.7170730829238892,1.9188482761383057,2.157869815826416,2.509256362915039,2.6248042583465576,2.99393630027771,3.132650136947632
A14,3.656543493270874,3.296921968460083,3.0753138065338135,2.8137528896331787,2.5731472969055176,2.259465217590332,2.039051055908203,1.7159016132354736,1.4568477869033813,1.146166205406189,0.8756952881813049,0.5960229635238647,0.36924734711647034,0.0,0.37664613127708435,3.6252434253692627,3.4420907497406006,3.082850456237793,2.9920923709869385,2.6187589168548584,2.443079710006714,2.1045756340026855,1.8788880109786987,1.5740423202514648,1.324663519859314,1.1585818529129028,0.7662931084632874,0.8122125864028931,0.6328864097595215,0.6731421947479248,3.577611207962036,3.401552438735962,3.0152745246887207,3.0598952770233154,2.6924922466278076,2.7153477668762207,2.3705291748046875,2.538414716720581,2.2648956775665283,2.4593605995178223,2.4308502674102783,2.404881238937378,2.7534327507019043,2.7632224559783936,3.093193769454956,1.5609441995620728,1.756428599357605,1.5408934354782104,1.8461081981658936,1.7527986764907837,2.0979204177856445,2.0295777320861816,2.4199321269989014,2.482133150100708,2.843956232070923,3.0399136543273926,3.24841046333313,3.59367036819458,3.8062994480133057,4.106685638427734,1.054432988166809,0.7510819435119629,1.0282056331634521,0.8627710938453674,1.227759838104248,1.2224000692367554,1.5962598323822021,1.7142951488494873,2.0452780723571777,2.267355442047119,2.511476993560791,2.862597942352295,2.9890575408935547,3.3571691513061523,3.4999098777770996
A15,3.809946060180664,3.4386825561523438,3.2448365688323975,2.951058864593506,2.7392122745513916,2.414534091949463,2.229074478149414,1.8725091218948364,1.6737347841262817,1.3177714347839355,1.1142334938049316,0.8460830450057983,0.5573930144309998,0.37664613127708435,0.0,3.858189344406128,3.7025227546691895,3.3350629806518555,3.276106595993042,2.8972158432006836,2.748974084854126,2.3953073024749756,2.203606128692627,1.8828331232070923,1.6699539422988892,1.4928685426712036,1.1084372997283936,1.1562774181365967,0.9025835394859314,0.9237673878669739,3.7288153171539307,3.576841115951538,3.192387342453003,3.2773232460021973,2.92236590385437,2.9674174785614014,2.640826463699341,2.8363699913024902,2.5731403827667236,2.7912709712982178,2.757723808288574,2.752488374710083,3.0956053733825684,3.1046528816223145,3.4426894187927246,1.8944640159606934,2.104924440383911,1.8862098455429077,2.166908025741577,2.052917242050171,2.40067458152771,2.3070130348205566,2.6876769065856934,2.7377099990844727,3.0843849182128906,3.2828991413116455,3.459899425506592,3.8185296058654785,4.01329231262207,4.31066370010376,1.357465147972107,1.0785249471664429,1.3641835451126099,1.2146008014678955,1.56064772605896,1.4962838888168335,1.8682756423950195,1.9362831115722656,2.253749132156372,2.4454703330993652,2.6603524684906006,3.020839214324951,3.1046559810638428,3.4729814529418945,3.599210262298584
B1,0.951765775680542,1.1051892042160034,0.905112624168396,1.2900527715682983,1.2845640182495117,1.579356074333191,1.667844295501709,2.047245502471924,2.186938524246216,2.554297924041748,2.760359525680542,3.060272693634033,3.318007230758667,3.6252434253692627,3.858189344406128,0.0,0.39361822605133057,0.5883723497390747,0.8958538770675659,1.1446313858032227,1.4406617879867554,1.619004726409912,1.9856339693069458,2.1718249320983887,2.54101300239563,2.792222499847412,3.0529215335845947,3.3695573806762695,3.63999605178833,3.896467924118042,0.9746526479721069,0.7059335708618164,0.8818227052688599,0.6010976433753967,0.940326988697052,0.9671192169189453,1.3249591588974,1.3979111909866333,1.7714834213256836,1.9353662729263306,2.220120906829834,2.5208683013916016,2.6342475414276123,2.998828649520874,3.086035966873169,3.4751901626586914,3.1429717540740967,2.864046096801758,2.756525754928589,2.4876887798309326,2.1837668418884277,1.951698899269104,1.6903070211410522,1.3591059446334839,1.1504321098327637,0.7714695930480957,0.6948423385620117,0.5353584289550781,0.49247074127197266,0.8195733428001404,3.570168972015381,3.3489489555358887,2.9722676277160645,2.9100241661071777,2.5357794761657715,2.4129953384399414,2.044080972671509,1.9617626667022705,1.6169862747192383,1.5546815395355225,1.4317907094955444,1.1893724203109741,1.471884846687317,1.386808156967163,1.6604889631271362
B2,1.287160873413086,1.3573331832885742,1.0825321674346924,1.4247127771377563,1.3207710981369019,1.5776785612106323,1.5858314037322998,1.97109854221344,2.0429298877716064,2.425882577896118,2.5949699878692627,2.885021448135376,3.156477689743042,3.4420907497406006,3.7025227546691895,0.39361822605133057,0.0,0.3957253396511078,0.5604829788208008,0.8820146918296814,1.1265288591384888,1.3681775331497192,1.70256769657135,1.9292080402374268,2.280574083328247,2.543137311935425,2.8274271488189697,3.120955228805542,3.4141275882720947,3.6591928005218506,1.2930537462234497,0.9875705242156982,1.0286978483200073,0.6441722512245178,0.8455526828765869,0.7719364166259766,1.0910757780075073,1.086346983909607,1.4723634719848633,1.5911612510681152,1.8925224542617798,2.1718015670776367,2.2804465293884277,2.6452581882476807,2.7185397148132324,3.169250965118408,2.824741840362549,2.5705206394195557,2.46290922164917,2.2258760929107666,1.90464448928833,1.7140036821365356,1.457179069519043,1.154378056526184,0.9981356859207153,0.6294324994087219,0.7642483711242676,0.6523273587226868,0.8034113645553589,1.0888516902923584,3.307554006576538,3.112746477127075,2.7263290882110596,2.6797404289245605,2.2955076694488525,2.22406268119812,1.8468245267868042,1.8257105350494385,1.5153186321258545,1.5242340564727783,1.485937237739563,1.3102028369903564,1.6507781744003296,1.6437042951583862,1.9165453910827637
B3,1.208736538887024,1.1627222299575806,0.8481695652008057,1.1392549276351929,1.007099986076355,1.2141433954238892,1.2271568775177002,1.5996723175048828,1.675966739654541,2.056830406188965,2.225421905517578,2.5300700664520264,2.7869555950164795,3.082850456237793,3.3350629806518555,0.5883723497390747,0.3957253396511078,0.0,0.39346399903297424,0.5578718781471252,0.8717744946479797,1.0390231609344482,1.4055732488632202,1.6108537912368774,1.9693800210952759,2.2423949241638184,2.4996120929718018,2.8112974166870117,3.093770742416382,3.334681749343872,1.1875730752944946,0.8825257420539856,0.7754967212677002,0.3832905888557434,0.4639556109905243,0.4910978674888611,0.7830049991607666,0.896031379699707,1.2685171365737915,1.457661747932434,1.771633267402649,2.047896146774292,2.218017816543579,2.57161545753479,2.6888391971588135,2.9288220405578613,2.608013153076172,2.323381185531616,2.25655460357666,1.9910153150558472,1.7116366624832153,1.4744625091552734,1.2853745222091675,0.9302948713302612,0.8816470503807068,0.5382611751556396,0.7295106649398804,0.8179837465286255,0.9665877223014832,1.3094573020935059,3.0206491947174072,2.7987060546875,2.422990083694458,2.345057964324951,1.9661104679107666,1.8620461225509644,1.4893290996551514,1.4381043910980225,1.1305832862854004,1.1357616186141968,1.1349838972091675,1.000311017036438,1.369921326637268,1.4387295246124268,1.7117923498153687
B4,1.5922951698303223,1.5282927751541138,1.2126919031143188,1.457428216934204,1.267500400543213,1.4046746492385864,1.335179090499878,1.6833469867706299,1.6694302558898926,2.057429790496826,2.166783571243286,2.4622275829315186,2.7242274284362793,2.9920923709869385,3.276106595993042,0.8958538770675659,0.5604829788208008,0.39346399903297424,0.0,0.39149633049964905,0.6102333664894104,0.8895670175552368,1.1932199001312256,1.4712488651275635,1.7914345264434814,2.0899791717529297,2.3692381381988525,2.648960590362549,2.9611976146698,3.1789209842681885,1.5693750381469727,1.2753700017929077,1.1334213018417358,0.7598860263824463,0.6724876165390015,0.5866954326629639,0.7201307415962219,0.7056806087493896,1.083126425743103,1.194551944732666,1.542150616645813,1.771226406097412,1.942017674446106,2.2916712760925293,2.3847010135650635,2.6960110664367676,2.362100124359131,2.114140272140503,2.061544895172119,1.84596586227417,1.5546236038208008,1.3830654621124268,1.2271311283111572,0.9377248287200928,0.984595537185669,0.729985237121582,1.039092779159546,1.0983799695968628,1.3013442754745483,1.6113052368164062,2.8445980548858643,2.6552271842956543,2.2725207805633545,2.202807903289795,1.8144606351852417,1.7801332473754883,1.409672498703003,1.4328917264938354,1.2045427560806274,1.2782667875289917,1.3791528940200806,1.2985143661499023,1.6801217794418335,1.7888025045394897,2.036885976791382
B5,1.6384625434875488,1.4795316457748413,1.1559271812438965,1.3037054538726807,1.0769457817077637,1.1210678815841675,1.023347020149231,1.3357843160629272,1.3010305166244507,1.6858100891113281,1.785459041595459,2.0939176082611084,2.3431131839752197,2.6187589168548584,2.8972158432006836,1.1446313858032227,0.8820146918296814,0.5578718781471252,0.39149633049964905,0.0,0.39020973443984985,0.5369833707809448,0.8820809721946716,1.1377766132354736,1.46340811252594,1.7747864723205566,2.0245511531829834,2.322662591934204,2.6239705085754395,2.8377153873443604,1.595856785774231,1.3214318752288818,1.0689787864685059,0.7868162393569946,0.5096508860588074,0.5148481130599976,0.4628686010837555,0.6132150888442993,0.9200487732887268,1.115975022315979,1.4579347372055054,1.67549467086792,1.9130287170410156,2.2399487495422363,2.3830952644348145,2.4462716579437256,2.142214775085449,1.8602428436279297,1.8571990728378296,1.6136374473571777,1.3823533058166504,1.1662627458572388,1.1130592823028564,0.806035578250885,0.9892129302024841,0.8290232419967651,1.1352256536483765,1.3093230724334717,1.5065020322799683,1.8417516946792603,2.542149305343628,2.324530601501465,1.9538887739181519,1.8503613471984863,1.4664808511734009,1.402699589729309,1.0366277694702148,1.0470472574234009,0.8555871248245239,0.965254008769989,1.140737533569336,1.1460269689559937,1.5265049934387207,1.7119147777557373,1.9502183198928833
B6,1.9908214807510376,1.8246705532073975,1.4770262241363525,1.5756323337554932,1.283578634262085,1.3002482652664185,1.0907269716262817,1.3681623935699463,1.233015537261963,1.6080304384231567,1.6641498804092407,1.928340196609497,2.205888032913208,2.443079710006714,2.748974084854126,1.4406617879867554,1.1265288591384888,0.8717744946479797,0.6102333664894104,0.39020973443984985,0.0,0.38395294547080994,0.5938729047775269,0.8982245326042175,1.193358302116394,1.4959495067596436,1.7866467237472534,2.0481789112091064,2.3710973262786865,2.5829994678497314,1.948807716369629,1.6460918188095093,1.3860551118850708,1.1080586910247803,0.8134707808494568,0.6616789102554321,0.4230961203575134,0.3742835521697998,0.59444260597229,0.7485832571983337,1.0976225137710571,1.2902781963348389,1.5431747436523438,1.860068678855896,2.0137057304382324,2.094752550125122,1.7742308378219604,1.5154578685760498,1.5034798383712769,1.300199031829834,1.0598050355911255,0.9168683290481567,0.9131760001182556,0.7314758896827698,1.000779151916504,0.9707841873168945,1.333970546722412,1.5104831457138062,1.7686140537261963,2.070704460144043,2.239157199859619,2.0613458156585693,1.6776607036590576,1.6227436065673828,1.2338054180145264,1.2672436237335205,0.9153177738189697,1.0709607601165771,0.9635921716690063,1.1898722648620605,1.395117998123169,1.4771206378936768,1.8506404161453247,2.060121774673462,2.3100595474243164
B7,1.9939357042312622,1.7599985599517822,1.4265950918197632,1.4288525581359863,1.1227816343307495,1.0423234701156616,0.7990425229072571,1.0153465270996094,0.8573316931724548,1.2315599918365479,1.2961419820785522,1.5793192386627197,1.847084879875183,2.1045756340026855,2.3953073024749756,1.619004726409912,1.3681775331497192,1.0390231609344482,0.8895670175552368,0.5369833707809448,0.38395294547080994,0.0,0.39858517050743103,0.6023282408714294,0.9358083009719849,1.2423906326293945,1.4886064529418945,1.7889610528945923,2.0871856212615967,2.306684970855713,1.9382940530776978,1.6632695198059082,1.3378791809082031,1.161723256111145,0.7939176559448242,0.7431544661521912,0.38709720969200134,0.5895071029663086,0.6418395042419434,0.9160998463630676,1.1977895498275757,1.386100172996521,1.6934272050857544,1.9750863313674927,2.183236598968506,1.9602996110916138,1.6871733665466309,1.3719955682754517,1.416935682296753,1.158491849899292,1.018237590789795,0.7936204671859741,0.9214808344841003,0.7317668199539185,1.0785441398620605,1.1069626808166504,1.4186084270477295,1.6718676090240479,1.9062694311141968,2.225883722305298,2.0144402980804443,1.787979006767273,1.4197895526885986,1.3202579021453857,0.935097336769104,0.9020237326622009,0.5394314527511597,0.7005366086959839,0.6555761694908142,0.937711775302887,1.1888654232025146,1.3561313152313232,1.698907732963562,1.9627858400344849,2.201908826828003
B8,2.392038106918335,2.151109218597412,1.819793939590454,1.794726014137268,1.4744144678115845,1.3538451194763184,1.0617903470993042,1.175133466720581,0.8933183550834656,1.2022266387939453,1.1671462059020996,1.398208498954773,1.6733907461166382,1.8788880109786987,2.203606128692627,1.9856339693069458,1.70256769657135,1.4055732488632202,1.1932199001312256,0.8820809721946716,0.5938729047775269,0.39858517050743103,0.0,0.3906582295894623,0.606041669845581,0.9435881972312927,1.2136894464492798,1.467531442642212,1.7962347269058228,1.9927175045013428,2.33577036857605,2.0584864616394043,1.731458306312561,1.5546488761901855,1.1915192604064941,1.0973384380340576,0.7241554260253906,0.7655828595161438,0.6231236457824707,0.8037152290344238,1.0343632698059082,1.1300818920135498,1.4796943664550781,1.7143453359603882,1.9401534795761108,1.5861691236495972,1.3198524713516235,1.0244766473770142,1.1304470300674438,0.9405826926231384,0.876105785369873,0.7730652093887329,1.0147260427474976,0.9744621515274048,1.3473998308181763,1.4380242824554443,1.7712141275405884,2.014505624771118,2.274104118347168,2.5782320499420166,1.6779658794403076,1.487935185432434,1.118048906326294,1.0401495695114136,0.6557480096817017,0.782443106174469,0.5344052314758301,0.8458852171897888,0.9492039680480957,1.2572764158248901,1.5362873077392578,1.7352436780929565,2.062300205230713,2.3440752029418945,2.571889638900757
B9,2.4697611331939697,2.194483995437622,1.8689037561416626,1.763309121131897,1.4272093772888184,1.263918399810791,0.9271600246429443,0.9455648064613342,0.6079962849617004,0.8686703443527222,0.858810305595398,1.0511789321899414,1.3616293668746948,1.5740423202514648,1.8828331232070923,2.1718249320983887,1.9292080402374268,1.6108537912368774,1.4712488651275635,1.1377766132354736,0.8982245326042175,0.6023282408714294,0.3906582295894623,0.0,0.39357855916023254,0.645057201385498,0.9016504883766174,1.2006683349609375,1.4924699068069458,1.731207251548767,2.4075236320495605,2.1356303691864014,1.7853856086730957,1.680516004562378,1.3113312721252441,1.2275506258010864,0.8531327247619629,0.9670671820640564,0.7329108715057373,0.9906226396560669,1.107271432876587,1.2274953126907349,1.5865105390548706,1.782770037651062,2.064072847366333,1.4446970224380493,1.2326596975326538,0.8668867945671082,0.9914870262145996,0.7279465198516846,0.8006724715232849,0.6450411081314087,0.9928897619247437,1.0059571266174316,1.394106388092041,1.5572819709777832,1.8471431732177734,2.139012098312378,2.39756178855896,2.692599058151245,1.4267007112503052,1.191396951675415,0.8207542896270752,0.7636833786964417,0.392729789018631,0.49857592582702637,0.34618571400642395,0.7417075634002686,0.8933793306350708,1.2484687566757202,1.5008604526519775,1.7746144533157349,2.061521053314209,2.3693065643310547,2.605731725692749
B10,2.8454749584198,2.560109853744507,2.2470335960388184,2.1290628910064697,1.8045148849487305,1.6063977479934692,1.2840532064437866,1.217768669128418,0.8366503715515137,0.954365074634552,0.7912349700927734,0.8989706635475159,1.1832489967346191,1.324663519859314,1.6699539422988892,2.54101300239563,2.280574083328247,1.9693800210952759,1.7914345264434814,1.46340811252594,1.193358302116394,0.9358083009719849,0.606041669845581,0.39357855916023254,0.0,0.3951473832130432,0.6232545971870422,0.8648239374160767,1.1936430931091309,1.3897610902786255,2.7812087535858154,2.5203733444213867,2.1646578311920166,2.06003999710083,1.6854188442230225,1.6071856021881104,1.228018879890442,1.2894513607025146,1.0113568305969238,1.1646193265914917,1.2212029695510864,1.2236963510513306,1.601825475692749,1.7253199815750122,2.0164756774902344,1.1270779371261597,0.9794125556945801,0.6404882669448853,0.9099750518798828,0.7730761170387268,0.966867208480835,0.9388023614883423,1.3107565641403198,1.3806123733520508,1.7668999433517456,1.9366480112075806,2.2371935844421387,2.520519733428955,2.783848762512207,3.0782783031463623,1.1010417938232422,0.8871945142745972,0.5418795347213745,0.4628707766532898,0.16961897909641266,0.5502275824546814,0.6409730911254883,0.9955649971961975,1.2370357513427734,1.5644127130508423,1.8457424640655518,2.1248700618743896,2.396735906600952,2.719264268875122,2.933598518371582
B11,3.0699961185455322,2.7797915935516357,2.461637258529663,2.306195020675659,1.968172550201416,1.780350685119629,1.4363571405410767,1.3270453214645386,0.9603603482246399,0.9649994373321533,0.8214271664619446,0.75013267993927,1.0822863578796387,1.1585818529129028,1.4928685426712036,2.792222499847412,2.543137311935425,2.2423949241638184,2.0899791717529297,1.7747864723205566,1.4959495067596436,1.2423906326293945,0.9435881972312927,0.645057201385498,0.3951473832130432,0.0,0.3929674029350281,0.5925373435020447,0.8933470249176025,1.1548190116882324,3.005809783935547,2.7339913845062256,2.3819258213043213,2.3022067546844482,1.941247820854187,1.831566333770752,1.4680986404418945,1.5130510330200195,1.1784582138061523,1.3273770809173584,1.2723870277404785,1.2713236808776855,1.6231731176376343,1.6905953884124756,2.0231428146362305,0.9145265817642212,0.8407876491546631,0.4782932996749878,0.7481095790863037,0.6397954821586609,0.9665912389755249,0.9891825914382935,1.381577730178833,1.5297528505325317,1.8986377716064453,2.129149913787842,2.408912181854248,2.7069640159606934,2.9847781658172607,3.2555994987487793,0.788118839263916,0.5812745690345764,0.18413281440734863,0.4162656366825104,0.4391392171382904,0.7312859892845154,0.8957788944244385,1.243474006652832,1.4613021612167358,1.8099933862686157,2.047429323196411,2.3626043796539307,2.6126413345336914,2.937668800354004,3.1685640811920166
B12,3.239044189453125,2.918830394744873,2.633641481399536,2.4352433681488037,2.129117727279663,1.883554458618164,1.5789287090301514,1.3719574213027954,1.019776701927185,0.8805721998214722,0.6392437219619751,0.4471200108528137,0.7236596345901489,0.7662931084632874,1.1084372997283936,3.0529215335845947,2.8274271488189697,2.4996120929718018,2.3692381381988525,2.0245511531829834,1.7866467237472534,1.4886064529418945,1.2136894464492798,0.9016504883766174,0.6232545971870422,0.3929674029350281,0.0,0.3869386613368988,0.6038239598274231,0.8517720103263855,3.1684935092926025,2.9310121536254883,2.5603034496307373,2.528120756149292,2.157952308654785,2.104118585586548,1.7418882846832275,1.8433340787887573,1.5358086824417114,1.7053210735321045,1.6651496887207031,1.6483427286148071,2.000300884246826,2.0406739711761475,2.3722212314605713,1.031365990638733,1.0949550867080688,0.8060460090637207,1.1080856323242188,1.0109518766403198,1.3486136198043823,1.3256299495697021,1.7221630811691284,1.8309004306793213,2.2021405696868896,2.418159008026123,2.6724960803985596,2.9914262294769287,3.2449545860290527,3.5300536155700684,0.6948950886726379,0.3372785747051239,0.2834157645702362,0.24463188648223877,0.5753058791160583,0.747782826423645,1.0460553169250488,1.311413288116455,1.593535304069519,1.901747465133667,2.15175724029541,2.486863613128662,2.6953203678131104,3.041954517364502,3.242299795150757
B13,3.6047427654266357,3.2925851345062256,2.997654914855957,2.810995101928711,2.495077610015869,2.263226270675659,1.9481066465377808,1.7560869455337524,1.401560664176941,1.2610236406326294,1.005588412284851,0.7565147280693054,0.9346280694007874,0.8122125864028931,1.1562774181365967,3.3695573806762695,3.120955228805542,2.8112974166870117,2.648960590362549,2.322662591934204,2.0481789112091064,1.7889610528945923,1.467531442642212,1.2006683349609375,0.8648239374160767,0.5925373435020447,0.3869386613368988,0.0,0.37926313281059265,0.5721563100814819,3.536039113998413,3.2865171432495117,2.921790838241577,2.8664636611938477,2.4970016479492188,2.4142277240753174,2.046483278274536,2.0942368507385254,1.7574125528335571,1.8589565753936768,1.7673043012619019,1.6766060590744019,2.0040783882141113,1.9743289947509766,2.303446054458618,0.7612599730491638,0.9519581198692322,0.7956014275550842,1.1224673986434937,1.1530176401138306,1.5116623640060425,1.5733604431152344,1.9630738496780396,2.1206207275390625,2.487851858139038,2.719015121459961,2.992011070251465,3.296605110168457,3.567969799041748,3.8427786827087402,0.33927685022354126,0.1461043506860733,0.4178650677204132,0.5513654947280884,0.8753702640533447,1.117803931236267,1.395753264427185,1.681956171989441,1.9626489877700806,2.276742458343506,2.531461715698242,2.8608546257019043,3.078223705291748,3.422663450241089,3.6246392726898193
