,A1,A2,A3,A4,A5,A6,A7,A8,A9,A10,A11,A12,A13,A14,A15,B1,B2,B3,B4,B5,B6,B7,B8,B9,B10,B11,B12,B13,B14,B15,C1,C2,C3,C4,C5,C6,C7,C8,C9,C10,C11,C12,C13,C14,C15,D1,D2,D3,D4,D5,D6,D7,D8,D9,D10,D11,D12,D13,D14,D15,E1,E2,E3,E4,E5,E6,E7,E8,E9,E10,E11,E12,E13,E14,E15
A1,0.0,0.38242465257644653,0.5698065161705017,0.8854114413261414,1.1331549882888794,1.4555448293685913,1.7418593168258667,2.023017406463623,2.3551576137542725,2.3161349296569824,2.0674681663513184,1.8509029150009155,1.5049161911010742,1.3541450500488281,1.0580655336380005,1.6411569118499756,1.6681387424468994,1.6542553901672363,1.562505841255188,1.8887219429016113,1.886403203010559,2.2496447563171387,2.3142449855804443,2.5618693828582764,2.4572246074676514,2.3940391540527344,2.219459056854248,1.888735294342041,2.0284998416900635,1.7652913331985474,0.46169137954711914,0.5679225325584412,0.8893612623214722,1.081460952758789,1.4133014678955078,1.680126428604126,1.9986501932144165,2.2759621143341064,2.571377754211426,2.496833324432373,2.2422611713409424,1.9923865795135498,1.6433031558990479,1.5074007511138916,1.1488462686538696,1.428075909614563,1.4809019565582275,1.2618533372879028,1.219748854637146,1.367837905883789,1.3495450019836426,1.655730962753296,1.6542977094650269,1.9892582893371582,2.038151979446411,2.0086922645568848,1.965144395828247,1.6296089887619019,1.813469648361206,1.6595556735992432,1.3007913827896118,1.2503935098648071,0.8916692733764648,0.8548721075057983,0.8144844174385071,0.8613817691802979,1.0819090604782104,1.1231461763381958,1.509741187095642,1.6340597867965698,1.5830869674682617,1.6160470247268677,1.313996434211731,1.476393222808838,1.4365946054458618
A2,0.38242465257644653,0.0,0.37920260429382324,0.608466386795044,0.8720760345458984,1.1915724277496338,1.469666838645935,1.7792805433273315,2.078284502029419,2.0074830055236816,1.7369903326034546,1.4951503276824951,1.163633942604065,0.9813440442085266,0.6826835870742798,1.6523056030273438,1.5954688787460327,1.6002495288848877,1.4418842792510986,1.7716444730758667,1.734886884689331,2.092078447341919,2.1654746532440186,2.371824264526367,2.2195446491241455,2.1582529544830322,1.959875464439392,1.6559933423995972,1.806427001953125,1.5587140321731567,0.6629615426063538,0.5082679986953735,0.8533013463020325,0.9376212954521179,1.2849693298339844,1.521491527557373,1.8350417613983154,2.1259453296661377,2.3789658546447754,2.259913444519043,1.9876201152801514,1.7012131214141846,1.3752678632736206,1.204071283340454,0.8302455544471741,1.5177509784698486,1.4757484197616577,1.252608060836792,1.0984011888504028,1.2455580234527588,1.1403907537460327,1.4550261497497559,1.4295791387557983,1.7228567600250244,1.7296276092529297,1.7264931201934814,1.6809965372085571,1.367571473121643,1.6025452613830566,1.482269048690796,1.3509652614593506,1.1891353130340576,0.8310284614562988,0.6516597270965576,0.5484735369682312,0.4877924621105194,0.7362361550331116,0.8032045364379883,1.176790714263916,1.266599178314209,1.2043440341949463,1.2418124675750732,0.9591152667999268,1.1625615358352661,1.186983585357666
A3,0.5698065161705017,0.37920260429382324,0.0,0.3755769729614258,0.5643724203109741,0.8952671885490417,1.172324538230896,1.4588546752929688,1.7897628545761108,1.7691409587860107,1.524444818496704,1.3510586023330688,1.0074272155761719,0.9104514718055725,0.7205958962440491,1.371220350265503,1.321587324142456,1.401572823524475,1.2933684587478638,1.6577070951461792,1.6929957866668701,2.055708885192871,2.195225715637207,2.417858123779297,2.254397392272949,2.130078077316284,1.8851197957992554,1.5651756525039673,1.6394597291946411,1.3387080430984497,0.5427013039588928,0.21664534509181976,0.5573336482048035,0.691660463809967,0.9816799759864807,1.2703495025634766,1.5489215850830078,1.8698233366012573,2.1345739364624023,2.050532341003418,1.7560545206069946,1.5041570663452148,1.1807111501693726,0.985593318939209,0.6625572443008423,1.4506912231445312,1.4156410694122314,1.286360263824463,1.1353102922439575,1.3792515993118286,1.312439203262329,1.6625890731811523,1.6877189874649048,1.9548923969268799,1.895907998085022,1.8622685670852661,1.7429155111312866,1.4154958724975586,1.613281011581421,1.4227067232131958,1.5394898653030396,1.3797225952148438,1.0669797658920288,0.8215451240539551,0.8367120027542114,0.6567623615264893,0.9346069693565369,0.9010826945304871,1.2128700017929077,1.24685537815094,1.2654510736465454,1.293306827545166,1.0193482637405396,1.2942876815795898,1.2935268878936768
A4,0.8854114413261414,0.608466386795044,0.3755769729614258,0.0,0.381657212972641,0.6014047861099243,0.9252988696098328,1.1985207796096802,1.4952892065048218,1.4326608180999756,1.2047899961471558,1.0222976207733154,0.6585590839385986,0.6538519263267517,0.5205519795417786,1.290022373199463,1.1394965648651123,1.2228256464004517,1.0549652576446533,1.4099469184875488,1.4334022998809814,1.7817738056182861,1.9477863311767578,2.1453075408935547,1.9536070823669434,1.8063198328018188,1.5370569229125977,1.233230710029602,1.29830801486969,1.0124962329864502,0.8461107611656189,0.4681609272956848,0.5764296054840088,0.4874389171600342,0.7714260220527649,0.9927560687065125,1.2702525854110718,1.5868841409683228,1.8147622346878052,1.6991114616394043,1.4018784761428833,1.1333374977111816,0.8146272301673889,0.6240533590316772,0.2978169023990631,1.425891399383545,1.3002800941467285,1.2056808471679688,0.9758867025375366,1.244153618812561,1.1534488201141357,1.5091882944107056,1.5707244873046875,1.7953287363052368,1.6738542318344116,1.61544930934906,1.4491875171661377,1.1356618404388428,1.3342859745025635,1.148281455039978,1.5482006072998047,1.3213638067245483,1.0765879154205322,0.7447454333305359,0.8330442905426025,0.6041601300239563,0.9204515218734741,0.9428853988647461,1.1735917329788208,1.09055757522583,1.083850622177124,1.0371471643447876,0.7623035907745361,1.0674402713775635,1.0670201778411865
A5,1.1331549882888794,0.8720760345458984,0.5643724203109741,0.381657212972641,0.0,0.386158287525177,0.6092637777328491,0.922527015209198,1.2403665781021118,1.2478206157684326,1.003745675086975,0.9163520336151123,0.6288278102874756,0.6511815190315247,0.7230175733566284,1.3563132286071777,1.2103807926177979,1.395311951637268,1.2757841348648071,1.6330676078796387,1.697990894317627,2.0273385047912598,2.2322535514831543,2.409914255142212,2.187110424041748,2.0062577724456787,1.6914361715316772,1.4214404821395874,1.4044735431671143,1.0861773490905762,1.0245503187179565,0.6589221358299255,0.7257253527641296,0.692568302154541,0.8052863478660583,1.0638998746871948,1.2446026802062988,1.6067179441452026,1.8067398071289062,1.7041159868240356,1.3593868017196655,1.1090646982192993,0.8747352957725525,0.5697892904281616,0.4457990229129791,1.7085497379302979,1.5964393615722656,1.5549383163452148,1.3288918733596802,1.6088521480560303,1.4984337091445923,1.841058373451233,1.8780256509780884,2.0565638542175293,1.8950666189193726,1.8686742782592773,1.6839324235916138,1.4108576774597168,1.6084896326065063,1.4105254411697388,1.9274131059646606,1.7005091905593872,1.4546799659729004,1.1185352802276611,1.1552544832229614,0.8462214469909668,1.0662387609481812,0.9599886536598206,1.0970194339752197,0.998096764087677,1.118349313735962,1.1443817615509033,0.9764904379844666,1.3290419578552246,1.3823753595352173
A6,1.4555448293685913,1.1915724277496338,0.8952671885490417,0.6014047861099243,0.386158287525177,0.0,0.3732016682624817,0.6006223559379578,0.9020103216171265,0.9016947746276855,0.7310965657234192,0.7337554693222046,0.4972124397754669,0.7282769083976746,0.8879797458648682,1.2735458612442017,1.0459742546081543,1.263471007347107,1.139362096786499,1.4625458717346191,1.5544756650924683,1.8483726978302002,2.0981733798980713,2.2584903240203857,2.0222432613372803,1.7944732904434204,1.4493329524993896,1.211073398590088,1.1201997995376587,0.8074216842651367,1.3082430362701416,0.9442341923713684,0.8649882674217224,0.6980025768280029,0.6628037095069885,0.8246603608131409,0.935258150100708,1.2976702451705933,1.4554082155227661,1.348650336265564,0.9908939003944397,0.7724618911743164,0.6035362482070923,0.3187066316604614,0.4950089156627655,1.7308775186538696,1.5667177438735962,1.5924118757247925,1.34786856174469,1.648518443107605,1.5563712120056152,1.8885433673858643,1.9738454818725586,2.113922357559204,1.8947007656097412,1.8284729719161987,1.582352876663208,1.342227816581726,1.4909112453460693,1.278933048248291,2.0454301834106445,1.797168254852295,1.6206624507904053,1.267857313156128,1.3733301162719727,1.0869449377059937,1.316495418548584,1.2560547590255737,1.3170784711837769,1.1115833520889282,1.2172341346740723,1.1605161428451538,1.0273882150650024,1.361314296722412,1.3863331079483032
A7,1.7418593168258667,1.469666838645935,1.172324538230896,0.9252988696098328,0.6092637777328491,0.3732016682624817,0.0,0.3879314363002777,0.6559876203536987,0.7485096454620361,0.5653234720230103,0.7240584492683411,0.6736851334571838,0.865841269493103,1.1305372714996338,1.534871220588684,1.3191285133361816,1.5804082155227661,1.4770408868789673,1.7771430015563965,1.8730894327163696,2.1389636993408203,2.4007294178009033,2.528352975845337,2.2626912593841553,2.026937961578369,1.6617233753204346,1.4824168682098389,1.3490686416625977,1.0698277950286865,1.5934940576553345,1.2412418127059937,1.1870535612106323,1.0634568929672241,0.9658986926078796,1.1051061153411865,1.1069165468215942,1.467991590499878,1.561148762702942,1.4510564804077148,1.0720285177230835,0.8880876898765564,0.8680490851402283,0.5719951391220093,0.8075428009033203,2.0889971256256104,1.9284507036209106,1.964582085609436,1.711999773979187,1.9990198612213135,1.875765085220337,2.1881885528564453,2.2420461177825928,2.337474822998047,2.0909461975097656,2.0637331008911133,1.8239285945892334,1.6337677240371704,1.7951740026474,1.6065541505813599,2.41129732131958,2.1521263122558594,1.9667236804962158,1.605987787246704,1.6636786460876465,1.3353431224822998,1.4911015033721924,1.361116886138916,1.3242201805114746,1.1007635593414307,1.2979987859725952,1.3033690452575684,1.2685178518295288,1.6159117221832275,1.694667100906372
A8,2.023017406463623,1.7792805433273315,1.4588546752929688,1.1985207796096802,0.922527015209198,0.6006223559379578,0.3879314363002777,0.0,0.4028247892856598,0.6344383955001831,0.6680456399917603,0.9407408833503723,0.9314887523651123,1.2030038833618164,1.4505637884140015,1.4656838178634644,1.2351956367492676,1.5356695652008057,1.4854851961135864,1.745071530342102,1.895161747932434,2.124436140060425,2.4296460151672363,2.5619029998779297,2.3111953735351562,2.027523994445801,1.655168056488037,1.5005494356155396,1.277321696281433,1.0152896642684937,1.814132809638977,1.483798623085022,1.336483359336853,1.190942406654358,0.9707140326499939,1.0389115810394287,0.9122450351715088,1.249817967414856,1.3080717325210571,1.2559492588043213,0.8962564468383789,0.8569987416267395,0.9221064448356628,0.766938328742981,1.077609896659851,2.140326976776123,1.976393461227417,2.0818490982055664,1.855942726135254,2.1675119400024414,2.089437961578369,2.4009368419647217,2.501133680343628,2.591002941131592,2.319934606552124,2.2486326694488525,1.9624592065811157,1.7858738899230957,1.8786108493804932,1.6588701009750366,2.590791702270508,2.345796823501587,2.2028257846832275,1.8519442081451416,1.9660803079605103,1.666969656944275,1.8527941703796387,1.744368314743042,1.7059749364852905,1.4595394134521484,1.6347218751907349,1.5868616104125977,1.542657494544983,1.8597280979156494,1.8882193565368652
A9,2.3551576137542725,2.078284502029419,1.7897628545761108,1.4952892065048218,1.2403665781021118,0.9020103216171265,0.6559876203536987,0.4028247892856598,0.0,0.3764485716819763,0.5727352499961853,0.9335649609565735,1.0664762258529663,1.350152850151062,1.646378755569458,1.792601466178894,1.5204850435256958,1.7893260717391968,1.7014505863189697,1.9026048183441162,2.0197153091430664,2.1954054832458496,2.5011062622070312,2.578078508377075,2.29776930809021,2.012871026992798,1.6383808851242065,1.574282169342041,1.337996006011963,1.17715322971344,2.1832146644592285,1.8356940746307373,1.6997562646865845,1.504933476448059,1.2963680028915405,1.2687196731567383,1.094580054283142,1.354967474937439,1.2898821830749512,1.18186616897583,0.8532087802886963,0.8519071340560913,1.0656957626342773,0.9554934501647949,1.31389319896698,2.4334161281585693,2.226663589477539,2.3320040702819824,2.075627565383911,2.355804681777954,2.2490456104278564,2.52325439453125,2.617851495742798,2.6494507789611816,2.339282274246216,2.279900312423706,1.989353060722351,1.884655237197876,1.9742590188980103,1.8068877458572388,2.8369052410125732,2.5611119270324707,2.448911428451538,2.0877249240875244,2.1911113262176514,1.8893426656723022,2.03804874420166,1.9473552703857422,1.840105652809143,1.5414928197860718,1.7097676992416382,1.6437511444091797,1.6755690574645996,1.9652700424194336,2.023927927017212
A10,2.3161349296569824,2.0074830055236816,1.7691409587860107,1.4326608180999756,1.2478206157684326,0.9016947746276855,0.7485096454620361,0.6344383955001831,0.3764485716819763,0.0,0.37652966380119324,0.6880700588226318,0.8858617544174194,1.1888939142227173,1.4852477312088013,1.8679816722869873,1.5473616123199463,1.7484322786331177,1.5884193181991577,1.7541533708572388,1.809418797492981,1.961031436920166,2.2418010234832764,2.279269218444824,1.9762394428253174,1.7127457857131958,1.342085361480713,1.3311313390731812,1.1417698860168457,1.0614018440246582,2.2030560970306396,1.8348863124847412,1.7207211256027222,1.4636404514312744,1.3195995092391968,1.2230764627456665,1.1115562915802002,1.331102967262268,1.2218093872070312,1.008236289024353,0.6862722635269165,0.5970466136932373,0.8906229734420776,0.8242088556289673,1.195167064666748,2.374917984008789,2.1215713024139404,2.1962335109710693,1.9055404663085938,2.1453170776367188,2.011807918548584,2.252979278564453,2.3472483158111572,2.345503091812134,2.0169756412506104,1.957390546798706,1.670352578163147,1.6131850481033325,1.7150729894638062,1.6059396266937256,2.6733059883117676,2.368499279022217,2.2868826389312744,1.9245259761810303,2.0265841484069824,1.7472468614578247,1.8865151405334473,1.855533480644226,1.7390148639678955,1.396803379058838,1.4995625019073486,1.3808174133300781,1.446010708808899,1.6983743906021118,1.7733889818191528
A11,2.0674681663513184,1.7369903326034546,1.524444818496704,1.2047899961471558,1.003745675086975,0.7310965657234192,0.5653234720230103,0.6680456399917603,0.5727352499961853,0.37652966380119324,0.0,0.378081738948822,0.626078724861145,0.8604785203933716,1.1945159435272217,1.8971446752548218,1.598724126815796,1.7886474132537842,1.5965114831924438,1.8135172128677368,1.8292982578277588,2.027256488800049,2.268296718597412,2.3095648288726807,1.9922173023223877,1.7779029607772827,1.4120286703109741,1.358282446861267,1.2541265487670898,1.1237698793411255,2.003875970840454,1.6253082752227783,1.585017442703247,1.3537677526474,1.293744444847107,1.2757436037063599,1.2602629661560059,1.535542607307434,1.4966404438018799,1.2680317163467407,0.9176905751228333,0.6726996898651123,0.8541478514671326,0.6456141471862793,0.9628508687019348,2.3352110385894775,2.094099760055542,2.1091508865356445,1.7964246273040771,2.0175044536590576,1.8376529216766357,2.0834178924560547,2.1268813610076904,2.129214286804199,1.821489930152893,1.8151198625564575,1.577045202255249,1.5008745193481445,1.678351640701294,1.5904815196990967,2.5310709476470947,2.214722156524658,2.0884203910827637,1.7155259847640991,1.760117769241333,1.4500707387924194,1.5504752397537231,1.4986389875411987,1.3640161752700806,1.0240731239318848,1.1567825078964233,1.0961769819259644,1.1920033693313599,1.483414888381958,1.6178096532821655
A12,1.8509029150009155,1.4951503276824951,1.3510586023330688,1.0222976207733154,0.9163520336151123,0.7337554693222046,0.7240584492683411,0.9407408833503723,0.9335649609565735,0.6880700588226318,0.378081738948822,0.0,0.3767659366130829,0.5554808378219604,0.8819047808647156,1.9193363189697266,1.6174229383468628,1.7417168617248535,1.4909002780914307,1.7100826501846313,1.6594587564468384,1.8741934299468994,2.0650813579559326,2.095386028289795,1.7701369524002075,1.6103936433792114,1.2707772254943848,1.2058418989181519,1.2085081338882446,1.102933645248413,1.8614217042922974,1.4785950183868408,1.494844675064087,1.2435091733932495,1.2910209894180298,1.2749077081680298,1.362627625465393,1.6285457611083984,1.6235830783843994,1.3554084300994873,1.0306602716445923,0.680133581161499,0.76278156042099,0.5326429605484009,0.7471649646759033,2.2016234397888184,1.9442466497421265,1.8988651037216187,1.5588129758834839,1.7343913316726685,1.5131410360336304,1.7419242858886719,1.7600388526916504,1.759084939956665,1.4627689123153687,1.480159878730774,1.28097665309906,1.2097994089126587,1.4451158046722412,1.4109013080596924,2.2589213848114014,1.922590970993042,1.794185757637024,1.4235607385635376,1.4384524822235107,1.1437742710113525,1.229454755783081,1.2400739192962646,1.1289547681808472,0.7690638303756714,0.8140926361083984,0.7183378338813782,0.8389943838119507,1.12546968460083,1.302644968032837
A13,1.5049161911010742,1.163633942604065,1.0074272155761719,0.6585590839385986,0.6288278102874756,0.4972124397754669,0.6736851334571838,0.9314887523651123,1.0664762258529663,0.8858617544174194,0.626078724861145,0.3767659366130829,0.0,0.3754405081272125,0.6012338995933533,1.6195378303527832,1.3395512104034424,1.4445720911026,1.1964175701141357,1.4618871212005615,1.4293674230575562,1.697359561920166,1.8874412775039673,1.9801900386810303,1.6977055072784424,1.532950520515442,1.2045540809631348,1.0341761112213135,1.0679779052734375,0.8911164402961731,1.503088116645813,1.1218384504318237,1.1369980573654175,0.8849154114723206,0.99229896068573,1.023962378501892,1.1932140588760376,1.483391284942627,1.5664352178573608,1.3440475463867188,1.0180453062057495,0.6613150835037231,0.5417824983596802,0.24996860325336456,0.37380194664001465,1.8507438898086548,1.6142969131469727,1.5583723783493042,1.2326656579971313,1.442898154258728,1.2574141025543213,1.5397580862045288,1.5887806415557861,1.6712465286254883,1.4253437519073486,1.396439790725708,1.1858636140823364,1.0103570222854614,1.2437413930892944,1.1555380821228027,1.9293253421783447,1.6141258478164673,1.465390920639038,1.0913605690002441,1.146157145500183,0.8641401529312134,1.043249249458313,1.082619071006775,1.09695565700531,0.8114620447158813,0.8080449104309082,0.681663453578949,0.6199438571929932,0.9498192071914673,1.0644077062606812
A14,1.3541450500488281,0.9813440442085266,0.9104514718055725,0.6538519263267517,0.6511815190315247,0.7282769083976746,0.865841269493103,1.2030038833618164,1.350152850151062,1.1888939142227173,0.8604785203933716,0.5554808378219604,0.3754405081272125,0.0,0.37827640771865845,1.8451013565063477,1.6104673147201538,1.6964128017425537,1.4421262741088867,1.7233402729034424,1.6490285396575928,1.9333760738372803,2.0679922103881836,2.1495580673217773,1.865078091621399,1.765436053276062,1.4755020141601562,1.306322455406189,1.4044784307479858,1.2285106182098389,1.4474109411239624,1.082085132598877,1.2201653718948364,1.0454926490783691,1.238229513168335,1.3348342180252075,1.5380879640579224,1.8382642269134521,1.9387738704681396,1.7117012739181519,1.3923532962799072,1.028761625289917,0.8871825337409973,0.5900146961212158,0.4553818106651306,1.9851711988449097,1.7771557569503784,1.6478440761566162,1.3195884227752686,1.4732352495193481,1.2247610092163086,1.4874428510665894,1.448847770690918,1.5322339534759521,1.335724115371704,1.3917527198791504,1.2780307531356812,1.1098730564117432,1.4137228727340698,1.372378945350647,1.9128985404968262,1.5937292575836182,1.3847299814224243,1.0208314657211304,0.9497402906417847,0.6110705137252808,0.6986280083656311,0.725773274898529,0.7441384792327881,0.5046042203903198,0.4955040216445923,0.5180444717407227,0.5095299482345581,0.8739483952522278,1.0859357118606567
A15,1.0580655336380005,0.6826835870742798,0.7205958962440491,0.5205519795417786,0.7230175733566284,0.8879797458648682,1.1305372714996338,1.4505637884140015,1.646378755569458,1.4852477312088013,1.1945159435272217,0.8819047808647156,0.6012338995933533,0.37827640771865845,0.0,1.76456618309021,1.5618942975997925,1.5807422399520874,1.3142644166946411,1.5996112823486328,1.4975560903549194,1.809404730796814,1.900773048400879,2.0176925659179688,1.7779452800750732,1.7154039144515991,1.4778460264205933,1.2568793296813965,1.424100399017334,1.2504390478134155,1.2206928730010986,0.8905069231987,1.0767621994018555,0.9229177832603455,1.2152338027954102,1.3267595767974854,1.603219985961914,1.8817687034606934,2.0338358879089355,1.8262860774993896,1.544459581375122,1.1943496465682983,0.9527859091758728,0.7505398392677307,0.43122485280036926,1.739008903503418,1.5479799509048462,1.360705852508545,1.0456877946853638,1.1698904037475586,0.9260933995246887,1.2141563892364502,1.181402564048767,1.3480162620544434,1.2279212474822998,1.2550843954086304,1.1804122924804688,0.9466355443000793,1.2607874870300293,1.2258623838424683,1.5609301328659058,1.251948356628418,1.0162127017974854,0.6635336875915527,0.5765379667282104,0.2704479396343231,0.5100740194320679,0.6809090375900269,0.8728265166282654,0.7658883333206177,0.6228979229927063,0.5789828896522522,0.3424893915653229,0.6749575734138489,0.8443846702575684
B1,1.6411569118499756,1.6523056030273438,1.371220350265503,1.290022373199463,1.3563132286071777,1.2735458612442017,1.534871220588684,1.4656838178634644,1.792601466178894,1.8679816722869873,1.8971446752548218,1.9193363189697266,1.6195378303527832,1.8451013565063477,1.76456618309021,0.0,0.3823009431362152,0.574955940246582,0.8893657326698303,1.1369292736053467,1.460695743560791,1.7370970249176025,2.0286989212036133,2.3531157970428467,2.3133842945098877,2.0331900119781494,1.8160821199417114,1.479630947113037,1.3218375444412231,1.0289692878723145,1.262027621269226,1.1949496269226074,0.8164014220237732,0.8437545299530029,0.6309279203414917,0.768149733543396,0.8733274340629578,1.026788592338562,1.421773910522461,1.5956107378005981,1.4673058986663818,1.5318050384521484,1.2690536975860596,1.3948945999145508,1.402362585067749,0.9655255079269409,1.024304986000061,1.2930759191513062,1.3628089427947998,1.7351713180541992,1.920535922050476,2.2690980434417725,2.5055692195892334,2.773658514022827,2.638185501098633,2.4201924800872803,2.128725051879883,1.799635887145996,1.7011643648147583,1.324979305267334,1.862823486328125,1.8325749635696411,1.7663400173187256,1.614037036895752,1.909232258796692,1.8443101644515991,2.1942882537841797,2.2107701301574707,2.4292104244232178,2.305077075958252,2.3181166648864746,2.1700832843780518,1.869337558746338,2.0541481971740723,1.8279871940612793
B2,1.6681387424468994,1.5954688787460327,1.321587324142456,1.1394965648651123,1.2103807926177979,1.0459742546081543,1.3191285133361816,1.2351956367492676,1.5204850435256958,1.5473616123199463,1.598724126815796,1.6174229383468628,1.3395512104034424,1.6104673147201538,1.5618942975997925,0.3823009431362152,0.0,0.380057156085968,0.6107102036476135,0.8661329746246338,1.1825767755508423,1.4505786895751953,1.7665139436721802,2.0595932006835938,1.9880541563034058,1.6910438537597656,1.4518306255340576,1.1294870376586914,0.9448794722557068,0.6533200144767761,1.3574199676513672,1.1878505945205688,0.8194520473480225,0.6767692565917969,0.4057922959327698,0.39431899785995483,0.5355654954910278,0.7110933661460876,1.0939399003982544,1.2276413440704346,1.0991449356079102,1.1692945957183838,0.9251164793968201,1.1086561679840088,1.1759461164474487,1.0238027572631836,0.9353395700454712,1.1989738941192627,1.1817659139633179,1.5550885200500488,1.7080093622207642,2.046651840209961,2.2914860248565674,2.5228934288024902,2.352358818054199,2.1270229816436768,1.8119885921478271,1.5079739093780518,1.4038474559783936,1.0316323041915894,1.8048076629638672,1.704063892364502,1.6664142608642578,1.464390516281128,1.7698540687561035,1.686732530593872,2.033828020095825,2.077465057373047,2.259425640106201,2.0856800079345703,2.0787127017974854,1.8953748941421509,1.6167031526565552,1.794503927230835,1.5760676860809326
B3,1.6542553901672363,1.6002495288848877,1.401572823524475,1.2228256464004517,1.395311951637268,1.263471007347107,1.5804082155227661,1.5356695652008057,1.7893260717391968,1.7484322786331177,1.7886474132537842,1.7417168617248535,1.4445720911026,1.6964128017425537,1.5807422399520874,0.574955940246582,0.380057156085968,0.0,0.3745013475418091,0.5646038055419922,0.8946453928947449,1.164494276046753,1.455724835395813,1.7824116945266724,1.7652298212051392,1.494171380996704,1.326568603515625,0.9893041253089905,0.8946150541305542,0.7152133584022522,1.401914119720459,1.2657783031463623,0.9290075302124023,0.7421923279762268,0.6544572114944458,0.5280864238739014,0.7717083692550659,0.8098446130752563,1.176204800605774,1.2761597633361816,1.2234033346176147,1.2693582773208618,0.9959408044815063,1.2465462684631348,1.2544472217559814,0.7376446723937988,0.5904878377914429,0.904542863368988,0.9463655352592468,1.2968307733535767,1.5135313272476196,1.8282493352890015,2.1136980056762695,2.3638834953308105,2.2224860191345215,1.9579285383224487,1.652896523475647,1.3432860374450684,1.1757771968841553,0.8002351522445679,1.5229088068008423,1.448426604270935,1.479932188987732,1.3381831645965576,1.687484622001648,1.6845309734344482,2.0467655658721924,2.1552364826202393,2.3671181201934814,2.195420265197754,2.1235415935516357,1.8962955474853516,1.5848973989486694,1.6874792575836182,1.405112385749817
B4,1.562505841255188,1.4418842792510986,1.2933684587478638,1.0549652576446533,1.2757841348648071,1.139362096786499,1.4770408868789673,1.4854851961135864,1.7014505863189697,1.5884193181991577,1.5965114831924438,1.4909002780914307,1.1964175701141357,1.4421262741088867,1.3142644166946411,0.8893657326698303,0.6107102036476135,0.3745013475418091,0.0,0.3806500732898712,0.5964328050613403,0.9172005653381348,1.189428687095642,1.4873874187469482,1.4324259757995605,1.183311104774475,1.011069655418396,0.650513231754303,0.6605655550956726,0.5415789484977722,1.4058409929275513,1.2057044506072998,0.9426761269569397,0.6433634161949158,0.6855327486991882,0.48571065068244934,0.8171114921569824,0.8785417675971985,1.1636948585510254,1.1470288038253784,1.080335259437561,1.0445581674575806,0.7498254776000977,1.036261796951294,1.0276092290878296,0.8429001569747925,0.5463025569915771,0.7460870146751404,0.661779522895813,1.001322627067566,1.180911898612976,1.4875507354736328,1.7744148969650269,2.0042614936828613,1.8524587154388428,1.5850774049758911,1.2792915105819702,0.9706021547317505,0.8154222369194031,0.43754518032073975,1.3509615659713745,1.196770191192627,1.2499862909317017,1.0746819972991943,1.4274027347564697,1.4364160299301147,1.789587140083313,1.9413187503814697,2.1388790607452393,1.946192979812622,1.8311924934387207,1.5721359252929688,1.263970136642456,1.334984302520752,1.048786997795105
B5,1.8887219429016113,1.7716444730758667,1.6577070951461792,1.4099469184875488,1.6330676078796387,1.4625458717346191,1.7771430015563965,1.745071530342102,1.9026048183441162,1.7541533708572388,1.8135172128677368,1.7100826501846313,1.4618871212005615,1.7233402729034424,1.5996112823486328,1.1369292736053467,0.8661329746246338,0.5646038055419922,0.3806500732898712,0.0,0.38164231181144714,0.6003172993659973,0.9136239290237427,1.2292838096618652,1.2408298254013062,0.9759578108787537,0.9009076952934265,0.621734619140625,0.6523286700248718,0.7365915179252625,1.757047176361084,1.575177550315857,1.3179359436035156,1.0225112438201904,1.031984567642212,0.7464934587478638,0.9815539121627808,0.8862906098365784,1.1081428527832031,1.0963104963302612,1.1563851833343506,1.1856056451797485,0.977066695690155,1.3188225030899048,1.3469476699829102,0.9587370753288269,0.6186894774436951,0.8574101328849792,0.8192284107208252,1.0618646144866943,1.2849328517913818,1.5224982500076294,1.8576109409332275,2.061009407043457,1.904050588607788,1.5861775875091553,1.2651602029800415,1.0269407033920288,0.7436041831970215,0.44059672951698303,1.4237885475158691,1.2855103015899658,1.438480019569397,1.3149423599243164,1.6775646209716797,1.7281897068023682,2.0685131549835205,2.2560558319091797,2.438234806060791,2.22004771232605,2.0695199966430664,1.7666243314743042,1.4831101894378662,1.4757745265960693,1.151228666305542
B6,1.886403203010559,1.734886884689331,1.6929957866668701,1.4334022998809814,1.697990894317627,1.5544756650924683,1.8730894327163696,1.895161747932434,2.0197153091430664,1.809418797492981,1.8292982578277588,1.6594587564468384,1.4293674230575562,1.6490285396575928,1.4975560903549194,1.460695743560791,1.1825767755508423,0.8946453928947449,0.5964328050613403,0.38164231181144714,0.0,0.36949729919433594,0.5970731377601624,0.8973664045333862,0.9035825729370117,0.7115378975868225,0.725755512714386,0.4982476234436035,0.7312005758285522,0.898764431476593,1.8478713035583496,1.648494005203247,1.4670182466506958,1.1476777791976929,1.2526285648345947,0.9877383708953857,1.2509323358535767,1.1847695112228394,1.3277883529663086,1.2106117010116577,1.2691067457199097,1.2136276960372925,1.0188721418380737,1.347278356552124,1.3355393409729004,1.1228185892105103,0.7432038187980652,0.8175761103630066,0.6929792165756226,0.8152067065238953,1.0144422054290771,1.1950393915176392,1.5471014976501465,1.7297369241714478,1.5840996503829956,1.2446715831756592,0.9449916481971741,0.7448590993881226,0.4037480354309082,0.2900387644767761,1.2727185487747192,1.074325442314148,1.2842193841934204,1.1799675226211548,1.5246590375900269,1.6196012496948242,1.9326001405715942,2.1720759868621826,2.347198247909546,2.1253225803375244,1.9182697534561157,1.5851079225540161,1.3159334659576416,1.22439444065094,0.8822187185287476
B7,2.2496447563171387,2.092078447341919,2.055708885192871,1.7817738056182861,2.0273385047912598,1.8483726978302002,2.1389636993408203,2.124436140060425,2.1954054832458496,1.961031436920166,2.027256488800049,1.8741934299468994,1.697359561920166,1.9333760738372803,1.809404730796814,1.7370970249176025,1.4505786895751953,1.164494276046753,0.9172005653381348,0.6003172993659973,0.36949729919433594,0.0,0.38616713881492615,0.6518610715866089,0.7443840503692627,0.5468031167984009,0.7194432020187378,0.6775542497634888,0.8657622337341309,1.1362789869308472,2.2161457538604736,2.0156567096710205,1.8254207372665405,1.4995473623275757,1.5627349615097046,1.2514064311981201,1.445958137512207,1.292769193649292,1.3523006439208984,1.2268427610397339,1.3833595514297485,1.3830435276031494,1.2732044458389282,1.6232575178146362,1.6565519571304321,1.4048032760620117,1.0413799285888672,1.136573076248169,1.0413520336151123,1.0839241743087769,1.2671056985855103,1.361696481704712,1.7265899181365967,1.855271816253662,1.6945959329605103,1.329620599746704,1.0346087217330933,0.9614365100860596,0.590208888053894,0.6355701684951782,1.5242640972137451,1.3409233093261719,1.5982584953308105,1.5152978897094727,1.8432717323303223,1.944112777709961,2.2358059883117676,2.4885900020599365,2.6366727352142334,2.389237880706787,2.167196273803711,1.810855746269226,1.5888819694519043,1.4539180994033813,1.1340808868408203
B8,2.3142449855804443,2.1654746532440186,2.195225715637207,1.9477863311767578,2.2322535514831543,2.0981733798980713,2.4007294178009033,2.4296460151672363,2.5011062622070312,2.2418010234832764,2.268296718597412,2.0650813579559326,1.8874412775039673,2.0679922103881836,1.900773048400879,2.0286989212036133,1.7665139436721802,1.455724835395813,1.189428687095642,0.9136239290237427,0.5970731377601624,0.38616713881492615,0.0,0.3960486650466919,0.637018084526062,0.6590155959129333,0.9393688440322876,0.9361955523490906,1.2024388313293457,1.4564331769943237,2.3474559783935547,2.169132709503174,2.029588460922241,1.720171332359314,1.8485702276229858,1.5735046863555908,1.802966594696045,1.6737782955169678,1.7315104007720947,1.577459692955017,1.7162680625915527,1.6618399620056152,1.5364030599594116,1.853859782218933,1.8308959007263184,1.5358426570892334,1.1886045932769775,1.1829012632369995,1.1020513772964478,1.0081771612167358,1.191785216331482,1.1875309944152832,1.5636309385299683,1.6858760118484497,1.5821890830993652,1.2053695917129517,1.003672480583191,0.9884045720100403,0.6548146605491638,0.8454442620277405,1.4126713275909424,1.23793625831604,1.553212285041809,1.538174033164978,1.8398536443710327,2.002309560775757,2.267773389816284,2.562547206878662,2.724151611328125,2.4984967708587646,2.2307729721069336,1.8697901964187622,1.6537595987319946,1.4380486011505127,1.1156666278839111
B9,2.5618693828582764,2.371824264526367,2.417858123779297,2.1453075408935547,2.409914255142212,2.2584903240203857,2.528352975845337,2.5619029998779297,2.578078508377075,2.279269218444824,2.3095648288726807,2.095386028289795,1.9801900386810303,2.1495580673217773,2.0176925659179688,2.3531157970428467,2.0595932006835938,1.7824116945266724,1.4873874187469482,1.2292838096618652,0.8973664045333862,0.6518610715866089,0.3960486650466919,0.0,0.38425755500793457,0.5826142430305481,0.9432264566421509,1.077340006828308,1.3521020412445068,1.652632713317871,2.631638526916504,2.4209306240081787,2.3086516857147217,1.9774360656738281,2.104645013809204,1.8146435022354126,2.0157277584075928,1.88539457321167,1.8670495748519897,1.6526575088500977,1.8088462352752686,1.7370821237564087,1.680310606956482,1.9821738004684448,1.9863083362579346,1.9150593280792236,1.5578272342681885,1.521311640739441,1.3782497644424438,1.2383973598480225,1.3204388618469238,1.230778694152832,1.5669201612472534,1.5944539308547974,1.4625962972640991,1.0972098112106323,0.9397647380828857,1.0710644721984863,0.8124973773956299,1.098559021949768,1.6938506364822388,1.4724764823913574,1.7776089906692505,1.73772132396698,1.990113377571106,2.1366400718688965,2.356360912322998,2.664801836013794,2.7817230224609375,2.532630205154419,2.2439210414886475,1.8707002401351929,1.7263602018356323,1.4731419086456299,1.225888967514038
B10,2.4572246074676514,2.2195446491241455,2.254397392272949,1.9536070823669434,2.187110424041748,2.0222432613372803,2.2626912593841553,2.3111953735351562,2.29776930809021,1.9762394428253174,1.9922173023223877,1.7701369524002075,1.6977055072784424,1.865078091621399,1.7779452800750732,2.3133842945098877,1.9880541563034058,1.7652298212051392,1.4324259757995605,1.2408298254013062,0.9035825729370117,0.7443840503692627,0.637018084526062,0.38425755500793457,0.0,0.379462867975235,0.689613938331604,0.8961480855941772,1.184967041015625,1.48819100856781,2.5389297008514404,2.284839630126953,2.19545578956604,1.8452469110488892,1.9713600873947144,1.687986969947815,1.877577781677246,1.7940990924835205,1.7415661811828613,1.4667280912399292,1.5810502767562866,1.4656366109848022,1.4515435695648193,1.7259948253631592,1.756939172744751,1.9888063669204712,1.61370050907135,1.5590147972106934,1.3309953212738037,1.2201282978057861,1.2005996704101562,1.1301032304763794,1.4199326038360596,1.3922393321990967,1.1874390840530396,0.8395450711250305,0.6375439167022705,0.8570346832275391,0.6882520318031311,1.0167856216430664,1.7681612968444824,1.4791710376739502,1.724751591682434,1.6144384145736694,1.8302959203720093,1.925344467163086,2.117666244506836,2.4138238430023193,2.4902873039245605,2.218691349029541,1.9346530437469482,1.5574404001235962,1.4652482271194458,1.2279688119888306,1.0531914234161377
B11,2.3940391540527344,2.1582529544830322,2.130078077316284,1.8063198328018188,2.0062577724456787,1.7944732904434204,2.026937961578369,2.027523994445801,2.012871026992798,1.7127457857131958,1.7779029607772827,1.6103936433792114,1.532950520515442,1.765436053276062,1.7154039144515991,2.0331900119781494,1.6910438537597656,1.494171380996704,1.183311104774475,0.9759578108787537,0.7115378975868225,0.5468031167984009,0.6590155959129333,0.5826142430305481,0.379462867975235,0.0,0.3769051432609558,0.6217617392539978,0.8441565632820129,1.1809996366500854,2.409585475921631,2.14220929145813,2.0018177032470703,1.6384836435317993,1.7032204866409302,1.3852211236953735,1.5368069410324097,1.4290242195129395,1.3634836673736572,1.1005480289459229,1.2448631525039673,1.1880756616592407,1.197706937789917,1.5150580406188965,1.6043407917022705,1.8335317373275757,1.4531551599502563,1.4776864051818848,1.2536269426345825,1.2545340061187744,1.2747174501419067,1.3124797344207764,1.6149349212646484,1.6283631324768066,1.3855425119400024,1.048784852027893,0.7293369770050049,0.842524528503418,0.603766143321991,0.8192262649536133,1.8147612810134888,1.5363894701004028,1.749890923500061,1.592471957206726,1.8477150201797485,1.8927079439163208,2.1224029064178467,2.37758469581604,2.4503071308135986,2.1579489707946777,1.9227840900421143,1.548031210899353,1.4333304166793823,1.2828335762023926,1.0821031332015991
B12,2.219459056854248,1.959875464439392,1.8851197957992554,1.5370569229125977,1.6914361715316772,1.4493329524993896,1.6617233753204346,1.655168056488037,1.6383808851242065,1.342085361480713,1.4120286703109741,1.2707772254943848,1.2045540809631348,1.4755020141601562,1.4778460264205933,1.8160821199417114,1.4518306255340576,1.326568603515625,1.011069655418396,0.9009076952934265,0.725755512714386,0.7194432020187378,0.9393688440322876,0.9432264566421509,0.689613938331604,0.3769051432609558,0.0,0.375259667634964,0.5435740947723389,0.8703706860542297,2.2045247554779053,1.9051501750946045,1.757946491241455,1.384979009628296,1.4170266389846802,1.10397469997406,1.2351598739624023,1.1856573820114136,1.1176789999008179,0.8156759142875671,0.8917439579963684,0.8116210699081421,0.8547067046165466,1.1716278791427612,1.312829852104187,1.7724382877349854,1.400384783744812,1.4447094202041626,1.1770496368408203,1.2685717344284058,1.2468055486679077,1.369771122932434,1.6334686279296875,1.6574006080627441,1.374038815498352,1.0882830619812012,0.7143735885620117,0.7525323629379272,0.6056976318359375,0.7062311172485352,1.8546558618545532,1.5545039176940918,1.6931383609771729,1.4661568403244019,1.7108957767486572,1.6865849494934082,1.9211102724075317,2.133849620819092,2.1854310035705566,1.8762829303741455,1.6854578256607056,1.3264715671539307,1.2225062847137451,1.1654703617095947,1.0114034414291382
B13,1.888735294342041,1.6559933423995972,1.5651756525039673,1.233230710029602,1.4214404821395874,1.211073398590088,1.4824168682098389,1.5005494356155396,1.574282169342041,1.3311313390731812,1.358282446861267,1.2058418989181519,1.0341761112213135,1.306322455406189,1.2568793296813965,1.479630947113037,1.1294870376586914,0.9893041253089905,0.650513231754303,0.621734619140625,0.4982476234436035,0.6775542497634888,0.9361955523490906,1.077340006828308,0.8961480855941772,0.6217617392539978,0.375259667634964,0.0,0.3732207715511322,0.5962978005409241,1.8473899364471436,1.5636403560638428,1.3997340202331543,1.030187964439392,1.0883910655975342,0.7981595396995544,1.0128730535507202,1.0216401815414429,1.08301842212677,0.8620996475219727,0.8481658101081848,0.7375436425209045,0.6175438165664673,0.9611226916313171,1.0501142740249634,1.4248268604278564,1.0623074769973755,1.1164096593856812,0.8543603420257568,1.0266704559326172,1.0554673671722412,1.2658573389053345,1.543785810470581,1.6536550521850586,1.416855812072754,1.133156418800354,0.7656319737434387,0.609622061252594,0.4506802260875702,0.3697749674320221,1.5829615592956543,1.302952766418457,1.410642385482788,1.1787338256835938,1.463866114616394,1.4474090337753296,1.72956120967865,1.930849552154541,2.0365679264068604,1.764052152633667,1.5904544591903687,1.2541378736495972,1.0556234121322632,1.0484758615493774,0.8299065828323364
