0.000000000000000000e+00,3.824903666973114014e-01,5.971249938011169434e-01,9.010932445526123047e-01,1.171579122543334961e+00,1.476193904876708984e+00,1.794286131858825684e+00,2.066457033157348633e+00,2.384214401245117188e+00,2.276543378829956055e+00,2.027707099914550781e+00,1.752761006355285645e+00,1.418193101882934570e+00,1.163846373558044434e+00,8.914592862129211426e-01,1.085413932800292969e+00,7.729727029800415039e-01,1.027182579040527344e+00,1.004456996917724609e+00,1.188488721847534180e+00,1.427938818931579590e+00,1.671267986297607422e+00,2.024456739425659180e+00,2.189806461334228516e+00,1.938786745071411133e+00,1.584537863731384277e+00,1.214847445487976074e+00,1.078757405281066895e+00,7.172839641571044922e-01,6.511837840080261230e-01,1.839219212532043457e+00,1.584503769874572754e+00,1.763240098953247070e+00,1.554696083068847656e+00,1.805706262588500977e+00,1.816056966781616211e+00,2.093594789505004883e+00,2.324145317077636719e+00,2.369348049163818359e+00,2.037514686584472656e+00,1.792107224464416504e+00,1.473038315773010254e+00,1.395617961883544922e+00,1.308454394340515137e+00,1.161448121070861816e+00,1.846160650253295898e+00,1.765035986900329590e+00,1.884308457374572754e+00,1.736313700675964355e+00,2.076981782913208008e+00,2.057040214538574219e+00,2.411266803741455078e+00,2.535835981369018555e+00,2.672932386398315430e+00,2.448660850524902344e+00,2.323158979415893555e+00,2.080199718475341797e+00,1.818072080612182617e+00,1.828737735748291016e+00,1.527902841567993164e+00,1.103179335594177246e+00,1.256218552589416504e+00,1.344432473182678223e+00,1.425015211105346680e+00,1.773052811622619629e+00,1.877984166145324707e+00,2.250091314315795898e+00,2.382367372512817383e+00,2.678255796432495117e+00,2.572771549224853516e+00,2.443534135818481445e+00,2.214822053909301758e+00,1.842651963233947754e+00,1.778145313262939453e+00,1.416127085685729980e+00
3.824903666973114014e-01,0.000000000000000000e+00,3.846487402915954590e-01,6.027382016181945801e-01,8.790205121040344238e-01,1.183610677719116211e+00,1.500612974166870117e+00,1.801841735839843750e+00,2.087909936904907227e+00,1.948436260223388672e+00,1.676139712333679199e+00,1.383875846862792969e+00,1.066653251647949219e+00,7.858818173408508301e-01,5.382214784622192383e-01,1.230661869049072266e+00,8.920392394065856934e-01,1.078858852386474609e+00,9.317806959152221680e-01,1.141897678375244141e+00,1.287958860397338867e+00,1.550206661224365234e+00,1.870971798896789551e+00,2.000546932220458984e+00,1.718054294586181641e+00,1.390220880508422852e+00,1.015662193298339844e+00,8.834084272384643555e-01,6.113893985748291016e-01,5.349164605140686035e-01,1.763788342475891113e+00,1.534561038017272949e+00,1.665300846099853516e+00,1.438300728797912598e+00,1.715339899063110352e+00,1.685446262359619141e+00,1.990983724594116211e+00,2.177511453628540039e+00,2.243449926376342773e+00,1.938346624374389648e+00,1.745435714721679688e+00,1.459701418876647949e+00,1.317726492881774902e+00,1.301635742187500000e+00,1.107194542884826660e+00,1.603837847709655762e+00,1.542839169502258301e+00,1.611792922019958496e+00,1.479782581329345703e+00,1.824317932128906250e+00,1.810826301574707031e+00,2.176601648330688477e+00,2.288678407669067383e+00,2.467303037643432617e+00,2.282934188842773438e+00,2.169470787048339844e+00,1.942637324333190918e+00,1.634978652000427246e+00,1.660476088523864746e+00,1.345306515693664551e+00,7.955574393272399902e-01,9.231066703796386719e-01,9.687204957008361816e-01,1.071473836898803711e+00,1.409949183464050293e+00,1.543333888053894043e+00,1.910997152328491211e+00,2.066439151763916016e+00,2.379040718078613281e+00,2.282830476760864258e+00,2.139384031295776367e+00,1.914826869964599609e+00,1.533918619155883789e+00,1.460178256034851074e+00,1.115795254707336426e+00
5.971249938011169434e-01,3.846487402915954590e-01,0.000000000000000000e+00,3.707301318645477295e-01,5.802434682846069336e-01,8.927267789840698242e-01,1.198706269264221191e+00,1.475340247154235840e+00,1.794988036155700684e+00,1.708405256271362305e+00,1.477487802505493164e+00,1.250572919845581055e+00,9.105442762374877930e-01,7.349781990051269531e-01,5.978541970252990723e-01,1.318450212478637695e+00,9.398871660232543945e-01,9.878464937210083008e-01,7.569476366043090820e-01,8.612440824508666992e-01,9.708501100540161133e-01,1.190665721893310547e+00,1.519780278205871582e+00,1.636104226112365723e+00,1.358987450599670410e+00,1.016618967056274414e+00,6.411813497543334961e-01,5.489597320556640625e-01,3.143049776554107666e-01,4.934814274311065674e-01,1.889621257781982422e+00,1.614897370338439941e+00,1.666014552116394043e+00,1.374713420867919922e+00,1.587897539138793945e+00,1.485199689865112305e+00,1.752100825309753418e+00,1.906092047691345215e+00,1.926635265350341797e+00,1.610713720321655273e+00,1.452982425689697266e+00,1.214885354042053223e+00,1.126732707023620605e+00,1.209776520729064941e+00,1.112473487854003906e+00,1.787342905998229980e+00,1.672207951545715332e+00,1.666201114654541016e+00,1.465581059455871582e+00,1.762879848480224609e+00,1.671510577201843262e+00,2.012696027755737305e+00,2.071866035461425781e+00,2.219341039657592773e+00,2.046978950500488281e+00,1.989160060882568359e+00,1.817205786705017090e+00,1.532379865646362305e+00,1.646616697311401367e+00,1.395141005516052246e+00,1.048261761665344238e+00,1.107194662094116211e+00,1.020214557647705078e+00,1.044850230216979980e+00,1.333914875984191895e+00,1.388812899589538574e+00,1.739910960197448730e+00,1.832566857337951660e+00,2.148716688156127930e+00,2.092419862747192383e+00,2.009061336517333984e+00,1.843390822410583496e+00,1.461827516555786133e+00,1.483660578727722168e+00,1.197040081024169922e+00
9.010932445526123047e-01,6.027382016181945801e-01,3.707301318645477295e-01,0.000000000000000000e+00,3.809775710105895996e-01,5.946442484855651855e-01,9.455173611640930176e-01,1.219528794288635254e+00,1.501408576965332031e+00,1.377585291862487793e+00,1.153117656707763672e+00,9.271430373191833496e-01,5.606314539909362793e-01,4.869342446327209473e-01,4.189670979976654053e-01,1.391820549964904785e+00,1.038214325904846191e+00,1.009924769401550293e+00,6.863914728164672852e-01,8.232955336570739746e-01,8.035988211631774902e-01,1.069306731224060059e+00,1.336050033569335938e+00,1.447072386741638184e+00,1.167560935020446777e+00,8.952708840370178223e-01,5.704060196876525879e-01,3.834926486015319824e-01,4.325333535671234131e-01,5.149643421173095703e-01,1.748165726661682129e+00,1.494121670722961426e+00,1.479341864585876465e+00,1.176219940185546875e+00,1.394631385803222656e+00,1.257768392562866211e+00,1.549935579299926758e+00,1.665615558624267578e+00,1.728555917739868164e+00,1.458958506584167480e+00,1.350358247756958008e+00,1.153940916061401367e+00,9.844627380371093750e-01,1.136088609695434570e+00,1.017414331436157227e+00,1.581144452095031738e+00,1.445015430450439453e+00,1.373797416687011719e+00,1.158828973770141602e+00,1.434950828552246094e+00,1.335842132568359375e+00,1.680377483367919922e+00,1.736198544502258301e+00,1.917839169502258301e+00,1.776238083839416504e+00,1.722167134284973145e+00,1.569050073623657227e+00,1.255746722221374512e+00,1.397546172142028809e+00,1.171949505805969238e+00,1.012260556221008301e+00,9.496718049049377441e-01,7.823745012283325195e-01,7.192373871803283691e-01,9.872159957885742188e-01,1.019370913505554199e+00,1.375111937522888184e+00,1.484752058982849121e+00,1.797382354736328125e+00,1.732289433479309082e+00,1.642177462577819824e+00,1.487807869911193848e+00,1.107553243637084961e+00,1.166103839874267578e+00,9.342796206474304199e-01
1.171579122543334961e+00,8.790205121040344238e-01,5.802434682846069336e-01,3.809775710105895996e-01,0.000000000000000000e+00,3.766539990901947021e-01,6.276316642761230469e-01,9.457720518112182617e-01,1.240559935569763184e+00,1.164372205734252930e+00,9.433569908142089844e-01,8.005728125572204590e-01,5.278726220130920410e-01,5.537034273147583008e-01,7.178187966346740723e-01,1.746867537498474121e+00,1.384345650672912598e+00,1.308198451995849609e+00,9.622394442558288574e-01,9.662571549415588379e-01,8.376414775848388672e-01,9.806554317474365234e-01,1.211970567703247070e+00,1.220947623252868652e+00,8.888559341430664062e-01,6.239917278289794922e-01,3.537900447845458984e-01,4.581432640552520752e-01,6.616066098213195801e-01,8.763210177421569824e-01,2.091210842132568359e+00,1.840623140335083008e+00,1.779821753501892090e+00,1.455805659294128418e+00,1.619315385818481445e+00,1.405047655105590820e+00,1.644145965576171875e+00,1.680168628692626953e+00,1.681525945663452148e+00,1.425131916999816895e+00,1.409858703613281250e+00,1.304749011993408203e+00,1.197392344474792480e+00,1.426684260368347168e+00,1.362220644950866699e+00,1.846138119697570801e+00,1.729557633399963379e+00,1.593477129936218262e+00,1.379174232482910156e+00,1.599198579788208008e+00,1.444185256958007812e+00,1.750653982162475586e+00,1.723932862281799316e+00,1.901779294013977051e+00,1.819036245346069336e+00,1.841701388359069824e+00,1.760352134704589844e+00,1.462771415710449219e+00,1.663119912147521973e+00,1.479552984237670898e+00,1.196338415145874023e+00,1.158908367156982422e+00,8.869916796684265137e-01,8.514012694358825684e-01,9.892490506172180176e-01,9.872001409530639648e-01,1.279330492019653320e+00,1.328658819198608398e+00,1.679916143417358398e+00,1.695426464080810547e+00,1.661643505096435547e+00,1.581949710845947266e+00,1.222601056098937988e+00,1.332614660263061523e+00,1.184819817543029785e+00
1.476193904876708984e+00,1.183610677719116211e+00,8.927267789840698242e-01,5.946442484855651855e-01,3.766539990901947021e-01,0.000000000000000000e+00,3.837229311466217041e-01,6.371665596961975098e-01,9.095806479454040527e-01,8.346409201622009277e-01,6.957042813301086426e-01,6.664693355560302734e-01,4.419070780277252197e-01,7.063757181167602539e-01,8.923822641372680664e-01,1.858621835708618164e+00,1.527543187141418457e+00,1.374990463256835938e+00,1.003631353378295898e+00,9.772513508796691895e-01,7.156319022178649902e-01,8.440595269203186035e-01,9.689961075782775879e-01,9.675573706626892090e-01,6.637111902236938477e-01,5.585033297538757324e-01,5.100756883621215820e-01,5.286192297935485840e-01,8.724553585052490234e-01,1.042744278907775879e+00,2.065324783325195312e+00,1.823722839355468750e+00,1.686493277549743652e+00,1.356351852416992188e+00,1.469146728515625000e+00,1.202063202857971191e+00,1.418726801872253418e+00,1.392020463943481445e+00,1.413581252098083496e+00,1.219047069549560547e+00,1.277271628379821777e+00,1.248709321022033691e+00,1.115589141845703125e+00,1.411480188369750977e+00,1.381793975830078125e+00,1.844910502433776855e+00,1.688461899757385254e+00,1.482546687126159668e+00,1.236137747764587402e+00,1.377573609352111816e+00,1.169475078582763672e+00,1.437983393669128418e+00,1.370622992515563965e+00,1.556449890136718750e+00,1.514863848686218262e+00,1.575060725212097168e+00,1.550430655479431152e+00,1.272029757499694824e+00,1.527940511703491211e+00,1.421085476875305176e+00,1.421220660209655762e+00,1.288022398948669434e+00,9.739702343940734863e-01,8.115526437759399414e-01,8.402132987976074219e-01,7.126476168632507324e-01,9.661182165145874023e-01,9.691949486732482910e-01,1.309614896774291992e+00,1.341668844223022461e+00,1.351672649383544922e+00,1.333958268165588379e+00,1.017279028892517090e+00,1.221759557723999023e+00,1.174986362457275391e+00
1.794286131858825684e+00,1.500612974166870117e+00,1.198706269264221191e+00,9.455173611640930176e-01,6.276316642761230469e-01,3.837229311466217041e-01,0.000000000000000000e+00,3.870331048965454102e-01,6.351368427276611328e-01,6.521247625350952148e-01,5.786594748497009277e-01,7.280412912368774414e-01,7.024758458137512207e-01,9.647333621978759766e-01,1.229125618934631348e+00,2.234602689743041992e+00,1.898592472076416016e+00,1.731872439384460449e+00,1.364113330841064453e+00,1.276027202606201172e+00,9.758453965187072754e-01,9.651820659637451172e-01,9.939888715744018555e-01,8.347505331039428711e-01,4.912429749965667725e-01,5.560092926025390625e-01,6.948704123497009277e-01,8.625947237014770508e-01,1.202932596206665039e+00,1.414853215217590332e+00,2.422708988189697266e+00,2.191433191299438477e+00,2.029255628585815430e+00,1.701199769973754883e+00,1.774945735931396484e+00,1.468043684959411621e+00,1.622908830642700195e+00,1.511159658432006836e+00,1.472855448722839355e+00,1.326539516448974609e+00,1.478802919387817383e+00,1.527832627296447754e+00,1.441525220870971680e+00,1.765306591987609863e+00,1.759211421012878418e+00,2.137341737747192383e+00,2.003712654113769531e+00,1.757883071899414062e+00,1.533352971076965332e+00,1.619705438613891602e+00,1.383839011192321777e+00,1.588666200637817383e+00,1.433550953865051270e+00,1.610249161720275879e+00,1.646220207214355469e+00,1.778421163558959961e+00,1.819620490074157715e+00,1.568393468856811523e+00,1.848142504692077637e+00,1.769255042076110840e+00,1.675189256668090820e+00,1.561427593231201172e+00,1.206506967544555664e+00,1.085037827491760254e+00,9.941928386688232422e-01,8.459862470626831055e-01,9.572580456733703613e-01,8.640651106834411621e-01,1.231038928031921387e+00,1.368482351303100586e+00,1.443777084350585938e+00,1.508862614631652832e+00,1.248414874076843262e+00,1.471375107765197754e+00,1.487272262573242188e+00
2.066457033157348633e+00,1.801841735839843750e+00,1.475340247154235840e+00,1.219528794288635254e+00,9.457720518112182617e-01,6.371665596961975098e-01,3.870331048965454102e-01,0.000000000000000000e+00,4.020021259784698486e-01,6.137397885322570801e-01,7.627517580986022949e-01,1.010908007621765137e+00,9.908030033111572266e-01,1.304501771926879883e+00,1.525827765464782715e+00,2.373978853225708008e+00,2.061855792999267578e+00,1.831345915794372559e+00,1.478777170181274414e+00,1.327927112579345703e+00,9.755619168281555176e-01,8.699752688407897949e-01,7.539973855018615723e-01,5.234054327011108398e-01,3.164608180522918701e-01,6.300252676010131836e-01,9.081125259399414062e-01,1.036135315895080566e+00,1.408540010452270508e+00,1.626412272453308105e+00,2.540413856506347656e+00,2.297259807586669922e+00,2.081040382385253906e+00,1.749867081642150879e+00,1.742710590362548828e+00,1.393985390663146973e+00,1.465612411499023438e+00,1.278264999389648438e+00,1.196419596672058105e+00,1.120798468589782715e+00,1.361345291137695312e+00,1.503148555755615234e+00,1.458230495452880859e+00,1.821622610092163086e+00,1.880715847015380859e+00,2.356080532073974609e+00,2.178070783615112305e+00,1.905165791511535645e+00,1.644657254219055176e+00,1.649655580520629883e+00,1.350577950477600098e+00,1.468498349189758301e+00,1.237843751907348633e+00,1.351365208625793457e+00,1.430535078048706055e+00,1.635735750198364258e+00,1.754785656929016113e+00,1.573279142379760742e+00,1.902781367301940918e+00,1.901045203208923340e+00,2.025492668151855469e+00,1.876906514167785645e+00,1.530467510223388672e+00,1.343159437179565430e+00,1.218499541282653809e+00,9.640368223190307617e-01,9.809613227844238281e-01,7.422954440116882324e-01,1.033689856529235840e+00,1.228492498397827148e+00,1.404120445251464844e+00,1.550640225410461426e+00,1.359559655189514160e+00,1.653069138526916504e+00,1.714724183082580566e+00
2.384214401245117188e+00,2.087909936904907227e+00,1.794988036155700684e+00,1.501408576965332031e+00,1.240559935569763184e+00,9.095806479454040527e-01,6.351368427276611328e-01,4.020021259784698486e-01,0.000000000000000000e+00,3.786872029304504395e-01,6.848069429397583008e-01,1.031558394432067871e+00,1.139724373817443848e+00,1.481487989425659180e+00,1.740529060363769531e+00,2.660566091537475586e+00,2.366228580474853516e+00,2.141289710998535156e+00,1.785038352012634277e+00,1.675790667533874512e+00,1.309694051742553711e+00,1.236956954002380371e+00,1.048510193824768066e+00,8.048580288887023926e-01,7.060065269470214844e-01,1.026143908500671387e+00,1.275369405746459961e+00,1.373500704765319824e+00,1.749419093132019043e+00,1.920981287956237793e+00,2.678156614303588867e+00,2.477895736694335938e+00,2.233283519744873047e+00,1.935947775840759277e+00,1.929291725158691406e+00,1.586557626724243164e+00,1.654718756675720215e+00,1.408110260963439941e+00,1.377207636833190918e+00,1.397572040557861328e+00,1.666589260101318359e+00,1.822874665260314941e+00,1.732126951217651367e+00,2.091289997100830078e+00,2.121244668960571289e+00,2.407499790191650391e+00,2.249430656433105469e+00,1.930189251899719238e+00,1.711931228637695312e+00,1.655299425125122070e+00,1.374538302421569824e+00,1.432242751121520996e+00,1.154167056083679199e+00,1.318944096565246582e+00,1.494663000106811523e+00,1.714516401290893555e+00,1.869002103805541992e+00,1.690520882606506348e+00,2.008136510848999023e+00,2.034780263900756836e+00,2.186637878417968750e+00,2.000677585601806641e+00,1.639068722724914551e+00,1.443535566329956055e+00,1.217803001403808594e+00,9.525456428527832031e-01,8.109825253486633301e-01,5.010102987289428711e-01,7.757229804992675781e-01,1.055625319480895996e+00,1.262498974800109863e+00,1.480333089828491211e+00,1.372394204139709473e+00,1.672396302223205566e+00,1.817957162857055664e+00
2.276543378829956055e+00,1.948436260223388672e+00,1.708405256271362305e+00,1.377585291862487793e+00,1.164372205734252930e+00,8.346409201622009277e-01,6.521247625350952148e-01,6.137397885322570801e-01,3.786872029304504395e-01,0.000000000000000000e+00,3.837505578994750977e-01,7.345448136329650879e-01,9.138107895851135254e-01,1.263009190559387207e+00,1.534925103187561035e+00,2.546706676483154297e+00,2.264014959335327148e+00,2.078615665435791016e+00,1.716476321220397949e+00,1.689189195632934570e+00,1.340208411216735840e+00,1.373998761177062988e+00,1.242748856544494629e+00,1.088188290596008301e+00,9.222362637519836426e-01,1.149021506309509277e+00,1.298181056976318359e+00,1.335692763328552246e+00,1.694950938224792480e+00,1.801326990127563477e+00,2.450465679168701172e+00,2.290167093276977539e+00,2.059823989868164062e+00,1.792808532714843750e+00,1.845864772796630859e+00,1.543742895126342773e+00,1.688479781150817871e+00,1.486865162849426270e+00,1.548495411872863770e+00,1.553955793380737305e+00,1.761940836906433105e+00,1.854019880294799805e+00,1.687721490859985352e+00,2.013694047927856445e+00,1.978838205337524414e+00,2.082224845886230469e+00,1.952388525009155273e+00,1.619449377059936523e+00,1.447054624557495117e+00,1.404074311256408691e+00,1.185054659843444824e+00,1.292766809463500977e+00,1.085814476013183594e+00,1.352723240852355957e+00,1.514733552932739258e+00,1.659806489944458008e+00,1.761392474174499512e+00,1.529147863388061523e+00,1.800986886024475098e+00,1.801755547523498535e+00,1.934431910514831543e+00,1.716017842292785645e+00,1.358152985572814941e+00,1.159116268157958984e+00,8.817910552024841309e-01,6.443620920181274414e-01,4.627076983451843262e-01,2.980595231056213379e-01,6.856058239936828613e-01,8.874497413635253906e-01,9.951804876327514648e-01,1.179639935493469238e+00,1.075746893882751465e+00,1.346488475799560547e+00,1.529375910758972168e+00
2.027707099914550781e+00,1.676139712333679199e+00,1.477487802505493164e+00,1.153117656707763672e+00,9.433569908142089844e-01,6.957042813301086426e-01,5.786594748497009277e-01,7.627517580986022949e-01,6.848069429397583008e-01,3.837505578994750977e-01,0.000000000000000000e+00,3.767512440681457520e-01,6.424193978309631348e-01,9.407358169555664062e-01,1.256738305091857910e+00,2.407999753952026367e+00,2.108414888381958008e+00,1.982790827751159668e+00,1.615095734596252441e+00,1.641458153724670410e+00,1.340012431144714355e+00,1.433168649673461914e+00,1.403157591819763184e+00,1.276301264762878418e+00,1.011879563331604004e+00,1.117466807365417480e+00,1.164339303970336914e+00,1.209811210632324219e+00,1.525563359260559082e+00,1.612242460250854492e+00,2.333111763000488281e+00,2.185037851333618164e+00,2.010955810546875000e+00,1.748315095901489258e+00,1.875784873962402344e+00,1.612816810607910156e+00,1.824632406234741211e+00,1.694321751594543457e+00,1.769660115242004395e+00,1.703440904617309570e+00,1.845330834388732910e+00,1.864483475685119629e+00,1.669695019721984863e+00,1.956620335578918457e+00,1.862423539161682129e+00,1.855523824691772461e+00,1.776038289070129395e+00,1.472838640213012695e+00,1.343726038932800293e+00,1.395710468292236328e+00,1.248079299926757812e+00,1.451063871383666992e+00,1.331423401832580566e+00,1.626408457756042480e+00,1.727146983146667480e+00,1.807226657867431641e+00,1.831349492073059082e+00,1.535360097885131836e+00,1.754227399826049805e+00,1.674136638641357422e+00,1.584353089332580566e+00,1.390788555145263672e+00,1.018873929977416992e+00,8.895476460456848145e-01,6.154438853263854980e-01,5.371799468994140625e-01,5.258759260177612305e-01,6.183939576148986816e-01,1.009848356246948242e+00,1.117584705352783203e+00,1.099931955337524414e+00,1.167776346206665039e+00,9.748497605323791504e-01,1.156396150588989258e+00,1.295989632606506348e+00
1.752761006355285645e+00,1.383875846862792969e+00,1.250572919845581055e+00,9.271430373191833496e-01,8.005728125572204590e-01,6.664693355560302734e-01,7.280412912368774414e-01,1.010908007621765137e+00,1.031558394432067871e+00,7.345448136329650879e-01,3.767512440681457520e-01,0.000000000000000000e+00,3.864022195339202881e-01,6.097905635833740234e-01,9.356446266174316406e-01,2.173660278320312500e+00,1.876662373542785645e+00,1.810784935951232910e+00,1.456276535987854004e+00,1.556932449340820312e+00,1.320335984230041504e+00,1.494132518768310547e+00,1.547731041908264160e+00,1.490914702415466309e+00,1.193108081817626953e+00,1.180973768234252930e+00,1.103530168533325195e+00,1.093693733215332031e+00,1.343573689460754395e+00,1.372402787208557129e+00,2.092281818389892578e+00,1.960942745208740234e+00,1.841635823249816895e+00,1.598516464233398438e+00,1.795420765876770020e+00,1.589645743370056152e+00,1.863274455070495605e+00,1.808765411376953125e+00,1.919283866882324219e+00,1.802828431129455566e+00,1.867631793022155762e+00,1.809906244277954102e+00,1.575365781784057617e+00,1.806143522262573242e+00,1.650085806846618652e+00,1.545826196670532227e+00,1.501529097557067871e+00,1.241533160209655762e+00,1.152431011199951172e+00,1.297608733177185059e+00,1.228266835212707520e+00,1.509437084197998047e+00,1.483047008514404297e+00,1.795048236846923828e+00,1.831739544868469238e+00,1.838237404823303223e+00,1.783889293670654297e+00,1.439772486686706543e+00,1.594341874122619629e+00,1.442075967788696289e+00,1.214336872100830078e+00,1.016905784606933594e+00,6.434026360511779785e-01,5.651448369026184082e-01,3.513624668121337891e-01,4.975533187389373779e-01,6.843858957290649414e-01,9.057808518409729004e-01,1.271479368209838867e+00,1.280687212944030762e+00,1.159256935119628906e+00,1.101632475852966309e+00,8.267719149589538574e-01,9.039580225944519043e-01,9.838342070579528809e-01
1.418193101882934570e+00,1.066653251647949219e+00,9.105442762374877930e-01,5.606314539909362793e-01,5.278726220130920410e-01,4.419070780277252197e-01,7.024758458137512207e-01,9.908030033111572266e-01,1.139724373817443848e+00,9.138107895851135254e-01,6.424193978309631348e-01,3.864022195339202881e-01,0.000000000000000000e+00,3.835810422897338867e-01,6.237930655479431152e-01,1.803559660911560059e+00,1.497478842735290527e+00,1.428638458251953125e+00,1.075324892997741699e+00,1.196561694145202637e+00,1.003803730010986328e+00,1.232923984527587891e+00,1.356077551841735840e+00,1.382181525230407715e+00,1.089998841285705566e+00,9.868865013122558594e-01,8.308071494102478027e-01,7.388185262680053711e-01,9.723100066184997559e-01,9.928277730941772461e-01,1.838838934898376465e+00,1.660755634307861328e+00,1.562493324279785156e+00,1.290452957153320312e+00,1.499814391136169434e+00,1.312375068664550781e+00,1.608078122138977051e+00,1.618932723999023438e+00,1.729691505432128906e+00,1.561015963554382324e+00,1.564962863922119141e+00,1.462703704833984375e+00,1.227540850639343262e+00,1.443834543228149414e+00,1.296704530715942383e+00,1.448642373085021973e+00,1.345418334007263184e+00,1.142240047454833984e+00,9.764230847358703613e-01,1.183982491493225098e+00,1.094417929649353027e+00,1.422109246253967285e+00,1.441257119178771973e+00,1.709371566772460938e+00,1.668890118598937988e+00,1.644117236137390137e+00,1.548270106315612793e+00,1.199781894683837891e+00,1.361827611923217773e+00,1.186245679855346680e+00,1.079043030738830566e+00,8.873151540756225586e-01,5.569373369216918945e-01,3.912444114685058594e-01,4.662281870841979980e-01,5.260409712791442871e-01,8.593576550483703613e-01,1.034382700920104980e+00,1.374827742576599121e+00,1.330820322036743164e+00,1.216138482093811035e+00,1.102933526039123535e+00,7.472063899040222168e-01,8.453989028930664062e-01,7.990444302558898926e-01
1.163846373558044434e+00,7.858818173408508301e-01,7.349781990051269531e-01,4.869342446327209473e-01,5.537034273147583008e-01,7.063757181167602539e-01,9.647333621978759766e-01,1.304501771926879883e+00,1.481487989425659180e+00,1.263009190559387207e+00,9.407358169555664062e-01,6.097905635833740234e-01,3.835810422897338867e-01,0.000000000000000000e+00,3.855699002742767334e-01,1.721729397773742676e+00,1.402716159820556641e+00,1.431014418601989746e+00,1.118032097816467285e+00,1.290827631950378418e+00,1.199455618858337402e+00,1.444688677787780762e+00,1.639268636703491211e+00,1.672713518142700195e+00,1.351570606231689453e+00,1.158163547515869141e+00,8.958453536033630371e-01,8.230552673339843750e-01,9.075477719306945801e-01,8.910125494003295898e-01,1.838833093643188477e+00,1.673066377639770508e+00,1.662866115570068359e+00,1.416770696640014648e+00,1.682617425918579102e+00,1.552724957466125488e+00,1.871109127998352051e+00,1.934377074241638184e+00,2.035236835479736328e+00,1.820690155029296875e+00,1.766676306724548340e+00,1.598194479942321777e+00,1.371038556098937988e+00,1.510262370109558105e+00,1.305210828781127930e+00,1.373400449752807617e+00,1.339268207550048828e+00,1.228597283363342285e+00,1.128169417381286621e+00,1.415687799453735352e+00,1.392436385154724121e+00,1.747197031974792480e+00,1.805081844329833984e+00,2.067914962768554688e+00,1.993477582931518555e+00,1.930894017219543457e+00,1.778974175453186035e+00,1.414485573768615723e+00,1.501619696617126465e+00,1.237492561340332031e+00,7.222592234611511230e-01,6.256127953529357910e-01,3.397059738636016846e-01,4.516845643520355225e-01,6.784232854843139648e-01,8.753621578216552734e-01,1.205441355705261230e+00,1.408027172088623047e+00,1.753095507621765137e+00,1.694918751716613770e+00,1.538904070854187012e+00,1.362610459327697754e+00,9.897274971008300781e-01,9.456742405891418457e-01,7.681473493576049805e-01
8.914592862129211426e-01,5.382214784622192383e-01,5.978541970252990723e-01,4.189670979976654053e-01,7.178187966346740723e-01,8.923822641372680664e-01,1.229125618934631348e+00,1.525827765464782715e+00,1.740529060363769531e+00,1.534925103187561035e+00,1.256738305091857910e+00,9.356446266174316406e-01,6.237930655479431152e-01,3.855699002742767334e-01,0.000000000000000000e+00,1.355653762817382812e+00,1.053683876991271973e+00,1.137383460998535156e+00,8.821707367897033691e-01,1.140454053878784180e+00,1.148936867713928223e+00,1.457644224166870117e+00,1.696222901344299316e+00,1.813584089279174805e+00,1.531734466552734375e+00,1.294844388961791992e+00,9.799283146858215332e-01,7.795574665069580078e-01,7.349669933319091797e-01,5.791484117507934570e-01,1.534492611885070801e+00,1.351762413978576660e+00,1.400853157043457031e+00,1.177729010581970215e+00,1.482350111007690430e+00,1.427305102348327637e+00,1.770886659622192383e+00,1.909345507621765137e+00,2.038589954376220703e+00,1.799445152282714844e+00,1.665612697601318359e+00,1.427580595016479492e+00,1.177549600601196289e+00,1.231531858444213867e+00,9.828121066093444824e-01,1.215174555778503418e+00,1.141719222068786621e+00,1.128442168235778809e+00,1.010894894599914551e+00,1.351982474327087402e+00,1.366441011428833008e+00,1.742379903793334961e+00,1.865827798843383789e+00,2.101436376571655273e+00,1.962002992630004883e+00,1.840005993843078613e+00,1.626047253608703613e+00,1.268768072128295898e+00,1.298244595527648926e+00,9.886915683746337891e-01,6.582062840461730957e-01,5.514861345291137695e-01,5.099447965621948242e-01,5.366230607032775879e-01,8.918525576591491699e-01,1.050425410270690918e+00,1.421931385993957520e+00,1.627968311309814453e+00,1.929802536964416504e+00,1.810471892356872559e+00,1.631881237030029297e+00,1.397502779960632324e+00,1.016272068023681641e+00,9.351339340209960938e-01,6.266500353813171387e-01
1.085413932800292969e+00,1.230661869049072266e+00,1.318450212478637695e+00,1.391820549964904785e+00,1.746867537498474121e+00,1.858621835708618164e+00,2.234602689743041992e+00,2.373978853225708008e+00,2.660566091537475586e+00,2.546706676483154297e+00,2.407999753952026367e+00,2.173660278320312500e+00,1.803559660911560059e+00,1.721729397773742676e+00,1.355653762817382812e+00,0.000000000000000000e+00,3.832549750804901123e-01,5.927842259407043457e-01,8.999690413475036621e-01,1.170630812644958496e+00,1.469457983970642090e+00,1.788374304771423340e+00,2.066853761672973633e+00,2.385276317596435547e+00,2.273972988128662109e+00,2.013514757156372070e+00,1.739510059356689453e+00,1.405426144599914551e+00,1.158090829849243164e+00,8.812580704689025879e-01,1.131293654441833496e+00,8.175780773162841797e-01,1.060662508010864258e+00,1.005966305732727051e+00,1.193440318107604980e+00,1.411638379096984863e+00,1.660395741462707520e+00,2.008729457855224609e+00,2.161403656005859375e+00,1.900138854980468750e+00,1.546937227249145508e+00,1.174775362014770508e+00,1.046775221824645996e+00,6.943434476852416992e-01,6.205411553382873535e-01,1.758533000946044922e+00,1.518079400062561035e+00,1.717699289321899414e+00,1.523731589317321777e+00,1.782648563385009766e+00,1.803329825401306152e+00,2.087822914123535156e+00,2.321298599243164062e+00,2.383518218994140625e+00,2.063407182693481445e+00,1.820559144020080566e+00,1.502749443054199219e+00,1.395126104354858398e+00,1.308613419532775879e+00,1.148925423622131348e+00,1.753861427307128906e+00,1.682124018669128418e+00,1.822690486907958984e+00,1.699285864830017090e+00,2.045442819595336914e+00,2.037935256958007812e+00,2.399168014526367188e+00,2.523260354995727539e+00,2.682376623153686523e+00,2.464297771453857422e+00,2.331798076629638672e+00,2.079018592834472656e+00,1.815311789512634277e+00,1.803382515907287598e+00,1.491354227066040039e+00
7.729727029800415039e-01,8.920392394065856934e-01,9.398871660232543945e-01,1.038214325904846191e+00,1.384345650672912598e+00,1.527543187141418457e+00,1.898592472076416016e+00,2.061855792999267578e+00,2.366228580474853516e+00,2.264014959335327148e+00,2.108414888381958008e+00,1.876662373542785645e+00,1.497478842735290527e+00,1.402716159820556641e+00,1.053683876991271973e+00,3.832549750804901123e-01,0.000000000000000000e+00,3.855793774127960205e-01,6.066056489944458008e-01,8.837341666221618652e-01,1.186060667037963867e+00,1.500646710395812988e+00,1.807943105697631836e+00,2.093774795532226562e+00,1.949728965759277344e+00,1.665851950645446777e+00,1.372639536857604980e+00,1.057052135467529297e+00,7.806502580642700195e-01,5.266206264495849609e-01,1.292717218399047852e+00,9.607750177383422852e-01,1.133048534393310547e+00,9.626219868659973145e-01,1.171357512474060059e+00,1.293104410171508789e+00,1.559489965438842773e+00,1.870926380157470703e+00,1.985728621482849121e+00,1.693028450012207031e+00,1.366324186325073242e+00,9.920092225074768066e-01,8.717870712280273438e-01,6.245421767234802246e-01,5.414798259735107422e-01,1.708567857742309570e+00,1.487077236175537109e+00,1.630006432533264160e+00,1.411072492599487305e+00,1.694658994674682617e+00,1.673267483711242676e+00,1.984666705131530762e+00,2.172692537307739258e+00,2.252693414688110352e+00,1.960019469261169434e+00,1.768368959426879883e+00,1.485516309738159180e+00,1.316242933273315430e+00,1.303787231445312500e+00,1.101949095726013184e+00,1.502401590347290039e+00,1.456680059432983398e+00,1.549168705940246582e+00,1.445475935935974121e+00,1.793565750122070312e+00,1.791508197784423828e+00,2.161244153976440430e+00,2.273113727569580078e+00,2.472938299179077148e+00,2.294337272644042969e+00,2.178542375564575195e+00,1.945849061012268066e+00,1.636766076087951660e+00,1.642733454704284668e+00,1.316984534263610840e+00
1.027182579040527344e+00,1.078858852386474609e+00,9.878464937210083008e-01,1.009924769401550293e+00,1.308198451995849609e+00,1.374990463256835938e+00,1.731872439384460449e+00,1.831345915794372559e+00,2.141289710998535156e+00,2.078615665435791016e+00,1.982790827751159668e+00,1.810784935951232910e+00,1.428638458251953125e+00,1.431014418601989746e+00,1.137383460998535156e+00,5.927842259407043457e-01,3.855793774127960205e-01,0.000000000000000000e+00,3.724099099636077881e-01,5.822958946228027344e-01,8.909363150596618652e-01,1.196858167648315430e+00,1.481276273727416992e+00,1.800784587860107422e+00,1.709296822547912598e+00,1.463532924652099609e+00,1.236175179481506348e+00,8.973230123519897461e-01,7.281022667884826660e-01,5.881109237670898438e-01,1.359230399131774902e+00,9.852899312973022461e-01,1.026160478591918945e+00,7.780622243881225586e-01,8.856938481330871582e-01,9.661621451377868652e-01,1.194738507270812988e+00,1.513078451156616211e+00,1.616115570068359375e+00,1.328722596168518066e+00,9.896973371505737305e-01,6.138913035392761230e-01,5.281943678855895996e-01,3.323294520378112793e-01,4.940779805183410645e-01,1.832786202430725098e+00,1.556533932685852051e+00,1.624608516693115234e+00,1.337783932685852051e+00,1.556148171424865723e+00,1.462563991546630859e+00,1.735455155372619629e+00,1.895202636718750000e+00,1.929860711097717285e+00,1.623581886291503906e+00,1.462644457817077637e+00,1.223602652549743652e+00,1.109037280082702637e+00,1.192185997962951660e+00,1.091296076774597168e+00,1.698998093605041504e+00,1.600766658782958984e+00,1.613321423530578613e+00,1.436238288879394531e+00,1.738733530044555664e+00,1.657028198242187500e+00,2.002331495285034180e+00,2.061279058456420898e+00,2.229912519454956055e+00,2.063206911087036133e+00,2.001333713531494141e+00,1.820398569107055664e+00,1.534482121467590332e+00,1.629926323890686035e+00,1.367062926292419434e+00
1.004456996917724609e+00,9.317806959152221680e-01,7.569476366043090820e-01,6.863914728164672852e-01,9.622394442558288574e-01,1.003631353378295898e+00,1.364113330841064453e+00,1.478777170181274414e+00,1.785038352012634277e+00,1.716476321220397949e+00,1.615095734596252441e+00,1.456276535987854004e+00,1.075324892997741699e+00,1.118032097816467285e+00,8.821707367897033691e-01,8.999690413475036621e-01,6.066056489944458008e-01,3.724099099636077881e-01,0.000000000000000000e+00,3.790623843669891357e-01,5.908545851707458496e-01,9.386182427406311035e-01,1.220415830612182617e+00,1.503271222114562988e+00,1.376003026962280273e+00,1.139144182205200195e+00,9.137306809425354004e-01,5.471721291542053223e-01,4.854886829853057861e-01,4.185791611671447754e-01,1.438202857971191406e+00,1.091143131256103516e+00,1.056356787681579590e+00,7.292221188545227051e-01,8.657745718955993652e-01,8.205202221870422363e-01,1.091266989707946777e+00,1.340797424316406250e+00,1.437464356422424316e+00,1.149782538414001465e+00,8.878763318061828613e-01,5.728361010551452637e-01,3.959637582302093506e-01,4.824848175048828125e-01,5.480837225914001465e-01,1.713345289230346680e+00,1.450998902320861816e+00,1.444324493408203125e+00,1.138379216194152832e+00,1.358827233314514160e+00,1.228248119354248047e+00,1.525131583213806152e+00,1.645095348358154297e+00,1.719251990318298340e+00,1.460259437561035156e+00,1.345974922180175781e+00,1.149657130241394043e+00,9.582154750823974609e-01,1.114220857620239258e+00,9.983097910881042480e-01,1.506654500961303711e+00,1.386078119277954102e+00,1.327909827232360840e+00,1.132964253425598145e+00,1.410949349403381348e+00,1.317250013351440430e+00,1.662740707397460938e+00,1.717345237731933594e+00,1.916775107383728027e+00,1.778977990150451660e+00,1.726668238639831543e+00,1.569518566131591797e+00,1.256449222564697266e+00,1.385195374488830566e+00,1.151513457298278809e+00
1.188488721847534180e+00,1.141897678375244141e+00,8.612440824508666992e-01,8.232955336570739746e-01,9.662571549415588379e-01,9.772513508796691895e-01,1.276027202606201172e+00,1.327927112579345703e+00,1.675790667533874512e+00,1.689189195632934570e+00,1.641458153724670410e+00,1.556932449340820312e+00,1.196561694145202637e+00,1.290827631950378418e+00,1.140454053878784180e+00,1.170630812644958496e+00,8.837341666221618652e-01,5.822958946228027344e-01,3.790623843669891357e-01,0.000000000000000000e+00,3.774256408214569092e-01,6.236442923545837402e-01,9.467151165008544922e-01,1.242149829864501953e+00,1.161893129348754883e+00,9.256311655044555664e-01,7.844821214675903320e-01,5.124542713165283203e-01,5.526329278945922852e-01,7.171739935874938965e-01,1.781433463096618652e+00,1.423388838768005371e+00,1.336881637573242188e+00,9.888420104980468750e-01,9.934802651405334473e-01,8.399804234504699707e-01,9.923224449157714844e-01,1.203918218612670898e+00,1.200529217720031738e+00,8.629612326622009277e-01,6.100707650184631348e-01,3.688908219337463379e-01,4.680493175983428955e-01,6.981561779975891113e-01,8.985380530357360840e-01,2.061336278915405273e+00,1.795652031898498535e+00,1.742339968681335449e+00,1.410914421081542969e+00,1.570920705795288086e+00,1.358045935630798340e+00,1.598488688468933105e+00,1.639662504196166992e+00,1.647300601005554199e+00,1.396269083023071289e+00,1.375010609626770020e+00,1.272671461105346680e+00,1.150796771049499512e+00,1.388658523559570312e+00,1.334834098815917969e+00,1.771119952201843262e+00,1.675422787666320801e+00,1.553678989410400391e+00,1.358029484748840332e+00,1.577625870704650879e+00,1.424110293388366699e+00,1.727508544921875000e+00,1.698881745338439941e+00,1.893341541290283203e+00,1.814576983451843262e+00,1.840847849845886230e+00,1.755781173706054688e+00,1.459821939468383789e+00,1.651545763015747070e+00,1.462043285369873047e+00
1.427938818931579590e+00,1.287958860397338867e+00,9.708501100540161133e-01,8.035988211631774902e-01,8.376414775848388672e-01,7.156319022178649902e-01,9.758453965187072754e-01,9.755619168281555176e-01,1.309694051742553711e+00,1.340208411216735840e+00,1.340012431144714355e+00,1.320335984230041504e+00,1.003803730010986328e+00,1.199455618858337402e+00,1.148936867713928223e+00,1.469457983970642090e+00,1.186060667037963867e+00,8.909363150596618652e-01,5.908545851707458496e-01,3.774256408214569092e-01,0.000000000000000000e+00,3.834836483001708984e-01,6.370219588279724121e-01,9.170266985893249512e-01,8.438449501991271973e-01,6.968281865119934082e-01,6.736009120941162109e-01,4.469082951545715332e-01,7.210828661918640137e-01,8.996471166610717773e-01,1.876012921333312988e+00,1.549708604812622070e+00,1.386683464050292969e+00,1.020894765853881836e+00,9.969700574874877930e-01,7.222006916999816895e-01,8.628555536270141602e-01,9.645385742187500000e-01,9.584892392158508301e-01,6.608610749244689941e-01,5.809144973754882812e-01,5.522004365921020508e-01,5.514616966247558594e-01,9.043969511985778809e-01,1.063358068466186523e+00,2.042208909988403320e+00,1.777958750724792480e+00,1.644831657409667969e+00,1.301815748214721680e+00,1.404406070709228516e+00,1.134768724441528320e+00,1.349969267845153809e+00,1.330150365829467773e+00,1.354923248291015625e+00,1.163121461868286133e+00,1.210791945457458496e+00,1.186292648315429688e+00,1.046809434890747070e+00,1.353865861892700195e+00,1.342882633209228516e+00,1.796057343482971191e+00,1.655806422233581543e+00,1.460858941078186035e+00,1.223667621612548828e+00,1.362517952919006348e+00,1.149262189865112305e+00,1.410922646522521973e+00,1.341472387313842773e+00,1.536138057708740234e+00,1.492701530456542969e+00,1.560678839683532715e+00,1.534657716751098633e+00,1.261256456375122070e+00,1.515157699584960938e+00,1.406122446060180664e+00
