,A1,A2,A3,A4,A5,A6,A7,A8,A9,A10,A11,A12,A13,A14,A15,B1,B2,B3,B4,B5,B6,B7,B8,B9,B10,B11,B12,B13,B14,B15,C1,C2,C3,C4,C5,C6,C7,C8,C9,C10,C11,C12,C13,C14,C15,D1,D2,D3,D4,D5,D6,D7,D8,D9,D10,D11,D12,D13,D14,D15,E1,E2,E3,E4,E5,E6,E7,E8,E9,E10,E11,E12,E13,E14,E15
A1,0.0,0.3824903666973114,0.5971249938011169,0.9010932445526123,1.171579122543335,1.476193904876709,1.7942861318588257,2.0664570331573486,2.384214401245117,2.276543378829956,2.027707099914551,1.7527610063552856,1.4181931018829346,1.1638463735580444,0.8914592862129211,1.085413932800293,0.7729727029800415,1.0271825790405273,1.0044569969177246,1.1884887218475342,1.4279388189315796,1.6712679862976074,2.024456739425659,2.1898064613342285,1.9387867450714111,1.5845378637313843,1.214847445487976,1.078757405281067,0.7172839641571045,0.6511837840080261,1.8392192125320435,1.5845037698745728,1.763240098953247,1.5546960830688477,1.805706262588501,1.8160569667816162,2.093594789505005,2.3241453170776367,2.3693480491638184,2.0375146865844727,1.7921072244644165,1.4730383157730103,1.395617961883545,1.3084543943405151,1.1614481210708618,1.846160650253296,1.7650359869003296,1.8843084573745728,1.7363137006759644,2.076981782913208,2.057040214538574,2.411266803741455,2.5358359813690186,2.6729323863983154,2.4486608505249023,2.3231589794158936,2.080199718475342,1.8180720806121826,1.828737735748291,1.5279028415679932,1.1031793355941772,1.2562185525894165,1.3444324731826782,1.4250152111053467,1.7730528116226196,1.8779841661453247,2.250091314315796,2.3823673725128174,2.678255796432495,2.5727715492248535,2.4435341358184814,2.2148220539093018,1.8426519632339478,1.7781453132629395,1.41612708568573
A2,0.3824903666973114,0.0,0.38464874029159546,0.6027382016181946,0.8790205121040344,1.1836106777191162,1.5006129741668701,1.8018417358398438,2.0879099369049072,1.9484362602233887,1.6761397123336792,1.383875846862793,1.0666532516479492,0.7858818173408508,0.5382214784622192,1.2306618690490723,0.8920392394065857,1.0788588523864746,0.9317806959152222,1.1418976783752441,1.2879588603973389,1.5502066612243652,1.8709717988967896,2.000546932220459,1.7180542945861816,1.3902208805084229,1.0156621932983398,0.8834084272384644,0.6113893985748291,0.5349164605140686,1.7637883424758911,1.534561038017273,1.6653008460998535,1.4383007287979126,1.7153398990631104,1.6854462623596191,1.9909837245941162,2.17751145362854,2.2434499263763428,1.9383466243743896,1.7454357147216797,1.459701418876648,1.317726492881775,1.3016357421875,1.1071945428848267,1.6038378477096558,1.5428391695022583,1.6117929220199585,1.4797825813293457,1.8243179321289062,1.810826301574707,2.1766016483306885,2.2886784076690674,2.4673030376434326,2.2829341888427734,2.16947078704834,1.942637324333191,1.6349786520004272,1.6604760885238647,1.3453065156936646,0.79555743932724,0.9231066703796387,0.9687204957008362,1.0714738368988037,1.4099491834640503,1.543333888053894,1.9109971523284912,2.066439151763916,2.3790407180786133,2.2828304767608643,2.1393840312957764,1.9148268699645996,1.5339186191558838,1.460178256034851,1.1157952547073364
A3,0.5971249938011169,0.38464874029159546,0.0,0.37073013186454773,0.5802434682846069,0.8927267789840698,1.1987062692642212,1.4753402471542358,1.7949880361557007,1.7084052562713623,1.4774878025054932,1.250572919845581,0.9105442762374878,0.734978199005127,0.5978541970252991,1.3184502124786377,0.9398871660232544,0.9878464937210083,0.7569476366043091,0.8612440824508667,0.9708501100540161,1.1906657218933105,1.5197802782058716,1.6361042261123657,1.3589874505996704,1.0166189670562744,0.6411813497543335,0.5489597320556641,0.31430497765541077,0.49348142743110657,1.8896212577819824,1.61489737033844,1.666014552116394,1.37471342086792,1.587897539138794,1.4851996898651123,1.7521008253097534,1.9060920476913452,1.9266352653503418,1.6107137203216553,1.4529824256896973,1.2148853540420532,1.1267327070236206,1.209776520729065,1.112473487854004,1.78734290599823,1.6722079515457153,1.666201114654541,1.4655810594558716,1.7628798484802246,1.6715105772018433,2.0126960277557373,2.071866035461426,2.2193410396575928,2.0469789505004883,1.9891600608825684,1.817205786705017,1.5323798656463623,1.6466166973114014,1.3951410055160522,1.0482617616653442,1.1071946620941162,1.020214557647705,1.04485023021698,1.333914875984192,1.3888128995895386,1.7399109601974487,1.8325668573379517,2.148716688156128,2.0924198627471924,2.009061336517334,1.8433908224105835,1.4618275165557861,1.4836605787277222,1.19704008102417
A4,0.9010932445526123,0.6027382016181946,0.37073013186454773,0.0,0.3809775710105896,0.5946442484855652,0.945517361164093,1.2195287942886353,1.501408576965332,1.3775852918624878,1.1531176567077637,0.9271430373191833,0.5606314539909363,0.48693424463272095,0.4189670979976654,1.3918205499649048,1.0382143259048462,1.0099247694015503,0.6863914728164673,0.823295533657074,0.8035988211631775,1.06930673122406,1.336050033569336,1.4470723867416382,1.1675609350204468,0.8952708840370178,0.5704060196876526,0.383492648601532,0.4325333535671234,0.5149643421173096,1.7481657266616821,1.4941216707229614,1.4793418645858765,1.1762199401855469,1.3946313858032227,1.2577683925628662,1.5499355792999268,1.6656155586242676,1.7285559177398682,1.4589585065841675,1.350358247756958,1.1539409160614014,0.9844627380371094,1.1360886096954346,1.0174143314361572,1.5811444520950317,1.4450154304504395,1.3737974166870117,1.1588289737701416,1.434950828552246,1.3358421325683594,1.68037748336792,1.7361985445022583,1.9178391695022583,1.7762380838394165,1.7221671342849731,1.5690500736236572,1.2557467222213745,1.3975461721420288,1.1719495058059692,1.0122605562210083,0.9496718049049377,0.7823745012283325,0.7192373871803284,0.9872159957885742,1.0193709135055542,1.3751119375228882,1.4847520589828491,1.7973823547363281,1.732289433479309,1.6421774625778198,1.4878078699111938,1.107553243637085,1.1661038398742676,0.9342796206474304
A5,1.171579122543335,0.8790205121040344,0.5802434682846069,0.3809775710105896,0.0,0.3766539990901947,0.627631664276123,0.9457720518112183,1.2405599355697632,1.164372205734253,0.943356990814209,0.8005728125572205,0.527872622013092,0.5537034273147583,0.7178187966346741,1.7468675374984741,1.3843456506729126,1.3081984519958496,0.9622394442558289,0.9662571549415588,0.8376414775848389,0.9806554317474365,1.211970567703247,1.2209476232528687,0.8888559341430664,0.6239917278289795,0.3537900447845459,0.4581432640552521,0.6616066098213196,0.876321017742157,2.0912108421325684,1.840623140335083,1.779821753501892,1.4558056592941284,1.6193153858184814,1.4050476551055908,1.6441459655761719,1.680168628692627,1.6815259456634521,1.425131916999817,1.4098587036132812,1.3047490119934082,1.1973923444747925,1.4266842603683472,1.3622206449508667,1.8461381196975708,1.7295576333999634,1.5934771299362183,1.3791742324829102,1.599198579788208,1.4441852569580078,1.7506539821624756,1.7239328622817993,1.901779294013977,1.8190362453460693,1.8417013883590698,1.7603521347045898,1.4627714157104492,1.663119912147522,1.479552984237671,1.196338415145874,1.1589083671569824,0.8869916796684265,0.8514012694358826,0.989249050617218,0.987200140953064,1.2793304920196533,1.3286588191986084,1.6799161434173584,1.6954264640808105,1.6616435050964355,1.5819497108459473,1.222601056098938,1.3326146602630615,1.1848198175430298
A6,1.476193904876709,1.1836106777191162,0.8927267789840698,0.5946442484855652,0.3766539990901947,0.0,0.3837229311466217,0.6371665596961975,0.909580647945404,0.8346409201622009,0.6957042813301086,0.6664693355560303,0.4419070780277252,0.7063757181167603,0.8923822641372681,1.8586218357086182,1.5275431871414185,1.374990463256836,1.003631353378296,0.9772513508796692,0.715631902217865,0.8440595269203186,0.9689961075782776,0.9675573706626892,0.6637111902236938,0.5585033297538757,0.5100756883621216,0.5286192297935486,0.872455358505249,1.0427442789077759,2.0653247833251953,1.8237228393554688,1.6864932775497437,1.3563518524169922,1.469146728515625,1.2020632028579712,1.4187268018722534,1.3920204639434814,1.4135812520980835,1.2190470695495605,1.2772716283798218,1.2487093210220337,1.1155891418457031,1.411480188369751,1.3817939758300781,1.8449105024337769,1.6884618997573853,1.4825466871261597,1.2361377477645874,1.3775736093521118,1.1694750785827637,1.4379833936691284,1.370622992515564,1.5564498901367188,1.5148638486862183,1.5750607252120972,1.5504306554794312,1.2720297574996948,1.5279405117034912,1.4210854768753052,1.4212206602096558,1.2880223989486694,0.9739702343940735,0.8115526437759399,0.8402132987976074,0.7126476168632507,0.9661182165145874,0.9691949486732483,1.309614896774292,1.3416688442230225,1.351672649383545,1.3339582681655884,1.017279028892517,1.221759557723999,1.1749863624572754
A7,1.7942861318588257,1.5006129741668701,1.1987062692642212,0.945517361164093,0.627631664276123,0.3837229311466217,0.0,0.3870331048965454,0.6351368427276611,0.6521247625350952,0.5786594748497009,0.7280412912368774,0.7024758458137512,0.964733362197876,1.2291256189346313,2.234602689743042,1.898592472076416,1.7318724393844604,1.3641133308410645,1.2760272026062012,0.9758453965187073,0.9651820659637451,0.9939888715744019,0.8347505331039429,0.4912429749965668,0.5560092926025391,0.6948704123497009,0.862594723701477,1.202932596206665,1.4148532152175903,2.4227089881896973,2.1914331912994385,2.0292556285858154,1.7011997699737549,1.7749457359313965,1.4680436849594116,1.6229088306427002,1.5111596584320068,1.4728554487228394,1.3265395164489746,1.4788029193878174,1.5278326272964478,1.4415252208709717,1.7653065919876099,1.7592114210128784,2.1373417377471924,2.0037126541137695,1.757883071899414,1.5333529710769653,1.6197054386138916,1.3838390111923218,1.5886662006378174,1.4335509538650513,1.6102491617202759,1.6462202072143555,1.77842116355896,1.8196204900741577,1.5683934688568115,1.8481425046920776,1.7692550420761108,1.6751892566680908,1.5614275932312012,1.2065069675445557,1.0850378274917603,0.9941928386688232,0.8459862470626831,0.9572580456733704,0.8640651106834412,1.2310389280319214,1.3684823513031006,1.443777084350586,1.5088626146316528,1.2484148740768433,1.4713751077651978,1.4872722625732422
A8,2.0664570331573486,1.8018417358398438,1.4753402471542358,1.2195287942886353,0.9457720518112183,0.6371665596961975,0.3870331048965454,0.0,0.40200212597846985,0.6137397885322571,0.7627517580986023,1.0109080076217651,0.9908030033111572,1.3045017719268799,1.5258277654647827,2.373978853225708,2.0618557929992676,1.8313459157943726,1.4787771701812744,1.3279271125793457,0.9755619168281555,0.8699752688407898,0.7539973855018616,0.5234054327011108,0.31646081805229187,0.6300252676010132,0.9081125259399414,1.0361353158950806,1.4085400104522705,1.626412272453308,2.5404138565063477,2.29725980758667,2.081040382385254,1.7498670816421509,1.7427105903625488,1.393985390663147,1.4656124114990234,1.2782649993896484,1.196419596672058,1.1207984685897827,1.3613452911376953,1.5031485557556152,1.4582304954528809,1.821622610092163,1.8807158470153809,2.3560805320739746,2.1780707836151123,1.9051657915115356,1.6446572542190552,1.6496555805206299,1.3505779504776,1.4684983491897583,1.2378437519073486,1.3513652086257935,1.430535078048706,1.6357357501983643,1.7547856569290161,1.5732791423797607,1.902781367301941,1.9010452032089233,2.0254926681518555,1.8769065141677856,1.5304675102233887,1.3431594371795654,1.2184995412826538,0.9640368223190308,0.9809613227844238,0.7422954440116882,1.0336898565292358,1.2284924983978271,1.4041204452514648,1.5506402254104614,1.3595596551895142,1.6530691385269165,1.7147241830825806
A9,2.384214401245117,2.0879099369049072,1.7949880361557007,1.501408576965332,1.2405599355697632,0.909580647945404,0.6351368427276611,0.40200212597846985,0.0,0.37868720293045044,0.6848069429397583,1.0315583944320679,1.1397243738174438,1.4814879894256592,1.7405290603637695,2.6605660915374756,2.3662285804748535,2.141289710998535,1.7850383520126343,1.6757906675338745,1.3096940517425537,1.2369569540023804,1.048510193824768,0.8048580288887024,0.7060065269470215,1.0261439085006714,1.27536940574646,1.3735007047653198,1.749419093132019,1.9209812879562378,2.678156614303589,2.477895736694336,2.233283519744873,1.9359477758407593,1.9292917251586914,1.5865576267242432,1.6547187566757202,1.40811026096344,1.377207636833191,1.3975720405578613,1.6665892601013184,1.822874665260315,1.7321269512176514,2.09128999710083,2.1212446689605713,2.4074997901916504,2.2494306564331055,1.9301892518997192,1.7119312286376953,1.655299425125122,1.3745383024215698,1.432242751121521,1.1541670560836792,1.3189440965652466,1.4946630001068115,1.7145164012908936,1.869002103805542,1.6905208826065063,2.008136510848999,2.034780263900757,2.1866378784179688,2.0006775856018066,1.6390687227249146,1.443535566329956,1.2178030014038086,0.9525456428527832,0.8109825253486633,0.5010102987289429,0.7757229804992676,1.055625319480896,1.2624989748001099,1.4803330898284912,1.3723942041397095,1.6723963022232056,1.8179571628570557
A10,2.276543378829956,1.9484362602233887,1.7084052562713623,1.3775852918624878,1.164372205734253,0.8346409201622009,0.6521247625350952,0.6137397885322571,0.37868720293045044,0.0,0.3837505578994751,0.7345448136329651,0.9138107895851135,1.2630091905593872,1.534925103187561,2.5467066764831543,2.264014959335327,2.078615665435791,1.716476321220398,1.6891891956329346,1.3402084112167358,1.373998761177063,1.2427488565444946,1.0881882905960083,0.9222362637519836,1.1490215063095093,1.2981810569763184,1.3356927633285522,1.6949509382247925,1.8013269901275635,2.450465679168701,2.2901670932769775,2.059823989868164,1.7928085327148438,1.8458647727966309,1.5437428951263428,1.6884797811508179,1.4868651628494263,1.5484954118728638,1.5539557933807373,1.761940836906433,1.8540198802947998,1.6877214908599854,2.0136940479278564,1.9788382053375244,2.0822248458862305,1.9523885250091553,1.6194493770599365,1.4470546245574951,1.4040743112564087,1.1850546598434448,1.292766809463501,1.0858144760131836,1.352723240852356,1.5147335529327393,1.659806489944458,1.7613924741744995,1.5291478633880615,1.800986886024475,1.8017555475234985,1.9344319105148315,1.7160178422927856,1.358152985572815,1.159116268157959,0.8817910552024841,0.6443620920181274,0.4627076983451843,0.29805952310562134,0.6856058239936829,0.8874497413635254,0.9951804876327515,1.1796399354934692,1.0757468938827515,1.3464884757995605,1.5293759107589722
A11,2.027707099914551,1.6761397123336792,1.4774878025054932,1.1531176567077637,0.943356990814209,0.6957042813301086,0.5786594748497009,0.7627517580986023,0.6848069429397583,0.3837505578994751,0.0,0.37675124406814575,0.6424193978309631,0.9407358169555664,1.256738305091858,2.4079997539520264,2.108414888381958,1.9827908277511597,1.6150957345962524,1.6414581537246704,1.3400124311447144,1.433168649673462,1.4031575918197632,1.2763012647628784,1.011879563331604,1.1174668073654175,1.164339303970337,1.2098112106323242,1.525563359260559,1.6122424602508545,2.3331117630004883,2.185037851333618,2.010955810546875,1.7483150959014893,1.8757848739624023,1.6128168106079102,1.8246324062347412,1.6943217515945435,1.7696601152420044,1.7034409046173096,1.845330834388733,1.8644834756851196,1.6696950197219849,1.9566203355789185,1.8624235391616821,1.8555238246917725,1.7760382890701294,1.4728386402130127,1.3437260389328003,1.3957104682922363,1.2480792999267578,1.451063871383667,1.3314234018325806,1.6264084577560425,1.7271469831466675,1.8072266578674316,1.831349492073059,1.5353600978851318,1.7542273998260498,1.6741366386413574,1.5843530893325806,1.3907885551452637,1.018873929977417,0.8895476460456848,0.6154438853263855,0.5371799468994141,0.5258759260177612,0.6183939576148987,1.0098483562469482,1.1175847053527832,1.0999319553375244,1.167776346206665,0.9748497605323792,1.1563961505889893,1.2959896326065063
A12,1.7527610063552856,1.383875846862793,1.250572919845581,0.9271430373191833,0.8005728125572205,0.6664693355560303,0.7280412912368774,1.0109080076217651,1.0315583944320679,0.7345448136329651,0.37675124406814575,0.0,0.3864022195339203,0.609790563583374,0.9356446266174316,2.1736602783203125,1.8766623735427856,1.810784935951233,1.456276535987854,1.5569324493408203,1.3203359842300415,1.4941325187683105,1.5477310419082642,1.4909147024154663,1.193108081817627,1.180973768234253,1.1035301685333252,1.093693733215332,1.3435736894607544,1.3724027872085571,2.0922818183898926,1.9609427452087402,1.841635823249817,1.5985164642333984,1.79542076587677,1.5896457433700562,1.8632744550704956,1.8087654113769531,1.9192838668823242,1.8028284311294556,1.8676317930221558,1.809906244277954,1.5753657817840576,1.8061435222625732,1.6500858068466187,1.5458261966705322,1.5015290975570679,1.2415331602096558,1.1524310111999512,1.297608733177185,1.2282668352127075,1.509437084197998,1.4830470085144043,1.7950482368469238,1.8317395448684692,1.8382374048233032,1.7838892936706543,1.4397724866867065,1.5943418741226196,1.4420759677886963,1.21433687210083,1.0169057846069336,0.643402636051178,0.5651448369026184,0.3513624668121338,0.4975533187389374,0.6843858957290649,0.9057808518409729,1.2714793682098389,1.2806872129440308,1.159256935119629,1.1016324758529663,0.8267719149589539,0.9039580225944519,0.9838342070579529
A13,1.4181931018829346,1.0666532516479492,0.9105442762374878,0.5606314539909363,0.527872622013092,0.4419070780277252,0.7024758458137512,0.9908030033111572,1.1397243738174438,0.9138107895851135,0.6424193978309631,0.3864022195339203,0.0,0.3835810422897339,0.6237930655479431,1.80355966091156,1.4974788427352905,1.4286384582519531,1.0753248929977417,1.1965616941452026,1.0038037300109863,1.232923984527588,1.3560775518417358,1.3821815252304077,1.0899988412857056,0.9868865013122559,0.8308071494102478,0.7388185262680054,0.9723100066184998,0.9928277730941772,1.8388389348983765,1.6607556343078613,1.5624933242797852,1.2904529571533203,1.4998143911361694,1.3123750686645508,1.608078122138977,1.6189327239990234,1.729691505432129,1.5610159635543823,1.5649628639221191,1.4627037048339844,1.2275408506393433,1.4438345432281494,1.2967045307159424,1.448642373085022,1.3454183340072632,1.142240047454834,0.9764230847358704,1.183982491493225,1.094417929649353,1.4221092462539673,1.441257119178772,1.709371566772461,1.668890118598938,1.6441172361373901,1.5482701063156128,1.199781894683838,1.3618276119232178,1.1862456798553467,1.0790430307388306,0.8873151540756226,0.5569373369216919,0.39124441146850586,0.466228187084198,0.5260409712791443,0.8593576550483704,1.034382700920105,1.3748277425765991,1.3308203220367432,1.216138482093811,1.1029335260391235,0.7472063899040222,0.8453989028930664,0.7990444302558899
A14,1.1638463735580444,0.7858818173408508,0.734978199005127,0.48693424463272095,0.5537034273147583,0.7063757181167603,0.964733362197876,1.3045017719268799,1.4814879894256592,1.2630091905593872,0.9407358169555664,0.609790563583374,0.3835810422897339,0.0,0.38556990027427673,1.7217293977737427,1.4027161598205566,1.4310144186019897,1.1180320978164673,1.2908276319503784,1.1994556188583374,1.4446886777877808,1.6392686367034912,1.6727135181427002,1.3515706062316895,1.1581635475158691,0.895845353603363,0.8230552673339844,0.9075477719306946,0.8910125494003296,1.8388330936431885,1.6730663776397705,1.6628661155700684,1.4167706966400146,1.682617425918579,1.5527249574661255,1.871109127998352,1.9343770742416382,2.0352368354797363,1.8206901550292969,1.7666763067245483,1.5981944799423218,1.371038556098938,1.510262370109558,1.305210828781128,1.3734004497528076,1.3392682075500488,1.2285972833633423,1.1281694173812866,1.4156877994537354,1.3924363851547241,1.7471970319747925,1.805081844329834,2.0679149627685547,1.9934775829315186,1.9308940172195435,1.778974175453186,1.4144855737686157,1.5016196966171265,1.237492561340332,0.7222592234611511,0.6256127953529358,0.3397059738636017,0.4516845643520355,0.678423285484314,0.8753621578216553,1.2054413557052612,1.408027172088623,1.7530955076217651,1.6949187517166138,1.538904070854187,1.3626104593276978,0.9897274971008301,0.9456742405891418,0.768147349357605
A15,0.8914592862129211,0.5382214784622192,0.5978541970252991,0.4189670979976654,0.7178187966346741,0.8923822641372681,1.2291256189346313,1.5258277654647827,1.7405290603637695,1.534925103187561,1.256738305091858,0.9356446266174316,0.6237930655479431,0.38556990027427673,0.0,1.3556537628173828,1.053683876991272,1.1373834609985352,0.8821707367897034,1.1404540538787842,1.1489368677139282,1.4576442241668701,1.6962229013442993,1.8135840892791748,1.5317344665527344,1.294844388961792,0.9799283146858215,0.779557466506958,0.7349669933319092,0.5791484117507935,1.5344926118850708,1.3517624139785767,1.400853157043457,1.1777290105819702,1.4823501110076904,1.4273051023483276,1.7708866596221924,1.9093455076217651,2.0385899543762207,1.7994451522827148,1.6656126976013184,1.4275805950164795,1.1775496006011963,1.2315318584442139,0.9828121066093445,1.2151745557785034,1.1417192220687866,1.1284421682357788,1.0108948945999146,1.3519824743270874,1.366441011428833,1.742379903793335,1.8658277988433838,2.1014363765716553,1.9620029926300049,1.8400059938430786,1.6260472536087036,1.268768072128296,1.298244595527649,0.9886915683746338,0.6582062840461731,0.5514861345291138,0.5099447965621948,0.5366230607032776,0.8918525576591492,1.050425410270691,1.4219313859939575,1.6279683113098145,1.9298025369644165,1.8104718923568726,1.6318812370300293,1.3975027799606323,1.0162720680236816,0.9351339340209961,0.6266500353813171
B1,1.085413932800293,1.2306618690490723,1.3184502124786377,1.3918205499649048,1.7468675374984741,1.8586218357086182,2.234602689743042,2.373978853225708,2.6605660915374756,2.5467066764831543,2.4079997539520264,2.1736602783203125,1.80355966091156,1.7217293977737427,1.3556537628173828,0.0,0.3832549750804901,0.5927842259407043,0.8999690413475037,1.1706308126449585,1.469457983970642,1.7883743047714233,2.0668537616729736,2.3852763175964355,2.273972988128662,2.013514757156372,1.7395100593566895,1.4054261445999146,1.1580908298492432,0.8812580704689026,1.1312936544418335,0.8175780773162842,1.0606625080108643,1.005966305732727,1.193440318107605,1.4116383790969849,1.6603957414627075,2.0087294578552246,2.1614036560058594,1.9001388549804688,1.5469372272491455,1.1747753620147705,1.046775221824646,0.6943434476852417,0.6205411553382874,1.758533000946045,1.518079400062561,1.7176992893218994,1.5237315893173218,1.7826485633850098,1.8033298254013062,2.087822914123535,2.321298599243164,2.3835182189941406,2.0634071826934814,1.8205591440200806,1.5027494430541992,1.3951261043548584,1.3086134195327759,1.1489254236221313,1.753861427307129,1.6821240186691284,1.822690486907959,1.699285864830017,2.045442819595337,2.037935256958008,2.399168014526367,2.5232603549957275,2.6823766231536865,2.4642977714538574,2.3317980766296387,2.0790185928344727,1.8153117895126343,1.8033825159072876,1.49135422706604
B2,0.7729727029800415,0.8920392394065857,0.9398871660232544,1.0382143259048462,1.3843456506729126,1.5275431871414185,1.898592472076416,2.0618557929992676,2.3662285804748535,2.264014959335327,2.108414888381958,1.8766623735427856,1.4974788427352905,1.4027161598205566,1.053683876991272,0.3832549750804901,0.0,0.385579377412796,0.6066056489944458,0.8837341666221619,1.1860606670379639,1.500646710395813,1.8079431056976318,2.0937747955322266,1.9497289657592773,1.6658519506454468,1.372639536857605,1.0570521354675293,0.78065025806427,0.526620626449585,1.2927172183990479,0.9607750177383423,1.1330485343933105,0.9626219868659973,1.17135751247406,1.2931044101715088,1.5594899654388428,1.8709263801574707,1.9857286214828491,1.693028450012207,1.3663241863250732,0.9920092225074768,0.8717870712280273,0.6245421767234802,0.5414798259735107,1.7085678577423096,1.487077236175537,1.6300064325332642,1.4110724925994873,1.6946589946746826,1.6732674837112427,1.9846667051315308,2.1726925373077393,2.2526934146881104,1.9600194692611694,1.7683689594268799,1.4855163097381592,1.3162429332733154,1.3037872314453125,1.1019490957260132,1.50240159034729,1.4566800594329834,1.5491687059402466,1.4454759359359741,1.7935657501220703,1.7915081977844238,2.1612441539764404,2.27311372756958,2.472938299179077,2.294337272644043,2.178542375564575,1.945849061012268,1.6367660760879517,1.6427334547042847,1.3169845342636108
B3,1.0271825790405273,1.0788588523864746,0.9878464937210083,1.0099247694015503,1.3081984519958496,1.374990463256836,1.7318724393844604,1.8313459157943726,2.141289710998535,2.078615665435791,1.9827908277511597,1.810784935951233,1.4286384582519531,1.4310144186019897,1.1373834609985352,0.5927842259407043,0.385579377412796,0.0,0.3724099099636078,0.5822958946228027,0.8909363150596619,1.1968581676483154,1.481276273727417,1.8007845878601074,1.7092968225479126,1.4635329246520996,1.2361751794815063,0.8973230123519897,0.7281022667884827,0.5881109237670898,1.359230399131775,0.9852899312973022,1.026160478591919,0.7780622243881226,0.8856938481330872,0.9661621451377869,1.194738507270813,1.5130784511566162,1.6161155700683594,1.328722596168518,0.9896973371505737,0.6138913035392761,0.5281943678855896,0.3323294520378113,0.49407798051834106,1.832786202430725,1.556533932685852,1.6246085166931152,1.337783932685852,1.5561481714248657,1.4625639915466309,1.7354551553726196,1.89520263671875,1.9298607110977173,1.623581886291504,1.4626444578170776,1.2236026525497437,1.1090372800827026,1.1921859979629517,1.0912960767745972,1.6989980936050415,1.600766658782959,1.6133214235305786,1.4362382888793945,1.7387335300445557,1.6570281982421875,2.002331495285034,2.061279058456421,2.229912519454956,2.063206911087036,2.001333713531494,1.8203985691070557,1.5344821214675903,1.629926323890686,1.3670629262924194
B4,1.0044569969177246,0.9317806959152222,0.7569476366043091,0.6863914728164673,0.9622394442558289,1.003631353378296,1.3641133308410645,1.4787771701812744,1.7850383520126343,1.716476321220398,1.6150957345962524,1.456276535987854,1.0753248929977417,1.1180320978164673,0.8821707367897034,0.8999690413475037,0.6066056489944458,0.3724099099636078,0.0,0.37906238436698914,0.5908545851707458,0.9386182427406311,1.2204158306121826,1.503271222114563,1.3760030269622803,1.1391441822052002,0.9137306809425354,0.5471721291542053,0.4854886829853058,0.4185791611671448,1.4382028579711914,1.0911431312561035,1.0563567876815796,0.7292221188545227,0.8657745718955994,0.8205202221870422,1.0912669897079468,1.3407974243164062,1.4374643564224243,1.1497825384140015,0.8878763318061829,0.5728361010551453,0.39596375823020935,0.4824848175048828,0.5480837225914001,1.7133452892303467,1.4509989023208618,1.4443244934082031,1.1383792161941528,1.3588272333145142,1.228248119354248,1.5251315832138062,1.6450953483581543,1.7192519903182983,1.4602594375610352,1.3459749221801758,1.149657130241394,0.9582154750823975,1.1142208576202393,0.9983097910881042,1.5066545009613037,1.386078119277954,1.3279098272323608,1.1329642534255981,1.4109493494033813,1.3172500133514404,1.662740707397461,1.7173452377319336,1.916775107383728,1.7789779901504517,1.7266682386398315,1.5695185661315918,1.2564492225646973,1.3851953744888306,1.1515134572982788
B5,1.1884887218475342,1.1418976783752441,0.8612440824508667,0.823295533657074,0.9662571549415588,0.9772513508796692,1.2760272026062012,1.3279271125793457,1.6757906675338745,1.6891891956329346,1.6414581537246704,1.5569324493408203,1.1965616941452026,1.2908276319503784,1.1404540538787842,1.1706308126449585,0.8837341666221619,0.5822958946228027,0.37906238436698914,0.0,0.3774256408214569,0.6236442923545837,0.9467151165008545,1.242149829864502,1.1618931293487549,0.9256311655044556,0.7844821214675903,0.5124542713165283,0.5526329278945923,0.7171739935874939,1.7814334630966187,1.4233888387680054,1.3368816375732422,0.9888420104980469,0.9934802651405334,0.83998042345047,0.9923224449157715,1.203918218612671,1.2005292177200317,0.8629612326622009,0.6100707650184631,0.36889082193374634,0.4680493175983429,0.6981561779975891,0.8985380530357361,2.0613362789154053,1.7956520318984985,1.7423399686813354,1.410914421081543,1.570920705795288,1.3580459356307983,1.598488688468933,1.639662504196167,1.6473006010055542,1.3962690830230713,1.37501060962677,1.2726714611053467,1.1507967710494995,1.3886585235595703,1.334834098815918,1.7711199522018433,1.6754227876663208,1.5536789894104004,1.3580294847488403,1.5776258707046509,1.4241102933883667,1.727508544921875,1.69888174533844,1.8933415412902832,1.8145769834518433,1.8408478498458862,1.7557811737060547,1.4598219394683838,1.651545763015747,1.462043285369873
B6,1.4279388189315796,1.2879588603973389,0.9708501100540161,0.8035988211631775,0.8376414775848389,0.715631902217865,0.9758453965187073,0.9755619168281555,1.3096940517425537,1.3402084112167358,1.3400124311447144,1.3203359842300415,1.0038037300109863,1.1994556188583374,1.1489368677139282,1.469457983970642,1.1860606670379639,0.8909363150596619,0.5908545851707458,0.3774256408214569,0.0,0.3834836483001709,0.6370219588279724,0.917026698589325,0.8438449501991272,0.6968281865119934,0.6736009120941162,0.44690829515457153,0.721082866191864,0.8996471166610718,1.876012921333313,1.549708604812622,1.386683464050293,1.0208947658538818,0.9969700574874878,0.7222006916999817,0.8628555536270142,0.96453857421875,0.9584892392158508,0.660861074924469,0.5809144973754883,0.552200436592102,0.5514616966247559,0.9043969511985779,1.0633580684661865,2.0422089099884033,1.7779587507247925,1.644831657409668,1.3018157482147217,1.4044060707092285,1.1347687244415283,1.3499692678451538,1.3301503658294678,1.3549232482910156,1.1631214618682861,1.2107919454574585,1.1862926483154297,1.046809434890747,1.3538658618927002,1.3428826332092285,1.7960573434829712,1.6558064222335815,1.460858941078186,1.2236676216125488,1.3625179529190063,1.1492621898651123,1.410922646522522,1.3414723873138428,1.5361380577087402,1.492701530456543,1.5606788396835327,1.5346577167510986,1.261256456375122,1.515157699584961,1.4061224460601807
B7,1.6712679862976074,1.5502066612243652,1.1906657218933105,1.06930673122406,0.9806554317474365,0.8440595269203186,0.9651820659637451,0.8699752688407898,1.2369569540023804,1.373998761177063,1.433168649673462,1.4941325187683105,1.232923984527588,1.4446886777877808,1.4576442241668701,1.7883743047714233,1.500646710395813,1.1968581676483154,0.9386182427406311,0.6236442923545837,0.3834836483001709,0.0,0.38397863507270813,0.6371783018112183,0.6491787433624268,0.5609753131866455,0.717179536819458,0.6932891011238098,0.9651174545288086,1.227747917175293,2.251206874847412,1.920034408569336,1.741743803024292,1.3797633647918701,1.29402494430542,0.9802353978157043,0.9845329523086548,0.9884063601493835,0.8264914751052856,0.4998530447483063,0.5889918208122253,0.7393327951431274,0.8825428485870361,1.2330188751220703,1.4339981079101562,2.403627634048462,2.147451639175415,1.9889634847640991,1.6473932266235352,1.7095237970352173,1.3979309797286987,1.5469093322753906,1.4372224807739258,1.3953166007995605,1.251116156578064,1.4005385637283325,1.4601233005523682,1.3728086948394775,1.7072280645370483,1.720298171043396,2.078752040863037,1.966802716255188,1.7326257228851318,1.5186558961868286,1.6016534566879272,1.3598040342330933,1.553847074508667,1.3953355550765991,1.581373691558838,1.6187341213226318,1.7614351511001587,1.8026185035705566,1.5551915168762207,1.8350468873977661,1.7536931037902832
B8,2.024456739425659,1.8709717988967896,1.5197802782058716,1.336050033569336,1.211970567703247,0.9689961075782776,0.9939888715744019,0.7539973855018616,1.048510193824768,1.2427488565444946,1.4031575918197632,1.5477310419082642,1.3560775518417358,1.6392686367034912,1.6962229013442993,2.0668537616729736,1.8079431056976318,1.481276273727417,1.2204158306121826,0.9467151165008545,0.6370219588279724,0.38397863507270813,0.0,0.4023462235927582,0.6094558835029602,0.7474702596664429,1.0034914016723633,0.988814651966095,1.3087069988250732,1.5312799215316772,2.3883490562438965,2.08081316947937,1.8413164615631104,1.4974725246429443,1.3534685373306274,0.9932341575622559,0.9094464778900146,0.767699658870697,0.547227144241333,0.3832087814807892,0.6968125104904175,0.965935468673706,1.067753553390503,1.4448245763778687,1.6513081789016724,2.528536796569824,2.2594923973083496,2.0493478775024414,1.7057764530181885,1.6845546960830688,1.3305766582489014,1.3914114236831665,1.204063892364502,1.1128922700881958,1.0397471189498901,1.2802139520645142,1.435678243637085,1.397237777709961,1.7679225206375122,1.8472217321395874,2.316943883895874,2.1609926223754883,1.8960639238357544,1.642632246017456,1.6467617750167847,1.3424887657165527,1.4484970569610596,1.2144100666046143,1.3325303792953491,1.412523627281189,1.6283613443374634,1.7462096214294434,1.5684854984283447,1.8989453315734863,1.893998622894287
B9,2.1898064613342285,2.000546932220459,1.6361042261123657,1.4470723867416382,1.2209476232528687,0.9675573706626892,0.8347505331039429,0.5234054327011108,0.8048580288887024,1.0881882905960083,1.2763012647628784,1.4909147024154663,1.3821815252304077,1.6727135181427002,1.8135840892791748,2.3852763175964355,2.0937747955322266,1.8007845878601074,1.503271222114563,1.242149829864502,0.917026698589325,0.6371783018112183,0.4023462235927582,0.0,0.3767434060573578,0.679658830165863,1.0310012102127075,1.144071340560913,1.4876281023025513,1.7484047412872314,2.683776617050171,2.3942980766296387,2.160527229309082,1.8148893117904663,1.7107006311416626,1.3430697917938232,1.2864978313446045,1.08211350440979,0.8507734537124634,0.7723150253295898,1.0891377925872803,1.3333569765090942,1.4130746126174927,1.7918280363082886,1.9545445442199707,2.689216136932373,2.4589178562164307,2.2156291007995605,1.902358889579773,1.880585789680481,1.5319714546203613,1.5868123769760132,1.3341894149780273,1.2892541885375977,1.3199684619903564,1.590180516242981,1.7615115642547607,1.6796823740005493,2.0460095405578613,2.0968141555786133,2.380746841430664,2.2454757690429688,1.9340072870254517,1.7203021049499512,1.660083293914795,1.3696551322937012,1.4079346656799316,1.1224199533462524,1.2846335172653198,1.4634852409362793,1.704176902770996,1.864490032196045,1.6902451515197754,2.0143890380859375,2.0392210483551025
B10,1.9387867450714111,1.7180542945861816,1.3589874505996704,1.1675609350204468,0.8888559341430664,0.6637111902236938,0.4912429749965668,0.31646081805229187,0.7060065269470215,0.9222362637519836,1.011879563331604,1.193108081817627,1.0899988412857056,1.3515706062316895,1.5317344665527344,2.273972988128662,1.9497289657592773,1.7092968225479126,1.3760030269622803,1.1618931293487549,0.8438449501991272,0.6491787433624268,0.6094558835029602,0.3767434060573578,0.0,0.3860548734664917,0.7371735572814941,0.9198617935180664,1.2676414251327515,1.5413185358047485,2.581040859222412,2.3026301860809326,2.109175682067871,1.7569115161895752,1.7326653003692627,1.3850626945495605,1.4289946556091309,1.28421151638031,1.130785584449768,0.9771634340286255,1.2026199102401733,1.350709080696106,1.378476858139038,1.7402305603027344,1.8400663137435913,2.4770443439483643,2.28566312789917,2.0514824390411377,1.765592336654663,1.8049733638763428,1.496737003326416,1.63144850730896,1.422858715057373,1.4748045206069946,1.4920734167099,1.6985834836959839,1.803292155265808,1.642168641090393,1.9772241115570068,1.9618759155273438,2.057835102081299,1.950039029121399,1.625486135482788,1.4581718444824219,1.407383918762207,1.1748073101043701,1.25908625125885,1.0415383577346802,1.309475302696228,1.4752464294433594,1.6467554569244385,1.7595688104629517,1.5311764478683472,1.8124961853027344,1.8125189542770386
B11,1.5845378637313843,1.3902208805084229,1.0166189670562744,0.8952708840370178,0.6239917278289795,0.5585033297538757,0.5560092926025391,0.6300252676010132,1.0261439085006714,1.1490215063095093,1.1174668073654175,1.180973768234253,0.9868865013122559,1.1581635475158691,1.294844388961792,2.013514757156372,1.6658519506454468,1.4635329246520996,1.1391441822052002,0.9256311655044556,0.6968281865119934,0.5609753131866455,0.7474702596664429,0.679658830165863,0.3860548734664917,0.0,0.37743279337882996,0.6409062743186951,0.9370881915092468,1.2549341917037964,2.4453418254852295,2.1482579708099365,2.0121407508850098,1.651018500328064,1.673826813697815,1.3692067861557007,1.4659552574157715,1.4216946363449097,1.2871580123901367,1.0296945571899414,1.1359881162643433,1.1911242008209229,1.2361479997634888,1.5584286451339722,1.6435003280639648,2.3606832027435303,2.1810996532440186,2.001939296722412,1.7181833982467651,1.8336325883865356,1.5636307001113892,1.7677825689315796,1.6327033042907715,1.6980383396148682,1.639437198638916,1.7804722785949707,1.8115702867507935,1.618999719619751,1.9185805320739746,1.84427809715271,1.8194550275802612,1.7625067234039307,1.472669243812561,1.351839303970337,1.3951079845428467,1.2328200340270996,1.4171841144561768,1.2884955406188965,1.5878193378448486,1.6905386447906494,1.7951220273971558,1.8300909996032715,1.5379754304885864,1.7660242319107056,1.6848064661026
B12,1.214847445487976,1.0156621932983398,0.6411813497543335,0.5704060196876526,0.3537900447845459,0.5100756883621216,0.6948704123497009,0.9081125259399414,1.27536940574646,1.2981810569763184,1.164339303970337,1.1035301685333252,0.8308071494102478,0.895845353603363,0.9799283146858215,1.7395100593566895,1.372639536857605,1.2361751794815063,0.9137306809425354,0.7844821214675903,0.6736009120941162,0.717179536819458,1.0034914016723633,1.0310012102127075,0.7371735572814941,0.37743279337882996,0.0,0.3858979344367981,0.6045801639556885,0.9333529472351074,2.2244293689727783,1.9297897815704346,1.8535122871398926,1.5027241706848145,1.5976150035858154,1.3556969165802002,1.5296858549118042,1.569339394569397,1.499976634979248,1.2029869556427002,1.1912258863449097,1.1235328912734985,1.1214277744293213,1.3804264068603516,1.4093369245529175,2.122576951980591,1.9641839265823364,1.8370362520217896,1.5745846033096313,1.7627511024475098,1.5521284341812134,1.8215020895004272,1.762816071510315,1.8682329654693604,1.7607860565185547,1.823854923248291,1.7755290269851685,1.53725266456604,1.781028151512146,1.64138925075531,1.4966949224472046,1.4756333827972412,1.229830026626587,1.155743956565857,1.2893210649490356,1.2088699340820312,1.475213646888733,1.4422273635864258,1.7631279230117798,1.8020819425582886,1.8301703929901123,1.7868366241455078,1.4459062814712524,1.6071377992630005,1.454594373703003
B13,1.078757405281067,0.8834084272384644,0.5489597320556641,0.383492648601532,0.4581432640552521,0.5286192297935486,0.862594723701477,1.0361353158950806,1.3735007047653198,1.3356927633285522,1.2098112106323242,1.093693733215332,0.7388185262680054,0.8230552673339844,0.779557466506958,1.4054261445999146,1.0570521354675293,0.8973230123519897,0.5471721291542053,0.5124542713165283,0.44690829515457153,0.6932891011238098,0.988814651966095,1.144071340560913,0.9198617935180664,0.6409062743186951,0.3858979344367981,0.0,0.3837619721889496,0.6239767670631409,1.8509732484817505,1.5483112335205078,1.471940517425537,1.1227034330368042,1.2400022745132446,1.0401771068572998,1.269345760345459,1.3770105838775635,1.389198660850525,1.0942192077636719,0.9968684911727905,0.8503473401069641,0.7680171132087708,1.011218786239624,1.0294674634933472,1.8484692573547363,1.6498628854751587,1.5488269329071045,1.2623852491378784,1.4664571285247803,1.2782782316207886,1.5735450983047485,1.5846375226974487,1.696567177772522,1.5363938808441162,1.5344603061676025,1.4366912841796875,1.192474603652954,1.418875813484192,1.284570336341858,1.3952195644378662,1.3116815090179443,1.1208815574645996,0.9723461270332336,1.1732195615768433,1.0784814357757568,1.3983244895935059,1.4136016368865967,1.6929314136505127,1.653083086013794,1.6426944732666016,1.5523484945297241,1.2067662477493286,1.368337631225586,1.1900053024291992
