,A1,A2,A3,A4,A5,A6,A7,A8,A9,A10,A11,A12,A13,A14,A15,B1,B2,B3,B4,B5,B6,B7,B8,B9,B10,B11,B12,B13,B14,B15,C1,C2,C3,C4,C5,C6,C7,C8,C9,C10,C11,C12,C13,C14,C15,D1,D2,D3,D4,D5,D6,D7,D8,D9,D10,D11,D12,D13,D14,D15,E1,E2,E3,E4,E5,E6,E7,E8,E9,E10,E11,E12,E13,E14,E15
A1,0.0,0.3894486129283905,0.6250646710395813,0.9259820580482483,1.2293566465377808,1.5366564989089966,1.8670140504837036,2.1626880168914795,2.4434988498687744,2.3250319957733154,2.0849435329437256,1.788093090057373,1.4533838033676147,1.2159785032272339,0.872136116027832,1.127862811088562,1.3103361129760742,1.4357476234436035,1.4839086532592773,1.8545693159103394,1.9603939056396484,2.3533575534820557,2.515862226486206,2.758775472640991,2.6050655841827393,2.5152933597564697,2.2746777534484863,1.9028420448303223,1.8759171962738037,1.5024712085723877,1.7417571544647217,1.6771990060806274,1.8863210678100586,1.758429765701294,2.1156253814697266,2.1310880184173584,2.492981195449829,2.652486562728882,2.767587423324585,2.5029947757720947,2.4426162242889404,2.1591012477874756,1.8733553886413574,1.8946465253829956,1.5875810384750366,1.7688285112380981,1.5592204332351685,1.7746058702468872,1.5880603790283203,1.8750205039978027,1.8963803052902222,2.195932149887085,2.419975757598877,2.454028367996216,2.1247060298919678,1.9976986646652222,1.6714736223220825,1.5040541887283325,1.482305884361267,1.2870526313781738,1.2045581340789795,0.8813857436180115,1.1106789112091064,1.0687729120254517,1.2639188766479492,1.4752897024154663,1.7180769443511963,2.072521209716797,2.2059946060180664,1.9594999551773071,1.6570380926132202,1.2577530145645142,1.1011676788330078,0.7788604497909546,0.6313064694404602
A2,0.3894486129283905,0.0,0.39039701223373413,0.6188699007034302,0.9221680760383606,1.2306574583053589,1.5531426668167114,1.8724439144134521,2.124563217163086,1.98264479637146,1.7240452766418457,1.4100871086120605,1.0893515348434448,0.8304784893989563,0.49244189262390137,0.819896399974823,0.975915253162384,1.0560855865478516,1.120768427848816,1.4831922054290771,1.6140265464782715,2.003173589706421,2.183814525604248,2.445873737335205,2.3125205039978027,2.199127435684204,1.9656014442443848,1.5855650901794434,1.5494440793991089,1.1898958683013916,1.504334807395935,1.4631640911102295,1.6247597932815552,1.5031934976577759,1.8653995990753174,1.8804633617401123,2.2567262649536133,2.4004929065704346,2.5528628826141357,2.326364755630493,2.271566152572632,2.0125739574432373,1.6895262002944946,1.7321850061416626,1.4154471158981323,1.7232120037078857,1.533905267715454,1.6959079504013062,1.4784419536590576,1.7797516584396362,1.7561306953430176,2.079577922821045,2.2583658695220947,2.307987928390503,1.9953274726867676,1.9239997863769531,1.6410552263259888,1.427830696105957,1.4829174280166626,1.2738932371139526,1.3760179281234741,1.0368455648422241,1.2050775289535522,1.0390206575393677,1.2371762990951538,1.3510117530822754,1.6006830930709839,1.9195984601974487,2.0073795318603516,1.7197072505950928,1.4619489908218384,1.0659509897232056,0.9211082458496094,0.717501163482666,0.6195288300514221
A3,0.6250646710395813,0.39039701223373413,0.0,0.38220831751823425,0.6095860004425049,0.9351701140403748,1.246678113937378,1.5489072799682617,1.8365426063537598,1.748252272605896,1.50649094581604,1.2567155361175537,0.9293460845947266,0.7438663244247437,0.5503667593002319,1.058524250984192,1.1576603651046753,1.1059422492980957,1.1059951782226562,1.4149099588394165,1.477739691734314,1.8551914691925049,1.9748893976211548,2.2489142417907715,2.152564764022827,2.0911974906921387,1.9214361906051636,1.5429576635360718,1.5924630165100098,1.298794150352478,1.7267876863479614,1.6423898935317993,1.725535273551941,1.531899333000183,1.8498132228851318,1.786363124847412,2.1432266235351562,2.229666233062744,2.3536369800567627,2.132234573364258,2.1393635272979736,1.9346948862075806,1.6330325603485107,1.763375163078308,1.5126044750213623,1.8905620574951172,1.6469663381576538,1.7327203750610352,1.4449819326400757,1.6799968481063843,1.5823540687561035,1.865722417831421,2.0080533027648926,2.0105032920837402,1.6816209554672241,1.6538599729537964,1.417080283164978,1.258150339126587,1.4007636308670044,1.2930371761322021,1.4668724536895752,1.0868586301803589,1.1267436742782593,0.88332599401474,0.9734156131744385,1.038206696510315,1.2412569522857666,1.564300775527954,1.6376475095748901,1.358013391494751,1.0784550905227661,0.6792810559272766,0.5922410488128662,0.4375726580619812,0.5723476409912109
A4,0.9259820580482483,0.6188699007034302,0.38220831751823425,0.0,0.3966398537158966,0.6245290040969849,0.9824028611183167,1.2716106176376343,1.525732159614563,1.4023696184158325,1.1889841556549072,0.9470264315605164,0.5849508047103882,0.5305988192558289,0.4266990125179291,1.0460872650146484,1.0173686742782593,0.8877125978469849,0.789995551109314,1.073948621749878,1.1015737056732178,1.481029987335205,1.6057651042938232,1.8731999397277832,1.7745369672775269,1.7112596035003662,1.5574852228164673,1.1838184595108032,1.277113676071167,1.0429152250289917,1.5503544807434082,1.4352900981903076,1.446305751800537,1.222432017326355,1.5145819187164307,1.4322831630706787,1.7903872728347778,1.8679121732711792,2.016463279724121,1.8237581253051758,1.8296616077423096,1.6516730785369873,1.334453821182251,1.4990272521972656,1.2835614681243896,1.7548720836639404,1.520456314086914,1.535134196281433,1.2239501476287842,1.4505449533462524,1.316899299621582,1.6210734844207764,1.729299783706665,1.769661545753479,1.4780352115631104,1.4863001108169556,1.2960129976272583,1.0821492671966553,1.2884039878845215,1.1858655214309692,1.5204970836639404,1.1693973541259766,1.1520205736160278,0.8213788866996765,0.934922993183136,0.8814435005187988,1.1274737119674683,1.383394479751587,1.4433302879333496,1.143674373626709,0.9534352421760559,0.6145423054695129,0.4453601539134979,0.5581326484680176,0.6489799618721008
A5,1.2293566465377808,0.9221680760383606,0.6095860004425049,0.3966398537158966,0.0,0.37913447618484497,0.6396844983100891,0.9682762026786804,1.241215467453003,1.1790640354156494,0.9347911477088928,0.7750546932220459,0.5225027203559875,0.533945620059967,0.6984879970550537,1.2316360473632812,1.2128400802612305,0.9684677124023438,0.8987025022506714,1.0558637380599976,1.0559873580932617,1.3835424184799194,1.451722502708435,1.7644513845443726,1.7470612525939941,1.710565447807312,1.6358519792556763,1.2871912717819214,1.4168064594268799,1.2652143239974976,1.8160011768341064,1.72894287109375,1.6759241819381714,1.446610927581787,1.6860160827636719,1.5467220544815063,1.8753268718719482,1.8731075525283813,2.0200765132904053,1.8753266334533691,1.9491331577301025,1.8458768129348755,1.5473769903182983,1.7677675485610962,1.5953987836837769,2.112924814224243,1.8779853582382202,1.8439620733261108,1.5057563781738281,1.6696053743362427,1.4552143812179565,1.7043685913085938,1.7289655208587646,1.711428165435791,1.4237416982650757,1.5318372249603271,1.433711051940918,1.2855877876281738,1.564014196395874,1.527112364768982,1.8809266090393066,1.520015835762024,1.4434434175491333,1.088948369026184,1.0718954801559448,0.9065912961959839,1.0254757404327393,1.2341607809066772,1.1955468654632568,0.8512479066848755,0.6935486197471619,0.44367411732673645,0.5366451740264893,0.7672094702720642,0.9971680045127869
A6,1.5366564989089966,1.2306574583053589,0.9351701140403748,0.6245290040969849,0.37913447618484497,0.0,0.39678218960762024,0.6526013612747192,0.9078378081321716,0.8456453680992126,0.6917681097984314,0.6592417359352112,0.4648180902004242,0.7195554971694946,0.9263695478439331,1.464073896408081,1.3510169982910156,1.058741807937622,0.8740295171737671,0.9177290201187134,0.7974699139595032,1.0850249528884888,1.098301887512207,1.4020684957504272,1.406443476676941,1.4120070934295654,1.4046489000320435,1.1020901203155518,1.3179271221160889,1.272055983543396,1.8592654466629028,1.7312901020050049,1.5987138748168945,1.3295495510101318,1.4906163215637207,1.2923921346664429,1.5843689441680908,1.5349372625350952,1.68343186378479,1.5772199630737305,1.6834602355957031,1.6434285640716553,1.3725903034210205,1.6470743417739868,1.5525546073913574,2.1145079135894775,1.8793576955795288,1.7680294513702393,1.4159938097000122,1.5193246603012085,1.2500771284103394,1.4725719690322876,1.435446858406067,1.4339231252670288,1.198637843132019,1.3646570444107056,1.3475439548492432,1.1980957984924316,1.530784249305725,1.5404131412506104,1.9886986017227173,1.6604691743850708,1.524082064628601,1.1415058374404907,1.1013191938400269,0.8236456513404846,0.9320549368858337,1.0268301963806152,0.9645133018493652,0.6204802393913269,0.6364338397979736,0.5911203026771545,0.6269167065620422,0.9789180755615234,1.180434226989746
A7,1.8670140504837036,1.5531426668167114,1.246678113937378,0.9824028611183167,0.6396844983100891,0.39678218960762024,0.0,0.3909589350223541,0.6296902894973755,0.677097499370575,0.5134994387626648,0.6755189895629883,0.7054377198219299,0.938433051109314,1.2408162355422974,1.699451208114624,1.5977859497070312,1.2525804042816162,1.11932373046875,1.0388976335525513,0.9133726954460144,1.0778096914291382,1.0142258405685425,1.3592450618743896,1.4689677953720093,1.4939380884170532,1.5681121349334717,1.3205950260162354,1.5349019765853882,1.5521845817565918,2.1402430534362793,2.045658588409424,1.8745291233062744,1.6284979581832886,1.7428971529006958,1.521098017692566,1.7645913362503052,1.6375340223312378,1.7873964309692383,1.749591588973999,1.9069101810455322,1.9319273233413696,1.6845976114273071,1.9752756357192993,1.902565360069275,2.485488176345825,2.26194429397583,2.1283469200134277,1.7776930332183838,1.8438708782196045,1.5368871688842773,1.7005196809768677,1.5785406827926636,1.5264455080032349,1.3325879573822021,1.583824872970581,1.6429518461227417,1.5410468578338623,1.8953857421875,1.9294499158859253,2.3795652389526367,2.046018600463867,1.8933732509613037,1.5136168003082275,1.415360450744629,1.1006919145584106,1.0819381475448608,1.0815184116363525,0.8750426173210144,0.5092083215713501,0.683906614780426,0.8067988753318787,0.9730662107467651,1.3142225742340088,1.5591298341751099
A8,2.1626880168914795,1.8724439144134521,1.5489072799682617,1.2716106176376343,0.9682762026786804,0.6526013612747192,0.3909589350223541,0.0,0.3839307129383087,0.6100768446922302,0.6815793514251709,0.9660894274711609,1.0060402154922485,1.2981430292129517,1.5687024593353271,2.0581493377685547,1.9215832948684692,1.5793753862380981,1.3846341371536255,1.2528868913650513,1.0213476419448853,1.0846221446990967,0.8816426992416382,1.174627661705017,1.3358832597732544,1.453799843788147,1.615841269493103,1.4390283823013306,1.7198485136032104,1.796932339668274,2.3879613876342773,2.251237630844116,2.0383214950561523,1.7570847272872925,1.7904466390609741,1.5055122375488281,1.6699707508087158,1.4659340381622314,1.5655920505523682,1.5680636167526245,1.7894043922424316,1.8925143480300903,1.7108081579208374,2.0465238094329834,2.0499958992004395,2.6280977725982666,2.3886454105377197,2.1992080211639404,1.8431601524353027,1.8275995254516602,1.478435754776001,1.5598509311676025,1.3609535694122314,1.2728991508483887,1.1471909284591675,1.4637857675552368,1.615480661392212,1.5653820037841797,1.9468247890472412,2.046250343322754,2.527191400527954,2.217341899871826,2.0077311992645264,1.6352050304412842,1.4874697923660278,1.123705267906189,1.0374879837036133,0.8965858817100525,0.6331326365470886,0.3935891091823578,0.7500150799751282,1.0123382806777954,1.1540703773498535,1.5260244607925415,1.7756215333938599
A9,2.4434988498687744,2.124563217163086,1.8365426063537598,1.525732159614563,1.241215467453003,0.9078378081321716,0.6296902894973755,0.3839307129383087,0.0,0.37756508588790894,0.6037198901176453,0.9794301390647888,1.1313066482543945,1.4528840780258179,1.7590216398239136,2.185455322265625,2.004804849624634,1.6429402828216553,1.4433503150939941,1.2109860181808472,0.9671095013618469,0.8882266879081726,0.6279523968696594,0.9324329495429993,1.1785273551940918,1.2843689918518066,1.511732578277588,1.4116805791854858,1.6881463527679443,1.8458126783370972,2.4186975955963135,2.300168752670288,2.0375473499298096,1.7902772426605225,1.7687758207321167,1.4947516918182373,1.6144641637802124,1.3718775510787964,1.521005392074585,1.6122602224349976,1.8209306001663208,1.9650816917419434,1.7904685735702515,2.112776279449463,2.1407861709594727,2.743751287460327,2.543212413787842,2.326416015625,1.9990167617797852,1.9816659688949585,1.6387900114059448,1.720672607421875,1.4732754230499268,1.4406039714813232,1.401591181755066,1.7229766845703125,1.8945704698562622,1.807724952697754,2.182468891143799,2.257202386856079,2.7840824127197266,2.4945228099823,2.299332618713379,1.9220999479293823,1.8161916732788086,1.4472556114196777,1.3957455158233643,1.2084193229675293,0.9474327564239502,0.7747604250907898,1.1321768760681152,1.365947961807251,1.4718422889709473,1.850765347480774,2.058966636657715
A10,2.3250319957733154,1.98264479637146,1.748252272605896,1.4023696184158325,1.1790640354156494,0.8456453680992126,0.677097499370575,0.6100768446922302,0.37756508588790894,0.0,0.3924541771411896,0.72980797290802,0.9157727360725403,1.2624708414077759,1.5645493268966675,1.9455370903015137,1.7220218181610107,1.3663504123687744,1.1483927965164185,0.8696368336677551,0.6278027296066284,0.5235500335693359,0.37932631373405457,0.7579808235168457,0.9553917646408081,0.9699174761772156,1.1683218479156494,1.0774037837982178,1.3353244066238403,1.5296547412872314,2.084737539291382,1.98050057888031,1.7005221843719482,1.4864649772644043,1.4683488607406616,1.2420258522033691,1.3996903896331787,1.2179749011993408,1.450764775276184,1.546243667602539,1.6798914670944214,1.7853891849517822,1.5714268684387207,1.855332374572754,1.8666679859161377,2.4849700927734375,2.3238987922668457,2.114061117172241,1.816819190979004,1.8497505187988281,1.54648756980896,1.7007522583007812,1.4974631071090698,1.5559784173965454,1.5156865119934082,1.7796101570129395,1.8959118127822876,1.7342907190322876,2.081718921661377,2.096761465072632,2.651827812194824,2.3804595470428467,2.227541446685791,1.8475818634033203,1.8205809593200684,1.474364161491394,1.5212504863739014,1.3876436948776245,1.2013965845108032,0.9694594144821167,1.2678780555725098,1.4029825925827026,1.4360389709472656,1.807695984840393,1.950403094291687
A11,2.0849435329437256,1.7240452766418457,1.50649094581604,1.1889841556549072,0.9347911477088928,0.6917681097984314,0.5134994387626648,0.6815793514251709,0.6037198901176453,0.3924541771411896,0.0,0.39715394377708435,0.6705836653709412,0.9487497806549072,1.3021838665008545,1.633172631263733,1.4541019201278687,1.0760239362716675,0.946049153804779,0.7019546031951904,0.6278672814369202,0.6872925758361816,0.7349082827568054,1.116929292678833,1.2534123659133911,1.180015206336975,1.2656887769699097,1.0784436464309692,1.2485052347183228,1.3696500062942505,1.9295257329940796,1.880018711090088,1.6511727571487427,1.4762468338012695,1.5572186708450317,1.3937082290649414,1.6325056552886963,1.5210164785385132,1.7648776769638062,1.8040515184402466,1.9019477367401123,1.9336661100387573,1.6598849296569824,1.9040589332580566,1.8303974866867065,2.451840400695801,2.2983498573303223,2.1492934226989746,1.848266363143921,1.95146906375885,1.6757243871688843,1.8838008642196655,1.740978479385376,1.7816147804260254,1.6635674238204956,1.8990485668182373,1.9504331350326538,1.7687714099884033,2.098555564880371,2.064955234527588,2.5759541988372803,2.274911880493164,2.1684088706970215,1.784808874130249,1.7776484489440918,1.4687048196792603,1.529245376586914,1.4880505800247192,1.293928861618042,0.9725574851036072,1.1842206716537476,1.2416448593139648,1.3130531311035156,1.6478781700134277,1.8000656366348267
A12,1.788093090057373,1.4100871086120605,1.2567155361175537,0.9470264315605164,0.7750546932220459,0.6592417359352112,0.6755189895629883,0.9660894274711609,0.9794301390647888,0.72980797290802,0.39715394377708435,0.0,0.38607022166252136,0.5985050797462463,0.9586765766143799,1.2397691011428833,1.061589241027832,0.6807454228401184,0.6057047247886658,0.4481041431427002,0.5730019211769104,0.7979050874710083,0.9923028945922852,1.344718098640442,1.3841952085494995,1.2305164337158203,1.186455488204956,0.9162364602088928,0.9920228719711304,1.0374784469604492,1.5890253782272339,1.5760772228240967,1.3979451656341553,1.267630696296692,1.4377951622009277,1.3552451133728027,1.6645140647888184,1.6461166143417358,1.912656545639038,1.8992197513580322,1.9298652410507202,1.8794865608215332,1.5536489486694336,1.736572027206421,1.5881320238113403,2.199054002761841,2.0701804161071777,1.9768975973129272,1.6995359659194946,1.8788872957229614,1.6617027521133423,1.9367449283599854,1.8710829019546509,1.9468053579330444,1.78407883644104,1.9512073993682861,1.9213268756866455,1.6886285543441772,1.9718769788742065,1.86937415599823,2.3510985374450684,2.050387144088745,2.0055785179138184,1.6357501745224,1.6990429162979126,1.453466534614563,1.5891742706298828,1.6368472576141357,1.5072025060653687,1.1522595882415771,1.2503174543380737,1.1761822700500488,1.1935473680496216,1.4721628427505493,1.569046139717102
A13,1.4533838033676147,1.0893515348434448,0.9293460845947266,0.5849508047103882,0.5225027203559875,0.4648180902004242,0.7054377198219299,1.0060402154922485,1.1313066482543945,0.9157727360725403,0.6705836653709412,0.38607022166252136,0.0,0.39208945631980896,0.6496549844741821,1.0877540111541748,0.9184510707855225,0.6064178347587585,0.43210509419441223,0.536230206489563,0.5973343849182129,0.9523245096206665,1.1299536228179932,1.4382814168930054,1.394322156906128,1.2734657526016235,1.164500117301941,0.8186438679695129,0.9262018203735352,0.8597148656845093,1.4422690868377686,1.371567726135254,1.248014211654663,1.0609492063522339,1.2889208793640137,1.2048522233963013,1.5534098148345947,1.5872470140457153,1.8180820941925049,1.7314497232437134,1.7413798570632935,1.6375524997711182,1.2991667985916138,1.4826951026916504,1.312153935432434,1.901577115058899,1.7382256984710693,1.668247938156128,1.3753161430358887,1.5782390832901,1.3883825540542603,1.6924883127212524,1.694360375404358,1.7783620357513428,1.574140191078186,1.6815142631530762,1.5976850986480713,1.3491188287734985,1.6130187511444092,1.5038554668426514,1.9690014123916626,1.6646721363067627,1.6249401569366455,1.2607678174972534,1.356107473373413,1.1538416147232056,1.3520488739013672,1.4645445346832275,1.4187613725662231,1.0737842321395874,1.0808817148208618,0.9205824732780457,0.8547783493995667,1.117021083831787,1.1871460676193237
A14,1.2159785032272339,0.8304784893989563,0.7438663244247437,0.5305988192558289,0.533945620059967,0.7195554971694946,0.938433051109314,1.2981430292129517,1.4528840780258179,1.2624708414077759,0.9487497806549072,0.5985050797462463,0.39208945631980896,0.0,0.4090455174446106,0.762822687625885,0.7149747014045715,0.45366179943084717,0.5418883562088013,0.7677773237228394,0.9553534388542175,1.3002570867538452,1.504629373550415,1.822278380393982,1.773379921913147,1.620341181755066,1.4568665027618408,1.0923269987106323,1.076694369316101,0.8815727233886719,1.391525149345398,1.3960145711898804,1.3689513206481934,1.2527369260787964,1.5519126653671265,1.5287104845046997,1.8980281352996826,1.9646129608154297,2.191842555999756,2.0780189037323,2.0656497478485107,1.9107574224472046,1.5534974336624146,1.6743615865707397,1.4202556610107422,1.9539260864257812,1.8080389499664307,1.8208097219467163,1.553661584854126,1.8103883266448975,1.6665517091751099,1.9867445230484009,2.030298948287964,2.094428777694702,1.8478126525878906,1.9215457439422607,1.7792997360229492,1.5344393253326416,1.7456175088882446,1.5840387344360352,1.9513849020004272,1.6260178089141846,1.6590632200241089,1.3322620391845703,1.4523627758026123,1.3322683572769165,1.5267084836959839,1.7120763063430786,1.6682194471359253,1.3075108528137207,1.219693660736084,0.9617509245872498,0.9313504099845886,1.0689094066619873,1.125675082206726
A15,0.872136116027832,0.49244189262390137,0.5503667593002319,0.4266990125179291,0.6984879970550537,0.9263695478439331,1.2408162355422974,1.5687024593353271,1.7590216398239136,1.5645493268966675,1.3021838665008545,0.9586765766143799,0.6496549844741821,0.4090455174446106,0.0,0.6289111971855164,0.6195358037948608,0.5945883989334106,0.6355020403862,0.9932489395141602,1.1556841135025024,1.5387301445007324,1.7541221380233765,2.0254576206207275,1.9058327674865723,1.7566533088684082,1.5279685258865356,1.1458237171173096,1.1023401021957397,0.7849308252334595,1.2214916944503784,1.191629409790039,1.2643535137176514,1.1506611108779907,1.5040791034698486,1.525876760482788,1.9120235443115234,2.0440027713775635,2.2475290298461914,2.0762510299682617,2.016096353530884,1.7920222282409668,1.4329249858856201,1.4961141347885132,1.1912950277328491,1.6481317281723022,1.496381163597107,1.5759541988372803,1.3415266275405884,1.6470954418182373,1.5793975591659546,1.9277117252349854,2.0492875576019287,2.1380772590637207,1.8715788125991821,1.8608708381652832,1.641496181488037,1.3702106475830078,1.5020638704299927,1.2854658365249634,1.589530110359192,1.2765010595321655,1.375139832496643,1.10287606716156,1.3068689107894897,1.289229393005371,1.5533268451690674,1.7955949306488037,1.8352874517440796,1.510523796081543,1.3528951406478882,1.0159050226211548,0.8646262288093567,0.8789699077606201,0.8126598596572876
B1,1.127862811088562,0.819896399974823,1.058524250984192,1.0460872650146484,1.2316360473632812,1.464073896408081,1.699451208114624,2.0581493377685547,2.185455322265625,1.9455370903015137,1.633172631263733,1.2397691011428833,1.0877540111541748,0.762822687625885,0.6289111971855164,0.0,0.3870096206665039,0.6116983890533447,0.9079715013504028,1.211103916168213,1.5101348161697388,1.842934012413025,2.134136199951172,2.41424298286438,2.3012640476226807,2.065289258956909,1.7835025787353516,1.4430490732192993,1.224623441696167,0.8854176998138428,1.0612012147903442,1.2306044101715088,1.3798332214355469,1.4412213563919067,1.814375638961792,1.9383984804153442,2.327526092529297,2.493126153945923,2.7480387687683105,2.610316514968872,2.50231671333313,2.2532496452331543,1.8763892650604248,1.8359816074371338,1.466238260269165,1.845065712928772,1.812201976776123,1.9594546556472778,1.8152871131896973,2.1662395000457764,2.1440796852111816,2.512645959854126,2.630781412124634,2.7441768646240234,2.4925575256347656,2.4831035137176514,2.2511088848114014,1.958176612854004,2.034756660461426,1.742082953453064,1.9664510488510132,1.706908941268921,1.899206519126892,1.684572458267212,1.91774320602417,1.9179677963256836,2.1700961589813232,2.405935287475586,2.4077107906341553,2.0572352409362793,1.9194356203079224,1.5885899066925049,1.486931324005127,1.4490647315979004,1.3320940732955933
B2,1.3103361129760742,0.975915253162384,1.1576603651046753,1.0173686742782593,1.2128400802612305,1.3510169982910156,1.5977859497070312,1.9215832948684692,2.004804849624634,1.7220218181610107,1.4541019201278687,1.061589241027832,0.9184510707855225,0.7149747014045715,0.6195358037948608,0.3870096206665039,0.0,0.38753488659858704,0.6134516000747681,0.9127469658851624,1.2183512449264526,1.5397790670394897,1.8590847253799438,2.1098384857177734,1.974610447883606,1.7154499292373657,1.4144760370254517,1.0921578407287598,0.8427309989929199,0.5184462070465088,0.7653805613517761,0.9190986752510071,1.013420820236206,1.1000791788101196,1.4604504108428955,1.6116629838943481,1.994652509689331,2.1763837337493896,2.453988552093506,2.3407421112060547,2.208864688873291,1.9696344137191772,1.5881686210632324,1.5359455347061157,1.1845496892929077,1.6304506063461304,1.6233582496643066,1.720791220664978,1.5927435159683228,1.9417498111724854,1.923421859741211,2.3024353981018066,2.406560182571411,2.5613043308258057,2.3503804206848145,2.3459718227386475,2.1378695964813232,1.8104966878890991,1.8996188640594482,1.6007746458053589,1.9306750297546387,1.7009367942810059,1.8601516485214233,1.617872953414917,1.8748764991760254,1.8319847583770752,2.112213611602783,2.3017752170562744,2.3109018802642822,1.9693248271942139,1.890278697013855,1.5976126194000244,1.4469469785690308,1.4870212078094482,1.3408435583114624
B3,1.4357476234436035,1.0560855865478516,1.1059422492980957,0.8877125978469849,0.9684677124023438,1.058741807937622,1.2525804042816162,1.5793753862380981,1.6429402828216553,1.3663504123687744,1.0760239362716675,0.6807454228401184,0.6064178347587585,0.45366179943084717,0.5945883989334106,0.6116983890533447,0.38753488659858704,0.0,0.3850157558917999,0.6057745814323425,0.9286768436431885,1.2384545803070068,1.5396007299423218,1.826387643814087,1.74533212184906,1.5034602880477905,1.2711899280548096,0.9398403763771057,0.7742418646812439,0.5911450982093811,1.035035490989685,1.1240200996398926,1.0901803970336914,1.096789836883545,1.4075292348861694,1.4850620031356812,1.8583544492721558,1.9772862195968628,2.260457754135132,2.181187152862549,2.102186679840088,1.9245766401290894,1.5465693473815918,1.5827027559280396,1.2967499494552612,1.8337886333465576,1.7772231101989746,1.800663709640503,1.6077728271484375,1.9071322679519653,1.8149888515472412,2.1691129207611084,2.216543674468994,2.346114158630371,2.1453700065612793,2.200514316558838,2.0490496158599854,1.7460745573043823,1.9125245809555054,1.679539442062378,2.07808256149292,1.809234619140625,1.8941386938095093,1.5917218923568726,1.7849836349487305,1.670211911201477,1.9077171087265015,2.058762550354004,2.020301580429077,1.6656898260116577,1.633204698562622,1.3940452337265015,1.300797700881958,1.4277281761169434,1.376468300819397
B4,1.4839086532592773,1.120768427848816,1.1059951782226562,0.789995551109314,0.8987025022506714,0.8740295171737671,1.11932373046875,1.3846341371536255,1.4433503150939941,1.1483927965164185,0.946049153804779,0.6057047247886658,0.43210509419441223,0.5418883562088013,0.6355020403862,0.9079715013504028,0.6134516000747681,0.3850157558917999,0.0,0.39384111762046814,0.6162069439888,0.9719314575195312,1.2629293203353882,1.5141918659210205,1.3951607942581177,1.1778409481048584,0.9475555419921875,0.5855761766433716,0.5407891869544983,0.4436226487159729,1.0227724313735962,0.9809016585350037,0.8623932600021362,0.7717222571372986,1.0575332641601562,1.1036946773529053,1.4791477918624878,1.604712963104248,1.8834308385849,1.8020975589752197,1.71901273727417,1.5560160875320435,1.1833378076553345,1.2603347301483154,1.034143090248108,1.6273956298828125,1.5420194864273071,1.5009483098983765,1.2892508506774902,1.5622954368591309,1.4597376585006714,1.814686894416809,1.8593567609786987,2.018303632736206,1.846909523010254,1.8956352472305298,1.7658345699310303,1.447548747062683,1.6349287033081055,1.432409644126892,1.9129573106765747,1.6640756130218506,1.696091890335083,1.3742746114730835,1.5733872652053833,1.4268535375595093,1.6928119659423828,1.8078347444534302,1.8037453889846802,1.4801374673843384,1.4862076044082642,1.2855345010757446,1.1284029483795166,1.3217949867248535,1.256753921508789
B5,1.8545693159103394,1.4831922054290771,1.4149099588394165,1.073948621749878,1.0558637380599976,0.9177290201187134,1.0388976335525513,1.2528868913650513,1.2109860181808472,0.8696368336677551,0.7019546031951904,0.4481041431427002,0.536230206489563,0.7677773237228394,0.9932489395141602,1.211103916168213,0.9127469658851624,0.6057745814323425,0.39384111762046814,0.0,0.3808528780937195,0.6361089944839478,0.9661895632743835,1.2367140054702759,1.1825835704803467,0.9357271790504456,0.7958778142929077,0.537760317325592,0.5623103380203247,0.7195735573768616,1.2452199459075928,1.220070719718933,0.9907770752906799,0.9134999513626099,1.072069764137268,1.0768656730651855,1.3996723890304565,1.4607142210006714,1.7765172719955444,1.7744946479797363,1.723444938659668,1.6420425176620483,1.3016598224639893,1.4212816953659058,1.2802411317825317,1.898903250694275,1.8283759355545044,1.7221065759658813,1.5072013139724731,1.718298316001892,1.5627737045288086,1.878733515739441,1.8447339534759521,2.006207227706909,1.8879274129867554,2.001254081726074,1.9451310634613037,1.648598313331604,1.883413553237915,1.7275041341781616,2.254244804382324,2.0102365016937256,1.9967495203018188,1.6506375074386597,1.7981735467910767,1.5793179273605347,1.7950036525726318,1.8314554691314697,1.7674856185913086,1.4495748281478882,1.5529403686523438,1.4458354711532593,1.346742033958435,1.6085021495819092,1.5969274044036865
B6,1.9603939056396484,1.6140265464782715,1.477739691734314,1.1015737056732178,1.0559873580932617,0.7974699139595032,0.9133726954460144,1.0213476419448853,0.9671095013618469,0.6278027296066284,0.6278672814369202,0.5730019211769104,0.5973343849182129,0.9553534388542175,1.1556841135025024,1.5101348161697388,1.2183512449264526,0.9286768436431885,0.6162069439888,0.3808528780937195,0.0,0.39508262276649475,0.6525305509567261,0.9044898748397827,0.8463264107704163,0.6866170167922974,0.6666860580444336,0.4637698829174042,0.7261703610420227,0.9280818700790405,1.474536418914795,1.3539304733276367,1.0771218538284302,0.8807089924812317,0.9317570328712463,0.8148766756057739,1.1021183729171753,1.1093088388442993,1.4115318059921265,1.426092505455017,1.4168211221694946,1.3993229866027832,1.1043928861618042,1.312253713607788,1.2741186618804932,1.9011439085006714,1.7845664024353027,1.6069508790969849,1.357696294784546,1.4910902976989746,1.2856436967849731,1.564002275466919,1.490865707397461,1.6605018377304077,1.581649899482727,1.718570590019226,1.7178761959075928,1.44679594039917,1.7229670286178589,1.6399669647216797,2.212368965148926,1.978312611579895,1.8963086605072021,1.5378519296646118,1.643614649772644,1.37703275680542,1.5787616968154907,1.555428147315979,1.506531834602356,1.236588478088379,1.397584319114685,1.3645713329315186,1.2505663633346558,1.5712635517120361,1.58875572681427
B7,2.3533575534820557,2.003173589706421,1.8551914691925049,1.481029987335205,1.3835424184799194,1.0850249528884888,1.0778096914291382,1.0846221446990967,0.8882266879081726,0.5235500335693359,0.6872925758361816,0.7979050874710083,0.9523245096206665,1.3002570867538452,1.5387301445007324,1.842934012413025,1.5397790670394897,1.2384545803070068,0.9719314575195312,0.6361089944839478,0.39508262276649475,0.0,0.392208456993103,0.6266194581985474,0.6818960905075073,0.5147294998168945,0.6910187005996704,0.7049278616905212,0.9460005164146423,1.2431640625,1.7321828603744507,1.627526044845581,1.2978854179382324,1.1433494091033936,1.0745338201522827,0.9376041889190674,1.1044853925704956,1.02498197555542,1.3584812879562378,1.4765996932983398,1.4947545528411865,1.5639011859893799,1.3304660320281982,1.5430442094802856,1.568799376487732,2.1852991580963135,2.0928544998168945,1.8739396333694458,1.648669719696045,1.7260704040527344,1.499671220779419,1.7190181016921997,1.5685641765594482,1.7441331148147583,1.7389689683914185,1.9230397939682007,1.9865626096725464,1.7418493032455444,2.0310521125793457,1.9761765003204346,2.569631338119507,2.3508362770080566,2.2462332248687744,1.8884522914886475,1.9634783267974854,1.6613115072250366,1.814537763595581,1.7130752801895142,1.616312026977539,1.3882358074188232,1.6297054290771484,1.671265721321106,1.594774603843689,1.9378141164779663,1.9736229181289673
B8,2.515862226486206,2.183814525604248,1.9748893976211548,1.6057651042938232,1.451722502708435,1.098301887512207,1.0142258405685425,0.8816426992416382,0.6279523968696594,0.37932631373405457,0.7349082827568054,0.9923028945922852,1.1299536228179932,1.504629373550415,1.7541221380233765,2.134136199951172,1.8590847253799438,1.5396007299423218,1.2629293203353882,0.9661895632743835,0.6525305509567261,0.392208456993103,0.0,0.38422891497612,0.6144242286682129,0.6797487735748291,0.9738616943359375,1.002753496170044,1.303600549697876,1.5695257186889648,2.0856521129608154,1.9444289207458496,1.619442343711853,1.4028595685958862,1.287448763847351,1.0449302196502686,1.1201478242874146,0.9071742296218872,1.1753743886947632,1.3367098569869995,1.4512953758239746,1.6060690879821777,1.4408622980117798,1.7228851318359375,1.8049134016036987,2.4080164432525635,2.2691938877105713,2.013359546661377,1.7528274059295654,1.7474817037582397,1.461012363433838,1.5956090688705444,1.3685016632080078,1.4990323781967163,1.5398856401443481,1.781173825263977,1.9200915098190308,1.7409135103225708,2.0704169273376465,2.092708110809326,2.687147617340088,2.4601593017578125,2.2967984676361084,1.934365153312683,1.9374905824661255,1.5937838554382324,1.6788312196731567,1.5018385648727417,1.3751943111419678,1.2153854370117188,1.5222946405410767,1.6555417776107788,1.618859052658081,1.9944310188293457,2.086033344268799
B9,2.758775472640991,2.445873737335205,2.2489142417907715,1.8731999397277832,1.7644513845443726,1.4020684957504272,1.3592450618743896,1.174627661705017,0.9324329495429993,0.7579808235168457,1.116929292678833,1.344718098640442,1.4382814168930054,1.822278380393982,2.0254576206207275,2.41424298286438,2.1098384857177734,1.826387643814087,1.5141918659210205,1.2367140054702759,0.9044898748397827,0.6266194581985474,0.38422891497612,0.0,0.37882015109062195,0.594635546207428,0.9744886755943298,1.1212425231933594,1.4459329843521118,1.750227928161621,2.2191905975341797,2.0381147861480713,1.686713457107544,1.4652765989303589,1.2487993240356445,0.987515926361084,0.925116240978241,0.6476675868034363,0.9225282073020935,1.1690999269485474,1.2778983116149902,1.5022996664047241,1.4174323081970215,1.697336196899414,1.8592851161956787,2.4233453273773193,2.2983174324035645,1.996932864189148,1.7758502960205078,1.7128061056137085,1.4471005201339722,1.5323519706726074,1.27756929397583,1.4653880596160889,1.5925132036209106,1.8108623027801514,1.9811341762542725,1.808130145072937,2.1155495643615723,2.1616413593292236,2.7769691944122314,2.593998432159424,2.4121556282043457,2.076078176498413,2.090172529220581,1.75467050075531,1.8542448282241821,1.6351652145385742,1.5603314638137817,1.474840760231018,1.7858757972717285,1.9305988550186157,1.8489739894866943,2.2218868732452393,2.279755115509033
B10,2.6050655841827393,2.3125205039978027,2.152564764022827,1.7745369672775269,1.7470612525939941,1.406443476676941,1.4689677953720093,1.3358832597732544,1.1785273551940918,0.9553917646408081,1.2534123659133911,1.3841952085494995,1.394322156906128,1.773379921913147,1.9058327674865723,2.3012640476226807,1.974610447883606,1.74533212184906,1.3951607942581177,1.1825835704803467,0.8463264107704163,0.6818960905075073,0.6144242286682129,0.37882015109062195,0.0,0.3871394097805023,0.7211446762084961,0.9074689149856567,1.2532552480697632,1.5536069869995117,1.984953761100769,1.7622789144515991,1.4115573167800903,1.1745545864105225,0.9088135957717896,0.6458798050880432,0.5550701022148132,0.3719358742237091,0.7374921441078186,0.9405884146690369,0.9581887722015381,1.1574151515960693,1.0862971544265747,1.3479684591293335,1.5482609272003174,2.083369493484497,1.9723199605941772,1.6568138599395752,1.4721696376800537,1.4143701791763306,1.2020280361175537,1.3306790590286255,1.1486661434173584,1.418708086013794,1.5395524501800537,1.6809643507003784,1.8051930665969849,1.5903258323669434,1.8555063009262085,1.880717158317566,2.5062057971954346,2.361469030380249,2.195606231689453,1.8865492343902588,1.9554349184036255,1.6605000495910645,1.8315478563308716,1.6559882164001465,1.6639519929885864,1.5721102952957153,1.826795220375061,1.9121897220611572,1.757315754890442,2.104579448699951,2.1015968322753906
B11,2.5152933597564697,2.199127435684204,2.0911974906921387,1.7112596035003662,1.710565447807312,1.4120070934295654,1.4939380884170532,1.453799843788147,1.2843689918518066,0.9699174761772156,1.180015206336975,1.2305164337158203,1.2734657526016235,1.620341181755066,1.7566533088684082,2.065289258956909,1.7154499292373657,1.5034602880477905,1.1778409481048584,0.9357271790504456,0.6866170167922974,0.5147294998168945,0.6797487735748291,0.594635546207428,0.3871394097805023,0.0,0.39855509996414185,0.662353515625,0.9412515163421631,1.2924951314926147,1.6849267482757568,1.5087766647338867,1.1360893249511719,0.9816842079162598,0.7484872937202454,0.6422345638275146,0.6985114216804504,0.7107813954353333,1.0923609733581543,1.2410560846328735,1.1674131155014038,1.256816029548645,1.0929203033447266,1.267006278038025,1.3990890979766846,1.960085391998291,1.9057738780975342,1.6345326900482178,1.4861819744110107,1.5276224613189697,1.3697421550750732,1.582980751991272,1.4629158973693848,1.7341549396514893,1.7975194454193115,1.9143328666687012,1.9726577997207642,1.700657844543457,1.9345927238464355,1.8766882419586182,2.499532699584961,2.353104591369629,2.247330904006958,1.9340524673461914,2.059476613998413,1.790482759475708,2.0000808238983154,1.8828264474868774,1.8729321956634521,1.7083556652069092,1.9324182271957397,1.9556103944778442,1.791217565536499,2.1146764755249023,2.0737149715423584
B12,2.2746777534484863,1.9656014442443848,1.9214361906051636,1.5574852228164673,1.6358519792556763,1.4046489000320435,1.5681121349334717,1.615841269493103,1.511732578277588,1.1683218479156494,1.2656887769699097,1.186455488204956,1.164500117301941,1.4568665027618408,1.5279685258865356,1.7835025787353516,1.4144760370254517,1.2711899280548096,0.9475555419921875,0.7958778142929077,0.6666860580444336,0.6910187005996704,0.9738616943359375,0.9744886755943298,0.7211446762084961,0.39855509996414185,0.0,0.38369643688201904,0.5946653485298157,0.9518792629241943,1.2959586381912231,1.1176460981369019,0.7398855686187744,0.6394290924072266,0.4671768248081207,0.5629570484161377,0.7737020254135132,0.9538862705230713,1.315211296081543,1.3689947128295898,1.2050745487213135,1.163536548614502,0.9203146696090698,0.9952459931373596,1.0641626119613647,1.6279451847076416,1.6160351037979126,1.3919453620910645,1.2893539667129517,1.4235678911209106,1.344686508178711,1.6358332633972168,1.6086291074752808,1.8967328071594238,1.9032232761383057,1.9566168785095215,1.93388032913208,1.6087383031845093,1.7857909202575684,1.6508824825286865,2.2571358680725098,2.1289656162261963,2.081430435180664,1.7909634113311768,1.985285758972168,1.7736619710922241,2.0424137115478516,1.9992109537124634,2.0267035961151123,1.820624589920044,1.9752024412155151,1.9162635803222656,1.7050831317901611,1.9784520864486694,1.8733586072921753
B13,1.9028420448303223,1.5855650901794434,1.5429576635360718,1.1838184595108032,1.2871912717819214,1.1020901203155518,1.3205950260162354,1.4390283823013306,1.4116805791854858,1.0774037837982178,1.0784436464309692,0.9162364602088928,0.8186438679695129,1.0923269987106323,1.1458237171173096,1.4430490732192993,1.0921578407287598,0.9398403763771057,0.5855761766433716,0.537760317325592,0.4637698829174042,0.7049278616905212,1.002753496170044,1.1212425231933594,0.9074689149856567,0.662353515625,0.38369643688201904,0.0,0.39091750979423523,0.647014319896698,1.1168564558029175,0.941959798336029,0.630740225315094,0.44986751675605774,0.5349326133728027,0.5962743163108826,0.9423801302909851,1.112188696861267,1.4313898086547852,1.4033721685409546,1.2686721086502075,1.1561354398727417,0.825581967830658,0.9242897629737854,0.8775691986083984,1.4963645935058594,1.4387813806533813,1.2703639268875122,1.106748342514038,1.3059425354003906,1.215730905532837,1.5529718399047852,1.568547010421753,1.8149893283843994,1.7470581531524658,1.7886325120925903,1.7191441059112549,1.381870150566101,1.5686672925949097,1.4093639850616455,1.9949108362197876,1.825246810913086,1.7963507175445557,1.4894633293151855,1.6945918798446655,1.504181146621704,1.7894189357757568,1.8067660331726074,1.8403735160827637,1.5944629907608032,1.6942873001098633,1.5861469507217407,1.3703728914260864,1.625717282295227,1.5251359939575195
