,A1,A2,A3,A4,A5,A6,A7,A8,A9,A10,A11,A12,A13,A14,A15,B1,B2,B3,B4,B5,B6,B7,B8,B9,B10,B11,B12,B13,B14,B15,C1,C2,C3,C4,C5,C6,C7,C8,C9,C10,C11,C12,C13,C14,C15,D1,D2,D3,D4,D5,D6,D7,D8,D9,D10,D11,D12,D13,D14,D15,E1,E2,E3,E4,E5,E6,E7,E8,E9,E10,E11,E12,E13,E14,E15
A1,0.0,0.39918434619903564,0.5771300792694092,0.5968245267868042,0.9252548813819885,1.1278403997421265,1.4687278270721436,1.7765229940414429,1.9415333271026611,1.6661173105239868,1.39166259765625,1.0453033447265625,1.0848935842514038,0.8137015700340271,0.9785301685333252,2.5526206493377686,2.7353131771087646,2.6655683517456055,2.2917206287384033,2.238450288772583,1.903972864151001,1.853650450706482,1.7400447130203247,1.3792929649353027,1.2598553895950317,1.4882900714874268,1.7839820384979248,2.10735821723938,2.369364023208618,2.675872325897217,3.1961851119995117,2.992818593978882,2.65382719039917,2.667726516723633,2.4483959674835205,2.5704193115234375,2.309720516204834,2.4025917053222656,2.592506170272827,2.7352240085601807,2.620910167694092,2.6050593852996826,2.3132598400115967,2.4822611808776855,2.249741315841675,3.5313668251037598,3.4083540439605713,3.1627542972564697,2.948045015335083,2.6356630325317383,2.4531259536743164,2.0772972106933594,1.861438274383545,1.8073782920837402,2.1229119300842285,2.315406322479248,2.5548408031463623,2.538875102996826,2.908249616622925,2.9046213626861572,1.8131664991378784,2.0394277572631836,1.7948967218399048,1.7144596576690674,1.9784014225006104,2.0866310596466064,2.1514458656311035,2.4675955772399902,2.4220662117004395,2.1289477348327637,1.7811428308486938,1.6723673343658447,1.563752293586731,1.4576224088668823,1.6990562677383423
A2,0.39918434619903564,0.0,0.384038507938385,0.5659317374229431,0.7872061133384705,1.0682754516601562,1.392423391342163,1.6968477964401245,1.934161901473999,1.7176309823989868,1.4623316526412964,1.1017333269119263,1.063765048980713,0.8004974126815796,0.8098316192626953,2.3419137001037598,2.497037887573242,2.4614973068237305,2.0903241634368896,2.016533613204956,1.665528655052185,1.6567232608795166,1.5232855081558228,1.209094762802124,1.088742971420288,1.3554613590240479,1.6203540563583374,1.970533847808838,2.222454071044922,2.510723829269409,3.0336174964904785,2.7944653034210205,2.480569839477539,2.5112199783325195,2.2669806480407715,2.3999600410461426,2.1617302894592285,2.2464585304260254,2.485846757888794,2.6384401321411133,2.534996509552002,2.4921152591705322,2.209294080734253,2.367349863052368,2.1061558723449707,3.5401885509490967,3.452536106109619,3.1827821731567383,2.957188844680786,2.6784842014312744,2.4977927207946777,2.11794114112854,1.940578818321228,1.8320775032043457,2.1081855297088623,2.2717785835266113,2.5309677124023438,2.5088655948638916,2.8793764114379883,2.9046783447265625,2.070150136947632,2.2908108234405518,2.0251433849334717,1.8901227712631226,2.101766347885132,2.1536450386047363,2.1601016521453857,2.4390604496002197,2.3395471572875977,2.06896710395813,1.7560700178146362,1.729771614074707,1.6477829217910767,1.6329034566879272,1.8868091106414795
A3,0.5771300792694092,0.384038507938385,0.0,0.3742503523826599,0.6087491512298584,0.9495322704315186,1.2024966478347778,1.5466945171356201,1.7784680128097534,1.5698513984680176,1.2717071771621704,0.9032289385795593,0.756327211856842,0.45879557728767395,0.43251386284828186,2.0038440227508545,2.167471408843994,2.110352039337158,1.7370554208755493,1.685350775718689,1.3529200553894043,1.3584843873977661,1.2939575910568237,0.9970747828483582,0.7867554426193237,0.9979612827301025,1.2553287744522095,1.604617714881897,1.8501794338226318,2.1499202251434326,2.8782293796539307,2.6585981845855713,2.3459360599517822,2.323387622833252,2.0513815879821777,2.135326862335205,1.8646258115768433,1.9146548509597778,2.136887788772583,2.312851905822754,2.2426350116729736,2.2381649017333984,1.9896783828735352,2.198227643966675,1.9793219566345215,3.27064847946167,3.1722323894500732,2.883784532546997,2.681865930557251,2.4122447967529297,2.270564079284668,1.8888863325119019,1.7647613286972046,1.7033964395523071,1.951339840888977,2.06203031539917,2.2873663902282715,2.2218339443206787,2.5788395404815674,2.5822689533233643,1.8457872867584229,2.0707192420959473,1.8131914138793945,1.622560977935791,1.8092471361160278,1.8193732500076294,1.8248504400253296,2.089623212814331,1.974819540977478,1.6946055889129639,1.391108751296997,1.3935389518737793,1.3619035482406616,1.39919114112854,1.6921777725219727
A4,0.5968245267868042,0.5659317374229431,0.3742503523826599,0.0,0.37745171785354614,0.6349561214447021,0.915560245513916,1.257426142692566,1.4482001066207886,1.2129418849945068,0.9190095663070679,0.5495404005050659,0.5219389200210571,0.3766803741455078,0.5766767859458923,2.1578562259674072,2.292349100112915,2.1757824420928955,1.803155779838562,1.7071141004562378,1.3733640909194946,1.2756550312042236,1.1778919696807861,0.8125221133232117,0.6836258769035339,0.9342110753059387,1.2639305591583252,1.564649224281311,1.8626950979232788,2.13973069190979,2.6640546321868896,2.476583480834961,2.138035535812378,2.111931800842285,1.8772077560424805,1.9794312715530396,1.7136554718017578,1.81899893283844,2.016716718673706,2.146552801132202,2.030967950820923,2.0184741020202637,1.7430205345153809,1.9440460205078125,1.741916298866272,2.9913761615753174,2.8911867141723633,2.6261227130889893,2.405418634414673,2.117964267730713,1.9492855072021484,1.5672887563705444,1.4104405641555786,1.3546165227890015,1.6265615224838257,1.769432783126831,2.0017857551574707,1.9704396724700928,2.340728759765625,2.357844591140747,1.6556569337844849,1.82682204246521,1.5311685800552368,1.37709641456604,1.5557897090911865,1.6206409931182861,1.6194268465042114,1.91936457157135,1.8699843883514404,1.6081457138061523,1.266076922416687,1.2072783708572388,1.0888054370880127,1.1064828634262085,1.3608776330947876
A5,0.9252548813819885,0.7872061133384705,0.6087491512298584,0.37745171785354614,0.0,0.3710952699184418,0.6141126751899719,0.9410857558250427,1.1976184844970703,1.0408445596694946,0.8200503587722778,0.5244051218032837,0.5004367232322693,0.5907478332519531,0.6582424640655518,2.0940775871276855,2.1649162769317627,2.032649517059326,1.6701536178588867,1.5024158954620361,1.1500471830368042,0.9975596070289612,0.8316436409950256,0.45466071367263794,0.4532998204231262,0.8045194745063782,1.1411340236663818,1.4186012744903564,1.747243046760559,1.972157597541809,2.302621841430664,2.10339093208313,1.7703171968460083,1.7570970058441162,1.5236331224441528,1.6577776670455933,1.4298746585845947,1.5808862447738647,1.8205091953277588,1.9154493808746338,1.7707632780075073,1.712149977684021,1.4245373010635376,1.6045364141464233,1.3844584226608276,2.780937910079956,2.725651979446411,2.45597767829895,2.206777811050415,1.9545204639434814,1.7665904760360718,1.3938612937927246,1.2691444158554077,1.1396455764770508,1.3647587299346924,1.4927898645401,1.7561619281768799,1.7512242794036865,2.1290900707244873,2.1985018253326416,1.8608839511871338,1.9758124351501465,1.646011233329773,1.4763374328613281,1.5686047077178955,1.6055408716201782,1.5162895917892456,1.785520315170288,1.7266119718551636,1.5245230197906494,1.2169009447097778,1.2253268957138062,1.075326681137085,1.1944549083709717,1.3970001935958862
A6,1.1278403997421265,1.0682754516601562,0.9495322704315186,0.6349561214447021,0.3710952699184418,0.0,0.38287633657455444,0.6491301655769348,0.8698168992996216,0.7128596305847168,0.5905117988586426,0.4431517422199249,0.6326341032981873,0.8560925126075745,1.0012106895446777,2.3500053882598877,2.388007879257202,2.212890148162842,1.8688783645629883,1.6591371297836304,1.3297961950302124,1.0798792839050293,0.8611689209938049,0.4762732982635498,0.6696053743362427,0.9862245321273804,1.336397409439087,1.5422612428665161,1.9027001857757568,2.0860326290130615,2.0879149436950684,1.9234809875488281,1.5642313957214355,1.56631600856781,1.3995336294174194,1.5746318101882935,1.386115312576294,1.6106610298156738,1.8248357772827148,1.850620150566101,1.6408289670944214,1.5478568077087402,1.2175233364105225,1.3569291830062866,1.1451750993728638,2.5581440925598145,2.5176637172698975,2.2824106216430664,2.0008158683776855,1.7416430711746216,1.5039522647857666,1.145303726196289,0.9720019698143005,0.7887374758720398,1.0408718585968018,1.2302395105361938,1.5220081806182861,1.584563970565796,1.9733912944793701,2.077815294265747,1.8630106449127197,1.9060640335083008,1.5431149005889893,1.4319062232971191,1.4879472255706787,1.582498550415039,1.4673564434051514,1.7540982961654663,1.76738440990448,1.610554575920105,1.2988635301589966,1.2570831775665283,1.008007287979126,1.1151316165924072,1.2203240394592285
A7,1.4687278270721436,1.392423391342163,1.2024966478347778,0.915560245513916,0.6141126751899719,0.38287633657455444,0.0,0.37245213985443115,0.6175897121429443,0.5820209980010986,0.5365387797355652,0.5779508948326111,0.6752421855926514,1.0127803087234497,1.1190977096557617,2.224194049835205,2.219731092453003,2.002877712249756,1.6882659196853638,1.4447925090789795,1.1619999408721924,0.8397333025932312,0.6527193188667297,0.38204044103622437,0.6422238349914551,0.8696800470352173,1.1865586042404175,1.3125052452087402,1.687684178352356,1.8216954469680786,1.787278413772583,1.6567972898483276,1.297812581062317,1.236971378326416,1.066568374633789,1.217685580253601,1.0351221561431885,1.2947500944137573,1.4983432292938232,1.4887322187423706,1.2619191408157349,1.1678500175476074,0.8479245901107788,1.0376018285751343,0.89457106590271,2.2098701000213623,2.1910581588745117,1.9438387155532837,1.6560440063476562,1.4297208786010742,1.2092586755752563,0.8653307557106018,0.7981605529785156,0.6287909150123596,0.7710666060447693,0.8812490701675415,1.1659321784973145,1.2228522300720215,1.6102641820907593,1.7415066957473755,1.8910375833511353,1.8872524499893188,1.5250041484832764,1.377561092376709,1.3345762491226196,1.3866180181503296,1.1981662511825562,1.4502441883087158,1.4805923700332642,1.3851349353790283,1.1222903728485107,1.1300171613693237,0.8881089091300964,1.106221079826355,1.1774901151657104
A8,1.7765229940414429,1.6968477964401245,1.5466945171356201,1.257426142692566,0.9410857558250427,0.6491301655769348,0.37245213985443115,0.0,0.39218270778656006,0.5696165561676025,0.744324266910553,0.9005720615386963,1.0438719987869263,1.3836274147033691,1.4789769649505615,2.4745218753814697,2.421251058578491,2.1891982555389404,1.909257411956787,1.6206523180007935,1.3701728582382202,1.0134711265563965,0.776911199092865,0.6548425555229187,0.976599931716919,1.1859790086746216,1.4614641666412354,1.5280548334121704,1.9018300771713257,1.970949649810791,1.4740759134292603,1.3692928552627563,0.9943130612373352,0.9701890349388123,0.9005614519119263,1.1262747049331665,1.053314208984375,1.384171485900879,1.5834885835647583,1.488844394683838,1.1904845237731934,1.0069868564605713,0.6358456015586853,0.7171105742454529,0.5724202990531921,2.0512962341308594,2.087735891342163,1.8769742250442505,1.5468380451202393,1.3654791116714478,1.092847228050232,0.8294610381126404,0.7749044299125671,0.47759029269218445,0.49404236674308777,0.655057966709137,1.0036898851394653,1.1645539999008179,1.5387263298034668,1.7408337593078613,2.1515166759490967,2.091071844100952,1.7203023433685303,1.6165755987167358,1.5200755596160889,1.5884969234466553,1.3520817756652832,1.563880205154419,1.6328240633010864,1.6113601922988892,1.3961063623428345,1.4074982404708862,1.1383404731750488,1.3512635231018066,1.3284366130828857
A9,1.9415333271026611,1.934161901473999,1.7784680128097534,1.4482001066207886,1.1976184844970703,0.8698168992996216,0.6175897121429443,0.39218270778656006,0.0,0.3665704131126404,0.6860955357551575,0.9795752167701721,1.185816764831543,1.5470082759857178,1.7114769220352173,2.6930408477783203,2.652280807495117,2.382349967956543,2.118535041809082,1.8554694652557373,1.647958755493164,1.2773594856262207,1.1174798011779785,0.9787663221359253,1.2420817613601685,1.385797381401062,1.6642011404037476,1.6751363277435303,2.047457218170166,2.110309600830078,1.537203311920166,1.5288387537002563,1.1592010259628296,1.0849096775054932,1.1021088361740112,1.2710405588150024,1.1920394897460938,1.5220623016357422,1.6309902667999268,1.4879539012908936,1.1573400497436523,1.021719217300415,0.6843059659004211,0.7670655846595764,0.7821360230445862,1.7989462614059448,1.8115382194519043,1.6492128372192383,1.3081461191177368,1.0922034978866577,0.7688592076301575,0.5519427061080933,0.4667276442050934,0.21765610575675964,0.1832302063703537,0.48616400361061096,0.7969734072685242,1.0238633155822754,1.3843238353729248,1.5785454511642456,2.0223255157470703,1.8954814672470093,1.5283000469207764,1.484948992729187,1.357147455215454,1.4888767004013062,1.2783222198486328,1.5126302242279053,1.6762124300003052,1.6684774160385132,1.4486552476882935,1.3855959177017212,1.06790030002594,1.2385599613189697,1.114449381828308
A10,1.6661173105239868,1.7176309823989868,1.5698513984680176,1.2129418849945068,1.0408445596694946,0.7128596305847168,0.5820209980010986,0.5696165561676025,0.3665704131126404,0.0,0.38023126125335693,0.7046432495117188,0.9824055433273315,1.3163065910339355,1.5446027517318726,2.6808838844299316,2.6936821937561035,2.433397054672241,2.1384308338165283,1.9219818115234375,1.6881023645401,1.3462824821472168,1.2095476388931274,0.9593585729598999,1.1577885150909424,1.307964563369751,1.6292303800582886,1.68582284450531,2.058840274810791,2.184518575668335,1.8997682332992554,1.8702569007873535,1.4949264526367188,1.4249542951583862,1.3858057260513306,1.5224614143371582,1.3644906282424927,1.6448948383331299,1.7346726655960083,1.651694416999817,1.3685144186019897,1.3055617809295654,0.98729008436203,1.1231896877288818,1.0891976356506348,1.995471715927124,1.9386663436889648,1.7735496759414673,1.4704515933990479,1.178490161895752,0.8791364431381226,0.5703279376029968,0.28831976652145386,0.2200525999069214,0.5325018763542175,0.7929439544677734,1.0328247547149658,1.1847485303878784,1.5546389818191528,1.672383189201355,1.7163130044937134,1.6093294620513916,1.2299760580062866,1.2180622816085815,1.1690669059753418,1.3613523244857788,1.2383936643600464,1.5419663190841675,1.7124509811401367,1.6291149854660034,1.3444372415542603,1.2049987316131592,0.8454402685165405,0.9318888187408447,0.8117127418518066
A11,1.39166259765625,1.4623316526412964,1.2717071771621704,0.9190095663070679,0.8200503587722778,0.5905117988586426,0.5365387797355652,0.744324266910553,0.6860955357551575,0.38023126125335693,0.0,0.37221622467041016,0.6444563269615173,0.9667354226112366,1.2287733554840088,2.429492473602295,2.48846173286438,2.242645502090454,1.924897313117981,1.759346604347229,1.5158729553222656,1.2210665941238403,1.1452786922454834,0.8380406498908997,0.9226109981536865,1.042451024055481,1.3835728168487549,1.4823176860809326,1.8447563648223877,2.0279297828674316,2.1534979343414307,2.091360092163086,1.7216936349868774,1.6229602098464966,1.4992467164993286,1.583001971244812,1.344735026359558,1.5562338829040527,1.6425973176956177,1.6397954225540161,1.4287104606628418,1.4344900846481323,1.1520798206329346,1.3690617084503174,1.312781810760498,2.161806583404541,2.056830883026123,1.8473633527755737,1.5947949886322021,1.2764573097229004,1.0623159408569336,0.6913701891899109,0.4976048469543457,0.5875354409217834,0.858930766582489,1.020777940750122,1.2115979194641113,1.2515043020248413,1.62508225440979,1.6720361709594727,1.4264647960662842,1.3890180587768555,1.0138461589813232,0.9378440976142883,0.9607909917831421,1.13970148563385,1.0812699794769287,1.4231315851211548,1.5561546087265015,1.400627851486206,1.0688612461090088,0.898901104927063,0.5457853078842163,0.6271993517875671,0.6541125774383545
A12,1.0453033447265625,1.1017333269119263,0.9032289385795593,0.5495404005050659,0.5244051218032837,0.4431517422199249,0.5779508948326111,0.9005720615386963,0.9795752167701721,0.7046432495117188,0.37221622467041016,0.0,0.3780912756919861,0.6254442930221558,0.9046817421913147,2.2690844535827637,2.362722158432007,2.1622705459594727,1.8145571947097778,1.6782026290893555,1.3918139934539795,1.1656014919281006,1.0847835540771484,0.7154223322868347,0.7081454396247864,0.8855442404747009,1.250071406364441,1.4380592107772827,1.784604549407959,2.0164308547973633,2.3518924713134766,2.234147548675537,1.871945858001709,1.7999370098114014,1.6178292036056519,1.7058366537094116,1.440770149230957,1.6042848825454712,1.738835096359253,1.802829623222351,1.639144778251648,1.6437128782272339,1.3623205423355103,1.5832651853561401,1.458388328552246,2.487530469894409,2.3793654441833496,2.140672206878662,1.907267689704895,1.6003092527389526,1.415869951248169,1.036102056503296,0.8686061501502991,0.8813540935516357,1.15996253490448,1.3093405961990356,1.518347144126892,1.514425277709961,1.8893526792526245,1.9152418375015259,1.4216634035110474,1.4847606420516968,1.136895775794983,1.0111627578735352,1.1249096393585205,1.2523614168167114,1.229299783706665,1.564532995223999,1.61625337600708,1.4005231857299805,1.0401535034179688,0.9033609628677368,0.6479281187057495,0.6952906250953674,0.8746874332427979
A13,1.0848935842514038,1.063765048980713,0.756327211856842,0.5219389200210571,0.5004367232322693,0.6326341032981873,0.6752421855926514,1.0438719987869263,1.185816764831543,0.9824055433273315,0.6444563269615173,0.3780912756919861,0.0,0.3883586823940277,0.5978884100914001,1.8970705270767212,2.0083346366882324,1.8223259449005127,1.4662115573883057,1.3679530620574951,1.092012643814087,0.93412184715271,0.9492784738540649,0.642031192779541,0.4489201307296753,0.5408605337142944,0.8993409872055054,1.126259207725525,1.4517836570739746,1.7137932777404785,2.399564027786255,2.262219190597534,1.9267120361328125,1.8162909746170044,1.5681467056274414,1.5970768928527832,1.2880476713180542,1.3754163980484009,1.5252569913864136,1.6569993495941162,1.5660109519958496,1.6123945713043213,1.3885637521743774,1.6634691953659058,1.5512804985046387,2.5281972885131836,2.4170444011688232,2.132923126220703,1.9364837408065796,1.6605192422866821,1.5453259944915771,1.1679641008377075,1.1116485595703125,1.1460109949111938,1.3517769575119019,1.406968355178833,1.5793665647506714,1.4934797286987305,1.8493980169296265,1.8457003831863403,1.4398928880691528,1.5614349842071533,1.2610212564468384,1.0265007019042969,1.1165753602981567,1.1311523914337158,1.1002014875411987,1.3981918096542358,1.371181607246399,1.1202541589736938,0.7691906094551086,0.7320338487625122,0.6408127546310425,0.8046978712081909,1.0806961059570312
A14,0.8137015700340271,0.8004974126815796,0.45879557728767395,0.3766803741455078,0.5907478332519531,0.8560925126075745,1.0127803087234497,1.3836274147033691,1.5470082759857178,1.3163065910339355,0.9667354226112366,0.6254442930221558,0.3883586823940277,0.0,0.37609899044036865,1.8762097358703613,2.046375274658203,1.9190171957015991,1.5498297214508057,1.5168870687484741,1.230423092842102,1.1798118352890015,1.1990783214569092,0.8951320052146912,0.6282073259353638,0.7167544364929199,1.0141299962997437,1.3115513324737549,1.578281044960022,1.8886311054229736,2.7438912391662598,2.577085494995117,2.249885320663452,2.162994146347046,1.895248293876648,1.9244321584701538,1.6106054782867432,1.646607756614685,1.8052020072937012,1.9828208684921265,1.9277242422103882,1.9800716638565063,1.7603660821914673,2.0230467319488525,1.8754627704620361,2.9002187252044678,2.7714781761169434,2.482923746109009,2.3071722984313965,2.024554491043091,1.9198275804519653,1.5422385931015015,1.4560188055038452,1.483667254447937,1.7189979553222656,1.792506456375122,1.9665809869766235,1.8659783601760864,2.210117816925049,2.177381753921509,1.4549596309661865,1.6626641750335693,1.410130262374878,1.1826694011688232,1.3593740463256836,1.3669474124908447,1.402966856956482,1.6887460947036743,1.6161202192306519,1.3166571855545044,0.9795287251472473,0.9396563768386841,0.9315386414527893,0.9899512529373169,1.314346194267273
A15,0.9785301685333252,0.8098316192626953,0.43251386284828186,0.5766767859458923,0.6582424640655518,1.0012106895446777,1.1190977096557617,1.4789769649505615,1.7114769220352173,1.5446027517318726,1.2287733554840088,0.9046817421913147,0.5978884100914001,0.37609899044036865,0.0,1.6009876728057861,1.7642630338668823,1.6882725954055786,1.3148943185806274,1.2915019989013672,0.9921035170555115,1.0438562631607056,1.0876184701919556,0.8756093978881836,0.5462895631790161,0.6243336796760559,0.835955023765564,1.1923547983169556,1.4203137159347534,1.728864073753357,2.722594738006592,2.5197579860687256,2.225649118423462,2.1437206268310547,1.8357698917388916,1.854114055633545,1.552908182144165,1.545165777206421,1.7582114934921265,1.969796061515808,1.9518851041793823,1.9901180267333984,1.799008846282959,2.060176134109497,1.892586588859558,3.024409294128418,2.9254002571105957,2.6094717979431152,2.4378607273101807,2.197349786758423,2.1100056171417236,1.740132212638855,1.7012280225753784,1.682787537574768,1.8712414503097534,1.902073860168457,2.082728862762451,1.9593335390090942,2.2906992435455322,2.2749245166778564,1.7726858854293823,1.990112066268921,1.7486311197280884,1.4834866523742676,1.608505368232727,1.5388342142105103,1.5200308561325073,1.7422146797180176,1.5840167999267578,1.302337408065796,1.040095329284668,1.127718210220337,1.1858371496200562,1.3214293718338013,1.6431421041488647
B1,2.5526206493377686,2.3419137001037598,2.0038440227508545,2.1578562259674072,2.0940775871276855,2.3500053882598877,2.224194049835205,2.4745218753814697,2.6930408477783203,2.6808838844299316,2.429492473602295,2.2690844535827637,1.8970705270767212,1.8762097358703613,1.6009876728057861,0.0,0.3933621942996979,0.5725323557853699,0.6007562279701233,0.941721498966217,1.150222897529602,1.4808900356292725,1.7989064455032349,1.9629930257797241,1.6821787357330322,1.402172565460205,1.0537346601486206,1.077523112297058,0.7965076565742493,0.9643212556838989,3.0734705924987793,2.9061450958251953,2.7748682498931885,2.5625438690185547,2.198014736175537,1.980391025543213,1.733568787574768,1.4122583866119385,1.5330321788787842,1.877907633781433,2.12998628616333,2.2868154048919678,2.362729549407959,2.680497646331787,2.656543493270874,3.2045183181762695,3.1398775577545166,2.758481502532959,2.74324107170105,2.6850922107696533,2.791506290435791,2.552096128463745,2.7361133098602295,2.7812886238098145,2.7784860134124756,2.580467700958252,2.593205213546753,2.302790641784668,2.427295684814453,2.3465421199798584,2.6830968856811523,2.8765640258789062,2.7547531127929688,2.381086587905884,2.3139097690582275,1.991335391998291,1.894873023033142,1.7882239818572998,1.399691104888916,1.3136268854141235,1.5131046772003174,1.8480114936828613,2.1380090713500977,2.4258923530578613,2.731510639190674
B2,2.7353131771087646,2.497037887573242,2.167471408843994,2.292349100112915,2.1649162769317627,2.388007879257202,2.219731092453003,2.421251058578491,2.652280807495117,2.6936821937561035,2.48846173286438,2.362722158432007,2.0083346366882324,2.046375274658203,1.7642630338668823,0.3933621942996979,0.0,0.3820003867149353,0.5703954696655273,0.805624783039093,1.0866706371307373,1.4093191623687744,1.7208061218261719,1.957826018333435,1.7341073751449585,1.4779243469238281,1.1194229125976562,1.078619360923767,0.8087344765663147,0.8168836832046509,2.836017608642578,2.668954372406006,2.5812878608703613,2.366605043411255,2.009413719177246,1.778947353363037,1.5930148363113403,1.2690984010696411,1.425856113433838,1.7380425930023193,1.995038628578186,2.1235854625701904,2.2360637187957764,2.529465436935425,2.520747661590576,3.0830399990081787,3.0649986267089844,2.684060573577881,2.6575472354888916,2.6469576358795166,2.751840114593506,2.5413095951080322,2.75150465965271,2.765839099884033,2.7164466381073,2.488814353942871,2.49893856048584,2.2210114002227783,2.3219738006591797,2.2885658740997314,2.903790235519409,3.0583674907684326,2.9074292182922363,2.5383644104003906,2.42437744140625,2.095820188522339,1.9310414791107178,1.7766773700714111,1.374292016029358,1.3845645189285278,1.620662808418274,1.9825526475906372,2.238903760910034,2.5633394718170166,2.836676836013794
B3,2.6655683517456055,2.4614973068237305,2.110352039337158,2.1757824420928955,2.032649517059326,2.212890148162842,2.002877712249756,2.1891982555389404,2.382349967956543,2.433397054672241,2.242645502090454,2.1622705459594727,1.8223259449005127,1.9190171957015991,1.6882725954055786,0.5725323557853699,0.3820003867149353,0.0,0.3746616542339325,0.6050447225570679,0.9512354731559753,1.203619122505188,1.552750825881958,1.7903969287872314,1.5830998420715332,1.287200689315796,0.9262980818748474,0.7766956090927124,0.48391294479370117,0.43719518184661865,2.6027586460113525,2.47540545463562,2.3705227375030518,2.1192374229431152,1.7740617990493774,1.5048692226409912,1.2947494983673096,0.9426026344299316,1.0530959367752075,1.374474048614502,1.651612401008606,1.815593957901001,1.9537701606750488,2.269583225250244,2.303527355194092,2.7113218307495117,2.685889959335327,2.304840564727783,2.2895524501800537,2.288058280944824,2.414095878601074,2.226344585418701,2.463325262069702,2.506037473678589,2.436941623687744,2.1860313415527344,2.1634159088134766,1.8679437637329102,1.9515049457550049,1.9089562892913818,2.6648738384246826,2.783827543258667,2.6327242851257324,2.2661423683166504,2.1147401332855225,1.7758190631866455,1.5907752513885498,1.4084937572479248,1.006940245628357,1.06369948387146,1.3427659273147583,1.7101777791976929,1.9658153057098389,2.3076508045196533,2.5570013523101807
B4,2.2917206287384033,2.0903241634368896,1.7370554208755493,1.803155779838562,1.6701536178588867,1.8688783645629883,1.6882659196853638,1.909257411956787,2.118535041809082,2.1384308338165283,1.924897313117981,1.8145571947097778,1.4662115573883057,1.5498297214508057,1.3148943185806274,0.6007562279701233,0.5703954696655273,0.3746616542339325,0.0,0.3786308765411377,0.6393337249755859,0.915687084197998,1.263719081878662,1.4587815999984741,1.2243722677230835,0.9310203194618225,0.5669935345649719,0.5247637033462524,0.365188866853714,0.5497481822967529,2.507589101791382,2.358201026916504,2.206019401550293,1.9791032075881958,1.6184152364730835,1.39863121509552,1.1348570585250854,0.827895998954773,1.0067431926727295,1.332608938217163,1.5487784147262573,1.6918718814849854,1.7630387544631958,2.0861103534698486,2.0814929008483887,2.671933889389038,2.6300241947174072,2.250497341156006,2.193430185317993,2.137596607208252,2.222623825073242,1.9904366731643677,2.1902403831481934,2.2226831912994385,2.193427562713623,1.9839894771575928,2.0046792030334473,1.7313690185546875,1.8848285675048828,1.8504356145858765,2.3941380977630615,2.5296199321746826,2.35589599609375,1.9927963018417358,1.8784211874008179,1.5688648223876953,1.396612524986267,1.2977524995803833,0.9081682562828064,0.8657627105712891,1.0652852058410645,1.4311435222625732,1.6713955402374268,2.0025293827056885,2.2688493728637695
B5,2.238450288772583,2.016533613204956,1.685350775718689,1.7071141004562378,1.5024158954620361,1.6591371297836304,1.4447925090789795,1.6206523180007935,1.8554694652557373,1.9219818115234375,1.759346604347229,1.6782026290893555,1.3679530620574951,1.5168870687484741,1.2915019989013672,0.941721498966217,0.805624783039093,0.6050447225570679,0.3786308765411377,0.0,0.3783903419971466,0.6162628531455994,0.9497724175453186,1.212708830833435,1.0572720766067505,0.8362557888031006,0.5470800399780273,0.5062830448150635,0.5780879855155945,0.6147077679634094,2.1464695930480957,1.9835642576217651,1.8372117280960083,1.6229932308197021,1.2567516565322876,1.0628949403762817,0.8358581066131592,0.5918185114860535,0.8983649015426636,1.1551103591918945,1.3093953132629395,1.3897470235824585,1.4490214586257935,1.747106909751892,1.7332733869552612,2.4936580657958984,2.4960787296295166,2.1253812313079834,2.016334056854248,1.976375699043274,2.0208582878112793,1.7945027351379395,1.9937249422073364,1.976244330406189,1.9176331758499146,1.7057279348373413,1.7614949941635132,1.53231680393219,1.7151565551757812,1.7544211149215698,2.455402135848999,2.5529375076293945,2.331392526626587,1.991751790046692,1.8529309034347534,1.5788904428482056,1.3350913524627686,1.249927282333374,0.8953865170478821,0.9222927093505859,1.0717109441757202,1.4324597120285034,1.595548152923584,1.9498770236968994,2.1774227619171143
B6,1.903972864151001,1.665528655052185,1.3529200553894043,1.3733640909194946,1.1500471830368042,1.3297961950302124,1.1619999408721924,1.3701728582382202,1.647958755493164,1.6881023645401,1.5158729553222656,1.3918139934539795,1.092012643814087,1.230423092842102,0.9921035170555115,1.150222897529602,1.0866706371307373,0.9512354731559753,0.6393337249755859,0.3783903419971466,0.0,0.3794005513191223,0.650130033493042,0.8780899047851562,0.7212159633636475,0.6010170578956604,0.4501536190509796,0.6272777915000916,0.8388770222663879,0.9639682173728943,2.089708089828491,1.8893007040023804,1.696630835533142,1.5390236377716064,1.1680723428726196,1.0829222202301025,0.8447794914245605,0.7529069781303406,1.095803141593933,1.3051189184188843,1.3608694076538086,1.3797404766082764,1.3376235961914062,1.6136105060577393,1.5296889543533325,2.5720374584198,2.5707993507385254,2.2156479358673096,2.054961919784546,1.9624886512756348,1.9416344165802002,1.6666233539581299,1.8041927814483643,1.7437459230422974,1.7332453727722168,1.588326334953308,1.7162649631500244,1.5443618297576904,1.8001642227172852,1.864115834236145,2.3324971199035645,2.4427731037139893,2.187030076980591,1.8695104122161865,1.7800909280776978,1.5670270919799805,1.339397668838501,1.356986403465271,1.0675203800201416,1.0083845853805542,1.0172460079193115,1.3350180387496948,1.4378587007522583,1.768170714378357,2.0020604133605957
B7,1.853650450706482,1.6567232608795166,1.3584843873977661,1.2756550312042236,0.9975596070289612,1.0798792839050293,0.8397333025932312,1.0134711265563965,1.2773594856262207,1.3462824821472168,1.2210665941238403,1.1656014919281006,0.93412184715271,1.1798118352890015,1.0438562631607056,1.4808900356292725,1.4093191623687744,1.203619122505188,0.915687084197998,0.6162628531455994,0.3794005513191223,0.0,0.3792596161365509,0.6293841004371643,0.5946704149246216,0.5429610013961792,0.5809682607650757,0.6685293912887573,0.9930833578109741,1.0798002481460571,1.8050951957702637,1.633711338043213,1.3980607986450195,1.2270452976226807,0.8731378316879272,0.8269196152687073,0.5689672231674194,0.6398138403892517,0.9797007441520691,1.103880763053894,1.0708649158477783,1.05731999874115,0.9717199206352234,1.2600301504135132,1.1951085329055786,2.274416923522949,2.283618688583374,1.9469846487045288,1.7465239763259888,1.64297354221344,1.5888330936431885,1.316977858543396,1.4586628675460815,1.3865330219268799,1.3560633659362793,1.2128030061721802,1.363034963607788,1.2317737340927124,1.52601957321167,1.630379557609558,2.197122573852539,2.2557621002197266,1.9686239957809448,1.6823158264160156,1.5624433755874634,1.3956626653671265,1.1253910064697266,1.1852669715881348,0.9916849732398987,0.9666686058044434,0.9144424796104431,1.1843900680541992,1.2050936222076416,1.5507731437683105,1.7330188751220703
B8,1.7400447130203247,1.5232855081558228,1.2939575910568237,1.1778919696807861,0.8316436409950256,0.8611689209938049,0.6527193188667297,0.776911199092865,1.1174798011779785,1.2095476388931274,1.1452786922454834,1.0847835540771484,0.9492784738540649,1.1990783214569092,1.0876184701919556,1.7989064455032349,1.7208061218261719,1.552750825881958,1.263719081878662,0.9497724175453186,0.650130033493042,0.3792596161365509,0.0,0.4008341431617737,0.5758243799209595,0.7493835687637329,0.9027429819107056,1.0425564050674438,1.370182991027832,1.4463765621185303,1.655959963798523,1.4397116899490356,1.1726022958755493,1.0960265398025513,0.7787320017814636,0.9016293287277222,0.7617276310920715,0.9596987366676331,1.2985081672668457,1.3470255136489868,1.2143158912658691,1.0902600288391113,0.8933100700378418,1.0900461673736572,0.9247757196426392,2.3750452995300293,2.413271188735962,2.1096272468566895,1.8543777465820312,1.7347923517227173,1.5997058153152466,1.3150749206542969,1.3827059268951416,1.211721420288086,1.2016568183898926,1.1424232721328735,1.3847484588623047,1.3558807373046875,1.6873525381088257,1.844364881515503,2.3165462017059326,2.3620307445526123,2.036548376083374,1.8008652925491333,1.7122273445129395,1.6198216676712036,1.355939269065857,1.468570590019226,1.3362220525741577,1.3045233488082886,1.1800708770751953,1.3751177787780762,1.2974152565002441,1.600622534751892,1.744388222694397
B9,1.3792929649353027,1.209094762802124,0.9970747828483582,0.8125221133232117,0.45466071367263794,0.4762732982635498,0.38204044103622437,0.6548425555229187,0.9787663221359253,0.9593585729598999,0.8380406498908997,0.7154223322868347,0.642031192779541,0.8951320052146912,0.8756093978881836,1.9629930257797241,1.957826018333435,1.7903969287872314,1.4587815999984741,1.212708830833435,0.8780899047851562,0.6293841004371643,0.4008341431617737,0.0,0.367664635181427,0.6861796975135803,0.9765008091926575,1.1804213523864746,1.5322062969207764,1.6839444637298584,1.8865751028060913,1.6909682750701904,1.37034273147583,1.3266708850860596,1.0724682807922363,1.2125904560089111,1.018644094467163,1.216379165649414,1.49242103099823,1.549195408821106,1.3879470825195312,1.294091820716858,1.0224063396453857,1.2153877019882202,1.0181421041488647,2.4634389877319336,2.455214262008667,2.172527313232422,1.9086910486221313,1.7137997150421143,1.5377357006072998,1.1978206634521484,1.1701992750167847,1.0039139986038208,1.1130884885787964,1.1620932817459106,1.4312537908554077,1.429047703742981,1.7988759279251099,1.9190500974655151,2.0421695709228516,2.101400852203369,1.7614758014678955,1.5596637725830078,1.5403395891189575,1.520641803741455,1.3285198211669922,1.5366971492767334,1.4643738269805908,1.3483449220657349,1.1147117614746094,1.2129480838775635,1.0726900100708008,1.3118871450424194,1.4659333229064941
B10,1.2598553895950317,1.088742971420288,0.7867554426193237,0.6836258769035339,0.4532998204231262,0.6696053743362427,0.6422238349914551,0.976599931716919,1.2420817613601685,1.1577885150909424,0.9226109981536865,0.7081454396247864,0.4489201307296753,0.6282073259353638,0.5462895631790161,1.6821787357330322,1.7341073751449585,1.5830998420715332,1.2243722677230835,1.0572720766067505,0.7212159633636475,0.5946704149246216,0.5758243799209595,0.367664635181427,0.0,0.38553541898727417,0.6996206641197205,0.9775910973548889,1.3025095462799072,1.5220897197723389,2.1799631118774414,1.9910510778427124,1.6897460222244263,1.5996499061584473,1.3026518821716309,1.3521718978881836,1.0801085233688354,1.1669503450393677,1.4211162328720093,1.5610146522521973,1.481803297996521,1.4712992906570435,1.2620362043380737,1.5165637731552124,1.3616467714309692,2.5840282440185547,2.533474922180176,2.224004030227661,2.009338855743408,1.7997626066207886,1.6834726333618164,1.327561378479004,1.3270823955535889,1.2561596632003784,1.3851975202560425,1.3924133777618408,1.5999205112457275,1.515602946281433,1.8659611940383911,1.9195934534072876,1.8692398071289062,1.985245704650879,1.68340003490448,1.4290218353271484,1.4450305700302124,1.377989649772644,1.239648699760437,1.4485080242156982,1.325074553489685,1.1379055976867676,0.891085684299469,1.0230809450149536,0.9852021932601929,1.227417230606079,1.466124176979065
B11,1.4882900714874268,1.3554613590240479,0.9979612827301025,0.9342110753059387,0.8045194745063782,0.9862245321273804,0.8696800470352173,1.1859790086746216,1.385797381401062,1.307964563369751,1.042451024055481,0.8855442404747009,0.5408605337142944,0.7167544364929199,0.6243336796760559,1.402172565460205,1.4779243469238281,1.287200689315796,0.9310203194618225,0.8362557888031006,0.6010170578956604,0.5429610013961792,0.7493835687637329,0.6861796975135803,0.38553541898727417,0.0,0.36685505509376526,0.6330087184906006,0.9499011039733887,1.2066303491592407,2.2759146690368652,2.1250438690185547,1.8458874225616455,1.6808216571807861,1.361149549484253,1.3009787797927856,0.9637433886528015,0.941292405128479,1.1413568258285522,1.3460700511932373,1.3517452478408813,1.4325449466705322,1.3110620975494385,1.6314187049865723,1.5577974319458008,2.4560694694519043,2.3769562244415283,2.041335105895996,1.8820074796676636,1.6888176202774048,1.6530524492263794,1.321559190750122,1.404891014099121,1.4278230667114258,1.512679100036621,1.4370851516723633,1.5600770711898804,1.3880043029785156,1.6969385147094727,1.6937819719314575,1.7456703186035156,1.8698992729187012,1.6145662069320679,1.2999241352081299,1.2738370895385742,1.1205848455429077,0.990766704082489,1.1603081226348877,0.9939002394676208,0.7718719244003296,0.5652023553848267,0.7961969971656799,0.8934309482574463,1.1908901929855347,1.4629768133163452
B12,1.7839820384979248,1.6203540563583374,1.2553287744522095,1.2639305591583252,1.1411340236663818,1.336397409439087,1.1865586042404175,1.4614641666412354,1.6642011404037476,1.6292303800582886,1.3835728168487549,1.250071406364441,0.8993409872055054,1.0141299962997437,0.835955023765564,1.0537346601486206,1.1194229125976562,0.9262980818748474,0.5669935345649719,0.5470800399780273,0.4501536190509796,0.5809682607650757,0.9027429819107056,0.9765008091926575,0.6996206641197205,0.36685505509376526,0.0,0.3785853385925293,0.6179410815238953,0.8953198790550232,2.354961395263672,2.204420566558838,1.9728379249572754,1.7740293741226196,1.4254181385040283,1.287856101989746,0.9523556232452393,0.7932506799697876,0.9967854022979736,1.2719817161560059,1.373168706893921,1.4926283359527588,1.4569816589355469,1.79116690158844,1.7502272129058838,2.50893235206604,2.4387753009796143,2.077932834625244,1.963675856590271,1.824376106262207,1.8480738401412964,1.5577369928359985,1.7006899118423462,1.7357327938079834,1.7684892416000366,1.627027153968811,1.7005921602249146,1.4715205430984497,1.7204737663269043,1.6960560083389282,1.949356198310852,2.0840609073638916,1.8697160482406616,1.5238783359527588,1.4560037851333618,1.2161459922790527,1.0664998292922974,1.1220937967300415,0.8416675925254822,0.6523040533065796,0.6385676860809326,0.9722047448158264,1.1628320217132568,1.4802807569503784,1.7563018798828125
B13,2.10735821723938,1.970533847808838,1.604617714881897,1.564649224281311,1.4186012744903564,1.5422612428665161,1.3125052452087402,1.5280548334121704,1.6751363277435303,1.68582284450531,1.4823176860809326,1.4380592107772827,1.126259207725525,1.3115513324737549,1.1923547983169556,1.077523112297058,1.078619360923767,0.7766956090927124,0.5247637033462524,0.5062830448150635,0.6272777915000916,0.6685293912887573,1.0425564050674438,1.1804213523864746,0.9775910973548889,0.6330087184906006,0.3785853385925293,0.0,0.3783263564109802,0.5896158814430237,2.2490932941436768,2.1503965854644775,1.9441978931427002,1.68532133102417,1.3543795347213745,1.1270904541015625,0.7819232940673828,0.5218731760978699,0.6397726535797119,0.9530726075172424,1.1292719841003418,1.316235899925232,1.3705188035964966,1.7309855222702026,1.769917607307434,2.2305490970611572,2.163538932800293,1.7902491092681885,1.7162686586380005,1.6272192001342773,1.7143440246582031,1.484703540802002,1.703111171722412,1.7803592681884766,1.7489920854568481,1.5351656675338745,1.5326045751571655,1.2494513988494873,1.4365590810775757,1.3938277959823608,2.0013086795806885,2.0850889682769775,1.892525553703308,1.5399614572525024,1.3851640224456787,1.0862665176391602,0.8789283037185669,0.822695791721344,0.48533910512924194,0.41736096143722534,0.6086940765380859,0.9791100025177002,1.1967655420303345,1.5523208379745483,1.7855629920959473
