,A1,A2,A3,A4,A5,A6,A7,A8,A9,A10,A11,A12,A13,A14,A15,B1,B2,B3,B4,B5,B6,B7,B8,B9,B10,B11,B12,B13,B14,B15,C1,C2,C3,C4,C5,C6,C7,C8,C9,C10,C11,C12,C13,C14,C15,D1,D2,D3,D4,D5,D6,D7,D8,D9,D10,D11,D12,D13,D14,D15,E1,E2,E3,E4,E5,E6,E7,E8,E9,E10,E11,E12,E13,E14,E15
A1,0.0,0.3803124725818634,0.6329519748687744,0.9085268378257751,1.2151753902435303,1.4593251943588257,1.4301204681396484,1.2062652111053467,0.9926950335502625,0.608178436756134,0.5470090508460999,0.42797037959098816,0.6296878457069397,0.8785033226013184,1.0911328792572021,1.2772209644317627,1.6491167545318604,1.792656421661377,2.0482614040374756,2.3621506690979004,2.481550693511963,2.2554237842559814,1.9765704870224,1.7376331090927124,1.479321002960205,1.4757965803146362,1.1568230390548706,1.4217430353164673,1.3158366680145264,1.6667119264602661,0.9923081994056702,1.3384109735488892,1.6023640632629395,1.8038287162780762,2.1535842418670654,2.320967435836792,2.2082650661468506,1.9601151943206787,1.6816816329956055,1.35921311378479,1.2331397533416748,0.8479777574539185,0.9524437785148621,0.7292643785476685,1.0449092388153076,1.5723545551300049,1.8006279468536377,1.7490570545196533,1.841740369796753,2.1159417629241943,2.0557284355163574,1.7223842144012451,1.4564088582992554,1.2998915910720825,1.295575737953186,1.4511688947677612,1.3836679458618164,1.7333167791366577,1.83143150806427,2.202260732650757,1.4701330661773682,1.5451147556304932,1.5925594568252563,1.5002703666687012,1.8594545125961304,1.7611911296844482,1.44792640209198,1.3836641311645508,1.0625131130218506,1.1226727962493896,1.0267184972763062,1.0922588109970093,1.258130669593811,1.4131635427474976,1.6969631910324097
A2,0.3803124725818634,0.0,0.38870522379875183,0.6094213128089905,0.9065572023391724,1.1877986192703247,1.2413740158081055,1.0933743715286255,0.91099613904953,0.6015406250953674,0.518957793712616,0.6428781151771545,0.7307741641998291,1.0735805034637451,1.19696843624115,1.561192274093628,1.9307847023010254,2.0253829956054688,2.296719789505005,2.5791945457458496,2.6832222938537598,2.452181100845337,2.1341593265533447,1.9426475763320923,1.7115764617919922,1.773681402206421,1.4843848943710327,1.7748627662658691,1.6850261688232422,2.0269744396209717,1.370235800743103,1.7087353467941284,1.979729175567627,2.1671290397644043,2.5246243476867676,2.679304838180542,2.548858880996704,2.3030900955200195,2.0155954360961914,1.7145323753356934,1.5741019248962402,1.1930345296859741,1.2556473016738892,0.9618644118309021,1.2381383180618286,1.7443103790283203,1.9974371194839478,1.9237593412399292,2.064051866531372,2.299738645553589,2.2565414905548096,1.9443409442901611,1.6367614269256592,1.5422017574310303,1.5154533386230469,1.7183024883270264,1.6246246099472046,1.9889639616012573,2.0589706897735596,2.4327516555786133,1.5523391962051392,1.5435936450958252,1.5975582599639893,1.4268734455108643,1.7798141241073608,1.6633877754211426,1.3869928121566772,1.4193168878555298,1.0937762260437012,1.1949787139892578,1.0327894687652588,1.1834967136383057,1.260968565940857,1.465510368347168,1.6796389818191528
A3,0.6329519748687744,0.38870522379875183,0.0,0.3846358060836792,0.5917306542396545,0.8704026341438293,0.9420078992843628,0.7741961479187012,0.7050765156745911,0.5017831921577454,0.6491547226905823,0.8821380138397217,1.0650074481964111,1.4164118766784668,1.5723742246627808,1.8488050699234009,2.2088406085968018,2.2912325859069824,2.5254580974578857,2.821756601333618,2.8816897869110107,2.6105732917785645,2.2925450801849365,2.095806121826172,1.9194741249084473,1.9768931865692139,1.7133833169937134,2.0118963718414307,1.9241632223129272,2.2852437496185303,1.5244230031967163,1.8178733587265015,2.1128909587860107,2.2439873218536377,2.6234397888183594,2.7603814601898193,2.6327435970306396,2.4317514896392822,2.1083123683929443,1.832558035850525,1.6240781545639038,1.2646020650863647,1.2466590404510498,0.9149534702301025,1.157325029373169,1.6549577713012695,1.8824639320373535,1.7533338069915771,1.9196654558181763,2.100533962249756,2.0697848796844482,1.792357325553894,1.4504339694976807,1.4307655096054077,1.4067083597183228,1.679855465888977,1.6232020854949951,2.00687575340271,2.113342761993408,2.470233678817749,1.6001962423324585,1.5982788801193237,1.7361080646514893,1.5819833278656006,1.9582321643829346,1.8974721431732178,1.676041841506958,1.712450385093689,1.3624889850616455,1.3812546730041504,1.1196377277374268,1.203263282775879,1.1641703844070435,1.3103324174880981,1.4702216386795044
A4,0.9085268378257751,0.6094213128089905,0.3846358060836792,0.0,0.40009093284606934,0.5919185280799866,0.6973209977149963,0.6921610832214355,0.6064700484275818,0.5999490022659302,0.6720527410507202,1.021506428718567,1.1513690948486328,1.536767840385437,1.665844440460205,1.9865401983261108,2.3284361362457275,2.3487868309020996,2.5777740478515625,2.8402254581451416,2.867994785308838,2.589233875274658,2.242603302001953,2.09906268119812,1.967947006225586,2.0939176082611084,1.8818385601043701,2.219029664993286,2.1869068145751953,2.5479774475097656,1.8208091259002686,2.122403383255005,2.38686203956604,2.4997878074645996,2.88035249710083,2.9790055751800537,2.808530807495117,2.602810859680176,2.28094482421875,2.046501636505127,1.8638781309127808,1.5273058414459229,1.5557812452316284,1.2586309909820557,1.517945408821106,1.69362211227417,1.9616671800613403,1.8630554676055908,2.090247392654419,2.262176275253296,2.2898221015930176,2.055846929550171,1.6918888092041016,1.6730568408966064,1.572991132736206,1.8351824283599854,1.7167959213256836,2.089022636413574,2.143242120742798,2.493997097015381,1.5039281845092773,1.4251692295074463,1.5799521207809448,1.3897711038589478,1.7536381483078003,1.7255597114562988,1.5780991315841675,1.6613128185272217,1.3199926614761353,1.3236193656921387,1.0142302513122559,1.1600940227508545,1.0429376363754272,1.2546424865722656,1.335018277168274
A5,1.2151753902435303,0.9065572023391724,0.5917306542396545,0.40009093284606934,0.0,0.39174896478652954,0.6939255595207214,0.7438242435455322,0.8466904759407043,0.9144593477249146,1.0637903213500977,1.39597487449646,1.5328274965286255,1.9153614044189453,2.0278425216674805,2.369349718093872,2.7161173820495605,2.74592661857605,2.9687929153442383,3.2359962463378906,3.2535667419433594,2.9631454944610596,2.6190168857574463,2.4744162559509277,2.3565409183502197,2.4677538871765137,2.2469027042388916,2.5700840950012207,2.5078086853027344,2.871314525604248,2.0994904041290283,2.3741087913513184,2.6678762435913086,2.7621240615844727,3.1506295204162598,3.258047103881836,3.108273506164551,2.9292795658111572,2.5919442176818848,2.3558802604675293,2.1301302909851074,1.8006223440170288,1.7552061080932617,1.4234192371368408,1.6057254076004028,1.931957483291626,2.1602046489715576,2.003274917602539,2.2283530235290527,2.334376811981201,2.346191167831421,2.1360883712768555,1.7680487632751465,1.8296679258346558,1.7704120874404907,2.0803284645080566,2.007730722427368,2.3853495121002197,2.4692869186401367,2.805206537246704,1.8466962575912476,1.7629467248916626,1.94416344165802,1.744038701057434,2.0908284187316895,2.0624008178710938,1.9367059469223022,2.048488140106201,1.7148154973983765,1.7176545858383179,1.391676425933838,1.5034170150756836,1.3192790746688843,1.4655100107192993,1.4722168445587158
A6,1.4593251943588257,1.1877986192703247,0.8704026341438293,0.5919185280799866,0.39174896478652954,0.0,0.4020128548145294,0.626012921333313,0.7880685329437256,1.0139577388763428,1.1879920959472656,1.5544978380203247,1.7176971435546875,2.1010875701904297,2.24113392829895,2.5082383155822754,2.8304131031036377,2.820204496383667,3.00762677192688,3.2633583545684814,3.2332653999328613,2.9190869331359863,2.5751914978027344,2.456291675567627,2.399458885192871,2.5385849475860596,2.369774103164673,2.714716672897339,2.6985924243927,3.0703341960906982,2.2847869396209717,2.541578769683838,2.8098561763763428,2.8612005710601807,3.2525765895843506,3.3165183067321777,3.1367785930633545,2.980497121810913,2.6360089778900146,2.44950795173645,2.22410249710083,1.9358798265457153,1.9093536138534546,1.6241203546524048,1.8265492916107178,1.8341518640518188,2.066089153289795,1.9226818084716797,2.1967763900756836,2.2795979976654053,2.3537490367889404,2.201996326446533,1.8227252960205078,1.8917946815490723,1.771275520324707,2.0778958797454834,1.9821478128433228,2.3405802249908447,2.407177686691284,2.716921091079712,1.7573236227035522,1.6571794748306274,1.8931176662445068,1.7245376110076904,2.0666069984436035,2.108690023422241,2.0474774837493896,2.1458024978637695,1.812525749206543,1.7483712434768677,1.3826020956039429,1.4605417251586914,1.1894443035125732,1.3151741027832031,1.2283865213394165
A7,1.4301204681396484,1.2413740158081055,0.9420078992843628,0.6973209977149963,0.6939255595207214,0.4020128548145294,0.0,0.3789363503456116,0.5329617857933044,0.8726363182067871,1.0873571634292603,1.4421981573104858,1.6600701808929443,2.0203440189361572,2.215369701385498,2.347682237625122,2.6432337760925293,2.6164162158966064,2.7625062465667725,3.0251951217651367,2.960498809814453,2.6240971088409424,2.2981460094451904,2.1740331649780273,2.163555145263672,2.3022170066833496,2.1783084869384766,2.530989646911621,2.556748151779175,2.9323558807373047,2.14310884475708,2.3777413368225098,2.612846851348877,2.626363515853882,3.014277458190918,3.040703058242798,2.8388729095458984,2.703038454055786,2.356302499771118,2.214218854904175,1.9960846900939941,1.7546160221099854,1.7601808309555054,1.542372703552246,1.783927321434021,1.4739402532577515,1.7120914459228516,1.5987727642059326,1.905363917350769,2.0043530464172363,2.1315758228302,2.0143425464630127,1.6355839967727661,1.6728395223617554,1.4905072450637817,1.7766871452331543,1.6635867357254028,2.0038185119628906,2.0684049129486084,2.3585188388824463,1.4540462493896484,1.3964751958847046,1.6879678964614868,1.5947579145431519,1.958052158355713,2.064239978790283,2.016723871231079,2.052384853363037,1.7092132568359375,1.5634596347808838,1.1754945516586304,1.174938678741455,0.8511630892753601,0.9382753968238831,0.8264222741127014
A8,1.2062652111053467,1.0933743715286255,0.7741961479187012,0.6921610832214355,0.7438242435455322,0.626012921333313,0.3789363503456116,0.0,0.3698005974292755,0.6432819366455078,0.9634071588516235,1.2580896615982056,1.5405943393707275,1.8756357431411743,2.1108896732330322,2.1624295711517334,2.4662930965423584,2.486610174179077,2.625030279159546,2.924527645111084,2.878307819366455,2.537503957748413,2.238783121109009,2.0581321716308594,2.0215466022491455,2.1011319160461426,1.950296401977539,2.2780346870422363,2.2758684158325195,2.655036211013794,1.8259152173995972,2.036919593811035,2.2872273921966553,2.2929937839508057,2.6851320266723633,2.730224370956421,2.558279275894165,2.437255859375,2.078761100769043,1.9181302785873413,1.6669374704360962,1.4300742149353027,1.4003623723983765,1.193773865699768,1.4294553995132446,1.2513483762741089,1.454654335975647,1.3020365238189697,1.576106309890747,1.6863316297531128,1.7821294069290161,1.6426129341125488,1.2628337144851685,1.3039158582687378,1.155251145362854,1.4721245765686035,1.416024088859558,1.7769520282745361,1.9006516933441162,2.1973378658294678,1.4097274541854858,1.4430936574935913,1.7327876091003418,1.680369257926941,2.073578357696533,2.160045623779297,2.0491700172424316,2.034517288208008,1.6703344583511353,1.5112988948822021,1.1388030052185059,1.057087779045105,0.7900981903076172,0.7836650013923645,0.7995951771736145
A9,0.9926950335502625,0.91099613904953,0.7050765156745911,0.6064700484275818,0.8466904759407043,0.7880685329437256,0.5329617857933044,0.3698005974292755,0.0,0.3891856372356415,0.6407596468925476,0.9478102326393127,1.220297932624817,1.549654245376587,1.7923487424850464,1.8333321809768677,2.1315436363220215,2.133293390274048,2.2834575176239014,2.572202205657959,2.5373075008392334,2.2094826698303223,1.897001028060913,1.7249270677566528,1.6761784553527832,1.7855461835861206,1.648016333580017,1.9982056617736816,2.0323565006256104,2.4068212509155273,1.6383620500564575,1.8872965574264526,2.104677438735962,2.140498161315918,2.5240638256073,2.561882972717285,2.360788583755493,2.1993825435638428,1.8584035634994507,1.6972663402557373,1.5039297342300415,1.2522830963134766,1.31868577003479,1.146140217781067,1.4552417993545532,1.1094250679016113,1.385479211807251,1.321887493133545,1.5964994430541992,1.7889683246612549,1.8939635753631592,1.7195603847503662,1.353903889656067,1.2927583456039429,1.0895136594772339,1.3376091718673706,1.2030671834945679,1.565333366394043,1.6400054693222046,1.9642586708068848,1.0838438272476196,1.1138638257980347,1.381369948387146,1.340093731880188,1.7415785789489746,1.8303227424621582,1.712449312210083,1.6750818490982056,1.312013864517212,1.1414991617202759,0.7711665630340576,0.7183305025100708,0.5099931955337524,0.6493893265724182,0.777730405330658
A10,0.608178436756134,0.6015406250953674,0.5017831921577454,0.5999490022659302,0.9144593477249146,1.0139577388763428,0.8726363182067871,0.6432819366455078,0.3891856372356415,0.0,0.3886350393295288,0.6197539567947388,0.9250272512435913,1.2426364421844482,1.4943078756332397,1.5549805164337158,1.8838045597076416,1.9393112659454346,2.1261062622070312,2.4351985454559326,2.456979513168335,2.1596927642822266,1.8576141595840454,1.6447688341140747,1.5137276649475098,1.577819585800171,1.3731849193572998,1.7053115367889404,1.6969767808914185,2.0712389945983887,1.30614173412323,1.587857723236084,1.8262053728103638,1.9155876636505127,2.2965469360351562,2.381458044052124,2.2113218307495117,2.0174145698547363,1.6866346597671509,1.4608433246612549,1.2763975858688354,0.9630933403968811,1.0470679998397827,0.8497533202171326,1.190766453742981,1.1787385940551758,1.441265344619751,1.3793467283248901,1.5797309875488281,1.817484736442566,1.8544926643371582,1.608345866203308,1.2665364742279053,1.1560977697372437,1.0230175256729126,1.250357985496521,1.1420913934707642,1.5220648050308228,1.6180152893066406,1.9716233015060425,1.14290452003479,1.2119672298431396,1.3968180418014526,1.3422907590866089,1.746483325958252,1.7669973373413086,1.5678863525390625,1.5089126825332642,1.138296127319336,1.0326412916183472,0.7444067597389221,0.7248728275299072,0.7267895340919495,0.8697177171707153,1.1062676906585693
A11,0.5470090508460999,0.518957793712616,0.6491547226905823,0.6720527410507202,1.0637903213500977,1.1879920959472656,1.0873571634292603,0.9634071588516235,0.6407596468925476,0.3886350393295288,0.0,0.39038723707199097,0.5825589895248413,0.9351863861083984,1.1533002853393555,1.325517177581787,1.6591237783432007,1.6848254203796387,1.9168823957443237,2.1924819946289062,2.2460579872131348,1.9872618913650513,1.6573991775512695,1.48298180103302,1.3092379570007324,1.434213399887085,1.2323286533355713,1.588623046875,1.6151686906814575,1.9686610698699951,1.3377737998962402,1.6701146364212036,1.8679320812225342,2.01013445854187,2.366464138031006,2.451876640319824,2.2559945583343506,2.0069198608398438,1.7191386222839355,1.4877996444702148,1.397605299949646,1.0737814903259277,1.2536622285842896,1.0824310779571533,1.4387797117233276,1.3565973043441772,1.6649858951568604,1.6737624406814575,1.8691580295562744,2.1466355323791504,2.1873667240142822,1.9237613677978516,1.6068260669708252,1.4436523914337158,1.2907904386520386,1.4315999746322632,1.244470238685608,1.5904937982559204,1.60563325881958,1.9792195558547974,1.0343196392059326,1.039266586303711,1.1278722286224365,1.0290697813034058,1.419756531715393,1.4018796682357788,1.1817466020584106,1.1333897113800049,0.7646747827529907,0.7338466644287109,0.5217790603637695,0.6833431720733643,0.8114174008369446,1.076895833015442,1.3160139322280884
A12,0.42797037959098816,0.6428781151771545,0.8821380138397217,1.021506428718567,1.39597487449646,1.5544978380203247,1.4421981573104858,1.2580896615982056,0.9478102326393127,0.6197539567947388,0.39038723707199097,0.0,0.38968774676322937,0.6297591924667358,0.9244762063026428,0.9761815667152405,1.3293962478637695,1.4172335863113403,1.6644656658172607,1.966963529586792,2.0682644844055176,1.84022855758667,1.5512757301330566,1.3269696235656738,1.077367901802063,1.1356030702590942,0.878007173538208,1.2159593105316162,1.2326246500015259,1.58059561252594,1.012184500694275,1.365360975265503,1.5396950244903564,1.725372076034546,2.0607337951660156,2.17160964012146,1.9958945512771606,1.718632698059082,1.45990788936615,1.1909505128860474,1.1571706533432007,0.8315174579620361,1.0821118354797363,0.988675594329834,1.350959062576294,1.367003083229065,1.648425817489624,1.6877195835113525,1.8185434341430664,2.1396079063415527,2.146946668624878,1.8504756689071655,1.588202953338623,1.3610808849334717,1.2455636262893677,1.311672568321228,1.141535758972168,1.4594141244888306,1.487572193145752,1.8667101860046387,1.0949430465698242,1.1838797330856323,1.2044557332992554,1.1693600416183472,1.5282279253005981,1.4782226085662842,1.186842441558838,1.0475698709487915,0.7139883041381836,0.7140811681747437,0.6897979974746704,0.7715044021606445,1.0341283082962036,1.2432024478912354,1.5508849620819092
A13,0.6296878457069397,0.7307741641998291,1.0650074481964111,1.1513690948486328,1.5328274965286255,1.7176971435546875,1.6600701808929443,1.5405943393707275,1.220297932624817,0.9250272512435913,0.5825589895248413,0.38968774676322937,0.0,0.39258813858032227,0.573862612247467,0.9319770932197571,1.2819736003875732,1.340657353401184,1.6523739099502563,1.8990463018417358,2.048431158065796,1.8802626132965088,1.5714974403381348,1.4102474451065063,1.1174458265304565,1.237772822380066,0.9908305406570435,1.3063457012176514,1.3332637548446655,1.629847526550293,1.2495979070663452,1.621078610420227,1.7663155794143677,1.998680830001831,2.300760507583618,2.421064615249634,2.2382571697235107,1.9219868183135986,1.717024326324463,1.4517782926559448,1.4843050241470337,1.1697032451629639,1.4256806373596191,1.311024785041809,1.6476598978042603,1.7085330486297607,2.009193181991577,2.070286989212036,2.203214645385742,2.528888702392578,2.530576229095459,2.2231643199920654,1.9668134450912476,1.7424310445785522,1.6320295333862305,1.67177414894104,1.4692864418029785,1.7488137483596802,1.7118583917617798,2.089543581008911,1.2474033832550049,1.2493585348129272,1.1526724100112915,1.042189359664917,1.3389780521392822,1.2038365602493286,0.8602225184440613,0.7625297904014587,0.4873937666416168,0.6965236067771912,0.802562952041626,1.0195963382720947,1.2889913320541382,1.5611085891723633,1.8389307260513306
A14,0.8785033226013184,1.0735805034637451,1.4164118766784668,1.536767840385437,1.9153614044189453,2.1010875701904297,2.0203440189361572,1.8756357431411743,1.549654245376587,1.2426364421844482,0.9351863861083984,0.6297591924667358,0.39258813858032227,0.0,0.3822783827781677,0.6066350340843201,0.9520136117935181,1.0617786645889282,1.4017066955566406,1.6457844972610474,1.8543291091918945,1.7435814142227173,1.4872854948043823,1.31329345703125,0.9570431709289551,1.030133605003357,0.7757517099380493,1.0320385694503784,1.0864754915237427,1.329337477684021,1.1661173105239868,1.5237528085708618,1.6033961772918701,1.8748005628585815,2.127718448638916,2.2570302486419678,2.0841777324676514,1.7368849515914917,1.598476767539978,1.336867094039917,1.4601541757583618,1.202430009841919,1.504220962524414,1.470696210861206,1.7899360656738281,1.8318986892700195,2.1109302043914795,2.2114975452423096,2.3006751537323,2.6571106910705566,2.6461734771728516,2.329580068588257,2.123985528945923,1.8551799058914185,1.759182095527649,1.7215133905410767,1.5221593379974365,1.7388062477111816,1.6828317642211914,2.043487787246704,1.3773993253707886,1.4291530847549438,1.2711431980133057,1.2316757440567017,1.4623650312423706,1.3137832880020142,0.9451480507850647,0.7380703687667847,0.621127724647522,0.8242499828338623,1.0576364994049072,1.2169169187545776,1.549562931060791,1.7922369241714478,2.1034064292907715
A15,1.0911328792572021,1.19696843624115,1.5723742246627808,1.665844440460205,2.0278425216674805,2.24113392829895,2.215369701385498,2.1108896732330322,1.7923487424850464,1.4943078756332397,1.1533002853393555,0.9244762063026428,0.573862612247467,0.3822783827781677,0.0,0.8841886520385742,1.1704795360565186,1.2477772235870361,1.6216529607772827,1.7975058555603027,2.0421650409698486,1.9837298393249512,1.7170652151107788,1.6030948162078857,1.2534000873565674,1.3611453771591187,1.129109263420105,1.332640290260315,1.355615258216858,1.5391459465026855,1.4826245307922363,1.8416686058044434,1.9275939464569092,2.2233433723449707,2.4579110145568848,2.602997064590454,2.43880033493042,2.081345319747925,1.9679592847824097,1.7042114734649658,1.8278535604476929,1.55355703830719,1.8252453804016113,1.744969367980957,2.04008412361145,2.1916913986206055,2.4816155433654785,2.5725691318511963,2.6678335666656494,3.0149707794189453,2.9912400245666504,2.662097215652466,2.4484214782714844,2.2005414962768555,2.1190805435180664,2.0999770164489746,1.8968136310577393,2.1120336055755615,2.03145432472229,2.387385129928589,1.6554760932922363,1.6363229751586914,1.4178259372711182,1.2990347146987915,1.4529328346252441,1.2085996866226196,0.8082842230796814,0.7136126756668091,0.7281420826911926,1.0491688251495361,1.2904618978500366,1.5213470458984375,1.8258203268051147,2.1044161319732666,2.3885416984558105
B1,1.2772209644317627,1.561192274093628,1.8488050699234009,1.9865401983261108,2.369349718093872,2.5082383155822754,2.347682237625122,2.1624295711517334,1.8333321809768677,1.5549805164337158,1.325517177581787,0.9761815667152405,0.9319770932197571,0.6066350340843201,0.8841886520385742,0.0,0.3776950240135193,0.6186140775680542,0.9015586972236633,1.2068992853164673,1.4402717351913452,1.363419532775879,1.2283856868743896,0.9954615235328674,0.6106758117675781,0.5333237051963806,0.38433438539505005,0.5499060750007629,0.7939316034317017,0.967016875743866,1.0689442157745361,1.3333876132965088,1.265535831451416,1.5216494798660278,1.7023531198501587,1.7902791500091553,1.601014494895935,1.2278412580490112,1.1888786554336548,1.0052458047866821,1.2717176675796509,1.174124836921692,1.5360682010650635,1.653369426727295,1.9612584114074707,1.7344120740890503,1.9666262865066528,2.140988349914551,2.1810784339904785,2.5746848583221436,2.5843169689178467,2.299003839492798,2.166229724884033,1.8352326154708862,1.7188271284103394,1.5506772994995117,1.3531126976013184,1.4450366497039795,1.3698115348815918,1.6798728704452515,1.3837541341781616,1.551070213317871,1.404194712638855,1.5213890075683594,1.7194900512695312,1.665146827697754,1.3641918897628784,1.032037377357483,0.9981111288070679,1.0118467807769775,1.303720474243164,1.3189517259597778,1.7063989639282227,1.8720506429672241,2.2209959030151367
B2,1.6491167545318604,1.9307847023010254,2.2088406085968018,2.3284361362457275,2.7161173820495605,2.8304131031036377,2.6432337760925293,2.4662930965423584,2.1315436363220215,1.8838045597076416,1.6591237783432007,1.3293962478637695,1.2819736003875732,0.9520136117935181,1.1704795360565186,0.3776950240135193,0.0,0.38458696007728577,0.6093547940254211,0.9006673693656921,1.1765378713607788,1.1769912242889404,1.1396347284317017,0.9430158138275146,0.6208574175834656,0.5227733850479126,0.6136655211448669,0.6269570589065552,0.9644690155982971,1.022276520729065,1.3299686908721924,1.5257302522659302,1.3641951084136963,1.5896166563034058,1.6958446502685547,1.734204888343811,1.5217481851577759,1.140520691871643,1.210984706878662,1.1303083896636963,1.4631396532058716,1.4505691528320312,1.8192431926727295,1.9820761680603027,2.2821195125579834,1.8847793340682983,2.0987167358398438,2.3211169242858887,2.349647283554077,2.7542054653167725,2.7860445976257324,2.5276641845703125,2.42519211769104,2.076235771179199,1.9384254217147827,1.707704782485962,1.4972398281097412,1.492374062538147,1.363754153251648,1.6123112440109253,1.519185185432434,1.7019811868667603,1.5292307138442993,1.7040202617645264,1.8443577289581299,1.8236417770385742,1.5694936513900757,1.208809733390808,1.2541781663894653,1.2301911115646362,1.5548365116119385,1.5441194772720337,1.937035083770752,2.0865657329559326,2.4307773113250732
B3,1.792656421661377,2.0253829956054688,2.2912325859069824,2.3487868309020996,2.74592661857605,2.820204496383667,2.6164162158966064,2.486610174179077,2.133293390274048,1.9393112659454346,1.6848254203796387,1.4172335863113403,1.340657353401184,1.0617786645889282,1.2477772235870361,0.6186140775680542,0.38458696007728577,0.0,0.3854260742664337,0.5977345705032349,0.8613105416297913,0.8913456797599792,0.83370041847229,0.7447044849395752,0.507134735584259,0.6406105160713196,0.8511385321617126,0.9728492498397827,1.3244248628616333,1.4062448740005493,1.6222840547561646,1.8336222171783447,1.6790043115615845,1.8577746152877808,1.9759156703948975,1.9547653198242188,1.6814783811569214,1.3170465230941772,1.3780368566513062,1.362471580505371,1.6798776388168335,1.661555290222168,2.0436995029449463,2.1845033168792725,2.514075994491577,1.890358328819275,2.142709255218506,2.400254011154175,2.48046612739563,2.882932186126709,2.9622461795806885,2.7310640811920166,2.596036911010742,2.251619815826416,2.054596185684204,1.822076678276062,1.5443997383117676,1.5144356489181519,1.29175865650177,1.5248011350631714,1.3642686605453491,1.5072091817855835,1.2924127578735352,1.5051743984222412,1.5904942750930786,1.6189918518066406,1.4372302293777466,1.0617163181304932,1.1676280498504639,1.1109189987182617,1.469353199005127,1.4891903400421143,1.8714473247528076,2.05623722076416,2.3678436279296875
B4,2.0482614040374756,2.296719789505005,2.5254580974578857,2.5777740478515625,2.9687929153442383,3.00762677192688,2.7625062465667725,2.625030279159546,2.2834575176239014,2.1261062622070312,1.9168823957443237,1.6644656658172607,1.6523739099502563,1.4017066955566406,1.6216529607772827,0.9015586972236633,0.6093547940254211,0.3854260742664337,0.0,0.4045441746711731,0.5819879770278931,0.6307412385940552,0.7451974749565125,0.6627849340438843,0.6147107481956482,0.6804785132408142,1.0146485567092896,1.0879652500152588,1.4797285795211792,1.539162516593933,1.7658038139343262,1.9147789478302002,1.7023993730545044,1.8141045570373535,1.8899797201156616,1.7986106872558594,1.4899659156799316,1.1608986854553223,1.2848414182662964,1.3768761157989502,1.7176724672317505,1.780813455581665,2.161099910736084,2.351870536804199,2.675767183303833,1.8511677980422974,2.06929612159729,2.368504285812378,2.4397263526916504,2.8426406383514404,2.9535181522369385,2.7634758949279785,2.656538963317871,2.3017494678497314,2.0803325176239014,1.7947903871536255,1.5195552110671997,1.3937729597091675,1.1376416683197021,1.2873636484146118,1.412969708442688,1.606987714767456,1.4431917667388916,1.7226779460906982,1.8053358793258667,1.9004414081573486,1.7652595043182373,1.3881580829620361,1.466347336769104,1.3262907266616821,1.6490293741226196,1.5948868989944458,1.9615919589996338,2.095557451248169,2.4003472328186035
B5,2.3621506690979004,2.5791945457458496,2.821756601333618,2.8402254581451416,3.2359962463378906,3.2633583545684814,3.0251951217651367,2.924527645111084,2.572202205657959,2.4351985454559326,2.1924819946289062,1.966963529586792,1.8990463018417358,1.6457844972610474,1.7975058555603027,1.2068992853164673,0.9006673693656921,0.5977345705032349,0.4045441746711731,0.0,0.4009416997432709,0.687726616859436,0.8410214185714722,0.9268742203712463,0.9360640048980713,1.0758404731750488,1.3869823217391968,1.4548057317733765,1.8353099822998047,1.8581799268722534,2.150193452835083,2.3100059032440186,2.093390464782715,2.2088558673858643,2.260641098022461,2.153857946395874,1.8421558141708374,1.5336099863052368,1.6799461841583252,1.781216025352478,2.1199522018432617,2.1684823036193848,2.5512592792510986,2.7229013442993164,3.0545170307159424,2.1837120056152344,2.4169962406158447,2.7297017574310303,2.820342540740967,3.2195191383361816,3.3456172943115234,3.161659002304077,3.044079065322876,2.693265676498413,2.457209825515747,2.1772587299346924,1.8813759088516235,1.7443567514419556,1.4437565803527832,1.5475994348526,1.6352592706680298,1.7658251523971558,1.5451442003250122,1.8193918466567993,1.8115508556365967,1.913848638534546,1.8363151550292969,1.4810917377471924,1.6412534713745117,1.5359349250793457,1.882444977760315,1.8769127130508423,2.2275750637054443,2.3933637142181396,2.6687939167022705
B6,2.481550693511963,2.6832222938537598,2.8816897869110107,2.867994785308838,3.2535667419433594,3.2332653999328613,2.960498809814453,2.878307819366455,2.5373075008392334,2.456979513168335,2.2460579872131348,2.0682644844055176,2.048431158065796,1.8543291091918945,2.0421650409698486,1.4402717351913452,1.1765378713607788,0.8613105416297913,0.5819879770278931,0.4009416997432709,0.0,0.3989212214946747,0.6718324422836304,0.8376057147979736,1.0101772546768188,1.186344027519226,1.5444906949996948,1.6579909324645996,2.0527358055114746,2.117274761199951,2.293907403945923,2.4363749027252197,2.2204205989837646,2.2735931873321533,2.3392081260681152,2.1742172241210938,1.8205528259277344,1.5639625787734985,1.6871365308761597,1.852843999862671,2.1665079593658447,2.24421763420105,2.6211981773376465,2.802469491958618,3.143467903137207,2.0543134212493896,2.2830593585968018,2.6238467693328857,2.7432897090911865,3.1285390853881836,3.299957752227783,3.1588001251220703,3.0339195728302,2.6917054653167725,2.4142696857452393,2.1245384216308594,1.80771803855896,1.626051902770996,1.279588222503662,1.317914366722107,1.5165624618530273,1.658835768699646,1.4911742210388184,1.8181134462356567,1.81456458568573,1.9965360164642334,1.9777135848999023,1.6317918300628662,1.7504420280456543,1.5677952766418457,1.8691272735595703,1.82236909866333,2.134889602661133,2.2759249210357666,2.518479824066162
B7,2.2554237842559814,2.452181100845337,2.6105732917785645,2.589233875274658,2.9631454944610596,2.9190869331359863,2.6240971088409424,2.537503957748413,2.2094826698303223,2.1596927642822266,1.9872618913650513,1.84022855758667,1.8802626132965088,1.7435814142227173,1.9837298393249512,1.363419532775879,1.1769912242889404,0.8913456797599792,0.6307412385940552,0.687726616859436,0.3989212214946747,0.0,0.3947906494140625,0.5266980528831482,0.8198519349098206,1.0176540613174438,1.3843876123428345,1.5579696893692017,1.946420669555664,2.0745291709899902,2.0970277786254883,2.23775315284729,2.0513670444488525,2.0674264430999756,2.1813578605651855,2.002938747406006,1.625164270401001,1.3902881145477295,1.4430679082870483,1.6262166500091553,1.9007258415222168,1.9841901063919067,2.350508451461792,2.531435012817383,2.8767971992492676,1.6741352081298828,1.909556269645691,2.2547388076782227,2.396900177001953,2.7728729248046875,2.965275287628174,2.8437085151672363,2.7053329944610596,2.3740851879119873,2.0724411010742188,1.7912758588790894,1.4588309526443481,1.2773799896240234,0.9089385271072388,0.9666825532913208,1.1747139692306519,1.3624117374420166,1.2717788219451904,1.6309642791748047,1.6981546878814697,1.9200375080108643,1.899999737739563,1.555477499961853,1.5936570167541504,1.340080738067627,1.5886266231536865,1.4920798540115356,1.7845180034637451,1.900575876235962,2.137472629547119
B8,1.9765704870224,2.1341593265533447,2.2925450801849365,2.242603302001953,2.6190168857574463,2.5751914978027344,2.2981460094451904,2.238783121109009,1.897001028060913,1.8576141595840454,1.6573991775512695,1.5512757301330566,1.5714974403381348,1.4872854948043823,1.7170652151107788,1.2283856868743896,1.1396347284317017,0.83370041847229,0.7451974749565125,0.8410214185714722,0.6718324422836304,0.3947906494140625,0.0,0.3691752552986145,0.6469216346740723,0.9654684066772461,1.2671005725860596,1.5245991945266724,1.8836802244186401,2.0639278888702393,1.9793243408203125,2.1754543781280518,2.053034782409668,2.1010854244232178,2.2768688201904297,2.1444501876831055,1.777020812034607,1.5124571323394775,1.4791127443313599,1.5873152017593384,1.817677617073059,1.828540325164795,2.1941301822662354,2.3217926025390625,2.684441089630127,1.534892201423645,1.8287405967712402,2.1425838470458984,2.3242239952087402,2.69433331489563,2.8809237480163574,2.7373476028442383,2.553102970123291,2.239223003387451,1.9276342391967773,1.7054893970489502,1.33766508102417,1.258737564086914,0.8952116370201111,1.077497124671936,0.8536210656166077,0.9925695061683655,0.8774553537368774,1.2373478412628174,1.3244540691375732,1.5563585758209229,1.5492119789123535,1.2236636877059937,1.2424023151397705,0.9785559773445129,1.2310349941253662,1.1894761323928833,1.4811465740203857,1.6577829122543335,1.8846073150634766
B9,1.7376331090927124,1.9426475763320923,2.095806121826172,2.09906268119812,2.4744162559509277,2.456291675567627,2.1740331649780273,2.0581321716308594,1.7249270677566528,1.6447688341140747,1.48298180103302,1.3269696235656738,1.4102474451065063,1.31329345703125,1.6030948162078857,0.9954615235328674,0.9430158138275146,0.7447044849395752,0.6627849340438843,0.9268742203712463,0.8376057147979736,0.5266980528831482,0.3691752552986145,0.0,0.3891129493713379,0.6397504210472107,0.9514492750167847,1.2111903429031372,1.5651341676712036,1.7666001319885254,1.6360827684402466,1.814657211303711,1.6923604011535645,1.7357301712036133,1.9261575937271118,1.8109489679336548,1.455640196800232,1.1806230545043945,1.1183420419692993,1.2196471691131592,1.4548124074935913,1.488608956336975,1.8560649156570435,2.014136552810669,2.366400957107544,1.2784945964813232,1.5525318384170532,1.857545256614685,2.006685733795166,2.3899548053741455,2.553553581237793,2.398141384124756,2.2337987422943115,1.90619695186615,1.6133167743682861,1.3706940412521362,1.020196795463562,0.9472416043281555,0.628917396068573,0.8879159688949585,0.775665283203125,1.0256203413009644,0.9830951690673828,1.3167458772659302,1.4946025609970093,1.6789131164550781,1.5900793075561523,1.243212103843689,1.1850075721740723,0.8975366353988647,1.126819133758545,1.0091170072555542,1.3425650596618652,1.4719737768173218,1.753324031829834
B10,1.479321002960205,1.7115764617919922,1.9194741249084473,1.967947006225586,2.3565409183502197,2.399458885192871,2.163555145263672,2.0215466022491455,1.6761784553527832,1.5137276649475098,1.3092379570007324,1.077367901802063,1.1174458265304565,0.9570431709289551,1.2534000873565674,0.6106758117675781,0.6208574175834656,0.507134735584259,0.6147107481956482,0.9360640048980713,1.0101772546768188,0.8198519349098206,0.6469216346740723,0.3891129493713379,0.0,0.39109697937965393,0.6268939971923828,0.9087477326393127,1.2468438148498535,1.450713872909546,1.370487093925476,1.591785192489624,1.491734504699707,1.6156108379364014,1.8151848316192627,1.7770861387252808,1.4750479459762573,1.139035940170288,1.073197841644287,1.0595782995224,1.317028522491455,1.292680263519287,1.6752958297729492,1.8149052858352661,2.1635069847106934,1.3931255340576172,1.6661627292633057,1.9193592071533203,2.0327301025390625,2.4273293018341064,2.532336711883545,2.3212380409240723,2.15859317779541,1.8231847286224365,1.5879656076431274,1.3739030361175537,1.0638641119003296,1.0812073945999146,0.8748944401741028,1.1815450191497803,0.9102342128753662,1.123220443725586,1.0172412395477295,1.2684721946716309,1.4654585123062134,1.5571938753128052,1.3834254741668701,1.018172264099121,0.9631910920143127,0.7675893306732178,1.0606603622436523,1.007645845413208,1.3903182744979858,1.5524425506591797,1.870642900466919
B11,1.4757965803146362,1.773681402206421,1.9768931865692139,2.0939176082611084,2.4677538871765137,2.5385849475860596,2.3022170066833496,2.1011319160461426,1.7855461835861206,1.577819585800171,1.434213399887085,1.1356030702590942,1.237772822380066,1.030133605003357,1.3611453771591187,0.5333237051963806,0.5227733850479126,0.6406105160713196,0.6804785132408142,1.0758404731750488,1.186344027519226,1.0176540613174438,0.9654684066772461,0.6397504210472107,0.39109697937965393,0.0,0.39136794209480286,0.5725278854370117,0.9391235113143921,1.1302131414413452,1.1075973510742188,1.273384928703308,1.1246455907821655,1.2578563690185547,1.4353559017181396,1.4219496250152588,1.1568771600723267,0.7966592311859131,0.7610253095626831,0.735610842704773,1.055873155593872,1.1027178764343262,1.481542706489563,1.686614990234375,2.001352310180664,1.3778777122497559,1.5797600746154785,1.8183984756469727,1.8605595827102661,2.2663910388946533,2.333925247192383,2.111557960510254,2.004240036010742,1.648274540901184,1.4677249193191528,1.209625244140625,0.9868806004524231,0.9727256894111633,0.8836529850959778,1.163568377494812,1.1688586473464966,1.4378905296325684,1.382277011871338,1.6119515895843506,1.8364511728286743,1.895955204963684,1.6719489097595215,1.3134117126464844,1.2266497611999512,1.0592411756515503,1.295945167541504,1.1708338260650635,1.5516178607940674,1.6381381750106812,1.9921272993087769
B12,1.1568230390548706,1.4843848943710327,1.7133833169937134,1.8818385601043701,2.2469027042388916,2.369774103164673,2.1783084869384766,1.950296401977539,1.648016333580017,1.3731849193572998,1.2323286533355713,0.878007173538208,0.9908305406570435,0.7757517099380493,1.129109263420105,0.38433438539505005,0.6136655211448669,0.8511385321617126,1.0146485567092896,1.3869823217391968,1.5444906949996948,1.3843876123428345,1.2671005725860596,0.9514492750167847,0.6268939971923828,0.39136794209480286,0.0,0.3912929594516754,0.6396220326423645,0.9134930372238159,0.7781863808631897,1.0166183710098267,0.9592229127883911,1.1790817975997925,1.4067884683609009,1.4930696487426758,1.3110674619674683,0.9635679125785828,0.8489928841590881,0.6310096383094788,0.8919966220855713,0.8376810550689697,1.2104145288467407,1.383487582206726,1.688427209854126,1.4256343841552734,1.6228852272033691,1.7858449220657349,1.8045860528945923,2.199967384338379,2.2091221809387207,1.9342713356018066,1.8178786039352417,1.4751532077789307,1.3648388385772705,1.1821194887161255,1.0271871089935303,1.1358921527862549,1.1450996398925781,1.4624066352844238,1.27769935131073,1.5167447328567505,1.467166781425476,1.6150729656219482,1.8782986402511597,1.8714748620986938,1.5837284326553345,1.2646549940109253,1.1259392499923706,1.0388137102127075,1.239395022392273,1.1509621143341064,1.5263320207595825,1.6232191324234009,1.992348551750183
B13,1.4217430353164673,1.7748627662658691,2.0118963718414307,2.219029664993286,2.5700840950012207,2.714716672897339,2.530989646911621,2.2780346870422363,1.9982056617736816,1.7053115367889404,1.588623046875,1.2159593105316162,1.3063457012176514,1.0320385694503784,1.332640290260315,0.5499060750007629,0.6269570589065552,0.9728492498397827,1.0879652500152588,1.4548057317733765,1.6579909324645996,1.5579696893692017,1.5245991945266724,1.2111903429031372,0.9087477326393127,0.5725278854370117,0.3912929594516754,0.0,0.399633526802063,0.564353346824646,0.779303252696991,0.9145382642745972,0.7538976073265076,1.0327078104019165,1.1725761890411377,1.3073413372039795,1.1997538805007935,0.8495534062385559,0.8531860113143921,0.6439244747161865,0.9665266871452332,0.9996721744537354,1.3250974416732788,1.5506923198699951,1.79654860496521,1.689110279083252,1.8221869468688965,1.9790548086166382,1.927278757095337,2.3216869831085205,2.2906441688537598,2.008751392364502,1.9622443914413452,1.6141834259033203,1.5690840482711792,1.350076675415039,1.2760999202728271,1.317211627960205,1.3636387586593628,1.6208399534225464,1.6450294256210327,1.897424340248108,1.8338161706924438,1.985912799835205,2.224109411239624,2.195162296295166,1.890062928199768,1.5680665969848633,1.475486397743225,1.420674443244934,1.6300978660583496,1.5273483991622925,1.8946895599365234,1.9538553953170776,2.330970525741577
