0.000000000000000000e+00,3.710412979125976562e-01,5.790766477584838867e-01,8.560047745704650879e-01,1.154901742935180664e+00,1.442971587181091309e+00,1.587060332298278809e+00,1.296828389167785645e+00,1.297263503074645996e+00,1.020519018173217773e+00,1.220962166786193848e+00,1.169332623481750488e+00,1.383880496025085449e+00,1.541448712348937988e+00,1.658772706985473633e+00,1.881889104843139648e+00,1.636478066444396973e+00,1.719167590141296387e+00,1.402957320213317871e+00,1.605299353599548340e+00,1.653080821037292480e+00,1.350309610366821289e+00,1.080098986625671387e+00,7.857969403266906738e-01,8.205198645591735840e-01,6.192544698715209961e-01,9.513218402862548828e-01,1.000989437103271484e+00,1.363291263580322266e+00,1.516666054725646973e+00,2.147971391677856445e+00,1.937315940856933594e+00,1.934249281883239746e+00,1.564914345741271973e+00,1.685225009918212891e+00,1.623616456985473633e+00,1.260736465454101562e+00,1.134822368621826172e+00,8.458189964294433594e-01,1.059313416481018066e+00,9.774479269981384277e-01,1.281330108642578125e+00,1.410758137702941895e+00,1.717556118965148926e+00,1.953238487243652344e+00,1.634482741355895996e+00,1.751230597496032715e+00,1.618977785110473633e+00,1.569491624832153320e+00,1.722076058387756348e+00,1.615936756134033203e+00,1.725585818290710449e+00,1.735333919525146484e+00,1.661703467369079590e+00,1.565997242927551270e+00,1.802771449089050293e+00,1.704120039939880371e+00,2.057428836822509766e+00,2.100030422210693359e+00,2.450274705886840820e+00,1.919962167739868164e+00,2.093822717666625977e+00,2.030175685882568359e+00,1.942701220512390137e+00,2.152907609939575195e+00,2.039587497711181641e+00,2.026989221572875977e+00,1.998707890510559082e+00,1.843758225440979004e+00,1.718964815139770508e+00,1.867056965827941895e+00,1.691662549972534180e+00,1.999281048774719238e+00,1.961833715438842773e+00,2.299895286560058594e+00
3.710412979125976562e-01,0.000000000000000000e+00,3.671675026416778564e-01,5.849915742874145508e-01,8.863878846168518066e-01,1.214355230331420898e+00,1.327963471412658691e+00,1.010537624359130859e+00,1.051196098327636719e+00,8.428635001182556152e-01,1.071098685264587402e+00,1.136636137962341309e+00,1.352747917175292969e+00,1.591057538986206055e+00,1.711058139801025391e+00,1.988723993301391602e+00,1.746380448341369629e+00,1.754805445671081543e+00,1.397846579551696777e+00,1.549884557723999023e+00,1.511034846305847168e+00,1.167309999465942383e+00,9.865959882736206055e-01,6.927329897880554199e-01,8.629204630851745605e-01,7.727713584899902344e-01,1.104806780815124512e+00,1.234961986541748047e+00,1.573299527168273926e+00,1.779431104660034180e+00,2.245192050933837891e+00,2.056380748748779297e+00,1.996231913566589355e+00,1.617745399475097656e+00,1.695462346076965332e+00,1.551050066947937012e+00,1.184462904930114746e+00,1.165156841278076172e+00,9.234365820884704590e-01,1.187842369079589844e+00,1.192675471305847168e+00,1.464558124542236328e+00,1.654004693031311035e+00,1.932576894760131836e+00,2.207854747772216797e+00,1.423187017440795898e+00,1.548849821090698242e+00,1.376169085502624512e+00,1.384654521942138672e+00,1.505497813224792480e+00,1.431716799736022949e+00,1.616648912429809570e+00,1.631738901138305664e+00,1.632529020309448242e+00,1.546618580818176270e+00,1.836226582527160645e+00,1.766811847686767578e+00,2.131795406341552734e+00,2.208842039108276367e+00,2.541905403137207031e+00,1.668763279914855957e+00,1.864146709442138672e+00,1.777436494827270508e+00,1.742883443832397461e+00,1.942287325859069824e+00,1.851747274398803711e+00,1.905046343803405762e+00,1.874177932739257812e+00,1.777104258537292480e+00,1.640930533409118652e+00,1.842315316200256348e+00,1.681469321250915527e+00,2.011058092117309570e+00,2.004159212112426758e+00,2.325579643249511719e+00
5.790766477584838867e-01,3.671675026416778564e-01,0.000000000000000000e+00,3.843317925930023193e-01,5.885171294212341309e-01,9.088804125785827637e-01,1.099756360054016113e+00,8.615821003913879395e-01,1.019343137741088867e+00,9.192289113998413086e-01,1.240576744079589844e+00,1.346770048141479492e+00,1.620000243186950684e+00,1.867133378982543945e+00,2.027774095535278320e+00,1.887428760528564453e+00,1.604036927223205566e+00,1.559971213340759277e+00,1.179385900497436523e+00,1.263212680816650391e+00,1.212574958801269531e+00,8.546704053878784180e-01,7.035803198814392090e-01,5.378257632255554199e-01,8.401026725769042969e-01,8.995568156242370605e-01,1.265725851058959961e+00,1.452394366264343262e+00,1.810072898864746094e+00,2.021012306213378906e+00,2.117007970809936523e+00,1.900726079940795898e+00,1.788524031639099121e+00,1.399528741836547852e+00,1.411744117736816406e+00,1.234819173812866211e+00,8.559160828590393066e-01,9.104251265525817871e-01,7.810254693031311035e-01,1.127144455909729004e+00,1.238142609596252441e+00,1.541931033134460449e+00,1.779442548751831055e+00,2.083107471466064453e+00,2.362635850906372070e+00,1.517799854278564453e+00,1.561020016670227051e+00,1.322520613670349121e+00,1.263609766960144043e+00,1.306710720062255859e+00,1.160100936889648438e+00,1.352084994316101074e+00,1.439297914505004883e+00,1.494410037994384766e+00,1.497492671012878418e+00,1.823967456817626953e+00,1.829915523529052734e+00,2.210516214370727539e+00,2.341006278991699219e+00,2.680748939514160156e+00,1.713030338287353516e+00,1.851386308670043945e+00,1.698467373847961426e+00,1.627930521965026855e+00,1.765139579772949219e+00,1.615441799163818359e+00,1.680583238601684570e+00,1.716875195503234863e+00,1.672374486923217773e+00,1.613801836967468262e+00,1.867666840553283691e+00,1.779948472976684570e+00,2.139987230300903320e+00,2.190718889236450195e+00,2.525652408599853516e+00
8.560047745704650879e-01,5.849915742874145508e-01,3.843317925930023193e-01,0.000000000000000000e+00,3.805380761623382568e-01,6.517045497894287109e-01,7.473589777946472168e-01,4.791712760925292969e-01,6.685170531272888184e-01,6.819609999656677246e-01,1.041611075401306152e+00,1.230038046836853027e+00,1.528751611709594727e+00,1.816959261894226074e+00,2.015785455703735352e+00,1.786840200424194336e+00,1.541476011276245117e+00,1.432191610336303711e+00,1.047273516654968262e+00,1.114124059677124023e+00,9.814514517784118652e-01,6.288629174232482910e-01,5.774618387222290039e-01,4.214964509010314941e-01,7.824024558067321777e-01,9.539020657539367676e-01,1.271996974945068359e+00,1.537972450256347656e+00,1.864137887954711914e+00,2.128398656845092773e+00,2.003611803054809570e+00,1.838444352149963379e+00,1.689116477966308594e+00,1.324328899383544922e+00,1.339956283569335938e+00,1.104644894599914551e+00,7.901288866996765137e-01,9.090884327888488770e-01,8.049606680870056152e-01,1.111088037490844727e+00,1.291111111640930176e+00,1.532725453376770020e+00,1.826832771301269531e+00,2.092897653579711914e+00,2.409847021102905273e+00,1.222680211067199707e+00,1.222635865211486816e+00,9.533200263977050781e-01,9.128962159156799316e-01,9.491954445838928223e-01,8.685536980628967285e-01,1.113649487495422363e+00,1.161384582519531250e+00,1.273593187332153320e+00,1.279037833213806152e+00,1.638850092887878418e+00,1.682292461395263672e+00,2.060453653335571289e+00,2.232579946517944336e+00,2.550304412841796875e+00,1.375402092933654785e+00,1.489336371421813965e+00,1.317678451538085938e+00,1.261971473693847656e+00,1.401654839515686035e+00,1.288744211196899414e+00,1.392918825149536133e+00,1.402355074882507324e+00,1.401183247566223145e+00,1.339307188987731934e+00,1.634825706481933594e+00,1.585006117820739746e+00,1.957990765571594238e+00,2.057537794113159180e+00,2.378067016601562500e+00
1.154901742935180664e+00,8.863878846168518066e-01,5.885171294212341309e-01,3.805380761623382568e-01,0.000000000000000000e+00,3.833779990673065186e-01,6.052770614624023438e-01,5.247584581375122070e-01,8.723706603050231934e-01,1.012300491333007812e+00,1.372825145721435547e+00,1.592981815338134766e+00,1.892045259475708008e+00,2.190290212631225586e+00,2.389586687088012695e+00,1.949396491050720215e+00,1.676946759223937988e+00,1.502126097679138184e+00,1.114815115928649902e+00,1.048619627952575684e+00,8.345726728439331055e-01,4.493730068206787109e-01,6.132270693778991699e-01,6.925460696220397949e-01,1.083711266517639160e+00,1.303067445755004883e+00,1.628717899322509766e+00,1.899947524070739746e+00,2.233618497848510742e+00,2.491251707077026367e+00,2.128622293472290039e+00,1.944942474365234375e+00,1.733354449272155762e+00,1.379787206649780273e+00,1.290212988853454590e+00,9.785841703414916992e-01,6.977680325508117676e-01,9.672802686691284180e-01,1.013418316841125488e+00,1.353532671928405762e+00,1.588908076286315918e+00,1.844455361366271973e+00,2.153146982192993164e+00,2.430319786071777344e+00,2.743522167205810547e+00,1.464552402496337891e+00,1.408124327659606934e+00,1.077170252799987793e+00,1.012541532516479492e+00,8.984461426734924316e-01,7.349340915679931641e-01,1.042838335037231445e+00,1.194562554359436035e+00,1.398859620094299316e+00,1.493724465370178223e+00,1.872322559356689453e+00,1.972900271415710449e+00,2.349191427230834961e+00,2.553692817687988281e+00,2.866345405578613281e+00,1.536325693130493164e+00,1.607741355895996094e+00,1.360156893730163574e+00,1.312910795211791992e+00,1.350241780281066895e+00,1.177007794380187988e+00,1.348293542861938477e+00,1.444184899330139160e+00,1.534173965454101562e+00,1.546364545822143555e+00,1.881520748138427734e+00,1.886761665344238281e+00,2.266632318496704102e+00,2.398268699645996094e+00,2.713953733444213867e+00
1.442971587181091309e+00,1.214355230331420898e+00,9.088804125785827637e-01,6.517045497894287109e-01,3.833779990673065186e-01,0.000000000000000000e+00,3.824126124382019043e-01,5.664042234420776367e-01,9.163110852241516113e-01,1.138598084449768066e+00,1.509742856025695801e+00,1.735084295272827148e+00,2.064886808395385742e+00,2.356045007705688477e+00,2.595556020736694336e+00,1.812923789024353027e+00,1.554779767990112305e+00,1.309763431549072266e+00,9.579390287399291992e-01,7.990044951438903809e-01,4.989830851554870605e-01,2.078583985567092896e-01,5.751609802246093750e-01,8.073633909225463867e-01,1.162934064865112305e+00,1.465517044067382812e+00,1.757593035697937012e+00,2.070744276046752930e+00,2.390995264053344727e+00,2.664139270782470703e+00,1.950449228286743164e+00,1.788423299789428711e+00,1.526198029518127441e+00,1.219843983650207520e+00,1.082820177078247070e+00,7.208504676818847656e-01,5.910820364952087402e-01,9.212865829467773438e-01,1.068207383155822754e+00,1.366325020790100098e+00,1.670064568519592285e+00,1.894025206565856934e+00,2.236855745315551758e+00,2.501695156097412109e+00,2.821732759475708008e+00,1.520540237426757812e+00,1.368347883224487305e+00,1.022242307662963867e+00,8.670904636383056641e-01,6.421275138854980469e-01,3.968484401702880859e-01,7.340575456619262695e-01,9.416751861572265625e-01,1.219309449195861816e+00,1.394768953323364258e+00,1.777726769447326660e+00,1.948224425315856934e+00,2.310987472534179688e+00,2.562911033630371094e+00,2.861864089965820312e+00,1.539731621742248535e+00,1.519971132278442383e+00,1.224408626556396484e+00,1.116546988487243652e+00,1.068873405456542969e+00,8.344881534576416016e-01,1.027200937271118164e+00,1.186530590057373047e+00,1.347770094871520996e+00,1.442207098007202148e+00,1.804873108863830566e+00,1.887584805488586426e+00,2.269794464111328125e+00,2.456573486328125000e+00,2.769139766693115234e+00
1.587060332298278809e+00,1.327963471412658691e+00,1.099756360054016113e+00,7.473589777946472168e-01,6.052770614624023438e-01,3.824126124382019043e-01,0.000000000000000000e+00,3.898994922637939453e-01,6.896277070045471191e-01,1.011710643768310547e+00,1.338148713111877441e+00,1.611400246620178223e+00,1.925874829292297363e+00,2.237247467041015625e+00,2.488417387008666992e+00,1.823680400848388672e+00,1.633583903312683105e+00,1.372295856475830078e+00,1.059204101562500000e+00,9.598299264907836914e-01,6.228603720664978027e-01,4.944531023502349854e-01,7.827590703964233398e-01,9.053359031677246094e-01,1.205501914024353027e+00,1.514460682868957520e+00,1.749064445495605469e+00,2.091454505920410156e+00,2.372099399566650391e+00,2.679371118545532227e+00,1.960637688636779785e+00,1.869309306144714355e+00,1.616115450859069824e+00,1.353710651397705078e+00,1.284075498580932617e+00,9.443260431289672852e-01,8.890382051467895508e-01,1.145727157592773438e+00,1.217706918716430664e+00,1.442727088928222656e+00,1.739424467086791992e+00,1.897463083267211914e+00,2.257580518722534180e+00,2.475852966308593750e+00,2.820173978805541992e+00,1.243707180023193359e+00,1.056120038032531738e+00,6.982761621475219727e-01,6.067460179328918457e-01,3.475387096405029297e-01,3.921976983547210693e-01,7.653500437736511230e-01,8.339669108390808105e-01,1.146271228790283203e+00,1.272073984146118164e+00,1.656025290489196777e+00,1.828133463859558105e+00,2.169378280639648438e+00,2.434594392776489258e+00,2.702071905136108398e+00,1.205397486686706543e+00,1.159485578536987305e+00,8.480019569396972656e-01,7.865021824836730957e-01,7.590068578720092773e-01,6.446166634559631348e-01,9.107862114906311035e-01,9.769747853279113770e-01,1.179308891296386719e+00,1.233744502067565918e+00,1.610407114028930664e+00,1.706565737724304199e+00,2.075244665145874023e+00,2.285303592681884766e+00,2.568847894668579102e+00
1.296828389167785645e+00,1.010537624359130859e+00,8.615821003913879395e-01,4.791712760925292969e-01,5.247584581375122070e-01,5.664042234420776367e-01,3.898994922637939453e-01,0.000000000000000000e+00,3.925133645534515381e-01,6.801566481590270996e-01,1.002100706100463867e+00,1.289223790168762207e+00,1.582381248474121094e+00,1.907153964042663574e+00,2.134602069854736328e+00,1.833145141601562500e+00,1.649302482604980469e+00,1.460874557495117188e+00,1.116107463836669922e+00,1.132925510406494141e+00,8.816258907318115234e-01,6.302889585494995117e-01,7.663581371307373047e-01,7.099444270133972168e-01,1.004239797592163086e+00,1.246788024902343750e+00,1.482210159301757812e+00,1.804431796073913574e+00,2.080620050430297852e+00,2.389782190322875977e+00,2.018884181976318359e+00,1.924992442131042480e+00,1.732148885726928711e+00,1.428049087524414062e+00,1.433232426643371582e+00,1.141299843788146973e+00,9.663015007972717285e-01,1.145335316658020020e+00,1.094584226608276367e+00,1.319429159164428711e+00,1.550224304199218750e+00,1.708779215812683105e+00,2.045283079147338867e+00,2.257723569869995117e+00,2.605584621429443359e+00,9.788877367973327637e-01,8.966023325920104980e-01,5.578464865684509277e-01,5.974707007408142090e-01,5.815851688385009766e-01,6.734417080879211426e-01,9.931958317756652832e-01,9.777312278747558594e-01,1.187772393226623535e+00,1.201433777809143066e+00,1.580929279327392578e+00,1.674437403678894043e+00,2.027267932891845703e+00,2.246552705764770508e+00,2.522712945938110352e+00,1.020040392875671387e+00,1.086407184600830078e+00,8.649143576622009277e-01,8.672886490821838379e-01,9.944041371345520020e-01,9.650656580924987793e-01,1.156858921051025391e+00,1.124082446098327637e+00,1.216210126876831055e+00,1.155454874038696289e+00,1.500319719314575195e+00,1.510499954223632812e+00,1.878278732299804688e+00,2.038464546203613281e+00,2.323401212692260742e+00
1.297263503074645996e+00,1.051196098327636719e+00,1.019343137741088867e+00,6.685170531272888184e-01,8.723706603050231934e-01,9.163110852241516113e-01,6.896277070045471191e-01,3.925133645534515381e-01,0.000000000000000000e+00,3.932254314422607422e-01,6.536977887153625488e-01,9.588426947593688965e-01,1.248065829277038574e+00,1.573064208030700684e+00,1.820712327957153320e+00,1.714679956436157227e+00,1.599216818809509277e+00,1.457634210586547852e+00,1.162542104721069336e+00,1.285628437995910645e+00,1.103019237518310547e+00,9.241650104522705078e-01,9.368565082550048828e-01,7.504484057426452637e-01,8.969836831092834473e-01,1.103067159652709961e+00,1.251998543739318848e+00,1.589085578918457031e+00,1.816328644752502441e+00,2.150651454925537109e+00,1.921641349792480469e+00,1.883265495300292969e+00,1.746451258659362793e+00,1.472795963287353516e+00,1.572402954101562500e+00,1.348947405815124512e+00,1.193676710128784180e+00,1.262198209762573242e+00,1.109984636306762695e+00,1.229319095611572266e+00,1.410892724990844727e+00,1.494197726249694824e+00,1.826310157775878906e+00,1.989842057228088379e+00,2.351840972900390625e+00,6.128109097480773926e-01,5.591881275177001953e-01,3.260811269283294678e-01,4.811237454414367676e-01,6.943978071212768555e-01,9.000231027603149414e-01,1.125257849693298340e+00,9.707015752792358398e-01,1.086683154106140137e+00,9.798573851585388184e-01,1.328018546104431152e+00,1.373359799385070801e+00,1.707842350006103516e+00,1.912307262420654297e+00,2.170504570007324219e+00,7.344151735305786133e-01,8.330653905868530273e-01,7.367866039276123047e-01,7.446822524070739746e-01,1.009941220283508301e+00,1.087324857711791992e+00,1.203968048095703125e+00,1.045023918151855469e+00,1.047182440757751465e+00,8.749189972877502441e-01,1.183655738830566406e+00,1.154371857643127441e+00,1.509067654609680176e+00,1.666370511054992676e+00,1.938604354858398438e+00
1.020519018173217773e+00,8.428635001182556152e-01,9.192289113998413086e-01,6.819609999656677246e-01,1.012300491333007812e+00,1.138598084449768066e+00,1.011710643768310547e+00,6.801566481590270996e-01,3.932254314422607422e-01,0.000000000000000000e+00,3.917124569416046143e-01,6.111339330673217773e-01,9.299412965774536133e-01,1.233102798461914062e+00,1.481190323829650879e+00,1.613567829132080078e+00,1.503093361854553223e+00,1.453852176666259766e+00,1.168109774589538574e+00,1.383383870124816895e+00,1.298202633857727051e+00,1.093472003936767578e+00,9.646472334861755371e-01,6.418812870979309082e-01,6.587103605270385742e-01,7.607207894325256348e-01,8.879526257514953613e-01,1.206187129020690918e+00,1.435753703117370605e+00,1.765194892883300781e+00,1.859853506088256836e+00,1.807445406913757324e+00,1.741670966148376465e+00,1.449654936790466309e+00,1.615852713584899902e+00,1.465211391448974609e+00,1.252506256103515625e+00,1.214751601219177246e+00,9.517784118652343750e-01,1.023526072502136230e+00,1.114319205284118652e+00,1.194152593612670898e+00,1.492084860801696777e+00,1.659993648529052734e+00,2.014909744262695312e+00,6.531836986541748047e-01,7.327640652656555176e-01,6.697601079940795898e-01,7.353693842887878418e-01,1.014148235321044922e+00,1.142938017845153809e+00,1.296889543533325195e+00,1.126048803329467773e+00,1.112049937248229980e+00,9.145925045013427734e-01,1.214077949523925781e+00,1.166737914085388184e+00,1.514458060264587402e+00,1.661936640739440918e+00,1.947410821914672852e+00,9.326198101043701172e-01,1.082301855087280273e+00,1.080306291580200195e+00,1.039271831512451172e+00,1.338878870010375977e+00,1.385972499847412109e+00,1.417121887207031250e+00,1.240762710571289062e+00,1.117908120155334473e+00,8.812116384506225586e-01,1.097569584846496582e+00,9.652582406997680664e-01,1.317402958869934082e+00,1.409317731857299805e+00,1.710682034492492676e+00
1.220962166786193848e+00,1.071098685264587402e+00,1.240576744079589844e+00,1.041611075401306152e+00,1.372825145721435547e+00,1.509742856025695801e+00,1.338148713111877441e+00,1.002100706100463867e+00,6.536977887153625488e-01,3.917124569416046143e-01,0.000000000000000000e+00,3.792281150817871094e-01,5.966665744781494141e-01,9.380547404289245605e-01,1.174559354782104492e+00,1.808272719383239746e+00,1.761735796928405762e+00,1.748619198799133301e+00,1.508126139640808105e+00,1.749053120613098145e+00,1.666675209999084473e+00,1.478368520736694336e+00,1.352569580078125000e+00,1.015000939369201660e+00,9.426800608634948730e-01,9.266940355300903320e-01,9.172813892364501953e-01,1.184291243553161621e+00,1.321578264236450195e+00,1.669400811195373535e+00,2.061622142791748047e+00,2.057364940643310547e+00,2.033668994903564453e+00,1.773505091667175293e+00,1.975173950195312500e+00,1.843693017959594727e+00,1.641909122467041016e+00,1.578347086906433105e+00,1.279461741447448730e+00,1.274624228477478027e+00,1.276473522186279297e+00,1.265467882156372070e+00,1.509558439254760742e+00,1.599206686019897461e+00,1.956859230995178223e+00,4.824855625629425049e-01,7.280379533767700195e-01,8.297659158706665039e-01,9.964206218719482422e-01,1.311102390289306641e+00,1.499612689018249512e+00,1.643019318580627441e+00,1.418591856956481934e+00,1.361716747283935547e+00,1.075870871543884277e+00,1.286968111991882324e+00,1.146135210990905762e+00,1.434475064277648926e+00,1.522059321403503418e+00,1.767416238784790039e+00,8.421056270599365234e-01,1.065078973770141602e+00,1.184377074241638184e+00,1.210875749588012695e+00,1.556439995765686035e+00,1.677887678146362305e+00,1.704196333885192871e+00,1.461074233055114746e+00,1.300092577934265137e+00,9.710952043533325195e-01,1.080008387565612793e+00,8.431181311607360840e-01,1.122560501098632812e+00,1.154942035675048828e+00,1.414252877235412598e+00
1.169332623481750488e+00,1.136636137962341309e+00,1.346770048141479492e+00,1.230038046836853027e+00,1.592981815338134766e+00,1.735084295272827148e+00,1.611400246620178223e+00,1.289223790168762207e+00,9.588426947593688965e-01,6.111339330673217773e-01,3.792281150817871094e-01,0.000000000000000000e+00,3.849287033081054688e-01,6.275805830955505371e-01,9.145837426185607910e-01,1.688622117042541504e+00,1.670865774154663086e+00,1.736636042594909668e+00,1.541204929351806641e+00,1.840178728103637695e+00,1.834243178367614746e+00,1.664618372917175293e+00,1.457934737205505371e+00,1.093910217285156250e+00,8.911161422729492188e-01,7.647798657417297363e-01,6.264829039573669434e-01,8.536878824234008789e-01,9.482895731925964355e-01,1.302402615547180176e+00,1.960388541221618652e+00,1.960153818130493164e+00,2.003694534301757812e+00,1.760497093200683594e+00,2.015461683273315430e+00,1.953826546669006348e+00,1.746756434440612793e+00,1.599254727363586426e+00,1.248787999153137207e+00,1.157971024513244629e+00,1.059579014778137207e+00,9.929083585739135742e-01,1.180580377578735352e+00,1.246012568473815918e+00,1.595124840736389160e+00,8.071900010108947754e-01,1.005353212356567383e+00,1.143071413040161133e+00,1.218816637992858887e+00,1.559558033943176270e+00,1.704339265823364258e+00,1.780406236648559570e+00,1.543197154998779297e+00,1.390884518623352051e+00,1.058607697486877441e+00,1.178474545478820801e+00,9.456803202629089355e-01,1.216124534606933594e+00,1.236650466918945312e+00,1.507346391677856445e+00,1.176338315010070801e+00,1.355033636093139648e+00,1.496335387229919434e+00,1.454268336296081543e+00,1.805770397186279297e+00,1.898645281791687012e+00,1.853933453559875488e+00,1.606521010398864746e+00,1.362151026725769043e+00,1.028555154800415039e+00,1.023493051528930664e+00,7.044611573219299316e-01,9.401344656944274902e-01,8.939402699470520020e-01,1.195446014404296875e+00
1.383880496025085449e+00,1.352747917175292969e+00,1.620000243186950684e+00,1.528751611709594727e+00,1.892045259475708008e+00,2.064886808395385742e+00,1.925874829292297363e+00,1.582381248474121094e+00,1.248065829277038574e+00,9.299412965774536133e-01,5.966665744781494141e-01,3.849287033081054688e-01,0.000000000000000000e+00,3.768092989921569824e-01,5.845162868499755859e-01,2.031592845916748047e+00,2.035520553588867188e+00,2.116526603698730469e+00,1.925667762756347656e+00,2.221490383148193359e+00,2.200534582138061523e+00,2.012048482894897461e+00,1.820134997367858887e+00,1.445653915405273438e+00,1.258937716484069824e+00,1.069716215133666992e+00,8.948752880096435547e-01,9.877600073814392090e-01,9.701813459396362305e-01,1.296633601188659668e+00,2.302986145019531250e+00,2.318237066268920898e+00,2.379897832870483398e+00,2.141666650772094727e+00,2.397987842559814453e+00,2.330092668533325195e+00,2.108582258224487305e+00,1.968099594116210938e+00,1.608335256576538086e+00,1.517799973487854004e+00,1.365589976310729980e+00,1.268798232078552246e+00,1.368325114250183105e+00,1.363001346588134766e+00,1.678153991699218750e+00,9.503631591796875000e-01,1.231571674346923828e+00,1.410699248313903809e+00,1.552346467971801758e+00,1.889174103736877441e+00,2.057707548141479492e+00,2.155105829238891602e+00,1.911445379257202148e+00,1.762852311134338379e+00,1.414361000061035156e+00,1.486529111862182617e+00,1.203701376914978027e+00,1.392643213272094727e+00,1.324498414993286133e+00,1.537407040596008301e+00,1.304925203323364258e+00,1.538737416267395020e+00,1.731560468673706055e+00,1.749366998672485352e+00,2.111992120742797852e+00,2.239325761795043945e+00,2.214428901672363281e+00,1.946838378906250000e+00,1.706967473030090332e+00,1.347634673118591309e+00,1.288211464881896973e+00,9.256842136383056641e-01,1.029947280883789062e+00,8.615534305572509766e-01,1.076215505599975586e+00
1.541448712348937988e+00,1.591057538986206055e+00,1.867133378982543945e+00,1.816959261894226074e+00,2.190290212631225586e+00,2.356045007705688477e+00,2.237247467041015625e+00,1.907153964042663574e+00,1.573064208030700684e+00,1.233102798461914062e+00,9.380547404289245605e-01,6.275805830955505371e-01,3.768092989921569824e-01,0.000000000000000000e+00,3.676330149173736572e-01,2.054888486862182617e+00,2.096358537673950195e+00,2.234049081802368164e+00,2.090181589126586914e+00,2.418412446975708008e+00,2.446859836578369141e+00,2.280292034149169922e+00,2.045708894729614258e+00,1.672499299049377441e+00,1.417566895484924316e+00,1.178883552551269531e+00,9.089052081108093262e-01,8.904109001159667969e-01,7.336137890815734863e-01,1.032496333122253418e+00,2.327152252197265625e+00,2.358010530471801758e+00,2.474765539169311523e+00,2.265509843826293945e+00,2.557431221008300781e+00,2.541018009185791016e+00,2.327744722366333008e+00,2.134148359298706055e+00,1.757018208503723145e+00,1.601591110229492188e+00,1.377704143524169922e+00,1.216909766197204590e+00,1.217570304870605469e+00,1.137240767478942871e+00,1.411333322525024414e+00,1.283850193023681641e+00,1.527631640434265137e+00,1.730520367622375488e+00,1.825077533721923828e+00,2.177210569381713867e+00,2.326919317245483398e+00,2.377179622650146484e+00,2.121349811553955078e+00,1.913538575172424316e+00,1.547198772430419922e+00,1.532109379768371582e+00,1.190374255180358887e+00,1.305262804031372070e+00,1.139459490776062012e+00,1.336088180541992188e+00,1.636204004287719727e+00,1.834420442581176758e+00,2.044245243072509766e+00,2.021880149841308594e+00,2.387773752212524414e+00,2.504661560058593750e+00,2.432019710540771484e+00,2.157974958419799805e+00,1.869862914085388184e+00,1.520130634307861328e+00,1.374541997909545898e+00,9.926686286926269531e-01,9.887920022010803223e-01,7.061716914176940918e-01,9.035534262657165527e-01
1.658772706985473633e+00,1.711058139801025391e+00,2.027774095535278320e+00,2.015785455703735352e+00,2.389586687088012695e+00,2.595556020736694336e+00,2.488417387008666992e+00,2.134602069854736328e+00,1.820712327957153320e+00,1.481190323829650879e+00,1.174559354782104492e+00,9.145837426185607910e-01,5.845162868499755859e-01,3.676330149173736572e-01,0.000000000000000000e+00,2.399150133132934570e+00,2.420933008193969727e+00,2.565059900283813477e+00,2.398133516311645508e+00,2.717164516448974609e+00,2.733260154724121094e+00,2.532182216644287109e+00,2.303600311279296875e+00,1.917449951171875000e+00,1.693846344947814941e+00,1.411464929580688477e+00,1.183503150939941406e+00,1.075936079025268555e+00,9.013947844505310059e-01,1.105361342430114746e+00,2.675948858261108398e+00,2.688108444213867188e+00,2.806210517883300781e+00,2.576799869537353516e+00,2.855481863021850586e+00,2.826463937759399414e+00,2.582568407058715820e+00,2.400758266448974609e+00,2.017039299011230469e+00,1.896307587623596191e+00,1.645690917968750000e+00,1.521964073181152344e+00,1.469352960586547852e+00,1.390110135078430176e+00,1.606185197830200195e+00,1.517967224121093750e+00,1.807329773902893066e+00,1.994883418083190918e+00,2.125037193298339844e+00,2.462946653366088867e+00,2.607409238815307617e+00,2.685810565948486328e+00,2.448967695236206055e+00,2.257502317428588867e+00,1.899805784225463867e+00,1.897826433181762695e+00,1.554829001426696777e+00,1.655994892120361328e+00,1.453856229782104492e+00,1.616528153419494629e+00,1.857239007949829102e+00,2.099546909332275391e+00,2.311186790466308594e+00,2.326867103576660156e+00,2.691301107406616211e+00,2.809429168701171875e+00,2.760988950729370117e+00,2.495281696319580078e+00,2.221616506576538086e+00,1.869291305541992188e+00,1.737966775894165039e+00,1.355459570884704590e+00,1.331388473510742188e+00,1.018032312393188477e+00,1.128148317337036133e+00
1.881889104843139648e+00,1.988723993301391602e+00,1.887428760528564453e+00,1.786840200424194336e+00,1.949396491050720215e+00,1.812923789024353027e+00,1.823680400848388672e+00,1.833145141601562500e+00,1.714679956436157227e+00,1.613567829132080078e+00,1.808272719383239746e+00,1.688622117042541504e+00,2.031592845916748047e+00,2.054888486862182617e+00,2.399150133132934570e+00,0.000000000000000000e+00,3.802090585231781006e-01,5.851621627807617188e-01,8.798618316650390625e-01,1.171327829360961914e+00,1.460536003112792969e+00,1.627052426338195801e+00,1.365332484245300293e+00,1.388983011245727539e+00,1.138729214668273926e+00,1.372610092163085938e+00,1.324836373329162598e+00,1.590274572372436523e+00,1.743151664733886719e+00,1.944847702980041504e+00,2.916145622730255127e-01,3.922730982303619385e-01,6.172779798507690430e-01,7.519087791442871094e-01,1.106318831443786621e+00,1.358459353446960449e+00,1.458439230918884277e+00,1.163387298583984375e+00,1.128624200820922852e+00,8.226689696311950684e-01,1.028290748596191406e+00,9.531968235969543457e-01,1.227795362472534180e+00,1.381642460823059082e+00,1.599689245223999023e+00,1.959012985229492188e+00,1.753363132476806641e+00,1.765277981758117676e+00,1.424464344978332520e+00,1.608286619186401367e+00,1.542770385742187500e+00,1.235527753829956055e+00,1.072234630584716797e+00,7.190995216369628906e-01,8.144526481628417969e-01,7.207303047180175781e-01,9.714701175689697266e-01,1.154982447624206543e+00,1.431752681732177734e+00,1.712205171585083008e+00,2.151753902435302734e+00,1.999883890151977539e+00,1.966171979904174805e+00,1.601762533187866211e+00,1.728386402130126953e+00,1.606834292411804199e+00,1.254461169242858887e+00,1.208022713661193848e+00,9.189690947532653809e-01,1.114011526107788086e+00,1.109023571014404297e+00,1.317284941673278809e+00,1.534829020500183105e+00,1.764398455619812012e+00,2.084573745727539062e+00
1.636478066444396973e+00,1.746380448341369629e+00,1.604036927223205566e+00,1.541476011276245117e+00,1.676946759223937988e+00,1.554779767990112305e+00,1.633583903312683105e+00,1.649302482604980469e+00,1.599216818809509277e+00,1.503093361854553223e+00,1.761735796928405762e+00,1.670865774154663086e+00,2.035520553588867188e+00,2.096358537673950195e+00,2.420933008193969727e+00,3.802090585231781006e-01,0.000000000000000000e+00,3.695101141929626465e-01,5.984226465225219727e-01,8.891071677207946777e-01,1.218390822410583496e+00,1.355726838111877441e+00,1.069639801979064941e+00,1.142734766006469727e+00,9.504805207252502441e-01,1.213431000709533691e+00,1.268744826316833496e+00,1.533209204673767090e+00,1.761119842529296875e+00,1.952188372611999512e+00,5.510046482086181641e-01,3.168081939220428467e-01,4.346182644367218018e-01,4.147377610206604004e-01,7.827107906341552734e-01,1.058705925941467285e+00,1.128837227821350098e+00,8.126246333122253418e-01,8.365924358367919922e-01,6.137620210647583008e-01,8.964486122131347656e-01,9.692426919937133789e-01,1.260161995887756348e+00,1.501903653144836426e+00,1.723044633865356445e+00,1.947704076766967773e+00,1.757318735122680664e+00,1.696334242820739746e+00,1.340758919715881348e+00,1.475470542907714844e+00,1.331790328025817871e+00,1.034604549407958984e+00,9.752045273780822754e-01,6.885402798652648926e-01,8.680426478385925293e-01,9.290939569473266602e-01,1.150715708732604980e+00,1.414301276206970215e+00,1.666578888893127441e+00,1.982543945312500000e+00,2.143330097198486328e+00,2.023221731185913086e+00,1.935911774635314941e+00,1.581907391548156738e+00,1.680278182029724121e+00,1.491635084152221680e+00,1.173222780227661133e+00,1.213116884231567383e+00,9.861913919448852539e-01,1.192710280418395996e+00,1.282876968383789062e+00,1.447575330734252930e+00,1.725899219512939453e+00,1.927230238914489746e+00,2.273853063583374023e+00
1.719167590141296387e+00,1.754805445671081543e+00,1.559971213340759277e+00,1.432191610336303711e+00,1.502126097679138184e+00,1.309763431549072266e+00,1.372295856475830078e+00,1.460874557495117188e+00,1.457634210586547852e+00,1.453852176666259766e+00,1.748619198799133301e+00,1.736636042594909668e+00,2.116526603698730469e+00,2.234049081802368164e+00,2.565059900283813477e+00,5.851621627807617188e-01,3.695101141929626465e-01,0.000000000000000000e+00,3.940835297107696533e-01,5.957998633384704590e-01,9.098583459854125977e-01,1.122196078300476074e+00,9.200047254562377930e-01,1.085807561874389648e+00,1.002321600914001465e+00,1.342224717140197754e+00,1.444869637489318848e+00,1.757231950759887695e+00,2.000739812850952148e+00,2.228599548339843750e+00,6.593899726867675781e-01,5.043958425521850586e-01,2.914366424083709717e-01,2.683127224445343018e-01,5.590541362762451172e-01,7.824196219444274902e-01,9.487705230712890625e-01,7.417910099029541016e-01,8.767138719558715820e-01,7.768779397010803223e-01,1.133589506149291992e+00,1.222612857818603516e+00,1.557388663291931152e+00,1.787090420722961426e+00,2.042441606521606445e+00,1.857173442840576172e+00,1.617379307746887207e+00,1.511370062828063965e+00,1.127149462699890137e+00,1.194087386131286621e+00,1.036650061607360840e+00,6.985254287719726562e-01,6.777442693710327148e-01,5.015387535095214844e-01,8.259261250495910645e-01,9.880931377410888672e-01,1.278812766075134277e+00,1.558396458625793457e+00,1.856577515602111816e+00,2.153353214263916016e+00,1.996523261070251465e+00,1.840182065963745117e+00,1.703818321228027344e+00,1.336522817611694336e+00,1.374124765396118164e+00,1.152873992919921875e+00,8.267250657081604004e-01,9.365433454513549805e-01,8.118957281112670898e-01,1.101568222045898438e+00,1.283518314361572266e+00,1.502100467681884766e+00,1.812009572982788086e+00,2.056191682815551758e+00,2.391967773437500000e+00
1.402957320213317871e+00,1.397846579551696777e+00,1.179385900497436523e+00,1.047273516654968262e+00,1.114815115928649902e+00,9.579390287399291992e-01,1.059204101562500000e+00,1.116107463836669922e+00,1.162542104721069336e+00,1.168109774589538574e+00,1.508126139640808105e+00,1.541204929351806641e+00,1.925667762756347656e+00,2.090181589126586914e+00,2.398133516311645508e+00,8.798618316650390625e-01,5.984226465225219727e-01,3.940835297107696533e-01,0.000000000000000000e+00,3.781244158744812012e-01,6.457786560058593750e-01,7.611129879951477051e-01,5.267355442047119141e-01,7.219772934913635254e-01,7.406382560729980469e-01,1.109220504760742188e+00,1.295983076095581055e+00,1.618823289871215820e+00,1.907889366149902344e+00,2.150651931762695312e+00,1.026226878166198730e+00,8.401539921760559082e-01,6.430764794349670410e-01,3.156033754348754883e-01,4.887297153472900391e-01,5.482403635978698730e-01,5.961934328079223633e-01,4.233157038688659668e-01,5.793689489364624023e-01,6.430528163909912109e-01,1.026695251464843750e+00,1.200319647789001465e+00,1.550633072853088379e+00,1.816483974456787109e+00,2.098924875259399414e+00,1.639623880386352539e+00,1.435594558715820312e+00,1.268685221672058105e+00,9.060398936271667480e-01,9.535962939262390137e-01,7.512270808219909668e-01,5.174022912979125977e-01,5.756067633628845215e-01,5.288495421409606934e-01,8.037266135215759277e-01,1.086440086364746094e+00,1.316020011901855469e+00,1.654976725578308105e+00,1.926679253578186035e+00,2.245270490646362305e+00,1.784981608390808105e+00,1.682522773742675781e+00,1.515522837638854980e+00,1.194091796875000000e+00,1.250060319900512695e+00,1.011043906211853027e+00,7.977877855300903320e-01,9.165383577346801758e-01,8.407586216926574707e-01,1.051300764083862305e+00,1.304812192916870117e+00,1.456784844398498535e+00,1.811464428901672363e+00,2.024528980255126953e+00,2.371942281723022461e+00
1.605299353599548340e+00,1.549884557723999023e+00,1.263212680816650391e+00,1.114124059677124023e+00,1.048619627952575684e+00,7.990044951438903809e-01,9.598299264907836914e-01,1.132925510406494141e+00,1.285628437995910645e+00,1.383383870124816895e+00,1.749053120613098145e+00,1.840178728103637695e+00,2.221490383148193359e+00,2.418412446975708008e+00,2.717164516448974609e+00,1.171327829360961914e+00,8.891071677207946777e-01,5.957998633384704590e-01,3.781244158744812012e-01,0.000000000000000000e+00,3.827704489231109619e-01,6.205082535743713379e-01,5.665093064308166504e-01,9.068014025688171387e-01,1.052421689033508301e+00,1.420286655426025391e+00,1.645731687545776367e+00,1.965325593948364258e+00,2.268750905990600586e+00,2.509751319885253906e+00,1.248630404472351074e+00,1.051151871681213379e+00,7.490569949150085449e-01,4.988152384757995605e-01,3.324462771415710449e-01,1.977803409099578857e-01,4.714538753032684326e-01,5.408995151519775391e-01,8.466211557388305664e-01,1.004532694816589355e+00,1.382358193397521973e+00,1.576940059661865234e+00,1.923135519027709961e+00,2.194430589675903320e+00,2.473279237747192383e+00,1.821135878562927246e+00,1.589320182800292969e+00,1.357600927352905273e+00,9.987851381301879883e-01,8.958259224891662598e-01,5.861496329307556152e-01,3.288967609405517578e-01,6.299883127212524414e-01,7.757542133331298828e-01,1.107110738754272461e+00,1.407632112503051758e+00,1.665999412536621094e+00,1.997115850448608398e+00,2.285998821258544922e+00,2.592980146408081055e+00,1.905070304870605469e+00,1.780319213867187500e+00,1.544923305511474609e+00,1.239150881767272949e+00,1.183431029319763184e+00,8.558368682861328125e-01,7.071005105972290039e-01,9.694865345954895020e-01,1.038565874099731445e+00,1.296977400779724121e+00,1.595747590065002441e+00,1.774225711822509766e+00,2.135039091110229492e+00,2.364705562591552734e+00,2.702847480773925781e+00
1.653080821037292480e+00,1.511034846305847168e+00,1.212574958801269531e+00,9.814514517784118652e-01,8.345726728439331055e-01,4.989830851554870605e-01,6.228603720664978027e-01,8.816258907318115234e-01,1.103019237518310547e+00,1.298202633857727051e+00,1.666675209999084473e+00,1.834243178367614746e+00,2.200534582138061523e+00,2.446859836578369141e+00,2.733260154724121094e+00,1.460536003112792969e+00,1.218390822410583496e+00,9.098583459854125977e-01,6.457786560058593750e-01,3.827704489231109619e-01,0.000000000000000000e+00,3.907048404216766357e-01,5.816945433616638184e-01,9.142597913742065430e-01,1.154874682426452637e+00,1.523305296897888184e+00,1.764820337295532227e+00,2.103270530700683594e+00,2.405430316925048828e+00,2.675582408905029297e+00,1.546202182769775391e+00,1.399278163909912109e+00,1.094333052635192871e+00,8.606306910514831543e-01,6.992042064666748047e-01,3.536975681781768799e-01,5.259571075439453125e-01,7.744344472885131836e-01,1.018095970153808594e+00,1.225666761398315430e+00,1.590192198753356934e+00,1.776235938072204590e+00,2.138307094573974609e+00,2.393020391464233398e+00,2.700873374938964844e+00,1.665027499198913574e+00,1.425771832466125488e+00,1.138740301132202148e+00,8.287039995193481445e-01,6.071096658706665039e-01,2.427829355001449585e-01,2.712783515453338623e-01,6.062900424003601074e-01,9.034967422485351562e-01,1.192962527275085449e+00,1.542724490165710449e+00,1.790653347969055176e+00,2.128808259963989258e+00,2.423278570175170898e+00,2.714557409286499023e+00,1.690165758132934570e+00,1.569314837455749512e+00,1.285101771354675293e+00,1.035763263702392578e+00,9.291027784347534180e-01,5.861830115318298340e-01,6.269035935401916504e-01,8.942078351974487305e-01,1.073144435882568359e+00,1.291989445686340332e+00,1.642764210700988770e+00,1.812323451042175293e+00,2.183984279632568359e+00,2.420385122299194336e+00,2.739867925643920898e+00
