,A1,A2,A3,A4,A5,A6,A7,A8,A9,A10,A11,A12,A13,A14,A15,B1,B2,B3,B4,B5,B6,B7,B8,B9,B10,B11,B12,B13,B14,B15,C1,C2,C3,C4,C5,C6,C7,C8,C9,C10,C11,C12,C13,C14,C15,D1,D2,D3,D4,D5,D6,D7,D8,D9,D10,D11,D12,D13,D14,D15,E1,E2,E3,E4,E5,E6,E7,E8,E9,E10,E11,E12,E13,E14,E15
A1,0.0,0.3613612949848175,0.6353932023048401,0.9174414873123169,1.2479772567749023,1.5057787895202637,1.3712637424468994,1.215885043144226,0.9773465991020203,0.5843936204910278,0.511704683303833,0.41524839401245117,0.617611289024353,0.8613561391830444,1.0758908987045288,1.726986050605774,2.0357632637023926,2.240269184112549,2.4020702838897705,2.7701194286346436,2.9087839126586914,2.6206836700439453,2.373675584793091,2.084336996078491,1.8599544763565063,1.7047163248062134,1.3920708894729614,1.4657247066497803,1.2294617891311646,1.5488998889923096,1.6388969421386719,1.9323281049728394,2.1494975090026855,2.299131155014038,2.682864189147949,2.851020097732544,2.5651400089263916,2.3709022998809814,2.049382209777832,1.833205223083496,1.633252501487732,1.342126488685608,1.3796724081039429,1.1359906196594238,1.4413342475891113,0.808609127998352,1.0756394863128662,1.0786404609680176,1.3935966491699219,1.6341403722763062,1.7783007621765137,1.6223607063293457,1.2965688705444336,1.1809556484222412,0.9139485359191895,1.1041291952133179,0.9624732136726379,1.2977211475372314,1.3770263195037842,1.6685774326324463,1.5717267990112305,1.642805576324463,1.4304850101470947,1.4699736833572388,1.6509884595870972,1.5166113376617432,1.1912336349487305,0.8518350720405579,0.8849086761474609,1.081907033920288,1.3656905889511108,1.5025213956832886,1.8826079368591309,2.1014404296875,2.4379351139068604
A2,0.3613612949848175,0.0,0.39177513122558594,0.623562216758728,0.936974823474884,1.2439426183700562,1.175860047340393,1.1151338815689087,0.9086711406707764,0.5707809329032898,0.5220271944999695,0.6548627018928528,0.7698739767074585,1.094406008720398,1.2386255264282227,1.7140918970108032,2.0314536094665527,2.2853140830993652,2.468308210372925,2.835024118423462,3.016002655029297,2.757544994354248,2.5337321758270264,2.2342677116394043,1.961825966835022,1.769742488861084,1.419682502746582,1.4156876802444458,1.1035326719284058,1.3630871772766113,1.973852276802063,2.2661187648773193,2.459242343902588,2.5976502895355225,2.9793224334716797,3.11920166015625,2.8117659091949463,2.6050455570220947,2.2947099208831787,2.1166656017303467,1.9406896829605103,1.6720389127731323,1.7290688753128052,1.4952876567840576,1.7934318780899048,1.1172350645065308,1.4078789949417114,1.4265481233596802,1.7514744997024536,1.9785658121109009,2.113983392715454,1.9624931812286377,1.6182312965393066,1.5235157012939453,1.2727444171905518,1.4469852447509766,1.2585339546203613,1.5671497583389282,1.5754570960998535,1.860613465309143,1.6578030586242676,1.6520119905471802,1.3789700269699097,1.3486807346343994,1.4671566486358643,1.2649272680282593,0.9502364993095398,0.6689335703849792,0.8046388626098633,1.102311611175537,1.4048866033554077,1.6208099126815796,1.9789501428604126,2.2467856407165527,2.555445909500122
A3,0.6353932023048401,0.39177513122558594,0.0,0.3869006037712097,0.6345880031585693,0.8933278918266296,0.8477504849433899,0.7863181233406067,0.6820135712623596,0.46196117997169495,0.6508276462554932,0.8932430148124695,1.1039080619812012,1.434064269065857,1.6162065267562866,1.49729585647583,1.8378158807754517,2.102062463760376,2.332895278930664,2.681251287460327,2.884519338607788,2.663088321685791,2.4322962760925293,2.154668092727661,1.8378443717956543,1.6733622550964355,1.2922906875610352,1.3006116151809692,0.9658613801002502,1.2049970626831055,2.158470869064331,2.4130067825317383,2.5895628929138184,2.673901319503784,3.056490421295166,3.170980930328369,2.8426802158355713,2.6681318283081055,2.35109281539917,2.225715398788452,2.0346007347106934,1.8202917575836182,1.8614901304244995,1.6702436208724976,1.9609408378601074,1.1967408657073975,1.5339714288711548,1.6419733762741089,1.9667235612869263,2.230674982070923,2.403916120529175,2.242685556411743,1.9212188720703125,1.7714083194732666,1.4770268201828003,1.5624641180038452,1.2891439199447632,1.5331538915634155,1.4472180604934692,1.7160650491714478,1.890541672706604,1.853459119796753,1.595030665397644,1.4800848960876465,1.5982803106307983,1.3650048971176147,1.0251585245132446,0.8789123892784119,0.9565540552139282,1.3065742254257202,1.5436439514160156,1.793445348739624,2.120112657546997,2.402479410171509,2.710392951965332
A4,0.9174414873123169,0.623562216758728,0.3869006037712097,0.0,0.38688620924949646,0.6601576209068298,0.6335217356681824,0.7604333162307739,0.6509647965431213,0.6155955195426941,0.7193523645401001,1.0646992921829224,1.2205308675765991,1.5875645875930786,1.7492071390151978,1.3960611820220947,1.708945870399475,2.0229251384735107,2.244370222091675,2.5890064239501953,2.833442211151123,2.6408586502075195,2.4592812061309814,2.1647305488586426,1.8207790851593018,1.6021466255187988,1.221648931503296,1.1219451427459717,0.7383548021316528,0.8836788535118103,2.3612172603607178,2.6160054206848145,2.7469043731689453,2.8277428150177,3.1980161666870117,3.2703399658203125,2.9222285747528076,2.7227706909179688,2.433879852294922,2.3547213077545166,2.2164363861083984,2.03004789352417,2.1302387714385986,1.971868634223938,2.289994239807129,1.5397610664367676,1.8797683715820312,1.9703800678253174,2.2755300998687744,2.543886661529541,2.682506799697876,2.4901010990142822,2.1455914974212646,2.0012123584747314,1.749137282371521,1.8417870998382568,1.5659713745117188,1.8206565380096436,1.7018457651138306,1.9926477670669556,1.834748387336731,1.7283209562301636,1.4562627077102661,1.2619606256484985,1.3450052738189697,1.0946259498596191,0.7638316750526428,0.7735595107078552,0.8505102396011353,1.2376585006713867,1.4423497915267944,1.7516958713531494,2.03428316116333,2.355578899383545,2.6266231536865234
A5,1.2479772567749023,0.936974823474884,0.6345880031585693,0.38688620924949646,0.0,0.3977382183074951,0.608289897441864,0.8353551626205444,0.8862719535827637,0.9391853213310242,1.102933406829834,1.440448522567749,1.5962060689926147,1.9624018669128418,2.1048083305358887,1.5320292711257935,1.8434113264083862,2.1684558391571045,2.4256513118743896,2.74393630027771,3.011924982070923,2.858248710632324,2.678913116455078,2.407689094543457,2.03828501701355,1.8425791263580322,1.4618425369262695,1.3489903211593628,0.9733443260192871,1.0044207572937012,2.7202024459838867,2.9616823196411133,3.093985080718994,3.1502368450164795,3.519643783569336,3.5811562538146973,3.225229024887085,3.0452675819396973,2.756502866744995,2.6995155811309814,2.548494577407837,2.37800931930542,2.452428102493286,2.2913177013397217,2.5873303413391113,1.8074449300765991,2.154271364212036,2.276388645172119,2.5971601009368896,2.8638899326324463,3.0255894660949707,2.850057601928711,2.5124597549438477,2.3651671409606934,2.0904250144958496,2.156107187271118,1.8519642353057861,2.056668758392334,1.8862909078598022,2.1332361698150635,2.196796417236328,2.0620291233062744,1.7788535356521606,1.5438258647918701,1.5662453174591064,1.266647458076477,1.0103988647460938,1.1065175533294678,1.2134345769882202,1.6029772758483887,1.7894123792648315,2.1144046783447266,2.3745923042297363,2.7057642936706543,2.9633376598358154
A6,1.5057787895202637,1.2439426183700562,0.8933278918266296,0.6601576209068298,0.3977382183074951,0.0,0.39094078540802,0.6936213970184326,0.8708450198173523,1.0704059600830078,1.299269676208496,1.6504186391830444,1.859631896018982,2.219381809234619,2.404768943786621,1.325359582901001,1.6228238344192505,1.945823073387146,2.2329914569854736,2.5192623138427734,2.8049590587615967,2.695019006729126,2.5278096199035645,2.285656690597534,1.896026611328125,1.7333160638809204,1.371727705001831,1.2723592519760132,0.9587379097938538,0.937777042388916,2.838361978530884,3.0435855388641357,3.1472604274749756,3.1575069427490234,3.514699935913086,3.5438942909240723,3.1760847568511963,3.0248026847839355,2.7458763122558594,2.7425537109375,2.598313808441162,2.4824655055999756,2.5623557567596436,2.4510788917541504,2.749152898788452,1.95502507686615,2.3137102127075195,2.4820356369018555,2.782590627670288,3.0800225734710693,3.2556846141815186,3.0582993030548096,2.7384703159332275,2.5492587089538574,2.264780044555664,2.271702289581299,1.9332438707351685,2.088848114013672,1.8570908308029175,2.0905468463897705,2.367069959640503,2.226073980331421,1.988480806350708,1.7156623601913452,1.771178960800171,1.514201283454895,1.2510079145431519,1.3930808305740356,1.4168413877487183,1.7901732921600342,1.9040478467941284,2.2289950847625732,2.4491281509399414,2.7761409282684326,3.02707839012146
A7,1.3712637424468994,1.175860047340393,0.8477504849433899,0.6335217356681824,0.608289897441864,0.39094078540802,0.0,0.4040837287902832,0.5437480807304382,0.8432220220565796,1.0819653272628784,1.4328268766403198,1.6805697679519653,2.0241892337799072,2.2551960945129395,0.9491793513298035,1.2579032182693481,1.5796494483947754,1.8571966886520386,2.1570825576782227,2.4338226318359375,2.3106939792633057,2.147897243499756,1.8978309631347656,1.5089648962020874,1.343590497970581,0.9836641550064087,0.9115270972251892,0.6423381567001343,0.7071359753608704,2.5349960327148438,2.7232534885406494,2.8018264770507812,2.8005521297454834,3.1499035358428955,3.1650497913360596,2.794008731842041,2.6440865993499756,2.37170672416687,2.3907721042633057,2.2657792568206787,2.1807539463043213,2.2908170223236084,2.2236225605010986,2.542426347732544,1.7720129489898682,2.130434274673462,2.302971839904785,2.570173501968384,2.8898673057556152,3.0523788928985596,2.8241443634033203,2.515498638153076,2.2979745864868164,2.030703067779541,2.0144670009613037,1.6767082214355469,1.8426263332366943,1.6139634847640991,1.8895412683486938,2.1092965602874756,1.9920412302017212,1.806161880493164,1.5438437461853027,1.6778734922409058,1.4942915439605713,1.1746535301208496,1.2873520851135254,1.214924931526184,1.5561151504516602,1.6180354356765747,1.9238903522491455,2.130258083343506,2.4425981044769287,2.7020299434661865
A8,1.215885043144226,1.1151338815689087,0.7863181233406067,0.7604333162307739,0.8353551626205444,0.6936213970184326,0.4040837287902832,0.0,0.367359459400177,0.6611652970314026,0.997065544128418,1.2791392803192139,1.598040223121643,1.9017283916473389,2.1774494647979736,0.8350695967674255,1.193319320678711,1.444424033164978,1.7427027225494385,2.0466201305389404,2.275543451309204,2.1241118907928467,1.9042085409164429,1.6766964197158813,1.3031011819839478,1.2162024974822998,0.8498114943504333,0.9444473385810852,0.7572701573371887,0.9763098955154419,2.2618248462677,2.4258220195770264,2.5259530544281006,2.502918004989624,2.859879493713379,2.900472640991211,2.54062819480896,2.427520990371704,2.1282577514648438,2.1324641704559326,1.964461088180542,1.894144058227539,1.965816617012024,1.9182006120681763,2.219198226928711,1.4516699314117432,1.8076454401016235,2.02091908454895,2.2747280597686768,2.611069440841675,2.8021926879882812,2.580641984939575,2.3070285320281982,2.056063652038574,1.7589402198791504,1.6902164220809937,1.3311578035354614,1.4578114748001099,1.2124630212783813,1.487823724746704,2.1045947074890137,2.054234743118286,1.9012808799743652,1.6998498439788818,1.8921555280685425,1.7352632284164429,1.3724708557128906,1.3741495609283447,1.2608181238174438,1.5682798624038696,1.6264307498931885,1.873189926147461,2.1082019805908203,2.3776872158050537,2.676375389099121
A9,0.9773465991020203,0.9086711406707764,0.6820135712623596,0.6509647965431213,0.8862719535827637,0.8708450198173523,0.5437480807304382,0.367359459400177,0.0,0.394134521484375,0.6632669568061829,0.9600781798362732,1.2678810358047485,1.5720971822738647,1.8540095090866089,0.8196430802345276,1.1586637496948242,1.4229990243911743,1.658700942993164,2.0020079612731934,2.218745470046997,2.021005868911743,1.818080186843872,1.5404517650604248,1.190765619277954,1.0298397541046143,0.6404123902320862,0.7148144245147705,0.5089090466499329,0.8339218497276306,1.9916777610778809,2.184537649154663,2.2766542434692383,2.2960307598114014,2.6567749977111816,2.703965663909912,2.3457837104797363,2.188441753387451,1.893146276473999,1.872300148010254,1.7347772121429443,1.637317419052124,1.7597122192382812,1.7091352939605713,2.0447983741760254,1.3144170045852661,1.6614370346069336,1.820781946182251,2.060102939605713,2.3908045291900635,2.5438570976257324,2.300967216491699,2.007375478744507,1.7692499160766602,1.5098576545715332,1.4910802841186523,1.172042965888977,1.387680172920227,1.2254762649536133,1.5606133937835693,1.7395275831222534,1.7016186714172363,1.5601657629013062,1.3887572288513184,1.6171867847442627,1.5040591955184937,1.1217609643936157,1.081028938293457,0.9200995564460754,1.2071468830108643,1.2712159156799316,1.5156351327896118,1.7685606479644775,2.042750835418701,2.3459105491638184
A10,0.5843936204910278,0.5707809329032898,0.46196117997169495,0.6155955195426941,0.9391853213310242,1.0704059600830078,0.8432220220565796,0.6611652970314026,0.394134521484375,0.0,0.3899264931678772,0.6304625868797302,0.9519086480140686,1.250571370124817,1.5231024026870728,1.169872522354126,1.4972920417785645,1.7289173603057861,1.932237982749939,2.2902493476867676,2.469388484954834,2.226440906524658,1.9957014322280884,1.7087242603302002,1.4132646322250366,1.256157398223877,0.893936276435852,0.9805229306221008,0.7459061145782471,1.0894616842269897,1.789113998413086,2.0229625701904297,2.168278694152832,2.2384066581726074,2.6161909103393555,2.7160685062408447,2.383302688598633,2.210261583328247,1.8939733505249023,1.7892340421676636,1.6166667938232422,1.4404983520507812,1.5325700044631958,1.414886474609375,1.7484921216964722,1.015221118927002,1.3574644327163696,1.479216456413269,1.7469885349273682,2.0554535388946533,2.2107174396514893,1.994532585144043,1.6888738870620728,1.4802385568618774,1.2037296295166016,1.247241497039795,0.9644076228141785,1.243735432624817,1.1738556623458862,1.5085159540176392,1.6198848485946655,1.6274720430374146,1.452471137046814,1.3615996837615967,1.582397699356079,1.4540764093399048,1.068853497505188,0.8940184712409973,0.7910383343696594,1.073338270187378,1.2360121011734009,1.4451332092285156,1.7640326023101807,2.020484447479248,2.3467628955841064
A11,0.511704683303833,0.5220271944999695,0.6508276462554932,0.7193523645401001,1.102933406829834,1.299269676208496,1.0819653272628784,0.997065544128418,0.6632669568061829,0.3899264931678772,0.0,0.3846616744995117,0.6095304489135742,0.9423298239707947,1.195298194885254,1.349660038948059,1.626474380493164,1.8704859018325806,2.0078299045562744,2.384097099304199,2.5593202114105225,2.2898247241973877,2.0987601280212402,1.7758240699768066,1.5222060680389404,1.2954148054122925,0.9814624190330505,0.9830667972564697,0.7607188820838928,1.0895320177078247,1.6738795042037964,1.9513204097747803,2.08180832862854,2.212197780609131,2.5813229084014893,2.6824097633361816,2.3600313663482666,2.130913257598877,1.839659571647644,1.703395962715149,1.5885287523269653,1.3697619438171387,1.5295138359069824,1.395569920539856,1.7568539381027222,1.1331323385238647,1.4250116348266602,1.4456486701965332,1.6916686296463013,1.9688137769699097,2.059307336807251,1.823042869567871,1.4762989282608032,1.3201404809951782,1.1285375356674194,1.2740914821624756,1.091378092765808,1.4416333436965942,1.452710747718811,1.8050307035446167,1.2645509243011475,1.2751363515853882,1.0883702039718628,1.0548123121261597,1.2929818630218506,1.216978669166565,0.847814679145813,0.5916643142700195,0.453567773103714,0.7076918482780457,0.9349738955497742,1.1490232944488525,1.4930120706558228,1.7626367807388306,2.0767436027526855
A12,0.41524839401245117,0.6548627018928528,0.8932430148124695,1.0646992921829224,1.440448522567749,1.6504186391830444,1.4328268766403198,1.2791392803192139,0.9600781798362732,0.6304625868797302,0.3846616744995117,0.0,0.39788883924484253,0.6258611083030701,0.9381794333457947,1.582746982574463,1.8445149660110474,2.032212018966675,2.138540267944336,2.5146055221557617,2.638672113418579,2.3304498195648193,2.1145846843719482,1.8026882410049438,1.619146704673767,1.4357469081878662,1.1822292804718018,1.2583954334259033,1.1107949018478394,1.4536848068237305,1.3549020290374756,1.6577931642532349,1.8288087844848633,1.9990692138671875,2.371976852416992,2.5192668437957764,2.231231451034546,2.0041282176971436,1.70183265209198,1.4913901090621948,1.3524017333984375,1.0740015506744385,1.2216711044311523,1.0584856271743774,1.423304557800293,0.9131290316581726,1.1421775817871094,1.1028814315795898,1.329416036605835,1.5956155061721802,1.6750658750534058,1.4415324926376343,1.097427248954773,0.9484876394271851,0.7741444706916809,0.9862072467803955,0.90254807472229,1.2895097732543945,1.4004626274108887,1.7429639101028442,1.205358624458313,1.3167599439620972,1.1784628629684448,1.260182499885559,1.5146732330322266,1.4795920848846436,1.1482502222061157,0.8094485402107239,0.6915631890296936,0.7681547999382019,1.009323239326477,1.1007176637649536,1.4843955039978027,1.68862783908844,2.0306780338287354
A13,0.617611289024353,0.7698739767074585,1.1039080619812012,1.2205308675765991,1.5962060689926147,1.859631896018982,1.6805697679519653,1.598040223121643,1.2678810358047485,0.9519086480140686,0.6095304489135742,0.39788883924484253,0.0,0.37893980741500854,0.5876259207725525,1.8888875246047974,2.124394655227661,2.3332247734069824,2.4026687145233154,2.783968687057495,2.9139630794525146,2.598667860031128,2.4187021255493164,2.090155601501465,1.9272434711456299,1.698317527770996,1.47019362449646,1.4658870697021484,1.3009107112884521,1.588558316230774,1.4771136045455933,1.8165148496627808,1.9786455631256104,2.2062525749206543,2.5601210594177246,2.710653305053711,2.442122220993042,2.171252965927124,1.905720591545105,1.6695938110351562,1.5869296789169312,1.2773727178573608,1.4521068334579468,1.2554569244384766,1.597771167755127,1.214592456817627,1.3807235956192017,1.235669493675232,1.4441051483154297,1.6347827911376953,1.637802004814148,1.4187097549438477,1.028977870941162,1.010538101196289,0.9608228802680969,1.2619973421096802,1.2588750123977661,1.6505331993103027,1.7899143695831299,2.123112440109253,1.0195096731185913,1.1300406455993652,0.9528711438179016,1.125954031944275,1.3377230167388916,1.3335075378417969,1.0800074338912964,0.6973791122436523,0.670125424861908,0.6461770534515381,0.9764018058776855,1.0570486783981323,1.445898175239563,1.6566628217697144,1.9637771844863892
A14,0.8613561391830444,1.094406008720398,1.434064269065857,1.5875645875930786,1.9624018669128418,2.219381809234619,2.0241892337799072,1.9017283916473389,1.5720971822738647,1.250571370124817,0.9423298239707947,0.6258611083030701,0.37893980741500854,0.0,0.3885878026485443,2.132296085357666,2.3465986251831055,2.5113887786865234,2.546516180038452,2.9211766719818115,3.0075786113739014,2.665343761444092,2.4803483486175537,2.1666815280914307,2.0686001777648926,1.8711503744125366,1.6980477571487427,1.737102746963501,1.6271336078643799,1.9282538890838623,1.2450944185256958,1.602958083152771,1.785874843597412,2.0594394207000732,2.397481679916382,2.583134412765503,2.3573107719421387,2.085301160812378,1.8338282108306885,1.539945363998413,1.4684433937072754,1.1268117427825928,1.3009308576583862,1.103165626525879,1.4185116291046143,1.2409963607788086,1.3089189529418945,1.07815682888031,1.2146992683410645,1.359376311302185,1.3036189079284668,1.0787146091461182,0.6812683939933777,0.7476909160614014,0.8244497179985046,1.1779146194458008,1.2900701761245728,1.6751658916473389,1.8855756521224976,2.2019686698913574,1.0311458110809326,1.240124225616455,1.1478245258331299,1.3963046073913574,1.6189661026000977,1.6610796451568604,1.4382261037826538,1.0620726346969604,1.0109974145889282,0.8713646531105042,1.1389217376708984,1.0908070802688599,1.4751441478729248,1.6053369045257568,1.9198216199874878
A15,1.0758908987045288,1.2386255264282227,1.6162065267562866,1.7492071390151978,2.1048083305358887,2.404768943786621,2.2551960945129395,2.1774494647979736,1.8540095090866089,1.5231024026870728,1.195298194885254,0.9381794333457947,0.5876259207725525,0.3885878026485443,0.0,2.4574661254882812,2.672511100769043,2.8609395027160645,2.891371726989746,3.2687618732452393,3.367279052734375,3.0281200408935547,2.8581531047821045,2.5377376079559326,2.432103157043457,2.2101800441741943,2.02569842338562,2.0158026218414307,1.8681856393814087,2.127812623977661,1.5590659379959106,1.921230673789978,2.106102466583252,2.4048590660095215,2.7276110649108887,2.9182918071746826,2.707597255706787,2.4189460277557373,2.18983793258667,1.8900951147079468,1.8358970880508423,1.4875613451004028,1.6364554166793823,1.4013574123382568,1.6661696434020996,1.5338973999023438,1.5778577327728271,1.2995942831039429,1.443124771118164,1.4984272718429565,1.3918343782424927,1.2388216257095337,0.8606802821159363,1.0499019622802734,1.153151035308838,1.5248277187347412,1.6453590393066406,2.0232481956481934,2.2348713874816895,2.5366928577423096,1.1436830759048462,1.3159724473953247,1.175575613975525,1.465318202972412,1.6115734577178955,1.6472034454345703,1.5040719509124756,1.1331549882888794,1.1808141469955444,1.0423457622528076,1.3505399227142334,1.3233462572097778,1.681748867034912,1.8184095621109009,2.0870795249938965
B1,1.726986050605774,1.7140918970108032,1.49729585647583,1.3960611820220947,1.5320292711257935,1.325359582901001,0.9491793513298035,0.8350695967674255,0.8196430802345276,1.169872522354126,1.349660038948059,1.582746982574463,1.8888875246047974,2.132296085357666,2.4574661254882812,0.0,0.36442434787750244,0.6368218660354614,0.9232118725776672,1.2238496541976929,1.485028624534607,1.3760803937911987,1.2511733770370483,1.028824806213379,0.6328726410865784,0.571704089641571,0.45148903131484985,0.6273095607757568,0.8440433144569397,1.0028489828109741,2.191787004470825,2.2786338329315186,2.2504472732543945,2.162043333053589,2.4568288326263428,2.392507314682007,2.0100550651550293,1.9100738763809204,1.688064455986023,1.8431477546691895,1.7960418462753296,1.8699723482131958,2.0494492053985596,2.1458284854888916,2.475362777709961,1.8604692220687866,2.165632724761963,2.3615801334381104,2.50779390335083,2.873723030090332,3.006971597671509,2.7090325355529785,2.471771478652954,2.177138090133667,1.9800058603286743,1.8561885356903076,1.5559649467468262,1.6633579730987549,1.433893084526062,1.7454806566238403,2.000051975250244,1.9568772315979004,1.9550578594207764,1.7466237545013428,2.024468421936035,2.0187079906463623,1.6817924976348877,1.7373133897781372,1.4706999063491821,1.6277233362197876,1.4847066402435303,1.6685092449188232,1.763026475906372,1.987752914428711,2.243816375732422
B2,2.0357632637023926,2.0314536094665527,1.8378158807754517,1.708945870399475,1.8434113264083862,1.6228238344192505,1.2579032182693481,1.193319320678711,1.1586637496948242,1.4972920417785645,1.626474380493164,1.8445149660110474,2.124394655227661,2.3465986251831055,2.672511100769043,0.36442434787750244,0.0,0.3866812586784363,0.6234177947044373,0.9038469195365906,1.2080585956573486,1.152442216873169,1.1265485286712646,0.9301797747612,0.5975316166877747,0.552870512008667,0.6623682975769043,0.7626734972000122,1.0754715204238892,1.1629939079284668,2.3196141719818115,2.3755037784576416,2.2880539894104004,2.17598295211792,2.4276123046875,2.305382251739502,1.9219720363616943,1.8264129161834717,1.6657942533493042,1.8904212713241577,1.9074863195419312,2.0320992469787598,2.2480416297912598,2.3859076499938965,2.718269109725952,2.1613597869873047,2.4460294246673584,2.627808094024658,2.738888740539551,3.10524582862854,3.2122013568878174,2.891751527786255,2.6676535606384277,2.3717007637023926,2.2187633514404297,2.0897371768951416,1.8234373331069946,1.9238159656524658,1.7109278440475464,2.014584541320801,2.0712857246398926,2.0197842121124268,2.075268268585205,1.8636854887008667,2.1511778831481934,2.1974546909332275,1.8910516500473022,1.9760652780532837,1.6822140216827393,1.7825188636779785,1.5683318376541138,1.7226002216339111,1.7351468801498413,1.9351451396942139,2.1489245891571045
B3,2.240269184112549,2.2853140830993652,2.102062463760376,2.0229251384735107,2.1684558391571045,1.945823073387146,1.5796494483947754,1.444424033164978,1.4229990243911743,1.7289173603057861,1.8704859018325806,2.032212018966675,2.3332247734069824,2.5113887786865234,2.8609395027160645,0.6368218660354614,0.3866812586784363,0.0,0.38221514225006104,0.6056499481201172,0.8609451055526733,0.8319071531295776,0.8062977194786072,0.711272120475769,0.4946736991405487,0.6725068092346191,0.8944276571273804,1.0903338193893433,1.4152289628982544,1.540817379951477,2.285081386566162,2.281479835510254,2.1643688678741455,1.9944970607757568,2.211047649383545,2.0617380142211914,1.6904727220535278,1.6640342473983765,1.5276976823806763,1.8037675619125366,1.8283252716064453,2.019928216934204,2.2216784954071045,2.413959264755249,2.7201478481292725,2.2379539012908936,2.489102602005005,2.690324068069458,2.758542060852051,3.1320340633392334,3.2450332641601562,2.921180248260498,2.74373197555542,2.424208641052246,2.283501625061035,2.1029794216156006,1.8601438999176025,1.9022419452667236,1.6949282884597778,1.966577172279358,2.2584452629089355,2.253978967666626,2.3490524291992188,2.1751575469970703,2.48547625541687,2.548159599304199,2.2308361530303955,2.276264190673828,1.9665343761444092,2.027707576751709,1.7922834157943726,1.8766058683395386,1.8675401210784912,1.998970866203308,2.217555046081543
B4,2.4020702838897705,2.468308210372925,2.332895278930664,2.244370222091675,2.4256513118743896,2.2329914569854736,1.8571966886520386,1.7427027225494385,1.658700942993164,1.932237982749939,2.0078299045562744,2.138540267944336,2.4026687145233154,2.546516180038452,2.891371726989746,0.9232118725776672,0.6234177947044373,0.38221514225006104,0.0,0.3828384280204773,0.6298660039901733,0.5803598761558533,0.7266793251037598,0.6245342493057251,0.5993568301200867,0.7153493762016296,1.0532968044281006,1.2050644159317017,1.5780946016311646,1.6936675310134888,2.249079942703247,2.2275195121765137,2.0507662296295166,1.8862882852554321,2.0566461086273193,1.856260895729065,1.4914803504943848,1.4419394731521606,1.3819657564163208,1.7084211111068726,1.8124067783355713,2.033996343612671,2.282796621322632,2.50495982170105,2.818047523498535,2.4133448600769043,2.6365675926208496,2.7999837398529053,2.82861065864563,3.1910972595214844,3.262815475463867,2.917288303375244,2.7527899742126465,2.445061445236206,2.364781379699707,2.203449010848999,2.015503168106079,2.0867412090301514,1.9346791505813599,2.222252130508423,2.170198678970337,2.178844928741455,2.3342578411102295,2.1888489723205566,2.5162353515625,2.635424852371216,2.3413894176483154,2.383894920349121,2.0485644340515137,2.040003776550293,1.7505288124084473,1.7822566032409668,1.701870083808899,1.7877566814422607,1.9682645797729492
B5,2.7701194286346436,2.835024118423462,2.681251287460327,2.5890064239501953,2.74393630027771,2.5192623138427734,2.1570825576782227,2.0466201305389404,2.0020079612731934,2.2902493476867676,2.384097099304199,2.5146055221557617,2.783968687057495,2.9211766719818115,3.2687618732452393,1.2238496541976929,0.9038469195365906,0.6056499481201172,0.3828384280204773,0.0,0.38413628935813904,0.5870986580848694,0.8324393630027771,0.8858172297477722,0.9331265687942505,1.096082091331482,1.4190723896026611,1.5622836351394653,1.9294750690460205,2.0140302181243896,2.546776056289673,2.485595703125,2.283038377761841,2.074213981628418,2.1908600330352783,1.9442946910858154,1.614704966545105,1.6307600736618042,1.622745156288147,1.9817365407943726,2.0935280323028564,2.349179983139038,2.5819203853607178,2.8269755840301514,3.121168375015259,2.7397236824035645,2.9532082080841064,3.132883071899414,3.145597457885742,3.5098352432250977,3.586139440536499,3.241612672805786,3.0994937419891357,2.785065174102783,2.70670223236084,2.5202553272247314,2.3343617916107178,2.363551378250122,2.1942696571350098,2.443801164627075,2.5261542797088623,2.5322279930114746,2.700115919113159,2.546790599822998,2.8653883934020996,2.987175464630127,2.7019174098968506,2.7595479488372803,2.4269773960113525,2.418410301208496,2.1198437213897705,2.1396758556365967,2.027435064315796,2.0820698738098145,2.2274324893951416
B6,2.9087839126586914,3.016002655029297,2.884519338607788,2.833442211151123,3.011924982070923,2.8049590587615967,2.4338226318359375,2.275543451309204,2.218745470046997,2.469388484954834,2.5593202114105225,2.638672113418579,2.9139630794525146,3.0075786113739014,3.367279052734375,1.485028624534607,1.2080585956573486,0.8609451055526733,0.6298660039901733,0.38413628935813904,0.0,0.38742730021476746,0.6861805319786072,0.8682839274406433,1.058084487915039,1.2881532907485962,1.6306030750274658,1.8259350061416626,2.1936933994293213,2.3215363025665283,2.4708166122436523,2.3576366901397705,2.1286537647247314,1.877819538116455,1.9428075551986694,1.6703581809997559,1.3790476322174072,1.4713281393051147,1.5031200647354126,1.8857027292251587,2.009795904159546,2.310513496398926,2.5293593406677246,2.813628911972046,3.0791897773742676,2.7867772579193115,2.9608471393585205,3.140758752822876,3.110581874847412,3.468651056289673,3.5409536361694336,3.1991991996765137,3.1026341915130615,2.7803709506988525,2.7245309352874756,2.5103251934051514,2.3643851280212402,2.3600847721099854,2.224456787109375,2.448157787322998,2.6497223377227783,2.702174186706543,2.895857572555542,2.783134698867798,3.1214122772216797,3.254781484603882,2.9571356773376465,2.973235845565796,2.6315643787384033,2.5904488563537598,2.289752960205078,2.2501049041748047,2.1362056732177734,2.124739170074463,2.277642250061035
B7,2.6206836700439453,2.757544994354248,2.663088321685791,2.6408586502075195,2.858248710632324,2.695019006729126,2.3106939792633057,2.1241118907928467,2.021005868911743,2.226440906524658,2.2898247241973877,2.3304498195648193,2.598667860031128,2.665343761444092,3.0281200408935547,1.3760803937911987,1.152442216873169,0.8319071531295776,0.5803598761558533,0.5870986580848694,0.38742730021476746,0.0,0.4026666581630707,0.5412123203277588,0.8326666951179504,1.0671144723892212,1.4229190349578857,1.6511971950531006,2.015310287475586,2.1924691200256348,2.0875439643859863,1.9782081842422485,1.7485448122024536,1.5144472122192383,1.607061505317688,1.3614940643310547,1.0346540212631226,1.104170322418213,1.1161707639694214,1.4987914562225342,1.6356301307678223,1.9395231008529663,2.172670602798462,2.4638075828552246,2.732142210006714,2.4817800521850586,2.6369895935058594,2.796022415161133,2.750190496444702,3.1022608280181885,3.1628217697143555,2.8183231353759766,2.7297143936157227,2.4099032878875732,2.3740038871765137,2.1687004566192627,2.0543150901794434,2.07431960105896,1.9849114418029785,2.2341349124908447,2.3429298400878906,2.4301881790161133,2.6319987773895264,2.557049036026001,2.9123363494873047,3.0534632205963135,2.7459988594055176,2.72135591506958,2.3741090297698975,2.305553913116455,2.0124051570892334,1.9364567995071411,1.8469780683517456,1.8133273124694824,2.0037362575531006
B8,2.373675584793091,2.5337321758270264,2.4322962760925293,2.4592812061309814,2.678913116455078,2.5278096199035645,2.147897243499756,1.9042085409164429,1.818080186843872,1.9957014322280884,2.0987601280212402,2.1145846843719482,2.4187021255493164,2.4803483486175537,2.8581531047821045,1.2511733770370483,1.1265485286712646,0.8062977194786072,0.7266793251037598,0.8324393630027771,0.6861805319786072,0.4026666581630707,0.0,0.3639741837978363,0.6642646193504333,0.9930688738822937,1.2833585739135742,1.5862962007522583,1.908211588859558,2.137648582458496,1.8585717678070068,1.7425545454025269,1.5731524229049683,1.315312385559082,1.4731441736221313,1.3151311874389648,0.9749414920806885,1.0914185047149658,0.9851325154304504,1.3175855875015259,1.3684391975402832,1.676200032234192,1.8604649305343628,2.153846263885498,2.402764320373535,2.1503403186798096,2.298400640487671,2.4873037338256836,2.4482405185699463,2.8100080490112305,2.907832622528076,2.5836997032165527,2.509352207183838,2.169440507888794,2.0925683975219727,1.849549651145935,1.72179114818573,1.7016017436981201,1.6098811626434326,1.8428980112075806,2.316383123397827,2.4291162490844727,2.5916457176208496,2.528771162033081,2.887181282043457,2.989067554473877,2.6518352031707764,2.5868186950683594,2.254793882369995,2.216977834701538,1.9744497537612915,1.9029971361160278,1.8961584568023682,1.8775076866149902,2.131415605545044
B9,2.084336996078491,2.2342677116394043,2.154668092727661,2.1647305488586426,2.407689094543457,2.285656690597534,1.8978309631347656,1.6766964197158813,1.5404517650604248,1.7087242603302002,1.7758240699768066,1.8026882410049438,2.090155601501465,2.1666815280914307,2.5377376079559326,1.028824806213379,0.9301797747612,0.711272120475769,0.6245342493057251,0.8858172297477722,0.8682839274406433,0.5412123203277588,0.3639741837978363,0.0,0.3986777365207672,0.6628809571266174,0.9721279740333557,1.262892246246338,1.590348482131958,1.830174207687378,1.6737574338912964,1.6229734420776367,1.4687079191207886,1.2921653985977173,1.50920832157135,1.3853346109390259,1.0054066181182861,0.986031711101532,0.8305528163909912,1.1379848718643188,1.2102605104446411,1.4695771932601929,1.70271635055542,1.9634422063827515,2.2532780170440674,1.9535552263259888,2.1249773502349854,2.2838704586029053,2.269427537918091,2.63057017326355,2.7098190784454346,2.3722658157348633,2.2554218769073486,1.9273054599761963,1.858981966972351,1.6633036136627197,1.5303040742874146,1.5883631706237793,1.5149308443069458,1.8084087371826172,1.9659427404403687,2.069505453109741,2.228006362915039,2.167572021484375,2.5285308361053467,2.6389389038085938,2.307053804397583,2.242684841156006,1.9042723178863525,1.8575955629348755,1.6112576723098755,1.553225040435791,1.5604287385940552,1.5783249139785767,1.8493566513061523
B10,1.8599544763565063,1.961825966835022,1.8378443717956543,1.8207790851593018,2.03828501701355,1.896026611328125,1.5089648962020874,1.3031011819839478,1.190765619277954,1.4132646322250366,1.5222060680389404,1.619146704673767,1.9272434711456299,2.0686001777648926,2.432103157043457,0.6328726410865784,0.5975316166877747,0.4946736991405487,0.5993568301200867,0.9331265687942505,1.058084487915039,0.8326666951179504,0.6642646193504333,0.3986777365207672,0.0,0.38352057337760925,0.6264310479164124,0.9367706775665283,1.2475461959838867,1.4809125661849976,1.795048713684082,1.809387445449829,1.719550371170044,1.586790919303894,1.851058006286621,1.7648577690124512,1.3832751512527466,1.319276213645935,1.1141241788864136,1.3405855894088745,1.3472262620925903,1.5261023044586182,1.7409485578536987,1.93834388256073,2.2518956661224365,1.8159866333007812,2.045227289199829,2.2244203090667725,2.276388168334961,2.6468632221221924,2.752033233642578,2.427126169204712,2.2578959465026855,1.9340306520462036,1.806148886680603,1.6313375234603882,1.4203921556472778,1.502085566520691,1.3629149198532104,1.6802293062210083,1.9047471284866333,1.9578672647476196,2.0578060150146484,1.946639895439148,2.2877447605133057,2.3580756187438965,2.016319513320923,1.9837455749511719,1.660876989364624,1.685925006866455,1.4728084802627563,1.5082800388336182,1.5619938373565674,1.672780990600586,1.9512470960617065
B11,1.7047163248062134,1.769742488861084,1.6733622550964355,1.6021466255187988,1.8425791263580322,1.7333160638809204,1.343590497970581,1.2162024974822998,1.0298397541046143,1.256157398223877,1.2954148054122925,1.4357469081878662,1.698317527770996,1.8711503744125366,2.2101800441741943,0.571704089641571,0.552870512008667,0.6725068092346191,0.7153493762016296,1.096082091331482,1.2881532907485962,1.0671144723892212,0.9930688738822937,0.6628809571266174,0.38352057337760925,0.0,0.39050233364105225,0.6028314828872681,0.954329252243042,1.17253577709198,1.8034093379974365,1.8839538097381592,1.7970802783966064,1.7422124147415161,2.018604040145874,1.9372926950454712,1.5521782636642456,1.3893158435821533,1.1990762948989868,1.3823983669281006,1.4300724267959595,1.5371824502944946,1.8014070987701416,1.9491392374038696,2.2990574836730957,1.8237595558166504,2.074615240097046,2.2054286003112793,2.2842514514923096,2.6395578384399414,2.711987257003784,2.3763389587402344,2.1558408737182617,1.8665505647659302,1.7632989883422852,1.6674798727035522,1.464970350265503,1.6363272666931152,1.5242723226547241,1.8792591094970703,1.5985736846923828,1.611832618713379,1.7084389925003052,1.579986333847046,1.9209238290786743,2.0132040977478027,1.6898620128631592,1.6870299577713013,1.3518747091293335,1.368091344833374,1.1339077949523926,1.2209590673446655,1.269271969795227,1.4463169574737549,1.7109428644180298
B12,1.3920708894729614,1.419682502746582,1.2922906875610352,1.221648931503296,1.4618425369262695,1.371727705001831,0.9836641550064087,0.8498114943504333,0.6404123902320862,0.893936276435852,0.9814624190330505,1.1822292804718018,1.47019362449646,1.6980477571487427,2.02569842338562,0.45148903131484985,0.6623682975769043,0.8944276571273804,1.0532968044281006,1.4190723896026611,1.6306030750274658,1.4229190349578857,1.2833585739135742,0.9721279740333557,0.6264310479164124,0.39050233364105225,0.0,0.3901723027229309,0.6284437775611877,0.911954939365387,1.8259814977645874,1.9580321311950684,1.9452053308486938,1.9238171577453613,2.2426769733428955,2.2168991565704346,1.8390382528305054,1.673667550086975,1.4289131164550781,1.5209579467773438,1.4891510009765625,1.5125442743301392,1.7342883348464966,1.811725378036499,2.167959451675415,1.589245080947876,1.8810102939605713,2.0233378410339355,2.162238359451294,2.5154261589050293,2.617077350616455,2.3089065551757812,2.0528833866119385,1.7753148078918457,1.6115467548370361,1.542589545249939,1.2863999605178833,1.4855165481567383,1.3483856916427612,1.7135121822357178,1.57233464717865,1.5602097511291504,1.5673315525054932,1.4119682312011719,1.727091670036316,1.754125714302063,1.4026612043380737,1.3942567110061646,1.0920419692993164,1.205568790435791,1.070725440979004,1.241995930671692,1.3866714239120483,1.6209849119186401,1.9074583053588867
B13,1.4657247066497803,1.4156876802444458,1.3006116151809692,1.1219451427459717,1.3489903211593628,1.2723592519760132,0.9115270972251892,0.9444473385810852,0.7148144245147705,0.9805229306221008,0.9830667972564697,1.2583954334259033,1.4658870697021484,1.737102746963501,2.0158026218414307,0.6273095607757568,0.7626734972000122,1.0903338193893433,1.2050644159317017,1.5622836351394653,1.8259350061416626,1.6511971950531006,1.5862962007522583,1.262892246246338,0.9367706775665283,0.6028314828872681,0.3901723027229309,0.0,0.3948085308074951,0.5791868567466736,2.0648021697998047,2.232830762863159,2.2060086727142334,2.22314190864563,2.530043601989746,2.48416805267334,2.1061036586761475,1.8911083936691284,1.6868271827697754,1.7752166986465454,1.7876282930374146,1.7726497650146484,2.0229148864746094,2.061234951019287,2.433443546295166,1.834370732307434,2.1369149684906006,2.2373108863830566,2.3978748321533203,2.729104995727539,2.799619436264038,2.488677978515625,2.1916205883026123,1.9596476554870605,1.825109601020813,1.823187232017517,1.5834516286849976,1.823718786239624,1.6944682598114014,2.0594305992126465,1.4601842164993286,1.3638513088226318,1.3471500873565674,1.1250765323638916,1.4163163900375366,1.4608114957809448,1.1465535163879395,1.2323766946792603,0.9382861256599426,1.0732169151306152,0.926586925983429,1.1907902956008911,1.2996313571929932,1.6009066104888916,1.8361468315124512
