,A1,A2,A3,A4,A5,A6,A7,A8,A9,A10,A11,A12,A13,A14,A15,B1,B2,B3,B4,B5,B6,B7,B8,B9,B10,B11,B12,B13,B14,B15,C1,C2,C3,C4,C5,C6,C7,C8,C9,C10,C11,C12,C13,C14,C15,D1,D2,D3,D4,D5,D6,D7,D8,D9,D10,D11,D12,D13,D14,D15,E1,E2,E3,E4,E5,E6,E7,E8,E9,E10,E11,E12,E13,E14,E15
A1,0.0,0.3729782700538635,0.6268556714057922,0.8909779787063599,1.1992855072021484,1.4707005023956299,1.368048071861267,1.1911298036575317,0.9512158036231995,0.5596111416816711,0.4707757234573364,0.34267738461494446,0.529858410358429,0.7841513156890869,0.992679238319397,1.3598859310150146,1.6894344091415405,1.7887247800827026,1.9530917406082153,2.284442663192749,2.3687522411346436,2.0589847564697266,1.7972729206085205,1.514931559562683,1.3609910011291504,1.3584867715835571,1.1395156383514404,1.4549626111984253,1.390822410583496,1.7444404363632202,1.5017601251602173,1.7115905284881592,1.7736408710479736,1.7650357484817505,2.1001110076904297,2.118180751800537,1.7961151599884033,1.6789050102233887,1.3656005859375,1.334153175354004,1.2706868648529053,1.2161633968353271,1.467308759689331,1.511331558227539,1.8704637289047241,0.4917445480823517,0.8541734218597412,1.0595695972442627,1.3496557474136353,1.65140700340271,1.893314242362976,1.7675803899765015,1.496209979057312,1.2636618614196777,0.8922245502471924,0.8978003263473511,0.6120441555976868,0.8467516899108887,0.8622009754180908,1.112192153930664,1.3050458431243896,1.3765015602111816,1.4015851020812988,1.3013662099838257,1.6287178993225098,1.6618545055389404,1.321000576019287,1.2654314041137695,0.9358329772949219,1.01435124874115,0.9102877974510193,1.037346601486206,1.2594120502471924,1.4391156435012817,1.756727695465088
A2,0.3729782700538635,0.0,0.3795742690563202,0.6035301685333252,0.8834669589996338,1.2007668018341064,1.1781280040740967,1.0904136896133423,0.8832342028617859,0.5675947666168213,0.46357133984565735,0.5897341966629028,0.6353113055229187,0.9880572557449341,1.1083695888519287,1.6171144247055054,1.9304689168930054,1.9690355062484741,2.131176710128784,2.434445858001709,2.4678871631622314,2.136040449142456,1.8489068746566772,1.6178332567214966,1.5258525609970093,1.6001242399215698,1.4336941242218018,1.7790616750717163,1.7489620447158813,2.1002886295318604,1.7119758129119873,1.9603137969970703,2.0078628063201904,2.0418193340301514,2.3672547340393066,2.3722774982452393,2.033322334289551,1.8746488094329834,1.5983269214630127,1.5599424839019775,1.5542216300964355,1.4628723859786987,1.746479868888855,1.75176203250885,2.1237034797668457,0.8358175158500671,1.1873729228973389,1.4226280450820923,1.7111982107162476,2.0140864849090576,2.2649896144866943,2.1374566555023193,1.863362431526184,1.6261030435562134,1.2600425481796265,1.2297595739364624,0.895159125328064,1.0490703582763672,0.920037567615509,1.1328098773956299,1.343387246131897,1.318718671798706,1.3401877880096436,1.1517302989959717,1.458412528038025,1.499294400215149,1.204176425933838,1.2636104822158813,0.9358567595481873,1.0492570400238037,0.8846827745437622,1.099625587463379,1.2330994606018066,1.4717388153076172,1.7321794033050537
A3,0.6268556714057922,0.3795742690563202,0.0,0.38077595829963684,0.595442533493042,0.8729080557823181,0.8626373410224915,0.7675564885139465,0.661568820476532,0.4652884006500244,0.5989713668823242,0.8421580791473389,0.9871245622634888,1.3413926362991333,1.4867573976516724,1.8517043590545654,2.132657051086426,2.1475093364715576,2.250955820083618,2.5507333278656006,2.543712615966797,2.181635618209839,1.9338027238845825,1.701469898223877,1.685320258140564,1.7454346418380737,1.6324800252914429,1.9710643291473389,1.9586607217788696,2.3263566493988037,1.7087945938110352,1.9503897428512573,1.9382052421569824,1.9975857734680176,2.292450189590454,2.267019271850586,1.9138692617416382,1.718928575515747,1.5002617835998535,1.4951841831207275,1.5837584733963013,1.527214765548706,1.8641186952590942,1.9143692255020142,2.290571451187134,0.9612589478492737,1.2789382934570312,1.5795567035675049,1.8215211629867554,2.1432430744171143,2.4185068607330322,2.300922155380249,2.0738182067871094,1.7960890531539917,1.4290779829025269,1.2934725284576416,0.9264373183250427,0.9511909484863281,0.6962437629699707,0.8651970624923706,1.3579401969909668,1.331081748008728,1.4440752267837524,1.268371343612671,1.5905005931854248,1.7020649909973145,1.464023232460022,1.5463825464248657,1.1955976486206055,1.2126891613006592,0.9333063960075378,1.0810840129852295,1.095617651939392,1.295056939125061,1.5115692615509033
A4,0.8909779787063599,0.6035301685333252,0.38077595829963684,0.0,0.3745522201061249,0.6311017870903015,0.6363639831542969,0.7152268886566162,0.5880159139633179,0.594077467918396,0.6452964544296265,0.9961740970611572,1.1036887168884277,1.4891462326049805,1.6322646141052246,1.9159878492355347,2.158111095428467,2.105257034301758,2.1911866664886475,2.4527652263641357,2.39310359954834,2.020432949066162,1.7660402059555054,1.5927894115447998,1.647771954536438,1.7790093421936035,1.7375277280807495,2.1023850440979004,2.1564276218414307,2.5219812393188477,1.7316319942474365,2.0189199447631836,2.0291037559509277,2.153308868408203,2.4506497383117676,2.4604949951171875,2.127613067626953,1.8791046142578125,1.6784894466400146,1.6047316789627075,1.7124602794647217,1.5900938510894775,1.937488317489624,1.9396318197250366,2.316652774810791,1.2624250650405884,1.5983725786209106,1.8812620639801025,2.101813793182373,2.4411985874176025,2.6889445781707764,2.529801368713379,2.3001482486724854,2.0048208236694336,1.6656931638717651,1.532375454902649,1.157793641090393,1.2130796909332275,0.9068824648857117,1.1087212562561035,1.2123736143112183,1.0999844074249268,1.2301162481307983,1.030016303062439,1.3351709842681885,1.5036909580230713,1.3417627811431885,1.4735857248306274,1.13871431350708,1.1175135374069214,0.8010488152503967,1.0015895366668701,0.9321773052215576,1.205148458480835,1.352014422416687
A5,1.1992855072021484,0.8834669589996338,0.595442533493042,0.3745522201061249,0.0,0.38203683495521545,0.6166920065879822,0.7890233993530273,0.8283408284187317,0.9087197184562683,1.0159938335418701,1.3524794578552246,1.4402868747711182,1.8267017602920532,1.9321962594985962,2.290341377258301,2.529381036758423,2.4665236473083496,2.5373282432556152,2.786816120147705,2.699270486831665,2.3185842037200928,2.0785071849823,1.9285657405853271,2.0112929344177246,2.14277982711792,2.105764865875244,2.4649131298065186,2.504875898361206,2.873506546020508,2.0412073135375977,2.315551996231079,2.285064220428467,2.4104983806610107,2.679361343383789,2.652135133743286,2.3067989349365234,2.054025888442993,1.904796838760376,1.873438835144043,2.026273488998413,1.9303114414215088,2.2903518676757812,2.305830717086792,2.6815450191497803,1.5475887060165405,1.8569002151489258,2.1676762104034424,2.3882322311401367,2.7202866077423096,2.992260456085205,2.8567278385162354,2.637972354888916,2.342304229736328,1.99248468875885,1.829896092414856,1.45602548122406,1.4313833713531494,1.07931649684906,1.1696364879608154,1.5291649103164673,1.386734127998352,1.5308434963226318,1.3003730773925781,1.5544052124023438,1.7242153882980347,1.6126595735549927,1.7983787059783936,1.4853706359863281,1.4759153127670288,1.152589201927185,1.3284732103347778,1.1779077053070068,1.410376787185669,1.4815845489501953
A6,1.4707005023956299,1.2007668018341064,0.8729080557823181,0.6311017870903015,0.38203683495521545,0.0,0.39540740847587585,0.6805238127708435,0.8368948698043823,1.0613842010498047,1.2346969842910767,1.5917128324508667,1.7336913347244263,2.11675763130188,2.260236978530884,2.4615554809570312,2.6610493659973145,2.5719990730285645,2.587827205657959,2.8195722103118896,2.6930651664733887,2.30130934715271,2.112217903137207,1.976974368095398,2.1239004135131836,2.248079538345337,2.265244960784912,2.613462209701538,2.685244560241699,3.058093309402466,2.0410218238830566,2.307858943939209,2.2440826892852783,2.4078991413116455,2.6453840732574463,2.6174561977386475,2.2906150817871094,2.000446081161499,1.9091335535049438,1.872450828552246,2.0841970443725586,1.9981071949005127,2.377352714538574,2.4148037433624268,2.7799885272979736,1.7571778297424316,2.0429470539093018,2.368501663208008,2.5424113273620605,2.8878209590911865,3.1553235054016113,3.009314775466919,2.8268792629241943,2.5039870738983154,2.1759350299835205,1.9626669883728027,1.59970223903656,1.5258599519729614,1.1405439376831055,1.2086422443389893,1.5538469552993774,1.419838309288025,1.6352779865264893,1.4613410234451294,1.7133817672729492,1.944602608680725,1.8738903999328613,2.0393850803375244,1.7200641632080078,1.633460521697998,1.2712746858596802,1.369997501373291,1.1160876750946045,1.2925320863723755,1.2735515832901
A7,1.368048071861267,1.1781280040740967,0.8626373410224915,0.6363639831542969,0.6166920065879822,0.39540740847587585,0.0,0.38704514503479004,0.5329163670539856,0.8618893027305603,1.0771297216415405,1.4310873746871948,1.6404119729995728,2.0030810832977295,2.2071099281311035,2.2091026306152344,2.3774123191833496,2.2867212295532227,2.2646560668945312,2.500810384750366,2.376695394515991,1.9807902574539185,1.8307877779006958,1.6714779138565063,1.8448853492736816,1.9446090459823608,2.000648021697998,2.3336122035980225,2.4368724822998047,2.8075764179229736,1.6759052276611328,1.941155195236206,1.8789677619934082,2.070714235305786,2.3082733154296875,2.312453031539917,2.010256052017212,1.692690372467041,1.6019972562789917,1.5276453495025635,1.7576124668121338,1.6701555252075195,2.0556037425994873,2.1138756275177,2.4678096771240234,1.5928969383239746,1.868353247642517,2.1817076206207275,2.3116979598999023,2.670861005783081,2.9143965244293213,2.7447359561920166,2.589691638946533,2.246941328048706,1.9504848718643188,1.7132397890090942,1.3688874244689941,1.3081653118133545,0.9359150528907776,1.0886292457580566,1.2448570728302002,1.1733415126800537,1.450018048286438,1.3653606176376343,1.6640334129333496,1.9328627586364746,1.839086651802063,1.9313387870788574,1.5918837785720825,1.4259324073791504,1.0397274494171143,1.051231026649475,0.7555956840515137,0.8992711305618286,0.8908635973930359
A8,1.1911298036575317,1.0904136896133423,0.7675564885139465,0.7152268886566162,0.7890233993530273,0.6805238127708435,0.38704514503479004,0.0,0.36949893832206726,0.6611997485160828,0.9841868281364441,1.2764250040054321,1.5533891916275024,1.8824076652526855,2.1203038692474365,2.0616555213928223,2.24306058883667,2.2080819606781006,2.177611827850342,2.4535768032073975,2.3782944679260254,1.987417459487915,1.8605906963348389,1.6307072639465332,1.7592573165893555,1.7822234630584717,1.8073627948760986,2.1089673042297363,2.178865671157837,2.5520589351654053,1.4603713750839233,1.6805343627929688,1.5804622173309326,1.734688639640808,1.9649087190628052,1.946117639541626,1.6316797733306885,1.3281747102737427,1.2391140460968018,1.2163876295089722,1.4704514741897583,1.4507771730422974,1.8434804677963257,1.9638978242874146,2.313906192779541,1.3125650882720947,1.546773910522461,1.8730225563049316,1.9774508476257324,2.332808494567871,2.5882253646850586,2.441493272781372,2.3148467540740967,1.9677478075027466,1.6719003915786743,1.3938894271850586,1.0698294639587402,0.9494427442550659,0.5790598392486572,0.7473993897438049,1.2281674146652222,1.2666411399841309,1.55087411403656,1.509415626525879,1.8509104251861572,2.0931036472320557,1.9319349527359009,1.9619333744049072,1.5948554277420044,1.4153895378112793,1.0313644409179688,0.9521705508232117,0.7256386876106262,0.7491788864135742,0.8595784902572632
A9,0.9512158036231995,0.8832342028617859,0.661568820476532,0.5880159139633179,0.8283408284187317,0.8368948698043823,0.5329163670539856,0.36949893832206726,0.0,0.3961334228515625,0.6576564908027649,0.9637655019760132,1.2426966428756714,1.5664087533950806,1.82309091091156,1.714489221572876,1.8999394178390503,1.858934760093689,1.8570165634155273,2.138363838195801,2.083340883255005,1.698396921157837,1.5367087125778198,1.2967514991760254,1.4039064645767212,1.4536184072494507,1.4819544553756714,1.8075339794158936,1.904740810394287,2.275224447250366,1.2270588874816895,1.4950523376464844,1.4740303754806519,1.6376914978027344,1.9203675985336304,1.9593276977539062,1.659873127937317,1.3661903142929077,1.186337947845459,1.0755643844604492,1.253559947013855,1.1664069890975952,1.551106333732605,1.6312068700790405,1.9912185668945312,1.1210805177688599,1.4043422937393188,1.6895228624343872,1.8123799562454224,2.177170753479004,2.401428699493408,2.218355178833008,2.059905767440796,1.7157082557678223,1.4280027151107788,1.2040586471557617,0.8634350895881653,0.8858137130737305,0.5918372273445129,0.9048207402229309,0.9012027382850647,0.9542441964149475,1.2175368070602417,1.2014492750167847,1.562093734741211,1.7964547872543335,1.6150957345962524,1.610864281654358,1.2431747913360596,1.0485115051269531,0.6690608263015747,0.6117967367172241,0.4796827435493469,0.6417505145072937,0.8595590591430664
A10,0.5596111416816711,0.5675947666168213,0.4652884006500244,0.594077467918396,0.9087197184562683,1.0613842010498047,0.8618893027305603,0.6611997485160828,0.3961334228515625,0.0,0.3863866925239563,0.6185697317123413,0.9161508679389954,1.2253371477127075,1.478562593460083,1.5066677331924438,1.7541145086288452,1.7759883403778076,1.8405121564865112,2.1552364826202393,2.16513729095459,1.8061784505844116,1.5990536212921143,1.3201662302017212,1.3126498460769653,1.329728603363037,1.2589361667633057,1.5892714262008667,1.6265244483947754,2.0005433559417725,1.243738055229187,1.4902032613754272,1.5007827281951904,1.5864702463150024,1.9003022909164429,1.9277321100234985,1.6072914600372314,1.385614275932312,1.1304197311401367,1.0579081773757935,1.1402558088302612,1.0734765529632568,1.4276206493377686,1.5082271099090576,1.8794293403625488,0.7588863968849182,1.079333782196045,1.3561358451843262,1.5340098142623901,1.886797547340393,2.1241238117218018,1.961895227432251,1.7657217979431152,1.447965383529663,1.1180857419967651,0.9461738467216492,0.5741498470306396,0.6879137754440308,0.502151608467102,0.8453524112701416,0.9944882392883301,1.0758366584777832,1.2425296306610107,1.1935127973556519,1.5618430376052856,1.7202218770980835,1.4647002220153809,1.4333586692810059,1.055817723274231,0.9486620426177979,0.6502991318702698,0.6730555295944214,0.7632806897163391,0.925586998462677,1.2155624628067017
A11,0.4707757234573364,0.46357133984565735,0.5989713668823242,0.6452964544296265,1.0159938335418701,1.2346969842910767,1.0771297216415405,0.9841868281364441,0.6576564908027649,0.3863866925239563,0.0,0.3826819360256195,0.5875680446624756,0.9288687109947205,1.1713582277297974,1.2833797931671143,1.5527052879333496,1.5553736686706543,1.6872444152832031,1.9870271682739258,2.012251138687134,1.6772239208221436,1.4051036834716797,1.1588945388793945,1.0978142023086548,1.1947191953659058,1.1054221391677856,1.4766145944595337,1.540231704711914,1.897131085395813,1.3053723573684692,1.5923649072647095,1.6873823404312134,1.778821349143982,2.123312473297119,2.1952614784240723,1.8977164030075073,1.6933207511901855,1.3968466520309448,1.2563142776489258,1.2323747873306274,1.0688046216964722,1.3658230304718018,1.3502751588821411,1.7284607887268066,0.8307960629463196,1.1950100660324097,1.3930809497833252,1.613789677619934,1.9525766372680664,2.1499454975128174,1.9535881280899048,1.6989641189575195,1.416068196296692,1.102787733078003,1.0626118183135986,0.7322210073471069,0.9861543774604797,0.879729688167572,1.2112795114517212,0.8883926272392273,0.9135982990264893,0.9719328880310059,0.8963901400566101,1.2556096315383911,1.3734819889068604,1.0921498537063599,1.0510982275009155,0.6752070188522339,0.6412827372550964,0.450895756483078,0.6565974950790405,0.8634989857673645,1.1285845041275024,1.4140406847000122
A12,0.34267738461494446,0.5897341966629028,0.8421580791473389,0.9961740970611572,1.3524794578552246,1.5917128324508667,1.4310873746871948,1.2764250040054321,0.9637655019760132,0.6185697317123413,0.3826819360256195,0.0,0.3901381492614746,0.6160427331924438,0.917312502861023,1.0394231081008911,1.3608698844909668,1.4480117559432983,1.6261308193206787,1.9536012411117554,2.0516295433044434,1.7605332136154175,1.4929066896438599,1.208595871925354,1.0253713130950928,1.0461668968200684,0.8460831046104431,1.1965174674987793,1.2051771879196167,1.5548478364944458,1.2849935293197632,1.5249319076538086,1.6523526906967163,1.6786673069000244,2.0372352600097656,2.1178648471832275,1.8360331058502197,1.6972291469573975,1.3574737310409546,1.2339277267456055,1.1070619821548462,0.972783088684082,1.1945428848266602,1.190130591392517,1.5530909299850464,0.605843186378479,0.9572520852088928,1.0812143087387085,1.3305047750473022,1.6462026834487915,1.8268846273422241,1.6368564367294312,1.3517512083053589,1.1053787469863892,0.7883579134941101,0.8591077327728271,0.620163083076477,0.9645010232925415,1.0085935592651367,1.3273117542266846,1.0580229759216309,1.1596819162368774,1.1557163000106812,1.1253182888031006,1.4566296339035034,1.5029911994934082,1.1572211980819702,1.0182006359100342,0.6866239309310913,0.7255122065544128,0.7131435871124268,0.8394827246665955,1.1419676542282104,1.345535159111023,1.6775645017623901
A13,0.529858410358429,0.6353113055229187,0.9871245622634888,1.1036887168884277,1.4402868747711182,1.7336913347244263,1.6404119729995728,1.5533891916275024,1.2426966428756714,0.9161508679389954,0.5875680446624756,0.3901381492614746,0.0,0.3926429748535156,0.5851207375526428,1.118768334388733,1.459672451019287,1.5281020402908325,1.776323676109314,2.0708372592926025,2.172848701477051,1.910549283027649,1.5884450674057007,1.3707433938980103,1.1533488035202026,1.2551579475402832,1.0352109670639038,1.3804538249969482,1.3757944107055664,1.6808539628982544,1.616493821144104,1.8702831268310547,2.026534080505371,2.049791097640991,2.4118120670318604,2.4946744441986084,2.211888313293457,2.084925889968872,1.7444422245025635,1.6175776720046997,1.4628523588180542,1.2917590141296387,1.4521009922027588,1.3600554466247559,1.702915906906128,0.8951075673103333,1.2291841506958008,1.2998303174972534,1.5964620113372803,1.8695017099380493,2.031238555908203,1.8474669456481934,1.5117039680480957,1.3407057523727417,1.0532021522521973,1.2082545757293701,0.9967372417449951,1.3217589855194092,1.3377488851547241,1.6245148181915283,1.2601336240768433,1.2726916074752808,1.1566476821899414,1.0464062690734863,1.3099772930145264,1.2625651359558105,0.8826048374176025,0.7825624346733093,0.5339547395706177,0.778734028339386,0.8793509006500244,1.118579626083374,1.4092520475387573,1.6709356307983398,1.9756245613098145
A14,0.7841513156890869,0.9880572557449341,1.3413926362991333,1.4891462326049805,1.8267017602920532,2.11675763130188,2.0030810832977295,1.8824076652526855,1.5664087533950806,1.2253371477127075,0.9288687109947205,0.6160427331924438,0.3926429748535156,0.0,0.38207313418388367,0.9503125548362732,1.3163427114486694,1.4583487510681152,1.7504054307937622,2.0480170249938965,2.2145161628723145,2.007148504257202,1.6995885372161865,1.4745148420333862,1.1698651313781738,1.2155981063842773,0.9210914969444275,1.1985108852386475,1.1479666233062744,1.4006553888320923,1.6913827657699585,1.9017078876495361,2.093705415725708,2.073075294494629,2.4365475177764893,2.5387730598449707,2.2877748012542725,2.21093487739563,1.8503152132034302,1.7236162424087524,1.4896812438964844,1.3347684144973755,1.3915255069732666,1.282841682434082,1.5750669240951538,0.9777288436889648,1.233010172843933,1.187221646308899,1.4848999977111816,1.705884575843811,1.8181501626968384,1.6341490745544434,1.2653743028640747,1.179931640625,0.9642265439033508,1.2334426641464233,1.136464238166809,1.4909350872039795,1.5956554412841797,1.8771013021469116,1.4687819480895996,1.5331370830535889,1.3824244737625122,1.3331739902496338,1.5575593709945679,1.4587000608444214,1.0664701461791992,0.8584249019622803,0.7441619038581848,0.9816792607307434,1.173081398010254,1.3543847799301147,1.694947600364685,1.9210861921310425,2.2512331008911133
A15,0.992679238319397,1.1083695888519287,1.4867573976516724,1.6322646141052246,1.9321962594985962,2.260236978530884,2.2071099281311035,2.1203038692474365,1.82309091091156,1.478562593460083,1.1713582277297974,0.917312502861023,0.5851207375526428,0.38207313418388367,0.0,1.2801264524459839,1.634108304977417,1.7585121393203735,2.077439546585083,2.349520206451416,2.508033514022827,2.311509370803833,1.9766205549240112,1.7940179109573364,1.4999011754989624,1.5824856758117676,1.2932350635528564,1.546952724456787,1.4625715017318726,1.6721973419189453,2.068577766418457,2.2829880714416504,2.4671409130096436,2.4363081455230713,2.7950735092163086,2.8761067390441895,2.6092288494110107,2.5435917377471924,2.189204692840576,2.0864408016204834,1.8651008605957031,1.714609980583191,1.7675689458847046,1.6356407403945923,1.9088133573532104,1.2447919845581055,1.4885157346725464,1.4419856071472168,1.7737377882003784,1.954437017440796,2.0751495361328125,1.9293348789215088,1.54770827293396,1.5162874460220337,1.2973973751068115,1.5669769048690796,1.4520702362060547,1.7736260890960693,1.8507510423660278,2.095128059387207,1.7755491733551025,1.780625343322754,1.5844130516052246,1.4614295959472656,1.6204776763916016,1.4376713037490845,1.0531325340270996,0.9404945373535156,0.9228153824806213,1.246659755706787,1.437853217124939,1.6734528541564941,1.9861444234848022,2.2409181594848633,2.554220676422119
B1,1.3598859310150146,1.6171144247055054,1.8517043590545654,1.9159878492355347,2.290341377258301,2.4615554809570312,2.2091026306152344,2.0616555213928223,1.714489221572876,1.5066677331924438,1.2833797931671143,1.0394231081008911,1.118768334388733,0.9503125548362732,1.2801264524459839,0.0,0.37533825635910034,0.6338257789611816,0.9049276113510132,1.2175757884979248,1.479043960571289,1.3725543022155762,1.1917266845703125,0.9444353580474854,0.5590296387672424,0.46818530559539795,0.3530939519405365,0.5156792402267456,0.7960211038589478,0.9727874398231506,1.1449013948440552,1.3193260431289673,1.6342405080795288,1.675278663635254,2.0321710109710693,2.2668144702911377,2.142228364944458,2.042722702026367,1.6938083171844482,1.4259110689163208,1.0907810926437378,0.8423235416412354,0.6579787731170654,0.4150649607181549,0.6290980577468872,1.3366495370864868,1.4942148923873901,1.3626224994659424,1.432181715965271,1.6668062210083008,1.6144366264343262,1.2719818353652954,1.014912724494934,0.887488842010498,0.9721811413764954,1.2196801900863647,1.280519723892212,1.6629207134246826,1.8280341625213623,2.1814002990722656,1.1914608478546143,1.4129695892333984,1.3189858198165894,1.526097297668457,1.7562094926834106,1.7852264642715454,1.4939846992492676,1.1114976406097412,1.0489232540130615,0.9615181088447571,1.237117052078247,1.2108925580978394,1.6030304431915283,1.7347376346588135,2.0635385513305664
B2,1.6894344091415405,1.9304689168930054,2.132657051086426,2.158111095428467,2.529381036758423,2.6610493659973145,2.3774123191833496,2.24306058883667,1.8999394178390503,1.7541145086288452,1.5527052879333496,1.3608698844909668,1.459672451019287,1.3163427114486694,1.634108304977417,0.37533825635910034,0.0,0.38035568594932556,0.6136987805366516,0.8985319137573242,1.2099242210388184,1.1838243007659912,1.0862703323364258,0.8909942507743835,0.5765052437782288,0.4857262969017029,0.6180046796798706,0.6335123777389526,1.0056273937225342,1.1037596464157104,1.125788927078247,1.2794005870819092,1.6354615688323975,1.719407558441162,2.0527877807617188,2.3367199897766113,2.2651114463806152,2.149609327316284,1.8285768032073975,1.5161422491073608,1.1890698671340942,0.9195846915245056,0.6425279378890991,0.3080782890319824,0.3029850125312805,1.650451898574829,1.7876110076904297,1.653022050857544,1.6544392108917236,1.8783504962921143,1.771694302558899,1.3962194919586182,1.2206734418869019,1.099723219871521,1.2588160037994385,1.4581515789031982,1.5404958724975586,1.9021797180175781,2.0592947006225586,2.423088788986206,1.2396379709243774,1.4831897020339966,1.4061325788497925,1.6825079917907715,1.8859739303588867,1.9507429599761963,1.713921308517456,1.3234034776687622,1.2973679304122925,1.1380727291107178,1.4137173891067505,1.3341845273971558,1.7006359100341797,1.8013004064559937,2.0999228954315186
B3,1.7887247800827026,1.9690355062484741,2.1475093364715576,2.105257034301758,2.4665236473083496,2.5719990730285645,2.2867212295532227,2.2080819606781006,1.858934760093689,1.7759883403778076,1.5553736686706543,1.4480117559432983,1.5281020402908325,1.4583487510681152,1.7585121393203735,0.6338257789611816,0.38035568594932556,0.0,0.38724061846733093,0.6077892184257507,0.8743411302566528,0.8642473816871643,0.7556934356689453,0.6644036769866943,0.4658917784690857,0.6065793037414551,0.8613492250442505,0.9785337448120117,1.3554109334945679,1.4818590879440308,1.1602526903152466,1.3841218948364258,1.7403076887130737,1.8959852457046509,2.2264106273651123,2.5198874473571777,2.4401443004608154,2.2704386711120605,1.9684125185012817,1.617461085319519,1.3528416156768799,1.019213318824768,0.841910719871521,0.46434685587882996,0.5057079792022705,1.8293980360031128,2.0175650119781494,1.9362318515777588,1.954553246498108,2.209787607192993,2.128434658050537,1.7532386779785156,1.5784342288970947,1.4159191846847534,1.516198992729187,1.6650429964065552,1.6771800518035889,2.0316643714904785,2.1232094764709473,2.5028154850006104,1.0701813697814941,1.269361972808838,1.1766270399093628,1.4982683658599854,1.6655495166778564,1.7703598737716675,1.6000707149505615,1.2311606407165527,1.2343193292617798,1.0261799097061157,1.3162925243377686,1.2590187788009644,1.5869125127792358,1.7261481285095215,1.9764071702957153
B4,1.9530917406082153,2.131176710128784,2.250955820083618,2.1911866664886475,2.5373282432556152,2.587827205657959,2.2646560668945312,2.177611827850342,1.8570165634155273,1.8405121564865112,1.6872444152832031,1.6261308193206787,1.776323676109314,1.7504054307937622,2.077439546585083,0.9049276113510132,0.6136987805366516,0.38724061846733093,0.0,0.3743699789047241,0.6362597942352295,0.6433469653129578,0.72283536195755,0.6293179392814636,0.6274140477180481,0.6700479984283447,1.0259768962860107,1.0984851121902466,1.5000475645065308,1.6332184076309204,0.9892845749855042,1.1911797523498535,1.5487977266311646,1.7549355030059814,2.0535824298858643,2.3750417232513428,2.335401773452759,2.1423873901367188,1.8830007314682007,1.5067405700683594,1.2906328439712524,0.975629985332489,0.8134547472000122,0.5627682209014893,0.5298332571983337,1.950363039970398,2.115583896636963,2.0612733364105225,2.0201878547668457,2.289069890975952,2.2033801078796387,1.82217276096344,1.7211596965789795,1.5159493684768677,1.6380565166473389,1.7116888761520386,1.7375173568725586,2.048840284347534,2.1321170330047607,2.508394241333008,1.041064977645874,1.2923531532287598,1.2986196279525757,1.658414602279663,1.8476440906524658,2.0160231590270996,1.8740898370742798,1.536241054534912,1.48250150680542,1.1948155164718628,1.3987895250320435,1.247973084449768,1.5215649604797363,1.5919535160064697,1.8091306686401367
B5,2.284442663192749,2.434445858001709,2.5507333278656006,2.4527652263641357,2.786816120147705,2.8195722103118896,2.500810384750366,2.4535768032073975,2.138363838195801,2.1552364826202393,1.9870271682739258,1.9536012411117554,2.0708372592926025,2.0480170249938965,2.349520206451416,1.2175757884979248,0.8985319137573242,0.6077892184257507,0.3743699789047241,0.0,0.38621848821640015,0.6226052641868591,0.7849867939949036,0.8616365194320679,0.931308388710022,1.03990638256073,1.3841583728790283,1.4427056312561035,1.8454861640930176,1.9431979656219482,1.3127074241638184,1.5039101839065552,1.852860689163208,2.0822510719299316,2.358200788497925,2.6941940784454346,2.6738784313201904,2.4672329425811768,2.228081464767456,1.8445125818252563,1.6523809432983398,1.3396285772323608,1.1813795566558838,0.9217414259910583,0.8134409785270691,2.3129353523254395,2.487962245941162,2.431523323059082,2.389033555984497,2.6486904621124268,2.5425751209259033,2.156649351119995,2.062406301498413,1.8789392709732056,2.008603096008301,2.084359645843506,2.097210168838501,2.4037272930145264,2.4624547958374023,2.8406567573547363,1.2702183723449707,1.4595614671707153,1.4391357898712158,1.8140804767608643,1.9427409172058105,2.1182024478912354,2.0365824699401855,1.714267373085022,1.7167761325836182,1.4397624731063843,1.6563341617584229,1.5319467782974243,1.760842204093933,1.8432750701904297,2.0061585903167725
B6,2.3687522411346436,2.4678871631622314,2.543712615966797,2.39310359954834,2.699270486831665,2.6930651664733887,2.376695394515991,2.3782944679260254,2.083340883255005,2.16513729095459,2.012251138687134,2.0516295433044434,2.172848701477051,2.2145161628723145,2.508033514022827,1.479043960571289,1.2099242210388184,0.8743411302566528,0.6362597942352295,0.38621848821640015,0.0,0.3966407775878906,0.662787675857544,0.8593057990074158,1.0701584815979004,1.2472443580627441,1.6112509965896606,1.730263113975525,2.1284074783325195,2.2675678730010986,1.394862174987793,1.6276803016662598,1.939881443977356,2.2186801433563232,2.4843292236328125,2.8094449043273926,2.7749922275543213,2.524352788925171,2.313905954360962,1.9217801094055176,1.7993242740631104,1.4739781618118286,1.4093729257583618,1.1736754179000854,1.1504794359207153,2.4439218044281006,2.649606943130493,2.64241361618042,2.6131112575531006,2.9013869762420654,2.8305673599243164,2.451580286026001,2.352421760559082,2.1299548149108887,2.2095723152160645,2.237678050994873,2.1971681118011475,2.477067232131958,2.47772216796875,2.8530406951904297,1.1992247104644775,1.3315889835357666,1.3479037284851074,1.7310762405395508,1.8364123106002808,2.06457781791687,2.043224334716797,1.777408480644226,1.765083909034729,1.458048939704895,1.6242090463638306,1.5065284967422485,1.6583126783370972,1.7545995712280273,1.8494688272476196
B7,2.0589847564697266,2.136040449142456,2.181635618209839,2.020432949066162,2.3185842037200928,2.30130934715271,1.9807902574539185,1.987417459487915,1.698396921157837,1.8061784505844116,1.6772239208221436,1.7605332136154175,1.910549283027649,2.007148504257202,2.311509370803833,1.3725543022155762,1.1838243007659912,0.8642473816871643,0.6433469653129578,0.6226052641868591,0.3966407775878906,0.0,0.3939056396484375,0.5546964406967163,0.87116539478302,1.074820637702942,1.4384970664978027,1.6236655712127686,2.0010244846343994,2.200218915939331,1.136078119277954,1.4237940311431885,1.7045704126358032,2.000246047973633,2.2804970741271973,2.576129674911499,2.504084348678589,2.2287533283233643,2.0208568572998047,1.6321728229522705,1.5559712648391724,1.2213406562805176,1.2564291954040527,1.0599701404571533,1.1599899530410767,2.1539463996887207,2.3801777362823486,2.418748378753662,2.4093830585479736,2.72594952583313,2.705312728881836,2.3430917263031006,2.2292850017547607,1.9630688428878784,1.984666109085083,1.9709100723266602,1.8874083757400513,2.148265838623047,2.1162750720977783,2.4886929988861084,0.8251858353614807,0.9696601629257202,1.0549153089523315,1.4376459121704102,1.5942543745040894,1.860255241394043,1.8237394094467163,1.5909119844436646,1.5109877586364746,1.1655927896499634,1.2714183330535889,1.1393378973007202,1.2649197578430176,1.3775761127471924,1.4735766649246216
B8,1.7972729206085205,1.8489068746566772,1.9338027238845825,1.7660402059555054,2.0785071849823,2.112217903137207,1.8307877779006958,1.8605906963348389,1.5367087125778198,1.5990536212921143,1.4051036834716797,1.4929066896438599,1.5884450674057007,1.6995885372161865,1.9766205549240112,1.1917266845703125,1.0862703323364258,0.7556934356689453,0.72283536195755,0.7849867939949036,0.662787675857544,0.3939056396484375,0.0,0.3770901560783386,0.659485399723053,0.9799792766571045,1.2836856842041016,1.5381639003753662,1.887642741203308,2.1088294982910156,1.1963262557983398,1.5289404392242432,1.809858798980713,2.0703253746032715,2.3881216049194336,2.6524553298950195,2.529237985610962,2.2618935108184814,2.012732744216919,1.6415679454803467,1.5385407209396362,1.1713696718215942,1.237931251525879,0.9787741899490356,1.164516806602478,1.9602491855621338,2.22568941116333,2.269041061401367,2.3200385570526123,2.6408989429473877,2.6459131240844727,2.2939658164978027,2.1188406944274902,1.8624532222747803,1.8337088823318481,1.8582922220230103,1.7320826053619385,2.0266597270965576,1.97805655002594,2.3579092025756836,0.6414883732795715,0.7037395238876343,0.6909180283546448,1.076196312904358,1.2266038656234741,1.4738787412643433,1.4319008588790894,1.2080373764038086,1.1478718519210815,0.8310376405715942,1.0008792877197266,0.9773865342140198,1.1551567316055298,1.3686625957489014,1.5047353506088257
B9,1.514931559562683,1.6178332567214966,1.701469898223877,1.5927894115447998,1.9285657405853271,1.976974368095398,1.6714779138565063,1.6307072639465332,1.2967514991760254,1.3201662302017212,1.1588945388793945,1.208595871925354,1.3707433938980103,1.4745148420333862,1.7940179109573364,0.9444353580474854,0.8909942507743835,0.6644036769866943,0.6293179392814636,0.8616365194320679,0.8593057990074158,0.5546964406967163,0.3770901560783386,0.0,0.3916247487068176,0.6509488224983215,0.9596167206764221,1.226895809173584,1.5625462532043457,1.8123124837875366,0.8547826409339905,1.196894645690918,1.4771910905838013,1.7154383659362793,2.0460762977600098,2.300359010696411,2.169536590576172,1.918365716934204,1.6522212028503418,1.2841700315475464,1.1649497747421265,0.796263575553894,0.9000093340873718,0.6997207403182983,0.9628725647926331,1.6208436489105225,1.8674941062927246,1.9130384922027588,1.9514323472976685,2.278599977493286,2.2983601093292236,1.9563045501708984,1.7917907238006592,1.5119633674621582,1.4779982566833496,1.4871026277542114,1.3810714483261108,1.6802117824554443,1.670077919960022,2.05356764793396,0.42785993218421936,0.671442985534668,0.7405933141708374,1.0940312147140503,1.339201807975769,1.5647801160812378,1.4314504861831665,1.1746546030044556,1.0246912240982056,0.6637577414512634,0.8009070158004761,0.6933607459068298,0.954372227191925,1.129040241241455,1.3441849946975708
B10,1.3609910011291504,1.5258525609970093,1.685320258140564,1.647771954536438,2.0112929344177246,2.1239004135131836,1.8448853492736816,1.7592573165893555,1.4039064645767212,1.3126498460769653,1.0978142023086548,1.0253713130950928,1.1533488035202026,1.1698651313781738,1.4999011754989624,0.5590296387672424,0.5765052437782288,0.4658917784690857,0.6274140477180481,0.931308388710022,1.0701584815979004,0.87116539478302,0.659485399723053,0.3916247487068176,0.0,0.39459457993507385,0.6305897831916809,0.9113625288009644,1.2378911972045898,1.4730688333511353,0.9117231369018555,1.2072319984436035,1.5162115097045898,1.6770331859588623,2.031290292739868,2.278937816619873,2.1414010524749756,1.9473036527633667,1.6338011026382446,1.29547119140625,1.0728830099105835,0.7076953649520874,0.7089225649833679,0.4189893901348114,0.7391889691352844,1.4384742975234985,1.6699573993682861,1.6560643911361694,1.7174988985061646,2.0192813873291016,2.0188117027282715,1.6740000247955322,1.468305230140686,1.2298213243484497,1.2210897207260132,1.3221453428268433,1.2658064365386963,1.6190482378005981,1.6781620979309082,2.0602777004241943,0.6838693022727966,0.9092243313789368,0.8662484288215637,1.1587517261505127,1.4041616916656494,1.5405616760253906,1.3298814296722412,0.9988949298858643,0.8783007860183716,0.6108099818229675,0.8664891719818115,0.8186498880386353,1.1740131378173828,1.3467780351638794,1.6250861883163452
B11,1.3584867715835571,1.6001242399215698,1.7454346418380737,1.7790093421936035,2.14277982711792,2.248079538345337,1.9446090459823608,1.7822234630584717,1.4536184072494507,1.329728603363037,1.1947191953659058,1.0461668968200684,1.2551579475402832,1.2155981063842773,1.5824856758117676,0.46818530559539795,0.4857262969017029,0.6065793037414551,0.6700479984283447,1.03990638256073,1.2472443580627441,1.074820637702942,0.9799792766571045,0.6509488224983215,0.39459457993507385,0.0,0.38758984208106995,0.5789580941200256,0.9301759600639343,1.1701762676239014,0.6901835203170776,0.9039789438247681,1.2305551767349243,1.3439340591430664,1.6972274780273438,1.9570176601409912,1.8502951860427856,1.6996210813522339,1.3794801235198975,1.0533113479614258,0.7598896622657776,0.4433309733867645,0.31889113783836365,0.1892893761396408,0.5498180389404297,1.2962052822113037,1.452396273612976,1.4007412195205688,1.397312045097351,1.6896486282348633,1.667650818824768,1.3143399953842163,1.159379005432129,0.90195232629776,0.9714819192886353,1.0701184272766113,1.1174216270446777,1.4588346481323242,1.6002984046936035,1.966992974281311,0.8864014148712158,1.1932514905929565,1.2206708192825317,1.4861178398132324,1.7650551795959473,1.890383243560791,1.6373697519302368,1.2993488311767578,1.1370136737823486,0.8930678963661194,1.0598899126052856,0.903769314289093,1.2705450057983398,1.339709758758545,1.6611442565917969
B12,1.1395156383514404,1.4336941242218018,1.6324800252914429,1.7375277280807495,2.105764865875244,2.265244960784912,2.000648021697998,1.8073627948760986,1.4819544553756714,1.2589361667633057,1.1054221391677856,0.8460831046104431,1.0352109670639038,0.9210914969444275,1.2932350635528564,0.3530939519405365,0.6180046796798706,0.8613492250442505,1.0259768962860107,1.3841583728790283,1.6112509965896606,1.4384970664978027,1.2836856842041016,0.9596167206764221,0.6305897831916809,0.38758984208106995,0.0,0.39061474800109863,0.6204835772514343,0.9096949696540833,0.9221495389938354,1.076675295829773,1.3515969514846802,1.367192268371582,1.7322100400924683,1.9416210651397705,1.7981441020965576,1.7062207460403442,1.3512632846832275,1.1096361875534058,0.7703495621681213,0.5775142908096313,0.478975385427475,0.4694752097129822,0.7619495987892151,1.0365386009216309,1.1754324436187744,1.0756546258926392,1.1302379369735718,1.4056380987167358,1.4066870212554932,1.082836627960205,0.8472865223884583,0.6151524186134338,0.6576674580574036,0.8702510595321655,0.9560009837150574,1.327945351600647,1.5224571228027344,1.865978717803955,1.1076081991195679,1.3743555545806885,1.3603332042694092,1.544508695602417,1.8317079544067383,1.8939048051834106,1.58058500289917,1.2432160377502441,1.0723659992218018,0.9460537433624268,1.1197565793991089,1.0325978994369507,1.4219183921813965,1.5073351860046387,1.8618011474609375
B13,1.4549626111984253,1.7790616750717163,1.9710643291473389,2.1023850440979004,2.4649131298065186,2.613462209701538,2.3336122035980225,2.1089673042297363,1.8075339794158936,1.5892714262008667,1.4766145944595337,1.1965174674987793,1.3804538249969482,1.1985108852386475,1.546952724456787,0.5156792402267456,0.6335123777389526,0.9785337448120117,1.0984851121902466,1.4427056312561035,1.730263113975525,1.6236655712127686,1.5381639003753662,1.226895809173584,0.9113625288009644,0.5789580941200256,0.39061474800109863,0.0,0.40474122762680054,0.5936469435691833,1.033268690109253,1.0618507862091064,1.350989580154419,1.304086446762085,1.6378425359725952,1.874582290649414,1.7965303659439087,1.7666213512420654,1.4303299188613892,1.2172476053237915,0.8324021697044373,0.7587226629257202,0.4725995361804962,0.5751334428787231,0.6696571111679077,1.249293565750122,1.279663324356079,1.0879014730453491,1.0404341220855713,1.246795415878296,1.151955485343933,0.785822868347168,0.6226993203163147,0.4863286018371582,0.7501688599586487,0.9861118793487549,1.1921168565750122,1.5222063064575195,1.7781785726547241,2.095538377761841,1.4302910566329956,1.7255946397781372,1.7195497751235962,1.925688624382019,2.2005815505981445,2.251850128173828,1.9389545917510986,1.5810352563858032,1.448803424835205,1.3261739015579224,1.496771216392517,1.3636319637298584,1.7371933460235596,1.759605050086975,2.1145694255828857
