,A1,A2,A3,A4,A5,A6,A7,A8,A9,A10,A11,A12,A13,A14,A15,B1,B2,B3,B4,B5,B6,B7,B8,B9,B10,B11,B12,B13,B14,B15,C1,C2,C3,C4,C5,C6,C7,C8,C9,C10,C11,C12,C13,C14,C15,D1,D2,D3,D4,D5,D6,D7,D8,D9,D10,D11,D12,D13,D14,D15,E1,E2,E3,E4,E5,E6,E7,E8,E9,E10,E11,E12,E13,E14,E15
A1,0.0,0.3896069824695587,0.5170539617538452,0.8605082035064697,1.073427438735962,1.3999013900756836,1.6276551485061646,1.9743949174880981,2.1449763774871826,2.507767915725708,2.644657611846924,3.0165517330169678,3.1776015758514404,3.3386518955230713,3.7083473205566406,3.7665774822235107,3.418728828430176,3.442920446395874,3.06669020652771,3.130232334136963,2.9193928241729736,2.7389819622039795,2.692424774169922,2.3484604358673096,2.3374075889587402,1.9757174253463745,1.95192289352417,1.6164157390594482,1.6329007148742676,1.6261502504348755,2.51118540763855,2.3270256519317627,2.351283073425293,2.0717244148254395,2.2876174449920654,2.122748374938965,2.285895586013794,2.3197245597839355,2.2586164474487305,2.4449543952941895,2.3256871700286865,2.5645861625671387,2.451453447341919,2.716887950897217,2.907101631164551,3.555927276611328,3.314784288406372,3.0655808448791504,2.729314088821411,2.5427048206329346,2.181443691253662,2.041072130203247,1.6742750406265259,1.6194169521331787,1.324118971824646,1.4001086950302124,1.2931536436080933,1.4621891975402832,1.7370078563690186,1.7702432870864868,2.864046335220337,2.6014788150787354,2.4206252098083496,2.343970775604248,2.0909645557403564,2.1309502124786377,1.8266141414642334,1.8802995681762695,1.8503128290176392,1.851768970489502,1.9982794523239136,2.0876781940460205,2.371488571166992,2.295969009399414,2.62629771232605
A2,0.3896069824695587,0.0,0.3902614712715149,0.5959864854812622,0.8566562533378601,1.1743780374526978,1.356270432472229,1.716801643371582,1.8382505178451538,2.2044177055358887,2.310426950454712,2.6768462657928467,2.8223931789398193,2.9715335369110107,3.3406925201416016,3.4071688652038574,3.06325364112854,3.0728678703308105,2.6933226585388184,2.7568912506103516,2.54019832611084,2.3730592727661133,2.3319928646087646,1.9994211196899414,2.0162370204925537,1.6707905530929565,1.7001585960388184,1.396587610244751,1.4849412441253662,1.5469454526901245,2.304565906524658,2.0965867042541504,2.080453872680664,1.7714544534683228,1.9533662796020508,1.7613874673843384,1.9114711284637451,1.9320507049560547,1.8759570121765137,2.065901756286621,1.9664884805679321,2.224376678466797,2.1449601650238037,2.429457187652588,2.638676643371582,3.3091015815734863,3.0425164699554443,2.819065570831299,2.466404676437378,2.292590618133545,1.938496470451355,1.7678402662277222,1.4158540964126587,1.2978861331939697,0.9907752275466919,1.0200947523117065,0.9134820699691772,1.0907326936721802,1.3813352584838867,1.4598867893218994,2.5508625507354736,2.2779316902160645,2.083919048309326,1.981464147567749,1.7210371494293213,1.7447706460952759,1.4371366500854492,1.4985204935073853,1.4819406270980835,1.516623616218567,1.6867127418518066,1.8245848417282104,2.120987892150879,2.095221757888794,2.4458746910095215
A3,0.5170539617538452,0.3902614712715149,0.0,0.39609411358833313,0.5578928589820862,0.8865852355957031,1.1189196109771729,1.4593302011489868,1.6474483013153076,2.0062978267669678,2.1659913063049316,2.5409982204437256,2.72479248046875,2.903005599975586,3.272902011871338,3.445518732070923,3.082998037338257,3.0842859745025635,2.70841646194458,2.7322816848754883,2.523275852203369,2.306093454360962,2.255241632461548,1.8969762325286865,1.877212405204773,1.5116528272628784,1.4947700500488281,1.1839354038238525,1.1929378509521484,1.2760274410247803,2.314988136291504,2.0667471885681152,2.106947183609009,1.7870210409164429,1.9945505857467651,1.837052583694458,1.9425787925720215,1.9985438585281372,1.8833128213882446,2.0827691555023193,1.9316980838775635,2.17639422416687,2.061521053314209,2.2988603115081787,2.525843381881714,3.039795398712158,2.801528215408325,2.552417278289795,2.215291738510132,2.0371220111846924,1.671979308128357,1.5529440641403198,1.1925721168518066,1.166255235671997,0.9326972365379333,1.0618095397949219,1.0921046733856201,1.3127332925796509,1.6316254138946533,1.7705013751983643,2.63061261177063,2.3235347270965576,2.186248302459717,2.0518884658813477,1.8428077697753906,1.8630356788635254,1.531363844871521,1.596298098564148,1.4871066808700562,1.506155252456665,1.5876200199127197,1.6917028427124023,1.9421699047088623,1.8637218475341797,2.2171425819396973
A4,0.8605082035064697,0.5959864854812622,0.39609411358833313,0.0,0.3664863407611847,0.5961820483207703,0.8263989090919495,1.1597901582717896,1.3091984987258911,1.6745879650115967,1.8081271648406982,2.1854593753814697,2.353756904602051,2.547292947769165,2.909200429916382,3.069971799850464,2.7025256156921387,2.704965591430664,2.333526134490967,2.356191635131836,2.165642261505127,1.9448763132095337,1.9278180599212646,1.575819730758667,1.6058672666549683,1.2647130489349365,1.3272366523742676,1.0913151502609253,1.1484785079956055,1.34650456905365,2.025627851486206,1.745975375175476,1.776216983795166,1.436196208000183,1.6340816020965576,1.4903806447982788,1.5787410736083984,1.6687675714492798,1.5533485412597656,1.790939211845398,1.6631783246994019,1.945112705230713,1.8786522150039673,2.113487482070923,2.3850514888763428,2.7330482006073,2.4745025634765625,2.23494029045105,1.8935372829437256,1.70249342918396,1.3490389585494995,1.18634033203125,0.828216552734375,0.7746452689170837,0.5509080290794373,0.7425532341003418,0.8701618909835815,1.1505484580993652,1.454842209815979,1.6744600534439087,2.5075950622558594,2.1767120361328125,2.040008783340454,1.8432449102401733,1.6425114870071411,1.6044355630874634,1.2500288486480713,1.2778089046478271,1.1191531419754028,1.1297484636306763,1.1939126253128052,1.3192803859710693,1.5746763944625854,1.5349411964416504,1.902307391166687
A5,1.073427438735962,0.8566562533378601,0.5578928589820862,0.3664863407611847,0.0,0.370322048664093,0.5733423829078674,0.905769407749176,1.121886134147644,1.4692758321762085,1.666015863418579,2.0396993160247803,2.2581005096435547,2.451611280441284,2.8201406002044678,3.1593613624572754,2.7871954441070557,2.7507691383361816,2.3819422721862793,2.346134901046753,2.1368322372436523,1.871656894683838,1.8055553436279297,1.4335086345672607,1.3921180963516235,1.0299001932144165,1.0242793560028076,0.7849760055541992,0.7939671277999878,1.029574990272522,2.2572507858276367,1.9421108961105347,1.990749716758728,1.6347954273223877,1.805281639099121,1.6575875282287598,1.6674859523773193,1.739577293395996,1.5459628105163574,1.7452515363693237,1.5483973026275635,1.7864609956741333,1.6697853803634644,1.8599536418914795,2.1306052207946777,2.490934371948242,2.253981590270996,2.0128884315490723,1.668928861618042,1.5178706645965576,1.1472748517990112,1.0771113634109497,0.7574061751365662,0.7792046666145325,0.7253845930099487,0.892612099647522,1.110662579536438,1.3379755020141602,1.6708756685256958,1.9033623933792114,2.4226419925689697,2.0731329917907715,2.0010643005371094,1.8041338920593262,1.6713868379592896,1.6736137866973877,1.340037226676941,1.4281902313232422,1.2196530103683472,1.2817130088806152,1.2555432319641113,1.3915340900421143,1.5741609334945679,1.5029921531677246,1.8827323913574219
A6,1.3999013900756836,1.1743780374526978,0.8865852355957031,0.5961820483207703,0.370322048664093,0.0,0.36854639649391174,0.605927586555481,0.8543923497200012,1.188684344291687,1.4012048244476318,1.7762538194656372,2.0011770725250244,2.2318785190582275,2.584021806716919,2.9521536827087402,2.571749687194824,2.5390994548797607,2.1888439655303955,2.1313140392303467,1.9579278230667114,1.6635936498641968,1.6349947452545166,1.270129680633545,1.2606744766235352,0.9453210234642029,0.9945757985115051,0.8819161653518677,0.8644276857376099,1.191091775894165,2.1023638248443604,1.756765604019165,1.8345322608947754,1.4865436553955078,1.6570276021957397,1.5620012283325195,1.5328212976455688,1.6604405641555786,1.4487507343292236,1.6816883087158203,1.4915176630020142,1.7448313236236572,1.6619285345077515,1.8065727949142456,2.1219165325164795,2.157923698425293,1.9237847328186035,1.6660270690917969,1.3352471590042114,1.1564000844955444,0.7873334288597107,0.7296764254570007,0.4342873990535736,0.5850727558135986,0.6929465532302856,0.9330695271492004,1.233876347541809,1.4921420812606812,1.7907068729400635,2.07807993888855,2.5148234367370605,2.145131826400757,2.0990569591522217,1.8458722829818726,1.7486844062805176,1.6957999467849731,1.3611527681350708,1.4008592367172241,1.112290620803833,1.1386677026748657,1.0116342306137085,1.1199806928634644,1.247653841972351,1.1688894033432007,1.55337655544281
A7,1.6276551485061646,1.356270432472229,1.1189196109771729,0.8263989090919495,0.5733423829078674,0.36854639649391174,0.0,0.37503698468208313,0.5618382096290588,0.8984772562980652,1.1200655698776245,1.486568570137024,1.7351810932159424,1.9358199834823608,2.299943208694458,2.8159544467926025,2.446737289428711,2.3611268997192383,2.0084338188171387,1.9049441814422607,1.6961209774017334,1.386896014213562,1.3067171573638916,0.9345313906669617,0.8931874632835388,0.5847225785255432,0.6870814561843872,0.6850774884223938,0.7739501595497131,1.1440404653549194,2.261975049972534,1.901288390159607,1.927135944366455,1.555353045463562,1.6463569402694702,1.5067099332809448,1.3960802555084229,1.4714866876602173,1.199016809463501,1.3866617679595947,1.1600110530853271,1.3929164409637451,1.3138427734375,1.450374960899353,1.7795031070709229,1.9715367555618286,1.7104815244674683,1.5086309909820557,1.1382088661193848,1.048593521118164,0.6998160481452942,0.6839430332183838,0.5519623160362244,0.5661156177520752,0.7887371778488159,0.9014038443565369,1.247109293937683,1.4363327026367188,1.735577940940857,2.038245677947998,2.2176952362060547,1.8393019437789917,1.8308779001235962,1.5647634267807007,1.5251587629318237,1.4953144788742065,1.2039257287979126,1.3082163333892822,1.0236490964889526,1.1536270380020142,1.0163072347640991,1.215574860572815,1.3065457344055176,1.2996211051940918,1.687359094619751
A8,1.9743949174880981,1.716801643371582,1.4593302011489868,1.1597901582717896,0.905769407749176,0.605927586555481,0.37503698468208313,0.0,0.3809957504272461,0.6223204135894775,0.9173506498336792,1.2631422281265259,1.5465174913406372,1.7822011709213257,2.122405767440796,2.747474431991577,2.3786532878875732,2.2803189754486084,1.96084463596344,1.8086917400360107,1.6379094123840332,1.289414882659912,1.227225661277771,0.8926762342453003,0.8473471403121948,0.6677824854850769,0.772602379322052,0.9090087413787842,0.9321396946907043,1.32463800907135,2.313192129135132,1.9342750310897827,1.988210916519165,1.6426753997802734,1.7167695760726929,1.630659818649292,1.4661387205123901,1.5777655839920044,1.2816252708435059,1.4639244079589844,1.2336456775665283,1.4347481727600098,1.3730207681655884,1.4216409921646118,1.7797638177871704,1.599913239479065,1.3514200448989868,1.137001872062683,0.772416889667511,0.7088643312454224,0.3882444202899933,0.5328730344772339,0.6087088584899902,0.7334806323051453,1.0494493246078491,1.186379313468933,1.5547316074371338,1.7466810941696167,2.0160603523254395,2.3444998264312744,2.3701720237731934,1.9852871894836426,2.024179458618164,1.728460669517517,1.7448023557662964,1.6862990856170654,1.4272124767303467,1.499744176864624,1.1712627410888672,1.272200107574463,1.031675934791565,1.1881071329116821,1.168855905532837,1.1529444456100464,1.5141797065734863
A9,2.1449763774871826,1.8382505178451538,1.6474483013153076,1.3091984987258911,1.121886134147644,0.8543923497200012,0.5618382096290588,0.3809957504272461,0.0,0.3688294589519501,0.5651395916938782,0.9301819205284119,1.1919783353805542,1.4150313138961792,1.7640637159347534,2.416423797607422,2.0590484142303467,1.929926872253418,1.6099951267242432,1.440017819404602,1.2588984966278076,0.9088417887687683,0.8652885556221008,0.5527520179748535,0.6284447908401489,0.5908938646316528,0.8547945618629456,1.0648095607757568,1.198868989944458,1.5822559595108032,2.244980812072754,1.8681429624557495,1.8600479364395142,1.5100687742233276,1.5060250759124756,1.4001294374465942,1.1736112833023071,1.2679046392440796,0.958325207233429,1.142978549003601,0.9572492241859436,1.192363977432251,1.2238025665283203,1.2979620695114136,1.6802818775177002,1.5575850009918213,1.2415841817855835,1.1175488233566284,0.7263113260269165,0.7263816595077515,0.5472226738929749,0.5417091846466064,0.7301785945892334,0.6956755518913269,1.0493228435516357,1.1005659103393555,1.4768218994140625,1.6314393281936646,1.8561251163482666,2.2075939178466797,2.167854070663452,1.787209391593933,1.8175468444824219,1.4831186532974243,1.5237977504730225,1.4276288747787476,1.2142597436904907,1.2838366031646729,0.9671842455863953,1.1276922225952148,0.9040731191635132,1.1449986696243286,1.1342475414276123,1.2374417781829834,1.5856188535690308
A10,2.507767915725708,2.2044177055358887,2.0062978267669678,1.6745879650115967,1.4692758321762085,1.188684344291687,0.8984772562980652,0.6223204135894775,0.3688294589519501,0.0,0.3791182339191437,0.6582527756690979,0.9826703667640686,1.2136688232421875,1.5348619222640991,2.380363941192627,2.043438673019409,1.8742140531539917,1.6026002168655396,1.3608102798461914,1.2092019319534302,0.8386606574058533,0.782398521900177,0.6026962995529175,0.6511396765708923,0.7892583608627319,1.016399621963501,1.3048781156539917,1.418971300125122,1.7958754301071167,2.4485671520233154,2.0704610347747803,2.063617706298828,1.7443557977676392,1.6995104551315308,1.6217988729476929,1.3421696424484253,1.4264707565307617,1.1060388088226318,1.2288609743118286,1.0473449230194092,1.2061465978622437,1.2607917785644531,1.2408695220947266,1.6303274631500244,1.2420721054077148,0.9086132049560547,0.8627467155456543,0.4885996878147125,0.6552498936653137,0.6634806990623474,0.7622422575950623,1.0427731275558472,1.0432504415512085,1.4051159620285034,1.441852331161499,1.8134409189224243,1.9422467947006226,2.14286732673645,2.499661445617676,2.241415500640869,1.87076735496521,1.9556156396865845,1.6164581775665283,1.7241134643554688,1.628241777420044,1.476481556892395,1.5455633401870728,1.2429732084274292,1.3991824388504028,1.1408628225326538,1.3495631217956543,1.2489267587661743,1.3665815591812134,1.6609230041503906
A11,2.644657611846924,2.310426950454712,2.1659913063049316,1.8081271648406982,1.666015863418579,1.4012048244476318,1.1200655698776245,0.9173506498336792,0.5651395916938782,0.3791182339191437,0.0,0.38013631105422974,0.6332180500030518,0.877972424030304,1.2065198421478271,2.02052903175354,1.6965227127075195,1.5039597749710083,1.2404215335845947,0.9828804135322571,0.8489840030670166,0.4827978014945984,0.546474039554596,0.5215330123901367,0.7528502345085144,0.9652684926986694,1.2696176767349243,1.5482569932937622,1.7192049026489258,2.0911734104156494,2.3321805000305176,1.9710651636123657,1.908509373664856,1.6083173751831055,1.4916077852249146,1.4165699481964111,1.0943217277526855,1.1773498058319092,0.8967676162719727,1.0334632396697998,0.9642663598060608,1.1648942232131958,1.330000638961792,1.3574914932250977,1.7422232627868652,1.3832236528396606,1.0051484107971191,1.0470645427703857,0.7435267567634583,0.8606468439102173,0.923640251159668,0.888274073600769,1.182641863822937,1.0936110019683838,1.438656210899353,1.423467755317688,1.7725821733474731,1.8786262273788452,2.0192759037017822,2.390359878540039,2.1725058555603027,1.821661353111267,1.8723870515823364,1.5021555423736572,1.6088508367538452,1.455941915512085,1.3555071353912354,1.3875751495361328,1.1212319135665894,1.2938957214355469,1.0745155811309814,1.3244346380233765,1.2466371059417725,1.4593013525009155,1.7296946048736572
A12,3.0165517330169678,2.6768462657928467,2.5409982204437256,2.1854593753814697,2.0396993160247803,1.7762538194656372,1.486568570137024,1.2631422281265259,0.9301819205284119,0.6582527756690979,0.38013631105422974,0.0,0.37389832735061646,0.5961607098579407,0.880466103553772,1.936529278755188,1.659514307975769,1.4097371101379395,1.2244583368301392,0.8896178603172302,0.8092241883277893,0.5293923616409302,0.5978190302848816,0.7724475860595703,0.9661102890968323,1.2595206499099731,1.5433849096298218,1.856812596321106,2.0318429470062256,2.393085241317749,2.5703415870666504,2.224180221557617,2.143580198287964,1.8792182207107544,1.7152824401855469,1.6557936668395996,1.3058350086212158,1.3554141521453857,1.1059070825576782,1.1612755060195923,1.1347146034240723,1.2555768489837646,1.4615403413772583,1.4308713674545288,1.79102623462677,1.3003147840499878,0.9216492176055908,1.0990324020385742,0.9015940427780151,1.094285249710083,1.2418720722198486,1.2390364408493042,1.5540353059768677,1.4668620824813843,1.8045300245285034,1.764846682548523,2.096912384033203,2.1702096462249756,2.278212308883667,2.644634485244751,2.2395777702331543,1.9193302392959595,2.0057718753814697,1.644730567932129,1.8040794134140015,1.6531647443771362,1.6229244470596313,1.656592845916748,1.4321025609970093,1.6054350137710571,1.3957839012145996,1.6255085468292236,1.5071982145309448,1.7375504970550537,1.9573036432266235
A13,3.1776015758514404,2.8223931789398193,2.72479248046875,2.353756904602051,2.2581005096435547,2.0011770725250244,1.7351810932159424,1.5465174913406372,1.1919783353805542,0.9826703667640686,0.6332180500030518,0.37389832735061646,0.0,0.3742208182811737,0.6030070185661316,1.5835517644882202,1.3337851762771606,1.0586367845535278,0.9273970127105713,0.5694825649261475,0.6106654405593872,0.4967048764228821,0.7277636528015137,0.9799190163612366,1.2481406927108765,1.5318430662155151,1.849703073501587,2.140993356704712,2.339428663253784,2.7021212577819824,2.4772391319274902,2.1613476276397705,2.038357734680176,1.81736421585083,1.598002552986145,1.565417766571045,1.2132341861724854,1.2740408182144165,1.12027907371521,1.1929168701171875,1.2807546854019165,1.4334887266159058,1.7014144659042358,1.714324712753296,2.0580005645751953,1.545926809310913,1.1758813858032227,1.363793134689331,1.2075408697128296,1.3366665840148926,1.4978563785552979,1.4220917224884033,1.73077392578125,1.604021668434143,1.9117562770843506,1.8505433797836304,2.1489083766937256,2.212853193283081,2.259779214859009,2.6302943229675293,2.330404758453369,2.039827346801758,2.0821361541748047,1.7103928327560425,1.8462142944335938,1.640824317932129,1.6515554189682007,1.631991982460022,1.453237771987915,1.6058895587921143,1.4379745721817017,1.6664190292358398,1.5669482946395874,1.8541486263275146,2.0407466888427734
A14,3.3386518955230713,2.9715335369110107,2.903005599975586,2.547292947769165,2.451611280441284,2.2318785190582275,1.9358199834823608,1.7822011709213257,1.4150313138961792,1.2136688232421875,0.877972424030304,0.5961607098579407,0.3742208182811737,0.0,0.3918225169181824,1.6228742599487305,1.4383004903793335,1.0915402173995972,0.9889354109764099,0.6185534596443176,0.5678321123123169,0.6091533899307251,0.7200037837028503,1.0669445991516113,1.3076763153076172,1.6331713199615479,1.948079228401184,2.2506704330444336,2.486964702606201,2.8261237144470215,2.7498316764831543,2.448727607727051,2.2847232818603516,2.0553863048553467,1.7966736555099487,1.7083901166915894,1.3424394130706787,1.3018795251846313,1.1573436260223389,1.1186832189559937,1.2432361841201782,1.3299998044967651,1.6391146183013916,1.654528021812439,1.9553226232528687,1.7896621227264404,1.4347048997879028,1.6654294729232788,1.496719241142273,1.6643197536468506,1.7940798997879028,1.7220969200134277,2.0021939277648926,1.8305706977844238,2.1137025356292725,1.990776538848877,2.2598137855529785,2.26176118850708,2.2878129482269287,2.632786989212036,2.12888765335083,1.879873275756836,1.9410985708236694,1.597383737564087,1.781116247177124,1.6087539196014404,1.7004586458206177,1.7299706935882568,1.6208734512329102,1.8270457983016968,1.7153807878494263,1.9808372259140015,1.9158668518066406,2.2054800987243652,2.4075560569763184
A15,3.7083473205566406,3.3406925201416016,3.272902011871338,2.909200429916382,2.8201406002044678,2.584021806716919,2.299943208694458,2.122405767440796,1.7640637159347534,1.5348619222640991,1.2065198421478271,0.880466103553772,0.6030070185661316,0.3918225169181824,0.0,1.531838059425354,1.4235658645629883,1.0648761987686157,1.1047240495681763,0.7669057846069336,0.8659297227859497,0.9695577621459961,1.111194133758545,1.4540516138076782,1.68588387966156,2.0163681507110596,2.3231942653656006,2.63334584236145,2.8576858043670654,3.2009477615356445,2.919642210006714,2.641071081161499,2.4754891395568848,2.294938564300537,2.0206005573272705,1.9774008989334106,1.6286087036132812,1.6121219396591187,1.5190606117248535,1.4843868017196655,1.629390001296997,1.69431471824646,2.003481388092041,1.9899426698684692,2.2697737216949463,1.8822393417358398,1.5631693601608276,1.8374440670013428,1.7417742013931274,1.9109041690826416,2.0909841060638428,2.024674892425537,2.3265371322631836,2.1733195781707764,2.4574570655822754,2.3475069999694824,2.6072022914886475,2.612663507461548,2.608647108078003,2.951453924179077,2.4330341815948486,2.2153480052948,2.279808521270752,1.9500941038131714,2.1335792541503906,1.9459311962127686,2.0534331798553467,2.0504112243652344,1.9493123292922974,2.1206002235412598,1.99978768825531,2.229707956314087,2.132571220397949,2.4331302642822266,2.58642315864563
B1,3.7665774822235107,3.4071688652038574,3.445518732070923,3.069971799850464,3.1593613624572754,2.9521536827087402,2.8159544467926025,2.747474431991577,2.416423797607422,2.380363941192627,2.02052903175354,1.936529278755188,1.5835517644882202,1.6228742599487305,1.531838059425354,0.0,0.389682799577713,0.5493044257164001,0.8650170564651489,1.107524037361145,1.4249731302261353,1.680488109588623,2.026149272918701,2.229525327682495,2.594766139984131,2.7705769538879395,3.140601873397827,3.3221068382263184,3.552884101867676,3.9087681770324707,2.135061502456665,2.0461959838867188,1.781015396118164,1.836997151374817,1.5190998315811157,1.6498589515686035,1.5457550287246704,1.6797430515289307,1.9065619707107544,2.074753761291504,2.381775379180908,2.635728597640991,2.974653959274292,3.119863271713257,3.4348576068878174,2.906384229660034,2.577486753463745,2.6811649799346924,2.5700509548187256,2.512228012084961,2.639662027359009,2.384549379348755,2.5856246948242188,2.389460802078247,2.5196032524108887,2.441822052001953,2.555616617202759,2.6218318939208984,2.441673755645752,2.76161789894104,3.191854238510132,2.998507022857666,2.856870412826538,2.517352819442749,2.4794459342956543,2.131986379623413,2.198296308517456,1.9631733894348145,1.978868007659912,1.9615669250488281,1.997000813484192,2.125408887863159,2.152174711227417,2.5247650146484375,2.585888385772705
B2,3.418728828430176,3.06325364112854,3.082998037338257,2.7025256156921387,2.7871954441070557,2.571749687194824,2.446737289428711,2.3786532878875732,2.0590484142303467,2.043438673019409,1.6965227127075195,1.659514307975769,1.3337851762771606,1.4383004903793335,1.4235658645629883,0.389682799577713,0.0,0.3955379128456116,0.5893609523773193,0.8627451062202454,1.181429147720337,1.3877596855163574,1.7529325485229492,1.9160798788070679,2.2855968475341797,2.4375224113464355,2.8047783374786377,2.976477861404419,3.1936147212982178,3.5536656379699707,1.8422106504440308,1.7098115682601929,1.4573205709457397,1.4815325736999512,1.1711931228637695,1.3225703239440918,1.2114299535751343,1.3987466096878052,1.607967495918274,1.8213465213775635,2.1048378944396973,2.385002851486206,2.704091787338257,2.8530890941619873,3.186450242996216,2.6290347576141357,2.290908098220825,2.360212564468384,2.2309155464172363,2.1508407592773438,2.264777183532715,2.0009922981262207,2.1992533206939697,2.0130841732025146,2.152667284011841,2.0986204147338867,2.2369396686553955,2.335047721862793,2.1885504722595215,2.534489393234253,3.0144028663635254,2.786266565322876,2.6466684341430664,2.2870006561279297,2.235957384109497,1.8803459405899048,1.8993520736694336,1.6501173973083496,1.6254966259002686,1.592546820640564,1.610026478767395,1.7389880418777466,1.7708382606506348,2.144855499267578,2.22483229637146
B3,3.442920446395874,3.0728678703308105,3.0842859745025635,2.704965591430664,2.7507691383361816,2.5390994548797607,2.3611268997192383,2.2803189754486084,1.929926872253418,1.8742140531539917,1.5039597749710083,1.4097371101379395,1.0586367845535278,1.0915402173995972,1.0648761987686157,0.5493044257164001,0.3955379128456116,0.0,0.390103816986084,0.5600515604019165,0.8872260451316833,1.142891764640808,1.4823752641677856,1.7045272588729858,2.062880516052246,2.2625410556793213,2.6303441524505615,2.835240364074707,3.0730690956115723,3.428356647491455,2.137868881225586,1.956989049911499,1.7070989608764648,1.6466020345687866,1.3142621517181396,1.3718039989471436,1.1637457609176636,1.2685898542404175,1.4299472570419312,1.578467845916748,1.8658437728881836,2.106910467147827,2.443176031112671,2.5749025344848633,2.8924367427825928,2.4761054515838623,2.125605344772339,2.2461588382720947,2.102689504623413,2.0855729579925537,2.2045230865478516,1.9748635292053223,2.1976046562194824,1.991188883781433,2.1654257774353027,2.068540096282959,2.231841802597046,2.284804105758667,2.1605770587921143,2.5062899589538574,2.7308387756347656,2.5141284465789795,2.408198833465576,2.052344799041748,2.0565831661224365,1.7297639846801758,1.8002901077270508,1.6202445030212402,1.6014213562011719,1.6538010835647583,1.6553293466567993,1.8454887866973877,1.8596429824829102,2.2303626537323,2.35005259513855
B4,3.06669020652771,2.6933226585388184,2.70841646194458,2.333526134490967,2.3819422721862793,2.1888439655303955,2.0084338188171387,1.96084463596344,1.6099951267242432,1.6026002168655396,1.2404215335845947,1.2244583368301392,0.9273970127105713,0.9889354109764099,1.1047240495681763,0.8650170564651489,0.5893609523773193,0.390103816986084,0.0,0.3771149814128876,0.6086608171463013,0.8525422215461731,1.194644570350647,1.3745896816253662,1.7433462142944336,1.9139935970306396,2.2862393856048584,2.4718611240386963,2.7190723419189453,3.0673651695251465,1.978455901145935,1.7605775594711304,1.5022327899932861,1.368157982826233,1.028842806816101,1.0251003503799438,0.7823615074157715,0.8880132436752319,1.0531848669052124,1.237181544303894,1.5251812934875488,1.7992274761199951,2.1249465942382812,2.2872426509857178,2.6116440296173096,2.373591661453247,2.0025126934051514,2.0857994556427,1.8850516080856323,1.855860948562622,1.9227244853973389,1.6746646165847778,1.8683927059173584,1.6332221031188965,1.7983649969100952,1.6840951442718506,1.8534722328186035,1.9070652723312378,1.8056573867797852,2.1642653942108154,2.4422097206115723,2.2030375003814697,2.0816993713378906,1.71482253074646,1.697676420211792,1.3640704154968262,1.4138075113296509,1.2413501739501953,1.2236607074737549,1.3119938373565674,1.3397674560546875,1.5792793035507202,1.6385637521743774,2.0036652088165283,2.1780173778533936
B5,3.130232334136963,2.7568912506103516,2.7322816848754883,2.356191635131836,2.346134901046753,2.1313140392303467,1.9049441814422607,1.8086917400360107,1.440017819404602,1.3608102798461914,0.9828804135322571,0.8896178603172302,0.5694825649261475,0.6185534596443176,0.7669057846069336,1.107524037361145,0.8627451062202454,0.5600515604019165,0.3771149814128876,0.0,0.3755088448524475,0.5939722657203674,0.928524911403656,1.1692559719085693,1.51607084274292,1.7431448698043823,2.1045777797698975,2.3366217613220215,2.577846050262451,2.931236505508423,2.220994710922241,1.9589277505874634,1.7493568658828735,1.5691685676574707,1.268324851989746,1.2331774234771729,0.9108411073684692,0.9685057997703552,0.9955399036407471,1.1187108755111694,1.3573256731033325,1.58474862575531,1.9088035821914673,2.0224132537841797,2.3491580486297607,2.0771749019622803,1.7044775485992432,1.8343467712402344,1.6437370777130127,1.6784098148345947,1.777746319770813,1.5893242359161377,1.8313782215118408,1.6227099895477295,1.8495562076568604,1.7390645742416382,1.9630753993988037,2.0059008598327637,1.962772250175476,2.326425790786743,2.316239595413208,2.0624752044677734,2.0063884258270264,1.6320675611495972,1.6904395818710327,1.4072507619857788,1.46483314037323,1.3703347444534302,1.2940350770950317,1.4322314262390137,1.3840601444244385,1.6376556158065796,1.636512279510498,1.9816925525665283,2.167104959487915
B6,2.9193928241729736,2.54019832611084,2.523275852203369,2.165642261505127,2.1368322372436523,1.9579278230667114,1.6961209774017334,1.6379094123840332,1.2588984966278076,1.2092019319534302,0.8489840030670166,0.8092241883277893,0.6106654405593872,0.5678321123123169,0.8659297227859497,1.4249731302261353,1.181429147720337,0.8872260451316833,0.6086608171463013,0.3755088448524475,0.0,0.37064898014068604,0.6197414398193359,0.8808332085609436,1.219766616821289,1.4559967517852783,1.818318247795105,2.0506510734558105,2.3209145069122314,2.65567684173584,2.3462295532226562,2.062603235244751,1.8489832878112793,1.599665641784668,1.3129632472991943,1.1739840507507324,0.812069833278656,0.7474857568740845,0.692775309085846,0.7522542476654053,0.9983053803443909,1.2222568988800049,1.5570147037506104,1.6983444690704346,2.0136923789978027,2.0942142009735107,1.711024284362793,1.833343744277954,1.580810546875,1.647676706314087,1.6856321096420288,1.5120658874511719,1.7196084260940552,1.472398281097412,1.693107008934021,1.5304754972457886,1.75751531124115,1.7563607692718506,1.74651038646698,2.098909854888916,1.9495153427124023,1.6879658699035645,1.6412553787231445,1.2665870189666748,1.3553823232650757,1.1117634773254395,1.2016119956970215,1.1936302185058594,1.143595814704895,1.369787335395813,1.3525944948196411,1.6649672985076904,1.7019243240356445,2.0192997455596924,2.2615606784820557
B7,2.7389819622039795,2.3730592727661133,2.306093454360962,1.9448763132095337,1.871656894683838,1.6635936498641968,1.386896014213562,1.289414882659912,0.9088417887687683,0.8386606574058533,0.4827978014945984,0.5293923616409302,0.4967048764228821,0.6091533899307251,0.9695577621459961,1.680488109588623,1.3877596855163574,1.142891764640808,0.8525422215461731,0.5939722657203674,0.37064898014068604,0.0,0.38320299983024597,0.5823186635971069,0.9243519902229309,1.1617894172668457,1.5164449214935303,1.7675940990447998,2.009418487548828,2.3590362071990967,2.3044466972351074,1.9810400009155273,1.8270858526229858,1.5406094789505005,1.3230911493301392,1.1977702379226685,0.8291352987289429,0.8322275280952454,0.6266828179359436,0.738341212272644,0.847909152507782,1.0857675075531006,1.366071105003357,1.4744300842285156,1.8255473375320435,1.79177725315094,1.406302809715271,1.4996047019958496,1.2226548194885254,1.3029152154922485,1.3367058038711548,1.2007331848144531,1.4348231554031372,1.2299561500549316,1.5049551725387573,1.3914717435836792,1.6797441244125366,1.7234076261520386,1.7876701354980469,2.15451979637146,1.9688191413879395,1.6572835445404053,1.6532944440841675,1.2667075395584106,1.3678261041641235,1.163050889968872,1.1614658832550049,1.1813750267028809,1.0278126001358032,1.2540171146392822,1.158030390739441,1.4664065837860107,1.4693434238433838,1.7523961067199707,2.0151898860931396
B8,2.692424774169922,2.3319928646087646,2.255241632461548,1.9278180599212646,1.8055553436279297,1.6349947452545166,1.3067171573638916,1.227225661277771,0.8652885556221008,0.782398521900177,0.546474039554596,0.5978190302848816,0.7277636528015137,0.7200037837028503,1.111194133758545,2.026149272918701,1.7529325485229492,1.4823752641677856,1.194644570350647,0.928524911403656,0.6197414398193359,0.38320299983024597,0.0,0.3769834339618683,0.6294770240783691,0.9348209500312805,1.2652167081832886,1.5481858253479004,1.8136098384857178,2.137890577316284,2.6013853549957275,2.266268253326416,2.122922658920288,1.7997217178344727,1.6090831756591797,1.422132134437561,1.0655813217163086,0.9627631306648254,0.6450384259223938,0.5855323076248169,0.5626635551452637,0.724989116191864,1.0027462244033813,1.1009355783462524,1.4442737102508545,1.8029651641845703,1.434020757675171,1.5429394245147705,1.2317843437194824,1.3821088075637817,1.3677000999450684,1.3002091646194458,1.5010290145874023,1.2940300703048706,1.5665172338485718,1.4146326780319214,1.7070807218551636,1.6999728679656982,1.8156282901763916,2.1521220207214355,1.672459602355957,1.3477115631103516,1.4092572927474976,1.0475867986679077,1.2297260761260986,1.1305543184280396,1.1596078872680664,1.2949727773666382,1.1642870903015137,1.4511921405792236,1.3662419319152832,1.6927745342254639,1.7023136615753174,1.9352024793624878,2.2308850288391113
B9,2.3484604358673096,1.9994211196899414,1.8969762325286865,1.575819730758667,1.4335086345672607,1.270129680633545,0.9345313906669617,0.8926762342453003,0.5527520179748535,0.6026962995529175,0.5215330123901367,0.7724475860595703,0.9799190163612366,1.0669445991516113,1.4540516138076782,2.229525327682495,1.9160798788070679,1.7045272588729858,1.3745896816253662,1.1692559719085693,0.8808332085609436,0.5823186635971069,0.3769834339618683,0.0,0.37539416551589966,0.5861343741416931,0.9407227635383606,1.1990437507629395,1.4582257270812988,1.7925059795379639,2.467078447341919,2.1164259910583496,2.0090436935424805,1.6525349617004395,1.5301430225372314,1.3317534923553467,1.0232921838760376,0.9619747400283813,0.5893802642822266,0.6376063227653503,0.4640130400657654,0.7167162895202637,0.8836910128593445,1.0235440731048584,1.3931920528411865,1.793718934059143,1.438681960105896,1.456114649772644,1.0904914140701294,1.1947907209396362,1.0937505960464478,1.0295451879501343,1.1812783479690552,0.9816188216209412,1.2610093355178833,1.1370069980621338,1.4618371725082397,1.4941234588623047,1.672764778137207,2.010976552963257,1.6997349262237549,1.334841251373291,1.376685619354248,1.020978569984436,1.1428529024124146,1.0707839727401733,0.9932476878166199,1.1528279781341553,0.9667589664459229,1.2571066617965698,1.1608455181121826,1.48981773853302,1.5275142192840576,1.714235544204712,2.0467331409454346
B10,2.3374075889587402,2.0162370204925537,1.877212405204773,1.6058672666549683,1.3921180963516235,1.2606744766235352,0.8931874632835388,0.8473471403121948,0.6284447908401489,0.6511396765708923,0.7528502345085144,0.9661102890968323,1.2481406927108765,1.3076763153076172,1.68588387966156,2.594766139984131,2.2855968475341797,2.062880516052246,1.7433462142944336,1.51607084274292,1.219766616821289,0.9243519902229309,0.6294770240783691,0.37539416551589966,0.0,0.3805840015411377,0.6468666791915894,0.9669250249862671,1.2199591398239136,1.530417561531067,2.7586514949798584,2.39821195602417,2.321432113647461,1.9523811340332031,1.8676512241363525,1.6592539548873901,1.3764830827713013,1.2899576425552368,0.9075495600700378,0.8604037165641785,0.5342016816139221,0.6106650829315186,0.6187446117401123,0.7006210088729858,1.0810054540634155,1.7711181640625,1.4594649076461792,1.469986915588379,1.1012459993362427,1.2639751434326172,1.1275484561920166,1.1663178205490112,1.2844403982162476,1.1430680751800537,1.4126149415969849,1.3017462491989136,1.6240646839141846,1.635553240776062,1.8688956499099731,2.1710731983184814,1.622087836265564,1.2456858158111572,1.3703465461730957,1.0845460891723633,1.2569701671600342,1.2897742986679077,1.210894227027893,1.4318311214447021,1.2490524053573608,1.536006212234497,1.4227384328842163,1.7254353761672974,1.7436221837997437,1.8658578395843506,2.209508180618286
B11,1.9757174253463745,1.6707905530929565,1.5116528272628784,1.2647130489349365,1.0299001932144165,0.9453210234642029,0.5847225785255432,0.6677824854850769,0.5908938646316528,0.7892583608627319,0.9652684926986694,1.2595206499099731,1.5318430662155151,1.6331713199615479,2.0163681507110596,2.7705769538879395,2.4375224113464355,2.2625410556793213,1.9139935970306396,1.7431448698043823,1.4559967517852783,1.1617894172668457,0.9348209500312805,0.5861343741416931,0.3805840015411377,0.0,0.3750290870666504,0.6178434491157532,0.8884299397468567,1.2077829837799072,2.6477370262145996,2.2893972396850586,2.238637924194336,1.853266954421997,1.8307958841323853,1.6146214008331299,1.4015800952911377,1.3426446914672852,0.9857825636863708,1.0154448747634888,0.690731406211853,0.8343974947929382,0.7358503937721252,0.8884336352348328,1.2250239849090576,1.9432812929153442,1.653806209564209,1.5770989656448364,1.1878725290298462,1.2664672136306763,1.0265309810638428,1.053091287612915,1.065631628036499,0.9368329048156738,1.1626403331756592,1.0807138681411743,1.4024957418441772,1.4473830461502075,1.7330232858657837,2.0189332962036133,1.7120567560195923,1.3279666900634766,1.3991626501083374,1.1461031436920166,1.2292782068252563,1.2846089601516724,1.1196645498275757,1.3487317562103271,1.152497410774231,1.4190328121185303,1.3277112245559692,1.6149283647537231,1.6794945001602173,1.7518723011016846,2.123380422592163
B12,1.95192289352417,1.7001585960388184,1.4947700500488281,1.3272366523742676,1.0242793560028076,0.9945757985115051,0.6870814561843872,0.772602379322052,0.8547945618629456,1.016399621963501,1.2696176767349243,1.5433849096298218,1.849703073501587,1.948079228401184,2.3231942653656006,3.140601873397827,2.8047783374786377,2.6303441524505615,2.2862393856048584,2.1045777797698975,1.818318247795105,1.5164449214935303,1.2652167081832886,0.9407227635383606,0.6468666791915894,0.3750290870666504,0.0,0.3754551112651825,0.5983327627182007,0.8850292563438416,2.9130783081054688,2.5525548458099365,2.5353543758392334,2.15004301071167,2.16454815864563,1.954053521156311,1.764676570892334,1.704995036125183,1.3533509969711304,1.351595163345337,0.9985737204551697,1.0371347665786743,0.7997584342956543,0.8735366463661194,1.1469875574111938,2.0198543071746826,1.7851841449737549,1.6827596426010132,1.3189918994903564,1.414641261100769,1.151082158088684,1.260676622390747,1.2310079336166382,1.1810247898101807,1.3723987340927124,1.3279556035995483,1.624142050743103,1.665405035018921,1.986905574798584,2.234015941619873,1.8170877695083618,1.4486067295074463,1.567573070526123,1.3895833492279053,1.4830299615859985,1.5974369049072266,1.4283643960952759,1.6729657649993896,1.4789364337921143,1.7187424898147583,1.6133936643600464,1.8596831560134888,1.9074710607528687,1.914318561553955,2.2837867736816406
B13,1.6164157390594482,1.396587610244751,1.1839354038238525,1.0913151502609253,0.7849760055541992,0.8819161653518677,0.6850774884223938,0.9090087413787842,1.0648095607757568,1.3048781156539917,1.5482569932937622,1.856812596321106,2.140993356704712,2.2506704330444336,2.63334584236145,3.3221068382263184,2.976477861404419,2.835240364074707,2.4718611240386963,2.3366217613220215,2.0506510734558105,1.7675940990447998,1.5481858253479004,1.1990437507629395,0.9669250249862671,0.6178434491157532,0.3754551112651825,0.0,0.3770212233066559,0.6126887202262878,2.8837318420410156,2.5402843952178955,2.5343427658081055,2.146857738494873,2.2050647735595703,1.984668254852295,1.860312819480896,1.8066484928131104,1.4970799684524536,1.5293478965759277,1.2067536115646362,1.2866288423538208,1.0434842109680176,1.1837295293807983,1.3977718353271484,2.3212883472442627,2.09503173828125,1.9465876817703247,1.5828791856765747,1.6087037324905396,1.2883574962615967,1.35715651512146,1.2203936576843262,1.1737948656082153,1.2716777324676514,1.2424405813217163,1.4894319772720337,1.5422393083572388,1.8954495191574097,2.104161024093628,1.914845585823059,1.5640987157821655,1.6247841119766235,1.4913159608840942,1.5088117122650146,1.644205927848816,1.4327272176742554,1.676419734954834,1.5078141689300537,1.7222820520401,1.6635053157806396,1.8908582925796509,1.9902153015136719,1.96332848072052,2.34494948387146
