,A1,A2,A3,A4,A5,A6,A7,A8,A9,A10,A11,A12,A13,A14,A15,B1,B2,B3,B4,B5,B6,B7,B8,B9,B10,B11,B12,B13,B14,B15,C1,C2,C3,C4,C5,C6,C7,C8,C9,C10,C11,C12,C13,C14,C15,D1,D2,D3,D4,D5,D6,D7,D8,D9,D10,D11,D12,D13,D14,D15,E1,E2,E3,E4,E5,E6,E7,E8,E9,E10,E11,E12,E13,E14,E15
A1,0.0,0.37905657291412354,0.5480637550354004,0.8086416125297546,1.0862078666687012,1.3166218996047974,1.6395924091339111,1.8975210189819336,2.2009825706481934,2.517991065979004,2.7954134941101074,3.145782470703125,3.394212245941162,3.6471076011657715,4.005393028259277,2.0828089714050293,1.769981026649475,2.023498296737671,1.7942019701004028,2.0576305389404297,2.1478357315063477,2.2460458278656006,2.5681087970733643,2.5759661197662354,2.9429640769958496,2.998652935028076,3.3487179279327393,3.4370710849761963,3.54813551902771,3.9218034744262695,3.45821475982666,3.0766031742095947,3.0897083282470703,2.769606590270996,2.7346889972686768,2.7406423091888428,2.5319406986236572,2.754209041595459,2.5503079891204834,2.772150993347168,2.7002499103546143,2.8839569091796875,2.9404120445251465,2.826798439025879,3.16873836517334,3.407107353210449,3.1471431255340576,2.9335694313049316,2.76772403717041,2.4729316234588623,2.512568235397339,2.1892194747924805,2.258791208267212,2.156264066696167,2.1701254844665527,2.2741432189941406,2.285996437072754,2.5353763103485107,2.4026126861572266,2.675044536590576,2.2158021926879883,2.1673645973205566,1.8204476833343506,1.8923695087432861,1.5614993572235107,1.6720647811889648,1.5899235010147095,1.6107325553894043,1.881702184677124,1.9434691667556763,2.3136467933654785,2.475541114807129,2.8458292484283447,3.0205748081207275,3.30287766456604
A2,0.37905657291412354,0.0,0.3795525133609772,0.525592565536499,0.8474581837654114,1.1049054861068726,1.3934834003448486,1.6973570585250854,1.9675723314285278,2.3080520629882812,2.5691111087799072,2.924886465072632,3.1672165393829346,3.3957927227020264,3.7661023139953613,2.003427028656006,1.654995322227478,1.857784628868103,1.5966355800628662,1.8125282526016235,1.908605694770813,1.9638962745666504,2.2961008548736572,2.293236017227173,2.659644842147827,2.7238898277282715,3.0680432319641113,3.1759417057037354,3.272855043411255,3.6556928157806396,3.1641626358032227,2.785944700241089,2.772475004196167,2.458071708679199,2.397644281387329,2.413593053817749,2.1942431926727295,2.424468755722046,2.2404913902282715,2.4709908962249756,2.4354336261749268,2.6336281299591064,2.7293691635131836,2.641190528869629,3.0013277530670166,3.0288002490997314,2.7683658599853516,2.5555453300476074,2.3921778202056885,2.1003849506378174,2.1555073261260986,1.844099521636963,1.944061040878296,1.8738254308700562,1.9313668012619019,2.074083089828491,2.139686346054077,2.4126057624816895,2.329491138458252,2.637366533279419,1.9123687744140625,1.8275752067565918,1.4874759912490845,1.536434531211853,1.2063535451889038,1.3489960432052612,1.2774914503097534,1.3647633790969849,1.6477006673812866,1.7743589878082275,2.143268346786499,2.3512442111968994,2.712303638458252,2.890415906906128,3.202484369277954
A3,0.5480637550354004,0.3795525133609772,0.0,0.37711408734321594,0.5561612844467163,0.8475543260574341,1.1333712339401245,1.414449691772461,1.7215702533721924,2.0395309925079346,2.333177328109741,2.674234628677368,2.9429028034210205,3.177325963973999,3.541764736175537,1.651800274848938,1.305922269821167,1.513938069343567,1.2586466073989868,1.5103204250335693,1.6075735092163086,1.7147719860076904,2.047551155090332,2.089221239089966,2.464221477508545,2.5609428882598877,2.921022891998291,3.0468921661376953,3.1846706867218018,3.5660698413848877,2.92964768409729,2.54692006111145,2.5638318061828613,2.236337900161743,2.2215187549591064,2.2274341583251953,2.0474693775177,2.293743371963501,2.1197333335876465,2.384169578552246,2.347489833831787,2.583824634552002,2.668013095855713,2.620490789413452,2.9908313751220703,3.0601418018341064,2.7659599781036377,2.5806853771209717,2.369851589202881,2.1052305698394775,2.129859685897827,1.8059190511703491,1.9199868440628052,1.792556643486023,1.874104619026184,1.961477518081665,2.040475606918335,2.273881435394287,2.1641721725463867,2.486060857772827,2.1590702533721924,2.017392158508301,1.6863532066345215,1.6545590162277222,1.2961065769195557,1.3825763463974,1.2098497152328491,1.2721424102783203,1.4831053018569946,1.5799940824508667,1.9267075061798096,2.1071441173553467,2.471611499786377,2.614792823791504,2.92698335647583
A4,0.8086416125297546,0.525592565536499,0.37711408734321594,0.0,0.37693536281585693,0.5938937067985535,0.8723849654197693,1.1832917928695679,1.4425997734069824,1.7864391803741455,2.0464463233947754,2.4009032249450684,2.6472418308258057,2.874103307723999,3.2441275119781494,1.7706825733184814,1.4031208753585815,1.5226608514785767,1.2029978036880493,1.3791149854660034,1.4207112789154053,1.4637079238891602,1.7814157009124756,1.7768582105636597,2.145472764968872,2.220710039138794,2.5736141204833984,2.6949477195739746,2.8188130855560303,3.2024924755096436,2.78464674949646,2.406867265701294,2.374549627304077,2.035338878631592,1.9737560749053955,1.9457906484603882,1.7321205139160156,1.95314359664917,1.7623871564865112,2.01511812210083,1.9830988645553589,2.2188146114349365,2.320951223373413,2.285261869430542,2.66404390335083,2.7834722995758057,2.491393566131592,2.28352689743042,2.062026023864746,1.780390739440918,1.7766789197921753,1.4424288272857666,1.5433359146118164,1.4222592115402222,1.5161283016204834,1.631385326385498,1.7434709072113037,2.0006699562072754,1.9415184259414673,2.2848267555236816,1.9345760345458984,1.7609326839447021,1.425177812576294,1.3436239957809448,0.97075355052948,1.0158106088638306,0.8343936204910278,0.9166653156280518,1.1516144275665283,1.300120234489441,1.6537162065505981,1.8807858228683472,2.233208179473877,2.402801036834717,2.733107805252075
A5,1.0862078666687012,0.8474581837654114,0.5561612844467163,0.37693536281585693,0.0,0.3748463988304138,0.5847539305686951,0.893657386302948,1.1860895156860352,1.508473515510559,1.8045628070831299,2.1395437717437744,2.4171714782714844,2.637716054916382,3.005220651626587,1.4577574729919434,1.0917701721191406,1.1706401109695435,0.8365509510040283,1.0262739658355713,1.0702804327011108,1.1657823324203491,1.4920226335525513,1.5480802059173584,1.9256880283355713,2.0500094890594482,2.4163529872894287,2.5691096782684326,2.733814001083374,3.1154820919036865,2.4898605346679688,2.110163450241089,2.105178117752075,1.7551223039627075,1.743215799331665,1.7103161811828613,1.5499645471572876,1.7960447072982788,1.636527180671692,1.9332070350646973,1.9204729795455933,2.2028512954711914,2.3062753677368164,2.3274033069610596,2.713894844055176,2.7666053771972656,2.4429328441619873,2.274583339691162,2.0078108310699463,1.7721315622329712,1.7443277835845947,1.4180200099945068,1.5510241985321045,1.3811805248260498,1.5248459577560425,1.5830475091934204,1.7313523292541504,1.9405412673950195,1.8714163303375244,2.2336878776550293,2.1777760982513428,1.952823519706726,1.6504665613174438,1.4956793785095215,1.135743498802185,1.1336586475372314,0.8476195335388184,0.9266536831855774,1.0359306335449219,1.172837257385254,1.4788540601730347,1.6870794296264648,2.0328614711761475,2.1555464267730713,2.4971508979797363
A6,1.3166218996047974,1.1049054861068726,0.8475543260574341,0.5938937067985535,0.3748463988304138,0.0,0.36344242095947266,0.5967479348182678,0.8858587145805359,1.2074617147445679,1.4887773990631104,1.834328055381775,2.097083330154419,2.3431684970855713,2.700889825820923,1.6150978803634644,1.2796318531036377,1.287558913230896,0.9243496656417847,1.05202054977417,0.9608195424079895,1.0327547788619995,1.2931442260742188,1.3020563125610352,1.6681016683578491,1.757703185081482,2.1273748874664307,2.25459361076355,2.4378440380096436,2.808814764022827,2.5270285606384277,2.159931182861328,2.123495101928711,1.7536892890930176,1.7209700345993042,1.6076149940490723,1.4322093725204468,1.6160279512405396,1.4041427373886108,1.679182529449463,1.6201566457748413,1.9026610851287842,1.9770485162734985,2.012638807296753,2.3952369689941406,2.7990763187408447,2.475677728652954,2.2870283126831055,1.9938294887542725,1.7492576837539673,1.642869472503662,1.2960999011993408,1.3583563566207886,1.1177769899368286,1.2295498847961426,1.2361036539077759,1.3824443817138672,1.573893427848816,1.514360785484314,1.8861746788024902,2.2670652866363525,2.0307464599609375,1.7245008945465088,1.5233221054077148,1.1682276725769043,1.0434828996658325,0.7071703672409058,0.6584604382514954,0.697100818157196,0.7989531755447388,1.1086297035217285,1.3253122568130493,1.6711211204528809,1.818027138710022,2.1587941646575928
A7,1.6395924091339111,1.3934834003448486,1.1333712339401245,0.8723849654197693,0.5847539305686951,0.36344242095947266,0.0,0.38152313232421875,0.6079455614089966,0.9425013661384583,1.2278629541397095,1.561053991317749,1.839880347251892,2.0541625022888184,2.4217562675476074,1.5599987506866455,1.2417628765106201,1.1434637308120728,0.7712109684944153,0.7810697555541992,0.6331709027290344,0.6704894304275513,0.938126266002655,0.9842512011528015,1.3590253591537476,1.5012160539627075,1.873705506324768,2.0454328060150146,2.246419906616211,2.6194660663604736,2.202972412109375,1.8459067344665527,1.7947473526000977,1.4203141927719116,1.3954412937164307,1.2643221616744995,1.1247979402542114,1.3260576725006104,1.1629105806350708,1.4816231727600098,1.4791158437728882,1.806419849395752,1.9172483682632446,2.0192816257476807,2.4068992137908936,2.600612163543701,2.259944438934326,2.103497266769409,1.7788591384887695,1.5828605890274048,1.4578434228897095,1.1447988748550415,1.2541600465774536,1.0123833417892456,1.2119096517562866,1.208540678024292,1.4322872161865234,1.5939855575561523,1.585026502609253,1.9731873273849487,2.330232858657837,2.0474472045898438,1.7889493703842163,1.5264042615890503,1.2187916040420532,1.0795471668243408,0.7112630605697632,0.7393020987510681,0.6267489194869995,0.801807165145874,1.0120956897735596,1.2572892904281616,1.5612201690673828,1.6692283153533936,2.0401508808135986
A8,1.8975210189819336,1.6973570585250854,1.414449691772461,1.1832917928695679,0.893657386302948,0.5967479348182678,0.38152313232421875,0.0,0.3829900622367859,0.628579318523407,0.9573385119438171,1.2724225521087646,1.5692791938781738,1.8199946880340576,2.1634328365325928,1.612130045890808,1.3563194274902344,1.2190253734588623,0.8933892250061035,0.888308048248291,0.6049137711524963,0.7061331272125244,0.83122718334198,0.8922219276428223,1.2291682958602905,1.3655339479446411,1.7403764724731445,1.8942283391952515,2.146867275238037,2.493594169616699,2.263519048690796,1.9298018217086792,1.8903862237930298,1.5161362886428833,1.5269339084625244,1.3279465436935425,1.2398709058761597,1.371345043182373,1.1868218183517456,1.4794642925262451,1.4246852397918701,1.7563964128494263,1.8142834901809692,1.9506182670593262,2.3176655769348145,2.8386378288269043,2.495434284210205,2.3481075763702393,2.0026934146881104,1.8303616046905518,1.6455771923065186,1.348867654800415,1.3907444477081299,1.0769444704055786,1.2265409231185913,1.1064724922180176,1.3076907396316528,1.385309100151062,1.3528552055358887,1.733726143836975,2.654576539993286,2.3707261085510254,2.1143195629119873,1.8361823558807373,1.5422674417495728,1.340382695198059,0.978034496307373,0.8796125054359436,0.6157286167144775,0.6343677639961243,0.7315202355384827,0.9201939105987549,1.2151966094970703,1.2959870100021362,1.6646312475204468
A9,2.2009825706481934,1.9675723314285278,1.7215702533721924,1.4425997734069824,1.1860895156860352,0.8858587145805359,0.6079455614089966,0.3829900622367859,0.0,0.37672340869903564,0.6200211048126221,0.9603437781333923,1.2332271337509155,1.4642184972763062,1.822214961051941,1.8968786001205444,1.6537703275680542,1.4539108276367188,1.1454148292541504,1.0162264108657837,0.6718748211860657,0.5986486077308655,0.5680875182151794,0.5346587896347046,0.8522299528121948,0.9880637526512146,1.361961007118225,1.53471040725708,1.795288324356079,2.1397297382354736,2.1667892932891846,1.8667404651641846,1.7665021419525146,1.4058903455734253,1.3656504154205322,1.0941147804260254,1.0044991970062256,1.059751033782959,0.8766459822654724,1.161608338356018,1.134031057357788,1.4886441230773926,1.5755668878555298,1.7714108228683472,2.132004737854004,2.6563608646392822,2.322075366973877,2.17668080329895,1.819475531578064,1.675660252571106,1.4385462999343872,1.1869244575500488,1.2044581174850464,0.890919029712677,1.0828360319137573,0.9581830501556396,1.2320024967193604,1.2952195405960083,1.3597171306610107,1.7392284870147705,2.6466097831726074,2.3409740924835205,2.1241238117218018,1.8052793741226196,1.5706262588500977,1.3270307779312134,1.0010911226272583,0.9207172989845276,0.5683663487434387,0.6618964672088623,0.612960934638977,0.875713050365448,1.0811957120895386,1.1748294830322266,1.56792414188385
A10,2.517991065979004,2.3080520629882812,2.0395309925079346,1.7864391803741455,1.508473515510559,1.2074617147445679,0.9425013661384583,0.628579318523407,0.37672340869903564,0.0,0.38411301374435425,0.6471660733222961,0.9677167534828186,1.221537709236145,1.5472140312194824,1.9889987707138062,1.8069915771484375,1.5723650455474854,1.326249599456787,1.182248592376709,0.8086225390434265,0.7947388887405396,0.5948573350906372,0.6258677244186401,0.8040305972099304,0.9598020315170288,1.3004077672958374,1.4707218408584595,1.7882050275802612,2.0892159938812256,2.183363676071167,1.921549916267395,1.840358018875122,1.5061370134353638,1.514904499053955,1.214346170425415,1.211488962173462,1.2115235328674316,1.0713062286376953,1.3088443279266357,1.2621430158615112,1.6032353639602661,1.646250605583191,1.8864635229110718,2.2104341983795166,2.8880038261413574,2.553131341934204,2.435479164123535,2.0688493251800537,1.9671217203140259,1.7082806825637817,1.499587059020996,1.4924222230911255,1.1736475229263306,1.3242559432983398,1.1184282302856445,1.3563586473464966,1.3166576623916626,1.3699859380722046,1.7132203578948975,3.005774736404419,2.694650888442993,2.4897677898406982,2.162623167037964,1.9422403573989868,1.6873540878295898,1.3725149631500244,1.25933837890625,0.8842926621437073,0.856391429901123,0.6297731995582581,0.7600789666175842,0.8633261919021606,0.8664284348487854,1.2648138999938965
A11,2.7954134941101074,2.5691111087799072,2.333177328109741,2.0464463233947754,1.8045628070831299,1.4887773990631104,1.2278629541397095,0.9573385119438171,0.6200211048126221,0.38411301374435425,0.0,0.3747309744358063,0.6150205731391907,0.8813942670822144,1.2159082889556885,2.3599095344543457,2.174316883087158,1.9253261089324951,1.6764124631881714,1.4906316995620728,1.1242252588272095,1.0079697370529175,0.7109630703926086,0.5797863602638245,0.5713390707969666,0.6449507474899292,0.9498929381370544,1.1088995933532715,1.4465105533599854,1.7256181240081787,2.2939250469207764,2.0730905532836914,1.9349907636642456,1.6337337493896484,1.583518624305725,1.2325221300125122,1.2156367301940918,1.0968809127807617,0.9531206488609314,1.1037507057189941,1.0523325204849243,1.3735685348510742,1.4190458059310913,1.7117103338241577,2.0059878826141357,2.8342132568359375,2.524186849594116,2.3980777263641357,2.040534257888794,1.9562358856201172,1.6520824432373047,1.4955450296401978,1.4343876838684082,1.1407054662704468,1.272555947303772,1.0602480173110962,1.3195867538452148,1.2541828155517578,1.3995729684829712,1.7128363847732544,3.051846504211426,2.7385475635528564,2.5626864433288574,2.2195992469787598,2.0493361949920654,1.7623214721679688,1.5013649463653564,1.3820642232894897,1.0052465200424194,0.9996627569198608,0.6971407532691956,0.8484500646591187,0.8115168213844299,0.8566309809684753,1.232151746749878
A12,3.145782470703125,2.924886465072632,2.674234628677368,2.4009032249450684,2.1395437717437744,1.834328055381775,1.561053991317749,1.2724225521087646,0.9603437781333923,0.6471660733222961,0.3747309744358063,0.0,0.3728838562965393,0.6185803413391113,0.9052950739860535,2.528345823287964,2.387819766998291,2.1097235679626465,1.9102026224136353,1.7034459114074707,1.3460512161254883,1.2533495426177979,0.9009962677955627,0.8464600443840027,0.6958144903182983,0.7913623452186584,0.9778780341148376,1.1426042318344116,1.5112959146499634,1.7249594926834106,2.3047285079956055,2.134572982788086,2.0065739154815674,1.7498964071273804,1.7353837490081787,1.3861356973648071,1.4449816942214966,1.3031320571899414,1.23361337184906,1.3460596799850464,1.3173130750656128,1.604718565940857,1.6312121152877808,1.9544992446899414,2.205077648162842,3.018315553665161,2.7130088806152344,2.621574640274048,2.26393723487854,2.226714849472046,1.9228476285934448,1.812260389328003,1.7590956687927246,1.4906123876571655,1.6152334213256836,1.3881562948226929,1.618579387664795,1.4931764602661133,1.632059931755066,1.8970656394958496,3.3883628845214844,3.0658633708953857,2.909743070602417,2.5581815242767334,2.405435085296631,2.1245357990264893,1.868351936340332,1.7566641569137573,1.3792834281921387,1.3469640016555786,1.008582592010498,1.055524468421936,0.8988999128341675,0.820378839969635,1.1403759717941284
A13,3.394212245941162,3.1672165393829346,2.9429028034210205,2.6472418308258057,2.4171714782714844,2.097083330154419,1.839880347251892,1.5692791938781738,1.2332271337509155,0.9677167534828186,0.6150205731391907,0.3728838562965393,0.0,0.3820303976535797,0.6269427537918091,2.896090507507324,2.7440836429595947,2.4691483974456787,2.254606008529663,2.038908004760742,1.68351411819458,1.5455116033554077,1.1885956525802612,1.0424429178237915,0.7866635322570801,0.7342458367347717,0.7821257710456848,0.8791099190711975,1.2585148811340332,1.4138691425323486,2.5477283000946045,2.40523099899292,2.2376697063446045,2.0062551498413086,1.9431272745132446,1.5768827199935913,1.604852318763733,1.3802424669265747,1.3005834817886353,1.3084716796875,1.259587287902832,1.4827646017074585,1.4913487434387207,1.8431847095489502,2.044039487838745,3.068726062774658,2.794407367706299,2.688741683959961,2.3519797325134277,2.3188257217407227,1.9871079921722412,1.913806676864624,1.809126377105713,1.5711578130722046,1.6559454202651978,1.4328770637512207,1.6478468179702759,1.502684235572815,1.7032384872436523,1.9247227907180786,3.475984573364258,3.162261724472046,3.024962902069092,2.672318458557129,2.555168390274048,2.252014636993408,2.041748285293579,1.916202425956726,1.5562617778778076,1.5267096757888794,1.1761409044265747,1.2284209728240967,0.9960762858390808,0.9796217679977417,1.2217695713043213
A14,3.6471076011657715,3.3957927227020264,3.177325963973999,2.874103307723999,2.637716054916382,2.3431684970855713,2.0541625022888184,1.8199946880340576,1.4642184972763062,1.221537709236145,0.8813942670822144,0.6185803413391113,0.3820303976535797,0.0,0.3969746232032776,3.059985637664795,2.916321277618408,2.6117324829101562,2.4192028045654297,2.158076763153076,1.8302842378616333,1.6536797285079956,1.2775262594223022,1.1509047746658325,0.81336510181427,0.8155778646469116,0.7358394265174866,0.9125938415527344,1.245993733406067,1.3648077249526978,2.4220998287200928,2.3316078186035156,2.1370418071746826,1.961688756942749,1.8884602785110474,1.5353317260742188,1.611295461654663,1.3652887344360352,1.3828444480895996,1.3792870044708252,1.4221222400665283,1.6380925178527832,1.7054169178009033,2.0757861137390137,2.26513671875,2.949683904647827,2.690730571746826,2.6229186058044434,2.2984015941619873,2.323071241378784,2.005444049835205,2.0001726150512695,1.932201862335205,1.7553682327270508,1.8871961832046509,1.7188390493392944,1.966762661933899,1.8522083759307861,2.0730385780334473,2.2977397441864014,3.5642659664154053,3.2351136207580566,3.1399264335632324,2.774887800216675,2.6998515129089355,2.4199752807617188,2.2303240299224854,2.15883731842041,1.8112796545028687,1.8386797904968262,1.512461543083191,1.595710039138794,1.3764503002166748,1.3302983045578003,1.555680274963379
A15,4.005393028259277,3.7661023139953613,3.541764736175537,3.2441275119781494,3.005220651626587,2.700889825820923,2.4217562675476074,2.1634328365325928,1.822214961051941,1.5472140312194824,1.2159082889556885,0.9052950739860535,0.6269427537918091,0.3969746232032776,0.0,3.3670175075531006,3.2480521202087402,2.940760612487793,2.767289400100708,2.5146214962005615,2.1846187114715576,2.0327847003936768,1.6527615785598755,1.5437577962875366,1.210118055343628,1.1773148775100708,1.0305758714675903,1.113358974456787,1.424592137336731,1.4351972341537476,2.700787305831909,2.643960952758789,2.4623687267303467,2.3125100135803223,2.257215738296509,1.9141404628753662,2.003998279571533,1.7502267360687256,1.7645657062530518,1.7236231565475464,1.7351889610290527,1.8994004726409912,1.921016812324524,2.2917354106903076,2.4262473583221436,3.281754732131958,3.038562297821045,2.979886531829834,2.6665961742401123,2.701443910598755,2.380064010620117,2.383831262588501,2.2949671745300293,2.115525245666504,2.2122962474823,2.0173630714416504,2.224975109100342,2.063058614730835,2.276888132095337,2.4494831562042236,3.935224771499634,3.61137056350708,3.518975019454956,3.1563236713409424,3.084394931793213,2.7946863174438477,2.60915470123291,2.514648914337158,2.163719415664673,2.152608871459961,1.8015553951263428,1.825804352760315,1.5470479726791382,1.4639878273010254,1.5974987745285034
B1,2.0828089714050293,2.003427028656006,1.651800274848938,1.7706825733184814,1.4577574729919434,1.6150978803634644,1.5599987506866455,1.612130045890808,1.8968786001205444,1.9889987707138062,2.3599095344543457,2.528345823287964,2.896090507507324,3.059985637664795,3.3670175075531006,0.0,0.38028484582901,0.5296400189399719,0.8314893841743469,1.0961887836456299,1.3301790952682495,1.657853126525879,1.9130964279174805,2.2179572582244873,2.532902479171753,2.8121962547302246,3.1640284061431885,3.399801015853882,3.6601622104644775,4.0080108642578125,2.1430017948150635,1.8235737085342407,2.071540594100952,1.8368723392486572,2.09928297996521,2.1771609783172607,2.2702343463897705,2.582932472229004,2.579268217086792,2.9421513080596924,2.987297773361206,3.3360140323638916,3.423478841781616,3.539410352706909,3.9118735790252686,3.521805763244629,3.1525251865386963,3.1488606929779053,2.848710536956787,2.7792038917541504,2.7866249084472656,2.5555741786956787,2.7669458389282227,2.5633544921875,2.7651031017303467,2.7016401290893555,2.857253074645996,2.918078660964966,2.7646484375,3.0862131118774414,3.4416844844818115,3.1770148277282715,2.9529106616973877,2.772808074951172,2.4750912189483643,2.5053131580352783,2.178541898727417,2.251436948776245,2.158364772796631,2.1824615001678467,2.293991804122925,2.3273026943206787,2.5951592922210693,2.4937829971313477,2.775165319442749
B2,1.769981026649475,1.654995322227478,1.305922269821167,1.4031208753585815,1.0917701721191406,1.2796318531036377,1.2417628765106201,1.3563194274902344,1.6537703275680542,1.8069915771484375,2.174316883087158,2.387819766998291,2.7440836429595947,2.916321277618408,3.2480521202087402,0.38028484582901,0.0,0.3787102997303009,0.5396416783332825,0.859673798084259,1.1121448278427124,1.412146806716919,1.7117102146148682,1.9807368516921997,2.320997714996338,2.5801377296447754,2.9400808811187744,3.1683077812194824,3.405784845352173,3.7672221660614014,2.101250648498535,1.7470430135726929,1.9392962455749512,1.6677685976028442,1.8784278631210327,1.951088309288025,1.996832251548767,2.3152239322662354,2.2923617362976074,2.6530203819274902,2.699464797973633,3.041163682937622,3.142226219177246,3.241948127746582,3.62210750579834,3.234304428100586,2.8700594902038574,2.8384761810302734,2.5450692176818848,2.4483420848846436,2.4620208740234375,2.218200206756592,2.4313855171203613,2.24326229095459,2.4475088119506836,2.4158694744110107,2.5806312561035156,2.6780567169189453,2.5465147495269775,2.886521577835083,3.067631721496582,2.807187557220459,2.5757691860198975,2.401292085647583,2.099001407623291,2.13893461227417,1.8215663433074951,1.9137580394744873,1.8545153141021729,1.9129270315170288,2.066312789916992,2.1473617553710938,2.44002366065979,2.3891468048095703,2.6995880603790283
B3,2.023498296737671,1.857784628868103,1.513938069343567,1.5226608514785767,1.1706401109695435,1.287558913230896,1.1434637308120728,1.2190253734588623,1.4539108276367188,1.5723650455474854,1.9253261089324951,2.1097235679626465,2.4691483974456787,2.6117324829101562,2.940760612487793,0.5296400189399719,0.3787102997303009,0.0,0.3769679367542267,0.5689188241958618,0.8366991877555847,1.1418664455413818,1.4141465425491333,1.7201300859451294,2.0373971462249756,2.3270552158355713,2.6739838123321533,2.9260215759277344,3.172973394393921,3.526374340057373,1.765907645225525,1.4155774116516113,1.6104077100753784,1.3393166065216064,1.5826787948608398,1.6490527391433716,1.743613839149475,2.0596165657043457,2.07664155960083,2.4463303089141846,2.522263288497925,2.881068229675293,2.9991631507873535,3.13957142829895,3.518845319747925,3.0423712730407715,2.668391704559326,2.6611063480377197,2.3463516235351562,2.288902759552002,2.283233165740967,2.0704171657562256,2.2964751720428467,2.1093711853027344,2.3471028804779053,2.3063697814941406,2.5094637870788574,2.589820623397827,2.495252847671509,2.8477015495300293,3.075793504714966,2.7816178798675537,2.578237533569336,2.3569421768188477,2.08233642578125,2.0940358638763428,1.7628047466278076,1.8692928552627563,1.750303864479065,1.8309786319732666,1.9287049770355225,2.021135091781616,2.277475595474243,2.1997017860412598,2.5269742012023926
B4,1.7942019701004028,1.5966355800628662,1.2586466073989868,1.2029978036880493,0.8365509510040283,0.9243496656417847,0.7712109684944153,0.8933892250061035,1.1454148292541504,1.326249599456787,1.6764124631881714,1.9102026224136353,2.254606008529663,2.4192028045654297,2.767289400100708,0.8314893841743469,0.5396416783332825,0.3769679367542267,0.0,0.37442547082901,0.5926234722137451,0.8771179914474487,1.1886241436004639,1.4438139200210571,1.7893145084381104,2.04670786857605,2.40553617477417,2.6393120288848877,2.871485948562622,3.234492540359497,1.8543535470962524,1.4831881523132324,1.5920823812484741,1.265720248222351,1.4304540157318115,1.4494420289993286,1.4795162677764893,1.7832813262939453,1.75876784324646,2.122068166732788,2.1827666759490967,2.5341005325317383,2.653718948364258,2.7805395126342773,3.1637115478515625,2.840816020965576,2.471372365951538,2.419529914855957,2.09944486618042,2.000823974609375,1.9728657007217407,1.7325102090835571,1.9405264854431152,1.7476131916046143,1.9791499376296997,1.9538620710372925,2.1616744995117188,2.267760992050171,2.192939281463623,2.5587034225463867,2.771730899810791,2.4793505668640137,2.258310556411743,2.02836275100708,1.740309715270996,1.728761076927185,1.3909759521484375,1.4931397438049316,1.387107014656067,1.4904435873031616,1.6216497421264648,1.7558221817016602,2.0341615676879883,2.009746551513672,2.3582024574279785
B5,2.0576305389404297,1.8125282526016235,1.5103204250335693,1.3791149854660034,1.0262739658355713,1.05202054977417,0.7810697555541992,0.888308048248291,1.0162264108657837,1.182248592376709,1.4906316995620728,1.7034459114074707,2.038908004760742,2.158076763153076,2.5146214962005615,1.0961887836456299,0.859673798084259,0.5689188241958618,0.37442547082901,0.0,0.37365785241127014,0.5890371203422546,0.9007386565208435,1.188993215560913,1.5131590366363525,1.8063894510269165,2.1471517086029053,2.4136643409729004,2.6401233673095703,3.0005264282226562,1.539736032485962,1.170582890510559,1.241520881652832,0.9017716646194458,1.076202392578125,1.097997784614563,1.1767733097076416,1.4916294813156128,1.527840256690979,1.9031381607055664,2.0155794620513916,2.3824117183685303,2.536771774291992,2.703815460205078,3.086527109146118,2.5700302124023438,2.1939034461975098,2.1683173179626465,1.8316493034362793,1.7804744243621826,1.7441703081130981,1.552443504333496,1.7888425588607788,1.6236813068389893,1.9035751819610596,1.8943511247634888,2.1527605056762695,2.2576985359191895,2.240311861038208,2.61780047416687,2.719021797180176,2.3945891857147217,2.2163498401641846,1.9432169198989868,1.7046154737472534,1.679036021232605,1.351609230041504,1.4951950311660767,1.3428853750228882,1.5012261867523193,1.578598976135254,1.7502495050430298,1.9836360216140747,1.9494465589523315,2.320211410522461
B6,2.1478357315063477,1.908605694770813,1.6075735092163086,1.4207112789154053,1.0702804327011108,0.9608195424079895,0.6331709027290344,0.6049137711524963,0.6718748211860657,0.8086225390434265,1.1242252588272095,1.3460512161254883,1.68351411819458,1.8302842378616333,2.1846187114715576,1.3301790952682495,1.1121448278427124,0.8366991877555847,0.5926234722137451,0.37365785241127014,0.0,0.36779436469078064,0.6028264164924622,0.888405442237854,1.211317539215088,1.4905580282211304,1.8400094509124756,2.0899147987365723,2.340750217437744,2.6902763843536377,1.6782684326171875,1.339880108833313,1.3479288816452026,0.983575701713562,1.1016733646392822,0.9935555458068848,1.0537450313568115,1.2981281280517578,1.2887800931930542,1.6496580839157104,1.7280644178390503,2.0977139472961426,2.228121280670166,2.415461778640747,2.787571430206299,2.618333339691162,2.2479424476623535,2.1894915103912354,1.830161452293396,1.7594784498214722,1.6453145742416382,1.4367388486862183,1.6121406555175781,1.3942768573760986,1.6553151607513428,1.5986790657043457,1.8598086833953857,1.9339649677276611,1.9318904876708984,2.306913375854492,2.761774778366089,2.434983730316162,2.243156671524048,1.9418931007385254,1.6998298168182373,1.592848539352417,1.2457411289215088,1.3182655572891235,1.0887160301208496,1.2156964540481567,1.2377560138702393,1.406812071800232,1.620617151260376,1.591642141342163,1.970733880996704
B7,2.2460458278656006,1.9638962745666504,1.7147719860076904,1.4637079238891602,1.1657823324203491,1.0327547788619995,0.6704894304275513,0.7061331272125244,0.5986486077308655,0.7947388887405396,1.0079697370529175,1.2533495426177979,1.5455116033554077,1.6536797285079956,2.0327847003936768,1.657853126525879,1.412146806716919,1.1418664455413818,0.8771179914474487,0.5890371203422546,0.36779436469078064,0.0,0.38361331820487976,0.6071804165840149,0.9422300457954407,1.2260470390319824,1.564491629600525,1.8351372480392456,2.05369234085083,2.414665460586548,1.6157587766647339,1.295027732849121,1.1998093128204346,0.8276519775390625,0.8310189843177795,0.6644019484519958,0.6884254217147827,0.9368589520454407,0.9635317325592041,1.3358453512191772,1.4696840047836304,1.844390869140625,2.021552085876465,2.2277002334594727,2.6020469665527344,2.2959046363830566,1.931869626045227,1.8624887466430664,1.4952595233917236,1.4366331100463867,1.303074836730957,1.1302525997161865,1.325861930847168,1.1550896167755127,1.464339017868042,1.4610575437545776,1.771624207496643,1.8791987895965576,1.9488184452056885,2.3325421810150146,2.5413436889648438,2.197516679763794,2.039599895477295,1.708425521850586,1.5175446271896362,1.3966699838638306,1.086503267288208,1.2106435298919678,0.9812561273574829,1.198204517364502,1.211364984512329,1.4551993608474731,1.637148380279541,1.654462218284607,2.0502333641052246
B8,2.5681087970733643,2.2961008548736572,2.047551155090332,1.7814157009124756,1.4920226335525513,1.2931442260742188,0.938126266002655,0.83122718334198,0.5680875182151794,0.5948573350906372,0.7109630703926086,0.9009962677955627,1.1885956525802612,1.2775262594223022,1.6527615785598755,1.9130964279174805,1.7117102146148682,1.4141465425491333,1.1886241436004639,0.9007386565208435,0.6028264164924622,0.38361331820487976,0.0,0.3829154968261719,0.6266148686408997,0.9542362689971924,1.2733913660049438,1.5592447519302368,1.8146190643310547,2.1487338542938232,1.6521029472351074,1.393020510673523,1.2639137506484985,0.9355207085609436,0.9280718564987183,0.6384356021881104,0.7304793000221252,0.8368654251098633,0.8823501467704773,1.2137024402618408,1.3440989255905151,1.7203446626663208,1.8828098773956299,2.1401445865631104,2.488804340362549,2.39119815826416,2.040644645690918,1.9790226221084595,1.602953314781189,1.5785406827926636,1.3767328262329102,1.2505558729171753,1.3795894384384155,1.1838610172271729,1.4720600843429565,1.412076473236084,1.7313456535339355,1.7821749448776245,1.8867785930633545,2.251189708709717,2.774181604385376,2.4256155490875244,2.284745931625366,1.932765245437622,1.7729395627975464,1.5949795246124268,1.305385708808899,1.3635573387145996,1.058079719543457,1.2241591215133667,1.1175333261489868,1.3364254236221313,1.435976505279541,1.424077033996582,1.8163316249847412
B9,2.5759661197662354,2.293236017227173,2.089221239089966,1.7768582105636597,1.5480802059173584,1.3020563125610352,0.9842512011528015,0.8922219276428223,0.5346587896347046,0.6258677244186401,0.5797863602638245,0.8464600443840027,1.0424429178237915,1.1509047746658325,1.5437577962875366,2.2179572582244873,1.9807368516921997,1.7201300859451294,1.4438139200210571,1.188993215560913,0.888405442237854,0.6071804165840149,0.3829154968261719,0.0,0.37944644689559937,0.6189509630203247,0.9645415544509888,1.2286773920059204,1.4611341953277588,1.8127466440200806,1.9352396726608276,1.6901565790176392,1.4979957342147827,1.186417818069458,1.0581022500991821,0.7078925371170044,0.6371537446975708,0.586890697479248,0.5325685739517212,0.8385257124900818,0.9671704173088074,1.3426189422607422,1.5243732929229736,1.7908474206924438,2.1365132331848145,2.283008098602295,1.960762619972229,1.8427926301956177,1.4775307178497314,1.410378336906433,1.1404870748519897,1.0143976211547852,1.0701266527175903,0.8752172589302063,1.1599293947219849,1.1238914728164673,1.4699466228485107,1.5469074249267578,1.7168256044387817,2.0774405002593994,2.5925958156585693,2.2539961338043213,2.1162912845611572,1.7552640438079834,1.6248257160186768,1.3935532569885254,1.1522666215896606,1.182228922843933,0.8749576210975647,1.0786170959472656,0.9657760262489319,1.250766396522522,1.3307067155838013,1.4068641662597656,1.7960165739059448
B10,2.9429640769958496,2.659644842147827,2.464221477508545,2.145472764968872,1.9256880283355713,1.6681016683578491,1.3590253591537476,1.2291682958602905,0.8522299528121948,0.8040305972099304,0.5713390707969666,0.6958144903182983,0.7866635322570801,0.81336510181427,1.210118055343628,2.532902479171753,2.320997714996338,2.0373971462249756,1.7893145084381104,1.5131590366363525,1.211317539215088,0.9422300457954407,0.6266148686408997,0.37944644689559937,0.0,0.3836776614189148,0.6505234837532043,0.9630706906318665,1.2180159091949463,1.5346895456314087,2.0090014934539795,1.8260804414749146,1.6005719900131226,1.350569725036621,1.2078135013580322,0.8313843607902527,0.8230119347572327,0.6158676147460938,0.6390906572341919,0.8054211735725403,0.9601312279701233,1.2997918128967285,1.483193039894104,1.803706169128418,2.1066417694091797,2.328533172607422,2.0329723358154297,1.9334769248962402,1.5827538967132568,1.567217469215393,1.2663464546203613,1.2266050577163696,1.2337145805358887,1.0794684886932373,1.3241952657699585,1.2649604082107544,1.6031019687652588,1.6323899030685425,1.8487839698791504,2.1744468212127686,2.8118035793304443,2.471409320831299,2.3686764240264893,1.9995819330215454,1.9174562692642212,1.6704998016357422,1.475033164024353,1.4842731952667236,1.1714016199111938,1.3326317071914673,1.1366745233535767,1.3814877271652222,1.3584237098693848,1.4140106439590454,1.7729374170303345
B11,2.998652935028076,2.7238898277282715,2.5609428882598877,2.220710039138794,2.0500094890594482,1.757703185081482,1.5012160539627075,1.3655339479446411,0.9880637526512146,0.9598020315170288,0.6449507474899292,0.7913623452186584,0.7342458367347717,0.8155778646469116,1.1773148775100708,2.8121962547302246,2.5801377296447754,2.3270552158355713,2.04670786857605,1.8063894510269165,1.4905580282211304,1.2260470390319824,0.9542362689971924,0.6189509630203247,0.3836776614189148,0.0,0.37619492411613464,0.6113283634185791,0.8719356060028076,1.201569676399231,2.3795669078826904,2.1949591636657715,1.953595757484436,1.7024277448654175,1.517460584640503,1.1455812454223633,1.0394625663757324,0.738373339176178,0.6096712946891785,0.5858349204063416,0.6586773991584778,0.9566041827201843,1.1294729709625244,1.4702235460281372,1.7494196891784668,2.4191818237304688,2.1608760356903076,2.0075321197509766,1.6878236532211304,1.6222443580627441,1.273402214050293,1.2273043394088745,1.1191872358322144,0.9638456702232361,1.1288464069366455,1.0623844861984253,1.3858672380447388,1.4139454364776611,1.6892269849777222,1.9866855144500732,2.77095365524292,2.4563257694244385,2.3468523025512695,1.989631175994873,1.9246940612792969,1.6311739683151245,1.488386631011963,1.439610481262207,1.1478585004806519,1.2835966348648071,1.0756903886795044,1.334226131439209,1.2762404680252075,1.4142940044403076,1.7412395477294922
B12,3.3487179279327393,3.0680432319641113,2.921022891998291,2.5736141204833984,2.4163529872894287,2.1273748874664307,1.873705506324768,1.7403764724731445,1.361961007118225,1.3004077672958374,0.9498929381370544,0.9778780341148376,0.7821257710456848,0.7358394265174866,1.0305758714675903,3.1640284061431885,2.9400808811187744,2.6739838123321533,2.40553617477417,2.1471517086029053,1.8400094509124756,1.564491629600525,1.2733913660049438,0.9645415544509888,0.6505234837532043,0.37619492411613464,0.0,0.3721800446510315,0.6100867390632629,0.8883721232414246,2.545628547668457,2.406982898712158,2.137810230255127,1.9353464841842651,1.7305208444595337,1.3688091039657593,1.286573052406311,0.934169590473175,0.8820592164993286,0.7281836271286011,0.823303759098053,1.00391685962677,1.180461049079895,1.547459602355957,1.761950969696045,2.4600462913513184,2.2416489124298096,2.099576234817505,1.8136403560638428,1.7876776456832886,1.4367088079452515,1.4667943716049194,1.3377605676651,1.2512096166610718,1.3808220624923706,1.3307991027832031,1.6246856451034546,1.6297773122787476,1.9385122060775757,2.194044828414917,2.9480772018432617,2.639298439025879,2.5679657459259033,2.213592767715454,2.197747230529785,1.9077270030975342,1.8110153675079346,1.7691473960876465,1.5008350610733032,1.6264400482177734,1.4007627964019775,1.6265734434127808,1.5042542219161987,1.6312810182571411,1.9108994007110596
B13,3.4370710849761963,3.1759417057037354,3.0468921661376953,2.6949477195739746,2.5691096782684326,2.25459361076355,2.0454328060150146,1.8942283391952515,1.53471040725708,1.4707218408584595,1.1088995933532715,1.1426042318344116,0.8791099190711975,0.9125938415527344,1.113358974456787,3.399801015853882,3.1683077812194824,2.9260215759277344,2.6393120288848877,2.4136643409729004,2.0899147987365723,1.8351372480392456,1.5592447519302368,1.2286773920059204,0.9630706906318665,0.6113283634185791,0.3721800446510315,0.0,0.38485580682754517,0.6186830997467041,2.911937952041626,2.7623510360717773,2.498920440673828,2.28082275390625,2.0714735984802246,1.7086164951324463,1.5860974788665771,1.2307087182998657,1.0887532234191895,0.8408262729644775,0.787453830242157,0.8360565900802612,0.9347621202468872,1.3103487491607666,1.4656589031219482,2.7048938274383545,2.511518716812134,2.332000255584717,2.070348024368286,2.0000436305999756,1.633159875869751,1.634536862373352,1.4238433837890625,1.3222644329071045,1.3508765697479248,1.271504282951355,1.5047303438186646,1.482871174812317,1.8236671686172485,2.0297224521636963,3.036532402038574,2.758575677871704,2.6702258586883545,2.3377392292022705,2.3187878131866455,1.9976402521133423,1.9300919771194458,1.82944917678833,1.581956386566162,1.6566064357757568,1.4238094091415405,1.6228077411651611,1.467008352279663,1.6476532220840454,1.877138376235962
