,A1,A2,A3,A4,A5,A6,A7,A8,A9,A10,A11,A12,A13,A14,A15,B1,B2,B3,B4,B5,B6,B7,B8,B9,B10,B11,B12,B13,B14,B15,C1,C2,C3,C4,C5,C6,C7,C8,C9,C10,C11,C12,C13,C14,C15,D1,D2,D3,D4,D5,D6,D7,D8,D9,D10,D11,D12,D13,D14,D15,E1,E2,E3,E4,E5,E6,E7,E8,E9,E10,E11,E12,E13,E14,E15
A1,0.0,0.39668208360671997,0.5657352805137634,0.870079517364502,1.1135530471801758,1.4230788946151733,1.703995943069458,1.9970474243164062,2.284649133682251,2.5948688983917236,2.8728854656219482,3.2284696102142334,3.465562343597412,3.7463746070861816,4.081961631774902,4.103779315948486,3.876142740249634,3.549351692199707,3.3228707313537598,3.039538860321045,2.7234420776367188,2.519282817840576,2.1547698974609375,2.0273072719573975,1.6474783420562744,1.590672492980957,1.2503435611724854,1.315169095993042,1.3741400241851807,1.2438228130340576,3.933318853378296,3.6704626083374023,3.4057793617248535,3.200808048248291,2.8690929412841797,2.728792667388916,2.358274459838867,2.220940351486206,2.0177550315856934,1.848866581916809,1.8583794832229614,1.7545192241668701,1.9838886260986328,1.8062312602996826,2.0140697956085205,3.169213056564331,2.8432180881500244,3.0138752460479736,2.723313331604004,2.861746311187744,2.7988693714141846,2.7689831256866455,2.9625818729400635,2.755279779434204,3.025513172149658,2.8443074226379395,3.1043550968170166,2.999044418334961,3.1202008724212646,3.350621223449707,2.275455951690674,1.9697329998016357,2.14996600151062,1.9208190441131592,2.2287745475769043,2.2061963081359863,2.420905113220215,2.573200225830078,2.5695390701293945,2.8744144439697266,2.8436145782470703,3.1722519397735596,3.134098768234253,3.4194672107696533,3.645423412322998
A2,0.39668208360671997,0.0,0.3906038701534271,0.5723888278007507,0.8502533435821533,1.1613399982452393,1.4022107124328613,1.7263931035995483,1.9757795333862305,2.308889865875244,2.565483331680298,2.931255340576172,3.1629130840301514,3.425755262374878,3.7730228900909424,3.8833916187286377,3.6297972202301025,3.3228299617767334,3.0682406425476074,2.803734302520752,2.4769697189331055,2.26100754737854,1.9039546251296997,1.7290138006210327,1.3581005334854126,1.2410075664520264,0.8862429261207581,0.9193738102912903,1.004073143005371,0.9125182628631592,3.547576904296875,3.288634777069092,3.016273260116577,2.813631772994995,2.477827787399292,2.3368031978607178,1.9673502445220947,1.8351504802703857,1.6501411199569702,1.503737211227417,1.55757737159729,1.5155707597732544,1.789751648902893,1.673822045326233,1.9415653944015503,3.0059103965759277,2.6547415256500244,2.786632776260376,2.4848744869232178,2.5817270278930664,2.5088508129119873,2.4417550563812256,2.631112575531006,2.4078686237335205,2.6737027168273926,2.4939751625061035,2.749927282333374,2.6575353145599365,2.7654452323913574,3.012526750564575,2.123159170150757,1.800057053565979,1.916042447090149,1.648539662361145,1.9244041442871094,1.8604912757873535,2.0688536167144775,2.197728157043457,2.1977758407592773,2.4947056770324707,2.474295139312744,2.805896043777466,2.784442901611328,3.0839173793792725,3.3183484077453613
A3,0.5657352805137634,0.3906038701534271,0.0,0.38388538360595703,0.5498787760734558,0.8698277473449707,1.146202564239502,1.4348933696746826,1.7315633296966553,2.0344645977020264,2.3239850997924805,2.6738836765289307,2.9241158962249756,3.20352840423584,3.5382957458496094,3.5617361068725586,3.324866771697998,3.0051941871643066,2.7711148262023926,2.5013794898986816,2.1741445064544678,1.9885613918304443,1.6180224418640137,1.506308913230896,1.132594347000122,1.1131713390350342,0.8379494547843933,0.9820844531059265,1.1794904470443726,1.1919621229171753,3.500339984893799,3.209345817565918,2.9709312915802,2.739327907562256,2.4325246810913086,2.298192262649536,1.9251866340637207,1.825887680053711,1.578865885734558,1.4738689661026,1.450668454170227,1.4246852397918701,1.6430011987686157,1.4819204807281494,1.7676736116409302,2.694072961807251,2.355564594268799,2.494771957397461,2.185173273086548,2.316481351852417,2.238523483276367,2.220282793045044,2.4140448570251465,2.2271971702575684,2.515085458755493,2.3642799854278564,2.654884099960327,2.5923709869384766,2.7493088245391846,3.014936685562134,2.214078187942505,1.8524113893508911,1.9678922891616821,1.6692085266113281,1.9214805364608765,1.8641115427017212,2.011836051940918,2.1540520191192627,2.0952179431915283,2.3977112770080566,2.3368778228759766,2.6621522903442383,2.6156890392303467,2.8832848072052,3.1195476055145264
A4,0.870079517364502,0.5723888278007507,0.38388538360595703,0.0,0.382209837436676,0.6046382188796997,0.8796941041946411,1.1781792640686035,1.4309526681900024,1.7571253776550293,2.0118649005889893,2.3752188682556152,2.603031635284424,2.8792574405670166,3.2175498008728027,3.3204970359802246,3.064736843109131,2.759188652038574,2.5021657943725586,2.2344393730163574,1.9111480712890625,1.6886248588562012,1.3328313827514648,1.1655349731445312,0.7907514572143555,0.7409106492996216,0.47535160183906555,0.711114227771759,0.9359479546546936,1.0685056447982788,3.2258806228637695,2.928744316101074,2.681102752685547,2.4291422367095947,2.128894090652466,1.9628740549087524,1.5931988954544067,1.4697439670562744,1.2046376466751099,1.095746636390686,1.0766117572784424,1.0943723917007446,1.3432817459106445,1.248652696609497,1.581768274307251,2.6733553409576416,2.3163442611694336,2.395838737487793,2.0577874183654785,2.138701915740967,2.015122413635254,1.955676555633545,2.114173650741577,1.8947193622589111,2.162353515625,1.9925824403762817,2.275500535964966,2.2084898948669434,2.3691554069519043,2.6374690532684326,1.9726816415786743,1.5970476865768433,1.6606336832046509,1.3339027166366577,1.5577822923660278,1.4906591176986694,1.6289408206939697,1.7821309566497803,1.7349423170089722,2.0535290241241455,2.021763563156128,2.368194818496704,2.360894203186035,2.6327149868011475,2.8994638919830322
A5,1.1135530471801758,0.8502533435821533,0.5498787760734558,0.382209837436676,0.0,0.3758949935436249,0.6012844443321228,0.8979767560958862,1.1943856477737427,1.4942458868026733,1.7932467460632324,2.138212203979492,2.4039769172668457,2.6747965812683105,3.012047529220581,3.0642571449279785,2.809011697769165,2.5054571628570557,2.253511428833008,2.009903907775879,1.6655436754226685,1.5058634281158447,1.1356161832809448,1.0348645448684692,0.699036180973053,0.7292447090148926,0.6379683017730713,0.8486277461051941,1.1735937595367432,1.3248317241668701,3.0731632709503174,2.754720449447632,2.5479254722595215,2.2896311283111572,2.01786208152771,1.8959184885025024,1.5330634117126465,1.4932390451431274,1.2081444263458252,1.2123842239379883,1.1617008447647095,1.261662244796753,1.4557737112045288,1.350144386291504,1.7066854238510132,2.2924211025238037,1.9373635053634644,2.022451162338257,1.688056468963623,1.7944920063018799,1.6938116550445557,1.6795344352722168,1.8735963106155396,1.7115399837493896,2.0205516815185547,1.9130688905715942,2.2357771396636963,2.230489492416382,2.4200873374938965,2.722696304321289,2.2708654403686523,1.8821115493774414,1.9113856554031372,1.5577245950698853,1.717238426208496,1.6102572679519653,1.6636964082717896,1.7785091400146484,1.6489574909210205,1.9383715391159058,1.8406497240066528,2.1586155891418457,2.1057353019714355,2.354297161102295,2.6040899753570557
A6,1.4230788946151733,1.1613399982452393,0.8698277473449707,0.6046382188796997,0.3758949935436249,0.0,0.38278254866600037,0.5854635238647461,0.8892408013343811,1.1768360137939453,1.4651817083358765,1.809661865234375,2.060176372528076,2.350032329559326,2.6751861572265625,2.724808692932129,2.4693727493286133,2.163573980331421,1.9098410606384277,1.6516612768173218,1.3169671297073364,1.134325623512268,0.7643035650253296,0.6851617097854614,0.37235891819000244,0.5716894865036011,0.6736425161361694,0.9686241149902344,1.283972144126892,1.5241998434066772,2.9672186374664307,2.6257686614990234,2.435978651046753,2.138021230697632,1.9057269096374512,1.7512046098709106,1.411749243736267,1.3643430471420288,1.0233399868011475,1.0533933639526367,0.9191805720329285,1.0595028400421143,1.1989208459854126,1.1249070167541504,1.504667043685913,2.2513771057128906,1.9038540124893188,1.929543375968933,1.5622870922088623,1.6431007385253906,1.4737656116485596,1.4628033638000488,1.6032679080963135,1.4366365671157837,1.730476975440979,1.62153959274292,1.955631136894226,1.959768533706665,2.190300464630127,2.491459608078003,2.1734371185302734,1.776436686515808,1.774564504623413,1.4147282838821411,1.5245863199234009,1.4382685422897339,1.4308524131774902,1.576985478401184,1.4203681945800781,1.7300513982772827,1.6400558948516846,1.9728901386260986,1.9496068954467773,2.166879177093506,2.452394485473633
A7,1.703995943069458,1.4022107124328613,1.146202564239502,0.8796941041946411,0.6012844443321228,0.38278254866600037,0.0,0.3808315694332123,0.6047021746635437,0.922096312046051,1.2110830545425415,1.5572758913040161,1.8336721658706665,2.0859172344207764,2.43074369430542,2.5716652870178223,2.282226085662842,2.0141594409942627,1.7242175340652466,1.5295042991638184,1.1686663627624512,1.038591742515564,0.7155832052230835,0.6029521226882935,0.4830830693244934,0.564514696598053,0.7966859340667725,0.9888297915458679,1.345082402229309,1.60440993309021,2.613713026046753,2.265080690383911,2.0969080924987793,1.8018945455551147,1.5891817808151245,1.4776031970977783,1.157802939414978,1.2031015157699585,0.9008304476737976,1.071493148803711,1.006744384765625,1.2620493173599243,1.4111753702163696,1.4103752374649048,1.8014886379241943,2.035353899002075,1.6691840887069702,1.6449222564697266,1.277709722518921,1.3031452894210815,1.140053629875183,1.0976860523223877,1.2731033563613892,1.1325823068618774,1.4632700681686401,1.417305827140808,1.7716708183288574,1.8436182737350464,2.0639336109161377,2.4019744396209717,2.3864357471466064,2.0014874935150146,1.9291877746582031,1.551748275756836,1.5769315958023071,1.4129598140716553,1.3307459354400635,1.3953955173492432,1.1709550619125366,1.4331886768341064,1.2953109741210938,1.6084692478179932,1.5689812898635864,1.7935590744018555,2.0756995677948
A8,1.9970474243164062,1.7263931035995483,1.4348933696746826,1.1781792640686035,0.8979767560958862,0.5854635238647461,0.3808315694332123,0.0,0.39513444900512695,0.604098916053772,0.9384158849716187,1.2546923160552979,1.5424625873565674,1.824260950088501,2.1433322429656982,2.198230743408203,1.9209221601486206,1.6395372152328491,1.3642901182174683,1.1602153778076172,0.7963415384292603,0.7172215580940247,0.4182608425617218,0.5057668089866638,0.5824390649795532,0.8164159059524536,1.1100741624832153,1.3416879177093506,1.675426721572876,1.9612996578216553,2.6625969409942627,2.287698268890381,2.1678061485290527,1.840173602104187,1.6984610557556152,1.581881046295166,1.3195650577545166,1.378291130065918,1.0527827739715576,1.2386213541030884,1.0827515125274658,1.3333619832992554,1.3834563493728638,1.3799281120300293,1.7510308027267456,1.9233776330947876,1.5913463830947876,1.5207855701446533,1.1330925226211548,1.1683549880981445,0.9326164126396179,0.9684817790985107,1.085321307182312,1.0095813274383545,1.3311368227005005,1.3288840055465698,1.700860619544983,1.804490566253662,2.0775234699249268,2.4082977771759033,2.5002400875091553,2.1157751083374023,2.0391008853912354,1.67984139919281,1.6630617380142212,1.5375279188156128,1.3795214891433716,1.466498613357544,1.1920748949050903,1.4402086734771729,1.276255488395691,1.5655919313430786,1.5252835750579834,1.675563931465149,1.9779902696609497
A9,2.284649133682251,1.9757795333862305,1.7315633296966553,1.4309526681900024,1.1943856477737427,0.8892408013343811,0.6047021746635437,0.39513444900512695,0.0,0.3804526627063751,0.607311487197876,0.9626354575157166,1.2330543994903564,1.4826793670654297,1.826409935951233,2.0700745582580566,1.7465494871139526,1.5245676040649414,1.1909127235412598,1.056658148765564,0.7173805832862854,0.6261398196220398,0.5256505608558655,0.48104551434516907,0.7476736903190613,0.8733100295066833,1.2353765964508057,1.4152774810791016,1.7222728729248047,2.0443685054779053,2.338019371032715,1.9576396942138672,1.846678376197815,1.498582124710083,1.4012773036956787,1.2795166969299316,1.0812808275222778,1.183650016784668,0.9095487594604492,1.1817208528518677,1.076862096786499,1.403860092163086,1.4648059606552124,1.5570448637008667,1.9282495975494385,2.032670497894287,1.700461983680725,1.5419553518295288,1.169937252998352,1.0752863883972168,0.772102952003479,0.6849890351295471,0.7257076501846313,0.6156900525093079,0.9424588084220886,0.9834107756614685,1.3615316152572632,1.5195536613464355,1.7881754636764526,2.136183261871338,2.5285003185272217,2.1690220832824707,2.0217082500457764,1.669289469718933,1.564202070236206,1.3951059579849243,1.1581443548202515,1.1883763074874878,0.8663755059242249,1.0810844898223877,0.9211917519569397,1.2204357385635376,1.2382875680923462,1.3882628679275513,1.7299165725708008
A10,2.5948688983917236,2.308889865875244,2.0344645977020264,1.7571253776550293,1.4942458868026733,1.1768360137939453,0.922096312046051,0.604098916053772,0.3804526627063751,0.0,0.39628681540489197,0.6567834615707397,0.97697514295578,1.2446461915969849,1.5551817417144775,1.7026118040084839,1.3803807497024536,1.163223385810852,0.8316969871520996,0.751036524772644,0.4265269339084625,0.5404651165008545,0.6165789365768433,0.7593538761138916,1.0576097965240479,1.2420991659164429,1.6013658046722412,1.793657660484314,2.1014018058776855,2.423426389694214,2.411193609237671,2.0144922733306885,1.9728840589523315,1.6199430227279663,1.6057342290878296,1.5162023305892944,1.3852851390838623,1.5118566751480103,1.2558400630950928,1.5199923515319824,1.3707575798034668,1.6695160865783691,1.6555947065353394,1.7312164306640625,2.068377733230591,1.9060320854187012,1.6234359741210938,1.41554856300354,1.0615237951278687,0.9670776128768921,0.6040650010108948,0.6527590155601501,0.608721911907196,0.6827609539031982,0.9600695371627808,1.0952547788619995,1.4600107669830322,1.6633726358413696,1.9632395505905151,2.2978787422180176,2.7941677570343018,2.4401111602783203,2.29640793800354,1.9655630588531494,1.8374555110931396,1.6979042291641235,1.417311429977417,1.443150281906128,1.097733736038208,1.2395265102386475,1.0376012325286865,1.248623251914978,1.238176941871643,1.2778432369232178,1.6182005405426025
A11,2.8728854656219482,2.565483331680298,2.3239850997924805,2.0118649005889893,1.7932467460632324,1.4651817083358765,1.2110830545425415,0.9384158849716187,0.607311487197876,0.39628681540489197,0.0,0.38534513115882874,0.6294691562652588,0.8885265588760376,1.2202038764953613,1.6066100597381592,1.245255470275879,1.111788034439087,0.734237015247345,0.7436498403549194,0.5852251648902893,0.624293327331543,0.8538192510604858,0.903806209564209,1.2648845911026,1.3988990783691406,1.7808823585510254,1.9536831378936768,2.218596935272217,2.5685503482818604,2.2453370094299316,1.8539009094238281,1.8236685991287231,1.453011155128479,1.5054078102111816,1.3908525705337524,1.3499377965927124,1.4714181423187256,1.2720838785171509,1.5506410598754883,1.4247504472732544,1.7456494569778442,1.7221704721450806,1.8714648485183716,2.191371440887451,2.201017379760742,1.9327932596206665,1.6727641820907593,1.3575433492660522,1.1739001274108887,0.8004183173179626,0.7134222984313965,0.44607383012771606,0.49727535247802734,0.6412115693092346,0.8333247303962708,1.1623106002807617,1.4111255407333374,1.7145322561264038,2.0387744903564453,2.791701078414917,2.4702460765838623,2.2756295204162598,1.9744842052459717,1.7761116027832031,1.634689211845398,1.297855019569397,1.2967345714569092,0.9613104462623596,1.0504515171051025,0.9126227498054504,1.106207251548767,1.1970598697662354,1.204993486404419,1.5840522050857544
A12,3.2284696102142334,2.931255340576172,2.6738836765289307,2.3752188682556152,2.138212203979492,1.809661865234375,1.5572758913040161,1.2546923160552979,0.9626354575157166,0.6567834615707397,0.38534513115882874,0.0,0.38064298033714294,0.6205965876579285,0.9017643928527832,1.2854329347610474,0.9025468230247498,0.8558764457702637,0.48649436235427856,0.6893476247787476,0.695149838924408,0.8702569603919983,1.1545436382293701,1.270020604133606,1.6286494731903076,1.78202223777771,2.162625789642334,2.334409475326538,2.6024491786956787,2.950740337371826,2.3154189586639404,1.9255869388580322,1.9676162004470825,1.616368293762207,1.7440451383590698,1.669264316558838,1.6819372177124023,1.8253748416900635,1.6493871212005615,1.9259278774261475,1.7875173091888428,2.090069532394409,2.025811195373535,2.165127754211426,2.455019474029541,2.2061078548431396,1.993475079536438,1.6913511753082275,1.4320859909057617,1.2383817434310913,0.8890822529792786,0.8877321481704712,0.5864360928535461,0.7947908639907837,0.8355406522750854,1.095786213874817,1.3602306842803955,1.6416958570480347,1.9449598789215088,2.246152639389038,3.114428997039795,2.8037760257720947,2.607510566711426,2.325578212738037,2.111039161682129,1.9843453168869019,1.6311308145523071,1.6128009557724,1.2841156721115112,1.2953228950500488,1.1378370523452759,1.2163794040679932,1.2847745418548584,1.1725257635116577,1.525886058807373
A13,3.465562343597412,3.1629130840301514,2.9241158962249756,2.603031635284424,2.4039769172668457,2.060176372528076,1.8336721658706665,1.5424625873565674,1.2330543994903564,0.97697514295578,0.6294691562652588,0.38064298033714294,0.0,0.3893723785877228,0.622450590133667,1.2568564414978027,0.8855740427970886,0.926180362701416,0.6268898844718933,0.8214914202690125,0.9462646842002869,1.032983422279358,1.3713679313659668,1.4510267972946167,1.8283461332321167,1.9708935022354126,2.3550057411193848,2.5320186614990234,2.760289192199707,3.128197431564331,2.384075403213501,2.0168488025665283,2.0556838512420654,1.7034940719604492,1.865878701210022,1.7524657249450684,1.8171592950820923,1.920542597770691,1.771393060684204,2.0198323726654053,1.878203272819519,2.1651952266693115,2.0749645233154297,2.258498430252075,2.516493082046509,2.5760159492492676,2.371958017349243,2.0623767375946045,1.8118913173675537,1.604029655456543,1.2600582838058472,1.202055811882019,0.8468234539031982,0.9576350450515747,0.8359885215759277,1.0632543563842773,1.235742211341858,1.5138764381408691,1.8205195665359497,2.077787399291992,3.097416639328003,2.8206636905670166,2.5998196601867676,2.3595149517059326,2.1057682037353516,2.010498285293579,1.6414965391159058,1.637582540512085,1.3673776388168335,1.3650225400924683,1.3004437685012817,1.375545859336853,1.5221658945083618,1.403388261795044,1.7591835260391235
A14,3.7463746070861816,3.425755262374878,3.20352840423584,2.8792574405670166,2.6747965812683105,2.350032329559326,2.0859172344207764,1.824260950088501,1.4826793670654297,1.2446461915969849,0.8885265588760376,0.6205965876579285,0.3893723785877228,0.0,0.39376237988471985,1.395554780960083,1.0220798254013062,1.1822441816329956,0.9223056435585022,1.1863646507263184,1.2896761894226074,1.392543077468872,1.7072556018829346,1.7478258609771729,2.123534679412842,2.2171947956085205,2.601440191268921,2.7353644371032715,2.9581916332244873,3.320413827896118,2.1650469303131104,1.8198755979537964,1.9133667945861816,1.5985170602798462,1.831794261932373,1.7690953016281128,1.9042288064956665,2.0514135360717773,1.968396782875061,2.2494895458221436,2.159275770187378,2.4724128246307373,2.4130680561065674,2.616055488586426,2.883735418319702,2.678189516067505,2.4875447750091553,2.14265513420105,1.9433586597442627,1.679734706878662,1.383568525314331,1.2829644680023193,0.9248152375221252,1.081352710723877,0.9056421518325806,1.2009423971176147,1.306570053100586,1.6354095935821533,1.8850176334381104,2.142178773880005,3.3674418926239014,3.1064419746398926,2.85451340675354,2.61716628074646,2.334179162979126,2.2011053562164307,1.8204898834228516,1.7443550825119019,1.4791290760040283,1.3739732503890991,1.308240294456482,1.2811715602874756,1.4493706226348877,1.280680775642395,1.6078805923461914
A15,4.081961631774902,3.7730228900909424,3.5382957458496094,3.2175498008728027,3.012047529220581,2.6751861572265625,2.43074369430542,2.1433322429656982,1.826409935951233,1.5551817417144775,1.2202038764953613,0.9017643928527832,0.622450590133667,0.39376237988471985,0.0,1.2286572456359863,0.9169871211051941,1.1772544384002686,1.0332467555999756,1.3273669481277466,1.5173487663269043,1.6466178894042969,1.989256739616394,2.0690858364105225,2.447239398956299,2.5697500705718994,2.9545836448669434,3.106950044631958,3.3249945640563965,3.6927781105041504,2.457714319229126,2.1343836784362793,2.2573883533477783,1.961644172668457,2.212785005569458,2.147968292236328,2.290895462036133,2.4217374324798584,2.3291728496551514,2.5881922245025635,2.4704220294952393,2.75631046295166,2.6559951305389404,2.8523964881896973,3.085310935974121,2.8922860622406006,2.7428929805755615,2.3925485610961914,2.219127893447876,1.9794636964797974,1.6955811977386475,1.6457301378250122,1.3001275062561035,1.467089056968689,1.2776321172714233,1.538026213645935,1.5993648767471313,1.9012420177459717,2.1548008918762207,2.366010904312134,3.616661310195923,3.3700451850891113,3.12549090385437,2.913419723510742,2.6273725032806396,2.5279324054718018,2.1493189334869385,2.09792423248291,1.8545212745666504,1.755200982093811,1.7005645036697388,1.651136040687561,1.8023039102554321,1.5870083570480347,1.8710708618164062
B1,4.103779315948486,3.8833916187286377,3.5617361068725586,3.3204970359802246,3.0642571449279785,2.724808692932129,2.5716652870178223,2.198230743408203,2.0700745582580566,1.7026118040084839,1.6066100597381592,1.2854329347610474,1.2568564414978027,1.395554780960083,1.2286572456359863,0.0,0.3974977433681488,0.5623937845230103,0.8868033289909363,1.109832763671875,1.4196916818618774,1.7008347511291504,2.003403425216675,2.2847681045532227,2.5971333980560303,2.867905855178833,3.2228736877441406,3.4660627841949463,3.7428030967712402,4.08676815032959,3.429766893386841,3.058814764022827,3.179939031600952,2.855957269668579,3.0205271244049072,2.9497287273406982,2.9537088871002197,3.059015989303589,2.8268468379974365,3.027371883392334,2.783454418182373,2.9702906608581543,2.761366367340088,2.8070242404937744,2.9638094902038574,2.58262300491333,2.5544772148132324,2.2898051738739014,2.1437184810638428,2.1065714359283447,1.8591716289520264,2.056124210357666,1.8401304483413696,2.074526786804199,2.0675017833709717,2.269493579864502,2.4606239795684814,2.6807992458343506,3.0231246948242188,3.2347617149353027,3.945254325866699,3.64898419380188,3.526151180267334,3.30153751373291,3.1259915828704834,3.1037211418151855,2.771430730819702,2.833249092102051,2.540295124053955,2.5696799755096436,2.414043426513672,2.4238898754119873,2.4188804626464844,2.170623540878296,2.3917388916015625
B2,3.876142740249634,3.6297972202301025,3.324866771697998,3.064736843109131,2.809011697769165,2.4693727493286133,2.282226085662842,1.9209221601486206,1.7465494871139526,1.3803807497024536,1.245255470275879,0.9025468230247498,0.8855740427970886,1.0220798254013062,0.9169871211051941,0.3974977433681488,0.0,0.3909321427345276,0.5669586658477783,0.8773309588432312,1.1555507183074951,1.4351929426193237,1.7490307092666626,1.9936968088150024,2.325592041015625,2.5645980834960938,2.9308905601501465,3.1515891551971436,3.4270272254943848,3.7737390995025635,3.041602373123169,2.6684250831604004,2.7833168506622314,2.4587087631225586,2.6279633045196533,2.564081907272339,2.581728458404541,2.70280385017395,2.4919345378875732,2.7176175117492676,2.5035715103149414,2.727332592010498,2.556334972381592,2.634042263031006,2.8328638076782227,2.421093463897705,2.345942974090576,2.0538392066955566,1.886417031288147,1.7995647192001343,1.531050682067871,1.6910146474838257,1.45562744140625,1.6965035200119019,1.6869781017303467,1.9121431112289429,2.110617160797119,2.3556597232818604,2.68613338470459,2.920315742492676,3.7202603816986084,3.420454263687134,3.270270824432373,3.0296669006347656,2.8354649543762207,2.7823755741119385,2.4381446838378906,2.472412586212158,2.1705305576324463,2.181316375732422,2.024120569229126,2.030391216278076,2.0406224727630615,1.8031078577041626,2.050098180770874
B3,3.549351692199707,3.3228299617767334,3.0051941871643066,2.759188652038574,2.5054571628570557,2.163573980331421,2.0141594409942627,1.6395372152328491,1.5245676040649414,1.163223385810852,1.111788034439087,0.8558764457702637,0.926180362701416,1.1822441816329956,1.1772544384002686,0.5623937845230103,0.3909321427345276,0.0,0.38108402490615845,0.5623757839202881,0.8578687310218811,1.1522148847579956,1.4433661699295044,1.7314153909683228,2.037384510040283,2.312455654144287,2.6636483669281006,2.911165475845337,3.1921043395996094,3.5316081047058105,3.131185293197632,2.742283582687378,2.813884735107422,2.4692344665527344,2.5842533111572266,2.494880199432373,2.457815408706665,2.551990509033203,2.2980570793151855,2.495372772216797,2.2500362396240234,2.4458045959472656,2.259564161300659,2.301328420639038,2.495358467102051,2.2783401012420654,2.181885004043579,1.934836983680725,1.719616174697876,1.691506028175354,1.401583194732666,1.5956991910934448,1.39780592918396,1.601912498474121,1.647814393043518,1.8250248432159424,2.0668437480926514,2.2737996578216553,2.6261157989501953,2.8675081729888916,3.469630002975464,3.1537296772003174,3.0373713970184326,2.7898027896881104,2.634016990661621,2.602191925048828,2.28430438041687,2.3607912063598633,2.060014486312866,2.1335253715515137,1.972910761833191,2.0429627895355225,2.038390636444092,1.854844570159912,2.1255364418029785
B4,3.3228707313537598,3.0682406425476074,2.7711148262023926,2.5021657943725586,2.253511428833008,1.9098410606384277,1.7242175340652466,1.3642901182174683,1.1909127235412598,0.8316969871520996,0.734237015247345,0.48649436235427856,0.6268898844718933,0.9223056435585022,1.0332467555999756,0.8868033289909363,0.5669586658477783,0.38108402490615845,0.0,0.385519415140152,0.6013944149017334,0.8847114443778992,1.1904270648956299,1.4303966760635376,1.7605030536651611,2.000136375427246,2.3645033836364746,2.590148448944092,2.8681702613830566,3.2121741771698,2.788679599761963,2.397084951400757,2.44838547706604,2.097670793533325,2.2052764892578125,2.1142873764038086,2.0831892490386963,2.1885321140289307,1.9521008729934692,2.1748147010803223,1.9612153768539429,2.197758674621582,2.056584119796753,2.135528564453125,2.3750195503234863,2.192716360092163,2.0380468368530273,1.7715747356414795,1.5207034349441528,1.437492847442627,1.1096161603927612,1.2493106126785278,1.027467966079712,1.221425175666809,1.277278184890747,1.468546748161316,1.7286007404327393,1.955059289932251,2.2962567806243896,2.5623884201049805,3.237816572189331,2.9188318252563477,2.774500608444214,2.5095932483673096,2.336106061935425,2.272047996520996,1.9436564445495605,1.9962782859802246,1.6858574151992798,1.7536132335662842,1.5954011678695679,1.6833263635635376,1.701483130455017,1.553462028503418,1.8612794876098633
B5,3.039538860321045,2.803734302520752,2.5013794898986816,2.2344393730163574,2.009903907775879,1.6516612768173218,1.5295042991638184,1.1602153778076172,1.056658148765564,0.751036524772644,0.7436498403549194,0.6893476247787476,0.8214914202690125,1.1863646507263184,1.3273669481277466,1.109832763671875,0.8773309588432312,0.5623757839202881,0.385519415140152,0.0,0.3721693754196167,0.5948588848114014,0.9038734436035156,1.18687105178833,1.4935405254364014,1.7781387567520142,2.1256444454193115,2.390242099761963,2.656827688217163,3.001335382461548,2.961440086364746,2.567195177078247,2.5632314682006836,2.1947860717773438,2.242060661315918,2.1032555103302,2.0173518657684326,2.0669734477996826,1.781901478767395,1.951613187789917,1.6923632621765137,1.8860543966293335,1.7152447700500488,1.7702257633209229,1.9976062774658203,2.266629695892334,2.0829153060913086,1.8730766773223877,1.5687659978866577,1.541304111480713,1.1944116353988647,1.3256916999816895,1.1367257833480835,1.2300776243209839,1.313926339149475,1.411541223526001,1.6925549507141113,1.8534079790115356,2.2167887687683105,2.4697628021240234,2.932995319366455,2.6062231063842773,2.495781421661377,2.237710952758789,2.101909637451172,2.0803744792938232,1.787436604499817,1.9059207439422607,1.6260029077529907,1.776605248451233,1.6527296304702759,1.822066068649292,1.8531135320663452,1.7758122682571411,2.104212999343872
B6,2.7234420776367188,2.4769697189331055,2.1741445064544678,1.9111480712890625,1.6655436754226685,1.3169671297073364,1.1686663627624512,0.7963415384292603,0.7173805832862854,0.4265269339084625,0.5852251648902893,0.695149838924408,0.9462646842002869,1.2896761894226074,1.5173487663269043,1.4196916818618774,1.1555507183074951,0.8578687310218811,0.6013944149017334,0.3721693754196167,0.0,0.38923192024230957,0.6038860082626343,0.8984320759773254,1.188452959060669,1.4654830694198608,1.8097476959228516,2.0621285438537598,2.3514087200164795,2.6816153526306152,2.7881693840026855,2.390528440475464,2.3609631061553955,1.9974089860916138,1.9998177289962769,1.8742161989212036,1.7452023029327393,1.8120590448379517,1.5146256685256958,1.7059558629989624,1.4702379703521729,1.6948044300079346,1.5833725929260254,1.6233576536178589,1.905866265296936,2.0426619052886963,1.8142404556274414,1.6282203197479248,1.2880492210388184,1.2731975317001343,0.9251636862754822,1.0574617385864258,0.946971595287323,1.0197327136993408,1.1999582052230835,1.2910460233688354,1.6242728233337402,1.7864768505096436,2.131016254425049,2.421295642852783,2.805813789367676,2.455660581588745,2.3490936756134033,2.0527663230895996,1.942202091217041,1.881638526916504,1.6086134910583496,1.7105989456176758,1.4076364040374756,1.5809577703475952,1.4251736402511597,1.6266571283340454,1.6284267902374268,1.608445167541504,1.9383652210235596
B7,2.519282817840576,2.26100754737854,1.9885613918304443,1.6886248588562012,1.5058634281158447,1.134325623512268,1.038591742515564,0.7172215580940247,0.6261398196220398,0.5404651165008545,0.624293327331543,0.8702569603919983,1.032983422279358,1.392543077468872,1.6466178894042969,1.7008347511291504,1.4351929426193237,1.1522148847579956,0.8847114443778992,0.5948588848114014,0.38923192024230957,0.0,0.37784066796302795,0.6012817025184631,0.9189314246177673,1.1989504098892212,1.5451477766036987,1.8207294940948486,2.0714528560638428,2.4206185340881348,2.790679454803467,2.4060819149017334,2.3159091472625732,1.939824104309082,1.897019863128662,1.7071352005004883,1.5542271137237549,1.549289345741272,1.2270268201828003,1.369221568107605,1.1075729131698608,1.3259634971618652,1.2175348997116089,1.3050882816314697,1.6030977964401245,2.330523729324341,2.062178134918213,1.9002909660339355,1.5333694219589233,1.4967041015625,1.1409361362457275,1.158894419670105,1.0260556936264038,0.9436381459236145,1.0903557538986206,1.0666906833648682,1.3934392929077148,1.4913406372070312,1.8434128761291504,2.118063449859619,2.4203250408172607,2.0755326747894287,1.9627552032470703,1.6753262281417847,1.5666648149490356,1.5369983911514282,1.2859731912612915,1.4479396343231201,1.2028669118881226,1.450674057006836,1.378116488456726,1.6564933061599731,1.722828984260559,1.77437424659729,2.134190559387207
B8,2.1547698974609375,1.9039546251296997,1.6180224418640137,1.3328313827514648,1.1356161832809448,0.7643035650253296,0.7155832052230835,0.4182608425617218,0.5256505608558655,0.6165789365768433,0.8538192510604858,1.1545436382293701,1.3713679313659668,1.7072556018829346,1.989256739616394,2.003403425216675,1.7490307092666626,1.4433661699295044,1.1904270648956299,0.9038734436035156,0.6038860082626343,0.37784066796302795,0.0,0.39306360483169556,0.6004235148429871,0.9291226267814636,1.2429041862487793,1.5362060070037842,1.811495065689087,2.1354517936706543,2.8468732833862305,2.46781063079834,2.3456592559814453,1.986644983291626,1.8773044347763062,1.6959737539291382,1.4689487218856812,1.452307939529419,1.093125581741333,1.2090610265731812,0.9485476613044739,1.1532267332077026,1.1032778024673462,1.1252093315124512,1.4683003425598145,2.215996265411377,1.919027328491211,1.8198572397232056,1.4340991973876953,1.4528018236160278,1.1466141939163208,1.1750373840332031,1.1574351787567139,1.0442184209823608,1.2744637727737427,1.2168543338775635,1.5658217668533325,1.6291929483413696,1.9503289461135864,2.240694522857666,2.311039686203003,1.9375759363174438,1.8657073974609375,1.5441842079162598,1.5089300870895386,1.4648988246917725,1.28549325466156,1.4558602571487427,1.222697377204895,1.5100287199020386,1.4175355434417725,1.7260209321975708,1.7516593933105469,1.8605560064315796,2.199094295501709
B9,2.0273072719573975,1.7290138006210327,1.506308913230896,1.1655349731445312,1.0348645448684692,0.6851617097854614,0.6029521226882935,0.5057668089866638,0.48104551434516907,0.7593538761138916,0.903806209564209,1.270020604133606,1.4510267972946167,1.7478258609771729,2.0690858364105225,2.2847681045532227,1.9936968088150024,1.7314153909683228,1.4303966760635376,1.18687105178833,0.8984320759773254,0.6012817025184631,0.39306360483169556,0.0,0.3810489773750305,0.5987321138381958,0.9535581469535828,1.2232334613800049,1.4719491004943848,1.8197664022445679,2.6392741203308105,2.2813401222229004,2.106825590133667,1.7540074586868286,1.599311351776123,1.3794680833816528,1.1294617652893066,1.0701247453689575,0.7026218771934509,0.8318361043930054,0.6289158463478088,0.9269730448722839,0.9932589530944824,1.1091008186340332,1.488653540611267,2.412663698196411,2.0776288509368896,1.970801830291748,1.5867687463760376,1.5411502122879028,1.2469909191131592,1.1500322818756104,1.1334638595581055,0.8999560475349426,1.1189783811569214,0.9852803349494934,1.325118064880371,1.3578048944473267,1.6422886848449707,1.9466338157653809,2.06709623336792,1.7009152173995972,1.5810613632202148,1.2352027893066406,1.1788066625595093,1.08992600440979,0.9310159087181091,1.1049349308013916,0.918254017829895,1.2521528005599976,1.2263494729995728,1.585609793663025,1.663880705833435,1.8421398401260376,2.194549798965454
B10,1.6474783420562744,1.3581005334854126,1.132594347000122,0.7907514572143555,0.699036180973053,0.37235891819000244,0.4830830693244934,0.5824390649795532,0.7476736903190613,1.0576097965240479,1.2648845911026,1.6286494731903076,1.8283461332321167,2.123534679412842,2.447239398956299,2.5971333980560303,2.325592041015625,2.037384510040283,1.7605030536651611,1.4935405254364014,1.188452959060669,0.9189314246177673,0.6004235148429871,0.3810489773750305,0.0,0.39360129833221436,0.6490387320518494,0.9738525152206421,1.2329541444778442,1.5475256443023682,2.839820146560669,2.4980359077453613,2.2934837341308594,1.9694416522979736,1.7540427446365356,1.5425230264663696,1.2278927564620972,1.1264712810516357,0.7495133876800537,0.7654107213020325,0.5779774188995361,0.7888402938842773,0.9323440790176392,0.965941846370697,1.3643730878829956,2.4587104320526123,2.1107981204986572,2.072084903717041,1.6902700662612915,1.7017563581466675,1.4653782844543457,1.3912041187286377,1.4500555992126465,1.2204896211624146,1.4621906280517578,1.3034964799880981,1.6208958625793457,1.601693034172058,1.846793293952942,2.1369378566741943,1.9405622482299805,1.552000880241394,1.497499704360962,1.1352630853652954,1.1938637495040894,1.123753309249878,1.0912946462631226,1.2811369895935059,1.154903769493103,1.5002098083496094,1.4733413457870483,1.837833046913147,1.8828579187393188,2.097795248031616,2.423495054244995
B11,1.590672492980957,1.2410075664520264,1.1131713390350342,0.7409106492996216,0.7292447090148926,0.5716894865036011,0.564514696598053,0.8164159059524536,0.8733100295066833,1.2420991659164429,1.3988990783691406,1.78202223777771,1.9708935022354126,2.2171947956085205,2.5697500705718994,2.867905855178833,2.5645980834960938,2.312455654144287,2.000136375427246,1.7781387567520142,1.4654830694198608,1.1989504098892212,0.9291226267814636,0.5987321138381958,0.39360129833221436,0.0,0.3851048946380615,0.6272479295730591,0.8885565996170044,1.2233890295028687,2.6224286556243896,2.3111462593078613,2.0625879764556885,1.770104169845581,1.502240777015686,1.2868685722351074,0.9392837285995483,0.8136228919029236,0.48751890659332275,0.5323145985603333,0.5757201313972473,0.8584993481636047,1.1264326572418213,1.2273879051208496,1.6206157207489014,2.5889177322387695,2.2145538330078125,2.1694273948669434,1.8068652153015137,1.7653237581253052,1.564086675643921,1.4038689136505127,1.4884192943572998,1.2068558931350708,1.4408950805664062,1.2602176666259766,1.5461878776550293,1.5189709663391113,1.691562294960022,1.9991533756256104,1.8874202966690063,1.5215225219726562,1.41282057762146,1.0292755365371704,1.0735269784927368,0.9076477289199829,0.9385077357292175,1.0672048330307007,0.9999717473983765,1.3376493453979492,1.3524926900863647,1.7294371128082275,1.7992178201675415,2.072758913040161,2.388739824295044
B12,1.2503435611724854,0.8862429261207581,0.8379494547843933,0.47535160183906555,0.6379683017730713,0.6736425161361694,0.7966859340667725,1.1100741624832153,1.2353765964508057,1.6013658046722412,1.7808823585510254,2.162625789642334,2.3550057411193848,2.601440191268921,2.9545836448669434,3.2228736877441406,2.9308905601501465,2.6636483669281006,2.3645033836364746,2.1256444454193115,1.8097476959228516,1.5451477766036987,1.2429041862487793,0.9535581469535828,0.6490387320518494,0.3851048946380615,0.0,0.38058993220329285,0.6164990067481995,0.9000357985496521,2.854769229888916,2.570688009262085,2.29573917388916,2.0411083698272705,1.732245683670044,1.5308510065078735,1.1672611236572266,1.0038336515426636,0.7676118612289429,0.666060745716095,0.7677371501922607,0.9093937873840332,1.2324143648147583,1.2795730829238892,1.646731972694397,2.7685775756835938,2.3902862071990967,2.3977420330047607,2.0495755672454834,2.043168544769287,1.8841769695281982,1.7377204895019531,1.8559664487838745,1.57899808883667,1.8094651699066162,1.610774278640747,1.8650212287902832,1.7931537628173828,1.9216673374176025,2.20066237449646,1.794918179512024,1.434481143951416,1.3882406949996948,1.0263487100601196,1.1813708543777466,1.0494410991668701,1.1984649896621704,1.3303252458572388,1.32840895652771,1.6518878936767578,1.67765212059021,2.0448083877563477,2.0970749855041504,2.3935234546661377,2.6856822967529297
B13,1.315169095993042,0.9193738102912903,0.9820844531059265,0.711114227771759,0.8486277461051941,0.9686241149902344,0.9888297915458679,1.3416879177093506,1.4152774810791016,1.793657660484314,1.9536831378936768,2.334409475326538,2.5320186614990234,2.7353644371032715,3.106950044631958,3.4660627841949463,3.1515891551971436,2.911165475845337,2.590148448944092,2.390242099761963,2.0621285438537598,1.8207294940948486,1.5362060070037842,1.2232334613800049,0.9738525152206421,0.6272479295730591,0.38058993220329285,0.0,0.3910868465900421,0.631390392780304,2.6864027976989746,2.4388599395751953,2.139134407043457,1.9369603395462036,1.5909349918365479,1.4314241409301758,1.0702215433120728,0.9455908536911011,0.8541625142097473,0.8232818841934204,1.053285002708435,1.2309685945510864,1.579085111618042,1.652513027191162,2.0128931999206543,2.8380537033081055,2.4467835426330566,2.4552626609802246,2.1378393173217773,2.098430633544922,1.9858320951461792,1.7956863641738892,1.9473706483840942,1.6690690517425537,1.900023341178894,1.7216695547103882,1.9504836797714233,1.898126482963562,1.959511637687683,2.252011299133301,1.971950888633728,1.6516649723052979,1.5649151802062988,1.2218669652938843,1.3405791521072388,1.1298699378967285,1.3003931045532227,1.339318037033081,1.364216685295105,1.6323847770690918,1.6643357276916504,2.00707745552063,2.055995225906372,2.390383720397949,2.6541554927825928
