,A1,A2,A3,A4,A5,A6,A7,A8,A9,A10,A11,A12,A13,A14,A15,B1,B2,B3,B4,B5,B6,B7,B8,B9,B10,B11,B12,B13,B14,B15,C1,C2,C3,C4,C5,C6,C7,C8,C9,C10,C11,C12,C13,C14,C15,D1,D2,D3,D4,D5,D6,D7,D8,D9,D10,D11,D12,D13,D14,D15,E1,E2,E3,E4,E5,E6,E7,E8,E9,E10,E11,E12,E13,E14,E15
A1,0.0,0.4021897315979004,0.7079781889915466,0.9058510065078735,1.0729917287826538,1.4099730253219604,1.5476058721542358,1.8976737260818481,2.122492790222168,2.436805486679077,2.7272801399230957,2.9801323413848877,3.299335479736328,3.428386926651001,3.7591114044189453,3.9130425453186035,3.5939958095550537,3.247739553451538,3.147143602371216,2.8225951194763184,2.531273603439331,2.3107213973999023,1.9312371015548706,1.7947698831558228,1.430901050567627,1.307656168937683,1.0901280641555786,1.0451693534851074,1.2720682621002197,1.1665675640106201,4.626802921295166,4.413780689239502,4.102989673614502,3.821826696395874,3.5465595722198486,3.284686326980591,2.9325125217437744,2.7108778953552246,2.392796039581299,2.1275875568389893,1.8827295303344727,1.6027404069900513,1.4897226095199585,1.1040713787078857,1.0484023094177246,4.59685754776001,4.361448287963867,4.066059112548828,3.7531280517578125,3.6053929328918457,3.264425039291382,3.0670411586761475,2.8357107639312744,2.5224409103393555,2.4640138149261475,2.1091997623443604,2.1979176998138428,1.9177216291427612,2.1017515659332275,2.1602609157562256,1.1051336526870728,1.3747271299362183,1.4883983135223389,1.3265239000320435,1.6101998090744019,1.8023101091384888,1.9254077672958374,2.2842321395874023,2.3917994499206543,2.7581753730773926,2.9699277877807617,3.273758888244629,3.525022506713867,3.6605701446533203,4.022422790527344
A2,0.4021897315979004,0.0,0.39726728200912476,0.6565418839454651,0.7249933481216431,1.0788530111312866,1.2209560871124268,1.5512194633483887,1.8103901147842407,2.099745512008667,2.4135289192199707,2.6548149585723877,2.9873416423797607,3.1310768127441406,3.448698043823242,3.583923101425171,3.257206678390503,2.902299404144287,2.8040261268615723,2.473583936691284,2.177170753479004,1.987399935722351,1.5995303392410278,1.514256477355957,1.1717709302902222,1.136555552482605,1.0014303922653198,1.0848500728607178,1.3610717058181763,1.3535878658294678,4.455067157745361,4.265486240386963,3.96284818649292,3.6597366333007812,3.4091687202453613,3.1417267322540283,2.7942373752593994,2.5903573036193848,2.2412233352661133,2.0189623832702637,1.7300158739089966,1.500256061553955,1.3354947566986084,0.9517298936843872,0.9721030592918396,4.366494655609131,4.15743350982666,3.8805503845214844,3.5530569553375244,3.4224307537078857,3.0970311164855957,2.8913257122039795,2.7027456760406494,2.372835159301758,2.3623340129852295,2.015451192855835,2.1357462406158447,1.8798151016235352,2.0376482009887695,2.154263734817505,1.2203835248947144,1.3919661045074463,1.39738929271698,1.1625834703445435,1.4724161624908447,1.5928877592086792,1.7427064180374146,2.0737240314483643,2.1761441230773926,2.553107738494873,2.7504570484161377,3.0773062705993652,3.318493366241455,3.4876832962036133,3.8453316688537598
A3,0.7079781889915466,0.39726728200912476,0.0,0.3783254623413086,0.5112354755401611,0.7980451583862305,1.0432541370391846,1.3338899612426758,1.6246694326400757,1.9172946214675903,2.2311689853668213,2.4982616901397705,2.8221139907836914,3.009986400604248,3.322618007659912,3.2661221027374268,2.9312636852264404,2.586416721343994,2.519906520843506,2.1751458644866943,1.9124127626419067,1.707468867301941,1.3332726955413818,1.2937555313110352,0.9327263832092285,1.0012571811676025,0.8626311421394348,1.0728083848953247,1.302610993385315,1.3468350172042847,4.2862772941589355,4.0928521156311035,3.7775375843048096,3.456164836883545,3.23262882232666,2.9381163120269775,2.6130120754241943,2.386060953140259,2.0211517810821533,1.8001583814620972,1.4723591804504395,1.2459555864334106,1.0136218070983887,0.6544661521911621,0.6896653771400452,4.131022930145264,3.934882164001465,3.6550192832946777,3.312474489212036,3.2177016735076904,2.892817258834839,2.7193381786346436,2.5633645057678223,2.250924825668335,2.303473711013794,1.9940745830535889,2.1790213584899902,1.9810715913772583,2.1677186489105225,2.339313507080078,1.569510817527771,1.6950024366378784,1.6451854705810547,1.3458878993988037,1.6150881052017212,1.6601635217666626,1.7637302875518799,2.0663862228393555,2.106823205947876,2.4926846027374268,2.639488458633423,2.9790451526641846,3.1834847927093506,3.358835458755493,3.719576120376587
A4,0.9058510065078735,0.6565418839454651,0.3783254623413086,0.0,0.3794543743133545,0.5659427642822266,0.8161181211471558,1.120871901512146,1.3620898723602295,1.6941715478897095,1.971079707145691,2.26847767829895,2.567901134490967,2.764193534851074,3.090721368789673,3.0208020210266113,2.7051241397857666,2.3701882362365723,2.285331964492798,1.9585840702056885,1.7004824876785278,1.4430869817733765,1.0844104290008545,0.9787324666976929,0.5886024832725525,0.6505953073501587,0.5328614115715027,0.8257935643196106,1.0535207986831665,1.189833164215088,3.9242382049560547,3.7224512100219727,3.4031221866607666,3.084315299987793,2.858248710632324,2.5617988109588623,2.237351894378662,2.007884979248047,1.644127368927002,1.4263501167297363,1.102109670639038,0.9009970426559448,0.7147843241691589,0.37349575757980347,0.6070688962936401,3.78468656539917,3.5763564109802246,3.289090871810913,2.950906753540039,2.851337194442749,2.521108627319336,2.3553497791290283,2.1959824562072754,1.8942856788635254,1.9642847776412964,1.6779191493988037,1.9001230001449585,1.7489073276519775,1.9697941541671753,2.177504777908325,1.6230840682983398,1.6953542232513428,1.6211174726486206,1.2874822616577148,1.4802045822143555,1.4952925443649292,1.5267387628555298,1.823175311088562,1.816334843635559,2.200650215148926,2.3246939182281494,2.6567459106445312,2.848543167114258,3.0093913078308105,3.3737614154815674
A5,1.0729917287826538,0.7249933481216431,0.5112354755401611,0.3794543743133545,0.0,0.3675200045108795,0.5339066982269287,0.8403135538101196,1.1210612058639526,1.4127923250198364,1.7265325784683228,1.9893051385879517,2.3141367435455322,2.4990453720092773,2.8117799758911133,2.868013381958008,2.549314498901367,2.192505359649658,2.081632137298584,1.7578544616699219,1.4593915939331055,1.2640913724899292,0.8747944831848145,0.8332231044769287,0.5475531816482544,0.7093915939331055,0.7854487895965576,1.0706732273101807,1.3555742502212524,1.524580955505371,3.860156297683716,3.6948840618133545,3.4008326530456543,3.071230888366699,2.860781669616699,2.5856189727783203,2.257103204727173,2.0823822021484375,1.7014843225479126,1.5654371976852417,1.2348006963729858,1.1441608667373657,0.9662181735038757,0.7113683819770813,0.9618427753448486,3.6964950561523438,3.5152060985565186,3.2590320110321045,2.917008399963379,2.8128881454467773,2.5106544494628906,2.308600425720215,2.1889705657958984,1.8577947616577148,1.944203495979309,1.6530983448028564,1.8588544130325317,1.7062124013900757,1.8645707368850708,2.0980207920074463,1.6092188358306885,1.6102980375289917,1.4571452140808105,1.098051905632019,1.3097273111343384,1.262317419052124,1.3519542217254639,1.6137173175811768,1.6405997276306152,2.0260274410247803,2.164653778076172,2.515515089035034,2.7193822860717773,2.9205822944641113,3.2727394104003906
A6,1.4099730253219604,1.0788530111312866,0.7980451583862305,0.5659427642822266,0.3675200045108795,0.0,0.38200002908706665,0.5769279599189758,0.8708041310310364,1.1657418012619019,1.463589072227478,1.7544270753860474,2.060990810394287,2.286571502685547,2.593712568283081,2.50941801071167,2.1926746368408203,1.8421945571899414,1.7405753135681152,1.4142813682556152,1.138790488243103,0.9143160581588745,0.5364770889282227,0.5615570545196533,0.35994499921798706,0.6971986889839172,0.8536267876625061,1.2018064260482788,1.4356513023376465,1.6616562604904175,3.6005232334136963,3.4406864643096924,3.144217014312744,2.7986152172088623,2.6184773445129395,2.329019784927368,2.025412082672119,1.8534245491027832,1.4611129760742188,1.372828483581543,1.0217158794403076,1.0224539041519165,0.8390858769416809,0.7390156984329224,1.0438002347946167,3.3800103664398193,3.2135016918182373,2.962782144546509,2.6096596717834473,2.5348620414733887,2.2437379360198975,2.065220355987549,1.9922360181808472,1.682249903678894,1.8390389680862427,1.6060736179351807,1.8655849695205688,1.7854870557785034,1.954166293144226,2.233576536178589,1.9262762069702148,1.887559413909912,1.6982439756393433,1.3219653367996216,1.459856629371643,1.3329805135726929,1.3562158346176147,1.5575236082077026,1.50968337059021,1.8873664140701294,1.9670815467834473,2.325399875640869,2.490264654159546,2.700960636138916,3.0499582290649414
A7,1.5476058721542358,1.2209560871124268,1.0432541370391846,0.8161181211471558,0.5339066982269287,0.38200002908706665,0.0,0.37573328614234924,0.5926824808120728,0.8980460166931152,1.1976624727249146,1.4649319648742676,1.7833638191223145,1.9694199562072754,2.285916566848755,2.4739530086517334,2.185912847518921,1.8260927200317383,1.653516411781311,1.375288963317871,1.0370484590530396,0.85246741771698,0.48413148522377014,0.4211447238922119,0.45426174998283386,0.6878035068511963,0.978379487991333,1.2681516408920288,1.5508164167404175,1.8106536865234375,3.4030089378356934,3.270171642303467,3.002685546875,2.666811943054199,2.476799726486206,2.2296712398529053,1.9077751636505127,1.8059394359588623,1.4265036582946777,1.4146745204925537,1.1239681243896484,1.2111034393310547,1.1282051801681519,1.0305637121200562,1.3649582862854004,3.2301406860351562,3.065816879272461,2.8389010429382324,2.501875638961792,2.3882768154144287,2.119493246078491,1.8874571323394775,1.8218538761138916,1.4808076620101929,1.6193275451660156,1.3794418573379517,1.6111506223678589,1.5408233404159546,1.6618759632110596,1.9639678001403809,1.828575611114502,1.7130216360092163,1.4695602655410767,1.0926843881607056,1.1759464740753174,0.9904154539108276,1.0223288536071777,1.1951464414596558,1.1790924072265625,1.5559712648391724,1.6706271171569824,2.033565044403076,2.229564905166626,2.4601821899414062,2.7998452186584473
A8,1.8976737260818481,1.5512194633483887,1.3338899612426758,1.120871901512146,0.8403135538101196,0.5769279599189758,0.37573328614234924,0.0,0.3870282471179962,0.5946986675262451,0.9252440929412842,1.1877144575119019,1.5095769166946411,1.7401396036148071,2.031026601791382,2.130967617034912,1.8410568237304688,1.474275827407837,1.2953847646713257,1.0192720890045166,0.6668484210968018,0.554383397102356,0.25743693113327026,0.4628034830093384,0.6964462399482727,0.9929295182228088,1.2912613153457642,1.6041022539138794,1.8543146848678589,2.132007122039795,3.2650938034057617,3.1617915630340576,2.909513235092163,2.5550918579101562,2.4137938022613525,2.1686811447143555,1.885920524597168,1.8181967735290527,1.443930745124817,1.5121526718139648,1.2275676727294922,1.3935935497283936,1.29423189163208,1.2839316129684448,1.6106743812561035,3.007411479949951,2.8822615146636963,2.6848649978637695,2.337493896484375,2.260998010635376,2.030900001525879,1.8131892681121826,1.8283648490905762,1.5141009092330933,1.7242661714553833,1.552833080291748,1.8047239780426025,1.7918132543563843,1.8836421966552734,2.2134299278259277,2.180415630340576,2.036834716796875,1.757552981376648,1.3920536041259766,1.4408992528915405,1.181316614151001,1.1935923099517822,1.2557965517044067,1.184502363204956,1.5245413780212402,1.5742454528808594,1.9485501050949097,2.1018543243408203,2.3676867485046387,2.6887476444244385
A9,2.122492790222168,1.8103901147842407,1.6246694326400757,1.3620898723602295,1.1210612058639526,0.8708041310310364,0.5926824808120728,0.3870282471179962,0.0,0.3924944996833801,0.6119574308395386,0.9183334112167358,1.206034779548645,1.422536849975586,1.7409099340438843,2.0252676010131836,1.7898504734039307,1.449364185333252,1.1975327730178833,1.0184071063995361,0.6779258251190186,0.5403549671173096,0.47278037667274475,0.4601254165172577,0.8374513387680054,1.0401363372802734,1.3940765857696533,1.6657934188842773,1.9033952951431274,2.2197444438934326,2.9027788639068604,2.811567544937134,2.5777926445007324,2.232966423034668,2.0888452529907227,1.8783063888549805,1.5954209566116333,1.5936754941940308,1.2544636726379395,1.4081428050994873,1.2071970701217651,1.456908106803894,1.453513503074646,1.4879342317581177,1.845124363899231,2.6918509006500244,2.556248664855957,2.370565176010132,2.040717124938965,1.9325523376464844,1.722367286682129,1.4731934070587158,1.5117316246032715,1.201218843460083,1.4329391717910767,1.3169174194335938,1.574020266532898,1.6289914846420288,1.7087984085083008,2.065958261489868,2.2680675983428955,2.075765371322632,1.7837226390838623,1.441899299621582,1.3872345685958862,1.0864332914352417,1.0053783655166626,0.9843155741691589,0.8446487188339233,1.1612780094146729,1.1883113384246826,1.5628314018249512,1.7185248136520386,1.989660620689392,2.3068573474884033
A10,2.436805486679077,2.099745512008667,1.9172946214675903,1.6941715478897095,1.4127923250198364,1.1657418012619019,0.8980460166931152,0.5946986675262451,0.3924944996833801,0.0,0.3871360123157501,0.5941408276557922,0.9267054796218872,1.1641560792922974,1.4399477243423462,1.839078426361084,1.6194157600402832,1.2778977155685425,0.9862073063850403,0.8735303282737732,0.5329357385635376,0.6396295428276062,0.712521493434906,0.8385291695594788,1.2039657831192017,1.4270315170288086,1.7772327661514282,2.051305055618286,2.295175075531006,2.6079635620117188,2.8946259021759033,2.856593370437622,2.6624197959899902,2.3147530555725098,2.220874547958374,2.043898820877075,1.804731011390686,1.8573321104049683,1.5490930080413818,1.7514941692352295,1.5618836879730225,1.826462745666504,1.7968831062316895,1.837986707687378,2.1813197135925293,2.6152215003967285,2.5350210666656494,2.4047107696533203,2.0836164951324463,2.0008082389831543,1.8568979501724243,1.6077170372009277,1.723763346672058,1.4444313049316406,1.692196011543274,1.6154133081436157,1.8395851850509644,1.908606767654419,1.9274216890335083,2.2875521183013916,2.539135456085205,2.316274642944336,1.9872382879257202,1.6697674989700317,1.6139259338378906,1.2699857950210571,1.2361440658569336,1.110840916633606,0.9951225519180298,1.2227755784988403,1.2118903398513794,1.5780571699142456,1.705000638961792,2.025480031967163,2.3017308712005615
A11,2.7272801399230957,2.4135289192199707,2.2311689853668213,1.971079707145691,1.7265325784683228,1.463589072227478,1.1976624727249146,0.9252440929412842,0.6119574308395386,0.3871360123157501,0.0,0.37881919741630554,0.6004998683929443,0.8738730549812317,1.169765591621399,1.6841939687728882,1.5373868942260742,1.2538433074951172,0.9090492725372314,0.9381895661354065,0.7188777327537537,0.7889602780342102,0.9814105033874512,1.0289376974105835,1.4289051294326782,1.6072051525115967,1.9689885377883911,2.220273733139038,2.433990478515625,2.771744728088379,2.5252249240875244,2.508859634399414,2.3397393226623535,2.000089168548584,1.9329819679260254,1.796193242073059,1.5949969291687012,1.716997504234314,1.4712189435958862,1.747575283050537,1.6337417364120483,1.9537289142608643,1.9831607341766357,2.0722501277923584,2.4290823936462402,2.253134250640869,2.1787590980529785,2.0741991996765137,1.7740025520324707,1.6829078197479248,1.5881179571151733,1.3362053632736206,1.5161311626434326,1.290832757949829,1.5719298124313354,1.582877278327942,1.809794306755066,1.9515039920806885,1.9676672220230103,2.3405909538269043,2.7721424102783203,2.526179075241089,2.2020256519317627,1.9067487716674805,1.7813210487365723,1.433091402053833,1.3162250518798828,1.1083705425262451,0.9048131704330444,1.0282613039016724,0.9219003915786743,1.2663908004760742,1.3509215116500854,1.6863189935684204,1.9434248208999634
A12,2.9801323413848877,2.6548149585723877,2.4982616901397705,2.26847767829895,1.9893051385879517,1.7544270753860474,1.4649319648742676,1.1877144575119019,0.9183334112167358,0.5941408276557922,0.37881919741630554,0.0,0.379134863615036,0.5993822813034058,0.8471328020095825,1.7521684169769287,1.6429269313812256,1.3832882642745972,1.0275399684906006,1.127978801727295,0.9368085861206055,1.1147007942199707,1.2891958951950073,1.3666279315948486,1.755383849143982,1.9275180101394653,2.2965946197509766,2.5356037616729736,2.7716963291168213,3.1036174297332764,2.5909714698791504,2.6325907707214355,2.5154998302459717,2.197573184967041,2.1565258502960205,2.070448160171509,1.8916432857513428,2.05541729927063,1.8336081504821777,2.118617534637451,2.0087661743164062,2.320772886276245,2.3383805751800537,2.4032740592956543,2.7562079429626465,2.312659502029419,2.286323070526123,2.2424309253692627,1.9766380786895752,1.8830926418304443,1.8481634855270386,1.5843124389648438,1.788067102432251,1.5749170780181885,1.8205472230911255,1.8346574306488037,2.009016275405884,2.143339157104492,2.0958425998687744,2.458205223083496,2.942847728729248,2.664921522140503,2.3143808841705322,2.0538015365600586,1.922168254852295,1.5556496381759644,1.488187551498413,1.2177515029907227,1.0891306400299072,1.1232578754425049,1.0385923385620117,1.3350228071212769,1.4201161861419678,1.7877721786499023,1.9898852109909058
A13,3.299335479736328,2.9873416423797607,2.8221139907836914,2.567901134490967,2.3141367435455322,2.060990810394287,1.7833638191223145,1.5095769166946411,1.206034779548645,0.9267054796218872,0.6004998683929443,0.379134863615036,0.0,0.3931288719177246,0.6075975298881531,1.6456540822982788,1.6208542585372925,1.4375910758972168,1.078676462173462,1.2842228412628174,1.186537742614746,1.3380801677703857,1.573380470275879,1.62303626537323,2.0245676040649414,2.177417755126953,2.5460095405578613,2.7735555171966553,2.981722831726074,3.328850507736206,2.2838973999023438,2.364004611968994,2.2866671085357666,1.9873337745666504,1.9927265644073486,1.9554030895233154,1.8351227045059204,2.053372859954834,1.8955209255218506,2.2260324954986572,2.1701629161834717,2.5146560668945312,2.566437244415283,2.669245481491089,3.02761173248291,1.9896156787872314,1.9918614625930786,1.996400237083435,1.7681090831756592,1.6834867000579834,1.7206687927246094,1.4818570613861084,1.7472938299179077,1.6061009168624878,1.869011402130127,1.9578081369400024,2.1304399967193604,2.3185999393463135,2.2735202312469482,2.6368093490600586,3.241035223007202,2.952976703643799,2.6112170219421387,2.363996744155884,2.193513870239258,1.8356518745422363,1.7154324054718018,1.409207820892334,1.2274912595748901,1.1540430784225464,0.969391942024231,1.1852720975875854,1.1909202337265015,1.567903757095337,1.7213990688323975
A14,3.428386926651001,3.1310768127441406,3.009986400604248,2.764193534851074,2.4990453720092773,2.286571502685547,1.9694199562072754,1.7401396036148071,1.422536849975586,1.1641560792922974,0.8738730549812317,0.5993822813034058,0.3931288719177246,0.0,0.37351980805397034,2.008635997772217,2.005038261413574,1.8262501955032349,1.468139886856079,1.6581209897994995,1.5183892250061035,1.6576060056686401,1.8406147956848145,1.8454052209854126,2.236151695251465,2.3410513401031494,2.7206623554229736,2.9095170497894287,3.137672185897827,3.4821135997772217,2.284097909927368,2.400789737701416,2.371852159500122,2.118171215057373,2.0985188484191895,2.1225414276123047,1.9884419441223145,2.2473254203796387,2.114922046661377,2.443587303161621,2.4123778343200684,2.747929096221924,2.8228461742401123,2.8928165435791016,3.2583842277526855,2.120424270629883,2.1150858402252197,2.149446964263916,1.9724438190460205,1.830247402191162,1.8902175426483154,1.609794020652771,1.8439358472824097,1.6990609169006348,1.8944268226623535,1.9839437007904053,2.090855360031128,2.280155658721924,2.178494691848755,2.5221073627471924,3.2414538860321045,2.9199957847595215,2.573176383972168,2.374445676803589,2.1679160594940186,1.818289875984192,1.7089120149612427,1.3561323881149292,1.2403066158294678,1.0753841400146484,0.9587112069129944,1.10243558883667,1.1671338081359863,1.542159914970398,1.6511143445968628
A15,3.7591114044189453,3.448698043823242,3.322618007659912,3.090721368789673,2.8117799758911133,2.593712568283081,2.285916566848755,2.031026601791382,1.7409099340438843,1.4399477243423462,1.169765591621399,0.8471328020095825,0.6075975298881531,0.37351980805397034,0.0,2.025866985321045,2.064664602279663,1.9279967546463013,1.5919075012207031,1.8277111053466797,1.7349296808242798,1.9266372919082642,2.132084846496582,2.1763384342193604,2.569309949874878,2.6950888633728027,3.0734596252441406,3.2726151943206787,3.5022857189178467,3.845794439315796,2.3813626766204834,2.5515949726104736,2.5654027462005615,2.327852487564087,2.3546195030212402,2.3990092277526855,2.302891731262207,2.5710155963897705,2.4498536586761475,2.7873244285583496,2.7504239082336426,3.0896856784820557,3.148143768310547,3.2239391803741455,3.584440231323242,2.1575708389282227,2.2175068855285645,2.3109328746795654,2.1610052585601807,2.0545716285705566,2.162658214569092,1.9135099649429321,2.1767897605895996,2.0569679737091064,2.2567899227142334,2.3555710315704346,2.4530727863311768,2.639547348022461,2.518381357192993,2.851264476776123,3.5693020820617676,3.240739583969116,2.8837859630584717,2.6955366134643555,2.5014188289642334,2.148606061935425,2.0653231143951416,1.709647297859192,1.6125375032424927,1.434988021850586,1.306138515472412,1.3970355987548828,1.4060251712799072,1.7705078125,1.8136855363845825
B1,3.9130425453186035,3.583923101425171,3.2661221027374268,3.0208020210266113,2.868013381958008,2.50941801071167,2.4739530086517334,2.130967617034912,2.0252676010131836,1.839078426361084,1.6841939687728882,1.7521684169769287,1.6456540822982788,2.008635997772217,2.025866985321045,0.0,0.3847903609275818,0.7243120074272156,0.8663256168365479,1.1431870460510254,1.492476224899292,1.6308143138885498,2.0113961696624756,2.2237205505371094,2.535524368286133,2.8237245082855225,3.0711588859558105,3.399087429046631,3.47943377494812,3.80132794380188,2.7074272632598877,2.729628562927246,2.5775821208953857,2.2324206829071045,2.4297029972076416,2.24812912940979,2.3232150077819824,2.375272035598755,2.248713254928589,2.5289671421051025,2.433561325073242,2.7569093704223633,2.7108280658721924,2.971116781234741,3.233440399169922,1.890312671661377,2.0431997776031494,2.0466558933258057,1.7696925401687622,2.020254135131836,2.082597017288208,2.1493260860443115,2.483555316925049,2.4786341190338135,2.86822772026062,2.9960222244262695,3.3035831451416016,3.498371124267578,3.590360641479492,3.966658592224121,4.277366638183594,4.100986957550049,3.8011889457702637,3.4622995853424072,3.3968958854675293,3.071375608444214,2.936142683029175,2.767390012741089,2.4875972270965576,2.538562536239624,2.242622137069702,2.4279775619506836,2.2265000343322754,2.4696731567382812,2.6028594970703125
B2,3.5939958095550537,3.257206678390503,2.9312636852264404,2.7051241397857666,2.549314498901367,2.1926746368408203,2.185912847518921,1.8410568237304688,1.7898504734039307,1.6194157600402832,1.5373868942260742,1.6429269313812256,1.6208542585372925,2.005038261413574,2.064664602279663,0.3847903609275818,0.0,0.3810873031616211,0.6429587006568909,0.8293678164482117,1.2033292055130005,1.3520830869674683,1.7140036821365356,1.9639266729354858,2.2513158321380615,2.565086841583252,2.798563241958618,3.1422243118286133,3.2333297729492188,3.541018486022949,2.9135425090789795,2.90244722366333,2.7130720615386963,2.344815254211426,2.490133762359619,2.2657470703125,2.285916566848755,2.291691780090332,2.1085402965545654,2.3509016036987305,2.205761671066284,2.5025014877319336,2.4182589054107666,2.6642467975616455,2.913907766342163,2.161775588989258,2.2612454891204834,2.210421562194824,1.890738606452942,2.1085968017578125,2.1044716835021973,2.1407063007354736,2.4360406398773193,2.3832807540893555,2.768688201904297,2.8511619567871094,3.166654586791992,3.3276264667510986,3.428290367126465,3.8009207248687744,4.008552074432373,3.8519461154937744,3.5572147369384766,3.207575798034668,3.1760976314544678,2.8588924407958984,2.750386953353882,2.617093563079834,2.3567049503326416,2.4630966186523438,2.205658435821533,2.441574811935425,2.2909629344940186,2.5499227046966553,2.728893280029297
B3,3.247739553451538,2.902299404144287,2.586416721343994,2.3701882362365723,2.192505359649658,1.8421945571899414,1.8260927200317383,1.474275827407837,1.449364185333252,1.2778977155685425,1.2538433074951172,1.3832882642745972,1.4375910758972168,1.8262501955032349,1.9279967546463013,0.7243120074272156,0.3810873031616211,0.0,0.36446040868759155,0.45577728748321533,0.8319360017776489,1.013492465019226,1.360122561454773,1.6348813772201538,1.9228955507278442,2.2480499744415283,2.491356611251831,2.8391666412353516,2.958259105682373,3.261712074279785,2.9716293811798096,2.9454941749572754,2.7394747734069824,2.358754873275757,2.447431802749634,2.2088027000427246,2.1650326251983643,2.15732479095459,1.922785997390747,2.146357536315918,1.9633995294570923,2.2479686737060547,2.1462900638580322,2.3597307205200195,2.6196699142456055,2.311281204223633,2.363389492034912,2.279360294342041,1.9349863529205322,2.0935049057006836,2.040308952331543,2.0200579166412354,2.2800188064575195,2.174208402633667,2.5449819564819336,2.5866198539733887,2.8956475257873535,3.028707981109619,3.122455358505249,3.4912397861480713,3.650413990020752,3.495267152786255,3.1980037689208984,2.8468854427337646,2.832146167755127,2.516461133956909,2.431868076324463,2.3165271282196045,2.0810375213623047,2.225538730621338,2.0103588104248047,2.2876088619232178,2.1928162574768066,2.4736905097961426,2.686976194381714
B4,3.147143602371216,2.8040261268615723,2.519906520843506,2.285331964492798,2.081632137298584,1.7405753135681152,1.653516411781311,1.2953847646713257,1.1975327730178833,0.9862073063850403,0.9090492725372314,1.0275399684906006,1.078676462173462,1.468139886856079,1.5919075012207031,0.8663256168365479,0.6429587006568909,0.36446040868759155,0.0,0.37777045369148254,0.6465503573417664,0.8566902279853821,1.2185289859771729,1.455224871635437,1.7921689748764038,2.0883724689483643,2.3720827102661133,2.6995692253112793,2.844576597213745,3.1649227142333984,2.7507665157318115,2.7397541999816895,2.551157236099243,2.174966812133789,2.2399165630340576,2.032712697982788,1.961511492729187,2.0019266605377197,1.768818736076355,2.0278260707855225,1.8673607110977173,2.1795403957366943,2.117673397064209,2.3054707050323486,2.6014864444732666,2.1645631790161133,2.197281837463379,2.1213583946228027,1.7838119268417358,1.8881704807281494,1.8424630165100098,1.7698980569839478,2.035362720489502,1.912549376487732,2.273362159729004,2.3210346698760986,2.6114449501037598,2.7553768157958984,2.8259975910186768,3.198211908340454,3.4480466842651367,3.2629780769348145,2.9531567096710205,2.6157922744750977,2.569087505340576,2.2389986515045166,2.1446328163146973,1.9969756603240967,1.7630233764648438,1.8855856657028198,1.674121379852295,1.9555323123931885,1.8810529708862305,2.183873176574707,2.398221015930176
B5,2.8225951194763184,2.473583936691284,2.1751458644866943,1.9585840702056885,1.7578544616699219,1.4142813682556152,1.375288963317871,1.0192720890045166,1.0184071063995361,0.8735303282737732,0.9381895661354065,1.127978801727295,1.2842228412628174,1.6581209897994995,1.8277111053466797,1.1431870460510254,0.8293678164482117,0.45577728748321533,0.37777045369148254,0.0,0.3835456371307373,0.5932774543762207,0.9192603826522827,1.211960792541504,1.50607430934906,1.835034966468811,2.0942444801330566,2.4399595260620117,2.591198444366455,2.892467498779297,2.9971790313720703,2.947056531906128,2.7218992710113525,2.3368616104125977,2.3537251949310303,2.1040868759155273,1.9833396673202515,1.960018515586853,1.6708823442459106,1.8684687614440918,1.6493604183197021,1.9205868244171143,1.8136870861053467,1.9844335317611694,2.265240430831909,2.462031126022339,2.452086925506592,2.3266005516052246,1.9661662578582764,2.048386812210083,1.9347609281539917,1.8480889797210693,2.052428722381592,1.884461760520935,2.2298829555511475,2.2227132320404053,2.523393392562866,2.62540864944458,2.7167487144470215,3.0797135829925537,3.1974966526031494,3.043275833129883,2.747600793838501,2.394136428833008,2.3917465209960938,2.0825467109680176,2.0172441005706787,1.9312559366226196,1.7235383987426758,1.9190102815628052,1.7622909545898438,2.083397388458252,2.0600976943969727,2.351767063140869,2.6057097911834717
B6,2.531273603439331,2.177170753479004,1.9124127626419067,1.7004824876785278,1.4593915939331055,1.138790488243103,1.0370484590530396,0.6668484210968018,0.6779258251190186,0.5329357385635376,0.7188777327537537,0.9368085861206055,1.186537742614746,1.5183892250061035,1.7349296808242798,1.492476224899292,1.2033292055130005,0.8319360017776489,0.6465503573417664,0.3835456371307373,0.0,0.39061838388442993,0.6295303702354431,0.9291926026344299,1.2418811321258545,1.560152530670166,1.8478628396987915,2.180755615234375,2.374138832092285,2.6736743450164795,3.040975570678711,2.98486328125,2.759723663330078,2.383007764816284,2.3425939083099365,2.1049652099609375,1.9199135303497314,1.9028375148773193,1.5789707899093628,1.7564784288406372,1.517325758934021,1.7720515727996826,1.6715425252914429,1.7811319828033447,2.085592031478882,2.6133956909179688,2.5656306743621826,2.424164295196533,2.068410873413086,2.080322027206421,1.9329477548599243,1.7781535387039185,1.931493878364563,1.7040131092071533,2.011345624923706,1.9562925100326538,2.2347795963287354,2.306143045425415,2.3795430660247803,2.736771583557129,2.8404290676116943,2.674288511276245,2.3708527088165283,2.021313428878784,2.024444103240967,1.7128137350082397,1.6752748489379883,1.6048517227172852,1.4397233724594116,1.67337167263031,1.583548665046692,1.9351239204406738,1.9806315898895264,2.283156394958496,2.5585272312164307
B7,2.3107213973999023,1.987399935722351,1.707468867301941,1.4430869817733765,1.2640913724899292,0.9143160581588745,0.85246741771698,0.554383397102356,0.5403549671173096,0.6396295428276062,0.7889602780342102,1.1147007942199707,1.3380801677703857,1.6576060056686401,1.9266372919082642,1.6308143138885498,1.3520830869674683,1.013492465019226,0.8566902279853821,0.5932774543762207,0.39061838388442993,0.0,0.3929591178894043,0.6224318146705627,0.9356535077095032,1.246002197265625,1.5215333700180054,1.8559602499008179,2.020148277282715,2.3298521041870117,2.9332594871520996,2.8274717330932617,2.5651073455810547,2.1884336471557617,2.110936164855957,1.8392950296401978,1.6297835111618042,1.5637116432189941,1.218576431274414,1.3707422018051147,1.128082513809204,1.396720290184021,1.3290001153945923,1.473310112953186,1.793845295906067,2.5687096118927,2.465211868286133,2.2702715396881104,1.9042969942092896,1.8982858657836914,1.6940624713897705,1.553948163986206,1.6588960886001587,1.431978464126587,1.7445772886276245,1.6884770393371582,1.9997456073760986,2.0802595615386963,2.208533763885498,2.563339948654175,2.6631693840026855,2.5229580402374268,2.2559807300567627,1.89310884475708,1.8827714920043945,1.608590006828308,1.5156439542770386,1.5035282373428345,1.2976140975952148,1.5711723566055298,1.4836965799331665,1.8359291553497314,1.8906999826431274,2.148789405822754,2.45851993560791
B8,1.9312371015548706,1.5995303392410278,1.3332726955413818,1.0844104290008545,0.8747944831848145,0.5364770889282227,0.48413148522377014,0.25743693113327026,0.47278037667274475,0.712521493434906,0.9814105033874512,1.2891958951950073,1.573380470275879,1.8406147956848145,2.132084846496582,2.0113961696624756,1.7140036821365356,1.360122561454773,1.2185289859771729,0.9192603826522827,0.6295303702354431,0.3929591178894043,0.0,0.38662564754486084,0.6176680326461792,0.9581325650215149,1.226542592048645,1.5664154291152954,1.7721660137176514,2.057680130004883,3.2007462978363037,3.076819896697998,2.8039422035217285,2.440709352493286,2.310701370239258,2.0363388061523438,1.7712715864181519,1.667305827140808,1.2859598398208618,1.3441450595855713,1.0429869890213013,1.2259082794189453,1.1187317371368408,1.1749504804611206,1.5005508661270142,2.911588191986084,2.7801365852355957,2.564122438430786,2.2049479484558105,2.1560044288635254,1.9116929769515991,1.7351311445236206,1.7571388483047485,1.472684383392334,1.7179932594299316,1.576300859451294,1.8663551807403564,1.8795781135559082,2.013592004776001,2.346391439437866,2.307295560836792,2.1909804344177246,1.9384667873382568,1.5655702352523804,1.6069061756134033,1.3692011833190918,1.3299901485443115,1.4021859169006348,1.2720545530319214,1.6080347299575806,1.6110268831253052,1.9778046607971191,2.0966989994049072,2.3429503440856934,2.671867609024048
B9,1.7947698831558228,1.514256477355957,1.2937555313110352,0.9787324666976929,0.8332231044769287,0.5615570545196533,0.4211447238922119,0.4628034830093384,0.4601254165172577,0.8385291695594788,1.0289376974105835,1.3666279315948486,1.62303626537323,1.8454052209854126,2.1763384342193604,2.2237205505371094,1.9639266729354858,1.6348813772201538,1.455224871635437,1.211960792541504,0.9291926026344299,0.6224318146705627,0.38662564754486084,0.0,0.40451571345329285,0.6406631469726562,0.9637609124183655,1.2666995525360107,1.4763562679290771,1.7894583940505981,3.0455493927001953,2.8940916061401367,2.61142635345459,2.2694599628448486,2.088047504425049,1.8231616020202637,1.51485276222229,1.4059394598007202,1.0240854024887085,1.0626089572906494,0.8021506071090698,1.0056294202804565,1.0070688724517822,1.0498723983764648,1.4154382944107056,2.865727186203003,2.6856157779693604,2.4417309761047363,2.101041793823242,1.9976885318756104,1.7181096076965332,1.5147719383239746,1.4663970470428467,1.1579169034957886,1.36696457862854,1.2061635255813599,1.508150339126587,1.531922459602356,1.7033642530441284,2.0350098609924316,2.0867910385131836,1.9647152423858643,1.7403217554092407,1.3751626014709473,1.3620884418487549,1.1607580184936523,1.0495539903640747,1.17312490940094,1.027147650718689,1.387555718421936,1.426025152206421,1.7790952920913696,1.93252432346344,2.1402032375335693,2.4889323711395264
B10,1.430901050567627,1.1717709302902222,0.9327263832092285,0.5886024832725525,0.5475531816482544,0.35994499921798706,0.45426174998283386,0.6964462399482727,0.8374513387680054,1.2039657831192017,1.4289051294326782,1.755383849143982,2.0245676040649414,2.236151695251465,2.569309949874878,2.535524368286133,2.2513158321380615,1.9228955507278442,1.7921689748764038,1.50607430934906,1.2418811321258545,0.9356535077095032,0.6176680326461792,0.40451571345329285,0.0,0.3844454884529114,0.6096938252449036,0.9538126587867737,1.169054388999939,1.4460530281066895,3.360384702682495,3.1767382621765137,2.8702232837677,2.539886474609375,2.3318583965301514,2.0443103313446045,1.7237627506256104,1.5399720668792725,1.1555659770965576,1.0467966794967651,0.72435063123703,0.7580093145370483,0.7042156457901001,0.6588479280471802,1.0265363454818726,3.206960439682007,3.005803346633911,2.7331950664520264,2.3937020301818848,2.2912752628326416,1.977612853050232,1.7998467683792114,1.6848809719085693,1.3813985586166382,1.5242923498153687,1.3001575469970703,1.585326075553894,1.5376335382461548,1.7536202669143677,2.0395891666412354,1.8699103593826294,1.8216191530227661,1.6592543125152588,1.291117787361145,1.3537018299102783,1.2511875629425049,1.184203863143921,1.4087108373641968,1.3197534084320068,1.6963982582092285,1.7731683254241943,2.111220598220825,2.279946804046631,2.454477310180664,2.8148205280303955
B11,1.307656168937683,1.136555552482605,1.0012571811676025,0.6505953073501587,0.7093915939331055,0.6971986889839172,0.6878035068511963,0.9929295182228088,1.0401363372802734,1.4270315170288086,1.6072051525115967,1.9275180101394653,2.177417755126953,2.3410513401031494,2.6950888633728027,2.8237245082855225,2.565086841583252,2.2480499744415283,2.0883724689483643,1.835034966468811,1.560152530670166,1.246002197265625,0.9581325650215149,0.6406631469726562,0.3844454884529114,0.0,0.3831629455089569,0.629655659198761,0.8862625956535339,1.185335636138916,3.338008403778076,3.1335742473602295,2.8267674446105957,2.529355764389038,2.2727887630462646,2.010648012161255,1.6582156419754028,1.4759353399276733,1.1330275535583496,0.972216010093689,0.7494701147079468,0.7267415523529053,0.8189840316772461,0.7090018391609192,1.0642783641815186,3.2933859825134277,3.054349422454834,2.7652459144592285,2.454279661178589,2.301671028137207,1.9686541557312012,1.7696492671966553,1.575221061706543,1.2633708715438843,1.3139238357543945,1.0407344102859497,1.3013243675231934,1.2269625663757324,1.488013505935669,1.746274709701538,1.6253026723861694,1.584484577178955,1.4750932455062866,1.1409015655517578,1.1584665775299072,1.141882300376892,1.0306185483932495,1.3217763900756836,1.2620508670806885,1.6314939260482788,1.7567377090454102,2.062333345413208,2.26693058013916,2.3999176025390625,2.7673635482788086
B12,1.0901280641555786,1.0014303922653198,0.8626311421394348,0.5328614115715027,0.7854487895965576,0.8536267876625061,0.978379487991333,1.2912613153457642,1.3940765857696533,1.7772327661514282,1.9689885377883911,2.2965946197509766,2.5460095405578613,2.7206623554229736,3.0734596252441406,3.0711588859558105,2.798563241958618,2.491356611251831,2.3720827102661133,2.0942444801330566,1.8478628396987915,1.5215333700180054,1.226542592048645,0.9637609124183655,0.6096938252449036,0.3831629455089569,0.0,0.38023459911346436,0.5883183479309082,0.841083824634552,3.6070995330810547,3.3731400966644287,3.0443949699401855,2.756969451904297,2.4931349754333496,2.209144115447998,1.8713878393173218,1.6268038749694824,1.3091461658477783,1.0402758121490479,0.8155360221862793,0.5954175591468811,0.6680383086204529,0.47428393363952637,0.7652277946472168,3.5661439895629883,3.3130416870117188,3.0002381801605225,2.690459966659546,2.554025173187256,2.201246500015259,2.0446248054504395,1.8214141130447388,1.5484601259231567,1.5723649263381958,1.301086664199829,1.5398454666137695,1.4298774003982544,1.7240114212036133,1.9279417991638184,1.6044857501983643,1.6576166152954102,1.6283901929855347,1.3241889476776123,1.397202491760254,1.452715516090393,1.3669177293777466,1.6836034059524536,1.6323314905166626,1.9934264421463013,2.113234281539917,2.40338397026062,2.596919298171997,2.7007124423980713,3.0726470947265625
B13,1.0451693534851074,1.0848500728607178,1.0728083848953247,0.8257935643196106,1.0706732273101807,1.2018064260482788,1.2681516408920288,1.6041022539138794,1.6657934188842773,2.051305055618286,2.220273733139038,2.5356037616729736,2.7735555171966553,2.9095170497894287,3.2726151943206787,3.399087429046631,3.1422243118286133,2.8391666412353516,2.6995692253112793,2.4399595260620117,2.180755615234375,1.8559602499008179,1.5664154291152954,1.2666995525360107,0.9538126587867737,0.629655659198761,0.38023459911346436,0.0,0.38002634048461914,0.603483259677887,3.6979904174804688,3.4492528438568115,3.1259312629699707,2.873396158218384,2.5741002559661865,2.3208425045013428,1.9707422256469727,1.7385051250457764,1.4791271686553955,1.1920456886291504,1.0732312202453613,0.8465999364852905,0.9967116713523865,0.7943992018699646,0.982429027557373,3.74894118309021,3.46872615814209,3.1475048065185547,2.8661372661590576,2.6924288272857666,2.3341944217681885,2.1656644344329834,1.8858977556228638,1.6250512599945068,1.5574637651443481,1.2604670524597168,1.4335287809371948,1.282365083694458,1.603508472442627,1.746938705444336,1.4152625799179077,1.5031843185424805,1.5534359216690063,1.3174629211425781,1.3619028329849243,1.5042760372161865,1.4074952602386475,1.7561769485473633,1.7406604290008545,2.0773766040802,2.235013246536255,2.490654706954956,2.710737943649292,2.778693199157715,3.148198127746582
