0.000000000000000000e+00,3.790565729141235352e-01,5.480637550354003906e-01,8.086416125297546387e-01,1.086207866668701172e+00,1.316621899604797363e+00,1.639592409133911133e+00,1.897521018981933594e+00,2.200982570648193359e+00,2.517991065979003906e+00,2.795413494110107422e+00,3.145782470703125000e+00,3.394212245941162109e+00,3.647107601165771484e+00,4.005393028259277344e+00,2.082808971405029297e+00,1.769981026649475098e+00,2.023498296737670898e+00,1.794201970100402832e+00,2.057630538940429688e+00,2.147835731506347656e+00,2.246045827865600586e+00,2.568108797073364258e+00,2.575966119766235352e+00,2.942964076995849609e+00,2.998652935028076172e+00,3.348717927932739258e+00,3.437071084976196289e+00,3.548135519027709961e+00,3.921803474426269531e+00,3.458214759826660156e+00,3.076603174209594727e+00,3.089708328247070312e+00,2.769606590270996094e+00,2.734688997268676758e+00,2.740642309188842773e+00,2.531940698623657227e+00,2.754209041595458984e+00,2.550307989120483398e+00,2.772150993347167969e+00,2.700249910354614258e+00,2.883956909179687500e+00,2.940412044525146484e+00,2.826798439025878906e+00,3.168738365173339844e+00,3.407107353210449219e+00,3.147143125534057617e+00,2.933569431304931641e+00,2.767724037170410156e+00,2.472931623458862305e+00,2.512568235397338867e+00,2.189219474792480469e+00,2.258791208267211914e+00,2.156264066696166992e+00,2.170125484466552734e+00,2.274143218994140625e+00,2.285996437072753906e+00,2.535376310348510742e+00,2.402612686157226562e+00,2.675044536590576172e+00,2.215802192687988281e+00,2.167364597320556641e+00,1.820447683334350586e+00,1.892369508743286133e+00,1.561499357223510742e+00,1.672064781188964844e+00,1.589923501014709473e+00,1.610732555389404297e+00,1.881702184677124023e+00,1.943469166755676270e+00,2.313646793365478516e+00,2.475541114807128906e+00,2.845829248428344727e+00,3.020574808120727539e+00,3.302877664566040039e+00
3.790565729141235352e-01,0.000000000000000000e+00,3.795525133609771729e-01,5.255925655364990234e-01,8.474581837654113770e-01,1.104905486106872559e+00,1.393483400344848633e+00,1.697357058525085449e+00,1.967572331428527832e+00,2.308052062988281250e+00,2.569111108779907227e+00,2.924886465072631836e+00,3.167216539382934570e+00,3.395792722702026367e+00,3.766102313995361328e+00,2.003427028656005859e+00,1.654995322227478027e+00,1.857784628868103027e+00,1.596635580062866211e+00,1.812528252601623535e+00,1.908605694770812988e+00,1.963896274566650391e+00,2.296100854873657227e+00,2.293236017227172852e+00,2.659644842147827148e+00,2.723889827728271484e+00,3.068043231964111328e+00,3.175941705703735352e+00,3.272855043411254883e+00,3.655692815780639648e+00,3.164162635803222656e+00,2.785944700241088867e+00,2.772475004196166992e+00,2.458071708679199219e+00,2.397644281387329102e+00,2.413593053817749023e+00,2.194243192672729492e+00,2.424468755722045898e+00,2.240491390228271484e+00,2.470990896224975586e+00,2.435433626174926758e+00,2.633628129959106445e+00,2.729369163513183594e+00,2.641190528869628906e+00,3.001327753067016602e+00,3.028800249099731445e+00,2.768365859985351562e+00,2.555545330047607422e+00,2.392177820205688477e+00,2.100384950637817383e+00,2.155507326126098633e+00,1.844099521636962891e+00,1.944061040878295898e+00,1.873825430870056152e+00,1.931366801261901855e+00,2.074083089828491211e+00,2.139686346054077148e+00,2.412605762481689453e+00,2.329491138458251953e+00,2.637366533279418945e+00,1.912368774414062500e+00,1.827575206756591797e+00,1.487475991249084473e+00,1.536434531211853027e+00,1.206353545188903809e+00,1.348996043205261230e+00,1.277491450309753418e+00,1.364763379096984863e+00,1.647700667381286621e+00,1.774358987808227539e+00,2.143268346786499023e+00,2.351244211196899414e+00,2.712303638458251953e+00,2.890415906906127930e+00,3.202484369277954102e+00
5.480637550354003906e-01,3.795525133609771729e-01,0.000000000000000000e+00,3.771140873432159424e-01,5.561612844467163086e-01,8.475543260574340820e-01,1.133371233940124512e+00,1.414449691772460938e+00,1.721570253372192383e+00,2.039530992507934570e+00,2.333177328109741211e+00,2.674234628677368164e+00,2.942902803421020508e+00,3.177325963973999023e+00,3.541764736175537109e+00,1.651800274848937988e+00,1.305922269821166992e+00,1.513938069343566895e+00,1.258646607398986816e+00,1.510320425033569336e+00,1.607573509216308594e+00,1.714771986007690430e+00,2.047551155090332031e+00,2.089221239089965820e+00,2.464221477508544922e+00,2.560942888259887695e+00,2.921022891998291016e+00,3.046892166137695312e+00,3.184670686721801758e+00,3.566069841384887695e+00,2.929647684097290039e+00,2.546920061111450195e+00,2.563831806182861328e+00,2.236337900161743164e+00,2.221518754959106445e+00,2.227434158325195312e+00,2.047469377517700195e+00,2.293743371963500977e+00,2.119733333587646484e+00,2.384169578552246094e+00,2.347489833831787109e+00,2.583824634552001953e+00,2.668013095855712891e+00,2.620490789413452148e+00,2.990831375122070312e+00,3.060141801834106445e+00,2.765959978103637695e+00,2.580685377120971680e+00,2.369851589202880859e+00,2.105230569839477539e+00,2.129859685897827148e+00,1.805919051170349121e+00,1.919986844062805176e+00,1.792556643486022949e+00,1.874104619026184082e+00,1.961477518081665039e+00,2.040475606918334961e+00,2.273881435394287109e+00,2.164172172546386719e+00,2.486060857772827148e+00,2.159070253372192383e+00,2.017392158508300781e+00,1.686353206634521484e+00,1.654559016227722168e+00,1.296106576919555664e+00,1.382576346397399902e+00,1.209849715232849121e+00,1.272142410278320312e+00,1.483105301856994629e+00,1.579994082450866699e+00,1.926707506179809570e+00,2.107144117355346680e+00,2.471611499786376953e+00,2.614792823791503906e+00,2.926983356475830078e+00
8.086416125297546387e-01,5.255925655364990234e-01,3.771140873432159424e-01,0.000000000000000000e+00,3.769353628158569336e-01,5.938937067985534668e-01,8.723849654197692871e-01,1.183291792869567871e+00,1.442599773406982422e+00,1.786439180374145508e+00,2.046446323394775391e+00,2.400903224945068359e+00,2.647241830825805664e+00,2.874103307723999023e+00,3.244127511978149414e+00,1.770682573318481445e+00,1.403120875358581543e+00,1.522660851478576660e+00,1.202997803688049316e+00,1.379114985466003418e+00,1.420711278915405273e+00,1.463707923889160156e+00,1.781415700912475586e+00,1.776858210563659668e+00,2.145472764968872070e+00,2.220710039138793945e+00,2.573614120483398438e+00,2.694947719573974609e+00,2.818813085556030273e+00,3.202492475509643555e+00,2.784646749496459961e+00,2.406867265701293945e+00,2.374549627304077148e+00,2.035338878631591797e+00,1.973756074905395508e+00,1.945790648460388184e+00,1.732120513916015625e+00,1.953143596649169922e+00,1.762387156486511230e+00,2.015118122100830078e+00,1.983098864555358887e+00,2.218814611434936523e+00,2.320951223373413086e+00,2.285261869430541992e+00,2.664043903350830078e+00,2.783472299575805664e+00,2.491393566131591797e+00,2.283526897430419922e+00,2.062026023864746094e+00,1.780390739440917969e+00,1.776678919792175293e+00,1.442428827285766602e+00,1.543335914611816406e+00,1.422259211540222168e+00,1.516128301620483398e+00,1.631385326385498047e+00,1.743470907211303711e+00,2.000669956207275391e+00,1.941518425941467285e+00,2.284826755523681641e+00,1.934576034545898438e+00,1.760932683944702148e+00,1.425177812576293945e+00,1.343623995780944824e+00,9.707535505294799805e-01,1.015810608863830566e+00,8.343936204910278320e-01,9.166653156280517578e-01,1.151614427566528320e+00,1.300120234489440918e+00,1.653716206550598145e+00,1.880785822868347168e+00,2.233208179473876953e+00,2.402801036834716797e+00,2.733107805252075195e+00
1.086207866668701172e+00,8.474581837654113770e-01,5.561612844467163086e-01,3.769353628158569336e-01,0.000000000000000000e+00,3.748463988304138184e-01,5.847539305686950684e-01,8.936573863029479980e-01,1.186089515686035156e+00,1.508473515510559082e+00,1.804562807083129883e+00,2.139543771743774414e+00,2.417171478271484375e+00,2.637716054916381836e+00,3.005220651626586914e+00,1.457757472991943359e+00,1.091770172119140625e+00,1.170640110969543457e+00,8.365509510040283203e-01,1.026273965835571289e+00,1.070280432701110840e+00,1.165782332420349121e+00,1.492022633552551270e+00,1.548080205917358398e+00,1.925688028335571289e+00,2.050009489059448242e+00,2.416352987289428711e+00,2.569109678268432617e+00,2.733814001083374023e+00,3.115482091903686523e+00,2.489860534667968750e+00,2.110163450241088867e+00,2.105178117752075195e+00,1.755122303962707520e+00,1.743215799331665039e+00,1.710316181182861328e+00,1.549964547157287598e+00,1.796044707298278809e+00,1.636527180671691895e+00,1.933207035064697266e+00,1.920472979545593262e+00,2.202851295471191406e+00,2.306275367736816406e+00,2.327403306961059570e+00,2.713894844055175781e+00,2.766605377197265625e+00,2.442932844161987305e+00,2.274583339691162109e+00,2.007810831069946289e+00,1.772131562232971191e+00,1.744327783584594727e+00,1.418020009994506836e+00,1.551024198532104492e+00,1.381180524826049805e+00,1.524845957756042480e+00,1.583047509193420410e+00,1.731352329254150391e+00,1.940541267395019531e+00,1.871416330337524414e+00,2.233687877655029297e+00,2.177776098251342773e+00,1.952823519706726074e+00,1.650466561317443848e+00,1.495679378509521484e+00,1.135743498802185059e+00,1.133658647537231445e+00,8.476195335388183594e-01,9.266536831855773926e-01,1.035930633544921875e+00,1.172837257385253906e+00,1.478854060173034668e+00,1.687079429626464844e+00,2.032861471176147461e+00,2.155546426773071289e+00,2.497150897979736328e+00
1.316621899604797363e+00,1.104905486106872559e+00,8.475543260574340820e-01,5.938937067985534668e-01,3.748463988304138184e-01,0.000000000000000000e+00,3.634424209594726562e-01,5.967479348182678223e-01,8.858587145805358887e-01,1.207461714744567871e+00,1.488777399063110352e+00,1.834328055381774902e+00,2.097083330154418945e+00,2.343168497085571289e+00,2.700889825820922852e+00,1.615097880363464355e+00,1.279631853103637695e+00,1.287558913230895996e+00,9.243496656417846680e-01,1.052020549774169922e+00,9.608195424079895020e-01,1.032754778861999512e+00,1.293144226074218750e+00,1.302056312561035156e+00,1.668101668357849121e+00,1.757703185081481934e+00,2.127374887466430664e+00,2.254593610763549805e+00,2.437844038009643555e+00,2.808814764022827148e+00,2.527028560638427734e+00,2.159931182861328125e+00,2.123495101928710938e+00,1.753689289093017578e+00,1.720970034599304199e+00,1.607614994049072266e+00,1.432209372520446777e+00,1.616027951240539551e+00,1.404142737388610840e+00,1.679182529449462891e+00,1.620156645774841309e+00,1.902661085128784180e+00,1.977048516273498535e+00,2.012638807296752930e+00,2.395236968994140625e+00,2.799076318740844727e+00,2.475677728652954102e+00,2.287028312683105469e+00,1.993829488754272461e+00,1.749257683753967285e+00,1.642869472503662109e+00,1.296099901199340820e+00,1.358356356620788574e+00,1.117776989936828613e+00,1.229549884796142578e+00,1.236103653907775879e+00,1.382444381713867188e+00,1.573893427848815918e+00,1.514360785484313965e+00,1.886174678802490234e+00,2.267065286636352539e+00,2.030746459960937500e+00,1.724500894546508789e+00,1.523322105407714844e+00,1.168227672576904297e+00,1.043482899665832520e+00,7.071703672409057617e-01,6.584604382514953613e-01,6.971008181571960449e-01,7.989531755447387695e-01,1.108629703521728516e+00,1.325312256813049316e+00,1.671121120452880859e+00,1.818027138710021973e+00,2.158794164657592773e+00
1.639592409133911133e+00,1.393483400344848633e+00,1.133371233940124512e+00,8.723849654197692871e-01,5.847539305686950684e-01,3.634424209594726562e-01,0.000000000000000000e+00,3.815231323242187500e-01,6.079455614089965820e-01,9.425013661384582520e-01,1.227862954139709473e+00,1.561053991317749023e+00,1.839880347251892090e+00,2.054162502288818359e+00,2.421756267547607422e+00,1.559998750686645508e+00,1.241762876510620117e+00,1.143463730812072754e+00,7.712109684944152832e-01,7.810697555541992188e-01,6.331709027290344238e-01,6.704894304275512695e-01,9.381262660026550293e-01,9.842512011528015137e-01,1.359025359153747559e+00,1.501216053962707520e+00,1.873705506324768066e+00,2.045432806015014648e+00,2.246419906616210938e+00,2.619466066360473633e+00,2.202972412109375000e+00,1.845906734466552734e+00,1.794747352600097656e+00,1.420314192771911621e+00,1.395441293716430664e+00,1.264322161674499512e+00,1.124797940254211426e+00,1.326057672500610352e+00,1.162910580635070801e+00,1.481623172760009766e+00,1.479115843772888184e+00,1.806419849395751953e+00,1.917248368263244629e+00,2.019281625747680664e+00,2.406899213790893555e+00,2.600612163543701172e+00,2.259944438934326172e+00,2.103497266769409180e+00,1.778859138488769531e+00,1.582860589027404785e+00,1.457843422889709473e+00,1.144798874855041504e+00,1.254160046577453613e+00,1.012383341789245605e+00,1.211909651756286621e+00,1.208540678024291992e+00,1.432287216186523438e+00,1.593985557556152344e+00,1.585026502609252930e+00,1.973187327384948730e+00,2.330232858657836914e+00,2.047447204589843750e+00,1.788949370384216309e+00,1.526404261589050293e+00,1.218791604042053223e+00,1.079547166824340820e+00,7.112630605697631836e-01,7.393020987510681152e-01,6.267489194869995117e-01,8.018071651458740234e-01,1.012095689773559570e+00,1.257289290428161621e+00,1.561220169067382812e+00,1.669228315353393555e+00,2.040150880813598633e+00
1.897521018981933594e+00,1.697357058525085449e+00,1.414449691772460938e+00,1.183291792869567871e+00,8.936573863029479980e-01,5.967479348182678223e-01,3.815231323242187500e-01,0.000000000000000000e+00,3.829900622367858887e-01,6.285793185234069824e-01,9.573385119438171387e-01,1.272422552108764648e+00,1.569279193878173828e+00,1.819994688034057617e+00,2.163432836532592773e+00,1.612130045890808105e+00,1.356319427490234375e+00,1.219025373458862305e+00,8.933892250061035156e-01,8.883080482482910156e-01,6.049137711524963379e-01,7.061331272125244141e-01,8.312271833419799805e-01,8.922219276428222656e-01,1.229168295860290527e+00,1.365533947944641113e+00,1.740376472473144531e+00,1.894228339195251465e+00,2.146867275238037109e+00,2.493594169616699219e+00,2.263519048690795898e+00,1.929801821708679199e+00,1.890386223793029785e+00,1.516136288642883301e+00,1.526933908462524414e+00,1.327946543693542480e+00,1.239870905876159668e+00,1.371345043182373047e+00,1.186821818351745605e+00,1.479464292526245117e+00,1.424685239791870117e+00,1.756396412849426270e+00,1.814283490180969238e+00,1.950618267059326172e+00,2.317665576934814453e+00,2.838637828826904297e+00,2.495434284210205078e+00,2.348107576370239258e+00,2.002693414688110352e+00,1.830361604690551758e+00,1.645577192306518555e+00,1.348867654800415039e+00,1.390744447708129883e+00,1.076944470405578613e+00,1.226540923118591309e+00,1.106472492218017578e+00,1.307690739631652832e+00,1.385309100151062012e+00,1.352855205535888672e+00,1.733726143836975098e+00,2.654576539993286133e+00,2.370726108551025391e+00,2.114319562911987305e+00,1.836182355880737305e+00,1.542267441749572754e+00,1.340382695198059082e+00,9.780344963073730469e-01,8.796125054359436035e-01,6.157286167144775391e-01,6.343677639961242676e-01,7.315202355384826660e-01,9.201939105987548828e-01,1.215196609497070312e+00,1.295987010002136230e+00,1.664631247520446777e+00
2.200982570648193359e+00,1.967572331428527832e+00,1.721570253372192383e+00,1.442599773406982422e+00,1.186089515686035156e+00,8.858587145805358887e-01,6.079455614089965820e-01,3.829900622367858887e-01,0.000000000000000000e+00,3.767234086990356445e-01,6.200211048126220703e-01,9.603437781333923340e-01,1.233227133750915527e+00,1.464218497276306152e+00,1.822214961051940918e+00,1.896878600120544434e+00,1.653770327568054199e+00,1.453910827636718750e+00,1.145414829254150391e+00,1.016226410865783691e+00,6.718748211860656738e-01,5.986486077308654785e-01,5.680875182151794434e-01,5.346587896347045898e-01,8.522299528121948242e-01,9.880637526512145996e-01,1.361961007118225098e+00,1.534710407257080078e+00,1.795288324356079102e+00,2.139729738235473633e+00,2.166789293289184570e+00,1.866740465164184570e+00,1.766502141952514648e+00,1.405890345573425293e+00,1.365650415420532227e+00,1.094114780426025391e+00,1.004499197006225586e+00,1.059751033782958984e+00,8.766459822654724121e-01,1.161608338356018066e+00,1.134031057357788086e+00,1.488644123077392578e+00,1.575566887855529785e+00,1.771410822868347168e+00,2.132004737854003906e+00,2.656360864639282227e+00,2.322075366973876953e+00,2.176680803298950195e+00,1.819475531578063965e+00,1.675660252571105957e+00,1.438546299934387207e+00,1.186924457550048828e+00,1.204458117485046387e+00,8.909190297126770020e-01,1.082836031913757324e+00,9.581830501556396484e-01,1.232002496719360352e+00,1.295219540596008301e+00,1.359717130661010742e+00,1.739228487014770508e+00,2.646609783172607422e+00,2.340974092483520508e+00,2.124123811721801758e+00,1.805279374122619629e+00,1.570626258850097656e+00,1.327030777931213379e+00,1.001091122627258301e+00,9.207172989845275879e-01,5.683663487434387207e-01,6.618964672088623047e-01,6.129609346389770508e-01,8.757130503654479980e-01,1.081195712089538574e+00,1.174829483032226562e+00,1.567924141883850098e+00
2.517991065979003906e+00,2.308052062988281250e+00,2.039530992507934570e+00,1.786439180374145508e+00,1.508473515510559082e+00,1.207461714744567871e+00,9.425013661384582520e-01,6.285793185234069824e-01,3.767234086990356445e-01,0.000000000000000000e+00,3.841130137443542480e-01,6.471660733222961426e-01,9.677167534828186035e-01,1.221537709236145020e+00,1.547214031219482422e+00,1.988998770713806152e+00,1.806991577148437500e+00,1.572365045547485352e+00,1.326249599456787109e+00,1.182248592376708984e+00,8.086225390434265137e-01,7.947388887405395508e-01,5.948573350906372070e-01,6.258677244186401367e-01,8.040305972099304199e-01,9.598020315170288086e-01,1.300407767295837402e+00,1.470721840858459473e+00,1.788205027580261230e+00,2.089215993881225586e+00,2.183363676071166992e+00,1.921549916267395020e+00,1.840358018875122070e+00,1.506137013435363770e+00,1.514904499053955078e+00,1.214346170425415039e+00,1.211488962173461914e+00,1.211523532867431641e+00,1.071306228637695312e+00,1.308844327926635742e+00,1.262143015861511230e+00,1.603235363960266113e+00,1.646250605583190918e+00,1.886463522911071777e+00,2.210434198379516602e+00,2.888003826141357422e+00,2.553131341934204102e+00,2.435479164123535156e+00,2.068849325180053711e+00,1.967121720314025879e+00,1.708280682563781738e+00,1.499587059020996094e+00,1.492422223091125488e+00,1.173647522926330566e+00,1.324255943298339844e+00,1.118428230285644531e+00,1.356358647346496582e+00,1.316657662391662598e+00,1.369985938072204590e+00,1.713220357894897461e+00,3.005774736404418945e+00,2.694650888442993164e+00,2.489767789840698242e+00,2.162623167037963867e+00,1.942240357398986816e+00,1.687354087829589844e+00,1.372514963150024414e+00,1.259338378906250000e+00,8.842926621437072754e-01,8.563914299011230469e-01,6.297731995582580566e-01,7.600789666175842285e-01,8.633261919021606445e-01,8.664284348487854004e-01,1.264813899993896484e+00
2.795413494110107422e+00,2.569111108779907227e+00,2.333177328109741211e+00,2.046446323394775391e+00,1.804562807083129883e+00,1.488777399063110352e+00,1.227862954139709473e+00,9.573385119438171387e-01,6.200211048126220703e-01,3.841130137443542480e-01,0.000000000000000000e+00,3.747309744358062744e-01,6.150205731391906738e-01,8.813942670822143555e-01,1.215908288955688477e+00,2.359909534454345703e+00,2.174316883087158203e+00,1.925326108932495117e+00,1.676412463188171387e+00,1.490631699562072754e+00,1.124225258827209473e+00,1.007969737052917480e+00,7.109630703926086426e-01,5.797863602638244629e-01,5.713390707969665527e-01,6.449507474899291992e-01,9.498929381370544434e-01,1.108899593353271484e+00,1.446510553359985352e+00,1.725618124008178711e+00,2.293925046920776367e+00,2.073090553283691406e+00,1.934990763664245605e+00,1.633733749389648438e+00,1.583518624305725098e+00,1.232522130012512207e+00,1.215636730194091797e+00,1.096880912780761719e+00,9.531206488609313965e-01,1.103750705718994141e+00,1.052332520484924316e+00,1.373568534851074219e+00,1.419045805931091309e+00,1.711710333824157715e+00,2.005987882614135742e+00,2.834213256835937500e+00,2.524186849594116211e+00,2.398077726364135742e+00,2.040534257888793945e+00,1.956235885620117188e+00,1.652082443237304688e+00,1.495545029640197754e+00,1.434387683868408203e+00,1.140705466270446777e+00,1.272555947303771973e+00,1.060248017311096191e+00,1.319586753845214844e+00,1.254182815551757812e+00,1.399572968482971191e+00,1.712836384773254395e+00,3.051846504211425781e+00,2.738547563552856445e+00,2.562686443328857422e+00,2.219599246978759766e+00,2.049336194992065430e+00,1.762321472167968750e+00,1.501364946365356445e+00,1.382064223289489746e+00,1.005246520042419434e+00,9.996627569198608398e-01,6.971407532691955566e-01,8.484500646591186523e-01,8.115168213844299316e-01,8.566309809684753418e-01,1.232151746749877930e+00
3.145782470703125000e+00,2.924886465072631836e+00,2.674234628677368164e+00,2.400903224945068359e+00,2.139543771743774414e+00,1.834328055381774902e+00,1.561053991317749023e+00,1.272422552108764648e+00,9.603437781333923340e-01,6.471660733222961426e-01,3.747309744358062744e-01,0.000000000000000000e+00,3.728838562965393066e-01,6.185803413391113281e-01,9.052950739860534668e-01,2.528345823287963867e+00,2.387819766998291016e+00,2.109723567962646484e+00,1.910202622413635254e+00,1.703445911407470703e+00,1.346051216125488281e+00,1.253349542617797852e+00,9.009962677955627441e-01,8.464600443840026855e-01,6.958144903182983398e-01,7.913623452186584473e-01,9.778780341148376465e-01,1.142604231834411621e+00,1.511295914649963379e+00,1.724959492683410645e+00,2.304728507995605469e+00,2.134572982788085938e+00,2.006573915481567383e+00,1.749896407127380371e+00,1.735383749008178711e+00,1.386135697364807129e+00,1.444981694221496582e+00,1.303132057189941406e+00,1.233613371849060059e+00,1.346059679985046387e+00,1.317313075065612793e+00,1.604718565940856934e+00,1.631212115287780762e+00,1.954499244689941406e+00,2.205077648162841797e+00,3.018315553665161133e+00,2.713008880615234375e+00,2.621574640274047852e+00,2.263937234878540039e+00,2.226714849472045898e+00,1.922847628593444824e+00,1.812260389328002930e+00,1.759095668792724609e+00,1.490612387657165527e+00,1.615233421325683594e+00,1.388156294822692871e+00,1.618579387664794922e+00,1.493176460266113281e+00,1.632059931755065918e+00,1.897065639495849609e+00,3.388362884521484375e+00,3.065863370895385742e+00,2.909743070602416992e+00,2.558181524276733398e+00,2.405435085296630859e+00,2.124535799026489258e+00,1.868351936340332031e+00,1.756664156913757324e+00,1.379283428192138672e+00,1.346964001655578613e+00,1.008582592010498047e+00,1.055524468421936035e+00,8.988999128341674805e-01,8.203788399696350098e-01,1.140375971794128418e+00
3.394212245941162109e+00,3.167216539382934570e+00,2.942902803421020508e+00,2.647241830825805664e+00,2.417171478271484375e+00,2.097083330154418945e+00,1.839880347251892090e+00,1.569279193878173828e+00,1.233227133750915527e+00,9.677167534828186035e-01,6.150205731391906738e-01,3.728838562965393066e-01,0.000000000000000000e+00,3.820303976535797119e-01,6.269427537918090820e-01,2.896090507507324219e+00,2.744083642959594727e+00,2.469148397445678711e+00,2.254606008529663086e+00,2.038908004760742188e+00,1.683514118194580078e+00,1.545511603355407715e+00,1.188595652580261230e+00,1.042442917823791504e+00,7.866635322570800781e-01,7.342458367347717285e-01,7.821257710456848145e-01,8.791099190711975098e-01,1.258514881134033203e+00,1.413869142532348633e+00,2.547728300094604492e+00,2.405230998992919922e+00,2.237669706344604492e+00,2.006255149841308594e+00,1.943127274513244629e+00,1.576882719993591309e+00,1.604852318763732910e+00,1.380242466926574707e+00,1.300583481788635254e+00,1.308471679687500000e+00,1.259587287902832031e+00,1.482764601707458496e+00,1.491348743438720703e+00,1.843184709548950195e+00,2.044039487838745117e+00,3.068726062774658203e+00,2.794407367706298828e+00,2.688741683959960938e+00,2.351979732513427734e+00,2.318825721740722656e+00,1.987107992172241211e+00,1.913806676864624023e+00,1.809126377105712891e+00,1.571157813072204590e+00,1.655945420265197754e+00,1.432877063751220703e+00,1.647846817970275879e+00,1.502684235572814941e+00,1.703238487243652344e+00,1.924722790718078613e+00,3.475984573364257812e+00,3.162261724472045898e+00,3.024962902069091797e+00,2.672318458557128906e+00,2.555168390274047852e+00,2.252014636993408203e+00,2.041748285293579102e+00,1.916202425956726074e+00,1.556261777877807617e+00,1.526709675788879395e+00,1.176140904426574707e+00,1.228420972824096680e+00,9.960762858390808105e-01,9.796217679977416992e-01,1.221769571304321289e+00
3.647107601165771484e+00,3.395792722702026367e+00,3.177325963973999023e+00,2.874103307723999023e+00,2.637716054916381836e+00,2.343168497085571289e+00,2.054162502288818359e+00,1.819994688034057617e+00,1.464218497276306152e+00,1.221537709236145020e+00,8.813942670822143555e-01,6.185803413391113281e-01,3.820303976535797119e-01,0.000000000000000000e+00,3.969746232032775879e-01,3.059985637664794922e+00,2.916321277618408203e+00,2.611732482910156250e+00,2.419202804565429688e+00,2.158076763153076172e+00,1.830284237861633301e+00,1.653679728507995605e+00,1.277526259422302246e+00,1.150904774665832520e+00,8.133651018142700195e-01,8.155778646469116211e-01,7.358394265174865723e-01,9.125938415527343750e-01,1.245993733406066895e+00,1.364807724952697754e+00,2.422099828720092773e+00,2.331607818603515625e+00,2.137041807174682617e+00,1.961688756942749023e+00,1.888460278511047363e+00,1.535331726074218750e+00,1.611295461654663086e+00,1.365288734436035156e+00,1.382844448089599609e+00,1.379287004470825195e+00,1.422122240066528320e+00,1.638092517852783203e+00,1.705416917800903320e+00,2.075786113739013672e+00,2.265136718750000000e+00,2.949683904647827148e+00,2.690730571746826172e+00,2.622918605804443359e+00,2.298401594161987305e+00,2.323071241378784180e+00,2.005444049835205078e+00,2.000172615051269531e+00,1.932201862335205078e+00,1.755368232727050781e+00,1.887196183204650879e+00,1.718839049339294434e+00,1.966762661933898926e+00,1.852208375930786133e+00,2.073038578033447266e+00,2.297739744186401367e+00,3.564265966415405273e+00,3.235113620758056641e+00,3.139926433563232422e+00,2.774887800216674805e+00,2.699851512908935547e+00,2.419975280761718750e+00,2.230324029922485352e+00,2.158837318420410156e+00,1.811279654502868652e+00,1.838679790496826172e+00,1.512461543083190918e+00,1.595710039138793945e+00,1.376450300216674805e+00,1.330298304557800293e+00,1.555680274963378906e+00
4.005393028259277344e+00,3.766102313995361328e+00,3.541764736175537109e+00,3.244127511978149414e+00,3.005220651626586914e+00,2.700889825820922852e+00,2.421756267547607422e+00,2.163432836532592773e+00,1.822214961051940918e+00,1.547214031219482422e+00,1.215908288955688477e+00,9.052950739860534668e-01,6.269427537918090820e-01,3.969746232032775879e-01,0.000000000000000000e+00,3.367017507553100586e+00,3.248052120208740234e+00,2.940760612487792969e+00,2.767289400100708008e+00,2.514621496200561523e+00,2.184618711471557617e+00,2.032784700393676758e+00,1.652761578559875488e+00,1.543757796287536621e+00,1.210118055343627930e+00,1.177314877510070801e+00,1.030575871467590332e+00,1.113358974456787109e+00,1.424592137336730957e+00,1.435197234153747559e+00,2.700787305831909180e+00,2.643960952758789062e+00,2.462368726730346680e+00,2.312510013580322266e+00,2.257215738296508789e+00,1.914140462875366211e+00,2.003998279571533203e+00,1.750226736068725586e+00,1.764565706253051758e+00,1.723623156547546387e+00,1.735188961029052734e+00,1.899400472640991211e+00,1.921016812324523926e+00,2.291735410690307617e+00,2.426247358322143555e+00,3.281754732131958008e+00,3.038562297821044922e+00,2.979886531829833984e+00,2.666596174240112305e+00,2.701443910598754883e+00,2.380064010620117188e+00,2.383831262588500977e+00,2.294967174530029297e+00,2.115525245666503906e+00,2.212296247482299805e+00,2.017363071441650391e+00,2.224975109100341797e+00,2.063058614730834961e+00,2.276888132095336914e+00,2.449483156204223633e+00,3.935224771499633789e+00,3.611370563507080078e+00,3.518975019454956055e+00,3.156323671340942383e+00,3.084394931793212891e+00,2.794686317443847656e+00,2.609154701232910156e+00,2.514648914337158203e+00,2.163719415664672852e+00,2.152608871459960938e+00,1.801555395126342773e+00,1.825804352760314941e+00,1.547047972679138184e+00,1.463987827301025391e+00,1.597498774528503418e+00
2.082808971405029297e+00,2.003427028656005859e+00,1.651800274848937988e+00,1.770682573318481445e+00,1.457757472991943359e+00,1.615097880363464355e+00,1.559998750686645508e+00,1.612130045890808105e+00,1.896878600120544434e+00,1.988998770713806152e+00,2.359909534454345703e+00,2.528345823287963867e+00,2.896090507507324219e+00,3.059985637664794922e+00,3.367017507553100586e+00,0.000000000000000000e+00,3.802848458290100098e-01,5.296400189399719238e-01,8.314893841743469238e-01,1.096188783645629883e+00,1.330179095268249512e+00,1.657853126525878906e+00,1.913096427917480469e+00,2.217957258224487305e+00,2.532902479171752930e+00,2.812196254730224609e+00,3.164028406143188477e+00,3.399801015853881836e+00,3.660162210464477539e+00,4.008010864257812500e+00,2.143001794815063477e+00,1.823573708534240723e+00,2.071540594100952148e+00,1.836872339248657227e+00,2.099282979965209961e+00,2.177160978317260742e+00,2.270234346389770508e+00,2.582932472229003906e+00,2.579268217086791992e+00,2.942151308059692383e+00,2.987297773361206055e+00,3.336014032363891602e+00,3.423478841781616211e+00,3.539410352706909180e+00,3.911873579025268555e+00,3.521805763244628906e+00,3.152525186538696289e+00,3.148860692977905273e+00,2.848710536956787109e+00,2.779203891754150391e+00,2.786624908447265625e+00,2.555574178695678711e+00,2.766945838928222656e+00,2.563354492187500000e+00,2.765103101730346680e+00,2.701640129089355469e+00,2.857253074645996094e+00,2.918078660964965820e+00,2.764648437500000000e+00,3.086213111877441406e+00,3.441684484481811523e+00,3.177014827728271484e+00,2.952910661697387695e+00,2.772808074951171875e+00,2.475091218948364258e+00,2.505313158035278320e+00,2.178541898727416992e+00,2.251436948776245117e+00,2.158364772796630859e+00,2.182461500167846680e+00,2.293991804122924805e+00,2.327302694320678711e+00,2.595159292221069336e+00,2.493782997131347656e+00,2.775165319442749023e+00
1.769981026649475098e+00,1.654995322227478027e+00,1.305922269821166992e+00,1.403120875358581543e+00,1.091770172119140625e+00,1.279631853103637695e+00,1.241762876510620117e+00,1.356319427490234375e+00,1.653770327568054199e+00,1.806991577148437500e+00,2.174316883087158203e+00,2.387819766998291016e+00,2.744083642959594727e+00,2.916321277618408203e+00,3.248052120208740234e+00,3.802848458290100098e-01,0.000000000000000000e+00,3.787102997303009033e-01,5.396416783332824707e-01,8.596737980842590332e-01,1.112144827842712402e+00,1.412146806716918945e+00,1.711710214614868164e+00,1.980736851692199707e+00,2.320997714996337891e+00,2.580137729644775391e+00,2.940080881118774414e+00,3.168307781219482422e+00,3.405784845352172852e+00,3.767222166061401367e+00,2.101250648498535156e+00,1.747043013572692871e+00,1.939296245574951172e+00,1.667768597602844238e+00,1.878427863121032715e+00,1.951088309288024902e+00,1.996832251548767090e+00,2.315223932266235352e+00,2.292361736297607422e+00,2.653020381927490234e+00,2.699464797973632812e+00,3.041163682937622070e+00,3.142226219177246094e+00,3.241948127746582031e+00,3.622107505798339844e+00,3.234304428100585938e+00,2.870059490203857422e+00,2.838476181030273438e+00,2.545069217681884766e+00,2.448342084884643555e+00,2.462020874023437500e+00,2.218200206756591797e+00,2.431385517120361328e+00,2.243262290954589844e+00,2.447508811950683594e+00,2.415869474411010742e+00,2.580631256103515625e+00,2.678056716918945312e+00,2.546514749526977539e+00,2.886521577835083008e+00,3.067631721496582031e+00,2.807187557220458984e+00,2.575769186019897461e+00,2.401292085647583008e+00,2.099001407623291016e+00,2.138934612274169922e+00,1.821566343307495117e+00,1.913758039474487305e+00,1.854515314102172852e+00,1.912927031517028809e+00,2.066312789916992188e+00,2.147361755371093750e+00,2.440023660659790039e+00,2.389146804809570312e+00,2.699588060379028320e+00
2.023498296737670898e+00,1.857784628868103027e+00,1.513938069343566895e+00,1.522660851478576660e+00,1.170640110969543457e+00,1.287558913230895996e+00,1.143463730812072754e+00,1.219025373458862305e+00,1.453910827636718750e+00,1.572365045547485352e+00,1.925326108932495117e+00,2.109723567962646484e+00,2.469148397445678711e+00,2.611732482910156250e+00,2.940760612487792969e+00,5.296400189399719238e-01,3.787102997303009033e-01,0.000000000000000000e+00,3.769679367542266846e-01,5.689188241958618164e-01,8.366991877555847168e-01,1.141866445541381836e+00,1.414146542549133301e+00,1.720130085945129395e+00,2.037397146224975586e+00,2.327055215835571289e+00,2.673983812332153320e+00,2.926021575927734375e+00,3.172973394393920898e+00,3.526374340057373047e+00,1.765907645225524902e+00,1.415577411651611328e+00,1.610407710075378418e+00,1.339316606521606445e+00,1.582678794860839844e+00,1.649052739143371582e+00,1.743613839149475098e+00,2.059616565704345703e+00,2.076641559600830078e+00,2.446330308914184570e+00,2.522263288497924805e+00,2.881068229675292969e+00,2.999163150787353516e+00,3.139571428298950195e+00,3.518845319747924805e+00,3.042371273040771484e+00,2.668391704559326172e+00,2.661106348037719727e+00,2.346351623535156250e+00,2.288902759552001953e+00,2.283233165740966797e+00,2.070417165756225586e+00,2.296475172042846680e+00,2.109371185302734375e+00,2.347102880477905273e+00,2.306369781494140625e+00,2.509463787078857422e+00,2.589820623397827148e+00,2.495252847671508789e+00,2.847701549530029297e+00,3.075793504714965820e+00,2.781617879867553711e+00,2.578237533569335938e+00,2.356942176818847656e+00,2.082336425781250000e+00,2.094035863876342773e+00,1.762804746627807617e+00,1.869292855262756348e+00,1.750303864479064941e+00,1.830978631973266602e+00,1.928704977035522461e+00,2.021135091781616211e+00,2.277475595474243164e+00,2.199701786041259766e+00,2.526974201202392578e+00
1.794201970100402832e+00,1.596635580062866211e+00,1.258646607398986816e+00,1.202997803688049316e+00,8.365509510040283203e-01,9.243496656417846680e-01,7.712109684944152832e-01,8.933892250061035156e-01,1.145414829254150391e+00,1.326249599456787109e+00,1.676412463188171387e+00,1.910202622413635254e+00,2.254606008529663086e+00,2.419202804565429688e+00,2.767289400100708008e+00,8.314893841743469238e-01,5.396416783332824707e-01,3.769679367542266846e-01,0.000000000000000000e+00,3.744254708290100098e-01,5.926234722137451172e-01,8.771179914474487305e-01,1.188624143600463867e+00,1.443813920021057129e+00,1.789314508438110352e+00,2.046707868576049805e+00,2.405536174774169922e+00,2.639312028884887695e+00,2.871485948562622070e+00,3.234492540359497070e+00,1.854353547096252441e+00,1.483188152313232422e+00,1.592082381248474121e+00,1.265720248222351074e+00,1.430454015731811523e+00,1.449442028999328613e+00,1.479516267776489258e+00,1.783281326293945312e+00,1.758767843246459961e+00,2.122068166732788086e+00,2.182766675949096680e+00,2.534100532531738281e+00,2.653718948364257812e+00,2.780539512634277344e+00,3.163711547851562500e+00,2.840816020965576172e+00,2.471372365951538086e+00,2.419529914855957031e+00,2.099444866180419922e+00,2.000823974609375000e+00,1.972865700721740723e+00,1.732510209083557129e+00,1.940526485443115234e+00,1.747613191604614258e+00,1.979149937629699707e+00,1.953862071037292480e+00,2.161674499511718750e+00,2.267760992050170898e+00,2.192939281463623047e+00,2.558703422546386719e+00,2.771730899810791016e+00,2.479350566864013672e+00,2.258310556411743164e+00,2.028362751007080078e+00,1.740309715270996094e+00,1.728761076927185059e+00,1.390975952148437500e+00,1.493139743804931641e+00,1.387107014656066895e+00,1.490443587303161621e+00,1.621649742126464844e+00,1.755822181701660156e+00,2.034161567687988281e+00,2.009746551513671875e+00,2.358202457427978516e+00
2.057630538940429688e+00,1.812528252601623535e+00,1.510320425033569336e+00,1.379114985466003418e+00,1.026273965835571289e+00,1.052020549774169922e+00,7.810697555541992188e-01,8.883080482482910156e-01,1.016226410865783691e+00,1.182248592376708984e+00,1.490631699562072754e+00,1.703445911407470703e+00,2.038908004760742188e+00,2.158076763153076172e+00,2.514621496200561523e+00,1.096188783645629883e+00,8.596737980842590332e-01,5.689188241958618164e-01,3.744254708290100098e-01,0.000000000000000000e+00,3.736578524112701416e-01,5.890371203422546387e-01,9.007386565208435059e-01,1.188993215560913086e+00,1.513159036636352539e+00,1.806389451026916504e+00,2.147151708602905273e+00,2.413664340972900391e+00,2.640123367309570312e+00,3.000526428222656250e+00,1.539736032485961914e+00,1.170582890510559082e+00,1.241520881652832031e+00,9.017716646194458008e-01,1.076202392578125000e+00,1.097997784614562988e+00,1.176773309707641602e+00,1.491629481315612793e+00,1.527840256690979004e+00,1.903138160705566406e+00,2.015579462051391602e+00,2.382411718368530273e+00,2.536771774291992188e+00,2.703815460205078125e+00,3.086527109146118164e+00,2.570030212402343750e+00,2.193903446197509766e+00,2.168317317962646484e+00,1.831649303436279297e+00,1.780474424362182617e+00,1.744170308113098145e+00,1.552443504333496094e+00,1.788842558860778809e+00,1.623681306838989258e+00,1.903575181961059570e+00,1.894351124763488770e+00,2.152760505676269531e+00,2.257698535919189453e+00,2.240311861038208008e+00,2.617800474166870117e+00,2.719021797180175781e+00,2.394589185714721680e+00,2.216349840164184570e+00,1.943216919898986816e+00,1.704615473747253418e+00,1.679036021232604980e+00,1.351609230041503906e+00,1.495195031166076660e+00,1.342885375022888184e+00,1.501226186752319336e+00,1.578598976135253906e+00,1.750249505043029785e+00,1.983636021614074707e+00,1.949446558952331543e+00,2.320211410522460938e+00
2.147835731506347656e+00,1.908605694770812988e+00,1.607573509216308594e+00,1.420711278915405273e+00,1.070280432701110840e+00,9.608195424079895020e-01,6.331709027290344238e-01,6.049137711524963379e-01,6.718748211860656738e-01,8.086225390434265137e-01,1.124225258827209473e+00,1.346051216125488281e+00,1.683514118194580078e+00,1.830284237861633301e+00,2.184618711471557617e+00,1.330179095268249512e+00,1.112144827842712402e+00,8.366991877555847168e-01,5.926234722137451172e-01,3.736578524112701416e-01,0.000000000000000000e+00,3.677943646907806396e-01,6.028264164924621582e-01,8.884054422378540039e-01,1.211317539215087891e+00,1.490558028221130371e+00,1.840009450912475586e+00,2.089914798736572266e+00,2.340750217437744141e+00,2.690276384353637695e+00,1.678268432617187500e+00,1.339880108833312988e+00,1.347928881645202637e+00,9.835757017135620117e-01,1.101673364639282227e+00,9.935555458068847656e-01,1.053745031356811523e+00,1.298128128051757812e+00,1.288780093193054199e+00,1.649658083915710449e+00,1.728064417839050293e+00,2.097713947296142578e+00,2.228121280670166016e+00,2.415461778640747070e+00,2.787571430206298828e+00,2.618333339691162109e+00,2.247942447662353516e+00,2.189491510391235352e+00,1.830161452293395996e+00,1.759478449821472168e+00,1.645314574241638184e+00,1.436738848686218262e+00,1.612140655517578125e+00,1.394276857376098633e+00,1.655315160751342773e+00,1.598679065704345703e+00,1.859808683395385742e+00,1.933964967727661133e+00,1.931890487670898438e+00,2.306913375854492188e+00,2.761774778366088867e+00,2.434983730316162109e+00,2.243156671524047852e+00,1.941893100738525391e+00,1.699829816818237305e+00,1.592848539352416992e+00,1.245741128921508789e+00,1.318265557289123535e+00,1.088716030120849609e+00,1.215696454048156738e+00,1.237756013870239258e+00,1.406812071800231934e+00,1.620617151260375977e+00,1.591642141342163086e+00,1.970733880996704102e+00
