,A1,A2,A3,A4,A5,A6,A7,A8,A9,A10,A11,A12,A13,A14,A15,B1,B2,B3,B4,B5,B6,B7,B8,B9,B10,B11,B12,B13,B14,B15,C1,C2,C3,C4,C5,C6,C7,C8,C9,C10,C11,C12,C13,C14,C15,D1,D2,D3,D4,D5,D6,D7,D8,D9,D10,D11,D12,D13,D14,D15,E1,E2,E3,E4,E5,E6,E7,E8,E9,E10,E11,E12,E13,E14,E15
A1,0.0,0.39646413922309875,0.7582969069480896,0.9695733189582825,1.204000473022461,1.5248327255249023,1.6650975942611694,2.045638084411621,2.216830253601074,2.582348585128784,2.8255932331085205,3.146301507949829,3.429513692855835,3.558626413345337,3.948439836502075,4.3373003005981445,3.987820863723755,3.9035611152648926,3.556032657623291,3.472449779510498,3.156827688217163,2.922837257385254,2.6957767009735107,2.344449996948242,2.233534336090088,1.8579124212265015,1.8490804433822632,1.52223539352417,1.634908676147461,1.627817988395691,4.326364040374756,3.9870870113372803,3.8890199661254883,3.565067768096924,3.513526201248169,3.236412525177002,3.0190675258636475,2.8363819122314453,2.4788870811462402,2.4246740341186523,2.0651748180389404,2.099260091781616,1.8052353858947754,1.8988940715789795,1.9501038789749146,0.5135265588760376,0.720183253288269,1.0171642303466797,1.0794051885604858,1.4085009098052979,1.6528576612472534,1.8154966831207275,2.182187080383301,2.3213038444519043,2.69851016998291,2.902251958847046,3.242440700531006,3.4987001419067383,3.625469923019409,3.998457670211792,4.1104350090026855,3.7346692085266113,3.526998281478882,3.204413890838623,3.022568941116333,2.67387056350708,2.522225856781006,2.1902379989624023,1.985732913017273,1.7095232009887695,1.45283043384552,1.3238712549209595,1.0664736032485962,1.3063429594039917,1.2200464010238647
A2,0.39646413922309875,0.0,0.3959183692932129,0.6464187502861023,0.8237764835357666,1.16361665725708,1.3150237798690796,1.6939764022827148,1.9005013704299927,2.2544050216674805,2.5261998176574707,2.841325044631958,3.1471126079559326,3.2869858741760254,3.6728177070617676,4.125524520874023,3.767714262008667,3.6918277740478516,3.3606271743774414,3.2506799697875977,2.945495843887329,2.6796088218688965,2.4540607929229736,2.0865933895111084,1.952966332435608,1.5688118934631348,1.517246961593628,1.1718543767929077,1.249157190322876,1.2568819522857666,4.103185176849365,3.7554357051849365,3.680925130844116,3.3764045238494873,3.3128740787506104,3.058420181274414,2.8137125968933105,2.6560800075531006,2.284289598464966,2.2461867332458496,1.8902944326400757,1.9186526536941528,1.6356383562088013,1.6801748275756836,1.7775596380233765,0.6853562593460083,0.6580503582954407,0.8039715886116028,0.768856406211853,1.134785532951355,1.3392279148101807,1.5476524829864502,1.8908900022506714,2.0540642738342285,2.426408529281616,2.6392569541931152,2.9917409420013428,3.257567882537842,3.4160122871398926,3.78225040435791,3.7878382205963135,3.413038492202759,3.18774676322937,2.863572120666504,2.6872031688690186,2.333087921142578,2.212968349456787,1.8770359754562378,1.7128738164901733,1.4587074518203735,1.2519314289093018,1.1927134990692139,1.0340135097503662,1.35405433177948,1.3598650693893433
A3,0.7582969069480896,0.3959183692932129,0.0,0.38366490602493286,0.5350014567375183,0.8813076019287109,1.1177575588226318,1.4691932201385498,1.7369720935821533,2.0715036392211914,2.3726704120635986,2.692441701889038,3.01918888092041,3.1910812854766846,3.5679924488067627,4.0437092781066895,3.673919916152954,3.62772798538208,3.319075107574463,3.197995901107788,2.919807195663452,2.6201789379119873,2.422762870788574,2.03855299949646,1.9043588638305664,1.527533769607544,1.4247335195541382,1.0701900720596313,1.033806562423706,1.0612322092056274,3.979332447052002,3.620537281036377,3.585136890411377,3.301567316055298,3.250004768371582,3.0306365489959717,2.7744228839874268,2.6652958393096924,2.2905735969543457,2.297379732131958,1.9654215574264526,2.011207342147827,1.7638297080993652,1.7608925104141235,1.9095879793167114,1.071833610534668,0.9588940143585205,0.9654898047447205,0.8037525415420532,1.1782623529434204,1.2893911600112915,1.5413668155670166,1.8305429220199585,1.9967126846313477,2.357531785964966,2.554734230041504,2.9243268966674805,3.1807451248168945,3.3774256706237793,3.732926368713379,3.5599238872528076,3.1870193481445312,2.9331443309783936,2.625873565673828,2.4306910037994385,2.081820011138916,1.9861146211624146,1.633601188659668,1.5401853322982788,1.2808740139007568,1.1751887798309326,1.1393225193023682,1.1126502752304077,1.4556771516799927,1.498830795288086
A4,0.9695733189582825,0.6464187502861023,0.38366490602493286,0.0,0.37877535820007324,0.6118739247322083,0.883354902267456,1.213645339012146,1.4630478620529175,1.8073909282684326,2.0847296714782715,2.426356077194214,2.737708568572998,2.9366254806518555,3.311553478240967,3.719780921936035,3.345355272293091,3.3212664127349854,3.0178515911102295,2.9172792434692383,2.6599624156951904,2.3591623306274414,2.204458713531494,1.8159176111221313,1.7410531044006348,1.3908764123916626,1.3480985164642334,1.0654553174972534,1.0270605087280273,1.1809488534927368,3.6294760704040527,3.268719434738159,3.242593288421631,2.9592204093933105,2.9298179149627686,2.7243666648864746,2.484238862991333,2.408965826034546,2.0456783771514893,2.107240915298462,1.808912992477417,1.9192979335784912,1.7362217903137207,1.7717252969741821,1.9864901304244995,1.2869333028793335,1.1981054544448853,1.152716875076294,0.8847357630729675,1.2053910493850708,1.2224783897399902,1.4179936647415161,1.6731789112091064,1.778189778327942,2.1391477584838867,2.291853666305542,2.6693055629730225,2.8969204425811768,3.0996503829956055,3.452744960784912,3.252457857131958,2.8775758743286133,2.6357014179229736,2.341123342514038,2.122911214828491,1.7842538356781006,1.6489564180374146,1.2906574010849,1.1837646961212158,0.9021791815757751,0.8305926322937012,0.8125407695770264,0.8875718116760254,1.237930417060852,1.3546348810195923
A5,1.204000473022461,0.8237764835357666,0.5350014567375183,0.37877535820007324,0.0,0.3682619631290436,0.6066699028015137,0.938766598701477,1.2336506843566895,1.55086350440979,1.8687878847122192,2.182971715927124,2.5220682621002197,2.7084219455718994,3.0770158767700195,3.5954630374908447,3.222688913345337,3.185783624649048,2.90045428276062,2.7573578357696533,2.5020036697387695,2.1755259037017822,2.0015149116516113,1.6127309799194336,1.48707914352417,1.1409488916397095,1.0294842720031738,0.7476926445960999,0.657493531703949,0.8584606647491455,3.5257978439331055,3.164525032043457,3.1493897438049316,2.892146110534668,2.826186180114746,2.6382675170898438,2.3605775833129883,2.291644811630249,1.9205244779586792,1.9666635990142822,1.6767220497131348,1.7475346326828003,1.5748882293701172,1.5463991165161133,1.7833905220031738,1.412399411201477,1.215439796447754,1.0464078187942505,0.7162996530532837,0.987754762172699,0.9422073364257812,1.1919749975204468,1.4072587490081787,1.5631436109542847,1.904489517211914,2.0898404121398926,2.466261386871338,2.7200076580047607,2.9466898441314697,3.288945198059082,3.0349011421203613,2.6637141704559326,2.4069502353668213,2.094393014907837,1.9111263751983643,1.55715012550354,1.4918932914733887,1.1542643308639526,1.1099967956542969,0.9381039142608643,0.9313175082206726,1.0506906509399414,1.1629749536514282,1.5290453433990479,1.6934864521026611
A6,1.5248327255249023,1.16361665725708,0.8813076019287109,0.6118739247322083,0.3682619631290436,0.0,0.38928738236427307,0.630411684513092,0.9479188919067383,1.249061107635498,1.564263939857483,1.8899487257003784,2.227410078048706,2.444920301437378,2.803943634033203,3.2992448806762695,2.9213013648986816,2.9094722270965576,2.6445348262786865,2.5043718814849854,2.2816526889801025,1.9401805400848389,1.8160737752914429,1.4313069581985474,1.3571850061416626,1.0734639167785645,1.000404953956604,0.848717212677002,0.7261911034584045,1.0291121006011963,3.2014546394348145,2.8364429473876953,2.8453662395477295,2.6060996055603027,2.5517311096191406,2.39627742767334,2.1213290691375732,2.103911876678467,1.7513917684555054,1.8568938970565796,1.6224108934402466,1.7408784627914429,1.6464115381240845,1.6261961460113525,1.9186526536941528,1.7295554876327515,1.5380350351333618,1.3323789834976196,0.9636402130126953,1.134466290473938,0.9652202725410461,1.1536517143249512,1.2804641723632812,1.380492925643921,1.6978654861450195,1.8389804363250732,2.2225284576416016,2.451115846633911,2.7009940147399902,3.0311403274536133,2.6821913719177246,2.310621976852417,2.052072286605835,1.750680685043335,1.5500777959823608,1.20127534866333,1.1327749490737915,0.7945380806922913,0.8103914856910706,0.7055541276931763,0.8260846734046936,1.0218404531478882,1.2382739782333374,1.5792622566223145,1.8020150661468506
A7,1.6650975942611694,1.3150237798690796,1.1177575588226318,0.883354902267456,0.6066699028015137,0.38928738236427307,0.0,0.3856157064437866,0.634302020072937,0.9550915360450745,1.271371841430664,1.5784274339675903,1.9188929796218872,2.104027509689331,2.470764636993408,3.0310473442077637,2.6630454063415527,2.615791082382202,2.3482446670532227,2.1796622276306152,1.9398936033248901,1.5951074361801147,1.442641019821167,1.0590150356292725,0.968651533126831,0.7062428593635559,0.6823976039886475,0.6687651872634888,0.6687597036361694,1.0379005670547485,2.989441156387329,2.634612798690796,2.6159543991088867,2.3831474781036377,2.283134937286377,2.117649793624878,1.8143587112426758,1.7760181427001953,1.4182593822479248,1.5042041540145874,1.2860536575317383,1.3970868587493896,1.3489166498184204,1.3284251689910889,1.6576011180877686,1.7643178701400757,1.5398420095443726,1.271662712097168,0.8894891142845154,0.925477147102356,0.6669607162475586,0.8006862998008728,0.8926689028739929,1.0039031505584717,1.3225764036178589,1.4961094856262207,1.873587965965271,2.130159616470337,2.374161720275879,2.7057197093963623,2.4919703006744385,2.121403694152832,1.8964495658874512,1.5561680793762207,1.4195706844329834,1.0557113885879517,1.0160516500473022,0.7640861868858337,0.7242926359176636,0.7869422435760498,0.8488376140594482,1.1508607864379883,1.3334206342697144,1.670888900756836,1.9429503679275513
A8,2.045638084411621,1.6939764022827148,1.4691932201385498,1.213645339012146,0.938766598701477,0.630411684513092,0.3856157064437866,0.0,0.3983391523361206,0.6268898844718933,0.9761555194854736,1.2737191915512085,1.6302753686904907,1.8484582901000977,2.195136547088623,2.7854979038238525,2.4156391620635986,2.393780469894409,2.166393518447876,1.9806547164916992,1.7907603979110718,1.4213495254516602,1.333338737487793,0.988089382648468,0.9475553631782532,0.8322842121124268,0.8166189789772034,0.9373786449432373,0.8771041631698608,1.2525650262832642,2.719428777694702,2.363286018371582,2.3816261291503906,2.1894052028656006,2.0867700576782227,1.9761329889297485,1.6657031774520874,1.6987608671188354,1.3828045129776,1.5261461734771729,1.3955426216125488,1.5253719091415405,1.5586144924163818,1.5169434547424316,1.8717749118804932,2.147268295288086,1.9143564701080322,1.6233223676681519,1.2477121353149414,1.219887614250183,0.8909853100776672,0.9548854231834412,0.8787829279899597,0.9281413555145264,1.1659250259399414,1.2901397943496704,1.6661102771759033,1.9005683660507202,2.1848416328430176,2.490147352218628,2.1197242736816406,1.7516610622406006,1.515136480331421,1.1751688718795776,1.0487984418869019,0.6836912631988525,0.7219551205635071,0.5673142075538635,0.676494300365448,0.8849066495895386,1.058137059211731,1.381822109222412,1.6226575374603271,1.9286845922470093,2.22727108001709
A9,2.216830253601074,1.9005013704299927,1.7369720935821533,1.4630478620529175,1.2336506843566895,0.9479188919067383,0.634302020072937,0.3983391523361206,0.0,0.38010698556900024,0.6384592652320862,0.9634449481964111,1.2888264656066895,1.499040961265564,1.8607977628707886,2.41904616355896,2.0545318126678467,2.0106935501098633,1.7737172842025757,1.5880906581878662,1.3954198360443115,1.029082179069519,0.9740856289863586,0.6516838669776917,0.7359097599983215,0.7587388753890991,0.9010348320007324,1.1316165924072266,1.1794685125350952,1.5572274923324585,2.394832134246826,2.04903244972229,2.0321221351623535,1.8355345726013184,1.7066906690597534,1.588597297668457,1.2695614099502563,1.3133411407470703,1.020587682723999,1.2072148323059082,1.1535217761993408,1.3373198509216309,1.463431715965271,1.4801491498947144,1.8586037158966064,2.270167350769043,2.060697078704834,1.772986888885498,1.4137325286865234,1.3069961071014404,0.9634698033332825,0.8655872344970703,0.7042133212089539,0.6038373112678528,0.8225874304771423,0.9050379395484924,1.2874350547790527,1.5179660320281982,1.7907696962356567,2.103954315185547,1.9301875829696655,1.5633454322814941,1.4051363468170166,1.0481817722320557,0.9798338413238525,0.6641335487365723,0.6371763348579407,0.6503129005432129,0.6324434876441956,0.9601326584815979,1.0820475816726685,1.4464560747146606,1.6713284254074097,1.937508463859558,2.276820659637451
A10,2.582348585128784,2.2544050216674805,2.0715036392211914,1.8073909282684326,1.55086350440979,1.249061107635498,0.9550915360450745,0.6268898844718933,0.38010698556900024,0.0,0.39718198776245117,0.6483820676803589,1.0156956911087036,1.2451189756393433,1.5766431093215942,2.2387635707855225,1.8849714994430542,1.852291226387024,1.6767010688781738,1.448230504989624,1.321225881576538,0.9414792060852051,0.9573639631271362,0.7601756453514099,0.8477724194526672,0.9993268251419067,1.0948573350906372,1.3816633224487305,1.392930269241333,1.755141258239746,2.2155821323394775,1.8808352947235107,1.9006245136260986,1.7695733308792114,1.6132831573486328,1.567063331604004,1.2390416860580444,1.3527486324310303,1.1381042003631592,1.3358927965164185,1.3663491010665894,1.5189881324768066,1.693279504776001,1.6688201427459717,2.045866012573242,2.622711181640625,2.389896869659424,2.075124979019165,1.7260090112686157,1.5810164213180542,1.2149229049682617,1.1127246618270874,0.8293449282646179,0.714377760887146,0.7446804046630859,0.772980272769928,1.1175293922424316,1.3355824947357178,1.656247615814209,1.9254932403564453,1.5996891260147095,1.2445008754730225,1.09251868724823,0.7168158888816833,0.7541864514350891,0.5202710628509521,0.6595112681388855,0.8331298232078552,0.9277123212814331,1.2825241088867188,1.4456543922424316,1.8041092157363892,2.045006275177002,2.2996792793273926,2.644691228866577
A11,2.8255932331085205,2.5261998176574707,2.3726704120635986,2.0847296714782715,1.8687878847122192,1.564263939857483,1.271371841430664,0.9761555194854736,0.6384592652320862,0.39718198776245117,0.0,0.386930376291275,0.6659020781517029,0.9405155181884766,1.2733426094055176,1.842605710029602,1.4892042875289917,1.4594066143035889,1.2986021041870117,1.0833877325057983,1.013465404510498,0.6615010499954224,0.8283630013465881,0.7675239443778992,0.9939988255500793,1.2250441312789917,1.4038156270980835,1.7113561630249023,1.7639272212982178,2.130098581314087,1.8387433290481567,1.5144896507263184,1.5144851207733154,1.4005569219589233,1.228947401046753,1.219713807106018,0.9115152359008789,1.105265736579895,0.9919669032096863,1.2559179067611694,1.3897104263305664,1.5936861038208008,1.837867259979248,1.8689337968826294,2.2474660873413086,2.853787422180176,2.651815414428711,2.3553478717803955,2.0160915851593018,1.849473237991333,1.4992196559906006,1.311685562133789,1.015174388885498,0.7583853006362915,0.6661184430122375,0.4928726851940155,0.8096085786819458,0.9627169966697693,1.2932056188583374,1.5547192096710205,1.3920978307724,1.0512621402740479,1.02442467212677,0.7051458358764648,0.796427309513092,0.7178308367729187,0.7510061860084534,1.026702642440796,1.0550960302352905,1.440193772315979,1.5842489004135132,1.9403764009475708,2.1792569160461426,2.3853790760040283,2.753509998321533
A12,3.146301507949829,2.841325044631958,2.692441701889038,2.426356077194214,2.182971715927124,1.8899487257003784,1.5784274339675903,1.2737191915512085,0.9634449481964111,0.6483820676803589,0.386930376291275,0.0,0.4006565809249878,0.6340901851654053,0.9341098666191101,1.7153977155685425,1.4053270816802979,1.3413995504379272,1.2589104175567627,0.9708207845687866,0.9705716967582703,0.6728851199150085,0.8622186779975891,0.9465190172195435,1.1254899501800537,1.4297126531600952,1.582966923713684,1.9313327074050903,1.9878544807434082,2.333184003829956,1.7787057161331177,1.5004714727401733,1.5049363374710083,1.4722410440444946,1.2381632328033447,1.2896184921264648,0.986331045627594,1.19025456905365,1.1599253416061401,1.370797038078308,1.5613616704940796,1.7125164270401,1.989973545074463,1.9884053468704224,2.351433038711548,3.1373379230499268,2.911738634109497,2.591052293777466,2.272181987762451,2.060894250869751,1.7077958583831787,1.5123392343521118,1.1580723524093628,0.9400923848152161,0.6855759620666504,0.5045080184936523,0.6468744277954102,0.8073171377182007,1.1666942834854126,1.3634893894195557,1.228300929069519,0.9499435424804688,0.9978432655334473,0.7219735383987427,0.9629673361778259,0.9729353189468384,1.0948245525360107,1.3861916065216064,1.4393157958984375,1.8228280544281006,1.9576064348220825,2.3190088272094727,2.5437257289886475,2.7524778842926025,3.122415781021118
A13,3.429513692855835,3.1471126079559326,3.01918888092041,2.737708568572998,2.5220682621002197,2.227410078048706,1.9188929796218872,1.6302753686904907,1.2888264656066895,1.0156956911087036,0.6659020781517029,0.4006565809249878,0.0,0.3858371376991272,0.6367737650871277,1.3275378942489624,1.0423333644866943,0.9673355221748352,0.9538339972496033,0.674237072467804,0.8151914477348328,0.6693814992904663,0.9768604636192322,1.1673518419265747,1.4083858728408813,1.7345337867736816,1.9325207471847534,2.285061836242676,2.3656182289123535,2.7152161598205566,1.4462233781814575,1.2125834226608276,1.1871495246887207,1.2142044305801392,0.9489963054656982,1.078079342842102,0.8529185652732849,1.125725269317627,1.2245270013809204,1.4589520692825317,1.7229019403457642,1.9021443128585815,2.220684766769409,2.2605140209198,2.6151790618896484,3.411374568939209,3.2106692790985107,2.906238079071045,2.5960564613342285,2.375199556350708,2.038233995437622,1.7981646060943604,1.4603182077407837,1.18464195728302,0.8925570845603943,0.5853391289710999,0.5033612847328186,0.4762806296348572,0.8500641584396362,0.9937165975570679,1.1452486515045166,0.9460154175758362,1.137160062789917,0.9733754396438599,1.2061553001403809,1.2877801656723022,1.3461426496505737,1.6667759418487549,1.6816753149032593,2.0673389434814453,2.1857869625091553,2.5364739894866943,2.754668951034546,2.9229865074157715,3.3045454025268555
A14,3.558626413345337,3.2869858741760254,3.1910812854766846,2.9366254806518555,2.7084219455718994,2.444920301437378,2.104027509689331,1.8484582901000977,1.499040961265564,1.2451189756393433,0.9405155181884766,0.6340901851654053,0.3858371376991272,0.0,0.39135053753852844,1.3586233854293823,1.1554858684539795,0.9604644775390625,0.9635620713233948,0.6051297783851624,0.7272023558616638,0.694553792476654,0.9294870495796204,1.2220211029052734,1.4263190031051636,1.793076992034912,1.9990788698196411,2.3768646717071533,2.496994972229004,2.8270370960235596,1.6217894554138184,1.4540996551513672,1.3600696325302124,1.3975849151611328,1.0634586811065674,1.150641918182373,0.9221433997154236,1.102683424949646,1.2504048347473145,1.4011176824569702,1.7026046514511108,1.8324129581451416,2.17718243598938,2.212089776992798,2.5397281646728516,3.48565411567688,3.275184392929077,2.9623398780822754,2.685394525527954,2.4204580783843994,2.1049182415008545,1.838941216468811,1.492639183998108,1.2459256649017334,0.8901253342628479,0.6723227500915527,0.3825104832649231,0.4528779089450836,0.7262769341468811,0.8295215964317322,1.4181339740753174,1.2768949270248413,1.470798134803772,1.2930222749710083,1.5548408031463623,1.600062370300293,1.673551321029663,1.9657666683197021,1.9473559856414795,2.327155590057373,2.3996145725250244,2.7599191665649414,2.9387714862823486,3.1117594242095947,3.492683172225952
A15,3.948439836502075,3.6728177070617676,3.5679924488067627,3.311553478240967,3.0770158767700195,2.803943634033203,2.470764636993408,2.195136547088623,1.8607977628707886,1.5766431093215942,1.2733426094055176,0.9341098666191101,0.6367737650871277,0.39135053753852844,0.0,1.2566075325012207,1.1476229429244995,0.9712779521942139,1.1138255596160889,0.8144318461418152,1.0374418497085571,1.07538640499115,1.3109132051467896,1.6120375394821167,1.8000476360321045,2.171194314956665,2.3578803539276123,2.7401139736175537,2.8449695110321045,3.1675736904144287,1.5611741542816162,1.4701730012893677,1.4058301448822021,1.5376111268997192,1.2205777168273926,1.385801076889038,1.2349289655685425,1.435560941696167,1.6246614456176758,1.765881061553955,2.0797619819641113,2.1936821937561035,2.5424747467041016,2.5636911392211914,2.8780786991119385,3.8738698959350586,3.6578528881073,3.338350534439087,3.0638904571533203,2.793602466583252,2.4755702018737793,2.219137668609619,1.8638137578964233,1.6342360973358154,1.272229552268982,1.0594336986541748,0.7522470355033875,0.6707269549369812,0.8574541807174683,0.7764438986778259,1.360465168952942,1.325668215751648,1.5795981884002686,1.4827394485473633,1.7746974229812622,1.8791050910949707,1.97603178024292,2.292060136795044,2.3008575439453125,2.6846110820770264,2.7744412422180176,3.131061315536499,3.3195858001708984,3.4840469360351562,3.8672561645507812
B1,4.3373003005981445,4.125524520874023,4.0437092781066895,3.719780921936035,3.5954630374908447,3.2992448806762695,3.0310473442077637,2.7854979038238525,2.41904616355896,2.2387635707855225,1.842605710029602,1.7153977155685425,1.3275378942489624,1.3586233854293823,1.2566075325012207,0.0,0.38758593797683716,0.5068889260292053,0.8481058478355408,1.0405467748641968,1.3982540369033813,1.6065133810043335,1.9695682525634766,2.2208683490753174,2.551138162612915,2.856689929962158,3.1348490715026855,3.46266770362854,3.578826665878296,3.9452669620513916,0.6021305918693542,0.78448486328125,0.5926755666732788,0.8959212303161621,0.8284814953804016,1.1526362895965576,1.3629308938980103,1.6635336875915527,1.9801805019378662,2.242341995239258,2.5856401920318604,2.8383495807647705,3.1979875564575195,3.343378782272339,3.676117420196533,4.331351280212402,4.218395233154297,3.979348659515381,3.683077812194824,3.481126546859741,3.188779354095459,2.8849270343780518,2.623880624771118,2.27052640914917,2.032747745513916,1.6689151525497437,1.4349714517593384,1.045013427734375,0.9537973403930664,0.7528563737869263,1.6883634328842163,1.7107700109481812,2.0634970664978027,2.09063458442688,2.223088502883911,2.3926830291748047,2.3087637424468994,2.6371095180511475,2.5721936225891113,2.9103002548217773,2.9925084114074707,3.2717955112457275,3.470911741256714,3.506711721420288,3.8898682594299316
B2,3.987820863723755,3.767714262008667,3.673919916152954,3.345355272293091,3.222688913345337,2.9213013648986816,2.6630454063415527,2.4156391620635986,2.0545318126678467,1.8849714994430542,1.4892042875289917,1.4053270816802979,1.0423333644866943,1.1554858684539795,1.1476229429244995,0.38758593797683716,0.0,0.3841123878955841,0.632689356803894,0.8199837803840637,1.1627955436706543,1.3119102716445923,1.6917229890823364,1.903446912765503,2.242483615875244,2.529865026473999,2.803889274597168,3.119384765625,3.2238900661468506,3.59448504447937,0.5520952939987183,0.5247239470481873,0.3023947775363922,0.5921379327774048,0.5219077467918396,0.8846525549888611,1.0644011497497559,1.4068868160247803,1.685959815979004,1.9811235666275024,2.302323818206787,2.5712621212005615,2.9163057804107666,3.0582618713378906,3.404569149017334,4.0018310546875,3.8863844871520996,3.6478664875030518,3.3397364616394043,3.154977321624756,2.85611629486084,2.5647032260894775,2.3095498085021973,1.950192928314209,1.738979458808899,1.3587284088134766,1.1869670152664185,0.7981436252593994,0.8060135245323181,0.7514461874961853,1.4722769260406494,1.4259943962097168,1.7536203861236572,1.7575761079788208,1.86488938331604,2.022800922393799,1.9245762825012207,2.2510335445404053,2.1900620460510254,2.5296621322631836,2.624972343444824,2.9067859649658203,3.1199235916137695,3.168527126312256,3.5530548095703125
B3,3.9035611152648926,3.6918277740478516,3.62772798538208,3.3212664127349854,3.185783624649048,2.9094722270965576,2.615791082382202,2.393780469894409,2.0106935501098633,1.852291226387024,1.4594066143035889,1.3413995504379272,0.9673355221748352,0.9604644775390625,0.9712779521942139,0.5068889260292053,0.3841123878955841,0.0,0.3836165964603424,0.5398030877113342,0.8922294974327087,1.1237006187438965,1.4746571779251099,1.7431640625,2.0715441703796387,2.3833701610565186,2.672936201095581,3.0065999031066895,3.147686004638672,3.508389472961426,0.9218938946723938,0.8954083919525146,0.6156522035598755,0.7384318709373474,0.46796470880508423,0.7386857271194458,0.8914434909820557,1.173609972000122,1.4948526620864868,1.7412558794021606,2.0898544788360596,2.3341000080108643,2.6968605518341064,2.844653367996216,3.1731045246124268,3.869600534439087,3.7473785877227783,3.503960371017456,3.220393180847168,3.0026566982269287,2.720302104949951,2.404315233230591,2.1492040157318115,1.7963581085205078,1.557565689086914,1.2075074911117554,0.9604321718215942,0.5836145281791687,0.45732054114341736,0.39883869886398315,1.6647233963012695,1.5929352045059204,1.8984155654907227,1.8359487056732178,1.9789600372314453,2.08528470993042,2.0023393630981445,2.3091936111450195,2.213251829147339,2.559185028076172,2.609813690185547,2.9106216430664062,3.0865299701690674,3.1489434242248535,3.535946846008301
B4,3.556032657623291,3.3606271743774414,3.319075107574463,3.0178515911102295,2.90045428276062,2.6445348262786865,2.3482446670532227,2.166393518447876,1.7737172842025757,1.6767010688781738,1.2986021041870117,1.2589104175567627,0.9538339972496033,0.9635620713233948,1.1138255596160889,0.8481058478355408,0.632689356803894,0.3836165964603424,0.0,0.37998244166374207,0.6166621446609497,0.8767121434211731,1.211548089981079,1.4600811004638672,1.8085699081420898,2.0971004962921143,2.4127893447875977,2.7304556369781494,2.8956215381622314,3.255880355834961,1.162809133529663,1.0435070991516113,0.7251689434051514,0.6366224884986877,0.2769010365009308,0.37210094928741455,0.5552045702934265,0.8186489939689636,1.1510926485061646,1.4091475009918213,1.7519844770431519,2.020219087600708,2.3769941329956055,2.5537259578704834,2.8807175159454346,3.5149757862091064,3.409104824066162,3.1834330558776855,2.9088573455810547,2.6982274055480957,2.4365251064300537,2.1060452461242676,1.8897087574005127,1.5210614204406738,1.3332631587982178,0.9959197640419006,0.8108917474746704,0.5195992588996887,0.350845068693161,0.5905045866966248,1.8242861032485962,1.67490816116333,1.924161672592163,1.7974990606307983,1.9028513431549072,1.9472280740737915,1.8236397504806519,2.092860221862793,1.9466291666030884,2.276883602142334,2.290544271469116,2.588144302368164,2.7407639026641846,2.7995429039001465,3.1854350566864014
B5,3.472449779510498,3.2506799697875977,3.197995901107788,2.9172792434692383,2.7573578357696533,2.5043718814849854,2.1796622276306152,1.9806547164916992,1.5880906581878662,1.448230504989624,1.0833877325057983,0.9708207845687866,0.674237072467804,0.6051297783851624,0.8144318461418152,1.0405467748641968,0.8199837803840637,0.5398030877113342,0.37998244166374207,0.0,0.3762516975402832,0.612105131149292,0.9408061504364014,1.23667311668396,1.5495774745941162,1.8755911588668823,2.166952610015869,2.5115809440612793,2.674689531326294,3.025038242340088,1.3632279634475708,1.21213960647583,0.9778421521186829,0.9304121136665344,0.5529297590255737,0.5906593203544617,0.498313307762146,0.7311724424362183,1.0232411623001099,1.2408065795898438,1.5899667739868164,1.811360239982605,2.1758482456207275,2.3103129863739014,2.6378133296966553,3.407482147216797,3.262000322341919,3.003404378890991,2.7320196628570557,2.492438316345215,2.2147607803344727,1.8924996852874756,1.6315276622772217,1.2906314134597778,1.0371525287628174,0.7206014394760132,0.45104002952575684,0.20835033059120178,0.2099912166595459,0.5359044671058655,1.6965103149414062,1.5340275764465332,1.7596542835235596,1.5941511392593384,1.7531639337539673,1.7795372009277344,1.7200497388839722,1.9935991764068604,1.8783416748046875,2.232656240463257,2.2548439502716064,2.584749221801758,2.738269090652466,2.8463337421417236,3.233163356781006
B6,3.156827688217163,2.945495843887329,2.919807195663452,2.6599624156951904,2.5020036697387695,2.2816526889801025,1.9398936033248901,1.7907603979110718,1.3954198360443115,1.321225881576538,1.013465404510498,0.9705716967582703,0.8151914477348328,0.7272023558616638,1.0374418497085571,1.3982540369033813,1.1627955436706543,0.8922294974327087,0.6166621446609497,0.3762516975402832,0.0,0.3827032148838043,0.623084306716919,0.9364392757415771,1.2484794855117798,1.5664507150650024,1.8807836771011353,2.21986722946167,2.4171371459960938,2.7578682899475098,1.6970702409744263,1.508056879043579,1.2691340446472168,1.125795841217041,0.7766309976577759,0.6193118095397949,0.3616161644458771,0.40373939275741577,0.6839152574539185,0.8665211200714111,1.2226996421813965,1.4435917139053345,1.8108304738998413,1.9635353088378906,2.2848243713378906,3.0641212463378906,2.9196298122406006,2.6669113636016846,2.4141273498535156,2.1628687381744385,1.9088505506515503,1.5673609972000122,1.3380365371704102,0.9990524649620056,0.7844178080558777,0.5551773905754089,0.3867412209510803,0.49497660994529724,0.49244314432144165,0.8543875217437744,1.9291356801986694,1.7125998735427856,1.8706103563308716,1.6359686851501465,1.7721236944198608,1.7203761339187622,1.648093342781067,1.8674988746643066,1.7070411443710327,2.0438904762268066,2.0187063217163086,2.355653762817383,2.473931312561035,2.598775863647461,2.980090856552124
B7,2.922837257385254,2.6796088218688965,2.6201789379119873,2.3591623306274414,2.1755259037017822,1.9401805400848389,1.5951074361801147,1.4213495254516602,1.029082179069519,0.9414792060852051,0.6615010499954224,0.6728851199150085,0.6693814992904663,0.694553792476654,1.07538640499115,1.6065133810043335,1.3119102716445923,1.1237006187438965,0.8767121434211731,0.612105131149292,0.3827032148838043,0.0,0.3879125118255615,0.6304416656494141,0.9482924342155457,1.2673351764678955,1.5571043491363525,1.899545431137085,2.0689878463745117,2.4167320728302,1.800932765007019,1.549748182296753,1.3899242877960205,1.2375715970993042,0.9395152926445007,0.8125978708267212,0.44227567315101624,0.5241847038269043,0.5684356093406677,0.7975109219551086,1.082746148109436,1.3007519245147705,1.6383793354034424,1.749768853187561,2.099130630493164,2.857112169265747,2.6851985454559326,2.4103472232818604,2.1313812732696533,1.8925246000289917,1.6046587228775024,1.2925223112106323,1.0266282558441162,0.6803143620491028,0.45994657278060913,0.1860159933567047,0.33606746792793274,0.6029390096664429,0.7962645292282104,1.1286934614181519,1.7710529565811157,1.5050488710403442,1.5982099771499634,1.3205828666687012,1.4484329223632812,1.3630273342132568,1.3185416460037231,1.531834363937378,1.4051672220230103,1.75889253616333,1.7684850692749023,2.1247658729553223,2.2723968029022217,2.4384026527404785,2.8179831504821777
B8,2.6957767009735107,2.4540607929229736,2.422762870788574,2.204458713531494,2.0015149116516113,1.8160737752914429,1.442641019821167,1.333338737487793,0.9740856289863586,0.9573639631271362,0.8283630013465881,0.8622186779975891,0.9768604636192322,0.9294870495796204,1.3109132051467896,1.9695682525634766,1.6917229890823364,1.4746571779251099,1.211548089981079,0.9408061504364014,0.623084306716919,0.3879125118255615,0.0,0.3904952108860016,0.632042646408081,0.9747018814086914,1.2734692096710205,1.6269772052764893,1.8397877216339111,2.1634695529937744,2.1881372928619385,1.9359098672866821,1.7710883617401123,1.5961251258850098,1.3022936582565308,1.114598035812378,0.7480676770210266,0.6146591901779175,0.4809298813343048,0.5290550589561462,0.7768777012825012,0.9343245625495911,1.2767815589904785,1.3763697147369385,1.7178360223770142,2.581413507461548,2.3882040977478027,2.100905418395996,1.8520649671554565,1.5762497186660767,1.3120567798614502,0.9815831184387207,0.7249399423599243,0.44041669368743896,0.2587132751941681,0.4318476915359497,0.6008359789848328,0.9526757001876831,1.0924204587936401,1.421043872833252,2.062561273574829,1.7816097736358643,1.8146353960037231,1.4875622987747192,1.6121026277542114,1.4493552446365356,1.432252049446106,1.5700689554214478,1.4196815490722656,1.7403098344802856,1.697867512702942,2.062107563018799,2.1632378101348877,2.364675760269165,2.728098154067993
B9,2.344449996948242,2.0865933895111084,2.03855299949646,1.8159176111221313,1.6127309799194336,1.4313069581985474,1.0590150356292725,0.988089382648468,0.6516838669776917,0.7601756453514099,0.7675239443778992,0.9465190172195435,1.1673518419265747,1.2220211029052734,1.6120375394821167,2.2208683490753174,1.903446912765503,1.7431640625,1.4600811004638672,1.23667311668396,0.9364392757415771,0.6304416656494141,0.3904952108860016,0.0,0.3817644715309143,0.6410672068595886,0.96077561378479,1.28488290309906,1.4909241199493408,1.8285971879959106,2.3554253578186035,2.061180591583252,1.9334168434143066,1.7201988697052002,1.49074387550354,1.2886883020401,0.928821861743927,0.8146750330924988,0.5011144280433655,0.5855742692947388,0.6359850764274597,0.8321681618690491,1.095125675201416,1.1899292469024658,1.5609124898910522,2.2662529945373535,2.069143533706665,1.7830381393432617,1.503767490386963,1.2646546363830566,0.981234610080719,0.6665000915527344,0.45238158106803894,0.0773112028837204,0.37434306740760803,0.5999851226806641,0.9144076108932495,1.2298613786697388,1.4087129831314087,1.7506186962127686,2.136013984680176,1.8115043640136719,1.7702821493148804,1.4142848253250122,1.4674253463745117,1.2333571910858154,1.1922860145568848,1.2581888437271118,1.0922207832336426,1.3904130458831787,1.346843957901001,1.7172002792358398,1.8287397623062134,2.0609729290008545,2.415879249572754
B10,2.233534336090088,1.952966332435608,1.9043588638305664,1.7410531044006348,1.48707914352417,1.3571850061416626,0.968651533126831,0.9475553631782532,0.7359097599983215,0.8477724194526672,0.9939988255500793,1.1254899501800537,1.4083858728408813,1.4263190031051636,1.8000476360321045,2.551138162612915,2.242483615875244,2.0715441703796387,1.8085699081420898,1.5495774745941162,1.2484794855117798,0.9482924342155457,0.632042646408081,0.3817644715309143,0.0,0.3883121907711029,0.6448102593421936,1.0093438625335693,1.2370589971542358,1.54133939743042,2.6945362091064453,2.3995354175567627,2.290398597717285,2.0938026905059814,1.8538310527801514,1.6607111692428589,1.2952295541763306,1.1523687839508057,0.8374391794204712,0.7678816914558411,0.6802939772605896,0.6982234716415405,0.8865919709205627,0.878907322883606,1.2548911571502686,2.1171042919158936,1.8665555715560913,1.5384206771850586,1.2819809913635254,0.9945287108421326,0.6997280120849609,0.43133217096328735,0.10097810626029968,0.3259125053882599,0.5436922907829285,0.8926409482955933,1.1719272136688232,1.528046727180481,1.715752124786377,2.036895513534546,2.323075294494629,2.0004653930664062,1.9082621335983276,1.5304096937179565,1.6007250547409058,1.326248049736023,1.3599827289581299,1.3672252893447876,1.2480396032333374,1.5008704662322998,1.4478085041046143,1.811288833618164,1.8949874639511108,2.1742751598358154,2.499110460281372
B11,1.8579124212265015,1.5688118934631348,1.527533769607544,1.3908764123916626,1.1409488916397095,1.0734639167785645,0.7062428593635559,0.8322842121124268,0.7587388753890991,0.9993268251419067,1.2250441312789917,1.4297126531600952,1.7345337867736816,1.793076992034912,2.171194314956665,2.856689929962158,2.529865026473999,2.3833701610565186,2.0971004962921143,1.8755911588668823,1.5664507150650024,1.2673351764678955,0.9747018814086914,0.6410672068595886,0.3883121907711029,0.0,0.38345274329185486,0.6643090844154358,0.9360936284065247,1.2359002828598022,2.9570655822753906,2.6417720317840576,2.542848587036133,2.3133437633514404,2.1160895824432373,1.8997244834899902,1.5559852123260498,1.3998490571975708,1.0354301929473877,0.9624338150024414,0.7197977900505066,0.7245806455612183,0.7400791049003601,0.7280762195587158,1.1040600538253784,1.7574312686920166,1.500097393989563,1.1749780178070068,0.8976312875747681,0.6417588591575623,0.3428199887275696,0.1371225267648697,0.3254658877849579,0.5884507894515991,0.9075178503990173,1.2126259803771973,1.526733160018921,1.8607522249221802,2.044790267944336,2.382066011428833,2.574120283126831,2.2295634746551514,2.0891993045806885,1.7095495462417603,1.709457516670227,1.3835954666137695,1.382989525794983,1.2841787338256836,1.141047716140747,1.3059899806976318,1.214144229888916,1.5533010959625244,1.6098567247390747,1.9212604761123657,2.21701717376709
B12,1.8490804433822632,1.517246961593628,1.4247335195541382,1.3480985164642334,1.0294842720031738,1.000404953956604,0.6823976039886475,0.8166189789772034,0.9010348320007324,1.0948573350906372,1.4038156270980835,1.582966923713684,1.9325207471847534,1.9990788698196411,2.3578803539276123,3.1348490715026855,2.803889274597168,2.672936201095581,2.4127893447875977,2.166952610015869,1.8807836771011353,1.5571043491363525,1.2734692096710205,0.96077561378479,0.6448102593421936,0.38345274329185486,0.0,0.3982377350330353,0.6265547871589661,0.8989335298538208,3.21112322807312,2.8874547481536865,2.824885129928589,2.6179392337799072,2.423532485961914,2.2366597652435303,1.8826076984405518,1.7557586431503296,1.4016097784042358,1.325939655303955,1.08447265625,1.0050967931747437,0.9232007265090942,0.7543409466743469,1.0830073356628418,1.7622143030166626,1.443522334098816,1.070085048675537,0.7949418425559998,0.5646172761917114,0.22659768164157867,0.4701814651489258,0.5497571229934692,0.8942096829414368,1.1514116525650024,1.4717316627502441,1.783892273902893,2.1265041828155518,2.3435919284820557,2.6614789962768555,2.6638171672821045,2.3229291439056396,2.1304314136505127,1.7523605823516846,1.753929615020752,1.4141656160354614,1.4875458478927612,1.354012370109558,1.3018789291381836,1.4300367832183838,1.3882910013198853,1.6999292373657227,1.769031286239624,2.1136293411254883,2.374161720275879
B13,1.52223539352417,1.1718543767929077,1.0701900720596313,1.0654553174972534,0.7476926445960999,0.848717212677002,0.6687651872634888,0.9373786449432373,1.1316165924072266,1.3816633224487305,1.7113561630249023,1.9313327074050903,2.285061836242676,2.3768646717071533,2.7401139736175537,3.46266770362854,3.119384765625,3.0065999031066895,2.7304556369781494,2.5115809440612793,2.21986722946167,1.899545431137085,1.6269772052764893,1.28488290309906,1.0093438625335693,0.6643090844154358,0.3982377350330353,0.0,0.3733990490436554,0.591909646987915,3.5052928924560547,3.1684322357177734,3.11397123336792,2.8844807147979736,2.7229180335998535,2.5216565132141113,2.1862010955810547,2.052773952484131,1.679733157157898,1.6079543828964233,1.308909296989441,1.2352087497711182,1.0408986806869507,0.8836674690246582,1.1286650896072388,1.469813346862793,1.134777307510376,0.7688234448432922,0.47199127078056335,0.42314422130584717,0.3359011113643646,0.710270345211029,0.9194840788841248,1.224139928817749,1.5217366218566895,1.8185269832611084,2.1491780281066895,2.477008104324341,2.689812183380127,3.019688367843628,2.9579641819000244,2.605743408203125,2.3814499378204346,2.0164921283721924,1.9614993333816528,1.6024905443191528,1.6432864665985107,1.4255720376968384,1.3695945739746094,1.3893824815750122,1.3233933448791504,1.570572853088379,1.607985019683838,1.9745393991470337,2.1842567920684814
