,A1,A2,A3,A4,A5,A6,A7,A8,A9,A10,A11,A12,A13,A14,A15,B1,B2,B3,B4,B5,B6,B7,B8,B9,B10,B11,B12,B13,B14,B15,C1,C2,C3,C4,C5,C6,C7,C8,C9,C10,C11,C12,C13,C14,C15,D1,D2,D3,D4,D5,D6,D7,D8,D9,D10,D11,D12,D13,D14,D15,E1,E2,E3,E4,E5,E6,E7,E8,E9,E10,E11,E12,E13,E14,E15
A1,0.0,0.39379703998565674,0.6268604397773743,0.8970584869384766,1.2176003456115723,1.4925391674041748,1.8122073411941528,2.106982707977295,2.414257764816284,2.735976219177246,2.9286866188049316,3.283827066421509,3.4445371627807617,3.7656660079956055,3.795285224914551,1.5198884010314941,1.7570228576660156,1.66121506690979,1.7776261568069458,1.996816635131836,2.059574842453003,2.404564142227173,2.503570795059204,2.8813350200653076,3.0640830993652344,3.254098415374756,3.5970985889434814,3.624619722366333,3.9784655570983887,4.104663848876953,4.098099231719971,3.940237522125244,3.575855016708374,3.5397658348083496,3.2274763584136963,3.1004250049591064,2.9025216102600098,2.6823582649230957,2.6473376750946045,2.415858030319214,2.670768976211548,2.5974369049072266,2.7143714427948,2.700268268585205,3.036444902420044,3.168912172317505,3.0408363342285156,2.901902675628662,2.606144428253174,2.6715290546417236,2.3488729000091553,2.485851287841797,2.290492534637451,2.421478271484375,2.394515037536621,2.2342796325683594,2.416383981704712,2.161393642425537,2.4457764625549316,2.501368999481201,3.104381561279297,2.7807698249816895,2.5856521129608154,2.5333781242370605,2.185102939605713,2.2650527954101562,1.9517128467559814,2.061379909515381,1.9229342937469482,2.043578624725342,2.3110690116882324,2.3701083660125732,2.735172986984253,2.802042007446289,2.805042266845703
A2,0.39379703998565674,0.0,0.374865859746933,0.5963156819343567,0.8915959000587463,1.1956162452697754,1.4795442819595337,1.7987028360366821,2.082184314727783,2.4187240600585938,2.6132326126098633,2.9609780311584473,3.144340753555298,3.4533205032348633,3.471951961517334,1.2767654657363892,1.4907134771347046,1.3522731065750122,1.509385347366333,1.6951698064804077,1.7965868711471558,2.1253130435943604,2.24649715423584,2.6238276958465576,2.8175530433654785,3.0374927520751953,3.3784117698669434,3.4396860599517822,3.786323308944702,3.914782762527466,3.908989191055298,3.7594828605651855,3.390920400619507,3.3343706130981445,3.0392844676971436,2.882650375366211,2.7063710689544678,2.460894823074341,2.448129653930664,2.2050886154174805,2.4452099800109863,2.389451026916504,2.470069408416748,2.4843194484710693,2.831237554550171,3.188453197479248,3.0442357063293457,2.8621268272399902,2.567507266998291,2.5799577236175537,2.2387115955352783,2.3365731239318848,2.0981178283691406,2.2140398025512695,2.141493797302246,1.9960031509399414,2.156620502471924,1.8915042877197266,2.170457363128662,2.271873950958252,2.720949649810791,2.4056644439697266,2.2073147296905518,2.17740535736084,1.8349772691726685,1.9486125707626343,1.6676504611968994,1.8195767402648926,1.7425235509872437,1.9105744361877441,2.2018017768859863,2.319340705871582,2.6728575229644775,2.7896339893341064,2.800858497619629
A3,0.6268604397773743,0.374865859746933,0.0,0.3927219808101654,0.6144211888313293,0.9233916997909546,1.2196502685546875,1.5204248428344727,1.8318113088607788,2.146261215209961,2.3689942359924316,2.7140588760375977,2.8951733112335205,3.2039718627929688,3.254647970199585,1.414406418800354,1.5389761924743652,1.320683479309082,1.4153186082839966,1.5381416082382202,1.5833942890167236,1.8876140117645264,1.9629967212677002,2.337026596069336,2.5024378299713135,2.723581314086914,3.055213212966919,3.1065406799316406,3.4492461681365967,3.593672752380371,3.5372543334960938,3.3875508308410645,3.01906418800354,2.9703967571258545,2.6765172481536865,2.533425807952881,2.368528366088867,2.1415560245513916,2.157604217529297,1.9470537900924683,2.2183268070220947,2.2097995281219482,2.315462112426758,2.3756556510925293,2.70963454246521,2.9412357807159424,2.766643524169922,2.5767929553985596,2.2660326957702637,2.2534286975860596,1.9013280868530273,1.9777132272720337,1.736276626586914,1.844602108001709,1.7860262393951416,1.6421464681625366,1.8283812999725342,1.5909318923950195,1.897612452507019,1.9875049591064453,2.562969923019409,2.2316014766693115,2.0137434005737305,1.932055950164795,1.5742852687835693,1.638598918914795,1.3288460969924927,1.4621174335479736,1.3699214458465576,1.5486103296279907,1.8348139524459839,1.9688397645950317,2.318190336227417,2.451998472213745,2.459933042526245
A4,0.8970584869384766,0.5963156819343567,0.3927219808101654,0.0,0.38248100876808167,0.6079248189926147,0.9275819063186646,1.220176100730896,1.5195770263671875,1.8452969789505005,2.033906936645508,2.3873069286346436,2.5572478771209717,2.8723526000976562,2.9046995639801025,1.1464147567749023,1.1999479532241821,0.9517632722854614,1.0256555080413818,1.1505837440490723,1.215697169303894,1.534468412399292,1.6510740518569946,2.0284054279327393,2.231489658355713,2.454599618911743,2.798412322998047,2.877438545227051,3.2225544452667236,3.3414697647094727,3.4529054164886475,3.279522180557251,2.914463758468628,2.817910671234131,2.5207674503326416,2.3321330547332764,2.1480214595794678,1.8820420503616333,1.8700388669967651,1.6252020597457886,1.8682055473327637,1.8456703424453735,1.9318503141403198,1.9940482378005981,2.3318052291870117,2.8002147674560547,2.644557237625122,2.415036201477051,2.136500358581543,2.099837303161621,1.7575783729553223,1.8432172536849976,1.5889369249343872,1.7429916858673096,1.6752429008483887,1.6090006828308105,1.8150033950805664,1.6156632900238037,1.93475341796875,2.0777244567871094,2.399582862854004,2.098904848098755,1.834621787071228,1.7846254110336304,1.4167910814285278,1.480326771736145,1.2016762495040894,1.3152285814285278,1.297188639640808,1.45852792263031,1.789995551109314,1.952688455581665,2.2777042388916016,2.4429872035980225,2.501121759414673
A5,1.2176003456115723,0.8915959000587463,0.6144211888313293,0.38248100876808167,0.0,0.37561482191085815,0.6068009734153748,0.9262635111808777,1.2212477922439575,1.542999029159546,1.7725791931152344,2.1096808910369873,2.3098971843719482,2.606536626815796,2.6586382389068604,1.3416881561279297,1.3191888332366943,0.9921435117721558,1.0536928176879883,1.044681191444397,1.0976871252059937,1.3453296422958374,1.4322158098220825,1.797914743423462,1.9752568006515503,2.234051465988159,2.559544563293457,2.6599152088165283,2.9891293048858643,3.130502223968506,3.1461527347564697,2.991468667984009,2.6248254776000977,2.5271949768066406,2.256632089614868,2.059818983078003,1.9224629402160645,1.6577214002609253,1.7110865116119385,1.5011401176452637,1.7521902322769165,1.7983739376068115,1.8642029762268066,1.9945719242095947,2.3197367191314697,2.827958822250366,2.6357884407043457,2.380694627761841,2.093531608581543,1.9902191162109375,1.6324119567871094,1.6436097621917725,1.3431928157806396,1.4507919549942017,1.3346365690231323,1.2777024507522583,1.4663505554199219,1.2812188863754272,1.6011146306991577,1.7716803550720215,2.073702812194824,1.7642053365707397,1.4917138814926147,1.4126527309417725,1.040425181388855,1.1012972593307495,0.8423457145690918,1.008536696434021,1.0613113641738892,1.2901771068572998,1.6114212274551392,1.8356621265411377,2.1353814601898193,2.3473434448242188,2.39233136177063
A6,1.4925391674041748,1.1956162452697754,0.9233916997909546,0.6079248189926147,0.37561482191085815,0.0,0.3864537477493286,0.6168251633644104,0.9424845576286316,1.2461496591567993,1.4506374597549438,1.8016124963760376,1.9718445539474487,2.284010648727417,2.343498945236206,1.3717529773712158,1.2444454431533813,0.8915987014770508,0.8319908976554871,0.7524879574775696,0.7368744015693665,0.9803241491317749,1.0695405006408691,1.4410014152526855,1.642084002494812,1.8901914358139038,2.226595640182495,2.3383216857910156,2.671607732772827,2.7919909954071045,2.9766690731048584,2.7899951934814453,2.4324734210968018,2.291670799255371,2.010218620300293,1.779708743095398,1.6141682863235474,1.3226134777069092,1.3523074388504028,1.13084077835083,1.378727912902832,1.4440850019454956,1.5221853256225586,1.6808534860610962,1.9889888763427734,2.581735372543335,2.3997278213500977,2.1145927906036377,1.859235167503357,1.7312967777252197,1.3943339586257935,1.4174174070358276,1.1267768144607544,1.299572467803955,1.2158887386322021,1.2639248371124268,1.4968867301940918,1.3962754011154175,1.7258483171463013,1.9105422496795654,2.0788865089416504,1.8050291538238525,1.4817063808441162,1.3969674110412598,1.0289742946624756,1.0114015340805054,0.7793580293655396,0.8437192440032959,0.959624707698822,1.1306111812591553,1.479478120803833,1.7145472764968872,1.9790713787078857,2.2119781970977783,2.3066837787628174
A7,1.8122073411941528,1.4795442819595337,1.2196502685546875,0.9275819063186646,0.6068009734153748,0.3864537477493286,0.0,0.3656904399394989,0.6154340505599976,0.9462833404541016,1.1812034845352173,1.5076245069503784,1.7278245687484741,2.009890079498291,2.06683349609375,1.5246566534042358,1.3504574298858643,0.9740990996360779,0.9498171806335449,0.7216066718101501,0.7578676342964172,0.8589937090873718,0.9582856893539429,1.2902512550354004,1.4842138290405273,1.7839752435684204,2.094299077987671,2.255237102508545,2.561063051223755,2.6914849281311035,2.8276703357696533,2.663708448410034,2.312831163406372,2.1507651805877686,1.9167566299438477,1.6527425050735474,1.5533161163330078,1.2478386163711548,1.346483826637268,1.1568588018417358,1.355318546295166,1.4786077737808228,1.4899277687072754,1.7090873718261719,2.0000367164611816,2.7862422466278076,2.5879924297332764,2.2772529125213623,2.038985252380371,1.8455004692077637,1.521462321281433,1.4588996171951294,1.1270076036453247,1.2327907085418701,1.0618433952331543,1.1591248512268066,1.3332048654556274,1.2605141401290894,1.5509048700332642,1.7883638143539429,1.7266618013381958,1.4740653038024902,1.1304247379302979,1.0593222379684448,0.7170664668083191,0.7316045165061951,0.6459383368492126,0.7865599393844604,1.0366308689117432,1.2584939002990723,1.5731678009033203,1.8633650541305542,2.0831282138824463,2.359647512435913,2.445901393890381
A8,2.106982707977295,1.7987028360366821,1.5204248428344727,1.220176100730896,0.9262635111808777,0.6168251633644104,0.3656904399394989,0.0,0.37614089250564575,0.6311680674552917,0.874748706817627,1.2075695991516113,1.3995227813720703,1.6930466890335083,1.7836127281188965,1.75773024559021,1.5205681324005127,1.1608484983444214,1.0311180353164673,0.7203619480133057,0.6236609220504761,0.5779158473014832,0.6133196353912354,0.9280411005020142,1.1241670846939087,1.4280855655670166,1.736467719078064,1.9129971265792847,2.213672637939453,2.3350491523742676,2.5953497886657715,2.405813694000244,2.0697758197784424,1.8670767545700073,1.6358442306518555,1.3390259742736816,1.2370136976242065,0.9153827428817749,1.0362224578857422,0.8901352882385254,1.0791592597961426,1.2723206281661987,1.298482894897461,1.5724056959152222,1.8179572820663452,2.6004979610443115,2.4000890254974365,2.067349910736084,1.863224744796753,1.6284509897232056,1.3431978225708008,1.257625699043274,0.9493790864944458,1.0915902853012085,0.9614049792289734,1.1695668697357178,1.3731056451797485,1.397061824798584,1.679784893989563,1.9070820808410645,1.8046133518218994,1.5934542417526245,1.2305958271026611,1.1262664794921875,0.846386730670929,0.7277834415435791,0.7103917598724365,0.7060621380805969,1.011389970779419,1.1685067415237427,1.4657262563705444,1.7650338411331177,1.9309579133987427,2.2291269302368164,2.3500709533691406
A9,2.414257764816284,2.082184314727783,1.8318113088607788,1.5195770263671875,1.2212477922439575,0.9424845576286316,0.6154340505599976,0.37614089250564575,0.0,0.3744087219238281,0.590825617313385,0.8951959013938904,1.144370436668396,1.4032992124557495,1.4652515649795532,1.8768486976623535,1.6025242805480957,1.2646890878677368,1.165224552154541,0.7945738434791565,0.7852104306221008,0.5869211554527283,0.688323438167572,0.8819501996040344,1.09635591506958,1.429907202720642,1.7021666765213013,1.9410278797149658,2.2039871215820312,2.3083455562591553,2.630733013153076,2.455972194671631,2.1444151401519775,1.904697299003601,1.7315257787704468,1.3963550329208374,1.35236394405365,1.0296242237091064,1.1648240089416504,1.0369162559509277,1.1107178926467896,1.320563554763794,1.2546484470367432,1.5640418529510498,1.7821849584579468,2.8458945751190186,2.656348943710327,2.306551456451416,2.140383005142212,1.8765592575073242,1.630841851234436,1.5102808475494385,1.2164889574050903,1.3094263076782227,1.128434419631958,1.3708230257034302,1.5039470195770264,1.548918604850769,1.7729259729385376,2.041616201400757,1.589717149734497,1.4486271142959595,1.0773310661315918,1.0420578718185425,0.8715499639511108,0.8127352595329285,0.9566454887390137,0.9934055209159851,1.337151050567627,1.4965202808380127,1.7620904445648193,2.076033353805542,2.2022995948791504,2.5189995765686035,2.644820213317871
A10,2.735976219177246,2.4187240600585938,2.146261215209961,1.8452969789505005,1.542999029159546,1.2461496591567993,0.9462833404541016,0.6311680674552917,0.3744087219238281,0.0,0.373639315366745,0.61110520362854,0.8524236083030701,1.0957458019256592,1.2272377014160156,2.222565174102783,1.9262279272079468,1.604546070098877,1.4572029113769531,1.081993818283081,0.9847255349159241,0.6633003354072571,0.62164705991745,0.6476408243179321,0.8035877346992493,1.1531002521514893,1.382965087890625,1.6527713537216187,1.8849172592163086,1.9912824630737305,2.3786017894744873,2.1939034461975098,1.9109371900558472,1.6342391967773438,1.5003654956817627,1.1432325839996338,1.1517512798309326,0.8699049949645996,1.0596404075622559,1.0373972654342651,1.074171543121338,1.3586090803146362,1.3065871000289917,1.6567859649658203,1.807268738746643,2.7902209758758545,2.59121036529541,2.2338931560516357,2.1018259525299072,1.7968776226043701,1.6055787801742554,1.4422017335891724,1.1973347663879395,1.2727802991867065,1.1271597146987915,1.4366254806518555,1.5675585269927979,1.692681074142456,1.8931270837783813,2.143040180206299,1.7059670686721802,1.605522632598877,1.258810043334961,1.177659511566162,1.086830496788025,0.935529887676239,1.1238104104995728,1.0778425931930542,1.4279450178146362,1.5415706634521484,1.7544671297073364,2.070892095565796,2.134279727935791,2.4677748680114746,2.608720302581787
A11,2.9286866188049316,2.6132326126098633,2.3689942359924316,2.033906936645508,1.7725791931152344,1.4506374597549438,1.1812034845352173,0.874748706817627,0.590825617313385,0.373639315366745,0.0,0.37029603123664856,0.55904620885849,0.8401753902435303,0.9124727845191956,2.2372021675109863,1.9003779888153076,1.6274141073226929,1.4516280889511108,1.0821806192398071,1.0053611993789673,0.6366928815841675,0.6990170478820801,0.621491551399231,0.8684267401695251,1.151821494102478,1.3770802021026611,1.6821268796920776,1.898950219154358,1.9387949705123901,2.610172748565674,2.401308536529541,2.149533748626709,1.8333508968353271,1.7052960395812988,1.3281776905059814,1.2922497987747192,0.9985094666481018,1.0832629203796387,1.0296717882156372,0.9335688352584839,1.1942094564437866,1.0757956504821777,1.4364464282989502,1.5430127382278442,2.823122501373291,2.6671462059020996,2.297229528427124,2.2214818000793457,1.9338431358337402,1.791013479232788,1.6779015064239502,1.479185938835144,1.6031204462051392,1.490722417831421,1.804588794708252,1.940667986869812,2.055928945541382,2.253005266189575,2.5122570991516113,1.8797413110733032,1.838450312614441,1.492987871170044,1.4827862977981567,1.406780481338501,1.2976343631744385,1.469179391860962,1.406432867050171,1.7367525100708008,1.8046865463256836,2.0311830043792725,2.320549964904785,2.3679769039154053,2.688755512237549,2.865729570388794
A12,3.283827066421509,2.9609780311584473,2.7140588760375977,2.3873069286346436,2.1096808910369873,1.8016124963760376,1.5076245069503784,1.2075695991516113,0.8951959013938904,0.61110520362854,0.37029603123664856,0.0,0.37167608737945557,0.5151299834251404,0.6260348558425903,2.565211534500122,2.223809003829956,1.9639050960540771,1.8050892353057861,1.4368451833724976,1.3734098672866821,0.9999074339866638,1.0128047466278076,0.8215904831886292,0.9630800485610962,1.2213325500488281,1.3534424304962158,1.698570966720581,1.8488813638687134,1.8798311948776245,2.566920042037964,2.377359390258789,2.1671431064605713,1.8329424858093262,1.7770709991455078,1.4088420867919922,1.4470301866531372,1.219693899154663,1.3361594676971436,1.344338059425354,1.2128931283950806,1.4800150394439697,1.3364746570587158,1.69406259059906,1.7448832988739014,3.05070424079895,2.8914623260498047,2.5230159759521484,2.4716665744781494,2.160454034805298,2.0516226291656494,1.9014419317245483,1.724270224571228,1.8020936250686646,1.6780145168304443,2.004772186279297,2.0996246337890625,2.247542381286621,2.401160478591919,2.665222644805908,1.892589807510376,1.912711501121521,1.6054118871688843,1.605487585067749,1.6104100942611694,1.501700520515442,1.7295171022415161,1.6722990274429321,2.012284517288208,2.0816454887390137,2.2682201862335205,2.5643930435180664,2.571220636367798,2.9030330181121826,3.07590651512146
A13,3.4445371627807617,3.144340753555298,2.8951733112335205,2.5572478771209717,2.3098971843719482,1.9718445539474487,1.7278245687484741,1.3995227813720703,1.144370436668396,0.8524236083030701,0.55904620885849,0.37167608737945557,0.0,0.3645355701446533,0.538318395614624,2.7070915699005127,2.3457610607147217,2.1139273643493652,1.9002926349639893,1.5597379207611084,1.4400843381881714,1.060361623764038,1.0417568683624268,0.7594325542449951,0.901540219783783,1.0543310642242432,1.1668925285339355,1.5170978307724,1.6548879146575928,1.6244051456451416,2.604522228240967,2.3743224143981934,2.1952502727508545,1.832122564315796,1.7647438049316406,1.3997790813446045,1.3921183347702026,1.195974349975586,1.2433478832244873,1.2890584468841553,1.0946520566940308,1.3650126457214355,1.2462372779846191,1.5976710319519043,1.5754461288452148,2.8758792877197266,2.746065139770508,2.377894401550293,2.3816604614257812,2.08256196975708,2.0352141857147217,1.922790765762329,1.809729814529419,1.935671091079712,1.8764883279800415,2.2229437828063965,2.3576066493988037,2.5243096351623535,2.7010440826416016,2.9432008266448975,2.2639777660369873,2.279404401779175,1.9642020463943481,1.9474196434020996,1.9206656217575073,1.7750849723815918,1.956083059310913,1.8379676342010498,2.1457223892211914,2.1520378589630127,2.328700304031372,2.5898234844207764,2.564993143081665,2.879847288131714,3.0891358852386475
A14,3.7656660079956055,3.4533205032348633,3.2039718627929688,2.8723526000976562,2.606536626815796,2.284010648727417,2.009890079498291,1.6930466890335083,1.4032992124557495,1.0957458019256592,0.8401753902435303,0.5151299834251404,0.3645355701446533,0.0,0.3681185841560364,3.0024282932281494,2.642040967941284,2.4141833782196045,2.2272770404815674,1.8790918588638306,1.7875123023986816,1.4071323871612549,1.382120966911316,1.0872527360916138,1.1496244668960571,1.2874152660369873,1.3048030138015747,1.6708391904830933,1.7346761226654053,1.701533317565918,2.6328694820404053,2.432657480239868,2.292867660522461,1.9292742013931274,1.9310270547866821,1.5890705585479736,1.6485869884490967,1.498620867729187,1.5812381505966187,1.6498945951461792,1.455898404121399,1.7157652378082275,1.5723220109939575,1.9104862213134766,1.8639705181121826,3.1783862113952637,3.0428364276885986,2.680872917175293,2.6927971839904785,2.3780059814453125,2.342471122741699,2.1967103481292725,2.0845508575439453,2.165360927581787,2.083160400390625,2.4288582801818848,2.5224342346191406,2.7060203552246094,2.8430941104888916,3.0922999382019043,2.283921957015991,2.350674629211426,2.072451591491699,2.0704195499420166,2.1058411598205566,1.9739923477172852,2.2011547088623047,2.104412794113159,2.425140857696533,2.4484786987304688,2.597945213317871,2.8695976734161377,2.820443630218506,3.144166946411133,3.340996265411377
A15,3.795285224914551,3.471951961517334,3.254647970199585,2.9046995639801025,2.6586382389068604,2.343498945236206,2.06683349609375,1.7836127281188965,1.4652515649795532,1.2272377014160156,0.9124727845191956,0.6260348558425903,0.538318395614624,0.3681185841560364,0.0,2.89457368850708,2.5268023014068604,2.336730718612671,2.175541400909424,1.8443838357925415,1.8156450986862183,1.4616273641586304,1.5275146961212158,1.2869515419006348,1.4296677112579346,1.5747439861297607,1.6345584392547607,1.9949671030044556,2.0765035152435303,2.0150868892669678,2.987588882446289,2.79178786277771,2.6381304264068604,2.2784712314605713,2.2588682174682617,1.9027900695800781,1.9260557889938354,1.7268627882003784,1.7626354694366455,1.7615419626235962,1.5198123455047607,1.7147955894470215,1.5005426406860352,1.8074897527694702,1.7591179609298706,3.373710870742798,3.2648119926452637,2.896357536315918,2.911823034286499,2.619320869445801,2.5655524730682373,2.4485177993774414,2.310804843902588,2.408735990524292,2.3003602027893066,2.629852056503296,2.71415638923645,2.8590548038482666,2.9938876628875732,3.2691335678100586,2.2647204399108887,2.3678603172302246,2.0922436714172363,2.1557419300079346,2.192084789276123,2.1175615787506104,2.3485260009765625,2.2877349853515625,2.6181559562683105,2.6574740409851074,2.8429067134857178,3.1162147521972656,3.0966901779174805,3.4155919551849365,3.6175005435943604
B1,1.5198884010314941,1.2767654657363892,1.414406418800354,1.1464147567749023,1.3416881561279297,1.3717529773712158,1.5246566534042358,1.75773024559021,1.8768486976623535,2.222565174102783,2.2372021675109863,2.565211534500122,2.7070915699005127,3.0024282932281494,2.89457368850708,0.0,0.39137598872184753,0.6196581125259399,0.891518771648407,1.1921167373657227,1.4731967449188232,1.7928951978683472,2.09271240234375,2.419239044189453,2.7378365993499756,2.9444310665130615,3.3020122051239014,3.455082654953003,3.7904491424560547,3.81782865524292,4.320838451385498,4.120174407958984,3.7738049030303955,3.589677095413208,3.3071444034576416,3.028595447540283,2.811615467071533,2.469034194946289,2.345961809158325,1.9977149963378906,2.0441465377807617,1.8522711992263794,1.7789636850357056,1.6790857315063477,2.03464674949646,3.359591484069824,3.3132200241088867,3.049020767211914,2.878790855407715,2.8589959144592285,2.5846540927886963,2.7118072509765625,2.467952251434326,2.669529914855957,2.558983087539673,2.580474376678467,2.7385549545288086,2.5365617275238037,2.796555757522583,3.026886224746704,2.6312522888183594,2.461310863494873,2.198728322982788,2.338697671890259,2.0510361194610596,2.221069574356079,2.08923602104187,2.212682008743286,2.3072962760925293,2.423893451690674,2.7881312370300293,2.9499917030334473,3.2379040718078613,3.408796787261963,3.535120725631714
B2,1.7570228576660156,1.4907134771347046,1.5389761924743652,1.1999479532241821,1.3191888332366943,1.2444454431533813,1.3504574298858643,1.5205681324005127,1.6025242805480957,1.9262279272079468,1.9003779888153076,2.223809003829956,2.3457610607147217,2.642040967941284,2.5268023014068604,0.39137598872184753,0.0,0.3767911195755005,0.5886285305023193,0.8755237460136414,1.1739588975906372,1.4683524370193481,1.7930574417114258,2.096264362335205,2.431907892227173,2.630751132965088,2.9843227863311768,3.154876947402954,3.4818336963653564,3.491377830505371,4.103424549102783,3.8887600898742676,3.5544824600219727,3.3412952423095703,3.0663115978240967,2.765538215637207,2.5452146530151367,2.19107723236084,2.0523667335510254,1.697340965270996,1.7010818719863892,1.5045245885849,1.4004124402999878,1.312962293624878,1.670039415359497,3.1722662448883057,3.1297695636749268,2.8401432037353516,2.6983628273010254,2.6519267559051514,2.3997373580932617,2.519824981689453,2.2837584018707275,2.5035455226898193,2.3987841606140137,2.473663568496704,2.644756555557251,2.487236738204956,2.75355863571167,3.0002171993255615,2.502168893814087,2.3583755493164062,2.060878038406372,2.201227903366089,1.9241430759429932,2.0642735958099365,1.9649063348770142,2.055190086364746,2.189488410949707,2.2858669757843018,2.6539738178253174,2.8308942317962646,3.0884227752685547,3.280122756958008,3.433405876159668
B3,1.66121506690979,1.3522731065750122,1.320683479309082,0.9517632722854614,0.9921435117721558,0.8915987014770508,0.9740990996360779,1.1608484983444214,1.2646890878677368,1.604546070098877,1.6274141073226929,1.9639050960540771,2.1139273643493652,2.4141833782196045,2.336730718612671,0.6196581125259399,0.3767911195755005,0.0,0.3818473517894745,0.5854328274726868,0.8986775875091553,1.1905357837677002,1.4953075647354126,1.8169782161712646,2.133089065551758,2.3580663204193115,2.7078909873962402,2.87904691696167,3.2045862674713135,3.242838144302368,3.747058153152466,3.543935775756836,3.2048990726470947,3.0021488666534424,2.734498977661133,2.438660144805908,2.2402215003967285,1.8880091905593872,1.7937777042388916,1.4559382200241089,1.5072455406188965,1.3839892148971558,1.3044301271438599,1.3145010471343994,1.6753779649734497,3.021925210952759,2.938394784927368,2.638205051422119,2.469062089920044,2.3881795406341553,2.1140260696411133,2.199544668197632,1.9418866634368896,2.143000364303589,2.0256969928741455,2.102018356323242,2.2720019817352295,2.1256487369537354,2.3967912197113037,2.643801689147949,2.223874568939209,2.053624153137207,1.7406353950500488,1.849961757659912,1.5598254203796387,1.6886411905288696,1.5914183855056763,1.6916180849075317,1.8444087505340576,1.9661411046981812,2.3298656940460205,2.532358407974243,2.7860021591186523,2.998281478881836,3.1368465423583984
B4,1.7776261568069458,1.509385347366333,1.4153186082839966,1.0256555080413818,1.0536928176879883,0.8319908976554871,0.9498171806335449,1.0311180353164673,1.165224552154541,1.4572029113769531,1.4516280889511108,1.8050892353057861,1.9002926349639893,2.2272770404815674,2.175541400909424,0.891518771648407,0.5886285305023193,0.3818473517894745,0.0,0.38228246569633484,0.5949463844299316,0.9273810386657715,1.2265926599502563,1.5451805591583252,1.8728158473968506,2.059587240219116,2.419238805770874,2.574554204940796,2.9076483249664307,2.926748275756836,3.5639185905456543,3.3310482501983643,3.003026008605957,2.7820730209350586,2.4962825775146484,2.197932481765747,1.9619802236557007,1.6109405755996704,1.46738862991333,1.1155827045440674,1.1624459028244019,1.0212643146514893,0.9953386783599854,1.0133883953094482,1.3697271347045898,2.673970937728882,2.604628562927246,2.296577215194702,2.156064033508301,2.0823535919189453,1.8402913808822632,1.958804726600647,1.7423194646835327,1.9928046464920044,1.9296438694000244,2.0536227226257324,2.270573616027832,2.177673101425171,2.475585699081421,2.702913999557495,2.3852150440216064,2.214815378189087,1.8702987432479858,1.9284348487854004,1.6252837181091309,1.6702462434768677,1.551142692565918,1.5666550397872925,1.7087912559509277,1.7671040296554565,2.133357286453247,2.3155853748321533,2.5464420318603516,2.7529633045196533,2.92625093460083
B5,1.996816635131836,1.6951698064804077,1.5381416082382202,1.1505837440490723,1.044681191444397,0.7524879574775696,0.7216066718101501,0.7203619480133057,0.7945738434791565,1.081993818283081,1.0821806192398071,1.4368451833724976,1.5597379207611084,1.8790918588638306,1.8443838357925415,1.1921167373657227,0.8755237460136414,0.5854328274726868,0.38228246569633484,0.0,0.37690773606300354,0.6068124175071716,0.931690514087677,1.2354010343551636,1.5623747110366821,1.7858599424362183,2.1308839321136475,2.31811785697937,2.6345691680908203,2.668154239654541,3.2684032917022705,3.0458102226257324,2.7240521907806396,2.4873149394989014,2.2291479110717773,1.9090626239776611,1.7119358777999878,1.3484156131744385,1.2595525979995728,0.9356582164764404,0.9708788394927979,0.9392846822738647,0.8726139068603516,1.0261155366897583,1.3485866785049438,2.684788942337036,2.5803239345550537,2.2464795112609863,2.1050474643707275,1.9655905961990356,1.722859263420105,1.7775341272354126,1.5367069244384766,1.7609467506408691,1.6694179773330688,1.8357393741607666,2.0356533527374268,1.9818882942199707,2.263561248779297,2.5096490383148193,2.1061625480651855,1.9522722959518433,1.5906550884246826,1.6393418312072754,1.3646626472473145,1.3892399072647095,1.3348628282546997,1.3498843908309937,1.5609482526779175,1.6443514823913574,1.9944597482681274,2.221160411834717,2.4186389446258545,2.664503335952759,2.8332502841949463
B6,2.059574842453003,1.7965868711471558,1.5833942890167236,1.215697169303894,1.0976871252059937,0.7368744015693665,0.7578676342964172,0.6236609220504761,0.7852104306221008,0.9847255349159241,1.0053611993789673,1.3734098672866821,1.4400843381881714,1.7875123023986816,1.8156450986862183,1.4731967449188232,1.1739588975906372,0.8986775875091553,0.5949463844299316,0.37690773606300354,0.0,0.38767004013061523,0.635462760925293,0.9668940305709839,1.2830777168273926,1.4713720083236694,1.830863118171692,1.9866611957550049,2.317763566970825,2.352905035018921,3.011237144470215,2.763031244277954,2.44752836227417,2.2067205905914307,1.9238674640655518,1.6144137382507324,1.377498984336853,1.0205798149108887,0.8982335925102234,0.5703392028808594,0.6868931651115417,0.7286721467971802,0.7976840734481812,1.0027801990509033,1.2771117687225342,2.331681251525879,2.217247247695923,1.8773541450500488,1.7446767091751099,1.5989408493041992,1.3775959014892578,1.4550670385360718,1.2580039501190186,1.530381441116333,1.507722020149231,1.710778832435608,1.9600131511688232,1.959752082824707,2.2659904956817627,2.4762837886810303,2.2855422496795654,2.1119208335876465,1.7410380840301514,1.7122124433517456,1.4240670204162598,1.3460638523101807,1.2492960691452026,1.162311315536499,1.3472979068756104,1.3646072149276733,1.707714319229126,1.9166306257247925,2.0915181636810303,2.334312915802002,2.5270256996154785
B7,2.404564142227173,2.1253130435943604,1.8876140117645264,1.534468412399292,1.3453296422958374,0.9803241491317749,0.8589937090873718,0.5779158473014832,0.5869211554527283,0.6633003354072571,0.6366928815841675,0.9999074339866638,1.060361623764038,1.4071323871612549,1.4616273641586304,1.7928951978683472,1.4683524370193481,1.1905357837677002,0.9273810386657715,0.6068124175071716,0.38767004013061523,0.0,0.37235674262046814,0.6296730637550354,0.9700570106506348,1.1887269020080566,1.5271271467208862,1.7315210103988647,2.036477565765381,2.0700595378875732,2.7805960178375244,2.533396005630493,2.238548755645752,1.9617472887039185,1.7179460525512695,1.372025728225708,1.179476261138916,0.8122793436050415,0.7488749623298645,0.516926646232605,0.5407597422599792,0.7435937523841858,0.7548049092292786,1.0701801776885986,1.2681031227111816,2.395771026611328,2.2626137733459473,1.9007998704910278,1.7982501983642578,1.583631992340088,1.4013853073120117,1.4052175283432007,1.2142380475997925,1.4543545246124268,1.416620135307312,1.683607816696167,1.9093379974365234,1.9675993919372559,2.244410991668701,2.4683659076690674,2.159980297088623,2.0254135131835938,1.6510674953460693,1.6120063066482544,1.3869696855545044,1.267867088317871,1.2654688358306885,1.154642939567566,1.4072872400283813,1.4266140460968018,1.7256542444229126,1.9676117897033691,2.0832481384277344,2.361396551132202,2.5595648288726807
B8,2.503570795059204,2.24649715423584,1.9629967212677002,1.6510740518569946,1.4322158098220825,1.0695405006408691,0.9582856893539429,0.6133196353912354,0.688323438167572,0.62164705991745,0.6990170478820801,1.0128047466278076,1.0417568683624268,1.382120966911316,1.5275146961212158,2.09271240234375,1.7930574417114258,1.4953075647354126,1.2265926599502563,0.931690514087677,0.635462760925293,0.37235674262046814,0.0,0.3787336051464081,0.6498376131057739,0.8764848113059998,1.220773696899414,1.398310661315918,1.7133288383483887,1.7826087474822998,2.435206413269043,2.1750569343566895,1.882596731185913,1.6063364744186401,1.3495601415634155,1.0095349550247192,0.8093493580818176,0.4421452581882477,0.47714582085609436,0.4354720115661621,0.5987309813499451,0.9131731390953064,1.0223228931427002,1.3434134721755981,1.487140417098999,2.1936123371124268,2.019685745239258,1.6570379734039307,1.5447471141815186,1.2822561264038086,1.1178251504898071,1.07859468460083,0.923675537109375,1.1737043857574463,1.1960914134979248,1.5002347230911255,1.7532649040222168,1.8711283206939697,2.1527457237243652,2.3398051261901855,2.2538058757781982,2.096881628036499,1.7339943647384644,1.614912509918213,1.3989593982696533,1.1837129592895508,1.165849208831787,0.9650198817253113,1.2058404684066772,1.1831711530685425,1.4390528202056885,1.6862965822219849,1.762001633644104,2.0558583736419678,2.2569963932037354
B9,2.8813350200653076,2.6238276958465576,2.337026596069336,2.0284054279327393,1.797914743423462,1.4410014152526855,1.2902512550354004,0.9280411005020142,0.8819501996040344,0.6476408243179321,0.621491551399231,0.8215904831886292,0.7594325542449951,1.0872527360916138,1.2869515419006348,2.419239044189453,2.096264362335205,1.8169782161712646,1.5451805591583252,1.2354010343551636,0.9668940305709839,0.6296730637550354,0.3787336051464081,0.0,0.3732825517654419,0.5891239643096924,0.9026186466217041,1.1404837369918823,1.4201220273971558,1.466727375984192,2.2957372665405273,2.021829128265381,1.773962378501892,1.4472700357437134,1.2424415349960327,0.8738925457000732,0.7268436551094055,0.4520271420478821,0.5260356068611145,0.652627170085907,0.6636608242988586,1.0286904573440552,1.107586145401001,1.4567327499389648,1.5163863897323608,2.2424063682556152,2.0732412338256836,1.7048289775848389,1.6544066667556763,1.3552162647247314,1.2790805101394653,1.197850227355957,1.110728144645691,1.3182098865509033,1.353940725326538,1.6979379653930664,1.9252779483795166,2.0939927101135254,2.3435516357421875,2.529404640197754,2.3529446125030518,2.2409543991088867,1.891367793083191,1.7710041999816895,1.6219297647476196,1.3855783939361572,1.4354768991470337,1.220617413520813,1.469288945198059,1.419459342956543,1.6098244190216064,1.8506423234939575,1.852946162223816,2.157369613647461,2.374807596206665
B10,3.0640830993652344,2.8175530433654785,2.5024378299713135,2.231489658355713,1.9752568006515503,1.642084002494812,1.4842138290405273,1.1241670846939087,1.09635591506958,0.8035877346992493,0.8684267401695251,0.9630800485610962,0.901540219783783,1.1496244668960571,1.4296677112579346,2.7378365993499756,2.431907892227173,2.133089065551758,1.8728158473968506,1.5623747110366821,1.2830777168273926,0.9700570106506348,0.6498376131057739,0.3732825517654419,0.0,0.3715457022190094,0.6154212355613708,0.8517200946807861,1.1131527423858643,1.2273849248886108,1.936009407043457,1.656231164932251,1.4256267547607422,1.0840736627578735,0.9091338515281677,0.5384735465049744,0.5022011995315552,0.4293575584888458,0.6693560481071472,0.9251253604888916,0.9979433417320251,1.367569088935852,1.4737024307250977,1.8175427913665771,1.8548966646194458,2.229613780975342,2.0170717239379883,1.6675411462783813,1.6115467548370361,1.2644351720809937,1.2274552583694458,1.0646593570709229,1.0325229167938232,1.1803597211837769,1.2572821378707886,1.6193543672561646,1.8391779661178589,2.0649545192718506,2.2945878505706787,2.446525812149048,2.434368848800659,2.314356803894043,1.9916391372680664,1.8132400512695312,1.699163556098938,1.4059579372406006,1.4698102474212646,1.2182581424713135,1.4467278718948364,1.3809345960617065,1.4880884885787964,1.7333323955535889,1.6736419200897217,1.9953603744506836,2.1986501216888428
B11,3.254098415374756,3.0374927520751953,2.723581314086914,2.454599618911743,2.234051465988159,1.8901914358139038,1.7839752435684204,1.4280855655670166,1.429907202720642,1.1531002521514893,1.151821494102478,1.2213325500488281,1.0543310642242432,1.2874152660369873,1.5747439861297607,2.9444310665130615,2.630751132965088,2.3580663204193115,2.059587240219116,1.7858599424362183,1.4713720083236694,1.1887269020080566,0.8764848113059998,0.5891239643096924,0.3715457022190094,0.0,0.3731960654258728,0.5563040971755981,0.8519982695579529,0.9108930230140686,1.9702900648117065,1.643162488937378,1.4648933410644531,1.1131329536437988,0.9233930110931396,0.639845073223114,0.5058848261833191,0.5848372578620911,0.6753150224685669,0.9993785619735718,1.040776252746582,1.3932527303695679,1.5498567819595337,1.8653687238693237,1.8434325456619263,1.994657039642334,1.8048630952835083,1.462803602218628,1.4833002090454102,1.1541463136672974,1.2291357517242432,1.1304868459701538,1.210933804512024,1.3996518850326538,1.5465837717056274,1.8986245393753052,2.1436030864715576,2.37910532951355,2.620046377182007,2.745518445968628,2.802852153778076,2.685727119445801,2.3609578609466553,2.181018590927124,2.0537376403808594,1.7509686946868896,1.7733304500579834,1.4815568923950195,1.6472419500350952,1.5019663572311401,1.5748142004013062,1.754058837890625,1.641923189163208,1.9293723106384277,2.176229476928711
B12,3.5970985889434814,3.3784117698669434,3.055213212966919,2.798412322998047,2.559544563293457,2.226595640182495,2.094299077987671,1.736467719078064,1.7021666765213013,1.382965087890625,1.3770802021026611,1.3534424304962158,1.1668925285339355,1.3048030138015747,1.6345584392547607,3.3020122051239014,2.9843227863311768,2.7078909873962402,2.419238805770874,2.1308839321136475,1.830863118171692,1.5271271467208862,1.220773696899414,0.9026186466217041,0.6154212355613708,0.3731960654258728,0.0,0.3678838908672333,0.5272660255432129,0.6238460540771484,1.7834436893463135,1.454782247543335,1.3529844284057617,0.9812825918197632,0.9084925651550293,0.7121435403823853,0.7436959743499756,0.9183323979377747,1.0465948581695557,1.3717149496078491,1.3876802921295166,1.735190510749817,1.868207335472107,2.1873421669006348,2.1321802139282227,2.174776077270508,1.976456642150879,1.6675126552581787,1.7149262428283691,1.3784540891647339,1.4963067770004272,1.3514082431793213,1.4592156410217285,1.5821541547775269,1.72765052318573,2.082307815551758,2.2958457469940186,2.567444086074829,2.775669574737549,2.8874387741088867,2.9466288089752197,2.852724552154541,2.5523641109466553,2.3592045307159424,2.279182195663452,1.965233325958252,2.0250933170318604,1.740360975265503,1.9051623344421387,1.7656830549240112,1.77553391456604,1.9470436573028564,1.774385690689087,2.0593132972717285,2.2922492027282715
B13,3.624619722366333,3.4396860599517822,3.1065406799316406,2.877438545227051,2.6599152088165283,2.3383216857910156,2.255237102508545,1.9129971265792847,1.9410278797149658,1.6527713537216187,1.6821268796920776,1.698570966720581,1.5170978307724,1.6708391904830933,1.9949671030044556,3.455082654953003,3.154876947402954,2.87904691696167,2.574554204940796,2.31811785697937,1.9866611957550049,1.7315210103988647,1.398310661315918,1.1404837369918823,0.8517200946807861,0.5563040971755981,0.3678838908672333,0.0,0.36994999647140503,0.5355110168457031,1.695048451423645,1.3276885747909546,1.2529616355895996,0.93220055103302,0.815525472164154,0.7620479464530945,0.7448089718818665,1.02283775806427,1.1252236366271973,1.4816135168075562,1.5515284538269043,1.8809517621994019,2.0704243183135986,2.363171339035034,2.3060171604156494,1.9280840158462524,1.712161898612976,1.4413869380950928,1.5112777948379517,1.1926301717758179,1.3832128047943115,1.2652194499969482,1.4599707126617432,1.5953223705291748,1.8088414669036865,2.13914155960083,2.380979061126709,2.661534547805786,2.884981632232666,2.9547064304351807,3.218733787536621,3.0937893390655518,2.79500150680542,2.5709986686706543,2.4634690284729004,2.1244747638702393,2.1299171447753906,1.8080302476882935,1.9040758609771729,1.7087396383285522,1.6649556159973145,1.7773139476776123,1.5566961765289307,1.8079575300216675,2.0573248863220215
