,A1,A2,A3,A4,A5,A6,A7,A8,A9,A10,A11,A12,A13,A14,A15,B1,B2,B3,B4,B5,B6,B7,B8,B9,B10,B11,B12,B13,B14,B15,C1,C2,C3,C4,C5,C6,C7,C8,C9,C10,C11,C12,C13,C14,C15,D1,D2,D3,D4,D5,D6,D7,D8,D9,D10,D11,D12,D13,D14,D15,E1,E2,E3,E4,E5,E6,E7,E8,E9,E10,E11,E12,E13,E14,E15
A1,0.0,0.3889749348163605,0.6328334212303162,0.8481603860855103,1.1909352540969849,1.4230377674102783,1.7486270666122437,2.0357167720794678,2.369103193283081,2.671623706817627,2.839620590209961,3.2024710178375244,3.3127262592315674,3.6605052947998047,3.68381667137146,2.894383430480957,2.6602728366851807,2.348158836364746,2.440516948699951,2.115785598754883,2.253124713897705,2.0697147846221924,2.1514220237731934,2.2009143829345703,2.2456350326538086,2.6142561435699463,2.691119909286499,2.988955497741699,3.087798833847046,3.273587465286255,3.520930528640747,3.168877363204956,2.9025590419769287,2.706439256668091,2.3344061374664307,2.2425358295440674,1.8642144203186035,1.7711386680603027,1.4776064157485962,1.4215902090072632,1.5509675741195679,1.4272183179855347,1.78984797000885,1.7202357053756714,1.7147523164749146,4.111969470977783,3.9340033531188965,3.5991873741149902,3.3724558353424072,3.0983078479766846,2.8001670837402344,2.618452787399292,2.2648491859436035,2.1492695808410645,1.769365668296814,1.8230321407318115,1.6107333898544312,1.5558536052703857,1.462496280670166,1.8208861351013184,2.8846380710601807,2.9643845558166504,2.813720941543579,2.616441011428833,2.7071847915649414,2.434175729751587,2.6646018028259277,2.4893221855163574,2.7279272079467773,2.6585121154785156,2.651773691177368,2.861095905303955,2.654515027999878,2.947619676589966,3.132521867752075
A2,0.3889749348163605,0.0,0.3784931004047394,0.5738762617111206,0.88761305809021,1.1674035787582397,1.4512996673583984,1.7720125913619995,2.0813791751861572,2.407904863357544,2.5837738513946533,2.9410157203674316,3.082335948944092,3.4173524379730225,3.425536632537842,2.6393818855285645,2.440492630004883,2.1160671710968018,2.236881732940674,1.9380618333816528,2.0824100971221924,1.9564863443374634,2.0421159267425537,2.155365228652954,2.2029099464416504,2.5846498012542725,2.6961963176727295,2.964287281036377,3.0984950065612793,3.3019564151763916,3.1762239933013916,2.8196396827697754,2.5569839477539062,2.3827035427093506,2.008479595184326,1.957977533340454,1.585175633430481,1.5551555156707764,1.3107527494430542,1.3371083736419678,1.5281349420547485,1.4970883131027222,1.8705378770828247,1.8765465021133423,1.8772870302200317,3.943474292755127,3.7637085914611816,3.4478228092193604,3.1903162002563477,2.932342290878296,2.611546039581299,2.4366910457611084,2.0673201084136963,1.935912013053894,1.5502797365188599,1.5399603843688965,1.3280197381973267,1.2147152423858643,1.1380620002746582,1.495384693145752,2.86635422706604,2.933666467666626,2.739752769470215,2.5643301010131836,2.6152682304382324,2.3451764583587646,2.5570473670959473,2.3681044578552246,2.61521315574646,2.5214836597442627,2.5606188774108887,2.7551963329315186,2.5737929344177246,2.853762626647949,3.07367205619812
A3,0.6328334212303162,0.3784931004047394,0.0,0.3873502314090729,0.60357666015625,0.9018397927284241,1.1819084882736206,1.4953784942626953,1.8242993354797363,2.1294045448303223,2.341871500015259,2.6893396377563477,2.8420684337615967,3.171428680419922,3.209287405014038,2.3098082542419434,2.095085620880127,1.7624956369400024,1.8645451068878174,1.560284972190857,1.7072784900665283,1.592552661895752,1.7008066177368164,1.842822551727295,1.9268070459365845,2.3083789348602295,2.4580531120300293,2.7214596271514893,2.8886592388153076,3.075430154800415,2.8970296382904053,2.546743392944336,2.2844078540802,2.0761454105377197,1.708095669746399,1.621424913406372,1.2418615818023682,1.1939157247543335,0.9373197555541992,1.0026910305023193,1.1993235349655151,1.2315547466278076,1.6010271310806274,1.6676571369171143,1.6671509742736816,3.6198718547821045,3.4601101875305176,3.1468234062194824,2.89251971244812,2.6563727855682373,2.327664613723755,2.1927011013031006,1.824403166770935,1.750439167022705,1.3828648328781128,1.3997442722320557,1.2757598161697388,1.1458662748336792,1.189634084701538,1.539433479309082,2.7957520484924316,2.8135459423065186,2.5922353267669678,2.389091968536377,2.3950674533843994,2.0986719131469727,2.272298574447632,2.052269458770752,2.2775232791900635,2.1615562438964844,2.199828624725342,2.3839523792266846,2.207212448120117,2.4847097396850586,2.7121567726135254
A4,0.8481603860855103,0.5738762617111206,0.3873502314090729,0.0,0.38634687662124634,0.5967759490013123,0.906180739402771,1.205034613609314,1.5245298147201538,1.8413331508636475,2.0156471729278564,2.3734543323516846,2.5121078491210938,2.847357749938965,2.867172956466675,2.3743979930877686,2.18219256401062,1.8216240406036377,1.8851230144500732,1.5789906978607178,1.6508971452713013,1.5447092056274414,1.5749295949935913,1.7264302968978882,1.746773362159729,2.1317591667175293,2.267930269241333,2.4995388984680176,2.6664493083953857,2.886085033416748,2.744244337081909,2.4136459827423096,2.1129214763641357,1.9404658079147339,1.555726170539856,1.476715087890625,1.1223551034927368,1.0757070779800415,0.9204422831535339,0.9550809860229492,1.2540724277496338,1.3161505460739136,1.6630911827087402,1.761315107345581,1.833935022354126,3.3927834033966064,3.2032742500305176,2.8950743675231934,2.6260805130004883,2.3706347942352295,2.0444018840789795,1.872789740562439,1.500037670135498,1.386001467704773,1.0092239379882812,1.028128743171692,0.9073730111122131,0.8335530161857605,0.9193010926246643,1.261411190032959,2.4763858318328857,2.500648260116577,2.2643988132476807,2.093183755874634,2.1011269092559814,1.8341999053955078,2.033386468887329,1.8521108627319336,2.122771978378296,2.047657012939453,2.1448304653167725,2.3627254962921143,2.243361234664917,2.5386886596679688,2.7631611824035645
A5,1.1909352540969849,0.88761305809021,0.60357666015625,0.38634687662124634,0.0,0.37496140599250793,0.5808389186859131,0.9167506098747253,1.2265874147415161,1.5453025102615356,1.7648407220840454,2.1043012142181396,2.2823314666748047,2.597975254058838,2.631679058074951,2.0380139350891113,1.868862509727478,1.499833345413208,1.56769597530365,1.2951629161834717,1.3668851852416992,1.3365205526351929,1.3873388767242432,1.6148381233215332,1.6696341037750244,2.046072244644165,2.235049247741699,2.4348104000091553,2.6486198902130127,2.8594400882720947,2.366497278213501,2.037499189376831,1.7392796277999878,1.555053949356079,1.171623945236206,1.099807858467102,0.7494432926177979,0.7729358673095703,0.7157735824584961,0.8771047592163086,1.1951225996017456,1.363822102546692,1.6789486408233643,1.8525229692459106,1.9149295091629028,3.1316373348236084,2.960571527481079,2.6731765270233154,2.383794069290161,2.166947841644287,1.817729115486145,1.6966320276260376,1.3218461275100708,1.2584025859832764,0.9274300932884216,0.8986985087394714,0.9014126062393188,0.7541373372077942,0.9778792262077332,1.2612959146499634,2.5567405223846436,2.534120798110962,2.253777503967285,2.0817196369171143,2.0193357467651367,1.7416298389434814,1.880914330482483,1.6638208627700806,1.9127618074417114,1.7966159582138062,1.9312810897827148,2.1203343868255615,2.0291621685028076,2.3018224239349365,2.554145574569702
A6,1.4230377674102783,1.1674035787582397,0.9018397927284241,0.5967759490013123,0.37496140599250793,0.0,0.3810165524482727,0.6129608154296875,0.9560220837593079,1.2495744228363037,1.4421824216842651,1.7935541868209839,1.9409455060958862,2.270235300064087,2.314349889755249,2.13887095451355,1.9673513174057007,1.589982271194458,1.5769414901733398,1.2949873208999634,1.2601709365844727,1.2118017673492432,1.1670472621917725,1.3883421421051025,1.385885238647461,1.7541249990463257,1.9360601902008057,2.106985092163086,2.3259682655334473,2.553327798843384,2.3040273189544678,2.0156476497650146,1.678467035293579,1.5067787170410156,1.1321172714233398,1.0063896179199219,0.7260816097259521,0.6669330596923828,0.7350216507911682,0.8070489764213562,1.179953932762146,1.3612308502197266,1.6274477243423462,1.8281022310256958,1.9539344310760498,2.8219153881073,2.628823757171631,2.3364412784576416,2.0481717586517334,1.8109920024871826,1.4694695472717285,1.3266260623931885,0.9509521126747131,0.9039082527160645,0.5995312929153442,0.6703420877456665,0.7920235991477966,0.7786871790885925,1.0638200044631958,1.299342393875122,2.2386977672576904,2.1929070949554443,1.897382378578186,1.7321569919586182,1.6551780700683594,1.3925905227661133,1.5434237718582153,1.3616963624954224,1.64924156665802,1.5875165462493896,1.7670332193374634,1.9963905811309814,1.9627208709716797,2.256364107131958,2.4849188327789307
A7,1.7486270666122437,1.4512996673583984,1.1819084882736206,0.906180739402771,0.5808389186859131,0.3810165524482727,0.0,0.37886884808540344,0.6474828124046326,0.9783430695533752,1.2069947719573975,1.5335984230041504,1.7385395765304565,2.036808729171753,2.072554349899292,1.9456980228424072,1.8306907415390015,1.460741400718689,1.4605860710144043,1.255924940109253,1.2056794166564941,1.2708346843719482,1.2312926054000854,1.5225462913513184,1.5330842733383179,1.868720531463623,2.0870423316955566,2.205273389816284,2.460360288619995,2.687483072280884,1.9336676597595215,1.6536576747894287,1.3062549829483032,1.1639623641967773,0.7930042147636414,0.7300089597702026,0.5512840151786804,0.6571440696716309,0.8839590549468994,1.0548559427261353,1.4019038677215576,1.645372748374939,1.8799892663955688,2.1228721141815186,2.2347524166107178,2.66031551361084,2.475536346435547,2.2218456268310547,1.8968842029571533,1.707926869392395,1.344250202178955,1.2502328157424927,0.8949360847473145,0.8731582760810852,0.6866023540496826,0.6174420118331909,0.8535457849502563,0.771820068359375,1.129481315612793,1.277522325515747,2.390578269958496,2.318659543991089,1.9849542379379272,1.854544758796692,1.711569905281067,1.4766839742660522,1.561149001121521,1.3690227270126343,1.6327060461044312,1.535593032836914,1.7760831117630005,1.9656773805618286,1.978203535079956,2.2338883876800537,2.4907567501068115
A8,2.0357167720794678,1.7720125913619995,1.4953784942626953,1.205034613609314,0.9167506098747253,0.6129608154296875,0.37886884808540344,0.0,0.38264575600624084,0.6375261545181274,0.8710696697235107,1.2001796960830688,1.383811593055725,1.6901016235351562,1.7573357820510864,2.0367846488952637,1.921352744102478,1.5662624835968018,1.481109619140625,1.293851375579834,1.13448166847229,1.2050822973251343,1.0749783515930176,1.3648265600204468,1.3326506614685059,1.6271382570266724,1.8528677225112915,1.9223806858062744,2.1964821815490723,2.426194906234741,1.87492036819458,1.6577765941619873,1.2896051406860352,1.1573693752288818,0.8578176498413086,0.7197170853614807,0.7022189497947693,0.7138751745223999,1.025494933128357,1.1290802955627441,1.4675348997116089,1.7228763103485107,1.8945847749710083,2.1643927097320557,2.3171284198760986,2.3024120330810547,2.1035938262939453,1.8528327941894531,1.522904396057129,1.3340106010437012,0.9694296717643738,0.8963819742202759,0.5721620321273804,0.6614962220191956,0.6520297527313232,0.6958543062210083,1.0301263332366943,1.0521013736724854,1.4107061624526978,1.5141342878341675,2.198923110961914,2.081228494644165,1.726394534111023,1.603238582611084,1.4091506004333496,1.1997672319412231,1.2480497360229492,1.0900524854660034,1.3698315620422363,1.3235101699829102,1.6168756484985352,1.8290036916732788,1.908684253692627,2.168050765991211,2.3984904289245605
A9,2.369103193283081,2.0813791751861572,1.8242993354797363,1.5245298147201538,1.2265874147415161,0.9560220837593079,0.6474828124046326,0.38264575600624084,0.0,0.3899436295032501,0.59866863489151,0.8957087993621826,1.1420429944992065,1.4090577363967896,1.4447184801101685,2.1029114723205566,2.0507867336273193,1.7231093645095825,1.646260380744934,1.535300612449646,1.3606688976287842,1.4974040985107422,1.3553621768951416,1.6528040170669556,1.5980830192565918,1.8425137996673584,2.066060781478882,2.072192668914795,2.355822801589966,2.5954136848449707,1.6315979957580566,1.4634312391281128,1.081968903541565,1.0507265329360962,0.8339294791221619,0.8087517619132996,0.9341037273406982,1.0347431898117065,1.3774632215499878,1.504982352256775,1.830565333366394,2.098269462585449,2.2534165382385254,2.533874750137329,2.6884782314300537,2.194044589996338,1.9825942516326904,1.7886930704116821,1.4208132028579712,1.2813655138015747,0.9343414902687073,0.890757143497467,0.6778699159622192,0.7347728610038757,0.8600428700447083,0.7970302700996399,1.1612142324447632,1.1775966882705688,1.540022373199463,1.555270791053772,2.2977371215820312,2.172654151916504,1.7969993352890015,1.7398583889007568,1.5094833374023438,1.3761403560638428,1.3818237781524658,1.2730876207351685,1.527227520942688,1.4870202541351318,1.8277983665466309,2.0089550018310547,2.137845754623413,2.361680507659912,2.599813938140869
A10,2.671623706817627,2.407904863357544,2.1294045448303223,1.8413331508636475,1.5453025102615356,1.2495744228363037,0.9783430695533752,0.6375261545181274,0.3899436295032501,0.0,0.39004990458488464,0.604529857635498,0.8517525792121887,1.1008025407791138,1.2133768796920776,2.163466215133667,2.1106796264648438,1.8152905702590942,1.6683284044265747,1.5923171043395996,1.3459570407867432,1.4979299306869507,1.3109270334243774,1.5943577289581299,1.5302438735961914,1.702585220336914,1.9411085844039917,1.8906453847885132,2.198582172393799,2.4176385402679443,1.6104823350906372,1.523868203163147,1.1697626113891602,1.1285743713378906,1.0238561630249023,0.9292405843734741,1.1443558931350708,1.1840035915374756,1.5512150526046753,1.6465795040130615,1.9342845678329468,2.213857889175415,2.3084583282470703,2.6123156547546387,2.784641981124878,1.810636043548584,1.601845145225525,1.4301037788391113,1.0528554916381836,0.9696016311645508,0.646278440952301,0.7315124869346619,0.6871848106384277,0.8840245008468628,1.115449070930481,1.1386632919311523,1.511713981628418,1.5607695579528809,1.9195075035095215,1.9302397966384888,2.2880632877349854,2.104904890060425,1.7225557565689087,1.664158582687378,1.3692126274108887,1.2722101211547852,1.1903831958770752,1.115807294845581,1.3276242017745972,1.3238214254379272,1.6990717649459839,1.8738137483596802,2.065849781036377,2.2724955081939697,2.482743501663208
A11,2.839620590209961,2.5837738513946533,2.341871500015259,2.0156471729278564,1.7648407220840454,1.4421824216842651,1.2069947719573975,0.8710696697235107,0.59866863489151,0.39004990458488464,0.0,0.3735446035861969,0.5483204126358032,0.8386698961257935,0.8908050060272217,2.5449697971343994,2.499760150909424,2.20078182220459,2.054971218109131,1.9613714218139648,1.7024177312850952,1.8100675344467163,1.572376012802124,1.7983222007751465,1.6553399562835693,1.7965986728668213,1.9757161140441895,1.8758575916290283,2.1491730213165283,2.403452157974243,1.833631992340088,1.7855364084243774,1.4322713613510132,1.4644840955734253,1.358832836151123,1.3031803369522095,1.4833135604858398,1.5058733224868774,1.8503330945968628,1.8977586030960083,2.2078568935394287,2.4521172046661377,2.5447261333465576,2.825390100479126,3.0307514667510986,1.8258891105651855,1.5518927574157715,1.4054145812988281,1.03055739402771,0.89878910779953,0.6729101538658142,0.6327303647994995,0.7075875997543335,0.8145120143890381,1.1399191617965698,1.1667735576629639,1.5307575464248657,1.6489640474319458,1.9774202108383179,1.9426616430282593,2.0771992206573486,1.9072253704071045,1.523880124092102,1.549652099609375,1.2756580114364624,1.2850308418273926,1.2551394701004028,1.2938936948776245,1.542628288269043,1.61611807346344,1.9907552003860474,2.1942408084869385,2.4007761478424072,2.6205482482910156,2.8069756031036377
A12,3.2024710178375244,2.9410157203674316,2.6893396377563477,2.3734543323516846,2.1043012142181396,1.7935541868209839,1.5335984230041504,1.2001796960830688,0.8957087993621826,0.604529857635498,0.3735446035861969,0.0,0.3774154484272003,0.5208536386489868,0.6230473518371582,2.6396102905273438,2.627838611602783,2.3644826412200928,2.203371286392212,2.1630699634552,1.8898580074310303,2.0353431701660156,1.8030006885528564,2.029508113861084,1.898769736289978,1.982717514038086,2.168980598449707,2.0175533294677734,2.3007285594940186,2.532998561859131,1.7539288997650146,1.786875605583191,1.4771474599838257,1.5510869026184082,1.5359704494476318,1.500515341758728,1.7430936098098755,1.7838817834854126,2.1463751792907715,2.208603620529175,2.4941294193267822,2.754939556121826,2.819603204727173,3.116589307785034,3.3190884590148926,1.6286200284957886,1.3621715307235718,1.3054771423339844,0.9333087205886841,0.9283193349838257,0.8110815286636353,0.8861148953437805,1.049441933631897,1.181186318397522,1.5133804082870483,1.5228996276855469,1.883642315864563,1.9838804006576538,2.313612699508667,2.250943183898926,2.3000564575195312,2.1014740467071533,1.7285116910934448,1.7784916162490845,1.4731593132019043,1.5244252681732178,1.4259568452835083,1.4832229614257812,1.6675161123275757,1.7402138710021973,2.128248929977417,2.296337127685547,2.544175624847412,2.7277629375457764,2.905773878097534
A13,3.3127262592315674,3.082335948944092,2.8420684337615967,2.5121078491210938,2.2823314666748047,1.9409455060958862,1.7385395765304565,1.383811593055725,1.1420429944992065,0.8517525792121887,0.5483204126358032,0.3774154484272003,0.0,0.37264329195022583,0.5383114218711853,2.9442436695098877,2.9009904861450195,2.6302876472473145,2.436640501022339,2.3615777492523193,2.0564022064208984,2.1452085971832275,1.8623456954956055,2.023780584335327,1.8356170654296875,1.868686556816101,2.0044758319854736,1.8065917491912842,2.0605154037475586,2.3037848472595215,2.122842788696289,2.1603949069976807,1.84697687625885,1.8962078094482422,1.8543058633804321,1.7741087675094604,1.982569694519043,1.9627379179000854,2.3023970127105713,2.304189682006836,2.585510492324829,2.813413381576538,2.8503787517547607,3.1300854682922363,3.365615129470825,1.5189872980117798,1.1909862756729126,1.1266753673553467,0.8055634498596191,0.7458785176277161,0.7703278660774231,0.7966713905334473,1.0712966918945312,1.208828330039978,1.5825273990631104,1.6603550910949707,2.0083940029144287,2.1674978733062744,2.477113723754883,2.4245598316192627,2.0482301712036133,1.8274019956588745,1.4729845523834229,1.5629842281341553,1.265629529953003,1.4011342525482178,1.3196128606796265,1.470298409461975,1.6690046787261963,1.8211438655853271,2.1944756507873535,2.398897886276245,2.660433769226074,2.865394353866577,3.003588914871216
A14,3.6605052947998047,3.4173524379730225,3.171428680419922,2.847357749938965,2.597975254058838,2.270235300064087,2.036808729171753,1.6901016235351562,1.4090577363967896,1.1008025407791138,0.8386698961257935,0.5208536386489868,0.37264329195022583,0.0,0.3658861815929413,3.0706212520599365,3.0622642040252686,2.8212854862213135,2.6279072761535645,2.5985562801361084,2.294895887374878,2.420318603515625,2.154721260070801,2.3271069526672363,2.159184455871582,2.1601216793060303,2.303058624267578,2.0747597217559814,2.3297312259674072,2.5495645999908447,2.0955300331115723,2.1990115642547607,1.928685188293457,2.0185534954071045,2.0412120819091797,1.9911415576934814,2.2425074577331543,2.251767158508301,2.6072051525115967,2.632606267929077,2.900501012802124,3.1448018550872803,3.1694552898406982,3.4617204666137695,3.689087152481079,1.4479999542236328,1.1438096761703491,1.2010400295257568,0.9229047894477844,0.9964617490768433,1.07196044921875,1.1603628396987915,1.431517243385315,1.5660532712936401,1.933903455734253,1.977391242980957,2.325382947921753,2.4622161388397217,2.7744064331054688,2.693674325942993,2.3518013954162598,2.1238064765930176,1.7895185947418213,1.8970236778259277,1.593521237373352,1.7407172918319702,1.6169754266738892,1.75874662399292,1.9043636322021484,2.0380752086639404,2.4162769317626953,2.583573341369629,2.8712401390075684,3.04154372215271,3.1782805919647217
A15,3.68381667137146,3.425536632537842,3.209287405014038,2.867172956466675,2.631679058074951,2.314349889755249,2.072554349899292,1.7573357820510864,1.4447184801101685,1.2133768796920776,0.8908050060272217,0.6230473518371582,0.5383114218711853,0.3658861815929413,0.0,3.222766876220703,3.234546661376953,2.9787344932556152,2.8227264881134033,2.7852442264556885,2.5059220790863037,2.632068157196045,2.371584415435791,2.5532748699188232,2.36712384223938,2.40462589263916,2.5258467197418213,2.311835527420044,2.5409297943115234,2.7920756340026855,2.136807441711426,2.232590913772583,1.9568365812301636,2.1027345657348633,2.10599684715271,2.1098361015319824,2.3421847820281982,2.3854904174804688,2.7370729446411133,2.7727925777435303,3.0708167552948,3.3063807487487793,3.3652093410491943,3.6433029174804688,3.8717141151428223,1.810585856437683,1.5017505884170532,1.5480072498321533,1.261574149131775,1.2698605060577393,1.2992852926254272,1.2970269918441772,1.522929072380066,1.5688867568969727,1.9311587810516357,1.923195719718933,2.24631667137146,2.390029191970825,2.6769165992736816,2.553234815597534,2.3599629402160645,2.1843461990356445,1.8543013334274292,2.0156776905059814,1.7579342126846313,1.9209673404693604,1.8574951887130737,2.000516414642334,2.187505006790161,2.310389757156372,2.6930973529815674,2.86885929107666,3.135784387588501,3.316025972366333,3.472670555114746
B1,2.894383430480957,2.6393818855285645,2.3098082542419434,2.3743979930877686,2.0380139350891113,2.13887095451355,1.9456980228424072,2.0367846488952637,2.1029114723205566,2.163466215133667,2.5449697971343994,2.6396102905273438,2.9442436695098877,3.0706212520599365,3.222766876220703,0.0,0.3859439492225647,0.628329336643219,0.8575398325920105,1.187764048576355,1.4247394800186157,1.7555803060531616,2.038754463195801,2.3835880756378174,2.667541027069092,2.8760688304901123,3.229151725769043,3.3471503257751465,3.6871440410614014,3.7492434978485107,1.6286722421646118,1.4003281593322754,1.500480055809021,1.198050618171692,1.335217833518982,1.324445128440857,1.4283591508865356,1.6225699186325073,1.7340068817138672,2.0814871788024902,2.0647387504577637,2.410705804824829,2.5119380950927734,2.823723554611206,2.71278715133667,3.0513317584991455,3.117703676223755,2.9816184043884277,2.7418456077575684,2.816356658935547,2.5131564140319824,2.7149105072021484,2.514810562133789,2.6979260444641113,2.6090896129608154,2.53692626953125,2.728187322616577,2.4798169136047363,2.7706995010375977,2.8995304107666016,4.153314590454102,3.9752707481384277,3.637035608291626,3.4176089763641357,3.1534078121185303,2.85478138923645,2.68782114982605,2.3370723724365234,2.247126579284668,1.8736623525619507,1.933695673942566,1.7357277870178223,1.6701421737670898,1.5706284046173096,1.9315576553344727
B2,2.6602728366851807,2.440492630004883,2.095085620880127,2.18219256401062,1.868862509727478,1.9673513174057007,1.8306907415390015,1.921352744102478,2.0507867336273193,2.1106796264648438,2.499760150909424,2.627838611602783,2.9009904861450195,3.0622642040252686,3.234546661376953,0.3859439492225647,0.0,0.3773998022079468,0.5759133696556091,0.8803829550743103,1.157529354095459,1.4503638744354248,1.7661019563674927,2.0871777534484863,2.395540475845337,2.6058707237243652,2.955476999282837,3.1013567447662354,3.431100845336914,3.4778103828430176,1.8744421005249023,1.6322660446166992,1.650868535041809,1.2979305982589722,1.3502905368804932,1.2432712316513062,1.2838884592056274,1.4025452136993408,1.462692379951477,1.7885552644729614,1.727524995803833,2.066866874694824,2.1521048545837402,2.460862159729004,2.34110426902771,2.9677681922912598,3.029261350631714,2.855177402496338,2.638913154602051,2.685326337814331,2.384925127029419,2.5800154209136963,2.3712189197540283,2.573082447052002,2.4655303955078125,2.4433257579803467,2.628448486328125,2.405111789703369,2.6934518814086914,2.8637022972106934,3.9554882049560547,3.773972988128662,3.453620195388794,3.2052361965179443,2.957550048828125,2.636507749557495,2.4772861003875732,2.112321615219116,2.012092113494873,1.6352330446243286,1.6410397291183472,1.450583577156067,1.3325151205062866,1.2580775022506714,1.6212692260742188
B3,2.348158836364746,2.1160671710968018,1.7624956369400024,1.8216240406036377,1.499833345413208,1.589982271194458,1.460741400718689,1.5662624835968018,1.7231093645095825,1.8152905702590942,2.20078182220459,2.3644826412200928,2.6302876472473145,2.8212854862213135,2.9787344932556152,0.628329336643219,0.3773998022079468,0.0,0.3830529749393463,0.5928260087966919,0.8893883228302002,1.1781229972839355,1.4792258739471436,1.8164173364639282,2.1011128425598145,2.3426623344421387,2.681351661682129,2.8345906734466553,3.1565518379211426,3.2310702800750732,1.8011324405670166,1.5232406854629517,1.4602539539337158,1.090621829032898,1.055160641670227,0.9167954325675964,0.9121119379997253,1.0376636981964111,1.1120398044586182,1.454851508140564,1.444945216178894,1.7942231893539429,1.9143162965774536,2.2250609397888184,2.1395785808563232,2.836641311645508,2.8534045219421387,2.652820348739624,2.4150335788726807,2.4202237129211426,2.100184202194214,2.2620315551757812,2.0290567874908447,2.2148234844207764,2.0929718017578125,2.0752475261688232,2.2582452297210693,2.0459654331207275,2.33980131149292,2.5185601711273193,3.607130289077759,3.440804958343506,3.1199092864990234,2.8782410621643066,2.6456031799316406,2.3227322101593018,2.1958565711975098,1.834845781326294,1.7887976169586182,1.4316377639770508,1.4776607751846313,1.3684948682785034,1.2581722736358643,1.2901488542556763,1.6493089199066162
B4,2.440516948699951,2.236881732940674,1.8645451068878174,1.8851230144500732,1.56769597530365,1.5769414901733398,1.4605860710144043,1.481109619140625,1.646260380744934,1.6683284044265747,2.054971218109131,2.203371286392212,2.436640501022339,2.6279072761535645,2.8227264881134033,0.8575398325920105,0.5759133696556091,0.3830529749393463,0.0,0.38386431336402893,0.5852862596511841,0.9061126112937927,1.199803113937378,1.530734658241272,1.831136703491211,2.0347349643707275,2.386364698410034,2.5259575843811035,2.8571457862854004,2.909825563430786,1.858330488204956,1.6335506439208984,1.5310419797897339,1.1450920104980469,1.1232038736343384,0.8744792342185974,0.92575603723526,0.9391220808029175,1.0561720132827759,1.338261365890503,1.3041237592697144,1.6690891981124878,1.7259819507598877,2.066725969314575,2.017690658569336,2.510349750518799,2.542642831802368,2.334449529647827,2.1280641555786133,2.148780345916748,1.8555988073349,2.0554442405700684,1.8647925853729248,2.1056740283966064,2.029038429260254,2.072174072265625,2.295076608657837,2.138030767440796,2.4546775817871094,2.6372952461242676,3.418882369995117,3.220839500427246,2.906371593475342,2.647447347640991,2.395197868347168,2.0717613697052,1.9052906036376953,1.5382142066955566,1.4448801279067993,1.0748248100280762,1.1127355098724365,0.9936738014221191,0.9279770851135254,0.9814568758010864,1.3321568965911865
B5,2.115785598754883,1.9380618333816528,1.560284972190857,1.5789906978607178,1.2951629161834717,1.2949873208999634,1.255924940109253,1.293851375579834,1.535300612449646,1.5923171043395996,1.9613714218139648,2.1630699634552,2.3615777492523193,2.5985562801361084,2.7852442264556885,1.187764048576355,0.8803829550743103,0.5928260087966919,0.38386431336402893,0.0,0.37509825825691223,0.5880895853042603,0.9135485887527466,1.2301151752471924,1.53191339969635,1.7740498781204224,2.107438325881958,2.2841057777404785,2.594632625579834,2.6606457233428955,2.0808908939361572,1.8317261934280396,1.6586898565292358,1.283484697341919,1.145833134651184,0.8388115167617798,0.7581313848495483,0.6479871869087219,0.698734700679779,0.9587278366088867,0.927649974822998,1.296113133430481,1.3763195276260376,1.7128745317459106,1.6862990856170654,2.533921003341675,2.523494243621826,2.2685606479644775,2.066532850265503,2.0222206115722656,1.7201106548309326,1.870273232460022,1.648446798324585,1.8789931535720825,1.7674096822738647,1.8548758029937744,2.0568721294403076,1.930883765220642,2.233454465866089,2.45007061958313,3.1260430812835693,2.94408917427063,2.646920919418335,2.3706612586975098,2.1540884971618652,1.8094550371170044,1.6915977001190186,1.3218696117401123,1.2846150398254395,0.9574971199035645,0.9694994688034058,0.9709834456443787,0.8528661727905273,1.0417104959487915,1.3466897010803223
B6,2.253124713897705,2.0824100971221924,1.7072784900665283,1.6508971452713013,1.3668851852416992,1.2601709365844727,1.2056794166564941,1.13448166847229,1.3606688976287842,1.3459570407867432,1.7024177312850952,1.8898580074310303,2.0564022064208984,2.294895887374878,2.5059220790863037,1.4247394800186157,1.157529354095459,0.8893883228302002,0.5852862596511841,0.37509825825691223,0.0,0.38740867376327515,0.6177246570587158,0.9657672643661499,1.2487668991088867,1.4591768980026245,1.806898832321167,1.950866937637329,2.2770049571990967,2.3445491790771484,2.0537145137786865,1.8516820669174194,1.6380586624145508,1.282741904258728,1.1583753824234009,0.7937488555908203,0.8024435043334961,0.6052947044372559,0.7778357863426208,0.9358741044998169,0.9560209512710571,1.3203028440475464,1.3450427055358887,1.7058619260787964,1.7525426149368286,2.1821303367614746,2.1611435413360596,1.897262692451477,1.7071391344070435,1.6665998697280884,1.3839139938354492,1.5657941102981567,1.3924108743667603,1.674479365348816,1.6287779808044434,1.7639497518539429,2.012934446334839,1.9457287788391113,2.271289348602295,2.4681880474090576,2.8666040897369385,2.6557505130767822,2.354322910308838,2.0777862071990967,1.8327319622039795,1.4988638162612915,1.3418278694152832,0.970086932182312,0.9197273254394531,0.5983729362487793,0.6982863545417786,0.7831037044525146,0.7973807454109192,1.0384565591812134,1.2925610542297363
B7,2.0697147846221924,1.9564863443374634,1.592552661895752,1.5447092056274414,1.3365205526351929,1.2118017673492432,1.2708346843719482,1.2050822973251343,1.4974040985107422,1.4979299306869507,1.8100675344467163,2.0353431701660156,2.1452085971832275,2.420318603515625,2.632068157196045,1.7555803060531616,1.4503638744354248,1.1781229972839355,0.9061126112937927,0.5880895853042603,0.38740867376327515,0.0,0.37559038400650024,0.6433359980583191,0.9665091633796692,1.2023706436157227,1.5286812782287598,1.7283889055252075,2.025250196456909,2.0842206478118896,2.4118611812591553,2.2010245323181152,1.9582329988479614,1.6194697618484497,1.4366382360458374,1.0707372426986694,0.9733754992485046,0.6479468941688538,0.6764437556266785,0.6750828623771667,0.643355667591095,0.9814373254776001,0.9753698706626892,1.3382885456085205,1.4219239950180054,2.2767319679260254,2.230353355407715,1.9209235906600952,1.7718349695205688,1.6674412488937378,1.411738395690918,1.5397753715515137,1.3598493337631226,1.6371433734893799,1.5631040334701538,1.7684639692306519,1.9860824346542358,1.9664359092712402,2.262544631958008,2.4953362941741943,2.658177137374878,2.453632354736328,2.1880033016204834,1.8747687339782715,1.677720308303833,1.3162356615066528,1.2100616693496704,0.8497346043586731,0.8388952016830444,0.6350606083869934,0.6104841232299805,0.8326342105865479,0.7799039483070374,1.1144241094589233,1.288825511932373
B8,2.1514220237731934,2.0421159267425537,1.7008066177368164,1.5749295949935913,1.3873388767242432,1.1670472621917725,1.2312926054000854,1.0749783515930176,1.3553621768951416,1.3109270334243774,1.572376012802124,1.8030006885528564,1.8623456954956055,2.154721260070801,2.371584415435791,2.038754463195801,1.7661019563674927,1.4792258739471436,1.199803113937378,0.9135485887527466,0.6177246570587158,0.37559038400650024,0.0,0.3865140378475189,0.6314293742179871,0.8741615414619446,1.2027699947357178,1.3779665231704712,1.682681679725647,1.7706364393234253,2.4593987464904785,2.2782440185546875,1.9957053661346436,1.6991719007492065,1.5064280033111572,1.142235279083252,1.0835169553756714,0.7414438128471375,0.8511217832565308,0.7403154969215393,0.8237851858139038,1.0893157720565796,1.0592454671859741,1.4013943672180176,1.571154236793518,2.0493266582489014,1.958877444267273,1.6256183385849,1.4843968152999878,1.3369882106781006,1.1049624681472778,1.2168715000152588,1.0803661346435547,1.3898959159851074,1.3764535188674927,1.6346025466918945,1.8801313638687134,1.9264161586761475,2.2280759811401367,2.4403035640716553,2.3187856674194336,2.0959722995758057,1.8285242319107056,1.5146785974502563,1.305286169052124,0.946482241153717,0.8407431840896606,0.49426865577697754,0.5869651436805725,0.5582374334335327,0.6580639481544495,0.9801573753356934,1.0374418497085571,1.374271273612976,1.4952549934387207
B9,2.2009143829345703,2.155365228652954,1.842822551727295,1.7264302968978882,1.6148381233215332,1.3883421421051025,1.5225462913513184,1.3648265600204468,1.6528040170669556,1.5943577289581299,1.7983222007751465,2.029508113861084,2.023780584335327,2.3271069526672363,2.5532748699188232,2.3835880756378174,2.0871777534484863,1.8164173364639282,1.530734658241272,1.2301151752471924,0.9657672643661499,0.6433359980583191,0.3865140378475189,0.0,0.3838372230529785,0.5928476452827454,0.8936751484870911,1.1331340074539185,1.4011414051055908,1.4583011865615845,2.8337771892547607,2.660979986190796,2.371955633163452,2.0834920406341553,1.8823235034942627,1.5233012437820435,1.436369776725769,1.0740211009979248,1.0913066864013672,0.8527541756629944,0.8651765584945679,1.010896921157837,0.8867470026016235,1.1948128938674927,1.4269216060638428,2.1206345558166504,2.022549867630005,1.6616941690444946,1.595497727394104,1.411450982093811,1.2592025995254517,1.330283284187317,1.2421127557754517,1.538047194480896,1.5282859802246094,1.8422452211380005,2.0588862895965576,2.1527693271636963,2.422793388366699,2.6527974605560303,2.1727564334869385,1.9383518695831299,1.7278956174850464,1.3714696168899536,1.2188246250152588,0.8629058003425598,0.8028302788734436,0.5752260088920593,0.6532073616981506,0.781585693359375,0.7534704804420471,1.119011402130127,1.1565511226654053,1.5128679275512695,1.548046588897705
B10,2.2456350326538086,2.2029099464416504,1.9268070459365845,1.746773362159729,1.6696341037750244,1.385885238647461,1.5330842733383179,1.3326506614685059,1.5980830192565918,1.5302438735961914,1.6553399562835693,1.898769736289978,1.8356170654296875,2.159184455871582,2.36712384223938,2.667541027069092,2.395540475845337,2.1011128425598145,1.831136703491211,1.53191339969635,1.2487668991088867,0.9665091633796692,0.6314293742179871,0.3838372230529785,0.0,0.3852097988128662,0.6084837913513184,0.8421865105628967,1.091583251953125,1.2222225666046143,2.9344143867492676,2.7755649089813232,2.455348491668701,2.212009906768799,1.9921588897705078,1.6598254442214966,1.5802810192108154,1.236135482788086,1.288914680480957,1.016902208328247,1.1292928457260132,1.2132134437561035,1.1284434795379639,1.3673287630081177,1.6551182270050049,2.074103593826294,1.9134470224380493,1.53700852394104,1.474854588508606,1.2194089889526367,1.1110026836395264,1.1027075052261353,1.0596096515655518,1.3359096050262451,1.372938871383667,1.7263984680175781,1.9437048435211182,2.1003034114837646,2.3564131259918213,2.5657155513763428,1.7949384450912476,1.5546165704727173,1.3534293174743652,0.9902859926223755,0.8687807321548462,0.5244970917701721,0.5833663940429688,0.5431494116783142,0.7719387412071228,1.0168814659118652,1.0806864500045776,1.4513460397720337,1.5295063257217407,1.8782050609588623,1.9051176309585571
B11,2.6142561435699463,2.5846498012542725,2.3083789348602295,2.1317591667175293,2.046072244644165,1.7541249990463257,1.868720531463623,1.6271382570266724,1.8425137996673584,1.702585220336914,1.7965986728668213,1.982717514038086,1.868686556816101,2.1601216793060303,2.40462589263916,2.8760688304901123,2.6058707237243652,2.3426623344421387,2.0347349643707275,1.7740498781204224,1.4591768980026245,1.2023706436157227,0.8741615414619446,0.5928476452827454,0.3852097988128662,0.0,0.37088099122047424,0.5471662282943726,0.8356860280036926,0.8975349068641663,3.103532552719116,2.9845757484436035,2.6763970851898193,2.437542676925659,2.2611608505249023,1.9211345911026,1.893510103225708,1.558893084526062,1.6341487169265747,1.3757113218307495,1.4323887825012207,1.5039241313934326,1.3398933410644531,1.5667527914047241,1.8617937564849854,1.871285080909729,1.7292321920394897,1.3515377044677734,1.3866093158721924,1.1685872077941895,1.1739767789840698,1.225223422050476,1.2921712398529053,1.5953434705734253,1.6952050924301147,2.048661947250366,2.2855405807495117,2.455228090286255,2.718099594116211,2.910470485687256,1.8349207639694214,1.5363200902938843,1.3759307861328125,1.0146814584732056,0.8632941842079163,0.6325308084487915,0.5574759244918823,0.6458842754364014,0.7433072924613953,1.0771061182022095,1.1157138347625732,1.4755905866622925,1.6097873449325562,1.9322125911712646,1.8974156379699707
B12,2.691119909286499,2.6961963176727295,2.4580531120300293,2.267930269241333,2.235049247741699,1.9360601902008057,2.0870423316955566,1.8528677225112915,2.066060781478882,1.9411085844039917,1.9757161140441895,2.168980598449707,2.0044758319854736,2.303058624267578,2.5258467197418213,3.229151725769043,2.955476999282837,2.681351661682129,2.386364698410034,2.107438325881958,1.806898832321167,1.5286812782287598,1.2027699947357178,0.8936751484870911,0.6084837913513184,0.37088099122047424,0.0,0.3742387592792511,0.516486644744873,0.6263406276702881,3.414921522140503,3.295300006866455,2.9716484546661377,2.752476930618286,2.555323362350464,2.2299745082855225,2.178579092025757,1.8422527313232422,1.8890622854232788,1.589623212814331,1.657839298248291,1.6573258638381958,1.4950032234191895,1.6474906206130981,1.9789283275604248,2.068908214569092,1.8922139406204224,1.5200787782669067,1.588263988494873,1.328856110572815,1.386796236038208,1.3602876663208008,1.449537992477417,1.6982216835021973,1.8009698390960693,2.1770691871643066,2.383270025253296,2.595629930496216,2.8261566162109375,3.017871618270874,1.5962594747543335,1.298332929611206,1.2228323221206665,0.8583009243011475,0.8349748849868774,0.7195205092430115,0.7845017313957214,0.9725924134254456,1.1075809001922607,1.4474387168884277,1.4738402366638184,1.8327306509017944,1.948535680770874,2.275752544403076,2.2184042930603027
B13,2.988955497741699,2.964287281036377,2.7214596271514893,2.4995388984680176,2.4348104000091553,2.106985092163086,2.205273389816284,1.9223806858062744,2.072192668914795,1.8906453847885132,1.8758575916290283,2.0175533294677734,1.8065917491912842,2.0747597217559814,2.311835527420044,3.3471503257751465,3.1013567447662354,2.8345906734466553,2.5259575843811035,2.2841057777404785,1.950866937637329,1.7283889055252075,1.3779665231704712,1.1331340074539185,0.8421865105628967,0.5471662282943726,0.3742387592792511,0.0,0.3712758421897888,0.530078113079071,3.3797531127929688,3.3000190258026123,2.9776413440704346,2.788851499557495,2.6250383853912354,2.3145487308502197,2.318490505218506,2.0119638442993164,2.11950421333313,1.8566923141479492,1.9531760215759277,1.9928276538848877,1.8366360664367676,2.012000799179077,2.3354861736297607,1.8056730031967163,1.6046334505081177,1.2488315105438232,1.3669830560684204,1.1246453523635864,1.2769194841384888,1.276185393333435,1.4601860046386719,1.722915768623352,1.9007116556167603,2.2611775398254395,2.5003738403320312,2.7262396812438965,2.9736859798431396,3.1280174255371094,1.5487141609191895,1.195143222808838,1.1102474927902222,0.8130249977111816,0.7141258716583252,0.7472423315048218,0.7346346378326416,1.0253146886825562,1.142757534980774,1.5189907550811768,1.60638427734375,1.9459556341171265,2.122875452041626,2.423949956893921,2.3647496700286865
