,A1,A2,A3,A4,A5,A6,A7,A8,A9,A10,A11,A12,A13,A14,A15,B1,B2,B3,B4,B5,B6,B7,B8,B9,B10,B11,B12,B13,B14,B15,C1,C2,C3,C4,C5,C6,C7,C8,C9,C10,C11,C12,C13,C14,C15,D1,D2,D3,D4,D5,D6,D7,D8,D9,D10,D11,D12,D13,D14,D15,E1,E2,E3,E4,E5,E6,E7,E8,E9,E10,E11,E12,E13,E14,E15
A1,0.0,0.3968355655670166,0.6220410466194153,0.8996022343635559,1.1850212812423706,1.472787857055664,1.789490818977356,2.0923523902893066,2.4121317863464355,2.7283365726470947,2.9384634494781494,3.3030879497528076,3.4525346755981445,3.7823474407196045,3.755420684814453,4.393342971801758,4.189282417297363,3.828906536102295,3.6441311836242676,3.3532538414001465,3.081294059753418,2.8697702884674072,2.520439386367798,2.378150463104248,2.008819580078125,2.0184807777404785,1.7866454124450684,1.6955310106277466,1.5907350778579712,1.9329208135604858,3.868173360824585,3.7267563343048096,3.350562810897827,3.3200981616973877,2.9903829097747803,2.882575035095215,2.7460684776306152,2.5469017028808594,2.5981407165527344,2.35075044631958,2.6143956184387207,2.57742977142334,2.662318706512451,2.7007079124450684,2.995091199874878,3.214385986328125,2.8812222480773926,2.6905672550201416,2.575648307800293,2.2636494636535645,2.2715864181518555,1.9139297008514404,1.972884178161621,1.7382556200027466,1.8316328525543213,1.9971543550491333,2.017040967941284,2.3754608631134033,2.3924572467803955,2.238590955734253,3.1470930576324463,2.9893882274627686,2.8746180534362793,2.5281875133514404,2.569469690322876,2.232370615005493,2.3333942890167236,2.158151865005493,2.227872848510742,2.2512083053588867,2.027949571609497,2.2279930114746094,2.0038511753082275,2.279301166534424,2.302964925765991
A2,0.3968355655670166,0.0,0.3806283473968506,0.5885141491889954,0.8753003478050232,1.1787524223327637,1.4641388654708862,1.79017972946167,2.0840988159179688,2.4182963371276855,2.618215560913086,2.980557918548584,3.145630359649658,3.4666175842285156,3.4183058738708496,4.176828384399414,3.956878900527954,3.6077206134796143,3.3935046195983887,3.1106035709381104,2.8164641857147217,2.601947546005249,2.240557909011841,2.0806772708892822,1.7078884840011597,1.6729621887207031,1.4362766742706299,1.312258243560791,1.2186927795410156,1.5721465349197388,3.7223453521728516,3.583983898162842,3.205817461013794,3.1475770473480225,2.8307485580444336,2.684824228286743,2.5666708946228027,2.335752248764038,2.4002139568328857,2.140559673309326,2.382042646408081,2.365060329437256,2.411351442337036,2.479628562927246,2.791821241378784,2.837369918823242,2.5146069526672363,2.31858491897583,2.228935718536377,1.9157778024673462,1.9594886302947998,1.622915506362915,1.7259984016418457,1.553475260734558,1.7001917362213135,1.9164009094238281,2.0035455226898193,2.3581950664520264,2.4338977336883545,2.302401065826416,3.1441893577575684,2.985816240310669,2.823852300643921,2.488860845565796,2.485856533050537,2.1295602321624756,2.2049221992492676,1.9806467294692993,2.0470428466796875,2.0202503204345703,1.8103457689285278,1.9951896667480469,1.7485777139663696,2.0328209400177,2.1103060245513916
A3,0.6220410466194153,0.3806283473968506,0.0,0.3894168734550476,0.5751133561134338,0.8967499732971191,1.1857937574386597,1.4948581457138062,1.8108818531036377,2.12463116645813,2.3552684783935547,2.711794853210449,2.8815994262695312,3.2006869316101074,3.179644823074341,3.822932004928589,3.61623215675354,3.2631051540374756,3.059795618057251,2.784299373626709,2.493605613708496,2.302687168121338,1.9430527687072754,1.8293328285217285,1.4673631191253662,1.485103964805603,1.3216924667358398,1.219216227531433,1.2311238050460815,1.5847114324569702,3.345733642578125,3.20377779006958,2.8256919384002686,2.770313262939453,2.453852415084839,2.3174123764038086,2.209961414337158,1.9965283870697021,2.090144634246826,1.863269329071045,2.136897325515747,2.1652631759643555,2.240034580230713,2.3484506607055664,2.6381187438964844,2.6762683391571045,2.341371774673462,2.123638868331909,1.9868065118789673,1.6622953414916992,1.6529667377471924,1.2939902544021606,1.368848204612732,1.1768676042556763,1.3354802131652832,1.547709584236145,1.6611567735671997,2.0100362300872803,2.1133246421813965,1.9857791662216187,2.9129159450531006,2.7236733436584473,2.5439343452453613,2.1991331577301025,2.1643788814544678,1.79865300655365,1.8442071676254272,1.6133795976638794,1.6692055463790894,1.6564347743988037,1.453357458114624,1.6675935983657837,1.4576586484909058,1.768428087234497,1.8275113105773926
A4,0.8996022343635559,0.5885141491889954,0.3894168734550476,0.0,0.3711159825325012,0.5980362892150879,0.9155805110931396,1.2197688817977905,1.5273741483688354,1.853046178817749,2.044210433959961,2.4106435775756836,2.563591957092285,2.8898813724517822,2.8559515476226807,3.629972457885742,3.393467426300049,3.049561023712158,2.826564311981201,2.5368316173553467,2.244075059890747,2.016724109649658,1.6571382284164429,1.4950162172317505,1.1235036849975586,1.1275062561035156,0.9452275633811951,0.895155668258667,0.9184707999229431,1.2496984004974365,3.3290390968322754,3.160747528076172,2.787792205810547,2.6796257495880127,2.362212896347046,2.175132989883423,2.042588233947754,1.7820240259170532,1.839195728302002,1.574539065361023,1.8110647201538086,1.8261605501174927,1.8726129531860352,1.9847989082336426,2.286755323410034,2.504081964492798,2.2011427879333496,1.9411860704421997,1.8446111679077148,1.493105411529541,1.5027002096176147,1.1611472368240356,1.2278639078140259,1.1110186576843262,1.2572650909423828,1.5463268756866455,1.6886225938796997,2.023414373397827,2.1613481044769287,2.0953643321990967,2.7575418949127197,2.5962793827056885,2.3838560581207275,2.0710082054138184,2.0243654251098633,1.6624749898910522,1.7344602346420288,1.4880486726760864,1.6034678220748901,1.5754963159561157,1.4491773843765259,1.6858007907867432,1.4944093227386475,1.8287997245788574,1.9412333965301514
A5,1.1850212812423706,0.8753003478050232,0.5751133561134338,0.3711159825325012,0.0,0.37386342883110046,0.6108099818229675,0.930507242679596,1.2360577583312988,1.5551166534423828,1.7874387502670288,2.1401209831237793,2.3224663734436035,2.633686065673828,2.6113061904907227,3.3310387134552,3.1060571670532227,2.7663774490356445,2.5339598655700684,2.2675986289978027,1.9563133716583252,1.7689015865325928,1.399176836013794,1.2952332496643066,0.9477621912956238,0.9678292870521545,0.9052498936653137,0.8261405825614929,0.9918296933174133,1.300146460533142,2.99859881401062,2.8432562351226807,2.4711685180664062,2.3621158599853516,2.063298225402832,1.8690357208251953,1.7810137271881104,1.528018832206726,1.6477161645889282,1.4306957721710205,1.685618281364441,1.77579927444458,1.8221625089645386,1.9983599185943604,2.2795825004577637,2.232003688812256,1.9182233810424805,1.649435043334961,1.512790322303772,1.158774733543396,1.1383156776428223,0.7908761501312256,0.8862032890319824,0.8230918645858765,1.0478370189666748,1.3396787643432617,1.5526753664016724,1.8613896369934082,2.052593946456909,1.9863712787628174,2.752495765686035,2.557424306869507,2.311178684234619,1.99857759475708,1.8879200220108032,1.5137426853179932,1.5118963718414307,1.2165820598602295,1.2893003225326538,1.2207247018814087,1.1015055179595947,1.3368473052978516,1.1669327020645142,1.513796091079712,1.638641119003296
A6,1.472787857055664,1.1787524223327637,0.8967499732971191,0.5980362892150879,0.37386342883110046,0.0,0.3898940980434418,0.6290751695632935,0.9638305306434631,1.2665607929229736,1.470544695854187,1.834279179573059,1.9868475198745728,2.312152147293091,2.3041863441467285,3.053685426712036,2.8063604831695557,2.470003604888916,2.233982801437378,1.947859764099121,1.6480190753936768,1.4258743524551392,1.0618517398834229,0.9364194273948669,0.5876384973526001,0.6940386891365051,0.7181469202041626,0.7780091166496277,0.9982955455780029,1.2262365818023682,2.8981473445892334,2.707136869430542,2.3469173908233643,2.185894250869751,1.882408857345581,1.6465235948562622,1.520175576210022,1.2280954122543335,1.3108997344970703,1.0738577842712402,1.3139530420303345,1.4186060428619385,1.467969536781311,1.6671910285949707,1.9335182905197144,2.2051331996917725,1.9302985668182373,1.6110212802886963,1.489762544631958,1.1170116662979126,1.0566643476486206,0.7408749461174011,0.7418457865715027,0.7608956098556519,0.9202122688293457,1.2709591388702393,1.4946107864379883,1.771211862564087,1.989220380783081,1.9889248609542847,2.5054924488067627,2.327324390411377,2.0516960620880127,1.7741433382034302,1.645681381225586,1.287840723991394,1.31163489818573,1.0233817100524902,1.180156946182251,1.1365145444869995,1.1385341882705688,1.4124306440353394,1.315912127494812,1.670017957687378,1.8080239295959473
A7,1.789490818977356,1.4641388654708862,1.1857937574386597,0.9155805110931396,0.6108099818229675,0.3898940980434418,0.0,0.36719855666160583,0.6257392764091492,0.9585565328598022,1.1882587671279907,1.5339761972427368,1.7356703281402588,2.033686399459839,2.008295774459839,2.8469631671905518,2.5962882041931152,2.281771659851074,2.0074195861816406,1.7589043378829956,1.4195281267166138,1.2394025325775146,0.8630926012992859,0.7825579643249512,0.5228371024131775,0.5444434285163879,0.731686532497406,0.7337595224380493,1.0581786632537842,1.2291978597640991,2.728799343109131,2.559102773666382,2.2105515003204346,2.0290493965148926,1.7712334394454956,1.498242974281311,1.4444642066955566,1.1426702737808228,1.2922147512435913,1.112084984779358,1.3049710988998413,1.48484468460083,1.481685757637024,1.744502067565918,1.9965909719467163,1.848802924156189,1.5875846147537231,1.2513384819030762,1.1313362121582031,0.760229229927063,0.7189568281173706,0.5033156871795654,0.606576144695282,0.8151994943618774,1.0497076511383057,1.3779505491256714,1.6668063402175903,1.8962552547454834,2.1642634868621826,2.1671462059020996,2.7006959915161133,2.510929822921753,2.2003183364868164,1.9513968229293823,1.7580925226211548,1.417402744293213,1.3542979955673218,1.0113736391067505,1.1033225059509277,0.9544594287872314,1.0080976486206055,1.2246496677398682,1.1469290256500244,1.4763842821121216,1.665138840675354
A8,2.0923523902893066,1.79017972946167,1.4948581457138062,1.2197688817977905,0.930507242679596,0.6290751695632935,0.36719855666160583,0.0,0.3811538815498352,0.6387696266174316,0.8829602003097534,1.2282432317733765,1.408722162246704,1.7152609825134277,1.7308952808380127,2.50197696685791,2.2397735118865967,1.9272445440292358,1.651766300201416,1.3943748474121094,1.0596116781234741,0.8747361898422241,0.49914032220840454,0.5103035569190979,0.42168739438056946,0.5978653430938721,0.9055091142654419,1.0070551633834839,1.3324000835418701,1.432312250137329,2.5339879989624023,2.334364652633667,2.005619525909424,1.7767263650894165,1.5291141271591187,1.2182077169418335,1.1521072387695312,0.8282386660575867,0.9852169752120972,0.8587814569473267,1.0348914861679077,1.2824007272720337,1.2979786396026611,1.6030397415161133,1.8044353723526,1.904646873474121,1.6863259077072144,1.3248478174209595,1.1918659210205078,0.861271321773529,0.7215813398361206,0.6142855882644653,0.5561192035675049,0.8451123237609863,1.0013980865478516,1.3256202936172485,1.6224390268325806,1.7956631183624268,2.091019868850708,2.1458356380462646,2.515223503112793,2.3256752490997314,1.9885597229003906,1.781670093536377,1.5493680238723755,1.2498745918273926,1.1681396961212158,0.8476762771606445,0.9922312498092651,0.8780431151390076,1.0661472082138062,1.3025131225585938,1.3213509321212769,1.6333377361297607,1.8036845922470093
A9,2.4121317863464355,2.0840988159179688,1.8108818531036377,1.5273741483688354,1.2360577583312988,0.9638305306434631,0.6257392764091492,0.3811538815498352,0.0,0.37412309646606445,0.5926728248596191,0.9145314693450928,1.151418685913086,1.4226182699203491,1.4006754159927368,2.385551691055298,2.1050050258636475,1.8358211517333984,1.5090185403823853,1.3017938137054443,0.9374951124191284,0.7957240343093872,0.4943559467792511,0.5293263792991638,0.6312503814697266,0.657503068447113,1.0234932899475098,1.0994640588760376,1.4452457427978516,1.4722728729248047,2.5506184101104736,2.369234800338745,2.071181297302246,1.8115791082382202,1.6299622058868408,1.2858164310455322,1.2869689464569092,0.9774772524833679,1.1397165060043335,1.0604504346847534,1.124290943145752,1.4012131690979004,1.3405598402023315,1.6800824403762817,1.8656423091888428,1.636946439743042,1.4769608974456787,1.1021738052368164,1.0272495746612549,0.769913911819458,0.7008696794509888,0.7965150475502014,0.8239031434059143,1.1728395223617554,1.34483003616333,1.6395204067230225,1.954073429107666,2.091350793838501,2.4071993827819824,2.4703140258789062,2.759915351867676,2.583855628967285,2.2276268005371094,2.064504623413086,1.8054797649383545,1.5477999448776245,1.4317755699157715,1.1218410730361938,1.211941123008728,1.0239168405532837,1.246598720550537,1.399524211883545,1.428976058959961,1.6873342990875244,1.9036275148391724
A10,2.7283365726470947,2.4182963371276855,2.12463116645813,1.853046178817749,1.5551166534423828,1.2665607929229736,0.9585565328598022,0.6387696266174316,0.37412309646606445,0.0,0.3836708664894104,0.6297280788421631,0.8698659539222717,1.123695731163025,1.1719245910644531,2.02333927154541,1.7372493743896484,1.4828873872756958,1.1425472497940063,0.9626497030258179,0.5927278995513916,0.5431457161903381,0.4126535952091217,0.6402184367179871,0.885631799697876,0.9879218935966492,1.361533761024475,1.4684454202651978,1.807588815689087,1.809842586517334,2.3407015800476074,2.1420247554779053,1.8804765939712524,1.5795601606369019,1.4434194564819336,1.0791932344436646,1.1139551401138306,0.850590169429779,1.0310144424438477,1.0652973651885986,1.091260552406311,1.4256335496902466,1.3900202512741089,1.750237226486206,1.8663945198059082,1.7624300718307495,1.6460918188095093,1.2902438640594482,1.1899237632751465,1.0161110162734985,0.8692596554756165,1.0254361629486084,0.9660581350326538,1.3202906847000122,1.4372318983078003,1.6879552602767944,2.0006823539733887,2.075228452682495,2.409590244293213,2.5073039531707764,2.6992790699005127,2.5175845623016357,2.1473517417907715,2.030571699142456,1.7354462146759033,1.5401623249053955,1.3890998363494873,1.13434636592865,1.2221301794052124,1.0692932605743408,1.3718280792236328,1.5176128149032593,1.6256903409957886,1.8544201850891113,2.0424768924713135
A11,2.9384634494781494,2.618215560913086,2.3552684783935547,2.044210433959961,1.7874387502670288,1.470544695854187,1.1882587671279907,0.8829602003097534,0.5926728248596191,0.3836708664894104,0.0,0.3775349259376526,0.5636724829673767,0.8497068285942078,0.8553699254989624,2.0626885890960693,1.7291477918624878,1.5237122774124146,1.166240930557251,0.9829441905021667,0.6936520338058472,0.5470449328422546,0.5702242851257324,0.642662525177002,0.9734993577003479,1.0324691534042358,1.3955843448638916,1.5525856018066406,1.8601412773132324,1.7868105173110962,2.6329455375671387,2.4174818992614746,2.1856889724731445,1.8544225692749023,1.734039545059204,1.362635850906372,1.345254898071289,1.066499948501587,1.1262319087982178,1.1224151849746704,1.0121465921401978,1.3171749114990234,1.2091140747070312,1.5724786520004272,1.6678110361099243,1.845521092414856,1.7998993396759033,1.4420796632766724,1.4348723888397217,1.2804431915283203,1.209451675415039,1.3609256744384766,1.3102742433547974,1.6454752683639526,1.7265766859054565,2.0006937980651855,2.286604166030884,2.3579916954040527,2.679234504699707,2.807455062866211,2.741422176361084,2.608910322189331,2.2333526611328125,2.1706409454345703,1.9007736444473267,1.746268630027771,1.655888319015503,1.4431718587875366,1.5803197622299194,1.449602484703064,1.7456711530685425,1.8889623880386353,1.9723193645477295,2.19736647605896,2.4066615104675293
A12,3.3030879497528076,2.980557918548584,2.711794853210449,2.4106435775756836,2.1401209831237793,1.834279179573059,1.5339761972427368,1.2282432317733765,0.9145314693450928,0.6297280788421631,0.3775349259376526,0.0,0.36350035667419434,0.5154191851615906,0.5578855276107788,1.8595515489578247,1.520659327507019,1.387679934501648,1.0085806846618652,0.9364563822746277,0.7238177061080933,0.7359498143196106,0.8867160677909851,1.0136209726333618,1.3505189418792725,1.3950635194778442,1.7552403211593628,1.893122911453247,2.2031614780426025,2.109246015548706,2.5959277153015137,2.3935115337371826,2.211244583129883,1.8640447854995728,1.8158429861068726,1.4581011533737183,1.4975374937057495,1.2870713472366333,1.360185146331787,1.4259283542633057,1.287284255027771,1.5967971086502075,1.4831254482269287,1.838417649269104,1.883031964302063,1.8746141195297241,1.8888150453567505,1.5675652027130127,1.5724146366119385,1.4989349842071533,1.426594853401184,1.640540599822998,1.5932399034500122,1.9405471086502075,2.0191352367401123,2.25748610496521,2.548668384552002,2.5794613361358643,2.9126553535461426,3.051154851913452,2.945660352706909,2.814027786254883,2.435549736022949,2.40944766998291,2.119049072265625,2.0076112747192383,1.884665608406067,1.698395013809204,1.7984696626663208,1.6576318740844727,1.9737708568572998,2.0762827396392822,2.1923022270202637,2.375760078430176,2.5846571922302246
A13,3.4525346755981445,3.145630359649658,2.8815994262695312,2.563591957092285,2.3224663734436035,1.9868475198745728,1.7356703281402588,1.408722162246704,1.151418685913086,0.8698659539222717,0.5636724829673767,0.36350035667419434,0.0,0.3670259714126587,0.533931314945221,1.7873111963272095,1.4127291440963745,1.3035521507263184,0.9674696326255798,0.8595940470695496,0.7825627326965332,0.7309263944625854,0.9882420301437378,1.0853300094604492,1.4545551538467407,1.544237494468689,1.8858740329742432,2.079396963119507,2.3618364334106445,2.2433624267578125,2.7393555641174316,2.4986178874969482,2.338667154312134,1.967421054840088,1.9089727401733398,1.5584772825241089,1.530312418937683,1.330342411994934,1.3097690343856812,1.386989712715149,1.1753900051116943,1.4604898691177368,1.3527798652648926,1.6865957975387573,1.6686967611312866,2.2187142372131348,2.2404909133911133,1.9112154245376587,1.9196139574050903,1.8152369260787964,1.7242600917816162,1.890526533126831,1.7926613092422485,2.1071410179138184,2.125753164291382,2.3668372631073,2.621694326400757,2.633439302444458,2.9495553970336914,3.1271471977233887,2.7774136066436768,2.682610273361206,2.308490514755249,2.337876319885254,2.0699784755706787,2.0135338306427,1.9407670497894287,1.8148730993270874,1.9707446098327637,1.888601303100586,2.2219269275665283,2.3630833625793457,2.4880242347717285,2.6932196617126465,2.8850369453430176
A14,3.7823474407196045,3.4666175842285156,3.2006869316101074,2.8898813724517822,2.633686065673828,2.312152147293091,2.033686399459839,1.7152609825134277,1.4226182699203491,1.123695731163025,0.8497068285942078,0.5154191851615906,0.3670259714126587,0.0,0.3653865158557892,1.7089334726333618,1.3455204963684082,1.3327374458312988,1.0033096075057983,1.0279566049575806,1.0017750263214111,1.0548659563064575,1.314686894416809,1.4328655004501343,1.7950056791305542,1.8541711568832397,2.1983628273010254,2.3646461963653564,2.6535961627960205,2.5212488174438477,2.7816402912139893,2.5657684803009033,2.4489290714263916,2.0793843269348145,2.083768844604492,1.7536637783050537,1.7816325426101685,1.6271247863769531,1.6377960443496704,1.744817852973938,1.5376147031784058,1.8163392543792725,1.6964560747146606,2.0182316303253174,1.9813257455825806,2.2414770126342773,2.3142247200012207,2.02150821685791,2.0471997261047363,2.0050458908081055,1.928073525428772,2.1443798542022705,2.068458318710327,2.399597406387329,2.435055732727051,2.6529252529144287,2.9189870357513428,2.9078381061553955,3.233771562576294,3.4086670875549316,3.075676679611206,2.978816032409668,2.6074280738830566,2.6528897285461426,2.3709187507629395,2.331186532974243,2.227092981338501,2.1023731231689453,2.2183375358581543,2.112433671951294,2.448331832885742,2.548768997192383,2.688197135925293,2.8564722537994385,3.0547006130218506
A15,3.755420684814453,3.4183058738708496,3.179644823074341,2.8559515476226807,2.6113061904907227,2.3041863441467285,2.008295774459839,1.7308952808380127,1.4006754159927368,1.1719245910644531,0.8553699254989624,0.5578855276107788,0.533931314945221,0.3653865158557892,0.0,2.0565218925476074,1.7024400234222412,1.6816209554672241,1.3329753875732422,1.331052303314209,1.2265554666519165,1.2206249237060547,1.4020068645477295,1.444182276725769,1.7823424339294434,1.7672119140625,2.091348648071289,2.2356419563293457,2.5098581314086914,2.3444199562072754,3.028883457183838,2.835996627807617,2.695488214492798,2.3396127223968506,2.3282558917999268,1.9816688299179077,2.012310743331909,1.8102372884750366,1.8231524229049683,1.8644803762435913,1.6401749849319458,1.8857719898223877,1.7013356685638428,2.0171263217926025,2.0281078815460205,2.0303800106048584,2.1443371772766113,1.8637577295303345,1.9564330577850342,1.9312362670898438,1.9232892990112305,2.1570794582366943,2.137460231781006,2.4854934215545654,2.559680938720703,2.807500123977661,3.0882420539855957,3.1135432720184326,3.4402010440826416,3.594459056854248,3.2997732162475586,3.214218854904175,2.840407133102417,2.862391233444214,2.5923500061035156,2.51196026802063,2.4176383018493652,2.2480804920196533,2.356299638748169,2.2066874504089355,2.511974811553955,2.588559627532959,2.683976650238037,2.8434195518493652,3.078033208847046
B1,4.393342971801758,4.176828384399414,3.822932004928589,3.629972457885742,3.3310387134552,3.053685426712036,2.8469631671905518,2.50197696685791,2.385551691055298,2.02333927154541,2.0626885890960693,1.8595515489578247,1.7873111963272095,1.7089334726333618,2.0565218925476074,0.0,0.3952292203903198,0.6216916441917419,0.901954710483551,1.196146845817566,1.4761614799499512,1.7915488481521606,2.092501401901245,2.4282126426696777,2.7271721363067627,2.9579408168792725,3.316542625427246,3.4689581394195557,3.7971370220184326,3.7979042530059814,1.748100996017456,1.49937105178833,1.638174295425415,1.348989486694336,1.5725549459457397,1.5406789779663086,1.676804780960083,1.881531000137329,1.9894603490829468,2.337946891784668,2.3353912830352783,2.66426157951355,2.7787134647369385,3.069054365158081,2.9272842407226562,3.3254239559173584,3.284937858581543,3.042597770690918,2.8528692722320557,2.8331825733184814,2.5560715198516846,2.712902069091797,2.4891881942749023,2.6895945072174072,2.608938217163086,2.593087673187256,2.7752187252044678,2.5607850551605225,2.855045795440674,3.0641558170318604,2.940798044204712,2.738407611846924,2.4545834064483643,2.5552873611450195,2.236558675765991,2.373889446258545,2.161862373352051,2.2479565143585205,2.266301393508911,2.3315470218658447,2.6889920234680176,2.7976436614990234,3.1045877933502197,3.223114252090454,3.2400057315826416
B2,4.189282417297363,3.956878900527954,3.61623215675354,3.393467426300049,3.1060571670532227,2.8063604831695557,2.5962882041931152,2.2397735118865967,2.1050050258636475,1.7372493743896484,1.7291477918624878,1.520659327507019,1.4127291440963745,1.3455204963684082,1.7024400234222412,0.3952292203903198,0.0,0.3795984387397766,0.5964548587799072,0.882226288318634,1.1856578588485718,1.4713835716247559,1.7991559505462646,2.110663414001465,2.4308245182037354,2.652916431427002,3.0107550621032715,3.181565523147583,3.5008184909820557,3.4780497550964355,1.951163649559021,1.6801302433013916,1.736366868019104,1.3904027938842773,1.5426431894302368,1.4221643209457397,1.5110992193222046,1.6528804302215576,1.7234065532684326,2.0499539375305176,2.005591869354248,2.329894781112671,2.4213554859161377,2.713087320327759,2.5715978145599365,3.113471508026123,3.0855038166046143,2.8185412883758545,2.6613609790802,2.6191928386688232,2.364067316055298,2.5199060440063477,2.301675796508789,2.5253846645355225,2.4473001956939697,2.486278533935547,2.6804306507110596,2.5047764778137207,2.808171510696411,3.0278196334838867,2.7736527919769287,2.5992579460144043,2.287446975708008,2.39548659324646,2.080249309539795,2.2006728649139404,2.021632432937622,2.083324432373047,2.146629571914673,2.1966054439544678,2.568326950073242,2.6972010135650635,2.9761979579925537,3.1217710971832275,3.174215793609619
B3,3.828906536102295,3.6077206134796143,3.2631051540374756,3.049561023712158,2.7663774490356445,2.470003604888916,2.281771659851074,1.9272445440292358,1.8358211517333984,1.4828873872756958,1.5237122774124146,1.387679934501648,1.3035521507263184,1.3327374458312988,1.6816209554672241,0.6216916441917419,0.3795984387397766,0.0,0.38892075419425964,0.587914228439331,0.902123212814331,1.1877617835998535,1.4967128038406372,1.8261547088623047,2.124135971069336,2.372084379196167,2.722622871398926,2.8957369327545166,3.2126405239105225,3.214725971221924,1.795501470565796,1.4887416362762451,1.4797706604003906,1.1093811988830566,1.2032345533370972,1.0669093132019043,1.1328071355819702,1.290333867073059,1.3766283988952637,1.7185333967208862,1.718538522720337,2.054126262664795,2.1765034198760986,2.4716174602508545,2.3521456718444824,2.9773738384246826,2.9083657264709473,2.622666597366333,2.4411213397979736,2.3620245456695557,2.0841803550720215,2.203080415725708,1.9607455730438232,2.1647534370422363,2.0725722312927246,2.11163330078125,2.3040239810943604,2.137413263320923,2.4452383518218994,2.6635305881500244,2.484961986541748,2.2872281074523926,1.9644780158996582,2.0427896976470947,1.7164945602416992,1.8248558044433594,1.6423648595809937,1.713586688041687,1.7930786609649658,1.8710360527038574,2.244206666946411,2.4032859802246094,2.680551290512085,2.8505213260650635,2.891576051712036
B4,3.6441311836242676,3.3935046195983887,3.059795618057251,2.826564311981201,2.5339598655700684,2.233982801437378,2.0074195861816406,1.651766300201416,1.5090185403823853,1.1425472497940063,1.166240930557251,1.0085806846618652,0.9674696326255798,1.0033096075057983,1.3329753875732422,0.901954710483551,0.5964548587799072,0.38892075419425964,0.0,0.37203139066696167,0.5961659550666809,0.9146345257759094,1.220288872718811,1.5431231260299683,1.8573627471923828,2.0677378177642822,2.4296672344207764,2.5887322425842285,2.9127025604248047,2.8994407653808594,1.8971084356307983,1.6276130676269531,1.5538291931152344,1.1699424982070923,1.2299338579177856,0.9929853081703186,1.0855799913406372,1.14519202709198,1.2603262662887573,1.5581847429275513,1.5341211557388306,1.8882670402526855,1.9598954916000366,2.2826266288757324,2.205390453338623,2.610898971557617,2.5570173263549805,2.266691207885742,2.1122493743896484,2.0422887802124023,1.7952440977096558,1.950091004371643,1.7489757537841797,2.0048770904541016,1.965507984161377,2.0582711696624756,2.295530319213867,2.184109687805176,2.513996124267578,2.7049407958984375,2.5979888439178467,2.4084219932556152,2.0567269325256348,2.094257354736328,1.7583123445510864,1.7932149171829224,1.6032071113586426,1.5911459922790527,1.6655796766281128,1.6781091690063477,2.0542542934417725,2.1950747966766357,2.4453423023223877,2.6150832176208496,2.698474168777466
B5,3.3532538414001465,3.1106035709381104,2.784299373626709,2.5368316173553467,2.2675986289978027,1.947859764099121,1.7589043378829956,1.3943748474121094,1.3017938137054443,0.9626497030258179,0.9829441905021667,0.9364563822746277,0.8595940470695496,1.0279566049575806,1.331052303314209,1.196146845817566,0.882226288318634,0.587914228439331,0.37203139066696167,0.0,0.3799033761024475,0.6017005443572998,0.9314822554588318,1.2426236867904663,1.5542819499969482,1.7986117601394653,2.146425247192383,2.3360211849212646,2.643439531326294,2.6344504356384277,2.043665647506714,1.744069218635559,1.6049013137817383,1.2176882028579712,1.1611778736114502,0.8716229796409607,0.8429871797561646,0.8394042253494263,0.8998578786849976,1.1946786642074585,1.1733441352844238,1.5280001163482666,1.6247812509536743,1.9411985874176025,1.8704824447631836,2.606405735015869,2.5239362716674805,2.2002670764923096,2.0508999824523926,1.9177910089492798,1.6681780815124512,1.7631632089614868,1.531724452972412,1.7667943239212036,1.6955159902572632,1.8274378776550293,2.0486814975738525,1.9679689407348633,2.2875277996063232,2.4929449558258057,2.2918219566345215,2.1143181324005127,1.7498892545700073,1.781235694885254,1.4585812091827393,1.4845455884933472,1.345280408859253,1.3429898023605347,1.489518642425537,1.5378339290618896,1.9136148691177368,2.106675863265991,2.330298900604248,2.544553518295288,2.6314568519592285
B6,3.081294059753418,2.8164641857147217,2.493605613708496,2.244075059890747,1.9563133716583252,1.6480190753936768,1.4195281267166138,1.0596116781234741,0.9374951124191284,0.5927278995513916,0.6936520338058472,0.7238177061080933,0.7825627326965332,1.0017750263214111,1.2265554666519165,1.4761614799499512,1.1856578588485718,0.902123212814331,0.5961659550666809,0.3799033761024475,0.0,0.3859589099884033,0.6289606690406799,0.9702423810958862,1.2677949666976929,1.4818049669265747,1.8418326377868652,2.000236749649048,2.32279896736145,2.326403856277466,2.0472421646118164,1.78743577003479,1.5872269868850708,1.223741054534912,1.1300989389419556,0.7759288549423218,0.7981920838356018,0.6834431886672974,0.8413501977920532,1.0683863162994385,1.0852545499801636,1.458896279335022,1.517407774925232,1.8620028495788574,1.8648351430892944,2.2585647106170654,2.1588008403778076,1.8291631937026978,1.6795365810394287,1.5394377708435059,1.3017624616622925,1.417823314666748,1.2252230644226074,1.5075335502624512,1.5033745765686035,1.6744863986968994,1.9431358575820923,1.918074369430542,2.2552380561828613,2.416337728500366,2.425452470779419,2.233168601989746,1.859999179840088,1.8185471296310425,1.4892909526824951,1.4169715642929077,1.247734785079956,1.1422066688537598,1.262632966041565,1.2445380687713623,1.613356351852417,1.7927594184875488,1.9918153285980225,2.209186553955078,2.3242557048797607
B7,2.8697702884674072,2.601947546005249,2.302687168121338,2.016724109649658,1.7689015865325928,1.4258743524551392,1.2394025325775146,0.8747361898422241,0.7957240343093872,0.5431457161903381,0.5470449328422546,0.7359498143196106,0.7309263944625854,1.0548659563064575,1.2206249237060547,1.7915488481521606,1.4713835716247559,1.1877617835998535,0.9146345257759094,0.6017005443572998,0.3859589099884033,0.0,0.37665677070617676,0.6418147087097168,0.9698494672775269,1.2074638605117798,1.550152063369751,1.7578825950622559,2.0529487133026123,2.0371158123016357,2.3724982738494873,2.0986452102661133,1.8669898509979248,1.5184762477874756,1.3477120399475098,0.9874061346054077,0.868937075138092,0.6092981100082397,0.6248278617858887,0.7517520189285278,0.715158224105835,1.0859233140945435,1.1343482732772827,1.4802312850952148,1.504717469215393,2.2937002182006836,2.187955379486084,1.8277721405029297,1.7221616506576538,1.5164520740509033,1.3215450048446655,1.369099497795105,1.1742843389511108,1.4360041618347168,1.408118724822998,1.649550199508667,1.8932727575302124,1.9205890893936157,2.2325451374053955,2.4052159786224365,2.245995283126831,2.0933635234832764,1.7153520584106445,1.673669695854187,1.3901084661483765,1.2923259735107422,1.2213640213012695,1.1068238019943237,1.318411111831665,1.3182915449142456,1.658117651939392,1.8805841207504272,2.0240206718444824,2.2838778495788574,2.4192116260528564
B8,2.520439386367798,2.240557909011841,1.9430527687072754,1.6571382284164429,1.399176836013794,1.0618517398834229,0.8630926012992859,0.49914032220840454,0.4943559467792511,0.4126535952091217,0.5702242851257324,0.8867160677909851,0.9882420301437378,1.314686894416809,1.4020068645477295,2.092501401901245,1.7991559505462646,1.4967128038406372,1.220288872718811,0.9314822554588318,0.6289606690406799,0.37665677070617676,0.0,0.383320152759552,0.639126181602478,0.8848943710327148,1.228811502456665,1.412385106086731,1.7178196907043457,1.7402901649475098,2.4205610752105713,2.174318313598633,1.8924877643585205,1.5899477005004883,1.3722954988479614,1.0151976346969604,0.9063214659690857,0.5653756260871887,0.6617504358291626,0.6535995006561279,0.7313485741615295,1.0707210302352905,1.107231855392456,1.4513500928878784,1.5622310638427734,2.103896141052246,1.9533462524414062,1.5844610929489136,1.4686888456344604,1.2127485275268555,1.0300941467285156,1.0298192501068115,0.8620554208755493,1.140109896659851,1.1700407266616821,1.4566190242767334,1.7262706756591797,1.816559910774231,2.1267333030700684,2.255277156829834,2.3114659786224365,2.1414313316345215,1.7745168209075928,1.6548994779586792,1.38746976852417,1.191125512123108,1.1175178289413452,0.9081830382347107,1.1165046691894531,1.078295111656189,1.3778550624847412,1.6130796670913696,1.7138540744781494,1.9965912103652954,2.1456758975982666
B9,2.378150463104248,2.0806772708892822,1.8293328285217285,1.4950162172317505,1.2952332496643066,0.9364194273948669,0.7825579643249512,0.5103035569190979,0.5293263792991638,0.6402184367179871,0.642662525177002,1.0136209726333618,1.0853300094604492,1.4328655004501343,1.444182276725769,2.4282126426696777,2.110663414001465,1.8261547088623047,1.5431231260299683,1.2426236867904663,0.9702423810958862,0.6418147087097168,0.383320152759552,0.0,0.37465596199035645,0.5911517143249512,0.9136388897895813,1.154670000076294,1.424117922782898,1.4073290824890137,2.794654607772827,2.551152229309082,2.2597739696502686,1.9673042297363281,1.7317510843276978,1.3850035667419434,1.2345893383026123,0.8700740933418274,0.8394410610198975,0.6442481279373169,0.6286414265632629,0.873974621295929,0.8284897804260254,1.1663777828216553,1.3455281257629395,2.103696823120117,1.9656362533569336,1.5852986574172974,1.5443052053451538,1.2523632049560547,1.1680160760879517,1.1234670877456665,1.0240142345428467,1.266814947128296,1.3052966594696045,1.644237756729126,1.8859984874725342,2.0285346508026123,2.306614398956299,2.4295403957366943,2.355470657348633,2.23360538482666,1.8799409866333008,1.7607131004333496,1.5574064254760742,1.3401442766189575,1.3556658029556274,1.140547752380371,1.3778210878372192,1.3244155645370483,1.5605888366699219,1.7970232963562012,1.824999451637268,2.125749111175537,2.3071727752685547
B10,2.008819580078125,1.7078884840011597,1.4673631191253662,1.1235036849975586,0.9477621912956238,0.5876384973526001,0.5228371024131775,0.42168739438056946,0.6312503814697266,0.885631799697876,0.9734993577003479,1.3505189418792725,1.4545551538467407,1.7950056791305542,1.7823424339294434,2.7271721363067627,2.4308245182037354,2.124135971069336,1.8573627471923828,1.5542819499969482,1.2677949666976929,0.9698494672775269,0.639126181602478,0.37465596199035645,0.0,0.37736377120018005,0.6268258690834045,0.8670781254768372,1.1225274801254272,1.1754157543182373,2.905416965484619,2.6776745319366455,2.3543472290039062,2.1071441173553467,1.8351250886917114,1.5219475030899048,1.3642067909240723,1.004194736480713,0.9990888833999634,0.7275400161743164,0.8314980268478394,0.9780415892601013,0.9597033262252808,1.230093240737915,1.475629448890686,2.1193668842315674,1.9309028387069702,1.5613293647766113,1.5094314813613892,1.166627049446106,1.1118019819259644,0.9635434150695801,0.9032239317893982,1.0830118656158447,1.1550694704055786,1.5221543312072754,1.7536414861679077,1.9556759595870972,2.208451271057129,2.2923903465270996,2.384040355682373,2.2526962757110596,1.926983118057251,1.7454910278320312,1.5825376510620117,1.300821304321289,1.3443683385849,1.0936672687530518,1.3253544569015503,1.2723861932754517,1.4280637502670288,1.6827328205108643,1.654065489768982,1.9804290533065796,2.1579058170318604
B11,2.0184807777404785,1.6729621887207031,1.485103964805603,1.1275062561035156,0.9678292870521545,0.6940386891365051,0.5444434285163879,0.5978653430938721,0.657503068447113,0.9879218935966492,1.0324691534042358,1.3950635194778442,1.544237494468689,1.8541711568832397,1.7672119140625,2.9579408168792725,2.652916431427002,2.372084379196167,2.0677378177642822,1.7986117601394653,1.4818049669265747,1.2074638605117798,0.8848943710327148,0.5911517143249512,0.37736377120018005,0.0,0.3749469220638275,0.5695241689682007,0.8511724472045898,0.8621655106544495,3.1225478649139404,2.926039695739746,2.602095127105713,2.3626246452331543,2.118119478225708,1.7959825992584229,1.6898709535598755,1.3336496353149414,1.3557599782943726,1.0914497375488281,1.1255683898925781,1.2327895164489746,1.1117751598358154,1.3654249906539917,1.6543782949447632,1.8688907623291016,1.6992710828781128,1.3387848138809204,1.3679611682891846,1.0403621196746826,1.1104730367660522,1.0208499431610107,1.0919684171676636,1.3056203126907349,1.452661395072937,1.8138959407806396,2.0644047260284424,2.284184694290161,2.5384902954101562,2.5913095474243164,2.741487503051758,2.6228764057159424,2.300476312637329,2.1178407669067383,1.957817554473877,1.6663304567337036,1.6850436925888062,1.3962815999984741,1.5653990507125854,1.4331226348876953,1.5395978689193726,1.7309142351150513,1.6389482021331787,1.9402132034301758,2.1698927879333496
B12,1.7866454124450684,1.4362766742706299,1.3216924667358398,0.9452275633811951,0.9052498936653137,0.7181469202041626,0.731686532497406,0.9055091142654419,1.0234932899475098,1.361533761024475,1.3955843448638916,1.7552403211593628,1.8858740329742432,2.1983628273010254,2.091348648071289,3.316542625427246,3.0107550621032715,2.722622871398926,2.4296672344207764,2.146425247192383,1.8418326377868652,1.550152063369751,1.228811502456665,0.9136388897895813,0.6268258690834045,0.3749469220638275,0.0,0.3663114309310913,0.5179271697998047,0.5633538365364075,3.4282383918762207,3.2340943813323975,2.8967080116271973,2.6779792308807373,2.411018133163452,2.1088757514953613,1.9771901369094849,1.6241503953933716,1.6127442121505737,1.299988865852356,1.3415545225143433,1.3544514179229736,1.226837158203125,1.3948109149932861,1.7297112941741943,2.046839475631714,1.8648865222930908,1.5369048118591309,1.5934481620788574,1.2605098485946655,1.3727303743362427,1.2211719751358032,1.3168026208877563,1.4522558450698853,1.593240737915039,1.9607136249542236,2.17464280128479,2.434255599975586,2.6510748863220215,2.684422731399536,2.8311192989349365,2.7355399131774902,2.443047046661377,2.242432117462158,2.135236978530884,1.8295841217041016,1.8970227241516113,1.6211718320846558,1.797341227531433,1.6829229593276978,1.7245898246765137,1.9183562994003296,1.769153118133545,2.0766286849975586,2.3044214248657227
B13,1.6955310106277466,1.312258243560791,1.219216227531433,0.895155668258667,0.8261405825614929,0.7780091166496277,0.7337595224380493,1.0070551633834839,1.0994640588760376,1.4684454202651978,1.5525856018066406,1.893122911453247,2.079396963119507,2.3646461963653564,2.2356419563293457,3.4689581394195557,3.181565523147583,2.8957369327545166,2.5887322425842285,2.3360211849212646,2.000236749649048,1.7578825950622559,1.412385106086731,1.154670000076294,0.8670781254768372,0.5695241689682007,0.3663114309310913,0.0,0.36529895663261414,0.5457672476768494,3.440598964691162,3.284435272216797,2.9386632442474365,2.7520549297332764,2.5014965534210205,2.2143170833587646,2.13657283782959,1.8025625944137573,1.8576281070709229,1.578559160232544,1.656105637550354,1.7047163248062134,1.5806498527526855,1.7597395181655884,2.093027353286743,1.8325291872024536,1.6212131977081299,1.332971215248108,1.4041144847869873,1.0912561416625977,1.2754390239715576,1.140596628189087,1.331121802330017,1.4729541540145874,1.6874784231185913,2.0303525924682617,2.2704854011535645,2.5434584617614746,2.766986846923828,2.754204034805298,3.1254336833953857,3.00175142288208,2.7117908000946045,2.480238914489746,2.354363441467285,2.0212433338165283,2.0379631519317627,1.7217047214508057,1.8266342878341675,1.6569575071334839,1.6334311962127686,1.771033525466919,1.566580891609192,1.8476519584655762,2.099990129470825
