0.000000000000000000e+00,3.841975629329681396e-01,6.063414812088012695e-01,8.710705041885375977e-01,1.182787179946899414e+00,1.466060638427734375e+00,1.789761781692504883e+00,2.085735797882080078e+00,2.403079748153686523e+00,2.730521678924560547e+00,2.929593801498413086e+00,3.276995658874511719e+00,3.432555437088012695e+00,3.746936559677124023e+00,3.739291906356811523e+00,3.094823360443115234e+00,2.755386352539062500e+00,2.537079334259033203e+00,2.460197687149047852e+00,2.123946189880371094e+00,2.172433853149414062e+00,1.848973155021667480e+00,1.956732869148254395e+00,1.793682932853698730e+00,1.930680632591247559e+00,2.160313606262207031e+00,2.214770555496215820e+00,2.576695680618286133e+00,2.630336523056030273e+00,2.571766138076782227e+00,3.168709754943847656e+00,3.078839302062988281e+00,2.965322732925415039e+00,2.631626844406127930e+00,2.667091846466064453e+00,2.330021142959594727e+00,2.418530702590942383e+00,2.218823909759521484e+00,2.293947458267211914e+00,2.243245363235473633e+00,2.038318157196044922e+00,2.194621086120605469e+00,1.936902880668640137e+00,2.203160047531127930e+00,2.223507881164550781e+00,1.435678720474243164e+00,1.680451512336730957e+00,1.586128592491149902e+00,1.688415288925170898e+00,1.913528800010681152e+00,1.990835070610046387e+00,2.316908121109008789e+00,2.402699708938598633e+00,2.773997306823730469e+00,2.937738895416259766e+00,3.148676395416259766e+00,3.468615770339965820e+00,3.495252847671508789e+00,3.837092638015747070e+00,3.982370138168334961e+00,3.973638057708740234e+00,3.831823825836181641e+00,3.450855255126953125e+00,3.407167434692382812e+00,3.096979618072509766e+00,2.969555854797363281e+00,2.791092395782470703e+00,2.572892904281616211e+00,2.570379018783569336e+00,2.375021457672119141e+00,2.661719560623168945e+00,2.659099340438842773e+00,2.798404455184936523e+00,2.866047143936157227e+00,3.169026851654052734e+00
3.841975629329681396e-01,0.000000000000000000e+00,3.827609717845916748e-01,5.919166207313537598e-01,8.922004103660583496e-01,1.197693109512329102e+00,1.486489176750183105e+00,1.809359788894653320e+00,2.100032091140747070e+00,2.444121360778808594e+00,2.640384197235107422e+00,2.980145454406738281e+00,3.157263755798339844e+00,3.459028244018554688e+00,3.434121608734130859e+00,2.746585369110107422e+00,2.418948888778686523e+00,2.191272974014282227e+00,2.144769191741943359e+00,1.810002565383911133e+00,1.897757291793823242e+00,1.605540037155151367e+00,1.755187273025512695e+00,1.660981416702270508e+00,1.844269514083862305e+00,2.109846830368041992e+00,2.222685337066650391e+00,2.574681043624877930e+00,2.678849220275878906e+00,2.639954328536987305e+00,3.197944641113281250e+00,3.103114366531372070e+00,2.944315433502197266e+00,2.620962142944335938e+00,2.612946271896362305e+00,2.261523246765136719e+00,2.319965362548828125e+00,2.076285362243652344e+00,2.142780303955078125e+00,2.046701431274414062e+00,1.866246223449707031e+00,2.007857084274291992e+00,1.737816452980041504e+00,2.007873296737670898e+00,2.087300300598144531e+00,1.170416474342346191e+00,1.393510222434997559e+00,1.263533830642700195e+00,1.412027955055236816e+00,1.615006566047668457e+00,1.738856434822082520e+00,2.053503751754760742e+00,2.172503232955932617e+00,2.544117927551269531e+00,2.728436231613159180e+00,2.966208457946777344e+00,3.290158987045288086e+00,3.354014635086059570e+00,3.691382408142089844e+00,3.825180768966674805e+00,3.853259086608886719e+00,3.716870784759521484e+00,3.336431503295898438e+00,3.263259887695312500e+00,2.967971801757812500e+00,2.803992509841918945e+00,2.639822483062744141e+00,2.389674425125122070e+00,2.396330595016479492e+00,2.178864002227783203e+00,2.441863775253295898e+00,2.442800283432006836e+00,2.543453931808471680e+00,2.626388072967529297e+00,2.944815874099731445e+00
6.063414812088012695e-01,3.827609717845916748e-01,0.000000000000000000e+00,3.829855918884277344e-01,5.952652692794799805e-01,9.198880791664123535e-01,1.214324593544006348e+00,1.520037055015563965e+00,1.836423754692077637e+00,2.161557674407958984e+00,2.388512134552001953e+00,2.726629018783569336e+00,2.906138181686401367e+00,3.208583354949951172e+00,3.215680599212646484e+00,2.544045686721801758e+00,2.205871105194091797e+00,1.969238519668579102e+00,1.870124578475952148e+00,1.525733828544616699e+00,1.567344188690185547e+00,1.252628326416015625e+00,1.395442962646484375e+00,1.293225646018981934e+00,1.501775622367858887e+00,1.757146358489990234e+00,1.896728038787841797e+00,2.241966962814331055e+00,2.371339321136474609e+00,2.325665473937988281e+00,3.003478527069091797e+00,2.872571468353271484e+00,2.698036670684814453e+00,2.362323999404907227e+00,2.319692134857177734e+00,1.955954194068908691e+00,1.978650331497192383e+00,1.724476099014282227e+00,1.768955111503601074e+00,1.674873590469360352e+00,1.488555073738098145e+00,1.646371126174926758e+00,1.398190975189208984e+00,1.692864775657653809e+00,1.763586521148681641e+00,1.345220565795898438e+00,1.476743936538696289e+00,1.256904482841491699e+00,1.346070766448974609e+00,1.474179029464721680e+00,1.546476125717163086e+00,1.825178384780883789e+00,1.896118998527526855e+00,2.259815216064453125e+00,2.413234472274780273e+00,2.659189939498901367e+00,2.970351934432983398e+00,3.030906200408935547e+00,3.360496044158935547e+00,3.512672424316406250e+00,3.471366167068481445e+00,3.339205980300903320e+00,2.958332538604736328e+00,2.892595052719116211e+00,2.603227615356445312e+00,2.450219154357910156e+00,2.305853605270385742e+00,2.073283672332763672e+00,2.119049310684204102e+00,1.940186738967895508e+00,2.228762149810791016e+00,2.280091285705566406e+00,2.394541025161743164e+00,2.523900747299194336e+00,2.823223590850830078e+00
8.710705041885375977e-01,5.919166207313537598e-01,3.829855918884277344e-01,0.000000000000000000e+00,3.760575652122497559e-01,6.110125780105590820e-01,9.310464859008789062e-01,1.230649352073669434e+00,1.535575628280639648e+00,1.869677543640136719e+00,2.063091754913330078e+00,2.408006191253662109e+00,2.574801445007324219e+00,2.882051467895507812e+00,2.874300718307495117e+00,2.422119617462158203e+00,2.115650415420532227e+00,1.830203413963317871e+00,1.753639578819274902e+00,1.387493610382080078e+00,1.422455191612243652e+00,1.116930961608886719e+00,1.225832104682922363e+00,1.181159019470214844e+00,1.369529485702514648e+00,1.680913686752319336e+00,1.844648480415344238e+00,2.172119140625000000e+00,2.329252004623413086e+00,2.339822292327880859e+00,2.810957670211791992e+00,2.699255466461181641e+00,2.491859912872314453e+00,2.183319568634033203e+00,2.127916336059570312e+00,1.771939873695373535e+00,1.813733458518981934e+00,1.548233389854431152e+00,1.648223280906677246e+00,1.561242222785949707e+00,1.457323312759399414e+00,1.655488848686218262e+00,1.451975941658020020e+00,1.775003671646118164e+00,1.893466234207153320e+00,1.119578480720520020e+00,1.171510934829711914e+00,9.183307290077209473e-01,9.700868725776672363e-01,1.096437215805053711e+00,1.177265286445617676e+00,1.473367094993591309e+00,1.581461071968078613e+00,1.952521204948425293e+00,2.143356084823608398e+00,2.385723590850830078e+00,2.712455987930297852e+00,2.794140577316284180e+00,3.129970073699951172e+00,3.253046751022338867e+00,3.392127513885498047e+00,3.233951807022094727e+00,2.859582185745239258e+00,2.747313737869262695e+00,2.451145887374877930e+00,2.255451917648315430e+00,2.083787679672241211e+00,1.813635230064392090e+00,1.823376774787902832e+00,1.608336448669433594e+00,1.875233411788940430e+00,1.911213874816894531e+00,2.015743255615234375e+00,2.142797231674194336e+00,2.445596218109130859e+00
1.182787179946899414e+00,8.922004103660583496e-01,5.952652692794799805e-01,3.760575652122497559e-01,0.000000000000000000e+00,3.801028132438659668e-01,6.199230551719665527e-01,9.388080835342407227e-01,1.243499398231506348e+00,1.572892665863037109e+00,1.807534575462341309e+00,2.138858318328857422e+00,2.334541320800781250e+00,2.626750469207763672e+00,2.638058423995971680e+00,2.097344398498535156e+00,1.788788199424743652e+00,1.498000979423522949e+00,1.391227602958679199e+00,1.021373152732849121e+00,1.048002839088439941e+00,7.590117454528808594e-01,9.249836802482604980e-01,9.629904031753540039e-01,1.224239706993103027e+00,1.526824474334716797e+00,1.754561543464660645e+00,2.054314136505126953e+00,2.261422157287597656e+00,2.265089035034179688e+00,2.850278139114379883e+00,2.702761173248291016e+00,2.462016582489013672e+00,2.155009984970092773e+00,2.035583257675170898e+00,1.668568372726440430e+00,1.635953307151794434e+00,1.324022769927978516e+00,1.371771693229675293e+00,1.231828808784484863e+00,1.143212676048278809e+00,1.326461672782897949e+00,1.140163540840148926e+00,1.468876123428344727e+00,1.622920155525207520e+00,1.340234637260437012e+00,1.315318346023559570e+00,9.836825728416442871e-01,1.021539688110351562e+00,1.011128425598144531e+00,1.077874064445495605e+00,1.293660402297973633e+00,1.371653676033020020e+00,1.724902033805847168e+00,1.892030715942382812e+00,2.169883966445922852e+00,2.479382514953613281e+00,2.587244272232055664e+00,2.905713081359863281e+00,3.042995214462280273e+00,3.095997571945190430e+00,2.956107616424560547e+00,2.584554195404052734e+00,2.465475082397460938e+00,2.196251392364501953e+00,1.988608002662658691e+00,1.863751769065856934e+00,1.593479514122009277e+00,1.666530966758728027e+00,1.487419366836547852e+00,1.752244710922241211e+00,1.847935199737548828e+00,1.925914168357849121e+00,2.110990762710571289e+00,2.400510549545288086e+00
1.466060638427734375e+00,1.197693109512329102e+00,9.198880791664123535e-01,6.110125780105590820e-01,3.801028132438659668e-01,0.000000000000000000e+00,3.850482106208801270e-01,6.236706972122192383e-01,9.517731666564941406e-01,1.266642451286315918e+00,1.474270105361938477e+00,1.818862676620483398e+00,1.986558675765991211e+00,2.292866468429565430e+00,2.313220262527465820e+00,2.106959342956542969e+00,1.840587854385375977e+00,1.506128072738647461e+00,1.389622211456298828e+00,1.017301797866821289e+00,9.670017361640930176e-01,6.901981234550476074e-01,7.352154254913330078e-01,8.335696458816528320e-01,1.040628433227539062e+00,1.382525086402893066e+00,1.624926328659057617e+00,1.891556978225708008e+00,2.122189521789550781e+00,2.181402444839477539e+00,2.588785886764526367e+00,2.447901487350463867e+00,2.177299022674560547e+00,1.899325609207153320e+00,1.758789300918579102e+00,1.408392071723937988e+00,1.389072418212890625e+00,1.079466462135314941e+00,1.200681090354919434e+00,1.105788111686706543e+00,1.132738947868347168e+00,1.374016880989074707e+00,1.279935240745544434e+00,1.622068881988525391e+00,1.784738659858703613e+00,1.398896098136901855e+00,1.272602915763854980e+00,9.206503033638000488e-01,8.320124745368957520e-01,7.365467548370361328e-01,7.237906455993652344e-01,9.245812296867370605e-01,1.000532507896423340e+00,1.361821174621582031e+00,1.553535580635070801e+00,1.820535302162170410e+00,2.142389059066772461e+00,2.260716199874877930e+00,2.584750652313232422e+00,2.699729681015014648e+00,2.930742502212524414e+00,2.758394241333007812e+00,2.397974967956542969e+00,2.235996723175048828e+00,1.956233859062194824e+00,1.713732957839965820e+00,1.556560158729553223e+00,1.257010340690612793e+00,1.302992820739746094e+00,1.112121105194091797e+00,1.374722719192504883e+00,1.488351702690124512e+00,1.578409433364868164e+00,1.785428166389465332e+00,2.055157899856567383e+00
1.789761781692504883e+00,1.486489176750183105e+00,1.214324593544006348e+00,9.310464859008789062e-01,6.199230551719665527e-01,3.850482106208801270e-01,0.000000000000000000e+00,3.699774444103240967e-01,6.246265172958374023e-01,9.654618501663208008e-01,1.203350663185119629e+00,1.524285554885864258e+00,1.740888595581054688e+00,2.018283128738403320e+00,2.033553838729858398e+00,1.765022397041320801e+00,1.528712034225463867e+00,1.175033092498779297e+00,1.073675036430358887e+00,7.223346829414367676e-01,7.025861740112304688e-01,5.767095685005187988e-01,6.987017989158630371e-01,9.554533958435058594e-01,1.202856063842773438e+00,1.515279650688171387e+00,1.809230089187622070e+00,2.029119968414306641e+00,2.303548336029052734e+00,2.364775419235229492e+00,2.787324905395507812e+00,2.632983207702636719e+00,2.328219890594482422e+00,2.078756093978881836e+00,1.879724621772766113e+00,1.548205375671386719e+00,1.455123782157897949e+00,1.108257055282592773e+00,1.168458461761474609e+00,9.895687103271484375e-01,1.086202025413513184e+00,1.272998094558715820e+00,1.211953639984130859e+00,1.518056988716125488e+00,1.740561485290527344e+00,1.565474629402160645e+00,1.386481523513793945e+00,1.009373426437377930e+00,9.562928080558776855e-01,7.165771126747131348e-01,7.509113550186157227e-01,8.012765049934387207e-01,8.960880637168884277e-01,1.209322452545166016e+00,1.402946949005126953e+00,1.717372775077819824e+00,2.018236637115478516e+00,2.191212177276611328e+00,2.487715482711791992e+00,2.596208333969116211e+00,2.806526422500610352e+00,2.655158758163452148e+00,2.310520648956298828e+00,2.118947029113769531e+00,1.886940479278564453e+00,1.606127023696899414e+00,1.509997487068176270e+00,1.193840861320495605e+00,1.294714927673339844e+00,1.125578522682189941e+00,1.322902202606201172e+00,1.478251814842224121e+00,1.495239853858947754e+00,1.751457691192626953e+00,2.012703657150268555e+00
2.085735797882080078e+00,1.809359788894653320e+00,1.520037055015563965e+00,1.230649352073669434e+00,9.388080835342407227e-01,6.236706972122192383e-01,3.699774444103240967e-01,0.000000000000000000e+00,3.798258900642395020e-01,6.468049287796020508e-01,8.984523415565490723e-01,1.226493597030639648e+00,1.417204618453979492e+00,1.706666588783264160e+00,1.763042569160461426e+00,1.841020226478576660e+00,1.650621056556701660e+00,1.293461561203002930e+00,1.151564002037048340e+00,8.614815473556518555e-01,7.112147212028503418e-01,6.515472531318664551e-01,6.043208241462707520e-01,9.170099496841430664e-01,1.099138498306274414e+00,1.394493460655212402e+00,1.701453328132629395e+00,1.866382122039794922e+00,2.165997982025146484e+00,2.264854669570922852e+00,2.599451541900634766e+00,2.433429479598999023e+00,2.103472948074340820e+00,1.887211441993713379e+00,1.647498965263366699e+00,1.351109385490417480e+00,1.231376171112060547e+00,9.002503156661987305e-01,9.991306662559509277e-01,8.747836947441101074e-01,1.091014981269836426e+00,1.312500000000000000e+00,1.352023005485534668e+00,1.649249196052551270e+00,1.854657053947448730e+00,1.835629343986511230e+00,1.606191158294677734e+00,1.247684001922607422e+00,1.100399732589721680e+00,7.899678945541381836e-01,6.813674569129943848e-01,5.671853423118591309e-01,5.670862197875976562e-01,8.489175438880920410e-01,1.036878705024719238e+00,1.357659101486206055e+00,1.654406785964965820e+00,1.843097090721130371e+00,2.132884263992309570e+00,2.233102321624755859e+00,2.557622909545898438e+00,2.382285356521606445e+00,2.055194377899169922e+00,1.825977206230163574e+00,1.599607586860656738e+00,1.287972092628479004e+00,1.190853238105773926e+00,8.628053069114685059e-01,9.903421401977539062e-01,8.768319487571716309e-01,1.061274886131286621e+00,1.284490108489990234e+00,1.314395904541015625e+00,1.616990566253662109e+00,1.826712965965270996e+00
2.403079748153686523e+00,2.100032091140747070e+00,1.836423754692077637e+00,1.535575628280639648e+00,1.243499398231506348e+00,9.517731666564941406e-01,6.246265172958374023e-01,3.798258900642395020e-01,0.000000000000000000e+00,3.757712244987487793e-01,6.045967340469360352e-01,9.030123353004455566e-01,1.148631930351257324e+00,1.402720570564270020e+00,1.431208491325378418e+00,1.661949515342712402e+00,1.545853137969970703e+00,1.182992696762084961e+00,1.108306884765625000e+00,9.124948382377624512e-01,8.299316763877868652e-01,9.300068020820617676e-01,9.267054200172424316e-01,1.270365238189697266e+00,1.439404964447021484e+00,1.710464358329772949e+00,2.025297880172729492e+00,2.151312112808227539e+00,2.466912269592285156e+00,2.580758094787597656e+00,2.811265230178833008e+00,2.658612728118896484e+00,2.306058883666992188e+00,2.136597633361816406e+00,1.874820947647094727e+00,1.623687505722045898e+00,1.486655831336975098e+00,1.179683327674865723e+00,1.250326633453369141e+00,1.092553496360778809e+00,1.349142551422119141e+00,1.510551095008850098e+00,1.567727327346801758e+00,1.816511988639831543e+00,2.063280105590820312e+00,1.972608089447021484e+00,1.699486613273620605e+00,1.359351992607116699e+00,1.235730886459350586e+00,8.678159713745117188e-01,8.258123397827148438e-01,5.731402039527893066e-01,6.514487862586975098e-01,7.993029356002807617e-01,1.018358588218688965e+00,1.354158997535705566e+00,1.622670888900756836e+00,1.874183297157287598e+00,2.128548622131347656e+00,2.192016601562500000e+00,2.616792917251586914e+00,2.452437162399291992e+00,2.159756660461425781e+00,1.889444589614868164e+00,1.719162940979003906e+00,1.370767235755920410e+00,1.319241046905517578e+00,9.929185509681701660e-01,1.108357548713684082e+00,9.950690865516662598e-01,1.047967314720153809e+00,1.272190809249877930e+00,1.205079555511474609e+00,1.534974694252014160e+00,1.728827595710754395e+00
2.730521678924560547e+00,2.444121360778808594e+00,2.161557674407958984e+00,1.869677543640136719e+00,1.572892665863037109e+00,1.266642451286315918e+00,9.654618501663208008e-01,6.468049287796020508e-01,3.757712244987487793e-01,0.000000000000000000e+00,3.781571388244628906e-01,6.177386045455932617e-01,8.581570982933044434e-01,1.099509477615356445e+00,1.200721740722656250e+00,1.767798066139221191e+00,1.701052069664001465e+00,1.371895790100097656e+00,1.261567592620849609e+00,1.145666599273681641e+00,9.894636273384094238e-01,1.136904001235961914e+00,1.057083368301391602e+00,1.399698495864868164e+00,1.519275784492492676e+00,1.738438367843627930e+00,2.054738283157348633e+00,2.117576360702514648e+00,2.450903177261352539e+00,2.585524320602416992e+00,2.775794029235839844e+00,2.607580184936523438e+00,2.240254640579223633e+00,2.111718893051147461e+00,1.811655163764953613e+00,1.616699934005737305e+00,1.442401170730590820e+00,1.186135411262512207e+00,1.246537804603576660e+00,1.134444117546081543e+00,1.455683708190917969e+00,1.612997889518737793e+00,1.744204401969909668e+00,1.966801762580871582e+00,2.195711374282836914e+00,2.325818777084350586e+00,2.035472393035888672e+00,1.710288763046264648e+00,1.548968195915222168e+00,1.177945137023925781e+00,1.060643196105957031e+00,7.141808271408081055e-01,6.531041860580444336e-01,6.043980121612548828e-01,7.589409947395324707e-01,1.099577069282531738e+00,1.322240710258483887e+00,1.610185742378234863e+00,1.828795671463012695e+00,1.883446574211120605e+00,2.385145664215087891e+00,2.211856842041015625e+00,1.955691218376159668e+00,1.649107336997985840e+00,1.522989988327026367e+00,1.156700730323791504e+00,1.154596209526062012e+00,8.786278367042541504e-01,1.035991907119750977e+00,1.028245687484741211e+00,1.026605963706970215e+00,1.311117172241210938e+00,1.244738817214965820e+00,1.604246258735656738e+00,1.723675251007080078e+00
2.929593801498413086e+00,2.640384197235107422e+00,2.388512134552001953e+00,2.063091754913330078e+00,1.807534575462341309e+00,1.474270105361938477e+00,1.203350663185119629e+00,8.984523415565490723e-01,6.045967340469360352e-01,3.781571388244628906e-01,0.000000000000000000e+00,3.613913655281066895e-01,5.471882224082946777e-01,8.206080794334411621e-01,8.754922747611999512e-01,1.985466599464416504e+00,1.966616392135620117e+00,1.632398724555969238e+00,1.583453297615051270e+00,1.470831990242004395e+00,1.352614879608154297e+00,1.474400877952575684e+00,1.371171593666076660e+00,1.684425115585327148e+00,1.750500917434692383e+00,1.987261056900024414e+00,2.273466348648071289e+00,2.321279287338256836e+00,2.639538049697875977e+00,2.814334392547607422e+00,2.749493360519409180e+00,2.623055696487426758e+00,2.245195865631103516e+00,2.173308849334716797e+00,1.895343184471130371e+00,1.751925468444824219e+00,1.638220310211181641e+00,1.433549284934997559e+00,1.559155821800231934e+00,1.491578936576843262e+00,1.815331101417541504e+00,1.987645745277404785e+00,2.108101367950439453e+00,2.337140798568725586e+00,2.569614887237548828e+00,2.363859653472900391e+00,2.033933162689208984e+00,1.754619240760803223e+00,1.561812043190002441e+00,1.194633960723876953e+00,1.077256679534912109e+00,6.983969807624816895e-01,7.258071899414062500e-01,5.880801081657409668e-01,8.330146074295043945e-01,1.085280299186706543e+00,1.310773849487304688e+00,1.621457457542419434e+00,1.831344485282897949e+00,1.811719894409179688e+00,2.618223667144775391e+00,2.417088270187377930e+00,2.192143678665161133e+00,1.853861689567565918e+00,1.728285074234008789e+00,1.351284027099609375e+00,1.292769432067871094e+00,1.010227322578430176e+00,1.046046853065490723e+00,9.968810081481933594e-01,8.577947020530700684e-01,1.107734680175781250e+00,9.799678325653076172e-01,1.340500831604003906e+00,1.421556591987609863e+00
3.276995658874511719e+00,2.980145454406738281e+00,2.726629018783569336e+00,2.408006191253662109e+00,2.138858318328857422e+00,1.818862676620483398e+00,1.524285554885864258e+00,1.226493597030639648e+00,9.030123353004455566e-01,6.177386045455932617e-01,3.613913655281066895e-01,0.000000000000000000e+00,3.694930374622344971e-01,5.066618919372558594e-01,5.969306230545043945e-01,2.003996133804321289e+00,2.048545360565185547e+00,1.750964760780334473e+00,1.721572875976562500e+00,1.681136012077331543e+00,1.574173212051391602e+00,1.752886652946472168e+00,1.663049221038818359e+00,1.987864613533020020e+00,2.054578304290771484e+00,2.258591413497924805e+00,2.549206495285034180e+00,2.561516761779785156e+00,2.889223814010620117e+00,3.065876722335815430e+00,2.983799219131469727e+00,2.855009555816650391e+00,2.473288297653198242e+00,2.434023141860961914e+00,2.138906955718994141e+00,2.031339883804321289e+00,1.891419887542724609e+00,1.708726882934570312e+00,1.797282338142395020e+00,1.719077587127685547e+00,2.055680036544799805e+00,2.192076683044433594e+00,2.336676597595214844e+00,2.529386997222900391e+00,2.771585941314697266e+00,2.676410198211669922e+00,2.338299751281738281e+00,2.070705175399780273e+00,1.896580338478088379e+00,1.528894305229187012e+00,1.432985424995422363e+00,1.056118249893188477e+00,1.060478687286376953e+00,8.386213779449462891e-01,9.877513647079467773e-01,1.198266506195068359e+00,1.337402939796447754e+00,1.684597373008728027e+00,1.829631447792053223e+00,1.780805826187133789e+00,2.625552892684936523e+00,2.441686153411865234e+00,2.263157367706298828e+00,1.908393502235412598e+00,1.848939299583435059e+00,1.482992172241210938e+00,1.486270189285278320e+00,1.264820814132690430e+00,1.321452856063842773e+00,1.319239139556884766e+00,1.136229991912841797e+00,1.369769692420959473e+00,1.200537681579589844e+00,1.542346119880676270e+00,1.569147944450378418e+00
3.432555437088012695e+00,3.157263755798339844e+00,2.906138181686401367e+00,2.574801445007324219e+00,2.334541320800781250e+00,1.986558675765991211e+00,1.740888595581054688e+00,1.417204618453979492e+00,1.148631930351257324e+00,8.581570982933044434e-01,5.471882224082946777e-01,3.694930374622344971e-01,0.000000000000000000e+00,3.568548560142517090e-01,5.381827354431152344e-01,2.373041629791259766e+00,2.409767389297485352e+00,2.104649305343627930e+00,2.056369781494140625e+00,1.986780524253845215e+00,1.843383193016052246e+00,1.973597407341003418e+00,1.822445869445800781e+00,2.106797695159912109e+00,2.108424901962280273e+00,2.301802635192871094e+00,2.557351350784301758e+00,2.538346767425537109e+00,2.848821163177490234e+00,3.062898635864257812e+00,2.784473896026611328e+00,2.677605390548706055e+00,2.296235084533691406e+00,2.311389207839965820e+00,2.030869722366333008e+00,1.985364675521850586e+00,1.887211561203002930e+00,1.770614385604858398e+00,1.913159012794494629e+00,1.903723955154418945e+00,2.255106210708618164e+00,2.429332971572875977e+00,2.592132568359375000e+00,2.805489540100097656e+00,3.021658658981323242e+00,2.821233510971069336e+00,2.469118356704711914e+00,2.228772878646850586e+00,2.003668785095214844e+00,1.660523414611816406e+00,1.506866812705993652e+00,1.133530974388122559e+00,1.101470589637756348e+00,8.087749481201171875e-01,9.477890133857727051e-01,1.042487263679504395e+00,1.162294030189514160e+00,1.502094984054565430e+00,1.636979341506958008e+00,1.527717113494873047e+00,2.658622026443481445e+00,2.434671878814697266e+00,2.283644914627075195e+00,1.910561323165893555e+00,1.839533090591430664e+00,1.484686851501464844e+00,1.439827084541320801e+00,1.253937244415283203e+00,1.239301681518554688e+00,1.271399378776550293e+00,1.030777931213378906e+00,1.256914854049682617e+00,1.120394229888916016e+00,1.441822290420532227e+00,1.385616898536682129e+00
3.746936559677124023e+00,3.459028244018554688e+00,3.208583354949951172e+00,2.882051467895507812e+00,2.626750469207763672e+00,2.292866468429565430e+00,2.018283128738403320e+00,1.706666588783264160e+00,1.402720570564270020e+00,1.099509477615356445e+00,8.206080794334411621e-01,5.066618919372558594e-01,3.568548560142517090e-01,0.000000000000000000e+00,3.663941919803619385e-01,2.397739410400390625e+00,2.487636089324951172e+00,2.215775489807128906e+00,2.191492557525634766e+00,2.177202701568603516e+00,2.055294036865234375e+00,2.232539892196655273e+00,2.108006000518798828e+00,2.410125494003295898e+00,2.428992271423339844e+00,2.603538990020751953e+00,2.868227958679199219e+00,2.830799818038940430e+00,3.148946285247802734e+00,3.356071710586547852e+00,3.094746351242065430e+00,2.986253976821899414e+00,2.607183456420898438e+00,2.637739896774291992e+00,2.347208738327026367e+00,2.314137220382690430e+00,2.191455841064453125e+00,2.073887348175048828e+00,2.178645610809326172e+00,2.144385576248168945e+00,2.497432708740234375e+00,2.636425495147705078e+00,2.808902502059936523e+00,2.990457534790039062e+00,3.220161676406860352e+00,3.097381114959716797e+00,2.741087675094604492e+00,2.506071805953979492e+00,2.307463407516479492e+00,1.957886219024658203e+00,1.837635755538940430e+00,1.464269042015075684e+00,1.442351698875427246e+00,1.144576549530029297e+00,1.228299975395202637e+00,1.310450911521911621e+00,1.351125240325927734e+00,1.704132556915283203e+00,1.772327780723571777e+00,1.642455458641052246e+00,2.745460510253906250e+00,2.547891139984130859e+00,2.437072277069091797e+00,2.062170743942260742e+00,2.050037384033203125e+00,1.712800025939941406e+00,1.723176956176757812e+00,1.571565508842468262e+00,1.585150361061096191e+00,1.628020286560058594e+00,1.380138516426086426e+00,1.581822037696838379e+00,1.407010793685913086e+00,1.702542781829833984e+00,1.624652624130249023e+00
3.739291906356811523e+00,3.434121608734130859e+00,3.215680599212646484e+00,2.874300718307495117e+00,2.638058423995971680e+00,2.313220262527465820e+00,2.033553838729858398e+00,1.763042569160461426e+00,1.431208491325378418e+00,1.200721740722656250e+00,8.754922747611999512e-01,5.969306230545043945e-01,5.381827354431152344e-01,3.663941919803619385e-01,0.000000000000000000e+00,2.362204551696777344e+00,2.475028514862060547e+00,2.196446895599365234e+00,2.233545064926147461e+00,2.214028596878051758e+00,2.149063587188720703e+00,2.327098608016967773e+00,2.239591121673583984e+00,2.552098274230957031e+00,2.590401887893676758e+00,2.803562402725219727e+00,3.070569515228271484e+00,3.067267417907714844e+00,3.379447937011718750e+00,3.586937427520751953e+00,3.254220485687255859e+00,3.176505088806152344e+00,2.797069787979125977e+00,2.822751522064208984e+00,2.556850671768188477e+00,2.500485181808471680e+00,2.406545877456665039e+00,2.259614944458007812e+00,2.378980159759521484e+00,2.314971923828125000e+00,2.650195121765136719e+00,2.783261775970458984e+00,2.915776491165161133e+00,3.101476192474365234e+00,3.356913328170776367e+00,2.959855318069458008e+00,2.593130111694335938e+00,2.390275716781616211e+00,2.217518091201782227e+00,1.880923867225646973e+00,1.819845318794250488e+00,1.474722743034362793e+00,1.544956326484680176e+00,1.309900283813476562e+00,1.474082350730895996e+00,1.578012466430664062e+00,1.669239997863769531e+00,2.013892173767089844e+00,2.109884262084960938e+00,1.965848445892333984e+00,3.081096649169921875e+00,2.888488292694091797e+00,2.756708145141601562e+00,2.385788917541503906e+00,2.348663568496704102e+00,1.994781732559204102e+00,1.971859455108642578e+00,1.767045974731445312e+00,1.737794995307922363e+00,1.702590823173522949e+00,1.415700554847717285e+00,1.546603441238403320e+00,1.299090027809143066e+00,1.557685732841491699e+00,1.504245281219482422e+00
3.094823360443115234e+00,2.746585369110107422e+00,2.544045686721801758e+00,2.422119617462158203e+00,2.097344398498535156e+00,2.106959342956542969e+00,1.765022397041320801e+00,1.841020226478576660e+00,1.661949515342712402e+00,1.767798066139221191e+00,1.985466599464416504e+00,2.003996133804321289e+00,2.373041629791259766e+00,2.397739410400390625e+00,2.362204551696777344e+00,0.000000000000000000e+00,3.853424191474914551e-01,6.039407849311828613e-01,8.492251634597778320e-01,1.163012623786926270e+00,1.428409814834594727e+00,1.769006133079528809e+00,2.060038328170776367e+00,2.396163940429687500e+00,2.722809791564941406e+00,2.892573595046997070e+00,3.249663352966308594e+00,3.385376453399658203e+00,3.716726779937744141e+00,3.695951461791992188e+00,4.419045448303222656e+00,4.221395969390869141e+00,3.885869264602661133e+00,3.669133663177490234e+00,3.378529548645019531e+00,3.088804006576538086e+00,2.839459419250488281e+00,2.489044904708862305e+00,2.304362297058105469e+00,1.943954944610595703e+00,1.994225144386291504e+00,1.807797670364379883e+00,1.751183867454528809e+00,1.681244134902954102e+00,2.040745019912719727e+00,2.763587236404418945e+00,2.621468067169189453e+00,2.316735506057739258e+00,2.463670015335083008e+00,2.189914226531982422e+00,2.357370615005493164e+00,2.209877729415893555e+00,2.293843030929565430e+00,2.365052938461303711e+00,2.440647125244140625e+00,2.806189775466918945e+00,2.946409463882446289e+00,3.232349634170532227e+00,3.377841711044311523e+00,3.494551420211791992e+00,3.188385725021362305e+00,3.224257946014404297e+00,2.981681823730468750e+00,2.819299936294555664e+00,2.822947740554809570e+00,2.571715116500854492e+00,2.722154617309570312e+00,2.505419492721557617e+00,2.730514526367187500e+00,2.653016090393066406e+00,2.687752962112426758e+00,2.868447065353393555e+00,2.694281816482543945e+00,2.976272583007812500e+00,3.202439069747924805e+00
2.755386352539062500e+00,2.418948888778686523e+00,2.205871105194091797e+00,2.115650415420532227e+00,1.788788199424743652e+00,1.840587854385375977e+00,1.528712034225463867e+00,1.650621056556701660e+00,1.545853137969970703e+00,1.701052069664001465e+00,1.966616392135620117e+00,2.048545360565185547e+00,2.409767389297485352e+00,2.487636089324951172e+00,2.475028514862060547e+00,3.853424191474914551e-01,0.000000000000000000e+00,3.794357180595397949e-01,5.743052363395690918e-01,8.722136020660400391e-01,1.165730714797973633e+00,1.476677179336547852e+00,1.799754142761230469e+00,2.110183000564575195e+00,2.455282211303710938e+00,2.621808052062988281e+00,2.972397327423095703e+00,3.131314754486083984e+00,3.450040578842163086e+00,3.408701658248901367e+00,4.221227169036865234e+00,4.015478134155273438e+00,3.696273088455200195e+00,3.452292919158935547e+00,3.175694704055786133e+00,2.863929271697998047e+00,2.618212223052978516e+00,2.258720636367797852e+00,2.060495853424072266e+00,1.689736247062683105e+00,1.688806891441345215e+00,1.491412878036499023e+00,1.394635319709777832e+00,1.329219698905944824e+00,1.694127082824707031e+00,2.556731224060058594e+00,2.447299003601074219e+00,2.125005722045898438e+00,2.278706073760986328e+00,2.029301643371582031e+00,2.189460039138793945e+00,2.083714485168457031e+00,2.152390718460083008e+00,2.270782947540283203e+00,2.342501640319824219e+00,2.715330600738525391e+00,2.878299236297607422e+00,3.135263204574584961e+00,3.306958913803100586e+00,3.448791503906250000e+00,3.068614959716796875e+00,3.098438501358032227e+00,2.825538396835327148e+00,2.690606594085693359e+00,2.661849260330200195e+00,2.428972721099853516e+00,2.565072298049926758e+00,2.349355936050415039e+00,2.584231138229370117e+00,2.505450725555419922e+00,2.590303421020507812e+00,2.775598049163818359e+00,2.642213821411132812e+00,2.924000501632690430e+00,3.168176651000976562e+00
2.537079334259033203e+00,2.191272974014282227e+00,1.969238519668579102e+00,1.830203413963317871e+00,1.498000979423522949e+00,1.506128072738647461e+00,1.175033092498779297e+00,1.293461561203002930e+00,1.182992696762084961e+00,1.371895790100097656e+00,1.632398724555969238e+00,1.750964760780334473e+00,2.104649305343627930e+00,2.215775489807128906e+00,2.196446895599365234e+00,6.039407849311828613e-01,3.794357180595397949e-01,0.000000000000000000e+00,3.848065435886383057e-01,5.855460166931152344e-01,9.022851586341857910e-01,1.203636288642883301e+00,1.511218428611755371e+00,1.838105916976928711e+00,2.168345689773559570e+00,2.367821455001831055e+00,2.715945720672607422e+00,2.881921052932739258e+00,3.199924230575561523e+00,3.188442230224609375e+00,3.882936954498291016e+00,3.692345857620239258e+00,3.367908000946044922e+00,3.132531166076660156e+00,2.864576101303100586e+00,2.554243326187133789e+00,2.333018779754638672e+00,1.969741940498352051e+00,1.817396044731140137e+00,1.461588025093078613e+00,1.502398610115051270e+00,1.380029916763305664e+00,1.292274117469787598e+00,1.327572703361511230e+00,1.689478158950805664e+00,2.261509656906127930e+00,2.122758626937866211e+00,1.789435267448425293e+00,1.918745279312133789e+00,1.655909538269042969e+00,1.813746094703674316e+00,1.709934353828430176e+00,1.797324657440185547e+00,1.933708071708679199e+00,2.037702083587646484e+00,2.409060716629028320e+00,2.599523544311523438e+00,2.856744050979614258e+00,3.051818847656250000e+00,3.177235841751098633e+00,2.973251819610595703e+00,2.957343101501464844e+00,2.668637275695800781e+00,2.503047227859497070e+00,2.436898231506347656e+00,2.175428152084350586e+00,2.272320032119750977e+00,2.028383731842041016e+00,2.238680601119995117e+00,2.140219926834106445e+00,2.221458196640014648e+00,2.399341821670532227e+00,2.270790815353393555e+00,2.551872491836547852e+00,2.799520015716552734e+00
2.460197687149047852e+00,2.144769191741943359e+00,1.870124578475952148e+00,1.753639578819274902e+00,1.391227602958679199e+00,1.389622211456298828e+00,1.073675036430358887e+00,1.151564002037048340e+00,1.108306884765625000e+00,1.261567592620849609e+00,1.583453297615051270e+00,1.721572875976562500e+00,2.056369781494140625e+00,2.191492557525634766e+00,2.233545064926147461e+00,8.492251634597778320e-01,5.743052363395690918e-01,3.848065435886383057e-01,0.000000000000000000e+00,3.760744929313659668e-01,5.960498452186584473e-01,9.343904852867126465e-01,1.236485719680786133e+00,1.556910037994384766e+00,1.894365549087524414e+00,2.055450201034545898e+00,2.409442186355590820e+00,2.561102867126464844e+00,2.883268356323242188e+00,2.855602264404296875e+00,3.672561645507812500e+00,3.454625606536865234e+00,3.140037298202514648e+00,2.890903711318969727e+00,2.609825134277343750e+00,2.298482418060302734e+00,2.045097827911376953e+00,1.686907172203063965e+00,1.488542556762695312e+00,1.120646476745605469e+00,1.154272198677062988e+00,1.014724016189575195e+00,9.802272319793701172e-01,1.023147940635681152e+00,1.371018767356872559e+00,2.365697145462036133e+00,2.231629371643066406e+00,1.870455026626586914e+00,1.947026610374450684e+00,1.675183415412902832e+00,1.760419249534606934e+00,1.643110394477844238e+00,1.652493476867675781e+00,1.783584594726562500e+00,1.832002758979797363e+00,2.204955816268920898e+00,2.380185842514038086e+00,2.611979007720947266e+00,2.803673982620239258e+00,2.963219642639160156e+00,2.624194383621215820e+00,2.614918231964111328e+00,2.317663431167602539e+00,2.178370237350463867e+00,2.115698099136352539e+00,1.885203003883361816e+00,2.010664939880371094e+00,1.805982232093811035e+00,2.061955451965332031e+00,2.015891313552856445e+00,2.143694400787353516e+00,2.363635778427124023e+00,2.286051988601684570e+00,2.590894222259521484e+00,2.817803621292114258e+00
2.123946189880371094e+00,1.810002565383911133e+00,1.525733828544616699e+00,1.387493610382080078e+00,1.021373152732849121e+00,1.017301797866821289e+00,7.223346829414367676e-01,8.614815473556518555e-01,9.124948382377624512e-01,1.145666599273681641e+00,1.470831990242004395e+00,1.681136012077331543e+00,1.986780524253845215e+00,2.177202701568603516e+00,2.214028596878051758e+00,1.163012623786926270e+00,8.722136020660400391e-01,5.855460166931152344e-01,3.760744929313659668e-01,0.000000000000000000e+00,3.775092363357543945e-01,6.203457117080688477e-01,9.499126672744750977e-01,1.257889747619628906e+00,1.598382115364074707e+00,1.799734234809875488e+00,2.141645908355712891e+00,2.326353311538696289e+00,2.633140087127685547e+00,2.618587255477905273e+00,3.376641035079956055e+00,3.172203779220581055e+00,2.866550922393798828e+00,2.604109048843383789e+00,2.349221229553222656e+00,2.019215345382690430e+00,1.804058432579040527e+00,1.434773445129394531e+00,1.287084817886352539e+00,9.405016303062438965e-01,9.608542323112487793e-01,9.220081567764282227e-01,8.424792289733886719e-01,1.012995600700378418e+00,1.330094337463378906e+00,2.052652835845947266e+00,1.924955606460571289e+00,1.554015755653381348e+00,1.615527272224426270e+00,1.366434335708618164e+00,1.445569038391113281e+00,1.382134437561035156e+00,1.405371665954589844e+00,1.600963115692138672e+00,1.686363101005554199e+00,2.051742315292358398e+00,2.271240949630737305e+00,2.478146553039550781e+00,2.709917068481445312e+00,2.864673376083374023e+00,2.655685424804687500e+00,2.601421356201171875e+00,2.274457454681396484e+00,2.129589557647705078e+00,2.002806663513183594e+00,1.762225508689880371e+00,1.823824524879455566e+00,1.588129043579101562e+00,1.814110755920410156e+00,1.738010406494140625e+00,1.900838732719421387e+00,2.104432106018066406e+00,2.060997009277343750e+00,2.351126194000244141e+00,2.594952106475830078e+00
2.172433853149414062e+00,1.897757291793823242e+00,1.567344188690185547e+00,1.422455191612243652e+00,1.048002839088439941e+00,9.670017361640930176e-01,7.025861740112304688e-01,7.112147212028503418e-01,8.299316763877868652e-01,9.894636273384094238e-01,1.352614879608154297e+00,1.574173212051391602e+00,1.843383193016052246e+00,2.055294036865234375e+00,2.149063587188720703e+00,1.428409814834594727e+00,1.165730714797973633e+00,9.022851586341857910e-01,5.960498452186584473e-01,3.775092363357543945e-01,0.000000000000000000e+00,3.885563313961029053e-01,6.425930857658386230e-01,9.740628600120544434e-01,1.300796627998352051e+00,1.470353603363037109e+00,1.823874950408935547e+00,1.980948686599731445e+00,2.300627708435058594e+00,2.294195652008056641e+00,3.098142385482788086e+00,2.870718002319335938e+00,2.566612005233764648e+00,2.304205894470214844e+00,2.028870582580566406e+00,1.708864688873291016e+00,1.460256457328796387e+00,1.097527027130126953e+00,9.209721088409423828e-01,5.717381238937377930e-01,6.701420545578002930e-01,7.120472192764282227e-01,7.675735950469970703e-01,9.916139245033264160e-01,1.242560505867004395e+00,2.206521511077880859e+00,2.059439897537231445e+00,1.679558992385864258e+00,1.658459305763244629e+00,1.391216874122619629e+00,1.368854284286499023e+00,1.267215728759765625e+00,1.192937016487121582e+00,1.366613984107971191e+00,1.394739270210266113e+00,1.754094839096069336e+00,1.960487961769104004e+00,2.144586563110351562e+00,2.375538825988769531e+00,2.552994489669799805e+00,2.315049171447753906e+00,2.242364406585693359e+00,1.908030867576599121e+00,1.766250133514404297e+00,1.629661679267883301e+00,1.404034495353698730e+00,1.482861399650573730e+00,1.284759640693664551e+00,1.555309653282165527e+00,1.544263958930969238e+00,1.741594910621643066e+00,1.990049362182617188e+00,1.995393872261047363e+00,2.307651519775390625e+00,2.515422582626342773e+00
