,A1,A2,A3,A4,A5,A6,A7,A8,A9,A10,A11,A12,A13,A14,A15,B1,B2,B3,B4,B5,B6,B7,B8,B9,B10,B11,B12,B13,B14,B15,C1,C2,C3,C4,C5,C6,C7,C8,C9,C10,C11,C12,C13,C14,C15,D1,D2,D3,D4,D5,D6,D7,D8,D9,D10,D11,D12,D13,D14,D15,E1,E2,E3,E4,E5,E6,E7,E8,E9,E10,E11,E12,E13,E14,E15
A1,0.0,0.38419756293296814,0.6063414812088013,0.8710705041885376,1.1827871799468994,1.4660606384277344,1.7897617816925049,2.08573579788208,2.4030797481536865,2.7305216789245605,2.929593801498413,3.2769956588745117,3.4325554370880127,3.746936559677124,3.7392919063568115,3.0948233604431152,2.7553863525390625,2.537079334259033,2.460197687149048,2.123946189880371,2.172433853149414,1.8489731550216675,1.9567328691482544,1.7936829328536987,1.9306806325912476,2.160313606262207,2.214770555496216,2.576695680618286,2.6303365230560303,2.5717661380767822,3.1687097549438477,3.0788393020629883,2.965322732925415,2.631626844406128,2.6670918464660645,2.3300211429595947,2.4185307025909424,2.2188239097595215,2.293947458267212,2.2432453632354736,2.038318157196045,2.1946210861206055,1.9369028806686401,2.203160047531128,2.223507881164551,1.4356787204742432,1.680451512336731,1.58612859249115,1.688415288925171,1.9135288000106812,1.9908350706100464,2.316908121109009,2.4026997089385986,2.7739973068237305,2.9377388954162598,3.1486763954162598,3.468615770339966,3.495252847671509,3.837092638015747,3.982370138168335,3.9736380577087402,3.8318238258361816,3.450855255126953,3.407167434692383,3.0969796180725098,2.9695558547973633,2.7910923957824707,2.572892904281616,2.5703790187835693,2.375021457672119,2.661719560623169,2.6590993404388428,2.7984044551849365,2.8660471439361572,3.1690268516540527
A2,0.38419756293296814,0.0,0.3827609717845917,0.5919166207313538,0.8922004103660583,1.197693109512329,1.486489176750183,1.8093597888946533,2.100032091140747,2.4441213607788086,2.6403841972351074,2.9801454544067383,3.15726375579834,3.4590282440185547,3.434121608734131,2.7465853691101074,2.4189488887786865,2.1912729740142822,2.1447691917419434,1.8100025653839111,1.8977572917938232,1.6055400371551514,1.7551872730255127,1.6609814167022705,1.8442695140838623,2.109846830368042,2.2226853370666504,2.574681043624878,2.678849220275879,2.6399543285369873,3.1979446411132812,3.103114366531372,2.9443154335021973,2.620962142944336,2.6129462718963623,2.2615232467651367,2.319965362548828,2.0762853622436523,2.142780303955078,2.046701431274414,1.866246223449707,2.007857084274292,1.7378164529800415,2.007873296737671,2.0873003005981445,1.1704164743423462,1.3935102224349976,1.2635338306427002,1.4120279550552368,1.6150065660476685,1.7388564348220825,2.0535037517547607,2.1725032329559326,2.5441179275512695,2.728436231613159,2.9662084579467773,3.290158987045288,3.3540146350860596,3.69138240814209,3.825180768966675,3.8532590866088867,3.7168707847595215,3.3364315032958984,3.2632598876953125,2.9679718017578125,2.803992509841919,2.639822483062744,2.389674425125122,2.3963305950164795,2.178864002227783,2.441863775253296,2.442800283432007,2.5434539318084717,2.6263880729675293,2.9448158740997314
A3,0.6063414812088013,0.3827609717845917,0.0,0.38298559188842773,0.59526526927948,0.9198880791664124,1.2143245935440063,1.520037055015564,1.8364237546920776,2.161557674407959,2.388512134552002,2.7266290187835693,2.9061381816864014,3.208583354949951,3.2156805992126465,2.5440456867218018,2.205871105194092,1.969238519668579,1.8701245784759521,1.5257338285446167,1.5673441886901855,1.2526283264160156,1.3954429626464844,1.293225646018982,1.5017756223678589,1.7571463584899902,1.8967280387878418,2.241966962814331,2.3713393211364746,2.3256654739379883,3.003478527069092,2.8725714683532715,2.6980366706848145,2.3623239994049072,2.3196921348571777,1.9559541940689087,1.9786503314971924,1.7244760990142822,1.768955111503601,1.6748735904693604,1.4885550737380981,1.6463711261749268,1.398190975189209,1.6928647756576538,1.7635865211486816,1.3452205657958984,1.4767439365386963,1.2569044828414917,1.3460707664489746,1.4741790294647217,1.546476125717163,1.8251783847808838,1.8961189985275269,2.259815216064453,2.4132344722747803,2.6591899394989014,2.9703519344329834,3.0309062004089355,3.3604960441589355,3.5126724243164062,3.4713661670684814,3.3392059803009033,2.9583325386047363,2.892595052719116,2.6032276153564453,2.45021915435791,2.3058536052703857,2.0732836723327637,2.119049310684204,1.9401867389678955,2.228762149810791,2.2800912857055664,2.394541025161743,2.5239007472991943,2.82322359085083
A4,0.8710705041885376,0.5919166207313538,0.38298559188842773,0.0,0.37605756521224976,0.6110125780105591,0.9310464859008789,1.2306493520736694,1.5355756282806396,1.8696775436401367,2.06309175491333,2.408006191253662,2.574801445007324,2.882051467895508,2.874300718307495,2.422119617462158,2.1156504154205322,1.8302034139633179,1.753639578819275,1.38749361038208,1.4224551916122437,1.1169309616088867,1.2258321046829224,1.1811590194702148,1.3695294857025146,1.6809136867523193,1.8446484804153442,2.172119140625,2.329252004623413,2.339822292327881,2.810957670211792,2.6992554664611816,2.4918599128723145,2.183319568634033,2.1279163360595703,1.7719398736953735,1.813733458518982,1.5482333898544312,1.6482232809066772,1.5612422227859497,1.4573233127593994,1.6554888486862183,1.45197594165802,1.7750036716461182,1.8934662342071533,1.11957848072052,1.171510934829712,0.918330729007721,0.9700868725776672,1.0964372158050537,1.1772652864456177,1.4733670949935913,1.5814610719680786,1.9525212049484253,2.1433560848236084,2.38572359085083,2.712455987930298,2.794140577316284,3.129970073699951,3.253046751022339,3.392127513885498,3.2339518070220947,2.8595821857452393,2.7473137378692627,2.451145887374878,2.2554519176483154,2.083787679672241,1.813635230064392,1.8233767747879028,1.6083364486694336,1.8752334117889404,1.9112138748168945,2.0157432556152344,2.1427972316741943,2.445596218109131
A5,1.1827871799468994,0.8922004103660583,0.59526526927948,0.37605756521224976,0.0,0.38010281324386597,0.6199230551719666,0.9388080835342407,1.2434993982315063,1.572892665863037,1.8075345754623413,2.1388583183288574,2.3345413208007812,2.6267504692077637,2.6380584239959717,2.097344398498535,1.7887881994247437,1.498000979423523,1.3912276029586792,1.0213731527328491,1.04800283908844,0.7590117454528809,0.9249836802482605,0.962990403175354,1.224239706993103,1.5268244743347168,1.7545615434646606,2.054314136505127,2.2614221572875977,2.2650890350341797,2.85027813911438,2.702761173248291,2.4620165824890137,2.1550099849700928,2.035583257675171,1.6685683727264404,1.6359533071517944,1.3240227699279785,1.3717716932296753,1.2318288087844849,1.1432126760482788,1.326461672782898,1.140163540840149,1.4688761234283447,1.6229201555252075,1.340234637260437,1.3153183460235596,0.9836825728416443,1.0215396881103516,1.0111284255981445,1.0778740644454956,1.2936604022979736,1.37165367603302,1.7249020338058472,1.8920307159423828,2.169883966445923,2.4793825149536133,2.5872442722320557,2.9057130813598633,3.0429952144622803,3.0959975719451904,2.9561076164245605,2.5845541954040527,2.465475082397461,2.196251392364502,1.9886080026626587,1.863751769065857,1.5934795141220093,1.666530966758728,1.4874193668365479,1.7522447109222412,1.8479351997375488,1.9259141683578491,2.1109907627105713,2.400510549545288
A6,1.4660606384277344,1.197693109512329,0.9198880791664124,0.6110125780105591,0.38010281324386597,0.0,0.3850482106208801,0.6236706972122192,0.9517731666564941,1.266642451286316,1.4742701053619385,1.8188626766204834,1.9865586757659912,2.2928664684295654,2.313220262527466,2.106959342956543,1.840587854385376,1.5061280727386475,1.3896222114562988,1.0173017978668213,0.967001736164093,0.6901981234550476,0.735215425491333,0.8335696458816528,1.040628433227539,1.382525086402893,1.6249263286590576,1.891556978225708,2.122189521789551,2.1814024448394775,2.5887858867645264,2.447901487350464,2.1772990226745605,1.8993256092071533,1.758789300918579,1.408392071723938,1.3890724182128906,1.079466462135315,1.2006810903549194,1.1057881116867065,1.1327389478683472,1.3740168809890747,1.2799352407455444,1.6220688819885254,1.7847386598587036,1.3988960981369019,1.272602915763855,0.9206503033638,0.8320124745368958,0.7365467548370361,0.7237906455993652,0.9245812296867371,1.0005325078964233,1.361821174621582,1.5535355806350708,1.8205353021621704,2.1423890590667725,2.260716199874878,2.5847506523132324,2.6997296810150146,2.9307425022125244,2.758394241333008,2.397974967956543,2.235996723175049,1.9562338590621948,1.7137329578399658,1.5565601587295532,1.2570103406906128,1.302992820739746,1.1121211051940918,1.3747227191925049,1.4883517026901245,1.5784094333648682,1.7854281663894653,2.0551578998565674
A7,1.7897617816925049,1.486489176750183,1.2143245935440063,0.9310464859008789,0.6199230551719666,0.3850482106208801,0.0,0.3699774444103241,0.6246265172958374,0.9654618501663208,1.2033506631851196,1.5242855548858643,1.7408885955810547,2.0182831287384033,2.0335538387298584,1.7650223970413208,1.5287120342254639,1.1750330924987793,1.0736750364303589,0.7223346829414368,0.7025861740112305,0.5767095685005188,0.698701798915863,0.9554533958435059,1.2028560638427734,1.5152796506881714,1.809230089187622,2.0291199684143066,2.3035483360290527,2.3647754192352295,2.787324905395508,2.6329832077026367,2.3282198905944824,2.078756093978882,1.8797246217727661,1.5482053756713867,1.455123782157898,1.1082570552825928,1.1684584617614746,0.9895687103271484,1.0862020254135132,1.2729980945587158,1.2119536399841309,1.5180569887161255,1.7405614852905273,1.5654746294021606,1.386481523513794,1.009373426437378,0.9562928080558777,0.7165771126747131,0.7509113550186157,0.8012765049934387,0.8960880637168884,1.209322452545166,1.402946949005127,1.7173727750778198,2.0182366371154785,2.1912121772766113,2.487715482711792,2.596208333969116,2.8065264225006104,2.655158758163452,2.310520648956299,2.1189470291137695,1.8869404792785645,1.6061270236968994,1.5099974870681763,1.1938408613204956,1.2947149276733398,1.12557852268219,1.3229022026062012,1.4782518148422241,1.4952398538589478,1.751457691192627,2.0127036571502686
A8,2.08573579788208,1.8093597888946533,1.520037055015564,1.2306493520736694,0.9388080835342407,0.6236706972122192,0.3699774444103241,0.0,0.3798258900642395,0.646804928779602,0.8984523415565491,1.2264935970306396,1.4172046184539795,1.7066665887832642,1.7630425691604614,1.8410202264785767,1.6506210565567017,1.293461561203003,1.1515640020370483,0.8614815473556519,0.7112147212028503,0.6515472531318665,0.6043208241462708,0.9170099496841431,1.0991384983062744,1.3944934606552124,1.7014533281326294,1.866382122039795,2.1659979820251465,2.264854669570923,2.5994515419006348,2.433429479598999,2.103472948074341,1.8872114419937134,1.6474989652633667,1.3511093854904175,1.2313761711120605,0.9002503156661987,0.9991306662559509,0.8747836947441101,1.0910149812698364,1.3125,1.3520230054855347,1.6492491960525513,1.8546570539474487,1.8356293439865112,1.6061911582946777,1.2476840019226074,1.1003997325897217,0.7899678945541382,0.6813674569129944,0.5671853423118591,0.5670862197875977,0.848917543888092,1.0368787050247192,1.357659101486206,1.6544067859649658,1.8430970907211304,2.1328842639923096,2.233102321624756,2.5576229095458984,2.3822853565216064,2.05519437789917,1.8259772062301636,1.5996075868606567,1.287972092628479,1.190853238105774,0.8628053069114685,0.9903421401977539,0.8768319487571716,1.0612748861312866,1.2844901084899902,1.3143959045410156,1.616990566253662,1.826712965965271
A9,2.4030797481536865,2.100032091140747,1.8364237546920776,1.5355756282806396,1.2434993982315063,0.9517731666564941,0.6246265172958374,0.3798258900642395,0.0,0.3757712244987488,0.604596734046936,0.9030123353004456,1.1486319303512573,1.40272057056427,1.4312084913253784,1.6619495153427124,1.5458531379699707,1.182992696762085,1.108306884765625,0.9124948382377625,0.8299316763877869,0.9300068020820618,0.9267054200172424,1.2703652381896973,1.4394049644470215,1.710464358329773,2.0252978801727295,2.1513121128082275,2.466912269592285,2.5807580947875977,2.811265230178833,2.6586127281188965,2.306058883666992,2.1365976333618164,1.8748209476470947,1.623687505722046,1.486655831336975,1.1796833276748657,1.2503266334533691,1.0925534963607788,1.3491425514221191,1.51055109500885,1.5677273273468018,1.8165119886398315,2.0632801055908203,1.9726080894470215,1.6994866132736206,1.3593519926071167,1.2357308864593506,0.8678159713745117,0.8258123397827148,0.5731402039527893,0.6514487862586975,0.7993029356002808,1.018358588218689,1.3541589975357056,1.6226708889007568,1.8741832971572876,2.1285486221313477,2.1920166015625,2.616792917251587,2.452437162399292,2.159756660461426,1.8894445896148682,1.719162940979004,1.3707672357559204,1.3192410469055176,0.9929185509681702,1.108357548713684,0.9950690865516663,1.0479673147201538,1.272190809249878,1.2050795555114746,1.5349746942520142,1.7288275957107544
A10,2.7305216789245605,2.4441213607788086,2.161557674407959,1.8696775436401367,1.572892665863037,1.266642451286316,0.9654618501663208,0.646804928779602,0.3757712244987488,0.0,0.3781571388244629,0.6177386045455933,0.8581570982933044,1.0995094776153564,1.2007217407226562,1.7677980661392212,1.7010520696640015,1.3718957901000977,1.2615675926208496,1.1456665992736816,0.9894636273384094,1.136904001235962,1.0570833683013916,1.3996984958648682,1.5192757844924927,1.738438367843628,2.0547382831573486,2.1175763607025146,2.4509031772613525,2.585524320602417,2.77579402923584,2.6075801849365234,2.2402546405792236,2.1117188930511475,1.8116551637649536,1.6166999340057373,1.4424011707305908,1.1861354112625122,1.2465378046035767,1.1344441175460815,1.455683708190918,1.6129978895187378,1.7442044019699097,1.9668017625808716,2.195711374282837,2.3258187770843506,2.0354723930358887,1.7102887630462646,1.5489681959152222,1.1779451370239258,1.060643196105957,0.7141808271408081,0.6531041860580444,0.6043980121612549,0.7589409947395325,1.0995770692825317,1.3222407102584839,1.6101857423782349,1.8287956714630127,1.8834465742111206,2.385145664215088,2.2118568420410156,1.9556912183761597,1.6491073369979858,1.5229899883270264,1.1567007303237915,1.154596209526062,0.8786278367042542,1.035991907119751,1.0282456874847412,1.0266059637069702,1.311117172241211,1.2447388172149658,1.6042462587356567,1.72367525100708
A11,2.929593801498413,2.6403841972351074,2.388512134552002,2.06309175491333,1.8075345754623413,1.4742701053619385,1.2033506631851196,0.8984523415565491,0.604596734046936,0.3781571388244629,0.0,0.3613913655281067,0.5471882224082947,0.8206080794334412,0.8754922747612,1.9854665994644165,1.9666163921356201,1.6323987245559692,1.5834532976150513,1.4708319902420044,1.3526148796081543,1.4744008779525757,1.3711715936660767,1.6844251155853271,1.7505009174346924,1.9872610569000244,2.2734663486480713,2.321279287338257,2.639538049697876,2.8143343925476074,2.749493360519409,2.6230556964874268,2.2451958656311035,2.173308849334717,1.8953431844711304,1.7519254684448242,1.6382203102111816,1.4335492849349976,1.559155821800232,1.4915789365768433,1.8153311014175415,1.9876457452774048,2.1081013679504395,2.3371407985687256,2.569614887237549,2.3638596534729004,2.033933162689209,1.7546192407608032,1.5618120431900024,1.194633960723877,1.077256679534912,0.6983969807624817,0.7258071899414062,0.588080108165741,0.8330146074295044,1.0852802991867065,1.3107738494873047,1.6214574575424194,1.831344485282898,1.8117198944091797,2.6182236671447754,2.417088270187378,2.192143678665161,1.853861689567566,1.7282850742340088,1.3512840270996094,1.292769432067871,1.0102273225784302,1.0460468530654907,0.9968810081481934,0.8577947020530701,1.1077346801757812,0.9799678325653076,1.340500831604004,1.4215565919876099
A12,3.2769956588745117,2.9801454544067383,2.7266290187835693,2.408006191253662,2.1388583183288574,1.8188626766204834,1.5242855548858643,1.2264935970306396,0.9030123353004456,0.6177386045455933,0.3613913655281067,0.0,0.3694930374622345,0.5066618919372559,0.5969306230545044,2.0039961338043213,2.0485453605651855,1.7509647607803345,1.7215728759765625,1.6811360120773315,1.5741732120513916,1.7528866529464722,1.6630492210388184,1.98786461353302,2.0545783042907715,2.258591413497925,2.549206495285034,2.561516761779785,2.88922381401062,3.0658767223358154,2.9837992191314697,2.8550095558166504,2.4732882976531982,2.434023141860962,2.138906955718994,2.0313398838043213,1.8914198875427246,1.7087268829345703,1.797282338142395,1.7190775871276855,2.0556800365448,2.1920766830444336,2.336676597595215,2.5293869972229004,2.7715859413146973,2.67641019821167,2.3382997512817383,2.0707051753997803,1.8965803384780884,1.528894305229187,1.4329854249954224,1.0561182498931885,1.060478687286377,0.8386213779449463,0.9877513647079468,1.1982665061950684,1.3374029397964478,1.684597373008728,1.8296314477920532,1.7808058261871338,2.6255528926849365,2.4416861534118652,2.263157367706299,1.9083935022354126,1.848939299583435,1.482992172241211,1.4862701892852783,1.2648208141326904,1.3214528560638428,1.3192391395568848,1.1362299919128418,1.3697696924209595,1.2005376815795898,1.5423461198806763,1.5691479444503784
A13,3.4325554370880127,3.15726375579834,2.9061381816864014,2.574801445007324,2.3345413208007812,1.9865586757659912,1.7408885955810547,1.4172046184539795,1.1486319303512573,0.8581570982933044,0.5471882224082947,0.3694930374622345,0.0,0.3568548560142517,0.5381827354431152,2.3730416297912598,2.4097673892974854,2.104649305343628,2.0563697814941406,1.9867805242538452,1.8433831930160522,1.9735974073410034,1.8224458694458008,2.106797695159912,2.1084249019622803,2.301802635192871,2.5573513507843018,2.538346767425537,2.8488211631774902,3.062898635864258,2.7844738960266113,2.677605390548706,2.2962350845336914,2.311389207839966,2.030869722366333,1.9853646755218506,1.887211561203003,1.7706143856048584,1.9131590127944946,1.903723955154419,2.255106210708618,2.429332971572876,2.592132568359375,2.8054895401000977,3.0216586589813232,2.8212335109710693,2.469118356704712,2.2287728786468506,2.003668785095215,1.6605234146118164,1.5068668127059937,1.1335309743881226,1.1014705896377563,0.8087749481201172,0.9477890133857727,1.0424872636795044,1.1622940301895142,1.5020949840545654,1.636979341506958,1.527717113494873,2.6586220264434814,2.4346718788146973,2.283644914627075,1.9105613231658936,1.8395330905914307,1.4846868515014648,1.4398270845413208,1.2539372444152832,1.2393016815185547,1.2713993787765503,1.030777931213379,1.2569148540496826,1.120394229888916,1.4418222904205322,1.3856168985366821
A14,3.746936559677124,3.4590282440185547,3.208583354949951,2.882051467895508,2.6267504692077637,2.2928664684295654,2.0182831287384033,1.7066665887832642,1.40272057056427,1.0995094776153564,0.8206080794334412,0.5066618919372559,0.3568548560142517,0.0,0.36639419198036194,2.3977394104003906,2.487636089324951,2.215775489807129,2.1914925575256348,2.1772027015686035,2.0552940368652344,2.2325398921966553,2.108006000518799,2.410125494003296,2.42899227142334,2.603538990020752,2.868227958679199,2.8307998180389404,3.1489462852478027,3.356071710586548,3.0947463512420654,2.9862539768218994,2.6071834564208984,2.637739896774292,2.3472087383270264,2.3141372203826904,2.191455841064453,2.073887348175049,2.178645610809326,2.144385576248169,2.4974327087402344,2.636425495147705,2.8089025020599365,2.990457534790039,3.2201616764068604,3.097381114959717,2.7410876750946045,2.5060718059539795,2.3074634075164795,1.9578862190246582,1.8376357555389404,1.4642690420150757,1.4423516988754272,1.1445765495300293,1.2282999753952026,1.3104509115219116,1.3511252403259277,1.7041325569152832,1.7723277807235718,1.6424554586410522,2.7454605102539062,2.547891139984131,2.437072277069092,2.0621707439422607,2.050037384033203,1.7128000259399414,1.7231769561767578,1.5715655088424683,1.5851503610610962,1.6280202865600586,1.3801385164260864,1.5818220376968384,1.407010793685913,1.702542781829834,1.624652624130249
A15,3.7392919063568115,3.434121608734131,3.2156805992126465,2.874300718307495,2.6380584239959717,2.313220262527466,2.0335538387298584,1.7630425691604614,1.4312084913253784,1.2007217407226562,0.8754922747612,0.5969306230545044,0.5381827354431152,0.36639419198036194,0.0,2.3622045516967773,2.4750285148620605,2.1964468955993652,2.2335450649261475,2.2140285968780518,2.1490635871887207,2.3270986080169678,2.239591121673584,2.552098274230957,2.5904018878936768,2.8035624027252197,3.0705695152282715,3.067267417907715,3.3794479370117188,3.586937427520752,3.254220485687256,3.1765050888061523,2.797069787979126,2.822751522064209,2.5568506717681885,2.5004851818084717,2.406545877456665,2.259614944458008,2.3789801597595215,2.314971923828125,2.6501951217651367,2.783261775970459,2.915776491165161,3.1014761924743652,3.3569133281707764,2.959855318069458,2.593130111694336,2.390275716781616,2.2175180912017822,1.880923867225647,1.8198453187942505,1.4747227430343628,1.5449563264846802,1.3099002838134766,1.474082350730896,1.578012466430664,1.6692399978637695,2.01389217376709,2.109884262084961,1.965848445892334,3.081096649169922,2.888488292694092,2.7567081451416016,2.385788917541504,2.348663568496704,1.994781732559204,1.9718594551086426,1.7670459747314453,1.7377949953079224,1.702590823173523,1.4157005548477173,1.5466034412384033,1.299090027809143,1.5576857328414917,1.5042452812194824
B1,3.0948233604431152,2.7465853691101074,2.5440456867218018,2.422119617462158,2.097344398498535,2.106959342956543,1.7650223970413208,1.8410202264785767,1.6619495153427124,1.7677980661392212,1.9854665994644165,2.0039961338043213,2.3730416297912598,2.3977394104003906,2.3622045516967773,0.0,0.38534241914749146,0.6039407849311829,0.8492251634597778,1.1630126237869263,1.4284098148345947,1.7690061330795288,2.0600383281707764,2.3961639404296875,2.7228097915649414,2.892573595046997,3.2496633529663086,3.385376453399658,3.716726779937744,3.695951461791992,4.419045448303223,4.221395969390869,3.885869264602661,3.6691336631774902,3.3785295486450195,3.088804006576538,2.8394594192504883,2.4890449047088623,2.3043622970581055,1.9439549446105957,1.9942251443862915,1.8077976703643799,1.7511838674545288,1.681244134902954,2.0407450199127197,2.763587236404419,2.6214680671691895,2.3167355060577393,2.463670015335083,2.1899142265319824,2.357370615005493,2.2098777294158936,2.2938430309295654,2.3650529384613037,2.4406471252441406,2.806189775466919,2.9464094638824463,3.2323496341705322,3.3778417110443115,3.494551420211792,3.1883857250213623,3.2242579460144043,2.9816818237304688,2.8192999362945557,2.8229477405548096,2.5717151165008545,2.7221546173095703,2.5054194927215576,2.7305145263671875,2.6530160903930664,2.6877529621124268,2.8684470653533936,2.694281816482544,2.9762725830078125,3.202439069747925
B2,2.7553863525390625,2.4189488887786865,2.205871105194092,2.1156504154205322,1.7887881994247437,1.840587854385376,1.5287120342254639,1.6506210565567017,1.5458531379699707,1.7010520696640015,1.9666163921356201,2.0485453605651855,2.4097673892974854,2.487636089324951,2.4750285148620605,0.38534241914749146,0.0,0.3794357180595398,0.5743052363395691,0.87221360206604,1.1657307147979736,1.4766771793365479,1.7997541427612305,2.110183000564575,2.455282211303711,2.6218080520629883,2.9723973274230957,3.131314754486084,3.450040578842163,3.4087016582489014,4.221227169036865,4.015478134155273,3.6962730884552,3.4522929191589355,3.175694704055786,2.863929271697998,2.6182122230529785,2.258720636367798,2.0604958534240723,1.689736247062683,1.6888068914413452,1.491412878036499,1.3946353197097778,1.3292196989059448,1.694127082824707,2.5567312240600586,2.447299003601074,2.1250057220458984,2.2787060737609863,2.029301643371582,2.189460039138794,2.083714485168457,2.152390718460083,2.270782947540283,2.342501640319824,2.7153306007385254,2.8782992362976074,3.135263204574585,3.3069589138031006,3.44879150390625,3.068614959716797,3.0984385013580322,2.825538396835327,2.6906065940856934,2.6618492603302,2.4289727210998535,2.5650722980499268,2.349355936050415,2.58423113822937,2.50545072555542,2.590303421020508,2.7755980491638184,2.642213821411133,2.9240005016326904,3.1681766510009766
B3,2.537079334259033,2.1912729740142822,1.969238519668579,1.8302034139633179,1.498000979423523,1.5061280727386475,1.1750330924987793,1.293461561203003,1.182992696762085,1.3718957901000977,1.6323987245559692,1.7509647607803345,2.104649305343628,2.215775489807129,2.1964468955993652,0.6039407849311829,0.3794357180595398,0.0,0.3848065435886383,0.5855460166931152,0.9022851586341858,1.2036362886428833,1.5112184286117554,1.8381059169769287,2.1683456897735596,2.367821455001831,2.7159457206726074,2.8819210529327393,3.1999242305755615,3.1884422302246094,3.882936954498291,3.6923458576202393,3.367908000946045,3.13253116607666,2.8645761013031006,2.554243326187134,2.3330187797546387,1.969741940498352,1.8173960447311401,1.4615880250930786,1.5023986101150513,1.3800299167633057,1.2922741174697876,1.3275727033615112,1.6894781589508057,2.261509656906128,2.122758626937866,1.7894352674484253,1.9187452793121338,1.655909538269043,1.8137460947036743,1.7099343538284302,1.7973246574401855,1.9337080717086792,2.0377020835876465,2.4090607166290283,2.5995235443115234,2.8567440509796143,3.05181884765625,3.1772358417510986,2.9732518196105957,2.957343101501465,2.668637275695801,2.503047227859497,2.4368982315063477,2.1754281520843506,2.272320032119751,2.028383731842041,2.238680601119995,2.1402199268341064,2.2214581966400146,2.3993418216705322,2.2707908153533936,2.551872491836548,2.7995200157165527
B4,2.460197687149048,2.1447691917419434,1.8701245784759521,1.753639578819275,1.3912276029586792,1.3896222114562988,1.0736750364303589,1.1515640020370483,1.108306884765625,1.2615675926208496,1.5834532976150513,1.7215728759765625,2.0563697814941406,2.1914925575256348,2.2335450649261475,0.8492251634597778,0.5743052363395691,0.3848065435886383,0.0,0.37607449293136597,0.5960498452186584,0.9343904852867126,1.2364857196807861,1.5569100379943848,1.8943655490875244,2.055450201034546,2.409442186355591,2.561102867126465,2.883268356323242,2.855602264404297,3.6725616455078125,3.4546256065368652,3.1400372982025146,2.8909037113189697,2.6098251342773438,2.2984824180603027,2.045097827911377,1.686907172203064,1.4885425567626953,1.1206464767456055,1.154272198677063,1.0147240161895752,0.9802272319793701,1.0231479406356812,1.3710187673568726,2.365697145462036,2.2316293716430664,1.870455026626587,1.9470266103744507,1.6751834154129028,1.760419249534607,1.6431103944778442,1.6524934768676758,1.7835845947265625,1.8320027589797974,2.204955816268921,2.380185842514038,2.6119790077209473,2.8036739826202393,2.96321964263916,2.624194383621216,2.6149182319641113,2.3176634311676025,2.178370237350464,2.1156980991363525,1.8852030038833618,2.010664939880371,1.805982232093811,2.061955451965332,2.0158913135528564,2.1436944007873535,2.363635778427124,2.2860519886016846,2.5908942222595215,2.8178036212921143
B5,2.123946189880371,1.8100025653839111,1.5257338285446167,1.38749361038208,1.0213731527328491,1.0173017978668213,0.7223346829414368,0.8614815473556519,0.9124948382377625,1.1456665992736816,1.4708319902420044,1.6811360120773315,1.9867805242538452,2.1772027015686035,2.2140285968780518,1.1630126237869263,0.87221360206604,0.5855460166931152,0.37607449293136597,0.0,0.3775092363357544,0.6203457117080688,0.9499126672744751,1.257889747619629,1.5983821153640747,1.7997342348098755,2.141645908355713,2.3263533115386963,2.6331400871276855,2.6185872554779053,3.376641035079956,3.172203779220581,2.866550922393799,2.604109048843384,2.3492212295532227,2.0192153453826904,1.8040584325790405,1.4347734451293945,1.2870848178863525,0.9405016303062439,0.9608542323112488,0.9220081567764282,0.8424792289733887,1.0129956007003784,1.330094337463379,2.0526528358459473,1.9249556064605713,1.5540157556533813,1.6155272722244263,1.3664343357086182,1.4455690383911133,1.3821344375610352,1.4053716659545898,1.6009631156921387,1.6863631010055542,2.0517423152923584,2.2712409496307373,2.478146553039551,2.7099170684814453,2.864673376083374,2.6556854248046875,2.601421356201172,2.2744574546813965,2.129589557647705,2.0028066635131836,1.7622255086898804,1.8238245248794556,1.5881290435791016,1.8141107559204102,1.7380104064941406,1.9008387327194214,2.1044321060180664,2.0609970092773438,2.351126194000244,2.59495210647583
B6,2.172433853149414,1.8977572917938232,1.5673441886901855,1.4224551916122437,1.04800283908844,0.967001736164093,0.7025861740112305,0.7112147212028503,0.8299316763877869,0.9894636273384094,1.3526148796081543,1.5741732120513916,1.8433831930160522,2.0552940368652344,2.1490635871887207,1.4284098148345947,1.1657307147979736,0.9022851586341858,0.5960498452186584,0.3775092363357544,0.0,0.3885563313961029,0.6425930857658386,0.9740628600120544,1.300796627998352,1.470353603363037,1.8238749504089355,1.9809486865997314,2.3006277084350586,2.2941956520080566,3.098142385482788,2.870718002319336,2.5666120052337646,2.304205894470215,2.0288705825805664,1.708864688873291,1.4602564573287964,1.097527027130127,0.9209721088409424,0.5717381238937378,0.6701420545578003,0.7120472192764282,0.7675735950469971,0.9916139245033264,1.2425605058670044,2.206521511077881,2.0594398975372314,1.6795589923858643,1.6584593057632446,1.3912168741226196,1.368854284286499,1.2672157287597656,1.1929370164871216,1.3666139841079712,1.3947392702102661,1.7540948390960693,1.960487961769104,2.1445865631103516,2.3755388259887695,2.5529944896698,2.315049171447754,2.2423644065856934,1.9080308675765991,1.7662501335144043,1.6296616792678833,1.4040344953536987,1.4828613996505737,1.2847596406936646,1.5553096532821655,1.5442639589309692,1.741594910621643,1.9900493621826172,1.9953938722610474,2.3076515197753906,2.5154225826263428
B7,1.8489731550216675,1.6055400371551514,1.2526283264160156,1.1169309616088867,0.7590117454528809,0.6901981234550476,0.5767095685005188,0.6515472531318665,0.9300068020820618,1.136904001235962,1.4744008779525757,1.7528866529464722,1.9735974073410034,2.2325398921966553,2.3270986080169678,1.7690061330795288,1.4766771793365479,1.2036362886428833,0.9343904852867126,0.6203457117080688,0.3885563313961029,0.0,0.3789067566394806,0.6386135220527649,0.9897964000701904,1.1947816610336304,1.5272505283355713,1.7334668636322021,2.025803327560425,2.0169496536254883,2.836639642715454,2.6139419078826904,2.3342041969299316,2.0411481857299805,1.8043787479400635,1.4541689157485962,1.251610279083252,0.8864068388938904,0.7680800557136536,0.507952868938446,0.5140080451965332,0.7134511470794678,0.7158511877059937,1.0413427352905273,1.2149771451950073,2.021174907684326,1.9042792320251465,1.5301284790039062,1.4807642698287964,1.2744802236557007,1.2139413356781006,1.2034428119659424,1.115095615386963,1.3649250268936157,1.4109294414520264,1.7361341714859009,1.9799484014511108,2.111440420150757,2.3816280364990234,2.5655722618103027,2.3875527381896973,2.2792632579803467,1.9174749851226807,1.800342321395874,1.5917999744415283,1.3933788537979126,1.3939244747161865,1.1905161142349243,1.4262969493865967,1.3992730379104614,1.6614381074905396,1.8898578882217407,1.9557878971099854,2.2411463260650635,2.4596457481384277
B8,1.9567328691482544,1.7551872730255127,1.3954429626464844,1.2258321046829224,0.9249836802482605,0.735215425491333,0.698701798915863,0.6043208241462708,0.9267054200172424,1.0570833683013916,1.3711715936660767,1.6630492210388184,1.8224458694458008,2.108006000518799,2.239591121673584,2.0600383281707764,1.7997541427612305,1.5112184286117554,1.2364857196807861,0.9499126672744751,0.6425930857658386,0.3789067566394806,0.0,0.37942904233932495,0.662962794303894,0.8819867372512817,1.2209199666976929,1.4027265310287476,1.70693039894104,1.7422181367874146,2.484792947769165,2.2514753341674805,1.9671655893325806,1.680359125137329,1.4293605089187622,1.0865472555160522,0.8772180676460266,0.5096569061279297,0.4804648160934448,0.41219255328178406,0.5729520916938782,0.8898705840110779,0.995078444480896,1.3202507495880127,1.4257258176803589,2.1337757110595703,1.9861458539962769,1.6263715028762817,1.486801028251648,1.2754123210906982,1.1044973134994507,1.0675445795059204,0.8812509179115295,1.1207630634307861,1.1324509382247925,1.4230966567993164,1.6746786832809448,1.7724334001541138,2.0596296787261963,2.247117519378662,2.1988930702209473,2.0409958362579346,1.6762551069259644,1.5407006740570068,1.2847343683242798,1.087483286857605,1.0408663749694824,0.8586814999580383,1.1079435348510742,1.1421880722045898,1.4392999410629272,1.6969773769378662,1.8174240589141846,2.108515977859497,2.287245512008667
B9,1.7936829328536987,1.6609814167022705,1.293225646018982,1.1811590194702148,0.962990403175354,0.8335696458816528,0.9554533958435059,0.9170099496841431,1.2703652381896973,1.3996984958648682,1.6844251155853271,1.98786461353302,2.106797695159912,2.410125494003296,2.552098274230957,2.3961639404296875,2.110183000564575,1.8381059169769287,1.5569100379943848,1.257889747619629,0.9740628600120544,0.6386135220527649,0.37942904233932495,0.0,0.37559959292411804,0.5944738984107971,0.8991253972053528,1.140453577041626,1.4060180187225342,1.420469045639038,2.2938766479492188,2.0478155612945557,1.8095225095748901,1.4790929555892944,1.2780301570892334,0.9110172390937805,0.755084753036499,0.4795829951763153,0.5163381695747375,0.6319212317466736,0.6410831809043884,1.0002110004425049,1.0843380689620972,1.4239599704742432,1.4414750337600708,2.1830227375030518,2.078306198120117,1.7444099187850952,1.5861492156982422,1.4521945714950562,1.2495386600494385,1.2918753623962402,1.0894392728805542,1.3441495895385742,1.333260416984558,1.5566880702972412,1.8073434829711914,1.8310565948486328,2.1345722675323486,2.341437578201294,2.242582082748413,2.0686583518981934,1.6918946504592896,1.6147961616516113,1.3125554323196411,1.2003421783447266,1.1010586023330688,0.988567054271698,1.1917314529418945,1.2451852560043335,1.592017650604248,1.8260879516601562,2.005871295928955,2.264227867126465,2.436398506164551
B10,1.9306806325912476,1.8442695140838623,1.5017756223678589,1.3695294857025146,1.224239706993103,1.040628433227539,1.2028560638427734,1.0991384983062744,1.4394049644470215,1.5192757844924927,1.7505009174346924,2.0545783042907715,2.1084249019622803,2.42899227142334,2.5904018878936768,2.7228097915649414,2.455282211303711,2.1683456897735596,1.8943655490875244,1.5983821153640747,1.300796627998352,0.9897964000701904,0.662962794303894,0.37559959292411804,0.0,0.37375956773757935,0.6115304827690125,0.850942075252533,1.1012895107269287,1.1883412599563599,1.9283642768859863,1.674353837966919,1.4480472803115845,1.1082112789154053,0.9267064332962036,0.5579659938812256,0.4932229518890381,0.40629148483276367,0.6374189853668213,0.9022977948188782,0.9727910757064819,1.3349462747573853,1.4489022493362427,1.7796459197998047,1.7645386457443237,2.3115174770355225,2.190711498260498,1.8885555267333984,1.6659926176071167,1.5561383962631226,1.2823821306228638,1.3286970853805542,1.079656720161438,1.3057537078857422,1.2746400833129883,1.4135929346084595,1.6664378643035889,1.6286160945892334,1.95113205909729,2.1508891582489014,2.2265751361846924,2.0008459091186523,1.6388752460479736,1.555907130241394,1.205223798751831,1.1281887292861938,0.9407734870910645,0.8882861137390137,1.0306025743484497,1.1374887228012085,1.5030535459518433,1.7333922386169434,1.969647765159607,2.208372116088867,2.3404898643493652
B11,2.160313606262207,2.109846830368042,1.7571463584899902,1.6809136867523193,1.5268244743347168,1.382525086402893,1.5152796506881714,1.3944934606552124,1.710464358329773,1.738438367843628,1.9872610569000244,2.258591413497925,2.301802635192871,2.603538990020752,2.8035624027252197,2.892573595046997,2.6218080520629883,2.367821455001831,2.055450201034546,1.7997342348098755,1.470353603363037,1.1947816610336304,0.8819867372512817,0.5944738984107971,0.37375956773757935,0.0,0.36443325877189636,0.5499631762504578,0.8334167003631592,0.8731291890144348,1.9605019092559814,1.65436589717865,1.470202088356018,1.1285353899002075,0.9298979043960571,0.6457688212394714,0.4770383834838867,0.5554133057594299,0.6369791030883789,0.9685066938400269,1.0092241764068604,1.3454102277755737,1.5159322023391724,1.8076088428497314,1.7280160188674927,2.66851544380188,2.559779644012451,2.2537755966186523,2.0391130447387695,1.9195530414581299,1.6418626308441162,1.64943265914917,1.3580116033554077,1.5155513286590576,1.3964742422103882,1.4995027780532837,1.685728907585144,1.5936447381973267,1.8810856342315674,2.12851619720459,1.9741415977478027,1.7555394172668457,1.395828366279602,1.387221097946167,1.0468653440475464,1.0907312631607056,0.9776034951210022,1.0595440864562988,1.2546371221542358,1.4369231462478638,1.7883598804473877,2.04280161857605,2.2847917079925537,2.5343496799468994,2.637619733810425
B12,2.214770555496216,2.2226853370666504,1.8967280387878418,1.8446484804153442,1.7545615434646606,1.6249263286590576,1.809230089187622,1.7014533281326294,2.0252978801727295,2.0547382831573486,2.2734663486480713,2.549206495285034,2.5573513507843018,2.868227958679199,3.0705695152282715,3.2496633529663086,2.9723973274230957,2.7159457206726074,2.409442186355591,2.141645908355713,1.8238749504089355,1.5272505283355713,1.2209199666976929,0.8991253972053528,0.6115304827690125,0.36443325877189636,0.0,0.363413542509079,0.5135241746902466,0.5905268788337708,1.7514097690582275,1.4358192682266235,1.3275161981582642,0.9683961272239685,0.8752765655517578,0.6782543063163757,0.6805638074874878,0.872829794883728,0.9992426037788391,1.331481695175171,1.3431578874588013,1.6698918342590332,1.8191041946411133,2.107912063598633,1.9912859201431274,2.812913179397583,2.723604202270508,2.4482526779174805,2.214923858642578,2.141338586807251,1.8480784893035889,1.892831563949585,1.6096396446228027,1.7644847631454468,1.650039553642273,1.6866083145141602,1.8619301319122314,1.7066724300384521,1.9930979013442993,2.2344281673431396,2.139232873916626,1.9004260301589966,1.5702496767044067,1.5967382192611694,1.2510828971862793,1.3471862077713013,1.1896435022354126,1.3044970035552979,1.427910327911377,1.610390543937683,1.9648300409317017,2.189359188079834,2.4683923721313477,2.6854591369628906,2.771242618560791
B13,2.576695680618286,2.574681043624878,2.241966962814331,2.172119140625,2.054314136505127,1.891556978225708,2.0291199684143066,1.866382122039795,2.1513121128082275,2.1175763607025146,2.321279287338257,2.561516761779785,2.538346767425537,2.8307998180389404,3.067267417907715,3.385376453399658,3.131314754486084,2.8819210529327393,2.561102867126465,2.3263533115386963,1.9809486865997314,1.7334668636322021,1.4027265310287476,1.140453577041626,0.850942075252533,0.5499631762504578,0.363413542509079,0.0,0.36340025067329407,0.5391771197319031,1.6944199800491333,1.3383842706680298,1.2368420362472534,0.9391542673110962,0.7947826981544495,0.739881694316864,0.685661256313324,0.9770695567131042,1.0820647478103638,1.446720838546753,1.5127416849136353,1.821021556854248,2.0245766639709473,2.2871928215026855,2.1640872955322266,3.117542266845703,3.000418186187744,2.7193915843963623,2.466005325317383,2.3578662872314453,2.0398740768432617,2.02695894241333,1.7028547525405884,1.783059000968933,1.6054915189743042,1.5863795280456543,1.699471116065979,1.495338797569275,1.74623703956604,2.0093414783477783,1.897127628326416,1.6318162679672241,1.337661623954773,1.3846954107284546,1.0564905405044556,1.2308858633041382,1.108362078666687,1.320141315460205,1.4626708030700684,1.7138605117797852,2.0380828380584717,2.289245128631592,2.5698294639587402,2.8008904457092285,2.8436830043792725
