,A1,A2,A3,A4,A5,A6,A7,A8,A9,A10,A11,A12,A13,A14,A15,B1,B2,B3,B4,B5,B6,B7,B8,B9,B10,B11,B12,B13,B14,B15,C1,C2,C3,C4,C5,C6,C7,C8,C9,C10,C11,C12,C13,C14,C15,D1,D2,D3,D4,D5,D6,D7,D8,D9,D10,D11,D12,D13,D14,D15,E1,E2,E3,E4,E5,E6,E7,E8,E9,E10,E11,E12,E13,E14,E15
A1,0.0,0.39294129610061646,0.6457933783531189,0.8767428994178772,1.212036371231079,1.454947829246521,1.7846885919570923,2.068552255630493,2.3935091495513916,2.6898691654205322,2.91106915473938,3.2453675270080566,3.4135875701904297,3.7263002395629883,3.6735968589782715,3.393112897872925,3.0308265686035156,2.771118640899658,2.608412027359009,2.2455739974975586,2.19817852973938,1.8212970495224,1.8123743534088135,1.5425457954406738,1.579603910446167,1.7326269149780273,1.6440221071243286,2.0064361095428467,1.972494125366211,1.8541467189788818,2.5915720462799072,2.541666030883789,2.5152647495269775,2.200265645980835,2.324270248413086,2.0325212478637695,2.1974055767059326,2.0599987506866455,2.1805529594421387,2.237143039703369,2.061757802963257,2.3226425647735596,2.157890796661377,2.458937644958496,2.444983720779419,4.204256534576416,4.097280025482178,3.7715046405792236,3.585568428039551,3.3758537769317627,3.0782933235168457,2.9724535942077637,2.6256561279296875,2.5941224098205566,2.2604358196258545,2.2565267086029053,2.1804423332214355,1.9825576543807983,2.049896717071533,2.399427652359009,3.373814105987549,3.412101984024048,3.1507086753845215,3.0183932781219482,3.007033586502075,2.762906551361084,2.907954454421997,2.689014434814453,2.9226491451263428,2.7910208702087402,2.8703854084014893,3.071643829345703,2.919206142425537,3.2119953632354736,3.4268805980682373
A2,0.39294129610061646,0.0,0.3887234628200531,0.5766075253486633,0.8927256464958191,1.1679575443267822,1.4668383598327637,1.779144287109375,2.0792410373687744,2.396608591079712,2.6143252849578857,2.941690683364868,3.1306724548339844,3.4304540157318115,3.357558488845825,3.0815396308898926,2.72599458694458,2.4541215896606445,2.3254964351654053,1.9556355476379395,1.9492673873901367,1.5870966911315918,1.6285656690597534,1.4246149063110352,1.5135612487792969,1.7376360893249512,1.7178728580474854,2.0889899730682373,2.1155357360839844,2.0240659713745117,2.66182017326355,2.6137304306030273,2.535714864730835,2.2332870960235596,2.321918487548828,2.0035793781280518,2.1562623977661133,1.9692970514297485,2.0984175205230713,2.1032299995422363,1.9451621770858765,2.1923298835754395,1.9996691942214966,2.308037757873535,2.350229024887085,3.9901793003082275,3.8774592876434326,3.567798137664795,3.353829860687256,3.1581039428710938,2.8393056392669678,2.740450382232666,2.382667303085327,2.3464443683624268,2.022416591644287,1.9779807329177856,1.9267678260803223,1.6935547590255737,1.794481873512268,2.1318602561950684,3.2278356552124023,3.2567596435546875,2.9712724685668945,2.8691463470458984,2.832543134689331,2.6131746768951416,2.7461283206939697,2.5431785583496094,2.788400173187256,2.6552088260650635,2.781275510787964,2.9757001399993896,2.8587279319763184,3.145179033279419,3.37488055229187
A3,0.6457933783531189,0.3887234628200531,0.0,0.3764724135398865,0.5939885973930359,0.8905869722366333,1.1777441501617432,1.4815810918807983,1.7986987829208374,2.0955934524536133,2.345599889755249,2.663268566131592,2.8606066703796387,3.157498359680176,3.1105434894561768,2.7571775913238525,2.4011144638061523,2.1301727294921875,1.9720128774642944,1.6040674448013306,1.5748504400253296,1.2077460289001465,1.258272647857666,1.0663633346557617,1.2097389698028564,1.4450103044509888,1.490456461906433,1.857469081878662,1.9405226707458496,1.8440316915512085,2.6104865074157715,2.514951705932617,2.3933475017547607,2.075641632080078,2.1057679653167725,1.7627366781234741,1.8659088611602783,1.642765760421753,1.7442394495010376,1.7251121997833252,1.5633729696273804,1.8089814186096191,1.6227787733078003,1.9411466121673584,1.9921212196350098,3.6157519817352295,3.5143091678619385,3.205350875854492,3.0006327629089355,2.8183677196502686,2.50430965423584,2.4338526725769043,2.086158037185669,2.0966904163360596,1.7990691661834717,1.7960070371627808,1.807523250579834,1.6076796054840088,1.7758187055587769,2.091482162475586,3.131535768508911,3.114940881729126,2.8087377548217773,2.6836423873901367,2.6032538414001465,2.3658077716827393,2.458195209503174,2.231872081756592,2.453104257583618,2.297194480895996,2.425678014755249,2.605865478515625,2.4933271408081055,2.7733376026153564,3.010951519012451
A4,0.8767428994178772,0.5766075253486633,0.3764724135398865,0.0,0.39118513464927673,0.5946255326271057,0.9208337664604187,1.2109545469284058,1.5217008590698242,1.8308775424957275,2.044663667678833,2.375969409942627,2.557295322418213,2.861064910888672,2.8007760047912598,2.682670831680298,2.3521411418914795,2.040243625640869,1.908207893371582,1.5238832235336304,1.4857209920883179,1.1324597597122192,1.1501213312149048,1.0228158235549927,1.1194438934326172,1.427935242652893,1.485184907913208,1.840357780456543,1.9462885856628418,1.9171769618988037,2.4173059463500977,2.344167947769165,2.1941146850585938,1.909163475036621,1.9411486387252808,1.603817105293274,1.743784785270691,1.522943377494812,1.6908752918243408,1.6759830713272095,1.5934910774230957,1.8625227212905884,1.7072393894195557,2.046560049057007,2.133805513381958,3.4792697429656982,3.3433034420013428,3.035667657852173,2.8076889514923096,2.601980209350586,2.278207778930664,2.1689631938934326,1.8084831237792969,1.7757070064544678,1.4628911018371582,1.4353233575820923,1.4333475828170776,1.233237862586975,1.408575415611267,1.7191905975341797,2.7837512493133545,2.7735793590545654,2.4642860889434814,2.364084482192993,2.294097661972046,2.0852272510528564,2.204261541366577,2.0179381370544434,2.279398202896118,2.1676652431488037,2.3400561809539795,2.5493080615997314,2.48791241645813,2.7830917835235596,3.0002403259277344
A5,1.212036371231079,0.8927256464958191,0.5939885973930359,0.39118513464927673,0.0,0.372792512178421,0.5874097943305969,0.9155606627464294,1.2108213901519775,1.521661639213562,1.771337628364563,2.0810470581054688,2.2955784797668457,2.580486297607422,2.526085376739502,2.2927281856536865,1.9663527011871338,1.6498037576675415,1.5249627828598022,1.1396921873092651,1.1318256855010986,0.8078646063804626,0.911862313747406,0.90132737159729,1.0953905582427979,1.4246315956115723,1.5730923414230347,1.9028607606887817,2.0728373527526855,2.0413966178894043,2.603060245513916,2.498070478439331,2.296574831008911,2.017967700958252,1.9781534671783447,1.6224223375320435,1.6931297779083252,1.4094611406326294,1.5374854803085327,1.4463413953781128,1.374413251876831,1.6066935062408447,1.4337173700332642,1.7672542333602905,1.904768943786621,3.1524648666381836,3.0290493965148926,2.7390785217285156,2.4977540969848633,2.325037956237793,1.98788583278656,1.9227927923202515,1.568143367767334,1.5872695446014404,1.3282966613769531,1.3017812967300415,1.3965142965316772,1.206580400466919,1.4637593030929565,1.7213441133499146,2.803264617919922,2.7488749027252197,2.4103713035583496,2.3159992694854736,2.1849939823150635,1.9846771955490112,2.0461580753326416,1.8522253036499023,2.087538957595825,1.9481663703918457,2.1539220809936523,2.3325886726379395,2.2980754375457764,2.5704727172851562,2.80612850189209
A6,1.454947829246521,1.1679575443267822,0.8905869722366333,0.5946255326271057,0.372792512178421,0.0,0.3870973289012909,0.6185948848724365,0.9465830326080322,1.2395837306976318,1.4618182182312012,1.7910405397415161,1.973434567451477,2.276285171508789,2.235712766647339,2.2756121158599854,1.9871737957000732,1.638339638710022,1.5096302032470703,1.1328604221343994,1.0567158460617065,0.7714991569519043,0.7714993953704834,0.8362503051757812,0.9561885595321655,1.3262490034103394,1.4890773296356201,1.783682942390442,1.9799998998641968,2.008410930633545,2.3738574981689453,2.267653226852417,2.032150983810425,1.7854371070861816,1.7251434326171875,1.3834350109100342,1.469999074935913,1.1982827186584473,1.3908101320266724,1.3249682188034058,1.352536916732788,1.6132912635803223,1.5105170011520386,1.8550515174865723,1.9981297254562378,2.9453701972961426,2.7867681980133057,2.488595724105835,2.2398664951324463,2.033046007156372,1.6986610889434814,1.5909563302993774,1.2283772230148315,1.2236942052841187,0.9575166702270508,0.964549720287323,1.0851213932037354,0.964215874671936,1.2497706413269043,1.4765629768371582,2.4604082107543945,2.388328790664673,2.0451345443725586,1.9504095315933228,1.8144079446792603,1.6257975101470947,1.7009090185165405,1.5374776124954224,1.8059836626052856,1.7153304815292358,1.9533621072769165,2.1641223430633545,2.178170919418335,2.4663515090942383,2.6699304580688477
A7,1.7846885919570923,1.4668383598327637,1.1777441501617432,0.9208337664604187,0.5874097943305969,0.3870973289012909,0.0,0.3719600737094879,0.6242944002151489,0.9451143741607666,1.197418212890625,1.4963808059692383,1.7267615795135498,1.999441146850586,1.9482067823410034,1.9253642559051514,1.659264326095581,1.294486403465271,1.212058186531067,0.8532285094261169,0.8467282652854919,0.6887180805206299,0.8042464852333069,1.0143836736679077,1.1962379217147827,1.551266074180603,1.7713418006896973,2.0338292121887207,2.2694194316864014,2.2963130474090576,2.6573169231414795,2.5410375595092773,2.26975154876709,2.047922134399414,1.9351959228515625,1.6023988723754883,1.6268737316131592,1.314969778060913,1.4597934484481812,1.3061128854751587,1.3620202541351318,1.5575276613235474,1.4403599500656128,1.7543538808822632,1.958323359489441,2.6972768306732178,2.5442323684692383,2.2774851322174072,1.9977484941482544,1.8339797258377075,1.4764455556869507,1.417873740196228,1.0679277181625366,1.1112391948699951,0.9443231821060181,0.9105309247970581,1.1383591890335083,1.0221779346466064,1.3602654933929443,1.5110094547271729,2.5304408073425293,2.4245126247406006,2.058568000793457,1.9955133199691772,1.8008723258972168,1.6525380611419678,1.6654895544052124,1.5232243537902832,1.7615059614181519,1.6558912992477417,1.9404938220977783,2.1124253273010254,2.1695005893707275,2.4235517978668213,2.6409363746643066
A8,2.068552255630493,1.779144287109375,1.4815810918807983,1.2109545469284058,0.9155606627464294,0.6185948848724365,0.3719600737094879,0.0,0.37548112869262695,0.6217186450958252,0.8788187503814697,1.1894358396530151,1.3908500671386719,1.6803938150405884,1.6677380800247192,1.8946043252944946,1.6813510656356812,1.3098156452178955,1.2112574577331543,0.9151949286460876,0.8171757459640503,0.7671608328819275,0.7764914035797119,1.0609685182571411,1.1850762367248535,1.5275161266326904,1.769903302192688,1.977437973022461,2.242926597595215,2.311583995819092,2.5545506477355957,2.4216930866241455,2.114480972290039,1.9295097589492798,1.7719815969467163,1.4706023931503296,1.468801498413086,1.1718156337738037,1.341630458831787,1.1977252960205078,1.3539355993270874,1.5503779649734497,1.5112437009811401,1.814003825187683,2.0158302783966064,2.4164493083953857,2.2325351238250732,1.9601653814315796,1.674857497215271,1.4844828844070435,1.1284679174423218,1.0467116832733154,0.6972644329071045,0.7789294123649597,0.6938861608505249,0.7492814064025879,1.049793004989624,1.0529223680496216,1.395397663116455,1.4834524393081665,2.307966947555542,2.15857195854187,1.785355806350708,1.7123010158538818,1.4776501655578613,1.3436970710754395,1.32573664188385,1.214176058769226,1.4597156047821045,1.3975342512130737,1.7175037860870361,1.903702974319458,2.016011953353882,2.2701730728149414,2.455069065093994
A9,2.3935091495513916,2.0792410373687744,1.7986987829208374,1.5217008590698242,1.2108213901519775,0.9465830326080322,0.6242944002151489,0.37548112869262695,0.0,0.3717562258243561,0.5960854887962341,0.8739808201789856,1.1271986961364746,1.3799591064453125,1.333754301071167,1.7249834537506104,1.5728530883789062,1.196629524230957,1.1914142370224,0.9765095710754395,0.9647582173347473,1.0383121967315674,1.1027761697769165,1.4187462329864502,1.548252820968628,1.8791038990020752,2.1307907104492188,2.3181536197662354,2.5934908390045166,2.6726980209350586,2.8113462924957275,2.693283796310425,2.3687832355499268,2.2230165004730225,2.051945209503174,1.7803735733032227,1.7642017602920532,1.477307677268982,1.625548243522644,1.4432789087295532,1.620646357536316,1.76101553440094,1.7168742418289185,1.9785102605819702,2.2216124534606934,2.3008458614349365,2.101418972015381,1.8765573501586914,1.5468240976333618,1.3963696956634521,1.0277717113494873,0.9705270528793335,0.6792223453521729,0.7500455379486084,0.8044166564941406,0.7696219682693481,1.11996591091156,1.1305643320083618,1.4762431383132935,1.4809863567352295,2.3225855827331543,2.158054828643799,1.7784960269927979,1.7660046815872192,1.5022543668746948,1.4497605562210083,1.398891806602478,1.3587692975997925,1.5804568529129028,1.5433919429779053,1.8970555067062378,2.0532286167144775,2.2132487297058105,2.4338810443878174,2.613356113433838
A10,2.6898691654205322,2.396608591079712,2.0955934524536133,1.8308775424957275,1.521661639213562,1.2395837306976318,0.9451143741607666,0.6217186450958252,0.3717562258243561,0.0,0.38200366497039795,0.5990453958511353,0.8411941528320312,1.0916571617126465,1.124428153038025,1.6776624917984009,1.5886237621307373,1.244306206703186,1.217052698135376,1.097635269165039,1.0233217477798462,1.1859849691390991,1.200443983078003,1.546798586845398,1.652711272239685,1.9429062604904175,2.2164676189422607,2.3499560356140137,2.650589942932129,2.748530626296997,2.8631083965301514,2.7195634841918945,2.3702991008758545,2.253479242324829,2.034273624420166,1.8007582426071167,1.734635353088379,1.469408392906189,1.5941225290298462,1.4086568355560303,1.6489671468734741,1.7612396478652954,1.780319094657898,2.010978937149048,2.2499616146087646,1.9706708192825317,1.7486313581466675,1.5323207378387451,1.1925184726715088,1.0451788902282715,0.6815991997718811,0.665915846824646,0.4879351258277893,0.6805555820465088,0.8893221020698547,0.9540008306503296,1.3148928880691528,1.408146858215332,1.7343579530715942,1.6967471837997437,2.2968249320983887,2.076937198638916,1.7033069133758545,1.6733134984970093,1.3530570268630981,1.3225116729736328,1.193026065826416,1.186730146408081,1.3606442213058472,1.3532341718673706,1.7265053987503052,1.865915298461914,2.0782785415649414,2.2760889530181885,2.4270405769348145
A11,2.91106915473938,2.6143252849578857,2.345599889755249,2.044663667678833,1.771337628364563,1.4618182182312012,1.197418212890625,0.8788187503814697,0.5960854887962341,0.38200366497039795,0.0,0.36177822947502136,0.5365527272224426,0.816533088684082,0.809048593044281,1.9316531419754028,1.8892885446548462,1.5524643659591675,1.5734457969665527,1.4631551504135132,1.403389573097229,1.5407742261886597,1.522969126701355,1.8455971479415894,1.8989739418029785,2.198040008544922,2.441323757171631,2.5600316524505615,2.846273899078369,2.9811325073242188,2.857645034790039,2.7488465309143066,2.3947227001190186,2.3341798782348633,2.135939121246338,1.9480890035629272,1.926133632659912,1.7117369174957275,1.8839483261108398,1.7408877611160278,2.0033347606658936,2.1309728622436523,2.1599411964416504,2.3920979499816895,2.627492666244507,2.0965025424957275,1.8239613771438599,1.638633370399475,1.287451148033142,1.1085189580917358,0.8058555126190186,0.6668802499771118,0.5739161968231201,0.588480532169342,0.8785549402236938,0.8895842432975769,1.2296959161758423,1.374576449394226,1.6619247198104858,1.549248456954956,2.053222417831421,1.8330587148666382,1.4684337377548218,1.509232997894287,1.206408143043518,1.280781865119934,1.1980540752410889,1.3034014701843262,1.5112791061401367,1.5869009494781494,1.9631177186965942,2.1254444122314453,2.367037296295166,2.5684125423431396,2.6844301223754883
A12,3.2453675270080566,2.941690683364868,2.663268566131592,2.375969409942627,2.0810470581054688,1.7910405397415161,1.4963808059692383,1.1894358396530151,0.8739808201789856,0.5990453958511353,0.36177822947502136,0.0,0.3666526973247528,0.5117513537406921,0.5460240244865417,1.8379441499710083,1.8688969612121582,1.575337290763855,1.6367846727371216,1.6089439392089844,1.5759880542755127,1.7785388231277466,1.7871242761611938,2.1308186054229736,2.2029383182525635,2.4802255630493164,2.742260217666626,2.8394594192504883,3.1403214931488037,3.2718586921691895,3.163803815841675,3.045978546142578,2.682842493057251,2.6374764442443848,2.414813280105591,2.244206428527832,2.185946226119995,1.972286581993103,2.1036367416381836,1.9317559003829956,2.2013192176818848,2.281174659729004,2.3202428817749023,2.5110979080200195,2.764660358428955,1.9111945629119873,1.6329458951950073,1.515760898590088,1.148337960243225,1.0525965690612793,0.8165798187255859,0.7858392000198364,0.842252790927887,0.9131167531013489,1.2319281101226807,1.2391772270202637,1.5693031549453735,1.7092106342315674,1.9882041215896606,1.8431366682052612,2.2561824321746826,2.0094759464263916,1.6692559719085693,1.7288235425949097,1.405012845993042,1.5152440071105957,1.373620867729187,1.5004619359970093,1.6402809619903564,1.7146129608154297,2.090669631958008,2.209160804748535,2.4825286865234375,2.6428279876708984,2.7500619888305664
A13,3.4135875701904297,3.1306724548339844,2.8606066703796387,2.557295322418213,2.2955784797668457,1.973434567451477,1.7267615795135498,1.3908500671386719,1.1271986961364746,0.8411941528320312,0.5365527272224426,0.3666526973247528,0.0,0.3576905429363251,0.519730806350708,2.171009063720703,2.209954023361206,1.9206620454788208,1.9491829872131348,1.9100871086120605,1.8264665603637695,2.004749059677124,1.9514919519424438,2.2741928100585938,2.2904200553894043,2.550468683242798,2.79042911529541,2.851789951324463,3.145235776901245,3.311884641647339,3.0388970375061035,2.929267644882202,2.561795234680176,2.565403699874878,2.3428354263305664,2.225517988204956,2.182705879211426,2.0251307487487793,2.187741279602051,2.067927360534668,2.3735005855560303,2.478473663330078,2.5571203231811523,2.7577319145202637,2.9845898151397705,1.9437763690948486,1.6166294813156128,1.4956327676773071,1.165197491645813,1.0023064613342285,0.8640511631965637,0.7313295006752014,0.8862507343292236,0.8975502848625183,1.254859447479248,1.307088851928711,1.5967092514038086,1.8039711713790894,2.0426056385040283,1.8678622245788574,2.0195775032043457,1.7433351278305054,1.432294249534607,1.5062634944915771,1.1878771781921387,1.364334225654602,1.2354775667190552,1.443025827407837,1.5903335809707642,1.740903377532959,2.104553461074829,2.2500786781311035,2.5479555130004883,2.717475414276123,2.77890682220459
A14,3.7263002395629883,3.4304540157318115,3.157498359680176,2.861064910888672,2.580486297607422,2.276285171508789,1.999441146850586,1.6803938150405884,1.3799591064453125,1.0916571617126465,0.816533088684082,0.5117513537406921,0.3576905429363251,0.0,0.35881301760673523,2.153557538986206,2.253325939178467,2.0031659603118896,2.075078010559082,2.0911502838134766,2.043534994125366,2.261992931365967,2.241730213165283,2.57997989654541,2.6188535690307617,2.872126817703247,3.125208616256714,3.18121337890625,3.4826500415802,3.6422431468963623,3.3832194805145264,3.273944616317749,2.904961585998535,2.915156602859497,2.6832315921783447,2.5694921016693115,2.5068087577819824,2.340867042541504,2.4734528064727783,2.3259575366973877,2.6245532035827637,2.691828966140747,2.7650246620178223,2.9333555698394775,3.1789846420288086,1.8939039707183838,1.5729881525039673,1.5373460054397583,1.2115241289138794,1.1491619348526,1.070904016494751,1.03224778175354,1.2171825170516968,1.250986099243164,1.6027528047561646,1.623953104019165,1.9124826192855835,2.097688674926758,2.3338727951049805,2.1348876953125,2.2771286964416504,1.9997196197509766,1.718879222869873,1.8185021877288818,1.5087394714355469,1.7004982233047485,1.5458725690841675,1.7503995895385742,1.84969961643219,1.984846591949463,2.342808246612549,2.4490890502929688,2.7631423473358154,2.89713454246521,2.9568965435028076
A15,3.6735968589782715,3.357558488845825,3.1105434894561768,2.8007760047912598,2.526085376739502,2.235712766647339,1.9482067823410034,1.6677380800247192,1.333754301071167,1.124428153038025,0.809048593044281,0.5460240244865417,0.519730806350708,0.35881301760673523,0.0,2.16935658454895,2.259899139404297,1.9934579133987427,2.1157846450805664,2.105351448059082,2.1080245971679688,2.303851842880249,2.3162052631378174,2.6496388912200928,2.7006032466888428,2.987102746963501,3.2287824153900146,3.3203213214874268,3.608217477798462,3.7628791332244873,3.4537618160247803,3.3760573863983154,3.017805576324463,3.0228686332702637,2.8242344856262207,2.6889591217041016,2.662750005722046,2.4787685871124268,2.632293939590454,2.47448468208313,2.7469446659088135,2.823806047439575,2.8549466133117676,3.036316156387329,3.300349235534668,2.197497606277466,1.8972752094268799,1.8588073253631592,1.5128979682922363,1.4470598697662354,1.2999337911605835,1.2291048765182495,1.3211838006973267,1.2850271463394165,1.5970299243927002,1.5342652797698975,1.806654691696167,1.9537925720214844,2.1776909828186035,1.9529157876968384,2.267953395843506,2.0404250621795654,1.7529197931289673,1.9087616205215454,1.639917254447937,1.8469184637069702,1.7495956420898438,1.9481443166732788,2.0942797660827637,2.2134745121002197,2.5833067893981934,2.702173948287964,2.9952025413513184,3.1440958976745605,3.228405714035034
B1,3.393112897872925,3.0815396308898926,2.7571775913238525,2.682670831680298,2.2927281856536865,2.2756121158599854,1.9253642559051514,1.8946043252944946,1.7249834537506104,1.6776624917984009,1.9316531419754028,1.8379441499710083,2.171009063720703,2.153557538986206,2.16935658454895,0.0,0.3866886496543884,0.6444255113601685,0.8646032810211182,1.203527569770813,1.4394153356552124,1.7747222185134888,2.0587472915649414,2.3824541568756104,2.6880621910095215,2.8786237239837646,3.2212913036346436,3.375962257385254,3.697094440460205,3.6472017765045166,4.373721599578857,4.1762614250183105,3.8483967781066895,3.642702102661133,3.384206533432007,3.0914909839630127,2.8947970867156982,2.546177864074707,2.411531925201416,2.045290470123291,2.055687189102173,1.8596351146697998,1.7334519624710083,1.669784426689148,2.020986795425415,1.974462628364563,2.0507969856262207,2.0493576526641846,1.8209961652755737,2.0436453819274902,1.8367671966552734,2.1345438957214355,2.0914065837860107,2.354886770248413,2.4965128898620605,2.4898271560668945,2.831923723220825,2.76324725151062,3.1129047870635986,3.119475841522217,3.967853546142578,3.740873098373413,3.372694253921509,3.331102132797241,2.9818851947784424,2.9006452560424805,2.662288188934326,2.526042938232422,2.477524518966675,2.247201442718506,2.5010440349578857,2.386338710784912,2.5088841915130615,2.4974076747894287,2.77107310295105
B2,3.0308265686035156,2.72599458694458,2.4011144638061523,2.3521411418914795,1.9663527011871338,1.9871737957000732,1.659264326095581,1.6813510656356812,1.5728530883789062,1.5886237621307373,1.8892885446548462,1.8688969612121582,2.209954023361206,2.253325939178467,2.259899139404297,0.3866886496543884,0.0,0.3826999068260193,0.5728000998497009,0.8898585438728333,1.1637592315673828,1.4655532836914062,1.7799766063690186,2.079359292984009,2.4050822257995605,2.5972254276275635,2.9320263862609863,3.1104605197906494,3.418586492538452,3.3496742248535156,4.152130603790283,3.955432653427124,3.6442999839782715,3.4136099815368652,3.173158645629883,2.8596582412719727,2.6743061542510986,2.3130221366882324,2.1748130321502686,1.806954264640808,1.7703850269317627,1.5855677127838135,1.4114474058151245,1.3719334602355957,1.7313990592956543,2.1268649101257324,2.187790870666504,2.1202540397644043,1.890836477279663,2.057380199432373,1.8110411167144775,2.082155466079712,1.9818527698516846,2.2412123680114746,2.3309826850891113,2.326793670654297,2.6536993980407715,2.5598809719085693,2.9105803966522217,2.9571187496185303,3.8712637424468994,3.6633188724517822,3.288407564163208,3.22807240486145,2.895806312561035,2.7799875736236572,2.5669820308685303,2.3950650691986084,2.370684862136841,2.115380048751831,2.357419967651367,2.264155387878418,2.3427255153656006,2.3630900382995605,2.660207748413086
B3,2.771118640899658,2.4541215896606445,2.1301727294921875,2.040243625640869,1.6498037576675415,1.638339638710022,1.294486403465271,1.3098156452178955,1.196629524230957,1.244306206703186,1.5524643659591675,1.575337290763855,1.9206620454788208,2.0031659603118896,1.9934579133987427,0.6444255113601685,0.3826999068260193,0.0,0.3783307671546936,0.5956098437309265,0.8941817283630371,1.184945821762085,1.4938219785690308,1.809730052947998,2.118351459503174,2.345857620239258,2.6706790924072266,2.8616130352020264,3.1651833057403564,3.1213183403015137,3.812788724899292,3.6319620609283447,3.319812774658203,3.0981907844543457,2.8726017475128174,2.557130813598633,2.4024429321289062,2.040679693222046,1.952599048614502,1.6010184288024902,1.6000944375991821,1.4883180856704712,1.320909023284912,1.380332112312317,1.7313172817230225,2.1224491596221924,2.118705987930298,2.0058422088623047,1.7381852865219116,1.8435529470443726,1.554478406906128,1.7829917669296265,1.6457911729812622,1.883683681488037,1.959763765335083,1.945585012435913,2.2711734771728516,2.180178642272949,2.5317940711975098,2.57804536819458,3.506852626800537,3.3113136291503906,2.9341046810150146,2.8821053504943848,2.5627834796905518,2.452828884124756,2.267824411392212,2.1093554496765137,2.1328680515289307,1.9057620763778687,2.180817127227783,2.1430249214172363,2.236950159072876,2.312387466430664,2.5946590900421143
B4,2.608412027359009,2.3254964351654053,1.9720128774642944,1.908207893371582,1.5249627828598022,1.5096302032470703,1.212058186531067,1.2112574577331543,1.1914142370224,1.217052698135376,1.5734457969665527,1.6367846727371216,1.9491829872131348,2.075078010559082,2.1157846450805664,0.8646032810211182,0.5728000998497009,0.3783307671546936,0.0,0.38610124588012695,0.5930451154708862,0.9174159169197083,1.2123115062713623,1.521268606185913,1.8388432264328003,2.0306100845336914,2.3672595024108887,2.5420620441436768,2.851989269256592,2.7962613105773926,3.601221799850464,3.3943846225738525,3.0883681774139404,2.848714590072632,2.60811185836792,2.2912793159484863,2.105787515640259,1.7422924041748047,1.61414635181427,1.252425193786621,1.2375001907348633,1.1122138500213623,0.969525158405304,1.0446077585220337,1.3843575716018677,1.9970444440841675,2.005908966064453,1.845193862915039,1.619893193244934,1.7019582986831665,1.4277527332305908,1.668967604637146,1.5316784381866455,1.8104913234710693,1.869274377822876,1.9207239151000977,2.241542339324951,2.1781795024871826,2.5310065746307373,2.6094019412994385,3.445791006088257,3.237407684326172,2.864222288131714,2.7644989490509033,2.442194938659668,2.285175085067749,2.0846195220947266,1.8787364959716797,1.8735343217849731,1.6093953847885132,1.8543789386749268,1.8082914352416992,1.875883936882019,1.9580700397491455,2.2498936653137207
B5,2.2455739974975586,1.9556355476379395,1.6040674448013306,1.5238832235336304,1.1396921873092651,1.1328604221343994,0.8532285094261169,0.9151949286460876,0.9765095710754395,1.097635269165039,1.4631551504135132,1.6089439392089844,1.9100871086120605,2.0911502838134766,2.105351448059082,1.203527569770813,0.8898585438728333,0.5956098437309265,0.38610124588012695,0.0,0.37378251552581787,0.5926066637039185,0.9250165224075317,1.2200875282287598,1.5404813289642334,1.772290587425232,2.087826728820801,2.2982397079467773,2.589261293411255,2.5400192737579346,3.299781322479248,3.1109650135040283,2.8195643424987793,2.568852663040161,2.3617000579833984,2.0263760089874268,1.8868623971939087,1.517011284828186,1.4441518783569336,1.1170313358306885,1.088570237159729,1.0710843801498413,0.8956493139266968,1.0923634767532349,1.3935205936431885,2.2349915504455566,2.1948533058166504,1.9840458631515503,1.7422245740890503,1.738756775856018,1.4226055145263672,1.5839658975601196,1.3703545331954956,1.6067852973937988,1.6002525091171265,1.6403310298919678,1.936446189880371,1.8516026735305786,2.199422597885132,2.309455633163452,3.2093138694763184,3.030449628829956,2.656097650527954,2.5552854537963867,2.2657604217529297,2.0929629802703857,1.9472235441207886,1.7336819171905518,1.7965344190597534,1.5535236597061157,1.8069852590560913,1.829883098602295,1.8728655576705933,2.0204501152038574,2.3040242195129395
B6,2.19817852973938,1.9492673873901367,1.5748504400253296,1.4857209920883179,1.1318256855010986,1.0567158460617065,0.8467282652854919,0.8171757459640503,0.9647582173347473,1.0233217477798462,1.403389573097229,1.5759880542755127,1.8264665603637695,2.043534994125366,2.1080245971679688,1.4394153356552124,1.1637592315673828,0.8941817283630371,0.5930451154708862,0.37378251552581787,0.0,0.38451385498046875,0.6214062571525574,0.9497272372245789,1.2497024536132812,1.455530047416687,1.7882890701293945,1.9677281379699707,2.2750163078308105,2.2413835525512695,3.0258326530456543,2.8121962547302246,2.516166925430298,2.2631993293762207,2.031914710998535,1.705496072769165,1.5348790884017944,1.1660913228988647,1.0789498090744019,0.7521382570266724,0.7853921055793762,0.8287292718887329,0.7641893625259399,1.0189522504806519,1.2600682973861694,2.0843324661254883,2.0277390480041504,1.770171046257019,1.5638766288757324,1.5150160789489746,1.2206969261169434,1.3731907606124878,1.1720572710037231,1.446744441986084,1.4417736530303955,1.564697504043579,1.856401801109314,1.8304105997085571,2.17043137550354,2.290287494659424,3.032352924346924,2.834193229675293,2.4695801734924316,2.324347496032715,2.0305423736572266,1.8197606801986694,1.6579382419586182,1.4087711572647095,1.4552608728408813,1.1992267370224,1.4431037902832031,1.4899581670761108,1.5343132019042969,1.7138068675994873,1.980130672454834
B7,1.8212970495224,1.5870966911315918,1.2077460289001465,1.1324597597122192,0.8078646063804626,0.7714991569519043,0.6887180805206299,0.7671608328819275,1.0383121967315674,1.1859849691390991,1.5407742261886597,1.7785388231277466,2.004749059677124,2.261992931365967,2.303851842880249,1.7747222185134888,1.4655532836914062,1.184945821762085,0.9174159169197083,0.5926066637039185,0.38451385498046875,0.0,0.37565943598747253,0.6284499764442444,0.9576700925827026,1.196196436882019,1.4994481801986694,1.728488564491272,2.005995988845825,1.9608205556869507,2.7826883792877197,2.5814151763916016,2.315279245376587,2.0336873531341553,1.8480706214904785,1.4951926469802856,1.3781315088272095,1.0116100311279297,0.9787818193435669,0.7414572238922119,0.6995427012443542,0.8754778504371643,0.7748229503631592,1.109405517578125,1.2812561988830566,2.417985677719116,2.3422164916992188,2.0541915893554688,1.8579585552215576,1.7462714910507202,1.4455899000167847,1.512304663658142,1.2465554475784302,1.4559416770935059,1.354092001914978,1.4759187698364258,1.7128504514694214,1.660519003868103,1.9795485734939575,2.151736259460449,2.9440958499908447,2.782621383666992,2.426323175430298,2.268048048019409,2.024066209793091,1.7827811241149902,1.6913269758224487,1.4239895343780518,1.5329265594482422,1.2993183135986328,1.505149483680725,1.6118359565734863,1.5980167388916016,1.8300477266311646,2.088562250137329
B8,1.8123743534088135,1.6285656690597534,1.258272647857666,1.1501213312149048,0.911862313747406,0.7714993953704834,0.8042464852333069,0.7764914035797119,1.1027761697769165,1.200443983078003,1.522969126701355,1.7871242761611938,1.9514919519424438,2.241730213165283,2.3162052631378174,2.0587472915649414,1.7799766063690186,1.4938219785690308,1.2123115062713623,0.9250165224075317,0.6214062571525574,0.37565943598747253,0.0,0.3754013478755951,0.6295226216316223,0.8750655055046082,1.187026023864746,1.3900151252746582,1.6813021898269653,1.675640344619751,2.448258876800537,2.228708028793335,1.9585423469543457,1.6761906147003174,1.476121187210083,1.1266698837280273,1.0045042037963867,0.6410464644432068,0.6753203272819519,0.5549697875976562,0.6338962912559509,0.9246473908424377,0.9546381235122681,1.2973781824111938,1.3920739889144897,2.3980555534362793,2.290661096572876,1.9650704860687256,1.8003520965576172,1.6249313354492188,1.3569412231445312,1.3671835660934448,1.1087427139282227,1.3118326663970947,1.1917016506195068,1.3951877355575562,1.604690670967102,1.6193424463272095,1.9130347967147827,2.090388536453247,2.709669828414917,2.5395991802215576,2.2007365226745605,2.0008199214935303,1.7734061479568481,1.494104027748108,1.4202734231948853,1.1281042098999023,1.2611228227615356,1.0614497661590576,1.2489423751831055,1.4224833250045776,1.4130070209503174,1.6959731578826904,1.9099048376083374
B9,1.5425457954406738,1.4246149063110352,1.0663633346557617,1.0228158235549927,0.90132737159729,0.8362503051757812,1.0143836736679077,1.0609685182571411,1.4187462329864502,1.546798586845398,1.8455971479415894,2.1308186054229736,2.2741928100585938,2.57997989654541,2.6496388912200928,2.3824541568756104,2.079359292984009,1.809730052947998,1.521268606185913,1.2200875282287598,0.9497272372245789,0.6284499764442444,0.3754013478755951,0.0,0.3737163543701172,0.59675532579422,0.8737301230430603,1.1305556297302246,1.385198712348938,1.3465851545333862,2.285710096359253,2.061551094055176,1.840169072151184,1.5147327184677124,1.3651366233825684,1.0024669170379639,0.9262041449546814,0.6296771764755249,0.6808462738990784,0.7152736186981201,0.6784822940826416,1.0250259637832642,1.0491477251052856,1.4002891778945923,1.4135195016860962,2.707489013671875,2.607630729675293,2.2674098014831543,2.133201837539673,1.9373552799224854,1.6933997869491577,1.6684515476226807,1.403978705406189,1.5561957359313965,1.3700361251831055,1.5754194259643555,1.7150262594223022,1.7148410081863403,1.96603524684906,2.1920881271362305,2.790799379348755,2.6515052318573,2.3368875980377197,2.1121370792388916,1.9393365383148193,1.6295232772827148,1.6106326580047607,1.3049410581588745,1.4469534158706665,1.260289192199707,1.3598995208740234,1.5557758808135986,1.4698411226272583,1.7776368856430054,1.9816161394119263
B10,1.579603910446167,1.5135612487792969,1.2097389698028564,1.1194438934326172,1.0953905582427979,0.9561885595321655,1.1962379217147827,1.1850762367248535,1.548252820968628,1.652711272239685,1.8989739418029785,2.2029383182525635,2.2904200553894043,2.6188535690307617,2.7006032466888428,2.6880621910095215,2.4050822257995605,2.118351459503174,1.8388432264328003,1.5404813289642334,1.2497024536132812,0.9576700925827026,0.6295226216316223,0.3737163543701172,0.0,0.38167157769203186,0.5912350416183472,0.8428384065628052,1.089104175567627,1.1265473365783691,1.920820713043213,1.6888842582702637,1.4759695529937744,1.1430376768112183,1.0147091150283813,0.6519443988800049,0.6584275960922241,0.48584917187690735,0.6985755562782288,0.8918763399124146,0.95074063539505,1.312721610069275,1.3942842483520508,1.7346818447113037,1.7137107849121094,2.8220767974853516,2.6874895095825195,2.327609062194824,2.2116684913635254,1.9620280265808105,1.7496753931045532,1.6567978858947754,1.404585838317871,1.5061848163604736,1.2925472259521484,1.5429952144622803,1.6288094520568848,1.684765338897705,1.890515923500061,2.1195967197418213,2.552739143371582,2.423551321029663,2.138829469680786,1.884368896484375,1.759717345237732,1.4293828010559082,1.4687821865081787,1.1809602975845337,1.36763596534729,1.2622672319412231,1.333691954612732,1.5956997871398926,1.524381399154663,1.865389108657837,2.009974241256714
B11,1.7326269149780273,1.7376360893249512,1.4450103044509888,1.427935242652893,1.4246315956115723,1.3262490034103394,1.551266074180603,1.5275161266326904,1.8791038990020752,1.9429062604904175,2.198040008544922,2.4802255630493164,2.550468683242798,2.872126817703247,2.987102746963501,2.8786237239837646,2.5972254276275635,2.345857620239258,2.0306100845336914,1.772290587425232,1.455530047416687,1.196196436882019,0.8750655055046082,0.59675532579422,0.38167157769203186,0.0,0.36311402916908264,0.5391178727149963,0.8216401934623718,0.8178176283836365,1.9497495889663696,1.6676231622695923,1.4911839962005615,1.1388074159622192,0.9846075177192688,0.6913532614707947,0.591709315776825,0.551563560962677,0.6271050572395325,0.9193061590194702,0.9449008107185364,1.2937157154083252,1.4362701177597046,1.7411571741104126,1.6441854238510132,2.86348557472229,2.7560603618621826,2.3882503509521484,2.330763816833496,2.0925300121307373,1.9332784414291382,1.8707544803619385,1.6714283227920532,1.8068808317184448,1.6254900693893433,1.9026944637298584,1.9854133129119873,2.058851957321167,2.250683307647705,2.4800829887390137,2.779571533203125,2.634500503540039,2.376661777496338,2.0830283164978027,1.961780309677124,1.6061322689056396,1.612393856048584,1.2939577102661133,1.3981797695159912,1.2696387767791748,1.2286388874053955,1.477840781211853,1.340147614479065,1.6851558685302734,1.8071867227554321
B12,1.6440221071243286,1.7178728580474854,1.490456461906433,1.485184907913208,1.5730923414230347,1.4890773296356201,1.7713418006896973,1.769903302192688,2.1307907104492188,2.2164676189422607,2.441323757171631,2.742260217666626,2.79042911529541,3.125208616256714,3.2287824153900146,3.2212913036346436,2.9320263862609863,2.6706790924072266,2.3672595024108887,2.087826728820801,1.7882890701293945,1.4994481801986694,1.187026023864746,0.8737301230430603,0.5912350416183472,0.36311402916908264,0.0,0.3712994158267975,0.5175131559371948,0.5535262823104858,1.7174655199050903,1.4450263977050781,1.3418534994125366,0.9696823954582214,0.9271423816680908,0.7039931416511536,0.755379855632782,0.8452692031860352,0.9770577549934387,1.2820967435836792,1.2914100885391235,1.6361370086669922,1.7586489915847778,2.063035011291504,1.9431523084640503,3.1954171657562256,3.0735533237457275,2.7004661560058594,2.6461150646209717,2.3831753730773926,2.2299368381500244,2.124528646469116,1.9155540466308594,1.996151328086853,1.774496078491211,2.040149450302124,2.060681104660034,2.1355020999908447,2.2763795852661133,2.528510093688965,2.766878128051758,2.6595091819763184,2.436262845993042,2.1374478340148926,2.0810303688049316,1.7301990985870361,1.8017513751983643,1.5200313329696655,1.6569312810897827,1.5796269178390503,1.5172778367996216,1.7836925983428955,1.6346338987350464,1.9792187213897705,2.0691545009613037
B13,2.0064361095428467,2.0889899730682373,1.857469081878662,1.840357780456543,1.9028607606887817,1.783682942390442,2.0338292121887207,1.977437973022461,2.3181536197662354,2.3499560356140137,2.5600316524505615,2.8394594192504883,2.851789951324463,3.18121337890625,3.3203213214874268,3.375962257385254,3.1104605197906494,2.8616130352020264,2.5420620441436768,2.2982397079467773,1.9677281379699707,1.728488564491272,1.3900151252746582,1.1305556297302246,0.8428384065628052,0.5391178727149963,0.3712994158267975,0.0,0.35785621404647827,0.5130706429481506,1.6703388690948486,1.343772053718567,1.2446202039718628,0.9063270688056946,0.8025215268135071,0.7103201746940613,0.6836510896682739,0.9028293490409851,1.0014467239379883,1.3577066659927368,1.419538974761963,1.740854024887085,1.9266935586929321,2.202021598815918,2.0547873973846436,3.130403995513916,3.0087389945983887,2.6316089630126953,2.6246345043182373,2.355146646499634,2.258064031600952,2.1563870906829834,2.0042669773101807,2.1044373512268066,1.9272420406341553,2.2323131561279297,2.2627975940704346,2.3847384452819824,2.521484375,2.746515989303589,2.7911875247955322,2.6551363468170166,2.4614527225494385,2.1282007694244385,2.0723876953125,1.711969256401062,1.7587530612945557,1.4807859659194946,1.5641989707946777,1.5188051462173462,1.3877531290054321,1.6620818376541138,1.5140330791473389,1.8556615114212036,1.8866416215896606
