,A1,A2,A3,A4,A5,A6,A7,A8,A9,A10,A11,A12,A13,A14,A15,B1,B2,B3,B4,B5,B6,B7,B8,B9,B10,B11,B12,B13,B14,B15,C1,C2,C3,C4,C5,C6,C7,C8,C9,C10,C11,C12,C13,C14,C15,D1,D2,D3,D4,D5,D6,D7,D8,D9,D10,D11,D12,D13,D14,D15,E1,E2,E3,E4,E5,E6,E7,E8,E9,E10,E11,E12,E13,E14,E15
A1,0.0,0.3774532973766327,0.5704156160354614,0.8677281737327576,1.177325963973999,1.460326075553894,1.804547667503357,1.9096041917800903,2.28132963180542,2.397334098815918,2.716254949569702,2.550571918487549,2.382211446762085,2.6593148708343506,2.686450958251953,2.9070959091186523,2.639061450958252,2.342947006225586,2.084623098373413,1.7383891344070435,1.5309221744537354,1.1647869348526,1.1302967071533203,0.8952745199203491,0.8416644334793091,0.8276200294494629,1.160621166229248,1.2550162076950073,1.4389355182647705,1.5562876462936401,2.7151906490325928,2.34369158744812,2.223100423812866,1.928482174873352,1.7477928400039673,1.6664741039276123,1.4913082122802734,1.819841742515564,1.8378369808197021,2.031532049179077,2.1651771068573,2.3458101749420166,2.452805757522583,2.7672061920166016,2.9010655879974365,1.9698829650878906,1.9234989881515503,1.6603646278381348,1.9002153873443604,1.7588750123977661,2.0756876468658447,2.125864028930664,2.1414499282836914,2.4152438640594482,2.2543463706970215,2.6058528423309326,2.647925853729248,2.342298746109009,2.5448784828186035,2.339181661605835,1.9318469762802124,1.5937600135803223,1.6202471256256104,1.2672721147537231,1.3077874183654785,1.1486996412277222,1.1885555982589722,1.5280730724334717,1.6315523386001587,1.9683327674865723,2.111130475997925,2.1146092414855957,2.280298948287964,2.609726905822754,2.866400957107544
A2,0.3774532973766327,0.0,0.3780481219291687,0.5761231184005737,0.9053745269775391,1.1839056015014648,1.5247423648834229,1.6852233409881592,2.049489974975586,2.1984620094299316,2.514094114303589,2.3736205101013184,2.24061918258667,2.5473992824554443,2.6036083698272705,2.6573259830474854,2.4008758068084717,2.0868515968322754,1.8722589015960693,1.509526014328003,1.3728110790252686,1.024810552597046,1.004563570022583,0.8851011991500854,0.7636125683784485,0.9013075828552246,1.2013118267059326,1.1843100786209106,1.4028598070144653,1.4484350681304932,2.3518548011779785,1.9782987833023071,1.8725684881210327,1.5911319255828857,1.4403187036514282,1.4091925621032715,1.3003798723220825,1.66239333152771,1.75510835647583,1.9602034091949463,2.1465210914611816,2.2873854637145996,2.3559343814849854,2.6921961307525635,2.817026376724243,1.9889419078826904,1.8870899677276611,1.5842264890670776,1.753467082977295,1.5492455959320068,1.8321471214294434,1.8321623802185059,1.8484207391738892,2.098358154296875,1.9309437274932861,2.278481960296631,2.350959062576294,2.062343120574951,2.2753500938415527,2.0809953212738037,1.5991066694259644,1.271837592124939,1.2727047204971313,0.9062985777854919,0.97071373462677,0.8240031599998474,0.9535868167877197,1.2849023342132568,1.4564526081085205,1.7860254049301147,1.9690083265304565,1.9293113946914673,2.0557398796081543,2.392613410949707,2.6416616439819336
A3,0.5704156160354614,0.3780481219291687,0.0,0.3944057524204254,0.6219843029975891,0.9486980438232422,1.2647075653076172,1.390013337135315,1.763687252998352,1.8735151290893555,2.203813314437866,2.0789170265197754,1.9161161184310913,2.2221336364746094,2.255702495574951,2.3457305431365967,2.074338436126709,1.7776597738265991,1.5293004512786865,1.1758825778961182,1.009463906288147,0.6538416743278503,0.6981096863746643,0.6478886604309082,0.657056987285614,0.8717656135559082,1.077254056930542,1.0687333345413208,1.3595250844955444,1.4528002738952637,2.2370424270629883,1.8807344436645508,1.7097835540771484,1.4240671396255493,1.2005019187927246,1.1444295644760132,0.9759691953659058,1.3223110437393188,1.4136773347854614,1.5947390794754028,1.79655122756958,1.9476687908172607,1.9973849058151245,2.33193039894104,2.444753646850586,1.6321923732757568,1.5139720439910889,1.2082374095916748,1.3821574449539185,1.2025870084762573,1.513524055480957,1.5648791790008545,1.6116318702697754,1.9040087461471558,1.7921472787857056,2.1577930450439453,2.193063735961914,1.9244846105575562,2.1788432598114014,2.040281057357788,1.638639211654663,1.2864800691604614,1.2033294439315796,0.8539417386054993,0.7877746820449829,0.6740370988845825,0.7066493630409241,1.0823495388031006,1.2710939645767212,1.5592247247695923,1.7769445180892944,1.7886114120483398,1.8781921863555908,2.2303836345672607,2.4427928924560547
A4,0.8677281737327576,0.5761231184005737,0.3944057524204254,0.0,0.37538495659828186,0.6081081032752991,0.9552522897720337,1.120599389076233,1.478419303894043,1.6491992473602295,1.9543514251708984,1.826250672340393,1.723039984703064,2.049708127975464,2.140836715698242,2.109894037246704,1.8819340467453003,1.5486822128295898,1.36369788646698,1.001566767692566,0.9149736762046814,0.6435835957527161,0.5852707624435425,0.6851353645324707,0.5721101760864258,0.9017966389656067,1.0417184829711914,0.8985591530799866,1.1963326930999756,1.2152347564697266,1.9863320589065552,1.637245774269104,1.4585011005401611,1.239608883857727,1.0259453058242798,1.1021177768707275,1.0138529539108276,1.3642970323562622,1.5416220426559448,1.680277943611145,1.9423930644989014,2.0755653381347656,2.0561933517456055,2.400377035140991,2.46917724609375,1.7696675062179565,1.5703264474868774,1.2715984582901,1.344042181968689,1.107786774635315,1.387183666229248,1.3785269260406494,1.4882612228393555,1.7535440921783447,1.6700886487960815,2.028128147125244,2.112931251525879,1.8934345245361328,2.172170877456665,2.0653975009918213,1.2756456136703491,0.9170466661453247,0.8248279094696045,0.5144513249397278,0.5133016705513,0.6036472916603088,0.7829024791717529,1.1285969018936157,1.4113008975982666,1.6542003154754639,1.926378607749939,1.903245210647583,1.9237288236618042,2.2822256088256836,2.463404655456543
A5,1.177325963973999,0.9053745269775391,0.6219843029975891,0.37538495659828186,0.0,0.3842342495918274,0.6481238603591919,0.82762211561203,1.1864304542541504,1.3280917406082153,1.6505820751190186,1.5717413425445557,1.45920729637146,1.8015923500061035,1.880394697189331,1.7526541948318481,1.5104492902755737,1.1849781274795532,0.9971697330474854,0.6313840746879578,0.6172327995300293,0.4593060314655304,0.5340014100074768,0.8047375082969666,0.8126372694969177,1.1592624187469482,1.1993001699447632,1.0410432815551758,1.3758983612060547,1.404327630996704,1.7760515213012695,1.4572093486785889,1.212056040763855,1.0077173709869385,0.7233883142471313,0.8278660178184509,0.7484453916549683,1.067945122718811,1.2970582246780396,1.4076322317123413,1.7078014612197876,1.8142427206039429,1.7503526210784912,2.097385883331299,2.1497533321380615,1.5713778734207153,1.330750823020935,1.0213927030563354,1.0141006708145142,0.7483444809913635,1.0208687782287598,1.0345635414123535,1.1869125366210938,1.4788703918457031,1.460667610168457,1.8225699663162231,1.8803749084472656,1.7005488872528076,2.0147926807403564,1.9722161293029785,1.343611240386963,1.0161287784576416,0.7940903306007385,0.5790528059005737,0.3478035032749176,0.5554491877555847,0.6556057333946228,0.9601592421531677,1.277077555656433,1.446396827697754,1.7594112157821655,1.7614328861236572,1.7212976217269897,2.0831973552703857,2.218475103378296
A6,1.460326075553894,1.1839056015014648,0.9486980438232422,0.6081081032752991,0.3842342495918274,0.0,0.37344658374786377,0.5657920241355896,0.89116370677948,1.1136503219604492,1.3896628618240356,1.2909808158874512,1.2548810243606567,1.6044145822525024,1.7513508796691895,1.5579580068588257,1.3893362283706665,1.0294337272644043,0.9302541613578796,0.6258781552314758,0.6954454183578491,0.7010738253593445,0.623119056224823,0.9462728500366211,0.8937386274337769,1.2520452737808228,1.21343195438385,0.9628291130065918,1.2699257135391235,1.2447477579116821,1.707215428352356,1.4251583814620972,1.1592904329299927,1.0809780359268188,0.8227791786193848,1.05592679977417,1.0307875871658325,1.2865933179855347,1.5485494136810303,1.5892891883850098,1.9196189641952515,2.0282812118530273,1.8999005556106567,2.2329320907592773,2.2259111404418945,1.7505671977996826,1.4492799043655396,1.2024211883544922,1.10772705078125,0.8530041575431824,1.0671390295028687,1.0336984395980835,1.2820444107055664,1.5331956148147583,1.5703082084655762,1.9045319557189941,2.002274990081787,1.8849462270736694,2.2122509479522705,2.2032957077026367,1.1441373825073242,0.8391686677932739,0.6120176315307617,0.6085120439529419,0.5008164048194885,0.8579139113426208,1.009852647781372,1.2587831020355225,1.6035009622573853,1.725232481956482,2.062931776046753,2.0533552169799805,1.9599945545196533,2.3133435249328613,2.408146619796753
A7,1.804547667503357,1.5247423648834229,1.2647075653076172,0.9552522897720337,0.6481238603591919,0.37344658374786377,0.0,0.37215644121170044,0.6117421984672546,0.8402563333511353,1.106637716293335,1.0905778408050537,1.0922095775604248,1.450531005859375,1.6051125526428223,1.1942181587219238,1.04828679561615,0.6782131195068359,0.67823725938797,0.48185139894485474,0.7222501039505005,0.8873722553253174,0.8911747336387634,1.250994324684143,1.2481931447982788,1.5982944965362549,1.513258695602417,1.2652257680892944,1.5624560117721558,1.5294426679611206,1.5241681337356567,1.3057347536087036,0.9831737875938416,0.9936742186546326,0.7335186004638672,1.023276686668396,1.0546573400497437,1.2238272428512573,1.5298285484313965,1.5280922651290894,1.8847157955169678,1.9523943662643433,1.7650361061096191,2.0852088928222656,2.0455870628356934,1.7631440162658691,1.4290717840194702,1.2113819122314453,0.9977546334266663,0.7388191223144531,0.8457775712013245,0.7925847768783569,1.1152786016464233,1.3477412462234497,1.4676400423049927,1.7733947038650513,1.8597979545593262,1.8085098266601562,2.1542224884033203,2.209029197692871,1.2784900665283203,1.0565134286880493,0.7606602907180786,0.8670883774757385,0.687593936920166,1.042514443397522,1.1469554901123047,1.3069348335266113,1.6576899290084839,1.6983389854431152,2.0586910247802734,2.0571672916412354,1.8987157344818115,2.2350404262542725,2.273608922958374
A8,1.9096041917800903,1.6852233409881592,1.390013337135315,1.120599389076233,0.82762211561203,0.5657920241355896,0.37215644121170044,0.0,0.37674474716186523,0.555580735206604,0.8347334265708923,0.7620684504508972,0.7266161441802979,1.0845988988876343,1.2509657144546509,1.1105135679244995,0.9921323657035828,0.6730560660362244,0.5877299308776855,0.5234894156455994,0.6309502124786377,0.888516902923584,0.8424771428108215,1.2024381160736084,1.2624537944793701,1.574602484703064,1.4073988199234009,1.1928813457489014,1.4856600761413574,1.5141208171844482,1.8499501943588257,1.6601659059524536,1.3200446367263794,1.3296786546707153,1.0271050930023193,1.2433897256851196,1.1784946918487549,1.2757279872894287,1.527647852897644,1.440463900566101,1.789923906326294,1.9059501886367798,1.6907950639724731,1.9788260459899902,1.887362003326416,1.6010817289352417,1.2377324104309082,1.1110334396362305,0.9058554768562317,0.7872902154922485,0.9521041512489319,1.0202946662902832,1.3669477701187134,1.6291840076446533,1.7861846685409546,2.0910303592681885,2.140261650085449,2.0953567028045654,2.4502906799316406,2.5189216136932373,1.5401657819747925,1.2963992357254028,1.0659143924713135,1.1606682538986206,0.9870853424072266,1.3132015466690063,1.3497610092163086,1.5428410768508911,1.858585000038147,1.8786317110061646,2.2339420318603516,2.285945415496826,2.131162166595459,2.4671313762664795,2.480149507522583
A9,2.28132963180542,2.049489974975586,1.763687252998352,1.478419303894043,1.1864304542541504,0.89116370677948,0.6117421984672546,0.37674474716186523,0.0,0.3714265525341034,0.5151885747909546,0.5185502171516418,0.6371719241142273,0.9575099945068359,1.1833388805389404,0.861803412437439,0.8729274868965149,0.6135197281837463,0.7018555402755737,0.8022584319114685,0.964012861251831,1.2565057277679443,1.2066839933395386,1.556300163269043,1.6040078401565552,1.9047960042953491,1.7050278186798096,1.4732189178466797,1.7233372926712036,1.7229100465774536,1.8704109191894531,1.7503095865249634,1.4070976972579956,1.5081218481063843,1.2508691549301147,1.4998801946640015,1.477471947669983,1.515708088874817,1.778343677520752,1.6464483737945557,1.9978209733963013,2.0896527767181396,1.822399377822876,2.074671506881714,1.927979826927185,1.8275501728057861,1.4503871202468872,1.3839232921600342,1.1163766384124756,1.0377436876296997,1.0928237438201904,1.1321934461593628,1.510743498802185,1.7227870225906372,1.9345909357070923,2.1970326900482178,2.254237174987793,2.269482135772705,2.626290798187256,2.734942674636841,1.6742260456085205,1.49712336063385,1.271675705909729,1.4478352069854736,1.2950392961502075,1.6367788314819336,1.680787444114685,1.8271756172180176,2.145073652267456,2.1178600788116455,2.480435371398926,2.5298469066619873,2.3313660621643066,2.6454310417175293,2.6117405891418457
A10,2.397334098815918,2.1984620094299316,1.8735151290893555,1.6491992473602295,1.3280917406082153,1.1136503219604492,0.8402563333511353,0.555580735206604,0.3714265525341034,0.0,0.36675357818603516,0.49531611800193787,0.4477175772190094,0.7429812550544739,0.8893831968307495,0.7304502129554749,0.6968914270401001,0.5784279108047485,0.5719135999679565,0.8144341707229614,0.9339240789413452,1.2830311059951782,1.2969989776611328,1.638622522354126,1.76166570186615,2.040447950363159,1.8188821077346802,1.6515229940414429,1.9221680164337158,1.9807544946670532,2.048612117767334,1.9462636709213257,1.5784794092178345,1.6417094469070435,1.3484547138214111,1.520111322402954,1.449198842048645,1.3970921039581299,1.6182409524917603,1.4242322444915771,1.7601889371871948,1.8539844751358032,1.5589163303375244,1.7746846675872803,1.593657374382019,1.6020201444625854,1.2268635034561157,1.2318007946014404,0.9407989978790283,0.9801174998283386,1.0278584957122803,1.1740357875823975,1.538935661315918,1.7827175855636597,2.0284111499786377,2.290159225463867,2.2880523204803467,2.3092291355133057,2.671426773071289,2.8070852756500244,2.0198192596435547,1.8194485902786255,1.5739588737487793,1.693053126335144,1.4794622659683228,1.770477056503296,1.7350823879241943,1.862247347831726,2.1361351013183594,2.064392328262329,2.4149584770202637,2.513993978500366,2.3093388080596924,2.611100435256958,2.5458242893218994
A11,2.716254949569702,2.514094114303589,2.203813314437866,1.9543514251708984,1.6505820751190186,1.3896628618240356,1.106637716293335,0.8347334265708923,0.5151885747909546,0.36675357818603516,0.0,0.3721771240234375,0.539311945438385,0.6926190257072449,0.9213861227035522,0.716326892375946,0.8605846166610718,0.8184595704078674,0.9199004769325256,1.1673810482025146,1.2902348041534424,1.6301145553588867,1.602246880531311,1.9317723512649536,2.0299344062805176,2.296433687210083,2.0466396808624268,1.859864354133606,2.087362051010132,2.123431444168091,2.200610399246216,2.143624782562256,1.7903170585632324,1.9140387773513794,1.655879259109497,1.858513593673706,1.810733675956726,1.7498329877853394,1.9682577848434448,1.7527246475219727,2.0748395919799805,2.1635842323303223,1.8456346988677979,2.021667718887329,1.793624758720398,1.9085664749145508,1.538070559501648,1.5838409662246704,1.2951611280441284,1.338948130607605,1.3433221578598022,1.447314739227295,1.820923089981079,2.021293878555298,2.2892777919769287,2.52028226852417,2.535888433456421,2.594212532043457,2.953214406967163,3.1060125827789307,2.160350799560547,2.0019259452819824,1.7832661867141724,1.958586573600769,1.7815004587173462,2.097809076309204,2.0877890586853027,2.2059178352355957,2.4877614974975586,2.402378559112549,2.7546756267547607,2.84590744972229,2.620349884033203,2.907893180847168,2.8165700435638428
A12,2.550571918487549,2.3736205101013184,2.0789170265197754,1.826250672340393,1.5717413425445557,1.2909808158874512,1.0905778408050537,0.7620684504508972,0.5185502171516418,0.49531611800193787,0.3721771240234375,0.0,0.37111029028892517,0.5348573327064514,0.8584170937538147,1.0679364204406738,1.1559518575668335,1.0269237756729126,1.0387258529663086,1.197644591331482,1.2316559553146362,1.5326948165893555,1.4272727966308594,1.7230322360992432,1.8069647550582886,2.0429747104644775,1.764613389968872,1.5811495780944824,1.7778263092041016,1.8315168619155884,2.371285915374756,2.2666234970092773,1.9233198165893555,2.0166451930999756,1.7361962795257568,1.9395995140075684,1.84905207157135,1.83915114402771,2.031873941421509,1.8204607963562012,2.1334266662597656,2.2776362895965576,1.9940561056137085,2.1844143867492676,1.9682027101516724,1.8871047496795654,1.5140010118484497,1.5718460083007812,1.357765793800354,1.4046733379364014,1.5007820129394531,1.60960853099823,1.984485387802124,2.211671829223633,2.4380943775177,2.6998345851898193,2.7346351146698,2.751185178756714,3.1116981506347656,3.2245595455169678,2.0579631328582764,1.8703302145004272,1.7095369100570679,1.877287745475769,1.744507908821106,2.074404716491699,2.0849497318267822,2.2636592388153076,2.553317070007324,2.519289255142212,2.8698527812957764,2.961426258087158,2.7729547023773193,3.0845682621002197,3.031989812850952
A13,2.382211446762085,2.24061918258667,1.9161161184310913,1.723039984703064,1.45920729637146,1.2548810243606567,1.0922095775604248,0.7266161441802979,0.6371719241142273,0.4477175772190094,0.539311945438385,0.37111029028892517,0.0,0.3598094582557678,0.5747364163398743,1.1358896493911743,1.1127595901489258,1.0095759630203247,0.8850482702255249,1.0533647537231445,1.0053658485412598,1.3199659585952759,1.2548508644104004,1.5360066890716553,1.688428521156311,1.9057852029800415,1.6236172914505005,1.5076022148132324,1.7439476251602173,1.863220453262329,2.457176923751831,2.3229148387908936,1.9618934392929077,1.987272024154663,1.6632351875305176,1.7969415187835693,1.6456118822097778,1.6034998893737793,1.7467256784439087,1.508158564567566,1.8010258674621582,1.9744573831558228,1.7078520059585571,1.8900924921035767,1.6817905902862549,1.5304571390151978,1.163794994354248,1.2661943435668945,1.0935428142547607,1.218787670135498,1.3710097074508667,1.5583781003952026,1.9090099334716797,2.183633327484131,2.400862693786621,2.687166929244995,2.6798603534698486,2.6642394065856934,3.026480197906494,3.1324195861816406,2.188671350479126,1.9496455192565918,1.7704845666885376,1.8630836009979248,1.6840115785598755,1.967218279838562,1.9180253744125366,2.1104414463043213,2.363781452178955,2.32871150970459,2.6628007888793945,2.7920143604278564,2.6283345222473145,2.9440956115722656,2.8999035358428955
A14,2.6593148708343506,2.5473992824554443,2.2221336364746094,2.049708127975464,1.8015923500061035,1.6044145822525024,1.450531005859375,1.0845988988876343,0.9575099945068359,0.7429812550544739,0.6926190257072449,0.5348573327064514,0.3598094582557678,0.0,0.37002333998680115,1.3229124546051025,1.3472107648849487,1.3142989873886108,1.1992048025131226,1.396565318107605,1.318591594696045,1.6230214834213257,1.5464025735855103,1.7870283126831055,1.9570508003234863,2.13312029838562,1.8177727460861206,1.739250898361206,1.9380519390106201,2.08320689201355,2.784766435623169,2.6681432723999023,2.305063247680664,2.3380846977233887,2.0128140449523926,2.127976179122925,1.9566900730133057,1.8787981271743774,1.97877836227417,1.6964807510375977,1.9473639726638794,2.139936685562134,1.8653584718704224,1.9895920753479004,1.7334812879562378,1.6510108709335327,1.3173048496246338,1.5005642175674438,1.3583794832229614,1.5377976894378662,1.6807018518447876,1.8879637718200684,2.234937906265259,2.5073654651641846,2.739886999130249,3.0182299613952637,2.996232509613037,2.9907636642456055,3.3530685901641846,3.4695284366607666,2.508941173553467,2.27461838722229,2.1157243251800537,2.212214469909668,2.039046287536621,2.3141462802886963,2.2470617294311523,2.440244436264038,2.673414945602417,2.6237165927886963,2.946110963821411,3.0990347862243652,2.9345602989196777,3.2408876419067383,3.1775100231170654
A15,2.686450958251953,2.6036083698272705,2.255702495574951,2.140836715698242,1.880394697189331,1.7513508796691895,1.6051125526428223,1.2509657144546509,1.1833388805389404,0.8893831968307495,0.9213861227035522,0.8584170937538147,0.5747364163398743,0.37002333998680115,0.0,1.4132652282714844,1.369846224784851,1.398960828781128,1.2145946025848389,1.437504768371582,1.321047306060791,1.6275279521942139,1.613490104675293,1.8340014219284058,2.0609943866729736,2.220229148864746,1.9163732528686523,1.8967971801757812,2.1231586933135986,2.3082175254821777,2.9132497310638428,2.792818784713745,2.419020891189575,2.4100284576416016,2.065903425216675,2.115453004837036,1.906288743019104,1.771134376525879,1.8117609024047852,1.4905295372009277,1.6960448026657104,1.9011093378067017,1.6344603300094604,1.7138999700546265,1.4437346458435059,1.4055376052856445,1.1123907566070557,1.3669471740722656,1.2591561079025269,1.516780972480774,1.6673500537872314,1.933609127998352,2.2479515075683594,2.5439441204071045,2.7806928157806396,3.063276529312134,2.996567487716675,2.979724168777466,3.337700366973877,3.4628496170043945,2.74981689453125,2.4917263984680176,2.307744264602661,2.3540616035461426,2.138262987136841,2.364490509033203,2.2384889125823975,2.4174020290374756,2.6047005653381348,2.532274007797241,2.8301093578338623,3.0221734046936035,2.8696420192718506,3.163755416870117,3.090101718902588
B1,2.9070959091186523,2.6573259830474854,2.3457305431365967,2.109894037246704,1.7526541948318481,1.5579580068588257,1.1942181587219238,1.1105135679244995,0.861803412437439,0.7304502129554749,0.716326892375946,1.0679364204406738,1.1358896493911743,1.3229124546051025,1.4132652282714844,0.0,0.38605165481567383,0.5763264894485474,0.8735861778259277,1.1804968118667603,1.456434726715088,1.79808509349823,1.8954042196273804,2.2597177028656006,2.358463764190674,2.673823118209839,2.4964921474456787,2.298283338546753,2.572819232940674,2.5720179080963135,1.7642221450805664,1.797310709953308,1.452910304069519,1.6236457824707031,1.4481096267700195,1.6418417692184448,1.70696222782135,1.5850423574447632,1.8624284267425537,1.7033627033233643,2.0322399139404297,1.9931949377059937,1.6499577760696411,1.8257192373275757,1.6431375741958618,2.038646697998047,1.7060853242874146,1.670828104019165,1.2866815328598022,1.2601373195648193,1.0591206550598145,1.1007355451583862,1.4254885911941528,1.545934796333313,1.87799072265625,2.03745174407959,2.0216939449310303,2.1597564220428467,2.501338481903076,2.7218470573425293,2.2661244869232178,2.161341667175293,1.8540213108062744,2.0194714069366455,1.7812225818634033,2.0446560382843018,2.0131101608276367,2.0021135807037354,2.2637758255004883,2.0932343006134033,2.4377357959747314,2.5031890869140625,2.2123334407806396,2.445050001144409,2.29142165184021
B2,2.639061450958252,2.4008758068084717,2.074338436126709,1.8819340467453003,1.5104492902755737,1.3893362283706665,1.04828679561615,0.9921323657035828,0.8729274868965149,0.6968914270401001,0.8605846166610718,1.1559518575668335,1.1127595901489258,1.3472107648849487,1.369846224784851,0.38605165481567383,0.0,0.3736059069633484,0.5793788433074951,0.9027140736579895,1.1846493482589722,1.5197875499725342,1.6768766641616821,2.036149501800537,2.1659202575683594,2.481442451477051,2.332218885421753,2.1663098335266113,2.473114013671875,2.500944137573242,1.687745451927185,1.6683704853057861,1.302496314048767,1.3897548913955688,1.1738829612731934,1.30740487575531,1.3544940948486328,1.2058066129684448,1.4847315549850464,1.3461389541625977,1.6798444986343384,1.6272679567337036,1.2976876497268677,1.509135127067566,1.3771378993988037,1.7240906953811646,1.4109716415405273,1.3406267166137695,0.9456946849822998,0.9234774112701416,0.7046589851379395,0.8279327154159546,1.1338326930999756,1.3181440830230713,1.6386723518371582,1.8352957963943481,1.7772572040557861,1.8752036094665527,2.224698305130005,2.4362540245056152,2.222926378250122,2.074475049972534,1.743092656135559,1.8387588262557983,1.5534496307373047,1.7684671878814697,1.6899265050888062,1.666821002960205,1.905240535736084,1.7272260189056396,2.0686843395233154,2.1554336547851562,1.879678726196289,2.125678539276123,1.9897997379302979
B3,2.342947006225586,2.0868515968322754,1.7776597738265991,1.5486822128295898,1.1849781274795532,1.0294337272644043,0.6782131195068359,0.6730560660362244,0.6135197281837463,0.5784279108047485,0.8184595704078674,1.0269237756729126,1.0095759630203247,1.3142989873886108,1.398960828781128,0.5763264894485474,0.3736059069633484,0.0,0.39754053950309753,0.6229682564735413,0.9483497738838196,1.2599704265594482,1.3825523853302002,1.751288652420044,1.8429268598556519,2.172311544418335,2.0405900478363037,1.8459511995315552,2.150390625,2.155989170074463,1.5217506885528564,1.4412893056869507,1.0655330419540405,1.1490455865859985,0.9105868339538574,1.117141842842102,1.175207495689392,1.1317728757858276,1.44723641872406,1.3586933612823486,1.719299077987671,1.7087664604187012,1.4253616333007812,1.6932766437530518,1.5993292331695557,1.7045913934707642,1.3666701316833496,1.2334176301956177,0.8623090982437134,0.7304034233093262,0.5839508175849915,0.6354397535324097,1.0045037269592285,1.2145583629608154,1.485635757446289,1.724879503250122,1.7238876819610596,1.776975154876709,2.1353797912597656,2.299804925918579,1.860318660736084,1.7018251419067383,1.3746243715286255,1.4817522764205933,1.217984914779663,1.4750609397888184,1.4506783485412598,1.4762343168258667,1.7655118703842163,1.6559617519378662,2.0178983211517334,2.0691606998443604,1.8225263357162476,2.107893705368042,2.033820390701294
B4,2.084623098373413,1.8722589015960693,1.5293004512786865,1.36369788646698,0.9971697330474854,0.9302541613578796,0.67823725938797,0.5877299308776855,0.7018555402755737,0.5719135999679565,0.9199004769325256,1.0387258529663086,0.8850482702255249,1.1992048025131226,1.2145946025848389,0.8735861778259277,0.5793788433074951,0.39754053950309753,0.0,0.3686169385910034,0.6053341031074524,0.9455256462097168,1.111891508102417,1.4642705917358398,1.6172776222229004,1.9229636192321777,1.7883085012435913,1.6531450748443604,1.9822410345077515,2.0493521690368652,1.7727923393249512,1.6263136863708496,1.2504812479019165,1.2094645500183105,0.8795328140258789,0.9747017621994019,0.9093231558799744,0.8446024656295776,1.1158418655395508,1.0044530630111694,1.368302822113037,1.4103819131851196,1.1553127765655518,1.444898009300232,1.375627040863037,1.3159980773925781,0.9771787524223328,0.8408046364784241,0.48004454374313354,0.43370914459228516,0.48608386516571045,0.7260434627532959,1.0428286790847778,1.3454673290252686,1.5664992332458496,1.8569674491882324,1.8122795820236206,1.792097806930542,2.1542575359344482,2.284330129623413,1.9513030052185059,1.7222201824188232,1.4135557413101196,1.4282573461532593,1.1267112493515015,1.3347594738006592,1.2370375394821167,1.3205876350402832,1.5752780437469482,1.4927014112472534,1.8435593843460083,1.94667387008667,1.7535512447357178,2.0640833377838135,2.0251190662384033
B5,1.7383891344070435,1.509526014328003,1.1758825778961182,1.001566767692566,0.6313840746879578,0.6258781552314758,0.48185139894485474,0.5234894156455994,0.8022584319114685,0.8144341707229614,1.1673810482025146,1.197644591331482,1.0533647537231445,1.396565318107605,1.437504768371582,1.1804968118667603,0.9027140736579895,0.6229682564735413,0.3686169385910034,0.0,0.38623955845832825,0.644205629825592,0.8267975449562073,1.1814614534378052,1.306121826171875,1.6287318468093872,1.5452346801757812,1.4016798734664917,1.7436989545822144,1.8004660606384277,1.6914868354797363,1.4740134477615356,1.1227333545684814,1.0090895891189575,0.6447619795799255,0.7544000148773193,0.6753097176551819,0.768861711025238,1.059254765510559,1.0489846467971802,1.406772255897522,1.4727154970169067,1.2986149787902832,1.6277730464935303,1.6216001510620117,1.3263189792633057,1.0126265287399292,0.7663447856903076,0.5291202664375305,0.2743361294269562,0.5191571116447449,0.6789383292198181,0.9555555582046509,1.2824814319610596,1.4220421314239502,1.752596139907837,1.7417206764221191,1.6586273908615112,2.0150716304779053,2.089038133621216,1.695918083190918,1.4348751306533813,1.1319537162780762,1.088049292564392,0.777816891670227,0.9872499108314514,0.9217706322669983,1.0687710046768188,1.3594269752502441,1.3598264455795288,1.7132034301757812,1.7831817865371704,1.6382032632827759,1.9785611629486084,2.006978750228882
B6,1.5309221744537354,1.3728110790252686,1.009463906288147,0.9149736762046814,0.6172327995300293,0.6954454183578491,0.7222501039505005,0.6309502124786377,0.964012861251831,0.9339240789413452,1.2902348041534424,1.2316559553146362,1.0053658485412598,1.318591594696045,1.321047306060791,1.456434726715088,1.1846493482589722,0.9483497738838196,0.6053341031074524,0.38623955845832825,0.0,0.36856067180633545,0.5573567748069763,0.8786042332649231,1.083248257637024,1.3604639768600464,1.2539474964141846,1.1860729455947876,1.5382747650146484,1.6681499481201172,2.0517501831054688,1.8049510717391968,1.4741666316986084,1.3113906383514404,0.9379274249076843,0.9440466165542603,0.7075229287147522,0.8122427463531494,0.97809898853302,0.9358960390090942,1.257408618927002,1.4163724184036255,1.2939361333847046,1.6082534790039062,1.6063488721847534,1.0642870664596558,0.7569965124130249,0.526913046836853,0.49936503171920776,0.4641737937927246,0.830410361289978,1.046709656715393,1.2725859880447388,1.622538447380066,1.721903681755066,2.07136607170105,2.0416781902313232,1.9093031883239746,2.253344774246216,2.2872869968414307,1.8379453420639038,1.5220017433166504,1.2871720790863037,1.1762086153030396,0.902232825756073,1.0569754838943481,0.9383222460746765,1.1842247247695923,1.4209990501403809,1.4743343591690063,1.792819857597351,1.907772183418274,1.827562689781189,2.176661252975464,2.234349250793457
B7,1.1647869348526,1.024810552597046,0.6538416743278503,0.6435835957527161,0.4593060314655304,0.7010738253593445,0.8873722553253174,0.888516902923584,1.2565057277679443,1.2830311059951782,1.6301145553588867,1.5326948165893555,1.3199659585952759,1.6230214834213257,1.6275279521942139,1.79808509349823,1.5197875499725342,1.2599704265594482,0.9455256462097168,0.644205629825592,0.36856067180633545,0.0,0.37241673469543457,0.6117459535598755,0.822824239730835,1.0902509689331055,1.0690826177597046,1.0423353910446167,1.3988103866577148,1.540788173675537,2.1359333992004395,1.840262532234192,1.5575944185256958,1.3300273418426514,0.9845156669616699,0.9406291246414185,0.671201765537262,0.9035132527351379,1.019471287727356,1.0791926383972168,1.3462634086608887,1.5223771333694458,1.4854332208633423,1.8104259967803955,1.863373875617981,1.142112374305725,0.927151620388031,0.6403033137321472,0.775775134563446,0.6800177693367004,1.0533802509307861,1.2174930572509766,1.3696962594985962,1.7172073125839233,1.7375078201293945,2.1052989959716797,2.090010643005371,1.8973233699798584,2.216381788253784,2.189134359359741,1.770307183265686,1.4229869842529297,1.234252691268921,1.0247161388397217,0.787844717502594,0.8569083213806152,0.7438215017318726,1.075011134147644,1.2945691347122192,1.4399025440216064,1.7261549234390259,1.8214060068130493,1.8095757961273193,2.1689085960388184,2.287264585494995
B8,1.1302967071533203,1.004563570022583,0.6981096863746643,0.5852707624435425,0.5340014100074768,0.623119056224823,0.8911747336387634,0.8424771428108215,1.2066839933395386,1.2969989776611328,1.602246880531311,1.4272727966308594,1.2548508644104004,1.5464025735855103,1.613490104675293,1.8954042196273804,1.6768766641616821,1.3825523853302002,1.111891508102417,0.8267975449562073,0.5573567748069763,0.37241673469543457,0.0,0.37144607305526733,0.5321942567825317,0.8126035332679749,0.738670825958252,0.6736741662025452,1.0311981439590454,1.186915397644043,2.2695765495300293,1.9689409732818604,1.699041485786438,1.5242640972137451,1.2026557922363281,1.2485604286193848,1.0278583765029907,1.261573076248169,1.3772087097167969,1.3913763761520386,1.6528089046478271,1.8606345653533936,1.8010406494140625,2.1098074913024902,2.1191372871398926,1.3692951202392578,1.128150224685669,0.9307284951210022,1.0459856986999512,0.9595901966094971,1.315008521080017,1.4345591068267822,1.6352163553237915,1.9568877220153809,1.9740941524505615,2.337312698364258,2.3665571212768555,2.1856305599212646,2.503366708755493,2.458404541015625,1.6203230619430542,1.254286289215088,1.1489605903625488,0.9869792461395264,0.8711467385292053,1.0314271450042725,1.031648874282837,1.3824723958969116,1.6290470361709595,1.7951037883758545,2.083757162094116,2.1551549434661865,2.142305374145508,2.5047078132629395,2.6257665157318115
B9,0.8952745199203491,0.8851011991500854,0.6478886604309082,0.6851353645324707,0.8047375082969666,0.9462728500366211,1.250994324684143,1.2024381160736084,1.556300163269043,1.638622522354126,1.9317723512649536,1.7230322360992432,1.5360066890716553,1.7870283126831055,1.8340014219284058,2.2597177028656006,2.036149501800537,1.751288652420044,1.4642705917358398,1.1814614534378052,0.8786042332649231,0.6117459535598755,0.37144607305526733,0.0,0.36180970072746277,0.5008108019828796,0.4988953769207001,0.6016845107078552,0.9129851460456848,1.1391085386276245,2.5749576091766357,2.2525508403778076,2.0122976303100586,1.8059381246566772,1.5041782855987549,1.5026227235794067,1.2512518167495728,1.497127652168274,1.5421751737594604,1.577333927154541,1.7790924310684204,2.0233631134033203,2.0182950496673584,2.312925338745117,2.3436803817749023,1.4539968967437744,1.2889013290405273,1.1212190389633179,1.3299534320831299,1.2782471179962158,1.6467585563659668,1.7727267742156982,1.936062216758728,2.2596075534820557,2.237128734588623,2.605954170227051,2.6322576999664307,2.4141862392425537,2.7090981006622314,2.6214559078216553,1.7882202863693237,1.4083682298660278,1.380462408065796,1.1663599014282227,1.115829348564148,1.1937479972839355,1.1860861778259277,1.5655148029327393,1.7631330490112305,1.9780004024505615,2.2251460552215576,2.30385160446167,2.346129894256592,2.7062599658966064,2.8605597019195557
B10,0.8416644334793091,0.7636125683784485,0.657056987285614,0.5721101760864258,0.8126372694969177,0.8937386274337769,1.2481931447982788,1.2624537944793701,1.6040078401565552,1.76166570186615,2.0299344062805176,1.8069647550582886,1.688428521156311,1.9570508003234863,2.0609943866729736,2.358463764190674,2.1659202575683594,1.8429268598556519,1.6172776222229004,1.306121826171875,1.083248257637024,0.822824239730835,0.5321942567825317,0.36180970072746277,0.0,0.3637269139289856,0.4926765263080597,0.4315304160118103,0.7046666741371155,0.8524288535118103,2.4983556270599365,2.163769006729126,1.964865803718567,1.7849256992340088,1.5338973999023438,1.5980035066604614,1.418466329574585,1.7127840518951416,1.8109689950942993,1.8732401132583618,2.0990803241729736,2.315953493118286,2.298152446746826,2.6094887256622314,2.6372594833374023,1.7999454736709595,1.6116360425949097,1.4160592555999756,1.5674854516983032,1.4436274766921997,1.7793333530426025,1.8336082696914673,1.997955322265625,2.284088134765625,2.23124623298645,2.59014630317688,2.666311740875244,2.4505114555358887,2.7331385612487793,2.620619535446167,1.5109208822250366,1.1333575248718262,1.1843246221542358,0.9844896793365479,1.049863338470459,1.165573239326477,1.2684776782989502,1.6436957120895386,1.8814188241958618,2.122973918914795,2.3786492347717285,2.4039344787597656,2.4437379837036133,2.804914951324463,2.976682424545288
B11,0.8276200294494629,0.9013075828552246,0.8717656135559082,0.9017966389656067,1.1592624187469482,1.2520452737808228,1.5982944965362549,1.574602484703064,1.9047960042953491,2.040447950363159,2.296433687210083,2.0429747104644775,1.9057852029800415,2.13312029838562,2.220229148864746,2.673823118209839,2.481442451477051,2.172311544418335,1.9229636192321777,1.6287318468093872,1.3604639768600464,1.0902509689331055,0.8126035332679749,0.5008108019828796,0.3637269139289856,0.0,0.37396132946014404,0.5396149158477783,0.664544403553009,0.9033277034759521,2.856497049331665,2.5166523456573486,2.325406789779663,2.132920265197754,1.8799810409545898,1.9101768732070923,1.6965571641921997,1.9748237133026123,2.018195390701294,2.070891857147217,2.252751350402832,2.504119396209717,2.5156359672546387,2.8077118396759033,2.837871551513672,1.9116848707199097,1.7704901695251465,1.6190242767333984,1.8267446756362915,1.7489711046218872,2.102463722229004,2.1813149452209473,2.3359222412109375,2.6306326389312744,2.566617488861084,2.928025484085083,2.994391679763794,2.759876012802124,3.0300862789154053,2.8956007957458496,1.7925266027450562,1.4266102313995361,1.5256932973861694,1.320870041847229,1.4002989530563354,1.4709959030151367,1.5433465242385864,1.9268172979354858,2.12331223487854,2.383265972137451,2.6096677780151367,2.652796506881714,2.7261242866516113,3.0838606357574463,3.269482135772705
B12,1.160621166229248,1.2013118267059326,1.077254056930542,1.0417184829711914,1.1993001699447632,1.21343195438385,1.513258695602417,1.4073988199234009,1.7050278186798096,1.8188821077346802,2.0466396808624268,1.764613389968872,1.6236172914505005,1.8177727460861206,1.9163732528686523,2.4964921474456787,2.332218885421753,2.0405900478363037,1.7883085012435913,1.5452346801757812,1.2539474964141846,1.0690826177597046,0.738670825958252,0.4988953769207001,0.4926765263080597,0.37396132946014404,0.0,0.37198230624198914,0.5219735503196716,0.8518065810203552,2.9010891914367676,2.5874783992767334,2.355205774307251,2.200254440307617,1.9120502471923828,1.9646226167678833,1.730891466140747,1.9598027467727661,2.002486228942871,1.9875816106796265,2.181175708770752,2.454530715942383,2.425071954727173,2.696298360824585,2.6810007095336914,1.7934061288833618,1.61561918258667,1.5303071737289429,1.7172478437423706,1.6900341510772705,2.047293186187744,2.156893730163574,2.3621907234191895,2.669194221496582,2.657162666320801,3.0183725357055664,3.0741026401519775,2.8722586631774902,3.169280767440796,3.0754010677337646,1.8664628267288208,1.5039243698120117,1.578732967376709,1.4427443742752075,1.4827570915222168,1.6207692623138428,1.6663219928741455,2.0446481704711914,2.257514238357544,2.4717886447906494,2.7238142490386963,2.7956652641296387,2.8306050300598145,3.192497491836548,3.3400678634643555
B13,1.2550162076950073,1.1843100786209106,1.0687333345413208,0.8985591530799866,1.0410432815551758,0.9628291130065918,1.2652257680892944,1.1928813457489014,1.4732189178466797,1.6515229940414429,1.859864354133606,1.5811495780944824,1.5076022148132324,1.739250898361206,1.8967971801757812,2.298283338546753,2.1663098335266113,1.8459511995315552,1.6531450748443604,1.4016798734664917,1.1860729455947876,1.0423353910446167,0.6736741662025452,0.6016845107078552,0.4315304160118103,0.5396149158477783,0.37198230624198914,0.0,0.35813212394714355,0.5726033449172974,2.6308112144470215,2.3274669647216797,2.1057846546173096,1.9957655668258667,1.7335127592086792,1.85576331615448,1.6823880672454834,1.9326642751693726,2.0444812774658203,2.036025285720825,2.279834508895874,2.5164074897766113,2.447420120239258,2.7384140491485596,2.7082338333129883,1.9299043416976929,1.6940081119537354,1.572281002998352,1.6782524585723877,1.5909006595611572,1.9131994247436523,1.9699199199676514,2.199138641357422,2.4766452312469482,2.47147798538208,2.819580554962158,2.9105865955352783,2.7358455657958984,3.0388200283050537,2.9573147296905518,1.5242606401443481,1.1732066869735718,1.2677206993103027,1.19611656665802,1.2814244031906128,1.491124153137207,1.60430908203125,1.9647825956344604,2.2291083335876465,2.431462287902832,2.713789224624634,2.749190092086792,2.748560905456543,3.111936569213867,3.248786449432373
