,A1,A2,A3,A4,A5,A6,A7,A8,A9,A10,A11,A12,A13,A14,A15,B1,B2,B3,B4,B5,B6,B7,B8,B9,B10,B11,B12,B13,B14,B15,C1,C2,C3,C4,C5,C6,C7,C8,C9,C10,C11,C12,C13,C14,C15,D1,D2,D3,D4,D5,D6,D7,D8,D9,D10,D11,D12,D13,D14,D15,E1,E2,E3,E4,E5,E6,E7,E8,E9,E10,E11,E12,E13,E14,E15
A1,0.0,0.3840485215187073,0.5901411175727844,0.8847594857215881,1.1832300424575806,1.4688045978546143,1.7958850860595703,1.876261591911316,2.2437119483947754,2.315739631652832,2.625119686126709,2.427858352661133,2.2075626850128174,2.487746238708496,2.54148268699646,2.878948211669922,2.5952112674713135,2.287445545196533,2.087111473083496,1.7250338792800903,1.5885710716247559,1.2273215055465698,1.2788392305374146,1.1002572774887085,1.047278642654419,1.1497957706451416,1.461780309677124,1.5204815864562988,1.7388944625854492,1.8634977340698242,2.0674750804901123,1.7156920433044434,1.7513223886489868,1.5592079162597656,1.5242815017700195,1.604688048362732,1.5876158475875854,1.9703725576400757,2.1279261112213135,2.3441522121429443,2.5904159545898438,2.6141340732574463,2.6292848587036133,2.979520559310913,3.159210443496704,2.009953737258911,1.9124683141708374,1.6763205528259277,1.8518997430801392,1.6747955083847046,1.973695158958435,1.9363213777542114,2.0510871410369873,2.2766788005828857,2.1605169773101807,2.5154354572296143,2.6125056743621826,2.372316598892212,2.671194314956665,2.6117067337036133,2.0018625259399414,1.6452178955078125,1.5793873071670532,1.2102257013320923,1.1635231971740723,0.9565511345863342,0.9827789664268494,1.2614479064941406,1.3307688236236572,1.6808578968048096,1.789637804031372,1.73434579372406,1.9165222644805908,2.2035727500915527,2.5195090770721436
A2,0.3840485215187073,0.0,0.3783000409603119,0.576885461807251,0.8959749937057495,1.1744911670684814,1.4989937543869019,1.635876178741455,1.9979397058486938,2.1106929779052734,2.420058012008667,2.242039918899536,2.0620481967926025,2.372019052505493,2.471820116043091,2.593463182449341,2.3302550315856934,2.0075454711914062,1.854404091835022,1.4838709831237793,1.420544147491455,1.0890247821807861,1.1467353105545044,1.0716912746429443,0.9655687212944031,1.1801681518554688,1.4505488872528076,1.4145385026931763,1.6684260368347168,1.7461411952972412,1.698022484779358,1.3538976907730103,1.3950177431106567,1.2454602718353271,1.2441401481628418,1.3978800773620605,1.440130352973938,1.814382553100586,2.02810001373291,2.2206618785858154,2.501883029937744,2.4991464614868164,2.4649038314819336,2.823747158050537,2.9751834869384766,2.027086019515991,1.8648709058761597,1.599749207496643,1.6985193490982056,1.465789794921875,1.722775936126709,1.6356321573257446,1.7709280252456665,1.9666199684143066,1.8648676872253418,2.210331439971924,2.3335180282592773,2.127105236053467,2.4339218139648438,2.403681755065918,1.6423416137695312,1.2927547693252563,1.2049012184143066,0.8300607204437256,0.8063693046569824,0.6324082612991333,0.7709434628486633,1.0578913688659668,1.2304260730743408,1.5533225536346436,1.7266895771026611,1.6354591846466064,1.7504627704620361,2.0626087188720703,2.3577208518981934
A3,0.5901411175727844,0.3783000409603119,0.0,0.38540714979171753,0.6024847030639648,0.9250421524047852,1.223461389541626,1.3249633312225342,1.6912555694580078,1.7672513723373413,2.0896944999694824,1.930656909942627,1.7261778116226196,2.04360294342041,2.1314754486083984,2.2889232635498047,2.0098674297332764,1.6974949836730957,1.508226752281189,1.1415964365005493,1.0487174987792969,0.7127669453620911,0.8157832026481628,0.794370174407959,0.7805376052856445,1.044911503791809,1.2378365993499756,1.2073923349380493,1.510570764541626,1.6359777450561523,1.6888173818588257,1.3365236520767212,1.2734756469726562,1.0972598791122437,0.9903956055641174,1.1278845071792603,1.11435866355896,1.4883226156234741,1.6923846006393433,1.8632824420928955,2.1516613960266113,2.171827554702759,2.1305601596832275,2.4883503913879395,2.634286642074585,1.6772806644439697,1.49406898021698,1.2312672138214111,1.3282887935638428,1.1199731826782227,1.4087618589401245,1.3772517442703247,1.5395559072494507,1.7813124656677246,1.7318474054336548,2.0897176265716553,2.1626346111297607,1.9672999382019043,2.2997398376464844,2.3119494915008545,1.6745455265045166,1.312098741531372,1.151692509651184,0.8196953535079956,0.6538202166557312,0.5507367253303528,0.5607129335403442,0.9269259572029114,1.1077334880828857,1.3837788105010986,1.6007349491119385,1.5783090591430664,1.6533286571502686,1.9925119876861572,2.2547457218170166
A4,0.8847594857215881,0.576885461807251,0.38540714979171753,0.0,0.37361279129981995,0.5981369614601135,0.9348756074905396,1.0755764245986938,1.4312281608581543,1.5769414901733398,1.8727465867996216,1.7041305303573608,1.5649412870407104,1.8944789171218872,2.044642686843872,2.075474977493286,1.8433481454849243,1.4959226846694946,1.3675079345703125,0.9978048801422119,0.98269122838974,0.7308537364006042,0.7269300222396851,0.818741500377655,0.690942108631134,1.0335520505905151,1.1758739948272705,1.0286643505096436,1.337717890739441,1.3997873067855835,1.4918203353881836,1.1822689771652222,1.0970953702926636,1.0371085405349731,0.9385527968406677,1.1922850608825684,1.2154306173324585,1.551328420639038,1.7982745170593262,1.9070305824279785,2.2333037853240967,2.25417423248291,2.147427558898926,2.506648302078247,2.602236032485962,1.8179364204406738,1.5633939504623413,1.32723867893219,1.32622230052948,1.0900300741195679,1.322773814201355,1.240954041481018,1.4765413999557495,1.677484154701233,1.6824705600738525,2.015824317932129,2.11669659614563,1.9843652248382568,2.3257791996002197,2.383321523666382,1.331092119216919,0.962470531463623,0.8091740608215332,0.5325478315353394,0.44165000319480896,0.5846097469329834,0.7367824912071228,1.0759928226470947,1.3446370363235474,1.5675042867660522,1.8380415439605713,1.7924778461456299,1.7958532571792603,2.150247812271118,2.379721164703369
A5,1.1832300424575806,0.8959749937057495,0.6024847030639648,0.37361279129981995,0.0,0.3795042335987091,0.6240678429603577,0.786154568195343,1.1368154287338257,1.258994460105896,1.576818823814392,1.4631038904190063,1.323653221130371,1.6776483058929443,1.8336809873580933,1.7164603471755981,1.4725403785705566,1.13093101978302,0.997311532497406,0.6282706260681152,0.6797880530357361,0.5349521040916443,0.6135129332542419,0.8547594547271729,0.8363630175590515,1.1946581602096558,1.2263386249542236,1.0567234754562378,1.4047582149505615,1.4894031286239624,1.426251769065857,1.1344239711761475,0.9341500401496887,0.8763577938079834,0.6752442717552185,0.9495217204093933,0.959479033946991,1.2522861957550049,1.5167473554611206,1.58676278591156,1.9298123121261597,1.9492477178573608,1.8101915121078491,2.1663732528686523,2.243023157119751,1.6196033954620361,1.3233615159988403,1.0806413888931274,1.0026980638504028,0.752702534198761,0.968614935874939,0.9195026159286499,1.1932015419006348,1.4202334880828857,1.487895131111145,1.8152692317962646,1.8722318410873413,1.7703150510787964,2.126194953918457,2.231609582901001,1.389782190322876,1.0627695322036743,0.8090562224388123,0.6594083309173584,0.4007013738155365,0.6503357887268066,0.7014487385749817,1.0101516246795654,1.2944414615631104,1.4351378679275513,1.7489150762557983,1.7456746101379395,1.6872419118881226,2.053313732147217,2.2361032962799072
A6,1.4688045978546143,1.1744911670684814,0.9250421524047852,0.5981369614601135,0.3795042335987091,0.0,0.3727435767650604,0.5400089621543884,0.8619757294654846,1.0752217769622803,1.3392345905303955,1.2024940252304077,1.1498780250549316,1.4964851140975952,1.7172034978866577,1.5632576942443848,1.3912965059280396,1.0190366506576538,0.9576553702354431,0.6521667242050171,0.7589281797409058,0.751629114151001,0.6649481654167175,0.9594904184341431,0.869546115398407,1.2272361516952515,1.188742756843567,0.9204142093658447,1.2448577880859375,1.2726813554763794,1.4674469232559204,1.2530491352081299,1.0313324928283691,1.1010507345199585,0.9141373038291931,1.2280454635620117,1.231465220451355,1.4600880146026611,1.7239272594451904,1.717880368232727,2.078381061553955,2.1211483478546143,1.9281816482543945,2.2682197093963623,2.286808490753174,1.7849029302597046,1.443705677986145,1.2754685878753662,1.127212405204773,0.9265190362930298,1.0639749765396118,0.9990156888961792,1.3420114517211914,1.521590232849121,1.6567771434783936,1.9425532817840576,2.010209083557129,1.974318504333496,2.327738046646118,2.4732983112335205,1.2211226224899292,0.9200367331504822,0.7102906107902527,0.736814558506012,0.6289868354797363,0.9724977016448975,1.074034333229065,1.3545525074005127,1.657312035560608,1.7660146951675415,2.0972015857696533,2.090607166290283,1.9949101209640503,2.3604772090911865,2.513577938079834
A7,1.7958850860595703,1.4989937543869019,1.223461389541626,0.9348756074905396,0.6240678429603577,0.3727435767650604,0.0,0.381681352853775,0.6050202250480652,0.8327689170837402,1.0961394309997559,1.055142879486084,1.0526494979858398,1.4069545269012451,1.6457902193069458,1.1921623945236206,1.0434656143188477,0.6667101979255676,0.6840648651123047,0.4914255440235138,0.7383944392204285,0.8912996649742126,0.8686826825141907,1.2157858610153198,1.1924079656600952,1.5328493118286133,1.4261016845703125,1.1585516929626465,1.473313808441162,1.501781940460205,1.4622472524642944,1.302348017692566,1.0028295516967773,1.111706018447876,0.8897482752799988,1.1933616399765015,1.2042288780212402,1.338983178138733,1.612685203552246,1.5456081628799438,1.914681315422058,1.9470734596252441,1.7033683061599731,2.024369478225708,2.0000839233398438,1.7770860195159912,1.4080153703689575,1.2592437267303467,1.009691596031189,0.8279463648796082,0.853633463382721,0.8075509667396545,1.1836320161819458,1.347467303276062,1.5573605298995972,1.8055565357208252,1.8363158702850342,1.8556822538375854,2.204944372177124,2.3998239040374756,1.3410108089447021,1.123650312423706,0.8648164868354797,0.9904833436012268,0.8351872563362122,1.1792941093444824,1.2354271411895752,1.4510893821716309,1.7540088891983032,1.785046935081482,2.1396994590759277,2.155924081802368,2.0019869804382324,2.36102294921875,2.461268424987793
A8,1.876261591911316,1.635876178741455,1.3249633312225342,1.0755764245986938,0.786154568195343,0.5400089621543884,0.381681352853775,0.0,0.367999792098999,0.5443397164344788,0.8050372004508972,0.7076284289360046,0.6739775538444519,1.0274693965911865,1.271929383277893,1.2428014278411865,1.0973656177520752,0.7689741849899292,0.6598145365715027,0.5456873178482056,0.6151065230369568,0.8369547128677368,0.7224605679512024,1.072877049446106,1.1024372577667236,1.3904845714569092,1.2000291347503662,0.9578966498374939,1.2592405080795288,1.3434410095214844,1.8424272537231445,1.666743278503418,1.366845726966858,1.4230552911758423,1.139651894569397,1.3683680295944214,1.2749688625335693,1.3954933881759644,1.5983693599700928,1.4822126626968384,1.8379383087158203,1.943601131439209,1.7170056104660034,2.0190067291259766,1.9863699674606323,1.5854524374008179,1.2053148746490479,1.1570323705673218,0.940205991268158,0.9031975865364075,1.0052577257156372,1.0829453468322754,1.4455654621124268,1.6544606685638428,1.8751088380813599,2.1317458152770996,2.118720293045044,2.1243698596954346,2.479861259460449,2.677682399749756,1.6262880563735962,1.3827139139175415,1.1825881004333496,1.2697657346725464,1.1080304384231567,1.4189445972442627,1.413133144378662,1.6738755702972412,1.9302393198013306,1.9649916887283325,2.3043086528778076,2.3704988956451416,2.2436983585357666,2.6043896675109863,2.705094337463379
A9,2.2437119483947754,1.9979397058486938,1.6912555694580078,1.4312281608581543,1.1368154287338257,0.8619757294654846,0.6050202250480652,0.367999792098999,0.0,0.3772658407688141,0.5069443583488464,0.5148047804832458,0.6483724117279053,0.9384350776672363,1.2295317649841309,1.0361829996109009,0.9893704652786255,0.7262711524963379,0.7203903794288635,0.7856162190437317,0.8967809677124023,1.1768580675125122,1.064146876335144,1.4020555019378662,1.4316930770874023,1.6915799379348755,1.4544838666915894,1.2035024166107178,1.4477859735488892,1.5022163391113281,2.0101380348205566,1.8895896673202515,1.5702396631240845,1.670434594154358,1.395566463470459,1.612663984298706,1.5231167078018188,1.5649789571762085,1.7494920492172241,1.5623602867126465,1.905517816543579,2.0219035148620605,1.7519053220748901,2.011536121368408,1.9152036905288696,1.759619116783142,1.3748259544372559,1.3852729797363281,1.1180269718170166,1.1329693794250488,1.1423356533050537,1.2320297956466675,1.592896580696106,1.7652208805084229,2.037275552749634,2.2488484382629395,2.2152645587921143,2.2748708724975586,2.616410493850708,2.8512942790985107,1.7765713930130005,1.594528079032898,1.4092519283294678,1.565237045288086,1.4239120483398438,1.749755620956421,1.7454065084457397,1.973820447921753,2.2313766479492188,2.223818778991699,2.5717873573303223,2.6480636596679688,2.486267328262329,2.837592363357544,2.89966082572937
A10,2.315739631652832,2.1106929779052734,1.7672513723373413,1.5769414901733398,1.258994460105896,1.0752217769622803,0.8327689170837402,0.5443397164344788,0.3772658407688141,0.0,0.3712645173072815,0.5106788873672485,0.48134738206863403,0.7596660256385803,0.9762542247772217,1.0271114110946655,0.9124199151992798,0.753491997718811,0.608203649520874,0.7800242900848389,0.8031303286552429,1.1411699056625366,1.0834170579910278,1.406624436378479,1.528524398803711,1.753604531288147,1.4826858043670654,1.3181838989257812,1.5712889432907104,1.7005659341812134,2.234815835952759,2.0822625160217285,1.7394073009490967,1.7685694694519043,1.441855788230896,1.5712419748306274,1.4125779867172241,1.402967095375061,1.5206540822982788,1.2899821996688843,1.607858657836914,1.770275592803955,1.5215630531311035,1.7574281692504883,1.669697880744934,1.4783204793930054,1.103856086730957,1.1821833848953247,0.9225531816482544,1.0568803548812866,1.0945730209350586,1.291258454322815,1.6103609800338745,1.8328450918197632,2.1066651344299316,2.328368663787842,2.2353501319885254,2.272705554962158,2.613304853439331,2.85091233253479,2.113001585006714,1.905451774597168,1.6899827718734741,1.790292739868164,1.5850363969802856,1.8605643510818481,1.7792785167694092,1.999581217765808,2.2051925659179688,2.167494535446167,2.49832820892334,2.6267988681793213,2.4740569591522217,2.8156509399414062,2.8626184463500977
A11,2.625119686126709,2.420058012008667,2.0896944999694824,1.8727465867996216,1.576818823814392,1.3392345905303955,1.0961394309997559,0.8050372004508972,0.5069443583488464,0.3712645173072815,0.0,0.37966760993003845,0.5693085193634033,0.678832471370697,0.9531800746917725,1.1036176681518555,1.10849928855896,1.0047976970672607,0.9492226243019104,1.138148546218872,1.1604939699172974,1.4823389053344727,1.368452787399292,1.667780876159668,1.7591246366500854,1.9518461227416992,1.645379900932312,1.4645582437515259,1.6507933139801025,1.7495067119598389,2.4850692749023438,2.368129253387451,2.0307834148406982,2.099968194961548,1.7907062768936157,1.9351085424423218,1.7819329500198364,1.752730131149292,1.851232886314392,1.586249828338623,1.874866008758545,2.0557565689086914,1.791953206062317,1.9830174446105957,1.8429383039474487,1.7532345056533813,1.3987276554107666,1.5284408330917358,1.2820241451263428,1.42513108253479,1.4316320419311523,1.6049326658248901,1.9290783405303955,2.1184396743774414,2.414731979370117,2.6089026927948,2.518927574157715,2.5899598598480225,2.9207422733306885,3.175879716873169,2.265504837036133,2.090837001800537,1.9160629510879517,2.0600998401641846,1.895512342453003,2.194859504699707,2.1367762088775635,2.3609447479248047,2.5748450756073,2.534078359603882,2.86665415763855,2.9931793212890625,2.830446481704712,3.169525384902954,3.202766180038452
A12,2.427858352661133,2.242039918899536,1.930656909942627,1.7041305303573608,1.4631038904190063,1.2024940252304077,1.055142879486084,0.7076284289360046,0.5148047804832458,0.5106788873672485,0.37966760993003845,0.0,0.38048750162124634,0.49126431345939636,0.8398995399475098,1.4094663858413696,1.3808798789978027,1.1899816989898682,1.089926838874817,1.1609922647476196,1.1115062236785889,1.3697032928466797,1.168174386024475,1.429211974143982,1.4850915670394897,1.6460232734680176,1.3270256519317627,1.1359093189239502,1.2869869470596313,1.3889529705047607,2.4975883960723877,2.3570635318756104,2.051105499267578,2.118715763092041,1.8158557415008545,1.9886457920074463,1.8238030672073364,1.8714739084243774,1.9762372970581055,1.758743405342102,2.0586721897125244,2.2545254230499268,2.0240495204925537,2.2497451305389404,2.150343179702759,1.7499916553497314,1.3981767892837524,1.5340428352355957,1.352859616279602,1.4759291410446167,1.558597445487976,1.705815315246582,2.054070472717285,2.2571170330047607,2.520354986190796,2.7464382648468018,2.6922614574432373,2.730940341949463,3.0772716999053955,3.303921699523926,2.1413955688476562,1.9337307214736938,1.8096275329589844,1.931432843208313,1.805552363395691,2.1092584133148193,2.0752272605895996,2.3475966453552246,2.5675268173217773,2.5818209648132324,2.907231569290161,3.0189645290374756,2.8934221267700195,3.246655225753784,3.3209710121154785
A13,2.2075626850128174,2.0620481967926025,1.7261778116226196,1.5649412870407104,1.323653221130371,1.1498780250549316,1.0526494979858398,0.6739775538444519,0.6483724117279053,0.48134738206863403,0.5693085193634033,0.38048750162124634,0.0,0.3684616982936859,0.6070654988288879,1.5069096088409424,1.3809772729873657,1.1934126615524292,0.9756153225898743,1.0126433372497559,0.8549474477767944,1.105362892150879,0.9298257231712341,1.1690844297409058,1.3066811561584473,1.4473707675933838,1.1210684776306152,1.0202840566635132,1.2210819721221924,1.4120509624481201,2.5107781887054443,2.3192098140716553,2.010806083679199,2.009026050567627,1.6729583740234375,1.790482521057129,1.5737072229385376,1.6402919292449951,1.704540491104126,1.5111335515975952,1.7974328994750977,2.0210161209106445,1.840870976448059,2.0800726413726807,2.0347962379455566,1.3827600479125977,1.042183518409729,1.2120498418807983,1.094115972518921,1.2736153602600098,1.4299708604812622,1.6312094926834106,1.9531164169311523,2.206611394882202,2.439570188522339,2.69882869720459,2.621305465698242,2.6116950511932373,2.965045213699341,3.1680099964141846,2.2434403896331787,1.9856531620025635,1.8312724828720093,1.879219889640808,1.702658772468567,1.956608772277832,1.8676780462265015,2.1529901027679443,2.331462860107422,2.3547682762145996,2.658186197280884,2.7994191646575928,2.7057666778564453,3.056243419647217,3.1465678215026855
A14,2.487746238708496,2.372019052505493,2.04360294342041,1.8944789171218872,1.6776483058929443,1.4964851140975952,1.4069545269012451,1.0274693965911865,0.9384350776672363,0.7596660256385803,0.678832471370697,0.49126431345939636,0.3684616982936859,0.0,0.3644171953201294,1.7375911474227905,1.651376485824585,1.5099166631698608,1.3048326969146729,1.3755327463150024,1.197770118713379,1.4291470050811768,1.2304151058197021,1.4064940214157104,1.5465751886367798,1.6164811849594116,1.2524771690368652,1.2023060321807861,1.312671184539795,1.515238642692566,2.8687901496887207,2.684061288833618,2.3767032623291016,2.3766727447509766,2.0370421409606934,2.136337995529175,1.8970091342926025,1.9428493976593018,1.9607596397399902,1.7397888898849487,1.9825294017791748,2.245994806289673,2.0803585052490234,2.2803828716278076,2.2161478996276855,1.52455735206604,1.2382444143295288,1.4812941551208496,1.3992897272109985,1.6190102100372314,1.77152681350708,1.9876282215118408,2.303302049636841,2.55623459815979,2.798295736312866,3.050659418106079,2.959561824798584,2.955842971801758,3.305394411087036,3.513843059539795,2.544511318206787,2.293731927871704,2.1680798530578613,2.2221438884735107,2.0606720447540283,2.3100924491882324,2.21346378326416,2.505131721496582,2.6656482219696045,2.687462091445923,2.97833251953125,3.137939214706421,3.052480459213257,3.398625612258911,3.483351230621338
A15,2.54148268699646,2.471820116043091,2.1314754486083984,2.044642686843872,1.8336809873580933,1.7172034978866577,1.6457902193069458,1.271929383277893,1.2295317649841309,0.9762542247772217,0.9531800746917725,0.8398995399475098,0.6070654988288879,0.3644171953201294,0.0,1.9330958127975464,1.8025002479553223,1.7010048627853394,1.4384056329727173,1.5162757635116577,1.2768044471740723,1.488684058189392,1.3341959714889526,1.456518530845642,1.664446234703064,1.6878316402435303,1.3253706693649292,1.3748995065689087,1.4842829704284668,1.742277979850769,3.0902810096740723,2.877354145050049,2.5662519931793213,2.515922784805298,2.1557302474975586,2.1934704780578613,1.9087936878204346,1.940619707107544,1.8914216756820679,1.6742093563079834,1.8627934455871582,2.167691707611084,2.055642604827881,2.2316436767578125,2.199775218963623,1.326103925704956,1.112394094467163,1.4242137670516968,1.4129775762557983,1.6927775144577026,1.879302978515625,2.1405367851257324,2.4215664863586426,2.705803632736206,2.9316203594207764,3.1973037719726562,3.075207471847534,3.0418295860290527,3.3875277042388916,3.5827295780181885,2.833036184310913,2.558894634246826,2.4152631759643555,2.4250049591064453,2.2289295196533203,2.432873249053955,2.2859702110290527,2.5739309787750244,2.6855461597442627,2.701317071914673,2.962519407272339,3.1589996814727783,3.098015069961548,3.431874990463257,3.5173087120056152
B1,2.878948211669922,2.593463182449341,2.2889232635498047,2.075474977493286,1.7164603471755981,1.5632576942443848,1.1921623945236206,1.2428014278411865,1.0361829996109009,1.0271114110946655,1.1036176681518555,1.4094663858413696,1.5069096088409424,1.7375911474227905,1.9330958127975464,0.0,0.38486403226852417,0.5918512344360352,0.8807742595672607,1.1825700998306274,1.4689700603485107,1.7933605909347534,1.8760398626327515,2.236325979232788,2.316579818725586,2.618497371673584,2.418158531188965,2.1960556507110596,2.4723453521728516,2.514967441558838,1.984118938446045,1.9710348844528198,1.6115949153900146,1.730718970298767,1.5244977474212646,1.6528948545455933,1.6717064380645752,1.4972131252288818,1.6977920532226562,1.4533308744430542,1.7362895011901855,1.7162365913391113,1.3416318893432617,1.4902101755142212,1.2687698602676392,2.136441230773926,1.8003565073013306,1.739344596862793,1.3584872484207153,1.336659550666809,1.056396484375,1.1264421939849854,1.3299709558486938,1.380219578742981,1.7437899112701416,1.808210849761963,1.6815158128738403,1.8763409852981567,2.1376450061798096,2.459179162979126,2.200218439102173,2.1421267986297607,1.8573718070983887,2.0567963123321533,1.8537416458129883,2.1224286556243896,2.0815927982330322,2.130150318145752,2.3670036792755127,2.2018282413482666,2.55202579498291,2.6334424018859863,2.354733943939209,2.6379525661468506,2.566756010055542
B2,2.5952112674713135,2.3302550315856934,2.0098674297332764,1.8433481454849243,1.4725403785705566,1.3912965059280396,1.0434656143188477,1.0973656177520752,0.9893704652786255,0.9124199151992798,1.10849928855896,1.3808798789978027,1.3809772729873657,1.651376485824585,1.8025002479553223,0.38486403226852417,0.0,0.3784281611442566,0.5756994485855103,0.8959351181983948,1.175732135772705,1.495123028755188,1.633554220199585,1.9851951599121094,2.1039798259735107,2.4058403968811035,2.2247467041015625,2.0414581298828125,2.3485779762268066,2.4325525760650635,1.8798075914382935,1.8017176389694214,1.4271005392074585,1.4708768129348755,1.2224845886230469,1.3017864227294922,1.2993407249450684,1.1131117343902588,1.318610429763794,1.0951818227767944,1.3990691900253296,1.3726716041564941,1.009505033493042,1.2164955139160156,1.068345308303833,1.8045976161956787,1.4806879758834839,1.3860870599746704,1.0036455392837524,0.9863007068634033,0.7061980366706848,0.8578140139579773,1.0463839769363403,1.1806628704071045,1.5208086967468262,1.6426066160202026,1.4850356578826904,1.6178743839263916,1.9065570831298828,2.2073419094085693,2.176175355911255,2.063281536102295,1.746429681777954,1.880459189414978,1.6251131296157837,1.8529667854309082,1.7656973600387573,1.8097928762435913,2.019881010055542,1.8493378162384033,2.1943206787109375,2.299462080001831,2.0387308597564697,2.3295178413391113,2.2762346267700195
B3,2.287445545196533,2.0075454711914062,1.6974949836730957,1.4959226846694946,1.13093101978302,1.0190366506576538,0.6667101979255676,0.7689741849899292,0.7262711524963379,0.753491997718811,1.0047976970672607,1.1899816989898682,1.1934126615524292,1.5099166631698608,1.7010048627853394,0.5918512344360352,0.3784281611442566,0.0,0.3831425905227661,0.6021117568016052,0.9284685850143433,1.2231359481811523,1.328166127204895,1.687934160232544,1.7682905197143555,2.0853469371795654,1.925572395324707,1.714909315109253,2.027381420135498,2.0935163497924805,1.643984079360962,1.5417823791503906,1.1701055765151978,1.2431174516677856,0.9886412024497986,1.1591625213623047,1.1703547239303589,1.0984749794006348,1.354839563369751,1.191420555114746,1.5414419174194336,1.5348700284957886,1.2127121686935425,1.4839587211608887,1.395172357559204,1.746599555015564,1.3898451328277588,1.2635771036148071,0.8913419842720032,0.7951527237892151,0.5748346447944641,0.6596114635467529,0.9630075693130493,1.1172088384628296,1.4312649965286255,1.606081485748291,1.5228211879730225,1.6179786920547485,1.940692663192749,2.2085671424865723,1.8347910642623901,1.6989556550979614,1.390013575553894,1.5281147956848145,1.2928303480148315,1.558301568031311,1.5134005546569824,1.6082680225372314,1.8604193925857544,1.7539666891098022,2.114954710006714,2.186661720275879,1.954040765762329,2.2774741649627686,2.280177354812622
B4,2.087111473083496,1.854404091835022,1.508226752281189,1.3675079345703125,0.997311532497406,0.9576553702354431,0.6840648651123047,0.6598145365715027,0.7203903794288635,0.608203649520874,0.9492226243019104,1.089926838874817,0.9756153225898743,1.3048326969146729,1.4384056329727173,0.8807742595672607,0.5756994485855103,0.3831425905227661,0.0,0.37245696783065796,0.6007996797561646,0.9319838881492615,1.0702126026153564,1.4149961471557617,1.5604323148727417,1.8504363298416138,1.6789491176605225,1.5304678678512573,1.8578553199768066,1.986112117767334,1.8244322538375854,1.647326111793518,1.2825520038604736,1.2527676820755005,0.9160439372062683,1.0087461471557617,0.9099958539009094,0.8645340204238892,1.073907494544983,0.91367506980896,1.2774428129196167,1.3326833248138428,1.069191336631775,1.370557188987732,1.3484410047531128,1.3662312030792236,1.0071172714233398,0.8960514664649963,0.5285631418228149,0.5375792384147644,0.489124059677124,0.7387215495109558,1.018100619316101,1.2745068073272705,1.533669352531433,1.7686153650283813,1.6551729440689087,1.6692790985107422,2.0120716094970703,2.2451798915863037,1.987355351448059,1.7820733785629272,1.4772565364837646,1.530130386352539,1.2451581954956055,1.4653674364089966,1.3474291563034058,1.4892454147338867,1.6929302215576172,1.6074950695037842,1.9508453607559204,2.0709285736083984,1.888875126838684,2.222485065460205,2.2566864490509033
B5,1.7250338792800903,1.4838709831237793,1.1415964365005493,0.9978048801422119,0.6282706260681152,0.6521667242050171,0.4914255440235138,0.5456873178482056,0.7856162190437317,0.7800242900848389,1.138148546218872,1.1609922647476196,1.0126433372497559,1.3755327463150024,1.5162757635116577,1.1825700998306274,0.8959351181983948,0.6021117568016052,0.37245696783065796,0.0,0.3810790181159973,0.6234236359596252,0.7828768491744995,1.1258785724639893,1.2453949451446533,1.559281349182129,1.4439139366149902,1.2918363809585571,1.6413445472717285,1.7668787240982056,1.6352635622024536,1.4086319208145142,1.0741348266601562,1.0181708335876465,0.672318160533905,0.8372118473052979,0.7582625150680542,0.8736649751663208,1.125543475151062,1.0782326459884644,1.4447047710418701,1.486275553703308,1.283455729484558,1.6208733320236206,1.654787302017212,1.3484125137329102,0.9946199059486389,0.8016186952590942,0.5270240902900696,0.3659447729587555,0.5066449642181396,0.658519446849823,0.970025360584259,1.2454636096954346,1.4381316900253296,1.7237956523895264,1.6695623397827148,1.6292202472686768,1.989668846130371,2.176384449005127,1.7519330978393555,1.5027284622192383,1.2001409530639648,1.196669578552246,0.9008181095123291,1.1223902702331543,1.0257248878479004,1.222978115081787,1.4548094272613525,1.4425278902053833,1.787163496017456,1.8734877109527588,1.7328462600708008,2.0878005027770996,2.1793861389160156
B6,1.5885710716247559,1.420544147491455,1.0487174987792969,0.98269122838974,0.6797880530357361,0.7589281797409058,0.7383944392204285,0.6151065230369568,0.8967809677124023,0.8031303286552429,1.1604939699172974,1.1115062236785889,0.8549474477767944,1.197770118713379,1.2768044471740723,1.4689700603485107,1.175732135772705,0.9284685850143433,0.6007996797561646,0.3810790181159973,0.0,0.36680442094802856,0.5272926092147827,0.8363524079322815,1.0431580543518066,1.3041300773620605,1.1652017831802368,1.0986895561218262,1.4467523097991943,1.6413047313690186,1.9384180307388306,1.6720830202102661,1.373982548713684,1.2573577165603638,0.8964510560035706,0.9684305191040039,0.7554543614387512,0.9334276914596558,1.0844871997833252,1.0550929307937622,1.3915060758590698,1.5110622644424438,1.383239507675171,1.711889386177063,1.7840739488601685,1.0470800399780273,0.6937927603721619,0.5559197068214417,0.4492925703525543,0.49543148279190063,0.7971491813659668,1.0048238039016724,1.2674509286880493,1.5782150030136108,1.7300803661346436,2.04160475730896,1.971260905265808,1.8805556297302246,2.242255687713623,2.3959102630615234,1.963550329208374,1.6641401052474976,1.4072942733764648,1.3335193395614624,1.0411274433135986,1.2031364440917969,1.0439022779464722,1.3111823797225952,1.4771060943603516,1.5122963190078735,1.8166745901107788,1.9463064670562744,1.872230052947998,2.2251808643341064,2.348381280899048
B7,1.2273215055465698,1.0890247821807861,0.7127669453620911,0.7308537364006042,0.5349521040916443,0.751629114151001,0.8912996649742126,0.8369547128677368,1.1768580675125122,1.1411699056625366,1.4823389053344727,1.3697032928466797,1.105362892150879,1.4291470050811768,1.488684058189392,1.7933605909347534,1.495123028755188,1.2231359481811523,0.9319838881492615,0.6234236359596252,0.36680442094802856,0.0,0.3771815598011017,0.5876894593238831,0.8057242035865784,1.068840503692627,1.0275977849960327,1.0102254152297974,1.36384916305542,1.5690696239471436,1.9049837589263916,1.5946617126464844,1.3598878383636475,1.1967370510101318,0.8805274963378906,0.9517396092414856,0.7573585510253906,1.056704044342041,1.2087348699569702,1.279317021369934,1.5874348878860474,1.6862095594406128,1.6154656410217285,1.957707405090332,2.073550224304199,1.1030778884887695,0.8326510190963745,0.6271227598190308,0.6974017024040222,0.6413565278053284,0.9958212971687317,1.1331441402435303,1.3600879907608032,1.6718066930770874,1.75079345703125,2.0934667587280273,2.0614655017852783,1.9177320003509521,2.2780144214630127,2.3792619705200195,1.9086400270462036,1.570082664489746,1.3397159576416016,1.172863245010376,0.88767009973526,0.9760577082633972,0.8084127902984619,1.139243721961975,1.2900056838989258,1.4108628034591675,1.6848692893981934,1.790348768234253,1.7790862321853638,2.1340441703796387,2.310903310775757
B8,1.2788392305374146,1.1467353105545044,0.8157832026481628,0.7269300222396851,0.6135129332542419,0.6649481654167175,0.8686826825141907,0.7224605679512024,1.064146876335144,1.0834170579910278,1.368452787399292,1.168174386024475,0.9298257231712341,1.2304151058197021,1.3341959714889526,1.8760398626327515,1.633554220199585,1.328166127204895,1.0702126026153564,0.7828768491744995,0.5272926092147827,0.3771815598011017,0.0,0.3635784983634949,0.522996187210083,0.7857521176338196,0.6904993057250977,0.6348505616188049,0.9890779852867126,1.2018965482711792,2.0317344665527344,1.7479132413864136,1.5304268598556519,1.443888545036316,1.158294439315796,1.3003872632980347,1.126204013824463,1.39833402633667,1.539047360420227,1.5539122819900513,1.8660138845443726,2.0015130043029785,1.9031654596328735,2.233452796936035,2.3097052574157715,1.2838042974472046,0.9959689974784851,0.9160630702972412,0.9596059322357178,0.9414427280426025,1.2515687942504883,1.3578838109970093,1.6411614418029785,1.921054720878601,2.0245351791381836,2.354578971862793,2.350121021270752,2.2376952171325684,2.6007206439971924,2.712083578109741,1.8205703496932983,1.4694527387619019,1.3131046295166016,1.1868538856506348,1.0004591941833496,1.1655954122543335,1.0932719707489014,1.4503405094146729,1.6291266679763794,1.7742691040039062,2.047799825668335,2.131218194961548,2.1224844455718994,2.4821252822875977,2.6641671657562256
B9,1.1002572774887085,1.0716912746429443,0.794370174407959,0.818741500377655,0.8547594547271729,0.9594904184341431,1.2157858610153198,1.072877049446106,1.4020555019378662,1.406624436378479,1.667780876159668,1.429211974143982,1.1690844297409058,1.4064940214157104,1.456518530845642,2.236325979232788,1.9851951599121094,1.687934160232544,1.4149961471557617,1.1258785724639893,0.8363524079322815,0.5876894593238831,0.3635784983634949,0.0,0.36923152208328247,0.49748390913009644,0.5040014386177063,0.6266951560974121,0.9163556694984436,1.1796033382415771,2.261479377746582,1.9539536237716675,1.7847042083740234,1.6646928787231445,1.408215880393982,1.5117311477661133,1.3191587924957275,1.6261554956436157,1.7250293493270874,1.7812550067901611,2.0578713417053223,2.2110371589660645,2.162977933883667,2.489664316177368,2.595911741256714,1.3281728029251099,1.1266658306121826,1.0735194683074951,1.2224323749542236,1.224294662475586,1.5647857189178467,1.6694837808609009,1.9218910932540894,2.210012674331665,2.2717247009277344,2.617734432220459,2.6217799186706543,2.4721968173980713,2.8295257091522217,2.9036176204681396,2.0031538009643555,1.6284894943237305,1.5241862535476685,1.3346503973007202,1.1876434087753296,1.2733932733535767,1.191796064376831,1.5698870420455933,1.6989660263061523,1.8982330560684204,2.124567747116089,2.210444211959839,2.261979341506958,2.6101694107055664,2.8266310691833496
B10,1.047278642654419,0.9655687212944031,0.7805376052856445,0.690942108631134,0.8363630175590515,0.869546115398407,1.1924079656600952,1.1024372577667236,1.4316930770874023,1.528524398803711,1.7591246366500854,1.4850915670394897,1.3066811561584473,1.5465751886367798,1.664446234703064,2.316579818725586,2.1039798259735107,1.7682905197143555,1.5604323148727417,1.2453949451446533,1.0431580543518066,0.8057242035865784,0.522996187210083,0.36923152208328247,0.0,0.3684981167316437,0.511866569519043,0.4738408327102661,0.737859308719635,0.9190738201141357,2.1448960304260254,1.8599789142608643,1.7361366748809814,1.6776217222213745,1.4813823699951172,1.6628777980804443,1.539397954940796,1.85835599899292,2.0075957775115967,2.059971332550049,2.361436605453491,2.487891912460327,2.4058032035827637,2.7432191371917725,2.8267598152160645,1.6889442205429077,1.4605696201324463,1.381131887435913,1.4684622287750244,1.4005213975906372,1.7008978128433228,1.7330011129379272,2.010869026184082,2.2556729316711426,2.310286521911621,2.645568609237671,2.6996655464172363,2.57031512260437,2.9250853061676025,2.995894432067871,1.7395206689834595,1.3608994483947754,1.3285068273544312,1.1517419815063477,1.1092413663864136,1.2401472330093384,1.2681618928909302,1.6492493152618408,1.83267080783844,2.0582997798919678,2.29813551902771,2.327770233154297,2.3712048530578613,2.72432804107666,2.953122138977051
B11,1.1497957706451416,1.1801681518554688,1.044911503791809,1.0335520505905151,1.1946581602096558,1.2272361516952515,1.5328493118286133,1.3904845714569092,1.6915799379348755,1.753604531288147,1.9518461227416992,1.6460232734680176,1.4473707675933838,1.6164811849594116,1.6878316402435303,2.618497371673584,2.4058403968811035,2.0853469371795654,1.8504363298416138,1.559281349182129,1.3041300773620605,1.068840503692627,0.7857521176338196,0.49748390913009644,0.3684981167316437,0.0,0.379207044839859,0.5651560425758362,0.6664635539054871,0.9171651005744934,2.502473831176758,2.21237850189209,2.099504232406616,2.0228779315948486,1.8187987804412842,1.962843894958496,1.8008776903152466,2.118584156036377,2.2210588455200195,2.273557662963867,2.546330213546753,2.707923650741577,2.656087636947632,2.9815306663513184,3.075197219848633,1.7584296464920044,1.585526466369629,1.5668708086013794,1.7114884853363037,1.6972681283950806,2.0192136764526367,2.0807642936706543,2.3498952388763428,2.6089909076690674,2.656644582748413,2.998412609100342,3.041921854019165,2.8965251445770264,3.250136137008667,3.3072128295898438,2.047985076904297,1.6726542711257935,1.678808331489563,1.493611454963684,1.463902473449707,1.5546762943267822,1.5543148517608643,1.938023567199707,2.0766806602478027,2.3192970752716064,2.526620388031006,2.5762646198272705,2.65509295463562,2.9988765716552734,3.2405660152435303
B12,1.461780309677124,1.4505488872528076,1.2378365993499756,1.1758739948272705,1.2263386249542236,1.188742756843567,1.4261016845703125,1.2000291347503662,1.4544838666915894,1.4826858043670654,1.645379900932312,1.3270256519317627,1.1210684776306152,1.2524771690368652,1.3253706693649292,2.418158531188965,2.2247467041015625,1.925572395324707,1.6789491176605225,1.4439139366149902,1.1652017831802368,1.0275977849960327,0.6904993057250977,0.5040014386177063,0.511866569519043,0.379207044839859,0.0,0.38124024868011475,0.4956294596195221,0.833747148513794,2.589878797531128,2.318540334701538,2.149519205093384,2.090132474899292,1.8359320163726807,1.9736289978027344,1.7741438150405884,2.044379711151123,2.1239213943481445,2.1183083057403564,2.3901655673980713,2.586711883544922,2.514268398284912,2.8204917907714844,2.885794162750244,1.6035197973251343,1.4004247188568115,1.4569854736328125,1.572202205657959,1.6215113401412964,1.9300453662872314,2.035083770751953,2.329591751098633,2.5986509323120117,2.6958181858062744,3.026007890701294,3.037554979324341,2.9210762977600098,3.282655715942383,3.376821994781494,2.132474422454834,1.774846076965332,1.7524213790893555,1.6307533979415894,1.5624141693115234,1.7088412046432495,1.6760157346725464,2.0557637214660645,2.201310157775879,2.3948609828948975,2.627202272415161,2.711702823638916,2.75359845161438,3.1059415340423584,3.3146567344665527
B13,1.5204815864562988,1.4145385026931763,1.2073923349380493,1.0286643505096436,1.0567234754562378,0.9204142093658447,1.1585516929626465,0.9578966498374939,1.2035024166107178,1.3181838989257812,1.4645582437515259,1.1359093189239502,1.0202840566635132,1.2023060321807861,1.3748995065689087,2.1960556507110596,2.0414581298828125,1.714909315109253,1.5304678678512573,1.2918363809585571,1.0986895561218262,1.0102254152297974,0.6348505616188049,0.6266951560974121,0.4738408327102661,0.5651560425758362,0.38124024868011475,0.0,0.3623112738132477,0.5876002311706543,2.3345680236816406,2.098797559738159,1.928240180015564,1.9315675497055054,1.7006840705871582,1.9047480821609497,1.7575891017913818,2.0158472061157227,2.151312828063965,2.1220645904541016,2.431196689605713,2.5968263149261475,2.472017288208008,2.7864742279052734,2.8173556327819824,1.7708595991134644,1.4994072914123535,1.51503324508667,1.540112853050232,1.5348830223083496,1.7935940027236938,1.8508493900299072,2.1772918701171875,2.4096288681030273,2.5294108390808105,2.8391237258911133,2.877007484436035,2.798647165298462,3.160344362258911,3.2766592502593994,1.8010571002960205,1.4628533124923706,1.4593496322631836,1.4016095399856567,1.3774170875549316,1.5963681936264038,1.6274456977844238,1.9967622756958008,2.2020628452301025,2.379567861557007,2.649174928665161,2.699420928955078,2.6987476348876953,3.061044216156006,3.2548108100891113
