,A1,A2,A3,A4,A5,A6,A7,A8,A9,A10,A11,A12,A13,A14,A15,B1,B2,B3,B4,B5,B6,B7,B8,B9,B10,B11,B12,B13,B14,B15,C1,C2,C3,C4,C5,C6,C7,C8,C9,C10,C11,C12,C13,C14,C15,D1,D2,D3,D4,D5,D6,D7,D8,D9,D10,D11,D12,D13,D14,D15,E1,E2,E3,E4,E5,E6,E7,E8,E9,E10,E11,E12,E13,E14,E15
A1,0.0,0.3685546815395355,0.5872828960418701,0.8966301083564758,1.212080478668213,1.4983073472976685,1.8334554433822632,1.9403287172317505,2.2949016094207764,2.4078547954559326,2.7314553260803223,2.5954763889312744,2.4460289478302,2.7606372833251953,2.8349742889404297,2.9872584342956543,2.6949119567871094,2.4300246238708496,2.2855594158172607,1.9622517824172974,1.9787017107009888,1.7089953422546387,1.8621231317520142,1.8624247312545776,1.7956467866897583,1.9432063102722168,2.2499468326568604,2.1907801628112793,2.4118127822875977,2.360971450805664,1.83353853225708,1.5370938777923584,1.5520604848861694,1.2043180465698242,1.2887741327285767,1.1017166376113892,1.274139642715454,1.5060433149337769,1.6616899967193604,1.9905344247817993,2.1512672901153564,2.0145673751831055,2.100857734680176,2.4195351600646973,2.666541337966919,2.17299222946167,2.1501402854919434,1.791178584098816,1.8703069686889648,1.6246516704559326,1.7513725757598877,1.685134768486023,1.5117164850234985,1.655197262763977,1.3745434284210205,1.6502867937088013,1.7154582738876343,1.379092812538147,1.486169695854187,1.226893424987793,2.8643267154693604,2.590775966644287,2.291774272918701,2.036106824874878,1.6700303554534912,1.4654256105422974,1.1082463264465332,1.0749388933181763,0.869546115398407,0.8515041470527649,0.8390195965766907,1.1784117221832275,1.2853044271469116,1.4858014583587646,1.569249153137207
A2,0.3685546815395355,0.0,0.37601134181022644,0.6046781539916992,0.932083010673523,1.2197824716567993,1.5526542663574219,1.7113497257232666,2.0628256797790527,2.204953670501709,2.526280164718628,2.4207046031951904,2.3009560108184814,2.637777328491211,2.7290492057800293,2.6541125774383545,2.3724162578582764,2.1083004474639893,1.9980677366256714,1.6866909265518188,1.7588043212890625,1.535284399986267,1.7089343070983887,1.7807049751281738,1.7227076292037964,1.9334478378295898,2.1997222900390625,2.1050500869750977,2.3585267066955566,2.3056209087371826,1.5236655473709106,1.2314707040786743,1.2068209648132324,0.8512822389602661,0.9552518725395203,0.7975454926490784,1.038525104522705,1.2510367631912231,1.464452862739563,1.7620353698730469,1.9629555940628052,1.8124971389770508,1.8444457054138184,2.169529914855957,2.387986660003662,2.0578038692474365,1.9815187454223633,1.6094831228256226,1.6213812828063965,1.3421038389205933,1.4228297472000122,1.3300729990005493,1.1493738889694214,1.2913308143615723,1.026138424873352,1.3261094093322754,1.396048665046692,1.0790568590164185,1.2484718561172485,1.0622178316116333,2.579888105392456,2.3227217197418213,2.013373374938965,1.7950836420059204,1.4190424680709839,1.2818245887756348,0.9487699270248413,0.9469873309135437,0.8623679876327515,0.8070250153541565,0.9414302110671997,1.2470303773880005,1.2551246881484985,1.4953263998031616,1.5251500606536865
A3,0.5872828960418701,0.37601134181022644,0.0,0.3883432447910309,0.6364551186561584,0.9576725959777832,1.2704908847808838,1.392337441444397,1.7509974241256714,1.8613464832305908,2.1930079460144043,2.096830368041992,1.9534627199172974,2.2890377044677734,2.364504814147949,2.4551618099212646,2.1759226322174072,1.8847177028656006,1.7423484325408936,1.4030768871307373,1.4355792999267578,1.188190221786499,1.3377783298492432,1.410476565361023,1.3551547527313232,1.5826396942138672,1.8337507247924805,1.742069959640503,2.010270357131958,1.9841734170913696,1.536673903465271,1.198380470275879,1.119823932647705,0.7522068619728088,0.7490784525871277,0.6177201867103577,0.8177332282066345,1.1110725402832031,1.3423875570297241,1.6224075555801392,1.8555305004119873,1.7715474367141724,1.7839277982711792,2.131592273712158,2.3193349838256836,1.801134705543518,1.7022600173950195,1.3383790254592896,1.3676807880401611,1.0869433879852295,1.2381434440612793,1.1846768856048584,1.102657437324524,1.3188656568527222,1.140741229057312,1.4835439920425415,1.5495874881744385,1.2648674249649048,1.504664421081543,1.3810091018676758,2.277885913848877,2.004260540008545,1.7056955099105835,1.4545897245407104,1.0851675271987915,0.9143393039703369,0.5753441452980042,0.6351089477539062,0.6343092918395996,0.7083982825279236,0.9207559823989868,1.1383898258209229,1.1511766910552979,1.4550892114639282,1.5416805744171143
A4,0.8966301083564758,0.6046781539916992,0.3883432447910309,0.0,0.3684038817882538,0.6152750849723816,0.953363299369812,1.1224720478057861,1.467276692390442,1.6356618404388428,1.945259928703308,1.856260895729065,1.7708723545074463,2.1231865882873535,2.245500326156616,2.237440586090088,1.9973878860473633,1.6817859411239624,1.6064058542251587,1.2711538076400757,1.3755539655685425,1.189937949180603,1.2950352430343628,1.4415339231491089,1.3418810367584229,1.6272251605987549,1.8266236782073975,1.6644920110702515,1.9370696544647217,1.872044324874878,1.1909568309783936,0.8401376008987427,0.7554783821105957,0.4278416037559509,0.5153977274894714,0.6025891900062561,0.8892419934272766,1.1564650535583496,1.458290457725525,1.6734907627105713,1.958284616470337,1.8720754384994507,1.805486798286438,2.152566909790039,2.28482723236084,1.9299386739730835,1.758844017982483,1.40419340133667,1.3354642391204834,0.9927555322647095,1.0713634490966797,0.9308089017868042,0.9086465835571289,1.090919017791748,0.961639404296875,1.3017759323120117,1.4267733097076416,1.2193719148635864,1.5053110122680664,1.4513691663742065,2.0171725749969482,1.783959150314331,1.450191617012024,1.2593302726745605,0.8841397166252136,0.8016449809074402,0.5623173117637634,0.5462918281555176,0.7049387693405151,0.6781850457191467,0.9986932277679443,1.1493319272994995,1.0399340391159058,1.3558858633041382,1.3866957426071167
A5,1.212080478668213,0.932083010673523,0.6364551186561584,0.3684038817882538,0.0,0.37442800402641296,0.6419079899787903,0.823239803314209,1.1702526807785034,1.3171519041061401,1.6383286714553833,1.5962724685668945,1.5045955181121826,1.865002989768982,1.972306251525879,1.949230432510376,1.7195252180099487,1.3817543983459473,1.294877052307129,0.9473847150802612,1.05478835105896,0.9087955951690674,0.9945341944694519,1.2054153680801392,1.1342602968215942,1.4635120630264282,1.6015701293945312,1.429692029953003,1.7356218099594116,1.7102766036987305,1.2697745561599731,0.9300254583358765,0.7365703582763672,0.49418503046035767,0.3561565577983856,0.5708426237106323,0.7769378423690796,1.0541870594024658,1.369397759437561,1.52699875831604,1.8431692123413086,1.813374638557434,1.708412528038025,2.0591044425964355,2.145443916320801,1.7289142608642578,1.5098174810409546,1.183945894241333,1.0787750482559204,0.7317101359367371,0.8508077263832092,0.7589201927185059,0.8762893080711365,1.1198899745941162,1.1110783815383911,1.4545178413391113,1.548187494277954,1.3876949548721313,1.7154699563980103,1.7215651273727417,1.6619293689727783,1.417712688446045,1.091035008430481,0.8941552042961121,0.5187875628471375,0.5210865139961243,0.4440935254096985,0.5645419955253601,0.861116886138916,0.9287958145141602,1.2652661800384521,1.3336297273635864,1.2123844623565674,1.5546057224273682,1.6071921586990356
A6,1.4983073472976685,1.2197824716567993,0.9576725959777832,0.6152750849723816,0.37442800402641296,0.0,0.3591562807559967,0.5694583654403687,0.8812313675880432,1.105616807937622,1.3835994005203247,1.3312671184539795,1.3150113821029663,1.6780599355697632,1.8439854383468628,1.904881477355957,1.7390626668930054,1.3776874542236328,1.3673810958862305,1.0497037172317505,1.1916090250015259,1.1043167114257812,1.0880945920944214,1.3236968517303467,1.1850162744522095,1.5309745073318481,1.6164106130599976,1.3707947731018066,1.6497658491134644,1.5723223686218262,1.1045703887939453,0.7834466695785522,0.6303005218505859,0.6051528453826904,0.586447536945343,0.9073038101196289,1.1132299900054932,1.3540178537368774,1.6841225624084473,1.791683316230774,2.129056453704834,2.106360912322998,1.9537248611450195,2.2909960746765137,2.326580762863159,1.9900702238082886,1.730515480041504,1.4455046653747559,1.2877696752548218,0.9442023634910583,0.9888860583305359,0.8173882365226746,1.0181777477264404,1.1875262260437012,1.227477788925171,1.5263677835464478,1.6785838603973389,1.587724208831787,1.919798493385315,1.9528769254684448,1.4748985767364502,1.2944339513778687,0.928840160369873,0.8223908543586731,0.530730128288269,0.625566840171814,0.6989889740943909,0.6792445778846741,1.0124024152755737,1.0185072422027588,1.3755710124969482,1.3690409660339355,1.166204571723938,1.4897534847259521,1.5117757320404053
A7,1.8334554433822632,1.5526542663574219,1.2704908847808838,0.953363299369812,0.6419079899787903,0.3591562807559967,0.0,0.36792296171188354,0.6058450937271118,0.8410383462905884,1.102482557296753,1.1263123750686646,1.1427443027496338,1.5009474754333496,1.6646137237548828,1.670761227607727,1.5480821132659912,1.1747548580169678,1.1940032243728638,0.9194117188453674,1.0749151706695557,1.0771287679672241,1.0114549398422241,1.3017950057983398,1.191890835762024,1.5529909133911133,1.5546194314956665,1.2924187183380127,1.5825655460357666,1.5375990867614746,1.274242639541626,1.0184916257858276,0.8156538009643555,0.880756676197052,0.7742792963981628,1.1058663129806519,1.240907073020935,1.445037603378296,1.764631748199463,1.8064134120941162,2.15783953666687,2.177483320236206,1.987920880317688,2.3093724250793457,2.291311264038086,1.9664653539657593,1.665163516998291,1.4402961730957031,1.2407138347625732,0.9474679827690125,0.9799871444702148,0.8569532632827759,1.1534370183944702,1.3310526609420776,1.4557077884674072,1.73347806930542,1.8615676164627075,1.814865231513977,2.1641950607299805,2.239325523376465,1.121261715888977,0.966616153717041,0.5931792855262756,0.5802630186080933,0.4521044194698334,0.6963159441947937,0.9141976237297058,0.9559901356697083,1.309880018234253,1.3539754152297974,1.704649567604065,1.6561137437820435,1.452048420906067,1.7684780359268188,1.7948485612869263
A8,1.9403287172317505,1.7113497257232666,1.392337441444397,1.1224720478057861,0.823239803314209,0.5694583654403687,0.36792296171188354,0.0,0.3607622981071472,0.5413836240768433,0.8248041868209839,0.7962757349014282,0.7802416086196899,1.1413700580596924,1.3179785013198853,1.9042460918426514,1.7935549020767212,1.419026255607605,1.3819009065628052,1.0936528444290161,1.132482886314392,1.0796587467193604,0.8884435892105103,1.1209774017333984,0.9481968879699707,1.290802240371704,1.2597413063049316,0.9617348909378052,1.229809045791626,1.1844708919525146,1.544676423072815,1.2689520120620728,1.1365928649902344,1.1663203239440918,1.0533989667892456,1.3356516361236572,1.4229944944381714,1.6754404306411743,1.9646035432815552,2.021484851837158,2.3603713512420654,2.4187026023864746,2.258192300796509,2.586482524871826,2.5741660594940186,2.0101654529571533,1.7269517183303833,1.5387262105941772,1.4108787775039673,1.1651043891906738,1.2815885543823242,1.2066322565078735,1.4926923513412476,1.68461012840271,1.777937650680542,2.066556215286255,2.204270362854004,2.1291773319244385,2.4716763496398926,2.5110692977905273,1.1357214450836182,0.972987174987793,0.657372772693634,0.5476293563842773,0.5438538789749146,0.64161217212677,0.9270927906036377,0.9290571212768555,1.274967074394226,1.3724292516708374,1.6933649778366089,1.5714881420135498,1.3991589546203613,1.714463472366333,1.8032010793685913
A9,2.2949016094207764,2.0628256797790527,1.7509974241256714,1.467276692390442,1.1702526807785034,0.8812313675880432,0.6058450937271118,0.3607622981071472,0.0,0.3649905323982239,0.516662061214447,0.5540158748626709,0.6719896197319031,0.9861578941345215,1.208275318145752,1.9064128398895264,1.8616515398025513,1.5012457370758057,1.5118194818496704,1.2884764671325684,1.33220636844635,1.3411285877227783,1.1093710660934448,1.336662769317627,1.1644330024719238,1.473561406135559,1.3635740280151367,1.0396606922149658,1.2510614395141602,1.193583607673645,1.7040354013442993,1.4818345308303833,1.36476469039917,1.4661457538604736,1.3653435707092285,1.666231632232666,1.7421119213104248,1.966912865638733,2.2517664432525635,2.2679059505462646,2.611466407775879,2.687321662902832,2.4994165897369385,2.81024432182312,2.756176233291626,2.236027240753174,1.9326539039611816,1.7949143648147583,1.6432911157608032,1.4336167573928833,1.5152851343154907,1.437543272972107,1.75379478931427,1.9174448251724243,2.0474486351013184,2.3080568313598633,2.4559671878814697,2.418980360031128,2.765501022338867,2.8273632526397705,0.9648253917694092,0.9048106670379639,0.659443199634552,0.7019100785255432,0.8457078337669373,0.9802629947662354,1.283539056777954,1.2702717781066895,1.6043211221694946,1.6855982542037964,1.998297095298767,1.8394041061401367,1.645572304725647,1.928428053855896,2.0035240650177
A10,2.4078547954559326,2.204953670501709,1.8613464832305908,1.6356618404388428,1.3171519041061401,1.105616807937622,0.8410383462905884,0.5413836240768433,0.3649905323982239,0.0,0.3611673414707184,0.49063271284103394,0.4454939067363739,0.7390601634979248,0.8863617181777954,1.9716986417770386,1.9127966165542603,1.5668028593063354,1.504536509513855,1.2902220487594604,1.2366576194763184,1.2404390573501587,0.9446481466293335,1.135273814201355,0.9995755553245544,1.2733056545257568,1.0916142463684082,0.7996197938919067,1.022191047668457,1.065810203552246,2.0379981994628906,1.7911458015441895,1.648525595664978,1.689326286315918,1.5263100862503052,1.774385690689087,1.7804232835769653,2.01686954498291,2.2601284980773926,2.2688181400299072,2.5936906337738037,2.7172579765319824,2.554126024246216,2.863123893737793,2.8108749389648438,2.088439464569092,1.8008968830108643,1.7194410562515259,1.623011589050293,1.4820010662078857,1.6319628953933716,1.6289453506469727,1.9499180316925049,2.1594624519348145,2.2893569469451904,2.5744009017944336,2.6897003650665283,2.6245739459991455,2.9754931926727295,3.026043176651001,0.9467747211456299,0.8281431794166565,0.711193859577179,0.6569310426712036,0.9040391445159912,0.9882013201713562,1.329824686050415,1.3700785636901855,1.6911122798919678,1.8412954807281494,2.12960147857666,1.9537392854690552,1.8204654455184937,2.117044448852539,2.243826150894165
A11,2.7314553260803223,2.526280164718628,2.1930079460144043,1.945259928703308,1.6383286714553833,1.3835994005203247,1.102482557296753,0.8248041868209839,0.516662061214447,0.3611673414707184,0.0,0.3697962462902069,0.5295678973197937,0.6692310571670532,0.8834971189498901,2.1055033206939697,2.105048418045044,1.7778722047805786,1.7633529901504517,1.5940525531768799,1.5604859590530396,1.592811107635498,1.292593002319336,1.4595775604248047,1.3075895309448242,1.537197470664978,1.317089557647705,1.0195088386535645,1.140766978263855,1.1434576511383057,2.2007620334625244,1.992385983467102,1.878103256225586,1.971919298171997,1.8383690118789673,2.109994649887085,2.129453182220459,2.3516886234283447,2.5996005535125732,2.5872020721435547,2.9153013229370117,3.0413784980773926,2.85827374458313,3.1548752784729004,3.0741372108459473,2.410280704498291,2.1157608032226562,2.0590572357177734,1.944122076034546,1.8094223737716675,1.924507737159729,1.8985047340393066,2.2308812141418457,2.409540891647339,2.555278778076172,2.816680669784546,2.951411008834839,2.9146265983581543,3.2655763626098633,3.327479124069214,0.9778805375099182,0.986501932144165,0.9334108233451843,0.9841964244842529,1.2440258264541626,1.3406978845596313,1.673477053642273,1.677005648612976,1.9881176948547363,2.111435651779175,2.3932549953460693,2.1866729259490967,2.029877185821533,2.2929763793945312,2.405686855316162
A12,2.5954763889312744,2.4207046031951904,2.096830368041992,1.856260895729065,1.5962724685668945,1.3312671184539795,1.1263123750686646,0.7962757349014282,0.5540158748626709,0.49063271284103394,0.3697962462902069,0.0,0.3692700266838074,0.5256971716880798,0.8514534831047058,2.385159730911255,2.357072114944458,2.00773286819458,1.9796185493469238,1.7541857957839966,1.70840585231781,1.6639182567596436,1.3434568643569946,1.4476313591003418,1.2098430395126343,1.4098490476608276,1.242490291595459,0.8964370489120483,0.945202648639679,0.8448253870010376,2.133117914199829,1.9045377969741821,1.8542664051055908,1.935263752937317,1.849180817604065,2.118208885192871,2.1702640056610107,2.432004928588867,2.6912894248962402,2.7263009548187256,3.053837537765503,3.158012628555298,2.9976494312286377,3.3139591217041016,3.2673110961914062,2.5372495651245117,2.2685654163360596,2.1686949729919434,2.085031747817993,1.9073843955993652,2.038655996322632,1.975908637046814,2.2780864238739014,2.443678617477417,2.540405511856079,2.805302143096924,2.9730920791625977,2.913501501083374,3.250215530395508,3.275115966796875,1.3075237274169922,1.278983235359192,1.1442415714263916,1.1187708377838135,1.2887346744537354,1.298661231994629,1.5909948348999023,1.5218250751495361,1.7981219291687012,1.9071872234344482,2.1613404750823975,1.918567180633545,1.7659894227981567,2.003666400909424,2.1384356021881104
A13,2.4460289478302,2.3009560108184814,1.9534627199172974,1.7708723545074463,1.5045955181121826,1.3150113821029663,1.1427443027496338,0.7802416086196899,0.6719896197319031,0.4454939067363739,0.5295678973197937,0.3692700266838074,0.0,0.3652556240558624,0.5895905494689941,2.4116926193237305,2.3361799716949463,1.986843228340149,1.886824369430542,1.6356453895568848,1.5167618989944458,1.4269428253173828,1.0743968486785889,1.1204344034194946,0.8887255787849426,1.0617552995681763,0.8737418055534363,0.5359790325164795,0.6272445321083069,0.6476136445999146,2.255817413330078,1.982377290725708,1.9044861793518066,1.9114516973495483,1.7792168855667114,1.9957127571105957,2.001589298248291,2.2850115299224854,2.5123143196105957,2.5666842460632324,2.874427318572998,3.002919912338257,2.8785781860351562,3.2023425102233887,3.1822822093963623,2.272365093231201,2.0347442626953125,1.9494839906692505,1.9253613948822021,1.7805564403533936,1.9742529392242432,1.962353229522705,2.251563549041748,2.462148427963257,2.540003538131714,2.8364288806915283,2.9749600887298584,2.8744966983795166,3.2103664875030518,3.2133803367614746,1.374220371246338,1.2515461444854736,1.1417368650436401,1.0010675191879272,1.1710988283157349,1.1110308170318604,1.4088815450668335,1.382279396057129,1.6431101560592651,1.8175768852233887,2.0514771938323975,1.8141943216323853,1.7277816534042358,1.9959640502929688,2.1808488368988037
A14,2.7606372833251953,2.637777328491211,2.2890377044677734,2.1231865882873535,1.865002989768982,1.6780599355697632,1.5009474754333496,1.1413700580596924,0.9861578941345215,0.7390601634979248,0.6692310571670532,0.5256971716880798,0.3652556240558624,0.0,0.37459173798561096,2.67539119720459,2.6212213039398193,2.2863717079162598,2.1804914474487305,1.9527145624160767,1.8046234846115112,1.7197859287261963,1.350982666015625,1.339241862297058,1.1233714818954468,1.1971207857131958,0.9519273638725281,0.6910740733146667,0.6007351875305176,0.6554111838340759,2.5905983448028564,2.326233148574829,2.2623963356018066,2.275125503540039,2.142237663269043,2.349067449569702,2.336973190307617,2.6208460330963135,2.830404043197632,2.8773789405822754,3.174316167831421,3.3240630626678467,3.2058732509613037,3.5240414142608643,3.495156764984131,2.5044002532958984,2.2840800285339355,2.2374041080474854,2.2354800701141357,2.1193206310272217,2.3216700553894043,2.3207576274871826,2.614719867706299,2.825065851211548,2.9041969776153564,3.1984477043151855,3.3398427963256836,3.238835096359253,3.573608636856079,3.5701208114624023,1.5776546001434326,1.4917603731155396,1.4449915885925293,1.3255351781845093,1.5245764255523682,1.4519877433776855,1.7410355806350708,1.7060946226119995,1.9363740682601929,2.1195759773254395,2.323225736618042,2.0544304847717285,1.990847110748291,2.229133367538452,2.434004306793213
A15,2.8349742889404297,2.7290492057800293,2.364504814147949,2.245500326156616,1.972306251525879,1.8439854383468628,1.6646137237548828,1.3179785013198853,1.208275318145752,0.8863617181777954,0.8834971189498901,0.8514534831047058,0.5895905494689941,0.37459173798561096,0.0,2.7017459869384766,2.6271884441375732,2.313523530960083,2.1550405025482178,1.9439070224761963,1.733515977859497,1.6483111381530762,1.2749379873275757,1.2124310731887817,1.0784735679626465,1.0881108045578003,0.7671571969985962,0.6513466835021973,0.5796661972999573,0.8272478580474854,2.8344388008117676,2.5515952110290527,2.449749231338501,2.4190752506256104,2.237623691558838,2.399176836013794,2.331298589706421,2.6096394062042236,2.777475357055664,2.816654682159424,3.0881505012512207,3.2740306854248047,3.1799368858337402,3.490013360977173,3.4663963317871094,2.3303167819976807,2.139500141143799,2.14328932762146,2.188183069229126,2.1303136348724365,2.372328519821167,2.4262921810150146,2.718876838684082,2.964378833770752,3.048861026763916,3.3616697788238525,3.4680697917938232,3.346517324447632,3.6836445331573486,3.6775457859039307,1.6399909257888794,1.5074169635772705,1.5282471179962158,1.3633586168289185,1.5915248394012451,1.5030291080474854,1.7968543767929077,1.8233654499053955,2.0430848598480225,2.2761435508728027,2.467057228088379,2.2170190811157227,2.2016184329986572,2.461482286453247,2.690995931625366
B1,2.9872584342956543,2.6541125774383545,2.4551618099212646,2.237440586090088,1.949230432510376,1.904881477355957,1.670761227607727,1.9042460918426514,1.9064128398895264,1.9716986417770386,2.1055033206939697,2.385159730911255,2.4116926193237305,2.67539119720459,2.7017459869384766,0.0,0.37007835507392883,0.5884348154067993,0.8903250098228455,1.204685091972351,1.4885437488555908,1.8326435089111328,1.970515251159668,2.334853410720825,2.4739766120910645,2.8059208393096924,2.690865993499756,2.566598415374756,2.896026849746704,2.993412733078003,2.2599775791168213,2.218644142150879,1.8641636371612549,1.9593918323516846,1.735152006149292,1.894284963607788,1.8499407768249512,1.695460557937622,1.8598710298538208,1.5845786333084106,1.8553346395492554,1.9306457042694092,1.591127634048462,1.6813727617263794,1.3952890634536743,2.0673842430114746,1.7269959449768066,1.7369625568389893,1.3775005340576172,1.4369021654129028,1.237765908241272,1.3701021671295166,1.6184799671173096,1.7511447668075562,2.097874641418457,2.234706163406372,2.1300249099731445,2.25136399269104,2.5731544494628906,2.8422484397888184,1.173166036605835,1.1955746412277222,1.2916854619979858,1.5475596189498901,1.671486258506775,2.0367352962493896,2.2400906085968018,2.4680511951446533,2.7968688011169434,2.862380027770996,3.2094290256500244,3.2529420852661133,3.069838523864746,3.384021043777466,3.3455958366394043
B2,2.6949119567871094,2.3724162578582764,2.1759226322174072,1.9973878860473633,1.7195252180099487,1.7390626668930054,1.5480821132659912,1.7935549020767212,1.8616515398025513,1.9127966165542603,2.105048418045044,2.357072114944458,2.3361799716949463,2.6212213039398193,2.6271884441375732,0.37007835507392883,0.0,0.3758712112903595,0.6006244421005249,0.9320619702339172,1.2212215662002563,1.5582202672958374,1.7483491897583008,2.1051077842712402,2.2705838680267334,2.5976738929748535,2.515388250350952,2.419185161590576,2.767007827758789,2.8797285556793213,2.173637866973877,2.0903186798095703,1.717568039894104,1.7454664707183838,1.4861375093460083,1.5938611030578613,1.518805742263794,1.34348726272583,1.4920239448547363,1.2151521444320679,1.4933212995529175,1.574437141418457,1.2460976839065552,1.368080973625183,1.122550368309021,1.7408597469329834,1.4107364416122437,1.4015889167785645,1.0406240224838257,1.1318936347961426,0.9517033100128174,1.1531531810760498,1.376833200454712,1.5624113082885742,1.8865649700164795,2.0579447746276855,1.9228399991989136,1.9985185861587524,2.3225326538085938,2.574497699737549,1.2489025592803955,1.159507393836975,1.2176904678344727,1.3938467502593994,1.469125747680664,1.8153742551803589,1.9878606796264648,2.2460222244262695,2.558124542236328,2.642261505126953,2.9777495861053467,3.04540753364563,2.8912296295166016,3.217158555984497,3.19675350189209
B3,2.4300246238708496,2.1083004474639893,1.8847177028656006,1.6817859411239624,1.3817543983459473,1.3776874542236328,1.1747548580169678,1.419026255607605,1.5012457370758057,1.5668028593063354,1.7778722047805786,2.00773286819458,1.986843228340149,2.2863717079162598,2.313523530960083,0.5884348154067993,0.3758712112903595,0.0,0.3929784893989563,0.6319310665130615,0.9589551091194153,1.2757303714752197,1.4350831508636475,1.8016706705093384,1.933933973312378,2.2727622985839844,2.19893741607666,2.077742338180542,2.42379093170166,2.5189530849456787,1.905844807624817,1.787752628326416,1.4200369119644165,1.4498367309570312,1.183577060699463,1.3400171995162964,1.2931092977523804,1.1976178884506226,1.409777283668518,1.205613613128662,1.5344370603561401,1.6095041036605835,1.3070926666259766,1.513340950012207,1.3442890644073486,1.6454273462295532,1.2914817333221436,1.2254823446273804,0.8514527678489685,0.8597880601882935,0.7030946016311646,0.8842755556106567,1.1709495782852173,1.3849822282791138,1.6897296905517578,1.89971125125885,1.818207859992981,1.863206148147583,2.2108817100524902,2.4284327030181885,1.006615161895752,0.8733329772949219,0.8640688061714172,1.0381113290786743,1.1074211597442627,1.4648128747940063,1.6551014184951782,1.8970141410827637,2.2205445766448975,2.305974006652832,2.6465532779693604,2.694364547729492,2.5357699394226074,2.863513469696045,2.8549299240112305
B4,2.2855594158172607,1.9980677366256714,1.7423484325408936,1.6064058542251587,1.294877052307129,1.3673810958862305,1.1940032243728638,1.3819009065628052,1.5118194818496704,1.504536509513855,1.7633529901504517,1.9796185493469238,1.886824369430542,2.1804914474487305,2.1550405025482178,0.8903250098228455,0.6006244421005249,0.3929784893989563,0.0,0.3747565746307373,0.6207911372184753,0.96297687292099,1.1640135049819946,1.5122483968734741,1.7009834051132202,2.0160787105560303,1.9492822885513306,1.8843427896499634,2.243645429611206,2.385467767715454,2.075718879699707,1.8945568799972534,1.5301237106323242,1.46509850025177,1.1341835260391235,1.2090280055999756,1.0677086114883423,1.0004931688308716,1.1610099077224731,0.9698072671890259,1.2930411100387573,1.4349982738494873,1.1987111568450928,1.4403729438781738,1.3349783420562744,1.258963942527771,0.900570809841156,0.8657594919204712,0.5251266360282898,0.6609718203544617,0.6807662844657898,0.9706442952156067,1.2307798862457275,1.5187618732452393,1.768782615661621,2.029268980026245,1.9277257919311523,1.8977137804031372,2.2442190647125244,2.41857647895813,1.1048680543899536,0.8505299091339111,0.8765402436256409,0.9065585136413574,0.978543758392334,1.2864114046096802,1.4751527309417725,1.7678709030151367,2.0751194953918457,2.2167558670043945,2.5362308025360107,2.5848069190979004,2.477419376373291,2.823345899581909,2.862107992172241
B5,1.9622517824172974,1.6866909265518188,1.4030768871307373,1.2711538076400757,0.9473847150802612,1.0497037172317505,0.9194117188453674,1.0936528444290161,1.2884764671325684,1.2902220487594604,1.5940525531768799,1.7541857957839966,1.6356453895568848,1.9527145624160767,1.9439070224761963,1.204685091972351,0.9320619702339172,0.6319310665130615,0.3747565746307373,0.0,0.3816260099411011,0.6487921476364136,0.8578909039497375,1.2095096111297607,1.3694794178009033,1.6963000297546387,1.669389009475708,1.5914939641952515,1.9556394815444946,2.0806450843811035,1.8774092197418213,1.6466211080551147,1.3035651445388794,1.1909427642822266,0.8408171534538269,0.9258233308792114,0.7997904419898987,0.853445291519165,1.0722370147705078,1.0013622045516968,1.3437795639038086,1.4588098526000977,1.2751883268356323,1.5775494575500488,1.5505211353302002,1.1915204524993896,0.847331702709198,0.6930777430534363,0.39011839032173157,0.3718501627445221,0.5451979637145996,0.810394823551178,1.0770944356918335,1.396062970161438,1.5899889469146729,1.8904318809509277,1.8311690092086792,1.7511677742004395,2.1050314903259277,2.2313621044158936,1.1449918746948242,0.8358343243598938,0.7376112937927246,0.6405549645423889,0.6285093426704407,0.917612612247467,1.1017155647277832,1.397321343421936,1.7036675214767456,1.8577412366867065,2.172802209854126,2.215299367904663,2.121239423751831,2.4717469215393066,2.5308988094329834
B6,1.9787017107009888,1.7588043212890625,1.4355792999267578,1.3755539655685425,1.05478835105896,1.1916090250015259,1.0749151706695557,1.132482886314392,1.33220636844635,1.2366576194763184,1.5604859590530396,1.70840585231781,1.5167618989944458,1.8046234846115112,1.733515977859497,1.4885437488555908,1.2212215662002563,0.9589551091194153,0.6207911372184753,0.3816260099411011,0.0,0.3706740140914917,0.5851231813430786,0.9045014381408691,1.1375582218170166,1.4246394634246826,1.3836495876312256,1.3751800060272217,1.7412948608398438,1.9245612621307373,2.1507413387298584,1.8795490264892578,1.5703068971633911,1.407956600189209,1.0489948987960815,1.0625635385513306,0.8483433723449707,0.9817554354667664,1.115986943244934,1.089597225189209,1.3819998502731323,1.5642117261886597,1.4582245349884033,1.7613798379898071,1.768818736076355,0.9384338855743408,0.6084336042404175,0.5238796472549438,0.46454617381095886,0.5778501033782959,0.8808187246322632,1.1426435708999634,1.3780930042266846,1.7160521745681763,1.8622746467590332,2.1872384548187256,2.129382848739624,1.9999709129333496,2.341822624206543,2.4220175743103027,1.256901502609253,0.8964024782180786,0.86952143907547,0.6307260394096375,0.6800202131271362,0.841499924659729,1.049898624420166,1.3769606351852417,1.6599221229553223,1.8810943365097046,2.1640844345092773,2.180114984512329,2.141413927078247,2.500772714614868,2.614901304244995
B7,1.7089953422546387,1.535284399986267,1.188190221786499,1.189937949180603,0.9087955951690674,1.1043167114257812,1.0771287679672241,1.0796587467193604,1.3411285877227783,1.2404390573501587,1.592811107635498,1.6639182567596436,1.4269428253173828,1.7197859287261963,1.6483111381530762,1.8326435089111328,1.5582202672958374,1.2757303714752197,0.96297687292099,0.6487921476364136,0.3706740140914917,0.0,0.37692803144454956,0.6214594841003418,0.8567851781845093,1.128868818283081,1.1635456085205078,1.181153416633606,1.5428307056427002,1.7221074104309082,2.1287684440612793,1.8158254623413086,1.5542943477630615,1.3316617012023926,0.9954900145530701,0.9588239192962646,0.7462475299835205,0.9998795986175537,1.1316003799438477,1.2193505764007568,1.4853546619415283,1.642316222190857,1.6003786325454712,1.9298360347747803,1.999247431755066,0.9459424018859863,0.7259597182273865,0.5367109179496765,0.6555773019790649,0.6571649312973022,1.020315170288086,1.2305954694747925,1.4172804355621338,1.7603082656860352,1.8351647853851318,2.1840178966522217,2.1524910926818848,1.9699738025665283,2.2965028285980225,2.3184702396392822,1.5056593418121338,1.1454193592071533,1.0435782670974731,0.7022261619567871,0.627004086971283,0.6074399948120117,0.7660594582557678,1.1084842681884766,1.355129599571228,1.6155147552490234,1.8681336641311646,1.881824016571045,1.888426661491394,2.248526096343994,2.3989527225494385
B8,1.8621231317520142,1.7089343070983887,1.3377783298492432,1.2950352430343628,0.9945341944694519,1.0880945920944214,1.0114549398422241,0.8884435892105103,1.1093710660934448,0.9446481466293335,1.292593002319336,1.3434568643569946,1.0743968486785889,1.350982666015625,1.2749379873275757,1.970515251159668,1.7483491897583008,1.4350831508636475,1.1640135049819946,0.8578909039497375,0.5851231813430786,0.37692803144454956,0.0,0.3723753094673157,0.5596245527267456,0.8524627685546875,0.824761688709259,0.8160303831100464,1.1805812120437622,1.378327488899231,2.1807620525360107,1.8590580224990845,1.6402673721313477,1.467758059501648,1.176649808883667,1.2233717441558838,1.0792584419250488,1.3558235168457031,1.507582426071167,1.585106611251831,1.8549458980560303,2.0169548988342285,1.958558440208435,2.2857937812805176,2.328817367553711,1.2229818105697632,1.0109196901321411,0.9004418253898621,0.986129641532898,0.9435503482818604,1.2696783542633057,1.4196096658706665,1.6496410369873047,1.966802716255188,2.0398175716400146,2.3860690593719482,2.402756452560425,2.2341504096984863,2.566575527191162,2.5745110511779785,1.3984959125518799,1.0543508529663086,0.9600723385810852,0.5802896618843079,0.6209322214126587,0.5303297638893127,0.803403913974762,1.0659756660461426,1.3307920694351196,1.6059359312057495,1.8539552688598633,1.7926666736602783,1.796109914779663,2.149951934814453,2.32959246635437
B9,1.8624247312545776,1.7807049751281738,1.410476565361023,1.4415339231491089,1.2054153680801392,1.3236968517303467,1.3017950057983398,1.1209774017333984,1.336662769317627,1.135273814201355,1.4595775604248047,1.4476313591003418,1.1204344034194946,1.339241862297058,1.2124310731887817,2.334853410720825,2.1051077842712402,1.8016706705093384,1.5122483968734741,1.2095096111297607,0.9045014381408691,0.6214594841003418,0.3723753094673157,0.0,0.3747345209121704,0.5353075265884399,0.572158694267273,0.6965763568878174,1.016792893409729,1.2618921995162964,2.420027494430542,2.0764546394348145,1.9013117551803589,1.6952418088912964,1.433630347251892,1.4297459125518799,1.2739099264144897,1.5814274549484253,1.6894038915634155,1.8137909173965454,2.042598009109497,2.2150280475616455,2.209169864654541,2.5381786823272705,2.6150197982788086,1.2948670387268066,1.1799980401992798,1.090923547744751,1.2734427452087402,1.2469407320022583,1.5933157205581665,1.7356477975845337,1.9296457767486572,2.2471609115600586,2.274371385574341,2.6299095153808594,2.6540043354034424,2.4485549926757812,2.7601189613342285,2.7216873168945312,1.7220878601074219,1.3889561891555786,1.3076896667480469,0.9288622736930847,0.9349602460861206,0.7088435888290405,0.8878844380378723,1.1080338954925537,1.2935922145843506,1.6179442405700684,1.8050318956375122,1.7173324823379517,1.7913891077041626,2.131368637084961,2.3631277084350586
B10,1.7956467866897583,1.7227076292037964,1.3551547527313232,1.3418810367584229,1.1342602968215942,1.1850162744522095,1.191890835762024,0.9481968879699707,1.1644330024719238,0.9995755553245544,1.3075895309448242,1.2098430395126343,0.8887255787849426,1.1233714818954468,1.0784735679626465,2.4739766120910645,2.2705838680267334,1.933933973312378,1.7009834051132202,1.3694794178009033,1.1375582218170166,0.8567851781845093,0.5596245527267456,0.3747345209121704,0.0,0.3664594888687134,0.4863041639328003,0.44807925820350647,0.7518364191055298,0.9260984659194946,2.2630205154418945,1.9137461185455322,1.79868483543396,1.6236114501953125,1.4295613765716553,1.4859243631362915,1.4168061017990112,1.7536418437957764,1.9149329662322998,2.059664249420166,2.3138346672058105,2.445258378982544,2.4197592735290527,2.7623653411865234,2.8373141288757324,1.645856261253357,1.5102511644363403,1.3701494932174683,1.496049165725708,1.3821412324905396,1.6913827657699585,1.7591336965560913,1.9553989171981812,2.2377262115478516,2.239380121231079,2.5868732929229736,2.6634767055511475,2.465358018875122,2.7735178470611572,2.7157015800476074,1.7544091939926147,1.4628900289535522,1.3154067993164062,0.9554499983787537,0.9246852397918701,0.6319015622138977,0.8090848922729492,0.9059358835220337,1.0885504484176636,1.3963775634765625,1.5781590938568115,1.4329016208648682,1.4952168464660645,1.821866750717163,2.068979263305664
B11,1.9432063102722168,1.9334478378295898,1.5826396942138672,1.6272251605987549,1.4635120630264282,1.5309745073318481,1.5529909133911133,1.290802240371704,1.473561406135559,1.2733056545257568,1.537197470664978,1.4098490476608276,1.0617552995681763,1.1971207857131958,1.0881108045578003,2.8059208393096924,2.5976738929748535,2.2727622985839844,2.0160787105560303,1.6963000297546387,1.4246394634246826,1.128868818283081,0.8524627685546875,0.5353075265884399,0.3664594888687134,0.0,0.3687850534915924,0.5324038863182068,0.6811737418174744,0.9177197813987732,2.5860424041748047,2.230203628540039,2.1396358013153076,1.94681715965271,1.7628026008605957,1.7799173593521118,1.687127947807312,2.028102397918701,2.1488559246063232,2.312227487564087,2.5334012508392334,2.682701826095581,2.693634033203125,3.032371759414673,3.1254820823669434,1.7764416933059692,1.7038443088531494,1.5995110273361206,1.783773422241211,1.7041656970977783,2.0309600830078125,2.1112101078033447,2.288893222808838,2.5746634006500244,2.552506685256958,2.9032058715820312,2.9776763916015625,2.7562670707702637,3.047531843185425,2.958524465560913,2.06034255027771,1.7721126079559326,1.6596039533615112,1.3029611110687256,1.2876765727996826,0.9803510904312134,1.0903699398040771,1.1538833379745483,1.2452038526535034,1.5765786170959473,1.687418818473816,1.5145031213760376,1.6468467712402344,1.9419504404067993,2.2335710525512695
B12,2.2499468326568604,2.1997222900390625,1.8337507247924805,1.8266236782073975,1.6015701293945312,1.6164106130599976,1.5546194314956665,1.2597413063049316,1.3635740280151367,1.0916142463684082,1.317089557647705,1.242490291595459,0.8737418055534363,0.9519273638725281,0.7671571969985962,2.690865993499756,2.515388250350952,2.19893741607666,1.9492822885513306,1.669389009475708,1.3836495876312256,1.1635456085205078,0.824761688709259,0.572158694267273,0.4863041639328003,0.3687850534915924,0.0,0.36989450454711914,0.5335415005683899,0.877248227596283,2.696420431137085,2.3587639331817627,2.2408478260040283,2.0919837951660156,1.8808149099349976,1.936997413635254,1.8245670795440674,2.1384079456329346,2.2600886821746826,2.370494842529297,2.6028494834899902,2.783857583999634,2.763655185699463,3.0900487899780273,3.1422669887542725,1.7972869873046875,1.6873743534088135,1.6473371982574463,1.8008726835250854,1.7568684816360474,2.073732376098633,2.171412229537964,2.3961119651794434,2.6851320266723633,2.7102153301239014,3.0558903217315674,3.124969005584717,2.9343953132629395,3.2470781803131104,3.193826198577881,1.8582996129989624,1.5899930000305176,1.5413621664047241,1.2180227041244507,1.3106591701507568,1.0854623317718506,1.2920864820480347,1.3806426525115967,1.536558985710144,1.8464568853378296,1.9954439401626587,1.805412769317627,1.8880246877670288,2.1854805946350098,2.4572031497955322
B13,2.1907801628112793,2.1050500869750977,1.742069959640503,1.6644920110702515,1.429692029953003,1.3707947731018066,1.2924187183380127,0.9617348909378052,1.0396606922149658,0.7996197938919067,1.0195088386535645,0.8964370489120483,0.5359790325164795,0.6910740733146667,0.6513466835021973,2.566598415374756,2.419185161590576,2.077742338180542,1.8843427896499634,1.5914939641952515,1.3751800060272217,1.181153416633606,0.8160303831100464,0.6965763568878174,0.44807925820350647,0.5324038863182068,0.36989450454711914,0.0,0.3679746687412262,0.6122483015060425,2.418196201324463,2.093817710876465,2.000725507736206,1.9007794857025146,1.7282191514968872,1.8501344919204712,1.799177646636963,2.1166725158691406,2.293039560317993,2.3957440853118896,2.665323257446289,2.813246011734009,2.753307819366455,3.0873963832855225,3.120542526245117,1.9611328840255737,1.793776273727417,1.7083206176757812,1.7888858318328857,1.6818227767944336,1.9564332962036133,2.001086950302124,2.2442212104797363,2.50287127494812,2.5353810787200928,2.86637282371521,2.9701011180877686,2.807464599609375,3.1279990673065186,3.0881905555725098,1.6660693883895874,1.436031699180603,1.3339701890945435,1.0471893548965454,1.1399396657943726,0.9407405257225037,1.1850769519805908,1.2104936838150024,1.4104527235031128,1.672924518585205,1.856698989868164,1.640250563621521,1.6610875129699707,1.9544870853424072,2.201782464981079
