,A1,A2,A3,A4,A5,A6,A7,A8,A9,A10,A11,A12,A13,A14,A15,B1,B2,B3,B4,B5,B6,B7,B8,B9,B10,B11,B12,B13,B14,B15,C1,C2,C3,C4,C5,C6,C7,C8,C9,C10,C11,C12,C13,C14,C15,D1,D2,D3,D4,D5,D6,D7,D8,D9,D10,D11,D12,D13,D14,D15,E1,E2,E3,E4,E5,E6,E7,E8,E9,E10,E11,E12,E13,E14,E15
A1,0.0,0.3759254515171051,0.6025246381759644,0.9190581440925598,1.2381091117858887,1.5386122465133667,1.8820421695709229,1.9984207153320312,2.3619446754455566,2.4552838802337646,2.77327561378479,2.5952751636505127,2.3775174617767334,2.6355156898498535,2.6050641536712646,1.2343065738677979,1.3586503267288208,1.125259518623352,1.2769889831542969,1.3381246328353882,1.4668976068496704,1.7272435426712036,1.6336663961410522,1.9492170810699463,1.9768232107162476,2.241774559020996,1.9887986183166504,1.7850806713104248,1.9780182838439941,2.0205776691436768,2.9389588832855225,2.6599361896514893,2.339651584625244,2.0974018573760986,1.7399909496307373,1.5619628429412842,1.203377604484558,1.1797488927841187,0.9734843373298645,0.9067215323448181,0.943687915802002,1.2757577896118164,1.3353253602981567,1.5313640832901,1.5633385181427002,2.332737922668457,1.9668593406677246,1.9611505270004272,1.705748438835144,1.6336981058120728,1.609690546989441,1.6172913312911987,1.9865086078643799,2.164764881134033,2.405409574508667,2.647136926651001,2.6537909507751465,2.6655168533325195,3.027920722961426,3.1306979656219482,2.049988269805908,1.9948129653930664,1.7723984718322754,1.953849196434021,1.7865092754364014,2.078857660293579,2.093857765197754,2.193411111831665,2.411397695541382,2.2710418701171875,2.6108763217926025,2.704158306121826,2.4344353675842285,2.640474796295166,2.429042339324951
A2,0.3759254515171051,0.0,0.3837401568889618,0.6094791889190674,0.9448390007019043,1.2452996969223022,1.5867390632629395,1.7532293796539307,2.1156489849090576,2.2407331466674805,2.5627126693725586,2.407235860824585,2.2192490100860596,2.5106356143951416,2.508168935775757,1.1231863498687744,1.1457910537719727,0.8640471696853638,0.9396381378173828,0.9819595813751221,1.0933685302734375,1.368017554283142,1.305531620979309,1.6393725872039795,1.7077606916427612,1.9844449758529663,1.7480374574661255,1.5762861967086792,1.8202893733978271,1.8978168964385986,2.64432692527771,2.380659341812134,2.0503387451171875,1.8478198051452637,1.4813271760940552,1.3694214820861816,1.0392876863479614,1.0307729244232178,0.930416464805603,0.8142926692962646,0.9884491562843323,1.2742704153060913,1.2379266023635864,1.4693719148635864,1.4479892253875732,1.962833046913147,1.5978387594223022,1.5918185710906982,1.3552589416503906,1.305224061012268,1.3352513313293457,1.3994357585906982,1.7659183740615845,1.9918874502182007,2.212043523788452,2.4834558963775635,2.464735507965088,2.435652494430542,2.795948028564453,2.8752150535583496,2.003063917160034,1.8888826370239258,1.6258740425109863,1.742331624031067,1.5235731601715088,1.7814161777496338,1.7595561742782593,1.8708401918411255,2.074220895767212,1.9485409259796143,2.287700891494751,2.396509885787964,2.1518959999084473,2.381669521331787,2.202817916870117
A3,0.6025246381759644,0.3837401568889618,0.0,0.3935421109199524,0.6440376043319702,0.9744425415992737,1.2975118160247803,1.4281865358352661,1.793720006942749,1.8869649171829224,2.216764211654663,2.0743181705474854,1.8649940490722656,2.1552977561950684,2.1379904747009277,1.2066038846969604,1.179301381111145,0.8238063454627991,0.9239199161529541,0.8486548662185669,1.0174874067306519,1.2270255088806152,1.1690025329589844,1.5096584558486938,1.5198602676391602,1.833905816078186,1.6538763046264648,1.431404948234558,1.6910932064056396,1.7112209796905518,2.336864709854126,2.059422016143799,1.7373555898666382,1.500484585762024,1.1396496295928955,0.9933647513389587,0.6564635038375854,0.6949129104614258,0.6649894714355469,0.6679431796073914,0.9138801097869873,1.110965371131897,1.089806079864502,1.3891360759735107,1.4315273761749268,1.962497353553772,1.6007533073425293,1.502798080444336,1.2554751634597778,1.1035608053207397,1.1173275709152222,1.1124593019485474,1.4803831577301025,1.6901252269744873,1.8848052024841309,2.16329026222229,2.1802165508270264,2.1447930335998535,2.5060830116271973,2.5748026371002197,1.646966814994812,1.5125465393066406,1.2626583576202393,1.3869245052337646,1.2029833793640137,1.4988250732421875,1.5371816158294678,1.6781511306762695,1.9295766353607178,1.8517959117889404,2.2076756954193115,2.263822555541992,2.019209623336792,2.2751426696777344,2.1286661624908447
A4,0.9190581440925598,0.6094791889190674,0.3935421109199524,0.0,0.3809043765068054,0.6358665227890015,0.9827661514282227,1.1612725257873535,1.5187846422195435,1.673598051071167,1.9877097606658936,1.8472894430160522,1.6951467990875244,2.0159096717834473,2.0578417778015137,1.4142274856567383,1.2860398292541504,0.9074376225471497,0.8439174294471741,0.6394861340522766,0.6999711990356445,0.8553528189659119,0.7758886218070984,1.1217594146728516,1.1597349643707275,1.4769871234893799,1.3158148527145386,1.1277530193328857,1.4311004877090454,1.4949171543121338,2.0746006965637207,1.837567687034607,1.4847254753112793,1.312462568283081,0.9473800659179688,0.8911749720573425,0.6535446643829346,0.611777663230896,0.727641761302948,0.6312789916992188,0.9740933179855347,1.0926364660263062,0.9481194019317627,1.254761815071106,1.2402620315551758,1.6859484910964966,1.3468343019485474,1.236327886581421,1.0707730054855347,0.9259328842163086,1.070063829421997,1.1250123977661133,1.4628221988677979,1.7220226526260376,1.8564826250076294,2.1751272678375244,2.183913469314575,2.08258318901062,2.4333913326263428,2.4491896629333496,1.7563623189926147,1.5418163537979126,1.290160059928894,1.3064582347869873,1.0690263509750366,1.3107830286026,1.3019577264785767,1.5060786008834839,1.7404372692108154,1.717015266418457,2.0648629665374756,2.139096975326538,1.947991132736206,2.2418012619018555,2.1526055335998535
A5,1.2381091117858887,0.9448390007019043,0.6440376043319702,0.3809043765068054,0.0,0.3908664882183075,0.6644768714904785,0.8605703711509705,1.215668797492981,1.3474305868148804,1.6786696910858154,1.5891249179840088,1.4341497421264648,1.7719050645828247,1.805763602256775,1.5142543315887451,1.329785943031311,0.9455377459526062,0.8754522204399109,0.5594717264175415,0.6855849623680115,0.7304180860519409,0.7390807867050171,1.0735529661178589,1.0750212669372559,1.4305909872055054,1.3662704229354858,1.1692990064620972,1.4946638345718384,1.5119420289993286,1.7102570533752441,1.4603983163833618,1.1146241426467896,0.9351539015769958,0.5698884129524231,0.5899884700775146,0.4908120036125183,0.5741012692451477,0.8474055528640747,0.8687139749526978,1.2207279205322266,1.241329312324524,1.0951085090637207,1.4335557222366333,1.4512722492218018,1.627733826637268,1.3145666122436523,1.0999481678009033,0.9429712295532227,0.690633237361908,0.8530898690223694,0.8724843859672546,1.1696957349777222,1.4345812797546387,1.52288019657135,1.8578709363937378,1.8792189359664917,1.7492003440856934,2.0927352905273438,2.088212013244629,1.5299620628356934,1.2672594785690308,1.0064777135849,0.9547000527381897,0.7114086151123047,0.9584035277366638,1.000993251800537,1.2384083271026611,1.5105196237564087,1.5453248023986816,1.8940752744674683,1.9170206785202026,1.7437858581542969,2.0607187747955322,2.019273519515991
A6,1.5386122465133667,1.2452996969223022,0.9744425415992737,0.6358665227890015,0.3908664882183075,0.0,0.36911439895629883,0.5783792734146118,0.910693347454071,1.1237040758132935,1.4142433404922485,1.3075292110443115,1.2289166450500488,1.5813287496566772,1.689713954925537,1.884307622909546,1.671170949935913,1.2991641759872437,1.1512494087219238,0.7879672050476074,0.7436291575431824,0.5852608680725098,0.5044304132461548,0.7581680417060852,0.7132565975189209,1.0764464139938354,1.0778727531433105,0.9007358551025391,1.2389721870422363,1.2684383392333984,1.5097373723983765,1.3276716470718384,0.9486678838729858,0.8568155169487,0.5700305700302124,0.6661251187324524,0.7245421409606934,0.6640636324882507,0.9817424416542053,0.9567874670028687,1.3085190057754517,1.2396279573440552,1.017342209815979,1.3293564319610596,1.3285657167434692,1.6115424633026123,1.3590484857559204,1.1300989389419556,1.103521704673767,0.8718824982643127,1.1215567588806152,1.1467589139938354,1.3736003637313843,1.6370413303375244,1.6423306465148926,1.9962233304977417,2.040250778198242,1.8531334400177002,2.168147563934326,2.0961410999298096,1.694803237915039,1.37725031375885,1.1871405839920044,1.0443487167358398,0.83084636926651,0.9895044565200806,1.0097136497497559,1.328850269317627,1.577201247215271,1.6879351139068604,2.0098161697387695,2.0341835021972656,1.9233235120773315,2.2637081146240234,2.275489091873169
A7,1.8820421695709229,1.5867390632629395,1.2975118160247803,0.9827661514282227,0.6644768714904785,0.36911439895629883,0.0,0.3788127601146698,0.6338924765586853,0.8618190288543701,1.1454931497573853,1.118864893913269,1.0864802598953247,1.4471513032913208,1.5701628923416138,2.0925769805908203,1.8440552949905396,1.496387243270874,1.3385117053985596,0.9625365734100342,0.9311105012893677,0.6749950647354126,0.7059264183044434,0.8475614190101624,0.7773997187614441,1.118533968925476,1.2344586849212646,1.0949956178665161,1.413952350616455,1.4122473001480103,1.1446754932403564,0.9888896942138672,0.6057000756263733,0.60886150598526,0.4723273515701294,0.7117281556129456,0.9229071140289307,0.931553304195404,1.280025601387024,1.302319884300232,1.6415743827819824,1.5245758295059204,1.3107357025146484,1.6097190380096436,1.6181418895721436,1.6220173835754395,1.428064227104187,1.1325145959854126,1.161291241645813,0.9011511206626892,1.157550573348999,1.1673033237457275,1.2986359596252441,1.5514875650405884,1.4799495935440063,1.8402769565582275,1.8923510313034058,1.6588424444198608,1.941475749015808,1.8216279745101929,1.6811679601669312,1.3258919715881348,1.1651805639266968,0.9190515279769897,0.7420669794082642,0.8009747266769409,0.8554360866546631,1.2099947929382324,1.4599515199661255,1.642632246017456,1.9367473125457764,1.9177991151809692,1.8524163961410522,2.204489231109619,2.2723073959350586
A8,1.9984207153320312,1.7532293796539307,1.4281865358352661,1.1612725257873535,0.8605703711509705,0.5783792734146118,0.3788127601146698,0.0,0.36557111144065857,0.5570388436317444,0.8375464081764221,0.7634114027023315,0.7109058499336243,1.0712082386016846,1.216871976852417,2.3300039768218994,2.1173839569091797,1.7542176246643066,1.6507821083068848,1.2812000513076782,1.2742364406585693,1.0279008150100708,0.9613429307937622,1.0312873125076294,0.8171461224555969,1.131968379020691,1.2881200313568115,1.079443097114563,1.3325881958007812,1.2371724843978882,1.1648930311203003,1.0199214220046997,0.6925703883171082,0.5976226925849915,0.5757607221603394,0.656329870223999,0.9308527708053589,0.8898224830627441,1.2327121496200562,1.3169323205947876,1.610916018486023,1.417604684829712,1.250495195388794,1.5433063507080078,1.6264405250549316,1.9974560737609863,1.8046823740005493,1.5092968940734863,1.5131138563156128,1.216154932975769,1.4059370756149292,1.3236793279647827,1.4401692152023315,1.6229524612426758,1.51007878780365,1.8498990535736084,1.9750497341156006,1.760728120803833,2.0281708240509033,1.8956732749938965,1.5470666885375977,1.1824170351028442,1.1365387439727783,0.931642472743988,0.9029807448387146,1.0255427360534668,1.171622633934021,1.5115400552749634,1.78596031665802,1.9770091772079468,2.2723782062530518,2.216555118560791,2.13903546333313,2.4848599433898926,2.5486114025115967
A9,2.3619446754455566,2.1156489849090576,1.793720006942749,1.5187846422195435,1.215668797492981,0.910693347454071,0.6338924765586853,0.36557111144065857,0.0,0.37163418531417847,0.5320966243743896,0.5387381911277771,0.6379101276397705,0.9580493569374084,1.1657215356826782,2.6645758152008057,2.434476375579834,2.084221363067627,1.9628803730010986,1.5896295309066772,1.5557706356048584,1.2600091695785522,1.2072926759719849,1.1819937229156494,0.9463430643081665,1.1807279586791992,1.424385905265808,1.2602752447128296,1.465678334236145,1.3516428470611572,0.9799754619598389,0.9365226030349731,0.6959378123283386,0.7282458543777466,0.8605990409851074,0.9737866520881653,1.2796475887298584,1.236533761024475,1.5667142868041992,1.6490477323532104,1.9242199659347534,1.6930615901947021,1.5213580131530762,1.7749873399734497,1.8565133810043335,2.159224033355713,2.018679618835449,1.7108403444290161,1.7662261724472046,1.4822968244552612,1.6786295175552368,1.594578742980957,1.6442952156066895,1.8002029657363892,1.618191123008728,1.9409427642822266,2.084859848022461,1.8376874923706055,2.054344654083252,1.864424467086792,1.7270994186401367,1.3556772470474243,1.3705178499221802,1.121933102607727,1.1448166370391846,1.183288812637329,1.3301470279693604,1.6729986667633057,1.9234650135040283,2.162841558456421,2.4253056049346924,2.3466434478759766,2.3138022422790527,2.661008834838867,2.7659363746643066
A10,2.4552838802337646,2.2407331466674805,1.8869649171829224,1.673598051071167,1.3474305868148804,1.1237040758132935,0.8618190288543701,0.5570388436317444,0.37163418531417847,0.0,0.3662269413471222,0.5051955580711365,0.4596826434135437,0.7395111322402954,0.8707011342048645,2.7160820960998535,2.5074877738952637,2.1656219959259033,2.1037838459014893,1.7466787099838257,1.7851672172546387,1.5314723253250122,1.5050941705703735,1.5278098583221436,1.2838902473449707,1.5293755531311035,1.7534879446029663,1.5452566146850586,1.728389859199524,1.5520122051239014,0.9787024259567261,0.8738780617713928,0.747898519039154,0.665995180606842,0.8947579264640808,0.9466115832328796,1.2908211946487427,1.3098888397216797,1.6306614875793457,1.7872681617736816,2.039031744003296,1.7968372106552124,1.6945428848266602,1.968875765800476,2.1025822162628174,2.4112558364868164,2.25252628326416,1.9167817831039429,1.9169024229049683,1.5907515287399292,1.7100218534469604,1.5542654991149902,1.5603845119476318,1.6447423696517944,1.427627444267273,1.7147834300994873,1.9126238822937012,1.695302128791809,1.8944286108016968,1.7188782691955566,1.4786995649337769,1.118770718574524,1.2165391445159912,0.9952636957168579,1.13809335231781,1.2124590873718262,1.4450926780700684,1.7461657524108887,2.0288779735565186,2.262843132019043,2.5280494689941406,2.3981754779815674,2.341966390609741,2.6728267669677734,2.7745277881622314
A11,2.77327561378479,2.5627126693725586,2.216764211654663,1.9877097606658936,1.6786696910858154,1.4142433404922485,1.1454931497573853,0.8375464081764221,0.5320966243743896,0.3662269413471222,0.0,0.3765357434749603,0.5445562601089478,0.6789815425872803,0.9036442637443542,3.0777881145477295,2.863875389099121,2.520815849304199,2.440030574798584,2.0752599239349365,2.0759713649749756,1.7878248691558838,1.7349048852920532,1.6861299276351929,1.4152487516403198,1.5878806114196777,1.8608176708221436,1.6789816617965698,1.8081949949264526,1.6144847869873047,1.0594611167907715,1.0717673301696777,1.0120879411697388,1.0135107040405273,1.2514820098876953,1.2993329763412476,1.6313797235488892,1.6067293882369995,1.9083452224731445,2.048135757446289,2.2770450115203857,1.9989062547683716,1.889721393585205,2.121070623397827,2.2576467990875244,2.648057222366333,2.522495985031128,2.194899797439575,2.2347002029418945,1.9258326292037964,2.0641860961914062,1.9168819189071655,1.9043104648590088,1.9737461805343628,1.7255847454071045,1.986886978149414,2.19866943359375,1.9678292274475098,2.123007297515869,1.9058341979980469,1.7670202255249023,1.4274264574050903,1.5669337511062622,1.3489747047424316,1.4939526319503784,1.5303349494934082,1.7384294271469116,2.0461480617523193,2.3046441078186035,2.564070463180542,2.808351993560791,2.6761181354522705,2.6506402492523193,2.981915235519409,3.105329751968384
A12,2.5952751636505127,2.407235860824585,2.0743181705474854,1.8472894430160522,1.5891249179840088,1.3075292110443115,1.118864893913269,0.7634114027023315,0.5387381911277771,0.5051955580711365,0.3765357434749603,0.0,0.36915597319602966,0.5252247452735901,0.8471773266792297,3.0470314025878906,2.85744047164917,2.4915220737457275,2.4113850593566895,2.043656587600708,2.017179250717163,1.736735463142395,1.6069352626800537,1.5398708581924438,1.2172012329101562,1.3697764873504639,1.6181823015213013,1.4055471420288086,1.4891717433929443,1.2636349201202393,1.358533501625061,1.3401927947998047,1.1845338344573975,1.1291290521621704,1.2679495811462402,1.2398347854614258,1.52216637134552,1.418285608291626,1.6842600107192993,1.8065065145492554,2.0030181407928467,1.6984854936599731,1.5951385498046875,1.7977793216705322,1.9568670988082886,2.6806187629699707,2.529738426208496,2.234140157699585,2.2662956714630127,1.9625707864761353,2.117262363433838,1.9712516069412231,2.0274295806884766,2.115419387817383,1.9173721075057983,2.194600820541382,2.4090867042541504,2.2000632286071777,2.395807981491089,2.207658052444458,1.795515537261963,1.4653892517089844,1.6092183589935303,1.448162317276001,1.5647141933441162,1.663176417350769,1.8507332801818848,2.181267499923706,2.448171854019165,2.679699182510376,2.9497628211975098,2.8526253700256348,2.8017725944519043,3.1406970024108887,3.2305448055267334
A13,2.3775174617767334,2.2192490100860596,1.8649940490722656,1.6951467990875244,1.4341497421264648,1.2289166450500488,1.0864802598953247,0.7109058499336243,0.6379101276397705,0.4596826434135437,0.5445562601089478,0.36915597319602966,0.0,0.3610692024230957,0.5669389367103577,2.826054573059082,2.666633129119873,2.3011677265167236,2.274759292602539,1.9250952005386353,1.9602793455123901,1.7335795164108276,1.6160109043121338,1.6304543018341064,1.3163707256317139,1.536167025566101,1.7209975719451904,1.4508953094482422,1.5567718744277954,1.299564242362976,1.4366521835327148,1.320887565612793,1.1612474918365479,0.9859094619750977,1.1017065048217773,0.9907077550888062,1.2688441276550293,1.2035133838653564,1.4584624767303467,1.6435543298721313,1.8278416395187378,1.5358253717422485,1.496092677116394,1.741896629333496,1.9427847862243652,2.704598903656006,2.5111136436462402,2.2051520347595215,2.1736245155334473,1.8390878438949585,1.9370076656341553,1.7429672479629517,1.814316749572754,1.8680644035339355,1.6976491212844849,1.9600659608840942,2.1991477012634277,2.0351614952087402,2.25563383102417,2.117849826812744,1.4455437660217285,1.1325197219848633,1.3150835037231445,1.2190932035446167,1.38739013671875,1.5549209117889404,1.7910372018814087,2.0950422286987305,2.3955843448638916,2.5939323902130127,2.886244535446167,2.772218704223633,2.677633285522461,3.0041041374206543,3.063237428665161
A14,2.6355156898498535,2.5106356143951416,2.1552977561950684,2.0159096717834473,1.7719050645828247,1.5813287496566772,1.4471513032913208,1.0712082386016846,0.9580493569374084,0.7395111322402954,0.6789815425872803,0.5252247452735901,0.3610692024230957,0.0,0.3735136389732361,3.125519275665283,2.985417604446411,2.622079610824585,2.6175363063812256,2.2745587825775146,2.316934108734131,2.0922012329101562,1.9602504968643188,1.954864263534546,1.6210036277770996,1.8003302812576294,1.9911831617355347,1.7145521640777588,1.7605199813842773,1.457632303237915,1.6736619472503662,1.5812044143676758,1.4775606393814087,1.3015615940093994,1.4406687021255493,1.2974015474319458,1.555080771446228,1.4823075532913208,1.6905544996261597,1.8978252410888672,2.0329391956329346,1.714082956314087,1.722800850868225,1.9338856935501099,2.1707515716552734,3.0633904933929443,2.8721330165863037,2.564101219177246,2.5261893272399902,2.184591054916382,2.2580244541168213,2.035637140274048,2.089384078979492,2.096060037612915,1.9088187217712402,2.1278328895568848,2.405489206314087,2.2639172077178955,2.4572689533233643,2.3179967403411865,1.5507822036743164,1.2935295104980469,1.5499423742294312,1.4947863817214966,1.7075481414794922,1.8787425756454468,2.132701873779297,2.4252736568450928,2.729755163192749,2.931429386138916,3.220170736312866,3.087435245513916,2.9901540279388428,3.307788133621216,3.3664400577545166
A15,2.6050641536712646,2.508168935775757,2.1379904747009277,2.0578417778015137,1.805763602256775,1.689713954925537,1.5701628923416138,1.216871976852417,1.1657215356826782,0.8707011342048645,0.9036442637443542,0.8471773266792297,0.5669389367103577,0.3735136389732361,0.0,3.0350708961486816,2.9206767082214355,2.5736405849456787,2.6214280128479004,2.303903341293335,2.4053943157196045,2.2233500480651855,2.124352216720581,2.176543712615967,1.8640793561935425,2.0859596729278564,2.2458558082580566,1.9451981782913208,2.0157582759857178,1.7079858779907227,1.7631757259368896,1.6084673404693604,1.5446548461914062,1.300452709197998,1.4471542835235596,1.2616088390350342,1.5099761486053467,1.5062196254730225,1.6965372562408447,1.9603586196899414,2.083869695663452,1.7937208414077759,1.8579462766647339,2.100691318511963,2.3593013286590576,3.1759517192840576,2.9612629413604736,2.6386983394622803,2.5505259037017822,2.188065767288208,2.197566270828247,1.9287488460540771,1.9642401933670044,1.9128509759902954,1.7361578941345215,1.9101845026016235,2.2200193405151367,2.127790689468384,2.3185720443725586,2.223139524459839,1.2630654573440552,1.062430500984192,1.3818715810775757,1.3913934230804443,1.664834976196289,1.869443655014038,2.165799379348755,2.4183108806610107,2.743472099304199,2.922734498977661,3.217238187789917,3.055521011352539,2.9281063079833984,3.224478244781494,3.265439748764038
B1,1.2343065738677979,1.1231863498687744,1.2066038846969604,1.4142274856567383,1.5142543315887451,1.884307622909546,2.0925769805908203,2.3300039768218994,2.6645758152008057,2.7160820960998535,3.0777881145477295,3.0470314025878906,2.826054573059082,3.125519275665283,3.0350708961486816,0.0,0.37592482566833496,0.603286862373352,0.9082780480384827,1.2177708148956299,1.5126450061798096,1.8535748720169067,2.0116372108459473,2.3811845779418945,2.513415813446045,2.8319408893585205,2.669671058654785,2.5332579612731934,2.8342201709747314,2.8938724994659424,2.8295183181762695,2.5172531604766846,2.3034727573394775,2.1233110427856445,1.8312573432922363,1.8362252712249756,1.598800778388977,1.8271820545196533,1.841632604598999,1.8620167970657349,2.0588207244873047,2.3051910400390625,2.2854905128479004,2.562720775604248,2.5355875492095947,1.9875545501708984,1.648651123046875,1.6383275985717773,1.2776978015899658,1.3318898677825928,1.137209177017212,1.2749603986740112,1.5241528749465942,1.7101655006408691,2.0353293418884277,2.204371213912964,2.048767328262329,2.1175477504730225,2.440138339996338,2.633897542953491,2.1262147426605225,2.103921413421631,1.749374508857727,1.8682245016098022,1.6465513706207275,1.8092851638793945,1.773658275604248,1.650336503982544,1.785292148590088,1.5081855058670044,1.7836906909942627,1.8677014112472534,1.5471738576889038,1.626617193222046,1.330740213394165
B2,1.3586503267288208,1.1457910537719727,1.179301381111145,1.2860398292541504,1.329785943031311,1.671170949935913,1.8440552949905396,2.1173839569091797,2.434476375579834,2.5074877738952637,2.863875389099121,2.85744047164917,2.666633129119873,2.985417604446411,2.9206767082214355,0.37592482566833496,0.0,0.39089369773864746,0.6129047274589539,0.9396072030067444,1.2370884418487549,1.5694553852081299,1.7770029306411743,2.140044927597046,2.2981104850769043,2.615891695022583,2.4832236766815186,2.3749477863311768,2.699906826019287,2.776475429534912,2.5304114818573,2.236546754837036,2.0255846977233887,1.8926305770874023,1.6138237714767456,1.6893771886825562,1.503839373588562,1.7400436401367188,1.821946620941162,1.8244376182556152,2.0759193897247314,2.2868399620056152,2.2157480716705322,2.5050244331359863,2.452404022216797,1.6397671699523926,1.309239149093628,1.2822721004486084,0.9227198958396912,1.0208598375320435,0.8653795719146729,1.0894147157669067,1.3147996664047241,1.5582518577575684,1.8504273891448975,2.0529634952545166,1.870530128479004,1.8852930068969727,2.20405912399292,2.368443727493286,2.0929579734802246,2.012451648712158,1.6335442066192627,1.6778725385665894,1.4107449054718018,1.5173611640930176,1.4395325183868408,1.303924798965454,1.4187359809875488,1.1432301998138428,1.429793357849121,1.5309544801712036,1.2321871519088745,1.3553333282470703,1.1098157167434692
B3,1.125259518623352,0.8640471696853638,0.8238063454627991,0.9074376225471497,0.9455377459526062,1.2991641759872437,1.496387243270874,1.7542176246643066,2.084221363067627,2.1656219959259033,2.520815849304199,2.4915220737457275,2.3011677265167236,2.622079610824585,2.5736405849456787,0.603286862373352,0.39089369773864746,0.0,0.3888804316520691,0.6237847805023193,0.9521021842956543,1.2684025764465332,1.44058358669281,1.810327172279358,1.9383610486984253,2.2652034759521484,2.1369829177856445,2.0055463314056396,2.3283848762512207,2.3915648460388184,2.281113386154175,1.9863649606704712,1.7378764152526855,1.5814191102981567,1.2727198600769043,1.3267155885696411,1.1293977499008179,1.3528435230255127,1.4519225358963013,1.4595947265625,1.7313767671585083,1.9180097579956055,1.8407704830169678,2.141812324523926,2.1068527698516846,1.5693551301956177,1.2091400623321533,1.125342845916748,0.7604320049285889,0.7608942985534668,0.6531456708908081,0.8521540760993958,1.1490778923034668,1.4164410829544067,1.6780357360839844,1.925029993057251,1.8007975816726685,1.7809277772903442,2.1246402263641357,2.2507200241088867,1.8392713069915771,1.7216790914535522,1.3509422540664673,1.3938124179840088,1.1177524328231812,1.278993010520935,1.23079514503479,1.1899462938308716,1.373538851737976,1.1808868646621704,1.517977237701416,1.5957635641098022,1.3169968128204346,1.5225472450256348,1.3415017127990723
B4,1.2769889831542969,0.9396381378173828,0.9239199161529541,0.8439174294471741,0.8754522204399109,1.1512494087219238,1.3385117053985596,1.6507821083068848,1.9628803730010986,2.1037838459014893,2.440030574798584,2.4113850593566895,2.274759292602539,2.6175363063812256,2.6214280128479004,0.9082780480384827,0.6129047274589539,0.3888804316520691,0.0,0.37707170844078064,0.6246854662895203,0.9674255847930908,1.1808099746704102,1.5365760326385498,1.7220567464828491,2.02620267868042,1.903913140296936,1.8303520679473877,2.1712188720703125,2.282651424407959,2.140542507171631,1.892106533050537,1.6163629293441772,1.5392522811889648,1.2315089702606201,1.3635796308517456,1.2145521640777588,1.37566077709198,1.5185412168502808,1.4544590711593628,1.7640138864517212,1.930366039276123,1.781007170677185,2.062922239303589,1.9712257385253906,1.1979925632476807,0.8303601741790771,0.7855627536773682,0.4753721058368683,0.6130686402320862,0.7090750932693481,1.0002137422561646,1.2629485130310059,1.5845743417739868,1.7854691743850708,2.07214093208313,1.9338992834091187,1.8413527011871338,2.171668291091919,2.2424609661102295,2.0506677627563477,1.8692423105239868,1.5016735792160034,1.4524016380310059,1.1144236326217651,1.1946547031402588,1.0471051931381226,1.0519187450408936,1.1815427541732788,1.0209970474243164,1.3510643243789673,1.4917258024215698,1.286476731300354,1.535040020942688,1.4235081672668457
B5,1.3381246328353882,0.9819595813751221,0.8486548662185669,0.6394861340522766,0.5594717264175415,0.7879672050476074,0.9625365734100342,1.2812000513076782,1.5896295309066772,1.7466787099838257,2.0752599239349365,2.043656587600708,1.9250952005386353,2.2745587825775146,2.303903341293335,1.2177708148956299,0.9396072030067444,0.6237847805023193,0.37707170844078064,0.0,0.3809109628200531,0.6481799483299255,0.8664137125015259,1.2234609127044678,1.380016803741455,1.700223684310913,1.6168614625930786,1.5289522409439087,1.8796920776367188,1.9750655889511108,1.825939655303955,1.5894955396652222,1.2820563316345215,1.2146230936050415,0.9002432227134705,1.0661122798919678,0.9750978946685791,1.1133368015289307,1.3218986988067627,1.269033432006836,1.6129904985427856,1.7152234315872192,1.5379718542099,1.8367990255355835,1.7619694471359253,1.1777125597000122,0.8301612734794617,0.6619977355003357,0.43152517080307007,0.3894493579864502,0.6375833749771118,0.8833290934562683,1.1456223726272583,1.4794467687606812,1.6175930500030518,1.9404680728912354,1.849505066871643,1.7102984189987183,2.0437068939208984,2.06550931930542,1.8760614395141602,1.642032265663147,1.2990204095840454,1.1977416276931763,0.8462028503417969,0.9358909726142883,0.8074285387992859,0.9359568357467651,1.126008152961731,1.0831353664398193,1.4266886711120605,1.5226173400878906,1.3571687936782837,1.6607153415679932,1.6138116121292114
B6,1.4668976068496704,1.0933685302734375,1.0174874067306519,0.6999711990356445,0.6855849623680115,0.7436291575431824,0.9311105012893677,1.2742364406585693,1.5557706356048584,1.7851672172546387,2.0759713649749756,2.017179250717163,1.9602793455123901,2.316934108734131,2.4053943157196045,1.5126450061798096,1.2370884418487549,0.9521021842956543,0.6246854662895203,0.3809109628200531,0.0,0.3759506046772003,0.5928757786750793,0.9249535799026489,1.1557495594024658,1.432953953742981,1.3355745077133179,1.3204866647720337,1.6757429838180542,1.8320822715759277,1.8486902713775635,1.678800106048584,1.339282751083374,1.348525881767273,1.0524730682373047,1.2367817163467407,1.1692838668823242,1.1963974237442017,1.4027798175811768,1.2633490562438965,1.6122812032699585,1.6986136436462402,1.4528117179870605,1.706478238105774,1.5673589706420898,0.9910308122634888,0.674278736114502,0.595393717288971,0.6005312204360962,0.6650204658508301,0.9924361109733582,1.232021689414978,1.4693313837051392,1.8091809749603271,1.901225209236145,2.2420504093170166,2.158980369567871,1.977256178855896,2.2914509773254395,2.262000560760498,2.157369613647461,1.8892356157302856,1.581620216369629,1.4384278059005737,1.0883500576019287,1.119186282157898,0.9190194010734558,1.1186126470565796,1.240529179573059,1.246878743171692,1.5488072633743286,1.6963932514190674,1.5991771221160889,1.9119056463241577,1.8991180658340454
B7,1.7272435426712036,1.368017554283142,1.2270255088806152,0.8553528189659119,0.7304180860519409,0.5852608680725098,0.6749950647354126,1.0279008150100708,1.2600091695785522,1.5314723253250122,1.7878248691558838,1.736735463142395,1.7335795164108276,2.0922012329101562,2.2233500480651855,1.8535748720169067,1.5694553852081299,1.2684025764465332,0.9674255847930908,0.6481799483299255,0.3759506046772003,0.0,0.37704479694366455,0.6378970742225647,0.8691863417625427,1.1429486274719238,1.126640796661377,1.1367112398147583,1.4966212511062622,1.6482592821121216,1.5786833763122559,1.4615274667739868,1.1058653593063354,1.1842169761657715,0.9476599097251892,1.1784666776657104,1.2070657014846802,1.1906284093856812,1.4527608156204224,1.3254870176315308,1.682373046875,1.6886876821517944,1.4068955183029175,1.6526880264282227,1.5199143886566162,1.0473328828811646,0.8346211314201355,0.6683478951454163,0.8062509894371033,0.779506504535675,1.1461447477340698,1.3374196290969849,1.5253480672836304,1.855954647064209,1.875416874885559,2.2332916259765625,2.1824252605438232,1.9540960788726807,2.2458763122558594,2.1582579612731934,2.161752939224243,1.8492006063461304,1.5883322954177856,1.3815401792526245,1.0594059228897095,1.0405765771865845,0.8490311503410339,1.1439262628555298,1.2733570337295532,1.3813570737838745,1.659240484237671,1.7718461751937866,1.7278462648391724,2.066599130630493,2.11000657081604
B8,1.6336663961410522,1.305531620979309,1.1690025329589844,0.7758886218070984,0.7390807867050171,0.5044304132461548,0.7059264183044434,0.9613429307937622,1.2072926759719849,1.5050941705703735,1.7349048852920532,1.6069352626800537,1.6160109043121338,1.9602504968643188,2.124352216720581,2.0116372108459473,1.7770029306411743,1.44058358669281,1.1808099746704102,0.8664137125015259,0.5928757786750793,0.37704479694366455,0.0,0.37235376238822937,0.5725564956665039,0.8463946580886841,0.7737320065498352,0.7684604525566101,1.127272129058838,1.3023854494094849,1.7468891143798828,1.6429929733276367,1.2635880708694458,1.2912331819534302,1.036240577697754,1.1672248840332031,1.161979079246521,1.0296562910079956,1.2562403678894043,1.0790425539016724,1.416564702987671,1.3961207866668701,1.081613302230835,1.2974196672439575,1.156886100769043,1.354064702987671,1.1434946060180664,1.0359890460968018,1.1342933177947998,1.0643507242202759,1.3939690589904785,1.5239949226379395,1.7521218061447144,2.0556657314300537,2.071415901184082,2.4309070110321045,2.4273874759674072,2.214165449142456,2.5152382850646973,2.42087459564209,2.1926469802856445,1.8806391954421997,1.6708393096923828,1.5096160173416138,1.2389945983886719,1.29976487159729,1.1779367923736572,1.4906675815582275,1.6451606750488281,1.744637131690979,2.0317890644073486,2.1399917602539062,2.076524257659912,2.413682460784912,2.4327409267425537
B9,1.9492170810699463,1.6393725872039795,1.5096584558486938,1.1217594146728516,1.0735529661178589,0.7581680417060852,0.8475614190101624,1.0312873125076294,1.1819937229156494,1.5278098583221436,1.6861299276351929,1.5398708581924438,1.6304543018341064,1.954864263534546,2.176543712615967,2.3811845779418945,2.140044927597046,1.810327172279358,1.5365760326385498,1.2234609127044678,0.9249535799026489,0.6378970742225647,0.37235376238822937,0.0,0.3744259774684906,0.5252697467803955,0.5374721884727478,0.6644425392150879,0.9814476370811462,1.2003490924835205,1.7591522932052612,1.730338215827942,1.3652987480163574,1.4555360078811646,1.2695459127426147,1.4054776430130005,1.4496842622756958,1.2695434093475342,1.4902843236923218,1.2986819744110107,1.5991737842559814,1.5207687616348267,1.174034833908081,1.316559910774231,1.1462808847427368,1.4913464784622192,1.36117422580719,1.270801067352295,1.4425400495529175,1.3819266557693481,1.7252914905548096,1.8441526889801025,2.0406432151794434,2.335177183151245,2.305839776992798,2.668724775314331,2.68159556388855,2.4391555786132812,2.7149274349212646,2.575683355331421,2.4338526725769043,2.1009597778320312,1.9357750415802002,1.744059681892395,1.5060920715332031,1.5254000425338745,1.3989906311035156,1.7358378171920776,1.8626699447631836,2.0063493251800537,2.26261568069458,2.372396945953369,2.3518078327178955,2.6959497928619385,2.746222734451294
B10,1.9768232107162476,1.7077606916427612,1.5198602676391602,1.1597349643707275,1.0750212669372559,0.7132565975189209,0.7773997187614441,0.8171461224555969,0.9463430643081665,1.2838902473449707,1.4152487516403198,1.2172012329101562,1.3163707256317139,1.6210036277770996,1.8640793561935425,2.513415813446045,2.2981104850769043,1.9383610486984253,1.7220567464828491,1.380016803741455,1.1557495594024658,0.8691863417625427,0.5725564956665039,0.3744259774684906,0.0,0.3655056953430176,0.49161767959594727,0.4508203864097595,0.7442551255226135,0.8831535577774048,1.6998628377914429,1.6663691997528076,1.3060731887817383,1.3462717533111572,1.1929560899734497,1.2624163627624512,1.3413264751434326,1.1153805255889893,1.342726707458496,1.2019892930984497,1.4750587940216064,1.3164615631103516,0.989321768283844,1.1402521133422852,1.0630834102630615,1.8231161832809448,1.671143889427185,1.5253851413726807,1.6457023620605469,1.503401279449463,1.806941270828247,1.8527101278305054,2.0463314056396484,2.3011863231658936,2.2453362941741943,2.6012468338012695,2.6670401096343994,2.435194253921509,2.7098021507263184,2.5627505779266357,2.261706829071045,1.9255712032318115,1.8250375986099243,1.6541588306427002,1.4876490831375122,1.5580229759216309,1.5169041156768799,1.873836874961853,2.052056312561035,2.213019371032715,2.488553524017334,2.5517685413360596,2.5107991695404053,2.861208915710449,2.90852952003479
B11,2.241774559020996,1.9844449758529663,1.833905816078186,1.4769871234893799,1.4305909872055054,1.0764464139938354,1.118533968925476,1.131968379020691,1.1807279586791992,1.5293755531311035,1.5878806114196777,1.3697764873504639,1.536167025566101,1.8003302812576294,2.0859596729278564,2.8319408893585205,2.615891695022583,2.2652034759521484,2.02620267868042,1.700223684310913,1.432953953742981,1.1429486274719238,0.8463946580886841,0.5252697467803955,0.3655056953430176,0.0,0.37291163206100464,0.5333527326583862,0.6777358651161194,0.8934974670410156,1.9124988317489624,1.9358608722686768,1.5970100164413452,1.6759519577026367,1.5504826307296753,1.6179195642471313,1.692995309829712,1.438955307006836,1.6258336305618286,1.4486373662948608,1.674411654472351,1.5017300844192505,1.1630252599716187,1.2079238891601562,1.0818300247192383,1.9872342348098755,1.8825684785842896,1.779895544052124,1.9449447393417358,1.8376113176345825,2.156536817550659,2.2154312133789062,2.402067184448242,2.658250331878662,2.5877511501312256,2.9430925846099854,3.010206460952759,2.7640981674194336,3.0233733654022217,2.8519885540008545,2.6004679203033447,2.263348340988159,2.1826059818267822,2.0053207874298096,1.843736171722412,1.8880720138549805,1.822110891342163,2.1800382137298584,2.3267033100128174,2.498702049255371,2.7522644996643066,2.8351988792419434,2.820599317550659,3.1713173389434814,3.230034351348877
B12,1.9887986183166504,1.7480374574661255,1.6538763046264648,1.3158148527145386,1.3662704229354858,1.0778727531433105,1.2344586849212646,1.2881200313568115,1.424385905265808,1.7534879446029663,1.8608176708221436,1.6181823015213013,1.7209975719451904,1.9911831617355347,2.2458558082580566,2.669671058654785,2.4832236766815186,2.1369829177856445,1.903913140296936,1.6168614625930786,1.3355745077133179,1.126640796661377,0.7737320065498352,0.5374721884727478,0.49161767959594727,0.37291163206100464,0.0,0.367885023355484,0.533767580986023,0.8553577661514282,2.1751954555511475,2.1508638858795166,1.7862457036972046,1.8156996965408325,1.619402527809143,1.6455129384994507,1.6386505365371704,1.352739691734314,1.4739890098571777,1.2307697534561157,1.4330271482467651,1.3180580139160156,0.9584861397743225,0.9581883549690247,0.7549753189086914,1.9618937969207764,1.8185551166534424,1.7722058296203613,1.904250144958496,1.8275244235992432,2.137282609939575,2.212263584136963,2.4461748600006104,2.713257074356079,2.692352294921875,3.048084020614624,3.101680278778076,2.8827176094055176,3.168870449066162,3.0336861610412598,2.6395416259765625,2.3286099433898926,2.219787359237671,2.0897316932678223,1.8998897075653076,1.9855468273162842,1.9025323390960693,2.2395715713500977,2.385410785675049,2.5071887969970703,2.7767271995544434,2.890723705291748,2.8453478813171387,3.1853644847869873,3.205051898956299
B13,1.7850806713104248,1.5762861967086792,1.431404948234558,1.1277530193328857,1.1692990064620972,0.9007358551025391,1.0949956178665161,1.079443097114563,1.2602752447128296,1.5452566146850586,1.6789816617965698,1.4055471420288086,1.4508953094482422,1.7145521640777588,1.9451981782913208,2.5332579612731934,2.3749477863311768,2.0055463314056396,1.8303520679473877,1.5289522409439087,1.3204866647720337,1.1367112398147583,0.7684604525566101,0.6644425392150879,0.4508203864097595,0.5333527326583862,0.367885023355484,0.0,0.3620952367782593,0.5784761309623718,2.105757236480713,2.034899950027466,1.6678098440170288,1.6247143745422363,1.4161206483840942,1.373382568359375,1.3545955419540405,1.0380152463912964,1.1495271921157837,0.9473356008529663,1.1445852518081665,0.9824153780937195,0.6336456537246704,0.7037410140037537,0.6349833607673645,2.0928990840911865,1.897899866104126,1.802322268486023,1.8667703866958618,1.7279994487762451,1.9942034482955933,2.0155582427978516,2.2638442516326904,2.501488447189331,2.4878294467926025,2.8331260681152344,2.9183709621429443,2.7267098426818848,3.025381088256836,2.9115726947784424,2.330150842666626,2.0344395637512207,1.9550962448120117,1.8670297861099243,1.7190159559249878,1.8645155429840088,1.8440916538238525,2.181208610534668,2.3762106895446777,2.488729476928711,2.7871196269989014,2.8658406734466553,2.7831454277038574,3.122398614883423,3.122565507888794
