0.000000000000000000e+00,3.759254515171051025e-01,6.025246381759643555e-01,9.190581440925598145e-01,1.238109111785888672e+00,1.538612246513366699e+00,1.882042169570922852e+00,1.998420715332031250e+00,2.361944675445556641e+00,2.455283880233764648e+00,2.773275613784790039e+00,2.595275163650512695e+00,2.377517461776733398e+00,2.635515689849853516e+00,2.605064153671264648e+00,1.234306573867797852e+00,1.358650326728820801e+00,1.125259518623352051e+00,1.276988983154296875e+00,1.338124632835388184e+00,1.466897606849670410e+00,1.727243542671203613e+00,1.633666396141052246e+00,1.949217081069946289e+00,1.976823210716247559e+00,2.241774559020996094e+00,1.988798618316650391e+00,1.785080671310424805e+00,1.978018283843994141e+00,2.020577669143676758e+00,2.938958883285522461e+00,2.659936189651489258e+00,2.339651584625244141e+00,2.097401857376098633e+00,1.739990949630737305e+00,1.561962842941284180e+00,1.203377604484558105e+00,1.179748892784118652e+00,9.734843373298645020e-01,9.067215323448181152e-01,9.436879158020019531e-01,1.275757789611816406e+00,1.335325360298156738e+00,1.531364083290100098e+00,1.563338518142700195e+00,2.332737922668457031e+00,1.966859340667724609e+00,1.961150527000427246e+00,1.705748438835144043e+00,1.633698105812072754e+00,1.609690546989440918e+00,1.617291331291198730e+00,1.986508607864379883e+00,2.164764881134033203e+00,2.405409574508666992e+00,2.647136926651000977e+00,2.653790950775146484e+00,2.665516853332519531e+00,3.027920722961425781e+00,3.130697965621948242e+00,2.049988269805908203e+00,1.994812965393066406e+00,1.772398471832275391e+00,1.953849196434020996e+00,1.786509275436401367e+00,2.078857660293579102e+00,2.093857765197753906e+00,2.193411111831665039e+00,2.411397695541381836e+00,2.271041870117187500e+00,2.610876321792602539e+00,2.704158306121826172e+00,2.434435367584228516e+00,2.640474796295166016e+00,2.429042339324951172e+00
3.759254515171051025e-01,0.000000000000000000e+00,3.837401568889617920e-01,6.094791889190673828e-01,9.448390007019042969e-01,1.245299696922302246e+00,1.586739063262939453e+00,1.753229379653930664e+00,2.115648984909057617e+00,2.240733146667480469e+00,2.562712669372558594e+00,2.407235860824584961e+00,2.219249010086059570e+00,2.510635614395141602e+00,2.508168935775756836e+00,1.123186349868774414e+00,1.145791053771972656e+00,8.640471696853637695e-01,9.396381378173828125e-01,9.819595813751220703e-01,1.093368530273437500e+00,1.368017554283142090e+00,1.305531620979309082e+00,1.639372587203979492e+00,1.707760691642761230e+00,1.984444975852966309e+00,1.748037457466125488e+00,1.576286196708679199e+00,1.820289373397827148e+00,1.897816896438598633e+00,2.644326925277709961e+00,2.380659341812133789e+00,2.050338745117187500e+00,1.847819805145263672e+00,1.481327176094055176e+00,1.369421482086181641e+00,1.039287686347961426e+00,1.030772924423217773e+00,9.304164648056030273e-01,8.142926692962646484e-01,9.884491562843322754e-01,1.274270415306091309e+00,1.237926602363586426e+00,1.469371914863586426e+00,1.447989225387573242e+00,1.962833046913146973e+00,1.597838759422302246e+00,1.591818571090698242e+00,1.355258941650390625e+00,1.305224061012268066e+00,1.335251331329345703e+00,1.399435758590698242e+00,1.765918374061584473e+00,1.991887450218200684e+00,2.212043523788452148e+00,2.483455896377563477e+00,2.464735507965087891e+00,2.435652494430541992e+00,2.795948028564453125e+00,2.875215053558349609e+00,2.003063917160034180e+00,1.888882637023925781e+00,1.625874042510986328e+00,1.742331624031066895e+00,1.523573160171508789e+00,1.781416177749633789e+00,1.759556174278259277e+00,1.870840191841125488e+00,2.074220895767211914e+00,1.948540925979614258e+00,2.287700891494750977e+00,2.396509885787963867e+00,2.151895999908447266e+00,2.381669521331787109e+00,2.202817916870117188e+00
6.025246381759643555e-01,3.837401568889617920e-01,0.000000000000000000e+00,3.935421109199523926e-01,6.440376043319702148e-01,9.744425415992736816e-01,1.297511816024780273e+00,1.428186535835266113e+00,1.793720006942749023e+00,1.886964917182922363e+00,2.216764211654663086e+00,2.074318170547485352e+00,1.864994049072265625e+00,2.155297756195068359e+00,2.137990474700927734e+00,1.206603884696960449e+00,1.179301381111145020e+00,8.238063454627990723e-01,9.239199161529541016e-01,8.486548662185668945e-01,1.017487406730651855e+00,1.227025508880615234e+00,1.169002532958984375e+00,1.509658455848693848e+00,1.519860267639160156e+00,1.833905816078186035e+00,1.653876304626464844e+00,1.431404948234558105e+00,1.691093206405639648e+00,1.711220979690551758e+00,2.336864709854125977e+00,2.059422016143798828e+00,1.737355589866638184e+00,1.500484585762023926e+00,1.139649629592895508e+00,9.933647513389587402e-01,6.564635038375854492e-01,6.949129104614257812e-01,6.649894714355468750e-01,6.679431796073913574e-01,9.138801097869873047e-01,1.110965371131896973e+00,1.089806079864501953e+00,1.389136075973510742e+00,1.431527376174926758e+00,1.962497353553771973e+00,1.600753307342529297e+00,1.502798080444335938e+00,1.255475163459777832e+00,1.103560805320739746e+00,1.117327570915222168e+00,1.112459301948547363e+00,1.480383157730102539e+00,1.690125226974487305e+00,1.884805202484130859e+00,2.163290262222290039e+00,2.180216550827026367e+00,2.144793033599853516e+00,2.506083011627197266e+00,2.574802637100219727e+00,1.646966814994812012e+00,1.512546539306640625e+00,1.262658357620239258e+00,1.386924505233764648e+00,1.202983379364013672e+00,1.498825073242187500e+00,1.537181615829467773e+00,1.678151130676269531e+00,1.929576635360717773e+00,1.851795911788940430e+00,2.207675695419311523e+00,2.263822555541992188e+00,2.019209623336791992e+00,2.275142669677734375e+00,2.128666162490844727e+00
9.190581440925598145e-01,6.094791889190673828e-01,3.935421109199523926e-01,0.000000000000000000e+00,3.809043765068054199e-01,6.358665227890014648e-01,9.827661514282226562e-01,1.161272525787353516e+00,1.518784642219543457e+00,1.673598051071166992e+00,1.987709760665893555e+00,1.847289443016052246e+00,1.695146799087524414e+00,2.015909671783447266e+00,2.057841777801513672e+00,1.414227485656738281e+00,1.286039829254150391e+00,9.074376225471496582e-01,8.439174294471740723e-01,6.394861340522766113e-01,6.999711990356445312e-01,8.553528189659118652e-01,7.758886218070983887e-01,1.121759414672851562e+00,1.159734964370727539e+00,1.476987123489379883e+00,1.315814852714538574e+00,1.127753019332885742e+00,1.431100487709045410e+00,1.494917154312133789e+00,2.074600696563720703e+00,1.837567687034606934e+00,1.484725475311279297e+00,1.312462568283081055e+00,9.473800659179687500e-01,8.911749720573425293e-01,6.535446643829345703e-01,6.117776632308959961e-01,7.276417613029479980e-01,6.312789916992187500e-01,9.740933179855346680e-01,1.092636466026306152e+00,9.481194019317626953e-01,1.254761815071105957e+00,1.240262031555175781e+00,1.685948491096496582e+00,1.346834301948547363e+00,1.236327886581420898e+00,1.070773005485534668e+00,9.259328842163085938e-01,1.070063829421997070e+00,1.125012397766113281e+00,1.462822198867797852e+00,1.722022652626037598e+00,1.856482625007629395e+00,2.175127267837524414e+00,2.183913469314575195e+00,2.082583189010620117e+00,2.433391332626342773e+00,2.449189662933349609e+00,1.756362318992614746e+00,1.541816353797912598e+00,1.290160059928894043e+00,1.306458234786987305e+00,1.069026350975036621e+00,1.310783028602600098e+00,1.301957726478576660e+00,1.506078600883483887e+00,1.740437269210815430e+00,1.717015266418457031e+00,2.064862966537475586e+00,2.139096975326538086e+00,1.947991132736206055e+00,2.241801261901855469e+00,2.152605533599853516e+00
1.238109111785888672e+00,9.448390007019042969e-01,6.440376043319702148e-01,3.809043765068054199e-01,0.000000000000000000e+00,3.908664882183074951e-01,6.644768714904785156e-01,8.605703711509704590e-01,1.215668797492980957e+00,1.347430586814880371e+00,1.678669691085815430e+00,1.589124917984008789e+00,1.434149742126464844e+00,1.771905064582824707e+00,1.805763602256774902e+00,1.514254331588745117e+00,1.329785943031311035e+00,9.455377459526062012e-01,8.754522204399108887e-01,5.594717264175415039e-01,6.855849623680114746e-01,7.304180860519409180e-01,7.390807867050170898e-01,1.073552966117858887e+00,1.075021266937255859e+00,1.430590987205505371e+00,1.366270422935485840e+00,1.169299006462097168e+00,1.494663834571838379e+00,1.511942028999328613e+00,1.710257053375244141e+00,1.460398316383361816e+00,1.114624142646789551e+00,9.351539015769958496e-01,5.698884129524230957e-01,5.899884700775146484e-01,4.908120036125183105e-01,5.741012692451477051e-01,8.474055528640747070e-01,8.687139749526977539e-01,1.220727920532226562e+00,1.241329312324523926e+00,1.095108509063720703e+00,1.433555722236633301e+00,1.451272249221801758e+00,1.627733826637268066e+00,1.314566612243652344e+00,1.099948167800903320e+00,9.429712295532226562e-01,6.906332373619079590e-01,8.530898690223693848e-01,8.724843859672546387e-01,1.169695734977722168e+00,1.434581279754638672e+00,1.522880196571350098e+00,1.857870936393737793e+00,1.879218935966491699e+00,1.749200344085693359e+00,2.092735290527343750e+00,2.088212013244628906e+00,1.529962062835693359e+00,1.267259478569030762e+00,1.006477713584899902e+00,9.547000527381896973e-01,7.114086151123046875e-01,9.584035277366638184e-01,1.000993251800537109e+00,1.238408327102661133e+00,1.510519623756408691e+00,1.545324802398681641e+00,1.894075274467468262e+00,1.917020678520202637e+00,1.743785858154296875e+00,2.060718774795532227e+00,2.019273519515991211e+00
1.538612246513366699e+00,1.245299696922302246e+00,9.744425415992736816e-01,6.358665227890014648e-01,3.908664882183074951e-01,0.000000000000000000e+00,3.691143989562988281e-01,5.783792734146118164e-01,9.106933474540710449e-01,1.123704075813293457e+00,1.414243340492248535e+00,1.307529211044311523e+00,1.228916645050048828e+00,1.581328749656677246e+00,1.689713954925537109e+00,1.884307622909545898e+00,1.671170949935913086e+00,1.299164175987243652e+00,1.151249408721923828e+00,7.879672050476074219e-01,7.436291575431823730e-01,5.852608680725097656e-01,5.044304132461547852e-01,7.581680417060852051e-01,7.132565975189208984e-01,1.076446413993835449e+00,1.077872753143310547e+00,9.007358551025390625e-01,1.238972187042236328e+00,1.268438339233398438e+00,1.509737372398376465e+00,1.327671647071838379e+00,9.486678838729858398e-01,8.568155169486999512e-01,5.700305700302124023e-01,6.661251187324523926e-01,7.245421409606933594e-01,6.640636324882507324e-01,9.817424416542053223e-01,9.567874670028686523e-01,1.308519005775451660e+00,1.239627957344055176e+00,1.017342209815979004e+00,1.329356431961059570e+00,1.328565716743469238e+00,1.611542463302612305e+00,1.359048485755920410e+00,1.130098938941955566e+00,1.103521704673767090e+00,8.718824982643127441e-01,1.121556758880615234e+00,1.146758913993835449e+00,1.373600363731384277e+00,1.637041330337524414e+00,1.642330646514892578e+00,1.996223330497741699e+00,2.040250778198242188e+00,1.853133440017700195e+00,2.168147563934326172e+00,2.096141099929809570e+00,1.694803237915039062e+00,1.377250313758850098e+00,1.187140583992004395e+00,1.044348716735839844e+00,8.308463692665100098e-01,9.895044565200805664e-01,1.009713649749755859e+00,1.328850269317626953e+00,1.577201247215270996e+00,1.687935113906860352e+00,2.009816169738769531e+00,2.034183502197265625e+00,1.923323512077331543e+00,2.263708114624023438e+00,2.275489091873168945e+00
1.882042169570922852e+00,1.586739063262939453e+00,1.297511816024780273e+00,9.827661514282226562e-01,6.644768714904785156e-01,3.691143989562988281e-01,0.000000000000000000e+00,3.788127601146697998e-01,6.338924765586853027e-01,8.618190288543701172e-01,1.145493149757385254e+00,1.118864893913269043e+00,1.086480259895324707e+00,1.447151303291320801e+00,1.570162892341613770e+00,2.092576980590820312e+00,1.844055294990539551e+00,1.496387243270874023e+00,1.338511705398559570e+00,9.625365734100341797e-01,9.311105012893676758e-01,6.749950647354125977e-01,7.059264183044433594e-01,8.475614190101623535e-01,7.773997187614440918e-01,1.118533968925476074e+00,1.234458684921264648e+00,1.094995617866516113e+00,1.413952350616455078e+00,1.412247300148010254e+00,1.144675493240356445e+00,9.888896942138671875e-01,6.057000756263732910e-01,6.088615059852600098e-01,4.723273515701293945e-01,7.117281556129455566e-01,9.229071140289306641e-01,9.315533041954040527e-01,1.280025601387023926e+00,1.302319884300231934e+00,1.641574382781982422e+00,1.524575829505920410e+00,1.310735702514648438e+00,1.609719038009643555e+00,1.618141889572143555e+00,1.622017383575439453e+00,1.428064227104187012e+00,1.132514595985412598e+00,1.161291241645812988e+00,9.011511206626892090e-01,1.157550573348999023e+00,1.167303323745727539e+00,1.298635959625244141e+00,1.551487565040588379e+00,1.479949593544006348e+00,1.840276956558227539e+00,1.892351031303405762e+00,1.658842444419860840e+00,1.941475749015808105e+00,1.821627974510192871e+00,1.681167960166931152e+00,1.325891971588134766e+00,1.165180563926696777e+00,9.190515279769897461e-01,7.420669794082641602e-01,8.009747266769409180e-01,8.554360866546630859e-01,1.209994792938232422e+00,1.459951519966125488e+00,1.642632246017456055e+00,1.936747312545776367e+00,1.917799115180969238e+00,1.852416396141052246e+00,2.204489231109619141e+00,2.272307395935058594e+00
1.998420715332031250e+00,1.753229379653930664e+00,1.428186535835266113e+00,1.161272525787353516e+00,8.605703711509704590e-01,5.783792734146118164e-01,3.788127601146697998e-01,0.000000000000000000e+00,3.655711114406585693e-01,5.570388436317443848e-01,8.375464081764221191e-01,7.634114027023315430e-01,7.109058499336242676e-01,1.071208238601684570e+00,1.216871976852416992e+00,2.330003976821899414e+00,2.117383956909179688e+00,1.754217624664306641e+00,1.650782108306884766e+00,1.281200051307678223e+00,1.274236440658569336e+00,1.027900815010070801e+00,9.613429307937622070e-01,1.031287312507629395e+00,8.171461224555969238e-01,1.131968379020690918e+00,1.288120031356811523e+00,1.079443097114562988e+00,1.332588195800781250e+00,1.237172484397888184e+00,1.164893031120300293e+00,1.019921422004699707e+00,6.925703883171081543e-01,5.976226925849914551e-01,5.757607221603393555e-01,6.563298702239990234e-01,9.308527708053588867e-01,8.898224830627441406e-01,1.232712149620056152e+00,1.316932320594787598e+00,1.610916018486022949e+00,1.417604684829711914e+00,1.250495195388793945e+00,1.543306350708007812e+00,1.626440525054931641e+00,1.997456073760986328e+00,1.804682374000549316e+00,1.509296894073486328e+00,1.513113856315612793e+00,1.216154932975769043e+00,1.405937075614929199e+00,1.323679327964782715e+00,1.440169215202331543e+00,1.622952461242675781e+00,1.510078787803649902e+00,1.849899053573608398e+00,1.975049734115600586e+00,1.760728120803833008e+00,2.028170824050903320e+00,1.895673274993896484e+00,1.547066688537597656e+00,1.182417035102844238e+00,1.136538743972778320e+00,9.316424727439880371e-01,9.029807448387145996e-01,1.025542736053466797e+00,1.171622633934020996e+00,1.511540055274963379e+00,1.785960316658020020e+00,1.977009177207946777e+00,2.272378206253051758e+00,2.216555118560791016e+00,2.139035463333129883e+00,2.484859943389892578e+00,2.548611402511596680e+00
2.361944675445556641e+00,2.115648984909057617e+00,1.793720006942749023e+00,1.518784642219543457e+00,1.215668797492980957e+00,9.106933474540710449e-01,6.338924765586853027e-01,3.655711114406585693e-01,0.000000000000000000e+00,3.716341853141784668e-01,5.320966243743896484e-01,5.387381911277770996e-01,6.379101276397705078e-01,9.580493569374084473e-01,1.165721535682678223e+00,2.664575815200805664e+00,2.434476375579833984e+00,2.084221363067626953e+00,1.962880373001098633e+00,1.589629530906677246e+00,1.555770635604858398e+00,1.260009169578552246e+00,1.207292675971984863e+00,1.181993722915649414e+00,9.463430643081665039e-01,1.180727958679199219e+00,1.424385905265808105e+00,1.260275244712829590e+00,1.465678334236145020e+00,1.351642847061157227e+00,9.799754619598388672e-01,9.365226030349731445e-01,6.959378123283386230e-01,7.282458543777465820e-01,8.605990409851074219e-01,9.737866520881652832e-01,1.279647588729858398e+00,1.236533761024475098e+00,1.566714286804199219e+00,1.649047732353210449e+00,1.924219965934753418e+00,1.693061590194702148e+00,1.521358013153076172e+00,1.774987339973449707e+00,1.856513381004333496e+00,2.159224033355712891e+00,2.018679618835449219e+00,1.710840344429016113e+00,1.766226172447204590e+00,1.482296824455261230e+00,1.678629517555236816e+00,1.594578742980957031e+00,1.644295215606689453e+00,1.800202965736389160e+00,1.618191123008728027e+00,1.940942764282226562e+00,2.084859848022460938e+00,1.837687492370605469e+00,2.054344654083251953e+00,1.864424467086791992e+00,1.727099418640136719e+00,1.355677247047424316e+00,1.370517849922180176e+00,1.121933102607727051e+00,1.144816637039184570e+00,1.183288812637329102e+00,1.330147027969360352e+00,1.672998666763305664e+00,1.923465013504028320e+00,2.162841558456420898e+00,2.425305604934692383e+00,2.346643447875976562e+00,2.313802242279052734e+00,2.661008834838867188e+00,2.765936374664306641e+00
2.455283880233764648e+00,2.240733146667480469e+00,1.886964917182922363e+00,1.673598051071166992e+00,1.347430586814880371e+00,1.123704075813293457e+00,8.618190288543701172e-01,5.570388436317443848e-01,3.716341853141784668e-01,0.000000000000000000e+00,3.662269413471221924e-01,5.051955580711364746e-01,4.596826434135437012e-01,7.395111322402954102e-01,8.707011342048645020e-01,2.716082096099853516e+00,2.507487773895263672e+00,2.165621995925903320e+00,2.103783845901489258e+00,1.746678709983825684e+00,1.785167217254638672e+00,1.531472325325012207e+00,1.505094170570373535e+00,1.527809858322143555e+00,1.283890247344970703e+00,1.529375553131103516e+00,1.753487944602966309e+00,1.545256614685058594e+00,1.728389859199523926e+00,1.552012205123901367e+00,9.787024259567260742e-01,8.738780617713928223e-01,7.478985190391540527e-01,6.659951806068420410e-01,8.947579264640808105e-01,9.466115832328796387e-01,1.290821194648742676e+00,1.309888839721679688e+00,1.630661487579345703e+00,1.787268161773681641e+00,2.039031744003295898e+00,1.796837210655212402e+00,1.694542884826660156e+00,1.968875765800476074e+00,2.102582216262817383e+00,2.411255836486816406e+00,2.252526283264160156e+00,1.916781783103942871e+00,1.916902422904968262e+00,1.590751528739929199e+00,1.710021853446960449e+00,1.554265499114990234e+00,1.560384511947631836e+00,1.644742369651794434e+00,1.427627444267272949e+00,1.714783430099487305e+00,1.912623882293701172e+00,1.695302128791809082e+00,1.894428610801696777e+00,1.718878269195556641e+00,1.478699564933776855e+00,1.118770718574523926e+00,1.216539144515991211e+00,9.952636957168579102e-01,1.138093352317810059e+00,1.212459087371826172e+00,1.445092678070068359e+00,1.746165752410888672e+00,2.028877973556518555e+00,2.262843132019042969e+00,2.528049468994140625e+00,2.398175477981567383e+00,2.341966390609741211e+00,2.672826766967773438e+00,2.774527788162231445e+00
2.773275613784790039e+00,2.562712669372558594e+00,2.216764211654663086e+00,1.987709760665893555e+00,1.678669691085815430e+00,1.414243340492248535e+00,1.145493149757385254e+00,8.375464081764221191e-01,5.320966243743896484e-01,3.662269413471221924e-01,0.000000000000000000e+00,3.765357434749603271e-01,5.445562601089477539e-01,6.789815425872802734e-01,9.036442637443542480e-01,3.077788114547729492e+00,2.863875389099121094e+00,2.520815849304199219e+00,2.440030574798583984e+00,2.075259923934936523e+00,2.075971364974975586e+00,1.787824869155883789e+00,1.734904885292053223e+00,1.686129927635192871e+00,1.415248751640319824e+00,1.587880611419677734e+00,1.860817670822143555e+00,1.678981661796569824e+00,1.808194994926452637e+00,1.614484786987304688e+00,1.059461116790771484e+00,1.071767330169677734e+00,1.012087941169738770e+00,1.013510704040527344e+00,1.251482009887695312e+00,1.299332976341247559e+00,1.631379723548889160e+00,1.606729388236999512e+00,1.908345222473144531e+00,2.048135757446289062e+00,2.277045011520385742e+00,1.998906254768371582e+00,1.889721393585205078e+00,2.121070623397827148e+00,2.257646799087524414e+00,2.648057222366333008e+00,2.522495985031127930e+00,2.194899797439575195e+00,2.234700202941894531e+00,1.925832629203796387e+00,2.064186096191406250e+00,1.916881918907165527e+00,1.904310464859008789e+00,1.973746180534362793e+00,1.725584745407104492e+00,1.986886978149414062e+00,2.198669433593750000e+00,1.967829227447509766e+00,2.123007297515869141e+00,1.905834197998046875e+00,1.767020225524902344e+00,1.427426457405090332e+00,1.566933751106262207e+00,1.348974704742431641e+00,1.493952631950378418e+00,1.530334949493408203e+00,1.738429427146911621e+00,2.046148061752319336e+00,2.304644107818603516e+00,2.564070463180541992e+00,2.808351993560791016e+00,2.676118135452270508e+00,2.650640249252319336e+00,2.981915235519409180e+00,3.105329751968383789e+00
2.595275163650512695e+00,2.407235860824584961e+00,2.074318170547485352e+00,1.847289443016052246e+00,1.589124917984008789e+00,1.307529211044311523e+00,1.118864893913269043e+00,7.634114027023315430e-01,5.387381911277770996e-01,5.051955580711364746e-01,3.765357434749603271e-01,0.000000000000000000e+00,3.691559731960296631e-01,5.252247452735900879e-01,8.471773266792297363e-01,3.047031402587890625e+00,2.857440471649169922e+00,2.491522073745727539e+00,2.411385059356689453e+00,2.043656587600708008e+00,2.017179250717163086e+00,1.736735463142395020e+00,1.606935262680053711e+00,1.539870858192443848e+00,1.217201232910156250e+00,1.369776487350463867e+00,1.618182301521301270e+00,1.405547142028808594e+00,1.489171743392944336e+00,1.263634920120239258e+00,1.358533501625061035e+00,1.340192794799804688e+00,1.184533834457397461e+00,1.129129052162170410e+00,1.267949581146240234e+00,1.239834785461425781e+00,1.522166371345520020e+00,1.418285608291625977e+00,1.684260010719299316e+00,1.806506514549255371e+00,2.003018140792846680e+00,1.698485493659973145e+00,1.595138549804687500e+00,1.797779321670532227e+00,1.956867098808288574e+00,2.680618762969970703e+00,2.529738426208496094e+00,2.234140157699584961e+00,2.266295671463012695e+00,1.962570786476135254e+00,2.117262363433837891e+00,1.971251606941223145e+00,2.027429580688476562e+00,2.115419387817382812e+00,1.917372107505798340e+00,2.194600820541381836e+00,2.409086704254150391e+00,2.200063228607177734e+00,2.395807981491088867e+00,2.207658052444458008e+00,1.795515537261962891e+00,1.465389251708984375e+00,1.609218358993530273e+00,1.448162317276000977e+00,1.564714193344116211e+00,1.663176417350769043e+00,1.850733280181884766e+00,2.181267499923706055e+00,2.448171854019165039e+00,2.679699182510375977e+00,2.949762821197509766e+00,2.852625370025634766e+00,2.801772594451904297e+00,3.140697002410888672e+00,3.230544805526733398e+00
2.377517461776733398e+00,2.219249010086059570e+00,1.864994049072265625e+00,1.695146799087524414e+00,1.434149742126464844e+00,1.228916645050048828e+00,1.086480259895324707e+00,7.109058499336242676e-01,6.379101276397705078e-01,4.596826434135437012e-01,5.445562601089477539e-01,3.691559731960296631e-01,0.000000000000000000e+00,3.610692024230957031e-01,5.669389367103576660e-01,2.826054573059082031e+00,2.666633129119873047e+00,2.301167726516723633e+00,2.274759292602539062e+00,1.925095200538635254e+00,1.960279345512390137e+00,1.733579516410827637e+00,1.616010904312133789e+00,1.630454301834106445e+00,1.316370725631713867e+00,1.536167025566101074e+00,1.720997571945190430e+00,1.450895309448242188e+00,1.556771874427795410e+00,1.299564242362976074e+00,1.436652183532714844e+00,1.320887565612792969e+00,1.161247491836547852e+00,9.859094619750976562e-01,1.101706504821777344e+00,9.907077550888061523e-01,1.268844127655029297e+00,1.203513383865356445e+00,1.458462476730346680e+00,1.643554329872131348e+00,1.827841639518737793e+00,1.535825371742248535e+00,1.496092677116394043e+00,1.741896629333496094e+00,1.942784786224365234e+00,2.704598903656005859e+00,2.511113643646240234e+00,2.205152034759521484e+00,2.173624515533447266e+00,1.839087843894958496e+00,1.937007665634155273e+00,1.742967247962951660e+00,1.814316749572753906e+00,1.868064403533935547e+00,1.697649121284484863e+00,1.960065960884094238e+00,2.199147701263427734e+00,2.035161495208740234e+00,2.255633831024169922e+00,2.117849826812744141e+00,1.445543766021728516e+00,1.132519721984863281e+00,1.315083503723144531e+00,1.219093203544616699e+00,1.387390136718750000e+00,1.554920911788940430e+00,1.791037201881408691e+00,2.095042228698730469e+00,2.395584344863891602e+00,2.593932390213012695e+00,2.886244535446166992e+00,2.772218704223632812e+00,2.677633285522460938e+00,3.004104137420654297e+00,3.063237428665161133e+00
2.635515689849853516e+00,2.510635614395141602e+00,2.155297756195068359e+00,2.015909671783447266e+00,1.771905064582824707e+00,1.581328749656677246e+00,1.447151303291320801e+00,1.071208238601684570e+00,9.580493569374084473e-01,7.395111322402954102e-01,6.789815425872802734e-01,5.252247452735900879e-01,3.610692024230957031e-01,0.000000000000000000e+00,3.735136389732360840e-01,3.125519275665283203e+00,2.985417604446411133e+00,2.622079610824584961e+00,2.617536306381225586e+00,2.274558782577514648e+00,2.316934108734130859e+00,2.092201232910156250e+00,1.960250496864318848e+00,1.954864263534545898e+00,1.621003627777099609e+00,1.800330281257629395e+00,1.991183161735534668e+00,1.714552164077758789e+00,1.760519981384277344e+00,1.457632303237915039e+00,1.673661947250366211e+00,1.581204414367675781e+00,1.477560639381408691e+00,1.301561594009399414e+00,1.440668702125549316e+00,1.297401547431945801e+00,1.555080771446228027e+00,1.482307553291320801e+00,1.690554499626159668e+00,1.897825241088867188e+00,2.032939195632934570e+00,1.714082956314086914e+00,1.722800850868225098e+00,1.933885693550109863e+00,2.170751571655273438e+00,3.063390493392944336e+00,2.872133016586303711e+00,2.564101219177246094e+00,2.526189327239990234e+00,2.184591054916381836e+00,2.258024454116821289e+00,2.035637140274047852e+00,2.089384078979492188e+00,2.096060037612915039e+00,1.908818721771240234e+00,2.127832889556884766e+00,2.405489206314086914e+00,2.263917207717895508e+00,2.457268953323364258e+00,2.317996740341186523e+00,1.550782203674316406e+00,1.293529510498046875e+00,1.549942374229431152e+00,1.494786381721496582e+00,1.707548141479492188e+00,1.878742575645446777e+00,2.132701873779296875e+00,2.425273656845092773e+00,2.729755163192749023e+00,2.931429386138916016e+00,3.220170736312866211e+00,3.087435245513916016e+00,2.990154027938842773e+00,3.307788133621215820e+00,3.366440057754516602e+00
2.605064153671264648e+00,2.508168935775756836e+00,2.137990474700927734e+00,2.057841777801513672e+00,1.805763602256774902e+00,1.689713954925537109e+00,1.570162892341613770e+00,1.216871976852416992e+00,1.165721535682678223e+00,8.707011342048645020e-01,9.036442637443542480e-01,8.471773266792297363e-01,5.669389367103576660e-01,3.735136389732360840e-01,0.000000000000000000e+00,3.035070896148681641e+00,2.920676708221435547e+00,2.573640584945678711e+00,2.621428012847900391e+00,2.303903341293334961e+00,2.405394315719604492e+00,2.223350048065185547e+00,2.124352216720581055e+00,2.176543712615966797e+00,1.864079356193542480e+00,2.085959672927856445e+00,2.245855808258056641e+00,1.945198178291320801e+00,2.015758275985717773e+00,1.707985877990722656e+00,1.763175725936889648e+00,1.608467340469360352e+00,1.544654846191406250e+00,1.300452709197998047e+00,1.447154283523559570e+00,1.261608839035034180e+00,1.509976148605346680e+00,1.506219625473022461e+00,1.696537256240844727e+00,1.960358619689941406e+00,2.083869695663452148e+00,1.793720841407775879e+00,1.857946276664733887e+00,2.100691318511962891e+00,2.359301328659057617e+00,3.175951719284057617e+00,2.961262941360473633e+00,2.638698339462280273e+00,2.550525903701782227e+00,2.188065767288208008e+00,2.197566270828247070e+00,1.928748846054077148e+00,1.964240193367004395e+00,1.912850975990295410e+00,1.736157894134521484e+00,1.910184502601623535e+00,2.220019340515136719e+00,2.127790689468383789e+00,2.318572044372558594e+00,2.223139524459838867e+00,1.263065457344055176e+00,1.062430500984191895e+00,1.381871581077575684e+00,1.391393423080444336e+00,1.664834976196289062e+00,1.869443655014038086e+00,2.165799379348754883e+00,2.418310880661010742e+00,2.743472099304199219e+00,2.922734498977661133e+00,3.217238187789916992e+00,3.055521011352539062e+00,2.928106307983398438e+00,3.224478244781494141e+00,3.265439748764038086e+00
1.234306573867797852e+00,1.123186349868774414e+00,1.206603884696960449e+00,1.414227485656738281e+00,1.514254331588745117e+00,1.884307622909545898e+00,2.092576980590820312e+00,2.330003976821899414e+00,2.664575815200805664e+00,2.716082096099853516e+00,3.077788114547729492e+00,3.047031402587890625e+00,2.826054573059082031e+00,3.125519275665283203e+00,3.035070896148681641e+00,0.000000000000000000e+00,3.759248256683349609e-01,6.032868623733520508e-01,9.082780480384826660e-01,1.217770814895629883e+00,1.512645006179809570e+00,1.853574872016906738e+00,2.011637210845947266e+00,2.381184577941894531e+00,2.513415813446044922e+00,2.831940889358520508e+00,2.669671058654785156e+00,2.533257961273193359e+00,2.834220170974731445e+00,2.893872499465942383e+00,2.829518318176269531e+00,2.517253160476684570e+00,2.303472757339477539e+00,2.123311042785644531e+00,1.831257343292236328e+00,1.836225271224975586e+00,1.598800778388977051e+00,1.827182054519653320e+00,1.841632604598999023e+00,1.862016797065734863e+00,2.058820724487304688e+00,2.305191040039062500e+00,2.285490512847900391e+00,2.562720775604248047e+00,2.535587549209594727e+00,1.987554550170898438e+00,1.648651123046875000e+00,1.638327598571777344e+00,1.277697801589965820e+00,1.331889867782592773e+00,1.137209177017211914e+00,1.274960398674011230e+00,1.524152874946594238e+00,1.710165500640869141e+00,2.035329341888427734e+00,2.204371213912963867e+00,2.048767328262329102e+00,2.117547750473022461e+00,2.440138339996337891e+00,2.633897542953491211e+00,2.126214742660522461e+00,2.103921413421630859e+00,1.749374508857727051e+00,1.868224501609802246e+00,1.646551370620727539e+00,1.809285163879394531e+00,1.773658275604248047e+00,1.650336503982543945e+00,1.785292148590087891e+00,1.508185505867004395e+00,1.783690690994262695e+00,1.867701411247253418e+00,1.547173857688903809e+00,1.626617193222045898e+00,1.330740213394165039e+00
1.358650326728820801e+00,1.145791053771972656e+00,1.179301381111145020e+00,1.286039829254150391e+00,1.329785943031311035e+00,1.671170949935913086e+00,1.844055294990539551e+00,2.117383956909179688e+00,2.434476375579833984e+00,2.507487773895263672e+00,2.863875389099121094e+00,2.857440471649169922e+00,2.666633129119873047e+00,2.985417604446411133e+00,2.920676708221435547e+00,3.759248256683349609e-01,0.000000000000000000e+00,3.908936977386474609e-01,6.129047274589538574e-01,9.396072030067443848e-01,1.237088441848754883e+00,1.569455385208129883e+00,1.777002930641174316e+00,2.140044927597045898e+00,2.298110485076904297e+00,2.615891695022583008e+00,2.483223676681518555e+00,2.374947786331176758e+00,2.699906826019287109e+00,2.776475429534912109e+00,2.530411481857299805e+00,2.236546754837036133e+00,2.025584697723388672e+00,1.892630577087402344e+00,1.613823771476745605e+00,1.689377188682556152e+00,1.503839373588562012e+00,1.740043640136718750e+00,1.821946620941162109e+00,1.824437618255615234e+00,2.075919389724731445e+00,2.286839962005615234e+00,2.215748071670532227e+00,2.505024433135986328e+00,2.452404022216796875e+00,1.639767169952392578e+00,1.309239149093627930e+00,1.282272100448608398e+00,9.227198958396911621e-01,1.020859837532043457e+00,8.653795719146728516e-01,1.089414715766906738e+00,1.314799666404724121e+00,1.558251857757568359e+00,1.850427389144897461e+00,2.052963495254516602e+00,1.870530128479003906e+00,1.885293006896972656e+00,2.204059123992919922e+00,2.368443727493286133e+00,2.092957973480224609e+00,2.012451648712158203e+00,1.633544206619262695e+00,1.677872538566589355e+00,1.410744905471801758e+00,1.517361164093017578e+00,1.439532518386840820e+00,1.303924798965454102e+00,1.418735980987548828e+00,1.143230199813842773e+00,1.429793357849121094e+00,1.530954480171203613e+00,1.232187151908874512e+00,1.355333328247070312e+00,1.109815716743469238e+00
1.125259518623352051e+00,8.640471696853637695e-01,8.238063454627990723e-01,9.074376225471496582e-01,9.455377459526062012e-01,1.299164175987243652e+00,1.496387243270874023e+00,1.754217624664306641e+00,2.084221363067626953e+00,2.165621995925903320e+00,2.520815849304199219e+00,2.491522073745727539e+00,2.301167726516723633e+00,2.622079610824584961e+00,2.573640584945678711e+00,6.032868623733520508e-01,3.908936977386474609e-01,0.000000000000000000e+00,3.888804316520690918e-01,6.237847805023193359e-01,9.521021842956542969e-01,1.268402576446533203e+00,1.440583586692810059e+00,1.810327172279357910e+00,1.938361048698425293e+00,2.265203475952148438e+00,2.136982917785644531e+00,2.005546331405639648e+00,2.328384876251220703e+00,2.391564846038818359e+00,2.281113386154174805e+00,1.986364960670471191e+00,1.737876415252685547e+00,1.581419110298156738e+00,1.272719860076904297e+00,1.326715588569641113e+00,1.129397749900817871e+00,1.352843523025512695e+00,1.451922535896301270e+00,1.459594726562500000e+00,1.731376767158508301e+00,1.918009757995605469e+00,1.840770483016967773e+00,2.141812324523925781e+00,2.106852769851684570e+00,1.569355130195617676e+00,1.209140062332153320e+00,1.125342845916748047e+00,7.604320049285888672e-01,7.608942985534667969e-01,6.531456708908081055e-01,8.521540760993957520e-01,1.149077892303466797e+00,1.416441082954406738e+00,1.678035736083984375e+00,1.925029993057250977e+00,1.800797581672668457e+00,1.780927777290344238e+00,2.124640226364135742e+00,2.250720024108886719e+00,1.839271306991577148e+00,1.721679091453552246e+00,1.350942254066467285e+00,1.393812417984008789e+00,1.117752432823181152e+00,1.278993010520935059e+00,1.230795145034790039e+00,1.189946293830871582e+00,1.373538851737976074e+00,1.180886864662170410e+00,1.517977237701416016e+00,1.595763564109802246e+00,1.316996812820434570e+00,1.522547245025634766e+00,1.341501712799072266e+00
1.276988983154296875e+00,9.396381378173828125e-01,9.239199161529541016e-01,8.439174294471740723e-01,8.754522204399108887e-01,1.151249408721923828e+00,1.338511705398559570e+00,1.650782108306884766e+00,1.962880373001098633e+00,2.103783845901489258e+00,2.440030574798583984e+00,2.411385059356689453e+00,2.274759292602539062e+00,2.617536306381225586e+00,2.621428012847900391e+00,9.082780480384826660e-01,6.129047274589538574e-01,3.888804316520690918e-01,0.000000000000000000e+00,3.770717084407806396e-01,6.246854662895202637e-01,9.674255847930908203e-01,1.180809974670410156e+00,1.536576032638549805e+00,1.722056746482849121e+00,2.026202678680419922e+00,1.903913140296936035e+00,1.830352067947387695e+00,2.171218872070312500e+00,2.282651424407958984e+00,2.140542507171630859e+00,1.892106533050537109e+00,1.616362929344177246e+00,1.539252281188964844e+00,1.231508970260620117e+00,1.363579630851745605e+00,1.214552164077758789e+00,1.375660777091979980e+00,1.518541216850280762e+00,1.454459071159362793e+00,1.764013886451721191e+00,1.930366039276123047e+00,1.781007170677185059e+00,2.062922239303588867e+00,1.971225738525390625e+00,1.197992563247680664e+00,8.303601741790771484e-01,7.855627536773681641e-01,4.753721058368682861e-01,6.130686402320861816e-01,7.090750932693481445e-01,1.000213742256164551e+00,1.262948513031005859e+00,1.584574341773986816e+00,1.785469174385070801e+00,2.072140932083129883e+00,1.933899283409118652e+00,1.841352701187133789e+00,2.171668291091918945e+00,2.242460966110229492e+00,2.050667762756347656e+00,1.869242310523986816e+00,1.501673579216003418e+00,1.452401638031005859e+00,1.114423632621765137e+00,1.194654703140258789e+00,1.047105193138122559e+00,1.051918745040893555e+00,1.181542754173278809e+00,1.020997047424316406e+00,1.351064324378967285e+00,1.491725802421569824e+00,1.286476731300354004e+00,1.535040020942687988e+00,1.423508167266845703e+00
1.338124632835388184e+00,9.819595813751220703e-01,8.486548662185668945e-01,6.394861340522766113e-01,5.594717264175415039e-01,7.879672050476074219e-01,9.625365734100341797e-01,1.281200051307678223e+00,1.589629530906677246e+00,1.746678709983825684e+00,2.075259923934936523e+00,2.043656587600708008e+00,1.925095200538635254e+00,2.274558782577514648e+00,2.303903341293334961e+00,1.217770814895629883e+00,9.396072030067443848e-01,6.237847805023193359e-01,3.770717084407806396e-01,0.000000000000000000e+00,3.809109628200531006e-01,6.481799483299255371e-01,8.664137125015258789e-01,1.223460912704467773e+00,1.380016803741455078e+00,1.700223684310913086e+00,1.616861462593078613e+00,1.528952240943908691e+00,1.879692077636718750e+00,1.975065588951110840e+00,1.825939655303955078e+00,1.589495539665222168e+00,1.282056331634521484e+00,1.214623093605041504e+00,9.002432227134704590e-01,1.066112279891967773e+00,9.750978946685791016e-01,1.113336801528930664e+00,1.321898698806762695e+00,1.269033432006835938e+00,1.612990498542785645e+00,1.715223431587219238e+00,1.537971854209899902e+00,1.836799025535583496e+00,1.761969447135925293e+00,1.177712559700012207e+00,8.301612734794616699e-01,6.619977355003356934e-01,4.315251708030700684e-01,3.894493579864501953e-01,6.375833749771118164e-01,8.833290934562683105e-01,1.145622372627258301e+00,1.479446768760681152e+00,1.617593050003051758e+00,1.940468072891235352e+00,1.849505066871643066e+00,1.710298418998718262e+00,2.043706893920898438e+00,2.065509319305419922e+00,1.876061439514160156e+00,1.642032265663146973e+00,1.299020409584045410e+00,1.197741627693176270e+00,8.462028503417968750e-01,9.358909726142883301e-01,8.074285387992858887e-01,9.359568357467651367e-01,1.126008152961730957e+00,1.083135366439819336e+00,1.426688671112060547e+00,1.522617340087890625e+00,1.357168793678283691e+00,1.660715341567993164e+00,1.613811612129211426e+00
1.466897606849670410e+00,1.093368530273437500e+00,1.017487406730651855e+00,6.999711990356445312e-01,6.855849623680114746e-01,7.436291575431823730e-01,9.311105012893676758e-01,1.274236440658569336e+00,1.555770635604858398e+00,1.785167217254638672e+00,2.075971364974975586e+00,2.017179250717163086e+00,1.960279345512390137e+00,2.316934108734130859e+00,2.405394315719604492e+00,1.512645006179809570e+00,1.237088441848754883e+00,9.521021842956542969e-01,6.246854662895202637e-01,3.809109628200531006e-01,0.000000000000000000e+00,3.759506046772003174e-01,5.928757786750793457e-01,9.249535799026489258e-01,1.155749559402465820e+00,1.432953953742980957e+00,1.335574507713317871e+00,1.320486664772033691e+00,1.675742983818054199e+00,1.832082271575927734e+00,1.848690271377563477e+00,1.678800106048583984e+00,1.339282751083374023e+00,1.348525881767272949e+00,1.052473068237304688e+00,1.236781716346740723e+00,1.169283866882324219e+00,1.196397423744201660e+00,1.402779817581176758e+00,1.263349056243896484e+00,1.612281203269958496e+00,1.698613643646240234e+00,1.452811717987060547e+00,1.706478238105773926e+00,1.567358970642089844e+00,9.910308122634887695e-01,6.742787361145019531e-01,5.953937172889709473e-01,6.005312204360961914e-01,6.650204658508300781e-01,9.924361109733581543e-01,1.232021689414978027e+00,1.469331383705139160e+00,1.809180974960327148e+00,1.901225209236145020e+00,2.242050409317016602e+00,2.158980369567871094e+00,1.977256178855895996e+00,2.291450977325439453e+00,2.262000560760498047e+00,2.157369613647460938e+00,1.889235615730285645e+00,1.581620216369628906e+00,1.438427805900573730e+00,1.088350057601928711e+00,1.119186282157897949e+00,9.190194010734558105e-01,1.118612647056579590e+00,1.240529179573059082e+00,1.246878743171691895e+00,1.548807263374328613e+00,1.696393251419067383e+00,1.599177122116088867e+00,1.911905646324157715e+00,1.899118065834045410e+00
