,A1,A2,A3,A4,A5,A6,A7,A8,A9,A10,A11,A12,A13,A14,A15,B1,B2,B3,B4,B5,B6,B7,B8,B9,B10,B11,B12,B13,B14,B15,C1,C2,C3,C4,C5,C6,C7,C8,C9,C10,C11,C12,C13,C14,C15,D1,D2,D3,D4,D5,D6,D7,D8,D9,D10,D11,D12,D13,D14,D15,E1,E2,E3,E4,E5,E6,E7,E8,E9,E10,E11,E12,E13,E14,E15
A1,0.0,0.38618701696395874,0.5622304677963257,0.9188161492347717,1.156914234161377,1.458118200302124,1.7276763916015625,1.9983375072479248,2.0012624263763428,2.061617374420166,2.3504152297973633,2.5062942504882812,2.5878617763519287,2.7417848110198975,3.012871503829956,0.9256815910339355,0.8371444344520569,0.8121715784072876,0.7750082015991211,1.1683591604232788,1.3102284669876099,1.585009217262268,1.7527915239334106,1.9390009641647339,2.0646257400512695,2.202880382537842,2.3534111976623535,2.59134840965271,2.6998822689056396,2.909257173538208,1.509554147720337,1.2620983123779297,1.5770857334136963,1.5701030492782593,1.7010600566864014,2.019761800765991,2.035731554031372,2.3791308403015137,2.5555672645568848,2.431673288345337,2.57523775100708,2.8963398933410645,3.0145182609558105,2.9707348346710205,3.3018226623535156,1.0434682369232178,0.9302131533622742,1.286262035369873,1.4808632135391235,1.56033194065094,1.939861536026001,2.031466007232666,2.399106502532959,2.4395089149475098,2.3373336791992188,2.6012473106384277,2.8710310459136963,2.919870138168335,2.9583709239959717,3.286985397338867,1.5259898900985718,1.2707090377807617,1.444110631942749,1.3013054132461548,1.5472512245178223,1.7517808675765991,1.8252674341201782,2.070770502090454,2.337803840637207,2.31411075592041,2.3800301551818848,2.651211977005005,2.87123966217041,2.854609966278076,3.131838798522949
A2,0.38618701696395874,0.0,0.38457486033439636,0.6424677968025208,0.8707903027534485,1.205511450767517,1.430374264717102,1.7300022840499878,1.7765434980392456,1.8006880283355713,2.0650370121002197,2.260089635848999,2.357252359390259,2.473675489425659,2.753105640411377,0.7972026467323303,0.5613657236099243,0.5859048366546631,0.5158504247665405,0.8816074728965759,1.1017649173736572,1.3308247327804565,1.564638376235962,1.742243766784668,1.8096095323562622,1.9680476188659668,2.161998748779297,2.3692760467529297,2.4525563716888428,2.6975159645080566,1.2364245653152466,0.9357084631919861,1.2192838191986084,1.1968109607696533,1.3154507875442505,1.6396576166152954,1.6700433492660522,2.0171899795532227,2.18137788772583,2.0720884799957275,2.2327091693878174,2.5408482551574707,2.660048484802246,2.6392390727996826,2.968773365020752,0.8944860696792603,0.6560893654823303,0.9902291893959045,1.126408576965332,1.2054165601730347,1.5821655988693237,1.669201135635376,2.034242630004883,2.1010842323303223,2.0081992149353027,2.2539854049682617,2.52658748626709,2.601738929748535,2.637155532836914,2.952986478805542,1.270137906074524,0.9609357118606567,1.1347222328186035,0.9979219436645508,1.207305669784546,1.4537845849990845,1.5228477716445923,1.8073478937149048,2.0398731231689453,1.9978972673416138,2.1029036045074463,2.380678653717041,2.5713510513305664,2.5663418769836426,2.8645832538604736
A3,0.5622304677963257,0.38457486033439636,0.0,0.38723093271255493,0.6213020086288452,0.8978796601295471,1.1839097738265991,1.4385212659835815,1.46226966381073,1.5426243543624878,1.8109877109527588,1.9615141153335571,2.0725278854370117,2.2261037826538086,2.478858709335327,1.1663439273834229,0.888842761516571,0.8259724974632263,0.5539522767066956,0.8487868905067444,0.9681473970413208,1.1453351974487305,1.3347887992858887,1.579757571220398,1.6496644020080566,1.7410850524902344,1.9412856101989746,2.1869027614593506,2.2422406673431396,2.461296796798706,1.3975108861923218,1.0879491567611694,1.3496613502502441,1.3387153148651123,1.3491355180740356,1.6857435703277588,1.655210256576538,2.0270352363586426,2.151771306991577,1.98481023311615,2.1620335578918457,2.489135265350342,2.5590932369232178,2.5131778717041016,2.8656649589538574,0.8752344846725464,0.6578584909439087,0.9007760286331177,1.0849148035049438,1.073874592781067,1.4502841234207153,1.543054461479187,1.907267689704895,1.9072104692459106,1.8098888397216797,2.100745916366577,2.3490421772003174,2.382821798324585,2.446988344192505,2.7733876705169678,1.5865596532821655,1.24098801612854,1.385630488395691,1.1913032531738281,1.2965816259384155,1.5165154933929443,1.4878313541412354,1.7770622968673706,2.0300776958465576,1.9309080839157104,1.993096947669983,2.307941198348999,2.4885973930358887,2.429630994796753,2.7322638034820557
A4,0.9188161492347717,0.6424677968025208,0.38723093271255493,0.0,0.3947409391403198,0.6169949769973755,0.8891952037811279,1.1330050230026245,1.2373031377792358,1.3216814994812012,1.5333020687103271,1.7038052082061768,1.8651230335235596,1.9905776977539062,2.224083662033081,1.347523808479309,0.9999215006828308,0.9963275790214539,0.701748788356781,0.8406717777252197,0.9909257292747498,1.0367259979248047,1.2782293558120728,1.5449107885360718,1.5300252437591553,1.5950853824615479,1.857102632522583,2.08138370513916,2.077609062194824,2.323747396469116,1.2501342296600342,0.9356778860092163,1.1426680088043213,1.1654307842254639,1.1017117500305176,1.4555526971817017,1.4321743249893188,1.8158667087554932,1.883397102355957,1.7132261991500854,1.9393236637115479,2.2470955848693848,2.2829911708831787,2.266788959503174,2.629812479019165,0.7914942502975464,0.5165501236915588,0.5960941910743713,0.7591307759284973,0.7130425572395325,1.0818513631820679,1.2137739658355713,1.5597501993179321,1.5503093004226685,1.4938371181488037,1.7929050922393799,2.013338804244995,2.067995309829712,2.162930965423584,2.469095230102539,1.5871421098709106,1.2198282480239868,1.369706392288208,1.2061375379562378,1.2076693773269653,1.4658608436584473,1.3838601112365723,1.7182115316390991,1.9217307567596436,1.7649956941604614,1.8615168333053589,2.1990537643432617,2.326714038848877,2.2527668476104736,2.5851519107818604
A5,1.156914234161377,0.8707903027534485,0.6213020086288452,0.3947409391403198,0.0,0.3812541365623474,0.5710627436637878,0.8742522597312927,0.9275556802749634,0.9534686207771301,1.2013386487960815,1.3927074670791626,1.5133395195007324,1.6285895109176636,1.8886631727218628,1.4751447439193726,1.1168838739395142,1.0094568729400635,0.6578876376152039,0.6075972318649292,0.6852317452430725,0.6512739062309265,0.9110580086708069,1.1737585067749023,1.1393184661865234,1.204504370689392,1.4740201234817505,1.6882404088974,1.6863571405410767,1.938438057899475,1.5066990852355957,1.1555171012878418,1.254475712776184,1.172194480895996,1.0020277500152588,1.296515941619873,1.1789814233779907,1.5592931509017944,1.6373625993728638,1.418509602546692,1.6118656396865845,1.9430757761001587,1.9729090929031372,1.9188733100891113,2.283747434616089,1.17637300491333,0.869409441947937,0.8588694334030151,0.8698680996894836,0.6405317187309265,0.9707319140434265,0.9857532382011414,1.3534005880355835,1.3278965950012207,1.194858193397522,1.4941364526748657,1.744715690612793,1.765994906425476,1.8266706466674805,2.1543712615966797,1.707732915878296,1.322360873222351,1.3647114038467407,1.1254836320877075,1.0270397663116455,1.2171365022659302,1.0601298809051514,1.3820254802703857,1.5949479341506958,1.4163321256637573,1.4820523262023926,1.8296209573745728,1.959901213645935,1.8696253299713135,2.1965548992156982
A6,1.458118200302124,1.205511450767517,0.8978796601295471,0.6169949769973755,0.3812541365623474,0.0,0.3814518451690674,0.5418389439582825,0.6294764280319214,0.7664455771446228,0.9594473838806152,1.0899598598480225,1.2706996202468872,1.417724370956421,1.6223390102386475,1.8496277332305908,1.4861160516738892,1.390229344367981,1.0310126543045044,0.9389694333076477,0.9181134700775146,0.7483099102973938,0.9196483492851257,1.2412865161895752,1.1639646291732788,1.1108812093734741,1.4100347757339478,1.6454576253890991,1.5727616548538208,1.7988923788070679,1.7052870988845825,1.3924449682235718,1.4659944772720337,1.4261069297790527,1.1852551698684692,1.4568076133728027,1.3055002689361572,1.6740318536758423,1.6768996715545654,1.41097092628479,1.6365476846694946,1.956343650817871,1.9124256372451782,1.8496124744415283,2.232394218444824,1.3129490613937378,1.073419213294983,0.9479078054428101,0.9777582287788391,0.6757001876831055,0.9036528468132019,0.9418485760688782,1.253708839416504,1.1254773139953613,1.01934015750885,1.373298168182373,1.5614044666290283,1.5385197401046753,1.6574046611785889,1.9774795770645142,2.0346806049346924,1.6524230241775513,1.7020177841186523,1.4760465621948242,1.3167335987091064,1.4800487756729126,1.2456082105636597,1.5499716997146606,1.739639401435852,1.4928873777389526,1.5242339372634888,1.8974640369415283,1.9835478067398071,1.830570101737976,2.1647286415100098
A7,1.7276763916015625,1.430374264717102,1.1839097738265991,0.8891952037811279,0.5710627436637878,0.3814518451690674,0.0,0.3831125497817993,0.5425953269004822,0.5096875429153442,0.6491757035255432,0.8850563168525696,1.0571742057800293,1.1220803260803223,1.3585599660873413,1.958593487739563,1.5870137214660645,1.486085057258606,1.1638243198394775,0.9432795643806458,0.9330242276191711,0.636541485786438,0.8598362803459167,1.111063003540039,0.9284403920173645,0.8889230489730835,1.2418885231018066,1.408554196357727,1.2958499193191528,1.5709657669067383,1.7958362102508545,1.4763095378875732,1.4493987560272217,1.3529069423675537,1.0326212644577026,1.2263388633728027,1.0219899415969849,1.3648567199707031,1.339362621307373,1.047888159751892,1.2788718938827515,1.5902740955352783,1.5323896408081055,1.473517656326294,1.8570917844772339,1.57406747341156,1.2905977964401245,1.1146260499954224,1.0075669288635254,0.6217842102050781,0.7229316234588623,0.6346575021743774,0.9373118877410889,0.8202239871025085,0.6533814072608948,0.9972789883613586,1.2111287117004395,1.2006993293762207,1.2930686473846436,1.6139857769012451,2.0512542724609375,1.6773027181625366,1.6634501218795776,1.4408544301986694,1.1888099908828735,1.3163700103759766,1.031151533126831,1.334769606590271,1.466263771057129,1.1777957677841187,1.2348027229309082,1.6082926988601685,1.6490612030029297,1.4969964027404785,1.8499581813812256
A8,1.9983375072479248,1.7300022840499878,1.4385212659835815,1.1330050230026245,0.8742522597312927,0.5418389439582825,0.3831125497817993,0.0,0.3831835091114044,0.5318387746810913,0.5122587084770203,0.6167486906051636,0.8947952389717102,1.0032120943069458,1.1406402587890625,2.315486431121826,1.9414334297180176,1.847409725189209,1.5064854621887207,1.3109815120697021,1.2467542886734009,0.9330639243125916,1.0370643138885498,1.320041298866272,1.1339975595474243,0.9648813009262085,1.309118390083313,1.4935659170150757,1.3058089017868042,1.528291940689087,2.038018226623535,1.7550716400146484,1.7342100143432617,1.6849366426467896,1.351993203163147,1.5294979810714722,1.3244956731796265,1.6318814754486084,1.5367753505706787,1.2228442430496216,1.4668318033218384,1.7457082271575928,1.6055933237075806,1.538036584854126,1.9250565767288208,1.746522307395935,1.5240287780761719,1.2968530654907227,1.2358418703079224,0.8702167272567749,0.8639817833900452,0.8301430344581604,1.0065913200378418,0.745151937007904,0.6472043395042419,1.0307759046554565,1.1324245929718018,1.0500240325927734,1.2301924228668213,1.5269805192947388,2.3991405963897705,2.028271436691284,2.035810708999634,1.8232827186584473,1.5656747817993164,1.678006887435913,1.3653793334960938,1.6315393447875977,1.7468370199203491,1.4220856428146362,1.4337563514709473,1.808214783668518,1.8071528673171997,1.5917848348617554,1.933176875114441
A9,2.0012624263763428,1.7765434980392456,1.46226966381073,1.2373031377792358,0.9275556802749634,0.6294764280319214,0.5425953269004822,0.3831835091114044,0.0,0.373623788356781,0.5441374778747559,0.5174247622489929,0.6662151217460632,0.8894248604774475,1.0529005527496338,2.3725175857543945,2.0206334590911865,1.856387734413147,1.4931788444519043,1.289210319519043,1.1147595643997192,0.8099406957626343,0.7715513706207275,1.0824414491653442,0.9700042009353638,0.7213022112846375,1.0081886053085327,1.2548412084579468,1.1052392721176147,1.2646920680999756,2.2922685146331787,1.9780110120773315,1.9843428134918213,1.8879836797714233,1.5683400630950928,1.7268271446228027,1.4645183086395264,1.7592741250991821,1.7219784259796143,1.3740594387054443,1.5319913625717163,1.8493777513504028,1.7249438762664795,1.5754003524780273,1.9540057182312012,1.9316476583480835,1.7016303539276123,1.5435525178909302,1.5118690729141235,1.1414768695831299,1.1995466947555542,1.0969868898391724,1.3044873476028442,1.0575426816940308,0.8512470126152039,1.2058677673339844,1.3457111120224,1.1762278079986572,1.2906471490859985,1.629693627357483,2.5588722229003906,2.178065061569214,2.149771213531494,1.879377841949463,1.6380856037139893,1.678377628326416,1.339846134185791,1.5380275249481201,1.712755799293518,1.411534070968628,1.3231663703918457,1.6965982913970947,1.7487373352050781,1.4974645376205444,1.7946665287017822
A10,2.061617374420166,1.8006880283355713,1.5426243543624878,1.3216814994812012,0.9534686207771301,0.7664455771446228,0.5096875429153442,0.5318387746810913,0.373623788356781,0.0,0.3824910819530487,0.5652762651443481,0.587052047252655,0.6840829849243164,0.9647409915924072,2.2905993461608887,1.9451189041137695,1.7649599313735962,1.4395480155944824,1.1522935628890991,0.9901432394981384,0.622244119644165,0.6410983800888062,0.8471390008926392,0.6425085663795471,0.43532705307006836,0.7963530421257019,0.9654093384742737,0.8191354274749756,1.0649926662445068,2.2883780002593994,1.9545241594314575,1.9033390283584595,1.7446317672729492,1.4019936323165894,1.4909956455230713,1.182533621788025,1.441445231437683,1.4284673929214478,1.0674251317977905,1.177914023399353,1.5085184574127197,1.4120914936065674,1.2397969961166382,1.6153560876846313,2.0548853874206543,1.7703335285186768,1.6210225820541382,1.5060678720474243,1.1143500804901123,1.1409245729446411,0.9264324903488159,1.1394972801208496,0.9632318019866943,0.6533104777336121,0.9482548236846924,1.1642431020736694,1.013619303703308,1.0347439050674438,1.4012802839279175,2.4360876083374023,2.0663058757781982,1.9788585901260376,1.7010667324066162,1.4132341146469116,1.4034796953201294,1.0396180152893066,1.214057445526123,1.3586677312850952,1.048017144203186,0.9598067402839661,1.3337920904159546,1.3779785633087158,1.1427432298660278,1.4573959112167358
A11,2.3504152297973633,2.0650370121002197,1.8109877109527588,1.5333020687103271,1.2013386487960815,0.9594473838806152,0.6491757035255432,0.5122587084770203,0.5441374778747559,0.3824910819530487,0.0,0.38327279686927795,0.5543107390403748,0.5174556970596313,0.7208857536315918,2.5460686683654785,2.184357166290283,2.0505919456481934,1.740500569343567,1.4481638669967651,1.3431962728500366,0.9656112790107727,1.0200551748275757,1.1833969354629517,0.9112526774406433,0.700702965259552,1.0510244369506836,1.134543776512146,0.8733248114585876,1.12885582447052,2.3693580627441406,2.06958270072937,1.9727914333343506,1.8454360961914062,1.4681789875030518,1.5204664468765259,1.2333500385284424,1.4468735456466675,1.3349840641021729,0.9745759963989258,1.1400368213653564,1.402463436126709,1.2197602987289429,1.0895307064056396,1.4684882164001465,2.195718288421631,1.9288568496704102,1.7106603384017944,1.561330795288086,1.1707032918930054,1.071956753730774,0.8614943027496338,0.9439776539802551,0.6931015849113464,0.41668862104415894,0.7119171023368835,0.8332623243331909,0.6511763334274292,0.7558466196060181,1.0891538858413696,2.5947189331054688,2.237664222717285,2.162022590637207,1.9307149648666382,1.6056840419769287,1.621974229812622,1.2604923248291016,1.4435914754867554,1.4986751079559326,1.1421990394592285,1.1088402271270752,1.4554511308670044,1.398287296295166,1.141166090965271,1.4747772216796875
A12,2.5062942504882812,2.260089635848999,1.9615141153335571,1.7038052082061768,1.3927074670791626,1.0899598598480225,0.8850563168525696,0.6167486906051636,0.5174247622489929,0.5652762651443481,0.38327279686927795,0.0,0.37964341044425964,0.5367028117179871,0.5629753470420837,2.810701847076416,2.4512999057769775,2.298884630203247,1.9573743343353271,1.7008787393569946,1.5355780124664307,1.1815494298934937,1.1238640546798706,1.3326313495635986,1.1345093250274658,0.8184610605239868,1.0856852531433105,1.23047935962677,0.9503430724143982,1.0776104927062988,2.634639263153076,2.341928243637085,2.284169912338257,2.182281017303467,1.8163222074508667,1.8957029581069946,1.6106711626052856,1.8255506753921509,1.710794448852539,1.3506370782852173,1.4904320240020752,1.7428182363510132,1.5272473096847534,1.363330364227295,1.7180695533752441,2.3555643558502197,2.1285464763641357,1.9125505685806274,1.8246426582336426,1.4424718618392944,1.364547610282898,1.2143663167953491,1.2770893573760986,0.9632900953292847,0.774150550365448,1.0520292520523071,1.0805758237838745,0.8024951815605164,0.9597213864326477,1.2564301490783691,2.9151477813720703,2.547365427017212,2.490997076034546,2.2407889366149902,1.9401659965515137,1.945264220237732,1.5759613513946533,1.7248300313949585,1.8171577453613281,1.4732670783996582,1.3682955503463745,1.703957438468933,1.6620591878890991,1.3540723323822021,1.6313893795013428
A13,2.5878617763519287,2.357252359390259,2.0725278854370117,1.8651230335235596,1.5133395195007324,1.2706996202468872,1.0571742057800293,0.8947952389717102,0.6662151217460632,0.587052047252655,0.5543107390403748,0.37964341044425964,0.0,0.3689640164375305,0.5062696933746338,2.8616738319396973,2.5245959758758545,2.3225765228271484,1.992010474205017,1.7060085535049438,1.4823384284973145,1.142108678817749,0.9961517453193665,1.1316584348678589,0.9670470952987671,0.6044156551361084,0.7780849933624268,0.9101733565330505,0.6374955177307129,0.7039679884910583,2.8487584590911865,2.527730941772461,2.4650299549102783,2.3098104000091553,1.949089527130127,1.9882419109344482,1.6566752195358276,1.8344852924346924,1.7741038799285889,1.400971531867981,1.4414446353912354,1.7134673595428467,1.5278596878051758,1.2823874950408936,1.6077035665512085,2.578704595565796,2.3235669136047363,2.1513943672180176,2.0493860244750977,1.6559836864471436,1.6115243434906006,1.3939393758773804,1.4852372407913208,1.2289515733718872,0.9531519412994385,1.1588326692581177,1.251344919204712,0.9411512017250061,0.9615457653999329,1.2906042337417603,3.0157454013824463,2.6495707035064697,2.545140266418457,2.258680820465088,1.956874132156372,1.888048768043518,1.50688898563385,1.57245671749115,1.6844223737716675,1.3712719678878784,1.176696538925171,1.4812480211257935,1.4720878601074219,1.134106993675232,1.3542872667312622
A14,2.7417848110198975,2.473675489425659,2.2261037826538086,1.9905776977539062,1.6285895109176636,1.417724370956421,1.1220803260803223,1.0032120943069458,0.8894248604774475,0.6840829849243164,0.5174556970596313,0.5367028117179871,0.3689640164375305,0.0,0.38446900248527527,2.9053070545196533,2.565898895263672,2.3846442699432373,2.0888819694519043,1.7603867053985596,1.5889290571212769,1.2232990264892578,1.1606403589248657,1.210776925086975,0.9519758820533752,0.6801527738571167,0.8923019766807556,0.8721935153007507,0.518013060092926,0.7099090814590454,2.850044012069702,2.536918878555298,2.418745756149292,2.243330478668213,1.863825798034668,1.8381528854370117,1.501287579536438,1.615855097770691,1.522943377494812,1.1618989706039429,1.1773499250411987,1.4041595458984375,1.19013249874115,0.9396898150444031,1.256007432937622,2.6912500858306885,2.411445379257202,2.2155487537384033,2.05196475982666,1.6595985889434814,1.5511525869369507,1.28294038772583,1.3074798583984375,1.093464970588684,0.8038824796676636,0.897079348564148,0.984743595123291,0.6704327464103699,0.6095810532569885,0.9425321221351624,2.9783449172973633,2.6307692527770996,2.498375654220581,2.238849401473999,1.8973394632339478,1.8152594566345215,1.4365577697753906,1.4901143312454224,1.5191298723220825,1.1862552165985107,1.0332106351852417,1.3030277490615845,1.2129148244857788,0.8731018304824829,1.122308373451233
A15,3.012871503829956,2.753105640411377,2.478858709335327,2.224083662033081,1.8886631727218628,1.6223390102386475,1.3585599660873413,1.1406402587890625,1.0529005527496338,0.9647409915924072,0.7208857536315918,0.5629753470420837,0.5062696933746338,0.38446900248527527,0.0,3.2327659130096436,2.88205885887146,2.716150999069214,2.4026923179626465,2.0960662364959717,1.9218454360961914,1.556350588798523,1.4719350337982178,1.5622936487197876,1.3277390003204346,1.0233087539672852,1.19560706615448,1.1984763145446777,0.8400623202323914,0.8961644768714905,3.07816219329834,2.7874369621276855,2.6744697093963623,2.5363080501556396,2.1494195461273193,2.137218952178955,1.8247134685516357,1.9349150657653809,1.7893290519714355,1.4456126689910889,1.4968827962875366,1.6702650785446167,1.3944828510284424,1.183388590812683,1.458431601524353,2.883605480194092,2.636751890182495,2.408998489379883,2.267859935760498,1.8830957412719727,1.737349510192871,1.5203404426574707,1.4800541400909424,1.2019380331039429,1.0092922449111938,1.1032925844192505,1.055412769317627,0.678722620010376,0.7446118593215942,0.959927499294281,3.2912378311157227,2.9408118724823,2.8342223167419434,2.587500810623169,2.246913433074951,2.1882760524749756,1.8105281591415405,1.874571681022644,1.8930177688598633,1.5543994903564453,1.41249418258667,1.6610878705978394,1.537280559539795,1.1911460161209106,1.3913956880569458
B1,0.9256815910339355,0.7972026467323303,1.1663439273834229,1.347523808479309,1.4751447439193726,1.8496277332305908,1.958593487739563,2.315486431121826,2.3725175857543945,2.2905993461608887,2.5460686683654785,2.810701847076416,2.8616738319396973,2.9053070545196533,3.2327659130096436,0.0,0.38577020168304443,0.5666052103042603,0.9181540608406067,1.1679686307907104,1.4712677001953125,1.738308310508728,2.0126707553863525,2.0510902404785156,2.1083757877349854,2.3764889240264893,2.541985273361206,2.6610145568847656,2.7985846996307373,3.0800411701202393,1.340370774269104,1.1062427759170532,1.2768045663833618,1.1568872928619385,1.4387166500091553,1.648424744606018,1.762753963470459,2.0090293884277344,2.2569382190704346,2.2567169666290283,2.3482706546783447,2.605038642883301,2.8218941688537598,2.83377742767334,3.0968523025512695,1.460256814956665,1.218659520149231,1.5273666381835938,1.5158377885818481,1.6557813882827759,1.9782346487045288,2.0023117065429688,2.3439018726348877,2.5214853286743164,2.411797285079956,2.5554561614990234,2.8721859455108643,3.005159616470337,2.9677228927612305,3.258939027786255,0.7712287306785583,0.6666500568389893,0.7573599219322205,0.7889840602874756,1.1689040660858154,1.383650541305542,1.63605797290802,1.8574461936950684,2.026885986328125,2.1122241020202637,2.2790727615356445,2.457104444503784,2.662075996398926,2.76474666595459,3.0314383506774902
B2,0.8371444344520569,0.5613657236099243,0.888842761516571,0.9999215006828308,1.1168838739395142,1.4861160516738892,1.5870137214660645,1.9414334297180176,2.0206334590911865,1.9451189041137695,2.184357166290283,2.4512999057769775,2.5245959758758545,2.565898895263672,2.88205885887146,0.38577020168304443,0.0,0.3846653699874878,0.6423284411430359,0.8711077570915222,1.207491397857666,1.4277288913726807,1.7297320365905762,1.8029963970184326,1.8227993249893188,2.069796085357666,2.2709479331970215,2.3975250720977783,2.4999892711639404,2.7915961742401123,1.1240280866622925,0.8172972202301025,0.9855248332023621,0.8627513647079468,1.099615216255188,1.3525772094726562,1.4544081687927246,1.7404778003692627,1.9555584192276,1.9311232566833496,2.0572922229766846,2.3239145278930664,2.510181188583374,2.5270161628723145,2.812185764312744,1.2084723711013794,0.9067531824111938,1.1811103820800781,1.1510803699493408,1.2711645364761353,1.5994946956634521,1.633229374885559,1.9799946546554565,2.143808364868164,2.0442488193511963,2.2044179439544678,2.510101318359375,2.6419615745544434,2.6245570182800293,2.9150474071502686,0.7681686878204346,0.48045656085014343,0.6135069131851196,0.5856667757034302,0.9020421504974365,1.1756865978240967,1.3704484701156616,1.6448216438293457,1.8103193044662476,1.839478611946106,2.015787363052368,2.2327449321746826,2.412137031555176,2.4866034984588623,2.7788267135620117
B3,0.8121715784072876,0.5859048366546631,0.8259724974632263,0.9963275790214539,1.0094568729400635,1.390229344367981,1.486085057258606,1.847409725189209,1.856387734413147,1.7649599313735962,2.0505919456481934,2.298884630203247,2.3225765228271484,2.3846442699432373,2.716150999069214,0.5666052103042603,0.3846653699874878,0.0,0.38948366045951843,0.6254696249961853,0.9051586985588074,1.1889158487319946,1.4476723670959473,1.4954336881637573,1.571507215499878,1.8263635635375977,1.981735110282898,2.1202478408813477,2.2618966102600098,2.527925491333008,1.465752124786377,1.1225851774215698,1.2583708763122559,1.0612026453018188,1.1929593086242676,1.4105088710784912,1.4119952917099,1.6991020441055298,1.9483144283294678,1.8705034255981445,1.9449591636657715,2.249152660369873,2.436532974243164,2.398332357406616,2.683804988861084,1.411002278327942,1.0921144485473633,1.3467053174972534,1.317173957824707,1.3255647420883179,1.6621134281158447,1.6284971237182617,1.9996575117111206,2.130176067352295,1.9687572717666626,2.139606237411499,2.468855619430542,2.5527701377868652,2.506765365600586,2.8256332874298096,1.0928411483764648,0.7999739646911621,0.7661677598953247,0.5223855376243591,0.8224712610244751,0.9923228621482849,1.1658028364181519,1.3914201259613037,1.6185153722763062,1.668061375617981,1.7843307256698608,1.9961081743240356,2.2192323207855225,2.27950119972229,2.5440685749053955
B4,0.7750082015991211,0.5158504247665405,0.5539522767066956,0.701748788356781,0.6578876376152039,1.0310126543045044,1.1638243198394775,1.5064854621887207,1.4931788444519043,1.4395480155944824,1.740500569343567,1.9573743343353271,1.992010474205017,2.0888819694519043,2.4026923179626465,0.9181540608406067,0.6423284411430359,0.38948366045951843,0.0,0.3956809341907501,0.6158517599105835,0.8863829374313354,1.1291238069534302,1.2518119812011719,1.332785725593567,1.5317466259002686,1.702495813369751,1.8859139680862427,2.0008130073547363,2.249356269836426,1.5122756958007812,1.1435437202453613,1.2910261154174805,1.1239840984344482,1.1388216018676758,1.3944979906082153,1.328374981880188,1.6621829271316528,1.8671269416809082,1.7225143909454346,1.8230183124542236,2.1564178466796875,2.2912397384643555,2.2272286415100098,2.5452358722686768,1.2912839651107788,0.9649547934532166,1.1714439392089844,1.1769784688949585,1.104095458984375,1.4561065435409546,1.4254485368728638,1.8099274635314941,1.8798271417617798,1.7081502676010132,1.9290741682052612,2.2416350841522217,2.2875072956085205,2.2692883014678955,2.6045517921447754,1.3688304424285889,1.0176268815994263,1.0127531290054321,0.7198491096496582,0.8515130877494812,1.0120518207550049,1.0508941411972046,1.3065258264541626,1.5685174465179443,1.5431236028671265,1.6162153482437134,1.8831411600112915,2.097851276397705,2.097524642944336,2.3761348724365234
B5,1.1683591604232788,0.8816074728965759,0.8487868905067444,0.8406717777252197,0.6075972318649292,0.9389694333076477,0.9432795643806458,1.3109815120697021,1.289210319519043,1.1522935628890991,1.4481638669967651,1.7008787393569946,1.7060085535049438,1.7603867053985596,2.0960662364959717,1.1679686307907104,0.8711077570915222,0.6254696249961853,0.3956809341907501,0.0,0.3832908570766449,0.5722219944000244,0.8787691593170166,0.9455039501190186,0.969032883644104,1.2094277143478394,1.4005600214004517,1.539843201637268,1.6489613056182861,1.9243625402450562,1.6470164060592651,1.2618013620376587,1.2973287105560303,1.0536839962005615,0.9576807618141174,1.1433171033859253,0.998142659664154,1.3222174644470215,1.5367629528045654,1.3693257570266724,1.4399526119232178,1.783631443977356,1.921464443206787,1.8420573472976685,2.1544606685638428,1.530130386352539,1.1683427095413208,1.2648680210113525,1.1661330461502075,0.9891310334205627,1.2817846536636353,1.1592901945114136,1.5397285223007202,1.6215572357177734,1.4045212268829346,1.5923385620117188,1.9274262189865112,1.9677804708480835,1.9141134023666382,2.251495599746704,1.4705841541290283,1.1109824180603027,1.0003583431243896,0.6532412171363831,0.599297821521759,0.6963604092597961,0.6620481014251709,0.9396151900291443,1.1928223371505737,1.1491605043411255,1.2275478839874268,1.5001304149627686,1.703523874282837,1.7074917554855347,1.9916247129440308
B6,1.3102284669876099,1.1017649173736572,0.9681473970413208,0.9909257292747498,0.6852317452430725,0.9181134700775146,0.9330242276191711,1.2467542886734009,1.1147595643997192,0.9901432394981384,1.3431962728500366,1.5355780124664307,1.4823384284973145,1.5889290571212769,1.9218454360961914,1.4712677001953125,1.207491397857666,0.9051586985588074,0.6158517599105835,0.3832908570766449,0.0,0.38246583938598633,0.5456295013427734,0.6411684155464172,0.7749574184417725,0.9647514224052429,1.0922554731369019,1.287346363067627,1.4294790029525757,1.652220606803894,1.9861645698547363,1.60306715965271,1.6523767709732056,1.420465111732483,1.269663691520691,1.4245046377182007,1.1969404220581055,1.4989526271820068,1.7003918886184692,1.4643350839614868,1.4892842769622803,1.8616244792938232,1.9635323286056519,1.815604329109192,2.133845567703247,1.7490183115005493,1.418964147567749,1.4974405765533447,1.4386595487594604,1.193094253540039,1.4593878984451294,1.3009544610977173,1.6684597730636597,1.6778429746627808,1.4089367389678955,1.6254496574401855,1.9525282382965088,1.9181568622589111,1.8538916110992432,2.2184367179870605,1.8470458984375,1.4901334047317505,1.3697642087936401,1.0021440982818604,0.916655421257019,0.8811553120613098,0.7263451814651489,0.8960119485855103,1.221817135810852,1.157254695892334,1.1117039918899536,1.4014664888381958,1.6420097351074219,1.5870354175567627,1.8365528583526611
B7,1.585009217262268,1.3308247327804565,1.1453351974487305,1.0367259979248047,0.6512739062309265,0.7483099102973938,0.636541485786438,0.9330639243125916,0.8099406957626343,0.622244119644165,0.9656112790107727,1.1815494298934937,1.142108678817749,1.2232990264892578,1.556350588798523,1.738308310508728,1.4277288913726807,1.1889158487319946,0.8863829374313354,0.5722219944000244,0.38246583938598633,0.0,0.3851855397224426,0.5424184203147888,0.5071088671684265,0.6494874358177185,0.880530834197998,1.0595988035202026,1.123210072517395,1.3810898065567017,2.0246028900146484,1.650436282157898,1.6418906450271606,1.420465111732483,1.1714446544647217,1.2952666282653809,1.0123533010482788,1.3161319494247437,1.4548159837722778,1.1694166660308838,1.2204320430755615,1.5956722497940063,1.645980715751648,1.492316722869873,1.8342536687850952,1.8185436725616455,1.4864400625228882,1.465092658996582,1.3590621948242188,1.0352957248687744,1.225691318511963,1.0213617086410522,1.3627731800079346,1.3379089832305908,1.0454988479614258,1.273571491241455,1.589009404182434,1.5375587940216064,1.4829756021499634,1.8498375415802002,1.9886516332626343,1.6211141347885132,1.5011584758758545,1.169181227684021,0.9557125568389893,0.9265565872192383,0.6321567893028259,0.8434094786643982,1.1063282489776611,0.9336612224578857,0.8848782181739807,1.232485055923462,1.4096791744232178,1.3051170110702515,1.5932804346084595
B8,1.7527915239334106,1.564638376235962,1.3347887992858887,1.2782293558120728,0.9110580086708069,0.9196483492851257,0.8598362803459167,1.0370643138885498,0.7715513706207275,0.6410983800888062,1.0200551748275757,1.1238640546798706,0.9961517453193665,1.1606403589248657,1.4719350337982178,2.0126707553863525,1.7297320365905762,1.4476723670959473,1.1291238069534302,0.8787691593170166,0.5456295013427734,0.3851855397224426,0.0,0.38144171237945557,0.5291393399238586,0.5101087689399719,0.6079393625259399,0.891684889793396,0.997192919254303,1.1589174270629883,2.370413064956665,1.9980859756469727,2.0157430171966553,1.8028717041015625,1.5544970035552979,1.664958119392395,1.3560549020767212,1.6221137046813965,1.7522026300430298,1.4329793453216553,1.4333279132843018,1.8108079433441162,1.827083945274353,1.6081159114837646,1.9379582405090332,2.069014310836792,1.7692029476165771,1.758305549621582,1.6982933282852173,1.3636671304702759,1.5375986099243164,1.3333522081375122,1.6395301818847656,1.5475585460662842,1.2309072017669678,1.4705932140350342,1.7551326751708984,1.6211155652999878,1.5591635704040527,1.9402693510055542,2.3399784564971924,1.9734169244766235,1.8498998880386353,1.4954078197479248,1.31101655960083,1.2166013717651367,0.9140439033508301,0.990698516368866,1.2927758693695068,1.1315726041793823,0.9474673867225647,1.2763330936431885,1.4859832525253296,1.3171770572662354,1.5434077978134155
B9,1.9390009641647339,1.742243766784668,1.579757571220398,1.5449107885360718,1.1737585067749023,1.2412865161895752,1.111063003540039,1.320041298866272,1.0824414491653442,0.8471390008926392,1.1833969354629517,1.3326313495635986,1.1316584348678589,1.210776925086975,1.5622936487197876,2.0510902404785156,1.8029963970184326,1.4954336881637573,1.2518119812011719,0.9455039501190186,0.6411684155464172,0.5424184203147888,0.38144171237945557,0.0,0.3733740448951721,0.5437625646591187,0.5131575465202332,0.6725600361824036,0.8954715132713318,1.0752322673797607,2.5314459800720215,2.1507813930511475,2.125236749649048,1.8545445203781128,1.6153262853622437,1.6475729942321777,1.3102413415908813,1.5040532350540161,1.6887805461883545,1.3930795192718506,1.293921947479248,1.6672955751419067,1.735469937324524,1.4851330518722534,1.7667064666748047,2.330493211746216,2.0007591247558594,2.0048301219940186,1.891708493232727,1.5650064945220947,1.7128310203552246,1.445977807044983,1.7340527772903442,1.6983067989349365,1.3477602005004883,1.4982622861862183,1.8192323446273804,1.696328043937683,1.5512120723724365,1.9252543449401855,2.362048387527466,2.0215752124786377,1.8284720182418823,1.4626832008361816,1.2616523504257202,1.0605521202087402,0.7703347206115723,0.7040502429008484,1.0275676250457764,0.9413301348686218,0.6929290890693665,0.960418701171875,1.2280991077423096,1.1083364486694336,1.2847654819488525
B10,2.0646257400512695,1.8096095323562622,1.6496644020080566,1.5300252437591553,1.1393184661865234,1.1639646291732788,0.9284403920173645,1.1339975595474243,0.9700042009353638,0.6425085663795471,0.9112526774406433,1.1345093250274658,0.9670470952987671,0.9519758820533752,1.3277390003204346,2.1083757877349854,1.8227993249893188,1.571507215499878,1.332785725593567,0.969032883644104,0.7749574184417725,0.5071088671684265,0.5291393399238586,0.3733740448951721,0.0,0.38284555077552795,0.5648987293243408,0.5943504571914673,0.6951003074645996,0.9899540543556213,2.418687582015991,2.050339937210083,1.9684898853302002,1.6985135078430176,1.405929684638977,1.3951228857040405,1.0314821004867554,1.2073067426681519,1.3494573831558228,1.0357794761657715,0.9466431140899658,1.3207008838653564,1.3677672147750854,1.1311523914337158,1.4366328716278076,2.3006861209869385,1.9583817720413208,1.9002584218978882,1.7319045066833496,1.381028652191162,1.4592446088790894,1.1512856483459473,1.4024640321731567,1.3824783563613892,1.0208542346954346,1.1332449913024902,1.4629219770431519,1.3632962703704834,1.2031667232513428,1.5729113817214966,2.297396421432495,1.9580891132354736,1.761988878250122,1.4365020990371704,1.1501606702804565,0.9768763780593872,0.6118825078010559,0.6205520629882812,0.8320316672325134,0.6358931660652161,0.42508664727211,0.781721830368042,0.9613955616950989,0.8279537558555603,1.0894219875335693
B11,2.202880382537842,1.9680476188659668,1.7410850524902344,1.5950853824615479,1.204504370689392,1.1108812093734741,0.8889230489730835,0.9648813009262085,0.7213022112846375,0.43532705307006836,0.700702965259552,0.8184610605239868,0.6044156551361084,0.6801527738571167,1.0233087539672852,2.3764889240264893,2.069796085357666,1.8263635635375977,1.5317466259002686,1.2094277143478394,0.9647514224052429,0.6494874358177185,0.5101087689399719,0.5437625646591187,0.38284555077552795,0.0,0.38119515776634216,0.5473149418830872,0.510783314704895,0.7423602938652039,2.580066680908203,2.222867250442505,2.162957191467285,1.9411025047302246,1.6191704273223877,1.6445387601852417,1.2870726585388184,1.478265404701233,1.539427638053894,1.1821115016937256,1.1477009057998657,1.4964081048965454,1.446948766708374,1.1848104000091553,1.5127099752426147,2.3687527179718018,2.060828447341919,1.9652880430221558,1.8365228176116943,1.456026554107666,1.50383722782135,1.2285540103912354,1.4383370876312256,1.3156155347824097,0.9584523439407349,1.1360864639282227,1.3934611082077026,1.2062873840332031,1.101738452911377,1.48209547996521,2.579974889755249,2.2223918437957764,2.0696218013763428,1.7493317127227783,1.4671108722686768,1.3418306112289429,0.9690319299697876,0.9998499751091003,1.1828497648239136,0.9310488104820251,0.6941042542457581,1.0354703664779663,1.148337960243225,0.8964939713478088,1.1415982246398926
B12,2.3534111976623535,2.161998748779297,1.9412856101989746,1.857102632522583,1.4740201234817505,1.4100347757339478,1.2418885231018066,1.309118390083313,1.0081886053085327,0.7963530421257019,1.0510244369506836,1.0856852531433105,0.7780849933624268,0.8923019766807556,1.19560706615448,2.541985273361206,2.2709479331970215,1.981735110282898,1.702495813369751,1.4005600214004517,1.0922554731369019,0.880530834197998,0.6079393625259399,0.5131575465202332,0.5648987293243408,0.38119515776634216,0.0,0.377310186624527,0.5374044179916382,0.5894060730934143,2.8903183937072754,2.5218796730041504,2.479434013366699,2.2351765632629395,1.9392883777618408,1.9496210813522339,1.5835288763046265,1.7385821342468262,1.8415557146072388,1.4988454580307007,1.3898446559906006,1.729009985923767,1.702400803565979,1.3929201364517212,1.663636326789856,2.6451730728149414,2.34022855758667,2.283857583999634,2.1749041080474854,1.8051944971084595,1.8779480457305908,1.5995166301727295,1.80964994430542,1.6896007061004639,1.330431342124939,1.4746423959732056,1.725407600402832,1.505548357963562,1.361207365989685,1.727046251296997,2.8172101974487305,2.4670982360839844,2.2879679203033447,1.93916654586792,1.6924227476119995,1.5014221668243408,1.1609795093536377,1.0727927684783936,1.298173189163208,1.129392147064209,0.7958399653434753,1.0421217679977417,1.2240487337112427,0.9715968370437622,1.0913232564926147
B13,2.59134840965271,2.3692760467529297,2.1869027614593506,2.08138370513916,1.6882404088974,1.6454576253890991,1.408554196357727,1.4935659170150757,1.2548412084579468,0.9654093384742737,1.134543776512146,1.23047935962677,0.9101733565330505,0.8721935153007507,1.1984763145446777,2.6610145568847656,2.3975250720977783,2.1202478408813477,1.8859139680862427,1.539843201637268,1.287346363067627,1.0595988035202026,0.891684889793396,0.6725600361824036,0.5943504571914673,0.5473149418830872,0.377310186624527,0.0,0.3706569969654083,0.5104854702949524,3.006779909133911,2.641775608062744,2.5474536418914795,2.2719528675079346,1.9649817943572998,1.9012067317962646,1.5206856727600098,1.592771053314209,1.7006397247314453,1.382102608680725,1.1914842128753662,1.4945515394210815,1.4857349395751953,1.146092176437378,1.3609329462051392,2.8620336055755615,2.5334503650665283,2.460312604904175,2.2970874309539795,1.9279704093933105,1.9519472122192383,1.625544786453247,1.7887673377990723,1.7144663333892822,1.3442533016204834,1.3875699043273926,1.6486998796463013,1.4457706212997437,1.218829870223999,1.5575541257858276,2.867327928543091,2.539558172225952,2.3180160522460938,1.9891074895858765,1.7050215005874634,1.4671962261199951,1.135787010192871,0.9716498255729675,1.1089460849761963,0.9609338045120239,0.5895658135414124,0.7444913983345032,0.9005089402198792,0.650062084197998,0.7178664207458496
