,A1,A2,A3,A4,A5,A6,A7,A8,A9,A10,A11,A12,A13,A14,A15,B1,B2,B3,B4,B5,B6,B7,B8,B9,B10,B11,B12,B13,B14,B15,C1,C2,C3,C4,C5,C6,C7,C8,C9,C10,C11,C12,C13,C14,C15,D1,D2,D3,D4,D5,D6,D7,D8,D9,D10,D11,D12,D13,D14,D15,E1,E2,E3,E4,E5,E6,E7,E8,E9,E10,E11,E12,E13,E14,E15
A1,0.0,0.3800298273563385,0.5855726003646851,0.9056397676467896,1.1800501346588135,1.458858847618103,1.7462607622146606,1.9856376647949219,2.1287808418273926,2.2263824939727783,2.382875919342041,2.54673171043396,2.7221996784210205,2.790193796157837,3.0841588973999023,0.784866988658905,0.6764845252037048,1.0496095418930054,1.1709315776824951,1.4199894666671753,1.7586679458618164,1.9221534729003906,2.222026824951172,2.424259901046753,2.4023165702819824,2.5011942386627197,2.7672841548919678,2.9432008266448975,2.8981082439422607,3.2149016857147217,1.204203724861145,1.0419942140579224,1.4038546085357666,1.5318049192428589,1.6299201250076294,2.0151214599609375,2.112683057785034,2.463810443878174,2.5897161960601807,2.5034115314483643,2.6785101890563965,2.96317982673645,3.0674498081207275,3.0076870918273926,3.369067907333374,1.2086241245269775,1.0929111242294312,1.355137825012207,1.5894619226455688,1.5894300937652588,1.964768648147583,2.101754665374756,2.4485561847686768,2.4763529300689697,2.4312593936920166,2.687143087387085,2.9212915897369385,2.980173349380493,2.998978853225708,3.3750669956207275,0.7265607118606567,0.791074812412262,0.9216973781585693,1.271742582321167,1.345632553100586,1.6672658920288086,1.9121463298797607,2.1979329586029053,2.2377190589904785,2.2959468364715576,2.5397698879241943,2.715090751647949,2.835996627807617,2.915339946746826,3.2814419269561768
A2,0.3800298273563385,0.0,0.3980729579925537,0.6436284780502319,0.8806499242782593,1.2078619003295898,1.4489487409591675,1.7273772954940796,1.8745087385177612,1.9265687465667725,2.084514617919922,2.28356671333313,2.4439525604248047,2.4818058013916016,2.784590721130371,0.8047265410423279,0.5350509881973267,0.8786689639091492,0.9621503949165344,1.1316531896591187,1.4958980083465576,1.6256592273712158,1.9529019594192505,2.126957893371582,2.0776994228363037,2.2028560638427734,2.480224609375,2.6281800270080566,2.58162260055542,2.9158403873443604,1.0890846252441406,0.8381262421607971,1.1425809860229492,1.248460292816162,1.2896002531051636,1.6781150102615356,1.7645291090011597,2.122760772705078,2.2273459434509277,2.1390135288238525,2.3327882289886475,2.6110763549804688,2.7036051750183105,2.6560325622558594,3.024792432785034,1.0340489149093628,0.8313720226287842,1.0380789041519165,1.2412840127944946,1.2128969430923462,1.5881447792053223,1.7224133014678955,2.0685646533966064,2.101377248764038,2.0611093044281006,2.3124032020568848,2.544018268585205,2.612051248550415,2.6344380378723145,3.006155014038086,0.6271557807922363,0.5099491477012634,0.6237154006958008,0.9323449730873108,0.9891014695167542,1.334936261177063,1.5599409341812134,1.861732006072998,1.9248249530792236,1.9630093574523926,2.1901347637176514,2.386108160018921,2.514338731765747,2.5715949535369873,2.9372150897979736
A3,0.5855726003646851,0.3980729579925537,0.0,0.38038432598114014,0.6136581897735596,0.8754890561103821,1.1712055206298828,1.4074902534484863,1.5439515113830566,1.6488360166549683,1.8079326152801514,1.9640064239501953,2.1374423503875732,2.213913679122925,2.5087168216705322,0.9234021902084351,0.6096445918083191,0.8184164762496948,0.7501925826072693,0.9650197625160217,1.2800369262695312,1.3894190788269043,1.6898486614227295,1.9157347679138184,1.8714781999588013,1.9381674528121948,2.2192983627319336,2.39919114112854,2.33369779586792,2.6402509212493896,1.3433064222335815,1.0360008478164673,1.2920092344284058,1.2803795337677002,1.2935649156570435,1.6582649946212769,1.6723220348358154,2.033381223678589,2.166714906692505,2.0292229652404785,2.180978298187256,2.493699312210083,2.5844614505767822,2.486237049102783,2.842825174331665,1.3941431045532227,1.1316028833389282,1.287941336631775,1.402937650680542,1.281146764755249,1.6432149410247803,1.6941478252410889,2.0598878860473633,2.059537410736084,1.9553302526474,2.2236173152923584,2.4787797927856445,2.498760223388672,2.491647720336914,2.878584623336792,0.9858145713806152,0.8325544595718384,0.783230721950531,1.024392008781433,0.9337162971496582,1.2383472919464111,1.4348669052124023,1.7315821647644043,1.720166802406311,1.755524754524231,2.032783269882202,2.205122947692871,2.2905192375183105,2.378004312515259,2.752601146697998
A4,0.9056397676467896,0.6436284780502319,0.38038432598114014,0.0,0.3888736665248871,0.6126765608787537,0.8715949058532715,1.1061497926712036,1.3029855489730835,1.3859999179840088,1.4924637079238892,1.6734271049499512,1.8724838495254517,1.917649745941162,2.1902809143066406,1.2615360021591187,0.9071647524833679,1.0363173484802246,0.8630339503288269,0.9481926560401917,1.2415823936462402,1.2456730604171753,1.566498041152954,1.7861229181289673,1.6759902238845825,1.7272918224334717,2.0455832481384277,2.194746971130371,2.085803985595703,2.394559621810913,1.5774564743041992,1.235217571258545,1.4044188261032104,1.346326231956482,1.2473270893096924,1.5869464874267578,1.531371831893921,1.9032899141311646,1.9926611185073853,1.8076610565185547,1.9829860925674438,2.305846929550171,2.3514108657836914,2.2382171154022217,2.607577323913574,1.5207109451293945,1.2344921827316284,1.2725486755371094,1.3424344062805176,1.1247385740280151,1.4407320022583008,1.4609097242355347,1.8150527477264404,1.7637277841567993,1.6543431282043457,1.9556411504745483,2.1901400089263916,2.180513381958008,2.1957356929779053,2.5892858505249023,1.0930637121200562,0.887117862701416,0.6768144369125366,0.8128172755241394,0.6379587650299072,0.8852301239967346,1.094555377960205,1.3674702644348145,1.349815011024475,1.4155561923980713,1.6883856058120728,1.8392088413238525,1.9398730993270874,2.046422004699707,2.4092354774475098
A5,1.1800501346588135,0.8806499242782593,0.6136581897735596,0.3888736665248871,0.0,0.3870624899864197,0.5809085965156555,0.8833056688308716,1.0066033601760864,1.050723671913147,1.2224265336990356,1.416579008102417,1.56346595287323,1.612534999847412,1.9230334758758545,1.3105387687683105,0.9426506161689758,0.9185885787010193,0.6538172960281372,0.6267068982124329,0.8823187947273254,0.8574755191802979,1.1867420673370361,1.3974297046661377,1.2950891256332397,1.3578505516052246,1.6671425104141235,1.8177424669265747,1.7313501834869385,2.049265146255493,1.5765700340270996,1.2035419940948486,1.2789994478225708,1.1249287128448486,0.9884901642799377,1.2829654216766357,1.185282588005066,1.5486034154891968,1.664659023284912,1.4728745222091675,1.6151915788650513,1.9464370012283325,2.012259006500244,1.8885115385055542,2.247023105621338,1.6176012754440308,1.2756699323654175,1.2832146883010864,1.240518569946289,0.9859035015106201,1.2798306941986084,1.218906044960022,1.5874981880187988,1.5654685497283936,1.3989622592926025,1.6682019233703613,1.9412611722946167,1.9322201013565063,1.8986363410949707,2.28987717628479,1.3634294271469116,1.077873945236206,0.9150833487510681,0.9170997142791748,0.6105555295944214,0.8535091876983643,0.9243410229682922,1.2451752424240112,1.198598027229309,1.1697924137115479,1.466847538948059,1.6620192527770996,1.7135337591171265,1.780351161956787,2.1645736694335938
A6,1.458858847618103,1.2078619003295898,0.8754890561103821,0.6126765608787537,0.3870624899864197,0.0,0.36956050992012024,0.5390048623085022,0.6932381391525269,0.833655595779419,0.9597894549369812,1.0885182619094849,1.2796837091445923,1.3731313943862915,1.6509443521499634,1.6224498748779297,1.275068998336792,1.2088104486465454,0.8730989694595337,0.849432647228241,0.957456111907959,0.8378674983978271,1.092626690864563,1.361839771270752,1.237529993057251,1.1911444664001465,1.5175602436065674,1.6925090551376343,1.5544952154159546,1.825343370437622,1.947518229484558,1.5747357606887817,1.6358784437179565,1.4338898658752441,1.2759073972702026,1.5032390356063843,1.3196494579315186,1.6524838209152222,1.770517349243164,1.51636803150177,1.6084898710250854,1.9671636819839478,2.0052459239959717,1.816854476928711,2.154552936553955,2.0004312992095947,1.661324381828308,1.6458605527877808,1.5775890350341797,1.2779263257980347,1.5060688257217407,1.3709239959716797,1.7138983011245728,1.6322532892227173,1.4070091247558594,1.6954399347305298,1.9651272296905518,1.8853415250778198,1.8324053287506104,2.2312591075897217,1.6885675191879272,1.431261658668518,1.2088037729263306,1.1842888593673706,0.8351039290428162,0.9202685952186584,0.9433706402778625,1.1914852857589722,1.0308256149291992,1.0213264226913452,1.37159264087677,1.5052211284637451,1.5033671855926514,1.6273478269577026,2.0038816928863525
A7,1.7462607622146606,1.4489487409591675,1.1712055206298828,0.8715949058532715,0.5809085965156555,0.36956050992012024,0.0,0.3792571723461151,0.5365543961524963,0.5300063490867615,0.6418772339820862,0.8601040840148926,1.0197312831878662,1.0481410026550293,1.3431358337402344,1.8619091510772705,1.502251386642456,1.395787239074707,1.0653401613235474,0.9005915522575378,0.9480225443840027,0.697551965713501,0.9579975605010986,1.1654224395751953,0.9622986316680908,0.9290724396705627,1.2876993417739868,1.4051337242126465,1.2397271394729614,1.5362945795059204,2.0828957557678223,1.7049225568771362,1.6830480098724365,1.4487571716308594,1.20958411693573,1.3628853559494019,1.1110352277755737,1.4223462343215942,1.4974159002304077,1.2056885957717896,1.3084971904754639,1.66562020778656,1.6682517528533936,1.4725713729858398,1.8204879760742188,2.097825765609741,1.7480522394180298,1.6582024097442627,1.5218185186386108,1.178659200668335,1.3213704824447632,1.1196702718734741,1.431779384613037,1.329825520515442,1.0694513320922852,1.3568483591079712,1.6237808465957642,1.5265061855316162,1.4660742282867432,1.8654670715332031,1.8672176599502563,1.5702461004257202,1.334187626838684,1.2005293369293213,0.8132498264312744,0.8018870949745178,0.6886402368545532,0.9259513020515442,0.7520020008087158,0.6663336753845215,1.02347731590271,1.1835389137268066,1.1672704219818115,1.2632583379745483,1.646216869354248
A8,1.9856376647949219,1.7273772954940796,1.4074902534484863,1.1061497926712036,0.8833056688308716,0.5390048623085022,0.3792571723461151,0.0,0.3725658357143402,0.5348010659217834,0.49320897459983826,0.5713754296302795,0.8297242522239685,0.9222848415374756,1.1425384283065796,2.1473660469055176,1.8000144958496094,1.691522479057312,1.3345551490783691,1.2213579416275024,1.1959707736968994,0.9283769726753235,1.0710586309432983,1.320330262184143,1.1189597845077515,0.952223539352417,1.3013155460357666,1.4399981498718262,1.2120423316955566,1.4263843297958374,2.4311726093292236,2.0535151958465576,2.049999237060547,1.8037227392196655,1.5781327486038208,1.7034597396850586,1.419137716293335,1.6881401538848877,1.7620384693145752,1.4364525079727173,1.4845621585845947,1.8466033935546875,1.818656325340271,1.563148856163025,1.8710826635360718,2.45194673538208,2.108752727508545,2.022941827774048,1.896872639656067,1.5452301502227783,1.6574931144714355,1.4326202869415283,1.7037602663040161,1.5488901138305664,1.2637367248535156,1.5529929399490356,1.7931610345840454,1.62277352809906,1.5531656742095947,1.942710518836975,2.153456687927246,1.8875514268875122,1.6173361539840698,1.5020384788513184,1.1281567811965942,1.0280654430389404,0.9257264137268066,1.0369014739990234,0.7382435202598572,0.7172862887382507,1.0923362970352173,1.1436363458633423,1.0587667226791382,1.2432565689086914,1.5925952196121216
A9,2.1287808418273926,1.8745087385177612,1.5439515113830566,1.3029855489730835,1.0066033601760864,0.6932381391525269,0.5365543961524963,0.3725658357143402,0.0,0.36979958415031433,0.5331366062164307,0.5021492838859558,0.6162014603614807,0.8132203817367554,1.0967530012130737,2.1620891094207764,1.8408260345458984,1.6551356315612793,1.283300757408142,1.1519224643707275,1.010929822921753,0.736858606338501,0.7645397186279297,1.0450730323791504,0.9080303311347961,0.6669140458106995,0.9776208400726318,1.174932599067688,0.9916931390762329,1.181887149810791,2.450723648071289,2.078354597091675,2.0426084995269775,1.7457231283187866,1.552014708518982,1.6184711456298828,1.317949652671814,1.534596562385559,1.6677871942520142,1.3596187829971313,1.3135062456130981,1.681233286857605,1.7033404111862183,1.4202048778533936,1.682126760482788,2.572110652923584,2.209106206893921,2.150365114212036,1.9796863794326782,1.6548703908920288,1.7671778202056885,1.4979162216186523,1.7686792612075806,1.6704086065292358,1.3401509523391724,1.5543293952941895,1.8392934799194336,1.6802843809127808,1.5292707681655884,1.898276686668396,2.3560731410980225,2.0664963722229004,1.8486138582229614,1.7362853288650513,1.3491089344024658,1.3096836805343628,1.1420849561691284,1.2938798666000366,1.0102741718292236,0.8596789836883545,1.2291184663772583,1.327878713607788,1.157891869544983,1.2751039266586304,1.6386815309524536
A10,2.2263824939727783,1.9265687465667725,1.6488360166549683,1.3859999179840088,1.050723671913147,0.833655595779419,0.5300063490867615,0.5348010659217834,0.36979958415031433,0.0,0.38406190276145935,0.5641499161720276,0.5506284832954407,0.5960701107978821,0.9571581482887268,2.221006155014038,1.8861894607543945,1.6885313987731934,1.34662663936615,1.1122146844863892,0.9734055399894714,0.6174184679985046,0.6900292038917542,0.8470787405967712,0.6084760427474976,0.4418189823627472,0.8128371834754944,0.9151312708854675,0.7243122458457947,1.0096461772918701,2.4032421112060547,2.0336458683013916,1.9333794116973877,1.6292917728424072,1.3784693479537964,1.3851784467697144,1.047074794769287,1.2401341199874878,1.331148386001587,1.005617618560791,0.9766872525215149,1.340525507926941,1.340735912322998,1.0700892210006714,1.3654447793960571,2.488464832305908,2.123446226119995,2.013793706893921,1.7952789068222046,1.4627442359924316,1.5114108324050903,1.2036203145980835,1.4415017366409302,1.3575595617294312,1.0085217952728271,1.1922414302825928,1.4854965209960938,1.3420530557632446,1.1734023094177246,1.545058012008667,2.3577239513397217,2.03537654876709,1.829016089439392,1.6495813131332397,1.2638967037200928,1.2048419713974,0.9477863311767578,1.105932593345642,0.8778114914894104,0.6118177771568298,0.9467375874519348,1.1154978275299072,0.9485071897506714,0.979068398475647,1.3663839101791382
A11,2.382875919342041,2.084514617919922,1.8079326152801514,1.4924637079238892,1.2224265336990356,0.9597894549369812,0.6418772339820862,0.49320897459983826,0.5331366062164307,0.38406190276145935,0.0,0.37642157077789307,0.524724006652832,0.45962628722190857,0.7019327878952026,2.484292507171631,2.1309540271759033,1.9837347269058228,1.6413711309432983,1.4258654117584229,1.3389830589294434,0.9865620136260986,1.06813383102417,1.2016351222991943,0.9158216118812561,0.7367408275604248,1.0842268466949463,1.115594506263733,0.8219872713088989,1.0443205833435059,2.66752552986145,2.293111562728882,2.2081377506256104,1.935605525970459,1.6507691144943237,1.673439383506775,1.3291417360305786,1.5209916830062866,1.5336976051330566,1.173387885093689,1.1994752883911133,1.5326274633407593,1.4424504041671753,1.1582990884780884,1.4518687725067139,2.6639840602874756,2.3163001537323,2.1656670570373535,1.9714678525924683,1.6052943468093872,1.6054058074951172,1.309486985206604,1.4936285018920898,1.3154062032699585,0.986589789390564,1.2283382415771484,1.4440760612487793,1.2234396934509277,1.1221332550048828,1.4936230182647705,2.4605259895324707,2.159975528717041,1.8955438137054443,1.6916978359222412,1.3208295106887817,1.1478677988052368,0.9010027050971985,0.9237755537033081,0.6182330250740051,0.43381309509277344,0.7594007849693298,0.8126283884048462,0.6270532608032227,0.7775262594223022,1.1269906759262085
A12,2.54673171043396,2.28356671333313,1.9640064239501953,1.6734271049499512,1.416579008102417,1.0885182619094849,0.8601040840148926,0.5713754296302795,0.5021492838859558,0.5641499161720276,0.37642157077789307,0.0,0.36326995491981506,0.5249364376068115,0.6548160910606384,2.642733573913574,2.307439088821411,2.1411709785461426,1.774585485458374,1.6127082109451294,1.4694043397903442,1.1465842723846436,1.1257634162902832,1.3185304403305054,1.105573296546936,0.8076854348182678,1.087605595588684,1.1878472566604614,0.8890560865402222,0.973405659198761,2.899456262588501,2.5238468647003174,2.4638285636901855,2.171682834625244,1.9271728992462158,1.9477641582489014,1.6038480997085571,1.7688640356063843,1.827536940574646,1.4771684408187866,1.425833821296692,1.7589480876922607,1.69126558303833,1.3648847341537476,1.5840507745742798,2.9501380920410156,2.596473217010498,2.481428384780884,2.2977418899536133,1.9405219554901123,1.9685373306274414,1.6706668138504028,1.8597792387008667,1.6872748136520386,1.3529064655303955,1.5636558532714844,1.780070424079895,1.5345120429992676,1.3989546298980713,1.7351573705673218,2.7070322036743164,2.4236936569213867,2.1576008796691895,1.9956591129302979,1.6189454793930054,1.4606788158416748,1.2560518980026245,1.2640217542648315,0.9189969301223755,0.8054397702217102,1.1064987182617188,1.0852941274642944,0.829157829284668,1.025564193725586,1.3153005838394165
A13,2.7221996784210205,2.4439525604248047,2.1374423503875732,1.8724838495254517,1.56346595287323,1.2796837091445923,1.0197312831878662,0.8297242522239685,0.6162014603614807,0.5506284832954407,0.524724006652832,0.36326995491981506,0.0,0.35829782485961914,0.5928133130073547,2.720486879348755,2.3995704650878906,2.1823325157165527,1.8256022930145264,1.6212677955627441,1.4096614122390747,1.0789105892181396,0.9678093791007996,1.0976085662841797,0.9104346632957458,0.5684555172920227,0.7762672305107117,0.8616178035736084,0.5731889009475708,0.6247380375862122,2.935615301132202,2.5687777996063232,2.462369203567505,2.139070510864258,1.9000309705734253,1.8510041236877441,1.4926180839538574,1.58620285987854,1.6645539999008179,1.3339444398880005,1.2006385326385498,1.5131162405014038,1.4692132472991943,1.119147777557373,1.2824678421020508,3.038990020751953,2.6739673614501953,2.5578949451446533,2.3286702632904053,1.9925521612167358,1.9941576719284058,1.6594679355621338,1.8221778869628906,1.6993863582611084,1.3385229110717773,1.462846279144287,1.7043367624282837,1.4751287698745728,1.2611256837844849,1.5602234601974487,2.8838794231414795,2.573080539703369,2.344299077987671,2.1615729331970215,1.7787114381790161,1.6545603275299072,1.3902636766433716,1.4307175874710083,1.133482813835144,0.9094436168670654,1.163588047027588,1.2079960107803345,0.8988881707191467,0.9743704199790955,1.2651506662368774
A14,2.790193796157837,2.4818058013916016,2.213913679122925,1.917649745941162,1.612534999847412,1.3731313943862915,1.0481410026550293,0.9222848415374756,0.8132203817367554,0.5960701107978821,0.45962628722190857,0.5249364376068115,0.35829782485961914,0.0,0.4020858407020569,2.811342716217041,2.472111701965332,2.275428056716919,1.9401017427444458,1.6843807697296143,1.5170345306396484,1.1530860662460327,1.1154487133026123,1.1517118215560913,0.8725703358650208,0.6490315794944763,0.8864039778709412,0.8248065114021301,0.47193723917007446,0.6265745162963867,2.9513065814971924,2.5866894721984863,2.4475650787353516,2.1426284313201904,1.8542357683181763,1.7802857160568237,1.4086265563964844,1.4883424043655396,1.4876600503921509,1.1377218961715698,1.0602582693099976,1.3415427207946777,1.2240372896194458,0.8843097686767578,1.0896332263946533,2.9855411052703857,2.631173610687256,2.4648425579071045,2.219087600708008,1.8723307847976685,1.8095600605010986,1.4655019044876099,1.5701872110366821,1.4206082820892334,1.0693540573120117,1.1822407245635986,1.383987545967102,1.1308714151382446,0.9315312504768372,1.2335147857666016,2.860966682434082,2.539581060409546,2.3004894256591797,2.0679924488067627,1.7036415338516235,1.534510612487793,1.228614330291748,1.2183696031570435,0.9658472537994385,0.706216037273407,0.8705160021781921,0.922843873500824,0.6011004447937012,0.6197742223739624,0.9172278642654419
A15,3.0841588973999023,2.784590721130371,2.5087168216705322,2.1902809143066406,1.9230334758758545,1.6509443521499634,1.3431358337402344,1.1425384283065796,1.0967530012130737,0.9571581482887268,0.7019327878952026,0.6548160910606384,0.5928133130073547,0.4020858407020569,0.0,3.1653504371643066,2.81866717338562,2.6432671546936035,2.299579381942749,2.0623319149017334,1.9062144756317139,1.544405221939087,1.4978913068771362,1.5425760746002197,1.2698699235916138,1.0345332622528076,1.2227532863616943,1.1383007764816284,0.7833229303359985,0.7590745091438293,3.3207011222839355,2.952354669570923,2.8247132301330566,2.531174659729004,2.2321982383728027,2.164691925048828,1.7930476665496826,1.8629988431930542,1.824758529663086,1.4741894006729126,1.4127473831176758,1.6497746706008911,1.4747878313064575,1.1439685821533203,1.279191017150879,3.3127248287200928,2.9682576656341553,2.782926321029663,2.5526199340820312,2.1915624141693115,2.101409912109375,1.7710700035095215,1.829669713973999,1.623476266860962,1.3116755485534668,1.4324471950531006,1.5513137578964233,1.2345246076583862,1.0939379930496216,1.3279815912246704,3.1378605365753174,2.834491014480591,2.5613999366760254,2.3229732513427734,1.9736475944519043,1.7442128658294678,1.4647823572158813,1.3555657863616943,1.0803099870681763,0.9282634258270264,1.0109020471572876,0.9146353602409363,0.5470059514045715,0.6800730228424072,0.8063925504684448
B1,0.784866988658905,0.8047265410423279,0.9234021902084351,1.2615360021591187,1.3105387687683105,1.6224498748779297,1.8619091510772705,2.1473660469055176,2.1620891094207764,2.221006155014038,2.484292507171631,2.642733573913574,2.720486879348755,2.811342716217041,3.1653504371643066,0.0,0.37958067655563354,0.5766534805297852,0.9041100740432739,1.1680355072021484,1.45223867893219,1.7369978427886963,1.9814966917037964,2.132896900177002,2.21799373626709,2.3658151626586914,2.5452919006347656,2.7390384674072266,2.7904257774353027,3.1088054180145264,0.705348789691925,0.6175193190574646,0.9750486016273499,1.0881162881851196,1.3564013242721558,1.6849803924560547,1.868027687072754,2.1522939205169678,2.357393741607666,2.357016086578369,2.463052988052368,2.7084178924560547,2.898056983947754,2.868265390396118,3.184166669845581,1.1985437870025635,1.0209661722183228,1.3813657760620117,1.4983645677566528,1.5992141962051392,1.981837511062622,2.077152967453003,2.4290711879730225,2.560230016708374,2.475935697555542,2.637430191040039,2.927016496658325,3.0344793796539307,2.97579288482666,3.3212168216705322,1.2327861785888672,1.1256437301635742,1.3800631761550903,1.612699031829834,1.6045188903808594,1.982250690460205,2.103752613067627,2.456538677215576,2.4889168739318848,2.4278581142425537,2.6786515712738037,2.928290605545044,2.9885239601135254,2.9905033111572266,3.383371114730835
B2,0.6764845252037048,0.5350509881973267,0.6096445918083191,0.9071647524833679,0.9426506161689758,1.275068998336792,1.502251386642456,1.8000144958496094,1.8408260345458984,1.8861894607543945,2.1309540271759033,2.307439088821411,2.3995704650878906,2.472111701965332,2.81866717338562,0.37958067655563354,0.0,0.39597299695014954,0.6414758563041687,0.874200701713562,1.2049179077148438,1.441279411315918,1.7229769229888916,1.8812503814697266,1.9208557605743408,2.0663864612579346,2.280235528945923,2.4579343795776367,2.4800283908843994,2.8078625202178955,0.7919735312461853,0.5208368301391602,0.8462956547737122,0.9061390161514282,1.08912992477417,1.4473472833633423,1.5861341953277588,1.903046727180481,2.0834574699401855,2.0472195148468018,2.1756694316864014,2.4394495487213135,2.600057363510132,2.55875563621521,2.892273187637329,1.1142668724060059,0.8499172329902649,1.146157145500183,1.2416445016860962,1.2769252061843872,1.6638208627700806,1.7451971769332886,2.106180429458618,2.211134910583496,2.122051954269409,2.3069095611572266,2.590512752532959,2.6819822788238525,2.6362557411193848,2.992187261581421,1.0610029697418213,0.8730137944221497,1.06649649143219,1.271813988685608,1.2314021587371826,1.6063166856765747,1.7277599573135376,2.078319787979126,2.1114823818206787,2.0587737560272217,2.3087351322174072,2.552286386489868,2.621067523956299,2.631357431411743,3.0212485790252686
B3,1.0496095418930054,0.8786689639091492,0.8184164762496948,1.0363173484802246,0.9185885787010193,1.2088104486465454,1.395787239074707,1.691522479057312,1.6551356315612793,1.6885313987731934,1.9837347269058228,2.1411709785461426,2.1823325157165527,2.275428056716919,2.6432671546936035,0.5766534805297852,0.39597299695014954,0.0,0.379780113697052,0.6106935143470764,0.8762015104293823,1.1699018478393555,1.408869981765747,1.5581252574920654,1.6519659757614136,1.7987573146820068,1.9697580337524414,2.164799690246582,2.2253448963165283,2.541321039199829,0.9115688800811768,0.6179335117340088,0.7872920632362366,0.6907731294631958,0.9229360222816467,1.222621202468872,1.351096510887146,1.633976936340332,1.8668451309204102,1.843049168586731,1.91398286819458,2.176168441772461,2.372807025909424,2.320276975631714,2.624600648880005,1.364628553390503,1.0502055883407593,1.2961738109588623,1.2748699188232422,1.286213994026184,1.647226095199585,1.6558446884155273,2.019636392593384,2.1522059440612793,2.013709306716919,2.156283140182495,2.473594903945923,2.5617151260375977,2.4651005268096924,2.8093326091766357,1.4197620153427124,1.1719120740890503,1.3198479413986206,1.440824031829834,1.3083261251449585,1.6651402711868286,1.7033979892730713,2.069920539855957,2.069798231124878,1.9540140628814697,2.219165563583374,2.4842031002044678,2.503791332244873,2.4860827922821045,2.885798215866089
B4,1.1709315776824951,0.9621503949165344,0.7501925826072693,0.8630339503288269,0.6538172960281372,0.8730989694595337,1.0653401613235474,1.3345551490783691,1.283300757408142,1.34662663936615,1.6413711309432983,1.774585485458374,1.8256022930145264,1.9401017427444458,2.299579381942749,0.9041100740432739,0.6414758563041687,0.379780113697052,0.0,0.3882806599140167,0.613398551940918,0.8681256771087646,1.1053600311279297,1.3130927085876465,1.3858022689819336,1.4796299934387207,1.6737909317016602,1.8891433477401733,1.9178683757781982,2.2177069187164307,1.2621374130249023,0.9260271191596985,1.0243717432022095,0.8196288347244263,0.918846070766449,1.1905449628829956,1.2102259397506714,1.5106174945831299,1.7467745542526245,1.6570727825164795,1.7037787437438965,2.0061469078063965,2.18060302734375,2.079005241394043,2.383099317550659,1.6073716878890991,1.2605535984039307,1.420702338218689,1.3537534475326538,1.2543035745620728,1.589033842086792,1.527945637702942,1.9019938707351685,1.989447832107544,1.8025867938995361,1.9701119661331177,2.2971177101135254,2.3383326530456543,2.2274296283721924,2.587616443634033,1.5481529235839844,1.27582848072052,1.3096548318862915,1.3864140510559082,1.1620653867721558,1.4700082540512085,1.478629231452942,1.831790566444397,1.7796210050582886,1.6594923734664917,1.9580572843551636,2.2011289596557617,2.19150710105896,2.1986606121063232,2.6013028621673584
B5,1.4199894666671753,1.1316531896591187,0.9650197625160217,0.9481926560401917,0.6267068982124329,0.849432647228241,0.9005915522575378,1.2213579416275024,1.1519224643707275,1.1122146844863892,1.4258654117584229,1.6127082109451294,1.6212677955627441,1.6843807697296143,2.0623319149017334,1.1680355072021484,0.874200701713562,0.6106935143470764,0.3882806599140167,0.0,0.3879416882991791,0.5821936130523682,0.8837342858314514,1.016165852546692,1.0533576011657715,1.2153339385986328,1.4190185070037842,1.5842758417129517,1.6259993314743042,1.9586766958236694,1.3293894529342651,0.9733209013938904,0.9237685799598694,0.6328303813934326,0.6054574251174927,0.8363145589828491,0.8230085968971252,1.135572075843811,1.359462857246399,1.2747052907943726,1.3362095355987549,1.6307123899459839,1.8017040491104126,1.7217841148376465,2.0358009338378906,1.602049708366394,1.2279138565063477,1.2924410104751587,1.1323070526123047,0.9952162504196167,1.2834559679031372,1.1792935132980347,1.5452290773391724,1.656436562538147,1.462067723274231,1.5985435247421265,1.9333512783050537,1.9928220510482788,1.8719459772109985,2.2212817668914795,1.6373951435089111,1.3051707744598389,1.3124370574951172,1.2808128595352173,1.0172134637832642,1.3009998798370361,1.2299588918685913,1.5950382947921753,1.57132089138031,1.396316409111023,1.6629371643066406,1.9422481060028076,1.9321733713150024,1.8921897411346436,2.293848991394043
B6,1.7586679458618164,1.4958980083465576,1.2800369262695312,1.2415823936462402,0.8823187947273254,0.957456111907959,0.9480225443840027,1.1959707736968994,1.010929822921753,0.9734055399894714,1.3389830589294434,1.4694043397903442,1.4096614122390747,1.5170345306396484,1.9062144756317139,1.45223867893219,1.2049179077148438,0.8762015104293823,0.613398551940918,0.3879416882991791,0.0,0.37248551845550537,0.5406200289726257,0.7040154933929443,0.8384692072868347,0.9560161232948303,1.0940049886703491,1.3053386211395264,1.389158010482788,1.6872942447662354,1.637689471244812,1.3078587055206299,1.2133145332336426,0.8604366183280945,0.835175633430481,0.9036045074462891,0.80199134349823,1.0251058340072632,1.313706874847412,1.215897798538208,1.1640561819076538,1.4700995683670044,1.6752482652664185,1.5522412061691284,1.8156682252883911,1.971662998199463,1.5981791019439697,1.647536277770996,1.4391415119171143,1.2833983898162842,1.5034042596817017,1.3139005899429321,1.6482306718826294,1.7601869106292725,1.5030443668365479,1.589618444442749,1.950304627418518,1.9797937870025635,1.7938083410263062,2.1246838569641113,2.021599054336548,1.691277265548706,1.6747785806655884,1.6158177852630615,1.3083313703536987,1.5245921611785889,1.379983901977539,1.7161635160446167,1.6325953006744385,1.3995834589004517,1.6832952499389648,1.9568721055984497,1.8744937181472778,1.817510962486267,2.2183148860931396
B7,1.9221534729003906,1.6256592273712158,1.3894190788269043,1.2456730604171753,0.8574755191802979,0.8378674983978271,0.697551965713501,0.9283769726753235,0.736858606338501,0.6174184679985046,0.9865620136260986,1.1465842723846436,1.0789105892181396,1.1530860662460327,1.544405221939087,1.7369978427886963,1.441279411315918,1.1699018478393555,0.8681256771087646,0.5821936130523682,0.37248551845550537,0.0,0.37704020738601685,0.5439015626907349,0.5328265428543091,0.6336655616760254,0.8588699698448181,1.032467246055603,1.0567810535430908,1.3773469924926758,1.8905189037322998,1.539209008216858,1.4185075759887695,1.0769071578979492,0.9114314913749695,0.9303999543190002,0.684962272644043,0.9194793105125427,1.1469918489456177,0.960280179977417,0.9141748547554016,1.262345790863037,1.4097293615341187,1.2455120086669922,1.533832311630249,2.1097214221954346,1.7320853471755981,1.7000893354415894,1.4648302793502808,1.226272463798523,1.3745551109313965,1.1195969581604004,1.4324830770492554,1.4946823120117188,1.1989541053771973,1.3047637939453125,1.6608169078826904,1.6492408514022827,1.4598661661148071,1.806143879890442,2.109593629837036,1.766512393951416,1.6756339073181152,1.5504230260849,1.1987824440002441,1.3280986547470093,1.122208833694458,1.424534559249878,1.3161852359771729,1.0534319877624512,1.3407278060913086,1.606359839439392,1.5066726207733154,1.4503276348114014,1.8511711359024048
B8,2.222026824951172,1.9529019594192505,1.6898486614227295,1.566498041152954,1.1867420673370361,1.092626690864563,0.9579975605010986,1.0710586309432983,0.7645397186279297,0.6900292038917542,1.06813383102417,1.1257634162902832,0.9678093791007996,1.1154487133026123,1.4978913068771362,1.9814966917037964,1.7229769229888916,1.408869981765747,1.1053600311279297,0.8837342858314514,0.5406200289726257,0.37704020738601685,0.0,0.3752833902835846,0.5343847274780273,0.4881993532180786,0.5729849338531494,0.8436061143875122,0.9271348118782043,1.1737208366394043,2.1686220169067383,1.8354711532592773,1.706172227859497,1.340014934539795,1.2242170572280884,1.1643006801605225,0.9099165797233582,1.014060616493225,1.2854501008987427,1.1095491647720337,0.926632285118103,1.258506178855896,1.4377180337905884,1.2238050699234009,1.4261587858200073,2.454941987991333,2.0774455070495605,2.0619664192199707,1.8121496438980103,1.5888588428497314,1.7077114582061768,1.420158863067627,1.689850091934204,1.752371907234192,1.4233360290527344,1.4728411436080933,1.8325115442276,1.7900217771530151,1.5395588874816895,1.8482296466827393,2.465998411178589,2.1295735836029053,2.041874647140503,1.9239431619644165,1.5650585889816284,1.6628061532974243,1.4322888851165771,1.6917930841445923,1.531842827796936,1.2436851263046265,1.5288403034210205,1.766343593597412,1.5914045572280884,1.526639461517334,1.9072450399398804
B9,2.424259901046753,2.126957893371582,1.9157347679138184,1.7861229181289673,1.3974297046661377,1.361839771270752,1.1654224395751953,1.320330262184143,1.0450730323791504,0.8470787405967712,1.2016351222991943,1.3185304403305054,1.0976085662841797,1.1517118215560913,1.5425760746002197,2.132896900177002,1.8812503814697266,1.5581252574920654,1.3130927085876465,1.016165852546692,0.7040154933929443,0.5439015626907349,0.3752833902835846,0.0,0.3688955008983612,0.5323478579521179,0.5027320981025696,0.6429241299629211,0.8405014872550964,1.1264026165008545,2.2040584087371826,1.8923717737197876,1.6875531673431396,1.315556526184082,1.1687908172607422,0.9924566745758057,0.7257620692253113,0.7054349184036255,0.9941278100013733,0.8777236342430115,0.6244717240333557,0.9148505330085754,1.1426576375961304,0.9792640805244446,1.1584360599517822,2.478607654571533,2.107753276824951,2.0550589561462402,1.7546100616455078,1.5592249631881714,1.6140458583831787,1.3049790859222412,1.5197314023971558,1.6365126371383667,1.3207319974899292,1.2747483253479004,1.6399219036102295,1.6426422595977783,1.3593769073486328,1.6204885244369507,2.590439558029175,2.231820583343506,2.1691935062408447,2.0046420097351074,1.6678719520568848,1.7603938579559326,1.4809824228286743,1.735525369644165,1.6310279369354248,1.2952359914779663,1.5023770332336426,1.782934546470642,1.6137008666992188,1.4635119438171387,1.825400471687317
B10,2.4023165702819824,2.0776994228363037,1.8714781999588013,1.6759902238845825,1.2950891256332397,1.237529993057251,0.9622986316680908,1.1189597845077515,0.9080303311347961,0.6084760427474976,0.9158216118812561,1.105573296546936,0.9104346632957458,0.8725703358650208,1.2698699235916138,2.21799373626709,1.9208557605743408,1.6519659757614136,1.3858022689819336,1.0533576011657715,0.8384692072868347,0.5328265428543091,0.5343847274780273,0.3688955008983612,0.0,0.38485175371170044,0.5614575743675232,0.5616541504859924,0.6276329755783081,0.9953907132148743,2.264749526977539,1.9308902025222778,1.726199984550476,1.3838950395584106,1.1403542757034302,0.9869610667228699,0.6328520774841309,0.6840343475341797,0.8432940244674683,0.6082772016525269,0.43231382966041565,0.7984407544136047,0.9202921390533447,0.7247533798217773,1.0022474527359009,2.4261250495910645,2.058560848236084,1.9446102380752563,1.6425859928131104,1.3884522914886475,1.3888278007507324,1.0464738607406616,1.2409213781356812,1.3076361417770386,0.9723798036575317,0.9580237865447998,1.3163589239120483,1.2908257246017456,1.026350736618042,1.3294261693954468,2.4918506145477295,2.1297836303710938,2.0172946453094482,1.8069233894348145,1.461599349975586,1.4908125400543213,1.1769170761108398,1.3980745077133179,1.3041611909866333,0.9523593783378601,1.1360678672790527,1.4224046468734741,1.2698100805282593,1.1092026233673096,1.481991171836853
B11,2.5011942386627197,2.2028560638427734,1.9381674528121948,1.7272918224334717,1.3578505516052246,1.1911444664001465,0.9290724396705627,0.952223539352417,0.6669140458106995,0.4418189823627472,0.7367408275604248,0.8076854348182678,0.5684555172920227,0.6490315794944763,1.0345332622528076,2.3658151626586914,2.0663864612579346,1.7987573146820068,1.4796299934387207,1.2153339385986328,0.9560161232948303,0.6336655616760254,0.4881993532180786,0.5323478579521179,0.38485175371170044,0.0,0.3748203217983246,0.5197156071662903,0.459500253200531,0.7440891861915588,2.51080322265625,2.1620590686798096,2.0078301429748535,1.6601706743240356,1.4437702894210815,1.3429319858551025,0.9972987771034241,1.0610097646713257,1.214211106300354,0.9422309398651123,0.7462688088417053,1.0899921655654907,1.1610989570617676,0.866824209690094,1.0748984813690186,2.685021162033081,2.3116984367370605,2.2172670364379883,1.9479347467422485,1.6629860401153564,1.6854301691055298,1.3435934782028198,1.5401649475097656,1.5325816869735718,1.1690497398376465,1.214379906654358,1.5388506650924683,1.4255887269973755,1.1564891338348389,1.4624664783477783,2.6580991744995117,2.315639019012451,2.162177085876465,1.9778320789337158,1.6029794216156006,1.5867373943328857,1.292453646659851,1.4610557556152344,1.269523024559021,0.9465848803520203,1.1935817003250122,1.3961389064788818,1.1683995723724365,1.0906620025634766,1.450891375541687
B12,2.7672841548919678,2.480224609375,2.2192983627319336,2.0455832481384277,1.6671425104141235,1.5175602436065674,1.2876993417739868,1.3013155460357666,0.9776208400726318,0.8128371834754944,1.0842268466949463,1.087605595588684,0.7762672305107117,0.8864039778709412,1.2227532863616943,2.5452919006347656,2.280235528945923,1.9697580337524414,1.6737909317016602,1.4190185070037842,1.0940049886703491,0.8588699698448181,0.5729849338531494,0.5027320981025696,0.5614575743675232,0.3748203217983246,0.0,0.36450713872909546,0.5246036648750305,0.6740185022354126,2.6779820919036865,2.3511810302734375,2.170867443084717,1.8022277355194092,1.6314269304275513,1.4656225442886353,1.1514242887496948,1.1017736196517944,1.303135871887207,1.105743646621704,0.7946756482124329,1.0612289905548096,1.1973241567611694,0.9127329587936401,0.9838878512382507,2.9230172634124756,2.5487067699432373,2.4741435050964355,2.1819043159484863,1.9358264207839966,1.9496129751205444,1.6029645204544067,1.768267035484314,1.8058301210403442,1.4498344659805298,1.410743236541748,1.7349666357040405,1.6415218114852905,1.32192862033844,1.5517147779464722,2.95562744140625,2.6071672439575195,2.486659526824951,2.309282064437866,1.9424560070037842,1.94936203956604,1.6474521160125732,1.8165605068206787,1.633135437965393,1.3010433912277222,1.5077069997787476,1.710111141204834,1.451432704925537,1.3311586380004883,1.646763563156128
B13,2.9432008266448975,2.6281800270080566,2.39919114112854,2.194746971130371,1.8177424669265747,1.6925090551376343,1.4051337242126465,1.4399981498718262,1.174932599067688,0.9151312708854675,1.115594506263733,1.1878472566604614,0.8616178035736084,0.8248065114021301,1.1383007764816284,2.7390384674072266,2.4579343795776367,2.164799690246582,1.8891433477401733,1.5842758417129517,1.3053386211395264,1.032467246055603,0.8436061143875122,0.6429241299629211,0.5616541504859924,0.5197156071662903,0.36450713872909546,0.0,0.3592216372489929,0.5762293338775635,2.7930147647857666,2.4711785316467285,2.249107837677002,1.8957409858703613,1.6734923124313354,1.4553126096725464,1.1223065853118896,1.0059036016464233,1.1205174922943115,0.9241990447044373,0.5893645882606506,0.7920497059822083,0.8774094581604004,0.582651674747467,0.6212270855903625,2.9770519733428955,2.612291097640991,2.4871292114257812,2.168276071548462,1.9187366962432861,1.8599002361297607,1.4956579208374023,1.5870195627212524,1.6273484230041504,1.2851793766021729,1.1756157875061035,1.4712190628051758,1.3826205730438232,1.0358335971832275,1.215417504310608,3.0494136810302734,2.6887519359588623,2.5606508255004883,2.335794687271118,1.9854286909103394,1.9550048112869263,1.6145776510238647,1.7451248168945312,1.604295253753662,1.2480586767196655,1.3655067682266235,1.5818593502044678,1.328342318534851,1.1300913095474243,1.4082390069961548
