0.000000000000000000e+00,3.800298273563385010e-01,5.855726003646850586e-01,9.056397676467895508e-01,1.180050134658813477e+00,1.458858847618103027e+00,1.746260762214660645e+00,1.985637664794921875e+00,2.128780841827392578e+00,2.226382493972778320e+00,2.382875919342041016e+00,2.546731710433959961e+00,2.722199678421020508e+00,2.790193796157836914e+00,3.084158897399902344e+00,7.848669886589050293e-01,6.764845252037048340e-01,1.049609541893005371e+00,1.170931577682495117e+00,1.419989466667175293e+00,1.758667945861816406e+00,1.922153472900390625e+00,2.222026824951171875e+00,2.424259901046752930e+00,2.402316570281982422e+00,2.501194238662719727e+00,2.767284154891967773e+00,2.943200826644897461e+00,2.898108243942260742e+00,3.214901685714721680e+00,1.204203724861145020e+00,1.041994214057922363e+00,1.403854608535766602e+00,1.531804919242858887e+00,1.629920125007629395e+00,2.015121459960937500e+00,2.112683057785034180e+00,2.463810443878173828e+00,2.589716196060180664e+00,2.503411531448364258e+00,2.678510189056396484e+00,2.963179826736450195e+00,3.067449808120727539e+00,3.007687091827392578e+00,3.369067907333374023e+00,1.208624124526977539e+00,1.092911124229431152e+00,1.355137825012207031e+00,1.589461922645568848e+00,1.589430093765258789e+00,1.964768648147583008e+00,2.101754665374755859e+00,2.448556184768676758e+00,2.476352930068969727e+00,2.431259393692016602e+00,2.687143087387084961e+00,2.921291589736938477e+00,2.980173349380493164e+00,2.998978853225708008e+00,3.375066995620727539e+00,7.265607118606567383e-01,7.910748124122619629e-01,9.216973781585693359e-01,1.271742582321166992e+00,1.345632553100585938e+00,1.667265892028808594e+00,1.912146329879760742e+00,2.197932958602905273e+00,2.237719058990478516e+00,2.295946836471557617e+00,2.539769887924194336e+00,2.715090751647949219e+00,2.835996627807617188e+00,2.915339946746826172e+00,3.281441926956176758e+00
3.800298273563385010e-01,0.000000000000000000e+00,3.980729579925537109e-01,6.436284780502319336e-01,8.806499242782592773e-01,1.207861900329589844e+00,1.448948740959167480e+00,1.727377295494079590e+00,1.874508738517761230e+00,1.926568746566772461e+00,2.084514617919921875e+00,2.283566713333129883e+00,2.443952560424804688e+00,2.481805801391601562e+00,2.784590721130371094e+00,8.047265410423278809e-01,5.350509881973266602e-01,8.786689639091491699e-01,9.621503949165344238e-01,1.131653189659118652e+00,1.495898008346557617e+00,1.625659227371215820e+00,1.952901959419250488e+00,2.126957893371582031e+00,2.077699422836303711e+00,2.202856063842773438e+00,2.480224609375000000e+00,2.628180027008056641e+00,2.581622600555419922e+00,2.915840387344360352e+00,1.089084625244140625e+00,8.381262421607971191e-01,1.142580986022949219e+00,1.248460292816162109e+00,1.289600253105163574e+00,1.678115010261535645e+00,1.764529109001159668e+00,2.122760772705078125e+00,2.227345943450927734e+00,2.139013528823852539e+00,2.332788228988647461e+00,2.611076354980468750e+00,2.703605175018310547e+00,2.656032562255859375e+00,3.024792432785034180e+00,1.034048914909362793e+00,8.313720226287841797e-01,1.038078904151916504e+00,1.241284012794494629e+00,1.212896943092346191e+00,1.588144779205322266e+00,1.722413301467895508e+00,2.068564653396606445e+00,2.101377248764038086e+00,2.061109304428100586e+00,2.312403202056884766e+00,2.544018268585205078e+00,2.612051248550415039e+00,2.634438037872314453e+00,3.006155014038085938e+00,6.271557807922363281e-01,5.099491477012634277e-01,6.237154006958007812e-01,9.323449730873107910e-01,9.891014695167541504e-01,1.334936261177062988e+00,1.559940934181213379e+00,1.861732006072998047e+00,1.924824953079223633e+00,1.963009357452392578e+00,2.190134763717651367e+00,2.386108160018920898e+00,2.514338731765747070e+00,2.571594953536987305e+00,2.937215089797973633e+00
5.855726003646850586e-01,3.980729579925537109e-01,0.000000000000000000e+00,3.803843259811401367e-01,6.136581897735595703e-01,8.754890561103820801e-01,1.171205520629882812e+00,1.407490253448486328e+00,1.543951511383056641e+00,1.648836016654968262e+00,1.807932615280151367e+00,1.964006423950195312e+00,2.137442350387573242e+00,2.213913679122924805e+00,2.508716821670532227e+00,9.234021902084350586e-01,6.096445918083190918e-01,8.184164762496948242e-01,7.501925826072692871e-01,9.650197625160217285e-01,1.280036926269531250e+00,1.389419078826904297e+00,1.689848661422729492e+00,1.915734767913818359e+00,1.871478199958801270e+00,1.938167452812194824e+00,2.219298362731933594e+00,2.399191141128540039e+00,2.333697795867919922e+00,2.640250921249389648e+00,1.343306422233581543e+00,1.036000847816467285e+00,1.292009234428405762e+00,1.280379533767700195e+00,1.293564915657043457e+00,1.658264994621276855e+00,1.672322034835815430e+00,2.033381223678588867e+00,2.166714906692504883e+00,2.029222965240478516e+00,2.180978298187255859e+00,2.493699312210083008e+00,2.584461450576782227e+00,2.486237049102783203e+00,2.842825174331665039e+00,1.394143104553222656e+00,1.131602883338928223e+00,1.287941336631774902e+00,1.402937650680541992e+00,1.281146764755249023e+00,1.643214941024780273e+00,1.694147825241088867e+00,2.059887886047363281e+00,2.059537410736083984e+00,1.955330252647399902e+00,2.223617315292358398e+00,2.478779792785644531e+00,2.498760223388671875e+00,2.491647720336914062e+00,2.878584623336791992e+00,9.858145713806152344e-01,8.325544595718383789e-01,7.832307219505310059e-01,1.024392008781433105e+00,9.337162971496582031e-01,1.238347291946411133e+00,1.434866905212402344e+00,1.731582164764404297e+00,1.720166802406311035e+00,1.755524754524230957e+00,2.032783269882202148e+00,2.205122947692871094e+00,2.290519237518310547e+00,2.378004312515258789e+00,2.752601146697998047e+00
9.056397676467895508e-01,6.436284780502319336e-01,3.803843259811401367e-01,0.000000000000000000e+00,3.888736665248870850e-01,6.126765608787536621e-01,8.715949058532714844e-01,1.106149792671203613e+00,1.302985548973083496e+00,1.385999917984008789e+00,1.492463707923889160e+00,1.673427104949951172e+00,1.872483849525451660e+00,1.917649745941162109e+00,2.190280914306640625e+00,1.261536002159118652e+00,9.071647524833679199e-01,1.036317348480224609e+00,8.630339503288269043e-01,9.481926560401916504e-01,1.241582393646240234e+00,1.245673060417175293e+00,1.566498041152954102e+00,1.786122918128967285e+00,1.675990223884582520e+00,1.727291822433471680e+00,2.045583248138427734e+00,2.194746971130371094e+00,2.085803985595703125e+00,2.394559621810913086e+00,1.577456474304199219e+00,1.235217571258544922e+00,1.404418826103210449e+00,1.346326231956481934e+00,1.247327089309692383e+00,1.586946487426757812e+00,1.531371831893920898e+00,1.903289914131164551e+00,1.992661118507385254e+00,1.807661056518554688e+00,1.982986092567443848e+00,2.305846929550170898e+00,2.351410865783691406e+00,2.238217115402221680e+00,2.607577323913574219e+00,1.520710945129394531e+00,1.234492182731628418e+00,1.272548675537109375e+00,1.342434406280517578e+00,1.124738574028015137e+00,1.440732002258300781e+00,1.460909724235534668e+00,1.815052747726440430e+00,1.763727784156799316e+00,1.654343128204345703e+00,1.955641150474548340e+00,2.190140008926391602e+00,2.180513381958007812e+00,2.195735692977905273e+00,2.589285850524902344e+00,1.093063712120056152e+00,8.871178627014160156e-01,6.768144369125366211e-01,8.128172755241394043e-01,6.379587650299072266e-01,8.852301239967346191e-01,1.094555377960205078e+00,1.367470264434814453e+00,1.349815011024475098e+00,1.415556192398071289e+00,1.688385605812072754e+00,1.839208841323852539e+00,1.939873099327087402e+00,2.046422004699707031e+00,2.409235477447509766e+00
1.180050134658813477e+00,8.806499242782592773e-01,6.136581897735595703e-01,3.888736665248870850e-01,0.000000000000000000e+00,3.870624899864196777e-01,5.809085965156555176e-01,8.833056688308715820e-01,1.006603360176086426e+00,1.050723671913146973e+00,1.222426533699035645e+00,1.416579008102416992e+00,1.563465952873229980e+00,1.612534999847412109e+00,1.923033475875854492e+00,1.310538768768310547e+00,9.426506161689758301e-01,9.185885787010192871e-01,6.538172960281372070e-01,6.267068982124328613e-01,8.823187947273254395e-01,8.574755191802978516e-01,1.186742067337036133e+00,1.397429704666137695e+00,1.295089125633239746e+00,1.357850551605224609e+00,1.667142510414123535e+00,1.817742466926574707e+00,1.731350183486938477e+00,2.049265146255493164e+00,1.576570034027099609e+00,1.203541994094848633e+00,1.278999447822570801e+00,1.124928712844848633e+00,9.884901642799377441e-01,1.282965421676635742e+00,1.185282588005065918e+00,1.548603415489196777e+00,1.664659023284912109e+00,1.472874522209167480e+00,1.615191578865051270e+00,1.946437001228332520e+00,2.012259006500244141e+00,1.888511538505554199e+00,2.247023105621337891e+00,1.617601275444030762e+00,1.275669932365417480e+00,1.283214688301086426e+00,1.240518569946289062e+00,9.859035015106201172e-01,1.279830694198608398e+00,1.218906044960021973e+00,1.587498188018798828e+00,1.565468549728393555e+00,1.398962259292602539e+00,1.668201923370361328e+00,1.941261172294616699e+00,1.932220101356506348e+00,1.898636341094970703e+00,2.289877176284790039e+00,1.363429427146911621e+00,1.077873945236206055e+00,9.150833487510681152e-01,9.170997142791748047e-01,6.105555295944213867e-01,8.535091876983642578e-01,9.243410229682922363e-01,1.245175242424011230e+00,1.198598027229309082e+00,1.169792413711547852e+00,1.466847538948059082e+00,1.662019252777099609e+00,1.713533759117126465e+00,1.780351161956787109e+00,2.164573669433593750e+00
1.458858847618103027e+00,1.207861900329589844e+00,8.754890561103820801e-01,6.126765608787536621e-01,3.870624899864196777e-01,0.000000000000000000e+00,3.695605099201202393e-01,5.390048623085021973e-01,6.932381391525268555e-01,8.336555957794189453e-01,9.597894549369812012e-01,1.088518261909484863e+00,1.279683709144592285e+00,1.373131394386291504e+00,1.650944352149963379e+00,1.622449874877929688e+00,1.275068998336791992e+00,1.208810448646545410e+00,8.730989694595336914e-01,8.494326472282409668e-01,9.574561119079589844e-01,8.378674983978271484e-01,1.092626690864562988e+00,1.361839771270751953e+00,1.237529993057250977e+00,1.191144466400146484e+00,1.517560243606567383e+00,1.692509055137634277e+00,1.554495215415954590e+00,1.825343370437622070e+00,1.947518229484558105e+00,1.574735760688781738e+00,1.635878443717956543e+00,1.433889865875244141e+00,1.275907397270202637e+00,1.503239035606384277e+00,1.319649457931518555e+00,1.652483820915222168e+00,1.770517349243164062e+00,1.516368031501770020e+00,1.608489871025085449e+00,1.967163681983947754e+00,2.005245923995971680e+00,1.816854476928710938e+00,2.154552936553955078e+00,2.000431299209594727e+00,1.661324381828308105e+00,1.645860552787780762e+00,1.577589035034179688e+00,1.277926325798034668e+00,1.506068825721740723e+00,1.370923995971679688e+00,1.713898301124572754e+00,1.632253289222717285e+00,1.407009124755859375e+00,1.695439934730529785e+00,1.965127229690551758e+00,1.885341525077819824e+00,1.832405328750610352e+00,2.231259107589721680e+00,1.688567519187927246e+00,1.431261658668518066e+00,1.208803772926330566e+00,1.184288859367370605e+00,8.351039290428161621e-01,9.202685952186584473e-01,9.433706402778625488e-01,1.191485285758972168e+00,1.030825614929199219e+00,1.021326422691345215e+00,1.371592640876770020e+00,1.505221128463745117e+00,1.503367185592651367e+00,1.627347826957702637e+00,2.003881692886352539e+00
1.746260762214660645e+00,1.448948740959167480e+00,1.171205520629882812e+00,8.715949058532714844e-01,5.809085965156555176e-01,3.695605099201202393e-01,0.000000000000000000e+00,3.792571723461151123e-01,5.365543961524963379e-01,5.300063490867614746e-01,6.418772339820861816e-01,8.601040840148925781e-01,1.019731283187866211e+00,1.048141002655029297e+00,1.343135833740234375e+00,1.861909151077270508e+00,1.502251386642456055e+00,1.395787239074707031e+00,1.065340161323547363e+00,9.005915522575378418e-01,9.480225443840026855e-01,6.975519657135009766e-01,9.579975605010986328e-01,1.165422439575195312e+00,9.622986316680908203e-01,9.290724396705627441e-01,1.287699341773986816e+00,1.405133724212646484e+00,1.239727139472961426e+00,1.536294579505920410e+00,2.082895755767822266e+00,1.704922556877136230e+00,1.683048009872436523e+00,1.448757171630859375e+00,1.209584116935729980e+00,1.362885355949401855e+00,1.111035227775573730e+00,1.422346234321594238e+00,1.497415900230407715e+00,1.205688595771789551e+00,1.308497190475463867e+00,1.665620207786560059e+00,1.668251752853393555e+00,1.472571372985839844e+00,1.820487976074218750e+00,2.097825765609741211e+00,1.748052239418029785e+00,1.658202409744262695e+00,1.521818518638610840e+00,1.178659200668334961e+00,1.321370482444763184e+00,1.119670271873474121e+00,1.431779384613037109e+00,1.329825520515441895e+00,1.069451332092285156e+00,1.356848359107971191e+00,1.623780846595764160e+00,1.526506185531616211e+00,1.466074228286743164e+00,1.865467071533203125e+00,1.867217659950256348e+00,1.570246100425720215e+00,1.334187626838684082e+00,1.200529336929321289e+00,8.132498264312744141e-01,8.018870949745178223e-01,6.886402368545532227e-01,9.259513020515441895e-01,7.520020008087158203e-01,6.663336753845214844e-01,1.023477315902709961e+00,1.183538913726806641e+00,1.167270421981811523e+00,1.263258337974548340e+00,1.646216869354248047e+00
1.985637664794921875e+00,1.727377295494079590e+00,1.407490253448486328e+00,1.106149792671203613e+00,8.833056688308715820e-01,5.390048623085021973e-01,3.792571723461151123e-01,0.000000000000000000e+00,3.725658357143402100e-01,5.348010659217834473e-01,4.932089745998382568e-01,5.713754296302795410e-01,8.297242522239685059e-01,9.222848415374755859e-01,1.142538428306579590e+00,2.147366046905517578e+00,1.800014495849609375e+00,1.691522479057312012e+00,1.334555149078369141e+00,1.221357941627502441e+00,1.195970773696899414e+00,9.283769726753234863e-01,1.071058630943298340e+00,1.320330262184143066e+00,1.118959784507751465e+00,9.522235393524169922e-01,1.301315546035766602e+00,1.439998149871826172e+00,1.212042331695556641e+00,1.426384329795837402e+00,2.431172609329223633e+00,2.053515195846557617e+00,2.049999237060546875e+00,1.803722739219665527e+00,1.578132748603820801e+00,1.703459739685058594e+00,1.419137716293334961e+00,1.688140153884887695e+00,1.762038469314575195e+00,1.436452507972717285e+00,1.484562158584594727e+00,1.846603393554687500e+00,1.818656325340270996e+00,1.563148856163024902e+00,1.871082663536071777e+00,2.451946735382080078e+00,2.108752727508544922e+00,2.022941827774047852e+00,1.896872639656066895e+00,1.545230150222778320e+00,1.657493114471435547e+00,1.432620286941528320e+00,1.703760266304016113e+00,1.548890113830566406e+00,1.263736724853515625e+00,1.552992939949035645e+00,1.793161034584045410e+00,1.622773528099060059e+00,1.553165674209594727e+00,1.942710518836975098e+00,2.153456687927246094e+00,1.887551426887512207e+00,1.617336153984069824e+00,1.502038478851318359e+00,1.128156781196594238e+00,1.028065443038940430e+00,9.257264137268066406e-01,1.036901473999023438e+00,7.382435202598571777e-01,7.172862887382507324e-01,1.092336297035217285e+00,1.143636345863342285e+00,1.058766722679138184e+00,1.243256568908691406e+00,1.592595219612121582e+00
2.128780841827392578e+00,1.874508738517761230e+00,1.543951511383056641e+00,1.302985548973083496e+00,1.006603360176086426e+00,6.932381391525268555e-01,5.365543961524963379e-01,3.725658357143402100e-01,0.000000000000000000e+00,3.697995841503143311e-01,5.331366062164306641e-01,5.021492838859558105e-01,6.162014603614807129e-01,8.132203817367553711e-01,1.096753001213073730e+00,2.162089109420776367e+00,1.840826034545898438e+00,1.655135631561279297e+00,1.283300757408142090e+00,1.151922464370727539e+00,1.010929822921752930e+00,7.368586063385009766e-01,7.645397186279296875e-01,1.045073032379150391e+00,9.080303311347961426e-01,6.669140458106994629e-01,9.776208400726318359e-01,1.174932599067687988e+00,9.916931390762329102e-01,1.181887149810791016e+00,2.450723648071289062e+00,2.078354597091674805e+00,2.042608499526977539e+00,1.745723128318786621e+00,1.552014708518981934e+00,1.618471145629882812e+00,1.317949652671813965e+00,1.534596562385559082e+00,1.667787194252014160e+00,1.359618782997131348e+00,1.313506245613098145e+00,1.681233286857604980e+00,1.703340411186218262e+00,1.420204877853393555e+00,1.682126760482788086e+00,2.572110652923583984e+00,2.209106206893920898e+00,2.150365114212036133e+00,1.979686379432678223e+00,1.654870390892028809e+00,1.767177820205688477e+00,1.497916221618652344e+00,1.768679261207580566e+00,1.670408606529235840e+00,1.340150952339172363e+00,1.554329395294189453e+00,1.839293479919433594e+00,1.680284380912780762e+00,1.529270768165588379e+00,1.898276686668395996e+00,2.356073141098022461e+00,2.066496372222900391e+00,1.848613858222961426e+00,1.736285328865051270e+00,1.349108934402465820e+00,1.309683680534362793e+00,1.142084956169128418e+00,1.293879866600036621e+00,1.010274171829223633e+00,8.596789836883544922e-01,1.229118466377258301e+00,1.327878713607788086e+00,1.157891869544982910e+00,1.275103926658630371e+00,1.638681530952453613e+00
2.226382493972778320e+00,1.926568746566772461e+00,1.648836016654968262e+00,1.385999917984008789e+00,1.050723671913146973e+00,8.336555957794189453e-01,5.300063490867614746e-01,5.348010659217834473e-01,3.697995841503143311e-01,0.000000000000000000e+00,3.840619027614593506e-01,5.641499161720275879e-01,5.506284832954406738e-01,5.960701107978820801e-01,9.571581482887268066e-01,2.221006155014038086e+00,1.886189460754394531e+00,1.688531398773193359e+00,1.346626639366149902e+00,1.112214684486389160e+00,9.734055399894714355e-01,6.174184679985046387e-01,6.900292038917541504e-01,8.470787405967712402e-01,6.084760427474975586e-01,4.418189823627471924e-01,8.128371834754943848e-01,9.151312708854675293e-01,7.243122458457946777e-01,1.009646177291870117e+00,2.403242111206054688e+00,2.033645868301391602e+00,1.933379411697387695e+00,1.629291772842407227e+00,1.378469347953796387e+00,1.385178446769714355e+00,1.047074794769287109e+00,1.240134119987487793e+00,1.331148386001586914e+00,1.005617618560791016e+00,9.766872525215148926e-01,1.340525507926940918e+00,1.340735912322998047e+00,1.070089221000671387e+00,1.365444779396057129e+00,2.488464832305908203e+00,2.123446226119995117e+00,2.013793706893920898e+00,1.795278906822204590e+00,1.462744235992431641e+00,1.511410832405090332e+00,1.203620314598083496e+00,1.441501736640930176e+00,1.357559561729431152e+00,1.008521795272827148e+00,1.192241430282592773e+00,1.485496520996093750e+00,1.342053055763244629e+00,1.173402309417724609e+00,1.545058012008666992e+00,2.357723951339721680e+00,2.035376548767089844e+00,1.829016089439392090e+00,1.649581313133239746e+00,1.263896703720092773e+00,1.204841971397399902e+00,9.477863311767578125e-01,1.105932593345642090e+00,8.778114914894104004e-01,6.118177771568298340e-01,9.467375874519348145e-01,1.115497827529907227e+00,9.485071897506713867e-01,9.790683984756469727e-01,1.366383910179138184e+00
2.382875919342041016e+00,2.084514617919921875e+00,1.807932615280151367e+00,1.492463707923889160e+00,1.222426533699035645e+00,9.597894549369812012e-01,6.418772339820861816e-01,4.932089745998382568e-01,5.331366062164306641e-01,3.840619027614593506e-01,0.000000000000000000e+00,3.764215707778930664e-01,5.247240066528320312e-01,4.596262872219085693e-01,7.019327878952026367e-01,2.484292507171630859e+00,2.130954027175903320e+00,1.983734726905822754e+00,1.641371130943298340e+00,1.425865411758422852e+00,1.338983058929443359e+00,9.865620136260986328e-01,1.068133831024169922e+00,1.201635122299194336e+00,9.158216118812561035e-01,7.367408275604248047e-01,1.084226846694946289e+00,1.115594506263732910e+00,8.219872713088989258e-01,1.044320583343505859e+00,2.667525529861450195e+00,2.293111562728881836e+00,2.208137750625610352e+00,1.935605525970458984e+00,1.650769114494323730e+00,1.673439383506774902e+00,1.329141736030578613e+00,1.520991683006286621e+00,1.533697605133056641e+00,1.173387885093688965e+00,1.199475288391113281e+00,1.532627463340759277e+00,1.442450404167175293e+00,1.158299088478088379e+00,1.451868772506713867e+00,2.663984060287475586e+00,2.316300153732299805e+00,2.165667057037353516e+00,1.971467852592468262e+00,1.605294346809387207e+00,1.605405807495117188e+00,1.309486985206604004e+00,1.493628501892089844e+00,1.315406203269958496e+00,9.865897893905639648e-01,1.228338241577148438e+00,1.444076061248779297e+00,1.223439693450927734e+00,1.122133255004882812e+00,1.493623018264770508e+00,2.460525989532470703e+00,2.159975528717041016e+00,1.895543813705444336e+00,1.691697835922241211e+00,1.320829510688781738e+00,1.147867798805236816e+00,9.010027050971984863e-01,9.237755537033081055e-01,6.182330250740051270e-01,4.338130950927734375e-01,7.594007849693298340e-01,8.126283884048461914e-01,6.270532608032226562e-01,7.775262594223022461e-01,1.126990675926208496e+00
2.546731710433959961e+00,2.283566713333129883e+00,1.964006423950195312e+00,1.673427104949951172e+00,1.416579008102416992e+00,1.088518261909484863e+00,8.601040840148925781e-01,5.713754296302795410e-01,5.021492838859558105e-01,5.641499161720275879e-01,3.764215707778930664e-01,0.000000000000000000e+00,3.632699549198150635e-01,5.249364376068115234e-01,6.548160910606384277e-01,2.642733573913574219e+00,2.307439088821411133e+00,2.141170978546142578e+00,1.774585485458374023e+00,1.612708210945129395e+00,1.469404339790344238e+00,1.146584272384643555e+00,1.125763416290283203e+00,1.318530440330505371e+00,1.105573296546936035e+00,8.076854348182678223e-01,1.087605595588684082e+00,1.187847256660461426e+00,8.890560865402221680e-01,9.734056591987609863e-01,2.899456262588500977e+00,2.523846864700317383e+00,2.463828563690185547e+00,2.171682834625244141e+00,1.927172899246215820e+00,1.947764158248901367e+00,1.603848099708557129e+00,1.768864035606384277e+00,1.827536940574645996e+00,1.477168440818786621e+00,1.425833821296691895e+00,1.758948087692260742e+00,1.691265583038330078e+00,1.364884734153747559e+00,1.584050774574279785e+00,2.950138092041015625e+00,2.596473217010498047e+00,2.481428384780883789e+00,2.297741889953613281e+00,1.940521955490112305e+00,1.968537330627441406e+00,1.670666813850402832e+00,1.859779238700866699e+00,1.687274813652038574e+00,1.352906465530395508e+00,1.563655853271484375e+00,1.780070424079895020e+00,1.534512042999267578e+00,1.398954629898071289e+00,1.735157370567321777e+00,2.707032203674316406e+00,2.423693656921386719e+00,2.157600879669189453e+00,1.995659112930297852e+00,1.618945479393005371e+00,1.460678815841674805e+00,1.256051898002624512e+00,1.264021754264831543e+00,9.189969301223754883e-01,8.054397702217102051e-01,1.106498718261718750e+00,1.085294127464294434e+00,8.291578292846679688e-01,1.025564193725585938e+00,1.315300583839416504e+00
2.722199678421020508e+00,2.443952560424804688e+00,2.137442350387573242e+00,1.872483849525451660e+00,1.563465952873229980e+00,1.279683709144592285e+00,1.019731283187866211e+00,8.297242522239685059e-01,6.162014603614807129e-01,5.506284832954406738e-01,5.247240066528320312e-01,3.632699549198150635e-01,0.000000000000000000e+00,3.582978248596191406e-01,5.928133130073547363e-01,2.720486879348754883e+00,2.399570465087890625e+00,2.182332515716552734e+00,1.825602293014526367e+00,1.621267795562744141e+00,1.409661412239074707e+00,1.078910589218139648e+00,9.678093791007995605e-01,1.097608566284179688e+00,9.104346632957458496e-01,5.684555172920227051e-01,7.762672305107116699e-01,8.616178035736083984e-01,5.731889009475708008e-01,6.247380375862121582e-01,2.935615301132202148e+00,2.568777799606323242e+00,2.462369203567504883e+00,2.139070510864257812e+00,1.900030970573425293e+00,1.851004123687744141e+00,1.492618083953857422e+00,1.586202859878540039e+00,1.664553999900817871e+00,1.333944439888000488e+00,1.200638532638549805e+00,1.513116240501403809e+00,1.469213247299194336e+00,1.119147777557373047e+00,1.282467842102050781e+00,3.038990020751953125e+00,2.673967361450195312e+00,2.557894945144653320e+00,2.328670263290405273e+00,1.992552161216735840e+00,1.994157671928405762e+00,1.659467935562133789e+00,1.822177886962890625e+00,1.699386358261108398e+00,1.338522911071777344e+00,1.462846279144287109e+00,1.704336762428283691e+00,1.475128769874572754e+00,1.261125683784484863e+00,1.560223460197448730e+00,2.883879423141479492e+00,2.573080539703369141e+00,2.344299077987670898e+00,2.161572933197021484e+00,1.778711438179016113e+00,1.654560327529907227e+00,1.390263676643371582e+00,1.430717587471008301e+00,1.133482813835144043e+00,9.094436168670654297e-01,1.163588047027587891e+00,1.207996010780334473e+00,8.988881707191467285e-01,9.743704199790954590e-01,1.265150666236877441e+00
2.790193796157836914e+00,2.481805801391601562e+00,2.213913679122924805e+00,1.917649745941162109e+00,1.612534999847412109e+00,1.373131394386291504e+00,1.048141002655029297e+00,9.222848415374755859e-01,8.132203817367553711e-01,5.960701107978820801e-01,4.596262872219085693e-01,5.249364376068115234e-01,3.582978248596191406e-01,0.000000000000000000e+00,4.020858407020568848e-01,2.811342716217041016e+00,2.472111701965332031e+00,2.275428056716918945e+00,1.940101742744445801e+00,1.684380769729614258e+00,1.517034530639648438e+00,1.153086066246032715e+00,1.115448713302612305e+00,1.151711821556091309e+00,8.725703358650207520e-01,6.490315794944763184e-01,8.864039778709411621e-01,8.248065114021301270e-01,4.719372391700744629e-01,6.265745162963867188e-01,2.951306581497192383e+00,2.586689472198486328e+00,2.447565078735351562e+00,2.142628431320190430e+00,1.854235768318176270e+00,1.780285716056823730e+00,1.408626556396484375e+00,1.488342404365539551e+00,1.487660050392150879e+00,1.137721896171569824e+00,1.060258269309997559e+00,1.341542720794677734e+00,1.224037289619445801e+00,8.843097686767578125e-01,1.089633226394653320e+00,2.985541105270385742e+00,2.631173610687255859e+00,2.464842557907104492e+00,2.219087600708007812e+00,1.872330784797668457e+00,1.809560060501098633e+00,1.465501904487609863e+00,1.570187211036682129e+00,1.420608282089233398e+00,1.069354057312011719e+00,1.182240724563598633e+00,1.383987545967102051e+00,1.130871415138244629e+00,9.315312504768371582e-01,1.233514785766601562e+00,2.860966682434082031e+00,2.539581060409545898e+00,2.300489425659179688e+00,2.067992448806762695e+00,1.703641533851623535e+00,1.534510612487792969e+00,1.228614330291748047e+00,1.218369603157043457e+00,9.658472537994384766e-01,7.062160372734069824e-01,8.705160021781921387e-01,9.228438735008239746e-01,6.011004447937011719e-01,6.197742223739624023e-01,9.172278642654418945e-01
3.084158897399902344e+00,2.784590721130371094e+00,2.508716821670532227e+00,2.190280914306640625e+00,1.923033475875854492e+00,1.650944352149963379e+00,1.343135833740234375e+00,1.142538428306579590e+00,1.096753001213073730e+00,9.571581482887268066e-01,7.019327878952026367e-01,6.548160910606384277e-01,5.928133130073547363e-01,4.020858407020568848e-01,0.000000000000000000e+00,3.165350437164306641e+00,2.818667173385620117e+00,2.643267154693603516e+00,2.299579381942749023e+00,2.062331914901733398e+00,1.906214475631713867e+00,1.544405221939086914e+00,1.497891306877136230e+00,1.542576074600219727e+00,1.269869923591613770e+00,1.034533262252807617e+00,1.222753286361694336e+00,1.138300776481628418e+00,7.833229303359985352e-01,7.590745091438293457e-01,3.320701122283935547e+00,2.952354669570922852e+00,2.824713230133056641e+00,2.531174659729003906e+00,2.232198238372802734e+00,2.164691925048828125e+00,1.793047666549682617e+00,1.862998843193054199e+00,1.824758529663085938e+00,1.474189400672912598e+00,1.412747383117675781e+00,1.649774670600891113e+00,1.474787831306457520e+00,1.143968582153320312e+00,1.279191017150878906e+00,3.312724828720092773e+00,2.968257665634155273e+00,2.782926321029663086e+00,2.552619934082031250e+00,2.191562414169311523e+00,2.101409912109375000e+00,1.771070003509521484e+00,1.829669713973999023e+00,1.623476266860961914e+00,1.311675548553466797e+00,1.432447195053100586e+00,1.551313757896423340e+00,1.234524607658386230e+00,1.093937993049621582e+00,1.327981591224670410e+00,3.137860536575317383e+00,2.834491014480590820e+00,2.561399936676025391e+00,2.322973251342773438e+00,1.973647594451904297e+00,1.744212865829467773e+00,1.464782357215881348e+00,1.355565786361694336e+00,1.080309987068176270e+00,9.282634258270263672e-01,1.010902047157287598e+00,9.146353602409362793e-01,5.470059514045715332e-01,6.800730228424072266e-01,8.063925504684448242e-01
7.848669886589050293e-01,8.047265410423278809e-01,9.234021902084350586e-01,1.261536002159118652e+00,1.310538768768310547e+00,1.622449874877929688e+00,1.861909151077270508e+00,2.147366046905517578e+00,2.162089109420776367e+00,2.221006155014038086e+00,2.484292507171630859e+00,2.642733573913574219e+00,2.720486879348754883e+00,2.811342716217041016e+00,3.165350437164306641e+00,0.000000000000000000e+00,3.795806765556335449e-01,5.766534805297851562e-01,9.041100740432739258e-01,1.168035507202148438e+00,1.452238678932189941e+00,1.736997842788696289e+00,1.981496691703796387e+00,2.132896900177001953e+00,2.217993736267089844e+00,2.365815162658691406e+00,2.545291900634765625e+00,2.739038467407226562e+00,2.790425777435302734e+00,3.108805418014526367e+00,7.053487896919250488e-01,6.175193190574645996e-01,9.750486016273498535e-01,1.088116288185119629e+00,1.356401324272155762e+00,1.684980392456054688e+00,1.868027687072753906e+00,2.152293920516967773e+00,2.357393741607666016e+00,2.357016086578369141e+00,2.463052988052368164e+00,2.708417892456054688e+00,2.898056983947753906e+00,2.868265390396118164e+00,3.184166669845581055e+00,1.198543787002563477e+00,1.020966172218322754e+00,1.381365776062011719e+00,1.498364567756652832e+00,1.599214196205139160e+00,1.981837511062622070e+00,2.077152967453002930e+00,2.429071187973022461e+00,2.560230016708374023e+00,2.475935697555541992e+00,2.637430191040039062e+00,2.927016496658325195e+00,3.034479379653930664e+00,2.975792884826660156e+00,3.321216821670532227e+00,1.232786178588867188e+00,1.125643730163574219e+00,1.380063176155090332e+00,1.612699031829833984e+00,1.604518890380859375e+00,1.982250690460205078e+00,2.103752613067626953e+00,2.456538677215576172e+00,2.488916873931884766e+00,2.427858114242553711e+00,2.678651571273803711e+00,2.928290605545043945e+00,2.988523960113525391e+00,2.990503311157226562e+00,3.383371114730834961e+00
6.764845252037048340e-01,5.350509881973266602e-01,6.096445918083190918e-01,9.071647524833679199e-01,9.426506161689758301e-01,1.275068998336791992e+00,1.502251386642456055e+00,1.800014495849609375e+00,1.840826034545898438e+00,1.886189460754394531e+00,2.130954027175903320e+00,2.307439088821411133e+00,2.399570465087890625e+00,2.472111701965332031e+00,2.818667173385620117e+00,3.795806765556335449e-01,0.000000000000000000e+00,3.959729969501495361e-01,6.414758563041687012e-01,8.742007017135620117e-01,1.204917907714843750e+00,1.441279411315917969e+00,1.722976922988891602e+00,1.881250381469726562e+00,1.920855760574340820e+00,2.066386461257934570e+00,2.280235528945922852e+00,2.457934379577636719e+00,2.480028390884399414e+00,2.807862520217895508e+00,7.919735312461853027e-01,5.208368301391601562e-01,8.462956547737121582e-01,9.061390161514282227e-01,1.089129924774169922e+00,1.447347283363342285e+00,1.586134195327758789e+00,1.903046727180480957e+00,2.083457469940185547e+00,2.047219514846801758e+00,2.175669431686401367e+00,2.439449548721313477e+00,2.600057363510131836e+00,2.558755636215209961e+00,2.892273187637329102e+00,1.114266872406005859e+00,8.499172329902648926e-01,1.146157145500183105e+00,1.241644501686096191e+00,1.276925206184387207e+00,1.663820862770080566e+00,1.745197176933288574e+00,2.106180429458618164e+00,2.211134910583496094e+00,2.122051954269409180e+00,2.306909561157226562e+00,2.590512752532958984e+00,2.681982278823852539e+00,2.636255741119384766e+00,2.992187261581420898e+00,1.061002969741821289e+00,8.730137944221496582e-01,1.066496491432189941e+00,1.271813988685607910e+00,1.231402158737182617e+00,1.606316685676574707e+00,1.727759957313537598e+00,2.078319787979125977e+00,2.111482381820678711e+00,2.058773756027221680e+00,2.308735132217407227e+00,2.552286386489868164e+00,2.621067523956298828e+00,2.631357431411743164e+00,3.021248579025268555e+00
1.049609541893005371e+00,8.786689639091491699e-01,8.184164762496948242e-01,1.036317348480224609e+00,9.185885787010192871e-01,1.208810448646545410e+00,1.395787239074707031e+00,1.691522479057312012e+00,1.655135631561279297e+00,1.688531398773193359e+00,1.983734726905822754e+00,2.141170978546142578e+00,2.182332515716552734e+00,2.275428056716918945e+00,2.643267154693603516e+00,5.766534805297851562e-01,3.959729969501495361e-01,0.000000000000000000e+00,3.797801136970520020e-01,6.106935143470764160e-01,8.762015104293823242e-01,1.169901847839355469e+00,1.408869981765747070e+00,1.558125257492065430e+00,1.651965975761413574e+00,1.798757314682006836e+00,1.969758033752441406e+00,2.164799690246582031e+00,2.225344896316528320e+00,2.541321039199829102e+00,9.115688800811767578e-01,6.179335117340087891e-01,7.872920632362365723e-01,6.907731294631958008e-01,9.229360222816467285e-01,1.222621202468872070e+00,1.351096510887145996e+00,1.633976936340332031e+00,1.866845130920410156e+00,1.843049168586730957e+00,1.913982868194580078e+00,2.176168441772460938e+00,2.372807025909423828e+00,2.320276975631713867e+00,2.624600648880004883e+00,1.364628553390502930e+00,1.050205588340759277e+00,1.296173810958862305e+00,1.274869918823242188e+00,1.286213994026184082e+00,1.647226095199584961e+00,1.655844688415527344e+00,2.019636392593383789e+00,2.152205944061279297e+00,2.013709306716918945e+00,2.156283140182495117e+00,2.473594903945922852e+00,2.561715126037597656e+00,2.465100526809692383e+00,2.809332609176635742e+00,1.419762015342712402e+00,1.171912074089050293e+00,1.319847941398620605e+00,1.440824031829833984e+00,1.308326125144958496e+00,1.665140271186828613e+00,1.703397989273071289e+00,2.069920539855957031e+00,2.069798231124877930e+00,1.954014062881469727e+00,2.219165563583374023e+00,2.484203100204467773e+00,2.503791332244873047e+00,2.486082792282104492e+00,2.885798215866088867e+00
1.170931577682495117e+00,9.621503949165344238e-01,7.501925826072692871e-01,8.630339503288269043e-01,6.538172960281372070e-01,8.730989694595336914e-01,1.065340161323547363e+00,1.334555149078369141e+00,1.283300757408142090e+00,1.346626639366149902e+00,1.641371130943298340e+00,1.774585485458374023e+00,1.825602293014526367e+00,1.940101742744445801e+00,2.299579381942749023e+00,9.041100740432739258e-01,6.414758563041687012e-01,3.797801136970520020e-01,0.000000000000000000e+00,3.882806599140167236e-01,6.133985519409179688e-01,8.681256771087646484e-01,1.105360031127929688e+00,1.313092708587646484e+00,1.385802268981933594e+00,1.479629993438720703e+00,1.673790931701660156e+00,1.889143347740173340e+00,1.917868375778198242e+00,2.217706918716430664e+00,1.262137413024902344e+00,9.260271191596984863e-01,1.024371743202209473e+00,8.196288347244262695e-01,9.188460707664489746e-01,1.190544962882995605e+00,1.210225939750671387e+00,1.510617494583129883e+00,1.746774554252624512e+00,1.657072782516479492e+00,1.703778743743896484e+00,2.006146907806396484e+00,2.180603027343750000e+00,2.079005241394042969e+00,2.383099317550659180e+00,1.607371687889099121e+00,1.260553598403930664e+00,1.420702338218688965e+00,1.353753447532653809e+00,1.254303574562072754e+00,1.589033842086791992e+00,1.527945637702941895e+00,1.901993870735168457e+00,1.989447832107543945e+00,1.802586793899536133e+00,1.970111966133117676e+00,2.297117710113525391e+00,2.338332653045654297e+00,2.227429628372192383e+00,2.587616443634033203e+00,1.548152923583984375e+00,1.275828480720520020e+00,1.309654831886291504e+00,1.386414051055908203e+00,1.162065386772155762e+00,1.470008254051208496e+00,1.478629231452941895e+00,1.831790566444396973e+00,1.779621005058288574e+00,1.659492373466491699e+00,1.958057284355163574e+00,2.201128959655761719e+00,2.191507101058959961e+00,2.198660612106323242e+00,2.601302862167358398e+00
1.419989466667175293e+00,1.131653189659118652e+00,9.650197625160217285e-01,9.481926560401916504e-01,6.267068982124328613e-01,8.494326472282409668e-01,9.005915522575378418e-01,1.221357941627502441e+00,1.151922464370727539e+00,1.112214684486389160e+00,1.425865411758422852e+00,1.612708210945129395e+00,1.621267795562744141e+00,1.684380769729614258e+00,2.062331914901733398e+00,1.168035507202148438e+00,8.742007017135620117e-01,6.106935143470764160e-01,3.882806599140167236e-01,0.000000000000000000e+00,3.879416882991790771e-01,5.821936130523681641e-01,8.837342858314514160e-01,1.016165852546691895e+00,1.053357601165771484e+00,1.215333938598632812e+00,1.419018507003784180e+00,1.584275841712951660e+00,1.625999331474304199e+00,1.958676695823669434e+00,1.329389452934265137e+00,9.733209013938903809e-01,9.237685799598693848e-01,6.328303813934326172e-01,6.054574251174926758e-01,8.363145589828491211e-01,8.230085968971252441e-01,1.135572075843811035e+00,1.359462857246398926e+00,1.274705290794372559e+00,1.336209535598754883e+00,1.630712389945983887e+00,1.801704049110412598e+00,1.721784114837646484e+00,2.035800933837890625e+00,1.602049708366394043e+00,1.227913856506347656e+00,1.292441010475158691e+00,1.132307052612304688e+00,9.952162504196166992e-01,1.283455967903137207e+00,1.179293513298034668e+00,1.545229077339172363e+00,1.656436562538146973e+00,1.462067723274230957e+00,1.598543524742126465e+00,1.933351278305053711e+00,1.992822051048278809e+00,1.871945977210998535e+00,2.221281766891479492e+00,1.637395143508911133e+00,1.305170774459838867e+00,1.312437057495117188e+00,1.280812859535217285e+00,1.017213463783264160e+00,1.300999879837036133e+00,1.229958891868591309e+00,1.595038294792175293e+00,1.571320891380310059e+00,1.396316409111022949e+00,1.662937164306640625e+00,1.942248106002807617e+00,1.932173371315002441e+00,1.892189741134643555e+00,2.293848991394042969e+00
1.758667945861816406e+00,1.495898008346557617e+00,1.280036926269531250e+00,1.241582393646240234e+00,8.823187947273254395e-01,9.574561119079589844e-01,9.480225443840026855e-01,1.195970773696899414e+00,1.010929822921752930e+00,9.734055399894714355e-01,1.338983058929443359e+00,1.469404339790344238e+00,1.409661412239074707e+00,1.517034530639648438e+00,1.906214475631713867e+00,1.452238678932189941e+00,1.204917907714843750e+00,8.762015104293823242e-01,6.133985519409179688e-01,3.879416882991790771e-01,0.000000000000000000e+00,3.724855184555053711e-01,5.406200289726257324e-01,7.040154933929443359e-01,8.384692072868347168e-01,9.560161232948303223e-01,1.094004988670349121e+00,1.305338621139526367e+00,1.389158010482788086e+00,1.687294244766235352e+00,1.637689471244812012e+00,1.307858705520629883e+00,1.213314533233642578e+00,8.604366183280944824e-01,8.351756334304809570e-01,9.036045074462890625e-01,8.019913434982299805e-01,1.025105834007263184e+00,1.313706874847412109e+00,1.215897798538208008e+00,1.164056181907653809e+00,1.470099568367004395e+00,1.675248265266418457e+00,1.552241206169128418e+00,1.815668225288391113e+00,1.971662998199462891e+00,1.598179101943969727e+00,1.647536277770996094e+00,1.439141511917114258e+00,1.283398389816284180e+00,1.503404259681701660e+00,1.313900589942932129e+00,1.648230671882629395e+00,1.760186910629272461e+00,1.503044366836547852e+00,1.589618444442749023e+00,1.950304627418518066e+00,1.979793787002563477e+00,1.793808341026306152e+00,2.124683856964111328e+00,2.021599054336547852e+00,1.691277265548706055e+00,1.674778580665588379e+00,1.615817785263061523e+00,1.308331370353698730e+00,1.524592161178588867e+00,1.379983901977539062e+00,1.716163516044616699e+00,1.632595300674438477e+00,1.399583458900451660e+00,1.683295249938964844e+00,1.956872105598449707e+00,1.874493718147277832e+00,1.817510962486267090e+00,2.218314886093139648e+00
