,A1,A2,A3,A4,A5,A6,A7,A8,A9,A10,A11,A12,A13,A14,A15,B1,B2,B3,B4,B5,B6,B7,B8,B9,B10,B11,B12,B13,B14,B15,C1,C2,C3,C4,C5,C6,C7,C8,C9,C10,C11,C12,C13,C14,C15,D1,D2,D3,D4,D5,D6,D7,D8,D9,D10,D11,D12,D13,D14,D15,E1,E2,E3,E4,E5,E6,E7,E8,E9,E10,E11,E12,E13,E14,E15
A1,0.0,0.37848663330078125,0.6137380599975586,0.9353238344192505,1.2031581401824951,1.5024603605270386,1.7656886577606201,2.0191311836242676,2.1490275859832764,2.2104365825653076,2.3876733779907227,2.563934564590454,2.72928524017334,2.7856647968292236,3.0419416427612305,0.6749283075332642,0.6531699299812317,0.9311240315437317,1.0314732789993286,1.3311840295791626,1.6283674240112305,1.8178143501281738,2.078880786895752,2.2988226413726807,2.3042540550231934,2.3958775997161865,2.6274166107177734,2.832444429397583,2.8140103816986084,3.0355372428894043,1.0680373907089233,0.9526068568229675,1.298318862915039,1.3768192529678345,1.5583150386810303,1.906265377998352,2.005279302597046,2.324190855026245,2.5146799087524414,2.4367482662200928,2.549370050430298,2.832864999771118,2.9845690727233887,2.912654399871826,3.1722686290740967,1.0725163221359253,0.9688637852668762,1.3289768695831299,1.5052070617675781,1.6067554950714111,1.98866605758667,2.0876245498657227,2.4385228157043457,2.5468785762786865,2.4585442543029785,2.6539905071258545,2.9250848293304443,3.0245633125305176,2.995046854019165,3.2422380447387695,0.629125714302063,0.6673859357833862,0.9662767052650452,1.2800582647323608,1.4047791957855225,1.7670700550079346,1.9561318159103394,2.275106430053711,2.3471498489379883,2.336958408355713,2.5642282962799072,2.7778220176696777,2.88615083694458,2.915375232696533,3.2304317951202393
A2,0.37848663330078125,0.0,0.3883034586906433,0.6528559327125549,0.8753407597541809,1.2119066715240479,1.4352636337280273,1.7194504737854004,1.8516154289245605,1.8763501644134521,2.053999900817871,2.2556040287017822,2.4081692695617676,2.442121982574463,2.7062981128692627,0.6925918459892273,0.46069857478141785,0.7193965911865234,0.7678214311599731,1.0069448947906494,1.3335206508636475,1.4890451431274414,1.7805180549621582,1.9825366735458374,1.9597870111465454,2.069103717803955,2.3163836002349854,2.498387098312378,2.471907615661621,2.712588310241699,0.9758095145225525,0.7374462485313416,1.0375640392303467,1.0786346197128296,1.2090861797332764,1.5657627582550049,1.6466114521026611,1.978936791419983,2.1533613204956055,2.065962791442871,2.1932408809661865,2.4777262210845947,2.616811513900757,2.5498239994049072,2.821974992752075,0.9701554179191589,0.7436462640762329,1.053776502609253,1.183745265007019,1.2469581365585327,1.6295191049575806,1.7125824689865112,2.06764554977417,2.174854040145874,2.081247091293335,2.27610445022583,2.5480399131774902,2.647404193878174,2.6185526847839355,2.8658108711242676,0.6346715688705444,0.44775858521461487,0.7209705710411072,0.9740641117095947,1.0584925413131714,1.4345581531524658,1.5963534116744995,1.9277255535125732,2.0091164112091064,1.979602336883545,2.1978821754455566,2.4248530864715576,2.533160924911499,2.54839825630188,2.86122727394104
A3,0.6137380599975586,0.3883034586906433,0.0,0.37965893745422363,0.6173792481422424,0.8926286101341248,1.1729812622070312,1.41457200050354,1.5366339683532715,1.6160606145858765,1.7949987649917603,1.9549181461334229,2.1232473850250244,2.1960666179656982,2.4491658210754395,0.9846017956733704,0.7249780297279358,0.8056429624557495,0.6636349558830261,0.905888020992279,1.1600158214569092,1.2860902547836304,1.540984869003296,1.7951112985610962,1.774001121520996,1.8218398094177246,2.0712668895721436,2.284595251083374,2.2411201000213623,2.4433670043945312,1.3374181985855103,1.0539064407348633,1.2793779373168945,1.215232491493225,1.2729907035827637,1.5981707572937012,1.5951107740402222,1.9295802116394043,2.119011163711548,1.9775124788284302,2.0671768188476562,2.3833024501800537,2.5090904235839844,2.393392324447632,2.6499297618865967,1.309432029724121,1.0446850061416626,1.28020441532135,1.363247275352478,1.3189862966537476,1.6918936967849731,1.70327627658844,2.0777738094329834,2.146939516067505,1.9972460269927979,2.210191011428833,2.50185489654541,2.553013563156128,2.4962105751037598,2.769578218460083,0.8868600130081177,0.6875386834144592,0.7746194005012512,1.0136771202087402,0.9788034558296204,1.3283618688583374,1.4769558906555176,1.8056265115737915,1.8183878660202026,1.7924226522445679,2.0601606369018555,2.2625789642333984,2.33208966255188,2.3778228759765625,2.7140989303588867
A4,0.9353238344192505,0.6528559327125549,0.37965893745422363,0.0,0.3786228895187378,0.6062560677528381,0.8665456771850586,1.0968190431594849,1.2790772914886475,1.348397135734558,1.4753222465515137,1.650429606437683,1.8487035036087036,1.8996144533157349,2.1254377365112305,1.296165943145752,0.9788850545883179,1.0340021848678589,0.8135848045349121,0.9073008894920349,1.1434791088104248,1.1563411951065063,1.43492591381073,1.6901469230651855,1.599460244178772,1.6232300996780396,1.9151653051376343,2.1020889282226562,2.0092732906341553,2.212096929550171,1.5215225219726562,1.1936695575714111,1.3646695613861084,1.2811444997787476,1.2244099378585815,1.5434942245483398,1.4748895168304443,1.8318102359771729,1.9740394353866577,1.783033013343811,1.901079535484314,2.2310054302215576,2.307530164718628,2.1753196716308594,2.4581613540649414,1.3779058456420898,1.0807998180389404,1.2115260362625122,1.2802735567092896,1.1430310010910034,1.4950509071350098,1.4856374263763428,1.861138105392456,1.8771029710769653,1.7200398445129395,1.9721794128417969,2.247771739959717,2.2645299434661865,2.225727081298828,2.5273678302764893,0.990658164024353,0.7335935235023499,0.6232283711433411,0.7825855612754822,0.6684790253639221,0.979858934879303,1.1457738876342773,1.453765869140625,1.4531519412994385,1.4592608213424683,1.7320955991744995,1.9091917276382446,1.9902647733688354,2.0619778633117676,2.3902530670166016
A5,1.2031581401824951,0.8753407597541809,0.6173792481422424,0.3786228895187378,0.0,0.38575226068496704,0.5695785284042358,0.868370532989502,0.9871470332145691,1.0118212699890137,1.1932997703552246,1.385115623474121,1.5352319478988647,1.5837898254394531,1.8477174043655396,1.4021141529083252,1.0492578744888306,0.9801194667816162,0.6792927980422974,0.6358733177185059,0.8202852606773376,0.78279048204422,1.074735403060913,1.3179627656936646,1.2216694355010986,1.2563437223434448,1.5476590394973755,1.7271336317062378,1.6482397317886353,1.8660317659378052,1.610807180404663,1.247568964958191,1.3110042810440063,1.1346038579940796,1.011816143989563,1.2728756666183472,1.148963212966919,1.4942123889923096,1.6479616165161133,1.4423311948776245,1.5335015058517456,1.8702086210250854,1.9536776542663574,1.8117798566818237,2.0841517448425293,1.5675283670425415,1.2195146083831787,1.276321530342102,1.2313644886016846,1.0270527601242065,1.3346589803695679,1.2439284324645996,1.620435357093811,1.6513934135437012,1.4462956190109253,1.6692521572113037,1.9707438945770264,1.9831219911575317,1.907368540763855,2.1991496086120605,1.3052353858947754,0.9885669946670532,0.882880687713623,0.8928195238113403,0.6313557624816895,0.9161659479141235,0.9568377733230591,1.299178957939148,1.270707368850708,1.196161150932312,1.4851224422454834,1.695915699005127,1.733346939086914,1.771353840827942,2.1196818351745605
A6,1.5024603605270386,1.2119066715240479,0.8926286101341248,0.6062560677528381,0.38575226068496704,0.0,0.36609378457069397,0.5265747308731079,0.6758207678794861,0.8006486892700195,0.9372085928916931,1.0638173818588257,1.2607861757278442,1.3553156852722168,1.5806384086608887,1.7631497383117676,1.4227174520492554,1.326991081237793,0.9847252368927002,0.9151706099510193,0.9586935043334961,0.8188967704772949,1.0197218656539917,1.3092520236968994,1.1842581033706665,1.1066110134124756,1.4128423929214478,1.611618161201477,1.4825947284698486,1.6396909952163696,1.9947357177734375,1.6316882371902466,1.6829816102981567,1.4832936525344849,1.31526517868042,1.518330454826355,1.312796950340271,1.629307508468628,1.7647278308868408,1.496665596961975,1.5505698919296265,1.9070411920547485,1.947817087173462,1.7469018697738647,2.002697706222534,1.9065800905227661,1.5697511434555054,1.5943738222122192,1.547714352607727,1.2844668626785278,1.5376063585281372,1.3906049728393555,1.7470184564590454,1.7123552560806274,1.4606512784957886,1.7075506448745728,2.002363920211792,1.9445685148239136,1.8505226373672485,2.174544095993042,1.5885603427886963,1.3047699928283691,1.1213555335998535,1.113566517829895,0.7986758947372437,0.9394714832305908,0.9574554562568665,1.2359319925308228,1.101358413696289,1.0564663410186768,1.399059772491455,1.5491513013839722,1.5387442111968994,1.6334270238876343,1.9941473007202148
A7,1.7656886577606201,1.4352636337280273,1.1729812622070312,0.8665456771850586,0.5695785284042358,0.36609378457069397,0.0,0.3775026202201843,0.5310446619987488,0.5027638673782349,0.6241971850395203,0.8383240103721619,1.002449631690979,1.0335657596588135,1.2789803743362427,1.9479289054870605,1.5841704607009888,1.46844482421875,1.1421053409576416,0.9469963908195496,0.9597840905189514,0.6969450116157532,0.9205975532531738,1.1397002935409546,0.9299566745758057,0.8712650537490845,1.2172625064849854,1.3509958982467651,1.1874020099639893,1.3868002891540527,2.0894997119903564,1.7134913206100464,1.6919262409210205,1.471970558166504,1.2226979732513428,1.367182970046997,1.1051241159439087,1.4088290929794312,1.4929382801055908,1.191253900527954,1.268550157546997,1.620766043663025,1.6210671663284302,1.419679045677185,1.702670931816101,2.0021331310272217,1.6483333110809326,1.5887097120285034,1.4788357019424438,1.1581298112869263,1.3325309753417969,1.1299595832824707,1.4594367742538452,1.399693489074707,1.1219375133514404,1.3718301057815552,1.6603840589523315,1.5848240852355957,1.488480567932129,1.8209035396575928,1.790316104888916,1.4692184925079346,1.2593566179275513,1.1362111568450928,0.7636514902114868,0.8018604516983032,0.6942576169967651,0.9630526900291443,0.8157975077629089,0.7045265436172485,1.0511208772659302,1.221861481666565,1.1989636421203613,1.2709201574325562,1.6344298124313354
A8,2.0191311836242676,1.7194504737854004,1.41457200050354,1.0968190431594849,0.868370532989502,0.5265747308731079,0.3775026202201843,0.0,0.3682798743247986,0.5193800926208496,0.48699092864990234,0.5611169338226318,0.8268987536430359,0.924287736415863,1.0853753089904785,2.267706871032715,1.9143823385238647,1.7979707717895508,1.4502601623535156,1.2896281480789185,1.2398521900177002,0.9648674726486206,1.072028636932373,1.317367434501648,1.1076408624649048,0.9230225682258606,1.2518376111984253,1.3990881443023682,1.1783701181411743,1.2805218696594238,2.4422965049743652,2.0692811012268066,2.066056966781616,1.8459631204605103,1.5976130962371826,1.7201178073883057,1.4296882152557373,1.6958239078521729,1.763684630393982,1.4298454523086548,1.4677373170852661,1.8168439865112305,1.7738370895385742,1.5203970670700073,1.7710959911346436,2.3133130073547363,1.9750440120697021,1.9173009395599365,1.8323774337768555,1.4998334646224976,1.6468639373779297,1.43246591091156,1.7266628742218018,1.6066349744796753,1.3138654232025146,1.5753411054611206,1.83538818359375,1.6878684759140015,1.5841665267944336,1.9394135475158691,2.0377728939056396,1.7503324747085571,1.5008443593978882,1.4011898040771484,1.045161247253418,0.9852252006530762,0.9048856496810913,1.0533686876296997,0.7844647169113159,0.7551178336143494,1.125601053237915,1.1923552751541138,1.112288236618042,1.270082950592041,1.6264716386795044
A9,2.1490275859832764,1.8516154289245605,1.5366339683532715,1.2790772914886475,0.9871470332145691,0.6758207678794861,0.5310446619987488,0.3682798743247986,0.0,0.3658502995967865,0.5272673964500427,0.49296629428863525,0.6205544471740723,0.8175801038742065,1.0507310628890991,2.3232760429382324,1.981615662574768,1.7954483032226562,1.430716872215271,1.2497049570083618,1.0915114879608154,0.8092401623725891,0.7950361371040344,1.053070068359375,0.8982534408569336,0.633446991443634,0.9215102195739746,1.1179755926132202,0.9384052157402039,1.0012606382369995,2.5455706119537354,2.1718943119049072,2.1295533180236816,1.8561434745788574,1.621406078338623,1.6765578985214233,1.3606653213500977,1.565258264541626,1.6771196126937866,1.3523014783859253,1.2968348264694214,1.6460371017456055,1.637982964515686,1.3518966436386108,1.5388935804367065,2.512572765350342,2.155620813369751,2.112058401107788,1.978009581565857,1.6554547548294067,1.7833272218704224,1.5173091888427734,1.7956324815750122,1.719844937324524,1.3851287364959717,1.5722107887268066,1.8646774291992188,1.721129059791565,1.5463532209396362,1.8666363954544067,2.25597882270813,1.9526010751724243,1.7551360130310059,1.6619521379470825,1.2925200462341309,1.2817256450653076,1.130355954170227,1.3057928085327148,1.0381536483764648,0.8924636840820312,1.2543021440505981,1.3572890758514404,1.1911401748657227,1.2905786037445068,1.6713273525238037
A10,2.2104365825653076,1.8763501644134521,1.6160606145858765,1.348397135734558,1.0118212699890137,0.8006486892700195,0.5027638673782349,0.5193800926208496,0.3658502995967865,0.0,0.3740991950035095,0.5489004254341125,0.5506947636604309,0.6022765040397644,0.9215443730354309,2.309051513671875,1.9513124227523804,1.7624928951263428,1.4299345016479492,1.1656506061553955,1.0271875858306885,0.675685465335846,0.7326096892356873,0.8756452798843384,0.6203048229217529,0.44252461194992065,0.7986291646957397,0.894684374332428,0.6958159804344177,0.8884648084640503,2.4490807056427,2.0728700160980225,1.9749715328216553,1.6967601776123047,1.41404390335083,1.4226213693618774,1.0810827016830444,1.271754264831543,1.3399968147277832,1.0010546445846558,0.9750869274139404,1.3200528621673584,1.289886713027954,1.0218991041183472,1.2603017091751099,2.4325778484344482,2.06592059135437,1.9685786962509155,1.7851215600967407,1.4459397792816162,1.5128252506256104,1.2131062746047974,1.4610685110092163,1.3941199779510498,1.0456993579864502,1.2098170518875122,1.506852388381958,1.3780124187469482,1.194935917854309,1.5117135047912598,2.2747979164123535,1.938868761062622,1.7467610836029053,1.583189845085144,1.202901005744934,1.1671653985977173,0.9255175590515137,1.1058502197265625,0.8868155479431152,0.6334635615348816,0.9637970924377441,1.129060983657837,0.9658779501914978,0.9901347756385803,1.3804148435592651
A11,2.3876733779907227,2.053999900817871,1.7949987649917603,1.4753222465515137,1.1932997703552246,0.9372085928916931,0.6241971850395203,0.48699092864990234,0.5272673964500427,0.3740991950035095,0.0,0.361318439245224,0.5134090185165405,0.4653444290161133,0.6548840999603271,2.5507686138153076,2.182770252227783,2.0421595573425293,1.716575264930725,1.463285207748413,1.3777217864990234,1.0273243188858032,1.1052978038787842,1.226994514465332,0.9319806098937988,0.7579707503318787,1.088018536567688,1.114854335784912,0.8247591257095337,0.9658405184745789,2.6438236236572266,2.26711368560791,2.1876542568206787,1.949690341949463,1.6387648582458496,1.672279953956604,1.3346302509307861,1.5364634990692139,1.5283544063568115,1.1656776666641235,1.2079895734786987,1.5206003189086914,1.403875708580017,1.1378676891326904,1.4054479598999023,2.534137487411499,2.1854233741760254,2.050652503967285,1.8984216451644897,1.5323984622955322,1.5636423826217651,1.2872233390808105,1.4978541135787964,1.3385982513427734,1.0151829719543457,1.2456817626953125,1.4744404554367065,1.2746702432632446,1.1517215967178345,1.5142372846603394,2.3679447174072266,2.048142910003662,1.7954660654067993,1.6031347513198853,1.233858585357666,1.0818554162979126,0.8556365966796875,0.9085723161697388,0.6096367239952087,0.4461590051651001,0.7805207967758179,0.8393867611885071,0.6695538759231567,0.8066073060035706,1.170441746711731
A12,2.563934564590454,2.2556040287017822,1.9549181461334229,1.650429606437683,1.385115623474121,1.0638173818588257,0.8383240103721619,0.5611169338226318,0.49296629428863525,0.5489004254341125,0.361318439245224,0.0,0.3633424639701843,0.5263805985450745,0.6055579781532288,2.760697603225708,2.404740810394287,2.2425830364227295,1.8905580043792725,1.6740376949310303,1.5308290719985962,1.202601432800293,1.1786620616912842,1.3416311740875244,1.1090061664581299,0.8246645927429199,1.0854032039642334,1.164297342300415,0.8721646070480347,0.8565809726715088,2.917881488800049,2.5404374599456787,2.4788870811462402,2.222888946533203,1.936768651008606,1.9613654613494873,1.6161396503448486,1.786692500114441,1.811044454574585,1.4526678323745728,1.422141194343567,1.729438066482544,1.6201297044754028,1.3110827207565308,1.4988120794296265,2.8176963329315186,2.4702041149139404,2.3667306900024414,2.229004144668579,1.8702915906906128,1.9207987785339355,1.6406184434890747,1.847973108291626,1.6880908012390137,1.360316276550293,1.5608652830123901,1.7846847772598267,1.554919958114624,1.4009567499160767,1.7442309856414795,2.588233470916748,2.287777900695801,2.0345780849456787,1.8864328861236572,1.5196763277053833,1.3799899816513062,1.1980317831039429,1.2292221784591675,0.8897507786750793,0.7977978587150574,1.1058087348937988,1.092488408088684,0.8552059531211853,1.0365841388702393,1.374997854232788
A13,2.72928524017334,2.4081692695617676,2.1232473850250244,1.8487035036087036,1.5352319478988647,1.2607861757278442,1.002449631690979,0.8268987536430359,0.6205544471740723,0.5506947636604309,0.5134090185165405,0.3633424639701843,0.0,0.3460941016674042,0.5583462715148926,2.8458380699157715,2.493858814239502,2.2878293991088867,1.9449200630187988,1.6898397207260132,1.489431619644165,1.1531405448913574,1.0576791763305664,1.143633484840393,0.9263879656791687,0.6201727390289307,0.8097195625305176,0.8421695232391357,0.5463976263999939,0.4970720410346985,2.9984498023986816,2.622626304626465,2.5120999813079834,2.222963333129883,1.9319653511047363,1.8850418329238892,1.5227534770965576,1.6199555397033691,1.646863341331482,1.303457498550415,1.2021443843841553,1.479801058769226,1.3739179372787476,1.0399041175842285,1.1698659658432007,2.969336748123169,2.6069111824035645,2.4913408756256104,2.302855968475342,1.949677586555481,1.9589178562164307,1.636875033378601,1.8040329217910767,1.680737018585205,1.3294923305511475,1.445926308631897,1.6809425354003906,1.4565976858139038,1.235687494277954,1.5335280895233154,2.7926132678985596,2.468576192855835,2.249319553375244,2.0796663761138916,1.701941728591919,1.5881741046905518,1.3399442434310913,1.3918951749801636,1.094118356704712,0.891987144947052,1.1459842920303345,1.1849377155303955,0.8823984265327454,0.9571697115898132,1.3014966249465942
A14,2.7856647968292236,2.442121982574463,2.1960666179656982,1.8996144533157349,1.5837898254394531,1.3553156852722168,1.0335657596588135,0.924287736415863,0.8175801038742065,0.6022765040397644,0.4653444290161133,0.5263805985450745,0.3460941016674042,0.0,0.3898003399372101,2.8777976036071777,2.513357162475586,2.3310863971710205,2.015871524810791,1.7208813428878784,1.5697780847549438,1.2080321311950684,1.1924558877944946,1.2032440900802612,0.9077404737472534,0.7221975922584534,0.9475076794624329,0.8551841378211975,0.5107851624488831,0.6259037852287292,2.9522829055786133,2.579209566116333,2.442235231399536,2.1743171215057373,1.8471938371658325,1.7845396995544434,1.4219176769256592,1.515144944190979,1.4680317640304565,1.115095853805542,1.0832982063293457,1.3297260999679565,1.1563555002212524,0.8506619930267334,1.060004711151123,2.8970983028411865,2.540039300918579,2.376283884048462,2.1704189777374268,1.8063714504241943,1.75679349899292,1.4317286014556885,1.5484389066696167,1.394336462020874,1.056326150894165,1.1721704006195068,1.3693485260009766,1.12132728099823,0.9200398921966553,1.2417001724243164,2.7875537872314453,2.4509289264678955,2.218581199645996,1.997092366218567,1.6294245719909668,1.4688142538070679,1.1787577867507935,1.1793122291564941,0.9200961589813232,0.68361896276474,0.8557113409042358,0.899001955986023,0.5812279582023621,0.6128438711166382,0.958659291267395
A15,3.0419416427612305,2.7062981128692627,2.4491658210754395,2.1254377365112305,1.8477174043655396,1.5806384086608887,1.2789803743362427,1.0853753089904785,1.0507310628890991,0.9215443730354309,0.6548840999603271,0.6055579781532288,0.5583462715148926,0.3898003399372101,0.0,3.1899571418762207,2.8209025859832764,2.6646883487701416,2.3428330421447754,2.0650877952575684,1.9320666790008545,1.571100115776062,1.5561507940292358,1.5883654356002808,1.2972896099090576,1.0927544832229614,1.2935653924942017,1.1973950862884521,0.8527370095252991,0.8395606875419617,3.251723527908325,2.878103494644165,2.761721611022949,2.5164737701416016,2.1806914806365967,2.1401474475860596,1.7837237119674683,1.8860538005828857,1.804348111152649,1.452748417854309,1.4516342878341675,1.6674623489379883,1.4448585510253906,1.160676121711731,1.3429725170135498,3.1317083835601807,2.7898900508880615,2.6111605167388916,2.4351346492767334,2.0603840351104736,1.9965485334396362,1.6994223594665527,1.7870346307754517,1.5672123432159424,1.2750294208526611,1.4245014190673828,1.5463045835494995,1.2358527183532715,1.1034507751464844,1.4264600276947021,2.997671604156494,2.680079460144043,2.4084012508392334,2.1838185787200928,1.8325098752975464,1.6064577102661133,1.3573170900344849,1.254736065864563,0.9576727151870728,0.8538758158683777,0.965982973575592,0.8542256951332092,0.5046216249465942,0.6886734962463379,0.9189872145652771
B1,0.6749283075332642,0.6925918459892273,0.9846017956733704,1.296165943145752,1.4021141529083252,1.7631497383117676,1.9479289054870605,2.267706871032715,2.3232760429382324,2.309051513671875,2.5507686138153076,2.760697603225708,2.8458380699157715,2.8777976036071777,3.1899571418762207,0.0,0.3775438964366913,0.6123520135879517,0.9363148212432861,1.2021626234054565,1.502817153930664,1.766951560974121,2.0229454040527344,2.155709981918335,2.2179999351501465,2.3931543827056885,2.57069993019104,2.7464938163757324,2.8004748821258545,3.063032865524292,0.6696658730506897,0.6532323360443115,0.9110053181648254,1.0032730102539062,1.3150546550750732,1.6012274026870728,1.8003560304641724,2.05173397064209,2.272260904312134,2.2903330326080322,2.3820488452911377,2.6065855026245117,2.8178322315216064,2.8050358295440674,3.034062385559082,1.1184495687484741,0.9909002780914307,1.3247593641281128,1.3793030977249146,1.5702965259552002,1.906661868095398,2.0021841526031494,2.3130757808685303,2.512911558151245,2.439502239227295,2.546600818634033,2.8264336585998535,2.9925906658172607,2.938772439956665,3.1156227588653564,1.083160400390625,0.9894112348556519,1.3455960750579834,1.5289959907531738,1.6197540760040283,2.005866527557373,2.0982654094696045,2.453329563140869,2.5623295307159424,2.4645442962646484,2.6511220932006836,2.928838014602661,3.0197465419769287,2.9704885482788086,3.2803592681884766
B2,0.6531699299812317,0.46069857478141785,0.7249780297279358,0.9788850545883179,1.0492578744888306,1.4227174520492554,1.5841704607009888,1.9143823385238647,1.981615662574768,1.9513124227523804,2.182770252227783,2.404740810394287,2.493858814239502,2.513357162475586,2.8209025859832764,0.3775438964366913,0.0,0.38734546303749084,0.651479184627533,0.8753650188446045,1.2124898433685303,1.4368363618850708,1.7226492166519165,1.8597395420074463,1.8857967853546143,2.0595407485961914,2.262722969055176,2.4263341426849365,2.4578027725219727,2.7275609970092773,0.7021434307098389,0.47432199120521545,0.712051272392273,0.7462810277938843,0.9976414442062378,1.3154754638671875,1.4775782823562622,1.761696219444275,1.9663537740707397,1.9526716470718384,2.0603184700012207,2.303267240524292,2.491393804550171,2.4672446250915527,2.7146267890930176,1.0227267742156982,0.7801670432090759,1.0708353519439697,1.0929903984069824,1.2300773859024048,1.5780726671218872,1.653562068939209,1.9811835289001465,2.162310838699341,2.0760669708251953,2.2003173828125,2.483492374420166,2.6334450244903564,2.5821499824523926,2.7762651443481445,0.9699483513832092,0.7567545175552368,1.0646263360977173,1.2066030502319336,1.258100986480713,1.6444400548934937,1.7237789630889893,2.0822646617889404,2.1875672340393066,2.0873894691467285,2.2761764526367188,2.5522804260253906,2.6429197788238525,2.597891092300415,2.9089701175689697
B3,0.9311240315437317,0.7193965911865234,0.8056429624557495,1.0340021848678589,0.9801194667816162,1.326991081237793,1.46844482421875,1.7979707717895508,1.7954483032226562,1.7624928951263428,2.0421595573425293,2.2425830364227295,2.2878293991088867,2.3310863971710205,2.6646883487701416,0.6123520135879517,0.38734546303749084,0.0,0.3795613646507263,0.6173582673072815,0.8933599591255188,1.1744093894958496,1.417716383934021,1.5453722476959229,1.6255744695663452,1.8003381490707397,1.9620600938796997,2.1424200534820557,2.212066411972046,2.470301389694214,0.9928892850875854,0.743158757686615,0.800234317779541,0.6430217623710632,0.8959189653396606,1.136101484298706,1.271795392036438,1.5159837007522583,1.7723667621612549,1.7640680074691772,1.8109160661697388,2.053616762161255,2.2742862701416016,2.235865831375122,2.4445714950561523,1.3786520957946777,1.090799331665039,1.3058823347091675,1.2245395183563232,1.291504144668579,1.6052961349487305,1.598349928855896,1.9255810976028442,2.125457525253296,1.987941026687622,2.071744680404663,2.3862457275390625,2.528002977371216,2.428858757019043,2.6051886081695557,1.3139296770095825,1.0593987703323364,1.2931792736053467,1.3838392496109009,1.328738808631897,1.701364278793335,1.709017276763916,2.084463357925415,2.148202896118164,1.9942415952682495,2.2038450241088867,2.4957480430603027,2.535778284072876,2.4694156646728516,2.801588535308838
B4,1.0314732789993286,0.7678214311599731,0.6636349558830261,0.8135848045349121,0.6792927980422974,0.9847252368927002,1.1421053409576416,1.4502601623535156,1.430716872215271,1.4299345016479492,1.716575264930725,1.8905580043792725,1.9449200630187988,2.015871524810791,2.3428330421447754,0.9363148212432861,0.651479184627533,0.3795613646507263,0.0,0.3785838484764099,0.608922004699707,0.8699901103973389,1.1023917198181152,1.2902241945266724,1.3595963716506958,1.4820582866668701,1.6591843366622925,1.867458701133728,1.9141992330551147,2.1462817192077637,1.3053404092788696,0.995539665222168,1.0323991775512695,0.7973672151565552,0.900348961353302,1.122341275215149,1.1435984373092651,1.4107751846313477,1.6724042892456055,1.5945038795471191,1.6136128902435303,1.89936363697052,2.0967602729797363,2.007699728012085,2.2132444381713867,1.5574102401733398,1.2277733087539673,1.393472671508789,1.298141598701477,1.2529850006103516,1.5640449523925781,1.4916082620620728,1.8430885076522827,1.9977407455444336,1.8086422681808472,1.9186129570007324,2.2506561279296875,2.3436203002929688,2.22292160987854,2.4318647384643555,1.3880748748779297,1.1004971265792847,1.2302839756011963,1.3043785095214844,1.158942461013794,1.5067729949951172,1.4958961009979248,1.8696715831756592,1.8796977996826172,1.7234892845153809,1.9745768308639526,2.246742010116577,2.255659818649292,2.215062141418457,2.5680904388427734
B5,1.3311840295791626,1.0069448947906494,0.905888020992279,0.9073008894920349,0.6358733177185059,0.9151706099510193,0.9469963908195496,1.2896281480789185,1.2497049570083618,1.1656506061553955,1.463285207748413,1.6740376949310303,1.6898397207260132,1.7208813428878784,2.0650877952575684,1.2021626234054565,0.8753650188446045,0.6173582673072815,0.3785838484764099,0.0,0.3857629597187042,0.5702469944953918,0.8698722124099731,0.9955216646194458,1.0217069387435913,1.198131799697876,1.3918722867965698,1.5533591508865356,1.5996440649032593,1.8691437244415283,1.4133588075637817,1.067379355430603,0.9842879176139832,0.6723453998565674,0.6328023076057434,0.8023104667663574,0.770660400390625,1.0530284643173218,1.3020024299621582,1.2163207530975342,1.2469371557235718,1.5333313941955566,1.7216919660568237,1.6452656984329224,1.8672683238983154,1.6379578113555908,1.273002028465271,1.331954002380371,1.1494367122650146,1.0360019207000732,1.2904692888259888,1.1631687879562378,1.5038516521453857,1.6672413349151611,1.4632035493850708,1.549109935760498,1.8875243663787842,1.9854131937026978,1.8560974597930908,2.0550265312194824,1.5671072006225586,1.2254329919815063,1.283696174621582,1.2455165386199951,1.031301498413086,1.3350306749343872,1.2440788745880127,1.618900179862976,1.6385117769241333,1.4346873760223389,1.6610627174377441,1.9564868211746216,1.9561468362808228,1.8813741207122803,2.2289011478424072
B6,1.6283674240112305,1.3335206508636475,1.1600158214569092,1.1434791088104248,0.8202852606773376,0.9586935043334961,0.9597840905189514,1.2398521900177002,1.0915114879608154,1.0271875858306885,1.3777217864990234,1.5308290719985962,1.489431619644165,1.5697780847549438,1.9320666790008545,1.502817153930664,1.2124898433685303,0.8933599591255188,0.608922004699707,0.3857629597187042,0.0,0.36723172664642334,0.5284133553504944,0.6846069693565369,0.8095807433128357,0.9418672323226929,1.0702505111694336,1.2781251668930054,1.3693747520446777,1.6008838415145874,1.7735034227371216,1.4412282705307007,1.3301032781600952,0.9800564646720886,0.9124083518981934,0.9370862245559692,0.8038531541824341,0.9885164499282837,1.2861660718917847,1.1764391660690308,1.0925571918487549,1.3907355070114136,1.602351188659668,1.4791791439056396,1.6372450590133667,2.0227510929107666,1.6574848890304565,1.702043056488037,1.4951977729797363,1.3372136354446411,1.5336178541183472,1.326230525970459,1.6367624998092651,1.786842942237854,1.5230928659439087,1.5670384168624878,1.9265204668045044,1.9880203008651733,1.7982401847839355,1.9833054542541504,1.914071798324585,1.5823687314987183,1.6082979440689087,1.5636372566223145,1.2923643589019775,1.5373324155807495,1.389149785041809,1.7407927513122559,1.6915701627731323,1.4438974857330322,1.6979312896728516,1.9818801879882812,1.9098280668258667,1.8272472620010376,2.195194721221924
B7,1.8178143501281738,1.4890451431274414,1.2860902547836304,1.1563411951065063,0.78279048204422,0.8188967704772949,0.6969450116157532,0.9648674726486206,0.8092401623725891,0.675685465335846,1.0273243188858032,1.202601432800293,1.1531405448913574,1.2080321311950684,1.571100115776062,1.766951560974121,1.4368363618850708,1.1744093894958496,0.8699901103973389,0.5702469944953918,0.36723172664642334,0.0,0.37820419669151306,0.5359854102134705,0.5092770457267761,0.6282565593719482,0.8439878821372986,1.0154114961624146,1.0454137325286865,1.2993916273117065,1.9589736461639404,1.6005783081054688,1.4732898473739624,1.1404805183410645,0.9465728402137756,0.9456778168678284,0.6846460103988647,0.8958568572998047,1.1241827011108398,0.9255857467651367,0.856782078742981,1.1981216669082642,1.3452281951904297,1.1838247776031494,1.38173246383667,2.109822988510132,1.7325599193572998,1.7070480585098267,1.4856709241867065,1.2451577186584473,1.3890306949615479,1.1267982721328735,1.4279797077178955,1.5252000093460083,1.2260979413986206,1.294344186782837,1.6520986557006836,1.6703410148620605,1.475943922996521,1.6958311796188354,2.0065431594848633,1.6559491157531738,1.5985980033874512,1.4898422956466675,1.1619539260864258,1.3264983892440796,1.124737024307251,1.4480047225952148,1.3702203035354614,1.1000622510910034,1.362473487854004,1.6360688209533691,1.546270489692688,1.4690676927566528,1.84340500831604
B8,2.078880786895752,1.7805180549621582,1.540984869003296,1.43492591381073,1.074735403060913,1.0197218656539917,0.9205975532531738,1.072028636932373,0.7950361371040344,0.7326096892356873,1.1052978038787842,1.1786620616912842,1.0576791763305664,1.1924558877944946,1.5561507940292358,2.0229454040527344,1.7226492166519165,1.417716383934021,1.1023917198181152,0.8698722124099731,0.5284133553504944,0.37820419669151306,0.0,0.3691607713699341,0.5198042392730713,0.4877778887748718,0.5632879734039307,0.8342704772949219,0.9290863871574402,1.1006536483764648,2.279559850692749,1.9330754280090332,1.8026875257492065,1.449208378791809,1.2891199588775635,1.223126769065857,0.9519941806793213,1.0403846502304077,1.2949867248535156,1.1003118753433228,0.9029830098152161,1.2232944965362549,1.3877366781234741,1.1729978322982788,1.267922282218933,2.467089891433716,2.0923900604248047,2.082944631576538,1.8588083982467651,1.619500994682312,1.7392889261245728,1.4484179019927979,1.710761547088623,1.7962541580200195,1.4668679237365723,1.4914203882217407,1.8476744890213013,1.8291782140731812,1.5806635618209839,1.774823546409607,2.326312780380249,1.990591049194336,1.9347189664840698,1.8476086854934692,1.5091062784194946,1.6437009572982788,1.4287080764770508,1.713823676109314,1.5743862390518188,1.2915658950805664,1.566684365272522,1.807908296585083,1.6454205513000488,1.571396827697754,1.9519964456558228
B9,2.2988226413726807,1.9825366735458374,1.7951112985610962,1.6901469230651855,1.3179627656936646,1.3092520236968994,1.1397002935409546,1.317367434501648,1.053070068359375,0.8756452798843384,1.226994514465332,1.3416311740875244,1.143633484840393,1.2032440900802612,1.5883654356002808,2.155709981918335,1.8597395420074463,1.5453722476959229,1.2902241945266724,0.9955216646194458,0.6846069693565369,0.5359854102134705,0.3691607713699341,0.0,0.3655651807785034,0.5274754166603088,0.49408528208732605,0.6324870586395264,0.828727662563324,1.0679888725280762,2.3391735553741455,2.0050745010375977,1.8063088655471802,1.4404712915420532,1.255757451057434,1.0821164846420288,0.802426815032959,0.7658036351203918,1.0261472463607788,0.8856964707374573,0.6104510426521301,0.8873660564422607,1.0979703664779663,0.9266989827156067,0.987558901309967,2.5699985027313232,2.1941144466400146,2.141854763031006,1.8647706508636475,1.634903907775879,1.6834543943405151,1.3660796880722046,1.564307451248169,1.6899088621139526,1.3705687522888184,1.3049291372299194,1.6579352617263794,1.6733888387680054,1.3976643085479736,1.5246988534927368,2.5210201740264893,2.166410207748413,2.123850107192993,1.9876748323440552,1.656685709953308,1.7713191509246826,1.5020197629928589,1.77082359790802,1.6706191301345825,1.3396430015563965,1.5422555208206177,1.8152059316635132,1.6453397274017334,1.4964599609375,1.849501609802246
B10,2.3042540550231934,1.9597870111465454,1.774001121520996,1.599460244178772,1.2216694355010986,1.1842581033706665,0.9299566745758057,1.1076408624649048,0.8982534408569336,0.6203048229217529,0.9319806098937988,1.1090061664581299,0.9263879656791687,0.9077404737472534,1.2972896099090576,2.2179999351501465,1.8857967853546143,1.6255744695663452,1.3595963716506958,1.0217069387435913,0.8095807433128357,0.5092770457267761,0.5198042392730713,0.3655651807785034,0.0,0.3737999200820923,0.5499531030654907,0.5586534738540649,0.6147626042366028,0.9401530623435974,2.3274223804473877,1.9745290279388428,1.7774285078048706,1.4436702728271484,1.1772148609161377,1.0307520627975464,0.680036187171936,0.7240469455718994,0.8681908249855042,0.6191681623458862,0.4281391203403473,0.7804641723632812,0.8860790729522705,0.6863943934440613,0.8774654269218445,2.4683539867401123,2.090958833694458,1.986441731452942,1.7103852033615112,1.430298089981079,1.4390510320663452,1.0976046323776245,1.287646770477295,1.3642382621765137,1.027570128440857,0.99776691198349,1.3478128910064697,1.3339215517044067,1.0740165710449219,1.2577486038208008,2.4365339279174805,2.071596145629883,1.9754986763000488,1.7909109592437744,1.443224310874939,1.4963053464889526,1.1948529481887817,1.4327698945999146,1.3374933004379272,0.992458701133728,1.1786062717437744,1.4537169933319092,1.2962009906768799,1.1421935558319092,1.500360131263733
B11,2.3958775997161865,2.069103717803955,1.8218398094177246,1.6232300996780396,1.2563437223434448,1.1066110134124756,0.8712650537490845,0.9230225682258606,0.633446991443634,0.44252461194992065,0.7579707503318787,0.8246645927429199,0.6201727390289307,0.7221975922584534,1.0927544832229614,2.3931543827056885,2.0595407485961914,1.8003381490707397,1.4820582866668701,1.198131799697876,0.9418672323226929,0.6282565593719482,0.4877778887748718,0.5274754166603088,0.3737999200820923,0.0,0.3630412518978119,0.5125449299812317,0.46568727493286133,0.6711351275444031,2.566279411315918,2.2024753093719482,2.0531253814697266,1.7235133647918701,1.4709436893463135,1.3775309324264526,1.0289767980575562,1.0958373546600342,1.225998044013977,0.9400613903999329,0.7507272362709045,1.0756773948669434,1.1182984113693237,0.8280540108680725,0.9543784260749817,2.6623382568359375,2.2851364612579346,2.2024333477020264,1.9674116373062134,1.6624488830566406,1.7012754678726196,1.3656142950057983,1.5706084966659546,1.5772379636764526,1.2171413898468018,1.2504316568374634,1.5738431215286255,1.4786783456802368,1.2119948863983154,1.4413660764694214,2.542623996734619,2.1952621936798096,2.0625200271606445,1.9082530736923218,1.5370503664016724,1.5540175437927246,1.28025221824646,1.478601098060608,1.2918189764022827,0.9845237135887146,1.239499568939209,1.4396864175796509,1.220842719078064,1.1486396789550781,1.526764988899231
B12,2.6274166107177734,2.3163836002349854,2.0712668895721436,1.9151653051376343,1.5476590394973755,1.4128423929214478,1.2172625064849854,1.2518376111984253,0.9215102195739746,0.7986291646957397,1.088018536567688,1.0854032039642334,0.8097195625305176,0.9475076794624329,1.2935653924942017,2.57069993019104,2.262722969055176,1.9620600938796997,1.6591843366622925,1.3918722867965698,1.0702505111694336,0.8439878821372986,0.5632879734039307,0.49408528208732605,0.5499531030654907,0.3630412518978119,0.0,0.3636520504951477,0.5285524725914001,0.6194850206375122,2.777430295944214,2.427664041519165,2.2548954486846924,1.9003289937973022,1.6830979585647583,1.529665470123291,1.20478355884552,1.166163444519043,1.3339719772338867,1.1133708953857422,0.8172575831413269,1.0670830011367798,1.1618196964263916,0.8756234049797058,0.8423820734024048,2.9410722255706787,2.5624172687530518,2.494516134262085,2.2384796142578125,1.9581130743026733,1.9830546379089355,1.6386386156082153,1.8086408376693726,1.848824381828308,1.494328260421753,1.453627109527588,1.7704285383224487,1.686613917350769,1.3790433406829834,1.5328152179718018,2.829972505569458,2.483976125717163,2.3821380138397217,2.241286516189575,1.8768373727798462,1.9125539064407349,1.6328063011169434,1.8273118734359741,1.6401588916778564,1.326021432876587,1.5480406284332275,1.7434604167938232,1.4902704954147339,1.3861514329910278,1.736960768699646
B13,2.832444429397583,2.498387098312378,2.284595251083374,2.1020889282226562,1.7271336317062378,1.611618161201477,1.3509958982467651,1.3990881443023682,1.1179755926132202,0.894684374332428,1.114854335784912,1.164297342300415,0.8421695232391357,0.8551841378211975,1.1973950862884521,2.7464938163757324,2.4263341426849365,2.1424200534820557,1.867458701133728,1.5533591508865356,1.2781251668930054,1.0154114961624146,0.8342704772949219,0.6324870586395264,0.5586534738540649,0.5125449299812317,0.3636520504951477,0.0,0.34689539670944214,0.5602483153343201,2.874890089035034,2.5275330543518066,2.3150322437286377,1.972764253616333,1.7138468027114868,1.5102213621139526,1.1743791103363037,1.0736843347549438,1.1564947366714478,0.942692756652832,0.6343339085578918,0.813004732131958,0.8485363721847534,0.552974283695221,0.48500001430511475,3.0246505737304688,2.6477606296539307,2.5293307304382324,2.24410080909729,1.9532475471496582,1.9068448543548584,1.5450403690338135,1.643090009689331,1.6762676239013672,1.3344682455062866,1.232242226600647,1.516580581665039,1.4274637699127197,1.097296953201294,1.2057318687438965,2.9802324771881104,2.6193854808807373,2.5028648376464844,2.3114757537841797,1.9504973888397217,1.941586971282959,1.6193171739578247,1.769851803779602,1.6117799282073975,1.271598219871521,1.4127354621887207,1.613360047340393,1.3511992692947388,1.1814275979995728,1.4927680492401123
