,A1,A2,A3,A4,A5,A6,A7,A8,A9,A10,A11,A12,A13,A14,A15,B1,B2,B3,B4,B5,B6,B7,B8,B9,B10,B11,B12,B13,B14,B15,C1,C2,C3,C4,C5,C6,C7,C8,C9,C10,C11,C12,C13,C14,C15,D1,D2,D3,D4,D5,D6,D7,D8,D9,D10,D11,D12,D13,D14,D15,E1,E2,E3,E4,E5,E6,E7,E8,E9,E10,E11,E12,E13,E14,E15
A1,0.0,0.387651264667511,0.5945252180099487,0.8529877662658691,1.110978364944458,1.208432912826538,1.2750344276428223,1.4908781051635742,1.666853904724121,1.7950689792633057,1.885728359222412,2.039138078689575,2.227602958679199,2.395759105682373,2.571683168411255,0.7402281761169434,0.8628495335578918,1.0637640953063965,1.0405917167663574,1.351683497428894,1.5655250549316406,1.4954628944396973,1.5887662172317505,1.8795788288116455,2.042300224304199,1.998237133026123,2.1414601802825928,2.417876958847046,2.5194084644317627,2.6174867153167725,1.349927544593811,1.2990496158599854,1.62307608127594,1.5297365188598633,1.9091851711273193,2.0047810077667236,1.7894052267074585,1.942965030670166,2.2888729572296143,2.3259098529815674,2.2026402950286865,2.437741756439209,2.7133495807647705,2.690706968307495,2.79927659034729,1.107554316520691,0.9968200922012329,1.3682585954666138,1.4107800722122192,1.7815757989883423,1.734529733657837,1.5724796056747437,1.865877628326416,2.1329009532928467,2.0888631343841553,2.076253652572632,2.3641276359558105,2.559412717819214,2.5694425106048584,2.7920401096343994,0.7064000368118286,0.5852506756782532,0.8834432363510132,1.1077154874801636,1.3904165029525757,1.3047816753387451,1.302593469619751,1.6303905248641968,1.796865463256836,1.8088104724884033,1.9156577587127686,2.1712889671325684,2.2918264865875244,2.382251024246216,2.612574815750122
A2,0.387651264667511,0.0,0.38335341215133667,0.5737709403038025,0.8848938345909119,0.9141907095909119,0.9218426942825317,1.1804300546646118,1.3744655847549438,1.4565671682357788,1.5351355075836182,1.7256890535354614,1.9091248512268066,2.0481293201446533,2.2436697483062744,0.6637385487556458,0.6201853156089783,0.7606345415115356,0.6645892262458801,0.9933596849441528,1.1985886096954346,1.1124837398529053,1.204177737236023,1.4984378814697266,1.6554646492004395,1.61463463306427,1.7630565166473389,2.0326991081237793,2.1364471912384033,2.244882583618164,1.1901042461395264,1.0833104848861694,1.3529529571533203,1.1996781826019287,1.5682235956192017,1.6878466606140137,1.462333083152771,1.579324722290039,1.933666467666626,1.991556167602539,1.8551181554794312,2.069334030151367,2.357832670211792,2.3489699363708496,2.4413857460021973,1.1003788709640503,0.9205422401428223,1.2542287111282349,1.1950550079345703,1.5767837762832642,1.5660901069641113,1.3493847846984863,1.595873475074768,1.9011632204055786,1.8721528053283691,1.8068872690200806,2.080144166946411,2.308553695678711,2.304198741912842,2.494898557662964,0.8850218057632446,0.6102271676063538,0.8962219953536987,0.9903294444084167,1.3048549890518188,1.1872053146362305,1.0837337970733643,1.4230619668960571,1.6284513473510742,1.5897433757781982,1.6524831056594849,1.9438307285308838,2.0708937644958496,2.112046718597412,2.3447694778442383
A3,0.5945252180099487,0.38335341215133667,0.0,0.3864997327327728,0.5541592240333557,0.6192353963851929,0.7503670454025269,0.9574092626571655,1.082837700843811,1.2244994640350342,1.3525547981262207,1.4881705045700073,1.6483620405197144,1.8420945405960083,2.026283025741577,1.0234782695770264,0.9535253047943115,0.9907074570655823,0.7681129574775696,1.0212491750717163,1.2919942140579224,1.1709392070770264,1.1413242816925049,1.4622763395309448,1.6541564464569092,1.5476502180099487,1.6409988403320312,1.954537034034729,2.0512890815734863,2.096454381942749,1.538848876953125,1.3844664096832275,1.608407974243164,1.3817187547683716,1.7223670482635498,1.8355343341827393,1.554788589477539,1.6208436489105225,1.9934401512145996,2.024624824523926,1.8248355388641357,2.03460955619812,2.336271286010742,2.2774877548217773,2.3347129821777344,1.4349957704544067,1.1933228969573975,1.486092448234558,1.380021333694458,1.739548921585083,1.672183871269226,1.4008450508117676,1.6497036218643188,1.9531065225601196,1.8571285009384155,1.7596561908721924,2.0689456462860107,2.2799453735351562,2.21547794342041,2.421653985977173,1.0908877849578857,0.7673388719558716,0.9060449600219727,1.0077612400054932,1.2359048128128052,1.0137715339660645,0.9447431564331055,1.322131872177124,1.455005168914795,1.3642940521240234,1.488879919052124,1.7904157638549805,1.855568766593933,1.903589129447937,2.1781082153320312
A4,0.8529877662658691,0.5737709403038025,0.3864997327327728,0.0,0.3883167803287506,0.5409944653511047,0.5116924047470093,0.6412296891212463,0.8687648773193359,1.0272616147994995,1.067238450050354,1.1913048028945923,1.410828709602356,1.5755712985992432,1.7236647605895996,1.190436840057373,0.9975702166557312,1.0509263277053833,0.743401050567627,1.021999716758728,1.2133675813674927,0.9898239374160767,0.9664839506149292,1.3318315744400024,1.4537432193756104,1.2937572002410889,1.4379349946975708,1.753775715827942,1.7900125980377197,1.8448420763015747,1.5112398862838745,1.2693897485733032,1.4477105140686035,1.1827688217163086,1.5047240257263184,1.5657113790512085,1.248077154159546,1.3269641399383545,1.6938343048095703,1.683098554611206,1.475541353225708,1.7155537605285645,1.9970707893371582,1.9179399013519287,2.000077486038208,1.3989454507827759,1.0839694738388062,1.2950865030288696,1.127211570739746,1.4541388750076294,1.366367220878601,1.0601322650909424,1.296707272529602,1.5973232984542847,1.4870141744613647,1.3754475116729736,1.6906547546386719,1.8976558446884155,1.829392433166504,2.0384340286254883,1.1253021955490112,0.7428790330886841,0.7848823070526123,0.7476342916488647,0.9635488390922546,0.7425523996353149,0.5818952322006226,0.9555005431175232,1.1211893558502197,1.0282418727874756,1.1145819425582886,1.4203084707260132,1.51249098777771,1.5525083541870117,1.8075133562088013
A5,1.110978364944458,0.8848938345909119,0.5541592240333557,0.3883167803287506,0.0,0.3797268271446228,0.5455231070518494,0.5281261205673218,0.603649914264679,0.8649815320968628,0.9765614867210388,1.0056512355804443,1.1821609735488892,1.4229846000671387,1.553496241569519,1.520774006843567,1.3518260717391968,1.339738368988037,1.0007349252700806,1.1749663352966309,1.4143190383911133,1.197972297668457,1.0476542711257935,1.4006344079971313,1.5586384534835815,1.3405543565750122,1.402085304260254,1.7542428970336914,1.7861541509628296,1.7594640254974365,1.888510823249817,1.6448688507080078,1.790900468826294,1.4889084100723267,1.7676990032196045,1.831786870956421,1.4893674850463867,1.502993106842041,1.8671016693115234,1.8365561962127686,1.5678493976593018,1.7833302021026611,2.0720784664154053,1.9399417638778687,1.9712549448013306,1.779463529586792,1.4562301635742188,1.6459002494812012,1.4616644382476807,1.7528948783874512,1.624573826789856,1.2934966087341309,1.5068583488464355,1.7878501415252686,1.6124300956726074,1.4659346342086792,1.8033214807510376,1.9838868379592896,1.8437323570251465,2.06121563911438,1.4241880178451538,1.0576059818267822,1.0022025108337402,0.9893593788146973,1.0755709409713745,0.74188232421875,0.6571895480155945,1.0202841758728027,1.0642409324645996,0.8835695385932922,1.0619701147079468,1.3683477640151978,1.3643171787261963,1.407799243927002,1.717556118965149
A6,1.208432912826538,0.9141907095909119,0.6192353963851929,0.5409944653511047,0.3797268271446228,0.0,0.3739611506462097,0.5464599132537842,0.5204622149467468,0.6291415095329285,0.8394143581390381,0.9700877666473389,1.0582795143127441,1.272876501083374,1.4886786937713623,1.4613083600997925,1.2785530090332031,1.1609447002410889,0.8109086751937866,0.8756276965141296,1.1533772945404053,1.0000934600830078,0.7769752144813538,1.0896731615066528,1.3088881969451904,1.1309195756912231,1.1307939291000366,1.480124831199646,1.5769357681274414,1.5504940748214722,1.8432139158248901,1.6328643560409546,1.7283822298049927,1.3978372812271118,1.63984215259552,1.7754839658737183,1.463332176208496,1.395093560218811,1.7652641534805298,1.8047382831573486,1.5236012935638428,1.6671581268310547,1.9948221445083618,1.9071069955825806,1.8831205368041992,1.8780441284179688,1.587878942489624,1.7856721878051758,1.5561944246292114,1.8615576028823853,1.8045166730880737,1.4563040733337402,1.599475383758545,1.9241602420806885,1.7971776723861694,1.591667652130127,1.886229157447815,2.1180574893951416,1.9699304103851318,2.125983238220215,1.6367559432983398,1.2660515308380127,1.2998980283737183,1.2550632953643799,1.3998372554779053,1.0930368900299072,0.9193796515464783,1.263381838798523,1.355401635169983,1.1161776781082153,1.219772458076477,1.5694077014923096,1.5623674392700195,1.5176137685775757,1.8374295234680176
A7,1.2750344276428223,0.9218426942825317,0.7503670454025269,0.5116924047470093,0.5455231070518494,0.3739611506462097,0.0,0.38202694058418274,0.5680856108665466,0.5650825500488281,0.6208080649375916,0.8482414484024048,1.0110996961593628,1.1265265941619873,1.3420257568359375,1.4022835493087769,1.133423089981079,1.0295846462249756,0.6486632227897644,0.7563526630401611,0.9225013256072998,0.68434077501297,0.5094682574272156,0.8777114152908325,1.015149474143982,0.8272875547409058,0.928659200668335,1.2550442218780518,1.3121436834335327,1.3546332120895386,1.6247520446777344,1.3730449676513672,1.4192121028900146,1.0681432485580444,1.2902476787567139,1.409252643585205,1.0951662063598633,1.024730920791626,1.3965587615966797,1.4389554262161255,1.174644947052002,1.3321921825408936,1.6556603908538818,1.5962804555892944,1.6063631772994995,1.707629680633545,1.404221534729004,1.5446422100067139,1.2658493518829346,1.5487576723098755,1.5300050973892212,1.173973798751831,1.2655590772628784,1.6083959341049194,1.5235904455184937,1.296058177947998,1.56039559841156,1.821799397468567,1.7036432027816772,1.832375407218933,1.596192717552185,1.2130602598190308,1.2589162588119507,1.1128463745117188,1.2954785823822021,1.0569119453430176,0.7740228176116943,1.06932532787323,1.2473459243774414,1.0252481698989868,1.0189189910888672,1.3850663900375366,1.4475833177566528,1.3633803129196167,1.6378806829452515
A8,1.4908781051635742,1.1804300546646118,0.9574092626571655,0.6412296891212463,0.5281261205673218,0.5464599132537842,0.38202694058418274,0.0,0.37611982226371765,0.5413901209831238,0.4857237637042999,0.551456093788147,0.8036164045333862,0.9606915712356567,1.0835537910461426,1.722127914428711,1.4480409622192383,1.3925623893737793,1.0143672227859497,1.1276240348815918,1.2526534795761108,0.9611923098564148,0.7737563252449036,1.1226834058761597,1.1897871494293213,0.9022383689880371,1.0031572580337524,1.3430566787719727,1.3066203594207764,1.2894586324691772,1.8941450119018555,1.5949270725250244,1.6322436332702637,1.2814934253692627,1.4710053205490112,1.5081794261932373,1.152525782585144,1.0960382223129272,1.4348068237304688,1.3868745565414429,1.0801748037338257,1.2809278964996338,1.5645166635513306,1.422339677810669,1.4433605670928955,1.8864506483078003,1.53932785987854,1.622524380683899,1.339836835861206,1.5596461296081543,1.468354344367981,1.0981080532073975,1.1891604661941528,1.4826014041900635,1.3223421573638916,1.0831012725830078,1.384498119354248,1.597591757774353,1.4271125793457031,1.5911786556243896,1.7057439088821411,1.32057785987854,1.2526015043258667,1.0678162574768066,1.1386510133743286,0.8701079487800598,0.598084568977356,0.8327569961547852,0.9398358464241028,0.6659280061721802,0.687377393245697,1.0507723093032837,1.0737805366516113,1.0035675764083862,1.3005670309066772
A9,1.666853904724121,1.3744655847549438,1.082837700843811,0.8687648773193359,0.603649914264679,0.5204622149467468,0.5680856108665466,0.37611982226371765,0.0,0.374726265668869,0.5316546559333801,0.4952821135520935,0.5823731422424316,0.8562287092208862,1.0112802982330322,1.9285039901733398,1.6904511451721191,1.5750617980957031,1.198140263557434,1.2158204317092896,1.4033699035644531,1.1784909963607788,0.8863887786865234,1.1707731485366821,1.3107190132141113,1.0206818580627441,0.9789552688598633,1.3433712720870972,1.3489184379577637,1.2338451147079468,2.1877565383911133,1.9175277948379517,1.947803020477295,1.5836851596832275,1.7471473217010498,1.8254680633544922,1.4850962162017822,1.3632036447525024,1.6897547245025635,1.6672662496566772,1.3285361528396606,1.456138253211975,1.7552778720855713,1.5937576293945312,1.5299031734466553,2.209343194961548,1.8742730617523193,1.986122727394104,1.7091513872146606,1.934261679649353,1.8401318788528442,1.4707492589950562,1.5487070083618164,1.8327966928482056,1.6507604122161865,1.3939632177352905,1.682091236114502,1.8814849853515625,1.6578294038772583,1.800351619720459,1.9756832122802734,1.5932284593582153,1.5227537155151367,1.3951048851013184,1.4291082620620728,1.1049164533615112,0.9173659086227417,1.1502715349197388,1.1629061698913574,0.8277077078819275,0.9264739751815796,1.2626290321350098,1.178313970565796,1.07945716381073,1.429896593093872
A10,1.7950689792633057,1.4565671682357788,1.2244994640350342,1.0272616147994995,0.8649815320968628,0.6291415095329285,0.5650825500488281,0.5413901209831238,0.374726265668869,0.0,0.3646168112754822,0.545291006565094,0.5130996704101562,0.6639367341995239,0.9432089924812317,1.9144456386566162,1.649038314819336,1.465437650680542,1.1042556762695312,1.0220531225204468,1.1695513725280762,0.987221360206604,0.6340898871421814,0.8431451320648193,0.9999657869338989,0.7333731651306152,0.6187186241149902,0.9856889843940735,1.043067216873169,0.9418248534202576,2.1200332641601562,1.869372010231018,1.8372830152511597,1.4572131633758545,1.5590379238128662,1.6902409791946411,1.3917005062103271,1.1852521896362305,1.4969217777252197,1.5434285402297974,1.205587387084961,1.2460525035858154,1.5793819427490234,1.477757215499878,1.360549807548523,2.26168155670166,1.9528146982192993,2.0521275997161865,1.736234426498413,1.9565081596374512,1.9325895309448242,1.5613453388214111,1.5639886856079102,1.879799485206604,1.7599947452545166,1.4578346014022827,1.682693600654602,1.934075117111206,1.7236638069152832,1.790181040763855,2.1436703205108643,1.7575852870941162,1.7496259212493896,1.586534023284912,1.6797128915786743,1.3956940174102783,1.1384295225143433,1.3486148118972778,1.4332162141799927,1.1022626161575317,1.090836524963379,1.4461088180541992,1.4008651971817017,1.2135725021362305,1.5303339958190918
A11,1.885728359222412,1.5351355075836182,1.3525547981262207,1.067238450050354,0.9765614867210388,0.8394143581390381,0.6208080649375916,0.4857237637042999,0.5316546559333801,0.3646168112754822,0.0,0.37785544991493225,0.5284268260002136,0.5254934430122375,0.7428992390632629,1.975768804550171,1.6619631052017212,1.5250648260116577,1.163591980934143,1.143101453781128,1.1837023496627808,0.9174320697784424,0.6492404937744141,0.8797696232795715,0.8905327916145325,0.5462258458137512,0.5879300832748413,0.91215580701828,0.8461394309997559,0.804215669631958,2.051156997680664,1.757213830947876,1.6872379779815674,1.3082425594329834,1.370849609375,1.440116047859192,1.1314473152160645,0.9243120551109314,1.2087007761001587,1.2085267305374146,0.8575927019119263,0.9307637810707092,1.2435646057128906,1.124436616897583,1.0491470098495483,2.179147958755493,1.8532943725585938,1.8861405849456787,1.54425048828125,1.708517074584961,1.688183307647705,1.3228920698165894,1.268957257270813,1.567622423171997,1.4586396217346191,1.1321970224380493,1.3309941291809082,1.5882434844970703,1.38307785987854,1.4318729639053345,2.1230642795562744,1.7389863729476929,1.70347261428833,1.4698688983917236,1.5477064847946167,1.3210546970367432,1.0166312456130981,1.1369212865829468,1.2601391077041626,0.9492284059524536,0.8312645554542542,1.1804760694503784,1.1882269382476807,0.9612255096435547,1.231886863708496
A12,2.039138078689575,1.7256890535354614,1.4881705045700073,1.1913048028945923,1.0056512355804443,0.9700877666473389,0.8482414484024048,0.551456093788147,0.4952821135520935,0.545291006565094,0.37785544991493225,0.0,0.36532285809516907,0.5121076107025146,0.5480911731719971,2.239800453186035,1.9437137842178345,1.8412506580352783,1.4663033485412598,1.4770408868789673,1.551149845123291,1.2726410627365112,1.0123733282089233,1.2469767332077026,1.2569468021392822,0.9010453820228577,0.9006213545799255,1.2086055278778076,1.0840790271759033,0.9421182870864868,2.3456573486328125,2.0311009883880615,1.9900041818618774,1.6220892667770386,1.6992336511611938,1.7136802673339844,1.3806666135787964,1.222395658493042,1.4729818105697632,1.3911681175231934,1.0281672477722168,1.1386018991470337,1.385475993156433,1.1671985387802124,1.0892449617385864,2.384641408920288,2.0313994884490967,2.051365375518799,1.7328763008117676,1.866844892501831,1.7747840881347656,1.415066123008728,1.3927981853485107,1.630077838897705,1.4407539367675781,1.1314151287078857,1.366729736328125,1.549424171447754,1.2775499820709229,1.373713493347168,2.234372615814209,1.8539363145828247,1.742334246635437,1.521440863609314,1.5044302940368652,1.2495620250701904,1.0163425207138062,1.0852750539779663,1.0951590538024902,0.740887463092804,0.6932775378227234,0.9926754832267761,0.9010357856750488,0.6756775379180908,1.0081275701522827
A13,2.227602958679199,1.9091248512268066,1.6483620405197144,1.410828709602356,1.1821609735488892,1.0582795143127441,1.0110996961593628,0.8036164045333862,0.5823731422424316,0.5130996704101562,0.5284268260002136,0.36532285809516907,0.0,0.37435728311538696,0.5312702655792236,2.4039859771728516,2.125075578689575,1.9641317129135132,1.5983269214630127,1.5241025686264038,1.6263344287872314,1.4128907918930054,1.0847771167755127,1.234666109085083,1.301211953163147,0.9765329360961914,0.8279393315315247,1.1268850564956665,1.061545729637146,0.8148589134216309,2.5596439838409424,2.2735936641693115,2.2145884037017822,1.8343141078948975,1.8823636770248413,1.950022578239441,1.644513726234436,1.4235010147094727,1.6603947877883911,1.633429765701294,1.2664577960968018,1.2783844470977783,1.5444492101669312,1.3516242504119873,1.1712779998779297,2.657963514328003,2.320025682449341,2.3661158084869385,2.0403034687042236,2.1915903091430664,2.124079704284668,1.7602427005767822,1.7223349809646606,1.9728214740753174,1.7989829778671265,1.4776010513305664,1.6794053316116333,1.871970295906067,1.583900809288025,1.6292920112609863,2.506122589111328,2.1206767559051514,2.0351133346557617,1.8440433740615845,1.8406764268875122,1.5560365915298462,1.340128779411316,1.4448142051696777,1.4351027011871338,1.0682721138000488,1.055978775024414,1.3350948095321655,1.1930882930755615,0.9435871839523315,1.2715535163879395
A14,2.395759105682373,2.0481293201446533,1.8420945405960083,1.5755712985992432,1.4229846000671387,1.272876501083374,1.1265265941619873,0.9606915712356567,0.8562287092208862,0.6639367341995239,0.5254934430122375,0.5121076107025146,0.37435728311538696,0.0,0.38011547923088074,2.47538161277771,2.1606078147888184,1.9871021509170532,1.6425399780273438,1.5437533855438232,1.559238314628601,1.3459343910217285,1.052717685699463,1.1298325061798096,1.106811761856079,0.7875874638557434,0.6528307795524597,0.8662310242652893,0.7272343039512634,0.46700558066368103,2.526078462600708,2.235234498977661,2.1146931648254395,1.7398535013198853,1.7129871845245361,1.7752524614334106,1.5122754573822021,1.2389377355575562,1.4121880531311035,1.4046261310577393,1.0498002767562866,0.9789244532585144,1.2339855432510376,1.0729727745056152,0.8379741907119751,2.6902174949645996,2.3642287254333496,2.3662493228912354,2.0108160972595215,2.120198965072632,2.100721836090088,1.7517179250717163,1.6331055164337158,1.8788846731185913,1.757223129272461,1.4039486646652222,1.5269291400909424,1.7489062547683716,1.4758586883544922,1.4369267225265503,2.6405560970306396,2.2564876079559326,2.1939139366149902,1.9523398876190186,1.9761356115341187,1.743841528892517,1.4738306999206543,1.5232317447662354,1.5751121044158936,1.2367240190505981,1.1111648082733154,1.3762354850769043,1.2973679304122925,0.9743578433990479,1.2197456359863281
A15,2.571683168411255,2.2436697483062744,2.026283025741577,1.7236647605895996,1.553496241569519,1.4886786937713623,1.3420257568359375,1.0835537910461426,1.0112802982330322,0.9432089924812317,0.7428992390632629,0.5480911731719971,0.5312702655792236,0.38011547923088074,0.0,2.711703062057495,2.3892316818237305,2.2613916397094727,1.9050629138946533,1.8598014116287231,1.8647522926330566,1.6060924530029297,1.3537964820861816,1.4741511344909668,1.403238296508789,1.0625272989273071,1.010479211807251,1.1913604736328125,0.9632614254951477,0.7248679399490356,2.7283730506896973,2.4060659408569336,2.2934978008270264,1.9329415559768677,1.9074280261993408,1.8979665040969849,1.6199736595153809,1.3976470232009888,1.5284650325775146,1.4299429655075073,1.0837609767913818,1.0688769817352295,1.2288062572479248,0.9681273698806763,0.7645169496536255,2.8214540481567383,2.473175048828125,2.4359593391418457,2.0916788578033447,2.1501033306121826,2.083778142929077,1.755363941192627,1.6311209201812744,1.810495376586914,1.6429706811904907,1.3051518201828003,1.4205548763275146,1.5741493701934814,1.2532655000686646,1.2249280214309692,2.7382569313049316,2.3626868724823,2.2424442768096924,1.9832199811935425,1.939041018486023,1.7293773889541626,1.4956681728363037,1.4632387161254883,1.4564138650894165,1.1377754211425781,1.0031192302703857,1.1795477867126465,1.0577503442764282,0.705594539642334,0.9210238456726074
B1,0.7402281761169434,0.6637385487556458,1.0234782695770264,1.190436840057373,1.520774006843567,1.4613083600997925,1.4022835493087769,1.722127914428711,1.9285039901733398,1.9144456386566162,1.975768804550171,2.239800453186035,2.4039859771728516,2.47538161277771,2.711703062057495,0.0,0.3886829912662506,0.5998815894126892,0.8455792665481567,1.1051268577575684,1.2009894847869873,1.2633107900619507,1.476812720298767,1.657309651374817,1.7918860912322998,1.8804500102996826,2.05065655708313,2.234928846359253,2.3853957653045654,2.5679049491882324,0.7884739637374878,0.9159153699874878,1.195561170578003,1.2011218070983887,1.5387394428253174,1.7173091173171997,1.6286269426345825,1.75639808177948,2.055227518081665,2.192796230316162,2.14349365234375,2.3102197647094727,2.587709426879883,2.66828989982605,2.7711949348449707,0.94508296251297,1.0024034976959229,1.3359744548797607,1.3388910293579102,1.7069644927978516,1.8196343183517456,1.6870838403701782,1.8692436218261719,2.174698829650879,2.250539779663086,2.1983258724212646,2.3957326412200928,2.659407615661621,2.71995210647583,2.8593199253082275,1.1108083724975586,1.0209650993347168,1.3942101001739502,1.4581878185272217,1.8248991966247559,1.7907259464263916,1.6465532779693604,1.9321638345718384,2.1998517513275146,2.178633689880371,2.172203540802002,2.4623429775238037,2.6379902362823486,2.6424927711486816,2.8368029594421387
B2,0.8628495335578918,0.6201853156089783,0.9535253047943115,0.9975702166557312,1.3518260717391968,1.2785530090332031,1.133423089981079,1.4480409622192383,1.6904511451721191,1.649038314819336,1.6619631052017212,1.9437137842178345,2.125075578689575,2.1606078147888184,2.3892316818237305,0.3886829912662506,0.0,0.38348016142845154,0.5695016980171204,0.8785662055015564,0.9018261432647705,0.9077724814414978,1.1662557125091553,1.361966848373413,1.4489805698394775,1.5314325094223022,1.7380344867706299,1.9113538265228271,2.0338168144226074,2.236137866973877,0.6253501176834106,0.6218034029006958,0.8613846302032471,0.8175647854804993,1.1657116413116455,1.3407292366027832,1.2446393966674805,1.3701566457748413,1.6680467128753662,1.8059884309768677,1.7627233266830444,1.929373860359192,2.200835704803467,2.289107084274292,2.399963855743408,0.8837120532989502,0.8403311371803284,1.1138001680374146,1.0288026332855225,1.3956208229064941,1.5348507165908813,1.3755546808242798,1.5162521600723267,1.8390207290649414,1.9313225746154785,1.8538035154342651,2.031672954559326,2.3114333152770996,2.373002529144287,2.491617441177368,1.1398154497146606,0.9536634087562561,1.2903788089752197,1.254850149154663,1.630184531211853,1.6028813123703003,1.3956236839294434,1.6533257961273193,1.9517006874084473,1.9172672033309937,1.8646782636642456,2.1600847244262695,2.3534135818481445,2.3303005695343018,2.5060224533081055
B3,1.0637640953063965,0.7606345415115356,0.9907074570655823,1.0509263277053833,1.339738368988037,1.1609447002410889,1.0295846462249756,1.3925623893737793,1.5750617980957031,1.465437650680542,1.5250648260116577,1.8412506580352783,1.9641317129135132,1.9871021509170532,2.2613916397094727,0.5998815894126892,0.38348016142845154,0.0,0.3810424506664276,0.5464195609092712,0.6069014072418213,0.7375311851501465,0.9431644678115845,1.0694904327392578,1.2188283205032349,1.3459964990615845,1.4946441650390625,1.6518826484680176,1.8311206102371216,2.02201771736145,0.8735376596450806,0.8785903453826904,0.9804239869117737,0.8415535688400269,1.1186854839324951,1.3808183670043945,1.2882694005966187,1.3030426502227783,1.6103150844573975,1.8039730787277222,1.7218769788742065,1.8217891454696655,2.1291799545288086,2.234189510345459,2.2865116596221924,1.2624101638793945,1.1917922496795654,1.4314666986465454,1.2675611972808838,1.6184282302856445,1.771910309791565,1.55665922164917,1.6408686637878418,1.9961196184158325,2.0793581008911133,1.9361891746520996,2.10252046585083,2.411780595779419,2.4312455654144287,2.51177978515625,1.4735337495803833,1.2376997470855713,1.5404763221740723,1.4838498830795288,1.8358638286590576,1.7430195808410645,1.4995893239974976,1.7779340744018555,2.0614216327667236,1.9575319290161133,1.8986585140228271,2.230151653289795,2.3883931636810303,2.314948797225952,2.5178773403167725
B4,1.0405917167663574,0.6645892262458801,0.7681129574775696,0.743401050567627,1.0007349252700806,0.8109086751937866,0.6486632227897644,1.0143672227859497,1.198140263557434,1.1042556762695312,1.163591980934143,1.4663033485412598,1.5983269214630127,1.6425399780273438,1.9050629138946533,0.8455792665481567,0.5695016980171204,0.3810424506664276,0.0,0.3859096169471741,0.5401316285133362,0.5118412971496582,0.6344095468521118,0.864271879196167,1.0272971391677856,1.0653769969940186,1.2107927799224854,1.4269095659255981,1.575699806213379,1.728926420211792,1.10030996799469,0.9676531553268433,1.047603964805603,0.7839809656143188,1.069961667060852,1.29500412940979,1.1108072996139526,1.0950241088867188,1.4461582899093628,1.5982556343078613,1.455469012260437,1.5756258964538574,1.8980340957641602,1.9552005529403687,1.9953720569610596,1.358276605606079,1.1770530939102173,1.3898459672927856,1.1656060218811035,1.5128244161605835,1.61214280128479,1.3380740880966187,1.4272217750549316,1.7932384014129639,1.825972080230713,1.652660608291626,1.8517554998397827,2.1534323692321777,2.1313226222991943,2.22619366645813,1.4426077604293823,1.129608392715454,1.3598313331604004,1.2679672241210938,1.583806037902832,1.4460827112197876,1.1819415092468262,1.473507046699524,1.7355704307556152,1.5998679399490356,1.5514811277389526,1.896250605583191,2.0304319858551025,1.9525030851364136,2.1754331588745117
B5,1.351683497428894,0.9933596849441528,1.0212491750717163,1.021999716758728,1.1749663352966309,0.8756276965141296,0.7563526630401611,1.1276240348815918,1.2158204317092896,1.0220531225204468,1.143101453781128,1.4770408868789673,1.5241025686264038,1.5437533855438232,1.8598014116287231,1.1051268577575684,0.8785662055015564,0.5464195609092712,0.3859096169471741,0.0,0.3847331404685974,0.549069344997406,0.5258212685585022,0.6022284626960754,0.8700694441795349,0.9725044965744019,1.0181615352630615,1.2029467821121216,1.429845929145813,1.565722107887268,1.3563969135284424,1.2657943964004517,1.2586685419082642,0.9734829664230347,1.1469498872756958,1.4391423463821411,1.288492202758789,1.156749963760376,1.4845972061157227,1.6938517093658447,1.5240494012832642,1.5540401935577393,1.903760552406311,1.984351634979248,1.9547301530838013,1.7177854776382446,1.5553807020187378,1.7474433183670044,1.491541862487793,1.8090851306915283,1.9301716089248657,1.636154055595398,1.6648311614990234,2.0406672954559326,2.0750133991241455,1.8495227098464966,2.01987886428833,2.342426061630249,2.285099506378174,2.3322737216949463,1.8184562921524048,1.5035691261291504,1.7164676189422607,1.6168160438537598,1.9050312042236328,1.726901650428772,1.4483593702316284,1.7322677373886108,1.9714922904968262,1.7753212451934814,1.7170952558517456,2.081035614013672,2.1777431964874268,2.044635534286499,2.2857391834259033
B6,1.5655250549316406,1.1985886096954346,1.2919942140579224,1.2133675813674927,1.4143190383911133,1.1533772945404053,0.9225013256072998,1.2526534795761108,1.4033699035644531,1.1695513725280762,1.1837023496627808,1.551149845123291,1.6263344287872314,1.559238314628601,1.8647522926330566,1.2009894847869873,0.9018261432647705,0.6069014072418213,0.5401316285133362,0.3847331404685974,0.0,0.37198811769485474,0.5472190976142883,0.5207509398460388,0.6380846500396729,0.8475314974784851,0.9836550354957581,1.0713980197906494,1.2747113704681396,1.4955695867538452,1.2113642692565918,1.1097699403762817,0.9980047345161438,0.7215132713317871,0.8076041340827942,1.140320897102356,1.066649079322815,0.9115402102470398,1.1907124519348145,1.4499452114105225,1.3428592681884766,1.3398908376693726,1.6685752868652344,1.8110005855560303,1.8054137229919434,1.674568772315979,1.5321539640426636,1.6553393602371216,1.3678585290908813,1.6392766237258911,1.8244949579238892,1.559812068939209,1.5135213136672974,1.885942816734314,1.982224941253662,1.7510768175125122,1.8554948568344116,2.2009382247924805,2.1827406883239746,2.1834864616394043,1.9214646816253662,1.6208120584487915,1.8368420600891113,1.672727346420288,1.9759480953216553,1.8554227352142334,1.5343459844589233,1.7528865337371826,2.039168357849121,1.8649557828903198,1.7325536012649536,2.07966947555542,2.22283935546875,2.059825897216797,2.247741222381592
B7,1.4954628944396973,1.1124837398529053,1.1709392070770264,0.9898239374160767,1.197972297668457,1.0000934600830078,0.68434077501297,0.9611923098564148,1.1784909963607788,0.987221360206604,0.9174320697784424,1.2726410627365112,1.4128907918930054,1.3459343910217285,1.6060924530029297,1.2633107900619507,0.9077724814414978,0.7375311851501465,0.5118412971496582,0.549069344997406,0.37198811769485474,0.0,0.3849440813064575,0.569402813911438,0.5666135549545288,0.6337115168571472,0.8753650784492493,1.0252379179000854,1.1264511346817017,1.3462239503860474,1.216103196144104,1.0005722045898438,0.8971781134605408,0.5332620739936829,0.672589123249054,0.9171590805053711,0.7509709596633911,0.6188088059425354,0.9588683843612671,1.1528558731079102,1.0209511518478394,1.0901176929473877,1.4132623672485352,1.5141628980636597,1.5511128902435303,1.5552657842636108,1.342617392539978,1.4214609861373901,1.0955250263214111,1.3509944677352905,1.5029903650283813,1.2151648998260498,1.1646876335144043,1.5402048826217651,1.616403341293335,1.3816101551055908,1.5047221183776855,1.8424930572509766,1.821434736251831,1.8452415466308594,1.757981538772583,1.4292469024658203,1.589394450187683,1.3769431114196777,1.6566908359527588,1.5500972270965576,1.2081011533737183,1.395721197128296,1.691146731376648,1.530083179473877,1.3751912117004395,1.7148531675338745,1.875494122505188,1.7238699197769165,1.8981438875198364
B8,1.5887662172317505,1.204177737236023,1.1413242816925049,0.9664839506149292,1.0476542711257935,0.7769752144813538,0.5094682574272156,0.7737563252449036,0.8863887786865234,0.6340898871421814,0.6492404937744141,1.0123733282089233,1.0847771167755127,1.052717685699463,1.3537964820861816,1.476812720298767,1.1662557125091553,0.9431644678115845,0.6344095468521118,0.5258212685585022,0.5472190976142883,0.3849440813064575,0.0,0.378963828086853,0.5390084981918335,0.47851642966270447,0.5797536373138428,0.8295397162437439,0.9704286456108093,1.096160650253296,1.5704296827316284,1.3578275442123413,1.2799814939498901,0.908480167388916,1.0054073333740234,1.2247823476791382,1.0042577981948853,0.7894191741943359,1.129935622215271,1.2928236722946167,1.0595461130142212,1.0843631029129028,1.4433404207229614,1.4847097396850586,1.4416441917419434,1.8552262783050537,1.6079970598220825,1.7083531618118286,1.3798291683197021,1.6294926404953003,1.7188359498977661,1.384466290473938,1.3470458984375,1.7147266864776611,1.7191327810287476,1.4397644996643066,1.5990986824035645,1.920656681060791,1.8227057456970215,1.84804368019104,1.9306154251098633,1.5693758726119995,1.6800806522369385,1.489682674407959,1.71201753616333,1.525816798210144,1.1977121829986572,1.4143961668014526,1.6427379846572876,1.4075632095336914,1.2949753999710083,1.6597726345062256,1.7477049827575684,1.5678895711898804,1.798048496246338
B9,1.8795788288116455,1.4984378814697266,1.4622763395309448,1.3318315744400024,1.4006344079971313,1.0896731615066528,0.8777114152908325,1.1226834058761597,1.1707731485366821,0.8431451320648193,0.8797696232795715,1.2469767332077026,1.234666109085083,1.1298325061798096,1.4741511344909668,1.657309651374817,1.361966848373413,1.0694904327392578,0.864271879196167,0.6022284626960754,0.5207509398460388,0.569402813911438,0.378963828086853,0.0,0.3761809468269348,0.5255694389343262,0.4989294409751892,0.6033941507339478,0.8663854002952576,1.0238173007965088,1.707008719444275,1.5464478731155396,1.4003983736038208,1.0598598718643188,1.04329514503479,1.3288815021514893,1.1977170705795288,0.905482292175293,1.1641514301300049,1.407424807548523,1.2062745094299316,1.1104384660720825,1.4715921878814697,1.5771710872650146,1.4736469984054565,2.10516357421875,1.8989583253860474,1.9881565570831299,1.6526269912719727,1.8777782917022705,2.016139507293701,1.7003254890441895,1.6061779260635376,1.9689050912857056,2.0108773708343506,1.7111523151397705,1.8097660541534424,2.1503536701202393,2.0534050464630127,2.015115261077881,2.2552084922790527,1.908735752105713,2.0460684299468994,1.8537179231643677,2.0840909481048584,1.903412938117981,1.5715906620025635,1.7658545970916748,1.9957894086837769,1.7451131343841553,1.6078240871429443,1.9634886980056763,2.042707920074463,1.8167998790740967,2.0292506217956543
B10,2.042300224304199,1.6554646492004395,1.6541564464569092,1.4537432193756104,1.5586384534835815,1.3088881969451904,1.015149474143982,1.1897871494293213,1.3107190132141113,0.9999657869338989,0.8905327916145325,1.2569468021392822,1.301211953163147,1.106811761856079,1.403238296508789,1.7918860912322998,1.4489805698394775,1.2188283205032349,1.0272971391677856,0.8700694441795349,0.6380846500396729,0.5666135549545288,0.5390084981918335,0.3761809468269348,0.0,0.3645433485507965,0.5393139719963074,0.5071732997894287,0.6503441333770752,0.9281913042068481,1.6761550903320312,1.4753690958023071,1.2560606002807617,0.9241048693656921,0.7959303259849548,1.0497076511383057,0.9636138677597046,0.6180123090744019,0.8102893233299255,1.0832492113113403,0.9285321831703186,0.7894681692123413,1.134061336517334,1.292632818222046,1.222996711730957,2.0833849906921387,1.8717643022537231,1.8880853652954102,1.526006817817688,1.6850066184997559,1.8556851148605347,1.5650713443756104,1.3947787284851074,1.7380893230438232,1.8229864835739136,1.5155479907989502,1.547182559967041,1.9011327028274536,1.8339875936508179,1.7499152421951294,2.3124630451202393,1.973289966583252,2.0900075435638428,1.8397518396377563,2.061819553375244,1.934140682220459,1.5747153759002686,1.6929486989974976,1.954586148262024,1.7322874069213867,1.5232458114624023,1.8481216430664062,1.971476435661316,1.722501516342163,1.8717795610427856
B11,1.998237133026123,1.61463463306427,1.5476502180099487,1.2937572002410889,1.3405543565750122,1.1309195756912231,0.8272875547409058,0.9022383689880371,1.0206818580627441,0.7333731651306152,0.5462258458137512,0.9010453820228577,0.9765329360961914,0.7875874638557434,1.0625272989273071,1.8804500102996826,1.5314325094223022,1.3459964990615845,1.0653769969940186,0.9725044965744019,0.8475314974784851,0.6337115168571472,0.47851642966270447,0.5255694389343262,0.3645433485507965,0.0,0.3761191666126251,0.5294130444526672,0.5230451226234436,0.7220750451087952,1.8149616718292236,1.5558764934539795,1.3842647075653076,1.0157331228256226,0.9568450450897217,1.1065192222595215,0.9092432856559753,0.5727827548980713,0.8202018141746521,0.9745991826057434,0.713102400302887,0.6355661749839783,1.003167748451233,1.0606385469436646,0.9855392575263977,2.1061294078826904,1.8387857675552368,1.8430640697479248,1.4707465171813965,1.6168899536132812,1.7188522815704346,1.394411563873291,1.238168716430664,1.5699304342269897,1.5907281637191772,1.2587727308273315,1.3341270685195923,1.6660773754119873,1.5484987497329712,1.493774175643921,2.2373437881469727,1.8751132488250732,1.9286352396011353,1.664108395576477,1.8324054479599,1.6810822486877441,1.3262938261032104,1.4237923622131348,1.6499103307724,1.4036425352096558,1.1956324577331543,1.5232508182525635,1.6207977533340454,1.3644624948501587,1.5346232652664185
B12,2.1414601802825928,1.7630565166473389,1.6409988403320312,1.4379349946975708,1.402085304260254,1.1307939291000366,0.928659200668335,1.0031572580337524,0.9789552688598633,0.6187186241149902,0.5879300832748413,0.9006213545799255,0.8279393315315247,0.6528307795524597,1.010479211807251,2.05065655708313,1.7380344867706299,1.4946441650390625,1.2107927799224854,1.0181615352630615,0.9836550354957581,0.8753650784492493,0.5797536373138428,0.4989294409751892,0.5393139719963074,0.3761191666126251,0.0,0.36765098571777344,0.5226449370384216,0.5501965880393982,2.0881125926971436,1.8610833883285522,1.707366704940796,1.3378297090530396,1.2863059043884277,1.4730288982391357,1.2821100950241089,0.9466277956962585,1.162811040878296,1.320799469947815,1.0348739624023438,0.8943182229995728,1.2493667602539062,1.2741271257400513,1.0911775827407837,2.395341634750366,2.1302239894866943,2.1734046936035156,1.811584234237671,1.9804790019989014,2.0609445571899414,1.7196171283721924,1.5917479991912842,1.9170244932174683,1.899648904800415,1.5565749406814575,1.6513394117355347,1.9619864225387573,1.7925026416778564,1.7308979034423828,2.4672679901123047,2.0940330028533936,2.144721508026123,1.9184781312942505,2.0658223628997803,1.8573367595672607,1.5316218137741089,1.6670597791671753,1.8357056379318237,1.5364848375320435,1.3867946863174438,1.7213863134384155,1.7447198629379272,1.4662609100341797,1.685923457145691
B13,2.417876958847046,2.0326991081237793,1.954537034034729,1.753775715827942,1.7542428970336914,1.480124831199646,1.2550442218780518,1.3430566787719727,1.3433712720870972,0.9856889843940735,0.91215580701828,1.2086055278778076,1.1268850564956665,0.8662310242652893,1.1913604736328125,2.234928846359253,1.9113538265228271,1.6518826484680176,1.4269095659255981,1.2029467821121216,1.0713980197906494,1.0252379179000854,0.8295397162437439,0.6033941507339478,0.5071732997894287,0.5294130444526672,0.36765098571777344,0.0,0.37625831365585327,0.5393689274787903,2.1804821491241455,1.974984049797058,1.757353663444519,1.4210237264633179,1.2704964876174927,1.4760993719100952,1.3696911334991455,0.993675947189331,1.1021051406860352,1.322088360786438,1.1020989418029785,0.8461482524871826,1.1678416728973389,1.2787995338439941,1.0634630918502808,2.5656449794769287,2.328491449356079,2.3402090072631836,1.9679137468338013,2.099058151245117,2.229426860809326,1.9162763357162476,1.727623701095581,2.0383455753326416,2.0724775791168213,1.7242830991744995,1.742643117904663,2.0683841705322266,1.9247468709945679,1.7927285432815552,2.7262442111968994,2.365396499633789,2.4370009899139404,2.188048839569092,2.3510985374450684,2.175309658050537,1.8329145908355713,1.931850552558899,2.1258788108825684,1.8438199758529663,1.6488577127456665,1.9578843116760254,2.005725622177124,1.697961449623108,1.862208366394043
