,A1,A2,A3,A4,A5,A6,A7,A8,A9,A10,A11,A12,A13,A14,A15,B1,B2,B3,B4,B5,B6,B7,B8,B9,B10,B11,B12,B13,B14,B15,C1,C2,C3,C4,C5,C6,C7,C8,C9,C10,C11,C12,C13,C14,C15,D1,D2,D3,D4,D5,D6,D7,D8,D9,D10,D11,D12,D13,D14,D15,E1,E2,E3,E4,E5,E6,E7,E8,E9,E10,E11,E12,E13,E14,E15
A1,0.0,0.3837893605232239,0.6000005006790161,0.8630081415176392,1.1261063814163208,1.2321054935455322,1.2799848318099976,1.4951322078704834,1.6912378072738647,1.844333529472351,1.9137145280838013,2.0590457916259766,2.3058650493621826,2.4407761096954346,2.6041316986083984,0.6927603483200073,0.8073299527168274,0.9412118196487427,0.9592848420143127,1.241292119026184,1.4844735860824585,1.439691185951233,1.5234870910644531,1.803411841392517,1.994270920753479,1.9444528818130493,2.018033266067505,2.341362237930298,2.4340767860412598,2.5144577026367188,1.0612046718597412,1.1053862571716309,1.3658621311187744,1.3119735717773438,1.6620978116989136,1.8406462669372559,1.6863512992858887,1.8027867078781128,2.1368327140808105,2.2493724822998047,2.135322093963623,2.280775547027588,2.6098134517669678,2.6134393215179443,2.711344003677368,1.1316027641296387,1.121253490447998,1.4821592569351196,1.4945595264434814,1.8744726181030273,1.9290382862091064,1.7498743534088135,1.9801220893859863,2.2913901805877686,2.3124687671661377,2.2382099628448486,2.481520414352417,2.7535316944122314,2.729801893234253,2.9255099296569824,0.6303530335426331,0.6663976907730103,1.029310941696167,1.2135066986083984,1.541300892829895,1.519682765007019,1.464050054550171,1.7689794301986694,1.989853858947754,2.0244901180267334,2.0750515460968018,2.310185432434082,2.5369932651519775,2.605238437652588,2.8226332664489746
A2,0.3837893605232239,0.0,0.3774013817310333,0.5684663653373718,0.8768386840820312,0.9229205846786499,0.9194626808166504,1.1718178987503052,1.3813064098358154,1.49448561668396,1.558755874633789,1.7377508878707886,1.975073218345642,2.0890426635742188,2.2757554054260254,0.7049581408500671,0.6230055689811707,0.7046380639076233,0.6108002066612244,0.9219986200332642,1.154461145401001,1.0720319747924805,1.1496437788009644,1.446576476097107,1.6217963695526123,1.5617806911468506,1.6492791175842285,1.9720064401626587,2.055875539779663,2.1514804363250732,1.0663119554519653,0.9820091128349304,1.1962437629699707,1.0497266054153442,1.3993788957595825,1.5699211359024048,1.3730207681655884,1.4649869203567505,1.81533944606781,1.9122474193572998,1.7718182802200317,1.9215508699417114,2.2526304721832275,2.2393853664398193,2.3384695053100586,1.1633082628250122,1.0318458080291748,1.3566449880599976,1.2831846475601196,1.6624784469604492,1.703911542892456,1.473296880722046,1.6861275434494019,2.0129711627960205,2.010327100753784,1.903812289237976,2.157116413116455,2.4296536445617676,2.37990665435791,2.5756337642669678,0.7693799138069153,0.5948044657707214,0.9447229504585266,1.026921272277832,1.371854305267334,1.311871886253357,1.184836506843567,1.5018079280853271,1.7422469854354858,1.732924461364746,1.756946086883545,2.0217666625976562,2.2460641860961914,2.2801566123962402,2.5104997158050537
A3,0.6000005006790161,0.3774013817310333,0.0,0.38299688696861267,0.5529969930648804,0.6429402828216553,0.7585741281509399,0.956031084060669,1.102541208267212,1.2786067724227905,1.3868563175201416,1.508887767791748,1.7305852174758911,1.8999916315078735,2.0660479068756104,1.0698693990707397,0.968178927898407,0.9597629308700562,0.746403157711029,0.9689661860466003,1.2625738382339478,1.1524169445037842,1.1066160202026367,1.4227672815322876,1.6258410215377808,1.503103256225586,1.5256344079971313,1.8725610971450806,1.9389525651931763,1.9750090837478638,1.4275346994400024,1.308034896850586,1.5203455686569214,1.3217676877975464,1.659704327583313,1.8067173957824707,1.5527523756027222,1.6195722818374634,1.9882887601852417,2.041677951812744,1.8458396196365356,2.0104854106903076,2.342392683029175,2.2696805000305176,2.3620407581329346,1.4223507642745972,1.245438575744629,1.5656123161315918,1.4888420104980469,1.853947639465332,1.8244056701660156,1.565890908241272,1.8119511604309082,2.1208672523498535,2.0523056983947754,1.9487054347991943,2.24690580368042,2.4850332736968994,2.39785099029541,2.6297333240509033,0.9121732115745544,0.682540237903595,0.9392871260643005,1.0616904497146606,1.3391026258468628,1.18119215965271,1.0980384349822998,1.4610426425933838,1.6345994472503662,1.5845061540603638,1.674836277961731,1.961682915687561,2.1321353912353516,2.1825690269470215,2.4525465965270996
A4,0.8630081415176392,0.5684663653373718,0.38299688696861267,0.0,0.3828466236591339,0.5464099645614624,0.5093930959701538,0.6353625655174255,0.8759313225746155,1.0509982109069824,1.0782873630523682,1.1974886655807495,1.462252140045166,1.5954433679580688,1.74195396900177,1.2376631498336792,1.037498116493225,1.0723503828048706,0.7716320753097534,1.028977394104004,1.2456315755844116,1.0306618213653564,0.989626944065094,1.351994276046753,1.4804397821426392,1.2969849109649658,1.3761245012283325,1.7281800508499146,1.7279263734817505,1.7922918796539307,1.4469269514083862,1.2383360862731934,1.447695016860962,1.222395658493042,1.5604445934295654,1.6344138383865356,1.3368867635726929,1.4424995183944702,1.8055423498153687,1.7979481220245361,1.601574420928955,1.8208773136138916,2.1268694400787354,2.0276644229888916,2.166774034500122,1.350225806236267,1.0868176221847534,1.3564878702163696,1.2550073862075806,1.592747449874878,1.5125738382339478,1.2401974201202393,1.509329915046692,1.7955431938171387,1.6970694065093994,1.6134182214736938,1.932443618774414,2.1453421115875244,2.063443660736084,2.3196260929107666,0.9507588744163513,0.6046485900878906,0.7416883707046509,0.7682929039001465,1.0190448760986328,0.8376905918121338,0.7181522846221924,1.0859744548797607,1.2610474824905396,1.209599494934082,1.296122670173645,1.5793421268463135,1.7517706155776978,1.8081145286560059,2.073364019393921
A5,1.1261063814163208,0.8768386840820312,0.5529969930648804,0.3828466236591339,0.0,0.3790198266506195,0.5365085601806641,0.5182198882102966,0.6138665676116943,0.8883860111236572,0.9847010970115662,1.0113710165023804,1.2405273914337158,1.4514305591583252,1.5713787078857422,1.5703457593917847,1.383797287940979,1.3529621362686157,1.0235804319381714,1.1751747131347656,1.4305024147033691,1.227492332458496,1.0656957626342773,1.4071975946426392,1.562577247619629,1.3281059265136719,1.318329095840454,1.6793527603149414,1.662653923034668,1.6486581563949585,1.8264284133911133,1.619872808456421,1.8163598775863647,1.5631921291351318,1.8756871223449707,1.9462828636169434,1.622681975364685,1.6858469247817993,2.0499258041381836,2.013227701187134,1.767727017402649,1.9806225299835205,2.2805142402648926,2.125380754470825,2.244481325149536,1.700227975845337,1.4344245195388794,1.6904032230377197,1.5884625911712646,1.899586796760559,1.7686913013458252,1.4842190742492676,1.7573562860488892,2.017263650894165,1.8565398454666138,1.7709386348724365,2.1191937923431396,2.2927331924438477,2.167207956314087,2.449643611907959,1.2314609289169312,0.9160459041595459,0.965334415435791,1.0259896516799927,1.1696311235427856,0.8784713745117188,0.83003169298172,1.2065659761428833,1.2810461521148682,1.1639573574066162,1.3324263095855713,1.6332358121871948,1.7278374433517456,1.7950893640518188,2.1037917137145996
A6,1.2321054935455322,0.9229205846786499,0.6429402828216553,0.5464099645614624,0.3790198266506195,0.0,0.36823779344558716,0.5358219146728516,0.5227389931678772,0.6683107614517212,0.8713319897651672,0.9948999881744385,1.1390604972839355,1.3411226272583008,1.542368769645691,1.5499180555343628,1.3264851570129395,1.2003586292266846,0.8469223976135254,0.8896772861480713,1.1536080837249756,0.9922729134559631,0.754095196723938,1.0625646114349365,1.257980465888977,1.051432490348816,0.9866973161697388,1.3459376096725464,1.3821247816085815,1.3623098134994507,1.8831760883331299,1.661482334136963,1.7863749265670776,1.4798002243041992,1.7420388460159302,1.8531298637390137,1.5315386056900024,1.5097622871398926,1.8754545450210571,1.8683327436447144,1.584330677986145,1.741970419883728,2.057762622833252,1.8994114398956299,1.9681050777435303,1.879668116569519,1.603315830230713,1.8349014520645142,1.660536289215088,1.9661664962768555,1.87545907497406,1.5478520393371582,1.7531688213348389,2.0436887741088867,1.8840584754943848,1.7262427806854248,2.05708909034729,2.252257823944092,2.0807507038116455,2.3305156230926514,1.4705554246902466,1.1464604139328003,1.2602596282958984,1.2479227781295776,1.4324291944503784,1.152671217918396,0.996978759765625,1.3558917045593262,1.4708738327026367,1.2809635400772095,1.3823809623718262,1.7307933568954468,1.8241820335388184,1.8141380548477173,2.141085624694824
A7,1.2799848318099976,0.9194626808166504,0.7585741281509399,0.5093930959701538,0.5365085601806641,0.36823779344558716,0.0,0.37944257259368896,0.5699273347854614,0.5907910466194153,0.6573408842086792,0.8804814219474792,1.0784176588058472,1.1805217266082764,1.4027748107910156,1.4836868047714233,1.1931790113449097,1.1124155521392822,0.7306399345397949,0.8438482284545898,0.9983684420585632,0.7419008016586304,0.5769796371459961,0.9410907626152039,1.041481852531433,0.8118237257003784,0.8790310621261597,1.2305620908737183,1.2194290161132812,1.294202446937561,1.7151165008544922,1.4393784999847412,1.536123514175415,1.2145390510559082,1.4644339084625244,1.5300649404525757,1.1915733814239502,1.193673014640808,1.5529214143753052,1.518646478652954,1.2485307455062866,1.4465546607971191,1.7488828897476196,1.6012537479400635,1.7160378694534302,1.7104194164276123,1.3938604593276978,1.570704460144043,1.3549665212631226,1.635682225227356,1.548479676246643,1.2057957649230957,1.390782117843628,1.6838358640670776,1.5327208042144775,1.3641769886016846,1.6909823417663574,1.8946079015731812,1.7374128103256226,1.983901023864746,1.4343458414077759,1.0705565214157104,1.1571370363235474,1.0385985374450684,1.236697793006897,1.0012271404266357,0.7489830255508423,1.0741628408432007,1.2480250597000122,1.0615465641021729,1.086424708366394,1.440859079360962,1.5775930881500244,1.5397998094558716,1.8438546657562256
A8,1.4951322078704834,1.1718178987503052,0.956031084060669,0.6353625655174255,0.5182198882102966,0.5358219146728516,0.37944257259368896,0.0,0.37340426445007324,0.5330997705459595,0.48595571517944336,0.5664001107215881,0.8406251072883606,0.971563994884491,1.113444447517395,1.7859117984771729,1.506126880645752,1.472597599029541,1.0963728427886963,1.2207789421081543,1.3582066297531128,1.0698285102844238,0.8966456651687622,1.237208366394043,1.2824114561080933,0.9753090739250183,1.0345861911773682,1.3732832670211792,1.267052412033081,1.3021788597106934,1.941554069519043,1.6506925821304321,1.7836246490478516,1.4875808954238892,1.743208408355713,1.7415077686309814,1.3823540210723877,1.4350380897521973,1.7676948308944702,1.6591531038284302,1.3936307430267334,1.6462068557739258,1.9033480882644653,1.7048454284667969,1.863676905632019,1.8133968114852905,1.474243402481079,1.6254136562347412,1.4491022825241089,1.6882526874542236,1.5159705877304077,1.196503758430481,1.4315996170043945,1.6599137783050537,1.4443943500518799,1.338804006576538,1.7030432224273682,1.841185212135315,1.6859272718429565,1.9851572513580322,1.5234025716781616,1.1516737937927246,1.1154321432113647,0.9965032339096069,1.0747662782669067,0.7658137679100037,0.5792897343635559,0.892128050327301,0.9653533697128296,0.746185839176178,0.8702874183654785,1.2111552953720093,1.289381742477417,1.3032079935073853,1.6283706426620483
A9,1.6912378072738647,1.3813064098358154,1.102541208267212,0.8759313225746155,0.6138665676116943,0.5227389931678772,0.5699273347854614,0.37340426445007324,0.0,0.37045857310295105,0.5372745990753174,0.5151465535163879,0.642909049987793,0.8973993062973022,1.0509896278381348,2.01360821723938,1.7505062818527222,1.6502243280410767,1.2716171741485596,1.2964283227920532,1.472945213317871,1.2410662174224854,0.9637659192085266,1.2399590015411377,1.3350424766540527,1.0204404592514038,0.9420188069343567,1.2727227210998535,1.182226538658142,1.1097030639648438,2.251134157180786,1.9769779443740845,2.092794895172119,1.7731168270111084,2.0034806728363037,2.034114360809326,1.6765806674957275,1.6638387441635132,1.9936823844909668,1.8944745063781738,1.5857664346694946,1.7888927459716797,2.047015428543091,1.8094664812088013,1.913625955581665,2.154942274093628,1.829604983329773,1.995877981185913,1.8125450611114502,2.0496723651885986,1.8772435188293457,1.55178701877594,1.7586573362350464,1.9814499616622925,1.7391226291656494,1.6059503555297852,1.9662437438964844,2.0843076705932617,1.8778791427612305,2.1715543270111084,1.7971904277801514,1.4438260793685913,1.4263275861740112,1.3551671504974365,1.41118586063385,1.0670380592346191,0.9398965835571289,1.2301101684570312,1.2366266250610352,0.9601250886917114,1.1219035387039185,1.4666054248809814,1.4672266244888306,1.4567855596542358,1.8172603845596313
A10,1.844333529472351,1.49448561668396,1.2786067724227905,1.0509982109069824,0.8883860111236572,0.6683107614517212,0.5907910466194153,0.5330997705459595,0.37045857310295105,0.0,0.3683164119720459,0.5508668422698975,0.5593530535697937,0.7120965719223022,0.9843338131904602,2.046719551086426,1.7429349422454834,1.6031891107559204,1.2265511751174927,1.186274528503418,1.2885204553604126,1.0609362125396729,0.7541706562042236,0.9705278873443604,1.0201094150543213,0.691605806350708,0.6008526682853699,0.9155138731002808,0.814633309841156,0.7802203297615051,2.283857583999634,1.9837250709533691,2.0333328247070312,1.6812821626663208,1.8491740226745605,1.8796985149383545,1.528038501739502,1.4502158164978027,1.7548609972000122,1.6544743776321411,1.3167905807495117,1.4854686260223389,1.7330342531204224,1.4789801836013794,1.5588032007217407,2.264176845550537,1.92284095287323,2.045537233352661,1.801126480102539,2.008193016052246,1.8666400909423828,1.5157619714736938,1.6465857028961182,1.878596305847168,1.6378041505813599,1.4390794038772583,1.7736750841140747,1.900596261024475,1.6515039205551147,1.9132434129714966,1.9923055171966553,1.6238610744476318,1.6367632150650024,1.4937654733657837,1.5796021223068237,1.2772717475891113,1.057495355606079,1.2936545610427856,1.3527182340621948,1.0346717834472656,1.0846284627914429,1.4566422700881958,1.4698106050491333,1.3651219606399536,1.7255475521087646
A11,1.9137145280838013,1.558755874633789,1.3868563175201416,1.0782873630523682,0.9847010970115662,0.8713319897651672,0.6573408842086792,0.48595571517944336,0.5372745990753174,0.3683164119720459,0.0,0.3784027695655823,0.5420175790786743,0.5316671133041382,0.7747300863265991,2.091539144515991,1.763102412223816,1.689849853515625,1.3141605854034424,1.3543553352355957,1.3894577026367188,1.088876485824585,0.8865666389465332,1.1365368366241455,1.075896978378296,0.7129243016242981,0.7991275191307068,1.0659780502319336,0.8621706962585449,0.9357739090919495,2.219289779663086,1.886729121208191,1.9394484758377075,1.6079978942871094,1.7734262943267822,1.7306547164916992,1.367761254310608,1.3523015975952148,1.6284775733947754,1.4628292322158813,1.1572544574737549,1.4031111001968384,1.6068451404571533,1.344848394393921,1.5101364850997925,2.1393721103668213,1.773830533027649,1.8413766622543335,1.5965445041656494,1.755180835723877,1.5762465000152588,1.239105224609375,1.3729525804519653,1.56338632106781,1.295354962348938,1.1272776126861572,1.4801994562149048,1.5755763053894043,1.346858024597168,1.643723964691162,1.9554555416107178,1.5745710134506226,1.525429368019104,1.3189177513122559,1.3558269739151,1.084869146347046,0.8392607569694519,0.994165301322937,1.0499744415283203,0.7190869450569153,0.7242230772972107,1.0952179431915283,1.1194459199905396,1.0089383125305176,1.3632378578186035
A12,2.0590457916259766,1.7377508878707886,1.508887767791748,1.1974886655807495,1.0113710165023804,0.9948999881744385,0.8804814219474792,0.5664001107215881,0.5151465535163879,0.5508668422698975,0.3784027695655823,0.0,0.3669810891151428,0.503568708896637,0.5617641806602478,2.3356761932373047,2.033524513244629,1.9801888465881348,1.5982673168182373,1.6539608240127563,1.736249327659607,1.441597819328308,1.2214411497116089,1.4754565954208374,1.4429097175598145,1.0783284902572632,1.0960593223571777,1.3520499467849731,1.1221940517425537,1.0971860885620117,2.4532952308654785,2.132642984390259,2.231511354446411,1.9225162267684937,2.1183876991271973,2.0593793392181396,1.6930944919586182,1.715416431427002,1.988537073135376,1.799316644668579,1.512242078781128,1.771558165550232,1.9534128904342651,1.6705820560455322,1.842820405960083,2.2876486778259277,1.9266289472579956,2.0068695545196533,1.8161005973815918,1.9669398069381714,1.7307689189910889,1.4332258701324463,1.620862364768982,1.7596285343170166,1.4537909030914307,1.3644558191299438,1.730776071548462,1.767297387123108,1.5549497604370117,1.8868317604064941,2.043642282485962,1.674981713294983,1.5609904527664185,1.404242992401123,1.3514893054962158,1.0280141830444336,0.9042723178863525,1.0444632768630981,0.963951826095581,0.6118927597999573,0.7849881052970886,1.0936388969421387,1.01414954662323,0.9931678175926208,1.3670525550842285
A13,2.3058650493621826,1.975073218345642,1.7305852174758911,1.462252140045166,1.2405273914337158,1.1390604972839355,1.0784176588058472,0.8406251072883606,0.642909049987793,0.5593530535697937,0.5420175790786743,0.3669810891151428,0.0,0.3766881823539734,0.5120935440063477,2.560784101486206,2.253718376159668,2.146911382675171,1.7663687467575073,1.744505524635315,1.8208179473876953,1.568267583847046,1.2906707525253296,1.4656203985214233,1.4400604963302612,1.0865702629089355,1.0073201656341553,1.2023859024047852,0.9603478312492371,0.8391395807266235,2.7324957847595215,2.4120781421661377,2.4771015644073486,2.141291379928589,2.298487424850464,2.261746883392334,1.9022573232650757,1.8582353591918945,2.113586664199829,1.9320423603057861,1.6111847162246704,1.8145817518234253,1.981225848197937,1.6626906394958496,1.7793048620224,2.618098258972168,2.258047342300415,2.3381242752075195,2.1190948486328125,2.262749195098877,2.0449512004852295,1.733847975730896,1.8723448514938354,2.012418508529663,1.6984431743621826,1.5625855922698975,1.9032443761825562,1.9255781173706055,1.657463550567627,1.961663007736206,2.3570849895477295,1.9880661964416504,1.9048329591751099,1.7538102865219116,1.7176949977874756,1.3916462659835815,1.256272554397583,1.3916059732437134,1.3118970394134521,0.9491007328033447,1.0715867280960083,1.373333215713501,1.2468500137329102,1.1548212766647339,1.535967230796814
A14,2.4407761096954346,2.0890426635742188,1.8999916315078735,1.5954433679580688,1.4514305591583252,1.3411226272583008,1.1805217266082764,0.971563994884491,0.8973993062973022,0.7120965719223022,0.5316671133041382,0.503568708896637,0.3766881823539734,0.0,0.3767823576927185,2.6154043674468994,2.277855634689331,2.1899797916412354,1.8202918767929077,1.8116260766983032,1.810239553451538,1.5317319631576538,1.3125027418136597,1.463018774986267,1.3430590629577637,0.9927908182144165,1.0168709754943848,1.145768404006958,0.8237881064414978,0.8285794258117676,2.721569538116455,2.3741705417633057,2.4014456272125244,2.069523334503174,2.1825642585754395,2.099635362625122,1.7527539730072021,1.7084904909133911,1.9134790897369385,1.6890510320663452,1.3874069452285767,1.6072896718978882,1.7200698852539062,1.385269045829773,1.5446966886520386,2.6184840202331543,2.243159294128418,2.2637510299682617,2.0156993865966797,2.103282928466797,1.8869240283966064,1.5862023830413818,1.6674479246139526,1.7710305452346802,1.4453648328781128,1.2955235242843628,1.6105308532714844,1.6011550426483154,1.3138928413391113,1.615901231765747,2.4583070278167725,2.0791265964508057,1.984221339225769,1.7660359144210815,1.7223656177520752,1.451784610748291,1.263902187347412,1.309168815612793,1.2585746049880981,0.8928649425506592,0.8983321189880371,1.1787973642349243,1.0571839809417725,0.8718847036361694,1.241296648979187
A15,2.6041316986083984,2.2757554054260254,2.0660479068756104,1.74195396900177,1.5713787078857422,1.542368769645691,1.4027748107910156,1.113444447517395,1.0509896278381348,0.9843338131904602,0.7747300863265991,0.5617641806602478,0.5120935440063477,0.3767823576927185,0.0,2.8394553661346436,2.5141663551330566,2.4627273082733154,2.087120532989502,2.118222236633301,2.137953519821167,1.8389326333999634,1.635404348373413,1.819793701171875,1.7049731016159058,1.3485679626464844,1.3797926902770996,1.519856333732605,1.1952823400497437,1.1675682067871094,2.901670217514038,2.5553717613220215,2.6196939945220947,2.3139355182647705,2.454237937927246,2.3383567333221436,1.9885069131851196,1.9985352754592896,2.198108673095703,1.9429012537002563,1.6773618459701538,1.9330166578292847,2.0221617221832275,1.6904683113098145,1.883244276046753,2.7157840728759766,2.3412954807281494,2.351271629333496,2.1484687328338623,2.21276593208313,1.9435453414916992,1.6887645721435547,1.8119168281555176,1.8565853834152222,1.5019948482513428,1.4403867721557617,1.7619235515594482,1.6911160945892334,1.4473155736923218,1.783193826675415,2.5468878746032715,2.1789021492004395,2.0224571228027344,1.8221429586410522,1.6989072561264038,1.425479531288147,1.3207201957702637,1.3155226707458496,1.1610896587371826,0.8207120299339294,0.9172951579093933,1.1040549278259277,0.8777909278869629,0.7826127409934998,1.1423202753067017
B1,0.6927603483200073,0.7049581408500671,1.0698693990707397,1.2376631498336792,1.5703457593917847,1.5499180555343628,1.4836868047714233,1.7859117984771729,2.01360821723938,2.046719551086426,2.091539144515991,2.3356761932373047,2.560784101486206,2.6154043674468994,2.8394553661346436,0.0,0.38175418972969055,0.595533013343811,0.8625972867012024,1.1262295246124268,1.2236100435256958,1.2702522277832031,1.4934190511703491,1.6871322393417358,1.8335729837417603,1.9012318849563599,2.039179801940918,2.2973179817199707,2.4334990978240967,2.593121290206909,0.6674280166625977,0.7874462008476257,0.8977550864219666,0.9217516779899597,1.1888670921325684,1.4418460130691528,1.413020133972168,1.490639090538025,1.7603702545166016,1.9635827541351318,1.921600341796875,1.9932337999343872,2.3098506927490234,2.4073126316070557,2.4790122509002686,1.1393386125564575,1.1664613485336304,1.4271057844161987,1.3581775426864624,1.706977367401123,1.8912854194641113,1.7237493991851807,1.8319984674453735,2.1715550422668457,2.2796578407287598,2.1531362533569336,2.3050472736358643,2.6294198036193848,2.626565456390381,2.7381865978240967,1.0674159526824951,1.0712060928344727,1.4331122636795044,1.4580134153366089,1.8384580612182617,1.8853471279144287,1.716281533241272,1.952402949333191,2.258833885192871,2.2809715270996094,2.2185349464416504,2.4521799087524414,2.7333009243011475,2.7286672592163086,2.9030611515045166
B2,0.8073299527168274,0.6230055689811707,0.968178927898407,1.037498116493225,1.383797287940979,1.3264851570129395,1.1931790113449097,1.506126880645752,1.7505062818527222,1.7429349422454834,1.763102412223816,2.033524513244629,2.253718376159668,2.277855634689331,2.5141663551330566,0.38175418972969055,0.0,0.37545886635780334,0.5677979588508606,0.876305341720581,0.91700279712677,0.9104898571968079,1.168268084526062,1.3769525289535522,1.4847517013549805,1.545347809791565,1.7169533967971802,1.968955636024475,2.084801197052002,2.2687437534332275,0.7073501348495483,0.6240843534469604,0.679589033126831,0.5800586342811584,0.8793861269950867,1.1224111318588257,1.0512405633926392,1.1211131811141968,1.4114503860473633,1.5974295139312744,1.5420831441879272,1.6286799907684326,1.9456363916397095,2.031489610671997,2.1179521083831787,1.1263751983642578,1.0329852104187012,1.25004243850708,1.0954883098602295,1.4422931671142578,1.6163350343704224,1.408745527267456,1.494552493095398,1.8479716777801514,1.940469741821289,1.789618968963623,1.9459806680679321,2.27152681350708,2.253046751022339,2.3653836250305176,1.1098673343658447,0.9846010208129883,1.3125807046890259,1.2505789995193481,1.6326931715011597,1.6634429693222046,1.4409242868423462,1.6632591485977173,1.9858883619308472,1.9811288118362427,1.8873744010925293,2.134284257888794,2.416063070297241,2.3840155601501465,2.560020923614502
B3,0.9412118196487427,0.7046380639076233,0.9597629308700562,1.0723503828048706,1.3529621362686157,1.2003586292266846,1.1124155521392822,1.472597599029541,1.6502243280410767,1.6031891107559204,1.689849853515625,1.9801888465881348,2.146911382675171,2.1899797916412354,2.4627273082733154,0.595533013343811,0.37545886635780334,0.0,0.383701890707016,0.5551494359970093,0.6400444507598877,0.7530808448791504,0.9553037881851196,1.1014618873596191,1.273231863975525,1.3773008584976196,1.4899979829788208,1.7245723009109497,1.8940308094024658,2.0543363094329834,1.073370337486267,0.9768198728561401,0.951991081237793,0.7371241450309753,0.9425987601280212,1.2450063228607178,1.1447287797927856,1.0905016660690308,1.399274468421936,1.6121312379837036,1.4926648139953613,1.5142756700515747,1.8582584857940674,1.9266029596328735,1.9516243934631348,1.4880815744400024,1.3597581386566162,1.5706787109375,1.3650469779968262,1.6973788738250732,1.8500455617904663,1.5890055894851685,1.6463706493377686,2.015209436416626,2.0673229694366455,1.8615344762802124,2.028139352798462,2.3548226356506348,2.278275728225708,2.378772735595703,1.3722996711730957,1.205474853515625,1.5318526029586792,1.4686942100524902,1.836486577987671,1.796419382095337,1.5480766296386719,1.8046913146972656,2.109415054321289,2.039219617843628,1.9503601789474487,2.243680238723755,2.4936695098876953,2.42433762550354,2.637221336364746
B4,0.9592848420143127,0.6108002066612244,0.746403157711029,0.7716320753097534,1.0235804319381714,0.8469223976135254,0.7306399345397949,1.0963728427886963,1.2716171741485596,1.2265511751174927,1.3141605854034424,1.5982673168182373,1.7663687467575073,1.8202918767929077,2.087120532989502,0.8625972867012024,0.5677979588508606,0.383701890707016,0.0,0.3825644552707672,0.5465139150619507,0.5085846185684204,0.6359038949012756,0.87730473279953,1.0489590167999268,1.0708279609680176,1.1789578199386597,1.4552651643753052,1.5865031480789185,1.7307159900665283,1.240903615951538,1.047850251197815,1.0705057382583618,0.7670445442199707,1.0130255222320557,1.2379601001739502,1.0297666788101196,0.9804179072380066,1.3391984701156616,1.4768284559249878,1.2945263385772705,1.372161865234375,1.7219821214675903,1.7219030857086182,1.7724922895431519,1.502925992012024,1.2902506589889526,1.4987554550170898,1.268604040145874,1.6009721755981445,1.6816966533660889,1.3782708644866943,1.4728001356124878,1.83556067943573,1.8267959356307983,1.61879563331604,1.838545560836792,2.137753963470459,2.031177520751953,2.1754653453826904,1.320870280265808,1.062996506690979,1.3382782936096191,1.249401569366455,1.5880337953567505,1.4944994449615479,1.2318364381790161,1.5123356580734253,1.792967438697815,1.6898162364959717,1.6215330362319946,1.9379962682724,2.1611311435699463,2.093804121017456,2.3342747688293457
B5,1.241292119026184,0.9219986200332642,0.9689661860466003,1.028977394104004,1.1751747131347656,0.8896772861480713,0.8438482284545898,1.2207789421081543,1.2964283227920532,1.186274528503418,1.3543553352355957,1.6539608240127563,1.744505524635315,1.8116260766983032,2.118222236633301,1.1262295246124268,0.876305341720581,0.5551494359970093,0.3825644552707672,0.0,0.37932077050209045,0.5352177023887634,0.5168888568878174,0.6142125725746155,0.8859465718269348,0.9766005873680115,0.9901960492134094,1.2276297807693481,1.4347039461135864,1.5489835739135742,1.577091932296753,1.398363471031189,1.3588887453079224,1.030035138130188,1.1698411703109741,1.4304883480072021,1.2333775758743286,1.0652546882629395,1.4012898206710815,1.5637180805206299,1.3297274112701416,1.319061279296875,1.680470585823059,1.6643025875091553,1.635229229927063,1.883379340171814,1.6697304248809814,1.861824870109558,1.6022791862487793,1.9069695472717285,1.9849363565444946,1.6571927070617676,1.7069032192230225,2.0684707164764404,2.0330991744995117,1.7764549255371094,1.9853601455688477,2.279400110244751,2.1184709072113037,2.23708438873291,1.6724865436553955,1.4156973361968994,1.679577112197876,1.590031623840332,1.9034878015518188,1.761979579925537,1.4880439043045044,1.771723747253418,2.0278186798095703,1.8641847372055054,1.794105887413025,2.140700578689575,2.328202962875366,2.217242479324341,2.4837961196899414
B6,1.4844735860824585,1.154461145401001,1.2625738382339478,1.2456315755844116,1.4305024147033691,1.1536080837249756,0.9983684420585632,1.3582066297531128,1.472945213317871,1.2885204553604126,1.3894577026367188,1.736249327659607,1.8208179473876953,1.810239553451538,2.137953519821167,1.2236100435256958,0.91700279712677,0.6400444507598877,0.5465139150619507,0.37932077050209045,0.0,0.3661571443080902,0.5344748497009277,0.5212926864624023,0.6657960414886475,0.8645877242088318,0.9800398945808411,1.1400924921035767,1.3429174423217773,1.5393122434616089,1.5665532350540161,1.349709153175354,1.216209053993225,0.8648597002029419,0.8931554555892944,1.1597415208816528,1.0039985179901123,0.7584626078605652,1.058617115020752,1.2595630884170532,1.052372932434082,0.9863764643669128,1.3459471464157104,1.3820141553878784,1.3471781015396118,1.9225242137908936,1.6948506832122803,1.8163665533065796,1.506488561630249,1.7611132860183716,1.879267930984497,1.5567718744277954,1.523759126663208,1.8851944208145142,1.8826380968093872,1.5919448137283325,1.7439039945602417,2.0567450523376465,1.8999686241149902,1.9672662019729614,1.8485521078109741,1.5817517042160034,1.82315993309021,1.6610040664672852,1.9731701612472534,1.8731569051742554,1.5538380146026611,1.7722004652023315,2.0617167949676514,1.8986732959747314,1.7560663223266602,2.086620330810547,2.297807455062866,2.1419901847839355,2.3735220432281494
B7,1.439691185951233,1.0720319747924805,1.1524169445037842,1.0306618213653564,1.227492332458496,0.9922729134559631,0.7419008016586304,1.0698285102844238,1.2410662174224854,1.0609362125396729,1.088876485824585,1.441597819328308,1.568267583847046,1.5317319631576538,1.8389326333999634,1.2702522277832031,0.9104898571968079,0.7530808448791504,0.5085846185684204,0.5352177023887634,0.3661571443080902,0.0,0.381102055311203,0.5714214444160461,0.5897680521011353,0.6528074741363525,0.8705694675445557,1.0855634212493896,1.189568281173706,1.4139708280563354,1.4968982934951782,1.2128602266311646,1.123165488243103,0.7407955527305603,0.8409841656684875,1.001516342163086,0.7510976791381836,0.5748811364173889,0.9349124431610107,1.0432181358337402,0.812661349773407,0.8762491941452026,1.2265219688415527,1.2147449254989624,1.2730988264083862,1.7424511909484863,1.463889241218567,1.5598928928375244,1.2370628118515015,1.4819005727767944,1.5556495189666748,1.2170408964157104,1.2087621688842773,1.5649898052215576,1.535941481590271,1.2587655782699585,1.4512710571289062,1.750121831893921,1.6024130582809448,1.7159043550491333,1.6923435926437378,1.3820054531097412,1.5679479837417603,1.3626635074615479,1.649807333946228,1.552294135093689,1.21608304977417,1.4141756296157837,1.7056729793548584,1.5481667518615723,1.3938162326812744,1.7210543155670166,1.9382210969924927,1.7934452295303345,2.0224146842956543
B8,1.5234870910644531,1.1496437788009644,1.1066160202026367,0.989626944065094,1.0656957626342773,0.754095196723938,0.5769796371459961,0.8966456651687622,0.9637659192085266,0.7541706562042236,0.8865666389465332,1.2214411497116089,1.2906707525253296,1.3125027418136597,1.635404348373413,1.4934190511703491,1.168268084526062,0.9553037881851196,0.6359038949012756,0.5168888568878174,0.5344748497009277,0.381102055311203,0.0,0.3748929500579834,0.530331552028656,0.4782275855541229,0.5488684773445129,0.8317969441413879,0.957122266292572,1.1058051586151123,1.7952827215194702,1.5224651098251343,1.4816664457321167,1.1044327020645142,1.2207927703857422,1.3637053966522217,1.0792486667633057,0.8994781970977783,1.2374062538146973,1.2893989086151123,0.9815407395362854,1.0370925664901733,1.3764287233352661,1.2698806524276733,1.2853600978851318,1.979867935180664,1.6852554082870483,1.8142755031585693,1.5140410661697388,1.7625675201416016,1.7695904970169067,1.4091333150863647,1.446996808052063,1.776466727256775,1.6723054647445679,1.395185112953186,1.639477014541626,1.8912664651870728,1.6857095956802368,1.837821125984192,1.8095941543579102,1.4767646789550781,1.637560248374939,1.4702367782592773,1.7137492895126343,1.532690405845642,1.2211054563522339,1.4655052423477173,1.6920381784439087,1.471032738685608,1.3786404132843018,1.7435365915298462,1.8962231874465942,1.7498153448104858,2.034203290939331
B9,1.803411841392517,1.446576476097107,1.4227672815322876,1.351994276046753,1.4071975946426392,1.0625646114349365,0.9410907626152039,1.237208366394043,1.2399590015411377,0.9705278873443604,1.1365368366241455,1.4754565954208374,1.4656203985214233,1.463018774986267,1.819793701171875,1.6871322393417358,1.3769525289535522,1.1014618873596191,0.87730473279953,0.6142125725746155,0.5212926864624023,0.5714214444160461,0.3748929500579834,0.0,0.3684248626232147,0.5344716310501099,0.5044006109237671,0.6368734240531921,0.8872581720352173,1.0432250499725342,2.0275728702545166,1.7716779708862305,1.6655514240264893,1.2879340648651123,1.304582118988037,1.4843217134475708,1.2562041282653809,0.9749774932861328,1.2458686828613281,1.345381736755371,1.0301843881607056,0.9491303563117981,1.282923698425293,1.193740963935852,1.1006646156311035,2.2892396450042725,2.0096347332000732,2.1186349391937256,1.7942163944244385,2.0147061347961426,2.054083824157715,1.6971237659454346,1.6682395935058594,1.992340087890625,1.9001637697219849,1.5820683240890503,1.7724387645721436,2.0274667739868164,1.7877541780471802,1.8790384531021118,2.144918918609619,1.8284105062484741,2.006909132003784,1.8331005573272705,2.0779285430908203,1.899294137954712,1.5808979272842407,1.7987289428710938,2.0233054161071777,1.7785197496414185,1.6582832336425781,2.020373582839966,2.1580147743225098,1.9629507064819336,2.2403066158294678
B10,1.994270920753479,1.6217963695526123,1.6258410215377808,1.4804397821426392,1.562577247619629,1.257980465888977,1.041481852531433,1.2824114561080933,1.3350424766540527,1.0201094150543213,1.075896978378296,1.4429097175598145,1.4400604963302612,1.3430590629577637,1.7049731016159058,1.8335729837417603,1.4847517013549805,1.273231863975525,1.0489590167999268,0.8859465718269348,0.6657960414886475,0.5897680521011353,0.530331552028656,0.3684248626232147,0.0,0.36726677417755127,0.5523108839988708,0.5811219811439514,0.7320376038551331,1.008244276046753,2.063241481781006,1.7651149034500122,1.621549129486084,1.244897723197937,1.200016736984253,1.304736852645874,1.0784884691238403,0.7697778344154358,0.9827945828437805,1.0344854593276978,0.7042344212532043,0.6115540266036987,0.9286247491836548,0.8269936442375183,0.7684627175331116,2.301412582397461,1.9970284700393677,2.0405797958374023,1.6861999034881592,1.8451043367385864,1.8834495544433594,1.5345994234085083,1.4430124759674072,1.7411550283432007,1.6505639553070068,1.3070518970489502,1.4610137939453125,1.7086838483810425,1.4585016965866089,1.5225025415420532,2.2532787322998047,1.9194066524505615,2.055259943008423,1.8198633193969727,2.0378353595733643,1.8903356790542603,1.5441018342971802,1.6890937089920044,1.9251493215560913,1.6805611848831177,1.4953960180282593,1.8342820405960083,1.9814690351486206,1.744674563407898,1.9893485307693481
B11,1.9444528818130493,1.5617806911468506,1.503103256225586,1.2969849109649658,1.3281059265136719,1.051432490348816,0.8118237257003784,0.9753090739250183,1.0204404592514038,0.691605806350708,0.7129243016242981,1.0783284902572632,1.0865702629089355,0.9927908182144165,1.3485679626464844,1.9012318849563599,1.545347809791565,1.3773008584976196,1.0708279609680176,0.9766005873680115,0.8645877242088318,0.6528074741363525,0.4782275855541229,0.5344716310501099,0.36726677417755127,0.0,0.38291794061660767,0.5572777390480042,0.5448821187019348,0.8064824342727661,2.0987865924835205,1.7761468887329102,1.698836326599121,1.3211058378219604,1.3589712381362915,1.3997888565063477,1.0996932983398438,0.8935420513153076,1.1457983255386353,1.0915298461914062,0.7275437712669373,0.8079900741577148,1.0781797170639038,0.8748875260353088,0.9235215783119202,2.2309463024139404,1.8955342769622803,1.9443215131759644,1.6107311248779297,1.770206093788147,1.7355307340621948,1.373774528503418,1.345475435256958,1.6177949905395508,1.4607656002044678,1.145997405052185,1.3791040182113647,1.5808345079421997,1.3148906230926514,1.4652920961380005,2.138561725616455,1.7782039642333984,1.8594642877578735,1.6223193407058716,1.7917016744613647,1.6073472499847412,1.2743351459503174,1.4214900732040405,1.6159549951553345,1.3436753749847412,1.1886224746704102,1.5454638004302979,1.6597387790679932,1.439200520515442,1.7201875448226929
B12,2.018033266067505,1.6492791175842285,1.5256344079971313,1.3761245012283325,1.318329095840454,0.9866973161697388,0.8790310621261597,1.0345861911773682,0.9420188069343567,0.6008526682853699,0.7991275191307068,1.0960593223571777,1.0073201656341553,1.0168709754943848,1.3797926902770996,2.039179801940918,1.7169533967971802,1.4899979829788208,1.1789578199386597,0.9901960492134094,0.9800398945808411,0.8705694675445557,0.5488684773445129,0.5044006109237671,0.5523108839988708,0.38291794061660767,0.0,0.3613687753677368,0.4859178960323334,0.5671181678771973,2.3315649032592773,2.0380585193634033,1.9824479818344116,1.5996413230895996,1.6554715633392334,1.7457771301269531,1.4517672061920166,1.230156421661377,1.4887855052947998,1.4646117687225342,1.0995763540267944,1.1143473386764526,1.3791680335998535,1.1550899744033813,1.1071206331253052,2.47084379196167,2.147242546081543,2.2426376342773438,1.9304828643798828,2.1209990978240967,2.071277618408203,1.7049005031585693,1.71382474899292,1.9839231967926025,1.8027546405792236,1.505052924156189,1.7514959573745728,1.9302200078964233,1.6400909423828125,1.7952916622161865,2.2796175479888916,1.9255366325378418,2.022062301635742,1.8404216766357422,2.0024449825286865,1.7622796297073364,1.470048427581787,1.6708701848983765,1.8153904676437378,1.5094280242919922,1.4318338632583618,1.8034019470214844,1.8630365133285522,1.6587903499603271,1.978345513343811
B13,2.341362237930298,1.9720064401626587,1.8725610971450806,1.7281800508499146,1.6793527603149414,1.3459376096725464,1.2305620908737183,1.3732832670211792,1.2727227210998535,0.9155138731002808,1.0659780502319336,1.3520499467849731,1.2023859024047852,1.145768404006958,1.519856333732605,2.2973179817199707,1.968955636024475,1.7245723009109497,1.4552651643753052,1.2276297807693481,1.1400924921035767,1.0855634212493896,0.8317969441413879,0.6368734240531921,0.5811219811439514,0.5572777390480042,0.3613687753677368,0.0,0.37134337425231934,0.5052186846733093,2.5809433460235596,2.282822847366333,2.1785166263580322,1.7963917255401611,1.7798932790756226,1.8642816543579102,1.6078777313232422,1.3320894241333008,1.5161631107330322,1.495253086090088,1.1377416849136353,1.0610218048095703,1.269492268562317,1.0319571495056152,0.8891476988792419,2.7599127292633057,2.4355967044830322,2.4984190464019775,2.1620233058929443,2.3140032291412354,2.2821462154388428,1.9237995147705078,1.870941400527954,2.120011568069458,1.9446609020233154,1.618317723274231,1.8092164993286133,1.972160816192627,1.6499208211898804,1.7463923692703247,2.6140780448913574,2.2615163326263428,2.358415126800537,2.152240037918091,2.307810068130493,2.0818471908569336,1.7773853540420532,1.935314416885376,2.0795838832855225,1.762587547302246,1.6447588205337524,1.9960970878601074,2.0407485961914062,1.7851688861846924,2.0817930698394775
