,A1,A2,A3,A4,A5,A6,A7,A8,A9,A10,A11,A12,A13,A14,A15,B1,B2,B3,B4,B5,B6,B7,B8,B9,B10,B11,B12,B13,B14,B15,C1,C2,C3,C4,C5,C6,C7,C8,C9,C10,C11,C12,C13,C14,C15,D1,D2,D3,D4,D5,D6,D7,D8,D9,D10,D11,D12,D13,D14,D15,E1,E2,E3,E4,E5,E6,E7,E8,E9,E10,E11,E12,E13,E14,E15
A1,0.0,0.39349403977394104,0.594186007976532,0.8580898642539978,1.1062302589416504,1.159148931503296,1.2173614501953125,1.4629409313201904,1.6319102048873901,1.7168800830841064,1.828165054321289,2.0158464908599854,2.1857078075408936,2.2962543964385986,2.478957176208496,0.7240553498268127,0.7975950837135315,0.8181707262992859,0.82000333070755,1.0278199911117554,1.3033461570739746,1.3135740756988525,1.3672479391098022,1.6124267578125,1.8164492845535278,1.8332098722457886,1.927672266960144,2.191401481628418,2.327343463897705,2.4211010932922363,1.4988795518875122,1.4234199523925781,1.5819991827011108,1.3723396062850952,1.676937222480774,1.9129208326339722,1.7200697660446167,1.7280845642089844,2.089259147644043,2.220066785812378,2.0626654624938965,2.1963601112365723,2.5283455848693848,2.534907579421997,2.534923553466797,1.5967864990234375,1.4940245151519775,1.7996289730072021,1.6680177450180054,2.0481886863708496,2.128072500228882,1.8736611604690552,2.0362417697906494,2.38675594329834,2.375133991241455,2.2240684032440186,2.4815213680267334,2.7497899532318115,2.6579947471618652,2.72819185256958,1.128973126411438,1.0785398483276367,1.4447457790374756,1.5221980810165405,1.876932978630066,1.8025457859039307,1.6503394842147827,1.9740458726882935,2.2168078422546387,2.1330039501190186,2.139511823654175,2.460139274597168,2.6161158084869385,2.5585720539093018,2.766610622406006
A2,0.39349403977394104,0.0,0.37208423018455505,0.5503810048103333,0.8519336581230164,0.8580935597419739,0.8478463888168335,1.12335205078125,1.3165262937545776,1.3667927980422974,1.4539563655853271,1.6689727306365967,1.8414489030838013,1.9242222309112549,2.109376907348633,0.7586556673049927,0.6233773827552795,0.6124107837677002,0.46800926327705383,0.7385664582252502,1.0003454685211182,0.9485991597175598,1.0021439790725708,1.2817678451538086,1.4614547491073608,1.4517371654510498,1.5687108039855957,1.8382138013839722,1.9499226808547974,2.0464141368865967,1.4078274965286255,1.2355527877807617,1.3691002130508423,1.101883053779602,1.408393144607544,1.614884376525879,1.3828411102294922,1.3840256929397583,1.756061315536499,1.8626856803894043,1.6845616102218628,1.8334341049194336,2.162085771560669,2.1503610610961914,2.1542043685913086,1.5055850744247437,1.3129305839538574,1.5844604969024658,1.4050625562667847,1.774262547492981,1.8299188613891602,1.5437411069869995,1.699966311454773,2.0505709648132324,2.0186750888824463,1.8493062257766724,2.115964412689209,2.3782577514648438,2.2718679904937744,2.342662811279297,1.0966235399246216,0.912665843963623,1.2461371421813965,1.2593830823898315,1.6096000671386719,1.5138695240020752,1.3160196542739868,1.6376129388809204,1.8866283893585205,1.7817308902740479,1.7650853395462036,2.09572434425354,2.2513184547424316,2.1764326095581055,2.3804638385772705
A3,0.594186007976532,0.37208423018455505,0.0,0.3833111822605133,0.5344769954681396,0.579884946346283,0.6971668004989624,0.9116581082344055,1.042005181312561,1.160121202468872,1.2964164018630981,1.4489781856536865,1.608726978302002,1.7536998987197876,1.9340442419052124,1.1279566287994385,0.9770104289054871,0.9196600914001465,0.6589473485946655,0.8321003913879395,1.1544100046157837,1.062211275100708,0.9820091128349304,1.2912136316299438,1.5123109817504883,1.4323948621749878,1.4852864742279053,1.804482340812683,1.9156501293182373,1.9453363418579102,1.7192227840423584,1.514236569404602,1.6645020246505737,1.374997854232788,1.6747146844863892,1.8428914546966553,1.5607415437698364,1.551554799079895,1.9309622049331665,1.9937591552734375,1.7610766887664795,1.9241434335708618,2.2537569999694824,2.1845805644989014,2.1594226360321045,1.6508290767669678,1.4346438646316528,1.7223262786865234,1.5722930431365967,1.9338583946228027,1.9168442487716675,1.617799162864685,1.8229069709777832,2.1456263065338135,2.049018144607544,1.8896334171295166,2.1992783546447754,2.4186594486236572,2.2711145877838135,2.3746492862701416,1.068289875984192,0.8645731210708618,1.1522095203399658,1.2366430759429932,1.5339457988739014,1.3612968921661377,1.216773271560669,1.583390235900879,1.766974925994873,1.6274666786193848,1.6794114112854004,2.0196549892425537,2.1192433834075928,2.06095027923584,2.3111724853515625
A4,0.8580898642539978,0.5503810048103333,0.3833111822605133,0.0,0.38636648654937744,0.548702597618103,0.4960530400276184,0.6219479441642761,0.8667134046554565,1.0090445280075073,1.0441840887069702,1.186134696006775,1.413398265838623,1.5303324460983276,1.6599611043930054,1.2344114780426025,0.9981153607368469,1.0218522548675537,0.6938359141349792,0.947921633720398,1.182439923286438,0.9740673899650574,0.9257319569587708,1.291096568107605,1.433639645576477,1.2835875749588013,1.3996829986572266,1.728760004043579,1.7655785083770752,1.7906173467636108,1.6013219356536865,1.3444575071334839,1.5218656063079834,1.2471059560775757,1.5680973529815674,1.6597192287445068,1.3451076745986938,1.4029487371444702,1.7732707262039185,1.7719577550888062,1.5466947555541992,1.772251009941101,2.0662457942962646,1.9623552560806274,1.98274564743042,1.4226347208023071,1.1537522077560425,1.4201527833938599,1.2844789028167725,1.6310979127883911,1.5701936483383179,1.2762949466705322,1.5207008123397827,1.8175857067108154,1.7010091543197632,1.576494574546814,1.9055770635604858,2.098285436630249,1.9659119844436646,2.1073291301727295,0.913461446762085,0.6025208830833435,0.8287646770477295,0.8726659417152405,1.1594352722167969,0.9944489598274231,0.8389266133308411,1.204814076423645,1.3944464921951294,1.2845808267593384,1.3394088745117188,1.6618975400924683,1.780497670173645,1.7543367147445679,1.9938409328460693
A5,1.1062302589416504,0.8519336581230164,0.5344769954681396,0.38636648654937744,0.0,0.3874571919441223,0.5309149026870728,0.5000664591789246,0.602857232093811,0.8534531593322754,0.9607564210891724,1.000319004058838,1.1967360973358154,1.397478461265564,1.5229283571243286,1.588330626487732,1.3635807037353516,1.329785943031311,0.9775862097740173,1.1218299865722656,1.393851637840271,1.1927495002746582,1.0190845727920532,1.3684959411621094,1.5506932735443115,1.3463258743286133,1.374328851699829,1.7395151853561401,1.7820969820022583,1.7287381887435913,1.9826676845550537,1.7165491580963135,1.885696530342102,1.593985676765442,1.8878741264343262,1.9633866548538208,1.6252840757369995,1.6498552560806274,2.011911630630493,1.9821670055389404,1.7081648111343384,1.9242185354232788,2.215132713317871,2.059521436691284,2.038623094558716,1.714797019958496,1.4456634521484375,1.7056752443313599,1.59432852268219,1.91389000415802,1.7908519506454468,1.4960734844207764,1.761789083480835,2.0211269855499268,1.8402971029281616,1.7214590311050415,2.0781972408294678,2.2225258350372314,2.041918992996216,2.206770420074463,1.0851702690124512,0.809029221534729,0.9275606870651245,1.0480657815933228,1.23244309425354,0.9618508219718933,0.8956354260444641,1.2848443984985352,1.3724665641784668,1.206813931465149,1.350149154663086,1.6744526624679565,1.7111130952835083,1.6981199979782104,1.9897911548614502
A6,1.159148931503296,0.8580935597419739,0.579884946346283,0.548702597618103,0.3874571919441223,0.0,0.36584919691085815,0.5377644300460815,0.5112023949623108,0.6060076951980591,0.8243280053138733,0.9570020437240601,1.0502570867538452,1.2254905700683594,1.436349630355835,1.581315517425537,1.3250538110733032,1.1932088136672974,0.8289393782615662,0.8494741320610046,1.1281070709228516,0.9713743925094604,0.7098238468170166,1.0223848819732666,1.2488949298858643,1.0725301504135132,1.0408083200454712,1.4037716388702393,1.4982717037200928,1.451378345489502,2.059424638748169,1.7704797983169556,1.8653937578201294,1.5252885818481445,1.7589057683944702,1.867679476737976,1.5348527431488037,1.4703965187072754,1.827488660812378,1.8341563940048218,1.525577425956726,1.6803479194641113,1.9972299337387085,1.8573952913284302,1.7822877168655396,1.955881953239441,1.6566383838653564,1.8757059574127197,1.689693808555603,1.9901325702667236,1.8949980735778809,1.5590046644210815,1.7545140981674194,2.0342302322387695,1.8553496599197388,1.6638619899749756,1.9999918937683105,2.167081594467163,1.9471851587295532,2.0588369369506836,1.4164527654647827,1.1144325733184814,1.2498170137405396,1.2811238765716553,1.474568247795105,1.1929209232330322,1.033825159072876,1.3995085954666138,1.5024393796920776,1.262101411819458,1.340051293373108,1.703497052192688,1.7224844694137573,1.625356674194336,1.9179835319519043
A7,1.2173614501953125,0.8478463888168335,0.6971668004989624,0.4960530400276184,0.5309149026870728,0.36584919691085815,0.0,0.38791409134864807,0.5666618943214417,0.5548417568206787,0.6132646203041077,0.8474014401435852,1.0084309577941895,1.0815019607543945,1.2715409994125366,1.4816997051239014,1.1625736951828003,1.077679991722107,0.6918630003929138,0.7968471050262451,0.966492772102356,0.7135372757911682,0.5345171689987183,0.9055381417274475,1.0331776142120361,0.8267074823379517,0.9171667098999023,1.2589292526245117,1.2886384725570679,1.2965396642684937,1.8191685676574707,1.4956163167953491,1.5741866827011108,1.238263726234436,1.4683201313018799,1.5342903137207031,1.1892473697662354,1.1581180095672607,1.5102970600128174,1.4895259141921997,1.1957404613494873,1.3941868543624878,1.6924165487289429,1.555696725845337,1.5308825969696045,1.7529984712600708,1.417282223701477,1.5877827405929565,1.371249794960022,1.6491146087646484,1.5587190389633179,1.211628794670105,1.3908872604370117,1.67314875125885,1.5077673196792603,1.3086631298065186,1.6417311429977417,1.8212740421295166,1.623260259628296,1.7366514205932617,1.3727970123291016,1.0153143405914307,1.1203745603561401,1.0484963655471802,1.2548120021820068,1.0181279182434082,0.7701513171195984,1.104645013809204,1.2643182277679443,1.0442315340042114,1.0473401546478271,1.416100025177002,1.4909496307373047,1.383110523223877,1.6381608247756958
A8,1.4629409313201904,1.12335205078125,0.9116581082344055,0.6219479441642761,0.5000664591789246,0.5377644300460815,0.38791409134864807,0.0,0.37899959087371826,0.5531142950057983,0.4976139962673187,0.5647980570793152,0.8286558389663696,0.9577706456184387,1.0529414415359497,1.7742712497711182,1.462563157081604,1.4350225925445557,1.052470088005066,1.184212327003479,1.3381835222244263,1.049342155456543,0.8759573101997375,1.226550579071045,1.3093516826629639,1.0209956169128418,1.100174903869629,1.4546079635620117,1.4102187156677246,1.3443784713745117,1.9933490753173828,1.6625921726226807,1.788439154624939,1.492915391921997,1.740380883216858,1.735280156135559,1.3725214004516602,1.4104511737823486,1.7323988676071167,1.632674217224121,1.3420522212982178,1.595687985420227,1.8407022953033447,1.6364108324050903,1.640381932258606,1.7438007593154907,1.4026981592178345,1.5664966106414795,1.419124722480774,1.667492389678955,1.4909721612930298,1.179154396057129,1.4312928915023804,1.645891785621643,1.4163475036621094,1.2922284603118896,1.6625956296920776,1.7679328918457031,1.565241813659668,1.7520769834518433,1.3252232074737549,0.9657073616981506,0.9439751505851746,0.9113097190856934,1.0112487077713013,0.7014639973640442,0.5443089008331299,0.8988723158836365,0.9654743671417236,0.7410450577735901,0.8630164265632629,1.2006933689117432,1.229697585105896,1.1996700763702393,1.4907207489013672
A9,1.6319102048873901,1.3165262937545776,1.042005181312561,0.8667134046554565,0.602857232093811,0.5112023949623108,0.5666618943214417,0.37899959087371826,0.0,0.3738238513469696,0.5331558585166931,0.49092936515808105,0.5986508727073669,0.8468562364578247,0.9992943406105042,2.016740322113037,1.719476580619812,1.622774600982666,1.2391717433929443,1.263329267501831,1.4540554285049438,1.2215698957443237,0.9372888207435608,1.2238094806671143,1.3667528629302979,1.0727840662002563,1.0168269872665405,1.390772819519043,1.3903346061706543,1.2436453104019165,2.337340831756592,2.008901596069336,2.1077880859375,1.7839113473892212,1.9956656694412231,2.015739917755127,1.6558986902236938,1.623241662979126,1.9345444440841675,1.849524736404419,1.5168613195419312,1.7120721340179443,1.9677934646606445,1.740665316581726,1.670701026916504,2.109071969985962,1.7770212888717651,1.9450832605361938,1.788700819015503,2.026089668273926,1.8416434526443481,1.525622010231018,1.7479640245437622,1.948995590209961,1.6906307935714722,1.5377556085586548,1.8997658491134644,1.9811714887619019,1.7237383127212524,1.8906445503234863,1.607143759727478,1.2794020175933838,1.2631876468658447,1.2783844470977783,1.3364282846450806,0.9823461174964905,0.8912354111671448,1.2099279165267944,1.193031907081604,0.8937607407569885,1.0585328340530396,1.39212167263031,1.3227766752243042,1.254711389541626,1.5907779932022095
A10,1.7168800830841064,1.3667927980422974,1.160121202468872,1.0090445280075073,0.8534531593322754,0.6060076951980591,0.5548417568206787,0.5531142950057983,0.3738238513469696,0.0,0.37457576394081116,0.5450040102005005,0.5104186534881592,0.6340555548667908,0.9010908007621765,2.002561569213867,1.6741191148757935,1.5292019844055176,1.1617873907089233,1.1115291118621826,1.234381914138794,1.0178794860839844,0.6961162686347961,0.9193809628486633,1.0409759283065796,0.742279052734375,0.6470134258270264,1.018345832824707,1.0315743684768677,0.8981829881668091,2.3274500370025635,1.9792276620864868,2.0115036964416504,1.6643364429473877,1.8115264177322388,1.8373373746871948,1.4911928176879883,1.3903820514678955,1.675229549407959,1.607814908027649,1.2502604722976685,1.3954427242279053,1.6590566635131836,1.4416756629943848,1.32992684841156,2.238246440887451,1.8815981149673462,2.0031654834747314,1.783666729927063,1.9899640083312988,1.8372604846954346,1.49493408203125,1.639251470565796,1.850254774093628,1.6053296327590942,1.3827406167984009,1.712708830833435,1.8163533210754395,1.528518795967102,1.6381429433822632,1.8419480323791504,1.4857864379882812,1.496155023574829,1.4259542226791382,1.5081583261489868,1.192265272140503,1.000652551651001,1.2630056142807007,1.2906650304794312,0.9532705545425415,0.9961454272270203,1.3564894199371338,1.2982479333877563,1.1262470483779907,1.4392569065093994
A11,1.828165054321289,1.4539563655853271,1.2964164018630981,1.0441840887069702,0.9607564210891724,0.8243280053138733,0.6132646203041077,0.4976139962673187,0.5331558585166931,0.37457576394081116,0.0,0.38021019101142883,0.5297191739082336,0.4969276785850525,0.6648610234260559,2.028318405151367,1.6702123880386353,1.592421293258667,1.2273669242858887,1.26411771774292,1.3081634044647217,1.0117892026901245,0.806226372718811,1.0595226287841797,1.0549437999725342,0.6968461871147156,0.7683717012405396,1.0847954750061035,0.9707086086273193,0.8735812902450562,2.191683769226074,1.8231759071350098,1.8623321056365967,1.5504339933395386,1.6994518041610718,1.6503310203552246,1.2951507568359375,1.266431450843811,1.520979404449463,1.381458044052124,1.0468064546585083,1.2732383012771606,1.4804857969284058,1.2264372110366821,1.1989165544509888,2.060415267944336,1.6847753524780273,1.754110336303711,1.5441700220108032,1.704577922821045,1.517217755317688,1.1906852722167969,1.3435389995574951,1.5140905380249023,1.2454465627670288,1.050492286682129,1.39887273311615,1.4724650382995605,1.199041724205017,1.3580836057662964,1.784694790840149,1.4069136381149292,1.3516062498092651,1.2120721340179443,1.247703194618225,0.9658283591270447,0.7410456538200378,0.9300758242607117,0.9614866375923157,0.6277487874031067,0.6218498349189758,0.9853882193565369,0.9629379510879517,0.8056454062461853,1.1058320999145508
A12,2.0158464908599854,1.6689727306365967,1.4489781856536865,1.186134696006775,1.000319004058838,0.9570020437240601,0.8474014401435852,0.5647980570793152,0.49092936515808105,0.5450040102005005,0.38021019101142883,0.0,0.37628671526908875,0.5251577496528625,0.5366922616958618,2.299309015274048,1.9605193138122559,1.9032028913497925,1.5238631963729858,1.5745234489440918,1.665134072303772,1.373410701751709,1.1475483179092407,1.4025464057922363,1.425182819366455,1.0642963647842407,1.0709425210952759,1.3895615339279175,1.2626159191131592,1.0783555507659912,2.445591926574707,2.086228847503662,2.169459581375122,1.8776301145553589,2.0547890663146973,1.9852615594863892,1.6260076761245728,1.635152816772461,1.8817098140716553,1.7095527648925781,1.3912463188171387,1.629467487335205,1.802970051765442,1.510178804397583,1.485595703125,2.1739189624786377,1.814210295677185,1.9001190662384033,1.7553855180740356,1.9086596965789795,1.6612929105758667,1.3800897598266602,1.592137098312378,1.7072185277938843,1.391923189163208,1.280922532081604,1.6415464878082275,1.6419801712036133,1.3685290813446045,1.5866683721542358,1.8201388120651245,1.4694111347198486,1.3425240516662598,1.273705244064331,1.2140560150146484,0.8721767663955688,0.7961737513542175,0.975534200668335,0.8620996475219727,0.5032203197479248,0.7039047479629517,0.9844536185264587,0.8492870330810547,0.8026921153068542,1.1564077138900757
A13,2.1857078075408936,1.8414489030838013,1.608726978302002,1.413398265838623,1.1967360973358154,1.0502570867538452,1.0084309577941895,0.8286558389663696,0.5986508727073669,0.5104186534881592,0.5297191739082336,0.37628671526908875,0.0,0.3724835216999054,0.5428580045700073,2.482942819595337,2.144216775894165,2.0256564617156982,1.6554055213928223,1.6172819137573242,1.7055457830429077,1.466408133506775,1.1742397546768188,1.3431246280670166,1.3938851356506348,1.049639105796814,0.9325370788574219,1.2303000688552856,1.1413666009902954,0.8752127289772034,2.711555004119873,2.347870349884033,2.3893210887908936,2.068260431289673,2.198920249938965,2.1565215587615967,1.8097552061080933,1.7424026727676392,1.9679428339004517,1.8226367235183716,1.472654938697815,1.6341633796691895,1.8136234283447266,1.5150645971298218,1.4053032398223877,2.516535997390747,2.1527206897735596,2.23612642288208,2.0565810203552246,2.202636241912842,1.9765278100967407,1.6785377264022827,1.8364187479019165,1.9559054374694824,1.6428260803222656,1.4776060581207275,1.8045300245285034,1.803262710571289,1.4801839590072632,1.6417423486709595,2.1332919597625732,1.7841744422912598,1.6938945055007935,1.629949927330017,1.5892245769500732,1.2465393543243408,1.1508334875106812,1.3205026388168335,1.2071887254714966,0.8362663388252258,0.9648261666297913,1.235741138458252,1.0406341552734375,0.8946352005004883,1.2520009279251099
A14,2.2962543964385986,1.9242222309112549,1.7536998987197876,1.5303324460983276,1.397478461265564,1.2254905700683594,1.0815019607543945,0.9577706456184387,0.8468562364578247,0.6340555548667908,0.4969276785850525,0.5251577496528625,0.3724835216999054,0.0,0.36725687980651855,2.4873204231262207,2.1214394569396973,2.009645700454712,1.6622620820999146,1.625063419342041,1.6268014907836914,1.37200927734375,1.1365032196044922,1.2604665756225586,1.2146916389465332,0.8590885996818542,0.8102336525917053,1.0318421125411987,0.8516848683357239,0.6001654863357544,2.6335196495056152,2.254427909851074,2.2523484230041504,1.9443206787109375,2.0244340896606445,1.9440852403640747,1.6183921098709106,1.5420430898666382,1.7130765914916992,1.538861870765686,1.1981463432312012,1.353950023651123,1.4875596761703491,1.1679000854492188,1.0716050863265991,2.5155720710754395,2.134002685546875,2.1590428352355957,1.9465211629867554,2.0398950576782227,1.8251917362213135,1.5318012237548828,1.6255964040756226,1.7183384895324707,1.4101697206497192,1.2132834196090698,1.5044227838516235,1.4923605918884277,1.148241400718689,1.2864289283752441,2.260228395462036,1.8874143362045288,1.7923848628997803,1.648532748222351,1.6079885959625244,1.322217583656311,1.156781792640686,1.238756775856018,1.1639167070388794,0.8023591041564941,0.7900232672691345,1.0455981492996216,0.8779041171073914,0.6201287508010864,0.9435367584228516
A15,2.478957176208496,2.109376907348633,1.9340442419052124,1.6599611043930054,1.5229283571243286,1.436349630355835,1.2715409994125366,1.0529414415359497,0.9992943406105042,0.9010908007621765,0.6648610234260559,0.5366922616958618,0.5428580045700073,0.36725687980651855,0.0,2.6677465438842773,2.299316644668579,2.2384023666381836,1.8836839199066162,1.904922604560852,1.9029687643051147,1.6091383695602417,1.4209002256393433,1.5865211486816406,1.506737470626831,1.1400541067123413,1.1602829694747925,1.364263653755188,1.1266990900039673,0.9025005102157593,2.7081527709960938,2.328233242034912,2.3579177856445312,2.08856201171875,2.19063663482666,2.0550432205200195,1.729466438293457,1.7268991470336914,1.8767337799072266,1.641554594039917,1.3471070528030396,1.5630466938018799,1.6349366903305054,1.2831439971923828,1.2701828479766846,2.4870729446411133,2.111208200454712,2.108863353729248,1.9460185766220093,2.000075578689575,1.730139136314392,1.490325689315796,1.6197746992111206,1.6403199434280396,1.2916713953018188,1.1873091459274292,1.4843965768814087,1.390692949295044,1.0715125799179077,1.295876145362854,2.273188352584839,1.9114220142364502,1.7465085983276367,1.599532961845398,1.4752719402313232,1.2096372842788696,1.1137710809707642,1.1123956441879272,0.9456324577331543,0.6201059818267822,0.6728008389472961,0.8143930435180664,0.5559303164482117,0.39411649107933044,0.7536873817443848
B1,0.7240553498268127,0.7586556673049927,1.1279566287994385,1.2344114780426025,1.588330626487732,1.581315517425537,1.4816997051239014,1.7742712497711182,2.016740322113037,2.002561569213867,2.028318405151367,2.299309015274048,2.482942819595337,2.4873204231262207,2.6677465438842773,0.0,0.3929213583469391,0.595137357711792,0.8595619201660156,1.109071135520935,1.1741149425506592,1.2265726327896118,1.4664595127105713,1.644304871559143,1.7329044342041016,1.8426471948623657,2.0368294715881348,2.205955982208252,2.3134713172912598,2.506768226623535,0.9627212882041931,0.9740827083587646,1.0442806482315063,0.9385994076728821,1.1928033828735352,1.471336007118225,1.408561110496521,1.4394322633743286,1.733055591583252,1.9242476224899292,1.8806273937225342,1.984207272529602,2.2791571617126465,2.3798372745513916,2.435957193374634,1.4824434518814087,1.4041311740875244,1.6063731908798218,1.4140182733535767,1.7472920417785645,1.9513033628463745,1.7375297546386719,1.7835355997085571,2.149761199951172,2.2479183673858643,2.0851399898529053,2.245573043823242,2.569601535797119,2.5501389503479004,2.56014347076416,1.4501338005065918,1.364945888519287,1.7046480178833008,1.6336568593978882,2.01912784576416,2.046595573425293,1.811750054359436,2.0343334674835205,2.3592236042022705,2.318293571472168,2.212191343307495,2.500261068344116,2.7352089881896973,2.6460816860198975,2.7673075199127197
B2,0.7975950837135315,0.6233773827552795,0.9770104289054871,0.9981153607368469,1.3635807037353516,1.3250538110733032,1.1625736951828003,1.462563157081604,1.719476580619812,1.6741191148757935,1.6702123880386353,1.9605193138122559,2.144216775894165,2.1214394569396973,2.299316644668579,0.3929213583469391,0.0,0.371660053730011,0.5522772669792175,0.8559447526931763,0.8729251623153687,0.8582479953765869,1.1294825077056885,1.3304113149642944,1.3830941915512085,1.4702621698379517,1.6923305988311768,1.8625432252883911,1.9422104358673096,2.138838529586792,0.9240881204605103,0.7790343165397644,0.8199669718742371,0.608368992805481,0.9006333947181702,1.1556286811828613,1.0420291423797607,1.0727547407150269,1.3904616832733154,1.5577788352966309,1.495169758796692,1.6195507049560547,1.9138567447662354,1.995468020439148,2.0589113235473633,1.397291898727417,1.2213488817214966,1.3897745609283447,1.1387256383895874,1.4680641889572144,1.6470770835876465,1.3978451490402222,1.4341447353363037,1.807847499847412,1.88603937625885,1.7038846015930176,1.8749451637268066,2.195784091949463,2.162031650543213,2.174158811569214,1.3836743831634521,1.1986768245697021,1.500024676322937,1.3716590404510498,1.7469509840011597,1.7580814361572266,1.4866656064987183,1.6968549489974976,2.0261173248291016,1.969303846359253,1.8395906686782837,2.1330654621124268,2.3673224449157715,2.2639122009277344,2.3795604705810547
B3,0.8181707262992859,0.6124107837677002,0.9196600914001465,1.0218522548675537,1.329785943031311,1.1932088136672974,1.077679991722107,1.4350225925445557,1.622774600982666,1.5292019844055176,1.592421293258667,1.9032028913497925,2.0256564617156982,2.009645700454712,2.2384023666381836,0.595137357711792,0.371660053730011,0.0,0.3861868381500244,0.5400548577308655,0.5903717875480652,0.7024264931678772,0.9172750115394592,1.0535858869552612,1.1699426174163818,1.3079094886779785,1.4704537391662598,1.6262476444244385,1.767281413078308,1.9602407217025757,1.2771210670471191,1.1046282052993774,1.0656896829605103,0.766949474811554,0.9512354135513306,1.2574615478515625,1.1241185665130615,1.0236083269119263,1.3537724018096924,1.5634723901748657,1.4427815675735474,1.4968883991241455,1.8317269086837769,1.9190179109573364,1.9183427095413208,1.7371609210968018,1.526284098625183,1.690646767616272,1.4067929983139038,1.716619849205017,1.8662769794464111,1.5711113214492798,1.582801103591919,1.9614181518554688,2.0022339820861816,1.7637132406234741,1.939762830734253,2.262755870819092,2.1750247478485107,2.1527481079101562,1.6040970087051392,1.386506199836731,1.683230996131897,1.5686651468276978,1.924410343170166,1.8664451837539673,1.5775140523910522,1.8189620971679688,2.12060546875,1.9982515573501587,1.8684991598129272,2.197995901107788,2.390875816345215,2.2403008937835693,2.379612445831299
B4,0.82000333070755,0.46800926327705383,0.6589473485946655,0.6938359141349792,0.9775862097740173,0.8289393782615662,0.6918630003929138,1.052470088005066,1.2391717433929443,1.1617873907089233,1.2273669242858887,1.5238631963729858,1.6554055213928223,1.6622620820999146,1.8836839199066162,0.8595619201660156,0.5522772669792175,0.3861868381500244,0.0,0.3864338994026184,0.5503038763999939,0.494520902633667,0.6199605464935303,0.868145227432251,1.008522868156433,1.0473268032073975,1.2001410722732544,1.4231137037277222,1.537703275680542,1.6822551488876343,1.4037115573883057,1.1517348289489746,1.1689181327819824,0.8212504982948303,1.0533729791641235,1.2729030847549438,1.0365077257156372,0.954570472240448,1.3272647857666016,1.4608256816864014,1.2700029611587524,1.3796460628509521,1.719781756401062,1.7337325811386108,1.7247787714004517,1.66243314743042,1.395180583000183,1.57435941696167,1.2998360395431519,1.6187621355056763,1.6909492015838623,1.3643296957015991,1.435596227645874,1.7994694709777832,1.7749958038330078,1.5407294034957886,1.7758169174194336,2.0617408752441406,1.9374110698699951,1.9580384492874146,1.4271721839904785,1.1498111486434937,1.4106937646865845,1.3057827949523926,1.6355390548706055,1.529414415359497,1.2439333200454712,1.5186662673950195,1.7898459434509277,1.6426539421081543,1.5448092222213745,1.8912519216537476,2.0546867847442627,1.9150183200836182,2.089276075363159
B5,1.0278199911117554,0.7385664582252502,0.8321003913879395,0.947921633720398,1.1218299865722656,0.8494741320610046,0.7968471050262451,1.184212327003479,1.263329267501831,1.1115291118621826,1.26411771774292,1.5745234489440918,1.6172819137573242,1.625063419342041,1.904922604560852,1.109071135520935,0.8559447526931763,0.5400548577308655,0.3864338994026184,0.0,0.38628819584846497,0.5293962359428406,0.49913257360458374,0.6035081148147583,0.8511207103729248,0.9625963568687439,1.0139816999435425,1.206735610961914,1.4052934646606445,1.544062614440918,1.7396868467330933,1.4910248517990112,1.4419420957565308,1.07332181930542,1.1946486234664917,1.446932077407837,1.2289122343063354,1.0246139764785767,1.3682515621185303,1.5429354906082153,1.307666540145874,1.3205807209014893,1.6902121305465698,1.7156850099563599,1.6285768747329712,2.0481491088867188,1.77193021774292,1.933899164199829,1.6370998620986938,1.9244171380996704,1.9869163036346436,1.640502691268921,1.669628620147705,2.0240983963012695,1.976430058479309,1.6931262016296387,1.9114694595336914,2.194655656814575,2.0214881896972656,1.9961426258087158,1.764159917831421,1.48421311378479,1.7272838354110718,1.6316617727279663,1.9295982122421265,1.7708958387374878,1.4817705154418945,1.7591878175735474,1.9948722124099731,1.785744309425354,1.6834697723388672,2.050123453140259,2.167064905166626,1.9735640287399292,2.1624464988708496
B6,1.3033461570739746,1.0003454685211182,1.1544100046157837,1.182439923286438,1.393851637840271,1.1281070709228516,0.966492772102356,1.3381835222244263,1.4540554285049438,1.234381914138794,1.3081634044647217,1.665134072303772,1.7055457830429077,1.6268014907836914,1.9029687643051147,1.1741149425506592,0.8729251623153687,0.5903717875480652,0.5503038763999939,0.38628819584846497,0.0,0.3660704791545868,0.5382726788520813,0.514877438545227,0.6062784790992737,0.8276762366294861,0.9688226580619812,1.05739164352417,1.229439616203308,1.4497438669204712,1.654290795326233,1.386181354522705,1.2485294342041016,0.8787086009979248,0.8912710547447205,1.1531169414520264,0.9858802556991577,0.708270788192749,1.0165600776672363,1.238543152809143,1.044405221939087,1.0044116973876953,1.3704452514648438,1.4564099311828613,1.3901902437210083,2.0859062671661377,1.793226957321167,1.8844250440597534,1.5421818494796753,1.7740240097045898,1.8753029108047485,1.5366829633712769,1.4783143997192383,1.8313918113708496,1.8258860111236572,1.511532187461853,1.6670172214508057,1.9789807796478271,1.8275877237319946,1.7485305070877075,1.9610968828201294,1.658185362815857,1.8711661100387573,1.6989600658416748,1.9885982275009155,1.8715153932571411,1.5389288663864136,1.7442108392715454,2.010697841644287,1.8150357007980347,1.6357687711715698,1.9801788330078125,2.131037712097168,1.9038786888122559,2.0340631008148193
B7,1.3135740756988525,0.9485991597175598,1.062211275100708,0.9740673899650574,1.1927495002746582,0.9713743925094604,0.7135372757911682,1.049342155456543,1.2215698957443237,1.0178794860839844,1.0117892026901245,1.373410701751709,1.466408133506775,1.37200927734375,1.6091383695602417,1.2265726327896118,0.8582479953765869,0.7024264931678772,0.494520902633667,0.5293962359428406,0.3660704791545868,0.0,0.38935166597366333,0.571053147315979,0.5569638013839722,0.6198835372924805,0.8624526262283325,1.0184409618377686,1.0888500213623047,1.2903940677642822,1.5405206680297852,1.2167723178863525,1.1278414726257324,0.7466242909431458,0.8405083417892456,0.9951421022415161,0.7348079085350037,0.5393649935722351,0.9050711989402771,1.0271940231323242,0.8008992671966553,0.8881131410598755,1.232165813446045,1.2517554759979248,1.2423572540283203,1.849316954612732,1.5221731662750244,1.596569299697876,1.2587227821350098,1.4856961965560913,1.543412446975708,1.1932951211929321,1.1694849729537964,1.515857458114624,1.4822458028793335,1.1828618049621582,1.3833283185958862,1.676468849182129,1.5281766653060913,1.5012751817703247,1.7504428625106812,1.4127650260925293,1.5779448747634888,1.3756070137023926,1.6439069509506226,1.5337656736373901,1.1896591186523438,1.379416823387146,1.6498932838439941,1.4696245193481445,1.2829097509384155,1.6246470212936401,1.7903797626495361,1.5876715183258057,1.7197277545928955
B8,1.3672479391098022,1.0021439790725708,0.9820091128349304,0.9257319569587708,1.0190845727920532,0.7098238468170166,0.5345171689987183,0.8759573101997375,0.9372888207435608,0.6961162686347961,0.806226372718811,1.1475483179092407,1.1742397546768188,1.1365032196044922,1.4209002256393433,1.4664595127105713,1.1294825077056885,0.9172750115394592,0.6199605464935303,0.49913257360458374,0.5382726788520813,0.38935166597366333,0.0,0.3795853853225708,0.551804780960083,0.5007680654525757,0.5808988809585571,0.8415535092353821,0.969796895980835,1.0777846574783325,1.8777226209640503,1.5532039403915405,1.5047394037246704,1.1248942613601685,1.2251309156417847,1.3573964834213257,1.0672454833984375,0.8650946617126465,1.1950753927230835,1.270055890083313,0.9584818482398987,1.0202041864395142,1.3714724779129028,1.313027024269104,1.2182316780090332,2.063441038131714,1.7254869937896729,1.8360673189163208,1.5323796272277832,1.7663153409957886,1.7531211376190186,1.387778639793396,1.4225364923477173,1.7327380180358887,1.6194535493850708,1.3199222087860107,1.5701580047607422,1.8070884943008423,1.5881158113479614,1.5856918096542358,1.8085864782333374,1.4614832401275635,1.6038634777069092,1.461313247680664,1.685872197151184,1.4888482093811035,1.1806793212890625,1.4253270626068115,1.6207048892974854,1.3695777654647827,1.2501347064971924,1.6227774620056152,1.7077685594558716,1.4894839525222778,1.6901482343673706
B9,1.6124267578125,1.2817678451538086,1.2912136316299438,1.291096568107605,1.3684959411621094,1.0223848819732666,0.9055381417274475,1.226550579071045,1.2238094806671143,0.9193809628486633,1.0595226287841797,1.4025464057922363,1.3431246280670166,1.2604665756225586,1.5865211486816406,1.644304871559143,1.3304113149642944,1.0535858869552612,0.868145227432251,0.6035081148147583,0.514877438545227,0.571053147315979,0.3795853853225708,0.0,0.3731480538845062,0.5328289866447449,0.4976607859134674,0.6073709726333618,0.8539581894874573,1.011354923248291,2.095242738723755,1.7838884592056274,1.6641629934310913,1.2867026329040527,1.2783737182617188,1.444536566734314,1.2182729244232178,0.9107949733734131,1.1655938625335693,1.3040179014205933,1.0000839233398438,0.9141667485237122,1.2808488607406616,1.2770922183990479,1.103610873222351,2.3930134773254395,2.0588223934173584,2.1412203311920166,1.808957815170288,2.0071043968200684,2.023041009902954,1.6626267433166504,1.6238274574279785,1.9242264032363892,1.8305280208587646,1.4907647371292114,1.676885724067688,1.9253090620040894,1.6877998113632202,1.60707426071167,2.17301344871521,1.8334873914718628,1.9818509817123413,1.8242379426956177,2.041067123413086,1.8451225757598877,1.5302058458328247,1.7377574443817139,1.9250056743621826,1.6527127027511597,1.4974007606506348,1.8554565906524658,1.921981692314148,1.6479625701904297,1.8187257051467896
B10,1.8164492845535278,1.4614547491073608,1.5123109817504883,1.433639645576477,1.5506932735443115,1.2488949298858643,1.0331776142120361,1.3093516826629639,1.3667528629302979,1.0409759283065796,1.0549437999725342,1.425182819366455,1.3938851356506348,1.2146916389465332,1.506737470626831,1.7329044342041016,1.3830941915512085,1.1699426174163818,1.008522868156433,0.8511207103729248,0.6062784790992737,0.5569638013839722,0.551804780960083,0.3731480538845062,0.0,0.3734751045703888,0.5462023019790649,0.5118572115898132,0.6343730092048645,0.9030516743659973,2.016843557357788,1.683494210243225,1.5191235542297363,1.1684497594833374,1.0898709297180176,1.189491868019104,0.9879262447357178,0.652256429195404,0.8386464715003967,0.9609870910644531,0.6677079200744629,0.5410877466201782,0.9091775417327881,0.9348911046981812,0.7986924052238464,2.353238582611084,2.003633737564087,2.0209803581237793,1.6670360565185547,1.8025617599487305,1.829291820526123,1.485172152519226,1.377432107925415,1.65426766872406,1.5846645832061768,1.2229399681091309,1.3557026386260986,1.6160895824432373,1.3955413103103638,1.2723486423492432,2.2638580799102783,1.9055123329162598,2.015425682067871,1.7935847043991089,1.9882339239120483,1.8361660242080688,1.4933137893676758,1.62104332447052,1.829008936882019,1.58293616771698,1.3533977270126343,1.6766595840454102,1.7792397737503052,1.4830470085144043,1.587812900543213
B11,1.8332098722457886,1.4517371654510498,1.4323948621749878,1.2835875749588013,1.3463258743286133,1.0725301504135132,0.8267074823379517,1.0209956169128418,1.0727840662002563,0.742279052734375,0.6968461871147156,1.0642963647842407,1.049639105796814,0.8590885996818542,1.1400541067123413,1.8426471948623657,1.4702621698379517,1.3079094886779785,1.0473268032073975,0.9625963568687439,0.8276762366294861,0.6198835372924805,0.5007680654525757,0.5328289866447449,0.3734751045703888,0.0,0.38206860423088074,0.5326075553894043,0.5019643306732178,0.6746981143951416,2.0617778301239014,1.6989504098892212,1.5998492240905762,1.2540463209152222,1.2586803436279297,1.275575041770935,0.9936566352844238,0.7730225324630737,0.986510694026947,0.9703839421272278,0.6041717529296875,0.6590090394020081,0.9601882696151733,0.8391749262809753,0.7310230135917664,2.2429354190826416,1.8712447881698608,1.891282558441162,1.569944143295288,1.7018686532974243,1.6521246433258057,1.300898790359497,1.260904312133789,1.50197172164917,1.3579076528549194,1.0163719654083252,1.229387879371643,1.4302382469177246,1.1683436632156372,1.1290295124053955,2.111217975616455,1.7338483333587646,1.787183165550232,1.5711954832077026,1.714967966079712,1.5315253734588623,1.2053824663162231,1.330482006072998,1.49562668800354,1.2258373498916626,1.016322374343872,1.353489875793457,1.4251796007156372,1.137041449546814,1.2872519493103027
B12,1.927672266960144,1.5687108039855957,1.4852864742279053,1.3996829986572266,1.374328851699829,1.0408083200454712,0.9171667098999023,1.100174903869629,1.0168269872665405,0.6470134258270264,0.7683717012405396,1.0709425210952759,0.9325370788574219,0.8102336525917053,1.1602829694747925,2.0368294715881348,1.6923305988311768,1.4704537391662598,1.2001410722732544,1.0139816999435425,0.9688226580619812,0.8624526262283325,0.5808988809585571,0.4976607859134674,0.5462023019790649,0.38206860423088074,0.0,0.37891244888305664,0.5308236479759216,0.5460835695266724,2.3774755001068115,2.0265209674835205,1.9379169940948486,1.5743656158447266,1.5809262990951538,1.639819860458374,1.3652890920639038,1.1166539192199707,1.3206236362457275,1.330806851387024,0.9658742547035217,0.9349136352539062,1.2263041734695435,1.0872207880020142,0.8636563420295715,2.530104398727417,2.163708448410034,2.2206902503967285,1.915270209312439,2.06885027885437,1.9979130029678345,1.6434515714645386,1.6350458860397339,1.8631689548492432,1.6851165294647217,1.3586173057556152,1.5781875848770142,1.7401776313781738,1.4360926151275635,1.3945201635360718,2.2829740047454834,1.915435791015625,1.9759573936462402,1.816733479499817,1.9442099332809448,1.7000432014465332,1.4176558256149292,1.5898480415344238,1.6921908855438232,1.3695957660675049,1.238153100013733,1.5805484056472778,1.5681757926940918,1.2662214040756226,1.4724808931350708
B13,2.191401481628418,1.8382138013839722,1.804482340812683,1.728760004043579,1.7395151853561401,1.4037716388702393,1.2589292526245117,1.4546079635620117,1.390772819519043,1.018345832824707,1.0847954750061035,1.3895615339279175,1.2303000688552856,1.0318421125411987,1.364263653755188,2.205955982208252,1.8625432252883911,1.6262476444244385,1.4231137037277222,1.206735610961914,1.05739164352417,1.0184409618377686,0.8415535092353821,0.6073709726333618,0.5118572115898132,0.5326075553894043,0.37891244888305664,0.0,0.3736514151096344,0.5391930341720581,2.5121281147003174,2.165829658508301,2.0151891708374023,1.6693487167358398,1.5855748653411865,1.6401816606521606,1.4295144081115723,1.1235884428024292,1.2277421951293945,1.2707935571670532,0.9455572962760925,0.7755099534988403,1.0344531536102295,0.9557855725288391,0.6546728610992432,2.7662932872772217,2.3990955352783203,2.4140546321868896,2.080559492111206,2.1877975463867188,2.1500232219696045,1.8109201192855835,1.7230241298675537,1.932212471961975,1.789857029914856,1.4348645210266113,1.569494366645813,1.7414841651916504,1.4418140649795532,1.3076753616333008,2.600851058959961,2.2307627201080322,2.2942843437194824,2.097485303878784,2.2250359058380127,2.012256383895874,1.7095290422439575,1.8264371156692505,1.9440431594848633,1.6368566751480103,1.4454169273376465,1.7485344409942627,1.7492647171020508,1.4053025245666504,1.5372416973114014
