0.000000000000000000e+00,3.956072032451629639e-01,5.737406611442565918e-01,5.529389381408691406e-01,6.475110650062561035e-01,8.955333828926086426e-01,1.052339315414428711e+00,1.100761413574218750e+00,1.226527810096740723e+00,1.455511212348937988e+00,1.596156716346740723e+00,1.708114504814147949e+00,1.870378255844116211e+00,2.104550838470458984e+00,2.373110294342041016e+00,7.787739038467407227e-01,1.048158288002014160e+00,1.260823249816894531e+00,1.038420557975769043e+00,9.900835156440734863e-01,1.360844850540161133e+00,1.479543924331665039e+00,1.315540552139282227e+00,1.451820492744445801e+00,1.781384825706481934e+00,1.812866091728210449e+00,1.812018513679504395e+00,2.068527936935424805e+00,2.330036640167236328e+00,2.499095678329467773e+00,1.249296307563781738e+00,1.585060596466064453e+00,1.647599101066589355e+00,1.333697438240051270e+00,1.438593626022338867e+00,1.794537544250488281e+00,1.763527512550354004e+00,1.572329640388488770e+00,1.840413331985473633e+00,2.113335371017456055e+00,2.022064447402954102e+00,2.067147970199584961e+00,2.389764547348022461e+00,2.563560485839843750e+00,2.714627265930175781e+00,1.238553285598754883e+00,1.564976930618286133e+00,1.466869473457336426e+00,1.201567173004150391e+00,1.484764456748962402e+00,1.746521115303039551e+00,1.619393467903137207e+00,1.554009079933166504e+00,1.899348974227905273e+00,2.060565710067749023e+00,1.964047551155090332e+00,2.140003919601440430e+00,2.430373430252075195e+00,2.514655590057373047e+00,2.729047298431396484e+00,7.701132893562316895e-01,1.015003442764282227e+00,8.516719937324523926e-01,7.469435334205627441e-01,1.097483158111572266e+00,1.260530948638916016e+00,1.182929873466491699e+00,1.289675354957580566e+00,1.572767972946166992e+00,1.674641370773315430e+00,1.707714796066284180e+00,1.939493656158447266e+00,2.130446672439575195e+00,2.242212772369384766e+00,2.553898811340332031e+00
3.956072032451629639e-01,0.000000000000000000e+00,3.754999339580535889e-01,5.426059961318969727e-01,5.002844929695129395e-01,6.073890328407287598e-01,8.643522858619689941e-01,9.833639860153198242e-01,1.007147908210754395e+00,1.204492330551147461e+00,1.422999024391174316e+00,1.531247615814208984e+00,1.623554587364196777e+00,1.876099944114685059e+00,2.166141510009765625e+00,1.003666877746582031e+00,1.151286482810974121e+00,1.399352908134460449e+00,1.186970710754394531e+00,1.012206077575683594e+00,1.364084601402282715e+00,1.521928310394287109e+00,1.304655194282531738e+00,1.355129718780517578e+00,1.720443248748779297e+00,1.759375452995300293e+00,1.678964972496032715e+00,1.926077961921691895e+00,2.225275993347167969e+00,2.349983453750610352e+00,1.568772315979003906e+00,1.865028142929077148e+00,1.923228621482849121e+00,1.578910827636718750e+00,1.635159850120544434e+00,1.988018512725830078e+00,1.933141827583312988e+00,1.681843280792236328e+00,1.940155506134033203e+00,2.218338727951049805e+00,2.076070308685302734e+00,2.074874639511108398e+00,2.423733472824096680e+00,2.585161209106445312e+00,2.681167364120483398e+00,1.573842883110046387e+00,1.862719893455505371e+00,1.713561534881591797e+00,1.427403688430786133e+00,1.712991714477539062e+00,1.944686293601989746e+00,1.749836683273315430e+00,1.668614268302917480e+00,2.040913820266723633e+00,2.159698009490966797e+00,2.002421855926513672e+00,2.194675445556640625e+00,2.498987913131713867e+00,2.526869058609008789e+00,2.721258878707885742e+00,1.033276200294494629e+00,1.157827854156494141e+00,8.765204548835754395e-01,8.343170285224914551e-01,1.204556345939636230e+00,1.259596347808837891e+00,1.106633543968200684e+00,1.291966915130615234e+00,1.579149842262268066e+00,1.589316010475158691e+00,1.616782069206237793e+00,1.906041026115417480e+00,2.061432838439941406e+00,2.114087820053100586e+00,2.452738523483276367e+00
5.737406611442565918e-01,3.754999339580535889e-01,0.000000000000000000e+00,3.764590322971343994e-01,5.270212292671203613e-01,5.061428546905517578e-01,6.247660517692565918e-01,8.508226275444030762e-01,9.548785686492919922e-01,1.051551938056945801e+00,1.247834444046020508e+00,1.441182613372802734e+00,1.528925180435180664e+00,1.713612079620361328e+00,2.039210557937622070e+00,8.229538202285766602e-01,8.554483056068420410e-01,1.112670898437500000e+00,9.470880627632141113e-01,6.990381479263305664e-01,1.021143198013305664e+00,1.225331664085388184e+00,1.044256687164306641e+00,1.037822961807250977e+00,1.401958465576171875e+00,1.495192170143127441e+00,1.426403284072875977e+00,1.630780458450317383e+00,1.946425318717956543e+00,2.104090690612792969e+00,1.466237425804138184e+00,1.710182905197143555e+00,1.808289766311645508e+00,1.468505978584289551e+00,1.441394090652465820e+00,1.797854900360107422e+00,1.783287167549133301e+00,1.497602939605712891e+00,1.701272726058959961e+00,2.011175632476806641e+00,1.888382315635681152e+00,1.833931684494018555e+00,2.174927473068237305e+00,2.373533725738525391e+00,2.449151277542114258e+00,1.631460070610046387e+00,1.914989113807678223e+00,1.806263923645019531e+00,1.472027897834777832e+00,1.692304611206054688e+00,1.957960247993469238e+00,1.771055579185485840e+00,1.612470269203186035e+00,1.973314881324768066e+00,2.127195119857788086e+00,1.935932636260986328e+00,2.073626279830932617e+00,2.408164024353027344e+00,2.449362277984619141e+00,2.596068859100341797e+00,1.248951435089111328e+00,1.404687404632568359e+00,1.127985119819641113e+00,9.705662131309509277e-01,1.331516146659851074e+00,1.418418884277343750e+00,1.190601110458374023e+00,1.301915407180786133e+00,1.643137454986572266e+00,1.646957993507385254e+00,1.586763262748718262e+00,1.880223155021667480e+00,2.080754280090332031e+00,2.090544223785400391e+00,2.400721073150634766e+00
5.529389381408691406e-01,5.426059961318969727e-01,3.764590322971343994e-01,0.000000000000000000e+00,3.739956915378570557e-01,5.524198412895202637e-01,5.429176092147827148e-01,6.196985840797424316e-01,8.417637944221496582e-01,1.000590682029724121e+00,1.091879129409790039e+00,1.270839929580688477e+00,1.446283221244812012e+00,1.620840668678283691e+00,1.907209992408752441e+00,7.251185178756713867e-01,8.165426254272460938e-01,9.568334817886352539e-01,6.866438984870910645e-01,5.254554748535156250e-01,8.945788741111755371e-01,9.937044978141784668e-01,7.845842242240905762e-01,9.064868688583374023e-01,1.241358637809753418e+00,1.270952463150024414e+00,1.264931559562683105e+00,1.517651081085205078e+00,1.778544425964355469e+00,1.955163717269897461e+00,1.200811386108398438e+00,1.425556778907775879e+00,1.475235223770141602e+00,1.119127273559570312e+00,1.124736785888671875e+00,1.470197558403015137e+00,1.425284981727600098e+00,1.154759764671325684e+00,1.398149847984313965e+00,1.685287714004516602e+00,1.564676165580749512e+00,1.558498382568359375e+00,1.896056175231933594e+00,2.078193902969360352e+00,2.195435762405395508e+00,1.321445465087890625e+00,1.574008822441101074e+00,1.468506097793579102e+00,1.118096947669982910e+00,1.320919871330261230e+00,1.588505029678344727e+00,1.413055896759033203e+00,1.244497537612915039e+00,1.601379275321960449e+00,1.768279671669006348e+00,1.598111391067504883e+00,1.732674837112426758e+00,2.060483694076538086e+00,2.128075361251831055e+00,2.290876388549804688e+00,1.033200383186340332e+00,1.195864081382751465e+00,9.630031585693359375e-01,7.018353939056396484e-01,1.033290505409240723e+00,1.179518938064575195e+00,9.611513614654541016e-01,9.919110536575317383e-01,1.349213480949401855e+00,1.411394834518432617e+00,1.334914565086364746e+00,1.587222456932067871e+00,1.821952342987060547e+00,1.872813820838928223e+00,2.157895088195800781e+00
6.475110650062561035e-01,5.002844929695129395e-01,5.270212292671203613e-01,3.739956915378570557e-01,0.000000000000000000e+00,3.759519755840301514e-01,5.470610260963439941e-01,5.132924914360046387e-01,5.801694393157958984e-01,8.429853916168212891e-01,9.874213337898254395e-01,1.068490862846374512e+00,1.226574301719665527e+00,1.475762724876403809e+00,1.731583595275878906e+00,1.082733392715454102e+00,1.186153411865234375e+00,1.315544128417968750e+00,1.015835404396057129e+00,8.477143049240112305e-01,1.186948060989379883e+00,1.241804003715515137e+00,9.462141394615173340e-01,1.059140086174011230e+00,1.405215382575988770e+00,1.360568165779113770e+00,1.279650330543518066e+00,1.579578518867492676e+00,1.834972023963928223e+00,1.939619064331054688e+00,1.484253406524658203e+00,1.711813211441040039e+00,1.696286916732788086e+00,1.321936249732971191e+00,1.382853984832763672e+00,1.693612813949584961e+00,1.572219014167785645e+00,1.299819350242614746e+00,1.590484380722045898e+00,1.826194882392883301e+00,1.636943459510803223e+00,1.657292842864990234e+00,2.017354965209960938e+00,2.137213706970214844e+00,2.233906984329223633e+00,1.429835677146911621e+00,1.635715603828430176e+00,1.445508480072021484e+00,1.127354621887207031e+00,1.387084007263183594e+00,1.580499529838562012e+00,1.336891055107116699e+00,1.235172152519226074e+00,1.617580652236938477e+00,1.705916166305541992e+00,1.519253373146057129e+00,1.722741484642028809e+00,2.024576663970947266e+00,2.032773256301879883e+00,2.226828813552856445e+00,9.752462506294250488e-01,1.013093113899230957e+00,7.030635476112365723e-01,5.317559242248535156e-01,8.649559020996093750e-01,9.027801156044006348e-01,6.654307842254638672e-01,8.173074722290039062e-01,1.131486892700195312e+00,1.134787559509277344e+00,1.124025821685791016e+00,1.412738919258117676e+00,1.586393117904663086e+00,1.637858986854553223e+00,1.962887406349182129e+00
8.955333828926086426e-01,6.073890328407287598e-01,5.061428546905517578e-01,5.524198412895202637e-01,3.759519755840301514e-01,0.000000000000000000e+00,3.716615140438079834e-01,5.419342517852783203e-01,4.822145402431488037e-01,5.993152856826782227e-01,8.573288917541503906e-01,9.917009472846984863e-01,1.042607903480529785e+00,1.274095177650451660e+00,1.582513928413391113e+00,1.236224174499511719e+00,1.229651689529418945e+00,1.393815040588378906e+00,1.157065033912658691e+00,8.786582350730895996e-01,1.150911331176757812e+00,1.268957495689392090e+00,9.701077938079833984e-01,9.414225816726684570e-01,1.311674714088439941e+00,1.313038349151611328e+00,1.147248268127441406e+00,1.403124570846557617e+00,1.710209727287292480e+00,1.784797668457031250e+00,1.744155764579772949e+00,1.938226103782653809e+00,1.955867648124694824e+00,1.584239840507507324e+00,1.570110201835632324e+00,1.876329183578491211e+00,1.774610996246337891e+00,1.454003095626831055e+00,1.688763976097106934e+00,1.943613409996032715e+00,1.733667254447937012e+00,1.677483081817626953e+00,2.046650171279907227e+00,2.178046703338623047e+00,2.208991765975952148e+00,1.784521222114562988e+00,1.986645579338073730e+00,1.800538301467895508e+00,1.470508217811584473e+00,1.694596886634826660e+00,1.884868025779724121e+00,1.617745995521545410e+00,1.474079012870788574e+00,1.850358486175537109e+00,1.924615144729614258e+00,1.679590702056884766e+00,1.858160018920898438e+00,2.179564476013183594e+00,2.146848440170288086e+00,2.291757583618164062e+00,1.344337940216064453e+00,1.360867023468017578e+00,1.018377900123596191e+00,8.961085677146911621e-01,1.200758576393127441e+00,1.170580863952636719e+00,8.664333820343017578e-01,1.038831830024719238e+00,1.351185202598571777e+00,1.260366320610046387e+00,1.195732712745666504e+00,1.533129096031188965e+00,1.686357855796813965e+00,1.648639082908630371e+00,1.980380296707153320e+00
1.052339315414428711e+00,8.643522858619689941e-01,6.247660517692565918e-01,5.429176092147827148e-01,5.470610260963439941e-01,3.716615140438079834e-01,0.000000000000000000e+00,3.739664554595947266e-01,5.258492827415466309e-01,5.014181733131408691e-01,6.323709487915039062e-01,8.845239281654357910e-01,9.871435165405273438e-01,1.115051031112670898e+00,1.441899418830871582e+00,1.152979850769042969e+00,1.066700935363769531e+00,1.157357931137084961e+00,9.343743324279785156e-01,6.315754652023315430e-01,8.365918993949890137e-01,9.291830658912658691e-01,6.301893591880798340e-01,5.730384588241577148e-01,9.405475258827209473e-01,9.583587050437927246e-01,8.220462203025817871e-01,1.068670868873596191e+00,1.370981216430664062e+00,1.492229819297790527e+00,1.607261776924133301e+00,1.733946800231933594e+00,1.759279012680053711e+00,1.400189638137817383e+00,1.319514870643615723e+00,1.603280067443847656e+00,1.521136879920959473e+00,1.173522233963012695e+00,1.362775325775146484e+00,1.630488395690917969e+00,1.433508396148681641e+00,1.336740136146545410e+00,1.700741648674011230e+00,1.859173893928527832e+00,1.884821891784667969e+00,1.748934388160705566e+00,1.925912618637084961e+00,1.780112147331237793e+00,1.419925928115844727e+00,1.567633986473083496e+00,1.778130292892456055e+00,1.530095934867858887e+00,1.310900926589965820e+00,1.661772251129150391e+00,1.771058559417724609e+00,1.502147436141967773e+00,1.618345975875854492e+00,1.964870572090148926e+00,1.956431746482849121e+00,2.056777715682983398e+00,1.470303654670715332e+00,1.522520661354064941e+00,1.224110126495361328e+00,9.956463575363159180e-01,1.256135940551757812e+00,1.284679532051086426e+00,9.483293890953063965e-01,9.889206886291503906e-01,1.343946576118469238e+00,1.281940460205078125e+00,1.112563133239746094e+00,1.422765731811523438e+00,1.638600349426269531e+00,1.577849984169006348e+00,1.858530759811401367e+00
1.100761413574218750e+00,9.833639860153198242e-01,8.508226275444030762e-01,6.196985840797424316e-01,5.132924914360046387e-01,5.419342517852783203e-01,3.739664554595947266e-01,0.000000000000000000e+00,3.824505805969238281e-01,5.405197739601135254e-01,5.147659778594970703e-01,6.603577733039855957e-01,8.893821239471435547e-01,1.056558132171630859e+00,1.302905797958374023e+00,1.267183661460876465e+00,1.258340477943420410e+00,1.270148277282714844e+00,9.636954069137573242e-01,7.821677923202514648e-01,1.003141999244689941e+00,9.565279483795166016e-01,5.918260216712951660e-01,7.187376618385314941e-01,1.011421203613281250e+00,8.903040289878845215e-01,7.965908050537109375e-01,1.132153868675231934e+00,1.347261548042297363e+00,1.443773627281188965e+00,1.549744606018066406e+00,1.662653207778930664e+00,1.608353734016418457e+00,1.238442420959472656e+00,1.226575016975402832e+00,1.468396425247192383e+00,1.308095455169677734e+00,9.828667640686035156e-01,1.247231721878051758e+00,1.449910402297973633e+00,1.209615111351013184e+00,1.196117520332336426e+00,1.567653775215148926e+00,1.665275573730468750e+00,1.732101678848266602e+00,1.560044050216674805e+00,1.676507115364074707e+00,1.494080662727355957e+00,1.149232387542724609e+00,1.296816587448120117e+00,1.458396792411804199e+00,1.181039214134216309e+00,9.847878813743591309e-01,1.346539974212646484e+00,1.419512152671813965e+00,1.155629873275756836e+00,1.316661596298217773e+00,1.643108963966369629e+00,1.627810120582580566e+00,1.770829916000366211e+00,1.306535243988037109e+00,1.303101778030395508e+00,1.036884665489196777e+00,7.793408036231994629e-01,9.581580162048339844e-01,9.809368848800659180e-01,6.392010450363159180e-01,6.226045489311218262e-01,9.779628515243530273e-01,9.427231550216674805e-01,7.716417908668518066e-01,1.065536141395568848e+00,1.293662548065185547e+00,1.282536387443542480e+00,1.562076926231384277e+00
1.226527810096740723e+00,1.007147908210754395e+00,9.548785686492919922e-01,8.417637944221496582e-01,5.801694393157958984e-01,4.822145402431488037e-01,5.258492827415466309e-01,3.824505805969238281e-01,0.000000000000000000e+00,3.770681023597717285e-01,5.407314300537109375e-01,5.352610945701599121e-01,6.488738059997558594e-01,9.323098659515380859e-01,1.170606970787048340e+00,1.552431344985961914e+00,1.548784613609313965e+00,1.614183068275451660e+00,1.322714686393737793e+00,1.100352883338928223e+00,1.319271087646484375e+00,1.313425779342651367e+00,9.490206837654113770e-01,9.797533154487609863e-01,1.281689524650573730e+00,1.153259992599487305e+00,9.479513764381408691e-01,1.272966980934143066e+00,1.508686304092407227e+00,1.511228442192077637e+00,1.893914103507995605e+00,2.033631563186645508e+00,1.969123363494873047e+00,1.595091104507446289e+00,1.606953144073486328e+00,1.842980861663818359e+00,1.658156156539916992e+00,1.342577457427978516e+00,1.606038093566894531e+00,1.780893921852111816e+00,1.500135540962219238e+00,1.478441715240478516e+00,1.852678894996643066e+00,1.903648138046264648e+00,1.920024037361145020e+00,1.826271176338195801e+00,1.935226678848266602e+00,1.698231935501098633e+00,1.392500519752502441e+00,1.588178157806396484e+00,1.695394158363342285e+00,1.371967554092407227e+00,1.248932242393493652e+00,1.611380696296691895e+00,1.607720255851745605e+00,1.326742768287658691e+00,1.542082667350769043e+00,1.834483981132507324e+00,1.742782235145568848e+00,1.896349668502807617e+00,1.429671525955200195e+00,1.340068221092224121e+00,1.014736056327819824e+00,8.905093073844909668e-01,1.062150001525878906e+00,9.452467560768127441e-01,5.813440680503845215e-01,7.471117973327636719e-01,1.006229639053344727e+00,8.386343717575073242e-01,7.468087077140808105e-01,1.107091426849365234e+00,1.229386806488037109e+00,1.167592287063598633e+00,1.507202267646789551e+00
1.455511212348937988e+00,1.204492330551147461e+00,1.051551938056945801e+00,1.000590682029724121e+00,8.429853916168212891e-01,5.993152856826782227e-01,5.014181733131408691e-01,5.405197739601135254e-01,3.770681023597717285e-01,0.000000000000000000e+00,3.766198456287384033e-01,5.392133593559265137e-01,5.034486055374145508e-01,6.757789850234985352e-01,1.005826950073242188e+00,1.652282357215881348e+00,1.555676341056823730e+00,1.616757154464721680e+00,1.387486100196838379e+00,1.105267405509948730e+00,1.228580832481384277e+00,1.256609559059143066e+00,9.226843118667602539e-01,8.136114478111267090e-01,1.094161152839660645e+00,1.013846039772033691e+00,7.224128842353820801e-01,9.863921999931335449e-01,1.267815113067626953e+00,1.251390218734741211e+00,2.048929691314697266e+00,2.144382715225219727e+00,2.115287303924560547e+00,1.755422234535217285e+00,1.688214540481567383e+00,1.909901022911071777e+00,1.760670781135559082e+00,1.409815073013305664e+00,1.595073461532592773e+00,1.787761211395263672e+00,1.508415341377258301e+00,1.395622134208679199e+00,1.762967467308044434e+00,1.837743520736694336e+00,1.785112261772155762e+00,2.096513986587524414e+00,2.209410667419433594e+00,2.004363775253295898e+00,1.675973773002624512e+00,1.819332838058471680e+00,1.945803403854370117e+00,1.634196281433105469e+00,1.447842836380004883e+00,1.781592845916748047e+00,1.794645071029663086e+00,1.469805955886840820e+00,1.617885231971740723e+00,1.932968258857727051e+00,1.825446128845214844e+00,1.902972579002380371e+00,1.763296246528625488e+00,1.706989645957946777e+00,1.380997180938720703e+00,1.229473471641540527e+00,1.409025430679321289e+00,1.312039732933044434e+00,9.426272511482238770e-01,1.036207795143127441e+00,1.304672837257385254e+00,1.110539793968200684e+00,9.210682511329650879e-01,1.273375153541564941e+00,1.408967971801757812e+00,1.249324083328247070e+00,1.547569513320922852e+00
1.596156716346740723e+00,1.422999024391174316e+00,1.247834444046020508e+00,1.091879129409790039e+00,9.874213337898254395e-01,8.573288917541503906e-01,6.323709487915039062e-01,5.147659778594970703e-01,5.407314300537109375e-01,3.766198456287384033e-01,0.000000000000000000e+00,3.736244142055511475e-01,5.324732661247253418e-01,5.617815256118774414e-01,8.353134393692016602e-01,1.687013149261474609e+00,1.583758831024169922e+00,1.555467605590820312e+00,1.311240911483764648e+00,1.094015717506408691e+00,1.159851551055908203e+00,1.082002997398376465e+00,7.466776967048645020e-01,7.117201089859008789e-01,8.918774724006652832e-01,7.084853053092956543e-01,4.379664957523345947e-01,7.794479727745056152e-01,9.765038490295410156e-01,9.775503873825073242e-01,1.954787969589233398e+00,1.989546060562133789e+00,1.923892140388488770e+00,1.585724115371704102e+00,1.504017472267150879e+00,1.666542649269104004e+00,1.490793704986572266e+00,1.145990252494812012e+00,1.315335750579833984e+00,1.462667703628540039e+00,1.160844922065734863e+00,1.051783561706542969e+00,1.416025280952453613e+00,1.465743660926818848e+00,1.422236680984497070e+00,2.006751298904418945e+00,2.066381692886352539e+00,1.878980517387390137e+00,1.553688526153564453e+00,1.628913402557373047e+00,1.733313798904418945e+00,1.431674957275390625e+00,1.205172300338745117e+00,1.498280882835388184e+00,1.510025978088378906e+00,1.163622617721557617e+00,1.271481394767761230e+00,1.591295599937438965e+00,1.491473436355590820e+00,1.543555498123168945e+00,1.800673007965087891e+00,1.747856974601745605e+00,1.474649190902709961e+00,1.258070111274719238e+00,1.362125515937805176e+00,1.306446909904479980e+00,9.461832642555236816e-01,9.047362804412841797e-01,1.168629288673400879e+00,1.015145540237426758e+00,7.205847501754760742e-01,1.019325971603393555e+00,1.215325713157653809e+00,1.054758548736572266e+00,1.290229082107543945e+00
1.708114504814147949e+00,1.531247615814208984e+00,1.441182613372802734e+00,1.270839929580688477e+00,1.068490862846374512e+00,9.917009472846984863e-01,8.845239281654357910e-01,6.603577733039855957e-01,5.352610945701599121e-01,5.392133593559265137e-01,3.736244142055511475e-01,0.000000000000000000e+00,3.762049078941345215e-01,5.684396028518676758e-01,6.860572099685668945e-01,1.922820806503295898e+00,1.877297520637512207e+00,1.851811289787292480e+00,1.564291238784790039e+00,1.384315967559814453e+00,1.499124884605407715e+00,1.389988064765930176e+00,1.036290049552917480e+00,1.073506116867065430e+00,1.239986896514892578e+00,9.946282505989074707e-01,7.589176297187805176e-01,1.095834016799926758e+00,1.218529105186462402e+00,1.129004597663879395e+00,2.134163618087768555e+00,2.187860965728759766e+00,2.067852973937988281e+00,1.725559830665588379e+00,1.713439345359802246e+00,1.852627992630004883e+00,1.614252090454101562e+00,1.313399553298950195e+00,1.538022756576538086e+00,1.618155002593994141e+00,1.274463891983032227e+00,1.249749302864074707e+00,1.598731517791748047e+00,1.561385989189147949e+00,1.527722716331481934e+00,2.052623510360717773e+00,2.067973136901855469e+00,1.825682997703552246e+00,1.548721432685852051e+00,1.653209209442138672e+00,1.681869268417358398e+00,1.337334513664245605e+00,1.194614887237548828e+00,1.482193112373352051e+00,1.403354644775390625e+00,1.059819817543029785e+00,1.253169655799865723e+00,1.513304471969604492e+00,1.343807339668273926e+00,1.450503826141357422e+00,1.786308526992797852e+00,1.652551651000976562e+00,1.389063715934753418e+00,1.237683057785034180e+00,1.268653035163879395e+00,1.126762747764587402e+00,7.946287989616394043e-01,8.012610673904418945e-01,9.556818008422851562e-01,7.167647480964660645e-01,4.535606503486633301e-01,7.877432703971862793e-01,8.966200351715087891e-01,7.192463874816894531e-01,1.016376972198486328e+00
1.870378255844116211e+00,1.623554587364196777e+00,1.528925180435180664e+00,1.446283221244812012e+00,1.226574301719665527e+00,1.042607903480529785e+00,9.871435165405273438e-01,8.893821239471435547e-01,6.488738059997558594e-01,5.034486055374145508e-01,5.324732661247253418e-01,3.762049078941345215e-01,0.000000000000000000e+00,3.929592072963714600e-01,5.854811668395996094e-01,2.117091655731201172e+00,2.035397768020629883e+00,2.055630445480346680e+00,1.803404211997985840e+00,1.562715172767639160e+00,1.656793713569641113e+00,1.612016320228576660e+00,1.272211313247680664e+00,1.201664209365844727e+00,1.383478522300720215e+00,1.201918125152587891e+00,8.792136311531066895e-01,1.134224057197570801e+00,1.309365391731262207e+00,1.146628379821777344e+00,2.424938678741455078e+00,2.491441011428833008e+00,2.402831554412841797e+00,2.054003715515136719e+00,2.014465093612670898e+00,2.173004627227783203e+00,1.960824370384216309e+00,1.639659404754638672e+00,1.828467488288879395e+00,1.931894659996032715e+00,1.594003200531005859e+00,1.508207082748413086e+00,1.849226117134094238e+00,1.821511387825012207e+00,1.717106699943542480e+00,2.376875400543212891e+00,2.419096469879150391e+00,2.170344591140747070e+00,1.889221310615539551e+00,2.014592885971069336e+00,2.053202152252197266e+00,1.704618453979492188e+00,1.567219018936157227e+00,1.856512546539306641e+00,1.771574497222900391e+00,1.423732280731201172e+00,1.599864244461059570e+00,1.852850794792175293e+00,1.648490667343139648e+00,1.712624907493591309e+00,2.039717912673950195e+00,1.896342396736145020e+00,1.590618610382080078e+00,1.491880178451538086e+00,1.569291949272155762e+00,1.383340954780578613e+00,1.048712372779846191e+00,1.142128109931945801e+00,1.281462907791137695e+00,9.846964478492736816e-01,7.987402081489562988e-01,1.125115752220153809e+00,1.154308676719665527e+00,8.906093239784240723e-01,1.189016103744506836e+00
2.104550838470458984e+00,1.876099944114685059e+00,1.713612079620361328e+00,1.620840668678283691e+00,1.475762724876403809e+00,1.274095177650451660e+00,1.115051031112670898e+00,1.056558132171630859e+00,9.323098659515380859e-01,6.757789850234985352e-01,5.617815256118774414e-01,5.684396028518676758e-01,3.929592072963714600e-01,0.000000000000000000e+00,3.980057835578918457e-01,2.222944259643554688e+00,2.081740617752075195e+00,2.059580087661743164e+00,1.851180195808410645e+00,1.611096978187561035e+00,1.614456415176391602e+00,1.549499392509460449e+00,1.262310266494750977e+00,1.136049270629882812e+00,1.220686197280883789e+00,1.044592142105102539e+00,6.992851495742797852e-01,8.634326457977294922e-01,9.980670213699340820e-01,7.811487317085266113e-01,2.508466005325317383e+00,2.517622470855712891e+00,2.441900730133056641e+00,2.120412588119506836e+00,2.021774053573608398e+00,2.139127731323242188e+00,1.950777649879455566e+00,1.623575925827026367e+00,1.735009789466857910e+00,1.822959661483764648e+00,1.494221687316894531e+00,1.338101387023925781e+00,1.644317746162414551e+00,1.619064927101135254e+00,1.445885658264160156e+00,2.546240091323852539e+00,2.573960065841674805e+00,2.362130641937255859e+00,2.065139293670654297e+00,2.127353906631469727e+00,2.176632881164550781e+00,1.853814721107482910e+00,1.657933473587036133e+00,1.899240851402282715e+00,1.835881233215332031e+00,1.464362263679504395e+00,1.554200291633605957e+00,1.815690279006958008e+00,1.612597584724426270e+00,1.585104942321777344e+00,2.306731462478637695e+00,2.199153661727905273e+00,1.909818768501281738e+00,1.755213022232055664e+00,1.825404405593872070e+00,1.688668727874755859e+00,1.346590399742126465e+00,1.351596474647521973e+00,1.512131094932556152e+00,1.255474925041198730e+00,9.795822501182556152e-01,1.238610029220581055e+00,1.317714452743530273e+00,1.003962874412536621e+00,1.187693595886230469e+00
2.373110294342041016e+00,2.166141510009765625e+00,2.039210557937622070e+00,1.907209992408752441e+00,1.731583595275878906e+00,1.582513928413391113e+00,1.441899418830871582e+00,1.302905797958374023e+00,1.170606970787048340e+00,1.005826950073242188e+00,8.353134393692016602e-01,6.860572099685668945e-01,5.854811668395996094e-01,3.980057835578918457e-01,0.000000000000000000e+00,2.520446538925170898e+00,2.406832933425903320e+00,2.351665496826171875e+00,2.116826772689819336e+00,1.920160770416259766e+00,1.928849577903747559e+00,1.806523323059082031e+00,1.518585562705993652e+00,1.458402395248413086e+00,1.494506478309631348e+00,1.247327089309692383e+00,9.665585756301879883e-01,1.135401487350463867e+00,1.142963290214538574e+00,8.444806337356567383e-01,2.721373319625854492e+00,2.710703611373901367e+00,2.585811614990234375e+00,2.280929565429687500e+00,2.214191198348999023e+00,2.281716346740722656e+00,2.047230482101440430e+00,1.763028383255004883e+00,1.885186314582824707e+00,1.895202517509460449e+00,1.539318680763244629e+00,1.437562227249145508e+00,1.702504634857177734e+00,1.583364605903625488e+00,1.395554304122924805e+00,2.683724164962768555e+00,2.655383110046386719e+00,2.422469139099121094e+00,2.167695999145507812e+00,2.208996295928955078e+00,2.192048788070678711e+00,1.861656308174133301e+00,1.707889556884765625e+00,1.898689985275268555e+00,1.765203833580017090e+00,1.401926398277282715e+00,1.502657651901245117e+00,1.694441437721252441e+00,1.422801733016967773e+00,1.382414698600769043e+00,2.466753721237182617e+00,2.312323808670043945e+00,2.055816411972045898e+00,1.921071648597717285e+00,1.917904615402221680e+00,1.749081492424011230e+00,1.453596115112304688e+00,1.433374285697937012e+00,1.499672651290893555e+00,1.222301483154296875e+00,9.639057517051696777e-01,1.135925650596618652e+00,1.141769886016845703e+00,7.698246240615844727e-01,8.793030977249145508e-01
7.787739038467407227e-01,1.003666877746582031e+00,8.229538202285766602e-01,7.251185178756713867e-01,1.082733392715454102e+00,1.236224174499511719e+00,1.152979850769042969e+00,1.267183661460876465e+00,1.552431344985961914e+00,1.652282357215881348e+00,1.687013149261474609e+00,1.922820806503295898e+00,2.117091655731201172e+00,2.222944259643554688e+00,2.520446538925170898e+00,0.000000000000000000e+00,3.967853784561157227e-01,5.752480626106262207e-01,5.515438914299011230e-01,6.484801769256591797e-01,8.946407437324523926e-01,1.050248503684997559e+00,1.098564505577087402e+00,1.227117061614990234e+00,1.452811837196350098e+00,1.590299248695373535e+00,1.710905194282531738e+00,1.871862649917602539e+00,2.103801250457763672e+00,2.378442764282226562e+00,7.769671678543090820e-01,1.037915349006652832e+00,1.253873229026794434e+00,1.031930446624755859e+00,9.751440286636352539e-01,1.343949913978576660e+00,1.470769286155700684e+00,1.304659485816955566e+00,1.433538317680358887e+00,1.768325567245483398e+00,1.802519083023071289e+00,1.791216492652893066e+00,2.042928695678710938e+00,2.311928510665893555e+00,2.483035087585449219e+00,1.248987317085266113e+00,1.583788752555847168e+00,1.645678877830505371e+00,1.332873225212097168e+00,1.436854124069213867e+00,1.792891860008239746e+00,1.764597058296203613e+00,1.567451119422912598e+00,1.833072662353515625e+00,2.107970952987670898e+00,2.014586687088012695e+00,2.055827379226684570e+00,2.380027055740356445e+00,2.548336505889892578e+00,2.684821367263793945e+00,1.269651532173156738e+00,1.591556429862976074e+00,1.491235375404357910e+00,1.217993736267089844e+00,1.497482776641845703e+00,1.757802248001098633e+00,1.615183711051940918e+00,1.554374575614929199e+00,1.902522206306457520e+00,2.051213502883911133e+00,1.951216578483581543e+00,2.132292747497558594e+00,2.419710636138916016e+00,2.502440214157104492e+00,2.736596584320068359e+00
1.048158288002014160e+00,1.151286482810974121e+00,8.554483056068420410e-01,8.165426254272460938e-01,1.186153411865234375e+00,1.229651689529418945e+00,1.066700935363769531e+00,1.258340477943420410e+00,1.548784613609313965e+00,1.555676341056823730e+00,1.583758831024169922e+00,1.877297520637512207e+00,2.035397768020629883e+00,2.081740617752075195e+00,2.406832933425903320e+00,3.967853784561157227e-01,0.000000000000000000e+00,3.752164542675018311e-01,5.400327444076538086e-01,4.992008507251739502e-01,6.043496131896972656e-01,8.613615036010742188e-01,9.787751436233520508e-01,1.002922534942626953e+00,1.199597597122192383e+00,1.414966821670532227e+00,1.528950452804565430e+00,1.620867371559143066e+00,1.873123168945312500e+00,2.166787147521972656e+00,1.015971183776855469e+00,1.154152631759643555e+00,1.400568127632141113e+00,1.186550974845886230e+00,1.004540085792541504e+00,1.352125763893127441e+00,1.514039754867553711e+00,1.293333768844604492e+00,1.335551381111145020e+00,1.704003214836120605e+00,1.743027448654174805e+00,1.651432871818542480e+00,1.892965793609619141e+00,2.198012351989746094e+00,2.322179794311523438e+00,1.569843530654907227e+00,1.865067481994628906e+00,1.920171856880187988e+00,1.576278328895568848e+00,1.633387565612792969e+00,1.985566020011901855e+00,1.930223822593688965e+00,1.673837184906005859e+00,1.930981040000915527e+00,2.208229303359985352e+00,2.062509775161743164e+00,2.058828353881835938e+00,2.408918380737304688e+00,2.561774730682373047e+00,2.642986774444580078e+00,1.599898815155029297e+00,1.881615996360778809e+00,1.728723168373107910e+00,1.437584519386291504e+00,1.720205903053283691e+00,1.946031093597412109e+00,1.736770749092102051e+00,1.663741827011108398e+00,2.037503719329833984e+00,2.140900373458862305e+00,1.980560302734375000e+00,2.180791616439819336e+00,2.480793952941894531e+00,2.505440711975097656e+00,2.721814393997192383e+00
1.260823249816894531e+00,1.399352908134460449e+00,1.112670898437500000e+00,9.568334817886352539e-01,1.315544128417968750e+00,1.393815040588378906e+00,1.157357931137084961e+00,1.270148277282714844e+00,1.614183068275451660e+00,1.616757154464721680e+00,1.555467605590820312e+00,1.851811289787292480e+00,2.055630445480346680e+00,2.059580087661743164e+00,2.351665496826171875e+00,5.752480626106262207e-01,3.752164542675018311e-01,0.000000000000000000e+00,3.778879046440124512e-01,5.273510217666625977e-01,5.011583566665649414e-01,6.215813159942626953e-01,8.476572632789611816e-01,9.487109780311584473e-01,1.041850566864013672e+00,1.236001729965209961e+00,1.434360265731811523e+00,1.518891453742980957e+00,1.703258275985717773e+00,2.032351016998291016e+00,8.483114242553710938e-01,8.688735961914062500e-01,1.120134949684143066e+00,9.516178965568542480e-01,6.936859488487243652e-01,1.009441733360290527e+00,1.215775728225708008e+00,1.028707861900329590e+00,1.012932658195495605e+00,1.380484580993652344e+00,1.472797513008117676e+00,1.392702698707580566e+00,1.591807246208190918e+00,1.912634849548339844e+00,2.068872213363647461e+00,1.472621560096740723e+00,1.715247631072998047e+00,1.809757351875305176e+00,1.469659566879272461e+00,1.442618250846862793e+00,1.798207998275756836e+00,1.781946063041687012e+00,1.491325974464416504e+00,1.693366527557373047e+00,2.001325845718383789e+00,1.874257802963256836e+00,1.816868185997009277e+00,2.159911870956420898e+00,2.349519729614257812e+00,2.409983634948730469e+00,1.662505626678466797e+00,1.937558531761169434e+00,1.823172211647033691e+00,1.484502315521240234e+00,1.702514171600341797e+00,1.959928274154663086e+00,1.757055044174194336e+00,1.605420947074890137e+00,1.970569252967834473e+00,2.108554124832153320e+00,1.911854743957519531e+00,2.058647632598876953e+00,2.390039920806884766e+00,2.427008867263793945e+00,2.596067667007446289e+00
1.038420557975769043e+00,1.186970710754394531e+00,9.470880627632141113e-01,6.866438984870910645e-01,1.015835404396057129e+00,1.157065033912658691e+00,9.343743324279785156e-01,9.636954069137573242e-01,1.322714686393737793e+00,1.387486100196838379e+00,1.311240911483764648e+00,1.564291238784790039e+00,1.803404211997985840e+00,1.851180195808410645e+00,2.116826772689819336e+00,5.515438914299011230e-01,5.400327444076538086e-01,3.778879046440124512e-01,0.000000000000000000e+00,3.715918064117431641e-01,5.496137738227844238e-01,5.407336354255676270e-01,6.167466640472412109e-01,8.389137387275695801e-01,9.946184754371643066e-01,1.082997560501098633e+00,1.267863750457763672e+00,1.441039919853210449e+00,1.615030527114868164e+00,1.906035661697387695e+00,7.462185621261596680e-01,8.311973810195922852e-01,9.661377072334289551e-01,6.929851174354553223e-01,5.262663960456848145e-01,8.913073539733886719e-01,9.910039305686950684e-01,7.752860784530639648e-01,8.937374949455261230e-01,1.232774972915649414e+00,1.259430050849914551e+00,1.243875741958618164e+00,1.495653867721557617e+00,1.760655641555786133e+00,1.938499689102172852e+00,1.202144861221313477e+00,1.426944255828857422e+00,1.473374843597412109e+00,1.117687702178955078e+00,1.125045895576477051e+00,1.469668745994567871e+00,1.423471689224243164e+00,1.148789286613464355e+00,1.391415834426879883e+00,1.677233099937438965e+00,1.553470253944396973e+00,1.545712709426879883e+00,1.884778857231140137e+00,2.059034347534179688e+00,2.162925243377685547e+00,1.346136093139648438e+00,1.591388583183288574e+00,1.481274843215942383e+00,1.127426266670227051e+00,1.328660726547241211e+00,1.588536262512207031e+00,1.398104786872863770e+00,1.236846685409545898e+00,1.598442912101745605e+00,1.750681042671203613e+00,1.576435446739196777e+00,1.719590067863464355e+00,2.044087171554565430e+00,2.109141349792480469e+00,2.294207572937011719e+00
9.900835156440734863e-01,1.012206077575683594e+00,6.990381479263305664e-01,5.254554748535156250e-01,8.477143049240112305e-01,8.786582350730895996e-01,6.315754652023315430e-01,7.821677923202514648e-01,1.100352883338928223e+00,1.105267405509948730e+00,1.094015717506408691e+00,1.384315967559814453e+00,1.562715172767639160e+00,1.611096978187561035e+00,1.920160770416259766e+00,6.484801769256591797e-01,4.992008507251739502e-01,5.273510217666625977e-01,3.715918064117431641e-01,0.000000000000000000e+00,3.771761357784271240e-01,5.461001396179199219e-01,5.100142359733581543e-01,5.803296566009521484e-01,8.430593013763427734e-01,9.837692379951477051e-01,1.069950461387634277e+00,1.228746652603149414e+00,1.478205204010009766e+00,1.737572908401489258e+00,1.098462224006652832e+00,1.199640631675720215e+00,1.324179410934448242e+00,1.021931171417236328e+00,8.539611697196960449e-01,1.189164161682128906e+00,1.243566274642944336e+00,9.453161954879760742e-01,1.054528236389160156e+00,1.402165651321411133e+00,1.354045271873474121e+00,1.264022707939147949e+00,1.562294721603393555e+00,1.820924043655395508e+00,1.927033305168151855e+00,1.480314016342163086e+00,1.708241701126098633e+00,1.688995122909545898e+00,1.315869808197021484e+00,1.380281090736389160e+00,1.689904570579528809e+00,1.566585183143615723e+00,1.291007876396179199e+00,1.581891775131225586e+00,1.815227985382080078e+00,1.623424410820007324e+00,1.643649339675903320e+00,2.003464937210083008e+00,2.114170074462890625e+00,2.198255062103271484e+00,1.445547580718994141e+00,1.643771290779113770e+00,1.450748324394226074e+00,1.131240129470825195e+00,1.388691663742065430e+00,1.573606252670288086e+00,1.318712830543518066e+00,1.228600144386291504e+00,1.610856771469116211e+00,1.683578372001647949e+00,1.495888233184814453e+00,1.708581089973449707e+00,2.004932403564453125e+00,2.010866403579711914e+00,2.228047609329223633e+00
1.360844850540161133e+00,1.364084601402282715e+00,1.021143198013305664e+00,8.945788741111755371e-01,1.186948060989379883e+00,1.150911331176757812e+00,8.365918993949890137e-01,1.003141999244689941e+00,1.319271087646484375e+00,1.228580832481384277e+00,1.159851551055908203e+00,1.499124884605407715e+00,1.656793713569641113e+00,1.614456415176391602e+00,1.928849577903747559e+00,8.946407437324523926e-01,6.043496131896972656e-01,5.011583566665649414e-01,5.496137738227844238e-01,3.771761357784271240e-01,0.000000000000000000e+00,3.708774447441101074e-01,5.406826734542846680e-01,4.788796007633209229e-01,5.971523523330688477e-01,8.521263003349304199e-01,9.886776804924011230e-01,1.039580821990966797e+00,1.273263335227966309e+00,1.582967281341552734e+00,1.257316350936889648e+00,1.248329520225524902e+00,1.405136108398437500e+00,1.164940118789672852e+00,8.874337077140808105e-01,1.153645157814025879e+00,1.267760396003723145e+00,9.654170870780944824e-01,9.317988157272338867e-01,1.300803303718566895e+00,1.296772003173828125e+00,1.121110439300537109e+00,1.373910188674926758e+00,1.682806849479675293e+00,1.755935668945312500e+00,1.742065310478210449e+00,1.936276078224182129e+00,1.949907779693603516e+00,1.579005241394042969e+00,1.567594289779663086e+00,1.872731328010559082e+00,1.767717003822326660e+00,1.444433689117431641e+00,1.679041862487792969e+00,1.929667592048645020e+00,1.716293334960937500e+00,1.659838438034057617e+00,2.028870582580566406e+00,2.149270296096801758e+00,2.166853904724121094e+00,1.802276134490966797e+00,1.995163440704345703e+00,1.805059909820556641e+00,1.474467515945434570e+00,1.696274161338806152e+00,1.875484585762023926e+00,1.597446203231811523e+00,1.465188145637512207e+00,1.841809749603271484e+00,1.899302959442138672e+00,1.651665687561035156e+00,1.841130733489990234e+00,2.157309055328369141e+00,2.120604991912841797e+00,2.289656639099121094e+00
