,A1,A2,A3,A4,A5,A6,A7,A8,A9,A10,A11,A12,A13,A14,A15,B1,B2,B3,B4,B5,B6,B7,B8,B9,B10,B11,B12,B13,B14,B15,C1,C2,C3,C4,C5,C6,C7,C8,C9,C10,C11,C12,C13,C14,C15,D1,D2,D3,D4,D5,D6,D7,D8,D9,D10,D11,D12,D13,D14,D15,E1,E2,E3,E4,E5,E6,E7,E8,E9,E10,E11,E12,E13,E14,E15
A1,0.0,0.38364338874816895,0.5321285724639893,0.8331669569015503,1.0331429243087769,1.3117399215698242,1.5538134574890137,1.8187921047210693,2.0108423233032227,1.9178472757339478,2.123838186264038,2.418213367462158,2.7137889862060547,2.93674373626709,3.2738187313079834,2.949903964996338,2.6438560485839844,2.650297164916992,2.566690683364868,2.1837587356567383,2.2572782039642334,2.1137075424194336,1.7727770805358887,2.0564956665039062,2.1940977573394775,1.9069936275482178,2.171938180923462,2.0172479152679443,2.3392133712768555,2.3937296867370605,2.2191948890686035,1.9739742279052734,2.077528238296509,2.211991310119629,1.9168237447738647,2.16970157623291,2.3225557804107666,2.1839001178741455,2.556645631790161,2.524489402770996,2.4140052795410156,2.7946481704711914,2.8657915592193604,3.1931889057159424,3.4606728553771973,2.3099637031555176,2.067186117172241,1.839131236076355,1.8255807161331177,1.584899663925171,1.5159199237823486,1.7080836296081543,1.5335919857025146,1.7488725185394287,1.5474834442138672,1.3390235900878906,1.568173885345459,1.562028408050537,1.7687586545944214,2.083582639694214,1.5883270502090454,1.458146333694458,1.092793583869934,0.9120083451271057,0.9609864950180054,0.7087297439575195,1.0009043216705322,1.1777538061141968,1.124904751777649,0.8240004181861877,1.099275827407837,1.2089242935180664,1.564609169960022,1.6830590963363647,2.0238852500915527
A2,0.38364338874816895,0.0,0.38180017471313477,0.6084221601486206,0.7243062853813171,1.0380504131317139,1.2300806045532227,1.480033278465271,1.6959919929504395,1.647730827331543,1.8399085998535156,2.1561172008514404,2.441638469696045,2.692833662033081,3.009331703186035,2.6336510181427,2.3467586040496826,2.337348222732544,2.2830402851104736,1.899646520614624,1.994093418121338,1.903566598892212,1.5792009830474854,1.8943942785263062,1.984537124633789,1.705491304397583,2.003803253173828,1.888630747795105,2.215479612350464,2.3320693969726562,1.93450927734375,1.6726096868515015,1.7352498769760132,1.856498122215271,1.5602046251296997,1.798181176185608,1.9660298824310303,1.837016224861145,2.2019968032836914,2.1523780822753906,2.0547163486480713,2.433047294616699,2.522737741470337,2.843811273574829,3.1224265098571777,2.1582155227661133,1.8730332851409912,1.6736615896224976,1.617851734161377,1.3286895751953125,1.261534571647644,1.400600552558899,1.1872810125350952,1.433311104774475,1.284866213798523,1.060568928718567,1.348552942276001,1.362320065498352,1.628785490989685,1.9261351823806763,1.5351632833480835,1.3477747440338135,1.0181007385253906,0.8778588175773621,0.7803621292114258,0.5927067399024963,0.9277151823043823,1.026448369026184,1.09444260597229,0.8014467358589172,0.9751449823379517,1.1834415197372437,1.4955796003341675,1.6635667085647583,2.0204427242279053
A3,0.5321285724639893,0.38180017471313477,0.0,0.3823106586933136,0.5436161756515503,0.8047956228256226,1.090611457824707,1.3375146389007568,1.5261670351028442,1.4044969081878662,1.5979504585266113,1.892249345779419,2.1836931705474854,2.4066925048828125,2.7448055744171143,2.606121778488159,2.2988414764404297,2.248525381088257,2.136864185333252,1.7583258152008057,1.787682056427002,1.6634832620620728,1.3099257946014404,1.5864524841308594,1.6872669458389282,1.3874729871749878,1.660391926765442,1.526624321937561,1.8570696115493774,1.9583334922790527,2.175086736679077,1.870981216430664,1.905815601348877,1.9539813995361328,1.6153441667556763,1.8158410787582397,1.9128389358520508,1.724395990371704,2.0992634296417236,2.0996270179748535,1.956902027130127,2.341697931289673,2.394730567932129,2.7381231784820557,2.9816830158233643,2.017270565032959,1.7364588975906372,1.5906801223754883,1.6161850690841675,1.315790057182312,1.3567500114440918,1.5264567136764526,1.3407896757125854,1.6487252712249756,1.5345022678375244,1.3562284708023071,1.6801038980484009,1.720044732093811,2.0005905628204346,2.2934699058532715,1.1540889739990234,0.9870522618293762,0.6426565051078796,0.5735588669776917,0.5574873685836792,0.5292470455169678,0.9151918292045593,1.1150918006896973,1.2208439111709595,1.0093681812286377,1.2305846214294434,1.4768682718276978,1.7999978065490723,1.997887372970581,2.337207794189453
A4,0.8331669569015503,0.6084221601486206,0.3823106586933136,0.0,0.3836181163787842,0.5044923424720764,0.7727981805801392,1.0790857076644897,1.2042820453643799,1.0979912281036377,1.347668170928955,1.6157333850860596,1.934458613395691,2.154522180557251,2.477038621902466,2.5916779041290283,2.3132636547088623,2.2065041065216064,2.104954481124878,1.7400814294815063,1.7359981536865234,1.672554612159729,1.3245290517807007,1.574853777885437,1.595443606376648,1.2622249126434326,1.5131930112838745,1.3620587587356567,1.6602835655212402,1.808129906654358,2.2411043643951416,1.9386905431747437,1.8968098163604736,1.9149919748306274,1.5771247148513794,1.702252984046936,1.7931839227676392,1.561547875404358,1.9122556447982788,1.8883024454116821,1.6986409425735474,2.0709259510040283,2.0882728099823,2.424877643585205,2.6700632572174072,2.1722805500030518,1.857940435409546,1.7772516012191772,1.7900278568267822,1.4449845552444458,1.5149197578430176,1.6072258949279785,1.362843632698059,1.6986088752746582,1.6619691848754883,1.4488765001296997,1.7932237386703491,1.7959954738616943,2.110644578933716,2.3553555011749268,1.1053318977355957,0.979597806930542,0.695402979850769,0.8153369426727295,0.7429859042167664,0.8505833745002747,1.2286701202392578,1.3803788423538208,1.5475159883499146,1.333554744720459,1.4916446208953857,1.760486364364624,2.052189826965332,2.248305082321167,2.604144811630249
A5,1.0331429243087769,0.7243062853813171,0.5436161756515503,0.3836181163787842,0.0,0.3720329701900482,0.5942134857177734,0.7966720461845398,1.0228638648986816,0.9540934562683105,1.1163504123687744,1.444085717201233,1.7191413640975952,1.981924295425415,2.290269136428833,2.2089974880218506,1.9334701299667358,1.8248486518859863,1.7373251914978027,1.3708604574203491,1.3959351778030396,1.3710546493530273,1.0568182468414307,1.3535346984863281,1.3498919010162354,1.0637049674987793,1.3795841932296753,1.3237942457199097,1.6444518566131592,1.8493647575378418,1.995954155921936,1.6655645370483398,1.607407808303833,1.5790878534317017,1.2259687185287476,1.350140929222107,1.4223334789276123,1.2047697305679321,1.5696494579315186,1.5674307346343994,1.4142937660217285,1.8002684116363525,1.8645119667053223,2.210157632827759,2.454773187637329,1.87862229347229,1.540936827659607,1.4896094799041748,1.4836483001708984,1.1200454235076904,1.2300360202789307,1.3003886938095093,1.082088828086853,1.4496599435806274,1.4548121690750122,1.302725076675415,1.6784112453460693,1.7470088005065918,2.0811610221862793,2.330573558807373,1.1386339664459229,0.8992723822593689,0.7255061864852905,0.8039423823356628,0.5707709193229675,0.7742931842803955,1.0953809022903442,1.188598871231079,1.4372618198394775,1.2856714725494385,1.3807661533355713,1.7086503505706787,1.9619247913360596,2.207404613494873,2.5451972484588623
A6,1.3117399215698242,1.0380504131317139,0.8047956228256226,0.5044923424720764,0.3720329701900482,0.0,0.37828513979911804,0.630070686340332,0.7357694506645203,0.6109392046928406,0.8474189639091492,1.1266779899597168,1.4381822347640991,1.6767741441726685,1.985883355140686,2.3052337169647217,2.0509369373321533,1.8756077289581299,1.7628966569900513,1.4326180219650269,1.377034306526184,1.386108160018921,1.0816799402236938,1.2985066175460815,1.2202348709106445,0.8942582607269287,1.1530057191848755,1.072355031967163,1.3531571626663208,1.5936005115509033,2.269235372543335,1.9406731128692627,1.8255349397659302,1.7475913763046265,1.4009751081466675,1.429028868675232,1.4456630945205688,1.1539387702941895,1.4820916652679443,1.491166114807129,1.2587926387786865,1.6267178058624268,1.6245311498641968,1.9771549701690674,2.1969966888427734,2.0429320335388184,1.7039837837219238,1.7256766557693481,1.7537075281143188,1.38864004611969,1.546454668045044,1.5814049243927002,1.3527072668075562,1.7280083894729614,1.7815228700637817,1.6207518577575684,1.9963304996490479,2.0381908416748047,2.3836541175842285,2.6011297702789307,1.0178844928741455,0.8567904829978943,0.7735394835472107,1.0018140077590942,0.8445751667022705,1.1095291376113892,1.427841067314148,1.5405302047729492,1.79690420627594,1.6528387069702148,1.7515311241149902,2.0783016681671143,2.328096389770508,2.5685551166534424,2.911323070526123
A7,1.5538134574890137,1.2300806045532227,1.090611457824707,0.7727981805801392,0.5942134857177734,0.37828513979911804,0.0,0.38459816575050354,0.47051844000816345,0.5577988028526306,0.7833909392356873,1.063383936882019,1.3572916984558105,1.6347676515579224,1.8860116004943848,2.190333366394043,1.9883527755737305,1.7875957489013672,1.7397109270095825,1.4387131929397583,1.4172749519348145,1.5236430168151855,1.2858082056045532,1.5090336799621582,1.3553911447525024,1.0829384326934814,1.3364650011062622,1.3081375360488892,1.538237452507019,1.8318161964416504,2.148134469985962,1.8432146310806274,1.6598142385482788,1.56770658493042,1.2612617015838623,1.210132360458374,1.2589821815490723,0.9779289960861206,1.2550722360610962,1.1965751647949219,0.9520626068115234,1.3087676763534546,1.3201801776885986,1.6543549299240112,1.9097590446472168,2.193845748901367,1.8322198390960693,1.8761470317840576,1.8441689014434814,1.4656733274459839,1.595801591873169,1.5388661623001099,1.2703036069869995,1.6286365985870361,1.7545437812805176,1.5837936401367188,1.9511679410934448,1.977526068687439,2.338406562805176,2.509556293487549,1.3619376420974731,1.1936671733856201,1.1467539072036743,1.344247817993164,1.1227922439575195,1.3627773523330688,1.6571071147918701,1.6925654411315918,1.9833767414093018,1.8316524028778076,1.8584210872650146,2.1932294368743896,2.3963820934295654,2.635199785232544,2.9816477298736572
A8,1.8187921047210693,1.480033278465271,1.3375146389007568,1.0790857076644897,0.7966720461845398,0.630070686340332,0.38459816575050354,0.0,0.38732579350471497,0.5498914122581482,0.5650948286056519,0.9021427035331726,1.1138224601745605,1.4395956993103027,1.6618633270263672,1.862775206565857,1.6820427179336548,1.4452584981918335,1.409395694732666,1.1482107639312744,1.1269580125808716,1.3097188472747803,1.156246542930603,1.3700817823410034,1.1616421937942505,0.9809988141059875,1.2558890581130981,1.33467698097229,1.556607961654663,1.8918427228927612,2.0842535495758057,1.7634295225143433,1.5516023635864258,1.3753770589828491,1.077812910079956,0.9541527032852173,0.922408938407898,0.608584463596344,0.8786929845809937,0.8709003329277039,0.6363212466239929,1.0168496370315552,1.080909252166748,1.4336538314819336,1.670648455619812,2.0081303119659424,1.6430368423461914,1.7482272386550903,1.7141878604888916,1.3540059328079224,1.5340238809585571,1.4453508853912354,1.2371340990066528,1.595497727394104,1.767466425895691,1.6691162586212158,2.040268659591675,2.1218669414520264,2.4848644733428955,2.655778169631958,1.4701942205429077,1.2493948936462402,1.301565408706665,1.4767746925354004,1.2101728916168213,1.4906890392303467,1.7181339263916016,1.7160264253616333,2.0508298873901367,1.9591472148895264,1.9476796388626099,2.311734199523926,2.4810657501220703,2.7546026706695557,3.0763731002807617
A9,2.0108423233032227,1.6959919929504395,1.5261670351028442,1.2042820453643799,1.0228638648986816,0.7357694506645203,0.47051844000816345,0.38732579350471497,0.0,0.3691236674785614,0.5205082297325134,0.7009670734405518,0.9752620458602905,1.2547848224639893,1.4579099416732788,2.1690990924835205,2.0138514041900635,1.7397143840789795,1.6852442026138306,1.4667091369628906,1.3765044212341309,1.556290864944458,1.3965814113616943,1.5327064990997314,1.2799180746078491,1.0696295499801636,1.240074872970581,1.2718178033828735,1.4139137268066406,1.7676016092300415,2.4194605350494385,2.1177561283111572,1.881325364112854,1.7109757661819458,1.4421205520629883,1.270719289779663,1.2216705083847046,0.8898804783821106,1.049241542816162,1.0202099084854126,0.6777360439300537,0.9733937978744507,0.9006860256195068,1.2509559392929077,1.4678051471710205,2.3300695419311523,1.9763768911361694,2.1023993492126465,2.0926547050476074,1.733277440071106,1.9137431383132935,1.8225394487380981,1.589024543762207,1.9362703561782837,2.1141951084136963,1.977634072303772,2.3403122425079346,2.376347064971924,2.741763114929199,2.8845460414886475,1.507420301437378,1.378495216369629,1.4423974752426147,1.6906718015670776,1.4832626581192017,1.7720825672149658,2.036513090133667,2.0675768852233887,2.384782552719116,2.2671308517456055,2.279419183731079,2.6295292377471924,2.8131396770477295,3.0667433738708496,3.4034464359283447
A10,1.9178472757339478,1.647730827331543,1.4044969081878662,1.0979912281036377,0.9540934562683105,0.6109392046928406,0.5577988028526306,0.5498914122581482,0.3691236674785614,0.0,0.3820420503616333,0.5402315855026245,0.8833180665969849,1.1080291271209717,1.393846035003662,2.2884936332702637,2.0860183238983154,1.8145885467529297,1.6813243627548218,1.4501490592956543,1.2904229164123535,1.3945149183273315,1.1947991847991943,1.2764430046081543,1.0441941022872925,0.7783800959587097,0.9068861603736877,0.9043832421302795,1.0602749586105347,1.405484914779663,2.609840154647827,2.280904531478882,2.0919318199157715,1.9198956489562988,1.6076005697250366,1.4927054643630981,1.396636962890625,1.0315628051757812,1.2438056468963623,1.3013081550598145,0.9733054041862488,1.2696444988250732,1.1661466360092163,1.5283349752426147,1.6815733909606934,2.214838743209839,1.8837363719940186,2.0200366973876953,2.075605630874634,1.7283098697662354,1.950472354888916,1.9304749965667725,1.7278369665145874,2.100684404373169,2.229193925857544,2.101491689682007,2.47857928276062,2.5271589756011963,2.8866353034973145,3.0660862922668457,1.167054533958435,1.0820989608764648,1.1872398853302002,1.4841946363449097,1.3419468402862549,1.6644363403320312,1.9365293979644775,2.0326340198516846,2.3284354209899902,2.2259395122528076,2.295687198638916,2.6444125175476074,2.8663437366485596,3.1254470348358154,3.4596920013427734
A11,2.123838186264038,1.8399085998535156,1.5979504585266113,1.347668170928955,1.1163504123687744,0.8474189639091492,0.7833909392356873,0.5650948286056519,0.5205082297325134,0.3820420503616333,0.0,0.39094799757003784,0.6055701971054077,0.9027698636054993,1.1808412075042725,2.0044946670532227,1.8124802112579346,1.5108736753463745,1.3569344282150269,1.1800724267959595,0.9825573563575745,1.145862340927124,1.0399161577224731,1.0895919799804688,0.7905378341674805,0.6531786322593689,0.8035377264022827,0.9559776186943054,1.1107221841812134,1.482772707939148,2.5787878036499023,2.236107110977173,2.043715476989746,1.8099397420883179,1.508873462677002,1.36160147190094,1.1759394407272339,0.7991161346435547,0.9794977307319641,1.1302281618118286,0.8376026749610901,1.1182814836502075,1.0580809116363525,1.4335757493972778,1.543647289276123,1.9972572326660156,1.6768505573272705,1.8734519481658936,1.9435405731201172,1.6282384395599365,1.8958581686019897,1.8697060346603394,1.729527235031128,2.0980329513549805,2.247627019882202,2.1813600063323975,2.561589241027832,2.6595394611358643,3.018843650817871,3.2079267501831055,1.27369225025177,1.1248630285263062,1.3198539018630981,1.5772610902786255,1.4004212617874146,1.7502124309539795,1.959861397743225,2.0317437648773193,2.357250928878784,2.310192823410034,2.3552610874176025,2.726144313812256,2.924264669418335,3.2138288021087646,3.5241293907165527
A12,2.418213367462158,2.1561172008514404,1.892249345779419,1.6157333850860596,1.444085717201233,1.1266779899597168,1.063383936882019,0.9021427035331726,0.7009670734405518,0.5402315855026245,0.39094799757003784,0.0,0.3766784965991974,0.5732874870300293,0.8614441752433777,2.2894299030303955,2.1233761310577393,1.7933382987976074,1.6221991777420044,1.5055385828018188,1.2574591636657715,1.4098625183105469,1.3284974098205566,1.2789053916931152,0.9528400897979736,0.846407413482666,0.8128899335861206,0.9436303377151489,0.9602473974227905,1.35606050491333,2.9496917724609375,2.6145684719085693,2.404604196548462,2.161921977996826,1.8799073696136475,1.6974114179611206,1.4926131963729858,1.1251791715621948,1.208611011505127,1.3591965436935425,1.0305829048156738,1.2056056261062622,1.028743028640747,1.3733195066452026,1.4028674364089966,2.2954812049865723,2.0005123615264893,2.2226481437683105,2.31673526763916,2.0117108821868896,2.2859392166137695,2.2576277256011963,2.1094272136688232,2.4742274284362793,2.6314785480499268,2.550504207611084,2.928840160369873,3.006121873855591,3.368074417114258,3.542140483856201,1.3906276226043701,1.3388023376464844,1.5592098236083984,1.8628818988800049,1.7355992794036865,2.0904860496520996,2.3136682510375977,2.4087369441986084,2.7241504192352295,2.6703755855560303,2.732004165649414,3.097599506378174,3.304903984069824,3.5874242782592773,3.9040303230285645
A13,2.7137889862060547,2.441638469696045,2.1836931705474854,1.934458613395691,1.7191413640975952,1.4381822347640991,1.3572916984558105,1.1138224601745605,0.9752620458602905,0.8833180665969849,0.6055701971054077,0.3766784965991974,0.0,0.3697532117366791,0.5914850234985352,2.159126043319702,2.0267062187194824,1.6695530414581299,1.4915801286697388,1.4658652544021606,1.1934032440185547,1.395808458328247,1.415488839149475,1.3205746412277222,0.9595666527748108,0.9996738433837891,0.9442360997200012,1.1743601560592651,1.1619890928268433,1.5492212772369385,3.049144983291626,2.714029550552368,2.496011257171631,2.207759141921997,1.956207513809204,1.740129828453064,1.470325231552124,1.139045000076294,1.1301265954971313,1.347387433052063,1.0738838911056519,1.167808175086975,1.0110793113708496,1.3221172094345093,1.2719335556030273,2.268362283706665,1.9992671012878418,2.271350145339966,2.373016595840454,2.10471510887146,2.4026002883911133,2.361555814743042,2.2589643001556396,2.6088099479675293,2.786691427230835,2.7482247352600098,3.1229782104492188,3.230811834335327,3.591787815093994,3.765014410018921,1.6405519247055054,1.5589522123336792,1.825427532196045,2.1000421047210693,1.9538342952728271,2.317465305328369,2.4954638481140137,2.5685744285583496,2.901836633682251,2.8863420486450195,2.9262449741363525,3.3042681217193604,3.4894206523895264,3.791541337966919,4.089341163635254
A14,2.93674373626709,2.692833662033081,2.4066925048828125,2.154522180557251,1.981924295425415,1.6767741441726685,1.6347676515579224,1.4395956993103027,1.2547848224639893,1.1080291271209717,0.9027698636054993,0.5732874870300293,0.3697532117366791,0.0,0.39632928371429443,2.483426809310913,2.348123550415039,1.9912128448486328,1.7811731100082397,1.7755533456802368,1.4679712057113647,1.6173352003097534,1.633009672164917,1.4631880521774292,1.126607060432434,1.1689181327819824,0.9873395562171936,1.1853400468826294,1.0618715286254883,1.4226620197296143,3.412309169769287,3.0731847286224365,2.8616201877593994,2.5761351585388184,2.318362236022949,2.1094613075256348,1.8364086151123047,1.5058213472366333,1.4914852380752563,1.7061529159545898,1.4229114055633545,1.4803968667984009,1.2669117450714111,1.5319781303405762,1.408704400062561,2.4972970485687256,2.2583084106445312,2.5406606197357178,2.677034378051758,2.4186646938323975,2.7282192707061768,2.7093753814697266,2.6061437129974365,2.963122844696045,3.1280386447906494,3.080293893814087,3.4588887691497803,3.5567636489868164,3.917867660522461,4.094352722167969,1.7100908756256104,1.7027345895767212,1.988939881324768,2.293208122253418,2.1969704627990723,2.566807270050049,2.753206729888916,2.8602216243743896,3.177546739578247,3.1619479656219482,3.2300150394439697,3.60276198387146,3.80642032623291,4.104877948760986,4.406099319458008
A15,3.2738187313079834,3.009331703186035,2.7448055744171143,2.477038621902466,2.290269136428833,1.985883355140686,1.8860116004943848,1.6618633270263672,1.4579099416732788,1.393846035003662,1.1808412075042725,0.8614441752433777,0.5914850234985352,0.39632928371429443,0.0,2.5577399730682373,2.4786171913146973,2.104133367538452,1.9388985633850098,1.9884321689605713,1.706230878829956,1.9083517789840698,1.9657642841339111,1.8096729516983032,1.460829496383667,1.5355890989303589,1.3792684078216553,1.5790765285491943,1.437613606452942,1.7872967720031738,3.5746872425079346,3.2540953159332275,3.0115389823913574,2.707174777984619,2.491680145263672,2.23524808883667,1.9539453983306885,1.661766529083252,1.553815484046936,1.7513031959533691,1.49372398853302,1.4454890489578247,1.2049996852874756,1.3857635259628296,1.1736392974853516,2.7606890201568604,2.5235655307769775,2.8218958377838135,2.9326248168945312,2.680448532104492,2.9807891845703125,2.9229423999786377,2.819939136505127,3.157121181488037,3.3552086353302,3.3135879039764404,3.6829609870910645,3.7782537937164307,4.141981601715088,4.293003559112549,2.103306293487549,2.083725690841675,2.3624069690704346,2.658740282058716,2.535705089569092,2.9015588760375977,3.0811855792999268,3.157928228378296,3.4913063049316406,3.476524829864502,3.5158114433288574,3.893791675567627,4.074618816375732,4.37534761428833,4.674312591552734
B1,2.949903964996338,2.6336510181427,2.606121778488159,2.5916779041290283,2.2089974880218506,2.3052337169647217,2.190333366394043,1.862775206565857,2.1690990924835205,2.2884936332702637,2.0044946670532227,2.2894299030303955,2.159126043319702,2.483426809310913,2.5577399730682373,0.0,0.3812865614891052,0.5274012684822083,0.8722894191741943,1.0397393703460693,1.3205103874206543,1.5825965404510498,1.8232269287109375,2.0230391025543213,1.9265224933624268,2.11989688873291,2.4121294021606445,2.7005584239959717,2.9418039321899414,3.2497167587280273,1.799514889717102,1.5632455348968506,1.4729828834533691,1.1269196271896362,1.1951043605804443,1.1498245000839233,0.972366452217102,1.2805100679397583,1.2351064682006836,1.3955281972885132,1.6894268989562988,1.796060562133789,2.1216962337493896,2.3042402267456055,2.4390857219696045,1.540887713432312,1.3694554567337036,1.5485777854919434,1.3908439874649048,1.4212349653244019,1.5681558847427368,1.4158482551574707,1.6432090997695923,1.7194269895553589,1.9242918491363525,2.1702427864074707,2.3928680419921875,2.692023754119873,2.94832444190979,3.130800247192383,2.777036666870117,2.4178342819213867,2.5663554668426514,2.4977784156799316,2.166715145111084,2.3321385383605957,2.2154393196105957,1.999971866607666,2.347207546234131,2.503756284713745,2.3150367736816406,2.65596866607666,2.617013454437256,2.968932628631592,3.101270914077759
B2,2.6438560485839844,2.3467586040496826,2.2988414764404297,2.3132636547088623,1.9334701299667358,2.0509369373321533,1.9883527755737305,1.6820427179336548,2.0138514041900635,2.0860183238983154,1.8124802112579346,2.1233761310577393,2.0267062187194824,2.348123550415039,2.4786171913146973,0.3812865614891052,0.0,0.3817049562931061,0.6288285851478577,0.7267060875892639,1.0396393537521362,1.2524441480636597,1.4844598770141602,1.7014997005462646,1.6494752168655396,1.835506796836853,2.1436352729797363,2.4222679138183594,2.6871225833892822,2.971961498260498,1.7478692531585693,1.4534964561462402,1.4140516519546509,1.0867807865142822,1.0442582368850708,1.0816742181777954,0.8888944983482361,1.1382797956466675,1.2039097547531128,1.3994977474212646,1.6371499300003052,1.8184248208999634,2.116337537765503,2.3525242805480957,2.494701862335205,1.181199073791504,0.9898550510406494,1.1751078367233276,1.0510568618774414,1.0901232957839966,1.2865917682647705,1.2074204683303833,1.4560872316360474,1.5839418172836304,1.7389001846313477,1.9842792749404907,2.2358877658843994,2.54301118850708,2.805845260620117,3.02711820602417,2.4547970294952393,2.0871999263763428,2.234797954559326,2.14848256111145,1.8304779529571533,1.9990792274475098,1.86883544921875,1.6805874109268188,2.027193546295166,2.199237585067749,2.046173572540283,2.397434711456299,2.397615671157837,2.7603354454040527,2.9037959575653076
B3,2.650297164916992,2.337348222732544,2.248525381088257,2.2065041065216064,1.8248486518859863,1.8756077289581299,1.7875957489013672,1.4452584981918335,1.7397143840789795,1.8145885467529297,1.5108736753463745,1.7933382987976074,1.6695530414581299,1.9912128448486328,2.104133367538452,0.5274012684822083,0.3817049562931061,0.0,0.3888294994831085,0.5691835284233093,0.8065035939216614,1.1072429418563843,1.3516570329666138,1.528559923171997,1.4050381183624268,1.6053441762924194,1.8872051239013672,2.18215274810791,2.416809558868408,2.726069211959839,1.935455322265625,1.6245810985565186,1.5093828439712524,1.142580509185791,1.0491305589675903,0.9729449152946472,0.6687081456184387,0.862646758556366,0.8790814280509949,1.133497953414917,1.3406875133514404,1.5030272006988525,1.7801095247268677,2.021772861480713,2.140014410018921,1.3069063425064087,1.0696790218353271,1.3228520154953003,1.2566184997558594,1.1949207782745361,1.4415862560272217,1.3455219268798828,1.5102885961532593,1.7019544839859009,1.8903448581695557,2.077465295791626,2.3671138286590576,2.638054370880127,2.932438373565674,3.138672113418579,2.289243698120117,1.9448635578155518,2.1280388832092285,2.108445882797241,1.7963148355484009,2.0239808559417725,1.958390235900879,1.8168609142303467,2.1840431690216064,2.3174526691436768,2.1947076320648193,2.567448377609253,2.6035308837890625,2.9608991146087646,3.14204740524292
B4,2.566690683364868,2.2830402851104736,2.136864185333252,2.104954481124878,1.7373251914978027,1.7628966569900513,1.7397109270095825,1.409395694732666,1.6852442026138306,1.6813243627548218,1.3569344282150269,1.6221991777420044,1.4915801286697388,1.7811731100082397,1.9388985633850098,0.8722894191741943,0.6288285851478577,0.3888294994831085,0.0,0.3838607370853424,0.48912277817726135,0.7667790055274963,1.0656414031982422,1.1854196786880493,1.0818135738372803,1.3313153982162476,1.5883129835128784,1.9031420946121216,2.135669231414795,2.423369884490967,2.1877405643463135,1.844172716140747,1.7608072757720947,1.4187793731689453,1.235921025276184,1.1945321559906006,0.8624826073646545,0.8977404236793518,0.9892851114273071,1.302985668182373,1.4130325317382812,1.6111116409301758,1.8241931200027466,2.1062333583831787,2.1872451305389404,1.085507869720459,0.8634700179100037,1.1907211542129517,1.2410253286361694,1.177854299545288,1.4966922998428345,1.4895243644714355,1.6429723501205444,1.8899246454238892,2.030454158782959,2.1978793144226074,2.5164096355438232,2.7812540531158447,3.0832488536834717,3.318751811981201,2.016418933868408,1.6847901344299316,1.9153504371643066,1.915915846824646,1.6489232778549194,1.9159913063049316,1.8546451330184937,1.7862651348114014,2.1403589248657227,2.2874362468719482,2.227203607559204,2.605811357498169,2.691497564315796,3.0531840324401855,3.243319272994995
B5,2.1837587356567383,1.899646520614624,1.7583258152008057,1.7400814294815063,1.3708604574203491,1.4326180219650269,1.4387131929397583,1.1482107639312744,1.4667091369628906,1.4501490592956543,1.1800724267959595,1.5055385828018188,1.4658652544021606,1.7755533456802368,1.9884321689605713,1.0397393703460693,0.7267060875892639,0.5691835284233093,0.3838607370853424,0.0,0.36963996291160583,0.5964197516441345,0.789009153842926,1.0132724046707153,0.9494959712028503,1.1103941202163696,1.4290025234222412,1.697510004043579,1.9728562831878662,2.2500526905059814,1.975874423980713,1.6084065437316895,1.543971061706543,1.245572805404663,0.9852801561355591,1.0154551267623901,0.7512569427490234,0.7295649647712708,0.9657700657844543,1.226442813873291,1.2975167036056519,1.5740563869476318,1.7787818908691406,2.094752788543701,2.226318359375,1.0002168416976929,0.6774409413337708,0.9466671943664551,0.9877264499664307,0.8454185724258423,1.1822484731674194,1.2059736251831055,1.3304961919784546,1.6145756244659424,1.7284034490585327,1.8693033456802368,2.2049076557159424,2.4582176208496094,2.765521287918091,3.015383005142212,1.7424864768981934,1.3875069618225098,1.5767154693603516,1.5607906579971313,1.2749040126800537,1.539709448814392,1.501751184463501,1.444581389427185,1.8053373098373413,1.9276591539382935,1.8838402032852173,2.2677547931671143,2.380030393600464,2.7355971336364746,2.9484314918518066
B6,2.2572782039642334,1.994093418121338,1.787682056427002,1.7359981536865234,1.3959351778030396,1.377034306526184,1.4172749519348145,1.1269580125808716,1.3765044212341309,1.2904229164123535,0.9825573563575745,1.2574591636657715,1.1934032440185547,1.4679712057113647,1.706230878829956,1.3205103874206543,1.0396393537521362,0.8065035939216614,0.48912277817726135,0.36963996291160583,0.0,0.38325682282447815,0.6314194202423096,0.7344152331352234,0.6108952164649963,0.8448801636695862,1.1133754253387451,1.4182536602020264,1.6661906242370605,1.9452581405639648,2.317030191421509,1.9449725151062012,1.8618875741958618,1.5640863180160522,1.2824238538742065,1.2598793506622314,0.956655740737915,0.7983055114746094,1.0131654739379883,1.3206231594085693,1.3013439178466797,1.5666860342025757,1.701085090637207,2.0352087020874023,2.1179168224334717,1.1014761924743652,0.8264463543891907,1.1420077085494995,1.274819254875183,1.1167728900909424,1.4752204418182373,1.5275077819824219,1.6032110452651978,1.9216902256011963,2.026998519897461,2.1273975372314453,2.482987880706787,2.709550619125366,3.02942156791687,3.28078293800354,1.5361032485961914,1.220867395401001,1.4821733236312866,1.5390816926956177,1.3143587112426758,1.6350796222686768,1.6418184041976929,1.6624850034713745,2.004624605178833,2.1120665073394775,2.122342586517334,2.506070852279663,2.6567587852478027,3.004977226257324,3.233546018600464
B7,2.1137075424194336,1.903566598892212,1.6634832620620728,1.672554612159729,1.3710546493530273,1.386108160018921,1.5236430168151855,1.3097188472747803,1.556290864944458,1.3945149183273315,1.145862340927124,1.4098625183105469,1.395808458328247,1.6173352003097534,1.9083517789840698,1.5825965404510498,1.2524441480636597,1.1072429418563843,0.7667790055274963,0.5964197516441345,0.38325682282447815,0.0,0.3780806064605713,0.45470473170280457,0.5433961749076843,0.764340341091156,1.0251951217651367,1.3031258583068848,1.584864854812622,1.7993041276931763,2.445143938064575,2.062044382095337,2.0396132469177246,1.7875792980194092,1.4750772714614868,1.5317473411560059,1.2791427373886108,1.1118953227996826,1.3758418560028076,1.6600923538208008,1.611146092414856,1.9056369066238403,2.0113227367401123,2.3617048263549805,2.4422433376312256,0.8981017470359802,0.6706321835517883,0.9737484455108643,1.2101107835769653,1.090137004852295,1.4660730361938477,1.6103874444961548,1.7036212682724,2.0296525955200195,2.068781614303589,2.1693639755249023,2.524726390838623,2.7557809352874756,3.0609145164489746,3.345541477203369,1.3227912187576294,1.0017218589782715,1.2838901281356812,1.3094589710235596,1.1534664630889893,1.4714088439941406,1.4521738290786743,1.5439703464508057,1.843906044960022,1.9762630462646484,2.0448200702667236,2.4120919704437256,2.598712921142578,2.943758010864258,3.1641151905059814
B8,1.7727770805358887,1.5792009830474854,1.3099257946014404,1.3245290517807007,1.0568182468414307,1.0816799402236938,1.2858082056045532,1.156246542930603,1.3965814113616943,1.1947991847991943,1.0399161577224731,1.3284974098205566,1.415488839149475,1.633009672164917,1.9657642841339111,1.8232269287109375,1.4844598770141602,1.3516570329666138,1.0656414031982422,0.789009153842926,0.6314194202423096,0.3780806064605713,0.0,0.38502374291419983,0.5476078391075134,0.5575039982795715,0.8789666295051575,1.0698522329330444,1.39961838722229,1.592715859413147,2.399761438369751,2.013702392578125,1.9995639324188232,1.8014918565750122,1.4491472244262695,1.5400632619857788,1.3575383424758911,1.1381865739822388,1.4653700590133667,1.693545937538147,1.5923668146133423,1.929878830909729,2.0065109729766846,2.3749802112579346,2.4888174533843994,1.0803056955337524,0.8172401785850525,0.9931470155715942,1.2206902503967285,1.024357795715332,1.3751449584960938,1.548427939414978,1.5800963640213013,1.9334259033203125,1.941420078277588,1.9885640144348145,2.355584144592285,2.5540409088134766,2.8625736236572266,3.1542177200317383,0.9950438141822815,0.6433058381080627,0.9062840342521667,0.9542701244354248,0.8248806595802307,1.169553279876709,1.2191683053970337,1.370255708694458,1.650319218635559,1.7339613437652588,1.8474525213241577,2.2070915699005127,2.4336774349212646,2.758697986602783,3.007084369659424
B9,2.0564956665039062,1.8943942785263062,1.5864524841308594,1.574853777885437,1.3535346984863281,1.2985066175460815,1.5090336799621582,1.3700817823410034,1.5327064990997314,1.2764430046081543,1.0895919799804688,1.2789053916931152,1.3205746412277222,1.4631880521774292,1.8096729516983032,2.0230391025543213,1.7014997005462646,1.528559923171997,1.1854196786880493,1.0132724046707153,0.7344152331352234,0.45470473170280457,0.38502374291419983,0.0,0.3661355674266815,0.5093451142311096,0.6682764887809753,0.9199084043502808,1.1994333267211914,1.3685699701309204,2.7718615531921387,2.385749101638794,2.35705304145813,2.132836103439331,1.7911275625228882,1.8356214761734009,1.6018004417419434,1.3514440059661865,1.6236129999160767,1.8920518159866333,1.7558261156082153,2.056182861328125,2.083153009414673,2.448523759841919,2.505323648452759,1.2199177742004395,1.044372797012329,1.2781778573989868,1.5509250164031982,1.3935421705245972,1.7521346807479858,1.9229620695114136,1.9553245306015015,2.310941457748413,2.3261618614196777,2.3693339824676514,2.738487482070923,2.9290308952331543,3.2401273250579834,3.529662847518921,0.95078444480896,0.7119607329368591,1.0667978525161743,1.1859517097473145,1.1484220027923584,1.4949930906295776,1.5477615594863892,1.7317347526550293,1.9870978593826294,2.0790021419525146,2.2169525623321533,2.5675759315490723,2.804468870162964,3.1270079612731934,3.370842218399048
B10,2.1940977573394775,1.984537124633789,1.6872669458389282,1.595443606376648,1.3498919010162354,1.2202348709106445,1.3553911447525024,1.1616421937942505,1.2799180746078491,1.0441941022872925,0.7905378341674805,0.9528400897979736,0.9595666527748108,1.126607060432434,1.460829496383667,1.9265224933624268,1.6494752168655396,1.4050381183624268,1.0818135738372803,0.9494959712028503,0.6108952164649963,0.5433961749076843,0.5476078391075134,0.3661355674266815,0.0,0.37570682168006897,0.5207045674324036,0.854398787021637,1.082194447517395,1.3435888290405273,2.76294207572937,2.3831253051757812,2.296156644821167,2.0401923656463623,1.7131001949310303,1.682137370109558,1.4165644645690918,1.1265300512313843,1.3525381088256836,1.6320750713348389,1.4692442417144775,1.7411538362503052,1.7466073036193848,2.10671329498291,2.146395206451416,1.431148648262024,1.2070914506912231,1.4747717380523682,1.6866137981414795,1.484728455543518,1.839491844177246,1.9412873983383179,1.9383329153060913,2.3019585609436035,2.372002124786377,2.3973426818847656,2.775747776031494,2.949903964996338,3.28071928024292,3.5396060943603516,1.0679230690002441,0.8617074489593506,1.2089414596557617,1.3902620077133179,1.2941478490829468,1.6631063222885132,1.757546067237854,1.8961824178695679,2.1904280185699463,2.2512826919555664,2.351480007171631,2.7199556827545166,2.938149929046631,3.2613115310668945,3.5219550132751465
B11,1.9069936275482178,1.705491304397583,1.3874729871749878,1.2622249126434326,1.0637049674987793,0.8942582607269287,1.0829384326934814,0.9809988141059875,1.0696295499801636,0.7783800959587097,0.6531786322593689,0.846407413482666,0.9996738433837891,1.1689181327819824,1.5355890989303589,2.11989688873291,1.835506796836853,1.6053441762924194,1.3313153982162476,1.1103941202163696,0.8448801636695862,0.764340341091156,0.5575039982795715,0.5093451142311096,0.37570682168006897,0.0,0.38384905457496643,0.5871659517288208,0.8864563703536987,1.15244460105896,2.706178903579712,2.3306212425231934,2.240590810775757,2.03191876411438,1.6797484159469604,1.6675924062728882,1.4710609912872314,1.1425117254257202,1.4201066493988037,1.6328343152999878,1.4180322885513306,1.7291312217712402,1.7044427394866943,2.0785083770751953,2.159628391265869,1.6135340929031372,1.351535439491272,1.5405821800231934,1.7265610694885254,1.4665650129318237,1.7857487201690674,1.8913347721099854,1.8256499767303467,2.2068896293640137,2.261101722717285,2.231879711151123,2.616332530975342,2.752269744873047,3.087221384048462,3.34222149848938,0.7693048119544983,0.5819687843322754,0.9027611613273621,1.1505579948425293,1.081135869026184,1.4561735391616821,1.6242812871932983,1.793297529220581,2.0700390338897705,2.075744390487671,2.202752113342285,2.560161590576172,2.8053066730499268,3.105323553085327,3.3926548957824707
B12,2.171938180923462,2.003803253173828,1.660391926765442,1.5131930112838745,1.3795841932296753,1.1530057191848755,1.3364650011062622,1.2558890581130981,1.240074872970581,0.9068861603736877,0.8035377264022827,0.8128899335861206,0.9442360997200012,0.9873395562171936,1.3792684078216553,2.4121294021606445,2.1436352729797363,1.8872051239013672,1.5883129835128784,1.4290025234222412,1.1133754253387451,1.0251951217651367,0.8789666295051575,0.6682764887809753,0.5207045674324036,0.38384905457496643,0.0,0.3710349500179291,0.5637109279632568,0.84028160572052,3.085005760192871,2.7111012935638428,2.609124183654785,2.389942169189453,2.0458900928497314,2.001962661743164,1.78151535987854,1.4372411966323853,1.6577320098876953,1.8831570148468018,1.630327820777893,1.8935449123382568,1.8011692762374878,2.1608030796051025,2.1842880249023438,1.8768943548202515,1.6587704420089722,1.8711220026016235,2.086367130279541,1.8432177305221558,2.1667449474334717,2.274374485015869,2.2013468742370605,2.58430552482605,2.6407012939453125,2.598370313644409,2.983506917953491,3.102957010269165,3.4396958351135254,3.6890602111816406,0.7790359854698181,0.7738028764724731,1.1114890575408936,1.4079780578613281,1.4105733633041382,1.7777855396270752,1.9554344415664673,2.1534979343414307,2.4100542068481445,2.4120116233825684,2.5628714561462402,2.9107487201690674,3.169684886932373,3.4623208045959473,3.7529261112213135
B13,2.0172479152679443,1.888630747795105,1.526624321937561,1.3620587587356567,1.3237942457199097,1.072355031967163,1.3081375360488892,1.33467698097229,1.2718178033828735,0.9043832421302795,0.9559776186943054,0.9436303377151489,1.1743601560592651,1.1853400468826294,1.5790765285491943,2.7005584239959717,2.4222679138183594,2.18215274810791,1.9031420946121216,1.697510004043579,1.4182536602020264,1.3031258583068848,1.0698522329330444,0.9199084043502808,0.854398787021637,0.5871659517288208,0.3710349500179291,0.0,0.3687344193458557,0.5883287787437439,3.1874725818634033,2.8212778568267822,2.726832628250122,2.5505826473236084,2.193840742111206,2.1714375019073486,2.0029592514038086,1.6477316617965698,1.8939272165298462,2.069572687149048,1.7849738597869873,2.06390643119812,1.940482258796692,2.2979791164398193,2.344928503036499,2.108593463897705,1.8836781978607178,2.039457082748413,2.2473785877227783,1.9801833629608154,2.2701199054718018,2.391180992126465,2.27610445022583,2.6632254123687744,2.6953177452087402,2.60758900642395,2.988636016845703,3.0705199241638184,3.402238130569458,3.649919271469116,0.5503146648406982,0.7098661661148071,0.970894455909729,1.322818636894226,1.393402338027954,1.7344533205032349,1.9645713567733765,2.198490619659424,2.419172525405884,2.3773000240325928,2.563516139984131,2.8875067234039307,3.1740384101867676,3.439574956893921,3.7479195594787598
