,A1,A2,A3,A4,A5,A6,A7,A8,A9,A10,A11,A12,A13,A14,A15,B1,B2,B3,B4,B5,B6,B7,B8,B9,B10,B11,B12,B13,B14,B15,C1,C2,C3,C4,C5,C6,C7,C8,C9,C10,C11,C12,C13,C14,C15,D1,D2,D3,D4,D5,D6,D7,D8,D9,D10,D11,D12,D13,D14,D15,E1,E2,E3,E4,E5,E6,E7,E8,E9,E10,E11,E12,E13,E14,E15
A1,0.0,0.379808634519577,0.49950969219207764,0.8236756920814514,1.0758743286132812,1.223274827003479,1.592877745628357,1.8362255096435547,1.9201452732086182,1.6406140327453613,1.7445861101150513,1.9905163049697876,2.2151551246643066,2.323988914489746,2.7089450359344482,2.9055943489074707,2.667325496673584,2.436528444290161,2.2985236644744873,1.9254952669143677,1.945942759513855,1.7458070516586304,1.3650904893875122,1.527397632598877,1.6858311891555786,1.3899873495101929,1.4568257331848145,1.2698094844818115,1.578312873840332,1.5557693243026733,1.8895543813705444,1.7877382040023804,1.574393391609192,1.2472013235092163,1.2496858835220337,0.8983599543571472,0.6380391120910645,0.8468366861343384,0.6549357771873474,0.8454027771949768,1.143153429031372,1.161820411682129,1.5275717973709106,1.6778203248977661,1.865782380104065,1.6900004148483276,1.3988687992095947,1.6231237649917603,1.4052059650421143,1.5710372924804688,1.7132161855697632,1.737174391746521,1.969151258468628,2.205702066421509,2.2512059211730957,2.3486928939819336,2.7116808891296387,2.935067653656006,3.2254798412323,3.535092353820801,2.9159085750579834,2.5603551864624023,2.5518031120300293,2.439957618713379,2.1613335609436035,2.412281036376953,2.3489606380462646,2.151453733444214,2.5206353664398193,2.6067848205566406,2.3490798473358154,2.655282974243164,2.5490713119506836,2.875413656234741,3.0312392711639404
A2,0.379808634519577,0.0,0.37637168169021606,0.5851919054985046,0.8199947476387024,1.048697829246521,1.3939650058746338,1.6213456392288208,1.770641565322876,1.5365016460418701,1.6028186082839966,1.903242588043213,2.112658977508545,2.277539014816284,2.6554062366485596,2.6591014862060547,2.391324043273926,2.1918351650238037,2.0343563556671143,1.6633734703063965,1.7289519309997559,1.541537880897522,1.182350993156433,1.4264614582061768,1.5798640251159668,1.2890595197677612,1.4553594589233398,1.3251395225524902,1.672478199005127,1.7347798347473145,1.5506731271743774,1.427857756614685,1.202701449394226,0.8750290274620056,0.8792022466659546,0.5231830477714539,0.3409619927406311,0.663446843624115,0.5551456212997437,0.6172186732292175,0.9216094017028809,1.0357842445373535,1.406477928161621,1.5778155326843262,1.8293577432632446,1.4460818767547607,1.130590558052063,1.2991626262664795,1.0456215143203735,1.2028089761734009,1.3334219455718994,1.3687163591384888,1.6131645441055298,1.8437705039978027,1.8743252754211426,1.9773523807525635,2.336869239807129,2.5677785873413086,2.852839231491089,3.165009021759033,2.6407675743103027,2.295306444168091,2.24807071685791,2.141157865524292,1.8389923572540283,2.0837156772613525,2.0328140258789062,1.820625901222229,2.1867904663085938,2.253472089767456,1.9834518432617188,2.2869696617126465,2.1791880130767822,2.5031213760375977,2.6714251041412354
A3,0.49950969219207764,0.37637168169021606,0.0,0.39016371965408325,0.5871521830558777,0.7381521463394165,1.1088563203811646,1.3374550342559814,1.4400124549865723,1.1805342435836792,1.276362419128418,1.5560675859451294,1.7919869422912598,1.9497647285461426,2.3239643573760986,2.4218437671661377,2.1877992153167725,1.9631009101867676,1.8556725978851318,1.4792582988739014,1.5431363582611084,1.411786675453186,1.0467398166656494,1.2605918645858765,1.3404078483581543,1.0065258741378784,1.1497092247009277,0.9837102890014648,1.3252049684524536,1.422683835029602,1.6859513521194458,1.502488374710083,1.344414472579956,0.9664372205734253,0.9341846704483032,0.6867258548736572,0.4071555435657501,0.6956759691238403,0.7473925352096558,0.9093188643455505,1.1315385103225708,1.3057501316070557,1.6492652893066406,1.8716378211975098,2.1041171550750732,1.4696831703186035,1.119071125984192,1.3250497579574585,1.1318382024765015,1.2143895626068115,1.4320324659347534,1.4817630052566528,1.6556068658828735,1.94300377368927,1.9650919437408447,1.9977978467941284,2.375978946685791,2.5576698780059814,2.852443218231201,3.1640477180480957,2.520328998565674,2.1540987491607666,2.139045476913452,1.9878993034362793,1.7188246250152588,1.9560861587524414,1.8800058364868164,1.713104248046875,2.0884158611297607,2.1854493618011475,1.9656940698623657,2.2977442741394043,2.249335289001465,2.5960652828216553,2.7784135341644287
A4,0.8236756920814514,0.5851919054985046,0.39016371965408325,0.0,0.37472593784332275,0.5060862302780151,0.8234307169914246,1.0951929092407227,1.2386940717697144,1.067876935005188,1.188123345375061,1.5138462781906128,1.771463394165039,1.9904249906539917,2.338700294494629,2.229295492172241,1.9737491607666016,1.8003387451171875,1.7250926494598389,1.3558416366577148,1.513082504272461,1.4569839239120483,1.1456935405731201,1.422263264656067,1.438037395477295,1.095624566078186,1.3108789920806885,1.1576420068740845,1.4793230295181274,1.642348289489746,1.3954282999038696,1.1891398429870605,1.1070210933685303,0.7216633558273315,0.776302695274353,0.6440615057945251,0.5728526711463928,0.9107491970062256,1.0250498056411743,1.0707868337631226,1.282211422920227,1.514791488647461,1.8525035381317139,2.068714141845703,2.3447093963623047,1.138158917427063,0.7685372233390808,0.9735390543937683,0.84367436170578,0.9224298596382141,1.2024418115615845,1.3367183208465576,1.508000135421753,1.795464277267456,1.7518434524536133,1.7632390260696411,2.136336088180542,2.3060927391052246,2.576218843460083,2.907289981842041,2.4186458587646484,2.0590226650238037,1.99057137966156,1.7961127758026123,1.5005582571029663,1.6837098598480225,1.561151385307312,1.3621625900268555,1.730698823928833,1.8581901788711548,1.6440293788909912,1.967247486114502,1.9340554475784302,2.2945780754089355,2.464423894882202
A5,1.0758743286132812,0.8199947476387024,0.5871521830558777,0.37472593784332275,0.0,0.3752056062221527,0.6457124352455139,0.8075620532035828,1.012174367904663,0.8549878001213074,0.8812715411186218,1.2399076223373413,1.458666205406189,1.7105194330215454,2.0485713481903076,1.8744653463363647,1.622522234916687,1.4327906370162964,1.3543014526367188,0.9848467111587524,1.1538599729537964,1.1428439617156982,0.8799482583999634,1.173242211341858,1.1433504819869995,0.8266712427139282,1.1146913766860962,1.0552384853363037,1.3857191801071167,1.6232858896255493,1.482912540435791,1.198242425918579,1.1287368535995483,0.7617886662483215,0.6728590130805969,0.7045931816101074,0.6365332007408142,0.852673351764679,1.0946094989776611,1.1543385982513428,1.2605873346328735,1.5607476234436035,1.8499432802200317,2.115924835205078,2.3916847705841064,1.3366330862045288,0.9547025561332703,1.0542601346969604,0.9054935574531555,0.8215275406837463,1.1225593090057373,1.2056058645248413,1.285953402519226,1.6177324056625366,1.6014691591262817,1.5477999448776245,1.9317423105239868,2.0606002807617188,2.3544249534606934,2.665330410003662,2.0601751804351807,1.6955337524414062,1.6436657905578613,1.4434049129486084,1.1732984781265259,1.3843350410461426,1.302190899848938,1.1772067546844482,1.5552077293395996,1.6488163471221924,1.4797039031982422,1.8376860618591309,1.8653267621994019,2.2220559120178223,2.439135789871216
A6,1.223274827003479,1.048697829246521,0.7381521463394165,0.5060862302780151,0.3752056062221527,0.0,0.37836530804634094,0.6496570706367493,0.7348926067352295,0.5871095657348633,0.7594532370567322,1.0733563899993896,1.3668773174285889,1.6090962886810303,1.9259451627731323,1.849524736404419,1.6462351083755493,1.4565180540084839,1.476660966873169,1.1347469091415405,1.316238522529602,1.38055419921875,1.1388514041900635,1.3645429611206055,1.2481080293655396,0.8998301029205322,1.107633113861084,0.9677445292472839,1.2285716533660889,1.4835290908813477,1.6617622375488281,1.3869411945343018,1.3983381986618042,1.0401667356491089,1.0243747234344482,1.0454429388046265,0.9440931677818298,1.1684603691101074,1.388321042060852,1.4869710206985474,1.6187076568603516,1.8986092805862427,2.199174165725708,2.462383985519409,2.7251906394958496,1.3405168056488037,0.9877585768699646,1.1617077589035034,1.1298657655715942,1.0649181604385376,1.4126079082489014,1.5435900688171387,1.6002227067947388,1.9375007152557373,1.8846598863601685,1.7920868396759033,2.1667277812957764,2.2539570331573486,2.526991844177246,2.845634698867798,2.229198694229126,1.858915090560913,1.8249036073684692,1.5626437664031982,1.3364521265029907,1.4819836616516113,1.3214857578277588,1.2236521244049072,1.5793828964233398,1.742577075958252,1.6273763179779053,1.9743999242782593,2.0373194217681885,2.407508611679077,2.598963737487793
A7,1.592877745628357,1.3939650058746338,1.1088563203811646,0.8234307169914246,0.6457124352455139,0.37836530804634094,0.0,0.3828662633895874,0.4901796877384186,0.5644888281822205,0.7335299849510193,1.0351136922836304,1.3263603448867798,1.6162611246109009,1.8774222135543823,1.6101186275482178,1.419709324836731,1.2856128215789795,1.3843427896499634,1.100780725479126,1.3518224954605103,1.5084859132766724,1.3494001626968384,1.5761088132858276,1.3955625295639038,1.0972230434417725,1.3208400011062622,1.2216719388961792,1.4217276573181152,1.721112847328186,1.683502435684204,1.3841344118118286,1.4838052988052368,1.1829687356948853,1.1874231100082397,1.304146409034729,1.272864818572998,1.4815729856491089,1.729641079902649,1.7924922704696655,1.8970835208892822,2.2058725357055664,2.488878011703491,2.7575697898864746,3.0367960929870605,1.3516407012939453,1.046500325202942,1.1626198291778564,1.220664381980896,1.0917444229125977,1.4644514322280884,1.6332274675369263,1.6367201805114746,1.9712316989898682,1.8736650943756104,1.7231922149658203,2.0749664306640625,2.1101505756378174,2.3570382595062256,2.6767284870147705,2.1449854373931885,1.7933889627456665,1.7312452793121338,1.4133822917938232,1.2182235717773438,1.2778253555297852,1.054996132850647,1.0036346912384033,1.3212894201278687,1.5247666835784912,1.4781832695007324,1.8125600814819336,1.9345611333847046,2.3033742904663086,2.4920871257781982
A8,1.8362255096435547,1.6213456392288208,1.3374550342559814,1.0951929092407227,0.8075620532035828,0.6496570706367493,0.3828662633895874,0.0,0.37911200523376465,0.556109607219696,0.5357787609100342,0.8398729562759399,1.05973219871521,1.3949356079101562,1.621010184288025,1.2335374355316162,1.0641815662384033,0.9146619439125061,1.0619137287139893,0.8363370299339294,1.0999923944473267,1.335598349571228,1.27059805393219,1.470247507095337,1.235603928565979,1.0205166339874268,1.2744855880737305,1.2791194915771484,1.4604508876800537,1.8101731538772583,1.8633016347885132,1.5234159231185913,1.616894006729126,1.3516231775283813,1.2702140808105469,1.4604977369308472,1.4303196668624878,1.5565460920333862,1.8612940311431885,1.9295636415481567,1.9630186557769775,2.303344964981079,2.5421602725982666,2.841143846511841,3.1142537593841553,1.6545332670211792,1.3496876955032349,1.383358359336853,1.4053783416748047,1.1784496307373047,1.521851658821106,1.6342542171478271,1.5467406511306763,1.8984375,1.8303167819976807,1.6148523092269897,1.9548916816711426,1.9329047203063965,2.1969006061553955,2.4838569164276123,1.8220244646072388,1.4781663417816162,1.4412273168563843,1.1030222177505493,0.9862441420555115,1.046097993850708,0.8782092928886414,0.9690837264060974,1.2572102546691895,1.4086403846740723,1.4341005086898804,1.7841742038726807,1.9661792516708374,2.3144259452819824,2.545254707336426
A9,1.9201452732086182,1.770641565322876,1.4400124549865723,1.2386940717697144,1.012174367904663,0.7348926067352295,0.4901796877384186,0.37911200523376465,0.0,0.3749263286590576,0.5352157354354858,0.6817312836647034,0.9880555272102356,1.2685134410858154,1.4713114500045776,1.381569504737854,1.3055553436279297,1.1287293434143066,1.3382127285003662,1.1361215114593506,1.3285621404647827,1.5655286312103271,1.474173665046692,1.6050875186920166,1.328722357749939,1.095589280128479,1.2408818006515503,1.1855307817459106,1.2759796380996704,1.6264992952346802,2.1500425338745117,1.8327698707580566,1.9326989650726318,1.6378065347671509,1.5787726640701294,1.7099848985671997,1.6185908317565918,1.7501628398895264,2.0355660915374756,2.1540637016296387,2.2132325172424316,2.529603958129883,2.7837538719177246,3.08518385887146,3.337064266204834,1.8187013864517212,1.531834363937378,1.6373320817947388,1.6905573606491089,1.5120905637741089,1.8690497875213623,1.9883332252502441,1.914584994316101,2.270995616912842,2.2052371501922607,1.993322730064392,2.329756259918213,2.2939693927764893,2.5470798015594482,2.8292689323425293,2.0913331508636475,1.7470054626464844,1.7599283456802368,1.4183498620986938,1.3500927686691284,1.3929588794708252,1.197709083557129,1.292371392250061,1.549853801727295,1.7412728071212769,1.7851864099502563,2.120028495788574,2.3027830123901367,2.6567509174346924,2.8658382892608643
A10,1.6406140327453613,1.5365016460418701,1.1805342435836792,1.067876935005188,0.8549878001213074,0.5871095657348633,0.5644888281822205,0.556109607219696,0.3749263286590576,0.0,0.3758814036846161,0.5352358818054199,0.8876010775566101,1.1089426279067993,1.3891462087631226,1.5856066942214966,1.4994633197784424,1.2490071058273315,1.382534146308899,1.1204200983047485,1.2302178144454956,1.3984533548355103,1.2460339069366455,1.3386414051055908,1.0822720527648926,0.8016616702079773,0.8974040746688843,0.8111222386360168,0.9279744625091553,1.2758431434631348,2.1930861473083496,1.8856183290481567,1.917628288269043,1.5789754390716553,1.4869306087493896,1.5518982410430908,1.3873703479766846,1.492859125137329,1.7663722038269043,1.9349397420883179,1.9993363618850708,2.2903101444244385,2.5484020709991455,2.8541719913482666,3.080439567565918,1.864494800567627,1.5384629964828491,1.6862143278121948,1.6733441352844238,1.527819275856018,1.8702166080474854,1.9483941793441772,1.902740716934204,2.2714481353759766,2.251836061477661,2.0784881114959717,2.44087815284729,2.4452965259552,2.7294485569000244,3.0092146396636963,2.140108346939087,1.7706432342529297,1.8276408910751343,1.5353080034255981,1.4449623823165894,1.5750020742416382,1.4335631132125854,1.4876327514648438,1.7948989868164062,1.9547802209854126,1.9427049160003662,2.2996819019317627,2.4401562213897705,2.8000142574310303,3.0181078910827637
A11,1.7445861101150513,1.6028186082839966,1.276362419128418,1.188123345375061,0.8812715411186218,0.7594532370567322,0.7335299849510193,0.5357787609100342,0.5352157354354858,0.3758814036846161,0.0,0.38734668493270874,0.6146185398101807,0.9067255258560181,1.197237253189087,1.320134162902832,1.2364459037780762,0.936650276184082,1.0458930730819702,0.8085331320762634,0.8784761428833008,1.090788722038269,1.0181981325149536,1.0926390886306763,0.7956913709640503,0.6084417104721069,0.7908968329429626,0.8738232254981995,1.030308485031128,1.406293511390686,2.232203960418701,1.894437551498413,1.896734595298767,1.5836516618728638,1.4133191108703613,1.5341180562973022,1.381489634513855,1.4039744138717651,1.7291399240493774,1.8907544612884521,1.884782075881958,2.202944755554199,2.415689706802368,2.7465527057647705,2.968212127685547,2.035508394241333,1.6891943216323853,1.767480731010437,1.7006434202194214,1.4870140552520752,1.791409969329834,1.8072532415390015,1.6991755962371826,2.0771732330322266,2.1004185676574707,1.8987728357315063,2.2553603649139404,2.238240957260132,2.5464606285095215,2.79529070854187,1.7872971296310425,1.4167553186416626,1.5116099119186401,1.2474555969238281,1.209102749824524,1.3860878944396973,1.3309944868087769,1.4500727653503418,1.753774881362915,1.8473855257034302,1.855053424835205,2.2268943786621094,2.3895881175994873,2.7300362586975098,2.9874460697174072
A12,1.9905163049697876,1.903242588043213,1.5560675859451294,1.5138462781906128,1.2399076223373413,1.0733563899993896,1.0351136922836304,0.8398729562759399,0.6817312836647034,0.5352358818054199,0.38734668493270874,0.0,0.38105055689811707,0.5934939384460449,0.8587312698364258,1.3837884664535522,1.4048105478286743,1.0865166187286377,1.2588680982589722,1.1016225814819336,1.0881385803222656,1.3144376277923584,1.2737284898757935,1.2400312423706055,0.892802894115448,0.7926682233810425,0.8030474185943604,0.898953914642334,0.9104483723640442,1.3025648593902588,2.6114296913146973,2.276031017303467,2.28303861618042,1.963918924331665,1.7913446426391602,1.8899095058441162,1.6975489854812622,1.6886478662490845,2.0036253929138184,2.207019567489624,2.1926305294036865,2.4919638633728027,2.6910579204559326,3.0321295261383057,3.2241568565368652,2.3682703971862793,2.0321366786956787,2.134129047393799,2.08132004737854,1.8736555576324463,2.177381992340088,2.180532217025757,2.052687406539917,2.431697130203247,2.468719482421875,2.249345064163208,2.5940401554107666,2.5450146198272705,2.850329875946045,3.077315330505371,1.9393945932388306,1.5899447202682495,1.746999979019165,1.491516351699829,1.526241660118103,1.6824873685836792,1.6285525560379028,1.788083791732788,2.063156843185425,2.165013551712036,2.2083871364593506,2.573920249938965,2.7566230297088623,3.0937418937683105,3.3515992164611816
A13,2.2151551246643066,2.112658977508545,1.7919869422912598,1.771463394165039,1.458666205406189,1.3668773174285889,1.3263603448867798,1.05973219871521,0.9880555272102356,0.8876010775566101,0.6146185398101807,0.38105055689811707,0.0,0.37788522243499756,0.611096978187561,1.2348371744155884,1.3093643188476562,0.9590119123458862,1.1179893016815186,1.0541912317276,0.9515024423599243,1.2106825113296509,1.2726036310195923,1.1774570941925049,0.8055257201194763,0.8751089572906494,0.8973953127861023,1.1198375225067139,1.1341729164123535,1.5129766464233398,2.8003013134002686,2.4483635425567627,2.434504508972168,2.1419029235839844,1.9179494380950928,2.049669027328491,1.8653564453125,1.7859026193618774,2.126326322555542,2.327514171600342,2.252453565597534,2.561276912689209,2.7108476161956787,3.0705509185791016,3.246600389480591,2.64638352394104,2.3011622428894043,2.358588695526123,2.2721292972564697,2.0221962928771973,2.2862813472747803,2.2350213527679443,2.051173686981201,2.424285650253296,2.502241373062134,2.259000539779663,2.5831422805786133,2.5041823387145996,2.8230040073394775,3.008211135864258,1.701245903968811,1.3784253597259521,1.6014409065246582,1.398042917251587,1.512963056564331,1.6922181844711304,1.715806245803833,1.9290757179260254,2.1834230422973633,2.2294185161590576,2.2985856533050537,2.6644411087036133,2.86763334274292,3.1814725399017334,3.469180107116699
A14,2.323988914489746,2.277539014816284,1.9497647285461426,1.9904249906539917,1.7105194330215454,1.6090962886810303,1.6162611246109009,1.3949356079101562,1.2685134410858154,1.1089426279067993,0.9067255258560181,0.5934939384460449,0.37788522243499756,0.0,0.3910655081272125,1.5603746175765991,1.6689122915267944,1.3170058727264404,1.4503092765808105,1.3859686851501465,1.2167062759399414,1.4097414016723633,1.449069619178772,1.262736439704895,0.9160164594650269,1.0219733715057373,0.8973253965377808,1.1236910820007324,1.0401146411895752,1.3782962560653687,3.115283250808716,2.7724170684814453,2.7358713150024414,2.4237875938415527,2.1936898231506348,2.2803151607513428,2.0478556156158447,1.9377740621566772,2.253523111343384,2.499443292617798,2.423330068588257,2.6986517906188965,2.836958408355713,3.199223756790161,3.337214231491089,2.929746627807617,2.578986406326294,2.6676454544067383,2.5676612854003906,2.3413400650024414,2.6006710529327393,2.530970335006714,2.359632968902588,2.732011079788208,2.833744525909424,2.60558819770813,2.933420419692993,2.8614661693573,3.1870203018188477,3.36199688911438,1.9639748334884644,1.6597734689712524,1.9215950965881348,1.7522293329238892,1.87095308303833,2.066035509109497,2.091404438018799,2.293304443359375,2.5558722019195557,2.605146884918213,2.6639466285705566,3.0335099697113037,3.2253332138061523,3.5419955253601074,3.8293306827545166
A15,2.7089450359344482,2.6554062366485596,2.3239643573760986,2.338700294494629,2.0485713481903076,1.9259451627731323,1.8774222135543823,1.621010184288025,1.4713114500045776,1.3891462087631226,1.197237253189087,0.8587312698364258,0.611096978187561,0.3910655081272125,0.0,1.5454745292663574,1.737749457359314,1.4224896430969238,1.613645076751709,1.627142071723938,1.4734160900115967,1.7098960876464844,1.7992984056472778,1.6141082048416138,1.2666139602661133,1.3981651067733765,1.2878444194793701,1.497164249420166,1.369499683380127,1.690712332725525,3.4077036380767822,3.0557618141174316,3.0453624725341797,2.7490367889404297,2.5220348834991455,2.636622905731201,2.4221153259277344,2.3142001628875732,2.6377477645874023,2.8738865852355957,2.7857892513275146,3.0705249309539795,3.19484543800354,3.5618300437927246,3.698406934738159,3.219024896621704,2.881634473800659,2.956237554550171,2.8801944255828857,2.6325950622558594,2.8939850330352783,2.828352212905884,2.624833106994629,2.990635633468628,3.08479380607605,2.8251285552978516,3.128396511077881,3.012737989425659,3.3224616050720215,3.471346378326416,2.0433762073516846,1.788307785987854,2.0653035640716553,1.893302321434021,2.0707435607910156,2.223450183868408,2.251474618911743,2.497554063796997,2.7202534675598145,2.7679338455200195,2.8730838298797607,3.22865891456604,3.4533607959747314,3.758948802947998,4.050093650817871
B1,2.9055943489074707,2.6591014862060547,2.4218437671661377,2.229295492172241,1.8744653463363647,1.849524736404419,1.6101186275482178,1.2335374355316162,1.381569504737854,1.5856066942214966,1.320134162902832,1.3837884664535522,1.2348371744155884,1.5603746175765991,1.5454745292663574,0.0,0.3805871307849884,0.49615180492401123,0.8113260865211487,1.0750086307525635,1.2277029752731323,1.6033239364624023,1.8284571170806885,1.9228184223175049,1.644567608833313,1.7240111827850342,1.964545488357544,2.165790557861328,2.276880979537964,2.6673505306243896,2.6420092582702637,2.275193691253662,2.3729286193847656,2.2461743354797363,2.056898832321167,2.3645777702331543,2.3791439533233643,2.3516719341278076,2.7194137573242188,2.759456157684326,2.639371871948242,3.0173115730285645,3.1258883476257324,3.4630048274993896,3.7176573276519775,2.686583995819092,2.4233245849609375,2.3077714443206787,2.295680284500122,1.942204236984253,2.1385762691497803,2.1239373683929443,1.821916103363037,2.106010675430298,2.101224184036255,1.7435911893844604,1.9268423318862915,1.6889649629592896,1.9266144037246704,2.042982339859009,1.117690920829773,0.9871301054954529,1.0225831270217896,0.7677531838417053,1.080191969871521,1.01767098903656,1.1344767808914185,1.5108572244644165,1.5619100332260132,1.512269139289856,1.7558610439300537,2.0256948471069336,2.3447911739349365,2.572934865951538,2.8795480728149414
B2,2.667325496673584,2.391324043273926,2.1877992153167725,1.9737491607666016,1.622522234916687,1.6462351083755493,1.419709324836731,1.0641815662384033,1.3055553436279297,1.4994633197784424,1.2364459037780762,1.4048105478286743,1.3093643188476562,1.6689122915267944,1.737749457359314,0.3805871307849884,0.0,0.37664636969566345,0.5902382731437683,0.8270381093025208,1.0639921426773071,1.414206862449646,1.6230249404907227,1.7831902503967285,1.5520684719085693,1.5952870845794678,1.8922511339187622,2.0796711444854736,2.2484569549560547,2.6301443576812744,2.2831382751464844,1.916672706604004,2.0109903812408447,1.9098105430603027,1.7260926961898804,2.054915428161621,2.111030101776123,2.101760149002075,2.4609479904174805,2.463484048843384,2.3481862545013428,2.7313804626464844,2.846287727355957,3.1686794757843018,3.443101406097412,2.386458396911621,2.1253011226654053,1.9782521724700928,1.9529993534088135,1.5901943445205688,1.768899917602539,1.7616019248962402,1.464387059211731,1.743798017501831,1.72373628616333,1.3678185939788818,1.5679066181182861,1.3589913845062256,1.6196823120117188,1.7765072584152222,1.0061982870101929,0.8290848135948181,0.7506217360496521,0.42753565311431885,0.7132355570793152,0.6448703408241272,0.8154091238975525,1.1816039085388184,1.2533326148986816,1.1718019247055054,1.3904458284378052,1.6744153499603271,1.980373740196228,2.2133827209472656,2.5272421836853027
B3,2.436528444290161,2.1918351650238037,1.9631009101867676,1.8003387451171875,1.4327906370162964,1.4565180540084839,1.2856128215789795,0.9146619439125061,1.1287293434143066,1.2490071058273315,0.936650276184082,1.0865166187286377,0.9590119123458862,1.3170058727264404,1.4224896430969238,0.49615180492401123,0.37664636969566345,0.0,0.38761106133461,0.5874005556106567,0.7537804245948792,1.1282342672348022,1.3343620300292969,1.4504896402359009,1.1934401988983154,1.2612013816833496,1.5393725633621216,1.7528488636016846,1.9156190156936646,2.2963852882385254,2.3317716121673584,1.9581489562988281,2.001542568206787,1.8391515016555786,1.6167793273925781,1.9059927463531494,1.9007387161254883,1.8575468063354492,2.2270870208740234,2.278278112411499,2.15739369392395,2.5318896770477295,2.6490869522094727,2.989553689956665,3.2399580478668213,2.3868091106414795,2.0840227603912354,1.9875067472457886,1.920268177986145,1.5722633600234985,1.7730718851089478,1.7302573919296265,1.449394941329956,1.7763488292694092,1.8087712526321411,1.488507628440857,1.747973918914795,1.5988065004348755,1.900275707244873,2.0652692317962646,0.9981880187988281,0.714532196521759,0.779915452003479,0.49547532200813293,0.7423134446144104,0.8399959802627563,0.9879342913627625,1.301895022392273,1.465983271598816,1.4127525091171265,1.558495044708252,1.8883029222488403,2.1518287658691406,2.4138741493225098,2.7308435440063477
B4,2.2985236644744873,2.0343563556671143,1.8556725978851318,1.7250926494598389,1.3543014526367188,1.476660966873169,1.3843427896499634,1.0619137287139893,1.3382127285003662,1.382534146308899,1.0458930730819702,1.2588680982589722,1.1179893016815186,1.4503092765808105,1.613645076751709,0.8113260865211487,0.5902382731437683,0.38761106133461,0.0,0.37669259309768677,0.5100351572036743,0.8401091694831848,1.100439190864563,1.247267723083496,1.07401442527771,1.1830979585647583,1.5062432289123535,1.7536287307739258,1.9733408689498901,2.330914258956909,2.202460765838623,1.8331507444381714,1.8155617713928223,1.676956295967102,1.4049502611160278,1.7044246196746826,1.718479037284851,1.628811001777649,1.9988714456558228,2.026155471801758,1.862403154373169,2.238544225692749,2.3229176998138428,2.663639545440674,2.9126365184783936,2.3621022701263428,2.0436134338378906,1.917634129524231,1.7822983264923096,1.424923062324524,1.5612560510635376,1.449369192123413,1.1408822536468506,1.4658697843551636,1.5580041408538818,1.2633814811706543,1.5349819660186768,1.4342268705368042,1.776772379875183,1.9320690631866455,0.7696076035499573,0.4168800413608551,0.49001556634902954,0.35905301570892334,0.5685834884643555,0.8131881952285767,1.063102126121521,1.3147209882736206,1.513315200805664,1.3902523517608643,1.4679656028747559,1.8086137771606445,2.0312936305999756,2.2771623134613037,2.6177310943603516
B5,1.9254952669143677,1.6633734703063965,1.4792582988739014,1.3558416366577148,0.9848467111587524,1.1347469091415405,1.100780725479126,0.8363370299339294,1.1361215114593506,1.1204200983047485,0.8085331320762634,1.1016225814819336,1.0541912317276,1.3859686851501465,1.627142071723938,1.0750086307525635,0.8270381093025208,0.5874005556106567,0.37669259309768677,0.0,0.3773476779460907,0.6487483978271484,0.800491213798523,1.0126222372055054,0.8643063902854919,0.8827005624771118,1.242187738418579,1.4530478715896606,1.7118223905563354,2.0533947944641113,1.9608312845230103,1.5953115224838257,1.5517598390579224,1.3612897396087646,1.0860234498977661,1.3577598333358765,1.3523887395858765,1.2888803482055664,1.6570123434066772,1.69673490524292,1.5705634355545044,1.9453836679458618,2.073699712753296,2.4102675914764404,2.6667068004608154,2.071847438812256,1.7317252159118652,1.6426689624786377,1.4861299991607666,1.156403660774231,1.3323843479156494,1.2419102191925049,1.0096484422683716,1.3776499032974243,1.4594178199768066,1.2234381437301636,1.559272289276123,1.5414398908615112,1.8887300491333008,2.0992560386657715,1.0978165864944458,0.7250813841819763,0.7455300688743591,0.5821561217308044,0.5355968475341797,0.8521589040756226,1.018630027770996,1.178066611289978,1.4552384614944458,1.3847415447235107,1.381662130355835,1.7539238929748535,1.926121473312378,2.2109391689300537,2.5312893390655518
B6,1.945942759513855,1.7289519309997559,1.5431363582611084,1.513082504272461,1.1538599729537964,1.316238522529602,1.3518224954605103,1.0999923944473267,1.3285621404647827,1.2302178144454956,0.8784761428833008,1.0881385803222656,0.9515024423599243,1.2167062759399414,1.4734160900115967,1.2277029752731323,1.0639921426773071,0.7537804245948792,0.5100351572036743,0.3773476779460907,0.0,0.38239672780036926,0.6479882001876831,0.7387610673904419,0.5969836115837097,0.7646884918212891,1.0806668996810913,1.3703007698059082,1.6164017915725708,1.9425674676895142,2.25030255317688,1.8970527648925781,1.7985831499099731,1.5878558158874512,1.2695802450180054,1.4799220561981201,1.4013454914093018,1.2406672239303589,1.6163406372070312,1.7121950387954712,1.5372132062911987,1.88942551612854,1.9756804704666138,2.3365437984466553,2.5496954917907715,2.3632309436798096,2.0043258666992188,1.944666862487793,1.7453875541687012,1.444113850593567,1.5840011835098267,1.4227705001831055,1.188642978668213,1.5442743301391602,1.6999653577804565,1.4940108060836792,1.8164184093475342,1.8041763305664062,2.166900157928467,2.3385798931121826,1.0664266347885132,0.6909018754959106,0.872073233127594,0.8366644382476807,0.8721587657928467,1.2025535106658936,1.392152190208435,1.5518320798873901,1.8313497304916382,1.7442443370819092,1.7306686639785767,2.099575996398926,2.2530603408813477,2.524601459503174,2.855487585067749
B7,1.7458070516586304,1.541537880897522,1.411786675453186,1.4569839239120483,1.1428439617156982,1.38055419921875,1.5084859132766724,1.335598349571228,1.5655286312103271,1.3984533548355103,1.090788722038269,1.3144376277923584,1.2106825113296509,1.4097414016723633,1.7098960876464844,1.6033239364624023,1.414206862449646,1.1282342672348022,0.8401091694831848,0.6487483978271484,0.38239672780036926,0.0,0.3847478926181793,0.49278587102890015,0.5716794729232788,0.7459291219711304,1.0514194965362549,1.3444924354553223,1.6354174613952637,1.9071969985961914,2.220851182937622,1.8960412740707397,1.725164771080017,1.5115817785263062,1.160770297050476,1.30958890914917,1.2050645351409912,0.9653551578521729,1.3277560472488403,1.4340952634811401,1.2196720838546753,1.552760362625122,1.615041971206665,1.9830665588378906,2.179154634475708,2.379000663757324,2.010460376739502,1.9609116315841675,1.6997889280319214,1.4443190097808838,1.5291779041290283,1.3082588911056519,1.1295044422149658,1.4639513492584229,1.675224781036377,1.5468806028366089,1.8768597841262817,1.9330096244812012,2.305342674255371,2.4788124561309814,1.2601726055145264,0.9239629507064819,1.07765531539917,1.1236968040466309,1.0752941370010376,1.441838264465332,1.636218547821045,1.7247318029403687,2.0321779251098633,1.9301042556762695,1.8471108675003052,2.2129077911376953,2.307037830352783,2.5714657306671143,2.900346517562866
B8,1.3650904893875122,1.182350993156433,1.0467398166656494,1.1456935405731201,0.8799482583999634,1.1388514041900635,1.3494001626968384,1.27059805393219,1.474173665046692,1.2460339069366455,1.0181981325149536,1.2737284898757935,1.2726036310195923,1.449069619178772,1.7992984056472778,1.8284571170806885,1.6230249404907227,1.3343620300292969,1.100439190864563,0.800491213798523,0.6479882001876831,0.3847478926181793,0.0,0.3790540099143982,0.5545413494110107,0.5434099435806274,0.8540579676628113,1.0786861181259155,1.413892149925232,1.648233413696289,2.0677683353424072,1.7675436735153198,1.5739810466766357,1.303006887435913,0.9753287434577942,1.0300745964050293,0.8555111885070801,0.617257297039032,0.9863906502723694,1.1410335302352905,0.993515133857727,1.3105233907699585,1.4466298818588257,1.8039189577102661,2.0048420429229736,2.153120756149292,1.7750279903411865,1.7811977863311768,1.5087474584579468,1.3226417303085327,1.4408634901046753,1.2636603116989136,1.1977773904800415,1.537290096282959,1.7149238586425781,1.642307996749878,2.0034446716308594,2.1087889671325684,2.470107316970825,2.686704397201538,1.6208277940750122,1.269718885421753,1.3698722124099731,1.3499354124069214,1.2143299579620361,1.5691015720367432,1.6908040046691895,1.7071882486343384,2.053467273712158,2.0028460025787354,1.8695399761199951,2.241814136505127,2.2923078536987305,2.5853431224823,2.883425235748291
B9,1.527397632598877,1.4264614582061768,1.2605918645858765,1.422263264656067,1.173242211341858,1.3645429611206055,1.5761088132858276,1.470247507095337,1.6050875186920166,1.3386414051055908,1.0926390886306763,1.2400312423706055,1.1774570941925049,1.262736439704895,1.6141082048416138,1.9228184223175049,1.7831902503967285,1.4504896402359009,1.247267723083496,1.0126222372055054,0.7387610673904419,0.49278587102890015,0.3790540099143982,0.0,0.37195828557014465,0.542120635509491,0.6988435387611389,1.0097973346710205,1.2899665832519531,1.5055756568908691,2.442270517349243,2.142615795135498,1.950331211090088,1.6694412231445312,1.3504366874694824,1.3679206371307373,1.1315336227416992,0.848389744758606,1.1688534021377563,1.3969082832336426,1.2334824800491333,1.4903312921524048,1.582798957824707,1.952099084854126,2.090388536453247,2.486185312271118,2.1040079593658447,2.138706684112549,1.876487135887146,1.6958839893341064,1.8189096450805664,1.6266498565673828,1.5348058938980103,1.8655446767807007,2.0681474208831787,1.9778448343276978,2.3268325328826904,2.403562068939209,2.7718474864959717,2.9620580673217773,1.703824520111084,1.3672261238098145,1.555521845817566,1.5544090270996094,1.4938759803771973,1.8452860116958618,1.9750537872314453,2.0326523780822754,2.371485471725464,2.3231115341186523,2.219550609588623,2.5948500633239746,2.662043333053589,2.9513866901397705,3.2558608055114746
B10,1.6858311891555786,1.5798640251159668,1.3404078483581543,1.438037395477295,1.1433504819869995,1.2481080293655396,1.3955625295639038,1.235603928565979,1.328722357749939,1.0822720527648926,0.7956913709640503,0.892802894115448,0.8055257201194763,0.9160164594650269,1.2666139602661133,1.644567608833313,1.5520684719085693,1.1934401988983154,1.07401442527771,0.8643063902854919,0.5969836115837097,0.5716794729232788,0.5545413494110107,0.37195828557014465,0.0,0.37682777643203735,0.5385448336601257,0.8914183974266052,1.1168900728225708,1.4064457416534424,2.498131513595581,2.1723556518554688,2.039832830429077,1.7449232339859009,1.4492794275283813,1.5162672996520996,1.292124629020691,1.093772053718567,1.4349912405014038,1.6553013324737549,1.5291060209274292,1.8130329847335815,1.931670069694519,2.297883987426758,2.452803134918213,2.4749977588653564,2.0948665142059326,2.1382694244384766,1.9305566549301147,1.7167860269546509,1.897782564163208,1.7541061639785767,1.621769905090332,1.9811795949935913,2.1423044204711914,1.9936163425445557,2.3443446159362793,2.370152711868286,2.730463743209839,2.9227707386016846,1.6108053922653198,1.2546069622039795,1.4689112901687622,1.400785207748413,1.3929979801177979,1.709571361541748,1.8128392696380615,1.9205596446990967,2.2444770336151123,2.2240657806396484,2.1733694076538086,2.555462598800659,2.6695125102996826,2.972383975982666,3.275681257247925
B11,1.3899873495101929,1.2890595197677612,1.0065258741378784,1.095624566078186,0.8266712427139282,0.8998301029205322,1.0972230434417725,1.0205166339874268,1.095589280128479,0.8016616702079773,0.6084417104721069,0.7926682233810425,0.8751089572906494,1.0219733715057373,1.3981651067733765,1.7240111827850342,1.5952870845794678,1.2612013816833496,1.1830979585647583,0.8827005624771118,0.7646884918212891,0.7459291219711304,0.5434099435806274,0.542120635509491,0.37682777643203735,0.0,0.38809436559677124,0.6152142286300659,0.9122145771980286,1.2067806720733643,2.2615418434143066,1.9501286745071411,1.8340263366699219,1.5011518001556396,1.2553635835647583,1.2808371782302856,1.03292715549469,0.9284253120422363,1.254125952720642,1.4810870885849,1.4373036623001099,1.718152403831482,1.9078247547149658,2.2508978843688965,2.4323697090148926,2.1571929454803467,1.7773065567016602,1.8645695447921753,1.6803463697433472,1.5112757682800293,1.7387845516204834,1.6592475175857544,1.5942573547363281,1.962433099746704,2.0729682445526123,1.9487218856811523,2.322148084640503,2.3767306804656982,2.7218470573425293,2.957127332687378,1.8293830156326294,1.4514938592910767,1.5907946825027466,1.455558180809021,1.3689112663269043,1.6609058380126953,1.6926000118255615,1.7437996864318848,2.0915699005126953,2.1221864223480225,2.042855739593506,2.4263598918914795,2.5183544158935547,2.846442222595215,3.1202402114868164
B12,1.4568257331848145,1.4553594589233398,1.1497092247009277,1.3108789920806885,1.1146913766860962,1.107633113861084,1.3208400011062622,1.2744855880737305,1.2408818006515503,0.8974040746688843,0.7908968329429626,0.8030474185943604,0.8973953127861023,0.8973253965377808,1.2878444194793701,1.964545488357544,1.8922511339187622,1.5393725633621216,1.5062432289123535,1.242187738418579,1.0806668996810913,1.0514194965362549,0.8540579676628113,0.6988435387611389,0.5385448336601257,0.38809436559677124,0.0,0.3827550411224365,0.5970459580421448,0.8714450001716614,2.584808111190796,2.2893455028533936,2.171596050262451,1.8191114664077759,1.5983245372772217,1.563469648361206,1.2574150562286377,1.1446412801742554,1.4076244831085205,1.697873592376709,1.676884651184082,1.901857852935791,2.090805768966675,2.4277451038360596,2.5632266998291016,2.403930425643921,2.030595064163208,2.167581081390381,1.9980977773666382,1.8649579286575317,2.1016721725463867,2.026052713394165,1.975426435470581,2.339351177215576,2.456143379211426,2.3367552757263184,2.7099597454071045,2.7580974102020264,3.102515697479248,3.3334176540374756,2.12188458442688,1.7543766498565674,1.9353151321411133,1.7986867427825928,1.7421339750289917,2.0198118686676025,2.029635429382324,2.0863096714019775,2.431630849838257,2.4856603145599365,2.4146769046783447,2.797314167022705,2.8873448371887207,3.2220993041992188,3.485868453979492
B13,1.2698094844818115,1.3251395225524902,0.9837102890014648,1.1576420068740845,1.0552384853363037,0.9677445292472839,1.2216719388961792,1.2791194915771484,1.1855307817459106,0.8111222386360168,0.8738232254981995,0.898953914642334,1.1198375225067139,1.1236910820007324,1.497164249420166,2.165790557861328,2.0796711444854736,1.7528488636016846,1.7536287307739258,1.4530478715896606,1.3703007698059082,1.3444924354553223,1.0786861181259155,1.0097973346710205,0.8914183974266052,0.6152142286300659,0.3827550411224365,0.0,0.37761688232421875,0.6166564226150513,2.518456220626831,2.252004623413086,2.1538145542144775,1.7763456106185913,1.6248503923416138,1.5331881046295166,1.2088088989257812,1.1975947618484497,1.3951205015182495,1.6933205127716064,1.7550294399261475,1.9498544931411743,2.19386625289917,2.4986610412597656,2.64249849319458,2.2313263416290283,1.874937891960144,2.071979284286499,1.9391781091690063,1.8674497604370117,2.136704206466675,2.1190860271453857,2.126016616821289,2.4854183197021484,2.5603809356689453,2.4648048877716064,2.847938060760498,2.9166831970214844,3.243614912033081,3.5059990882873535,2.4254491329193115,2.047633409500122,2.184523344039917,2.005693197250366,1.9019620418548584,2.1473076343536377,2.0929505825042725,2.0997681617736816,2.452934980392456,2.556555986404419,2.465522050857544,2.8390755653381348,2.907011032104492,3.259679079055786,3.4896020889282227
