0.000000000000000000e+00,3.848904371261596680e-01,5.756959319114685059e-01,8.881365060806274414e-01,1.156161069869995117e+00,1.469711184501647949e+00,1.817180871963500977e+00,1.908565878868103027e+00,2.133757114410400391e+00,1.902254581451416016e+00,1.615958333015441895e+00,1.797493457794189453e+00,1.657678961753845215e+00,1.785751223564147949e+00,2.050891160964965820e+00,2.278777122497558594e+00,1.998144388198852539e+00,1.717034220695495605e+00,1.533810377120971680e+00,1.173678159713745117e+00,1.035034298896789551e+00,7.225999832153320312e-01,7.805422544479370117e-01,9.819153547286987305e-01,1.179243326187133789e+00,1.279028415679931641e+00,1.593642473220825195e+00,1.797144651412963867e+00,2.156390428543090820e+00,2.376033544540405273e+00,1.997038006782531738e+00,1.635079264640808105e+00,1.557060599327087402e+00,1.353316187858581543e+00,1.176420211791992188e+00,1.217730879783630371e+00,1.274143099784851074e+00,1.622813701629638672e+00,1.771320819854736328e+00,1.665755629539489746e+00,1.761802077293395996e+00,2.151663303375244141e+00,2.358125925064086914e+00,2.651789426803588867e+00,2.996267795562744141e+00,1.391721367835998535e+00,1.496305227279663086e+00,1.267399668693542480e+00,1.545212626457214355e+00,1.433051586151123047e+00,1.752492070198059082e+00,1.879551172256469727e+00,1.810577511787414551e+00,2.171635866165161133e+00,2.149145364761352539e+00,1.841110587120056152e+00,2.043395042419433594e+00,1.855044126510620117e+00,2.133034944534301758e+00,2.236655712127685547e+00,1.960190415382385254e+00,1.601456761360168457e+00,1.480812072753906250e+00,1.161474585533142090e+00,1.001563668251037598e+00,8.093817830085754395e-01,8.335453271865844727e-01,1.221874356269836426e+00,1.252187371253967285e+00,1.099512100219726562e+00,1.290142178535461426e+00,1.575440883636474609e+00,1.852308511734008789e+00,2.096070051193237305e+00,2.454640626907348633e+00
3.848904371261596680e-01,0.000000000000000000e+00,3.753124773502349854e-01,5.864000916481018066e-01,8.704033493995666504e-01,1.169983983039855957e+00,1.527704119682312012e+00,1.678593277931213379e+00,1.890023827552795410e+00,1.644619703292846680e+00,1.410325407981872559e+00,1.652799844741821289e+00,1.594814538955688477e+00,1.761396884918212891e+00,2.075555086135864258e+00,2.022693872451782227e+00,1.784834265708923340e+00,1.469405651092529297e+00,1.345319986343383789e+00,9.781652688980102539e-01,9.276489019393920898e-01,6.942009329795837402e-01,6.504777073860168457e-01,9.743708968162536621e-01,1.149554133415222168e+00,1.128456592559814453e+00,1.440169930458068848e+00,1.571792721748352051e+00,1.946292638778686523e+00,2.145119905471801758e+00,1.671214699745178223e+00,1.329430222511291504e+00,1.263027429580688477e+00,1.130685687065124512e+00,9.789632558822631836e-01,1.137768864631652832e+00,1.274100422859191895e+00,1.588747620582580566e+00,1.795335173606872559e+00,1.666277527809143066e+00,1.676888227462768555e+00,2.068958520889282227e+00,2.218818902969360352e+00,2.513128519058227539e+00,2.853563308715820312e+00,1.448897600173950195e+00,1.453777194023132324e+00,1.194407701492309570e+00,1.406047701835632324e+00,1.219967722892761230e+00,1.527120709419250488e+00,1.616530299186706543e+00,1.581982612609863281e+00,1.955790758132934570e+00,1.955586314201354980e+00,1.694021940231323242e+00,1.951111435890197754e+00,1.830985546112060547e+00,2.151260375976562500e+00,2.294501543045043945e+00,1.592872381210327148e+00,1.244861245155334473e+00,1.119782805442810059e+00,7.834456562995910645e-01,6.763266324996948242e-01,4.859590828418731689e-01,6.563143730163574219e-01,1.021178603172302246e+00,1.085286378860473633e+00,8.701399564743041992e-01,9.786141514778137207e-01,1.271087646484375000e+00,1.512741684913635254e+00,1.761893987655639648e+00,2.119184970855712891e+00
5.756959319114685059e-01,3.753124773502349854e-01,0.000000000000000000e+00,3.777289688587188721e-01,5.848964452743530273e-01,9.115825295448303223e-01,1.246511697769165039e+00,1.346927523612976074e+00,1.587663769721984863e+00,1.381709933280944824e+00,1.112911105155944824e+00,1.365239739418029785e+00,1.302164912223815918e+00,1.523069977760314941e+00,1.823145747184753418e+00,1.715968251228332520e+00,1.450461030006408691e+00,1.149562835693359375e+00,9.852466583251953125e-01,6.185567378997802734e-01,5.710752606391906738e-01,4.355466067790985107e-01,5.352722406387329102e-01,8.596889376640319824e-01,9.162814021110534668e-01,8.756198287010192871e-01,1.237870693206787109e+00,1.386230111122131348e+00,1.747925162315368652e+00,2.000518560409545898e+00,1.630794882774353027e+00,1.312762260437011719e+00,1.143960714340209961e+00,1.016915321350097656e+00,7.595752477645874023e-01,9.217385053634643555e-01,1.006585717201232910e+00,1.280077099800109863e+00,1.531212925910949707e+00,1.453607320785522461e+00,1.440992116928100586e+00,1.835908055305480957e+00,1.976669311523437500e+00,2.300570011138916016e+00,2.614626407623291016e+00,1.120594143867492676e+00,1.089138269424438477e+00,8.491958975791931152e-01,1.078035712242126465e+00,9.397668838500976562e-01,1.290779829025268555e+00,1.452391147613525391e+00,1.484635710716247559e+00,1.834690451622009277e+00,1.771365404129028320e+00,1.514315247535705566e+00,1.797344803810119629e+00,1.702415227890014648e+00,2.007858037948608398e+00,2.206856250762939453e+00,1.466827154159545898e+00,1.102520704269409180e+00,9.814462661743164062e-01,7.395216226577758789e-01,5.585249662399291992e-01,6.063457131385803223e-01,8.230445384979248047e-01,1.162019133567810059e+00,1.329985022544860840e+00,1.151443719863891602e+00,1.160412788391113281e+00,1.489660978317260742e+00,1.661887049674987793e+00,1.938842773437500000e+00,2.275422573089599609e+00
8.881365060806274414e-01,5.864000916481018066e-01,3.777289688587188721e-01,0.000000000000000000e+00,3.726658225059509277e-01,5.942776203155517578e-01,9.607834815979003906e-01,1.122993350028991699e+00,1.309252619743347168e+00,1.065222263336181641e+00,8.608413934707641602e-01,1.161332964897155762e+00,1.201741337776184082e+00,1.432062745094299316e+00,1.778450250625610352e+00,1.539677739143371582e+00,1.334197402000427246e+00,9.844338297843933105e-01,8.701361417770385742e-01,5.574991106986999512e-01,5.814971327781677246e-01,5.779407620429992676e-01,4.903667867183685303e-01,8.540300726890563965e-01,8.835110068321228027e-01,6.899024844169616699e-01,1.009040355682373047e+00,1.075166344642639160e+00,1.445198774337768555e+00,1.674964427947998047e+00,1.515735387802124023e+00,1.260458827018737793e+00,1.086714506149291992e+00,1.088573336601257324e+00,8.541360497474670410e-01,1.124843001365661621e+00,1.237884759902954102e+00,1.436017274856567383e+00,1.743083834648132324e+00,1.677670955657958984e+00,1.586021661758422852e+00,1.964938044548034668e+00,2.037478208541870117e+00,2.366861343383789062e+00,2.656612157821655273e+00,1.296935200691223145e+00,1.174219369888305664e+00,9.790926575660705566e-01,1.125913977622985840e+00,9.373977184295654297e-01,1.273077607154846191e+00,1.407246589660644531e+00,1.515394687652587891e+00,1.858210563659667969e+00,1.802554249763488770e+00,1.614814996719360352e+00,1.948172330856323242e+00,1.921050071716308594e+00,2.243415832519531250e+00,2.474796772003173828e+00,1.120763540267944336e+00,7.462896108627319336e-01,7.097749710083007812e-01,5.088658332824707031e-01,5.147260427474975586e-01,6.787434816360473633e-01,1.006931066513061523e+00,1.279181599617004395e+00,1.448200106620788574e+00,1.212280631065368652e+00,1.128461480140686035e+00,1.414583325386047363e+00,1.522296190261840820e+00,1.771897315979003906e+00,2.105448484420776367e+00
1.156161069869995117e+00,8.704033493995666504e-01,5.848964452743530273e-01,3.726658225059509277e-01,0.000000000000000000e+00,3.825027644634246826e-01,6.802706122398376465e-01,8.484379053115844727e-01,1.101631522178649902e+00,9.435381889343261719e-01,7.759059667587280273e-01,1.137041449546813965e+00,1.221594214439392090e+00,1.523834705352783203e+00,1.842571377754211426e+00,1.175583481788635254e+00,9.727137684822082520e-01,6.211915612220764160e-01,5.797056555747985840e-01,3.208955824375152588e-01,5.826665759086608887e-01,7.765966653823852539e-01,8.105965256690979004e-01,1.125493884086608887e+00,1.041284918785095215e+00,7.990438342094421387e-01,1.125334024429321289e+00,1.139589548110961914e+00,1.474149823188781738e+00,1.736907124519348145e+00,1.330041170120239258e+00,1.119239926338195801e+00,8.609234690666198730e-01,9.092728495597839355e-01,6.503441929817199707e-01,9.603769779205322266e-01,1.088287830352783203e+00,1.207443594932556152e+00,1.546712994575500488e+00,1.491619348526000977e+00,1.334255933761596680e+00,1.689839720726013184e+00,1.720991015434265137e+00,2.057616472244262695e+00,2.325180768966674805e+00,1.207293748855590820e+00,9.874481558799743652e-01,7.835099697113037109e-01,8.269845247268676758e-01,6.213243007659912109e-01,9.492614269256591797e-01,1.118774890899658203e+00,1.293642163276672363e+00,1.599659562110900879e+00,1.506318569183349609e+00,1.358152985572814941e+00,1.717773079872131348e+00,1.747241854667663574e+00,2.065111398696899414e+00,2.340095281600952148e+00,9.858834743499755859e-01,6.524346470832824707e-01,5.344120860099792480e-01,5.413116216659545898e-01,4.622530937194824219e-01,8.002246618270874023e-01,1.103002309799194336e+00,1.305569529533386230e+00,1.556804180145263672e+00,1.379267930984497070e+00,1.213833093643188477e+00,1.525845527648925781e+00,1.560423612594604492e+00,1.845952510833740234e+00,2.132972002029418945e+00
1.469711184501647949e+00,1.169983983039855957e+00,9.115825295448303223e-01,5.942776203155517578e-01,3.825027644634246826e-01,0.000000000000000000e+00,3.751004338264465332e-01,6.223421096801757812e-01,7.797366380691528320e-01,5.949452519416809082e-01,5.566472411155700684e-01,9.478257894515991211e-01,1.147961378097534180e+00,1.444981336593627930e+00,1.781988143920898438e+00,1.053869009017944336e+00,9.418999552726745605e-01,5.794528722763061523e-01,5.995916724205017090e-01,5.627232789993286133e-01,7.616154551506042480e-01,9.977350234985351562e-01,9.482555985450744629e-01,1.210616111755371094e+00,1.087453842163085938e+00,7.461326718330383301e-01,9.647101163864135742e-01,8.724852800369262695e-01,1.173841953277587891e+00,1.425003767013549805e+00,1.427596569061279297e+00,1.308534026145935059e+00,1.059620380401611328e+00,1.208586335182189941e+00,9.866831302642822266e-01,1.303290605545043945e+00,1.406136035919189453e+00,1.453567147254943848e+00,1.820990681648254395e+00,1.800772547721862793e+00,1.602385640144348145e+00,1.922528743743896484e+00,1.892976164817810059e+00,2.229992151260375977e+00,2.453505277633666992e+00,1.416848063468933105e+00,1.151937603950500488e+00,1.047280192375183105e+00,1.034899353981018066e+00,8.621618151664733887e-01,1.125620484352111816e+00,1.273838281631469727e+00,1.521725654602050781e+00,1.791249871253967285e+00,1.690751314163208008e+00,1.613633036613464355e+00,1.992611765861511230e+00,2.067397117614746094e+00,2.377952575683593750e+00,2.675860881805419922e+00,7.337029576301574707e-01,4.312979876995086670e-01,5.309089422225952148e-01,6.882733702659606934e-01,7.801098227500915527e-01,1.106259822845458984e+00,1.440611720085144043e+00,1.609868407249450684e+00,1.844616174697875977e+00,1.631792306900024414e+00,1.422024250030517578e+00,1.674773693084716797e+00,1.645557761192321777e+00,1.885794758796691895e+00,2.156062126159667969e+00
1.817180871963500977e+00,1.527704119682312012e+00,1.246511697769165039e+00,9.607834815979003906e-01,6.802706122398376465e-01,3.751004338264465332e-01,0.000000000000000000e+00,3.835521936416625977e-01,5.356498956680297852e-01,5.287365317344665527e-01,6.364846229553222656e-01,9.958979487419128418e-01,1.251609444618225098e+00,1.574526429176330566e+00,1.873203396797180176e+00,7.491159439086914062e-01,7.300566434860229492e-01,4.475255012512207031e-01,6.012861728668212891e-01,7.628918886184692383e-01,1.002715468406677246e+00,1.305075049400329590e+00,1.296472549438476562e+00,1.516783714294433594e+00,1.331152319908142090e+00,9.895386695861816406e-01,1.145587444305419922e+00,9.978033900260925293e-01,1.202033758163452148e+00,1.462336182594299316e+00,1.477859497070312500e+00,1.440749645233154297e+00,1.158898472785949707e+00,1.355258703231811523e+00,1.153083086013793945e+00,1.449470996856689453e+00,1.533760786056518555e+00,1.487496256828308105e+00,1.867328882217407227e+00,1.877648949623107910e+00,1.628954052925109863e+00,1.893466353416442871e+00,1.802017211914062500e+00,2.134555578231811523e+00,2.304887294769287109e+00,1.528377294540405273e+00,1.202190637588500977e+00,1.159080743789672852e+00,1.048543453216552734e+00,9.278807044029235840e-01,1.105303049087524414e+00,1.265823483467102051e+00,1.582396268844604492e+00,1.784751176834106445e+00,1.647244930267333984e+00,1.639825224876403809e+00,2.023712396621704102e+00,2.153241634368896484e+00,2.442087888717651367e+00,2.774058103561401367e+00,7.405538558959960938e-01,6.172409653663635254e-01,7.153257131576538086e-01,9.919489026069641113e-01,1.060541510581970215e+00,1.420189976692199707e+00,1.733747482299804688e+00,1.857860445976257324e+00,2.126941680908203125e+00,1.942328810691833496e+00,1.692019224166870117e+00,1.935181140899658203e+00,1.845678448677062988e+00,2.084449052810668945e+00,2.306827783584594727e+00
1.908565878868103027e+00,1.678593277931213379e+00,1.346927523612976074e+00,1.122993350028991699e+00,8.484379053115844727e-01,6.223421096801757812e-01,3.835521936416625977e-01,0.000000000000000000e+00,3.852520585060119629e-01,5.559801459312438965e-01,5.537073612213134766e-01,8.200610280036926270e-01,1.043911337852478027e+00,1.393473386764526367e+00,1.632763266563415527e+00,7.352243661880493164e-01,6.230980753898620605e-01,4.861453175544738770e-01,4.688932597637176514e-01,7.785608768463134766e-01,9.488074779510498047e-01,1.302258133888244629e+00,1.367527961730957031e+00,1.510568380355834961e+00,1.246453285217285156e+00,9.617448449134826660e-01,1.113652586936950684e+00,1.046632528305053711e+00,1.186592221260070801e+00,1.515884518623352051e+00,1.786974072456359863e+00,1.725774168968200684e+00,1.403611660003662109e+00,1.532332181930541992e+00,1.267512202262878418e+00,1.484029293060302734e+00,1.475533366203308105e+00,1.366830468177795410e+00,1.751762628555297852e+00,1.836140990257263184e+00,1.616171002388000488e+00,1.862020254135131836e+00,1.792820692062377930e+00,2.148109436035156250e+00,2.281672000885009766e+00,1.332780241966247559e+00,9.968512058258056641e-01,1.071464657783508301e+00,9.877265691757202148e-01,1.008956909179687500e+00,1.213548898696899414e+00,1.458609461784362793e+00,1.775796890258789062e+00,1.950110197067260742e+00,1.748402595520019531e+00,1.716907143592834473e+00,2.075505971908569336e+00,2.185947418212890625e+00,2.430690050125122070e+00,2.781372547149658203e+00,1.115752220153808594e+00,9.700934886932373047e-01,1.054899454116821289e+00,1.284995436668395996e+00,1.280429482460021973e+00,1.643975734710693359e+00,1.933203458786010742e+00,2.094885110855102539e+00,2.379633426666259766e+00,2.209171772003173828e+00,1.993158102035522461e+00,2.265226602554321289e+00,2.203067779541015625e+00,2.452932834625244141e+00,2.683440208435058594e+00
2.133757114410400391e+00,1.890023827552795410e+00,1.587663769721984863e+00,1.309252619743347168e+00,1.101631522178649902e+00,7.797366380691528320e-01,5.356498956680297852e-01,3.852520585060119629e-01,0.000000000000000000e+00,3.665810823440551758e-01,5.771747231483459473e-01,7.410877943038940430e-01,1.068725109100341797e+00,1.355793237686157227e+00,1.605871319770812988e+00,9.705840945243835449e-01,9.686386585235595703e-01,8.371509909629821777e-01,8.274651765823364258e-01,1.089241504669189453e+00,1.189893126487731934e+00,1.503934383392333984e+00,1.493428111076354980e+00,1.593098998069763184e+00,1.339124202728271484e+00,1.022524833679199219e+00,1.031422138214111328e+00,8.737671375274658203e-01,9.103383421897888184e-01,1.216359615325927734e+00,2.002294301986694336e+00,1.976266860961914062e+00,1.687310814857482910e+00,1.856073379516601562e+00,1.607982993125915527e+00,1.849262475967407227e+00,1.844080448150634766e+00,1.745707154273986816e+00,2.130186319351196289e+00,2.219567537307739258e+00,1.998914361000061035e+00,2.238973140716552734e+00,2.148248672485351562e+00,2.492747545242309570e+00,2.604774236679077148e+00,1.637403845787048340e+00,1.331944823265075684e+00,1.432067394256591797e+00,1.371795773506164551e+00,1.367252945899963379e+00,1.559130549430847168e+00,1.762864828109741211e+00,2.091515541076660156e+00,2.267549276351928711e+00,2.087244272232055664e+00,2.080430507659912109e+00,2.446862936019897461e+00,2.564403533935546875e+00,2.814917564392089844e+00,3.163705348968505859e+00,1.106173038482666016e+00,1.024516820907592773e+00,1.225327730178833008e+00,1.458947896957397461e+00,1.537767171859741211e+00,1.880047321319580078e+00,2.201056718826293945e+00,2.364369630813598633e+00,2.619528293609619141e+00,2.410371303558349609e+00,2.186488866806030273e+00,2.413709878921508789e+00,2.329849004745483398e+00,2.532328605651855469e+00,2.760035991668701172e+00
1.902254581451416016e+00,1.644619703292846680e+00,1.381709933280944824e+00,1.065222263336181641e+00,9.435381889343261719e-01,5.949452519416809082e-01,5.287365317344665527e-01,5.559801459312438965e-01,3.665810823440551758e-01,0.000000000000000000e+00,3.856984078884124756e-01,6.143344640731811523e-01,9.657248258590698242e-01,1.212622284889221191e+00,1.532387495040893555e+00,1.191697955131530762e+00,1.151568055152893066e+00,9.066795110702514648e-01,8.562493324279785156e-01,9.987119436264038086e-01,1.049157261848449707e+00,1.299954533576965332e+00,1.214819431304931641e+00,1.326257109642028809e+00,1.129956364631652832e+00,7.703099250793457031e-01,7.465217709541320801e-01,5.387839078903198242e-01,6.777555942535400391e-01,9.725878834724426270e-01,1.933232307434082031e+00,1.872883796691894531e+00,1.622202396392822266e+00,1.787283778190612793e+00,1.541819810867309570e+00,1.814850568771362305e+00,1.836810231208801270e+00,1.814507961273193359e+00,2.198311805725097656e+00,2.254044055938720703e+00,2.058482408523559570e+00,2.344961404800415039e+00,2.286640405654907227e+00,2.633817195892333984e+00,2.792731523513793945e+00,1.641902208328247070e+00,1.379883527755737305e+00,1.428102850914001465e+00,1.429440975189208984e+00,1.364038586616516113e+00,1.604252099990844727e+00,1.778370499610900879e+00,2.071398735046386719e+00,2.299798727035522461e+00,2.161246776580810547e+00,2.118839263916015625e+00,2.494291305541992188e+00,2.580601215362548828e+00,2.859304904937744141e+00,3.181172847747802734e+00,9.416899085044860840e-01,7.930521368980407715e-01,1.062399387359619141e+00,1.233436346054077148e+00,1.368239402770996094e+00,1.669838309288024902e+00,2.013470649719238281e+00,2.199252843856811523e+00,2.413599252700805664e+00,2.169220685958862305e+00,1.967831492424011230e+00,2.172796964645385742e+00,2.116555213928222656e+00,2.295346975326538086e+00,2.554706096649169922e+00
1.615958333015441895e+00,1.410325407981872559e+00,1.112911105155944824e+00,8.608413934707641602e-01,7.759059667587280273e-01,5.566472411155700684e-01,6.364846229553222656e-01,5.537073612213134766e-01,5.771747231483459473e-01,3.856984078884124756e-01,0.000000000000000000e+00,3.931474983692169189e-01,6.441588997840881348e-01,9.412417411804199219e-01,1.262993454933166504e+00,1.264699339866638184e+00,1.103276610374450684e+00,8.478791713714599609e-01,6.452012062072753906e-01,7.423638105392456055e-01,6.980062723159790039e-01,9.587706923484802246e-01,9.376084208488464355e-01,1.018047332763671875e+00,7.764339447021484375e-01,4.475298523902893066e-01,5.656351447105407715e-01,5.851047039031982422e-01,8.089909553527832031e-01,1.163459181785583496e+00,1.978241086006164551e+00,1.846299052238464355e+00,1.573299765586853027e+00,1.658197760581970215e+00,1.359145164489746094e+00,1.582408905029296875e+00,1.555073857307434082e+00,1.561790823936462402e+00,1.935263752937316895e+00,2.012123584747314453e+00,1.870245933532714844e+00,2.184247732162475586e+00,2.186931848526000977e+00,2.552339792251586914e+00,2.735305309295654297e+00,1.291835784912109375e+00,1.074197888374328613e+00,1.144865274429321289e+00,1.230107069015502930e+00,1.215967774391174316e+00,1.522445201873779297e+00,1.749193906784057617e+00,2.002643346786499023e+00,2.254151582717895508e+00,2.094380378723144531e+00,1.987382292747497559e+00,2.341662645339965820e+00,2.377629995346069336e+00,2.640948772430419922e+00,2.950119733810424805e+00,1.159243106842041016e+00,8.976312279701232910e-01,1.084920406341552734e+00,1.172653555870056152e+00,1.226872920989990234e+00,1.513262391090393066e+00,1.833173990249633789e+00,2.069759845733642578e+00,2.285500526428222656e+00,2.053626537322998047e+00,1.905532717704772949e+00,2.155300855636596680e+00,2.160904407501220703e+00,2.372144937515258789e+00,2.663268566131591797e+00
1.797493457794189453e+00,1.652799844741821289e+00,1.365239739418029785e+00,1.161332964897155762e+00,1.137041449546813965e+00,9.478257894515991211e-01,9.958979487419128418e-01,8.200610280036926270e-01,7.410877943038940430e-01,6.143344640731811523e-01,3.931474983692169189e-01,0.000000000000000000e+00,3.856728076934814453e-01,6.186898946762084961e-01,9.186668992042541504e-01,1.554758071899414062e+00,1.384107112884521484e+00,1.190259814262390137e+00,9.350237250328063965e-01,1.051893353462219238e+00,8.904753923416137695e-01,1.097333312034606934e+00,1.082965016365051270e+00,1.017376899719238281e+00,7.278056144714355469e-01,5.379363298416137695e-01,4.615758061408996582e-01,6.084878444671630859e-01,6.881482005119323730e-01,1.084461450576782227e+00,2.371199131011962891e+00,2.231276512145996094e+00,1.955770492553710938e+00,2.014168977737426758e+00,1.692210912704467773e+00,1.868332147598266602e+00,1.778001427650451660e+00,1.770890593528747559e+00,2.128498792648315430e+00,2.254672527313232422e+00,2.150953292846679688e+00,2.457505226135253906e+00,2.480175256729125977e+00,2.853991746902465820e+00,3.015762805938720703e+00,1.362876176834106445e+00,1.212697029113769531e+00,1.373120903968811035e+00,1.507299900054931641e+00,1.555542230606079102e+00,1.872180104255676270e+00,2.123273134231567383e+00,2.372822999954223633e+00,2.619289875030517578e+00,2.437967300415039062e+00,2.315351247787475586e+00,2.651701688766479492e+00,2.662801027297973633e+00,2.898217201232910156e+00,3.205457925796508789e+00,1.504413485527038574e+00,1.259795308113098145e+00,1.472387075424194336e+00,1.530362844467163086e+00,1.578557491302490234e+00,1.834613323211669922e+00,2.143283367156982422e+00,2.410818338394165039e+00,2.608583450317382812e+00,2.364996671676635742e+00,2.251080513000488281e+00,2.493031740188598633e+00,2.518308639526367188e+00,2.710124015808105469e+00,3.013608694076538086e+00
1.657678961753845215e+00,1.594814538955688477e+00,1.302164912223815918e+00,1.201741337776184082e+00,1.221594214439392090e+00,1.147961378097534180e+00,1.251609444618225098e+00,1.043911337852478027e+00,1.068725109100341797e+00,9.657248258590698242e-01,6.441588997840881348e-01,3.856728076934814453e-01,0.000000000000000000e+00,3.798635005950927734e-01,6.375629305839538574e-01,1.748597979545593262e+00,1.505234241485595703e+00,1.334503531455993652e+00,1.001934647560119629e+00,1.063761115074157715e+00,7.929888367652893066e-01,9.456532597541809082e-01,1.018755197525024414e+00,8.611375093460083008e-01,5.149591565132141113e-01,5.607979893684387207e-01,6.041162610054016113e-01,9.041770696640014648e-01,1.014156460762023926e+00,1.393522024154663086e+00,2.529648780822753906e+00,2.340127229690551758e+00,2.057418346405029297e+00,2.045055150985717773e+00,1.693512439727783203e+00,1.799455881118774414e+00,1.647420883178710938e+00,1.665114283561706543e+00,1.987718105316162109e+00,2.143386840820312500e+00,2.104401826858520508e+00,2.421233654022216797e+00,2.500966072082519531e+00,2.881254673004150391e+00,3.056248903274536133e+00,1.126316070556640625e+00,1.077716827392578125e+00,1.278594970703125000e+00,1.493603825569152832e+00,1.597037553787231445e+00,1.945328235626220703e+00,2.229683160781860352e+00,2.439091920852661133e+00,2.694843053817749023e+00,2.497424602508544922e+00,2.322580575942993164e+00,2.624690055847167969e+00,2.584563016891479492e+00,2.791821002960205078e+00,3.079788208007812500e+00,1.792028188705444336e+00,1.499962568283081055e+00,1.652942299842834473e+00,1.650225281715393066e+00,1.630665302276611328e+00,1.850944995880126953e+00,2.118335247039794922e+00,2.424497604370117188e+00,2.615262508392333984e+00,2.390330791473388672e+00,2.329641103744506836e+00,2.599697828292846680e+00,2.673785209655761719e+00,2.885663270950317383e+00,3.209033489227294922e+00
1.785751223564147949e+00,1.761396884918212891e+00,1.523069977760314941e+00,1.432062745094299316e+00,1.523834705352783203e+00,1.444981336593627930e+00,1.574526429176330566e+00,1.393473386764526367e+00,1.355793237686157227e+00,1.212622284889221191e+00,9.412417411804199219e-01,6.186898946762084961e-01,3.798635005950927734e-01,0.000000000000000000e+00,4.037679135799407959e-01,2.113158941268920898e+00,1.882368564605712891e+00,1.698858380317687988e+00,1.373181819915771484e+00,1.396805047988891602e+00,1.085645079612731934e+00,1.129417538642883301e+00,1.137585043907165527e+00,8.677099943161010742e-01,6.186204552650451660e-01,7.623252868652343750e-01,6.511071920394897461e-01,9.913349747657775879e-01,1.038426756858825684e+00,1.367725491523742676e+00,2.837302923202514648e+00,2.637529611587524414e+00,2.378355264663696289e+00,2.360816478729248047e+00,2.014203071594238281e+00,2.116157531738281250e+00,1.958065748214721680e+00,2.005211114883422852e+00,2.307236671447753906e+00,2.464616537094116211e+00,2.452787637710571289e+00,2.778387546539306641e+00,2.872522354125976562e+00,3.252650976181030273e+00,3.432543039321899414e+00,1.403755426406860352e+00,1.420535206794738770e+00,1.615061163902282715e+00,1.856914639472961426e+00,1.947818756103515625e+00,2.305299997329711914e+00,2.577715396881103516e+00,2.772644042968750000e+00,3.045117378234863281e+00,2.860230445861816406e+00,2.672617435455322266e+00,2.968643903732299805e+00,2.905122756958007812e+00,3.109498500823974609e+00,3.377425193786621094e+00,2.038237333297729492e+00,1.746657490730285645e+00,1.935296654701232910e+00,1.892874956130981445e+00,1.904560327529907227e+00,2.077305078506469727e+00,2.343648910522460938e+00,2.671174526214599609e+00,2.821729660034179688e+00,2.572127819061279297e+00,2.546237230300903320e+00,2.789739847183227539e+00,2.886954069137573242e+00,3.067425012588500977e+00,3.408299207687377930e+00
2.050891160964965820e+00,2.075555086135864258e+00,1.823145747184753418e+00,1.778450250625610352e+00,1.842571377754211426e+00,1.781988143920898438e+00,1.873203396797180176e+00,1.632763266563415527e+00,1.605871319770812988e+00,1.532387495040893555e+00,1.262993454933166504e+00,9.186668992042541504e-01,6.375629305839538574e-01,4.037679135799407959e-01,0.000000000000000000e+00,2.323096752166748047e+00,2.074601173400878906e+00,1.949782729148864746e+00,1.605637192726135254e+00,1.667062044143676758e+00,1.353058457374572754e+00,1.408042907714843750e+00,1.482581019401550293e+00,1.188896656036376953e+00,9.326946139335632324e-01,1.130749940872192383e+00,1.049189567565917969e+00,1.368822097778320312e+00,1.357715010643005371e+00,1.684582591056823730e+00,3.161801338195800781e+00,2.957442522048950195e+00,2.677380084991455078e+00,2.633162260055541992e+00,2.271245479583740234e+00,2.320256710052490234e+00,2.106955051422119141e+00,2.119255781173706055e+00,2.388896703720092773e+00,2.594321727752685547e+00,2.613430976867675781e+00,2.914024591445922852e+00,3.026034355163574219e+00,3.406955242156982422e+00,3.561446666717529297e+00,1.466513872146606445e+00,1.534476041793823242e+00,1.790769815444946289e+00,2.041595935821533203e+00,2.192138433456420898e+00,2.542532920837402344e+00,2.844914913177490234e+00,3.039798021316528320e+00,3.291627168655395508e+00,3.076130867004394531e+00,2.878985643386840820e+00,3.147741317749023438e+00,3.068353891372680664e+00,3.231488466262817383e+00,3.500076532363891602e+00,2.399444103240966797e+00,2.114463567733764648e+00,2.283047437667846680e+00,2.251933813095092773e+00,2.225570201873779297e+00,2.404030323028564453e+00,2.643627643585205078e+00,2.979061126708984375e+00,3.142314910888671875e+00,2.913398742675781250e+00,2.899338960647583008e+00,3.160469770431518555e+00,3.263548851013183594e+00,3.457059860229492188e+00,3.796184301376342773e+00
2.278777122497558594e+00,2.022693872451782227e+00,1.715968251228332520e+00,1.539677739143371582e+00,1.175583481788635254e+00,1.053869009017944336e+00,7.491159439086914062e-01,7.352243661880493164e-01,9.705840945243835449e-01,1.191697955131530762e+00,1.264699339866638184e+00,1.554758071899414062e+00,1.748597979545593262e+00,2.113158941268920898e+00,2.323096752166748047e+00,0.000000000000000000e+00,3.841364085674285889e-01,5.734747052192687988e-01,8.775248527526855469e-01,1.144179582595825195e+00,1.463165402412414551e+00,1.814440488815307617e+00,1.917325258255004883e+00,2.136839628219604492e+00,1.901963591575622559e+00,1.629966020584106445e+00,1.825049757957458496e+00,1.712797403335571289e+00,1.851354718208312988e+00,2.124008893966674805e+00,1.498363256454467773e+00,1.550680994987487793e+00,1.225522041320800781e+00,1.412578940391540527e+00,1.281318902969360352e+00,1.478701233863830566e+00,1.552080154418945312e+00,1.352075815200805664e+00,1.685065984725952148e+00,1.714652419090270996e+00,1.386506199836730957e+00,1.504196763038635254e+00,1.300691366195678711e+00,1.599990129470825195e+00,1.677104353904724121e+00,1.671305775642395020e+00,1.290973544120788574e+00,1.268049240112304688e+00,9.682990312576293945e-01,9.558324813842773438e-01,8.974747657775878906e-01,1.082591295242309570e+00,1.455265998840332031e+00,1.495570421218872070e+00,1.272464871406555176e+00,1.388429045677185059e+00,1.730791449546813965e+00,1.956655144691467285e+00,2.184517860412597656e+00,2.561350107192993164e+00,1.248866319656372070e+00,1.255322098731994629e+00,1.172880291938781738e+00,1.499191522598266602e+00,1.438511490821838379e+00,1.821452140808105469e+00,2.043511867523193359e+00,2.081573724746704102e+00,2.425105094909667969e+00,2.343034982681274414e+00,2.059138298034667969e+00,2.331957578659057617e+00,2.191730976104736328e+00,2.477532625198364258e+00,2.615799665451049805e+00
1.998144388198852539e+00,1.784834265708923340e+00,1.450461030006408691e+00,1.334197402000427246e+00,9.727137684822082520e-01,9.418999552726745605e-01,7.300566434860229492e-01,6.230980753898620605e-01,9.686386585235595703e-01,1.151568055152893066e+00,1.103276610374450684e+00,1.384107112884521484e+00,1.505234241485595703e+00,1.882368564605712891e+00,2.074601173400878906e+00,3.841364085674285889e-01,0.000000000000000000e+00,3.726648390293121338e-01,5.771626234054565430e-01,8.553482890129089355e-01,1.160494565963745117e+00,1.519265890121459961e+00,1.678326129913330078e+00,1.880710005760192871e+00,1.632719039916992188e+00,1.413046002388000488e+00,1.662916898727416992e+00,1.630033731460571289e+00,1.805524110794067383e+00,2.122574567794799805e+00,1.554245829582214355e+00,1.510623693466186523e+00,1.149379730224609375e+00,1.242054343223571777e+00,1.033648610115051270e+00,1.179098129272460938e+00,1.199323177337646484e+00,9.945631623268127441e-01,1.347531914710998535e+00,1.409061193466186523e+00,1.123288631439208984e+00,1.296444058418273926e+00,1.184348344802856445e+00,1.535647034645080566e+00,1.659375667572021484e+00,1.291168212890625000e+00,9.118308424949645996e-01,9.016134142875671387e-01,6.195390224456787109e-01,7.032859325408935547e-01,7.551774978637695312e-01,1.051021099090576172e+00,1.377644419670104980e+00,1.466661334037780762e+00,1.206213235855102539e+00,1.217339754104614258e+00,1.552401900291442871e+00,1.719371080398559570e+00,1.937412619590759277e+00,2.313061714172363281e+00,1.352337718009948730e+00,1.246897816658020020e+00,1.133880496025085449e+00,1.391973376274108887e+00,1.259338736534118652e+00,1.639366149902343750e+00,1.841599225997924805e+00,1.932272434234619141e+00,2.279708862304687500e+00,2.204255104064941406e+00,1.968601942062377930e+00,2.282621145248413086e+00,2.204440355300903320e+00,2.513612985610961914e+00,2.695623159408569336e+00
1.717034220695495605e+00,1.469405651092529297e+00,1.149562835693359375e+00,9.844338297843933105e-01,6.211915612220764160e-01,5.794528722763061523e-01,4.475255012512207031e-01,4.861453175544738770e-01,8.371509909629821777e-01,9.066795110702514648e-01,8.478791713714599609e-01,1.190259814262390137e+00,1.334503531455993652e+00,1.698858380317687988e+00,1.949782729148864746e+00,5.734747052192687988e-01,3.726648390293121338e-01,0.000000000000000000e+00,3.769431114196777344e-01,5.761008262634277344e-01,9.102336764335632324e-01,1.247317671775817871e+00,1.355758786201477051e+00,1.591189146041870117e+00,1.383955717086791992e+00,1.125830173492431641e+00,1.388137936592102051e+00,1.342873215675354004e+00,1.569263815879821777e+00,1.868629813194274902e+00,1.380646467208862305e+00,1.299238920211791992e+00,9.526512026786804199e-01,1.073014497756958008e+00,8.433859348297119141e-01,1.082642912864685059e+00,1.155759811401367188e+00,1.068446278572082520e+00,1.442042827606201172e+00,1.454423666000366211e+00,1.194906473159790039e+00,1.452897787094116211e+00,1.383414745330810547e+00,1.732937335968017578e+00,1.917251467704772949e+00,1.252816796302795410e+00,8.975219130516052246e-01,8.128442764282226562e-01,6.208149790763854980e-01,5.523113012313842773e-01,7.308548688888549805e-01,9.845954179763793945e-01,1.293820381164550781e+00,1.471886754035949707e+00,1.280155897140502930e+00,1.244346976280212402e+00,1.615101099014282227e+00,1.745249390602111816e+00,2.014723539352416992e+00,2.360217332839965820e+00,1.055699229240417480e+00,8.950381278991699219e-01,7.936823368072509766e-01,1.038634181022644043e+00,9.464311599731445312e-01,1.331018090248107910e+00,1.577084898948669434e+00,1.692835688591003418e+00,2.012838125228881836e+00,1.896889925003051758e+00,1.664402723312377930e+00,1.969329595565795898e+00,1.908393502235412598e+00,2.205773115158081055e+00,2.418522834777832031e+00
1.533810377120971680e+00,1.345319986343383789e+00,9.852466583251953125e-01,8.701361417770385742e-01,5.797056555747985840e-01,5.995916724205017090e-01,6.012861728668212891e-01,4.688932597637176514e-01,8.274651765823364258e-01,8.562493324279785156e-01,6.452012062072753906e-01,9.350237250328063965e-01,1.001934647560119629e+00,1.373181819915771484e+00,1.605637192726135254e+00,8.775248527526855469e-01,5.771626234054565430e-01,3.769431114196777344e-01,0.000000000000000000e+00,3.716267049312591553e-01,5.977771878242492676e-01,9.677707552909851074e-01,1.130321860313415527e+00,1.306282043457031250e+00,1.059027671813964844e+00,8.601356148719787598e-01,1.157482981681823730e+00,1.209250926971435547e+00,1.442022204399108887e+00,1.785389661788940430e+00,1.667305469512939453e+00,1.516936302185058594e+00,1.176039934158325195e+00,1.200723171234130859e+00,8.798568844795227051e-01,1.047529220581054688e+00,1.017061948776245117e+00,9.584597945213317871e-01,1.342935323715209961e+00,1.415589451789855957e+00,1.244269490242004395e+00,1.542564034461975098e+00,1.556021213531494141e+00,1.928228735923767090e+00,2.119756460189819336e+00,9.348058104515075684e-01,6.015419960021972656e-01,6.077618598937988281e-01,5.950701236724853516e-01,6.603690981864929199e-01,9.613396525382995605e-01,1.262261509895324707e+00,1.513347268104553223e+00,1.724236369132995605e+00,1.514318108558654785e+00,1.393693685531616211e+00,1.733442306518554688e+00,1.788506150245666504e+00,2.034022808074951172e+00,2.367398262023925781e+00,1.264894008636474609e+00,1.016196489334106445e+00,9.709789156913757324e-01,1.107535600662231445e+00,9.825816154479980469e-01,1.334116935729980469e+00,1.577568769454956055e+00,1.772720932960510254e+00,2.068773984909057617e+00,1.932937026023864746e+00,1.765395641326904297e+00,2.087701797485351562e+00,2.088018178939819336e+00,2.379235506057739258e+00,2.634833812713623047e+00
1.173678159713745117e+00,9.781652688980102539e-01,6.185567378997802734e-01,5.574991106986999512e-01,3.208955824375152588e-01,5.627232789993286133e-01,7.628918886184692383e-01,7.785608768463134766e-01,1.089241504669189453e+00,9.987119436264038086e-01,7.423638105392456055e-01,1.051893353462219238e+00,1.063761115074157715e+00,1.396805047988891602e+00,1.667062044143676758e+00,1.144179582595825195e+00,8.553482890129089355e-01,5.761008262634277344e-01,3.716267049312591553e-01,0.000000000000000000e+00,3.839475512504577637e-01,6.847066879272460938e-01,8.548419475555419922e-01,1.096236586570739746e+00,9.334257841110229492e-01,7.683986425399780273e-01,1.132699728012084961e+00,1.222965717315673828e+00,1.526622533798217773e+00,1.841619372367858887e+00,1.544942736625671387e+00,1.323581814765930176e+00,1.019209265708923340e+00,9.856051802635192871e-01,6.430115699768066406e-01,8.427321910858154297e-01,8.673521280288696289e-01,9.538275599479675293e-01,1.306940436363220215e+00,1.313260674476623535e+00,1.191070437431335449e+00,1.547661662101745605e+00,1.616187334060668945e+00,1.976333379745483398e+00,2.227190017700195312e+00,8.976674675941467285e-01,6.680802702903747559e-01,5.028767585754394531e-01,6.194173693656921387e-01,5.661569833755493164e-01,9.411176443099975586e-01,1.202930092811584473e+00,1.378150701522827148e+00,1.653293609619140625e+00,1.496504306793212891e+00,1.312077760696411133e+00,1.646694660186767578e+00,1.649691581726074219e+00,1.929011344909667969e+00,2.221679449081420898e+00,1.250984668731689453e+00,9.340173602104187012e-01,8.309773206710815430e-01,8.488867282867431641e-01,6.747997403144836426e-01,9.914937019348144531e-01,1.232910394668579102e+00,1.465447783470153809e+00,1.738144993782043457e+00,1.595748305320739746e+00,1.468666076660156250e+00,1.805053710937500000e+00,1.857412457466125488e+00,2.155362367630004883e+00,2.439049005508422852e+00
1.035034298896789551e+00,9.276489019393920898e-01,5.710752606391906738e-01,5.814971327781677246e-01,5.826665759086608887e-01,7.616154551506042480e-01,1.002715468406677246e+00,9.488074779510498047e-01,1.189893126487731934e+00,1.049157261848449707e+00,6.980062723159790039e-01,8.904753923416137695e-01,7.929888367652893066e-01,1.085645079612731934e+00,1.353058457374572754e+00,1.463165402412414551e+00,1.160494565963745117e+00,9.102336764335632324e-01,5.977771878242492676e-01,3.839475512504577637e-01,0.000000000000000000e+00,3.787835240364074707e-01,6.181105971336364746e-01,7.628324031829833984e-01,5.741823911666870117e-01,5.328795313835144043e-01,9.224163293838500977e-01,1.125430464744567871e+00,1.425960063934326172e+00,1.756889700889587402e+00,1.885003566741943359e+00,1.635355472564697266e+00,1.363863229751586914e+00,1.287914872169494629e+00,9.353272318840026855e-01,1.052877902984619141e+00,9.807762503623962402e-01,1.112261533737182617e+00,1.433381557464599609e+00,1.487550377845764160e+00,1.450606107711791992e+00,1.816376686096191406e+00,1.932155132293701172e+00,2.298038721084594727e+00,2.546391963958740234e+00,7.710824608802795410e-01,6.827689409255981445e-01,6.405308246612548828e-01,9.037650823593139648e-01,9.268246889114379883e-01,1.309769392013549805e+00,1.574873328208923340e+00,1.716495156288146973e+00,2.006544828414916992e+00,1.848474740982055664e+00,1.625951886177062988e+00,1.926298856735229492e+00,1.867898106575012207e+00,2.120574712753295898e+00,2.386320829391479492e+00,1.480030775070190430e+00,1.128010869026184082e+00,1.109831809997558594e+00,1.039404988288879395e+00,9.030395746231079102e-01,1.121321082115173340e+00,1.354542732238769531e+00,1.656329512596130371e+00,1.874933481216430664e+00,1.699786186218261719e+00,1.645349264144897461e+00,1.967331886291503906e+00,2.070995569229125977e+00,2.341239452362060547e+00,2.659909009933471680e+00
