,A1,A2,A3,A4,A5,A6,A7,A8,A9,A10,A11,A12,A13,A14,A15,B1,B2,B3,B4,B5,B6,B7,B8,B9,B10,B11,B12,B13,B14,B15,C1,C2,C3,C4,C5,C6,C7,C8,C9,C10,C11,C12,C13,C14,C15,D1,D2,D3,D4,D5,D6,D7,D8,D9,D10,D11,D12,D13,D14,D15,E1,E2,E3,E4,E5,E6,E7,E8,E9,E10,E11,E12,E13,E14,E15
A1,0.0,0.38489043712615967,0.5756959319114685,0.8881365060806274,1.1561610698699951,1.469711184501648,1.817180871963501,1.908565878868103,2.1337571144104004,1.902254581451416,1.615958333015442,1.7974934577941895,1.6576789617538452,1.785751223564148,2.050891160964966,2.2787771224975586,1.9981443881988525,1.7170342206954956,1.5338103771209717,1.1736781597137451,1.0350342988967896,0.722599983215332,0.780542254447937,0.9819153547286987,1.1792433261871338,1.2790284156799316,1.5936424732208252,1.7971446514129639,2.156390428543091,2.3760335445404053,1.9970380067825317,1.635079264640808,1.5570605993270874,1.3533161878585815,1.1764202117919922,1.2177308797836304,1.274143099784851,1.6228137016296387,1.7713208198547363,1.6657556295394897,1.761802077293396,2.151663303375244,2.358125925064087,2.651789426803589,2.996267795562744,1.3917213678359985,1.496305227279663,1.2673996686935425,1.5452126264572144,1.433051586151123,1.752492070198059,1.8795511722564697,1.8105775117874146,2.171635866165161,2.1491453647613525,1.8411105871200562,2.0433950424194336,1.8550441265106201,2.1330349445343018,2.2366557121276855,1.9601904153823853,1.6014567613601685,1.4808120727539062,1.161474585533142,1.0015636682510376,0.8093817830085754,0.8335453271865845,1.2218743562698364,1.2521873712539673,1.0995121002197266,1.2901421785354614,1.5754408836364746,1.8523085117340088,2.0960700511932373,2.4546406269073486
A2,0.38489043712615967,0.0,0.375312477350235,0.5864000916481018,0.8704033493995667,1.169983983039856,1.527704119682312,1.6785932779312134,1.8900238275527954,1.6446197032928467,1.4103254079818726,1.6527998447418213,1.5948145389556885,1.761396884918213,2.0755550861358643,2.0226938724517822,1.7848342657089233,1.4694056510925293,1.3453199863433838,0.9781652688980103,0.9276489019393921,0.6942009329795837,0.6504777073860168,0.9743708968162537,1.1495541334152222,1.1284565925598145,1.4401699304580688,1.571792721748352,1.9462926387786865,2.1451199054718018,1.6712146997451782,1.3294302225112915,1.2630274295806885,1.1306856870651245,0.9789632558822632,1.1377688646316528,1.274100422859192,1.5887476205825806,1.7953351736068726,1.666277527809143,1.6768882274627686,2.0689585208892822,2.2188189029693604,2.5131285190582275,2.8535633087158203,1.4488976001739502,1.4537771940231323,1.1944077014923096,1.4060477018356323,1.2199677228927612,1.5271207094192505,1.6165302991867065,1.5819826126098633,1.9557907581329346,1.955586314201355,1.6940219402313232,1.9511114358901978,1.8309855461120605,2.1512603759765625,2.294501543045044,1.5928723812103271,1.2448612451553345,1.11978280544281,0.7834456562995911,0.6763266324996948,0.48595908284187317,0.6563143730163574,1.0211786031723022,1.0852863788604736,0.8701399564743042,0.9786141514778137,1.271087646484375,1.5127416849136353,1.7618939876556396,2.119184970855713
A3,0.5756959319114685,0.375312477350235,0.0,0.37772896885871887,0.584896445274353,0.9115825295448303,1.246511697769165,1.346927523612976,1.5876637697219849,1.3817099332809448,1.1129111051559448,1.3652397394180298,1.302164912223816,1.523069977760315,1.8231457471847534,1.7159682512283325,1.4504610300064087,1.1495628356933594,0.9852466583251953,0.6185567378997803,0.5710752606391907,0.4355466067790985,0.5352722406387329,0.859688937664032,0.9162814021110535,0.8756198287010193,1.237870693206787,1.3862301111221313,1.7479251623153687,2.000518560409546,1.630794882774353,1.3127622604370117,1.14396071434021,1.0169153213500977,0.7595752477645874,0.9217385053634644,1.006585717201233,1.2800770998001099,1.5312129259109497,1.4536073207855225,1.4409921169281006,1.835908055305481,1.9766693115234375,2.300570011138916,2.614626407623291,1.1205941438674927,1.0891382694244385,0.8491958975791931,1.0780357122421265,0.9397668838500977,1.2907798290252686,1.4523911476135254,1.4846357107162476,1.8346904516220093,1.7713654041290283,1.5143152475357056,1.7973448038101196,1.7024152278900146,2.0078580379486084,2.2068562507629395,1.466827154159546,1.1025207042694092,0.9814462661743164,0.7395216226577759,0.5585249662399292,0.6063457131385803,0.8230445384979248,1.16201913356781,1.3299850225448608,1.1514437198638916,1.1604127883911133,1.4896609783172607,1.6618870496749878,1.9388427734375,2.2754225730895996
A4,0.8881365060806274,0.5864000916481018,0.37772896885871887,0.0,0.3726658225059509,0.5942776203155518,0.9607834815979004,1.1229933500289917,1.3092526197433472,1.0652222633361816,0.8608413934707642,1.1613329648971558,1.201741337776184,1.4320627450942993,1.7784502506256104,1.5396777391433716,1.3341974020004272,0.9844338297843933,0.8701361417770386,0.5574991106987,0.5814971327781677,0.5779407620429993,0.49036678671836853,0.8540300726890564,0.8835110068321228,0.6899024844169617,1.009040355682373,1.0751663446426392,1.4451987743377686,1.674964427947998,1.515735387802124,1.2604588270187378,1.086714506149292,1.0885733366012573,0.854136049747467,1.1248430013656616,1.237884759902954,1.4360172748565674,1.7430838346481323,1.677670955657959,1.5860216617584229,1.9649380445480347,2.03747820854187,2.366861343383789,2.6566121578216553,1.2969352006912231,1.1742193698883057,0.9790926575660706,1.1259139776229858,0.9373977184295654,1.2730776071548462,1.4072465896606445,1.515394687652588,1.858210563659668,1.8025542497634888,1.6148149967193604,1.9481723308563232,1.9210500717163086,2.2434158325195312,2.474796772003174,1.1207635402679443,0.7462896108627319,0.7097749710083008,0.5088658332824707,0.5147260427474976,0.6787434816360474,1.0069310665130615,1.2791815996170044,1.4482001066207886,1.2122806310653687,1.128461480140686,1.4145833253860474,1.5222961902618408,1.771897315979004,2.1054484844207764
A5,1.1561610698699951,0.8704033493995667,0.584896445274353,0.3726658225059509,0.0,0.3825027644634247,0.6802706122398376,0.8484379053115845,1.10163152217865,0.9435381889343262,0.775905966758728,1.137041449546814,1.221594214439392,1.5238347053527832,1.8425713777542114,1.1755834817886353,0.9727137684822083,0.6211915612220764,0.5797056555747986,0.32089558243751526,0.5826665759086609,0.7765966653823853,0.8105965256690979,1.1254938840866089,1.0412849187850952,0.7990438342094421,1.1253340244293213,1.139589548110962,1.4741498231887817,1.7369071245193481,1.3300411701202393,1.1192399263381958,0.8609234690666199,0.9092728495597839,0.65034419298172,0.9603769779205322,1.0882878303527832,1.2074435949325562,1.5467129945755005,1.491619348526001,1.3342559337615967,1.6898397207260132,1.7209910154342651,2.0576164722442627,2.325180768966675,1.2072937488555908,0.9874481558799744,0.7835099697113037,0.8269845247268677,0.6213243007659912,0.9492614269256592,1.1187748908996582,1.2936421632766724,1.5996595621109009,1.5063185691833496,1.358152985572815,1.7177730798721313,1.7472418546676636,2.0651113986968994,2.340095281600952,0.9858834743499756,0.6524346470832825,0.5344120860099792,0.5413116216659546,0.4622530937194824,0.8002246618270874,1.1030023097991943,1.3055695295333862,1.5568041801452637,1.379267930984497,1.2138330936431885,1.5258455276489258,1.5604236125946045,1.8459525108337402,2.132972002029419
A6,1.469711184501648,1.169983983039856,0.9115825295448303,0.5942776203155518,0.3825027644634247,0.0,0.37510043382644653,0.6223421096801758,0.7797366380691528,0.5949452519416809,0.5566472411155701,0.9478257894515991,1.1479613780975342,1.444981336593628,1.7819881439208984,1.0538690090179443,0.9418999552726746,0.5794528722763062,0.5995916724205017,0.5627232789993286,0.7616154551506042,0.9977350234985352,0.9482555985450745,1.210616111755371,1.087453842163086,0.7461326718330383,0.9647101163864136,0.8724852800369263,1.173841953277588,1.4250037670135498,1.4275965690612793,1.308534026145935,1.0596203804016113,1.20858633518219,0.9866831302642822,1.303290605545044,1.4061360359191895,1.4535671472549438,1.8209906816482544,1.8007725477218628,1.6023856401443481,1.9225287437438965,1.89297616481781,2.229992151260376,2.453505277633667,1.416848063468933,1.1519376039505005,1.047280192375183,1.034899353981018,0.8621618151664734,1.1256204843521118,1.2738382816314697,1.5217256546020508,1.7912498712539673,1.690751314163208,1.6136330366134644,1.9926117658615112,2.067397117614746,2.3779525756835938,2.67586088180542,0.7337029576301575,0.43129798769950867,0.5309089422225952,0.6882733702659607,0.7801098227500916,1.106259822845459,1.440611720085144,1.6098684072494507,1.844616174697876,1.6317923069000244,1.4220242500305176,1.6747736930847168,1.6455577611923218,1.885794758796692,2.156062126159668
A7,1.817180871963501,1.527704119682312,1.246511697769165,0.9607834815979004,0.6802706122398376,0.37510043382644653,0.0,0.3835521936416626,0.5356498956680298,0.5287365317344666,0.6364846229553223,0.9958979487419128,1.251609444618225,1.5745264291763306,1.8732033967971802,0.7491159439086914,0.730056643486023,0.4475255012512207,0.6012861728668213,0.7628918886184692,1.0027154684066772,1.3050750494003296,1.2964725494384766,1.5167837142944336,1.331152319908142,0.9895386695861816,1.14558744430542,0.9978033900260925,1.2020337581634521,1.4623361825942993,1.4778594970703125,1.4407496452331543,1.1588984727859497,1.3552587032318115,1.153083086013794,1.4494709968566895,1.5337607860565186,1.487496256828308,1.8673288822174072,1.877648949623108,1.6289540529251099,1.8934663534164429,1.8020172119140625,2.1345555782318115,2.304887294769287,1.5283772945404053,1.202190637588501,1.1590807437896729,1.0485434532165527,0.9278807044029236,1.1053030490875244,1.265823483467102,1.5823962688446045,1.7847511768341064,1.647244930267334,1.6398252248764038,2.023712396621704,2.1532416343688965,2.4420878887176514,2.7740581035614014,0.7405538558959961,0.6172409653663635,0.7153257131576538,0.9919489026069641,1.0605415105819702,1.4201899766921997,1.7337474822998047,1.8578604459762573,2.126941680908203,1.9423288106918335,1.6920192241668701,1.9351811408996582,1.845678448677063,2.084449052810669,2.3068277835845947
A8,1.908565878868103,1.6785932779312134,1.346927523612976,1.1229933500289917,0.8484379053115845,0.6223421096801758,0.3835521936416626,0.0,0.38525205850601196,0.5559801459312439,0.5537073612213135,0.8200610280036926,1.043911337852478,1.3934733867645264,1.6327632665634155,0.7352243661880493,0.6230980753898621,0.4861453175544739,0.46889325976371765,0.7785608768463135,0.9488074779510498,1.3022581338882446,1.367527961730957,1.510568380355835,1.2464532852172852,0.9617448449134827,1.1136525869369507,1.0466325283050537,1.1865922212600708,1.515884518623352,1.7869740724563599,1.7257741689682007,1.403611660003662,1.532332181930542,1.2675122022628784,1.4840292930603027,1.475533366203308,1.3668304681777954,1.7517626285552979,1.8361409902572632,1.6161710023880005,1.8620202541351318,1.792820692062378,2.1481094360351562,2.2816720008850098,1.3327802419662476,0.9968512058258057,1.0714646577835083,0.9877265691757202,1.0089569091796875,1.2135488986968994,1.4586094617843628,1.775796890258789,1.9501101970672607,1.7484025955200195,1.7169071435928345,2.0755059719085693,2.1859474182128906,2.430690050125122,2.781372547149658,1.1157522201538086,0.9700934886932373,1.0548994541168213,1.284995436668396,1.280429482460022,1.6439757347106934,1.9332034587860107,2.0948851108551025,2.3796334266662598,2.209171772003174,1.9931581020355225,2.2652266025543213,2.2030677795410156,2.452932834625244,2.6834402084350586
A9,2.1337571144104004,1.8900238275527954,1.5876637697219849,1.3092526197433472,1.10163152217865,0.7797366380691528,0.5356498956680298,0.38525205850601196,0.0,0.3665810823440552,0.577174723148346,0.741087794303894,1.0687251091003418,1.3557932376861572,1.605871319770813,0.9705840945243835,0.9686386585235596,0.8371509909629822,0.8274651765823364,1.0892415046691895,1.189893126487732,1.503934383392334,1.493428111076355,1.5930989980697632,1.3391242027282715,1.0225248336791992,1.0314221382141113,0.8737671375274658,0.9103383421897888,1.2163596153259277,2.0022943019866943,1.976266860961914,1.687310814857483,1.8560733795166016,1.6079829931259155,1.8492624759674072,1.8440804481506348,1.7457071542739868,2.1301863193511963,2.2195675373077393,1.998914361000061,2.2389731407165527,2.1482486724853516,2.4927475452423096,2.604774236679077,1.6374038457870483,1.3319448232650757,1.4320673942565918,1.3717957735061646,1.3672529458999634,1.5591305494308472,1.7628648281097412,2.09151554107666,2.2675492763519287,2.0872442722320557,2.080430507659912,2.4468629360198975,2.564403533935547,2.81491756439209,3.163705348968506,1.106173038482666,1.0245168209075928,1.225327730178833,1.4589478969573975,1.5377671718597412,1.88004732131958,2.201056718826294,2.3643696308135986,2.619528293609619,2.4103713035583496,2.1864888668060303,2.413709878921509,2.3298490047454834,2.5323286056518555,2.760035991668701
A10,1.902254581451416,1.6446197032928467,1.3817099332809448,1.0652222633361816,0.9435381889343262,0.5949452519416809,0.5287365317344666,0.5559801459312439,0.3665810823440552,0.0,0.3856984078884125,0.6143344640731812,0.9657248258590698,1.2126222848892212,1.5323874950408936,1.1916979551315308,1.151568055152893,0.9066795110702515,0.8562493324279785,0.9987119436264038,1.0491572618484497,1.2999545335769653,1.2148194313049316,1.3262571096420288,1.1299563646316528,0.7703099250793457,0.7465217709541321,0.5387839078903198,0.67775559425354,0.9725878834724426,1.933232307434082,1.8728837966918945,1.6222023963928223,1.7872837781906128,1.5418198108673096,1.8148505687713623,1.8368102312088013,1.8145079612731934,2.1983118057250977,2.2540440559387207,2.0584824085235596,2.344961404800415,2.2866404056549072,2.633817195892334,2.792731523513794,1.641902208328247,1.3798835277557373,1.4281028509140015,1.429440975189209,1.3640385866165161,1.6042520999908447,1.7783704996109009,2.0713987350463867,2.2997987270355225,2.1612467765808105,2.1188392639160156,2.494291305541992,2.580601215362549,2.859304904937744,3.1811728477478027,0.9416899085044861,0.7930521368980408,1.0623993873596191,1.2334363460540771,1.368239402770996,1.669838309288025,2.0134706497192383,2.1992528438568115,2.4135992527008057,2.1692206859588623,1.9678314924240112,2.1727969646453857,2.1165552139282227,2.295346975326538,2.55470609664917
A11,1.615958333015442,1.4103254079818726,1.1129111051559448,0.8608413934707642,0.775905966758728,0.5566472411155701,0.6364846229553223,0.5537073612213135,0.577174723148346,0.3856984078884125,0.0,0.3931474983692169,0.6441588997840881,0.9412417411804199,1.2629934549331665,1.2646993398666382,1.1032766103744507,0.84787917137146,0.6452012062072754,0.7423638105392456,0.698006272315979,0.9587706923484802,0.9376084208488464,1.0180473327636719,0.7764339447021484,0.4475298523902893,0.5656351447105408,0.5851047039031982,0.8089909553527832,1.1634591817855835,1.9782410860061646,1.8462990522384644,1.573299765586853,1.6581977605819702,1.359145164489746,1.5824089050292969,1.555073857307434,1.5617908239364624,1.935263752937317,2.0121235847473145,1.8702459335327148,2.1842477321624756,2.186931848526001,2.552339792251587,2.7353053092956543,1.2918357849121094,1.0741978883743286,1.1448652744293213,1.230107069015503,1.2159677743911743,1.5224452018737793,1.7491939067840576,2.002643346786499,2.2541515827178955,2.0943803787231445,1.9873822927474976,2.341662645339966,2.3776299953460693,2.64094877243042,2.950119733810425,1.159243106842041,0.8976312279701233,1.0849204063415527,1.1726535558700562,1.2268729209899902,1.513262391090393,1.8331739902496338,2.0697598457336426,2.2855005264282227,2.053626537322998,1.905532717704773,2.1553008556365967,2.1609044075012207,2.372144937515259,2.663268566131592
A12,1.7974934577941895,1.6527998447418213,1.3652397394180298,1.1613329648971558,1.137041449546814,0.9478257894515991,0.9958979487419128,0.8200610280036926,0.741087794303894,0.6143344640731812,0.3931474983692169,0.0,0.38567280769348145,0.6186898946762085,0.9186668992042542,1.554758071899414,1.3841071128845215,1.1902598142623901,0.9350237250328064,1.0518933534622192,0.8904753923416138,1.097333312034607,1.0829650163650513,1.0173768997192383,0.7278056144714355,0.5379363298416138,0.46157580614089966,0.6084878444671631,0.6881482005119324,1.0844614505767822,2.371199131011963,2.231276512145996,1.955770492553711,2.0141689777374268,1.6922109127044678,1.8683321475982666,1.7780014276504517,1.7708905935287476,2.1284987926483154,2.2546725273132324,2.1509532928466797,2.457505226135254,2.480175256729126,2.853991746902466,3.0157628059387207,1.3628761768341064,1.2126970291137695,1.373120903968811,1.5072999000549316,1.555542230606079,1.8721801042556763,2.1232731342315674,2.3728229999542236,2.6192898750305176,2.437967300415039,2.3153512477874756,2.6517016887664795,2.6628010272979736,2.89821720123291,3.205457925796509,1.5044134855270386,1.2597953081130981,1.4723870754241943,1.530362844467163,1.5785574913024902,1.83461332321167,2.1432833671569824,2.410818338394165,2.608583450317383,2.3649966716766357,2.2510805130004883,2.4930317401885986,2.518308639526367,2.7101240158081055,3.013608694076538
A13,1.6576789617538452,1.5948145389556885,1.302164912223816,1.201741337776184,1.221594214439392,1.1479613780975342,1.251609444618225,1.043911337852478,1.0687251091003418,0.9657248258590698,0.6441588997840881,0.38567280769348145,0.0,0.3798635005950928,0.6375629305839539,1.7485979795455933,1.5052342414855957,1.3345035314559937,1.0019346475601196,1.0637611150741577,0.7929888367652893,0.9456532597541809,1.0187551975250244,0.8611375093460083,0.5149591565132141,0.5607979893684387,0.6041162610054016,0.9041770696640015,1.014156460762024,1.393522024154663,2.529648780822754,2.3401272296905518,2.0574183464050293,2.0450551509857178,1.6935124397277832,1.7994558811187744,1.647420883178711,1.6651142835617065,1.987718105316162,2.1433868408203125,2.1044018268585205,2.421233654022217,2.5009660720825195,2.8812546730041504,3.056248903274536,1.1263160705566406,1.0777168273925781,1.278594970703125,1.4936038255691528,1.5970375537872314,1.9453282356262207,2.2296831607818604,2.439091920852661,2.694843053817749,2.497424602508545,2.322580575942993,2.624690055847168,2.5845630168914795,2.791821002960205,3.0797882080078125,1.7920281887054443,1.499962568283081,1.6529422998428345,1.650225281715393,1.6306653022766113,1.850944995880127,2.118335247039795,2.424497604370117,2.615262508392334,2.3903307914733887,2.329641103744507,2.5996978282928467,2.6737852096557617,2.8856632709503174,3.209033489227295
A14,1.785751223564148,1.761396884918213,1.523069977760315,1.4320627450942993,1.5238347053527832,1.444981336593628,1.5745264291763306,1.3934733867645264,1.3557932376861572,1.2126222848892212,0.9412417411804199,0.6186898946762085,0.3798635005950928,0.0,0.4037679135799408,2.113158941268921,1.882368564605713,1.698858380317688,1.3731818199157715,1.3968050479888916,1.085645079612732,1.1294175386428833,1.1375850439071655,0.8677099943161011,0.6186204552650452,0.7623252868652344,0.6511071920394897,0.9913349747657776,1.0384267568588257,1.3677254915237427,2.8373029232025146,2.6375296115875244,2.3783552646636963,2.360816478729248,2.0142030715942383,2.1161575317382812,1.9580657482147217,2.005211114883423,2.307236671447754,2.464616537094116,2.4527876377105713,2.7783875465393066,2.8725223541259766,3.2526509761810303,3.4325430393218994,1.4037554264068604,1.4205352067947388,1.6150611639022827,1.8569146394729614,1.9478187561035156,2.305299997329712,2.5777153968811035,2.77264404296875,3.0451173782348633,2.8602304458618164,2.6726174354553223,2.9686439037323,2.905122756958008,3.1094985008239746,3.377425193786621,2.0382373332977295,1.7466574907302856,1.935296654701233,1.8928749561309814,1.9045603275299072,2.0773050785064697,2.343648910522461,2.6711745262145996,2.8217296600341797,2.5721278190612793,2.5462372303009033,2.7897398471832275,2.8869540691375732,3.067425012588501,3.408299207687378
A15,2.050891160964966,2.0755550861358643,1.8231457471847534,1.7784502506256104,1.8425713777542114,1.7819881439208984,1.8732033967971802,1.6327632665634155,1.605871319770813,1.5323874950408936,1.2629934549331665,0.9186668992042542,0.6375629305839539,0.4037679135799408,0.0,2.323096752166748,2.074601173400879,1.9497827291488647,1.6056371927261353,1.6670620441436768,1.3530584573745728,1.4080429077148438,1.4825810194015503,1.188896656036377,0.9326946139335632,1.1307499408721924,1.049189567565918,1.3688220977783203,1.3577150106430054,1.6845825910568237,3.161801338195801,2.95744252204895,2.677380084991455,2.633162260055542,2.2712454795837402,2.3202567100524902,2.106955051422119,2.119255781173706,2.3888967037200928,2.5943217277526855,2.613430976867676,2.914024591445923,3.026034355163574,3.4069552421569824,3.5614466667175293,1.4665138721466064,1.5344760417938232,1.7907698154449463,2.041595935821533,2.192138433456421,2.5425329208374023,2.8449149131774902,3.0397980213165283,3.2916271686553955,3.0761308670043945,2.878985643386841,3.1477413177490234,3.0683538913726807,3.2314884662628174,3.5000765323638916,2.399444103240967,2.1144635677337646,2.2830474376678467,2.2519338130950928,2.2255702018737793,2.4040303230285645,2.643627643585205,2.9790611267089844,3.142314910888672,2.9133987426757812,2.899338960647583,3.1604697704315186,3.2635488510131836,3.457059860229492,3.7961843013763428
B1,2.2787771224975586,2.0226938724517822,1.7159682512283325,1.5396777391433716,1.1755834817886353,1.0538690090179443,0.7491159439086914,0.7352243661880493,0.9705840945243835,1.1916979551315308,1.2646993398666382,1.554758071899414,1.7485979795455933,2.113158941268921,2.323096752166748,0.0,0.3841364085674286,0.5734747052192688,0.8775248527526855,1.1441795825958252,1.4631654024124146,1.8144404888153076,1.9173252582550049,2.1368396282196045,1.9019635915756226,1.6299660205841064,1.8250497579574585,1.7127974033355713,1.851354718208313,2.124008893966675,1.4983632564544678,1.5506809949874878,1.2255220413208008,1.4125789403915405,1.2813189029693604,1.4787012338638306,1.5520801544189453,1.3520758152008057,1.6850659847259521,1.714652419090271,1.386506199836731,1.5041967630386353,1.3006913661956787,1.5999901294708252,1.6771043539047241,1.671305775642395,1.2909735441207886,1.2680492401123047,0.9682990312576294,0.9558324813842773,0.8974747657775879,1.0825912952423096,1.455265998840332,1.495570421218872,1.2724648714065552,1.388429045677185,1.730791449546814,1.9566551446914673,2.1845178604125977,2.561350107192993,1.248866319656372,1.2553220987319946,1.1728802919387817,1.4991915225982666,1.4385114908218384,1.8214521408081055,2.0435118675231934,2.081573724746704,2.425105094909668,2.3430349826812744,2.059138298034668,2.3319575786590576,2.1917309761047363,2.4775326251983643,2.61579966545105
B2,1.9981443881988525,1.7848342657089233,1.4504610300064087,1.3341974020004272,0.9727137684822083,0.9418999552726746,0.730056643486023,0.6230980753898621,0.9686386585235596,1.151568055152893,1.1032766103744507,1.3841071128845215,1.5052342414855957,1.882368564605713,2.074601173400879,0.3841364085674286,0.0,0.37266483902931213,0.5771626234054565,0.8553482890129089,1.1604945659637451,1.51926589012146,1.67832612991333,1.8807100057601929,1.6327190399169922,1.4130460023880005,1.662916898727417,1.6300337314605713,1.8055241107940674,2.1225745677948,1.5542458295822144,1.5106236934661865,1.1493797302246094,1.2420543432235718,1.0336486101150513,1.179098129272461,1.1993231773376465,0.9945631623268127,1.3475319147109985,1.4090611934661865,1.123288631439209,1.296444058418274,1.1843483448028564,1.5356470346450806,1.6593756675720215,1.291168212890625,0.9118308424949646,0.9016134142875671,0.6195390224456787,0.7032859325408936,0.7551774978637695,1.0510210990905762,1.377644419670105,1.4666613340377808,1.2062132358551025,1.2173397541046143,1.5524019002914429,1.7193710803985596,1.9374126195907593,2.3130617141723633,1.3523377180099487,1.24689781665802,1.1338804960250854,1.3919733762741089,1.2593387365341187,1.6393661499023438,1.8415992259979248,1.9322724342346191,2.2797088623046875,2.2042551040649414,1.968601942062378,2.282621145248413,2.2044403553009033,2.513612985610962,2.6956231594085693
B3,1.7170342206954956,1.4694056510925293,1.1495628356933594,0.9844338297843933,0.6211915612220764,0.5794528722763062,0.4475255012512207,0.4861453175544739,0.8371509909629822,0.9066795110702515,0.84787917137146,1.1902598142623901,1.3345035314559937,1.698858380317688,1.9497827291488647,0.5734747052192688,0.37266483902931213,0.0,0.37694311141967773,0.5761008262634277,0.9102336764335632,1.2473176717758179,1.355758786201477,1.5911891460418701,1.383955717086792,1.1258301734924316,1.388137936592102,1.342873215675354,1.5692638158798218,1.868629813194275,1.3806464672088623,1.299238920211792,0.9526512026786804,1.073014497756958,0.8433859348297119,1.082642912864685,1.1557598114013672,1.0684462785720825,1.4420428276062012,1.4544236660003662,1.19490647315979,1.4528977870941162,1.3834147453308105,1.7329373359680176,1.917251467704773,1.2528167963027954,0.8975219130516052,0.8128442764282227,0.6208149790763855,0.5523113012313843,0.730854868888855,0.9845954179763794,1.2938203811645508,1.4718867540359497,1.280155897140503,1.2443469762802124,1.6151010990142822,1.7452493906021118,2.014723539352417,2.360217332839966,1.0556992292404175,0.8950381278991699,0.793682336807251,1.038634181022644,0.9464311599731445,1.331018090248108,1.5770848989486694,1.6928356885910034,2.012838125228882,1.8968899250030518,1.664402723312378,1.969329595565796,1.9083935022354126,2.205773115158081,2.418522834777832
B4,1.5338103771209717,1.3453199863433838,0.9852466583251953,0.8701361417770386,0.5797056555747986,0.5995916724205017,0.6012861728668213,0.46889325976371765,0.8274651765823364,0.8562493324279785,0.6452012062072754,0.9350237250328064,1.0019346475601196,1.3731818199157715,1.6056371927261353,0.8775248527526855,0.5771626234054565,0.37694311141967773,0.0,0.37162670493125916,0.5977771878242493,0.9677707552909851,1.1303218603134155,1.3062820434570312,1.0590276718139648,0.8601356148719788,1.1574829816818237,1.2092509269714355,1.4420222043991089,1.7853896617889404,1.6673054695129395,1.5169363021850586,1.1760399341583252,1.2007231712341309,0.8798568844795227,1.0475292205810547,1.0170619487762451,0.9584597945213318,1.34293532371521,1.415589451789856,1.2442694902420044,1.542564034461975,1.5560212135314941,1.928228735923767,2.1197564601898193,0.9348058104515076,0.6015419960021973,0.6077618598937988,0.5950701236724854,0.6603690981864929,0.9613396525382996,1.2622615098953247,1.5133472681045532,1.7242363691329956,1.5143181085586548,1.3936936855316162,1.7334423065185547,1.7885061502456665,2.034022808074951,2.367398262023926,1.2648940086364746,1.0161964893341064,0.9709789156913757,1.1075356006622314,0.982581615447998,1.3341169357299805,1.577568769454956,1.7727209329605103,2.0687739849090576,1.9329370260238647,1.7653956413269043,2.0877017974853516,2.0880181789398193,2.3792355060577393,2.634833812713623
B5,1.1736781597137451,0.9781652688980103,0.6185567378997803,0.5574991106987,0.32089558243751526,0.5627232789993286,0.7628918886184692,0.7785608768463135,1.0892415046691895,0.9987119436264038,0.7423638105392456,1.0518933534622192,1.0637611150741577,1.3968050479888916,1.6670620441436768,1.1441795825958252,0.8553482890129089,0.5761008262634277,0.37162670493125916,0.0,0.38394755125045776,0.6847066879272461,0.854841947555542,1.0962365865707397,0.933425784111023,0.768398642539978,1.132699728012085,1.2229657173156738,1.5266225337982178,1.8416193723678589,1.5449427366256714,1.3235818147659302,1.0192092657089233,0.9856051802635193,0.6430115699768066,0.8427321910858154,0.8673521280288696,0.9538275599479675,1.3069404363632202,1.3132606744766235,1.1910704374313354,1.5476616621017456,1.616187334060669,1.9763333797454834,2.2271900177001953,0.8976674675941467,0.6680802702903748,0.5028767585754395,0.6194173693656921,0.5661569833755493,0.9411176443099976,1.2029300928115845,1.3781507015228271,1.6532936096191406,1.496504306793213,1.3120777606964111,1.6466946601867676,1.6496915817260742,1.929011344909668,2.221679449081421,1.2509846687316895,0.9340173602104187,0.8309773206710815,0.8488867282867432,0.6747997403144836,0.9914937019348145,1.232910394668579,1.4654477834701538,1.7381449937820435,1.5957483053207397,1.4686660766601562,1.8050537109375,1.8574124574661255,2.155362367630005,2.439049005508423
B6,1.0350342988967896,0.9276489019393921,0.5710752606391907,0.5814971327781677,0.5826665759086609,0.7616154551506042,1.0027154684066772,0.9488074779510498,1.189893126487732,1.0491572618484497,0.698006272315979,0.8904753923416138,0.7929888367652893,1.085645079612732,1.3530584573745728,1.4631654024124146,1.1604945659637451,0.9102336764335632,0.5977771878242493,0.38394755125045776,0.0,0.37878352403640747,0.6181105971336365,0.7628324031829834,0.574182391166687,0.5328795313835144,0.9224163293838501,1.1254304647445679,1.4259600639343262,1.7568897008895874,1.8850035667419434,1.6353554725646973,1.363863229751587,1.2879148721694946,0.9353272318840027,1.0528779029846191,0.9807762503623962,1.1122615337371826,1.4333815574645996,1.4875503778457642,1.450606107711792,1.8163766860961914,1.9321551322937012,2.2980387210845947,2.5463919639587402,0.7710824608802795,0.6827689409255981,0.6405308246612549,0.903765082359314,0.926824688911438,1.3097693920135498,1.5748733282089233,1.716495156288147,2.006544828414917,1.8484747409820557,1.625951886177063,1.9262988567352295,1.8678981065750122,2.120574712753296,2.3863208293914795,1.4800307750701904,1.128010869026184,1.1098318099975586,1.0394049882888794,0.9030395746231079,1.1213210821151733,1.3545427322387695,1.6563295125961304,1.8749334812164307,1.6997861862182617,1.6453492641448975,1.967331886291504,2.070995569229126,2.3412394523620605,2.6599090099334717
B7,0.722599983215332,0.6942009329795837,0.4355466067790985,0.5779407620429993,0.7765966653823853,0.9977350234985352,1.3050750494003296,1.3022581338882446,1.503934383392334,1.2999545335769653,0.9587706923484802,1.097333312034607,0.9456532597541809,1.1294175386428833,1.4080429077148438,1.8144404888153076,1.51926589012146,1.2473176717758179,0.9677707552909851,0.6847066879272461,0.37878352403640747,0.0,0.37716013193130493,0.5188198089599609,0.516670823097229,0.6212242245674133,0.9800812602043152,1.2314400672912598,1.5576292276382446,1.847673773765564,2.012613534927368,1.7189439535140991,1.5092071294784546,1.3914568424224854,1.0741469860076904,1.1672345399856567,1.112749695777893,1.338688611984253,1.602184772491455,1.620082139968872,1.644640564918518,2.030376672744751,2.1856510639190674,2.5365653038024902,2.8168656826019287,0.9345694184303284,0.9761818051338196,0.8850207924842834,1.1916590929031372,1.170244812965393,1.552734613418579,1.7773066759109497,1.8541154861450195,2.17983078956604,2.063640594482422,1.8032993078231812,2.0762555599212646,1.962930679321289,2.2219202518463135,2.4352681636810303,1.6508500576019287,1.275034785270691,1.2577993869781494,1.072127342224121,0.9504780173301697,1.0355209112167358,1.2406275272369385,1.5929447412490845,1.7438163757324219,1.5474656820297241,1.5747520923614502,1.8795911073684692,2.047285795211792,2.2965991497039795,2.6451234817504883
B8,0.780542254447937,0.6504777073860168,0.5352722406387329,0.49036678671836853,0.8105965256690979,0.9482555985450745,1.2964725494384766,1.367527961730957,1.493428111076355,1.2148194313049316,0.9376084208488464,1.0829650163650513,1.0187551975250244,1.1375850439071655,1.4825810194015503,1.9173252582550049,1.67832612991333,1.355758786201477,1.1303218603134155,0.854841947555542,0.6181105971336365,0.37716013193130493,0.0,0.3841474652290344,0.5591018199920654,0.5469262599945068,0.8191759586334229,1.028083324432373,1.3794676065444946,1.6095151901245117,1.9957112073898315,1.7227191925048828,1.563623070716858,1.5128471851348877,1.2457302808761597,1.422599196434021,1.4366363286972046,1.6601283550262451,1.941640853881836,1.9275611639022827,1.9132403135299683,2.3019065856933594,2.421020746231079,2.764280319213867,3.0495264530181885,1.2974056005477905,1.292038917541504,1.1894052028656006,1.4411633014678955,1.3435474634170532,1.7094043493270874,1.878454327583313,1.965067982673645,2.311331033706665,2.2372114658355713,2.0100295543670654,2.3106443881988525,2.2229936122894287,2.512688159942627,2.7173960208892822,1.4954190254211426,1.121141791343689,1.1799238920211792,0.9540688395500183,0.9661741852760315,1.0049629211425781,1.2729655504226685,1.6115520000457764,1.7068043947219849,1.4434421062469482,1.4672280550003052,1.7146048545837402,1.8823537826538086,2.0837090015411377,2.4493069648742676
B9,0.9819153547286987,0.9743708968162537,0.859688937664032,0.8540300726890564,1.1254938840866089,1.210616111755371,1.5167837142944336,1.510568380355835,1.5930989980697632,1.3262571096420288,1.0180473327636719,1.0173768997192383,0.8611375093460083,0.8677099943161011,1.188896656036377,2.1368396282196045,1.8807100057601929,1.5911891460418701,1.3062820434570312,1.0962365865707397,0.7628324031829834,0.5188198089599609,0.3841474652290344,0.0,0.3665699362754822,0.5709559917449951,0.7352941036224365,1.0511527061462402,1.3399821519851685,1.5835171937942505,2.369199275970459,2.0996878147125244,1.9215850830078125,1.8553804159164429,1.5582572221755981,1.683743953704834,1.6224833726882935,1.8242422342300415,2.0943071842193604,2.1344733238220215,2.1558878421783447,2.537848949432373,2.675461530685425,3.0320615768432617,3.2990033626556396,1.3173552751541138,1.3783310651779175,1.367850661277771,1.6597075462341309,1.6306545734405518,2.0097553730010986,2.214369297027588,2.3124735355377197,2.6477859020233154,2.5442616939544678,2.305145025253296,2.590378761291504,2.47956919670105,2.737003803253174,2.9399993419647217,1.7851202487945557,1.4221539497375488,1.5269776582717896,1.3302111625671387,1.3353036642074585,1.3755903244018555,1.6148055791854858,1.9705965518951416,2.0519936084747314,1.7906255722045898,1.8424609899520874,2.076969861984253,2.2525734901428223,2.4340357780456543,2.8057963848114014
B10,1.1792433261871338,1.1495541334152222,0.9162814021110535,0.8835110068321228,1.0412849187850952,1.087453842163086,1.331152319908142,1.2464532852172852,1.3391242027282715,1.1299563646316528,0.7764339447021484,0.7278056144714355,0.5149591565132141,0.6186204552650452,0.9326946139335632,1.9019635915756226,1.6327190399169922,1.383955717086792,1.0590276718139648,0.933425784111023,0.574182391166687,0.516670823097229,0.5591018199920654,0.3665699362754822,0.0,0.3852686583995819,0.6052575707435608,0.9544068574905396,1.20473313331604,1.5198098421096802,2.3593027591705322,2.1139297485351562,1.8803088665008545,1.8237093687057495,1.488560438156128,1.597407579421997,1.4875432252883911,1.6226739883422852,1.9168617725372314,2.006826639175415,2.0097570419311523,2.3720030784606934,2.4953694343566895,2.8653461933135986,3.1003293991088867,1.0795977115631104,1.1095514297485352,1.1788438558578491,1.4612048864364624,1.494032382965088,1.8738000392913818,2.1225426197052,2.264251470565796,2.568650960922241,2.420497179031372,2.197591543197632,2.488926410675049,2.4018986225128174,2.6379263401031494,2.8788747787475586,1.7390080690383911,1.388130784034729,1.4967459440231323,1.3812984228134155,1.3519920110702515,1.485025405883789,1.7337987422943115,2.0735230445861816,2.216156482696533,1.9807926416397095,1.9807653427124023,2.247081995010376,2.3804714679718018,2.58933687210083,2.9405453205108643
B11,1.2790284156799316,1.1284565925598145,0.8756198287010193,0.6899024844169617,0.7990438342094421,0.7461326718330383,0.9895386695861816,0.9617448449134827,1.0225248336791992,0.7703099250793457,0.4475298523902893,0.5379363298416138,0.5607979893684387,0.7623252868652344,1.1307499408721924,1.6299660205841064,1.4130460023880005,1.1258301734924316,0.8601356148719788,0.768398642539978,0.5328795313835144,0.6212242245674133,0.5469262599945068,0.5709559917449951,0.3852686583995819,0.0,0.3939586579799652,0.6384308934211731,0.9407324194908142,1.256295084953308,2.095374822616577,1.8929792642593384,1.659167766571045,1.6747167110443115,1.3628660440444946,1.5539830923080444,1.512015461921692,1.6150938272476196,1.9530296325683594,2.013159990310669,1.9436720609664917,2.2991580963134766,2.367053270339966,2.7331881523132324,2.9598610401153564,1.214924693107605,1.119971752166748,1.150820255279541,1.3509098291397095,1.324258804321289,1.6825278997421265,1.9023356437683105,2.0852346420288086,2.3840548992156982,2.250711441040039,2.0772149562835693,2.4075562953948975,2.3766629695892334,2.643958330154419,2.91001558303833,1.3690255880355835,1.0331333875656128,1.190171480178833,1.1311620473861694,1.1698940992355347,1.3612209558486938,1.6649061441421509,1.9612452983856201,2.123692512512207,1.8706752061843872,1.803234338760376,2.0525472164154053,2.134700059890747,2.3358731269836426,2.6699929237365723
B12,1.5936424732208252,1.4401699304580688,1.237870693206787,1.009040355682373,1.1253340244293213,0.9647101163864136,1.14558744430542,1.1136525869369507,1.0314221382141113,0.7465217709541321,0.5656351447105408,0.46157580614089966,0.6041162610054016,0.6511071920394897,1.049189567565918,1.8250497579574585,1.662916898727417,1.388137936592102,1.1574829816818237,1.132699728012085,0.9224163293838501,0.9800812602043152,0.8191759586334229,0.7352941036224365,0.6052575707435608,0.3939586579799652,0.0,0.38434141874313354,0.6129593849182129,0.9154345393180847,2.3504207134246826,2.1841063499450684,1.9676686525344849,2.025940179824829,1.731153130531311,1.9413626194000244,1.8990898132324219,1.9784566164016724,2.3239665031433105,2.3979830741882324,2.3140597343444824,2.658295154571533,2.700460910797119,3.0666556358337402,3.272536039352417,1.5502265691757202,1.4536906480789185,1.525800347328186,1.7006685733795166,1.6702367067337036,2.008043050765991,2.209928035736084,2.41752290725708,2.7104923725128174,2.5822925567626953,2.4369094371795654,2.778864622116089,2.7634072303771973,3.0313642024993896,3.3026368618011475,1.4470922946929932,1.1670979261398315,1.417314052581787,1.3840402364730835,1.497365117073059,1.6755688190460205,1.999332308769226,2.285200595855713,2.4205844402313232,2.135058879852295,2.0593581199645996,2.259587049484253,2.3205766677856445,2.4721455574035645,2.8047521114349365
B13,1.7971446514129639,1.571792721748352,1.3862301111221313,1.0751663446426392,1.139589548110962,0.8724852800369263,0.9978033900260925,1.0466325283050537,0.8737671375274658,0.5387839078903198,0.5851047039031982,0.6084878444671631,0.9041770696640015,0.9913349747657776,1.3688220977783203,1.7127974033355713,1.6300337314605713,1.342873215675354,1.2092509269714355,1.2229657173156738,1.1254304647445679,1.2314400672912598,1.028083324432373,1.0511527061462402,0.9544068574905396,0.6384308934211731,0.38434141874313354,0.0,0.3792840838432312,0.6342394351959229,2.2163610458374023,2.1065475940704346,1.9094080924987793,2.0380029678344727,1.7855690717697144,2.0518949031829834,2.0633013248443604,2.1190428733825684,2.4853172302246094,2.5331177711486816,2.39450740814209,2.722905397415161,2.7134299278259277,3.0661492347717285,3.259443998336792,1.7998414039611816,1.6340770721435547,1.674807071685791,1.7755848169326782,1.6934186220169067,1.9866483211517334,2.144251585006714,2.3834636211395264,2.662933349609375,2.5568201541900635,2.4635794162750244,2.8302199840545654,2.8619441986083984,3.1516363620758057,3.437180757522583,1.1776878833770752,0.969902753829956,1.2898226976394653,1.321672797203064,1.5092623233795166,1.7136151790618896,2.066854953765869,2.3032732009887695,2.442453622817993,2.1448702812194824,2.0122034549713135,2.1735849380493164,2.17765212059021,2.301126003265381,2.6080684661865234
