,A1,A2,A3,A4,A5,A6,A7,A8,A9,A10,A11,A12,A13,A14,A15,B1,B2,B3,B4,B5,B6,B7,B8,B9,B10,B11,B12,B13,B14,B15,C1,C2,C3,C4,C5,C6,C7,C8,C9,C10,C11,C12,C13,C14,C15,D1,D2,D3,D4,D5,D6,D7,D8,D9,D10,D11,D12,D13,D14,D15,E1,E2,E3,E4,E5,E6,E7,E8,E9,E10,E11,E12,E13,E14,E15
A1,0.0,0.37746185064315796,0.5490497350692749,0.8409503102302551,1.1303982734680176,1.308611273765564,1.6665098667144775,1.8841421604156494,2.014084577560425,1.7389168739318848,1.755070686340332,1.9829436540603638,2.150624990463257,2.288890838623047,2.6589772701263428,2.74611496925354,2.3989553451538086,2.2424681186676025,2.02327823638916,1.677553653717041,1.7101149559020996,1.4899088144302368,1.1237916946411133,1.316333293914795,1.543842077255249,1.3234615325927734,1.4459117650985718,1.3274222612380981,1.6446152925491333,1.6118894815444946,1.919937252998352,1.586455225944519,1.7214393615722656,1.514190673828125,1.4425792694091797,1.6480807065963745,1.5566922426223755,1.640783429145813,1.9875656366348267,2.063180446624756,2.045837879180908,2.4304141998291016,2.5582215785980225,2.914418935775757,3.1180813312530518,2.216381549835205,1.9220198392868042,1.9059983491897583,1.9650522470474243,1.7069331407546997,2.002073049545288,2.1394295692443848,1.9479008913040161,2.2354514598846436,2.1145496368408203,1.7810254096984863,1.9502309560775757,1.7677497863769531,1.9375274181365967,2.1033294200897217,2.031310796737671,1.8278818130493164,1.6324012279510498,1.2570980787277222,1.2069506645202637,0.9431745409965515,0.6509959101676941,0.8941239714622498,0.9369426965713501,1.1132893562316895,1.333268165588379,1.6364400386810303,1.920499324798584,2.2304494380950928,2.4823622703552246
A2,0.37746185064315796,0.0,0.38656550645828247,0.6009165048599243,0.8560909032821655,1.1054186820983887,1.4353225231170654,1.6213605403900146,1.8073903322219849,1.5703706741333008,1.5423364639282227,1.8158031702041626,1.9587682485580444,2.143676519393921,2.495358467102051,2.4099514484405518,2.056231737136841,1.9216115474700928,1.688763976097107,1.3617768287658691,1.4250835180282593,1.2204253673553467,0.8839033842086792,1.1624594926834106,1.3647758960723877,1.1515783071517944,1.3674485683441162,1.3008134365081787,1.653377652168274,1.705889105796814,1.6686464548110962,1.3118728399276733,1.3960256576538086,1.1847394704818726,1.0757627487182617,1.3030455112457275,1.2476800680160522,1.3317406177520752,1.6782525777816772,1.7197870016098022,1.6916874647140503,2.0755085945129395,2.210516929626465,2.5603692531585693,2.780644655227661,1.9001001119613647,1.598807692527771,1.5498121976852417,1.6017720699310303,1.3360047340393066,1.6318014860153198,1.7889808416366577,1.6263543367385864,1.9127964973449707,1.7748990058898926,1.463291049003601,1.6698172092437744,1.5436773300170898,1.7469948530197144,1.9625897407531738,1.8579572439193726,1.6100881099700928,1.4046099185943604,1.0368403196334839,0.9018149375915527,0.693514883518219,0.3630926311016083,0.5639667510986328,0.7250102758407593,0.8864209651947021,1.0256097316741943,1.3639135360717773,1.6117595434188843,1.9391121864318848,2.189396381378174
A3,0.5490497350692749,0.38656550645828247,0.0,0.39105135202407837,0.5980184078216553,0.7956939339637756,1.1599429845809937,1.3462096452713013,1.4816619157791138,1.2136023044586182,1.212230920791626,1.4656236171722412,1.6444823741912842,1.8220856189727783,2.1866705417633057,2.2361645698547363,1.901659607887268,1.722203016281128,1.5380140542984009,1.1726305484771729,1.2437107563018799,1.1088554859161377,0.742712676525116,0.9894196391105652,1.1181585788726807,0.8397891521453857,1.0219630002975464,0.9242411851882935,1.2776145935058594,1.357749581336975,1.9192602634429932,1.543131947517395,1.6008906364440918,1.4237842559814453,1.2268282175064087,1.477765679359436,1.414538860321045,1.3950978517532349,1.7717831134796143,1.821046233177185,1.712693691253662,2.091416835784912,2.1608049869537354,2.5161619186401367,2.705672025680542,1.8622013330459595,1.5247787237167358,1.5407181978225708,1.534075379371643,1.2992833852767944,1.61612069606781,1.7106112241744995,1.534852385520935,1.8677513599395752,1.7975764274597168,1.494212031364441,1.7442716360092163,1.6240276098251343,1.883273720741272,2.0649302005767822,1.6184484958648682,1.3657596111297607,1.2365809679031372,0.8475553393363953,0.8244526982307434,0.719667375087738,0.572353184223175,0.8342915773391724,1.0428580045700073,1.1024166345596313,1.213882565498352,1.5815757513046265,1.8133862018585205,2.1333742141723633,2.4112741947174072
A4,0.8409503102302551,0.6009165048599243,0.39105135202407837,0.0,0.3814566731452942,0.5268964767456055,0.8435211181640625,1.0777395963668823,1.2469420433044434,1.0513792037963867,1.0943617820739746,1.4134461879730225,1.6242104768753052,1.8622283935546875,2.20841908454895,1.9918874502182007,1.6446224451065063,1.51780366897583,1.3896018266677856,1.0409889221191406,1.2299052476882935,1.1947681903839111,0.8993099927902222,1.205784797668457,1.2422844171524048,0.926153838634491,1.1549344062805176,1.0295500755310059,1.3610268831253052,1.4844437837600708,1.7353918552398682,1.3553144931793213,1.416480541229248,1.3289570808410645,1.1170233488082886,1.4381650686264038,1.4720458984375,1.4567573070526123,1.8141852617263794,1.7866878509521484,1.643684983253479,2.0063228607177734,2.066192865371704,2.3990373611450195,2.616530656814575,1.8598403930664062,1.499258041381836,1.4588755369186401,1.3638447523117065,1.079085111618042,1.346691608428955,1.3875739574432373,1.1703040599822998,1.502636194229126,1.4667367935180664,1.155807614326477,1.4139411449432373,1.307328462600708,1.60459566116333,1.7815297842025757,1.2734768390655518,1.0137052536010742,0.8514145612716675,0.46687057614326477,0.46302330493927,0.4431266486644745,0.5254114270210266,0.7984434366226196,1.0024418830871582,0.9331656098365784,1.0091440677642822,1.3756824731826782,1.6003049612045288,1.8934662342071533,2.2022898197174072
A5,1.1303982734680176,0.8560909032821655,0.5980184078216553,0.3814566731452942,0.0,0.3805387616157532,0.6500911116600037,0.7688921093940735,0.9789092540740967,0.8021684288978577,0.7552291750907898,1.1007825136184692,1.280429482460022,1.5496047735214233,1.8741164207458496,1.6570473909378052,1.3272305727005005,1.1573313474655151,1.0404376983642578,0.6792653799057007,0.8930608630180359,0.9441454410552979,0.7282177209854126,1.0275547504425049,0.974972128868103,0.6739819049835205,0.9683064222335815,0.9358420372009277,1.264042854309082,1.4819718599319458,1.8943248987197876,1.5150384902954102,1.4833537340164185,1.384852647781372,1.0862946510314941,1.3767727613449097,1.3988131284713745,1.2930688858032227,1.6477246284484863,1.6221075057983398,1.412656545639038,1.7563740015029907,1.764089822769165,2.096336841583252,2.289632558822632,1.580150842666626,1.205477237701416,1.2120847702026367,1.0801664590835571,0.8661972284317017,1.1674948930740356,1.1932716369628906,1.0493019819259644,1.4183982610702515,1.411374807357788,1.1784218549728394,1.5059146881103516,1.485788106918335,1.816823124885559,2.0162014961242676,1.2387115955352783,0.9081476330757141,0.8646217584609985,0.5578023791313171,0.5262349247932434,0.7337793707847595,0.8240927457809448,0.9763808250427246,1.2642468214035034,1.1966824531555176,1.158979058265686,1.5346840620040894,1.681864857673645,1.9828749895095825,2.2746078968048096
A6,1.308611273765564,1.1054186820983887,0.7956939339637756,0.5268964767456055,0.3805387616157532,0.0,0.38212093710899353,0.6367397308349609,0.7287974953651428,0.5584246516227722,0.6960938572883606,1.0205745697021484,1.2940661907196045,1.557202935218811,1.885115385055542,1.6982791423797607,1.396878957748413,1.2357949018478394,1.2365851402282715,0.900204598903656,1.1463490724563599,1.2673835754394531,1.055702805519104,1.2913355827331543,1.1744492053985596,0.8245205879211426,1.0007760524749756,0.859802782535553,1.1155664920806885,1.32573401927948,2.0847058296203613,1.7154114246368408,1.727981448173523,1.6925755739212036,1.4145272970199585,1.7302453517913818,1.775938868522644,1.6628063917160034,2.011228084564209,1.9683738946914673,1.7325304746627808,2.05110502243042,2.0187652111053467,2.329359769821167,2.509349822998047,1.8859933614730835,1.5073473453521729,1.5271415710449219,1.3273189067840576,1.1184577941894531,1.3510102033615112,1.2681078910827637,1.0522745847702026,1.423126459121704,1.5050926208496094,1.2627145051956177,1.5577436685562134,1.499164342880249,1.8459986448287964,1.979520320892334,0.9169050455093384,0.6242046356201172,0.6762017011642456,0.4297237694263458,0.6470220685005188,0.8449379205703735,1.0420773029327393,1.2686854600906372,1.4949675798416138,1.3591644763946533,1.3696365356445312,1.7184842824935913,1.8895772695541382,2.1501784324645996,2.474076747894287
A7,1.6665098667144775,1.4353225231170654,1.1599429845809937,0.8435211181640625,0.6500911116600037,0.38212093710899353,0.0,0.3830728530883789,0.5029455423355103,0.557304322719574,0.7183318734169006,1.0510300397872925,1.319225788116455,1.6236056089401245,1.9005206823349,1.44830322265625,1.1707738637924194,1.0670855045318604,1.1773866415023804,0.9274893999099731,1.244179368019104,1.4520663022994995,1.3234632015228271,1.5609285831451416,1.383975625038147,1.076690435409546,1.2576483488082886,1.1476683616638184,1.338404655456543,1.5822523832321167,2.1381947994232178,1.7939395904541016,1.778346300125122,1.8095911741256714,1.5237228870391846,1.8464833498001099,1.9465171098709106,1.819284200668335,2.130938768386841,2.0366857051849365,1.7654039859771729,2.0367705821990967,1.970378041267395,2.2405784130096436,2.425417423248291,1.9386860132217407,1.569683313369751,1.5630345344543457,1.2810297012329102,1.097214698791504,1.2414491176605225,1.0590978860855103,0.840896725654602,1.1991244554519653,1.3604111671447754,1.1839543581008911,1.4812123775482178,1.4781314134597778,1.8440968990325928,1.9646966457366943,0.6690911650657654,0.3172905445098877,0.5392241477966309,0.5484306812286377,0.7557952404022217,1.0438529253005981,1.3109179735183716,1.490692377090454,1.7120680809020996,1.5181726217269897,1.4711761474609375,1.781838059425354,1.9064029455184937,2.126377582550049,2.4558420181274414
A8,1.8841421604156494,1.6213605403900146,1.3462096452713013,1.0777395963668823,0.7688921093940735,0.6367397308349609,0.3830728530883789,0.0,0.3824155926704407,0.5530810356140137,0.5353086590766907,0.8635552525520325,1.0595346689224243,1.3984520435333252,1.6253920793533325,1.1143819093704224,0.8757704496383667,0.7172660827636719,0.8955872654914856,0.7198721170425415,1.0349220037460327,1.3222674131393433,1.2933588027954102,1.4950716495513916,1.2562161684036255,1.0286661386489868,1.2372115850448608,1.2342274188995361,1.4102067947387695,1.720409870147705,2.295015573501587,1.9569302797317505,1.8664631843566895,1.8737183809280396,1.5434578657150269,1.8149808645248413,1.900026798248291,1.7116730213165283,1.9940840005874634,1.9032906293869019,1.5864484310150146,1.8148258924484253,1.692186713218689,1.9465166330337524,2.100581169128418,1.702520728111267,1.3525866270065308,1.388088583946228,1.079505205154419,1.0102684497833252,1.1551973819732666,0.9705939888954163,0.8933655619621277,1.244712471961975,1.4051079750061035,1.3212690353393555,1.6605523824691772,1.7319928407669067,2.1012656688690186,2.2586114406585693,0.9492083787918091,0.610875129699707,0.8600190877914429,0.8785019516944885,0.969728946685791,1.3101074695587158,1.529765009880066,1.64106023311615,1.916471242904663,1.7539777755737305,1.6366591453552246,1.9503726959228516,2.009592056274414,2.2395071983337402,2.536569595336914
A9,2.014084577560425,1.8073903322219849,1.4816619157791138,1.2469420433044434,0.9789092540740967,0.7287974953651428,0.5029455423355103,0.3824155926704407,0.0,0.3671918511390686,0.5433869361877441,0.7334899306297302,1.0209968090057373,1.307493805885315,1.5391829013824463,1.3518918752670288,1.187760353088379,0.9969619512557983,1.2119792699813843,1.0213068723678589,1.2662036418914795,1.5531315803527832,1.4891502857208252,1.6257295608520508,1.3551273345947266,1.1047765016555786,1.1925777196884155,1.1369255781173706,1.216352105140686,1.526594638824463,2.6124303340911865,2.268922805786133,2.213261365890503,2.2170984745025635,1.8920859098434448,2.166853189468384,2.2223849296569824,2.0168092250823975,2.3171608448028564,2.2566282749176025,1.9342029094696045,2.159327745437622,2.0057621002197266,2.254469394683838,2.367300510406494,1.9941941499710083,1.6482847929000854,1.7340911626815796,1.4429851770401,1.3865225315093994,1.534386396408081,1.3244082927703857,1.2073591947555542,1.5416393280029297,1.7409240007400513,1.632829189300537,1.9425054788589478,1.966700792312622,2.3343679904937744,2.441469430923462,0.898577868938446,0.6686822772026062,1.010176181793213,1.034511923789978,1.232311487197876,1.5226401090621948,1.748286485671997,1.9179922342300415,2.1738052368164062,2.0072059631347656,1.942356824874878,2.259859085083008,2.351555585861206,2.572835922241211,2.885575532913208
A10,1.7389168739318848,1.5703706741333008,1.2136023044586182,1.0513792037963867,0.8021684288978577,0.5584246516227722,0.557304322719574,0.5530810356140137,0.3671918511390686,0.0,0.38158372044563293,0.5631263852119446,0.9089654088020325,1.1497802734375,1.4534831047058105,1.5929450988769531,1.3930877447128296,1.144250512123108,1.2551747560501099,0.9750869870185852,1.1513546705245972,1.3778760433197021,1.2518956661224365,1.3550629615783691,1.1077723503112793,0.8144075870513916,0.8523561954498291,0.7697605490684509,0.8750453591346741,1.1899096965789795,2.602564811706543,2.2374825477600098,2.203289031982422,2.1535301208496094,1.8297687768936157,2.0961313247680664,2.099696397781372,1.8935365676879883,2.228464126586914,2.2182199954986572,1.9189053773880005,2.18715500831604,2.0578033924102783,2.347907066345215,2.452484369277954,1.9487332105636597,1.5900483131408691,1.7127853631973267,1.4871587753295898,1.411332130432129,1.6348716020584106,1.4963743686676025,1.3593692779541016,1.725448727607727,1.8705363273620605,1.7049226760864258,2.019580602645874,1.999076008796692,2.357778310775757,2.470769166946411,1.044193983078003,0.8035275340080261,1.0678625106811523,0.9579283595085144,1.1701284646987915,1.4025983810424805,1.5722167491912842,1.7743738889694214,2.0339996814727783,1.913057804107666,1.891701579093933,2.2397220134735107,2.368978500366211,2.624079465866089,2.9363174438476562
A11,1.755070686340332,1.5423364639282227,1.212230920791626,1.0943617820739746,0.7552291750907898,0.6960938572883606,0.7183318734169006,0.5353086590766907,0.5433869361877441,0.38158372044563293,0.0,0.3855874836444855,0.6117212176322937,0.9132139682769775,1.204589605331421,1.3855398893356323,1.1947665214538574,0.881141185760498,0.9421939253807068,0.677097737789154,0.7986844778060913,1.0671472549438477,1.02457594871521,1.1060172319412231,0.8145264983177185,0.6091868281364441,0.7503806352615356,0.8417907953262329,1.0088233947753906,1.3656096458435059,2.5721027851104736,2.2064406871795654,2.1124649047851562,2.0201945304870605,1.6656265258789062,1.8799262046813965,1.8541690111160278,1.6026889085769653,1.9211618900299072,1.9324506521224976,1.616440773010254,1.8704614639282227,1.7211147546768188,2.0205090045928955,2.1048364639282227,1.5929237604141235,1.2472730875015259,1.4161486625671387,1.2209272384643555,1.224389910697937,1.4839857816696167,1.4045988321304321,1.360291838645935,1.7308183908462524,1.8300553560256958,1.7084769010543823,2.0618433952331543,2.0938897132873535,2.4531943798065186,2.6195156574249268,1.3248109817504883,1.0165305137634277,1.2377749681472778,1.0970675945281982,1.1921197175979614,1.4620462656021118,1.5742253065109253,1.7049548625946045,2.0155863761901855,1.9381517171859741,1.859329342842102,2.2187914848327637,2.302604913711548,2.5823235511779785,2.861145496368408
A12,1.9829436540603638,1.8158031702041626,1.4656236171722412,1.4134461879730225,1.1007825136184692,1.0205745697021484,1.0510300397872925,0.8635552525520325,0.7334899306297302,0.5631263852119446,0.3855874836444855,0.0,0.3818313181400299,0.5915589332580566,0.8946164846420288,1.5745384693145752,1.459265112876892,1.1109429597854614,1.194815993309021,0.9826245307922363,0.9848842024803162,1.2451826333999634,1.2261059284210205,1.1868888139724731,0.8507424592971802,0.7391524314880371,0.7029517292976379,0.8500651717185974,0.8926978707313538,1.2805231809616089,2.9499223232269287,2.5812385082244873,2.4845027923583984,2.369744062423706,2.009979009628296,2.19212007522583,2.1216678619384766,1.8327394723892212,2.1424460411071777,2.1974737644195557,1.873655915260315,2.1008360385894775,1.9065768718719482,2.1936142444610596,2.213564395904541,1.754616618156433,1.4492650032043457,1.6854833364486694,1.5223579406738281,1.5792450904846191,1.8409301042556763,1.757706880569458,1.7302846908569336,2.093842029571533,2.206418991088867,2.0931813716888428,2.4444663524627686,2.4673569202423096,2.8261663913726807,2.9779436588287354,1.582831859588623,1.3229519128799438,1.5821239948272705,1.441957950592041,1.5650310516357422,1.8096832036972046,1.8962985277175903,2.039001941680908,2.3520681858062744,2.2952170372009277,2.231468915939331,2.596365451812744,2.681443691253662,2.965601921081543,3.239058017730713
A13,2.150624990463257,1.9587682485580444,1.6444823741912842,1.6242104768753052,1.280429482460022,1.2940661907196045,1.319225788116455,1.0595346689224243,1.0209968090057373,0.9089654088020325,0.6117212176322937,0.3818313181400299,0.0,0.36622154712677,0.602380633354187,1.493686556816101,1.4274086952209473,1.0469597578048706,1.0890601873397827,0.9646622538566589,0.8553066253662109,1.1363409757614136,1.2265961170196533,1.1304528713226318,0.7658436298370361,0.8304766416549683,0.8510949611663818,1.114086627960205,1.1812020540237427,1.5661442279815674,3.056114912033081,2.6954550743103027,2.5493597984313965,2.4030232429504395,2.0287258625030518,2.14851975440979,2.0464890003204346,1.7127125263214111,1.9824542999267578,2.066072463989258,1.7331491708755493,1.9182229042053223,1.6873143911361694,1.9637528657913208,1.933858871459961,1.524295687675476,1.2743726968765259,1.5677416324615479,1.451119065284729,1.5961130857467651,1.8640835285186768,1.8260923624038696,1.875119924545288,2.2247917652130127,2.306159496307373,2.2369983196258545,2.608278512954712,2.6723403930664062,3.028423547744751,3.216093063354492,1.8948522806167603,1.6037349700927734,1.8429017066955566,1.698358416557312,1.7501939535140991,2.01334285736084,2.05975079536438,2.1420605182647705,2.4861080646514893,2.4621851444244385,2.3544766902923584,2.7176215648651123,2.7602837085723877,3.056602954864502,3.296330690383911
A14,2.288890838623047,2.143676519393921,1.8220856189727783,1.8622283935546875,1.5496047735214233,1.557202935218811,1.6236056089401245,1.3984520435333252,1.307493805885315,1.1497802734375,0.9132139682769775,0.5915589332580566,0.36622154712677,0.0,0.3910002112388611,1.8311327695846558,1.7868915796279907,1.4049503803253174,1.424176812171936,1.2923310995101929,1.1183112859725952,1.328397512435913,1.4001449346542358,1.2083215713500977,0.8731611967086792,0.9930611848831177,0.88459312915802,1.1712141036987305,1.1614484786987305,1.5246176719665527,3.361464262008667,2.9945154190063477,2.8581714630126953,2.6839663982391357,2.315570116043091,2.4133121967315674,2.266205072402954,1.9220815896987915,2.1900455951690674,2.3207783699035645,2.0067667961120605,2.187406539916992,1.9519035816192627,2.2248730659484863,2.150106906890869,1.7373148202896118,1.526291847229004,1.8530914783477783,1.7811347246170044,1.9298433065414429,2.214726448059082,2.189312696456909,2.228224277496338,2.583587169647217,2.660313367843628,2.5745959281921387,2.942673444747925,2.985687732696533,3.3375203609466553,3.5165975093841553,2.173740863800049,1.9060695171356201,2.1481733322143555,1.9769223928451538,2.047710657119751,2.2766342163085938,2.291058301925659,2.3891046047210693,2.7288827896118164,2.7317519187927246,2.6492302417755127,3.021423101425171,3.0791635513305664,3.386446952819824,3.623389959335327
A15,2.6589772701263428,2.495358467102051,2.1866705417633057,2.20841908454895,1.8741164207458496,1.885115385055542,1.9005206823349,1.6253920793533325,1.5391829013824463,1.4534831047058105,1.204589605331421,0.8946164846420288,0.602380633354187,0.3910002112388611,0.0,1.8378541469573975,1.8711354732513428,1.5012037754058838,1.555780053138733,1.5138357877731323,1.3300936222076416,1.5686864852905273,1.7089840173721313,1.513643503189087,1.1825443506240845,1.3495875597000122,1.2735481262207031,1.5596201419830322,1.5288240909576416,1.8878346681594849,3.6284053325653076,3.2722902297973633,3.104412078857422,2.935980796813965,2.5597727298736572,2.627126932144165,2.483339548110962,2.1162784099578857,2.334651231765747,2.4624619483947754,2.135166883468628,2.2534446716308594,1.970240831375122,2.194727897644043,2.058293342590332,1.8111335039138794,1.6633001565933228,2.003715753555298,1.9301882982254028,2.1368484497070312,2.3909976482391357,2.3576934337615967,2.4434750080108643,2.7767412662506104,2.8630728721618652,2.8217334747314453,3.1967620849609375,3.272355794906616,3.628844738006592,3.817049264907837,2.4330265522003174,2.168766736984253,2.432302713394165,2.2964398860931396,2.350594997406006,2.607525110244751,2.630584239959717,2.6997179985046387,3.0519039630889893,3.0502984523773193,2.9358925819396973,3.2978861331939697,3.3211755752563477,3.620059013366699,3.8394675254821777
B1,2.74611496925354,2.4099514484405518,2.2361645698547363,1.9918874502182007,1.6570473909378052,1.6982791423797607,1.44830322265625,1.1143819093704224,1.3518918752670288,1.5929450988769531,1.3855398893356323,1.5745384693145752,1.493686556816101,1.8311327695846558,1.8378541469573975,0.0,0.3777744174003601,0.5550950765609741,0.8447644710540771,1.1323751211166382,1.3456426858901978,1.6864216327667236,1.8944288492202759,2.0686535835266113,1.816411018371582,1.8045485019683838,2.0744526386260986,2.2161805629730225,2.386883497238159,2.7438888549804688,2.5866217613220215,2.3423383235931396,2.092482805252075,2.133714199066162,1.812065839767456,1.9306366443634033,2.0723540782928467,1.8455992937088013,1.9299813508987427,1.7510515451431274,1.4021555185317993,1.3737293481826782,1.1336182355880737,1.1818974018096924,1.3134337663650513,1.4797964096069336,1.3278900384902954,1.308396816253662,0.9796693325042725,1.200551986694336,1.1256741285324097,0.977460503578186,1.2644163370132446,1.3904201984405518,1.5107636451721191,1.7016080617904663,2.0292813777923584,2.2824132442474365,2.6120097637176514,2.842625856399536,1.833290934562683,1.5541995763778687,1.72184419631958,1.8319087028503418,1.7359532117843628,2.117483377456665,2.2929296493530273,2.2267680168151855,2.5354039669036865,2.393486499786377,2.1168277263641357,2.3339569568634033,2.1999855041503906,2.3712356090545654,2.5512030124664307
B2,2.3989553451538086,2.056231737136841,1.901659607887268,1.6446224451065063,1.3272305727005005,1.396878957748413,1.1707738637924194,0.8757704496383667,1.187760353088379,1.3930877447128296,1.1947665214538574,1.459265112876892,1.4274086952209473,1.7868915796279907,1.8711354732513428,0.3777744174003601,0.0,0.38537612557411194,0.612078070640564,0.851545512676239,1.1304537057876587,1.4425530433654785,1.611068606376648,1.8334261178970337,1.6176002025604248,1.5643951892852783,1.868350863456726,1.9855321645736694,2.1961722373962402,2.5329365730285645,2.2385411262512207,1.9785547256469727,1.7422024011611938,1.7837707996368408,1.4612504243850708,1.6173752546310425,1.7782411575317383,1.584720492362976,1.7078617811203003,1.5156885385513306,1.175987958908081,1.2342133522033691,1.0742939710617065,1.2133009433746338,1.4173535108566284,1.3434704542160034,1.1256728172302246,1.0525273084640503,0.6804972887039185,0.8379901647567749,0.7798755168914795,0.6436867713928223,0.9294721484184265,1.1011426448822021,1.1919342279434204,1.3485099077224731,1.69353449344635,1.9352355003356934,2.267717123031616,2.510098457336426,1.6000730991363525,1.2889835834503174,1.405061960220337,1.4935916662216187,1.3685588836669922,1.7481573820114136,1.9233837127685547,1.8565185070037842,2.1595606803894043,2.0162060260772705,1.7427701950073242,1.9718475341796875,1.8599683046340942,2.0521366596221924,2.2541165351867676
B3,2.2424681186676025,1.9216115474700928,1.722203016281128,1.51780366897583,1.1573313474655151,1.2357949018478394,1.0670855045318604,0.7172660827636719,0.9969619512557983,1.144250512123108,0.881141185760498,1.1109429597854614,1.0469597578048706,1.4049503803253174,1.5012037754058838,0.5550950765609741,0.38537612557411194,0.0,0.3936429023742676,0.5975809693336487,0.8249444365501404,1.180039405822754,1.3589565753936768,1.528618335723877,1.2762560844421387,1.2508372068405151,1.5347787141799927,1.68988037109375,1.8887535333633423,2.2426726818084717,2.3932621479034424,2.092442750930786,1.8726433515548706,1.8420188426971436,1.481162667274475,1.6248202323913574,1.7048678398132324,1.4498683214187622,1.6229945421218872,1.5125783681869507,1.1439675092697144,1.2551699876785278,1.0482248067855835,1.2620632648468018,1.3945727348327637,1.191243052482605,0.9343308806419373,0.9900286197662354,0.6720718145370483,0.8735912442207336,0.9758130311965942,0.9003381133079529,1.102315068244934,1.3633413314819336,1.4408329725265503,1.5139939785003662,1.885628342628479,2.074997901916504,2.4226975440979004,2.6587014198303223,1.6027275323867798,1.2648944854736328,1.4266688823699951,1.435616374015808,1.3460607528686523,1.715188980102539,1.8521254062652588,1.8179723024368286,2.1519954204559326,2.047785520553589,1.8123589754104614,2.097287654876709,2.031675100326538,2.269895553588867,2.482851266860962
B4,2.02327823638916,1.688763976097107,1.5380140542984009,1.3896018266677856,1.0404376983642578,1.2365851402282715,1.1773866415023804,0.8955872654914856,1.2119792699813843,1.2551747560501099,0.9421939253807068,1.194815993309021,1.0890601873397827,1.424176812171936,1.555780053138733,0.8447644710540771,0.612078070640564,0.3936429023742676,0.0,0.383001446723938,0.5434975028038025,0.8475888967514038,1.0758846998214722,1.265030860900879,1.076765537261963,1.1062551736831665,1.4454213380813599,1.6399160623550415,1.8933428525924683,2.2305965423583984,2.2125751972198486,1.9055005311965942,1.6601674556732178,1.5625367164611816,1.1899198293685913,1.2832192182540894,1.3273441791534424,1.0583611726760864,1.2361007928848267,1.1533482074737549,0.7852507829666138,0.9589658975601196,0.810986340045929,1.1098639965057373,1.2738152742385864,0.8415284156799316,0.5512537956237793,0.6186830401420593,0.38430461287498474,0.6616693735122681,0.8703399896621704,0.9530605673789978,1.1647082567214966,1.437114953994751,1.4168305397033691,1.4621102809906006,1.8452211618423462,2.0305283069610596,2.359574556350708,2.6333863735198975,1.7812399864196777,1.4144545793533325,1.4947699308395386,1.418927550315857,1.2501693964004517,1.5871855020523071,1.6507015228271484,1.564112663269043,1.9218817949295044,1.875677227973938,1.6258193254470825,1.925482988357544,1.8541960716247559,2.1327576637268066,2.318756341934204
B5,1.677553653717041,1.3617768287658691,1.1726305484771729,1.0409889221191406,0.6792653799057007,0.900204598903656,0.9274893999099731,0.7198721170425415,1.0213068723678589,0.9750869870185852,0.677097737789154,0.9826245307922363,0.9646622538566589,1.2923310995101929,1.5138357877731323,1.1323751211166382,0.851545512676239,0.5975809693336487,0.383001446723938,0.0,0.3823438882827759,0.6586259603500366,0.7702378034591675,0.9936784505844116,0.8179682493209839,0.7608663439750671,1.1181827783584595,1.2833291292190552,1.5622329711914062,1.8800809383392334,2.1230640411376953,1.7790290117263794,1.5964337587356567,1.4736745357513428,1.0956134796142578,1.2566964626312256,1.2645217180252075,1.0168321132659912,1.2977452278137207,1.2648288011550903,0.9466851353645325,1.2216856479644775,1.1392711400985718,1.467550277709961,1.626191258430481,1.0183706283569336,0.6492187976837158,0.7432035803794861,0.5738428235054016,0.6377906799316406,0.9493417143821716,1.0193853378295898,1.1054133176803589,1.4416342973709106,1.4259026050567627,1.3682326078414917,1.752176284790039,1.8701515197753906,2.207061290740967,2.4602210521698,1.579132318496704,1.20530104637146,1.2712922096252441,1.1221562623977661,0.9867793917655945,1.2983460426330566,1.3510701656341553,1.3275004625320435,1.6854348182678223,1.647533893585205,1.4596891403198242,1.8025749921798706,1.8075306415557861,2.1096560955047607,2.3349900245666504
B6,1.7101149559020996,1.4250835180282593,1.2437107563018799,1.2299052476882935,0.8930608630180359,1.1463490724563599,1.244179368019104,1.0349220037460327,1.2662036418914795,1.1513546705245972,0.7986844778060913,0.9848842024803162,0.8553066253662109,1.1183112859725952,1.3300936222076416,1.3456426858901978,1.1304537057876587,0.8249444365501404,0.5434975028038025,0.3823438882827759,0.0,0.38419008255004883,0.630706787109375,0.7335478067398071,0.5533188581466675,0.6763639450073242,1.0157148838043213,1.2770148515701294,1.5503120422363281,1.872611403465271,2.351454019546509,2.0074198246002197,1.8102062940597534,1.6123685836791992,1.237908959388733,1.3042325973510742,1.2011353969573975,0.8737990856170654,1.1591577529907227,1.2329245805740356,0.9319810271263123,1.1992758512496948,1.0960476398468018,1.4502060413360596,1.543462872505188,0.8250942826271057,0.48703113198280334,0.7599025368690491,0.7668896317481995,0.9172526001930237,1.2506111860275269,1.374333381652832,1.481573224067688,1.8101394176483154,1.76356041431427,1.703121304512024,2.0831494331359863,2.189413547515869,2.5118861198425293,2.7761778831481934,1.910835862159729,1.5431666374206543,1.615194320678711,1.4140346050262451,1.2788466215133667,1.5344642400741577,1.502899408340454,1.4589027166366577,1.8349961042404175,1.8660796880722046,1.6926674842834473,2.0442380905151367,2.046320915222168,2.3718783855438232,2.5657958984375
B7,1.4899088144302368,1.2204253673553467,1.1088554859161377,1.1947681903839111,0.9441454410552979,1.2673835754394531,1.4520663022994995,1.3222674131393433,1.5531315803527832,1.3778760433197021,1.0671472549438477,1.2451826333999634,1.1363409757614136,1.328397512435913,1.5686864852905273,1.6864216327667236,1.4425530433654785,1.180039405822754,0.8475888967514038,0.6586259603500366,0.38419008255004883,0.0,0.3858867883682251,0.5008559226989746,0.5423868298530579,0.7082166075706482,1.0469450950622559,1.3090615272521973,1.6212056875228882,1.8919757604599,2.2599048614501953,1.9171233177185059,1.7332401275634766,1.4650167226791382,1.123435378074646,1.1358938217163086,0.9411351680755615,0.6224815845489502,0.9633010029792786,1.1200196743011475,0.9204243421554565,1.2396260499954224,1.2331336736679077,1.6043332815170288,1.7127803564071655,0.8252107501029968,0.5427342653274536,0.7796317338943481,0.9355421662330627,1.0170079469680786,1.3822674751281738,1.5772264003753662,1.6578950881958008,1.978834867477417,1.8729771375656128,1.7717429399490356,2.131502389907837,2.209583282470703,2.501397132873535,2.782073736190796,2.1122238636016846,1.748946189880371,1.7535510063171387,1.4892334938049316,1.3119606971740723,1.4863076210021973,1.3604639768600464,1.2830559015274048,1.6587809324264526,1.7619950771331787,1.6140316724777222,1.9682036638259888,1.9917488098144531,2.3423218727111816,2.5153868198394775
B8,1.1237916946411133,0.8839033842086792,0.742712676525116,0.8993099927902222,0.7282177209854126,1.055702805519104,1.3234632015228271,1.2933588027954102,1.4891502857208252,1.2518956661224365,1.02457594871521,1.2261059284210205,1.2265961170196533,1.4001449346542358,1.7089840173721313,1.8944288492202759,1.611068606376648,1.3589565753936768,1.0758846998214722,0.7702378034591675,0.630706787109375,0.3858867883682251,0.0,0.38284575939178467,0.5450480580329895,0.5301339626312256,0.8581018447875977,1.0470945835113525,1.3928349018096924,1.6133029460906982,2.1580135822296143,1.7939705848693848,1.685347318649292,1.4204596281051636,1.1117780208587646,1.209192156791687,1.0285046100616455,0.8299922347068787,1.2131823301315308,1.3494813442230225,1.1949869394302368,1.5511828660964966,1.5775538682937622,1.9484893083572388,2.081498384475708,1.1953554153442383,0.8903931379318237,1.0364733934402466,1.136907696723938,1.0883395671844482,1.4669123888015747,1.6351189613342285,1.6258115768432617,1.9675062894821167,1.8696361780166626,1.6920491456985474,2.028059720993042,2.0410733222961426,2.325986623764038,2.5794661045074463,1.9539735317230225,1.6141369342803955,1.585369348526001,1.2649967670440674,1.126723051071167,1.2286155223846436,1.0730140209197998,1.0770293474197388,1.4282459020614624,1.5404561758041382,1.4705498218536377,1.8452777862548828,1.9421045780181885,2.2961783409118652,2.5051536560058594
B9,1.316333293914795,1.1624594926834106,0.9894196391105652,1.205784797668457,1.0275547504425049,1.2913355827331543,1.5609285831451416,1.4950716495513916,1.6257295608520508,1.3550629615783691,1.1060172319412231,1.1868888139724731,1.1304528713226318,1.2083215713500977,1.513643503189087,2.0686535835266113,1.8334261178970337,1.528618335723877,1.265030860900879,0.9936784505844116,0.7335478067398071,0.5008559226989746,0.38284575939178467,0.0,0.3649942874908447,0.5426107048988342,0.7331436276435852,1.0154907703399658,1.3100481033325195,1.5338540077209473,2.5313775539398193,2.1700472831726074,2.0581655502319336,1.7746306657791138,1.4715181589126587,1.5167405605316162,1.2734187841415405,1.0200748443603516,1.369149923324585,1.5760643482208252,1.41526198387146,1.7336652278900146,1.7118394374847412,2.0790233612060547,2.1461663246154785,1.2765592336654663,1.031490683555603,1.2764230966567993,1.401497721672058,1.423063039779663,1.799904465675354,1.9532732963562012,1.9593244791030884,2.3110556602478027,2.231807231903076,2.0645320415496826,2.4049270153045654,2.4104645252227783,2.697648763656616,2.9387454986572266,2.196702480316162,1.8675694465637207,1.8898372650146484,1.5681589841842651,1.4809974431991577,1.57411789894104,1.407279133796692,1.432888150215149,1.7687039375305176,1.901374101638794,1.84978187084198,2.2234904766082764,2.3182971477508545,2.6746208667755127,2.873338222503662
B10,1.543842077255249,1.3647758960723877,1.1181585788726807,1.2422844171524048,0.974972128868103,1.1744492053985596,1.383975625038147,1.2562161684036255,1.3551273345947266,1.1077723503112793,0.8145264983177185,0.8507424592971802,0.7658436298370361,0.8731611967086792,1.1825443506240845,1.816411018371582,1.6176002025604248,1.2762560844421387,1.076765537261963,0.8179682493209839,0.5533188581466675,0.5423868298530579,0.5450480580329895,0.3649942874908447,0.0,0.3767593502998352,0.5728081464767456,0.9114670157432556,1.1628053188323975,1.4598151445388794,2.649287462234497,2.2820932865142822,2.1534276008605957,1.916858196258545,1.5741833448410034,1.6519173383712769,1.4626084566116333,1.160136103630066,1.4916526079177856,1.654891848564148,1.4172744750976562,1.7026807069778442,1.6074092388153076,1.9607374668121338,2.0009729862213135,1.2429994344711304,0.9694642424583435,1.2581357955932617,1.3018418550491333,1.3705954551696777,1.729425072669983,1.826578140258789,1.8481166362762451,2.2103049755096436,2.1812844276428223,2.0439705848693848,2.4047937393188477,2.4324848651885986,2.7496144771575928,2.976743459701538,2.031653642654419,1.7006055116653442,1.791693925857544,1.5159566402435303,1.4728031158447266,1.6383801698684692,1.552925944328308,1.6015827655792236,1.9506330490112305,2.0231642723083496,1.9463382959365845,2.3247878551483154,2.4007983207702637,2.741647958755493,2.957561492919922
B11,1.3234615325927734,1.1515783071517944,0.8397891521453857,0.926153838634491,0.6739819049835205,0.8245205879211426,1.076690435409546,1.0286661386489868,1.1047765016555786,0.8144075870513916,0.6091868281364441,0.7391524314880371,0.8304766416549683,0.9930611848831177,1.3495875597000122,1.8045485019683838,1.5643951892852783,1.2508372068405151,1.1062551736831665,0.7608663439750671,0.6763639450073242,0.7082166075706482,0.5301339626312256,0.5426107048988342,0.3767593502998352,0.0,0.3899174630641937,0.6138385534286499,0.9202077388763428,1.2088432312011719,2.479142904281616,2.1003239154815674,2.022366523742676,1.8286219835281372,1.4971387386322021,1.6594657897949219,1.5303609371185303,1.2922337055206299,1.6568275690078735,1.7619655132293701,1.5234909057617188,1.8412758111953735,1.769408941268921,2.122176170349121,2.209597587585449,1.4647235870361328,1.131079077720642,1.3368446826934814,1.3042926788330078,1.2772186994552612,1.627875804901123,1.6796033382415771,1.629327416419983,2.005711555480957,2.004192590713501,1.8224701881408691,2.1675572395324707,2.1574153900146484,2.4808390140533447,2.6780242919921875,1.700734257698059,1.3868253231048584,1.4717109203338623,1.1813932657241821,1.1968209743499756,1.3491100072860718,1.310164451599121,1.4321085214614868,1.7541896104812622,1.784340500831604,1.749893307685852,2.1347763538360596,2.254041910171509,2.5818705558776855,2.8352303504943848
B12,1.4459117650985718,1.3674485683441162,1.0219630002975464,1.1549344062805176,0.9683064222335815,1.0007760524749756,1.2576483488082886,1.2372115850448608,1.1925777196884155,0.8523561954498291,0.7503806352615356,0.7029517292976379,0.8510949611663818,0.88459312915802,1.2735481262207031,2.0744526386260986,1.868350863456726,1.5347787141799927,1.4454213380813599,1.1181827783584595,1.0157148838043213,1.0469450950622559,0.8581018447875977,0.7331436276435852,0.5728081464767456,0.3899174630641937,0.0,0.37763866782188416,0.5949409008026123,0.8917174935340881,2.8088982105255127,2.4262518882751465,2.3800342082977295,2.1882288455963135,1.8709543943405151,2.035338878631592,1.8840386867523193,1.6444978713989258,2.006357192993164,2.137460231781006,1.8996707201004028,2.2054662704467773,2.1069910526275635,2.451946973800659,2.502291202545166,1.7927037477493286,1.4824316501617432,1.71694815158844,1.6779975891113281,1.6546880006790161,1.9946519136428833,2.011115074157715,1.9306697845458984,2.3128275871276855,2.3427019119262695,2.141956329345703,2.4713330268859863,2.4240105152130127,2.745924711227417,2.9056429862976074,1.8104405403137207,1.5486347675323486,1.6765389442443848,1.3891218900680542,1.485999345779419,1.5974400043487549,1.5619957447052002,1.739305019378662,2.0287978649139404,2.059126853942871,2.073367118835449,2.4586617946624756,2.6065266132354736,2.928978681564331,3.1960110664367676
B13,1.3274222612380981,1.3008134365081787,0.9242411851882935,1.0295500755310059,0.9358420372009277,0.859802782535553,1.1476683616638184,1.2342274188995361,1.1369255781173706,0.7697605490684509,0.8417907953262329,0.8500651717185974,1.114086627960205,1.1712141036987305,1.5596201419830322,2.2161805629730225,1.9855321645736694,1.68988037109375,1.6399160623550415,1.2833291292190552,1.2770148515701294,1.3090615272521973,1.0470945835113525,1.0154907703399658,0.9114670157432556,0.6138385534286499,0.37763866782188416,0.0,0.3693951666355133,0.6047050952911377,2.7567250728607178,2.373852014541626,2.3846609592437744,2.231024742126465,1.943137764930725,2.162982702255249,2.0518805980682373,1.8654420375823975,2.242832899093628,2.3394570350646973,2.112787961959839,2.4378578662872314,2.3613109588623047,2.704301595687866,2.7871055603027344,2.078148365020752,1.740079402923584,1.9188882112503052,1.8390461206436157,1.7436439990997314,2.0608229637145996,2.039048433303833,1.8886674642562866,2.26779842376709,2.32232403755188,2.0792031288146973,2.3742189407348633,2.2765445709228516,2.59116792678833,2.707368850708008,1.6027626991271973,1.3960537910461426,1.512266993522644,1.2219257354736328,1.399154543876648,1.4617502689361572,1.4677340984344482,1.7175828218460083,1.9552656412124634,1.9502558708190918,2.0222275257110596,2.3983867168426514,2.590883493423462,2.894355058670044,3.190800189971924
