,A1,A2,A3,A4,A5,A6,A7,A8,A9,A10,A11,A12,A13,A14,A15,B1,B2,B3,B4,B5,B6,B7,B8,B9,B10,B11,B12,B13,B14,B15,C1,C2,C3,C4,C5,C6,C7,C8,C9,C10,C11,C12,C13,C14,C15,D1,D2,D3,D4,D5,D6,D7,D8,D9,D10,D11,D12,D13,D14,D15,E1,E2,E3,E4,E5,E6,E7,E8,E9,E10,E11,E12,E13,E14,E15
A1,0.0,0.402890682220459,0.5640048980712891,0.7681997418403625,1.0930830240249634,1.1374174356460571,1.0047922134399414,1.267777442932129,1.5343838930130005,1.8485019207000732,2.036935806274414,2.392308473587036,2.5961248874664307,2.7385342121124268,3.1222639083862305,2.942626714706421,2.6270687580108643,2.5063812732696533,2.263564109802246,1.8945428133010864,1.8948355913162231,1.971449375152588,1.664669394493103,1.4732646942138672,1.12555730342865,1.1826690435409546,0.8875660300254822,0.9121382236480713,1.181820273399353,1.2153621912002563,1.5780479907989502,1.4366631507873535,1.3780004978179932,1.7070884704589844,1.71320641040802,2.054219961166382,1.9588398933410645,1.8476988077163696,2.193664312362671,2.2634899616241455,2.4941165447235107,2.7633440494537354,2.794032573699951,3.1359646320343018,3.3432207107543945,0.8885211944580078,1.0579644441604614,0.8134389519691467,0.997290313243866,1.30196213722229,1.4722201824188232,1.5286831855773926,1.6881037950515747,2.0606067180633545,2.3232550621032715,2.606959819793701,2.9165165424346924,3.1127521991729736,3.3667750358581543,3.6846702098846436,3.140427827835083,2.7758450508117676,2.6298158168792725,2.55126690864563,2.1871795654296875,2.39601993560791,2.4632298946380615,2.109511375427246,2.1004533767700195,1.777000069618225,1.9396660327911377,1.7843408584594727,1.6989922523498535,2.047694206237793,1.9806452989578247
A2,0.402890682220459,0.0,0.383627712726593,0.5825058221817017,0.7991414666175842,0.8967171311378479,0.7134835124015808,0.905929446220398,1.1994162797927856,1.4832592010498047,1.6875965595245361,2.038872003555298,2.2262887954711914,2.3934710025787354,2.7763068675994873,2.544102668762207,2.2289631366729736,2.120091199874878,1.876080870628357,1.51063072681427,1.503880262374878,1.569023609161377,1.2632722854614258,1.0801746845245361,0.7419792413711548,0.8736467361450195,0.671962559223175,0.810967743396759,1.1143217086791992,1.2610002756118774,1.5338265895843506,1.2987250089645386,1.231402039527893,1.5090445280075073,1.4411300420761108,1.7851098775863647,1.6855982542037964,1.5218396186828613,1.8515805006027222,1.8890434503555298,2.116938591003418,2.3734395503997803,2.3976306915283203,2.7446630001068115,2.952003240585327,0.9358227849006653,0.9724221229553223,0.6247591972351074,0.735954999923706,0.9701566696166992,1.186646819114685,1.2981153726577759,1.4060786962509155,1.781812071800232,2.0120511054992676,2.323261022567749,2.607111930847168,2.8062853813171387,3.0793957710266113,3.382974863052368,2.77695631980896,2.4158637523651123,2.2586007118225098,2.2059073448181152,1.8552383184432983,2.099637985229492,2.15958833694458,1.8096519708633423,1.8586249351501465,1.5737195014953613,1.7828726768493652,1.7050760984420776,1.6530194282531738,2.023223638534546,2.0249381065368652
A3,0.5640048980712891,0.383627712726593,0.0,0.37891408801078796,0.6345121264457703,0.8393328785896301,0.8158228993415833,0.9612947702407837,1.3220869302749634,1.571826696395874,1.8443305492401123,2.1623032093048096,2.3599016666412354,2.5661990642547607,2.9511971473693848,2.5069713592529297,2.1889960765838623,2.0251309871673584,1.8086025714874268,1.4283864498138428,1.5105291604995728,1.611307978630066,1.2862083911895752,1.221183180809021,0.9115111231803894,1.1365927457809448,1.0113093852996826,1.0938042402267456,1.4365960359573364,1.5507615804672241,1.343485713005066,1.1359907388687134,0.9681047797203064,1.244632363319397,1.2011489868164062,1.5649995803833008,1.5321511030197144,1.4037317037582397,1.7732033729553223,1.8313186168670654,2.1121156215667725,2.356855630874634,2.4340291023254395,2.776576519012451,3.021629810333252,0.6422997117042542,0.5996318459510803,0.265826940536499,0.5273531079292297,0.7970026731491089,1.0135116577148438,1.0254515409469604,1.1404130458831787,1.522918462753296,1.7748429775238037,2.0519959926605225,2.36543607711792,2.5521955490112305,2.806844472885132,3.124220132827759,2.615067958831787,2.2465407848358154,2.1240270137786865,2.030531644821167,1.6608397960662842,1.8552629947662354,1.9048253297805786,1.5488498210906982,1.5403168201446533,1.2287517786026,1.4266765117645264,1.329627275466919,1.3051133155822754,1.676032304763794,1.7019315958023071
A4,0.7681997418403625,0.5825058221817017,0.37891408801078796,0.0,0.3838011622428894,0.49706554412841797,0.6012978553771973,0.7877333164215088,1.1266403198242188,1.3943650722503662,1.690860629081726,1.9815362691879272,2.224595785140991,2.4212937355041504,2.8114471435546875,2.460346221923828,2.107084035873413,1.969081997871399,1.8114069700241089,1.4304163455963135,1.5657023191452026,1.5933585166931152,1.2323894500732422,1.2003926038742065,0.8744203448295593,1.0705705881118774,1.0101075172424316,0.9966722130775452,1.367853045463562,1.4668971300125122,1.0006462335586548,0.7616083025932312,0.649590015411377,0.9486647248268127,0.9599405527114868,1.2897553443908691,1.2138044834136963,1.1409882307052612,1.5178698301315308,1.6414766311645508,1.917044997215271,2.1981070041656494,2.3102619647979736,2.6251485347747803,2.89215087890625,0.9120950102806091,0.7500755190849304,0.46802112460136414,0.7749534249305725,0.9014731049537659,1.2063097953796387,1.1858634948730469,1.1905617713928223,1.5846091508865356,1.7751356363296509,2.045931100845337,2.35083270072937,2.486626148223877,2.7652318477630615,3.066364049911499,2.502394676208496,2.1623196601867676,1.9960174560546875,1.8572760820388794,1.4836938381195068,1.6659579277038574,1.7841862440109253,1.4565922021865845,1.4739547967910767,1.2033790349960327,1.474813461303711,1.3933442831039429,1.4682680368423462,1.8294683694839478,1.8957592248916626
A5,1.0930830240249634,0.7991414666175842,0.6345121264457703,0.3838011622428894,0.0,0.38485822081565857,0.5425599217414856,0.5373625159263611,0.904211699962616,1.0998364686965942,1.4392635822296143,1.6941148042678833,1.9284682273864746,2.1572980880737305,2.5403740406036377,2.1052403450012207,1.7421714067459106,1.6128323078155518,1.4875915050506592,1.1169263124465942,1.2949309349060059,1.2883296012878418,0.9220386147499084,0.9810680747032166,0.7357562184333801,1.0045610666275024,1.084604024887085,1.126623511314392,1.4803214073181152,1.645488977432251,1.0675902366638184,0.725050687789917,0.6082637906074524,0.7662873268127441,0.6570016145706177,0.986567497253418,0.9101850390434265,0.7761492729187012,1.153072714805603,1.2620772123336792,1.5518523454666138,1.8241949081420898,1.9551619291305542,2.264503240585327,2.5460119247436523,1.1530319452285767,0.8869655728340149,0.6097860932350159,0.7839058041572571,0.7292545437812805,1.092245101928711,1.1000447273254395,0.9939478635787964,1.3762019872665405,1.5015400648117065,1.7930853366851807,2.0657002925872803,2.1869099140167236,2.4901392459869385,2.7713217735290527,2.13765549659729,1.8087832927703857,1.621293067932129,1.4894475936889648,1.1239866018295288,1.3443031311035156,1.4734033346176147,1.1625633239746094,1.2613623142242432,1.0699348449707031,1.40310537815094,1.420727014541626,1.5452755689620972,1.9015278816223145,2.0349502563476562
A6,1.1374174356460571,0.8967171311378479,0.8393328785896301,0.49706554412841797,0.38485822081565857,0.0,0.371002733707428,0.5323861241340637,0.7618776559829712,1.0378223657608032,1.3372809886932373,1.589931607246399,1.8785796165466309,2.0535900592803955,2.4424121379852295,2.291461944580078,1.9055345058441162,1.8399256467819214,1.7461559772491455,1.3971613645553589,1.5438430309295654,1.458723545074463,1.0901455879211426,1.0711852312088013,0.7866224050521851,0.9109950661659241,0.9894619584083557,0.9161439538002014,1.2616888284683228,1.3948346376419067,0.8924427032470703,0.5259625911712646,0.6428869366645813,0.8383397459983826,0.8369120955467224,1.0646320581436157,0.8628729581832886,0.8130357265472412,1.1453194618225098,1.3308547735214233,1.5585936307907104,1.8844826221466064,2.0102219581604004,2.287909746170044,2.5611555576324463,1.4032856225967407,1.187145471572876,0.9077275395393372,1.1263723373413086,1.096884846687317,1.4637900590896606,1.4832262992858887,1.3698168992996216,1.7441226243972778,1.8352904319763184,2.12123966217041,2.3767828941345215,2.4624383449554443,2.781203269958496,3.043423891067505,2.3385863304138184,2.047611713409424,1.8063056468963623,1.654959797859192,1.3153327703475952,1.529624104499817,1.7259583473205566,1.457013726234436,1.570753574371338,1.401462197303772,1.743430733680725,1.7292929887771606,1.8707044124603271,2.2220375537872314,2.3336262702941895
A7,1.0047922134399414,0.7134835124015808,0.8158228993415833,0.6012978553771973,0.5425599217414856,0.371002733707428,0.0,0.3757722079753876,0.5741795897483826,0.9105559587478638,1.1431684494018555,1.4569470882415771,1.7191349267959595,1.8696640729904175,2.262725353240967,2.253850221633911,1.883182168006897,1.8551973104476929,1.7074408531188965,1.3650959730148315,1.4172770977020264,1.3215714693069458,0.9714314937591553,0.8244675993919373,0.49069643020629883,0.5490860939025879,0.6339784264564514,0.6355974674224854,0.963316798210144,1.1655011177062988,1.22676682472229,0.8848264813423157,0.9892663359642029,1.1854490041732788,1.1110206842422485,1.3560847043991089,1.1402536630630493,0.9948432445526123,1.2730027437210083,1.3841315507888794,1.5633494853973389,1.8818632364273071,1.9385074377059937,2.2391257286071777,2.469151020050049,1.4503031969070435,1.302059292793274,0.951160192489624,1.0942018032073975,1.086625337600708,1.438105583190918,1.5421303510665894,1.4691606760025024,1.8443645238876343,1.949694275856018,2.273188352584839,2.5094499588012695,2.63417911529541,2.958869695663452,3.218090772628784,2.4508426189422607,2.149080753326416,1.8991504907608032,1.8162832260131836,1.4967008829116821,1.7682825326919556,1.9264389276504517,1.640183925628662,1.7891860008239746,1.6092329025268555,1.932120442390442,1.9277751445770264,2.008281707763672,2.3762807846069336,2.462754011154175
A8,1.267777442932129,0.905929446220398,0.9612947702407837,0.7877333164215088,0.5373625159263611,0.5323861241340637,0.3757722079753876,0.0,0.3999490439891815,0.6164069771766663,0.9163980484008789,1.2078449726104736,1.4372525215148926,1.6425400972366333,2.029822587966919,1.8785674571990967,1.5081132650375366,1.4920350313186646,1.353795051574707,1.0321524143218994,1.0926692485809326,0.9653580784797668,0.6115232110023499,0.5487536191940308,0.3617227077484131,0.5851473212242126,0.8321962356567383,0.9496958255767822,1.22413170337677,1.4832218885421753,1.4135699272155762,1.0252964496612549,1.0707447528839111,1.1582870483398438,0.9701962471008301,1.1992390155792236,1.0053176879882812,0.7559861540794373,0.9974440336227417,1.042822241783142,1.232090711593628,1.5278987884521484,1.584047555923462,1.898298740386963,2.1367833614349365,1.5682799816131592,1.3581918478012085,1.0156575441360474,1.053978443145752,0.9184382557868958,1.2788716554641724,1.420742154121399,1.2851892709732056,1.6271932125091553,1.682874321937561,2.0249764919281006,2.223968505859375,2.352459669113159,2.6897740364074707,2.931255578994751,2.1106064319610596,1.81370210647583,1.5544902086257935,1.511437177658081,1.2200829982757568,1.5361905097961426,1.6721830368041992,1.4050310850143433,1.6208139657974243,1.5031934976577759,1.843777060508728,1.9143983125686646,2.009157657623291,2.3716559410095215,2.504932403564453
A9,1.5343838930130005,1.1994162797927856,1.3220869302749634,1.1266403198242188,0.904211699962616,0.7618776559829712,0.5741795897483826,0.3999490439891815,0.0,0.37837785482406616,0.5822498202323914,0.8830723166465759,1.1583445072174072,1.3069349527359009,1.699224591255188,1.903137445449829,1.529994010925293,1.6106163263320923,1.512232780456543,1.259307622909546,1.2671858072280884,1.0352556705474854,0.765671968460083,0.6298367381095886,0.5696457028388977,0.5471276640892029,0.887336790561676,0.9634907841682434,1.1422382593154907,1.4279693365097046,1.586334228515625,1.2033501863479614,1.3505693674087524,1.4092917442321777,1.2407549619674683,1.3774856328964233,1.1045305728912354,0.8791642189025879,0.9784466624259949,1.0356552600860596,1.1006985902786255,1.432282567024231,1.4477845430374146,1.7240232229232788,1.9320417642593384,1.9478390216827393,1.7514294385910034,1.4051663875579834,1.442179560661316,1.2934201955795288,1.6415544748306274,1.8061323165893555,1.6472619771957397,1.9638272523880005,1.9688587188720703,2.313244581222534,2.4699158668518066,2.572080135345459,2.9278390407562256,3.136613607406616,2.209986686706543,1.9649322032928467,1.6529756784439087,1.6340522766113281,1.4073824882507324,1.7354698181152344,1.9070342779159546,1.689825177192688,1.9453907012939453,1.8671940565109253,2.22080135345459,2.301041603088379,2.4075653553009033,2.7685770988464355,2.9029502868652344
A10,1.8485019207000732,1.4832592010498047,1.571826696395874,1.3943650722503662,1.0998364686965942,1.0378223657608032,0.9105559587478638,0.6164069771766663,0.37837785482406616,0.0,0.3903566300868988,0.6006718277931213,0.8435713052749634,1.0641274452209473,1.4429503679275513,1.5690386295318604,1.1992926597595215,1.3374180793762207,1.282959222793579,1.1088025569915771,1.1142492294311523,0.810741662979126,0.6401379108428955,0.6375585794448853,0.7777336835861206,0.834905743598938,1.2077219486236572,1.3319238424301147,1.4841219186782837,1.7885668277740479,1.8262063264846802,1.4302090406417847,1.5396538972854614,1.5124733448028564,1.2752037048339844,1.355051040649414,1.1113171577453613,0.8271408081054688,0.7900053858757019,0.7503312230110168,0.7518894672393799,1.0672482252120972,1.0706030130386353,1.348389983177185,1.56453537940979,2.1656641960144043,1.9303606748580933,1.6060969829559326,1.5804364681243896,1.3475522994995117,1.6712981462478638,1.8549432754516602,1.6445913314819336,1.9045476913452148,1.8437882661819458,2.189629316329956,2.2915639877319336,2.382828712463379,2.748819351196289,2.925841808319092,1.9273978471755981,1.716499924659729,1.3830620050430298,1.4188255071640015,1.2665899991989136,1.6194294691085815,1.7732588052749634,1.6064627170562744,1.9190646409988403,1.9094147682189941,2.2668182849884033,2.406376361846924,2.5276947021484375,2.875434398651123,3.0471832752227783
A11,2.036935806274414,1.6875965595245361,1.8443305492401123,1.690860629081726,1.4392635822296143,1.3372809886932373,1.1431684494018555,0.9163980484008789,0.5822498202323914,0.3903566300868988,0.0,0.38146552443504333,0.6073445081710815,0.7309526801109314,1.1225887537002563,1.6957751512527466,1.3730099201202393,1.5834919214248657,1.5173349380493164,1.3970186710357666,1.3128904104232788,0.9831140637397766,0.9187932014465332,0.7950262427330017,0.9711123108863831,0.8922165036201477,1.2694658041000366,1.4028984308242798,1.4564849138259888,1.7838083505630493,2.127216100692749,1.7435847520828247,1.891052484512329,1.8861231803894043,1.6636327505111694,1.7308790683746338,1.4656189680099487,1.2068476676940918,1.1125996112823486,1.0457698106765747,0.9150867462158203,1.1888256072998047,1.0840219259262085,1.3231204748153687,1.45258367061615,2.458019733428955,2.258800745010376,1.9125556945800781,1.8714755773544312,1.6630418300628662,1.9634674787521362,2.1838505268096924,1.99602472782135,2.2466115951538086,2.1825506687164307,2.5355677604675293,2.6109447479248047,2.708479642868042,3.0759050846099854,3.233550548553467,2.1829569339752197,2.0038812160491943,1.6651235818862915,1.7449694871902466,1.6339062452316284,1.9886175394058228,2.1358659267425537,1.980454444885254,2.301098346710205,2.287688732147217,2.637622117996216,2.7724850177764893,2.872175931930542,3.2262678146362305,3.3822031021118164
A12,2.392308473587036,2.038872003555298,2.1623032093048096,1.9815362691879272,1.6941148042678833,1.589931607246399,1.4569470882415771,1.2078449726104736,0.8830723166465759,0.6006718277931213,0.38146552443504333,0.0,0.37817102670669556,0.5159170031547546,0.8747262954711914,1.6024795770645142,1.2993193864822388,1.5733848810195923,1.587766408920288,1.5400923490524292,1.4894906282424927,1.1301740407943726,1.1332627534866333,1.1126434803009033,1.3180930614471436,1.2677041292190552,1.6443520784378052,1.7509074211120605,1.8002774715423584,2.110403537750244,2.306225538253784,1.9287395477294922,2.0863678455352783,2.021735429763794,1.792798399925232,1.7837750911712646,1.5218535661697388,1.290068507194519,1.0769582986831665,0.9971127510070801,0.739694356918335,0.9871366024017334,0.8791855573654175,1.0296484231948853,1.157110333442688,2.762925624847412,2.5298805236816406,2.2053048610687256,2.162294626235962,1.9119060039520264,2.207282781600952,2.412121057510376,2.180814027786255,2.3916423320770264,2.2681655883789062,2.599816083908081,2.628796100616455,2.686599016189575,3.060330867767334,3.178173780441284,2.0718026161193848,1.960904598236084,1.5999300479888916,1.694456696510315,1.6627271175384521,1.9987552165985107,2.1608269214630127,2.06797194480896,2.4159951210021973,2.457508087158203,2.816668748855591,2.981931447982788,3.1123709678649902,3.453334093093872,3.637455463409424
A13,2.5961248874664307,2.2262887954711914,2.3599016666412354,2.224595785140991,1.9284682273864746,1.8785796165466309,1.7191349267959595,1.4372525215148926,1.1583445072174072,0.8435713052749634,0.6073445081710815,0.37817102670669556,0.0,0.3754209876060486,0.6582657098770142,1.4253123998641968,1.198874831199646,1.5219261646270752,1.526415228843689,1.5586047172546387,1.4459068775177002,1.0896759033203125,1.212595820426941,1.2037246227264404,1.4861226081848145,1.4619243144989014,1.8388890027999878,2.0035829544067383,2.0326144695281982,2.368119478225708,2.6347250938415527,2.2466745376586914,2.3653573989868164,2.288811206817627,2.0190815925598145,2.022993326187134,1.8044962882995605,1.5337409973144531,1.3057315349578857,1.1244360208511353,0.8356575965881348,0.9378337264060974,0.6959946751594543,0.8465251922607422,0.8774251937866211,2.9395127296447754,2.712632417678833,2.38985276222229,2.2907261848449707,2.019761562347412,2.269195795059204,2.508448839187622,2.282172918319702,2.4498414993286133,2.3080177307128906,2.6430373191833496,2.628741502761841,2.708425521850586,3.0734753608703613,3.1698670387268066,2.042117118835449,1.9510612487792969,1.6182265281677246,1.789772629737854,1.805242896080017,2.152857780456543,2.2636919021606445,2.1855385303497314,2.5531113147735596,2.6143665313720703,2.953594446182251,3.1488640308380127,3.25691819190979,3.59136700630188,3.783262252807617
A14,2.7385342121124268,2.3934710025787354,2.5661990642547607,2.4212937355041504,2.1572980880737305,2.0535900592803955,1.8696640729904175,1.6425400972366333,1.3069349527359009,1.0641274452209473,0.7309526801109314,0.5159170031547546,0.3754209876060486,0.0,0.39316418766975403,1.7835664749145508,1.5722750425338745,1.8969870805740356,1.8924567699432373,1.9045202732086182,1.7728232145309448,1.422531247138977,1.515044093132019,1.4323539733886719,1.6731892824172974,1.5635658502578735,1.9194204807281494,2.0521416664123535,2.0178706645965576,2.341200113296509,2.792029619216919,2.4187369346618652,2.5833933353424072,2.5334432125091553,2.2966158390045166,2.294525384902954,2.0373806953430176,1.800152063369751,1.5763736963272095,1.451512098312378,1.149169921875,1.2765237092971802,1.0416756868362427,1.1072126626968384,1.05500066280365,3.17177677154541,2.9681236743927,2.6274256706237793,2.551809787750244,2.31252121925354,2.574032783508301,2.8183753490448,2.607731580734253,2.7980291843414307,2.670147180557251,3.0076115131378174,3.001072883605957,3.073941946029663,3.4412784576416016,3.5340147018432617,2.398118495941162,2.3199265003204346,1.9790669679641724,2.129502296447754,2.1342568397521973,2.4754722118377686,2.610360622406006,2.5255815982818604,2.8842453956604004,2.926578998565674,3.2729170322418213,3.4456474781036377,3.5496020317077637,3.8939383029937744,4.068247318267822
A15,3.1222639083862305,2.7763068675994873,2.9511971473693848,2.8114471435546875,2.5403740406036377,2.4424121379852295,2.262725353240967,2.029822587966919,1.699224591255188,1.4429503679275513,1.1225887537002563,0.8747262954711914,0.6582657098770142,0.39316418766975403,0.0,1.908360481262207,1.7643048763275146,2.1200501918792725,2.1407787799835205,2.205423355102539,2.060537576675415,1.7180837392807007,1.8585243225097656,1.7938560247421265,2.054102659225464,1.9449964761734009,2.2941408157348633,2.430525541305542,2.3731095790863037,2.6929690837860107,3.1649532318115234,2.7947518825531006,2.9596219062805176,2.8910889625549316,2.646641731262207,2.6208560466766357,2.3747541904449463,2.1443166732788086,1.8846473693847656,1.7395836114883423,1.4021999835968018,1.4503120183944702,1.1822508573532104,1.1429704427719116,0.9701266288757324,3.550483465194702,3.343459129333496,3.006772041320801,2.915297746658325,2.6631922721862793,2.9061129093170166,3.1583926677703857,2.939495086669922,3.1012234687805176,2.9474687576293945,3.2735259532928467,3.2291476726531982,3.2911174297332764,3.6524553298950195,3.712806224822998,2.5609662532806396,2.5305635929107666,2.202242612838745,2.380535840988159,2.4323084354400635,2.762787342071533,2.8867201805114746,2.832260847091675,3.203341484069824,3.269473075866699,3.6113758087158203,3.801788806915283,3.9068048000335693,4.245193958282471,4.428796768188477
B1,2.942626714706421,2.544102668762207,2.5069713592529297,2.460346221923828,2.1052403450012207,2.291461944580078,2.253850221633911,1.8785674571990967,1.903137445449829,1.5690386295318604,1.6957751512527466,1.6024795770645142,1.4253123998641968,1.7835664749145508,1.908360481262207,0.0,0.4043509066104889,0.5758823752403259,0.7457206845283508,1.0968841314315796,1.114152431488037,1.0275640487670898,1.3131827116012573,1.6168018579483032,1.943209171295166,2.1889524459838867,2.519785165786743,2.7635176181793213,2.937655210494995,3.269876480102539,2.953270435333252,2.579517126083374,2.4846572875976562,2.2878963947296143,1.9166942834854126,1.921481966972351,1.9681894779205322,1.6616735458374023,1.4861090183258057,1.120672345161438,1.1232211589813232,0.8115127086639404,0.7904624342918396,0.9891741871833801,1.1662204265594482,2.8615760803222656,2.566669225692749,2.3903684616088867,2.16693115234375,1.793215036392212,1.8593121767044067,2.0463409423828125,1.7742279767990112,1.6947649717330933,1.4255825281143188,1.6684396266937256,1.4921404123306274,1.6113704442977905,1.9147149324417114,1.9584708213806152,0.9583683013916016,0.9039140343666077,0.8374670147895813,1.2086169719696045,1.3955525159835815,1.6531381607055664,1.5381348133087158,1.583787202835083,1.9538530111312866,2.1543145179748535,2.3845081329345703,2.7099719047546387,2.8158867359161377,3.0550482273101807,3.331852436065674
B2,2.6270687580108643,2.2289631366729736,2.1889960765838623,2.107084035873413,1.7421714067459106,1.9055345058441162,1.883182168006897,1.5081132650375366,1.529994010925293,1.1992926597595215,1.3730099201202393,1.2993193864822388,1.198874831199646,1.5722750425338745,1.7643048763275146,0.4043509066104889,0.0,0.38317546248435974,0.5864196419715881,0.8395997881889343,0.9198339581489563,0.7598729133605957,0.9815155267715454,1.3101520538330078,1.6123567819595337,1.8576915264129639,2.1954543590545654,2.411750555038452,2.6004886627197266,2.9203615188598633,2.565117597579956,2.187791347503662,2.114600419998169,1.9232003688812256,1.5577455759048462,1.5613778829574585,1.5783206224441528,1.2656303644180298,1.0918529033660889,0.7218077182769775,0.7669329643249512,0.5360494256019592,0.6081218123435974,0.8898742198944092,1.1549298763275146,2.5855355262756348,2.2791035175323486,2.08355450630188,1.9003022909164429,1.5232855081558228,1.6591922044754028,1.8333913087844849,1.5393062829971313,1.5355224609375,1.2857221364974976,1.5715011358261108,1.4758909940719604,1.576028823852539,1.9209486246109009,2.011582851409912,0.9439467787742615,0.8098389506340027,0.5945179462432861,0.9305314421653748,1.0682430267333984,1.3696316480636597,1.319620132446289,1.328489065170288,1.7167903184890747,1.8950637578964233,2.169682502746582,2.4692201614379883,2.5978100299835205,2.8623745441436768,3.1304962635040283
B3,2.5063812732696533,2.120091199874878,2.0251309871673584,1.969081997871399,1.6128323078155518,1.8399256467819214,1.8551973104476929,1.4920350313186646,1.6106163263320923,1.3374180793762207,1.5834919214248657,1.5733848810195923,1.5219261646270752,1.8969870805740356,2.1200501918792725,0.5758823752403259,0.38317546248435974,0.0,0.3721865713596344,0.63484787940979,0.8297855257987976,0.8119950294494629,0.9657478928565979,1.3432121276855469,1.599212884902954,1.903883457183838,2.203155755996704,2.421670436859131,2.6520497798919678,2.9543867111206055,2.451157808303833,2.09261417388916,1.9542814493179321,1.754370927810669,1.378034234046936,1.419644832611084,1.5167020559310913,1.2122247219085693,1.137999415397644,0.8081825375556946,1.0039820671081543,0.8491873741149902,0.9835020303726196,1.260071039199829,1.5361287593841553,2.3468244075775146,2.0278546810150146,1.881691813468933,1.6840786933898926,1.2987828254699707,1.3917280435562134,1.5277431011199951,1.2248780727386475,1.1720622777938843,0.907981276512146,1.1966661214828491,1.1220365762710571,1.2636409997940063,1.602293610572815,1.7372411489486694,0.8045610785484314,0.5309391021728516,0.44942259788513184,0.7736204266548157,0.8718887567520142,1.1448699235916138,1.0178531408309937,1.0146008729934692,1.3881524801254272,1.581626057624817,1.8273093700408936,2.1464500427246094,2.273951530456543,2.5185744762420654,2.800262451171875
B4,2.263564109802246,1.876080870628357,1.8086025714874268,1.8114069700241089,1.4875915050506592,1.7461559772491455,1.7074408531188965,1.353795051574707,1.512232780456543,1.282959222793579,1.5173349380493164,1.587766408920288,1.526415228843689,1.8924567699432373,2.1407787799835205,0.7457206845283508,0.5864196419715881,0.3721865713596344,0.0,0.38352882862091064,0.4876261055469513,0.5911160707473755,0.7761572003364563,1.1187191009521484,1.3848018646240234,1.7060840129852295,1.9782273769378662,2.2362120151519775,2.459463357925415,2.771136999130249,2.4336304664611816,2.066833257675171,1.9124655723571777,1.7772741317749023,1.3965275287628174,1.5311466455459595,1.6061959266662598,1.2657153606414795,1.2759017944335938,0.9548477530479431,1.1609933376312256,1.070980429649353,1.1101499795913696,1.4481548070907593,1.676213026046753,2.1253840923309326,1.846537709236145,1.676929235458374,1.4306403398513794,1.0609604120254517,1.1159312725067139,1.319675087928772,1.0789029598236084,1.0655310153961182,0.9135051965713501,1.2595950365066528,1.2531332969665527,1.4756065607070923,1.7863762378692627,1.9655755758285522,1.1558443307876587,0.8341992497444153,0.7871745228767395,1.0484808683395386,1.0220803022384644,1.3296122550964355,1.1854183673858643,1.0679926872253418,1.4069876670837402,1.5207852125167847,1.7460681200027466,2.042572498321533,2.1135048866271973,2.3787965774536133,2.629572629928589
B5,1.8945428133010864,1.51063072681427,1.4283864498138428,1.4304163455963135,1.1169263124465942,1.3971613645553589,1.3650959730148315,1.0321524143218994,1.259307622909546,1.1088025569915771,1.3970186710357666,1.5400923490524292,1.5586047172546387,1.9045202732086182,2.205423355102539,1.0968841314315796,0.8395997881889343,0.63484787940979,0.38352882862091064,0.0,0.38610413670539856,0.5319324135780334,0.5197089314460754,0.8739327192306519,1.0694646835327148,1.4221844673156738,1.664610743522644,1.9079867601394653,2.1587820053100586,2.4512767791748047,2.096487283706665,1.7326020002365112,1.5680229663848877,1.4756255149841309,1.1050310134887695,1.3091012239456177,1.369473934173584,1.026121973991394,1.1432315111160278,0.9001054167747498,1.1755757331848145,1.2092314958572388,1.2772128582000732,1.6331506967544556,1.8826059103012085,1.7687673568725586,1.489452600479126,1.2997347116470337,1.0734171867370605,0.6976135969161987,0.8302362561225891,1.0338213443756104,0.8002060651779175,0.9151501059532166,0.8694412708282471,1.2497047185897827,1.3561333417892456,1.5744835138320923,1.8895844221115112,2.1177151203155518,1.3693954944610596,1.0072320699691772,0.9108912348747253,1.0504168272018433,0.8853467702865601,1.2155704498291016,1.1198132038116455,0.8982908129692078,1.2095963954925537,1.2489675283432007,1.505743145942688,1.7600303888320923,1.830229640007019,2.1270334720611572,2.3560383319854736
B6,1.8948355913162231,1.503880262374878,1.5105291604995728,1.5657023191452026,1.2949309349060059,1.5438430309295654,1.4172770977020264,1.0926692485809326,1.2671858072280884,1.1142492294311523,1.3128904104232788,1.4894906282424927,1.4459068775177002,1.7728232145309448,2.060537576675415,1.114152431488037,0.9198339581489563,0.8297855257987976,0.4876261055469513,0.38610413670539856,0.0,0.3636835217475891,0.5212143659591675,0.7366158962249756,1.0130798816680908,1.3262404203414917,1.5698864459991455,1.8688970804214478,2.069042682647705,2.3918299674987793,2.331308603286743,1.9551279544830322,1.8251919746398926,1.7844120264053345,1.4290688037872314,1.6469411849975586,1.6513439416885376,1.2889643907546997,1.3748376369476318,1.1010545492172241,1.2843736410140991,1.3004924058914185,1.2549755573272705,1.6350051164627075,1.815393090248108,1.8829545974731445,1.6695804595947266,1.4310437440872192,1.1583266258239746,0.8480554223060608,0.9266464710235596,1.225685954093933,1.0860844850540161,1.2018340826034546,1.197203516960144,1.5736966133117676,1.6501147747039795,1.8972249031066895,2.1982438564300537,2.4114012718200684,1.6274100542068481,1.2952756881713867,1.1909334659576416,1.3872017860412598,1.2497740983963013,1.5943353176116943,1.500260829925537,1.2802517414093018,1.5717791318893433,1.5694575309753418,1.7987970113754272,2.0274133682250977,2.0399014949798584,2.3479740619659424,2.540372371673584
B7,1.971449375152588,1.569023609161377,1.611307978630066,1.5933585166931152,1.2883296012878418,1.458723545074463,1.3215714693069458,0.9653580784797668,1.0352556705474854,0.810741662979126,0.9831140637397766,1.1301740407943726,1.0896759033203125,1.422531247138977,1.7180837392807007,1.0275640487670898,0.7598729133605957,0.8119950294494629,0.5911160707473755,0.5319324135780334,0.3636835217475891,0.0,0.3717289865016937,0.5977491140365601,0.9379210472106934,1.191758632659912,1.5018059015274048,1.7736542224884033,1.947767972946167,2.2831835746765137,2.2710349559783936,1.8761978149414062,1.8145029544830322,1.756378412246704,1.4071154594421387,1.5690468549728394,1.5082885026931763,1.1383165121078491,1.1474608182907104,0.8598507046699524,0.9729200005531311,1.022985577583313,0.9514515399932861,1.3349401950836182,1.5183124542236328,2.0711286067962646,1.8402029275894165,1.564747929573059,1.357513666152954,1.043594479560852,1.2172967195510864,1.4859968423843384,1.2974040508270264,1.4448094367980957,1.3815170526504517,1.7545511722564697,1.8066998720169067,1.99802827835083,2.33119797706604,2.5146825313568115,1.5928186178207397,1.3135050535202026,1.1098268032073975,1.3083040714263916,1.2029805183410645,1.576468586921692,1.5533455610275269,1.3719336986541748,1.706178903579712,1.7286131381988525,2.009030342102051,2.2289979457855225,2.282744884490967,2.6032567024230957,2.799705982208252
B8,1.664669394493103,1.2632722854614258,1.2862083911895752,1.2323894500732422,0.9220386147499084,1.0901455879211426,0.9714314937591553,0.6115232110023499,0.765671968460083,0.6401379108428955,0.9187932014465332,1.1332627534866333,1.212595820426941,1.515044093132019,1.8585243225097656,1.3131827116012573,0.9815155267715454,0.9657478928565979,0.7761572003364563,0.5197089314460754,0.5212143659591675,0.3717289865016937,0.0,0.4019499123096466,0.6406443119049072,0.9438324570655823,1.239723801612854,1.4760026931762695,1.6947273015975952,2.0052366256713867,1.9089072942733765,1.5155338048934937,1.4598854780197144,1.4337234497070312,1.1089216470718384,1.3108857870101929,1.2267203330993652,0.8643466830253601,0.9759683012962341,0.7938293814659119,0.9900543093681335,1.155169129371643,1.1663545370101929,1.5304830074310303,1.7562479972839355,1.7852704524993896,1.5447005033493042,1.2503200769424438,1.102719783782959,0.8074799180030823,1.0751615762710571,1.3034924268722534,1.1167867183685303,1.3522822856903076,1.3404358625411987,1.7144626379013062,1.8379247188568115,2.0099828243255615,2.3484227657318115,2.564497709274292,1.6929594278335571,1.3853622674942017,1.158495545387268,1.251532793045044,1.049551010131836,1.4213531017303467,1.4508860111236572,1.21832275390625,1.5211904048919678,1.494964599609375,1.804915428161621,1.9831249713897705,2.055204391479492,2.393860340118408,2.5764989852905273
B9,1.4732646942138672,1.0801746845245361,1.221183180809021,1.2003926038742065,0.9810680747032166,1.0711852312088013,0.8244675993919373,0.5487536191940308,0.6298367381095886,0.6375585794448853,0.7950262427330017,1.1126434803009033,1.2037246227264404,1.4323539733886719,1.7938560247421265,1.6168018579483032,1.3101520538330078,1.3432121276855469,1.1187191009521484,0.8739327192306519,0.7366158962249756,0.5977491140365601,0.4019499123096466,0.0,0.3789312243461609,0.602761447429657,0.9055705070495605,1.1876001358032227,1.35737943649292,1.6921616792678833,1.9560036659240723,1.5698353052139282,1.5692654848098755,1.627294659614563,1.3598791360855103,1.5872923135757446,1.4392070770263672,1.1099660396575928,1.2360581159591675,1.1085247993469238,1.2246770858764648,1.4275386333465576,1.365595817565918,1.7234833240509033,1.8922398090362549,1.781450867652893,1.6167230606079102,1.2664680480957031,1.1388747692108154,0.9608146548271179,1.222596526145935,1.4861258268356323,1.3811373710632324,1.6575474739074707,1.7013499736785889,2.078115701675415,2.2196459770202637,2.4052679538726807,2.7376441955566406,2.9611551761627197,2.085322380065918,1.784485101699829,1.550377368927002,1.636601448059082,1.4172569513320923,1.781729817390442,1.8316810131072998,1.5736994743347168,1.8382289409637451,1.7486547231674194,2.0462019443511963,2.168832302093506,2.1985390186309814,2.5571327209472656,2.6897449493408203
B10,1.12555730342865,0.7419792413711548,0.9115111231803894,0.8744203448295593,0.7357562184333801,0.7866224050521851,0.49069643020629883,0.3617227077484131,0.5696457028388977,0.7777336835861206,0.9711123108863831,1.3180930614471436,1.4861226081848145,1.6731892824172974,2.054102659225464,1.943209171295166,1.6123567819595337,1.599212884902954,1.3848018646240234,1.0694646835327148,1.0130798816680908,0.9379210472106934,0.6406443119049072,0.3789312243461609,0.0,0.3870347738265991,0.605908215045929,0.8584336638450623,1.090822696685791,1.3905622959136963,1.6722369194030762,1.3088856935501099,1.3235341310501099,1.4569370746612549,1.2599782943725586,1.5274932384490967,1.3615150451660156,1.0926305055618286,1.3118622303009033,1.284598708152771,1.4441026449203491,1.6996545791625977,1.685988187789917,2.027966022491455,2.2192540168762207,1.519203543663025,1.3847445249557495,1.0096898078918457,0.9731971025466919,0.902121901512146,1.2068544626235962,1.4185296297073364,1.358909249305725,1.6962660551071167,1.7969597578048706,2.157735824584961,2.3553571701049805,2.5313751697540283,2.8553123474121094,3.1060657501220703,2.2986958026885986,1.9801591634750366,1.7511934041976929,1.7641924619674683,1.4816898107528687,1.8118728399276733,1.8947035074234009,1.6007726192474365,1.8033708333969116,1.6496498584747314,1.9479923248291016,2.00663685798645,2.0338821411132812,2.4046835899353027,2.503995180130005
B11,1.1826690435409546,0.8736467361450195,1.1365927457809448,1.0705705881118774,1.0045610666275024,0.9109950661659241,0.5490860939025879,0.5851473212242126,0.5471276640892029,0.834905743598938,0.8922165036201477,1.2677041292190552,1.4619243144989014,1.5635658502578735,1.9449964761734009,2.1889524459838867,1.8576915264129639,1.903883457183838,1.7060840129852295,1.4221844673156738,1.3262404203414917,1.191758632659912,0.9438324570655823,0.602761447429657,0.3870347738265991,0.0,0.38450875878334045,0.6191496253013611,0.7576349377632141,1.094178557395935,1.7637709379196167,1.422325849533081,1.5282548666000366,1.6920288801193237,1.5452879667282104,1.7749296426773071,1.544750452041626,1.3173717260360718,1.4887622594833374,1.496267318725586,1.5790165662765503,1.864750862121582,1.8134760856628418,2.1265625953674316,2.280186653137207,1.764958381652832,1.6778531074523926,1.295200228691101,1.3078889846801758,1.283089280128479,1.57893967628479,1.790034294128418,1.7407840490341187,2.082366943359375,2.1736626625061035,2.5339934825897217,2.7228035926818848,2.8843159675598145,3.2177329063415527,3.45747971534729,2.5950770378112793,2.302928924560547,2.0403544902801514,2.052083730697632,1.7872388362884521,2.11676025390625,2.234787940979004,1.9564902782440186,2.1612093448638916,2.0023186206817627,2.3059611320495605,2.3355133533477783,2.359647274017334,2.7339963912963867,2.806119441986084
B12,0.8875660300254822,0.671962559223175,1.0113093852996826,1.0101075172424316,1.084604024887085,0.9894619584083557,0.6339784264564514,0.8321962356567383,0.887336790561676,1.2077219486236572,1.2694658041000366,1.6443520784378052,1.8388890027999878,1.9194204807281494,2.2941408157348633,2.519785165786743,2.1954543590545654,2.203155755996704,1.9782273769378662,1.664610743522644,1.5698864459991455,1.5018059015274048,1.239723801612854,0.9055705070495605,0.605908215045929,0.38450875878334045,0.0,0.3853619694709778,0.5455647110939026,0.8403205871582031,1.7545689344406128,1.4702168703079224,1.563607931137085,1.7987666130065918,1.7063379287719727,1.9742707014083862,1.7618392705917358,1.5743659734725952,1.8007107973098755,1.8335098028182983,1.9468985795974731,2.2338171005249023,2.1897637844085693,2.5088541507720947,2.6605224609375,1.6068559885025024,1.6026391983032227,1.2276561260223389,1.2840385437011719,1.3718944787979126,1.636328935623169,1.8260393142700195,1.8472380638122559,2.2100844383239746,2.3584179878234863,2.7074291706085205,2.9327940940856934,3.110334634780884,3.4258790016174316,3.689815044403076,2.8984036445617676,2.5827248096466064,2.3465218544006348,2.3355624675750732,2.0361692905426025,2.3396005630493164,2.449349880218506,2.140716552734375,2.2881903648376465,2.0721395015716553,2.341470718383789,2.312415361404419,2.2973551750183105,2.671505928039551,2.6931164264678955
B13,0.9121382236480713,0.810967743396759,1.0938042402267456,0.9966722130775452,1.126623511314392,0.9161439538002014,0.6355974674224854,0.9496958255767822,0.9634907841682434,1.3319238424301147,1.4028984308242798,1.7509074211120605,2.0035829544067383,2.0521416664123535,2.430525541305542,2.7635176181793213,2.411750555038452,2.421670436859131,2.2362120151519775,1.9079867601394653,1.8688970804214478,1.7736542224884033,1.4760026931762695,1.1876001358032227,0.8584336638450623,0.6191496253013611,0.3853619694709778,0.0,0.3735326826572418,0.5484061241149902,1.542972207069397,1.310681700706482,1.4779058694839478,1.7435482740402222,1.7288914918899536,1.9658311605453491,1.720436692237854,1.6096190214157104,1.8451850414276123,1.951721429824829,2.0622665882110596,2.3874876499176025,2.379722833633423,2.670073986053467,2.8412578105926514,1.6806708574295044,1.6749316453933716,1.326827883720398,1.4794977903366089,1.5839651823043823,1.8803189992904663,2.013287305831909,2.019036054611206,2.4004862308502197,2.5434093475341797,2.873033046722412,3.11600661277771,3.2595841884613037,3.578852653503418,3.8438591957092285,3.05997371673584,2.7593207359313965,2.503237009048462,2.441725730895996,2.1308178901672363,2.401557207107544,2.5584001541137695,2.261136531829834,2.3837568759918213,2.159632921218872,2.4427967071533203,2.3751442432403564,2.3944501876831055,2.7630984783172607,2.773723840713501
