,A1,A2,A3,A4,A5,A6,A7,A8,A9,A10,A11,A12,A13,A14,A15,B1,B2,B3,B4,B5,B6,B7,B8,B9,B10,B11,B12,B13,B14,B15,C1,C2,C3,C4,C5,C6,C7,C8,C9,C10,C11,C12,C13,C14,C15,D1,D2,D3,D4,D5,D6,D7,D8,D9,D10,D11,D12,D13,D14,D15,E1,E2,E3,E4,E5,E6,E7,E8,E9,E10,E11,E12,E13,E14,E15
A1,0.0,0.39617374539375305,0.5926342606544495,0.8578285574913025,1.1988059282302856,1.3368011713027954,1.2405765056610107,1.4284788370132446,1.7049943208694458,1.9942591190338135,2.216642141342163,2.5693535804748535,2.7744922637939453,2.9490349292755127,3.3206071853637695,1.1711962223052979,1.0379778146743774,1.3073179721832275,1.2000055313110352,1.3731640577316284,1.6185587644577026,1.7990727424621582,1.866119146347046,2.2598655223846436,2.4381730556488037,2.7919437885284424,3.0617802143096924,3.2613754272460938,3.5644049644470215,3.9124741554260254,3.340707302093506,2.9587554931640625,2.8376669883728027,2.6147117614746094,2.233295202255249,2.3837335109710693,2.4856224060058594,2.143880605697632,2.1632628440856934,1.8587725162506104,2.0626399517059326,1.9113672971725464,1.8886849880218506,2.2340073585510254,2.2518153190612793,1.0997722148895264,0.9562333226203918,1.0881341695785522,1.4436267614364624,1.5702279806137085,1.8136992454528809,1.6143332719802856,1.63319993019104,1.9145112037658691,2.105868339538574,2.2607810497283936,2.6304023265838623,2.7087934017181396,2.907857894897461,3.27302885055542,3.1806178092956543,2.8898863792419434,2.584726095199585,2.3870761394500732,2.0545835494995117,1.927829623222351,1.9785609245300293,1.7508094310760498,1.5213043689727783,1.2581865787506104,1.3209595680236816,1.0303947925567627,1.2055646181106567,1.411474347114563,1.3994009494781494
A2,0.39617374539375305,0.0,0.3889210522174835,0.6455061435699463,0.9048224687576294,1.1333930492401123,1.058984398841858,1.157673954963684,1.4816794395446777,1.7225769758224487,1.9783430099487305,2.318075656890869,2.5028347969055176,2.7123310565948486,3.0791187286376953,0.9882174134254456,0.7444717288017273,0.9842783808708191,0.8901515603065491,1.0281867980957031,1.3184877634048462,1.4637236595153809,1.501551628112793,1.8998786211013794,2.0709357261657715,2.4183883666992188,2.697908639907837,2.886326789855957,3.1866390705108643,3.5399467945098877,2.9993484020233154,2.625469446182251,2.4801571369171143,2.2507081031799316,1.8660989999771118,1.998604655265808,2.0973503589630127,1.7590272426605225,1.774048924446106,1.4797254800796509,1.7072088718414307,1.580972671508789,1.607146143913269,1.965267300605774,2.0274016857147217,0.882841944694519,0.6350588798522949,0.7327521443367004,1.0632493495941162,1.1753146648406982,1.4318597316741943,1.259722113609314,1.2760151624679565,1.590383529663086,1.7921453714370728,1.9897425174713135,2.3523430824279785,2.4650046825408936,2.6877903938293457,3.048389196395874,2.880053758621216,2.568037986755371,2.2846856117248535,2.0966603755950928,1.7448673248291016,1.672400712966919,1.7118111848831177,1.4414438009262085,1.254143476486206,0.9572334289550781,1.0865072011947632,0.8620846271514893,1.0297739505767822,1.3191837072372437,1.393938422203064
A3,0.5926342606544495,0.3889210522174835,0.0,0.400653600692749,0.6665588617324829,0.8091456890106201,0.6812743544578552,0.836051344871521,1.1302858591079712,1.4076461791992188,1.6522444486618042,1.9922404289245605,2.208030939102173,2.4006941318511963,2.764402389526367,1.1204355955123901,0.8798988461494446,0.9805904626846313,0.7344602942466736,0.8296125531196594,1.0667897462844849,1.2932426929473877,1.3385202884674072,1.722848892211914,1.8937309980392456,2.2585577964782715,2.507828712463379,2.7291502952575684,3.032529830932617,3.3698596954345703,2.813656806945801,2.4294278621673584,2.309846878051758,2.1298882961273193,1.751016616821289,1.9439187049865723,2.0025360584259033,1.645919919013977,1.7098294496536255,1.4248913526535034,1.6685218811035156,1.6135238409042358,1.6056644916534424,1.9823970794677734,2.097532033920288,1.2194184064865112,0.897511899471283,0.9544070363044739,1.1990087032318115,1.1857144832611084,1.493332862854004,1.3321897983551025,1.2357486486434937,1.5422816276550293,1.6648917198181152,1.866317629814148,2.2071521282196045,2.2739055156707764,2.523000478744507,2.8690569400787354,2.6518077850341797,2.3592751026153564,2.06638240814209,1.833403468132019,1.4919252395629883,1.3853344917297363,1.4883389472961426,1.2630300521850586,1.1267186403274536,0.9263829588890076,1.1541461944580078,1.0290106534957886,1.2855859994888306,1.5674113035202026,1.6914230585098267
A4,0.8578285574913025,0.6455061435699463,0.400653600692749,0.0,0.39083874225616455,0.5143979787826538,0.5859677195549011,0.7507550716400146,1.0871928930282593,1.3352080583572388,1.637459635734558,1.9293549060821533,2.1819183826446533,2.4039041996002197,2.7440948486328125,1.4582442045211792,1.1547666788101196,1.1990022659301758,0.9204002022743225,0.8325043320655823,1.1123933792114258,1.3574857711791992,1.2974519729614258,1.6701909303665161,1.7639541625976562,2.1471900939941406,2.3556573390960693,2.5517311096191406,2.8820083141326904,3.197817802429199,2.532710075378418,2.142045021057129,2.0658674240112305,1.8769800662994385,1.5144479274749756,1.7562748193740845,1.8523129224777222,1.5224131345748901,1.6745342016220093,1.4611830711364746,1.7715888023376465,1.7854735851287842,1.838066577911377,2.2191433906555176,2.377535104751587,1.4169844388961792,1.0896961688995361,0.9986592531204224,1.2056291103363037,1.1147871017456055,1.3714796304702759,1.1548658609390259,0.9973796606063843,1.2377375364303589,1.3303223848342896,1.4938170909881592,1.8377597332000732,1.890750765800476,2.128398895263672,2.477672815322876,2.3330869674682617,2.060145378112793,1.7412328720092773,1.5408658981323242,1.2329965829849243,1.0751793384552002,1.1303006410598755,0.937664270401001,0.7566843032836914,0.6359584927558899,0.8863239884376526,0.8674070239067078,1.1939842700958252,1.4482784271240234,1.6455233097076416
A5,1.1988059282302856,0.9048224687576294,0.6665588617324829,0.39083874225616455,0.0,0.3913377821445465,0.5449179410934448,0.5100873708724976,0.8906499147415161,1.0499199628829956,1.3977891206741333,1.6520146131515503,1.891690969467163,2.1506712436676025,2.4746484756469727,1.5258867740631104,1.1867105960845947,1.119224190711975,0.8283098340034485,0.5836833119392395,0.8786641955375671,1.1016590595245361,0.968975841999054,1.3226661682128906,1.3839153051376343,1.7702276706695557,1.9685397148132324,2.1624526977539062,2.4946229457855225,2.80743408203125,2.161184787750244,1.7732046842575073,1.6816216707229614,1.5095921754837036,1.1488977670669556,1.4120540618896484,1.485502004623413,1.1604939699172974,1.357144832611084,1.1966655254364014,1.5389963388442993,1.6271189451217651,1.720772385597229,2.0948827266693115,2.307722806930542,1.5165637731552124,1.1515986919403076,1.0046882629394531,1.0797191858291626,0.8732927441596985,1.1415526866912842,0.9817470908164978,0.7288806438446045,0.9862940311431885,1.0278191566467285,1.2568949460983276,1.5701777935028076,1.6477760076522827,1.9276926517486572,2.258760929107666,1.992349624633789,1.6990984678268433,1.4026061296463013,1.195111870765686,0.8611631393432617,0.7751263976097107,0.842546284198761,0.6047256588935852,0.5781053304672241,0.5433595776557922,0.9106013178825378,1.0305081605911255,1.3184829950332642,1.605290412902832,1.8588615655899048
A6,1.3368011713027954,1.1333930492401123,0.8091456890106201,0.5143979787826538,0.3913377821445465,0.0,0.3716907501220703,0.5243263840675354,0.7692390084266663,0.9953128695487976,1.3064147233963013,1.5426722764968872,1.8422454595565796,2.0607478618621826,2.3719120025634766,1.7857544422149658,1.488764762878418,1.4052563905715942,1.0518394708633423,0.8325592875480652,0.9918879866600037,1.2945029735565186,1.1896730661392212,1.4881292581558228,1.532103419303894,1.921480417251587,2.0627262592315674,2.2844202518463135,2.6181695461273193,2.898702383041382,2.19684100151062,1.8014488220214844,1.777675747871399,1.670395016670227,1.3535590171813965,1.6732312440872192,1.7170993089675903,1.4062050580978394,1.641038179397583,1.4960987567901611,1.817620038986206,1.9311118125915527,1.9764821529388428,2.3508169651031494,2.572223663330078,1.8587182760238647,1.4955852031707764,1.37909734249115,1.4703582525253296,1.2459999322891235,1.5057711601257324,1.3359317779541016,1.0479103326797485,1.2150505781173706,1.1526387929916382,1.311112880706787,1.5885025262832642,1.5720179080963135,1.8533743619918823,2.1670875549316406,1.9367843866348267,1.7010936737060547,1.3747999668121338,1.1179776191711426,0.8612629771232605,0.6231669783592224,0.7928171157836914,0.7325185537338257,0.7197952270507812,0.8380064368247986,1.1534465551376343,1.272106647491455,1.6093502044677734,1.8490173816680908,2.0929737091064453
A7,1.2405765056610107,1.058984398841858,0.6812743544578552,0.5859677195549011,0.5449179410934448,0.3716907501220703,0.0,0.37966322898864746,0.5494108200073242,0.8715673685073853,1.114166498184204,1.416300654411316,1.6984573602676392,1.8773770332336426,2.2169973850250244,1.569838285446167,1.3309385776519775,1.226508378982544,0.838430643081665,0.7301779985427856,0.7920911312103271,1.1375253200531006,1.143605351448059,1.444738507270813,1.575197696685791,1.9514515399932861,2.123296022415161,2.3883066177368164,2.692384958267212,2.9885315895080566,2.407881259918213,2.0204505920410156,1.9557029008865356,1.878921389579773,1.5471551418304443,1.833135962486267,1.8207676410675049,1.4738279581069946,1.638393521308899,1.430707573890686,1.6946096420288086,1.7826414108276367,1.761086344718933,2.133369207382202,2.3424558639526367,1.806167721748352,1.4309481382369995,1.4101998805999756,1.5083402395248413,1.3101296424865723,1.6357780694961548,1.5163296461105347,1.256425142288208,1.4981187582015991,1.457094430923462,1.6584962606430054,1.924928069114685,1.9120901823043823,2.2092301845550537,2.510416030883789,2.178946018218994,1.9307869672775269,1.6398484706878662,1.3304146528244019,1.039222002029419,0.8783078193664551,1.1190791130065918,1.0193620920181274,1.0443968772888184,1.06834876537323,1.3990209102630615,1.445109248161316,1.7595676183700562,2.029080390930176,2.2296791076660156
A8,1.4284788370132446,1.157673954963684,0.836051344871521,0.7507550716400146,0.5100873708724976,0.5243263840675354,0.37966322898864746,0.0,0.3995843529701233,0.5901591777801514,0.9016205072402954,1.1930782794952393,1.4313099384307861,1.6625274419784546,2.0012271404266357,1.496718406677246,1.2314285039901733,1.0355730056762695,0.6640877723693848,0.4344192147254944,0.4701537489891052,0.7965211272239685,0.7716948390007019,1.0655314922332764,1.209384560585022,1.5809670686721802,1.773362159729004,2.04319167137146,2.3367373943328857,2.646458387374878,2.146134614944458,1.7709962129592896,1.6570782661437988,1.5944244861602783,1.2628766298294067,1.5267276763916016,1.4737968444824219,1.1210942268371582,1.2803376913070679,1.0964106321334839,1.3678042888641357,1.5087331533432007,1.5226812362670898,1.8850455284118652,2.1360206604003906,1.7519816160202026,1.3573771715164185,1.3178272247314453,1.3173062801361084,1.059858798980713,1.4019571542739868,1.3576236963272095,1.0755842924118042,1.3504983186721802,1.2991491556167603,1.5710309743881226,1.8094602823257446,1.845715045928955,2.1751365661621094,2.460930585861206,1.9880660772323608,1.701716423034668,1.4589036703109741,1.1418778896331787,0.7978401184082031,0.7848780751228333,1.0336977243423462,0.8731493353843689,1.0222374200820923,1.0368788242340088,1.4160780906677246,1.5168204307556152,1.7837294340133667,2.0921027660369873,2.322300910949707
A9,1.7049943208694458,1.4816794395446777,1.1302858591079712,1.0871928930282593,0.8906499147415161,0.7692390084266663,0.5494108200073242,0.3995843529701233,0.0,0.3788323402404785,0.5651114583015442,0.8797026872634888,1.154398798942566,1.3300443887710571,1.6712052822113037,1.70502507686615,1.505812406539917,1.2661223411560059,0.8940833210945129,0.7488638758659363,0.5398032069206238,0.8901330232620239,0.9440257549285889,1.119227647781372,1.284903645515442,1.6198893785476685,1.767106056213379,2.085782766342163,2.3475794792175293,2.631314516067505,2.2061188220977783,1.849859595298767,1.758562684059143,1.7834923267364502,1.5016120672225952,1.7756712436676025,1.6558315753936768,1.3257912397384644,1.474489450454712,1.309388518333435,1.5105435848236084,1.6848475933074951,1.633434534072876,1.9674859046936035,2.236515522003174,2.091228485107422,1.6972934007644653,1.697981834411621,1.6794952154159546,1.4085875749588013,1.7536729574203491,1.7395161390304565,1.4396657943725586,1.6844816207885742,1.5688261985778809,1.8261290788650513,2.010986328125,1.993810772895813,2.339698553085327,2.5876176357269287,2.0217325687408447,1.7757651805877686,1.565942645072937,1.1924844980239868,0.9247087240219116,0.9059464335441589,1.2376152276992798,1.1679126024246216,1.3601163625717163,1.423898458480835,1.7997024059295654,1.8999171257019043,2.177794933319092,2.4799599647521973,2.701521635055542
A10,1.9942591190338135,1.7225769758224487,1.4076461791992188,1.3352080583572388,1.0499199628829956,0.9953128695487976,0.8715673685073853,0.5901591777801514,0.3788323402404785,0.0,0.39009392261505127,0.6135188937187195,0.854141891002655,1.1060118675231934,1.4251452684402466,1.8493322134017944,1.6350362300872803,1.3343127965927124,1.0248440504074097,0.8042424321174622,0.5416220426559448,0.7740159630775452,0.7685042023658752,0.8231298923492432,0.9685552716255188,1.2758564949035645,1.4048049449920654,1.7394987344741821,1.9847266674041748,2.2643823623657227,1.9228724241256714,1.5938376188278198,1.474522590637207,1.5544219017028809,1.3195040225982666,1.5750268697738647,1.397584319114685,1.105778694152832,1.2681857347488403,1.1817259788513184,1.37005615234375,1.6195093393325806,1.608513355255127,1.909284234046936,2.223604440689087,2.219616651535034,1.8253518342971802,1.794930100440979,1.691769003868103,1.3714367151260376,1.6894125938415527,1.7389822006225586,1.42320716381073,1.6475718021392822,1.4944088459014893,1.7858080863952637,1.9158505201339722,1.9237990379333496,2.2916178703308105,2.507484197616577,1.7980819940567017,1.5390169620513916,1.3980695009231567,1.0243747234344482,0.7790577411651611,0.9041609168052673,1.2236374616622925,1.1561692953109741,1.4416234493255615,1.5289788246154785,1.9178571701049805,2.070403814315796,2.3181045055389404,2.6344542503356934,2.885115146636963
A11,2.216642141342163,1.9783430099487305,1.6522444486618042,1.637459635734558,1.3977891206741333,1.3064147233963013,1.114166498184204,0.9016205072402954,0.5651114583015442,0.39009392261505127,0.0,0.38662853837013245,0.6133434176445007,0.7674838304519653,1.1154433488845825,1.9866896867752075,1.8394774198532104,1.5221219062805176,1.2305694818496704,1.107310175895691,0.7574296593666077,0.9527137875556946,1.0558090209960938,1.0266616344451904,1.2157378196716309,1.44723379611969,1.5493255853652954,1.9185621738433838,2.1090245246887207,2.3663690090179443,2.1586968898773193,1.864356517791748,1.7496638298034668,1.8820527791976929,1.677293300628662,1.909050703048706,1.6877670288085938,1.4175610542297363,1.521267294883728,1.420602798461914,1.5189776420593262,1.762893557548523,1.6794464588165283,1.939660668373108,2.253431797027588,2.476142168045044,2.0875773429870605,2.1082255840301514,2.0085043907165527,1.7089966535568237,2.041079044342041,2.110299587249756,1.805963397026062,2.036987543106079,1.8753918409347534,2.1579642295837402,2.265188694000244,2.2451767921447754,2.6147568225860596,2.805311679840088,2.0376639366149902,1.8145177364349365,1.7110059261322021,1.3273853063583374,1.1423931121826172,1.2445199489593506,1.5849190950393677,1.5433275699615479,1.819474697113037,1.8990260362625122,2.28731632232666,2.4147753715515137,2.6637120246887207,2.984496831893921,3.2159667015075684
A12,2.5693535804748535,2.318075656890869,1.9922404289245605,1.9293549060821533,1.6520146131515503,1.5426722764968872,1.416300654411316,1.1930782794952393,0.8797026872634888,0.6135188937187195,0.38662853837013245,0.0,0.38512012362480164,0.5705395340919495,0.8342121243476868,2.3404438495635986,2.1771225929260254,1.8444045782089233,1.5729349851608276,1.396710753440857,1.0754897594451904,1.2084505558013916,1.2388334274291992,1.0971972942352295,1.199225902557373,1.3641809225082397,1.3744405508041382,1.7517850399017334,1.914222002029419,2.1240041255950928,1.9726243019104004,1.7235394716262817,1.6394288539886475,1.8488081693649292,1.719657063484192,1.9537458419799805,1.7016178369522095,1.5022274255752563,1.6420373916625977,1.6239938735961914,1.7191908359527588,2.011504888534546,1.959599256515503,2.1872777938842773,2.5255930423736572,2.7947845458984375,2.4054946899414062,2.3906149864196777,2.2532949447631836,1.9206525087356567,2.212369680404663,2.3002023696899414,1.9754321575164795,2.1535942554473877,1.9382736682891846,2.204845428466797,2.2458345890045166,2.2050106525421143,2.5786380767822266,2.720862865447998,1.8583215475082397,1.6801866292953491,1.6397910118103027,1.272707462310791,1.191312313079834,1.327439546585083,1.6563135385513306,1.6713007688522339,1.9919546842575073,2.1212639808654785,2.5065600872039795,2.6773040294647217,2.9267401695251465,3.2403018474578857,3.4970321655273438
A13,2.7744922637939453,2.5028347969055176,2.208030939102173,2.1819183826446533,1.891690969467163,1.8422454595565796,1.6984573602676392,1.4313099384307861,1.154398798942566,0.854141891002655,0.6133434176445007,0.38512012362480164,0.0,0.38028982281684875,0.6326904892921448,2.382561206817627,2.2492780685424805,1.8873931169509888,1.68321692943573,1.5390102863311768,1.1955915689468384,1.2198020219802856,1.2872544527053833,1.0544238090515137,1.1938098669052124,1.2581281661987305,1.2828975915908813,1.6710889339447021,1.7646164894104004,1.9794598817825317,2.043890953063965,1.8443467617034912,1.7035173177719116,1.933247447013855,1.829419493675232,1.9976387023925781,1.69594407081604,1.5332609415054321,1.6003977060317993,1.6070548295974731,1.6235284805297852,1.934126853942871,1.8747059106826782,2.04339599609375,2.396646499633789,2.879453659057617,2.5046660900115967,2.5109145641326904,2.3297863006591797,2.0081944465637207,2.291926145553589,2.4351816177368164,2.1376054286956787,2.3361494541168213,2.1428894996643066,2.4407310485839844,2.4687466621398926,2.467557191848755,2.845672607421875,2.9764208793640137,2.0285418033599854,1.8318736553192139,1.8549813032150269,1.5218019485473633,1.4248309135437012,1.6296383142471313,1.9308137893676758,1.902736783027649,2.2422587871551514,2.3365726470947266,2.725956916809082,2.893550157546997,3.1083786487579346,3.441506862640381,3.694828987121582
A14,2.9490349292755127,2.7123310565948486,2.4006941318511963,2.4039041996002197,2.1506712436676025,2.0607478618621826,1.8773770332336426,1.6625274419784546,1.3300443887710571,1.1060118675231934,0.7674838304519653,0.5705395340919495,0.38028982281684875,0.0,0.3839688301086426,2.557917833328247,2.4685897827148438,2.116518259048462,1.9011647701263428,1.808080792427063,1.4371206760406494,1.4958510398864746,1.617262363433838,1.4140748977661133,1.5730552673339844,1.6290037631988525,1.6369681358337402,2.022167205810547,2.086876153945923,2.270110607147217,2.3723325729370117,2.181361675262451,2.0664947032928467,2.304842233657837,2.1962947845458984,2.3740394115448,2.074784278869629,1.9005879163742065,1.9502335786819458,1.9215707778930664,1.9041848182678223,2.183309316635132,2.066678762435913,2.213799238204956,2.545269012451172,3.127955198287964,2.754568576812744,2.7940216064453125,2.6398446559906006,2.3347182273864746,2.6384689807891846,2.768554925918579,2.4696457386016846,2.67586088180542,2.478421926498413,2.760652780532837,2.79004168510437,2.7560386657714844,3.1298556327819824,3.2509777545928955,2.3215079307556152,2.1596157550811768,2.171299457550049,1.8225805759429932,1.7414679527282715,1.8957387208938599,2.2225515842437744,2.2149360179901123,2.534135341644287,2.6289188861846924,3.019425392150879,3.1642038822174072,3.394105911254883,3.7249948978424072,3.961637020111084
A15,3.3206071853637695,3.0791187286376953,2.764402389526367,2.7440948486328125,2.4746484756469727,2.3719120025634766,2.2169973850250244,2.0012271404266357,1.6712052822113037,1.4251452684402466,1.1154433488845825,0.8342121243476868,0.6326904892921448,0.3839688301086426,0.0,2.9305360317230225,2.835623025894165,2.477083444595337,2.269319772720337,2.1522984504699707,1.7939095497131348,1.8334441184997559,1.9197453260421753,1.6687413454055786,1.7722893953323364,1.7664384841918945,1.7011933326721191,2.067747116088867,2.0834648609161377,2.204820156097412,2.4048385620117188,2.2677392959594727,2.1789791584014893,2.4651100635528564,2.410574197769165,2.581521987915039,2.2677645683288574,2.144928216934204,2.208775520324707,2.2261343002319336,2.2027688026428223,2.502417802810669,2.4017999172210693,2.521430253982544,2.8604719638824463,3.4861934185028076,3.112814426422119,3.1349000930786133,2.9610347747802734,2.6407277584075928,2.9194743633270264,3.060246229171753,2.752509832382202,2.9264562129974365,2.6997756958007812,2.965933322906494,2.949735164642334,2.899477005004883,3.2672243118286133,3.347088575363159,2.368422508239746,2.2540066242218018,2.314117670059204,1.9935555458068848,1.9753390550613403,2.1378002166748047,2.451956272125244,2.4773967266082764,2.815749406814575,2.937682867050171,3.32536244392395,3.4932892322540283,3.724388837814331,4.050864219665527,4.301522254943848
B1,1.1711962223052979,0.9882174134254456,1.1204355955123901,1.4582442045211792,1.5258867740631104,1.7857544422149658,1.569838285446167,1.496718406677246,1.70502507686615,1.8493322134017944,1.9866896867752075,2.3404438495635986,2.382561206817627,2.557917833328247,2.9305360317230225,0.0,0.39396607875823975,0.6002399921417236,0.849894642829895,1.1989641189575195,1.3143093585968018,1.2700576782226562,1.490726113319397,1.8043798208236694,2.1020689010620117,2.3476791381835938,2.6975834369659424,2.916588544845581,3.125969648361206,3.5118277072906494,3.2919890880584717,2.9639534950256348,2.7158303260803223,2.537731885910034,2.17085337638855,2.180830478668213,2.1593408584594727,1.8292303085327148,1.6365309953689575,1.2690515518188477,1.2509773969650269,0.96251380443573,0.8447359204292297,1.1212737560272217,1.0836364030838013,0.868935227394104,0.7275021076202393,1.0915237665176392,1.1946786642074585,1.3612515926361084,1.6662236452102661,1.7120805978775024,1.762786626815796,2.155945301055908,2.348952293395996,2.650794506072998,2.9643967151641846,3.1224546432495117,3.4034478664398193,3.7349023818969727,3.302325487136841,2.9459078311920166,2.7586944103240967,2.5271148681640625,2.1374614238739014,2.2130658626556396,2.326371431350708,2.0082147121429443,1.9855784177780151,1.6851356029510498,1.8894386291503906,1.723034143447876,1.7371257543563843,2.076531410217285,2.1052942276000977
B2,1.0379778146743774,0.7444717288017273,0.8798988461494446,1.1547666788101196,1.1867105960845947,1.488764762878418,1.3309385776519775,1.2314285039901733,1.505812406539917,1.6350362300872803,1.8394774198532104,2.1771225929260254,2.2492780685424805,2.4685897827148438,2.835623025894165,0.39396607875823975,0.0,0.38421759009361267,0.6199196577072144,0.8970897793769836,1.1066309213638306,1.072587251663208,1.213204026222229,1.565379023551941,1.8214716911315918,2.0947494506835938,2.4360287189483643,2.6340904235839844,2.87247896194458,3.2550597190856934,2.9561736583709717,2.6222994327545166,2.3842673301696777,2.1825759410858154,1.8091424703598022,1.831398367881775,1.8439769744873047,1.5116864442825317,1.3650753498077393,1.0117502212524414,1.1051244735717773,0.8861018419265747,0.9028762578964233,1.2393096685409546,1.298128604888916,0.6978583931922913,0.4083731472492218,0.7277781963348389,0.8310813307762146,0.9877070784568787,1.2958916425704956,1.3232399225234985,1.371475100517273,1.7631477117538452,1.9657624959945679,2.2652671337127686,2.5820930004119873,2.7517826557159424,3.0263278484344482,3.359994411468506,2.960698127746582,2.6024227142333984,2.406344413757324,2.200040817260742,1.8102725744247437,1.889407753944397,1.9696086645126343,1.638763189315796,1.6115903854370117,1.3050305843353271,1.520246148109436,1.3916926383972168,1.4202942848205566,1.7791404724121094,1.8632904291152954
B3,1.3073179721832275,0.9842783808708191,0.9805904626846313,1.1990022659301758,1.119224190711975,1.4052563905715942,1.226508378982544,1.0355730056762695,1.2661223411560059,1.3343127965927124,1.5221219062805176,1.8444045782089233,1.8873931169509888,2.116518259048462,2.477083444595337,0.6002399921417236,0.38421759009361267,0.0,0.3977894186973572,0.6642950773239136,0.7955332398414612,0.7023876905441284,0.8911678194999695,1.21438467502594,1.5028231143951416,1.7612426280975342,2.104029655456543,2.326599359512329,2.548110246658325,2.9291791915893555,2.701284646987915,2.37939190864563,2.124602794647217,1.969610571861267,1.6112699508666992,1.6378428936004639,1.584997534751892,1.242772102355957,1.075765609741211,0.7028499841690063,0.777047872543335,0.6426377296447754,0.6541330218315125,1.0287744998931885,1.1935827732086182,1.032212257385254,0.7057274580001831,0.9037204384803772,0.8583612442016602,0.875686526298523,1.2340370416641235,1.330946922302246,1.3025442361831665,1.7016072273254395,1.8481183052062988,2.1823570728302,2.4616222381591797,2.6255714893341064,2.9310030937194824,3.2410812377929688,2.7280149459838867,2.36704421043396,2.2045469284057617,1.9740170240402222,1.5849027633666992,1.7174004316329956,1.8371888399124146,1.5161336660385132,1.5826773643493652,1.3360989093780518,1.6243737936019897,1.57988440990448,1.6464534997940063,2.019139289855957,2.155057191848755
B4,1.2000055313110352,0.8901515603065491,0.7344602942466736,0.9204002022743225,0.8283098340034485,1.0518394708633423,0.838430643081665,0.6640877723693848,0.8940833210945129,1.0248440504074097,1.2305694818496704,1.5729349851608276,1.68321692943573,1.9011647701263428,2.269319772720337,0.849894642829895,0.6199196577072144,0.3977894186973572,0.0,0.3898818790912628,0.5059366226196289,0.609098494052887,0.783556342124939,1.1351650953292847,1.4039647579193115,1.7159323692321777,2.0140488147735596,2.267754077911377,2.5169453620910645,2.8770010471343994,2.5525543689727783,2.2048866748809814,1.9970736503601074,1.8738017082214355,1.508506417274475,1.6287932395935059,1.5716913938522339,1.1990174055099487,1.1498829126358032,0.8139224648475647,0.981436014175415,0.9740056395530701,0.9462103247642517,1.3270362615585327,1.5228831768035889,1.2565951347351074,0.8768711090087891,0.9985872507095337,1.0065054893493652,0.9086031913757324,1.2999862432479858,1.3299096822738647,1.20470130443573,1.5849148035049438,1.6721173524856567,1.9872499704360962,2.264082670211792,2.3791818618774414,2.693021535873413,3.0001096725463867,2.506786823272705,2.170337677001953,1.9731831550598145,1.703889012336731,1.320228934288025,1.3993244171142578,1.5654124021530151,1.286664605140686,1.3623719215393066,1.1799697875976562,1.5131651163101196,1.49757719039917,1.6554312705993652,2.01155948638916,2.173543930053711
B5,1.3731640577316284,1.0281867980957031,0.8296125531196594,0.8325043320655823,0.5836833119392395,0.8325592875480652,0.7301779985427856,0.4344192147254944,0.7488638758659363,0.8042424321174622,1.107310175895691,1.396710753440857,1.5390102863311768,1.808080792427063,2.1522984504699707,1.1989641189575195,0.8970897793769836,0.6642950773239136,0.3898818790912628,0.0,0.39413318037986755,0.5322685837745667,0.5115768909454346,0.8939828276634216,1.0919318199157715,1.4409704208374023,1.7114735841751099,1.950750470161438,2.229402780532837,2.577488899230957,2.1755473613739014,1.8212828636169434,1.6274489164352417,1.5054391622543335,1.1421822309494019,1.3087358474731445,1.2618486881256104,0.8864571452140808,0.947660505771637,0.7040294408798218,0.9933506846427917,1.1063565015792847,1.1773743629455566,1.5431163311004639,1.7915072441101074,1.4213237762451172,1.0276315212249756,1.0014777183532715,0.9375423789024353,0.7021259069442749,1.0831232070922852,1.1097478866577148,0.9033982157707214,1.2603133916854858,1.3054393529891968,1.632755994796753,1.8898298740386963,2.009575843811035,2.3327107429504395,2.629950523376465,2.1224889755249023,1.784157395362854,1.5859626531600952,1.3298321962356567,0.9415343999862671,1.0560052394866943,1.2066758871078491,0.9263182282447815,1.0710968971252441,0.9585979580879211,1.333250641822815,1.414827585220337,1.6009465456008911,1.949924111366272,2.1732430458068848
B6,1.6185587644577026,1.3184877634048462,1.0667897462844849,1.1123933792114258,0.8786641955375671,0.9918879866600037,0.7920911312103271,0.4701537489891052,0.5398032069206238,0.5416220426559448,0.7574296593666077,1.0754897594451904,1.1955915689468384,1.4371206760406494,1.7939095497131348,1.3143093585968018,1.1066309213638306,0.7955332398414612,0.5059366226196289,0.39413318037986755,0.0,0.369873583316803,0.5322154760360718,0.7838101387023926,1.0554972887039185,1.3694665431976318,1.6210263967514038,1.9198873043060303,2.160252571105957,2.4965884685516357,2.2085652351379395,1.8722476959228516,1.6779544353485107,1.647202491760254,1.3300105333328247,1.5028576850891113,1.3627204895019531,1.0018970966339111,1.032291054725647,0.8037018775939941,0.9796568751335144,1.1471306085586548,1.126015305519104,1.4651848077774048,1.7478820085525513,1.7238372564315796,1.3365002870559692,1.3705723285675049,1.2826573848724365,1.0362714529037476,1.4114655256271362,1.481227159500122,1.2480515241622925,1.5749320983886719,1.54945969581604,1.8791930675506592,2.0879814624786377,2.1684553623199463,2.5169360637664795,2.7823493480682373,2.1544029712677,1.8366755247116089,1.6772547960281372,1.360372543334961,1.0063867568969727,1.1428686380386353,1.3828271627426147,1.1739976406097412,1.3800908327102661,1.3271092176437378,1.7097975015640259,1.7914233207702637,1.989656925201416,2.3364601135253906,2.5494096279144287
B7,1.7990727424621582,1.4637236595153809,1.2932426929473877,1.3574857711791992,1.1016590595245361,1.2945029735565186,1.1375253200531006,0.7965211272239685,0.8901330232620239,0.7740159630775452,0.9527137875556946,1.2084505558013916,1.2198020219802856,1.4958510398864746,1.8334441184997559,1.2700576782226562,1.072587251663208,0.7023876905441284,0.609098494052887,0.5322685837745667,0.369873583316803,0.0,0.37495124340057373,0.5777723789215088,0.9170141816139221,1.1696466207504272,1.4802038669586182,1.7606265544891357,1.9682033061981201,2.329793930053711,2.176074981689453,1.8757472038269043,1.617930293083191,1.5781972408294678,1.279247760772705,1.359251856803894,1.1779123544692993,0.8379421234130859,0.7460489869117737,0.5051285028457642,0.6214688420295715,0.8459917306900024,0.8797694444656372,1.1886370182037354,1.507306456565857,1.6718862056732178,1.3121109008789062,1.3518317937850952,1.173667311668396,0.9385716915130615,1.2939561605453491,1.4518402814865112,1.2692945003509521,1.6121662855148315,1.6205883026123047,1.9847524166107178,2.176500082015991,2.3094723224639893,2.659679651260376,2.9159843921661377,2.2174229621887207,1.8705230951309204,1.7706295251846313,1.4982244968414307,1.145478367805481,1.3724485635757446,1.561240315437317,1.308462142944336,1.5415282249450684,1.4480220079421997,1.8172719478607178,1.9078528881072998,2.0434162616729736,2.409489393234253,2.6245641708374023
B8,1.866119146347046,1.501551628112793,1.3385202884674072,1.2974519729614258,0.968975841999054,1.1896730661392212,1.143605351448059,0.7716948390007019,0.9440257549285889,0.7685042023658752,1.0558090209960938,1.2388334274291992,1.2872544527053833,1.617262363433838,1.9197453260421753,1.490726113319397,1.213204026222229,0.8911678194999695,0.783556342124939,0.5115768909454346,0.5322154760360718,0.37495124340057373,0.0,0.40075504779815674,0.626224935054779,0.9416476488113403,1.2431750297546387,1.4847960472106934,1.738347053527832,2.0982961654663086,1.8426755666732788,1.536025047302246,1.2735947370529175,1.2067735195159912,0.9050526022911072,1.0044753551483154,0.8428971171379089,0.483322411775589,0.5309187173843384,0.4468965232372284,0.7398438453674316,1.014676809310913,1.1625210046768188,1.4595630168914795,1.7809147834777832,1.7065428495407104,1.3454151153564453,1.2772794961929321,1.0504988431930542,0.7254777550697327,1.0339452028274536,1.199431300163269,0.9795207381248474,1.287449598312378,1.278273105621338,1.6531370878219604,1.8283271789550781,1.9868085384368896,2.3340094089508057,2.5857527256011963,1.8980607986450195,1.535618782043457,1.44199800491333,1.2147185802459717,0.8626769185066223,1.1459336280822754,1.2786927223205566,1.0163812637329102,1.2955257892608643,1.2438403367996216,1.6125508546829224,1.7700004577636719,1.90608811378479,2.2604053020477295,2.5180437564849854
B9,2.2598655223846436,1.8998786211013794,1.722848892211914,1.6701909303665161,1.3226661682128906,1.4881292581558228,1.444738507270813,1.0655314922332764,1.119227647781372,0.8231298923492432,1.0266616344451904,1.0971972942352295,1.0544238090515137,1.4140748977661133,1.6687413454055786,1.8043798208236694,1.565379023551941,1.21438467502594,1.1351650953292847,0.8939828276634216,0.7838101387023926,0.5777723789215088,0.40075504779815674,0.0,0.3785191476345062,0.5977109670639038,0.9054018259048462,1.1874815225601196,1.3970245122909546,1.7547825574874878,1.668685793876648,1.419015884399414,1.1252607107162476,1.1673924922943115,0.9775480628013611,1.0355408191680908,0.7480677366256714,0.5263820886611938,0.5553838610649109,0.6594827771186829,0.8110207319259644,1.1707481145858765,1.3109408617019653,1.5334151983261108,1.895158052444458,2.064283847808838,1.7191158533096313,1.651345133781433,1.3813105821609497,1.0523229837417603,1.2862881422042847,1.5009984970092773,1.2726927995681763,1.5154790878295898,1.4415773153305054,1.8150370121002197,1.9137346744537354,2.0665483474731445,2.428060531616211,2.631972551345825,1.794580101966858,1.4446567296981812,1.4464932680130005,1.2280222177505493,0.9628951549530029,1.3076626062393188,1.4552611112594604,1.2563844919204712,1.593633770942688,1.5942374467849731,1.9576752185821533,2.1462669372558594,2.274407148361206,2.6239099502563477,2.8948817253112793
B10,2.4381730556488037,2.0709357261657715,1.8937309980392456,1.7639541625976562,1.3839153051376343,1.532103419303894,1.575197696685791,1.209384560585022,1.284903645515442,0.9685552716255188,1.2157378196716309,1.199225902557373,1.1938098669052124,1.5730552673339844,1.7722893953323364,2.1020689010620117,1.8214716911315918,1.5028231143951416,1.4039647579193115,1.0919318199157715,1.0554972887039185,0.9170141816139221,0.626224935054779,0.3785191476345062,0.0,0.39095190167427063,0.6298395395278931,0.8703718781471252,1.1431373357772827,1.4856557846069336,1.2947887182235718,1.0573389530181885,0.7488895058631897,0.8313452005386353,0.730385959148407,0.8124998807907104,0.5075973868370056,0.44028499722480774,0.6649625301361084,0.8999881148338318,1.113493800163269,1.4702116250991821,1.6580015420913696,1.8762677907943726,2.234602212905884,2.246152877807617,1.9081223011016846,1.7680683135986328,1.482243299484253,1.1179732084274292,1.2572898864746094,1.4613728523254395,1.2065322399139404,1.356194019317627,1.2264925241470337,1.5855672359466553,1.6268928050994873,1.7942330837249756,2.1512351036071777,2.3284213542938232,1.4565818309783936,1.0991443395614624,1.154125690460205,1.006751298904419,0.8242104649543762,1.2104419469833374,1.2971047163009644,1.1446722745895386,1.519606113433838,1.5843364000320435,1.9256147146224976,2.1726062297821045,2.303708076477051,2.628533124923706,2.9335503578186035
B11,2.7919437885284424,2.4183883666992188,2.2585577964782715,2.1471900939941406,1.7702276706695557,1.921480417251587,1.9514515399932861,1.5809670686721802,1.6198893785476685,1.2758564949035645,1.44723379611969,1.3641809225082397,1.2581281661987305,1.6290037631988525,1.7664384841918945,2.3476791381835938,2.0947494506835938,1.7612426280975342,1.7159323692321777,1.4409704208374023,1.3694665431976318,1.1696466207504272,0.9416476488113403,0.5977109670639038,0.39095190167427063,0.0,0.3877994120121002,0.6164562702178955,0.8022592663764954,1.1702935695648193,1.280329942703247,1.1572517156600952,0.81757652759552,0.9761387705802917,0.9986829161643982,0.9635049700737,0.6017217040061951,0.7201868891716003,0.8073131442070007,1.1059246063232422,1.2174701690673828,1.5945109128952026,1.7919714450836182,1.9404675960540771,2.3120529651641846,2.508526563644409,2.1945810317993164,2.0659053325653076,1.7419731616973877,1.4075323343276978,1.4969394207000732,1.7503986358642578,1.536189079284668,1.6600301265716553,1.5332231521606445,1.8778542280197144,1.8659826517105103,2.0474393367767334,2.3938348293304443,2.529357671737671,1.5666422843933105,1.2400171756744385,1.3967809677124023,1.3008203506469727,1.1875393390655518,1.575201392173767,1.6489150524139404,1.512925148010254,1.8876944780349731,1.9447240829467773,2.2695744037628174,2.520235061645508,2.6203296184539795,2.9468512535095215,3.2522568702697754
B12,3.0617802143096924,2.697908639907837,2.507828712463379,2.3556573390960693,1.9685397148132324,2.0627262592315674,2.123296022415161,1.773362159729004,1.767106056213379,1.4048049449920654,1.5493255853652954,1.3744405508041382,1.2828975915908813,1.6369681358337402,1.7011933326721191,2.6975834369659424,2.4360287189483643,2.104029655456543,2.0140488147735596,1.7114735841751099,1.6210263967514038,1.4802038669586182,1.2431750297546387,0.9054018259048462,0.6298395395278931,0.3877994120121002,0.0,0.3886001706123352,0.5863558650016785,0.8794915080070496,1.0172667503356934,0.9716852903366089,0.7032142877578735,1.0016249418258667,1.1361719369888306,1.159385085105896,0.8454756140708923,1.0123403072357178,1.177208423614502,1.4707653522491455,1.5972293615341187,1.9761630296707153,2.1570730209350586,2.30647611618042,2.682720422744751,2.8510522842407227,2.526531457901001,2.3750617504119873,2.066404342651367,1.7120885848999023,1.7769982814788818,1.995823621749878,1.748405933380127,1.801161289215088,1.6033283472061157,1.9006414413452148,1.813027262687683,1.9559382200241089,2.297046422958374,2.377923011779785,1.3289105892181396,1.0663377046585083,1.3036733865737915,1.2448488473892212,1.2507827281951904,1.6195595264434814,1.6899242401123047,1.6358891725540161,2.0289297103881836,2.1493282318115234,2.467186450958252,2.7489521503448486,2.8742287158966064,3.180302381515503,3.504249334335327
B13,3.2613754272460938,2.886326789855957,2.7291502952575684,2.5517311096191406,2.1624526977539062,2.2844202518463135,2.3883066177368164,2.04319167137146,2.085782766342163,1.7394987344741821,1.9185621738433838,1.7517850399017334,1.6710889339447021,2.022167205810547,2.067747116088867,2.916588544845581,2.6340904235839844,2.326599359512329,2.267754077911377,1.950750470161438,1.9198873043060303,1.7606265544891357,1.4847960472106934,1.1874815225601196,0.8703718781471252,0.6164562702178955,0.3886001706123352,0.0,0.3805246353149414,0.6680249571800232,0.8525494337081909,0.9245404601097107,0.6533567905426025,0.9230824112892151,1.1646419763565063,1.1113605499267578,0.8620144128799438,1.1458085775375366,1.3136755228042603,1.655661940574646,1.7972506284713745,2.1619865894317627,2.3908915519714355,2.526803731918335,2.892918586730957,2.9734742641448975,2.6765551567077637,2.486489772796631,2.1568264961242676,1.8206802606582642,1.800931692123413,2.0296456813812256,1.8198132514953613,1.8116756677627563,1.6285889148712158,1.896368384361267,1.765512228012085,1.9527020454406738,2.2577338218688965,2.312178373336792,1.3033305406570435,1.0587077140808105,1.355859398841858,1.4085391759872437,1.449876070022583,1.815312385559082,1.8109086751937866,1.7572180032730103,2.1335015296936035,2.2558414936065674,2.532792091369629,2.838594913482666,2.931730031967163,3.218268394470215,3.5560293197631836
