0.000000000000000000e+00,3.912455737590789795e-01,5.435405373573303223e-01,5.933337211608886719e-01,9.600872993469238281e-01,9.315450191497802734e-01,8.152197599411010742e-01,1.119942307472229004e+00,1.428084135055541992e+00,1.771937012672424316e+00,2.025193214416503906e+00,2.356795787811279297e+00,2.606644868850708008e+00,2.752574205398559570e+00,3.118474483489990234e+00,2.750865697860717773e+00,2.443033218383789062e+00,2.368827819824218750e+00,2.300291538238525391e+00,1.958903908729553223e+00,2.047806024551391602e+00,1.999192714691162109e+00,1.650279045104980469e+00,1.434749484062194824e+00,1.063827753067016602e+00,9.579319953918457031e-01,7.523319125175476074e-01,5.320913791656494141e-01,8.710429668426513672e-01,1.050927996635437012e+00,1.250255227088928223e+00,1.097406506538391113e+00,9.129209518432617188e-01,1.244222879409790039e+00,1.435763001441955566e+00,1.703953266143798828e+00,1.589594364166259766e+00,1.620921134948730469e+00,1.989510655403137207e+00,2.170466423034667969e+00,2.461922407150268555e+00,2.742159605026245117e+00,2.893145561218261719e+00,3.132383823394775391e+00,3.505701303482055664e+00,2.908026456832885742e+00,2.688030958175659180e+00,2.462438344955444336e+00,2.312033176422119141e+00,1.947873830795288086e+00,2.127515792846679688e+00,2.262032032012939453e+00,1.943853020668029785e+00,1.945700526237487793e+00,1.675545811653137207e+00,1.902483940124511719e+00,1.751939654350280762e+00,1.845778226852416992e+00,2.206639289855957031e+00,2.372082710266113281e+00,2.489106655120849609e+00,2.321567296981811523e+00,2.136964797973632812e+00,1.884587764739990234e+00,1.512935996055603027e+00,1.543042182922363281e+00,1.715947270393371582e+00,1.449573516845703125e+00,1.408473491668701172e+00,1.129039406776428223e+00,1.311234831809997559e+00,1.094922661781311035e+00,1.264001846313476562e+00,1.582560539245605469e+00,1.713211059570312500e+00
3.912455737590789795e-01,0.000000000000000000e+00,3.837553858757019043e-01,5.596795678138732910e-01,8.386029005050659180e-01,8.641910552978515625e-01,6.233215928077697754e-01,8.599087595939636230e-01,1.172147750854492188e+00,1.496738791465759277e+00,1.731521010398864746e+00,2.076923131942749023e+00,2.293893814086914062e+00,2.443056583404541016e+00,2.819704055786132812e+00,2.424669504165649414e+00,2.140283346176147461e+00,2.066938638687133789e+00,1.963342070579528809e+00,1.613057017326354980e+00,1.677723169326782227e+00,1.654214501380920410e+00,1.313888788223266602e+00,1.084547162055969238e+00,7.060313820838928223e-01,6.712890863418579102e-01,4.859215915203094482e-01,4.937678873538970947e-01,8.680378198623657227e-01,1.117245912551879883e+00,1.046061635017395020e+00,9.051698446273803711e-01,6.185781955718994141e-01,9.037722349166870117e-01,1.076100826263427734e+00,1.362237095832824707e+00,1.299973011016845703e+00,1.326310157775878906e+00,1.709342360496520996e+00,1.890753030776977539e+00,2.212402105331420898e+00,2.473845720291137695e+00,2.655810356140136719e+00,2.908672332763671875e+00,3.271976709365844727e+00,2.664052963256835938e+00,2.415025949478149414e+00,2.188472747802734375e+00,2.082236289978027344e+00,1.729150652885437012e+00,1.946249485015869141e+00,2.037101268768310547e+00,1.698517084121704102e+00,1.731902122497558594e+00,1.465695261955261230e+00,1.708963871002197266e+00,1.616574406623840332e+00,1.693021535873413086e+00,2.066013574600219727e+00,2.280325889587402344e+00,2.372464418411254883e+00,2.158679246902465820e+00,1.955090761184692383e+00,1.756863236427307129e+00,1.379599690437316895e+00,1.493576645851135254e+00,1.624580740928649902e+00,1.309307098388671875e+00,1.334200024604797363e+00,1.047314763069152832e+00,1.277016401290893555e+00,1.134931564331054688e+00,1.261494755744934082e+00,1.617215633392333984e+00,1.808554768562316895e+00
5.435405373573303223e-01,3.837553858757019043e-01,0.000000000000000000e+00,3.605263531208038330e-01,6.365939974784851074e-01,8.105483651161193848e-01,6.872051954269409180e-01,8.213982582092285156e-01,1.200559973716735840e+00,1.476520299911499023e+00,1.772727131843566895e+00,2.083153963088989258e+00,2.302602767944335938e+00,2.505051612854003906e+00,2.879081249237060547e+00,2.357981443405151367e+00,2.071578979492187500e+00,1.937992453575134277e+00,1.857272982597351074e+00,1.503414154052734375e+00,1.648208260536193848e+00,1.641457080841064453e+00,1.277275562286376953e+00,1.158619999885559082e+00,8.147561550140380859e-01,9.251198768615722656e-01,8.411895632743835449e-01,8.514893054962158203e-01,1.228463172912597656e+00,1.481787443161010742e+00,9.395387172698974609e-01,6.715924143791198730e-01,4.900949299335479736e-01,8.225381970405578613e-01,9.717561602592468262e-01,1.224315047264099121e+00,1.070636272430419922e+00,1.087286353111267090e+00,1.450177431106567383e+00,1.648113846778869629e+00,1.935992598533630371e+00,2.227551698684692383e+00,2.398545265197753906e+00,2.624140262603759766e+00,2.998256206512451172e+00,2.453613281250000000e+00,2.209604978561401367e+00,2.022313117980957031e+00,1.880712985992431641e+00,1.509515166282653809e+00,1.672459602355957031e+00,1.765431642532348633e+00,1.430889248847961426e+00,1.413401961326599121e+00,1.137740254402160645e+00,1.382069230079650879e+00,1.280977249145507812e+00,1.410268664360046387e+00,1.771024465560913086e+00,1.992665767669677734e+00,2.162866830825805664e+00,1.933869838714599609e+00,1.787937164306640625e+00,1.587676763534545898e+00,1.207168340682983398e+00,1.269181251525878906e+00,1.345572590827941895e+00,1.018633961677551270e+00,9.792887568473815918e-01,6.693478226661682129e-01,8.976509571075439453e-01,7.994179129600524902e-01,9.768223762512207031e-01,1.316311120986938477e+00,1.555269241333007812e+00
5.933337211608886719e-01,5.596795678138732910e-01,3.605263531208038330e-01,0.000000000000000000e+00,3.854942917823791504e-01,5.029087066650390625e-01,5.303324460983276367e-01,7.107183337211608887e-01,1.069717407226562500e+00,1.360619902610778809e+00,1.683149576187133789e+00,1.966885328292846680e+00,2.232837200164794922e+00,2.437173843383789062e+00,2.793119430541992188e+00,2.319228410720825195e+00,1.994249463081359863e+00,1.884031534194946289e+00,1.869347214698791504e+00,1.556359648704528809e+00,1.722106814384460449e+00,1.642023086547851562e+00,1.275333523750305176e+00,1.185038089752197266e+00,8.790565729141235352e-01,9.397457838058471680e-01,9.535716176033020020e-01,8.792272806167602539e-01,1.225526690483093262e+00,1.518907427787780762e+00,1.293389558792114258e+00,9.919673204421997070e-01,8.225302100181579590e-01,1.115307927131652832e+00,1.168835401535034180e+00,1.457448482513427734e+00,1.293124556541442871e+00,1.213540434837341309e+00,1.544927358627319336e+00,1.674035668373107910e+00,1.939326167106628418e+00,2.215553045272827148e+00,2.333586931228637695e+00,2.574722766876220703e+00,2.948071956634521484e+00,2.349324226379394531e+00,2.153927326202392578e+00,1.938567757606506348e+00,1.752527475357055664e+00,1.382961869239807129e+00,1.543545126914978027e+00,1.704059839248657227e+00,1.414110779762268066e+00,1.445607662200927734e+00,1.240570664405822754e+00,1.538508772850036621e+00,1.467879295349121094e+00,1.663872957229614258e+00,2.003356456756591797e+00,2.228749990463256836e+00,1.916001319885253906e+00,1.738150358200073242e+00,1.582170367240905762e+00,1.330854892730712891e+00,9.552400708198547363e-01,9.775863885879516602e-01,1.125354766845703125e+00,8.621901869773864746e-01,8.661228418350219727e-01,6.636467576026916504e-01,9.664351940155029297e-01,9.274567961692810059e-01,1.204415321350097656e+00,1.497331261634826660e+00,1.737775683403015137e+00
9.600872993469238281e-01,8.386029005050659180e-01,6.365939974784851074e-01,3.854942917823791504e-01,0.000000000000000000e+00,3.653440475463867188e-01,5.016391873359680176e-01,4.866264462471008301e-01,8.239809274673461914e-01,1.055619239807128906e+00,1.412096500396728516e+00,1.655349969863891602e+00,1.931257247924804688e+00,2.164010763168334961e+00,2.506650686264038086e+00,1.996655583381652832e+00,1.658540487289428711e+00,1.544467687606811523e+00,1.575805783271789551e+00,1.305279016494750977e+00,1.505220413208007812e+00,1.384220838546752930e+00,1.028233885765075684e+00,1.034745097160339355e+00,8.350564837455749512e-01,9.802816510200500488e-01,1.127367615699768066e+00,1.126451849937438965e+00,1.437475204467773438e+00,1.777205348014831543e+00,1.477971911430358887e+00,1.145384550094604492e+00,9.675495028495788574e-01,1.167603611946105957e+00,1.091901898384094238e+00,1.394712686538696289e+00,1.241600632667541504e+00,1.054466485977172852e+00,1.341049551963806152e+00,1.397258043289184570e+00,1.654271841049194336e+00,1.902815937995910645e+00,1.994923233985900879e+00,2.256243705749511719e+00,2.621036767959594727e+00,1.981366395950317383e+00,1.807057380676269531e+00,1.578905820846557617e+00,1.378509640693664551e+00,1.015458703041076660e+00,1.197721958160400391e+00,1.380472421646118164e+00,1.122909426689147949e+00,1.228840947151184082e+00,1.114087104797363281e+00,1.469647884368896484e+00,1.490039229393005371e+00,1.733590602874755859e+00,2.049160003662109375e+00,2.318367958068847656e+00,1.550119280815124512e+00,1.361597776412963867e+00,1.197289228439331055e+00,9.594152569770812988e-01,5.794140100479125977e-01,6.662492156028747559e-01,8.029826879501342773e-01,5.476265549659729004e-01,7.031677365303039551e-01,6.514360904693603516e-01,1.026725769042968750e+00,1.125569462776184082e+00,1.414714694023132324e+00,1.682904839515686035e+00,1.973068714141845703e+00
9.315450191497802734e-01,8.641910552978515625e-01,8.105483651161193848e-01,5.029087066650390625e-01,3.653440475463867188e-01,0.000000000000000000e+00,3.643337488174438477e-01,5.227991342544555664e-01,7.396330237388610840e-01,1.042744278907775879e+00,1.356470227241516113e+00,1.609952449798583984e+00,1.923229932785034180e+00,2.106748819351196289e+00,2.436266422271728516e+00,2.083151817321777344e+00,1.721789121627807617e+00,1.685450434684753418e+00,1.737851262092590332e+00,1.497794985771179199e+00,1.638327002525329590e+00,1.456638097763061523e+00,1.127993583679199219e+00,1.053945660591125488e+00,8.610538840293884277e-01,8.645600676536560059e-01,1.049309492111206055e+00,9.816151261329650879e-01,1.227578520774841309e+00,1.583506226539611816e+00,1.713869333267211914e+00,1.420135736465454102e+00,1.187243342399597168e+00,1.395460605621337891e+00,1.326765298843383789e+00,1.664131164550781250e+00,1.558060526847839355e+00,1.370643973350524902e+00,1.663967013359069824e+00,1.685146450996398926e+00,1.951220512390136719e+00,2.164033412933349609e+00,2.232656717300415039e+00,2.519212245941162109e+00,2.869775056838989258e+00,2.153526544570922852e+00,2.010971069335937500e+00,1.733837246894836426e+00,1.542308688163757324e+00,1.217458486557006836e+00,1.437891483306884766e+00,1.650273203849792480e+00,1.421815156936645508e+00,1.573746085166931152e+00,1.474588394165039062e+00,1.831506490707397461e+00,1.842585444450378418e+00,2.069408178329467773e+00,2.396636962890625000e+00,2.655799388885498047e+00,1.616219997406005859e+00,1.496144771575927734e+00,1.266558051109313965e+00,9.895623922348022461e-01,6.490349769592285156e-01,7.559551596641540527e-01,1.011357784271240234e+00,8.514399528503417969e-01,1.033207297325134277e+00,9.932019114494323730e-01,1.353132247924804688e+00,1.394737601280212402e+00,1.689517855644226074e+00,1.968216061592102051e+00,2.223667860031127930e+00
8.152197599411010742e-01,6.233215928077697754e-01,6.872051954269409180e-01,5.303324460983276367e-01,5.016391873359680176e-01,3.643337488174438477e-01,0.000000000000000000e+00,3.706888854503631592e-01,6.198151707649230957e-01,9.724799990653991699e-01,1.235775589942932129e+00,1.550561785697937012e+00,1.823893427848815918e+00,1.980530023574829102e+00,2.335594177246093750e+00,2.005300521850585938e+00,1.672573089599609375e+00,1.653266787528991699e+00,1.634085416793823242e+00,1.357064008712768555e+00,1.436871886253356934e+00,1.289571642875671387e+00,9.571748375892639160e-01,7.816416621208190918e-01,5.289335846900939941e-01,5.110627412796020508e-01,7.124780416488647461e-01,7.360303401947021484e-01,9.951347708702087402e-01,1.363344430923461914e+00,1.509562492370605469e+00,1.274306893348693848e+00,9.724026918411254883e-01,1.150143146514892578e+00,1.103955984115600586e+00,1.460114002227783203e+00,1.416084766387939453e+00,1.270536899566650391e+00,1.608009696006774902e+00,1.665924906730651855e+00,1.981700658798217773e+00,2.188004493713378906e+00,2.311945199966430664e+00,2.608498334884643555e+00,2.954425573348999023e+00,2.235199213027954102e+00,2.040848731994628906e+00,1.757551789283752441e+00,1.633597135543823242e+00,1.311629772186279297e+00,1.579909205436706543e+00,1.727208375930786133e+00,1.448194384574890137e+00,1.605004072189331055e+00,1.461641311645507812e+00,1.802827000617980957e+00,1.816991090774536133e+00,1.987159490585327148e+00,2.336894512176513672e+00,2.605960607528686523e+00,1.855574250221252441e+00,1.681269526481628418e+00,1.422374129295349121e+00,1.216273903846740723e+00,8.672289848327636719e-01,1.060454010963439941e+00,1.252674221992492676e+00,1.006612062454223633e+00,1.193566799163818359e+00,1.065546274185180664e+00,1.416764616966247559e+00,1.421825408935546875e+00,1.650437951087951660e+00,1.972690820693969727e+00,2.224773168563842773e+00
1.119942307472229004e+00,8.599087595939636230e-01,8.213982582092285156e-01,7.107183337211608887e-01,4.866264462471008301e-01,5.227991342544555664e-01,3.706888854503631592e-01,0.000000000000000000e+00,3.931427896022796631e-01,6.666085124015808105e-01,9.770503640174865723e-01,1.272853136062622070e+00,1.526524543762207031e+00,1.728662252426147461e+00,2.088195085525512695e+00,1.656048893928527832e+00,1.328421831130981445e+00,1.285919904708862305e+00,1.270633220672607422e+00,1.007951974868774414e+00,1.119609355926513672e+00,9.639674425125122070e-01,6.183418631553649902e-01,5.649073719978332520e-01,4.611315727233886719e-01,6.621317267417907715e-01,9.343787431716918945e-01,1.063145518302917480e+00,1.315925478935241699e+00,1.687751531600952148e+00,1.520862102508544922e+00,1.264381170272827148e+00,9.768187999725341797e-01,1.057397961616516113e+00,8.933920264244079590e-01,1.248798131942749023e+00,1.225499749183654785e+00,1.008570551872253418e+00,1.312607884407043457e+00,1.328443527221679688e+00,1.653167963027954102e+00,1.836329698562622070e+00,1.969000935554504395e+00,2.276438951492309570e+00,2.612812519073486328e+00,1.886823654174804688e+00,1.678494453430175781e+00,1.395861506462097168e+00,1.295848488807678223e+00,9.862645268440246582e-01,1.287388920783996582e+00,1.403267502784729004e+00,1.130498170852661133e+00,1.341038703918457031e+00,1.254526495933532715e+00,1.619070410728454590e+00,1.706848263740539551e+00,1.894975900650024414e+00,2.224086284637451172e+00,2.530682086944580078e+00,1.626705408096313477e+00,1.401967167854309082e+00,1.140105843544006348e+00,1.007305622100830078e+00,6.772148609161376953e-01,9.619648456573486328e-01,1.075607180595397949e+00,8.114328980445861816e-01,1.084036588668823242e+00,1.017791509628295898e+00,1.388175010681152344e+00,1.483714342117309570e+00,1.698718070983886719e+00,2.009054899215698242e+00,2.307229757308959961e+00
1.428084135055541992e+00,1.172147750854492188e+00,1.200559973716735840e+00,1.069717407226562500e+00,8.239809274673461914e-01,7.396330237388610840e-01,6.198151707649230957e-01,3.931427896022796631e-01,0.000000000000000000e+00,3.765998482704162598e-01,6.273112893104553223e-01,9.309238791465759277e-01,1.213873982429504395e+00,1.381202697753906250e+00,1.729470610618591309e+00,1.441706538200378418e+00,1.098451018333435059e+00,1.164680957794189453e+00,1.185535669326782227e+00,1.020092368125915527e+00,1.052767395973205566e+00,7.906406521797180176e-01,5.597075819969177246e-01,5.106438994407653809e-01,6.310170888900756836e-01,7.437915205955505371e-01,1.104648947715759277e+00,1.251970410346984863e+00,1.412984013557434082e+00,1.798957824707031250e+00,1.858401536941528320e+00,1.630879878997802734e+00,1.323414802551269531e+00,1.344026803970336914e+00,1.120700001716613770e+00,1.470733523368835449e+00,1.512514233589172363e+00,1.258064389228820801e+00,1.509601950645446777e+00,1.443287491798400879e+00,1.765709280967712402e+00,1.874812960624694824e+00,1.983452320098876953e+00,2.325235605239868164e+00,2.627468824386596680e+00,1.812685370445251465e+00,1.637097716331481934e+00,1.300054550170898438e+00,1.251775860786437988e+00,1.033855557441711426e+00,1.383913159370422363e+00,1.499414920806884766e+00,1.288083910942077637e+00,1.575556874275207520e+00,1.554874777793884277e+00,1.926371812820434570e+00,2.056590080261230469e+00,2.242269754409790039e+00,2.561591863632202148e+00,2.884680032730102539e+00,1.576089382171630859e+00,1.384345650672912598e+00,1.049384713172912598e+00,9.786793589591979980e-01,7.654002904891967773e-01,1.112469315528869629e+00,1.248414993286132812e+00,1.066452980041503906e+00,1.399307847023010254e+00,1.388469576835632324e+00,1.763563513755798340e+00,1.875097751617431641e+00,2.089489221572875977e+00,2.399355411529541016e+00,2.700296163558959961e+00
1.771937012672424316e+00,1.496738791465759277e+00,1.476520299911499023e+00,1.360619902610778809e+00,1.055619239807128906e+00,1.042744278907775879e+00,9.724799990653991699e-01,6.666085124015808105e-01,3.765998482704162598e-01,0.000000000000000000e+00,3.875343799591064453e-01,6.112158894538879395e-01,8.856048583984375000e-01,1.115213632583618164e+00,1.453927516937255859e+00,1.079516649246215820e+00,7.244760394096374512e-01,8.252311348915100098e-01,8.934962749481201172e-01,8.370656371116638184e-01,8.774531483650207520e-01,5.526428818702697754e-01,4.647558331489562988e-01,6.357467770576477051e-01,8.921667337417602539e-01,1.078394889831542969e+00,1.436922907829284668e+00,1.617615222930908203e+00,1.777580738067626953e+00,2.160765171051025391e+00,2.042509794235229492e+00,1.810055732727050781e+00,1.533088564872741699e+00,1.484660625457763672e+00,1.181850671768188477e+00,1.485449194908142090e+00,1.552216887474060059e+00,1.246323823928833008e+00,1.412205934524536133e+00,1.264274597167968750e+00,1.567772030830383301e+00,1.613051891326904297e+00,1.710331678390502930e+00,2.069170713424682617e+00,2.342180252075195312e+00,1.495162844657897949e+00,1.329311966896057129e+00,9.724402427673339844e-01,9.844559431076049805e-01,8.623346090316772461e-01,1.232708334922790527e+00,1.309673547744750977e+00,1.160929560661315918e+00,1.507156968116760254e+00,1.566551208496093750e+00,1.935663700103759766e+00,2.129292249679565430e+00,2.326560974121093750e+00,2.614500045776367188e+00,2.962278127670288086e+00,1.411065220832824707e+00,1.190060138702392578e+00,8.453390002250671387e-01,9.110109210014343262e-01,8.208381533622741699e-01,1.194444537162780762e+00,1.253792285919189453e+00,1.117692232131958008e+00,1.491388320922851562e+00,1.542282938957214355e+00,1.907381296157836914e+00,2.078982353210449219e+00,2.283518552780151367e+00,2.573857069015502930e+00,2.902447700500488281e+00
2.025193214416503906e+00,1.731521010398864746e+00,1.772727131843566895e+00,1.683149576187133789e+00,1.412096500396728516e+00,1.356470227241516113e+00,1.235775589942932129e+00,9.770503640174865723e-01,6.273112893104553223e-01,3.875343799591064453e-01,0.000000000000000000e+00,3.803095221519470215e-01,6.100667715072631836e-01,7.567172646522521973e-01,1.111933827400207520e+00,9.694748520851135254e-01,6.821926236152648926e-01,9.285821914672851562e-01,9.549920558929443359e-01,9.832999706268310547e-01,8.823770880699157715e-01,5.274123549461364746e-01,6.557846665382385254e-01,7.364897727966308594e-01,1.070422410964965820e+00,1.199893832206726074e+00,1.569205999374389648e+00,1.783130288124084473e+00,1.879051804542541504e+00,2.249286651611328125e+00,2.272582054138183594e+00,2.087346315383911133e+00,1.783754348754882812e+00,1.691614508628845215e+00,1.386148452758789062e+00,1.671622157096862793e+00,1.806094646453857422e+00,1.523817300796508789e+00,1.674765348434448242e+00,1.513235330581665039e+00,1.818913698196411133e+00,1.804207682609558105e+00,1.912062883377075195e+00,2.280729770660400391e+00,2.512509346008300781e+00,1.643969416618347168e+00,1.485710859298706055e+00,1.125108599662780762e+00,1.232854127883911133e+00,1.194526314735412598e+00,1.561890602111816406e+00,1.599664926528930664e+00,1.471603631973266602e+00,1.828052163124084473e+00,1.889537572860717773e+00,2.240732908248901367e+00,2.447481155395507812e+00,2.613159894943237305e+00,2.902269601821899414e+00,3.257508516311645508e+00,1.675000667572021484e+00,1.477784633636474609e+00,1.125400543212890625e+00,1.239553213119506836e+00,1.195031881332397461e+00,1.565788030624389648e+00,1.632989048957824707e+00,1.502838015556335449e+00,1.873900055885314941e+00,1.905940651893615723e+00,2.266624212265014648e+00,2.421941280364990234e+00,2.602420091629028320e+00,2.908067941665649414e+00,3.231423377990722656e+00
2.356795787811279297e+00,2.076923131942749023e+00,2.083153963088989258e+00,1.966885328292846680e+00,1.655349969863891602e+00,1.609952449798583984e+00,1.550561785697937012e+00,1.272853136062622070e+00,9.309238791465759277e-01,6.112158894538879395e-01,3.803095221519470215e-01,0.000000000000000000e+00,3.804682493209838867e-01,5.919744968414306641e-01,8.699988722801208496e-01,7.775014042854309082e-01,5.023158788681030273e-01,8.460206389427185059e-01,9.752073287963867188e-01,1.134820222854614258e+00,1.068163394927978516e+00,7.251645922660827637e-01,9.275152683258056641e-01,1.096384644508361816e+00,1.428810238838195801e+00,1.569675803184509277e+00,1.942004203796386719e+00,2.139708995819091797e+00,2.233766317367553711e+00,2.607666492462158203e+00,2.586583614349365234e+00,2.380637407302856445e+00,2.102921247482299805e+00,2.000782966613769531e+00,1.665812849998474121e+00,1.917329430580139160e+00,2.039857864379882812e+00,1.724320292472839355e+00,1.801566839218139648e+00,1.569068670272827148e+00,1.817395448684692383e+00,1.733438611030578613e+00,1.787841677665710449e+00,2.162771701812744141e+00,2.350897073745727539e+00,1.450082302093505859e+00,1.361430406570434570e+00,1.000213861465454102e+00,1.143969416618347168e+00,1.221639156341552734e+00,1.557934045791625977e+00,1.593278050422668457e+00,1.552896380424499512e+00,1.935913562774658203e+00,2.063581943511962891e+00,2.413013458251953125e+00,2.654050827026367188e+00,2.843643903732299805e+00,3.105579853057861328e+00,3.470871210098266602e+00,1.549951791763305664e+00,1.387210130691528320e+00,1.052747130393981934e+00,1.250129580497741699e+00,1.318397760391235352e+00,1.670938134193420410e+00,1.709787011146545410e+00,1.650533199310302734e+00,2.037940025329589844e+00,2.128175735473632812e+00,2.484542846679687500e+00,2.679029464721679688e+00,2.874477624893188477e+00,3.158321857452392578e+00,3.496796131134033203e+00
2.606644868850708008e+00,2.293893814086914062e+00,2.302602767944335938e+00,2.232837200164794922e+00,1.931257247924804688e+00,1.923229932785034180e+00,1.823893427848815918e+00,1.526524543762207031e+00,1.213873982429504395e+00,8.856048583984375000e-01,6.100667715072631836e-01,3.804682493209838867e-01,0.000000000000000000e+00,3.776862621307373047e-01,6.622948050498962402e-01,5.435925722122192383e-01,4.852558970451354980e-01,8.473292589187622070e-01,9.003598690032958984e-01,1.138454318046569824e+00,1.001534581184387207e+00,7.395338416099548340e-01,1.054852962493896484e+00,1.240163087844848633e+00,1.607464909553527832e+00,1.780007243156433105e+00,2.134384632110595703e+00,2.377124309539794922e+00,2.470374584197998047e+00,2.831067323684692383e+00,2.687744855880737305e+00,2.516612291336059570e+00,2.247529745101928711e+00,2.087571144104003906e+00,1.735808134078979492e+00,1.934714198112487793e+00,2.106050252914428711e+00,1.809379339218139648e+00,1.844614028930664062e+00,1.605314135551452637e+00,1.846545577049255371e+00,1.709779024124145508e+00,1.801469206809997559e+00,2.164842367172241211e+00,2.311495304107666016e+00,1.468736052513122559e+00,1.348838567733764648e+00,1.043421626091003418e+00,1.287811517715454102e+00,1.413628578186035156e+00,1.732940196990966797e+00,1.694015979766845703e+00,1.663762092590332031e+00,2.041380882263183594e+00,2.180197477340698242e+00,2.497136116027832031e+00,2.766904115676879883e+00,2.926351547241210938e+00,3.169968128204345703e+00,3.546285390853881836e+00,1.806018114089965820e+00,1.605094194412231445e+00,1.319184899330139160e+00,1.565431118011474609e+00,1.627298355102539062e+00,1.983254075050354004e+00,1.976235032081604004e+00,1.891454935073852539e+00,2.268882036209106445e+00,2.345147848129272461e+00,2.681722164154052734e+00,2.885976314544677734e+00,3.044422864913940430e+00,3.328900814056396484e+00,3.675503253936767578e+00
2.752574205398559570e+00,2.443056583404541016e+00,2.505051612854003906e+00,2.437173843383789062e+00,2.164010763168334961e+00,2.106748819351196289e+00,1.980530023574829102e+00,1.728662252426147461e+00,1.381202697753906250e+00,1.115213632583618164e+00,7.567172646522521973e-01,5.919744968414306641e-01,3.776862621307373047e-01,0.000000000000000000e+00,3.908847570419311523e-01,8.768271207809448242e-01,8.610373735427856445e-01,1.222161769866943359e+00,1.239222764968872070e+00,1.440394639968872070e+00,1.237578749656677246e+00,9.885808229446411133e-01,1.297982215881347656e+00,1.388794541358947754e+00,1.755360007286071777e+00,1.862842440605163574e+00,2.214906215667724609e+00,2.457908630371093750e+00,2.495442390441894531e+00,2.837948322296142578e+00,2.894308090209960938e+00,2.751929044723510742e+00,2.453647851943969727e+00,2.295832872390747070e+00,1.970270752906799316e+00,2.183425188064575195e+00,2.382488727569580078e+00,2.109810113906860352e+00,2.178446054458618164e+00,1.962612628936767578e+00,2.217944622039794922e+00,2.082435131072998047e+00,2.175370216369628906e+00,2.537193298339843750e+00,2.670152902603149414e+00,1.830223679542541504e+00,1.723817229270935059e+00,1.419858694076538086e+00,1.651126623153686523e+00,1.758615493774414062e+00,2.089813709259033203e+00,2.064805030822753906e+00,2.015519857406616211e+00,2.388377189636230469e+00,2.500081300735473633e+00,2.818081378936767578e+00,3.071309328079223633e+00,3.211718559265136719e+00,3.471759319305419922e+00,3.844088077545166016e+00,2.106999874114990234e+00,1.941437602043151855e+00,1.630730032920837402e+00,1.842088222503662109e+00,1.891790986061096191e+00,2.252388477325439453e+00,2.286075115203857422e+00,2.194126844406127930e+00,2.572255134582519531e+00,2.624227523803710938e+00,2.970641613006591797e+00,3.145247220993041992e+00,3.299163579940795898e+00,3.602167606353759766e+00,3.935408115386962891e+00
3.118474483489990234e+00,2.819704055786132812e+00,2.879081249237060547e+00,2.793119430541992188e+00,2.506650686264038086e+00,2.436266422271728516e+00,2.335594177246093750e+00,2.088195085525512695e+00,1.729470610618591309e+00,1.453927516937255859e+00,1.111933827400207520e+00,8.699988722801208496e-01,6.622948050498962402e-01,3.908847570419311523e-01,0.000000000000000000e+00,1.066030859947204590e+00,1.113179087638854980e+00,1.479977607727050781e+00,1.539590239524841309e+00,1.786437988281250000e+00,1.598261356353759766e+00,1.359794974327087402e+00,1.672123551368713379e+00,1.775668025016784668e+00,2.138813018798828125e+00,2.231534242630004883e+00,2.587730169296264648e+00,2.817256927490234375e+00,2.835492610931396484e+00,3.174308061599731445e+00,3.282072782516479492e+00,3.133978843688964844e+00,2.840153217315673828e+00,2.682496547698974609e+00,2.350505590438842773e+00,2.552121400833129883e+00,2.748098134994506836e+00,2.464350700378417969e+00,2.502478361129760742e+00,2.256636381149291992e+00,2.474214553833007812e+00,2.295141696929931641e+00,2.348587036132812500e+00,2.701604127883911133e+00,2.787937641143798828e+00,1.963701009750366211e+00,1.917335987091064453e+00,1.638743996620178223e+00,1.876197218894958496e+00,2.037193536758422852e+00,2.344161748886108398e+00,2.322906732559204102e+00,2.319947242736816406e+00,2.700651168823242188e+00,2.841199398040771484e+00,3.157825946807861328e+00,3.424652099609375000e+00,3.574621438980102539e+00,3.822664976119995117e+00,4.198957920074462891e+00,2.263853549957275391e+00,2.142065525054931641e+00,1.851423025131225586e+00,2.083895921707153320e+00,2.185474395751953125e+00,2.531539916992187500e+00,2.564705610275268555e+00,2.511531829833984375e+00,2.896393060684204102e+00,2.974011182785034180e+00,3.321851491928100586e+00,3.509367704391479492e+00,3.673200368881225586e+00,3.969049215316772461e+00,4.306987762451171875e+00
2.750865697860717773e+00,2.424669504165649414e+00,2.357981443405151367e+00,2.319228410720825195e+00,1.996655583381652832e+00,2.083151817321777344e+00,2.005300521850585938e+00,1.656048893928527832e+00,1.441706538200378418e+00,1.079516649246215820e+00,9.694748520851135254e-01,7.775014042854309082e-01,5.435925722122192383e-01,8.768271207809448242e-01,1.066030859947204590e+00,0.000000000000000000e+00,3.894461393356323242e-01,5.439966320991516113e-01,5.995198488235473633e-01,9.630996584892272949e-01,9.238215088844299316e-01,8.045797348022460938e-01,1.111392021179199219e+00,1.413572072982788086e+00,1.760274648666381836e+00,2.023253679275512695e+00,2.348118305206298828e+00,2.608265876770019531e+00,2.766221523284912109e+00,3.129638910293579102e+00,2.631253004074096680e+00,2.449884414672851562e+00,2.245993614196777344e+00,2.046530246734619141e+00,1.665353178977966309e+00,1.776823401451110840e+00,1.932035565376281738e+00,1.627840995788574219e+00,1.553831934928894043e+00,1.270984530448913574e+00,1.451501607894897461e+00,1.251555919647216797e+00,1.368890762329101562e+00,1.709186553955078125e+00,1.827834606170654297e+00,1.081213951110839844e+00,9.163163304328918457e-01,7.221392393112182617e-01,1.060808897018432617e+00,1.260844588279724121e+00,1.510648250579833984e+00,1.380521535873413086e+00,1.410148382186889648e+00,1.769798040390014648e+00,1.966156721115112305e+00,2.239110946655273438e+00,2.555542945861816406e+00,2.717437267303466797e+00,2.909702062606811523e+00,3.295163631439208984e+00,1.726567149162292480e+00,1.456045866012573242e+00,1.282833933830261230e+00,1.598904132843017578e+00,1.679345726966857910e+00,2.004955053329467773e+00,1.899740338325500488e+00,1.819523215293884277e+00,2.169457435607910156e+00,2.275252342224121094e+00,2.567910671234130859e+00,2.822278738021850586e+00,2.955404281616210938e+00,3.203338384628295898e+00,3.570899724960327148e+00
2.443033218383789062e+00,2.140283346176147461e+00,2.071578979492187500e+00,1.994249463081359863e+00,1.658540487289428711e+00,1.721789121627807617e+00,1.672573089599609375e+00,1.328421831130981445e+00,1.098451018333435059e+00,7.244760394096374512e-01,6.821926236152648926e-01,5.023158788681030273e-01,4.852558970451354980e-01,8.610373735427856445e-01,1.113179087638854980e+00,3.894461393356323242e-01,0.000000000000000000e+00,3.793339133262634277e-01,5.641667842864990234e-01,8.401241898536682129e-01,8.633738160133361816e-01,6.222785711288452148e-01,8.573166728019714355e-01,1.168377161026000977e+00,1.496386528015136719e+00,1.742314577102661133e+00,2.083905935287475586e+00,2.310401439666748047e+00,2.472046375274658203e+00,2.846949577331542969e+00,2.460458278656005859e+00,2.244850158691406250e+00,2.024901866912841797e+00,1.877234578132629395e+00,1.503294467926025391e+00,1.680909872055053711e+00,1.793069124221801758e+00,1.460716724395751953e+00,1.444483757019042969e+00,1.165730237960815430e+00,1.380928039550781250e+00,1.255776762962341309e+00,1.338388681411743164e+00,1.707126379013061523e+00,1.888033151626586914e+00,1.034399151802062988e+00,8.891875743865966797e-01,5.620039701461791992e-01,8.168091773986816406e-01,9.702901244163513184e-01,1.265969395637512207e+00,1.213868975639343262e+00,1.218286514282226562e+00,1.602650642395019531e+00,1.784521460533142090e+00,2.102236509323120117e+00,2.390016078948974609e+00,2.582404375076293945e+00,2.802532672882080078e+00,3.180028438568115234e+00,1.433463573455810547e+00,1.175370931625366211e+00,9.407444000244140625e-01,1.232543826103210449e+00,1.311786174774169922e+00,1.645650863647460938e+00,1.576458454132080078e+00,1.509116888046264648e+00,1.879577159881591797e+00,1.995897769927978516e+00,2.315059900283813477e+00,2.560024261474609375e+00,2.729180812835693359e+00,2.983307838439941406e+00,3.344886541366577148e+00
2.368827819824218750e+00,2.066938638687133789e+00,1.937992453575134277e+00,1.884031534194946289e+00,1.544467687606811523e+00,1.685450434684753418e+00,1.653266787528991699e+00,1.285919904708862305e+00,1.164680957794189453e+00,8.252311348915100098e-01,9.285821914672851562e-01,8.460206389427185059e-01,8.473292589187622070e-01,1.222161769866943359e+00,1.479977607727050781e+00,5.439966320991516113e-01,3.793339133262634277e-01,0.000000000000000000e+00,3.626796007156372070e-01,6.416582465171813965e-01,8.086850643157958984e-01,6.853746771812438965e-01,8.206481337547302246e-01,1.197189450263977051e+00,1.474940061569213867e+00,1.779687285423278809e+00,2.086720466613769531e+00,2.313185930252075195e+00,2.526314020156860352e+00,2.897855520248413086e+00,2.264564037322998047e+00,2.031588554382324219e+00,1.863798022270202637e+00,1.708353519439697266e+00,1.327291727066040039e+00,1.456148028373718262e+00,1.528855085372924805e+00,1.185285687446594238e+00,1.105967402458190918e+00,7.996212244033813477e-01,1.002948999404907227e+00,8.970747590065002441e-01,1.021409869194030762e+00,1.382662534713745117e+00,1.600728154182434082e+00,8.148428797721862793e-01,5.703757405281066895e-01,2.800177633762359619e-01,5.788415670394897461e-01,7.298186421394348145e-01,9.820219278335571289e-01,8.650705814361572266e-01,8.835493326187133789e-01,1.259012699127197266e+00,1.473094582557678223e+00,1.771681308746337891e+00,2.080446720123291016e+00,2.283183097839355469e+00,2.477457284927368164e+00,2.856759071350097656e+00,1.340722441673278809e+00,1.006322741508483887e+00,8.685687184333801270e-01,1.169812798500061035e+00,1.223616480827331543e+00,1.523521423339843750e+00,1.379957318305969238e+00,1.297335028648376465e+00,1.638173103332519531e+00,1.769108295440673828e+00,2.055636405944824219e+00,2.331144571304321289e+00,2.486767292022705078e+00,2.715099573135375977e+00,3.087565660476684570e+00
2.300291538238525391e+00,1.963342070579528809e+00,1.857272982597351074e+00,1.869347214698791504e+00,1.575805783271789551e+00,1.737851262092590332e+00,1.634085416793823242e+00,1.270633220672607422e+00,1.185535669326782227e+00,8.934962749481201172e-01,9.549920558929443359e-01,9.752073287963867188e-01,9.003598690032958984e-01,1.239222764968872070e+00,1.539590239524841309e+00,5.995198488235473633e-01,5.641667842864990234e-01,3.626796007156372070e-01,0.000000000000000000e+00,3.864884376525878906e-01,4.988369941711425781e-01,5.286238789558410645e-01,7.056307792663574219e-01,1.060113549232482910e+00,1.347911119461059570e+00,1.678912758827209473e+00,1.954936504364013672e+00,2.225716590881347656e+00,2.442167758941650391e+00,2.795449733734130859e+00,2.055664062500000000e+00,1.872372031211853027e+00,1.698481917381286621e+00,1.487254023551940918e+00,1.102131009101867676e+00,1.192944169044494629e+00,1.333456039428710938e+00,1.037328243255615234e+00,9.837623834609985352e-01,7.630125880241394043e-01,1.045859932899475098e+00,9.811840653419494629e-01,1.214712977409362793e+00,1.539287567138671875e+00,1.761024951934814453e+00,1.104553222656250000e+00,7.787985801696777344e-01,6.120291948318481445e-01,8.817713260650634766e-01,9.242376089096069336e-01,1.184753298759460449e+00,1.007084608078002930e+00,9.156704545021057129e-01,1.246028304100036621e+00,1.397393822669982910e+00,1.662600278854370117e+00,1.971071362495422363e+00,2.120611190795898438e+00,2.323512554168701172e+00,2.707679033279418945e+00,1.666966080665588379e+00,1.310986399650573730e+00,1.166013956069946289e+00,1.415867328643798828e+00,1.381305932998657227e+00,1.695966005325317383e+00,1.553520321846008301e+00,1.385396718978881836e+00,1.695227622985839844e+00,1.756454825401306152e+00,2.024343490600585938e+00,2.273610830307006836e+00,2.378967285156250000e+00,2.626261949539184570e+00,2.993268728256225586e+00
1.958903908729553223e+00,1.613057017326354980e+00,1.503414154052734375e+00,1.556359648704528809e+00,1.305279016494750977e+00,1.497794985771179199e+00,1.357064008712768555e+00,1.007951974868774414e+00,1.020092368125915527e+00,8.370656371116638184e-01,9.832999706268310547e-01,1.134820222854614258e+00,1.138454318046569824e+00,1.440394639968872070e+00,1.786437988281250000e+00,9.630996584892272949e-01,8.401241898536682129e-01,6.416582465171813965e-01,3.864884376525878906e-01,0.000000000000000000e+00,3.640640079975128174e-01,4.988916218280792236e-01,4.772532582283020020e-01,8.086979985237121582e-01,1.034095048904418945e+00,1.396091461181640625e+00,1.632943034172058105e+00,1.909791469573974609e+00,2.153032541275024414e+00,2.493844747543334961e+00,1.673556804656982422e+00,1.495163440704345703e+00,1.314917445182800293e+00,1.102316737174987793e+00,7.167735695838928223e-01,8.421311378479003906e-01,9.845495820045471191e-01,7.058870792388916016e-01,7.667568325996398926e-01,6.841273307800292969e-01,1.052244305610656738e+00,1.120823502540588379e+00,1.385862350463867188e+00,1.685496568679809570e+00,1.961789965629577637e+00,1.355893373489379883e+00,1.012601137161254883e+00,8.491875529289245605e-01,9.977772831916809082e-01,8.836379647254943848e-01,1.159296154975891113e+00,1.005263686180114746e+00,7.753545045852661133e-01,1.056898236274719238e+00,1.117546439170837402e+00,1.393360614776611328e+00,1.666504979133605957e+00,1.798837304115295410e+00,2.036418914794921875e+00,2.413678646087646484e+00,1.744824886322021484e+00,1.376772284507751465e+00,1.221072196960449219e+00,1.381238460540771484e+00,1.244399070739746094e+00,1.551128029823303223e+00,1.423362970352172852e+00,1.175489783287048340e+00,1.451930880546569824e+00,1.450618743896484375e+00,1.714937686920166016e+00,1.934340238571166992e+00,2.022847652435302734e+00,2.288769721984863281e+00,2.646680831909179688e+00
2.047806024551391602e+00,1.677723169326782227e+00,1.648208260536193848e+00,1.722106814384460449e+00,1.505220413208007812e+00,1.638327002525329590e+00,1.436871886253356934e+00,1.119609355926513672e+00,1.052767395973205566e+00,8.774531483650207520e-01,8.823770880699157715e-01,1.068163394927978516e+00,1.001534581184387207e+00,1.237578749656677246e+00,1.598261356353759766e+00,9.238215088844299316e-01,8.633738160133361816e-01,8.086850643157958984e-01,4.988369941711425781e-01,3.640640079975128174e-01,0.000000000000000000e+00,3.631450533866882324e-01,5.201386213302612305e-01,7.296806573867797852e-01,1.028089523315429688e+00,1.348209738731384277e+00,1.592331051826477051e+00,1.908526778221130371e+00,2.103359937667846680e+00,2.431701898574829102e+00,1.773099541664123535e+00,1.659144043922424316e+00,1.427061438560485840e+00,1.179816126823425293e+00,8.243389129638671875e-01,9.593694210052490234e-01,1.195738315582275391e+00,9.901348352432250977e-01,1.092285275459289551e+00,1.033753514289855957e+00,1.389876604080200195e+00,1.410373449325561523e+00,1.677863717079162598e+00,1.985379695892333984e+00,2.227947235107421875e+00,1.593472003936767578e+00,1.264281511306762695e+00,1.070492386817932129e+00,1.273920059204101562e+00,1.193463802337646484e+00,1.498712897300720215e+00,1.356022357940673828e+00,1.138687968254089355e+00,1.410264730453491211e+00,1.432089328765869141e+00,1.686982393264770508e+00,1.938079595565795898e+00,2.022465705871582031e+00,2.275690793991088867e+00,2.647563695907592773e+00,2.002730607986450195e+00,1.659750103950500488e+00,1.450183629989624023e+00,1.611405014991760254e+00,1.472237229347229004e+00,1.809659719467163086e+00,1.729855895042419434e+00,1.476195454597473145e+00,1.761031150817871094e+00,1.720828533172607422e+00,1.994038939476013184e+00,2.169964790344238281e+00,2.235441684722900391e+00,2.528890848159790039e+00,2.869312047958374023e+00
