,A1,A2,A3,A4,A5,A6,A7,A8,A9,A10,A11,A12,A13,A14,A15,B1,B2,B3,B4,B5,B6,B7,B8,B9,B10,B11,B12,B13,B14,B15,C1,C2,C3,C4,C5,C6,C7,C8,C9,C10,C11,C12,C13,C14,C15,D1,D2,D3,D4,D5,D6,D7,D8,D9,D10,D11,D12,D13,D14,D15,E1,E2,E3,E4,E5,E6,E7,E8,E9,E10,E11,E12,E13,E14,E15
A1,0.0,0.39473822712898254,0.5706685781478882,0.8718611598014832,1.1622265577316284,1.3168617486953735,1.1975619792938232,1.403518795967102,1.7197930812835693,2.0239028930664062,2.2218735218048096,2.5697948932647705,2.782285690307617,2.9260289669036865,3.293184757232666,3.026784896850586,2.6572680473327637,2.5105669498443604,2.26263165473938,1.8924922943115234,1.9229549169540405,2.0507946014404297,1.733960747718811,1.6523240804672241,1.3467967510223389,1.5183155536651611,1.2963387966156006,1.3670527935028076,1.6893970966339111,1.735623836517334,1.4098904132843018,1.2164522409439087,1.543603539466858,1.5977284908294678,1.5771697759628296,1.953371524810791,1.9390580654144287,1.8593456745147705,2.2462069988250732,2.363921642303467,2.666339159011841,2.942009687423706,3.100633382797241,3.37054181098938,3.72068190574646,2.9897537231445312,2.6467268466949463,2.4317681789398193,2.1655545234680176,1.8168431520462036,1.7632160186767578,1.918413758277893,1.6437424421310425,1.4959224462509155,1.2237215042114258,1.3972325325012207,1.1574703454971313,1.3366413116455078,1.6176220178604126,1.633171558380127,0.769338846206665,0.6858553886413574,0.9686618447303772,1.3080682754516602,1.4242029190063477,1.6259897947311401,1.3802871704101562,1.4443697929382324,1.7412140369415283,1.964444875717163,2.112879991531372,2.476175546646118,2.590839147567749,2.757077932357788,3.1410701274871826
A2,0.39473822712898254,0.0,0.3770161271095276,0.652891218662262,0.8467594981193542,1.0703376531600952,0.9469975233078003,1.0758886337280273,1.4270938634872437,1.6984822750091553,1.9219554662704468,2.2598824501037598,2.4613115787506104,2.6365749835968018,3.0039918422698975,2.6362833976745605,2.2696704864501953,2.1222498416900635,1.870455265045166,1.4990200996398926,1.5460542440414429,1.6819772720336914,1.3671648502349854,1.3311554193496704,1.063839077949524,1.3099684715270996,1.1737080812454224,1.3139008283615112,1.6566812992095947,1.7850191593170166,1.3513680696487427,1.0656805038452148,1.3326115608215332,1.3294992446899414,1.2427741289138794,1.6284641027450562,1.63848078250885,1.5216939449310303,1.9135900735855103,2.0084903240203857,2.3277361392974854,2.5836615562438965,2.7484192848205566,3.030219554901123,3.370182991027832,2.6261417865753174,2.2740628719329834,2.074545383453369,1.8285695314407349,1.4672868251800537,1.450024127960205,1.580528736114502,1.2797566652297974,1.1716340780258179,0.9000247716903687,1.1361708641052246,0.9845977425575256,1.1846833229064941,1.5086230039596558,1.616707444190979,0.7173495888710022,0.4495849013328552,0.6755516529083252,0.9734464883804321,1.0426350831985474,1.2564568519592285,1.0233018398284912,1.0606729984283447,1.3809560537338257,1.6042615175247192,1.7872867584228516,2.1405954360961914,2.282093048095703,2.4703173637390137,2.8461217880249023
A3,0.5706685781478882,0.3770161271095276,0.0,0.39314377307891846,0.6569828391075134,0.7609275579452515,0.6337689757347107,0.8616723418235779,1.1717164516448975,1.4876176118850708,1.708064079284668,2.0385372638702393,2.2800872325897217,2.4329845905303955,2.787376880645752,2.568956136703491,2.190014362335205,2.059993028640747,1.869861364364624,1.4969887733459473,1.5501431226730347,1.6026824712753296,1.2551348209381104,1.1893750429153442,0.86813884973526,1.070419192314148,0.957011878490448,1.0265828371047974,1.3960466384887695,1.5604718923568726,1.0761991739273071,0.7753187417984009,1.0746288299560547,1.1653367280960083,1.11631441116333,1.4776105880737305,1.4119378328323364,1.3206028938293457,1.6958153247833252,1.8279211521148682,2.113896369934082,2.4073290824890137,2.572078227996826,2.824191093444824,3.1814639568328857,2.5374906063079834,2.1911356449127197,2.007963180541992,1.7138928174972534,1.3569780588150024,1.3782280683517456,1.5777270793914795,1.3025693893432617,1.2857426404953003,1.0978831052780151,1.3999615907669067,1.3080792427062988,1.5393166542053223,1.859305739402771,1.9787745475769043,0.9322915077209473,0.623012363910675,0.9062609672546387,1.0988558530807495,1.0909857749938965,1.3919934034347534,1.2252814769744873,1.1749860048294067,1.532090663909912,1.6968655586242676,1.9223005771636963,2.2458863258361816,2.370129108428955,2.60386323928833,2.9712271690368652
A4,0.8718611598014832,0.652891218662262,0.39314377307891846,0.0,0.38042837381362915,0.49320295453071594,0.5778185129165649,0.7748521566390991,1.098250150680542,1.3962560892105103,1.6774784326553345,1.9599640369415283,2.2359001636505127,2.419316291809082,2.7498130798339844,2.4012889862060547,2.008504629135132,1.9425568580627441,1.7919563055038452,1.4189091920852661,1.5601589679718018,1.571575403213501,1.2014076709747314,1.2370142936706543,0.9587932229042053,1.192626953125,1.18659245967865,1.2090017795562744,1.5908180475234985,1.8029297590255737,0.7781203985214233,0.4271549582481384,0.6924265623092651,0.7884151339530945,0.8108572363853455,1.1466737985610962,1.0832222700119019,1.068970799446106,1.4451359510421753,1.6369796991348267,1.9232615232467651,2.2222657203674316,2.4331579208374023,2.659893274307251,3.0140974521636963,2.2507903575897217,1.9307684898376465,1.7201037406921387,1.3936794996261597,1.0676041841506958,1.0527421236038208,1.3052157163619995,1.0942060947418213,1.1164385080337524,1.0414297580718994,1.3780455589294434,1.364092230796814,1.6570979356765747,1.9450021982192993,2.1017510890960693,1.2956136465072632,0.9478604197502136,1.1435039043426514,1.267810583114624,1.1393226385116577,1.4473755359649658,1.2857462167739868,1.1215916872024536,1.446934461593628,1.528866171836853,1.7522844076156616,2.0467846393585205,2.1299850940704346,2.392763137817383,2.751767635345459
A5,1.1622265577316284,0.8467594981193542,0.6569828391075134,0.38042837381362915,0.0,0.3917815685272217,0.5312833189964294,0.5279988646507263,0.8866833448410034,1.1171938180923462,1.441834807395935,1.6941001415252686,1.9589729309082031,2.182543992996216,2.5053141117095947,2.023108720779419,1.629415512084961,1.577803373336792,1.4447517395019531,1.0812186002731323,1.2673547267913818,1.2598062753677368,0.8933373093605042,1.0265862941741943,0.8444679379463196,1.1442315578460693,1.2510203123092651,1.3364217281341553,1.6984851360321045,1.968047857284546,0.9728851318359375,0.5788281559944153,0.6212248802185059,0.5903763175010681,0.4694840610027313,0.8224236369132996,0.7917603254318237,0.7205975651741028,1.1138261556625366,1.2871636152267456,1.5979256629943848,1.873447299003601,2.099705934524536,2.337355136871338,2.6790237426757812,1.8927968740463257,1.560558557510376,1.3723770380020142,1.061861515045166,0.7111847400665283,0.7832392454147339,1.0147489309310913,0.7917255759239197,0.928104043006897,0.9273392558097839,1.2997578382492065,1.3882255554199219,1.6686718463897705,1.964287281036377,2.182857036590576,1.4214496612548828,1.033878207206726,1.1240211725234985,1.1370575428009033,0.9080076813697815,1.2205841541290283,1.117551326751709,0.8767355680465698,1.2011103630065918,1.2423549890518188,1.5128874778747559,1.7727714776992798,1.882617712020874,2.174604654312134,2.5138370990753174
A6,1.3168617486953735,1.0703376531600952,0.7609275579452515,0.49320295453071594,0.3917815685272217,0.0,0.36802592873573303,0.5233665704727173,0.7237784266471863,1.0182461738586426,1.3096342086791992,1.5476138591766357,1.860141396522522,2.0374398231506348,2.3404769897460938,2.1227400302886963,1.7342027425765991,1.6915370225906372,1.6367088556289673,1.3062481880187988,1.4479701519012451,1.3468481302261353,0.9830096960067749,1.0331470966339111,0.8104039430618286,0.9997915029525757,1.1345034837722778,1.1287869215011597,1.4792935848236084,1.76997971534729,0.8251402974128723,0.455517441034317,0.5084306001663208,0.7030031681060791,0.6877245306968689,0.9144421815872192,0.7181138396263123,0.7036159634590149,1.0265032052993774,1.2505289316177368,1.4892064332962036,1.819210410118103,2.028169870376587,2.2215065956115723,2.5859811305999756,1.9972941875457764,1.6849232912063599,1.5391314029693604,1.1878526210784912,0.8928549289703369,1.0151231288909912,1.2975742816925049,1.1271543502807617,1.305422067642212,1.318178653717041,1.6893730163574219,1.7561845779418945,2.0339138507843018,2.3361871242523193,2.533644199371338,1.5954796075820923,1.2264512777328491,1.3894950151443481,1.3782497644424438,1.1624047756195068,1.518155813217163,1.4647899866104126,1.2349241971969604,1.5677586793899536,1.5812312364578247,1.8659790754318237,2.0938570499420166,2.185886859893799,2.5008933544158936,2.825608015060425
A7,1.1975619792938232,0.9469975233078003,0.6337689757347107,0.5778185129165649,0.5312833189964294,0.36802592873573303,0.0,0.3759249150753021,0.5669655799865723,0.914689302444458,1.1384798288345337,1.44320809841156,1.7233928442001343,1.8695238828659058,2.203268051147461,2.1600592136383057,1.7875468730926514,1.666753888130188,1.5843085050582886,1.255293846130371,1.2978748083114624,1.208756923675537,0.855173647403717,0.7747434973716736,0.47830334305763245,0.6586863398551941,0.7780147790908813,0.8356320261955261,1.181891679763794,1.4793468713760376,1.09414803981781,0.7313159108161926,0.873352587223053,1.0258296728134155,0.9112241268157959,1.1801207065582275,0.998680055141449,0.8544792532920837,1.167306661605835,1.2993241548538208,1.534710168838501,1.8593183755874634,2.0083606243133545,2.232548475265503,2.6023476123809814,2.1915204524993896,1.8457611799240112,1.7441073656082153,1.4352707862854004,1.0979156494140625,1.27219557762146,1.4987430572509766,1.2509723901748657,1.4203499555587769,1.3475791215896606,1.7139049768447876,1.7466137409210205,1.9727572202682495,2.3100364208221436,2.4960834980010986,1.3321588039398193,0.9827669858932495,1.17613685131073,1.1503053903579712,1.00341796875,1.3850417137145996,1.3651219606399536,1.2134604454040527,1.593224048614502,1.6792722940444946,1.9868464469909668,2.236341714859009,2.378582000732422,2.6775248050689697,3.007091522216797
A8,1.403518795967102,1.0758886337280273,0.8616723418235779,0.7748521566390991,0.5279988646507263,0.5233665704727173,0.3759249150753021,0.0,0.4031934440135956,0.6420286893844604,0.9295682907104492,1.2187278270721436,1.4679597616195679,1.6723926067352295,2.0104634761810303,1.7965350151062012,1.4282721281051636,1.2931886911392212,1.2131215333938599,0.8980843424797058,0.9558629393577576,0.852708637714386,0.4887634217739105,0.5289492011070251,0.4170883297920227,0.7233656048774719,0.955550491809845,1.1120357513427734,1.4121370315551758,1.7382241487503052,1.3392480611801147,0.9495964050292969,0.9641625285148621,0.9915174245834351,0.7493079304695129,0.996926486492157,0.8682569265365601,0.6045846939086914,0.9247691631317139,0.988416850566864,1.2685840129852295,1.555471420288086,1.7106657028198242,1.9676803350448608,2.3213813304901123,1.8988252878189087,1.5342501401901245,1.4727264642715454,1.215338945388794,0.8689646124839783,1.1285176277160645,1.2914948463439941,1.0261616706848145,1.2698781490325928,1.2321609258651733,1.6022793054580688,1.7075889110565186,1.9106723070144653,2.2509961128234863,2.4858531951904297,1.4127494096755981,1.042330265045166,1.1145333051681519,0.978114664554596,0.7400745153427124,1.1184744834899902,1.1668593883514404,0.9806221127510071,1.349111557006836,1.4204388856887817,1.760923981666565,1.9800093173980713,2.1576454639434814,2.465677261352539,2.7746071815490723
A9,1.7197930812835693,1.4270938634872437,1.1717164516448975,1.098250150680542,0.8866833448410034,0.7237784266471863,0.5669655799865723,0.4031934440135956,0.0,0.3730448782444,0.5902810096740723,0.8767303824424744,1.1655696630477905,1.3261988162994385,1.6516883373260498,1.767790675163269,1.4342410564422607,1.2899032831192017,1.3158698081970215,1.0896620750427246,1.0759717226028442,0.8435287475585938,0.5873556137084961,0.5012341141700745,0.49656155705451965,0.5989711880683899,0.9434186816215515,1.0606321096420288,1.2831372022628784,1.6520603895187378,1.5228511095046997,1.1760249137878418,1.1555334329605103,1.2511135339736938,1.0389708280563354,1.1753913164138794,0.9538165926933289,0.6864704489707947,0.8402308821678162,0.8665367960929871,1.0432171821594238,1.3674062490463257,1.4688358306884766,1.6946362257003784,2.0664432048797607,1.9597351551055908,1.614250659942627,1.6308315992355347,1.3839482069015503,1.102985143661499,1.4135032892227173,1.5831294059753418,1.3577381372451782,1.644323468208313,1.6274971961975098,1.995062232017517,2.1061859130859375,2.2943050861358643,2.6419472694396973,2.8765785694122314,1.6753846406936646,1.3412965536117554,1.4316902160644531,1.2421774864196777,1.0255024433135986,1.392282247543335,1.5093536376953125,1.3340667486190796,1.685213565826416,1.7283921241760254,2.0866730213165283,2.2636361122131348,2.4448320865631104,2.7728030681610107,3.0570685863494873
A10,2.0239028930664062,1.6984822750091553,1.4876176118850708,1.3962560892105103,1.1171938180923462,1.0182461738586426,0.914689302444458,0.6420286893844604,0.3730448782444,0.0,0.3805990517139435,0.5855833888053894,0.8497006893157959,1.0809917449951172,1.3948619365692139,1.4414530992507935,1.1421455144882202,0.9849624037742615,1.0902881622314453,0.9624338150024414,0.9354518055915833,0.6152456998825073,0.5121610760688782,0.5508818626403809,0.755721390247345,0.8682734370231628,1.2403358221054077,1.396420955657959,1.571630597114563,1.9489961862564087,1.8188499212265015,1.470439076423645,1.3760364055633545,1.3986895084381104,1.1325973272323608,1.1873915195465088,1.0078154802322388,0.6852150559425354,0.6992806792259216,0.5806214213371277,0.7423461079597473,1.0270602703094482,1.1085891723632812,1.3628759384155273,1.722641944885254,1.7515095472335815,1.4106770753860474,1.5081110000610352,1.3351563215255737,1.1098252534866333,1.4753884077072144,1.5834695100784302,1.3826332092285156,1.7208573818206787,1.7421420812606812,2.0943307876586914,2.2584104537963867,2.4239253997802734,2.7654836177825928,3.0339226722717285,1.9074805974960327,1.5779337882995605,1.5904791355133057,1.3228647708892822,1.0630781650543213,1.3729478120803833,1.5617154836654663,1.3727188110351562,1.674923062324524,1.6856768131256104,2.0599067211151123,2.1842055320739746,2.389986276626587,2.725484848022461,2.9752213954925537
A11,2.2218735218048096,1.9219554662704468,1.708064079284668,1.6774784326553345,1.441834807395935,1.3096342086791992,1.1384798288345337,0.9295682907104492,0.5902810096740723,0.3805990517139435,0.0,0.38261836767196655,0.6018639206886292,0.7439804077148438,1.0885937213897705,1.6015645265579224,1.3715969324111938,1.1638705730438232,1.2961159944534302,1.2306945323944092,1.0940645933151245,0.7624863386154175,0.7840629816055298,0.6498000621795654,0.8807012438774109,0.8510245084762573,1.2320802211761475,1.394208312034607,1.4764822721481323,1.8551642894744873,2.0975773334503174,1.7620654106140137,1.7048126459121704,1.764209270477295,1.5066592693328857,1.5647281408309937,1.3653444051742554,1.0617965459823608,1.0202767848968506,0.8503865599632263,0.87575763463974,1.1229660511016846,1.0743780136108398,1.3140537738800049,1.670112133026123,2.045626163482666,1.719401240348816,1.858304738998413,1.7067139148712158,1.4894930124282837,1.8546773195266724,1.9554873704910278,1.7390358448028564,2.0659518241882324,2.0523715019226074,2.3954885005950928,2.537781238555908,2.671032190322876,3.0280873775482178,3.2850944995880127,2.0165164470672607,1.7349247932434082,1.7613990306854248,1.4733487367630005,1.2855075597763062,1.578656792640686,1.8034461736679077,1.669622540473938,1.9795417785644531,2.02001953125,2.3978264331817627,2.5192291736602783,2.7441189289093018,3.0730819702148438,3.3144519329071045
A12,2.5697948932647705,2.2598824501037598,2.0385372638702393,1.9599640369415283,1.6941001415252686,1.5476138591766357,1.44320809841156,1.2187278270721436,0.8767303824424744,0.5855833888053894,0.38261836767196655,0.0,0.3797522187232971,0.5665102005004883,0.8223657608032227,1.4613758325576782,1.2932568788528442,1.1442246437072754,1.3822581768035889,1.3977588415145874,1.303429126739502,0.9403910636901855,1.0325989723205566,1.0013892650604248,1.2442100048065186,1.2181354761123657,1.6005299091339111,1.728378415107727,1.7917250394821167,2.17374587059021,2.302919626235962,1.9905216693878174,1.8712290525436401,1.9172859191894531,1.6720532178878784,1.6425120830535889,1.4403400421142578,1.1739997863769531,0.9957955479621887,0.7844653725624084,0.6504170894622803,0.8572559356689453,0.7516005635261536,0.9466187357902527,1.3071422576904297,1.9366761445999146,1.6590029001235962,1.8589037656784058,1.745514988899231,1.605556607246399,1.9849201440811157,2.072366714477539,1.9104375839233398,2.2703399658203125,2.306119203567505,2.646453380584717,2.8240015506744385,2.966364860534668,3.3108744621276855,3.5874409675598145,2.389247417449951,2.0964653491973877,2.1024537086486816,1.7963478565216064,1.5708850622177124,1.8304498195648193,2.0743181705474854,1.905753254890442,2.172395944595337,2.159557819366455,2.535243272781372,2.603283166885376,2.817232370376587,3.1603777408599854,3.367258071899414
A13,2.782285690307617,2.4613115787506104,2.2800872325897217,2.2359001636505127,1.9589729309082031,1.860141396522522,1.7233928442001343,1.4679597616195679,1.1655696630477905,0.8497006893157959,0.6018639206886292,0.3797522187232971,0.0,0.37944403290748596,0.6438044309616089,1.4055908918380737,1.3255252838134766,1.1201871633529663,1.3675082921981812,1.467538595199585,1.3062876462936401,0.9705238342285156,1.1809583902359009,1.142351746559143,1.444762945175171,1.4247976541519165,1.7917838096618652,1.9690399169921875,1.9976954460144043,2.3647959232330322,2.6432363986968994,2.3114631175994873,2.1994082927703857,2.2081127166748047,1.925389289855957,1.905107021331787,1.75008225440979,1.4525556564331055,1.2823331356048584,0.9930793642997742,0.8698172569274902,0.9207611083984375,0.6801411509513855,0.9265141487121582,1.215405821800232,2.054816722869873,1.7824786901474,2.0255661010742188,1.9746809005737305,1.8380200862884521,2.2260308265686035,2.2628684043884277,2.0856986045837402,2.44317364692688,2.4629030227661133,2.7779407501220703,2.9666712284088135,3.067948579788208,3.4135637283325195,3.7009410858154297,2.5072591304779053,2.244913101196289,2.205183267593384,1.8607193231582642,1.6662983894348145,1.866302251815796,2.1553308963775635,2.0273256301879883,2.2663662433624268,2.2732341289520264,2.6476237773895264,2.696948289871216,2.944765567779541,3.270561456680298,3.45630145072937
A14,2.9260289669036865,2.6365749835968018,2.4329845905303955,2.419316291809082,2.182543992996216,2.0374398231506348,1.8695238828659058,1.6723926067352295,1.3261988162994385,1.0809917449951172,0.7439804077148438,0.5665102005004883,0.37944403290748596,0.0,0.3874680995941162,1.7751704454421997,1.7022556066513062,1.4960352182388306,1.7224617004394531,1.7964407205581665,1.6019037961959839,1.278892159461975,1.4534695148468018,1.3242361545562744,1.581565260887146,1.4694228172302246,1.8127655982971191,1.958279013633728,1.9154925346374512,2.2661209106445312,2.79683780670166,2.483987331390381,2.4043266773223877,2.4633712768554688,2.204361915588379,2.199705123901367,2.003269910812378,1.724517822265625,1.5597864389419556,1.317125916481018,1.1522266864776611,1.2391095161437988,0.9669083952903748,1.1105583906173706,1.3819751739501953,2.408428192138672,2.1436049938201904,2.376190185546875,2.294785737991333,2.1438872814178467,2.526074171066284,2.5918169021606445,2.4017558097839355,2.7477495670318604,2.742835760116577,3.065889835357666,3.2247703075408936,3.321025848388672,3.6793885231018066,3.9468541145324707,2.6315579414367676,2.39965558052063,2.3999576568603516,2.0734293460845947,1.923636555671692,2.146257162094116,2.4277701377868652,2.322901487350464,2.590311050415039,2.6170265674591064,2.99432110786438,3.060614585876465,3.3051068782806396,3.632772922515869,3.82749605178833
A15,3.293184757232666,3.0039918422698975,2.787376880645752,2.7498130798339844,2.5053141117095947,2.3404769897460938,2.203268051147461,2.0104634761810303,1.6516883373260498,1.3948619365692139,1.0885937213897705,0.8223657608032227,0.6438044309616089,0.3874680995941162,0.0,1.8993761539459229,1.8841036558151245,1.7260066270828247,2.000941514968872,2.110170602798462,1.9406075477600098,1.610120177268982,1.7948497533798218,1.697392463684082,1.9488881826400757,1.8273848295211792,2.170262575149536,2.284928798675537,2.222010612487793,2.5667991638183594,3.0696418285369873,2.778076648712158,2.6700327396392822,2.734241247177124,2.492091417312622,2.440838098526001,2.236518383026123,1.9904959201812744,1.76504647731781,1.5303846597671509,1.2850929498672485,1.3150725364685059,0.9931014180183411,1.0141831636428833,1.22145676612854,2.5330886840820312,2.3155925273895264,2.579620838165283,2.516946792602539,2.4116697311401367,2.79504132270813,2.860130786895752,2.702697515487671,3.0640981197357178,3.0848565101623535,3.409062147140503,3.5833122730255127,3.6867001056671143,4.039642810821533,4.315345287322998,3.0174617767333984,2.780874252319336,2.7809441089630127,2.450573444366455,2.2845094203948975,2.496821880340576,2.7837884426116943,2.660606861114502,2.9081320762634277,2.9048843383789062,3.2780721187591553,3.3118906021118164,3.5450074672698975,3.880436420440674,4.050577640533447
B1,3.026784896850586,2.6362833976745605,2.568956136703491,2.4012889862060547,2.023108720779419,2.1227400302886963,2.1600592136383057,1.7965350151062012,1.767790675163269,1.4414530992507935,1.6015645265579224,1.4613758325576782,1.4055908918380737,1.7751704454421997,1.8993761539459229,0.0,0.39727672934532166,0.5758797526359558,0.8760964870452881,1.1721211671829224,1.3078707456588745,1.1827539205551147,1.3994154930114746,1.7187870740890503,2.021408796310425,2.249628782272339,2.5888490676879883,2.8039815425872803,2.992905616760254,3.3598439693450928,2.802380323410034,2.4742491245269775,2.2272167205810547,2.006669759750366,1.7025142908096313,1.5444145202636719,1.6573878526687622,1.4409449100494385,1.2704380750656128,0.9895491003990173,1.091108798980713,0.8032717704772949,0.9682509303092957,1.2262226343154907,1.2849044799804688,0.9674092531204224,0.8111463785171509,1.1644967794418335,1.400822401046753,1.4698253870010376,1.775334119796753,1.6179779767990112,1.611668348312378,1.967348337173462,2.1416237354278564,2.3533976078033447,2.681014060974121,2.789926528930664,3.02815318107605,3.3921916484832764,2.8642771244049072,2.542987585067749,2.3514440059661865,2.018599510192871,1.699399471282959,1.6898813247680664,1.94325590133667,1.7225444316864014,1.7001441717147827,1.5385823249816895,1.8180327415466309,1.6838194131851196,1.9227855205535889,2.218778133392334,2.2896971702575684
B2,2.6572680473327637,2.2696704864501953,2.190014362335205,2.008504629135132,1.629415512084961,1.7342027425765991,1.7875468730926514,1.4282721281051636,1.4342410564422607,1.1421455144882202,1.3715969324111938,1.2932568788528442,1.3255252838134766,1.7022556066513062,1.8841036558151245,0.39727672934532166,0.0,0.3772338330745697,0.657711386680603,0.8579098582267761,1.0611354112625122,0.9251492023468018,1.0661176443099976,1.4187732934951782,1.6886100769042969,1.9396085739135742,2.2692368030548096,2.4711644649505615,2.6877329349517822,3.0515027046203613,2.409780979156494,2.0787527561187744,1.836687684059143,1.6172465085983276,1.3077155351638794,1.1651476621627808,1.2808126211166382,1.0549014806747437,0.9308748841285706,0.6797100901603699,0.8930774331092834,0.7397211194038391,0.9914658069610596,1.2731422185897827,1.4386018514633179,0.8547171354293823,0.5605269074440002,0.8709407448768616,1.0472815036773682,1.0797237157821655,1.402388095855713,1.275877594947815,1.2515240907669067,1.6251251697540283,1.8022276163101196,2.0455234050750732,2.360812187194824,2.5004963874816895,2.7513346672058105,3.1046669483184814,2.546234130859375,2.2061281204223633,2.0390639305114746,1.7302054166793823,1.3838659524917603,1.4256459474563599,1.6482024192810059,1.3922966718673706,1.4138550758361816,1.2511634826660156,1.5667940378189087,1.4915887117385864,1.7216601371765137,2.046069622039795,2.177030563354492
B3,2.5105669498443604,2.1222498416900635,2.059993028640747,1.9425568580627441,1.577803373336792,1.6915370225906372,1.666753888130188,1.2931886911392212,1.2899032831192017,0.9849624037742615,1.1638705730438232,1.1442246437072754,1.1201871633529663,1.4960352182388306,1.7260066270828247,0.5758797526359558,0.3772338330745697,0.0,0.39379531145095825,0.6629781126976013,0.7463768124580383,0.6143693923950195,0.8519322872161865,1.1632916927337646,1.4754505157470703,1.7188947200775146,2.0417215824127197,2.2827939987182617,2.475506067276001,2.830784797668457,2.438375949859619,2.0751900672912598,1.8929080963134766,1.7011960744857788,1.3494858741760254,1.308577299118042,1.3873906135559082,1.0807300806045532,1.0270336866378784,0.7084379196166992,0.9467397332191467,0.8401029706001282,0.9730645418167114,1.3229765892028809,1.5147186517715454,1.2234892845153809,0.8953441381454468,1.137650489807129,1.252722978591919,1.1685274839401245,1.516648769378662,1.3986715078353882,1.270287036895752,1.6280162334442139,1.7298821210861206,1.9766594171524048,2.2636501789093018,2.3640239238739014,2.645312786102295,2.9896938800811768,2.3046562671661377,1.9911341667175293,1.809496521949768,1.4646953344345093,1.1542671918869019,1.1891441345214844,1.4660425186157227,1.274027705192566,1.3514833450317383,1.2884653806686401,1.6337823867797852,1.624524712562561,1.9030401706695557,2.203436851501465,2.364672899246216
B4,2.26263165473938,1.870455265045166,1.869861364364624,1.7919563055038452,1.4447517395019531,1.6367088556289673,1.5843085050582886,1.2131215333938599,1.3158698081970215,1.0902881622314453,1.2961159944534302,1.3822581768035889,1.3675082921981812,1.7224617004394531,2.000941514968872,0.8760964870452881,0.657711386680603,0.39379531145095825,0.0,0.3815676271915436,0.48477423191070557,0.5697095394134521,0.7631542086601257,1.0848407745361328,1.3716250658035278,1.6670578718185425,1.938631296157837,2.214094400405884,2.431039810180664,2.7599241733551025,2.3742241859436035,1.9935390949249268,1.8586933612823486,1.6345539093017578,1.2578858137130737,1.3147573471069336,1.4453916549682617,1.124049186706543,1.2060641050338745,0.9522490501403809,1.2610942125320435,1.2178122997283936,1.3472226858139038,1.7050211429595947,1.9050674438476562,1.392114520072937,1.0321695804595947,1.1668777465820312,1.2734735012054443,1.1132768392562866,1.4176164865493774,1.2592865228652954,1.0618728399276733,1.3692649602890015,1.425175666809082,1.642315149307251,1.925581693649292,1.9966410398483276,2.2779064178466797,2.623626470565796,2.0215954780578613,1.7258868217468262,1.4967533349990845,1.1582266092300415,0.8662798404693604,0.8207054138183594,1.1061638593673706,0.9583612084388733,1.0213934183120728,1.0349781513214111,1.3797959089279175,1.4300447702407837,1.7461446523666382,2.012183427810669,2.2076828479766846
B5,1.8924922943115234,1.4990200996398926,1.4969887733459473,1.4189091920852661,1.0812186002731323,1.3062481880187988,1.255293846130371,0.8980843424797058,1.0896620750427246,0.9624338150024414,1.2306945323944092,1.3977588415145874,1.467538595199585,1.7964407205581665,2.110170602798462,1.1721211671829224,0.8579098582267761,0.6629781126976013,0.3815676271915436,0.0,0.39127328991889954,0.5323973298072815,0.519536554813385,0.8727666139602661,1.0882564783096313,1.4247294664382935,1.6643848419189453,1.9282699823379517,2.181450843811035,2.4979677200317383,2.0309693813323975,1.644273042678833,1.5431811809539795,1.3270350694656372,0.9445334076881409,1.0887361764907837,1.2153916358947754,0.8931944966316223,1.0931471586227417,0.9351051449775696,1.296062707901001,1.3611973524093628,1.5275105237960815,1.8686349391937256,2.1214945316314697,1.4726277589797974,1.0834252834320068,1.1051275730133057,1.1082942485809326,0.8557803630828857,1.1448631286621094,1.0352790355682373,0.7652549743652344,1.067455530166626,1.095733642578125,1.3592393398284912,1.6167857646942139,1.7259193658828735,2.026510715484619,2.3550899028778076,1.71193528175354,1.3891912698745728,1.1863821744918823,0.8882811665534973,0.5412772297859192,0.5978701710700989,0.8218131065368652,0.6261719465255737,0.7995266914367676,0.8624178767204285,1.2330973148345947,1.3728288412094116,1.6613694429397583,1.9367997646331787,2.189025640487671
B6,1.9229549169540405,1.5460542440414429,1.5501431226730347,1.5601589679718018,1.2673547267913818,1.4479701519012451,1.2978748083114624,0.9558629393577576,1.0759717226028442,0.9354518055915833,1.0940645933151245,1.303429126739502,1.3062876462936401,1.6019037961959839,1.9406075477600098,1.3078707456588745,1.0611354112625122,0.7463768124580383,0.48477423191070557,0.39127328991889954,0.0,0.36691153049468994,0.5132101774215698,0.7061384320259094,0.9907888770103455,1.2815204858779907,1.5160142183303833,1.8256092071533203,2.027735710144043,2.3354437351226807,2.2247185707092285,1.8253886699676514,1.7798603773117065,1.6238446235656738,1.2474634647369385,1.4206006526947021,1.479254126548767,1.1202224493026733,1.2927687168121338,1.0734316110610962,1.3816379308700562,1.4439693689346313,1.515006184577942,1.8795725107192993,2.1334190368652344,1.7946796417236328,1.4098671674728394,1.4795916080474854,1.4705009460449219,1.1976003646850586,1.4983385801315308,1.415687918663025,1.1152939796447754,1.3708982467651367,1.3105199337005615,1.5582678318023682,1.7613370418548584,1.8104544878005981,2.1424269676208496,2.4498746395111084,1.5952906608581543,1.3238286972045898,1.1137298345565796,0.739309549331665,0.5116821527481079,0.5679308176040649,0.8897631764411926,0.8450155854225159,1.0648704767227173,1.209774374961853,1.5631338357925415,1.7162978649139404,2.026052951812744,2.2782201766967773,2.5258848667144775
B7,2.0507946014404297,1.6819772720336914,1.6026824712753296,1.571575403213501,1.2598062753677368,1.3468481302261353,1.208756923675537,0.852708637714386,0.8435287475585938,0.6152456998825073,0.7624863386154175,0.9403910636901855,0.9705238342285156,1.278892159461975,1.610120177268982,1.1827539205551147,0.9251492023468018,0.6143693923950195,0.5697095394134521,0.5323973298072815,0.36691153049468994,0.0,0.37321051955223083,0.5701561570167542,0.911707878112793,1.145399808883667,1.4515947103500366,1.7231183052062988,1.9028266668319702,2.2445716857910156,2.1577608585357666,1.7686939239501953,1.6892162561416626,1.5821144580841064,1.2221181392669678,1.3310892581939697,1.3176064491271973,0.9447212815284729,1.0351594686508179,0.7782444357872009,1.046750545501709,1.138874888420105,1.1938155889511108,1.5477954149246216,1.8282170295715332,1.6947177648544312,1.3184157609939575,1.440131664276123,1.3982433080673218,1.1541287899017334,1.5097377300262451,1.4825255870819092,1.2260793447494507,1.54347825050354,1.5304553508758545,1.8222379684448242,2.0248358249664307,2.1156797409057617,2.451385021209717,2.752331018447876,1.7795490026474,1.4828169345855713,1.3515948057174683,0.9943382740020752,0.7359480261802673,0.9097381830215454,1.193893551826477,1.075149655342102,1.3182934522628784,1.3890557289123535,1.7631118297576904,1.8819657564163208,2.1618988513946533,2.453603506088257,2.6885054111480713
B8,1.733960747718811,1.3671648502349854,1.2551348209381104,1.2014076709747314,0.8933373093605042,0.9830096960067749,0.855173647403717,0.4887634217739105,0.5873556137084961,0.5121610760688782,0.7840629816055298,1.0325989723205566,1.1809583902359009,1.4534695148468018,1.7948497533798218,1.3994154930114746,1.0661176443099976,0.8519322872161865,0.7631542086601257,0.519536554813385,0.5132101774215698,0.37321051955223083,0.0,0.40297597646713257,0.6361407041549683,0.9353041648864746,1.2227435111999512,1.4643430709838867,1.6989850997924805,2.0370705127716064,1.7914108037948608,1.399225115776062,1.3427670001983643,1.2600033283233643,0.9157851338386536,1.0875959396362305,1.0497140884399414,0.6831304430961609,0.8949712514877319,0.7721078395843506,1.087792158126831,1.2781809568405151,1.4004502296447754,1.7158628702163696,2.0334675312042236,1.7018040418624878,1.3152782917022705,1.347236156463623,1.2139568328857422,0.9081238508224487,1.2448999881744385,1.283218502998352,1.0049585103988647,1.3104379177093506,1.2909821271896362,1.6230387687683105,1.798132061958313,1.938185691833496,2.2787020206451416,2.560289144515991,1.5670596361160278,1.2281075716018677,1.1562789678573608,0.8686580657958984,0.5635820031166077,0.8659595847129822,1.0544745922088623,0.8870983719825745,1.2013752460479736,1.2755836248397827,1.648640751838684,1.8175008296966553,2.059122085571289,2.3612987995147705,2.633256673812866
B9,1.6523240804672241,1.3311554193496704,1.1893750429153442,1.2370142936706543,1.0265862941741943,1.0331470966339111,0.7747434973716736,0.5289492011070251,0.5012341141700745,0.5508818626403809,0.6498000621795654,1.0013892650604248,1.142351746559143,1.3242361545562744,1.697392463684082,1.7187870740890503,1.4187732934951782,1.1632916927337646,1.0848407745361328,0.8727666139602661,0.7061384320259094,0.5701561570167542,0.40297597646713257,0.0,0.370089054107666,0.5867405533790588,0.8825584053993225,1.158952236175537,1.347235083580017,1.6819703578948975,1.8441473245620728,1.460116982460022,1.489050030708313,1.4963983297348022,1.1997568607330322,1.4079713821411133,1.2969926595687866,0.9569750428199768,1.1508066654205322,1.039425015449524,1.2714508771896362,1.498978614807129,1.5423709154129028,1.8441462516784668,2.1802899837493896,2.0848143100738525,1.7042746543884277,1.7398878335952759,1.572648286819458,1.2495356798171997,1.5604325532913208,1.639561653137207,1.3372957706451416,1.590104341506958,1.4966119527816772,1.8263109922409058,1.9307849407196045,2.044107437133789,2.410790205001831,2.6529643535614014,1.3991080522537231,1.1070953607559204,1.1116420030593872,0.8414576649665833,0.6970513463020325,1.0322394371032715,1.2127861976623535,1.1412172317504883,1.4990155696868896,1.6293865442276,1.991591215133667,2.190943717956543,2.4343056678771973,2.7245965003967285,3.0102858543395996
B10,1.3467967510223389,1.063839077949524,0.86813884973526,0.9587932229042053,0.8444679379463196,0.8104039430618286,0.47830334305763245,0.4170883297920227,0.49656155705451965,0.755721390247345,0.8807012438774109,1.2442100048065186,1.444762945175171,1.581565260887146,1.9488881826400757,2.021408796310425,1.6886100769042969,1.4754505157470703,1.3716250658035278,1.0882564783096313,0.9907888770103455,0.911707878112793,0.6361407041549683,0.370089054107666,0.0,0.37910935282707214,0.5939436554908752,0.845698356628418,1.099710464477539,1.4162769317626953,1.569928526878357,1.1984567642211914,1.3071973323822021,1.3790169954299927,1.1492247581481934,1.4131813049316406,1.2711906433105469,0.9982538819313049,1.2617340087890625,1.2539186477661133,1.4868180751800537,1.7654688358306885,1.8404144048690796,2.111379861831665,2.467150926589966,2.2612838745117188,1.8858668804168701,1.856142520904541,1.6240816116333008,1.2726233005523682,1.5217026472091675,1.6612251996994019,1.3545185327529907,1.5496149063110352,1.423300862312317,1.7662837505340576,1.810884952545166,1.9558151960372925,2.3240292072296143,2.527355670928955,1.1909723281860352,0.884311854839325,1.0061414241790771,0.8656424283981323,0.7819279432296753,1.1590514183044434,1.2372273206710815,1.171782374382019,1.5648607015609741,1.7101171016693115,2.0482230186462402,2.2899279594421387,2.498784065246582,2.7838549613952637,3.0986123085021973
B11,1.5183155536651611,1.3099684715270996,1.070419192314148,1.192626953125,1.1442315578460693,0.9997915029525757,0.6586863398551941,0.7233656048774719,0.5989711880683899,0.8682734370231628,0.8510245084762573,1.2181354761123657,1.4247976541519165,1.4694228172302246,1.8273848295211792,2.249628782272339,1.9396085739135742,1.7188947200775146,1.6670578718185425,1.4247294664382935,1.2815204858779907,1.145399808883667,0.9353041648864746,0.5867405533790588,0.37910935282707214,0.0,0.38567090034484863,0.5981301665306091,0.7660338878631592,1.114585280418396,1.6939433813095093,1.369437575340271,1.5043847560882568,1.6507729291915894,1.4643598794937134,1.6932438611984253,1.488782286643982,1.244546890258789,1.4391584396362305,1.4320087432861328,1.5840166807174683,1.88655686378479,1.9085497856140137,2.1445391178131104,2.5113203525543213,2.5299580097198486,2.1670684814453125,2.1644375324249268,1.916715145111084,1.5876201391220093,1.843440055847168,2.010187864303589,1.7202562093734741,1.9184279441833496,1.787940502166748,2.1276352405548096,2.1430845260620117,2.2787063121795654,2.6515302658081055,2.8285598754882812,1.3445521593093872,1.1110705137252808,1.2927329540252686,1.1705470085144043,1.140990138053894,1.5036944150924683,1.5966721773147583,1.550264835357666,1.9430187940597534,2.0833683013916016,2.4245612621307373,2.6590681076049805,2.8625831604003906,3.1555676460266113,3.467319965362549
B12,1.2963387966156006,1.1737080812454224,0.957011878490448,1.18659245967865,1.2510203123092651,1.1345034837722778,0.7780147790908813,0.955550491809845,0.9434186816215515,1.2403358221054077,1.2320802211761475,1.6005299091339111,1.7917838096618652,1.8127655982971191,2.170262575149536,2.5888490676879883,2.2692368030548096,2.0417215824127197,1.938631296157837,1.6643848419189453,1.5160142183303833,1.4515947103500366,1.2227435111999512,0.8825584053993225,0.5939436554908752,0.38567090034484863,0.0,0.3790731430053711,0.5757684707641602,0.8369959592819214,1.6998111009597778,1.4078904390335083,1.629050850868225,1.796740174293518,1.6481096744537354,1.92657470703125,1.7391629219055176,1.528234839439392,1.770501732826233,1.7892659902572632,1.9607160091400146,2.264720916748047,2.291374683380127,2.5300378799438477,2.8963232040405273,2.8377723693847656,2.469362735748291,2.4268226623535156,2.1630895137786865,1.8119170665740967,2.0118567943573,2.188384771347046,1.8801558017730713,2.008256435394287,1.822247862815857,2.135774850845337,2.081979751586914,2.2017335891723633,2.5730714797973633,2.701721429824829,1.1155946254730225,0.9614726901054382,1.2246233224868774,1.209187388420105,1.2777460813522339,1.6208875179290771,1.6534645557403564,1.6649417877197266,2.0655224323272705,2.247527599334717,2.5606706142425537,2.8338215351104736,3.030024290084839,3.2985305786132812,3.632082939147949
B13,1.3670527935028076,1.3139008283615112,1.0265828371047974,1.2090017795562744,1.3364217281341553,1.1287869215011597,0.8356320261955261,1.1120357513427734,1.0606321096420288,1.396420955657959,1.394208312034607,1.728378415107727,1.9690399169921875,1.958279013633728,2.284928798675537,2.8039815425872803,2.4711644649505615,2.2827939987182617,2.214094400405884,1.9282699823379517,1.8256092071533203,1.7231183052062988,1.4643430709838867,1.158952236175537,0.845698356628418,0.5981301665306091,0.3790731430053711,0.0,0.38320863246917725,0.6464885473251343,1.5530304908752441,1.33293879032135,1.5796455144882202,1.8215117454528809,1.746441125869751,1.9995648860931396,1.76594877243042,1.6236963272094727,1.846566915512085,1.9262945652008057,2.061566114425659,2.4009063243865967,2.4427435398101807,2.6376991271972656,3.0175540447235107,2.9697952270507812,2.621974468231201,2.5617475509643555,2.257437229156494,1.9288543462753296,2.101547956466675,2.3275468349456787,2.0551095008850098,2.1794309616088867,2.0207302570343018,2.346050262451172,2.2766525745391846,2.4359703063964844,2.7921602725982666,2.898648500442505,1.3653032779693604,1.2117797136306763,1.5201163291931152,1.544114589691162,1.574699878692627,1.9367045164108276,1.9396241903305054,1.9101070165634155,2.310214042663574,2.4596405029296875,2.7640583515167236,3.0353636741638184,3.195927858352661,3.4773852825164795,3.8161118030548096
