,A1,A2,A3,A4,A5,A6,A7,A8,A9,A10,A11,A12,A13,A14,A15,B1,B2,B3,B4,B5,B6,B7,B8,B9,B10,B11,B12,B13,B14,B15,C1,C2,C3,C4,C5,C6,C7,C8,C9,C10,C11,C12,C13,C14,C15,D1,D2,D3,D4,D5,D6,D7,D8,D9,D10,D11,D12,D13,D14,D15,E1,E2,E3,E4,E5,E6,E7,E8,E9,E10,E11,E12,E13,E14,E15
A1,0.0,0.3902479410171509,0.6008164286613464,0.8325970768928528,1.1152898073196411,1.3610060214996338,1.6427677869796753,1.8950437307357788,2.221463680267334,2.2693872451782227,2.2516396045684814,1.9642153978347778,2.0018556118011475,1.6750831604003906,1.7358726263046265,1.9122778177261353,1.6935036182403564,1.9980847835540771,1.9909193515777588,1.9985483884811401,2.2350234985351562,2.201591730117798,2.537257194519043,2.5747122764587402,2.820139169692993,2.7896342277526855,2.7109100818634033,2.719118118286133,2.4572529792785645,2.7262072563171387,3.454366445541382,3.1010117530822754,3.1793739795684814,3.250171661376953,2.9323434829711914,3.161353588104248,2.9113240242004395,3.149352788925171,3.027482748031616,2.9547650814056396,2.6073174476623535,2.7205283641815186,2.527916431427002,2.429241418838501,2.703373670578003,3.3300111293792725,3.021951198577881,2.951005697250366,3.0235202312469482,2.690002202987671,2.8850536346435547,2.620140314102173,2.81892728805542,2.668863296508789,2.614501953125,2.281416893005371,2.4439873695373535,2.2344937324523926,2.311659574508667,2.452354669570923,2.57774019241333,2.4329538345336914,2.162405014038086,2.2995448112487793,2.0421907901763916,2.1472067832946777,2.078474283218384,2.1151349544525146,2.172907829284668,1.8505045175552368,1.5664689540863037,1.469341516494751,1.144534707069397,1.3092907667160034,1.1532071828842163
A2,0.3902479410171509,0.0,0.38701924681663513,0.6059055328369141,0.8080344200134277,1.1069042682647705,1.3364907503128052,1.628535509109497,1.922265648841858,1.984110951423645,1.9409263134002686,1.682686448097229,1.7240341901779175,1.396043062210083,1.5240665674209595,1.7991069555282593,1.5191242694854736,1.7770068645477295,1.7584580183029175,1.7080339193344116,1.9472144842147827,1.8777306079864502,2.217848777770996,2.238975763320923,2.470017910003662,2.420037031173706,2.3543927669525146,2.356039047241211,2.1111974716186523,2.3953545093536377,3.1406736373901367,2.7765069007873535,2.832205295562744,2.8886797428131104,2.5615625381469727,2.780003070831299,2.5252532958984375,2.7595980167388916,2.640188217163086,2.567748785018921,2.222447156906128,2.3361496925354004,2.156393051147461,2.0648045539855957,2.3545799255371094,2.969973087310791,2.6525068283081055,2.5782697200775146,2.6390228271484375,2.3049533367156982,2.5008254051208496,2.2386393547058105,2.449808359146118,2.312828302383423,2.272677183151245,1.9450929164886475,2.095552444458008,1.8966089487075806,1.9554541110992432,2.121595859527588,2.3320980072021484,2.1451263427734375,1.8883748054504395,2.008826971054077,1.724966287612915,1.8504399061203003,1.754019021987915,1.8281842470169067,1.8765943050384521,1.5804767608642578,1.265058994293213,1.1751148700714111,0.8301650881767273,0.9779250621795654,0.9000251889228821
A3,0.6008164286613464,0.38701924681663513,0.0,0.38334769010543823,0.5552946329116821,0.835078775882721,1.0937904119491577,1.3467947244644165,1.6705825328826904,1.6857682466506958,1.6552493572235107,1.3634835481643677,1.414597988128662,1.1092257499694824,1.2112056016921997,1.5542017221450806,1.266967535018921,1.5137187242507935,1.4450104236602783,1.4339340925216675,1.6443756818771362,1.6105316877365112,1.9418708086013794,1.996360182762146,2.2455086708068848,2.2431139945983887,2.1543636322021484,2.201340436935425,1.9516432285308838,2.2428085803985596,2.9213507175445557,2.563591957092285,2.661278009414673,2.715036392211914,2.412139892578125,2.6544294357299805,2.4189465045928955,2.690891981124878,2.6042320728302,2.5726399421691895,2.2495555877685547,2.335866689682007,2.184514045715332,2.0424718856811523,2.351550817489624,3.0765371322631836,2.7336912155151367,2.65366530418396,2.6590092182159424,2.3140320777893066,2.464524507522583,2.1663899421691895,2.353635787963867,2.1631429195404053,2.154534339904785,1.8602443933486938,2.065974712371826,1.9305615425109863,2.0212342739105225,2.2364282608032227,2.5387604236602783,2.316439628601074,2.0425336360931396,2.094956874847412,1.7773314714431763,1.8424749374389648,1.6874678134918213,1.710859775543213,1.6888970136642456,1.3750157356262207,1.0566753149032593,1.0686917304992676,0.803773045539856,1.0676878690719604,1.0840709209442139
A4,0.8325970768928528,0.6059055328369141,0.38334769010543823,0.0,0.37721574306488037,0.5317688584327698,0.8337683081626892,1.068360447883606,1.398367166519165,1.4707956314086914,1.5109119415283203,1.2543091773986816,1.4049537181854248,1.1722052097320557,1.3383761644363403,1.809324860572815,1.4948890209197998,1.6771130561828613,1.527998924255371,1.4748101234436035,1.610783338546753,1.518169641494751,1.8144028186798096,1.8089599609375,2.0945515632629395,2.123310089111328,2.08781361579895,2.182845115661621,1.9886722564697266,2.3159656524658203,2.9583473205566406,2.5880467891693115,2.6727559566497803,2.6724603176116943,2.3625600337982178,2.568707227706909,2.304579496383667,2.5692594051361084,2.449923515319824,2.4629297256469727,2.1691370010375977,2.296790599822998,2.205320358276367,2.0957775115966797,2.4371352195739746,3.032670497894287,2.6924142837524414,2.561383008956909,2.544574499130249,2.1819393634796143,2.291219472885132,1.9784293174743652,2.1200599670410156,1.914607286453247,1.866121530532837,1.5644848346710205,1.7993626594543457,1.6807125806808472,1.831266164779663,2.0449881553649902,2.354567527770996,2.1302008628845215,1.8240278959274292,1.8276002407073975,1.5144546031951904,1.5251110792160034,1.3797614574432373,1.3611125946044922,1.361701250076294,1.0311771631240845,0.7526898980140686,0.730070948600769,0.5304238796234131,0.8737020492553711,0.9147192239761353
A5,1.1152898073196411,0.8080344200134277,0.5552946329116821,0.37721574306488037,0.0,0.37825897336006165,0.5450711250305176,0.8394503593444824,1.128588080406189,1.1772211790084839,1.1648575067520142,0.9284864664077759,1.075089931488037,0.8605483174324036,1.097020149230957,1.6582227945327759,1.304849624633789,1.4172472953796387,1.247787356376648,1.1385138034820557,1.269026517868042,1.1520193815231323,1.4595080614089966,1.4648972749710083,1.7331149578094482,1.7546579837799072,1.7106962203979492,1.811813473701477,1.6288132667541504,1.9654265642166138,2.596348285675049,2.2220399379730225,2.3020994663238525,2.2962710857391357,1.990463137626648,2.204741954803467,1.9539775848388672,2.236025810241699,2.148627996444702,2.17169189453125,1.8909357786178589,1.9897334575653076,1.9172199964523315,1.7845675945281982,2.1362698078155518,2.794705867767334,2.4379005432128906,2.318145275115967,2.2647786140441895,1.9068846702575684,2.0008797645568848,1.6770185232162476,1.8336580991744995,1.6180781126022339,1.6235442161560059,1.3586015701293945,1.5979739427566528,1.5326435565948486,1.65407395362854,1.9185432195663452,2.351057767868042,2.075990915298462,1.8035985231399536,1.7686562538146973,1.4184224605560303,1.4362863302230835,1.2144407033920288,1.233404517173767,1.1608970165252686,0.8783602118492126,0.5264614820480347,0.6450111865997314,0.5317111611366272,0.8430681228637695,1.0266759395599365
A6,1.3610060214996338,1.1069042682647705,0.835078775882721,0.5317688584327698,0.37825897336006165,0.0,0.3671264052391052,0.5368601679801941,0.8808785676956177,0.961033284664154,1.067762017250061,0.857703447341919,1.1186683177947998,1.0235780477523804,1.245166540145874,1.8671389818191528,1.5304332971572876,1.5998719930648804,1.349586844444275,1.2567598819732666,1.2770475149154663,1.1414382457733154,1.3788540363311768,1.3429696559906006,1.6627275943756104,1.755824327468872,1.7502808570861816,1.9218319654464722,1.7906410694122314,2.1401894092559814,2.6789920330047607,2.3106961250305176,2.406705856323242,2.3541066646575928,2.068730592727661,2.257248640060425,1.9997639656066895,2.2862894535064697,2.1865909099578857,2.270930767059326,2.0365183353424072,2.155359983444214,2.142815589904785,2.0198073387145996,2.385831594467163,2.9701201915740967,2.616171360015869,2.454871654510498,2.3628990650177,1.9968602657318115,2.0243093967437744,1.6784090995788574,1.760904312133789,1.4951765537261963,1.47258722782135,1.2345608472824097,1.535459280014038,1.5252918004989624,1.719290018081665,1.9841161966323853,2.421307325363159,2.1507205963134766,1.8492158651351929,1.7449705600738525,1.4097082614898682,1.3279180526733398,1.0972341299057007,1.0097014904022217,0.9005464315414429,0.5734557509422302,0.32578045129776,0.5368499755859375,0.6387645602226257,0.9862218499183655,1.1679569482803345
A7,1.6427677869796753,1.3364907503128052,1.0937904119491577,0.8337683081626892,0.5450711250305176,0.3671264052391052,0.0,0.3658342659473419,0.5865272283554077,0.7038209438323975,0.7798886299133301,0.6754804849624634,0.9697098731994629,0.9500211477279663,1.2425551414489746,1.9217102527618408,1.5618374347686768,1.5478243827819824,1.2812684774398804,1.104128360748291,1.0771692991256714,0.861133873462677,1.0762602090835571,0.9964619278907776,1.3114829063415527,1.4016382694244385,1.4267007112503052,1.618389368057251,1.5381495952606201,1.9002728462219238,2.4152235984802246,2.0413596630096436,2.1119632720947266,2.0267856121063232,1.7409178018569946,1.9098435640335083,1.6512788534164429,1.9424126148223877,1.85771644115448,1.9672892093658447,1.7648346424102783,1.873594880104065,1.9058716297149658,1.788590431213379,2.1622936725616455,2.721489429473877,2.362802743911743,2.1956512928009033,2.0651779174804688,1.7062426805496216,1.7009539604187012,1.3457322120666504,1.4232261180877686,1.1464582681655884,1.1686512231826782,0.9776579141616821,1.2822585105895996,1.338034749031067,1.5131616592407227,1.8150826692581177,2.3544301986694336,2.0451252460479736,1.781038761138916,1.633683443069458,1.281931757926941,1.199220895767212,0.8969392776489258,0.8559722304344177,0.664419949054718,0.4579426646232605,0.19186943769454956,0.5535663962364197,0.7504045963287354,1.0027058124542236,1.2766872644424438
A8,1.8950437307357788,1.628535509109497,1.3467947244644165,1.068360447883606,0.8394503593444824,0.5368601679801941,0.3658342659473419,0.0,0.3916126787662506,0.4806807339191437,0.7263392210006714,0.6590111255645752,1.024632453918457,1.1159080266952515,1.3530597686767578,2.0505013465881348,1.721138596534729,1.6757522821426392,1.3497530221939087,1.222825288772583,1.087217926979065,0.9063762426376343,1.0141425132751465,0.9286297559738159,1.2856683731079102,1.4694172143936157,1.503886103630066,1.7619256973266602,1.715340495109558,2.0648865699768066,2.4591734409332275,2.107715368270874,2.2133023738861084,2.0996363162994385,1.8594789505004883,2.0179977416992188,1.7842777967453003,2.084689140319824,2.0172312259674072,2.1794018745422363,2.02396297454834,2.1228549480438232,2.1926028728485107,2.0616397857666016,2.431284189224243,2.988513469696045,2.632354736328125,2.449097156524658,2.2791411876678467,1.9313355684280396,1.8613370656967163,1.498769998550415,1.4972929954528809,1.160014033317566,1.1877284049987793,1.0790879726409912,1.4268018007278442,1.5467010736465454,1.7627400159835815,2.0611984729766846,2.601177930831909,2.29888916015625,2.0234179496765137,1.8255788087844849,1.5015525817871094,1.3357326984405518,1.036747694015503,0.8767476081848145,0.5821812748908997,0.41427385807037354,0.46095040440559387,0.787769079208374,1.0529814958572388,1.3235150575637817,1.5730305910110474
A9,2.221463680267334,1.922265648841858,1.6705825328826904,1.398367166519165,1.128588080406189,0.8808785676956177,0.5865272283554077,0.3916126787662506,0.0,0.36621198058128357,0.6266640424728394,0.7650136947631836,1.1155781745910645,1.2787057161331177,1.5522304773330688,2.266312599182129,1.928653597831726,1.8150429725646973,1.49014151096344,1.2962384223937988,1.0986723899841309,0.8382251262664795,0.8322083950042725,0.6246964335441589,0.9883748292922974,1.2004207372665405,1.3042583465576172,1.5965484380722046,1.6342787742614746,1.9814494848251343,2.3127169609069824,1.9676892757415771,2.037097692489624,1.865822672843933,1.641339659690857,1.7485464811325073,1.5171784162521362,1.8046926259994507,1.7463935613632202,1.9563062191009521,1.8619223833084106,1.958243489265442,2.0916175842285156,1.984532356262207,2.3496456146240234,2.818108320236206,2.4711923599243164,2.2709200382232666,2.0557992458343506,1.7304805517196655,1.597240924835205,1.2409038543701172,1.1832846403121948,0.8171671032905579,0.8927934169769287,0.8979465365409851,1.2355254888534546,1.4411221742630005,1.6466553211212158,1.9596811532974243,2.572727918624878,2.247603416442871,2.012061357498169,1.765716552734375,1.4593383073806763,1.2759175300598145,0.9447234869003296,0.8147198557853699,0.43386563658714294,0.5516501665115356,0.6828157901763916,0.9643564820289612,1.268561601638794,1.457109808921814,1.7521013021469116
A10,2.2693872451782227,1.984110951423645,1.6857682466506958,1.4707956314086914,1.1772211790084839,0.961033284664154,0.7038209438323975,0.4806807339191437,0.36621198058128357,0.0,0.3812906742095947,0.5154064297676086,0.8567366003990173,1.0988959074020386,1.3207075595855713,2.028176784515381,1.71942138671875,1.5713961124420166,1.2193663120269775,1.0715795755386353,0.8109065890312195,0.6377148032188416,0.5970086455345154,0.5662786364555359,0.9113457798957825,1.1754804849624634,1.1858638525009155,1.5039335489273071,1.5069879293441772,1.8263332843780518,2.0809671878814697,1.7555707693099976,1.8868494033813477,1.7534630298614502,1.5761269330978394,1.7447279691696167,1.577704668045044,1.9056965112686157,1.9187828302383423,2.1128880977630615,2.0113525390625,2.0451953411102295,2.151271104812622,1.9818994998931885,2.3297441005706787,2.9766602516174316,2.6140291690826416,2.4578285217285156,2.226806640625,1.9193527698516846,1.7964454889297485,1.4421263933181763,1.4206171035766602,1.0496773719787598,1.2088104486465454,1.2376846075057983,1.5554929971694946,1.7564208507537842,1.9221069812774658,2.2539823055267334,2.8874635696411133,2.552901268005371,2.3252980709075928,2.1021981239318848,1.7779048681259155,1.624603033065796,1.2841010093688965,1.1711572408676147,0.795656681060791,0.8262510895729065,0.8608583807945251,1.2033861875534058,1.4523842334747314,1.6760293245315552,1.9703409671783447
A11,2.2516396045684814,1.9409263134002686,1.6552493572235107,1.5109119415283203,1.1648575067520142,1.067762017250061,0.7798886299133301,0.7263392210006714,0.6266640424728394,0.3812906742095947,0.0,0.36638543009757996,0.5826996564865112,0.8569240570068359,1.1065572500228882,1.8016501665115356,1.4845138788223267,1.286482810974121,0.968312680721283,0.7520816326141357,0.4928705096244812,0.26321423053741455,0.3137330114841461,0.461252897977829,0.7109532356262207,0.9190645813941956,0.8500280976295471,1.152095079421997,1.133554458618164,1.4463276863098145,1.7385131120681763,1.3972408771514893,1.5313143730163574,1.4356415271759033,1.254845142364502,1.4758236408233643,1.3455698490142822,1.7003793716430664,1.769631266593933,1.9237200021743774,1.8073806762695312,1.7853692770004272,1.8673553466796875,1.6603968143463135,1.992757797241211,2.764793634414673,2.3913495540618896,2.2830076217651367,2.049347162246704,1.7628446817398071,1.6754424571990967,1.3348926305770874,1.3928099870681763,1.0665453672409058,1.3018441200256348,1.3291065692901611,1.5922101736068726,1.7802960872650146,1.8726060390472412,2.2257962226867676,2.905183792114258,2.549687147140503,2.360382318496704,2.1725361347198486,1.8278238773345947,1.747801423072815,1.387876272201538,1.3711798191070557,1.025154948234558,1.0546553134918213,0.9642490744590759,1.3101141452789307,1.4895081520080566,1.6751315593719482,1.995754599571228
A12,1.9642153978347778,1.682686448097229,1.3634835481643677,1.2543091773986816,0.9284864664077759,0.857703447341919,0.6754804849624634,0.6590111255645752,0.7650136947631836,0.5154064297676086,0.36638543009757996,0.0,0.3753903806209564,0.5954159498214722,0.8090307712554932,1.5202783346176147,1.2043356895446777,1.0710183382034302,0.7278342843055725,0.6041187644004822,0.4458145499229431,0.41954341530799866,0.6394209265708923,0.8194059133529663,1.0668187141418457,1.2287156581878662,1.1051145792007446,1.3447613716125488,1.222192406654358,1.529233694076538,1.8918604850769043,1.5527902841567993,1.7248858213424683,1.6961923837661743,1.5014835596084595,1.7617329359054565,1.6226192712783813,1.978007197380066,2.027674913406372,2.1400368213653564,1.9671580791473389,1.9509918689727783,1.967506766319275,1.7359966039657593,2.0691075325012207,2.9284517765045166,2.54767107963562,2.454516649246216,2.2641420364379883,1.9558742046356201,1.9229531288146973,1.5747374296188354,1.6670540571212769,1.3494369983673096,1.530018925666809,1.4760092496871948,1.757824420928955,1.8837676048278809,1.9861230850219727,2.3281514644622803,2.9496896266937256,2.6118855476379395,2.392167091369629,2.243288278579712,1.8839876651763916,1.8176109790802002,1.4760961532592773,1.4389568567276,1.1249514818191528,1.0299636125564575,0.8647235035896301,1.2245370149612427,1.347183108329773,1.5892868041992188,1.8726505041122437
A13,2.0018556118011475,1.7240341901779175,1.414597988128662,1.4049537181854248,1.075089931488037,1.1186683177947998,0.9697098731994629,1.024632453918457,1.1155781745910645,0.8567366003990173,0.5826996564865112,0.3753903806209564,0.0,0.3795047700405121,0.5411940217018127,1.2201305627822876,0.9155561327934265,0.71651691198349,0.3920082151889801,0.2620212733745575,0.24266181886196136,0.45728838443756104,0.7282766699790955,1.013372778892517,1.1537531614303589,1.2533695697784424,1.028536319732666,1.202893853187561,1.0012075901031494,1.260720133781433,1.6427898406982422,1.3141728639602661,1.5239914655685425,1.5743921995162964,1.4057937860488892,1.7237993478775024,1.6413359642028809,2.0061864852905273,2.109431505203247,2.1754350662231445,1.9844833612442017,1.9057999849319458,1.8724102973937988,1.5855388641357422,1.8815001249313354,2.9112038612365723,2.5250961780548096,2.4888315200805664,2.30720591545105,2.027697801589966,2.0336029529571533,1.7123068571090698,1.8592181205749512,1.5804662704467773,1.8004809617996216,1.7479528188705444,1.9888359308242798,2.09609055519104,2.1397924423217773,2.4884674549102783,3.125737428665161,2.7796707153320312,2.588711738586426,2.476036548614502,2.1081488132476807,2.0940327644348145,1.751729130744934,1.7647068500518799,1.468396544456482,1.3739463090896606,1.1515904664993286,1.4878077507019043,1.5369104146957397,1.7519968748092651,2.0336852073669434
A14,1.6750831604003906,1.396043062210083,1.1092257499694824,1.1722052097320557,0.8605483174324036,1.0235780477523804,0.9500211477279663,1.1159080266952515,1.2787057161331177,1.0988959074020386,0.8569240570068359,0.5954159498214722,0.3795047700405121,0.0,0.3731953203678131,1.0343506336212158,0.6681681275367737,0.601788341999054,0.43485963344573975,0.3290952742099762,0.6052007079124451,0.7042215466499329,1.0445544719696045,1.2650372982025146,1.4112269878387451,1.433106541633606,1.2196892499923706,1.3013966083526611,1.0276551246643066,1.2931268215179443,1.8396165370941162,1.4985238313674927,1.6673060655593872,1.7567342519760132,1.5361782312393188,1.8570890426635742,1.7401759624481201,2.0854716300964355,2.154933452606201,2.166057586669922,1.9180833101272583,1.8549535274505615,1.7554999589920044,1.4733610153198242,1.769953966140747,2.8214030265808105,2.4366748332977295,2.4176697731018066,2.291440963745117,1.9992504119873047,2.071918249130249,1.7609378099441528,1.957724690437317,1.7188174724578857,1.8970698118209839,1.7731661796569824,1.9904963970184326,2.0300345420837402,2.0513224601745605,2.381969928741455,2.968019485473633,2.6373698711395264,2.44469952583313,2.385528087615967,2.013612747192383,2.0493876934051514,1.7350610494613647,1.7849994897842407,1.5527747869491577,1.3990962505340576,1.098308801651001,1.3820418119430542,1.340823769569397,1.5473681688308716,1.7998548746109009
A15,1.7358726263046265,1.5240665674209595,1.2112056016921997,1.3383761644363403,1.097020149230957,1.245166540145874,1.2425551414489746,1.3530597686767578,1.5522304773330688,1.3207075595855713,1.1065572500228882,0.8090307712554932,0.5411940217018127,0.3731953203678131,0.0,0.7144536972045898,0.4121670424938202,0.40254831314086914,0.27627477049827576,0.513599693775177,0.7488054037094116,0.979203999042511,1.2685155868530273,1.5448064804077148,1.6817188262939453,1.7334728240966797,1.4787503480911255,1.5568262338638306,1.2530255317687988,1.4435245990753174,1.899154782295227,1.6070996522903442,1.8367860317230225,1.972646951675415,1.8014813661575317,2.14631986618042,2.0674331188201904,2.419022798538208,2.5119144916534424,2.518294334411621,2.269463062286377,2.1820435523986816,2.0569727420806885,1.7460535764694214,2.001802921295166,3.1503286361694336,2.7667312622070312,2.7698326110839844,2.645803213119507,2.363611936569214,2.4360544681549072,2.126631021499634,2.314474105834961,2.05883526802063,2.2418441772460938,2.123167037963867,2.355102300643921,2.391295909881592,2.418545722961426,2.743961811065674,3.305075168609619,2.9849178791046143,2.7816619873046875,2.7322564125061035,2.361265182495117,2.3859989643096924,2.0776419639587402,2.095756769180298,1.8512718677520752,1.670217514038086,1.3868528604507446,1.6725056171417236,1.612883448600769,1.8502073287963867,2.0646305084228516
B1,1.9122778177261353,1.7991069555282593,1.5542017221450806,1.809324860572815,1.6582227945327759,1.8671389818191528,1.9217102527618408,2.0505013465881348,2.266312599182129,2.028176784515381,1.8016501665115356,1.5202783346176147,1.2201305627822876,1.0343506336212158,0.7144536972045898,0.0,0.3895127773284912,0.5964460372924805,0.8503528833389282,1.1176563501358032,1.3817353248596191,1.6488418579101562,1.920141339302063,2.2260429859161377,2.3126394748687744,2.3223602771759033,2.020381450653076,2.009888172149658,1.651019811630249,1.7069635391235352,2.127270221710205,1.920811414718628,2.1722776889801025,2.404632568359375,2.276235818862915,2.6471242904663086,2.617323160171509,2.952694892883301,3.076429843902588,3.024844169616699,2.749776601791382,2.615180492401123,2.409980535507202,2.07067608833313,2.2294540405273438,3.5331320762634277,3.16403865814209,3.2348363399505615,3.150507926940918,2.9008030891418457,3.022603988647461,2.744595527648926,2.969425916671753,2.7422103881835938,2.931364059448242,2.795361280441284,3.000276565551758,2.9970946311950684,2.9817097187042236,3.288201332092285,3.8012478351593018,3.4997637271881104,3.3152048587799072,3.321523904800415,2.9557442665100098,3.023113965988159,2.735459089279175,2.773756742477417,2.553318977355957,2.34969162940979,2.0448977947235107,2.286651134490967,2.1496822834014893,2.363234758377075,2.52083158493042
B2,1.6935036182403564,1.5191242694854736,1.266967535018921,1.4948890209197998,1.304849624633789,1.5304332971572876,1.5618374347686768,1.721138596534729,1.928653597831726,1.71942138671875,1.4845138788223267,1.2043356895446777,0.9155561327934265,0.6681681275367737,0.4121670424938202,0.3895127773284912,0.0,0.3811618387699127,0.6038010716438293,0.7981201410293579,1.104453206062317,1.3224058151245117,1.6264536380767822,1.9016221761703491,2.003119945526123,1.9989988803863525,1.7220592498779297,1.7182559967041016,1.3641703128814697,1.4868539571762085,2.0061707496643066,1.7417285442352295,1.9577504396438599,2.1545917987823486,1.9841845035552979,2.3424789905548096,2.280059337615967,2.6136887073516846,2.715071201324463,2.668844699859619,2.3898253440856934,2.2778728008270264,2.0876896381378174,1.7636646032333374,1.9659544229507446,3.202540397644043,2.828610897064209,2.877331018447876,2.7929084300994873,2.530068874359131,2.65250563621521,2.370145559310913,2.598168134689331,2.3789591789245605,2.5584399700164795,2.4139316082000732,2.612973928451538,2.608123779296875,2.5946526527404785,2.9033775329589844,3.4289064407348633,3.1212387084960938,2.9375715255737305,2.9371225833892822,2.570436477661133,2.642252206802368,2.3539392948150635,2.4072299003601074,2.197331428527832,2.001422882080078,1.6839162111282349,1.9227166175842285,1.7910577058792114,1.9945675134658813,2.174321174621582
B3,1.9980847835540771,1.7770068645477295,1.5137187242507935,1.6771130561828613,1.4172472953796387,1.5998719930648804,1.5478243827819824,1.6757522821426392,1.8150429725646973,1.5713961124420166,1.286482810974121,1.0710183382034302,0.71651691198349,0.601788341999054,0.40254831314086914,0.5964460372924805,0.3811618387699127,0.0,0.3865900933742523,0.5584388971328735,0.8432946801185608,1.1010571718215942,1.3665333986282349,1.6783264875411987,1.7314023971557617,1.7331386804580688,1.424914836883545,1.432549238204956,1.0916106700897217,1.1879322528839111,1.6339839696884155,1.3771820068359375,1.6203216314315796,1.8238308429718018,1.6929851770401,2.0637176036834717,2.0441815853118896,2.3882839679718018,2.5331451892852783,2.5075902938842773,2.26688289642334,2.1180436611175537,1.9649296998977661,1.6149637699127197,1.8097809553146362,3.0884437561035156,2.710080146789551,2.7659342288970947,2.6393396854400635,2.3992931842803955,2.488603115081787,2.2137210369110107,2.432058811187744,2.210181474685669,2.434051036834717,2.342501163482666,2.5361428260803223,2.57999587059021,2.5540883541107178,2.8854665756225586,3.4810235500335693,3.1477134227752686,2.984890937805176,2.9493255615234375,2.5787758827209473,2.638096809387207,2.3205454349517822,2.380647897720337,2.130408525466919,1.9905073642730713,1.6989792585372925,1.9777607917785645,1.902312159538269,2.088831901550293,2.3202178478240967
B4,1.9909193515777588,1.7584580183029175,1.4450104236602783,1.527998924255371,1.247787356376648,1.349586844444275,1.2812684774398804,1.3497530221939087,1.49014151096344,1.2193663120269775,0.968312680721283,0.7278342843055725,0.3920082151889801,0.43485963344573975,0.27627477049827576,0.8503528833389282,0.6038010716438293,0.3865900933742523,0.0,0.3748222887516022,0.5370883345603943,0.8327867388725281,1.0769556760787964,1.393885850906372,1.498065710067749,1.5716502666473389,1.2942609786987305,1.4011304378509521,1.1235980987548828,1.2978613376617432,1.6625348329544067,1.3808380365371704,1.6382399797439575,1.7689285278320312,1.6347200870513916,1.9861241579055786,1.9410195350646973,2.302328109741211,2.42822003364563,2.456711530685425,2.241173505783081,2.128967761993408,2.0369086265563965,1.7118513584136963,1.9608749151229858,3.128054618835449,2.74259877204895,2.7479286193847656,2.589723825454712,2.3243517875671387,2.364933967590332,2.0588769912719727,2.2311172485351562,1.9663505554199219,2.18475341796875,2.1123220920562744,2.344327688217163,2.421299934387207,2.444068670272827,2.785011053085327,3.3940536975860596,3.057206392288208,2.8674588203430176,2.789485454559326,2.4180119037628174,2.4273173809051514,2.0976641178131104,2.1133320331573486,1.8330572843551636,1.6988362073898315,1.4480561017990112,1.7638881206512451,1.7514562606811523,1.9767762422561646,2.2237162590026855
B5,1.9985483884811401,1.7080339193344116,1.4339340925216675,1.4748101234436035,1.1385138034820557,1.2567598819732666,1.104128360748291,1.222825288772583,1.2962384223937988,1.0715795755386353,0.7520816326141357,0.6041187644004822,0.2620212733745575,0.3290952742099762,0.513599693775177,1.1176563501358032,0.7981201410293579,0.5584388971328735,0.3748222887516022,0.0,0.3761650025844574,0.5471221804618835,0.8464556336402893,1.1278598308563232,1.2055400609970093,1.2297420501708984,0.9654627442359924,1.0613782405853271,0.8004669547080994,1.0434746742248535,1.5177327394485474,1.180235743522644,1.3745938539505005,1.4735337495803833,1.2952380180358887,1.6376569271087646,1.574634313583374,1.9329124689102173,2.056778907775879,2.0826492309570312,1.8745911121368408,1.7631193399429321,1.6939390897750854,1.3824763298034668,1.6581547260284424,2.7686784267425537,2.3826870918273926,2.3820724487304688,2.2161777019500732,1.9557589292526245,1.9980183839797974,1.701570749282837,1.8927470445632935,1.6557903289794922,1.8890266418457031,1.8269721269607544,2.0295321941375732,2.1167969703674316,2.1149837970733643,2.463097095489502,3.108530282974243,2.7577667236328125,2.5934786796569824,2.508791923522949,2.139435291290283,2.1695637702941895,1.8318685293197632,1.8928134441375732,1.621928095817566,1.535299301147461,1.2748148441314697,1.581870198249817,1.585060954093933,1.760331630706787,2.0459165573120117
B6,2.2350234985351562,1.9472144842147827,1.6443756818771362,1.610783338546753,1.269026517868042,1.2770475149154663,1.0771692991256714,1.087217926979065,1.0986723899841309,0.8109065890312195,0.4928705096244812,0.4458145499229431,0.24266181886196136,0.6052007079124451,0.7488054037094116,1.3817353248596191,1.104453206062317,0.8432946801185608,0.5370883345603943,0.3761650025844574,0.0,0.366104394197464,0.5409117341041565,0.8784373998641968,0.9757992625236511,1.1071444749832153,0.8682156801223755,1.0886956453323364,0.9432651996612549,1.1863783597946167,1.466944694519043,1.1459438800811768,1.3697760105133057,1.397270679473877,1.267003059387207,1.5817232131958008,1.5328446626663208,1.9031277894973755,2.037322759628296,2.127824306488037,1.9751662015914917,1.8765780925750732,1.880372166633606,1.5921663045883179,1.8774858713150024,2.8964803218841553,2.5131893157958984,2.4767963886260986,2.2629992961883545,2.0039279460906982,1.974774956703186,1.662278175354004,1.7879526615142822,1.5042004585266113,1.759721279144287,1.758640170097351,1.9928638935089111,2.13918137550354,2.177478313446045,2.534909725189209,3.209089756011963,2.8515677452087402,2.676243305206299,2.538733959197998,2.177473783493042,2.1497058868408203,1.7949036359786987,1.8072565793991089,1.4842255115509033,1.4455753564834595,1.2667609453201294,1.6119893789291382,1.6985646486282349,1.8948094844818115,2.1969218254089355
B7,2.201591730117798,1.8777306079864502,1.6105316877365112,1.518169641494751,1.1520193815231323,1.1414382457733154,0.861133873462677,0.9063762426376343,0.8382251262664795,0.6377148032188416,0.26321423053741455,0.41954341530799866,0.45728838443756104,0.7042215466499329,0.979203999042511,1.6488418579101562,1.3224058151245117,1.1010571718215942,0.8327867388725281,0.5471221804618835,0.366104394197464,0.0,0.36610618233680725,0.5822541117668152,0.7197024822235107,0.8309425115585327,0.6863709092140198,0.9409552812576294,0.8795634508132935,1.1965937614440918,1.5658082962036133,1.2055312395095825,1.33365797996521,1.2830009460449219,1.0839118957519531,1.3495872020721436,1.2395219802856445,1.6046720743179321,1.7033441066741943,1.8144549131393433,1.6748167276382446,1.615796446800232,1.6658602952957153,1.43061101436615,1.7534321546554565,2.6189427375793457,2.2390880584716797,2.1674153804779053,1.9459015130996704,1.6726325750350952,1.6273149251937866,1.304522156715393,1.4265248775482178,1.1493175029754639,1.4055808782577515,1.411545991897583,1.6338403224945068,1.796180009841919,1.837825059890747,2.197525978088379,2.8910443782806396,2.527541160583496,2.362217664718628,2.2069509029388428,1.8525248765945435,1.8252242803573608,1.4655228853225708,1.5066498517990112,1.19426691532135,1.207419991493225,1.0445092916488647,1.3731300830841064,1.4958900213241577,1.6527470350265503,1.9811761379241943
B8,2.537257194519043,2.217848777770996,1.9418708086013794,1.8144028186798096,1.4595080614089966,1.3788540363311768,1.0762602090835571,1.0141425132751465,0.8322083950042725,0.5970086455345154,0.3137330114841461,0.6394209265708923,0.7282766699790955,1.0445544719696045,1.2685155868530273,1.920141339302063,1.6264536380767822,1.3665333986282349,1.0769556760787964,0.8464556336402893,0.5409117341041565,0.36610618233680725,0.0,0.38700398802757263,0.48525941371917725,0.744953989982605,0.6530672311782837,1.0032662153244019,1.0551501512527466,1.3260197639465332,1.4958895444869995,1.1748374700546265,1.311411738395691,1.1881978511810303,1.067943811416626,1.2857424020767212,1.2210968732833862,1.5797051191329956,1.7088593244552612,1.8799095153808594,1.812068223953247,1.745826005935669,1.8601311445236206,1.643125057220459,1.945797324180603,2.737318277359009,2.370178461074829,2.2807319164276123,2.010448932647705,1.7668031454086304,1.6453768014907837,1.3371248245239258,1.3820109367370605,1.0774253606796265,1.3740578889846802,1.4730504751205444,1.6990114450454712,1.9250186681747437,1.9849220514297485,2.344475507736206,3.066636800765991,2.69809627532959,2.5420212745666504,2.341268539428711,2.008998155593872,1.9361711740493774,1.5730620622634888,1.5787761211395264,1.227254867553711,1.3206720352172852,1.254502534866333,1.5858200788497925,1.7682069540023804,1.9200873374938965,2.2565596103668213
B9,2.5747122764587402,2.238975763320923,1.996360182762146,1.8089599609375,1.4648972749710083,1.3429696559906006,0.9964619278907776,0.9286297559738159,0.6246964335441589,0.5662786364555359,0.461252897977829,0.8194059133529663,1.013372778892517,1.2650372982025146,1.5448064804077148,2.2260429859161377,1.9016221761703491,1.6783264875411987,1.393885850906372,1.1278598308563232,0.8784373998641968,0.5822541117668152,0.38700398802757263,0.0,0.36734291911125183,0.6472797393798828,0.7553021311759949,1.0977569818496704,1.228165626525879,1.533197283744812,1.7557562589645386,1.426697850227356,1.4739290475845337,1.2682291269302368,1.0965075492858887,1.2089556455612183,1.0640145540237427,1.38910710811615,1.4557799100875854,1.6763688325881958,1.6449071168899536,1.6426467895507812,1.816648244857788,1.6744215488433838,2.000149726867676,2.5732767581939697,2.221536874771118,2.0774025917053223,1.795445442199707,1.539637804031372,1.3686271905899048,1.050666093826294,1.0325199365615845,0.7033857703208923,1.002822995185852,1.1482741832733154,1.3698318004608154,1.6339846849441528,1.7214597463607788,2.0710020065307617,2.798396348953247,2.4322969913482666,2.281252145767212,2.0456042289733887,1.7377556562423706,1.638077735900879,1.2822099924087524,1.2932448387145996,0.9540548324584961,1.1364082098007202,1.1412206888198853,1.428769826889038,1.6634024381637573,1.7772514820098877,2.1229257583618164
B10,2.820139169692993,2.470017910003662,2.2455086708068848,2.0945515632629395,1.7331149578094482,1.6627275943756104,1.3114829063415527,1.2856683731079102,0.9883748292922974,0.9113457798957825,0.7109532356262207,1.0668187141418457,1.1537531614303589,1.4112269878387451,1.6817188262939453,2.3126394748687744,2.003119945526123,1.7314023971557617,1.498065710067749,1.2055400609970093,0.9757992625236511,0.7197024822235107,0.48525941371917725,0.36734291911125183,0.0,0.3797706365585327,0.5165910720825195,0.8687440752983093,1.0884592533111572,1.3415786027908325,1.4831080436706543,1.173214316368103,1.1763319969177246,0.9275872111320496,0.8064703345298767,0.9010632634162903,0.8429415225982666,1.1716103553771973,1.3273882865905762,1.5443451404571533,1.5631788969039917,1.4973697662353516,1.6997464895248413,1.551318645477295,1.8355706930160522,2.4346985816955566,2.091646194458008,1.9853795766830444,1.6698758602142334,1.4774127006530762,1.2911497354507446,1.0381895303726196,1.0493725538253784,0.8187344074249268,1.173750638961792,1.3636900186538696,1.5096986293792725,1.7868273258209229,1.80781888961792,2.159848690032959,2.92991304397583,2.550161600112915,2.4493300914764404,2.2243170738220215,1.9292807579040527,1.8721660375595093,1.5247641801834106,1.5915039777755737,1.282547116279602,1.4826314449310303,1.4567821025848389,1.727178931236267,1.9309006929397583,2.0006351470947266,2.3606629371643066
B11,2.7896342277526855,2.420037031173706,2.2431139945983887,2.123310089111328,1.7546579837799072,1.755824327468872,1.4016382694244385,1.4694172143936157,1.2004207372665405,1.1754804849624634,0.9190645813941956,1.2287156581878662,1.2533695697784424,1.433106541633606,1.7334728240966797,2.3223602771759033,1.9989988803863525,1.7331386804580688,1.5716502666473389,1.2297420501708984,1.1071444749832153,0.8309425115585327,0.744953989982605,0.6472797393798828,0.3797706365585327,0.0,0.3658367991447449,0.5908606648445129,0.8802157044410706,1.131030559539795,1.4158071279525757,1.0811936855316162,0.9748656749725342,0.7206156849861145,0.4885002076625824,0.5694072842597961,0.4917597770690918,0.8470333218574524,1.0452027320861816,1.2130168676376343,1.232542634010315,1.1310811042785645,1.3470070362091064,1.2223970890045166,1.493884801864624,2.0780014991760254,1.7331689596176147,1.6582553386688232,1.3453799486160278,1.1829493045806885,1.041607141494751,0.8397915363311768,0.9579678177833557,0.8554919362068176,1.206400752067566,1.3613369464874268,1.4260718822479248,1.6717109680175781,1.6165037155151367,1.9674255847930908,2.7590649127960205,2.3706765174865723,2.316648483276367,2.128213405609131,1.8384356498718262,1.8527246713638306,1.521222710609436,1.671858787536621,1.4242117404937744,1.6147329807281494,1.5303713083267212,1.7562426328659058,1.910119891166687,1.9165451526641846,2.2848052978515625
B12,2.7109100818634033,2.3543927669525146,2.1543636322021484,2.08781361579895,1.7106962203979492,1.7502808570861816,1.4267007112503052,1.503886103630066,1.3042583465576172,1.1858638525009155,0.8500280976295471,1.1051145792007446,1.028536319732666,1.2196892499923706,1.4787503480911255,2.020381450653076,1.7220592498779297,1.424914836883545,1.2942609786987305,0.9654627442359924,0.8682156801223755,0.6863709092140198,0.6530672311782837,0.7553021311759949,0.5165910720825195,0.3658367991447449,0.0,0.3768056631088257,0.5962992906570435,0.8272786140441895,1.1240180730819702,0.7599833607673645,0.7360133528709412,0.6075944900512695,0.423831582069397,0.7183833718299866,0.7521416544914246,1.1114554405212402,1.34450364112854,1.4435334205627441,1.4008554220199585,1.2340342998504639,1.3594839572906494,1.1371771097183228,1.3867346048355103,2.237741470336914,1.877620816230774,1.862794041633606,1.5831094980239868,1.422166347503662,1.3502837419509888,1.1410152912139893,1.3002710342407227,1.160893201828003,1.5018081665039062,1.6075571775436401,1.7041083574295044,1.9099986553192139,1.844408631324768,2.2029802799224854,2.9778621196746826,2.5902340412139893,2.52187180519104,2.3661551475524902,2.0483338832855225,2.0785088539123535,1.7328674793243408,1.8678045272827148,1.5939358472824097,1.7197328805923462,1.5807161331176758,1.8443818092346191,1.9554040431976318,1.9980263710021973,2.3575289249420166
B13,2.719118118286133,2.356039047241211,2.201340436935425,2.182845115661621,1.811813473701477,1.9218319654464722,1.618389368057251,1.7619256973266602,1.5965484380722046,1.5039335489273071,1.152095079421997,1.3447613716125488,1.202893853187561,1.3013966083526611,1.5568262338638306,2.009888172149658,1.7182559967041016,1.432549238204956,1.4011304378509521,1.0613782405853271,1.0886956453323364,0.9409552812576294,1.0032662153244019,1.0977569818496704,0.8687440752983093,0.5908606648445129,0.3768056631088257,0.0,0.38197386264801025,0.5574552416801453,1.0705969333648682,0.7068381905555725,0.5513949990272522,0.5479111671447754,0.275585412979126,0.6454722881317139,0.7278888821601868,1.0394638776779175,1.3056204319000244,1.3100037574768066,1.238964319229126,0.9965455532073975,1.0714359283447266,0.820950448513031,1.0258017778396606,1.999741792678833,1.6411433219909668,1.695041298866272,1.45017671585083,1.3365150690078735,1.3465403318405151,1.2040681838989258,1.440089225769043,1.3844846487045288,1.7032545804977417,1.769743800163269,1.807166337966919,1.9653115272521973,1.8298282623291016,2.1747310161590576,2.9441280364990234,2.557084798812866,2.530022621154785,2.4219555854797363,2.1106255054473877,2.2044637203216553,1.8804265260696411,2.07016658782959,1.8421396017074585,1.9461703300476074,1.7571007013320923,1.9825619459152222,2.0339431762695312,2.027672290802002,2.380261182785034
