,A1,A2,A3,A4,A5,A6,A7,A8,A9,A10,A11,A12,A13,A14,A15,B1,B2,B3,B4,B5,B6,B7,B8,B9,B10,B11,B12,B13,B14,B15,C1,C2,C3,C4,C5,C6,C7,C8,C9,C10,C11,C12,C13,C14,C15,D1,D2,D3,D4,D5,D6,D7,D8,D9,D10,D11,D12,D13,D14,D15,E1,E2,E3,E4,E5,E6,E7,E8,E9,E10,E11,E12,E13,E14,E15
A1,0.0,0.37284791469573975,0.571916401386261,0.8506945967674255,1.126661777496338,1.4121838808059692,1.6995700597763062,1.9747555255889893,2.272059202194214,2.462984800338745,2.2825355529785156,2.3044772148132324,2.1077346801757812,1.89801824092865,2.0248899459838867,1.9990332126617432,1.7533600330352783,1.9677246809005737,1.8296020030975342,1.8545409440994263,2.0342628955841064,2.027519702911377,2.3613855838775635,2.4105799198150635,2.700134754180908,2.711670160293579,2.78538179397583,2.6277167797088623,3.000225305557251,3.0632383823394775,3.024869918823242,2.6873252391815186,2.7957115173339844,2.6834447383880615,2.4790642261505127,2.6110777854919434,2.3844010829925537,2.661668300628662,2.5043106079101562,2.6961112022399902,2.928941249847412,3.106238842010498,3.07401180267334,3.239757776260376,3.461839199066162,3.0464813709259033,2.711437463760376,2.675391674041748,2.6800999641418457,2.354207992553711,2.5130419731140137,2.2327613830566406,2.4134814739227295,2.2320432662963867,2.180471181869507,2.3781521320343018,2.2585978507995605,2.3132050037384033,2.578404188156128,2.66570782661438,2.156632661819458,1.9375196695327759,1.8179000616073608,1.9943013191223145,1.7225278615951538,1.9682594537734985,1.856137990951538,2.0214791297912598,2.0683412551879883,1.9313818216323853,1.9229768514633179,1.6625134944915771,1.4837762117385864,1.7523537874221802,1.6292537450790405
A2,0.37284791469573975,0.0,0.3776363134384155,0.6232355237007141,0.8335869908332825,1.1612789630889893,1.4037132263183594,1.7140064239501953,1.9811426401138306,2.185234308242798,2.0448663234710693,2.0934550762176514,1.9130223989486694,1.748579978942871,1.9222878217697144,1.8667787313461304,1.572928786277771,1.745795726776123,1.5972959995269775,1.564105749130249,1.74674654006958,1.703935980796814,2.043647050857544,2.0770370960235596,2.3520541191101074,2.376112461090088,2.4420745372772217,2.30218505859375,2.679103136062622,2.756676435470581,2.7032699584960938,2.3563332557678223,2.44429874420166,2.332371234893799,2.115272045135498,2.2540998458862305,2.0280606746673584,2.3140618801116943,2.1738171577453613,2.3651621341705322,2.581624984741211,2.7512319087982178,2.7120041847229004,2.870757818222046,3.0928568840026855,2.707397699356079,2.3644800186157227,2.3248770236968994,2.315126419067383,1.9909721612930298,2.1529386043548584,1.8791539669036865,2.08125901222229,1.9203909635543823,1.901659369468689,2.081340789794922,1.9831218719482422,2.0195634365081787,2.313697576522827,2.416618824005127,1.9543023109436035,1.6917704343795776,1.5761460065841675,1.7098102569580078,1.4183697700500488,1.6687531471252441,1.5373307466506958,1.737114429473877,1.7777115106582642,1.6901823282241821,1.701738715171814,1.499573826789856,1.3358615636825562,1.6593571901321411,1.6088229417800903
A3,0.571916401386261,0.3776363134384155,0.0,0.38764339685440063,0.5802499055862427,0.8789315223693848,1.1533429622650146,1.4218406677246094,1.7188704013824463,1.8934335708618164,1.716952919960022,1.747913122177124,1.572448968887329,1.3843591213226318,1.5695687532424927,1.7006422281265259,1.4133824110031128,1.5435680150985718,1.3374992609024048,1.3427989482879639,1.4801750183105469,1.4797077178955078,1.8047555685043335,1.8778718709945679,2.1792948246002197,2.1710405349731445,2.2702150344848633,2.1183674335479736,2.4940853118896484,2.5917747020721436,2.6825170516967773,2.3299202919006348,2.4057869911193848,2.237653970718384,2.0310606956481934,2.113353729248047,1.8825039863586426,2.149054765701294,1.9941965341567993,2.224879503250122,2.452993631362915,2.6704602241516113,2.6820855140686035,2.824410915374756,3.0860157012939453,2.8395063877105713,2.4815447330474854,2.4188315868377686,2.3489298820495605,2.0117411613464355,2.1136090755462646,1.8001407384872437,1.9684369564056396,1.7514528036117554,1.752951979637146,1.9858444929122925,1.945113182067871,2.041015625,2.3402678966522217,2.501528739929199,2.1730220317840576,1.893117904663086,1.7239329814910889,1.7895631790161133,1.4526777267456055,1.624320387840271,1.4289205074310303,1.5659657716751099,1.550464153289795,1.409557580947876,1.4651991128921509,1.256767988204956,1.177549123764038,1.4994574785232544,1.5054278373718262
A4,0.8506945967674255,0.6232355237007141,0.38764339685440063,0.0,0.37877923250198364,0.5731309652328491,0.8834004402160645,1.14655339717865,1.4464789628982544,1.6739516258239746,1.5110677480697632,1.6228926181793213,1.5333094596862793,1.3511587381362915,1.617476463317871,1.9362119436264038,1.6265965700149536,1.676467776298523,1.406268835067749,1.3465420007705688,1.3942927122116089,1.32537841796875,1.609908103942871,1.6306926012039185,1.9593883752822876,1.9954644441604614,2.1470000743865967,2.0518808364868164,2.4344322681427,2.5894381999969482,2.727656126022339,2.3608460426330566,2.37675142288208,2.1812736988067627,1.9290415048599243,1.9638433456420898,1.683235764503479,1.9048259258270264,1.7033129930496216,1.9097925424575806,2.168689489364624,2.3953816890716553,2.4382948875427246,2.605421543121338,2.8861286640167236,2.7362000942230225,2.381523609161377,2.2640464305877686,2.171736717224121,1.8128409385681152,1.8664863109588623,1.5331019163131714,1.6527233123779297,1.4185280799865723,1.383113145828247,1.6305363178253174,1.594885230064392,1.7305335998535156,2.0151145458221436,2.2091643810272217,2.0044727325439453,1.7267215251922607,1.4998875856399536,1.52018404006958,1.1704293489456177,1.289095163345337,1.0999391078948975,1.2036346197128296,1.2260339260101318,1.086338996887207,1.09513258934021,0.8957480192184448,0.8124402761459351,1.1584537029266357,1.2234326601028442
A5,1.126661777496338,0.8335869908332825,0.5802499055862427,0.37877923250198364,0.0,0.3861653804779053,0.5794373750686646,0.8881394863128662,1.1526583433151245,1.3579111099243164,1.2357091903686523,1.3474602699279785,1.260674238204956,1.1507821083068848,1.4481189250946045,1.7353121042251587,1.4048194885253906,1.390435814857483,1.1032506227493286,0.9932925701141357,1.0297777652740479,0.9514055252075195,1.2526434659957886,1.3022617101669312,1.618035078048706,1.6298890113830566,1.7725783586502075,1.6744117736816406,2.056790351867676,2.2210686206817627,2.4078376293182373,2.04103946685791,2.0445899963378906,1.8248569965362549,1.5839351415634155,1.6031583547592163,1.3408782482147217,1.5815075635910034,1.4187875986099243,1.6691662073135376,1.8942594528198242,2.139216184616089,2.192690372467041,2.3242383003234863,2.6199095249176025,2.5548365116119385,2.1905598640441895,2.082683801651001,1.9415208101272583,1.5970516204833984,1.6278061866760254,1.2877408266067505,1.4357486963272095,1.2001534700393677,1.264336347579956,1.5089848041534424,1.551730990409851,1.6766308546066284,1.9998515844345093,2.2260775566101074,2.099858045578003,1.7821797132492065,1.576534390449524,1.5152580738067627,1.141554594039917,1.2132389545440674,0.9357551336288452,1.0564932823181152,0.9904279708862305,0.9071877598762512,1.0230324268341064,0.9499804377555847,0.977397084236145,1.3399691581726074,1.4922469854354858
A6,1.4121838808059692,1.1612789630889893,0.8789315223693848,0.5731309652328491,0.3861653804779053,0.0,0.37372124195098877,0.5747186541557312,0.8888477087020874,1.1242644786834717,0.973957359790802,1.16344153881073,1.1845484972000122,1.0605289936065674,1.4161200523376465,1.9627132415771484,1.6536945104599,1.5737040042877197,1.2289330959320068,1.1197346448898315,1.0154340267181396,0.9157139658927917,1.1213442087173462,1.1490182876586914,1.5099211931228638,1.538222074508667,1.7577621936798096,1.7065225839614868,2.0749285221099854,2.293987989425659,2.600292682647705,2.235811471939087,2.1906352043151855,1.9253543615341187,1.6685752868652344,1.598718523979187,1.2979536056518555,1.4549232721328735,1.2270675897598267,1.479398250579834,1.7443500757217407,2.0308260917663574,2.1504738330841064,2.2918763160705566,2.6217458248138428,2.7061123847961426,2.3508191108703613,2.1926991939544678,2.0105836391448975,1.6585817337036133,1.6013489961624146,1.2333985567092896,1.282086730003357,0.9757133722305298,1.0136479139328003,1.318712830543518,1.4120333194732666,1.6145142316818237,1.9041255712509155,2.182565927505493,2.2136425971984863,1.9147214889526367,1.6537754535675049,1.536160945892334,1.1678292751312256,1.117114782333374,0.818661093711853,0.7996127009391785,0.7040661573410034,0.5356838703155518,0.6670067310333252,0.6354721188545227,0.7857372164726257,1.1092801094055176,1.3428421020507812
A7,1.6995700597763062,1.4037132263183594,1.1533429622650146,0.8834004402160645,0.5794373750686646,0.37372124195098877,0.0,0.3795020580291748,0.5779156684875488,0.8380885124206543,0.7991570234298706,1.040916085243225,1.1129820346832275,1.103355884552002,1.4768779277801514,1.9573171138763428,1.6373884677886963,1.4855002164840698,1.1464005708694458,0.9494620561599731,0.7800000309944153,0.5897764563560486,0.7653120756149292,0.7794217467308044,1.137385368347168,1.1723047494888306,1.4054129123687744,1.3931336402893066,1.7553805112838745,2.006286859512329,2.345581531524658,1.9870249032974243,1.9025923013687134,1.6152637004852295,1.3529956340789795,1.2429418563842773,0.93901127576828,1.0894051790237427,0.890683650970459,1.1845438480377197,1.4142485857009888,1.7169349193572998,1.853042721748352,1.9648889303207397,2.309511184692383,2.4994475841522217,2.1480584144592285,1.9861750602722168,1.7559090852737427,1.4276703596115112,1.3268424272537231,0.961840033531189,1.0210844278335571,0.7246874570846558,0.8968985676765442,1.1679505109786987,1.3446006774902344,1.5240777730941772,1.838311791419983,2.139624834060669,2.2564501762390137,1.935154914855957,1.6996127367019653,1.5075576305389404,1.150954008102417,1.0424907207489014,0.6785292625427246,0.6724132299423218,0.4542679190635681,0.47532230615615845,0.7143484354019165,0.8665735721588135,1.04623544216156,1.3580045700073242,1.6374763250350952
A8,1.9747555255889893,1.7140064239501953,1.4218406677246094,1.14655339717865,0.8881394863128662,0.5747186541557312,0.3795020580291748,0.0,0.36967819929122925,0.5873194932937622,0.4881611168384552,0.8139024972915649,1.0075767040252686,1.002863883972168,1.3947484493255615,2.0990421772003174,1.818189263343811,1.6216216087341309,1.2526410818099976,1.1117961406707764,0.826587438583374,0.7152911424636841,0.7236953377723694,0.7826818823814392,1.154044508934021,1.1530019044876099,1.4538559913635254,1.460267186164856,1.781916856765747,2.066481351852417,2.553638219833374,2.212852716445923,2.109194040298462,1.7808130979537964,1.5499018430709839,1.3511457443237305,1.0692226886749268,1.111506462097168,0.8795350193977356,1.1931592226028442,1.4326971769332886,1.7852863073349,1.9918291568756104,2.0853984355926514,2.4583232402801514,2.7868449687957764,2.446417808532715,2.2648463249206543,1.999930500984192,1.6917219161987305,1.5187392234802246,1.164372444152832,1.118314266204834,0.7645305395126343,0.9341091513633728,1.2487038373947144,1.4846081733703613,1.7226072549819946,1.9951629638671875,2.333953619003296,2.556828260421753,2.252379894256592,1.98982572555542,1.772575855255127,1.4377124309539795,1.248111605644226,0.9065725207328796,0.7349909543991089,0.40814393758773804,0.27616506814956665,0.6405500769615173,0.854427695274353,1.146409511566162,1.3764081001281738,1.7020776271820068
A9,2.272059202194214,1.9811426401138306,1.7188704013824463,1.4464789628982544,1.1526583433151245,0.8888477087020874,0.5779156684875488,0.36967819929122925,0.0,0.38840213418006897,0.5490702390670776,0.9083981513977051,1.1527879238128662,1.2464909553527832,1.622222900390625,2.2402639389038086,1.9574337005615234,1.7109709978103638,1.3738269805908203,1.1672567129135132,0.8408372402191162,0.6471982002258301,0.483040988445282,0.4770665168762207,0.8309755325317383,0.8584935069084167,1.2011038064956665,1.2849961519241333,1.5734584331512451,1.9017196893692017,2.4160006046295166,2.092710494995117,1.9382317066192627,1.5965663194656372,1.3664357662200928,1.102521538734436,0.8327063322067261,0.7889333963394165,0.5813828110694885,0.9280208349227905,1.1209602355957031,1.4946988821029663,1.734900951385498,1.798043131828308,2.184880256652832,2.6431691646575928,2.3210158348083496,2.1289408206939697,1.8232369422912598,1.5569478273391724,1.3259620666503906,1.0131356716156006,0.9348136186599731,0.6317500472068787,0.9164853096008301,1.1609315872192383,1.4668807983398438,1.6797672510147095,1.9518227577209473,2.3051507472991943,2.617882490158081,2.3080222606658936,2.0673937797546387,1.7944329977035522,1.496184229850769,1.2599185705184937,0.9253139495849609,0.7598510384559631,0.3901103138923645,0.5466591715812683,0.8389705419540405,1.1440646648406982,1.4133758544921875,1.6337729692459106,1.981082797050476
A10,2.462984800338745,2.185234308242798,1.8934335708618164,1.6739516258239746,1.3579111099243164,1.1242644786834717,0.8380885124206543,0.5873194932937622,0.38840213418006897,0.0,0.3706654906272888,0.6492413878440857,0.9418665170669556,1.1154347658157349,1.4505386352539062,2.1186962127685547,1.881584644317627,1.5893031358718872,1.2643671035766602,1.1135199069976807,0.7335187792778015,0.69614577293396,0.4443792700767517,0.660361111164093,0.9024205207824707,0.7721907496452332,1.1079685688018799,1.1435023546218872,1.379270315170288,1.7048852443695068,2.3740899562835693,2.0806384086608887,1.9477035999298096,1.573356032371521,1.4289813041687012,1.1265716552734375,0.974899411201477,0.9324191212654114,0.8539339900016785,1.214989185333252,1.3280950784683228,1.711666464805603,1.9616522789001465,1.9617215394973755,2.351464033126831,2.865770101547241,2.543839693069458,2.386564016342163,2.058529853820801,1.8299788236618042,1.6038854122161865,1.3242437839508057,1.275381326675415,1.008609414100647,1.3002567291259766,1.536716341972351,1.8529391288757324,2.055917739868164,2.33184814453125,2.6847293376922607,2.9795000553131104,2.6581203937530518,2.432579278945923,2.16522479057312,1.8592437505722046,1.6421679258346558,1.2972432374954224,1.1460692882537842,0.7730438113212585,0.8211315870285034,1.1591432094573975,1.4226047992706299,1.7263400554656982,1.9341439008712769,2.2763020992279053
A11,2.2825355529785156,2.0448663234710693,1.716952919960022,1.5110677480697632,1.2357091903686523,0.973957359790802,0.7991570234298706,0.4881611168384552,0.5490702390670776,0.3706654906272888,0.0,0.3964448869228363,0.7237327694892883,0.8107863664627075,1.1626547574996948,2.01166033744812,1.7946960926055908,1.5395116806030273,1.1757744550704956,1.1205049753189087,0.760577917098999,0.8298600912094116,0.7267151474952698,0.9499924182891846,1.2424261569976807,1.1089820861816406,1.4100342988967896,1.3712013959884644,1.6276357173919678,1.9078260660171509,2.582134485244751,2.2765579223632812,2.1902050971984863,1.8224883079528809,1.6800967454910278,1.425274133682251,1.2495037317276,1.2582523822784424,1.12020742893219,1.4699838161468506,1.6389466524124146,2.0202748775482178,2.2586727142333984,2.287149667739868,2.672858715057373,3.0991733074188232,2.761030673980713,2.6075963973999023,2.3070201873779297,2.041133165359497,1.8472199440002441,1.5264923572540283,1.4794200658798218,1.1535670757293701,1.3677587509155273,1.6654293537139893,1.9402412176132202,2.176074743270874,2.444904088973999,2.7945985794067383,3.033379077911377,2.7193644046783447,2.4702346324920654,2.245021343231201,1.912086009979248,1.7181951999664307,1.3705042600631714,1.1912336349487305,0.8332288265228271,0.7018392086029053,1.061209797859192,1.2433549165725708,1.5774487257003784,1.7647643089294434,2.0884625911712646
A12,2.3044772148132324,2.0934550762176514,1.747913122177124,1.6228926181793213,1.3474602699279785,1.16344153881073,1.040916085243225,0.8139024972915649,0.9083981513977051,0.6492413878440857,0.3964448869228363,0.0,0.3919435143470764,0.5587789416313171,0.8358569145202637,1.7465474605560303,1.586795449256897,1.3237800598144531,0.9803528785705566,1.0414999723434448,0.7270610928535461,0.9614832997322083,0.9245468974113464,1.2348021268844604,1.4783141613006592,1.2585275173187256,1.4873920679092407,1.3549057245254517,1.581296682357788,1.8004411458969116,2.550212860107422,2.266666889190674,2.2353403568267822,1.866578221321106,1.7942384481430054,1.5697197914123535,1.4671201705932617,1.531636118888855,1.456978440284729,1.8248225450515747,1.9589365720748901,2.3325462341308594,2.547196865081787,2.542889356613159,2.9180052280426025,3.298921823501587,2.952115297317505,2.8404369354248047,2.543891668319702,2.291217565536499,2.1344847679138184,1.8210688829421997,1.8253953456878662,1.5139638185501099,1.7362658977508545,2.0336368083953857,2.2926886081695557,2.5099644660949707,2.7980494499206543,3.133730888366699,3.2955482006073,2.9691109657287598,2.7391791343688965,2.5410640239715576,2.19075608253479,2.0422580242156982,1.6803346872329712,1.5450676679611206,1.190533995628357,1.0323359966278076,1.3931483030319214,1.5043692588806152,1.828852653503418,2.0259318351745605,2.314260482788086
A13,2.1077346801757812,1.9130223989486694,1.572448968887329,1.5333094596862793,1.260674238204956,1.1845484972000122,1.1129820346832275,1.0075767040252686,1.1527879238128662,0.9418665170669556,0.7237327694892883,0.3919435143470764,0.0,0.3562076687812805,0.5480613708496094,1.3658474683761597,1.2285536527633667,0.9908370971679688,0.6606414914131165,0.8394877314567566,0.6554728150367737,0.987040102481842,1.0760471820831299,1.412397861480713,1.6399173736572266,1.3946624994277954,1.5398772954940796,1.3209933042526245,1.563954472541809,1.7046679258346558,2.405480146408081,2.1263420581817627,2.1582589149475098,1.8154631853103638,1.779375672340393,1.6285569667816162,1.5597492456436157,1.7083899974822998,1.6683905124664307,2.045947313308716,2.1677095890045166,2.5173914432525635,2.682746171951294,2.670760154724121,3.0237250328063965,3.2858004570007324,2.9286231994628906,2.8598873615264893,2.589207172393799,2.337266445159912,2.2413148880004883,1.9291658401489258,2.001807689666748,1.7079190015792847,1.9311518669128418,2.2221508026123047,2.4448394775390625,2.628873825073242,2.9439733028411865,3.2511441707611084,3.300488233566284,2.9633710384368896,2.7615959644317627,2.602491617202759,2.2372589111328125,2.1545348167419434,1.7854350805282593,1.719992995262146,1.3867297172546387,1.2278037071228027,1.5802969932556152,1.6278443336486816,1.9072978496551514,2.142482280731201,2.3842966556549072
A14,1.89801824092865,1.748579978942871,1.3843591213226318,1.3511587381362915,1.1507821083068848,1.0605289936065674,1.103355884552002,1.002863883972168,1.2464909553527832,1.1154347658157349,0.8107863664627075,0.5587789416313171,0.3562076687812805,0.0,0.3932599127292633,1.4458565711975098,1.3078287839889526,1.1612414121627808,0.8171765804290771,1.0225104093551636,0.8826937079429626,1.1580703258514404,1.2852599620819092,1.5732338428497314,1.853562355041504,1.6573683023452759,1.8286434412002563,1.625522255897522,1.8968665599822998,2.035578489303589,2.6642308235168457,2.3654215335845947,2.4061150550842285,2.078735828399658,2.0006890296936035,1.8705050945281982,1.7438466548919678,1.8936946392059326,1.791123867034912,2.1501495838165283,2.322564125061035,2.672677993774414,2.837242364883423,2.8648617267608643,3.2189416885375977,3.419064998626709,3.0546936988830566,2.9704530239105225,2.7262096405029297,2.4398601055145264,2.356478691101074,2.016782522201538,2.0725090503692627,1.7477189302444458,1.9055812358856201,2.2266666889190674,2.410902738571167,2.61891508102417,2.9175024032592773,3.2182817459106445,3.2348268032073975,2.9149763584136963,2.6905839443206787,2.5671231746673584,2.1947808265686035,2.126227378845215,1.7768954038619995,1.6926976442337036,1.4015083312988281,1.1592881679534912,1.4718217849731445,1.4407762289047241,1.714464545249939,1.9257744550704956,2.1370434761047363
A15,2.0248899459838867,1.9222878217697144,1.5695687532424927,1.617476463317871,1.4481189250946045,1.4161200523376465,1.4768779277801514,1.3947484493255615,1.622222900390625,1.4505386352539062,1.1626547574996948,0.8358569145202637,0.5480613708496094,0.3932599127292633,0.0,1.2943718433380127,1.2582592964172363,1.1535191535949707,0.9044248461723328,1.2103047370910645,1.1466686725616455,1.4713966846466064,1.6073263883590698,1.92324697971344,2.1738433837890625,1.9388707876205444,2.0641162395477295,1.811212182044983,2.043273687362671,2.11911678314209,2.7759408950805664,2.505664587020874,2.5928518772125244,2.2790820598602295,2.252880811691284,2.145522356033325,2.0642645359039307,2.2321557998657227,2.1599974632263184,2.526350498199463,2.679774761199951,3.0264289379119873,3.179159641265869,3.186187744140625,3.5312252044677734,3.69673490524292,3.3309338092803955,3.2772488594055176,3.039672613143921,2.7662618160247803,2.70434832572937,2.3743183612823486,2.4509074687957764,2.134620428085327,2.2964744567871094,2.615344285964966,2.791999578475952,2.989659070968628,3.2950236797332764,3.5854949951171875,3.547950267791748,3.2259767055511475,3.0177390575408936,2.9162864685058594,2.5410244464874268,2.4983069896698,2.149498224258423,2.0820038318634033,1.7920030355453491,1.550681471824646,1.8543453216552734,1.7919151782989502,2.048370599746704,2.2500247955322266,2.4264023303985596
B1,1.9990332126617432,1.8667787313461304,1.7006422281265259,1.9362119436264038,1.7353121042251587,1.9627132415771484,1.9573171138763428,2.0990421772003174,2.2402639389038086,2.1186962127685547,2.01166033744812,1.7465474605560303,1.3658474683761597,1.4458565711975098,1.2943718433380127,0.0,0.37215229868888855,0.5806741118431091,0.8674161434173584,1.1374149322509766,1.4286417961120605,1.7134714126586914,1.9850223064422607,2.285435199737549,2.404149293899536,2.154257297515869,2.047900915145874,1.689610242843628,1.8810609579086304,1.7285021543502808,2.0188074111938477,1.830247163772583,2.085462808609009,1.9296784400939941,2.0323617458343506,2.1322739124298096,2.1909842491149902,2.5028486251831055,2.5754740238189697,2.926464796066284,2.977299690246582,3.219987154006958,3.2260892391204834,3.175105571746826,3.4187676906585693,3.295724630355835,2.9528355598449707,3.047119379043579,2.88342022895813,2.6977949142456055,2.7880427837371826,2.554811477661133,2.797304153442383,2.6125102043151855,2.8424110412597656,3.0576486587524414,3.1836719512939453,3.2343876361846924,3.6050667762756348,3.8043057918548584,3.5227012634277344,3.1752865314483643,3.1103577613830566,3.0633037090301514,2.7202987670898438,2.824230909347534,2.4950032234191895,2.620791435241699,2.374373435974121,2.298858165740967,2.5889430046081543,2.547044515609741,2.665989875793457,2.9838790893554688,3.097445011138916
B2,1.7533600330352783,1.572928786277771,1.4133824110031128,1.6265965700149536,1.4048194885253906,1.6536945104599,1.6373884677886963,1.818189263343811,1.9574337005615234,1.881584644317627,1.7946960926055908,1.586795449256897,1.2285536527633667,1.3078287839889526,1.2582592964172363,0.37215229868888855,0.0,0.37525448203086853,0.6264036893844604,0.8323763012886047,1.164387822151184,1.4059301614761353,1.708967924118042,1.980541706085205,2.111172676086426,1.8955793380737305,1.8018604516983032,1.4665855169296265,1.7149142026901245,1.6140230894088745,1.8420363664627075,1.6016440391540527,1.830459475517273,1.6697660684585571,1.7255967855453491,1.8415731191635132,1.8710687160491943,2.1973650455474854,2.2599987983703613,2.5991134643554688,2.6585803031921387,2.8912322521209717,2.8882081508636475,2.856567859649658,3.1011853218078613,2.965010643005371,2.6148533821105957,2.6943366527557373,2.5352938175201416,2.337280511856079,2.435483694076538,2.2009658813476562,2.4536261558532715,2.281528949737549,2.5079877376556396,2.709984302520752,2.826525926589966,2.8671629428863525,3.2395894527435303,3.4344520568847656,3.1617255210876465,2.8111793994903564,2.745997905731201,2.693763494491577,2.3536157608032227,2.4647135734558105,2.1420304775238037,2.2890679836273193,2.0613861083984375,2.0118393898010254,2.2883803844451904,2.2591843605041504,2.3600192070007324,2.694509267807007,2.8160393238067627
B3,1.9677246809005737,1.745795726776123,1.5435680150985718,1.676467776298523,1.390435814857483,1.5737040042877197,1.4855002164840698,1.6216216087341309,1.7109709978103638,1.5893031358718872,1.5395116806030273,1.3237800598144531,0.9908370971679688,1.1612414121627808,1.1535191535949707,0.5806741118431091,0.37525448203086853,0.0,0.38748854398727417,0.584749162197113,0.8789358735084534,1.1569851636886597,1.416816234588623,1.7193195819854736,1.8253107070922852,1.5747374296188354,1.4824062585830688,1.1347600221633911,1.371342420578003,1.2987616062164307,1.6975213289260864,1.4547635316848755,1.6400339603424072,1.4226399660110474,1.50246000289917,1.5644426345825195,1.6252450942993164,1.9280872344970703,2.0172677040100098,2.3718416690826416,2.4078779220581055,2.6590166091918945,2.6866414546966553,2.629612922668457,2.895264148712158,2.893306016921997,2.544351816177368,2.6023006439208984,2.3962020874023438,2.2119083404541016,2.2624433040618896,2.0321061611175537,2.264796018600464,2.091989517211914,2.3567821979522705,2.5571656227111816,2.7199997901916504,2.775423765182495,3.1477668285369873,3.372771739959717,3.20192813873291,2.840708017349243,2.757107973098755,2.65263032913208,2.309849977493286,2.3682968616485596,2.02166748046875,2.140075922012329,1.8714470863342285,1.8475497961044312,2.1582539081573486,2.1854605674743652,2.332516670227051,2.6615071296691895,2.832447052001953
B4,1.8296020030975342,1.5972959995269775,1.3374992609024048,1.406268835067749,1.1032506227493286,1.2289330959320068,1.1464005708694458,1.2526410818099976,1.3738269805908203,1.2643671035766602,1.1757744550704956,0.9803528785705566,0.6606414914131165,0.8171765804290771,0.9044248461723328,0.8674161434173584,0.6264036893844604,0.38748854398727417,0.0,0.37589114904403687,0.5759442448616028,0.8860293030738831,1.1462987661361694,1.453901767730713,1.6224552392959595,1.390985369682312,1.3924684524536133,1.0928034782409668,1.3845758438110352,1.421613097190857,1.899623155593872,1.6134699583053589,1.7246135473251343,1.45099937915802,1.450342059135437,1.4446836709976196,1.4315775632858276,1.7057108879089355,1.7403900623321533,2.104444980621338,2.182312488555908,2.466035842895508,2.5350382328033447,2.5099680423736572,2.8104894161224365,2.88238525390625,2.5221588611602783,2.5244081020355225,2.298975706100464,2.073014974594116,2.079700469970703,1.807680368423462,1.9988447427749634,1.7845476865768433,2.0336005687713623,2.2638723850250244,2.4373364448547363,2.5332493782043457,2.8918917179107666,3.1425557136535645,3.0394742488861084,2.683607339859009,2.5548465251922607,2.4339044094085693,2.0758914947509766,2.0959529876708984,1.7370409965515137,1.812922716140747,1.532090663909912,1.475936770439148,1.7943235635757446,1.8243736028671265,1.9997938871383667,2.3143861293792725,2.5063366889953613
B5,1.8545409440994263,1.564105749130249,1.3427989482879639,1.3465420007705688,0.9932925701141357,1.1197346448898315,0.9494620561599731,1.1117961406707764,1.1672567129135132,1.1135199069976807,1.1205049753189087,1.0414999723434448,0.8394877314567566,1.0225104093551636,1.2103047370910645,1.1374149322509766,0.8323763012886047,0.584749162197113,0.37589114904403687,0.0,0.38528841733932495,0.5799354314804077,0.8819863200187683,1.1513766050338745,1.2964640855789185,1.1004313230514526,1.0902361869812012,0.8316820859909058,1.179089069366455,1.272222638130188,1.670109510421753,1.3519126176834106,1.4127421379089355,1.129955768585205,1.0857876539230347,1.0941779613494873,1.0763217210769653,1.3773874044418335,1.4400228261947632,1.7914427518844604,1.8479515314102173,2.1118688583374023,2.165097236633301,2.1402244567871094,2.437131404876709,2.530153274536133,2.1717641353607178,2.164336919784546,1.9276139736175537,1.7113384008407593,1.7182978391647339,1.465852975845337,1.6823830604553223,1.5112336874008179,1.7904918193817139,1.9808119535446167,2.1635582447052,2.2314820289611816,2.5987138748168945,2.846238613128662,2.7799978256225586,2.4166958332061768,2.301624298095703,2.149945020675659,1.8072177171707153,1.821410894393921,1.4647482633590698,1.5793094635009766,1.3102529048919678,1.343420386314392,1.650162696838379,1.7379118204116821,1.8932065963745117,2.2288784980773926,2.4441816806793213
B6,2.0342628955841064,1.74674654006958,1.4801750183105469,1.3942927122116089,1.0297777652740479,1.0154340267181396,0.7800000309944153,0.826587438583374,0.8408372402191162,0.7335187792778015,0.760577917098999,0.7270610928535461,0.6554728150367737,0.8826937079429626,1.1466686725616455,1.4286417961120605,1.164387822151184,0.8789358735084534,0.5759442448616028,0.38528841733932495,0.0,0.37679523229599,0.572456955909729,0.8976523876190186,1.0833666324615479,0.8681068420410156,0.9770727753639221,0.7940179109573364,1.1295119524002075,1.3244794607162476,1.8812663555145264,1.5704833269119263,1.5527877807617188,1.2098801136016846,1.1297202110290527,1.0033422708511353,0.9419065713882446,1.1611597537994385,1.1925828456878662,1.5683345794677734,1.641394853591919,1.9535247087478638,2.07470965385437,2.053067684173584,2.3905675411224365,2.6429309844970703,2.291297435760498,2.2290453910827637,1.9495195150375366,1.7218679189682007,1.6435582637786865,1.3664002418518066,1.507484793663025,1.2939327955245972,1.5908538103103638,1.8069124221801758,2.0390920639038086,2.1567444801330566,2.5019516944885254,2.79072904586792,2.849287986755371,2.494598627090454,2.3349881172180176,2.1388823986053467,1.795323371887207,1.7278515100479126,1.3530877828598022,1.38436758518219,1.060718297958374,1.0886523723602295,1.4307886362075806,1.5717869997024536,1.7890312671661377,2.091120481491089,2.353640079498291
B7,2.027519702911377,1.703935980796814,1.4797077178955078,1.32537841796875,0.9514055252075195,0.9157139658927917,0.5897764563560486,0.7152911424636841,0.6471982002258301,0.69614577293396,0.8298600912094116,0.9614832997322083,0.987040102481842,1.1580703258514404,1.4713966846466064,1.7134714126586914,1.4059301614761353,1.1569851636886597,0.8860293030738831,0.5799354314804077,0.37679523229599,0.0,0.37209948897361755,0.5782389044761658,0.7944532036781311,0.6950626373291016,0.8525764346122742,0.8033682703971863,1.1689581871032715,1.4207288026809692,1.8396985530853271,1.5040457248687744,1.4161657094955444,1.084712028503418,0.898237407207489,0.7588385343551636,0.5982797741889954,0.8408300876617432,0.8625431060791016,1.2232650518417358,1.3020198345184326,1.6010578870773315,1.7161228656768799,1.722406029701233,2.0649170875549316,2.338829278945923,1.9911402463912964,1.8942935466766357,1.6067317724227905,1.3670499324798584,1.2702500820159912,0.9910634756088257,1.1449050903320312,0.9696358442306519,1.2919788360595703,1.467602252960205,1.705922245979309,1.8046027421951294,2.152498722076416,2.4413576126098633,2.5496692657470703,2.1969027519226074,2.0384573936462402,1.8109291791915894,1.486045479774475,1.3996692895889282,1.0315604209899902,1.0991458892822266,0.8050004839897156,0.9519137740135193,1.2511204481124878,1.4485599994659424,1.631927490234375,1.9462264776229858,2.224745750427246
B8,2.3613855838775635,2.043647050857544,1.8047555685043335,1.609908103942871,1.2526434659957886,1.1213442087173462,0.7653120756149292,0.7236953377723694,0.483040988445282,0.4443792700767517,0.7267151474952698,0.9245468974113464,1.0760471820831299,1.2852599620819092,1.6073263883590698,1.9850223064422607,1.708967924118042,1.416816234588623,1.1462987661361694,0.8819863200187683,0.572456955909729,0.37209948897361755,0.0,0.3783871531486511,0.5702234506607056,0.4396936595439911,0.7388306260108948,0.8040708899497986,1.0964781045913696,1.4234055280685425,1.9691663980484009,1.6653151512145996,1.516578197479248,1.1522369384765625,0.9852749705314636,0.7007297277450562,0.5631169080734253,0.6346238851547241,0.6836743354797363,1.063222885131836,1.1099438667297363,1.453639268875122,1.6411696672439575,1.6203608512878418,1.993459701538086,2.4533026218414307,2.1299517154693604,2.0002098083496094,1.6690454483032227,1.4642475843429565,1.2753350734710693,1.0277122259140015,1.0852553844451904,0.9135193824768066,1.2724521160125732,1.4358763694763184,1.7378631830215454,1.8651635646820068,2.182551622390747,2.504126787185669,2.740342855453491,2.4001269340515137,2.223696708679199,1.9496665000915527,1.6542912721633911,1.4867972135543823,1.1347709894180298,1.11278235912323,0.7766228914260864,0.9665742516517639,1.2746208906173706,1.5424830913543701,1.7730262279510498,2.0433642864227295,2.363212823867798
B9,2.4105799198150635,2.0770370960235596,1.8778718709945679,1.6306926012039185,1.3022617101669312,1.1490182876586914,0.7794217467308044,0.7826818823814392,0.4770665168762207,0.660361111164093,0.9499924182891846,1.2348021268844604,1.412397861480713,1.5732338428497314,1.92324697971344,2.285435199737549,1.980541706085205,1.7193195819854736,1.453901767730713,1.1513766050338745,0.8976523876190186,0.5782389044761658,0.3783871531486511,0.0,0.3822632431983948,0.5423424243927002,0.8540356755256653,1.0368744134902954,1.3164061307907104,1.6614081859588623,2.0639917850494385,1.751421332359314,1.5438213348388672,1.2227544784545898,0.9628176689147949,0.6796626448631287,0.3925941586494446,0.3357654809951782,0.31895700097084045,0.6902620792388916,0.759968638420105,1.1082831621170044,1.3159459829330444,1.3426212072372437,1.726566195487976,2.2341115474700928,1.9272433519363403,1.7463184595108032,1.4096466302871704,1.19706392288208,0.9507136344909668,0.7129952907562256,0.7232952117919922,0.617609977722168,1.002516508102417,1.1033891439437866,1.4245922565460205,1.540627360343933,1.8445872068405151,2.172328233718872,2.4897243976593018,2.16460919380188,1.9839123487472534,1.673912525177002,1.4192171096801758,1.2084108591079712,0.8981449604034424,0.8857166767120361,0.6271582245826721,0.9444873332977295,1.1646381616592407,1.483141541481018,1.67319655418396,1.9347645044326782,2.2653722763061523
B10,2.700134754180908,2.3520541191101074,2.1792948246002197,1.9593883752822876,1.618035078048706,1.5099211931228638,1.137385368347168,1.154044508934021,0.8309755325317383,0.9024205207824707,1.2424261569976807,1.4783141613006592,1.6399173736572266,1.853562355041504,2.1738433837890625,2.404149293899536,2.111172676086426,1.8253107070922852,1.6224552392959595,1.2964640855789185,1.0833666324615479,0.7944532036781311,0.5702234506607056,0.3822632431983948,0.0,0.3750721514225006,0.6194108724594116,0.916008472442627,1.1194853782653809,1.483540415763855,1.8638309240341187,1.5905663967132568,1.329880714416504,1.0191093683242798,0.7991628050804138,0.44862279295921326,0.3598044514656067,0.18105889856815338,0.5265329480171204,0.7687901854515076,0.6432748436927795,0.9433054327964783,1.1382129192352295,1.0756429433822632,1.4593169689178467,2.0927541255950928,1.8163779973983765,1.659913182258606,1.288321852684021,1.1760627031326294,0.919212818145752,0.8275603652000427,0.8791278004646301,0.9161322712898254,1.2994177341461182,1.3136186599731445,1.6393598318099976,1.692400574684143,1.9925427436828613,2.299210786819458,2.6381876468658447,2.3113765716552734,2.1780128479003906,1.8490921258926392,1.6412380933761597,1.4484726190567017,1.1837787628173828,1.2181217670440674,1.000860333442688,1.3252949714660645,1.5359915494918823,1.8611928224563599,2.035172700881958,2.2996623516082764,2.627645492553711
B11,2.711670160293579,2.376112461090088,2.1710405349731445,1.9954644441604614,1.6298890113830566,1.538222074508667,1.1723047494888306,1.1530019044876099,0.8584935069084167,0.7721907496452332,1.1089820861816406,1.2585275173187256,1.3946624994277954,1.6573683023452759,1.9388707876205444,2.154257297515869,1.8955793380737305,1.5747374296188354,1.390985369682312,1.1004313230514526,0.8681068420410156,0.6950626373291016,0.4396936595439911,0.5423424243927002,0.3750721514225006,0.0,0.383221298456192,0.6193342208862305,0.8079227805137634,1.183583378791809,1.744596004486084,1.4895282983779907,1.2815405130386353,0.9129977226257324,0.8166307806968689,0.4434193968772888,0.5390866994857788,0.5413175821304321,0.8034107089042664,1.111328363418579,1.0089142322540283,1.3065178394317627,1.4818763732910156,1.3732706308364868,1.7350302934646606,2.322605848312378,2.0327844619750977,1.9282829761505127,1.5644128322601318,1.4562108516693115,1.253218173980713,1.1254698038101196,1.20540189743042,1.158740758895874,1.5442768335342407,1.621730089187622,1.9426695108413696,2.014068365097046,2.328324317932129,2.6352648735046387,2.9082040786743164,2.565986394882202,2.4339077472686768,2.1318280696868896,1.8836638927459717,1.7181789875030518,1.4059834480285645,1.423842191696167,1.132504940032959,1.379893183708191,1.6593124866485596,1.953902244567871,2.1650331020355225,2.436783790588379,2.760859727859497
B12,2.78538179397583,2.4420745372772217,2.2702150344848633,2.1470000743865967,1.7725783586502075,1.7577621936798096,1.4054129123687744,1.4538559913635254,1.2011038064956665,1.1079685688018799,1.4100342988967896,1.4873920679092407,1.5398772954940796,1.8286434412002563,2.0641162395477295,2.047900915145874,1.8018604516983032,1.4824062585830688,1.3924684524536133,1.0902361869812012,0.9770727753639221,0.8525764346122742,0.7388306260108948,0.8540356755256653,0.6194108724594116,0.383221298456192,0.0,0.3756779134273529,0.5157392621040344,0.8665857315063477,1.3794127702713013,1.1548526287078857,0.9493982791900635,0.5770675539970398,0.6167793869972229,0.3461347222328186,0.6710035800933838,0.7939611673355103,1.1111621856689453,1.3821122646331787,1.2213778495788574,1.4359891414642334,1.5254262685775757,1.3562229871749878,1.664094090461731,2.1842401027679443,1.9048914909362793,1.8677728176116943,1.5163835287094116,1.4727133512496948,1.345226764678955,1.2822449207305908,1.4446643590927124,1.451265573501587,1.8366230726242065,1.8815399408340454,2.1727068424224854,2.1875786781311035,2.5229194164276123,2.79384708404541,2.986727476119995,2.633517026901245,2.552271604537964,2.268235206604004,2.0319907665252686,1.9253405332565308,1.6236082315444946,1.7109308242797852,1.442981481552124,1.6897915601730347,1.9697182178497314,2.2386577129364014,2.419452667236328,2.7199201583862305,3.0210487842559814
B13,2.6277167797088623,2.30218505859375,2.1183674335479736,2.0518808364868164,1.6744117736816406,1.7065225839614868,1.3931336402893066,1.460267186164856,1.2849961519241333,1.1435023546218872,1.3712013959884644,1.3549057245254517,1.3209933042526245,1.625522255897522,1.811212182044983,1.689610242843628,1.4665855169296265,1.1347600221633911,1.0928034782409668,0.8316820859909058,0.7940179109573364,0.8033682703971863,0.8040708899497986,1.0368744134902954,0.916008472442627,0.6193342208862305,0.3756779134273529,0.0,0.3865469992160797,0.6377272605895996,1.2713910341262817,1.0400141477584839,0.9585815072059631,0.5827646851539612,0.7242399454116821,0.6066354513168335,0.8695809841156006,1.078208327293396,1.3365514278411865,1.6517398357391357,1.5437082052230835,1.771523356437683,1.8375664949417114,1.6871960163116455,1.9750064611434937,2.346938133239746,2.0446672439575195,2.0498855113983154,1.7318555116653442,1.6559457778930664,1.5864357948303223,1.472231149673462,1.6679896116256714,1.617349624633789,1.989115834236145,2.08195424079895,2.348527431488037,2.372775077819824,2.727508544921875,2.9897587299346924,3.085753917694092,2.72098708152771,2.6431844234466553,2.3989832401275635,2.1262013912200928,2.06274151802063,1.731396198272705,1.8302620649337769,1.5376949310302734,1.7180402278900146,2.0295188426971436,2.2479898929595947,2.4327001571655273,2.7483253479003906,3.026308536529541
