,A1,A2,A3,A4,A5,A6,A7,A8,A9,A10,A11,A12,A13,A14,A15,B1,B2,B3,B4,B5,B6,B7,B8,B9,B10,B11,B12,B13,B14,B15,C1,C2,C3,C4,C5,C6,C7,C8,C9,C10,C11,C12,C13,C14,C15,D1,D2,D3,D4,D5,D6,D7,D8,D9,D10,D11,D12,D13,D14,D15,E1,E2,E3,E4,E5,E6,E7,E8,E9,E10,E11,E12,E13,E14,E15
A1,0.0,0.3907769024372101,0.5911570191383362,0.8917660713195801,1.1583147048950195,1.4421918392181396,1.7213423252105713,1.994113564491272,2.338024616241455,2.4784603118896484,2.8309319019317627,3.0454506874084473,3.2571370601654053,3.516554832458496,3.7422800064086914,2.280722141265869,2.4813010692596436,2.2740871906280518,2.3372397422790527,2.0322351455688477,2.2585644721984863,1.9985871315002441,2.284067153930664,2.1730098724365234,2.251626968383789,2.5218827724456787,2.536342144012451,2.891336441040039,2.997248888015747,3.302154779434204,2.4169394969940186,2.137890577316284,2.325305938720703,2.3874359130859375,2.2648708820343018,2.512047529220581,2.3799591064453125,2.715240955352783,2.6707494258880615,2.939232587814331,3.107243776321411,3.2596778869628906,3.4580137729644775,3.5037841796875,3.8905937671661377,1.188815951347351,1.0337224006652832,0.8980468511581421,0.5877050757408142,0.8660458922386169,0.7396177649497986,1.1019922494888306,1.1794815063476562,1.537503719329834,1.7609834671020508,2.018732786178589,2.311397075653076,2.577608346939087,2.9014620780944824,3.104438304901123,2.680870294570923,2.5061349868774414,2.2030153274536133,2.0696301460266113,1.705594539642334,1.672264814376831,1.3328826427459717,1.3757472038269043,1.2150547504425049,0.9928691387176514,1.2479732036590576,1.1144720315933228,1.4889882802963257,1.7274162769317627,1.9468607902526855
A2,0.3907769024372101,0.0,0.3860698938369751,0.6242271065711975,0.8610823154449463,1.1821857690811157,1.4214603900909424,1.7283345460891724,2.0417845249176025,2.204716205596924,2.554743528366089,2.7711546421051025,3.0091445446014404,3.2638912200927734,3.5153214931488037,1.9562441110610962,2.144296407699585,1.9251741170883179,2.0171422958374023,1.712997555732727,1.9665899276733398,1.7311162948608398,2.0382111072540283,1.9827438592910767,2.062356472015381,2.3698387145996094,2.416527509689331,2.758775234222412,2.9120841026306152,3.2048370838165283,2.1589713096618652,1.8523201942443848,2.007279634475708,2.0881800651550293,1.9413570165634155,2.209906578063965,2.0767557621002197,2.4253644943237305,2.407703161239624,2.6535732746124268,2.8480005264282227,2.977613687515259,3.197747230529785,3.2319140434265137,3.623243808746338,1.024387001991272,0.8433717489242554,0.592133104801178,0.30320072174072266,0.5448488593101501,0.515167236328125,0.8911577463150024,1.0290464162826538,1.412107229232788,1.5836765766143799,1.8929953575134277,2.141340970993042,2.4431164264678955,2.7508082389831543,2.974370241165161,2.343425989151001,2.1493377685546875,1.8538687229156494,1.7069288492202759,1.342087745666504,1.3331327438354492,0.9901294112205505,1.1051536798477173,0.9909050464630127,0.8709378242492676,1.1831226348876953,1.1735162734985352,1.5387686491012573,1.7982410192489624,2.066944122314453
A3,0.5911570191383362,0.3860698938369751,0.0,0.39366796612739563,0.5771456956863403,0.8821729421615601,1.1398171186447144,1.4201266765594482,1.7584638595581055,1.8886781930923462,2.2442612648010254,2.4550421237945557,2.673025608062744,2.9315667152404785,3.166470527648926,1.9773422479629517,2.1011476516723633,1.8337311744689941,1.8629639148712158,1.5223278999328613,1.7154425382614136,1.4353915452957153,1.7110788822174072,1.6213570833206177,1.6929432153701782,1.9900994300842285,2.036546468734741,2.3831982612609863,2.538074493408203,2.838714838027954,2.3198883533477783,1.9811691045761108,2.074901580810547,2.1025853157043457,1.9047919511795044,2.124728202819824,1.9334625005722046,2.254512071609497,2.1819279193878174,2.4208898544311523,2.5771520137786865,2.705249786376953,2.8957104682922363,2.923933267593384,3.3111793994903564,0.7959464192390442,0.5148034691810608,0.38669353723526,0.13823240995407104,0.48216402530670166,0.6662887334823608,0.9759587049484253,1.221734881401062,1.5623899698257446,1.7622287273406982,2.086199998855591,2.3137929439544678,2.6386685371398926,2.911979913711548,3.170299530029297,2.2809245586395264,2.066763401031494,1.8178027868270874,1.7354614734649658,1.3647068738937378,1.4631612300872803,1.1666408777236938,1.3650436401367188,1.3199845552444458,1.2283565998077393,1.5595217943191528,1.5525556802749634,1.922251582145691,2.1735503673553467,2.4393675327301025
A4,0.8917660713195801,0.6242271065711975,0.39366796612739563,0.0,0.3794746696949005,0.5758260488510132,0.8709105849266052,1.1338380575180054,1.4694162607192993,1.6574805974960327,1.9865754842758179,2.239131212234497,2.4563028812408447,2.7426605224609375,2.9878334999084473,2.0038981437683105,2.0854883193969727,1.777555227279663,1.8305251598358154,1.4697941541671753,1.646585464477539,1.3602852821350098,1.6038955450057983,1.5458794832229614,1.5416200160980225,1.8679126501083374,1.8893163204193115,2.208305597305298,2.3811237812042236,2.6485435962677,2.4237563610076904,2.0665903091430664,2.110651731491089,2.1669232845306396,1.9244420528411865,2.1578257083892822,1.9402294158935547,2.2575979232788086,2.186976194381714,2.37294340133667,2.5302560329437256,2.6067543029785156,2.7907941341400146,2.7709364891052246,3.1567976474761963,0.4853813350200653,0.2951257824897766,0.11533178389072418,0.4252343475818634,0.6495490074157715,0.9394715428352356,1.2206329107284546,1.4804491996765137,1.8291069269180298,1.9735625982284546,2.326040267944336,2.5148403644561768,2.858088731765747,3.121274471282959,3.3849470615386963,2.252727746963501,1.9881714582443237,1.7869720458984375,1.686676025390625,1.3361529111862183,1.4814552068710327,1.192367434501648,1.457776427268982,1.4054219722747803,1.4125672578811646,1.7222830057144165,1.7599432468414307,2.1030921936035156,2.3865654468536377,2.6563851833343506
A5,1.1583147048950195,0.8610823154449463,0.5771456956863403,0.3794746696949005,0.0,0.40417593717575073,0.5695940256118774,0.8884292244911194,1.1940726041793823,1.344238519668579,1.694611668586731,1.9144240617752075,2.153944969177246,2.4159858226776123,2.675783634185791,1.7740331888198853,1.8026233911514282,1.4699020385742188,1.4840713739395142,1.111845850944519,1.2684106826782227,0.9857246279716492,1.2458840608596802,1.2321752309799194,1.2705618143081665,1.6185017824172974,1.7074254751205444,2.0195863246917725,2.2445623874664307,2.5184290409088135,2.3064916133880615,1.930536150932312,1.9162654876708984,1.9292030334472656,1.6526880264282227,1.8493107557296753,1.6015269756317139,1.902268409729004,1.819476842880249,1.9959386587142944,2.1531715393066406,2.2290964126586914,2.420964002609253,2.412504196166992,2.801464557647705,0.702075719833374,0.4064813554286957,0.3341459035873413,0.588620662689209,0.6021609902381897,0.9837391376495361,1.1585055589675903,1.4791122674942017,1.7761820554733276,1.9112095832824707,2.275718927383423,2.4250295162200928,2.7883877754211426,3.0116100311279297,3.305135726928711,1.95246160030365,1.6833012104034424,1.5196648836135864,1.4826292991638184,1.149586796760559,1.3841313123703003,1.1756701469421387,1.493082880973816,1.53676176071167,1.5693995952606201,1.910277247428894,1.992936372756958,2.3385257720947266,2.6007509231567383,2.895639419555664
A6,1.4421918392181396,1.1821857690811157,0.8821729421615601,0.5758260488510132,0.40417593717575073,0.0,0.37861254811286926,0.5602423548698425,0.9187467098236084,1.107360601425171,1.4210675954818726,1.6925365924835205,1.8950295448303223,2.1987619400024414,2.4418094158172607,2.058558225631714,2.030914068222046,1.6642886400222778,1.6540181636810303,1.2743638753890991,1.3370366096496582,1.024632453918457,1.1708896160125732,1.1330459117889404,1.046339511871338,1.396470546722412,1.4298676252365112,1.7137552499771118,1.9373791217803955,2.1814522743225098,2.6503498554229736,2.269155502319336,2.2145371437072754,2.226280450820923,1.9166218042373657,2.085634469985962,1.7994613647460938,2.0583999156951904,1.9349703788757324,2.0538105964660645,2.166018486022949,2.1914150714874268,2.3370347023010254,2.271928310394287,2.6486337184906006,0.5675626993179321,0.44843101501464844,0.5998709797859192,0.9286295175552368,1.0048959255218506,1.3800997734069824,1.5616260766983032,1.8819780349731445,2.178105354309082,2.3041348457336426,2.672900438308716,2.8085503578186035,3.1770265102386475,3.3901822566986084,3.688976287841797,2.1538314819335938,1.8490848541259766,1.7585529088974,1.736351728439331,1.4429967403411865,1.707542061805725,1.5123211145401,1.8457611799240112,1.8656175136566162,1.9245649576187134,2.245767593383789,2.3190348148345947,2.6559317111968994,2.9376258850097656,3.219554901123047
A7,1.7213423252105713,1.4214603900909424,1.1398171186447144,0.8709105849266052,0.5695940256118774,0.37861254811286926,0.0,0.3800489902496338,0.6252517700195312,0.8116132020950317,1.1402161121368408,1.3866649866104126,1.6348114013671875,1.9126046895980835,2.1894543170928955,1.862823724746704,1.7754868268966675,1.391265630722046,1.3632649183273315,0.9982870221138,1.0296473503112793,0.7653838396072388,0.9059432744979858,0.9825703501701355,0.9279978275299072,1.3067412376403809,1.4243634939193726,1.6701099872589111,1.9608956575393677,2.189866542816162,2.5433688163757324,2.1572256088256836,2.041825771331787,2.0316858291625977,1.693858027458191,1.8323951959609985,1.5283138751983643,1.7624744176864624,1.6482189893722534,1.7257214784622192,1.851912021636963,1.8497055768966675,2.015453815460205,1.9450352191925049,2.3268232345581055,0.9375168681144714,0.7945650815963745,0.8527809977531433,1.157920241355896,1.1130424737930298,1.5073405504226685,1.6061348915100098,1.9447975158691406,2.197197198867798,2.2893786430358887,2.664217472076416,2.752640962600708,3.133258819580078,3.309201955795288,3.626041889190674,1.8727015256881714,1.5547900199890137,1.5266443490982056,1.5533162355422974,1.314311146736145,1.6391927003860474,1.5244001150131226,1.8867415189743042,1.9739770889282227,2.071027994155884,2.4027202129364014,2.523404836654663,2.851616144180298,3.120586395263672,3.4251708984375
A8,1.994113564491272,1.7283345460891724,1.4201266765594482,1.1338380575180054,0.8884292244911194,0.5602423548698425,0.3800489902496338,0.0,0.4025305509567261,0.5922256112098694,0.8671896457672119,1.166877269744873,1.3577449321746826,1.6795345544815063,1.9281809329986572,2.1955838203430176,2.0674655437469482,1.6756937503814697,1.6062943935394287,1.2623858451843262,1.1854016780853271,0.9145095944404602,0.8906207084655762,0.9217959642410278,0.7214260101318359,1.077048659324646,1.1471247673034668,1.3478775024414062,1.6473028659820557,1.8455861806869507,2.9079151153564453,2.5220088958740234,2.384795904159546,2.3592967987060547,2.0087859630584717,2.106802463531494,1.7772685289382935,1.9551169872283936,1.7905820608139038,1.8169093132019043,1.8762155771255493,1.8301782608032227,1.9291201829910278,1.8034789562225342,2.163792848587036,1.043882131576538,0.9864450693130493,1.1457490921020508,1.4626661539077759,1.4658781290054321,1.858618974685669,1.9690415859222412,2.3128018379211426,2.56221079826355,2.664356231689453,3.0367510318756104,3.1229605674743652,3.504575729370117,3.6707494258880615,3.9939589500427246,2.1376640796661377,1.8135950565338135,1.8425403833389282,1.8919503688812256,1.6789606809616089,2.0111827850341797,1.8980615139007568,2.2605435848236084,2.330998420715332,2.4254941940307617,2.7510838508605957,2.8540451526641846,3.1840405464172363,3.462402105331421,3.7561380863189697
A9,2.338024616241455,2.0417845249176025,1.7584638595581055,1.4694162607192993,1.1940726041793823,0.9187467098236084,0.6252517700195312,0.4025305509567261,0.0,0.3826129734516144,0.5634718537330627,0.8785362243652344,1.1181252002716064,1.4232112169265747,1.7130612134933472,2.1747350692749023,1.9875797033309937,1.5999650955200195,1.530588984489441,1.2497886419296265,1.1287473440170288,0.9727215766906738,0.8867245316505432,1.0477674007415771,0.8647050261497498,1.1843429803848267,1.3105098009109497,1.4234799146652222,1.7754966020584106,1.9230871200561523,2.9442107677459717,2.5652377605438232,2.3729233741760254,2.343198299407959,1.9781032800674438,2.0472681522369385,1.7193957567214966,1.8514223098754883,1.7086719274520874,1.6538660526275635,1.717038631439209,1.6012647151947021,1.70513117313385,1.5330746173858643,1.8838645219802856,1.4109920263290405,1.36124587059021,1.4627078771591187,1.782021164894104,1.725204348564148,2.1187498569488525,2.1802468299865723,2.522145986557007,2.7423949241638184,2.8047232627868652,3.1789796352386475,3.2201340198516846,3.606922149658203,3.74106502532959,4.072547435760498,2.021523952484131,1.6874871253967285,1.7985347509384155,1.877129316329956,1.7374441623687744,2.0952413082122803,2.0452210903167725,2.420257806777954,2.528606414794922,2.663517713546753,2.9848036766052246,3.1266655921936035,3.441652536392212,3.7161688804626465,4.0248894691467285
A10,2.4784603118896484,2.204716205596924,1.8886781930923462,1.6574805974960327,1.344238519668579,1.107360601425171,0.8116132020950317,0.5922256112098694,0.3826129734516144,0.0,0.3842106759548187,0.5851982831954956,0.8291029334068298,1.1078938245773315,1.391920566558838,2.2343506813049316,2.0116775035858154,1.6332505941390991,1.4737539291381836,1.2190800905227661,0.9829537272453308,0.8383036255836487,0.6156108379364014,0.7916356325149536,0.6399272084236145,0.9117417335510254,1.1254591941833496,1.2217416763305664,1.6096817255020142,1.7789835929870605,3.0417702198028564,2.6650285720825195,2.455763578414917,2.365941047668457,2.000761032104492,1.996679663658142,1.6417368650436401,1.707574486732483,1.4982706308364868,1.4303274154663086,1.4226422309875488,1.3161438703536987,1.3721165657043457,1.215589165687561,1.5721765756607056,1.6259757280349731,1.5120949745178223,1.6497877836227417,1.9218075275421143,1.8432848453521729,2.2319986820220947,2.2550346851348877,2.6149613857269287,2.795243501663208,2.8826518058776855,3.2418434619903564,3.2777693271636963,3.662822961807251,3.7692527770996094,4.118429660797119,2.02146053314209,1.7248961925506592,1.8640575408935547,2.010749578475952,1.8786836862564087,2.2578680515289307,2.2337148189544678,2.603132724761963,2.741767168045044,2.84450101852417,3.1859641075134277,3.316643476486206,3.6481306552886963,3.9049155712127686,4.217141151428223
A11,2.8309319019317627,2.554743528366089,2.2442612648010254,1.9865754842758179,1.694611668586731,1.4210675954818726,1.1402161121368408,0.8671896457672119,0.5634718537330627,0.3842106759548187,0.0,0.3884046673774719,0.5707623362541199,0.8917415738105774,1.1737226247787476,2.514704942703247,2.262265205383301,1.8965483903884888,1.7470331192016602,1.53952157497406,1.2877559661865234,1.2023558616638184,0.9425804018974304,1.1064084768295288,0.8981762528419495,1.0641484260559082,1.2294036149978638,1.2085061073303223,1.6045137643814087,1.6958057880401611,3.3389549255371094,2.9684536457061768,2.7342212200164795,2.651716947555542,2.284158706665039,2.264589548110962,1.9197866916656494,1.9422521591186523,1.7401001453399658,1.5995261669158936,1.5525845289230347,1.3661577701568604,1.3579849004745483,1.1061537265777588,1.4089851379394531,1.9016700983047485,1.8398115634918213,1.984657645225525,2.2785682678222656,2.209412097930908,2.6004574298858643,2.625615119934082,2.981255531311035,3.160965919494629,3.2315618991851807,3.5926432609558105,3.6108591556549072,3.9968535900115967,4.090636253356934,4.440727233886719,2.246331214904785,1.9479618072509766,2.1366965770721436,2.2827088832855225,2.187267303466797,2.5664772987365723,2.5554721355438232,2.9297738075256348,3.0645432472229004,3.188795804977417,3.5209033489227295,3.660024881362915,3.983104705810547,4.248407363891602,4.560214519500732
A12,3.0454506874084473,2.7711546421051025,2.4550421237945557,2.239131212234497,1.9144240617752075,1.6925365924835205,1.3866649866104126,1.166877269744873,0.8785362243652344,0.5851982831954956,0.3884046673774719,0.0,0.37600505352020264,0.5554473400115967,0.8914541006088257,2.527261257171631,2.2364394664764404,1.8996191024780273,1.692651629447937,1.5503169298171997,1.2328567504882812,1.226983666419983,0.9163540601730347,1.1228526830673218,1.0152041912078857,1.1044399738311768,1.3547296524047852,1.3075960874557495,1.7188241481781006,1.8170735836029053,3.3804359436035156,3.0217692852020264,2.761103630065918,2.632538080215454,2.273977518081665,2.187633752822876,1.8433640003204346,1.790418028831482,1.5610796213150024,1.3729355335235596,1.2640764713287354,1.047383427619934,0.9879189729690552,0.7199878096580505,1.0284467935562134,2.2047717571258545,2.091893434524536,2.2271783351898193,2.4853122234344482,2.376525402069092,2.7559428215026855,2.7332210540771484,3.093123435974121,3.2281546592712402,3.2992641925811768,3.6436285972595215,3.639163017272949,4.02022647857666,4.0781073570251465,4.441181659698486,2.1887049674987793,1.9334274530410767,2.161677598953247,2.3633615970611572,2.3000903129577637,2.6923491954803467,2.722862482070923,3.0908405780792236,3.2630553245544434,3.3767290115356445,3.7207448482513428,3.868170976638794,4.196246147155762,4.442842960357666,4.7641191482543945
A13,3.2571370601654053,3.0091445446014404,2.673025608062744,2.4563028812408447,2.153944969177246,1.8950295448303223,1.6348114013671875,1.3577449321746826,1.1181252002716064,0.8291029334068298,0.5707623362541199,0.37600505352020264,0.0,0.39573919773101807,0.6063359379768372,2.8910136222839355,2.603809118270874,2.265994071960449,2.044513702392578,1.8893297910690308,1.5556092262268066,1.5060747861862183,1.1545311212539673,1.2602193355560303,1.0881975889205933,1.0578007698059082,1.2513763904571533,1.108020544052124,1.5018024444580078,1.551223635673523,3.740715265274048,3.378829002380371,3.12664532661438,2.9903740882873535,2.6335253715515137,2.5362565517425537,2.1856417655944824,2.1154401302337646,1.850892424583435,1.6697269678115845,1.4925715923309326,1.2857766151428223,1.1140128374099731,0.8154001832008362,1.013442039489746,2.3647143840789795,2.2765746116638184,2.4588472843170166,2.7187178134918213,2.6456189155578613,3.0273280143737793,3.0251224040985107,3.3911795616149902,3.5333311557769775,3.6259753704071045,3.968406915664673,3.978525400161743,4.358529567718506,4.419144630432129,4.784811019897461,2.55572772026062,2.30649995803833,2.5274178981781006,2.726923704147339,2.6458394527435303,3.0360867977142334,3.044684886932373,3.412752628326416,3.566707134246826,3.6650450229644775,4.010975360870361,4.136340141296387,4.472910404205322,4.725426197052002,5.036877632141113
A14,3.516554832458496,3.2638912200927734,2.9315667152404785,2.7426605224609375,2.4159858226776123,2.1987619400024414,1.9126046895980835,1.6795345544815063,1.4232112169265747,1.1078938245773315,0.8917415738105774,0.5554473400115967,0.39573919773101807,0.0,0.3814242482185364,2.946074962615967,2.628293037414551,2.326446056365967,2.0720701217651367,1.983377456665039,1.6211594343185425,1.647017478942871,1.294654369354248,1.438440203666687,1.3583883047103882,1.2948769330978394,1.543334722518921,1.3983460664749146,1.7779407501220703,1.8279021978378296,3.8110530376434326,3.4650840759277344,3.1886701583862305,3.018782615661621,2.676920175552368,2.525390386581421,2.190979242324829,2.053157329559326,1.7845919132232666,1.5574898719787598,1.3256415128707886,1.0899380445480347,0.8375874757766724,0.5163934230804443,0.6289669275283813,2.696150064468384,2.5727005004882812,2.734828233718872,2.9699981212615967,2.8600804805755615,3.2293643951416016,3.1848957538604736,3.54868221282959,3.6508331298828125,3.7355000972747803,4.061262607574463,4.045543670654297,4.418221473693848,4.443502902984619,4.817524433135986,2.5505850315093994,2.3441879749298096,2.5991268157958984,2.8385939598083496,2.792881488800049,3.1887142658233643,3.2364895343780518,3.5977964401245117,3.78438138961792,3.881021738052368,4.233329772949219,4.37185525894165,4.708261013031006,4.944574356079102,5.265613555908203
A15,3.7422800064086914,3.5153214931488037,3.166470527648926,2.9878334999084473,2.675783634185791,2.4418094158172607,2.1894543170928955,1.9281809329986572,1.7130612134933472,1.391920566558838,1.1737226247787476,0.8914541006088257,0.6063359379768372,0.3814242482185364,0.0,3.293937921524048,2.981147289276123,2.679699182510376,2.408043146133423,2.3083086013793945,1.9334980249404907,1.9259109497070312,1.5519715547561646,1.6193606853485107,1.5162389278411865,1.3584957122802734,1.5607799291610718,1.3507720232009888,1.6800836324691772,1.69185471534729,4.154568672180176,3.8067996501922607,3.539522171020508,3.3566384315490723,3.0190024375915527,2.854235887527466,2.515310525894165,2.364075183868408,2.065364360809326,1.8589494228363037,1.5773835182189941,1.380555510520935,1.0586739778518677,0.8024824857711792,0.7630310654640198,2.9075889587402344,2.792603015899658,2.9901254177093506,3.2171688079833984,3.1320674419403076,3.4989919662475586,3.4658918380737305,3.834547519683838,3.9361984729766846,4.043181896209717,4.363193035125732,4.360882759094238,4.730498313903809,4.755025863647461,5.1323394775390625,2.9047727584838867,2.7079050540924072,2.9519243240356445,3.194880485534668,3.131901741027832,3.5270228385925293,3.5587079524993896,3.9179599285125732,4.093631744384766,4.17141056060791,4.527891159057617,4.64572286605835,4.991425037384033,5.2283830642700195,5.541177272796631
B1,2.280722141265869,1.9562441110610962,1.9773422479629517,2.0038981437683105,1.7740331888198853,2.058558225631714,1.862823724746704,2.1955838203430176,2.1747350692749023,2.2343506813049316,2.514704942703247,2.527261257171631,2.8910136222839355,2.946074962615967,3.293937921524048,0.0,0.3904828429222107,0.6302428245544434,0.903146505355835,1.0747863054275513,1.4274743795394897,1.6296947002410889,1.969193935394287,2.2307181358337402,2.474118232727051,2.7947275638580322,3.076448917388916,3.3220884799957275,3.6592187881469727,3.9195916652679443,0.8722161650657654,0.5762338638305664,0.25451165437698364,0.2703368365764618,0.29674169421195984,0.6446763277053833,0.8691421747207642,1.1715140342712402,1.486698031425476,1.638440728187561,2.0150153636932373,2.1228768825531006,2.500459671020508,2.629448175430298,2.9733142852783203,2.42665958404541,2.1646697521209717,1.8905435800552368,1.8694003820419312,1.5005717277526855,1.5585283041000366,1.2725802659988403,1.3791207075119019,1.3227330446243286,1.1350102424621582,1.4136439561843872,1.257197618484497,1.6199415922164917,1.668574333190918,1.994030237197876,0.5931365489959717,0.6861310005187988,0.38419196009635925,0.48971354961395264,0.7086220979690552,0.7964062690734863,1.143847107887268,1.2839908599853516,1.658308982849121,1.809993863105774,2.0687990188598633,2.3650379180908203,2.5722551345825195,2.6838810443878174,3.050964117050171
B2,2.4813010692596436,2.144296407699585,2.1011476516723633,2.0854883193969727,1.8026233911514282,2.030914068222046,1.7754868268966675,2.0674655437469482,1.9875797033309937,2.0116775035858154,2.262265205383301,2.2364394664764404,2.603809118270874,2.628293037414551,2.981147289276123,0.3904828429222107,0.0,0.3925206959247589,0.6328812837600708,0.9028251767158508,1.195087194442749,1.4649163484573364,1.7603174448013306,2.0647430419921875,2.3068583011627197,2.612786054611206,2.9184982776641846,3.13340163230896,3.4926207065582275,3.736830472946167,1.236918330192566,0.9655616283416748,0.6113444566726685,0.47697535157203674,0.2540861666202545,0.4215161204338074,0.6184480786323547,0.8675508499145508,1.212145209312439,1.3037470579147339,1.6927841901779175,1.7726589441299438,2.158916711807251,2.285943031311035,2.617180824279785,2.4674887657165527,2.2066256999969482,1.9779891967773438,2.009305000305176,1.6462347507476807,1.78032386302948,1.5107074975967407,1.683087706565857,1.6367219686508179,1.4947779178619385,1.7710645198822021,1.6106997728347778,1.9658316373825073,1.9694851636886597,2.3106157779693604,0.2215302735567093,0.3622845709323883,0.31739524006843567,0.632832944393158,0.8690676689147949,1.0848665237426758,1.4027186632156372,1.6069753170013428,1.9648399353027344,2.123046636581421,2.4027962684631348,2.688103437423706,2.914787530899048,3.0441391468048096,3.4109175205230713
B3,2.2740871906280518,1.9251741170883179,1.8337311744689941,1.777555227279663,1.4699020385742188,1.6642886400222778,1.391265630722046,1.6756937503814697,1.5999650955200195,1.6332505941390991,1.8965483903884888,1.8996191024780273,2.265994071960449,2.326446056365967,2.679699182510376,0.6302428245544434,0.3925206959247589,0.0,0.3892706334590912,0.5552864074707031,0.8708112835884094,1.1143605709075928,1.4120937585830688,1.7197341918945312,1.9363154172897339,2.254983901977539,2.547598123550415,2.761397361755371,3.119511604309082,3.3589744567871094,1.4935396909713745,1.159231424331665,0.8641246557235718,0.7746081352233887,0.41312792897224426,0.5733956098556519,0.4989781081676483,0.8135478496551514,1.0606316328048706,1.1464216709136963,1.5145301818847656,1.5730291604995728,1.94105064868927,2.0324013233184814,2.387888193130493,2.128002882003784,1.875435471534729,1.6762278079986572,1.7549937963485718,1.413480281829834,1.6224974393844604,1.409576177597046,1.6505628824234009,1.6818865537643433,1.601580262184143,1.925675630569458,1.8325321674346924,2.208470106124878,2.2594120502471924,2.6018173694610596,0.49064841866493225,0.25370168685913086,0.27691006660461426,0.6031996011734009,0.7190927267074585,1.050886631011963,1.2927988767623901,1.5711884498596191,1.8913300037384033,2.048724412918091,2.356827735900879,2.617917776107788,2.8758292198181152,3.042189359664917,3.4045941829681396
B4,2.3372397422790527,2.0171422958374023,1.8629639148712158,1.8305251598358154,1.4840713739395142,1.6540181636810303,1.3632649183273315,1.6062943935394287,1.530588984489441,1.4737539291381836,1.7470331192016602,1.692651629447937,2.044513702392578,2.0720701217651367,2.408043146133423,0.903146505355835,0.6328812837600708,0.3892706334590912,0.0,0.3857640326023102,0.5728408694267273,0.8823304176330566,1.1471644639968872,1.4597238302230835,1.7227729558944702,2.0050270557403564,2.33182954788208,2.540555715560913,2.9026880264282227,3.1539392471313477,1.756126046180725,1.429193139076233,1.156481146812439,0.9521202445030212,0.6152839660644531,0.5237243175506592,0.20913252234458923,0.4918239116668701,0.6746756434440613,0.8003062605857849,1.1538171768188477,1.2605929374694824,1.6198123693466187,1.754270076751709,2.1099188327789307,2.158883571624756,1.872058629989624,1.739892840385437,1.8066033124923706,1.4780067205429077,1.7110614776611328,1.4887923002243042,1.7732374668121338,1.7768818140029907,1.76486074924469,2.0705692768096924,1.9983655214309692,2.369541645050049,2.395564556121826,2.760402202606201,0.6469282507896423,0.5290703773498535,0.6260061860084534,0.9689275026321411,0.9984303116798401,1.348211646080017,1.545559287071228,1.8276281356811523,2.1390902996063232,2.2455785274505615,2.5801119804382324,2.804455280303955,3.0913946628570557,3.252039909362793,3.608569860458374
B5,2.0322351455688477,1.712997555732727,1.5223278999328613,1.4697941541671753,1.111845850944519,1.2743638753890991,0.9982870221138,1.2623858451843262,1.2497886419296265,1.2190800905227661,1.53952157497406,1.5503169298171997,1.8893297910690308,1.983377456665039,2.3083086013793945,1.0747863054275513,0.9028251767158508,0.5552864074707031,0.3857640326023102,0.0,0.399152010679245,0.5663779377937317,0.8960798978805542,1.1733211278915405,1.4141346216201782,1.7255868911743164,2.022782564163208,2.256645441055298,2.6024203300476074,2.863124132156372,1.8827340602874756,1.5186004638671875,1.3123303651809692,1.1695133447647095,0.8198370337486267,0.850642740726471,0.5306189060211182,0.8080593943595886,0.821245014667511,0.9773923754692078,1.252761721611023,1.3525514602661133,1.6610918045043945,1.7522904872894287,2.134296417236328,1.7821521759033203,1.4934629201889038,1.3860180377960205,1.4785716533660889,1.1819416284561157,1.4695014953613281,1.3149126768112183,1.6426928043365479,1.7219431400299072,1.7605820894241333,2.0986266136169434,2.0910468101501465,2.4732859134674072,2.5554563999176025,2.910543203353882,0.975750744342804,0.7610562443733215,0.7570784091949463,1.0001306533813477,0.8964701890945435,1.2784230709075928,1.3851748704910278,1.703702688217163,1.9685581922531128,2.059882640838623,2.410346269607544,2.604750871658325,2.914266586303711,3.101914644241333,3.4487364292144775
B6,2.2585644721984863,1.9665899276733398,1.7154425382614136,1.646585464477539,1.2684106826782227,1.3370366096496582,1.0296473503112793,1.1854016780853271,1.1287473440170288,0.9829537272453308,1.2877559661865234,1.2328567504882812,1.5556092262268066,1.6211594343185425,1.9334980249404907,1.4274743795394897,1.195087194442749,0.8708112835884094,0.5728408694267273,0.399152010679245,0.0,0.38189756870269775,0.5755501985549927,0.9042646288871765,1.1674580574035645,1.4347171783447266,1.7712205648422241,1.9745734930038452,2.3373050689697266,2.591984510421753,2.2530388832092285,1.8989745378494263,1.6747970581054688,1.4896495342254639,1.149674415588379,1.0638822317123413,0.6920491456985474,0.7854306697845459,0.6234882473945618,0.7292314767837524,0.9184991121292114,1.0177741050720215,1.289281964302063,1.3886076211929321,1.77189040184021,1.8834280967712402,1.6001317501068115,1.583315134048462,1.7004365921020508,1.4532897472381592,1.765321135520935,1.6315715312957764,1.9778475761413574,2.045516014099121,2.1173882484436035,2.4402482509613037,2.4349591732025146,2.8104803562164307,2.86820650100708,3.235050916671753,1.2076969146728516,1.015640139579773,1.1134988069534302,1.3821158409118652,1.2916510105133057,1.6760190725326538,1.7631361484527588,2.0871403217315674,2.3349852561950684,2.4074606895446777,2.7667505741119385,2.9362075328826904,3.2611777782440186,3.4530935287475586,3.7926197052001953
B7,1.9985871315002441,1.7311162948608398,1.4353915452957153,1.3602852821350098,0.9857246279716492,1.024632453918457,0.7653838396072388,0.9145095944404602,0.9727215766906738,0.8383036255836487,1.2023558616638184,1.226983666419983,1.5060747861862183,1.647017478942871,1.9259109497070312,1.6296947002410889,1.4649163484573364,1.1143605709075928,0.8823304176330566,0.5663779377937317,0.38189756870269775,0.0,0.38658636808395386,0.6088387966156006,0.8661078810691833,1.165772795677185,1.4684865474700928,1.7142431735992432,2.0503039360046387,2.3261349201202393,2.399937152862549,2.028597831726074,1.8617204427719116,1.7099355459213257,1.3757786750793457,1.355207085609436,0.9947420358657837,1.1377042531967163,0.9305680394172668,1.0719339847564697,1.173367977142334,1.274705171585083,1.4668587446212769,1.5260714292526245,1.9147006273269653,1.560851812362671,1.2703535556793213,1.314244031906128,1.4440809488296509,1.2605355978012085,1.6034719944000244,1.5412442684173584,1.9088926315307617,2.0317022800445557,2.151972770690918,2.4871914386749268,2.537324905395508,2.9139881134033203,3.015369176864624,3.372251272201538,1.5176575183868408,1.2959256172180176,1.3178248405456543,1.5188547372817993,1.3390084505081177,1.711064338684082,1.7151416540145874,2.047044038772583,2.2438862323760986,2.2868378162384033,2.6535682678222656,2.783160924911499,3.127012252807617,3.3366382122039795,3.6605968475341797
B8,2.284067153930664,2.0382111072540283,1.7110788822174072,1.6038955450057983,1.2458840608596802,1.1708896160125732,0.9059432744979858,0.8906207084655762,0.8867245316505432,0.6156108379364014,0.9425804018974304,0.9163540601730347,1.1545311212539673,1.294654369354248,1.5519715547561646,1.969193935394287,1.7603174448013306,1.4120937585830688,1.1471644639968872,0.8960798978805542,0.5755501985549927,0.38658636808395386,0.0,0.3890376091003418,0.6166640520095825,0.8611758351325989,1.2053096294403076,1.4035518169403076,1.7646903991699219,2.0241782665252686,2.7663044929504395,2.3982415199279785,2.208334445953369,2.0426642894744873,1.7031190395355225,1.6330053806304932,1.2600071430206299,1.3052443265914917,1.0209554433822632,1.0734531879425049,1.0526971817016602,1.1076781749725342,1.2092283964157104,1.2320530414581299,1.6115243434906006,1.7069369554519653,1.4596353769302368,1.5787296295166016,1.741025447845459,1.6056245565414429,1.9580432176589966,1.9155088663101196,2.2858428955078125,2.406144857406616,2.5345232486724854,2.8641557693481445,2.909271240234375,3.2837367057800293,3.3692634105682373,3.7325267791748047,1.7774757146835327,1.5551493167877197,1.6437901258468628,1.8595161437988281,1.7036635875701904,2.0831878185272217,2.083505868911743,2.423123598098755,2.6058881282806396,2.6491539478302,3.015070676803589,3.1310527324676514,3.480320930480957,3.6982834339141846,4.015483379364014
B9,2.1730098724365234,1.9827438592910767,1.6213570833206177,1.5458794832229614,1.2321752309799194,1.1330459117889404,0.9825703501701355,0.9217959642410278,1.0477674007415771,0.7916356325149536,1.1064084768295288,1.1228526830673218,1.2602193355560303,1.438440203666687,1.6193606853485107,2.2307181358337402,2.0647430419921875,1.7197341918945312,1.4597238302230835,1.1733211278915405,0.9042646288871765,0.6088387966156006,0.3890376091003418,0.0,0.3987661302089691,0.5893098711967468,0.9198434948921204,1.1798425912857056,1.492841362953186,1.7949702739715576,2.9774105548858643,2.607001543045044,2.461616277694702,2.2954630851745605,1.9735630750656128,1.9163281917572021,1.5501246452331543,1.6100670099258423,1.2939571142196655,1.3998162746429443,1.3224520683288574,1.4161025285720825,1.4441050291061401,1.4689366817474365,1.8185200691223145,1.5976011753082275,1.3458800315856934,1.543907880783081,1.6796505451202393,1.613867998123169,1.9549132585525513,1.9579589366912842,2.3308162689208984,2.470012664794922,2.6475725173950195,2.9681363105773926,3.0571529865264893,3.423112392425537,3.531672954559326,3.8893823623657227,2.103193998336792,1.8894630670547485,1.9264042377471924,2.1168246269226074,1.9081193208694458,2.2631399631500244,2.208824396133423,2.533120632171631,2.6777143478393555,2.6760878562927246,3.0445199012756348,3.1133952140808105,3.478627920150757,3.698488712310791,3.995854139328003
B10,2.251626968383789,2.062356472015381,1.6929432153701782,1.5416200160980225,1.2705618143081665,1.046339511871338,0.9279978275299072,0.7214260101318359,0.8647050261497498,0.6399272084236145,0.8981762528419495,1.0152041912078857,1.0881975889205933,1.3583883047103882,1.5162389278411865,2.474118232727051,2.3068583011627197,1.9363154172897339,1.7227729558944702,1.4141346216201782,1.1674580574035645,0.8661078810691833,0.6166640520095825,0.3987661302089691,0.0,0.3802937865257263,0.6125242114067078,0.8599210381507874,1.188300371170044,1.4636229276657104,3.223283052444458,2.843045949935913,2.6966769695281982,2.5713160037994385,2.231788158416748,2.2124924659729004,1.8444746732711792,1.9190150499343872,1.6252481937408447,1.673050045967102,1.5882582664489746,1.6039395332336426,1.5883907079696655,1.518472671508789,1.8498996496200562,1.4740101099014282,1.3119796514511108,1.561448335647583,1.764516830444336,1.7603588104248047,2.125356674194336,2.185276746749878,2.55493426322937,2.739281415939331,2.906179189682007,3.244882583618164,3.3416378498077393,3.7139933109283447,3.8428735733032227,4.19224739074707,2.3467891216278076,2.089818239212036,2.1429905891418457,2.292534589767456,2.0783848762512207,2.431619167327881,2.344332695007324,2.684967041015625,2.7895357608795166,2.8095412254333496,3.164868116378784,3.2256715297698975,3.5865862369537354,3.8330531120300293,4.120133876800537
B11,2.5218827724456787,2.3698387145996094,1.9900994300842285,1.8679126501083374,1.6185017824172974,1.396470546722412,1.3067412376403809,1.077048659324646,1.1843429803848267,0.9117417335510254,1.0641484260559082,1.1044399738311768,1.0578007698059082,1.2948769330978394,1.3584957122802734,2.7947275638580322,2.612786054611206,2.254983901977539,2.0050270557403564,1.7255868911743164,1.4347171783447266,1.165772795677185,0.8611758351325989,0.5893098711967468,0.3802937865257263,0.0,0.40277743339538574,0.6059314608573914,0.9245615601539612,1.2196954488754272,3.549450635910034,3.1740500926971436,3.024400472640991,2.8716049194335938,2.5395288467407227,2.4798641204833984,2.108510732650757,2.1327550411224365,1.7960511445999146,1.831221103668213,1.6664234399795532,1.6887879371643066,1.585844874382019,1.5193700790405273,1.7975404262542725,1.7677419185638428,1.6165763139724731,1.896511197090149,2.0732851028442383,2.0856173038482666,2.4337589740753174,2.4882423877716064,2.857884645462036,3.0235466957092285,3.2117655277252197,3.5358781814575195,3.6375389099121094,4.003247261047363,4.119068145751953,4.47482442855835,2.6377837657928467,2.4027979373931885,2.471789598464966,2.6444907188415527,2.4349753856658936,2.7886292934417725,2.7031946182250977,3.0354692935943604,3.138934850692749,3.136976480484009,3.49487566947937,3.5347487926483154,3.9029381275177,4.142618179321289,4.420535087585449
B12,2.536342144012451,2.416527509689331,2.036546468734741,1.8893163204193115,1.7074254751205444,1.4298676252365112,1.4243634939193726,1.1471247673034668,1.3105098009109497,1.1254591941833496,1.2294036149978638,1.3547296524047852,1.2513763904571533,1.543334722518921,1.5607799291610718,3.076448917388916,2.9184982776641846,2.547598123550415,2.33182954788208,2.022782564163208,1.7712205648422241,1.4684865474700928,1.2053096294403076,0.9198434948921204,0.6125242114067078,0.40277743339538574,0.0,0.3730686902999878,0.5881435871124268,0.9068123698234558,3.802260160446167,3.4213550090789795,3.2946808338165283,3.171597957611084,2.8375813961029053,2.8147454261779785,2.446256160736084,2.5013885498046875,2.1787467002868652,2.21652889251709,2.0639142990112305,2.067188024520874,1.9537197351455688,1.8460121154785156,2.1005587577819824,1.6910905838012695,1.6145087480545044,1.9403184652328491,2.1357760429382324,2.215074300765991,2.560103178024292,2.66888427734375,3.0291123390197754,3.232274055480957,3.4307541847229004,3.7613582611083984,3.888059139251709,4.252726078033447,4.396153926849365,4.7406768798828125,2.9585907459259033,2.7007064819335938,2.7493700981140137,2.882741928100586,2.648409605026245,2.983187198638916,2.854387044906616,3.1828689575195312,3.2406675815582275,3.23246169090271,3.5755465030670166,3.587252616882324,3.9536163806915283,4.209814071655273,4.467587471008301
B13,2.891336441040039,2.758775234222412,2.3831982612609863,2.208305597305298,2.0195863246917725,1.7137552499771118,1.6701099872589111,1.3478775024414062,1.4234799146652222,1.2217416763305664,1.2085061073303223,1.3075960874557495,1.108020544052124,1.3983460664749146,1.3507720232009888,3.3220884799957275,3.13340163230896,2.761397361755371,2.540555715560913,2.256645441055298,1.9745734930038452,1.7142431735992432,1.4035518169403076,1.1798425912857056,0.8599210381507874,0.6059314608573914,0.3730686902999878,0.0,0.41325271129608154,0.6241027116775513,4.0803022384643555,3.6986892223358154,3.5458803176879883,3.420962333679199,3.0764756202697754,3.0357909202575684,2.663149833679199,2.683892011642456,2.3570027351379395,2.3416242599487305,2.1545889377593994,2.108975648880005,1.941009283065796,1.78273606300354,1.9831198453903198,1.9828095436096191,1.9413665533065796,2.258172035217285,2.4783992767333984,2.5479676723480225,2.904097318649292,3.004768133163452,3.368453025817871,3.5674757957458496,3.751396417617798,4.086936950683594,4.196293354034424,4.565831184387207,4.695760726928711,5.046082019805908,3.1534547805786133,2.8903141021728516,2.979959487915039,3.123488187789917,2.915489912033081,3.263880729675293,3.1514806747436523,3.4919168949127197,3.5552730560302734,3.567399501800537,3.9081239700317383,3.9313549995422363,4.293025493621826,4.555866718292236,4.816452980041504
