0.000000000000000000e+00,3.821806907653808594e-01,6.078352928161621094e-01,8.001049160957336426e-01,1.104747772216796875e+00,1.355630159378051758e+00,1.633873701095581055e+00,1.888561129570007324e+00,2.132735252380371094e+00,2.438128709793090820e+00,2.545893430709838867e+00,2.918295621871948242e+00,3.058557510375976562e+00,2.819370746612548828e+00,3.128024101257324219e+00,1.357859492301940918e+00,1.403594732284545898e+00,1.190576672554016113e+00,9.895587563514709473e-01,1.155700922012329102e+00,1.032526016235351562e+00,1.362805843353271484e+00,1.315477132797241211e+00,1.634909391403198242e+00,1.886654973030090332e+00,1.867549896240234375e+00,2.221355676651000977e+00,2.317785978317260742e+00,2.084665775299072266e+00,2.413074970245361328e+00,2.269644737243652344e+00,2.085894584655761719e+00,1.740567088127136230e+00,1.535896778106689453e+00,1.282213449478149414e+00,1.047969698905944824e+00,9.304383993148803711e-01,6.432057619094848633e-01,7.971348166465759277e-01,7.026960253715515137e-01,6.797878146171569824e-01,7.251591682434082031e-01,1.069291234016418457e+00,1.097814679145812988e+00,1.361553430557250977e+00,2.522293567657470703e+00,2.190639972686767578e+00,1.925149321556091309e+00,1.916297554969787598e+00,1.542415738105773926e+00,1.609793066978454590e+00,1.316253185272216797e+00,1.459232449531555176e+00,1.546827316284179688e+00,1.367947340011596680e+00,1.726520895957946777e+00,1.797617435455322266e+00,2.186938047409057617e+00,2.375929594039916992e+00,2.666903018951416016e+00,1.829099178314208984e+00,1.514004111289978027e+00,1.342320203781127930e+00,1.674005389213562012e+00,1.506009936332702637e+00,1.855794668197631836e+00,1.781919479370117188e+00,2.127198696136474609e+00,2.243606805801391602e+00,2.193922281265258789e+00,2.558252334594726562e+00,2.639815330505371094e+00,2.691614866256713867e+00,2.542410850524902344e+00,2.890121221542358398e+00
3.821806907653808594e-01,0.000000000000000000e+00,3.779987096786499023e-01,5.767395496368408203e-01,8.169746994972229004e-01,1.114215970039367676e+00,1.340034365653991699e+00,1.638448596000671387e+00,1.857963562011718750e+00,2.155970573425292969e+00,2.297150850296020508e+00,2.680834531784057617e+00,2.857512235641479492e+00,2.649174928665161133e+00,2.983431339263916016e+00,1.033468008041381836e+00,1.032404303550720215e+00,8.268064260482788086e-01,6.151677370071411133e-01,8.319084644317626953e-01,7.859110236167907715e-01,1.144547343254089355e+00,1.200011968612670898e+00,1.517673611640930176e+00,1.796320080757141113e+00,1.846244573593139648e+00,2.212050676345825195e+00,2.371645212173461914e+00,2.178287506103515625e+00,2.530350446701049805e+00,1.899927735328674316e+00,1.716637849807739258e+00,1.382448911666870117e+00,1.157569408416748047e+00,9.255285263061523438e-01,6.758549809455871582e-01,6.343487501144409180e-01,3.961070775985717773e-01,7.122591733932495117e-01,7.645838260650634766e-01,8.595855236053466797e-01,1.026138424873352051e+00,1.368175506591796875e+00,1.402749538421630859e+00,1.704120039939880371e+00,2.291918277740478516e+00,1.956297755241394043e+00,1.687300562858581543e+00,1.619255661964416504e+00,1.243886113166809082e+00,1.260324358940124512e+00,9.471416473388671875e-01,1.083060264587402344e+00,1.172013401985168457e+00,1.023441076278686523e+00,1.393955111503601074e+00,1.496772050857543945e+00,1.887861847877502441e+00,2.052501916885375977e+00,2.363652944564819336e+00,1.763046979904174805e+00,1.429485559463500977e+00,1.176867842674255371e+00,1.455615401268005371e+00,1.232146859169006348e+00,1.550089120864868164e+00,1.434037446975708008e+00,1.775537610054016113e+00,1.871374726295471191e+00,1.818475961685180664e+00,2.182541370391845703e+00,2.275619029998779297e+00,2.334052085876464844e+00,2.206933498382568359e+00,2.562498331069946289e+00
6.078352928161621094e-01,3.779987096786499023e-01,0.000000000000000000e+00,3.911488056182861328e-01,5.448980927467346191e-01,8.736581206321716309e-01,1.104828715324401855e+00,1.385941863059997559e+00,1.650402665138244629e+00,1.914130330085754395e+00,2.068989753723144531e+00,2.441570758819580078e+00,2.596616506576538086e+00,2.394849777221679688e+00,2.731143474578857422e+00,1.116529345512390137e+00,1.030920863151550293e+00,7.130388617515563965e-01,5.661648511886596680e-01,6.149403452873229980e-01,6.367005109786987305e-01,9.427044987678527832e-01,1.037933111190795898e+00,1.391835331916809082e+00,1.617838382720947266e+00,1.719120979309082031e+00,2.091820240020751953e+00,2.263589620590209961e+00,2.112540006637573242e+00,2.461605548858642578e+00,1.753953814506530762e+00,1.545633435249328613e+00,1.183310866355895996e+00,1.051607966423034668e+00,7.547569870948791504e-01,6.769968867301940918e-01,6.155789494514465332e-01,6.032795906066894531e-01,9.088057875633239746e-01,8.793375492095947266e-01,1.081979751586914062e+00,1.194746136665344238e+00,1.468543410301208496e+00,1.422140479087829590e+00,1.750556349754333496e+00,1.989003539085388184e+00,1.678100347518920898e+00,1.376874208450317383e+00,1.344158053398132324e+00,9.701535105705261230e-01,1.044293403625488281e+00,8.121550083160400391e-01,1.004352211952209473e+00,1.206280469894409180e+00,1.152210712432861328e+00,1.510857820510864258e+00,1.683797836303710938e+00,2.060516834259033203e+00,2.197641611099243164e+00,2.534448862075805664e+00,1.542762994766235352e+00,1.249337792396545410e+00,9.634093642234802246e-01,1.217465877532958984e+00,9.793195128440856934e-01,1.316665768623352051e+00,1.246795773506164551e+00,1.570340991020202637e+00,1.730669617652893066e+00,1.677196621894836426e+00,2.036944389343261719e+00,2.100800514221191406e+00,2.190328836441040039e+00,2.041846275329589844e+00,2.393666505813598633e+00
8.001049160957336426e-01,5.767395496368408203e-01,3.911488056182861328e-01,0.000000000000000000e+00,3.756539821624755859e-01,5.569577217102050781e-01,8.461278080940246582e-01,1.089942693710327148e+00,1.338780164718627930e+00,1.639522671699523926e+00,1.751564264297485352e+00,2.126901626586914062e+00,2.286311864852905273e+00,2.073237180709838867e+00,2.408387660980224609e+00,1.299844264984130859e+00,1.118538141250610352e+00,8.295037150382995605e-01,5.404483079910278320e-01,4.551517069339752197e-01,2.652785778045654297e-01,5.820925831794738770e-01,6.724896430969238281e-01,1.010415434837341309e+00,1.262007117271423340e+00,1.377638578414916992e+00,1.748646140098571777e+00,1.956488847732543945e+00,1.828556537628173828e+00,2.190551519393920898e+00,1.765966057777404785e+00,1.490488052368164062e+00,1.173279523849487305e+00,1.015622735023498535e+00,6.598556637763977051e-01,6.053876280784606934e-01,3.536423742771148682e-01,5.185312628746032715e-01,7.243810892105102539e-01,7.087361812591552734e-01,1.012722253799438477e+00,1.188732624053955078e+00,1.424300670623779297e+00,1.417283296585083008e+00,1.782701969146728516e+00,1.744728684425354004e+00,1.400780439376831055e+00,1.155499577522277832e+00,1.147491574287414551e+00,7.882032394409179688e-01,9.548063278198242188e-01,7.456854581832885742e-01,1.054454088211059570e+00,1.216924190521240234e+00,1.238671302795410156e+00,1.610831975936889648e+00,1.759987592697143555e+00,2.139498472213745117e+00,2.218039274215698242e+00,2.563809394836425781e+00,1.227711319923400879e+00,9.033312797546386719e-01,6.072499155998229980e-01,8.875201940536499023e-01,7.122040390968322754e-01,1.074257373809814453e+00,1.070525884628295898e+00,1.424162030220031738e+00,1.604390978813171387e+00,1.638274669647216797e+00,1.985155105590820312e+00,2.103042364120483398e+00,2.253206729888916016e+00,2.156504631042480469e+00,2.517171621322631836e+00
1.104747772216796875e+00,8.169746994972229004e-01,5.448980927467346191e-01,3.756539821624755859e-01,0.000000000000000000e+00,3.990901112556457520e-01,5.616959333419799805e-01,8.650627136230468750e-01,1.119605422019958496e+00,1.371774792671203613e+00,1.545174837112426758e+00,1.921681761741638184e+00,2.104800701141357422e+00,1.936527132987976074e+00,2.295370101928710938e+00,1.219496369361877441e+00,9.623245000839233398e-01,6.441345214843750000e-01,4.815814495086669922e-01,1.634324193000793457e-01,3.639414310455322266e-01,5.273253321647644043e-01,7.991619706153869629e-01,1.103747606277465820e+00,1.314983129501342773e+00,1.521591782569885254e+00,1.881480097770690918e+00,2.130983829498291016e+00,2.056993246078491211e+00,2.415237188339233398e+00,1.442029833793640137e+00,1.153653502464294434e+00,8.332220315933227539e-01,7.567944526672363281e-01,3.829106092453002930e-01,5.651873350143432617e-01,4.958193898200988770e-01,7.879781723022460938e-01,1.040724039077758789e+00,1.077380657196044922e+00,1.383403062820434570e+00,1.560509204864501953e+00,1.786949276924133301e+00,1.749259114265441895e+00,2.114605188369750977e+00,1.488886833190917969e+00,1.168095707893371582e+00,8.827453255653381348e-01,8.122088909149169922e-01,4.377137720584869385e-01,6.041005849838256836e-01,4.959101080894470215e-01,8.308444023132324219e-01,1.071715116500854492e+00,1.184686779975891113e+00,1.516339898109436035e+00,1.724512219429016113e+00,2.073867321014404297e+00,2.123027563095092773e+00,2.485705375671386719e+00,1.273640036582946777e+00,1.003806114196777344e+00,6.283351182937622070e-01,7.443689107894897461e-01,4.443881809711456299e-01,7.727312445640563965e-01,7.521300911903381348e-01,1.081240296363830566e+00,1.293555855751037598e+00,1.317088365554809570e+00,1.655294775962829590e+00,1.756965756416320801e+00,1.929338693618774414e+00,1.838036179542541504e+00,2.194704771041870117e+00
1.355630159378051758e+00,1.114215970039367676e+00,8.736581206321716309e-01,5.569577217102050781e-01,3.990901112556457520e-01,0.000000000000000000e+00,3.659397661685943604e-01,5.331510305404663086e-01,8.056310415267944336e-01,1.093836426734924316e+00,1.201922416687011719e+00,1.575687766075134277e+00,1.747159481048583984e+00,1.561578631401062012e+00,1.917905092239379883e+00,1.567253470420837402e+00,1.270456194877624512e+00,1.002525448799133301e+00,7.899624705314636230e-01,4.556310474872589111e-01,3.755102753639221191e-01,1.736596673727035522e-01,5.291634202003479004e-01,7.660965323448181152e-01,9.525842666625976562e-01,1.206490635871887207e+00,1.547425627708435059e+00,1.833122968673706055e+00,1.806140184402465820e+00,2.160270929336547852e+00,1.610529541969299316e+00,1.265272617340087891e+00,1.029901027679443359e+00,9.764383435249328613e-01,6.345778703689575195e-01,8.220502138137817383e-01,6.294813156127929688e-01,9.778165817260742188e-01,1.105175018310546875e+00,1.114691495895385742e+00,1.468338370323181152e+00,1.654142498970031738e+00,1.819686651229858398e+00,1.792435765266418457e+00,2.173103809356689453e+00,1.207689642906188965e+00,8.503354191780090332e-01,6.503491997718811035e-01,6.750876307487487793e-01,4.177622199058532715e-01,7.464771270751953125e-01,7.468874454498291016e-01,1.120328187942504883e+00,1.313782095909118652e+00,1.476549386978149414e+00,1.801110982894897461e+00,1.984549641609191895e+00,2.325748682022094727e+00,2.324061393737792969e+00,2.686898946762084961e+00,9.454657435417175293e-01,6.960567235946655273e-01,3.143848776817321777e-01,3.538177907466888428e-01,2.166751772165298462e-01,5.896680951118469238e-01,7.442100644111633301e-01,1.060609340667724609e+00,1.317111730575561523e+00,1.443665385246276855e+00,1.741225838661193848e+00,1.884080171585083008e+00,2.118840456008911133e+00,2.070417404174804688e+00,2.418256282806396484e+00
1.633873701095581055e+00,1.340034365653991699e+00,1.104828715324401855e+00,8.461278080940246582e-01,5.616959333419799805e-01,3.659397661685943604e-01,0.000000000000000000e+00,3.849887549877166748e-01,5.745167136192321777e-01,8.186229467391967773e-01,1.013291120529174805e+00,1.395695209503173828e+00,1.625549554824829102e+00,1.509714007377624512e+00,1.889861345291137695e+00,1.545774459838867188e+00,1.197295904159545898e+00,9.867104887962341309e-01,8.651835918426513672e-01,5.325078964233398438e-01,6.532184481620788574e-01,4.738287329673767090e-01,8.550223708152770996e-01,9.946895241737365723e-01,1.155517339706420898e+00,1.463251113891601562e+00,1.770638585090637207e+00,2.092950344085693359e+00,2.103199005126953125e+00,2.451229333877563477e+00,1.332513451576232910e+00,9.650533199310302734e-01,8.086714148521423340e-01,8.179063796997070312e-01,5.833023190498352051e-01,8.788076043128967285e-01,8.220183849334716797e-01,1.198590755462646484e+00,1.361267089843750000e+00,1.438536524772644043e+00,1.780008912086486816e+00,1.992575526237487793e+00,2.177316427230834961e+00,2.155249595642089844e+00,2.534906864166259766e+00,1.038748025894165039e+00,7.017849087715148926e-01,5.265676379203796387e-01,3.640762865543365479e-01,2.467919737100601196e-01,5.254334211349487305e-01,6.714535951614379883e-01,1.009747743606567383e+00,1.207526683807373047e+00,1.448402047157287598e+00,1.718358397483825684e+00,1.928035974502563477e+00,2.229725360870361328e+00,2.185726642608642578e+00,2.553266286849975586e+00,1.178447484970092773e+00,9.882327318191528320e-01,6.446212530136108398e-01,4.306455254554748535e-01,1.661645025014877319e-01,2.312693744897842407e-01,4.282906055450439453e-01,7.072201371192932129e-01,9.856016635894775391e-01,1.148343920707702637e+00,1.414898037910461426e+00,1.574324965476989746e+00,1.842814683914184570e+00,1.834190487861633301e+00,2.172245264053344727e+00
1.888561129570007324e+00,1.638448596000671387e+00,1.385941863059997559e+00,1.089942693710327148e+00,8.650627136230468750e-01,5.331510305404663086e-01,3.849887549877166748e-01,0.000000000000000000e+00,3.640079200267791748e-01,5.844039916992187500e-01,6.899635195732116699e-01,1.057799577713012695e+00,1.253612518310546875e+00,1.125379323959350586e+00,1.505562186241149902e+00,1.930217146873474121e+00,1.581735491752624512e+00,1.363247632980346680e+00,1.226364016532897949e+00,8.807059526443481445e-01,8.887264132499694824e-01,5.665217041969299316e-01,8.456033468246459961e-01,8.820660710334777832e-01,9.304866790771484375e-01,1.287511706352233887e+00,1.548071384429931641e+00,1.887316107749938965e+00,1.957454562187194824e+00,2.280745029449462891e+00,1.616558313369750977e+00,1.241945385932922363e+00,1.140730142593383789e+00,1.193879604339599609e+00,9.648793935775756836e-01,1.238480448722839355e+00,1.109855890274047852e+00,1.480367779731750488e+00,1.574102401733398438e+00,1.597051501274108887e+00,1.959393858909606934e+00,2.147327661514282227e+00,2.271830081939697266e+00,2.233221530914306641e+00,2.613420009613037109e+00,7.229278683662414551e-01,3.468259274959564209e-01,3.567551672458648682e-01,4.436118900775909424e-01,5.603604316711425781e-01,8.783082365989685059e-01,1.056168437004089355e+00,1.390982747077941895e+00,1.581408977508544922e+00,1.827355623245239258e+00,2.095795869827270508e+00,2.296027898788452148e+00,2.592319488525390625e+00,2.525205850601196289e+00,2.888635158538818359e+00,9.597597718238830566e-01,8.799110651016235352e-01,6.582168936729431152e-01,2.797103226184844971e-01,4.258397519588470459e-01,3.785427212715148926e-01,7.371402978897094727e-01,8.988356590270996094e-01,1.212320089340209961e+00,1.427978396415710449e+00,1.637806415557861328e+00,1.796674847602844238e+00,2.104820489883422852e+00,2.108065366744995117e+00,2.423730134963989258e+00
2.132735252380371094e+00,1.857963562011718750e+00,1.650402665138244629e+00,1.338780164718627930e+00,1.119605422019958496e+00,8.056310415267944336e-01,5.745167136192321777e-01,3.640079200267791748e-01,0.000000000000000000e+00,3.818698227405548096e-01,4.774784743785858154e-01,8.703446984291076660e-01,1.159638285636901855e+00,1.098286628723144531e+00,1.479031085968017578e+00,2.041727542877197266e+00,1.671888232231140137e+00,1.527408719062805176e+00,1.385593056678771973e+00,1.089899063110351562e+00,1.102438569068908691e+00,8.053306937217712402e-01,1.077537655830383301e+00,1.010629296302795410e+00,1.083330750465393066e+00,1.437225580215454102e+00,1.650075793266296387e+00,2.024438381195068359e+00,2.115682363510131836e+00,2.433875322341918945e+00,1.609856128692626953e+00,1.232580542564392090e+00,1.238169431686401367e+00,1.262389302253723145e+00,1.118473529815673828e+00,1.366001725196838379e+00,1.270960092544555664e+00,1.646611571311950684e+00,1.714403629302978516e+00,1.797413110733032227e+00,2.149315595626831055e+00,2.378078699111938477e+00,2.514538288116455078e+00,2.513956069946289062e+00,2.896191120147705078e+00,7.817793488502502441e-01,4.733219444751739502e-01,6.605288386344909668e-01,5.964699983596801758e-01,7.947382330894470215e-01,9.997687339782714844e-01,1.182580113410949707e+00,1.486804604530334473e+00,1.611894011497497559e+00,1.894354343414306641e+00,2.126739978790283203e+00,2.304540395736694336e+00,2.569443225860595703e+00,2.451725244522094727e+00,2.803356170654296875e+00,1.191292643547058105e+00,1.111127614974975586e+00,9.278552532196044922e-01,5.657045841217041016e-01,6.860668063163757324e-01,4.542594254016876221e-01,7.582361698150634766e-01,8.477067947387695312e-01,1.099109172821044922e+00,1.392578244209289551e+00,1.548115968704223633e+00,1.762236952781677246e+00,2.096762180328369141e+00,2.162263631820678711e+00,2.467223405838012695e+00
2.438128709793090820e+00,2.155970573425292969e+00,1.914130330085754395e+00,1.639522671699523926e+00,1.371774792671203613e+00,1.093836426734924316e+00,8.186229467391967773e-01,5.844039916992187500e-01,3.818698227405548096e-01,0.000000000000000000e+00,3.697533011436462402e-01,6.678695678710937500e-01,9.783605933189392090e-01,1.023631334304809570e+00,1.395610094070434570e+00,2.249790668487548828e+00,1.872200369834899902e+00,1.730800867080688477e+00,1.659652113914489746e+00,1.347598075866699219e+00,1.424993872642517090e+00,1.127552270889282227e+00,1.400537729263305664e+00,1.342665076255798340e+00,1.339797258377075195e+00,1.713069081306457520e+00,1.892470955848693848e+00,2.261231899261474609e+00,2.391097545623779297e+00,2.686704874038696289e+00,1.609775066375732422e+00,1.258730173110961914e+00,1.328198313713073730e+00,1.445711374282836914e+00,1.351256966590881348e+00,1.652566909790039062e+00,1.600548863410949707e+00,1.980957865715026855e+00,2.077793121337890625e+00,2.148207664489746094e+00,2.504441261291503906e+00,2.716136455535888672e+00,2.843327522277832031e+00,2.813023328781127930e+00,3.192844152450561523e+00,5.596080422401428223e-01,4.565275907516479492e-01,7.066834568977355957e-01,6.506705284118652344e-01,9.768777489662170410e-01,1.144411206245422363e+00,1.408995866775512695e+00,1.666648268699645996e+00,1.824533700942993164e+00,2.134014844894409180e+00,2.328133821487426758e+00,2.535905361175537109e+00,2.769620180130004883e+00,2.635011911392211914e+00,2.984793424606323242e+00,1.408818602561950684e+00,1.404626965522766113e+00,1.233537316322326660e+00,8.495094776153564453e-01,9.381297826766967773e-01,6.304018497467041016e-01,9.179406762123107910e-01,8.495286107063293457e-01,1.126523017883300781e+00,1.414210438728332520e+00,1.495143651962280273e+00,1.675485849380493164e+00,2.040072441101074219e+00,2.118136882781982422e+00,2.385244846343994141e+00
2.545893430709838867e+00,2.297150850296020508e+00,2.068989753723144531e+00,1.751564264297485352e+00,1.545174837112426758e+00,1.201922416687011719e+00,1.013291120529174805e+00,6.899635195732116699e-01,4.774784743785858154e-01,3.697533011436462402e-01,0.000000000000000000e+00,3.947413861751556396e-01,7.031847834587097168e-01,7.184817790985107422e-01,1.081521034240722656e+00,2.510024309158325195e+00,2.137592554092407227e+00,1.983729124069213867e+00,1.853121519088745117e+00,1.538409233093261719e+00,1.524376153945922852e+00,1.185961127281188965e+00,1.371243834495544434e+00,1.224835872650146484e+00,1.161383748054504395e+00,1.523757696151733398e+00,1.643378734588623047e+00,2.019836902618408203e+00,2.186188697814941406e+00,2.457080841064453125e+00,1.962511777877807617e+00,1.602401018142700195e+00,1.647544384002685547e+00,1.720380306243896484e+00,1.580579400062561035e+00,1.838961362838745117e+00,1.719138860702514648e+00,2.088612318038940430e+00,2.121163368225097656e+00,2.164043664932250977e+00,2.523479461669921875e+00,2.727578639984130859e+00,2.813280582427978516e+00,2.794148683547973633e+00,3.169297456741333008e+00,6.076595187187194824e-01,5.122942924499511719e-01,8.728600740432739258e-01,9.361936450004577637e-01,1.205484986305236816e+00,1.431706786155700684e+00,1.648880124092102051e+00,1.944183111190795898e+00,2.078294992446899414e+00,2.369180202484130859e+00,2.590079069137573242e+00,2.769252777099609375e+00,3.019184827804565430e+00,2.878625392913818359e+00,3.222151756286621094e+00,1.269223928451538086e+00,1.321355819702148438e+00,1.251927852630615234e+00,8.860246539115905762e-01,1.101468324661254883e+00,8.808711171150207520e-01,1.199905037879943848e+00,1.194064378738403320e+00,1.448861479759216309e+00,1.756451725959777832e+00,1.843856096267700195e+00,2.040514230728149414e+00,2.404417514801025391e+00,2.483181476593017578e+00,2.754381179809570312e+00
2.918295621871948242e+00,2.680834531784057617e+00,2.441570758819580078e+00,2.126901626586914062e+00,1.921681761741638184e+00,1.575687766075134277e+00,1.395695209503173828e+00,1.057799577713012695e+00,8.703446984291076660e-01,6.678695678710937500e-01,3.947413861751556396e-01,0.000000000000000000e+00,3.977979421615600586e-01,5.858852863311767578e-01,8.640432953834533691e-01,2.891375303268432617e+00,2.516355514526367188e+00,2.362375497817993164e+00,2.244525671005249023e+00,1.922779917716979980e+00,1.905994176864624023e+00,1.557613253593444824e+00,1.705352902412414551e+00,1.528505802154541016e+00,1.395231366157531738e+00,1.738822817802429199e+00,1.787147760391235352e+00,2.148352384567260742e+00,2.364309310913085938e+00,2.593273639678955078e+00,2.260766744613647461e+00,1.919575214385986328e+00,1.993042826652526855e+00,2.094324588775634766e+00,1.965378522872924805e+00,2.232701301574707031e+00,2.109102249145507812e+00,2.475953340530395508e+00,2.494503259658813477e+00,2.519210577011108398e+00,2.879804611206054688e+00,3.069516181945800781e+00,3.126163721084594727e+00,3.094825983047485352e+00,3.462218523025512695e+00,7.138107419013977051e-01,8.055833578109741211e-01,1.176110982894897461e+00,1.275753498077392578e+00,1.572341918945312500e+00,1.795789837837219238e+00,2.033446311950683594e+00,2.317724704742431641e+00,2.455993175506591797e+00,2.755307674407958984e+00,2.963740110397338867e+00,3.145647764205932617e+00,3.381426334381103516e+00,3.223922729492187500e+00,3.560459375381469727e+00,1.492277741432189941e+00,1.617324113845825195e+00,1.601036190986633301e+00,1.246293544769287109e+00,1.478628873825073242e+00,1.254456996917724609e+00,1.568303227424621582e+00,1.510739088058471680e+00,1.756095647811889648e+00,2.065388679504394531e+00,2.104640722274780273e+00,2.285791873931884766e+00,2.663518667221069336e+00,2.753747940063476562e+00,2.996083498001098633e+00
3.058557510375976562e+00,2.857512235641479492e+00,2.596616506576538086e+00,2.286311864852905273e+00,2.104800701141357422e+00,1.747159481048583984e+00,1.625549554824829102e+00,1.253612518310546875e+00,1.159638285636901855e+00,9.783605933189392090e-01,7.031847834587097168e-01,3.977979421615600586e-01,0.000000000000000000e+00,3.514690995216369629e-01,5.175087451934814453e-01,3.159194231033325195e+00,2.793913841247558594e+00,2.600145101547241211e+00,2.476855993270874023e+00,2.133749723434448242e+00,2.087345361709594727e+00,1.723363041877746582e+00,1.806800723075866699e+00,1.627298712730407715e+00,1.405510544776916504e+00,1.722891807556152344e+00,1.719301223754882812e+00,2.039211273193359375e+00,2.295342922210693359e+00,2.479867219924926758e+00,2.567409992218017578e+00,2.225754976272583008e+00,2.258350610733032227e+00,2.378255128860473633e+00,2.207703351974487305e+00,2.478737115859985352e+00,2.319421529769897461e+00,2.674284458160400391e+00,2.675871372222900391e+00,2.646017074584960938e+00,3.009018898010253906e+00,3.158263444900512695e+00,3.168553829193115234e+00,3.107633352279663086e+00,3.459603786468505859e+00,7.852236628532409668e-01,9.562761187553405762e-01,1.309935331344604492e+00,1.504066705703735352e+00,1.781191468238830566e+00,2.052424192428588867e+00,2.289137601852416992e+00,2.591583967208862305e+00,2.759485960006713867e+00,3.042063236236572266e+00,3.273034811019897461e+00,3.462794542312622070e+00,3.717326879501342773e+00,3.578910589218139648e+00,3.922070980072021484e+00,1.459034442901611328e+00,1.670023083686828613e+00,1.721977829933166504e+00,1.402746558189392090e+00,1.676937103271484375e+00,1.515244483947753906e+00,1.858686089515686035e+00,1.820397019386291504e+00,2.099955797195434570e+00,2.385225057601928711e+00,2.438133239746093750e+00,2.587478876113891602e+00,2.961336851119995117e+00,3.019924163818359375e+00,3.255695581436157227e+00
2.819370746612548828e+00,2.649174928665161133e+00,2.394849777221679688e+00,2.073237180709838867e+00,1.936527132987976074e+00,1.561578631401062012e+00,1.509714007377624512e+00,1.125379323959350586e+00,1.098286628723144531e+00,1.023631334304809570e+00,7.184817790985107422e-01,5.858852863311767578e-01,3.514690995216369629e-01,0.000000000000000000e+00,3.869050145149230957e-01,3.054854154586791992e+00,2.703997373580932617e+00,2.484591245651245117e+00,2.326109886169433594e+00,1.982843041419982910e+00,1.884848117828369141e+00,1.517336368560791016e+00,1.540800213813781738e+00,1.351123690605163574e+00,1.089689493179321289e+00,1.390792250633239746e+00,1.382206916809082031e+00,1.694126129150390625e+00,1.950054883956909180e+00,2.134164094924926758e+00,2.598795652389526367e+00,2.238991022109985352e+00,2.216737031936645508e+00,2.305992364883422852e+00,2.088549852371215820e+00,2.331997632980346680e+00,2.130120515823364258e+00,2.465847969055175781e+00,2.440788030624389648e+00,2.377942323684692383e+00,2.737149715423583984e+00,2.867592573165893555e+00,2.854705810546875000e+00,2.792535305023193359e+00,3.138096332550048828e+00,7.976335287094116211e-01,8.647312521934509277e-01,1.199779152870178223e+00,1.450695991516113281e+00,1.667827725410461426e+00,1.982609629631042480e+00,2.180356502532958984e+00,2.511388063430786133e+00,2.681991577148437500e+00,2.936089277267456055e+00,3.199405431747436523e+00,3.377942323684692383e+00,3.660506725311279297e+00,3.547092199325561523e+00,3.895340204238891602e+00,1.137037992477416992e+00,1.377360343933105469e+00,1.483614325523376465e+00,1.211619138717651367e+00,1.530928730964660645e+00,1.446983933448791504e+00,1.808364391326904297e+00,1.839408993721008301e+00,2.135781764984130859e+00,2.411291599273681641e+00,2.514853715896606445e+00,2.668244123458862305e+00,3.027700424194335938e+00,3.059997081756591797e+00,3.321724414825439453e+00
3.128024101257324219e+00,2.983431339263916016e+00,2.731143474578857422e+00,2.408387660980224609e+00,2.295370101928710938e+00,1.917905092239379883e+00,1.889861345291137695e+00,1.505562186241149902e+00,1.479031085968017578e+00,1.395610094070434570e+00,1.081521034240722656e+00,8.640432953834533691e-01,5.175087451934814453e-01,3.869050145149230957e-01,0.000000000000000000e+00,3.432871580123901367e+00,3.085641622543334961e+00,2.859631776809692383e+00,2.692094802856445312e+00,2.349970579147338867e+00,2.228711605072021484e+00,1.863506317138671875e+00,1.838184475898742676e+00,1.624700427055358887e+00,1.321661949157714844e+00,1.556645870208740234e+00,1.460065245628356934e+00,1.719722032546997070e+00,2.020785808563232422e+00,2.141501665115356445e+00,2.979027032852172852e+00,2.622266530990600586e+00,2.600626945495605469e+00,2.690774440765380859e+00,2.465266942977905273e+00,2.698663711547851562e+00,2.477831125259399414e+00,2.799280643463134766e+00,2.746960878372192383e+00,2.658510923385620117e+00,3.008504867553710938e+00,3.116720676422119141e+00,3.063375473022460938e+00,2.994269847869873047e+00,3.320049047470092773e+00,1.137547135353088379e+00,1.245115876197814941e+00,1.565361499786376953e+00,1.832864522933959961e+00,2.044340610504150391e+00,2.366603612899780273e+00,2.559374809265136719e+00,2.894701957702636719e+00,3.063926219940185547e+00,3.312550306320190430e+00,3.581385374069213867e+00,3.753750085830688477e+00,4.038896560668945312e+00,3.921802997589111328e+00,4.266709327697753906e+00,1.359617829322814941e+00,1.646405935287475586e+00,1.808453321456909180e+00,1.570644497871398926e+00,1.902573466300964355e+00,1.833341717720031738e+00,2.195074558258056641e+00,2.221576690673828125e+00,2.514692544937133789e+00,2.793442249298095703e+00,2.885829687118530273e+00,3.034780979156494141e+00,3.397967815399169922e+00,3.429392576217651367e+00,3.681656122207641602e+00
1.357859492301940918e+00,1.033468008041381836e+00,1.116529345512390137e+00,1.299844264984130859e+00,1.219496369361877441e+00,1.567253470420837402e+00,1.545774459838867188e+00,1.930217146873474121e+00,2.041727542877197266e+00,2.249790668487548828e+00,2.510024309158325195e+00,2.891375303268432617e+00,3.159194231033325195e+00,3.054854154586791992e+00,3.432871580123901367e+00,0.000000000000000000e+00,3.841255605220794678e-01,6.091325283050537109e-01,8.098323941230773926e-01,1.115277528762817383e+00,1.370006561279296875e+00,1.661906838417053223e+00,1.915640115737915039e+00,2.178449869155883789e+00,2.470645666122436523e+00,2.631097793579101562e+00,2.990145444869995117e+00,3.230990886688232422e+00,3.089936733245849609e+00,3.457785129547119141e+00,1.235148906707763672e+00,1.252303123474121094e+00,1.037301421165466309e+00,8.101637959480285645e-01,9.684488773345947266e-01,8.202651143074035645e-01,1.168980002403259277e+00,1.137007713317871094e+00,1.490730404853820801e+00,1.718114852905273438e+00,1.805767416954040527e+00,2.028354883193969727e+00,2.391736984252929688e+00,2.430211544036865234e+00,2.715404748916625977e+00,2.512333869934082031e+00,2.230568170547485352e+00,1.957469344139099121e+00,1.696662068367004395e+00,1.416744828224182129e+00,1.136203169822692871e+00,8.749132752418518066e-01,5.926725864410400391e-01,5.632941126823425293e-01,3.490934073925018311e-01,4.791961014270782471e-01,7.394067049026489258e-01,1.038397789001464844e+00,1.240745186805725098e+00,1.552968621253967285e+00,2.471887350082397461e+00,2.156364917755126953e+00,1.799004912376403809e+00,1.887142896652221680e+00,1.537813425064086914e+00,1.646804213523864746e+00,1.334312438964843750e+00,1.533322691917419434e+00,1.452006936073303223e+00,1.242451190948486328e+00,1.563542723655700684e+00,1.619180798530578613e+00,1.546928644180297852e+00,1.455031394958496094e+00,1.786701798439025879e+00
1.403594732284545898e+00,1.032404303550720215e+00,1.030920863151550293e+00,1.118538141250610352e+00,9.623245000839233398e-01,1.270456194877624512e+00,1.197295904159545898e+00,1.581735491752624512e+00,1.671888232231140137e+00,1.872200369834899902e+00,2.137592554092407227e+00,2.516355514526367188e+00,2.793913841247558594e+00,2.703997373580932617e+00,3.085641622543334961e+00,3.841255605220794678e-01,0.000000000000000000e+00,3.796414136886596680e-01,5.882668495178222656e-01,8.319998979568481445e-01,1.128259897232055664e+00,1.371571779251098633e+00,1.669253110885620117e+00,1.906852006912231445e+00,2.189053058624267578e+00,2.385269880294799805e+00,2.735672235488891602e+00,3.005662202835083008e+00,2.898300647735595703e+00,3.269257545471191406e+00,9.686416387557983398e-01,9.079763889312744141e-01,6.997703909873962402e-01,4.284189939498901367e-01,6.437396407127380371e-01,5.853211879730224609e-01,9.585348963737487793e-01,1.049238204956054688e+00,1.394873857498168945e+00,1.628225922584533691e+00,1.787699103355407715e+00,2.034766197204589844e+00,2.373590707778930664e+00,2.406160354614257812e+00,2.726304769515991211e+00,2.158599138259887695e+00,1.877756714820861816e+00,1.625454902648925781e+00,1.339466571807861328e+00,1.084924936294555664e+00,7.784929871559143066e-01,5.347194671630859375e-01,2.291707992553710938e-01,2.853356301784515381e-01,3.754089772701263428e-01,5.816464424133300781e-01,8.681960701942443848e-01,1.166574716567993164e+00,1.260514616966247559e+00,1.615562200546264648e+00,2.204332828521728516e+00,1.902490258216857910e+00,1.530430078506469727e+00,1.565097332000732422e+00,1.211588621139526367e+00,1.279269337654113770e+00,9.547137618064880371e-01,1.158567786216735840e+00,1.090739607810974121e+00,9.230502247810363770e-01,1.267608880996704102e+00,1.366784214973449707e+00,1.378111243247985840e+00,1.329046726226806641e+00,1.687522292137145996e+00
1.190576672554016113e+00,8.268064260482788086e-01,7.130388617515563965e-01,8.295037150382995605e-01,6.441345214843750000e-01,1.002525448799133301e+00,9.867104887962341309e-01,1.363247632980346680e+00,1.527408719062805176e+00,1.730800867080688477e+00,1.983729124069213867e+00,2.362375497817993164e+00,2.600145101547241211e+00,2.484591245651245117e+00,2.859631776809692383e+00,6.091325283050537109e-01,3.796414136886596680e-01,0.000000000000000000e+00,3.906721174716949463e-01,5.500168800354003906e-01,8.803445696830749512e-01,1.123476266860961914e+00,1.408856153488159180e+00,1.689395189285278320e+00,1.939460873603820801e+00,2.136852264404296875e+00,2.496992111206054688e+00,2.748002767562866211e+00,2.645766735076904297e+00,3.010259866714477539e+00,1.080304026603698730e+00,9.398257732391357422e-01,6.047857999801635742e-01,4.412898123264312744e-01,4.187177121639251709e-01,4.721346497535705566e-01,7.755183577537536621e-01,9.064713120460510254e-01,1.271407723426818848e+00,1.425824522972106934e+00,1.624399662017822266e+00,1.828302264213562012e+00,2.138475894927978516e+00,2.127985715866088867e+00,2.456166982650756836e+00,1.934758543968200684e+00,1.654292464256286621e+00,1.360723018646240234e+00,1.135498285293579102e+00,8.273097276687622070e-01,6.085803508758544922e-01,3.650053441524505615e-01,3.085981905460357666e-01,6.064902544021606445e-01,6.725793480873107910e-01,9.473348259925842285e-01,1.214655041694641113e+00,1.535854220390319824e+00,1.636515259742736816e+00,1.992200374603271484e+00,1.916517972946166992e+00,1.632542133331298828e+00,1.257459402084350586e+00,1.321792006492614746e+00,9.610404372215270996e-01,1.109185457229614258e+00,8.576279878616333008e-01,1.107374668121337891e+00,1.166198015213012695e+00,1.027989506721496582e+00,1.390856027603149414e+00,1.453693747520446777e+00,1.512114882469177246e+00,1.403278231620788574e+00,1.767298936843872070e+00
9.895587563514709473e-01,6.151677370071411133e-01,5.661648511886596680e-01,5.404483079910278320e-01,4.815814495086669922e-01,7.899624705314636230e-01,8.651835918426513672e-01,1.226364016532897949e+00,1.385593056678771973e+00,1.659652113914489746e+00,1.853121519088745117e+00,2.244525671005249023e+00,2.476855993270874023e+00,2.326109886169433594e+00,2.692094802856445312e+00,8.098323941230773926e-01,5.882668495178222656e-01,3.906721174716949463e-01,0.000000000000000000e+00,3.750000298023223877e-01,5.611695647239685059e-01,8.637989163398742676e-01,1.107732176780700684e+00,1.374148845672607422e+00,1.662524104118347168e+00,1.825293540954589844e+00,2.184200525283813477e+00,2.433884143829345703e+00,2.315715551376342773e+00,2.685496568679809570e+00,1.346063017845153809e+00,1.126506805419921875e+00,8.304367065429687500e-01,5.620605945587158203e-01,3.506507277488708496e-01,1.335533112287521362e-01,3.936795890331268311e-01,5.561362504959106445e-01,8.973472118377685547e-01,1.078238368034362793e+00,1.296599388122558594e+00,1.539487481117248535e+00,1.846789598464965820e+00,1.878179907798767090e+00,2.221178293228149414e+00,1.885800957679748535e+00,1.554711937904357910e+00,1.304462790489196777e+00,1.126298666000366211e+00,7.797524929046630859e-01,6.950966119766235352e-01,3.454246520996093750e-01,5.572541952133178711e-01,6.823682188987731934e-01,7.223533391952514648e-01,1.080563426017761230e+00,1.258255124092102051e+00,1.623003959655761719e+00,1.700576424598693848e+00,2.052698850631713867e+00,1.671557068824768066e+00,1.348738789558410645e+00,9.953680634498596191e-01,1.123293161392211914e+00,8.153974413871765137e-01,1.036020994186401367e+00,8.467580080032348633e-01,1.183265328407287598e+00,1.257288336753845215e+00,1.230988740921020508e+00,1.591004610061645508e+00,1.720724105834960938e+00,1.826393723487854004e+00,1.758403420448303223e+00,2.126207351684570312e+00
1.155700922012329102e+00,8.319084644317626953e-01,6.149403452873229980e-01,4.551517069339752197e-01,1.634324193000793457e-01,4.556310474872589111e-01,5.325078964233398438e-01,8.807059526443481445e-01,1.089899063110351562e+00,1.347598075866699219e+00,1.538409233093261719e+00,1.922779917716979980e+00,2.133749723434448242e+00,1.982843041419982910e+00,2.349970579147338867e+00,1.115277528762817383e+00,8.319998979568481445e-01,5.500168800354003906e-01,3.750000298023223877e-01,0.000000000000000000e+00,3.945326507091522217e-01,5.747411251068115234e-01,8.815321922302246094e-01,1.153977751731872559e+00,1.390850782394409180e+00,1.604529976844787598e+00,1.959392070770263672e+00,2.225404739379882812e+00,2.151824235916137695e+00,2.515227556228637695e+00,1.325457334518432617e+00,1.036781549453735352e+00,7.317062020301818848e-01,6.076583862304687500e-01,2.308220118284225464e-01,4.413038194179534912e-01,4.508809149265289307e-01,7.660839557647705078e-01,1.034483790397644043e+00,1.129133582115173340e+00,1.423035383224487305e+00,1.631501674652099609e+00,1.878907680511474609e+00,1.865300297737121582e+00,2.229602575302124023e+00,1.523520469665527344e+00,1.197706580162048340e+00,9.328745007514953613e-01,7.943199276924133301e-01,4.272036850452423096e-01,5.012198686599731445e-01,3.428291380405426025e-01,6.978265047073364258e-01,9.196740984916687012e-01,1.055511474609375000e+00,1.379825353622436523e+00,1.587285518646240234e+00,1.930603742599487305e+00,1.967914581298828125e+00,2.331937789916992188e+00,1.378181815147399902e+00,1.096367239952087402e+00,7.144465446472167969e-01,7.880308628082275391e-01,4.574304223060607910e-01,7.270854711532592773e-01,6.413432359695434570e-01,9.852172136306762695e-01,1.164188861846923828e+00,1.190495133399963379e+00,1.533382177352905273e+00,1.654353260993957520e+00,1.824547052383422852e+00,1.754548311233520508e+00,2.116323232650756836e+00
1.032526016235351562e+00,7.859110236167907715e-01,6.367005109786987305e-01,2.652785778045654297e-01,3.639414310455322266e-01,3.755102753639221191e-01,6.532184481620788574e-01,8.887264132499694824e-01,1.102438569068908691e+00,1.424993872642517090e+00,1.524376153945922852e+00,1.905994176864624023e+00,2.087345361709594727e+00,1.884848117828369141e+00,2.228711605072021484e+00,1.370006561279296875e+00,1.128259897232055664e+00,8.803445696830749512e-01,5.611695647239685059e-01,3.945326507091522217e-01,0.000000000000000000e+00,3.675859272480010986e-01,5.466722846031188965e-01,8.318428397178649902e-01,1.111001253128051758e+00,1.266978621482849121e+00,1.627847790718078613e+00,1.880125403404235840e+00,1.783589124679565430e+00,2.152134656906127930e+00,1.693141222000122070e+00,1.383316159248352051e+00,1.113905549049377441e+00,9.440147280693054199e-01,5.915257930755615234e-01,5.828181505203247070e-01,2.843165099620819092e-01,6.056686043739318848e-01,7.472133636474609375e-01,7.974098920822143555e-01,1.129907131195068359e+00,1.350000262260437012e+00,1.567408204078674316e+00,1.587008357048034668e+00,1.962013721466064453e+00,1.581663966178894043e+00,1.217991113662719727e+00,1.020842432975769043e+00,9.922035336494445801e-01,6.650091409683227539e-01,8.588314056396484375e-01,6.829925775527954102e-01,1.039355158805847168e+00,1.172666788101196289e+00,1.256805539131164551e+00,1.616854906082153320e+00,1.759354591369628906e+00,2.127177476882934570e+00,2.161464214324951172e+00,2.512189626693725586e+00,1.125162839889526367e+00,7.892401218414306641e-01,4.565890133380889893e-01,6.878937482833862305e-01,5.367695093154907227e-01,8.786869645118713379e-01,9.025550484657287598e-01,1.265359640121459961e+00,1.445489168167114258e+00,1.534824609756469727e+00,1.865683674812316895e+00,2.019303083419799805e+00,2.204596996307373047e+00,2.147400856018066406e+00,2.509695768356323242e+00
