0.000000000000000000e+00,3.844574689865112305e-01,6.425186991691589355e-01,9.875294566154479980e-01,1.283784270286560059e+00,1.569114446640014648e+00,1.853470325469970703e+00,1.731510400772094727e+00,1.660231232643127441e+00,1.378329396247863770e+00,1.000914931297302246e+00,7.919837832450866699e-01,5.398765802383422852e-01,4.825519919395446777e-01,5.745640993118286133e-01,1.434024333953857422e+00,1.147706031799316406e+00,1.264218926429748535e+00,1.100545167922973633e+00,1.413248181343078613e+00,1.425989031791687012e+00,1.555983901023864746e+00,1.545994639396667480e+00,1.312892317771911621e+00,1.330223321914672852e+00,1.125215768814086914e+00,1.401105880737304688e+00,1.403462529182434082e+00,1.717087626457214355e+00,1.886109471321105957e+00,2.081075429916381836e+00,1.909932971000671387e+00,2.106747388839721680e+00,2.109832048416137695e+00,2.330477476119995117e+00,2.589715719223022461e+00,2.575049400329589844e+00,2.255031108856201172e+00,1.936226606369018555e+00,1.746859073638916016e+00,1.669700145721435547e+00,1.690361022949218750e+00,1.622356772422790527e+00,1.875894784927368164e+00,1.970007538795471191e+00,4.832083284854888916e-01,5.084208846092224121e-01,8.375319242477416992e-01,1.033814072608947754e+00,1.389852285385131836e+00,1.589115262031555176e+00,1.840561032295227051e+00,1.750266909599304199e+00,1.618864655494689941e+00,1.424361348152160645e+00,1.032006144523620605e+00,1.000357031822204590e+00,7.425254583358764648e-01,8.701605200767517090e-01,9.153292179107666016e-01,2.281478404998779297e+00,1.979101061820983887e+00,2.016486167907714844e+00,1.845965266227722168e+00,1.939426064491271973e+00,2.099504947662353516e+00,1.932487368583679199e+00,1.637212514877319336e+00,1.323337316513061523e+00,1.303941607475280762e+00,1.448440194129943848e+00,1.644576549530029297e+00,1.775266885757446289e+00,2.097826480865478516e+00,2.330848217010498047e+00
3.844574689865112305e-01,0.000000000000000000e+00,3.845275640487670898e-01,6.495520472526550293e-01,9.854464530944824219e-01,1.263901114463806152e+00,1.516514182090759277e+00,1.384642124176025391e+00,1.284994840621948242e+00,1.022625327110290527e+00,6.377342939376831055e-01,5.297833681106567383e-01,4.100077450275421143e-01,6.009041070938110352e-01,8.448652625083923340e-01,1.096144914627075195e+00,8.099060654640197754e-01,1.000146627426147461e+00,9.206795692443847656e-01,1.283956408500671387e+00,1.399911999702453613e+00,1.560896754264831543e+00,1.482148170471191406e+00,1.250811219215393066e+00,1.159812927246093750e+00,8.698821067810058594e-01,1.089145421981811523e+00,1.038455605506896973e+00,1.358259797096252441e+00,1.517292499542236328e+00,1.903041124343872070e+00,1.684225082397460938e+00,1.873933196067810059e+00,1.833996891975402832e+00,2.066893577575683594e+00,2.295024871826171875e+00,2.276639938354492188e+00,1.977414965629577637e+00,1.634088754653930664e+00,1.480983972549438477e+00,1.403508305549621582e+00,1.493951797485351562e+00,1.452475905418395996e+00,1.761266827583312988e+00,1.894407153129577637e+00,7.402940392494201660e-01,6.431497931480407715e-01,9.997061491012573242e-01,1.124291300773620605e+00,1.495299696922302246e+00,1.706521630287170410e+00,1.892307877540588379e+00,1.753011345863342285e+00,1.543941855430603027e+00,1.351763367652893066e+00,9.724103212356567383e-01,9.991702437400817871e-01,7.373651266098022461e-01,9.836414456367492676e-01,1.029309988021850586e+00,1.935089230537414551e+00,1.654487967491149902e+00,1.711796641349792480e+00,1.593813538551330566e+00,1.718444585800170898e+00,1.933833837509155273e+00,1.827118039131164551e+00,1.512017726898193359e+00,1.207383632659912109e+00,1.086658954620361328e+00,1.165755152702331543e+00,1.308969378471374512e+00,1.416579604148864746e+00,1.726607322692871094e+00,1.954519033432006836e+00
6.425186991691589355e-01,3.845275640487670898e-01,0.000000000000000000e+00,3.839423656463623047e-01,6.412771344184875488e-01,9.446208477020263672e-01,1.223171830177307129e+00,1.114559412002563477e+00,1.113762736320495605e+00,8.618769049644470215e-01,5.665768384933471680e-01,4.745340347290039062e-01,6.153936982154846191e-01,7.356066703796386719e-01,1.065116643905639648e+00,9.940386414527893066e-01,8.349384665489196777e-01,1.127840757369995117e+00,1.167255759239196777e+00,1.548086404800415039e+00,1.693033695220947266e+00,1.896896719932556152e+00,1.818179488182067871e+00,1.607376933097839355e+00,1.466582894325256348e+00,1.121168136596679688e+00,1.237228035926818848e+00,1.064163565635681152e+00,1.329513907432556152e+00,1.391802430152893066e+00,2.056928157806396484e+00,1.837609767913818359e+00,2.057790756225585938e+00,1.997160792350769043e+00,2.256901979446411133e+00,2.444514274597167969e+00,2.427408695220947266e+00,2.163197994232177734e+00,1.794185876846313477e+00,1.695075392723083496e+00,1.598223209381103516e+00,1.735518217086791992e+00,1.666434526443481445e+00,1.992997646331787109e+00,2.098722934722900391e+00,1.078115344047546387e+00,1.011247396469116211e+00,1.351056814193725586e+00,1.431722402572631836e+00,1.805782318115234375e+00,1.970147252082824707e+00,2.137569904327392578e+00,2.023314714431762695e+00,1.776691675186157227e+00,1.638225078582763672e+00,1.285446405410766602e+00,1.366302490234375000e+00,1.118514299392700195e+00,1.356795072555541992e+00,1.350644707679748535e+00,1.952608823776245117e+00,1.698207139968872070e+00,1.710489273071289062e+00,1.629172205924987793e+00,1.701334834098815918e+00,1.958026289939880371e+00,1.856235146522521973e+00,1.506648898124694824e+00,1.278578400611877441e+00,1.093593478202819824e+00,1.206839084625244141e+00,1.266093373298645020e+00,1.411159753799438477e+00,1.663011670112609863e+00,1.910520553588867188e+00
9.875294566154479980e-01,6.495520472526550293e-01,3.839423656463623047e-01,0.000000000000000000e+00,3.788857460021972656e-01,6.273713707923889160e-01,8.694379925727844238e-01,7.829383611679077148e-01,7.763583660125732422e-01,6.169883012771606445e-01,4.428192079067230225e-01,6.067080497741699219e-01,8.625582456588745117e-01,1.075274348258972168e+00,1.416687369346618652e+00,6.885747313499450684e-01,6.361516714096069336e-01,1.005498766899108887e+00,1.162797331809997559e+00,1.542113423347473145e+00,1.759945750236511230e+00,1.988799571990966797e+00,1.870895385742187500e+00,1.692372560501098633e+00,1.470827817916870117e+00,1.081547021865844727e+00,1.076100111007690430e+00,8.068510293960571289e-01,1.017902016639709473e+00,1.025820970535278320e+00,2.056117296218872070e+00,1.793082714080810547e+00,1.986749529838562012e+00,1.868829846382141113e+00,2.124001741409301758e+00,2.258962631225585938e+00,2.225113630294799805e+00,1.998148202896118164e+00,1.613495230674743652e+00,1.585054874420166016e+00,1.511699318885803223e+00,1.724555134773254395e+00,1.696544408798217773e+00,2.056391716003417969e+00,2.197425603866577148e+00,1.369526147842407227e+00,1.278527736663818359e+00,1.619675874710083008e+00,1.674508333206176758e+00,2.040705204010009766e+00,2.217311620712280273e+00,2.336624860763549805e+00,2.184631109237670898e+00,1.890402317047119141e+00,1.755443453788757324e+00,1.440694808959960938e+00,1.536711573600769043e+00,1.296739459037780762e+00,1.565677404403686523e+00,1.543383598327636719e+00,1.713232755661010742e+00,1.515639185905456543e+00,1.556208610534667969e+00,1.561669349670410156e+00,1.663331151008605957e+00,1.974290251731872559e+00,1.941616296768188477e+00,1.593127012252807617e+00,1.400804042816162109e+00,1.124763131141662598e+00,1.139247417449951172e+00,1.082590937614440918e+00,1.174556493759155273e+00,1.370814681053161621e+00,1.595367550849914551e+00
1.283784270286560059e+00,9.854464530944824219e-01,6.412771344184875488e-01,3.788857460021972656e-01,0.000000000000000000e+00,3.817792832851409912e-01,6.183649897575378418e-01,5.611994862556457520e-01,7.434280514717102051e-01,6.445018053054809570e-01,6.836345195770263672e-01,8.073260784149169922e-01,1.137251853942871094e+00,1.295056462287902832e+00,1.663050770759582520e+00,8.594050407409667969e-01,9.468396902084350586e-01,1.327368497848510742e+00,1.526407361030578613e+00,1.899779677391052246e+00,2.123752355575561523e+00,2.363804578781127930e+00,2.244282245635986328e+00,2.064716100692749023e+00,1.830930471420288086e+00,1.438270807266235352e+00,1.385048508644104004e+00,1.056908607482910156e+00,1.185996532440185547e+00,1.066723704338073730e+00,2.229361295700073242e+00,1.985252499580383301e+00,2.205489635467529297e+00,2.087241172790527344e+00,2.363160371780395508e+00,2.464281082153320312e+00,2.444926738739013672e+00,2.257519721984863281e+00,1.873933076858520508e+00,1.875986099243164062e+00,1.774574398994445801e+00,1.999216794967651367e+00,1.937869906425476074e+00,2.293654680252075195e+00,2.401554584503173828e+00,1.706103086471557617e+00,1.615582942962646484e+00,1.942806124687194824e+00,1.964740037918090820e+00,2.328274250030517578e+00,2.464194059371948242e+00,2.566766500473022461e+00,2.441180229187011719e+00,2.127855539321899414e+00,2.042022943496704102e+00,1.751553177833557129e+00,1.886063337326049805e+00,1.664963722229003906e+00,1.934603571891784668e+00,1.903954625129699707e+00,1.803592920303344727e+00,1.638385057449340820e+00,1.619332194328308105e+00,1.654925107955932617e+00,1.693712353706359863e+00,2.025733709335327148e+00,2.000000715255737305e+00,1.643040060997009277e+00,1.534472465515136719e+00,1.235453844070434570e+00,1.283873558044433594e+00,1.155078649520874023e+00,1.288964748382568359e+00,1.400487422943115234e+00,1.641980409622192383e+00
1.569114446640014648e+00,1.263901114463806152e+00,9.446208477020263672e-01,6.273713707923889160e-01,3.817792832851409912e-01,0.000000000000000000e+00,3.785221576690673828e-01,5.658957958221435547e-01,7.911291718482971191e-01,8.682468533515930176e-01,9.648822546005249023e-01,1.162906527519226074e+00,1.473764061927795410e+00,1.647946238517761230e+00,2.002694368362426758e+00,7.549652457237243652e-01,9.915322065353393555e-01,1.344784975051879883e+00,1.617934346199035645e+00,1.963486313819885254e+00,2.207382917404174805e+00,2.483108758926391602e+00,2.371903181076049805e+00,2.245501279830932617e+00,1.979579448699951172e+00,1.578792214393615723e+00,1.443108558654785156e+00,1.091148495674133301e+00,1.092044949531555176e+00,8.849735856056213379e-01,2.498675823211669922e+00,2.223703622817993164e+00,2.403368711471557617e+00,2.232826232910156250e+00,2.477309465408325195e+00,2.527593612670898438e+00,2.466237306594848633e+00,2.308382749557495117e+00,1.922843933105468750e+00,1.996536850929260254e+00,1.951640009880065918e+00,2.222769260406494141e+00,2.208926200866699219e+00,2.578821420669555664e+00,2.716711521148681641e+00,1.955220699310302734e+00,1.900841116905212402e+00,2.246433734893798828e+00,2.293427467346191406e+00,2.657053947448730469e+00,2.815540790557861328e+00,2.912724971771240234e+00,2.763756752014160156e+00,2.441320180892944336e+00,2.334231615066528320e+00,2.047180891036987305e+00,2.149772644042968750e+00,1.900663018226623535e+00,2.149161100387573242e+00,2.068221569061279297e+00,1.880769133567810059e+00,1.788928389549255371e+00,1.812314271926879883e+00,1.914151430130004883e+00,1.977735638618469238e+00,2.331368446350097656e+00,2.340148687362670898e+00,1.991027474403381348e+00,1.888802886009216309e+00,1.567720055580139160e+00,1.553466677665710449e+00,1.355099201202392578e+00,1.406381726264953613e+00,1.438821434974670410e+00,1.610312581062316895e+00
1.853470325469970703e+00,1.516514182090759277e+00,1.223171830177307129e+00,8.694379925727844238e-01,6.183649897575378418e-01,3.785221576690673828e-01,0.000000000000000000e+00,3.655031323432922363e-01,6.360809206962585449e-01,8.429856300354003906e-01,1.075564861297607422e+00,1.326300382614135742e+00,1.668535709381103516e+00,1.882623672485351562e+00,2.250802755355834961e+00,8.881722688674926758e-01,1.154227733612060547e+00,1.509196043014526367e+00,1.808738589286804199e+00,2.138342857360839844e+00,2.424114704132080078e+00,2.682328224182128906e+00,2.528896808624267578e+00,2.397441864013671875e+00,2.095679998397827148e+00,1.703812241554260254e+00,1.512471437454223633e+00,1.128520727157592773e+00,1.073534131050109863e+00,7.758594751358032227e-01,2.450004100799560547e+00,2.170264005661010742e+00,2.338602542877197266e+00,2.148854732513427734e+00,2.396549701690673828e+00,2.401502609252929688e+00,2.357266664505004883e+00,2.251807928085327148e+00,1.885142326354980469e+00,1.994679450988769531e+00,1.934585928916931152e+00,2.232215642929077148e+00,2.223081350326538086e+00,2.593756675720214844e+00,2.736573696136474609e+00,2.232270240783691406e+00,2.130109071731567383e+00,2.455500602722167969e+00,2.460155248641967773e+00,2.808578252792358398e+00,2.956355810165405273e+00,3.007921218872070312e+00,2.845190525054931641e+00,2.493976831436157227e+00,2.415866374969482422e+00,2.176792621612548828e+00,2.314113855361938477e+00,2.105848312377929688e+00,2.387580394744873047e+00,2.339422464370727539e+00,1.684669971466064453e+00,1.651818871498107910e+00,1.665927171707153320e+00,1.831939816474914551e+00,1.896462678909301758e+00,2.271382570266723633e+00,2.335254907608032227e+00,2.009034633636474609e+00,1.950944423675537109e+00,1.597066640853881836e+00,1.528592109680175781e+00,1.252335309982299805e+00,1.276666522026062012e+00,1.215395450592041016e+00,1.371469259262084961e+00
1.731510400772094727e+00,1.384642124176025391e+00,1.114559412002563477e+00,7.829383611679077148e-01,5.611994862556457520e-01,5.658957958221435547e-01,3.655031323432922363e-01,0.000000000000000000e+00,3.892584741115570068e-01,5.345001220703125000e-01,8.481738567352294922e-01,1.090380549430847168e+00,1.453625321388244629e+00,1.684889554977416992e+00,2.061097145080566406e+00,9.758009910583496094e-01,1.134530901908874512e+00,1.515277743339538574e+00,1.767358303070068359e+00,2.111991167068481445e+00,2.403690338134765625e+00,2.621291399002075195e+00,2.436910867691040039e+00,2.257440805435180664e+00,1.962594628334045410e+00,1.583798646926879883e+00,1.432869076728820801e+00,1.050988435745239258e+00,1.098729014396667480e+00,8.709115982055664062e-01,2.115957736968994141e+00,1.856825828552246094e+00,2.056246995925903320e+00,1.903308033943176270e+00,2.185667276382446289e+00,2.218508005142211914e+00,2.226026058197021484e+00,2.115883111953735352e+00,1.758829593658447266e+00,1.818613767623901367e+00,1.696196675300598145e+00,1.969737768173217773e+00,1.923401832580566406e+00,2.283959865570068359e+00,2.407155752182006836e+00,2.120711326599121094e+00,1.961988449096679688e+00,2.256120443344116211e+00,2.214670896530151367e+00,2.549767732620239258e+00,2.674659252166748047e+00,2.700988769531250000e+00,2.546533107757568359e+00,2.185313463211059570e+00,2.141551971435546875e+00,1.932649374008178711e+00,2.115662097930908203e+00,1.957350373268127441e+00,2.273812532424926758e+00,2.285406112670898438e+00,1.441455483436584473e+00,1.362611532211303711e+00,1.331019878387451172e+00,1.480769038200378418e+00,1.531818985939025879e+00,1.907487034797668457e+00,1.981036305427551270e+00,1.664155006408691406e+00,1.625573039054870605e+00,1.264189004898071289e+00,1.200268268585205078e+00,9.220446944236755371e-01,1.014447093009948730e+00,9.873617887496948242e-01,1.227993130683898926e+00
1.660231232643127441e+00,1.284994840621948242e+00,1.113762736320495605e+00,7.763583660125732422e-01,7.434280514717102051e-01,7.911291718482971191e-01,6.360809206962585449e-01,3.892584741115570068e-01,0.000000000000000000e+00,3.768060803413391113e-01,6.881719827651977539e-01,1.017363429069519043e+00,1.335220217704772949e+00,1.634345650672912598e+00,1.986958742141723633e+00,8.536384701728820801e-01,9.387483000755310059e-01,1.294060349464416504e+00,1.534449577331542969e+00,1.856639504432678223e+00,2.176012754440307617e+00,2.364466190338134766e+00,2.145528316497802734e+00,1.967272639274597168e+00,1.650345683097839355e+00,1.293108820915222168e+00,1.119073867797851562e+00,7.495246529579162598e-01,8.389556407928466797e-01,7.014734745025634766e-01,1.839778780937194824e+00,1.544542312622070312e+00,1.705420613288879395e+00,1.527432680130004883e+00,1.799535870552062988e+00,1.834153294563293457e+00,1.843868970870971680e+00,1.731467366218566895e+00,1.381180047988891602e+00,1.444651603698730469e+00,1.332405209541320801e+00,1.630420207977294922e+00,1.627726197242736816e+00,1.998238563537597656e+00,2.165339469909667969e+00,1.990323185920715332e+00,1.797346115112304688e+00,2.074112892150878906e+00,2.025021791458129883e+00,2.342404127120971680e+00,2.497309684753417969e+00,2.500391721725463867e+00,2.305546283721923828e+00,1.937192559242248535e+00,1.869973659515380859e+00,1.690628647804260254e+00,1.867629647254943848e+00,1.738885760307312012e+00,2.073083400726318359e+00,2.117250442504882812e+00,1.098631024360656738e+00,1.021231651306152344e+00,1.067870259284973145e+00,1.251849055290222168e+00,1.391433596611022949e+00,1.768265247344970703e+00,1.881275773048400879e+00,1.589668035507202148e+00,1.498579025268554688e+00,1.125390052795410156e+00,9.526649713516235352e-01,6.461538672447204590e-01,6.459234356880187988e-01,6.640907526016235352e-01,9.103063941001892090e-01
1.378329396247863770e+00,1.022625327110290527e+00,8.618769049644470215e-01,6.169883012771606445e-01,6.445018053054809570e-01,8.682468533515930176e-01,8.429856300354003906e-01,5.345001220703125000e-01,3.768060803413391113e-01,0.000000000000000000e+00,3.958021700382232666e-01,6.649949550628662109e-01,1.002051472663879395e+00,1.287503242492675781e+00,1.646137833595275879e+00,9.727370142936706543e-01,9.342416524887084961e-01,1.303779840469360352e+00,1.463508367538452148e+00,1.814653277397155762e+00,2.096416711807250977e+00,2.258709192276000977e+00,2.049132108688354492e+00,1.818164825439453125e+00,1.548335194587707520e+00,1.197812914848327637e+00,1.138128757476806641e+00,8.215978145599365234e-01,1.045808315277099609e+00,1.002265334129333496e+00,1.638172507286071777e+00,1.380498886108398438e+00,1.604924082756042480e+00,1.501567125320434570e+00,1.810431718826293945e+00,1.918620824813842773e+00,1.965876936912536621e+00,1.803987145423889160e+00,1.453982234001159668e+00,1.420258283615112305e+00,1.240816950798034668e+00,1.472438454627990723e+00,1.403253912925720215e+00,1.764597892761230469e+00,1.894415497779846191e+00,1.736027121543884277e+00,1.515540719032287598e+00,1.775260090827941895e+00,1.704857230186462402e+00,2.028720140457153320e+00,2.160988330841064453e+00,2.180356025695800781e+00,2.014544248580932617e+00,1.655988812446594238e+00,1.608441829681396484e+00,1.411004662513732910e+00,1.621789455413818359e+00,1.514872312545776367e+00,1.861746430397033691e+00,1.944339632987976074e+00,1.205467224121093750e+00,1.004432678222656250e+00,9.806717634201049805e-01,1.048516154289245605e+00,1.154289484024047852e+00,1.511170744895935059e+00,1.571274399757385254e+00,1.256980657577514648e+00,1.147260904312133789e+00,7.818353176116943359e-01,6.959742307662963867e-01,5.110293626785278320e-01,6.900876760482788086e-01,8.610532283782958984e-01,1.171862483024597168e+00
1.000914931297302246e+00,6.377342939376831055e-01,5.665768384933471680e-01,4.428192079067230225e-01,6.836345195770263672e-01,9.648822546005249023e-01,1.075564861297607422e+00,8.481738567352294922e-01,6.881719827651977539e-01,3.958021700382232666e-01,0.000000000000000000e+00,3.817877471446990967e-01,6.510092616081237793e-01,9.666925668716430664e-01,1.304218649864196777e+00,9.007471799850463867e-01,7.246680259704589844e-01,1.066215157508850098e+00,1.152355909347534180e+00,1.518862962722778320e+00,1.763807535171508789e+00,1.919503808021545410e+00,1.736163496971130371e+00,1.493978619575500488e+00,1.264598608016967773e+00,9.114649891853332520e-01,9.553750753402709961e-01,7.278355956077575684e-01,1.044140934944152832e+00,1.117233753204345703e+00,1.613491296768188477e+00,1.354694366455078125e+00,1.569095849990844727e+00,1.488939404487609863e+00,1.775987744331359863e+00,1.943379163742065430e+00,1.966712713241577148e+00,1.739478111267089844e+00,1.379837632179260254e+00,1.286270022392272949e+00,1.134451270103454590e+00,1.323689818382263184e+00,1.268194437026977539e+00,1.630566835403442383e+00,1.775976181030273438e+00,1.340871095657348633e+00,1.129998564720153809e+00,1.412561535835266113e+00,1.389563322067260742e+00,1.734519839286804199e+00,1.902608036994934082e+00,1.973307132720947266e+00,1.802624225616455078e+00,1.481880426406860352e+00,1.373092532157897949e+00,1.107941627502441406e+00,1.277908802032470703e+00,1.136971831321716309e+00,1.475590825080871582e+00,1.562079906463623047e+00,1.390677809715270996e+00,1.134988546371459961e+00,1.165685653686523438e+00,1.139169692993164062e+00,1.277938246726989746e+00,1.580597281455993652e+00,1.577429771423339844e+00,1.253431797027587891e+00,1.036068320274353027e+00,7.377164959907531738e-01,7.044568061828613281e-01,7.138585448265075684e-01,8.514985442161560059e-01,1.126736402511596680e+00,1.398512721061706543e+00
7.919837832450866699e-01,5.297833681106567383e-01,4.745340347290039062e-01,6.067080497741699219e-01,8.073260784149169922e-01,1.162906527519226074e+00,1.326300382614135742e+00,1.090380549430847168e+00,1.017363429069519043e+00,6.649949550628662109e-01,3.817877471446990967e-01,0.000000000000000000e+00,3.849787116050720215e-01,6.225267648696899414e-01,9.871254563331604004e-01,1.211107730865478516e+00,1.006773233413696289e+00,1.310777068138122559e+00,1.311910510063171387e+00,1.680739760398864746e+00,1.859651684761047363e+00,1.988567113876342773e+00,1.838610172271728516e+00,1.553393006324768066e+00,1.407968878746032715e+00,1.103765845298767090e+00,1.249228000640869141e+00,1.083135962486267090e+00,1.410475015640258789e+00,1.483043313026428223e+00,1.616495370864868164e+00,1.431831002235412598e+00,1.700192093849182129e+00,1.697793245315551758e+00,2.000676393508911133e+00,2.213154315948486328e+00,2.265296697616577148e+00,2.016811847686767578e+00,1.678097486495971680e+00,1.519792556762695312e+00,1.322511792182922363e+00,1.414976596832275391e+00,1.275522828102111816e+00,1.591821193695068359e+00,1.668351054191589355e+00,1.190763473510742188e+00,9.658997058868408203e-01,1.220405817031860352e+00,1.177574992179870605e+00,1.533698558807373047e+00,1.657621145248413086e+00,1.767089605331420898e+00,1.656944155693054199e+00,1.374376058578491211e+00,1.301682353019714355e+00,1.009267330169677734e+00,1.210225701332092285e+00,1.094846725463867188e+00,1.415256381034851074e+00,1.534240007400512695e+00,1.671929597854614258e+00,1.365182399749755859e+00,1.320532202720642090e+00,1.184260487556457520e+00,1.243648409843444824e+00,1.486283659934997559e+00,1.394663929939270020e+00,1.052262902259826660e+00,8.184845447540283203e-01,6.221085786819458008e-01,7.866327762603759766e-01,9.280495643615722656e-01,1.155161738395690918e+00,1.445544958114624023e+00,1.746969699859619141e+00
5.398765802383422852e-01,4.100077450275421143e-01,6.153936982154846191e-01,8.625582456588745117e-01,1.137251853942871094e+00,1.473764061927795410e+00,1.668535709381103516e+00,1.453625321388244629e+00,1.335220217704772949e+00,1.002051472663879395e+00,6.510092616081237793e-01,3.849787116050720215e-01,0.000000000000000000e+00,3.816552758216857910e-01,6.639022827148437500e-01,1.384130954742431641e+00,1.094216465950012207e+00,1.301822543144226074e+00,1.190933942794799805e+00,1.529109001159667969e+00,1.649801850318908691e+00,1.732930183410644531e+00,1.605590105056762695e+00,1.294892549514770508e+00,1.233790516853332520e+00,1.007437229156494141e+00,1.259998321533203125e+00,1.210812091827392578e+00,1.569466114044189453e+00,1.718101143836975098e+00,1.585013389587402344e+00,1.424262762069702148e+00,1.669051766395568848e+00,1.705130934715270996e+00,1.978010058403015137e+00,2.239547729492187500e+00,2.287625789642333984e+00,1.998626589775085449e+00,1.688595890998840332e+00,1.469499588012695312e+00,1.290844917297363281e+00,1.304158926010131836e+00,1.171336889266967773e+00,1.448770165443420410e+00,1.531074523925781250e+00,8.638595342636108398e-01,5.973016023635864258e-01,8.387128710746765137e-01,8.341420292854309082e-01,1.204200863838195801e+00,1.365170121192932129e+00,1.526184558868408203e+00,1.415517449378967285e+00,1.198286652565002441e+00,1.070892810821533203e+00,7.241746187210083008e-01,8.857265710830688477e-01,7.870892882347106934e-01,1.091245174407958984e+00,1.263057112693786621e+00,1.842323184013366699e+00,1.509830355644226074e+00,1.504062533378601074e+00,1.310645580291748047e+00,1.403425574302673340e+00,1.572577714920043945e+00,1.439102888107299805e+00,1.141819953918457031e+00,8.162679672241210938e-01,7.711153626441955566e-01,9.297782182693481445e-01,1.169454097747802734e+00,1.353995203971862793e+00,1.691275715827941895e+00,1.967227816581726074e+00
4.825519919395446777e-01,6.009041070938110352e-01,7.356066703796386719e-01,1.075274348258972168e+00,1.295056462287902832e+00,1.647946238517761230e+00,1.882623672485351562e+00,1.684889554977416992e+00,1.634345650672912598e+00,1.287503242492675781e+00,9.666925668716430664e-01,6.225267648696899414e-01,3.816552758216857910e-01,0.000000000000000000e+00,3.865436315536499023e-01,1.657482028007507324e+00,1.391731739044189453e+00,1.588008880615234375e+00,1.453337550163269043e+00,1.779477953910827637e+00,1.832979321479797363e+00,1.912191748619079590e+00,1.841618299484252930e+00,1.535853624343872070e+00,1.541666388511657715e+00,1.342612624168395996e+00,1.611021637916564941e+00,1.559018373489379883e+00,1.902034044265747070e+00,2.027690887451171875e+00,1.828310728073120117e+00,1.725925087928771973e+00,1.993520259857177734e+00,2.063273906707763672e+00,2.337404012680053711e+00,2.611193180084228516e+00,2.663804531097412109e+00,2.368046760559082031e+00,2.062955379486083984e+00,1.835083961486816406e+00,1.653264164924621582e+00,1.623256802558898926e+00,1.448919177055358887e+00,1.668304085731506348e+00,1.680966734886169434e+00,8.457804322242736816e-01,6.698948740959167480e-01,8.516211509704589844e-01,8.707250952720642090e-01,1.222333431243896484e+00,1.320964336395263672e+00,1.546659469604492188e+00,1.519729495048522949e+00,1.372873306274414062e+00,1.284455299377441406e+00,9.489511847496032715e-01,1.077844262123107910e+00,9.803208112716674805e-01,1.191228032112121582e+00,1.342928409576416016e+00,2.201145887374877930e+00,1.859774589538574219e+00,1.809867739677429199e+00,1.577045202255249023e+00,1.597829699516296387e+00,1.716336846351623535e+00,1.504348635673522949e+00,1.213561534881591797e+00,9.319367408752441406e-01,9.900178313255310059e-01,1.242493987083435059e+00,1.490912437438964844e+00,1.712651968002319336e+00,2.036718368530273438e+00,2.327263116836547852e+00
5.745640993118286133e-01,8.448652625083923340e-01,1.065116643905639648e+00,1.416687369346618652e+00,1.663050770759582520e+00,2.002694368362426758e+00,2.250802755355834961e+00,2.061097145080566406e+00,1.986958742141723633e+00,1.646137833595275879e+00,1.304218649864196777e+00,9.871254563331604004e-01,6.639022827148437500e-01,3.865436315536499023e-01,0.000000000000000000e+00,1.940671086311340332e+00,1.639085054397583008e+00,1.762413978576660156e+00,1.551916718482971191e+00,1.823849558830261230e+00,1.804590225219726562e+00,1.830390810966491699e+00,1.801346540451049805e+00,1.494777917861938477e+00,1.594487071037292480e+00,1.481230258941650391e+00,1.802254796028137207e+00,1.821437478065490723e+00,2.172299385070800781e+00,2.338903188705444336e+00,1.942481040954589844e+00,1.876047134399414062e+00,2.118840456008911133e+00,2.221686601638793945e+00,2.465984106063842773e+00,2.771480560302734375e+00,2.823107242584228516e+00,2.504769802093505859e+00,2.232590436935424805e+00,1.969073772430419922e+00,1.806789517402648926e+00,1.711451649665832520e+00,1.544495224952697754e+00,1.698108434677124023e+00,1.694326639175415039e+00,7.161585092544555664e-01,5.884542465209960938e-01,6.368881464004516602e-01,7.218278646469116211e-01,1.024555802345275879e+00,1.128167986869812012e+00,1.424633860588073730e+00,1.432069063186645508e+00,1.387271404266357422e+00,1.275167107582092285e+00,9.552593231201171875e-01,1.006597161293029785e+00,9.546532630920410156e-01,1.067861080169677734e+00,1.258705258369445801e+00,2.464654445648193359e+00,2.112312078475952148e+00,2.080889225006103516e+00,1.816590189933776855e+00,1.849416255950927734e+00,1.905886530876159668e+00,1.663603544235229492e+00,1.431967377662658691e+00,1.130657911300659180e+00,1.276456475257873535e+00,1.513378977775573730e+00,1.802738666534423828e+00,2.002457141876220703e+00,2.348115682601928711e+00,2.623727083206176758e+00
1.434024333953857422e+00,1.096144914627075195e+00,9.940386414527893066e-01,6.885747313499450684e-01,8.594050407409667969e-01,7.549652457237243652e-01,8.881722688674926758e-01,9.758009910583496094e-01,8.536384701728820801e-01,9.727370142936706543e-01,9.007471799850463867e-01,1.211107730865478516e+00,1.384130954742431641e+00,1.657482028007507324e+00,1.940671086311340332e+00,0.000000000000000000e+00,3.857483267784118652e-01,6.457802653312683105e-01,9.896569252014160156e-01,1.282217502593994141e+00,1.573271155357360840e+00,1.855277419090270996e+00,1.731818079948425293e+00,1.683708190917968750e+00,1.384585499763488770e+00,1.006480574607849121e+00,7.910705804824829102e-01,5.236570239067077637e-01,4.710543751716613770e-01,5.343340635299682617e-01,2.327898740768432617e+00,1.990822315216064453e+00,2.063890933990478516e+00,1.830857276916503906e+00,1.990341663360595703e+00,2.040170669555664062e+00,1.902595043182373047e+00,1.707641124725341797e+00,1.322837352752685547e+00,1.444910526275634766e+00,1.531891107559204102e+00,1.838358879089355469e+00,1.946836471557617188e+00,2.326205968856811523e+00,2.555699586868286133e+00,1.661370038986206055e+00,1.623647689819335938e+00,1.974117636680603027e+00,2.079709053039550781e+00,2.421685218811035156e+00,2.666480541229248047e+00,2.763314247131347656e+00,2.539150714874267578e+00,2.240231037139892578e+00,2.038146734237670898e+00,1.754503130912780762e+00,1.759730458259582520e+00,1.485155463218688965e+00,1.706184267997741699e+00,1.603593826293945312e+00,1.651167869567871094e+00,1.585371851921081543e+00,1.763262629508972168e+00,1.885308504104614258e+00,2.081560373306274414e+00,2.419086694717407227e+00,2.463347911834716797e+00,2.145515203475952148e+00,1.930776357650756836e+00,1.624028325080871582e+00,1.478460669517517090e+00,1.322505950927734375e+00,1.201880455017089844e+00,1.310221433639526367e+00,1.367673516273498535e+00
1.147706031799316406e+00,8.099060654640197754e-01,8.349384665489196777e-01,6.361516714096069336e-01,9.468396902084350586e-01,9.915322065353393555e-01,1.154227733612060547e+00,1.134530901908874512e+00,9.387483000755310059e-01,9.342416524887084961e-01,7.246680259704589844e-01,1.006773233413696289e+00,1.094216465950012207e+00,1.391731739044189453e+00,1.639085054397583008e+00,3.857483267784118652e-01,0.000000000000000000e+00,3.932741582393646240e-01,6.554850935935974121e-01,9.922595024108886719e-01,1.280300855636596680e+00,1.529293894767761230e+00,1.392406702041625977e+00,1.311353325843811035e+00,1.029633641242980957e+00,6.415855884552001953e-01,5.252072215080261230e-01,3.825192451477050781e-01,5.844172239303588867e-01,8.099569082260131836e-01,2.078163623809814453e+00,1.748146891593933105e+00,1.819247007369995117e+00,1.619776129722595215e+00,1.780590057373046875e+00,1.894059062004089355e+00,1.777334809303283691e+00,1.525741219520568848e+00,1.140831708908081055e+00,1.180944442749023438e+00,1.264828681945800781e+00,1.533861041069030762e+00,1.649356842041015625e+00,2.018801689147949219e+00,2.257155418395996094e+00,1.325565099716186523e+00,1.265679001808166504e+00,1.607384085655212402e+00,1.724852919578552246e+00,2.059560060501098633e+00,2.322714328765869141e+00,2.430228710174560547e+00,2.198282480239868164e+00,1.922996282577514648e+00,1.692809700965881348e+00,1.396398901939392090e+00,1.377842426300048828e+00,1.103867650032043457e+00,1.338510394096374512e+00,1.277518391609191895e+00,1.590468525886535645e+00,1.456868052482604980e+00,1.649333834648132324e+00,1.712693572044372559e+00,1.933902621269226074e+00,2.237285375595092773e+00,2.260881185531616211e+00,1.956905364990234375e+00,1.692420840263366699e+00,1.427087426185607910e+00,1.283869385719299316e+00,1.221625328063964844e+00,1.117282748222351074e+00,1.330223441123962402e+00,1.424534440040588379e+00
1.264218926429748535e+00,1.000146627426147461e+00,1.127840757369995117e+00,1.005498766899108887e+00,1.327368497848510742e+00,1.344784975051879883e+00,1.509196043014526367e+00,1.515277743339538574e+00,1.294060349464416504e+00,1.303779840469360352e+00,1.066215157508850098e+00,1.310777068138122559e+00,1.301822543144226074e+00,1.588008880615234375e+00,1.762413978576660156e+00,6.457802653312683105e-01,3.932741582393646240e-01,0.000000000000000000e+00,3.825021982192993164e-01,6.365740299224853516e-01,9.454438686370849609e-01,1.217170476913452148e+00,1.106574535369873047e+00,1.124084830284118652e+00,8.589094281196594238e-01,5.666776299476623535e-01,4.632644355297088623e-01,5.989329814910888672e-01,7.150097489356994629e-01,1.031710267066955566e+00,2.226402282714843750e+00,1.886881828308105469e+00,1.890643596649169922e+00,1.671836614608764648e+00,1.756501197814941406e+00,1.873795866966247559e+00,1.700634002685546875e+00,1.418876051902770996e+00,1.071535348892211914e+00,1.129315018653869629e+00,1.321068525314331055e+00,1.573235511779785156e+00,1.758319616317749023e+00,2.104977369308471680e+00,2.380583286285400391e+00,1.299440264701843262e+00,1.296143889427185059e+00,1.618590593338012695e+00,1.791204452514648438e+00,2.096345901489257812e+00,2.403109312057495117e+00,2.524425745010375977e+00,2.265681028366088867e+00,2.032752513885498047e+00,1.748253941535949707e+00,1.459835410118103027e+00,1.344782233238220215e+00,1.049232721328735352e+00,1.203138947486877441e+00,1.094363689422607422e+00,1.767989873886108398e+00,1.656077265739440918e+00,1.903042435646057129e+00,1.961708068847656250e+00,2.219800472259521484e+00,2.497993230819702148e+00,2.522862434387207031e+00,2.241174936294555664e+00,1.940275311470031738e+00,1.714011549949645996e+00,1.545456647872924805e+00,1.519810318946838379e+00,1.359944820404052734e+00,1.580570578575134277e+00,1.608039498329162598e+00
1.100545167922973633e+00,9.206795692443847656e-01,1.167255759239196777e+00,1.162797331809997559e+00,1.526407361030578613e+00,1.617934346199035645e+00,1.808738589286804199e+00,1.767358303070068359e+00,1.534449577331542969e+00,1.463508367538452148e+00,1.152355909347534180e+00,1.311910510063171387e+00,1.190933942794799805e+00,1.453337550163269043e+00,1.551916718482971191e+00,9.896569252014160156e-01,6.554850935935974121e-01,3.825021982192993164e-01,0.000000000000000000e+00,3.847195506095886230e-01,6.421903967857360840e-01,8.747972249984741211e-01,7.820894718170166016e-01,7.882346510887145996e-01,6.127566099166870117e-01,4.400840699672698975e-01,5.949960350990295410e-01,8.483272790908813477e-01,1.055670857429504395e+00,1.385082006454467773e+00,2.138462781906127930e+00,1.827277183532714844e+00,1.826007246971130371e+00,1.660991907119750977e+00,1.732431650161743164e+00,1.915609002113342285e+00,1.767055034637451172e+00,1.437578439712524414e+00,1.136753201484680176e+00,1.084493875503540039e+00,1.271308660507202148e+00,1.442110180854797363e+00,1.629537582397460938e+00,1.940152645111083984e+00,2.215201854705810547e+00,1.013657331466674805e+00,1.026190638542175293e+00,1.318988323211669922e+00,1.531814694404602051e+00,1.814059495925903320e+00,2.144104003906250000e+00,2.290473937988281250e+00,2.032620906829833984e+00,1.852517843246459961e+00,1.532992124557495117e+00,1.233085632324218750e+00,1.043894886970520020e+00,7.344453930854797363e-01,8.403387665748596191e-01,7.618067860603332520e-01,1.905004143714904785e+00,1.738500595092773438e+00,1.978345394134521484e+00,1.972633719444274902e+00,2.235473632812500000e+00,2.466550350189208984e+00,2.459769725799560547e+00,2.199965238571166992e+00,1.860482454299926758e+00,1.701682090759277344e+00,1.562994480133056641e+00,1.628771543502807617e+00,1.504538536071777344e+00,1.785408377647399902e+00,1.842637538909912109e+00
1.413248181343078613e+00,1.283956408500671387e+00,1.548086404800415039e+00,1.542113423347473145e+00,1.899779677391052246e+00,1.963486313819885254e+00,2.138342857360839844e+00,2.111991167068481445e+00,1.856639504432678223e+00,1.814653277397155762e+00,1.518862962722778320e+00,1.680739760398864746e+00,1.529109001159667969e+00,1.779477953910827637e+00,1.823849558830261230e+00,1.282217502593994141e+00,9.922595024108886719e-01,6.365740299224853516e-01,3.847195506095886230e-01,0.000000000000000000e+00,3.875477313995361328e-01,6.097471714019775391e-01,5.512803792953491211e-01,7.460319995880126953e-01,6.422099471092224121e-01,6.885485649108886719e-01,7.972851395606994629e-01,1.126867771148681641e+00,1.269760966300964355e+00,1.626960277557373047e+00,2.322362184524536133e+00,2.010228395462036133e+00,1.941786646842956543e+00,1.761821031570434570e+00,1.752953410148620605e+00,1.926874995231628418e+00,1.733480215072631836e+00,1.398208618164062500e+00,1.177095293998718262e+00,1.147350192070007324e+00,1.416859269142150879e+00,1.565149068832397461e+00,1.811304688453674316e+00,2.086575746536254883e+00,2.391041040420532227e+00,1.216486215591430664e+00,1.262638807296752930e+00,1.492769718170166016e+00,1.728070855140686035e+00,1.957947611808776855e+00,2.315128564834594727e+00,2.456599712371826172e+00,2.175918340682983398e+00,2.036683320999145508e+00,1.688852787017822266e+00,1.437388181686401367e+00,1.182478547096252441e+00,9.273000955581665039e-01,9.208279848098754883e-01,8.206897974014282227e-01,2.091041564941406250e+00,1.956855177879333496e+00,2.235764026641845703e+00,2.240393638610839844e+00,2.530676126480102539e+00,2.743406772613525391e+00,2.750404596328735352e+00,2.516398191452026367e+00,2.165169715881347656e+00,2.027357816696166992e+00,1.859236359596252441e+00,1.929507493972778320e+00,1.760264158248901367e+00,2.028338432312011719e+00,2.031240224838256836e+00
1.425989031791687012e+00,1.399911999702453613e+00,1.693033695220947266e+00,1.759945750236511230e+00,2.123752355575561523e+00,2.207382917404174805e+00,2.424114704132080078e+00,2.403690338134765625e+00,2.176012754440307617e+00,2.096416711807250977e+00,1.763807535171508789e+00,1.859651684761047363e+00,1.649801850318908691e+00,1.832979321479797363e+00,1.804590225219726562e+00,1.573271155357360840e+00,1.280300855636596680e+00,9.454438686370849609e-01,6.421903967857360840e-01,3.875477313995361328e-01,0.000000000000000000e+00,3.759299218654632568e-01,5.709142684936523438e-01,8.134705424308776855e-01,8.828091621398925781e-01,9.843087792396545410e-01,1.163187384605407715e+00,1.472095489501953125e+00,1.627830624580383301e+00,1.969944834709167480e+00,2.544966459274291992e+00,2.265209197998046875e+00,2.209756135940551758e+00,2.071587800979614258e+00,2.058286428451538086e+00,2.260571718215942383e+00,2.076137542724609375e+00,1.732311248779296875e+00,1.541765451431274414e+00,1.468138933181762695e+00,1.710648536682128906e+00,1.796260118484497070e+00,2.016911029815673828e+00,2.254704713821411133e+00,2.536614418029785156e+00,1.123583078384399414e+00,1.263915657997131348e+00,1.459486126899719238e+00,1.753658056259155273e+00,1.958812832832336426e+00,2.322460651397705078e+00,2.509015798568725586e+00,2.254489660263061523e+00,2.175502061843872070e+00,1.815697669982910156e+00,1.547917008399963379e+00,1.231770873069763184e+00,9.652812480926513672e-01,8.008754849433898926e-01,6.198365688323974609e-01,2.447878122329711914e+00,2.285568237304687500e+00,2.542749404907226562e+00,2.505285501480102539e+00,2.776731014251708984e+00,2.960528135299682617e+00,2.927171468734741211e+00,2.697056531906127930e+00,2.330145597457885742e+00,2.240616798400878906e+00,2.121705770492553711e+00,2.233754396438598633e+00,2.100939512252807617e+00,2.387467145919799805e+00,2.409965515136718750e+00
