,A1,A2,A3,A4,A5,A6,A7,A8,A9,A10,A11,A12,A13,A14,A15,B1,B2,B3,B4,B5,B6,B7,B8,B9,B10,B11,B12,B13,B14,B15,C1,C2,C3,C4,C5,C6,C7,C8,C9,C10,C11,C12,C13,C14,C15,D1,D2,D3,D4,D5,D6,D7,D8,D9,D10,D11,D12,D13,D14,D15,E1,E2,E3,E4,E5,E6,E7,E8,E9,E10,E11,E12,E13,E14,E15
A1,0.0,0.3786201477050781,0.6251659989356995,0.9661412239074707,1.251258134841919,1.5223883390426636,1.824869155883789,1.7042967081069946,1.6247254610061646,1.3775659799575806,1.0062212944030762,0.8168415427207947,0.5631823539733887,0.5074681043624878,0.597296953201294,1.4097458124160767,1.107797622680664,1.0609498023986816,0.7926255464553833,0.985409677028656,0.8334776163101196,1.0904743671417236,1.1637039184570312,1.0140408277511597,1.1218689680099487,1.006883144378662,1.2922552824020386,1.4250320196151733,1.6606261730194092,1.9391816854476929,2.3320977687835693,2.139509677886963,2.3231561183929443,2.31378173828125,2.4810144901275635,2.7630600929260254,2.734365940093994,2.358566999435425,2.058753490447998,1.8592602014541626,1.8522653579711914,1.869593620300293,1.8380943536758423,2.1089134216308594,2.205803155899048,1.8235827684402466,1.7079397439956665,1.9095401763916016,1.9750009775161743,2.1632533073425293,2.4585769176483154,2.498966932296753,2.1628291606903076,1.932562232017517,1.6776742935180664,1.5549396276474,1.4897301197052002,1.3525240421295166,1.5545756816864014,1.6023728847503662,2.32483172416687,1.9480918645858765,1.885926365852356,1.548356533050537,1.5737608671188354,1.5380643606185913,1.3350937366485596,1.1163361072540283,0.8343964219093323,1.115421175956726,1.3696439266204834,1.7117269039154053,1.9797568321228027,2.2977969646453857,2.6361379623413086
A2,0.3786201477050781,0.0,0.39253050088882446,0.6439628601074219,0.9694015979766846,1.2365310192108154,1.5141044855117798,1.3678427934646606,1.2548004388809204,1.0258994102478027,0.6459094882011414,0.5529934763908386,0.42256587743759155,0.5936335921287537,0.8446205258369446,1.0986559391021729,0.7781254053115845,0.8235376477241516,0.6252979040145874,0.9315136075019836,0.9374111890792847,1.2045917510986328,1.1705496311187744,0.9689605832099915,0.9637390375137329,0.7377114295959473,1.001331090927124,1.0785555839538574,1.34149968624115,1.6034311056137085,1.9660325050354004,1.777133584022522,1.956560730934143,1.9682081937789917,2.1407387256622314,2.440694808959961,2.438814878463745,2.0665783882141113,1.7844517230987549,1.5478649139404297,1.5102204084396362,1.5009374618530273,1.463156819343567,1.7315502166748047,1.8418165445327759,1.7279057502746582,1.5416070222854614,1.7246203422546387,1.728006362915039,1.9168819189071655,2.1778781414031982,2.2037463188171387,1.8728647232055664,1.6076768636703491,1.3918448686599731,1.2931715250015259,1.310360312461853,1.230102300643921,1.5040233135223389,1.6256200075149536,2.129694938659668,1.7589232921600342,1.7406092882156372,1.4481877088546753,1.512122631072998,1.571716547012329,1.413801670074463,1.1136293411254883,0.7752746343612671,0.9405838847160339,1.1716428995132446,1.4838008880615234,1.7282873392105103,2.060269594192505,2.3816816806793213
A3,0.6251659989356995,0.39253050088882446,0.0,0.38413184881210327,0.6262370347976685,0.9201110005378723,1.207044243812561,1.107125163078308,1.1047015190124512,0.8845046758651733,0.6024119257926941,0.5015977621078491,0.6213597655296326,0.6899480223655701,1.0291322469711304,1.0794318914413452,0.8489163517951965,1.030076503753662,0.9504633545875549,1.2871577739715576,1.3061721324920654,1.592068076133728,1.5601342916488647,1.3373900651931763,1.3075859546661377,1.01898193359375,1.2198289632797241,1.171695351600647,1.4217983484268188,1.5967497825622559,1.9881842136383057,1.813359260559082,1.9322434663772583,1.959693431854248,2.07403564453125,2.3990631103515625,2.377530097961426,1.999346137046814,1.782623052597046,1.510459542274475,1.5191799402236938,1.4442663192749023,1.451612114906311,1.6604745388031006,1.7898164987564087,1.9800448417663574,1.7768982648849487,1.9843947887420654,1.9477955102920532,2.1553032398223877,2.369544506072998,2.3862788677215576,2.071160078048706,1.7558523416519165,1.6095519065856934,1.5181474685668945,1.6051344871520996,1.5184262990951538,1.8231658935546875,1.9283177852630615,2.2647626399993896,1.9035273790359497,1.849798321723938,1.5773100852966309,1.5731655359268188,1.6734213829040527,1.4674350023269653,1.1329787969589233,0.8927563428878784,0.9817694425582886,1.283141016960144,1.527282953262329,1.80567467212677,2.1057257652282715,2.437714099884033
A4,0.9661412239074707,0.6439628601074219,0.38413184881210327,0.0,0.37001198530197144,0.6073366403579712,0.8714094161987305,0.7735256552696228,0.7616975903511047,0.633358895778656,0.46499869227409363,0.6044633388519287,0.854526937007904,1.0243747234344482,1.381330132484436,0.8204746842384338,0.6656247973442078,0.9723189473152161,1.0215290784835815,1.3893963098526,1.5070853233337402,1.7971134185791016,1.7095882892608643,1.4874664545059204,1.3648576736450195,1.0063081979751587,1.106293797492981,0.9422487020492554,1.1775946617126465,1.2857692241668701,1.6786808967590332,1.5365610122680664,1.639796495437622,1.7176344394683838,1.8275988101959229,2.1818175315856934,2.2000937461853027,1.837386131286621,1.6695784330368042,1.347158670425415,1.308785080909729,1.1559516191482544,1.1442084312438965,1.3071695566177368,1.4372210502624512,2.069329261779785,1.8086307048797607,1.9771711826324463,1.8678083419799805,2.0553297996520996,2.2156412601470947,2.1993370056152344,1.899571180343628,1.5539284944534302,1.4860535860061646,1.4522349834442139,1.625144124031067,1.6085914373397827,1.9494425058364868,2.111921548843384,2.242276191711426,1.905643343925476,1.9023456573486328,1.6924291849136353,1.7217501401901245,1.8940562009811401,1.731046199798584,1.3643105030059814,1.1161245107650757,1.0828897953033447,1.324776291847229,1.5015592575073242,1.733274221420288,2.0336902141571045,2.3317317962646484
A5,1.251258134841919,0.9694015979766846,0.6262370347976685,0.37001198530197144,0.0,0.39486536383628845,0.5988461375236511,0.5598323941230774,0.7447885870933533,0.6530367732048035,0.6897052526473999,0.7798218727111816,1.1075811386108398,1.2164630889892578,1.5966875553131104,1.0485773086547852,0.9851964712142944,1.3230968713760376,1.3914148807525635,1.7593473196029663,1.865827202796936,2.1533079147338867,2.063891887664795,1.8159480094909668,1.7036226987838745,1.3452692031860352,1.4301540851593018,1.2068537473678589,1.422459602355957,1.4410301446914673,1.7836350202560425,1.6484898328781128,1.670348882675171,1.745748519897461,1.781377911567688,2.1431586742401123,2.1341676712036133,1.7799959182739258,1.6893107891082764,1.3593801259994507,1.3849384784698486,1.1891279220581055,1.2527449131011963,1.3415709733963013,1.5074354410171509,2.290623903274536,2.0314695835113525,2.22394061088562,2.097553253173828,2.3051586151123047,2.4245166778564453,2.4157445430755615,2.146158456802368,1.7741307020187378,1.7574964761734009,1.7086282968521118,1.913888931274414,1.8765521049499512,2.2286465167999268,2.369352102279663,2.360823631286621,2.045145034790039,2.0075578689575195,1.8255703449249268,1.7999441623687744,2.0023200511932373,1.8196395635604858,1.4502320289611816,1.292609453201294,1.2037848234176636,1.4724106788635254,1.57516610622406,1.8255424499511719,2.0777626037597656,2.377018928527832
A6,1.5223883390426636,1.2365310192108154,0.9201110005378723,0.6073366403579712,0.39486536383628845,0.0,0.38247978687286377,0.5825872421264648,0.7969317436218262,0.8833304047584534,0.9674902558326721,1.1423120498657227,1.4472295045852661,1.5728251934051514,1.9388965368270874,0.942854106426239,1.0277621746063232,1.381412148475647,1.5445469617843628,1.906276822090149,2.052431344985962,2.3672091960906982,2.283118963241577,2.0786778926849365,1.9156181812286377,1.5320619344711304,1.5228725671768188,1.2356479167938232,1.3537729978561401,1.2771754264831543,1.7345836162567139,1.6814509630203247,1.7068477869033813,1.8586937189102173,1.8949750661849976,2.2794928550720215,2.31643009185791,1.9914658069610596,1.9447479248046875,1.589556336402893,1.552367925643921,1.2754474878311157,1.2666230201721191,1.2501267194747925,1.3397438526153564,2.6023943424224854,2.315314769744873,2.4629921913146973,2.2908742427825928,2.4543213844299316,2.53830885887146,2.474095582962036,2.2084124088287354,1.8434255123138428,1.88621985912323,1.9129011631011963,2.1491105556488037,2.1675586700439453,2.522979497909546,2.6978609561920166,2.644742488861084,2.345536947250366,2.346076011657715,2.1864380836486816,2.1818606853485107,2.3926758766174316,2.2128520011901855,1.8436236381530762,1.6666228771209717,1.5730706453323364,1.8061121702194214,1.8886395692825317,2.094454765319824,2.348789691925049,2.6121060848236084
A7,1.824869155883789,1.5141044855117798,1.207044243812561,0.8714094161987305,0.5988461375236511,0.38247978687286377,0.0,0.38418835401535034,0.7092281579971313,0.8738926649093628,1.1009477376937866,1.3022137880325317,1.653484582901001,1.8034393787384033,2.1877033710479736,1.1585718393325806,1.256783366203308,1.6389000415802002,1.8104276657104492,2.175532579421997,2.349865436553955,2.640727996826172,2.5151259899139404,2.279590368270874,2.098906993865967,1.7152668237686157,1.6876139640808105,1.357351303100586,1.4835786819458008,1.339834213256836,1.6342658996582031,1.5855653285980225,1.5306403636932373,1.6877332925796509,1.6668384075164795,2.0511350631713867,2.0926108360290527,1.8005638122558594,1.829343557357788,1.4745945930480957,1.4580192565917969,1.1475234031677246,1.2049379348754883,1.118539810180664,1.269175410270691,2.674028158187866,2.3714399337768555,2.5161116123199463,2.311448574066162,2.483491897583008,2.5131983757019043,2.457963466644287,2.2380287647247314,1.8554880619049072,1.957704782485962,1.9786815643310547,2.2595584392547607,2.287038803100586,2.6567344665527344,2.8410255908966064,2.5952630043029785,2.3336141109466553,2.342581033706665,2.239112615585327,2.2323780059814453,2.4916160106658936,2.343752384185791,1.9684982299804688,1.8241746425628662,1.6567476987838745,1.851253867149353,1.8553767204284668,2.031475305557251,2.244046211242676,2.4777164459228516
A8,1.7042967081069946,1.3678427934646606,1.107125163078308,0.7735256552696228,0.5598323941230774,0.5825872421264648,0.38418835401535034,0.0,0.40739306807518005,0.5304400324821472,0.8390597701072693,1.0582010746002197,1.427091121673584,1.6195204257965088,2.0086774826049805,1.1530730724334717,1.1537537574768066,1.54076087474823,1.666840672492981,2.0309183597564697,2.214711904525757,2.4666202068328857,2.30204701423645,2.0309832096099854,1.8556839227676392,1.4898744821548462,1.4985074996948242,1.1881160736083984,1.3956791162490845,1.3144497871398926,1.4352877140045166,1.3131355047225952,1.2394345998764038,1.3461421728134155,1.331797480583191,1.7121301889419556,1.74494206905365,1.43661367893219,1.446257472038269,1.090722680091858,1.094787359237671,0.8167029619216919,0.9564953446388245,0.9560037851333618,1.2078269720077515,2.3279078006744385,2.02376389503479,2.1790363788604736,1.9796148538589478,2.1787121295928955,2.2089173793792725,2.195591449737549,1.9909883737564087,1.5955255031585693,1.6870149374008179,1.6649142503738403,1.9562199115753174,1.9734665155410767,2.3476474285125732,2.533970355987549,2.2134392261505127,1.95914888381958,1.9762294292449951,1.8978625535964966,1.9125394821166992,2.1986982822418213,2.093529224395752,1.7130721807479858,1.5627304315567017,1.3461514711380005,1.50307035446167,1.481750726699829,1.6491762399673462,1.8607805967330933,2.098148822784424
A9,1.6247254610061646,1.2548004388809204,1.1047015190124512,0.7616975903511047,0.7447885870933533,0.7969317436218262,0.7092281579971313,0.40739306807518005,0.0,0.3720434606075287,0.6606255173683167,0.9854673743247986,1.3062474727630615,1.5796480178833008,1.9467504024505615,0.9556030035018921,0.9124802350997925,1.2877390384674072,1.4256850481033325,1.770878553390503,2.002967119216919,2.2269999980926514,2.0226962566375732,1.7651331424713135,1.545051097869873,1.1845511198043823,1.1544246673583984,0.8383651971817017,1.0793882608413696,1.0466248989105225,1.080270528793335,0.9344698190689087,0.9339017868041992,1.068626880645752,1.1575818061828613,1.54287850856781,1.6365904808044434,1.331353783607483,1.271206021308899,0.8998998403549194,0.7797630429267883,0.47870856523513794,0.5622867345809937,0.6579633355140686,0.9430609941482544,2.061941623687744,1.729004979133606,1.8368264436721802,1.6098343133926392,1.785628318786621,1.8147814273834229,1.7921547889709473,1.583784580230713,1.1881566047668457,1.293829083442688,1.304556131362915,1.6205412149429321,1.6928565502166748,2.066589117050171,2.298842668533325,1.969131588935852,1.717555284500122,1.804672122001648,1.7460604906082153,1.8390196561813354,2.131331205368042,2.0790340900421143,1.6966748237609863,1.4707914590835571,1.242568850517273,1.3114901781082153,1.3109995126724243,1.4126163721084595,1.6734155416488647,1.883029580116272
A10,1.3775659799575806,1.0258994102478027,0.8845046758651733,0.633358895778656,0.6530367732048035,0.8833304047584534,0.8738926649093628,0.5304400324821472,0.3720434606075287,0.0,0.39476141333580017,0.6488378643989563,0.9925006628036499,1.2536895275115967,1.6245959997177124,1.098612666130066,0.9327833652496338,1.2722545862197876,1.3093136548995972,1.657071828842163,1.8356974124908447,2.0385689735412598,1.8421541452407837,1.539812684059143,1.384660005569458,1.0536290407180786,1.1460182666778564,0.9311966300010681,1.2496474981307983,1.3159759044647217,1.332158088684082,1.1030741930007935,1.1076550483703613,1.1228750944137573,1.2022589445114136,1.5506539344787598,1.5722194910049438,1.2183690071105957,1.0869649648666382,0.7378181219100952,0.7360917329788208,0.6110975742340088,0.7833016514778137,0.9905362129211426,1.2785699367523193,1.8027971982955933,1.5027815103530884,1.6768168210983276,1.5171724557876587,1.7510756254196167,1.8387517929077148,1.8803682327270508,1.6568992137908936,1.2674273252487183,1.2742584943771362,1.180687665939331,1.4489998817443848,1.4451789855957031,1.8195871114730835,2.009307384490967,1.7627438306808472,1.475404143333435,1.5081956386566162,1.4121532440185547,1.481168508529663,1.7651416063308716,1.7077504396438599,1.325903296470642,1.1158689260482788,0.8788729906082153,0.9946409463882446,1.0295706987380981,1.2113286256790161,1.4801722764968872,1.7514837980270386
A11,1.0062212944030762,0.6459094882011414,0.6024119257926941,0.46499869227409363,0.6897052526473999,0.9674902558326721,1.1009477376937866,0.8390597701072693,0.6606255173683167,0.39476141333580017,0.0,0.38272514939308167,0.6484376788139343,0.9469340443611145,1.2962380647659302,0.9756808280944824,0.7021557688713074,0.9764128923416138,0.9463669061660767,1.2947170734405518,1.447066307067871,1.6576367616653442,1.4873182773590088,1.1994507312774658,1.0690886974334717,0.7375782132148743,0.9100882411003113,0.8048192858695984,1.1471086740493774,1.3193306922912598,1.4719948768615723,1.2465664148330688,1.3554532527923584,1.3652056455612183,1.511103630065918,1.8330106735229492,1.8520523309707642,1.4874167442321777,1.2599254846572876,0.9617832899093628,0.9198150038719177,0.877037525177002,0.9258870482444763,1.1973536014556885,1.4090096950531006,1.6381995677947998,1.360775113105774,1.539555549621582,1.4373548030853271,1.6616650819778442,1.8288202285766602,1.8681787252426147,1.5912883281707764,1.2396923303604126,1.140718698501587,1.034368634223938,1.2268272638320923,1.2051138877868652,1.566622018814087,1.7518349885940552,1.7828423976898193,1.4479849338531494,1.4765032529830933,1.2990010976791382,1.3919126987457275,1.607962965965271,1.5300812721252441,1.1562495231628418,0.8604093194007874,0.7366375923156738,0.8935049176216125,1.0736215114593506,1.2827361822128296,1.6021828651428223,1.8977934122085571
A12,0.8168415427207947,0.5529934763908386,0.5015977621078491,0.6044633388519287,0.7798218727111816,1.1423120498657227,1.3022137880325317,1.0582010746002197,0.9854673743247986,0.6488378643989563,0.38272514939308167,0.0,0.3889833986759186,0.605717122554779,0.9782618284225464,1.2838643789291382,0.9878476858139038,1.1871167421340942,1.0473920106887817,1.3668365478515625,1.4166415929794312,1.6064406633377075,1.480709433555603,1.156563639640808,1.148723840713501,0.9054049849510193,1.1784651279449463,1.1540412902832031,1.4928239583969116,1.6863335371017456,1.8370933532714844,1.5833618640899658,1.6635035276412964,1.6079179048538208,1.7143831253051758,1.998976469039917,1.9491034746170044,1.567803978919983,1.31515371799469,1.0873222351074219,1.1589666604995728,1.1882314682006836,1.2937003374099731,1.567257285118103,1.7893602848052979,1.5647333860397339,1.3614914417266846,1.6152794361114502,1.5980981588363647,1.8623793125152588,2.0681893825531006,2.1540088653564453,1.8799457550048828,1.5518773794174194,1.3928136825561523,1.202080488204956,1.3038597106933594,1.166920781135559,1.4995445013046265,1.6000288724899292,1.780462384223938,1.422540307044983,1.3559495210647583,1.1071857213974,1.1264556646347046,1.2961289882659912,1.1708614826202393,0.7973402738571167,0.5342293381690979,0.494705468416214,0.7954564690589905,1.0302075147628784,1.327871322631836,1.6166311502456665,1.9616299867630005
A13,0.5631823539733887,0.42256587743759155,0.6213597655296326,0.854526937007904,1.1075811386108398,1.4472295045852661,1.653484582901001,1.427091121673584,1.3062474727630615,0.9925006628036499,0.6484376788139343,0.3889833986759186,0.0,0.3813263475894928,0.6636733412742615,1.4081437587738037,1.0608662366867065,1.1289960145950317,0.8754332661628723,1.127651333808899,1.1077923774719238,1.2610739469528198,1.165506362915039,0.8475733995437622,0.9346610903739929,0.8013914227485657,1.1477620601654053,1.248089075088501,1.5759565830230713,1.840855360031128,2.0206856727600098,1.7641198635101318,1.9018478393554688,1.8321809768676758,1.9844889640808105,2.2385501861572266,2.192035675048828,1.8193634748458862,1.5048009157180786,1.3349027633666992,1.373062014579773,1.4585047960281372,1.5109559297561646,1.8215245008468628,2.0067851543426514,1.3944017887115479,1.247925877571106,1.5017869472503662,1.5602625608444214,1.811080813407898,2.0790512561798096,2.177823781967163,1.8837227821350098,1.6148359775543213,1.37286376953125,1.1589754819869995,1.1448147296905518,0.9608892202377319,1.2413194179534912,1.3130667209625244,1.7907044887542725,1.4146080017089844,1.3488963842391968,1.0364071130752563,1.0947805643081665,1.1619619131088257,1.0445551872253418,0.7391330599784851,0.3613741397857666,0.5662963390350342,0.8127579092979431,1.148679256439209,1.4279149770736694,1.7366853952407837,2.081697702407837
A14,0.5074681043624878,0.5936335921287537,0.6899480223655701,1.0243747234344482,1.2164630889892578,1.5728251934051514,1.8034393787384033,1.6195204257965088,1.5796480178833008,1.2536895275115967,0.9469340443611145,0.605717122554779,0.3813263475894928,0.0,0.39376866817474365,1.6656672954559326,1.346079707145691,1.3997209072113037,1.1325602531433105,1.3508102893829346,1.2267173528671265,1.3826459646224976,1.375597596168518,1.0937315225601196,1.2563163042068481,1.156894564628601,1.4972063302993774,1.5904655456542969,1.8973078727722168,2.1475725173950195,2.3802928924560547,2.126871347427368,2.2400052547454834,2.157902240753174,2.2719345092773438,2.5182015895843506,2.4285342693328857,2.050762414932251,1.7572271823883057,1.6108652353286743,1.7053142786026,1.7799370288848877,1.855185627937317,2.142974615097046,2.3252663612365723,1.6117502450942993,1.5345215797424316,1.8198356628417969,1.915120244026184,2.1743953227996826,2.450526475906372,2.5575246810913086,2.262035846710205,1.99534273147583,1.750766396522522,1.5279438495635986,1.47706937789917,1.2399262189865112,1.4609692096710205,1.4364802837371826,2.0353071689605713,1.6630743741989136,1.5187885761260986,1.166605830192566,1.1143648624420166,1.0847328901290894,0.8555387854576111,0.6147146821022034,0.42355674505233765,0.7421686053276062,1.063111662864685,1.3795671463012695,1.7042847871780396,1.972419261932373,2.3416190147399902
A15,0.597296953201294,0.8446205258369446,1.0291322469711304,1.381330132484436,1.5966875553131104,1.9388965368270874,2.1877033710479736,2.0086774826049805,1.9467504024505615,1.6245959997177124,1.2962380647659302,0.9782618284225464,0.6636733412742615,0.39376866817474365,0.0,1.9422533512115479,1.609002947807312,1.5765299797058105,1.251238226890564,1.3704743385314941,1.1475752592086792,1.233638048171997,1.2970359325408936,1.070391297340393,1.3264589309692383,1.3330693244934082,1.6901391744613647,1.8533316850662231,2.144261121749878,2.4319369792938232,2.6729965209960938,2.4163105487823486,2.5563786029815674,2.458824872970581,2.593319892883301,2.813427209854126,2.7172141075134277,2.3495471477508545,2.024954319000244,1.9223403930664062,2.0079264640808105,2.1169960498809814,2.171698808670044,2.478628635406494,2.642780303955078,1.6159592866897583,1.6174854040145874,1.8965243101119995,2.0560522079467773,2.301175355911255,2.6155338287353516,2.736875057220459,2.437955379486084,2.219341516494751,1.9291256666183472,1.694812297821045,1.555601716041565,1.2834993600845337,1.4074662923812866,1.3073219060897827,2.165316581726074,1.799871563911438,1.6436084508895874,1.2665046453475952,1.2209293842315674,1.063897728919983,0.8412589430809021,0.7725000977516174,0.645566463470459,1.0167721509933472,1.2706575393676758,1.614919900894165,1.9208251237869263,2.182629108428955,2.5475335121154785
B1,1.4097458124160767,1.0986559391021729,1.0794318914413452,0.8204746842384338,1.0485773086547852,0.942854106426239,1.1585718393325806,1.1530730724334717,0.9556030035018921,1.098612666130066,0.9756808280944824,1.2838643789291382,1.4081437587738037,1.6656672954559326,1.9422533512115479,0.0,0.3773318827152252,0.6263731122016907,0.9586225748062134,1.2480665445327759,1.520814299583435,1.8242429494857788,1.7152211666107178,1.6425073146820068,1.3699203729629517,1.0060726404190063,0.8060494065284729,0.5580885410308838,0.49302080273628235,0.5833580493927002,1.3135552406311035,1.3441342115402222,1.5783542394638062,1.7998889684677124,2.0097131729125977,2.377657175064087,2.5208656787872314,2.2154717445373535,2.0510072708129883,1.7095693349838257,1.4766219854354858,1.2453323602676392,0.9737980365753174,1.044254183769226,0.9358598589897156,2.350978136062622,2.0329787731170654,2.047287940979004,1.8478631973266602,1.8891284465789795,2.0082998275756836,1.8539879322052002,1.5331791639328003,1.2671456336975098,1.2888379096984863,1.4755181074142456,1.6834096908569336,1.8425096273422241,2.1548080444335938,2.4256668090820312,2.542412281036377,2.2433314323425293,2.3705639839172363,2.2123517990112305,2.3495309352874756,2.527662515640259,2.4245684146881104,2.0695929527282715,1.7334253787994385,1.6965306997299194,1.7932367324829102,1.9656593799591064,2.058651924133301,2.4009101390838623,2.606114625930786
B2,1.107797622680664,0.7781254053115845,0.8489163517951965,0.6656247973442078,0.9851964712142944,1.0277621746063232,1.256783366203308,1.1537537574768066,0.9124802350997925,0.9327833652496338,0.7021557688713074,0.9878476858139038,1.0608662366867065,1.346079707145691,1.609002947807312,0.3773318827152252,0.0,0.39160531759262085,0.6339850425720215,0.9633580446243286,1.2264877557754517,1.509233832359314,1.3814306259155273,1.2753826379776,1.021999716758728,0.6480984091758728,0.544329822063446,0.4166548252105713,0.5817403793334961,0.8328359723091125,1.3506017923355103,1.283095121383667,1.5315450429916382,1.6828241348266602,1.910757303237915,2.2562458515167236,2.3696582317352295,2.043760061264038,1.8236528635025024,1.5092675685882568,1.2990748882293701,1.153786063194275,0.9341558218002319,1.13313627243042,1.1309677362442017,1.9993473291397095,1.698211908340454,1.7389051914215088,1.584446907043457,1.664515495300293,1.8381210565567017,1.7428932189941406,1.403132677078247,1.1290178298950195,1.0557725429534912,1.1787676811218262,1.35085928440094,1.4812110662460327,1.792046308517456,2.051926851272583,2.2517952919006348,1.9331799745559692,2.049410104751587,1.8700122833251953,2.019892692565918,2.1807563304901123,2.0931296348571777,1.7492974996566772,1.390697956085205,1.3768266439437866,1.4663418531417847,1.6803653240203857,1.7919769287109375,2.1488044261932373,2.379326343536377
B3,1.0609498023986816,0.8235376477241516,1.030076503753662,0.9723189473152161,1.3230968713760376,1.381412148475647,1.6389000415802002,1.54076087474823,1.2877390384674072,1.2722545862197876,0.9764128923416138,1.1871167421340942,1.1289960145950317,1.3997209072113037,1.5765299797058105,0.6263731122016907,0.39160531759262085,0.0,0.38065680861473083,0.622295081615448,0.9228149652481079,1.207788348197937,1.1145598888397217,1.1155732870101929,0.8634416460990906,0.5942682027816772,0.4804985821247101,0.6140521168708801,0.6812295317649841,1.026522159576416,1.5595901012420654,1.5021852254867554,1.8024659156799316,1.938706874847412,2.203930139541626,2.524012327194214,2.6435513496398926,2.3212008476257324,2.054487466812134,1.7775390148162842,1.5520858764648438,1.4669716358184814,1.2208800315856934,1.4439678192138672,1.3920018672943115,1.9779555797576904,1.70854651927948,1.7087371349334717,1.600364089012146,1.63239586353302,1.8616892099380493,1.7543354034423828,1.3879956007003784,1.2104055881500244,1.0530880689620972,1.204193353652954,1.2810114622116089,1.436543345451355,1.6877343654632568,1.9555165767669678,2.3553779125213623,2.0318002700805664,2.16432523727417,1.9595792293548584,2.1386191844940186,2.245412826538086,2.168093681335449,1.8640352487564087,1.4756462574005127,1.5357710123062134,1.5979013442993164,1.8655351400375366,1.9604783058166504,2.334589958190918,2.559093713760376
B4,0.7926255464553833,0.6252979040145874,0.9504633545875549,1.0215290784835815,1.3914148807525635,1.5445469617843628,1.8104276657104492,1.666840672492981,1.4256850481033325,1.3093136548995972,0.9463669061660767,1.0473920106887817,0.8754332661628723,1.1325602531433105,1.251238226890564,0.9586225748062134,0.6339850425720215,0.38065680861473083,0.0,0.370128333568573,0.6055306196212769,0.8764714598655701,0.7958110570907593,0.7794248461723328,0.6159829497337341,0.45320209860801697,0.5904151201248169,0.8425005674362183,1.014716625213623,1.3727047443389893,1.7773637771606445,1.6480311155319214,1.933332085609436,1.9994924068450928,2.2609429359436035,2.5514256954193115,2.630340337753296,2.2937204837799072,1.9813255071640015,1.749956488609314,1.5770848989486694,1.5732545852661133,1.3981187343597412,1.6800676584243774,1.6950377225875854,1.7178696393966675,1.4981675148010254,1.5411659479141235,1.5164697170257568,1.59406316280365,1.8817880153656006,1.8435367345809937,1.4816105365753174,1.319225549697876,1.0653349161148071,1.1061285734176636,1.0846532583236694,1.1703163385391235,1.3914061784744263,1.6232953071594238,2.194793939590454,1.851813554763794,1.9521138668060303,1.7092690467834473,1.887670636177063,1.9478693008422852,1.8765183687210083,1.608505368232727,1.2113773822784424,1.336955189704895,1.4042160511016846,1.7228591442108154,1.8485772609710693,2.2220113277435303,2.4754576683044434
B5,0.985409677028656,0.9315136075019836,1.2871577739715576,1.3893963098526,1.7593473196029663,1.906276822090149,2.175532579421997,2.0309183597564697,1.770878553390503,1.657071828842163,1.2947170734405518,1.3668365478515625,1.127651333808899,1.3508102893829346,1.3704743385314941,1.2480665445327759,0.9633580446243286,0.622295081615448,0.370128333568573,0.0,0.3935537338256836,0.6012496948242188,0.5671464204788208,0.7403351068496704,0.6240450143814087,0.6786643862724304,0.7756441235542297,1.106829047203064,1.2202048301696777,1.6035816669464111,1.987313985824585,1.8700506687164307,2.1861331462860107,2.2437903881073,2.5319225788116455,2.796832323074341,2.8858695030212402,2.562993288040161,2.2240257263183594,2.028215169906616,1.8395169973373413,1.8712764978408813,1.6751179695129395,1.9639993906021118,1.9490859508514404,1.7431070804595947,1.5674313306808472,1.5587633848190308,1.5811253786087036,1.6065928936004639,1.9309979677200317,1.8884623050689697,1.52925443649292,1.4605722427368164,1.1650886535644531,1.2244410514831543,1.1065338850021362,1.2171010971069336,1.3450703620910645,1.5798386335372925,2.315955400466919,1.9875779151916504,2.108536958694458,1.864449143409729,2.071066379547119,2.085224151611328,2.0404820442199707,1.8227543830871582,1.4273078441619873,1.5901597738265991,1.6124989986419678,1.949342966079712,2.0433616638183594,2.418322801589966,2.652557373046875
B6,0.8334776163101196,0.9374111890792847,1.3061721324920654,1.5070853233337402,1.865827202796936,2.052431344985962,2.349865436553955,2.214711904525757,2.002967119216919,1.8356974124908447,1.447066307067871,1.4166415929794312,1.1077923774719238,1.2267173528671265,1.1475752592086792,1.520814299583435,1.2264877557754517,0.9228149652481079,0.6055306196212769,0.3935537338256836,0.0,0.38164424896240234,0.5822831392288208,0.7696982026100159,0.839812695980072,0.9418410658836365,1.1298707723617554,1.43710458278656,1.5748745203018188,1.943855881690979,2.3429057598114014,2.1987996101379395,2.489287853240967,2.5132782459259033,2.7771596908569336,3.0335655212402344,3.0809836387634277,2.74145770072937,2.388784885406494,2.215768575668335,2.084909677505493,2.1369264125823975,1.9858436584472656,2.2815001010894775,2.2891478538513184,1.7965401411056519,1.692625641822815,1.743350625038147,1.8340016603469849,1.8993598222732544,2.2463204860687256,2.241205930709839,1.890772819519043,1.8108561038970947,1.4942528009414673,1.4763060808181763,1.2969838380813599,1.3005017042160034,1.372935175895691,1.5143725872039795,2.4478979110717773,2.1035900115966797,2.1634867191314697,1.8707239627838135,2.0337698459625244,1.9761887788772583,1.8966343402862549,1.7340580224990845,1.3755589723587036,1.6199246644973755,1.6939022541046143,2.0611050128936768,2.205556631088257,2.564964532852173,2.8330092430114746
B7,1.0904743671417236,1.2045917510986328,1.592068076133728,1.7971134185791016,2.1533079147338867,2.3672091960906982,2.640727996826172,2.4666202068328857,2.2269999980926514,2.0385689735412598,1.6576367616653442,1.6064406633377075,1.2610739469528198,1.3826459646224976,1.233638048171997,1.8242429494857788,1.509233832359314,1.207788348197937,0.8764714598655701,0.6012496948242188,0.38164424896240234,0.0,0.376571923494339,0.6764017939567566,0.8396767973899841,1.0842748880386353,1.2956820726394653,1.6475592851638794,1.805434226989746,2.192512273788452,2.482053279876709,2.312140941619873,2.6076180934906006,2.593698740005493,2.8720738887786865,3.088510036468506,3.1307828426361084,2.808911085128784,2.428304672241211,2.307680606842041,2.18243408203125,2.2927706241607666,2.1591243743896484,2.4832189083099365,2.5124802589416504,1.626488208770752,1.5833678245544434,1.611227035522461,1.7665178775787354,1.8220934867858887,2.196849822998047,2.2306578159332275,1.9072891473770142,1.8825057744979858,1.5298689603805542,1.472647786140442,1.2086443901062012,1.195265293121338,1.1646367311477661,1.2867980003356934,2.353451728820801,2.0316379070281982,2.103761911392212,1.8247156143188477,2.0207278728485107,1.9301600456237793,1.9094815254211426,1.8012869358062744,1.4575518369674683,1.7042804956436157,1.7140754461288452,2.084994316101074,2.197916030883789,2.5449979305267334,2.7958734035491943
B8,1.1637039184570312,1.1705496311187744,1.5601342916488647,1.7095882892608643,2.063891887664795,2.283118963241577,2.5151259899139404,2.30204701423645,2.0226962566375732,1.8421541452407837,1.4873182773590088,1.480709433555603,1.165506362915039,1.375597596168518,1.2970359325408936,1.7152211666107178,1.3814306259155273,1.1145598888397217,0.7958110570907593,0.5671464204788208,0.5822831392288208,0.376571923494339,0.0,0.40409597754478455,0.5197039246559143,0.8467536568641663,1.063574194908142,1.4339536428451538,1.6239099502563477,2.01578688621521,2.1917498111724854,2.003540277481079,2.3010265827178955,2.2733876705169678,2.566519021987915,2.765099048614502,2.8240835666656494,2.5202324390411377,2.1341001987457275,2.0294618606567383,1.8830517530441284,2.0234646797180176,1.8963266611099243,2.238445281982422,2.2930727005004883,1.3309848308563232,1.2505743503570557,1.2446796894073486,1.3942813873291016,1.450276494026184,1.828338623046875,1.8829036951065063,1.5740052461624146,1.560164213180542,1.194206953048706,1.1236894130706787,0.8440861701965332,0.8849217891693115,0.8750942945480347,1.091164469718933,2.0276825428009033,1.7204638719558716,1.8404936790466309,1.6047790050506592,1.8521761894226074,1.8187828063964844,1.8554599285125732,1.7154972553253174,1.346414566040039,1.5264266729354858,1.4642809629440308,1.8160045146942139,1.8837580680847168,2.235353469848633,2.4616668224334717
B9,1.0140408277511597,0.9689605832099915,1.3373900651931763,1.4874664545059204,1.8159480094909668,2.0786778926849365,2.279590368270874,2.0309832096099854,1.7651331424713135,1.539812684059143,1.1994507312774658,1.156563639640808,0.8475733995437622,1.0937315225601196,1.070391297340393,1.6425073146820068,1.2753826379776,1.1155732870101929,0.7794248461723328,0.7403351068496704,0.7696982026100159,0.6764017939567566,0.40409597754478455,0.0,0.373168021440506,0.6729729771614075,0.9938275218009949,1.3148964643478394,1.5847663879394531,1.952771544456482,2.041776180267334,1.8017184734344482,2.053560495376587,1.98357093334198,2.249243974685669,2.4402847290039062,2.4681999683380127,2.154719352722168,1.764066457748413,1.6752241849899292,1.5767223834991455,1.7497211694717407,1.689867615699768,2.0510764122009277,2.171083927154541,1.0326673984527588,0.932563841342926,1.025265097618103,1.1882573366165161,1.3405992984771729,1.7040430307388306,1.8124215602874756,1.5196964740753174,1.4266318082809448,1.0626206398010254,0.8784077763557434,0.6117701530456543,0.5359407067298889,0.6384736895561218,0.8564703464508057,1.6946979761123657,1.3630186319351196,1.4551399946212769,1.2100367546081543,1.4594941139221191,1.4602328538894653,1.5144776105880737,1.3526804447174072,0.9819150567054749,1.1364277601242065,1.065330147743225,1.4247055053710938,1.5230153799057007,1.8687680959701538,2.123739242553711
B10,1.1218689680099487,0.9637390375137329,1.3075859546661377,1.3648576736450195,1.7036226987838745,1.9156181812286377,2.098906993865967,1.8556839227676392,1.545051097869873,1.384660005569458,1.0690886974334717,1.148723840713501,0.9346610903739929,1.2563163042068481,1.3264589309692383,1.3699203729629517,1.021999716758728,0.8634416460990906,0.6159829497337341,0.6240450143814087,0.839812695980072,0.8396767973899841,0.5197039246559143,0.373168021440506,0.0,0.3937690556049347,0.645828366279602,0.9901233911514282,1.2435810565948486,1.6167347431182861,1.7039629220962524,1.494573712348938,1.783077597618103,1.7636910676956177,2.0602080821990967,2.2761471271514893,2.3560831546783447,2.0542452335357666,1.6865200996398926,1.54997718334198,1.3728077411651611,1.5088306665420532,1.3902734518051147,1.7441333532333374,1.8366708755493164,1.1673506498336792,0.9517374634742737,0.95046067237854,0.996692419052124,1.0981982946395874,1.4419434070587158,1.4981886148452759,1.1804187297821045,1.0861074924468994,0.7263190746307373,0.6458933353424072,0.490140438079834,0.6399304270744324,0.8362588286399841,1.147213339805603,1.6982988119125366,1.383162498474121,1.54804527759552,1.361243486404419,1.6339609622955322,1.710689902305603,1.7626062631607056,1.5370126962661743,1.138279676437378,1.204620599746704,1.102389931678772,1.418238639831543,1.4618440866470337,1.8336721658706665,2.0522899627685547
B11,1.006883144378662,0.7377114295959473,1.01898193359375,1.0063081979751587,1.3452692031860352,1.5320619344711304,1.7152668237686157,1.4898744821548462,1.1845511198043823,1.0536290407180786,0.7375782132148743,0.9054049849510193,0.8013914227485657,1.156894564628601,1.3330693244934082,1.0060726404190063,0.6480984091758728,0.5942682027816772,0.45320209860801697,0.6786643862724304,0.9418410658836365,1.0842748880386353,0.8467536568641663,0.6729729771614075,0.3937690556049347,0.0,0.381847620010376,0.6459234952926636,0.9409542679786682,1.2899625301361084,1.463268518447876,1.272756814956665,1.5494366884231567,1.5793136358261108,1.8562198877334595,2.124980926513672,2.214073896408081,1.8933539390563965,1.5701385736465454,1.3568929433822632,1.1628791093826294,1.2183256149291992,1.0808862447738647,1.4173293113708496,1.5104154348373413,1.3931763172149658,1.1169137954711914,1.155076026916504,1.0926989316940308,1.2129993438720703,1.4857001304626465,1.4942456483840942,1.1562258005142212,0.9499984383583069,0.6773422360420227,0.6666404604911804,0.7268846035003662,0.8600614070892334,1.150438666343689,1.4358787536621094,1.7769169807434082,1.448822021484375,1.595136284828186,1.4115076065063477,1.639704704284668,1.7704306840896606,1.7697120904922485,1.4777297973632812,1.0739229917526245,1.0884720087051392,1.0586254596710205,1.34297513961792,1.421436071395874,1.8001718521118164,2.03385853767395
B12,1.2922552824020386,1.001331090927124,1.2198289632797241,1.106293797492981,1.4301540851593018,1.5228725671768188,1.6876139640808105,1.4985074996948242,1.1544246673583984,1.1460182666778564,0.9100882411003113,1.1784651279449463,1.1477620601654053,1.4972063302993774,1.6901391744613647,0.8060494065284729,0.544329822063446,0.4804985821247101,0.5904151201248169,0.7756441235542297,1.1298707723617554,1.2956820726394653,1.063574194908142,0.9938275218009949,0.645828366279602,0.381847620010376,0.0,0.3894196152687073,0.5985992550849915,0.9734136462211609,1.214715838432312,1.1097073554992676,1.4399484395980835,1.5537868738174438,1.8586097955703735,2.147305727005005,2.2958171367645264,2.0036468505859375,1.723257064819336,1.4756731986999512,1.1969846487045288,1.1750377416610718,0.9237082004547119,1.2166458368301392,1.2304821014404297,1.6676846742630005,1.3553045988082886,1.3028252124786377,1.1441984176635742,1.1670798063278198,1.3837555646896362,1.2981244325637817,0.9372656941413879,0.7497814893722534,0.5754237771034241,0.777754545211792,0.9254748821258545,1.163282871246338,1.4359095096588135,1.7614210844039917,1.9692133665084839,1.679072618484497,1.8764214515686035,1.7396572828292847,1.9787533283233643,2.1371686458587646,2.138190269470215,1.8295546770095825,1.4332671165466309,1.4058555364608765,1.3538410663604736,1.579479455947876,1.5964020490646362,1.973820447921753,2.1558918952941895
B13,1.4250320196151733,1.0785555839538574,1.171695351600647,0.9422487020492554,1.2068537473678589,1.2356479167938232,1.357351303100586,1.1881160736083984,0.8383651971817017,0.9311966300010681,0.8048192858695984,1.1540412902832031,1.248089075088501,1.5904655456542969,1.8533316850662231,0.5580885410308838,0.4166548252105713,0.6140521168708801,0.8425005674362183,1.106829047203064,1.43710458278656,1.6475592851638794,1.4339536428451538,1.3148964643478394,0.9901233911514282,0.6459234952926636,0.3894196152687073,0.0,0.3788142204284668,0.6583163142204285,0.9647771120071411,0.9036151170730591,1.2008875608444214,1.3789035081863403,1.6522712707519531,1.9823353290557861,2.1468923091888428,1.8594658374786377,1.647325873374939,1.3439879417419434,1.0497323274612427,0.9141566753387451,0.6165626049041748,0.8594440221786499,0.8754642605781555,1.8864761590957642,1.5445048809051514,1.5199171304702759,1.29562509059906,1.3392999172210693,1.4631704092025757,1.3468025922775269,1.024232029914856,0.7310349941253662,0.7417827248573303,0.9477450251579285,1.1985453367233276,1.410058856010437,1.727247714996338,2.0396623611450195,2.0476279258728027,1.771563172340393,1.9571878910064697,1.8489115238189697,2.0531129837036133,2.260481357574463,2.2389416694641113,1.8926305770874023,1.5287500619888306,1.436151146888733,1.4187495708465576,1.576335072517395,1.599294900894165,1.9560859203338623,2.130563974380493
