,A1,A2,A3,A4,A5,A6,A7,A8,A9,A10,A11,A12,A13,A14,A15,B1,B2,B3,B4,B5,B6,B7,B8,B9,B10,B11,B12,B13,B14,B15,C1,C2,C3,C4,C5,C6,C7,C8,C9,C10,C11,C12,C13,C14,C15,D1,D2,D3,D4,D5,D6,D7,D8,D9,D10,D11,D12,D13,D14,D15,E1,E2,E3,E4,E5,E6,E7,E8,E9,E10,E11,E12,E13,E14,E15
A1,0.0,0.38445746898651123,0.6425186991691589,0.987529456615448,1.28378427028656,1.5691144466400146,1.8534703254699707,1.7315104007720947,1.6602312326431274,1.3783293962478638,1.0009149312973022,0.7919837832450867,0.5398765802383423,0.4825519919395447,0.5745640993118286,1.4340243339538574,1.1477060317993164,1.2642189264297485,1.1005451679229736,1.4132481813430786,1.425989031791687,1.5559839010238647,1.5459946393966675,1.3128923177719116,1.3302233219146729,1.125215768814087,1.4011058807373047,1.403462529182434,1.7170876264572144,1.886109471321106,2.081075429916382,1.9099329710006714,2.1067473888397217,2.1098320484161377,2.330477476119995,2.5897157192230225,2.57504940032959,2.255031108856201,1.9362266063690186,1.746859073638916,1.6697001457214355,1.6903610229492188,1.6223567724227905,1.8758947849273682,1.9700075387954712,0.4832083284854889,0.5084208846092224,0.8375319242477417,1.0338140726089478,1.3898522853851318,1.5891152620315552,1.840561032295227,1.7502669095993042,1.61886465549469,1.4243613481521606,1.0320061445236206,1.0003570318222046,0.7425254583358765,0.8701605200767517,0.9153292179107666,2.2814784049987793,1.9791010618209839,2.016486167907715,1.8459652662277222,1.939426064491272,2.0995049476623535,1.9324873685836792,1.6372125148773193,1.3233373165130615,1.3039416074752808,1.4484401941299438,1.6445765495300293,1.7752668857574463,2.0978264808654785,2.330848217010498
A2,0.38445746898651123,0.0,0.3845275640487671,0.649552047252655,0.9854464530944824,1.2639011144638062,1.5165141820907593,1.3846421241760254,1.2849948406219482,1.0226253271102905,0.6377342939376831,0.5297833681106567,0.4100077450275421,0.600904107093811,0.8448652625083923,1.0961449146270752,0.8099060654640198,1.0001466274261475,0.9206795692443848,1.2839564085006714,1.3999119997024536,1.5608967542648315,1.4821481704711914,1.250811219215393,1.1598129272460938,0.8698821067810059,1.0891454219818115,1.038455605506897,1.3582597970962524,1.5172924995422363,1.903041124343872,1.684225082397461,1.87393319606781,1.8339968919754028,2.0668935775756836,2.295024871826172,2.276639938354492,1.9774149656295776,1.6340887546539307,1.4809839725494385,1.4035083055496216,1.4939517974853516,1.452475905418396,1.761266827583313,1.8944071531295776,0.7402940392494202,0.6431497931480408,0.9997061491012573,1.1242913007736206,1.4952996969223022,1.7065216302871704,1.8923078775405884,1.7530113458633423,1.543941855430603,1.351763367652893,0.9724103212356567,0.9991702437400818,0.7373651266098022,0.9836414456367493,1.0293099880218506,1.9350892305374146,1.65448796749115,1.7117966413497925,1.5938135385513306,1.718444585800171,1.9338338375091553,1.8271180391311646,1.5120177268981934,1.207383632659912,1.0866589546203613,1.1657551527023315,1.3089693784713745,1.4165796041488647,1.726607322692871,1.9545190334320068
A3,0.6425186991691589,0.3845275640487671,0.0,0.3839423656463623,0.6412771344184875,0.9446208477020264,1.2231718301773071,1.1145594120025635,1.1137627363204956,0.861876904964447,0.5665768384933472,0.4745340347290039,0.6153936982154846,0.7356066703796387,1.0651166439056396,0.9940386414527893,0.8349384665489197,1.1278407573699951,1.1672557592391968,1.548086404800415,1.6930336952209473,1.8968967199325562,1.8181794881820679,1.6073769330978394,1.4665828943252563,1.1211681365966797,1.2372280359268188,1.0641635656356812,1.3295139074325562,1.391802430152893,2.0569281578063965,1.8376097679138184,2.057790756225586,1.997160792350769,2.256901979446411,2.444514274597168,2.4274086952209473,2.1631979942321777,1.7941858768463135,1.6950753927230835,1.5982232093811035,1.735518217086792,1.6664345264434814,1.992997646331787,2.0987229347229004,1.0781153440475464,1.0112473964691162,1.3510568141937256,1.4317224025726318,1.8057823181152344,1.9701472520828247,2.1375699043273926,2.0233147144317627,1.7766916751861572,1.6382250785827637,1.2854464054107666,1.366302490234375,1.1185142993927002,1.356795072555542,1.3506447076797485,1.9526088237762451,1.698207139968872,1.710489273071289,1.6291722059249878,1.701334834098816,1.9580262899398804,1.856235146522522,1.5066488981246948,1.2785784006118774,1.0935934782028198,1.2068390846252441,1.266093373298645,1.4111597537994385,1.6630116701126099,1.9105205535888672
A4,0.987529456615448,0.649552047252655,0.3839423656463623,0.0,0.37888574600219727,0.6273713707923889,0.8694379925727844,0.7829383611679077,0.7763583660125732,0.6169883012771606,0.442819207906723,0.6067080497741699,0.8625582456588745,1.0752743482589722,1.4166873693466187,0.6885747313499451,0.6361516714096069,1.0054987668991089,1.1627973318099976,1.5421134233474731,1.7599457502365112,1.9887995719909668,1.8708953857421875,1.6923725605010986,1.4708278179168701,1.0815470218658447,1.0761001110076904,0.8068510293960571,1.0179020166397095,1.0258209705352783,2.056117296218872,1.7930827140808105,1.986749529838562,1.8688298463821411,2.1240017414093018,2.258962631225586,2.2251136302948,1.9981482028961182,1.6134952306747437,1.585054874420166,1.5116993188858032,1.7245551347732544,1.6965444087982178,2.056391716003418,2.197425603866577,1.3695261478424072,1.2785277366638184,1.619675874710083,1.6745083332061768,2.0407052040100098,2.2173116207122803,2.33662486076355,2.184631109237671,1.8904023170471191,1.7554434537887573,1.440694808959961,1.536711573600769,1.2967394590377808,1.5656774044036865,1.5433835983276367,1.7132327556610107,1.5156391859054565,1.556208610534668,1.5616693496704102,1.663331151008606,1.9742902517318726,1.9416162967681885,1.5931270122528076,1.400804042816162,1.1247631311416626,1.1392474174499512,1.082590937614441,1.1745564937591553,1.3708146810531616,1.5953675508499146
A5,1.28378427028656,0.9854464530944824,0.6412771344184875,0.37888574600219727,0.0,0.381779283285141,0.6183649897575378,0.5611994862556458,0.7434280514717102,0.644501805305481,0.6836345195770264,0.807326078414917,1.137251853942871,1.2950564622879028,1.6630507707595825,0.8594050407409668,0.9468396902084351,1.3273684978485107,1.5264073610305786,1.8997796773910522,2.1237523555755615,2.363804578781128,2.2442822456359863,2.064716100692749,1.830930471420288,1.4382708072662354,1.385048508644104,1.0569086074829102,1.1859965324401855,1.0667237043380737,2.2293612957000732,1.9852524995803833,2.2054896354675293,2.0872411727905273,2.3631603717803955,2.4642810821533203,2.4449267387390137,2.2575197219848633,1.8739330768585205,1.875986099243164,1.7745743989944458,1.9992167949676514,1.937869906425476,2.293654680252075,2.401554584503174,1.7061030864715576,1.6155829429626465,1.9428061246871948,1.9647400379180908,2.3282742500305176,2.4641940593719482,2.5667665004730225,2.4411802291870117,2.1278555393218994,2.042022943496704,1.7515531778335571,1.8860633373260498,1.664963722229004,1.9346035718917847,1.9039546251296997,1.8035929203033447,1.6383850574493408,1.619332194328308,1.6549251079559326,1.6937123537063599,2.025733709335327,2.0000007152557373,1.6430400609970093,1.5344724655151367,1.2354538440704346,1.2838735580444336,1.155078649520874,1.2889647483825684,1.4004874229431152,1.6419804096221924
A6,1.5691144466400146,1.2639011144638062,0.9446208477020264,0.6273713707923889,0.381779283285141,0.0,0.3785221576690674,0.5658957958221436,0.7911291718482971,0.868246853351593,0.9648822546005249,1.162906527519226,1.4737640619277954,1.6479462385177612,2.0026943683624268,0.7549652457237244,0.9915322065353394,1.3447849750518799,1.6179343461990356,1.9634863138198853,2.207382917404175,2.4831087589263916,2.37190318107605,2.2455012798309326,1.9795794486999512,1.5787922143936157,1.4431085586547852,1.0911484956741333,1.0920449495315552,0.8849735856056213,2.49867582321167,2.223703622817993,2.4033687114715576,2.2328262329101562,2.477309465408325,2.5275936126708984,2.4662373065948486,2.308382749557495,1.9228439331054688,1.9965368509292603,1.951640009880066,2.222769260406494,2.208926200866699,2.5788214206695557,2.7167115211486816,1.9552206993103027,1.9008411169052124,2.246433734893799,2.2934274673461914,2.6570539474487305,2.8155407905578613,2.9127249717712402,2.76375675201416,2.4413201808929443,2.3342316150665283,2.0471808910369873,2.1497726440429688,1.9006630182266235,2.1491611003875732,2.0682215690612793,1.88076913356781,1.7889283895492554,1.8123142719268799,1.9141514301300049,1.9777356386184692,2.3313684463500977,2.340148687362671,1.9910274744033813,1.8888028860092163,1.5677200555801392,1.5534666776657104,1.3550992012023926,1.4063817262649536,1.4388214349746704,1.610312581062317
A7,1.8534703254699707,1.5165141820907593,1.2231718301773071,0.8694379925727844,0.6183649897575378,0.3785221576690674,0.0,0.36550313234329224,0.6360809206962585,0.8429856300354004,1.0755648612976074,1.3263003826141357,1.6685357093811035,1.8826236724853516,2.250802755355835,0.8881722688674927,1.1542277336120605,1.5091960430145264,1.8087385892868042,2.13834285736084,2.42411470413208,2.682328224182129,2.5288968086242676,2.397441864013672,2.095679998397827,1.7038122415542603,1.5124714374542236,1.1285207271575928,1.0735341310501099,0.7758594751358032,2.4500041007995605,2.1702640056610107,2.3386025428771973,2.1488547325134277,2.396549701690674,2.4015026092529297,2.357266664505005,2.251807928085327,1.8851423263549805,1.9946794509887695,1.9345859289169312,2.232215642929077,2.223081350326538,2.593756675720215,2.7365736961364746,2.2322702407836914,2.1301090717315674,2.455500602722168,2.4601552486419678,2.8085782527923584,2.9563558101654053,3.0079212188720703,2.8451905250549316,2.4939768314361572,2.4158663749694824,2.176792621612549,2.3141138553619385,2.1058483123779297,2.387580394744873,2.3394224643707275,1.6846699714660645,1.651818871498108,1.6659271717071533,1.8319398164749146,1.8964626789093018,2.2713825702667236,2.3352549076080322,2.0090346336364746,1.950944423675537,1.5970666408538818,1.5285921096801758,1.2523353099822998,1.276666522026062,1.215395450592041,1.371469259262085
A8,1.7315104007720947,1.3846421241760254,1.1145594120025635,0.7829383611679077,0.5611994862556458,0.5658957958221436,0.36550313234329224,0.0,0.389258474111557,0.5345001220703125,0.8481738567352295,1.0903805494308472,1.4536253213882446,1.684889554977417,2.0610971450805664,0.9758009910583496,1.1345309019088745,1.5152777433395386,1.7673583030700684,2.1119911670684814,2.4036903381347656,2.621291399002075,2.43691086769104,2.2574408054351807,1.9625946283340454,1.5837986469268799,1.4328690767288208,1.0509884357452393,1.0987290143966675,0.8709115982055664,2.115957736968994,1.856825828552246,2.0562469959259033,1.9033080339431763,2.1856672763824463,2.218508005142212,2.2260260581970215,2.1158831119537354,1.7588295936584473,1.8186137676239014,1.6961966753005981,1.9697377681732178,1.9234018325805664,2.2839598655700684,2.407155752182007,2.120711326599121,1.9619884490966797,2.256120443344116,2.2146708965301514,2.5497677326202393,2.674659252166748,2.70098876953125,2.5465331077575684,2.1853134632110596,2.141551971435547,1.9326493740081787,2.115662097930908,1.9573503732681274,2.2738125324249268,2.2854061126708984,1.4414554834365845,1.3626115322113037,1.3310198783874512,1.4807690382003784,1.5318189859390259,1.9074870347976685,1.9810363054275513,1.6641550064086914,1.6255730390548706,1.2641890048980713,1.200268268585205,0.9220446944236755,1.0144470930099487,0.9873617887496948,1.227993130683899
A9,1.6602312326431274,1.2849948406219482,1.1137627363204956,0.7763583660125732,0.7434280514717102,0.7911291718482971,0.6360809206962585,0.389258474111557,0.0,0.3768060803413391,0.6881719827651978,1.017363429069519,1.335220217704773,1.6343456506729126,1.9869587421417236,0.8536384701728821,0.938748300075531,1.2940603494644165,1.534449577331543,1.8566395044326782,2.1760127544403076,2.3644661903381348,2.1455283164978027,1.9672726392745972,1.6503456830978394,1.2931088209152222,1.1190738677978516,0.7495246529579163,0.8389556407928467,0.7014734745025635,1.8397787809371948,1.5445423126220703,1.7054206132888794,1.5274326801300049,1.799535870552063,1.8341532945632935,1.8438689708709717,1.731467366218567,1.3811800479888916,1.4446516036987305,1.3324052095413208,1.630420207977295,1.6277261972427368,1.9982385635375977,2.165339469909668,1.9903231859207153,1.7973461151123047,2.074112892150879,2.02502179145813,2.3424041271209717,2.497309684753418,2.500391721725464,2.305546283721924,1.9371925592422485,1.8699736595153809,1.6906286478042603,1.8676296472549438,1.738885760307312,2.0730834007263184,2.117250442504883,1.0986310243606567,1.0212316513061523,1.0678702592849731,1.2518490552902222,1.391433596611023,1.7682652473449707,1.8812757730484009,1.5896680355072021,1.4985790252685547,1.1253900527954102,0.9526649713516235,0.6461538672447205,0.6459234356880188,0.6640907526016235,0.9103063941001892
A10,1.3783293962478638,1.0226253271102905,0.861876904964447,0.6169883012771606,0.644501805305481,0.868246853351593,0.8429856300354004,0.5345001220703125,0.3768060803413391,0.0,0.39580217003822327,0.6649949550628662,1.0020514726638794,1.2875032424926758,1.6461378335952759,0.9727370142936707,0.9342416524887085,1.3037798404693604,1.4635083675384521,1.8146532773971558,2.096416711807251,2.258709192276001,2.0491321086883545,1.8181648254394531,1.5483351945877075,1.1978129148483276,1.1381287574768066,0.8215978145599365,1.0458083152770996,1.0022653341293335,1.6381725072860718,1.3804988861083984,1.6049240827560425,1.5015671253204346,1.810431718826294,1.9186208248138428,1.9658769369125366,1.8039871454238892,1.4539822340011597,1.4202582836151123,1.2408169507980347,1.4724384546279907,1.4032539129257202,1.7645978927612305,1.8944154977798462,1.7360271215438843,1.5155407190322876,1.775260090827942,1.7048572301864624,2.0287201404571533,2.1609883308410645,2.180356025695801,2.0145442485809326,1.6559888124465942,1.6084418296813965,1.411004662513733,1.6217894554138184,1.5148723125457764,1.8617464303970337,1.944339632987976,1.2054672241210938,1.0044326782226562,0.980671763420105,1.0485161542892456,1.1542894840240479,1.511170744895935,1.5712743997573853,1.2569806575775146,1.1472609043121338,0.7818353176116943,0.6959742307662964,0.5110293626785278,0.6900876760482788,0.8610532283782959,1.1718624830245972
A11,1.0009149312973022,0.6377342939376831,0.5665768384933472,0.442819207906723,0.6836345195770264,0.9648822546005249,1.0755648612976074,0.8481738567352295,0.6881719827651978,0.39580217003822327,0.0,0.3817877471446991,0.6510092616081238,0.9666925668716431,1.3042186498641968,0.9007471799850464,0.724668025970459,1.06621515750885,1.1523559093475342,1.5188629627227783,1.7638075351715088,1.9195038080215454,1.7361634969711304,1.4939786195755005,1.2645986080169678,0.9114649891853333,0.955375075340271,0.7278355956077576,1.0441409349441528,1.1172337532043457,1.6134912967681885,1.3546943664550781,1.5690958499908447,1.4889394044876099,1.7759877443313599,1.9433791637420654,1.9667127132415771,1.7394781112670898,1.3798376321792603,1.286270022392273,1.1344512701034546,1.3236898183822632,1.2681944370269775,1.6305668354034424,1.7759761810302734,1.3408710956573486,1.1299985647201538,1.4125615358352661,1.3895633220672607,1.7345198392868042,1.902608036994934,1.9733071327209473,1.802624225616455,1.4818804264068604,1.373092532157898,1.1079416275024414,1.2779088020324707,1.1369718313217163,1.4755908250808716,1.562079906463623,1.390677809715271,1.13498854637146,1.1656856536865234,1.139169692993164,1.2779382467269897,1.5805972814559937,1.5774297714233398,1.253431797027588,1.036068320274353,0.7377164959907532,0.7044568061828613,0.7138585448265076,0.851498544216156,1.1267364025115967,1.3985127210617065
A12,0.7919837832450867,0.5297833681106567,0.4745340347290039,0.6067080497741699,0.807326078414917,1.162906527519226,1.3263003826141357,1.0903805494308472,1.017363429069519,0.6649949550628662,0.3817877471446991,0.0,0.384978711605072,0.6225267648696899,0.9871254563331604,1.2111077308654785,1.0067732334136963,1.3107770681381226,1.3119105100631714,1.6807397603988647,1.8596516847610474,1.9885671138763428,1.8386101722717285,1.553393006324768,1.4079688787460327,1.103765845298767,1.2492280006408691,1.083135962486267,1.4104750156402588,1.4830433130264282,1.6164953708648682,1.4318310022354126,1.7001920938491821,1.6977932453155518,2.000676393508911,2.2131543159484863,2.265296697616577,2.0168118476867676,1.6780974864959717,1.5197925567626953,1.3225117921829224,1.4149765968322754,1.2755228281021118,1.5918211936950684,1.6683510541915894,1.1907634735107422,0.9658997058868408,1.2204058170318604,1.1775749921798706,1.533698558807373,1.657621145248413,1.767089605331421,1.6569441556930542,1.3743760585784912,1.3016823530197144,1.0092673301696777,1.2102257013320923,1.0948467254638672,1.415256381034851,1.5342400074005127,1.6719295978546143,1.3651823997497559,1.320532202720642,1.1842604875564575,1.2436484098434448,1.4862836599349976,1.39466392993927,1.0522629022598267,0.8184845447540283,0.6221085786819458,0.786632776260376,0.9280495643615723,1.155161738395691,1.445544958114624,1.7469696998596191
A13,0.5398765802383423,0.4100077450275421,0.6153936982154846,0.8625582456588745,1.137251853942871,1.4737640619277954,1.6685357093811035,1.4536253213882446,1.335220217704773,1.0020514726638794,0.6510092616081238,0.384978711605072,0.0,0.3816552758216858,0.6639022827148438,1.3841309547424316,1.0942164659500122,1.301822543144226,1.1909339427947998,1.529109001159668,1.6498018503189087,1.7329301834106445,1.6055901050567627,1.2948925495147705,1.2337905168533325,1.0074372291564941,1.2599983215332031,1.2108120918273926,1.5694661140441895,1.718101143836975,1.5850133895874023,1.4242627620697021,1.6690517663955688,1.705130934715271,1.9780100584030151,2.2395477294921875,2.287625789642334,1.9986265897750854,1.6885958909988403,1.4694995880126953,1.2908449172973633,1.3041589260101318,1.1713368892669678,1.4487701654434204,1.5310745239257812,0.8638595342636108,0.5973016023635864,0.8387128710746765,0.8341420292854309,1.2042008638381958,1.3651701211929321,1.5261845588684082,1.4155174493789673,1.1982866525650024,1.0708928108215332,0.7241746187210083,0.8857265710830688,0.7870892882347107,1.091245174407959,1.2630571126937866,1.8423231840133667,1.509830355644226,1.504062533378601,1.310645580291748,1.4034255743026733,1.572577714920044,1.4391028881072998,1.141819953918457,0.8162679672241211,0.7711153626441956,0.9297782182693481,1.1694540977478027,1.3539952039718628,1.691275715827942,1.967227816581726
A14,0.4825519919395447,0.600904107093811,0.7356066703796387,1.0752743482589722,1.2950564622879028,1.6479462385177612,1.8826236724853516,1.684889554977417,1.6343456506729126,1.2875032424926758,0.9666925668716431,0.6225267648696899,0.3816552758216858,0.0,0.3865436315536499,1.6574820280075073,1.3917317390441895,1.5880088806152344,1.453337550163269,1.7794779539108276,1.8329793214797974,1.9121917486190796,1.841618299484253,1.535853624343872,1.5416663885116577,1.342612624168396,1.611021637916565,1.5590183734893799,1.902034044265747,2.027690887451172,1.8283107280731201,1.725925087928772,1.9935202598571777,2.0632739067077637,2.3374040126800537,2.6111931800842285,2.663804531097412,2.368046760559082,2.062955379486084,1.8350839614868164,1.6532641649246216,1.623256802558899,1.4489191770553589,1.6683040857315063,1.6809667348861694,0.8457804322242737,0.6698948740959167,0.851621150970459,0.8707250952720642,1.2223334312438965,1.3209643363952637,1.5466594696044922,1.519729495048523,1.372873306274414,1.2844552993774414,0.9489511847496033,1.077844262123108,0.9803208112716675,1.1912280321121216,1.342928409576416,2.201145887374878,1.8597745895385742,1.8098677396774292,1.577045202255249,1.5978296995162964,1.7163368463516235,1.504348635673523,1.2135615348815918,0.9319367408752441,0.990017831325531,1.242493987083435,1.4909124374389648,1.7126519680023193,2.0367183685302734,2.327263116836548
A15,0.5745640993118286,0.8448652625083923,1.0651166439056396,1.4166873693466187,1.6630507707595825,2.0026943683624268,2.250802755355835,2.0610971450805664,1.9869587421417236,1.6461378335952759,1.3042186498641968,0.9871254563331604,0.6639022827148438,0.3865436315536499,0.0,1.9406710863113403,1.639085054397583,1.7624139785766602,1.5519167184829712,1.8238495588302612,1.8045902252197266,1.8303908109664917,1.8013465404510498,1.4947779178619385,1.5944870710372925,1.4812302589416504,1.8022547960281372,1.8214374780654907,2.172299385070801,2.3389031887054443,1.9424810409545898,1.876047134399414,2.118840456008911,2.221686601638794,2.4659841060638428,2.7714805603027344,2.8231072425842285,2.504769802093506,2.232590436935425,1.96907377243042,1.806789517402649,1.7114516496658325,1.5444952249526978,1.698108434677124,1.694326639175415,0.7161585092544556,0.5884542465209961,0.6368881464004517,0.7218278646469116,1.0245558023452759,1.128167986869812,1.4246338605880737,1.4320690631866455,1.3872714042663574,1.2751671075820923,0.9552593231201172,1.0065971612930298,0.954653263092041,1.0678610801696777,1.2587052583694458,2.4646544456481934,2.112312078475952,2.0808892250061035,1.8165901899337769,1.8494162559509277,1.9058865308761597,1.6636035442352295,1.4319673776626587,1.1306579113006592,1.2764564752578735,1.5133789777755737,1.8027386665344238,2.0024571418762207,2.3481156826019287,2.6237270832061768
B1,1.4340243339538574,1.0961449146270752,0.9940386414527893,0.6885747313499451,0.8594050407409668,0.7549652457237244,0.8881722688674927,0.9758009910583496,0.8536384701728821,0.9727370142936707,0.9007471799850464,1.2111077308654785,1.3841309547424316,1.6574820280075073,1.9406710863113403,0.0,0.38574832677841187,0.6457802653312683,0.989656925201416,1.2822175025939941,1.5732711553573608,1.855277419090271,1.7318180799484253,1.6837081909179688,1.3845854997634888,1.0064805746078491,0.7910705804824829,0.5236570239067078,0.4710543751716614,0.5343340635299683,2.3278987407684326,1.9908223152160645,2.0638909339904785,1.830857276916504,1.9903416633605957,2.040170669555664,1.902595043182373,1.7076411247253418,1.3228373527526855,1.4449105262756348,1.531891107559204,1.8383588790893555,1.9468364715576172,2.3262059688568115,2.555699586868286,1.661370038986206,1.623647689819336,1.974117636680603,2.079709053039551,2.421685218811035,2.666480541229248,2.7633142471313477,2.5391507148742676,2.2402310371398926,2.038146734237671,1.7545031309127808,1.7597304582595825,1.485155463218689,1.7061842679977417,1.6035938262939453,1.651167869567871,1.5853718519210815,1.7632626295089722,1.8853085041046143,2.0815603733062744,2.4190866947174072,2.463347911834717,2.145515203475952,1.9307763576507568,1.6240283250808716,1.478460669517517,1.3225059509277344,1.2018804550170898,1.3102214336395264,1.3676735162734985
B2,1.1477060317993164,0.8099060654640198,0.8349384665489197,0.6361516714096069,0.9468396902084351,0.9915322065353394,1.1542277336120605,1.1345309019088745,0.938748300075531,0.9342416524887085,0.724668025970459,1.0067732334136963,1.0942164659500122,1.3917317390441895,1.639085054397583,0.38574832677841187,0.0,0.3932741582393646,0.6554850935935974,0.9922595024108887,1.2803008556365967,1.5292938947677612,1.392406702041626,1.311353325843811,1.029633641242981,0.6415855884552002,0.5252072215080261,0.3825192451477051,0.5844172239303589,0.8099569082260132,2.0781636238098145,1.748146891593933,1.8192470073699951,1.6197761297225952,1.7805900573730469,1.8940590620040894,1.7773348093032837,1.5257412195205688,1.140831708908081,1.1809444427490234,1.2648286819458008,1.5338610410690308,1.6493568420410156,2.018801689147949,2.257155418395996,1.3255650997161865,1.2656790018081665,1.6073840856552124,1.7248529195785522,2.0595600605010986,2.322714328765869,2.4302287101745605,2.198282480239868,1.9229962825775146,1.6928097009658813,1.396398901939392,1.3778424263000488,1.1038676500320435,1.3385103940963745,1.277518391609192,1.5904685258865356,1.456868052482605,1.6493338346481323,1.7126935720443726,1.933902621269226,2.2372853755950928,2.260881185531616,1.9569053649902344,1.6924208402633667,1.427087426185608,1.2838693857192993,1.2216253280639648,1.117282748222351,1.3302234411239624,1.4245344400405884
B3,1.2642189264297485,1.0001466274261475,1.1278407573699951,1.0054987668991089,1.3273684978485107,1.3447849750518799,1.5091960430145264,1.5152777433395386,1.2940603494644165,1.3037798404693604,1.06621515750885,1.3107770681381226,1.301822543144226,1.5880088806152344,1.7624139785766602,0.6457802653312683,0.3932741582393646,0.0,0.3825021982192993,0.6365740299224854,0.945443868637085,1.2171704769134521,1.106574535369873,1.1240848302841187,0.8589094281196594,0.5666776299476624,0.46326443552970886,0.5989329814910889,0.7150097489356995,1.0317102670669556,2.2264022827148438,1.8868818283081055,1.89064359664917,1.6718366146087646,1.7565011978149414,1.8737958669662476,1.7006340026855469,1.418876051902771,1.071535348892212,1.1293150186538696,1.321068525314331,1.5732355117797852,1.758319616317749,2.1049773693084717,2.3805832862854004,1.2994402647018433,1.296143889427185,1.6185905933380127,1.7912044525146484,2.096345901489258,2.403109312057495,2.524425745010376,2.265681028366089,2.032752513885498,1.7482539415359497,1.459835410118103,1.3447822332382202,1.0492327213287354,1.2031389474868774,1.0943636894226074,1.7679898738861084,1.656077265739441,1.9030424356460571,1.9617080688476562,2.2198004722595215,2.497993230819702,2.522862434387207,2.2411749362945557,1.9402753114700317,1.714011549949646,1.5454566478729248,1.5198103189468384,1.3599448204040527,1.5805705785751343,1.6080394983291626
B4,1.1005451679229736,0.9206795692443848,1.1672557592391968,1.1627973318099976,1.5264073610305786,1.6179343461990356,1.8087385892868042,1.7673583030700684,1.534449577331543,1.4635083675384521,1.1523559093475342,1.3119105100631714,1.1909339427947998,1.453337550163269,1.5519167184829712,0.989656925201416,0.6554850935935974,0.3825021982192993,0.0,0.3847195506095886,0.6421903967857361,0.8747972249984741,0.7820894718170166,0.7882346510887146,0.612756609916687,0.4400840699672699,0.5949960350990295,0.8483272790908813,1.0556708574295044,1.3850820064544678,2.138462781906128,1.8272771835327148,1.8260072469711304,1.660991907119751,1.7324316501617432,1.9156090021133423,1.7670550346374512,1.4375784397125244,1.1367532014846802,1.08449387550354,1.2713086605072021,1.4421101808547974,1.629537582397461,1.940152645111084,2.2152018547058105,1.0136573314666748,1.0261906385421753,1.31898832321167,1.531814694404602,1.8140594959259033,2.14410400390625,2.2904739379882812,2.032620906829834,1.85251784324646,1.5329921245574951,1.2330856323242188,1.04389488697052,0.7344453930854797,0.8403387665748596,0.7618067860603333,1.9050041437149048,1.7385005950927734,1.9783453941345215,1.972633719444275,2.2354736328125,2.466550350189209,2.4597697257995605,2.199965238571167,1.8604824542999268,1.7016820907592773,1.5629944801330566,1.6287715435028076,1.5045385360717773,1.7854083776474,1.842637538909912
B5,1.4132481813430786,1.2839564085006714,1.548086404800415,1.5421134233474731,1.8997796773910522,1.9634863138198853,2.13834285736084,2.1119911670684814,1.8566395044326782,1.8146532773971558,1.5188629627227783,1.6807397603988647,1.529109001159668,1.7794779539108276,1.8238495588302612,1.2822175025939941,0.9922595024108887,0.6365740299224854,0.3847195506095886,0.0,0.38754773139953613,0.6097471714019775,0.5512803792953491,0.7460319995880127,0.6422099471092224,0.6885485649108887,0.7972851395606995,1.1268677711486816,1.2697609663009644,1.626960277557373,2.322362184524536,2.010228395462036,1.9417866468429565,1.7618210315704346,1.7529534101486206,1.9268749952316284,1.7334802150726318,1.3982086181640625,1.1770952939987183,1.1473501920700073,1.4168592691421509,1.5651490688323975,1.8113046884536743,2.086575746536255,2.3910410404205322,1.2164862155914307,1.262638807296753,1.492769718170166,1.728070855140686,1.9579476118087769,2.3151285648345947,2.456599712371826,2.1759183406829834,2.0366833209991455,1.6888527870178223,1.4373881816864014,1.1824785470962524,0.9273000955581665,0.9208279848098755,0.8206897974014282,2.0910415649414062,1.9568551778793335,2.2357640266418457,2.24039363861084,2.5306761264801025,2.7434067726135254,2.7504045963287354,2.5163981914520264,2.1651697158813477,2.027357816696167,1.8592363595962524,1.9295074939727783,1.7602641582489014,2.0283384323120117,2.031240224838257
B6,1.425989031791687,1.3999119997024536,1.6930336952209473,1.7599457502365112,2.1237523555755615,2.207382917404175,2.42411470413208,2.4036903381347656,2.1760127544403076,2.096416711807251,1.7638075351715088,1.8596516847610474,1.6498018503189087,1.8329793214797974,1.8045902252197266,1.5732711553573608,1.2803008556365967,0.945443868637085,0.6421903967857361,0.38754773139953613,0.0,0.37592992186546326,0.5709142684936523,0.8134705424308777,0.8828091621398926,0.9843087792396545,1.1631873846054077,1.4720954895019531,1.6278306245803833,1.9699448347091675,2.544966459274292,2.265209197998047,2.2097561359405518,2.0715878009796143,2.058286428451538,2.2605717182159424,2.0761375427246094,1.7323112487792969,1.5417654514312744,1.4681389331817627,1.710648536682129,1.796260118484497,2.016911029815674,2.254704713821411,2.536614418029785,1.1235830783843994,1.2639156579971313,1.4594861268997192,1.7536580562591553,1.9588128328323364,2.322460651397705,2.5090157985687256,2.2544896602630615,2.175502061843872,1.8156976699829102,1.5479170083999634,1.2317708730697632,0.9652812480926514,0.8008754849433899,0.6198365688323975,2.447878122329712,2.2855682373046875,2.5427494049072266,2.5052855014801025,2.776731014251709,2.9605281352996826,2.927171468734741,2.697056531906128,2.3301455974578857,2.240616798400879,2.1217057704925537,2.2337543964385986,2.1009395122528076,2.3874671459198,2.4099655151367188
B7,1.5559839010238647,1.5608967542648315,1.8968967199325562,1.9887995719909668,2.363804578781128,2.4831087589263916,2.682328224182129,2.621291399002075,2.3644661903381348,2.258709192276001,1.9195038080215454,1.9885671138763428,1.7329301834106445,1.9121917486190796,1.8303908109664917,1.855277419090271,1.5292938947677612,1.2171704769134521,0.8747972249984741,0.6097471714019775,0.37592992186546326,0.0,0.367622435092926,0.652559220790863,0.8529732823371887,1.0906401872634888,1.3215243816375732,1.6667990684509277,1.8588666915893555,2.218062162399292,2.4502079486846924,2.1998519897460938,2.1160037517547607,2.0182723999023438,1.9754233360290527,2.213360071182251,2.0567378997802734,1.7033412456512451,1.5806270837783813,1.445613145828247,1.6792757511138916,1.6957253217697144,1.9288419485092163,2.113093614578247,2.3997738361358643,1.1858779191970825,1.2752681970596313,1.3747488260269165,1.6561375856399536,1.7960325479507446,2.171532392501831,2.345994234085083,2.0824618339538574,2.0551633834838867,1.6853303909301758,1.4748427867889404,1.1247769594192505,0.9660283327102661,0.7660422325134277,0.7433695793151855,2.4983973503112793,2.3191111087799072,2.5786235332489014,2.512373208999634,2.7954046726226807,2.93786883354187,2.9046671390533447,2.713860034942627,2.3358986377716064,2.292147397994995,2.1679112911224365,2.324845552444458,2.195958137512207,2.5052297115325928,2.5325090885162354
B8,1.5459946393966675,1.4821481704711914,1.8181794881820679,1.8708953857421875,2.2442822456359863,2.37190318107605,2.5288968086242676,2.43691086769104,2.1455283164978027,2.0491321086883545,1.7361634969711304,1.8386101722717285,1.6055901050567627,1.841618299484253,1.8013465404510498,1.7318180799484253,1.392406702041626,1.106574535369873,0.7820894718170166,0.5512803792953491,0.5709142684936523,0.367622435092926,0.0,0.3898420035839081,0.5400182008743286,0.8578972816467285,1.0850218534469604,1.4532254934310913,1.663859486579895,2.033474922180176,2.137507438659668,1.8736659288406372,1.764530062675476,1.6587632894515991,1.6085315942764282,1.8540923595428467,1.7164280414581299,1.3579132556915283,1.253043532371521,1.094501256942749,1.3391708135604858,1.3628348112106323,1.6288295984268188,1.82143235206604,2.1349148750305176,1.2398691177368164,1.2174417972564697,1.3076215982437134,1.522990345954895,1.6596299409866333,2.0361976623535156,2.159893751144409,1.8631023168563843,1.801170825958252,1.4321125745773315,1.2664132118225098,0.9536681771278381,0.8650012612342834,0.8106298446655273,0.905788004398346,2.1676244735717773,1.995446801185608,2.2707364559173584,2.2199723720550537,2.5249531269073486,2.669600009918213,2.6715540885925293,2.4977304935455322,2.126941442489624,2.0675299167633057,1.9005165100097656,2.053224802017212,1.9034744501113892,2.213707447052002,2.235377788543701
B9,1.3128923177719116,1.250811219215393,1.6073769330978394,1.6923725605010986,2.064716100692749,2.2455012798309326,2.397441864013672,2.2574408054351807,1.9672726392745972,1.8181648254394531,1.4939786195755005,1.553393006324768,1.2948925495147705,1.535853624343872,1.4947779178619385,1.6837081909179688,1.311353325843811,1.1240848302841187,0.7882346510887146,0.7460319995880127,0.8134705424308777,0.652559220790863,0.3898420035839081,0.0,0.3782631754875183,0.706497311592102,1.0242950916290283,1.3520839214324951,1.6342735290527344,1.983446717262268,1.7983548641204834,1.5592880249023438,1.500224232673645,1.4545034170150757,1.475286841392517,1.7702146768569946,1.7070763111114502,1.3423607349395752,1.2058508396148682,0.9525038003921509,1.0922613143920898,1.057387113571167,1.2775934934616089,1.467236042022705,1.7634384632110596,1.0410767793655396,0.9180254936218262,0.973727822303772,1.1486783027648926,1.2938815355300903,1.665683627128601,1.7828229665756226,1.4894040822982788,1.421022653579712,1.0513122081756592,0.8808090090751648,0.5755879878997803,0.576671302318573,0.6418954133987427,0.8862400054931641,1.9811675548553467,1.7552207708358765,1.990972876548767,1.895846962928772,2.1855807304382324,2.3083043098449707,2.2955331802368164,2.133060932159424,1.7589836120605469,1.73023521900177,1.5888510942459106,1.7905877828598022,1.6935945749282837,2.0368564128875732,2.1164309978485107
B10,1.3302233219146729,1.1598129272460938,1.4665828943252563,1.4708278179168701,1.830930471420288,1.9795794486999512,2.095679998397827,1.9625946283340454,1.6503456830978394,1.5483351945877075,1.2645986080169678,1.4079688787460327,1.2337905168533325,1.5416663885116577,1.5944870710372925,1.3845854997634888,1.029633641242981,0.8589094281196594,0.612756609916687,0.6422099471092224,0.8828091621398926,0.8529732823371887,0.5400182008743286,0.3782631754875183,0.0,0.4008362889289856,0.6651023626327515,1.0083491802215576,1.2791101932525635,1.6328279972076416,1.6973024606704712,1.398769736289978,1.328174352645874,1.2059739828109741,1.2411659955978394,1.4967055320739746,1.412902593612671,1.051216959953308,0.8533061742782593,0.6400488615036011,0.8371850252151489,0.9284458756446838,1.189985990524292,1.4542304277420044,1.7760093212127686,1.1808351278305054,1.0252881050109863,1.1688737869262695,1.2895642518997192,1.4868812561035156,1.8340764045715332,1.9099446535110474,1.599105715751648,1.4378544092178345,1.0944653749465942,0.9213353395462036,0.7379580140113831,0.675500214099884,0.8687298893928528,1.0350168943405151,1.659026026725769,1.466817855834961,1.7365376949310303,1.7029283046722412,2.015561580657959,2.1902825832366943,2.2229056358337402,2.0380332469940186,1.6853535175323486,1.5796946287155151,1.376984715461731,1.5159916877746582,1.370542049407959,1.6947129964828491,1.7525205612182617
B11,1.125215768814087,0.8698821067810059,1.1211681365966797,1.0815470218658447,1.4382708072662354,1.5787922143936157,1.7038122415542603,1.5837986469268799,1.2931088209152222,1.1978129148483276,0.9114649891853333,1.103765845298767,1.0074372291564941,1.342612624168396,1.4812302589416504,1.0064805746078491,0.6415855884552002,0.5666776299476624,0.4400840699672699,0.6885485649108887,0.9843087792396545,1.0906401872634888,0.8578972816467285,0.706497311592102,0.4008362889289856,0.0,0.38056910037994385,0.6504107117652893,0.9589582085609436,1.2881531715393066,1.7133911848068237,1.3914852142333984,1.3976081609725952,1.244067907333374,1.3605751991271973,1.5696316957473755,1.4854742288589478,1.1572229862213135,0.8400527834892273,0.7125974297523499,0.8389464616775513,1.0294768810272217,1.2197346687316895,1.5502798557281494,1.8381059169769287,1.1140379905700684,0.9633392691612244,1.2118942737579346,1.3231111764907837,1.597428798675537,1.9094778299331665,1.9972317218780518,1.717654824256897,1.490817904472351,1.1935667991638184,0.9429417252540588,0.8555389642715454,0.6752762198448181,0.9458507299423218,1.037609338760376,1.5142804384231567,1.3197921514511108,1.5643645524978638,1.5583810806274414,1.8451611995697021,2.0732407569885254,2.1017351150512695,1.8659298419952393,1.5338894128799438,1.3621128797531128,1.1712555885314941,1.256378173828125,1.1290010213851929,1.4453954696655273,1.5351595878601074
B12,1.4011058807373047,1.0891454219818115,1.2372280359268188,1.0761001110076904,1.385048508644104,1.4431085586547852,1.5124714374542236,1.4328690767288208,1.1190738677978516,1.1381287574768066,0.955375075340271,1.2492280006408691,1.2599983215332031,1.611021637916565,1.8022547960281372,0.7910705804824829,0.5252072215080261,0.46326443552970886,0.5949960350990295,0.7972851395606995,1.1631873846054077,1.3215243816375732,1.0850218534469604,1.0242950916290283,0.6651023626327515,0.38056910037994385,0.0,0.3891127407550812,0.6141024827957153,0.971717357635498,1.8430551290512085,1.4837124347686768,1.4553929567337036,1.2144207954406738,1.30820631980896,1.4286590814590454,1.2938445806503296,1.0138276815414429,0.6424835324287415,0.6980185508728027,0.8924604654312134,1.189226746559143,1.4084129333496094,1.7614952325820923,2.0632190704345703,1.4496724605560303,1.3203656673431396,1.5847158432006836,1.6722487211227417,1.9474036693572998,2.2444958686828613,2.3005197048187256,2.0109665393829346,1.743401050567627,1.479857087135315,1.2706811428070068,1.226302981376648,1.0507227182388306,1.3013148307800293,1.3281811475753784,1.343626856803894,1.2381359338760376,1.5254613161087036,1.6118592023849487,1.9120761156082153,2.1867191791534424,2.2643580436706543,2.0199432373046875,1.7302733659744263,1.4896109104156494,1.2382159233093262,1.2058978080749512,0.9882204532623291,1.233138918876648,1.255469560623169
B13,1.403462529182434,1.038455605506897,1.0641635656356812,0.8068510293960571,1.0569086074829102,1.0911484956741333,1.1285207271575928,1.0509884357452393,0.7495246529579163,0.8215978145599365,0.7278355956077576,1.083135962486267,1.2108120918273926,1.5590183734893799,1.8214374780654907,0.5236570239067078,0.3825192451477051,0.5989329814910889,0.8483272790908813,1.1268677711486816,1.4720954895019531,1.6667990684509277,1.4532254934310913,1.3520839214324951,1.0083491802215576,0.6504107117652893,0.3891127407550812,0.0,0.38012731075286865,0.6497117280960083,1.8626139163970947,1.5076334476470947,1.5485107898712158,1.3103227615356445,1.4761887788772583,1.5549989938735962,1.4567471742630005,1.243028998374939,0.8513161540031433,0.9401179552078247,1.015608787536621,1.3407785892486572,1.483938217163086,1.862363338470459,2.1236398220062256,1.5751575231552124,1.434714674949646,1.7303944826126099,1.7817671298980713,2.0896334648132324,2.3437066078186035,2.39176082611084,2.1327383518218994,1.8212840557098389,1.6174817085266113,1.3951740264892578,1.432012915611267,1.2458218336105347,1.5318797826766968,1.5420855283737183,1.2238978147506714,1.1317156553268433,1.3673568964004517,1.4920669794082642,1.7516776323318481,2.0700933933258057,2.1548705101013184,1.8802284002304077,1.6409459114074707,1.3413214683532715,1.1047379970550537,0.9809004664421082,0.7895507216453552,0.9867636561393738,1.0566966533660889
