,A1,A2,A3,A4,A5,A6,A7,A8,A9,A10,A11,A12,A13,A14,A15,B1,B2,B3,B4,B5,B6,B7,B8,B9,B10,B11,B12,B13,B14,B15,C1,C2,C3,C4,C5,C6,C7,C8,C9,C10,C11,C12,C13,C14,C15,D1,D2,D3,D4,D5,D6,D7,D8,D9,D10,D11,D12,D13,D14,D15,E1,E2,E3,E4,E5,E6,E7,E8,E9,E10,E11,E12,E13,E14,E15
A1,0.0,0.3892900347709656,0.6053377389907837,0.9538289308547974,1.228087067604065,1.5106496810913086,1.8329575061798096,1.7739276885986328,1.5068469047546387,1.3157192468643188,0.9718429446220398,0.8199300765991211,0.5904281735420227,0.5548930168151855,0.6417311429977417,2.0676093101501465,1.881103754043579,2.1196587085723877,2.127962350845337,2.399075984954834,2.623365879058838,2.6506590843200684,2.3126425743103027,2.066981792449951,1.7280648946762085,1.6472558975219727,1.6893513202667236,1.5767134428024292,1.8391294479370117,1.845165729522705,0.3187722861766815,0.6261879801750183,0.9406858086585999,1.2600376605987549,1.5770862102508545,1.8414949178695679,2.135622024536133,1.9548035860061646,1.8648967742919922,1.6065033674240112,1.230690360069275,1.0551209449768066,0.7558099031448364,0.7065322399139404,0.6373418569564819,2.390686511993408,2.0378825664520264,2.0912575721740723,1.8610403537750244,2.008084535598755,2.0111825466156006,1.850597858428955,1.6373724937438965,1.2622677087783813,1.4016903638839722,1.517716646194458,1.8289234638214111,1.9362372159957886,2.3020925521850586,2.4899792671203613,1.9673433303833008,1.5903189182281494,1.564928650856018,1.2476060390472412,1.3562904596328735,1.1885732412338257,1.128839373588562,0.9877879619598389,1.1830922365188599,1.2756887674331665,1.2404104471206665,1.6096066236495972,1.749434232711792,2.084256410598755,2.3385798931121826
A2,0.3892900347709656,0.0,0.38374754786491394,0.640426754951477,0.9670217037200928,1.238716721534729,1.5244735479354858,1.425383448600769,1.16287362575531,0.9665582776069641,0.6030129790306091,0.5582177042961121,0.43632444739341736,0.6134411096572876,0.8373333215713501,1.6998403072357178,1.5041499137878418,1.7350983619689941,1.7591599225997925,2.035912036895752,2.279155969619751,2.3337419033050537,2.0094687938690186,1.7396297454833984,1.3840080499649048,1.2769718170166016,1.301991581916809,1.192115306854248,1.4651762247085571,1.5041168928146362,0.49085646867752075,0.5547704696655273,0.9384702444076538,1.189221739768982,1.538313627243042,1.7942475080490112,2.0373191833496094,1.8200151920318604,1.6586360931396484,1.405192494392395,1.0250110626220703,0.9080886840820312,0.564398467540741,0.6918014287948608,0.652750551700592,2.050703287124634,1.694459319114685,1.7642691135406494,1.5422300100326538,1.7270201444625854,1.7365566492080688,1.6374938488006592,1.4317009449005127,1.043281078338623,1.1697696447372437,1.2168877124786377,1.5485693216323853,1.6379956007003784,2.012904644012451,2.200998306274414,1.801023244857788,1.4142208099365234,1.432124376296997,1.1479082107543945,1.3176765441894531,1.2619962692260742,1.21442711353302,0.9655007719993591,1.0365160703659058,1.0268195867538452,0.9889160394668579,1.3610880374908447,1.4902104139328003,1.848620891571045,2.094207525253296
A3,0.6053377389907837,0.38374754786491394,0.0,0.3809192180633545,0.6265179514884949,0.9387774467468262,1.240291953086853,1.198114275932312,0.9520073533058167,0.8658394813537598,0.6105502843856812,0.558970034122467,0.6630772352218628,0.7322274446487427,1.0520968437194824,1.6869087219238281,1.5445162057876587,1.7560261487960815,1.833026647567749,2.088606834411621,2.380014419555664,2.446833372116089,2.128485679626465,1.8102331161499023,1.431699514389038,1.3499326705932617,1.2710399627685547,1.160982370376587,1.35138738155365,1.3724578619003296,0.8221207857131958,0.9377837181091309,1.31992769241333,1.5637274980545044,1.9154473543167114,2.166315793991089,2.395897626876831,2.166118860244751,1.9694949388504028,1.717191457748413,1.350582480430603,1.235569953918457,0.8644489049911499,0.9476193189620972,0.7516844272613525,2.2034270763397217,1.8464969396591187,1.917012095451355,1.67181396484375,1.8535778522491455,1.7947818040847778,1.710680365562439,1.583378553390503,1.2307623624801636,1.4146777391433716,1.4301084280014038,1.7872459888458252,1.865394949913025,2.2425687313079834,2.4232475757598877,2.106701612472534,1.7154114246368408,1.707740306854248,1.4064104557037354,1.5245985984802246,1.4721206426620483,1.3252590894699097,1.0319721698760986,1.1064273118972778,1.1218986511230469,1.1958433389663696,1.5570911169052124,1.7250040769577026,2.0840837955474854,2.342503786087036
A4,0.9538289308547974,0.640426754951477,0.3809192180633545,0.0,0.36226141452789307,0.6192074418067932,0.8869261145591736,0.8359724879264832,0.65296471118927,0.6808555722236633,0.5265194773674011,0.675038754940033,0.8938968181610107,1.050315260887146,1.3872137069702148,1.365011215209961,1.2628785371780396,1.4697587490081787,1.605096459388733,1.8631210327148438,2.186213970184326,2.298799753189087,2.013788938522339,1.666472315788269,1.278355598449707,1.1539734601974487,0.987572431564331,0.848734974861145,0.9866273403167725,1.0159987211227417,1.1089026927947998,1.1320027112960815,1.5007847547531128,1.6935206651687622,2.0428085327148438,2.290027379989624,2.4664831161499023,2.203266143798828,1.953108549118042,1.7071045637130737,1.3802425861358643,1.3014706373214722,0.9503915309906006,1.1015138626098633,0.9251130819320679,2.004646062850952,1.6502083539962769,1.7128500938415527,1.4639928340911865,1.658421516418457,1.5711334943771362,1.5509239435195923,1.475395679473877,1.1665140390396118,1.3556686639785767,1.3110524415969849,1.6769100427627563,1.7496514320373535,2.116529703140259,2.3038012981414795,2.151395559310913,1.775539517402649,1.8139780759811401,1.562959909439087,1.7182109355926514,1.7387365102767944,1.6060973405838013,1.268785834312439,1.2390705347061157,1.1532914638519287,1.2335249185562134,1.5570306777954102,1.6965076923370361,2.0628573894500732,2.2941830158233643
A5,1.228087067604065,0.9670217037200928,0.6265179514884949,0.36226141452789307,0.0,0.39159321784973145,0.6469014286994934,0.7049950361251831,0.6021140813827515,0.8013654351234436,0.8066204786300659,0.9060242772102356,1.1854208707809448,1.2763360738754272,1.639001488685608,1.4793353080749512,1.4384422302246094,1.603358268737793,1.7771577835083008,1.9981199502944946,2.3516392707824707,2.468287467956543,2.1971447467803955,1.82511305809021,1.4468231201171875,1.3626588582992554,1.1177127361297607,1.0077446699142456,1.017937421798706,1.0273785591125488,1.427276372909546,1.4852701425552368,1.8584634065628052,2.05364727973938,2.4044253826141357,2.645883560180664,2.8185086250305176,2.5542330741882324,2.288907289505005,2.0510809421539307,1.7349088191986084,1.6574124097824097,1.3039710521697998,1.4201695919036865,1.1829800605773926,2.2288241386413574,1.8922951221466064,1.956466555595398,1.70676589012146,1.8888623714447021,1.7496976852416992,1.746308445930481,1.7362943887710571,1.4703497886657715,1.6804426908493042,1.6200942993164062,1.9821701049804688,2.040353536605835,2.396930456161499,2.5699639320373535,2.4683282375335693,2.094606637954712,2.1087300777435303,1.8477758169174194,1.9623957872390747,1.9803862571716309,1.7899502515792847,1.4466257095336914,1.422224521636963,1.3658479452133179,1.5151890516281128,1.8159427642822266,1.981532096862793,2.334914207458496,2.5737409591674805
A6,1.5106496810913086,1.238716721534729,0.9387774467468262,0.6192074418067932,0.39159321784973145,0.0,0.40336668491363525,0.6287397742271423,0.7527022361755371,1.041458010673523,1.0664594173431396,1.250083327293396,1.5102019309997559,1.6364744901657104,1.98370361328125,1.3146896362304688,1.3786661624908447,1.5697765350341797,1.8186677694320679,2.0534751415252686,2.4193332195281982,2.5914883613586426,2.361560344696045,1.9870879650115967,1.6205108165740967,1.4711617231369019,1.1654492616653442,0.9773325324058533,0.8625041246414185,0.7634593844413757,1.671018123626709,1.713660717010498,2.0589728355407715,2.2462971210479736,2.5785398483276367,2.8399744033813477,2.974952459335327,2.676486015319824,2.3974993228912354,2.1440398693084717,1.8745907545089722,1.7767385244369507,1.4467138051986694,1.547242522239685,1.3080021142959595,2.233001470565796,1.8973323106765747,1.9035173654556274,1.6277199983596802,1.7635152339935303,1.5614073276519775,1.5805528163909912,1.6522924900054932,1.4676496982574463,1.7073348760604858,1.6538653373718262,2.014599084854126,2.107769727706909,2.440704584121704,2.643612861633301,2.672665596008301,2.317869186401367,2.382727861404419,2.1557044982910156,2.3051652908325195,2.338939905166626,2.17014479637146,1.8245793581008911,1.7753654718399048,1.6676244735717773,1.777242660522461,2.055661678314209,2.1709694862365723,2.52950382232666,2.7264280319213867
A7,1.8329575061798096,1.5244735479354858,1.240291953086853,0.8869261145591736,0.6469014286994934,0.40336668491363525,0.0,0.38015902042388916,0.676461398601532,1.0495628118515015,1.2024186849594116,1.4158878326416016,1.7262511253356934,1.877353310585022,2.242757797241211,1.2350568771362305,1.3242738246917725,1.4289125204086304,1.7022675275802612,1.8866149187088013,2.270846128463745,2.456766366958618,2.2642600536346436,1.881879448890686,1.5526113510131836,1.4327791929244995,1.0728979110717773,0.9635211825370789,0.7336047291755676,0.7340250015258789,1.9855561256408691,1.973692536354065,2.316710948944092,2.4547412395477295,2.786964178085327,3.01701283454895,3.119260787963867,2.8236820697784424,2.506096601486206,2.2937026023864746,2.053565263748169,2.017787218093872,1.7199745178222656,1.8768479824066162,1.6773713827133179,2.164167642593384,1.8743032217025757,1.9144070148468018,1.6916165351867676,1.8596364259719849,1.6711885929107666,1.7765332460403442,1.8638123273849487,1.7055377960205078,1.8968489170074463,1.7698174715042114,2.09535813331604,2.139333963394165,2.445580244064331,2.61447811126709,2.7527732849121094,2.419767379760742,2.48468017578125,2.290816068649292,2.437533378601074,2.524597644805908,2.3558812141418457,1.9899191856384277,1.875992774963379,1.7270201444625854,1.8667312860488892,2.08982515335083,2.2061240673065186,2.5390334129333496,2.7254326343536377
A8,1.7739276885986328,1.425383448600769,1.198114275932312,0.8359724879264832,0.7049950361251831,0.6287397742271423,0.38015902042388916,0.0,0.3958919644355774,0.7576569318771362,0.9791533946990967,1.227260947227478,1.5527540445327759,1.7484596967697144,2.111252546310425,1.0661009550094604,1.0667157173156738,1.1103726625442505,1.3511216640472412,1.518903374671936,1.9043784141540527,2.079045295715332,1.8882125616073608,1.5058313608169556,1.1882225275039673,1.0904333591461182,0.7252631783485413,0.7143445014953613,0.5412159562110901,0.7373846173286438,1.9012690782546997,1.8239502906799316,2.1599762439727783,2.2489683628082275,2.5817620754241943,2.7769761085510254,2.863811492919922,2.585522174835205,2.247011423110962,2.075099468231201,1.8439239263534546,1.8742409944534302,1.6096223592758179,1.8345634937286377,1.7010124921798706,1.855211853981018,1.5878199338912964,1.6888775825500488,1.5232902765274048,1.7545146942138672,1.6411851644515991,1.7936457395553589,1.8179329633712769,1.6265630722045898,1.7519925832748413,1.561145544052124,1.857858657836914,1.8496474027633667,2.1515393257141113,2.28739595413208,2.443425178527832,2.1252245903015137,2.1895339488983154,2.0273568630218506,2.1854419708251953,2.3203957080841064,2.184098720550537,1.8076202869415283,1.6330640316009521,1.4357683658599854,1.5750600099563599,1.7605904340744019,1.8778331279754639,2.1945395469665527,2.383101463317871
A9,1.5068469047546387,1.16287362575531,0.9520073533058167,0.65296471118927,0.6021140813827515,0.7527022361755371,0.676461398601532,0.3958919644355774,0.0,0.392287939786911,0.6679782271385193,0.864165723323822,1.2139220237731934,1.3987501859664917,1.7660752534866333,1.2456668615341187,1.121959924697876,1.1530624628067017,1.2892018556594849,1.4505970478057861,1.818263053894043,1.9274492263793945,1.6808998584747314,1.2939746379852295,0.944636881351471,0.9273470044136047,0.6495063304901123,0.7375038266181946,0.7663974165916443,0.997858464717865,1.649883508682251,1.5679986476898193,1.9223238229751587,2.010450839996338,2.3594789505004883,2.533535957336426,2.656245231628418,2.411872386932373,2.08777117729187,1.9316332340240479,1.6554867029190063,1.711289405822754,1.435375690460205,1.6807968616485596,1.565203070640564,1.8280214071273804,1.5534688234329224,1.713152289390564,1.5680298805236816,1.8379076719284058,1.7818468809127808,1.8969179391860962,1.8456145524978638,1.5795485973358154,1.6761342287063599,1.4816012382507324,1.7805185317993164,1.7380106449127197,2.068783760070801,2.176079273223877,2.1869325637817383,1.8479734659194946,1.8639891147613525,1.6743289232254028,1.8065683841705322,1.9410611391067505,1.798613429069519,1.420728087425232,1.240936040878296,1.0680460929870605,1.2516050338745117,1.458945870399475,1.631564974784851,1.947800636291504,2.1834444999694824
A10,1.3157192468643188,0.9665582776069641,0.8658394813537598,0.6808555722236633,0.8013654351234436,1.041458010673523,1.0495628118515015,0.7576569318771362,0.392287939786911,0.0,0.3893407881259918,0.574027955532074,0.9082905650138855,1.1353172063827515,1.478270411491394,1.33085298538208,1.0972809791564941,1.1206361055374146,1.1454097032546997,1.3148082494735718,1.6408898830413818,1.699537992477417,1.4079688787460327,1.0393010377883911,0.6652122735977173,0.7068287134170532,0.5974593162536621,0.7619156241416931,0.9560083150863647,1.2143902778625488,1.428431749343872,1.295156717300415,1.6398804187774658,1.6968697309494019,2.049135684967041,2.19413161277771,2.3327796459198,2.119920492172241,1.8072741031646729,1.6804301738739014,1.3849925994873047,1.491652250289917,1.248415231704712,1.535820484161377,1.4894986152648926,1.6718308925628662,1.4010413885116577,1.6121145486831665,1.5075664520263672,1.8115882873535156,1.8295679092407227,1.9304008483886719,1.8009430170059204,1.4847612380981445,1.520262598991394,1.3090174198150635,1.5833063125610352,1.5033400058746338,1.84878408908844,1.931293249130249,1.8275291919708252,1.4806450605392456,1.4746402502059937,1.2874791622161865,1.4305858612060547,1.592098593711853,1.493687629699707,1.1188150644302368,0.8938999772071838,0.681450605392456,0.866325318813324,1.0847654342651367,1.2871776819229126,1.6033493280410767,1.8678277730941772
A11,0.9718429446220398,0.6030129790306091,0.6105502843856812,0.5265194773674011,0.8066204786300659,1.0664594173431396,1.2024186849594116,0.9791533946990967,0.6679782271385193,0.3893407881259918,0.0,0.37460261583328247,0.6031370759010315,0.8879221081733704,1.1994776725769043,1.3434171676635742,1.0979788303375244,1.2329117059707642,1.2491241693496704,1.4898715019226074,1.7731497287750244,1.8385658264160156,1.5290275812149048,1.207733154296875,0.8280690312385559,0.7576135993003845,0.7495726943016052,0.7672976851463318,1.050129771232605,1.2265514135360718,1.0504916906356812,0.9154702425003052,1.2700461149215698,1.3676629066467285,1.726630449295044,1.9105690717697144,2.078328847885132,1.8543410301208496,1.5815433263778687,1.4064745903015137,1.0721629858016968,1.1333600282669067,0.871921718120575,1.1590112447738647,1.1470727920532227,1.664445161819458,1.3431955575942993,1.504906415939331,1.3560999631881714,1.6337904930114746,1.6675578355789185,1.707261562347412,1.5332133769989014,1.1788251399993896,1.2254929542541504,1.082313895225525,1.390419602394104,1.3746305704116821,1.7463172674179077,1.8799269199371338,1.6661500930786133,1.291969895362854,1.3178821802139282,1.1019117832183838,1.2927772998809814,1.400596022605896,1.3459370136260986,0.9949283003807068,0.8474231958389282,0.6639243960380554,0.7168954610824585,1.0309826135635376,1.1931182146072388,1.5495197772979736,1.804939866065979
A12,0.8199300765991211,0.5582177042961121,0.558970034122467,0.675038754940033,0.9060242772102356,1.250083327293396,1.4158878326416016,1.227260947227478,0.864165723323822,0.574027955532074,0.37460261583328247,0.0,0.38054874539375305,0.5621392130851746,0.9107270240783691,1.7170727252960205,1.4671728610992432,1.5741053819656372,1.5433229207992554,1.7411725521087646,2.002755880355835,2.0015459060668945,1.6573655605316162,1.359043836593628,1.0128412246704102,1.0550875663757324,1.0826880931854248,1.1380813121795654,1.3968689441680908,1.5593873262405396,0.9686661958694458,0.9114326238632202,1.2844027280807495,1.4164223670959473,1.7821425199508667,1.9449104070663452,2.169999122619629,1.9960740804672241,1.7685596942901611,1.608811616897583,1.2403918504714966,1.284796953201294,1.0082073211669922,1.2329264879226685,1.189526915550232,1.968287706375122,1.6664117574691772,1.8464322090148926,1.7041059732437134,1.970676064491272,2.0035626888275146,2.000345230102539,1.8102362155914307,1.4300568103790283,1.482940673828125,1.3826611042022705,1.672965407371521,1.638906478881836,2.0096468925476074,2.11018443107605,1.726019024848938,1.3357818126678467,1.2588157653808594,0.9582234621047974,1.058332085609436,1.1102997064590454,0.9951483011245728,0.6373295783996582,0.5737221240997314,0.5743300914764404,0.7332577705383301,1.0732821226119995,1.3159881830215454,1.6397686004638672,1.9441105127334595
A13,0.5904281735420227,0.43632444739341736,0.6630772352218628,0.8938968181610107,1.1854208707809448,1.5102019309997559,1.7262511253356934,1.5527540445327759,1.2139220237731934,0.9082905650138855,0.6031370759010315,0.38054874539375305,0.0,0.3692624866962433,0.6027413606643677,1.8764528036117554,1.6076077222824097,1.7561800479888916,1.6903945207595825,1.9144470691680908,2.1244661808013916,2.108248472213745,1.756138801574707,1.5193209648132324,1.2066271305084229,1.210004210472107,1.319912075996399,1.3312194347381592,1.6369032859802246,1.7649853229522705,0.6692734956741333,0.6037185192108154,0.9595441818237305,1.1206449270248413,1.480109691619873,1.6529409885406494,1.9189997911453247,1.7693058252334595,1.6050134897232056,1.4355889558792114,1.049947738647461,1.070840835571289,0.8363469243049622,1.0332609415054321,1.0692427158355713,2.018282890319824,1.7103126049041748,1.8667248487472534,1.7249573469161987,1.9670383930206299,2.036802291870117,1.9865360260009766,1.7434287071228027,1.344300627708435,1.3691595792770386,1.3342809677124023,1.6018973588943481,1.59768545627594,1.9652245044708252,2.081882953643799,1.554486870765686,1.1601117849349976,1.0829745531082153,0.7549239993095398,0.888221025466919,0.8704240918159485,0.8496403694152832,0.5915026664733887,0.6398485898971558,0.6908080577850342,0.6896992921829224,1.056490421295166,1.2605679035186768,1.5797425508499146,1.8758647441864014
A14,0.5548930168151855,0.6134411096572876,0.7322274446487427,1.050315260887146,1.2763360738754272,1.6364744901657104,1.877353310585022,1.7484596967697144,1.3987501859664917,1.1353172063827515,0.8879221081733704,0.5621392130851746,0.3692624866962433,0.0,0.3885861337184906,2.1971137523651123,1.9492318630218506,2.0917131900787354,2.031458854675293,2.233250141143799,2.4489293098449707,2.4033989906311035,2.0397469997406006,1.8033040761947632,1.5005825757980347,1.5482712984085083,1.6254702806472778,1.6391761302947998,1.910678505897522,2.016622304916382,0.7462096810340881,0.8428675532341003,1.169852375984192,1.3774794340133667,1.7167751789093018,1.8822498321533203,2.187084674835205,2.0685031414031982,1.9405642747879028,1.7691097259521484,1.3819445371627808,1.3556410074234009,1.0992538928985596,1.1951671838760376,1.1554205417633057,2.383409261703491,2.07796573638916,2.229865312576294,2.070382595062256,2.293800115585327,2.3337807655334473,2.248243808746338,2.023130416870117,1.626212239265442,1.6896406412124634,1.6899410486221313,1.9632771015167236,1.9633406400680542,2.327951192855835,2.432901382446289,1.8317145109176636,1.4477872848510742,1.2995737791061401,0.9263390898704529,0.9217674136161804,0.769596517086029,0.618924617767334,0.43614521622657776,0.6970996260643005,0.9141077399253845,0.9995104074478149,1.3412758111953735,1.5835846662521362,1.872714638710022,2.1898155212402344
A15,0.6417311429977417,0.8373333215713501,1.0520968437194824,1.3872137069702148,1.639001488685608,1.98370361328125,2.242757797241211,2.111252546310425,1.7660752534866333,1.478270411491394,1.1994776725769043,0.9107270240783691,0.6027413606643677,0.3885861337184906,0.0,2.4567959308624268,2.1921162605285645,2.347949981689453,2.2538492679595947,2.4605512619018555,2.6309046745300293,2.5617575645446777,2.19701886177063,2.0159082412719727,1.7500077486038208,1.789413571357727,1.9214363098144531,1.9246853590011597,2.224696397781372,2.3190829753875732,0.7217831611633301,0.8364152908325195,1.0559862852096558,1.2693368196487427,1.5641875267028809,1.711666226387024,2.0573136806488037,1.987758994102478,1.9324980974197388,1.77609121799469,1.408398985862732,1.3716039657592773,1.1914783716201782,1.2366422414779663,1.2695735692977905,2.5355851650238037,2.2416279315948486,2.3830087184906006,2.2379379272460938,2.442056179046631,2.514836072921753,2.3982131481170654,2.134995222091675,1.7416772842407227,1.771903395652771,1.8166133165359497,2.0502984523773193,2.0607688426971436,2.4063682556152344,2.508193254470825,1.778793454170227,1.425660490989685,1.257554531097412,0.8984726071357727,0.8666386008262634,0.59002286195755,0.5751762390136719,0.6281139254570007,0.9139551520347595,1.1401515007019043,1.1385846138000488,1.4486628770828247,1.6591103076934814,1.9137042760849,2.219984769821167
B1,2.0676093101501465,1.6998403072357178,1.6869087219238281,1.365011215209961,1.4793353080749512,1.3146896362304688,1.2350568771362305,1.0661009550094604,1.2456668615341187,1.33085298538208,1.3434171676635742,1.7170727252960205,1.8764528036117554,2.1971137523651123,2.4567959308624268,0.0,0.3928285539150238,0.6494027972221375,1.0035045146942139,1.300823450088501,1.5789488554000854,1.9015675783157349,1.8259685039520264,1.5676383972167969,1.3490655422210693,1.003661036491394,0.8141348361968994,0.5850477814674377,0.5272902846336365,0.6133423447608948,2.027827262878418,1.822983980178833,2.005133867263794,1.9936025142669678,2.2246508598327637,2.4276950359344482,2.382502794265747,2.043105363845825,1.6968717575073242,1.5387637615203857,1.5080931186676025,1.5703872442245483,1.5028678178787231,1.7660071849822998,1.8135972023010254,1.145565152168274,0.8831589818000793,0.7920588850975037,0.6645509600639343,0.8620153665542603,0.8446177244186401,1.1747993230819702,1.205202341079712,1.2063038349151611,1.2159757614135742,0.9897356033325195,1.1663273572921753,1.2527875900268555,1.4464037418365479,1.6874971389770508,2.167304515838623,1.9575891494750977,2.19946551322937,2.184032678604126,2.474369764328003,2.653604030609131,2.6719634532928467,2.3292529582977295,2.112938165664673,1.790944218635559,1.6929516792297363,1.794232964515686,1.6866594552993774,1.9869139194488525,2.0040507316589355
B2,1.881103754043579,1.5041499137878418,1.5445162057876587,1.2628785371780396,1.4384422302246094,1.3786661624908447,1.3242738246917725,1.0667157173156738,1.121959924697876,1.0972809791564941,1.0979788303375244,1.4671728610992432,1.6076077222824097,1.9492318630218506,2.1921162605285645,0.3928285539150238,0.0,0.3976346254348755,0.6692716479301453,1.008989930152893,1.278160810470581,1.5691834688186646,1.4627764225006104,1.2150025367736816,1.0019396543502808,0.6356353759765625,0.5552040934562683,0.43121445178985596,0.6097548604011536,0.8338524103164673,1.826675534248352,1.5734784603118896,1.751539707183838,1.6993954181671143,1.9416683912277222,2.1109771728515625,2.074744701385498,1.7605738639831543,1.3924479484558105,1.273256540298462,1.2251451015472412,1.362592101097107,1.3208292722702026,1.6397366523742676,1.7341276407241821,0.8774626851081848,0.5739068388938904,0.6366855502128601,0.6050514578819275,0.9311754703521729,1.0363308191299438,1.3184545040130615,1.231642484664917,1.1313831806182861,1.0606805086135864,0.7476707696914673,0.909749448299408,0.921671986579895,1.159846305847168,1.3717318773269653,1.7929290533065796,1.583183765411377,1.8212933540344238,1.828439712524414,2.1252596378326416,2.330566883087158,2.377363443374634,2.0447463989257812,1.8015660047531128,1.4572597742080688,1.3334730863571167,1.4087319374084473,1.2964074611663818,1.5978360176086426,1.6352531909942627
B3,2.1196587085723877,1.7350983619689941,1.7560261487960815,1.4697587490081787,1.603358268737793,1.5697765350341797,1.4289125204086304,1.1103726625442505,1.1530624628067017,1.1206361055374146,1.2329117059707642,1.5741053819656372,1.7561800479888916,2.0917131900787354,2.347949981689453,0.6494027972221375,0.3976346254348755,0.0,0.38764700293540955,0.6530378460884094,0.9602750539779663,1.2672423124313354,1.2108798027038574,0.9710308313369751,0.853736400604248,0.5896955132484436,0.5323063135147095,0.6612264513969421,0.7623990178108215,1.083564281463623,2.0862507820129395,1.8131009340286255,1.9991950988769531,1.902652382850647,2.144178628921509,2.2533562183380127,2.1973586082458496,1.92621648311615,1.5339126586914062,1.5006834268569946,1.461729645729065,1.6648366451263428,1.6269651651382446,1.9691401720046997,2.057610034942627,0.7805134057998657,0.6388990879058838,0.8552635908126831,0.9583841562271118,1.2878304719924927,1.4089200496673584,1.7109237909317017,1.6234570741653442,1.5072834491729736,1.4026159048080444,1.0476891994476318,1.1234062910079956,0.9992038011550903,1.1801191568374634,1.2839832305908203,1.8000216484069824,1.6261543035507202,1.830814003944397,1.873478889465332,2.1452174186706543,2.4008469581604004,2.4441051483154297,2.1062779426574707,1.8102003335952759,1.4435162544250488,1.3669989109039307,1.3541868925094604,1.262930989265442,1.5016618967056274,1.539536476135254
B4,2.127962350845337,1.7591599225997925,1.833026647567749,1.605096459388733,1.7771577835083008,1.8186677694320679,1.7022675275802612,1.3511216640472412,1.2892018556594849,1.1454097032546997,1.2491241693496704,1.5433229207992554,1.6903945207595825,2.031458854675293,2.2538492679595947,1.0035045146942139,0.6692716479301453,0.38764700293540955,0.0,0.37053990364074707,0.6316220760345459,0.9036766886711121,0.839670717716217,0.6614425778388977,0.6610471606254578,0.49433499574661255,0.6661868095397949,0.8966773152351379,1.090193748474121,1.4227086305618286,2.0763814449310303,1.762565016746521,1.9197567701339722,1.7655596733093262,1.9932689666748047,2.041933298110962,1.9776135683059692,1.7570170164108276,1.3606230020523071,1.4090367555618286,1.3818228244781494,1.6580750942230225,1.663841724395752,2.0322654247283936,2.163806438446045,0.6272628307342529,0.5893731117248535,0.9417553544044495,1.1290738582611084,1.4847856760025024,1.6734604835510254,1.9482980966567993,1.7932418584823608,1.6305270195007324,1.459821105003357,1.0772826671600342,1.073856234550476,0.8287513256072998,0.9929134845733643,1.0015647411346436,1.4958114624023438,1.3613989353179932,1.5551587343215942,1.6535065174102783,1.9232382774353027,2.2182695865631104,2.3021061420440674,1.9909298419952393,1.6626020669937134,1.2788879871368408,1.1737474203109741,1.0703003406524658,0.9594292640686035,1.1468448638916016,1.1901706457138062
B5,2.399075984954834,2.035912036895752,2.088606834411621,1.8631210327148438,1.9981199502944946,2.0534751415252686,1.8866149187088013,1.518903374671936,1.4505970478057861,1.3148082494735718,1.4898715019226074,1.7411725521087646,1.9144470691680908,2.233250141143799,2.4605512619018555,1.300823450088501,1.008989930152893,0.6530378460884094,0.37053990364074707,0.0,0.3930124044418335,0.6485763788223267,0.6813620328903198,0.5702048540115356,0.7493504285812378,0.7659279108047485,0.9052531123161316,1.201520562171936,1.3410241603851318,1.700034499168396,2.3672492504119873,2.054339647293091,2.2163894176483154,2.0416250228881836,2.262253522872925,2.262389898300171,2.1879658699035645,2.0135841369628906,1.6249215602874756,1.724789023399353,1.6992573738098145,1.9964118003845215,1.9961585998535156,2.368027448654175,2.4876697063446045,0.8240243792533875,0.9201236963272095,1.2761327028274536,1.4903877973556519,1.839604377746582,2.0228936672210693,2.3100244998931885,2.1633477210998535,1.996487021446228,1.8227980136871338,1.4394508600234985,1.4060308933258057,1.1134995222091675,1.2076051235198975,1.0998079776763916,1.623398780822754,1.5327274799346924,1.673168659210205,1.7964919805526733,2.0244216918945312,2.353318214416504,2.428954601287842,2.125603199005127,1.767302393913269,1.3956971168518066,1.3496805429458618,1.170333743095398,1.1049805879592896,1.1903568506240845,1.236761450767517
B6,2.623365879058838,2.279155969619751,2.380014419555664,2.186213970184326,2.3516392707824707,2.4193332195281982,2.270846128463745,1.9043784141540527,1.818263053894043,1.6408898830413818,1.7731497287750244,2.002755880355835,2.1244661808013916,2.4489293098449707,2.6309046745300293,1.5789488554000854,1.278160810470581,0.9602750539779663,0.6316220760345459,0.3930124044418335,0.0,0.3993247449398041,0.6134496927261353,0.7358517050743103,1.014804482460022,1.04204523563385,1.2570663690567017,1.5259959697723389,1.695107102394104,2.0369873046875,2.5571930408477783,2.2128264904022217,2.317434549331665,2.085422992706299,2.254732131958008,2.1965110301971436,2.0724258422851562,1.9448628425598145,1.5781821012496948,1.756675124168396,1.795246958732605,2.1302506923675537,2.191837787628174,2.5685555934906006,2.733851671218872,0.7799584865570068,1.0127434730529785,1.3743892908096313,1.65809965133667,1.9951428174972534,2.2319416999816895,2.521052122116089,2.342336893081665,2.189835548400879,1.9628677368164062,1.5816391706466675,1.454298496246338,1.1128028631210327,1.0976684093475342,0.878796398639679,1.5107330083847046,1.518338918685913,1.6774932146072388,1.8776299953460693,2.1117641925811768,2.463322162628174,2.591106414794922,2.32430362701416,1.9609434604644775,1.5938003063201904,1.492877721786499,1.2360600233078003,1.0992332696914673,1.0653339624404907,1.0219635963439941
B7,2.6506590843200684,2.3337419033050537,2.446833372116089,2.298799753189087,2.468287467956543,2.5914883613586426,2.456766366958618,2.079045295715332,1.9274492263793945,1.699537992477417,1.8385658264160156,2.0015459060668945,2.108248472213745,2.4033989906311035,2.5617575645446777,1.9015675783157349,1.5691834688186646,1.2672423124313354,0.9036766886711121,0.6485763788223267,0.3993247449398041,0.0,0.37496069073677063,0.6710641384124756,1.0383063554763794,1.187442421913147,1.4428670406341553,1.750454068183899,1.9495915174484253,2.30533504486084,2.5948235988616943,2.2518582344055176,2.3546266555786133,2.107877254486084,2.277127265930176,2.1672935485839844,2.0740439891815186,2.0126683712005615,1.6774519681930542,1.8888102769851685,1.8926690816879272,2.248255729675293,2.3051726818084717,2.6824910640716553,2.850269317626953,1.102013349533081,1.29823899269104,1.6816279888153076,1.9475094079971313,2.2965524196624756,2.538893222808838,2.797607898712158,2.588507890701294,2.3895819187164307,2.15625262260437,1.787626028060913,1.6675671339035034,1.2987922430038452,1.3057688474655151,1.0193147659301758,1.4117176532745361,1.445345401763916,1.526777982711792,1.7492173910140991,1.935974359512329,2.3103623390197754,2.449575901031494,2.2175493240356445,1.845418930053711,1.5132224559783936,1.4424430131912231,1.1241074800491333,1.0532474517822266,0.9169510006904602,0.9447736740112305
B8,2.3126425743103027,2.0094687938690186,2.128485679626465,2.013788938522339,2.1971447467803955,2.361560344696045,2.2642600536346436,1.8882125616073608,1.6808998584747314,1.4079688787460327,1.5290275812149048,1.6573655605316162,1.756138801574707,2.0397469997406006,2.19701886177063,1.8259685039520264,1.4627764225006104,1.2108798027038574,0.839670717716217,0.6813620328903198,0.6134496927261353,0.37496069073677063,0.0,0.3908126652240753,0.7506617307662964,0.963266909122467,1.25222909450531,1.568389892578125,1.807444453239441,2.159980058670044,2.269831418991089,1.9393996000289917,2.066002607345581,1.843505620956421,2.047960042953491,1.9552866220474243,1.924738883972168,1.8621193170547485,1.5315923690795898,1.7092772722244263,1.6493330001831055,1.9982744455337524,2.027705430984497,2.400573968887329,2.5578982830047607,1.1510802507400513,1.2368360757827759,1.6307568550109863,1.8427610397338867,2.2035341262817383,2.4311935901641846,2.6509079933166504,2.423845052719116,2.179685592651367,1.9647367000579834,1.612892985343933,1.5484390258789062,1.1922353506088257,1.2987455129623413,1.0708410739898682,1.206775188446045,1.1658754348754883,1.2020384073257446,1.3924014568328857,1.5710066556930542,1.9432220458984375,2.0749189853668213,1.8444690704345703,1.4736602306365967,1.1479815244674683,1.0916893482208252,0.7714807391166687,0.7809206247329712,0.7024156451225281,0.8747225999832153
B9,2.066981792449951,1.7396297454833984,1.8102331161499023,1.666472315788269,1.82511305809021,1.9870879650115967,1.881879448890686,1.5058313608169556,1.2939746379852295,1.0393010377883911,1.207733154296875,1.359043836593628,1.5193209648132324,1.8033040761947632,2.0159082412719727,1.5676383972167969,1.2150025367736816,0.9710308313369751,0.6614425778388977,0.5702048540115356,0.7358517050743103,0.6710641384124756,0.3908126652240753,0.0,0.38816699385643005,0.6663087010383606,0.9042685031890869,1.2470914125442505,1.4705947637557983,1.830631971359253,2.0603973865509033,1.761812448501587,1.9518767595291138,1.7927592992782593,2.050581216812134,2.0275583267211914,2.0402703285217285,1.9196041822433472,1.5649313926696777,1.65998375415802,1.5366908311843872,1.8449158668518066,1.809836983680725,2.17895770072937,2.2903711795806885,1.1564359664916992,1.1382912397384644,1.518552541732788,1.6653192043304443,2.0321974754333496,2.2107138633728027,2.4234941005706787,2.2257421016693115,1.9671247005462646,1.804944396018982,1.4544769525527954,1.4796292781829834,1.1746143102645874,1.3694939613342285,1.2430223226547241,1.3562153577804565,1.2009526491165161,1.2293016910552979,1.3173210620880127,1.4966949224472046,1.840114712715149,1.9104065895080566,1.629172444343567,1.255357265472412,0.9058600664138794,0.9214438796043396,0.7114503383636475,0.8100128173828125,0.9063863158226013,1.1242010593414307
B10,1.7280648946762085,1.3840080499649048,1.431699514389038,1.278355598449707,1.4468231201171875,1.6205108165740967,1.5526113510131836,1.1882225275039673,0.944636881351471,0.6652122735977173,0.8280690312385559,1.0128412246704102,1.2066271305084229,1.5005825757980347,1.7500077486038208,1.3490655422210693,1.0019396543502808,0.853736400604248,0.6610471606254578,0.7493504285812378,1.014804482460022,1.0383063554763794,0.7506617307662964,0.38816699385643005,0.0,0.3900165855884552,0.5988598465919495,0.9290276169776917,1.1793216466903687,1.521562933921814,1.7426095008850098,1.4739570617675781,1.713460922241211,1.6190224885940552,1.9187055826187134,1.9642409086227417,2.0228779315948486,1.8549435138702393,1.5015156269073486,1.5101418495178223,1.321353554725647,1.5797311067581177,1.4888216257095337,1.8484684228897095,1.9284113645553589,1.2071548700332642,1.0600719451904297,1.3948779106140137,1.4562116861343384,1.816690444946289,1.9539376497268677,2.1349027156829834,1.9487437009811401,1.6665717363357544,1.554888129234314,1.2313398122787476,1.3509403467178345,1.1242332458496094,1.404505729675293,1.3831868171691895,1.4067254066467285,1.1545703411102295,1.1916908025741577,1.1817718744277954,1.3799721002578735,1.673014760017395,1.7034008502960205,1.3833706378936768,1.0343620777130127,0.6647210121154785,0.710162878036499,0.6718871593475342,0.8180115818977356,1.056456208229065,1.2990696430206299
B11,1.6472558975219727,1.2769718170166016,1.3499326705932617,1.1539734601974487,1.3626588582992554,1.4711617231369019,1.4327791929244995,1.0904333591461182,0.9273470044136047,0.7068287134170532,0.7576135993003845,1.0550875663757324,1.210004210472107,1.5482712984085083,1.789413571357727,1.003661036491394,0.6356353759765625,0.5896955132484436,0.49433499574661255,0.7659279108047485,1.04204523563385,1.187442421913147,0.963266909122467,0.6663087010383606,0.3900165855884552,0.0,0.38295885920524597,0.6201673746109009,0.9224555492401123,1.2368600368499756,1.6217507123947144,1.3368512392044067,1.5554662942886353,1.4704185724258423,1.7597906589508057,1.859075665473938,1.8878353834152222,1.6576144695281982,1.2864290475845337,1.24405038356781,1.0876352787017822,1.3249045610427856,1.257319450378418,1.6239534616470337,1.7275816202163696,0.9693200588226318,0.7340080738067627,1.0286357402801514,1.067273736000061,1.4275773763656616,1.5716185569763184,1.766064167022705,1.5858622789382935,1.336118221282959,1.220433235168457,0.8803480863571167,1.0262466669082642,0.8630945086479187,1.1722798347473145,1.24993097782135,1.4006463289260864,1.1465463638305664,1.2943180799484253,1.2942219972610474,1.5594357252120972,1.8118234872817993,1.8645431995391846,1.5392016172409058,1.2410080432891846,0.8689882159233093,0.7829388380050659,0.822476863861084,0.8229001760482788,1.131516456604004,1.294052004814148
B12,1.6893513202667236,1.301991581916809,1.2710399627685547,0.987572431564331,1.1177127361297607,1.1654492616653442,1.0728979110717773,0.7252631783485413,0.6495063304901123,0.5974593162536621,0.7495726943016052,1.0826880931854248,1.319912075996399,1.6254702806472778,1.9214363098144531,0.8141348361968994,0.5552040934562683,0.5323063135147095,0.6661868095397949,0.9052531123161316,1.2570663690567017,1.4428670406341553,1.25222909450531,0.9042685031890869,0.5988598465919495,0.38295885920524597,0.0,0.3786640465259552,0.5817089676856995,0.9309380650520325,1.7139086723327637,1.495113492012024,1.7624417543411255,1.7426397800445557,2.0478503704071045,2.189081907272339,2.227877140045166,1.9682639837265015,1.601306438446045,1.5016629695892334,1.3259257078170776,1.481247067451477,1.3374725580215454,1.6685236692428589,1.69435715675354,1.1810553073883057,0.9278281331062317,1.1349900960922241,1.0912702083587646,1.4208953380584717,1.474015474319458,1.682239055633545,1.5805253982543945,1.3603856563568115,1.3353973627090454,1.0341111421585083,1.250669240951538,1.1626412868499756,1.4585679769515991,1.5681098699569702,1.778212308883667,1.5051774978637695,1.6298184394836426,1.5695812702178955,1.801708698272705,2.017573595046997,2.0021986961364746,1.6445709466934204,1.376325011253357,1.0487216711044312,1.0608268976211548,1.1619007587432861,1.2032045125961304,1.5097707509994507,1.666690707206726
B13,1.5767134428024292,1.192115306854248,1.160982370376587,0.848734974861145,1.0077446699142456,0.9773325324058533,0.9635211825370789,0.7143445014953613,0.7375038266181946,0.7619156241416931,0.7672976851463318,1.1380813121795654,1.3312194347381592,1.6391761302947998,1.9246853590011597,0.5850477814674377,0.43121445178985596,0.6612264513969421,0.8966773152351379,1.201520562171936,1.5259959697723389,1.750454068183899,1.568389892578125,1.2470914125442505,0.9290276169776917,0.6201673746109009,0.3786640465259552,0.0,0.3786868751049042,0.6232514381408691,1.5826058387756348,1.3955390453338623,1.6542149782180786,1.682964563369751,1.979668378829956,2.1801536083221436,2.2207467555999756,1.9166780710220337,1.5734201669692993,1.3976941108703613,1.2279235124588013,1.2993731498718262,1.1389962434768677,1.4356660842895508,1.4501895904541016,1.2562408447265625,0.9275643229484558,1.0004249811172485,0.8409958481788635,1.125349998474121,1.1263234615325928,1.3171662092208862,1.2484216690063477,1.0607666969299316,1.0988608598709106,0.8621658682823181,1.1481964588165283,1.1797573566436768,1.487343192100525,1.6830658912658691,1.8967559337615967,1.6113483905792236,1.7809606790542603,1.698410153388977,1.9565856456756592,2.119840621948242,2.105912208557129,1.7547329664230347,1.5494292974472046,1.2540456056594849,1.2098805904388428,1.3784165382385254,1.3715736865997314,1.7141560316085815,1.8379348516464233
