,A1,A2,A3,A4,A5,A6,A7,A8,A9,A10,A11,A12,A13,A14,A15,B1,B2,B3,B4,B5,B6,B7,B8,B9,B10,B11,B12,B13,B14,B15,C1,C2,C3,C4,C5,C6,C7,C8,C9,C10,C11,C12,C13,C14,C15,D1,D2,D3,D4,D5,D6,D7,D8,D9,D10,D11,D12,D13,D14,D15,E1,E2,E3,E4,E5,E6,E7,E8,E9,E10,E11,E12,E13,E14,E15
A1,0.0,0.39398640394210815,0.6252515316009521,0.9553881287574768,1.277626633644104,1.608499526977539,1.8110949993133545,1.6411381959915161,1.4499949216842651,1.328137755393982,0.9979095458984375,0.9462087154388428,0.7614678144454956,0.867253303527832,1.0268666744232178,1.27507746219635,1.1916286945343018,1.4574719667434692,1.4674510955810547,1.825826644897461,1.9671480655670166,2.054222822189331,1.7757468223571777,1.588720679283142,1.2287789583206177,1.0399878025054932,0.7178916931152344,0.6424374580383301,0.5980659127235413,0.7452483177185059,1.1408113241195679,1.118990182876587,1.2777204513549805,1.4739655256271362,1.6973515748977661,2.050670623779297,2.090792655944824,1.7970558404922485,1.8479446172714233,1.8716195821762085,1.549849271774292,1.6434327363967896,1.4681808948516846,1.6971646547317505,1.6903643608093262,1.8812285661697388,1.7313400506973267,2.0124385356903076,1.9578503370285034,2.2874953746795654,2.338996410369873,2.4049715995788574,2.1736836433410645,2.0690674781799316,1.7727521657943726,1.5922390222549438,1.4617788791656494,1.3761736154556274,1.4795390367507935,1.448989748954773,1.9982366561889648,1.8638309240341187,2.0605061054229736,2.1503517627716064,2.309534788131714,2.6074209213256836,2.5059401988983154,2.1946122646331787,2.229853868484497,2.29103946685791,1.9753717184066772,2.1264238357543945,1.932601809501648,2.191242218017578,2.096407413482666
A2,0.39398640394210815,0.0,0.39158275723457336,0.6097593307495117,0.9728593826293945,1.281191349029541,1.4530527591705322,1.2614316940307617,1.100807547569275,0.9972857236862183,0.6549807786941528,0.7239339351654053,0.6445719003677368,0.900269091129303,1.1214792728424072,1.1330294609069824,0.9414188265800476,1.1577000617980957,1.1063013076782227,1.45695960521698,1.5935982465744019,1.6652535200119019,1.381954312324524,1.2065991163253784,0.8590750694274902,0.6679137349128723,0.41879305243492126,0.4932468831539154,0.6660237312316895,0.9077154397964478,1.0597175359725952,0.9077051877975464,1.0190632343292236,1.1392978429794312,1.3561913967132568,1.6914048194885254,1.7082339525222778,1.407250165939331,1.4567466974258423,1.4999762773513794,1.1999577283859253,1.3473176956176758,1.2431989908218384,1.5217887163162231,1.594014286994934,1.6724814176559448,1.467592716217041,1.7011992931365967,1.6059805154800415,1.9173662662506104,1.9505293369293213,2.0197408199310303,1.8028244972229004,1.7222611904144287,1.4526585340499878,1.2900210618972778,1.236528754234314,1.2158803939819336,1.408998966217041,1.4615882635116577,1.8633509874343872,1.660561442375183,1.8330557346343994,1.8644522428512573,2.013240337371826,2.283108949661255,2.150765895843506,1.8389642238616943,1.8700900077819824,1.9631508588790894,1.6703559160232544,1.8628320693969727,1.721737027168274,2.007158041000366,1.9763214588165283
A3,0.6252515316009521,0.39158275723457336,0.0,0.3894157111644745,0.6591900587081909,1.0160890817642212,1.219215989112854,1.1055902242660522,0.9183943867683411,0.9302279949188232,0.7072234153747559,0.8675180673599243,0.9360098242759705,1.15522038936615,1.4383314847946167,1.3934344053268433,1.1728209257125854,1.2781620025634766,1.1376259326934814,1.4235038757324219,1.4664922952651978,1.5410112142562866,1.3197084665298462,1.1332952976226807,0.7739405035972595,0.7697460055351257,0.6192706227302551,0.8482815027236938,0.9816067814826965,1.2611815929412842,1.363342523574829,1.1798092126846313,1.16952645778656,1.2233963012695312,1.332086443901062,1.6460744142532349,1.6181379556655884,1.36375892162323,1.4465926885604858,1.578415036201477,1.3524236679077148,1.5611234903335571,1.532113790512085,1.8120571374893188,1.9280163049697876,1.9662481546401978,1.731398582458496,1.8999688625335693,1.743773102760315,1.999415636062622,1.95583975315094,2.009239673614502,1.8525091409683228,1.7791509628295898,1.5332980155944824,1.4617838859558105,1.4598908424377441,1.5196279287338257,1.716616153717041,1.8100988864898682,2.1646904945373535,1.929497241973877,2.043992042541504,2.0249006748199463,2.112494945526123,2.3416221141815186,2.163140058517456,1.889961838722229,1.961669921875,2.1227402687072754,1.878126621246338,2.119263172149658,2.0275065898895264,2.325869560241699,2.328650951385498
A4,0.9553881287574768,0.6097593307495117,0.3894157111644745,0.0,0.38530904054641724,0.6854798793792725,0.8569769859313965,0.7372884154319763,0.6344674229621887,0.7459582090377808,0.5991545915603638,0.908663809299469,1.0612043142318726,1.3528839349746704,1.6398011445999146,1.4294759035110474,1.1253241300582886,1.1422826051712036,0.8965826630592346,1.1293519735336304,1.1334500312805176,1.1628658771514893,0.9464172720909119,0.7610597014427185,0.4318047761917114,0.5578713417053223,0.617215096950531,0.9392668008804321,1.1638991832733154,1.471354603767395,1.3951160907745361,1.122750163078308,1.028922438621521,0.966154932975769,1.0205403566360474,1.296312928199768,1.235263705253601,0.9914920926094055,1.098435401916504,1.2827069759368896,1.1218541860580444,1.3993383646011353,1.4597877264022827,1.7721270322799683,1.9509434700012207,1.8743611574172974,1.5896114110946655,1.685823917388916,1.470720887184143,1.6814333200454712,1.5989630222320557,1.6403636932373047,1.5144590139389038,1.4658862352371216,1.266621708869934,1.2499394416809082,1.3385552167892456,1.4723963737487793,1.725942611694336,1.8856600522994995,2.0941665172576904,1.805159330368042,1.8759150505065918,1.7903413772583008,1.8491673469543457,2.035693883895874,1.820989727973938,1.5632386207580566,1.6448156833648682,1.8511199951171875,1.6548434495925903,1.939448356628418,1.9139060974121094,2.229675054550171,2.294081687927246
A5,1.277626633644104,0.9728593826293945,0.6591900587081909,0.38530904054641724,0.0,0.39491918683052063,0.615860104560852,0.6688294410705566,0.6152229309082031,0.8898319602012634,0.8948346376419067,1.2145410776138306,1.420005440711975,1.68850576877594,1.9985491037368774,1.7600663900375366,1.4501922130584717,1.3872684240341187,1.0812029838562012,1.1980812549591064,1.0714980363845825,1.0710020065307617,0.9649806618690491,0.7910453677177429,0.5753292441368103,0.8654742240905762,0.9660245776176453,1.3113930225372314,1.507369875907898,1.831758737564087,1.7232246398925781,1.4467616081237793,1.2730237245559692,1.152525544166565,1.0723304748535156,1.281191349029541,1.1660802364349365,1.0203648805618286,1.168887734413147,1.4374223947525024,1.3688077926635742,1.6791235208511353,1.7929542064666748,2.1002895832061768,2.3058578968048096,2.1930625438690186,1.8913259506225586,1.9263800382614136,1.6623010635375977,1.7980091571807861,1.6329597234725952,1.643595814704895,1.5966901779174805,1.5583659410476685,1.4071305990219116,1.4833862781524658,1.6094202995300293,1.7970223426818848,2.044809103012085,2.233102560043335,2.394566774368286,2.0869078636169434,2.1018788814544678,1.9704614877700806,1.9630788564682007,2.0937957763671875,1.8366650342941284,1.6409873962402344,1.7648998498916626,2.0300800800323486,1.8936352729797363,2.210315704345703,2.2296457290649414,2.550750970840454,2.6433253288269043
A6,1.608499526977539,1.281191349029541,1.0160890817642212,0.6854798793792725,0.39491918683052063,0.0,0.3968352973461151,0.6168725490570068,0.7700532674789429,1.1036851406097412,1.1498236656188965,1.5096094608306885,1.716653823852539,2.0191829204559326,2.3121132850646973,2.0114705562591553,1.6633386611938477,1.5611499547958374,1.1974194049835205,1.222193956375122,1.019133448600769,0.8845842480659485,0.8377646803855896,0.6417450308799744,0.603401243686676,0.9792670011520386,1.160804033279419,1.527829885482788,1.7357696294784546,2.0792360305786133,1.8429440259933472,1.5421810150146484,1.2851929664611816,1.0887155532836914,0.8834496140480042,1.0075559616088867,0.8797216415405273,0.850584864616394,1.0814265012741089,1.4074147939682007,1.4207175970077515,1.7756049633026123,1.9450331926345825,2.2742011547088623,2.507214069366455,2.3072757720947266,1.9695324897766113,1.941489815711975,1.619101881980896,1.6826642751693726,1.4600965976715088,1.401797890663147,1.4100302457809448,1.364325761795044,1.2714415788650513,1.4427040815353394,1.6194875240325928,1.8742204904556274,2.12943696975708,2.3708109855651855,2.414574146270752,2.0822982788085938,2.0287818908691406,1.844881534576416,1.7725528478622437,1.8464182615280151,1.5645571947097778,1.4325261116027832,1.6078017950057983,1.9184211492538452,1.8544080257415771,2.2056052684783936,2.2867062091827393,2.6218016147613525,2.759291887283325
A7,1.8110949993133545,1.4530527591705322,1.219215989112854,0.8569769859313965,0.615860104560852,0.3968352973461151,0.0,0.371748149394989,0.609196126461029,0.9682745337486267,1.130499243736267,1.4904322624206543,1.758550763130188,2.059994697570801,2.367358446121216,1.96101975440979,1.609282374382019,1.4175453186035156,1.0328792333602905,0.9434131383895874,0.66543048620224,0.5502692461013794,0.6387763023376465,0.642270028591156,0.7615956664085388,1.0893018245697021,1.3573890924453735,1.69491446018219,1.961336612701416,2.277846097946167,2.0373544692993164,1.6941736936569214,1.4752402305603027,1.1969513893127441,1.01176118850708,1.0225586891174316,0.7494020462036133,0.7286264300346375,0.8615619540214539,1.2148246765136719,1.3181356191635132,1.6621434688568115,1.8927655220031738,2.1917173862457275,2.468052625656128,2.2246744632720947,1.8968836069107056,1.8008002042770386,1.47673761844635,1.4776699542999268,1.2101726531982422,1.2197374105453491,1.3013964891433716,1.3638964891433716,1.3641161918640137,1.5156978368759155,1.7646162509918213,2.0056841373443604,2.3089914321899414,2.546788454055786,2.5258262157440186,2.1653850078582764,2.1283180713653564,1.8916622400283813,1.8385820388793945,1.8545894622802734,1.5164134502410889,1.3894411325454712,1.49851393699646,1.833890676498413,1.803305983543396,2.1489291191101074,2.2644054889678955,2.5733749866485596,2.7453620433807373
A8,1.6411381959915161,1.2614316940307617,1.1055902242660522,0.7372884154319763,0.6688294410705566,0.6168725490570068,0.371748149394989,0.0,0.37844961881637573,0.6604388952255249,0.8271483778953552,1.186482548713684,1.462594747543335,1.7745287418365479,2.0706124305725098,1.614938497543335,1.2589588165283203,1.0523873567581177,0.6631342172622681,0.6071233153343201,0.4475269913673401,0.4464488923549652,0.39604055881500244,0.5197471380233765,0.6401697993278503,0.8643548488616943,1.1781028509140015,1.471632957458496,1.7820563316345215,2.0657217502593994,1.843108057975769,1.480137586593628,1.332235336303711,1.0409228801727295,0.9733149409294128,1.0206574201583862,0.7498763799667358,0.5595003962516785,0.5709478855133057,0.8886238932609558,0.9730429649353027,1.3008744716644287,1.5390546321868896,1.8265273571014404,2.112410306930542,1.8679414987564087,1.553851842880249,1.4647644758224487,1.1723583936691284,1.2217791080474854,1.017994999885559,1.1172218322753906,1.1384416818618774,1.2501100301742554,1.2470554113388062,1.3129526376724243,1.5798169374465942,1.776225209236145,2.1097376346588135,2.32413387298584,2.3035366535186768,1.940530776977539,1.9588674306869507,1.7322626113891602,1.7512766122817993,1.8003865480422974,1.4760026931762695,1.2726268768310547,1.3015191555023193,1.6015390157699585,1.5291138887405396,1.8510570526123047,1.9497941732406616,2.2420639991760254,2.4119222164154053
A9,1.4499949216842651,1.100807547569275,0.9183943867683411,0.6344674229621887,0.6152229309082031,0.7700532674789429,0.609196126461029,0.37844961881637573,0.0,0.37806597352027893,0.6232110261917114,0.9324485659599304,1.2535572052001953,1.5165797472000122,1.8473182916641235,1.4276440143585205,1.121396780014038,0.9163353443145752,0.6035808324813843,0.6488262414932251,0.577612578868866,0.7795392274856567,0.7238747477531433,0.8123093247413635,0.7645846009254456,0.9121430516242981,1.1480530500411987,1.407346487045288,1.7071218490600586,1.963278889656067,1.8751288652420044,1.5386136770248413,1.4633771181106567,1.245279312133789,1.250344157218933,1.366044044494629,1.1249198913574219,0.894267737865448,0.8280952572822571,1.0536619424819946,1.0523475408554077,1.3107590675354004,1.4950076341629028,1.7420697212219238,2.0089633464813232,1.863588809967041,1.5992405414581299,1.5702251195907593,1.3532803058624268,1.46446692943573,1.3142893314361572,1.4670461416244507,1.4544410705566406,1.5598376989364624,1.5040080547332764,1.4996660947799683,1.715535044670105,1.84908127784729,2.173275947570801,2.3346846103668213,2.4268603324890137,2.08870792388916,2.1648097038269043,1.9846388101577759,2.0456910133361816,2.134917974472046,1.8307462930679321,1.5958049297332764,1.590171217918396,1.8456835746765137,1.709380030632019,1.9905507564544678,2.027377128601074,2.2971010208129883,2.422236442565918
A10,1.328137755393982,0.9972857236862183,0.9302279949188232,0.7459582090377808,0.8898319602012634,1.1036851406097412,0.9682745337486267,0.6604388952255249,0.37806597352027893,0.0,0.38361233472824097,0.6073773503303528,0.96131432056427,1.206601858139038,1.5333430767059326,1.0691334009170532,0.7957868576049805,0.5806698203086853,0.3981621265411377,0.5953566431999207,0.7380649447441101,1.0026676654815674,0.8749976754188538,0.9966566562652588,0.9123291969299316,0.8989483118057251,1.1097002029418945,1.2769718170166016,1.601759910583496,1.799119234085083,1.7837053537368774,1.4588063955307007,1.4841575622558594,1.3028244972229004,1.4135448932647705,1.557689905166626,1.3469574451446533,1.0462825298309326,0.8824092745780945,0.9731048941612244,0.8940095901489258,1.0602599382400513,1.2090576887130737,1.4126511812210083,1.6760704517364502,1.5831074714660645,1.3710253238677979,1.3859035968780518,1.258699893951416,1.4352672100067139,1.3772711753845215,1.5926687717437744,1.5245839357376099,1.6529954671859741,1.5824540853500366,1.4838287830352783,1.680159091949463,1.7389024496078491,2.074535608291626,2.187929630279541,2.3181989192962646,1.9999394416809082,2.143073320388794,1.9960473775863647,2.1246440410614014,2.247252941131592,1.9727404117584229,1.688854694366455,1.6124672889709473,1.8024928569793701,1.6098192930221558,1.8345048427581787,1.8246033191680908,2.058825731277466,2.1585493087768555
A11,0.9979095458984375,0.6549807786941528,0.7072234153747559,0.5991545915603638,0.8948346376419067,1.1498236656188965,1.130499243736267,0.8271483778953552,0.6232110261917114,0.38361233472824097,0.0,0.38103601336479187,0.641753077507019,0.949638307094574,1.2469197511672974,0.8714208006858826,0.5708659887313843,0.5736950635910034,0.4853819012641907,0.8364802002906799,1.030059814453125,1.1964038610458374,0.9577513337135315,0.9660398364067078,0.7785286903381348,0.6336355805397034,0.7748088240623474,0.8988699316978455,1.2271286249160767,1.417386770248413,1.4246560335159302,1.125455617904663,1.2067978382110596,1.1078816652297974,1.2988592386245728,1.520919680595398,1.4047508239746094,1.0670520067214966,0.9703459739685059,1.0004314184188843,0.7792786359786987,0.9346427321434021,0.9850888848304749,1.2371639013290405,1.447655439376831,1.4037872552871704,1.186683177947998,1.303037405014038,1.204227328300476,1.4674253463745117,1.4791405200958252,1.6491459608078003,1.497037410736084,1.5569361448287964,1.4142149686813354,1.2582347393035889,1.388887882232666,1.408310890197754,1.7248479127883911,1.8189671039581299,2.0137059688568115,1.7249066829681396,1.8984839916229248,1.8121544122695923,1.9728435277938843,2.157653570175171,1.9406843185424805,1.6229544878005981,1.5634214878082275,1.7003580331802368,1.4485998153686523,1.6561375856399536,1.591963768005371,1.846737027168274,1.9051828384399414
A12,0.9462087154388428,0.7239339351654053,0.8675180673599243,0.908663809299469,1.2145410776138306,1.5096094608306885,1.4904322624206543,1.186482548713684,0.9324485659599304,0.6073773503303528,0.38103601336479187,0.0,0.3827332854270935,0.6049495935440063,0.9271439909934998,0.5890860557556152,0.4592965543270111,0.5790820121765137,0.7275645136833191,1.0768191814422607,1.3200708627700806,1.5385851860046387,1.3121827840805054,1.3399311304092407,1.1377942562103271,0.9310107827186584,0.9667723178863525,0.9541316628456116,1.2478421926498413,1.3442952632904053,1.5114264488220215,1.2746458053588867,1.450716257095337,1.4123471975326538,1.6484768390655518,1.8814817667007446,1.7729097604751587,1.4258944988250732,1.2850571870803833,1.235776424407959,0.9737948775291443,0.982485294342041,0.9253164529800415,1.0799342393875122,1.240215539932251,1.340440034866333,1.224222183227539,1.4054956436157227,1.4096012115478516,1.7039968967437744,1.767721176147461,1.9735665321350098,1.8029930591583252,1.8720710277557373,1.7175406217575073,1.5013948678970337,1.5813148021697998,1.5107479095458984,1.8025002479553223,1.8187800645828247,2.1055660247802734,1.862667202949524,2.09714674949646,2.0552902221679688,2.259450674057007,2.466620683670044,2.272167682647705,1.93719482421875,1.836785912513733,1.9166169166564941,1.6224700212478638,1.7553761005401611,1.6222991943359375,1.8214229345321655,1.8213820457458496
A13,0.7614678144454956,0.6445719003677368,0.9360098242759705,1.0612043142318726,1.420005440711975,1.716653823852539,1.758550763130188,1.462594747543335,1.2535572052001953,0.96131432056427,0.641753077507019,0.3827332854270935,0.0,0.3800507187843323,0.6104487180709839,0.5162345170974731,0.5027335286140442,0.8211851119995117,1.0023682117462158,1.3807467222213745,1.6437015533447266,1.8108173608779907,1.5335679054260254,1.500373125076294,1.2585723400115967,0.9678872227668762,0.8883547186851501,0.733025848865509,0.9845162034034729,1.0062274932861328,1.2690004110336304,1.1110293865203857,1.370680809020996,1.427290916442871,1.7211424112319946,1.997087001800537,1.9593302011489868,1.6044890880584717,1.5036507844924927,1.4088693857192993,1.0742828845977783,1.0297305583953857,0.8347617983818054,0.9890223145484924,1.0423225164413452,1.2471954822540283,1.1719661951065063,1.4498227834701538,1.5013788938522339,1.8463749885559082,1.965334177017212,2.13913893699646,1.9115021228790283,1.9288702011108398,1.7256110906600952,1.4561049938201904,1.4497008323669434,1.3020809888839722,1.5473618507385254,1.506388545036316,1.8876845836639404,1.702754020690918,1.9781172275543213,2.0073397159576416,2.2445476055145264,2.501067876815796,2.364546060562134,2.0127787590026855,1.918870449066162,1.9365220069885254,1.5979584455490112,1.6822177171707153,1.4793074131011963,1.6706863641738892,1.6047121286392212
A14,0.867253303527832,0.900269091129303,1.15522038936615,1.3528839349746704,1.68850576877594,2.0191829204559326,2.059994697570801,1.7745287418365479,1.5165797472000122,1.206601858139038,0.949638307094574,0.6049495935440063,0.3800507187843323,0.0,0.38018009066581726,0.6046923398971558,0.7903814911842346,1.0691404342651367,1.3071578741073608,1.6637988090515137,1.924364447593689,2.133847713470459,1.8814338445663452,1.8612465858459473,1.6065915822982788,1.336850643157959,1.215320110321045,1.0282703638076782,1.1864465475082397,1.1189026832580566,1.5418707132339478,1.445745587348938,1.7235050201416016,1.803398847579956,2.092273235321045,2.3715455532073975,2.3204379081726074,1.9674087762832642,1.847198247909546,1.7439411878585815,1.4229991436004639,1.3229482173919678,1.0930030345916748,1.1295644044876099,1.1045496463775635,1.4533907175064087,1.4607363939285278,1.7493810653686523,1.8438409566879272,2.1847856044769287,2.307971239089966,2.502729654312134,2.2833926677703857,2.3085310459136963,2.1022512912750244,1.8263909816741943,1.7933616638183594,1.60728120803833,1.8070870637893677,1.698636531829834,2.164799690246582,2.0212008953094482,2.31888484954834,2.3704023361206055,2.616962194442749,2.878835916519165,2.743326187133789,2.3909451961517334,2.2851781845092773,2.2880585193634033,1.94138503074646,1.9848296642303467,1.7465091943740845,1.8831110000610352,1.762724757194519
A15,1.0268666744232178,1.1214792728424072,1.4383314847946167,1.6398011445999146,1.9985491037368774,2.3121132850646973,2.367358446121216,2.0706124305725098,1.8473182916641235,1.5333430767059326,1.2469197511672974,0.9271439909934998,0.6104487180709839,0.38018009066581726,0.0,0.7035552859306335,0.9599120616912842,1.298201560974121,1.567181944847107,1.9328012466430664,2.2236721515655518,2.4073166847229004,2.1263487339019775,2.0927298069000244,1.8436795473098755,1.527219533920288,1.3746709823608398,1.0971465110778809,1.198759913444519,1.0174318552017212,1.5013021230697632,1.4795050621032715,1.8153082132339478,1.9420958757400513,2.26981258392334,2.5582611560821533,2.547900915145874,2.1891555786132812,2.0729877948760986,1.921522617340088,1.5729057788848877,1.4146060943603516,1.1055822372436523,1.0857558250427246,0.93784499168396,1.3941456079483032,1.470266342163086,1.8106396198272705,1.9600203037261963,2.325626850128174,2.499413013458252,2.685443162918091,2.430013418197632,2.436612129211426,2.2176504135131836,1.9010404348373413,1.8173606395721436,1.5624513626098633,1.712978482246399,1.535134196281433,2.0503599643707275,1.9699115753173828,2.3048298358917236,2.4076342582702637,2.687375783920288,2.9755382537841797,2.8853678703308105,2.5230534076690674,2.401818037033081,2.3449838161468506,1.9759070873260498,1.95542573928833,1.663577914237976,1.7546195983886719,1.5677851438522339
B1,1.27507746219635,1.1330294609069824,1.3934344053268433,1.4294759035110474,1.7600663900375366,2.0114705562591553,1.96101975440979,1.614938497543335,1.4276440143585205,1.0691334009170532,0.8714208006858826,0.5890860557556152,0.5162345170974731,0.6046923398971558,0.7035552859306335,0.0,0.39066368341445923,0.6565154194831848,1.0020650625228882,1.3282318115234375,1.667622685432434,1.8765007257461548,1.6250125169754028,1.6970250606536865,1.5545119047164917,1.254748821258545,1.2940969467163086,1.128719449043274,1.4161051511764526,1.3776780366897583,1.5612660646438599,1.3730223178863525,1.6586259603500366,1.6413323879241943,1.9525175094604492,2.162137985229492,2.0838394165039062,1.7191745042800903,1.5165059566497803,1.3196266889572144,1.0238572359085083,0.8093743920326233,0.6059702038764954,0.571164071559906,0.6891044974327087,0.9222783446311951,0.9731404781341553,1.225140929222107,1.3933038711547852,1.7250157594680786,1.9029817581176758,2.14807391166687,1.9328196048736572,2.031982421875,1.9032503366470337,1.5981107950210571,1.658661961555481,1.479873538017273,1.767737865447998,1.7125513553619385,1.9652329683303833,1.7746827602386475,2.087615728378296,2.0847153663635254,2.365051746368408,2.5861940383911133,2.4414329528808594,2.0817668437957764,1.8961280584335327,1.8649286031723022,1.532132625579834,1.5336592197418213,1.3298115730285645,1.424913763999939,1.3787047863006592
B2,1.1916286945343018,0.9414188265800476,1.1728209257125854,1.1253241300582886,1.4501922130584717,1.6633386611938477,1.609282374382019,1.2589588165283203,1.121396780014038,0.7957868576049805,0.5708659887313843,0.4592965543270111,0.5027335286140442,0.7903814911842346,0.9599120616912842,0.39066368341445923,0.0,0.3975868225097656,0.6576957702636719,1.0138427019119263,1.345797061920166,1.5140302181243896,1.2432609796524048,1.3103820085525513,1.1923985481262207,0.9020583629608154,1.019112229347229,0.9375302195549011,1.285789132118225,1.3445446491241455,1.37557852268219,1.1130411624908447,1.3430683612823486,1.27742600440979,1.5737531185150146,1.7737900018692017,1.6951476335525513,1.3299299478530884,1.1443192958831787,0.9735571146011353,0.6621108055114746,0.5544872283935547,0.4757433831691742,0.6692872047424316,0.8900948166847229,0.8862104415893555,0.777964174747467,0.9875282049179077,1.0692105293273926,1.401909589767456,1.5534652471542358,1.7772178649902344,1.5647108554840088,1.6616722345352173,1.5423455238342285,1.2647676467895508,1.3755542039871216,1.2696917057037354,1.6023082733154297,1.6294044256210327,1.7937849760055542,1.544746994972229,1.813016653060913,1.7688522338867188,2.023054599761963,2.230074167251587,2.067762613296509,1.7121440172195435,1.5479143857955933,1.5610452890396118,1.2465834617614746,1.3293511867523193,1.1936858892440796,1.375325322151184,1.4075230360031128
B3,1.4574719667434692,1.1577000617980957,1.2781620025634766,1.1422826051712036,1.3872684240341187,1.5611499547958374,1.4175453186035156,1.0523873567581177,0.9163353443145752,0.5806698203086853,0.5736950635910034,0.5790820121765137,0.8211851119995117,1.0691404342651367,1.298201560974121,0.6565154194831848,0.3975868225097656,0.0,0.39669448137283325,0.673963725566864,1.0275319814682007,1.2558341026306152,1.0560896396636963,1.226379156112671,1.1932533979415894,1.0046498775482178,1.2235594987869263,1.2444254159927368,1.6075471639633179,1.712722659111023,1.683470368385315,1.3685599565505981,1.5134714841842651,1.347325086593628,1.5736480951309204,1.7033652067184448,1.540989637374878,1.1938071250915527,0.9286707043647766,0.7811740636825562,0.6190336346626282,0.5742523074150085,0.7239770889282227,0.8624860644340515,1.167715311050415,1.0458709001541138,0.9084146618843079,0.9516478776931763,0.9824810028076172,1.2316495180130005,1.328163743019104,1.607080340385437,1.4689545631408691,1.6417378187179565,1.5964018106460571,1.3836880922317505,1.582658290863037,1.550502061843872,1.9113662242889404,1.9833848476409912,2.0542960166931152,1.7575775384902954,1.9770853519439697,1.8547923564910889,2.0727477073669434,2.2148876190185547,1.9911950826644897,1.6614561080932617,1.473311185836792,1.5516759157180786,1.3091181516647339,1.434952974319458,1.3915815353393555,1.5617709159851074,1.6652121543884277
B4,1.4674510955810547,1.1063013076782227,1.1376259326934814,0.8965826630592346,1.0812029838562012,1.1974194049835205,1.0328792333602905,0.6631342172622681,0.6035808324813843,0.3981621265411377,0.4853819012641907,0.7275645136833191,1.0023682117462158,1.3071578741073608,1.567181944847107,1.0020650625228882,0.6576957702636719,0.39669448137283325,0.0,0.3877957761287689,0.690830409526825,0.8774322271347046,0.6751798391342163,0.8634086847305298,0.8823054432868958,0.7963126301765442,1.0958187580108643,1.2322533130645752,1.5993167161941528,1.7847803831100464,1.651304006576538,1.2938580513000488,1.3321996927261353,1.0998165607452393,1.2545971870422363,1.3600887060165405,1.1677099466323853,0.8310800194740295,0.5894702672958374,0.5868592262268066,0.5248315334320068,0.7192820906639099,0.9502285718917847,1.1863501071929932,1.4900000095367432,1.2795552015304565,1.0326273441314697,0.9986687302589417,0.8664066195487976,1.0587618350982666,1.0600794553756714,1.3024989366531372,1.202339768409729,1.3712161779403687,1.34516441822052,1.216742992401123,1.464486837387085,1.527881383895874,1.8962981700897217,2.035637378692627,2.0501039028167725,1.7125004529953003,1.8580429553985596,1.6866165399551392,1.8439728021621704,1.9562902450561523,1.6951159238815308,1.3902132511138916,1.2592045068740845,1.4264527559280396,1.2433879375457764,1.4666532278060913,1.4960342645645142,1.7309823036193848,1.8763011693954468
B5,1.825826644897461,1.45695960521698,1.4235038757324219,1.1293519735336304,1.1980812549591064,1.222193956375122,0.9434131383895874,0.6071233153343201,0.6488262414932251,0.5953566431999207,0.8364802002906799,1.0768191814422607,1.3807467222213745,1.6637988090515137,1.9328012466430664,1.3282318115234375,1.0138427019119263,0.673963725566864,0.3877957761287689,0.0,0.3901233971118927,0.6424670815467834,0.6015251278877258,0.9203900694847107,1.0640934705734253,1.0845329761505127,1.422208309173584,1.5975226163864136,1.9623284339904785,2.1645054817199707,1.980627179145813,1.6058164834976196,1.5831042528152466,1.2810016870498657,1.3454222679138184,1.3456782102584839,1.0617080926895142,0.8027862906455994,0.482875257730484,0.5729817152023315,0.7445206046104431,0.943893551826477,1.2503584623336792,1.4493682384490967,1.786046028137207,1.5049606561660767,1.2579678297042847,1.0984690189361572,0.9149758815765381,0.9562171101570129,0.8577570915222168,1.1513192653656006,1.1616969108581543,1.4065682888031006,1.4714736938476562,1.4162142276763916,1.720213532447815,1.8303707838058472,2.2081034183502197,2.3770105838775635,2.3052685260772705,1.9429434537887573,2.0403096675872803,1.8040404319763184,1.917023777961731,1.9511897563934326,1.6355581283569336,1.385483741760254,1.2400506734848022,1.4670767784118652,1.3783528804779053,1.62039315700531,1.7227267026901245,1.9398075342178345,2.134800910949707
B6,1.9671480655670166,1.5935982465744019,1.4664922952651978,1.1334500312805176,1.0714980363845825,1.019133448600769,0.66543048620224,0.4475269913673401,0.577612578868866,0.7380649447441101,1.030059814453125,1.3200708627700806,1.6437015533447266,1.924364447593689,2.2236721515655518,1.667622685432434,1.345797061920166,1.0275319814682007,0.690830409526825,0.3901233971118927,0.0,0.40228021144866943,0.5711679458618164,0.8801825642585754,1.0644320249557495,1.214585542678833,1.5494215488433838,1.7933820486068726,2.1334235668182373,2.379669189453125,2.1744742393493652,1.7975101470947266,1.694756269454956,1.3705415725708008,1.3238871097564697,1.2767841815948486,0.9281759262084961,0.7815775871276855,0.5872556567192078,0.8474010825157166,1.0540275573730469,1.311248779296875,1.6101924180984497,1.8310139179229736,2.1591222286224365,1.8794801235198975,1.6062301397323608,1.432861328125,1.180158257484436,1.139561653137207,0.9068930745124817,1.1283202171325684,1.2325700521469116,1.4571641683578491,1.540901780128479,1.578560709953308,1.8885492086410522,2.0561435222625732,2.418602228164673,2.6178550720214844,2.5422964096069336,2.1680049896240234,2.2064592838287354,1.9418878555297852,1.9819703102111816,1.9721403121948242,1.614538550376892,1.4319881200790405,1.367252230644226,1.663887858390808,1.6309019327163696,1.9175422191619873,2.047217607498169,2.2894673347473145,2.491523027420044
B7,2.054222822189331,1.6652535200119019,1.5410112142562866,1.1628658771514893,1.0710020065307617,0.8845842480659485,0.5502692461013794,0.4464488923549652,0.7795392274856567,1.0026676654815674,1.1964038610458374,1.5385851860046387,1.8108173608779907,2.133847713470459,2.4073166847229004,1.8765007257461548,1.5140302181243896,1.2558341026306152,0.8774322271347046,0.6424670815467834,0.40228021144866943,0.0,0.36889922618865967,0.6585676670074463,0.9554572105407715,1.1635117530822754,1.5229265689849854,1.8010637760162354,2.127979278564453,2.4059407711029053,2.0913548469543457,1.7103427648544312,1.5334593057632446,1.1713624000549316,1.042678952217102,0.9200363755226135,0.5441398024559021,0.5104847550392151,0.4767545759677887,0.8289839625358582,1.0717084407806396,1.3964482545852661,1.7053279876708984,1.9788724184036255,2.2987122535705566,1.954727292060852,1.6304163932800293,1.4340275526046753,1.100009560585022,1.0028223991394043,0.6955451965332031,0.798283040523529,0.9482612609863281,1.1514506340026855,1.2783011198043823,1.3985368013381958,1.7305020093917847,1.9597781896591187,2.310065984725952,2.557399034500122,2.4004809856414795,2.0146186351776123,1.9856585264205933,1.6886260509490967,1.6708528995513916,1.6246944665908813,1.2513351440429688,1.1175501346588135,1.1235759258270264,1.4698514938354492,1.501643419265747,1.8330926895141602,2.0106661319732666,2.2867050170898438,2.514754295349121
B8,1.7757468223571777,1.381954312324524,1.3197084665298462,0.9464172720909119,0.9649806618690491,0.8377646803855896,0.6387763023376465,0.39604055881500244,0.7238747477531433,0.8749976754188538,0.9577513337135315,1.3121827840805054,1.5335679054260254,1.8814338445663452,2.1263487339019775,1.6250125169754028,1.2432609796524048,1.0560896396636963,0.6751798391342163,0.6015251278877258,0.5711679458618164,0.36889922618865967,0.0,0.3758596181869507,0.676017165184021,0.8222334980964661,1.1978074312210083,1.459431767463684,1.7925736904144287,2.0646121501922607,1.7279713153839111,1.3446232080459595,1.186751127243042,0.82785564661026,0.7800026535987854,0.7536994814872742,0.4951031506061554,0.21698619425296783,0.2515304386615753,0.6050260066986084,0.7626518607139587,1.1228817701339722,1.403150200843811,1.7120976448059082,2.010197162628174,1.6721121072769165,1.3270652294158936,1.1850981712341309,0.8419375419616699,0.8597686290740967,0.6701772212982178,0.7524449825286865,0.7467901706695557,0.9035515785217285,0.9712991118431091,1.0461972951889038,1.3715150356292725,1.5914647579193115,1.9437123537063599,2.1891417503356934,2.046754837036133,1.6655094623565674,1.6605733633041382,1.3949816226959229,1.423012375831604,1.4517507553100586,1.1284996271133423,0.9042915105819702,0.908204197883606,1.222262978553772,1.195382833480835,1.5352728366851807,1.6870543956756592,1.9847015142440796,2.195357322692871
B9,1.588720679283142,1.2065991163253784,1.1332952976226807,0.7610597014427185,0.7910453677177429,0.6417450308799744,0.642270028591156,0.5197471380233765,0.8123093247413635,0.9966566562652588,0.9660398364067078,1.3399311304092407,1.500373125076294,1.8612465858459473,2.0927298069000244,1.6970250606536865,1.3103820085525513,1.226379156112671,0.8634086847305298,0.9203900694847107,0.8801825642585754,0.6585676670074463,0.3758596181869507,0.0,0.3810024559497833,0.619157075881958,0.956544816493988,1.2656573057174683,1.5553401708602905,1.8642655611038208,1.4913835525512695,1.1298805475234985,0.8966208100318909,0.5666178464889526,0.4589088261127472,0.5797942280769348,0.5021321773529053,0.2789192795753479,0.5833340883255005,0.8594869375228882,0.879896879196167,1.261124610900879,1.4672991037368774,1.8190219402313232,2.069969654083252,1.7729885578155518,1.4083056449890137,1.3512427806854248,1.006868839263916,1.0970268249511719,0.9530078172683716,0.9001143574714661,0.8089194297790527,0.792881190776825,0.7413073778152466,0.8763011693954468,1.1457843780517578,1.409622311592102,1.722524881362915,1.989940881729126,1.8926481008529663,1.5285272598266602,1.4888198375701904,1.2676490545272827,1.25956130027771,1.3524149656295776,1.0826770067214966,0.8574708700180054,0.9858607053756714,1.2793927192687988,1.2211676836013794,1.581160306930542,1.7006547451019287,2.037137508392334,2.2140748500823975
B10,1.2287789583206177,0.8590750694274902,0.7739405035972595,0.4318047761917114,0.5753292441368103,0.603401243686676,0.7615956664085388,0.6401697993278503,0.7645846009254456,0.9123291969299316,0.7785286903381348,1.1377942562103271,1.2585723400115967,1.6065915822982788,1.8436795473098755,1.5545119047164917,1.1923985481262207,1.1932533979415894,0.8823054432868958,1.0640934705734253,1.0644320249557495,0.9554572105407715,0.676017165184021,0.3810024559497833,0.0,0.3832858204841614,0.6288282871246338,0.9768950939178467,1.2357996702194214,1.5618287324905396,1.2788703441619873,0.9523073434829712,0.7514081001281738,0.5812014937400818,0.5948604941368103,0.87598717212677,0.8732014894485474,0.6404528021812439,0.8517001867294312,1.0611555576324463,0.946646511554718,1.2921940088272095,1.409550428390503,1.7660409212112427,1.970211148262024,1.7751233577728271,1.4353258609771729,1.4806634187698364,1.200282335281372,1.3817366361618042,1.2944189310073853,1.2695114612579346,1.124345064163208,1.0426485538482666,0.8568552732467651,0.9086978435516357,1.063923716545105,1.283987283706665,1.5630266666412354,1.7951033115386963,1.8482754230499268,1.5240105390548706,1.5338212251663208,1.4039300680160522,1.4326252937316895,1.605282187461853,1.3956453800201416,1.144844889640808,1.2684047222137451,1.4976195096969604,1.3515936136245728,1.6791082620620728,1.7176120281219482,2.060286521911621,2.1760900020599365
B11,1.0399878025054932,0.6679137349128723,0.7697460055351257,0.5578713417053223,0.8654742240905762,0.9792670011520386,1.0893018245697021,0.8643548488616943,0.9121430516242981,0.8989483118057251,0.6336355805397034,0.9310107827186584,0.9678872227668762,1.336850643157959,1.527219533920288,1.254748821258545,0.9020583629608154,1.0046498775482178,0.7963126301765442,1.0845329761505127,1.214585542678833,1.1635117530822754,0.8222334980964661,0.619157075881958,0.3832858204841614,0.0,0.38792598247528076,0.6516517400741577,0.9704532623291016,1.2559822797775269,0.9829588532447815,0.6355547904968262,0.5871777534484863,0.5126907229423523,0.7556747198104858,1.0602473020553589,1.1009552478790283,0.7908596396446228,0.8993827700614929,0.9707894325256348,0.7290124297142029,1.0210952758789062,1.0712828636169434,1.4378414154052734,1.6130131483078003,1.4472836256027222,1.1252881288528442,1.2513978481292725,1.0472688674926758,1.323216199874878,1.3449985980987549,1.3698793649673462,1.139891505241394,1.0634021759033203,0.8338136076927185,0.7160940766334534,0.8258771300315857,0.9637423753738403,1.2699416875839233,1.4688769578933716,1.5623772144317627,1.2558696269989014,1.3512487411499023,1.2827683687210083,1.4089698791503906,1.6417086124420166,1.489306926727295,1.1734378337860107,1.220563292503357,1.358694076538086,1.1285173892974854,1.4088327884674072,1.3899163007736206,1.7276866436004639,1.8142366409301758
B12,0.7178916931152344,0.41879305243492126,0.6192706227302551,0.617215096950531,0.9660245776176453,1.160804033279419,1.3573890924453735,1.1781028509140015,1.1480530500411987,1.1097002029418945,0.7748088240623474,0.9667723178863525,0.8883547186851501,1.215320110321045,1.3746709823608398,1.2940969467163086,1.019112229347229,1.2235594987869263,1.0958187580108643,1.422208309173584,1.5494215488433838,1.5229265689849854,1.1978074312210083,0.956544816493988,0.6288282871246338,0.38792598247528076,0.0,0.37543728947639465,0.6124273538589478,0.9345048069953918,0.7830945253372192,0.563717782497406,0.601361870765686,0.7572256922721863,0.9992577433586121,1.3557313680648804,1.4448654651641846,1.1628671884536743,1.2845345735549927,1.3359434604644775,1.044898509979248,1.260732889175415,1.1981767416000366,1.544034481048584,1.6384843587875366,1.5929811000823975,1.3213869333267212,1.5330705642700195,1.384891152381897,1.6899713277816772,1.731020450592041,1.7386085987091064,1.490387201309204,1.3553415536880493,1.0569970607757568,0.9128661751747131,0.8495060205459595,0.9102315306663513,1.1239858865737915,1.2715805768966675,1.5498301982879639,1.3203731775283813,1.4449187517166138,1.4746074676513672,1.6072794198989868,1.892017126083374,1.7923206090927124,1.4863910675048828,1.558405876159668,1.6499890089035034,1.3808138370513916,1.6119264364242554,1.515992522239685,1.8458884954452515,1.8585706949234009
B13,0.6424374580383301,0.4932468831539154,0.8482815027236938,0.9392668008804321,1.3113930225372314,1.527829885482788,1.69491446018219,1.471632957458496,1.407346487045288,1.2769718170166016,0.8988699316978455,0.9541316628456116,0.733025848865509,1.0282703638076782,1.0971465110778809,1.128719449043274,0.9375302195549011,1.2444254159927368,1.2322533130645752,1.5975226163864136,1.7933820486068726,1.8010637760162354,1.459431767463684,1.2656573057174683,0.9768950939178467,0.6516517400741577,0.37543728947639465,0.0,0.38170042634010315,0.60603928565979,0.5933560132980347,0.49315980076789856,0.7534980177879333,0.9756556153297424,1.2905374765396118,1.6362098455429077,1.7391414642333984,1.4305057525634766,1.4935643672943115,1.4558420181274414,1.1042860746383667,1.2119094133377075,1.040312647819519,1.3533023595809937,1.3744642734527588,1.4177721738815308,1.2128559350967407,1.5078232288360596,1.4528123140335083,1.8061093091964722,1.9185625314712524,1.9578901529312134,1.6706204414367676,1.5464386940002441,1.2466564178466797,0.9992508888244629,0.8511210083961487,0.747387170791626,0.9291518330574036,0.984117865562439,1.3865032196044922,1.2242335081100464,1.4377987384796143,1.5407909154891968,1.7425251007080078,2.0606868267059326,2.0058982372283936,1.6740351915359497,1.6912004947662354,1.7009220123291016,1.3756030797958374,1.5238308906555176,1.3465235233306885,1.6447137594223022,1.5946323871612549
