,A1,A2,A3,A4,A5,A6,A7,A8,A9,A10,A11,A12,A13,A14,A15,B1,B2,B3,B4,B5,B6,B7,B8,B9,B10,B11,B12,B13,B14,B15,C1,C2,C3,C4,C5,C6,C7,C8,C9,C10,C11,C12,C13,C14,C15,D1,D2,D3,D4,D5,D6,D7,D8,D9,D10,D11,D12,D13,D14,D15,E1,E2,E3,E4,E5,E6,E7,E8,E9,E10,E11,E12,E13,E14,E15
A1,0.0,0.3827298879623413,0.6084499359130859,0.9559788703918457,1.2401081323623657,1.5143003463745117,1.8470760583877563,1.7696926593780518,1.5853846073150635,1.3341128826141357,0.9898796081542969,0.8022979497909546,0.5657942295074463,0.5260266661643982,0.5725342035293579,2.203770399093628,1.9108885526657104,2.039832353591919,1.935431957244873,2.1286375522613525,2.379082202911377,2.339189291000366,1.9750679731369019,1.7119767665863037,1.4540213346481323,1.5172683000564575,1.6290686130523682,1.6651756763458252,1.9668105840682983,2.1174368858337402,2.066826581954956,1.6839350461959839,1.6233431100845337,1.3039512634277344,1.3717559576034546,1.402306318283081,1.213115930557251,0.8900610208511353,0.8968696594238281,0.9540897607803345,1.1121524572372437,1.461135983467102,1.6933718919754028,2.019132137298584,2.3377652168273926,0.7269233465194702,0.6576623916625977,0.8042890429496765,0.9177859425544739,1.2166842222213745,1.3191947937011719,1.6588325500488281,1.6605008840560913,1.625503420829773,1.4794386625289917,1.1171596050262451,1.1614291667938232,1.0465023517608643,1.1989636421203613,1.2793169021606445,2.219060182571411,1.9184733629226685,2.0746538639068604,1.95682692527771,2.185549259185791,2.3873612880706787,2.3377938270568848,1.989987850189209,1.7910033464431763,1.5534005165100098,1.5629935264587402,1.7219417095184326,1.732775092124939,2.06886625289917,2.222137689590454
A2,0.3827298879623413,0.0,0.3881266713142395,0.6460220217704773,0.9846384525299072,1.2601369619369507,1.554055094718933,1.4381840229034424,1.2568970918655396,1.0025583505630493,0.6311202645301819,0.5451653599739075,0.3969325125217438,0.6032034158706665,0.8097695708274841,1.8231592178344727,1.5358328819274902,1.6745351552963257,1.6010175943374634,1.8178755044937134,2.094062566757202,2.103039026260376,1.7550972700119019,1.4690473079681396,1.1614315509796143,1.1738628149032593,1.260315179824829,1.2824490070343018,1.5884124040603638,1.7482423782348633,1.8575974702835083,1.4809218645095825,1.4915058612823486,1.2350765466690063,1.3895227909088135,1.5064489841461182,1.4077489376068115,1.0656259059906006,0.9539320468902588,0.8485793471336365,0.9353302717208862,1.2524631023406982,1.4343910217285156,1.7817856073379517,2.0703413486480713,0.6179483532905579,0.4358924925327301,0.7255645394325256,0.844150185585022,1.20623779296875,1.3839175701141357,1.675424575805664,1.590656042098999,1.4911447763442993,1.2739982604980469,0.8853896856307983,0.9239106774330139,0.7539929747581482,0.9874662160873413,1.078050136566162,1.923132061958313,1.600471019744873,1.7483391761779785,1.6118099689483643,1.855635404586792,2.0424082279205322,2.015110969543457,1.6847668886184692,1.5075160264968872,1.275926947593689,1.2442703247070312,1.4477039575576782,1.468664526939392,1.8302429914474487,2.006812334060669
A3,0.6084499359130859,0.3881266713142395,0.0,0.38093847036361694,0.6367836594581604,0.9458617568016052,1.2559798955917358,1.1805555820465088,1.01004958152771,0.8356925845146179,0.5596150755882263,0.513219952583313,0.6241843104362488,0.7388471364974976,1.0382359027862549,1.8127858638763428,1.5607632398605347,1.6575566530227661,1.6207813024520874,1.7912977933883667,2.1072428226470947,2.122682809829712,1.7790855169296265,1.4431577920913696,1.1182284355163574,1.1877684593200684,1.182988166809082,1.2434899806976318,1.4801143407821655,1.66166353225708,2.088202953338623,1.7286990880966187,1.7434229850769043,1.5205881595611572,1.649661660194397,1.803383708000183,1.677037000656128,1.3099805116653442,1.1405994892120361,1.0055752992630005,1.1654785871505737,1.4144930839538574,1.6030563116073608,1.9312748908996582,2.2125542163848877,0.7152308821678162,0.6930028200149536,1.0525338649749756,1.2197431325912476,1.5846610069274902,1.7714353799819946,2.0612006187438965,1.9620610475540161,1.8421342372894287,1.5865529775619507,1.1950877904891968,1.171893835067749,0.8885529041290283,1.0732412338256836,1.0200361013412476,2.1109724044799805,1.775399088859558,1.9184350967407227,1.738660216331482,1.9800329208374023,2.1006524562835693,2.052337884902954,1.7478961944580078,1.6494197845458984,1.486159324645996,1.439257264137268,1.7003012895584106,1.7207156419754028,2.0983762741088867,2.2694003582000732
A4,0.9559788703918457,0.6460220217704773,0.38093847036361694,0.0,0.37590259313583374,0.6488417983055115,0.9112430810928345,0.8182726502418518,0.702129065990448,0.6287692189216614,0.43200793862342834,0.6338055729866028,0.8545365333557129,1.0623897314071655,1.3835328817367554,1.5056383609771729,1.3020570278167725,1.4110227823257446,1.4508037567138672,1.63701593875885,1.989431381225586,2.0693044662475586,1.762204885482788,1.406818151473999,1.0361689329147339,1.0335265398025513,0.9193635582923889,0.9405067563056946,1.1269845962524414,1.304315447807312,2.0901691913604736,1.7588483095169067,1.843923807144165,1.6861807107925415,1.870347023010254,2.066676616668701,1.9913758039474487,1.6270177364349365,1.4161899089813232,1.193036437034607,1.2781376838684082,1.4613889455795288,1.5751627683639526,1.9064550399780273,2.1354217529296875,0.809424102306366,0.7859471440315247,1.1789588928222656,1.3603917360305786,1.732420802116394,1.9715244770050049,2.227736711502075,2.071056842803955,1.8937054872512817,1.5812692642211914,1.2109488248825073,1.1370927095413208,0.7915041446685791,0.9840120077133179,0.8815913796424866,1.994930624961853,1.641301155090332,1.745561122894287,1.5218119621276855,1.750905990600586,1.8185456991195679,1.7713340520858765,1.5032752752304077,1.4706721305847168,1.368210792541504,1.3022236824035645,1.617949366569519,1.6688276529312134,2.05230712890625,2.250495672225952
A5,1.2401081323623657,0.9846384525299072,0.6367836594581604,0.37590259313583374,0.0,0.39083701372146606,0.6494149565696716,0.6476879119873047,0.596666693687439,0.7101848721504211,0.714104175567627,0.881200909614563,1.1673455238342285,1.3092951774597168,1.6531349420547485,1.6222275495529175,1.4741123914718628,1.5298383235931396,1.6038851737976074,1.7303740978240967,2.102322816848755,2.1846323013305664,1.896738886833191,1.5216275453567505,1.1772449016571045,1.2271493673324585,1.0329089164733887,1.0918394327163696,1.1619317531585693,1.3473107814788818,2.3785762786865234,2.0666821002960205,2.1444122791290283,2.0036211013793945,2.1621696949005127,2.3736817836761475,2.2763712406158447,1.902683973312378,1.6717803478240967,1.454192042350769,1.5843337774276733,1.7212822437286377,1.8397172689437866,2.1402087211608887,2.357363224029541,1.0883430242538452,1.1415430307388306,1.5352808237075806,1.7339096069335938,2.104492664337158,2.340407371520996,2.601022720336914,2.4439170360565186,2.263436794281006,1.9414951801300049,1.5793405771255493,1.4828249216079712,1.114966869354248,1.241308331489563,1.0298699140548706,2.2622647285461426,1.9156032800674438,2.013167381286621,1.7687466144561768,1.9816339015960693,1.984616994857788,1.9186806678771973,1.6935279369354248,1.7309346199035645,1.683907151222229,1.6139627695083618,1.9469674825668335,1.9919922351837158,2.374117612838745,2.560885190963745
A6,1.5143003463745117,1.2601369619369507,0.9458617568016052,0.6488417983055115,0.39083701372146606,0.0,0.40044131875038147,0.6038569808006287,0.766247034072876,0.9983830451965332,1.011096715927124,1.2424558401107788,1.4994126558303833,1.6639858484268188,1.9836727380752563,1.6249226331710815,1.5657682418823242,1.665213704109192,1.8161028623580933,1.9641937017440796,2.3501951694488525,2.4782979488372803,2.216935157775879,1.8454363346099854,1.4890745878219604,1.4703346490859985,1.2035505771636963,1.162872552871704,1.13152277469635,1.217954397201538,2.6397786140441895,2.338719367980957,2.4571352005004883,2.326493740081787,2.5113441944122314,2.712022304534912,2.61735463142395,2.2483010292053223,2.0371265411376953,1.815515398979187,1.9052317142486572,2.040588855743408,2.1106698513031006,2.4205527305603027,2.5968098640441895,1.1815762519836426,1.304195761680603,1.683872103691101,1.9299925565719604,2.2844717502593994,2.561368942260742,2.8257105350494385,2.65502667427063,2.4328362941741943,2.0804426670074463,1.7439526319503784,1.570326566696167,1.1835905313491821,1.213756799697876,0.9179590940475464,2.4314348697662354,2.0716114044189453,2.101379156112671,1.8051122426986694,1.953094720840454,1.888280987739563,1.7644696235656738,1.5724695920944214,1.685380458831787,1.7287137508392334,1.7123686075210571,2.07765793800354,2.1807913780212402,2.554403305053711,2.7801945209503174
A7,1.8470760583877563,1.554055094718933,1.2559798955917358,0.9112430810928345,0.6494149565696716,0.40044131875038147,0.0,0.37368741631507874,0.6808809638023376,1.0280539989471436,1.1619305610656738,1.4377793073654175,1.7379714250564575,1.9336482286453247,2.2795732021331787,1.4601716995239258,1.470298409461975,1.5279289484024048,1.7340266704559326,1.8531746864318848,2.245370864868164,2.4157700538635254,2.203773021697998,1.8434922695159912,1.5078957080841064,1.463722825050354,1.1301188468933105,1.0961017608642578,0.940611720085144,1.0395537614822388,2.6810691356658936,2.421088218688965,2.5719428062438965,2.4964849948883057,2.7018990516662598,2.9413552284240723,2.884671449661255,2.5155773162841797,2.2661070823669434,1.9967836141586304,2.0553319454193115,2.1240861415863037,2.1474757194519043,2.425795078277588,2.5545639991760254,1.5218894481658936,1.5907955169677734,1.9667928218841553,2.180412769317627,2.5361359119415283,2.821892738342285,3.0502967834472656,2.841357946395874,2.600973606109619,2.2337183952331543,1.9302510023117065,1.7735350131988525,1.4053020477294922,1.4675260782241821,1.2031282186508179,2.4067370891571045,2.06585431098938,2.082066297531128,1.784628987312317,1.927032232284546,1.802659034729004,1.7151416540145874,1.603376030921936,1.7744561433792114,1.8491185903549194,1.7855916023254395,2.1543877124786377,2.2457635402679443,2.6047024726867676,2.821899890899658
A8,1.7696926593780518,1.4381840229034424,1.1805555820465088,0.8182726502418518,0.6476879119873047,0.6038569808006287,0.37368741631507874,0.0,0.3659660518169403,0.7283904552459717,0.9308710098266602,1.2317177057266235,1.5517430305480957,1.7827752828598022,2.144280433654785,1.175650954246521,1.146207571029663,1.1651781797409058,1.365100383758545,1.4828554391860962,1.8750916719436646,2.058222770690918,1.8608686923980713,1.5121761560440063,1.180838942527771,1.1192220449447632,0.7724633812904358,0.7950589656829834,0.6614686250686646,0.8854495882987976,2.3474206924438477,2.108565330505371,2.270153284072876,2.232302188873291,2.451728582382202,2.720335006713867,2.704528570175171,2.3427326679229736,2.064049005508423,1.7560944557189941,1.7843122482299805,1.8097343444824219,1.812299132347107,2.0738089084625244,2.1919338703155518,1.5234453678131104,1.5011483430862427,1.8728998899459839,2.028811454772949,2.3893918991088867,2.6601130962371826,2.853170156478882,2.6215503215789795,2.391253709793091,2.033470392227173,1.7438327074050903,1.648876667022705,1.31268310546875,1.4675556421279907,1.2925825119018555,2.0778753757476807,1.7529621124267578,1.804555058479309,1.5442050695419312,1.739926815032959,1.6517491340637207,1.6445329189300537,1.538111925125122,1.6710416078567505,1.691752314567566,1.5574764013290405,1.9062039852142334,1.9565142393112183,2.3099920749664307,2.5030357837677
A9,1.5853846073150635,1.2568970918655396,1.01004958152771,0.702129065990448,0.596666693687439,0.766247034072876,0.6808809638023376,0.3659660518169403,0.0,0.39390987157821655,0.6899461150169373,0.9410758018493652,1.2921825647354126,1.5090727806091309,1.8872383832931519,1.2149397134780884,1.0742591619491577,1.0247511863708496,1.1318058967590332,1.2176522016525269,1.6056019067764282,1.7454251050949097,1.5232175588607788,1.163399577140808,0.839354932308197,0.8560492396354675,0.5755385756492615,0.760387659072876,0.7723249197006226,1.0916180610656738,2.0962071418762207,1.8523534536361694,1.9774771928787231,1.943126916885376,2.1403892040252686,2.4267749786376953,2.4180350303649902,2.0583295822143555,1.7553181648254395,1.4382455348968506,1.4942654371261597,1.4993565082550049,1.5442914962768555,1.7907389402389526,1.9497395753860474,1.4883469343185425,1.4060941934585571,1.7780824899673462,1.8837417364120483,2.253929615020752,2.4845898151397705,2.6675195693969727,2.4457759857177734,2.2561392784118652,1.9299461841583252,1.6231690645217896,1.6042200326919556,1.2937983274459839,1.5215880870819092,1.4024006128311157,1.9204727411270142,1.612618327140808,1.7407572269439697,1.5404295921325684,1.8017282485961914,1.7857507467269897,1.8290584087371826,1.6861572265625,1.7457876205444336,1.6818296909332275,1.492465615272522,1.804046630859375,1.7894548177719116,2.14994215965271,2.2992124557495117
A10,1.3341128826141357,1.0025583505630493,0.8356925845146179,0.6287692189216614,0.7101848721504211,0.9983830451965332,1.0280539989471436,0.7283904552459717,0.39390987157821655,0.0,0.39523446559906006,0.6021649241447449,0.9508312940597534,1.1879088878631592,1.5630885362625122,1.2422491312026978,0.9863100051879883,0.9324081540107727,0.9194958806037903,1.0335007905960083,1.3972834348678589,1.4921597242355347,1.2227463722229004,0.8587616682052612,0.4929772913455963,0.5622448921203613,0.4603094458580017,0.7337003946304321,0.9204724431037903,1.2559396028518677,1.7617478370666504,1.497409462928772,1.5951566696166992,1.553871512413025,1.7484251260757446,2.04215407371521,2.052645206451416,1.7023893594741821,1.3885987997055054,1.0537713766098022,1.106345772743225,1.1193552017211914,1.2046558856964111,1.465409278869629,1.6739288568496704,1.3698047399520874,1.2076252698898315,1.554202675819397,1.6004700660705566,1.969575047492981,2.165036201477051,2.3340446949005127,2.121901750564575,1.9692503213882446,1.6794731616973877,1.3654409646987915,1.4257029294967651,1.169393539428711,1.4658746719360352,1.43330717086792,1.6813538074493408,1.3833447694778442,1.5765702724456787,1.437734842300415,1.7489348649978638,1.8185192346572876,1.89846932888031,1.7114595174789429,1.6862850189208984,1.5354275703430176,1.3072125911712646,1.5711177587509155,1.504487156867981,1.8704440593719482,1.9911487102508545
A11,0.9898796081542969,0.6311202645301819,0.5596150755882263,0.43200793862342834,0.714104175567627,1.011096715927124,1.1619305610656738,0.9308710098266602,0.6899461150169373,0.39523446559906006,0.0,0.3824789524078369,0.6374257802963257,0.9342318177223206,1.2728663682937622,1.320840835571289,1.033286452293396,1.102584958076477,1.069557785987854,1.2705868482589722,1.5993069410324097,1.6747212409973145,1.3676265478134155,1.0341061353683472,0.6554164290428162,0.6367048025131226,0.6475363969802856,0.7630865573883057,1.0501508712768555,1.3048385381698608,1.673327088356018,1.3531628847122192,1.446660041809082,1.336395502090454,1.5500279664993286,1.7957911491394043,1.7907663583755493,1.4410511255264282,1.1786941289901733,0.8753383755683899,0.9010516405105591,1.0412626266479492,1.1477653980255127,1.4746325016021729,1.7127426862716675,1.0185052156448364,0.8204838037490845,1.1622763872146606,1.221588373184204,1.595738172531128,1.8026059865951538,2.000725030899048,1.8108766078948975,1.6574374437332153,1.370928406715393,1.0223549604415894,1.0802443027496338,0.8381479382514954,1.1550894975662231,1.1836061477661133,1.622041940689087,1.2922916412353516,1.4666979312896729,1.3192741870880127,1.6175886392593384,1.744267225265503,1.7894731760025024,1.5393725633621216,1.4503346681594849,1.2596561908721924,1.0831778049468994,1.3465274572372437,1.3206188678741455,1.702802062034607,1.862108826637268
A12,0.8022979497909546,0.5451653599739075,0.513219952583313,0.6338055729866028,0.881200909614563,1.2424558401107788,1.4377793073654175,1.2317177057266235,0.9410758018493652,0.6021649241447449,0.3824789524078369,0.0,0.3838050663471222,0.5891150236129761,0.9611575603485107,1.66451895236969,1.3433308601379395,1.3578526973724365,1.2260912656784058,1.3632088899612427,1.642823576927185,1.6261225938796997,1.274329423904419,0.956425666809082,0.6685441136360168,0.8163037896156311,0.9441004395484924,1.1259145736694336,1.4162274599075317,1.68635094165802,1.6657675504684448,1.3260761499404907,1.3157185316085815,1.1482601165771484,1.2848681211471558,1.5245250463485718,1.4802442789077759,1.1179701089859009,0.8349029421806335,0.5739635825157166,0.7494075894355774,0.9345241189002991,1.162331461906433,1.4569095373153687,1.7634844779968262,1.1031763553619385,0.9031731486320496,1.2030322551727295,1.2147492170333862,1.5801262855529785,1.7115027904510498,1.9258283376693726,1.7905328273773193,1.7133567333221436,1.4971116781234741,1.1380360126495361,1.2640796899795532,1.0719141960144043,1.3758816719055176,1.4119888544082642,1.7741725444793701,1.4853465557098389,1.7168874740600586,1.6248118877410889,1.9378471374511719,2.0994808673858643,2.1481430530548096,1.8775091171264648,1.7464946508407593,1.5067634582519531,1.3335086107254028,1.5283722877502441,1.4394805431365967,1.8077517747879028,1.9090443849563599
A13,0.5657942295074463,0.3969325125217438,0.6241843104362488,0.8545365333557129,1.1673455238342285,1.4994126558303833,1.7379714250564575,1.5517430305480957,1.2921825647354126,0.9508312940597534,0.6374257802963257,0.3838050663471222,0.0,0.3848494291305542,0.6547683477401733,1.8373268842697144,1.4979333877563477,1.5681239366531372,1.4093661308288574,1.5892200469970703,1.8195199966430664,1.7804946899414062,1.4218084812164307,1.1740062236785889,0.935390293598175,1.0148104429244995,1.208171010017395,1.3220431804656982,1.6578162908554077,1.8828294277191162,1.573310136795044,1.201034665107727,1.1523669958114624,0.9004644751548767,1.03542160987854,1.2130259275436401,1.1622518301010132,0.8120046854019165,0.6097968220710754,0.45267361402511597,0.5917412638664246,0.9085112810134888,1.1548972129821777,1.468812346458435,1.794960856437683,1.0072768926620483,0.7507338523864746,0.9504006505012512,0.9057125449180603,1.2511541843414307,1.346545696258545,1.5799115896224976,1.487247109413147,1.4525113105773926,1.2947348356246948,0.94167560338974,1.120345115661621,1.0259714126586914,1.3254060745239258,1.4441512823104858,1.7551690340042114,1.4804890155792236,1.708667516708374,1.6507946252822876,1.949473261833191,2.1678764820098877,2.209244966506958,1.9042378664016724,1.7054502964019775,1.414659857749939,1.2837482690811157,1.4151203632354736,1.3308285474777222,1.6791812181472778,1.7841917276382446
A14,0.5260266661643982,0.6032034158706665,0.7388471364974976,1.0623897314071655,1.3092951774597168,1.6639858484268188,1.9336482286453247,1.7827752828598022,1.5090727806091309,1.1879088878631592,0.9342318177223206,0.5891150236129761,0.3848494291305542,0.0,0.3972262144088745,2.1983425617218018,1.8595961332321167,1.8934401273727417,1.707141399383545,1.828188180923462,2.0357320308685303,1.9304641485214233,1.5561928749084473,1.3235629796981812,1.158203125,1.3296154737472534,1.5188275575637817,1.6698914766311646,1.982970118522644,2.219485282897949,1.8235726356506348,1.4623256921768188,1.3223626613616943,1.0239355564117432,1.017381191253662,1.140419363975525,0.9782778024673462,0.6016122102737427,0.4394148588180542,0.5286118984222412,0.8309704065322876,1.12407386302948,1.4364440441131592,1.7008837461471558,2.0601165294647217,1.1767054796218872,1.007935881614685,1.1758151054382324,1.1439155340194702,1.446658968925476,1.4653241634368896,1.7274339199066162,1.7080256938934326,1.7337456941604614,1.624951720237732,1.2809661626815796,1.444568395614624,1.3394945859909058,1.587702751159668,1.6619952917099,2.0949904918670654,1.8438282012939453,2.087549924850464,2.0355141162872314,2.330519437789917,2.54328989982605,2.5666069984436035,2.251960277557373,2.0564827919006348,1.7728300094604492,1.6642745733261108,1.779342532157898,1.6757159233093262,2.0037662982940674,2.0686068534851074
A15,0.5725342035293579,0.8097695708274841,1.0382359027862549,1.3835328817367554,1.6531349420547485,1.9836727380752563,2.2795732021331787,2.144280433654785,1.8872383832931519,1.5630885362625122,1.2728663682937622,0.9611575603485107,0.6547683477401733,0.3972262144088745,0.0,2.482304096221924,2.1381959915161133,2.2031090259552,2.0033655166625977,2.144137382507324,2.315246343612671,2.1899993419647217,1.8224821090698242,1.6427173614501953,1.505656123161316,1.641941785812378,1.8579728603363037,1.9723178148269653,2.3061296939849854,2.5126380920410156,1.9146931171417236,1.5544335842132568,1.3703564405441284,1.012148141860962,0.9369871616363525,0.9186548590660095,0.6708492636680603,0.3380535840988159,0.48248720169067383,0.7586932182312012,0.9853355884552002,1.3166300058364868,1.6236262321472168,1.8781658411026,2.2421321868896484,1.2811442613601685,1.1201040744781494,1.160713791847229,1.0852664709091187,1.3062993288040161,1.2415493726730347,1.5269681215286255,1.5907925367355347,1.6799736022949219,1.6490020751953125,1.3473068475723267,1.527622103691101,1.500769853591919,1.7134382724761963,1.8356678485870361,2.2487926483154297,2.0209805965423584,2.253833293914795,2.2270870208740234,2.501115560531616,2.749336004257202,2.7618062496185303,2.426386833190918,2.187532901763916,1.8815584182739258,1.8179802894592285,1.8770220279693604,1.7816463708877563,2.069988965988159,2.1265337467193604
B1,2.203770399093628,1.8231592178344727,1.8127858638763428,1.5056383609771729,1.6222275495529175,1.6249226331710815,1.4601716995239258,1.175650954246521,1.2149397134780884,1.2422491312026978,1.320840835571289,1.66451895236969,1.8373268842697144,2.1983425617218018,2.482304096221924,0.0,0.3872026205062866,0.6111953854560852,0.9632783532142639,1.2490193843841553,1.5281347036361694,1.8628257513046265,1.7970600128173828,1.6170759201049805,1.3552327156066895,1.0035752058029175,0.8012816309928894,0.5710928440093994,0.5215720534324646,0.6066999435424805,1.7655611038208008,1.6682078838348389,1.9857656955718994,2.0974316596984863,2.4297754764556885,2.7141525745391846,2.8577651977539062,2.577082872390747,2.317066192626953,1.9472486972808838,1.7315161228179932,1.6549420356750488,1.4110426902770996,1.6286998987197876,1.5447311401367188,1.9203906059265137,1.7180448770523071,1.9277119636535645,1.9396158456802368,2.2027857303619385,2.4913599491119385,2.5302696228027344,2.195068120956421,1.9104585647583008,1.5750927925109863,1.5091915130615234,1.4994460344314575,1.406026005744934,1.6443336009979248,1.7306218147277832,1.2066290378570557,0.9594742059707642,0.8692002296447754,0.6884012818336487,0.8817291259765625,0.8246375918388367,1.0977709293365479,1.1523674726486206,1.2443927526474,1.2553189992904663,1.0054922103881836,1.2404450178146362,1.3147817850112915,1.5404034852981567,1.7682151794433594
B2,1.9108885526657104,1.5358328819274902,1.5607632398605347,1.3020570278167725,1.4741123914718628,1.5657682418823242,1.470298409461975,1.146207571029663,1.0742591619491577,0.9863100051879883,1.033286452293396,1.3433308601379395,1.4979333877563477,1.8595961332321167,2.1381959915161133,0.3872026205062866,0.0,0.388071745634079,0.6508877873420715,0.9909772872924805,1.275635004043579,1.5715737342834473,1.4649015665054321,1.285668134689331,1.0208431482315063,0.6442069411277771,0.5465552806854248,0.4061223864555359,0.6073732972145081,0.8260993957519531,1.4359934329986572,1.3065152168273926,1.608846664428711,1.717280626296997,2.0451982021331787,2.3369133472442627,2.486889600753784,2.2121243476867676,1.9470624923706055,1.574537992477417,1.3493428230285645,1.2693419456481934,1.038501262664795,1.2847249507904053,1.2608520984649658,1.7298896312713623,1.4787644147872925,1.6861293315887451,1.6552733182907104,1.9330803155899048,2.1904468536376953,2.2295708656311035,1.9037336111068726,1.6543796062469482,1.3390966653823853,1.2402185201644897,1.3066365718841553,1.2313141822814941,1.5357043743133545,1.657437801361084,0.9739919304847717,0.6838597059249878,0.7362024784088135,0.6333004236221313,0.9590314626693726,1.0437207221984863,1.2952284812927246,1.2416175603866577,1.2301579713821411,1.1233851909637451,0.7976368069648743,1.0132149457931519,1.0151773691177368,1.2879658937454224,1.4887770414352417
B3,2.039832353591919,1.6745351552963257,1.6575566530227661,1.4110227823257446,1.5298383235931396,1.665213704109192,1.5279289484024048,1.1651781797409058,1.0247511863708496,0.9324081540107727,1.102584958076477,1.3578526973724365,1.5681239366531372,1.8934401273727417,2.2031090259552,0.6111953854560852,0.388071745634079,0.0,0.3805296719074249,0.6399288177490234,0.9438765645027161,1.260940432548523,1.201098918914795,1.045204520225525,0.8623038530349731,0.5674231648445129,0.5023969411849976,0.6260716319084167,0.7390353679656982,1.060617208480835,1.4157041311264038,1.331766128540039,1.5922259092330933,1.7438721656799316,2.0361416339874268,2.368805170059204,2.5260255336761475,2.2490174770355225,1.9414699077606201,1.5525062084197998,1.3698731660842896,1.1973412036895752,0.9873209595680237,1.1444674730300903,1.115539789199829,1.9634473323822021,1.7102675437927246,1.9454585313796997,1.8897109031677246,2.18263578414917,2.3971898555755615,2.4250826835632324,2.1081361770629883,1.907945156097412,1.6304093599319458,1.5084784030914307,1.6217859983444214,1.5191898345947266,1.8411284685134888,1.9238722324371338,1.0544859170913696,0.8606109619140625,1.024480938911438,1.0057899951934814,1.3324693441390991,1.3922865390777588,1.6521066427230835,1.6149823665618896,1.6127729415893555,1.4839744567871094,1.135177493095398,1.3004590272903442,1.1980187892913818,1.450839638710022,1.5573352575302124
B4,1.935431957244873,1.6010175943374634,1.6207813024520874,1.4508037567138672,1.6038851737976074,1.8161028623580933,1.7340266704559326,1.365100383758545,1.1318058967590332,0.9194958806037903,1.069557785987854,1.2260912656784058,1.4093661308288574,1.707141399383545,2.0033655166625977,0.9632783532142639,0.6508877873420715,0.3805296719074249,0.0,0.3821011781692505,0.6539919376373291,0.9216644763946533,0.8401038646697998,0.7373809218406677,0.6500633358955383,0.4358590245246887,0.6199551820755005,0.857123851776123,1.061692476272583,1.3981711864471436,1.138184905052185,1.0621263980865479,1.2780253887176514,1.4597127437591553,1.7280819416046143,2.080995798110962,2.2590808868408203,2.003208875656128,1.6834617853164673,1.296804428100586,1.113556146621704,0.8727004528045654,0.6831091642379761,0.7969893217086792,0.8396077156066895,1.9937044382095337,1.703458547592163,1.9170674085617065,1.8042218685150146,2.091109037399292,2.2499332427978516,2.2592201232910156,1.9605083465576172,1.8222824335098267,1.6027463674545288,1.4733598232269287,1.666245937347412,1.596565842628479,1.9538906812667847,2.0632104873657227,0.9661324620246887,0.8308520317077637,1.1198700666427612,1.1893497705459595,1.5536829233169556,1.6847686767578125,1.9434301853179932,1.8577663898468018,1.7896239757537842,1.5829029083251953,1.2067092657089233,1.2980672121047974,1.0919798612594604,1.3398953676223755,1.3648523092269897
B5,2.1286375522613525,1.8178755044937134,1.7912977933883667,1.63701593875885,1.7303740978240967,1.9641937017440796,1.8531746864318848,1.4828554391860962,1.2176522016525269,1.0335007905960083,1.2705868482589722,1.3632088899612427,1.5892200469970703,1.828188180923462,2.144137382507324,1.2490193843841553,0.9909772872924805,0.6399288177490234,0.3821011781692505,0.0,0.39228731393814087,0.652226448059082,0.65297931432724,0.6094263792037964,0.7005994915962219,0.6943612098693848,0.8380289673805237,1.151371955871582,1.2880356311798096,1.6572744846343994,1.3158421516418457,1.2839937210083008,1.4227180480957031,1.6224138736724854,1.829742431640625,2.206920623779297,2.3763740062713623,2.123117446899414,1.7748661041259766,1.4023033380508423,1.2972246408462524,0.9988535046577454,0.8968819379806519,0.875115156173706,0.9291405081748962,2.258942127227783,1.9860132932662964,2.221832752227783,2.107295274734497,2.4021496772766113,2.528123617172241,2.5373308658599854,2.258760452270508,2.1571667194366455,1.9598621129989624,1.8112565279006958,2.011233329772949,1.9123950004577637,2.2666454315185547,2.3377320766448975,1.2613115310668945,1.190700888633728,1.488768219947815,1.563424825668335,1.920595407485962,2.022881269454956,2.2795603275299072,2.2064132690429688,2.157447338104248,1.955643653869629,1.583813190460205,1.6684273481369019,1.4309552907943726,1.6525479555130005,1.6077300310134888
B6,2.379082202911377,2.094062566757202,2.1072428226470947,1.989431381225586,2.102322816848755,2.3501951694488525,2.245370864868164,1.8750916719436646,1.6056019067764282,1.3972834348678589,1.5993069410324097,1.642823576927185,1.8195199966430664,2.0357320308685303,2.315246343612671,1.5281347036361694,1.275635004043579,0.9438765645027161,0.6539919376373291,0.39228731393814087,0.0,0.3966839611530304,0.6057557463645935,0.7801482677459717,0.9975559115409851,1.0092191696166992,1.2112576961517334,1.498145580291748,1.6471223831176758,1.9986224174499512,1.2149592638015747,1.2867090702056885,1.3956592082977295,1.6630632877349854,1.8448286056518555,2.228424072265625,2.444162607192993,2.238835573196411,1.9016579389572144,1.557282567024231,1.4272528886795044,1.069247841835022,0.9444311261177063,0.7572150230407715,0.7472832798957825,2.5672943592071533,2.2677690982818604,2.463381290435791,2.2980287075042725,2.5579333305358887,2.6402833461761475,2.597498655319214,2.3211421966552734,2.263108491897583,2.123659133911133,2.022919178009033,2.2677459716796875,2.2168960571289062,2.5832583904266357,2.685899257659912,1.267116904258728,1.3103959560394287,1.6357446908950806,1.7871613502502441,2.1436257362365723,2.2759909629821777,2.5660111904144287,2.502875804901123,2.4259655475616455,2.195619821548462,1.808454990386963,1.8166242837905884,1.522864580154419,1.6682946681976318,1.534210443496704
B7,2.339189291000366,2.103039026260376,2.122682809829712,2.0693044662475586,2.1846323013305664,2.4782979488372803,2.4157700538635254,2.058222770690918,1.7454251050949097,1.4921597242355347,1.6747212409973145,1.6261225938796997,1.7804946899414062,1.9304641485214233,2.1899993419647217,1.8628257513046265,1.5715737342834473,1.260940432548523,0.9216644763946533,0.652226448059082,0.3966839611530304,0.0,0.3760983645915985,0.6956211924552917,1.033349633216858,1.1660524606704712,1.4199881553649902,1.742811679840088,1.926222324371338,2.292994737625122,1.2508076429367065,1.3059114217758179,1.302844762802124,1.5567175149917603,1.6625772714614868,2.050156354904175,2.257387161254883,2.076385736465454,1.7391095161437988,1.4423648118972778,1.3775709867477417,1.0089799165725708,1.010514497756958,0.7711105942726135,0.8995199799537659,2.6363747119903564,2.3362491130828857,2.5234456062316895,2.3372867107391357,2.592554807662964,2.622371196746826,2.585010051727295,2.351677179336548,2.3514187335968018,2.253331422805786,2.1275851726531982,2.402590036392212,2.3530049324035645,2.7258141040802,2.826124668121338,1.5008227825164795,1.545632004737854,1.9058449268341064,2.063279390335083,2.433854579925537,2.5935463905334473,2.862700939178467,2.760806083679199,2.654153347015381,2.388866901397705,2.011707305908203,2.001220941543579,1.674357295036316,1.8222171068191528,1.6365458965301514
B8,1.9750679731369019,1.7550972700119019,1.7790855169296265,1.762204885482788,1.896738886833191,2.216935157775879,2.203773021697998,1.8608686923980713,1.5232175588607788,1.2227463722229004,1.3676265478134155,1.274329423904419,1.4218084812164307,1.5561928749084473,1.8224821090698242,1.7970600128173828,1.4649015665054321,1.201098918914795,0.8401038646697998,0.65297931432724,0.6057557463645935,0.3760983645915985,0.0,0.37886789441108704,0.7394436597824097,0.9432517290115356,1.2340002059936523,1.568713903427124,1.7951445579528809,2.163884401321411,1.1810333728790283,1.1270103454589844,1.0821232795715332,1.2706573009490967,1.3670154809951782,1.75669264793396,1.9296482801437378,1.723630666732788,1.376354455947876,1.0761164426803589,1.0558370351791382,0.7160418629646301,0.8308945894241333,0.7084233164787292,0.976332426071167,2.3100931644439697,2.0169405937194824,2.2114524841308594,2.037313938140869,2.3098137378692627,2.3376638889312744,2.3419148921966553,2.1323938369750977,2.137835741043091,2.0317230224609375,1.8618266582489014,2.1359879970550537,2.0727598667144775,2.443471908569336,2.5394515991210938,1.4766831398010254,1.4460784196853638,1.8164327144622803,1.9382116794586182,2.3173668384552,2.4933724403381348,2.7246615886688232,2.5801703929901123,2.455793857574463,2.175503969192505,1.8194894790649414,1.8345643281936646,1.5210076570510864,1.727003574371338,1.5830464363098145
B9,1.7119767665863037,1.4690473079681396,1.4431577920913696,1.406818151473999,1.5216275453567505,1.8454363346099854,1.8434922695159912,1.5121761560440063,1.163399577140808,0.8587616682052612,1.0341061353683472,0.956425666809082,1.1740062236785889,1.3235629796981812,1.6427173614501953,1.6170759201049805,1.285668134689331,1.045204520225525,0.7373809218406677,0.6094263792037964,0.7801482677459717,0.6956211924552917,0.37886789441108704,0.0,0.3937284052371979,0.6949425935745239,0.9448046088218689,1.3028830289840698,1.5241947174072266,1.899835228919983,1.334710955619812,1.1836401224136353,1.1718833446502686,1.2705880403518677,1.3908023834228516,1.7668792009353638,1.878427267074585,1.6117300987243652,1.2447211742401123,0.9060859680175781,0.9453160762786865,0.6971744298934937,0.8546498417854309,0.8977901339530945,1.1718475818634033,2.009150981903076,1.746497392654419,1.988166093826294,1.8699275255203247,2.1821341514587402,2.2529702186584473,2.316347599029541,2.1091389656066895,2.073070764541626,1.9114515781402588,1.6848468780517578,1.9137554168701172,1.7964810132980347,2.1540281772613525,2.2133617401123047,1.5226820707321167,1.3967169523239136,1.7372276782989502,1.7865855693817139,2.160499334335327,2.309725046157837,2.500944137573242,2.340386390686035,2.2395577430725098,1.9847984313964844,1.6528555154800415,1.7416342496871948,1.485598087310791,1.7605564594268799,1.6996924877166748
B10,1.4540213346481323,1.1614315509796143,1.1182284355163574,1.0361689329147339,1.1772449016571045,1.4890745878219604,1.5078957080841064,1.180838942527771,0.839354932308197,0.4929772913455963,0.6554164290428162,0.6685441136360168,0.935390293598175,1.158203125,1.505656123161316,1.3552327156066895,1.0208431482315063,0.8623038530349731,0.6500633358955383,0.7005994915962219,0.9975559115409851,1.033349633216858,0.7394436597824097,0.3937284052371979,0.0,0.393452525138855,0.6125550270080566,0.9565408229827881,1.2032766342163086,1.5641801357269287,1.3834928274154663,1.1587283611297607,1.217156171798706,1.2495163679122925,1.4313037395477295,1.775540828704834,1.8543603420257568,1.5457954406738281,1.1944890022277832,0.8193848729133606,0.8342247605323792,0.7126390933990479,0.8324199914932251,1.0267672538757324,1.2782710790634155,1.6557276248931885,1.4065641164779663,1.6802352666854858,1.6127005815505981,1.9517755508422852,2.079212188720703,2.1838433742523193,1.9653279781341553,1.8754175901412964,1.6582063436508179,1.3957592248916626,1.5775057077407837,1.4255467653274536,1.7756414413452148,1.825178861618042,1.4424883127212524,1.2261258363723755,1.5204709768295288,1.5028572082519531,1.864548921585083,2.000650644302368,2.1568286418914795,1.9794061183929443,1.8914183378219604,1.6600983142852783,1.3543156385421753,1.5087687969207764,1.3237743377685547,1.652514100074768,1.6824039220809937
B11,1.5172683000564575,1.1738628149032593,1.1877684593200684,1.0335265398025513,1.2271493673324585,1.4703346490859985,1.463722825050354,1.1192220449447632,0.8560492396354675,0.5622448921203613,0.6367048025131226,0.8163037896156311,1.0148104429244995,1.3296154737472534,1.641941785812378,1.0035752058029175,0.6442069411277771,0.5674231648445129,0.4358590245246887,0.6943612098693848,1.0092191696166992,1.1660524606704712,0.9432517290115356,0.6949425935745239,0.393452525138855,0.0,0.3822912573814392,0.6443979740142822,0.9420152902603149,1.273932695388794,1.2423995733261108,1.0283397436141968,1.2062315940856934,1.273978352546692,1.5408819913864136,1.8662241697311401,1.9858486652374268,1.6925849914550781,1.3815830945968628,0.9942124485969543,0.855518102645874,0.7531672716140747,0.6972836852073669,0.9650642275810242,1.1328248977661133,1.5749393701553345,1.2968672513961792,1.5449482202529907,1.475167989730835,1.7999327182769775,1.9781521558761597,2.055786609649658,1.7895129919052124,1.6418043375015259,1.3879449367523193,1.1710256338119507,1.3394685983657837,1.2242523431777954,1.585172414779663,1.6818784475326538,1.1342706680297852,0.8749619722366333,1.1391260623931885,1.115838885307312,1.4811413288116455,1.6267575025558472,1.8097035884857178,1.652225136756897,1.5644134283065796,1.3438674211502075,1.0106322765350342,1.1793287992477417,1.0330157279968262,1.3687199354171753,1.4613398313522339
B12,1.6290686130523682,1.260315179824829,1.182988166809082,0.9193635582923889,1.0329089164733887,1.2035505771636963,1.1301188468933105,0.7724633812904358,0.5755385756492615,0.4603094458580017,0.6475363969802856,0.9441004395484924,1.208171010017395,1.5188275575637817,1.8579728603363037,0.8012816309928894,0.5465552806854248,0.5023969411849976,0.6199551820755005,0.8380289673805237,1.2112576961517334,1.4199881553649902,1.2340002059936523,0.9448046088218689,0.6125550270080566,0.3822912573814392,0.0,0.38791322708129883,0.5934026837348938,0.9576340913772583,1.5884395837783813,1.3854467868804932,1.582563877105713,1.6261380910873413,1.8897889852523804,2.1991827487945557,2.2819039821624756,1.9623074531555176,1.6572048664093018,1.2835769653320312,1.1921195983886719,1.1316475868225098,1.0630872249603271,1.3165825605392456,1.4247220754623413,1.5489667654037476,1.3391863107681274,1.6384587287902832,1.6500262022018433,1.9901825189590454,2.2179083824157715,2.326756477355957,2.0552585124969482,1.8570228815078735,1.5459518432617188,1.31365966796875,1.3782144784927368,1.182950496673584,1.4970797300338745,1.5248386859893799,1.34959077835083,1.056059718132019,1.2143911123275757,1.084741234779358,1.4049596786499023,1.4611090421676636,1.6112943887710571,1.4877676963806152,1.4851351976394653,1.3575046062469482,1.0720549821853638,1.3318284749984741,1.279429316520691,1.617078423500061,1.7618610858917236
B13,1.6651756763458252,1.2824490070343018,1.2434899806976318,0.9405067563056946,1.0918394327163696,1.162872552871704,1.0961017608642578,0.7950589656829834,0.760387659072876,0.7337003946304321,0.7630865573883057,1.1259145736694336,1.3220431804656982,1.6698914766311646,1.9723178148269653,0.5710928440093994,0.4061223864555359,0.6260716319084167,0.857123851776123,1.151371955871582,1.498145580291748,1.742811679840088,1.568713903427124,1.3028830289840698,0.9565408229827881,0.6443979740142822,0.38791322708129883,0.0,0.3854871988296509,0.6403836011886597,1.6862406730651855,1.4774974584579468,1.7290842533111572,1.7550504207611084,2.057687759399414,2.329326629638672,2.4145259857177734,2.102983236312866,1.843340516090393,1.488832950592041,1.3414462804794312,1.3445202112197876,1.2174773216247559,1.5133450031280518,1.573676586151123,1.4243882894515991,1.2316511869430542,1.505576491355896,1.556698203086853,1.8761264085769653,2.156768321990967,2.268364191055298,1.98029363155365,1.7240338325500488,1.3699226379394531,1.1719539165496826,1.156995415687561,0.9716886878013611,1.251731038093567,1.3075168132781982,1.3178298473358154,0.9776300191879272,1.0114578008651733,0.785521924495697,1.0599313974380493,1.093953013420105,1.22450590133667,1.1068181991577148,1.13413405418396,1.0696911811828613,0.8335499167442322,1.1537286043167114,1.2123793363571167,1.5433299541473389,1.7677372694015503
