,A1,A2,A3,A4,A5,A6,A7,A8,A9,A10,A11,A12,A13,A14,A15,B1,B2,B3,B4,B5,B6,B7,B8,B9,B10,B11,B12,B13,B14,B15,C1,C2,C3,C4,C5,C6,C7,C8,C9,C10,C11,C12,C13,C14,C15,D1,D2,D3,D4,D5,D6,D7,D8,D9,D10,D11,D12,D13,D14,D15,E1,E2,E3,E4,E5,E6,E7,E8,E9,E10,E11,E12,E13,E14,E15
A1,0.0,0.3894139528274536,0.6270492672920227,0.7943747639656067,1.1108075380325317,1.3695731163024902,1.6261175870895386,1.970457673072815,2.2304537296295166,2.559795618057251,2.8515875339508057,3.1343910694122314,3.4184701442718506,3.7165119647979736,3.952784776687622,1.101433277130127,0.9979185461997986,0.9066362380981445,1.2963255643844604,1.3912473917007446,1.692116379737854,1.9969629049301147,2.232218027114868,2.5803184509277344,2.798760414123535,3.170165777206421,3.3700509071350098,3.692904472351074,3.9724361896514893,4.134529113769531,1.7490713596343994,1.6925928592681885,1.4062752723693848,1.6526832580566406,1.729692816734314,1.8462566137313843,2.202423334121704,2.291879892349243,2.6764280796051025,2.8245835304260254,3.1980433464050293,3.384857177734375,3.6576030254364014,3.97536301612854,4.058850288391113,1.8019732236862183,1.841404676437378,1.540616512298584,1.5775120258331299,1.7609072923660278,1.68427574634552,2.051670551300049,2.1280035972595215,2.451154947280884,2.652620315551758,2.940631628036499,3.213381767272949,3.40132474899292,3.7734899520874023,3.8591299057006836,1.2276134490966797,1.3757232427597046,1.230871558189392,1.1061753034591675,1.4454582929611206,1.4069325923919678,1.7287554740905762,1.9543043375015259,2.209052801132202,2.5218513011932373,2.7695693969726562,3.0957722663879395,3.298316240310669,3.6502838134765625,3.8436074256896973
A2,0.3894139528274536,0.0,0.3748057186603546,0.5907058715820312,0.8050965070724487,1.1244484186172485,1.3620227575302124,1.6990621089935303,1.9739705324172974,2.2802155017852783,2.5937881469726562,2.85124135017395,3.154446601867676,3.439735174179077,3.6692869663238525,1.2685338258743286,1.0678139925003052,0.8718276619911194,1.215773582458496,1.216437578201294,1.489976406097412,1.7884441614151,1.9746525287628174,2.3355958461761475,2.517892599105835,2.9005537033081055,3.0786845684051514,3.4030981063842773,3.679760217666626,3.8210599422454834,1.7993453741073608,1.6972527503967285,1.3589396476745605,1.5253523588180542,1.557225227355957,1.6073461771011353,1.9541791677474976,1.9961847066879272,2.378490924835205,2.505075216293335,2.872952461242676,3.056644916534424,3.3156490325927734,3.6398487091064453,3.7104427814483643,1.723784327507019,1.7246497869491577,1.4089335203170776,1.355386734008789,1.5146186351776123,1.3766415119171143,1.723894476890564,1.786176085472107,2.0914695262908936,2.299518585205078,2.5726704597473145,2.856564998626709,3.0362117290496826,3.41143536567688,3.50778865814209,1.0716273784637451,1.138184905052185,0.9961239099502563,0.7801365256309509,1.1113511323928833,1.0648348331451416,1.3632012605667114,1.616081714630127,1.8589322566986084,2.1875693798065186,2.435208320617676,2.761725902557373,2.9774672985076904,3.318840265274048,3.5288169384002686
A3,0.6270492672920227,0.3748057186603546,0.0,0.3984081745147705,0.6013357639312744,0.8854436874389648,1.1945236921310425,1.4849501848220825,1.8025550842285156,2.0875532627105713,2.4197120666503906,2.6758365631103516,2.972276449203491,3.276857376098633,3.478891611099243,1.1646654605865479,0.9649692177772522,0.663631796836853,0.9430698156356812,0.9644213914871216,1.1854641437530518,1.519611120223999,1.6975123882293701,2.0673439502716064,2.264108657836914,2.640467643737793,2.843266248703003,3.1510660648345947,3.4493680000305176,3.5906965732574463,1.503061056137085,1.3868286609649658,1.0309745073318481,1.1592457294464111,1.2092441320419312,1.255415678024292,1.617114543914795,1.6944854259490967,2.0750274658203125,2.2391130924224854,2.6021690368652344,2.812089443206787,3.0754475593566895,3.4049572944641113,3.5053772926330566,1.4185842275619507,1.3750865459442139,1.0455069541931152,0.9988687634468079,1.1535091400146484,1.0585663318634033,1.4293417930603027,1.535491943359375,1.8642555475234985,2.0928618907928467,2.393109083175659,2.6735475063323975,2.887921094894409,3.251924753189087,3.3706114292144775,0.9577797055244446,0.9313115477561951,0.6951100826263428,0.5205867886543274,0.8287310004234314,0.8298770189285278,1.1855577230453491,1.431688904762268,1.729236125946045,2.033160448074341,2.325690984725952,2.6244876384735107,2.869239330291748,3.205552577972412,3.399693727493286
A4,0.7943747639656067,0.5907058715820312,0.3984081745147705,0.0,0.3908536434173584,0.5762280225753784,0.8715394139289856,1.1888929605484009,1.4749988317489624,1.791305422782898,2.095961570739746,2.378455638885498,2.6574974060058594,2.970266580581665,3.1868896484375,1.000792384147644,0.7022251486778259,0.42093637585639954,0.6726542115211487,0.6266568899154663,0.9237538576126099,1.2132624387741089,1.439441442489624,1.786744236946106,2.007955551147461,2.3764774799346924,2.584648609161377,2.903718948364258,3.188383102416992,3.359511613845825,1.4997568130493164,1.2901378870010376,0.9402374625205994,1.0983428955078125,1.0370498895645142,1.1438308954238892,1.460326910018921,1.5361387729644775,1.9214967489242554,2.0642271041870117,2.4464218616485596,2.6250011920928955,2.916752576828003,3.221357822418213,3.326958179473877,1.638961672782898,1.5109716653823853,1.1432571411132812,1.1221342086791992,1.1464860439300537,1.03947913646698,1.3902641534805298,1.4181630611419678,1.774092674255371,1.9418871402740479,2.268558979034424,2.5094215869903564,2.733583927154541,3.0888452529907227,3.175170660018921,1.34112548828125,1.2564256191253662,0.9628340601921082,0.7380658388137817,0.8937936425209045,0.7365099787712097,1.089706540107727,1.2371081113815308,1.5428849458694458,1.810323715209961,2.099562644958496,2.3956425189971924,2.6178338527679443,2.9709298610687256,3.1369850635528564
A5,1.1108075380325317,0.8050965070724487,0.6013357639312744,0.3908536434173584,0.0,0.3775344789028168,0.6122554540634155,0.9056384563446045,1.2160545587539673,1.4955202341079712,1.8300682306289673,2.0786798000335693,2.3814163208007812,2.678485631942749,2.886713743209839,1.3504891395568848,1.0273442268371582,0.740165114402771,0.8235215544700623,0.5962983965873718,0.7969179749488831,1.0437520742416382,1.1830943822860718,1.5447371006011963,1.712944746017456,2.096849203109741,2.275799036026001,2.5987446308135986,2.8787245750427246,3.0270369052886963,1.7026987075805664,1.460494041442871,1.0979621410369873,1.1233000755310059,0.9746633172035217,0.9659827947616577,1.2412477731704712,1.2352672815322876,1.6184358596801758,1.7257064580917358,2.1058123111724854,2.2762610912323,2.556222915649414,2.866685628890991,2.9582571983337402,1.7108486890792847,1.538415789604187,1.1834306716918945,1.0440707206726074,0.9868325591087341,0.7726128697395325,1.073241949081421,1.053514838218689,1.3971896171569824,1.562413215637207,1.8806153535842896,2.129467487335205,2.3493030071258545,2.707345485687256,2.8040707111358643,1.3957738876342773,1.2176984548568726,0.9432909488677979,0.6306546330451965,0.6377516984939575,0.3712804615497589,0.701499342918396,0.8601081967353821,1.1674280166625977,1.4482837915420532,1.7457422018051147,2.0390021800994873,2.2792513370513916,2.620900869369507,2.8033056259155273
A6,1.3695731163024902,1.1244484186172485,0.8854436874389648,0.5762280225753784,0.3775344789028168,0.0,0.3911331593990326,0.625782310962677,0.9462540149688721,1.2373396158218384,1.5554906129837036,1.8324955701828003,2.1067752838134766,2.430143356323242,2.628244161605835,1.3027158975601196,0.9739928841590881,0.7280880212783813,0.6301993727684021,0.283068984746933,0.4656081795692444,0.675920307636261,0.8725367188453674,1.2168694734573364,1.433763027191162,1.8009659051895142,2.012181043624878,2.3299813270568848,2.616009473800659,2.7952256202697754,1.608449935913086,1.3022511005401611,0.9810384511947632,0.9864820241928101,0.7316286563873291,0.7883460521697998,0.9985260963439941,1.032468557357788,1.4085355997085571,1.5307661294937134,1.9204769134521484,2.082026481628418,2.392040967941284,2.679659843444824,2.8024418354034424,1.784166932106018,1.5421491861343384,1.1861894130706787,1.1017884016036987,0.9266983866691589,0.7825868725776672,1.0384962558746338,0.9776577353477478,1.3513250350952148,1.462692379951477,1.8218994140625,2.0204765796661377,2.275212526321411,2.6085093021392822,2.6913506984710693,1.6815067529678345,1.4718478918075562,1.1507844924926758,0.9183492064476013,0.8085713982582092,0.5219649076461792,0.7925432324409485,0.7842910885810852,1.1314736604690552,1.3252631425857544,1.6502554416656494,1.9065513610839844,2.1432950496673584,2.491973876953125,2.6303601264953613
A7,1.6261175870895386,1.3620227575302124,1.1945236921310425,0.8715394139289856,0.6122554540634155,0.3911331593990326,0.0,0.38520002365112305,0.613853394985199,0.9353404641151428,1.2352567911148071,1.511475682258606,1.7973135709762573,2.100320339202881,2.3269941806793213,1.5815215110778809,1.2215344905853271,1.0549275875091553,0.9542568922042847,0.5674912333488464,0.6823499202728271,0.6667587757110596,0.7956267595291138,1.081451654434204,1.2445038557052612,1.6131319999694824,1.7760673761367798,2.1185975074768066,2.3672635555267334,2.553201198577881,1.9719514846801758,1.641974687576294,1.3480725288391113,1.332628846168518,1.0184675455093384,1.0246483087539673,1.1133264303207397,1.0346119403839111,1.3721883296966553,1.3982594013214111,1.7915778160095215,1.8890422582626343,2.2062182426452637,2.467158079147339,2.5597517490386963,2.1523478031158447,1.897608757019043,1.554513931274414,1.4287196397781372,1.2048906087875366,0.9934285879135132,1.1321355104446411,0.9317800402641296,1.256874442100525,1.272806167602539,1.61649489402771,1.7769989967346191,2.0085909366607666,2.339275360107422,2.383528709411621,1.9882824420928955,1.7651066780090332,1.477912187576294,1.192545771598816,1.0339572429656982,0.6742085218429565,0.7503950595855713,0.588080108165741,0.8602427244186401,1.0209028720855713,1.3105125427246094,1.5795913934707642,1.786607027053833,2.1471033096313477,2.282735824584961
A8,1.970457673072815,1.6990621089935303,1.4849501848220825,1.1888929605484009,0.9056384563446045,0.625782310962677,0.38520002365112305,0.0,0.3870300054550171,0.6132861375808716,0.952909529209137,1.210540771484375,1.4917354583740234,1.8121052980422974,2.0036797523498535,1.8302820920944214,1.4984548091888428,1.3201956748962402,1.1175739765167236,0.7461353540420532,0.6557517647743225,0.4749208390712738,0.4533732533454895,0.7143328189849854,0.8607040643692017,1.2316642999649048,1.4074769020080566,1.742122769355774,2.0057451725006104,2.194296360015869,2.0530970096588135,1.7055137157440186,1.4526407718658447,1.3499135971069336,0.984452486038208,0.932606041431427,0.8838731646537781,0.7545060515403748,1.0431263446807861,1.0521796941757202,1.4432404041290283,1.536229133605957,1.8681598901748657,2.118643045425415,2.2390236854553223,2.224034309387207,1.9232962131500244,1.6183152198791504,1.4769179821014404,1.1710243225097656,0.9886037707328796,1.0104941129684448,0.7589761018753052,1.0584133863449097,1.0187526941299438,1.3895378112792969,1.505675196647644,1.7765833139419556,2.0778210163116455,2.134716033935547,2.1902520656585693,1.917877435684204,1.6298457384109497,1.3912607431411743,1.1372288465499878,0.8324635624885559,0.8115003108978271,0.5084876418113708,0.7795512080192566,0.8093793988227844,1.1478403806686401,1.3468025922775269,1.5831185579299927,1.9253818988800049,2.031874418258667
A9,2.2304537296295166,1.9739705324172974,1.8025550842285156,1.4749988317489624,1.2160545587539673,0.9462540149688721,0.613853394985199,0.3870300054550171,0.0,0.38401728868484497,0.6225519180297852,0.9240265488624573,1.1880342960357666,1.5005677938461304,1.7331223487854004,2.0421359539031982,1.700663447380066,1.5905768871307373,1.3924612998962402,1.0288251638412476,0.982321560382843,0.6937826871871948,0.6672229170799255,0.7258334159851074,0.8166400790214539,1.1298413276672363,1.2538886070251465,1.6082688570022583,1.815686583518982,2.037158966064453,2.3610005378723145,1.9946906566619873,1.7715331315994263,1.6975171566009521,1.3188868761062622,1.2985330820083618,1.1886112689971924,1.031276822090149,1.228073239326477,1.1406712532043457,1.4995239973068237,1.4998650550842285,1.8426175117492676,2.0354318618774414,2.132498025894165,2.6047000885009766,2.2984654903411865,1.9927330017089844,1.8636127710342407,1.5517061948776245,1.3688908815383911,1.3494939804077148,1.0431814193725586,1.2579543590545654,1.0992693901062012,1.4257789850234985,1.4577387571334839,1.6991212368011475,1.9720821380615234,1.964504361152649,2.5514426231384277,2.288580894470215,2.0062694549560547,1.7464288473129272,1.5057529211044312,1.1792124509811401,1.0968409776687622,0.7380374073982239,0.8387693166732788,0.7420254349708557,0.9878124594688416,1.1636946201324463,1.3317705392837524,1.6909078359603882,1.7584478855133057
A10,2.559795618057251,2.2802155017852783,2.0875532627105713,1.791305422782898,1.4955202341079712,1.2373396158218384,0.9353404641151428,0.6132861375808716,0.38401728868484497,0.0,0.39521878957748413,0.5979170203208923,0.8930640816688538,1.2018285989761353,1.3962048292160034,2.3823635578155518,2.0528411865234375,1.91538405418396,1.686781644821167,1.332771897315979,1.1969623565673828,0.8820247054100037,0.6848732829093933,0.6049413084983826,0.5197975039482117,0.8097187876701355,0.8813818693161011,1.2422674894332886,1.4466216564178467,1.655086636543274,2.580888271331787,2.2189204692840576,2.012117862701416,1.872971534729004,1.491294264793396,1.4029396772384644,1.1985024213790894,0.9694255590438843,1.0475096702575684,0.8724153637886047,1.1876388788223267,1.1396620273590088,1.4850256443023682,1.6575440168380737,1.7622368335723877,2.757528305053711,2.4322781562805176,2.1639926433563232,2.002514123916626,1.6576405763626099,1.4776692390441895,1.3550620079040527,1.0198334455490112,1.1331452131271362,0.8884666562080383,1.1871881484985352,1.1491763591766357,1.4117754697799683,1.647074580192566,1.6476399898529053,2.7527143955230713,2.454969644546509,2.1933753490448,1.953398585319519,1.658201813697815,1.3760184049606323,1.215759038925171,0.8280360102653503,0.8414340019226074,0.5835785269737244,0.8220346570014954,0.8870002031326294,1.0866936445236206,1.4109086990356445,1.4578479528427124
A11,2.8515875339508057,2.5937881469726562,2.4197120666503906,2.095961570739746,1.8300682306289673,1.5554906129837036,1.2352567911148071,0.952909529209137,0.6225519180297852,0.39521878957748413,0.0,0.37402066588401794,0.5690339207649231,0.8947832584381104,1.1327600479125977,2.5967214107513428,2.2733449935913086,2.1876182556152344,1.9500473737716675,1.613528847694397,1.500950574874878,1.1434741020202637,1.0041345357894897,0.7997989654541016,0.7099564671516418,0.8182018995285034,0.8256829977035522,1.1673628091812134,1.288123607635498,1.5525298118591309,2.8498542308807373,2.4735023975372314,2.2998745441436768,2.1866543292999268,1.7975149154663086,1.7524049282073975,1.5246069431304932,1.32853102684021,1.3493037223815918,1.1475101709365845,1.3881161212921143,1.2516454458236694,1.5876597166061401,1.6714290380477905,1.765071153640747,3.1133787631988525,2.779167413711548,2.5094377994537354,2.374573230743408,2.0241992473602295,1.8643957376480103,1.7446491718292236,1.4116995334625244,1.493621587753296,1.2026433944702148,1.4365458488464355,1.305733323097229,1.5256547927856445,1.695523977279663,1.6194450855255127,3.128784418106079,2.8399336338043213,2.569070816040039,2.325739860534668,2.0442659854888916,1.7484276294708252,1.5941455364227295,1.2054824829101562,1.163283348083496,0.8627868890762329,0.9517529010772705,0.932449460029602,1.008963942527771,1.3185030221939087,1.2735607624053955
A12,3.1343910694122314,2.85124135017395,2.6758365631103516,2.378455638885498,2.0786798000335693,1.8324955701828003,1.511475682258606,1.210540771484375,0.9240265488624573,0.5979170203208923,0.37402066588401794,0.0,0.3672424554824829,0.6087165474891663,0.8253492116928101,2.940896511077881,2.6132543087005615,2.501446485519409,2.265937566757202,1.920386552810669,1.7774076461791992,1.4361367225646973,1.2179993391036987,0.9951291084289551,0.7591373324394226,0.77224200963974,0.6106709837913513,0.9390829205513,0.9964995384216309,1.2273236513137817,3.136744976043701,2.7693543434143066,2.588825225830078,2.4361939430236816,2.0539236068725586,1.953568696975708,1.6924407482147217,1.441112995147705,1.37908935546875,1.0967921018600464,1.2465685606002808,1.0241904258728027,1.32195246219635,1.3590484857559204,1.4219223260879517,3.3172531127929688,2.981471538543701,2.735048770904541,2.5634686946868896,2.206970691680908,2.029184579849243,1.8439584970474243,1.4974614381790161,1.4826208353042603,1.1366596221923828,1.2814292907714844,1.0684125423431396,1.2592136859893799,1.3736273050308228,1.2790321111679077,3.320230722427368,3.010939121246338,2.7679052352905273,2.524561882019043,2.2156286239624023,1.9451587200164795,1.729809045791626,1.3484281301498413,1.2272517681121826,0.8629621267318726,0.8602558374404907,0.701289713382721,0.758506715297699,1.0048924684524536,0.9342478513717651
A13,3.4184701442718506,3.154446601867676,2.972276449203491,2.6574974060058594,2.3814163208007812,2.1067752838134766,1.7973135709762573,1.4917354583740234,1.1880342960357666,0.8930640816688538,0.5690339207649231,0.3672424554824829,0.0,0.3886934518814087,0.5846976041793823,3.1335840225219727,2.8234336376190186,2.7402844429016113,2.4798738956451416,2.158698081970215,2.006442070007324,1.6384789943695068,1.4485275745391846,1.154310941696167,0.9581536054611206,0.8210781216621399,0.6531451940536499,0.8772951364517212,0.8447636961936951,1.148835301399231,3.3168866634368896,2.9422245025634766,2.7992074489593506,2.6535592079162598,2.2691452503204346,2.2007200717926025,1.912367343902588,1.7036738395690918,1.6025446653366089,1.3460373878479004,1.4377241134643555,1.1874922513961792,1.4634366035461426,1.412627935409546,1.500805377960205,3.570922613143921,3.2208521366119385,2.9834065437316895,2.841078519821167,2.472442865371704,2.330077648162842,2.1486384868621826,1.821928858757019,1.8128042221069336,1.4708163738250732,1.6015076637268066,1.3461873531341553,1.5206897258758545,1.5576921701431274,1.4246063232421875,3.638793468475342,3.3296079635620117,3.071033239364624,2.8436927795410156,2.5351343154907227,2.266923666000366,2.076125383377075,1.6909961700439453,1.591463565826416,1.229503870010376,1.208191156387329,1.0110186338424683,0.9856677055358887,1.153631567955017,0.9586009383201599
A14,3.7165119647979736,3.439735174179077,3.276857376098633,2.970266580581665,2.678485631942749,2.430143356323242,2.100320339202881,1.8121052980422974,1.5005677938461304,1.2018285989761353,0.8947832584381104,0.6087165474891663,0.3886934518814087,0.0,0.37516751885414124,3.4862606525421143,3.1645357608795166,3.080826997756958,2.8384828567504883,2.5035767555236816,2.3629090785980225,2.0042316913604736,1.797873616218567,1.5217080116271973,1.281282663345337,1.1289565563201904,0.8623507022857666,1.003400444984436,0.819877564907074,1.0627530813217163,3.693657875061035,3.3206233978271484,3.165296792984009,3.014380693435669,2.631204605102539,2.540074110031128,2.2528364658355713,2.010951280593872,1.8868201971054077,1.5859612226486206,1.616289734840393,1.3036516904830933,1.5026874542236328,1.376528263092041,1.3868860006332397,3.9068334102630615,3.5625383853912354,3.3274030685424805,3.1611976623535156,2.7979300022125244,2.629808187484741,2.42342209815979,2.0810351371765137,2.015707492828369,1.6473170518875122,1.6910135746002197,1.3853659629821777,1.474714994430542,1.4396114349365234,1.2331607341766357,3.9254934787750244,3.6131646633148193,3.3750064373016357,3.1306262016296387,2.8197202682495117,2.5507020950317383,2.320507287979126,1.9448943138122559,1.7796043157577515,1.4103260040283203,1.2864611148834229,1.0284838676452637,0.8944526314735413,0.9515203237533569,0.664261519908905
A15,3.952784776687622,3.6692869663238525,3.478891611099243,3.1868896484375,2.886713743209839,2.628244161605835,2.3269941806793213,2.0036797523498535,1.7331223487854004,1.3962048292160034,1.1327600479125977,0.8253492116928101,0.5846976041793823,0.37516751885414124,0.0,3.696342706680298,3.3890371322631836,3.28515887260437,3.016005277633667,2.6955907344818115,2.5096631050109863,2.154217004776001,1.9110136032104492,1.605064868927002,1.3354222774505615,1.0920461416244507,0.7934731245040894,0.7899268865585327,0.5041282773017883,0.753350019454956,3.800766706466675,3.436771869659424,3.3014044761657715,3.1158194541931152,2.743464231491089,2.632042169570923,2.3092644214630127,2.0747692584991455,1.8841521739959717,1.5898348093032837,1.5341792106628418,1.2046035528182983,1.3545401096343994,1.1545743942260742,1.2090773582458496,3.986767053604126,3.6318726539611816,3.428271532058716,3.2607622146606445,2.886359691619873,2.7454075813293457,2.504819393157959,2.190095901489258,2.092276096343994,1.7326898574829102,1.7523797750473022,1.4149941205978394,1.520981788635254,1.4091742038726807,1.2469773292541504,4.076472759246826,3.745823621749878,3.512704849243164,3.2979001998901367,2.9634335041046143,2.7283523082733154,2.49604868888855,2.1284561157226562,1.983302354812622,1.6018023490905762,1.5161257982254028,1.2073160409927368,1.1343520879745483,1.1010322570800781,0.7937887907028198
B1,1.101433277130127,1.2685338258743286,1.1646654605865479,1.000792384147644,1.3504891395568848,1.3027158975601196,1.5815215110778809,1.8302820920944214,2.0421359539031982,2.3823635578155518,2.5967214107513428,2.940896511077881,3.1335840225219727,3.4862606525421143,3.696342706680298,0.0,0.3840630352497101,0.6202952861785889,0.7924779653549194,1.1010288000106812,1.371407389640808,1.6153826713562012,1.9683845043182373,2.2248826026916504,2.5528106689453125,2.8483166694641113,3.127748489379883,3.4158565998077393,3.705998182296753,3.9432408809661865,1.140842318534851,0.9983593821525574,0.9189829230308533,1.3087257146835327,1.3636990785598755,1.6774998903274536,1.9570943117141724,2.181527853012085,2.5301101207733154,2.736844301223755,3.110758066177368,3.293055772781372,3.622119903564453,3.889784336090088,4.0506672859191895,1.8552448749542236,1.7562206983566284,1.4531015157699585,1.6884099245071411,1.7301431894302368,1.816609501838684,2.1740317344665527,2.237764596939087,2.621588706970215,2.7559008598327637,3.122628688812256,3.3091180324554443,3.5699479579925537,3.894680976867676,3.953367233276367,1.9201090335845947,1.9425538778305054,1.6286283731460571,1.6052610874176025,1.769500970840454,1.667325735092163,2.0304207801818848,2.0845439434051514,2.4102516174316406,2.595296859741211,2.888559341430664,3.148998737335205,3.3365039825439453,3.705601215362549,3.7978298664093018
B2,0.9979185461997986,1.0678139925003052,0.9649692177772522,0.7022251486778259,1.0273442268371582,0.9739928841590881,1.2215344905853271,1.4984548091888428,1.700663447380066,2.0528411865234375,2.2733449935913086,2.6132543087005615,2.8234336376190186,3.1645357608795166,3.3890371322631836,0.3840630352497101,0.0,0.37367120385169983,0.5907388925552368,0.7965224385261536,1.1230908632278442,1.3466362953186035,1.6928601264953613,1.9606118202209473,2.266730785369873,2.580613851547241,2.836007595062256,3.1419458389282227,3.4192214012145996,3.6500051021575928,1.3140811920166016,1.0886152982711792,0.9008184671401978,1.2369877099990845,1.2003746032714844,1.4815983772277832,1.7494608163833618,1.922966480255127,2.282703399658203,2.4533326625823975,2.8375232219696045,2.998974084854126,3.3278181552886963,3.5936622619628906,3.734070301055908,1.892837405204773,1.7557613849639893,1.4088655710220337,1.5641131401062012,1.5598121881484985,1.57943594455719,1.9224369525909424,1.9398460388183594,2.318756580352783,2.432661294937134,2.7918925285339355,2.9758691787719727,3.223107099533081,3.5529980659484863,3.6010539531707764,1.8420767784118652,1.8192731142044067,1.496180772781372,1.3900471925735474,1.5249019861221313,1.363347053527832,1.704433798789978,1.7419824600219727,2.051025152206421,2.2415823936462402,2.52164626121521,2.792846441268921,2.9733757972717285,3.3448526859283447,3.4477338790893555
B3,0.9066362380981445,0.8718276619911194,0.663631796836853,0.42093637585639954,0.740165114402771,0.7280880212783813,1.0549275875091553,1.3201956748962402,1.5905768871307373,1.91538405418396,2.1876182556152344,2.501446485519409,2.7402844429016113,3.080826997756958,3.28515887260437,0.6202952861785889,0.37367120385169983,0.0,0.39676347374916077,0.5950817465782166,0.8919112682342529,1.1909658908843994,1.4918253421783447,1.8052133321762085,2.088806390762329,2.4246745109558105,2.6775600910186768,2.97876238822937,3.275513172149658,3.477748155593872,1.1819559335708618,0.958074152469635,0.666388213634491,0.9499841928482056,0.935997724533081,1.1712265014648438,1.4795249700546265,1.6480540037155151,2.0186872482299805,2.206915855407715,2.5861165523529053,2.7753801345825195,3.0880703926086426,3.377270221710205,3.5193092823028564,1.5859090089797974,1.4398791790008545,1.0783880949020386,1.1984913349151611,1.2120964527130127,1.2289801836013794,1.5881147384643555,1.6446596384048462,2.0236892700195312,2.1778831481933594,2.534395456314087,2.745612382888794,2.999750852584839,3.335937261581421,3.4167251586914062,1.5283616781234741,1.4676272869110107,1.1330764293670654,1.0372323989868164,1.1665282249450684,1.0474505424499512,1.4152147769927979,1.4996131658554077,1.8345317840576172,2.04837703704834,2.356224536895752,2.624697208404541,2.8413095474243164,3.200512409210205,3.326802968978882
B4,1.2963255643844604,1.215773582458496,0.9430698156356812,0.6726542115211487,0.8235215544700623,0.6301993727684021,0.9542568922042847,1.1175739765167236,1.3924612998962402,1.686781644821167,1.9500473737716675,2.265937566757202,2.4798738956451416,2.8384828567504883,3.016005277633667,0.7924779653549194,0.5907388925552368,0.39676347374916077,0.0,0.38954007625579834,0.5821013450622559,0.8736270666122437,1.1964353322982788,1.4837238788604736,1.7975105047225952,2.107973337173462,2.3886470794677734,2.6703333854675293,2.9787697792053223,3.193453550338745,1.068857192993164,0.7462031841278076,0.4883316457271576,0.712439775466919,0.6113998293876648,0.9178047180175781,1.1743810176849365,1.391148328781128,1.7378010749816895,1.9507218599319458,2.3206865787506104,2.515188455581665,2.839630126953125,3.1147332191467285,3.2869279384613037,1.57667076587677,1.3439346551895142,0.9938682913780212,1.1339422464370728,1.0394883155822754,1.1179808378219604,1.4357918500900269,1.4881086349487305,1.8745542764663696,2.0060689449310303,2.3850009441375732,2.564009666442871,2.8481290340423584,3.1597983837127686,3.24536395072937,1.7277384996414185,1.5923019647598267,1.2251399755477905,1.1635552644729614,1.1674774885177612,1.0404325723648071,1.3824865818023682,1.3905119895935059,1.750025749206543,1.9016354084014893,2.235713481903076,2.462261438369751,2.6896419525146484,3.040452003479004,3.135187864303589
B5,1.3912473917007446,1.216437578201294,0.9644213914871216,0.6266568899154663,0.5962983965873718,0.283068984746933,0.5674912333488464,0.7461353540420532,1.0288251638412476,1.332771897315979,1.613528847694397,1.920386552810669,2.158698081970215,2.5035767555236816,2.6955907344818115,1.1010288000106812,0.7965224385261536,0.5950817465782166,0.38954007625579834,0.0,0.3782304525375366,0.6125719547271729,0.9119924902915955,1.220165491104126,1.4984151124954224,1.835601568222046,2.0836124420166016,2.3881938457489014,2.680772304534912,2.887036085128784,1.420555591583252,1.08742356300354,0.8052853345870972,0.8770347237586975,0.6215497851371765,0.8131511211395264,1.0171873569488525,1.1395562887191772,1.498983383178711,1.6568242311477661,2.041696786880493,2.207310199737549,2.5333292484283447,2.8054144382476807,2.9538862705230713,1.7647759914398193,1.5087809562683105,1.1510262489318848,1.1612720489501953,0.9857137799263,0.946681022644043,1.2158074378967285,1.1855041980743408,1.566636085510254,1.663946270942688,2.0385525226593018,2.210920572280884,2.4828526973724365,2.7997379302978516,2.873594045639038,1.7876471281051636,1.6017674207687378,1.251430630683899,1.086505651473999,1.0092729330062866,0.7807620763778687,1.0670660734176636,1.0250742435455322,1.3726763725280762,1.5215996503829956,1.848442792892456,2.0834434032440186,2.3077266216278076,2.6607465744018555,2.7669405937194824
B6,1.692116379737854,1.489976406097412,1.1854641437530518,0.9237538576126099,0.7969179749488831,0.4656081795692444,0.6823499202728271,0.6557517647743225,0.982321560382843,1.1969623565673828,1.500950574874878,1.7774076461791992,2.006442070007324,2.3629090785980225,2.5096631050109863,1.371407389640808,1.1230908632278442,0.8919112682342529,0.5821013450622559,0.3782304525375366,0.0,0.39000025391578674,0.6282932758331299,0.9513328671455383,1.2386332750320435,1.5634911060333252,1.8386262655258179,2.1155192852020264,2.4351422786712646,2.630631446838379,1.4004238843917847,1.0563175678253174,0.8164628148078918,0.7209560871124268,0.35557737946510315,0.5093145370483398,0.6490395069122314,0.8256555199623108,1.165856957435608,1.3711594343185425,1.7400140762329102,1.9362496137619019,2.260185956954956,2.5362141132354736,2.7168776988983154,1.6836166381835938,1.369709849357605,1.0563738346099854,1.0421960353851318,0.7638885378837585,0.7887474298477173,0.9897193312644958,0.9899816513061523,1.3666964769363403,1.4723209142684937,1.8619452714920044,2.020427942276001,2.3255085945129395,2.619004011154175,2.722440719604492,1.8635501861572266,1.6168265342712402,1.2665541172027588,1.1619559526443481,0.9731115698814392,0.8110664486885071,1.0437310934066772,0.9583142399787903,1.3295468091964722,1.420931100845337,1.7856957912445068,1.9676955938339233,2.225574254989624,2.5539238452911377,2.645048141479492
B7,1.9969629049301147,1.7884441614151,1.519611120223999,1.2132624387741089,1.0437520742416382,0.675920307636261,0.6667587757110596,0.4749208390712738,0.6937826871871948,0.8820247054100037,1.1434741020202637,1.4361367225646973,1.6384789943695068,2.0042316913604736,2.154217004776001,1.6153826713562012,1.3466362953186035,1.1909658908843994,0.8736270666122437,0.6125719547271729,0.39000025391578674,0.0,0.3880991041660309,0.6182484030723572,0.9394538998603821,1.2420967817306519,1.5196458101272583,1.805334210395813,2.1059770584106445,2.330742359161377,1.7102328538894653,1.3403875827789307,1.1621354818344116,1.065089225769043,0.6767884492874146,0.7680917978286743,0.6985880136489868,0.789605975151062,1.0599411725997925,1.2000912427902222,1.5669902563095093,1.7081255912780762,2.0560314655303955,2.292494773864746,2.47672176361084,2.0503101348876953,1.71702241897583,1.4277212619781494,1.3929108381271362,1.0667370557785034,1.0459321737289429,1.1291112899780273,1.0130305290222168,1.3458024263381958,1.349433183670044,1.7405585050582886,1.8327628374099731,2.142416477203369,2.4084677696228027,2.478302478790283,2.2276041507720947,1.9660979509353638,1.630122423171997,1.4873368740081787,1.2563416957855225,1.0322355031967163,1.1482748985290527,0.9267414212226868,1.2400474548339844,1.2330974340438843,1.5788531303405762,1.7223831415176392,1.954787254333496,2.283113718032837,2.3356311321258545
B8,2.232218027114868,1.9746525287628174,1.6975123882293701,1.439441442489624,1.1830943822860718,0.8725367188453674,0.7956267595291138,0.4533732533454895,0.6672229170799255,0.6848732829093933,1.0041345357894897,1.2179993391036987,1.4485275745391846,1.797873616218567,1.9110136032104492,1.9683845043182373,1.6928601264953613,1.4918253421783447,1.1964353322982788,0.9119924902915955,0.6282932758331299,0.3880991041660309,0.0,0.38491377234458923,0.6114310026168823,0.9539104700088501,1.2133961915969849,1.4948241710662842,1.8129043579101562,2.002631425857544,1.9507089853286743,1.605340838432312,1.4157994985580444,1.2217319011688232,0.8465542197227478,0.7588865160942078,0.5406365394592285,0.4754561185836792,0.6972712874412537,0.8122719526290894,1.1805280447006226,1.3331012725830078,1.6746994256973267,1.9253973960876465,2.1144559383392334,2.1274068355560303,1.781819224357605,1.5350114107131958,1.4177885055541992,1.0478852987289429,0.9805876612663269,0.9246814250946045,0.757560670375824,1.0331708192825317,1.0119273662567139,1.4024145603179932,1.4840760231018066,1.8122806549072266,2.0650179386138916,2.1644513607025146,2.2973945140838623,1.9901983737945557,1.691994309425354,1.5464391708374023,1.238059163093567,1.046504259109497,1.0460833311080933,0.7777528166770935,1.0551934242248535,0.987750232219696,1.3568235635757446,1.451733946800232,1.7236384153366089,2.0203583240509033,2.0840494632720947
B9,2.5803184509277344,2.3355958461761475,2.0673439502716064,1.786744236946106,1.5447371006011963,1.2168694734573364,1.081451654434204,0.7143328189849854,0.7258334159851074,0.6049413084983826,0.7997989654541016,0.9951291084289551,1.154310941696167,1.5217080116271973,1.605064868927002,2.2248826026916504,1.9606118202209473,1.8052133321762085,1.4837238788604736,1.220165491104126,0.9513328671455383,0.6182484030723572,0.38491377234458923,0.0,0.38374224305152893,0.6252988576889038,0.9285064935684204,1.191773772239685,1.5024521350860596,1.7336890697479248,2.199190855026245,1.841330647468567,1.7078309059143066,1.5197460651397705,1.1468592882156372,1.0957266092300415,0.7975125908851624,0.7315126657485962,0.7619321942329407,0.8006812930107117,1.1016546487808228,1.1863776445388794,1.5481914281845093,1.7362220287322998,1.9525178670883179,2.451444387435913,2.089284896850586,1.866679310798645,1.773159146308899,1.3924815654754639,1.3521504402160645,1.2458271980285645,1.050254464149475,1.2365009784698486,1.1138505935668945,1.468807578086853,1.4528803825378418,1.7870882749557495,1.9814742803573608,2.0500268936157227,2.6794750690460205,2.368532657623291,2.0706257820129395,1.9312241077423096,1.6185541152954102,1.421560287475586,1.3805406093597412,1.0610134601593018,1.248127818107605,1.0624889135360718,1.3777705430984497,1.3877663612365723,1.6242326498031616,1.8967134952545166,1.8946202993392944
B10,2.798760414123535,2.517892599105835,2.264108657836914,2.007955551147461,1.712944746017456,1.433763027191162,1.2445038557052612,0.8607040643692017,0.8166400790214539,0.5197975039482117,0.7099564671516418,0.7591373324394226,0.9581536054611206,1.281282663345337,1.3354222774505615,2.5528106689453125,2.266730785369873,2.088806390762329,1.7975105047225952,1.4984151124954224,1.2386332750320435,0.9394538998603821,0.6114310026168823,0.38374224305152893,0.0,0.39510950446128845,0.6029055118560791,0.8967106938362122,1.2046608924865723,1.3959789276123047,2.521320104598999,2.1771233081817627,2.0166738033294678,1.7957067489624023,1.4351319074630737,1.2980477809906006,0.9789443612098694,0.7668856978416443,0.669143795967102,0.5309627056121826,0.7931317090988159,0.8170919418334961,1.1829514503479004,1.368909239768982,1.5710539817810059,2.653332233428955,2.298978328704834,2.094623565673828,1.9385690689086914,1.5579426288604736,1.458564281463623,1.2581629753112793,1.0040397644042969,1.0684903860092163,0.860466718673706,1.1662309169769287,1.0979923009872437,1.4358230829238892,1.606923222541809,1.686833381652832,2.8165628910064697,2.483490467071533,2.22441029548645,2.0621445178985596,1.7174017429351807,1.5287977457046509,1.3885588645935059,1.0488592386245728,1.1324712038040161,0.8653174638748169,1.1461180448532104,1.0833382606506348,1.3426638841629028,1.5751816034317017,1.5830782651901245
B11,3.170165777206421,2.9005537033081055,2.640467643737793,2.3764774799346924,2.096849203109741,1.8009659051895142,1.6131319999694824,1.2316642999649048,1.1298413276672363,0.8097187876701355,0.8182018995285034,0.77224200963974,0.8210781216621399,1.1289565563201904,1.0920461416244507,2.8483166694641113,2.580613851547241,2.4246745109558105,2.107973337173462,1.835601568222046,1.5634911060333252,1.2420967817306519,0.9539104700088501,0.6252988576889038,0.39510950446128845,0.0,0.37308090925216675,0.5695436596870422,0.8929316997528076,1.1306307315826416,2.767996072769165,2.4235079288482666,2.308288812637329,2.080803394317627,1.7299792766571045,1.6153862476348877,1.259639024734497,1.0987621545791626,0.898089587688446,0.7565869092941284,0.8395510911941528,0.7772800922393799,1.121612548828125,1.208753228187561,1.4604438543319702,2.9461069107055664,2.5780842304229736,2.401366710662842,2.2683265209198,1.8804192543029785,1.8201265335083008,1.6025928258895874,1.3746711015701294,1.3901129961013794,1.1538243293762207,1.3860445022583008,1.2242404222488403,1.5461944341659546,1.6257140636444092,1.683702826499939,3.184211254119873,2.8456814289093018,2.584580898284912,2.443378210067749,2.094632148742676,1.919619083404541,1.7802084684371948,1.4400303363800049,1.4891357421875,1.1773200035095215,1.3824865818023682,1.224777340888977,1.4298124313354492,1.5978089570999146,1.5215355157852173
B12,3.3700509071350098,3.0786845684051514,2.843266248703003,2.584648609161377,2.275799036026001,2.012181043624878,1.7760673761367798,1.4074769020080566,1.2538886070251465,0.8813818693161011,0.8256829977035522,0.6106709837913513,0.6531451940536499,0.8623507022857666,0.7934731245040894,3.127748489379883,2.836007595062256,2.6775600910186768,2.3886470794677734,2.0836124420166016,1.8386262655258179,1.5196458101272583,1.2133961915969849,0.9285064935684204,0.6029055118560791,0.37308090925216675,0.0,0.36729753017425537,0.6070880889892578,0.820237934589386,3.1003732681274414,2.7557740211486816,2.6137168407440186,2.385641574859619,2.0311391353607178,1.8838191032409668,1.5438369512557983,1.3114447593688965,1.0944170951843262,0.8307954668998718,0.8229426145553589,0.5982927680015564,0.9079223275184631,0.9297119975090027,1.136812448501587,3.2176146507263184,2.860830307006836,2.6796233654022217,2.5077965259552,2.1285831928253174,2.0167179107666016,1.7626539468765259,1.4898954629898071,1.4211812019348145,1.115229606628418,1.2501251697540283,1.0043779611587524,1.282559871673584,1.310580849647522,1.3396872282028198,3.3733270168304443,3.0292842388153076,2.7944247722625732,2.621570348739624,2.266603708267212,2.078880786895752,1.8759084939956665,1.5281972885131836,1.4815386533737183,1.123389482498169,1.2326802015304565,0.9924746155738831,1.1654117107391357,1.27446711063385,1.1814771890640259
B13,3.692904472351074,3.4030981063842773,3.1510660648345947,2.903718948364258,2.5987446308135986,2.3299813270568848,2.1185975074768066,1.742122769355774,1.6082688570022583,1.2422674894332886,1.1673628091812134,0.9390829205513,0.8772951364517212,1.003400444984436,0.7899268865585327,3.4158565998077393,3.1419458389282227,2.97876238822937,2.6703333854675293,2.3881938457489014,2.1155192852020264,1.805334210395813,1.4948241710662842,1.191773772239685,0.8967106938362122,0.5695436596870422,0.36729753017425537,0.0,0.3871932029724121,0.585274338722229,3.3036251068115234,2.970801591873169,2.8572869300842285,2.6056461334228516,2.269963502883911,2.116093158721924,1.750428557395935,1.5469616651535034,1.2635111808776855,1.0379964113235474,0.8961536884307861,0.6659640669822693,0.8702637553215027,0.7826786637306213,1.0627217292785645,3.4098877906799316,3.045814275741577,2.899181365966797,2.73494291305542,2.352954626083374,2.2747464179992676,1.9979274272918701,1.7646459341049194,1.665202260017395,1.383294939994812,1.470369577407837,1.1967540979385376,1.4534882307052612,1.3925830125808716,1.4415282011032104,3.6366727352142334,3.2817773818969727,3.053464412689209,2.9099481105804443,2.543710708618164,2.3875551223754883,2.189225196838379,1.8590930700302124,1.8194838762283325,1.4662374258041382,1.5608850717544556,1.2818790674209595,1.431167721748352,1.4591188430786133,1.3180330991744995
