,A1,A2,A3,A4,A5,A6,A7,A8,A9,A10,A11,A12,A13,A14,A15,B1,B2,B3,B4,B5,B6,B7,B8,B9,B10,B11,B12,B13,B14,B15,C1,C2,C3,C4,C5,C6,C7,C8,C9,C10,C11,C12,C13,C14,C15,D1,D2,D3,D4,D5,D6,D7,D8,D9,D10,D11,D12,D13,D14,D15,E1,E2,E3,E4,E5,E6,E7,E8,E9,E10,E11,E12,E13,E14,E15
A1,0.0,0.3928871154785156,0.6421180963516235,0.8052607774734497,1.1267938613891602,1.3795033693313599,1.6287579536437988,1.980897307395935,2.237567901611328,2.583059787750244,2.839308977127075,3.1622471809387207,3.398282766342163,3.7921042442321777,3.7934165000915527,0.7478964924812317,1.0115717649459839,1.0030839443206787,1.0047776699066162,1.3775535821914673,1.429269552230835,1.7413526773452759,2.0195508003234863,2.2681026458740234,2.600865125656128,2.8210384845733643,3.173400640487671,3.3081741333007812,3.711578607559204,3.793900489807129,1.1307345628738403,0.9471539258956909,0.9066728949546814,1.2872713804244995,1.356397032737732,1.6707446575164795,1.9537057876586914,2.2236359119415283,2.5600533485412598,2.8047847747802734,3.156496524810791,3.399120807647705,3.688530445098877,4.0267205238342285,3.935353994369507,1.7005400657653809,1.5934882164001465,1.3209400177001953,1.6022225618362427,1.6523710489273071,1.7984505891799927,2.1557345390319824,2.3088605403900146,2.6864593029022217,2.8649542331695557,3.2325053215026855,3.4554331302642822,3.7093913555145264,4.053269386291504,3.97998309135437,1.5871926546096802,1.6566928625106812,1.3944166898727417,1.4747531414031982,1.6813290119171143,1.657994031906128,2.0398237705230713,2.1536014080047607,2.498189926147461,2.7098402976989746,2.9940621852874756,3.2816667556762695,3.4478580951690674,3.8041346073150635,3.84961199760437
A2,0.3928871154785156,0.0,0.37826111912727356,0.5793278813362122,0.8123966455459595,1.1252351999282837,1.3505604267120361,1.7052557468414307,1.9699451923370361,2.30049467086792,2.5785043239593506,2.881969451904297,3.142240285873413,3.525258779525757,3.499300003051758,0.6411769390106201,0.7969861626625061,0.7810282111167908,0.6700032353401184,1.0405161380767822,1.099837303161621,1.3836216926574707,1.689516305923462,1.9256579875946045,2.2729990482330322,2.492976188659668,2.8456690311431885,2.99483060836792,3.402261734008789,3.474382162094116,1.2948986291885376,1.038761019706726,0.8642494082450867,1.1966079473495483,1.181060552597046,1.4613515138626099,1.7439672946929932,1.9660342931747437,2.317451238632202,2.527240753173828,2.8943557739257812,3.117227554321289,3.4121429920196533,3.7350783348083496,3.6350183486938477,1.7239304780960083,1.5904290676116943,1.2572475671768188,1.4556483030319214,1.4714312553405762,1.5463306903839111,1.9038852453231812,2.0125091075897217,2.3925845623016357,2.550290822982788,2.9152767658233643,3.134404182434082,3.3755815029144287,3.714705467224121,3.6485817432403564,1.4805184602737427,1.5164923667907715,1.2386419773101807,1.221550464630127,1.4200477600097656,1.3382244110107422,1.7078759670257568,1.8104887008666992,2.140144109725952,2.3605306148529053,2.6286118030548096,2.9265596866607666,3.0817837715148926,3.4455316066741943,3.503589630126953
A3,0.6421180963516235,0.37826111912727356,0.0,0.3922516405582428,0.5950761437416077,0.885718822479248,1.1819868087768555,1.4917889833450317,1.8038254976272583,2.1072418689727783,2.4124093055725098,2.7088067531585693,2.9690332412719727,3.3553638458251953,3.3277502059936523,0.6310862302780151,0.6027669906616211,0.43954235315322876,0.3797401487827301,0.7443336248397827,0.8532925844192505,1.1915502548217773,1.4927036762237549,1.7801913022994995,2.1063623428344727,2.371994733810425,2.704343557357788,2.8885605335235596,3.286900520324707,3.3235294818878174,1.1472995281219482,0.8965524435043335,0.6097742915153503,0.9020736217498779,0.9135229587554932,1.148001790046692,1.4713613986968994,1.6851954460144043,2.04866623878479,2.270735025405884,2.630614757537842,2.8731586933135986,3.1483428478240967,3.484356641769409,3.4126791954040527,1.4230343103408813,1.2767947912216187,0.9222654700279236,1.0847513675689697,1.1207275390625,1.1950129270553589,1.5660128593444824,1.7084615230560303,2.084648609161377,2.278022289276123,2.6324334144592285,2.87674617767334,3.113187313079834,3.4704747200012207,3.4251673221588135,1.2127341032028198,1.1827647686004639,0.8778167963027954,0.867193877696991,1.0556225776672363,1.0210448503494263,1.405119776725769,1.5531578063964844,1.8977826833724976,2.1393678188323975,2.4295828342437744,2.730536699295044,2.917217493057251,3.2866275310516357,3.3172316551208496
A4,0.8052607774734497,0.5793278813362122,0.3922516405582428,0.0,0.37870141863822937,0.5749190449714661,0.8600562214851379,1.186763882637024,1.4746127128601074,1.8016453981399536,2.080244541168213,2.395906686782837,2.636789321899414,3.0313146114349365,3.02915358543396,1.0203988552093506,0.9666135311126709,0.7074799537658691,0.5237562656402588,0.7548965215682983,0.6804226040840149,1.0310307741165161,1.2568553686141968,1.550190806388855,1.8514587879180908,2.112812042236328,2.444347620010376,2.60878849029541,3.001166582107544,3.0519933700561523,1.1056263446807861,0.759889543056488,0.50613933801651,0.7031607031822205,0.606299638748169,0.9068779945373535,1.1708183288574219,1.4212580919265747,1.7610284090042114,2.0000007152557373,2.3529648780822754,2.5967702865600586,2.883496046066284,3.22353196144104,3.141575813293457,1.5130574703216553,1.2702990770339966,0.9127429723739624,1.0590170621871948,0.9674493074417114,1.075334906578064,1.397491455078125,1.5264544486999512,1.9028902053833008,2.0736632347106934,2.446295976638794,2.6637001037597656,2.930119037628174,3.275127649307251,3.198657274246216,1.506564974784851,1.389685869216919,1.0317728519439697,1.0068410634994507,1.0557920932769775,0.973253607749939,1.3373697996139526,1.4050213098526,1.7709881067276,1.9551857709884644,2.2712557315826416,2.5383269786834717,2.7396247386932373,3.0866177082061768,3.0979530811309814
A5,1.1267938613891602,0.8123966455459595,0.5950761437416077,0.37870141863822937,0.0,0.3760889768600464,0.6037596464157104,0.9151468873023987,1.2213002443313599,1.5193724632263184,1.8293813467025757,2.1176764965057373,2.387092351913452,2.767512559890747,2.7338221073150635,1.1763367652893066,1.0177040100097656,0.7581502795219421,0.4386049211025238,0.48281130194664,0.3143494427204132,0.653874933719635,0.9081127047538757,1.2036770582199097,1.5169758796691895,1.7892987728118896,2.1165201663970947,2.3038113117218018,2.697852849960327,2.7316296100616455,1.422908902168274,1.0842862129211426,0.7834153771400452,0.8304576277732849,0.5945395827293396,0.7721813917160034,1.007944107055664,1.171316146850586,1.5282676219940186,1.7178832292556763,2.089486598968506,2.3091092109680176,2.6015207767486572,2.9243218898773193,2.83408260345459,1.667283535003662,1.4176517724990845,1.0456372499465942,1.0503734350204468,0.8932275176048279,0.8703053593635559,1.1684138774871826,1.2242012023925781,1.6038095951080322,1.7462258338928223,2.1183390617370605,2.331084966659546,2.585761547088623,2.926903009414673,2.8579235076904297,1.5540730953216553,1.394653081893921,1.052196979522705,0.8949790596961975,0.8730378746986389,0.6782759428024292,1.0097547769546509,1.0435361862182617,1.401026725769043,1.5911873579025269,1.8979233503341675,2.1746037006378174,2.371539831161499,2.726404905319214,2.7456765174865723
A6,1.3795033693313599,1.1252351999282837,0.885718822479248,0.5749190449714661,0.3760889768600464,0.0,0.38905203342437744,0.628079891204834,0.9556213021278381,1.2524305582046509,1.5511153936386108,1.8571815490722656,2.098628282546997,2.492136240005493,2.4898805618286133,1.493373990058899,1.3147926330566406,0.9918437004089355,0.7599923014640808,0.6768921613693237,0.38325172662734985,0.684712290763855,0.7701563835144043,1.111157774925232,1.3521637916564941,1.6540240049362183,1.9540818929672241,2.1435978412628174,2.517531156539917,2.5387134552001953,1.4046738147735596,1.0630643367767334,0.8080598711967468,0.6816396713256836,0.32732537388801575,0.47216475009918213,0.6422516107559204,0.8559147119522095,1.193580985069275,1.4257192611694336,1.7790045738220215,2.0232279300689697,2.309067487716675,2.650845766067505,2.5764353275299072,1.6479376554489136,1.3366245031356812,1.005385160446167,0.9656112790107727,0.6911410689353943,0.7131468653678894,0.9283543229103088,1.008378028869629,1.3745120763778687,1.5278269052505493,1.9065899848937988,2.1115684509277344,2.394460678100586,2.736572742462158,2.6523277759552,1.7288823127746582,1.4961079359054565,1.1390409469604492,1.0238653421401978,0.8637773990631104,0.7090138792991638,0.9725599884986877,0.9496421217918396,1.326682209968567,1.4593676328659058,1.8082778453826904,2.0420491695404053,2.278437852859497,2.6075050830841064,2.5824499130249023
A7,1.6287579536437988,1.3505604267120361,1.1819868087768555,0.8600562214851379,0.6037596464157104,0.38905203342437744,0.0,0.3875821530818939,0.6245888471603394,0.9554798007011414,1.2351349592208862,1.5404223203659058,1.796706199645996,2.1818649768829346,2.17126727104187,1.7790781259536743,1.6088595390319824,1.3249499797821045,1.0249539613723755,0.8934873342514038,0.5195558667182922,0.5736318230628967,0.5164795517921448,0.7910595536231995,1.0275708436965942,1.2949821949005127,1.609466552734375,1.7743659019470215,2.1551826000213623,2.201850414276123,1.7476961612701416,1.384731411933899,1.1726948022842407,1.0425528287887573,0.6627544164657593,0.7264053225517273,0.6886498928070068,0.798039972782135,1.0785833597183228,1.2428510189056396,1.6078312397003174,1.8024080991744995,2.1199254989624023,2.4319677352905273,2.3153486251831055,2.030257225036621,1.7093628644943237,1.3901866674423218,1.31927490234375,1.0064408779144287,0.9473199248313904,1.0461626052856445,0.988262414932251,1.322058081626892,1.3764387369155884,1.767143964767456,1.9140700101852417,2.210641384124756,2.5182723999023438,2.3976433277130127,2.0727481842041016,1.8422106504440308,1.500062108039856,1.3279707431793213,1.1380921602249146,0.8903155326843262,1.0378597974777222,0.8623121380805969,1.1938778162002563,1.241240382194519,1.5752931833267212,1.7776594161987305,1.9943666458129883,2.3036458492279053,2.2915754318237305
A8,1.980897307395935,1.7052557468414307,1.4917889833450317,1.186763882637024,0.9151468873023987,0.628079891204834,0.3875821530818939,0.0,0.3844757676124573,0.6252837181091309,0.9463405013084412,1.2336947917938232,1.4879968166351318,1.8729101419448853,1.863458514213562,2.0764756202697754,1.8577638864517212,1.5519042015075684,1.292351484298706,1.0673569440841675,0.7288215756416321,0.6821221113204956,0.4053072929382324,0.6940479278564453,0.7959082126617432,1.1211612224578857,1.376660943031311,1.578321933746338,1.9280520677566528,1.9305754899978638,1.9534674882888794,1.6214312314987183,1.408818244934082,1.1825883388519287,0.8209540843963623,0.7105093002319336,0.5091334581375122,0.4670734703540802,0.7075889706611633,0.856560468673706,1.2211955785751343,1.4252101182937622,1.7356979846954346,2.057115077972412,1.9600127935409546,2.1227638721466064,1.7907333374023438,1.5155205726623535,1.3623112440109253,1.0084370374679565,0.8959707617759705,0.8419737219810486,0.7168197631835938,0.9963630437850952,1.0310274362564087,1.4195339679718018,1.5598835945129395,1.8716754913330078,2.182565689086914,2.062866449356079,2.222050428390503,1.9410935640335083,1.6252790689468384,1.4432250261306763,1.1660163402557373,0.94362872838974,0.9582369327545166,0.7142947912216187,1.0073705911636353,0.987468421459198,1.3534127473831177,1.5132008790969849,1.7739065885543823,2.0621535778045654,2.003713369369507
A9,2.237567901611328,1.9699451923370361,1.8038254976272583,1.4746127128601074,1.2213002443313599,0.9556213021278381,0.6245888471603394,0.3844757676124573,0.0,0.3833075165748596,0.6106076836585999,0.927289605140686,1.1732633113861084,1.5592498779296875,1.569719910621643,2.397000789642334,2.201791286468506,1.9093080759048462,1.6232177019119263,1.4169920682907104,1.063049077987671,0.935272753238678,0.5860580801963806,0.6570331454277039,0.6324425339698792,0.87488853931427,1.1187530755996704,1.265207052230835,1.6071068048477173,1.648869514465332,2.2386364936828613,1.8925358057022095,1.7243458032608032,1.5056045055389404,1.1393930912017822,1.067673683166504,0.786145031452179,0.707381010055542,0.758204460144043,0.8131042122840881,1.1350553035736084,1.2719227075576782,1.6130290031433105,1.8985915184020996,1.752614974975586,2.480881929397583,2.134463310241699,1.8711302280426025,1.7354217767715454,1.3720797300338745,1.273053765296936,1.1653372049331665,0.9801180958747864,1.1634225845336914,1.0796916484832764,1.445446252822876,1.4929929971694946,1.825461983680725,2.080343246459961,1.9033845663070679,2.6014082431793213,2.3252530097961426,2.006547212600708,1.8211109638214111,1.5473852157592773,1.3074836730957031,1.2784210443496704,0.9625348448753357,1.1566169261932373,1.0068461894989014,1.3293832540512085,1.4081655740737915,1.6469333171844482,1.8815947771072388,1.8189598321914673
A10,2.583059787750244,2.30049467086792,2.1072418689727783,1.8016453981399536,1.5193724632263184,1.2524305582046509,0.9554798007011414,0.6252837181091309,0.3833075165748596,0.0,0.3884716331958771,0.6117972731590271,0.8924044966697693,1.257429599761963,1.239406943321228,2.6798973083496094,2.447622060775757,2.1562981605529785,1.886360764503479,1.6241945028305054,1.3078211545944214,1.121231198310852,0.7272059321403503,0.7131384015083313,0.4765200912952423,0.737329363822937,0.8671725392341614,1.0662288665771484,1.360236644744873,1.3405938148498535,2.5357978343963623,2.210211753845215,2.023905038833618,1.7688392400741577,1.423062801361084,1.2655179500579834,0.9541736245155334,0.7269002199172974,0.6341944336891174,0.5174818634986877,0.8145700693130493,0.9007928371429443,1.2500531673431396,1.5198485851287842,1.3747895956039429,2.6760964393615723,2.3388495445251465,2.0999553203582764,1.9059163331985474,1.546233892440796,1.3947769403457642,1.190139651298523,0.9302752614021301,0.9865992665290833,0.8092979192733765,1.1345988512039185,1.133858561515808,1.475430965423584,1.7144345045089722,1.5310533046722412,2.7868540287017822,2.4865775108337402,2.200078248977661,1.9930264949798584,1.682684302330017,1.4545714855194092,1.3224908113479614,0.9769383668899536,1.0589295625686646,0.8109631538391113,1.1124519109725952,1.1182529926300049,1.3903931379318237,1.5913851261138916,1.4834058284759521
A11,2.839308977127075,2.5785043239593506,2.4124093055725098,2.080244541168213,1.8293813467025757,1.5511153936386108,1.2351349592208862,0.9463405013084412,0.6106076836585999,0.3884716331958771,0.0,0.36991313099861145,0.5646816492080688,0.9536329507827759,1.011917233467102,3.0034964084625244,2.7940385341644287,2.4976460933685303,2.221743583679199,1.9853168725967407,1.6503832340240479,1.4721599817276,1.0841928720474243,1.0033457279205322,0.7217480540275574,0.8026937246322632,0.8436610698699951,0.9282917380332947,1.158118724822998,1.185800313949585,2.7662975788116455,2.4380462169647217,2.296553611755371,2.038200616836548,1.6967010498046875,1.573522925376892,1.2234011888504028,1.0523555278778076,0.8587555289268494,0.7351117730140686,0.8709679841995239,0.8758119940757751,1.2205922603607178,1.4452712535858154,1.258596658706665,2.97636079788208,2.6217119693756104,2.4007644653320312,2.2323577404022217,1.8615524768829346,1.7507699728012085,1.5330957174301147,1.2988618612289429,1.306547999382019,1.0950326919555664,1.3499702215194702,1.2547105550765991,1.6004081964492798,1.764155387878418,1.5168637037277222,3.149158239364624,2.847043037414551,2.5488698482513428,2.3613641262054443,2.05131196975708,1.831165075302124,1.7107993364334106,1.3630821704864502,1.4171510934829712,1.1209628582000732,1.3539923429489136,1.2635055780410767,1.4994207620620728,1.608801007270813,1.475168228149414
A12,3.1622471809387207,2.881969451904297,2.7088067531585693,2.395906686782837,2.1176764965057373,1.8571815490722656,1.5404223203659058,1.2336947917938232,0.927289605140686,0.6117972731590271,0.36991313099861145,0.0,0.3635234534740448,0.6587706208229065,0.6505047082901001,3.2798447608947754,3.048922538757324,2.7655534744262695,2.4871268272399902,2.2197916507720947,1.90842866897583,1.6814016103744507,1.2922598123550415,1.1447261571884155,0.784618079662323,0.776602029800415,0.646827220916748,0.7379646897315979,0.8741556406021118,0.8423633575439453,3.1064202785491943,2.7827751636505127,2.6210408210754395,2.3563754558563232,2.0174179077148438,1.8583344221115112,1.5182218551635742,1.2799811363220215,1.0516902208328247,0.8010364174842834,0.8343066573143005,0.6840227842330933,1.0173336267471313,1.1580462455749512,0.9231448769569397,3.2546300888061523,2.9120166301727295,2.6947500705718994,2.4920458793640137,2.1315829753875732,1.978521704673767,1.725446105003357,1.4438154697418213,1.3671016693115234,1.0761827230453491,1.238085389137268,1.049012303352356,1.3694666624069214,1.4679278135299683,1.188317060470581,3.383690595626831,3.0760653018951416,2.801734447479248,2.5879557132720947,2.2690634727478027,2.0419492721557617,1.8605705499649048,1.5010056495666504,1.4603841304779053,1.1076076030731201,1.2518659830093384,1.066292405128479,1.284619927406311,1.3225489854812622,1.1537660360336304
A13,3.398282766342163,3.142240285873413,2.9690332412719727,2.636789321899414,2.387092351913452,2.098628282546997,1.796706199645996,1.4879968166351318,1.1732633113861084,0.8924044966697693,0.5646816492080688,0.3635234534740448,0.0,0.41461116075515747,0.6059551239013672,3.5584843158721924,3.336012125015259,3.034670829772949,2.771211624145508,2.5155439376831055,2.1955201625823975,2.0021445751190186,1.6091008186340332,1.490180253982544,1.141873836517334,1.1172434091567993,0.958138108253479,0.9610880017280579,0.9701236486434937,0.9480561017990112,3.2619128227233887,2.9517366886138916,2.82501220703125,2.540642261505127,2.2203922271728516,2.066509246826172,1.697463870048523,1.495680332183838,1.2042734622955322,1.0027849674224854,0.9071521759033203,0.7474769353866577,1.0018346309661865,1.115556001663208,0.9017336368560791,3.435263156890869,3.080270290374756,2.893178701400757,2.702744483947754,2.3356800079345703,2.221585512161255,1.9463988542556763,1.7060037851333618,1.6007182598114014,1.3394724130630493,1.453834056854248,1.238883376121521,1.549330234527588,1.6002800464630127,1.2981925010681152,3.6492011547088623,3.328209161758423,3.048269271850586,2.8639779090881348,2.532651424407959,2.3338685035705566,2.1646127700805664,1.8217148780822754,1.797287106513977,1.4500834941864014,1.5919586420059204,1.3728760480880737,1.5813686847686768,1.5502630472183228,1.3377838134765625
A14,3.7921042442321777,3.525258779525757,3.3553638458251953,3.0313146114349365,2.767512559890747,2.492136240005493,2.1818649768829346,1.8729101419448853,1.5592498779296875,1.257429599761963,0.9536329507827759,0.6587706208229065,0.41461116075515747,0.0,0.362559050321579,3.9340357780456543,3.7026255130767822,3.4116039276123047,3.1418850421905518,2.872279644012451,2.5630686283111572,2.3388946056365967,1.950131893157959,1.786314845085144,1.4172354936599731,1.320373296737671,1.0624933242797852,1.0088090896606445,0.8407934308052063,0.7782906293869019,3.6747653484344482,3.3646974563598633,3.2310791015625,2.9464027881622314,2.6249771118164062,2.458787202835083,2.095670700073242,1.8666528463363647,1.568625807762146,1.3180714845657349,1.1595547199249268,0.8949007987976074,1.0486972332000732,1.003761649131775,0.7397173047065735,3.82283616065979,3.473999261856079,3.289156913757324,3.0823614597320557,2.721355438232422,2.585200309753418,2.2946090698242188,2.0302910804748535,1.8782141208648682,1.5782407522201538,1.6063522100448608,1.3163315057754517,1.5607858896255493,1.5032715797424316,1.1674128770828247,4.010618686676025,3.688209295272827,3.4220662117004395,3.22121262550354,2.887906551361084,2.6819963455200195,2.479569673538208,2.1312825679779053,2.0474324226379395,1.6768770217895508,1.7360433340072632,1.4465250968933105,1.598748803138733,1.4614582061767578,1.2243452072143555
A15,3.7934165000915527,3.499300003051758,3.3277502059936523,3.02915358543396,2.7338221073150635,2.4898805618286133,2.17126727104187,1.863458514213562,1.569719910621643,1.239406943321228,1.011917233467102,0.6505047082901001,0.6059551239013672,0.362559050321579,0.0,3.878828525543213,3.632005214691162,3.3640096187591553,3.0832109451293945,2.7938895225524902,2.5060575008392334,2.239668607711792,1.8657232522964478,1.6599619388580322,1.281774640083313,1.1526094675064087,0.8297246098518372,0.8169357776641846,0.6131278276443481,0.4390190839767456,3.7496273517608643,3.4307861328125,3.2612056732177734,2.990443706512451,2.6567740440368652,2.4742183685302734,2.1394896507263184,1.86492121219635,1.6067559719085693,1.293656349182129,1.1803019046783447,0.8560173511505127,1.0232864618301392,0.9111798405647278,0.5697169303894043,3.8495051860809326,3.517261505126953,3.3106234073638916,3.080294132232666,2.7317097187042236,2.5493366718292236,2.2653050422668457,1.95719313621521,1.7917252779006958,1.4477509260177612,1.4430936574935913,1.1177281141281128,1.319416880607605,1.2250759601593018,0.8734293580055237,3.9459750652313232,3.6340670585632324,3.3858165740966797,3.1507906913757324,2.8273303508758545,2.5991744995117188,2.363204002380371,2.007704257965088,1.8664357662200928,1.4848114252090454,1.475338101387024,1.1537388563156128,1.2703801393508911,1.1039402484893799,0.8695823550224304
B1,0.7478964924812317,0.6411769390106201,0.6310862302780151,1.0203988552093506,1.1763367652893066,1.493373990058899,1.7790781259536743,2.0764756202697754,2.397000789642334,2.6798973083496094,3.0034964084625244,3.2798447608947754,3.5584843158721924,3.9340357780456543,3.878828525543213,0.0,0.39142510294914246,0.6500141024589539,0.8004568815231323,1.1395050287246704,1.3783913850784302,1.6624399423599243,2.015347957611084,2.277487277984619,2.624129056930542,2.880673885345459,3.21264910697937,3.4099345207214355,3.813199758529663,3.839968204498291,1.4420257806777954,1.3324337005615234,1.1032572984695435,1.4280918836593628,1.5159636735916138,1.7027400732040405,2.057370185852051,2.237805128097534,2.6140329837799072,2.8153743743896484,3.17802357673645,3.414440870285034,3.6764001846313477,4.003202438354492,3.9400737285614014,1.5443665981292725,1.5570040941238403,1.275094747543335,1.4427766799926758,1.6049450635910034,1.6464555263519287,2.0368080139160156,2.1839919090270996,2.5454025268554688,2.754035234451294,3.080298900604248,3.348148822784424,3.545060157775879,3.9094207286834717,3.8997769355773926,0.9972465634346008,1.1766690015792847,1.0458205938339233,1.070769190788269,1.3998899459838867,1.4207255840301514,1.7771344184875488,1.995627760887146,2.2947518825531006,2.589024543762207,2.83608078956604,3.1698415279388428,3.3290061950683594,3.7188477516174316,3.7779479026794434
B2,1.0115717649459839,0.7969861626625061,0.6027669906616211,0.9666135311126709,1.0177040100097656,1.3147926330566406,1.6088595390319824,1.8577638864517212,2.201791286468506,2.447622060775757,2.7940385341644287,3.048922538757324,3.336012125015259,3.7026255130767822,3.632005214691162,0.39142510294914246,0.0,0.38127461075782776,0.5864697098731995,0.8419938087463379,1.1457284688949585,1.4196856021881104,1.773856282234192,2.0531270503997803,2.383725881576538,2.665774345397949,2.977245330810547,3.2037947177886963,3.597475528717041,3.5936355590820312,1.4885700941085815,1.360356330871582,1.0491570234298706,1.2897660732269287,1.356139898300171,1.4673302173614502,1.83372163772583,1.969281792640686,2.3510725498199463,2.534883975982666,2.8933708667755127,3.1288132667541504,3.375070810317993,3.6988117694854736,3.6524646282196045,1.4075689315795898,1.4094598293304443,1.1073577404022217,1.1781370639801025,1.3511918783187866,1.336175560951233,1.7234634160995483,1.865921974182129,2.214038848876953,2.435546875,2.7440860271453857,3.0272297859191895,3.208380699157715,3.5809218883514404,3.5925452709198,0.7609419822692871,0.8747459053993225,0.7542804479598999,0.7047911286354065,1.055188775062561,1.0936315059661865,1.4315258264541626,1.6878044605255127,1.9745416641235352,2.2905642986297607,2.5367839336395264,2.8762588500976562,3.049142837524414,3.44397234916687,3.4904584884643555
B3,1.0030839443206787,0.7810282111167908,0.43954235315322876,0.7074799537658691,0.7581502795219421,0.9918437004089355,1.3249499797821045,1.5519042015075684,1.9093080759048462,2.1562981605529785,2.4976460933685303,2.7655534744262695,3.034670829772949,3.4116039276123047,3.3640096187591553,0.6500141024589539,0.38127461075782776,0.0,0.3921259641647339,0.6175493597984314,0.8831928372383118,1.2163749933242798,1.5266683101654053,1.8452882766723633,2.149038553237915,2.454965353012085,2.75730562210083,2.9863390922546387,3.371825933456421,3.3618133068084717,1.241997241973877,1.0819485187530518,0.7309938669204712,0.9200251698493958,0.9949007630348206,1.0994371175765991,1.4741837978363037,1.6361087560653687,2.0126192569732666,2.225410223007202,2.5737249851226807,2.8289380073547363,3.0712087154388428,3.4117188453674316,3.376720666885376,1.1825463771820068,1.1041184663772583,0.7660492658615112,0.8302226066589355,0.9776859283447266,1.0031245946884155,1.394892692565918,1.5734236240386963,1.9278953075408936,2.1682381629943848,2.488523483276367,2.7726588249206543,2.9783949851989746,3.35734224319458,3.3560168743133545,0.8184024691581726,0.7587940692901611,0.4906805455684662,0.4794042706489563,0.7632323503494263,0.8394660949707031,1.2100722789764404,1.4576976299285889,1.7830930948257446,2.075841188430786,2.3620901107788086,2.6802313327789307,2.8858938217163086,3.2686243057250977,3.2831218242645264
B4,1.0047776699066162,0.6700032353401184,0.3797401487827301,0.5237562656402588,0.4386049211025238,0.7599923014640808,1.0249539613723755,1.292351484298706,1.6232177019119263,1.886360764503479,2.221743583679199,2.4871268272399902,2.771211624145508,3.1418850421905518,3.0832109451293945,0.8004568815231323,0.5864697098731995,0.3921259641647339,0.0,0.3827005624771118,0.5798667073249817,0.8853772878646851,1.2214090824127197,1.508830189704895,1.8380588293075562,2.117722988128662,2.4374613761901855,2.649561643600464,3.044684648513794,3.056797504425049,1.4181355237960815,1.157317876815796,0.8079801797866821,0.9615040421485901,0.8820353150367737,1.010877013206482,1.3317737579345703,1.4671484231948853,1.8456088304519653,2.024566411972046,2.3950209617614746,2.6193809509277344,2.890442371368408,3.2116312980651855,3.141389846801758,1.5113030672073364,1.3574436902999878,0.9832148551940918,1.0002796649932861,1.0026087760925293,0.9588361382484436,1.3257243633270264,1.4195245504379272,1.7921533584594727,1.9743596315383911,2.317500352859497,2.568063497543335,2.784564733505249,3.1431477069854736,3.1158533096313477,1.1773195266723633,1.0914503335952759,0.8011114597320557,0.627406895160675,0.7923340201377869,0.6849287748336792,1.0559256076812744,1.2198245525360107,1.546623945236206,1.8135699033737183,2.0891830921173096,2.4050374031066895,2.5891342163085938,2.968933343887329,3.0048882961273193
B5,1.3775535821914673,1.0405161380767822,0.7443336248397827,0.7548965215682983,0.48281130194664,0.6768921613693237,0.8934873342514038,1.0673569440841675,1.4169920682907104,1.6241945028305054,1.9853168725967407,2.2197916507720947,2.5155439376831055,2.872279644012451,2.7938895225524902,1.1395050287246704,0.8419938087463379,0.6175493597984314,0.3827005624771118,0.0,0.374907910823822,0.624243974685669,0.9495617151260376,1.2558542490005493,1.5589401721954346,1.8673744201660156,2.1601667404174805,2.404350757598877,2.786188840866089,2.765540599822998,1.6300244331359863,1.3671603202819824,1.0006414651870728,1.006594181060791,0.855061411857605,0.8427479863166809,1.1373422145843506,1.1864750385284424,1.5690549612045288,1.712682843208313,2.083357572555542,2.2985734939575195,2.5583341121673584,2.8721601963043213,2.813387870788574,1.5868923664093018,1.4088134765625,1.0497441291809082,0.9208865761756897,0.8604487776756287,0.6856853365898132,1.0212851762771606,1.0705654621124268,1.4348136186599731,1.6167516708374023,1.948284387588501,2.2087621688842773,2.41351580619812,2.778035879135132,2.7670533657073975,1.2683874368667603,1.0918883085250854,0.8251241445541382,0.5228411555290222,0.5384231209754944,0.31559252738952637,0.6737653017044067,0.8604121208190918,1.1830363273620605,1.468841791152954,1.7488787174224854,2.067878246307373,2.268831729888916,2.6514759063720703,2.673264503479004
B6,1.429269552230835,1.099837303161621,0.8532925844192505,0.6804226040840149,0.3143494427204132,0.38325172662734985,0.5195558667182922,0.7288215756416321,1.063049077987671,1.3078211545944214,1.6503832340240479,1.90842866897583,2.1955201625823975,2.5630686283111572,2.5060575008392334,1.3783913850784302,1.1457284688949585,0.8831928372383118,0.5798667073249817,0.374907910823822,0.0,0.3937341570854187,0.6537442803382874,0.9778883457183838,1.2774748802185059,1.5792609453201294,1.8861995935440063,2.105823278427124,2.4915456771850586,2.4957168102264404,1.6402866840362549,1.3199764490127563,0.9998809695243835,0.9423365592956543,0.6630029678344727,0.6801278591156006,0.881321907043457,0.948802649974823,1.317166805267334,1.467936635017395,1.8472530841827393,2.0556299686431885,2.3417985439300537,2.6564602851867676,2.5732035636901855,1.7489769458770752,1.4971287250518799,1.1398733854293823,1.0313960313796997,0.8309913277626038,0.6867283582687378,0.9414938688278198,0.9391016364097595,1.3166804313659668,1.4508241415023804,1.8172675371170044,2.03715443611145,2.281209707260132,2.627129316329956,2.5726168155670166,1.6029337644577026,1.3968374729156494,1.0832178592681885,0.8468418121337891,0.7288927435874939,0.4438915252685547,0.717090904712677,0.730307400226593,1.0908362865447998,1.2942644357681274,1.6055227518081665,1.8885889053344727,2.0978338718414307,2.458686113357544,2.4699440002441406
B7,1.7413526773452759,1.3836216926574707,1.1915502548217773,1.0310307741165161,0.653874933719635,0.684712290763855,0.5736318230628967,0.6821221113204956,0.935272753238678,1.121231198310852,1.4721599817276,1.6814016103744507,2.0021445751190186,2.3388946056365967,2.239668607711792,1.6624399423599243,1.4196856021881104,1.2163749933242798,0.8853772878646851,0.624243974685669,0.3937341570854187,0.0,0.39473605155944824,0.6365358233451843,0.969377338886261,1.2502025365829468,1.5590237379074097,1.7892014980316162,2.1785800457000732,2.1804866790771484,2.028687000274658,1.6974055767059326,1.3902084827423096,1.3118035793304443,0.995290994644165,0.9438315033912659,1.0216985940933228,0.9513219594955444,1.278753638267517,1.325366735458374,1.7170490026474,1.8644952774047852,2.16656494140625,2.4400882720947266,2.3249764442443848,2.111527442932129,1.8633328676223755,1.5169014930725098,1.358893871307373,1.133581280708313,0.8985356688499451,1.0360894203186035,0.8748568296432495,1.2115130424499512,1.2489882707595825,1.6097524166107178,1.792002558708191,2.020233392715454,2.341261625289917,2.2798876762390137,1.8870800733566284,1.6848026514053345,1.4122238159179688,1.1126813888549805,0.9651798009872437,0.602089524269104,0.6641052961349487,0.5077142119407654,0.80042964220047,0.9795418977737427,1.254128336906433,1.5468692779541016,1.7280595302581787,2.0954556465148926,2.1350083351135254
B8,2.0195508003234863,1.689516305923462,1.4927036762237549,1.2568553686141968,0.9081127047538757,0.7701563835144043,0.5164795517921448,0.4053072929382324,0.5860580801963806,0.7272059321403503,1.0841928720474243,1.2922598123550415,1.6091008186340332,1.950131893157959,1.8657232522964478,2.015347957611084,1.773856282234192,1.5266683101654053,1.2214090824127197,0.9495617151260376,0.6537442803382874,0.39473605155944824,0.0,0.38360732793807983,0.6247647404670715,0.9499086737632751,1.2367035150527954,1.4725582599639893,1.8477386236190796,1.841983675956726,2.1701314449310303,1.8326002359390259,1.5658494234085083,1.4034206867218018,1.049114465713501,0.9361976981163025,0.8554571270942688,0.7022214531898499,0.9597926139831543,0.9693712592124939,1.3598504066467285,1.4946993589401245,1.8116427659988403,2.0856704711914062,1.9616155624389648,2.27276611328125,1.9828896522521973,1.671366572380066,1.4872794151306152,1.187609314918518,0.9644757509231567,0.9545722007751465,0.7123628854751587,0.9960280060768127,0.96601402759552,1.3462997674942017,1.4866952896118164,1.753366470336914,2.059420108795166,1.963828682899475,2.1839990615844727,1.9346002340316772,1.652092695236206,1.386305332183838,1.148751974105835,0.8334031105041504,0.7770712971687317,0.45256978273391724,0.7055550217628479,0.7355771064758301,1.062709093093872,1.2894022464752197,1.5097222328186035,1.842602252960205,1.8413724899291992
B9,2.2681026458740234,1.9256579875946045,1.7801913022994995,1.550190806388855,1.2036770582199097,1.111157774925232,0.7910595536231995,0.6940479278564453,0.6570331454277039,0.7131384015083313,1.0033457279205322,1.1447261571884155,1.490180253982544,1.786314845085144,1.6599619388580322,2.277487277984619,2.0531270503997803,1.8452882766723633,1.508830189704895,1.2558542490005493,0.9778883457183838,0.6365358233451843,0.38360732793807983,0.0,0.3867838680744171,0.613703727722168,0.9357941150665283,1.1534419059753418,1.5453323125839233,1.568558931350708,2.5147228240966797,2.161222457885742,1.9082329273223877,1.7683281898498535,1.4026634693145752,1.313971757888794,1.188740611076355,0.9986573457717896,1.1586024761199951,1.0548971891403198,1.417671799659729,1.4586129188537598,1.7956273555755615,2.0061159133911133,1.8249435424804688,2.6521947383880615,2.3640615940093994,2.046862840652466,1.868153691291809,1.5709717273712158,1.3384968042373657,1.2968717813491821,0.992319643497467,1.1864323616027832,1.0273021459579468,1.369154930114746,1.4239615201950073,1.6737439632415771,1.9218554496765137,1.7926687002182007,2.508554220199585,2.279463052749634,2.008544921875,1.7182644605636597,1.5035885572433472,1.1659213304519653,1.0572330951690674,0.6871218681335449,0.7515793442726135,0.6487683057785034,0.8742783665657043,1.0690747499465942,1.2278462648391724,1.5493109226226807,1.595093011856079
B10,2.600865125656128,2.2729990482330322,2.1063623428344727,1.8514587879180908,1.5169758796691895,1.3521637916564941,1.0275708436965942,0.7959082126617432,0.6324425339698792,0.4765200912952423,0.7217480540275574,0.784618079662323,1.141873836517334,1.4172354936599731,1.281774640083313,2.624129056930542,2.383725881576538,2.149038553237915,1.8380588293075562,1.5589401721954346,1.2774748802185059,0.969377338886261,0.6247647404670715,0.3867838680744171,0.0,0.3880961537361145,0.6143635511398315,0.8764755725860596,1.2331167459487915,1.2198703289031982,2.735715627670288,2.3927419185638428,2.1589412689208984,1.9628909826278687,1.6009678840637207,1.4587897062301636,1.2447888851165771,0.9845855832099915,1.013349175453186,0.8087450265884399,1.1223175525665283,1.1059941053390503,1.4499021768569946,1.6382607221603394,1.443284034729004,2.8437204360961914,2.538961172103882,2.2555832862854004,2.047085762023926,1.7236210107803345,1.4942922592163086,1.3496029376983643,1.0083849430084229,1.0841988325119019,0.8283905982971191,1.1334565877914429,1.1147897243499756,1.3902591466903687,1.6084445714950562,1.4450767040252686,2.778704881668091,2.514925479888916,2.251905918121338,1.9772790670394897,1.711152195930481,1.4127227067947388,1.2361348867416382,0.8451855182647705,0.8121945261955261,0.5287095904350281,0.7438603639602661,0.8122187256813049,1.0202418565750122,1.286333680152893,1.2750712633132935
B11,2.8210384845733643,2.492976188659668,2.371994733810425,2.112812042236328,1.7892987728118896,1.6540240049362183,1.2949821949005127,1.1211612224578857,0.87488853931427,0.737329363822937,0.8026937246322632,0.776602029800415,1.1172434091567993,1.320373296737671,1.1526094675064087,2.880673885345459,2.665774345397949,2.454965353012085,2.117722988128662,1.8673744201660156,1.5792609453201294,1.2502025365829468,0.9499086737632751,0.613703727722168,0.3880961537361145,0.0,0.374250590801239,0.5418025851249695,0.9372722506523132,1.0036060810089111,3.0349349975585938,2.675445795059204,2.459782123565674,2.288811445236206,1.9152464866638184,1.8127821683883667,1.5878832340240479,1.355484127998352,1.3442436456680298,1.1135741472244263,1.3590562343597412,1.253326416015625,1.5952110290527344,1.703425407409668,1.4400006532669067,3.2037806510925293,2.8943827152252197,2.6008124351501465,2.4135003089904785,2.0880300998687744,1.8690078258514404,1.736773133277893,1.395406723022461,1.4475939273834229,1.147898554801941,1.3884341716766357,1.2774139642715454,1.5202646255493164,1.647324800491333,1.4309189319610596,3.11211895942688,2.8675291538238525,2.5994675159454346,2.3161511421203613,2.07301926612854,1.7551594972610474,1.589787244796753,1.1992193460464478,1.1183699369430542,0.8124082088470459,0.8634803891181946,0.8343770503997803,0.9194003939628601,1.114939570426941,1.1654151678085327
B12,3.173400640487671,2.8456690311431885,2.704343557357788,2.444347620010376,2.1165201663970947,1.9540818929672241,1.609466552734375,1.376660943031311,1.1187530755996704,0.8671725392341614,0.8436610698699951,0.646827220916748,0.958138108253479,1.0624933242797852,0.8297246098518372,3.21264910697937,2.977245330810547,2.75730562210083,2.4374613761901855,2.1601667404174805,1.8861995935440063,1.5590237379074097,1.2367035150527954,0.9357941150665283,0.6143635511398315,0.374250590801239,0.0,0.35903894901275635,0.647541880607605,0.6390815377235413,3.3239874839782715,2.9762890338897705,2.7611148357391357,2.5576817989349365,2.193983316421509,2.0498006343841553,1.7934054136276245,1.5164039134979248,1.424821376800537,1.120958685874939,1.2698943614959717,1.0701680183410645,1.3798383474349976,1.414851427078247,1.1209856271743774,3.442789316177368,3.132579803466797,2.861454725265503,2.644784688949585,2.315950870513916,2.0856475830078125,1.894956111907959,1.537136197090149,1.4956133365631104,1.1405147314071655,1.2849985361099243,1.0824769735336304,1.2997945547103882,1.3552210330963135,1.1020561456680298,3.375101327896118,3.1102542877197266,2.8594889640808105,2.5760176181793213,2.3060896396636963,2.011033535003662,1.7944681644439697,1.4102466106414795,1.2587860822677612,0.8943629860877991,0.8578174114227295,0.667551577091217,0.7421724200248718,0.8269187808036804,0.8282759785652161
B13,3.3081741333007812,2.99483060836792,2.8885605335235596,2.60878849029541,2.3038113117218018,2.1435978412628174,1.7743659019470215,1.578321933746338,1.265207052230835,1.0662288665771484,0.9282917380332947,0.7379646897315979,0.9610880017280579,1.0088090896606445,0.8169357776641846,3.4099345207214355,3.2037947177886963,2.9863390922546387,2.649561643600464,2.404350757598877,2.105823278427124,1.7892014980316162,1.4725582599639893,1.1534419059753418,0.8764755725860596,0.5418025851249695,0.35903894901275635,0.0,0.4146815538406372,0.6082420349121094,3.4895572662353516,3.1292378902435303,2.9434046745300293,2.754194498062134,2.381512403488159,2.277777910232544,2.002809762954712,1.769243836402893,1.6591365337371826,1.387510061264038,1.5046478509902954,1.2901744842529297,1.5919216871261597,1.5899524688720703,1.2592482566833496,3.6884632110595703,3.3636674880981445,3.088517427444458,2.9021427631378174,2.560763359069824,2.3597571849823,2.183274030685425,1.8438297510147095,1.8216168880462646,1.476885437965393,1.622461199760437,1.3933290243148804,1.6060019731521606,1.6020761728286743,1.3061124086380005,3.6455531120300293,3.3898708820343018,3.1194608211517334,2.846437692642212,2.5869979858398438,2.283238649368286,2.1010818481445312,1.7108451128005981,1.5913397073745728,1.2385427951812744,1.1980857849121094,1.0005487203598022,0.9956870079040527,0.9769315123558044,1.0088461637496948
