,A1,A2,A3,A4,A5,A6,A7,A8,A9,A10,A11,A12,A13,A14,A15,B1,B2,B3,B4,B5,B6,B7,B8,B9,B10,B11,B12,B13,B14,B15,C1,C2,C3,C4,C5,C6,C7,C8,C9,C10,C11,C12,C13,C14,C15,D1,D2,D3,D4,D5,D6,D7,D8,D9,D10,D11,D12,D13,D14,D15,E1,E2,E3,E4,E5,E6,E7,E8,E9,E10,E11,E12,E13,E14,E15
A1,0.0,0.40115195512771606,0.6619856357574463,0.8311993479728699,1.158004879951477,1.3960860967636108,1.6838524341583252,2.019697666168213,2.3394060134887695,2.663304328918457,2.982387065887451,3.2587392330169678,3.529634714126587,3.886902332305908,3.9818520545959473,1.16046142578125,1.1218986511230469,0.9841213226318359,1.3486803770065308,1.444629192352295,1.7539312839508057,2.0685081481933594,2.280486822128296,2.6700520515441895,2.872020721435547,3.264338970184326,3.471064805984497,3.734661340713501,4.073821544647217,4.063070297241211,1.997422218322754,1.9762266874313354,1.6599597930908203,1.8133347034454346,1.8673632144927979,1.9742519855499268,2.313345432281494,2.3427813053131104,2.7221450805664062,2.8538904190063477,3.1955583095550537,3.43040132522583,3.5859005451202393,3.934868335723877,3.846559762954712,2.052809715270996,2.0862231254577637,1.8000737428665161,1.7208505868911743,1.892308235168457,1.7799267768859863,2.104801893234253,2.1287450790405273,2.435978651046753,2.6327342987060547,2.890411138534546,3.205597400665283,3.2902376651763916,3.6753463745117188,3.6710801124572754,1.2873966693878174,1.4271458387374878,1.3380768299102783,1.1413590908050537,1.4672043323516846,1.3777152299880981,1.6619517803192139,1.8752981424331665,2.125577688217163,2.4636287689208984,2.6941144466400146,3.050326347351074,3.2100160121917725,3.6060738563537598,3.732055902481079
A2,0.40115195512771606,0.0,0.3866189122200012,0.5891268253326416,0.827728807926178,1.126151442527771,1.3894131183624268,1.7253984212875366,2.05269718170166,2.3568170070648193,2.6940972805023193,2.9461910724639893,3.2347609996795654,3.5799005031585693,3.665062665939331,1.3287107944488525,1.1740442514419556,0.9377390146255493,1.2641774415969849,1.2584528923034668,1.555797815322876,1.8467880487442017,2.013784646987915,2.4039530754089355,2.569991111755371,2.969607353210449,3.154503107070923,3.4155871868133545,3.7448763847351074,3.7147130966186523,2.041196823120117,1.961166262626648,1.6062029600143433,1.692143201828003,1.6901273727416992,1.7444946765899658,2.0571224689483643,2.0365607738494873,2.4030518531799316,2.5087528228759766,2.8411178588867188,3.0699622631073,3.211043119430542,3.5559704303741455,3.4620413780212402,1.998759150505066,1.9770293235778809,1.6751402616500854,1.5240861177444458,1.654475212097168,1.4814879894256592,1.7753125429153442,1.7714885473251343,2.0586555004119873,2.2546141147613525,2.4988107681274414,2.8202102184295654,2.900228500366211,3.287881374359131,3.2961676120758057,1.1933382749557495,1.2342638969421387,1.1369177103042603,0.8541616201400757,1.1468631029129028,1.0267853736877441,1.2811185121536255,1.5163047313690186,1.7572523355484009,2.1079213619232178,2.343019962310791,2.6941299438476562,2.874199390411377,3.2656991481781006,3.4014275074005127
A3,0.6619856357574463,0.3866189122200012,0.0,0.38858726620674133,0.5888922214508057,0.8833503723144531,1.202364444732666,1.4890259504318237,1.8519092798233032,2.132859945297241,2.486300230026245,2.7395241260528564,3.0134940147399902,3.366629123687744,3.4248902797698975,1.2728040218353271,1.0925660133361816,0.7625303268432617,1.0064990520477295,0.9963242411613464,1.2404916286468506,1.5557941198349,1.70170259475708,2.0993752479553223,2.2748374938964844,2.667252540588379,2.8757030963897705,3.1185381412506104,3.463061571121216,3.4420933723449707,1.7508230209350586,1.650499701499939,1.2868552207946777,1.3274892568588257,1.3340805768966675,1.369203805923462,1.6935005187988281,1.6972442865371704,2.0699400901794434,2.2106516361236572,2.545098066329956,2.795037269592285,2.951385259628296,3.311216354370117,3.247729778289795,1.6766637563705444,1.6158710718154907,1.3026387691497803,1.1471335887908936,1.2712091207504272,1.1227835416793823,1.4430160522460938,1.482200026512146,1.8038326501846313,2.0242631435394287,2.304166793823242,2.6213390827178955,2.7457127571105957,3.136709690093994,3.153876781463623,1.0499500036239624,0.9981741905212402,0.8117567300796509,0.5312654376029968,0.8122502565383911,0.7371253371238708,1.061447262763977,1.299914002418518,1.6038070917129517,1.9334697723388672,2.2198657989501953,2.5474369525909424,2.750340700149536,3.140049934387207,3.24426531791687
A4,0.8311993479728699,0.5891268253326416,0.38858726620674133,0.0,0.3900700807571411,0.5669763684272766,0.885636568069458,1.1958039999008179,1.534946084022522,1.8469077348709106,2.1754517555236816,2.4531795978546143,2.7153663635253906,3.0772979259490967,3.1606240272521973,1.1103236675262451,0.8307783603668213,0.5031521320343018,0.7430546283721924,0.6709253787994385,0.9802051782608032,1.2630829811096191,1.4595892429351807,1.845744252204895,2.0448155403137207,2.437281847000122,2.6443848609924316,2.9137492179870605,3.2533652782440186,3.2596211433410645,1.7064789533615112,1.532828450202942,1.157212495803833,1.2440173625946045,1.1627050638198853,1.2655202150344849,1.5593734979629517,1.5696121454238892,1.954662799835205,2.07487416267395,2.44044828414917,2.6566507816314697,2.847917079925537,3.192742347717285,3.114138126373291,1.8502583503723145,1.7215338945388794,1.3613522052764893,1.248395323753357,1.2653770446777344,1.13301420211792,1.4278874397277832,1.3975541591644287,1.7372326850891113,1.896910548210144,2.202540636062622,2.4841227531433105,2.608637809753418,2.9860403537750244,2.9629130363464355,1.4189637899398804,1.3191148042678833,1.0619431734085083,0.7692648768424988,0.8989894986152649,0.6824249029159546,0.9817245006561279,1.1105453968048096,1.4072849750518799,1.706546425819397,1.980240821838379,2.315286874771118,2.4839060306549072,2.8803858757019043,2.9695851802825928
A5,1.158004879951477,0.827728807926178,0.5888922214508057,0.3900700807571411,0.0,0.3802201747894287,0.6355887651443481,0.9201429486274719,1.278210163116455,1.5524393320083618,1.9094380140304565,2.1538257598876953,2.4360761642456055,2.783547878265381,2.8500349521636963,1.4557795524597168,1.1382079124450684,0.80325847864151,0.8959088921546936,0.6606335639953613,0.8841325640678406,1.103155255317688,1.2142276763916016,1.5968364477157593,1.744172215461731,2.1456754207611084,2.3273184299468994,2.5918495655059814,2.9218852519989014,2.9063713550567627,1.8670779466629028,1.6454440355300903,1.2650172710418701,1.2470717430114746,1.0841851234436035,1.0955055952072144,1.3306515216827393,1.265030860900879,1.632035732269287,1.719144582748413,2.0775275230407715,2.2877449989318848,2.4673287868499756,2.810105562210083,2.7293717861175537,1.8937312364578247,1.7074906826019287,1.3552203178405762,1.163276195526123,1.0970005989074707,0.8810911178588867,1.1113641262054443,1.0289591550827026,1.3542152643203735,1.5102429389953613,1.8132774829864502,2.098950147628784,2.229428768157959,2.610260009765625,2.6021225452423096,1.4892600774765015,1.2924692630767822,1.0370299816131592,0.6994378566741943,0.6678284406661987,0.34312760829925537,0.597545862197876,0.7344810962677002,1.0480133295059204,1.3562835454940796,1.6529699563980103,1.9742847681045532,2.173954963684082,2.563509464263916,2.657437562942505
A6,1.3960860967636108,1.126151442527771,0.8833503723144531,0.5669763684272766,0.3802201747894287,0.0,0.3832109272480011,0.6340535283088684,0.9875662922859192,1.2894954681396484,1.62053644657135,1.9020769596099854,2.1542937755584717,2.5201644897460938,2.599748134613037,1.3842848539352417,1.025696039199829,0.7415887713432312,0.7010472416877747,0.3548162579536438,0.5842230916023254,0.754866898059845,0.9317708015441895,1.302148699760437,1.4971261024475098,1.889165997505188,2.0909481048583984,2.373128890991211,2.7085530757904053,2.734395980834961,1.7568678855895996,1.4734992980957031,1.1124770641326904,1.1218711137771606,0.8732789158821106,0.9655133485794067,1.1572896242141724,1.135184407234192,1.5103392601013184,1.6025711297988892,1.9911121129989624,2.174527406692505,2.4025089740753174,2.7336065769195557,2.6583824157714844,1.9744153022766113,1.7351914644241333,1.3613288402557373,1.2427276372909546,1.083693265914917,0.9499003291130066,1.1482832431793213,1.0311036109924316,1.3792517185211182,1.4711424112319946,1.816120982170105,2.048001766204834,2.2033514976501465,2.5619726181030273,2.5132617950439453,1.7886725664138794,1.576026201248169,1.2651957273483276,0.9939308762550354,0.8812094926834106,0.5721490383148193,0.7509556412696838,0.6906093955039978,1.0102415084838867,1.2341121435165405,1.5387918949127197,1.8444604873657227,2.009671688079834,2.4011638164520264,2.4545342922210693
A7,1.6838524341583252,1.3894131183624268,1.202364444732666,0.885636568069458,0.6355887651443481,0.3832109272480011,0.0,0.3840046226978302,0.6633014678955078,0.9852086901664734,1.3053091764450073,1.5759996175765991,1.8498271703720093,2.2030699253082275,2.308868646621704,1.6731973886489868,1.2860926389694214,1.070327639579773,1.015311360359192,0.6348370909690857,0.7782862186431885,0.7555722594261169,0.8751329183578491,1.1778466701507568,1.3183093070983887,1.7110772132873535,1.8602350950241089,2.171642541885376,2.47666597366333,2.4991261959075928,2.0823280811309814,1.7654805183410645,1.4295252561569214,1.4181839227676392,1.1045562028884888,1.1620359420776367,1.2413883209228516,1.1362121105194092,1.45817232131958,1.4636650085449219,1.853212833404541,1.9777822494506836,2.2102718353271484,2.5093014240264893,2.4000892639160156,2.310424566268921,2.042706251144409,1.6804449558258057,1.5382380485534668,1.3171336650848389,1.1425873041152954,1.227543830871582,0.9943273067474365,1.2726600170135498,1.2682318687438965,1.5951684713363647,1.7880293130874634,1.9174915552139282,2.2580153942108154,2.1788535118103027,2.1060256958007812,1.869260549545288,1.5825526714324951,1.2879184484481812,1.112931251525879,0.7662826180458069,0.75001460313797,0.5166848301887512,0.725835382938385,0.9060477614402771,1.1778943538665771,1.4917056560516357,1.6353458166122437,2.0299532413482666,2.093400239944458
A8,2.019697666168213,1.7253984212875366,1.4890259504318237,1.1958039999008179,0.9201429486274719,0.6340535283088684,0.3840046226978302,0.0,0.40080738067626953,0.656545102596283,1.002988338470459,1.272966980934143,1.5262126922607422,1.8886206150054932,1.9674609899520874,1.904553771018982,1.5307507514953613,1.317678451538086,1.154556155204773,0.7779678702354431,0.7317989468574524,0.547085702419281,0.5528466105461121,0.80692458152771,0.9385266304016113,1.328011393547058,1.4897186756134033,1.7991753816604614,2.113093137741089,2.156015396118164,2.1034903526306152,1.7525533437728882,1.46072256565094,1.387378454208374,1.0219537019729614,1.0409226417541504,1.0065486431121826,0.8851822018623352,1.1652330160140991,1.1623073816299438,1.5612491369247437,1.669948935508728,1.938068151473999,2.232889175415039,2.1502413749694824,2.334444999694824,2.01800274848938,1.6797598600387573,1.5523288249969482,1.2537143230438232,1.1230003833770752,1.1229692697525024,0.8721521496772766,1.1315141916275024,1.0778324604034424,1.4413713216781616,1.5811702013015747,1.762962818145752,2.0812501907348633,1.995680809020996,2.2977283000946045,2.016071319580078,1.7112607955932617,1.4716788530349731,1.2147035598754883,0.9363775253295898,0.8686169385910034,0.5357792973518372,0.7270245552062988,0.7528385519981384,1.077113151550293,1.3171107769012451,1.474355697631836,1.8483281135559082,1.8582171201705933
A9,2.3394060134887695,2.05269718170166,1.8519092798233032,1.534946084022522,1.278210163116455,0.9875662922859192,0.6633014678955078,0.40080738067626953,0.0,0.38197919726371765,0.6433586478233337,0.942321240901947,1.1929981708526611,1.5540448427200317,1.6821917295455933,2.157449245452881,1.7736934423446655,1.6235450506210327,1.4580376148223877,1.0973210334777832,1.0524455308914185,0.763198733329773,0.7518128752708435,0.8130557537078857,0.8861268162727356,1.2199252843856812,1.3164317607879639,1.665168046951294,1.9342012405395508,2.0034918785095215,2.4069736003875732,2.035482406616211,1.7774848937988281,1.7261028289794922,1.345807433128357,1.3845065832138062,1.277541995048523,1.1407525539398193,1.3269752264022827,1.2386114597320557,1.6115018129348755,1.6291285753250122,1.9158351421356201,2.1541388034820557,2.0393142700195312,2.713498830795288,2.3835833072662354,2.052021026611328,1.9401743412017822,1.6225515604019165,1.5016189813613892,1.4478751420974731,1.1547685861587524,1.3193987607955933,1.148089051246643,1.465016484260559,1.514496922492981,1.6674920320510864,1.9326778650283813,1.7853502035140991,2.6920835971832275,2.4104561805725098,2.1112635135650635,1.8634779453277588,1.6041600704193115,1.3158464431762695,1.1889681816101074,0.8132994174957275,0.8160789012908936,0.673545241355896,0.8872578144073486,1.0871878862380981,1.1676950454711914,1.533737301826477,1.519508719444275
A10,2.663304328918457,2.3568170070648193,2.132859945297241,1.8469077348709106,1.5524393320083618,1.2894954681396484,0.9852086901664734,0.656545102596283,0.38197919726371765,0.0,0.40377265214920044,0.6197754144668579,0.8859817385673523,1.234857201576233,1.3244924545288086,2.5004866123199463,2.125617027282715,1.9538671970367432,1.7569741010665894,1.4023208618164062,1.2788417339324951,0.9545349478721619,0.793157696723938,0.6965616941452026,0.6177250146865845,0.9088530540466309,0.9486700296401978,1.3033344745635986,1.5567883253097534,1.6251089572906494,2.608741283416748,2.231375217437744,2.0010621547698975,1.891041874885559,1.5075862407684326,1.4787406921386719,1.276482105255127,1.090707540512085,1.1604652404785156,1.0031026601791382,1.3372268676757812,1.3010553121566772,1.6051607131958008,1.8186262845993042,1.717923879623413,2.8427040576934814,2.487792730331421,2.19195556640625,2.065080404281616,1.7134740352630615,1.5976760387420654,1.4569450616836548,1.1548269987106323,1.2303448915481567,0.9902271628379822,1.2850613594055176,1.2581229209899902,1.4486873149871826,1.6764789819717407,1.5299742221832275,2.8885228633880615,2.5728201866149902,2.2857203483581543,2.065749168395996,1.7580255270004272,1.5179085731506348,1.338743805885315,0.962094247341156,0.9070183038711548,0.6219971776008606,0.826035737991333,0.8898035883903503,1.0010762214660645,1.317586898803711,1.2530208826065063
A11,2.982387065887451,2.6940972805023193,2.486300230026245,2.1754517555236816,1.9094380140304565,1.62053644657135,1.3053091764450073,1.002988338470459,0.6433586478233337,0.40377265214920044,0.0,0.3790731132030487,0.5567411184310913,0.9241120219230652,1.0889041423797607,2.7258870601654053,2.3542122840881348,2.2335972785949707,2.0250680446624756,1.6924185752868652,1.571826696395874,1.2122530937194824,1.099552869796753,0.8933712840080261,0.8150923252105713,0.9468111991882324,0.9145129323005676,1.2833105325698853,1.4698336124420166,1.5967904329299927,2.8567419052124023,2.466437816619873,2.2711784839630127,2.1902761459350586,1.8044360876083374,1.815317153930664,1.5926836729049683,1.446523666381836,1.4697703123092651,1.29531991481781,1.5747361183166504,1.4580020904541016,1.772042155265808,1.9137574434280396,1.7992284297943115,3.186605453491211,2.823403835296631,2.5292160511016846,2.4334402084350586,2.0752553939819336,1.9877371788024902,1.8476115465164185,1.5535352230072021,1.6011757850646973,1.3220088481903076,1.5588057041168213,1.4450130462646484,1.6016939878463745,1.7466944456100464,1.5318894386291504,3.277272939682007,2.9679253101348877,2.6714284420013428,2.4527370929718018,2.1539671421051025,1.9051427841186523,1.7316689491271973,1.3501840829849243,1.2495567798614502,0.9280571341514587,0.9811661839485168,0.9537530541419983,0.925146758556366,1.1754132509231567,1.0306235551834106
A12,3.2587392330169678,2.9461910724639893,2.7395241260528564,2.4531795978546143,2.1538257598876953,1.9020769596099854,1.5759996175765991,1.272966980934143,0.942321240901947,0.6197754144668579,0.3790731132030487,0.0,0.37194880843162537,0.6363548040390015,0.7889103889465332,3.0772786140441895,2.7011258602142334,2.5573580265045166,2.3563168048858643,2.0105483531951904,1.8774226903915405,1.5278899669647217,1.346710443496704,1.108599305152893,0.9010588526725769,0.9403164386749268,0.7557763457298279,1.105047583580017,1.2100714445114136,1.3055254220962524,3.1674704551696777,2.781071424484253,2.583857297897339,2.466054677963257,2.0844619274139404,2.0410847663879395,1.7804049253463745,1.5810438394546509,1.5163103342056274,1.2662283182144165,1.4612023830413818,1.2619779109954834,1.5487339496612549,1.6277894973754883,1.4949544668197632,3.4078798294067383,3.038163900375366,2.7672011852264404,2.639995574951172,2.2745325565338135,2.161806583404541,1.9622962474822998,1.6538258790969849,1.6099226474761963,1.279636263847351,1.433958888053894,1.2364341020584106,1.378281593322754,1.4569849967956543,1.228172779083252,3.4787209033966064,3.149413824081421,2.877857208251953,2.660562753677368,2.338139533996582,2.108973503112793,1.883846402168274,1.5159755945205688,1.351190447807312,0.9791221618652344,0.9569851756095886,0.7827091217041016,0.7527515292167664,0.9044514894485474,0.7108352184295654
A13,3.529634714126587,3.2347609996795654,3.0134940147399902,2.7153663635253906,2.4360761642456055,2.1542937755584717,1.8498271703720093,1.5262126922607422,1.1929981708526611,0.8859817385673523,0.5567411184310913,0.37194880843162537,0.0,0.3978973627090454,0.5790119767189026,3.246520519256592,2.8854453563690186,2.7665295600891113,2.531780481338501,2.213974952697754,2.0481464862823486,1.6767380237579346,1.5079501867294312,1.1965882778167725,1.020800232887268,0.9212039709091187,0.733554482460022,1.038212776184082,1.0982062816619873,1.2859034538269043,3.264847755432129,2.872176170349121,2.7183587551116943,2.6066970825195312,2.2308812141418457,2.2104125022888184,1.9247294664382935,1.777734637260437,1.6849912405014038,1.4721715450286865,1.634846568107605,1.4164354801177979,1.7224953174591064,1.7639250755310059,1.6742942333221436,3.574537754058838,3.1924285888671875,2.935007095336914,2.8455090522766113,2.468850612640381,2.403211832046509,2.209317207336426,1.9349536895751953,1.9081581830978394,1.5945765972137451,1.7548106908798218,1.5281238555908203,1.687101125717163,1.7137519121170044,1.4755479097366333,3.7489237785339355,3.417597770690918,3.1279947757720947,2.935607671737671,2.6102192401885986,2.3965651988983154,2.2009785175323486,1.8314485549926758,1.7031461000442505,1.3380898237228394,1.3248684406280518,1.1351869106292725,1.0556514263153076,1.1147551536560059,0.8218027353286743
A14,3.886902332305908,3.5799005031585693,3.366629123687744,3.0772979259490967,2.783547878265381,2.5201644897460938,2.2030699253082275,1.8886206150054932,1.5540448427200317,1.234857201576233,0.9241120219230652,0.6363548040390015,0.3978973627090454,0.0,0.360860675573349,3.6379733085632324,3.2727489471435547,3.1507489681243896,2.923661708831787,2.598811626434326,2.434922456741333,2.067288398742676,1.8778338432312012,1.5606011152267456,1.337455153465271,1.176573634147644,0.8928170800209045,1.1023197174072266,1.0129448175430298,1.186742901802063,3.651136636734009,3.2599456310272217,3.108142137527466,2.982956647872925,2.609912633895874,2.566220998764038,2.263925313949585,2.092014789581299,1.9484670162200928,1.695876955986023,1.7785552740097046,1.4927291870117188,1.7489663362503052,1.6988273859024048,1.5956230163574219,3.9221179485321045,3.5369956493377686,3.2935330867767334,3.1882433891296387,2.809797763824463,2.729475736618042,2.503955841064453,2.222524881362915,2.1377758979797363,1.798966884613037,1.8826745748519897,1.5922083854675293,1.710661768913269,1.6435234546661377,1.3864625692367554,4.081550121307373,3.7406089305877686,3.467118740081787,3.271967887878418,2.93695068359375,2.7294349670410156,2.5036346912384033,2.142995834350586,1.9711092710494995,1.5912816524505615,1.5114860534667969,1.2427724599838257,1.1252636909484863,1.0373519659042358,0.6821368336677551
A15,3.9818520545959473,3.665062665939331,3.4248902797698975,3.1606240272521973,2.8500349521636963,2.599748134613037,2.308868646621704,1.9674609899520874,1.6821917295455933,1.3244924545288086,1.0889041423797607,0.7889103889465332,0.5790119767189026,0.360860675573349,0.0,3.75270676612854,3.3960843086242676,3.244096517562866,2.9966204166412354,2.6774706840515137,2.4733266830444336,2.1159167289733887,1.874414086341858,1.5348533391952515,1.2654134035110474,1.027268648147583,0.6995180249214172,0.8085522651672363,0.6596788763999939,0.8625164031982422,3.645585060119629,3.262965202331543,3.1257355213165283,2.961003303527832,2.6031928062438965,2.5197594165802,2.1866703033447266,2.0118818283081055,1.807824730873108,1.5591622591018677,1.576683521270752,1.2753335237503052,1.528704047203064,1.4629744291305542,1.4248802661895752,3.842991828918457,3.4512879848480225,3.240389108657837,3.1309022903442383,2.7478036880493164,2.6824870109558105,2.426879644393921,2.1779167652130127,2.0675902366638184,1.7484101057052612,1.8234809637069702,1.5164034366607666,1.6868908405303955,1.6108189821243286,1.4182164669036865,4.063387870788574,3.705207586288452,3.4404115676879883,3.2761423587799072,2.9214749336242676,2.7553586959838867,2.529489040374756,2.190351963043213,2.0474114418029785,1.6703566312789917,1.649366855621338,1.3559850454330444,1.3281605243682861,1.2359545230865479,0.9035201668739319
B1,1.16046142578125,1.3287107944488525,1.2728040218353271,1.1103236675262451,1.4557795524597168,1.3842848539352417,1.6731973886489868,1.904553771018982,2.157449245452881,2.5004866123199463,2.7258870601654053,3.0772786140441895,3.246520519256592,3.6379733085632324,3.75270676612854,0.0,0.40113019943237305,0.6632809638977051,0.8426269292831421,1.154845952987671,1.4098891019821167,1.6898692846298218,2.029858112335205,2.351388454437256,2.668065309524536,2.9976398944854736,3.2709732055664062,3.542703151702881,3.9000914096832275,3.9930825233459473,1.3431239128112793,1.2858574390411377,1.1088787317276,1.4590673446655273,1.5186439752578735,1.8196567296981812,2.133251428604126,2.310943126678467,2.7025058269500732,2.8904433250427246,3.2791950702667236,3.4871714115142822,3.742462635040283,4.082400798797607,4.0265655517578125,2.0739376544952393,2.022721767425537,1.7004424333572388,1.840765357017517,1.9041141271591187,1.975121259689331,2.3129498958587646,2.340930461883545,2.720538377761841,2.8487510681152344,3.198601245880127,3.4282689094543457,3.578554391860962,3.9290244579315186,3.847991704940796,2.015012741088867,2.0554916858673096,1.7742235660552979,1.6769717931747437,1.8508466482162476,1.7221477031707764,2.0423851013183594,2.0720136165618896,2.3638505935668945,2.5782759189605713,2.826599359512329,3.148268699645996,3.2348501682281494,3.6278469562530518,3.6545767784118652
B2,1.1218986511230469,1.1740442514419556,1.0925660133361816,0.8307783603668213,1.1382079124450684,1.025696039199829,1.2860926389694214,1.5307507514953613,1.7736934423446655,2.125617027282715,2.3542122840881348,2.7011258602142334,2.8854453563690186,3.2727489471435547,3.3960843086242676,0.40113019943237305,0.0,0.385387659072876,0.5913801789283752,0.8159691691398621,1.120421051979065,1.3715566396713257,1.7133971452713013,2.0368621349334717,2.33665132522583,2.679255723953247,2.931168794631958,3.2179322242736816,3.5644681453704834,3.649338722229004,1.4513370990753174,1.2906280755996704,1.033903956413269,1.341681718826294,1.3057183027267456,1.5972795486450195,1.8830029964447021,2.0199928283691406,2.4098637104034424,2.5650832653045654,2.9601542949676514,3.1479010581970215,3.4029195308685303,3.7319676876068115,3.66054105758667,2.1023576259613037,1.9884884357452393,1.6277004480361938,1.7098395824432373,1.710455298423767,1.7358375787734985,2.0443813800811768,2.02419114112854,2.3928940296173096,2.4936883449554443,2.838740825653076,3.058340549468994,3.19864559173584,3.5438506603240967,3.454894781112671,1.9853318929672241,1.961783766746521,1.6597774028778076,1.4959087371826172,1.6161854267120361,1.4278461933135986,1.7148147821426392,1.7094826698303223,1.9831492900848389,2.1905367374420166,2.4289934635162354,2.7529053688049316,2.8358986377716064,3.2297887802124023,3.263869285583496
B3,0.9841213226318359,0.9377390146255493,0.7625303268432617,0.5031521320343018,0.80325847864151,0.7415887713432312,1.070327639579773,1.317678451538086,1.6235450506210327,1.9538671970367432,2.2335972785949707,2.5573580265045166,2.7665295600891113,3.1507489681243896,3.244096517562866,0.6632809638977051,0.385387659072876,0.0,0.3886609673500061,0.5737076997756958,0.884120762348175,1.1918213367462158,1.4847530126571655,1.8457189798355103,2.1205074787139893,2.481785297393799,2.733438014984131,3.004201650619507,3.3590099811553955,3.417323350906372,1.3628357648849487,1.1878955364227295,0.8540295362472534,1.0847283601760864,1.0488041639328003,1.2877016067504883,1.5967438220977783,1.7130709886550903,2.1088883876800537,2.274329900741577,2.659507989883423,2.871588706970215,3.1084089279174805,3.452155113220215,3.3933510780334473,1.8204327821731567,1.6913504600524902,1.3206686973571777,1.3536003828048706,1.3633675575256348,1.3654143810272217,1.6853790283203125,1.6884881258010864,2.0625956058502197,2.198831558227539,2.543853759765625,2.78720760345459,2.9407172203063965,3.3010988235473633,3.24440336227417,1.6654489040374756,1.6027312278747559,1.2914153337478638,1.1189332008361816,1.2329237461090088,1.0664520263671875,1.3813375234603882,1.4213899374008179,1.7322520017623901,1.9660468101501465,2.242461681365967,2.5618937015533447,2.690593957901001,3.086333751678467,3.1292431354522705
B4,1.3486803770065308,1.2641774415969849,1.0064990520477295,0.7430546283721924,0.8959088921546936,0.7010472416877747,1.015311360359192,1.154556155204773,1.4580376148223877,1.7569741010665894,2.0250680446624756,2.3563168048858643,2.531780481338501,2.923661708831787,2.9966204166412354,0.8426269292831421,0.5913801789283752,0.3886609673500061,0.0,0.3872999846935272,0.5713227391242981,0.8906383514404297,1.2006433010101318,1.5428175926208496,1.8494774103164673,2.1861085891723633,2.4664783477783203,2.7225899696350098,3.0882792472839355,3.1721372604370117,1.1500704288482666,0.8902793526649475,0.5572088956832886,0.7920575141906738,0.7145605087280273,1.0159987211227417,1.3029016256332397,1.47598397731781,1.8640295267105103,2.059634208679199,2.447509527206421,2.660555124282837,2.9246249198913574,3.2688701152801514,3.2375404834747314,1.7130908966064453,1.5168664455413818,1.1394693851470947,1.2277052402496338,1.163309097290039,1.2420023679733276,1.5416589975357056,1.5638315677642822,1.9528698921203613,2.0773003101348877,2.451946258544922,2.665177345275879,2.8575117588043213,3.2046241760253906,3.1422269344329834,1.809482455253601,1.683056354522705,1.3235275745391846,1.2081573009490967,1.2208040952682495,1.0828850269317627,1.3843058347702026,1.3618048429489136,1.6975340843200684,1.8718822002410889,2.178389072418213,2.460780143737793,2.591960906982422,2.9760067462921143,2.97672963142395
B5,1.444629192352295,1.2584528923034668,0.9963242411613464,0.6709253787994385,0.6606335639953613,0.3548162579536438,0.6348370909690857,0.7779678702354431,1.0973210334777832,1.4023208618164062,1.6924185752868652,2.0105483531951904,2.213974952697754,2.598811626434326,2.6774706840515137,1.154845952987671,0.8159691691398621,0.5737076997756958,0.3872999846935272,0.0,0.3782779574394226,0.6343456506729126,0.9219123125076294,1.2792587280273438,1.5498696565628052,1.9120310544967651,2.1603734493255615,2.4348337650299072,2.787245035171509,2.853924512863159,1.4684888124465942,1.166006088256836,0.823936939239502,0.9129987955093384,0.6799875497817993,0.9044322371482849,1.128005862236023,1.2190163135528564,1.6035231351852417,1.7500518560409546,2.1462290287017822,2.336313486099243,2.596255302429199,2.929870843887329,2.8791422843933105,1.8746013641357422,1.631125569343567,1.24687659740448,1.2333991527557373,1.0808964967727661,1.070987582206726,1.3105186223983765,1.257419228553772,1.630504846572876,1.721771240234375,2.091749429702759,2.2972636222839355,2.479311466217041,2.8239996433258057,2.757974147796631,1.8713706731796265,1.684762716293335,1.3338042497634888,1.141486644744873,1.0630137920379639,0.8410778045654297,1.0747617483139038,0.9957520961761475,1.3184033632278442,1.4857813119888306,1.7921942472457886,2.0760245323181152,2.2143993377685547,2.6000707149505615,2.61324405670166
B6,1.7539312839508057,1.555797815322876,1.2404916286468506,0.9802051782608032,0.8841325640678406,0.5842230916023254,0.7782862186431885,0.7317989468574524,1.0524455308914185,1.2788417339324951,1.571826696395874,1.8774226903915405,2.0481464862823486,2.434922456741333,2.4733266830444336,1.4098891019821167,1.120421051979065,0.884120762348175,0.5713227391242981,0.3782779574394226,0.0,0.38214942812919617,0.633998453617096,0.9894422888755798,1.287276268005371,1.625414252281189,1.9106475114822388,2.155752658843994,2.525667667388916,2.6088037490844727,1.3719502687454224,1.0245875120162964,0.7334731817245483,0.7035068273544312,0.365200936794281,0.6092848181724548,0.788432776927948,0.9485980272293091,1.321579098701477,1.51553213596344,1.905415415763855,2.11044979095459,2.3911378383636475,2.7315709590911865,2.720261335372925,1.75581955909729,1.4526939392089844,1.0909478664398193,1.106882929801941,0.8687585592269897,0.9441950917243958,1.1423203945159912,1.133336067199707,1.5124924182891846,1.6085902452468872,2.003624677658081,2.1833229064941406,2.4131247997283936,2.7452051639556885,2.6904335021972656,1.9643161296844482,1.7262858152389526,1.354960560798645,1.2379179000854492,1.069313406944275,0.9302647113800049,1.1325546503067017,1.0166716575622559,1.3601781129837036,1.4601675271987915,1.8061847686767578,2.0352044105529785,2.1944875717163086,2.5586185455322266,2.5291309356689453
B7,2.0685081481933594,1.8467880487442017,1.5557941198349,1.2630829811096191,1.103155255317688,0.754866898059845,0.7555722594261169,0.547085702419281,0.763198733329773,0.9545349478721619,1.2122530937194824,1.5278899669647217,1.6767380237579346,2.067288398742676,2.1159167289733887,1.6898692846298218,1.3715566396713257,1.1918213367462158,0.8906383514404297,0.6343456506729126,0.38214942812919617,0.0,0.385339617729187,0.6657713651657104,0.9850411415100098,1.3102221488952637,1.585852861404419,1.8541525602340698,2.2113394737243652,2.3194308280944824,1.6631841659545898,1.2844895124435425,1.0599114894866943,1.0089330673217773,0.6289207935333252,0.7900921106338501,0.7827563285827637,0.8892565369606018,1.201255440711975,1.340613842010498,1.7370407581329346,1.888388991355896,2.198373794555664,2.5098459720611572,2.4903080463409424,2.0751187801361084,1.7394894361495972,1.405193567276001,1.4023151397705078,1.0955673456192017,1.140467643737793,1.2256126403808594,1.1316163539886475,1.4591052532196045,1.4695274829864502,1.8652795553207397,1.9854736328125,2.220646858215332,2.5212881565093994,2.43503737449646,2.3045356273651123,2.0394816398620605,1.6802661418914795,1.5396701097488403,1.312003254890442,1.1319276094436646,1.2212058305740356,0.9889653325080872,1.2600764036178589,1.262331247329712,1.5883240699768066,1.7785018682479858,1.9103327989578247,2.258406162261963,2.197920083999634
B8,2.280486822128296,2.013784646987915,1.70170259475708,1.4595892429351807,1.2142276763916016,0.9317708015441895,0.8751329183578491,0.5528466105461121,0.7518128752708435,0.793157696723938,1.099552869796753,1.346710443496704,1.5079501867294312,1.8778338432312012,1.874414086341858,2.029858112335205,1.7133971452713013,1.4847530126571655,1.2006433010101318,0.9219123125076294,0.633998453617096,0.385339617729187,0.0,0.39998793601989746,0.6543509364128113,1.0050987005233765,1.2815654277801514,1.525294542312622,1.8930201530456543,1.9775751829147339,1.8644886016845703,1.4991494417190552,1.2877981662750244,1.12253999710083,0.747930109500885,0.7205929160118103,0.5477624535560608,0.5626808404922485,0.8273507952690125,0.9652268886566162,1.3564895391464233,1.5192759037017822,1.8305071592330933,2.150317907333374,2.155787229537964,2.0907704830169678,1.7253663539886475,1.4360438585281372,1.3718355894088745,1.0082571506500244,1.023767352104187,0.9941981434822083,0.8868926167488098,1.171587347984314,1.175212025642395,1.5761688947677612,1.6815311908721924,1.9526225328445435,2.247767925262451,2.1922035217285156,2.3425276279449463,2.028611421585083,1.693889856338501,1.5712580680847168,1.2682597637176514,1.1364105939865112,1.1433428525924683,0.8960572481155396,1.1478660106658936,1.096244215965271,1.4576400518417358,1.5900390148162842,1.7721693515777588,2.0941457748413086,2.022200107574463
B9,2.6700520515441895,2.4039530754089355,2.0993752479553223,1.845744252204895,1.5968364477157593,1.302148699760437,1.1778466701507568,0.80692458152771,0.8130557537078857,0.6965616941452026,0.8933712840080261,1.108599305152893,1.1965882778167725,1.5606011152267456,1.5348533391952515,2.351388454437256,2.0368621349334717,1.8457189798355103,1.5428175926208496,1.2792587280273438,0.9894422888755798,0.6657713651657104,0.39998793601989746,0.0,0.38100874423980713,0.6463050246238708,0.9513353705406189,1.1969962120056152,1.5610501766204834,1.6952295303344727,2.123936891555786,1.7461235523223877,1.596537470817566,1.4314976930618286,1.0731897354125977,1.0451011657714844,0.7658912539482117,0.7646067142486572,0.8474770784378052,0.9240850210189819,1.2710062265396118,1.3621656894683838,1.7126394510269165,1.9898452758789062,2.013380289077759,2.392921209335327,2.008629322052002,1.7560498714447021,1.7135634422302246,1.3348373174667358,1.3710585832595825,1.268913745880127,1.1397218704223633,1.3291269540786743,1.2459319829940796,1.617339015007019,1.6315274238586426,1.9211921691894531,2.1601366996765137,2.07731032371521,2.7255566120147705,2.399507761001587,2.071307420730591,1.9615137577056885,1.6420849561691284,1.5159894227981567,1.4705259799957275,1.17973792552948,1.3377864360809326,1.1696373224258423,1.4805405139923096,1.5250303745269775,1.6736539602279663,1.945705771446228,1.8109564781188965
B10,2.872020721435547,2.569991111755371,2.2748374938964844,2.0448155403137207,1.744172215461731,1.4971261024475098,1.3183093070983887,0.9385266304016113,0.8861268162727356,0.6177250146865845,0.8150923252105713,0.9010588526725769,1.020800232887268,1.337455153465271,1.2654134035110474,2.668065309524536,2.33665132522583,2.1205074787139893,1.8494774103164673,1.5498696565628052,1.287276268005371,0.9850411415100098,0.6543509364128113,0.38100874423980713,0.0,0.40597885847091675,0.6308566927909851,0.8862536549568176,1.2414149045944214,1.3365466594696045,2.453078269958496,2.0872042179107666,1.9192829132080078,1.7169524431228638,1.3680229187011719,1.254693865776062,0.9311036467552185,0.7829911708831787,0.7075870037078857,0.6463291049003601,0.9551604986190796,0.9941935539245605,1.3510527610778809,1.6127033233642578,1.6386585235595703,2.589958667755127,2.2036421298980713,1.977083444595337,1.8745412826538086,1.4896169900894165,1.461580514907837,1.2625114917755127,1.082720160484314,1.1561676263809204,1.0065377950668335,1.3373053073883057,1.3006036281585693,1.6082360744476318,1.8234024047851562,1.7589993476867676,2.855837821960449,2.5042102336883545,2.2116692066192627,2.087859630584717,1.734937310218811,1.616753101348877,1.4863297939300537,1.188113808631897,1.262765645980835,1.0266386270523071,1.3162375688552856,1.283466100692749,1.468726396560669,1.700299859046936,1.5627189874649048
B11,3.264338970184326,2.969607353210449,2.667252540588379,2.437281847000122,2.1456754207611084,1.889165997505188,1.7110772132873535,1.328011393547058,1.2199252843856812,0.9088530540466309,0.9468111991882324,0.9403164386749268,0.9212039709091187,1.176573634147644,1.027268648147583,2.9976398944854736,2.679255723953247,2.481785297393799,2.1861085891723633,1.9120310544967651,1.625414252281189,1.3102221488952637,1.0050987005233765,0.6463050246238708,0.40597885847091675,0.0,0.3820590078830719,0.5607645511627197,0.9273186922073364,1.1025534868240356,2.6858911514282227,2.320786237716675,2.2047832012176514,1.99503755569458,1.6677683591842651,1.5595308542251587,1.2024317979812622,1.105816125869751,0.924641489982605,0.8564942479133606,1.0235872268676758,0.9806451797485352,1.3523873090744019,1.5500495433807373,1.6251403093338013,2.8439781665802,2.4465339183807373,2.257413625717163,2.1838343143463135,1.7967599630355835,1.8092368841171265,1.590770959854126,1.4460418224334717,1.4688899517059326,1.2971175909042358,1.5666142702102661,1.4463229179382324,1.7631611824035645,1.904015064239502,1.829321265220642,3.211277484893799,2.8523268699645996,2.5610132217407227,2.465639591217041,2.107762336730957,2.0135691165924072,1.8831809759140015,1.5894911289215088,1.6346068382263184,1.3569917678833008,1.5861074924468994,1.4689596891403198,1.6143012046813965,1.7654699087142944,1.5557411909103394
B12,3.471064805984497,3.154503107070923,2.8757030963897705,2.6443848609924316,2.3273184299468994,2.0909481048583984,1.8602350950241089,1.4897186756134033,1.3164317607879639,0.9486700296401978,0.9145129323005676,0.7557763457298279,0.733554482460022,0.8928170800209045,0.6995180249214172,3.2709732055664062,2.931168794631958,2.733438014984131,2.4664783477783203,2.1603734493255615,1.9106475114822388,1.585852861404419,1.2815654277801514,0.9513353705406189,0.6308566927909851,0.3820590078830719,0.0,0.3705076575279236,0.6359660625457764,0.7926560044288635,3.0427138805389404,2.6751022338867188,2.5349280834198,2.3282647132873535,1.9888843297958374,1.863937258720398,1.5141410827636719,1.3439760208129883,1.1216176748275757,0.9233940243721008,0.9995957612991333,0.816592276096344,1.1683192253112793,1.2868238687515259,1.331419587135315,3.1586363315582275,2.76615834236145,2.5734589099884033,2.462230920791626,2.078272581100464,2.03633451461792,1.778015375137329,1.578576922416687,1.5124433040618896,1.2648227214813232,1.4484200477600098,1.243969440460205,1.5343230962753296,1.6123802661895752,1.5219159126281738,3.435128688812256,3.0689282417297363,2.8010668754577637,2.6747939586639404,2.3088860511779785,2.191777229309082,2.001481294631958,1.694128155708313,1.6505943536758423,1.3213151693344116,1.4698084592819214,1.2693864107131958,1.3995347023010254,1.4821337461471558,1.25448477268219
B13,3.734661340713501,3.4155871868133545,3.1185381412506104,2.9137492179870605,2.5918495655059814,2.373128890991211,2.171642541885376,1.7991753816604614,1.665168046951294,1.3033344745635986,1.2833105325698853,1.105047583580017,1.038212776184082,1.1023197174072266,0.8085522651672363,3.542703151702881,3.2179322242736816,3.004201650619507,2.7225899696350098,2.4348337650299072,2.155752658843994,1.8541525602340698,1.525294542312622,1.1969962120056152,0.8862536549568176,0.5607645511627197,0.3705076575279236,0.0,0.39953625202178955,0.5868889689445496,3.1954338550567627,2.8439505100250244,2.73095965385437,2.4906835556030273,2.1817538738250732,2.0217325687408447,1.6494742631912231,1.4948455095291138,1.1973886489868164,1.0309971570968628,0.9760343432426453,0.7846434116363525,1.1000889539718628,1.1833919286727905,1.3195687532424927,3.24013352394104,2.8452165126800537,2.6979403495788574,2.589864730834961,2.211597442626953,2.1937222480773926,1.9094722270965576,1.7618687152862549,1.6638340950012207,1.4542770385742188,1.5991178750991821,1.3788583278656006,1.689337968826294,1.729835867881775,1.689751148223877,3.5914037227630615,3.2125067710876465,2.9590654373168945,2.870048999786377,2.493631601333618,2.4235968589782715,2.2389118671417236,1.9659273624420166,1.941253423690796,1.6290738582611084,1.7867940664291382,1.5597344636917114,1.709268569946289,1.7421282529830933,1.5044955015182495
