0.000000000000000000e+00,3.929921090602874756e-01,6.328522562980651855e-01,7.996437549591064453e-01,1.120988607406616211e+00,1.374541521072387695e+00,1.646290779113769531e+00,1.978839993476867676e+00,2.299023389816284180e+00,2.612873315811157227e+00,2.946928977966308594e+00,3.214483261108398438e+00,3.492195367813110352e+00,3.818974971771240234e+00,3.686294794082641602e+00,1.347575187683105469e+00,1.137939810752868652e+00,1.102418184280395508e+00,1.463093400001525879e+00,1.510798335075378418e+00,1.762672305107116699e+00,2.084659576416015625e+00,2.248218297958374023e+00,2.637182235717773438e+00,2.813967943191528320e+00,3.196891784667968750e+00,3.380875110626220703e+00,3.652009487152099609e+00,3.928678512573242188e+00,3.742241144180297852e+00,2.194285154342651367e+00,2.026238203048706055e+00,1.732716798782348633e+00,1.960908532142639160e+00,1.973422288894653320e+00,1.979316592216491699e+00,2.306404590606689453e+00,2.306771755218505859e+00,2.665194749832153320e+00,2.783324003219604492e+00,3.119740486145019531e+00,3.323701620101928711e+00,3.477018117904663086e+00,3.735773801803588867e+00,3.579642772674560547e+00,2.267157316207885742e+00,2.218836545944213867e+00,1.863411664962768555e+00,1.889823436737060547e+00,1.985406398773193359e+00,1.775788784027099609e+00,2.042544603347778320e+00,2.042432069778442383e+00,2.275505542755126953e+00,2.492500782012939453e+00,2.707965850830078125e+00,3.028832912445068359e+00,3.122173786163330078e+00,3.443758249282836914e+00,3.446824312210083008e+00,1.452885746955871582e+00,1.572391152381896973e+00,1.359156012535095215e+00,1.221135854721069336e+00,1.499071359634399414e+00,1.364939570426940918e+00,1.581411957740783691e+00,1.809693455696105957e+00,2.010309457778930664e+00,2.368559598922729492e+00,2.579014062881469727e+00,2.936956405639648438e+00,3.112069606781005859e+00,3.516549110412597656e+00,3.523107051849365234e+00
3.929921090602874756e-01,0.000000000000000000e+00,3.796121776103973389e-01,5.912036895751953125e-01,8.199224472045898438e-01,1.130812048912048340e+00,1.401462435722351074e+00,1.710779666900634766e+00,2.052095651626586914e+00,2.334884881973266602e+00,2.688863277435302734e+00,2.931795597076416016e+00,3.220207214355468750e+00,3.528092384338378906e+00,3.375392436981201172e+00,1.487092375755310059e+00,1.206852078437805176e+00,1.077755689620971680e+00,1.382400751113891602e+00,1.347378730773925781e+00,1.555290699005126953e+00,1.864464521408081055e+00,1.975000262260437012e+00,2.363642454147338867e+00,2.508872985839843750e+00,2.891671895980834961e+00,3.063601255416870117e+00,3.323889732360839844e+00,3.588877916336059570e+00,3.402311325073242188e+00,2.165976524353027344e+00,1.970443964004516602e+00,1.636440038681030273e+00,1.795699238777160645e+00,1.769241690635681152e+00,1.715744733810424805e+00,2.019372940063476562e+00,1.981805801391601562e+00,2.324472665786743164e+00,2.432130575180053711e+00,2.756214380264282227e+00,2.965552330017089844e+00,3.105648756027221680e+00,3.368385791778564453e+00,3.225878953933715820e+00,2.110503673553466797e+00,2.036807298660278320e+00,1.672637939453125000e+00,1.630051851272583008e+00,1.699085950851440430e+00,1.448160767555236816e+00,1.685440182685852051e+00,1.681059122085571289e+00,1.897719502449035645e+00,2.129527807235717773e+00,2.340077161788940430e+00,2.671618461608886719e+00,2.772821664810180664e+00,3.108811855316162109e+00,3.115463018417358398e+00,1.253054499626159668e+00,1.309371590614318848e+00,1.096116423606872559e+00,8.820728659629821777e-01,1.140118241310119629e+00,1.011895537376403809e+00,1.213925957679748535e+00,1.475840568542480469e+00,1.687383413314819336e+00,2.053470849990844727e+00,2.284570932388305664e+00,2.630162954330444336e+00,2.832291841506958008e+00,3.231962203979492188e+00,3.222204446792602539e+00
6.328522562980651855e-01,3.796121776103973389e-01,0.000000000000000000e+00,3.889546394348144531e-01,6.210658550262451172e-01,8.642324805259704590e-01,1.192669987678527832e+00,1.466129779815673828e+00,1.827676296234130859e+00,2.109731435775756836e+00,2.464748144149780273e+00,2.724509000778198242e+00,2.991818189620971680e+00,3.302660703659057617e+00,3.168135404586791992e+00,1.303685784339904785e+00,1.020267844200134277e+00,7.947623133659362793e-01,1.067491531372070312e+00,1.047295093536376953e+00,1.216001152992248535e+00,1.548010110855102539e+00,1.669684886932373047e+00,2.061013221740722656e+00,2.238171100616455078e+00,2.614113330841064453e+00,2.818299293518066406e+00,3.071266174316406250e+00,3.362257003784179688e+00,3.200748443603515625e+00,1.817365765571594238e+00,1.614403367042541504e+00,1.268822908401489258e+00,1.416186571121215820e+00,1.401266932487487793e+00,1.360696077346801758e+00,1.683381795883178711e+00,1.689309835433959961e+00,2.049524784088134766e+00,2.196554899215698242e+00,2.535308361053466797e+00,2.763162136077880859e+00,2.931165695190429688e+00,3.219064950942993164e+00,3.077972173690795898e+00,1.803682327270507812e+00,1.693499684333801270e+00,1.321412920951843262e+00,1.302670836448669434e+00,1.360397219657897949e+00,1.147427558898925781e+00,1.429757118225097656e+00,1.456724286079406738e+00,1.731490373611450195e+00,1.971304893493652344e+00,2.232571601867675781e+00,2.549875497817993164e+00,2.694940805435180664e+00,3.028686285018920898e+00,2.996360778808593750e+00,1.185075283050537109e+00,1.150285124778747559e+00,8.546724319458007812e-01,6.864364147186279297e-01,9.069817662239074707e-01,7.735176086425781250e-01,1.060711145401000977e+00,1.292680501937866211e+00,1.569334626197814941e+00,1.906359672546386719e+00,2.179051160812377930e+00,2.507727384567260742e+00,2.714318513870239258e+00,3.109151363372802734e+00,3.067533493041992188e+00
7.996437549591064453e-01,5.912036895751953125e-01,3.889546394348144531e-01,0.000000000000000000e+00,3.823725283145904541e-01,5.753826498985290527e-01,8.638342022895812988e-01,1.182836651802062988e+00,1.512454748153686523e+00,1.824778199195861816e+00,2.160469055175781250e+00,2.436140775680541992e+00,2.703215360641479492e+00,3.032456874847412109e+00,2.914133310317993164e+00,1.172529578208923340e+00,8.173869252204895020e-01,6.482945680618286133e-01,8.594164252281188965e-01,7.660866975784301758e-01,1.014236927032470703e+00,1.305341839790344238e+00,1.462337970733642578e+00,1.847533702850341797e+00,2.028243541717529297e+00,2.411432027816772461e+00,2.600220918655395508e+00,2.880420684814453125e+00,3.170057296752929688e+00,2.992503404617309570e+00,1.827481746673583984e+00,1.555805683135986328e+00,1.241437792778015137e+00,1.390461921691894531e+00,1.288904428482055664e+00,1.298360943794250488e+00,1.589506626129150391e+00,1.576559543609619141e+00,1.946763634681701660e+00,2.054292678833007812e+00,2.414823532104492188e+00,2.602046728134155273e+00,2.793353557586669922e+00,3.057439327239990234e+00,2.882057905197143555e+00,2.019220590591430664e+00,1.841834902763366699e+00,1.462971091270446777e+00,1.445025444030761719e+00,1.402298450469970703e+00,1.178309321403503418e+00,1.424877047538757324e+00,1.361422657966613770e+00,1.637684226036071777e+00,1.810745596885681152e+00,2.078786373138427734e+00,2.363688945770263672e+00,2.498923540115356445e+00,2.803127765655517578e+00,2.757336378097534180e+00,1.547731637954711914e+00,1.460104346275329590e+00,1.137359619140625000e+00,9.217875003814697266e-01,1.004617094993591309e+00,7.297179698944091797e-01,9.472759366035461426e-01,1.081456422805786133e+00,1.322458982467651367e+00,1.644852161407470703e+00,1.890477418899536133e+00,2.232904911041259766e+00,2.408454179763793945e+00,2.808311223983764648e+00,2.785977840423583984e+00
1.120988607406616211e+00,8.199224472045898438e-01,6.210658550262451172e-01,3.823725283145904541e-01,0.000000000000000000e+00,3.763078749179840088e-01,6.135737299919128418e-01,8.938749432563781738e-01,1.245964288711547852e+00,1.517510175704956055e+00,1.875930905342102051e+00,2.121632337570190430e+00,2.403283596038818359e+00,2.713256835937500000e+00,2.573509454727172852e+00,1.470429539680480957e+00,1.102789878845214844e+00,8.958861231803894043e-01,9.654394984245300293e-01,7.270063757896423340e-01,8.868262171745300293e-01,1.118041515350341797e+00,1.193320870399475098e+00,1.572736382484436035e+00,1.706963181495666504e+00,2.093694210052490234e+00,2.261362552642822266e+00,2.537167549133300781e+00,2.812435865402221680e+00,2.629106044769287109e+00,1.939955234527587891e+00,1.642398715019226074e+00,1.315411567687988281e+00,1.359943389892578125e+00,1.179485797882080078e+00,1.112416505813598633e+00,1.343548893928527832e+00,1.263071179389953613e+00,1.614824533462524414e+00,1.692995548248291016e+00,2.047924041748046875e+00,2.228993415832519531e+00,2.413497209548950195e+00,2.676342725753784180e+00,2.506082534790039062e+00,2.026690483093261719e+00,1.812142372131347656e+00,1.444233894348144531e+00,1.340880513191223145e+00,1.221796631813049316e+00,9.419797062873840332e-01,1.118407487869262695e+00,1.001804590225219727e+00,1.263094425201416016e+00,1.428689718246459961e+00,1.700194001197814941e+00,1.986281752586364746e+00,2.132139921188354492e+00,2.444458723068237305e+00,2.396745204925537109e+00,1.589478373527526855e+00,1.426489353179931641e+00,1.122647643089294434e+00,8.393030762672424316e-01,7.836528420448303223e-01,4.325033128261566162e-01,5.788152217864990234e-01,7.052672505378723145e-01,9.661904573440551758e-01,1.292677283287048340e+00,1.564010262489318848e+00,1.892128109931945801e+00,2.094552993774414062e+00,2.488710403442382812e+00,2.450312852859497070e+00
1.374541521072387695e+00,1.130812048912048340e+00,8.642324805259704590e-01,5.753826498985290527e-01,3.763078749179840088e-01,0.000000000000000000e+00,3.750826120376586914e-01,6.230831146240234375e-01,9.719127416610717773e-01,1.275532245635986328e+00,1.612534999847412109e+00,1.897416830062866211e+00,2.148337364196777344e+00,2.478609800338745117e+00,2.377371072769165039e+00,1.353499531745910645e+00,1.001751542091369629e+00,7.869729995727539062e-01,7.066973447799682617e-01,3.865929245948791504e-01,5.479472279548645020e-01,7.606065273284912109e-01,9.022447466850280762e-01,1.280128359794616699e+00,1.469651222229003906e+00,1.850374221801757812e+00,2.048898696899414062e+00,2.335650682449340820e+00,2.640585899353027344e+00,2.477241277694702148e+00,1.726013898849487305e+00,1.389768481254577637e+00,1.104654550552368164e+00,1.132268309593200684e+00,8.935007452964782715e-01,9.066518545150756836e-01,1.123114585876464844e+00,1.098265767097473145e+00,1.471266388893127441e+00,1.569190502166748047e+00,1.949830532073974609e+00,2.119044542312622070e+00,2.349274396896362305e+00,2.617969512939453125e+00,2.428009986877441406e+00,1.995350599288940430e+00,1.724730968475341797e+00,1.373911738395690918e+00,1.317300438880920410e+00,1.128639459609985352e+00,9.308103919029235840e-01,1.115666985511779785e+00,9.815260767936706543e-01,1.294603228569030762e+00,1.405182600021362305e+00,1.725291132926940918e+00,1.958910703659057617e+00,2.138993740081787109e+00,2.417787790298461914e+00,2.319721460342407227e+00,1.822986841201782227e+00,1.615392923355102539e+00,1.275580048561096191e+00,1.069175004959106445e+00,9.367050528526306152e-01,5.935168266296386719e-01,7.335336804389953613e-01,6.761815547943115234e-01,9.615256190299987793e-01,1.201647639274597168e+00,1.487016320228576660e+00,1.794321894645690918e+00,1.968048930168151855e+00,2.353595495223999023e+00,2.296010017395019531e+00
1.646290779113769531e+00,1.401462435722351074e+00,1.192669987678527832e+00,8.638342022895812988e-01,6.135737299919128418e-01,3.750826120376586914e-01,0.000000000000000000e+00,3.791119456291198730e-01,6.543591022491455078e-01,9.779691696166992188e-01,1.300702929496765137e+00,1.582021117210388184e+00,1.847946166992187500e+00,2.186758279800415039e+00,2.087255001068115234e+00,1.577006220817565918e+00,1.219483971595764160e+00,1.086361765861511230e+00,9.423347711563110352e-01,5.699344873428344727e-01,7.022638320922851562e-01,7.226395606994628906e-01,8.242744803428649902e-01,1.146597623825073242e+00,1.286611318588256836e+00,1.667137980461120605e+00,1.818472385406494141e+00,2.131994724273681641e+00,2.414888620376586914e+00,2.225353479385375977e+00,1.991685509681701660e+00,1.628366351127624512e+00,1.392071366310119629e+00,1.381820440292358398e+00,1.072124600410461426e+00,1.085278868675231934e+00,1.191918849945068359e+00,1.094500303268432617e+00,1.421901226043701172e+00,1.436176657676696777e+00,1.816024422645568848e+00,1.923918485641479492e+00,2.163565397262573242e+00,2.393493890762329102e+00,2.170802831649780273e+00,2.312647819519042969e+00,2.016614675521850586e+00,1.687100172042846680e+00,1.600080966949462891e+00,1.349477052688598633e+00,1.141393899917602539e+00,1.221045732498168945e+00,9.784888625144958496e-01,1.224430561065673828e+00,1.230892300605773926e+00,1.531598210334777832e+00,1.717976808547973633e+00,1.879026174545288086e+00,2.122244358062744141e+00,2.015805244445800781e+00,2.145873069763183594e+00,1.924128174781799316e+00,1.606153368949890137e+00,1.363985776901245117e+00,1.172482252120971680e+00,8.152146339416503906e-01,7.786552309989929199e-01,5.510708689689636230e-01,7.143723964691162109e-01,9.017539024353027344e-01,1.148855090141296387e+00,1.463258743286132812e+00,1.610523462295532227e+00,1.999553561210632324e+00,1.962535381317138672e+00
1.978839993476867676e+00,1.710779666900634766e+00,1.466129779815673828e+00,1.182836651802062988e+00,8.938749432563781738e-01,6.230831146240234375e-01,3.791119456291198730e-01,0.000000000000000000e+00,3.957767784595489502e-01,6.536297798156738281e-01,1.001674056053161621e+00,1.278075218200683594e+00,1.528257727622985840e+00,1.855859160423278809e+00,1.762729763984680176e+00,1.826899051666259766e+00,1.501980423927307129e+00,1.329444289207458496e+00,1.102093338966369629e+00,7.328673601150512695e-01,6.700184345245361328e-01,5.207026600837707520e-01,4.967264235019683838e-01,7.801780700683593750e-01,9.101717472076416016e-01,1.289090394973754883e+00,1.456031560897827148e+00,1.765441894531250000e+00,2.064969539642333984e+00,1.897711634635925293e+00,2.004572391510009766e+00,1.641940474510192871e+00,1.434088587760925293e+00,1.328749418258666992e+00,9.677298665046691895e-01,9.474315643310546875e-01,9.400649070739746094e-01,8.185655474662780762e-01,1.111636638641357422e+00,1.119338035583496094e+00,1.505019783973693848e+00,1.608373641967773438e+00,1.877199292182922363e+00,2.121470451354980469e+00,1.902928471565246582e+00,2.289886713027954102e+00,1.959738373756408691e+00,1.675007462501525879e+00,1.560389757156372070e+00,1.244244217872619629e+00,1.085690855979919434e+00,1.091465950012207031e+00,8.282881379127502441e-01,1.072544574737548828e+00,1.028955698013305664e+00,1.369363784790039062e+00,1.507304072380065918e+00,1.719215989112854004e+00,1.946506619453430176e+00,1.792914867401123047e+00,2.283804416656494141e+00,2.009656190872192383e+00,1.707481861114501953e+00,1.497225999832153320e+00,1.226301908493041992e+00,9.320849776268005371e-01,8.575538396835327148e-01,5.265666842460632324e-01,6.965099573135375977e-01,7.334130406379699707e-01,1.034737586975097656e+00,1.275798678398132324e+00,1.439358115196228027e+00,1.799025297164916992e+00,1.708830714225769043e+00
2.299023389816284180e+00,2.052095651626586914e+00,1.827676296234130859e+00,1.512454748153686523e+00,1.245964288711547852e+00,9.719127416610717773e-01,6.543591022491455078e-01,3.957767784595489502e-01,0.000000000000000000e+00,3.874290287494659424e-01,6.510827541351318359e-01,9.666344523429870605e-01,1.204506516456604004e+00,1.561550498008728027e+00,1.507213711738586426e+00,2.031144380569458008e+00,1.724369406700134277e+00,1.612510919570922852e+00,1.347888469696044922e+00,1.002655863761901855e+00,9.609697461128234863e-01,6.874799132347106934e-01,6.683987975120544434e-01,7.606665492057800293e-01,8.414646387100219727e-01,1.169146895408630371e+00,1.284174680709838867e+00,1.624732494354248047e+00,1.907266855239868164e+00,1.726898193359375000e+00,2.236452579498291016e+00,1.860215663909912109e+00,1.714441537857055664e+00,1.609103202819824219e+00,1.233777880668640137e+00,1.262051939964294434e+00,1.179072618484497070e+00,1.054488539695739746e+00,1.257568001747131348e+00,1.184401750564575195e+00,1.540413260459899902e+00,1.555595755577087402e+00,1.847359657287597656e+00,2.038258314132690430e+00,1.777649879455566406e+00,2.631858110427856445e+00,2.283410072326660156e+00,2.021971225738525391e+00,1.920769453048706055e+00,1.584115147590637207e+00,1.456377029418945312e+00,1.417903542518615723e+00,1.124924063682556152e+00,1.288653969764709473e+00,1.126440167427062988e+00,1.421492815017700195e+00,1.461248159408569336e+00,1.653880000114440918e+00,1.804354786872863770e+00,1.613810420036315918e+00,2.678989648818969727e+00,2.402508974075317383e+00,2.102283954620361328e+00,1.890223145484924316e+00,1.612662911415100098e+00,1.319632530212402344e+00,1.196686506271362305e+00,8.274287581443786621e-01,8.274512290954589844e-01,6.951658725738525391e-01,8.850210309028625488e-01,1.078167438507080078e+00,1.164074778556823730e+00,1.505203962326049805e+00,1.429575085639953613e+00
2.612873315811157227e+00,2.334884881973266602e+00,2.109731435775756836e+00,1.824778199195861816e+00,1.517510175704956055e+00,1.275532245635986328e+00,9.779691696166992188e-01,6.536297798156738281e-01,3.874290287494659424e-01,0.000000000000000000e+00,3.933084905147552490e-01,6.260154247283935547e-01,8.859081268310546875e-01,1.209739208221435547e+00,1.130834221839904785e+00,2.398831605911254883e+00,2.095193147659301758e+00,1.954877018928527832e+00,1.682301282882690430e+00,1.338675975799560547e+00,1.219956159591674805e+00,9.105824232101440430e-01,7.350009679794311523e-01,6.562024354934692383e-01,5.668206214904785156e-01,8.511784076690673828e-01,9.084812402725219727e-01,1.255398273468017578e+00,1.522775888442993164e+00,1.342324852943420410e+00,2.468993425369262695e+00,2.109601497650146484e+00,1.966913580894470215e+00,1.796518683433532715e+00,1.417199850082397461e+00,1.380586266517639160e+00,1.193443894386291504e+00,1.007939696311950684e+00,1.087673544883728027e+00,9.345709085464477539e-01,1.246351838111877441e+00,1.210465788841247559e+00,1.516034364700317383e+00,1.694130539894104004e+00,1.432835936546325684e+00,2.756762504577636719e+00,2.401040315628051758e+00,2.177694559097290039e+00,2.032146930694580078e+00,1.668082475662231445e+00,1.553897976875305176e+00,1.427539587020874023e+00,1.123633146286010742e+00,1.203516602516174316e+00,9.631698131561279297e-01,1.234128713607788086e+00,1.195868968963623047e+00,1.421083688735961914e+00,1.541525959968566895e+00,1.308930516242980957e+00,2.847580671310424805e+00,2.541595458984375000e+00,2.275440216064453125e+00,2.065446615219116211e+00,1.743163824081420898e+00,1.502964258193969727e+00,1.328817844390869141e+00,9.532934427261352539e-01,8.994090557098388672e-01,6.161105036735534668e-01,7.933852672576904297e-01,8.500621318817138672e-01,9.626873135566711426e-01,1.250226140022277832e+00,1.110637426376342773e+00
2.946928977966308594e+00,2.688863277435302734e+00,2.464748144149780273e+00,2.160469055175781250e+00,1.875930905342102051e+00,1.612534999847412109e+00,1.300702929496765137e+00,1.001674056053161621e+00,6.510827541351318359e-01,3.933084905147552490e-01,0.000000000000000000e+00,3.844928741455078125e-01,5.595316290855407715e-01,9.356266260147094727e-01,9.486115574836730957e-01,2.618819713592529297e+00,2.339994668960571289e+00,2.235854387283325195e+00,1.935937404632568359e+00,1.619453549385070801e+00,1.511023521423339844e+00,1.163555264472961426e+00,1.038598418235778809e+00,8.468216061592102051e-01,7.497649788856506348e-01,8.723376393318176270e-01,8.607805967330932617e-01,1.208269000053405762e+00,1.449328184127807617e+00,1.282868981361389160e+00,2.680159330368041992e+00,2.319037914276123047e+00,2.229029655456542969e+00,2.063455343246459961e+00,1.687979698181152344e+00,1.698232412338256836e+00,1.487485647201538086e+00,1.343370199203491211e+00,1.369480848312377930e+00,1.195708870887756348e+00,1.440809130668640137e+00,1.323218584060668945e+00,1.636974811553955078e+00,1.752447724342346191e+00,1.465101480484008789e+00,3.069226503372192383e+00,2.700067281723022461e+00,2.497817516326904297e+00,2.376097440719604492e+00,2.005974769592285156e+00,1.925672769546508789e+00,1.799632549285888672e+00,1.507367968559265137e+00,1.562736392021179199e+00,1.282687306404113770e+00,1.496598243713378906e+00,1.366351366043090820e+00,1.561799407005310059e+00,1.582983732223510742e+00,1.306636929512023926e+00,3.232603311538696289e+00,2.924244165420532227e+00,2.651435136795043945e+00,2.451921224594116211e+00,2.132004737854003906e+00,1.888698220252990723e+00,1.717897057533264160e+00,1.339647412300109863e+00,1.244083404541015625e+00,9.224745631217956543e-01,9.608094096183776855e-01,9.140457510948181152e-01,8.949193954467773438e-01,1.092994451522827148e+00,9.525636434555053711e-01
3.214483261108398438e+00,2.931795597076416016e+00,2.724509000778198242e+00,2.436140775680541992e+00,2.121632337570190430e+00,1.897416830062866211e+00,1.582021117210388184e+00,1.278075218200683594e+00,9.666344523429870605e-01,6.260154247283935547e-01,3.844928741455078125e-01,0.000000000000000000e+00,3.544608652591705322e-01,6.334522366523742676e-01,5.845175981521606445e-01,2.980065822601318359e+00,2.687153100967407227e+00,2.569298744201660156e+00,2.283336639404296875e+00,1.951626300811767578e+00,1.826143264770507812e+00,1.489215373992919922e+00,1.295218229293823242e+00,1.066316246986389160e+00,8.329528570175170898e-01,8.439894318580627441e-01,6.644793748855590820e-01,9.915159940719604492e-01,1.148013591766357422e+00,9.487844109535217285e-01,3.009446144104003906e+00,2.658171653747558594e+00,2.551521301269531250e+00,2.356273889541625977e+00,1.982982993125915527e+00,1.939333319664001465e+00,1.685604691505432129e+00,1.486790060997009277e+00,1.416978597640991211e+00,1.162147641181945801e+00,1.311251521110534668e+00,1.102945208549499512e+00,1.390408039093017578e+00,1.444519042968750000e+00,1.146734833717346191e+00,3.291862010955810547e+00,2.929062366485595703e+00,2.742941617965698242e+00,2.580418348312377930e+00,2.204907655715942383e+00,2.109380483627319336e+00,1.921137571334838867e+00,1.619857192039489746e+00,1.586863160133361816e+00,1.253890156745910645e+00,1.386350035667419434e+00,1.167551994323730469e+00,1.348958730697631836e+00,1.307058811187744141e+00,9.981896877288818359e-01,3.420650243759155273e+00,3.101695537567138672e+00,2.861053228378295898e+00,2.646711826324462891e+00,2.306340694427490234e+00,2.092308044433593750e+00,1.874081373214721680e+00,1.509904861450195312e+00,1.359571933746337891e+00,9.857376813888549805e-01,9.563646912574768066e-01,7.584716081619262695e-01,7.329212427139282227e-01,8.174301981925964355e-01,6.040847897529602051e-01
3.492195367813110352e+00,3.220207214355468750e+00,2.991818189620971680e+00,2.703215360641479492e+00,2.403283596038818359e+00,2.148337364196777344e+00,1.847946166992187500e+00,1.528257727622985840e+00,1.204506516456604004e+00,8.859081268310546875e-01,5.595316290855407715e-01,3.544608652591705322e-01,0.000000000000000000e+00,3.991800248622894287e-01,5.551199316978454590e-01,3.151196241378784180e+00,2.886483192443847656e+00,2.772318840026855469e+00,2.457459449768066406e+00,2.153843402862548828e+00,2.003951549530029297e+00,1.643365502357482910e+00,1.468009471893310547e+00,1.170446872711181641e+00,9.749216437339782715e-01,8.571000695228576660e-01,6.878507733345031738e-01,9.482941031455993652e-01,1.106937408447265625e+00,9.928627014160156250e-01,3.091435909271240234e+00,2.751913785934448242e+00,2.688367843627929688e+00,2.480572223663330078e+00,2.119173288345336914e+00,2.105421781539916992e+00,1.828773736953735352e+00,1.681597113609313965e+00,1.585000514984130859e+00,1.368599057197570801e+00,1.479095697402954102e+00,1.262490510940551758e+00,1.557466268539428711e+00,1.597604870796203613e+00,1.326911926269531250e+00,3.433381795883178711e+00,3.059008359909057617e+00,2.903869152069091797e+00,2.764446496963500977e+00,2.384175300598144531e+00,2.336158752441406250e+00,2.158372640609741211e+00,1.889395833015441895e+00,1.878657102584838867e+00,1.562083721160888672e+00,1.701757550239562988e+00,1.460129141807556152e+00,1.648015737533569336e+00,1.563159823417663574e+00,1.233780860900878906e+00,3.678376197814941406e+00,3.347710609436035156e+00,3.100913047790527344e+00,2.914916992187500000e+00,2.570637464523315430e+00,2.368829488754272461e+00,2.179227113723754883e+00,1.813865661621093750e+00,1.696356415748596191e+00,1.329358935356140137e+00,1.306492090225219727e+00,1.094983577728271484e+00,1.020496606826782227e+00,9.991971254348754883e-01,7.700519561767578125e-01
3.818974971771240234e+00,3.528092384338378906e+00,3.302660703659057617e+00,3.032456874847412109e+00,2.713256835937500000e+00,2.478609800338745117e+00,2.186758279800415039e+00,1.855859160423278809e+00,1.561550498008728027e+00,1.209739208221435547e+00,9.356266260147094727e-01,6.334522366523742676e-01,3.991800248622894287e-01,0.000000000000000000e+00,3.456356823444366455e-01,3.529008388519287109e+00,3.259863615036010742e+00,3.127465486526489258e+00,2.815837144851684570e+00,2.507502794265747070e+00,2.332921504974365234e+00,1.978932976722717285e+00,1.759302139282226562e+00,1.438221454620361328e+00,1.180975794792175293e+00,9.608108401298522949e-01,6.829304695129394531e-01,8.056264519691467285e-01,8.393347859382629395e-01,7.730385661125183105e-01,3.400662899017333984e+00,3.076567173004150391e+00,3.007337093353271484e+00,2.769748449325561523e+00,2.418010473251342773e+00,2.366858720779418945e+00,2.056264638900756836e+00,1.888227343559265137e+00,1.714176774024963379e+00,1.468227386474609375e+00,1.472759842872619629e+00,1.197068572044372559e+00,1.445872783660888672e+00,1.426483154296875000e+00,1.194859623908996582e+00,3.652355670928955078e+00,3.284160137176513672e+00,3.155460596084594727e+00,2.989401817321777344e+00,2.609100580215454102e+00,2.566808462142944336e+00,2.347375154495239258e+00,2.094060897827148438e+00,2.029484987258911133e+00,1.702035903930664062e+00,1.783148288726806641e+00,1.485082864761352539e+00,1.663432598114013672e+00,1.525321722030639648e+00,1.185780048370361328e+00,3.911218404769897461e+00,3.567914247512817383e+00,3.349273920059204102e+00,3.165734291076660156e+00,2.806115865707397461e+00,2.638008356094360352e+00,2.428867340087890625e+00,2.081926822662353516e+00,1.952075958251953125e+00,1.572080612182617188e+00,1.533919215202331543e+00,1.246040225028991699e+00,1.187124490737915039e+00,1.041474699974060059e+00,7.590447664260864258e-01
3.686294794082641602e+00,3.375392436981201172e+00,3.168135404586791992e+00,2.914133310317993164e+00,2.573509454727172852e+00,2.377371072769165039e+00,2.087255001068115234e+00,1.762729763984680176e+00,1.507213711738586426e+00,1.130834221839904785e+00,9.486115574836730957e-01,5.845175981521606445e-01,5.551199316978454590e-01,3.456356823444366455e-01,0.000000000000000000e+00,3.519185304641723633e+00,3.224861860275268555e+00,3.075125455856323242e+00,2.789944171905517578e+00,2.458271980285644531e+00,2.285371065139770508e+00,1.955879926681518555e+00,1.694663524627685547e+00,1.411842703819274902e+00,1.089868545532226562e+00,9.149997234344482422e-01,5.550218820571899414e-01,6.900114417076110840e-01,6.579949259757995605e-01,4.767318069934844971e-01,3.421090126037597656e+00,3.095583915710449219e+00,2.984637260437011719e+00,2.739332914352416992e+00,2.383860349655151367e+00,2.284656524658203125e+00,1.973392605781555176e+00,1.750973939895629883e+00,1.550878882408142090e+00,1.253686189651489258e+00,1.221522569656372070e+00,9.062629938125610352e-01,1.129257798194885254e+00,1.094561457633972168e+00,8.507047891616821289e-01,3.563912391662597656e+00,3.210110187530517578e+00,3.069468975067138672e+00,2.867525339126586914e+00,2.492419719696044922e+00,2.414611101150512695e+00,2.161718606948852539e+00,1.896315813064575195e+00,1.780445814132690430e+00,1.439155817031860352e+00,1.477190852165222168e+00,1.160008311271667480e+00,1.339732289314270020e+00,1.216028690338134766e+00,8.749946951866149902e-01,3.729228734970092773e+00,3.388854742050170898e+00,3.193670272827148438e+00,2.990305423736572266e+00,2.626031875610351562e+00,2.472989559173583984e+00,2.233399391174316406e+00,1.906259655952453613e+00,1.754106998443603516e+00,1.373631834983825684e+00,1.336751818656921387e+00,1.014599680900573730e+00,1.025330901145935059e+00,8.914048075675964355e-01,5.569489598274230957e-01
1.347575187683105469e+00,1.487092375755310059e+00,1.303685784339904785e+00,1.172529578208923340e+00,1.470429539680480957e+00,1.353499531745910645e+00,1.577006220817565918e+00,1.826899051666259766e+00,2.031144380569458008e+00,2.398831605911254883e+00,2.618819713592529297e+00,2.980065822601318359e+00,3.151196241378784180e+00,3.529008388519287109e+00,3.519185304641723633e+00,0.000000000000000000e+00,3.902966976165771484e-01,6.274327635765075684e-01,7.988068461418151855e-01,1.111360192298889160e+00,1.382190108299255371e+00,1.645314574241638184e+00,1.983864426612854004e+00,2.298482179641723633e+00,2.610509395599365234e+00,2.940613746643066406e+00,3.198149204254150391e+00,3.486787557601928711e+00,3.835399866104125977e+00,3.704445362091064453e+00,1.381478428840637207e+00,1.179485082626342773e+00,1.138544201850891113e+00,1.501129150390625000e+00,1.544996619224548340e+00,1.803842782974243164e+00,2.121219396591186523e+00,2.284632205963134766e+00,2.672592401504516602e+00,2.843290090560913086e+00,3.230761528015136719e+00,3.405242681503295898e+00,3.667417526245117188e+00,3.937368869781494141e+00,3.726450204849243164e+00,2.259803056716918945e+00,2.088356256484985352e+00,1.791453719139099121e+00,2.011924266815185547e+00,2.009540319442749023e+00,1.989827632904052734e+00,2.309430599212646484e+00,2.291304588317871094e+00,2.634056568145751953e+00,2.753942489624023438e+00,3.073255300521850586e+00,3.288004636764526367e+00,3.450699806213378906e+00,3.691297769546508789e+00,3.577682018280029297e+00,2.277827501296997070e+00,2.238178253173828125e+00,1.883363723754882812e+00,1.880318284034729004e+00,1.984089970588684082e+00,1.763595223426818848e+00,2.024629354476928711e+00,2.026772499084472656e+00,2.260206460952758789e+00,2.476906538009643555e+00,2.685534715652465820e+00,3.007889270782470703e+00,3.088196754455566406e+00,3.466211080551147461e+00,3.447938203811645508e+00
1.137939810752868652e+00,1.206852078437805176e+00,1.020267844200134277e+00,8.173869252204895020e-01,1.102789878845214844e+00,1.001751542091369629e+00,1.219483971595764160e+00,1.501980423927307129e+00,1.724369406700134277e+00,2.095193147659301758e+00,2.339994668960571289e+00,2.687153100967407227e+00,2.886483192443847656e+00,3.259863615036010742e+00,3.224861860275268555e+00,3.902966976165771484e-01,0.000000000000000000e+00,3.768952488899230957e-01,5.945910215377807617e-01,8.139144778251647949e-01,1.136338233947753906e+00,1.402655363082885742e+00,1.717738032341003418e+00,2.053707838058471680e+00,2.334739446640014648e+00,2.684507369995117188e+00,2.918294668197631836e+00,3.215503215789794922e+00,3.547353267669677734e+00,3.396869421005249023e+00,1.498198628425598145e+00,1.229148864746093750e+00,1.090814232826232910e+00,1.401994228363037109e+00,1.371605038642883301e+00,1.586037158966064453e+00,1.893040418624877930e+00,2.005890846252441406e+00,2.394329786300659180e+00,2.536118507385253906e+00,2.923463582992553711e+00,3.088148593902587891e+00,3.337961912155151367e+00,3.597803831100463867e+00,3.385389089584350586e+00,2.214184045791625977e+00,2.018401861190795898e+00,1.683178186416625977e+00,1.836496591567993164e+00,1.797609925270080566e+00,1.720899581909179688e+00,2.015945672988891602e+00,1.963519573211669922e+00,2.288831233978271484e+00,2.401423692703247070e+00,2.707596302032470703e+00,2.929248094558715820e+00,3.080024480819702148e+00,3.326730012893676758e+00,3.227754354476928711e+00,2.102015256881713867e+00,2.038652658462524414e+00,1.678008794784545898e+00,1.609042286872863770e+00,1.687965869903564453e+00,1.430507183074951172e+00,1.663861036300659180e+00,1.665356278419494629e+00,1.885310530662536621e+00,2.118907451629638672e+00,2.325061798095703125e+00,2.657516002655029297e+00,2.750723838806152344e+00,3.137544631958007812e+00,3.126241207122802734e+00
1.102418184280395508e+00,1.077755689620971680e+00,7.947623133659362793e-01,6.482945680618286133e-01,8.958861231803894043e-01,7.869729995727539062e-01,1.086361765861511230e+00,1.329444289207458496e+00,1.612510919570922852e+00,1.954877018928527832e+00,2.235854387283325195e+00,2.569298744201660156e+00,2.772318840026855469e+00,3.127465486526489258e+00,3.075125455856323242e+00,6.274327635765075684e-01,3.768952488899230957e-01,0.000000000000000000e+00,3.867287337779998779e-01,6.202462315559387207e-01,8.730789422988891602e-01,1.198424935340881348e+00,1.479766726493835449e+00,1.835845112800598145e+00,2.118051767349243164e+00,2.468985080718994141e+00,2.722372770309448242e+00,2.998410224914550781e+00,3.338480949401855469e+00,3.205746173858642578e+00,1.284597516059875488e+00,1.013614416122436523e+00,7.870953083038330078e-01,1.074627995491027832e+00,1.067629337310791016e+00,1.250323414802551270e+00,1.581445097923278809e+00,1.710662722587585449e+00,2.102424860000610352e+00,2.278120756149291992e+00,2.659185886383056641e+00,2.856897115707397461e+00,3.101207733154296875e+00,3.387645244598388672e+00,3.200778007507324219e+00,1.860764622688293457e+00,1.657907605171203613e+00,1.313668131828308105e+00,1.459812283515930176e+00,1.433440089225769043e+00,1.372905373573303223e+00,1.689253449440002441e+00,1.682000994682312012e+00,2.028783798217773438e+00,2.180542707443237305e+00,2.505746603012084961e+00,2.744531631469726562e+00,2.924032688140869141e+00,3.196315288543701172e+00,3.091011047363281250e+00,1.804896116256713867e+00,1.704441070556640625e+00,1.334124922752380371e+00,1.294438481330871582e+00,1.362329244613647461e+00,1.143274784088134766e+00,1.424931406974792480e+00,1.457406759262084961e+00,1.736036539077758789e+00,1.974912524223327637e+00,2.232381820678710938e+00,2.548276424407958984e+00,2.682341575622558594e+00,3.066632032394409180e+00,3.019601345062255859e+00
1.463093400001525879e+00,1.382400751113891602e+00,1.067491531372070312e+00,8.594164252281188965e-01,9.654394984245300293e-01,7.066973447799682617e-01,9.423347711563110352e-01,1.102093338966369629e+00,1.347888469696044922e+00,1.682301282882690430e+00,1.935937404632568359e+00,2.283336639404296875e+00,2.457459449768066406e+00,2.815837144851684570e+00,2.789944171905517578e+00,7.988068461418151855e-01,5.945910215377807617e-01,3.867287337779998779e-01,0.000000000000000000e+00,3.797282576560974121e-01,5.838441848754882812e-01,8.683187365531921387e-01,1.191617012023925781e+00,1.517156481742858887e+00,1.828792214393615723e+00,2.160566806793212891e+00,2.429628372192382812e+00,2.705329418182373047e+00,3.059590339660644531e+00,2.944658994674682617e+00,1.160784482955932617e+00,8.121526241302490234e-01,6.402900218963623047e-01,8.696687817573547363e-01,7.879390716552734375e-01,1.045471310615539551e+00,1.335622787475585938e+00,1.497535824775695801e+00,1.881453394889831543e+00,2.061136007308959961e+00,2.447496414184570312e+00,2.631182432174682617e+00,2.902408599853515625e+00,3.188850164413452148e+00,2.993180513381958008e+00,1.866552710533142090e+00,1.596490025520324707e+00,1.280945539474487305e+00,1.424732565879821777e+00,1.315349221229553223e+00,1.304795145988464355e+00,1.592423915863037109e+00,1.563490867614746094e+00,1.924146294593811035e+00,2.035141468048095703e+00,2.384295225143432617e+00,2.582840204238891602e+00,2.786835908889770508e+00,3.034322977066040039e+00,2.893345832824707031e+00,2.016478300094604492e+00,1.848133444786071777e+00,1.468408703804016113e+00,1.431120991706848145e+00,1.398558855056762695e+00,1.163001656532287598e+00,1.410766124725341797e+00,1.352839708328247070e+00,1.633136153221130371e+00,1.806409239768981934e+00,2.070853471755981445e+00,2.356173038482666016e+00,2.474689483642578125e+00,2.841288089752197266e+00,2.773481607437133789e+00
1.510798335075378418e+00,1.347378730773925781e+00,1.047295093536376953e+00,7.660866975784301758e-01,7.270063757896423340e-01,3.865929245948791504e-01,5.699344873428344727e-01,7.328673601150512695e-01,1.002655863761901855e+00,1.338675975799560547e+00,1.619453549385070801e+00,1.951626300811767578e+00,2.153843402862548828e+00,2.507502794265747070e+00,2.458271980285644531e+00,1.111360192298889160e+00,8.139144778251647949e-01,6.202462315559387207e-01,3.797282576560974121e-01,0.000000000000000000e+00,3.780349195003509521e-01,6.180095076560974121e-01,9.060316085815429688e-01,1.252759456634521484e+00,1.524229645729064941e+00,1.878039002418518066e+00,2.117187500000000000e+00,2.406174898147583008e+00,2.742474317550659180e+00,2.606439828872680664e+00,1.450374603271484375e+00,1.085772275924682617e+00,8.707161545753479004e-01,9.579999446868896484e-01,7.327214479446411133e-01,9.069406986236572266e-01,1.141726136207580566e+00,1.225613713264465332e+00,1.605126857757568359e+00,1.740382552146911621e+00,2.130522012710571289e+00,2.294019460678100586e+00,2.559829950332641602e+00,2.832602739334106445e+00,2.629690408706665039e+00,1.974626302719116211e+00,1.679228663444519043e+00,1.350807189941406250e+00,1.392580270767211914e+00,1.206051349639892578e+00,1.123543977737426758e+00,1.349385261535644531e+00,1.253358960151672363e+00,1.594050765037536621e+00,1.675848722457885742e+00,2.018801689147949219e+00,2.211110353469848633e+00,2.409300565719604492e+00,2.655452489852905273e+00,2.519722461700439453e+00,2.019403219223022461e+00,1.814318776130676270e+00,1.446620345115661621e+00,1.327121138572692871e+00,1.217603445053100586e+00,9.260910153388977051e-01,1.104194998741149902e+00,9.937894344329833984e-01,1.260004639625549316e+00,1.427202939987182617e+00,1.695122480392456055e+00,1.981782674789428711e+00,2.111963748931884766e+00,2.483347654342651367e+00,2.417770624160766602e+00
1.762672305107116699e+00,1.555290699005126953e+00,1.216001152992248535e+00,1.014236927032470703e+00,8.868262171745300293e-01,5.479472279548645020e-01,7.022638320922851562e-01,6.700184345245361328e-01,9.609697461128234863e-01,1.219956159591674805e+00,1.511023521423339844e+00,1.826143264770507812e+00,2.003951549530029297e+00,2.332921504974365234e+00,2.285371065139770508e+00,1.382190108299255371e+00,1.136338233947753906e+00,8.730789422988891602e-01,5.838441848754882812e-01,3.780349195003509521e-01,0.000000000000000000e+00,3.753305673599243164e-01,6.231158971786499023e-01,9.712786674499511719e-01,1.271322011947631836e+00,1.606689214706420898e+00,1.884706020355224609e+00,2.144261598587036133e+00,2.501236677169799805e+00,2.401623964309692383e+00,1.339577436447143555e+00,9.857869744300842285e-01,7.662637233734130859e-01,6.997650265693664551e-01,3.883960545063018799e-01,5.655618309974670410e-01,7.812107801437377930e-01,9.271091818809509277e-01,1.303873419761657715e+00,1.492146730422973633e+00,1.875535368919372559e+00,2.069852352142333984e+00,2.347502708435058594e+00,2.649805068969726562e+00,2.472527980804443359e+00,1.764127373695373535e+00,1.430056691169738770e+00,1.140723466873168945e+00,1.160241484642028809e+00,9.159350395202636719e-01,9.099346399307250977e-01,1.122087836265563965e+00,1.075456261634826660e+00,1.443719625473022461e+00,1.541556477546691895e+00,1.915427327156066895e+00,2.094285964965820312e+00,2.337456703186035156e+00,2.589504003524780273e+00,2.425607204437255859e+00,1.994359374046325684e+00,1.730771303176879883e+00,1.377536058425903320e+00,1.305758595466613770e+00,1.122816085815429688e+00,9.068528413772583008e-01,1.091995716094970703e+00,9.606034755706787109e-01,1.276288390159606934e+00,1.386439919471740723e+00,1.703489303588867188e+00,1.937001228332519531e+00,2.095619678497314453e+00,2.440876007080078125e+00,2.324260234832763672e+00
