,A1,A2,A3,A4,A5,A6,A7,A8,A9,A10,A11,A12,A13,A14,A15,B1,B2,B3,B4,B5,B6,B7,B8,B9,B10,B11,B12,B13,B14,B15,C1,C2,C3,C4,C5,C6,C7,C8,C9,C10,C11,C12,C13,C14,C15,D1,D2,D3,D4,D5,D6,D7,D8,D9,D10,D11,D12,D13,D14,D15,E1,E2,E3,E4,E5,E6,E7,E8,E9,E10,E11,E12,E13,E14,E15
A1,0.0,0.3929921090602875,0.6328522562980652,0.7996437549591064,1.1209886074066162,1.3745415210723877,1.6462907791137695,1.9788399934768677,2.299023389816284,2.6128733158111572,2.9469289779663086,3.2144832611083984,3.4921953678131104,3.8189749717712402,3.6862947940826416,1.3475751876831055,1.1379398107528687,1.1024181842803955,1.4630934000015259,1.5107983350753784,1.7626723051071167,2.0846595764160156,2.248218297958374,2.6371822357177734,2.8139679431915283,3.1968917846679688,3.3808751106262207,3.6520094871520996,3.928678512573242,3.742241144180298,2.1942851543426514,2.026238203048706,1.7327167987823486,1.9609085321426392,1.9734222888946533,1.9793165922164917,2.3064045906066895,2.306771755218506,2.6651947498321533,2.7833240032196045,3.1197404861450195,3.3237016201019287,3.477018117904663,3.735773801803589,3.5796427726745605,2.2671573162078857,2.218836545944214,1.8634116649627686,1.8898234367370605,1.9854063987731934,1.7757887840270996,2.0425446033477783,2.0424320697784424,2.275505542755127,2.4925007820129395,2.707965850830078,3.0288329124450684,3.12217378616333,3.443758249282837,3.446824312210083,1.4528857469558716,1.572391152381897,1.3591560125350952,1.2211358547210693,1.4990713596343994,1.364939570426941,1.5814119577407837,1.809693455696106,2.0103094577789307,2.3685595989227295,2.5790140628814697,2.9369564056396484,3.112069606781006,3.5165491104125977,3.5231070518493652
A2,0.3929921090602875,0.0,0.37961217761039734,0.5912036895751953,0.8199224472045898,1.1308120489120483,1.401462435722351,1.7107796669006348,2.052095651626587,2.3348848819732666,2.6888632774353027,2.931795597076416,3.2202072143554688,3.528092384338379,3.375392436981201,1.48709237575531,1.2068520784378052,1.0777556896209717,1.3824007511138916,1.3473787307739258,1.555290699005127,1.864464521408081,1.975000262260437,2.363642454147339,2.5088729858398438,2.891671895980835,3.06360125541687,3.32388973236084,3.5888779163360596,3.402311325073242,2.1659765243530273,1.9704439640045166,1.6364400386810303,1.7956992387771606,1.7692416906356812,1.7157447338104248,2.0193729400634766,1.9818058013916016,2.324472665786743,2.4321305751800537,2.7562143802642822,2.96555233001709,3.1056487560272217,3.3683857917785645,3.225878953933716,2.110503673553467,2.0368072986602783,1.672637939453125,1.630051851272583,1.6990859508514404,1.4481607675552368,1.685440182685852,1.6810591220855713,1.8977195024490356,2.1295278072357178,2.3400771617889404,2.6716184616088867,2.7728216648101807,3.108811855316162,3.1154630184173584,1.2530544996261597,1.3093715906143188,1.0961164236068726,0.8820728659629822,1.1401182413101196,1.0118955373764038,1.2139259576797485,1.4758405685424805,1.6873834133148193,2.0534708499908447,2.2845709323883057,2.6301629543304443,2.832291841506958,3.231962203979492,3.2222044467926025
A3,0.6328522562980652,0.37961217761039734,0.0,0.38895463943481445,0.6210658550262451,0.8642324805259705,1.1926699876785278,1.4661297798156738,1.8276762962341309,2.109731435775757,2.4647481441497803,2.7245090007781982,2.9918181896209717,3.3026607036590576,3.168135404586792,1.3036857843399048,1.0202678442001343,0.7947623133659363,1.0674915313720703,1.047295093536377,1.2160011529922485,1.5480101108551025,1.669684886932373,2.0610132217407227,2.238171100616455,2.6141133308410645,2.8182992935180664,3.0712661743164062,3.3622570037841797,3.2007484436035156,1.8173657655715942,1.6144033670425415,1.2688229084014893,1.4161865711212158,1.4012669324874878,1.3606960773468018,1.6833817958831787,1.68930983543396,2.0495247840881348,2.1965548992156982,2.535308361053467,2.763162136077881,2.9311656951904297,3.219064950942993,3.077972173690796,1.8036823272705078,1.6934996843338013,1.3214129209518433,1.3026708364486694,1.360397219657898,1.1474275588989258,1.4297571182250977,1.4567242860794067,1.7314903736114502,1.9713048934936523,2.232571601867676,2.549875497817993,2.6949408054351807,3.028686285018921,2.9963607788085938,1.185075283050537,1.1502851247787476,0.8546724319458008,0.6864364147186279,0.9069817662239075,0.7735176086425781,1.060711145401001,1.2926805019378662,1.569334626197815,1.9063596725463867,2.179051160812378,2.5077273845672607,2.7143185138702393,3.1091513633728027,3.067533493041992
A4,0.7996437549591064,0.5912036895751953,0.38895463943481445,0.0,0.38237252831459045,0.575382649898529,0.8638342022895813,1.182836651802063,1.5124547481536865,1.8247781991958618,2.1604690551757812,2.436140775680542,2.7032153606414795,3.032456874847412,2.914133310317993,1.1725295782089233,0.8173869252204895,0.6482945680618286,0.8594164252281189,0.7660866975784302,1.0142369270324707,1.3053418397903442,1.4623379707336426,1.8475337028503418,2.0282435417175293,2.4114320278167725,2.6002209186553955,2.880420684814453,3.1700572967529297,2.9925034046173096,1.827481746673584,1.5558056831359863,1.2414377927780151,1.3904619216918945,1.2889044284820557,1.2983609437942505,1.5895066261291504,1.5765595436096191,1.9467636346817017,2.054292678833008,2.414823532104492,2.6020467281341553,2.79335355758667,3.0574393272399902,2.8820579051971436,2.0192205905914307,1.8418349027633667,1.4629710912704468,1.4450254440307617,1.4022984504699707,1.1783093214035034,1.4248770475387573,1.3614226579666138,1.6376842260360718,1.8107455968856812,2.0787863731384277,2.3636889457702637,2.4989235401153564,2.8031277656555176,2.757336378097534,1.547731637954712,1.4601043462753296,1.137359619140625,0.9217875003814697,1.0046170949935913,0.7297179698944092,0.9472759366035461,1.0814564228057861,1.3224589824676514,1.6448521614074707,1.8904774188995361,2.2329049110412598,2.408454179763794,2.8083112239837646,2.785977840423584
A5,1.1209886074066162,0.8199224472045898,0.6210658550262451,0.38237252831459045,0.0,0.376307874917984,0.6135737299919128,0.8938749432563782,1.2459642887115479,1.517510175704956,1.875930905342102,2.1216323375701904,2.4032835960388184,2.7132568359375,2.573509454727173,1.470429539680481,1.1027898788452148,0.8958861231803894,0.96543949842453,0.7270063757896423,0.88682621717453,1.1180415153503418,1.193320870399475,1.572736382484436,1.7069631814956665,2.0936942100524902,2.2613625526428223,2.537167549133301,2.8124358654022217,2.629106044769287,1.939955234527588,1.642398715019226,1.3154115676879883,1.3599433898925781,1.17948579788208,1.1124165058135986,1.3435488939285278,1.2630711793899536,1.6148245334625244,1.692995548248291,2.047924041748047,2.2289934158325195,2.41349720954895,2.676342725753784,2.506082534790039,2.0266904830932617,1.8121423721313477,1.4442338943481445,1.3408805131912231,1.2217966318130493,0.941979706287384,1.1184074878692627,1.0018045902252197,1.263094425201416,1.42868971824646,1.700194001197815,1.9862817525863647,2.1321399211883545,2.4444587230682373,2.396745204925537,1.5894783735275269,1.4264893531799316,1.1226476430892944,0.8393030762672424,0.7836528420448303,0.4325033128261566,0.578815221786499,0.7052672505378723,0.9661904573440552,1.2926772832870483,1.5640102624893188,1.8921281099319458,2.094552993774414,2.488710403442383,2.450312852859497
A6,1.3745415210723877,1.1308120489120483,0.8642324805259705,0.575382649898529,0.376307874917984,0.0,0.3750826120376587,0.6230831146240234,0.9719127416610718,1.2755322456359863,1.612534999847412,1.8974168300628662,2.1483373641967773,2.478609800338745,2.377371072769165,1.3534995317459106,1.0017515420913696,0.7869729995727539,0.7066973447799683,0.38659292459487915,0.5479472279548645,0.7606065273284912,0.9022447466850281,1.2801283597946167,1.469651222229004,1.8503742218017578,2.048898696899414,2.335650682449341,2.6405858993530273,2.477241277694702,1.7260138988494873,1.3897684812545776,1.1046545505523682,1.1322683095932007,0.8935007452964783,0.9066518545150757,1.1231145858764648,1.0982657670974731,1.4712663888931274,1.569190502166748,1.9498305320739746,2.119044542312622,2.3492743968963623,2.617969512939453,2.4280099868774414,1.9953505992889404,1.7247309684753418,1.373911738395691,1.3173004388809204,1.1286394596099854,0.9308103919029236,1.1156669855117798,0.9815260767936707,1.2946032285690308,1.4051826000213623,1.725291132926941,1.9589107036590576,2.138993740081787,2.417787790298462,2.3197214603424072,1.8229868412017822,1.6153929233551025,1.2755800485610962,1.0691750049591064,0.9367050528526306,0.5935168266296387,0.7335336804389954,0.6761815547943115,0.9615256190299988,1.2016476392745972,1.4870163202285767,1.794321894645691,1.9680489301681519,2.353595495223999,2.2960100173950195
A7,1.6462907791137695,1.401462435722351,1.1926699876785278,0.8638342022895813,0.6135737299919128,0.3750826120376587,0.0,0.3791119456291199,0.6543591022491455,0.9779691696166992,1.3007029294967651,1.5820211172103882,1.8479461669921875,2.186758279800415,2.0872550010681152,1.577006220817566,1.2194839715957642,1.0863617658615112,0.942334771156311,0.5699344873428345,0.7022638320922852,0.7226395606994629,0.824274480342865,1.1465976238250732,1.2866113185882568,1.6671379804611206,1.8184723854064941,2.1319947242736816,2.414888620376587,2.225353479385376,1.9916855096817017,1.6283663511276245,1.3920713663101196,1.3818204402923584,1.0721246004104614,1.085278868675232,1.1919188499450684,1.0945003032684326,1.4219012260437012,1.4361766576766968,1.8160244226455688,1.9239184856414795,2.1635653972625732,2.393493890762329,2.1708028316497803,2.312647819519043,2.0166146755218506,1.6871001720428467,1.600080966949463,1.3494770526885986,1.1413938999176025,1.221045732498169,0.9784888625144958,1.2244305610656738,1.230892300605774,1.5315982103347778,1.7179768085479736,1.879026174545288,2.122244358062744,2.015805244445801,2.1458730697631836,1.9241281747817993,1.6061533689498901,1.3639857769012451,1.1724822521209717,0.8152146339416504,0.7786552309989929,0.5510708689689636,0.7143723964691162,0.9017539024353027,1.1488550901412964,1.4632587432861328,1.6105234622955322,1.9995535612106323,1.9625353813171387
A8,1.9788399934768677,1.7107796669006348,1.4661297798156738,1.182836651802063,0.8938749432563782,0.6230831146240234,0.3791119456291199,0.0,0.39577677845954895,0.6536297798156738,1.0016740560531616,1.2780752182006836,1.5282577276229858,1.8558591604232788,1.7627297639846802,1.8268990516662598,1.5019804239273071,1.3294442892074585,1.1020933389663696,0.7328673601150513,0.6700184345245361,0.5207026600837708,0.4967264235019684,0.7801780700683594,0.9101717472076416,1.2890903949737549,1.4560315608978271,1.76544189453125,2.064969539642334,1.8977116346359253,2.0045723915100098,1.6419404745101929,1.4340885877609253,1.328749418258667,0.9677298665046692,0.9474315643310547,0.9400649070739746,0.8185655474662781,1.1116366386413574,1.119338035583496,1.5050197839736938,1.6083736419677734,1.8771992921829224,2.1214704513549805,1.9029284715652466,2.289886713027954,1.9597383737564087,1.6750074625015259,1.560389757156372,1.2442442178726196,1.0856908559799194,1.091465950012207,0.8282881379127502,1.0725445747375488,1.0289556980133057,1.369363784790039,1.507304072380066,1.719215989112854,1.9465066194534302,1.792914867401123,2.283804416656494,2.0096561908721924,1.707481861114502,1.4972259998321533,1.226301908493042,0.9320849776268005,0.8575538396835327,0.5265666842460632,0.6965099573135376,0.73341304063797,1.0347375869750977,1.2757986783981323,1.439358115196228,1.799025297164917,1.708830714225769
A9,2.299023389816284,2.052095651626587,1.8276762962341309,1.5124547481536865,1.2459642887115479,0.9719127416610718,0.6543591022491455,0.39577677845954895,0.0,0.38742902874946594,0.6510827541351318,0.9666344523429871,1.204506516456604,1.561550498008728,1.5072137117385864,2.031144380569458,1.7243694067001343,1.6125109195709229,1.347888469696045,1.0026558637619019,0.9609697461128235,0.6874799132347107,0.6683987975120544,0.76066654920578,0.841464638710022,1.1691468954086304,1.2841746807098389,1.624732494354248,1.9072668552398682,1.726898193359375,2.236452579498291,1.860215663909912,1.7144415378570557,1.6091032028198242,1.2337778806686401,1.2620519399642944,1.179072618484497,1.0544885396957397,1.2575680017471313,1.1844017505645752,1.5404132604599,1.5555957555770874,1.8473596572875977,2.0382583141326904,1.7776498794555664,2.6318581104278564,2.28341007232666,2.0219712257385254,1.920769453048706,1.5841151475906372,1.4563770294189453,1.4179035425186157,1.1249240636825562,1.2886539697647095,1.126440167427063,1.4214928150177002,1.4612481594085693,1.653880000114441,1.8043547868728638,1.613810420036316,2.6789896488189697,2.4025089740753174,2.1022839546203613,1.8902231454849243,1.6126629114151,1.3196325302124023,1.1966865062713623,0.8274287581443787,0.827451229095459,0.6951658725738525,0.8850210309028625,1.07816743850708,1.1640747785568237,1.5052039623260498,1.4295750856399536
A10,2.6128733158111572,2.3348848819732666,2.109731435775757,1.8247781991958618,1.517510175704956,1.2755322456359863,0.9779691696166992,0.6536297798156738,0.38742902874946594,0.0,0.39330849051475525,0.6260154247283936,0.8859081268310547,1.2097392082214355,1.1308342218399048,2.398831605911255,2.0951931476593018,1.9548770189285278,1.6823012828826904,1.3386759757995605,1.2199561595916748,0.910582423210144,0.7350009679794312,0.6562024354934692,0.5668206214904785,0.8511784076690674,0.908481240272522,1.2553982734680176,1.5227758884429932,1.3423248529434204,2.4689934253692627,2.1096014976501465,1.9669135808944702,1.7965186834335327,1.4171998500823975,1.3805862665176392,1.1934438943862915,1.0079396963119507,1.087673544883728,0.9345709085464478,1.2463518381118774,1.2104657888412476,1.5160343647003174,1.694130539894104,1.4328359365463257,2.7567625045776367,2.4010403156280518,2.17769455909729,2.03214693069458,1.6680824756622314,1.5538979768753052,1.427539587020874,1.1236331462860107,1.2035166025161743,0.9631698131561279,1.234128713607788,1.195868968963623,1.421083688735962,1.541525959968567,1.308930516242981,2.847580671310425,2.541595458984375,2.275440216064453,2.065446615219116,1.743163824081421,1.5029642581939697,1.3288178443908691,0.9532934427261353,0.8994090557098389,0.6161105036735535,0.7933852672576904,0.8500621318817139,0.9626873135566711,1.2502261400222778,1.1106374263763428
A11,2.9469289779663086,2.6888632774353027,2.4647481441497803,2.1604690551757812,1.875930905342102,1.612534999847412,1.3007029294967651,1.0016740560531616,0.6510827541351318,0.39330849051475525,0.0,0.3844928741455078,0.5595316290855408,0.9356266260147095,0.9486115574836731,2.6188197135925293,2.3399946689605713,2.235854387283325,1.9359374046325684,1.6194535493850708,1.5110235214233398,1.1635552644729614,1.0385984182357788,0.8468216061592102,0.7497649788856506,0.8723376393318176,0.8607805967330933,1.2082690000534058,1.4493281841278076,1.2828689813613892,2.680159330368042,2.319037914276123,2.229029655456543,2.06345534324646,1.6879796981811523,1.6982324123382568,1.487485647201538,1.3433701992034912,1.369480848312378,1.1957088708877563,1.4408091306686401,1.323218584060669,1.636974811553955,1.7524477243423462,1.4651014804840088,3.0692265033721924,2.7000672817230225,2.4978175163269043,2.3760974407196045,2.005974769592285,1.9256727695465088,1.7996325492858887,1.5073679685592651,1.5627363920211792,1.2826873064041138,1.496598243713379,1.3663513660430908,1.56179940700531,1.5829837322235107,1.306636929512024,3.2326033115386963,2.9242441654205322,2.651435136795044,2.451921224594116,2.132004737854004,1.8886982202529907,1.7178970575332642,1.3396474123001099,1.2440834045410156,0.9224745631217957,0.9608094096183777,0.9140457510948181,0.8949193954467773,1.0929944515228271,0.9525636434555054
A12,3.2144832611083984,2.931795597076416,2.7245090007781982,2.436140775680542,2.1216323375701904,1.8974168300628662,1.5820211172103882,1.2780752182006836,0.9666344523429871,0.6260154247283936,0.3844928741455078,0.0,0.35446086525917053,0.6334522366523743,0.5845175981521606,2.9800658226013184,2.6871531009674072,2.56929874420166,2.283336639404297,1.9516263008117676,1.8261432647705078,1.48921537399292,1.2952182292938232,1.0663162469863892,0.8329528570175171,0.8439894318580627,0.6644793748855591,0.9915159940719604,1.1480135917663574,0.9487844109535217,3.009446144104004,2.6581716537475586,2.5515213012695312,2.356273889541626,1.9829829931259155,1.9393333196640015,1.6856046915054321,1.4867900609970093,1.4169785976409912,1.1621476411819458,1.3112515211105347,1.1029452085494995,1.3904080390930176,1.44451904296875,1.1467348337173462,3.2918620109558105,2.9290623664855957,2.7429416179656982,2.580418348312378,2.2049076557159424,2.1093804836273193,1.9211375713348389,1.6198571920394897,1.5868631601333618,1.2538901567459106,1.3863500356674194,1.1675519943237305,1.3489587306976318,1.3070588111877441,0.9981896877288818,3.4206502437591553,3.1016955375671387,2.861053228378296,2.646711826324463,2.3063406944274902,2.0923080444335938,1.8740813732147217,1.5099048614501953,1.359571933746338,0.985737681388855,0.9563646912574768,0.7584716081619263,0.7329212427139282,0.8174301981925964,0.6040847897529602
A13,3.4921953678131104,3.2202072143554688,2.9918181896209717,2.7032153606414795,2.4032835960388184,2.1483373641967773,1.8479461669921875,1.5282577276229858,1.204506516456604,0.8859081268310547,0.5595316290855408,0.35446086525917053,0.0,0.39918002486228943,0.5551199316978455,3.151196241378784,2.8864831924438477,2.7723188400268555,2.4574594497680664,2.153843402862549,2.0039515495300293,1.643365502357483,1.4680094718933105,1.1704468727111816,0.9749216437339783,0.8571000695228577,0.6878507733345032,0.9482941031455994,1.1069374084472656,0.9928627014160156,3.0914359092712402,2.7519137859344482,2.6883678436279297,2.48057222366333,2.119173288345337,2.105421781539917,1.8287737369537354,1.681597113609314,1.5850005149841309,1.3685990571975708,1.479095697402954,1.2624905109405518,1.5574662685394287,1.5976048707962036,1.3269119262695312,3.4333817958831787,3.0590083599090576,2.903869152069092,2.764446496963501,2.3841753005981445,2.3361587524414062,2.158372640609741,1.889395833015442,1.8786571025848389,1.5620837211608887,1.701757550239563,1.4601291418075562,1.6480157375335693,1.5631598234176636,1.233780860900879,3.6783761978149414,3.347710609436035,3.1009130477905273,2.9149169921875,2.5706374645233154,2.3688294887542725,2.179227113723755,1.8138656616210938,1.6963564157485962,1.3293589353561401,1.3064920902252197,1.0949835777282715,1.0204966068267822,0.9991971254348755,0.7700519561767578
A14,3.8189749717712402,3.528092384338379,3.3026607036590576,3.032456874847412,2.7132568359375,2.478609800338745,2.186758279800415,1.8558591604232788,1.561550498008728,1.2097392082214355,0.9356266260147095,0.6334522366523743,0.39918002486228943,0.0,0.34563568234443665,3.529008388519287,3.2598636150360107,3.1274654865264893,2.8158371448516846,2.507502794265747,2.3329215049743652,1.9789329767227173,1.7593021392822266,1.4382214546203613,1.1809757947921753,0.9608108401298523,0.6829304695129395,0.8056264519691467,0.8393347859382629,0.7730385661125183,3.400662899017334,3.0765671730041504,3.0073370933532715,2.7697484493255615,2.4180104732513428,2.366858720779419,2.056264638900757,1.8882273435592651,1.7141767740249634,1.4682273864746094,1.4727598428726196,1.1970685720443726,1.4458727836608887,1.426483154296875,1.1948596239089966,3.652355670928955,3.2841601371765137,3.1554605960845947,2.9894018173217773,2.609100580215454,2.5668084621429443,2.3473751544952393,2.0940608978271484,2.029484987258911,1.702035903930664,1.7831482887268066,1.4850828647613525,1.6634325981140137,1.5253217220306396,1.1857800483703613,3.9112184047698975,3.5679142475128174,3.349273920059204,3.16573429107666,2.8061158657073975,2.6380083560943604,2.4288673400878906,2.0819268226623535,1.9520759582519531,1.5720806121826172,1.5339192152023315,1.2460402250289917,1.187124490737915,1.04147469997406,0.7590447664260864
A15,3.6862947940826416,3.375392436981201,3.168135404586792,2.914133310317993,2.573509454727173,2.377371072769165,2.0872550010681152,1.7627297639846802,1.5072137117385864,1.1308342218399048,0.9486115574836731,0.5845175981521606,0.5551199316978455,0.34563568234443665,0.0,3.5191853046417236,3.2248618602752686,3.0751254558563232,2.7899441719055176,2.4582719802856445,2.2853710651397705,1.9558799266815186,1.6946635246276855,1.411842703819275,1.0898685455322266,0.9149997234344482,0.5550218820571899,0.6900114417076111,0.6579949259757996,0.4767318069934845,3.4210901260375977,3.095583915710449,2.9846372604370117,2.739332914352417,2.3838603496551514,2.284656524658203,1.9733926057815552,1.7509739398956299,1.550878882408142,1.2536861896514893,1.221522569656372,0.906262993812561,1.1292577981948853,1.0945614576339722,0.8507047891616821,3.5639123916625977,3.2101101875305176,3.0694689750671387,2.867525339126587,2.492419719696045,2.4146111011505127,2.1617186069488525,1.8963158130645752,1.7804458141326904,1.4391558170318604,1.4771908521652222,1.1600083112716675,1.33973228931427,1.2160286903381348,0.874994695186615,3.7292287349700928,3.388854742050171,3.1936702728271484,2.9903054237365723,2.6260318756103516,2.472989559173584,2.2333993911743164,1.9062596559524536,1.7541069984436035,1.3736318349838257,1.3367518186569214,1.0145996809005737,1.025330901145935,0.8914048075675964,0.5569489598274231
B1,1.3475751876831055,1.48709237575531,1.3036857843399048,1.1725295782089233,1.470429539680481,1.3534995317459106,1.577006220817566,1.8268990516662598,2.031144380569458,2.398831605911255,2.6188197135925293,2.9800658226013184,3.151196241378784,3.529008388519287,3.5191853046417236,0.0,0.39029669761657715,0.6274327635765076,0.7988068461418152,1.1113601922988892,1.3821901082992554,1.6453145742416382,1.983864426612854,2.2984821796417236,2.6105093955993652,2.9406137466430664,3.1981492042541504,3.4867875576019287,3.835399866104126,3.7044453620910645,1.3814784288406372,1.1794850826263428,1.1385442018508911,1.501129150390625,1.5449966192245483,1.8038427829742432,2.1212193965911865,2.2846322059631348,2.6725924015045166,2.843290090560913,3.2307615280151367,3.405242681503296,3.667417526245117,3.937368869781494,3.726450204849243,2.259803056716919,2.0883562564849854,1.7914537191390991,2.0119242668151855,2.009540319442749,1.9898276329040527,2.3094305992126465,2.291304588317871,2.634056568145752,2.7539424896240234,3.0732553005218506,3.2880046367645264,3.450699806213379,3.691297769546509,3.5776820182800293,2.277827501296997,2.238178253173828,1.8833637237548828,1.880318284034729,1.984089970588684,1.7635952234268188,2.0246293544769287,2.0267724990844727,2.260206460952759,2.4769065380096436,2.685534715652466,3.0078892707824707,3.0881967544555664,3.4662110805511475,3.4479382038116455
B2,1.1379398107528687,1.2068520784378052,1.0202678442001343,0.8173869252204895,1.1027898788452148,1.0017515420913696,1.2194839715957642,1.5019804239273071,1.7243694067001343,2.0951931476593018,2.3399946689605713,2.6871531009674072,2.8864831924438477,3.2598636150360107,3.2248618602752686,0.39029669761657715,0.0,0.3768952488899231,0.5945910215377808,0.8139144778251648,1.136338233947754,1.4026553630828857,1.7177380323410034,2.0537078380584717,2.3347394466400146,2.684507369995117,2.918294668197632,3.215503215789795,3.5473532676696777,3.396869421005249,1.4981986284255981,1.2291488647460938,1.090814232826233,1.401994228363037,1.3716050386428833,1.5860371589660645,1.893040418624878,2.0058908462524414,2.394329786300659,2.536118507385254,2.9234635829925537,3.088148593902588,3.3379619121551514,3.597803831100464,3.3853890895843506,2.214184045791626,2.018401861190796,1.683178186416626,1.8364965915679932,1.7976099252700806,1.7208995819091797,2.0159456729888916,1.96351957321167,2.2888312339782715,2.401423692703247,2.7075963020324707,2.929248094558716,3.080024480819702,3.3267300128936768,3.2277543544769287,2.102015256881714,2.0386526584625244,1.678008794784546,1.6090422868728638,1.6879658699035645,1.4305071830749512,1.6638610363006592,1.6653562784194946,1.8853105306625366,2.1189074516296387,2.325061798095703,2.6575160026550293,2.7507238388061523,3.137544631958008,3.1262412071228027
B3,1.1024181842803955,1.0777556896209717,0.7947623133659363,0.6482945680618286,0.8958861231803894,0.7869729995727539,1.0863617658615112,1.3294442892074585,1.6125109195709229,1.9548770189285278,2.235854387283325,2.56929874420166,2.7723188400268555,3.1274654865264893,3.0751254558563232,0.6274327635765076,0.3768952488899231,0.0,0.3867287337779999,0.6202462315559387,0.8730789422988892,1.1984249353408813,1.4797667264938354,1.8358451128005981,2.118051767349243,2.468985080718994,2.7223727703094482,2.998410224914551,3.3384809494018555,3.2057461738586426,1.2845975160598755,1.0136144161224365,0.787095308303833,1.0746279954910278,1.067629337310791,1.2503234148025513,1.5814450979232788,1.7106627225875854,2.1024248600006104,2.278120756149292,2.6591858863830566,2.8568971157073975,3.101207733154297,3.3876452445983887,3.200778007507324,1.8607646226882935,1.6579076051712036,1.313668131828308,1.4598122835159302,1.433440089225769,1.3729053735733032,1.6892534494400024,1.682000994682312,2.0287837982177734,2.1805427074432373,2.505746603012085,2.7445316314697266,2.924032688140869,3.196315288543701,3.0910110473632812,1.8048961162567139,1.7044410705566406,1.3341249227523804,1.2944384813308716,1.3623292446136475,1.1432747840881348,1.4249314069747925,1.457406759262085,1.7360365390777588,1.9749125242233276,2.232381820678711,2.548276424407959,2.6823415756225586,3.066632032394409,3.019601345062256
B4,1.4630934000015259,1.3824007511138916,1.0674915313720703,0.8594164252281189,0.96543949842453,0.7066973447799683,0.942334771156311,1.1020933389663696,1.347888469696045,1.6823012828826904,1.9359374046325684,2.283336639404297,2.4574594497680664,2.8158371448516846,2.7899441719055176,0.7988068461418152,0.5945910215377808,0.3867287337779999,0.0,0.3797282576560974,0.5838441848754883,0.8683187365531921,1.1916170120239258,1.5171564817428589,1.8287922143936157,2.160566806793213,2.429628372192383,2.705329418182373,3.0595903396606445,2.9446589946746826,1.1607844829559326,0.812152624130249,0.6402900218963623,0.8696687817573547,0.7879390716552734,1.0454713106155396,1.335622787475586,1.4975358247756958,1.8814533948898315,2.06113600730896,2.4474964141845703,2.6311824321746826,2.9024085998535156,3.188850164413452,2.993180513381958,1.866552710533142,1.5964900255203247,1.2809455394744873,1.4247325658798218,1.3153492212295532,1.3047951459884644,1.592423915863037,1.563490867614746,1.924146294593811,2.0351414680480957,2.3842952251434326,2.5828402042388916,2.7868359088897705,3.03432297706604,2.893345832824707,2.0164783000946045,1.8481334447860718,1.4684087038040161,1.4311209917068481,1.3985588550567627,1.1630016565322876,1.4107661247253418,1.352839708328247,1.6331361532211304,1.806409239768982,2.0708534717559814,2.356173038482666,2.474689483642578,2.8412880897521973,2.773481607437134
B5,1.5107983350753784,1.3473787307739258,1.047295093536377,0.7660866975784302,0.7270063757896423,0.38659292459487915,0.5699344873428345,0.7328673601150513,1.0026558637619019,1.3386759757995605,1.6194535493850708,1.9516263008117676,2.153843402862549,2.507502794265747,2.4582719802856445,1.1113601922988892,0.8139144778251648,0.6202462315559387,0.3797282576560974,0.0,0.37803491950035095,0.6180095076560974,0.906031608581543,1.2527594566345215,1.524229645729065,1.878039002418518,2.1171875,2.406174898147583,2.742474317550659,2.6064398288726807,1.4503746032714844,1.0857722759246826,0.8707161545753479,0.9579999446868896,0.7327214479446411,0.9069406986236572,1.1417261362075806,1.2256137132644653,1.6051268577575684,1.7403825521469116,2.1305220127105713,2.2940194606781006,2.5598299503326416,2.8326027393341064,2.629690408706665,1.9746263027191162,1.679228663444519,1.3508071899414062,1.392580270767212,1.2060513496398926,1.1235439777374268,1.3493852615356445,1.2533589601516724,1.5940507650375366,1.6758487224578857,2.018801689147949,2.2111103534698486,2.4093005657196045,2.6554524898529053,2.5197224617004395,2.0194032192230225,1.8143187761306763,1.4466203451156616,1.3271211385726929,1.2176034450531006,0.9260910153388977,1.10419499874115,0.9937894344329834,1.2600046396255493,1.4272029399871826,1.695122480392456,1.9817826747894287,2.1119637489318848,2.4833476543426514,2.4177706241607666
B6,1.7626723051071167,1.555290699005127,1.2160011529922485,1.0142369270324707,0.88682621717453,0.5479472279548645,0.7022638320922852,0.6700184345245361,0.9609697461128235,1.2199561595916748,1.5110235214233398,1.8261432647705078,2.0039515495300293,2.3329215049743652,2.2853710651397705,1.3821901082992554,1.136338233947754,0.8730789422988892,0.5838441848754883,0.37803491950035095,0.0,0.3753305673599243,0.6231158971786499,0.9712786674499512,1.2713220119476318,1.606689214706421,1.8847060203552246,2.144261598587036,2.5012366771698,2.4016239643096924,1.3395774364471436,0.9857869744300842,0.7662637233734131,0.6997650265693665,0.3883960545063019,0.565561830997467,0.7812107801437378,0.9271091818809509,1.3038734197616577,1.4921467304229736,1.8755353689193726,2.069852352142334,2.3475027084350586,2.6498050689697266,2.4725279808044434,1.7641273736953735,1.4300566911697388,1.140723466873169,1.1602414846420288,0.9159350395202637,0.9099346399307251,1.122087836265564,1.0754562616348267,1.4437196254730225,1.541556477546692,1.915427327156067,2.0942859649658203,2.337456703186035,2.5895040035247803,2.425607204437256,1.9943593740463257,1.7307713031768799,1.3775360584259033,1.3057585954666138,1.1228160858154297,0.9068528413772583,1.0919957160949707,0.9606034755706787,1.276288390159607,1.3864399194717407,1.7034893035888672,1.9370012283325195,2.0956196784973145,2.440876007080078,2.3242602348327637
B7,2.0846595764160156,1.864464521408081,1.5480101108551025,1.3053418397903442,1.1180415153503418,0.7606065273284912,0.7226395606994629,0.5207026600837708,0.6874799132347107,0.910582423210144,1.1635552644729614,1.48921537399292,1.643365502357483,1.9789329767227173,1.9558799266815186,1.6453145742416382,1.4026553630828857,1.1984249353408813,0.8683187365531921,0.6180095076560974,0.3753305673599243,0.0,0.3808344602584839,0.6545746922492981,0.9764476418495178,1.2958266735076904,1.5703544616699219,1.8445732593536377,2.2054712772369385,2.1104981899261475,1.5654895305633545,1.2022517919540405,1.0674488544464111,0.9371644854545593,0.5659675002098083,0.7126795649528503,0.7404003739356995,0.8476289510726929,1.169216275215149,1.310354471206665,1.6920883655548096,1.840480923652649,2.1453702449798584,2.427142381668091,2.230072259902954,2.0293164253234863,1.6676769256591797,1.4256467819213867,1.4091547727584839,1.0970650911331177,1.0997754335403442,1.2055059671401978,1.0860198736190796,1.4104112386703491,1.4207508563995361,1.7947204113006592,1.9104703664779663,2.1641154289245605,2.374621868133545,2.176621913909912,2.3165929317474365,2.028215169906616,1.69535493850708,1.5970593690872192,1.353295922279358,1.1270041465759277,1.2061604261398315,0.9629392623901367,1.2087616920471191,1.2138304710388184,1.5102533102035522,1.6986171007156372,1.830484390258789,2.1505982875823975,2.0194644927978516
B8,2.248218297958374,1.975000262260437,1.669684886932373,1.4623379707336426,1.193320870399475,0.9022447466850281,0.824274480342865,0.4967264235019684,0.6683987975120544,0.7350009679794312,1.0385984182357788,1.2952182292938232,1.4680094718933105,1.7593021392822266,1.6946635246276855,1.983864426612854,1.7177380323410034,1.4797667264938354,1.1916170120239258,0.906031608581543,0.6231158971786499,0.3808344602584839,0.0,0.3913732171058655,0.6494121551513672,0.993261456489563,1.266222596168518,1.5224497318267822,1.8785609006881714,1.7900376319885254,1.8038005828857422,1.4742680788040161,1.3028171062469482,1.0807503461837769,0.7102697491645813,0.6597426533699036,0.5162280201911926,0.5117672681808472,0.7975387573242188,0.9341341853141785,1.3134326934814453,1.47921621799469,1.7807830572128296,2.080249071121216,1.9071598052978516,2.0354714393615723,1.672640085220337,1.4601973295211792,1.3509900569915771,0.9880825281143188,0.9688785672187805,0.9624789357185364,0.8214814066886902,1.1140413284301758,1.1139320135116577,1.497409701347351,1.6043838262557983,1.8878920078277588,2.112083673477173,1.9081722497940063,2.3004655838012695,1.976111888885498,1.6877756118774414,1.5696840286254883,1.258676290512085,1.0848608016967773,1.0913790464401245,0.8275801539421082,1.0686109066009521,1.0196590423583984,1.3560885190963745,1.4914826154708862,1.6726852655410767,1.9707156419754028,1.7991914749145508
B9,2.6371822357177734,2.363642454147339,2.0610132217407227,1.8475337028503418,1.572736382484436,1.2801283597946167,1.1465976238250732,0.7801780700683594,0.76066654920578,0.6562024354934692,0.8468216061592102,1.0663162469863892,1.1704468727111816,1.4382214546203613,1.411842703819275,2.2984821796417236,2.0537078380584717,1.8358451128005981,1.5171564817428589,1.2527594566345215,0.9712786674499512,0.6545746922492981,0.3913732171058655,0.0,0.386465460062027,0.6466584801673889,0.957951009273529,1.2030959129333496,1.5813015699386597,1.532568097114563,2.014857292175293,1.6998142004013062,1.5909795761108398,1.3347678184509277,0.9859334230422974,0.9528622031211853,0.6838366389274597,0.6741535067558289,0.7728222608566284,0.8614163398742676,1.1893088817596436,1.3052531480789185,1.6397249698638916,1.923571228981018,1.749459981918335,2.269812822341919,1.8930367231369019,1.739619493484497,1.6293138265609741,1.2536975145339966,1.2842614650726318,1.208418607711792,1.064492106437683,1.2740141153335571,1.190037488937378,1.5465037822723389,1.5640195608139038,1.8679600954055786,2.0370736122131348,1.7848715782165527,2.6453299522399902,2.3031346797943115,2.0356385707855225,1.9311754703521729,1.6001869440078735,1.4539756774902344,1.4164317846298218,1.1207094192504883,1.2784086465835571,1.1107887029647827,1.4001320600509644,1.439882755279541,1.5910611152648926,1.8253241777420044,1.6100300550460815
B10,2.8139679431915283,2.5088729858398438,2.238171100616455,2.0282435417175293,1.7069631814956665,1.469651222229004,1.2866113185882568,0.9101717472076416,0.841464638710022,0.5668206214904785,0.7497649788856506,0.8329528570175171,0.9749216437339783,1.1809757947921753,1.0898685455322266,2.6105093955993652,2.3347394466400146,2.118051767349243,1.8287922143936157,1.524229645729065,1.2713220119476318,0.9764476418495178,0.6494121551513672,0.386465460062027,0.0,0.3888170123100281,0.6193768978118896,0.8821433782577515,1.2327104806900024,1.1600614786148071,2.376959800720215,2.066890239715576,1.9275060892105103,1.6602282524108887,1.3147071599960327,1.1994472742080688,0.8894450068473816,0.7183561325073242,0.6472753286361694,0.5742912888526917,0.8632898926734924,0.927636444568634,1.2677688598632812,1.5392723083496094,1.3683750629425049,2.4952392578125,2.134615182876587,1.9853349924087524,1.8103059530258179,1.429739236831665,1.4015395641326904,1.2219560146331787,1.0240434408187866,1.1138575077056885,0.9499127268791199,1.2637417316436768,1.2274783849716187,1.5444968938827515,1.7002393007278442,1.439362645149231,2.766204357147217,2.4158430099487305,2.1876256465911865,2.0428895950317383,1.6827503442764282,1.5537244081497192,1.429131031036377,1.1228222846984863,1.1957526206970215,0.9501913189888,1.2159067392349243,1.1756080389022827,1.359458565711975,1.5561637878417969,1.3080006837844849
B11,3.1968917846679688,2.891671895980835,2.6141133308410645,2.4114320278167725,2.0936942100524902,1.8503742218017578,1.6671379804611206,1.2890903949737549,1.1691468954086304,0.8511784076690674,0.8723376393318176,0.8439894318580627,0.8571000695228577,0.9608108401298523,0.9149997234344482,2.9406137466430664,2.684507369995117,2.468985080718994,2.160566806793213,1.878039002418518,1.606689214706421,1.2958266735076904,0.993261456489563,0.6466584801673889,0.3888170123100281,0.0,0.38308724761009216,0.562950849533081,0.9556934237480164,0.9733966588973999,2.599452257156372,2.311260938644409,2.21053409576416,1.917579174041748,1.5968974828720093,1.4922573566436768,1.1448079347610474,1.0218966007232666,0.8340082764625549,0.7475695013999939,0.8755489587783813,0.8728882074356079,1.2204153537750244,1.467146635055542,1.3258907794952393,2.70865535736084,2.3451905250549316,2.246546983718872,2.07615065574646,1.7001686096191406,1.7192296981811523,1.519323468208313,1.3609389066696167,1.4041388034820557,1.2175214290618896,1.471231460571289,1.3531363010406494,1.6736376285552979,1.7673146724700928,1.4685300588607788,3.0841219425201416,2.7202165126800537,2.5102498531341553,2.389478921890259,2.023268938064575,1.924822211265564,1.8005223274230957,1.503702998161316,1.5501288175582886,1.2640831470489502,1.4705520868301392,1.3388032913208008,1.484572172164917,1.5855215787887573,1.2876358032226562
B12,3.3808751106262207,3.06360125541687,2.8182992935180664,2.6002209186553955,2.2613625526428223,2.048898696899414,1.8184723854064941,1.4560315608978271,1.2841746807098389,0.908481240272522,0.8607805967330933,0.6644793748855591,0.6878507733345032,0.6829304695129395,0.5550218820571899,3.1981492042541504,2.918294668197632,2.7223727703094482,2.429628372192383,2.1171875,1.8847060203552246,1.5703544616699219,1.266222596168518,0.957951009273529,0.6193768978118896,0.38308724761009216,0.0,0.3556491732597351,0.6513594388961792,0.6083427667617798,2.9565203189849854,2.6544454097747803,2.537733554840088,2.2592835426330566,1.9235947132110596,1.8014552593231201,1.4647923707962036,1.2701994180679321,1.0455806255340576,0.817851185798645,0.8378273248672485,0.6692708730697632,1.0003286600112915,1.1665629148483276,0.9990968704223633,3.0360400676727295,2.6822121143341064,2.5667848587036133,2.3675737380981445,1.9927898645401,1.9590305089950562,1.715194582939148,1.5053085088729858,1.4539376497268677,1.187770962715149,1.348298192024231,1.1401481628417969,1.4323168992996216,1.464255928993225,1.147813081741333,3.3017404079437256,2.9445974826812744,2.751455068588257,2.5904791355133057,2.2181859016418457,2.105771064758301,1.9189927577972412,1.6118721961975098,1.5687241554260254,1.2303869724273682,1.3536803722381592,1.1333134174346924,1.263096570968628,1.2922929525375366,0.9683207869529724
B13,3.6520094871520996,3.32388973236084,3.0712661743164062,2.880420684814453,2.537167549133301,2.335650682449341,2.1319947242736816,1.76544189453125,1.624732494354248,1.2553982734680176,1.2082690000534058,0.9915159940719604,0.9482941031455994,0.8056264519691467,0.6900114417076111,3.4867875576019287,3.215503215789795,2.998410224914551,2.705329418182373,2.406174898147583,2.144261598587036,1.8445732593536377,1.5224497318267822,1.2030959129333496,0.8821433782577515,0.562950849533081,0.3556491732597351,0.0,0.40986016392707825,0.5580665469169617,3.137356758117676,2.862358808517456,2.7510297298431396,2.4428625106811523,2.1344072818756104,1.9864898920059204,1.6255782842636108,1.4472417831420898,1.1503666639328003,0.9557145833969116,0.8380495309829712,0.6730276346206665,0.9458971619606018,1.1126569509506226,1.0400887727737427,3.1262338161468506,2.783229112625122,2.709808826446533,2.4967904090881348,2.1341822147369385,2.1305365562438965,1.8637439012527466,1.7037433385849,1.6272077560424805,1.3943264484405518,1.519755482673645,1.2980613708496094,1.5932321548461914,1.6125389337539673,1.3069802522659302,3.4545531272888184,3.084745407104492,2.9212465286254883,2.7840464115142822,2.405658006668091,2.3394217491149902,2.1615960597991943,1.886070728302002,1.8622218370437622,1.5384552478790283,1.667008399963379,1.4194095134735107,1.5574642419815063,1.5285024642944336,1.1870145797729492
