,A1,A2,A3,A4,A5,A6,A7,A8,A9,A10,A11,A12,A13,A14,A15,B1,B2,B3,B4,B5,B6,B7,B8,B9,B10,B11,B12,B13,B14,B15,C1,C2,C3,C4,C5,C6,C7,C8,C9,C10,C11,C12,C13,C14,C15,D1,D2,D3,D4,D5,D6,D7,D8,D9,D10,D11,D12,D13,D14,D15,E1,E2,E3,E4,E5,E6,E7,E8,E9,E10,E11,E12,E13,E14,E15
A1,0.0,0.3791922330856323,0.5944456458091736,0.9309113025665283,1.246761679649353,1.5615910291671753,1.8642258644104004,2.1718015670776367,2.453117609024048,2.72481369972229,3.0711259841918945,3.154352903366089,3.5132694244384766,3.7236695289611816,4.0404863357543945,0.9444723129272461,0.9333996772766113,1.1637053489685059,1.4540077447891235,1.6041100025177002,1.9814410209655762,2.135585308074951,2.510814905166626,2.692959785461426,2.976003885269165,3.29939603805542,3.283231496810913,3.6448307037353516,3.7814996242523193,4.103391647338867,1.581237554550171,1.5501995086669922,1.5209460258483887,1.7832365036010742,1.7369853258132935,2.0927698612213135,2.1712119579315186,2.505470037460327,2.6768853664398193,2.876223564147949,3.220762014389038,3.165534496307373,3.477470874786377,3.6312060356140137,3.88016939163208,1.567306399345398,1.6011748313903809,1.385628581047058,1.6264272928237915,1.5505986213684082,1.8195703029632568,1.9559961557388306,2.1944925785064697,2.462120532989502,2.5648915767669678,2.9443559646606445,2.977696657180786,3.2553539276123047,3.483015775680542,3.694425582885742,1.0599181652069092,1.1666456460952759,0.9032982587814331,1.1394538879394531,1.2300869226455688,1.4530740976333618,1.748017430305481,1.957535743713379,2.29742169380188,2.4488184452056885,2.8316004276275635,2.951029062271118,3.2530295848846436,3.529881477355957,3.779664993286133
A2,0.3791922330856323,0.0,0.38062164187431335,0.6419259309768677,0.9506877660751343,1.276482343673706,1.551931381225586,1.8797155618667603,2.13486385345459,2.4260354042053223,2.759242534637451,2.8254661560058594,3.1904795169830322,3.3846709728240967,3.7104897499084473,1.059038519859314,0.9086703658103943,1.0777523517608643,1.2904751300811768,1.3728982210159302,1.7426384687423706,1.847392201423645,2.228759527206421,2.3797764778137207,2.664771556854248,2.9758920669555664,2.9394097328186035,3.3003299236297607,3.422701358795166,3.745304584503174,1.6132005453109741,1.4999985694885254,1.414839506149292,1.6071557998657227,1.4904720783233643,1.8240197896957397,1.8577359914779663,2.185054302215576,2.3343446254730225,2.5259745121002197,2.8631203174591064,2.796144485473633,3.1047253608703613,3.2546803951263428,3.5016815662384033,1.540064811706543,1.4942021369934082,1.2207341194152832,1.386228322982788,1.2448291778564453,1.485711693763733,1.5962393283843994,1.8246452808380127,2.087446928024292,2.185831308364868,2.565169334411621,2.6020469665527344,2.8809587955474854,3.114100694656372,3.329768180847168,1.0123841762542725,0.9966727495193481,0.655771791934967,0.8033567667007446,0.8637949228286743,1.0744171142578125,1.3771271705627441,1.5933866500854492,1.9322179555892944,2.101086378097534,2.480020523071289,2.602670192718506,2.913130044937134,3.187246322631836,3.4492979049682617
A3,0.5944456458091736,0.38062164187431335,0.0,0.3879438638687134,0.6580735445022583,0.9806368947029114,1.278393268585205,1.58456289768219,1.8695343732833862,2.132941722869873,2.484318971633911,2.5721938610076904,2.9268951416015625,3.148690938949585,3.4587631225585938,0.8128317594528198,0.5705175995826721,0.7299325466156006,0.9206754565238953,1.047897219657898,1.4149754047393799,1.5628098249435425,1.940442681312561,2.11865234375,2.4154536724090576,2.7319884300231934,2.733015298843384,3.099719285964966,3.2479512691497803,3.579987049102783,1.3794442415237427,1.2128936052322388,1.1797631978988647,1.355048418045044,1.2742552757263184,1.6295216083526611,1.673935055732727,2.0318098068237305,2.1747405529022217,2.410552501678467,2.7383272647857666,2.6782357692718506,3.010082721710205,3.1506125926971436,3.4281728267669678,1.518612265586853,1.4116897583007812,1.189044713973999,1.3423588275909424,1.1759746074676514,1.459380865097046,1.5184602737426758,1.795646071434021,2.011727809906006,2.1413650512695312,2.505215644836426,2.498720645904541,2.7953991889953613,2.991143226623535,3.2253220081329346,1.220844030380249,1.1422735452651978,0.79412841796875,0.903457522392273,0.8091103434562683,1.0403525829315186,1.256197214126587,1.4875131845474243,1.7972970008850098,1.9444880485534668,2.329129695892334,2.411353349685669,2.717012405395508,2.9767568111419678,3.2265841960906982
A4,0.9309113025665283,0.6419259309768677,0.3879438638687134,0.0,0.38899508118629456,0.6441013216972351,0.9586897492408752,1.2554092407226562,1.5356711149215698,1.8164476156234741,2.150946855545044,2.2530105113983154,2.6101949214935303,2.8328070640563965,3.1514461040496826,1.0683236122131348,0.7300184965133667,0.8441433310508728,0.8623838424682617,0.9409016966819763,1.2593013048171997,1.3554437160491943,1.7357571125030518,1.8678221702575684,2.1883339881896973,2.474524974822998,2.4633688926696777,2.8349695205688477,2.961993455886841,3.3080732822418213,1.6053141355514526,1.361752986907959,1.323388695716858,1.3962056636810303,1.2486538887023926,1.5619785785675049,1.525753378868103,1.88204026222229,1.9644986391067505,2.208613872528076,2.505903959274292,2.4093382358551025,2.7416794300079346,2.8497443199157715,3.133979558944702,1.7791353464126587,1.6037609577178955,1.3597402572631836,1.4109734296798706,1.1484547853469849,1.3709805011749268,1.334377408027649,1.5891108512878418,1.7552556991577148,1.8597326278686523,2.208294153213501,2.169069528579712,2.4560883045196533,2.6361753940582275,2.8622324466705322,1.4920473098754883,1.3356220722198486,0.9654591679573059,0.9139404296875,0.6770893931388855,0.7920369505882263,0.9484642148017883,1.1367942094802856,1.4453223943710327,1.5670849084854126,1.953466534614563,2.0438098907470703,2.340522527694702,2.6117053031921387,2.854641914367676
A5,1.246761679649353,0.9506877660751343,0.6580735445022583,0.38899508118629456,0.0,0.3844555616378784,0.6223320960998535,0.9480221271514893,1.2154347896575928,1.4833446741104126,1.8319387435913086,1.914697289466858,2.268929958343506,2.494688034057617,2.803093910217285,1.1951241493225098,0.8287327289581299,0.7713015675544739,0.6374161243438721,0.6015375852584839,0.8892730474472046,0.9666473269462585,1.3468166589736938,1.4889235496520996,1.8072936534881592,2.1021528244018555,2.1113667488098145,2.4827542304992676,2.6341586112976074,2.977891206741333,1.5224528312683105,1.213503122329712,1.149425983428955,1.1258338689804077,0.9522166848182678,1.238253116607666,1.18734872341156,1.5548704862594604,1.63252854347229,1.906409740447998,2.1978933811187744,2.123030662536621,2.4719510078430176,2.5903239250183105,2.897078037261963,1.7317875623703003,1.4856775999069214,1.2745895385742188,1.2568408250808716,0.9687044024467468,1.1924611330032349,1.1054390668869019,1.4035263061523438,1.525296926498413,1.6813234090805054,2.008755683898926,1.9508755207061768,2.265866279602051,2.421206474304199,2.682159662246704,1.60966157913208,1.3835710287094116,1.057340145111084,0.9566377997398376,0.6169376969337463,0.7497888207435608,0.76268470287323,1.011299729347229,1.2471588850021362,1.3937485218048096,1.767258882522583,1.798181176185608,2.111633062362671,2.3460917472839355,2.60304856300354
A6,1.5615910291671753,1.276482343673706,0.9806368947029114,0.6441013216972351,0.3844555616378784,0.0,0.38134390115737915,0.6138771176338196,0.9230382442474365,1.1812539100646973,1.5215786695480347,1.6547017097473145,1.9983772039413452,2.250257730484009,2.5543901920318604,1.418960452079773,1.0398898124694824,0.9988415241241455,0.7402375340461731,0.7176263332366943,0.8549087047576904,0.899913489818573,1.242181420326233,1.339683175086975,1.6891074180603027,1.9394224882125854,1.9640339612960815,2.337294578552246,2.4766550064086914,2.8384451866149902,1.7704356908798218,1.432944655418396,1.4195048809051514,1.333619236946106,1.1660693883895874,1.3868309259414673,1.2689775228500366,1.6177624464035034,1.61732017993927,1.9116672277450562,2.1496636867523193,2.036623477935791,2.3872902393341064,2.455735921859741,2.779186487197876,2.084467887878418,1.8154433965682983,1.6262496709823608,1.5656710863113403,1.2494667768478394,1.4091339111328125,1.223561406135559,1.4810646772384644,1.510910987854004,1.6367058753967285,1.9187817573547363,1.7935484647750854,2.0916950702667236,2.198610544204712,2.449315071105957,1.9904998540878296,1.7536872625350952,1.427720308303833,1.277619481086731,0.9039604067802429,0.8925125002861023,0.7614670395851135,0.8940066695213318,1.071620225906372,1.1365290880203247,1.5027658939361572,1.5158196687698364,1.800995945930481,2.0439231395721436,2.2734317779541016
A7,1.8642258644104004,1.551931381225586,1.278393268585205,0.9586897492408752,0.6223320960998535,0.38134390115737915,0.0,0.38137564063072205,0.5934832096099854,0.8778073787689209,1.21274995803833,1.3005398511886597,1.6536965370178223,1.889143705368042,2.1971845626831055,1.7223596572875977,1.3516578674316406,1.2234954833984375,0.9074276089668274,0.7264118790626526,0.718765914440155,0.6174862384796143,0.9304033517837524,0.9736395478248596,1.3258334398269653,1.5640901327133179,1.582938313484192,1.9560589790344238,2.1012980937957764,2.461650848388672,1.9106476306915283,1.5466889142990112,1.4811826944351196,1.2950974702835083,1.0753360986709595,1.1947672367095947,1.0076451301574707,1.3233767747879028,1.2775824069976807,1.5842421054840088,1.798379898071289,1.691815733909607,2.0495049953460693,2.122124433517456,2.45977783203125,2.1573314666748047,1.8433716297149658,1.6654833555221558,1.5234853029251099,1.1925522089004517,1.2861002683639526,1.0329748392105103,1.2802245616912842,1.2420005798339844,1.4023127555847168,1.6479026079177856,1.5080265998840332,1.8278671503067017,1.916912317276001,2.200937032699585,2.131073236465454,1.844340443611145,1.5628615617752075,1.3609353303909302,0.9727739691734314,0.9253989458084106,0.6541648507118225,0.7996648550033569,0.8512318730354309,0.9565068483352661,1.2837815284729004,1.235050916671753,1.546980619430542,1.7485748529434204,2.00762939453125
A8,2.1718015670776367,1.8797155618667603,1.58456289768219,1.2554092407226562,0.9480221271514893,0.6138771176338196,0.38137564063072205,0.0,0.37392398715019226,0.5745207667350769,0.9164676666259766,1.0892199277877808,1.4098374843597412,1.6930218935012817,1.978041410446167,1.931272268295288,1.5677176713943481,1.4493056535720825,1.0885200500488281,0.9649717211723328,0.8292166590690613,0.7422069311141968,0.9261921644210815,0.9270782470703125,1.2875781059265137,1.4634538888931274,1.5281089544296265,1.8872623443603516,2.03316068649292,2.4036831855773926,2.124328374862671,1.752527117729187,1.741986632347107,1.5351048707962036,1.3655258417129517,1.4439702033996582,1.2481268644332886,1.5219274759292603,1.4150936603546143,1.733032464981079,1.8797976970672607,1.75239896774292,2.101799249649048,2.1212151050567627,2.4759106636047363,2.482707977294922,2.1617252826690674,2.0164525508880615,1.8742247819900513,1.5560635328292847,1.632240891456604,1.347488284111023,1.5550882816314697,1.4372155666351318,1.5693509578704834,1.74445641040802,1.5307743549346924,1.8209789991378784,1.8336442708969116,2.107679843902588,2.5031001567840576,2.221717357635498,1.9382528066635132,1.7398526668548584,1.3507483005523682,1.2676621675491333,0.9639447331428528,0.991619884967804,0.9427188634872437,0.9226144552230835,1.1898832321166992,1.0772954225540161,1.334028959274292,1.5194250345230103,1.734641194343567
A9,2.453117609024048,2.13486385345459,1.8695343732833862,1.5356711149215698,1.2154347896575928,0.9230382442474365,0.5934832096099854,0.37392398715019226,0.0,0.36154118180274963,0.6270303130149841,0.7392188906669617,1.083575963973999,1.3372060060501099,1.6421445608139038,2.2695274353027344,1.9049148559570312,1.7582337856292725,1.3976932764053345,1.1969271898269653,1.00337815284729,0.7806054353713989,0.8531790375709534,0.7070887684822083,1.0487560033798218,1.1586447954177856,1.1912885904312134,1.543988823890686,1.6695040464401245,2.043760299682617,2.38598370552063,2.008439064025879,1.949978232383728,1.688228964805603,1.4734828472137451,1.4551416635513306,1.1910345554351807,1.3821455240249634,1.195831537246704,1.4930014610290527,1.581978678703308,1.4366196393966675,1.7759958505630493,1.7767834663391113,2.1393439769744873,2.6522552967071533,2.3092379570007324,2.1574854850769043,1.9536278247833252,1.6289359331130981,1.627087950706482,1.2957696914672852,1.442272424697876,1.244106411933899,1.3724271059036255,1.481946587562561,1.240998387336731,1.5319411754608154,1.5162256956100464,1.8156911134719849,2.677454948425293,2.3642983436584473,2.11076021194458,1.8680434226989746,1.490505337715149,1.3633275032043457,1.0024783611297607,0.9897067546844482,0.8027046918869019,0.7930313348770142,0.9664556384086609,0.7757391333580017,1.055908203125,1.1957465410232544,1.4501460790634155
A10,2.72481369972229,2.4260354042053223,2.132941722869873,1.8164476156234741,1.4833446741104126,1.1812539100646973,0.8778073787689209,0.5745207667350769,0.36154118180274963,0.0,0.39150482416152954,0.5917980074882507,0.8584207892417908,1.1806073188781738,1.429275631904602,2.4356460571289062,2.0886070728302,1.917840838432312,1.5340040922164917,1.3542726039886475,1.0782243013381958,0.8985065221786499,0.8305714130401611,0.6918174028396606,0.9828399419784546,1.039588212966919,1.166015863418579,1.4811794757843018,1.6450074911117554,2.0062286853790283,2.488450765609741,2.110215187072754,2.0877459049224854,1.8051255941390991,1.647071123123169,1.600920557975769,1.373112440109253,1.533756971359253,1.3431764841079712,1.6505975723266602,1.6922607421875,1.5791875123977661,1.904781460762024,1.8866655826568604,2.261028528213501,2.843013048171997,2.4918277263641357,2.385789155960083,2.1896417140960693,1.897212028503418,1.9133890867233276,1.594569444656372,1.7502566576004028,1.5272904634475708,1.6697717905044556,1.7264411449432373,1.4591195583343506,1.7247118949890137,1.6365512609481812,1.935914397239685,2.957104444503784,2.646815061569214,2.4056766033172607,2.1876001358032227,1.8099286556243896,1.713186264038086,1.3564157485961914,1.3484009504318237,1.139694094657898,1.0854995250701904,1.1765185594558716,0.9048492908477783,1.0964503288269043,1.1459261178970337,1.3493702411651611
A11,3.0711259841918945,2.759242534637451,2.484318971633911,2.150946855545044,1.8319387435913086,1.5215786695480347,1.21274995803833,0.9164676666259766,0.6270303130149841,0.39150482416152954,0.0,0.3677431643009186,0.547041654586792,0.8746572732925415,1.120947003364563,2.818767547607422,2.466871500015259,2.305715799331665,1.9237247705459595,1.7346282005310059,1.455722451210022,1.2388076782226562,1.1129937171936035,0.8745806217193604,1.071526288986206,0.9790186882019043,1.075019121170044,1.3308935165405273,1.4405748844146729,1.7981528043746948,2.87434720993042,2.495980739593506,2.4603986740112305,2.161794662475586,1.9833180904388428,1.8909138441085815,1.626997470855713,1.7142834663391113,1.4562846422195435,1.7109729051589966,1.6623446941375732,1.5139126777648926,1.7911744117736816,1.7078030109405518,2.075131893157959,3.1926896572113037,2.8347795009613037,2.7184619903564453,2.4921209812164307,2.19138503074646,2.1543006896972656,1.8094830513000488,1.8969827890396118,1.613664150238037,1.7090489864349365,1.6782217025756836,1.3685270547866821,1.5752105712890625,1.4098994731903076,1.6946868896484375,3.2838516235351562,2.960655689239502,2.7255825996398926,2.4769644737243652,2.1068291664123535,1.9636244773864746,1.5905349254608154,1.5168583393096924,1.2374906539916992,1.131209135055542,1.0880064964294434,0.7526365518569946,0.8443251252174377,0.8034778833389282,0.9879027009010315
A12,3.154352903366089,2.8254661560058594,2.5721938610076904,2.2530105113983154,1.914697289466858,1.6547017097473145,1.3005398511886597,1.0892199277877808,0.7392188906669617,0.5917980074882507,0.3677431643009186,0.0,0.37553539872169495,0.6045675873756409,0.9056511521339417,2.9514472484588623,2.600111246109009,2.40522837638855,2.0343291759490967,1.7836894989013672,1.499466896057129,1.214691162109375,1.0377306938171387,0.7151550650596619,0.8224912881851196,0.6592788100242615,0.7140159606933594,0.9663951396942139,1.087382197380066,1.445322036743164,2.9245707988739014,2.5481810569763184,2.4621193408966064,2.1314802169799805,1.9227070808410645,1.7637121677398682,1.4760571718215942,1.486997365951538,1.1947118043899536,1.4161103963851929,1.3270560503005981,1.2038649320602417,1.473507285118103,1.4185495376586914,1.7933743000030518,3.138552665710449,2.7699389457702637,2.6542489528656006,2.388502359390259,2.1042654514312744,2.022310495376587,1.6791467666625977,1.73651921749115,1.4260841608047485,1.5492637157440186,1.4789748191833496,1.2020903825759888,1.4291073083877563,1.2790908813476562,1.6101281642913818,3.247835874557495,2.9044437408447266,2.7066304683685303,2.442967414855957,2.0968449115753174,1.961144208908081,1.582024335861206,1.543346881866455,1.2247966527938843,1.205039620399475,1.1254935264587402,0.7690470814704895,0.9188018441200256,0.791357159614563,1.0643035173416138
A13,3.5132694244384766,3.1904795169830322,2.9268951416015625,2.6101949214935303,2.268929958343506,1.9983772039413452,1.6536965370178223,1.4098374843597412,1.083575963973999,0.8584207892417908,0.547041654586792,0.37553539872169495,0.0,0.38457340002059937,0.5773231387138367,3.2648367881774902,2.921738862991333,2.7185306549072266,2.3392815589904785,2.100696086883545,1.7871516942977905,1.527419924736023,1.291013240814209,0.9949796199798584,1.0003831386566162,0.723946213722229,0.8390201330184937,0.9556993246078491,1.0714455842971802,1.3797539472579956,3.2031540870666504,2.8300743103027344,2.760233163833618,2.4189302921295166,2.238328695297241,2.058133840560913,1.791886329650879,1.7664148807525635,1.473572015762329,1.6635305881500244,1.5102035999298096,1.4122346639633179,1.622973918914795,1.5291900634765625,1.8847270011901855,3.4529812335968018,3.0804922580718994,2.9882917404174805,2.7211947441101074,2.4546494483947754,2.371182918548584,2.034970998764038,2.080533742904663,1.7558761835098267,1.866997241973877,1.743844747543335,1.4602062702178955,1.6293580532073975,1.4085067510604858,1.7094106674194336,3.605813503265381,3.2613365650177,3.071812629699707,2.813774585723877,2.468804121017456,2.3365538120269775,1.957262396812439,1.9064563512802124,1.5786951780319214,1.5263121128082275,1.3885964155197144,1.0233100652694702,1.0536189079284668,0.8023059964179993,0.9832442402839661
A14,3.7236695289611816,3.3846709728240967,3.148690938949585,2.8328070640563965,2.494688034057617,2.250257730484009,1.889143705368042,1.6930218935012817,1.3372060060501099,1.1806073188781738,0.8746572732925415,0.6045675873756409,0.38457340002059937,0.0,0.37725189328193665,3.541486978530884,3.193730354309082,2.983227014541626,2.6160919666290283,2.34403657913208,2.046525001525879,1.7456427812576294,1.5072972774505615,1.171330451965332,1.0950509309768677,0.738038957118988,0.7291256189346313,0.7174611687660217,0.7463443875312805,1.0296759605407715,3.4524776935577393,3.082437515258789,2.9735498428344727,2.6182124614715576,2.4054629802703857,2.1808176040649414,1.891013264656067,1.7904016971588135,1.464052438735962,1.5732619762420654,1.3391425609588623,1.2416328191757202,1.3794656991958618,1.2619439363479614,1.5938842296600342,3.6050264835357666,3.2298552989959717,3.1247544288635254,2.824423313140869,2.564418315887451,2.428551197052002,2.0937461853027344,2.081047296524048,1.7314338684082031,1.8221838474273682,1.630955457687378,1.377463698387146,1.5041921138763428,1.2690980434417725,1.5721170902252197,3.7359986305236816,3.377593994140625,3.2131905555725098,2.9326326847076416,2.6130712032318115,2.463343858718872,2.0886056423187256,2.0300302505493164,1.6751115322113037,1.6560211181640625,1.4594255685806274,1.115651249885559,1.1325424909591675,0.8147860765457153,1.02803373336792
A15,4.0404863357543945,3.7104897499084473,3.4587631225585938,3.1514461040496826,2.803093910217285,2.5543901920318604,2.1971845626831055,1.978041410446167,1.6421445608139038,1.429275631904602,1.120947003364563,0.9056511521339417,0.5773231387138367,0.37725189328193665,0.0,3.8010823726654053,3.464566946029663,3.239093780517578,2.8654932975769043,2.6025023460388184,2.2776780128479004,2.0033414363861084,1.7194801568984985,1.4215614795684814,1.2905809879302979,0.9154087901115417,0.9920265674591064,0.8731529116630554,0.9359389543533325,1.106039047241211,3.6635496616363525,3.2992920875549316,3.206892728805542,2.8430585861206055,2.664097309112549,2.426410675048828,2.168287992477417,2.053623914718628,1.751792311668396,1.856576681137085,1.6055519580841064,1.5580650568008423,1.66037118434906,1.545377254486084,1.8440797328948975,3.856865644454956,3.479241371154785,3.404196262359619,3.109571695327759,2.8723039627075195,2.750899076461792,2.429919958114624,2.4320573806762695,2.088191509246826,2.191157817840576,1.990149736404419,1.7461153268814087,1.8506453037261963,1.5902749300003052,1.8605177402496338,4.047632217407227,3.6904847621917725,3.535858154296875,3.270198106765747,2.9489245414733887,2.8180723190307617,2.442690372467041,2.395206928253174,2.0450119972229004,2.0138869285583496,1.8134368658065796,1.4663366079330444,1.4364198446273804,1.0871812105178833,1.1999425888061523
B1,0.9444723129272461,1.059038519859314,0.8128317594528198,1.0683236122131348,1.1951241493225098,1.418960452079773,1.7223596572875977,1.931272268295288,2.2695274353027344,2.4356460571289062,2.818767547607422,2.9514472484588623,3.2648367881774902,3.541486978530884,3.8010823726654053,0.0,0.38007012009620667,0.5981336832046509,0.9417652487754822,1.2577699422836304,1.574317455291748,1.8691202402114868,2.1873416900634766,2.4596059322357178,2.73857045173645,3.078888416290283,3.167975664138794,3.5269150733947754,3.736767292022705,4.0649333000183105,0.9501120448112488,0.9320807456970215,1.1392239332199097,1.4348427057266235,1.572399616241455,1.956075668334961,2.111211061477661,2.4868688583374023,2.6706490516662598,2.9560282230377197,3.282884359359741,3.266265869140625,3.621788501739502,3.7670559883117676,4.077632904052734,1.5773789882659912,1.5485223531723022,1.5203913450241089,1.783676028251648,1.738081455230713,2.090181589126587,2.163853406906128,2.493734836578369,2.6770381927490234,2.8512942790985107,3.193598985671997,3.145721197128296,3.458266019821167,3.602226495742798,3.853116273880005,1.6253384351730347,1.6518478393554688,1.416808009147644,1.638036847114563,1.5424227714538574,1.8051031827926636,1.939771294593811,2.1719717979431152,2.433880567550659,2.5348548889160156,2.9124650955200195,2.9321115016937256,3.211177110671997,3.4405128955841064,3.651207208633423
B2,0.9333996772766113,0.9086703658103943,0.5705175995826721,0.7300184965133667,0.8287327289581299,1.0398898124694824,1.3516578674316406,1.5677176713943481,1.9049148559570312,2.0886070728302,2.466871500015259,2.600111246109009,2.921738862991333,3.193730354309082,3.464566946029663,0.38007012009620667,0.0,0.38349631428718567,0.6498273015022278,0.9614120721817017,1.2855912446975708,1.553503394126892,1.8895736932754517,2.1353132724761963,2.4321627616882324,2.7590408325195312,2.8340349197387695,3.1984739303588867,3.3933682441711426,3.7298383712768555,1.0664879083633423,0.9073936939239502,1.0587912797927856,1.2738713026046753,1.3423997163772583,1.7180609703063965,1.8229707479476929,2.2048304080963135,2.3565871715545654,2.6459617614746094,2.959432363510132,2.922550916671753,3.2781429290771484,3.408609628677368,3.721143960952759,1.6115177869796753,1.5023212432861328,1.4158583879470825,1.6098753213882446,1.4935901165008545,1.8236454725265503,1.85148024559021,2.1747305393218994,2.335808277130127,2.500953197479248,2.836066722869873,2.775700807571411,3.085207462310791,3.2245371341705322,3.4739973545074463,1.6015173196792603,1.5488170385360718,1.2616610527038574,1.4056288003921509,1.2433078289031982,1.4754067659378052,1.5814954042434692,1.8033480644226074,2.058974266052246,2.155381202697754,2.5324833393096924,2.554443120956421,2.8347785472869873,3.0687716007232666,3.283491849899292
B3,1.1637053489685059,1.0777523517608643,0.7299325466156006,0.8441433310508728,0.7713015675544739,0.9988415241241455,1.2234954833984375,1.4493056535720825,1.7582337856292725,1.917840838432312,2.305715799331665,2.40522837638855,2.7185306549072266,2.983227014541626,3.239093780517578,0.5981336832046509,0.38349631428718567,0.0,0.39180684089660645,0.6651948690414429,0.9882494807243347,1.2804304361343384,1.59579336643219,1.8747811317443848,2.1439614295959473,2.490410327911377,2.5855541229248047,2.939852237701416,3.162821054458618,3.4841701984405518,0.8181720972061157,0.5678266882896423,0.7121639847755432,0.9031398892402649,1.0197725296020508,1.3927719593048096,1.5409168004989624,1.919431209564209,2.099299669265747,2.3999764919281006,2.7191760540008545,2.7205963134765625,3.0826117992401123,3.238194227218628,3.560711622238159,1.4021934270858765,1.2349752187728882,1.2016410827636719,1.3741440773010254,1.2911165952682495,1.6413153409957886,1.67792809009552,2.032484531402588,2.1823410987854004,2.3939292430877686,2.716614246368408,2.6629650592803955,2.9954400062561035,3.1262450218200684,3.4067471027374268,1.5718989372253418,1.4639731645584106,1.2267119884490967,1.36276113986969,1.1780294179916382,1.4540373086929321,1.5081393718719482,1.780561923980713,1.9885441064834595,2.119692802429199,2.4813106060028076,2.4572010040283203,2.7551798820495605,2.9501001834869385,3.1834683418273926
B4,1.4540077447891235,1.2904751300811768,0.9206754565238953,0.8623838424682617,0.6374161243438721,0.7402375340461731,0.9074276089668274,1.0885200500488281,1.3976932764053345,1.5340040922164917,1.9237247705459595,2.0343291759490967,2.3392815589904785,2.6160919666290283,2.8654932975769043,0.9417652487754822,0.6498273015022278,0.39180684089660645,0.0,0.38928472995758057,0.6451528668403625,0.9536765217781067,1.25856614112854,1.5312418937683105,1.8171502351760864,2.1474671363830566,2.2592973709106445,2.614748954772949,2.8405051231384277,3.1701059341430664,1.0702133178710938,0.7276685833930969,0.8373667597770691,0.8527765274047852,0.9184447526931763,1.241011142730713,1.3332082033157349,1.7139629125595093,1.8477485179901123,2.1729841232299805,2.4614508152008057,2.4509437084198,2.819284677505493,2.9531593322753906,3.2912161350250244,1.6393364667892456,1.3966680765151978,1.3504467010498047,1.4202957153320312,1.2680567502975464,1.5747770071029663,1.530131459236145,1.8820724487304688,1.970784068107605,2.1869800090789795,2.4790518283843994,2.388871669769287,2.7218642234802246,2.8203811645507812,3.108259916305542,1.8244919776916504,1.6474792957305908,1.3946815729141235,1.4304344654083252,1.154321551322937,1.3670215606689453,1.3230676651000977,1.5738459825515747,1.7288907766342163,1.8382092714309692,2.181764841079712,2.124274253845215,2.4129421710968018,2.5912272930145264,2.817296266555786
B5,1.6041100025177002,1.3728982210159302,1.047897219657898,0.9409016966819763,0.6015375852584839,0.7176263332366943,0.7264118790626526,0.9649717211723328,1.1969271898269653,1.3542726039886475,1.7346282005310059,1.7836894989013672,2.100696086883545,2.34403657913208,2.6025023460388184,1.2577699422836304,0.9614120721817017,0.6651948690414429,0.38928472995758057,0.0,0.38218364119529724,0.6174001097679138,0.9486048221588135,1.2148247957229614,1.4836492538452148,1.8297139406204224,1.92243492603302,2.274955987930298,2.5046982765197754,2.8231048583984375,1.203407645225525,0.8333449959754944,0.7776546478271484,0.6334110498428345,0.5862315893173218,0.8708134293556213,0.945254385471344,1.3249411582946777,1.4689810276031494,1.7931437492370605,2.089252233505249,2.100846767425537,2.468945264816284,2.6268396377563477,2.963009834289551,1.5593266487121582,1.2525471448898315,1.1849174499511719,1.1600031852722168,0.9848323464393616,1.2632322311401367,1.2036045789718628,1.5671093463897705,1.6461771726608276,1.8962093591690063,2.1790738105773926,2.110966682434082,2.4605157375335693,2.570157289505005,2.8813462257385254,1.7686783075332642,1.5243911743164062,1.3081594705581665,1.281195044517517,0.9854035973548889,1.2001359462738037,1.1052485704421997,1.400866985321045,1.5102250576019287,1.6740206480026245,1.9969377517700195,1.9166837930679321,2.2332959175109863,2.3834362030029297,2.644585609436035
B6,1.9814410209655762,1.7426384687423706,1.4149754047393799,1.2593013048171997,0.8892730474472046,0.8549087047576904,0.718765914440155,0.8292166590690613,1.00337815284729,1.0782243013381958,1.455722451210022,1.499466896057129,1.7871516942977905,2.046525001525879,2.2776780128479004,1.574317455291748,1.2855912446975708,0.9882494807243347,0.6451528668403625,0.38218364119529724,0.0,0.37892216444015503,0.6172177791595459,0.9229052066802979,1.1836879253387451,1.5221757888793945,1.6653891801834106,2.0060927867889404,2.2628560066223145,2.578073263168335,1.4279603958129883,1.0501463413238525,1.0204554796218872,0.763064444065094,0.7332008481025696,0.8648038506507874,0.8967862725257874,1.2353601455688477,1.3332206010818481,1.6863090991973877,1.9369746446609497,1.9622994661331177,2.3336284160614014,2.4767849445343018,2.8322646617889404,1.831730842590332,1.4968247413635254,1.4701259136199951,1.383545160293579,1.207560420036316,1.4205923080444336,1.2938270568847656,1.636313557624817,1.634651780128479,1.9007282257080078,2.128936767578125,2.0216639041900635,2.371527910232544,2.4323062896728516,2.759566307067871,2.1157901287078857,1.8482553958892822,1.6543065309524536,1.5853520631790161,1.2650835514068604,1.4149887561798096,1.2228151559829712,1.4773035049438477,1.4941567182540894,1.63101327419281,1.905653476715088,1.7594937086105347,2.058058023452759,2.159600019454956,2.410543203353882
B7,2.135585308074951,1.847392201423645,1.5628098249435425,1.3554437160491943,0.9666473269462585,0.899913489818573,0.6174862384796143,0.7422069311141968,0.7806054353713989,0.8985065221786499,1.2388076782226562,1.214691162109375,1.527419924736023,1.7456427812576294,2.0033414363861084,1.8691202402114868,1.553503394126892,1.2804304361343384,0.9536765217781067,0.6174001097679138,0.37892216444015503,0.0,0.384416401386261,0.598430335521698,0.8799726963043213,1.214446783065796,1.3134382963180542,1.6641772985458374,1.9042153358459473,2.2226943969726562,1.734871745109558,1.363189458847046,1.2486279010772705,0.9352501034736633,0.7541332244873047,0.7418035864830017,0.626644492149353,0.9317761659622192,0.9721831679344177,1.329003930091858,1.565364956855774,1.5837608575820923,1.95498788356781,2.102189064025879,2.45671010017395,1.960784912109375,1.601226568222046,1.5232290029525757,1.3411986827850342,1.1143571138381958,1.230414867401123,1.036944031715393,1.3460540771484375,1.2972359657287598,1.5755064487457275,1.7788746356964111,1.678389310836792,2.0348012447357178,2.1016781330108643,2.4428558349609375,2.175173759460449,1.8630012273788452,1.6827707290649414,1.5358282327651978,1.2053619623184204,1.289734959602356,1.0317798852920532,1.2767505645751953,1.2272166013717651,1.4009112119674683,1.640722393989563,1.4791227579116821,1.7994165420532227,1.8819659948349,2.1664469242095947
B8,2.510814905166626,2.228759527206421,1.940442681312561,1.7357571125030518,1.3468166589736938,1.242181420326233,0.9304033517837524,0.9261921644210815,0.8531790375709534,0.8305714130401611,1.1129937171936035,1.0377306938171387,1.291013240814209,1.5072972774505615,1.7194801568984985,2.1873416900634766,1.8895736932754517,1.59579336643219,1.25856614112854,0.9486048221588135,0.6172177791595459,0.384416401386261,0.0,0.3740065395832062,0.5734052062034607,0.9158580899238586,1.0964959859848022,1.413614273071289,1.7015893459320068,1.9989088773727417,1.9534074068069458,1.5910037755966187,1.4899429082870483,1.1347589492797852,1.0108407735824585,0.877558708190918,0.7691437602043152,0.9430388808250427,0.9374127388000488,1.296608805656433,1.4680253267288208,1.529511570930481,1.8878623247146606,2.0313398838043213,2.397519588470459,2.2022008895874023,1.8321528434753418,1.8027963638305664,1.5972121953964233,1.4129656553268433,1.486299753189087,1.2811940908432007,1.5474061965942383,1.4311589002609253,1.7207051515579224,1.8528211116790771,1.7293180227279663,2.0754506587982178,2.089949369430542,2.447709560394287,2.50277042388916,2.183150053024292,2.0355427265167236,1.886920690536499,1.5699857473373413,1.6352710723876953,1.3448880910873413,1.5488289594650269,1.4181808233261108,1.5655826330184937,1.7315373420715332,1.4975907802581787,1.7858226299285889,1.7898203134536743,2.064509868621826
B9,2.692959785461426,2.3797764778137207,2.11865234375,1.8678221702575684,1.4889235496520996,1.339683175086975,0.9736395478248596,0.9270782470703125,0.7070887684822083,0.6918174028396606,0.8745806217193604,0.7151550650596619,0.9949796199798584,1.171330451965332,1.4215614795684814,2.4596059322357178,2.1353132724761963,1.8747811317443848,1.5312418937683105,1.2148247957229614,0.9229052066802979,0.598430335521698,0.3740065395832062,0.0,0.3625531792640686,0.6247352957725525,0.7538803815841675,1.0948939323425293,1.3520214557647705,1.67073392868042,2.294372320175171,1.9282450675964355,1.802554965019226,1.448599934577942,1.2512836456298828,1.0684938430786133,0.8339024186134338,0.9048565626144409,0.7521384358406067,1.0892783403396606,1.188659429550171,1.2098196744918823,1.561496615409851,1.6763782501220703,2.0481936931610107,2.4609036445617676,2.0869579315185547,2.009690999984741,1.753753900527954,1.5235610008239746,1.5059391260147095,1.2333911657333374,1.4181736707687378,1.2213029861450195,1.4849196672439575,1.5583752393722534,1.411513328552246,1.7455487251281738,1.7403007745742798,2.1045122146606445,2.6725709438323975,2.3311145305633545,2.1764183044433594,1.9673821926116943,1.6445542573928833,1.6296300888061523,1.2926418781280518,1.431623935699463,1.2215943336486816,1.3616939783096313,1.4622257947921753,1.2007182836532593,1.4869866371154785,1.462270975112915,1.7608221769332886
B10,2.976003885269165,2.664771556854248,2.4154536724090576,2.1883339881896973,1.8072936534881592,1.6891074180603027,1.3258334398269653,1.2875781059265137,1.0487560033798218,0.9828399419784546,1.071526288986206,0.8224912881851196,1.0003831386566162,1.0950509309768677,1.2905809879302979,2.73857045173645,2.4321627616882324,2.1439614295959473,1.8171502351760864,1.4836492538452148,1.1836879253387451,0.8799726963043213,0.5734052062034607,0.3625531792640686,0.0,0.38994720578193665,0.5885821580886841,0.8572565317153931,1.1800754070281982,1.4462029933929443,2.4702444076538086,2.1212806701660156,1.9711343050003052,1.5919996500015259,1.4132698774337769,1.147983193397522,0.9472237825393677,0.882088303565979,0.7293694019317627,1.0117939710617065,1.0551843643188477,1.1659718751907349,1.4818586111068726,1.6310839653015137,1.991466760635376,2.5774612426757812,2.199263572692871,2.1548430919647217,1.8745224475860596,1.6953940391540527,1.647269368171692,1.407058835029602,1.5611339807510376,1.3508574962615967,1.6326907873153687,1.6537415981292725,1.539557933807373,1.8582994937896729,1.8373764753341675,2.213192939758301,2.85575008392334,2.5059621334075928,2.397381544113159,2.1951143741607666,1.9057600498199463,1.9082659482955933,1.5836597681045532,1.7324481010437012,1.4980632066726685,1.6545671224594116,1.702231764793396,1.4173083305358887,1.6768239736557007,1.5770288705825806,1.8765512704849243
B11,3.29939603805542,2.9758920669555664,2.7319884300231934,2.474524974822998,2.1021528244018555,1.9394224882125854,1.5640901327133179,1.4634538888931274,1.1586447954177856,1.039588212966919,0.9790186882019043,0.6592788100242615,0.723946213722229,0.738038957118988,0.9154087901115417,3.078888416290283,2.7590408325195312,2.490410327911377,2.1474671363830566,1.8297139406204224,1.5221757888793945,1.214446783065796,0.9158580899238586,0.6247352957725525,0.38994720578193665,0.0,0.3659554123878479,0.5504137277603149,0.8770557641983032,1.1447575092315674,2.8495383262634277,2.495706796646118,2.3558027744293213,1.9793941974639893,1.7904623746871948,1.523305058479309,1.2880619764328003,1.1713895797729492,0.9269481897354126,1.1200084686279297,1.0202747583389282,1.0919215679168701,1.350721001625061,1.4372109174728394,1.796396017074585,2.9589340686798096,2.5808022022247314,2.521059274673462,2.2251126766204834,2.0250613689422607,1.9320447444915771,1.656874418258667,1.7390902042388916,1.4630334377288818,1.6901414394378662,1.6218537092208862,1.4689440727233887,1.7363624572753906,1.6508361101150513,2.0182416439056396,3.200072765350342,2.8430769443511963,2.7250897884368896,2.4926161766052246,2.196380853652954,2.145000696182251,1.7957247495651245,1.8752192258834839,1.582341194152832,1.690798282623291,1.6492997407913208,1.3276933431625366,1.5245890617370605,1.3463431596755981,1.6307923793792725
B12,3.283231496810913,2.9394097328186035,2.733015298843384,2.4633688926696777,2.1113667488098145,1.9640339612960815,1.582938313484192,1.5281089544296265,1.1912885904312134,1.166015863418579,1.075019121170044,0.7140159606933594,0.8390201330184937,0.7291256189346313,0.9920265674591064,3.167975664138794,2.8340349197387695,2.5855541229248047,2.2592973709106445,1.92243492603302,1.6653891801834106,1.3134382963180542,1.0964959859848022,0.7538803815841675,0.5885821580886841,0.3659554123878479,0.0,0.3739750385284424,0.6057227253913879,0.9189310669898987,2.985873222351074,2.6319756507873535,2.454440116882324,2.0863471031188965,1.8377355337142944,1.5586191415786743,1.2643249034881592,1.0919811725616455,0.7704683542251587,0.875028669834137,0.7032275199890137,0.7367018461227417,0.9861075282096863,1.0835353136062622,1.4416908025741577,2.988462448120117,2.6146397590637207,2.5098214149475098,2.18231201171875,1.9593135118484497,1.8013408184051514,1.5083630084991455,1.5165469646453857,1.2081815004348755,1.4082306623458862,1.2979025840759277,1.1761740446090698,1.435505747795105,1.3839325904846191,1.7590959072113037,3.141223192214966,2.7730045318603516,2.6611270904541016,2.392188310623169,2.1173577308654785,2.0250401496887207,1.6809324026107788,1.7345216274261475,1.419114112854004,1.5582044124603271,1.4820054769515991,1.196174144744873,1.4136441946029663,1.2492563724517822,1.5795599222183228
B13,3.6448307037353516,3.3003299236297607,3.099719285964966,2.8349695205688477,2.4827542304992676,2.337294578552246,1.9560589790344238,1.8872623443603516,1.543988823890686,1.4811794757843018,1.3308935165405273,0.9663951396942139,0.9556993246078491,0.7174611687660217,0.8731529116630554,3.5269150733947754,3.1984739303588867,2.939852237701416,2.614748954772949,2.274955987930298,2.0060927867889404,1.6641772985458374,1.413614273071289,1.0948939323425293,0.8572565317153931,0.5504137277603149,0.3739750385284424,0.0,0.38640791177749634,0.5971106886863708,3.300729274749756,2.954582691192627,2.7709286212921143,2.3936617374420166,2.1582467555999756,1.850612759590149,1.5797293186187744,1.352010726928711,1.0532945394515991,1.0633361339569092,0.7864769101142883,0.873647928237915,0.9939209222793579,1.0748120546340942,1.3865331411361694,3.2763893604278564,2.9037468433380127,2.8148529529571533,2.4763927459716797,2.2792863845825195,2.101473093032837,1.8282489776611328,1.8026177883148193,1.4900768995285034,1.6648662090301514,1.490600347518921,1.3906646966934204,1.5877737998962402,1.4978801012039185,1.850858211517334,3.456204891204834,3.0847651958465576,2.996046543121338,2.726729154586792,2.4692018032073975,2.3758246898651123,2.03834867477417,2.0799694061279297,1.751924753189087,1.8765335083007812,1.74882972240448,1.4592710733413696,1.6165757179260254,1.3815170526504517,1.6782002449035645
