0.000000000000000000e+00,3.915855884552001953e-01,6.220557093620300293e-01,9.472408294677734375e-01,1.275216102600097656e+00,1.577154755592346191e+00,1.900497794151306152e+00,2.156291723251342773e+00,2.474747896194458008e+00,2.739496707916259766e+00,3.080770015716552734e+00,3.316205739974975586e+00,3.674710512161254883e+00,3.938606739044189453e+00,4.302153587341308594e+00,4.625351905822753906e+00,4.352971076965332031e+00,4.040769577026367188e+00,3.762589454650878906e+00,3.401311159133911133e+00,3.146654367446899414e+00,2.787633895874023438e+00,2.581141710281372070e+00,2.265969753265380859e+00,2.035057067871093750e+00,1.833390116691589355e+00,1.457474827766418457e+00,1.325907349586486816e+00,9.561508297920227051e-01,9.133625626564025879e-01,4.701567173004150391e+00,4.385560989379882812e+00,4.089812278747558594e+00,3.803672790527343750e+00,3.447121858596801758e+00,3.229171514511108398e+00,2.852188825607299805e+00,2.716413021087646484e+00,2.411435127258300781e+00,2.189614057540893555e+00,1.941489696502685547e+00,1.628999114036560059e+00,1.468872666358947754e+00,1.136127114295959473e+00,1.122277379035949707e+00,1.007455706596374512e+00,1.059927940368652344e+00,1.070240020751953125e+00,1.422549724578857422e+00,1.534351587295532227e+00,1.923183917999267578e+00,2.103333711624145508e+00,2.432608842849731445e+00,2.717901229858398438e+00,2.937616825103759766e+00,3.296923875808715820e+00,3.446433305740356445e+00,3.829546213150024414e+00,4.014437198638916016e+00,4.395989418029785156e+00,4.565535545349121094e+00,4.250734806060791016e+00,3.973221063613891602e+00,3.621141910552978516e+00,3.323188066482543945e+00,3.001345872879028320e+00,2.688923835754394531e+00,2.445494174957275391e+00,2.104452610015869141e+00,1.890947222709655762e+00,1.531884074211120605e+00,1.355926632881164551e+00,1.027363300323486328e+00,9.078201651573181152e-01,7.372499108314514160e-01
3.915855884552001953e-01,0.000000000000000000e+00,3.772650957107543945e-01,6.492734551429748535e-01,9.846478104591369629e-01,1.292657017707824707e+00,1.598141908645629883e+00,1.877540826797485352e+00,2.171319246292114258e+00,2.455585002899169922e+00,2.786031723022460938e+00,3.021352529525756836e+00,3.381551742553710938e+00,3.640027284622192383e+00,4.008082866668701172e+00,4.341070175170898438e+00,4.055514335632324219e+00,3.750502824783325195e+00,3.478764057159423828e+00,3.115022182464599609e+00,2.882612466812133789e+00,2.510503530502319336e+00,2.341442584991455078e+00,2.019273757934570312e+00,1.830252766609191895e+00,1.661483168601989746e+00,1.283005356788635254e+00,1.251176238059997559e+00,8.981544971466064453e-01,1.016525030136108398e+00,4.376733779907226562e+00,4.050589084625244141e+00,3.767351150512695312e+00,3.474001884460449219e+00,3.126900434494018555e+00,2.908630371093750000e+00,2.534194946289062500e+00,2.413485050201416016e+00,2.096419095993041992e+00,1.910385131835937500e+00,1.667924761772155762e+00,1.389215707778930664e+00,1.281735539436340332e+00,1.011764287948608398e+00,1.109225511550903320e+00,9.497385025024414062e-01,9.520146846771240234e-01,8.292307853698730469e-01,1.150345206260681152e+00,1.210917592048645020e+00,1.591362833976745605e+00,1.767324328422546387e+00,2.082331418991088867e+00,2.380530118942260742e+00,2.583254098892211914e+00,2.948687314987182617e+00,3.097474336624145508e+00,3.478946208953857422e+00,3.670709371566772461e+00,4.047247409820556641e+00,4.239707946777343750e+00,3.937082290649414062e+00,3.646116971969604492e+00,3.300607442855834961e+00,2.992354869842529297e+00,2.671759843826293945e+00,2.357321262359619141e+00,2.103468418121337891e+00,1.777975201606750488e+00,1.534672379493713379e+00,1.184138178825378418e+00,9.831821322441101074e-01,6.399955153465270996e-01,5.484958887100219727e-01,4.598801434040069580e-01
6.220557093620300293e-01,3.772650957107543945e-01,0.000000000000000000e+00,3.863960206508636475e-01,6.602789759635925293e-01,9.944489598274230957e-01,1.290930271148681641e+00,1.569324374198913574e+00,1.883375763893127441e+00,2.142503261566162109e+00,2.487650632858276367e+00,2.707651376724243164e+00,3.071915388107299805e+00,3.325387001037597656e+00,3.692909002304077148e+00,4.009308815002441406e+00,3.732683181762695312e+00,3.423621654510498047e+00,3.144985198974609375e+00,2.783749103546142578e+00,2.535621404647827148e+00,2.171221733093261719e+00,1.981637001037597656e+00,1.664381742477416992e+00,1.458255052566528320e+00,1.293032884597778320e+00,9.103277921676635742e-01,9.041766524314880371e-01,5.919422507286071777e-01,8.073416352272033691e-01,4.080481052398681641e+00,3.766746282577514648e+00,3.468554496765136719e+00,3.186199903488159180e+00,2.827362537384033203e+00,2.618675708770751953e+00,2.238844633102416992e+00,2.121808290481567383e+00,1.830167293548583984e+00,1.621356487274169922e+00,1.419326186180114746e+00,1.106484770774841309e+00,1.064072966575622559e+00,7.904371619224548340e-01,9.913708567619323730e-01,1.070492029190063477e+00,9.259779453277587891e-01,7.583979964256286621e-01,9.950963258743286133e-01,9.964225888252258301e-01,1.381815910339355469e+00,1.512035846710205078e+00,1.852347493171691895e+00,2.118148565292358398e+00,2.337489604949951172e+00,2.691242694854736328e+00,2.835344314575195312e+00,3.219038486480712891e+00,3.402066469192504883e+00,3.786103010177612305e+00,3.966016769409179688e+00,3.648630857467651367e+00,3.368517398834228516e+00,3.022969722747802734e+00,2.717895984649658203e+00,2.409617424011230469e+00,2.084120035171508789e+00,1.863643050193786621e+00,1.518735527992248535e+00,1.318191528320312500e+00,9.786413908004760742e-01,8.015915155410766602e-01,5.797548294067382812e-01,5.628009438514709473e-01,7.077546715736389160e-01
9.472408294677734375e-01,6.492734551429748535e-01,3.863960206508636475e-01,0.000000000000000000e+00,3.823743164539337158e-01,6.440678834915161133e-01,9.683728814125061035e-01,1.229488015174865723e+00,1.531746983528137207e+00,1.811270117759704590e+00,2.143207073211669922e+00,2.386398077011108398e+00,2.741785526275634766e+00,3.011340856552124023e+00,3.373710155487060547e+00,3.726035833358764648e+00,3.451999187469482422e+00,3.133668899536132812e+00,2.879027366638183594e+00,2.504929304122924805e+00,2.289933681488037109e+00,1.917761564254760742e+00,1.763276100158691406e+00,1.476721167564392090e+00,1.290169000625610352e+00,1.223610997200012207e+00,8.580725193023681641e-01,9.885877966880798340e-01,8.046702146530151367e-01,1.079409718513488770e+00,3.800492286682128906e+00,3.478932857513427734e+00,3.191315174102783203e+00,2.923872709274291992e+00,2.567570686340332031e+00,2.393653392791748047e+00,2.011277675628662109e+00,1.950932145118713379e+00,1.677559971809387207e+00,1.520903348922729492e+00,1.388183712959289551e+00,1.116446018218994141e+00,1.201094746589660645e+00,1.015051007270812988e+00,1.298842191696166992e+00,1.384825110435485840e+00,1.215750694274902344e+00,9.551550745964050293e-01,1.076976180076599121e+00,9.341090917587280273e-01,1.275572776794433594e+00,1.323776960372924805e+00,1.650854945182800293e+00,1.900548458099365234e+00,2.079937219619750977e+00,2.434029102325439453e+00,2.541279077529907227e+00,2.926193952560424805e+00,3.086930990219116211e+00,3.469671010971069336e+00,3.618585824966430664e+00,3.306426286697387695e+00,3.027901649475097656e+00,2.674449920654296875e+00,2.379320383071899414e+00,2.054548501968383789e+00,1.746503591537475586e+00,1.505268692970275879e+00,1.158075213432312012e+00,9.726896882057189941e-01,6.169639825820922852e-01,5.526787638664245605e-01,4.420205652713775635e-01,6.660566329956054688e-01,9.093633890151977539e-01
1.275216102600097656e+00,9.846478104591369629e-01,6.602789759635925293e-01,3.823743164539337158e-01,0.000000000000000000e+00,3.879329264163970947e-01,6.317404508590698242e-01,9.297297000885009766e-01,1.235586166381835938e+00,1.489617347717285156e+00,1.835069179534912109e+00,2.048444986343383789e+00,2.413934707641601562e+00,2.666422843933105469e+00,3.034100055694580078e+00,3.362210988998413086e+00,3.086610555648803711e+00,2.772594928741455078e+00,2.506921052932739258e+00,2.137681722640991211e+00,1.912983655929565430e+00,1.540675759315490723e+00,1.388094902038574219e+00,1.098275542259216309e+00,9.385927319526672363e-01,9.152695536613464355e-01,6.043651700019836426e-01,8.634518384933471680e-01,8.224121332168579102e-01,1.168793797492980957e+00,3.443576812744140625e+00,3.131153821945190430e+00,2.832507610321044922e+00,2.567857503890991211e+00,2.204644441604614258e+00,2.033579111099243164e+00,1.649214148521423340e+00,1.596266865730285645e+00,1.350986719131469727e+00,1.195717930793762207e+00,1.130476832389831543e+00,8.800721764564514160e-01,1.077156901359558105e+00,9.828136563301086426e-01,1.336674213409423828e+00,1.542967796325683594e+00,1.293431401252746582e+00,1.007202267646789551e+00,9.892339706420898438e-01,7.518342137336730957e-01,1.037192821502685547e+00,1.013006925582885742e+00,1.353312373161315918e+00,1.565654277801513672e+00,1.760178685188293457e+00,2.100901603698730469e+00,2.212145805358886719e+00,2.596983194351196289e+00,2.760039329528808594e+00,3.147679805755615234e+00,3.312018871307373047e+00,2.990797758102416992e+00,2.713535785675048828e+00,2.369408130645751953e+00,2.065813541412353516e+00,1.766549706459045410e+00,1.435620903968811035e+00,1.245783448219299316e+00,8.928421735763549805e-01,7.579735517501831055e-01,5.013988018035888672e-01,4.818187355995178223e-01,6.405557394027709961e-01,8.406611680984497070e-01,1.172982335090637207e+00
1.577154755592346191e+00,1.292657017707824707e+00,9.944489598274230957e-01,6.440678834915161133e-01,3.879329264163970947e-01,0.000000000000000000e+00,3.814504742622375488e-01,5.856779217720031738e-01,9.003312587738037109e-01,1.170620083808898926e+00,1.503881454467773438e+00,1.755668759346008301e+00,2.104343175888061523e+00,2.386182069778442383e+00,2.741291999816894531e+00,3.116655826568603516e+00,2.856431245803833008e+00,2.523870229721069336e+00,2.294400691986083984e+00,1.909580588340759277e+00,1.727339148521423340e+00,1.362506151199340820e+00,1.247730255126953125e+00,1.044983386993408203e+00,9.017502665519714355e-01,1.029056906700134277e+00,8.115166425704956055e-01,1.110577464103698730e+00,1.151352167129516602e+00,1.467911958694458008e+00,3.233779668807983398e+00,2.919928073883056641e+00,2.630302906036376953e+00,2.399752140045166016e+00,2.038836956024169922e+00,1.931943655014038086e+00,1.555766105651855469e+00,1.589909911155700684e+00,1.404274821281433105e+00,1.315477848052978516e+00,1.348612189292907715e+00,1.156627535820007324e+00,1.418020486831665039e+00,1.353700637817382812e+00,1.713585853576660156e+00,1.923408985137939453e+00,1.679716110229492188e+00,1.381401419639587402e+00,1.323686957359313965e+00,1.021915197372436523e+00,1.210163831710815430e+00,1.066763043403625488e+00,1.359699726104736328e+00,1.514499187469482422e+00,1.647058606147766113e+00,1.969348549842834473e+00,2.016148805618286133e+00,2.397989988327026367e+00,2.516774177551269531e+00,2.903856277465820312e+00,3.001533985137939453e+00,2.678553342819213867e+00,2.415715932846069336e+00,2.054809570312500000e+00,1.778577089309692383e+00,1.454156756401062012e+00,1.160028696060180664e+00,9.565166831016540527e-01,5.854249000549316406e-01,5.838053226470947266e-01,4.217746853828430176e-01,6.642177104949951172e-01,8.869760036468505859e-01,1.172526597976684570e+00,1.494361877441406250e+00
1.900497794151306152e+00,1.598141908645629883e+00,1.290930271148681641e+00,9.683728814125061035e-01,6.317404508590698242e-01,3.814504742622375488e-01,0.000000000000000000e+00,3.704559504985809326e-01,6.211346983909606934e-01,8.734401464462280273e-01,1.211098790168762207e+00,1.423306226730346680e+00,1.787087440490722656e+00,2.044073343276977539e+00,2.410079956054687500e+00,2.765113115310668945e+00,2.492225646972656250e+00,2.169966697692871094e+00,1.932730317115783691e+00,1.550727009773254395e+00,1.381321310997009277e+00,1.006413817405700684e+00,9.514679312705993652e-01,7.753050923347473145e-01,7.572121620178222656e-01,9.709869623184204102e-01,8.922497034072875977e-01,1.251320719718933105e+00,1.363031864166259766e+00,1.710447907447814941e+00,2.858263731002807617e+00,2.545881271362304688e+00,2.252654790878295898e+00,2.019142150878906250e+00,1.657388210296630859e+00,1.558907032012939453e+00,1.187860608100891113e+00,1.260063529014587402e+00,1.122002482414245605e+00,1.091056823730468750e+00,1.215428829193115234e+00,1.113955736160278320e+00,1.447102308273315430e+00,1.477948904037475586e+00,1.861064553260803223e+00,2.103439331054687500e+00,1.825959682464599609e+00,1.513773202896118164e+00,1.356584548950195312e+00,1.004941344261169434e+00,1.068813562393188477e+00,8.234593868255615234e-01,1.075541973114013672e+00,1.172877907752990723e+00,1.296594262123107910e+00,1.602618932723999023e+00,1.649441003799438477e+00,2.030972242355346680e+00,2.158273458480834961e+00,2.548404216766357422e+00,2.683110237121582031e+00,2.359138011932373047e+00,2.085668802261352539e+00,1.740752458572387695e+00,1.443215608596801758e+00,1.153270363807678223e+00,8.231126666069030762e-01,6.981356739997863770e-01,3.687759637832641602e-01,4.910049140453338623e-01,5.922266840934753418e-01,7.972576022148132324e-01,1.124101281166076660e+00,1.374186396598815918e+00,1.734280586242675781e+00
2.156291723251342773e+00,1.877540826797485352e+00,1.569324374198913574e+00,1.229488015174865723e+00,9.297297000885009766e-01,5.856779217720031738e-01,3.704559504985809326e-01,0.000000000000000000e+00,3.709257245063781738e-01,5.906455516815185547e-01,9.294402599334716797e-01,1.189388990402221680e+00,1.527285575866699219e+00,1.823757767677307129e+00,2.168321847915649414e+00,2.568372011184692383e+00,2.327600002288818359e+00,1.979218959808349609e+00,1.785588741302490234e+00,1.393508791923522949e+00,1.266615867614746094e+00,9.401140213012695312e-01,9.078533053398132324e-01,8.828052878379821777e-01,8.493785262107849121e-01,1.154599785804748535e+00,1.128371000289916992e+00,1.464825153350830078e+00,1.621378421783447266e+00,1.933874607086181641e+00,2.739431381225585938e+00,2.440383434295654297e+00,2.150747060775756836e+00,1.973854422569274902e+00,1.618366479873657227e+00,1.607720971107482910e+00,1.272330045700073242e+00,1.424408674240112305e+00,1.369744420051574707e+00,1.365609169006347656e+00,1.544276118278503418e+00,1.445964336395263672e+00,1.786486864089965820e+00,1.798537850379943848e+00,2.176572084426879883e+00,2.449711561203002930e+00,2.171995878219604492e+00,1.870682835578918457e+00,1.722919940948486328e+00,1.374088883399963379e+00,1.413565039634704590e+00,1.125053167343139648e+00,1.318027734756469727e+00,1.332074761390686035e+00,1.391599178314208984e+00,1.643708348274230957e+00,1.608015775680541992e+00,1.971590757369995117e+00,2.032915353775024414e+00,2.420318365097045898e+00,2.454067945480346680e+00,2.116439580917358398e+00,1.877606272697448730e+00,1.510944843292236328e+00,1.268916010856628418e+00,9.628455638885498047e-01,7.161632776260375977e-01,6.445139050483703613e-01,4.004453718662261963e-01,7.177706956863403320e-01,8.490593433380126953e-01,1.131493091583251953e+00,1.430453181266784668e+00,1.711652636528015137e+00,2.055590867996215820e+00
2.474747896194458008e+00,2.171319246292114258e+00,1.883375763893127441e+00,1.531746983528137207e+00,1.235586166381835938e+00,9.003312587738037109e-01,6.211346983909606934e-01,3.709257245063781738e-01,0.000000000000000000e+00,3.617766499519348145e-01,6.188683509826660156e-01,9.048915505409240723e-01,1.229971647262573242e+00,1.531119227409362793e+00,1.874508738517761230e+00,2.312059164047241211e+00,2.062127351760864258e+00,1.720023989677429199e+00,1.568928956985473633e+00,1.179054737091064453e+00,1.153077840805053711e+00,8.619442582130432129e-01,9.753066897392272949e-01,1.029803752899169922e+00,1.109021425247192383e+00,1.435012578964233398e+00,1.453960418701171875e+00,1.806101799011230469e+00,1.961610078811645508e+00,2.289088249206542969e+00,2.442265748977661133e+00,2.131043910980224609e+00,1.867666482925415039e+00,1.710313677787780762e+00,1.384518742561340332e+00,1.434874415397644043e+00,1.150182843208312988e+00,1.386586427688598633e+00,1.383489012718200684e+00,1.470141291618347168e+00,1.691264033317565918e+00,1.669500231742858887e+00,2.029731750488281250e+00,2.090221881866455078e+00,2.475229263305664062e+00,2.712038278579711914e+00,2.439531564712524414e+00,2.116981744766235352e+00,1.930555462837219238e+00,1.559034347534179688e+00,1.514522910118103027e+00,1.180262088775634766e+00,1.270492792129516602e+00,1.225450873374938965e+00,1.192217469215393066e+00,1.405876755714416504e+00,1.307344198226928711e+00,1.657559037208557129e+00,1.693206548690795898e+00,2.074455738067626953e+00,2.104099273681640625e+00,1.780809760093688965e+00,1.526493668556213379e+00,1.157703399658203125e+00,9.132557511329650879e-01,5.923589468002319336e-01,3.992837965488433838e-01,4.167571663856506348e-01,4.401783049106597900e-01,7.957146763801574707e-01,1.048160672187805176e+00,1.333177208900451660e+00,1.662282943725585938e+00,1.951724648475646973e+00,2.302354097366333008e+00
2.739496707916259766e+00,2.455585002899169922e+00,2.142503261566162109e+00,1.811270117759704590e+00,1.489617347717285156e+00,1.170620083808898926e+00,8.734401464462280273e-01,5.906455516815185547e-01,3.617766499519348145e-01,0.000000000000000000e+00,3.756414651870727539e-01,6.068394780158996582e-01,9.387263655662536621e-01,1.240184068679809570e+00,1.578304052352905273e+00,1.998451709747314453e+00,1.774190545082092285e+00,1.414605975151062012e+00,1.272423863410949707e+00,8.858652710914611816e-01,8.802248835563659668e-01,6.815524101257324219e-01,8.259311318397521973e-01,1.012377619743347168e+00,1.120659351348876953e+00,1.483858704566955566e+00,1.585285425186157227e+00,1.925227403640747070e+00,2.138167858123779297e+00,2.452100038528442383e+00,2.214475154876708984e+00,1.937034845352172852e+00,1.652690529823303223e+00,1.548559904098510742e+00,1.223629474639892578e+00,1.343621730804443359e+00,1.112948060035705566e+00,1.382215976715087891e+00,1.470867991447448730e+00,1.553380489349365234e+00,1.829719543457031250e+00,1.820647358894348145e+00,2.195851087570190430e+00,2.271836042404174805e+00,2.654845237731933594e+00,2.960661411285400391e+00,2.661323547363281250e+00,2.360093116760253906e+00,2.148979425430297852e+00,1.788638114929199219e+00,1.713938713073730469e+00,1.355623245239257812e+00,1.419366955757141113e+00,1.281771898269653320e+00,1.246294736862182617e+00,1.373890876770019531e+00,1.236176729202270508e+00,1.551255822181701660e+00,1.541566729545593262e+00,1.922004222869873047e+00,1.901742458343505859e+00,1.547025561332702637e+00,1.334987878799438477e+00,9.791105985641479492e-01,7.916009426116943359e-01,5.974978804588317871e-01,5.156786441802978516e-01,7.267038226127624512e-01,7.874881029129028320e-01,1.134955525398254395e+00,1.378988504409790039e+00,1.640770435333251953e+00,1.976348876953125000e+00,2.242639541625976562e+00,2.602732419967651367e+00
3.080770015716552734e+00,2.786031723022460938e+00,2.487650632858276367e+00,2.143207073211669922e+00,1.835069179534912109e+00,1.503881454467773438e+00,1.211098790168762207e+00,9.294402599334716797e-01,6.188683509826660156e-01,3.756414651870727539e-01,0.000000000000000000e+00,3.848522603511810303e-01,6.257332563400268555e-01,9.670284986495971680e-01,1.278386592864990234e+00,1.771357774734497070e+00,1.563687443733215332e+00,1.206184506416320801e+00,1.162909507751464844e+00,8.214947581291198730e-01,9.754990935325622559e-01,8.934630155563354492e-01,1.119428753852844238e+00,1.344553470611572266e+00,1.485373377799987793e+00,1.849080204963684082e+00,1.958901047706604004e+00,2.300757646560668945e+00,2.509351968765258789e+00,2.824959278106689453e+00,1.986207246780395508e+00,1.711535692214965820e+00,1.470706105232238770e+00,1.433738231658935547e+00,1.177409291267395020e+00,1.392723798751831055e+00,1.252070546150207520e+00,1.575966477394104004e+00,1.704064011573791504e+00,1.840484499931335449e+00,2.131575345993041992e+00,2.159474372863769531e+00,2.538873672485351562e+00,2.631752490997314453e+00,3.016874790191650391e+00,3.297309398651123047e+00,3.006006956100463867e+00,2.692595481872558594e+00,2.469863653182983398e+00,2.100746870040893555e+00,1.987942934036254883e+00,1.619234323501586914e+00,1.611107468605041504e+00,1.431728363037109375e+00,1.305554270744323730e+00,1.355186223983764648e+00,1.118723154067993164e+00,1.373692393302917480e+00,1.284134387969970703e+00,1.641950368881225586e+00,1.543014287948608398e+00,1.194112539291381836e+00,9.971606135368347168e-01,6.276854872703552246e-01,5.435279607772827148e-01,4.460095167160034180e-01,6.152815818786621094e-01,8.651246428489685059e-01,1.047869682312011719e+00,1.384837031364440918e+00,1.664216995239257812e+00,1.939197659492492676e+00,2.278261423110961914e+00,2.558509826660156250e+00,2.915642261505126953e+00
3.316205739974975586e+00,3.021352529525756836e+00,2.707651376724243164e+00,2.386398077011108398e+00,2.048444986343383789e+00,1.755668759346008301e+00,1.423306226730346680e+00,1.189388990402221680e+00,9.048915505409240723e-01,6.068394780158996582e-01,3.848522603511810303e-01,0.000000000000000000e+00,3.849855363368988037e-01,6.346533894538879395e-01,9.873522520065307617e-01,1.413547635078430176e+00,1.191395044326782227e+00,8.327118754386901855e-01,7.830931544303894043e-01,4.742542505264282227e-01,7.338614463806152344e-01,7.912906408309936523e-01,1.077575922012329102e+00,1.355815410614013672e+00,1.559721469879150391e+00,1.914649724960327148e+00,2.090425729751586914e+00,2.430103063583374023e+00,2.669467687606811523e+00,2.991319894790649414e+00,1.644867539405822754e+00,1.397397875785827637e+00,1.128125071525573730e+00,1.131644248962402344e+00,8.987504243850708008e-01,1.178888916969299316e+00,1.128611564636230469e+00,1.466889023780822754e+00,1.672607183456420898e+00,1.827755928039550781e+00,2.157687664031982422e+00,2.228527784347534180e+00,2.615600585937500000e+00,2.749326944351196289e+00,3.130802869796752930e+00,3.448458909988403320e+00,3.135819196701049805e+00,2.836330652236938477e+00,2.574976444244384766e+00,2.218854904174804688e+00,2.055865526199340820e+00,1.678754448890686035e+00,1.624973416328430176e+00,1.369076132774353027e+00,1.242237091064453125e+00,1.193593621253967285e+00,9.485564827919006348e-01,1.149045109748840332e+00,1.048571109771728516e+00,1.406740069389343262e+00,1.369087338447570801e+00,9.993991851806640625e-01,8.162448406219482422e-01,5.536158680915832520e-01,4.994120895862579346e-01,6.604578495025634766e-01,7.885478138923645020e-01,1.122765302658081055e+00,1.314395666122436523e+00,1.625851750373840332e+00,1.923498988151550293e+00,2.153177976608276367e+00,2.513089656829833984e+00,2.757910728454589844e+00,3.130134582519531250e+00
3.674710512161254883e+00,3.381551742553710938e+00,3.071915388107299805e+00,2.741785526275634766e+00,2.413934707641601562e+00,2.104343175888061523e+00,1.787087440490722656e+00,1.527285575866699219e+00,1.229971647262573242e+00,9.387263655662536621e-01,6.257332563400268555e-01,3.849855363368988037e-01,0.000000000000000000e+00,3.873195052146911621e-01,6.535098552703857422e-01,1.185519933700561523e+00,1.031283259391784668e+00,6.843084096908569336e-01,8.221407532691955566e-01,6.818737387657165527e-01,1.014255642890930176e+00,1.154533743858337402e+00,1.428078174591064453e+00,1.729004025459289551e+00,1.921900272369384766e+00,2.281681776046752930e+00,2.461710453033447266e+00,2.794577836990356445e+00,3.039918184280395508e+00,3.353224992752075195e+00,1.495904684066772461e+00,1.294135689735412598e+00,1.091776967048645020e+00,1.218263626098632812e+00,1.095558762550354004e+00,1.439240574836730957e+00,1.460465669631958008e+00,1.806561946868896484e+00,2.032324790954589844e+00,2.201041698455810547e+00,2.535721302032470703e+00,2.612868547439575195e+00,3.000045537948608398e+00,3.132098197937011719e+00,3.513167381286621094e+00,3.829983711242675781e+00,3.519805669784545898e+00,3.217879772186279297e+00,2.957368135452270508e+00,2.599017858505249023e+00,2.428363323211669922e+00,2.051254749298095703e+00,1.971726775169372559e+00,1.701407790184020996e+00,1.532026410102844238e+00,1.418474435806274414e+00,1.109208822250366211e+00,1.194551706314086914e+00,9.708259105682373047e-01,1.259095788002014160e+00,1.048882484436035156e+00,6.598588228225708008e-01,5.958506464958190918e-01,4.461151957511901855e-01,6.498511433601379395e-01,8.872925639152526855e-01,1.118065714836120605e+00,1.428155422210693359e+00,1.649372577667236328e+00,1.966229319572448730e+00,2.266911506652832031e+00,2.514325857162475586e+00,2.869451045989990234e+00,3.127133846282958984e+00,3.495368480682373047e+00
3.938606739044189453e+00,3.640027284622192383e+00,3.325387001037597656e+00,3.011340856552124023e+00,2.666422843933105469e+00,2.386182069778442383e+00,2.044073343276977539e+00,1.823757767677307129e+00,1.531119227409362793e+00,1.240184068679809570e+00,9.670284986495971680e-01,6.346533894538879395e-01,3.873195052146911621e-01,0.000000000000000000e+00,3.888794183731079102e-01,8.278471231460571289e-01,6.492286324501037598e-01,3.409166038036346436e-01,6.073516011238098145e-01,6.672676205635070801e-01,1.046618342399597168e+00,1.271455883979797363e+00,1.569764256477355957e+00,1.876049280166625977e+00,2.113496780395507812e+00,2.453289747238159180e+00,2.671770811080932617e+00,3.003462791442871094e+00,3.261361122131347656e+00,3.582692623138427734e+00,1.129358530044555664e+00,9.758692383766174316e-01,7.831016182899475098e-01,1.003451585769653320e+00,9.817898273468017578e-01,1.364531159400939941e+00,1.484653115272521973e+00,1.821262359619140625e+00,2.095305681228637695e+00,2.285463571548461914e+00,2.637734174728393555e+00,2.756189823150634766e+00,3.142414808273315430e+00,3.310564517974853516e+00,3.686056613922119141e+00,4.015503406524658203e+00,3.694728374481201172e+00,3.401550292968750000e+00,3.111356496810913086e+00,2.766246795654296875e+00,2.553537845611572266e+00,2.182025432586669922e+00,2.058295011520385742e+00,1.743841648101806641e+00,1.567972183227539062e+00,1.365958333015441895e+00,1.067195773124694824e+00,1.043671011924743652e+00,7.959858179092407227e-01,1.031918764114379883e+00,9.201611280441284180e-01,5.661441683769226074e-01,5.590373873710632324e-01,6.529327034950256348e-01,8.282933235168457031e-01,1.159029841423034668e+00,1.354718565940856934e+00,1.695320844650268555e+00,1.929164171218872070e+00,2.220524311065673828e+00,2.537931203842163086e+00,2.750153303146362305e+00,3.119622707366943359e+00,3.350114583969116211e+00,3.727401494979858398e+00
4.302153587341308594e+00,4.008082866668701172e+00,3.692909002304077148e+00,3.373710155487060547e+00,3.034100055694580078e+00,2.741291999816894531e+00,2.410079956054687500e+00,2.168321847915649414e+00,1.874508738517761230e+00,1.578304052352905273e+00,1.278386592864990234e+00,9.873522520065307617e-01,6.535098552703857422e-01,3.888794183731079102e-01,0.000000000000000000e+00,6.500310301780700684e-01,6.489321589469909668e-01,5.069437026977539062e-01,8.841897845268249512e-01,1.030591368675231934e+00,1.390962719917297363e+00,1.644756674766540527e+00,1.922639727592468262e+00,2.245150804519653320e+00,2.467875242233276367e+00,2.812052965164184570e+00,3.035418748855590820e+00,3.359410285949707031e+00,3.625915288925170898e+00,3.937921285629272461e+00,1.095515966415405273e+00,1.049672126770019531e+00,9.665697813034057617e-01,1.274879336357116699e+00,1.328047275543212891e+00,1.717197656631469727e+00,1.864871382713317871e+00,2.196262836456298828e+00,2.479132652282714844e+00,2.668598175048828125e+00,3.023527622222900391e+00,3.139716863632202148e+00,3.525729417800903320e+00,3.689186334609985352e+00,4.063615798950195312e+00,4.401315212249755859e+00,4.079689025878906250e+00,3.787556648254394531e+00,3.499612808227539062e+00,3.154019117355346680e+00,2.941890001296997070e+00,2.570581197738647461e+00,2.440654039382934570e+00,2.123076200485229492e+00,1.933994174003601074e+00,1.707031130790710449e+00,1.394406318664550781e+00,1.292368173599243164e+00,9.756813645362854004e-01,1.076017022132873535e+00,7.471766471862792969e-01,4.640198349952697754e-01,6.916901469230651855e-01,8.947910666465759277e-01,1.158385992050170898e+00,1.482418537139892578e+00,1.717347860336303711e+00,2.042892932891845703e+00,2.283881187438964844e+00,2.584043979644775391e+00,2.898766279220581055e+00,3.124800920486450195e+00,3.490291357040405273e+00,3.729670763015747070e+00,4.104779243469238281e+00
4.625351905822753906e+00,4.341070175170898438e+00,4.009308815002441406e+00,3.726035833358764648e+00,3.362210988998413086e+00,3.116655826568603516e+00,2.765113115310668945e+00,2.568372011184692383e+00,2.312059164047241211e+00,1.998451709747314453e+00,1.771357774734497070e+00,1.413547635078430176e+00,1.185519933700561523e+00,8.278471231460571289e-01,6.500310301780700684e-01,0.000000000000000000e+00,3.836873769760131836e-01,5.991818308830261230e-01,8.901396393775939941e-01,1.226810216903686523e+00,1.514925241470336914e+00,1.850816845893859863e+00,2.103353261947631836e+00,2.428444862365722656e+00,2.681453227996826172e+00,2.986602544784545898e+00,3.268431186676025391e+00,3.571147203445434570e+00,3.866085290908813477e+00,4.172931671142578125e+00,8.482759594917297363e-01,1.013594031333923340e+00,9.338574409484863281e-01,1.293290138244628906e+00,1.424448609352111816e+00,1.777658224105834961e+00,2.008740186691284180e+00,2.280741691589355469e+00,2.617514610290527344e+00,2.792945384979248047e+00,3.163054227828979492e+00,3.310591697692871094e+00,3.683611631393432617e+00,3.883069992065429688e+00,4.238133907318115234e+00,4.626125335693359375e+00,4.282671451568603516e+00,4.021970748901367188e+00,3.703366994857788086e+00,3.391652107238769531e+00,3.147721290588378906e+00,2.796425819396972656e+00,2.649661779403686523e+00,2.292840242385864258e+00,2.155730962753295898e+00,1.865130901336669922e+00,1.646530389785766602e+00,1.478277921676635742e+00,1.256747364997863770e+00,1.278022289276123047e+00,1.212291002273559570e+00,1.058391928672790527e+00,1.220968604087829590e+00,1.455361366271972656e+00,1.622968077659606934e+00,1.974756240844726562e+00,2.129593133926391602e+00,2.487252235412597656e+00,2.701412677764892578e+00,2.979225397109985352e+00,3.291842937469482422e+00,3.467236280441284180e+00,3.843654870986938477e+00,4.035580635070800781e+00,4.421029090881347656e+00
4.352971076965332031e+00,4.055514335632324219e+00,3.732683181762695312e+00,3.451999187469482422e+00,3.086610555648803711e+00,2.856431245803833008e+00,2.492225646972656250e+00,2.327600002288818359e+00,2.062127351760864258e+00,1.774190545082092285e+00,1.563687443733215332e+00,1.191395044326782227e+00,1.031283259391784668e+00,6.492286324501037598e-01,6.489321589469909668e-01,3.836873769760131836e-01,0.000000000000000000e+00,3.844399154186248779e-01,6.223115324974060059e-01,9.637166857719421387e-01,1.273004174232482910e+00,1.579805850982666016e+00,1.867822170257568359e+00,2.163567304611206055e+00,2.445859909057617188e+00,2.741660118103027344e+00,3.014729976654052734e+00,3.331521987915039062e+00,3.608573675155639648e+00,3.932464838027954102e+00,6.518164873123168945e-01,7.081785202026367188e-01,5.566104650497436523e-01,9.097238183021545410e-01,1.057463407516479492e+00,1.412644028663635254e+00,1.662611842155456543e+00,1.940149903297424316e+00,2.273189783096313477e+00,2.471496582031250000e+00,2.837172269821166992e+00,3.006987094879150391e+00,3.379409790039062500e+00,3.595753669738769531e+00,3.953020811080932617e+00,4.311337947845458984e+00,3.974644422531127930e+00,3.706678628921508789e+00,3.379066467285156250e+00,3.067568540573120117e+00,2.806070804595947266e+00,2.459831953048706055e+00,2.292137384414672852e+00,1.933441877365112305e+00,1.787832379341125488e+00,1.486388683319091797e+00,1.283076643943786621e+00,1.117451786994934082e+00,9.464144110679626465e-01,1.027636289596557617e+00,1.158836603164672852e+00,9.746336340904235840e-01,1.017593622207641602e+00,1.243255496025085449e+00,1.344262957572937012e+00,1.710839509963989258e+00,1.838419675827026367e+00,2.200267314910888672e+00,2.425050020217895508e+00,2.679390192031860352e+00,3.003706455230712891e+00,3.159792184829711914e+00,3.541424751281738281e+00,3.723587512969970703e+00,4.109595298767089844e+00
4.040769577026367188e+00,3.750502824783325195e+00,3.423621654510498047e+00,3.133668899536132812e+00,2.772594928741455078e+00,2.523870229721069336e+00,2.169966697692871094e+00,1.979218959808349609e+00,1.720023989677429199e+00,1.414605975151062012e+00,1.206184506416320801e+00,8.327118754386901855e-01,6.843084096908569336e-01,3.409166038036346436e-01,5.069437026977539062e-01,5.991818308830261230e-01,3.844399154186248779e-01,0.000000000000000000e+00,3.903489410877227783e-01,6.471660733222961426e-01,9.837496280670166016e-01,1.282906770706176758e+00,1.563602328300476074e+00,1.878708004951477051e+00,2.135900974273681641e+00,2.453233003616333008e+00,2.711501359939575195e+00,3.029556989669799805e+00,3.307774543762207031e+00,3.625157117843627930e+00,9.797917008399963379e-01,9.058914780616760254e-01,6.579985618591308594e-01,9.181428551673889160e-01,9.280900359153747559e-01,1.299187660217285156e+00,1.471642374992370605e+00,1.772242546081542969e+00,2.086094141006469727e+00,2.262793302536010742e+00,2.628452062606811523e+00,2.762778759002685547e+00,3.142843246459960938e+00,3.331329822540283203e+00,3.695776939392089844e+00,4.061501026153564453e+00,3.725371599197387695e+00,3.452729225158691406e+00,3.144287824630737305e+00,2.820228338241577148e+00,2.590681076049804688e+00,2.229780197143554688e+00,2.101750850677490234e+00,1.758426308631896973e+00,1.625640034675598145e+00,1.383874058723449707e+00,1.154032588005065918e+00,1.097224354743957520e+00,9.170281291007995605e-01,1.118592262268066406e+00,1.134738922119140625e+00,8.370013833045959473e-01,8.475157618522644043e-01,9.701426625251770020e-01,1.070795655250549316e+00,1.406423807144165039e+00,1.535802841186523438e+00,1.896459817886352539e+00,2.103459119796752930e+00,2.381185770034790039e+00,2.692723989486694336e+00,2.872066259384155273e+00,3.247436046600341797e+00,3.447355031967163086e+00,3.831329107284545898e+00
3.762589454650878906e+00,3.478764057159423828e+00,3.144985198974609375e+00,2.879027366638183594e+00,2.506921052932739258e+00,2.294400691986083984e+00,1.932730317115783691e+00,1.785588741302490234e+00,1.568928956985473633e+00,1.272423863410949707e+00,1.162909507751464844e+00,7.830931544303894043e-01,8.221407532691955566e-01,6.073516011238098145e-01,8.841897845268249512e-01,8.901396393775939941e-01,6.223115324974060059e-01,3.903489410877227783e-01,0.000000000000000000e+00,3.932167589664459229e-01,6.514065265655517578e-01,9.758915305137634277e-01,1.247538447380065918e+00,1.549282550811767578e+00,1.826920509338378906e+00,2.121279001235961914e+00,2.400118112564086914e+00,2.711469411849975586e+00,2.995195627212524414e+00,3.313994407653808594e+00,1.153126597404479980e+00,1.035578489303588867e+00,6.832563877105712891e-01,7.879480719566345215e-01,6.814309954643249512e-01,1.000757098197937012e+00,1.158785820007324219e+00,1.427018523216247559e+00,1.756777763366699219e+00,1.912077903747558594e+00,2.282683372497558594e+00,2.420767784118652344e+00,2.795068025588989258e+00,2.995148658752441406e+00,3.351696491241455078e+00,3.737894058227539062e+00,3.392735004425048828e+00,3.135732412338256836e+00,2.818695306777954102e+00,2.511987924575805664e+00,2.280578851699829102e+00,1.930344104766845703e+00,1.820669054985046387e+00,1.469297528266906738e+00,1.402132034301757812e+00,1.185485839843750000e+00,1.050660848617553711e+00,1.083617448806762695e+00,1.038905262947082520e+00,1.311537265777587891e+00,1.470834374427795410e+00,1.158283829689025879e+00,1.067886710166931152e+00,1.092363715171813965e+00,1.059928655624389648e+00,1.354251861572265625e+00,1.384413242340087891e+00,1.753909707069396973e+00,1.918800830841064453e+00,2.175834655761718750e+00,2.474073648452758789e+00,2.618428230285644531e+00,2.994907617568969727e+00,3.165974378585815430e+00,3.553053379058837891e+00
3.401311159133911133e+00,3.115022182464599609e+00,2.783749103546142578e+00,2.504929304122924805e+00,2.137681722640991211e+00,1.909580588340759277e+00,1.550727009773254395e+00,1.393508791923522949e+00,1.179054737091064453e+00,8.858652710914611816e-01,8.214947581291198730e-01,4.742542505264282227e-01,6.818737387657165527e-01,6.672676205635070801e-01,1.030591368675231934e+00,1.226810216903686523e+00,9.637166857719421387e-01,6.471660733222961426e-01,3.932167589664459229e-01,0.000000000000000000e+00,3.933105170726776123e-01,6.366868615150451660e-01,9.381332397460937500e-01,1.237907290458679199e+00,1.503138184547424316e+00,1.820577502250671387e+00,2.068598508834838867e+00,2.393598318099975586e+00,2.663533449172973633e+00,2.987084150314331055e+00,1.450099587440490723e+00,1.247900247573852539e+00,8.995629549026489258e-01,8.797789812088012695e-01,6.181468963623046875e-01,8.964114785194396973e-01,9.286671876907348633e-01,1.228154301643371582e+00,1.514109015464782715e+00,1.658728837966918945e+00,2.020570993423461914e+00,2.129130363464355469e+00,2.511915683746337891e+00,2.688483476638793945e+00,3.055888175964355469e+00,3.425086736679077148e+00,3.087411642074584961e+00,2.817322731018066406e+00,2.518725633621215820e+00,2.194812774658203125e+00,1.992132544517517090e+00,1.627884268760681152e+00,1.555825471878051758e+00,1.235963106155395508e+00,1.180829644203186035e+00,1.059314489364624023e+00,9.214021563529968262e-01,1.086655139923095703e+00,1.073578357696533203e+00,1.420688390731811523e+00,1.546456933021545410e+00,1.195409417152404785e+00,1.031490087509155273e+00,9.161719679832458496e-01,8.034895062446594238e-01,1.025137186050415039e+00,1.019486308097839355e+00,1.384675979614257812e+00,1.532532453536987305e+00,1.802072763442993164e+00,2.093814134597778320e+00,2.256138086318969727e+00,2.628881692886352539e+00,2.818001747131347656e+00,3.202685117721557617e+00
3.146654367446899414e+00,2.882612466812133789e+00,2.535621404647827148e+00,2.289933681488037109e+00,1.912983655929565430e+00,1.727339148521423340e+00,1.381321310997009277e+00,1.266615867614746094e+00,1.153077840805053711e+00,8.802248835563659668e-01,9.754990935325622559e-01,7.338614463806152344e-01,1.014255642890930176e+00,1.046618342399597168e+00,1.390962719917297363e+00,1.514925241470336914e+00,1.273004174232482910e+00,9.837496280670166016e-01,6.514065265655517578e-01,3.933105170726776123e-01,0.000000000000000000e+00,3.887759447097778320e-01,5.969995856285095215e-01,9.162269830703735352e-01,1.177510619163513184e+00,1.475615024566650391e+00,1.757852077484130859e+00,2.062466621398925781e+00,2.354348421096801758e+00,2.665633440017700195e+00,1.763687014579772949e+00,1.576785326004028320e+00,1.206918597221374512e+00,1.111520648002624512e+00,7.788085937500000000e-01,8.966386318206787109e-01,8.273274302482604980e-01,1.039442777633666992e+00,1.322651743888854980e+00,1.393270850181579590e+00,1.758240938186645508e+00,1.836231470108032227e+00,2.211176156997680664e+00,2.380132913589477539e+00,2.736500978469848633e+00,3.156671762466430664e+00,2.803380250930786133e+00,2.561079025268554688e+00,2.266942024230957031e+00,1.968773484230041504e+00,1.795803904533386230e+00,1.450869083404541016e+00,1.448801279067993164e+00,1.153045654296875000e+00,1.217122197151184082e+00,1.174227356910705566e+00,1.151868581771850586e+00,1.375543475151062012e+00,1.431336283683776855e+00,1.786209464073181152e+00,1.937542557716369629e+00,1.579428911209106445e+00,1.413195610046386719e+00,1.249725699424743652e+00,1.076757431030273438e+00,1.193228125572204590e+00,1.067274451255798340e+00,1.400802135467529297e+00,1.455921769142150879e+00,1.707968115806579590e+00,1.954951763153076172e+00,2.083615779876708984e+00,2.445286035537719727e+00,2.603170156478881836e+00,2.987542629241943359e+00
