,A1,A2,A3,A4,A5,A6,A7,A8,A9,A10,A11,A12,A13,A14,A15,B1,B2,B3,B4,B5,B6,B7,B8,B9,B10,B11,B12,B13,B14,B15,C1,C2,C3,C4,C5,C6,C7,C8,C9,C10,C11,C12,C13,C14,C15,D1,D2,D3,D4,D5,D6,D7,D8,D9,D10,D11,D12,D13,D14,D15,E1,E2,E3,E4,E5,E6,E7,E8,E9,E10,E11,E12,E13,E14,E15
A1,0.0,0.38524380326271057,0.6027743220329285,0.9183911085128784,1.2505817413330078,1.5405162572860718,1.8546055555343628,2.129271984100342,2.433438539505005,2.6667752265930176,3.018942356109619,3.1471168994903564,3.499048948287964,3.7209420204162598,4.0353007316589355,0.9873696565628052,0.8668918013572693,1.1063176393508911,1.3552145957946777,1.5399659872055054,1.8990625143051147,2.079632520675659,2.4326112270355225,2.6608726978302,2.852141857147217,3.1918106079101562,3.203465223312378,3.54836106300354,3.7168824672698975,4.023661136627197,4.456496238708496,4.130566596984863,3.8878140449523926,3.547203779220581,3.250821828842163,2.970797061920166,2.6495373249053955,2.4266533851623535,2.0819408893585205,1.8939399719238281,1.5188757181167603,1.4331260919570923,1.1473150253295898,1.0268406867980957,0.9219990372657776,1.4020583629608154,1.4510431289672852,1.282793641090393,1.5850005149841309,1.575218677520752,1.9117153882980347,2.049614429473877,2.3160347938537598,2.63861083984375,2.6928958892822266,3.0465471744537354,3.057809829711914,3.376404047012329,3.5229713916778564,3.8079774379730225,4.4130167961120605,4.037990093231201,3.8954389095306396,3.5940608978271484,3.335503578186035,3.1441805362701416,2.819465398788452,2.7587921619415283,2.4284651279449463,2.3296713829040527,2.059812068939209,1.8728904724121094,1.7890651226043701,1.5342940092086792,1.6329481601715088
A2,0.38524380326271057,0.0,0.3757120370864868,0.6351045966148376,0.9583521485328674,1.2645281553268433,1.5508677959442139,1.850493311882019,2.1295998096466064,2.3735721111297607,2.714451789855957,2.829139232635498,3.1895880699157715,3.3964335918426514,3.722449779510498,1.1265090703964233,0.8847153186798096,1.035542368888855,1.2102296352386475,1.318027377128601,1.6759705543518066,1.803777813911438,2.169869899749756,2.3711307048797607,2.552180051803589,2.8801231384277344,2.868393898010254,3.2155864238739014,3.366593837738037,3.6765520572662354,4.129124641418457,3.8038017749786377,3.5523853302001953,3.2226595878601074,2.9120569229125977,2.645512580871582,2.312474489212036,2.100667715072632,1.7646924257278442,1.5491153001785278,1.1794670820236206,1.0591225624084473,0.7669939994812012,0.6559107303619385,0.6109918355941772,1.364345669746399,1.3317979574203491,1.086441159248352,1.3210761547088623,1.2481420040130615,1.5656765699386597,1.6830329895019531,1.9408317804336548,2.2617499828338623,2.3096506595611572,2.6639959812164307,2.6825153827667236,3.0020034313201904,3.1604013442993164,3.4469234943389893,4.039429187774658,3.6651766300201416,3.5225532054901123,3.216033935546875,2.963329315185547,2.7688112258911133,2.450155735015869,2.395423650741577,2.0688960552215576,1.994495153427124,1.7473158836364746,1.5822352170944214,1.5567857027053833,1.3481085300445557,1.5236036777496338
A3,0.6027743220329285,0.3757120370864868,0.0,0.3890785872936249,0.6557918190956116,0.9768382906913757,1.2678401470184326,1.5570889711380005,1.8622263669967651,2.077552318572998,2.433445930480957,2.5508759021759033,2.9016096591949463,3.123091459274292,3.4344072341918945,0.9129568338394165,0.5918015241622925,0.7075979113578796,0.8382940292358398,0.9733937978744507,1.3225607872009277,1.4843344688415527,1.8411905765533447,2.0595617294311523,2.259625196456909,2.596285581588745,2.6197550296783447,2.9689745903015137,3.146864891052246,3.4609498977661133,3.8756284713745117,3.542768955230713,3.312469005584717,2.9702610969543457,2.6815555095672607,2.4112625122070312,2.088289737701416,1.8938044309616089,1.5387755632400513,1.3841782808303833,1.0226261615753174,0.9387510418891907,0.7679846286773682,0.7067899703979492,0.845261812210083,1.3461188077926636,1.2287029027938843,1.0197349786758423,1.2299224138259888,1.136170506477356,1.4836227893829346,1.5623245239257812,1.8639739751815796,2.154005527496338,2.2044918537139893,2.5472888946533203,2.5361204147338867,2.8674042224884033,2.9937713146209717,3.2970645427703857,3.8863251209259033,3.5141615867614746,3.3549447059631348,3.067857027053833,2.790865421295166,2.622006893157959,2.285597801208496,2.253875255584717,1.9473854303359985,1.8283580541610718,1.5985331535339355,1.3685414791107178,1.351556420326233,1.0953155755996704,1.2964283227920532
A4,0.9183911085128784,0.6351045966148376,0.3890785872936249,0.0,0.38935330510139465,0.6331808567047119,0.9485219717025757,1.2227989435195923,1.5159170627593994,1.7627317905426025,2.1068098545074463,2.2513177394866943,2.6020355224609375,2.8364498615264893,3.1515769958496094,1.1759653091430664,0.803200900554657,0.8825336694717407,0.8313844799995422,0.9153610467910767,1.1951982975006104,1.3085417747497559,1.6677716970443726,1.8340997695922852,2.0657601356506348,2.377392053604126,2.3970513343811035,2.7600033283233643,2.9188170433044434,3.253276824951172,3.542240858078003,3.2215192317962646,2.976661205291748,2.631512403488159,2.342305898666382,2.0554168224334717,1.7411742210388184,1.5223346948623657,1.1694728136062622,1.0219920873641968,0.6589245796203613,0.673740804195404,0.5925489068031311,0.7284752726554871,0.9487776160240173,1.6569623947143555,1.4765671491622925,1.2327748537063599,1.3367984294891357,1.133033275604248,1.4277894496917725,1.4145934581756592,1.702194333076477,1.9578315019607544,1.9553794860839844,2.2778446674346924,2.229055404663086,2.545821189880371,2.6522276401519775,2.9461896419525146,3.566157579421997,3.191190719604492,3.0514955520629883,2.781568765640259,2.519426107406616,2.3866918087005615,2.062060832977295,2.084812641143799,1.812800407409668,1.7297518253326416,1.5717490911483765,1.3444727659225464,1.4291759729385376,1.2133406400680542,1.4866325855255127
A5,1.2505817413330078,0.9583521485328674,0.6557918190956116,0.38935330510139465,0.0,0.3841988444328308,0.6142456531524658,0.9240685701370239,1.218267798423767,1.4258216619491577,1.7793952226638794,1.8980385065078735,2.2484896183013916,2.4765899181365967,2.7875869274139404,1.291817545890808,0.9133002758026123,0.8417975306510925,0.6491298079490662,0.6088533401489258,0.8412081003189087,0.9216772317886353,1.2816354036331177,1.4473587274551392,1.678920865058899,1.9940842390060425,2.028977870941162,2.390446424484253,2.5664892196655273,2.8995168209075928,3.2222461700439453,2.8883635997772217,2.6638150215148926,2.318847179412842,2.0391669273376465,1.773855447769165,1.4552257061004639,1.292417287826538,0.9333504438400269,0.851561427116394,0.5748639106750488,0.5756863355636597,0.7107901573181152,0.8345280289649963,1.1554617881774902,1.6786766052246094,1.4192999601364136,1.1970818042755127,1.2124035358428955,0.9710472226142883,1.2447316646575928,1.1800282001495361,1.4971342086791992,1.71145761013031,1.7240135669708252,2.032489061355591,1.972427487373352,2.3062033653259277,2.3964948654174805,2.713273286819458,3.297565460205078,2.929138660430908,2.7630646228790283,2.5040769577026367,2.216595411300659,2.0981507301330566,1.760481834411621,1.7993501424789429,1.555985450744629,1.4405385255813599,1.3248705863952637,1.064555048942566,1.2047373056411743,1.0202093124389648,1.3408273458480835
A6,1.5405162572860718,1.2645281553268433,0.9768382906913757,0.6331808567047119,0.3841988444328308,0.0,0.37500882148742676,0.5905473828315735,0.9030109643936157,1.1435409784317017,1.4900420904159546,1.6651407480239868,2.0011072158813477,2.2632529735565186,2.5638723373413086,1.5318219661712646,1.1577962636947632,1.1195688247680664,0.8309639692306519,0.8034436702728271,0.868421196937561,0.9112448692321777,1.2220356464385986,1.3174622058868408,1.6059212684631348,1.881946086883545,1.938783884048462,2.3091166019439697,2.4734585285186768,2.8274598121643066,2.9429118633270264,2.6252944469451904,2.3936519622802734,2.0338525772094727,1.7753864526748657,1.4737845659255981,1.1906987428665161,0.9905140399932861,0.625984251499176,0.662345826625824,0.49853262305259705,0.7050468921661377,0.9202819466590881,1.148931622505188,1.4589864015579224,2.055513620376587,1.7820028066635132,1.5689198970794678,1.5436044931411743,1.262115240097046,1.4682679176330566,1.312160611152649,1.5943773984909058,1.7436434030532837,1.6875017881393433,1.94844388961792,1.8207756280899048,2.1270580291748047,2.1665189266204834,2.4702861309051514,3.0985400676727295,2.7305526733398438,2.589402675628662,2.369272232055664,2.0989813804626465,2.0463128089904785,1.7314201593399048,1.845974326133728,1.6649038791656494,1.5795693397521973,1.5466910600662231,1.2939730882644653,1.490144968032837,1.3249456882476807,1.6482739448547363
A7,1.8546055555343628,1.5508677959442139,1.2678401470184326,0.9485219717025757,0.6142456531524658,0.37500882148742676,0.0,0.36740607023239136,0.6126086711883545,0.8237785696983337,1.1673048734664917,1.3066318035125732,1.6538866758346558,1.8991976976394653,2.2085494995117188,1.806732177734375,1.443287968635559,1.321326732635498,0.9932317137718201,0.829021155834198,0.7706452012062073,0.6708803772926331,0.9484320878982544,0.9800926446914673,1.2644684314727783,1.5203795433044434,1.57096529006958,1.942253589630127,2.104268789291382,2.460874557495117,2.6120364665985107,2.2825825214385986,2.059591054916382,1.7078648805618286,1.4439656734466553,1.176163673400879,0.877456545829773,0.7673868536949158,0.4428107738494873,0.579475998878479,0.6228830814361572,0.7649973630905151,1.0857528448104858,1.2956130504608154,1.6422075033187866,2.1708192825317383,1.853893756866455,1.6468466520309448,1.5345033407211304,1.224938154220581,1.3540644645690918,1.1306512355804443,1.3969151973724365,1.4828909635543823,1.4241297245025635,1.6561110019683838,1.5156878232955933,1.833095669746399,1.8631057739257812,2.1874606609344482,2.774414300918579,2.4131455421447754,2.2502238750457764,2.039437770843506,1.7537329196929932,1.7222458124160767,1.410642385482788,1.5586155652999878,1.4304753541946411,1.3499826192855835,1.3950767517089844,1.168056845664978,1.432216763496399,1.346748948097229,1.692177176475525
A8,2.129271984100342,1.850493311882019,1.5570889711380005,1.2227989435195923,0.9240685701370239,0.5905473828315735,0.36740607023239136,0.0,0.3668907880783081,0.5757313966751099,0.9176834225654602,1.138197898864746,1.4466614723205566,1.7414087057113647,2.0212719440460205,2.0062801837921143,1.6585640907287598,1.5608150959014893,1.196125864982605,1.084079384803772,0.9167113304138184,0.8334695100784302,0.989884614944458,0.9452282786369324,1.2851760387420654,1.4858264923095703,1.58464515209198,1.9456684589385986,2.1071128845214844,2.473102569580078,2.382398843765259,2.069397211074829,1.8570469617843628,1.4829288721084595,1.2746210098266602,0.9663699865341187,0.7614951729774475,0.6487624049186707,0.4240276515483856,0.7436103820800781,0.8759563565254211,1.0973577499389648,1.4071860313415527,1.6476935148239136,1.9823682308197021,2.5032711029052734,2.182471513748169,1.9976176023483276,1.8878538608551025,1.58439302444458,1.6920678615570068,1.4372016191482544,1.6692947149276733,1.693171739578247,1.58560311794281,1.7500773668289185,1.5379916429519653,1.81154465675354,1.765281319618225,2.072754144668579,2.689471960067749,2.3388092517852783,2.1979517936706543,2.0457258224487305,1.7788898944854736,1.8263964653015137,1.551584005355835,1.759235143661499,1.6932049989700317,1.6202027797698975,1.7097289562225342,1.4791786670684814,1.7414302825927734,1.6432045698165894,1.9690463542938232
A9,2.433438539505005,2.1295998096466064,1.8622263669967651,1.5159170627593994,1.218267798423767,0.9030109643936157,0.6126086711883545,0.3668907880783081,0.0,0.36713793873786926,0.614338755607605,0.8560208082199097,1.166871428489685,1.4522145986557007,1.7462831735610962,2.363030433654785,2.0104827880859375,1.8965243101119995,1.5355865955352783,1.3720178604125977,1.176568865776062,0.9934277534484863,1.0743610858917236,0.9004680514335632,1.2090178728103638,1.3248016834259033,1.3902524709701538,1.7421993017196655,1.8600090742111206,2.2357239723205566,2.0442118644714355,1.7393155097961426,1.50419282913208,1.1355921030044556,0.9128053784370422,0.6009474992752075,0.42751258611679077,0.4191367030143738,0.4418624937534332,0.7825114727020264,1.0452799797058105,1.2503865957260132,1.5900465250015259,1.847358226776123,2.1823859214782715,2.7596206665039062,2.425490140914917,2.2245774269104004,2.0606837272644043,1.731630802154541,1.7603516578674316,1.4522945880889893,1.617116093635559,1.5675519704818726,1.4093974828720093,1.506856083869934,1.2486423254013062,1.4915297031402588,1.412458062171936,1.7186678647994995,2.3346364498138428,1.9882621765136719,1.8602575063705444,1.7374669313430786,1.4964460134506226,1.6015241146087646,1.3773727416992188,1.6429203748703003,1.6474740505218506,1.6280717849731445,1.7910327911376953,1.6198968887329102,1.9274256229400635,1.8915117979049683,2.2297229766845703
A10,2.6667752265930176,2.3735721111297607,2.077552318572998,1.7627317905426025,1.4258216619491577,1.1435409784317017,0.8237785696983337,0.5757313966751099,0.36713793873786926,0.0,0.37938377261161804,0.5889479517936707,0.8726106882095337,1.1822378635406494,1.4473915100097656,2.4823992252349854,2.1548142433166504,1.9949774742126465,1.616977572441101,1.4281460046768188,1.1480737924575806,0.9459452629089355,0.8934391736984253,0.6549508571624756,0.9742475152015686,1.0538263320922852,1.1927002668380737,1.5186587572097778,1.67904794216156,2.0404584407806396,1.8508325815200806,1.5210037231445312,1.3529248237609863,0.9806952476501465,0.8463722467422485,0.6396691203117371,0.591373085975647,0.750190794467926,0.793445885181427,1.116579532623291,1.3583465814590454,1.5176314115524292,1.870044469833374,2.083552122116089,2.437591791152954,2.8552913665771484,2.5000691413879395,2.341876983642578,2.159367561340332,1.8625746965408325,1.8812707662582397,1.5783356428146362,1.7500801086425781,1.6539362668991089,1.5381871461868286,1.5941617488861084,1.3367018699645996,1.5730082988739014,1.4508575201034546,1.7707953453063965,2.2980172634124756,1.980643630027771,1.8123161792755127,1.7314715385437012,1.4610110521316528,1.6018065214157104,1.386907935142517,1.6556956768035889,1.7079304456710815,1.6430703401565552,1.8342461585998535,1.652158260345459,1.9495292901992798,1.930930733680725,2.2457034587860107
A11,3.018942356109619,2.714451789855957,2.433445930480957,2.1068098545074463,1.7793952226638794,1.4900420904159546,1.1673048734664917,0.9176834225654602,0.614338755607605,0.37938377261161804,0.0,0.3730149269104004,0.5748993158340454,0.900835394859314,1.1560888290405273,2.861394166946411,2.531811475753784,2.372122049331665,1.9955804347991943,1.794908881187439,1.509321928024292,1.2778470516204834,1.171803593635559,0.8583987951278687,1.0906050205230713,1.0346425771713257,1.1493110656738281,1.426185131072998,1.5331307649612427,1.8913931846618652,1.4753921031951904,1.15648353099823,0.9845739006996155,0.6075581312179565,0.5568398237228394,0.4539981484413147,0.6154929399490356,0.8619005680084229,1.0402891635894775,1.3467481136322021,1.6419705152511597,1.8027219772338867,2.1614744663238525,2.389580488204956,2.7381348609924316,3.1957995891571045,2.8350911140441895,2.6695632934570312,2.4572839736938477,2.1499738693237305,2.11555814743042,1.7857826948165894,1.894646406173706,1.7316086292266846,1.5750410556793213,1.540419578552246,1.2383397817611694,1.4008605480194092,1.2051606178283691,1.502173900604248,2.001124620437622,1.7080427408218384,1.5596258640289307,1.550729513168335,1.3285120725631714,1.5539846420288086,1.4195141792297363,1.7328600883483887,1.8554693460464478,1.8351424932479858,2.076850652694702,1.9404550790786743,2.257075548171997,2.2737717628479004,2.589447259902954
A12,3.1471168994903564,2.829139232635498,2.5508759021759033,2.2513177394866943,1.8980385065078735,1.6651407480239868,1.3066318035125732,1.138197898864746,0.8560208082199097,0.5889479517936707,0.3730149269104004,0.0,0.37673676013946533,0.6038911938667297,0.913831889629364,2.9812021255493164,2.6589291095733643,2.453211784362793,2.0914506912231445,1.8363958597183228,1.5442694425582886,1.2583342790603638,1.095179796218872,0.7349545359611511,0.8464263081550598,0.7029724717140198,0.804599404335022,1.0572504997253418,1.1755547523498535,1.526863932609558,1.3852518796920776,1.0192511081695557,0.9000449776649475,0.6117138862609863,0.5563793778419495,0.6692849397659302,0.7549796104431152,1.0836336612701416,1.2457457780838013,1.500349998474121,1.7950321435928345,1.886802315711975,2.258298873901367,2.442798614501953,2.801269769668579,3.166128635406494,2.7927565574645996,2.6422204971313477,2.3897597789764404,2.1023054122924805,2.0229740142822266,1.6972461938858032,1.7811634540557861,1.5719314813613892,1.4632022380828857,1.3986190557479858,1.1444153785705566,1.3255318403244019,1.1650714874267578,1.4913933277130127,1.8507071733474731,1.5785919427871704,1.3622827529907227,1.3504159450531006,1.0899643898010254,1.3210046291351318,1.2094979286193848,1.514548420906067,1.6885491609573364,1.6630407571792603,1.943300724029541,1.8474037647247314,2.1708288192749023,2.244060754776001,2.5506863594055176
A13,3.499048948287964,3.1895880699157715,2.9016096591949463,2.6020355224609375,2.2484896183013916,2.0011072158813477,1.6538866758346558,1.4466614723205566,1.166871428489685,0.8726106882095337,0.5748993158340454,0.37673676013946533,0.0,0.3805699050426483,0.5831117033958435,3.283898115158081,2.974679946899414,2.7673161029815674,2.397454261779785,2.157033920288086,1.8364171981811523,1.575424313545227,1.3561553955078125,1.005629301071167,1.0735810995101929,0.8369385004043579,0.9819188117980957,1.1202014684677124,1.2229312658309937,1.5263687372207642,1.0957530736923218,0.7283650040626526,0.7340278029441833,0.5284512042999268,0.7043104767799377,0.8889073133468628,1.0791089534759521,1.3924933671951294,1.5810152292251587,1.8546725511550903,2.153485059738159,2.259906053543091,2.6303439140319824,2.8170089721679688,3.176449775695801,3.501677989959717,3.124009847640991,2.9923741817474365,2.739274263381958,2.4649147987365723,2.380861759185791,2.0590858459472656,2.1277594566345215,1.8916254043579102,1.7798796892166138,1.661238193511963,1.3971484899520874,1.502573013305664,1.2724515199661255,1.5445740222930908,1.813259482383728,1.6015204191207886,1.400628685951233,1.4860671758651733,1.2786705493927002,1.5628620386123657,1.5088213682174683,1.811760425567627,2.0193424224853516,1.9890633821487427,2.278764247894287,2.1830899715423584,2.492558002471924,2.5645320415496826,2.852860450744629
A14,3.7209420204162598,3.3964335918426514,3.123091459274292,2.8364498615264893,2.4765899181365967,2.2632529735565186,1.8991976976394653,1.7414087057113647,1.4522145986557007,1.1822378635406494,0.900835394859314,0.6038911938667297,0.3805699050426483,0.0,0.3776680529117584,3.5346782207489014,3.2252278327941895,2.9932258129119873,2.6401562690734863,2.3635494709014893,2.0583672523498535,1.761890172958374,1.5328104496002197,1.1804999113082886,1.1270694732666016,0.7980288863182068,0.8578511476516724,0.8826541304588318,0.9257635474205017,1.1933609247207642,0.9884998202323914,0.6074473261833191,0.6921266913414001,0.6821293234825134,0.8309131264686584,1.123396635055542,1.2834892272949219,1.6303834915161133,1.8324464559555054,2.0621471405029297,2.3712284564971924,2.4333159923553467,2.806478977203369,2.9693446159362793,3.3265039920806885,3.6208810806274414,3.239710569381714,3.10969877243042,2.8215787410736084,2.558764934539795,2.4242734909057617,2.1071763038635254,2.1275172233581543,1.8458999395370483,1.7580499649047852,1.5871936082839966,1.3717727661132812,1.4455355405807495,1.2429112195968628,1.5020031929016113,1.5973117351531982,1.4331660270690918,1.1872919797897339,1.309013843536377,1.1246808767318726,1.4281456470489502,1.44431734085083,1.7327197790145874,1.9943164587020874,1.9882436990737915,2.3109238147735596,2.269449234008789,2.585207939147949,2.708770990371704,2.992022752761841
A15,4.0353007316589355,3.722449779510498,3.4344072341918945,3.1515769958496094,2.7875869274139404,2.5638723373413086,2.2085494995117188,2.0212719440460205,1.7462831735610962,1.4473915100097656,1.1560888290405273,0.913831889629364,0.5831117033958435,0.3776680529117584,0.0,3.788288116455078,3.494513511657715,3.25931715965271,2.8995778560638428,2.6391048431396484,2.3083858489990234,2.0402698516845703,1.7707730531692505,1.4392337799072266,1.38334059715271,1.0459277629852295,1.1633334159851074,1.1050057411193848,1.1600663661956787,1.3401644229888916,0.8740992546081543,0.5573920011520386,0.8281408548355103,0.8936271667480469,1.14340341091156,1.4179202318191528,1.61886727809906,1.9500898122787476,2.151258707046509,2.4046192169189453,2.707793712615967,2.783266067504883,3.1565253734588623,3.317502021789551,3.6790249347686768,3.9158904552459717,3.5316355228424072,3.424701690673828,3.144259214401245,2.8975813388824463,2.7749733924865723,2.467388391494751,2.4962785243988037,2.2127914428710938,2.132906436920166,1.9500041007995605,1.733630657196045,1.7716221809387207,1.5337735414505005,1.7411540746688843,1.752895712852478,1.6562708616256714,1.4384739398956299,1.6198654174804688,1.471079707145691,1.7788423299789429,1.807736873626709,2.0806052684783936,2.3468892574310303,2.319305658340454,2.6352932453155518,2.578735113143921,2.8747735023498535,2.9875965118408203,3.250231981277466
B1,0.9873696565628052,1.1265090703964233,0.9129568338394165,1.1759653091430664,1.291817545890808,1.5318219661712646,1.806732177734375,2.0062801837921143,2.363030433654785,2.4823992252349854,2.861394166946411,2.9812021255493164,3.283898115158081,3.5346782207489014,3.788288116455078,0.0,0.3840489983558655,0.5918614268302917,0.895380437374115,1.2206774950027466,1.4978598356246948,1.8126840591430664,2.076040029525757,2.3804855346679688,2.5893218517303467,2.9518041610717773,3.069197177886963,3.3898966312408447,3.6419427394866943,3.931483268737793,4.329810619354248,3.985383987426758,3.8188443183898926,3.454801321029663,3.233898878097534,2.9602904319763184,2.683750867843628,2.520925521850586,2.1571106910705566,2.1234378814697266,1.8006157875061035,1.7706698179244995,1.6724351644515991,1.5615272521972656,1.66640305519104,1.402706265449524,1.3638352155685425,1.406801462173462,1.7126200199127197,1.7695276737213135,2.15407133102417,2.262472152709961,2.6082048416137695,2.867941379547119,2.9580748081207275,3.2835142612457275,3.2460429668426514,3.5888195037841797,3.6624221801757812,3.984365463256836,4.5556159019470215,4.19488525390625,4.003693580627441,3.748878002166748,3.4301581382751465,3.285433292388916,2.9262471199035645,2.884437322616577,2.596897840499878,2.3747494220733643,2.1134376525878906,1.8002500534057617,1.6318954229354858,1.2549660205841064,1.2245349884033203
B2,0.8668918013572693,0.8847153186798096,0.5918015241622925,0.803200900554657,0.9133002758026123,1.1577962636947632,1.443287968635559,1.6585640907287598,2.0104827880859375,2.1548142433166504,2.531811475753784,2.6589291095733643,2.974679946899414,3.2252278327941895,3.494513511657715,0.3840489983558655,0.0,0.3813110888004303,0.6156960129737854,0.9358460307121277,1.23275887966156,1.5190972089767456,1.8137941360473633,2.0918526649475098,2.314500331878662,2.6694204807281494,2.768488645553589,3.1034462451934814,3.3364176750183105,3.6405274868011475,4.0034050941467285,3.6627824306488037,3.4787275791168213,3.116328239440918,2.8813111782073975,2.6034982204437256,2.319150924682617,2.1478731632232666,1.782909870147705,1.7398626804351807,1.417335867881775,1.4000158309936523,1.3235199451446533,1.257681965827942,1.4098036289215088,1.4036809206008911,1.2907533645629883,1.2460758686065674,1.5017529726028442,1.4886220693588257,1.8635776042938232,1.9372988939285278,2.2786753177642822,2.532423973083496,2.6009626388549805,2.923323392868042,2.8779542446136475,3.216254234313965,3.292365550994873,3.610311985015869,4.192735195159912,3.8287651538848877,3.6477391719818115,3.3924176692962646,3.083376169204712,2.946234941482544,2.5915839672088623,2.570272445678711,2.2888760566711426,2.0914862155914307,1.8567262887954712,1.5449060201644897,1.4441300630569458,1.0823200941085815,1.1664031744003296
B3,1.1063176393508911,1.035542368888855,0.7075979113578796,0.8825336694717407,0.8417975306510925,1.1195688247680664,1.321326732635498,1.5608150959014893,1.8965243101119995,1.9949774742126465,2.372122049331665,2.453211784362793,2.7673161029815674,2.9932258129119873,3.25931715965271,0.5918614268302917,0.3813110888004303,0.0,0.39239540696144104,0.641331672668457,0.9577948451042175,1.2447751760482788,1.525766134262085,1.83084237575531,2.0181078910827637,2.3836984634399414,2.4868545532226562,2.805856227874756,3.055647134780884,3.342069149017334,3.8239808082580566,3.468676805496216,3.306208848953247,2.9555983543395996,2.723539113998413,2.4816322326660156,2.189046621322632,2.073951482772827,1.716988205909729,1.6895554065704346,1.4074233770370483,1.3336693048477173,1.3290128707885742,1.2168978452682495,1.4370977878570557,1.223522663116455,1.0304419994354248,1.0271592140197754,1.2429825067520142,1.2599211931228638,1.6338444948196411,1.7187261581420898,2.076185941696167,2.3143293857574463,2.4213151931762695,2.7406365871429443,2.7141904830932617,3.0683505535125732,3.1507413387298584,3.4874703884124756,4.015603065490723,3.6611878871917725,3.4509811401367188,3.1930158138275146,2.8634395599365234,2.7143332958221436,2.3522768020629883,2.309490442276001,2.0356898307800293,1.79978609085083,1.5605186223983765,1.227826476097107,1.1011066436767578,0.7252315282821655,0.8182366490364075
B4,1.3552145957946777,1.2102296352386475,0.8382940292358398,0.8313844799995422,0.6491298079490662,0.8309639692306519,0.9932317137718201,1.196125864982605,1.5355865955352783,1.616977572441101,1.9955804347991943,2.0914506912231445,2.397454261779785,2.6401562690734863,2.8995778560638428,0.895380437374115,0.6156960129737854,0.39239540696144104,0.0,0.3836957514286041,0.6185186505317688,0.9283269047737122,1.2014782428741455,1.4890146255493164,1.7151923179626465,2.0696165561676025,2.194673538208008,2.5232062339782715,2.774874448776245,3.076866626739502,3.452317476272583,3.1008453369140625,2.9437084197998047,2.586766004562378,2.3720552921295166,2.125368118286133,1.8526593446731567,1.7501840591430664,1.4024553298950195,1.437430739402771,1.2102656364440918,1.1988272666931152,1.2933627367019653,1.2750169038772583,1.5611287355422974,1.528012752532959,1.2659721374511719,1.2172445058822632,1.3242793083190918,1.2471812963485718,1.5804674625396729,1.5832113027572632,1.9419934749603271,2.1339833736419678,2.2090981006622314,2.501061201095581,2.436384916305542,2.7823424339294434,2.832982301712036,3.1698997020721436,3.7065036296844482,3.355300188064575,3.1491591930389404,2.9161624908447266,2.585700511932373,2.4770915508270264,2.1188530921936035,2.1260929107666016,1.8941586017608643,1.6630077362060547,1.495620608329773,1.1384060382843018,1.117157220840454,0.7880978584289551,0.9849154949188232
B5,1.5399659872055054,1.318027377128601,0.9733937978744507,0.9153610467910767,0.6088533401489258,0.8034436702728271,0.829021155834198,1.084079384803772,1.3720178604125977,1.4281460046768188,1.794908881187439,1.8363958597183228,2.157033920288086,2.3635494709014893,2.6391048431396484,1.2206774950027466,0.9358460307121277,0.641331672668457,0.3836957514286041,0.0,0.38902634382247925,0.6069707870483398,0.9158934354782104,1.2041959762573242,1.3875614404678345,1.7494255304336548,1.848862648010254,2.1736483573913574,2.4219319820404053,2.716218948364258,3.217820405960083,2.8550257682800293,2.7007219791412354,2.363661527633667,2.1316967010498047,1.927688479423523,1.6341462135314941,1.5908445119857788,1.267499327659607,1.2907772064208984,1.1244535446166992,1.0452735424041748,1.2177492380142212,1.182986855506897,1.5200635194778442,1.4910422563552856,1.1633728742599487,1.0844534635543823,1.0820125341415405,0.9718491435050964,1.2674678564071655,1.254044532775879,1.6170166730880737,1.7909355163574219,1.894525170326233,2.1846730709075928,2.1454262733459473,2.504371166229248,2.5753116607666016,2.9256720542907715,3.4119489192962646,3.0670809745788574,2.8397698402404785,2.595254898071289,2.253443956375122,2.127216100692749,1.7652950286865234,1.7577136754989624,1.535237431526184,1.2890608310699463,1.1456890106201172,0.7827531695365906,0.8304805159568787,0.5955691337585449,0.8921384215354919
B6,1.8990625143051147,1.6759705543518066,1.3225607872009277,1.1951982975006104,0.8412081003189087,0.868421196937561,0.7706452012062073,0.9167113304138184,1.176568865776062,1.1480737924575806,1.509321928024292,1.5442694425582886,1.8364171981811523,2.0583672523498535,2.3083858489990234,1.4978598356246948,1.23275887966156,0.9577948451042175,0.6185186505317688,0.38902634382247925,0.0,0.37184998393058777,0.5836107134819031,0.8870835900306702,1.1109284162521362,1.4629676342010498,1.620010256767273,1.9369374513626099,2.2094333171844482,2.5063655376434326,2.916109800338745,2.551708221435547,2.4292731285095215,2.08920955657959,1.9015166759490967,1.7141964435577393,1.4672112464904785,1.4776201248168945,1.1995701789855957,1.324279546737671,1.256012201309204,1.2437851428985596,1.4883216619491577,1.5114731788635254,1.8654366731643677,1.8338741064071655,1.4869168996810913,1.4337729215621948,1.369645357131958,1.2303093671798706,1.4514986276626587,1.3607597351074219,1.7037583589553833,1.8017265796661377,1.8833394050598145,2.123236656188965,2.040743350982666,2.386775016784668,2.4092230796813965,2.763453245162964,3.229757308959961,2.8989908695220947,2.6627037525177,2.459066867828369,2.1076300144195557,2.036853313446045,1.6874895095825195,1.7328885793685913,1.5839686393737793,1.3286024332046509,1.2811553478240967,0.9289389848709106,1.0408530235290527,0.8818597793579102,1.1424145698547363
B7,2.079632520675659,1.803777813911438,1.4843344688415527,1.3085417747497559,0.9216772317886353,0.9112448692321777,0.6708803772926331,0.8334695100784302,0.9934277534484863,0.9459452629089355,1.2778470516204834,1.2583342790603638,1.575424313545227,1.761890172958374,2.0402698516845703,1.8126840591430664,1.5190972089767456,1.2447751760482788,0.9283269047737122,0.6069707870483398,0.37184998393058777,0.0,0.3740605413913727,0.605220377445221,0.801546037197113,1.151147723197937,1.2686599493026733,1.5992698669433594,1.8536659479141235,2.159175157546997,2.642876148223877,2.2721900939941406,2.139383316040039,1.8203181028366089,1.6083074808120728,1.4653780460357666,1.2021127939224243,1.2790699005126953,1.0554821491241455,1.1744939088821411,1.1949354410171509,1.154049277305603,1.4602278470993042,1.5051153898239136,1.8783289194107056,1.958138346672058,1.5891246795654297,1.488218903541565,1.326514482498169,1.1268434524536133,1.2554833889007568,1.1012758016586304,1.4168312549591064,1.4691729545593262,1.5518834590911865,1.7743518352508545,1.7019745111465454,2.0532772541046143,2.090411424636841,2.4529008865356445,2.883091449737549,2.5557355880737305,2.307663917541504,2.097205877304077,1.7408782243728638,1.669739007949829,1.3241758346557617,1.3887518644332886,1.2796498537063599,1.046873927116394,1.088022232055664,0.7982310652732849,1.0299808979034424,1.0057637691497803,1.312307357788086
B8,2.4326112270355225,2.169869899749756,1.8411905765533447,1.6677716970443726,1.2816354036331177,1.2220356464385986,0.9484320878982544,0.989884614944458,1.0743610858917236,0.8934391736984253,1.171803593635559,1.095179796218872,1.3561553955078125,1.5328104496002197,1.7707730531692505,2.076040029525757,1.8137941360473633,1.525766134262085,1.2014782428741455,0.9158934354782104,0.5836107134819031,0.3740605413913727,0.0,0.3646564185619354,0.5518314838409424,0.894221305847168,1.1000785827636719,1.3916583061218262,1.6895935535430908,1.9752153158187866,2.446385622024536,2.0692503452301025,1.993911862373352,1.6915900707244873,1.545347809791565,1.4586148262023926,1.268514633178711,1.4206246137619019,1.2686294317245483,1.4499516487121582,1.5257866382598877,1.5086348056793213,1.827897310256958,1.8739982843399048,2.2477588653564453,2.2257578372955322,1.8480896949768066,1.7928667068481445,1.6120549440383911,1.4434473514556885,1.5258183479309082,1.3542195558547974,1.631274938583374,1.6105884313583374,1.6955223083496094,1.8560487031936646,1.7612022161483765,2.090468645095825,2.082371473312378,2.445908546447754,2.8126227855682373,2.5130441188812256,2.2430989742279053,2.079385280609131,1.7132080793380737,1.6929078102111816,1.3799816370010376,1.4705735445022583,1.442325234413147,1.19614839553833,1.2993335723876953,1.043956995010376,1.252194881439209,1.259299874305725,1.5129055976867676
B9,2.6608726978302,2.3711307048797607,2.0595617294311523,1.8340997695922852,1.4473587274551392,1.3174622058868408,0.9800926446914673,0.9452282786369324,0.9004680514335632,0.6549508571624756,0.8583987951278687,0.7349545359611511,1.005629301071167,1.1804999113082886,1.4392337799072266,2.3804855346679688,2.0918526649475098,1.83084237575531,1.4890146255493164,1.2041959762573242,0.8870835900306702,0.605220377445221,0.3646564185619354,0.0,0.3722399175167084,0.6193863749504089,0.8328447341918945,1.1429500579833984,1.4137475490570068,1.7260853052139282,2.0887606143951416,1.7109590768814087,1.63125479221344,1.338794231414795,1.2044727802276611,1.162889838218689,1.0188977718353271,1.2411428689956665,1.182105541229248,1.3969206809997559,1.560352087020874,1.576019048690796,1.9284181594848633,2.024602174758911,2.4001307487487793,2.521381378173828,2.141688346862793,2.047027587890625,1.8261489868164062,1.605413556098938,1.6150625944137573,1.3735220432281494,1.5875601768493652,1.493470549583435,1.5269315242767334,1.6254990100860596,1.4915099143981934,1.7950177192687988,1.7560046911239624,2.116105318069458,2.4693171977996826,2.1772429943084717,1.9115588665008545,1.7798433303833008,1.425236463546753,1.4684275388717651,1.1982091665267944,1.3650126457214355,1.4165360927581787,1.2432072162628174,1.4353861808776855,1.2510989904403687,1.5207995176315308,1.569714903831482,1.8478809595108032
B10,2.852141857147217,2.552180051803589,2.259625196456909,2.0657601356506348,1.678920865058899,1.6059212684631348,1.2644684314727783,1.2851760387420654,1.2090178728103638,0.9742475152015686,1.0906050205230713,0.8464263081550598,1.0735810995101929,1.1270694732666016,1.38334059715271,2.5893218517303467,2.314500331878662,2.0181078910827637,1.7151923179626465,1.3875614404678345,1.1109284162521362,0.801546037197113,0.5518314838409424,0.3722399175167084,0.0,0.374713271856308,0.5730381608009338,0.8400965929031372,1.1502103805541992,1.4251710176467896,2.1008832454681396,1.7153527736663818,1.6710373163223267,1.4476054906845093,1.315226435661316,1.3691596984863281,1.2258086204528809,1.4955042600631714,1.4629089832305908,1.6247875690460205,1.7929036617279053,1.7442896366119385,2.0934834480285645,2.1440987586975098,2.5165176391601562,2.543081521987915,2.1572699546813965,2.0802106857299805,1.8119890689849854,1.624800205230713,1.5732982158660889,1.3522785902023315,1.5270864963531494,1.3912310600280762,1.4881160259246826,1.563724160194397,1.4940383434295654,1.7984789609909058,1.795377254486084,2.1597161293029785,2.39479923248291,2.1294212341308594,1.8205790519714355,1.6779756546020508,1.305464506149292,1.3145473003387451,1.0672298669815063,1.186293601989746,1.2906147241592407,1.1043341159820557,1.3423627614974976,1.2293188571929932,1.4973442554473877,1.6285474300384521,1.88532292842865
B11,3.1918106079101562,2.8801231384277344,2.596285581588745,2.377392053604126,1.9940842390060425,1.881946086883545,1.5203795433044434,1.4858264923095703,1.3248016834259033,1.0538263320922852,1.0346425771713257,0.7029724717140198,0.8369385004043579,0.7980288863182068,1.0459277629852295,2.9518041610717773,2.6694204807281494,2.3836984634399414,2.0696165561676025,1.7494255304336548,1.4629676342010498,1.151147723197937,0.894221305847168,0.6193863749504089,0.374713271856308,0.0,0.36440831422805786,0.5537615418434143,0.8635722398757935,1.1391276121139526,1.7858176231384277,1.4026950597763062,1.4013793468475342,1.241454005241394,1.1683533191680908,1.3184455633163452,1.2588080167770386,1.5823419094085693,1.6328346729278564,1.812588095664978,2.0350277423858643,2.0079877376556396,2.369724988937378,2.446535587310791,2.815239429473877,2.8992233276367188,2.5140540599823,2.4261488914489746,2.136871814727783,1.9333090782165527,1.8306034803390503,1.5775104761123657,1.6818902492523193,1.4704879522323608,1.528160572052002,1.5124783515930176,1.4192242622375488,1.6682754755020142,1.6255781650543213,1.9720395803451538,2.1218502521514893,1.8920985460281372,1.571940541267395,1.491066813468933,1.144589900970459,1.2385084629058838,1.0875743627548218,1.2614128589630127,1.4559515714645386,1.3376247882843018,1.6267778873443604,1.5656819343566895,1.847690463066101,1.9983100891113281,2.2546768188476562
B12,3.203465223312378,2.868393898010254,2.6197550296783447,2.3970513343811035,2.028977870941162,1.938783884048462,1.57096529006958,1.58464515209198,1.3902524709701538,1.1927002668380737,1.1493110656738281,0.804599404335022,0.9819188117980957,0.8578511476516724,1.1633334159851074,3.069197177886963,2.768488645553589,2.4868545532226562,2.194673538208008,1.848862648010254,1.620010256767273,1.2686599493026733,1.1000785827636719,0.8328447341918945,0.5730381608009338,0.36440831422805786,0.0,0.37440842390060425,0.5920023322105408,0.9122081995010376,1.7974132299423218,1.4275130033493042,1.3723750114440918,1.2636030912399292,1.1180320978164673,1.3159641027450562,1.2215712070465088,1.559842824935913,1.6393017768859863,1.7593172788619995,2.0027050971984863,1.9402732849121094,2.2985143661499023,2.3724136352539062,2.7274863719940186,2.896244764328003,2.518360137939453,2.395197868347168,2.0695626735687256,1.8468868732452393,1.6764178276062012,1.408109188079834,1.4425294399261475,1.1844226121902466,1.250732660293579,1.2070937156677246,1.1699864864349365,1.4220736026763916,1.4428731203079224,1.7910444736480713,1.891473650932312,1.6561810970306396,1.3156603574752808,1.1863539218902588,0.8285843729972839,0.8926562666893005,0.7876468300819397,0.9705247282981873,1.2241401672363281,1.180674433708191,1.5168284177780151,1.5372998714447021,1.8517335653305054,2.0526604652404785,2.3298046588897705
B13,3.54836106300354,3.2155864238739014,2.9689745903015137,2.7600033283233643,2.390446424484253,2.3091166019439697,1.942253589630127,1.9456684589385986,1.7421993017196655,1.5186587572097778,1.426185131072998,1.0572504997253418,1.1202014684677124,0.8826541304588318,1.1050057411193848,3.3898966312408447,3.1034462451934814,2.805856227874756,2.5232062339782715,2.1736483573913574,1.9369374513626099,1.5992698669433594,1.3916583061218262,1.1429500579833984,0.8400965929031372,0.5537615418434143,0.37440842390060425,0.0,0.376933753490448,0.5905598998069763,1.7742520570755005,1.427467703819275,1.4501632452011108,1.429400086402893,1.352473497390747,1.6073880195617676,1.5599788427352905,1.9097295999526978,2.0083837509155273,2.128307819366455,2.374128818511963,2.299525499343872,2.652212619781494,2.707073926925659,3.0569491386413574,3.149486780166626,2.773393154144287,2.6741819381713867,2.3356311321258545,2.145092487335205,1.9512038230895996,1.7098231315612793,1.708821177482605,1.4237127304077148,1.512092113494873,1.4137080907821655,1.4083622694015503,1.6023311614990234,1.6117947101593018,1.925961971282959,1.8685659170150757,1.7000856399536133,1.3375149965286255,1.2666161060333252,0.9660904407501221,1.0479815006256104,1.0413825511932373,1.1723552942276,1.4654216766357422,1.4255588054656982,1.7638516426086426,1.8158814907073975,2.103888750076294,2.331000804901123,2.5800621509552
