,A1,A2,A3,A4,A5,A6,A7,A8,A9,A10,A11,A12,A13,A14,A15,B1,B2,B3,B4,B5,B6,B7,B8,B9,B10,B11,B12,B13,B14,B15,C1,C2,C3,C4,C5,C6,C7,C8,C9,C10,C11,C12,C13,C14,C15,D1,D2,D3,D4,D5,D6,D7,D8,D9,D10,D11,D12,D13,D14,D15,E1,E2,E3,E4,E5,E6,E7,E8,E9,E10,E11,E12,E13,E14,E15
A1,0.0,0.3772077262401581,0.6031779050827026,0.9172202944755554,1.2561501264572144,1.527724027633667,1.838976263999939,2.119976282119751,2.418626070022583,2.7109298706054688,3.0398387908935547,3.2229177951812744,3.595200538635254,3.79915452003479,4.153559684753418,4.28479528427124,3.96891450881958,3.7354416847229004,3.379718542098999,3.0995612144470215,2.809782028198242,2.5052947998046875,2.2514808177948,1.9141253232955933,1.6990712881088257,1.317604422569275,1.2256443500518799,0.8935872316360474,0.8331265449523926,0.7838063836097717,3.9557085037231445,3.618988513946533,3.4633662700653076,3.0937082767486572,2.884242534637451,2.6162025928497314,2.3423044681549072,2.1755447387695312,1.8237920999526978,1.8243117332458496,1.5046035051345825,1.4952692985534668,1.4171979427337646,1.372511386871338,1.5597459077835083,4.246697425842285,3.8911185264587402,3.7072741985321045,3.4072983264923096,3.1137564182281494,2.9697229862213135,2.6233584880828857,2.5482406616210938,2.193751335144043,2.0964560508728027,1.8631212711334229,1.5577763319015503,1.4865984916687012,1.13515043258667,1.2380577325820923,1.6551034450531006,1.5617544651031494,1.525060772895813,1.7880828380584717,1.7651687860488892,2.1319143772125244,2.216432571411133,2.5515382289886475,2.772303581237793,2.9626147747039795,3.3099701404571533,3.2967920303344727,3.6820149421691895,3.760122060775757,4.080406188964844
A2,0.3772077262401581,0.0,0.38455983996391296,0.6389655470848083,0.9739693999290466,1.2690563201904297,1.5474460124969482,1.8566699028015137,2.1262598037719727,2.4342727661132812,2.7512755393981934,2.918113946914673,3.293696403503418,3.4793167114257812,3.8406081199645996,3.988419532775879,3.6715221405029297,3.4255199432373047,3.080042600631714,2.781350612640381,2.5009753704071045,2.1832950115203857,1.9315043687820435,1.5919805765151978,1.3578455448150635,0.9863810539245605,0.8559573888778687,0.5189834237098694,0.5035673379898071,0.5639485716819763,3.6293551921844482,3.2972328662872314,3.1232516765594482,2.752542018890381,2.530758857727051,2.2543833255767822,1.9768935441970825,1.8001075983047485,1.44855797290802,1.4533625841140747,1.1486386060714722,1.1698405742645264,1.1502772569656372,1.169729232788086,1.4208699464797974,3.8893823623657227,3.530701160430908,3.3587470054626465,3.0610384941101074,2.7781312465667725,2.6497156620025635,2.3111584186553955,2.268505811691284,1.921744704246521,1.8718739748001099,1.6803615093231201,1.3917940855026245,1.4134048223495483,1.1127569675445557,1.3240448236465454,1.6341897249221802,1.485314130783081,1.370575189590454,1.5786064863204956,1.4878582954406738,1.838362693786621,1.8886524438858032,2.2147631645202637,2.4281654357910156,2.602731466293335,2.9499268531799316,2.932013988494873,3.3149759769439697,3.397857189178467,3.71419095993042
A3,0.6031779050827026,0.38455983996391296,0.0,0.38489091396331787,0.6602225303649902,0.9632468223571777,1.254114031791687,1.5459696054458618,1.8443299531936646,2.126979351043701,2.4640486240386963,2.632873296737671,3.0090019702911377,3.2109782695770264,3.562192916870117,3.722412586212158,3.3957924842834473,3.1745989322662354,2.822129249572754,2.5423243045806885,2.2744674682617188,1.9580367803573608,1.7451369762420654,1.3850407600402832,1.2316006422042847,0.8621687293052673,0.7641775012016296,0.5932909846305847,0.5833976864814758,0.8252526521682739,3.4536988735198975,3.1053121089935303,2.94439435005188,2.589364528656006,2.3612442016601562,2.129303455352783,1.8326905965805054,1.7193039655685425,1.3579809665679932,1.410128116607666,1.1570830345153809,1.0919032096862793,1.1483763456344604,1.093078851699829,1.3953876495361328,3.6869659423828125,3.3385324478149414,3.1344451904296875,2.8353254795074463,2.5287556648254395,2.381145715713501,2.028912305831909,1.9574824571609497,1.6132773160934448,1.5234358310699463,1.3369715213775635,1.0240216255187988,1.0665762424468994,0.7829170227050781,1.048985242843628,1.409208059310913,1.1980515718460083,1.113873839378357,1.2913031578063965,1.2277319431304932,1.5948673486709595,1.6590079069137573,2.010918617248535,2.2103002071380615,2.4268109798431396,2.7636752128601074,2.7585561275482178,3.1497135162353516,3.2304797172546387,3.5664620399475098
A4,0.9172202944755554,0.6389655470848083,0.38489091396331787,0.0,0.39442774653434753,0.631775438785553,0.9308532476425171,1.222080111503601,1.5035234689712524,1.8073999881744385,2.126495599746704,2.3137409687042236,2.682410955429077,2.8920915126800537,3.2458810806274414,3.3699824810028076,3.05287504196167,2.8195602893829346,2.4648778438568115,2.185927152633667,1.9036918878555298,1.5966707468032837,1.3683534860610962,1.0156733989715576,0.8763706684112549,0.5117839574813843,0.5411497950553894,0.541090190410614,0.7269948720932007,1.0345622301101685,3.0787668228149414,2.730783224105835,2.5813376903533936,2.224665880203247,2.0172080993652344,1.7946311235427856,1.5193554162979126,1.446865200996399,1.111716628074646,1.2551387548446655,1.0996031761169434,1.088674783706665,1.2652289867401123,1.2733036279678345,1.6230483055114746,3.4056308269500732,3.0554380416870117,2.8493447303771973,2.5743067264556885,2.2569234371185303,2.1512441635131836,1.7956821918487549,1.7776199579238892,1.4722322225570679,1.4099501371383667,1.321511149406433,1.005853533744812,1.1714797019958496,0.9573111534118652,1.261425256729126,1.6424100399017334,1.3661692142486572,1.2512327432632446,1.3189736604690552,1.1707565784454346,1.502676248550415,1.486764669418335,1.8383370637893677,1.9838637113571167,2.191685199737549,2.505955934524536,2.465050220489502,2.8524398803710938,2.904695749282837,3.2410974502563477
A5,1.2561501264572144,0.9739693999290466,0.6602225303649902,0.39442774653434753,0.0,0.38013172149658203,0.5996848344802856,0.913207471370697,1.1958552598953247,1.4761414527893066,1.813101887702942,1.972784399986267,2.349893569946289,2.553415536880493,2.902621030807495,3.076723098754883,2.743328094482422,2.5302629470825195,2.182263135910034,1.9044231176376343,1.6614751815795898,1.3379470109939575,1.1870665550231934,0.8141123652458191,0.8028357028961182,0.5707489848136902,0.5701659321784973,0.7792166471481323,0.8946701884269714,1.2629361152648926,2.8656985759735107,2.507317066192627,2.3475711345672607,2.0148768424987793,1.7779310941696167,1.606143832206726,1.3015415668487549,1.2958797216415405,0.9731029868125916,1.1441621780395508,1.0738551616668701,0.9861595034599304,1.2423553466796875,1.223630428314209,1.5978310108184814,3.082737684249878,2.742974281311035,2.5145926475524902,2.231771469116211,1.9031187295913696,1.7771822214126587,1.415921688079834,1.38648521900177,1.0922702550888062,1.0394506454467773,1.0121867656707764,0.7377488017082214,1.015260100364685,0.9344573616981506,1.2896591424942017,1.5458005666732788,1.2186546325683594,1.0791339874267578,1.0434032678604126,0.8675957918167114,1.1756186485290527,1.150983452796936,1.514827847480774,1.6463544368743896,1.8889588117599487,2.194570541381836,2.1787302494049072,2.57121205329895,2.638526678085327,2.9902005195617676
A6,1.527724027633667,1.2690563201904297,0.9632468223571777,0.631775438785553,0.38013172149658203,0.0,0.37066900730133057,0.5940909385681152,0.906871497631073,1.1892789602279663,1.5180848836898804,1.7281074523925781,2.086296796798706,2.3266706466674805,2.6661064624786377,2.7733352184295654,2.4519686698913574,2.2440876960754395,1.88014554977417,1.6357375383377075,1.3682444095611572,1.0863935947418213,0.942575991153717,0.6098058223724365,0.7380573749542236,0.6259177327156067,0.8076925277709961,1.0585556030273438,1.2487956285476685,1.6062628030776978,2.5958423614501953,2.229682207107544,2.113558769226074,1.7933878898620605,1.6067994832992554,1.487525463104248,1.235122799873352,1.325552225112915,1.0799760818481445,1.3404624462127686,1.3582946062088013,1.3072401285171509,1.5999038219451904,1.590349555015564,1.9660242795944214,2.966951608657837,2.636803388595581,2.387071132659912,2.1449761390686035,1.7895313501358032,1.7112423181533813,1.3487296104431152,1.3607949018478394,1.149243712425232,1.0738961696624756,1.1539896726608276,0.8887327313423157,1.1958918571472168,1.145401120185852,1.4632081985473633,1.8241263628005981,1.4714702367782593,1.3771297931671143,1.2779901027679443,1.09842050075531,1.3401042222976685,1.2454725503921509,1.5918736457824707,1.6378294229507446,1.884728193283081,2.141505718231201,2.0820066928863525,2.4634556770324707,2.4820549488067627,2.839183807373047
A7,1.838976263999939,1.5474460124969482,1.254114031791687,0.9308532476425171,0.5996848344802856,0.37066900730133057,0.0,0.3682544529438019,0.5973027944564819,0.8901740312576294,1.2147326469421387,1.3860328197479248,1.75666081905365,1.9752099514007568,2.32120680809021,2.4776506423950195,2.1438302993774414,1.9350824356079102,1.5869511365890503,1.3207565546035767,1.1000970602035522,0.789577066898346,0.7494626641273499,0.4508410692214966,0.7202669382095337,0.7849764227867126,0.9138829112052917,1.2509856224060059,1.4222605228424072,1.795738697052002,2.324420690536499,1.9567584991455078,1.8158230781555176,1.5172522068023682,1.299717664718628,1.2303723096847534,0.9708575010299683,1.1368467807769775,0.958168625831604,1.2415169477462769,1.3565330505371094,1.2985233068466187,1.6425185203552246,1.658841848373413,2.03661847114563,2.6001646518707275,2.2743377685546875,2.0178771018981934,1.7786686420440674,1.4202947616577148,1.3589115142822266,1.0050654411315918,1.0742533206939697,0.9312695264816284,0.9410430788993835,1.1326930522918701,0.9792311787605286,1.3502694368362427,1.3908342123031616,1.7289260625839233,1.9444478750228882,1.5817636251449585,1.4410611391067505,1.2464599609375,1.0086270570755005,1.1516406536102295,0.9870473742485046,1.3034484386444092,1.2999587059020996,1.5529191493988037,1.7893508672714233,1.7352337837219238,2.1158955097198486,2.144066333770752,2.5085718631744385
A8,2.119976282119751,1.8566699028015137,1.5459696054458618,1.222080111503601,0.913207471370697,0.5940909385681152,0.3682544529438019,0.0,0.3792652189731598,0.6012571454048157,0.9412078261375427,1.1714318990707397,1.5138102769851685,1.7837097644805908,2.1050047874450684,2.206456422805786,1.8775253295898438,1.701462745666504,1.3362700939178467,1.140307903289795,0.928778886795044,0.7167072892189026,0.7738961577415466,0.63264399766922,0.9803343415260315,1.085343360900879,1.2691831588745117,1.592963695526123,1.7756576538085938,2.1472787857055664,2.1663296222686768,1.7893102169036865,1.7085106372833252,1.4567478895187378,1.3028037548065186,1.330255150794983,1.1442636251449585,1.3897926807403564,1.2778346538543701,1.5792611837387085,1.7203447818756104,1.6554367542266846,1.9985942840576172,1.9908161163330078,2.362509250640869,2.5506060123443604,2.2514235973358154,1.9608001708984375,1.7690913677215576,1.387839436531067,1.3598870038986206,1.0320396423339844,1.1061373949050903,1.067875623703003,1.0255059003829956,1.281233787536621,1.1488653421401978,1.5052509307861328,1.5765963792800903,1.8762636184692383,2.1559228897094727,1.7824413776397705,1.694875955581665,1.4742848873138428,1.2853977680206299,1.382400393486023,1.209922432899475,1.4866743087768555,1.4063010215759277,1.6702526807785034,1.8406603336334229,1.7633854150772095,2.1187584400177,2.1020078659057617,2.4715921878814697
A9,2.418626070022583,2.1262598037719727,1.8443299531936646,1.5035234689712524,1.1958552598953247,0.906871497631073,0.5973027944564819,0.3792652189731598,0.0,0.3688241243362427,0.6251267194747925,0.845302164554596,1.1884896755218506,1.440782904624939,1.775880217552185,1.881136178970337,1.5518544912338257,1.3476181030273438,0.9939326643943787,0.7654439210891724,0.5953103303909302,0.4094580113887787,0.6312989592552185,0.6626261472702026,1.0391687154769897,1.2593376636505127,1.4341106414794922,1.7940458059310913,1.9928053617477417,2.3609299659729004,1.8119008541107178,1.4363336563110352,1.342695713043213,1.1189347505569458,0.9771203994750977,1.0842283964157104,0.9666994214057922,1.2851355075836182,1.277665376663208,1.5947397947311401,1.814083218574524,1.7846728563308716,2.1558070182800293,2.1927618980407715,2.5629234313964844,2.2119557857513428,1.9167418479919434,1.631613850593567,1.4813770055770874,1.110156536102295,1.1714755296707153,0.9085096120834351,1.0987564325332642,1.16239595413208,1.2179204225540161,1.5279979705810547,1.4590281248092651,1.8355249166488647,1.9279297590255737,2.2413086891174316,2.44504451751709,2.0754811763763428,1.9464551210403442,1.6824207305908203,1.4433200359344482,1.4493900537490845,1.1989496946334839,1.39462149143219,1.2250499725341797,1.4463961124420166,1.5591838359832764,1.4436289072036743,1.7788585424423218,1.73788321018219,2.106644630432129
A10,2.7109298706054688,2.4342727661132812,2.126979351043701,1.8073999881744385,1.4761414527893066,1.1892789602279663,0.8901740312576294,0.6012571454048157,0.3688241243362427,0.0,0.3858308792114258,0.6048553586006165,0.9245067834854126,1.2198545932769775,1.5180529356002808,1.6520103216171265,1.304294466972351,1.1778135299682617,0.8420214653015137,0.7336629033088684,0.7142950296401978,0.6814807653427124,0.9724925756454468,1.0302692651748657,1.4065064191818237,1.6116139888763428,1.7693923711776733,2.128194570541382,2.298137903213501,2.67427659034729,1.7970448732376099,1.4286783933639526,1.3792474269866943,1.253282904624939,1.1436476707458496,1.3425296545028687,1.2523128986358643,1.5921801328659058,1.6013094186782837,1.8938552141189575,2.1186184883117676,2.0494401454925537,2.4147443771362305,2.4178221225738525,2.774688482284546,2.115335464477539,1.8648043870925903,1.5360625982284546,1.4218742847442627,1.0468488931655884,1.103234887123108,0.902917742729187,1.0605350732803345,1.2231595516204834,1.2512911558151245,1.6032283306121826,1.589231014251709,1.9527430534362793,2.0978307723999023,2.3888587951660156,2.564347267150879,2.1954286098480225,2.0985593795776367,1.8028712272644043,1.612836241722107,1.571500301361084,1.3485673666000366,1.501338243484497,1.2893155813217163,1.5335971117019653,1.5826380252838135,1.4966259002685547,1.794144630432129,1.7455849647521973,2.115391731262207
A11,3.0398387908935547,2.7512755393981934,2.4640486240386963,2.126495599746704,1.813101887702942,1.5180848836898804,1.2147326469421387,0.9412078261375427,0.6251267194747925,0.3858308792114258,0.0,0.38012054562568665,0.6017349362373352,0.9264565706253052,1.2138656377792358,1.2767770290374756,0.9372739791870117,0.7949809432029724,0.4650924503803253,0.4645455777645111,0.5916049480438232,0.7389515042304993,1.0729074478149414,1.2453633546829224,1.608904480934143,1.8691496849060059,2.0435047149658203,2.4113991260528564,2.605931282043457,2.9747517108917236,1.458243727684021,1.1032428741455078,1.1014634370803833,1.0674233436584473,1.047847867012024,1.332555890083313,1.3429194688796997,1.712416410446167,1.7989599704742432,2.1009316444396973,2.368621587753296,2.3347864151000977,2.712242364883423,2.7461190223693848,3.1028311252593994,1.9077670574188232,1.6863540410995483,1.3684914112091064,1.3513904809951782,1.0292786359786987,1.199677586555481,1.1049913167953491,1.3282737731933594,1.5417695045471191,1.6106840372085571,1.973025918006897,1.9713557958602905,2.3379364013671875,2.4780807495117188,2.769714832305908,2.9402036666870117,2.573345899581909,2.4611072540283203,2.1539275646209717,1.9399222135543823,1.8567619323730469,1.5938047170639038,1.6762956380844116,1.394728660583496,1.569106936454773,1.5285731554031372,1.386075496673584,1.6193689107894897,1.5072993040084839,1.8584433794021606
A12,3.2229177951812744,2.918113946914673,2.632873296737671,2.3137409687042236,1.972784399986267,1.7281074523925781,1.3860328197479248,1.1714318990707397,0.845302164554596,0.6048553586006165,0.38012054562568665,0.0,0.3926699161529541,0.6176228523254395,0.9381394386291504,1.2214504480361938,0.8489006757736206,0.7483831644058228,0.5828947424888611,0.5434302091598511,0.8258447051048279,0.9101080894470215,1.2825610637664795,1.4346293210983276,1.7802399396896362,2.0545945167541504,2.171037197113037,2.554736614227295,2.7132465839385986,3.082815647125244,1.4750523567199707,1.1602786779403687,1.0830659866333008,1.1201560497283936,1.0350961685180664,1.361762285232544,1.3641289472579956,1.7318593263626099,1.8491259813308716,2.1083812713623047,2.4030158519744873,2.350708246231079,2.727144956588745,2.7663276195526123,3.1041316986083984,1.57001793384552,1.3698863983154297,1.026163101196289,1.0253000259399414,0.7390202283859253,0.944980800151825,0.9633232951164246,1.2164846658706665,1.4970600605010986,1.6266798973083496,2.0072479248046875,2.0731711387634277,2.447965621948242,2.6282951831817627,2.935434103012085,2.986175537109375,2.633272409439087,2.4939229488372803,2.1541175842285156,1.935879111289978,1.779906153678894,1.5123885869979858,1.5159739255905151,1.1946252584457397,1.3515510559082031,1.2543424367904663,1.161816120147705,1.3668581247329712,1.3048765659332275,1.6593385934829712
A13,3.595200538635254,3.293696403503418,3.0090019702911377,2.682410955429077,2.349893569946289,2.086296796798706,1.75666081905365,1.5138102769851685,1.1884896755218506,0.9245067834854126,0.6017349362373352,0.3926699161529541,0.0,0.39077359437942505,0.614035964012146,0.8536415696144104,0.47563686966896057,0.5024265646934509,0.5285898447036743,0.7048022150993347,1.03611421585083,1.2199831008911133,1.580558180809021,1.7792625427246094,2.1225390434265137,2.41056227684021,2.546041965484619,2.9285497665405273,3.0992820262908936,3.4670827388763428,1.3361761569976807,1.082362413406372,1.0933130979537964,1.2509506940841675,1.262068271636963,1.6263130903244019,1.6905416250228882,2.0622546672821045,2.210902452468872,2.473524808883667,2.7806785106658936,2.7383646965026855,3.11584734916687,3.157414674758911,3.4924943447113037,1.513503909111023,1.3927372694015503,1.0702590942382812,1.1948765516281128,1.00917387008667,1.248022437095642,1.329406976699829,1.5673390626907349,1.8705317974090576,1.9875408411026,2.371731996536255,2.441939115524292,2.808145761489868,2.99263072013855,3.2870540618896484,3.35459303855896,3.002406358718872,2.8753437995910645,2.531691551208496,2.3237874507904053,2.1552085876464844,1.8897613286972046,1.8604711294174194,1.517930507659912,1.626432180404663,1.4496691226959229,1.3323124647140503,1.4348129034042358,1.3079431056976318,1.6131139993667603
A14,3.79915452003479,3.4793167114257812,3.2109782695770264,2.8920915126800537,2.553415536880493,2.3266706466674805,1.9752099514007568,1.7837097644805908,1.440782904624939,1.2198545932769775,0.9264565706253052,0.6176228523254395,0.39077359437942505,0.0,0.3807207942008972,0.913047730922699,0.6084203124046326,0.6235955357551575,0.8022084832191467,0.8843106627464294,1.2584218978881836,1.406578540802002,1.7715238332748413,1.972865343093872,2.2874248027801514,2.5965020656585693,2.6930489540100098,3.0835890769958496,3.237309217453003,3.5964696407318115,1.3248311281204224,1.1446285247802734,1.0788542032241821,1.3001662492752075,1.282294750213623,1.6591360569000244,1.7430604696273804,2.0968520641326904,2.2865495681762695,2.5134851932525635,2.847261428833008,2.812347888946533,3.1867620944976807,3.2512924671173096,3.569763660430908,1.138542890548706,1.0639522075653076,0.7639636993408203,0.9812406897544861,0.9258647561073303,1.2111411094665527,1.390968680381775,1.6581480503082275,1.9830009937286377,2.156698226928711,2.54040789604187,2.647916793823242,3.0225934982299805,3.221174716949463,3.5334889888763428,3.5127434730529785,3.1745283603668213,3.013890266418457,2.6551566123962402,2.428704261779785,2.208254098892212,1.931149959564209,1.8252153396606445,1.4593144655227661,1.4995849132537842,1.2466342449188232,1.1524144411087036,1.1706125736236572,1.0733591318130493,1.3483457565307617
A15,4.153559684753418,3.8406081199645996,3.562192916870117,3.2458810806274414,2.902621030807495,2.6661064624786377,2.32120680809021,2.1050047874450684,1.775880217552185,1.5180529356002808,1.2138656377792358,0.9381394386291504,0.614035964012146,0.3807207942008972,0.0,0.7877792119979858,0.5887495875358582,0.7853179574012756,1.0466991662979126,1.2191369533538818,1.586485505104065,1.766007900238037,2.1284618377685547,2.3355963230133057,2.658061981201172,2.9627525806427,3.0651774406433105,3.4549553394317627,3.6046552658081055,3.967039108276367,1.4670796394348145,1.3570114374160767,1.3579951524734497,1.6274571418762207,1.6476877927780151,2.0287973880767822,2.123283863067627,2.4761440753936768,2.6662797927856445,2.8891916275024414,3.2212159633636475,3.1749985218048096,3.5452609062194824,3.5961990356445312,3.9075934886932373,1.2220178842544556,1.2599916458129883,1.0057194232940674,1.2683205604553223,1.2632603645324707,1.513347864151001,1.7170747518539429,1.9481099843978882,2.2926409244537354,2.4460906982421875,2.8326244354248047,2.954434394836426,3.317430019378662,3.5319364070892334,3.8303864002227783,3.80680251121521,3.472487688064575,3.3299152851104736,2.965366840362549,2.762876033782959,2.533280611038208,2.276256799697876,2.158489942550659,1.7979135513305664,1.8339037895202637,1.5522563457489014,1.4808831214904785,1.4298914670944214,1.3176714181900024,1.5212256908416748
B1,4.28479528427124,3.988419532775879,3.722412586212158,3.3699824810028076,3.076723098754883,2.7733352184295654,2.4776506423950195,2.206456422805786,1.881136178970337,1.6520103216171265,1.2767770290374756,1.2214504480361938,0.8536415696144104,0.913047730922699,0.7877792119979858,0.0,0.3798186182975769,0.6035687327384949,0.9105138182640076,1.2472658157348633,1.5270023345947266,1.8352372646331787,2.134884834289551,2.417468309402466,2.7386090755462646,3.052982807159424,3.2424678802490234,3.6139442920684814,3.832974433898926,4.189284324645996,1.111032247543335,1.0700132846832275,1.2921199798583984,1.5930262804031372,1.78330397605896,2.156003952026367,2.330991744995117,2.6980111598968506,2.898937463760376,3.1868627071380615,3.5122640132904053,3.5171167850494385,3.9024930000305176,3.968360662460327,4.3136115074157715,1.8115333318710327,1.8064560890197754,1.6083539724349976,1.8707196712493896,1.7870972156524658,2.072899580001831,2.1730430126190186,2.4204444885253906,2.715808868408203,2.8158884048461914,3.1959054470062256,3.2324700355529785,3.5913779735565186,3.746886730194092,4.023689270019531,4.177501678466797,3.8177692890167236,3.7022390365600586,3.369568109512329,3.1514360904693604,2.9946839809417725,2.7088558673858643,2.6628518104553223,2.3014259338378906,2.331010103225708,2.082711935043335,1.885262370109558,1.838287115097046,1.5714212656021118,1.7245395183563232
B2,3.96891450881958,3.6715221405029297,3.3957924842834473,3.05287504196167,2.743328094482422,2.4519686698913574,2.1438302993774414,1.8775253295898438,1.5518544912338257,1.304294466972351,0.9372739791870117,0.8489006757736206,0.47563686966896057,0.6084203124046326,0.5887495875358582,0.3798186182975769,0.0,0.38238584995269775,0.6379126310348511,0.959229052066803,1.2657299041748047,1.5384002923965454,1.8648736476898193,2.1175496578216553,2.451586961746216,2.755352258682251,2.926301956176758,3.302647352218628,3.5030558109283447,3.8652825355529785,1.1584988832473755,1.003908395767212,1.150390386581421,1.4027665853500366,1.5297110080718994,1.9053221940994263,2.038123846054077,2.410557270050049,2.5894699096679688,2.8699727058410645,3.1872174739837646,3.171973705291748,3.554464817047119,3.608384370803833,3.9501545429229736,1.6549097299575806,1.6029622554779053,1.3490320444107056,1.5649710893630981,1.4420894384384155,1.7099436521530151,1.800822138786316,2.0413601398468018,2.3393502235412598,2.4414641857147217,2.8231704235076904,2.871495485305786,3.232260227203369,3.3996100425720215,3.6818816661834717,3.8059134483337402,3.448608160018921,3.3315212726593018,2.995100736618042,2.7833869457244873,2.6243391036987305,2.3478312492370605,2.3111517429351807,1.9569365978240967,2.0190954208374023,1.7971857786178589,1.627732515335083,1.6404496431350708,1.4228678941726685,1.6485105752944946
B3,3.7354416847229004,3.4255199432373047,3.1745989322662354,2.8195602893829346,2.5302629470825195,2.2440876960754395,1.9350824356079102,1.701462745666504,1.3476181030273438,1.1778135299682617,0.7949809432029724,0.7483831644058228,0.5024265646934509,0.6235955357551575,0.7853179574012756,0.6035687327384949,0.38238584995269775,0.0,0.3851281404495239,0.6533746719360352,0.9624133706092834,1.2517436742782593,1.5602220296859741,1.844101905822754,2.155014753341675,2.4807887077331543,2.6578080654144287,3.032275676727295,3.25301194190979,3.603943109512329,0.8579607605934143,0.6438186168670654,0.7763356566429138,1.0266408920288086,1.187652349472046,1.5595619678497314,1.7279809713363647,2.0953519344329834,2.298131227493286,2.588545083999634,2.916365385055542,2.936596632003784,3.324317455291748,3.409850835800171,3.7596142292022705,1.5765595436096191,1.454618215560913,1.231877326965332,1.4316266775131226,1.2974694967269897,1.6077266931533813,1.6701267957687378,1.9569560289382935,2.2203257083892822,2.3502795696258545,2.7228150367736816,2.745216131210327,3.120633602142334,3.2577483654022217,3.5580735206604004,3.6943976879119873,3.3338019847869873,3.1894125938415527,2.865172863006592,2.6156017780303955,2.4697108268737793,2.162062644958496,2.1305742263793945,1.7747799158096313,1.8036274909973145,1.6004887819290161,1.3717986345291138,1.407239317893982,1.154031753540039,1.4024263620376587
B4,3.379718542098999,3.080042600631714,2.822129249572754,2.4648778438568115,2.182263135910034,1.88014554977417,1.5869511365890503,1.3362700939178467,0.9939326643943787,0.8420214653015137,0.4650924503803253,0.5828947424888611,0.5285898447036743,0.8022084832191467,1.0466991662979126,0.9105138182640076,0.6379126310348511,0.3851281404495239,0.0,0.39199212193489075,0.6324301958084106,0.9342113137245178,1.2371742725372314,1.5080674886703491,1.836202621459961,2.143148183822632,2.3398354053497314,2.7069966793060303,2.935020685195923,3.289513111114502,1.0272489786148071,0.698406457901001,0.8024481534957886,0.902618944644928,1.034269094467163,1.372864842414856,1.5012470483779907,1.8743661642074585,2.035520553588867,2.3469390869140625,2.64968204498291,2.6645331382751465,3.050783395767212,3.123363971710205,3.48282527923584,1.7886232137680054,1.6021149158477783,1.3418166637420654,1.4441351890563965,1.2158528566360474,1.4848746061325073,1.4645761251449585,1.736143946647644,1.961768388748169,2.0620431900024414,2.4233884811401367,2.4139325618743896,2.784989833831787,2.9044415950775146,3.199119806289673,3.385613441467285,3.019007921218872,2.888456344604492,2.5818769931793213,2.337916612625122,2.2347068786621094,1.9353514909744263,1.9641984701156616,1.6388529539108276,1.721291422843933,1.5973708629608154,1.374173879623413,1.5116240978240967,1.2984572649002075,1.6008249521255493
B5,3.0995612144470215,2.781350612640381,2.5423243045806885,2.185927152633667,1.9044231176376343,1.6357375383377075,1.3207565546035767,1.140307903289795,0.7654439210891724,0.7336629033088684,0.4645455777645111,0.5434302091598511,0.7048022150993347,0.8843106627464294,1.2191369533538818,1.2472658157348633,0.959229052066803,0.6533746719360352,0.39199212193489075,0.0,0.37931281328201294,0.6022080183029175,0.9299136996269226,1.1987581253051758,1.507959008216858,1.8349870443344116,2.005101203918457,2.379852771759033,2.604029655456543,2.952160596847534,1.0904825925827026,0.7295677065849304,0.6502550840377808,0.6182746291160583,0.6601676940917969,0.9937172532081604,1.112086296081543,1.4854482412338257,1.6597713232040405,1.9661506414413452,2.280377149581909,2.3122732639312744,2.7010152339935303,2.7986350059509277,3.1574630737304688,1.68648099899292,1.431984782218933,1.1893051862716675,1.2218282222747803,0.9726477861404419,1.253432035446167,1.2064247131347656,1.519028902053833,1.7102324962615967,1.8550881147384644,2.203709125518799,2.1929163932800293,2.5787198543548584,2.686004400253296,3.0055694580078125,3.146738290786743,2.785609483718872,2.619340419769287,2.3177053928375244,2.038938522338867,1.9335956573486328,1.6103776693344116,1.6380350589752197,1.3227607011795044,1.3898942470550537,1.313579797744751,1.0757306814193726,1.283252239227295,1.1188819408416748,1.4614464044570923
B6,2.809782028198242,2.5009753704071045,2.2744674682617188,1.9036918878555298,1.6614751815795898,1.3682444095611572,1.1000970602035522,0.928778886795044,0.5953103303909302,0.7142950296401978,0.5916049480438232,0.8258447051048279,1.03611421585083,1.2584218978881836,1.586485505104065,1.5270023345947266,1.2657299041748047,0.9624133706092834,0.6324301958084106,0.37931281328201294,0.0,0.37167197465896606,0.6089428067207336,0.9141520261764526,1.2191052436828613,1.5386691093444824,1.757031798362732,2.1125731468200684,2.3707034587860107,2.7107579708099365,1.2431056499481201,0.8688459992408752,0.8236127495765686,0.6208329796791077,0.6830394268035889,0.8923565745353699,0.9966978430747986,1.3489978313446045,1.4848706722259521,1.8263895511627197,2.109370708465576,2.16695499420166,2.5510318279266357,2.6533048152923584,3.0254483222961426,2.0238001346588135,1.7400766611099243,1.5162447690963745,1.4919463396072388,1.2047125101089478,1.4292824268341064,1.28708815574646,1.573000192642212,1.6866627931594849,1.7956703901290894,2.109891891479492,2.036583185195923,2.4129626750946045,2.472142219543457,2.7850964069366455,3.013831615447998,2.6481332778930664,2.4919445514678955,2.2292025089263916,1.9449046850204468,1.9088200330734253,1.5930707454681396,1.693874716758728,1.4366704225540161,1.5258092880249023,1.5321991443634033,1.2867181301116943,1.5409116744995117,1.3821439743041992,1.713990330696106
B7,2.5052947998046875,2.1832950115203857,1.9580367803573608,1.5966707468032837,1.3379470109939575,1.0863935947418213,0.789577066898346,0.7167072892189026,0.4094580113887787,0.6814807653427124,0.7389515042304993,0.9101080894470215,1.2199831008911133,1.406578540802002,1.766007900238037,1.8352372646331787,1.5384002923965454,1.2517436742782593,0.9342113137245178,0.6022080183029175,0.37167197465896606,0.0,0.37621551752090454,0.5975964069366455,0.914203405380249,1.2330923080444336,1.412990927696228,1.7818504571914673,2.020192861557007,2.364950656890869,1.5391651391983032,1.1774232387542725,1.0313419103622437,0.7463479042053223,0.6115537285804749,0.707144558429718,0.6896966695785522,1.036743402481079,1.132704734802246,1.4713879823684692,1.7466857433319092,1.7954622507095337,2.179889440536499,2.286039352416992,2.6573874950408936,2.0534844398498535,1.7337929010391235,1.5106987953186035,1.3956555128097534,1.0814664363861084,1.2436600923538208,1.0428179502487183,1.3245797157287598,1.3846367597579956,1.5179811716079712,1.810873031616211,1.7385666370391846,2.1228485107421875,2.18011212348938,2.512779474258423,2.6908068656921387,2.3318228721618652,2.1521034240722656,1.8964840173721313,1.5938398838043213,1.5718570947647095,1.255779504776001,1.3905789852142334,1.1843829154968262,1.304362177848816,1.3970688581466675,1.2022825479507446,1.5266541242599487,1.454817771911621,1.8071537017822266
B8,2.2514808177948,1.9315043687820435,1.7451369762420654,1.3683534860610962,1.1870665550231934,0.942575991153717,0.7494626641273499,0.7738961577415466,0.6312989592552185,0.9724925756454468,1.0729074478149414,1.2825610637664795,1.580558180809021,1.7715238332748413,2.1284618377685547,2.134884834289551,1.8648736476898193,1.5602220296859741,1.2371742725372314,0.9299136996269226,0.6089428067207336,0.37621551752090454,0.0,0.37612155079841614,0.6173945069313049,0.9507309794425964,1.1888771057128906,1.5264796018600464,1.8137667179107666,2.1356098651885986,1.7106941938400269,1.3679755926132202,1.237298607826233,0.8847407698631287,0.7927141785621643,0.7069835066795349,0.6837522387504578,0.934739887714386,0.9905903935432434,1.3577589988708496,1.5948659181594849,1.6979048252105713,2.0671563148498535,2.1979408264160156,2.5758793354034424,2.3620591163635254,2.0259499549865723,1.839525818824768,1.7091524600982666,1.410896897315979,1.5439621210098267,1.3023483753204346,1.5493661165237427,1.523044228553772,1.6309597492218018,1.8632787466049194,1.723881483078003,2.08699369430542,2.0772974491119385,2.405290365219116,2.659576892852783,2.3080267906188965,2.1263365745544434,1.9271321296691895,1.6138991117477417,1.6647365093231201,1.3670920133590698,1.5501582622528076,1.4123715162277222,1.511143684387207,1.6552892923355103,1.4472694396972656,1.7745580673217773,1.6970314979553223,2.0231266021728516
B9,1.9141253232955933,1.5919805765151978,1.3850407600402832,1.0156733989715576,0.8141123652458191,0.6098058223724365,0.4508410692214966,0.63264399766922,0.6626261472702026,1.0302692651748657,1.2453633546829224,1.4346293210983276,1.7792625427246094,1.972865343093872,2.3355963230133057,2.417468309402466,2.1175496578216553,1.844101905822754,1.5080674886703491,1.1987581253051758,0.9141520261764526,0.5975964069366455,0.37612155079841614,0.0,0.37827348709106445,0.6388874053955078,0.8559508919715881,1.2036670446395874,1.4675633907318115,1.8059874773025513,2.070286273956299,1.7216739654541016,1.568225383758545,1.2201112508773804,1.0408823490142822,0.8948765397071838,0.7060649991035461,0.8675504326820374,0.7780274748802185,1.1338138580322266,1.310891032218933,1.3788219690322876,1.738165020942688,1.8454307317733765,2.2263782024383545,2.5328080654144287,2.1875083446502686,1.9846585988998413,1.7872971296310425,1.467716097831726,1.5090858936309814,1.2074893712997437,1.3867982625961304,1.2788820266723633,1.3635210990905762,1.5476195812225342,1.384364366531372,1.7399405241012573,1.7190433740615845,2.0570006370544434,2.297806978225708,1.9515587091445923,1.7692478895187378,1.5973395109176636,1.2939205169677734,1.4038366079330444,1.155266523361206,1.4085749387741089,1.3585865497589111,1.513895869255066,1.731638789176941,1.595827579498291,1.9606311321258545,1.94698965549469,2.2867300510406494
B10,1.6990712881088257,1.3578455448150635,1.2316006422042847,0.8763706684112549,0.8028357028961182,0.7380573749542236,0.7202669382095337,0.9803343415260315,1.0391687154769897,1.4065064191818237,1.608904480934143,1.7802399396896362,2.1225390434265137,2.2874248027801514,2.658061981201172,2.7386090755462646,2.451586961746216,2.155014753341675,1.836202621459961,1.507959008216858,1.2191052436828613,0.914203405380249,0.6173945069313049,0.37827348709106445,0.0,0.3857614994049072,0.607223629951477,0.920159637928009,1.2309331893920898,1.530517578125,2.2758843898773193,1.953694224357605,1.7748841047286987,1.3983736038208008,1.215445876121521,0.9546285271644592,0.7616806626319885,0.7504227161407471,0.602794349193573,0.945012092590332,1.0788335800170898,1.2308396100997925,1.562251091003418,1.7234070301055908,2.095816135406494,2.736342430114746,2.3754334449768066,2.2179439067840576,2.0062782764434814,1.7248494625091553,1.7591599225997925,1.4658130407333374,1.6353402137756348,1.4676588773727417,1.568708062171936,1.6818300485610962,1.4898943901062012,1.810533881187439,1.7276315689086914,2.0670320987701416,2.3027212619781494,1.9862442016601562,1.7740367650985718,1.663498878479004,1.3418989181518555,1.4922006130218506,1.264809489250183,1.515733242034912,1.5269644260406494,1.6338711977005005,1.8898121118545532,1.7529734373092651,2.1138486862182617,2.1176371574401855,2.4310150146484375
B11,1.317604422569275,0.9863810539245605,0.8621687293052673,0.5117839574813843,0.5707489848136902,0.6259177327156067,0.7849764227867126,1.085343360900879,1.2593376636505127,1.6116139888763428,1.8691496849060059,2.0545945167541504,2.41056227684021,2.5965020656585693,2.9627525806427,3.052982807159424,2.755352258682251,2.4807887077331543,2.143148183822632,1.8349870443344116,1.5386691093444824,1.2330923080444336,0.9507309794425964,0.6388874053955078,0.3857614994049072,0.0,0.38185930252075195,0.6052117347717285,0.9349788427352905,1.233165979385376,2.6438498497009277,2.3133950233459473,2.14955735206604,1.7768830060958862,1.5884007215499878,1.332054615020752,1.1010918617248535,1.0292587280273438,0.7602507472038269,1.0094051361083984,0.9954932332038879,1.1142542362213135,1.3877570629119873,1.51118803024292,1.8789921998977661,3.0665130615234375,2.7066190242767334,2.5334784984588623,2.2921369075775146,1.9956518411636353,1.9688550233840942,1.641788363456726,1.7327241897583008,1.493639349937439,1.5309008359909058,1.558133840560913,1.3078182935714722,1.572107195854187,1.428282380104065,1.752177357673645,2.0502772331237793,1.7525948286056519,1.5683830976486206,1.5353403091430664,1.267776370048523,1.50714910030365,1.3674474954605103,1.6709202527999878,1.751436471939087,1.898194432258606,2.1876230239868164,2.090587854385376,2.463254451751709,2.4876387119293213,2.8066251277923584
B12,1.2256443500518799,0.8559573888778687,0.7641775012016296,0.5411497950553894,0.5701659321784973,0.8076925277709961,0.9138829112052917,1.2691831588745117,1.4341106414794922,1.7693923711776733,2.0435047149658203,2.171037197113037,2.546041965484619,2.6930489540100098,3.0651774406433105,3.2424678802490234,2.926301956176758,2.6578080654144287,2.3398354053497314,2.005101203918457,1.757031798362732,1.412990927696228,1.1888771057128906,0.8559508919715881,0.607223629951477,0.38185930252075195,0.0,0.39251986145973206,0.6285334825515747,0.9537658095359802,2.8432412147521973,2.518451452255249,2.307844877243042,1.942869782447815,1.691527009010315,1.4147685766220093,1.1226035356521606,0.9629399180412292,0.6108972430229187,0.7327625155448914,0.6334960460662842,0.7464531660079956,1.010685920715332,1.1661202907562256,1.5282090902328491,3.0521936416625977,2.6892142295837402,2.532771587371826,2.2517552375793457,1.9843815565109253,1.9111510515213013,1.5960335731506348,1.657989501953125,1.3746522665023804,1.4540220499038696,1.4302842617034912,1.2273238897323608,1.4777021408081055,1.355939269065857,1.7038025856018066,1.8357943296432495,1.5705130100250244,1.3285472393035889,1.3189849853515625,1.0362688302993774,1.2861241102218628,1.1943987607955933,1.4932855367660522,1.6483792066574097,1.7914496660232544,2.122823476791382,2.0813794136047363,2.4617772102355957,2.5441367626190186,2.8602631092071533
B13,0.8935872316360474,0.5189834237098694,0.5932909846305847,0.541090190410614,0.7792166471481323,1.0585556030273438,1.2509856224060059,1.592963695526123,1.7940458059310913,2.128194570541382,2.4113991260528564,2.554736614227295,2.9285497665405273,3.0835890769958496,3.4549553394317627,3.6139442920684814,3.302647352218628,3.032275676727295,2.7069966793060303,2.379852771759033,2.1125731468200684,1.7818504571914673,1.5264796018600464,1.2036670446395874,0.920159637928009,0.6052117347717285,0.39251986145973206,0.0,0.39454180002212524,0.6303437352180481,3.1883251667022705,2.869321823120117,2.668290138244629,2.2946174144744873,2.061237096786499,1.763419508934021,1.4922484159469604,1.2900761365890503,0.9501903057098389,0.9795331358909607,0.7366223335266113,0.8673542141914368,0.9857189059257507,1.135703206062317,1.4537675380706787,3.431126832962036,3.066176176071167,2.9196596145629883,2.633798837661743,2.372512102127075,2.2849631309509277,1.9669392108917236,1.9950979948043823,1.6805553436279297,1.718606948852539,1.6178535223007202,1.3768852949142456,1.5352989435195923,1.329895257949829,1.6321423053741455,1.8158704042434692,1.6051762104034424,1.3923722505569458,1.4860628843307495,1.2714447975158691,1.5649769306182861,1.5323563814163208,1.8302063941955566,2.017324209213257,2.152315139770508,2.4936623573303223,2.455768585205078,2.8310506343841553,2.9140803813934326,3.2192506790161133
