,A1,A2,A3,A4,A5,A6,A7,A8,A9,A10,A11,A12,A13,A14,A15,B1,B2,B3,B4,B5,B6,B7,B8,B9,B10,B11,B12,B13,B14,B15,C1,C2,C3,C4,C5,C6,C7,C8,C9,C10,C11,C12,C13,C14,C15,D1,D2,D3,D4,D5,D6,D7,D8,D9,D10,D11,D12,D13,D14,D15,E1,E2,E3,E4,E5,E6,E7,E8,E9,E10,E11,E12,E13,E14,E15
A1,0.0,0.3915855884552002,0.62205570936203,0.9472408294677734,1.2752161026000977,1.5771547555923462,1.9004977941513062,2.1562917232513428,2.474747896194458,2.7394967079162598,3.0807700157165527,3.3162057399749756,3.674710512161255,3.9386067390441895,4.302153587341309,4.625351905822754,4.352971076965332,4.040769577026367,3.762589454650879,3.401311159133911,3.1466543674468994,2.7876338958740234,2.581141710281372,2.265969753265381,2.0350570678710938,1.8333901166915894,1.4574748277664185,1.3259073495864868,0.9561508297920227,0.9133625626564026,4.70156717300415,4.385560989379883,4.089812278747559,3.8036727905273438,3.4471218585968018,3.2291715145111084,2.8521888256073,2.7164130210876465,2.411435127258301,2.1896140575408936,1.9414896965026855,1.62899911403656,1.4688726663589478,1.1361271142959595,1.1222773790359497,1.0074557065963745,1.0599279403686523,1.0702400207519531,1.4225497245788574,1.5343515872955322,1.9231839179992676,2.1033337116241455,2.4326088428497314,2.7179012298583984,2.9376168251037598,3.296923875808716,3.4464333057403564,3.8295462131500244,4.014437198638916,4.395989418029785,4.565535545349121,4.250734806060791,3.9732210636138916,3.6211419105529785,3.323188066482544,3.0013458728790283,2.6889238357543945,2.4454941749572754,2.104452610015869,1.8909472227096558,1.5318840742111206,1.3559266328811646,1.0273633003234863,0.9078201651573181,0.7372499108314514
A2,0.3915855884552002,0.0,0.3772650957107544,0.6492734551429749,0.984647810459137,1.2926570177078247,1.5981419086456299,1.8775408267974854,2.1713192462921143,2.45558500289917,2.786031723022461,3.021352529525757,3.381551742553711,3.6400272846221924,4.008082866668701,4.341070175170898,4.055514335632324,3.750502824783325,3.478764057159424,3.1150221824645996,2.882612466812134,2.5105035305023193,2.341442584991455,2.0192737579345703,1.830252766609192,1.6614831686019897,1.2830053567886353,1.2511762380599976,0.8981544971466064,1.0165250301361084,4.376733779907227,4.050589084625244,3.7673511505126953,3.474001884460449,3.1269004344940186,2.90863037109375,2.5341949462890625,2.413485050201416,2.096419095993042,1.9103851318359375,1.6679247617721558,1.3892157077789307,1.2817355394363403,1.0117642879486084,1.1092255115509033,0.9497385025024414,0.952014684677124,0.829230785369873,1.1503452062606812,1.210917592048645,1.5913628339767456,1.7673243284225464,2.082331418991089,2.3805301189422607,2.583254098892212,2.9486873149871826,3.0974743366241455,3.4789462089538574,3.6707093715667725,4.047247409820557,4.239707946777344,3.937082290649414,3.6461169719696045,3.300607442855835,2.9923548698425293,2.671759843826294,2.357321262359619,2.103468418121338,1.7779752016067505,1.5346723794937134,1.1841381788253784,0.9831821322441101,0.6399955153465271,0.548495888710022,0.45988014340400696
A3,0.62205570936203,0.3772650957107544,0.0,0.38639602065086365,0.6602789759635925,0.9944489598274231,1.2909302711486816,1.5693243741989136,1.8833757638931274,2.142503261566162,2.4876506328582764,2.707651376724243,3.0719153881073,3.3253870010375977,3.692909002304077,4.009308815002441,3.7326831817626953,3.423621654510498,3.1449851989746094,2.7837491035461426,2.535621404647827,2.1712217330932617,1.9816370010375977,1.664381742477417,1.4582550525665283,1.2930328845977783,0.9103277921676636,0.904176652431488,0.5919422507286072,0.8073416352272034,4.080481052398682,3.7667462825775146,3.4685544967651367,3.186199903488159,2.827362537384033,2.618675708770752,2.238844633102417,2.1218082904815674,1.830167293548584,1.62135648727417,1.4193261861801147,1.1064847707748413,1.0640729665756226,0.7904371619224548,0.9913708567619324,1.0704920291900635,0.9259779453277588,0.7583979964256287,0.9950963258743286,0.9964225888252258,1.3818159103393555,1.512035846710205,1.852347493171692,2.1181485652923584,2.337489604949951,2.6912426948547363,2.8353443145751953,3.219038486480713,3.402066469192505,3.7861030101776123,3.9660167694091797,3.6486308574676514,3.3685173988342285,3.0229697227478027,2.717895984649658,2.4096174240112305,2.084120035171509,1.8636430501937866,1.5187355279922485,1.3181915283203125,0.9786413908004761,0.8015915155410767,0.5797548294067383,0.562800943851471,0.7077546715736389
A4,0.9472408294677734,0.6492734551429749,0.38639602065086365,0.0,0.3823743164539337,0.6440678834915161,0.9683728814125061,1.2294880151748657,1.5317469835281372,1.8112701177597046,2.14320707321167,2.3863980770111084,2.7417855262756348,3.011340856552124,3.3737101554870605,3.7260358333587646,3.4519991874694824,3.133668899536133,2.8790273666381836,2.504929304122925,2.289933681488037,1.9177615642547607,1.7632761001586914,1.476721167564392,1.2901690006256104,1.2236109972000122,0.8580725193023682,0.9885877966880798,0.8046702146530151,1.0794097185134888,3.800492286682129,3.4789328575134277,3.191315174102783,2.923872709274292,2.567570686340332,2.393653392791748,2.011277675628662,1.9509321451187134,1.6775599718093872,1.5209033489227295,1.3881837129592896,1.1164460182189941,1.2010947465896606,1.015051007270813,1.298842191696167,1.3848251104354858,1.2157506942749023,0.955155074596405,1.0769761800765991,0.934109091758728,1.2755727767944336,1.3237769603729248,1.6508549451828003,1.9005484580993652,2.079937219619751,2.4340291023254395,2.5412790775299072,2.926193952560425,3.086930990219116,3.4696710109710693,3.6185858249664307,3.3064262866973877,3.0279016494750977,2.674449920654297,2.3793203830718994,2.054548501968384,1.7465035915374756,1.5052686929702759,1.158075213432312,0.972689688205719,0.6169639825820923,0.5526787638664246,0.44202056527137756,0.6660566329956055,0.9093633890151978
A5,1.2752161026000977,0.984647810459137,0.6602789759635925,0.3823743164539337,0.0,0.3879329264163971,0.6317404508590698,0.929729700088501,1.235586166381836,1.4896173477172852,1.835069179534912,2.048444986343384,2.4139347076416016,2.6664228439331055,3.03410005569458,3.362210988998413,3.0866105556488037,2.772594928741455,2.5069210529327393,2.137681722640991,1.9129836559295654,1.5406757593154907,1.3880949020385742,1.0982755422592163,0.9385927319526672,0.9152695536613464,0.6043651700019836,0.8634518384933472,0.8224121332168579,1.168793797492981,3.4435768127441406,3.1311538219451904,2.832507610321045,2.567857503890991,2.2046444416046143,2.033579111099243,1.6492141485214233,1.5962668657302856,1.3509867191314697,1.1957179307937622,1.1304768323898315,0.8800721764564514,1.077156901359558,0.9828136563301086,1.3366742134094238,1.5429677963256836,1.2934314012527466,1.0072022676467896,0.9892339706420898,0.7518342137336731,1.0371928215026855,1.0130069255828857,1.353312373161316,1.5656542778015137,1.7601786851882935,2.1009016036987305,2.2121458053588867,2.5969831943511963,2.7600393295288086,3.1476798057556152,3.312018871307373,2.990797758102417,2.713535785675049,2.369408130645752,2.0658135414123535,1.7665497064590454,1.435620903968811,1.2457834482192993,0.892842173576355,0.7579735517501831,0.5013988018035889,0.4818187355995178,0.640555739402771,0.8406611680984497,1.1729823350906372
A6,1.5771547555923462,1.2926570177078247,0.9944489598274231,0.6440678834915161,0.3879329264163971,0.0,0.38145047426223755,0.5856779217720032,0.9003312587738037,1.170620083808899,1.5038814544677734,1.7556687593460083,2.1043431758880615,2.3861820697784424,2.7412919998168945,3.1166558265686035,2.856431245803833,2.5238702297210693,2.294400691986084,1.9095805883407593,1.7273391485214233,1.3625061511993408,1.2477302551269531,1.0449833869934082,0.9017502665519714,1.0290569067001343,0.8115166425704956,1.1105774641036987,1.1513521671295166,1.467911958694458,3.2337796688079834,2.9199280738830566,2.630302906036377,2.399752140045166,2.03883695602417,1.931943655014038,1.5557661056518555,1.5899099111557007,1.404274821281433,1.3154778480529785,1.3486121892929077,1.1566275358200073,1.418020486831665,1.3537006378173828,1.7135858535766602,1.9234089851379395,1.6797161102294922,1.3814014196395874,1.323686957359314,1.0219151973724365,1.2101638317108154,1.0667630434036255,1.3596997261047363,1.5144991874694824,1.6470586061477661,1.9693485498428345,2.016148805618286,2.3979899883270264,2.5167741775512695,2.9038562774658203,3.0015339851379395,2.678553342819214,2.4157159328460693,2.0548095703125,1.7785770893096924,1.454156756401062,1.1600286960601807,0.956516683101654,0.5854249000549316,0.5838053226470947,0.421774685382843,0.6642177104949951,0.8869760036468506,1.1725265979766846,1.4943618774414062
A7,1.9004977941513062,1.5981419086456299,1.2909302711486816,0.9683728814125061,0.6317404508590698,0.38145047426223755,0.0,0.37045595049858093,0.6211346983909607,0.873440146446228,1.2110987901687622,1.4233062267303467,1.7870874404907227,2.0440733432769775,2.4100799560546875,2.765113115310669,2.4922256469726562,2.169966697692871,1.9327303171157837,1.5507270097732544,1.3813213109970093,1.0064138174057007,0.9514679312705994,0.7753050923347473,0.7572121620178223,0.9709869623184204,0.8922497034072876,1.251320719718933,1.3630318641662598,1.710447907447815,2.8582637310028076,2.5458812713623047,2.252654790878296,2.0191421508789062,1.6573882102966309,1.5589070320129395,1.1878606081008911,1.2600635290145874,1.1220024824142456,1.0910568237304688,1.2154288291931152,1.1139557361602783,1.4471023082733154,1.4779489040374756,1.8610645532608032,2.1034393310546875,1.8259596824645996,1.5137732028961182,1.3565845489501953,1.0049413442611694,1.0688135623931885,0.8234593868255615,1.0755419731140137,1.1728779077529907,1.296594262123108,1.602618932723999,1.6494410037994385,2.0309722423553467,2.158273458480835,2.5484042167663574,2.683110237121582,2.359138011932373,2.0856688022613525,1.7407524585723877,1.4432156085968018,1.1532703638076782,0.8231126666069031,0.6981356739997864,0.36877596378326416,0.49100491404533386,0.5922266840934753,0.7972576022148132,1.1241012811660767,1.374186396598816,1.7342805862426758
A8,2.1562917232513428,1.8775408267974854,1.5693243741989136,1.2294880151748657,0.929729700088501,0.5856779217720032,0.37045595049858093,0.0,0.3709257245063782,0.5906455516815186,0.9294402599334717,1.1893889904022217,1.5272855758666992,1.8237577676773071,2.1683218479156494,2.5683720111846924,2.3276000022888184,1.9792189598083496,1.7855887413024902,1.393508791923523,1.266615867614746,0.9401140213012695,0.9078533053398132,0.8828052878379822,0.8493785262107849,1.1545997858047485,1.128371000289917,1.46482515335083,1.6213784217834473,1.9338746070861816,2.739431381225586,2.4403834342956543,2.150747060775757,1.973854422569275,1.6183664798736572,1.607720971107483,1.2723300457000732,1.4244086742401123,1.3697444200515747,1.3656091690063477,1.5442761182785034,1.4459643363952637,1.7864868640899658,1.7985378503799438,2.17657208442688,2.449711561203003,2.1719958782196045,1.8706828355789185,1.7229199409484863,1.3740888833999634,1.4135650396347046,1.1250531673431396,1.3180277347564697,1.332074761390686,1.391599178314209,1.643708348274231,1.608015775680542,1.9715907573699951,2.0329153537750244,2.420318365097046,2.4540679454803467,2.1164395809173584,1.8776062726974487,1.5109448432922363,1.2689160108566284,0.9628455638885498,0.7161632776260376,0.6445139050483704,0.4004453718662262,0.7177706956863403,0.8490593433380127,1.131493091583252,1.4304531812667847,1.7116526365280151,2.055590867996216
A9,2.474747896194458,2.1713192462921143,1.8833757638931274,1.5317469835281372,1.235586166381836,0.9003312587738037,0.6211346983909607,0.3709257245063782,0.0,0.3617766499519348,0.618868350982666,0.9048915505409241,1.2299716472625732,1.5311192274093628,1.8745087385177612,2.312059164047241,2.0621273517608643,1.7200239896774292,1.5689289569854736,1.1790547370910645,1.1530778408050537,0.8619442582130432,0.9753066897392273,1.02980375289917,1.1090214252471924,1.4350125789642334,1.4539604187011719,1.8061017990112305,1.9616100788116455,2.289088249206543,2.442265748977661,2.1310439109802246,1.867666482925415,1.7103136777877808,1.3845187425613403,1.434874415397644,1.150182843208313,1.3865864276885986,1.3834890127182007,1.4701412916183472,1.691264033317566,1.6695002317428589,2.0297317504882812,2.090221881866455,2.475229263305664,2.712038278579712,2.4395315647125244,2.1169817447662354,1.9305554628372192,1.5590343475341797,1.514522910118103,1.1802620887756348,1.2704927921295166,1.225450873374939,1.192217469215393,1.4058767557144165,1.3073441982269287,1.6575590372085571,1.693206548690796,2.074455738067627,2.1040992736816406,1.780809760093689,1.5264936685562134,1.1577033996582031,0.9132557511329651,0.5923589468002319,0.3992837965488434,0.41675716638565063,0.4401783049106598,0.7957146763801575,1.0481606721878052,1.3331772089004517,1.662282943725586,1.951724648475647,2.302354097366333
A10,2.7394967079162598,2.45558500289917,2.142503261566162,1.8112701177597046,1.4896173477172852,1.170620083808899,0.873440146446228,0.5906455516815186,0.3617766499519348,0.0,0.37564146518707275,0.6068394780158997,0.9387263655662537,1.2401840686798096,1.5783040523529053,1.9984517097473145,1.7741905450820923,1.414605975151062,1.2724238634109497,0.8858652710914612,0.880224883556366,0.6815524101257324,0.8259311318397522,1.0123776197433472,1.120659351348877,1.4838587045669556,1.5852854251861572,1.925227403640747,2.1381678581237793,2.4521000385284424,2.214475154876709,1.9370348453521729,1.6526905298233032,1.5485599040985107,1.2236294746398926,1.3436217308044434,1.1129480600357056,1.382215976715088,1.4708679914474487,1.5533804893493652,1.8297195434570312,1.8206473588943481,2.1958510875701904,2.271836042404175,2.6548452377319336,2.9606614112854004,2.6613235473632812,2.360093116760254,2.148979425430298,1.7886381149291992,1.7139387130737305,1.3556232452392578,1.4193669557571411,1.2817718982696533,1.2462947368621826,1.3738908767700195,1.2361767292022705,1.5512558221817017,1.5415667295455933,1.922004222869873,1.9017424583435059,1.5470255613327026,1.3349878787994385,0.979110598564148,0.7916009426116943,0.5974978804588318,0.5156786441802979,0.7267038226127625,0.7874881029129028,1.1349555253982544,1.37898850440979,1.640770435333252,1.976348876953125,2.2426395416259766,2.6027324199676514
A11,3.0807700157165527,2.786031723022461,2.4876506328582764,2.14320707321167,1.835069179534912,1.5038814544677734,1.2110987901687622,0.9294402599334717,0.618868350982666,0.37564146518707275,0.0,0.38485226035118103,0.6257332563400269,0.9670284986495972,1.2783865928649902,1.771357774734497,1.5636874437332153,1.2061845064163208,1.1629095077514648,0.8214947581291199,0.9754990935325623,0.8934630155563354,1.1194287538528442,1.3445534706115723,1.4853733777999878,1.849080204963684,1.958901047706604,2.300757646560669,2.509351968765259,2.8249592781066895,1.9862072467803955,1.7115356922149658,1.4707061052322388,1.4337382316589355,1.177409291267395,1.392723798751831,1.2520705461502075,1.575966477394104,1.7040640115737915,1.8404844999313354,2.131575345993042,2.1594743728637695,2.5388736724853516,2.6317524909973145,3.0168747901916504,3.297309398651123,3.006006956100464,2.6925954818725586,2.4698636531829834,2.1007468700408936,1.9879429340362549,1.619234323501587,1.6111074686050415,1.4317283630371094,1.3055542707443237,1.3551862239837646,1.1187231540679932,1.3736923933029175,1.2841343879699707,1.6419503688812256,1.5430142879486084,1.1941125392913818,0.9971606135368347,0.6276854872703552,0.5435279607772827,0.4460095167160034,0.6152815818786621,0.8651246428489685,1.0478696823120117,1.384837031364441,1.6642169952392578,1.9391976594924927,2.278261423110962,2.5585098266601562,2.915642261505127
A12,3.3162057399749756,3.021352529525757,2.707651376724243,2.3863980770111084,2.048444986343384,1.7556687593460083,1.4233062267303467,1.1893889904022217,0.9048915505409241,0.6068394780158997,0.38485226035118103,0.0,0.3849855363368988,0.6346533894538879,0.9873522520065308,1.4135476350784302,1.1913950443267822,0.8327118754386902,0.7830931544303894,0.4742542505264282,0.7338614463806152,0.7912906408309937,1.077575922012329,1.3558154106140137,1.5597214698791504,1.9146497249603271,2.090425729751587,2.430103063583374,2.6694676876068115,2.9913198947906494,1.6448675394058228,1.3973978757858276,1.1281250715255737,1.1316442489624023,0.8987504243850708,1.1788889169692993,1.1286115646362305,1.4668890237808228,1.672607183456421,1.8277559280395508,2.1576876640319824,2.228527784347534,2.6156005859375,2.7493269443511963,3.130802869796753,3.4484589099884033,3.13581919670105,2.8363306522369385,2.5749764442443848,2.2188549041748047,2.055865526199341,1.678754448890686,1.6249734163284302,1.369076132774353,1.2422370910644531,1.1935936212539673,0.9485564827919006,1.1490451097488403,1.0485711097717285,1.4067400693893433,1.3690873384475708,0.9993991851806641,0.8162448406219482,0.5536158680915833,0.49941208958625793,0.6604578495025635,0.7885478138923645,1.122765302658081,1.3143956661224365,1.6258517503738403,1.9234989881515503,2.1531779766082764,2.513089656829834,2.75791072845459,3.1301345825195312
A13,3.674710512161255,3.381551742553711,3.0719153881073,2.7417855262756348,2.4139347076416016,2.1043431758880615,1.7870874404907227,1.5272855758666992,1.2299716472625732,0.9387263655662537,0.6257332563400269,0.3849855363368988,0.0,0.38731950521469116,0.6535098552703857,1.1855199337005615,1.0312832593917847,0.6843084096908569,0.8221407532691956,0.6818737387657166,1.0142556428909302,1.1545337438583374,1.4280781745910645,1.7290040254592896,1.9219002723693848,2.281681776046753,2.4617104530334473,2.7945778369903564,3.0399181842803955,3.353224992752075,1.4959046840667725,1.2941356897354126,1.091776967048645,1.2182636260986328,1.095558762550354,1.439240574836731,1.460465669631958,1.8065619468688965,2.03232479095459,2.2010416984558105,2.5357213020324707,2.612868547439575,3.0000455379486084,3.1320981979370117,3.513167381286621,3.829983711242676,3.519805669784546,3.2178797721862793,2.9573681354522705,2.599017858505249,2.42836332321167,2.0512547492980957,1.9717267751693726,1.701407790184021,1.5320264101028442,1.4184744358062744,1.1092088222503662,1.194551706314087,0.9708259105682373,1.2590957880020142,1.0488824844360352,0.6598588228225708,0.5958506464958191,0.4461151957511902,0.6498511433601379,0.8872925639152527,1.1180657148361206,1.4281554222106934,1.6493725776672363,1.9662293195724487,2.266911506652832,2.5143258571624756,2.8694510459899902,3.127133846282959,3.495368480682373
A14,3.9386067390441895,3.6400272846221924,3.3253870010375977,3.011340856552124,2.6664228439331055,2.3861820697784424,2.0440733432769775,1.8237577676773071,1.5311192274093628,1.2401840686798096,0.9670284986495972,0.6346533894538879,0.38731950521469116,0.0,0.3888794183731079,0.8278471231460571,0.6492286324501038,0.34091660380363464,0.6073516011238098,0.6672676205635071,1.0466183423995972,1.2714558839797974,1.569764256477356,1.876049280166626,2.113496780395508,2.453289747238159,2.6717708110809326,3.003462791442871,3.2613611221313477,3.5826926231384277,1.1293585300445557,0.9758692383766174,0.7831016182899475,1.0034515857696533,0.9817898273468018,1.36453115940094,1.484653115272522,1.8212623596191406,2.0953056812286377,2.285463571548462,2.6377341747283936,2.7561898231506348,3.1424148082733154,3.3105645179748535,3.686056613922119,4.015503406524658,3.694728374481201,3.40155029296875,3.111356496810913,2.766246795654297,2.5535378456115723,2.18202543258667,2.0582950115203857,1.7438416481018066,1.567972183227539,1.365958333015442,1.0671957731246948,1.0436710119247437,0.7959858179092407,1.0319187641143799,0.9201611280441284,0.5661441683769226,0.5590373873710632,0.6529327034950256,0.8282933235168457,1.1590298414230347,1.354718565940857,1.6953208446502686,1.929164171218872,2.220524311065674,2.537931203842163,2.7501533031463623,3.1196227073669434,3.350114583969116,3.7274014949798584
A15,4.302153587341309,4.008082866668701,3.692909002304077,3.3737101554870605,3.03410005569458,2.7412919998168945,2.4100799560546875,2.1683218479156494,1.8745087385177612,1.5783040523529053,1.2783865928649902,0.9873522520065308,0.6535098552703857,0.3888794183731079,0.0,0.6500310301780701,0.648932158946991,0.5069437026977539,0.884189784526825,1.030591368675232,1.3909627199172974,1.6447566747665405,1.9226397275924683,2.2451508045196533,2.4678752422332764,2.8120529651641846,3.035418748855591,3.359410285949707,3.625915288925171,3.9379212856292725,1.0955159664154053,1.0496721267700195,0.9665697813034058,1.2748793363571167,1.328047275543213,1.7171976566314697,1.8648713827133179,2.196262836456299,2.479132652282715,2.668598175048828,3.0235276222229004,3.139716863632202,3.5257294178009033,3.6891863346099854,4.063615798950195,4.401315212249756,4.079689025878906,3.7875566482543945,3.499612808227539,3.1540191173553467,2.941890001296997,2.5705811977386475,2.4406540393829346,2.1230762004852295,1.933994174003601,1.7070311307907104,1.3944063186645508,1.2923681735992432,0.9756813645362854,1.0760170221328735,0.7471766471862793,0.4640198349952698,0.6916901469230652,0.8947910666465759,1.158385992050171,1.4824185371398926,1.7173478603363037,2.0428929328918457,2.283881187438965,2.5840439796447754,2.898766279220581,3.12480092048645,3.4902913570404053,3.729670763015747,4.104779243469238
B1,4.625351905822754,4.341070175170898,4.009308815002441,3.7260358333587646,3.362210988998413,3.1166558265686035,2.765113115310669,2.5683720111846924,2.312059164047241,1.9984517097473145,1.771357774734497,1.4135476350784302,1.1855199337005615,0.8278471231460571,0.6500310301780701,0.0,0.3836873769760132,0.5991818308830261,0.890139639377594,1.2268102169036865,1.514925241470337,1.8508168458938599,2.103353261947632,2.4284448623657227,2.681453227996826,2.986602544784546,3.2684311866760254,3.5711472034454346,3.8660852909088135,4.172931671142578,0.8482759594917297,1.0135940313339233,0.9338574409484863,1.293290138244629,1.4244486093521118,1.777658224105835,2.008740186691284,2.2807416915893555,2.6175146102905273,2.792945384979248,3.1630542278289795,3.310591697692871,3.6836116313934326,3.8830699920654297,4.238133907318115,4.626125335693359,4.2826714515686035,4.021970748901367,3.703366994857788,3.3916521072387695,3.147721290588379,2.7964258193969727,2.6496617794036865,2.2928402423858643,2.155730962753296,1.86513090133667,1.6465303897857666,1.4782779216766357,1.2567473649978638,1.278022289276123,1.2122910022735596,1.0583919286727905,1.2209686040878296,1.4553613662719727,1.622968077659607,1.9747562408447266,2.1295931339263916,2.4872522354125977,2.7014126777648926,2.9792253971099854,3.2918429374694824,3.467236280441284,3.8436548709869385,4.035580635070801,4.421029090881348
B2,4.352971076965332,4.055514335632324,3.7326831817626953,3.4519991874694824,3.0866105556488037,2.856431245803833,2.4922256469726562,2.3276000022888184,2.0621273517608643,1.7741905450820923,1.5636874437332153,1.1913950443267822,1.0312832593917847,0.6492286324501038,0.648932158946991,0.3836873769760132,0.0,0.3844399154186249,0.622311532497406,0.9637166857719421,1.273004174232483,1.579805850982666,1.8678221702575684,2.163567304611206,2.445859909057617,2.7416601181030273,3.0147299766540527,3.331521987915039,3.6085736751556396,3.932464838027954,0.6518164873123169,0.7081785202026367,0.5566104650497437,0.9097238183021545,1.0574634075164795,1.4126440286636353,1.6626118421554565,1.9401499032974243,2.2731897830963135,2.47149658203125,2.837172269821167,3.0069870948791504,3.3794097900390625,3.5957536697387695,3.9530208110809326,4.311337947845459,3.974644422531128,3.706678628921509,3.3790664672851562,3.06756854057312,2.8060708045959473,2.459831953048706,2.292137384414673,1.9334418773651123,1.7878323793411255,1.4863886833190918,1.2830766439437866,1.117451786994934,0.9464144110679626,1.0276362895965576,1.1588366031646729,0.9746336340904236,1.0175936222076416,1.2432554960250854,1.344262957572937,1.7108395099639893,1.8384196758270264,2.2002673149108887,2.4250500202178955,2.6793901920318604,3.003706455230713,3.159792184829712,3.5414247512817383,3.7235875129699707,4.10959529876709
B3,4.040769577026367,3.750502824783325,3.423621654510498,3.133668899536133,2.772594928741455,2.5238702297210693,2.169966697692871,1.9792189598083496,1.7200239896774292,1.414605975151062,1.2061845064163208,0.8327118754386902,0.6843084096908569,0.34091660380363464,0.5069437026977539,0.5991818308830261,0.3844399154186249,0.0,0.3903489410877228,0.6471660733222961,0.9837496280670166,1.2829067707061768,1.563602328300476,1.878708004951477,2.1359009742736816,2.453233003616333,2.711501359939575,3.0295569896698,3.307774543762207,3.625157117843628,0.9797917008399963,0.905891478061676,0.6579985618591309,0.9181428551673889,0.9280900359153748,1.2991876602172852,1.4716423749923706,1.772242546081543,2.0860941410064697,2.2627933025360107,2.6284520626068115,2.7627787590026855,3.142843246459961,3.331329822540283,3.69577693939209,4.0615010261535645,3.7253715991973877,3.4527292251586914,3.1442878246307373,2.820228338241577,2.5906810760498047,2.2297801971435547,2.1017508506774902,1.758426308631897,1.6256400346755981,1.3838740587234497,1.154032588005066,1.0972243547439575,0.9170281291007996,1.1185922622680664,1.1347389221191406,0.837001383304596,0.8475157618522644,0.970142662525177,1.0707956552505493,1.406423807144165,1.5358028411865234,1.8964598178863525,2.103459119796753,2.38118577003479,2.6927239894866943,2.8720662593841553,3.247436046600342,3.447355031967163,3.831329107284546
B4,3.762589454650879,3.478764057159424,3.1449851989746094,2.8790273666381836,2.5069210529327393,2.294400691986084,1.9327303171157837,1.7855887413024902,1.5689289569854736,1.2724238634109497,1.1629095077514648,0.7830931544303894,0.8221407532691956,0.6073516011238098,0.884189784526825,0.890139639377594,0.622311532497406,0.3903489410877228,0.0,0.3932167589664459,0.6514065265655518,0.9758915305137634,1.247538447380066,1.5492825508117676,1.826920509338379,2.121279001235962,2.400118112564087,2.7114694118499756,2.9951956272125244,3.3139944076538086,1.15312659740448,1.0355784893035889,0.6832563877105713,0.7879480719566345,0.681430995464325,1.000757098197937,1.1587858200073242,1.4270185232162476,1.7567777633666992,1.9120779037475586,2.2826833724975586,2.4207677841186523,2.7950680255889893,2.9951486587524414,3.351696491241455,3.737894058227539,3.392735004425049,3.135732412338257,2.818695306777954,2.5119879245758057,2.280578851699829,1.9303441047668457,1.8206690549850464,1.4692975282669067,1.4021320343017578,1.18548583984375,1.0506608486175537,1.0836174488067627,1.0389052629470825,1.311537265777588,1.4708343744277954,1.1582838296890259,1.0678867101669312,1.092363715171814,1.0599286556243896,1.3542518615722656,1.384413242340088,1.753909707069397,1.9188008308410645,2.1758346557617188,2.474073648452759,2.6184282302856445,2.9949076175689697,3.1659743785858154,3.553053379058838
B5,3.401311159133911,3.1150221824645996,2.7837491035461426,2.504929304122925,2.137681722640991,1.9095805883407593,1.5507270097732544,1.393508791923523,1.1790547370910645,0.8858652710914612,0.8214947581291199,0.4742542505264282,0.6818737387657166,0.6672676205635071,1.030591368675232,1.2268102169036865,0.9637166857719421,0.6471660733222961,0.3932167589664459,0.0,0.3933105170726776,0.6366868615150452,0.9381332397460938,1.2379072904586792,1.5031381845474243,1.8205775022506714,2.068598508834839,2.3935983180999756,2.6635334491729736,2.987084150314331,1.4500995874404907,1.2479002475738525,0.8995629549026489,0.8797789812088013,0.6181468963623047,0.8964114785194397,0.9286671876907349,1.2281543016433716,1.5141090154647827,1.658728837966919,2.020570993423462,2.1291303634643555,2.511915683746338,2.688483476638794,3.0558881759643555,3.425086736679077,3.087411642074585,2.8173227310180664,2.518725633621216,2.194812774658203,1.992132544517517,1.6278842687606812,1.5558254718780518,1.2359631061553955,1.180829644203186,1.059314489364624,0.9214021563529968,1.0866551399230957,1.0735783576965332,1.4206883907318115,1.5464569330215454,1.1954094171524048,1.0314900875091553,0.9161719679832458,0.8034895062446594,1.025137186050415,1.0194863080978394,1.3846759796142578,1.5325324535369873,1.8020727634429932,2.0938141345977783,2.2561380863189697,2.6288816928863525,2.8180017471313477,3.2026851177215576
B6,3.1466543674468994,2.882612466812134,2.535621404647827,2.289933681488037,1.9129836559295654,1.7273391485214233,1.3813213109970093,1.266615867614746,1.1530778408050537,0.880224883556366,0.9754990935325623,0.7338614463806152,1.0142556428909302,1.0466183423995972,1.3909627199172974,1.514925241470337,1.273004174232483,0.9837496280670166,0.6514065265655518,0.3933105170726776,0.0,0.38877594470977783,0.5969995856285095,0.9162269830703735,1.1775106191635132,1.4756150245666504,1.7578520774841309,2.062466621398926,2.3543484210968018,2.6656334400177,1.763687014579773,1.5767853260040283,1.2069185972213745,1.1115206480026245,0.77880859375,0.8966386318206787,0.8273274302482605,1.039442777633667,1.322651743888855,1.3932708501815796,1.7582409381866455,1.8362314701080322,2.2111761569976807,2.3801329135894775,2.7365009784698486,3.1566717624664307,2.803380250930786,2.5610790252685547,2.266942024230957,1.9687734842300415,1.7958039045333862,1.450869083404541,1.4488012790679932,1.153045654296875,1.217122197151184,1.1742273569107056,1.1518685817718506,1.375543475151062,1.4313362836837769,1.7862094640731812,1.9375425577163696,1.5794289112091064,1.4131956100463867,1.2497256994247437,1.0767574310302734,1.1932281255722046,1.0672744512557983,1.4008021354675293,1.4559217691421509,1.7079681158065796,1.9549517631530762,2.083615779876709,2.4452860355377197,2.603170156478882,2.9875426292419434
B7,2.7876338958740234,2.5105035305023193,2.1712217330932617,1.9177615642547607,1.5406757593154907,1.3625061511993408,1.0064138174057007,0.9401140213012695,0.8619442582130432,0.6815524101257324,0.8934630155563354,0.7912906408309937,1.1545337438583374,1.2714558839797974,1.6447566747665405,1.8508168458938599,1.579805850982666,1.2829067707061768,0.9758915305137634,0.6366868615150452,0.38877594470977783,0.0,0.37663745880126953,0.6078494787216187,0.8952623009681702,1.2014424800872803,1.4393106698989868,1.7712070941925049,2.0319714546203613,2.3629965782165527,2.007620334625244,1.7629261016845703,1.4111499786376953,1.2315410375595093,0.8500351309776306,0.8553614616394043,0.6253513693809509,0.8304458856582642,1.0342398881912231,1.0991570949554443,1.4467377662658691,1.5099490880966187,1.8936357498168945,2.054248571395874,2.423187494277954,2.805527448654175,2.462939739227295,2.202509641647339,1.9177509546279907,1.6027624607086182,1.448655128479004,1.0958045721054077,1.1374809741973877,0.9009403586387634,1.0069892406463623,1.084636926651001,1.1097760200500488,1.4183382987976074,1.5258201360702515,1.9096039533615112,2.0942463874816895,1.7429901361465454,1.5158296823501587,1.2811788320541382,1.0216128826141357,1.0240809917449951,0.7940942049026489,1.085979700088501,1.1002631187438965,1.3311010599136353,1.5730551481246948,1.6952285766601562,2.058743476867676,2.222705602645874,2.6072914600372314
B8,2.581141710281372,2.341442584991455,1.9816370010375977,1.7632761001586914,1.3880949020385742,1.2477302551269531,0.9514679312705994,0.9078533053398132,0.9753066897392273,0.8259311318397522,1.1194287538528442,1.077575922012329,1.4280781745910645,1.569764256477356,1.9226397275924683,2.103353261947632,1.8678221702575684,1.563602328300476,1.247538447380066,0.9381332397460938,0.5969995856285095,0.37663745880126953,0.0,0.38051316142082214,0.5809784531593323,0.8945584893226624,1.1702975034713745,1.4691330194473267,1.7673535346984863,2.0707685947418213,2.3365039825439453,2.115694999694824,1.753668189048767,1.5826010704040527,1.2030537128448486,1.156858205795288,0.888776957988739,0.9639794826507568,1.1098134517669678,1.0470919609069824,1.3667471408843994,1.346983551979065,1.7142009735107422,1.8331118822097778,2.1891229152679443,2.641068458557129,2.2838170528411865,2.059593915939331,1.805497169494629,1.5251814126968384,1.447695016860962,1.1412264108657837,1.287744164466858,1.1222317218780518,1.3055535554885864,1.4256829023361206,1.4819270372390747,1.7930989265441895,1.8967766761779785,2.278343677520752,2.4201085567474365,2.053074836730957,1.8538267612457275,1.5970793962478638,1.3587145805358887,1.299153447151184,1.039661169052124,1.254185676574707,1.1543700695037842,1.3727816343307495,1.5324293375015259,1.6368056535720825,1.9675185680389404,2.109050989151001,2.4839205741882324
B9,2.265969753265381,2.0192737579345703,1.664381742477417,1.476721167564392,1.0982755422592163,1.0449833869934082,0.7753050923347473,0.8828052878379822,1.02980375289917,1.0123776197433472,1.3445534706115723,1.3558154106140137,1.7290040254592896,1.876049280166626,2.2451508045196533,2.4284448623657227,2.163567304611206,1.878708004951477,1.5492825508117676,1.2379072904586792,0.9162269830703735,0.6078494787216187,0.38051316142082214,0.0,0.37379950284957886,0.6039890050888062,0.8621994853019714,1.1827518939971924,1.4503053426742554,1.7796651124954224,2.5740256309509277,2.326338052749634,1.9744899272918701,1.741452693939209,1.358039140701294,1.2078368663787842,0.8706823587417603,0.8311020135879517,0.8612554669380188,0.7233289480209351,1.00747549533844,0.9673080444335938,1.3378393650054932,1.469475507736206,1.8308401107788086,2.2666542530059814,1.9087640047073364,1.6852610111236572,1.4275182485580444,1.1613457202911377,1.1114140748977661,0.8505679965019226,1.072780966758728,1.0032998323440552,1.2594324350357056,1.4585210084915161,1.5875070095062256,1.9294840097427368,2.0899605751037598,2.4769647121429443,2.6872072219848633,2.336029052734375,2.09690260887146,1.827966570854187,1.537287950515747,1.4241055250167847,1.091955304145813,1.2226014137268066,1.054871678352356,1.1815582513809204,1.2986090183258057,1.3345792293548584,1.6569583415985107,1.761651873588562,2.1372392177581787
B10,2.0350570678710938,1.830252766609192,1.4582550525665283,1.2901690006256104,0.9385927319526672,0.9017502665519714,0.7572121620178223,0.8493785262107849,1.1090214252471924,1.120659351348877,1.4853733777999878,1.5597214698791504,1.9219002723693848,2.113496780395508,2.4678752422332764,2.681453227996826,2.445859909057617,2.1359009742736816,1.826920509338379,1.5031381845474243,1.1775106191635132,0.8952623009681702,0.5809784531593323,0.37379950284957886,0.0,0.3770546019077301,0.6048768162727356,0.8954153060913086,1.1975879669189453,1.4918309450149536,2.8962085247039795,2.6537137031555176,2.300856590270996,2.0905563831329346,1.7045862674713135,1.5779632329940796,1.2357100248336792,1.190245509147644,1.1616368293762207,0.954477071762085,1.141574501991272,0.9688955545425415,1.2945905923843384,1.3277842998504639,1.6778675317764282,2.1608126163482666,1.8063557147979736,1.6118580102920532,1.4291746616363525,1.1963446140289307,1.2659283876419067,1.066501259803772,1.3534363508224487,1.3439799547195435,1.5893189907073975,1.8103346824645996,1.9119393825531006,2.2610385417938232,2.392831325531006,2.783865451812744,2.9230690002441406,2.5582242012023926,2.3402161598205566,2.0385451316833496,1.774189829826355,1.6048375368118286,1.2866379022598267,1.346795678138733,1.0939817428588867,1.2216517925262451,1.2376958131790161,1.2924473285675049,1.556890606880188,1.6684678792953491,2.0201079845428467
B11,1.8333901166915894,1.6614831686019897,1.2930328845977783,1.2236109972000122,0.9152695536613464,1.0290569067001343,0.9709869623184204,1.1545997858047485,1.4350125789642334,1.4838587045669556,1.849080204963684,1.9146497249603271,2.281681776046753,2.453289747238159,2.8120529651641846,2.986602544784546,2.7416601181030273,2.453233003616333,2.121279001235962,1.8205775022506714,1.4756150245666504,1.2014424800872803,0.8945584893226624,0.6039890050888062,0.3770546019077301,0.0,0.38883084058761597,0.6064924597740173,0.9248750805854797,1.213801383972168,3.1668472290039062,2.9267709255218506,2.5720579624176025,2.3323657512664795,1.9528714418411255,1.7648520469665527,1.4229646921157837,1.2814658880233765,1.1899117231369019,0.8911662101745605,0.9782997965812683,0.7282619476318359,0.9922557473182678,1.010038137435913,1.3364461660385132,1.8779183626174927,1.508771300315857,1.3700714111328125,1.2083011865615845,1.0663408041000366,1.195664882659912,1.1066055297851562,1.4311357736587524,1.4796911478042603,1.7752848863601685,2.0156617164611816,2.171781301498413,2.5218780040740967,2.690333127975464,3.078697919845581,3.268517255783081,2.909461498260498,2.6793391704559326,2.38724684715271,2.1026291847229004,1.9325449466705322,1.5896700620651245,1.6148838996887207,1.3352874517440796,1.3728415966033936,1.3198844194412231,1.273436427116394,1.4828559160232544,1.5104860067367554,1.8411873579025269
B12,1.4574748277664185,1.2830053567886353,0.9103277921676636,0.8580725193023682,0.6043651700019836,0.8115166425704956,0.8922497034072876,1.128371000289917,1.4539604187011719,1.5852854251861572,1.958901047706604,2.090425729751587,2.4617104530334473,2.6717708110809326,3.035418748855591,3.2684311866760254,3.0147299766540527,2.711501359939575,2.400118112564087,2.068598508834839,1.7578520774841309,1.4393106698989868,1.1702975034713745,0.8621994853019714,0.6048768162727356,0.38883084058761597,0.0,0.3754050135612488,0.5981265902519226,0.9281946420669556,3.423232078552246,3.1559548377990723,2.8170368671417236,2.564244031906128,2.18428897857666,1.9928393363952637,1.6240736246109009,1.4968129396438599,1.3214091062545776,1.0401870012283325,1.0149140357971191,0.6797159910202026,0.8780728578567505,0.7828001976013184,1.1270136833190918,1.6057231426239014,1.2657673358917236,1.1088167428970337,1.036781907081604,0.9094554781913757,1.1531648635864258,1.1278300285339355,1.4882690906524658,1.6186540126800537,1.8926490545272827,2.181368589401245,2.3284881114959717,2.6981024742126465,2.8672637939453125,3.2599973678588867,3.435059070587158,3.084084987640381,2.8375205993652344,2.5175869464874268,2.224395990371704,1.9950000047683716,1.6481791734695435,1.584161639213562,1.2540363073349,1.2261327505111694,1.0762945413589478,1.007895588874817,1.1511343717575073,1.1865954399108887,1.4982194900512695
B13,1.3259073495864868,1.2511762380599976,0.904176652431488,0.9885877966880798,0.8634518384933472,1.1105774641036987,1.251320719718933,1.46482515335083,1.8061017990112305,1.925227403640747,2.300757646560669,2.430103063583374,2.7945778369903564,3.003462791442871,3.359410285949707,3.5711472034454346,3.331521987915039,3.0295569896698,2.7114694118499756,2.3935983180999756,2.062466621398926,1.7712070941925049,1.4691330194473267,1.1827518939971924,0.8954153060913086,0.6064924597740173,0.3754050135612488,0.0,0.3872489631175995,0.6093388795852661,3.756638288497925,3.502251625061035,3.1556107997894287,2.9069104194641113,2.5271267890930176,2.327284574508667,1.9683233499526978,1.8107997179031372,1.6349389553070068,1.31895112991333,1.2373825311660767,0.864920437335968,0.9131126999855042,0.6960247755050659,0.9423372149467468,1.517336130142212,1.1879557371139526,1.1408872604370117,1.1598620414733887,1.1465593576431274,1.4313859939575195,1.4649335145950317,1.8270714282989502,1.9650427103042603,2.254143476486206,2.5378127098083496,2.694733142852783,3.060553789138794,3.2296810150146484,3.622082471847534,3.7861382961273193,3.428039073944092,3.1937055587768555,2.8727777004241943,2.5892579555511475,2.3592751026153564,2.018772840499878,1.9477417469024658,1.6064774990081787,1.5650951862335205,1.3633263111114502,1.262752890586853,1.3080023527145386,1.2738102674484253,1.5142276287078857
