,A1,A2,A3,A4,A5,A6,A7,A8,A9,A10,A11,A12,A13,A14,A15,B1,B2,B3,B4,B5,B6,B7,B8,B9,B10,B11,B12,B13,B14,B15,C1,C2,C3,C4,C5,C6,C7,C8,C9,C10,C11,C12,C13,C14,C15,D1,D2,D3,D4,D5,D6,D7,D8,D9,D10,D11,D12,D13,D14,D15,E1,E2,E3,E4,E5,E6,E7,E8,E9,E10,E11,E12,E13,E14,E15
A1,0.0,0.38045641779899597,0.6020545363426208,0.8876655101776123,1.1839615106582642,1.4083572626113892,1.6949975490570068,2.0321550369262695,2.031931161880493,2.41857647895813,2.5676639080047607,2.8963117599487305,3.1355576515197754,3.358438014984131,3.6439666748046875,1.0336884260177612,1.0456368923187256,1.3872144222259521,1.4154624938964844,1.792312502861023,1.9163376092910767,2.1121890544891357,2.3938868045806885,2.231234312057495,2.5787224769592285,2.6041250228881836,2.8835227489471436,3.0927822589874268,3.2186532020568848,3.5477261543273926,1.6272296905517578,1.3939951658248901,1.6674649715423584,1.540825605392456,1.8206104040145874,1.9373928308486938,1.9544763565063477,2.2048022747039795,2.002699136734009,2.2664034366607666,2.307462692260742,2.4934587478637695,2.7635984420776367,2.809418201446533,3.173506021499634,1.6446757316589355,1.2872620820999146,1.3885804414749146,1.2386554479599,1.3362058401107788,1.5424329042434692,1.4220572710037231,1.7367589473724365,1.6783432960510254,1.909865379333496,2.1051998138427734,2.2529022693634033,2.6014392375946045,2.6857106685638428,3.0470798015594482,1.0658888816833496,0.7601113319396973,0.6841226816177368,0.757214367389679,0.7666832804679871,1.1330353021621704,1.181862473487854,1.5830837488174438,1.6724543571472168,1.9851317405700684,2.2455997467041016,2.4781439304351807,2.7999489307403564,3.00954008102417,3.315054178237915
A2,0.38045641779899597,0.0,0.38246122002601624,0.5849310159683228,0.8989908695220947,1.1466773748397827,1.3863298892974854,1.741736650466919,1.737280011177063,2.1159250736236572,2.28546404838562,2.5939133167266846,2.8582892417907715,3.0692920684814453,3.3681318759918213,0.7425596117973328,0.6793306469917297,1.0148680210113525,1.0443848371505737,1.4187507629394531,1.5662699937820435,1.7662079334259033,2.069600820541382,1.942913293838501,2.3030996322631836,2.369839668273926,2.6585235595703125,2.8886423110961914,3.0425374507904053,3.3678417205810547,1.2692023515701294,1.0415928363800049,1.321566104888916,1.2135698795318604,1.5267421007156372,1.6515644788742065,1.7254568338394165,1.9988473653793335,1.816465139389038,2.1243836879730225,2.1792497634887695,2.4139554500579834,2.673027753829956,2.767226219177246,3.115208625793457,1.3896037340164185,1.041164517402649,1.1988720893859863,1.0398013591766357,1.2335519790649414,1.4151270389556885,1.37027108669281,1.6880595684051514,1.583001971244812,1.8633311986923218,2.01314377784729,2.210273504257202,2.528611660003662,2.6261322498321533,2.9827089309692383,1.0509637594223022,0.6825665235519409,0.7176061272621155,0.6548921465873718,0.7804611325263977,1.0793116092681885,1.1138803958892822,1.4949122667312622,1.5007810592651367,1.8198033571243286,2.0392720699310303,2.26724910736084,2.5917608737945557,2.771833896636963,3.0967228412628174
A3,0.6020545363426208,0.38246122002601624,0.0,0.3774104416370392,0.5896576642990112,0.8620643615722656,1.1287564039230347,1.4850047826766968,1.5468319654464722,1.9198386669158936,2.123239040374756,2.4360523223876953,2.6979804039001465,2.942868709564209,3.2185847759246826,0.6122926473617554,0.6651303172111511,0.9162147045135498,0.9763466119766235,1.3499706983566284,1.4566810131072998,1.7227963209152222,2.00431752204895,1.8950066566467285,2.2724554538726807,2.328747034072876,2.6519839763641357,2.850404739379883,3.0400192737579346,3.339453935623169,1.3436120748519897,1.1789915561676025,1.4468944072723389,1.3218369483947754,1.6602469682693481,1.719571590423584,1.835429072380066,2.064234972000122,1.8363178968429565,2.1454930305480957,2.1386914253234863,2.3927688598632812,2.6060163974761963,2.6958158016204834,3.0305869579315186,1.6507978439331055,1.314223051071167,1.4634302854537964,1.2374612092971802,1.431387186050415,1.5248241424560547,1.4478001594543457,1.6970818042755127,1.515839695930481,1.7602366209030151,1.8510174751281738,2.024444103240967,2.3265938758850098,2.3824169635772705,2.748945713043213,1.3944097757339478,1.016389012336731,0.9674088358879089,0.772883951663971,0.7687862515449524,0.9967743754386902,0.9029694199562073,1.2524354457855225,1.265035629272461,1.5368138551712036,1.7828431129455566,1.9715585708618164,2.3163998126983643,2.485903263092041,2.811208486557007
A4,0.8876655101776123,0.5849310159683228,0.3774104416370392,0.0,0.37693578004837036,0.5678601264953613,0.8118215203285217,1.1588462591171265,1.183754563331604,1.5592097043991089,1.7572762966156006,2.0654048919677734,2.3332748413085938,2.5700221061706543,2.8523106575012207,0.6987825632095337,0.5930401086807251,0.708759605884552,0.6588062047958374,1.0265727043151855,1.0907167196273804,1.3603655099868774,1.6299816370010376,1.5279998779296875,1.9097363948822021,1.9815510511398315,2.3118624687194824,2.515598773956299,2.72438645362854,3.0163495540618896,1.1987930536270142,1.0165836811065674,1.2116636037826538,1.0438220500946045,1.3805525302886963,1.39614737033844,1.5475393533706665,1.7620488405227661,1.5388033390045166,1.8707202672958374,1.86712646484375,2.1565051078796387,2.355790138244629,2.4868571758270264,2.8029227256774902,1.5129868984222412,1.195030927658081,1.319940447807312,1.0542632341384888,1.2848474979400635,1.3131881952285767,1.2929571866989136,1.5158278942108154,1.2965997457504272,1.5785136222839355,1.6296929121017456,1.855039358139038,2.1234467029571533,2.2101263999938965,2.559912919998169,1.408470869064331,1.035448670387268,1.0050331354141235,0.7047223448753357,0.7780998349189758,0.8756285905838013,0.8018468618392944,1.0947344303131104,1.0073893070220947,1.3016808032989502,1.4922571182250977,1.7029104232788086,2.0320887565612793,2.193664789199829,2.5265676975250244
A5,1.1839615106582642,0.8989908695220947,0.5896576642990112,0.37693578004837036,0.0,0.3805505633354187,0.5631704330444336,0.9359278082847595,1.0737645626068115,1.4124339818954468,1.6728185415267944,1.9572844505310059,2.2389776706695557,2.5001838207244873,2.762244462966919,0.6861158609390259,0.694686770439148,0.6572275161743164,0.6961916089057922,0.9917364120483398,1.0359883308410645,1.3732101917266846,1.6266803741455078,1.5846041440963745,1.971947431564331,2.0597217082977295,2.4139368534088135,2.5948948860168457,2.8439459800720215,3.1047496795654297,1.2622195482254028,1.1831246614456177,1.3706363439559937,1.245502233505249,1.5900253057479858,1.5688769817352295,1.7751343250274658,1.9580588340759277,1.724478006362915,2.057065486907959,2.007371187210083,2.318981885910034,2.4665658473968506,2.606092929840088,2.8962228298187256,1.7751035690307617,1.4970977306365967,1.6472070217132568,1.3833141326904297,1.6242998838424683,1.6024277210235596,1.5832439661026,1.744636058807373,1.4659578800201416,1.7077347040176392,1.6773734092712402,1.8830450773239136,2.1096036434173584,2.148442029953003,2.4986517429351807,1.7804359197616577,1.4074046611785889,1.3766061067581177,1.0626386404037476,1.070785641670227,1.097840666770935,0.9067342877388,1.0954283475875854,0.9706529378890991,1.1669600009918213,1.3533686399459839,1.4894661903381348,1.8458231687545776,1.9632657766342163,2.3097634315490723
A6,1.4083572626113892,1.1466773748397827,0.8620643615722656,0.5678601264953613,0.3805505633354187,0.0,0.3770870864391327,0.6404333710670471,0.759941816329956,1.1094517707824707,1.3438677787780762,1.6533805131912231,1.9050512313842773,2.1866259574890137,2.4295220375061035,1.0599981546401978,0.9995973706245422,0.8856788277626038,0.7728720307350159,0.9973896145820618,0.8973353505134583,1.2355105876922607,1.408969521522522,1.3359882831573486,1.7110973596572876,1.762678861618042,2.1307642459869385,2.277921199798584,2.5413057804107666,2.7815608978271484,1.477510690689087,1.3642324209213257,1.4584953784942627,1.2598612308502197,1.5521459579467773,1.4410600662231445,1.638755440711975,1.751991629600525,1.4873708486557007,1.798221230506897,1.706220269203186,2.028062582015991,2.1404826641082764,2.2916147708892822,2.5620760917663574,1.8913850784301758,1.6168588399887085,1.6940138339996338,1.3817521333694458,1.5805556774139404,1.4706854820251465,1.4466779232025146,1.5314466953277588,1.2096525430679321,1.4305071830749512,1.347395896911621,1.5707584619522095,1.765476942062378,1.8192741870880127,2.1553447246551514,1.8886245489120483,1.5374505519866943,1.4542150497436523,1.0914082527160645,1.0703891515731812,0.9631020426750183,0.7588884234428406,0.8284336924552917,0.6236382126808167,0.8156623840332031,0.9775416254997253,1.145653486251831,1.4874589443206787,1.6331586837768555,1.969195008277893
A7,1.6949975490570068,1.3863298892974854,1.1287564039230347,0.8118215203285217,0.5631704330444336,0.3770870864391327,0.0,0.40234723687171936,0.5941464900970459,0.874627411365509,1.1801376342773438,1.4288917779922485,1.7266778945922852,1.990932822227478,2.244633674621582,1.1407207250595093,1.0493720769882202,0.7994471192359924,0.6953915953636169,0.7796728014945984,0.662741482257843,1.0345433950424194,1.2125005722045898,1.2385867834091187,1.607094168663025,1.7237235307693481,2.0892322063446045,2.252183437347412,2.5483906269073486,2.7690603733062744,1.3723081350326538,1.3321326971054077,1.3814377784729004,1.2390714883804321,1.5222047567367554,1.4055310487747192,1.672569751739502,1.7899694442749023,1.5762125253677368,1.9078826904296875,1.8346103429794312,2.1880218982696533,2.2751965522766113,2.471508741378784,2.7077081203460693,1.9038403034210205,1.691182017326355,1.801190733909607,1.5264472961425781,1.7723751068115234,1.6508287191390991,1.697213888168335,1.7743266820907593,1.4485687017440796,1.6845556497573853,1.5507580041885376,1.8020612001419067,1.935056209564209,1.9921228885650635,2.2972190380096436,2.0901236534118652,1.750378966331482,1.7298362255096436,1.3727927207946777,1.4146180152893066,1.2966784238815308,1.1244207620620728,1.135183572769165,0.8518701195716858,0.9584646821022034,0.9921625852584839,1.0982327461242676,1.424802541732788,1.4891254901885986,1.8540353775024414
A8,2.0321550369262695,1.741736650466919,1.4850047826766968,1.1588462591171265,0.9359278082847595,0.6404333710670471,0.40234723687171936,0.0,0.3774111866950989,0.5439526438713074,0.8643416166305542,1.1061450242996216,1.3764748573303223,1.6707899570465088,1.8908345699310303,1.5424748659133911,1.4404330253601074,1.1720694303512573,1.0107263326644897,0.9916781187057495,0.7334121465682983,1.0520408153533936,1.0945426225662231,1.1311007738113403,1.451356291770935,1.5402843952178955,1.9121345281600952,2.0260679721832275,2.3513073921203613,2.529029607772827,1.697439193725586,1.651780605316162,1.6283247470855713,1.4520150423049927,1.6659512519836426,1.466435432434082,1.7268924713134766,1.760058879852295,1.5390820503234863,1.8290915489196777,1.7075532674789429,2.0664916038513184,2.091318368911743,2.306704044342041,2.498328447341919,2.164144277572632,1.9701626300811768,2.028076171875,1.7346692085266113,1.940126895904541,1.7458456754684448,1.7949585914611816,1.7878364324569702,1.4383078813552856,1.6250611543655396,1.411844253540039,1.664434790611267,1.721244215965271,1.7792516946792603,2.044658660888672,2.3614795207977295,2.0438199043273926,1.991506576538086,1.6189830303192139,1.6358387470245361,1.4324668645858765,1.2621811628341675,1.142747163772583,0.8076337575912476,0.795714795589447,0.6942430734634399,0.7663437128067017,1.0555444955825806,1.102865219116211,1.4682731628417969
A9,2.031931161880493,1.737280011177063,1.5468319654464722,1.183754563331604,1.0737645626068115,0.759941816329956,0.5941464900970459,0.3774111866950989,0.0,0.3907923996448517,0.6003764271736145,0.8986599445343018,1.1681854724884033,1.4307366609573364,1.6905572414398193,1.6594783067703247,1.4764535427093506,1.2253609895706177,0.9582332372665405,0.9098914265632629,0.5619698762893677,0.790571928024292,0.773144006729126,0.7584162354469299,1.0821887254714966,1.17510187625885,1.5448079109191895,1.6832045316696167,2.0007317066192627,2.197697639465332,1.6684317588806152,1.563590168952942,1.466634750366211,1.2402710914611816,1.3899070024490356,1.141592264175415,1.3902812004089355,1.3972387313842773,1.1978617906570435,1.4932444095611572,1.4077062606811523,1.7819446325302124,1.828867793083191,2.08035945892334,2.2707059383392334,1.9734885692596436,1.7960224151611328,1.8016133308410645,1.5105412006378174,1.6970819234848022,1.4703900814056396,1.5678132772445679,1.552035927772522,1.2302677631378174,1.4594624042510986,1.2725505828857422,1.5867403745651245,1.6422457695007324,1.7792980670928955,2.0193893909454346,2.1907973289489746,1.911498785018921,1.8670315742492676,1.5022507905960083,1.5714727640151978,1.3342883586883545,1.2626861333847046,1.157141089439392,0.7829616069793701,0.8816344738006592,0.7051249742507935,0.9171015024185181,1.11403226852417,1.2138515710830688,1.5476099252700806
A10,2.41857647895813,2.1159250736236572,1.9198386669158936,1.5592097043991089,1.4124339818954468,1.1094517707824707,0.874627411365509,0.5439526438713074,0.3907923996448517,0.0,0.38189032673835754,0.5635989308357239,0.8635852336883545,1.1321673393249512,1.3737636804580688,1.9766875505447388,1.7990812063217163,1.503262996673584,1.2604835033416748,1.1107640266418457,0.755681574344635,0.8941489458084106,0.7453446984291077,0.8440350294113159,1.0618606805801392,1.1815240383148193,1.524609923362732,1.6284089088439941,1.982303261756897,2.1233503818511963,1.9015549421310425,1.8416457176208496,1.7027654647827148,1.5136256217956543,1.6136696338653564,1.3413010835647583,1.6051747798919678,1.5618458986282349,1.4111272096633911,1.6644943952560425,1.5651333332061768,1.9357352256774902,1.9213751554489136,2.20109486579895,2.332329034805298,2.238846778869629,2.1065475940704346,2.110873222351074,1.8436834812164307,2.0270938873291016,1.7777018547058105,1.897679328918457,1.840071201324463,1.525904893875122,1.7142863273620605,1.4720280170440674,1.7714674472808838,1.743480920791626,1.8714689016342163,2.055626153945923,2.544480085372925,2.279524326324463,2.2476742267608643,1.8868415355682373,1.956656813621521,1.70180344581604,1.6220811605453491,1.4605042934417725,1.0914963483810425,1.0803494453430176,0.7895594835281372,0.8953585624694824,0.990786075592041,0.9952821731567383,1.3228586912155151
A11,2.5676639080047607,2.28546404838562,2.123239040374756,1.7572762966156006,1.6728185415267944,1.3438677787780762,1.1801376342773438,0.8643416166305542,0.6003764271736145,0.38189032673835754,0.0,0.38416752219200134,0.5762814879417419,0.848195493221283,1.0966322422027588,2.249845266342163,2.039912700653076,1.7754262685775757,1.481402039527893,1.3424530029296875,0.9663267135620117,0.9834133386611938,0.698636531829834,0.7013832330703735,0.8049659729003906,0.8605682253837585,1.1907538175582886,1.2587792873382568,1.6207791566848755,1.744976282119751,2.129687786102295,2.020209550857544,1.8326482772827148,1.5976992845535278,1.617233395576477,1.2874150276184082,1.4907370805740356,1.3599618673324585,1.2275880575180054,1.4184602499008179,1.3132785558700562,1.6721162796020508,1.6310611963272095,1.9398139715194702,2.0384023189544678,2.311709403991699,2.1867544651031494,2.126067876815796,1.857036828994751,1.9850714206695557,1.689399003982544,1.8224815130233765,1.7102484703063965,1.4320639371871948,1.597601056098938,1.3529869318008423,1.6713306903839111,1.6031407117843628,1.7906825542449951,1.924552321434021,2.578693389892578,2.3536744117736816,2.3008339405059814,1.95415461063385,2.029017210006714,1.7334867715835571,1.7144148349761963,1.5244234800338745,1.1689343452453613,1.1786766052246094,0.8405231237411499,1.0203253030776978,0.9958485960960388,1.0663987398147583,1.3147343397140503
A12,2.8963117599487305,2.5939133167266846,2.4360523223876953,2.0654048919677734,1.9572844505310059,1.6533805131912231,1.4288917779922485,1.1061450242996216,0.8986599445343018,0.5635989308357239,0.38416752219200134,0.0,0.38917094469070435,0.5788765549659729,0.8472163677215576,2.4946975708007812,2.278869867324829,1.9776039123535156,1.705094814300537,1.4912229776382446,1.1428558826446533,1.0985462665557861,0.7691684365272522,0.9085733294487,0.9029760360717773,1.031952977180481,1.2818603515625,1.3446557521820068,1.7186962366104126,1.7902288436889648,2.275329113006592,2.2094037532806396,1.9905670881271362,1.8062785863876343,1.795944094657898,1.4827004671096802,1.7120047807693481,1.582152247428894,1.5213541984558105,1.6965076923370361,1.6210122108459473,1.9652798175811768,1.8981168270111084,2.225506067276001,2.277278423309326,2.4932940006256104,2.4179928302764893,2.37483286857605,2.142448902130127,2.29142165184021,2.0065865516662598,2.172739028930664,2.0670151710510254,1.8060805797576904,1.9689795970916748,1.7160203456878662,2.0211386680603027,1.9120272397994995,2.086709976196289,2.179426670074463,2.871246576309204,2.656604290008545,2.6363048553466797,2.2963109016418457,2.393437385559082,2.1094894409179688,2.0867669582366943,1.8971188068389893,1.5393627882003784,1.5157580375671387,1.1598739624023438,1.2513351440429688,1.1686946153640747,1.126023292541504,1.3437762260437012
A13,3.1355576515197754,2.8582892417907715,2.6979804039001465,2.3332748413085938,2.2389776706695557,1.9050512313842773,1.7266778945922852,1.3764748573303223,1.1681854724884033,0.8635852336883545,0.5762814879417419,0.38917094469070435,0.0,0.37968525290489197,0.5245352983474731,2.814631938934326,2.6032183170318604,2.322011709213257,2.0342350006103516,1.8503947257995605,1.4886939525604248,1.4323240518569946,1.0701812505722046,1.1153875589370728,1.0112199783325195,1.0192763805389404,1.2152926921844482,1.1674466133117676,1.5443592071533203,1.5446196794509888,2.6353423595428467,2.5425074100494385,2.3164660930633545,2.0989952087402344,2.055448532104492,1.7113231420516968,1.8775392770767212,1.6694977283477783,1.6005840301513672,1.6884973049163818,1.5690351724624634,1.8684695959091187,1.7345764636993408,2.0615642070770264,2.0538296699523926,2.78134822845459,2.693848133087158,2.6072356700897217,2.359919548034668,2.456484079360962,2.1356256008148193,2.2769768238067627,2.107520580291748,1.8667739629745483,1.9670634269714355,1.690443754196167,1.9655042886734009,1.7927582263946533,1.9819772243499756,2.008542060852051,3.0876173973083496,2.8906068801879883,2.8343496322631836,2.498441219329834,2.566736936569214,2.2481915950775146,2.237029552459717,1.9994089603424072,1.6730778217315674,1.6124141216278076,1.235125184059143,1.3219599723815918,1.1289938688278198,1.1193671226501465,1.2297972440719604
A14,3.358438014984131,3.0692920684814453,2.942868709564209,2.5700221061706543,2.5001838207244873,2.1866259574890137,1.990932822227478,1.6707899570465088,1.4307366609573364,1.1321673393249512,0.848195493221283,0.5788765549659729,0.37968525290489197,0.0,0.3831467032432556,3.0328493118286133,2.790404796600342,2.5037031173706055,2.20532488822937,1.9823522567749023,1.6450697183609009,1.5064555406570435,1.1187463998794556,1.203203558921814,0.9944639801979065,1.0564109086990356,1.1429234743118286,1.120152473449707,1.4742887020111084,1.4472407102584839,2.7393479347229004,2.6500377655029297,2.3814761638641357,2.187567710876465,2.088228464126587,1.7550921440124512,1.9125808477401733,1.6976938247680664,1.7113780975341797,1.7825288772583008,1.728003978729248,2.0104472637176514,1.8931622505187988,2.2442803382873535,2.211996555328369,2.8214874267578125,2.7809770107269287,2.683941602706909,2.4778945446014404,2.5760498046875,2.2652275562286377,2.4518918991088867,2.2991294860839844,2.100208282470703,2.2262566089630127,1.9838155508041382,2.2760965824127197,2.1073732376098633,2.32352352142334,2.329592227935791,3.2065927982330322,3.0416219234466553,3.0168774127960205,2.701558828353882,2.8095617294311523,2.502412796020508,2.5289485454559326,2.320091485977173,1.9867030382156372,1.964644193649292,1.5941457748413086,1.6959900856018066,1.5072643756866455,1.4760133028030396,1.5668020248413086
A15,3.6439666748046875,3.3681318759918213,3.2185847759246826,2.8523106575012207,2.762244462966919,2.4295220375061035,2.244633674621582,1.8908345699310303,1.6905572414398193,1.3737636804580688,1.0966322422027588,0.8472163677215576,0.5245352983474731,0.3831467032432556,0.0,3.328315258026123,3.1073849201202393,2.8190371990203857,2.5299487113952637,2.3199117183685303,1.9723451137542725,1.8673415184020996,1.4841210842132568,1.543698787689209,1.3370991945266724,1.3250690698623657,1.3871400356292725,1.262891173362732,1.597617268562317,1.4825760126113892,3.090965986251831,3.005019187927246,2.749281644821167,2.54538893699646,2.454817771911621,2.111806869506836,2.2482471466064453,2.00109601020813,1.9866433143615723,2.0083062648773193,1.9022769927978516,2.1447439193725586,1.9621942043304443,2.2902305126190186,2.2001824378967285,3.192173957824707,3.1366071701049805,3.0302700996398926,2.805969715118408,2.881666898727417,2.5520477294921875,2.7060532569885254,2.5101397037506104,2.3063578605651855,2.375565767288208,2.100576639175415,2.347217559814453,2.121168613433838,2.313199281692505,2.261768341064453,3.5324747562408447,3.3618297576904297,3.3097100257873535,2.9865686893463135,3.0605430603027344,2.732793092727661,2.73779559135437,2.4851956367492676,2.1755032539367676,2.0966649055480957,1.7168381214141846,1.7683566808700562,1.5081247091293335,1.4562674760818481,1.453813076019287
B1,1.0336884260177612,0.7425596117973328,0.6122926473617554,0.6987825632095337,0.6861158609390259,1.0599981546401978,1.1407207250595093,1.5424748659133911,1.6594783067703247,1.9766875505447388,2.249845266342163,2.4946975708007812,2.814631938934326,3.0328493118286133,3.328315258026123,0.0,0.3812253177165985,0.6059935688972473,0.89109867811203,1.1860535144805908,1.4191360473632812,1.6951438188552856,2.038416624069214,2.0398924350738525,2.4238078594207764,2.5670478343963623,2.888228178024292,3.123993396759033,3.3475148677825928,3.639338731765747,0.9693331718444824,0.9818453192710876,1.316910743713379,1.3513922691345215,1.7260478734970093,1.8502484560012817,2.0571577548980713,2.3362700939178467,2.1706950664520264,2.5259671211242676,2.5493085384368896,2.8480467796325684,3.047635555267334,3.1847383975982666,3.4970602989196777,1.6124099493026733,1.3761160373687744,1.6506136655807495,1.5182909965515137,1.8101013898849487,1.9234564304351807,1.9383678436279297,2.1997687816619873,1.9950957298278809,2.27109432220459,2.3056461811065674,2.509488821029663,2.767026424407959,2.808474540710449,3.167104959487915,1.6876353025436401,1.3305290937423706,1.4346667528152466,1.2672173976898193,1.3591645956039429,1.5466463565826416,1.4312926530838013,1.714220404624939,1.6334067583084106,1.8503462076187134,2.0339996814727783,2.156984806060791,2.515866756439209,2.599677324295044,2.9591376781463623
B2,1.0456368923187256,0.6793306469917297,0.6651303172111511,0.5930401086807251,0.694686770439148,0.9995973706245422,1.0493720769882202,1.4404330253601074,1.4764535427093506,1.7990812063217163,2.039912700653076,2.278869867324829,2.6032183170318604,2.790404796600342,3.1073849201202393,0.3812253177165985,0.0,0.38378503918647766,0.5897588133811951,0.9007512331008911,1.1580314636230469,1.3848681449890137,1.7447971105575562,1.7424429655075073,2.1169581413269043,2.2803754806518555,2.5815529823303223,2.842494249343872,3.0547070503234863,3.357872724533081,0.6879161596298218,0.6195667386054993,0.9424405097961426,0.9767730832099915,1.35027015209198,1.4967429637908936,1.709779143333435,2.0107319355010986,1.882354736328125,2.250974655151367,2.315990686416626,2.624277353286743,2.84267520904541,3.0090579986572266,3.316885232925415,1.2589000463485718,1.0329606533050537,1.3132638931274414,1.2002358436584473,1.52583646774292,1.6437076330184937,1.7175140380859375,1.9980435371398926,1.815912127494812,2.134294271469116,2.1828036308288574,2.432842493057251,2.6821677684783936,2.772883653640747,3.114957094192505,1.4477757215499878,1.1056501865386963,1.2641955614089966,1.086723804473877,1.2732888460159302,1.4313410520553589,1.394054889678955,1.6773861646652222,1.5434547662734985,1.8088563680648804,1.9426864385604858,2.113506317138672,2.4445881843566895,2.537384271621704,2.8985869884490967
B3,1.3872144222259521,1.0148680210113525,0.9162147045135498,0.708759605884552,0.6572275161743164,0.8856788277626038,0.7994471192359924,1.1720694303512573,1.2253609895706177,1.503262996673584,1.7754262685775757,1.9776039123535156,2.322011709213257,2.5037031173706055,2.8190371990203857,0.6059935688972473,0.38378503918647766,0.0,0.3769947588443756,0.5866872668266296,0.8636401295661926,1.1225547790527344,1.481550931930542,1.5434796810150146,1.9164999723434448,2.114189863204956,2.42514705657959,2.68249249458313,2.9288878440856934,3.2081825733184814,0.6268453598022461,0.6646841168403625,0.8778383731842041,0.9287928342819214,1.2943806648254395,1.3906092643737793,1.6691645383834839,1.9428831338882446,1.8263980150222778,2.207362174987793,2.2573790550231934,2.5973289012908936,2.779487133026123,2.9792263507843018,3.25754714012146,1.3589708805084229,1.193272590637207,1.4521006345748901,1.3175783157348633,1.660706639289856,1.7077672481536865,1.8189672231674194,2.05070161819458,1.8251198530197144,2.143841028213501,2.130849599838257,2.4022045135498047,2.6042981147766113,2.6935677528381348,3.0174307823181152,1.7128347158432007,1.382934808731079,1.5246752500534058,1.2823530435562134,1.4627217054367065,1.5308237075805664,1.4630405902862549,1.6679426431655884,1.4612784385681152,1.6834787130355835,1.756773829460144,1.8971843719482422,2.2164652347564697,2.266667366027832,2.637814998626709
B4,1.4154624938964844,1.0443848371505737,0.9763466119766235,0.6588062047958374,0.6961916089057922,0.7728720307350159,0.6953915953636169,1.0107263326644897,0.9582332372665405,1.2604835033416748,1.481402039527893,1.705094814300537,2.0342350006103516,2.20532488822937,2.5299487113952637,0.89109867811203,0.5897588133811951,0.3769947588443756,0.0,0.3806222677230835,0.5749450325965881,0.8089194297790527,1.1578564643859863,1.1807756423950195,1.5557732582092285,1.745922327041626,2.0528695583343506,2.3146209716796875,2.5543503761291504,2.838691234588623,0.7611258029937744,0.6445951461791992,0.7117218375205994,0.6354666352272034,0.9857006669044495,1.0303364992141724,1.3123574256896973,1.570296049118042,1.4589687585830688,1.843155026435852,1.9077702760696411,2.253688335418701,2.440500497817993,2.658569574356079,2.9300289154052734,1.2243794202804565,1.044339895248413,1.2263790369033813,1.0497881174087524,1.386283278465271,1.386702060699463,1.5323220491409302,1.7464356422424316,1.5281665325164795,1.8677141666412354,1.8587275743484497,2.162595510482788,2.3538365364074707,2.4849483966827393,2.7904841899871826,1.5732849836349487,1.2648605108261108,1.3819478750228882,1.1040529012680054,1.319562554359436,1.3219363689422607,1.313455581665039,1.492356777191162,1.2449766397476196,1.507180094718933,1.5388703346252441,1.7358124256134033,2.020822048187256,2.1026360988616943,2.4616804122924805
B5,1.792312502861023,1.4187507629394531,1.3499706983566284,1.0265727043151855,0.9917364120483398,0.9973896145820618,0.7796728014945984,0.9916781187057495,0.9098914265632629,1.1107640266418457,1.3424530029296875,1.4912229776382446,1.8503947257995605,1.9823522567749023,2.3199117183685303,1.1860535144805908,0.9007512331008911,0.5866872668266296,0.3806222677230835,0.0,0.3787250220775604,0.560379683971405,0.9314371943473816,1.0689077377319336,1.411340355873108,1.6668461561203003,1.955909252166748,2.231396436691284,2.4955999851226807,2.7576189041137695,0.7945439219474792,0.782837986946106,0.7051781415939331,0.7094438672065735,0.975687563419342,0.9927914142608643,1.3404414653778076,1.5780943632125854,1.5253968238830566,1.9096754789352417,1.9873567819595337,2.354240894317627,2.5127956867218018,2.7708113193511963,3.0067739486694336,1.3114404678344727,1.232151746749878,1.4054956436157227,1.2714791297912598,1.6108553409576416,1.5720934867858887,1.7704999446868896,1.9484442472457886,1.7229312658309937,2.0609261989593506,2.006115674972534,2.332096815109253,2.4715664386749268,2.6133763790130615,2.88860821723938,1.8482145071029663,1.5780316591262817,1.7174816131591797,1.4412510395050049,1.6656707525253296,1.6191986799240112,1.6110855340957642,1.7245607376098633,1.4217638969421387,1.6351205110549927,1.5805654525756836,1.7478089332580566,1.9942288398742676,2.021134614944458,2.383622407913208
B6,1.9163376092910767,1.5662699937820435,1.4566810131072998,1.0907167196273804,1.0359883308410645,0.8973353505134583,0.662741482257843,0.7334121465682983,0.5619698762893677,0.755681574344635,0.9663267135620117,1.1428558826446533,1.4886939525604248,1.6450697183609009,1.9723451137542725,1.4191360473632812,1.1580314636230469,0.8636401295661926,0.5749450325965881,0.3787250220775604,0.0,0.37652286887168884,0.6408952474594116,0.763737678527832,1.1169179677963257,1.348270058631897,1.6630345582962036,1.9066736698150635,2.1935572624206543,2.4349231719970703,1.165297269821167,1.0936075448989868,0.9609034657478333,0.8271732330322266,1.014431118965149,0.8856329917907715,1.2269797325134277,1.3772337436676025,1.291661024093628,1.6571178436279297,1.6962248086929321,2.0740509033203125,2.196716785430908,2.4676082134246826,2.681062936782837,1.5281094312667847,1.4183293581008911,1.5013970136642456,1.2998466491699219,1.5840200185775757,1.456904649734497,1.6455109119415283,1.7521294355392456,1.4983412027359009,1.813624620437622,1.7162634134292603,2.052595615386963,2.1556460857391357,2.310866594314575,2.5634007453918457,1.9610660076141357,1.6963317394256592,1.7664984464645386,1.4478572607040405,1.6323158740997314,1.5006564855575562,1.4900623559951782,1.5255708694458008,1.1832547187805176,1.372147798538208,1.2598803043365479,1.4471170902252197,1.6585068702697754,1.7016209363937378,2.0513739585876465
B7,2.1121890544891357,1.7662079334259033,1.7227963209152222,1.3603655099868774,1.3732101917266846,1.2355105876922607,1.0345433950424194,1.0520408153533936,0.790571928024292,0.8941489458084106,0.9834133386611938,1.0985462665557861,1.4323240518569946,1.5064555406570435,1.8673415184020996,1.6951438188552856,1.3848681449890137,1.1225547790527344,0.8089194297790527,0.560379683971405,0.37652286887168884,0.0,0.3982046842575073,0.5863187313079834,0.8748481273651123,1.1763055324554443,1.4341154098510742,1.724676489830017,1.9929790496826172,2.2435574531555176,1.2501803636550903,1.1482006311416626,0.8940718173980713,0.7625874280929565,0.810114860534668,0.6565103530883789,1.024078369140625,1.1766972541809082,1.1919649839401245,1.5486159324645996,1.6553406715393066,2.0275790691375732,2.165975332260132,2.470139980316162,2.6648385524749756,1.420703411102295,1.383025884628296,1.4218766689300537,1.276741623878479,1.549269199371338,1.4160829782485962,1.674508810043335,1.782643437385559,1.5847938060760498,1.9188915491104126,1.8447974920272827,2.208322048187256,2.293581247329712,2.4951257705688477,2.715430736541748,1.9629570245742798,1.759089708328247,1.8625408411026,1.5809227228164673,1.8154211044311523,1.6748982667922974,1.735603928565979,1.7726733684539795,1.4279003143310547,1.6377888917922974,1.4784862995147705,1.6956483125686646,1.8451648950576782,1.888746738433838,2.2121212482452393
B8,2.3938868045806885,2.069600820541382,2.00431752204895,1.6299816370010376,1.6266803741455078,1.408969521522522,1.2125005722045898,1.0945426225662231,0.773144006729126,0.7453446984291077,0.698636531829834,0.7691684365272522,1.0701812505722046,1.1187463998794556,1.4841210842132568,2.038416624069214,1.7447971105575562,1.481550931930542,1.1578564643859863,0.9314371943473816,0.6408952474594116,0.3982046842575073,0.0,0.3771689534187317,0.5547870993614197,0.8761229515075684,1.1283787488937378,1.3908638954162598,1.6889147758483887,1.903757095336914,1.6482322216033936,1.5352007150650024,1.265161395072937,1.0867066383361816,1.041574239730835,0.7667273283004761,1.06693434715271,1.081140160560608,1.1085392236709595,1.4047256708145142,1.4843374490737915,1.8553380966186523,1.9428340196609497,2.2746126651763916,2.4233434200286865,1.737385869026184,1.6979154348373413,1.666595697402954,1.4937721490859985,1.6972408294677734,1.485858678817749,1.739021897315979,1.7631884813308716,1.5639463663101196,1.856371283531189,1.7379993200302124,2.1060287952423096,2.131556987762451,2.3555068969726562,2.5284528732299805,2.213679313659668,2.0310542583465576,2.086367607116699,1.790958285331726,1.9903565645217896,1.7822990417480469,1.8487321138381958,1.8076832294464111,1.447278380393982,1.6092150211334229,1.3723262548446655,1.5924859046936035,1.6612180471420288,1.704961895942688,1.9895352125167847
B9,2.231234312057495,1.942913293838501,1.8950066566467285,1.5279998779296875,1.5846041440963745,1.3359882831573486,1.2385867834091187,1.1311007738113403,0.7584162354469299,0.8440350294113159,0.7013832330703735,0.9085733294487,1.1153875589370728,1.203203558921814,1.543698787689209,2.0398924350738525,1.7424429655075073,1.5434796810150146,1.1807756423950195,1.0689077377319336,0.763737678527832,0.5863187313079834,0.3771689534187317,0.0,0.38915565609931946,0.5999554395675659,0.9010265469551086,1.1631345748901367,1.4344810247421265,1.6889584064483643,1.7510300874710083,1.5614959001541138,1.3083709478378296,1.0337523221969604,0.9588940739631653,0.6029784679412842,0.8093792796134949,0.755691647529602,0.7365797758102417,1.0328987836837769,1.1206225156784058,1.4902780055999756,1.60651695728302,1.9316151142120361,2.1035945415496826,1.6939617395401,1.5997012853622437,1.4960453510284424,1.2785595655441284,1.4181400537490845,1.1607824563980103,1.4046096801757812,1.4025821685791016,1.2285500764846802,1.5247132778167725,1.4432430267333984,1.8223992586135864,1.872497797012329,2.1305091381073,2.305734872817993,2.009239435195923,1.8444476127624512,1.852031946182251,1.5620994567871094,1.7481440305709839,1.5115169286727905,1.6269729137420654,1.5864195823669434,1.2528417110443115,1.4634804725646973,1.2557958364486694,1.5474412441253662,1.6103309392929077,1.7372881174087524,1.99735689163208
B10,2.5787224769592285,2.3030996322631836,2.2724554538726807,1.9097363948822021,1.971947431564331,1.7110973596572876,1.607094168663025,1.451356291770935,1.0821887254714966,1.0618606805801392,0.8049659729003906,0.9029760360717773,1.0112199783325195,0.9944639801979065,1.3370991945266724,2.4238078594207764,2.1169581413269043,1.9164999723434448,1.5557732582092285,1.411340355873108,1.1169179677963257,0.8748481273651123,0.5547870993614197,0.38915565609931946,0.0,0.3843670189380646,0.5740734934806824,0.8662180304527283,1.1397193670272827,1.3738389015197754,2.0714855194091797,1.883246660232544,1.5892099142074585,1.3337796926498413,1.1664645671844482,0.8104773163795471,0.920378565788269,0.7410777807235718,0.8373340368270874,1.0137218236923218,1.1324938535690308,1.4626872539520264,1.5452086925506592,1.9042224884033203,2.019906759262085,1.9192591905593872,1.8691091537475586,1.721922516822815,1.5423730611801147,1.6297982931137085,1.350111484527588,1.6107515096664429,1.557590126991272,1.437657117843628,1.691938877105713,1.6038811206817627,1.9765173196792603,1.9739869832992554,2.2632882595062256,2.381047010421753,2.256105422973633,2.1387948989868164,2.144819736480713,1.881133794784546,2.067291021347046,1.8108854293823242,1.951817512512207,1.8782144784927368,1.5577516555786133,1.7350614070892334,1.4813189506530762,1.761321783065796,1.7438095808029175,1.8613314628601074,2.0694661140441895
B11,2.6041250228881836,2.369839668273926,2.328747034072876,1.9815510511398315,2.0597217082977295,1.762678861618042,1.7237235307693481,1.5402843952178955,1.17510187625885,1.1815240383148193,0.8605682253837585,1.031952977180481,1.0192763805389404,1.0564109086990356,1.3250690698623657,2.5670478343963623,2.2803754806518555,2.114189863204956,1.745922327041626,1.6668461561203003,1.348270058631897,1.1763055324554443,0.8761229515075684,0.5999554395675659,0.3843670189380646,0.0,0.38136905431747437,0.5697966814041138,0.8505992889404297,1.096081018447876,2.3302524089813232,2.1076765060424805,1.8455497026443481,1.5403943061828613,1.3839342594146729,1.010115146636963,1.0028207302093506,0.6930066347122192,0.6974361538887024,0.7439802289009094,0.8056261539459229,1.113478183746338,1.1683869361877441,1.5336755514144897,1.6377712488174438,2.126739263534546,2.026588201522827,1.8284573554992676,1.604961633682251,1.6100058555603027,1.275722622871399,1.4785690307617188,1.3399221897125244,1.2439912557601929,1.4382221698760986,1.351914644241333,1.7099567651748657,1.6885846853256226,2.0073037147521973,2.096738338470459,2.2978737354278564,2.190382719039917,2.132390022277832,1.8711740970611572,2.007389783859253,1.7094541788101196,1.867238163948059,1.7522391080856323,1.4735214710235596,1.6393362283706665,1.394057035446167,1.7037330865859985,1.6456832885742188,1.8270419836044312,1.9871305227279663
B12,2.8835227489471436,2.6585235595703125,2.6519839763641357,2.3118624687194824,2.4139368534088135,2.1307642459869385,2.0892322063446045,1.9121345281600952,1.5448079109191895,1.524609923362732,1.1907538175582886,1.2818603515625,1.2152926921844482,1.1429234743118286,1.3871400356292725,2.888228178024292,2.5815529823303223,2.42514705657959,2.0528695583343506,1.955909252166748,1.6630345582962036,1.4341154098510742,1.1283787488937378,0.9010265469551086,0.5740734934806824,0.38136905431747437,0.0,0.3888370394706726,0.5747674703598022,0.8419802784919739,2.5757389068603516,2.344458818435669,2.0491678714752197,1.761488676071167,1.535646915435791,1.1911377906799316,1.1161710023880005,0.7685785889625549,0.9073273539543152,0.8438679575920105,0.9847567081451416,1.1968533992767334,1.2524651288986206,1.6237155199050903,1.6792956590652466,2.2640061378479004,2.2060043811798096,1.9744830131530762,1.802187204360962,1.772592544555664,1.4561222791671753,1.6844581365585327,1.5445002317428589,1.524244785308838,1.700039267539978,1.6486172676086426,1.9885631799697876,1.9496440887451172,2.288762092590332,2.336798667907715,2.4579713344573975,2.4029541015625,2.36124849319458,2.139608144760132,2.2972798347473145,2.0118985176086426,2.204350233078003,2.1014132499694824,1.8411356210708618,2.0099098682403564,1.7616124153137207,2.062615394592285,1.9705820083618164,2.140618085861206,2.2667527198791504
B13,3.0927822589874268,2.8886423110961914,2.850404739379883,2.515598773956299,2.5948948860168457,2.277921199798584,2.252183437347412,2.0260679721832275,1.6832045316696167,1.6284089088439941,1.2587792873382568,1.3446557521820068,1.1674466133117676,1.120152473449707,1.262891173362732,3.123993396759033,2.842494249343872,2.68249249458313,2.3146209716796875,2.231396436691284,1.9066736698150635,1.724676489830017,1.3908638954162598,1.1631345748901367,0.8662180304527283,0.5697966814041138,0.3888370394706726,0.0,0.3792807459831238,0.5289108753204346,2.8921666145324707,2.6630733013153076,2.3886241912841797,2.085043430328369,1.8891956806182861,1.5308631658554077,1.4474977254867554,1.071173906326294,1.1133612394332886,0.9498360753059387,0.9642513990402222,1.106716513633728,1.0487680435180664,1.4198518991470337,1.4007866382598877,2.619058847427368,2.5320208072662354,2.2921245098114014,2.0852487087249756,2.020735263824463,1.673806071281433,1.8367444276809692,1.6171014308929443,1.5886194705963135,1.67714262008667,1.5849522352218628,1.8809120655059814,1.7793368101119995,2.122253894805908,2.1123809814453125,2.7325100898742676,2.6660101413726807,2.578197956085205,2.3433854579925537,2.4482102394104004,2.1275084018707275,2.296581268310547,2.134239673614502,1.900827407836914,2.0136165618896484,1.7491800785064697,2.029883861541748,1.8753674030303955,2.0645222663879395,2.127657413482666
