0.000000000000000000e+00,3.823966979980468750e-01,6.100339889526367188e-01,9.034101366996765137e-01,1.174880743026733398e+00,1.392458438873291016e+00,1.680204033851623535e+00,2.005925655364990234e+00,2.050674200057983398e+00,2.399880886077880859e+00,2.598304748535156250e+00,2.884684562683105469e+00,3.058188676834106445e+00,3.255952596664428711e+00,3.404690742492675781e+00,9.173932671546936035e-01,9.237109422683715820e-01,1.266112804412841797e+00,1.307519555091857910e+00,1.680829286575317383e+00,1.770017266273498535e+00,2.064155101776123047e+00,2.345156908035278320e+00,2.221652030944824219e+00,2.589858531951904297e+00,2.683204174041748047e+00,3.020038604736328125e+00,3.097599744796752930e+00,3.192100763320922852e+00,3.373450279235839844e+00,1.413195729255676270e+00,1.170136213302612305e+00,1.457024455070495605e+00,1.351411581039428711e+00,1.650569200515747070e+00,1.755396842956542969e+00,1.920076370239257812e+00,2.211903572082519531e+00,2.068114042282104492e+00,2.373389482498168945e+00,2.517080783843994141e+00,2.802167177200317383e+00,2.811374902725219727e+00,2.941958427429199219e+00,3.204730033874511719e+00,1.340589523315429688e+00,1.008431673049926758e+00,1.154369592666625977e+00,1.080340266227722168e+00,1.225961327552795410e+00,1.465852379798889160e+00,1.516165018081665039e+00,1.873813152313232422e+00,1.846202611923217773e+00,2.110675334930419922e+00,2.353149175643920898e+00,2.569475889205932617e+00,2.606884479522705078e+00,2.841002941131591797e+00,3.127234220504760742e+00,8.690868020057678223e-01,6.148722171783447266e-01,5.895366072654724121e-01,7.561306357383728027e-01,8.175629377365112305e-01,1.171771287918090820e+00,1.274584054946899414e+00,1.666018605232238770e+00,1.778243660926818848e+00,2.041480541229248047e+00,2.330317497253417969e+00,2.539559364318847656e+00,2.635560512542724609e+00,2.902801275253295898e+00,3.127028942108154297e+00
3.823966979980468750e-01,0.000000000000000000e+00,3.921686708927154541e-01,5.999807715415954590e-01,8.959782719612121582e-01,1.129710793495178223e+00,1.387115478515625000e+00,1.733543872833251953e+00,1.765406012535095215e+00,2.105021238327026367e+00,2.319542407989501953e+00,2.594833374023437500e+00,2.746746540069580078e+00,2.956113576889038086e+00,3.129276037216186523e+00,6.523160934448242188e-01,5.614271163940429688e-01,8.938179612159729004e-01,9.350098967552185059e-01,1.305013179779052734e+00,1.421088099479675293e+00,1.709542751312255859e+00,2.010901689529418945e+00,1.922034502029418945e+00,2.289364337921142578e+00,2.418032884597778320e+00,2.742181777954101562e+00,2.842806339263916016e+00,2.973360776901245117e+00,3.152768135070800781e+00,1.064823627471923828e+00,8.198979496955871582e-01,1.108201861381530762e+00,1.024021863937377930e+00,1.355355501174926758e+00,1.464613676071166992e+00,1.675743460655212402e+00,1.978404760360717773e+00,1.860014796257019043e+00,2.193481922149658203e+00,2.346220493316650391e+00,2.645500183105468750e+00,2.701336860656738281e+00,2.848593235015869141e+00,3.079476356506347656e+00,1.094693899154663086e+00,7.596294879913330078e-01,9.634819626808166504e-01,8.726317286491394043e-01,1.120158553123474121e+00,1.312949538230895996e+00,1.444898366928100586e+00,1.787063360214233398e+00,1.720049858093261719e+00,2.030457019805908203e+00,2.233477354049682617e+00,2.494322299957275391e+00,2.543099880218505859e+00,2.741691350936889648e+00,3.016742706298828125e+00,8.660485148429870605e-01,5.066323280334472656e-01,5.926200747489929199e-01,6.039032340049743652e-01,7.892082929611206055e-01,1.073467373847961426e+00,1.201996564865112305e+00,1.582232236862182617e+00,1.613774418830871582e+00,1.902907967567443848e+00,2.154281854629516602e+00,2.395069837570190430e+00,2.460768222808837891e+00,2.692129611968994141e+00,2.936348676681518555e+00
6.100339889526367188e-01,3.921686708927154541e-01,0.000000000000000000e+00,3.753476440906524658e-01,5.678382515907287598e-01,8.273262381553649902e-01,1.084159255027770996e+00,1.424967050552368164e+00,1.514775037765502930e+00,1.840260624885559082e+00,2.075952529907226562e+00,2.332243680953979492e+00,2.520485162734985352e+00,2.753011941909790039e+00,2.897809982299804688e+00,6.024072766304016113e-01,6.105723977088928223e-01,8.101856112480163574e-01,8.645206093788146973e-01,1.223262190818786621e+00,1.283572435379028320e+00,1.618079185485839844e+00,1.882734775543212891e+00,1.805620670318603516e+00,2.186109066009521484e+00,2.293174505233764648e+00,2.632886409759521484e+00,2.769190788269042969e+00,2.889864444732666016e+00,3.026141166687011719e+00,1.182451725006103516e+00,9.940622448921203613e-01,1.238749265670776367e+00,1.112283945083618164e+00,1.464310884475708008e+00,1.483658432960510254e+00,1.734391331672668457e+00,1.982304096221923828e+00,1.811010003089904785e+00,2.162084579467773438e+00,2.256115436553955078e+00,2.586545705795288086e+00,2.644066333770751953e+00,2.745676040649414062e+00,2.955269098281860352e+00,1.385364770889282227e+00,1.049362540245056152e+00,1.207289099693298340e+00,1.005782008171081543e+00,1.243134617805480957e+00,1.336504101753234863e+00,1.442612290382385254e+00,1.728621363639831543e+00,1.585838913917541504e+00,1.881063461303710938e+00,2.039952754974365234e+00,2.305311441421508789e+00,2.309176921844482422e+00,2.475288152694702148e+00,2.772123336791992188e+00,1.210131883621215820e+00,8.376003503799438477e-01,7.796872258186340332e-01,6.142153143882751465e-01,6.641739010810852051e-01,9.065624475479125977e-01,9.335097670555114746e-01,1.306415915489196777e+00,1.332694768905639648e+00,1.583338856697082520e+00,1.852054715156555176e+00,2.066150426864624023e+00,2.111047267913818359e+00,2.358825445175170898e+00,2.615073204040527344e+00
9.034101366996765137e-01,5.999807715415954590e-01,3.753476440906524658e-01,0.000000000000000000e+00,3.724847435951232910e-01,5.366777181625366211e-01,8.018000721931457520e-01,1.135842680931091309e+00,1.174773454666137695e+00,1.509647130966186523e+00,1.735231041908264160e+00,2.000789880752563477e+00,2.169090032577514648e+00,2.393154621124267578e+00,2.553612470626831055e+00,7.491868734359741211e-01,5.973419547080993652e-01,6.282027959823608398e-01,5.526339411735534668e-01,9.012428522109985352e-01,9.160995483398437500e-01,1.253182172775268555e+00,1.508187413215637207e+00,1.435041546821594238e+00,1.814951181411743164e+00,1.934911727905273438e+00,2.268058300018310547e+00,2.416134357452392578e+00,2.555210828781127930e+00,2.689419031143188477e+00,1.081036210060119629e+00,8.731796145439147949e-01,1.012657523155212402e+00,8.381554484367370605e-01,1.184583544731140137e+00,1.155149579048156738e+00,1.435278892517089844e+00,1.663565516471862793e+00,1.501228332519531250e+00,1.867651224136352539e+00,1.961227297782897949e+00,2.299073457717895508e+00,2.392790317535400391e+00,2.507157087326049805e+00,2.688257455825805664e+00,1.294539451599121094e+00,9.755501151084899902e-01,1.082770228385925293e+00,8.273830413818359375e-01,1.101727008819580078e+00,1.111583709716796875e+00,1.276989579200744629e+00,1.524407148361206055e+00,1.349450230598449707e+00,1.679816961288452148e+00,1.802434682846069336e+00,2.104008197784423828e+00,2.132910490036010742e+00,2.273066997528076172e+00,2.545823097229003906e+00,1.261713743209838867e+00,8.897938728332519531e-01,8.398818373680114746e-01,5.380353331565856934e-01,6.793148517608642578e-01,7.671968936920166016e-01,8.497000932693481445e-01,1.168614983558654785e+00,1.100958704948425293e+00,1.393952488899230957e+00,1.607565879821777344e+00,1.866311669349670410e+00,1.905694603919982910e+00,2.110239028930664062e+00,2.365715026855468750e+00
1.174880743026733398e+00,8.959782719612121582e-01,5.678382515907287598e-01,3.724847435951232910e-01,0.000000000000000000e+00,3.740438818931579590e-01,5.267441868782043457e-01,8.899000287055969238e-01,1.035514950752258301e+00,1.318135142326354980e+00,1.596115469932556152e+00,1.812288045883178711e+00,2.011243820190429688e+00,2.278713464736938477e+00,2.420875549316406250e+00,7.894145250320434570e-01,7.552357912063598633e-01,6.392682790756225586e-01,6.579729914665222168e-01,9.052647352218627930e-01,8.971650600433349609e-01,1.257887482643127441e+00,1.480035066604614258e+00,1.465352296829223633e+00,1.838817954063415527e+00,1.958932995796203613e+00,2.287893295288085938e+00,2.483498573303222656e+00,2.630491495132446289e+00,2.717472076416015625e+00,1.202275633811950684e+00,1.099128246307373047e+00,1.227155923843383789e+00,1.093621373176574707e+00,1.432159662246704102e+00,1.351699948310852051e+00,1.664684653282165527e+00,1.843666434288024902e+00,1.660511136054992676e+00,2.033451795578002930e+00,2.073487520217895508e+00,2.432948112487792969e+00,2.541004896163940430e+00,2.615366935729980469e+00,2.761134862899780273e+00,1.593687295913696289e+00,1.309234738349914551e+00,1.435570836067199707e+00,1.172086358070373535e+00,1.435877799987792969e+00,1.382829427719116211e+00,1.532357811927795410e+00,1.716042399406433105e+00,1.471581816673278809e+00,1.777424693107604980e+00,1.831933259963989258e+00,2.140677928924560547e+00,2.118347644805908203e+00,2.201042652130126953e+00,2.491887331008911133e+00,1.629548549652099609e+00,1.253539204597473145e+00,1.193360328674316406e+00,8.797438740730285645e-01,9.156865477561950684e-01,9.402701258659362793e-01,8.907918334007263184e-01,1.147327065467834473e+00,1.034117937088012695e+00,1.255536556243896484e+00,1.464705109596252441e+00,1.689159750938415527e+00,1.668351292610168457e+00,1.873576402664184570e+00,2.163524627685546875e+00
1.392458438873291016e+00,1.129710793495178223e+00,8.273262381553649902e-01,5.366777181625366211e-01,3.740438818931579590e-01,0.000000000000000000e+00,3.627025783061981201e-01,6.162070035934448242e-01,7.061705589294433594e-01,1.025723218917846680e+00,1.262831926345825195e+00,1.511389851570129395e+00,1.723675727844238281e+00,1.964538693428039551e+00,2.086923360824584961e+00,1.147270202636718750e+00,1.041441321372985840e+00,8.725083470344543457e-01,7.311705350875854492e-01,9.060178399085998535e-01,7.431588172912597656e-01,1.098765969276428223e+00,1.238038539886474609e+00,1.177469253540039062e+00,1.549169182777404785e+00,1.628200769424438477e+00,1.969414949417114258e+00,2.167222976684570312e+00,2.294099092483520508e+00,2.362691879272460938e+00,1.423254609107971191e+00,1.276284933090209961e+00,1.297549128532409668e+00,1.083322525024414062e+00,1.359816074371337891e+00,1.186166763305664062e+00,1.482578277587890625e+00,1.593721866607666016e+00,1.374208450317382812e+00,1.739322066307067871e+00,1.741143941879272461e+00,2.108830928802490234e+00,2.222857236862182617e+00,2.280225515365600586e+00,2.407163381576538086e+00,1.713972806930541992e+00,1.427112936973571777e+00,1.459023237228393555e+00,1.139805555343627930e+00,1.349385142326354980e+00,1.203403234481811523e+00,1.339630365371704102e+00,1.452150464057922363e+00,1.165982961654663086e+00,1.466559052467346191e+00,1.483446478843688965e+00,1.806451082229614258e+00,1.793571829795837402e+00,1.861171007156372070e+00,2.136845827102661133e+00,1.733417987823486328e+00,1.382785677909851074e+00,1.260813832283020020e+00,8.960460424423217773e-01,9.015482068061828613e-01,7.746718525886535645e-01,7.299230098724365234e-01,8.869875669479370117e-01,6.946303844451904297e-01,9.480129480361938477e-01,1.118670582771301270e+00,1.379218220710754395e+00,1.387737870216369629e+00,1.575374007225036621e+00,1.841283798217773438e+00
1.680204033851623535e+00,1.387115478515625000e+00,1.084159255027770996e+00,8.018000721931457520e-01,5.267441868782043457e-01,3.627025783061981201e-01,0.000000000000000000e+00,3.935552537441253662e-01,5.958933830261230469e-01,8.096520900726318359e-01,1.123230576515197754e+00,1.299796819686889648e+00,1.508693337440490723e+00,1.800572991371154785e+00,1.936417222023010254e+00,1.246081352233886719e+00,1.162838935852050781e+00,8.862807154655456543e-01,8.026987910270690918e-01,8.375843167304992676e-01,6.835640072822570801e-01,1.010879755020141602e+00,1.130013108253479004e+00,1.173858642578125000e+00,1.512176990509033203e+00,1.629543304443359375e+00,1.936870813369750977e+00,2.184046268463134766e+00,2.347519159317016602e+00,2.382982492446899414e+00,1.448724627494812012e+00,1.388196229934692383e+00,1.384529829025268555e+00,1.236653685569763184e+00,1.498482704162597656e+00,1.317494750022888184e+00,1.644496440887451172e+00,1.731062412261962891e+00,1.545388817787170410e+00,1.908199310302734375e+00,1.890718340873718262e+00,2.259695768356323242e+00,2.412416458129882812e+00,2.461060047149658203e+00,2.539270401000976562e+00,1.874853134155273438e+00,1.637651443481445312e+00,1.705992221832275391e+00,1.416878581047058105e+00,1.656720161437988281e+00,1.487794518470764160e+00,1.654763698577880859e+00,1.728896856307983398e+00,1.417120099067687988e+00,1.706645131111145020e+00,1.653236508369445801e+00,1.990625143051147461e+00,1.957426428794860840e+00,1.954725146293640137e+00,2.217678785324096680e+00,2.020220756530761719e+00,1.664762496948242188e+00,1.592031598091125488e+00,1.232262730598449707e+00,1.261326670646667480e+00,1.128163456916809082e+00,1.056007504463195801e+00,1.140259265899658203e+00,8.790375590324401855e-01,1.049486279487609863e+00,1.140468835830688477e+00,1.384480476379394531e+00,1.302187561988830566e+00,1.431290745735168457e+00,1.742581367492675781e+00
2.005925655364990234e+00,1.733543872833251953e+00,1.424967050552368164e+00,1.135842680931091309e+00,8.899000287055969238e-01,6.162070035934448242e-01,3.935552537441253662e-01,0.000000000000000000e+00,3.756431341171264648e-01,4.894612133502960205e-01,7.936881780624389648e-01,9.516857862472534180e-01,1.210115790367126465e+00,1.498587727546691895e+00,1.588945150375366211e+00,1.637274265289306641e+00,1.545776844024658203e+00,1.261391282081604004e+00,1.125203490257263184e+00,1.090583682060241699e+00,8.317968845367431641e-01,1.080029964447021484e+00,1.055182576179504395e+00,1.087821006774902344e+00,1.376931905746459961e+00,1.436677575111389160e+00,1.735843062400817871e+00,2.007452964782714844e+00,2.147272109985351562e+00,2.128802776336669922e+00,1.803033351898193359e+00,1.730895280838012695e+00,1.668283462524414062e+00,1.484110713005065918e+00,1.681595087051391602e+00,1.427958250045776367e+00,1.720849990844726562e+00,1.717247486114501953e+00,1.503221273422241211e+00,1.830511569976806641e+00,1.744034171104431152e+00,2.113076210021972656e+00,2.273097991943359375e+00,2.279445171356201172e+00,2.312628984451293945e+00,2.180460929870605469e+00,1.946868300437927246e+00,1.957773208618164062e+00,1.642892956733703613e+00,1.828180670738220215e+00,1.589983105659484863e+00,1.724043011665344238e+00,1.707126736640930176e+00,1.356290578842163086e+00,1.593477964401245117e+00,1.457480788230895996e+00,1.791298866271972656e+00,1.737051844596862793e+00,1.671164274215698242e+00,1.915999770164489746e+00,2.308548212051391602e+00,1.970815658569335938e+00,1.855374097824096680e+00,1.482706665992736816e+00,1.468591094017028809e+00,1.250822901725769043e+00,1.148893356323242188e+00,1.093904972076416016e+00,7.675038576126098633e-01,8.507202267646789551e-01,8.355135321617126465e-01,1.078756332397460938e+00,9.695281982421875000e-01,1.050602436065673828e+00,1.361098766326904297e+00
2.050674200057983398e+00,1.765406012535095215e+00,1.514775037765502930e+00,1.174773454666137695e+00,1.035514950752258301e+00,7.061705589294433594e-01,5.958933830261230469e-01,3.756431341171264648e-01,0.000000000000000000e+00,3.800531625747680664e-01,5.654757618904113770e-01,8.377002477645874023e-01,1.032485485076904297e+00,1.259886145591735840e+00,1.390139341354370117e+00,1.763621211051940918e+00,1.593462705612182617e+00,1.311408400535583496e+00,1.077264547348022461e+00,1.004232048988342285e+00,6.606147885322570801e-01,8.387768864631652832e-01,7.422839403152465820e-01,7.213503122329711914e-01,1.011544823646545410e+00,1.070641398429870605e+00,1.378361225128173828e+00,1.639227986335754395e+00,1.790936470031738281e+00,1.798662781715393066e+00,1.793156981468200684e+00,1.677367448806762695e+00,1.536618471145629883e+00,1.316598057746887207e+00,1.442836999893188477e+00,1.144904375076293945e+00,1.411054611206054688e+00,1.367983460426330566e+00,1.171647310256958008e+00,1.490037679672241211e+00,1.418113708496093750e+00,1.778929710388183594e+00,1.968966603279113770e+00,2.010449647903442383e+00,2.032634496688842773e+00,2.055888414382934570e+00,1.843331336975097656e+00,1.795937895774841309e+00,1.485766053199768066e+00,1.644833922386169434e+00,1.363664627075195312e+00,1.526148438453674316e+00,1.475670218467712402e+00,1.142421960830688477e+00,1.405436158180236816e+00,1.264155387878417969e+00,1.626222014427185059e+00,1.643074512481689453e+00,1.597758054733276367e+00,1.789896726608276367e+00,2.210175752639770508e+00,1.907557606697082520e+00,1.798005700111389160e+00,1.427554011344909668e+00,1.465482711791992188e+00,1.194229483604431152e+00,1.190316557884216309e+00,1.111522078514099121e+00,7.405192852020263672e-01,9.227725863456726074e-01,8.213241100311279297e-01,1.151322841644287109e+00,1.121679902076721191e+00,1.135838270187377930e+00,1.380093574523925781e+00
2.399880886077880859e+00,2.105021238327026367e+00,1.840260624885559082e+00,1.509647130966186523e+00,1.318135142326354980e+00,1.025723218917846680e+00,8.096520900726318359e-01,4.894612133502960205e-01,3.800531625747680664e-01,0.000000000000000000e+00,3.761809468269348145e-01,4.970831573009490967e-01,7.222836017608642578e-01,1.016911268234252930e+00,1.137505888938903809e+00,2.026199817657470703e+00,1.877907752990722656e+00,1.554021835327148438e+00,1.361298203468322754e+00,1.208917975425720215e+00,9.001525640487670898e-01,9.830090999603271484e-01,7.947464585304260254e-01,8.890370130538940430e-01,1.063465237617492676e+00,1.125923037528991699e+00,1.362828016281127930e+00,1.676233172416687012e+00,1.845848798751831055e+00,1.791334867477416992e+00,2.023648023605346680e+00,1.960592865943908691e+00,1.805372714996337891e+00,1.628613948822021484e+00,1.732222080230712891e+00,1.435249447822570801e+00,1.693789243698120117e+00,1.607934832572937012e+00,1.444181203842163086e+00,1.721811056137084961e+00,1.610969781875610352e+00,1.950008392333984375e+00,2.165169477462768555e+00,2.179031848907470703e+00,2.139014005661010742e+00,2.357717037200927734e+00,2.174675464630126953e+00,2.143439769744873047e+00,1.849424958229064941e+00,2.014141559600830078e+00,1.722359538078308105e+00,1.883416175842285156e+00,1.794146537780761719e+00,1.454960346221923828e+00,1.671869874000549316e+00,1.461066603660583496e+00,1.804868817329406738e+00,1.793141365051269531e+00,1.664459586143493652e+00,1.825066566467285156e+00,2.573763847351074219e+00,2.267877340316772461e+00,2.173027038574218750e+00,1.801870226860046387e+00,1.832488894462585449e+00,1.562182426452636719e+00,1.522660374641418457e+00,1.398375272750854492e+00,1.027417182922363281e+00,1.097927451133728027e+00,9.022197127342224121e-01,1.171389579772949219e+00,1.050151228904724121e+00,9.457272291183471680e-01,1.215412616729736328e+00
2.598304748535156250e+00,2.319542407989501953e+00,2.075952529907226562e+00,1.735231041908264160e+00,1.596115469932556152e+00,1.262831926345825195e+00,1.123230576515197754e+00,7.936881780624389648e-01,5.654757618904113770e-01,3.761809468269348145e-01,0.000000000000000000e+00,3.752292990684509277e-01,5.718491673469543457e-01,7.415964603424072266e-01,8.255793452262878418e-01,2.321145534515380859e+00,2.142256498336791992e+00,1.839881181716918945e+00,1.595374345779418945e+00,1.447711229324340820e+00,1.100712776184082031e+00,1.111904382705688477e+00,8.114694952964782715e-01,8.138768672943115234e-01,8.895177245140075684e-01,8.524228930473327637e-01,1.074635982513427734e+00,1.385891675949096680e+00,1.522606372833251953e+00,1.433113455772399902e+00,2.281314849853515625e+00,2.178333044052124023e+00,1.978822112083435059e+00,1.763526201248168945e+00,1.799196362495422363e+00,1.460760354995727539e+00,1.651131749153137207e+00,1.480274915695190430e+00,1.311761975288391113e+00,1.523791670799255371e+00,1.363748788833618164e+00,1.677276372909545898e+00,1.903771042823791504e+00,1.902100324630737305e+00,1.820185422897338867e+00,2.511366844177246094e+00,2.331285953521728516e+00,2.239175558090209961e+00,1.940082192420959473e+00,2.046653270721435547e+00,1.713771581649780273e+00,1.848479628562927246e+00,1.686921954154968262e+00,1.363696455955505371e+00,1.530769228935241699e+00,1.270315051078796387e+00,1.600490331649780273e+00,1.622924685478210449e+00,1.471355438232421875e+00,1.567171573638916016e+00,2.694269657135009766e+00,2.420522451400756836e+00,2.299152612686157227e+00,1.937234282493591309e+00,1.960488796234130859e+00,1.643886923789978027e+00,1.634738326072692871e+00,1.444702506065368652e+00,1.078387618064880371e+00,1.137758851051330566e+00,8.472086787223815918e-01,1.131147384643554688e+00,1.081600189208984375e+00,9.096080660820007324e-01,1.071391820907592773e+00
2.884684562683105469e+00,2.594833374023437500e+00,2.332243680953979492e+00,2.000789880752563477e+00,1.812288045883178711e+00,1.511389851570129395e+00,1.299796819686889648e+00,9.516857862472534180e-01,8.377002477645874023e-01,4.970831573009490967e-01,3.752292990684509277e-01,0.000000000000000000e+00,3.635832667350769043e-01,6.476498842239379883e-01,6.965530514717102051e-01,2.519442796707153320e+00,2.367324590682983398e+00,2.033847808837890625e+00,1.833779096603393555e+00,1.642925262451171875e+00,1.336228013038635254e+00,1.320670962333679199e+00,1.020624995231628418e+00,1.124087333679199219e+00,1.136269450187683105e+00,1.130670905113220215e+00,1.262434005737304688e+00,1.603479743003845215e+00,1.755782127380371094e+00,1.613277554512023926e+00,2.474652051925659180e+00,2.420441150665283203e+00,2.228266239166259766e+00,2.053761720657348633e+00,2.099381685256958008e+00,1.779675006866455078e+00,1.985517024993896484e+00,1.817255258560180664e+00,1.676001429557800293e+00,1.873482346534729004e+00,1.703150033950805664e+00,1.993364453315734863e+00,2.227847337722778320e+00,2.203519821166992188e+00,2.079934358596801758e+00,2.787072181701660156e+00,2.624950885772705078e+00,2.563961505889892578e+00,2.275205850601196289e+00,2.404998779296875000e+00,2.080292224884033203e+00,2.220305681228637695e+00,2.058765649795532227e+00,1.730196356773376465e+00,1.876485109329223633e+00,1.589800834655761719e+00,1.892722725868225098e+00,1.876055479049682617e+00,1.661586761474609375e+00,1.741088271141052246e+00,3.020650386810302734e+00,2.732490062713623047e+00,2.627168416976928711e+00,2.259303331375122070e+00,2.277465105056762695e+00,1.976554989814758301e+00,1.931787014007568359e+00,1.736409306526184082e+00,1.377382636070251465e+00,1.367296338081359863e+00,1.063713073730468750e+00,1.259733915328979492e+00,1.114218950271606445e+00,8.380060791969299316e-01,1.024366974830627441e+00
3.058188676834106445e+00,2.746746540069580078e+00,2.520485162734985352e+00,2.169090032577514648e+00,2.011243820190429688e+00,1.723675727844238281e+00,1.508693337440490723e+00,1.210115790367126465e+00,1.032485485076904297e+00,7.222836017608642578e-01,5.718491673469543457e-01,3.635832667350769043e-01,0.000000000000000000e+00,3.934640288352966309e-01,6.116843223571777344e-01,2.669550180435180664e+00,2.482185840606689453e+00,2.134305477142333984e+00,1.918559193611145020e+00,1.674287319183349609e+00,1.390441536903381348e+00,1.277580738067626953e+00,9.378107786178588867e-01,1.100939750671386719e+00,1.006877541542053223e+00,1.058378577232360840e+00,1.088727355003356934e+00,1.448225617408752441e+00,1.656773567199707031e+00,1.527308344841003418e+00,2.510062932968139648e+00,2.469727277755737305e+00,2.232760190963745117e+00,2.087149858474731445e+00,2.081994533538818359e+00,1.775697469711303711e+00,1.961420297622680664e+00,1.779005646705627441e+00,1.709787607192993164e+00,1.879289150238037109e+00,1.745306611061096191e+00,1.995352029800415039e+00,2.272232294082641602e+00,2.290107488632202148e+00,2.137718200683593750e+00,2.798779964447021484e+00,2.681394815444946289e+00,2.614147186279296875e+00,2.360376358032226562e+00,2.498212099075317383e+00,2.173002719879150391e+00,2.349650144577026367e+00,2.188923358917236328e+00,1.895326495170593262e+00,2.062071323394775391e+00,1.786396265029907227e+00,2.095909595489501953e+00,2.127683162689208984e+00,1.926267266273498535e+00,1.956045866012573242e+00,3.110134840011596680e+00,2.843187332153320312e+00,2.773818016052246094e+00,2.416173696517944336e+00,2.482002735137939453e+00,2.181838035583496094e+00,2.185393571853637695e+00,2.012834072113037109e+00,1.643624544143676758e+00,1.684301853179931641e+00,1.378969311714172363e+00,1.601426839828491211e+00,1.475641727447509766e+00,1.186570882797241211e+00,1.329586625099182129e+00
3.255952596664428711e+00,2.956113576889038086e+00,2.753011941909790039e+00,2.393154621124267578e+00,2.278713464736938477e+00,1.964538693428039551e+00,1.800572991371154785e+00,1.498587727546691895e+00,1.259886145591735840e+00,1.016911268234252930e+00,7.415964603424072266e-01,6.476498842239379883e-01,3.934640288352966309e-01,0.000000000000000000e+00,3.786187767982482910e-01,2.947051763534545898e+00,2.730824708938598633e+00,2.403118133544921875e+00,2.146695852279663086e+00,1.913784027099609375e+00,1.608991503715515137e+00,1.455357670783996582e+00,1.070555090904235840e+00,1.150966525077819824e+00,9.457448720932006836e-01,9.114320874214172363e-01,8.410384058952331543e-01,1.182388782501220703e+00,1.367904663085937500e+00,1.202092885971069336e+00,2.751566410064697266e+00,2.675843000411987305e+00,2.403775215148925781e+00,2.231658458709716797e+00,2.167051553726196289e+00,1.842915415763854980e+00,1.960121273994445801e+00,1.712114095687866211e+00,1.666172504425048828e+00,1.757588982582092285e+00,1.602041602134704590e+00,1.793314337730407715e+00,2.083934545516967773e+00,2.102206707000732422e+00,1.903554439544677734e+00,2.942563533782958984e+00,2.833365201950073242e+00,2.716536045074462891e+00,2.469489574432373047e+00,2.560453891754150391e+00,2.214364528656005859e+00,2.373282909393310547e+00,2.164705038070678711e+00,1.909221887588500977e+00,2.036001682281494141e+00,1.745151042938232422e+00,2.024691343307495117e+00,2.098734378814697266e+00,1.896692156791687012e+00,1.852128386497497559e+00,3.230569124221801758e+00,2.996260643005371094e+00,2.912614107131958008e+00,2.569185256958007812e+00,2.637777805328369141e+00,2.311694622039794922e+00,2.347239494323730469e+00,2.143794059753417969e+00,1.789360284805297852e+00,1.838579893112182617e+00,1.501074910163879395e+00,1.726707220077514648e+00,1.664590835571289062e+00,1.362187385559082031e+00,1.403155446052551270e+00
3.404690742492675781e+00,3.129276037216186523e+00,2.897809982299804688e+00,2.553612470626831055e+00,2.420875549316406250e+00,2.086923360824584961e+00,1.936417222023010254e+00,1.588945150375366211e+00,1.390139341354370117e+00,1.137505888938903809e+00,8.255793452262878418e-01,6.965530514717102051e-01,6.116843223571777344e-01,3.786187767982482910e-01,0.000000000000000000e+00,3.136549472808837891e+00,2.944924592971801758e+00,2.628713607788085938e+00,2.376369476318359375e+00,2.179083585739135742e+00,1.851136088371276855e+00,1.750356912612915039e+00,1.369778871536254883e+00,1.391197323799133301e+00,1.223193526268005371e+00,1.086489915847778320e+00,1.051999449729919434e+00,1.348234891891479492e+00,1.433963060379028320e+00,1.182586073875427246e+00,3.023279190063476562e+00,2.932246923446655273e+00,2.682321548461914062e+00,2.480196475982666016e+00,2.433415174484252930e+00,2.088355541229248047e+00,2.191510677337646484e+00,1.916370272636413574e+00,1.813072323799133301e+00,1.874557852745056152e+00,1.649322748184204102e+00,1.832014560699462891e+00,2.081115722656250000e+00,2.029372930526733398e+00,1.799277067184448242e+00,3.212631702423095703e+00,3.070482492446899414e+00,2.939047813415527344e+00,2.662384033203125000e+00,2.721785068511962891e+00,2.361619710922241211e+00,2.469498157501220703e+00,2.219799995422363281e+00,1.950072169303894043e+00,2.009882926940917969e+00,1.676424741744995117e+00,1.906813502311706543e+00,1.943005442619323730e+00,1.689107298851013184e+00,1.613657116889953613e+00,3.428195476531982422e+00,3.187411069869995117e+00,3.062305927276611328e+00,2.714122295379638672e+00,2.733464002609252930e+00,2.391212463378906250e+00,2.387506484985351562e+00,2.131629943847656250e+00,1.803330779075622559e+00,1.782150626182556152e+00,1.415271997451782227e+00,1.574632167816162109e+00,1.522047877311706543e+00,1.187676191329956055e+00,1.144945502281188965e+00
9.173932671546936035e-01,6.523160934448242188e-01,6.024072766304016113e-01,7.491868734359741211e-01,7.894145250320434570e-01,1.147270202636718750e+00,1.246081352233886719e+00,1.637274265289306641e+00,1.763621211051940918e+00,2.026199817657470703e+00,2.321145534515380859e+00,2.519442796707153320e+00,2.669550180435180664e+00,2.947051763534545898e+00,3.136549472808837891e+00,0.000000000000000000e+00,3.797127902507781982e-01,6.139659881591796875e-01,9.024382829666137695e-01,1.181170463562011719e+00,1.394149899482727051e+00,1.687579751014709473e+00,2.018409013748168945e+00,2.046013832092285156e+00,2.405977249145507812e+00,2.590050220489501953e+00,2.891563415527343750e+00,3.060889959335327148e+00,3.243428707122802734e+00,3.383406639099121094e+00,8.384606838226318359e-01,8.492876291275024414e-01,1.189814805984497070e+00,1.246969461441040039e+00,1.615886449813842773e+00,1.716696023941040039e+00,2.012504816055297852e+00,2.301335334777832031e+00,2.200720310211181641e+00,2.568896293640136719e+00,2.692008256912231445e+00,3.021858453750610352e+00,3.126561403274536133e+00,3.254144430160522461e+00,3.434599399566650391e+00,1.339386105537414551e+00,1.127013564109802246e+00,1.433077573776245117e+00,1.351016521453857422e+00,1.669730424880981445e+00,1.781025290489196777e+00,1.960427522659301758e+00,2.249924659729003906e+00,2.096884012222290039e+00,2.421015739440917969e+00,2.543004512786865234e+00,2.838742256164550781e+00,2.839440107345581055e+00,2.962013244628906250e+00,3.254452466964721680e+00,1.441634774208068848e+00,1.095707893371582031e+00,1.230865836143493652e+00,1.121593952178955078e+00,1.259970545768737793e+00,1.471718072891235352e+00,1.492667078971862793e+00,1.835899233818054199e+00,1.790806174278259277e+00,2.022599458694458008e+00,2.252011537551879883e+00,2.466785430908203125e+00,2.435628414154052734e+00,2.641540050506591797e+00,2.945645332336425781e+00
9.237109422683715820e-01,5.614271163940429688e-01,6.105723977088928223e-01,5.973419547080993652e-01,7.552357912063598633e-01,1.041441321372985840e+00,1.162838935852050781e+00,1.545776844024658203e+00,1.593462705612182617e+00,1.877907752990722656e+00,2.142256498336791992e+00,2.367324590682983398e+00,2.482185840606689453e+00,2.730824708938598633e+00,2.944924592971801758e+00,3.797127902507781982e-01,0.000000000000000000e+00,3.951967954635620117e-01,5.995985865592956543e-01,9.020550847053527832e-01,1.131932258605957031e+00,1.395734548568725586e+00,1.745228409767150879e+00,1.760437250137329102e+00,2.111080169677734375e+00,2.311744451522827148e+00,2.600666761398315430e+00,2.751506090164184570e+00,2.947152376174926758e+00,3.112259149551391602e+00,5.779566168785095215e-01,4.889952838420867920e-01,8.153309822082519531e-01,8.780065178871154785e-01,1.242484450340270996e+00,1.369241118431091309e+00,1.660851120948791504e+00,1.967748284339904785e+00,1.903200864791870117e+00,2.267383575439453125e+00,2.422725915908813477e+00,2.737118721008300781e+00,2.861366033554077148e+00,3.021762371063232422e+00,3.197714328765869141e+00,1.006163835525512695e+00,7.981212735176086426e-01,1.102700948715209961e+00,1.041764259338378906e+00,1.390841603279113770e+00,1.498299837112426758e+00,1.724252343177795410e+00,2.017721176147460938e+00,1.889105081558227539e+00,2.239665985107421875e+00,2.368255138397216797e+00,2.680823326110839844e+00,2.725528955459594727e+00,2.857186317443847656e+00,3.120269536972045898e+00,1.215678095817565918e+00,8.722549676895141602e-01,1.058706641197204590e+00,9.288734197616577148e-01,1.164955615997314453e+00,1.330788493156433105e+00,1.434262514114379883e+00,1.764826536178588867e+00,1.680242300033569336e+00,1.964243054389953613e+00,2.155051469802856445e+00,2.416190862655639648e+00,2.408581972122192383e+00,2.581522226333618164e+00,2.868772745132446289e+00
1.266112804412841797e+00,8.938179612159729004e-01,8.101856112480163574e-01,6.282027959823608398e-01,6.392682790756225586e-01,8.725083470344543457e-01,8.862807154655456543e-01,1.261391282081604004e+00,1.311408400535583496e+00,1.554021835327148438e+00,1.839881181716918945e+00,2.033847808837890625e+00,2.134305477142333984e+00,2.403118133544921875e+00,2.628713607788085938e+00,6.139659881591796875e-01,3.951967954635620117e-01,0.000000000000000000e+00,3.734006881713867188e-01,5.708429217338562012e-01,8.280331492424011230e-01,1.089640974998474121e+00,1.436799287796020508e+00,1.512300014495849609e+00,1.849966406822204590e+00,2.075156927108764648e+00,2.346636295318603516e+00,2.535649538040161133e+00,2.757444858551025391e+00,2.896331548690795898e+00,5.836829543113708496e-01,6.022592186927795410e-01,7.679873704910278320e-01,8.362769484519958496e-01,1.184958934783935547e+00,1.247276544570922852e+00,1.585206508636474609e+00,1.850110173225402832e+00,1.792644858360290527e+00,2.168409824371337891e+00,2.298101186752319336e+00,2.625186920166015625e+00,2.786857128143310547e+00,2.937229156494140625e+00,3.070787191390991211e+00,1.170591592788696289e+00,1.010498285293579102e+00,1.257653117179870605e+00,1.144609332084655762e+00,1.504583239555358887e+00,1.518744826316833496e+00,1.775291681289672852e+00,2.008981466293334961e+00,1.828226804733276367e+00,2.187228441238403320e+00,2.255418777465820312e+00,2.594080209732055664e+00,2.631887912750244141e+00,2.714259147644042969e+00,2.964156389236450195e+00,1.507516026496887207e+00,1.164822220802307129e+00,1.304732322692871094e+00,1.077287793159484863e+00,1.299163937568664551e+00,1.364154696464538574e+00,1.443496465682983398e+00,1.711919188499450684e+00,1.549178838729858398e+00,1.819495797157287598e+00,1.957946062088012695e+00,2.229408502578735352e+00,2.182476997375488281e+00,2.311387300491333008e+00,2.614532947540283203e+00
1.307519555091857910e+00,9.350098967552185059e-01,8.645206093788146973e-01,5.526339411735534668e-01,6.579729914665222168e-01,7.311705350875854492e-01,8.026987910270690918e-01,1.125203490257263184e+00,1.077264547348022461e+00,1.361298203468322754e+00,1.595374345779418945e+00,1.833779096603393555e+00,1.918559193611145020e+00,2.146695852279663086e+00,2.376369476318359375e+00,9.024382829666137695e-01,5.995985865592956543e-01,3.734006881713867188e-01,0.000000000000000000e+00,3.757231831550598145e-01,5.394451022148132324e-01,8.087245225906372070e-01,1.147055625915527344e+00,1.172331929206848145e+00,1.517824649810791016e+00,1.733075261116027832e+00,2.011080980300903320e+00,2.181188344955444336e+00,2.396263122558593750e+00,2.549738407135009766e+00,7.511529922485351562e-01,6.093678474426269531e-01,5.974150300025939941e-01,5.327399373054504395e-01,8.677613139152526855e-01,8.812597990036010742e-01,1.224145531654357910e+00,1.477626204490661621e+00,1.424305438995361328e+00,1.798533558845520020e+00,1.938828110694885254e+00,2.258860111236572266e+00,2.429365873336791992e+00,2.594639301300048828e+00,2.725368022918701172e+00,1.082387924194335938e+00,8.976279497146606445e-01,1.039498567581176758e+00,8.779540657997131348e-01,1.227831959724426270e+00,1.192100644111633301e+00,1.474420785903930664e+00,1.686321258544921875e+00,1.516010999679565430e+00,1.887939810752868652e+00,1.957586169242858887e+00,2.304380655288696289e+00,2.377419948577880859e+00,2.470609426498413086e+00,2.694241046905517578e+00,1.399607539176940918e+00,1.077216863632202148e+00,1.174562096595764160e+00,9.022341370582580566e-01,1.160185575485229492e+00,1.147780776023864746e+00,1.290008187294006348e+00,1.523276329040527344e+00,1.330815076828002930e+00,1.643723845481872559e+00,1.747726917266845703e+00,2.056429624557495117e+00,2.049253225326538086e+00,2.158263683319091797e+00,2.429707288742065430e+00
1.680829286575317383e+00,1.305013179779052734e+00,1.223262190818786621e+00,9.012428522109985352e-01,9.052647352218627930e-01,9.060178399085998535e-01,8.375843167304992676e-01,1.090583682060241699e+00,1.004232048988342285e+00,1.208917975425720215e+00,1.447711229324340820e+00,1.642925262451171875e+00,1.674287319183349609e+00,1.913784027099609375e+00,2.179083585739135742e+00,1.181170463562011719e+00,9.020550847053527832e-01,5.708429217338562012e-01,3.757231831550598145e-01,0.000000000000000000e+00,3.747585415840148926e-01,5.301977396011352539e-01,8.999477624893188477e-01,1.033830642700195312e+00,1.329928517341613770e+00,1.600986003875732422e+00,1.831740975379943848e+00,2.036516427993774414e+00,2.297340154647827148e+00,2.436473369598388672e+00,8.443556427955627441e-01,8.187745213508605957e-01,6.715824007987976074e-01,6.903014779090881348e-01,9.114935398101806641e-01,8.893485069274902344e-01,1.249231934547424316e+00,1.459349155426025391e+00,1.458239078521728516e+00,1.820493340492248535e+00,1.953565359115600586e+00,2.264262914657592773e+00,2.482030868530273438e+00,2.653883934020996094e+00,2.736472606658935547e+00,1.252338767051696777e+00,1.161021828651428223e+00,1.281140923500061035e+00,1.148057579994201660e+00,1.481922507286071777e+00,1.386919975280761719e+00,1.695643424987792969e+00,1.850095033645629883e+00,1.658143520355224609e+00,2.028347015380859375e+00,2.040110349655151367e+00,2.406346321105957031e+00,2.486492872238159180e+00,2.531347751617431641e+00,2.725216150283813477e+00,1.709434151649475098e+00,1.417184114456176758e+00,1.527899384498596191e+00,1.247128963470458984e+00,1.495503664016723633e+00,1.421993613243103027e+00,1.551303982734680176e+00,1.718956232070922852e+00,1.458567857742309570e+00,1.749263286590576172e+00,1.779063463211059570e+00,2.099074602127075195e+00,2.051877975463867188e+00,2.093091249465942383e+00,2.372894287109375000e+00
1.770017266273498535e+00,1.421088099479675293e+00,1.283572435379028320e+00,9.160995483398437500e-01,8.971650600433349609e-01,7.431588172912597656e-01,6.835640072822570801e-01,8.317968845367431641e-01,6.606147885322570801e-01,9.001525640487670898e-01,1.100712776184082031e+00,1.336228013038635254e+00,1.390441536903381348e+00,1.608991503715515137e+00,1.851136088371276855e+00,1.394149899482727051e+00,1.131932258605957031e+00,8.280331492424011230e-01,5.394451022148132324e-01,3.747585415840148926e-01,0.000000000000000000e+00,3.639843761920928955e-01,6.260147690773010254e-01,7.064046859741210938e-01,1.036312818527221680e+00,1.266856670379638672e+00,1.528154492378234863e+00,1.744572043418884277e+00,1.980867624282836914e+00,2.097092866897583008e+00,1.191583991050720215e+00,1.090148568153381348e+00,9.052459597587585449e-01,7.661919593811035156e-01,9.245788455009460449e-01,7.496306300163269043e-01,1.102424383163452148e+00,1.228245496749877930e+00,1.174720048904418945e+00,1.537894368171691895e+00,1.626644492149353027e+00,1.952476382255554199e+00,2.171901941299438477e+00,2.320152282714843750e+00,2.386783361434936523e+00,1.466272115707397461e+00,1.321147799491882324e+00,1.340875387191772461e+00,1.124302864074707031e+00,1.395328760147094727e+00,1.212532997131347656e+00,1.497607588768005371e+00,1.586167931556701660e+00,1.359118938446044922e+00,1.716106414794921875e+00,1.693423271179199219e+00,2.064792871475219727e+00,2.147754430770874023e+00,2.178448915481567383e+00,2.359173536300659180e+00,1.800429940223693848e+00,1.510809779167175293e+00,1.532781958580017090e+00,1.204882144927978516e+00,1.402574658393859863e+00,1.240939855575561523e+00,1.363238096237182617e+00,1.460139036178588867e+00,1.161014437675476074e+00,1.452528119087219238e+00,1.442262768745422363e+00,1.779271602630615234e+00,1.754975318908691406e+00,1.782355785369873047e+00,2.037775993347167969e+00
