,A1,A2,A3,A4,A5,A6,A7,A8,A9,A10,A11,A12,A13,A14,A15,B1,B2,B3,B4,B5,B6,B7,B8,B9,B10,B11,B12,B13,B14,B15,C1,C2,C3,C4,C5,C6,C7,C8,C9,C10,C11,C12,C13,C14,C15,D1,D2,D3,D4,D5,D6,D7,D8,D9,D10,D11,D12,D13,D14,D15,E1,E2,E3,E4,E5,E6,E7,E8,E9,E10,E11,E12,E13,E14,E15
A1,0.0,0.3723280429840088,0.521925687789917,0.5695414543151855,0.7194626331329346,0.8979198336601257,1.0241080522537231,1.230871319770813,1.3729082345962524,1.440576195716858,1.629003882408142,1.8281229734420776,1.8809858560562134,1.9145352840423584,2.23411226272583,1.0080074071884155,1.3479061126708984,1.3458075523376465,1.0689642429351807,1.2732951641082764,1.5857524871826172,1.4948861598968506,1.4748318195343018,1.8115216493606567,1.9582253694534302,1.8830301761627197,2.072566032409668,2.341343641281128,2.3671059608459473,2.444411039352417,1.4742026329040527,1.7821284532546997,1.8736459016799927,1.572895884513855,1.612697720527649,1.9751437902450562,1.942439317703247,1.8018742799758911,2.0865840911865234,2.3213422298431396,2.234682559967041,2.3102667331695557,2.6172444820404053,2.726436138153076,2.782525062561035,1.599181056022644,1.5971115827560425,1.8588563203811646,1.683138370513916,1.432913064956665,1.7379919290542603,1.9532512426376343,1.8342201709747314,1.8837743997573853,2.2045531272888184,2.352911949157715,2.332956314086914,2.484837055206299,2.6971919536590576,2.9056248664855957,0.5988940000534058,0.48886677622795105,0.8549174666404724,0.9649738669395447,0.8532935976982117,1.0383108854293823,1.3175320625305176,1.4304946660995483,1.4910736083984375,1.6534513235092163,1.868829369544983,1.9905222654342651,2.0668110847473145,2.184723138809204,2.44854736328125
A2,0.3723280429840088,0.0,0.3736023008823395,0.5434980392456055,0.5365700125694275,0.6139006018638611,0.845404863357544,1.0641745328903198,1.114195466041565,1.1781924962997437,1.4279401302337646,1.59495210647583,1.59662663936615,1.6513440608978271,1.9827830791473389,0.8826994895935059,1.1987062692642212,1.1058446168899536,0.8434168100357056,1.1287814378738403,1.3822178840637207,1.24098539352417,1.2804207801818848,1.6297101974487305,1.716225504875183,1.6336147785186768,1.8733935356140137,2.1201236248016357,2.1013686656951904,2.1893765926361084,1.5565437078475952,1.8600322008132935,1.8805932998657227,1.5454685688018799,1.6247478723526,1.9612648487091064,1.8613817691802979,1.7067193984985352,2.0232064723968506,2.227180242538452,2.086062431335449,2.176933765411377,2.5039870738983154,2.5814545154571533,2.6015408039093018,1.7639309167861938,1.8070785999298096,2.020230293273926,1.784885287284851,1.556865930557251,1.879296898841858,2.0385303497314453,1.8672288656234741,1.9556105136871338,2.293848752975464,2.3865807056427,2.348886489868164,2.5468509197235107,2.766146659851074,2.936112403869629,0.8672264218330383,0.7795889973640442,1.1297897100448608,1.1613601446151733,0.9447569847106934,1.159350037574768,1.456529974937439,1.4846076965332031,1.5029555559158325,1.7312816381454468,1.9462116956710815,1.9990613460540771,2.0874478816986084,2.262789487838745,2.5082969665527344
A3,0.521925687789917,0.3736023008823395,0.0,0.3720437288284302,0.5434122681617737,0.49788209795951843,0.5767238736152649,0.8768746852874756,0.9850159883499146,0.9627297520637512,1.1694928407669067,1.402530312538147,1.4223741292953491,1.4136805534362793,1.743314266204834,1.194664478302002,1.46909761428833,1.337691068649292,1.020669937133789,1.2658963203430176,1.5043050050735474,1.2972313165664673,1.255531907081604,1.6273391246795654,1.7192479372024536,1.5591648817062378,1.7726671695709229,2.060596466064453,2.0398080348968506,2.0657455921173096,1.7470144033432007,2.0080618858337402,2.046909809112549,1.6977039575576782,1.7011346817016602,2.033285140991211,1.9452078342437744,1.7268275022506714,2.0084598064422607,2.2486681938171387,2.095856189727783,2.1230101585388184,2.464731216430664,2.58132266998291,2.572077751159668,1.9009228944778442,1.8819693326950073,2.0738792419433594,1.850409984588623,1.5664558410644531,1.8402620553970337,2.014552354812622,1.8079031705856323,1.8365033864974976,2.1936895847320557,2.2982797622680664,2.2058963775634766,2.389948844909668,2.6456384658813477,2.8029115200042725,0.9672974348068237,0.7448287010192871,1.0463250875473022,1.1174511909484863,0.831173837184906,0.9416106343269348,1.2828190326690674,1.3225648403167725,1.2609193325042725,1.4749947786331177,1.7360584735870361,1.7689963579177856,1.8074454069137573,1.9960193634033203,2.2629992961883545
A4,0.5695414543151855,0.5434980392456055,0.3720437288284302,0.0,0.3742174208164215,0.5402617454528809,0.515566885471344,0.687006950378418,0.9072908759117126,0.9837022423744202,1.0995956659317017,1.3086490631103516,1.4212613105773926,1.45647394657135,1.7423219680786133,1.1264686584472656,1.3583705425262451,1.2757951021194458,0.9123788475990295,1.054924488067627,1.3326998949050903,1.1678396463394165,1.044816493988037,1.400078535079956,1.5613014698028564,1.4228785037994385,1.5731961727142334,1.8773488998413086,1.9193103313446045,1.9509706497192383,1.4798293113708496,1.7041608095169067,1.7657018899917603,1.4233982563018799,1.3741271495819092,1.7104111909866333,1.6586164236068726,1.4308981895446777,1.6876469850540161,1.951577067375183,1.8373353481292725,1.849415898323059,2.1753602027893066,2.3181283473968506,2.340238332748413,1.5995752811431885,1.560408115386963,1.726505160331726,1.5046918392181396,1.2060883045196533,1.4716037511825562,1.6452571153640747,1.4445900917053223,1.4722539186477661,1.825791358947754,1.9382084608078003,1.8618667125701904,2.0405900478363037,2.2850844860076904,2.45417857170105,0.748708963394165,0.5575428605079651,0.7900128960609436,0.7800948619842529,0.46421587467193604,0.6389237642288208,0.9452415704727173,0.9693713784217834,0.9660196304321289,1.1889519691467285,1.4100332260131836,1.4691181182861328,1.5515694618225098,1.7200822830200195,1.9664090871810913
A5,0.7194626331329346,0.5365700125694275,0.5434122681617737,0.3742174208164215,0.0,0.3796257972717285,0.552342414855957,0.6001418828964233,0.7019631862640381,0.8902788162231445,1.0666824579238892,1.1765512228012085,1.2657673358917236,1.3862740993499756,1.6657357215881348,0.8595005869865417,1.0396671295166016,0.9158305525779724,0.5486171841621399,0.7326977849006653,0.9814111590385437,0.8176921010017395,0.7663843035697937,1.1216470003128052,1.2519714832305908,1.1664183139801025,1.3626219034194946,1.624025821685791,1.6522027254104614,1.7395319938659668,1.3399240970611572,1.5685094594955444,1.5572706460952759,1.193023681640625,1.2138762474060059,1.5240895748138428,1.4083585739135742,1.2036716938018799,1.5110772848129272,1.7258063554763794,1.5781387090682983,1.645117998123169,1.975717306137085,2.070387840270996,2.0894381999969482,1.5567047595977783,1.597553014755249,1.7216370105743408,1.4375414848327637,1.2104543447494507,1.519497036933899,1.617811679840088,1.3970073461532593,1.5151222944259644,1.8583917617797852,1.9038782119750977,1.8590563535690308,2.0906593799591064,2.305202007293701,2.4466018676757812,0.8743090033531189,0.8308262228965759,1.066726803779602,0.9435037970542908,0.6383546590805054,0.9165494441986084,1.1506954431533813,1.0653778314590454,1.102241039276123,1.3929197788238525,1.549783706665039,1.5567193031311035,1.7024670839309692,1.9063180685043335,2.1025829315185547
A6,0.8979198336601257,0.6139006018638611,0.49788209795951843,0.5402617454528809,0.3796257972717285,0.0,0.3705747723579407,0.5524729490280151,0.5170196890830994,0.581436276435852,0.8486055135726929,0.9872320294380188,0.9898722171783447,1.0711963176727295,1.385584831237793,1.1058835983276367,1.2711411714553833,1.0477266311645508,0.7364786863327026,0.988620936870575,1.13168466091156,0.8563310503959656,0.8470699191093445,1.2182447910308838,1.2532879114151,1.0841495990753174,1.3399591445922852,1.601435661315918,1.5532581806182861,1.599378228187561,1.7076517343521118,1.927885890007019,1.8864796161651611,1.5143091678619385,1.5374360084533691,1.8152905702590942,1.6559158563613892,1.4162254333496094,1.7175544500350952,1.9170469045639038,1.7079724073410034,1.7462197542190552,2.1019375324249268,2.185476541519165,2.1409060955047607,1.9345839023590088,1.9656717777252197,2.0779569149017334,1.7883718013763428,1.5509287118911743,1.8310027122497559,1.9157814979553223,1.6526542901992798,1.7446622848510742,2.1026840209960938,2.1239140033721924,2.02504301071167,2.2707948684692383,2.51534366607666,2.620311737060547,1.2044934034347534,1.0790361166000366,1.3274030685424805,1.2591404914855957,0.9079157710075378,1.083997130393982,1.3653976917266846,1.2646477222442627,1.1899210214614868,1.4957799911499023,1.6994433403015137,1.6410385370254517,1.735911250114441,1.9884239435195923,2.1961967945098877
A7,1.0241080522537231,0.845404863357544,0.5767238736152649,0.515566885471344,0.552342414855957,0.3705747723579407,0.0,0.36849892139434814,0.5272999405860901,0.4889026880264282,0.6056994199752808,0.8497820496559143,0.9385585784912109,0.943593442440033,1.2298781871795654,1.3972564935684204,1.5500383377075195,1.3543015718460083,1.0106992721557617,1.167410135269165,1.3216862678527832,1.0382118225097656,0.8947216272354126,1.2586021423339844,1.3382307291030884,1.096323847770691,1.272351622581482,1.5889273881912231,1.5736616849899292,1.544182538986206,1.8263189792633057,2.0023128986358643,1.999007225036621,1.634163498878479,1.5689572095870972,1.841673493385315,1.7233120203018188,1.4294203519821167,1.6708950996398926,1.9175617694854736,1.725938081741333,1.6855741739273071,2.042595624923706,2.18164324760437,2.125577688217163,1.9824060201644897,1.9496229887008667,2.0420444011688232,1.7806107997894287,1.4935872554779053,1.7126967906951904,1.8162157535552979,1.5318074226379395,1.5527074337005615,1.9211235046386719,1.9634945392608643,1.8129106760025024,2.0348236560821533,2.311945676803589,2.411566972732544,1.2524852752685547,1.0546420812606812,1.223492980003357,1.1738550662994385,0.7919614911079407,0.8528972864151001,1.141149640083313,1.0454483032226562,0.887328028678894,1.1807670593261719,1.418391227722168,1.3446377515792847,1.3954887390136719,1.6567597389221191,1.8805034160614014
A8,1.230871319770813,1.0641745328903198,0.8768746852874756,0.687006950378418,0.6001418828964233,0.5524729490280151,0.36849892139434814,0.0,0.3755039870738983,0.5455461740493774,0.5311309695243835,0.6490604877471924,0.854523777961731,0.9617486000061035,1.1685278415679932,1.3867831230163574,1.4563586711883545,1.269729495048523,0.9310309290885925,0.9805220365524292,1.0954512357711792,0.8254989981651306,0.5870146155357361,0.9256541728973389,1.0444145202636719,0.8099320530891418,0.9304707050323486,1.259590744972229,1.297153115272522,1.2819312810897827,1.6864253282546997,1.806766390800476,1.7760963439941406,1.4184563159942627,1.3210986852645874,1.550768256187439,1.4214301109313965,1.1013123989105225,1.3245246410369873,1.568610668182373,1.3750661611557007,1.3179939985275269,1.6748422384262085,1.821468710899353,1.771119236946106,1.8503022193908691,1.8325049877166748,1.859947681427002,1.5721431970596313,1.3175487518310547,1.5185203552246094,1.5593315362930298,1.2445335388183594,1.30522882938385,1.6633950471878052,1.6556141376495361,1.5117167234420776,1.7698498964309692,2.029075860977173,2.104851484298706,1.3131179809570312,1.191723346710205,1.2969298362731934,1.1413356065750122,0.7707597017288208,0.8827819228172302,1.0659509897232056,0.857441782951355,0.7394273281097412,1.091002345085144,1.2421547174453735,1.1224886178970337,1.254072904586792,1.5327214002609253,1.695639967918396
A9,1.3729082345962524,1.114195466041565,0.9850159883499146,0.9072908759117126,0.7019631862640381,0.5170196890830994,0.5272999405860901,0.3755039870738983,0.0,0.3723583221435547,0.5370733141899109,0.5105048418045044,0.5831560492515564,0.7834435105323792,1.0121655464172363,1.3629268407821655,1.3933156728744507,1.126821517944336,0.8601009845733643,0.9815444350242615,0.9865710735321045,0.6374644637107849,0.548831582069397,0.8718255758285522,0.853259801864624,0.5965651869773865,0.8574325442314148,1.121782660484314,1.0653685331344604,1.0857807397842407,1.8284025192260742,1.9654573202133179,1.8698102235794067,1.5041589736938477,1.4848518371582031,1.6776032447814941,1.47214674949646,1.180336356163025,1.4445195198059082,1.6168344020843506,1.3531349897384644,1.345732569694519,1.7131215333938599,1.7931610345840454,1.6952576637268066,2.064267873764038,2.100498676300049,2.120553731918335,1.7990422248840332,1.5957924127578735,1.8260215520858765,1.8234225511550903,1.5023179054260254,1.618250846862793,1.9606754779815674,1.8996961116790771,1.7681183815002441,2.060147762298584,2.3008196353912354,2.3411788940429688,1.5438798666000366,1.4502400159835815,1.6127623319625854,1.4563570022583008,1.0919667482376099,1.2419413328170776,1.4361177682876587,1.2127114534378052,1.100451111793518,1.4551271200180054,1.592390775680542,1.4301294088363647,1.5643988847732544,1.8696351051330566,2.008408784866333
A10,1.440576195716858,1.1781924962997437,0.9627297520637512,0.9837022423744202,0.8902788162231445,0.581436276435852,0.4889026880264282,0.5455461740493774,0.3723583221435547,0.0,0.3767777979373932,0.5267420411109924,0.47193899750709534,0.4969460368156433,0.8058862686157227,1.6204922199249268,1.7024056911468506,1.421929121017456,1.1571108102798462,1.3290995359420776,1.3495230674743652,0.9917157292366028,0.9152933955192566,1.226051688194275,1.1765210628509521,0.8629445433616638,1.104395866394043,1.3760689496994019,1.2653409242630005,1.1979418992996216,2.14060115814209,2.293729543685913,2.2224972248077393,1.8539081811904907,1.818130373954773,2.026378631591797,1.8373838663101196,1.5322365760803223,1.7698237895965576,1.9595297574996948,1.6922413110733032,1.6414048671722412,2.0097296237945557,2.1075501441955566,1.974308729171753,2.3496572971343994,2.3514437675476074,2.397209644317627,2.0995848178863525,1.8551406860351562,2.0630598068237305,2.097954750061035,1.772110939025879,1.8256148099899292,2.18070387840271,2.1470108032226562,1.9665921926498413,2.2321598529815674,2.5080044269561768,2.541900396347046,1.7054768800735474,1.5357650518417358,1.7078273296356201,1.6250039339065552,1.2412766218185425,1.3021907806396484,1.5487771034240723,1.375618815422058,1.1721359491348267,1.4913028478622437,1.6958214044570923,1.518475890159607,1.5664658546447754,1.8884553909301758,2.0642495155334473
A11,1.629003882408142,1.4279401302337646,1.1694928407669067,1.0995956659317017,1.0666824579238892,0.8486055135726929,0.6056994199752808,0.5311309695243835,0.5370733141899109,0.3767777979373932,0.0,0.36896103620529175,0.5352990627288818,0.5029209852218628,0.6726489663124084,1.8504290580749512,1.9084550142288208,1.6604350805282593,1.3694162368774414,1.453224539756775,1.4776992797851562,1.144657015800476,0.9523718357086182,1.2137356996536255,1.216667652130127,0.860515296459198,0.9731813669204712,1.2910139560699463,1.238694429397583,1.0893679857254028,2.2119975090026855,2.3133299350738525,2.2634265422821045,1.911295771598816,1.8030422925949097,1.984167456626892,1.8293287754058838,1.485661268234253,1.6524195671081543,1.8721867799758911,1.6263318061828613,1.494840145111084,1.8525656461715698,2.0018630027770996,1.8591618537902832,2.3691506385803223,2.3295531272888184,2.3363564014434814,2.0591368675231934,1.7985234260559082,1.9430688619613647,1.9659311771392822,1.6222361326217651,1.6258567571640015,1.9705075025558472,1.93105947971344,1.7038010358810425,1.9574236869812012,2.2517666816711426,2.263338088989258,1.798482060432434,1.6140903234481812,1.7086524963378906,1.60792076587677,1.2342023849487305,1.2228095531463623,1.4143412113189697,1.2117023468017578,0.9489535093307495,1.2539491653442383,1.4420520067214966,1.215936303138733,1.2424907684326172,1.5853323936462402,1.74012291431427
A12,1.8281229734420776,1.59495210647583,1.402530312538147,1.3086490631103516,1.1765512228012085,0.9872320294380188,0.8497820496559143,0.6490604877471924,0.5105048418045044,0.5267420411109924,0.36896103620529175,0.0,0.36859747767448425,0.5590131878852844,0.6078215837478638,1.851630687713623,1.8377561569213867,1.5699172019958496,1.334006667137146,1.3762413263320923,1.3122673034667969,0.9806003570556641,0.8132289052009583,0.9893940091133118,0.9262185096740723,0.5472533702850342,0.6712945103645325,0.9502623081207275,0.8734448552131653,0.7284629940986633,2.2021312713623047,2.2737250328063965,2.1712992191314697,1.8314262628555298,1.7456189393997192,1.8679556846618652,1.6671013832092285,1.3333423137664795,1.4952605962753296,1.6596856117248535,1.372071385383606,1.2497354745864868,1.6061489582061768,1.7168835401535034,1.5397270917892456,2.3997089862823486,2.4011824131011963,2.3629727363586426,2.054534435272217,1.8501124382019043,1.9996124505996704,1.954349160194397,1.5970245599746704,1.6649706363677979,1.982733964920044,1.8728667497634888,1.6672794818878174,1.9662376642227173,2.226128578186035,2.1967873573303223,1.9581273794174194,1.833640456199646,1.9297889471054077,1.7666585445404053,1.4072577953338623,1.461826205253601,1.6010016202926636,1.3312737941741943,1.1309802532196045,1.4633609056472778,1.5721968412399292,1.304964303970337,1.4060828685760498,1.7565842866897583,1.8444377183914185
A13,1.8809858560562134,1.59662663936615,1.4223741292953491,1.4212613105773926,1.2657673358917236,0.9898722171783447,0.9385585784912109,0.854523777961731,0.5831560492515564,0.47193899750709534,0.5352990627288818,0.36859747767448425,0.0,0.3583531081676483,0.5014393925666809,1.888028621673584,1.887336015701294,1.5720490217208862,1.3839597702026367,1.5079354047775269,1.411615252494812,1.0471197366714478,1.0053369998931885,1.1986956596374512,1.039096474647522,0.6885172724723816,0.9347689151763916,1.127069115638733,0.9310212135314941,0.8118970990180969,2.3898770809173584,2.5003910064697266,2.3749077320098877,2.0231568813323975,1.9947093725204468,2.1285414695739746,1.892699122428894,1.590164303779602,1.7946085929870605,1.9230530261993408,1.6042685508728027,1.5354588031768799,1.8893566131591797,1.9484493732452393,1.7444353103637695,2.6276135444641113,2.6540656089782715,2.6443793773651123,2.3232204914093018,2.1242480278015137,2.3093318939208984,2.2751944065093994,1.9254432916641235,2.0095770359039307,2.3351359367370605,2.227457284927368,2.0335073471069336,2.3332927227020264,2.591627597808838,2.5616514682769775,2.1087265014648438,1.9739655256271362,2.125070333480835,1.9943770170211792,1.6198407411575317,1.6900445222854614,1.8809764385223389,1.641679286956787,1.4371038675308228,1.765781283378601,1.9111374616622925,1.6579132080078125,1.7287616729736328,2.0815727710723877,2.191866874694824
A14,1.9145352840423584,1.6513440608978271,1.4136805534362793,1.45647394657135,1.3862740993499756,1.0711963176727295,0.943593442440033,0.9617486000061035,0.7834435105323792,0.4969460368156433,0.5029209852218628,0.5590131878852844,0.3583531081676483,0.0,0.36321818828582764,2.091510534286499,2.1419551372528076,1.8347787857055664,1.6118896007537842,1.7620089054107666,1.7163130044937134,1.3482321500778198,1.2725898027420044,1.5027660131454468,1.3826870918273926,1.0197255611419678,1.2146716117858887,1.4422372579574585,1.2624731063842773,1.0807369947433472,2.6017661094665527,2.7253384590148926,2.6355462074279785,2.276470422744751,2.2211363315582275,2.383866548538208,2.1787915229797363,1.8574025630950928,2.0443944931030273,2.210179567337036,1.911773443222046,1.805591344833374,2.1588704586029053,2.253406524658203,2.048151969909668,2.8047983646392822,2.7934963703155518,2.808225631713867,2.5123729705810547,2.2707693576812744,2.435612440109253,2.4429993629455566,2.094233751296997,2.119459629058838,2.4568593502044678,2.3879711627960205,2.155977964401245,2.4215006828308105,2.711667776107788,2.6892316341400146,2.188035011291504,1.9955137968063354,2.140148639678955,2.065850019454956,1.6831746101379395,1.6828311681747437,1.9053746461868286,1.7131690979003906,1.4466872215270996,1.7335598468780518,1.932920217514038,1.6833322048187256,1.6761685609817505,2.0299489498138428,2.176604747772217
A15,2.23411226272583,1.9827830791473389,1.743314266204834,1.7423219680786133,1.6657357215881348,1.385584831237793,1.2298781871795654,1.1685278415679932,1.0121655464172363,0.8058862686157227,0.6726489663124084,0.6078215837478638,0.5014393925666809,0.36321818828582764,0.0,2.3618223667144775,2.371821403503418,2.0673930644989014,1.857999563217163,1.9556807279586792,1.8707340955734253,1.5184532403945923,1.4110182523727417,1.5677196979522705,1.4324023723602295,1.0612974166870117,1.172563076019287,1.3662097454071045,1.1845287084579468,0.9169245958328247,2.7969934940338135,2.879495143890381,2.7769856452941895,2.4347660541534424,2.3517391681671143,2.4684808254241943,2.2620291709899902,1.931136965751648,2.0655605792999268,2.213085174560547,1.9090149402618408,1.7550201416015625,2.0829360485076904,2.183349847793579,1.9385415315628052,2.9887568950653076,2.9700138568878174,2.943279266357422,2.6488089561462402,2.4221885204315186,2.547947406768799,2.5188796520233154,2.1580557823181152,2.173769235610962,2.4843122959136963,2.378038167953491,2.120030403137207,2.388916492462158,2.674466371536255,2.60585880279541,2.4552223682403564,2.2722396850585938,2.3787882328033447,2.277083396911621,1.904712200164795,1.8850641250610352,2.0587379932403564,1.8314967155456543,1.5528111457824707,1.8239703178405762,1.9814486503601074,1.680667519569397,1.6699022054672241,2.0359535217285156,2.1330173015594482
B1,1.0080074071884155,0.8826994895935059,1.194664478302002,1.1264686584472656,0.8595005869865417,1.1058835983276367,1.3972564935684204,1.3867831230163574,1.3629268407821655,1.6204922199249268,1.8504290580749512,1.851630687713623,1.888028621673584,2.091510534286499,2.3618223667144775,0.0,0.37509143352508545,0.5220992565155029,0.5267379283905029,0.6881450414657593,0.9132868647575378,1.0235896110534668,1.1913143396377563,1.3869566917419434,1.4863797426223755,1.6105587482452393,1.8296904563903809,1.959049940109253,1.9944186210632324,2.214003801345825,0.9998780488967896,1.3232277631759644,1.2364394664764404,0.9627803564071655,1.2284660339355469,1.4973927736282349,1.360129952430725,1.3810977935791016,1.7315019369125366,1.8211934566497803,1.7282317876815796,1.9548219442367554,2.21142315864563,2.1969544887542725,2.2962684631347656,1.3786020278930664,1.5961192846298218,1.746332049369812,1.4578790664672852,1.4256209135055542,1.8021105527877808,1.8481945991516113,1.7460355758666992,1.9833106994628906,2.2460713386535645,2.2617034912109375,2.3478381633758545,2.5876293182373047,2.705552816390991,2.869292974472046,1.0418827533721924,1.256226897239685,1.5135259628295898,1.349298357963562,1.2608891725540161,1.6172832250595093,1.7607104778289795,1.686204433441162,1.8540973663330078,2.1228723526000977,2.1940653324127197,2.2468554973602295,2.461754560470581,2.62362003326416,2.7762813568115234
B2,1.3479061126708984,1.1987062692642212,1.46909761428833,1.3583705425262451,1.0396671295166016,1.2711411714553833,1.5500383377075195,1.4563586711883545,1.3933156728744507,1.7024056911468506,1.9084550142288208,1.8377561569213867,1.887336015701294,2.1419551372528076,2.371821403503418,0.37509143352508545,0.0,0.37129276990890503,0.5511505603790283,0.566368043422699,0.6778741478919983,0.8999698162078857,1.1087498664855957,1.2079429626464844,1.2917886972427368,1.4960378408432007,1.6954121589660645,1.7636836767196655,1.8170666694641113,2.0800297260284424,0.9628993272781372,1.2191110849380493,1.0355215072631836,0.7857774496078491,1.114956259727478,1.3058329820632935,1.1165307760238647,1.202402949333191,1.5531255006790161,1.576925277709961,1.48305344581604,1.7579610347747803,1.983651876449585,1.9235743284225464,2.0380733013153076,1.396783709526062,1.6598533391952515,1.7344770431518555,1.411111831665039,1.4559235572814941,1.8187425136566162,1.7889964580535889,1.6844384670257568,1.9751429557800293,2.2075748443603516,2.1648991107940674,2.279529333114624,2.5464861392974854,2.6307475566864014,2.7658534049987793,1.305510401725769,1.5377486944198608,1.7499762773513794,1.5192021131515503,1.4287844896316528,1.7964274883270264,1.8903003931045532,1.7510888576507568,1.9387099742889404,2.229735851287842,2.248448371887207,2.2685353755950928,2.5236613750457764,2.6977968215942383,2.8044140338897705
B3,1.3458075523376465,1.1058446168899536,1.337691068649292,1.2757951021194458,0.9158305525779724,1.0477266311645508,1.3543015718460083,1.269729495048523,1.126821517944336,1.421929121017456,1.6604350805282593,1.5699172019958496,1.5720490217208862,1.8347787857055664,2.0673930644989014,0.5220992565155029,0.37129276990890503,0.0,0.3778589069843292,0.5557573437690735,0.545738697052002,0.6397148370742798,0.930286705493927,1.0682040452957153,1.065559983253479,1.2359931468963623,1.4952186346054077,1.5597506761550903,1.5519957542419434,1.80879545211792,1.264860987663269,1.496388554573059,1.2999839782714844,0.9978199601173401,1.2691558599472046,1.450330138206482,1.2006940841674805,1.201348066329956,1.5707826614379883,1.596426248550415,1.4188957214355469,1.671970009803772,1.9395028352737427,1.8715952634811401,1.9196358919143677,1.675868034362793,1.8972384929656982,1.9587810039520264,1.6130539178848267,1.6010489463806152,1.9529670476913452,1.9162214994430542,1.7436609268188477,2.017946243286133,2.284734010696411,2.2174437046051025,2.2779417037963867,2.570333957672119,2.689894199371338,2.7913568019866943,1.4273407459259033,1.5802586078643799,1.8192498683929443,1.6064599752426147,1.427136778831482,1.7712130546569824,1.9086438417434692,1.738865613937378,1.859964370727539,2.1825428009033203,2.2331204414367676,2.199582815170288,2.43375563621521,2.6511850357055664,2.7644174098968506
B4,1.0689642429351807,0.8434168100357056,1.020669937133789,0.9123788475990295,0.5486171841621399,0.7364786863327026,1.0106992721557617,0.9310309290885925,0.8601009845733643,1.1571108102798462,1.3694162368774414,1.334006667137146,1.3839597702026367,1.6118896007537842,1.857999563217163,0.5267379283905029,0.5511505603790283,0.3778589069843292,0.0,0.3784952461719513,0.5502941012382507,0.5237467288970947,0.6936035752296448,0.9362304210662842,1.0116831064224243,1.09042227268219,1.32705557346344,1.4768242835998535,1.4982200860977173,1.6955970525741577,1.1724666357040405,1.404708981513977,1.2795034646987915,0.9233188033103943,1.0992661714553833,1.343407154083252,1.1403239965438843,1.047349452972412,1.412606954574585,1.5205490589141846,1.353685975074768,1.5384689569473267,1.8382322788238525,1.841009497642517,1.8838624954223633,1.5223020315170288,1.6821939945220947,1.7587202787399292,1.4204891920089722,1.333295226097107,1.679660677909851,1.6830610036849976,1.4867665767669678,1.719967246055603,2.015397071838379,1.9838380813598633,2.0112509727478027,2.2879905700683594,2.4396538734436035,2.556525468826294,1.142064094543457,1.2516956329345703,1.4799911975860596,1.2736009359359741,1.0604182481765747,1.3967552185058594,1.5487735271453857,1.3915592432022095,1.4995577335357666,1.8169751167297363,1.8902175426483154,1.8691492080688477,2.0854978561401367,2.2978434562683105,2.432602643966675
B5,1.2732951641082764,1.1287814378738403,1.2658963203430176,1.054924488067627,0.7326977849006653,0.988620936870575,1.167410135269165,0.9805220365524292,0.9815444350242615,1.3290995359420776,1.453224539756775,1.3762413263320923,1.5079354047775269,1.7620089054107666,1.9556807279586792,0.6881450414657593,0.566368043422699,0.5557573437690735,0.3784952461719513,0.0,0.37217238545417786,0.5384370684623718,0.5902130603790283,0.7207582592964172,0.9057825803756714,1.0574367046356201,1.1965501308441162,1.3305809497833252,1.4399105310440063,1.654170036315918,0.9360827207565308,1.0963282585144043,0.9473166465759277,0.5818244814872742,0.7496480941772461,0.9670185446739197,0.7688762545585632,0.7090457677841187,1.0729924440383911,1.1744234561920166,1.0612809658050537,1.2674602270126343,1.5328999757766724,1.5453853607177734,1.6420549154281616,1.2848219871520996,1.4612796306610107,1.4732073545455933,1.1126735210418701,1.0862092971801758,1.4187825918197632,1.3673491477966309,1.1887825727462769,1.4707005023956299,1.729303240776062,1.6709237098693848,1.7434289455413818,2.0252020359039307,2.1391713619232178,2.2562196254730225,1.163838505744934,1.3287886381149292,1.474520206451416,1.1883872747421265,1.034887671470642,1.3847460746765137,1.4455764293670654,1.2433927059173584,1.4211928844451904,1.729365587234497,1.7279179096221924,1.7164134979248047,1.9838805198669434,2.172114849090576,2.261141300201416
B6,1.5857524871826172,1.3822178840637207,1.5043050050735474,1.3326998949050903,0.9814111590385437,1.13168466091156,1.3216862678527832,1.0954512357711792,0.9865710735321045,1.3495230674743652,1.4776992797851562,1.3122673034667969,1.411615252494812,1.7163130044937134,1.8707340955734253,0.9132868647575378,0.6778741478919983,0.545738697052002,0.5502941012382507,0.37217238545417786,0.0,0.37365683913230896,0.5666126012802124,0.556419849395752,0.6273154616355896,0.8779462575912476,1.0439317226409912,1.0864909887313843,1.1687592267990112,1.4371719360351562,1.216785192489624,1.3198543787002563,1.0843888521194458,0.7728738188743591,0.9572110772132874,1.0511474609375,0.7454937696456909,0.7080122232437134,1.0676870346069336,1.0719586610794067,0.8737220168113708,1.134433388710022,1.3945187330245972,1.3354741334915161,1.3946421146392822,1.586403727531433,1.7813299894332886,1.7415060997009277,1.3672499656677246,1.3830255270004272,1.6804702281951904,1.5623714923858643,1.3522403240203857,1.6597200632095337,1.8995336294174194,1.7685842514038086,1.8317855596542358,2.1503944396972656,2.2507364749908447,2.314039468765259,1.5319732427597046,1.6747796535491943,1.8232818841934204,1.5330393314361572,1.346002459526062,1.669968605041504,1.7268418073654175,1.472708821296692,1.6097412109375,1.9438461065292358,1.9231113195419312,1.8461469411849976,2.1254985332489014,2.3492190837860107,2.4021856784820557
B7,1.4948861598968506,1.24098539352417,1.2972313165664673,1.1678396463394165,0.8176921010017395,0.8563310503959656,1.0382118225097656,0.8254989981651306,0.6374644637107849,0.9917157292366028,1.144657015800476,0.9806003570556641,1.0471197366714478,1.3482321500778198,1.5184532403945923,1.0235896110534668,0.8999698162078857,0.6397148370742798,0.5237467288970947,0.5384370684623718,0.37365683913230896,0.0,0.37175267934799194,0.5340024828910828,0.49930205941200256,0.6024854183197021,0.8659898638725281,0.9720125198364258,0.9760856032371521,1.1951484680175781,1.4718644618988037,1.5969043970108032,1.408625602722168,1.0649945735931396,1.170158863067627,1.3032971620559692,1.018617868423462,0.8496549725532532,1.1922270059585571,1.254123568534851,0.9886285066604614,1.1545188426971436,1.476108193397522,1.455141305923462,1.4294008016586304,1.8040497303009033,1.9448643922805786,1.9282537698745728,1.562079906463623,1.490628957748413,1.7738672494888306,1.6918715238571167,1.4231436252593994,1.6728323698043823,1.9585210084915161,1.8398374319076538,1.8268834352493286,2.1509640216827393,2.305128812789917,2.3505892753601074,1.5483534336090088,1.6077253818511963,1.7780930995941162,1.5302075147628784,1.2620460987091064,1.5429750680923462,1.6555781364440918,1.397784948348999,1.4488414525985718,1.8044157028198242,1.8382247686386108,1.7181867361068726,1.9549908638000488,2.217764377593994,2.2973384857177734
B8,1.4748318195343018,1.2804207801818848,1.255531907081604,1.044816493988037,0.7663843035697937,0.8470699191093445,0.8947216272354126,0.5870146155357361,0.548831582069397,0.9152933955192566,0.9523718357086182,0.8132289052009583,1.0053369998931885,1.2725898027420044,1.4110182523727417,1.1913143396377563,1.1087498664855957,0.930286705493927,0.6936035752296448,0.5902130603790283,0.5666126012802124,0.37175267934799194,0.0,0.37566378712654114,0.5420549511909485,0.5222577452659607,0.6530784964561462,0.8746839761734009,0.9740421772003174,1.1124926805496216,1.4294936656951904,1.5055185556411743,1.3730140924453735,1.0272035598754883,1.0052918195724487,1.1490565538406372,0.9250121116638184,0.6433066129684448,0.9444805383682251,1.0939146280288696,0.8616247177124023,0.9272738099098206,1.2734135389328003,1.3400437831878662,1.3261841535568237,1.685356616973877,1.7671592235565186,1.7231751680374146,1.3711960315704346,1.2540881633758545,1.4925283193588257,1.4122920036315918,1.108920931816101,1.3289331197738647,1.625993013381958,1.5160447359085083,1.4727157354354858,1.7929542064666748,1.9670146703720093,2.0150880813598633,1.448258876800537,1.4768202304840088,1.582424283027649,1.3136409521102905,1.0367376804351807,1.2806602716445923,1.3522604703903198,1.0612579584121704,1.1100009679794312,1.4649287462234497,1.4778590202331543,1.3491625785827637,1.598830223083496,1.8566937446594238,1.9265022277832031
B9,1.8115216493606567,1.6297101974487305,1.6273391246795654,1.400078535079956,1.1216470003128052,1.2182447910308838,1.2586021423339844,0.9256541728973389,0.8718255758285522,1.226051688194275,1.2137356996536255,0.9893940091133118,1.1986956596374512,1.5027660131454468,1.5677196979522705,1.3869566917419434,1.2079429626464844,1.0682040452957153,0.9362304210662842,0.7207582592964172,0.556419849395752,0.5340024828910828,0.37566378712654114,0.0,0.3688163459300995,0.5456639528274536,0.5320719480514526,0.6302003860473633,0.8305265307426453,1.0323817729949951,1.4765065908432007,1.4737468957901,1.2834813594818115,0.9986500144004822,0.9734834432601929,0.9890209436416626,0.7117158770561218,0.45627444982528687,0.7177085280418396,0.7753867506980896,0.4950091540813446,0.6242069005966187,0.9466479420661926,0.9714585542678833,0.9765164852142334,1.7395834922790527,1.8503745794296265,1.7339537143707275,1.3726755380630493,1.3428713083267212,1.5411630868911743,1.3707170486450195,1.0785715579986572,1.356781005859375,1.5903551578521729,1.3994994163513184,1.398543357849121,1.7458055019378662,1.866700530052185,1.8731862306594849,1.713897943496704,1.787441611289978,1.855747938156128,1.5441467761993408,1.3223567008972168,1.5636141300201416,1.5634862184524536,1.232803463935852,1.3220312595367432,1.6589230298995972,1.591734528541565,1.437252402305603,1.7337563037872314,1.9806421995162964,1.981958031654358
B10,1.9582253694534302,1.716225504875183,1.7192479372024536,1.5613014698028564,1.2519714832305908,1.2532879114151,1.3382307291030884,1.0444145202636719,0.853259801864624,1.1765210628509521,1.216667652130127,0.9262185096740723,1.039096474647522,1.3826870918273926,1.4324023723602295,1.4863797426223755,1.2917886972427368,1.065559983253479,1.0116831064224243,0.9057825803756714,0.6273154616355896,0.49930205941200256,0.5420549511909485,0.3688163459300995,0.0,0.38190191984176636,0.5375668406486511,0.4970987141132355,0.5468917489051819,0.8264088034629822,1.7559815645217896,1.78456711769104,1.557241678237915,1.2734969854354858,1.3145232200622559,1.3188285827636719,1.0008628368377686,0.8123792409896851,1.052058458328247,1.0325404405593872,0.6808291077613831,0.8207374215126038,1.1271288394927979,1.0665924549102783,0.96708744764328,2.060556411743164,2.1909828186035156,2.0913281440734863,1.7245498895645142,1.693000316619873,1.904465913772583,1.7392263412475586,1.4419903755187988,1.7027838230133057,1.9428461790084839,1.7360284328460693,1.7056564092636108,2.061067819595337,2.1917526721954346,2.1636080741882324,1.956946611404419,2.0085649490356445,2.1219217777252197,1.8395179510116577,1.5778887271881104,1.8109294176101685,1.860440969467163,1.5368475914001465,1.5646690130233765,1.9181392192840576,1.8879849910736084,1.6923305988311768,1.9546990394592285,2.237811326980591,2.244828462600708
B11,1.8830301761627197,1.6336147785186768,1.5591648817062378,1.4228785037994385,1.1664183139801025,1.0841495990753174,1.096323847770691,0.8099320530891418,0.5965651869773865,0.8629445433616638,0.860515296459198,0.5472533702850342,0.6885172724723816,1.0197255611419678,1.0612974166870117,1.6105587482452393,1.4960378408432007,1.2359931468963623,1.09042227268219,1.0574367046356201,0.8779462575912476,0.6024854183197021,0.5222577452659607,0.5456639528274536,0.38190191984176636,0.0,0.3822788596153259,0.5373704433441162,0.49731048941612244,0.6100698709487915,1.9298747777938843,1.977722406387329,1.8039360046386719,1.4872595071792603,1.46674644947052,1.5251997709274292,1.256743311882019,0.9798465371131897,1.1873162984848022,1.2587358951568604,0.9239661693572998,0.9173856377601624,1.268100380897522,1.29154634475708,1.136212706565857,2.192188024520874,2.268159866333008,2.19155216217041,1.8426402807235718,1.7332732677459717,1.9218101501464844,1.8016705513000488,1.4651274681091309,1.652233600616455,1.9307838678359985,1.755289912223816,1.6458747386932373,1.9902739524841309,2.177244186401367,2.1425952911376953,1.9395432472229004,1.9191622734069824,2.0290069580078125,1.787501573562622,1.4750003814697266,1.6458861827850342,1.730962872505188,1.4141533374786377,1.3542519807815552,1.7117702960968018,1.7310130596160889,1.4968231916427612,1.7085309028625488,2.023620128631592,2.057206630706787
B12,2.072566032409668,1.8733935356140137,1.7726671695709229,1.5731961727142334,1.3626219034194946,1.3399591445922852,1.272351622581482,0.9304707050323486,0.8574325442314148,1.104395866394043,0.9731813669204712,0.6712945103645325,0.9347689151763916,1.2146716117858887,1.172563076019287,1.8296904563903809,1.6954121589660645,1.4952186346054077,1.32705557346344,1.1965501308441162,1.0439317226409912,0.8659898638725281,0.6530784964561462,0.5320719480514526,0.5375668406486511,0.3822788596153259,0.0,0.36756280064582825,0.5590712428092957,0.584933876991272,1.9572993516921997,1.9362891912460327,1.7803958654403687,1.5033193826675415,1.4023499488830566,1.4015309810638428,1.17750883102417,0.8694888353347778,0.9603639841079712,1.0479540824890137,0.7439924478530884,0.6055203080177307,0.9546371102333069,1.0462565422058105,0.8887998461723328,2.1656548976898193,2.2120373249053955,2.0804574489593506,1.7519996166229248,1.6562799215316772,1.777419090270996,1.6142184734344482,1.2683700323104858,1.441975474357605,1.681656002998352,1.464866280555725,1.3384977579116821,1.6918822526931763,1.865473985671997,1.796604037284851,2.0353517532348633,2.022064447402954,2.0650851726531982,1.7931681871414185,1.5167567729949951,1.6521859169006348,1.6609963178634644,1.3083242177963257,1.263787031173706,1.5936360359191895,1.5432846546173096,1.2773377895355225,1.5244725942611694,1.8260984420776367,1.8011196851730347
B13,2.341343641281128,2.1201236248016357,2.060596466064453,1.8773488998413086,1.624025821685791,1.601435661315918,1.5889273881912231,1.259590744972229,1.121782660484314,1.3760689496994019,1.2910139560699463,0.9502623081207275,1.127069115638733,1.4422372579574585,1.3662097454071045,1.959049940109253,1.7636836767196655,1.5597506761550903,1.4768242835998535,1.3305809497833252,1.0864909887313843,0.9720125198364258,0.8746839761734009,0.6302003860473633,0.4970987141132355,0.5373704433441162,0.36756280064582825,0.0,0.36555609107017517,0.5450604557991028,2.092615842819214,2.0498077869415283,1.8382518291473389,1.5998115539550781,1.5497894287109375,1.4769377708435059,1.2060060501098633,0.9831693172454834,1.0554239749908447,1.0146934986114502,0.6652539968490601,0.613653302192688,0.8806538581848145,0.8528784513473511,0.6206318140029907,2.3381760120391846,2.426776170730591,2.268197774887085,1.9275355339050293,1.8945749998092651,2.0214550495147705,1.8105322122573853,1.4928292036056519,1.7121374607086182,1.9077805280685425,1.6400518417358398,1.5598831176757812,1.9220740795135498,2.046097755432129,1.940926432609558,2.302088737487793,2.3242359161376953,2.3810079097747803,2.0899980068206787,1.8321630954742432,1.9978359937667847,1.9957913160324097,1.6376672983169556,1.6234194040298462,1.9485892057418823,1.869910478591919,1.6049189567565918,1.8651081323623657,2.1581389904022217,2.0984487533569336
