0.000000000000000000e+00,3.723280429840087891e-01,5.219256877899169922e-01,5.695414543151855469e-01,7.194626331329345703e-01,8.979198336601257324e-01,1.024108052253723145e+00,1.230871319770812988e+00,1.372908234596252441e+00,1.440576195716857910e+00,1.629003882408142090e+00,1.828122973442077637e+00,1.880985856056213379e+00,1.914535284042358398e+00,2.234112262725830078e+00,1.008007407188415527e+00,1.347906112670898438e+00,1.345807552337646484e+00,1.068964242935180664e+00,1.273295164108276367e+00,1.585752487182617188e+00,1.494886159896850586e+00,1.474831819534301758e+00,1.811521649360656738e+00,1.958225369453430176e+00,1.883030176162719727e+00,2.072566032409667969e+00,2.341343641281127930e+00,2.367105960845947266e+00,2.444411039352416992e+00,1.474202632904052734e+00,1.782128453254699707e+00,1.873645901679992676e+00,1.572895884513854980e+00,1.612697720527648926e+00,1.975143790245056152e+00,1.942439317703247070e+00,1.801874279975891113e+00,2.086584091186523438e+00,2.321342229843139648e+00,2.234682559967041016e+00,2.310266733169555664e+00,2.617244482040405273e+00,2.726436138153076172e+00,2.782525062561035156e+00,1.599181056022644043e+00,1.597111582756042480e+00,1.858856320381164551e+00,1.683138370513916016e+00,1.432913064956665039e+00,1.737991929054260254e+00,1.953251242637634277e+00,1.834220170974731445e+00,1.883774399757385254e+00,2.204553127288818359e+00,2.352911949157714844e+00,2.332956314086914062e+00,2.484837055206298828e+00,2.697191953659057617e+00,2.905624866485595703e+00,5.988940000534057617e-01,4.888667762279510498e-01,8.549174666404724121e-01,9.649738669395446777e-01,8.532935976982116699e-01,1.038310885429382324e+00,1.317532062530517578e+00,1.430494666099548340e+00,1.491073608398437500e+00,1.653451323509216309e+00,1.868829369544982910e+00,1.990522265434265137e+00,2.066811084747314453e+00,2.184723138809204102e+00,2.448547363281250000e+00
3.723280429840087891e-01,0.000000000000000000e+00,3.736023008823394775e-01,5.434980392456054688e-01,5.365700125694274902e-01,6.139006018638610840e-01,8.454048633575439453e-01,1.064174532890319824e+00,1.114195466041564941e+00,1.178192496299743652e+00,1.427940130233764648e+00,1.594952106475830078e+00,1.596626639366149902e+00,1.651344060897827148e+00,1.982783079147338867e+00,8.826994895935058594e-01,1.198706269264221191e+00,1.105844616889953613e+00,8.434168100357055664e-01,1.128781437873840332e+00,1.382217884063720703e+00,1.240985393524169922e+00,1.280420780181884766e+00,1.629710197448730469e+00,1.716225504875183105e+00,1.633614778518676758e+00,1.873393535614013672e+00,2.120123624801635742e+00,2.101368665695190430e+00,2.189376592636108398e+00,1.556543707847595215e+00,1.860032200813293457e+00,1.880593299865722656e+00,1.545468568801879883e+00,1.624747872352600098e+00,1.961264848709106445e+00,1.861381769180297852e+00,1.706719398498535156e+00,2.023206472396850586e+00,2.227180242538452148e+00,2.086062431335449219e+00,2.176933765411376953e+00,2.503987073898315430e+00,2.581454515457153320e+00,2.601540803909301758e+00,1.763930916786193848e+00,1.807078599929809570e+00,2.020230293273925781e+00,1.784885287284851074e+00,1.556865930557250977e+00,1.879296898841857910e+00,2.038530349731445312e+00,1.867228865623474121e+00,1.955610513687133789e+00,2.293848752975463867e+00,2.386580705642700195e+00,2.348886489868164062e+00,2.546850919723510742e+00,2.766146659851074219e+00,2.936112403869628906e+00,8.672264218330383301e-01,7.795889973640441895e-01,1.129789710044860840e+00,1.161360144615173340e+00,9.447569847106933594e-01,1.159350037574768066e+00,1.456529974937438965e+00,1.484607696533203125e+00,1.502955555915832520e+00,1.731281638145446777e+00,1.946211695671081543e+00,1.999061346054077148e+00,2.087447881698608398e+00,2.262789487838745117e+00,2.508296966552734375e+00
5.219256877899169922e-01,3.736023008823394775e-01,0.000000000000000000e+00,3.720437288284301758e-01,5.434122681617736816e-01,4.978820979595184326e-01,5.767238736152648926e-01,8.768746852874755859e-01,9.850159883499145508e-01,9.627297520637512207e-01,1.169492840766906738e+00,1.402530312538146973e+00,1.422374129295349121e+00,1.413680553436279297e+00,1.743314266204833984e+00,1.194664478302001953e+00,1.469097614288330078e+00,1.337691068649291992e+00,1.020669937133789062e+00,1.265896320343017578e+00,1.504305005073547363e+00,1.297231316566467285e+00,1.255531907081604004e+00,1.627339124679565430e+00,1.719247937202453613e+00,1.559164881706237793e+00,1.772667169570922852e+00,2.060596466064453125e+00,2.039808034896850586e+00,2.065745592117309570e+00,1.747014403343200684e+00,2.008061885833740234e+00,2.046909809112548828e+00,1.697703957557678223e+00,1.701134681701660156e+00,2.033285140991210938e+00,1.945207834243774414e+00,1.726827502250671387e+00,2.008459806442260742e+00,2.248668193817138672e+00,2.095856189727783203e+00,2.123010158538818359e+00,2.464731216430664062e+00,2.581322669982910156e+00,2.572077751159667969e+00,1.900922894477844238e+00,1.881969332695007324e+00,2.073879241943359375e+00,1.850409984588623047e+00,1.566455841064453125e+00,1.840262055397033691e+00,2.014552354812622070e+00,1.807903170585632324e+00,1.836503386497497559e+00,2.193689584732055664e+00,2.298279762268066406e+00,2.205896377563476562e+00,2.389948844909667969e+00,2.645638465881347656e+00,2.802911520004272461e+00,9.672974348068237305e-01,7.448287010192871094e-01,1.046325087547302246e+00,1.117451190948486328e+00,8.311738371849060059e-01,9.416106343269348145e-01,1.282819032669067383e+00,1.322564840316772461e+00,1.260919332504272461e+00,1.474994778633117676e+00,1.736058473587036133e+00,1.768996357917785645e+00,1.807445406913757324e+00,1.996019363403320312e+00,2.262999296188354492e+00
5.695414543151855469e-01,5.434980392456054688e-01,3.720437288284301758e-01,0.000000000000000000e+00,3.742174208164215088e-01,5.402617454528808594e-01,5.155668854713439941e-01,6.870069503784179688e-01,9.072908759117126465e-01,9.837022423744201660e-01,1.099595665931701660e+00,1.308649063110351562e+00,1.421261310577392578e+00,1.456473946571350098e+00,1.742321968078613281e+00,1.126468658447265625e+00,1.358370542526245117e+00,1.275795102119445801e+00,9.123788475990295410e-01,1.054924488067626953e+00,1.332699894905090332e+00,1.167839646339416504e+00,1.044816493988037109e+00,1.400078535079956055e+00,1.561301469802856445e+00,1.422878503799438477e+00,1.573196172714233398e+00,1.877348899841308594e+00,1.919310331344604492e+00,1.950970649719238281e+00,1.479829311370849609e+00,1.704160809516906738e+00,1.765701889991760254e+00,1.423398256301879883e+00,1.374127149581909180e+00,1.710411190986633301e+00,1.658616423606872559e+00,1.430898189544677734e+00,1.687646985054016113e+00,1.951577067375183105e+00,1.837335348129272461e+00,1.849415898323059082e+00,2.175360202789306641e+00,2.318128347396850586e+00,2.340238332748413086e+00,1.599575281143188477e+00,1.560408115386962891e+00,1.726505160331726074e+00,1.504691839218139648e+00,1.206088304519653320e+00,1.471603751182556152e+00,1.645257115364074707e+00,1.444590091705322266e+00,1.472253918647766113e+00,1.825791358947753906e+00,1.938208460807800293e+00,1.861866712570190430e+00,2.040590047836303711e+00,2.285084486007690430e+00,2.454178571701049805e+00,7.487089633941650391e-01,5.575428605079650879e-01,7.900128960609436035e-01,7.800948619842529297e-01,4.642158746719360352e-01,6.389237642288208008e-01,9.452415704727172852e-01,9.693713784217834473e-01,9.660196304321289062e-01,1.188951969146728516e+00,1.410033226013183594e+00,1.469118118286132812e+00,1.551569461822509766e+00,1.720082283020019531e+00,1.966409087181091309e+00
7.194626331329345703e-01,5.365700125694274902e-01,5.434122681617736816e-01,3.742174208164215088e-01,0.000000000000000000e+00,3.796257972717285156e-01,5.523424148559570312e-01,6.001418828964233398e-01,7.019631862640380859e-01,8.902788162231445312e-01,1.066682457923889160e+00,1.176551222801208496e+00,1.265767335891723633e+00,1.386274099349975586e+00,1.665735721588134766e+00,8.595005869865417480e-01,1.039667129516601562e+00,9.158305525779724121e-01,5.486171841621398926e-01,7.326977849006652832e-01,9.814111590385437012e-01,8.176921010017395020e-01,7.663843035697937012e-01,1.121647000312805176e+00,1.251971483230590820e+00,1.166418313980102539e+00,1.362621903419494629e+00,1.624025821685791016e+00,1.652202725410461426e+00,1.739531993865966797e+00,1.339924097061157227e+00,1.568509459495544434e+00,1.557270646095275879e+00,1.193023681640625000e+00,1.213876247406005859e+00,1.524089574813842773e+00,1.408358573913574219e+00,1.203671693801879883e+00,1.511077284812927246e+00,1.725806355476379395e+00,1.578138709068298340e+00,1.645117998123168945e+00,1.975717306137084961e+00,2.070387840270996094e+00,2.089438199996948242e+00,1.556704759597778320e+00,1.597553014755249023e+00,1.721637010574340820e+00,1.437541484832763672e+00,1.210454344749450684e+00,1.519497036933898926e+00,1.617811679840087891e+00,1.397007346153259277e+00,1.515122294425964355e+00,1.858391761779785156e+00,1.903878211975097656e+00,1.859056353569030762e+00,2.090659379959106445e+00,2.305202007293701172e+00,2.446601867675781250e+00,8.743090033531188965e-01,8.308262228965759277e-01,1.066726803779602051e+00,9.435037970542907715e-01,6.383546590805053711e-01,9.165494441986083984e-01,1.150695443153381348e+00,1.065377831459045410e+00,1.102241039276123047e+00,1.392919778823852539e+00,1.549783706665039062e+00,1.556719303131103516e+00,1.702467083930969238e+00,1.906318068504333496e+00,2.102582931518554688e+00
8.979198336601257324e-01,6.139006018638610840e-01,4.978820979595184326e-01,5.402617454528808594e-01,3.796257972717285156e-01,0.000000000000000000e+00,3.705747723579406738e-01,5.524729490280151367e-01,5.170196890830993652e-01,5.814362764358520508e-01,8.486055135726928711e-01,9.872320294380187988e-01,9.898722171783447266e-01,1.071196317672729492e+00,1.385584831237792969e+00,1.105883598327636719e+00,1.271141171455383301e+00,1.047726631164550781e+00,7.364786863327026367e-01,9.886209368705749512e-01,1.131684660911560059e+00,8.563310503959655762e-01,8.470699191093444824e-01,1.218244791030883789e+00,1.253287911415100098e+00,1.084149599075317383e+00,1.339959144592285156e+00,1.601435661315917969e+00,1.553258180618286133e+00,1.599378228187561035e+00,1.707651734352111816e+00,1.927885890007019043e+00,1.886479616165161133e+00,1.514309167861938477e+00,1.537436008453369141e+00,1.815290570259094238e+00,1.655915856361389160e+00,1.416225433349609375e+00,1.717554450035095215e+00,1.917046904563903809e+00,1.707972407341003418e+00,1.746219754219055176e+00,2.101937532424926758e+00,2.185476541519165039e+00,2.140906095504760742e+00,1.934583902359008789e+00,1.965671777725219727e+00,2.077956914901733398e+00,1.788371801376342773e+00,1.550928711891174316e+00,1.831002712249755859e+00,1.915781497955322266e+00,1.652654290199279785e+00,1.744662284851074219e+00,2.102684020996093750e+00,2.123914003372192383e+00,2.025043010711669922e+00,2.270794868469238281e+00,2.515343666076660156e+00,2.620311737060546875e+00,1.204493403434753418e+00,1.079036116600036621e+00,1.327403068542480469e+00,1.259140491485595703e+00,9.079157710075378418e-01,1.083997130393981934e+00,1.365397691726684570e+00,1.264647722244262695e+00,1.189921021461486816e+00,1.495779991149902344e+00,1.699443340301513672e+00,1.641038537025451660e+00,1.735911250114440918e+00,1.988423943519592285e+00,2.196196794509887695e+00
1.024108052253723145e+00,8.454048633575439453e-01,5.767238736152648926e-01,5.155668854713439941e-01,5.523424148559570312e-01,3.705747723579406738e-01,0.000000000000000000e+00,3.684989213943481445e-01,5.272999405860900879e-01,4.889026880264282227e-01,6.056994199752807617e-01,8.497820496559143066e-01,9.385585784912109375e-01,9.435934424400329590e-01,1.229878187179565430e+00,1.397256493568420410e+00,1.550038337707519531e+00,1.354301571846008301e+00,1.010699272155761719e+00,1.167410135269165039e+00,1.321686267852783203e+00,1.038211822509765625e+00,8.947216272354125977e-01,1.258602142333984375e+00,1.338230729103088379e+00,1.096323847770690918e+00,1.272351622581481934e+00,1.588927388191223145e+00,1.573661684989929199e+00,1.544182538986206055e+00,1.826318979263305664e+00,2.002312898635864258e+00,1.999007225036621094e+00,1.634163498878479004e+00,1.568957209587097168e+00,1.841673493385314941e+00,1.723312020301818848e+00,1.429420351982116699e+00,1.670895099639892578e+00,1.917561769485473633e+00,1.725938081741333008e+00,1.685574173927307129e+00,2.042595624923706055e+00,2.181643247604370117e+00,2.125577688217163086e+00,1.982406020164489746e+00,1.949622988700866699e+00,2.042044401168823242e+00,1.780610799789428711e+00,1.493587255477905273e+00,1.712696790695190430e+00,1.816215753555297852e+00,1.531807422637939453e+00,1.552707433700561523e+00,1.921123504638671875e+00,1.963494539260864258e+00,1.812910676002502441e+00,2.034823656082153320e+00,2.311945676803588867e+00,2.411566972732543945e+00,1.252485275268554688e+00,1.054642081260681152e+00,1.223492980003356934e+00,1.173855066299438477e+00,7.919614911079406738e-01,8.528972864151000977e-01,1.141149640083312988e+00,1.045448303222656250e+00,8.873280286788940430e-01,1.180767059326171875e+00,1.418391227722167969e+00,1.344637751579284668e+00,1.395488739013671875e+00,1.656759738922119141e+00,1.880503416061401367e+00
1.230871319770812988e+00,1.064174532890319824e+00,8.768746852874755859e-01,6.870069503784179688e-01,6.001418828964233398e-01,5.524729490280151367e-01,3.684989213943481445e-01,0.000000000000000000e+00,3.755039870738983154e-01,5.455461740493774414e-01,5.311309695243835449e-01,6.490604877471923828e-01,8.545237779617309570e-01,9.617486000061035156e-01,1.168527841567993164e+00,1.386783123016357422e+00,1.456358671188354492e+00,1.269729495048522949e+00,9.310309290885925293e-01,9.805220365524291992e-01,1.095451235771179199e+00,8.254989981651306152e-01,5.870146155357360840e-01,9.256541728973388672e-01,1.044414520263671875e+00,8.099320530891418457e-01,9.304707050323486328e-01,1.259590744972229004e+00,1.297153115272521973e+00,1.281931281089782715e+00,1.686425328254699707e+00,1.806766390800476074e+00,1.776096343994140625e+00,1.418456315994262695e+00,1.321098685264587402e+00,1.550768256187438965e+00,1.421430110931396484e+00,1.101312398910522461e+00,1.324524641036987305e+00,1.568610668182373047e+00,1.375066161155700684e+00,1.317993998527526855e+00,1.674842238426208496e+00,1.821468710899353027e+00,1.771119236946105957e+00,1.850302219390869141e+00,1.832504987716674805e+00,1.859947681427001953e+00,1.572143197059631348e+00,1.317548751831054688e+00,1.518520355224609375e+00,1.559331536293029785e+00,1.244533538818359375e+00,1.305228829383850098e+00,1.663395047187805176e+00,1.655614137649536133e+00,1.511716723442077637e+00,1.769849896430969238e+00,2.029075860977172852e+00,2.104851484298706055e+00,1.313117980957031250e+00,1.191723346710205078e+00,1.296929836273193359e+00,1.141335606575012207e+00,7.707597017288208008e-01,8.827819228172302246e-01,1.065950989723205566e+00,8.574417829513549805e-01,7.394273281097412109e-01,1.091002345085144043e+00,1.242154717445373535e+00,1.122488617897033691e+00,1.254072904586791992e+00,1.532721400260925293e+00,1.695639967918395996e+00
1.372908234596252441e+00,1.114195466041564941e+00,9.850159883499145508e-01,9.072908759117126465e-01,7.019631862640380859e-01,5.170196890830993652e-01,5.272999405860900879e-01,3.755039870738983154e-01,0.000000000000000000e+00,3.723583221435546875e-01,5.370733141899108887e-01,5.105048418045043945e-01,5.831560492515563965e-01,7.834435105323791504e-01,1.012165546417236328e+00,1.362926840782165527e+00,1.393315672874450684e+00,1.126821517944335938e+00,8.601009845733642578e-01,9.815444350242614746e-01,9.865710735321044922e-01,6.374644637107849121e-01,5.488315820693969727e-01,8.718255758285522461e-01,8.532598018646240234e-01,5.965651869773864746e-01,8.574325442314147949e-01,1.121782660484313965e+00,1.065368533134460449e+00,1.085780739784240723e+00,1.828402519226074219e+00,1.965457320213317871e+00,1.869810223579406738e+00,1.504158973693847656e+00,1.484851837158203125e+00,1.677603244781494141e+00,1.472146749496459961e+00,1.180336356163024902e+00,1.444519519805908203e+00,1.616834402084350586e+00,1.353134989738464355e+00,1.345732569694519043e+00,1.713121533393859863e+00,1.793161034584045410e+00,1.695257663726806641e+00,2.064267873764038086e+00,2.100498676300048828e+00,2.120553731918334961e+00,1.799042224884033203e+00,1.595792412757873535e+00,1.826021552085876465e+00,1.823422551155090332e+00,1.502317905426025391e+00,1.618250846862792969e+00,1.960675477981567383e+00,1.899696111679077148e+00,1.768118381500244141e+00,2.060147762298583984e+00,2.300819635391235352e+00,2.341178894042968750e+00,1.543879866600036621e+00,1.450240015983581543e+00,1.612762331962585449e+00,1.456357002258300781e+00,1.091966748237609863e+00,1.241941332817077637e+00,1.436117768287658691e+00,1.212711453437805176e+00,1.100451111793518066e+00,1.455127120018005371e+00,1.592390775680541992e+00,1.430129408836364746e+00,1.564398884773254395e+00,1.869635105133056641e+00,2.008408784866333008e+00
1.440576195716857910e+00,1.178192496299743652e+00,9.627297520637512207e-01,9.837022423744201660e-01,8.902788162231445312e-01,5.814362764358520508e-01,4.889026880264282227e-01,5.455461740493774414e-01,3.723583221435546875e-01,0.000000000000000000e+00,3.767777979373931885e-01,5.267420411109924316e-01,4.719389975070953369e-01,4.969460368156433105e-01,8.058862686157226562e-01,1.620492219924926758e+00,1.702405691146850586e+00,1.421929121017456055e+00,1.157110810279846191e+00,1.329099535942077637e+00,1.349523067474365234e+00,9.917157292366027832e-01,9.152933955192565918e-01,1.226051688194274902e+00,1.176521062850952148e+00,8.629445433616638184e-01,1.104395866394042969e+00,1.376068949699401855e+00,1.265340924263000488e+00,1.197941899299621582e+00,2.140601158142089844e+00,2.293729543685913086e+00,2.222497224807739258e+00,1.853908181190490723e+00,1.818130373954772949e+00,2.026378631591796875e+00,1.837383866310119629e+00,1.532236576080322266e+00,1.769823789596557617e+00,1.959529757499694824e+00,1.692241311073303223e+00,1.641404867172241211e+00,2.009729623794555664e+00,2.107550144195556641e+00,1.974308729171752930e+00,2.349657297134399414e+00,2.351443767547607422e+00,2.397209644317626953e+00,2.099584817886352539e+00,1.855140686035156250e+00,2.063059806823730469e+00,2.097954750061035156e+00,1.772110939025878906e+00,1.825614809989929199e+00,2.180703878402709961e+00,2.147010803222656250e+00,1.966592192649841309e+00,2.232159852981567383e+00,2.508004426956176758e+00,2.541900396347045898e+00,1.705476880073547363e+00,1.535765051841735840e+00,1.707827329635620117e+00,1.625003933906555176e+00,1.241276621818542480e+00,1.302190780639648438e+00,1.548777103424072266e+00,1.375618815422058105e+00,1.172135949134826660e+00,1.491302847862243652e+00,1.695821404457092285e+00,1.518475890159606934e+00,1.566465854644775391e+00,1.888455390930175781e+00,2.064249515533447266e+00
1.629003882408142090e+00,1.427940130233764648e+00,1.169492840766906738e+00,1.099595665931701660e+00,1.066682457923889160e+00,8.486055135726928711e-01,6.056994199752807617e-01,5.311309695243835449e-01,5.370733141899108887e-01,3.767777979373931885e-01,0.000000000000000000e+00,3.689610362052917480e-01,5.352990627288818359e-01,5.029209852218627930e-01,6.726489663124084473e-01,1.850429058074951172e+00,1.908455014228820801e+00,1.660435080528259277e+00,1.369416236877441406e+00,1.453224539756774902e+00,1.477699279785156250e+00,1.144657015800476074e+00,9.523718357086181641e-01,1.213735699653625488e+00,1.216667652130126953e+00,8.605152964591979980e-01,9.731813669204711914e-01,1.291013956069946289e+00,1.238694429397583008e+00,1.089367985725402832e+00,2.211997509002685547e+00,2.313329935073852539e+00,2.263426542282104492e+00,1.911295771598815918e+00,1.803042292594909668e+00,1.984167456626892090e+00,1.829328775405883789e+00,1.485661268234252930e+00,1.652419567108154297e+00,1.872186779975891113e+00,1.626331806182861328e+00,1.494840145111083984e+00,1.852565646171569824e+00,2.001863002777099609e+00,1.859161853790283203e+00,2.369150638580322266e+00,2.329553127288818359e+00,2.336356401443481445e+00,2.059136867523193359e+00,1.798523426055908203e+00,1.943068861961364746e+00,1.965931177139282227e+00,1.622236132621765137e+00,1.625856757164001465e+00,1.970507502555847168e+00,1.931059479713439941e+00,1.703801035881042480e+00,1.957423686981201172e+00,2.251766681671142578e+00,2.263338088989257812e+00,1.798482060432434082e+00,1.614090323448181152e+00,1.708652496337890625e+00,1.607920765876770020e+00,1.234202384948730469e+00,1.222809553146362305e+00,1.414341211318969727e+00,1.211702346801757812e+00,9.489535093307495117e-01,1.253949165344238281e+00,1.442052006721496582e+00,1.215936303138732910e+00,1.242490768432617188e+00,1.585332393646240234e+00,1.740122914314270020e+00
1.828122973442077637e+00,1.594952106475830078e+00,1.402530312538146973e+00,1.308649063110351562e+00,1.176551222801208496e+00,9.872320294380187988e-01,8.497820496559143066e-01,6.490604877471923828e-01,5.105048418045043945e-01,5.267420411109924316e-01,3.689610362052917480e-01,0.000000000000000000e+00,3.685974776744842529e-01,5.590131878852844238e-01,6.078215837478637695e-01,1.851630687713623047e+00,1.837756156921386719e+00,1.569917201995849609e+00,1.334006667137145996e+00,1.376241326332092285e+00,1.312267303466796875e+00,9.806003570556640625e-01,8.132289052009582520e-01,9.893940091133117676e-01,9.262185096740722656e-01,5.472533702850341797e-01,6.712945103645324707e-01,9.502623081207275391e-01,8.734448552131652832e-01,7.284629940986633301e-01,2.202131271362304688e+00,2.273725032806396484e+00,2.171299219131469727e+00,1.831426262855529785e+00,1.745618939399719238e+00,1.867955684661865234e+00,1.667101383209228516e+00,1.333342313766479492e+00,1.495260596275329590e+00,1.659685611724853516e+00,1.372071385383605957e+00,1.249735474586486816e+00,1.606148958206176758e+00,1.716883540153503418e+00,1.539727091789245605e+00,2.399708986282348633e+00,2.401182413101196289e+00,2.362972736358642578e+00,2.054534435272216797e+00,1.850112438201904297e+00,1.999612450599670410e+00,1.954349160194396973e+00,1.597024559974670410e+00,1.664970636367797852e+00,1.982733964920043945e+00,1.872866749763488770e+00,1.667279481887817383e+00,1.966237664222717285e+00,2.226128578186035156e+00,2.196787357330322266e+00,1.958127379417419434e+00,1.833640456199645996e+00,1.929788947105407715e+00,1.766658544540405273e+00,1.407257795333862305e+00,1.461826205253601074e+00,1.601001620292663574e+00,1.331273794174194336e+00,1.130980253219604492e+00,1.463360905647277832e+00,1.572196841239929199e+00,1.304964303970336914e+00,1.406082868576049805e+00,1.756584286689758301e+00,1.844437718391418457e+00
1.880985856056213379e+00,1.596626639366149902e+00,1.422374129295349121e+00,1.421261310577392578e+00,1.265767335891723633e+00,9.898722171783447266e-01,9.385585784912109375e-01,8.545237779617309570e-01,5.831560492515563965e-01,4.719389975070953369e-01,5.352990627288818359e-01,3.685974776744842529e-01,0.000000000000000000e+00,3.583531081676483154e-01,5.014393925666809082e-01,1.888028621673583984e+00,1.887336015701293945e+00,1.572049021720886230e+00,1.383959770202636719e+00,1.507935404777526855e+00,1.411615252494812012e+00,1.047119736671447754e+00,1.005336999893188477e+00,1.198695659637451172e+00,1.039096474647521973e+00,6.885172724723815918e-01,9.347689151763916016e-01,1.127069115638732910e+00,9.310212135314941406e-01,8.118970990180969238e-01,2.389877080917358398e+00,2.500391006469726562e+00,2.374907732009887695e+00,2.023156881332397461e+00,1.994709372520446777e+00,2.128541469573974609e+00,1.892699122428894043e+00,1.590164303779602051e+00,1.794608592987060547e+00,1.923053026199340820e+00,1.604268550872802734e+00,1.535458803176879883e+00,1.889356613159179688e+00,1.948449373245239258e+00,1.744435310363769531e+00,2.627613544464111328e+00,2.654065608978271484e+00,2.644379377365112305e+00,2.323220491409301758e+00,2.124248027801513672e+00,2.309331893920898438e+00,2.275194406509399414e+00,1.925443291664123535e+00,2.009577035903930664e+00,2.335135936737060547e+00,2.227457284927368164e+00,2.033507347106933594e+00,2.333292722702026367e+00,2.591627597808837891e+00,2.561651468276977539e+00,2.108726501464843750e+00,1.973965525627136230e+00,2.125070333480834961e+00,1.994377017021179199e+00,1.619840741157531738e+00,1.690044522285461426e+00,1.880976438522338867e+00,1.641679286956787109e+00,1.437103867530822754e+00,1.765781283378601074e+00,1.911137461662292480e+00,1.657913208007812500e+00,1.728761672973632812e+00,2.081572771072387695e+00,2.191866874694824219e+00
1.914535284042358398e+00,1.651344060897827148e+00,1.413680553436279297e+00,1.456473946571350098e+00,1.386274099349975586e+00,1.071196317672729492e+00,9.435934424400329590e-01,9.617486000061035156e-01,7.834435105323791504e-01,4.969460368156433105e-01,5.029209852218627930e-01,5.590131878852844238e-01,3.583531081676483154e-01,0.000000000000000000e+00,3.632181882858276367e-01,2.091510534286499023e+00,2.141955137252807617e+00,1.834778785705566406e+00,1.611889600753784180e+00,1.762008905410766602e+00,1.716313004493713379e+00,1.348232150077819824e+00,1.272589802742004395e+00,1.502766013145446777e+00,1.382687091827392578e+00,1.019725561141967773e+00,1.214671611785888672e+00,1.442237257957458496e+00,1.262473106384277344e+00,1.080736994743347168e+00,2.601766109466552734e+00,2.725338459014892578e+00,2.635546207427978516e+00,2.276470422744750977e+00,2.221136331558227539e+00,2.383866548538208008e+00,2.178791522979736328e+00,1.857402563095092773e+00,2.044394493103027344e+00,2.210179567337036133e+00,1.911773443222045898e+00,1.805591344833374023e+00,2.158870458602905273e+00,2.253406524658203125e+00,2.048151969909667969e+00,2.804798364639282227e+00,2.793496370315551758e+00,2.808225631713867188e+00,2.512372970581054688e+00,2.270769357681274414e+00,2.435612440109252930e+00,2.442999362945556641e+00,2.094233751296997070e+00,2.119459629058837891e+00,2.456859350204467773e+00,2.387971162796020508e+00,2.155977964401245117e+00,2.421500682830810547e+00,2.711667776107788086e+00,2.689231634140014648e+00,2.188035011291503906e+00,1.995513796806335449e+00,2.140148639678955078e+00,2.065850019454956055e+00,1.683174610137939453e+00,1.682831168174743652e+00,1.905374646186828613e+00,1.713169097900390625e+00,1.446687221527099609e+00,1.733559846878051758e+00,1.932920217514038086e+00,1.683332204818725586e+00,1.676168560981750488e+00,2.029948949813842773e+00,2.176604747772216797e+00
2.234112262725830078e+00,1.982783079147338867e+00,1.743314266204833984e+00,1.742321968078613281e+00,1.665735721588134766e+00,1.385584831237792969e+00,1.229878187179565430e+00,1.168527841567993164e+00,1.012165546417236328e+00,8.058862686157226562e-01,6.726489663124084473e-01,6.078215837478637695e-01,5.014393925666809082e-01,3.632181882858276367e-01,0.000000000000000000e+00,2.361822366714477539e+00,2.371821403503417969e+00,2.067393064498901367e+00,1.857999563217163086e+00,1.955680727958679199e+00,1.870734095573425293e+00,1.518453240394592285e+00,1.411018252372741699e+00,1.567719697952270508e+00,1.432402372360229492e+00,1.061297416687011719e+00,1.172563076019287109e+00,1.366209745407104492e+00,1.184528708457946777e+00,9.169245958328247070e-01,2.796993494033813477e+00,2.879495143890380859e+00,2.776985645294189453e+00,2.434766054153442383e+00,2.351739168167114258e+00,2.468480825424194336e+00,2.262029170989990234e+00,1.931136965751647949e+00,2.065560579299926758e+00,2.213085174560546875e+00,1.909014940261840820e+00,1.755020141601562500e+00,2.082936048507690430e+00,2.183349847793579102e+00,1.938541531562805176e+00,2.988756895065307617e+00,2.970013856887817383e+00,2.943279266357421875e+00,2.648808956146240234e+00,2.422188520431518555e+00,2.547947406768798828e+00,2.518879652023315430e+00,2.158055782318115234e+00,2.173769235610961914e+00,2.484312295913696289e+00,2.378038167953491211e+00,2.120030403137207031e+00,2.388916492462158203e+00,2.674466371536254883e+00,2.605858802795410156e+00,2.455222368240356445e+00,2.272239685058593750e+00,2.378788232803344727e+00,2.277083396911621094e+00,1.904712200164794922e+00,1.885064125061035156e+00,2.058737993240356445e+00,1.831496715545654297e+00,1.552811145782470703e+00,1.823970317840576172e+00,1.981448650360107422e+00,1.680667519569396973e+00,1.669902205467224121e+00,2.035953521728515625e+00,2.133017301559448242e+00
1.008007407188415527e+00,8.826994895935058594e-01,1.194664478302001953e+00,1.126468658447265625e+00,8.595005869865417480e-01,1.105883598327636719e+00,1.397256493568420410e+00,1.386783123016357422e+00,1.362926840782165527e+00,1.620492219924926758e+00,1.850429058074951172e+00,1.851630687713623047e+00,1.888028621673583984e+00,2.091510534286499023e+00,2.361822366714477539e+00,0.000000000000000000e+00,3.750914335250854492e-01,5.220992565155029297e-01,5.267379283905029297e-01,6.881450414657592773e-01,9.132868647575378418e-01,1.023589611053466797e+00,1.191314339637756348e+00,1.386956691741943359e+00,1.486379742622375488e+00,1.610558748245239258e+00,1.829690456390380859e+00,1.959049940109252930e+00,1.994418621063232422e+00,2.214003801345825195e+00,9.998780488967895508e-01,1.323227763175964355e+00,1.236439466476440430e+00,9.627803564071655273e-01,1.228466033935546875e+00,1.497392773628234863e+00,1.360129952430725098e+00,1.381097793579101562e+00,1.731501936912536621e+00,1.821193456649780273e+00,1.728231787681579590e+00,1.954821944236755371e+00,2.211423158645629883e+00,2.196954488754272461e+00,2.296268463134765625e+00,1.378602027893066406e+00,1.596119284629821777e+00,1.746332049369812012e+00,1.457879066467285156e+00,1.425620913505554199e+00,1.802110552787780762e+00,1.848194599151611328e+00,1.746035575866699219e+00,1.983310699462890625e+00,2.246071338653564453e+00,2.261703491210937500e+00,2.347838163375854492e+00,2.587629318237304688e+00,2.705552816390991211e+00,2.869292974472045898e+00,1.041882753372192383e+00,1.256226897239685059e+00,1.513525962829589844e+00,1.349298357963562012e+00,1.260889172554016113e+00,1.617283225059509277e+00,1.760710477828979492e+00,1.686204433441162109e+00,1.854097366333007812e+00,2.122872352600097656e+00,2.194065332412719727e+00,2.246855497360229492e+00,2.461754560470581055e+00,2.623620033264160156e+00,2.776281356811523438e+00
1.347906112670898438e+00,1.198706269264221191e+00,1.469097614288330078e+00,1.358370542526245117e+00,1.039667129516601562e+00,1.271141171455383301e+00,1.550038337707519531e+00,1.456358671188354492e+00,1.393315672874450684e+00,1.702405691146850586e+00,1.908455014228820801e+00,1.837756156921386719e+00,1.887336015701293945e+00,2.141955137252807617e+00,2.371821403503417969e+00,3.750914335250854492e-01,0.000000000000000000e+00,3.712927699089050293e-01,5.511505603790283203e-01,5.663680434226989746e-01,6.778741478919982910e-01,8.999698162078857422e-01,1.108749866485595703e+00,1.207942962646484375e+00,1.291788697242736816e+00,1.496037840843200684e+00,1.695412158966064453e+00,1.763683676719665527e+00,1.817066669464111328e+00,2.080029726028442383e+00,9.628993272781372070e-01,1.219111084938049316e+00,1.035521507263183594e+00,7.857774496078491211e-01,1.114956259727478027e+00,1.305832982063293457e+00,1.116530776023864746e+00,1.202402949333190918e+00,1.553125500679016113e+00,1.576925277709960938e+00,1.483053445816040039e+00,1.757961034774780273e+00,1.983651876449584961e+00,1.923574328422546387e+00,2.038073301315307617e+00,1.396783709526062012e+00,1.659853339195251465e+00,1.734477043151855469e+00,1.411111831665039062e+00,1.455923557281494141e+00,1.818742513656616211e+00,1.788996458053588867e+00,1.684438467025756836e+00,1.975142955780029297e+00,2.207574844360351562e+00,2.164899110794067383e+00,2.279529333114624023e+00,2.546486139297485352e+00,2.630747556686401367e+00,2.765853404998779297e+00,1.305510401725769043e+00,1.537748694419860840e+00,1.749976277351379395e+00,1.519202113151550293e+00,1.428784489631652832e+00,1.796427488327026367e+00,1.890300393104553223e+00,1.751088857650756836e+00,1.938709974288940430e+00,2.229735851287841797e+00,2.248448371887207031e+00,2.268535375595092773e+00,2.523661375045776367e+00,2.697796821594238281e+00,2.804414033889770508e+00
1.345807552337646484e+00,1.105844616889953613e+00,1.337691068649291992e+00,1.275795102119445801e+00,9.158305525779724121e-01,1.047726631164550781e+00,1.354301571846008301e+00,1.269729495048522949e+00,1.126821517944335938e+00,1.421929121017456055e+00,1.660435080528259277e+00,1.569917201995849609e+00,1.572049021720886230e+00,1.834778785705566406e+00,2.067393064498901367e+00,5.220992565155029297e-01,3.712927699089050293e-01,0.000000000000000000e+00,3.778589069843292236e-01,5.557573437690734863e-01,5.457386970520019531e-01,6.397148370742797852e-01,9.302867054939270020e-01,1.068204045295715332e+00,1.065559983253479004e+00,1.235993146896362305e+00,1.495218634605407715e+00,1.559750676155090332e+00,1.551995754241943359e+00,1.808795452117919922e+00,1.264860987663269043e+00,1.496388554573059082e+00,1.299983978271484375e+00,9.978199601173400879e-01,1.269155859947204590e+00,1.450330138206481934e+00,1.200694084167480469e+00,1.201348066329956055e+00,1.570782661437988281e+00,1.596426248550415039e+00,1.418895721435546875e+00,1.671970009803771973e+00,1.939502835273742676e+00,1.871595263481140137e+00,1.919635891914367676e+00,1.675868034362792969e+00,1.897238492965698242e+00,1.958781003952026367e+00,1.613053917884826660e+00,1.601048946380615234e+00,1.952967047691345215e+00,1.916221499443054199e+00,1.743660926818847656e+00,2.017946243286132812e+00,2.284734010696411133e+00,2.217443704605102539e+00,2.277941703796386719e+00,2.570333957672119141e+00,2.689894199371337891e+00,2.791356801986694336e+00,1.427340745925903320e+00,1.580258607864379883e+00,1.819249868392944336e+00,1.606459975242614746e+00,1.427136778831481934e+00,1.771213054656982422e+00,1.908643841743469238e+00,1.738865613937377930e+00,1.859964370727539062e+00,2.182542800903320312e+00,2.233120441436767578e+00,2.199582815170288086e+00,2.433755636215209961e+00,2.651185035705566406e+00,2.764417409896850586e+00
1.068964242935180664e+00,8.434168100357055664e-01,1.020669937133789062e+00,9.123788475990295410e-01,5.486171841621398926e-01,7.364786863327026367e-01,1.010699272155761719e+00,9.310309290885925293e-01,8.601009845733642578e-01,1.157110810279846191e+00,1.369416236877441406e+00,1.334006667137145996e+00,1.383959770202636719e+00,1.611889600753784180e+00,1.857999563217163086e+00,5.267379283905029297e-01,5.511505603790283203e-01,3.778589069843292236e-01,0.000000000000000000e+00,3.784952461719512939e-01,5.502941012382507324e-01,5.237467288970947266e-01,6.936035752296447754e-01,9.362304210662841797e-01,1.011683106422424316e+00,1.090422272682189941e+00,1.327055573463439941e+00,1.476824283599853516e+00,1.498220086097717285e+00,1.695597052574157715e+00,1.172466635704040527e+00,1.404708981513977051e+00,1.279503464698791504e+00,9.233188033103942871e-01,1.099266171455383301e+00,1.343407154083251953e+00,1.140323996543884277e+00,1.047349452972412109e+00,1.412606954574584961e+00,1.520549058914184570e+00,1.353685975074768066e+00,1.538468956947326660e+00,1.838232278823852539e+00,1.841009497642517090e+00,1.883862495422363281e+00,1.522302031517028809e+00,1.682193994522094727e+00,1.758720278739929199e+00,1.420489192008972168e+00,1.333295226097106934e+00,1.679660677909851074e+00,1.683061003684997559e+00,1.486766576766967773e+00,1.719967246055603027e+00,2.015397071838378906e+00,1.983838081359863281e+00,2.011250972747802734e+00,2.287990570068359375e+00,2.439653873443603516e+00,2.556525468826293945e+00,1.142064094543457031e+00,1.251695632934570312e+00,1.479991197586059570e+00,1.273600935935974121e+00,1.060418248176574707e+00,1.396755218505859375e+00,1.548773527145385742e+00,1.391559243202209473e+00,1.499557733535766602e+00,1.816975116729736328e+00,1.890217542648315430e+00,1.869149208068847656e+00,2.085497856140136719e+00,2.297843456268310547e+00,2.432602643966674805e+00
1.273295164108276367e+00,1.128781437873840332e+00,1.265896320343017578e+00,1.054924488067626953e+00,7.326977849006652832e-01,9.886209368705749512e-01,1.167410135269165039e+00,9.805220365524291992e-01,9.815444350242614746e-01,1.329099535942077637e+00,1.453224539756774902e+00,1.376241326332092285e+00,1.507935404777526855e+00,1.762008905410766602e+00,1.955680727958679199e+00,6.881450414657592773e-01,5.663680434226989746e-01,5.557573437690734863e-01,3.784952461719512939e-01,0.000000000000000000e+00,3.721723854541778564e-01,5.384370684623718262e-01,5.902130603790283203e-01,7.207582592964172363e-01,9.057825803756713867e-01,1.057436704635620117e+00,1.196550130844116211e+00,1.330580949783325195e+00,1.439910531044006348e+00,1.654170036315917969e+00,9.360827207565307617e-01,1.096328258514404297e+00,9.473166465759277344e-01,5.818244814872741699e-01,7.496480941772460938e-01,9.670185446739196777e-01,7.688762545585632324e-01,7.090457677841186523e-01,1.072992444038391113e+00,1.174423456192016602e+00,1.061280965805053711e+00,1.267460227012634277e+00,1.532899975776672363e+00,1.545385360717773438e+00,1.642054915428161621e+00,1.284821987152099609e+00,1.461279630661010742e+00,1.473207354545593262e+00,1.112673521041870117e+00,1.086209297180175781e+00,1.418782591819763184e+00,1.367349147796630859e+00,1.188782572746276855e+00,1.470700502395629883e+00,1.729303240776062012e+00,1.670923709869384766e+00,1.743428945541381836e+00,2.025202035903930664e+00,2.139171361923217773e+00,2.256219625473022461e+00,1.163838505744934082e+00,1.328788638114929199e+00,1.474520206451416016e+00,1.188387274742126465e+00,1.034887671470642090e+00,1.384746074676513672e+00,1.445576429367065430e+00,1.243392705917358398e+00,1.421192884445190430e+00,1.729365587234497070e+00,1.727917909622192383e+00,1.716413497924804688e+00,1.983880519866943359e+00,2.172114849090576172e+00,2.261141300201416016e+00
1.585752487182617188e+00,1.382217884063720703e+00,1.504305005073547363e+00,1.332699894905090332e+00,9.814111590385437012e-01,1.131684660911560059e+00,1.321686267852783203e+00,1.095451235771179199e+00,9.865710735321044922e-01,1.349523067474365234e+00,1.477699279785156250e+00,1.312267303466796875e+00,1.411615252494812012e+00,1.716313004493713379e+00,1.870734095573425293e+00,9.132868647575378418e-01,6.778741478919982910e-01,5.457386970520019531e-01,5.502941012382507324e-01,3.721723854541778564e-01,0.000000000000000000e+00,3.736568391323089600e-01,5.666126012802124023e-01,5.564198493957519531e-01,6.273154616355895996e-01,8.779462575912475586e-01,1.043931722640991211e+00,1.086490988731384277e+00,1.168759226799011230e+00,1.437171936035156250e+00,1.216785192489624023e+00,1.319854378700256348e+00,1.084388852119445801e+00,7.728738188743591309e-01,9.572110772132873535e-01,1.051147460937500000e+00,7.454937696456909180e-01,7.080122232437133789e-01,1.067687034606933594e+00,1.071958661079406738e+00,8.737220168113708496e-01,1.134433388710021973e+00,1.394518733024597168e+00,1.335474133491516113e+00,1.394642114639282227e+00,1.586403727531433105e+00,1.781329989433288574e+00,1.741506099700927734e+00,1.367249965667724609e+00,1.383025527000427246e+00,1.680470228195190430e+00,1.562371492385864258e+00,1.352240324020385742e+00,1.659720063209533691e+00,1.899533629417419434e+00,1.768584251403808594e+00,1.831785559654235840e+00,2.150394439697265625e+00,2.250736474990844727e+00,2.314039468765258789e+00,1.531973242759704590e+00,1.674779653549194336e+00,1.823281884193420410e+00,1.533039331436157227e+00,1.346002459526062012e+00,1.669968605041503906e+00,1.726841807365417480e+00,1.472708821296691895e+00,1.609741210937500000e+00,1.943846106529235840e+00,1.923111319541931152e+00,1.846146941184997559e+00,2.125498533248901367e+00,2.349219083786010742e+00,2.402185678482055664e+00
