,A1,A2,A3,A4,A5,A6,A7,A8,A9,A10,A11,A12,A13,A14,A15,B1,B2,B3,B4,B5,B6,B7,B8,B9,B10,B11,B12,B13,B14,B15,C1,C2,C3,C4,C5,C6,C7,C8,C9,C10,C11,C12,C13,C14,C15,D1,D2,D3,D4,D5,D6,D7,D8,D9,D10,D11,D12,D13,D14,D15,E1,E2,E3,E4,E5,E6,E7,E8,E9,E10,E11,E12,E13,E14,E15
A1,0.0,0.3835465610027313,0.5368637442588806,0.5490460395812988,0.7164589166641235,0.918596625328064,1.034379243850708,1.1765779256820679,1.3743160963058472,1.507888674736023,1.6364521980285645,1.8091961145401,1.9708549976348877,2.0730764865875244,2.3244428634643555,1.5409424304962158,1.6096556186676025,1.553417682647705,1.188844919204712,1.0843759775161743,1.3306134939193726,1.203484296798706,0.8671815395355225,1.1011877059936523,1.3621665239334106,1.1969051361083984,1.1239784955978394,1.4834803342819214,1.624125599861145,1.5911481380462646,1.0749320983886719,0.9143592715263367,1.2882980108261108,1.413050889968872,1.2982770204544067,1.4341120719909668,1.7398905754089355,1.8307527303695679,1.8718575239181519,2.07655930519104,2.28656005859375,2.3498101234436035,2.4678094387054443,2.6551952362060547,2.875464916229248,0.9618074893951416,1.2940998077392578,1.4284977912902832,1.160256028175354,1.2384885549545288,1.5987253189086914,1.5983377695083618,1.5132906436920166,1.8053829669952393,2.0353877544403076,1.9945459365844727,2.0817761421203613,2.3772976398468018,2.485666036605835,2.5737574100494385,1.54762864112854,1.532314658164978,1.599449872970581,1.301487684249878,1.051340937614441,1.3268251419067383,1.3690240383148193,1.0423372983932495,1.1323802471160889,1.4907385110855103,1.4754185676574707,1.3288687467575073,1.6168943643569946,1.8705123662948608,1.9084970951080322
A2,0.3835465610027313,0.0,0.3836836814880371,0.5671694278717041,0.5686566829681396,0.6697773933410645,0.9075590372085571,1.0769453048706055,1.1721261739730835,1.301505446434021,1.5093042850494385,1.657802939414978,1.7604179382324219,1.8938802480697632,2.1771345138549805,1.611750602722168,1.7576286792755127,1.6764227151870728,1.2905025482177734,1.2955111265182495,1.5487940311431885,1.3598353862762451,1.0776615142822266,1.3781366348266602,1.578053593635559,1.3542280197143555,1.3516286611557007,1.7187050580978394,1.7874277830123901,1.7242698669433594,1.4123398065567017,1.2819478511810303,1.658879041671753,1.749315619468689,1.6065798997879028,1.7687255144119263,2.0784599781036377,2.1287214756011963,2.159614086151123,2.39652943611145,2.5996854305267334,2.6276044845581055,2.7552967071533203,2.9689576625823975,3.172579765319824,1.3035210371017456,1.6418105363845825,1.727387547492981,1.418283462524414,1.5192290544509888,1.872901201248169,1.8124812841415405,1.6901758909225464,2.010227680206299,2.232956647872925,2.130854845046997,2.208404064178467,2.535118818283081,2.622222423553467,2.6591978073120117,1.5742874145507812,1.4676244258880615,1.5582345724105835,1.3342221975326538,1.0023651123046875,1.209970474243164,1.331568956375122,1.0284905433654785,0.9874019026756287,1.3647947311401367,1.4302316904067993,1.2415239810943604,1.4605096578598022,1.7651429176330566,1.8411577939987183
A3,0.5368637442588806,0.3836836814880371,0.0,0.3911747336387634,0.5580745935440063,0.5141950845718384,0.6330041885375977,0.906594455242157,1.042109489440918,1.0737457275390625,1.258440375328064,1.4778845310211182,1.5697156190872192,1.6367334127426147,1.934617519378662,1.5147517919540405,1.6392130851745605,1.479486346244812,1.105784296989441,1.167669653892517,1.3503937721252441,1.0911707878112793,0.8488674163818359,1.1798089742660522,1.3048392534255981,1.0441375970840454,1.1168880462646484,1.4688721895217896,1.4797378778457642,1.4366704225540161,1.5652778148651123,1.3500142097473145,1.7021349668502808,1.81960129737854,1.6158502101898193,1.7232385873794556,2.069084644317627,2.1116862297058105,2.0740573406219482,2.3157029151916504,2.556487560272217,2.5519299507141113,2.639549732208252,2.881859064102173,3.101177930831909,1.4882457256317139,1.8101454973220825,1.9625403881072998,1.6822017431259155,1.7258765697479248,2.0961170196533203,2.08937931060791,1.950840711593628,2.234626293182373,2.4924447536468506,2.4197630882263184,2.4612209796905518,2.783013105392456,2.9075887203216553,2.9474995136260986,1.7634493112564087,1.6833254098892212,1.837539553642273,1.6232155561447144,1.2989122867584229,1.5373836755752563,1.689328908920288,1.4002639055252075,1.363452672958374,1.7411149740219116,1.8135594129562378,1.6142668724060059,1.8243228197097778,2.140744924545288,2.204639434814453
A4,0.5490460395812988,0.5671694278717041,0.3911747336387634,0.0,0.39157602190971375,0.545833945274353,0.5146214962005615,0.6633228063583374,0.9176483750343323,1.0166518688201904,1.096717119216919,1.2968977689743042,1.4763727188110352,1.5499387979507446,1.7870146036148071,1.1404880285263062,1.2527157068252563,1.1219834089279175,0.7394236326217651,0.7977606654167175,1.0250693559646606,0.8221542835235596,0.616274893283844,0.9798763394355774,1.1422719955444336,0.985042154788971,1.097426414489746,1.41863214969635,1.4713903665542603,1.5270894765853882,1.357461929321289,1.1308846473693848,1.4652612209320068,1.531517744064331,1.284719705581665,1.4169198274612427,1.7564090490341187,1.759247899055481,1.7208402156829834,1.9883443117141724,2.211444854736328,2.1860482692718506,2.2914834022521973,2.544283628463745,2.7440638542175293,1.391451120376587,1.6565845012664795,1.835633635520935,1.551945686340332,1.5111815929412842,1.8871976137161255,1.9187818765640259,1.740632176399231,1.981297254562378,2.2740612030029297,2.227151393890381,2.2229559421539307,2.536038398742676,2.702052354812622,2.745526075363159,1.5038421154022217,1.488605260848999,1.6823726892471313,1.458509922027588,1.182347059249878,1.487810492515564,1.6458332538604736,1.399782657623291,1.4422069787979126,1.8096553087234497,1.8851412534713745,1.759008526802063,1.9900939464569092,2.2710323333740234,2.364955425262451
A5,0.7164589166641235,0.5686566829681396,0.5580745935440063,0.39157602190971375,0.0,0.3785077929496765,0.54288649559021,0.5457239151000977,0.674872100353241,0.8915996551513672,1.0382788181304932,1.132954716682434,1.2971899509429932,1.4621628522872925,1.692478060722351,1.1111398935317993,1.3294496536254883,1.259708285331726,0.8819881677627563,1.0121123790740967,1.2982035875320435,1.1299211978912354,0.9863066077232361,1.3496135473251343,1.5127480030059814,1.3620991706848145,1.4871083498001099,1.8095420598983765,1.8473483324050903,1.8926717042922974,1.4907164573669434,1.3479384183883667,1.6951961517333984,1.6897602081298828,1.4535285234451294,1.659911036491394,1.9630964994430542,1.9144432544708252,1.9199506044387817,2.2197539806365967,2.3952009677886963,2.3482680320739746,2.4996511936187744,2.758472204208374,2.9174859523773193,1.5530083179473877,1.8128055334091187,1.9242480993270874,1.5871243476867676,1.5570392608642578,1.9193121194839478,1.8859155178070068,1.659387230873108,1.922020435333252,2.2063591480255127,2.0989153385162354,2.0758578777313232,2.4173617362976074,2.566171407699585,2.5582189559936523,1.2727464437484741,1.1830782890319824,1.4048892259597778,1.252529501914978,0.9344165325164795,1.2040884494781494,1.4313509464263916,1.2485082149505615,1.2392127513885498,1.5912516117095947,1.7371861934661865,1.641685962677002,1.8195120096206665,2.1032493114471436,2.255267381668091
A6,0.918596625328064,0.6697773933410645,0.5141950845718384,0.545833945274353,0.3785077929496765,0.0,0.3800795078277588,0.5599468350410461,0.5521748661994934,0.6347905993461609,0.8863853812217712,1.03090500831604,1.0960289239883423,1.2322907447814941,1.5250205993652344,1.3200585842132568,1.5484799146652222,1.3976047039031982,1.0394648313522339,1.2445805072784424,1.458384394645691,1.2037733793258667,1.101433277130127,1.480515480041504,1.5634474754333496,1.345560908317566,1.5217865705490112,1.8376882076263428,1.799980878829956,1.814406394958496,1.8279705047607422,1.6496996879577637,1.9951369762420654,2.0257492065429688,1.7719566822052002,1.936492919921875,2.2644176483154297,2.221127510070801,2.180304765701294,2.4784250259399414,2.6827280521392822,2.614227533340454,2.7336654663085938,3.013413667678833,3.184910774230957,1.844107985496521,2.130873918533325,2.253432512283325,1.924533486366272,1.9191712141036987,2.284754753112793,2.2463388442993164,2.029788017272949,2.2995619773864746,2.5790531635284424,2.459268569946289,2.439366102218628,2.7866291999816895,2.9265971183776855,2.902759552001953,1.6075608730316162,1.4712257385253906,1.7052316665649414,1.5914583206176758,1.244317650794983,1.452009916305542,1.70671546459198,1.5122605562210083,1.4230345487594604,1.7790422439575195,1.9490405321121216,1.7961732149124146,1.9337903261184692,2.256990432739258,2.3992176055908203
A7,1.034379243850708,0.9075590372085571,0.6330041885375977,0.5146214962005615,0.54288649559021,0.3800795078277588,0.0,0.3815162479877472,0.5577280521392822,0.5231065154075623,0.6272817254066467,0.8769803047180176,1.0026606321334839,1.043919563293457,1.311659336090088,1.1216765642166138,1.3078492879867554,1.0905115604400635,0.7655832767486572,1.0298998355865479,1.175487995147705,0.8919622898101807,0.8864195942878723,1.2638622522354126,1.2878018617630005,1.1063464879989624,1.3542481660842896,1.6228959560394287,1.5601825714111328,1.6418300867080688,1.841710090637207,1.6086483001708984,1.9141031503677368,1.9506701231002808,1.6497646570205688,1.7693405151367188,2.110713243484497,2.052424430847168,1.9546504020690918,2.2559187412261963,2.481323003768921,2.3826651573181152,2.4706499576568604,2.771683692932129,2.949059247970581,1.9050569534301758,2.1585047245025635,2.3368141651153564,2.0379505157470703,1.9727307558059692,2.3443517684936523,2.3645875453948975,2.140450954437256,2.3638687133789062,2.67492413520813,2.5991737842559814,2.546487808227539,2.8756420612335205,3.057710647583008,3.05253005027771,1.709023356437683,1.6435227394104004,1.9128096103668213,1.7770053148269653,1.4730209112167358,1.7337536811828613,1.973315954208374,1.7764819860458374,1.743370532989502,2.103555679321289,2.248242139816284,2.108672618865967,2.277855396270752,2.589568853378296,2.7174346446990967
A8,1.1765779256820679,1.0769453048706055,0.906594455242157,0.6633228063583374,0.5457239151000977,0.5599468350410461,0.3815162479877472,0.0,0.38452085852622986,0.5521252751350403,0.5337331891059875,0.6435746550559998,0.8832706809043884,1.0049830675125122,1.1816205978393555,0.8115679621696472,1.0740824937820435,0.930354118347168,0.6347863078117371,0.9521886706352234,1.1560494899749756,0.9727058410644531,1.0271313190460205,1.3911464214324951,1.4516358375549316,1.3571525812149048,1.600921392440796,1.8512909412384033,1.8256105184555054,1.9551371335983276,1.8084520101547241,1.6183850765228271,1.9048030376434326,1.8651721477508545,1.546661376953125,1.7203153371810913,2.024350166320801,1.903202772140503,1.830410361289978,2.16611385345459,2.3438940048217773,2.2135202884674072,2.343381881713867,2.6530678272247314,2.786696195602417,1.9532978534698486,2.1612210273742676,2.3204755783081055,2.0040624141693115,1.8873701095581055,2.242929697036743,2.2592504024505615,1.9884064197540283,2.1791670322418213,2.5060479640960693,2.421347141265869,2.3206863403320312,2.6503102779388428,2.8544957637786865,2.8239803314208984,1.4399783611297607,1.3950233459472656,1.7087706327438354,1.6151185035705566,1.3512204885482788,1.6233570575714111,1.8884409666061401,1.757491111755371,1.7545993328094482,2.0879271030426025,2.259585380554199,2.1817405223846436,2.340916633605957,2.624403476715088,2.7942311763763428
A9,1.3743160963058472,1.1721261739730835,1.042109489440918,0.9176483750343323,0.674872100353241,0.5521748661994934,0.5577280521392822,0.38452085852622986,0.0,0.3774091601371765,0.5526149868965149,0.5202277302742004,0.6323916912078857,0.8664973974227905,1.0820555686950684,1.0959899425506592,1.4089463949203491,1.2831718921661377,1.01602303981781,1.3311127424240112,1.5390112400054932,1.335003137588501,1.3730026483535767,1.7479335069656372,1.7946034669876099,1.6538673639297485,1.899601697921753,2.1664419174194336,2.1071810722351074,2.1968700885772705,2.0928494930267334,1.9353498220443726,2.243781566619873,2.1943039894104004,1.8942428827285767,2.090136766433716,2.386091947555542,2.2553062438964844,2.2004497051239014,2.542060136795044,2.7048583030700684,2.5661325454711914,2.709080219268799,3.021658182144165,3.138997793197632,2.209893226623535,2.4410247802734375,2.559706211090088,2.215409278869629,2.135544776916504,2.4831039905548096,2.4482803344726562,2.1640381813049316,2.381134271621704,2.68810772895813,2.5529375076293945,2.4529361724853516,2.802570343017578,2.9789798259735107,2.9041330814361572,1.5296763181686401,1.393133521080017,1.7167454957962036,1.6972745656967163,1.3977845907211304,1.593814730644226,1.909774899482727,1.813574194908142,1.7364991903305054,2.049294948577881,2.274850845336914,2.1873395442962646,2.287309408187866,2.5870907306671143,2.78682541847229
A10,1.507888674736023,1.301505446434021,1.0737457275390625,1.0166518688201904,0.8915996551513672,0.6347905993461609,0.5231065154075623,0.5521252751350403,0.3774091601371765,0.0,0.38417020440101624,0.539480447769165,0.5082258582115173,0.5996410250663757,0.9112097024917603,1.2935774326324463,1.5561646223068237,1.3412097692489624,1.1070497035980225,1.4483169317245483,1.5749385356903076,1.3041179180145264,1.3835031986236572,1.7497478723526,1.7207993268966675,1.544927954673767,1.8345705270767212,2.073906898498535,1.9513622522354126,2.0350522994995117,2.3083035945892334,2.101616144180298,2.40169620513916,2.3974037170410156,2.079665422439575,2.2210254669189453,2.5441176891326904,2.433061361312866,2.3248674869537354,2.6522858142852783,2.8533878326416016,2.702911376953125,2.8000986576080322,3.127876043319702,3.2686893939971924,2.3934683799743652,2.641660690307617,2.793894052505493,2.4688706398010254,2.396921396255493,2.75768780708313,2.7460827827453613,2.4821810722351074,2.6993825435638428,3.0121171474456787,2.894869804382324,2.8048133850097656,3.1491661071777344,3.330728769302368,3.26995849609375,1.892396092414856,1.7666150331497192,2.081237554550171,2.0388834476470947,1.7249168157577515,1.921882152557373,2.2260637283325195,2.0897057056427,1.9940005540847778,2.3249518871307373,2.536003828048706,2.4031593799591064,2.5052409172058105,2.829491138458252,3.000493288040161
A11,1.6364521980285645,1.5093042850494385,1.258440375328064,1.096717119216919,1.0382788181304932,0.8863853812217712,0.6272817254066467,0.5337331891059875,0.5526149868965149,0.38417020440101624,0.0,0.37990301847457886,0.5372598171234131,0.5028485655784607,0.6915860176086426,1.0676476955413818,1.302202582359314,1.061021089553833,0.9202364683151245,1.2995470762252808,1.3753039836883545,1.142203450202942,1.3194104433059692,1.6534587144851685,1.5932170152664185,1.4937647581100464,1.8184025287628174,2.0071210861206055,1.8882181644439697,2.04354190826416,2.3001761436462402,2.074371814727783,2.33054518699646,2.305037260055542,1.9563075304031372,2.0758047103881836,2.38557767868042,2.2421765327453613,2.0973665714263916,2.431790828704834,2.627851963043213,2.4411890506744385,2.5245132446289062,2.8691022396087646,2.9954442977905273,2.4426369667053223,2.648399829864502,2.833179235458374,2.5289523601531982,2.399873971939087,2.7538888454437256,2.7861852645874023,2.5082616806030273,2.676823377609253,3.0141091346740723,2.932011127471924,2.8050243854522705,3.129352331161499,3.3497235774993896,3.3004238605499268,1.901340126991272,1.8438925743103027,2.1846349239349365,2.1297829151153564,1.8625191450119019,2.104433298110962,2.3951151371002197,2.2698276042938232,2.229250431060791,2.5609138011932373,2.7541861534118652,2.650424003601074,2.782684803009033,3.088334560394287,3.2589378356933594
A12,1.8091961145401,1.657802939414978,1.4778845310211182,1.2968977689743042,1.132954716682434,1.03090500831604,0.8769803047180176,0.6435746550559998,0.5202277302742004,0.539480447769165,0.37990301847457886,0.0,0.37388667464256287,0.5591251254081726,0.6136367321014404,1.0504159927368164,1.3587056398391724,1.2092987298965454,1.0931031703948975,1.4685968160629272,1.6000310182571411,1.428830623626709,1.5930262804031372,1.9323354959487915,1.912887692451477,1.8359668254852295,2.1410415172576904,2.343627452850342,2.2499473094940186,2.405623197555542,2.40805721282959,2.2305192947387695,2.488389253616333,2.408230781555176,2.0670628547668457,2.2375757694244385,2.513648271560669,2.326885461807251,2.2207419872283936,2.576998233795166,2.7258548736572266,2.5202298164367676,2.6464250087738037,2.990180730819702,3.0737876892089844,2.585578441619873,2.7739813327789307,2.922757148742676,2.5955116748809814,2.454092264175415,2.789062261581421,2.792043924331665,2.4808216094970703,2.6375892162323,2.9704372882843018,2.8580007553100586,2.6992945671081543,3.029074192047119,3.248300790786743,3.158905506134033,1.7679823637008667,1.6863547563552856,2.051473617553711,2.0617804527282715,1.8156663179397583,2.02435040473938,2.345262050628662,2.280411720275879,2.2304747104644775,2.5292134284973145,2.7597060203552246,2.694718599319458,2.7951440811157227,3.084059000015259,3.2948391437530518
A13,1.9708549976348877,1.7604179382324219,1.5697156190872192,1.4763727188110352,1.2971899509429932,1.0960289239883423,1.0026606321334839,0.8832706809043884,0.6323916912078857,0.5082258582115173,0.5372598171234131,0.37388667464256287,0.0,0.3797738552093506,0.5625677108764648,1.41884183883667,1.7213343381881714,1.5423117876052856,1.4028241634368896,1.7768123149871826,1.8948489427566528,1.6723099946975708,1.8154629468917847,2.1674437522888184,2.1203155517578125,1.989106297492981,2.3020575046539307,2.512974500656128,2.3762080669403076,2.49210524559021,2.684004306793213,2.501399517059326,2.781486749649048,2.726437568664551,2.3931117057800293,2.555299997329712,2.848451614379883,2.6803908348083496,2.5685925483703613,2.9178082942962646,3.082641124725342,2.8822638988494873,2.9948952198028564,3.341118574142456,3.435699224472046,2.8180246353149414,3.0385682582855225,3.176358938217163,2.8382647037506104,2.73421573638916,3.076664447784424,3.0545272827148438,2.7519731521606445,2.938105821609497,3.257100820541382,3.11946964263916,2.979884386062622,3.322693347930908,3.5180749893188477,3.411942720413208,2.0368900299072266,1.898577332496643,2.2500593662261963,2.283303737640381,2.000354290008545,2.1628127098083496,2.5027472972869873,2.4311532974243164,2.3250949382781982,2.6199185848236084,2.872868299484253,2.775214672088623,2.839022636413574,3.150258779525757,3.361748218536377
A14,2.0730764865875244,1.8938802480697632,1.6367334127426147,1.5499387979507446,1.4621628522872925,1.2322907447814941,1.043919563293457,1.0049830675125122,0.8664973974227905,0.5996410250663757,0.5028485655784607,0.5591251254081726,0.3797738552093506,0.0,0.3890691101551056,1.5104252099990845,1.7510055303573608,1.5030919313430786,1.413521647453308,1.795261263847351,1.8371999263763428,1.5861976146697998,1.7788400650024414,2.102526903152466,1.9913256168365479,1.8646119832992554,2.210531234741211,2.377657651901245,2.197718858718872,2.3329508304595947,2.797145128250122,2.571166753768921,2.829773426055908,2.8070931434631348,2.4557762145996094,2.566373825073242,2.875009536743164,2.7204248905181885,2.557711124420166,2.890148878097534,3.0858538150787354,2.872870922088623,2.940108060836792,3.297863245010376,3.411583185195923,2.9232072830200195,3.142665386199951,3.319328546524048,3.0050487518310547,2.889753818511963,3.242480993270874,3.256424903869629,2.9693377017974854,3.143507242202759,3.4759860038757324,3.3698742389678955,3.2330543994903564,3.5650904178619385,3.7779905796051025,3.6976425647735596,2.303903102874756,2.202282428741455,2.5522565841674805,2.5453429222106934,2.261289119720459,2.4555954933166504,2.7761728763580322,2.6673202514648438,2.5761220455169678,2.8941609859466553,3.1206400394439697,2.998067617416382,3.086792469024658,3.4097437858581543,3.5926883220672607
A15,2.3244428634643555,2.1771345138549805,1.934617519378662,1.7870146036148071,1.692478060722351,1.5250205993652344,1.311659336090088,1.1816205978393555,1.0820555686950684,0.9112097024917603,0.6915860176086426,0.6136367321014404,0.5625677108764648,0.3890691101551056,0.0,1.482251524925232,1.7161827087402344,1.5003535747528076,1.4994415044784546,1.8866353034973145,1.9124459028244019,1.7214174270629883,1.964558482170105,2.2637672424316406,2.1491479873657227,2.084270477294922,2.439439535140991,2.576777458190918,2.4111077785491943,2.592647075653076,2.9367430210113525,2.721017837524414,2.9481704235076904,2.8871614933013916,2.5229201316833496,2.6372413635253906,2.915727376937866,2.718531370162964,2.545992612838745,2.887089490890503,3.05338454246521,2.8017396926879883,2.8739805221557617,3.2417001724243164,3.319007158279419,3.113842248916626,3.2972209453582764,3.4785830974578857,3.169113874435425,3.0123019218444824,3.3488001823425293,3.378624200820923,3.0692925453186035,3.2028374671936035,3.5468931198120117,3.451049566268921,3.274221181869507,3.5909156799316406,3.8290798664093018,3.736337184906006,2.3534445762634277,2.285423517227173,2.656665086746216,2.6724300384521484,2.4280028343200684,2.632178783416748,2.9565834999084473,2.8810641765594482,2.817683696746826,3.1219067573547363,3.3545491695404053,3.266228199005127,3.358948230743408,3.663872718811035,3.8653132915496826
B1,1.5409424304962158,1.611750602722168,1.5147517919540405,1.1404880285263062,1.1111398935317993,1.3200585842132568,1.1216765642166138,0.8115679621696472,1.0959899425506592,1.2935774326324463,1.0676476955413818,1.0504159927368164,1.41884183883667,1.5104252099990845,1.482251524925232,0.0,0.38179507851600647,0.5414919853210449,0.5516340136528015,0.7349088191986084,0.9399151802062988,1.043608546257019,1.1975219249725342,1.4183416366577148,1.5308693647384644,1.6368086338043213,1.8420813083648682,2.0065929889678955,2.075249433517456,2.3107094764709473,1.646959900856018,1.5029724836349487,1.659963607788086,1.4931886196136475,1.1432281732559204,1.347361445426941,1.5469377040863037,1.3061649799346924,1.2491222620010376,1.621437907218933,1.711583137512207,1.5215120315551758,1.7101733684539795,2.022407293319702,2.0847909450531006,1.9598184823989868,2.025127410888672,2.2076823711395264,1.945873737335205,1.684846043586731,1.9782134294509888,2.078864574432373,1.7732819318771362,1.820268154144287,2.1874544620513916,2.1818270683288574,1.9878764152526855,2.254061460494995,2.541424036026001,2.535672903060913,1.2282248735427856,1.3879083395004272,1.707547903060913,1.6017887592315674,1.519766926765442,1.8486607074737549,2.048165798187256,1.9911668300628662,2.122162103652954,2.4044244289398193,2.5317296981811523,2.558446168899536,2.7622790336608887,2.9685704708099365,3.150125026702881
B2,1.6096556186676025,1.7576286792755127,1.6392130851745605,1.2527157068252563,1.3294496536254883,1.5484799146652222,1.3078492879867554,1.0740824937820435,1.4089463949203491,1.5561646223068237,1.302202582359314,1.3587056398391724,1.7213343381881714,1.7510055303573608,1.7161827087402344,0.38179507851600647,0.0,0.3870123028755188,0.5725540518760681,0.5999346375465393,0.7058286070823669,0.9315372109413147,1.1175634860992432,1.240320086479187,1.3513528108596802,1.5395327806472778,1.7211726903915405,1.829900860786438,1.9340898990631104,2.208580732345581,1.5573625564575195,1.3799914121627808,1.460537314414978,1.3050124645233154,0.9365604519844055,1.0706416368484497,1.2549307346343994,1.0081641674041748,0.890165388584137,1.26150381565094,1.3708041906356812,1.1711037158966064,1.3351657390594482,1.654420256614685,1.7375726699829102,1.8947136402130127,1.9131875038146973,2.1441354751586914,1.9404711723327637,1.6433606147766113,1.9200594425201416,2.0880234241485596,1.8218498229980469,1.8209248781204224,2.193220615386963,2.2531001567840576,2.067952871322632,2.290360450744629,2.6005661487579346,2.6455211639404297,1.4417871236801147,1.6606602668762207,1.938965916633606,1.776110291481018,1.731579065322876,2.0866219997406006,2.2343928813934326,2.1469719409942627,2.3217012882232666,2.6096653938293457,2.6887154579162598,2.714303493499756,2.9550533294677734,3.148448944091797,3.2968385219573975
B3,1.553417682647705,1.6764227151870728,1.479486346244812,1.1219834089279175,1.259708285331726,1.3976047039031982,1.0905115604400635,0.930354118347168,1.2831718921661377,1.3412097692489624,1.061021089553833,1.2092987298965454,1.5423117876052856,1.5030919313430786,1.5003535747528076,0.5414919853210449,0.3870123028755188,0.0,0.3875496983528137,0.5618129372596741,0.5262517929077148,0.6392590999603271,0.919407308101654,1.0679887533187866,1.0878769159317017,1.2559075355529785,1.4988582134246826,1.589787483215332,1.6353949308395386,1.9214242696762085,1.7054370641708374,1.4579471349716187,1.5697505474090576,1.5043238401412964,1.1225016117095947,1.1741429567337036,1.4346210956573486,1.2600133419036865,1.0571690797805786,1.3947629928588867,1.5864472389221191,1.3913697004318237,1.4662281274795532,1.8084903955459595,1.9425863027572632,1.9748555421829224,2.0471532344818115,2.306981086730957,2.100667953491211,1.8477661609649658,2.1591453552246094,2.3219785690307617,2.0761466026306152,2.1223833560943604,2.489433765411377,2.5373587608337402,2.3834545612335205,2.624967575073242,2.9165382385253906,2.96189546585083,1.6944717168807983,1.8536128997802734,2.145277261734009,1.973486065864563,1.8591351509094238,2.211862325668335,2.3810689449310303,2.2467238903045654,2.3804285526275635,2.7014646530151367,2.785557985305786,2.757863998413086,2.996622085571289,3.2270450592041016,3.3563969135284424
B4,1.188844919204712,1.2905025482177734,1.105784296989441,0.7394236326217651,0.8819881677627563,1.0394648313522339,0.7655832767486572,0.6347863078117371,1.01602303981781,1.1070497035980225,0.9202364683151245,1.0931031703948975,1.4028241634368896,1.413521647453308,1.4994415044784546,0.5516340136528015,0.5725540518760681,0.3875496983528137,0.0,0.38816097378730774,0.5464224219322205,0.5154662728309631,0.671983540058136,0.93337482213974,1.0194847583770752,1.087700605392456,1.309533715248108,1.4850027561187744,1.5372350215911865,1.7602494955062866,1.5005477666854858,1.2532483339309692,1.4502695798873901,1.4158389568328857,1.052719235420227,1.159268856048584,1.4660743474960327,1.3477978706359863,1.2194178104400635,1.5476748943328857,1.750645637512207,1.622913122177124,1.72365403175354,2.033135414123535,2.190443754196167,1.7196542024612427,1.8494312763214111,2.085773468017578,1.844852089881897,1.643322229385376,1.9862722158432007,2.1072633266448975,1.8682118654251099,1.9793250560760498,2.3331174850463867,2.346527576446533,2.233487129211426,2.5074377059936523,2.762820243835449,2.803424119949341,1.4992488622665405,1.6101783514022827,1.8871275186538696,1.7002838850021362,1.5394542217254639,1.8888282775878906,2.062659978866577,1.9045219421386719,2.0172603130340576,2.3501861095428467,2.4378457069396973,2.390186309814453,2.62461519241333,2.8675670623779297,2.993708610534668
B5,1.0843759775161743,1.2955111265182495,1.167669653892517,0.7977606654167175,1.0121123790740967,1.2445805072784424,1.0298998355865479,0.9521886706352234,1.3311127424240112,1.4483169317245483,1.2995470762252808,1.4685968160629272,1.7768123149871826,1.795261263847351,1.8866353034973145,0.7349088191986084,0.5999346375465393,0.5618129372596741,0.38816097378730774,0.0,0.37843069434165955,0.5419026017189026,0.5605790615081787,0.7085084319114685,0.9127923250198364,1.051072359085083,1.1690770387649536,1.3365713357925415,1.48257315158844,1.7055984735488892,1.1708390712738037,0.9051240682601929,1.067537546157837,1.050534725189209,0.691270649433136,0.7802732586860657,1.10154390335083,1.0368157625198364,0.9392649531364441,1.2395402193069458,1.455567479133606,1.3957438468933105,1.5010526180267334,1.7691407203674316,1.955954670906067,1.4145532846450806,1.5054904222488403,1.7712608575820923,1.5759645700454712,1.3518986701965332,1.6856712102890015,1.8530892133712769,1.6572341918945312,1.746527910232544,2.09368896484375,2.1570441722869873,2.0718493461608887,2.314732074737549,2.5722973346710205,2.6626927852630615,1.4757087230682373,1.6468360424041748,1.863286018371582,1.6121505498886108,1.506948709487915,1.8794559240341187,1.9832053184509277,1.8037922382354736,1.9795206785202026,2.301623821258545,2.331510066986084,2.3023335933685303,2.576796293258667,2.7882423400878906,2.8839492797851562
B6,1.3306134939193726,1.5487940311431885,1.3503937721252441,1.0250693559646606,1.2982035875320435,1.458384394645691,1.175487995147705,1.1560494899749756,1.5390112400054932,1.5749385356903076,1.3753039836883545,1.6000310182571411,1.8948489427566528,1.8371999263763428,1.9124459028244019,0.9399151802062988,0.7058286070823669,0.5262517929077148,0.5464224219322205,0.37843069434165955,0.0,0.3815625011920929,0.5688167810440063,0.5726159811019897,0.6563133597373962,0.8998465538024902,1.0588427782058716,1.1271957159042358,1.254915714263916,1.541823148727417,1.4158251285552979,1.101230263710022,1.1814196109771729,1.2274407148361206,0.8770555853843689,0.8023022413253784,1.13339102268219,1.0973765850067139,0.8718101978302002,1.128012776374817,1.409698724746704,1.325648307800293,1.338954210281372,1.6305032968521118,1.8543850183486938,1.631568193435669,1.7046751976013184,2.015254259109497,1.8691977262496948,1.643453598022461,1.9596617221832275,2.1658406257629395,1.9966603517532349,2.058422803878784,2.4034812450408936,2.498180866241455,2.4106366634368896,2.629931926727295,2.901047945022583,3.0083096027374268,1.8424688577651978,2.0177032947540283,2.2414073944091797,1.987739086151123,1.8777095079421997,2.2481331825256348,2.348513603210449,2.1484241485595703,2.316298723220825,2.649386405944824,2.6653494834899902,2.6109917163848877,2.894240140914917,3.116525888442993,3.1881015300750732
B7,1.203484296798706,1.3598353862762451,1.0911707878112793,0.8221542835235596,1.1299211978912354,1.2037733793258667,0.8919622898101807,0.9727058410644531,1.335003137588501,1.3041179180145264,1.142203450202942,1.428830623626709,1.6723099946975708,1.5861976146697998,1.7214174270629883,1.043608546257019,0.9315372109413147,0.6392590999603271,0.5154662728309631,0.5419026017189026,0.3815625011920929,0.0,0.37923723459243774,0.5503376126289368,0.5165316462516785,0.61839359998703,0.8773427605628967,0.9962043166160583,1.0318186283111572,1.2893321514129639,1.5758895874023438,1.2423838376998901,1.4034709930419922,1.4972909688949585,1.1638656854629517,1.1142672300338745,1.472429633140564,1.4614287614822388,1.2528725862503052,1.4953064918518066,1.788314938545227,1.7042303085327148,1.7032586336135864,1.9981204271316528,2.2296504974365234,1.709579586982727,1.8593252897262573,2.1549723148345947,1.9752776622772217,1.8113352060317993,2.1580774784088135,2.320266008377075,2.150317668914795,2.270437240600586,2.606954574584961,2.660146713256836,2.595142126083374,2.8483219146728516,3.0925745964050293,3.178283929824829,1.9399514198303223,2.046821355819702,2.2836010456085205,2.0440964698791504,1.8640291690826416,2.2143044471740723,2.346590995788574,2.1178855895996094,2.2285773754119873,2.584601879119873,2.6219170093536377,2.518690824508667,2.782968759536743,3.0417206287384033,3.107947587966919
B8,0.8671815395355225,1.0776615142822266,0.8488674163818359,0.616274893283844,0.9863066077232361,1.101433277130127,0.8864195942878723,1.0271313190460205,1.3730026483535767,1.3835031986236572,1.3194104433059692,1.5930262804031372,1.8154629468917847,1.7788400650024414,1.964558482170105,1.1975219249725342,1.1175634860992432,0.919407308101654,0.671983540058136,0.5605790615081787,0.5688167810440063,0.37923723459243774,0.0,0.3829039931297302,0.5504393577575684,0.532763659954071,0.650968074798584,0.8871919512748718,1.0014266967773438,1.1679320335388184,1.312679648399353,0.9699776768684387,1.1902313232421875,1.3390628099441528,1.0642974376678467,1.03458833694458,1.4107871055603027,1.4702391624450684,1.336980938911438,1.5471972227096558,1.8387200832366943,1.8275721073150635,1.8520013093948364,2.0995893478393555,2.350435495376587,1.378350853919983,1.571156620979309,1.858495831489563,1.68168044090271,1.5710655450820923,1.9282008409500122,2.0732650756835938,1.9431089162826538,2.1042518615722656,2.4146015644073486,2.463226556777954,2.4487411975860596,2.70603346824646,2.9166622161865234,3.021747589111328,1.8476505279541016,1.9386801719665527,2.1244781017303467,1.8473163843154907,1.6576977968215942,2.002530574798584,2.0961639881134033,1.8311325311660767,1.950973629951477,2.3085665702819824,2.3130688667297363,2.194596767425537,2.4769768714904785,2.7299299240112305,2.770684003829956
B9,1.1011877059936523,1.3781366348266602,1.1798089742660522,0.9798763394355774,1.3496135473251343,1.480515480041504,1.2638622522354126,1.3911464214324951,1.7479335069656372,1.7497478723526,1.6534587144851685,1.9323354959487915,2.1674437522888184,2.102526903152466,2.2637672424316406,1.4183416366577148,1.240320086479187,1.0679887533187866,0.93337482213974,0.7085084319114685,0.5726159811019897,0.5503376126289368,0.3829039931297302,0.0,0.37460044026374817,0.5523987412452698,0.5294957756996155,0.6453472375869751,0.8748060464859009,1.0900589227676392,1.295157551765442,0.9214707016944885,1.0321259498596191,1.2495638132095337,1.0172178745269775,0.8580979108810425,1.2287099361419678,1.3594802618026733,1.1930938959121704,1.3218721151351929,1.6528044939041138,1.685677170753479,1.6562039852142334,1.8686628341674805,2.1593575477600098,1.356939435005188,1.4928582906723022,1.8300249576568604,1.7320277690887451,1.6027313470840454,1.9267113208770752,2.129790782928467,2.0473506450653076,2.1668131351470947,2.4663760662078857,2.570218324661255,2.5674378871917725,2.784322500228882,3.005465269088745,3.1528403759002686,2.0766353607177734,2.214613676071167,2.3723690509796143,2.063075542449951,1.9218558073043823,2.275667667388916,2.3209095001220703,2.0452377796173096,2.207380771636963,2.5516061782836914,2.508061170578003,2.398331642150879,2.7093007564544678,2.9372830390930176,2.943061351776123
B10,1.3621665239334106,1.578053593635559,1.3048392534255981,1.1422719955444336,1.5127480030059814,1.5634474754333496,1.2878018617630005,1.4516358375549316,1.7946034669876099,1.7207993268966675,1.5932170152664185,1.912887692451477,2.1203155517578125,1.9913256168365479,2.1491479873657227,1.5308693647384644,1.3513528108596802,1.0878769159317017,1.0194847583770752,0.9127923250198364,0.6563133597373962,0.5165316462516785,0.5504393577575684,0.37460044026374817,0.0,0.3814036548137665,0.5414563417434692,0.5074445009231567,0.6044195890426636,0.9132140874862671,1.6685956716537476,1.2956870794296265,1.386984944343567,1.593766450881958,1.3330124616622925,1.149519443511963,1.5051929950714111,1.6043834686279297,1.3656203746795654,1.4884971380233765,1.8414334058761597,1.823906660079956,1.7375214099884033,1.981675624847412,2.2778844833374023,1.7211720943450928,1.8637723922729492,2.2031517028808594,2.100553274154663,1.9705170392990112,2.2962594032287598,2.4974963665008545,2.398695230484009,2.5141761302948,2.8245599269866943,2.9209704399108887,2.8998818397521973,3.123403787612915,3.3553383350372314,3.488241195678711,2.3471925258636475,2.4668128490448,2.6587345600128174,2.3733179569244385,2.2034406661987305,2.5509705543518066,2.6299078464508057,2.3529741764068604,2.4790663719177246,2.8369839191436768,2.815911293029785,2.6799638271331787,2.974134922027588,3.2271220684051514,3.233128070831299
B11,1.1969051361083984,1.3542280197143555,1.0441375970840454,0.985042154788971,1.3620991706848145,1.345560908317566,1.1063464879989624,1.3571525812149048,1.6538673639297485,1.544927954673767,1.4937647581100464,1.8359668254852295,1.989106297492981,1.8646119832992554,2.084270477294922,1.6368086338043213,1.5395327806472778,1.2559075355529785,1.087700605392456,1.051072359085083,0.8998465538024902,0.61839359998703,0.532763659954071,0.5523987412452698,0.3814036548137665,0.0,0.3849869966506958,0.5301163196563721,0.4937606751918793,0.6751962900161743,1.7449758052825928,1.381258487701416,1.5542625188827515,1.776821494102478,1.5298748016357422,1.405962347984314,1.7782206535339355,1.8817291259765625,1.683346152305603,1.8292349576950073,2.170069694519043,2.158478021621704,2.1001102924346924,2.344498872756958,2.6344921588897705,1.722346305847168,1.9359017610549927,2.2439146041870117,2.1072583198547363,2.038778305053711,2.386348009109497,2.53928542137146,2.443471670150757,2.6127476692199707,2.9096293449401855,2.9656338691711426,2.971041679382324,3.223745107650757,3.4248440265655518,3.5396041870117188,2.3668980598449707,2.4291234016418457,2.614940643310547,2.3397343158721924,2.1179299354553223,2.437504291534424,2.5322296619415283,2.231764316558838,2.3073389530181885,2.6764698028564453,2.6680402755737305,2.489234685897827,2.764453411102295,3.0440990924835205,3.0417208671569824
B12,1.1239784955978394,1.3516286611557007,1.1168880462646484,1.097426414489746,1.4871083498001099,1.5217865705490112,1.3542481660842896,1.600921392440796,1.899601697921753,1.8345705270767212,1.8184025287628174,2.1410415172576904,2.3020575046539307,2.210531234741211,2.439439535140991,1.8420813083648682,1.7211726903915405,1.4988582134246826,1.309533715248108,1.1690770387649536,1.0588427782058716,0.8773427605628967,0.650968074798584,0.5294957756996155,0.5414563417434692,0.3849869966506958,0.0,0.37244129180908203,0.5587640404701233,0.6118782758712769,1.5794332027435303,1.2195864915847778,1.374448299407959,1.6604055166244507,1.4877079725265503,1.3346707820892334,1.691311240196228,1.866949439048767,1.7124041318893433,1.80129075050354,2.1447129249572754,2.2006192207336426,2.142509937286377,2.3340249061584473,2.647975206375122,1.4868886470794678,1.704098105430603,2.019609212875366,1.9318768978118896,1.9021601676940918,2.2297632694244385,2.393338918685913,2.35420823097229,2.529930353164673,2.7960498332977295,2.8747544288635254,2.922950029373169,3.1554384231567383,3.334123134613037,3.483168601989746,2.4196343421936035,2.495434045791626,2.6288557052612305,2.315619468688965,2.117949962615967,2.4320099353790283,2.469836711883545,2.1423592567443848,2.2470874786376953,2.602570056915283,2.540783166885376,2.357144594192505,2.659959077835083,2.9162120819091797,2.872274875640869
B13,1.4834803342819214,1.7187050580978394,1.4688721895217896,1.41863214969635,1.8095420598983765,1.8376882076263428,1.6228959560394287,1.8512909412384033,2.1664419174194336,2.073906898498535,2.0071210861206055,2.343627452850342,2.512974500656128,2.377657651901245,2.576777458190918,2.0065929889678955,1.829900860786438,1.589787483215332,1.4850027561187744,1.3365713357925415,1.1271957159042358,0.9962043166160583,0.8871919512748718,0.6453472375869751,0.5074445009231567,0.5301163196563721,0.37244129180908203,0.0,0.3794673979282379,0.5771657228469849,1.800511360168457,1.4319190979003906,1.5005781650543213,1.7973657846450806,1.6241015195846558,1.3967475891113281,1.728036880493164,1.9167503118515015,1.7091450691223145,1.7446008920669556,2.112910509109497,2.16532826423645,2.0460867881774902,2.227055311203003,2.562217950820923,1.7385607957839966,1.9016283750534058,2.246774196624756,2.2015187740325928,2.1381313800811768,2.4439611434936523,2.647310495376587,2.61584210395813,2.7532150745391846,3.0255019664764404,3.137174606323242,3.1704494953155518,3.3799445629119873,3.5795791149139404,3.7449169158935547,2.6928586959838867,2.7979094982147217,2.9427881240844727,2.6259779930114746,2.4502179622650146,2.7769813537597656,2.8103816509246826,2.489985704421997,2.610851287841797,2.9633052349090576,2.8920161724090576,2.7167487144470215,3.0259604454040527,3.2744150161743164,3.2205357551574707
