,A1,A2,A3,A4,A5,A6,A7,A8,A9,A10,A11,A12,A13,A14,A15,B1,B2,B3,B4,B5,B6,B7,B8,B9,B10,B11,B12,B13,B14,B15,C1,C2,C3,C4,C5,C6,C7,C8,C9,C10,C11,C12,C13,C14,C15,D1,D2,D3,D4,D5,D6,D7,D8,D9,D10,D11,D12,D13,D14,D15,E1,E2,E3,E4,E5,E6,E7,E8,E9,E10,E11,E12,E13,E14,E15
A1,0.0,0.3768048882484436,0.5991981625556946,0.7479404211044312,1.0870192050933838,1.1720503568649292,1.5217201709747314,1.7637649774551392,1.9768768548965454,1.7816513776779175,1.736553430557251,2.114807605743408,2.1530861854553223,1.931777000427246,2.1487646102905273,1.822840929031372,1.8915250301361084,1.7154779434204102,1.610970139503479,1.727187156677246,1.5387684106826782,1.8013094663619995,1.6466654539108276,1.9446203708648682,1.88922917842865,1.5631024837493896,1.786116123199463,2.0190091133117676,1.8345366716384888,1.8130329847335815,2.7662241458892822,2.55079984664917,2.188742160797119,2.323643684387207,2.0297772884368896,2.361675262451172,2.279329538345337,2.4390199184417725,2.576298713684082,2.7945783138275146,2.9767839908599854,3.0875821113586426,3.239642381668091,3.399491548538208,3.6751911640167236,2.996018648147583,2.984027147293091,2.6141695976257324,2.6934046745300293,2.468695878982544,2.6726012229919434,2.7357521057128906,2.6893835067749023,3.011638641357422,3.2308998107910156,3.1782615184783936,3.3385419845581055,3.6461446285247803,3.6878855228424072,3.77935791015625,3.6619677543640137,3.430384635925293,3.1387648582458496,2.896881341934204,2.5730996131896973,2.5055510997772217,2.173992156982422,1.9781951904296875,1.8775578737258911,2.243739366531372,2.392636299133301,2.1859657764434814,2.3697407245635986,2.7157013416290283,2.8090622425079346
A2,0.3768048882484436,0.0,0.3874609172344208,0.5827533602714539,0.8659290671348572,0.9985986948013306,1.2992737293243408,1.6016765832901,1.7752119302749634,1.5902283191680908,1.6238043308258057,1.9878488779067993,2.003967523574829,1.829360842704773,2.098855972290039,1.8085983991622925,1.9163992404937744,1.6971946954727173,1.6607927083969116,1.7394979000091553,1.6244961023330688,1.889553189277649,1.7435358762741089,2.079775094985962,2.0673859119415283,1.7773114442825317,2.0029592514038086,2.2616584300994873,2.111506700515747,2.1225807666778564,2.826169490814209,2.6486945152282715,2.270528554916382,2.371234178543091,2.085236072540283,2.4041035175323486,2.3410961627960205,2.452686309814453,2.6296780109405518,2.8666906356811523,3.0052807331085205,3.115996837615967,3.3048977851867676,3.4592230319976807,3.707689046859741,2.794189691543579,2.819871187210083,2.4582409858703613,2.5312159061431885,2.3446872234344482,2.526080846786499,2.6325290203094482,2.5746138095855713,2.9199554920196533,3.113723039627075,3.020848274230957,3.1960489749908447,3.5051076412200928,3.516864538192749,3.5851969718933105,3.4314188957214355,3.1804444789886475,2.9123787879943848,2.65201997756958,2.339354991912842,2.252411365509033,1.9018898010253906,1.7256566286087036,1.5753897428512573,1.9269888401031494,2.1049787998199463,1.8923341035842896,2.0445404052734375,2.3985519409179688,2.510525703430176
A3,0.5991981625556946,0.3874609172344208,0.0,0.40097108483314514,0.5806786417961121,0.8267585635185242,1.1143443584442139,1.3990780115127563,1.6202313899993896,1.513754963874817,1.5478774309158325,1.893036127090454,1.9682471752166748,1.8469488620758057,2.1044602394104004,1.8865280151367188,1.9387860298156738,1.661626935005188,1.5948190689086914,1.5913177728652954,1.482460379600525,1.692441463470459,1.5033810138702393,1.8523730039596558,1.9039305448532104,1.637620210647583,1.8254399299621582,2.120894432067871,2.0331337451934814,2.0566518306732178,2.491063356399536,2.3329997062683105,1.9481010437011719,2.027566432952881,1.7542351484298706,2.070211887359619,2.03802752494812,2.1428303718566895,2.3531570434570312,2.5763816833496094,2.688197374343872,2.8216657638549805,3.02268123626709,3.153654098510742,3.395371913909912,2.4432625770568848,2.450960159301758,2.0841479301452637,2.1492409706115723,1.957434058189392,2.1446449756622314,2.254129648208618,2.2139663696289062,2.5603256225585938,2.7427549362182617,2.6586403846740723,2.847520589828491,3.146934747695923,3.155360221862793,3.241157293319702,3.1390655040740967,2.9096288681030273,2.6371119022369385,2.363187074661255,2.06252384185791,1.9498480558395386,1.619277834892273,1.397763967514038,1.2920849323272705,1.6611522436141968,1.7945013046264648,1.5920990705490112,1.790457010269165,2.127052068710327,2.2261366844177246
A4,0.7479404211044312,0.5827533602714539,0.40097108483314514,0.0,0.37252628803253174,0.4521217346191406,0.791148841381073,1.044340968132019,1.2712234258651733,1.1490932703018188,1.1506671905517578,1.5007349252700806,1.5883303880691528,1.4667631387710571,1.7132904529571533,1.5254753828048706,1.56281316280365,1.2686580419540405,1.2265647649765015,1.2242987155914307,1.1663751602172852,1.4110288619995117,1.2970211505889893,1.6618874073028564,1.691101312637329,1.4770575761795044,1.7170077562332153,1.987499475479126,1.9006491899490356,1.9972935914993286,2.5722413063049316,2.3903164863586426,2.0008366107940674,2.0121588706970215,1.6968578100204468,1.9658255577087402,1.8730452060699463,1.930593490600586,2.1160998344421387,2.3803844451904297,2.4948368072509766,2.5831408500671387,2.7958521842956543,2.96323561668396,3.186713457107544,2.5639750957489014,2.551816463470459,2.1785573959350586,2.1710450649261475,1.9579683542251587,2.0851492881774902,2.1595218181610107,2.053318977355957,2.39473032951355,2.611816644668579,2.515796661376953,2.6594505310058594,2.981504201889038,3.019911289215088,3.078552722930908,2.9201583862304688,2.6867308616638184,2.392099142074585,2.1591014862060547,1.8284045457839966,1.7852293252944946,1.4595969915390015,1.306268334388733,1.2473723888397217,1.6194952726364136,1.7856091260910034,1.661001205444336,1.8585635423660278,2.1689515113830566,2.3234951496124268
A5,1.0870192050933838,0.8659290671348572,0.5806786417961121,0.37252628803253174,0.0,0.38851723074913025,0.576890230178833,0.8558182120323181,1.0859825611114502,1.0662600994110107,1.13689386844635,1.4298449754714966,1.5494462251663208,1.5182300806045532,1.776549220085144,1.6802446842193604,1.7007322311401367,1.356702446937561,1.3463157415390015,1.2476617097854614,1.2629863023757935,1.4444643259048462,1.3204799890518188,1.6952908039093018,1.7947698831558228,1.634161114692688,1.8369135856628418,2.1304750442504883,2.102902889251709,2.2172205448150635,2.4651546478271484,2.3251144886016846,1.9350334405899048,1.8968048095703125,1.6064469814300537,1.8434163331985474,1.7859711647033691,1.791096806526184,2.0262930393218994,2.290203094482422,2.348616123199463,2.448174238204956,2.6945981979370117,2.840714454650879,3.0344643592834473,2.2613365650177,2.2599027156829834,1.8950124979019165,1.8589787483215332,1.673107385635376,1.769568920135498,1.8762431144714355,1.7638235092163086,2.1221225261688232,2.312335252761841,2.188447952270508,2.3485991954803467,2.666454792022705,2.6825146675109863,2.7330210208892822,2.5807597637176514,2.349287986755371,2.066200017929077,1.8106436729431152,1.4943042993545532,1.4217332601547241,1.0971635580062866,0.9347556829452515,0.8948046565055847,1.2691919803619385,1.4254015684127808,1.3324029445648193,1.5415760278701782,1.8302340507507324,1.999621868133545
A6,1.1720503568649292,0.9985986948013306,0.8267585635185242,0.4521217346191406,0.38851723074913025,0.0,0.3783701956272125,0.6040722131729126,0.8244611620903015,0.7383403182029724,0.7570531368255615,1.0757027864456177,1.1924258470535278,1.13894784450531,1.3882038593292236,1.3070701360702515,1.3259142637252808,0.9787195920944214,1.0188068151474,0.9546942114830017,1.0377566814422607,1.2767002582550049,1.2588545083999634,1.626603126525879,1.669980525970459,1.5530484914779663,1.8124507665634155,2.0605404376983643,2.0083274841308594,2.178694725036621,2.6843581199645996,2.5104119777679443,2.126357316970825,2.050917625427246,1.723838448524475,1.9170695543289185,1.7850793600082397,1.7528554201126099,1.9353229999542236,2.241619825363159,2.3211429119110107,2.3622963428497314,2.607628583908081,2.8005383014678955,2.981757164001465,2.578585624694824,2.561772584915161,2.1991777420043945,2.1123363971710205,1.9077969789505005,1.9513566493988037,2.0106327533721924,1.8299821615219116,2.168818235397339,2.400355577468872,2.270932674407959,2.3719286918640137,2.7124507427215576,2.7654073238372803,2.7838008403778076,2.5556628704071045,2.315129518508911,2.009371757507324,1.8157296180725098,1.4643723964691162,1.4936577081680298,1.1857433319091797,1.1339560747146606,1.1261063814163208,1.466399073600769,1.661982536315918,1.6316684484481812,1.8141289949417114,2.0798707008361816,2.2924647331237793
A7,1.5217201709747314,1.2992737293243408,1.1143443584442139,0.791148841381073,0.576890230178833,0.3783701956272125,0.0,0.39728301763534546,0.5145182609558105,0.5477073192596436,0.7119308114051819,0.9211198091506958,1.0370254516601562,1.1059579849243164,1.3773664236068726,1.4025843143463135,1.435063123703003,1.0710664987564087,1.1968766450881958,1.0711907148361206,1.25909423828125,1.452585220336914,1.4703863859176636,1.827297568321228,1.9058290719985962,1.8446073532104492,2.088231086730957,2.3347342014312744,2.3148064613342285,2.5081799030303955,2.8174188137054443,2.6776821613311768,2.301154375076294,2.174572229385376,1.8710029125213623,2.0121452808380127,1.8922945261001587,1.7843323945999146,1.9914544820785522,2.3107762336730957,2.3337457180023193,2.355503797531128,2.636744737625122,2.826213836669922,2.962041139602661,2.492661476135254,2.4983439445495605,2.1596031188964844,2.026618003845215,1.8659993410110474,1.8422229290008545,1.9288415908813477,1.706434726715088,2.051970958709717,2.2595224380493164,2.079072952270508,2.169095516204834,2.5138633251190186,2.5470337867736816,2.5238800048828125,2.228651762008667,1.967755675315857,1.6773312091827393,1.4887349605560303,1.1365364789962769,1.1968388557434082,0.890866219997406,0.9492586851119995,0.9450200796127319,1.2280349731445312,1.4575138092041016,1.4955209493637085,1.6420013904571533,1.8697360754013062,2.1274216175079346
A8,1.7637649774551392,1.6016765832901,1.3990780115127563,1.044340968132019,0.8558182120323181,0.6040722131729126,0.39728301763534546,0.0,0.3774905800819397,0.5656071305274963,0.5739337205886841,0.685276985168457,0.9245510101318359,1.0401573181152344,1.2167315483093262,1.3502188920974731,1.2929418087005615,0.9146004915237427,1.0246187448501587,0.8154856562614441,1.0842303037643433,1.2241226434707642,1.3143681287765503,1.6352907419204712,1.7211880683898926,1.738734245300293,1.9760780334472656,2.1933279037475586,2.208927869796753,2.447942018508911,2.7691612243652344,2.614605665206909,2.2584662437438965,2.076138973236084,1.7651187181472778,1.839155912399292,1.6747604608535767,1.5126839876174927,1.6899614334106445,2.030182361602783,2.045720100402832,2.025663375854492,2.3129470348358154,2.5248334407806396,2.640061855316162,2.595106363296509,2.5555174350738525,2.2232656478881836,2.0326783657073975,1.8422962427139282,1.7679414749145508,1.7879222631454468,1.5101032257080078,1.820124626159668,2.066946268081665,1.9056249856948853,1.9351526498794556,2.2921178340911865,2.3744466304779053,2.3459391593933105,2.0526044368743896,1.8272974491119385,1.4944417476654053,1.3807514905929565,1.0130970478057861,1.1760027408599854,0.9745821356773376,1.069748044013977,1.1853246688842773,1.4310070276260376,1.6074974536895752,1.7137538194656372,1.8875411748886108,2.0618698596954346,2.322657585144043
A9,1.9768768548965454,1.7752119302749634,1.6202313899993896,1.2712234258651733,1.0859825611114502,0.8244611620903015,0.5145182609558105,0.3774905800819397,0.0,0.3783751130104065,0.5773400068283081,0.5463961362838745,0.6906107068061829,0.9165907502174377,1.139512062072754,1.3278710842132568,1.3410636186599731,1.0050102472305298,1.2302757501602173,1.0817904472351074,1.3919610977172852,1.5567610263824463,1.6815829277038574,1.9930133819580078,2.056424856185913,2.081697702407837,2.3367109298706055,2.5382134914398193,2.5341744422912598,2.7829694747924805,3.1198816299438477,2.979677438735962,2.623967170715332,2.434699535369873,2.1338388919830322,2.192746877670288,2.0282537937164307,1.833221673965454,1.9985030889511108,2.3478188514709473,2.339691400527954,2.288351058959961,2.5884387493133545,2.8107070922851562,2.8906283378601074,2.7652268409729004,2.7627596855163574,2.4517815113067627,2.2484567165374756,2.1037404537200928,1.9899322986602783,2.0406250953674316,1.73810613155365,2.040943145751953,2.261143207550049,2.0493667125701904,2.0590596199035645,2.4150853157043457,2.474720001220703,2.3880527019500732,1.971312403678894,1.7020153999328613,1.4054895639419556,1.3266901969909668,0.9733008742332458,1.1912511587142944,0.991809070110321,1.2048892974853516,1.2553004026412964,1.4299238920211792,1.667843222618103,1.8029026985168457,1.9105582237243652,2.0683319568634033,2.372864246368408
A10,1.7816513776779175,1.5902283191680908,1.513754963874817,1.1490932703018188,1.0662600994110107,0.7383403182029724,0.5477073192596436,0.5656071305274963,0.3783751130104065,0.0,0.3874827027320862,0.5147219300270081,0.5030245780944824,0.6185512542724609,0.9251211881637573,1.0205185413360596,1.1133065223693848,0.8140532970428467,1.1006430387496948,1.0702412128448486,1.348693609237671,1.5938191413879395,1.7328733205795288,2.053762912750244,2.055274486541748,2.0397074222564697,2.3348844051361084,2.518651008605957,2.458463430404663,2.700232744216919,3.2863121032714844,3.118698835372925,2.750337600708008,2.603677749633789,2.277334451675415,2.3786051273345947,2.1914217472076416,2.0452113151550293,2.177865982055664,2.5342185497283936,2.5755743980407715,2.5200462341308594,2.7940280437469482,3.0366427898406982,3.1455771923065186,3.0032265186309814,3.01153564453125,2.6827385425567627,2.5183510780334473,2.357856273651123,2.2882955074310303,2.3391900062561035,2.0574514865875244,2.365518093109131,2.599930763244629,2.4045839309692383,2.422480821609497,2.7799911499023438,2.842613935470581,2.7641806602478027,2.3398942947387695,2.0582544803619385,1.7758023738861084,1.6893996000289917,1.338922381401062,1.5211412906646729,1.2664239406585693,1.435632348060608,1.415906310081482,1.6287477016448975,1.9021873474121094,1.9776533842086792,2.070122241973877,2.276329517364502,2.574725389480591
A11,1.736553430557251,1.6238043308258057,1.5478774309158325,1.1506671905517578,1.13689386844635,0.7570531368255615,0.7119308114051819,0.5739337205886841,0.5773400068283081,0.3874827027320862,0.0,0.38133832812309265,0.5213065147399902,0.488671213388443,0.673572838306427,0.7867023944854736,0.775773286819458,0.4412273168563843,0.7320753335952759,0.7317790985107422,1.027590036392212,1.2873189449310303,1.4830561876296997,1.7736598253250122,1.734755039215088,1.7484791278839111,2.0590271949768066,2.2075624465942383,2.141878366470337,2.4108166694641113,3.179976224899292,2.976783275604248,2.6203036308288574,2.470245838165283,2.123335123062134,2.2107179164886475,1.9770578145980835,1.848196268081665,1.9262131452560425,2.290670394897461,2.3749380111694336,2.295372486114502,2.540922164916992,2.809218645095825,2.937000274658203,3.14432430267334,3.109107255935669,2.765623092651367,2.594336986541748,2.385803461074829,2.329491376876831,2.3208372592926025,2.0332350730895996,2.311368703842163,2.589265823364258,2.4433066844940186,2.4297778606414795,2.7914791107177734,2.9017791748046875,2.850972890853882,2.481132984161377,2.239494800567627,1.9183026552200317,1.8674079179763794,1.5053709745407104,1.7117938995361328,1.490473747253418,1.6061564683914185,1.6487681865692139,1.8993827104568481,2.1279873847961426,2.2005977630615234,2.3403666019439697,2.546717405319214,2.8217132091522217
A12,2.114807605743408,1.9878488779067993,1.893036127090454,1.5007349252700806,1.4298449754714966,1.0757027864456177,0.9211198091506958,0.685276985168457,0.5463961362838745,0.5147219300270081,0.38133832812309265,0.0,0.3591310381889343,0.5620457530021667,0.6412899494171143,0.9548799991607666,0.9151023626327515,0.6631548404693604,0.9671282768249512,0.9043554067611694,1.2634923458099365,1.45730459690094,1.6957513093948364,1.9519685506820679,1.931132197380066,2.007488965988159,2.300610065460205,2.4301085472106934,2.3954460620880127,2.691215753555298,3.3605897426605225,3.1717112064361572,2.8305909633636475,2.6349666118621826,2.304164171218872,2.334014415740967,2.0913736820220947,1.8967211246490479,1.9596565961837769,2.3336517810821533,2.379049777984619,2.254901647567749,2.5182135105133057,2.7979180812835693,2.8777263164520264,3.2537105083465576,3.2171993255615234,2.89543080329895,2.679938793182373,2.4913227558135986,2.3766348361968994,2.355407238006592,2.024958372116089,2.272998809814453,2.546851396560669,2.3785078525543213,2.3170228004455566,2.677839756011963,2.7993242740631104,2.707796812057495,2.27078914642334,2.0346782207489014,1.721420168876648,1.741778016090393,1.4027130603790283,1.6801830530166626,1.5230494737625122,1.7116069793701172,1.7837878465652466,1.975602149963379,2.2020838260650635,2.3329274654388428,2.452974557876587,2.6135544776916504,2.914226531982422
A13,2.1530861854553223,2.003967523574829,1.9682471752166748,1.5883303880691528,1.5494462251663208,1.1924258470535278,1.0370254516601562,0.9245510101318359,0.6906107068061829,0.5030245780944824,0.5213065147399902,0.3591310381889343,0.0,0.3801836669445038,0.5862671136856079,0.8544555902481079,0.9515606760978699,0.7897836565971375,1.1586300134658813,1.1859952211380005,1.5129848718643188,1.7542210817337036,1.9829689264297485,2.2530946731567383,2.2034802436828613,2.2453317642211914,2.5606746673583984,2.6859045028686523,2.6116585731506348,2.8956995010375977,3.6557490825653076,3.4675636291503906,3.1145360469818115,2.9418487548828125,2.6062986850738525,2.662264585494995,2.4257936477661133,2.2464210987091064,2.3110930919647217,2.6850221157073975,2.7363994121551514,2.6133387088775635,2.8731908798217773,3.1559629440307617,3.2356173992156982,3.449477195739746,3.4444828033447266,3.123612403869629,2.926645040512085,2.758451223373413,2.651639461517334,2.66182279586792,2.3385841846466064,2.6016314029693604,2.8586080074310303,2.6658551692962646,2.617302179336548,2.9761698246002197,3.0736117362976074,2.9586966037750244,2.4593307971954346,2.18879771232605,1.9142284393310547,1.9257620573043823,1.5987743139266968,1.8610531091690063,1.6681257486343384,1.8826230764389038,1.8881500959396362,2.0628528594970703,2.336130380630493,2.447303533554077,2.524165153503418,2.7017123699188232,3.019479513168335
A14,1.931777000427246,1.829360842704773,1.8469488620758057,1.4667631387710571,1.5182300806045532,1.13894784450531,1.1059579849243164,1.0401573181152344,0.9165907502174377,0.6185512542724609,0.488671213388443,0.5620457530021667,0.3801836669445038,0.0,0.3867274522781372,0.48230865597724915,0.6536334753036499,0.5700972676277161,0.9544914960861206,1.09574294090271,1.3619481325149536,1.6578052043914795,1.8909127712249756,2.1558563709259033,2.0516910552978516,2.059894323348999,2.400724172592163,2.5044357776641846,2.3844833374023438,2.6602909564971924,3.6474106311798096,3.4300105571746826,3.073535442352295,2.938534736633301,2.583766460418701,2.6741371154785156,2.4192054271698,2.2942495346069336,2.330105781555176,2.7002437114715576,2.803133487701416,2.6883647441864014,2.9161837100982666,3.210620641708374,3.328911304473877,3.5880722999572754,3.572842597961426,3.231292486190796,3.0660178661346436,2.8682706356048584,2.806734800338745,2.803082227706909,2.504175901412964,2.7716729640960693,3.0499444007873535,2.889378070831299,2.8547704219818115,3.2167935371398926,3.3271896839141846,3.2439944744110107,2.794020652770996,2.5307884216308594,2.2395882606506348,2.223811626434326,1.8776979446411133,2.106140613555908,1.87630033493042,2.0306029319763184,2.0204875469207764,2.2458274364471436,2.5170984268188477,2.580930709838867,2.6771981716156006,2.893127918243408,3.188831329345703
A15,2.1487646102905273,2.098855972290039,2.1044602394104004,1.7132904529571533,1.776549220085144,1.3882038593292236,1.3773664236068726,1.2167315483093262,1.139512062072754,0.9251211881637573,0.673572838306427,0.6412899494171143,0.5862671136856079,0.3867274522781372,0.0,0.4709230661392212,0.457186758518219,0.5387035608291626,0.884186863899231,1.0473381280899048,1.3221988677978516,1.587185263633728,1.8825325965881348,2.0917181968688965,1.9519693851470947,2.016944646835327,2.3569223880767822,2.4100208282470703,2.295318603515625,2.605586051940918,3.7105000019073486,3.471750259399414,3.1361777782440186,2.9816982746124268,2.623391628265381,2.676377534866333,2.383378744125366,2.2496373653411865,2.2246170043945312,2.5962283611297607,2.720034122467041,2.562725067138672,2.7641518115997314,3.085087776184082,3.1956965923309326,3.8085479736328125,3.761723279953003,3.419731855392456,3.232358455657959,3.0102293491363525,2.935168981552124,2.883650541305542,2.5680623054504395,2.7950222492218018,3.1004040241241455,2.969334840774536,2.8913583755493164,3.250596761703491,3.400895595550537,3.321193218231201,2.8864359855651855,2.656919002532959,2.348015546798706,2.3829171657562256,2.0428032875061035,2.3078882694244385,2.120429515838623,2.269601345062256,2.3084967136383057,2.536539077758789,2.779750108718872,2.8651764392852783,2.9855165481567383,3.1841118335723877,3.4755496978759766
B1,1.822840929031372,1.8085983991622925,1.8865280151367188,1.5254753828048706,1.6802446842193604,1.3070701360702515,1.4025843143463135,1.3502188920974731,1.3278710842132568,1.0205185413360596,0.7867023944854736,0.9548799991607666,0.8544555902481079,0.48230865597724915,0.4709230661392212,0.0,0.37836477160453796,0.5569641590118408,0.8404647707939148,1.124489426612854,1.2845702171325684,1.6188853979110718,1.865723967552185,2.093925714492798,1.9111618995666504,1.893694519996643,2.25761079788208,2.3120832443237305,2.133902072906494,2.4054386615753174,3.702069044113159,3.4464468955993652,3.099059581756592,3.0033376216888428,2.633295774459839,2.747990846633911,2.466137170791626,2.4028537273406982,2.3863561153411865,2.742530107498169,2.9074039459228516,2.7908709049224854,2.9699978828430176,3.280498504638672,3.4374232292175293,3.858633518218994,3.821917772293091,3.4624390602111816,3.32474946975708,3.0911173820495605,3.072415828704834,3.0390191078186035,2.764322280883789,3.0189149379730225,3.3235697746276855,3.2060956954956055,3.1717240810394287,3.5326731204986572,3.6676833629608154,3.6169791221618652,3.2197265625,2.9739491939544678,2.6637449264526367,2.640341281890869,2.283196449279785,2.491478443145752,2.2473249435424805,2.34169340133667,2.334106683731079,2.6027421951293945,2.8578712940216064,2.8820619583129883,3.004467487335205,3.2489731311798096,3.518122434616089
B2,1.8915250301361084,1.9163992404937744,1.9387860298156738,1.56281316280365,1.7007322311401367,1.3259142637252808,1.435063123703003,1.2929418087005615,1.3410636186599731,1.1133065223693848,0.775773286819458,0.9151023626327515,0.9515606760978699,0.6536334753036499,0.457186758518219,0.37836477160453796,0.0,0.3848193883895874,0.5744903087615967,0.8657006025314331,1.0277293920516968,1.32875394821167,1.6209763288497925,1.8068418502807617,1.6110914945602417,1.6486337184906006,2.0034027099609375,2.0304999351501465,1.8800146579742432,2.1857967376708984,3.499648094177246,3.2303740978240967,2.9023165702819824,2.7855637073516846,2.4158167839050293,2.498636245727539,2.1911401748657227,2.126887321472168,2.0710370540618896,2.4243996143341064,2.6057987213134766,2.471242904663086,2.631004810333252,2.9526805877685547,3.112684488296509,3.8082275390625,3.7361018657684326,3.376530647277832,3.2200562953948975,2.9613590240478516,2.936664342880249,2.860259532928467,2.581482410430908,2.804748296737671,3.131103992462158,3.0476632118225098,2.988889217376709,3.345088481903076,3.5122432708740234,3.481125593185425,3.135535478591919,2.9254982471466064,2.5903048515319824,2.589998483657837,2.233421802520752,2.4583756923675537,2.2514145374298096,2.3252363204956055,2.3767383098602295,2.6559393405914307,2.8708930015563965,2.9155538082122803,3.0748252868652344,3.300915241241455,3.5572147369384766
B3,1.7154779434204102,1.6971946954727173,1.661626935005188,1.2686580419540405,1.356702446937561,0.9787195920944214,1.0710664987564087,0.9146004915237427,1.0050102472305298,0.8140532970428467,0.4412273168563843,0.6631548404693604,0.7897836565971375,0.5700972676277161,0.5387035608291626,0.5569641590118408,0.3848193883895874,0.0,0.38710519671440125,0.5785292387008667,0.8107043504714966,1.1133419275283813,1.371884822845459,1.609330415725708,1.484437108039856,1.5121756792068481,1.8515632152557373,1.9406101703643799,1.8367552757263184,2.130186080932617,3.2059273719787598,2.959172010421753,2.6187350749969482,2.4888081550598145,2.1232666969299316,2.211477518081665,1.9294267892837524,1.8489066362380981,1.8485733270645142,2.2087478637695312,2.3585398197174072,2.255497932434082,2.44986629486084,2.747345209121704,2.9052927494049072,3.4273874759674072,3.3591325283050537,3.0021896362304688,2.842562198638916,2.5922508239746094,2.564777374267578,2.5052831172943115,2.230257511138916,2.474546194076538,2.788498640060425,2.694199800491333,2.6579227447509766,3.0160305500030518,3.166255474090576,3.1427395343780518,2.820404291152954,2.608438730239868,2.268141984939575,2.240032911300659,1.8784736394882202,2.086350679397583,1.8775322437286377,1.9428861141204834,2.00746488571167,2.2889938354492188,2.4923019409179688,2.5431058406829834,2.711620569229126,2.931049108505249,3.1831889152526855
B4,1.610970139503479,1.6607927083969116,1.5948190689086914,1.2265647649765015,1.3463157415390015,1.0188068151474,1.1968766450881958,1.0246187448501587,1.2302757501602173,1.1006430387496948,0.7320753335952759,0.9671282768249512,1.1586300134658813,0.9544914960861206,0.884186863899231,0.8404647707939148,0.5744903087615967,0.38710519671440125,0.0,0.370730996131897,0.4567839205265045,0.7794137597084045,1.0476957559585571,1.2567685842514038,1.103603482246399,1.1354700326919556,1.4761334657669067,1.5537924766540527,1.4577319622039795,1.760357141494751,2.926762819290161,2.656008243560791,2.3297979831695557,2.21551775932312,1.8444929122924805,1.9407662153244019,1.642592191696167,1.6186221837997437,1.5887137651443481,1.9291977882385254,2.123364210128784,2.0410282611846924,2.2004804611206055,2.4932498931884766,2.6890032291412354,3.3618268966674805,3.258791208267212,2.894070625305176,2.7492706775665283,2.464073657989502,2.4717161655426025,2.3753645420074463,2.133577823638916,2.35813570022583,2.690505266189575,2.6479344367980957,2.6189112663269043,2.966405153274536,3.13848876953125,3.160313367843628,2.932631254196167,2.7544209957122803,2.394202947616577,2.350574016571045,1.9919465780258179,2.1690235137939453,1.9743876457214355,1.9706745147705078,2.0749330520629883,2.38698673248291,2.5423507690429688,2.5746426582336426,2.7860169410705566,3.0089521408081055,3.225193500518799
B5,1.727187156677246,1.7394979000091553,1.5913177728652954,1.2242987155914307,1.2476617097854614,0.9546942114830017,1.0711907148361206,0.8154856562614441,1.0817904472351074,1.0702412128448486,0.7317790985107422,0.9043554067611694,1.1859952211380005,1.09574294090271,1.0473381280899048,1.124489426612854,0.8657006025314331,0.5785292387008667,0.370730996131897,0.0,0.3835238218307495,0.5709505081176758,0.8487474918365479,1.075586199760437,1.0288255214691162,1.1214590072631836,1.4064587354660034,1.5276248455047607,1.5209450721740723,1.8245816230773926,2.6824207305908203,2.4336040019989014,2.111905574798584,1.950196385383606,1.5894709825515747,1.6461913585662842,1.3532735109329224,1.2815130949020386,1.2859587669372559,1.640337586402893,1.796831727027893,1.7228513956069946,1.915331482887268,2.19400691986084,2.3742177486419678,3.0876121520996094,2.968820333480835,2.6141767501831055,2.4408602714538574,2.154893636703491,2.1375133991241455,2.0259318351745605,1.7719730138778687,1.989659309387207,2.324073553085327,2.286930799484253,2.252568483352661,2.5980701446533203,2.7761619091033936,2.806752920150757,2.6186790466308594,2.464498996734619,2.094614028930664,2.0544893741607666,1.7067091464996338,1.8866678476333618,1.7340394258499146,1.7259291410446167,1.8845605850219727,2.1817166805267334,2.300480604171753,2.366046905517578,2.5962836742401123,2.7879748344421387,2.999258518218994
B6,1.5387684106826782,1.6244961023330688,1.482460379600525,1.1663751602172852,1.2629863023757935,1.0377566814422607,1.25909423828125,1.0842303037643433,1.3919610977172852,1.348693609237671,1.027590036392212,1.2634923458099365,1.5129848718643188,1.3619481325149536,1.3221988677978516,1.2845702171325684,1.0277293920516968,0.8107043504714966,0.4567839205265045,0.3835238218307495,0.0,0.37541303038597107,0.5957803130149841,0.8166442513465881,0.7150214314460754,0.7458711266517639,1.054516077041626,1.1810449361801147,1.1545277833938599,1.4446085691452026,2.486567497253418,2.206066370010376,1.8891141414642334,1.7816945314407349,1.4099700450897217,1.5199679136276245,1.2276663780212402,1.270944595336914,1.2554353475570679,1.5638231039047241,1.7825182676315308,1.7563103437423706,1.8976243734359741,2.1574923992156982,2.3925111293792725,3.0985777378082275,2.9601097106933594,2.5938668251037598,2.4643471240997314,2.149606466293335,2.195403575897217,2.0696706771850586,1.8771685361862183,2.0879335403442383,2.4246010780334473,2.433450698852539,2.429328441619873,2.7585995197296143,2.939194917678833,3.0138583183288574,2.9030697345733643,2.761758327484131,2.3904879093170166,2.3155601024627686,1.9730316400527954,2.099263906478882,1.929337978363037,1.8467795848846436,2.0008013248443604,2.331906318664551,2.4230940341949463,2.441300392150879,2.698497772216797,2.9133477210998535,3.085712432861328
B7,1.8013094663619995,1.889553189277649,1.692441463470459,1.4110288619995117,1.4444643259048462,1.2767002582550049,1.452585220336914,1.2241226434707642,1.5567610263824463,1.5938191413879395,1.2873189449310303,1.45730459690094,1.7542210817337036,1.6578052043914795,1.587185263633728,1.6188853979110718,1.32875394821167,1.1133419275283813,0.7794137597084045,0.5709505081176758,0.37541303038597107,0.0,0.39112570881843567,0.508890688419342,0.5193225145339966,0.6986610293388367,0.8981329202651978,1.0257670879364014,1.1190918684005737,1.4186094999313354,2.2457377910614014,1.9624836444854736,1.6788232326507568,1.5250450372695923,1.1687908172607422,1.2139177322387695,0.8879774808883667,0.9413782358169556,0.8915477395057678,1.1899586915969849,1.4241611957550049,1.406297206878662,1.5328912734985352,1.7856838703155518,2.0320487022399902,3.0083653926849365,2.8306469917297363,2.4787850379943848,2.326958417892456,1.992843508720398,2.0291895866394043,1.8496915102005005,1.6705611944198608,1.8326231241226196,2.1842095851898193,2.241130828857422,2.2190301418304443,2.5293071269989014,2.7384872436523438,2.8427953720092773,2.813652276992798,2.7185473442077637,2.340336799621582,2.282320499420166,1.9685355424880981,2.091247797012329,1.980401873588562,1.8757238388061523,2.089932441711426,2.404433488845825,2.4408674240112305,2.4851322174072266,2.769320487976074,2.9502031803131104,3.1014211177825928
B8,1.6466654539108276,1.7435358762741089,1.5033810138702393,1.2970211505889893,1.3204799890518188,1.2588545083999634,1.4703863859176636,1.3143681287765503,1.6815829277038574,1.7328733205795288,1.4830561876296997,1.6957513093948364,1.9829689264297485,1.8909127712249756,1.8825325965881348,1.865723967552185,1.6209763288497925,1.371884822845459,1.0476957559585571,0.8487474918365479,0.5957803130149841,0.39112570881843567,0.0,0.3754766881465912,0.564741313457489,0.5877688527107239,0.691066324710846,0.9425445199012756,1.0778920650482178,1.290820837020874,1.8982219696044922,1.61478590965271,1.3099195957183838,1.197776436805725,0.8290718793869019,0.9645199179649353,0.7148676514625549,0.8916155099868774,0.9449084997177124,1.1631439924240112,1.3888591527938843,1.4731686115264893,1.5950566530227661,1.776294469833374,2.057687759399414,2.736859083175659,2.5491840839385986,2.1916794776916504,2.082864999771118,1.735205054283142,1.834813117980957,1.6711007356643677,1.5688724517822266,1.751792550086975,2.0757133960723877,2.156290054321289,2.193755626678467,2.4845869541168213,2.6662707328796387,2.81166934967041,2.860818386077881,2.7710702419281006,2.403723955154419,2.2898447513580322,1.9916476011276245,2.04176926612854,1.9213733673095703,1.7426295280456543,1.9593583345413208,2.289222240447998,2.2861945629119873,2.292172908782959,2.6004531383514404,2.789907932281494,2.8993613719940186
B9,1.9446203708648682,2.079775094985962,1.8523730039596558,1.6618874073028564,1.6952908039093018,1.626603126525879,1.827297568321228,1.6352907419204712,1.9930133819580078,2.053762912750244,1.7736598253250122,1.9519685506820679,2.2530946731567383,2.1558563709259033,2.0917181968688965,2.093925714492798,1.8068418502807617,1.609330415725708,1.2567685842514038,1.075586199760437,0.8166442513465881,0.508890688419342,0.3754766881465912,0.0,0.3794093430042267,0.5718541741371155,0.5307514667510986,0.6989059448242188,0.9395440816879272,1.1731128692626953,1.855563998222351,1.5395069122314453,1.307660460472107,1.183140516281128,0.8638089895248413,0.9105644226074219,0.6068772673606873,0.8584415316581726,0.7865715026855469,0.9339088797569275,1.2364736795425415,1.3118033409118652,1.3563543558120728,1.5416922569274902,1.8555573225021362,2.9502956867218018,2.7261812686920166,2.387638568878174,2.270549774169922,1.909407138824463,2.0045294761657715,1.7820446491241455,1.6989091634750366,1.8077259063720703,2.1463630199432373,2.2828030586242676,2.2864444255828857,2.5515263080596924,2.7709383964538574,2.9389071464538574,3.042948007583618,2.990220546722412,2.618774175643921,2.53761625289917,2.2593016624450684,2.3251588344573975,2.242724895477295,2.0657269954681396,2.3065452575683594,2.624263048171997,2.59485125541687,2.61409330368042,2.932990550994873,3.1035220623016357,3.1981263160705566
B10,1.88922917842865,2.0673859119415283,1.9039305448532104,1.691101312637329,1.7947698831558228,1.669980525970459,1.9058290719985962,1.7211880683898926,2.056424856185913,2.055274486541748,1.734755039215088,1.931132197380066,2.2034802436828613,2.0516910552978516,1.9519693851470947,1.9111618995666504,1.6110914945602417,1.484437108039856,1.103603482246399,1.0288255214691162,0.7150214314460754,0.5193225145339966,0.564741313457489,0.3794093430042267,0.0,0.38476112484931946,0.5085731744766235,0.5178889036178589,0.6542778015136719,0.9695389270782471,2.1812634468078613,1.844534993171692,1.6168982982635498,1.5407565832138062,1.217829942703247,1.289178490638733,0.9775333404541016,1.1843198537826538,1.0442746877670288,1.2162835597991943,1.5464924573898315,1.5583351850509644,1.569711446762085,1.8017040491104126,2.1100428104400635,3.277082920074463,3.0698108673095703,2.720608711242676,2.6133453845977783,2.2564449310302734,2.3498830795288086,2.1411895751953125,2.029921531677246,2.147735357284546,2.4962191581726074,2.6127190589904785,2.5980803966522217,2.8779516220092773,3.103221893310547,3.247695207595825,3.288288116455078,3.2131435871124268,2.8355491161346436,2.7702713012695312,2.466562271118164,2.5614569187164307,2.4458441734313965,2.2944693565368652,2.5000243186950684,2.833273410797119,2.8458149433135986,2.851633071899414,3.1545016765594482,3.350101947784424,3.4634907245635986
B11,1.5631024837493896,1.7773114442825317,1.637620210647583,1.4770575761795044,1.634161114692688,1.5530484914779663,1.8446073532104492,1.738734245300293,2.081697702407837,2.0397074222564697,1.7484791278839111,2.007488965988159,2.2453317642211914,2.059894323348999,2.016944646835327,1.893694519996643,1.6486337184906006,1.5121756792068481,1.1354700326919556,1.1214590072631836,0.7458711266517639,0.6986610293388367,0.5877688527107239,0.5718541741371155,0.38476112484931946,0.0,0.3721884489059448,0.5181525349617004,0.5103853940963745,0.7361587882041931,2.130263328552246,1.789566993713379,1.5281486511230469,1.5392231941223145,1.2077782154083252,1.3878107070922852,1.1475197076797485,1.4001946449279785,1.3420454263687134,1.497470498085022,1.8080753087997437,1.8709818124771118,1.8997864723205566,2.095559597015381,2.417541027069092,3.197361469268799,3.011068105697632,2.648491621017456,2.5928916931152344,2.241032838821411,2.3858683109283447,2.2235665321350098,2.1493403911590576,2.3134875297546387,2.638153314590454,2.7381112575531006,2.771944046020508,3.055328130722046,3.2455036640167236,3.397639513015747,3.4343318939208984,3.331662654876709,2.9619457721710205,2.850505828857422,2.535620927810669,2.587735176086426,2.4263880252838135,2.239274501800537,2.4024364948272705,2.7584478855133057,2.7814037799835205,2.7375597953796387,3.0379281044006348,3.2659683227539062,3.361499547958374
B12,1.786116123199463,2.0029592514038086,1.8254399299621582,1.7170077562332153,1.8369135856628418,1.8124507665634155,2.088231086730957,1.9760780334472656,2.3367109298706055,2.3348844051361084,2.0590271949768066,2.300610065460205,2.5606746673583984,2.400724172592163,2.3569223880767822,2.25761079788208,2.0034027099609375,1.8515632152557373,1.4761334657669067,1.4064587354660034,1.054516077041626,0.8981329202651978,0.691066324710846,0.5307514667510986,0.5085731744766235,0.3721884489059448,0.0,0.36099866032600403,0.5708475112915039,0.6798182725906372,1.847764015197754,1.488647222518921,1.2779017686843872,1.3157243728637695,1.0375347137451172,1.2100658416748047,1.0207698345184326,1.348069190979004,1.2886159420013428,1.3502748012542725,1.6751210689544678,1.789461612701416,1.7754912376403809,1.9190229177474976,2.2696304321289062,3.131551742553711,2.9124743938446045,2.566854476928711,2.526435375213623,2.164127826690674,2.3353676795959473,2.145484447479248,2.126103401184082,2.251932144165039,2.5633602142333984,2.711054801940918,2.7556779384613037,3.0078983306884766,3.204875946044922,3.3947854042053223,3.5174286365509033,3.447002649307251,3.081211566925049,2.962649345397949,2.674365520477295,2.6986515522003174,2.5692503452301025,2.346381902694702,2.538616418838501,2.885673761367798,2.860093593597412,2.8135385513305664,3.135744571685791,3.3450465202331543,3.4051239490509033
B13,2.0190091133117676,2.2616584300994873,2.120894432067871,1.987499475479126,2.1304750442504883,2.0605404376983643,2.3347342014312744,2.1933279037475586,2.5382134914398193,2.518651008605957,2.2075624465942383,2.4301085472106934,2.6859045028686523,2.5044357776641846,2.4100208282470703,2.3120832443237305,2.0304999351501465,1.9406101703643799,1.5537924766540527,1.5276248455047607,1.1810449361801147,1.0257670879364014,0.9425445199012756,0.6989059448242188,0.5178889036178589,0.5181525349617004,0.36099866032600403,0.0,0.37720584869384766,0.5752458572387695,2.1090972423553467,1.738434910774231,1.5799185037612915,1.6027487516403198,1.347169041633606,1.456465482711792,1.2241657972335815,1.5265583992004395,1.3792117834091187,1.4253054857254028,1.7887516021728516,1.8520441055297852,1.7819832563400269,1.9556591510772705,2.308095932006836,3.4784772396087646,3.250553846359253,2.9104974269866943,2.854584217071533,2.489330291748047,2.639251470565796,2.4232470989227295,2.381340980529785,2.4747231006622314,2.8034911155700684,2.963944673538208,2.972872018814087,3.2229998111724854,3.4469454288482666,3.629894733428955,3.73893666267395,3.6770195960998535,3.3036348819732666,3.2171273231506348,2.923999786376953,2.981435537338257,2.859443187713623,2.661506414413452,2.856362819671631,3.202146530151367,3.188441038131714,3.1548032760620117,3.472501039505005,3.6800692081451416,3.7518324851989746
