,A1,A2,A3,A4,A5,A6,A7,A8,A9,A10,A11,A12,A13,A14,A15,B1,B2,B3,B4,B5,B6,B7,B8,B9,B10,B11,B12,B13,B14,B15,C1,C2,C3,C4,C5,C6,C7,C8,C9,C10,C11,C12,C13,C14,C15,D1,D2,D3,D4,D5,D6,D7,D8,D9,D10,D11,D12,D13,D14,D15,E1,E2,E3,E4,E5,E6,E7,E8,E9,E10,E11,E12,E13,E14,E15
A1,0.0,0.37922751903533936,0.598594069480896,0.8206051588058472,1.079300880432129,1.2779022455215454,1.6314245462417603,1.7556098699569702,2.07947039604187,2.150888681411743,2.142415761947632,2.3933298587799072,2.6247189044952393,2.6305432319641113,2.7861979007720947,0.8904328942298889,0.5941224098205566,0.5086191296577454,0.1894221305847168,0.4852502644062042,0.41948413848876953,0.7605575919151306,0.962441623210907,1.2452081441879272,1.2017662525177002,1.1962368488311768,1.5069376230239868,1.685939073562622,1.6402804851531982,1.8324640989303589,2.241410493850708,2.0107474327087402,1.6958885192871094,1.4913265705108643,1.1819984912872314,1.1138168573379517,0.8097662925720215,0.7313000559806824,0.477180153131485,0.8182783722877502,1.0327842235565186,0.8885313868522644,0.9800803065299988,1.3081023693084717,1.4958934783935547,2.4606783390045166,2.3731186389923096,1.9923511743545532,2.0317885875701904,1.6860320568084717,1.9265758991241455,1.7851841449737549,1.8073232173919678,1.806861162185669,2.1335904598236084,2.3363115787506104,2.2694907188415527,2.43930721282959,2.72210955619812,2.900940418243408,2.4525442123413086,2.4969570636749268,2.153266429901123,2.226386308670044,1.9666568040847778,2.2278406620025635,2.261592388153076,2.229663610458374,2.3879146575927734,2.7064433097839355,2.803752899169922,2.8022239208221436,3.0550942420959473,3.2936248779296875,3.41872501373291
A2,0.37922751903533936,0.0,0.38817253708839417,0.5824551582336426,0.8525125980377197,1.021031141281128,1.3690863847732544,1.5565036535263062,1.8498804569244385,1.889914870262146,1.9252742528915405,2.1941652297973633,2.3869707584381104,2.3885271549224854,2.584660530090332,1.0520641803741455,0.7341848611831665,0.49924811720848083,0.3810857832431793,0.3271671533584595,0.4050840139389038,0.5858363509178162,0.9021943807601929,1.0991909503936768,1.0746709108352661,1.1892110109329224,1.465111494064331,1.5972535610198975,1.6062134504318237,1.8551054000854492,2.212134599685669,1.9855784177780151,1.6422208547592163,1.5184037685394287,1.1689460277557373,1.2064356803894043,0.9343500733375549,0.9786661267280579,0.7750571370124817,1.073119044303894,1.345389723777771,1.2495344877243042,1.302570104598999,1.6178780794143677,1.8439706563949585,2.2437193393707275,2.164038896560669,1.7910906076431274,1.8940951824188232,1.5575098991394043,1.8433886766433716,1.7311160564422607,1.8295613527297974,1.847364902496338,2.132746458053589,2.358109712600708,2.3470091819763184,2.50007963180542,2.7503042221069336,2.964644432067871,2.346431255340576,2.348532199859619,1.9871472120285034,2.0774800777435303,1.7861013412475586,2.0673913955688477,2.0640618801116943,2.0773587226867676,2.196702718734741,2.509131908416748,2.651724338531494,2.6525046825408936,2.8719546794891357,3.123105525970459,3.2809696197509766
A3,0.598594069480896,0.38817253708839417,0.0,0.3804858326911926,0.510013222694397,0.7745826840400696,1.088474154472351,1.2668430805206299,1.5489650964736938,1.647642731666565,1.7076319456100464,1.9323002099990845,2.137551784515381,2.191216230392456,2.386620044708252,1.10443115234375,0.8943508863449097,0.5342797636985779,0.4769744575023651,0.12465682625770569,0.48543429374694824,0.6151918172836304,0.8480565547943115,1.0653306245803833,1.172952651977539,1.2971101999282837,1.4983967542648315,1.6797839403152466,1.7643526792526245,1.9851065874099731,1.912704348564148,1.7286356687545776,1.3618993759155273,1.2811814546585083,0.9130129814147949,1.0493378639221191,0.8900498747825623,0.9411999583244324,0.8876758217811584,1.204177975654602,1.4309048652648926,1.3929848670959473,1.5234006643295288,1.8031046390533447,2.0166590213775635,1.880477786064148,1.8090301752090454,1.432165503501892,1.5278615951538086,1.2043330669403076,1.5107897520065308,1.4498249292373657,1.5529664754867554,1.633333683013916,1.9059547185897827,2.0984914302825928,2.1278932094573975,2.3105056285858154,2.528055429458618,2.733586549758911,2.062004327774048,2.0357577800750732,1.6677563190460205,1.7203282117843628,1.4231007099151611,1.6882617473602295,1.6910135746002197,1.6961987018585205,1.8348814249038696,2.1418254375457764,2.272176742553711,2.2864372730255127,2.5139026641845703,2.7518162727355957,2.9092559814453125
A4,0.8206051588058472,0.5824551582336426,0.3804858326911926,0.0,0.3783264458179474,0.45811814069747925,0.8206198215484619,0.9759933352470398,1.2818875312805176,1.3326416015625,1.3584932088851929,1.6133975982666016,1.8174079656600952,1.839568853378296,2.0288093090057373,1.4753955602645874,1.2401565313339233,0.9034186005592346,0.7595283389091492,0.41224753856658936,0.4964270293712616,0.3737879991531372,0.5797130465507507,0.7181605696678162,0.8888484239578247,1.0640088319778442,1.2001961469650269,1.3712027072906494,1.5145480632781982,1.7392171621322632,2.15006685256958,2.0111186504364014,1.6304864883422852,1.5921199321746826,1.2251981496810913,1.4000604152679443,1.2625954151153564,1.2651697397232056,1.2006977796554565,1.5435981750488281,1.7501317262649536,1.658882737159729,1.7969039678573608,2.1072235107421875,2.289804220199585,1.8292402029037476,1.8325634002685547,1.4752944707870483,1.6278481483459473,1.3588662147521973,1.7053933143615723,1.7141685485839844,1.8231114149093628,1.9522730112075806,2.2099826335906982,2.3757171630859375,2.433715581893921,2.6356863975524902,2.8298163414001465,3.026798963546753,1.7857922315597534,1.7753771543502808,1.4155367612838745,1.5411583185195923,1.2682271003723145,1.589879035949707,1.633857011795044,1.7146412134170532,1.8691209554672241,2.129103660583496,2.2816781997680664,2.351001739501953,2.5550363063812256,2.762484073638916,2.9568819999694824
A5,1.079300880432129,0.8525125980377197,0.510013222694397,0.3783264458179474,0.0,0.3744190037250519,0.6041629314422607,0.7906160950660706,1.0453400611877441,1.1793135404586792,1.2747145891189575,1.4620435237884521,1.6595741510391235,1.7560856342315674,1.9617242813110352,1.5472464561462402,1.3879064321517944,1.0091010332107544,0.9627114534378052,0.6002398729324341,0.8207389116287231,0.7446579337120056,0.8543241024017334,0.9701768755912781,1.2172456979751587,1.3936436176300049,1.469604730606079,1.6577913761138916,1.846261739730835,2.051759958267212,1.8692654371261597,1.7721774578094482,1.3866554498672485,1.417534589767456,1.0676251649856567,1.329092264175415,1.2905399799346924,1.3342288732528687,1.3629828691482544,1.681963324546814,1.873523473739624,1.8467381000518799,2.0142104625701904,2.2864747047424316,2.47975754737854,1.4570205211639404,1.4606192111968994,1.1061087846755981,1.2699981927871704,1.032835841178894,1.3971971273422241,1.4629167318344116,1.5969033241271973,1.7726951837539673,1.993268370628357,2.134957790374756,2.2405130863189697,2.450685739517212,2.604588031768799,2.802724599838257,1.6362595558166504,1.562234878540039,1.18468177318573,1.2450605630874634,0.9373629093170166,1.236517310142517,1.2598788738250732,1.3398438692092896,1.4947254657745361,1.7520416975021362,1.9050679206848145,1.9780941009521484,2.1800239086151123,2.384157657623291,2.5813968181610107
A6,1.2779022455215454,1.021031141281128,0.7745826840400696,0.45811814069747925,0.3744190037250519,0.0,0.3748006224632263,0.5748680830001831,0.8427125215530396,0.8794659376144409,0.9514731168746948,1.1961870193481445,1.372925043106079,1.4205213785171509,1.637690782546997,1.8698949813842773,1.6645530462265015,1.3021501302719116,1.2051458358764648,0.8420548439025879,0.9352607727050781,0.7057324051856995,0.7744824886322021,0.741618275642395,1.0279592275619507,1.2605993747711182,1.265024185180664,1.4110543727874756,1.6522446870803833,1.8680511713027954,2.2038416862487793,2.1263248920440674,1.7416634559631348,1.790405511856079,1.441794991493225,1.696898102760315,1.6306393146514893,1.652990460395813,1.6372196674346924,1.9736055135726929,2.1715776920318604,2.0982816219329834,2.2511889934539795,2.5536725521087646,2.7333905696868896,1.5314329862594604,1.6109535694122314,1.3011245727539062,1.5229495763778687,1.3414287567138672,1.7164071798324585,1.8141556978225708,1.9572898149490356,2.1438803672790527,2.3532261848449707,2.488661527633667,2.6074142456054688,2.8192121982574463,2.9616289138793945,3.1599578857421875,1.4670535326004028,1.4029228687286377,1.0385823249816895,1.2063769102096558,0.9376640319824219,1.2949939966201782,1.3479565382003784,1.516332983970642,1.6609432697296143,1.861474871635437,2.0471298694610596,2.165980100631714,2.3299052715301514,2.5075035095214844,2.743671178817749
A7,1.6314245462417603,1.3690863847732544,1.088474154472351,0.8206198215484619,0.6041629314422607,0.3748006224632263,0.0,0.3837622404098511,0.505139172077179,0.585490345954895,0.7685534358024597,0.9442825317382812,1.0789356231689453,1.1952362060546875,1.4433649778366089,2.1449716091156006,1.9736037254333496,1.5958129167556763,1.5410312414169312,1.1724708080291748,1.302571177482605,1.0776500701904297,1.102920651435852,1.0230709314346313,1.3375922441482544,1.5780065059661865,1.5179944038391113,1.6496665477752686,1.9350521564483643,2.1364283561706543,2.190863847732544,2.164555788040161,1.7924132347106934,1.909191370010376,1.5916723012924194,1.8967339992523193,1.8880599737167358,1.932597279548645,1.9582880735397339,2.282240152359009,2.4740684032440186,2.429128408432007,2.5943171977996826,2.8812081813812256,3.0654797554016113,1.2475275993347168,1.3894400596618652,1.1405982971191406,1.409140944480896,1.3148890733718872,1.6882526874542236,1.8524357080459595,2.020202398300171,2.2441799640655518,2.407346487045288,2.5162835121154785,2.683286190032959,2.896780252456665,2.99356746673584,3.1918556690216064,1.3013361692428589,1.154391884803772,0.7895368933677673,0.9536476135253906,0.6834778785705566,1.042542576789856,1.0847464799880981,1.3244255781173706,1.4488416910171509,1.5931209325790405,1.8047735691070557,1.9577624797821045,2.0847342014312744,2.2378790378570557,2.5038387775421143
A8,1.7556098699569702,1.5565036535263062,1.2668430805206299,0.9759933352470398,0.7906160950660706,0.5748680830001831,0.3837622404098511,0.0,0.37735873460769653,0.5513394474983215,0.5678940415382385,0.6762489080429077,0.921557605266571,1.0606945753097534,1.219570517539978,2.30977725982666,2.154703140258789,1.786626935005188,1.6698335409164429,1.32668137550354,1.3933264017105103,1.1787227392196655,1.072670578956604,1.0050451755523682,1.3706371784210205,1.5439149141311646,1.4160239696502686,1.5967416763305664,1.9075160026550293,2.0461130142211914,2.2956039905548096,2.3115220069885254,1.9477856159210205,2.037257432937622,1.738954782485962,2.0270111560821533,2.0407185554504395,2.020212173461914,2.075350522994995,2.421342134475708,2.5639054775238037,2.4966485500335693,2.7011942863464355,2.9907310009002686,3.132580280303955,1.3309650421142578,1.5320132970809937,1.3061654567718506,1.5149871110916138,1.4594688415527344,1.8091411590576172,2.0056676864624023,2.113368511199951,2.3755195140838623,2.5576868057250977,2.617640733718872,2.775092124938965,3.0252184867858887,3.1194522380828857,3.2778408527374268,0.9267780780792236,0.8291748762130737,0.4748638868331909,0.7284039258956909,0.5942419171333313,0.964408814907074,1.1354047060012817,1.368088722229004,1.5681853294372559,1.6629549264907837,1.8169431686401367,2.025599479675293,2.174241781234741,2.269256114959717,2.5245108604431152
A9,2.07947039604187,1.8498804569244385,1.5489650964736938,1.2818875312805176,1.0453400611877441,0.8427125215530396,0.505139172077179,0.37735873460769653,0.0,0.379606693983078,0.576340913772583,0.542091965675354,0.677710235118866,0.9186937808990479,1.1270625591278076,2.5728447437286377,2.433181047439575,2.0529873371124268,1.9831855297088623,1.626201868057251,1.7338190078735352,1.509979248046875,1.4392383098602295,1.334812879562378,1.6863659620285034,1.8910272121429443,1.7434555292129517,1.8859516382217407,2.216703414916992,2.365093469619751,2.347092628479004,2.3975958824157715,2.0523247718811035,2.203007698059082,1.9295783042907715,2.2531750202178955,2.298208236694336,2.315427303314209,2.3853037357330322,2.7151947021484375,2.870917558670044,2.829813003540039,3.028069257736206,3.3069612979888916,3.466146945953369,1.1232569217681885,1.3871310949325562,1.2470934391021729,1.4997899532318115,1.5230655670166016,1.8586612939834595,2.098391056060791,2.241481304168701,2.5180907249450684,2.651503324508667,2.700556993484497,2.9015512466430664,3.138885974884033,3.1912481784820557,3.3588621616363525,0.9502241015434265,0.7134835124015808,0.4098120331764221,0.6314923167228699,0.5357362627983093,0.844880223274231,0.9772825241088867,1.2860463857650757,1.4361764192581177,1.4600014686584473,1.6514145135879517,1.886326789855957,1.9804660081863403,2.052184820175171,2.342897653579712
A10,2.150888681411743,1.889914870262146,1.647642731666565,1.3326416015625,1.1793135404586792,0.8794659376144409,0.585490345954895,0.5513394474983215,0.379606693983078,0.0,0.38178130984306335,0.5206126570701599,0.5216390490531921,0.6334208250045776,0.9260351061820984,2.7241413593292236,2.5373003482818604,2.1665704250335693,2.081831932067871,1.7199130058288574,1.7821770906448364,1.4966213703155518,1.4499958753585815,1.2510453462600708,1.5672128200531006,1.8155765533447266,1.6419763565063477,1.7143800258636475,2.062494993209839,2.234586477279663,2.6627540588378906,2.6814076900482178,2.3236615657806396,2.4653818607330322,2.163236618041992,2.4736242294311523,2.468932628631592,2.4928228855133057,2.509795904159546,2.8463871479034424,3.029705047607422,2.9570484161376953,3.1247992515563965,3.4283902645111084,3.593991279602051,1.4157084226608276,1.6690053939819336,1.5294034481048584,1.8182631731033325,1.8096418380737305,2.1639695167541504,2.3751957416534424,2.54079270362854,2.7910964488983154,2.931530237197876,3.0121326446533203,3.204765558242798,3.4270026683807373,3.493378162384033,3.680201292037964,1.1069023609161377,0.9273101091384888,0.7084205150604248,0.9979552030563354,0.9054827690124512,1.2166893482208252,1.3046948909759521,1.6295177936553955,1.7360485792160034,1.7596640586853027,1.9878450632095337,2.209846258163452,2.2724196910858154,2.356069326400757,2.666963815689087
A11,2.142415761947632,1.9252742528915405,1.7076319456100464,1.3584932088851929,1.2747145891189575,0.9514731168746948,0.7685534358024597,0.5678940415382385,0.576340913772583,0.38178130984306335,0.0,0.3785538077354431,0.544028103351593,0.5278369784355164,0.6891717314720154,2.7948999404907227,2.594792366027832,2.241337537765503,2.093050718307495,1.7559922933578491,1.742824673652649,1.4480282068252563,1.3159908056259155,1.0954231023788452,1.4236292839050293,1.6219992637634277,1.389575719833374,1.4784131050109863,1.843511700630188,1.9674487113952637,2.84808349609375,2.8676950931549072,2.5030949115753174,2.5978641510009766,2.2882425785064697,2.566218376159668,2.5433146953582764,2.5121564865112305,2.5200469493865967,2.877931594848633,3.0319666862487793,2.920125722885132,3.1035149097442627,3.4217894077301025,3.5510780811309814,1.697801113128662,1.9567537307739258,1.7892524003982544,2.0350944995880127,2.005760669708252,2.35768723487854,2.560302972793579,2.6802608966827393,2.938244581222534,3.1150708198547363,3.1791865825653076,3.342571258544922,3.5892369747161865,3.6779890060424805,3.839773416519165,0.8928214907646179,0.8444089889526367,0.6978340148925781,1.0663598775863647,1.0572997331619263,1.3827823400497437,1.551523208618164,1.8445782661437988,2.0080487728118896,2.033559560775757,2.2159831523895264,2.459796190261841,2.554323196411133,2.6121761798858643,2.9045534133911133
A12,2.3933298587799072,2.1941652297973633,1.9323002099990845,1.6133975982666016,1.4620435237884521,1.1961870193481445,0.9442825317382812,0.6762489080429077,0.542091965675354,0.5206126570701599,0.3785538077354431,0.0,0.3673563003540039,0.5667955875396729,0.6277255415916443,2.984537124633789,2.8224220275878906,2.4581186771392822,2.3238000869750977,1.9867011308670044,2.005310535430908,1.746322751045227,1.5865302085876465,1.4190446138381958,1.7674267292022705,1.9319878816604614,1.6884193420410156,1.8121118545532227,2.176964521408081,2.2654616832733154,2.8222718238830566,2.8912553787231445,2.547625780105591,2.6675071716308594,2.3916468620300293,2.688476324081421,2.7148640155792236,2.678591728210449,2.7328555583953857,3.086761951446533,3.2164011001586914,3.1282401084899902,3.3390696048736572,3.639282464981079,3.7593588829040527,1.5733506679534912,1.8794465065002441,1.7681630849838257,1.9900281429290771,2.0256547927856445,2.348405122756958,2.5951507091522217,2.699528455734253,2.9905107021331787,3.1442959308624268,3.167759895324707,3.354128360748291,3.614642858505249,3.6716604232788086,3.8117191791534424,0.6514462232589722,0.5202620029449463,0.5174134969711304,0.8665214776992798,0.9735320806503296,1.2260665893554688,1.437689185142517,1.7394413948059082,1.9187853336334229,1.8820788860321045,2.034553289413452,2.3176002502441406,2.400212049484253,2.4070329666137695,2.700016498565674
A13,2.6247189044952393,2.3869707584381104,2.137551784515381,1.8174079656600952,1.6595741510391235,1.372925043106079,1.0789356231689453,0.921557605266571,0.677710235118866,0.5216390490531921,0.544028103351593,0.3673563003540039,0.0,0.37908613681793213,0.5802266597747803,3.205320358276367,3.0315587520599365,2.6607820987701416,2.556795120239258,2.2034525871276855,2.241292715072632,1.956076979637146,1.8462218046188354,1.6343762874603271,1.95414137840271,2.1647984981536865,1.9224132299423218,1.9882159233093262,2.360947608947754,2.479459285736084,2.996427297592163,3.0646743774414062,2.7253754138946533,2.8804547786712646,2.602780342102051,2.918614149093628,2.9403674602508545,2.9393985271453857,2.9781334400177,3.3231873512268066,3.481006383895874,3.400824785232544,3.5900449752807617,3.8938019275665283,4.0362372398376465,1.6082196235656738,1.9297200441360474,1.8669016361236572,2.132021188735962,2.1901724338531494,2.5154953002929688,2.7688076496124268,2.9126064777374268,3.1948342323303223,3.3198530673980713,3.3588573932647705,3.5694072246551514,3.8092737197875977,3.8472230434417725,4.008679389953613,0.978195071220398,0.7834001183509827,0.8019127249717712,1.0918269157409668,1.1637641191482544,1.3848062753677368,1.5267566442489624,1.869629144668579,1.9866135120391846,1.9141634702682495,2.113096237182617,2.391939878463745,2.419959306716919,2.425832748413086,2.7501182556152344
A14,2.6305432319641113,2.3885271549224854,2.191216230392456,1.839568853378296,1.7560856342315674,1.4205213785171509,1.1952362060546875,1.0606945753097534,0.9186937808990479,0.6334208250045776,0.5278369784355164,0.5667955875396729,0.37908613681793213,0.0,0.38779449462890625,3.28770112991333,3.075733184814453,2.72129225730896,2.588806629180908,2.245539903640747,2.2308506965637207,1.9106723070144653,1.8010179996490479,1.5291023254394531,1.80559241771698,2.026097536087036,1.7581838369369507,1.7659289836883545,2.1438820362091064,2.264906406402588,3.2645328044891357,3.300882339477539,2.9449219703674316,3.073418617248535,2.768963575363159,3.0630221366882324,3.0402097702026367,3.027769088745117,3.0233356952667236,3.3768515586853027,3.5463318824768066,3.430877923965454,3.599060297012329,3.924257278442383,4.060428619384766,1.935186743736267,2.233654022216797,2.135465383529663,2.4127109050750732,2.4269676208496094,2.772623062133789,2.9961743354797363,3.141921281814575,3.4039556980133057,3.5523416996002197,3.6154744625091553,3.8050765991210938,4.041432857513428,4.105035305023193,4.2757744789123535,1.150406002998352,1.0630158185958862,1.0627590417861938,1.4010978937149048,1.4409846067428589,1.7085002660751343,1.8450595140457153,2.1822586059570312,2.297349452972412,2.2557239532470703,2.4664628505706787,2.730804204940796,2.7639365196228027,2.7894411087036133,3.1146483421325684
A15,2.7861979007720947,2.584660530090332,2.386620044708252,2.0288093090057373,1.9617242813110352,1.637690782546997,1.4433649778366089,1.219570517539978,1.1270625591278076,0.9260351061820984,0.6891717314720154,0.6277255415916443,0.5802266597747803,0.38779449462890625,0.0,3.4712648391723633,3.2662909030914307,2.9208903312683105,2.750441789627075,2.427182912826538,2.3744752407073975,2.0687966346740723,1.8924099206924438,1.6375006437301636,1.9189839363098145,2.0784332752227783,1.7652831077575684,1.7976421117782593,2.17714262008667,2.234053134918213,3.4456381797790527,3.5016393661499023,3.149075508117676,3.25380539894104,2.957965135574341,3.2357099056243896,3.219775676727295,3.165602207183838,3.173527240753174,3.5391335487365723,3.6754987239837646,3.540682077407837,3.7313449382781982,4.058533191680908,4.161444664001465,2.1552865505218506,2.470842123031616,2.3709535598754883,2.61112642288208,2.6339426040649414,2.9669604301452637,3.20062518119812,3.307603120803833,3.5873727798461914,3.7531392574310303,3.787959337234497,3.9644615650177,4.224337577819824,4.291945934295654,4.4344611167907715,1.01058828830719,1.0250493288040161,1.1341949701309204,1.480186104774475,1.5990287065505981,1.8468434810638428,2.0447402000427246,2.360734701156616,2.519496440887451,2.4599666595458984,2.625920534133911,2.917800188064575,2.9705402851104736,2.9583394527435303,3.2671468257904053
B1,0.8904328942298889,1.0520641803741455,1.10443115234375,1.4753955602645874,1.5472464561462402,1.8698949813842773,2.1449716091156006,2.30977725982666,2.5728447437286377,2.7241413593292236,2.7948999404907227,2.984537124633789,3.205320358276367,3.28770112991333,3.4712648391723633,0.0,0.38242456316947937,0.5955485105514526,0.8061563968658447,1.0667767524719238,1.2551017999649048,1.5783767700195312,1.7771532535552979,2.0727345943450928,2.075777769088745,2.0819694995880127,2.3787198066711426,2.5718414783477783,2.5273892879486084,2.709538221359253,1.7941213846206665,1.4818012714385986,1.3013756275177002,1.0116428136825562,0.8917284607887268,0.6035317182540894,0.3012310266494751,0.5132474303245544,0.49999138712882996,0.33411893248558044,0.5995877385139465,0.8266862630844116,0.8691537380218506,0.9376733899116516,1.2446634769439697,2.5724384784698486,2.3651633262634277,2.014369010925293,1.9406789541244507,1.5806196928024292,1.6584322452545166,1.3737910985946655,1.360617756843567,1.191893219947815,1.5107420682907104,1.7617391347885132,1.6170334815979004,1.7059404850006104,2.033557176589966,2.225259780883789,3.0105090141296387,2.9936163425445557,2.6403980255126953,2.5912563800811768,2.3060879707336426,2.452808141708374,2.4076168537139893,2.2531487941741943,2.357686758041382,2.723811626434326,2.772371768951416,2.6623337268829346,2.9365150928497314,3.2166264057159424,3.2602264881134033
B2,0.5941224098205566,0.7341848611831665,0.8943508863449097,1.2401565313339233,1.3879064321517944,1.6645530462265015,1.9736037254333496,2.154703140258789,2.433181047439575,2.5373003482818604,2.594792366027832,2.8224220275878906,3.0315587520599365,3.075733184814453,3.2662909030914307,0.38242456316947937,0.0,0.38769200444221497,0.55924391746521,0.8411198854446411,0.9811911582946777,1.2879606485366821,1.5286285877227783,1.7958855628967285,1.756147861480713,1.7824513912200928,2.096501588821411,2.2569143772125244,2.1985180377960205,2.4061167240142822,2.033463954925537,1.7332282066345215,1.4902535676956177,1.2528213262557983,1.0289273262023926,0.8471260666847229,0.47278428077697754,0.6167749762535095,0.3728022277355194,0.40367379784584045,0.7623783946037292,0.8180097937583923,0.8017680644989014,1.0066089630126953,1.3114397525787354,2.572232484817505,2.3997035026550293,2.0335309505462646,2.0263001918792725,1.6578749418258667,1.8137093782424927,1.5717118978500366,1.608928918838501,1.4907152652740479,1.7987139225006104,2.0577709674835205,1.9524405002593994,2.0506272315979004,2.35979962348938,2.567190170288086,2.8969764709472656,2.8921239376068115,2.5313875675201416,2.5357213020324707,2.241024971008301,2.440596342086792,2.4033217430114746,2.3065383434295654,2.4092116355895996,2.7665491104125977,2.8549556732177734,2.775907278060913,3.030046224594116,3.310173988342285,3.395052433013916
B3,0.5086191296577454,0.49924811720848083,0.5342797636985779,0.9034186005592346,1.0091010332107544,1.3021501302719116,1.5958129167556763,1.786626935005188,2.0529873371124268,2.1665704250335693,2.241337537765503,2.4581186771392822,2.6607820987701416,2.72129225730896,2.9208903312683105,0.5955485105514526,0.38769200444221497,0.0,0.3786157965660095,0.5099195837974548,0.7643501162528992,1.0315788984298706,1.2788515090942383,1.5319784879684448,1.5548322200775146,1.6271072626113892,1.8987704515457153,2.0703303813934326,2.0745999813079834,2.293076992034912,1.8391941785812378,1.5734052658081055,1.2700519561767578,1.0952821969985962,0.7889965772628784,0.7505456805229187,0.4562596380710602,0.6305893659591675,0.5167401432991028,0.7268009185791016,1.01822829246521,1.0593920946121216,1.130692958831787,1.358762502670288,1.6286354064941406,2.2032594680786133,2.050762414932251,1.6785035133361816,1.7013888359069824,1.336196780204773,1.5447190999984741,1.3574093580245972,1.4363926649093628,1.3947721719741821,1.6899369955062866,1.9337373971939087,1.8929650783538818,2.024994134902954,2.2937653064727783,2.5108578205108643,2.555760622024536,2.5290660858154297,2.1624796390533447,2.1661343574523926,1.8622896671295166,2.07051944732666,2.0318610668182373,1.958941102027893,2.0654215812683105,2.4138588905334473,2.5179741382598877,2.461446523666382,2.706998586654663,2.9793314933776855,3.0880486965179443
B4,0.1894221305847168,0.3810857832431793,0.4769744575023651,0.7595283389091492,0.9627114534378052,1.2051458358764648,1.5410312414169312,1.6698335409164429,1.9831855297088623,2.081831932067871,2.093050718307495,2.3238000869750977,2.556795120239258,2.588806629180908,2.750441789627075,0.8061563968658447,0.55924391746521,0.3786157965660095,0.0,0.37260153889656067,0.4491000175476074,0.7873230576515198,0.979834794998169,1.2734801769256592,1.2828130722045898,1.295978307723999,1.5784168243408203,1.7752716541290283,1.7636421918869019,1.9521048069000244,2.0543181896209717,1.8293308019638062,1.5101697444915771,1.3113338947296143,0.9958283305168152,0.9485840797424316,0.671802818775177,0.617674708366394,0.44575023651123047,0.7979572415351868,1.0097906589508057,0.9266693592071533,1.0542418956756592,1.3490740060806274,1.5482075214385986,2.302077531814575,2.2040886878967285,1.8229870796203613,1.8496019840240479,1.5019936561584473,1.7377909421920776,1.5995750427246094,1.6235888004302979,1.6346747875213623,1.959065318107605,2.1569461822509766,2.102048397064209,2.2781641483306885,2.551945209503174,2.7320761680603027,2.3758018016815186,2.4016895294189453,2.0526010990142822,2.09956431388855,1.8329123258590698,2.077284336090088,2.1033248901367188,2.056185722351074,2.2149693965911865,2.5380353927612305,2.6282742023468018,2.620345115661621,2.877737283706665,3.1173300743103027,3.2361111640930176
B5,0.4852502644062042,0.3271671533584595,0.12465682625770569,0.41224753856658936,0.6002398729324341,0.8420548439025879,1.1724708080291748,1.32668137550354,1.626201868057251,1.7199130058288574,1.7559922933578491,1.9867011308670044,2.2034525871276855,2.245539903640747,2.427182912826538,1.0667767524719238,0.8411198854446411,0.5099195837974548,0.37260153889656067,0.0,0.3798327147960663,0.5733699202537537,0.7975267767906189,1.0431859493255615,1.1282657384872437,1.223365306854248,1.444501519203186,1.6339960098266602,1.6979050636291504,1.9097918272018433,1.977882742881775,1.789240837097168,1.4297785758972168,1.3183412551879883,0.9574093818664551,1.052430510520935,0.8659443259239197,0.8783507943153381,0.8011639714241028,1.1348984241485596,1.3519138097763062,1.2910293340682983,1.4254505634307861,1.715819239616394,1.9178180694580078,1.9886929988861084,1.9207806587219238,1.5424824953079224,1.6231584548950195,1.2968554496765137,1.5911895036697388,1.5187262296676636,1.5974218845367432,1.6693038940429688,1.9582031965255737,2.1470062732696533,2.1564764976501465,2.3436336517333984,2.574605703353882,2.7705304622650146,2.092970609664917,2.0882303714752197,1.7271474599838257,1.788511872291565,1.505332112312317,1.7733416557312012,1.7929606437683105,1.791504144668579,1.9428342580795288,2.248647451400757,2.3683199882507324,2.385624647140503,2.6209840774536133,2.8540351390838623,3.005098819732666
B6,0.41948413848876953,0.4050840139389038,0.48543429374694824,0.4964270293712616,0.8207389116287231,0.9352607727050781,1.302571177482605,1.3933264017105103,1.7338190078735352,1.7821770906448364,1.742824673652649,2.005310535430908,2.241292715072632,2.2308506965637207,2.3744752407073975,1.2551017999649048,0.9811911582946777,0.7643501162528992,0.4491000175476074,0.3798327147960663,0.0,0.3696301579475403,0.5517120361328125,0.8333883881568909,0.8474803566932678,0.874594509601593,1.138074278831482,1.3347121477127075,1.3570821285247803,1.5523219108581543,2.3155438899993896,2.1362597942352295,1.7834689617156982,1.6383309364318848,1.293373942375183,1.3310528993606567,1.1041125059127808,1.0111291408538818,0.8585225343704224,1.2222704887390137,1.4008183479309082,1.237234115600586,1.3693389892578125,1.7064913511276245,1.856276273727417,2.266540765762329,2.2398416996002197,1.866146445274353,1.9507648944854736,1.6412675380706787,1.935912847518921,1.8725405931472778,1.9123371839523315,1.986911416053772,2.2980167865753174,2.470221996307373,2.4521427154541016,2.653904676437378,2.901979923248291,3.0756654739379883,2.081730842590332,2.139500617980957,1.8050107955932617,1.9260107278823853,1.687108039855957,1.9876455068588257,2.057788133621216,2.08219838142395,2.2616078853607178,2.5441513061523438,2.657139539718628,2.7064037322998047,2.9440696239471436,3.1547069549560547,3.313133478164673
B7,0.7605575919151306,0.5858363509178162,0.6151918172836304,0.3737879991531372,0.7446579337120056,0.7057324051856995,1.0776500701904297,1.1787227392196655,1.509979248046875,1.4966213703155518,1.4480282068252563,1.746322751045227,1.956076979637146,1.9106723070144653,2.0687966346740723,1.5783767700195312,1.2879606485366821,1.0315788984298706,0.7873230576515198,0.5733699202537537,0.3696301579475403,0.0,0.38293638825416565,0.5140513777732849,0.5590512156486511,0.7189297080039978,0.9167969226837158,1.0671108961105347,1.1614539623260498,1.3983111381530762,2.4834063053131104,2.328380584716797,1.9556500911712646,1.8719611167907715,1.5092477798461914,1.6160959005355835,1.4144527912139893,1.3604682683944702,1.216174840927124,1.5697691440582275,1.7675752639770508,1.6007912158966064,1.7122191190719604,2.0585854053497314,2.211418390274048,2.1815335750579834,2.2018353939056396,1.8476650714874268,1.9952330589294434,1.7210025787353516,2.05661678314209,2.0421228408813477,2.123962163925171,2.2296934127807617,2.5123515129089355,2.683171033859253,2.706775426864624,2.908799171447754,3.129244565963745,3.316727876663208,1.9041757583618164,1.9541499614715576,1.6243698596954346,1.80428946018219,1.5707457065582275,1.9101037979125977,1.9831397533416748,2.074313163757324,2.239062786102295,2.4891936779022217,2.638563632965088,2.7193405628204346,2.9243438243865967,3.123311996459961,3.319701910018921
B8,0.962441623210907,0.9021943807601929,0.8480565547943115,0.5797130465507507,0.8543241024017334,0.7744824886322021,1.102920651435852,1.072670578956604,1.4392383098602295,1.4499958753585815,1.3159908056259155,1.5865302085876465,1.8462218046188354,1.8010179996490479,1.8924099206924438,1.7771532535552979,1.5286285877227783,1.2788515090942383,0.979834794998169,0.7975267767906189,0.5517120361328125,0.38293638825416565,0.0,0.37745165824890137,0.5642775893211365,0.5751911401748657,0.6771164536476135,0.9388459324836731,1.0777043104171753,1.2238701581954956,2.561414957046509,2.4503843784332275,2.0805504322052,1.9842184782028198,1.6411535739898682,1.7472220659255981,1.5907998085021973,1.4593719244003296,1.3723788261413574,1.7475380897521973,1.8751661777496338,1.683465600013733,1.8539716005325317,2.196434259414673,2.291990280151367,2.2087838649749756,2.274158239364624,1.9312022924423218,2.050579309463501,1.8111227750778198,2.13822603225708,2.164337158203125,2.1961922645568848,2.346881151199341,2.643110990524292,2.7655515670776367,2.7858595848083496,3.025810718536377,3.2392821311950684,3.3898801803588867,1.6427494287490845,1.7544642686843872,1.4653735160827637,1.6686705350875854,1.503981113433838,1.8439552783966064,1.9880425930023193,2.081190824508667,2.298207998275757,2.5155715942382812,2.629375696182251,2.7521398067474365,2.972839832305908,3.1304547786712646,3.3212778568267822
B9,1.2452081441879272,1.0991909503936768,1.0653306245803833,0.7181605696678162,0.9701768755912781,0.741618275642395,1.0230709314346313,1.0050451755523682,1.334812879562378,1.2510453462600708,1.0954231023788452,1.4190446138381958,1.6343762874603271,1.5291023254394531,1.6375006437301636,2.0727345943450928,1.7958855628967285,1.5319784879684448,1.2734801769256592,1.0431859493255615,0.8333883881568909,0.5140513777732849,0.37745165824890137,0.0,0.3792347311973572,0.5723499059677124,0.5361090898513794,0.6925618052482605,0.9307094812393188,1.1274986267089844,2.7965173721313477,2.6938393115997314,2.313289165496826,2.262528657913208,1.9067949056625366,2.0508694648742676,1.8903306722640991,1.8004379272460938,1.6896508932113647,2.0555732250213623,2.2162017822265625,2.0210137367248535,2.157297134399414,2.511592388153076,2.6217851638793945,2.2339656352996826,2.338012456893921,2.0218465328216553,2.199240207672119,1.9887372255325317,2.342186689376831,2.3947558403015137,2.4684572219848633,2.627136707305908,2.898603916168213,3.031494379043579,3.0818939208984375,3.3114235401153564,3.5063867568969727,3.6754348278045654,1.5899953842163086,1.6902451515197754,1.4194167852401733,1.6879463195800781,1.5329270362854004,1.9002970457077026,2.033799648284912,2.1899843215942383,2.378607988357544,2.564319133758545,2.7175631523132324,2.8615946769714355,3.0448153018951416,3.1953940391540527,3.4220051765441895
B10,1.2017662525177002,1.0746709108352661,1.172952651977539,0.8888484239578247,1.2172456979751587,1.0279592275619507,1.3375922441482544,1.3706371784210205,1.6863659620285034,1.5672128200531006,1.4236292839050293,1.7674267292022705,1.95414137840271,1.80559241771698,1.9189839363098145,2.075777769088745,1.756147861480713,1.5548322200775146,1.2828130722045898,1.1282657384872437,0.8474803566932678,0.5590512156486511,0.5642775893211365,0.3792347311973572,0.0,0.3801344633102417,0.5127421021461487,0.5279929041862488,0.6434179544448853,0.9245188236236572,3.024893045425415,2.8831615447998047,2.5077743530273438,2.426879405975342,2.0662498474121094,2.161987543106079,1.941867709159851,1.8529075384140015,1.6699646711349487,2.0146470069885254,2.1939210891723633,1.960288166999817,2.042619466781616,2.414041757583618,2.5232138633728027,2.555570602416992,2.63219952583313,2.3034279346466064,2.481760025024414,2.238041400909424,2.58561635017395,2.5932250022888184,2.6705262660980225,2.7855958938598633,3.0703063011169434,3.2333438396453857,3.255542755126953,3.464395761489868,3.6857950687408447,3.86618971824646,1.9545207023620605,2.0642623901367188,1.795515775680542,2.0615627765655518,1.888175129890442,2.2546255588531494,2.363243341445923,2.5084176063537598,2.6777102947235107,2.8854856491088867,3.049684762954712,3.170240879058838,3.353001356124878,3.525280475616455,3.748900890350342
B11,1.1962368488311768,1.1892110109329224,1.2971101999282837,1.0640088319778442,1.3936436176300049,1.2605993747711182,1.5780065059661865,1.5439149141311646,1.8910272121429443,1.8155765533447266,1.6219992637634277,1.9319878816604614,2.1647984981536865,2.026097536087036,2.0784332752227783,2.0819694995880127,1.7824513912200928,1.6271072626113892,1.295978307723999,1.223365306854248,0.874594509601593,0.7189297080039978,0.5751911401748657,0.5723499059677124,0.3801344633102417,0.0,0.3769763708114624,0.5465778708457947,0.532974362373352,0.6880744099617004,3.1043951511383057,2.9676883220672607,2.604396104812622,2.476055860519409,2.134803056716919,2.1823630332946777,1.9604294300079346,1.8016560077667236,1.6253589391708374,1.9732784032821655,2.094261646270752,1.820475459098816,1.9298933744430542,2.3003993034362793,2.35422420501709,2.7542612552642822,2.8292815685272217,2.4889655113220215,2.6208081245422363,2.370023250579834,2.694028615951538,2.6909725666046143,2.7153549194335938,2.8309991359710693,3.1439802646636963,3.2839601039886475,3.2717881202697754,3.500095844268799,3.740602970123291,3.8900976181030273,1.9998316764831543,2.1670262813568115,1.9251692295074463,2.1782705783843994,2.0410845279693604,2.39253306388855,2.541205883026123,2.6522300243377686,2.86007022857666,3.071441411972046,3.196444034576416,3.323647975921631,3.5357868671417236,3.6927058696746826,3.8921148777008057
B12,1.5069376230239868,1.465111494064331,1.4983967542648315,1.2001961469650269,1.469604730606079,1.265024185180664,1.5179944038391113,1.4160239696502686,1.7434555292129517,1.6419763565063477,1.389575719833374,1.6884193420410156,1.9224132299423218,1.7581838369369507,1.7652831077575684,2.3787198066711426,2.096501588821411,1.8987704515457153,1.5784168243408203,1.444501519203186,1.138074278831482,0.9167969226837158,0.6771164536476135,0.5361090898513794,0.5127421021461487,0.3769763708114624,0.0,0.36924266815185547,0.5730583667755127,0.6320160627365112,3.223715305328369,3.1252429485321045,2.754429340362549,2.65826678276062,2.317781448364258,2.4078478813171387,2.2260560989379883,2.065493583679199,1.9324921369552612,2.294499635696411,2.4025540351867676,2.142087459564209,2.2799181938171387,2.6442744731903076,2.6870570182800293,2.7067270278930664,2.8308444023132324,2.516956329345703,2.665297031402588,2.4568564891815186,2.792466402053833,2.837273120880127,2.86348819732666,3.0198678970336914,3.3194429874420166,3.433220863342285,3.4487786293029785,3.6959409713745117,3.9119606018066406,4.051782131195068,1.7474620342254639,1.943764328956604,1.7500197887420654,2.0431067943573,1.9571882486343384,2.3132710456848145,2.49513578414917,2.6420509815216064,2.8625621795654297,3.0321805477142334,3.156938314437866,3.3228235244750977,3.520102024078369,3.6444408893585205,3.8613290786743164
B13,1.685939073562622,1.5972535610198975,1.6797839403152466,1.3712027072906494,1.6577913761138916,1.4110543727874756,1.6496665477752686,1.5967416763305664,1.8859516382217407,1.7143800258636475,1.4784131050109863,1.8121118545532227,1.9882159233093262,1.7659289836883545,1.7976421117782593,2.5718414783477783,2.2569143772125244,2.0703303813934326,1.7752716541290283,1.6339960098266602,1.3347121477127075,1.0671108961105347,0.9388459324836731,0.6925618052482605,0.5279929041862488,0.5465778708457947,0.36924266815185547,0.0,0.38065922260284424,0.5721414685249329,3.4765267372131348,3.3614730834960938,2.984471082687378,2.905216693878174,2.5510668754577637,2.647738218307495,2.4387481212615967,2.312598466873169,2.138582944869995,2.485219955444336,2.6294219493865967,2.3614234924316406,2.4520986080169678,2.827173948287964,2.8891196250915527,2.8822944164276123,3.0102717876434326,2.7055704593658447,2.890516996383667,2.679762125015259,3.030412435531616,3.068122386932373,3.127498149871826,3.2671422958374023,3.5557899475097656,3.6948559284210205,3.719090461730957,3.9471657276153564,4.16324520111084,4.3253583908081055,1.9702402353286743,2.1423473358154297,1.9519191980361938,2.270002841949463,2.1675407886505127,2.5367283821105957,2.6897881031036377,2.8668341636657715,3.055314540863037,3.220315933227539,3.3784797191619873,3.5402820110321045,3.7123653888702393,3.848053455352783,4.086423397064209
