,A1,A2,A3,A4,A5,A6,A7,A8,A9,A10,A11,A12,A13,A14,A15,B1,B2,B3,B4,B5,B6,B7,B8,B9,B10,B11,B12,B13,B14,B15,C1,C2,C3,C4,C5,C6,C7,C8,C9,C10,C11,C12,C13,C14,C15,D1,D2,D3,D4,D5,D6,D7,D8,D9,D10,D11,D12,D13,D14,D15,E1,E2,E3,E4,E5,E6,E7,E8,E9,E10,E11,E12,E13,E14,E15
A1,0.0,0.3831337094306946,0.5516743063926697,0.536859393119812,0.6584898233413696,0.8871154189109802,1.0264225006103516,1.1425822973251343,1.3421021699905396,1.5070273876190186,1.6316044330596924,1.7762457132339478,1.9319554567337036,2.0541844367980957,2.2685182094573975,1.1569918394088745,0.8609843254089355,1.1540294885635376,1.3302218914031982,1.090384840965271,1.1231876611709595,1.4853297472000122,1.5707381963729858,1.5413116216659546,1.763568639755249,2.000469923019409,2.0349481105804443,2.1069538593292236,2.3295421600341797,2.5254602432250977,0.783115804195404,1.1126227378845215,1.2684190273284912,1.273750901222229,1.4176164865493774,1.6687294244766235,1.7925081253051758,1.878360390663147,2.0943918228149414,2.2787749767303467,2.36885929107666,2.4813714027404785,2.6779260635375977,2.8076987266540527,2.9796462059020996,0.8481308221817017,1.22762930393219,1.277754306793213,1.123519778251648,1.3644134998321533,1.6406508684158325,1.64090096950531,1.7067960500717163,2.0028939247131348,2.15619158744812,2.1620631217956543,2.334388256072998,2.573306083679199,2.6368494033813477,2.781970739364624,1.7365013360977173,1.4319690465927124,1.48595130443573,1.6071876287460327,1.2912148237228394,1.1470201015472412,1.5256953239440918,1.6345510482788086,1.495314359664917,1.668974757194519,1.9875746965408325,2.0263326168060303,2.034715414047241,2.2493467330932617,2.5004994869232178
A2,0.3831337094306946,0.0,0.38672032952308655,0.5618826150894165,0.5349977612495422,0.63251793384552,0.8894037008285522,1.0454497337341309,1.1437594890594482,1.2950880527496338,1.5009119510650635,1.6281930208206177,1.7179008722305298,1.865511417388916,2.115266799926758,1.2907942533493042,1.0763028860092163,1.4026038646697998,1.4910550117492676,1.2052266597747803,1.3229575157165527,1.6709684133529663,1.6706655025482178,1.641893744468689,1.9242326021194458,2.1290221214294434,2.106785535812378,2.213254928588867,2.4697937965393066,2.622403860092163,1.1441030502319336,1.4420883655548096,1.614768385887146,1.6511468887329102,1.7840524911880493,2.0245308876037598,2.1659798622131348,2.2568814754486084,2.4601242542266846,2.6479344367980957,2.7491238117218018,2.856863260269165,3.0468318462371826,3.1834347248077393,3.3596718311309814,1.1588687896728516,1.5197261571884155,1.508355736732483,1.3786067962646484,1.6749948263168335,1.9133380651474,1.8704936504364014,1.9748852252960205,2.290531873703003,2.400653839111328,2.3871333599090576,2.597449779510498,2.8332836627960205,2.855278730392456,3.002410411834717,1.8139747381210327,1.4914530515670776,1.4469623565673828,1.5863724946975708,1.3120598793029785,1.0622564554214478,1.4006073474884033,1.5566798448562622,1.3700075149536133,1.4664300680160522,1.8211827278137207,1.8809980154037476,1.8287593126296997,2.0201668739318848,2.3076727390289307
A3,0.5516743063926697,0.38672032952308655,0.0,0.39114153385162354,0.5653808116912842,0.5210747122764587,0.6395794749259949,0.9102601408958435,1.0572820901870728,1.103304147720337,1.2850914001464844,1.4920904636383057,1.5735784769058228,1.6474156379699707,1.9167780876159668,1.092560887336731,0.9173687696456909,1.2106095552444458,1.2126528024673462,0.8877077698707581,1.0598279237747192,1.3792123794555664,1.3238111734390259,1.312016487121582,1.6240181922912598,1.793623924255371,1.7544504404067993,1.8936980962753296,2.1507761478424072,2.2754323482513428,1.13864004611969,1.3763799667358398,1.6282988786697388,1.6908314228057861,1.7401864528656006,1.9796956777572632,2.1806366443634033,2.2471065521240234,2.399635076522827,2.6216213703155518,2.7566094398498535,2.8216207027435303,2.993285655975342,3.172158718109131,3.3493292331695557,1.3502103090286255,1.7172410488128662,1.776170253753662,1.6625345945358276,1.9096338748931885,2.1752870082855225,2.177187204360962,2.2561964988708496,2.5537781715393066,2.699022054672241,2.7010741233825684,2.882185459136963,3.122485876083374,3.174713611602783,3.3182883262634277,2.140204668045044,1.7974528074264526,1.776646614074707,1.9519531726837158,1.6872456073760986,1.4397261142730713,1.7735472917556763,1.9413580894470215,1.7413567304611206,1.8164658546447754,2.1835715770721436,2.2380950450897217,2.1541101932525635,2.3444879055023193,2.648613214492798
A4,0.536859393119812,0.5618826150894165,0.39114153385162354,0.0,0.40148383378982544,0.5555716156959534,0.5245786309242249,0.6754408478736877,0.9405393004417419,1.0450694561004639,1.1200015544891357,1.3139338493347168,1.4847124814987183,1.5582612752914429,1.7670482397079468,0.7374113202095032,0.5764966011047363,0.9226198792457581,0.9659386873245239,0.7408411502838135,0.9502196907997131,1.2414909601211548,1.253102421760559,1.3336293697357178,1.6001476049423218,1.7418951988220215,1.7806603908538818,1.9422539472579956,2.1414363384246826,2.2780702114105225,1.0278871059417725,1.303648591041565,1.5684605836868286,1.547498106956482,1.5638798475265503,1.8593100309371948,2.0385866165161133,2.044840097427368,2.2155113220214844,2.469630479812622,2.5682449340820312,2.6051855087280273,2.811133861541748,3.0004091262817383,3.1420373916625977,1.3365105390548706,1.7183126211166382,1.803518295288086,1.6190537214279175,1.8191660642623901,2.1317155361175537,2.1259803771972656,2.137800931930542,2.4435133934020996,2.6275830268859863,2.599579095840454,2.7427961826324463,3.01424241065979,3.087085247039795,3.194859743118286,1.9951246976852417,1.6370147466659546,1.6852253675460815,1.908635139465332,1.6656209230422974,1.4675389528274536,1.8295649290084839,2.0233042240142822,1.8909025192260742,1.9834785461425781,2.32466983795166,2.4157679080963135,2.3773536682128906,2.5448496341705322,2.836165189743042
A5,0.6584898233413696,0.5349977612495422,0.5653808116912842,0.40148383378982544,0.0,0.3826298713684082,0.5551161766052246,0.5473310947418213,0.6925281286239624,0.9204016923904419,1.0582143068313599,1.1407978534698486,1.2967615127563477,1.4649988412857056,1.6610664129257202,0.951589047908783,0.876186728477478,1.2540411949157715,1.3029510974884033,1.1191380023956299,1.350053071975708,1.629501223564148,1.6246708631515503,1.7192895412445068,1.9982606172561646,2.124202013015747,2.1501712799072266,2.3276281356811523,2.5330429077148438,2.6526846885681152,1.3182212114334106,1.63792884349823,1.8556112051010132,1.8007906675338745,1.8685404062271118,2.1780784130096436,2.3124687671661377,2.3155434131622314,2.5262269973754883,2.7692031860351562,2.831388235092163,2.885558605194092,3.1172072887420654,3.283034563064575,3.408877372741699,1.4753390550613403,1.8545458316802979,1.8618494272232056,1.6382607221603394,1.8901664018630981,2.1836090087890625,2.1057093143463135,2.1233255863189697,2.466200351715088,2.613149881362915,2.536184072494507,2.7095749378204346,2.9964537620544434,3.023782253265381,3.1111702919006348,1.7510814666748047,1.3770115375518799,1.3694796562194824,1.631363868713379,1.4486541748046875,1.208497405052185,1.5428054332733154,1.7924375534057617,1.691339135169983,1.7324429750442505,2.063586473464966,2.206655740737915,2.1675500869750977,2.2867512702941895,2.5858004093170166
A6,0.8871154189109802,0.63251793384552,0.5210747122764587,0.5555716156959534,0.3826298713684082,0.0,0.3906775116920471,0.5552452802658081,0.5601053237915039,0.6648711562156677,0.9125578999519348,1.0397299528121948,1.0934162139892578,1.2383500337600708,1.4993489980697632,1.1036309003829956,1.0853543281555176,1.4315948486328125,1.3800204992294312,1.1407867670059204,1.4231882095336914,1.6787322759628296,1.5835949182510376,1.6691532135009766,1.9955482482910156,2.087982654571533,2.054567813873291,2.261472702026367,2.4949123859405518,2.569197177886963,1.5508015155792236,1.8259953260421753,2.077014207839966,2.0752317905426025,2.11621356010437,2.4019389152526855,2.577911138534546,2.5951175689697266,2.770742654800415,3.019864797592163,3.1162188053131104,3.158660411834717,3.3665037155151367,3.5520527362823486,3.693518877029419,1.7333844900131226,2.10992169380188,2.116955280303955,1.9386314153671265,2.209397077560425,2.4843757152557373,2.416287660598755,2.466865301132202,2.804858684539795,2.936190128326416,2.873361825942993,3.063871145248413,3.338149309158325,3.3549981117248535,3.4571192264556885,2.0687637329101562,1.6970950365066528,1.6255815029144287,1.8810378313064575,1.7122818231582642,1.4149091243743896,1.704216480255127,1.9648348093032837,1.8092821836471558,1.7925443649291992,2.1524813175201416,2.288970708847046,2.1860663890838623,2.2957704067230225,2.625373601913452
A7,1.0264225006103516,0.8894037008285522,0.6395794749259949,0.5245786309242249,0.5551161766052246,0.3906775116920471,0.0,0.38321200013160706,0.5700881481170654,0.540297269821167,0.6466426849365234,0.8888789415359497,1.0045987367630005,1.0442527532577515,1.286465048789978,0.8157167434692383,0.8918042182922363,1.1947638988494873,1.0674583911895752,0.8765824437141418,1.2198539972305298,1.408961534500122,1.293910026550293,1.450678825378418,1.7656484842300415,1.8040810823440552,1.7989919185638428,2.043630599975586,2.240140438079834,2.2937369346618652,1.5272035598754883,1.7628568410873413,2.06148624420166,2.045661687850952,2.013739824295044,2.312398672103882,2.517692804336548,2.4922797679901123,2.6331279277801514,2.9166676998138428,3.0216174125671387,3.018918037414551,3.224015712738037,3.4438412189483643,3.569309711456299,1.8546688556671143,2.2364730834960938,2.302476644515991,2.1136131286621094,2.3309614658355713,2.6404786109924316,2.6074442863464355,2.6164486408233643,2.9390621185302734,3.112963914871216,3.0564630031585693,3.207624912261963,3.4940080642700195,3.5465219020843506,3.635040760040283,2.2865612506866455,1.9056727886199951,1.895351767539978,2.1753978729248047,2.0002224445343018,1.740468978881836,2.0531013011932373,2.3095455169677734,2.16762638092041,2.173407554626465,2.5290579795837402,2.661546468734741,2.568385124206543,2.685224771499634,3.011876106262207
A8,1.1425822973251343,1.0454497337341309,0.9102601408958435,0.6754408478736877,0.5473310947418213,0.5552452802658081,0.38321200013160706,0.0,0.38647547364234924,0.5534220337867737,0.5401996374130249,0.6459197998046875,0.8750575184822083,0.9933046102523804,1.1427006721496582,0.7700604200363159,0.9259539246559143,1.2544314861297607,1.178409218788147,1.0995453596115112,1.4329783916473389,1.601731300354004,1.5433024168014526,1.7460150718688965,2.024653434753418,2.0491878986358643,2.093877077102661,2.3439271450042725,2.504237174987793,2.565535306930542,1.6450719833374023,1.9207384586334229,2.1943068504333496,2.112025737762451,2.0897505283355713,2.4250364303588867,2.5876688957214355,2.522665023803711,2.6971068382263184,2.9906790256500244,3.049133777618408,3.038172960281372,3.2796521186828613,3.489762783050537,3.5808889865875244,1.9435383081436157,2.325500011444092,2.3700809478759766,2.125835657119751,2.3327622413635254,2.6564042568206787,2.584808588027954,2.552095890045166,2.892287492752075,3.071007013320923,2.970407485961914,3.107844352722168,3.419943332672119,3.462855815887451,3.5142440795898438,2.092538356781006,1.7064257860183716,1.7188820838928223,2.044959545135498,1.9230353832244873,1.688469409942627,1.991725206375122,2.2831156253814697,2.2020456790924072,2.197972536087036,2.5234615802764893,2.7009992599487305,2.640554189682007,2.7198798656463623,3.03576922416687
A9,1.3421021699905396,1.1437594890594482,1.0572820901870728,0.9405393004417419,0.6925281286239624,0.5601053237915039,0.5700881481170654,0.38647547364234924,0.0,0.3826235234737396,0.5632163286209106,0.5169172286987305,0.6121649742126465,0.8494768738746643,1.0339384078979492,1.1550556421279907,1.2966715097427368,1.6331440210342407,1.5399318933486938,1.4216198921203613,1.7619774341583252,1.9413474798202515,1.838080644607544,2.01813006401062,2.327895164489746,2.345460891723633,2.345562219619751,2.6065046787261963,2.7935287952423096,2.8283679485321045,1.9503390789031982,2.2372183799743652,2.49752140045166,2.432279109954834,2.440415859222412,2.766871452331543,2.924412488937378,2.8791799545288086,3.0635480880737305,3.3457069396972656,3.4039418697357178,3.4083733558654785,3.649627923965454,3.8498876094818115,3.946950674057007,2.167414665222168,2.546891689300537,2.544023036956787,2.307324171066284,2.558563232421875,2.8555057048797607,2.746823310852051,2.743475914001465,3.1014554500579834,3.243100881576538,3.1236093044281006,3.2940053939819336,3.603426218032837,3.608433723449707,3.6590185165405273,2.137504816055298,1.7558026313781738,1.6862120628356934,2.0219035148620605,1.9504222869873047,1.6663671731948853,1.9116038084030151,2.2377963066101074,2.1501803398132324,2.079561471939087,2.403472661972046,2.6096765995025635,2.515388011932373,2.551806926727295,2.884056806564331
A10,1.5070273876190186,1.2950880527496338,1.103304147720337,1.0450694561004639,0.9204016923904419,0.6648711562156677,0.540297269821167,0.5534220337867737,0.3826235234737396,0.0,0.38899609446525574,0.5332211852073669,0.4894641041755676,0.5746926665306091,0.8602997660636902,1.206093192100525,1.3817325830459595,1.6691534519195557,1.4882758855819702,1.351456642150879,1.7218915224075317,1.8563605546951294,1.6826868057250977,1.8726544380187988,2.201301336288452,2.173961877822876,2.137594699859619,2.4278416633605957,2.618227005004883,2.609196186065674,2.0629537105560303,2.302678346633911,2.6002442836761475,2.573120594024658,2.538672924041748,2.8460540771484375,3.046677589416504,3.003042697906494,3.145134687423706,3.4403090476989746,3.5329623222351074,3.5148167610168457,3.7308454513549805,3.9583096504211426,4.0666608810424805,2.3505611419677734,2.732694387435913,2.760969400405884,2.5567219257354736,2.7996182441711426,3.100019931793213,3.024549722671509,3.0332908630371094,3.3778858184814453,3.530484199523926,3.436964273452759,3.603337287902832,3.9039084911346436,3.924398899078369,3.9904704093933105,2.505049705505371,2.1219534873962402,2.050579786300659,2.3702034950256348,2.2724952697753906,1.9732686281204224,2.220240831375122,2.530808687210083,2.400744915008545,2.3231348991394043,2.6691648960113525,2.8500003814697266,2.719005584716797,2.770446300506592,3.118009567260742
A11,1.6316044330596924,1.5009119510650635,1.2850914001464844,1.1200015544891357,1.0582143068313599,0.9125578999519348,0.6466426849365234,0.5401996374130249,0.5632163286209106,0.38899609446525574,0.0,0.38283205032348633,0.5481441617012024,0.4947739243507385,0.6502441167831421,1.0232268571853638,1.2903891801834106,1.5309863090515137,1.3229681253433228,1.289247751235962,1.6721259355545044,1.742516279220581,1.5925205945968628,1.8509482145309448,2.1394808292388916,2.067533016204834,2.085361957550049,2.3962154388427734,2.534078598022461,2.5184743404388428,2.0762062072753906,2.300511598587036,2.6135201454162598,2.5497560501098633,2.4688634872436523,2.7946770191192627,2.994598388671875,2.9041130542755127,3.0323381423950195,3.3529248237609863,3.4307332038879395,3.3753581047058105,3.602426052093506,3.848832368850708,3.9290807247161865,2.4427154064178467,2.8253650665283203,2.888402223587036,2.657792329788208,2.855776309967041,3.184561014175415,3.1233415603637695,3.0861656665802,3.4216837882995605,3.608673572540283,3.506685733795166,3.635585308074951,3.9523775577545166,3.9992785453796387,4.042100429534912,2.587409019470215,2.202415704727173,2.1921274662017822,2.5354583263397217,2.4402060508728027,2.1820693016052246,2.4546403884887695,2.7656850814819336,2.6664891242980957,2.6183226108551025,2.9525833129882812,3.1403491497039795,3.038790702819824,3.0941834449768066,3.431001663208008
A12,1.7762457132339478,1.6281930208206177,1.4920904636383057,1.3139338493347168,1.1407978534698486,1.0397299528121948,0.8888789415359497,0.6459197998046875,0.5169172286987305,0.5332211852073669,0.38283205032348633,0.0,0.37804290652275085,0.5500532984733582,0.5697776675224304,1.2426443099975586,1.5058715343475342,1.7801891565322876,1.6264528036117554,1.6115561723709106,1.9813209772109985,2.0733723640441895,1.954789161682129,2.209327459335327,2.493185043334961,2.4344117641448975,2.4633123874664307,2.7675209045410156,2.903993844985962,2.896923780441284,2.2818315029144287,2.544246196746826,2.8294503688812256,2.7326903343200684,2.6842751502990723,3.028447151184082,3.1928136348724365,3.0930638313293457,3.255540132522583,3.570692539215088,3.615018129348755,3.5703439712524414,3.8228933811187744,4.050732135772705,4.112940788269043,2.5804708003997803,2.9610259532928467,2.9852356910705566,2.7245075702667236,2.9374873638153076,3.259093761444092,3.154078483581543,3.1054043769836426,3.459275960922241,3.6283252239227295,3.4880974292755127,3.6243855953216553,3.95461368560791,3.9746041297912598,3.9917423725128174,2.4570112228393555,2.0812058448791504,2.0496997833251953,2.418839454650879,2.383411407470703,2.127596616744995,2.3626487255096436,2.7048792839050293,2.645562171936035,2.5656845569610596,2.872237205505371,3.100290298461914,3.0100202560424805,3.0213518142700195,3.352203607559204
A13,1.9319554567337036,1.7179008722305298,1.5735784769058228,1.4847124814987183,1.2967615127563477,1.0934162139892578,1.0045987367630005,0.8750575184822083,0.6121649742126465,0.4894641041755676,0.5481441617012024,0.37804290652275085,0.0,0.3848898708820343,0.5447388887405396,1.532631754875183,1.7668689489364624,2.046776294708252,1.8614881038665771,1.7881183624267578,2.1667943000793457,2.2675204277038574,2.0949325561523438,2.3201472759246826,2.6360034942626953,2.569929838180542,2.5455057621002197,2.8585524559020996,3.024698257446289,2.98744797706604,2.497361421585083,2.7515547275543213,3.042579412460327,2.9825847148895264,2.9453864097595215,3.272047519683838,3.4544739723205566,3.3817577362060547,3.535123586654663,3.842535972595215,3.90875244140625,3.874849319458008,4.111741065979004,4.341235637664795,4.4227070808410645,2.766300678253174,3.147824764251709,3.1532204151153564,2.9192230701446533,3.1643261909484863,3.4664273262023926,3.355289936065674,3.342503070831299,3.7019615173339844,3.847032070159912,3.714102029800415,3.8779191970825195,4.196646213531494,4.196844100952148,4.230369567871094,2.6593515872955322,2.286909341812134,2.195681095123291,2.5491466522216797,2.5223822593688965,2.225111246109009,2.423673152923584,2.772217273712158,2.6809334754943848,2.5563907623291016,2.872551202774048,3.099658966064453,2.9665825366973877,2.959897518157959,3.3072001934051514
A14,2.0541844367980957,1.865511417388916,1.6474156379699707,1.5582612752914429,1.4649988412857056,1.2383500337600708,1.0442527532577515,0.9933046102523804,0.8494768738746643,0.5746926665306091,0.4947739243507385,0.5500532984733582,0.3848898708820343,0.0,0.37148168683052063,1.5047509670257568,1.7734888792037964,1.9971524477005005,1.7472742795944214,1.696031928062439,2.085352897644043,2.1287894248962402,1.9167203903198242,2.1669235229492188,2.4738457202911377,2.3582687377929688,2.326265811920166,2.6633355617523193,2.808837890625,2.7351791858673096,2.5387656688690186,2.750166416168213,3.0714263916015625,3.028871536254883,2.9444730281829834,3.258892297744751,3.4735076427459717,3.388259172439575,3.5021309852600098,3.825434446334839,3.9148972034454346,3.851668119430542,4.06927490234375,4.325622081756592,4.407891273498535,2.88702130317688,3.2702980041503906,3.3157057762145996,3.097625970840454,3.3186392784118652,3.6350669860839844,3.5597736835479736,3.540377616882324,3.884512424468994,4.053821086883545,3.9435267448425293,4.089497089385986,4.405733108520508,4.432834625244141,4.474534511566162,2.9552500247955322,2.574998378753662,2.5134565830230713,2.8612349033355713,2.799680233001709,2.507720470428467,2.734354019165039,3.0655033588409424,2.9508144855499268,2.847428560256958,3.181504011154175,3.383897304534912,3.240751266479492,3.2610437870025635,3.6139371395111084
A15,2.2685182094573975,2.115266799926758,1.9167780876159668,1.7670482397079468,1.6610664129257202,1.4993489980697632,1.286465048789978,1.1427006721496582,1.0339384078979492,0.8602997660636902,0.6502441167831421,0.5697776675224304,0.5447388887405396,0.37148168683052063,0.0,1.5856696367263794,1.8998106718063354,2.104248285293579,1.865515947341919,1.8869521617889404,2.272820234298706,2.284785509109497,2.1057424545288086,2.394571542739868,2.670383930206299,2.5313074588775635,2.5417513847351074,2.886425733566284,2.993623733520508,2.918522596359253,2.714979887008667,2.933159351348877,3.250473737716675,3.1695737838745117,3.0699315071105957,3.40311336517334,3.5999367237091064,3.4786109924316406,3.5976057052612305,3.93467378616333,3.997523307800293,3.9124183654785156,4.148752212524414,4.409208297729492,4.461674213409424,3.079814910888672,3.4622044563293457,3.5112967491149902,3.263385534286499,3.4626755714416504,3.7930495738983154,3.706372022628784,3.6521410942077637,3.9977951049804688,4.1805620193481445,4.04637336730957,4.170402526855469,4.503100395202637,4.534451961517334,4.547300815582275,3.017378807067871,2.6447763442993164,2.6106741428375244,2.9819750785827637,2.950144052505493,2.6841509342193604,2.908222198486328,3.253582715988159,3.1756632328033447,3.075181007385254,3.3894546031951904,3.6153316497802734,3.495198965072632,3.4969520568847656,3.840602159500122
B1,1.1569918394088745,1.2907942533493042,1.092560887336731,0.7374113202095032,0.951589047908783,1.1036309003829956,0.8157167434692383,0.7700604200363159,1.1550556421279907,1.206093192100525,1.0232268571853638,1.2426443099975586,1.532631754875183,1.5047509670257568,1.5856696367263794,0.0,0.3796950578689575,0.5484585165977478,0.5240617394447327,0.6703673005104065,0.9192625880241394,1.002056360244751,1.0897971391677856,1.3500217199325562,1.5112398862838745,1.5361586809158325,1.7017723321914673,1.915623664855957,1.989869236946106,2.1075868606567383,1.2426248788833618,1.439584493637085,1.7448762655258179,1.6247305870056152,1.4914883375167847,1.8384233713150024,2.0221757888793945,1.8953849077224731,2.0234076976776123,2.3526594638824463,2.4176182746887207,2.35260009765625,2.5879321098327637,2.8324954509735107,2.905989646911621,1.7517439126968384,2.1053385734558105,2.264049530029297,2.028217315673828,2.1100006103515625,2.476921558380127,2.498727560043335,2.402009963989258,2.679553508758545,2.936755895614624,2.8847768306732178,2.940804958343506,3.2464349269866943,3.373265504837036,3.4247002601623535,2.286982536315918,1.9336704015731812,2.0834219455718994,2.3642237186431885,2.1653714179992676,2.0373728275299072,2.4040863513946533,2.6187801361083984,2.549182176589966,2.6493048667907715,2.9638373851776123,3.0851683616638184,3.077127695083618,3.221801996231079,3.5047335624694824
B2,0.8609843254089355,1.0763028860092163,0.9173687696456909,0.5764966011047363,0.876186728477478,1.0853543281555176,0.8918042182922363,0.9259539246559143,1.2966715097427368,1.3817325830459595,1.2903891801834106,1.5058715343475342,1.7668689489364624,1.7734888792037964,1.8998106718063354,0.3796950578689575,0.0,0.3830625116825104,0.5680526494979858,0.5807541608810425,0.7037450075149536,0.9073450565338135,1.0655218362808228,1.229190707206726,1.3782227039337158,1.499225378036499,1.6568243503570557,1.8056069612503052,1.911041259765625,2.083784818649292,0.8653969168663025,1.0864378213882446,1.379913330078125,1.277006983757019,1.1827356815338135,1.523611307144165,1.7049108743667603,1.6257288455963135,1.7747585773468018,2.075719118118286,2.155468225479126,2.135479211807251,2.3596293926239014,2.5801308155059814,2.6859471797943115,1.3844527006149292,1.7343991994857788,1.9090789556503296,1.6965241432189941,1.7725502252578735,2.133573293685913,2.182140827178955,2.1073710918426514,2.370669364929199,2.6258955001831055,2.6063320636749268,2.6703009605407715,2.9553117752075195,3.090864896774292,3.1705479621887207,2.1387109756469727,1.804043173789978,1.9648940563201904,2.194645404815674,1.947064757347107,1.8445922136306763,2.2283220291137695,2.396820068359375,2.3146536350250244,2.4575963020324707,2.7687084674835205,2.8540232181549072,2.8635191917419434,3.0417511463165283,3.3071305751800537
B3,1.1540294885635376,1.4026038646697998,1.2106095552444458,0.9226198792457581,1.2540411949157715,1.4315948486328125,1.1947638988494873,1.2544314861297607,1.6331440210342407,1.6691534519195557,1.5309863090515137,1.7801891565322876,2.046776294708252,1.9971524477005005,2.104248285293579,0.5484585165977478,0.3830625116825104,0.0,0.39836186170578003,0.5796665549278259,0.5588495135307312,0.6422561407089233,0.9075601696968079,1.0917614698410034,1.1429293155670166,1.2529311180114746,1.478875756263733,1.6024450063705444,1.6468089818954468,1.8439165353775024,0.8859386444091797,0.9812331199645996,1.3016403913497925,1.201680064201355,0.9943107962608337,1.31987726688385,1.5389909744262695,1.4196784496307373,1.5050450563430786,1.8360830545425415,1.939510464668274,1.8718827962875366,2.0758140087127686,2.3319449424743652,2.4325764179229736,1.514539361000061,1.8219804763793945,2.0580694675445557,1.8749042749404907,1.879533052444458,2.2443907260894775,2.3476333618164062,2.249610185623169,2.465636968612671,2.7543375492095947,2.7656521797180176,2.787579298019409,3.0587947368621826,3.235452890396118,3.316800594329834,2.4321703910827637,2.1192526817321777,2.3111798763275146,2.524261474609375,2.2600154876708984,2.187340259552002,2.576298475265503,2.718384027481079,2.6324679851531982,2.799231767654419,3.107583999633789,3.1699538230895996,3.1863491535186768,3.384443521499634,3.6415929794311523
B4,1.3302218914031982,1.4910550117492676,1.2126528024673462,0.9659386873245239,1.3029510974884033,1.3800204992294312,1.0674583911895752,1.178409218788147,1.5399318933486938,1.4882758855819702,1.3229681253433228,1.6264528036117554,1.8614881038665771,1.7472742795944214,1.865515947341919,0.5240617394447327,0.5680526494979858,0.39836186170578003,0.0,0.3945251703262329,0.560680091381073,0.49909234046936035,0.6198269724845886,0.9103437066078186,1.017496943473816,1.020658254623413,1.2237234115600586,1.426647663116455,1.4713466167449951,1.5996407270431519,1.1934157609939575,1.2502716779708862,1.608237624168396,1.5648242235183716,1.3386170864105225,1.6223036050796509,1.8844377994537354,1.7715494632720947,1.8035550117492676,2.1437745094299316,2.2787535190582275,2.1812405586242676,2.355107307434082,2.64070463180542,2.7437870502471924,1.8192791938781738,2.1421940326690674,2.3675239086151123,2.2005293369293213,2.24129056930542,2.5978710651397705,2.6926181316375732,2.6163153648376465,2.8451082706451416,3.121068000793457,3.128610849380493,3.167726993560791,3.4405930042266846,3.6044018268585205,3.688405752182007,2.701659679412842,2.3624765872955322,2.512310743331909,2.752948045730591,2.50356388092041,2.3776345252990723,2.756052255630493,2.927793502807617,2.8120107650756836,2.9384641647338867,3.2716503143310547,3.3430581092834473,3.317538261413574,3.504336357116699,3.7882158756256104
B5,1.090384840965271,1.2052266597747803,0.8877077698707581,0.7408411502838135,1.1191380023956299,1.1407867670059204,0.8765824437141418,1.0995453596115112,1.4216198921203613,1.351456642150879,1.289247751235962,1.6115561723709106,1.7881183624267578,1.696031928062439,1.8869521617889404,0.6703673005104065,0.5807541608810425,0.5796665549278259,0.3945251703262329,0.0,0.3897755444049835,0.5394232273101807,0.5274366140365601,0.6984668374061584,0.9296295046806335,1.0129222869873047,1.1052316427230835,1.294668197631836,1.4396052360534668,1.5688940286636353,1.067780613899231,1.138197422027588,1.5068250894546509,1.5387849807739258,1.378006935119629,1.6273316144943237,1.9090561866760254,1.8740359544754028,1.9190919399261475,2.2204549312591553,2.387723684310913,2.343029260635376,2.4925832748413086,2.755002498626709,2.9014787673950195,1.6454877853393555,1.9811525344848633,2.1861612796783447,2.058971405029297,2.1519036293029785,2.4825496673583984,2.575997829437256,2.555985450744629,2.7947957515716553,3.0377490520477295,3.064466714859009,3.1456761360168457,3.3996028900146484,3.540531635284424,3.6563708782196045,2.640164375305176,2.2961087226867676,2.3976545333862305,2.6124250888824463,2.341282606124878,2.179957866668701,2.550931930541992,2.7092795372009277,2.552616834640503,2.6714699268341064,3.021089553833008,3.0702450275421143,3.018752336502075,3.2201318740844727,3.5112478733062744
B6,1.1231876611709595,1.3229575157165527,1.0598279237747192,0.9502196907997131,1.350053071975708,1.4231882095336914,1.2198539972305298,1.4329783916473389,1.7619774341583252,1.7218915224075317,1.6721259355545044,1.9813209772109985,2.1667943000793457,2.085352897644043,2.272820234298706,0.9192625880241394,0.7037450075149536,0.5588495135307312,0.560680091381073,0.3897755444049835,0.0,0.3805517554283142,0.572405993938446,0.5855244994163513,0.6981099247932434,0.909990131855011,1.0477542877197266,1.1258224248886108,1.2592085599899292,1.4717341661453247,0.8406432271003723,0.8056387901306152,1.1869001388549805,1.2610411643981934,1.070379376411438,1.2723153829574585,1.5825896263122559,1.5770848989486694,1.5903319120407104,1.8738397359848022,2.0729758739471436,2.040894031524658,2.1593379974365234,2.4188907146453857,2.590693235397339,1.4739184379577637,1.7664251327514648,2.0218420028686523,1.9367005825042725,1.978243112564087,2.297544002532959,2.4445855617523193,2.427165985107422,2.6218154430389404,2.8795573711395264,2.948559284210205,3.008903741836548,3.2358765602111816,3.406649351119995,3.5422563552856445,2.700756549835205,2.3875160217285156,2.5196890830993652,2.688701868057251,2.3799684047698975,2.2642674446105957,2.645232915878296,2.7515573501586914,2.5922069549560547,2.7599380016326904,3.096421718597412,3.105870008468628,3.079209089279175,3.3151137828826904,3.5817503929138184
B7,1.4853297472000122,1.6709684133529663,1.3792123794555664,1.2414909601211548,1.629501223564148,1.6787322759628296,1.408961534500122,1.601731300354004,1.9413474798202515,1.8563605546951294,1.742516279220581,2.0733723640441895,2.2675204277038574,2.1287894248962402,2.284785509109497,1.002056360244751,0.9073450565338135,0.6422561407089233,0.49909234046936035,0.5394232273101807,0.3805517554283142,0.0,0.38993924856185913,0.551001250743866,0.5331942439079285,0.6174606680870056,0.859408438205719,0.9784986972808838,1.0139250755310059,1.2065778970718384,1.1610292196273804,1.0648647546768188,1.4389622211456299,1.4907729625701904,1.216021180152893,1.3962905406951904,1.7252662181854248,1.6622062921524048,1.6059935092926025,1.9232858419418335,2.1320743560791016,2.034273147583008,2.1335620880126953,2.4367008209228516,2.58484148979187,1.8220762014389038,2.09600830078125,2.371615171432495,2.2789573669433594,2.286202907562256,2.614949941635132,2.77421498298645,2.7276501655578613,2.9068589210510254,3.1869235038757324,3.253471612930298,3.2847750186920166,3.517395257949829,3.7084145545959473,3.8287479877471924,3.001307725906372,2.68310546875,2.8315179347991943,3.023409366607666,2.728358507156372,2.6146552562713623,2.9968955516815186,3.117619514465332,2.9651553630828857,3.1234066486358643,3.462496280670166,3.48117995262146,3.449209213256836,3.677727222442627,3.9511501789093018
B8,1.5707381963729858,1.6706655025482178,1.3238111734390259,1.253102421760559,1.6246708631515503,1.5835949182510376,1.293910026550293,1.5433024168014526,1.838080644607544,1.6826868057250977,1.5925205945968628,1.954789161682129,2.0949325561523438,1.9167203903198242,2.1057424545288086,1.0897971391677856,1.0655218362808228,0.9075601696968079,0.6198269724845886,0.5274366140365601,0.572405993938446,0.38993924856185913,0.0,0.3856816589832306,0.56630939245224,0.5112665891647339,0.6125218868255615,0.8570235371589661,0.9629785418510437,1.049147129058838,1.4123777151107788,1.3448203802108765,1.726420521736145,1.8150100708007812,1.575729250907898,1.7432781457901,2.081364154815674,2.0422005653381348,1.9860730171203613,2.291656255722046,2.513237237930298,2.4210126399993896,2.5073089599609375,2.8115696907043457,2.968658685684204,2.0298452377319336,2.3255248069763184,2.571970224380493,2.4907522201538086,2.5486507415771484,2.866786241531372,3.005448579788208,2.9891481399536133,3.191849708557129,3.4488470554351807,3.508251905441284,3.5700008869171143,3.8047962188720703,3.971818208694458,4.099916934967041,3.160968065261841,2.8212037086486816,2.923038959503174,3.130161762237549,2.846790313720703,2.68267822265625,3.0493412017822266,3.192613363265991,3.0095434188842773,3.1281614303588867,3.487830638885498,3.51174259185791,3.438101053237915,3.6557857990264893,3.9518983364105225
B9,1.5413116216659546,1.641893744468689,1.312016487121582,1.3336293697357178,1.7192895412445068,1.6691532135009766,1.450678825378418,1.7460150718688965,2.01813006401062,1.8726544380187988,1.8509482145309448,2.209327459335327,2.3201472759246826,2.1669235229492188,2.394571542739868,1.3500217199325562,1.229190707206726,1.0917614698410034,0.9103437066078186,0.6984668374061584,0.5855244994163513,0.551001250743866,0.3856816589832306,0.0,0.3831515908241272,0.5452253818511963,0.5045702457427979,0.6113954186439514,0.8407324552536011,0.9885752201080322,1.3394253253936768,1.212275743484497,1.5776222944259644,1.7447724342346191,1.5382596254348755,1.6356687545776367,1.9948831796646118,2.0238664150238037,1.9516000747680664,2.2110190391540527,2.472341775894165,2.4201531410217285,2.465336322784424,2.7497751712799072,2.949483871459961,1.9120690822601318,2.177138566970825,2.432389259338379,2.40901780128479,2.4716873168945312,2.7566184997558594,2.923905372619629,2.9478671550750732,3.128117561340332,3.3673295974731445,3.4640355110168457,3.541067600250244,3.744615316390991,3.9120044708251953,4.072157382965088,3.2179791927337646,2.8945064544677734,2.980405330657959,3.1443653106689453,2.830674648284912,2.6688406467437744,3.0291075706481934,3.1321582794189453,2.918562650680542,3.0560739040374756,3.4166765213012695,3.3996455669403076,3.3187530040740967,3.56585693359375,3.851195812225342
B10,1.763568639755249,1.9242326021194458,1.6240181922912598,1.6001476049423218,1.9982606172561646,1.9955482482910156,1.7656484842300415,2.024653434753418,2.327895164489746,2.201301336288452,2.1394808292388916,2.493185043334961,2.6360034942626953,2.4738457202911377,2.670383930206299,1.5112398862838745,1.3782227039337158,1.1429293155670166,1.017496943473816,0.9296295046806335,0.6981099247932434,0.5331942439079285,0.56630939245224,0.3831515908241272,0.0,0.3917180299758911,0.5349553823471069,0.47843798995018005,0.5712271332740784,0.8335390686988831,1.3897061347961426,1.1756324768066406,1.5202245712280273,1.6859421730041504,1.420345664024353,1.4634616374969482,1.8391603231430054,1.8511111736297607,1.7154008150100708,1.9737505912780762,2.256903886795044,2.1748850345611572,2.1837680339813232,2.4879682064056396,2.6871705055236816,1.9987976551055908,2.221177577972412,2.518592357635498,2.5060880184173584,2.508646011352539,2.7933363914489746,2.99873685836792,2.997709274291992,3.1387789249420166,3.403359889984131,3.5212669372558594,3.5617825984954834,3.7527847290039062,3.9535069465637207,4.111774921417236,3.385874032974243,3.080227851867676,3.204669952392578,3.3570690155029297,3.0313034057617188,2.9090497493743896,3.2806222438812256,3.3616573810577393,3.164646625518799,3.3331775665283203,3.6804425716400146,3.6503608226776123,3.595285177230835,3.856224536895752,4.124943256378174
B11,2.000469923019409,2.1290221214294434,1.793623924255371,1.7418951988220215,2.124202013015747,2.087982654571533,1.8040810823440552,2.0491878986358643,2.345460891723633,2.173961877822876,2.067533016204834,2.4344117641448975,2.569929838180542,2.3582687377929688,2.5313074588775635,1.5361586809158325,1.499225378036499,1.2529311180114746,1.020658254623413,1.0129222869873047,0.909990131855011,0.6174606680870056,0.5112665891647339,0.5452253818511963,0.3917180299758911,0.0,0.3759373128414154,0.5321645736694336,0.4795551896095276,0.5912954807281494,1.6942986249923706,1.5177831649780273,1.8739075660705566,1.9982856512069702,1.7038761377334595,1.7816574573516846,2.148221731185913,2.1084108352661133,1.9588000774383545,2.2487404346466064,2.513970375061035,2.3844072818756104,2.4022247791290283,2.733780860900879,2.8999743461608887,2.327540874481201,2.5724802017211914,2.860748529434204,2.8184502124786377,2.8272130489349365,3.1305830478668213,3.317262649536133,3.2962584495544434,3.453678846359253,3.7276268005371094,3.822429656982422,3.855996608734131,4.0669965744018555,4.2663140296936035,4.4053955078125,3.5967464447021484,3.2722222805023193,3.393709421157837,3.5818209648132324,3.2790582180023193,3.1368207931518555,3.507420063018799,3.6224987506866455,3.4301884174346924,3.570781946182251,3.92771577835083,3.9230599403381348,3.852144718170166,4.092156887054443,4.378541469573975
B12,2.0349481105804443,2.106785535812378,1.7544504404067993,1.7806603908538818,2.1501712799072266,2.054567813873291,1.7989919185638428,2.093877077102661,2.345562219619751,2.137594699859619,2.085361957550049,2.4633123874664307,2.5455057621002197,2.326265811920166,2.5417513847351074,1.7017723321914673,1.6568243503570557,1.478875756263733,1.2237234115600586,1.1052316427230835,1.0477542877197266,0.859408438205719,0.6125218868255615,0.5045702457427979,0.5349553823471069,0.3759373128414154,0.0,0.37846115231513977,0.5443342328071594,0.528009295463562,1.8257250785827637,1.6607275009155273,2.0146565437316895,2.1869494915008545,1.9367008209228516,1.9961868524551392,2.3708765506744385,2.3771634101867676,2.2412261962890625,2.5043632984161377,2.7875730991363525,2.6897342205047607,2.693723678588867,3.0089845657348633,3.2008607387542725,2.407764196395874,2.6572344303131104,2.923231601715088,2.9099316596984863,2.9594345092773438,3.2419300079345703,3.4215519428253174,3.439826011657715,3.6083154678344727,3.855844497680664,3.958930253982544,4.024117469787598,4.2247748374938965,4.403443336486816,4.562080383300781,3.7040786743164062,3.3722903728485107,3.45333194732666,3.631903648376465,3.3260245323181152,3.1505227088928223,3.504401922225952,3.617433547973633,3.3920302391052246,3.5109071731567383,3.8799448013305664,3.86161732673645,3.7577617168426514,4.000556468963623,4.296693325042725
B13,2.1069538593292236,2.213254928588867,1.8936980962753296,1.9422539472579956,2.3276281356811523,2.261472702026367,2.043630599975586,2.3439271450042725,2.6065046787261963,2.4278416633605957,2.3962154388427734,2.7675209045410156,2.8585524559020996,2.6633355617523193,2.886425733566284,1.915623664855957,1.8056069612503052,1.6024450063705444,1.426647663116455,1.294668197631836,1.1258224248886108,0.9784986972808838,0.8570235371589661,0.6113954186439514,0.47843798995018005,0.5321645736694336,0.37846115231513977,0.0,0.37809592485427856,0.5441065430641174,1.7967132329940796,1.5659427642822266,1.8832145929336548,2.100533962249756,1.8552535772323608,1.8420989513397217,2.2257156372070312,2.2714860439300537,2.1017847061157227,2.3234493732452393,2.6384966373443604,2.559206962585449,2.517733335494995,2.8205578327178955,3.0409252643585205,2.351924180984497,2.555806875228882,2.8440990447998047,2.8736374378204346,2.8960981369018555,3.1529059410095215,3.3684051036834717,3.400587558746338,3.5334620475769043,3.7792916297912598,3.9172170162200928,3.9742016792297363,4.146035194396973,4.34039831161499,4.5190582275390625,3.7887492179870605,3.4785540103912354,3.570899248123169,3.713745594024658,3.3826582431793213,3.2326877117156982,3.587891101837158,3.6611435413360596,3.4280457496643066,3.5782411098480225,3.937321662902832,3.8847856521606445,3.7943315505981445,4.063972473144531,4.340578079223633
