,A1,A2,A3,A4,A5,A6,A7,A8,A9,A10,A11,A12,A13,A14,A15,B1,B2,B3,B4,B5,B6,B7,B8,B9,B10,B11,B12,B13,B14,B15,C1,C2,C3,C4,C5,C6,C7,C8,C9,C10,C11,C12,C13,C14,C15,D1,D2,D3,D4,D5,D6,D7,D8,D9,D10,D11,D12,D13,D14,D15,E1,E2,E3,E4,E5,E6,E7,E8,E9,E10,E11,E12,E13,E14,E15
A1,0.0,0.39172255992889404,0.5898327231407166,0.88791424036026,1.1959010362625122,1.359956979751587,1.1244739294052124,1.1430964469909668,1.514603853225708,1.5544697046279907,1.3913527727127075,1.641838788986206,1.9256939888000488,1.8800004720687866,1.830740213394165,3.5990748405456543,3.5071120262145996,3.132317543029785,3.0715525150299072,2.9208526611328125,2.596834421157837,2.5749025344848633,2.6663026809692383,2.3922955989837646,2.1404824256896973,2.306462526321411,2.2629740238189697,1.9044591188430786,1.8478281497955322,2.0977673530578613,2.6820461750030518,2.318694829940796,2.3376481533050537,2.22914719581604,1.931614637374878,2.2216594219207764,2.407930374145508,2.123251438140869,2.069552183151245,2.445519208908081,2.4949934482574463,2.2773706912994385,2.461638927459717,2.78582501411438,2.7164711952209473,4.159064769744873,3.811969518661499,3.5791268348693848,3.360305070877075,2.9926977157592773,2.9292232990264893,3.196213483810425,3.0659351348876953,2.7158048152923584,2.888745069503784,3.140632390975952,2.874457597732544,2.695176601409912,3.0397679805755615,3.1745855808258057,3.1085927486419678,3.072673797607422,2.7096376419067383,2.615208387374878,2.594905138015747,2.212362766265869,2.1802265644073486,2.4284439086914062,2.2495903968811035,1.923467755317688,2.1273207664489746,2.2779812812805176,1.9723551273345947,1.8362226486206055,2.1778838634490967
A2,0.39172255992889404,0.0,0.3736569583415985,0.6047014594078064,0.8624219298362732,1.1006972789764404,0.9434173703193665,0.9049638509750366,1.261591911315918,1.3818387985229492,1.2736287117004395,1.4699420928955078,1.757765531539917,1.7884223461151123,1.7552976608276367,3.3099043369293213,3.21211314201355,2.834920644760132,2.7511959075927734,2.613877296447754,2.2739312648773193,2.2676594257354736,2.392458915710449,2.1209335327148438,1.8583194017410278,2.0606138706207275,2.0533275604248047,1.6900449991226196,1.6387805938720703,1.9332506656646729,2.298689842224121,1.9334722757339478,1.9459768533706665,1.8443348407745361,1.5537487268447876,1.858406662940979,2.0300650596618652,1.7458579540252686,1.7186763286590576,2.0960516929626465,2.135493755340576,1.9431264400482178,2.1476614475250244,2.4561290740966797,2.3915412425994873,3.909867525100708,3.5681238174438477,3.3205037117004395,3.083402633666992,2.727088689804077,2.634403705596924,2.91355037689209,2.8180909156799316,2.4611356258392334,2.614516258239746,2.8943912982940674,2.659332752227783,2.4617698192596436,2.7996022701263428,2.96832275390625,3.045159339904785,2.970916509628296,2.5980350971221924,2.4980621337890625,2.4253058433532715,2.0493762493133545,2.0396413803100586,2.243574619293213,2.021179676055908,1.7161016464233398,1.9356768131256104,2.0308377742767334,1.6969257593154907,1.6061111688613892,1.9493577480316162
A3,0.5898327231407166,0.3736569583415985,0.0,0.38103407621383667,0.6369501948356628,0.7847126126289368,0.5745223164558411,0.589409589767456,0.9429575204849243,1.0193259716033936,0.9367495775222778,1.1680032014846802,1.4226090908050537,1.4461511373519897,1.4554933309555054,3.142368793487549,3.0117595195770264,2.638715982437134,2.5467097759246826,2.370060443878174,2.051851987838745,2.0701451301574707,2.152736186981201,1.8523883819580078,1.6305875778198242,1.8450257778167725,1.7872391939163208,1.4165853261947632,1.4315834045410156,1.7181613445281982,2.341766357421875,1.9710623025894165,1.9128098487854004,1.777797818183899,1.4377614259719849,1.684841275215149,1.8871644735336304,1.6139754056930542,1.5103954076766968,1.8827215433120728,1.9675941467285156,1.7490986585617065,1.9028456211090088,2.238391399383545,2.2065441608428955,3.5816152095794678,3.239271402359009,2.997101068496704,2.777090311050415,2.4121639728546143,2.3399605751037598,2.6076314449310303,2.4860575199127197,2.1343679428100586,2.3099961280822754,2.571895122528076,2.3225860595703125,2.1483945846557617,2.499204397201538,2.647176742553711,2.6960487365722656,2.6104416847229004,2.238759994506836,2.12752366065979,2.060250759124756,1.6815160512924194,1.6784166097640991,1.8972774744033813,1.684755802154541,1.3797173500061035,1.6233307123184204,1.7440024614334106,1.4306639432907104,1.3557441234588623,1.718380331993103
A4,0.88791424036026,0.6047014594078064,0.38103407621383667,0.0,0.3852037787437439,0.5362639427185059,0.5243021249771118,0.6262730956077576,0.8685696125030518,0.9872435331344604,1.048848271369934,1.2497079372406006,1.4403386116027832,1.5260865688323975,1.606156349182129,3.1141366958618164,2.9520952701568604,2.5830938816070557,2.4383134841918945,2.2472808361053467,1.922824501991272,2.005056142807007,2.1080679893493652,1.7850173711776733,1.5987187623977661,1.8756529092788696,1.8252017498016357,1.4580848217010498,1.5356698036193848,1.85100257396698,2.12764573097229,1.7798750400543213,1.6846539974212646,1.5976454019546509,1.2519173622131348,1.4839410781860352,1.634377360343933,1.3265169858932495,1.2258682250976562,1.5931087732315063,1.6398674249649048,1.398582935333252,1.5751127004623413,1.9005488157272339,1.8429323434829712,3.3482704162597656,2.99627947807312,2.7659122943878174,2.516066312789917,2.157517671585083,2.0956339836120605,2.394932508468628,2.2966527938842773,1.9590243101119995,2.1533093452453613,2.4392690658569336,2.2262301445007324,2.074185848236084,2.4285054206848145,2.594980239868164,2.5463383197784424,2.4521334171295166,2.075551748275757,2.004328966140747,1.9094200134277344,1.5537358522415161,1.513500452041626,1.6747289896011353,1.4510482549667358,1.1397002935409546,1.3459423780441284,1.4263339042663574,1.0965968370437622,1.0135753154754639,1.3671624660491943
A5,1.1959010362625122,0.8624219298362732,0.6369501948356628,0.3852037787437439,0.0,0.38750067353248596,0.5518766045570374,0.5021728277206421,0.6156442761421204,0.8575713038444519,0.9824127554893494,1.0732160806655884,1.2474433183670044,1.4237056970596313,1.5069823265075684,2.7603342533111572,2.5898900032043457,2.223012685775757,2.06284236907959,1.879848837852478,1.547242283821106,1.6446144580841064,1.7675304412841797,1.4512498378753662,1.2664469480514526,1.5752147436141968,1.5565732717514038,1.2065154314041138,1.3031697273254395,1.6402637958526611,1.8717671632766724,1.5198476314544678,1.3772450685501099,1.2545140981674194,0.8895055055618286,1.10075044631958,1.2723066806793213,0.9938833713531494,0.8763000965118408,1.2507935762405396,1.3368223905563354,1.143350601196289,1.3080414533615112,1.6267508268356323,1.6194720268249512,3.084946870803833,2.7494096755981445,2.491408348083496,2.2377383708953857,1.8935738801956177,1.7830358743667603,2.0793306827545166,2.01706600189209,1.6673598289489746,1.8258700370788574,2.135221004486084,1.9541232585906982,1.7761118412017822,2.115295886993408,2.3139898777008057,2.535381555557251,2.385093927383423,2.01235294342041,1.907353162765503,1.7434171438217163,1.407332420349121,1.4361969232559204,1.542233943939209,1.2532367706298828,1.0146890878677368,1.274259090423584,1.2724635601043701,0.9179503917694092,0.973676860332489,1.317543864250183
A6,1.359956979751587,1.1006972789764404,0.7847126126289368,0.5362639427185059,0.38750067353248596,0.0,0.3795967102050781,0.5411940217018127,0.51352858543396,0.6104223132133484,0.8523616194725037,0.9987339377403259,1.068122148513794,1.2158331871032715,1.3844903707504272,2.8246407508850098,2.6116552352905273,2.260366916656494,2.0870983600616455,1.8421729803085327,1.5588264465332031,1.7019497156143188,1.7526288032531738,1.3944566249847412,1.3021245002746582,1.611100196838379,1.5080174207687378,1.1701067686080933,1.3669357299804688,1.661044716835022,2.147374153137207,1.8180739879608154,1.6180845499038696,1.4899494647979736,1.1084414720535278,1.2029082775115967,1.3828264474868774,1.1262258291244507,0.8859619498252869,1.216874122619629,1.3482009172439575,1.08853280544281,1.1590896844863892,1.5205639600753784,1.5382522344589233,2.8194477558135986,2.4706337451934814,2.2375175952911377,2.0026168823242188,1.6371891498565674,1.5907857418060303,1.8802345991134644,1.7646738290786743,1.4353748559951782,1.657780647277832,1.9323920011520386,1.727935552597046,1.6130322217941284,1.9747923612594604,2.129208564758301,2.1483144760131836,2.001678705215454,1.6276662349700928,1.534661889076233,1.3958311080932617,1.0568437576293945,1.0522381067276,1.178780436515808,0.9243555068969727,0.6466045379638672,0.9278727173805237,0.9912216663360596,0.6897199153900146,0.7338495254516602,1.0954124927520752
A7,1.1244739294052124,0.9434173703193665,0.5745223164558411,0.5243021249771118,0.5518766045570374,0.3795967102050781,0.0,0.3753725290298462,0.5361483693122864,0.49307405948638916,0.5846275091171265,0.8444586992263794,0.9748403429985046,1.019095540046692,1.1489803791046143,2.916868209838867,2.727722406387329,2.371697187423706,2.253204345703125,2.01106595993042,1.7406799793243408,1.8191791772842407,1.8321670293807983,1.4845552444458008,1.363626480102539,1.6072025299072266,1.4661383628845215,1.1077238321304321,1.269856572151184,1.5303125381469727,2.4132003784179688,2.0580382347106934,1.8957884311676025,1.7290024757385254,1.3438130617141724,1.4645609855651855,1.6942384243011475,1.457473635673523,1.2277841567993164,1.561364769935608,1.7173881530761719,1.4678094387054443,1.5204870700836182,1.8886057138442993,1.9153218269348145,3.042151689529419,2.699305772781372,2.4673242568969727,2.2719883918762207,1.897702693939209,1.86282479763031,2.1127707958221436,1.9529495239257812,1.6167222261428833,1.8352530002593994,2.0692601203918457,1.8086045980453491,1.6860119104385376,2.0553102493286133,2.1725809574127197,2.1810526847839355,2.061824321746826,1.690938115119934,1.5618191957473755,1.4861369132995605,1.1074585914611816,1.1206722259521484,1.348345398902893,1.1466515064239502,0.8551452159881592,1.1497074365615845,1.2999693155288696,1.042909860610962,1.0253247022628784,1.394317388534546
A8,1.1430964469909668,0.9049638509750366,0.589409589767456,0.6262730956077576,0.5021728277206421,0.5411940217018127,0.3753725290298462,0.0,0.3793259561061859,0.5431174039840698,0.5114479660987854,0.6301310062408447,0.8742412328720093,0.9945926070213318,1.0253273248672485,2.621479034423828,2.4650261402130127,2.0988175868988037,2.011942148208618,1.8121585845947266,1.5192909240722656,1.5402352809906006,1.5833165645599365,1.2714885473251343,1.0785057544708252,1.3049143552780151,1.22098708152771,0.8494055271148682,0.9405601620674133,1.2360535860061646,2.2297141551971436,1.8559411764144897,1.7137610912322998,1.4956666231155396,1.1219509840011597,1.2701987028121948,1.5459766387939453,1.355119228363037,1.162574052810669,1.5074210166931152,1.6927646398544312,1.516247034072876,1.5853184461593628,1.9327281713485718,1.9940608739852905,3.1046526432037354,2.7865657806396484,2.514474868774414,2.324667453765869,1.9682890176773071,1.8606297969818115,2.0906155109405518,1.9701180458068848,1.6042665243148804,1.7510795593261719,2.005659818649292,1.7579115629196167,1.5635191202163696,1.9107046127319336,2.066541910171509,2.4632670879364014,2.3026185035705566,1.9397368431091309,1.758685827255249,1.6243141889572144,1.2538542747497559,1.3635189533233643,1.5578242540359497,1.291762351989746,1.0784411430358887,1.415482997894287,1.492983102798462,1.2018986940383911,1.2735867500305176,1.6366060972213745
A9,1.514603853225708,1.261591911315918,0.9429575204849243,0.8685696125030518,0.6156442761421204,0.51352858543396,0.5361483693122864,0.3793259561061859,0.0,0.3782529830932617,0.5560426115989685,0.5294144153594971,0.6383265256881714,0.8743912577629089,0.983004093170166,2.3898215293884277,2.1924564838409424,1.8380720615386963,1.7216219902038574,1.4838032722473145,1.2167569398880005,1.290845513343811,1.3011022806167603,0.9548225402832031,0.8413039445877075,1.1151559352874756,0.999959409236908,0.6567963361740112,0.8775672912597656,1.1590242385864258,2.18704891204834,1.836544394493103,1.6268113851547241,1.388472318649292,1.0086843967437744,1.0421361923217773,1.3384785652160645,1.2024706602096558,0.9338245391845703,1.2326781749725342,1.4776605367660522,1.3203039169311523,1.318965196609497,1.6672528982162476,1.7841694355010986,2.7374439239501953,2.4286725521087646,2.14559268951416,1.9654244184494019,1.6157721281051636,1.4960980415344238,1.7135908603668213,1.5966479778289795,1.2274724245071411,1.37504243850708,1.6345802545547485,1.4033160209655762,1.2173336744308472,1.571176290512085,1.7362242937088013,2.275123119354248,2.067795515060425,1.7160789966583252,1.512372612953186,1.320055365562439,0.9773002862930298,1.149911880493164,1.2925755977630615,0.9908265471458435,0.8657177090644836,1.2358633279800415,1.2687270641326904,1.017029881477356,1.1843819618225098,1.5160285234451294
A10,1.5544697046279907,1.3818387985229492,1.0193259716033936,0.9872435331344604,0.8575713038444519,0.6104223132133484,0.49307405948638916,0.5431174039840698,0.3782529830932617,0.0,0.38337382674217224,0.5322278141975403,0.5096700191497803,0.6072457432746887,0.8179059624671936,2.606801748275757,2.390000581741333,2.0562326908111572,1.9566688537597656,1.675897479057312,1.4709370136260986,1.5513436794281006,1.479781150817871,1.122155785560608,1.0931564569473267,1.304144024848938,1.0842869281768799,0.7739081978797913,1.048215627670288,1.2433377504348755,2.549034357070923,2.203364133834839,1.9858404397964478,1.7591825723648071,1.3784701824188232,1.3778513669967651,1.6620073318481445,1.518847107887268,1.2095293998718262,1.473003625869751,1.7250884771347046,1.5154951810836792,1.4567471742630005,1.827393651008606,1.9446433782577515,2.6906187534332275,2.3724148273468018,2.122551679611206,1.9820730686187744,1.6149725914001465,1.5747803449630737,1.7620739936828613,1.566343903541565,1.2296139001846313,1.4429295063018799,1.631750226020813,1.3415882587432861,1.2340583801269531,1.6072492599487305,1.6940232515335083,1.9826279878616333,1.7979305982589722,1.4493788480758667,1.2313112020492554,1.1140164136886597,0.736214280128479,0.8976020812988281,1.1294960975646973,0.9173135757446289,0.7616854906082153,1.1289756298065186,1.265122890472412,1.0926424264907837,1.1957497596740723,1.5240750312805176
A11,1.3913527727127075,1.2736287117004395,0.9367495775222778,1.048848271369934,0.9824127554893494,0.8523616194725037,0.5846275091171265,0.5114479660987854,0.5560426115989685,0.38337382674217224,0.0,0.3801928758621216,0.5562673211097717,0.5173681378364563,0.5659458637237549,2.629699230194092,2.4591524600982666,2.1191182136535645,2.0829718112945557,1.841051459312439,1.630698561668396,1.6246668100357056,1.548889398574829,1.2410368919372559,1.1372359991073608,1.2613976001739502,1.046076774597168,0.7222203612327576,0.891022801399231,1.0513783693313599,2.6840710639953613,2.3145108222961426,2.1438262462615967,1.8872562646865845,1.5181636810302734,1.5719823837280273,1.8874320983886719,1.7511018514633179,1.486646294593811,1.7752289772033691,2.024993896484375,1.8373042345046997,1.8118560314178467,2.1765406131744385,2.2877440452575684,3.0136256217956543,2.711578845977783,2.4512994289398193,2.332202196121216,1.973658800125122,1.9087228775024414,2.068118095397949,1.8730026483535767,1.5311107635498047,1.6947345733642578,1.861785650253296,1.5464199781417847,1.3940144777297974,1.7440335750579834,1.8179491758346558,2.243370532989502,2.079857349395752,1.7459144592285156,1.5026845932006836,1.4252334833145142,1.0553778409957886,1.2250269651412964,1.4934213161468506,1.2983309030532837,1.1326727867126465,1.4872701168060303,1.639193058013916,1.4405808448791504,1.5122625827789307,1.860381841659546
A12,1.641838788986206,1.4699420928955078,1.1680032014846802,1.2497079372406006,1.0732160806655884,0.9987339377403259,0.8444586992263794,0.6301310062408447,0.5294144153594971,0.5322278141975403,0.3801928758621216,0.0,0.3744819462299347,0.5423891544342041,0.4957689940929413,2.252807378768921,2.0908071994781494,1.7520864009857178,1.7427380084991455,1.5216819047927856,1.3252688646316528,1.2770379781723022,1.1876684427261353,0.9111401438713074,0.7941128611564636,0.88364177942276,0.67559814453125,0.3462907373905182,0.553423285484314,0.7179780006408691,2.5513389110565186,2.1881160736083984,2.0047454833984375,1.7041939496994019,1.3650164604187012,1.3724734783172607,1.7227760553359985,1.6578543186187744,1.400067687034607,1.6542359590530396,1.9452499151229858,1.8232563734054565,1.778167724609375,2.1163177490234375,2.2751846313476562,2.8917477130889893,2.6204378604888916,2.3245227336883545,2.2208399772644043,1.8902605772018433,1.7627835273742676,1.8862483501434326,1.7284408807754517,1.3721731901168823,1.459951400756836,1.6340820789337158,1.3399819135665894,1.1195317506790161,1.443629503250122,1.5546690225601196,2.410132884979248,2.192854642868042,1.876577615737915,1.5922878980636597,1.4373565912246704,1.111184000968933,1.3702139854431152,1.57536780834198,1.3268369436264038,1.2553354501724243,1.6349446773529053,1.7150979042053223,1.5147793292999268,1.6706860065460205,2.001271963119507
A13,1.9256939888000488,1.757765531539917,1.4226090908050537,1.4403386116027832,1.2474433183670044,1.068122148513794,0.9748403429985046,0.8742412328720093,0.6383265256881714,0.5096700191497803,0.5562673211097717,0.3744819462299347,0.0,0.3818050026893616,0.5451003313064575,2.2426130771636963,2.027724504470825,1.7200531959533691,1.685265302658081,1.4032344818115234,1.2798062562942505,1.2969282865524292,1.1260401010513306,0.8159974217414856,0.8637444376945496,0.9615820050239563,0.6524481177330017,0.46619072556495667,0.8096574544906616,0.884734570980072,2.703244924545288,2.363874912261963,2.131510019302368,1.8411023616790771,1.5030279159545898,1.4195406436920166,1.7561084032058716,1.718828558921814,1.403001070022583,1.5942579507827759,1.9179539680480957,1.7854723930358887,1.6652604341506958,2.0021305084228516,2.1959898471832275,2.5644805431365967,2.2987773418426514,2.0145294666290283,1.94664466381073,1.6214812994003296,1.5314849615097046,1.6173502206802368,1.41469407081604,1.0842089653015137,1.2077957391738892,1.33161199092865,1.0074483156204224,0.8522281050682068,1.2005013227462769,1.2627581357955933,2.122143507003784,1.8765654563903809,1.5842136144638062,1.2711416482925415,1.1030489206314087,0.8159917593002319,1.1314139366149902,1.3206990957260132,1.1076247692108154,1.113677740097046,1.483104944229126,1.5706958770751953,1.446765422821045,1.6287317276000977,1.9223560094833374
A14,1.8800004720687866,1.7884223461151123,1.4461511373519897,1.5260865688323975,1.4237056970596313,1.2158331871032715,1.019095540046692,0.9945926070213318,0.8743912577629089,0.6072457432746887,0.5173681378364563,0.5423891544342041,0.3818050026893616,0.0,0.3630761504173279,2.5502915382385254,2.349280595779419,2.0552546977996826,2.048616647720337,1.7666338682174683,1.659676194190979,1.6569924354553223,1.4664497375488281,1.18454110622406,1.216727614402771,1.2584995031356812,0.9272337555885315,0.7630193829536438,1.023852825164795,1.0276598930358887,3.0267064571380615,2.6748759746551514,2.461073398590088,2.179919481277466,1.827764630317688,1.779646396636963,2.109457015991211,2.0372886657714844,1.7197396755218506,1.9299671649932861,2.2352683544158936,2.061455488204956,1.9432199001312256,2.297584056854248,2.467399835586548,2.7621915340423584,2.4914612770080566,2.2425150871276855,2.2015347480773926,1.8671088218688965,1.8356419801712036,1.909326195716858,1.6562215089797974,1.3662492036819458,1.527636170387268,1.5918935537338257,1.2305548191070557,1.1467578411102295,1.4736250638961792,1.4558628797531128,2.032238245010376,1.8335880041122437,1.5557161569595337,1.2390892505645752,1.1866543292999268,0.8901731371879578,1.1499881744384766,1.422419548034668,1.2946856021881104,1.2427033185958862,1.5838876962661743,1.751257300376892,1.649923324584961,1.7612652778625488,2.064347982406616
A15,1.830740213394165,1.7552976608276367,1.4554933309555054,1.606156349182129,1.5069823265075684,1.3844903707504272,1.1489803791046143,1.0253273248672485,0.983004093170166,0.8179059624671936,0.5659458637237549,0.4957689940929413,0.5451003313064575,0.3630761504173279,0.0,2.452346086502075,2.3023602962493896,2.0032994747161865,2.0547680854797363,1.8242883682250977,1.7039237022399902,1.6211659908294678,1.4438083171844482,1.2250723838806152,1.1795227527618408,1.13621187210083,0.8406755328178406,0.6970459222793579,0.8316109776496887,0.7712458968162537,3.041574001312256,2.6757524013519287,2.498283624649048,2.1896896362304688,1.8587110042572021,1.847939133644104,2.2020833492279053,2.145869731903076,1.8683372735977173,2.0997941493988037,2.405487060546875,2.263500690460205,2.1802053451538086,2.526418447494507,2.696573257446289,3.0406181812286377,2.788445234298706,2.5164027214050293,2.476248025894165,2.1532320976257324,2.0733304023742676,2.1361544132232666,1.9170528650283813,1.609559178352356,1.7056528329849243,1.7791039943695068,1.4315088987350464,1.273963212966919,1.5602270364761353,1.5650036334991455,2.3877944946289062,2.192440986633301,1.9187062978744507,1.5987056493759155,1.5308085680007935,1.2378984689712524,1.5010275840759277,1.765782117843628,1.602033257484436,1.53855299949646,1.895843267440796,2.041910409927368,1.8954331874847412,2.0123698711395264,2.3370840549468994
B1,3.5990748405456543,3.3099043369293213,3.142368793487549,3.1141366958618164,2.7603342533111572,2.8246407508850098,2.916868209838867,2.621479034423828,2.3898215293884277,2.606801748275757,2.629699230194092,2.252807378768921,2.2426130771636963,2.5502915382385254,2.452346086502075,0.0,0.3913923501968384,0.5872260332107544,0.8910553455352783,1.1927498579025269,1.3526781797409058,1.126120924949646,1.1428297758102417,1.5162800550460815,1.5534002780914307,1.3801385164260864,1.6329823732376099,1.9079265594482422,1.849640965461731,1.7957171201705933,2.6531126499176025,2.5059118270874023,2.3371198177337646,2.024554491043091,2.1091997623443604,1.8927361965179443,2.0944299697875977,2.4054439067840576,2.3509409427642822,2.2793805599212646,2.571669101715088,2.7896335124969482,2.6961841583251953,2.750613212585449,3.052936553955078,3.0035958290100098,2.985184907913208,2.6165664196014404,2.613081932067871,2.58524489402771,2.233736038208008,2.111161470413208,2.282271385192871,2.1287147998809814,1.778420090675354,1.8688242435455322,1.9896135330200195,1.7032097578048706,1.4775222539901733,1.7482227087020874,3.9743306636810303,3.615049362182617,3.423929452896118,3.123116970062256,2.786216974258423,2.7409512996673584,3.0892837047576904,3.034759759902954,2.729452610015869,2.930295944213867,3.240105390548706,3.064321994781494,2.9323556423187256,3.280505657196045,3.464648962020874
B2,3.5071120262145996,3.21211314201355,3.0117595195770264,2.9520952701568604,2.5898900032043457,2.6116552352905273,2.727722406387329,2.4650261402130127,2.1924564838409424,2.390000581741333,2.4591524600982666,2.0908071994781494,2.027724504470825,2.349280595779419,2.3023602962493896,0.3913923501968384,0.0,0.3776877224445343,0.6094753742218018,0.8643493056297302,1.098437786102295,0.9534764885902405,0.9148319363594055,1.2708561420440674,1.3878507614135742,1.2682961225509644,1.4679768085479736,1.7463109493255615,1.764543890953064,1.7290987968444824,2.5897772312164307,2.439465045928955,2.2196381092071533,1.9147000312805176,1.9637073278427124,1.6937495470046997,1.8916881084442139,2.206918716430664,2.112966775894165,2.0078744888305664,2.3195579051971436,2.5266451835632324,2.396503448486328,2.4467780590057373,2.767263650894165,2.613380193710327,2.5946264266967773,2.2272047996520996,2.2336881160736084,2.2197318077087402,1.8752503395080566,1.7308986186981201,1.909397840499878,1.7813969850540161,1.419693112373352,1.5002961158752441,1.6552895307540894,1.39606773853302,1.1488614082336426,1.4351649284362793,3.6366868019104004,3.2704551219940186,3.0929195880889893,2.8021397590637207,2.456148147583008,2.443314790725708,2.78849720954895,2.709238290786743,2.4180498123168945,2.6480984687805176,2.941016435623169,2.758790969848633,2.6596286296844482,3.0170347690582275,3.1801908016204834
B3,3.132317543029785,2.834920644760132,2.638715982437134,2.5830938816070557,2.223012685775757,2.260366916656494,2.371697187423706,2.0988175868988037,1.8380720615386963,2.0562326908111572,2.1191182136535645,1.7520864009857178,1.7200531959533691,2.0552546977996826,2.0032994747161865,0.5872260332107544,0.3776877224445343,0.0,0.3807785212993622,0.6332873702049255,0.7776086330413818,0.580224871635437,0.5951974391937256,0.9494824409484863,1.0220781564712524,0.9277963638305664,1.16299569606781,1.4069713354110718,1.4170265197753906,1.4248836040496826,2.326658010482788,2.138976812362671,1.920296311378479,1.5929676294326782,1.6129944324493408,1.3633264303207397,1.5985164642333984,1.8898545503616333,1.79335355758667,1.7327702045440674,2.050262451171875,2.2375078201293945,2.1330153942108154,2.2190334796905518,2.521362543106079,2.6090099811553955,2.5333712100982666,2.15543532371521,2.1172494888305664,2.0458409786224365,1.6945512294769287,1.6126266717910767,1.7667096853256226,1.5735971927642822,1.2407304048538208,1.392838478088379,1.491275668144226,1.1817175149917603,1.024578332901001,1.3528410196304321,3.4317851066589355,3.0798017978668213,2.8693556785583496,2.580479145050049,2.2360379695892334,2.1772327423095703,2.5163111686706543,2.458744764328003,2.1458516120910645,2.344700336456299,2.653174638748169,2.481295585632324,2.3510208129882812,2.699237585067749,2.8847358226776123
B4,3.0715525150299072,2.7511959075927734,2.5467097759246826,2.4383134841918945,2.06284236907959,2.0870983600616455,2.253204345703125,2.011942148208618,1.7216219902038574,1.9566688537597656,2.0829718112945557,1.7427380084991455,1.685265302658081,2.048616647720337,2.0547680854797363,0.8910553455352783,0.6094753742218018,0.3807785212993622,0.0,0.38065314292907715,0.5298798084259033,0.5290412306785583,0.6279554963111877,0.869780957698822,0.9848971366882324,1.0329272747039795,1.2359538078308105,1.414635419845581,1.4885989427566528,1.5699448585510254,2.096651077270508,1.9322372674942017,1.6714494228363037,1.3781323432922363,1.4074809551239014,1.1036080121994019,1.2923303842544556,1.606828212738037,1.5141935348510742,1.4028189182281494,1.7125893831253052,1.921134114265442,1.8094537258148193,1.8637330532073975,2.17177152633667,2.3632280826568604,2.269181251525879,1.8909019231796265,1.811628818511963,1.7541769742965698,1.3837406635284424,1.3350101709365845,1.5396567583084106,1.3548729419708252,1.0228654146194458,1.2432539463043213,1.391638159751892,1.111481785774231,1.0015190839767456,1.3615590333938599,3.251559019088745,2.8987948894500732,2.684279680252075,2.429598093032837,2.064176082611084,2.0237154960632324,2.3358895778656006,2.233607530593872,1.913283109664917,2.13103985786438,2.410134792327881,2.2011539936065674,2.0850555896759033,2.447605609893799,2.6012680530548096
B5,2.9208526611328125,2.613877296447754,2.370060443878174,2.2472808361053467,1.879848837852478,1.8421729803085327,2.01106595993042,1.8121585845947266,1.4838032722473145,1.675897479057312,1.841051459312439,1.5216819047927856,1.4032344818115234,1.7666338682174683,1.8242883682250977,1.1927498579025269,0.8643493056297302,0.6332873702049255,0.38065314292907715,0.0,0.3801378011703491,0.5508815050125122,0.49940335750579834,0.6127074360847473,0.8484798073768616,0.9578062295913696,1.051986575126648,1.2158087491989136,1.3804717063903809,1.4660478830337524,2.195892810821533,2.0024077892303467,1.7033611536026,1.4159371852874756,1.3500984907150269,1.0101765394210815,1.231602430343628,1.5012263059616089,1.324852705001831,1.2116823196411133,1.5649080276489258,1.7173006534576416,1.5552279949188232,1.650781273841858,1.9742300510406494,2.081214427947998,1.955909013748169,1.5759197473526,1.503666877746582,1.414518117904663,1.0626111030578613,1.0088233947753906,1.1743390560150146,0.9776038527488708,0.6475192904472351,0.8939770460128784,1.0306267738342285,0.7708455920219421,0.713554322719574,1.0772480964660645,2.8730146884918213,2.518796920776367,2.3087756633758545,2.053833246231079,1.6866953372955322,1.6644089221954346,1.979993224143982,1.8735569715499878,1.5687118768692017,1.8098417520523071,2.085245132446289,1.8950276374816895,1.8122917413711548,2.1746137142181396,2.3245723247528076
B6,2.596834421157837,2.2739312648773193,2.051851987838745,1.922824501991272,1.547242283821106,1.5588264465332031,1.7406799793243408,1.5192909240722656,1.2167569398880005,1.4709370136260986,1.630698561668396,1.3252688646316528,1.2798062562942505,1.659676194190979,1.7039237022399902,1.3526781797409058,1.098437786102295,0.7776086330413818,0.5298798084259033,0.3801378011703491,0.0,0.37388375401496887,0.5314395427703857,0.5097886919975281,0.6026886105537415,0.8287026286125183,0.9771943092346191,1.0354045629501343,1.1716240644454956,1.3432730436325073,1.884853482246399,1.6586928367614746,1.3682255744934082,1.0616931915283203,0.9741860032081604,0.6546453833580017,0.9262809157371521,1.1729117631912231,1.0242388248443604,0.9826974868774414,1.322900414466858,1.4705424308776855,1.3766146898269653,1.5051926374435425,1.7874537706375122,2.2991645336151123,2.120543956756592,1.748546838760376,1.6045502424240112,1.4493558406829834,1.095450520515442,1.1678930521011353,1.3086662292480469,1.0286061763763428,0.8038378357887268,1.130880355834961,1.183275580406189,0.8867620229721069,0.9712294936180115,1.3233028650283813,2.8683931827545166,2.5404155254364014,2.2844014167785645,2.0472066402435303,1.68896484375,1.5904924869537354,1.8788930177688599,1.797074556350708,1.450718641281128,1.6303212642669678,1.9224693775177002,1.7290711402893066,1.5810645818710327,1.9344725608825684,2.1129891872406006
B7,2.5749025344848633,2.2676594257354736,2.0701451301574707,2.005056142807007,1.6446144580841064,1.7019497156143188,1.8191791772842407,1.5402352809906006,1.290845513343811,1.5513436794281006,1.6246668100357056,1.2770379781723022,1.2969282865524292,1.6569924354553223,1.6211659908294678,1.126120924949646,0.9534764885902405,0.580224871635437,0.5290412306785583,0.5508815050125122,0.37388375401496887,0.0,0.3755587041378021,0.5405411124229431,0.4898150563240051,0.568109393119812,0.8327805399894714,0.9489454030990601,0.9774230122566223,1.1105502843856812,1.9765433073043823,1.725500226020813,1.4970074892044067,1.1425645351409912,1.078706979751587,0.8638102412223816,1.171025276184082,1.3993289470672607,1.287931203842163,1.3134733438491821,1.633304476737976,1.7740092277526855,1.7138681411743164,1.861204743385315,2.1245360374450684,2.6003973484039307,2.439479112625122,2.0638484954833984,1.9519835710525513,1.790042757987976,1.4495710134506226,1.48677396774292,1.5931493043899536,1.3031418323516846,1.0663554668426514,1.3312804698944092,1.334925651550293,0.9839075803756714,1.0288821458816528,1.3725718259811401,3.102475166320801,2.779710292816162,2.5190818309783936,2.248776912689209,1.913253903388977,1.7793914079666138,2.092057228088379,2.0638935565948486,1.719752311706543,1.8609877824783325,2.186161518096924,2.0299975872039795,1.8502910137176514,2.1804044246673584,2.397132635116577
B8,2.6663026809692383,2.392458915710449,2.152736186981201,2.1080679893493652,1.7675304412841797,1.7526288032531738,1.8321670293807983,1.5833165645599365,1.3011022806167603,1.479781150817871,1.548889398574829,1.1876684427261353,1.1260401010513306,1.4664497375488281,1.4438083171844482,1.1428297758102417,0.9148319363594055,0.5951974391937256,0.6279554963111877,0.49940335750579834,0.5314395427703857,0.3755587041378021,0.0,0.3808234930038452,0.5360938906669617,0.48825135827064514,0.6137932538986206,0.8488428592681885,0.9551476240158081,0.9858323931694031,2.3298981189727783,2.0718154907226562,1.8250209093093872,1.4779539108276367,1.3535563945770264,1.1145918369293213,1.4348158836364746,1.638248324394226,1.4492136240005493,1.4629772901535034,1.8216383457183838,1.9164904356002808,1.7930012941360474,1.9684351682662964,2.257676124572754,2.4313604831695557,2.285649061203003,1.9135619401931763,1.863319754600525,1.7011669874191284,1.396795392036438,1.3631740808486938,1.409801721572876,1.1411818265914917,0.8898322582244873,1.0726497173309326,1.0426061153411865,0.6823915839195251,0.692585825920105,1.017063021659851,2.914114475250244,2.5798206329345703,2.3465359210968018,2.044536590576172,1.7203742265701294,1.6191304922103882,1.96678626537323,1.955822229385376,1.64896559715271,1.822770118713379,2.155585289001465,2.0388994216918945,1.9072836637496948,2.232663631439209,2.4502642154693604
B9,2.3922955989837646,2.1209335327148438,1.8523883819580078,1.7850173711776733,1.4512498378753662,1.3944566249847412,1.4845552444458008,1.2714885473251343,0.9548225402832031,1.122155785560608,1.2410368919372559,0.9111401438713074,0.8159974217414856,1.18454110622406,1.2250723838806152,1.5162800550460815,1.2708561420440674,0.9494824409484863,0.869780957698822,0.6127074360847473,0.5097886919975281,0.5405411124229431,0.3808234930038452,0.0,0.3748219311237335,0.5425834655761719,0.5131424069404602,0.6105477213859558,0.8401520848274231,0.9523485898971558,2.260873317718506,1.9782440662384033,1.7101863622665405,1.3827258348464966,1.1712417602539062,0.9397643804550171,1.2807315587997437,1.416452407836914,1.1692625284194946,1.2269394397735596,1.594772458076477,1.629531979560852,1.499761700630188,1.7250514030456543,1.9958515167236328,2.318176031112671,2.1184489727020264,1.7600164413452148,1.6744110584259033,1.4509466886520386,1.1829289197921753,1.2197037935256958,1.208508014678955,0.8794964551925659,0.738064706325531,0.9801976084709167,0.872599184513092,0.5221925973892212,0.7340461015701294,1.0192971229553223,2.589550256729126,2.270503044128418,2.012071371078491,1.72315514087677,1.4026232957839966,1.2649685144424438,1.6011906862258911,1.6034399271011353,1.2889460325241089,1.4450465440750122,1.7847480773925781,1.6888880729675293,1.554965853691101,1.8691853284835815,2.0971016883850098
B10,2.1404824256896973,1.8583194017410278,1.6305875778198242,1.5987187623977661,1.2664469480514526,1.3021245002746582,1.363626480102539,1.0785057544708252,0.8413039445877075,1.0931564569473267,1.1372359991073608,0.7941128611564636,0.8637444376945496,1.216727614402771,1.1795227527618408,1.5534002780914307,1.3878507614135742,1.0220781564712524,0.9848971366882324,0.8484798073768616,0.6026886105537415,0.4898150563240051,0.5360938906669617,0.3748219311237335,0.0,0.3776209056377411,0.5228589177131653,0.4846382737159729,0.5716952085494995,0.7889734506607056,2.0658395290374756,1.7502950429916382,1.5328177213668823,1.1779109239578247,0.960487961769104,0.8411349654197693,1.2142759561538696,1.3149991035461426,1.1333839893341064,1.2783299684524536,1.6031743288040161,1.6413143873214722,1.595544695854187,1.8326829671859741,2.057140350341797,2.666112184524536,2.4498565196990967,2.0946805477142334,1.970163345336914,1.724584937095642,1.4508079290390015,1.5456812381744385,1.5472819805145264,1.1946817636489868,1.0892953872680664,1.3538769483566284,1.2273175716400146,0.8796634674072266,1.084776520729065,1.361356258392334,2.8032937049865723,2.512526512145996,2.2210323810577393,1.9446840286254883,1.6512459516525269,1.4407410621643066,1.744905710220337,1.7877284288406372,1.44827139377594,1.520262360572815,1.8782455921173096,1.7910661697387695,1.5831565856933594,1.8700470924377441,2.1361029148101807
B11,2.306462526321411,2.0606138706207275,1.8450257778167725,1.8756529092788696,1.5752147436141968,1.611100196838379,1.6072025299072266,1.3049143552780151,1.1151559352874756,1.304144024848938,1.2613976001739502,0.88364177942276,0.9615820050239563,1.2584995031356812,1.13621187210083,1.3801385164260864,1.2682961225509644,0.9277963638305664,1.0329272747039795,0.9578062295913696,0.8287026286125183,0.568109393119812,0.48825135827064514,0.5425834655761719,0.3776209056377411,0.0,0.3774176836013794,0.5486159324645996,0.49995020031929016,0.5446116924285889,2.339647054672241,2.026543140411377,1.8412641286849976,1.4699265956878662,1.2959339618682861,1.1917777061462402,1.5574941635131836,1.6808339357376099,1.5107178688049316,1.639652967453003,1.9708003997802734,2.0172085762023926,1.9560983180999756,2.1874613761901855,2.4261350631713867,2.8307363986968994,2.6481072902679443,2.288607120513916,2.2154970169067383,1.9909745454788208,1.7209235429763794,1.74872624874115,1.7333444356918335,1.4098762273788452,1.258541226387024,1.4436508417129517,1.3004426956176758,0.935348629951477,1.0579001903533936,1.302714467048645,2.994544744491577,2.6979408264160156,2.4285686016082764,2.1162643432617188,1.8437906503677368,1.6484254598617554,1.9826635122299194,2.055124282836914,1.743048071861267,1.82241952419281,2.1902313232421875,2.130666732788086,1.9384483098983765,2.213383674621582,2.4884908199310303
B12,2.2629740238189697,2.0533275604248047,1.7872391939163208,1.8252017498016357,1.5565732717514038,1.5080174207687378,1.4661383628845215,1.22098708152771,0.999959409236908,1.0842869281768799,1.046076774597168,0.67559814453125,0.6524481177330017,0.9272337555885315,0.8406755328178406,1.6329823732376099,1.4679768085479736,1.16299569606781,1.2359538078308105,1.051986575126648,0.9771943092346191,0.8327805399894714,0.6137932538986206,0.5131424069404602,0.5228589177131653,0.3774176836013794,0.0,0.3719480335712433,0.5325697064399719,0.48505982756614685,2.587303400039673,2.264758348464966,2.051880121231079,1.6995868682861328,1.4602360725402832,1.3362200260162354,1.7052034139633179,1.7871811389923096,1.5456010103225708,1.680135726928711,2.0317587852478027,2.0190651416778564,1.9128156900405884,2.181145191192627,2.4243311882019043,2.6740875244140625,2.4783523082733154,2.138845443725586,2.0971152782440186,1.8477590084075928,1.6364833116531372,1.6466643810272217,1.552955150604248,1.2350573539733887,1.1496766805648804,1.2762387990951538,1.0513091087341309,0.7241065502166748,0.9202242493629456,1.0837149620056152,2.6819379329681396,2.3906991481781006,2.133206367492676,1.801223874092102,1.5588524341583252,1.3652714490890503,1.7161859273910522,1.8220534324645996,1.5514473915100098,1.6352087259292603,2.0058116912841797,1.9968717098236084,1.8446863889694214,2.099116325378418,2.3770265579223633
B13,1.9044591188430786,1.6900449991226196,1.4165853261947632,1.4580848217010498,1.2065154314041138,1.1701067686080933,1.1077238321304321,0.8494055271148682,0.6567963361740112,0.7739081978797913,0.7222203612327576,0.3462907373905182,0.46619072556495667,0.7630193829536438,0.6970459222793579,1.9079265594482422,1.7463109493255615,1.4069713354110718,1.414635419845581,1.2158087491989136,1.0354045629501343,0.9489454030990601,0.8488428592681885,0.6105477213859558,0.4846382737159729,0.5486159324645996,0.3719480335712433,0.0,0.3775620460510254,0.5479447245597839,2.4250223636627197,2.0784451961517334,1.8793333768844604,1.5470027923583984,1.2517918348312378,1.200066089630127,1.5700842142105103,1.5791784524917603,1.3363922834396362,1.5416921377182007,1.8627842664718628,1.8054982423782349,1.7429180145263672,2.0451266765594482,2.2441787719726562,2.7681162357330322,2.527005434036255,2.201915979385376,2.1084787845611572,1.8131103515625,1.626520037651062,1.716473937034607,1.6076189279556274,1.2496452331542969,1.2525275945663452,1.440278172492981,1.1910219192504883,0.900947630405426,1.1853642463684082,1.3494441509246826,2.564345359802246,2.3054885864257812,2.00771164894104,1.7063117027282715,1.4861313104629517,1.2174216508865356,1.5249972343444824,1.663854718208313,1.3779475688934326,1.3874260187149048,1.7684948444366455,1.7823600769042969,1.5886664390563965,1.809556484222412,2.1145637035369873
