0.000000000000000000e+00,3.855814039707183838e-01,6.011294722557067871e-01,8.784436583518981934e-01,1.195237040519714355e+00,1.359202980995178223e+00,1.139389991760253906e+00,1.153112888336181641e+00,1.534793734550476074e+00,1.580789566040039062e+00,1.422198057174682617e+00,1.654465436935424805e+00,1.950689077377319336e+00,1.920907855033874512e+00,1.856952905654907227e+00,2.663315534591674805e+00,2.638668060302734375e+00,2.293559312820434570e+00,2.193731546401977539e+00,2.263610839843750000e+00,1.899611949920654297e+00,1.869902014732360840e+00,2.202076673507690430e+00,2.117914199829101562e+00,1.807135939598083496e+00,2.025937795639038086e+00,2.301635742187500000e+00,2.110600709915161133e+00,1.949072003364562988e+00,2.280130624771118164e+00,3.936316490173339844e+00,3.574473381042480469e+00,3.379230022430419922e+00,3.232241392135620117e+00,2.844116449356079102e+00,2.859453439712524414e+00,3.075164079666137695e+00,2.870576620101928711e+00,2.547047138214111328e+00,2.773805141448974609e+00,2.940539360046386719e+00,2.620702505111694336e+00,2.491424083709716797e+00,2.842866897583007812e+00,2.889128684997558594e+00,3.956778764724731445e+00,3.598919630050659180e+00,3.398782968521118164e+00,3.125225543975830078e+00,2.772494077682495117e+00,2.724413394927978516e+00,3.045492172241210938e+00,2.972875595092773438e+00,2.642917633056640625e+00,2.833302736282348633e+00,3.130927562713623047e+00,2.923581600189208984e+00,2.757012367248535156e+00,3.094920635223388672e+00,3.277236938476562500e+00,2.614151477813720703e+00,2.254567146301269531e+00,2.308618783950805664e+00,2.187889575958251953e+00,1.905139923095703125e+00,2.199037313461303711e+00,2.392490625381469727e+00,2.120188951492309570e+00,2.079466342926025391e+00,2.451926946640014648e+00,2.512917280197143555e+00,2.298357248306274414e+00,2.473350763320922852e+00,2.805978536605834961e+00,2.779364585876464844e+00
3.855814039707183838e-01,0.000000000000000000e+00,3.754779100418090820e-01,6.104820966720581055e-01,8.649042248725891113e-01,1.096489310264587402e+00,9.398463964462280273e-01,8.844899535179138184e-01,1.254055023193359375e+00,1.375898480415344238e+00,1.259814023971557617e+00,1.434570312500000000e+00,1.734228372573852539e+00,1.774101734161376953e+00,1.725842356681823730e+00,2.316759824752807617e+00,2.271692991256713867e+00,1.925407886505126953e+00,1.811221599578857422e+00,1.881476759910583496e+00,1.520370721817016602e+00,1.500234961509704590e+00,1.841469883918762207e+00,1.769925117492675781e+00,1.475793004035949707e+00,1.711024045944213867e+00,1.994712114334106445e+00,1.832494497299194336e+00,1.698484182357788086e+00,2.029774188995361328e+00,3.572047233581542969e+00,3.215013980865478516e+00,3.018278837203979492e+00,2.888755321502685547e+00,2.503086566925048828e+00,2.526246309280395508e+00,2.724235534667968750e+00,2.504997253417968750e+00,2.189414024353027344e+00,2.423969268798828125e+00,2.573839426040649414e+00,2.247657775878906250e+00,2.136984109878540039e+00,2.493275880813598633e+00,2.526237726211547852e+00,3.694442749023437500e+00,3.348721981048583984e+00,3.125630617141723633e+00,2.846131324768066406e+00,2.503888845443725586e+00,2.420524597167968750e+00,2.741689205169677734e+00,2.698969602584838867e+00,2.361025333404541016e+00,2.523521661758422852e+00,2.840356111526489258e+00,2.659554004669189453e+00,2.473619937896728516e+00,2.796499252319335938e+00,3.005223512649536133e+00,2.595602273941040039e+00,2.220636129379272461e+00,2.215909242630004883e+00,2.053489685058593750e+00,1.731906414031982422e+00,1.982439637184143066e+00,2.214103698730468750e+00,1.966706037521362305e+00,1.867494106292724609e+00,2.233741283416748047e+00,2.343466281890869141e+00,2.125818729400634766e+00,2.253793478012084961e+00,2.601015329360961914e+00,2.617347240447998047e+00
6.011294722557067871e-01,3.754779100418090820e-01,0.000000000000000000e+00,3.838910758495330811e-01,6.420049071311950684e-01,7.805566787719726562e-01,5.704061388969421387e-01,5.748877525329589844e-01,9.437245726585388184e-01,1.016721129417419434e+00,9.288250207901000977e-01,1.146246790885925293e+00,1.411775827407836914e+00,1.437201142311096191e+00,1.435043096542358398e+00,2.382733345031738281e+00,2.282756567001342773e+00,1.916519284248352051e+00,1.784703254699707031e+00,1.778467416763305664e+00,1.403258800506591797e+00,1.422516226768493652e+00,1.721766114234924316e+00,1.577722668647766113e+00,1.291617751121520996e+00,1.567259192466735840e+00,1.797035455703735352e+00,1.584589958190917969e+00,1.490970134735107422e+00,1.844329595565795898e+00,3.407455444335937500e+00,3.049872875213623047e+00,2.832425117492675781e+00,2.670904636383056641e+00,2.284557104110717773e+00,2.274648666381835938e+00,2.498737812042236328e+00,2.318936824798583984e+00,1.980203628540039062e+00,2.199652910232543945e+00,2.394932985305786133e+00,2.099405050277709961e+00,1.955227971076965332e+00,2.313958406448364258e+00,2.397979974746704102e+00,3.391392469406127930e+00,3.038097620010375977e+00,2.821407079696655273e+00,2.560392379760742188e+00,2.203167200088500977e+00,2.143629312515258789e+00,2.454354763031005859e+00,2.379641532897949219e+00,2.043891191482543945e+00,2.233280658721923828e+00,2.530292749404907227e+00,2.330125093460083008e+00,2.167361021041870117e+00,2.506525039672851562e+00,2.692292928695678711e+00,2.278104305267333984e+00,1.900865554809570312e+00,1.873480796813964844e+00,1.730914831161499023e+00,1.400785803794860840e+00,1.654529690742492676e+00,1.862457871437072754e+00,1.599693298339843750e+00,1.507986426353454590e+00,1.877583026885986328e+00,1.972018122673034668e+00,1.757596254348754883e+00,1.902391076087951660e+00,2.241770744323730469e+00,2.251520872116088867e+00
8.784436583518981934e-01,6.104820966720581055e-01,3.838910758495330811e-01,0.000000000000000000e+00,3.815464079380035400e-01,5.312620997428894043e-01,5.148218870162963867e-01,6.152665615081787109e-01,8.767364621162414551e-01,9.897568225860595703e-01,1.048581361770629883e+00,1.238954782485961914e+00,1.437557339668273926e+00,1.517639279365539551e+00,1.594012737274169922e+00,2.349262237548828125e+00,2.207028150558471680e+00,1.853957772254943848e+00,1.651990175247192383e+00,1.609593629837036133e+00,1.244641065597534180e+00,1.361392498016357422e+00,1.656862854957580566e+00,1.486938476562500000e+00,1.276045680046081543e+00,1.607559680938720703e+00,1.805117964744567871e+00,1.605763912200927734e+00,1.597365856170654297e+00,1.950748205184936523e+00,3.267820119857788086e+00,2.930516719818115234e+00,2.680363655090332031e+00,2.542128086090087891e+00,2.167506933212280273e+00,2.114816904067993164e+00,2.303696632385253906e+00,2.133596897125244141e+00,1.776905059814453125e+00,1.951861023902893066e+00,2.137805938720703125e+00,1.840798020362854004e+00,1.656845688819885254e+00,1.998776078224182129e+00,2.089082479476928711e+00,3.099523305892944336e+00,2.750759601593017578e+00,2.542097091674804688e+00,2.255619764328002930e+00,1.912902593612670898e+00,1.858020663261413574e+00,2.192459583282470703e+00,2.146471500396728516e+00,1.835774183273315430e+00,2.032930374145507812e+00,2.347026586532592773e+00,2.188365459442138672e+00,2.053483009338378906e+00,2.384472846984863281e+00,2.586182117462158203e+00,2.123717069625854492e+00,1.743642926216125488e+00,1.689918637275695801e+00,1.483753681182861328e+00,1.150199055671691895e+00,1.387559890747070312e+00,1.645738005638122559e+00,1.444997310638427734e+00,1.347713351249694824e+00,1.705046057701110840e+00,1.853316783905029297e+00,1.696232318878173828e+00,1.817955136299133301e+00,2.142849206924438477e+00,2.204721689224243164e+00
1.195237040519714355e+00,8.649042248725891113e-01,6.420049071311950684e-01,3.815464079380035400e-01,0.000000000000000000e+00,3.740490078926086426e-01,5.443602800369262695e-01,5.046802759170532227e-01,6.278772950172424316e-01,8.595095872879028320e-01,9.902988672256469727e-01,1.073657393455505371e+00,1.243127584457397461e+00,1.411794424057006836e+00,1.505857586860656738e+00,2.083798646926879883e+00,1.901021480560302734e+00,1.549009323120117188e+00,1.330544590950012207e+00,1.246105551719665527e+00,8.842614293098449707e-01,1.042971014976501465e+00,1.312616109848022461e+00,1.129450798034667969e+00,9.664474725723266602e-01,1.322520375251770020e+00,1.497326493263244629e+00,1.330490350723266602e+00,1.377875804901123047e+00,1.714107513427734375e+00,2.888489007949829102e+00,2.554928541183471680e+00,2.300927162170410156e+00,2.172150373458862305e+00,1.801094174385070801e+00,1.752761721611022949e+00,1.930205941200256348e+00,1.752365112304687500e+00,1.398604631423950195e+00,1.587990403175354004e+00,1.770637869834899902e+00,1.477272391319274902e+00,1.314082264900207520e+00,1.672138690948486328e+00,1.764612197875976562e+00,2.855116605758666992e+00,2.522877931594848633e+00,2.279907703399658203e+00,1.998717784881591797e+00,1.666834115982055664e+00,1.558379411697387695e+00,1.883398532867431641e+00,1.868665456771850586e+00,1.542518138885498047e+00,1.700164079666137695e+00,2.033901929855346680e+00,1.904056191444396973e+00,1.743881344795227051e+00,2.054989814758300781e+00,2.283847808837890625e+00,2.207291603088378906e+00,1.832290172576904297e+00,1.700231075286865234e+00,1.467940688133239746e+00,1.096008419990539551e+00,1.235409498214721680e+00,1.527604460716247559e+00,1.363720536231994629e+00,1.173445343971252441e+00,1.504663705825805664e+00,1.710965633392333984e+00,1.547607302665710449e+00,1.597117304801940918e+00,1.933933138847351074e+00,2.045372962951660156e+00
1.359202980995178223e+00,1.096489310264587402e+00,7.805566787719726562e-01,5.312620997428894043e-01,3.740490078926086426e-01,0.000000000000000000e+00,3.711665570735931396e-01,5.361863374710083008e-01,5.298000574111938477e-01,6.183183193206787109e-01,8.584527373313903809e-01,1.002473115921020508e+00,1.077189326286315918e+00,1.206318020820617676e+00,1.380653738975524902e+00,2.374971628189086914e+00,2.158042907714843750e+00,1.806367516517639160e+00,1.585947990417480469e+00,1.422750830650329590e+00,1.086826682090759277e+00,1.276491522789001465e+00,1.470955967903137207e+00,1.200814843177795410e+00,1.074230551719665527e+00,1.444600224494934082e+00,1.535304069519042969e+00,1.300535440444946289e+00,1.403045415878295898e+00,1.746514558792114258e+00,2.923464775085449219e+00,2.597483158111572266e+00,2.317498683929443359e+00,2.147422075271606445e+00,1.787380337715148926e+00,1.676920890808105469e+00,1.886661648750305176e+00,1.779576659202575684e+00,1.399419903755187988e+00,1.538135886192321777e+00,1.786501407623291016e+00,1.551801919937133789e+00,1.325832366943359375e+00,1.661104917526245117e+00,1.828370809555053711e+00,2.611363649368286133e+00,2.260861158370971680e+00,2.042530059814453125e+00,1.782004237174987793e+00,1.422618508338928223e+00,1.379753828048706055e+00,1.696597456932067871e+00,1.623225450515747070e+00,1.313685894012451172e+00,1.537300586700439453e+00,1.833511114120483398e+00,1.673530578613281250e+00,1.572093248367309570e+00,1.910182833671569824e+00,2.094861268997192383e+00,1.860705137252807617e+00,1.490064144134521484e+00,1.336432695388793945e+00,1.125215411186218262e+00,7.443147897720336914e-01,9.077968001365661621e-01,1.169913649559020996e+00,9.926568269729614258e-01,8.365648984909057617e-01,1.182575702667236328e+00,1.366378068923950195e+00,1.235810756683349609e+00,1.328198671340942383e+00,1.640251874923706055e+00,1.740720033645629883e+00
1.139389991760253906e+00,9.398463964462280273e-01,5.704061388969421387e-01,5.148218870162963867e-01,5.443602800369262695e-01,3.711665570735931396e-01,0.000000000000000000e+00,3.768145442008972168e-01,5.525171160697937012e-01,5.057918429374694824e-01,5.994740724563598633e-01,8.535469174385070801e-01,9.925544261932373047e-01,1.024641871452331543e+00,1.151846051216125488e+00,2.498482227325439453e+00,2.317500352859497070e+00,1.946633934974670410e+00,1.783786654472351074e+00,1.655759215354919434e+00,1.297845363616943359e+00,1.397625088691711426e+00,1.602122545242309570e+00,1.343943834304809570e+00,1.126400589942932129e+00,1.456393718719482422e+00,1.569904685020446777e+00,1.291164159774780273e+00,1.311396360397338867e+00,1.673118948936462402e+00,3.133713722229003906e+00,2.787562370300292969e+00,2.534644126892089844e+00,2.332545757293701172e+00,1.959416389465332031e+00,1.883054018020629883e+00,2.135949134826660156e+00,2.028603553771972656e+00,1.662165164947509766e+00,1.838252544403076172e+00,2.100177764892578125e+00,1.867697477340698242e+00,1.671669840812683105e+00,2.016021013259887695e+00,2.179365396499633789e+00,2.884916543960571289e+00,2.524872541427612305e+00,2.316332101821899414e+00,2.086390495300292969e+00,1.712265133857727051e+00,1.690875411033630371e+00,1.979553222656250000e+00,1.858634471893310547e+00,1.534012317657470703e+00,1.767399907112121582e+00,2.031102418899536133e+00,1.812222599983215332e+00,1.698306441307067871e+00,2.056632280349731445e+00,2.208388566970825195e+00,1.861164689064025879e+00,1.486417770385742188e+00,1.386048197746276855e+00,1.263038873672485352e+00,9.100894331932067871e-01,1.140261054039001465e+00,1.314909577369689941e+00,1.041388034820556641e+00,9.422317743301391602e-01,1.313974022865295410e+00,1.404571890830993652e+00,1.211266636848449707e+00,1.370345473289489746e+00,1.692593812942504883e+00,1.715586781501770020e+00
1.153112888336181641e+00,8.844899535179138184e-01,5.748877525329589844e-01,6.152665615081787109e-01,5.046802759170532227e-01,5.361863374710083008e-01,3.768145442008972168e-01,0.000000000000000000e+00,3.874773383140563965e-01,5.461471080780029297e-01,5.184182524681091309e-01,6.280156970024108887e-01,8.718613982200622559e-01,9.885731935501098633e-01,1.023522973060607910e+00,2.172282218933105469e+00,2.007364988327026367e+00,1.629482507705688477e+00,1.515411376953125000e+00,1.418690562248229980e+00,1.055960774421691895e+00,1.080030560493469238e+00,1.292026519775390625e+00,1.076798796653747559e+00,8.007462024688720703e-01,1.107998728752136230e+00,1.269984245300292969e+00,1.028936505317687988e+00,1.000056385993957520e+00,1.360975146293640137e+00,2.908752679824829102e+00,2.547153711318969727e+00,2.327944993972778320e+00,2.134032487869262695e+00,1.748101830482482910e+00,1.738118052482604980e+00,1.995034813880920410e+00,1.844142079353332520e+00,1.509237051010131836e+00,1.750578999519348145e+00,1.985929727554321289e+00,1.737407565116882324e+00,1.614814043045043945e+00,1.983946442604064941e+00,2.109541416168212891e+00,3.003056526184082031e+00,2.662529945373535156e+00,2.411161899566650391e+00,2.190736055374145508e+00,1.830213189125061035e+00,1.735692620277404785e+00,2.003756284713745117e+00,1.916726708412170410e+00,1.554106593132019043e+00,1.718168139457702637e+00,2.003757476806640625e+00,1.793597221374511719e+00,1.605316042900085449e+00,1.942465186119079590e+00,2.129054784774780273e+00,2.212687730789184570e+00,1.842986226081848145e+00,1.709570407867431641e+00,1.579236030578613281e+00,1.203944683074951172e+00,1.356092453002929688e+00,1.550047159194946289e+00,1.287185430526733398e+00,1.088055014610290527e+00,1.436228632926940918e+00,1.558152556419372559e+00,1.303466677665710449e+00,1.384297132492065430e+00,1.744214534759521484e+00,1.784365653991699219e+00
1.534793734550476074e+00,1.254055023193359375e+00,9.437245726585388184e-01,8.767364621162414551e-01,6.278772950172424316e-01,5.298000574111938477e-01,5.525171160697937012e-01,3.874773383140563965e-01,0.000000000000000000e+00,3.798522055149078369e-01,5.591144561767578125e-01,5.212882161140441895e-01,6.204618811607360840e-01,8.485533595085144043e-01,9.718628525733947754e-01,2.150171041488647461e+00,1.927370548248291016e+00,1.562909722328186035e+00,1.433717608451843262e+00,1.246545553207397461e+00,9.278185963630676270e-01,1.010870218276977539e+00,1.122609376907348633e+00,8.212015032768249512e-01,6.422091126441955566e-01,9.845188260078430176e-01,1.040393352508544922e+00,7.775761485099792480e-01,8.855783939361572266e-01,1.223152518272399902e+00,2.601834774017333984e+00,2.249134302139282227e+00,2.009265184402465820e+00,1.795130729675292969e+00,1.417385697364807129e+00,1.373055338859558105e+00,1.646404981613159180e+00,1.536083221435546875e+00,1.193450093269348145e+00,1.422236561775207520e+00,1.693998575210571289e+00,1.495020747184753418e+00,1.367227315902709961e+00,1.725241184234619141e+00,1.891625404357910156e+00,2.669215917587280273e+00,2.339559555053710938e+00,2.070288658142089844e+00,1.875533938407897949e+00,1.520452022552490234e+00,1.407927513122558594e+00,1.646691083908081055e+00,1.554470300674438477e+00,1.181873083114624023e+00,1.336876988410949707e+00,1.617441654205322266e+00,1.413694024085998535e+00,1.224794030189514160e+00,1.563810348510742188e+00,1.753902196884155273e+00,2.146560668945312500e+00,1.795678973197937012e+00,1.589787483215332031e+00,1.456102371215820312e+00,1.076636314392089844e+00,1.127878665924072266e+00,1.315875411033630371e+00,1.091796755790710449e+00,8.060180544853210449e-01,1.116391897201538086e+00,1.283607363700866699e+00,1.035106420516967773e+00,1.046426534652709961e+00,1.411786079406738281e+00,1.502279877662658691e+00
1.580789566040039062e+00,1.375898480415344238e+00,1.016721129417419434e+00,9.897568225860595703e-01,8.595095872879028320e-01,6.183183193206787109e-01,5.057918429374694824e-01,5.461471080780029297e-01,3.798522055149078369e-01,0.000000000000000000e+00,3.860366344451904297e-01,5.373827815055847168e-01,5.201966166496276855e-01,5.891852378845214844e-01,8.081825375556945801e-01,2.520133256912231445e+00,2.298915386199951172e+00,1.934956669807434082e+00,1.812142729759216309e+00,1.608870029449462891e+00,1.302063822746276855e+00,1.384272217750549316e+00,1.469781398773193359e+00,1.143813848495483398e+00,9.736741185188293457e-01,1.269910097122192383e+00,1.268064379692077637e+00,9.330599904060363770e-01,1.030493617057800293e+00,1.364640235900878906e+00,2.844043254852294922e+00,2.497775316238403320e+00,2.250442504882812500e+00,1.995986938476562500e+00,1.638516306877136230e+00,1.549038887023925781e+00,1.854474067687988281e+00,1.807180881500244141e+00,1.460618376731872559e+00,1.640099883079528809e+00,1.954787731170654297e+00,1.796025514602661133e+00,1.623018860816955566e+00,1.954216718673706055e+00,2.166008472442626953e+00,2.646782636642456055e+00,2.297248840332031250e+00,2.067336082458496094e+00,1.905621767044067383e+00,1.528795003890991211e+00,1.500951528549194336e+00,1.717060327529907227e+00,1.544246077537536621e+00,1.200540065765380859e+00,1.430230379104614258e+00,1.642909049987792969e+00,1.376247406005859375e+00,1.261006951332092285e+00,1.630854845046997070e+00,1.745977282524108887e+00,1.862028002738952637e+00,1.523485660552978516e+00,1.330595970153808594e+00,1.276915788650512695e+00,9.346112012863159180e-01,1.037770271301269531e+00,1.127053856849670410e+00,8.265796303749084473e-01,6.242060661315917969e-01,9.619106054306030273e-01,1.026749014854431152e+00,7.607097029685974121e-01,8.926295042037963867e-01,1.232036828994750977e+00,1.250327110290527344e+00
1.422198057174682617e+00,1.259814023971557617e+00,9.288250207901000977e-01,1.048581361770629883e+00,9.902988672256469727e-01,8.584527373313903809e-01,5.994740724563598633e-01,5.184182524681091309e-01,5.591144561767578125e-01,3.860366344451904297e-01,0.000000000000000000e+00,3.816997110843658447e-01,5.643063783645629883e-01,5.145400762557983398e-01,5.540747642517089844e-01,2.510015249252319336e+00,2.336186170578002930e+00,1.961506247520446777e+00,1.900695443153381348e+00,1.756044983863830566e+00,1.432752370834350586e+00,1.418678283691406250e+00,1.527512431144714355e+00,1.260207414627075195e+00,9.928753376007080078e-01,1.215055227279663086e+00,1.271226286888122559e+00,9.347073435783386230e-01,8.865756988525390625e-01,1.231532096862792969e+00,3.004284858703613281e+00,2.637940168380737305e+00,2.433493852615356445e+00,2.171964406967163086e+00,1.804192781448364258e+00,1.782702803611755371e+00,2.103416442871093750e+00,2.022483825683593750e+00,1.705404162406921387e+00,1.935605525970458984e+00,2.228882074356079102e+00,2.047591686248779297e+00,1.920281052589416504e+00,2.270439386367797852e+00,2.449615716934204102e+00,3.018526792526245117e+00,2.672504901885986328e+00,2.437579870223999023e+00,2.285227775573730469e+00,1.911186337471008301e+00,1.865330576896667480e+00,2.069430828094482422e+00,1.897641181945800781e+00,1.543055057525634766e+00,1.736076593399047852e+00,1.938912510871887207e+00,1.649402618408203125e+00,1.488937258720397949e+00,1.845862150192260742e+00,1.952803015708923340e+00,2.094232559204101562e+00,1.757051467895507812e+00,1.617740273475646973e+00,1.602233409881591797e+00,1.272809743881225586e+00,1.416553616523742676e+00,1.484579205513000488e+00,1.150606632232666016e+00,9.932989478111267090e-01,1.310663938522338867e+00,1.314646959304809570e+00,9.938881993293762207e-01,1.138228416442871094e+00,1.478196501731872559e+00,1.426591992378234863e+00
1.654465436935424805e+00,1.434570312500000000e+00,1.146246790885925293e+00,1.238954782485961914e+00,1.073657393455505371e+00,1.002473115921020508e+00,8.535469174385070801e-01,6.280156970024108887e-01,5.212882161140441895e-01,5.373827815055847168e-01,3.816997110843658447e-01,0.000000000000000000e+00,3.717115521430969238e-01,5.397564172744750977e-01,4.995204806327819824e-01,2.252182960510253906e+00,2.066597461700439453e+00,1.703379988670349121e+00,1.687355160713195801e+00,1.531269431114196777e+00,1.250776529312133789e+00,1.187965512275695801e+00,1.228769421577453613e+00,9.720053672790527344e-01,7.089731097221374512e-01,8.748462200164794922e-01,8.988760709762573242e-01,5.649076104164123535e-01,5.207748413085937500e-01,8.644329905509948730e-01,2.671133041381835938e+00,2.297637701034545898e+00,2.119767427444458008e+00,1.853627324104309082e+00,1.486692309379577637e+00,1.516568660736083984e+00,1.846039295196533203e+00,1.752969145774841309e+00,1.478095889091491699e+00,1.748501420021057129e+00,2.028183221817016602e+00,1.866433978080749512e+00,1.800338268280029297e+00,2.151179790496826172e+00,2.314835786819458008e+00,2.971247434616088867e+00,2.650965929031372070e+00,2.377344369888305664e+00,2.245973348617553711e+00,1.895114183425903320e+00,1.787376999855041504e+00,1.953473687171936035e+00,1.811851382255554199e+00,1.435532212257385254e+00,1.554434180259704590e+00,1.762403726577758789e+00,1.488741397857666016e+00,1.258373379707336426e+00,1.586098790168762207e+00,1.722679972648620605e+00,2.369982242584228516e+00,2.041316986083984375e+00,1.850226879119873047e+00,1.809887051582336426e+00,1.462760686874389648e+00,1.519515514373779297e+00,1.607679843902587891e+00,1.319890141487121582e+00,1.063762664794921875e+00,1.323833346366882324e+00,1.379680871963500977e+00,1.031220197677612305e+00,1.049524784088134766e+00,1.413206338882446289e+00,1.408756375312805176e+00
1.950689077377319336e+00,1.734228372573852539e+00,1.411775827407836914e+00,1.437557339668273926e+00,1.243127584457397461e+00,1.077189326286315918e+00,9.925544261932373047e-01,8.718613982200622559e-01,6.204618811607360840e-01,5.201966166496276855e-01,5.643063783645629883e-01,3.717115521430969238e-01,0.000000000000000000e+00,3.789429664611816406e-01,5.490550398826599121e-01,2.448897123336791992e+00,2.218955755233764648e+00,1.875251173973083496e+00,1.833657264709472656e+00,1.607537508010864258e+00,1.372335672378540039e+00,1.374079108238220215e+00,1.337389826774597168e+00,1.012914896011352539e+00,8.762339353561401367e-01,1.046548962593078613e+00,9.293735027313232422e-01,5.566956996917724609e-01,7.010452151298522949e-01,9.615007042884826660e-01,2.559755563735961914e+00,2.204689979553222656e+00,2.002306699752807617e+00,1.700124621391296387e+00,1.363092422485351562e+00,1.329810261726379395e+00,1.684817075729370117e+00,1.666782975196838379e+00,1.393146276473999023e+00,1.613794922828674316e+00,1.936507940292358398e+00,1.838055968284606934e+00,1.745296716690063477e+00,2.062792778015136719e+00,2.275386571884155273e+00,2.683605670928955078e+00,2.368509769439697266e+00,2.102543115615844727e+00,2.014710187911987305e+00,1.671155452728271484e+00,1.591333389282226562e+00,1.710259199142456055e+00,1.524726033210754395e+00,1.167019009590148926e+00,1.306709051132202148e+00,1.460859298706054688e+00,1.154365539550781250e+00,9.639967083930969238e-01,1.310873389244079590e+00,1.401873469352722168e+00,2.210852384567260742e+00,1.913033485412597656e+00,1.676575183868408203e+00,1.668099522590637207e+00,1.355693101882934570e+00,1.348212242126464844e+00,1.377422213554382324e+00,1.112473487854003906e+00,8.378371000289916992e-01,1.028206467628479004e+00,1.064291834831237793e+00,7.072846889495849609e-01,6.884012818336486816e-01,1.045998454093933105e+00,1.052032947540283203e+00
1.920907855033874512e+00,1.774101734161376953e+00,1.437201142311096191e+00,1.517639279365539551e+00,1.411794424057006836e+00,1.206318020820617676e+00,1.024641871452331543e+00,9.885731935501098633e-01,8.485533595085144043e-01,5.891852378845214844e-01,5.145400762557983398e-01,5.397564172744750977e-01,3.789429664611816406e-01,0.000000000000000000e+00,3.684556782245635986e-01,2.770813941955566406e+00,2.562939405441284180e+00,2.209398508071899414e+00,2.171351909637451172e+00,1.964056730270385742e+00,1.701776623725891113e+00,1.694766521453857422e+00,1.692727446556091309e+00,1.381603717803955078e+00,1.202246665954589844e+00,1.357235789299011230e+00,1.268529295921325684e+00,8.963101506233215332e-01,9.353518486022949219e-01,1.187833309173583984e+00,2.915933847427368164e+00,2.563845157623291016e+00,2.366560935974121094e+00,2.051289081573486328e+00,1.728928923606872559e+00,1.679858207702636719e+00,2.039483547210693359e+00,2.040213823318481445e+00,1.757581114768981934e+00,1.955168724060058594e+00,2.290676593780517578e+00,2.189753770828247070e+00,2.065735578536987305e+00,2.379413604736328125e+00,2.606646776199340820e+00,2.857248067855834961e+00,2.525854349136352539e+00,2.300175428390502930e+00,2.226717233657836914e+00,1.868810892105102539e+00,1.851943016052246094e+00,1.971892356872558594e+00,1.736195087432861328e+00,1.413807153701782227e+00,1.606147885322570801e+00,1.712664961814880371e+00,1.367417812347412109e+00,1.249277949333190918e+00,1.597617387771606445e+00,1.619755387306213379e+00,2.066485404968261719e+00,1.786171674728393555e+00,1.596387147903442383e+00,1.663995862007141113e+00,1.394513010978698730e+00,1.454850792884826660e+00,1.410556554794311523e+00,1.083244204521179199e+00,9.320030212402343750e-01,1.133900403976440430e+00,1.042338371276855469e+00,6.701032519340515137e-01,8.160126805305480957e-01,1.106754422187805176e+00,9.859192371368408203e-01
1.856952905654907227e+00,1.725842356681823730e+00,1.435043096542358398e+00,1.594012737274169922e+00,1.505857586860656738e+00,1.380653738975524902e+00,1.151846051216125488e+00,1.023522973060607910e+00,9.718628525733947754e-01,8.081825375556945801e-01,5.540747642517089844e-01,4.995204806327819824e-01,5.490550398826599121e-01,3.684556782245635986e-01,0.000000000000000000e+00,2.670268297195434570e+00,2.503782987594604492e+00,2.149996995925903320e+00,2.169181346893310547e+00,2.012570858001708984e+00,1.747085928916931152e+00,1.661445856094360352e+00,1.669474124908447266e+00,1.421454429626464844e+00,1.177795052528381348e+00,1.250937342643737793e+00,1.215121388435363770e+00,8.771061897277832031e-01,7.693251371383666992e-01,1.001947641372680664e+00,2.974475383758544922e+00,2.605463743209838867e+00,2.452855825424194336e+00,2.144725799560546875e+00,1.814224481582641602e+00,1.837885856628417969e+00,2.197312116622924805e+00,2.154483795166015625e+00,1.901987433433532715e+00,2.149741411209106445e+00,2.455966949462890625e+00,2.330195903778076172e+00,2.253061294555664062e+00,2.587376594543457031e+00,2.778256416320800781e+00,3.188694238662719727e+00,2.865449905395507812e+00,2.621293306350708008e+00,2.540708780288696289e+00,2.186349630355834961e+00,2.131237268447875977e+00,2.253555536270141602e+00,2.046207189559936523e+00,1.703605413436889648e+00,1.847589015960693359e+00,1.970982074737548828e+00,1.636847138404846191e+00,1.456620693206787109e+00,1.775441288948059082e+00,1.818219184875488281e+00,2.384525537490844727e+00,2.094378232955932617e+00,1.933613896369934082e+00,1.989909529685974121e+00,1.698307156562805176e+00,1.779300808906555176e+00,1.766456842422485352e+00,1.434112906455993652e+00,1.268458366394042969e+00,1.483557701110839844e+00,1.408327579498291016e+00,1.032599091529846191e+00,1.128990769386291504e+00,1.424942731857299805e+00,1.294613957405090332e+00
2.663315534591674805e+00,2.316759824752807617e+00,2.382733345031738281e+00,2.349262237548828125e+00,2.083798646926879883e+00,2.374971628189086914e+00,2.498482227325439453e+00,2.172282218933105469e+00,2.150171041488647461e+00,2.520133256912231445e+00,2.510015249252319336e+00,2.252182960510253906e+00,2.448897123336791992e+00,2.770813941955566406e+00,2.670268297195434570e+00,0.000000000000000000e+00,3.826412558555603027e-01,6.097621917724609375e-01,8.807636499404907227e-01,1.195527791976928711e+00,1.354069828987121582e+00,1.140843152999877930e+00,1.165711283683776855e+00,1.543099284172058105e+00,1.584499359130859375e+00,1.453004002571105957e+00,1.689122915267944336e+00,1.977301597595214844e+00,1.942879796028137207e+00,1.925769925117492676e+00,2.122443914413452148e+00,1.861146569252014160e+00,1.898724555969238281e+00,2.028520345687866211e+00,1.843088150024414062e+00,2.112898111343383789e+00,2.077579259872436523e+00,1.708971619606018066e+00,1.791555762290954590e+00,2.086158752441406250e+00,1.930891871452331543e+00,1.692274451255798340e+00,1.993642568588256836e+00,2.217926263809204102e+00,2.011083364486694336e+00,3.855023384094238281e+00,3.675131082534790039e+00,3.319789886474609375e+00,3.110003709793090820e+00,2.954105854034423828e+00,2.620036125183105469e+00,2.771740198135375977e+00,2.954968929290771484e+00,2.653369903564453125e+00,2.473944902420043945e+00,2.801232576370239258e+00,2.838038444519042969e+00,2.500495433807373047e+00,2.538864135742187500e+00,2.885823726654052734e+00,4.204236030578613281e+00,3.848045825958251953e+00,3.631708860397338867e+00,3.386301040649414062e+00,3.017027616500854492e+00,2.956075429916381836e+00,3.253931760787963867e+00,3.163280487060546875e+00,2.812381267547607422e+00,2.982926845550537109e+00,3.264105796813964844e+00,3.032367229461669922e+00,2.841936349868774414e+00,3.166777133941650391e+00,3.361079216003417969e+00
2.638668060302734375e+00,2.271692991256713867e+00,2.282756567001342773e+00,2.207028150558471680e+00,1.901021480560302734e+00,2.158042907714843750e+00,2.317500352859497070e+00,2.007364988327026367e+00,1.927370548248291016e+00,2.298915386199951172e+00,2.336186170578002930e+00,2.066597461700439453e+00,2.218955755233764648e+00,2.562939405441284180e+00,2.503782987594604492e+00,3.826412558555603027e-01,0.000000000000000000e+00,3.807185590267181396e-01,6.107132434844970703e-01,8.629004359245300293e-01,1.087514162063598633e+00,9.315890669822692871e-01,8.893174529075622559e-01,1.254360675811767578e+00,1.367981672286987305e+00,1.272351264953613281e+00,1.454392313957214355e+00,1.747042417526245117e+00,1.778463602066040039e+00,1.770676374435424805e+00,1.815677642822265625e+00,1.545748949050903320e+00,1.544013738632202148e+00,1.681146740913391113e+00,1.500365853309631348e+00,1.754701614379882812e+00,1.700916886329650879e+00,1.330699682235717773e+00,1.428607106208801270e+00,1.713686347007751465e+00,1.554428815841674805e+00,1.333382606506347656e+00,1.651457428932189941e+00,1.865990400314331055e+00,1.676345229148864746e+00,3.479733467102050781e+00,3.307886838912963867e+00,2.950008392333984375e+00,2.749109029769897461e+00,2.607723236083984375e+00,2.265195131301879883e+00,2.402449607849121094e+00,2.597532987594604492e+00,2.310341835021972656e+00,2.114856958389282227e+00,2.441901206970214844e+00,2.501078128814697266e+00,2.174018383026123047e+00,2.198785066604614258e+00,2.553578615188598633e+00,3.945084810256958008e+00,3.599731922149658203e+00,3.361531257629394531e+00,3.112952470779418945e+00,2.752836704254150391e+00,2.658200979232788086e+00,2.953304290771484375e+00,2.889281749725341797e+00,2.528569698333740234e+00,2.671625852584838867e+00,2.968960046768188477e+00,2.759361267089843750e+00,2.547292947769165039e+00,2.857211828231811523e+00,3.075221776962280273e+00
2.293559312820434570e+00,1.925407886505126953e+00,1.916519284248352051e+00,1.853957772254943848e+00,1.549009323120117188e+00,1.806367516517639160e+00,1.946633934974670410e+00,1.629482507705688477e+00,1.562909722328186035e+00,1.934956669807434082e+00,1.961506247520446777e+00,1.703379988670349121e+00,1.875251173973083496e+00,2.209398508071899414e+00,2.149996995925903320e+00,6.097621917724609375e-01,3.807185590267181396e-01,0.000000000000000000e+00,3.820866346359252930e-01,6.393988728523254395e-01,7.655594348907470703e-01,5.569298863410949707e-01,5.853747725486755371e-01,9.456689953804016113e-01,1.008511662483215332e+00,9.478684663772583008e-01,1.176141142845153809e+00,1.429317116737365723e+00,1.447195172309875488e+00,1.489245414733886719e+00,1.924957275390625000e+00,1.606127381324768066e+00,1.547367691993713379e+00,1.605508923530578613e+00,1.348479032516479492e+00,1.583775043487548828e+00,1.599624991416931152e+00,1.235016465187072754e+00,1.238762497901916504e+00,1.561910867691040039e+00,1.480416059494018555e+00,1.219163775444030762e+00,1.481078267097473145e+00,1.756222724914550781e+00,1.622991442680358887e+00,3.333805561065673828e+00,3.127863883972167969e+00,2.775301218032836914e+00,2.565194606781005859e+00,2.380382537841796875e+00,2.058018922805786133e+00,2.224500417709350586e+00,2.379866600036621094e+00,2.062818050384521484e+00,1.910864591598510742e+00,2.250668764114379883e+00,2.264953613281250000e+00,1.935641050338745117e+00,2.016355991363525391e+00,2.361403465270996094e+00,3.612867593765258789e+00,3.261710643768310547e+00,3.033988714218139648e+00,2.798033714294433594e+00,2.427983045578002930e+00,2.359224081039428711e+00,2.648469686508178711e+00,2.557385206222534180e+00,2.203495979309082031e+00,2.374885797500610352e+00,2.656618118286132812e+00,2.432406425476074219e+00,2.246680021286010742e+00,2.575575113296508789e+00,2.773161172866821289e+00
2.193731546401977539e+00,1.811221599578857422e+00,1.784703254699707031e+00,1.651990175247192383e+00,1.330544590950012207e+00,1.585947990417480469e+00,1.783786654472351074e+00,1.515411376953125000e+00,1.433717608451843262e+00,1.812142729759216309e+00,1.900695443153381348e+00,1.687355160713195801e+00,1.833657264709472656e+00,2.171351909637451172e+00,2.169181346893310547e+00,8.807636499404907227e-01,6.107132434844970703e-01,3.820866346359252930e-01,0.000000000000000000e+00,3.826533854007720947e-01,5.255674719810485840e-01,5.217097997665405273e-01,6.384061574935913086e-01,8.872340917587280273e-01,9.961189627647399902e-01,1.075092792510986328e+00,1.272666573524475098e+00,1.462108969688415527e+00,1.539679288864135742e+00,1.649051547050476074e+00,1.975850343704223633e+00,1.676469087600708008e+00,1.536468029022216797e+00,1.603642106056213379e+00,1.332995653152465820e+00,1.487093687057495117e+00,1.474087238311767578e+00,1.111424446105957031e+00,1.047796249389648438e+00,1.330422520637512207e+00,1.237172722816467285e+00,9.219970703125000000e-01,1.155129909515380859e+00,1.434345126152038574e+00,1.292296886444091797e+00,3.077370405197143555e+00,2.865599870681762695e+00,2.525897741317749023e+00,2.283771753311157227e+00,2.107006788253784180e+00,1.789401650428771973e+00,1.992694497108459473e+00,2.169950723648071289e+00,1.870938777923583984e+00,1.744868516921997070e+00,2.110965251922607422e+00,2.149023771286010742e+00,1.857820868492126465e+00,1.961632728576660156e+00,2.312757015228271484e+00,3.370908498764038086e+00,3.023092985153198242e+00,2.796689748764038086e+00,2.531281232833862305e+00,2.173655986785888672e+00,2.097877264022827148e+00,2.414520740509033203e+00,2.357650518417358398e+00,2.017006158828735352e+00,2.189524173736572266e+00,2.498146057128906250e+00,2.314859628677368164e+00,2.142060279846191406e+00,2.463514566421508789e+00,2.684663772583007812e+00
2.263610839843750000e+00,1.881476759910583496e+00,1.778467416763305664e+00,1.609593629837036133e+00,1.246105551719665527e+00,1.422750830650329590e+00,1.655759215354919434e+00,1.418690562248229980e+00,1.246545553207397461e+00,1.608870029449462891e+00,1.756044983863830566e+00,1.531269431114196777e+00,1.607537508010864258e+00,1.964056730270385742e+00,2.012570858001708984e+00,1.195527791976928711e+00,8.629004359245300293e-01,6.393988728523254395e-01,3.826533854007720947e-01,0.000000000000000000e+00,3.759729862213134766e-01,5.467631220817565918e-01,5.201258063316345215e-01,6.342641115188598633e-01,8.607275485992431641e-01,9.999445080757141113e-01,1.093883156776428223e+00,1.258171558380126953e+00,1.421972274780273438e+00,1.538409233093261719e+00,1.774911642074584961e+00,1.469868540763854980e+00,1.266017913818359375e+00,1.299963474273681641e+00,1.017614006996154785e+00,1.123882055282592773e+00,1.116876721382141113e+00,7.723053097724914551e-01,6.656831502914428711e-01,9.572885632514953613e-01,9.117358326911926270e-01,6.189249157905578613e-01,8.487400412559509277e-01,1.143093466758728027e+00,1.076614379882812500e+00,2.713354110717773438e+00,2.502782344818115234e+00,2.156757354736328125e+00,1.931256175041198730e+00,1.759050846099853516e+00,1.430876731872558594e+00,1.616713285446166992e+00,1.795023918151855469e+00,1.504555821418762207e+00,1.365014314651489258e+00,1.732663273811340332e+00,1.786668300628662109e+00,1.510894060134887695e+00,1.610537290573120117e+00,1.962943196296691895e+00,3.121203184127807617e+00,2.789131879806518555e+00,2.533011913299560547e+00,2.274949073791503906e+00,1.929119110107421875e+00,1.805764675140380859e+00,2.109208822250366211e+00,2.080469608306884766e+00,1.725504040718078613e+00,1.859342932701110840e+00,2.183172702789306641e+00,2.024548768997192383e+00,1.824933171272277832e+00,2.126793861389160156e+00,2.372111558914184570e+00
1.899611949920654297e+00,1.520370721817016602e+00,1.403258800506591797e+00,1.244641065597534180e+00,8.842614293098449707e-01,1.086826682090759277e+00,1.297845363616943359e+00,1.055960774421691895e+00,9.278185963630676270e-01,1.302063822746276855e+00,1.432752370834350586e+00,1.250776529312133789e+00,1.372335672378540039e+00,1.701776623725891113e+00,1.747085928916931152e+00,1.354069828987121582e+00,1.087514162063598633e+00,7.655594348907470703e-01,5.255674719810485840e-01,3.759729862213134766e-01,0.000000000000000000e+00,3.718759417533874512e-01,5.511157512664794922e-01,5.434921383857727051e-01,6.266875863075256348e-01,8.734496831893920898e-01,1.032765984535217285e+00,1.101415395736694336e+00,1.226774930953979492e+00,1.421693205833435059e+00,2.090820074081420898e+00,1.762372255325317383e+00,1.547528266906738281e+00,1.505150437355041504e+00,1.162759065628051758e+00,1.231054186820983887e+00,1.317194461822509766e+00,1.026274561882019043e+00,7.905901074409484863e-01,1.089467883110046387e+00,1.149147152900695801e+00,8.356738686561584473e-01,9.143185019493103027e-01,1.272742748260498047e+00,1.265414714813232422e+00,2.761867284774780273e+00,2.507456064224243164e+00,2.180574178695678711e+00,1.935502290725708008e+00,1.699507594108581543e+00,1.419890522956848145e+00,1.659022450447082520e+00,1.773529410362243652e+00,1.443849802017211914e+00,1.393500804901123047e+00,1.767150282859802246e+00,1.750435829162597656e+00,1.484092831611633301e+00,1.666708230972290039e+00,1.989982008934020996e+00,2.861032724380493164e+00,2.513208389282226562e+00,2.283816576004028320e+00,2.035126447677612305e+00,1.668767213821411133e+00,1.605935096740722656e+00,1.911888837814331055e+00,1.835890412330627441e+00,1.500059247016906738e+00,1.697322845458984375e+00,1.994774460792541504e+00,1.813777685165405273e+00,1.672029972076416016e+00,2.004794359207153320e+00,2.211910963058471680e+00
