,A1,A2,A3,A4,A5,A6,A7,A8,A9,A10,A11,A12,A13,A14,A15,B1,B2,B3,B4,B5,B6,B7,B8,B9,B10,B11,B12,B13,B14,B15,C1,C2,C3,C4,C5,C6,C7,C8,C9,C10,C11,C12,C13,C14,C15,D1,D2,D3,D4,D5,D6,D7,D8,D9,D10,D11,D12,D13,D14,D15,E1,E2,E3,E4,E5,E6,E7,E8,E9,E10,E11,E12,E13,E14,E15
A1,0.0,0.3855814039707184,0.6011294722557068,0.8784436583518982,1.1952370405197144,1.3592029809951782,1.139389991760254,1.1531128883361816,1.534793734550476,1.580789566040039,1.4221980571746826,1.6544654369354248,1.9506890773773193,1.9209078550338745,1.8569529056549072,2.663315534591675,2.6386680603027344,2.2935593128204346,2.1937315464019775,2.26361083984375,1.8996119499206543,1.8699020147323608,2.2020766735076904,2.1179141998291016,1.8071359395980835,2.025937795639038,2.3016357421875,2.110600709915161,1.949072003364563,2.280130624771118,3.93631649017334,3.5744733810424805,3.37923002243042,3.23224139213562,2.844116449356079,2.8594534397125244,3.0751640796661377,2.8705766201019287,2.5470471382141113,2.7738051414489746,2.9405393600463867,2.6207025051116943,2.491424083709717,2.842866897583008,2.8891286849975586,3.9567787647247314,3.598919630050659,3.398782968521118,3.12522554397583,2.772494077682495,2.7244133949279785,3.045492172241211,2.9728755950927734,2.6429176330566406,2.8333027362823486,3.130927562713623,2.923581600189209,2.757012367248535,3.0949206352233887,3.2772369384765625,2.6141514778137207,2.2545671463012695,2.3086187839508057,2.187889575958252,1.9051399230957031,2.1990373134613037,2.3924906253814697,2.1201889514923096,2.0794663429260254,2.4519269466400146,2.5129172801971436,2.2983572483062744,2.473350763320923,2.805978536605835,2.779364585876465
A2,0.3855814039707184,0.0,0.3754779100418091,0.6104820966720581,0.8649042248725891,1.0964893102645874,0.939846396446228,0.8844899535179138,1.2540550231933594,1.3758984804153442,1.2598140239715576,1.4345703125,1.7342283725738525,1.774101734161377,1.7258423566818237,2.3167598247528076,2.271692991256714,1.925407886505127,1.8112215995788574,1.8814767599105835,1.5203707218170166,1.5002349615097046,1.8414698839187622,1.7699251174926758,1.4757930040359497,1.7110240459442139,1.9947121143341064,1.8324944972991943,1.698484182357788,2.0297741889953613,3.572047233581543,3.2150139808654785,3.0182788372039795,2.8887553215026855,2.503086566925049,2.5262463092803955,2.7242355346679688,2.5049972534179688,2.1894140243530273,2.423969268798828,2.5738394260406494,2.2476577758789062,2.13698410987854,2.4932758808135986,2.526237726211548,3.6944427490234375,3.348721981048584,3.1256306171417236,2.8461313247680664,2.5038888454437256,2.4205245971679688,2.7416892051696777,2.698969602584839,2.361025333404541,2.523521661758423,2.8403561115264893,2.6595540046691895,2.4736199378967285,2.796499252319336,3.005223512649536,2.59560227394104,2.2206361293792725,2.215909242630005,2.0534896850585938,1.7319064140319824,1.982439637184143,2.2141036987304688,1.9667060375213623,1.8674941062927246,2.233741283416748,2.343466281890869,2.1258187294006348,2.253793478012085,2.601015329360962,2.617347240447998
A3,0.6011294722557068,0.3754779100418091,0.0,0.3838910758495331,0.6420049071311951,0.7805566787719727,0.5704061388969421,0.574887752532959,0.9437245726585388,1.0167211294174194,0.9288250207901001,1.1462467908859253,1.411775827407837,1.4372011423110962,1.4350430965423584,2.3827333450317383,2.2827565670013428,1.916519284248352,1.784703254699707,1.7784674167633057,1.4032588005065918,1.4225162267684937,1.7217661142349243,1.5777226686477661,1.291617751121521,1.5672591924667358,1.7970354557037354,1.584589958190918,1.4909701347351074,1.844329595565796,3.4074554443359375,3.049872875213623,2.832425117492676,2.6709046363830566,2.2845571041107178,2.274648666381836,2.4987378120422363,2.318936824798584,1.980203628540039,2.199652910232544,2.394932985305786,2.09940505027771,1.9552279710769653,2.3139584064483643,2.397979974746704,3.391392469406128,3.038097620010376,2.8214070796966553,2.560392379760742,2.203167200088501,2.143629312515259,2.454354763031006,2.379641532897949,2.043891191482544,2.233280658721924,2.5302927494049072,2.330125093460083,2.16736102104187,2.5065250396728516,2.6922929286956787,2.278104305267334,1.9008655548095703,1.8734807968139648,1.730914831161499,1.4007858037948608,1.6545296907424927,1.8624578714370728,1.5996932983398438,1.5079864263534546,1.8775830268859863,1.9720181226730347,1.7575962543487549,1.9023910760879517,2.2417707443237305,2.251520872116089
A4,0.8784436583518982,0.6104820966720581,0.3838910758495331,0.0,0.38154640793800354,0.5312620997428894,0.5148218870162964,0.6152665615081787,0.8767364621162415,0.9897568225860596,1.0485813617706299,1.238954782485962,1.437557339668274,1.5176392793655396,1.59401273727417,2.349262237548828,2.2070281505584717,1.8539577722549438,1.6519901752471924,1.6095936298370361,1.2446410655975342,1.3613924980163574,1.6568628549575806,1.4869384765625,1.2760456800460815,1.6075596809387207,1.8051179647445679,1.6057639122009277,1.5973658561706543,1.9507482051849365,3.267820119857788,2.9305167198181152,2.680363655090332,2.542128086090088,2.1675069332122803,2.114816904067993,2.303696632385254,2.133596897125244,1.7769050598144531,1.951861023902893,2.137805938720703,1.840798020362854,1.6568456888198853,1.9987760782241821,2.0890824794769287,3.0995233058929443,2.7507596015930176,2.5420970916748047,2.255619764328003,1.912902593612671,1.8580206632614136,2.1924595832824707,2.1464715003967285,1.8357741832733154,2.032930374145508,2.3470265865325928,2.1883654594421387,2.053483009338379,2.3844728469848633,2.586182117462158,2.1237170696258545,1.7436429262161255,1.6899186372756958,1.4837536811828613,1.150199055671692,1.3875598907470703,1.6457380056381226,1.4449973106384277,1.3477133512496948,1.7050460577011108,1.8533167839050293,1.6962323188781738,1.8179551362991333,2.1428492069244385,2.204721689224243
A5,1.1952370405197144,0.8649042248725891,0.6420049071311951,0.38154640793800354,0.0,0.37404900789260864,0.5443602800369263,0.5046802759170532,0.6278772950172424,0.8595095872879028,0.990298867225647,1.0736573934555054,1.2431275844573975,1.4117944240570068,1.5058575868606567,2.08379864692688,1.9010214805603027,1.5490093231201172,1.3305445909500122,1.2461055517196655,0.884261429309845,1.0429710149765015,1.3126161098480225,1.129450798034668,0.9664474725723267,1.32252037525177,1.4973264932632446,1.3304903507232666,1.377875804901123,1.7141075134277344,2.888489007949829,2.5549285411834717,2.30092716217041,2.1721503734588623,1.8010941743850708,1.752761721611023,1.9302059412002563,1.7523651123046875,1.3986046314239502,1.587990403175354,1.7706378698349,1.477272391319275,1.3140822649002075,1.6721386909484863,1.7646121978759766,2.855116605758667,2.5228779315948486,2.279907703399658,1.9987177848815918,1.6668341159820557,1.5583794116973877,1.8833985328674316,1.8686654567718506,1.542518138885498,1.7001640796661377,2.0339019298553467,1.904056191444397,1.743881344795227,2.054989814758301,2.2838478088378906,2.207291603088379,1.8322901725769043,1.7002310752868652,1.4679406881332397,1.0960084199905396,1.2354094982147217,1.5276044607162476,1.3637205362319946,1.1734453439712524,1.5046637058258057,1.710965633392334,1.5476073026657104,1.597117304801941,1.933933138847351,2.04537296295166
A6,1.3592029809951782,1.0964893102645874,0.7805566787719727,0.5312620997428894,0.37404900789260864,0.0,0.37116655707359314,0.5361863374710083,0.5298000574111938,0.6183183193206787,0.8584527373313904,1.0024731159210205,1.077189326286316,1.2063180208206177,1.380653738975525,2.374971628189087,2.1580429077148438,1.8063675165176392,1.5859479904174805,1.4227508306503296,1.0868266820907593,1.2764915227890015,1.4709559679031372,1.2008148431777954,1.0742305517196655,1.444600224494934,1.535304069519043,1.3005354404449463,1.403045415878296,1.7465145587921143,2.923464775085449,2.5974831581115723,2.3174986839294434,2.1474220752716064,1.787380337715149,1.6769208908081055,1.8866616487503052,1.7795766592025757,1.399419903755188,1.5381358861923218,1.786501407623291,1.5518019199371338,1.3258323669433594,1.6611049175262451,1.8283708095550537,2.611363649368286,2.2608611583709717,2.042530059814453,1.7820042371749878,1.4226185083389282,1.379753828048706,1.6965974569320679,1.623225450515747,1.3136858940124512,1.5373005867004395,1.8335111141204834,1.6735305786132812,1.5720932483673096,1.9101828336715698,2.0948612689971924,1.8607051372528076,1.4900641441345215,1.336432695388794,1.1252154111862183,0.7443147897720337,0.9077968001365662,1.169913649559021,0.9926568269729614,0.8365648984909058,1.1825757026672363,1.3663780689239502,1.2358107566833496,1.3281986713409424,1.640251874923706,1.7407200336456299
A7,1.139389991760254,0.939846396446228,0.5704061388969421,0.5148218870162964,0.5443602800369263,0.37116655707359314,0.0,0.3768145442008972,0.5525171160697937,0.5057918429374695,0.5994740724563599,0.8535469174385071,0.9925544261932373,1.0246418714523315,1.1518460512161255,2.4984822273254395,2.317500352859497,1.9466339349746704,1.783786654472351,1.6557592153549194,1.2978453636169434,1.3976250886917114,1.6021225452423096,1.3439438343048096,1.1264005899429321,1.4563937187194824,1.5699046850204468,1.2911641597747803,1.3113963603973389,1.6731189489364624,3.133713722229004,2.787562370300293,2.53464412689209,2.332545757293701,1.959416389465332,1.8830540180206299,2.13594913482666,2.0286035537719727,1.6621651649475098,1.8382525444030762,2.100177764892578,1.8676974773406982,1.671669840812683,2.0160210132598877,2.179365396499634,2.8849165439605713,2.5248725414276123,2.3163321018218994,2.086390495300293,1.712265133857727,1.6908754110336304,1.97955322265625,1.8586344718933105,1.5340123176574707,1.7673999071121216,2.031102418899536,1.8122225999832153,1.6983064413070679,2.0566322803497314,2.208388566970825,1.8611646890640259,1.4864177703857422,1.3860481977462769,1.2630388736724854,0.9100894331932068,1.1402610540390015,1.31490957736969,1.0413880348205566,0.9422317743301392,1.3139740228652954,1.4045718908309937,1.2112666368484497,1.3703454732894897,1.6925938129425049,1.71558678150177
A8,1.1531128883361816,0.8844899535179138,0.574887752532959,0.6152665615081787,0.5046802759170532,0.5361863374710083,0.3768145442008972,0.0,0.3874773383140564,0.5461471080780029,0.5184182524681091,0.6280156970024109,0.8718613982200623,0.9885731935501099,1.023522973060608,2.1722822189331055,2.0073649883270264,1.6294825077056885,1.515411376953125,1.41869056224823,1.055960774421692,1.0800305604934692,1.2920265197753906,1.0767987966537476,0.8007462024688721,1.1079987287521362,1.269984245300293,1.028936505317688,1.0000563859939575,1.3609751462936401,2.908752679824829,2.5471537113189697,2.3279449939727783,2.1340324878692627,1.748101830482483,1.738118052482605,1.9950348138809204,1.8441420793533325,1.5092370510101318,1.7505789995193481,1.9859297275543213,1.7374075651168823,1.614814043045044,1.983946442604065,2.109541416168213,3.003056526184082,2.662529945373535,2.4111618995666504,2.1907360553741455,1.830213189125061,1.7356926202774048,2.003756284713745,1.9167267084121704,1.554106593132019,1.7181681394577026,2.0037574768066406,1.7935972213745117,1.6053160429000854,1.9424651861190796,2.1290547847747803,2.2126877307891846,1.8429862260818481,1.7095704078674316,1.5792360305786133,1.2039446830749512,1.3560924530029297,1.5500471591949463,1.2871854305267334,1.0880550146102905,1.436228632926941,1.5581525564193726,1.3034666776657104,1.3842971324920654,1.7442145347595215,1.7843656539916992
A9,1.534793734550476,1.2540550231933594,0.9437245726585388,0.8767364621162415,0.6278772950172424,0.5298000574111938,0.5525171160697937,0.3874773383140564,0.0,0.37985220551490784,0.5591144561767578,0.5212882161140442,0.6204618811607361,0.8485533595085144,0.9718628525733948,2.1501710414886475,1.927370548248291,1.562909722328186,1.4337176084518433,1.2465455532073975,0.9278185963630676,1.0108702182769775,1.1226093769073486,0.821201503276825,0.6422091126441956,0.984518826007843,1.040393352508545,0.7775761485099792,0.8855783939361572,1.2231525182724,2.601834774017334,2.2491343021392822,2.009265184402466,1.795130729675293,1.4173856973648071,1.373055338859558,1.6464049816131592,1.5360832214355469,1.1934500932693481,1.4222365617752075,1.6939985752105713,1.4950207471847534,1.36722731590271,1.7252411842346191,1.8916254043579102,2.6692159175872803,2.339559555053711,2.07028865814209,1.875533938407898,1.5204520225524902,1.4079275131225586,1.646691083908081,1.5544703006744385,1.181873083114624,1.3368769884109497,1.6174416542053223,1.4136940240859985,1.2247940301895142,1.5638103485107422,1.7539021968841553,2.1465606689453125,1.795678973197937,1.589787483215332,1.4561023712158203,1.0766363143920898,1.1278786659240723,1.3158754110336304,1.0917967557907104,0.806018054485321,1.116391897201538,1.2836073637008667,1.0351064205169678,1.04642653465271,1.4117860794067383,1.5022798776626587
A10,1.580789566040039,1.3758984804153442,1.0167211294174194,0.9897568225860596,0.8595095872879028,0.6183183193206787,0.5057918429374695,0.5461471080780029,0.37985220551490784,0.0,0.38603663444519043,0.5373827815055847,0.5201966166496277,0.5891852378845215,0.8081825375556946,2.5201332569122314,2.298915386199951,1.934956669807434,1.8121427297592163,1.608870029449463,1.3020638227462769,1.3842722177505493,1.4697813987731934,1.1438138484954834,0.9736741185188293,1.2699100971221924,1.2680643796920776,0.9330599904060364,1.0304936170578003,1.364640235900879,2.844043254852295,2.4977753162384033,2.2504425048828125,1.9959869384765625,1.6385163068771362,1.5490388870239258,1.8544740676879883,1.8071808815002441,1.4606183767318726,1.6400998830795288,1.9547877311706543,1.7960255146026611,1.6230188608169556,1.954216718673706,2.166008472442627,2.646782636642456,2.2972488403320312,2.067336082458496,1.9056217670440674,1.5287950038909912,1.5009515285491943,1.7170603275299072,1.5442460775375366,1.2005400657653809,1.4302303791046143,1.642909049987793,1.3762474060058594,1.2610069513320923,1.630854845046997,1.7459772825241089,1.8620280027389526,1.5234856605529785,1.3305959701538086,1.2769157886505127,0.9346112012863159,1.0377702713012695,1.1270538568496704,0.8265796303749084,0.6242060661315918,0.961910605430603,1.0267490148544312,0.7607097029685974,0.8926295042037964,1.232036828994751,1.2503271102905273
A11,1.4221980571746826,1.2598140239715576,0.9288250207901001,1.0485813617706299,0.990298867225647,0.8584527373313904,0.5994740724563599,0.5184182524681091,0.5591144561767578,0.38603663444519043,0.0,0.38169971108436584,0.564306378364563,0.5145400762557983,0.554074764251709,2.5100152492523193,2.336186170578003,1.9615062475204468,1.9006954431533813,1.7560449838638306,1.4327523708343506,1.4186782836914062,1.5275124311447144,1.2602074146270752,0.992875337600708,1.215055227279663,1.2712262868881226,0.9347073435783386,0.8865756988525391,1.231532096862793,3.0042848587036133,2.6379401683807373,2.4334938526153564,2.171964406967163,1.8041927814483643,1.7827028036117554,2.1034164428710938,2.0224838256835938,1.7054041624069214,1.935605525970459,2.228882074356079,2.0475916862487793,1.9202810525894165,2.270439386367798,2.449615716934204,3.018526792526245,2.6725049018859863,2.437579870223999,2.2852277755737305,1.9111863374710083,1.8653305768966675,2.0694308280944824,1.8976411819458008,1.5430550575256348,1.7360765933990479,1.9389125108718872,1.6494026184082031,1.488937258720398,1.8458621501922607,1.9528030157089233,2.0942325592041016,1.7570514678955078,1.617740273475647,1.6022334098815918,1.2728097438812256,1.4165536165237427,1.4845792055130005,1.150606632232666,0.9932989478111267,1.3106639385223389,1.3146469593048096,0.9938881993293762,1.138228416442871,1.4781965017318726,1.4265919923782349
A12,1.6544654369354248,1.4345703125,1.1462467908859253,1.238954782485962,1.0736573934555054,1.0024731159210205,0.8535469174385071,0.6280156970024109,0.5212882161140442,0.5373827815055847,0.38169971108436584,0.0,0.3717115521430969,0.5397564172744751,0.499520480632782,2.252182960510254,2.0665974617004395,1.7033799886703491,1.6873551607131958,1.5312694311141968,1.2507765293121338,1.1879655122756958,1.2287694215774536,0.9720053672790527,0.7089731097221375,0.8748462200164795,0.8988760709762573,0.5649076104164124,0.5207748413085938,0.8644329905509949,2.671133041381836,2.297637701034546,2.119767427444458,1.853627324104309,1.4866923093795776,1.516568660736084,1.8460392951965332,1.7529691457748413,1.4780958890914917,1.7485014200210571,2.0281832218170166,1.8664339780807495,1.8003382682800293,2.151179790496826,2.314835786819458,2.971247434616089,2.650965929031372,2.3773443698883057,2.2459733486175537,1.8951141834259033,1.7873769998550415,1.953473687171936,1.8118513822555542,1.4355322122573853,1.5544341802597046,1.7624037265777588,1.488741397857666,1.2583733797073364,1.5860987901687622,1.7226799726486206,2.3699822425842285,2.0413169860839844,1.850226879119873,1.8098870515823364,1.4627606868743896,1.5195155143737793,1.607679843902588,1.3198901414871216,1.0637626647949219,1.3238333463668823,1.379680871963501,1.0312201976776123,1.0495247840881348,1.4132063388824463,1.4087563753128052
A13,1.9506890773773193,1.7342283725738525,1.411775827407837,1.437557339668274,1.2431275844573975,1.077189326286316,0.9925544261932373,0.8718613982200623,0.6204618811607361,0.5201966166496277,0.564306378364563,0.3717115521430969,0.0,0.37894296646118164,0.5490550398826599,2.448897123336792,2.2189557552337646,1.8752511739730835,1.8336572647094727,1.6075375080108643,1.37233567237854,1.3740791082382202,1.3373898267745972,1.0129148960113525,0.8762339353561401,1.0465489625930786,0.9293735027313232,0.5566956996917725,0.7010452151298523,0.9615007042884827,2.559755563735962,2.2046899795532227,2.0023066997528076,1.7001246213912964,1.3630924224853516,1.3298102617263794,1.6848170757293701,1.6667829751968384,1.393146276473999,1.6137949228286743,1.9365079402923584,1.838055968284607,1.7452967166900635,2.0627927780151367,2.2753865718841553,2.683605670928955,2.3685097694396973,2.1025431156158447,2.0147101879119873,1.6711554527282715,1.5913333892822266,1.710259199142456,1.5247260332107544,1.167019009590149,1.3067090511322021,1.4608592987060547,1.1543655395507812,0.9639967083930969,1.3108733892440796,1.4018734693527222,2.2108523845672607,1.9130334854125977,1.6765751838684082,1.6680995225906372,1.3556931018829346,1.3482122421264648,1.3774222135543823,1.112473487854004,0.8378371000289917,1.028206467628479,1.0642918348312378,0.707284688949585,0.6884012818336487,1.045998454093933,1.0520329475402832
A14,1.9209078550338745,1.774101734161377,1.4372011423110962,1.5176392793655396,1.4117944240570068,1.2063180208206177,1.0246418714523315,0.9885731935501099,0.8485533595085144,0.5891852378845215,0.5145400762557983,0.5397564172744751,0.37894296646118164,0.0,0.3684556782245636,2.7708139419555664,2.562939405441284,2.2093985080718994,2.171351909637451,1.9640567302703857,1.7017766237258911,1.6947665214538574,1.6927274465560913,1.381603717803955,1.2022466659545898,1.3572357892990112,1.2685292959213257,0.8963101506233215,0.9353518486022949,1.187833309173584,2.915933847427368,2.563845157623291,2.366560935974121,2.0512890815734863,1.7289289236068726,1.6798582077026367,2.0394835472106934,2.0402138233184814,1.757581114768982,1.9551687240600586,2.2906765937805176,2.189753770828247,2.0657355785369873,2.379413604736328,2.606646776199341,2.857248067855835,2.5258543491363525,2.300175428390503,2.226717233657837,1.8688108921051025,1.851943016052246,1.9718923568725586,1.7361950874328613,1.4138071537017822,1.6061478853225708,1.7126649618148804,1.367417812347412,1.249277949333191,1.5976173877716064,1.6197553873062134,2.0664854049682617,1.7861716747283936,1.5963871479034424,1.6639958620071411,1.3945130109786987,1.4548507928848267,1.4105565547943115,1.0832442045211792,0.9320030212402344,1.1339004039764404,1.0423383712768555,0.6701032519340515,0.8160126805305481,1.1067544221878052,0.9859192371368408
A15,1.8569529056549072,1.7258423566818237,1.4350430965423584,1.59401273727417,1.5058575868606567,1.380653738975525,1.1518460512161255,1.023522973060608,0.9718628525733948,0.8081825375556946,0.554074764251709,0.499520480632782,0.5490550398826599,0.3684556782245636,0.0,2.6702682971954346,2.5037829875946045,2.1499969959259033,2.1691813468933105,2.012570858001709,1.7470859289169312,1.6614458560943604,1.6694741249084473,1.4214544296264648,1.1777950525283813,1.2509373426437378,1.2151213884353638,0.8771061897277832,0.7693251371383667,1.0019476413726807,2.974475383758545,2.605463743209839,2.4528558254241943,2.144725799560547,1.8142244815826416,1.837885856628418,2.197312116622925,2.1544837951660156,1.9019874334335327,2.1497414112091064,2.4559669494628906,2.330195903778076,2.253061294555664,2.587376594543457,2.778256416320801,3.1886942386627197,2.865449905395508,2.621293306350708,2.5407087802886963,2.186349630355835,2.131237268447876,2.2535555362701416,2.0462071895599365,1.7036054134368896,1.8475890159606934,1.9709820747375488,1.6368471384048462,1.456620693206787,1.775441288948059,1.8182191848754883,2.3845255374908447,2.0943782329559326,1.933613896369934,1.9899095296859741,1.6983071565628052,1.7793008089065552,1.7664568424224854,1.4341129064559937,1.268458366394043,1.4835577011108398,1.408327579498291,1.0325990915298462,1.1289907693862915,1.4249427318572998,1.2946139574050903
B1,2.663315534591675,2.3167598247528076,2.3827333450317383,2.349262237548828,2.08379864692688,2.374971628189087,2.4984822273254395,2.1722822189331055,2.1501710414886475,2.5201332569122314,2.5100152492523193,2.252182960510254,2.448897123336792,2.7708139419555664,2.6702682971954346,0.0,0.3826412558555603,0.6097621917724609,0.8807636499404907,1.1955277919769287,1.3540698289871216,1.140843152999878,1.1657112836837769,1.543099284172058,1.5844993591308594,1.453004002571106,1.6891229152679443,1.9773015975952148,1.9428797960281372,1.9257699251174927,2.122443914413452,1.8611465692520142,1.8987245559692383,2.028520345687866,1.843088150024414,2.112898111343384,2.0775792598724365,1.708971619606018,1.7915557622909546,2.0861587524414062,1.9308918714523315,1.6922744512557983,1.9936425685882568,2.217926263809204,2.0110833644866943,3.8550233840942383,3.67513108253479,3.3197898864746094,3.110003709793091,2.954105854034424,2.6200361251831055,2.771740198135376,2.9549689292907715,2.653369903564453,2.473944902420044,2.8012325763702393,2.838038444519043,2.500495433807373,2.5388641357421875,2.8858237266540527,4.204236030578613,3.848045825958252,3.631708860397339,3.386301040649414,3.0170276165008545,2.956075429916382,3.253931760787964,3.163280487060547,2.8123812675476074,2.982926845550537,3.264105796813965,3.03236722946167,2.8419363498687744,3.1667771339416504,3.361079216003418
B2,2.6386680603027344,2.271692991256714,2.2827565670013428,2.2070281505584717,1.9010214805603027,2.1580429077148438,2.317500352859497,2.0073649883270264,1.927370548248291,2.298915386199951,2.336186170578003,2.0665974617004395,2.2189557552337646,2.562939405441284,2.5037829875946045,0.3826412558555603,0.0,0.38071855902671814,0.6107132434844971,0.86290043592453,1.0875141620635986,0.9315890669822693,0.8893174529075623,1.2543606758117676,1.3679816722869873,1.2723512649536133,1.4543923139572144,1.7470424175262451,1.77846360206604,1.7706763744354248,1.8156776428222656,1.5457489490509033,1.5440137386322021,1.6811467409133911,1.5003658533096313,1.7547016143798828,1.7009168863296509,1.3306996822357178,1.4286071062088013,1.7136863470077515,1.5544288158416748,1.3333826065063477,1.65145742893219,1.865990400314331,1.6763452291488647,3.479733467102051,3.307886838912964,2.9500083923339844,2.7491090297698975,2.6077232360839844,2.26519513130188,2.402449607849121,2.5975329875946045,2.3103418350219727,2.1148569583892822,2.441901206970215,2.5010781288146973,2.174018383026123,2.1987850666046143,2.5535786151885986,3.945084810256958,3.599731922149658,3.3615312576293945,3.112952470779419,2.7528367042541504,2.658200979232788,2.9533042907714844,2.889281749725342,2.5285696983337402,2.671625852584839,2.9689600467681885,2.7593612670898438,2.547292947769165,2.8572118282318115,3.0752217769622803
B3,2.2935593128204346,1.925407886505127,1.916519284248352,1.8539577722549438,1.5490093231201172,1.8063675165176392,1.9466339349746704,1.6294825077056885,1.562909722328186,1.934956669807434,1.9615062475204468,1.7033799886703491,1.8752511739730835,2.2093985080718994,2.1499969959259033,0.6097621917724609,0.38071855902671814,0.0,0.3820866346359253,0.6393988728523254,0.7655594348907471,0.556929886341095,0.5853747725486755,0.9456689953804016,1.0085116624832153,0.9478684663772583,1.1761411428451538,1.4293171167373657,1.4471951723098755,1.4892454147338867,1.924957275390625,1.606127381324768,1.5473676919937134,1.6055089235305786,1.3484790325164795,1.5837750434875488,1.5996249914169312,1.2350164651870728,1.2387624979019165,1.56191086769104,1.4804160594940186,1.2191637754440308,1.4810782670974731,1.7562227249145508,1.6229914426803589,3.333805561065674,3.127863883972168,2.775301218032837,2.565194606781006,2.380382537841797,2.058018922805786,2.2245004177093506,2.379866600036621,2.0628180503845215,1.9108645915985107,2.25066876411438,2.26495361328125,1.9356410503387451,2.0163559913635254,2.361403465270996,3.612867593765259,3.2617106437683105,3.0339887142181396,2.7980337142944336,2.427983045578003,2.3592240810394287,2.6484696865081787,2.557385206222534,2.203495979309082,2.3748857975006104,2.656618118286133,2.432406425476074,2.2466800212860107,2.575575113296509,2.7731611728668213
B4,2.1937315464019775,1.8112215995788574,1.784703254699707,1.6519901752471924,1.3305445909500122,1.5859479904174805,1.783786654472351,1.515411376953125,1.4337176084518433,1.8121427297592163,1.9006954431533813,1.6873551607131958,1.8336572647094727,2.171351909637451,2.1691813468933105,0.8807636499404907,0.6107132434844971,0.3820866346359253,0.0,0.3826533854007721,0.5255674719810486,0.5217097997665405,0.6384061574935913,0.887234091758728,0.99611896276474,1.0750927925109863,1.272666573524475,1.4621089696884155,1.5396792888641357,1.649051547050476,1.9758503437042236,1.676469087600708,1.5364680290222168,1.6036421060562134,1.3329956531524658,1.4870936870574951,1.4740872383117676,1.111424446105957,1.0477962493896484,1.3304225206375122,1.2371727228164673,0.9219970703125,1.1551299095153809,1.4343451261520386,1.2922968864440918,3.0773704051971436,2.8655998706817627,2.525897741317749,2.2837717533111572,2.107006788253784,1.789401650428772,1.9926944971084595,2.1699507236480713,1.870938777923584,1.744868516921997,2.1109652519226074,2.1490237712860107,1.8578208684921265,1.9616327285766602,2.3127570152282715,3.370908498764038,3.0230929851531982,2.796689748764038,2.5312812328338623,2.1736559867858887,2.097877264022827,2.414520740509033,2.3576505184173584,2.0170061588287354,2.1895241737365723,2.4981460571289062,2.314859628677368,2.1420602798461914,2.463514566421509,2.684663772583008
B5,2.26361083984375,1.8814767599105835,1.7784674167633057,1.6095936298370361,1.2461055517196655,1.4227508306503296,1.6557592153549194,1.41869056224823,1.2465455532073975,1.608870029449463,1.7560449838638306,1.5312694311141968,1.6075375080108643,1.9640567302703857,2.012570858001709,1.1955277919769287,0.86290043592453,0.6393988728523254,0.3826533854007721,0.0,0.3759729862213135,0.5467631220817566,0.5201258063316345,0.6342641115188599,0.8607275485992432,0.9999445080757141,1.0938831567764282,1.258171558380127,1.4219722747802734,1.5384092330932617,1.774911642074585,1.469868540763855,1.2660179138183594,1.2999634742736816,1.0176140069961548,1.1238820552825928,1.1168767213821411,0.7723053097724915,0.6656831502914429,0.9572885632514954,0.9117358326911926,0.6189249157905579,0.8487400412559509,1.143093466758728,1.0766143798828125,2.7133541107177734,2.5027823448181152,2.156757354736328,1.9312561750411987,1.7590508460998535,1.4308767318725586,1.616713285446167,1.7950239181518555,1.5045558214187622,1.3650143146514893,1.7326632738113403,1.786668300628662,1.5108940601348877,1.6105372905731201,1.962943196296692,3.1212031841278076,2.7891318798065186,2.5330119132995605,2.274949073791504,1.9291191101074219,1.8057646751403809,2.109208822250366,2.0804696083068848,1.7255040407180786,1.8593429327011108,2.1831727027893066,2.0245487689971924,1.8249331712722778,2.12679386138916,2.3721115589141846
B6,1.8996119499206543,1.5203707218170166,1.4032588005065918,1.2446410655975342,0.884261429309845,1.0868266820907593,1.2978453636169434,1.055960774421692,0.9278185963630676,1.3020638227462769,1.4327523708343506,1.2507765293121338,1.37233567237854,1.7017766237258911,1.7470859289169312,1.3540698289871216,1.0875141620635986,0.7655594348907471,0.5255674719810486,0.3759729862213135,0.0,0.37187594175338745,0.5511157512664795,0.5434921383857727,0.6266875863075256,0.8734496831893921,1.0327659845352173,1.1014153957366943,1.2267749309539795,1.421693205833435,2.090820074081421,1.7623722553253174,1.5475282669067383,1.5051504373550415,1.1627590656280518,1.2310541868209839,1.3171944618225098,1.026274561882019,0.7905901074409485,1.0894678831100464,1.1491471529006958,0.8356738686561584,0.9143185019493103,1.272742748260498,1.2654147148132324,2.7618672847747803,2.507456064224243,2.1805741786956787,1.935502290725708,1.6995075941085815,1.4198905229568481,1.6590224504470825,1.7735294103622437,1.443849802017212,1.393500804901123,1.7671502828598022,1.7504358291625977,1.4840928316116333,1.66670823097229,1.989982008934021,2.861032724380493,2.5132083892822266,2.2838165760040283,2.0351264476776123,1.6687672138214111,1.6059350967407227,1.911888837814331,1.8358904123306274,1.5000592470169067,1.6973228454589844,1.9947744607925415,1.8137776851654053,1.672029972076416,2.0047943592071533,2.2119109630584717
B7,1.8699020147323608,1.5002349615097046,1.4225162267684937,1.3613924980163574,1.0429710149765015,1.2764915227890015,1.3976250886917114,1.0800305604934692,1.0108702182769775,1.3842722177505493,1.4186782836914062,1.1879655122756958,1.3740791082382202,1.6947665214538574,1.6614458560943604,1.140843152999878,0.9315890669822693,0.556929886341095,0.5217097997665405,0.5467631220817566,0.37187594175338745,0.0,0.38174521923065186,0.5550593137741089,0.5062596201896667,0.6169580221176147,0.881041944026947,1.0116060972213745,1.0410505533218384,1.198502540588379,2.1121387481689453,1.7576128244400024,1.6129745244979858,1.5575225353240967,1.2095272541046143,1.3709428310394287,1.491017460823059,1.1811624765396118,1.0211443901062012,1.3668135404586792,1.4180182218551636,1.1339787244796753,1.2680341005325317,1.615057349205017,1.585984706878662,3.0681092739105225,2.8155391216278076,2.4794764518737793,2.2610812187194824,2.014606475830078,1.7363471984863281,1.9430853128433228,2.031765937805176,1.679371953010559,1.609138011932373,1.9578568935394287,1.9052720069885254,1.592833161354065,1.765010118484497,2.08223557472229,3.088169574737549,2.7328221797943115,2.51564359664917,2.3000431060791016,1.9200528860092163,1.885607123374939,2.1613919734954834,2.035494804382324,1.6946247816085815,1.906135082244873,2.1650726795196533,1.9293937683105469,1.7882195711135864,2.1392078399658203,2.3098089694976807
B8,2.2020766735076904,1.8414698839187622,1.7217661142349243,1.6568628549575806,1.3126161098480225,1.4709559679031372,1.6021225452423096,1.2920265197753906,1.1226093769073486,1.4697813987731934,1.5275124311447144,1.2287694215774536,1.3373898267745972,1.6927274465560913,1.6694741249084473,1.1657112836837769,0.8893174529075623,0.5853747725486755,0.6384061574935913,0.5201258063316345,0.5511157512664795,0.38174521923065186,0.0,0.38618582487106323,0.536249041557312,0.5127629637718201,0.6379196047782898,0.8763628602027893,0.982520341873169,1.0447649955749512,1.7621341943740845,1.3957788944244385,1.2703684568405151,1.2038336992263794,0.8708532452583313,1.094260573387146,1.2153558731079102,0.9113800525665283,0.8383339047431946,1.2077807188034058,1.261609435081482,1.0616958141326904,1.254995584487915,1.5670174360275269,1.5612255334854126,2.932868003845215,2.707855701446533,2.352480411529541,2.1809184551239014,1.9637311697006226,1.6585588455200195,1.7973564863204956,1.895281434059143,1.5552259683609009,1.4149913787841797,1.736691951751709,1.7083152532577515,1.3683428764343262,1.4810837507247925,1.8107211589813232,3.18460750579834,2.848266363143921,2.5933523178100586,2.397388458251953,2.030235528945923,1.9340569972991943,2.178708076477051,2.07625675201416,1.7047935724258423,1.851867437362671,2.1166627407073975,1.8827683925628662,1.6768709421157837,2.003430128097534,2.197479486465454
B9,2.1179141998291016,1.7699251174926758,1.5777226686477661,1.4869384765625,1.129450798034668,1.2008148431777954,1.3439438343048096,1.0767987966537476,0.821201503276825,1.1438138484954834,1.2602074146270752,0.9720053672790527,1.0129148960113525,1.381603717803955,1.4214544296264648,1.543099284172058,1.2543606758117676,0.9456689953804016,0.887234091758728,0.6342641115188599,0.5434921383857727,0.5550593137741089,0.38618582487106323,0.0,0.3744732141494751,0.5483758449554443,0.531899094581604,0.6275696158409119,0.8462463617324829,0.9837682843208313,1.8390668630599976,1.4753661155700684,1.27668297290802,1.1250706911087036,0.7419569492340088,0.8630974292755127,1.068564534187317,0.851384162902832,0.6479769945144653,1.0087751150131226,1.1756818294525146,1.0097779035568237,1.0997215509414673,1.430867314338684,1.5147435665130615,2.641904830932617,2.3939149379730225,2.047788381576538,1.8856921195983887,1.6380624771118164,1.3609590530395508,1.5057039260864258,1.5570281744003296,1.1984446048736572,1.1044174432754517,1.427891492843628,1.3633984327316284,1.0400314331054688,1.2171522378921509,1.5283780097961426,2.827087640762329,2.5005102157592773,2.232074737548828,2.053300380706787,1.693402647972107,1.5829030275344849,1.8062896728515625,1.7040495872497559,1.3270599842071533,1.4674854278564453,1.7311956882476807,1.5067715644836426,1.301481008529663,1.6320304870605469,1.8311229944229126
B10,1.8071359395980835,1.4757930040359497,1.291617751121521,1.2760456800460815,0.9664474725723267,1.0742305517196655,1.1264005899429321,0.8007462024688721,0.6422091126441956,0.9736741185188293,0.992875337600708,0.7089731097221375,0.8762339353561401,1.2022466659545898,1.1777950525283813,1.5844993591308594,1.3679816722869873,1.0085116624832153,0.99611896276474,0.8607275485992432,0.6266875863075256,0.5062596201896667,0.536249041557312,0.3744732141494751,0.0,0.37990909814834595,0.5551422238349915,0.5364716649055481,0.6011587977409363,0.835481584072113,2.1734426021575928,1.7975921630859375,1.6313306093215942,1.4602346420288086,1.0746021270751953,1.1968127489089966,1.4352037906646729,1.2248754501342773,0.9999313950538635,1.3445298671722412,1.5228254795074463,1.3130874633789062,1.35947847366333,1.719003677368164,1.7961910963058472,2.905083417892456,2.6276369094848633,2.301333427429199,2.1264243125915527,1.8347238302230835,1.6045814752578735,1.784508228302002,1.783581256866455,1.4020036458969116,1.3845281600952148,1.6898982524871826,1.554090142250061,1.2398895025253296,1.4746947288513184,1.7422090768814087,2.773932456970215,2.4293434619903564,2.2008326053619385,2.0460572242736816,1.6669962406158447,1.6381752490997314,1.8490225076675415,1.675037145614624,1.3294849395751953,1.5447287559509277,1.7531484365463257,1.4776922464370728,1.3494354486465454,1.7135534286499023,1.8453724384307861
B11,2.025937795639038,1.7110240459442139,1.5672591924667358,1.6075596809387207,1.32252037525177,1.444600224494934,1.4563937187194824,1.1079987287521362,0.984518826007843,1.2699100971221924,1.215055227279663,0.8748462200164795,1.0465489625930786,1.3572357892990112,1.2509373426437378,1.453004002571106,1.2723512649536133,0.9478684663772583,1.0750927925109863,0.9999445080757141,0.8734496831893921,0.6169580221176147,0.5127629637718201,0.5483758449554443,0.37990909814834595,0.0,0.38467562198638916,0.5584691762924194,0.5066240429878235,0.5833909511566162,2.0667307376861572,1.6782962083816528,1.5899251699447632,1.420640230178833,1.0678414106369019,1.2906275987625122,1.52426278591156,1.300796627998352,1.1804860830307007,1.5468672513961792,1.6885771751403809,1.5109652280807495,1.6304103136062622,1.967724084854126,2.015810251235962,3.145747661590576,2.89056658744812,2.549772262573242,2.407707452774048,2.1374740600585938,1.8872498273849487,2.0176520347595215,2.0226879119873047,1.6493682861328125,1.5729507207870483,1.8424283266067505,1.7090435028076172,1.3556010723114014,1.5286575555801392,1.7929688692092896,3.1045329570770264,2.7666444778442383,2.5344841480255127,2.4021618366241455,2.027845621109009,1.9866598844528198,2.171844005584717,1.989114761352539,1.6390191316604614,1.8209013938903809,2.004744529724121,1.7024234533309937,1.5422110557556152,1.890675663948059,2.0047054290771484
B12,2.3016357421875,1.9947121143341064,1.7970354557037354,1.8051179647445679,1.4973264932632446,1.535304069519043,1.5699046850204468,1.269984245300293,1.040393352508545,1.2680643796920776,1.2712262868881226,0.8988760709762573,0.9293735027313232,1.2685292959213257,1.2151213884353638,1.6891229152679443,1.4543923139572144,1.1761411428451538,1.272666573524475,1.0938831567764282,1.0327659845352173,0.881041944026947,0.6379196047782898,0.531899094581604,0.5551422238349915,0.38467562198638916,0.0,0.37432870268821716,0.533631443977356,0.5003992915153503,1.8461521863937378,1.4591723680496216,1.360439658164978,1.1270427703857422,0.7872641682624817,1.0132577419281006,1.2903141975402832,1.1427940130233765,1.0548135042190552,1.396788239479065,1.581254005432129,1.4869391918182373,1.5995413064956665,1.9037635326385498,2.00095796585083,2.9088284969329834,2.6707329750061035,2.3252339363098145,2.2329061031341553,1.981208324432373,1.7337398529052734,1.8012609481811523,1.785868763923645,1.4297922849655151,1.3181706666946411,1.539414882659912,1.40302574634552,1.0347791910171509,1.1767094135284424,1.4292187690734863,3.039285659790039,2.7271268367767334,2.459934949874878,2.35298752784729,2.0026369094848633,1.9055057764053345,2.0480756759643555,1.8913142681121826,1.5250691175460815,1.636731743812561,1.8152738809585571,1.5246891975402832,1.3034861087799072,1.6201351881027222,1.7541158199310303
B13,2.110600709915161,1.8324944972991943,1.584589958190918,1.6057639122009277,1.3304903507232666,1.3005354404449463,1.2911641597747803,1.028936505317688,0.7775761485099792,0.9330599904060364,0.9347073435783386,0.5649076104164124,0.5566956996917725,0.8963101506233215,0.8771061897277832,1.9773015975952148,1.7470424175262451,1.4293171167373657,1.4621089696884155,1.258171558380127,1.1014153957366943,1.0116060972213745,0.8763628602027893,0.6275696158409119,0.5364716649055481,0.5584691762924194,0.37432870268821716,0.0,0.37408772110939026,0.537569522857666,2.1291346549987793,1.7528523206710815,1.6039910316467285,1.3290067911148071,0.9749136567115784,1.0824801921844482,1.413814663887024,1.322580099105835,1.137000560760498,1.442372441291809,1.6961160898208618,1.5943092107772827,1.6190298795700073,1.9402908086776733,2.088407278060913,2.8093862533569336,2.5379245281219482,2.2175796031951904,2.1249842643737793,1.8310047388076782,1.6409674882888794,1.7323048114776611,1.648457646369934,1.2753307819366455,1.2588748931884766,1.4629615545272827,1.2494016885757446,0.9212644696235657,1.1673123836517334,1.362278699874878,2.7091267108917236,2.3998634815216064,2.143725633621216,2.0696728229522705,1.725877046585083,1.6603432893753052,1.7678333520889282,1.5716350078582764,1.226508617401123,1.368147373199463,1.5038368701934814,1.186877965927124,1.0153789520263672,1.358372449874878,1.451267123222351
