,A1,A2,A3,A4,A5,A6,A7,A8,A9,A10,A11,A12,A13,A14,A15,B1,B2,B3,B4,B5,B6,B7,B8,B9,B10,B11,B12,B13,B14,B15,C1,C2,C3,C4,C5,C6,C7,C8,C9,C10,C11,C12,C13,C14,C15,D1,D2,D3,D4,D5,D6,D7,D8,D9,D10,D11,D12,D13,D14,D15,E1,E2,E3,E4,E5,E6,E7,E8,E9,E10,E11,E12,E13,E14,E15
A1,0.0,0.38613569736480713,0.6016214489936829,0.8938530683517456,1.192937970161438,1.3678828477859497,1.1585760116577148,1.1864107847213745,1.5644015073776245,1.6136164665222168,1.4802002906799316,1.7254194021224976,2.0132951736450195,1.9752055406570435,1.9236953258514404,2.443798542022705,2.4401397705078125,2.1173911094665527,2.056227445602417,2.17618465423584,1.8373504877090454,1.7341490983963013,2.0707242488861084,2.0562350749969482,1.7396342754364014,1.883164882659912,2.1946399211883545,2.0731394290924072,1.8423784971237183,2.1012277603149414,3.8716988563537598,3.6263511180877686,3.3121955394744873,3.0240533351898193,2.8373725414276123,2.5531246662139893,2.7889957427978516,2.9542462825775146,2.6434733867645264,2.5713064670562744,2.929633140563965,2.9414258003234863,2.6437065601348877,2.7439706325531006,3.0952847003936768,3.9207077026367188,3.544083833694458,3.3830881118774414,3.119722604751587,2.767122268676758,2.7596170902252197,3.077112913131714,2.9728012084960938,2.6655375957489014,2.896848678588867,3.1747143268585205,2.9632513523101807,2.8334624767303467,3.1762704849243164,3.359475612640381,2.5931127071380615,2.2552521228790283,2.3156981468200684,2.2399652004241943,1.9652721881866455,2.257188081741333,2.412956714630127,2.11550235748291,2.087937355041504,2.4595024585723877,2.484975814819336,2.2692105770111084,2.4589879512786865,2.782411813735962,2.733001708984375
A2,0.38613569736480713,0.0,0.3696625530719757,0.6100871562957764,0.8528255224227905,1.0904759168624878,0.9473373889923096,0.9250688552856445,1.2865384817123413,1.406535029411316,1.3219753503799438,1.520493507385254,1.8053878545761108,1.833054780960083,1.8053693771362305,2.083834648132324,2.0625240802764893,1.7347493171691895,1.6739821434020996,1.7975891828536987,1.4665477275848389,1.3524501323699951,1.695778250694275,1.7026773691177368,1.3998442888259888,1.54520583152771,1.869686245918274,1.7823692560195923,1.5726062059402466,1.8247137069702148,3.4969868659973145,3.26084303855896,2.942601442337036,2.6592941284179688,2.488105297088623,2.191688060760498,2.4192678928375244,2.6012191772460938,2.3051624298095703,2.219677448272705,2.5808167457580566,2.6176624298095703,2.332566022872925,2.41876220703125,2.7740962505340576,3.6551506519317627,3.2839417457580566,3.1025383472442627,2.8256072998046875,2.481935977935791,2.4446632862091064,2.7694966793060303,2.6962742805480957,2.382200002670288,2.593008279800415,2.8924496173858643,2.708700656890869,2.5643057823181152,2.8931384086608887,3.1004505157470703,2.5579676628112793,2.1951277256011963,2.203068971633911,2.0794143676757812,1.768514633178711,2.0267162322998047,2.224097490310669,1.9505316019058228,1.8679736852645874,2.2406351566314697,2.3174941539764404,2.1013128757476807,2.247514486312866,2.5868098735809326,2.5825576782226562
A3,0.6016214489936829,0.3696625530719757,0.0,0.3821278214454651,0.6287474632263184,0.775884211063385,0.5842285752296448,0.6305673122406006,0.9870801568031311,1.0606404542922974,1.0101006031036377,1.2492423057556152,1.4979597330093384,1.5104560852050781,1.5277377367019653,2.1638522148132324,2.0787787437438965,1.7293106317520142,1.6167160272598267,1.6628903150558472,1.3012044429779053,1.2574049234390259,1.5821533203125,1.5103974342346191,1.2172820568084717,1.436771273612976,1.7151248455047607,1.5764877796173096,1.4169949293136597,1.7168420553207397,3.331812620162964,3.0698537826538086,2.759019374847412,2.473757743835449,2.261322021484375,1.9887465238571167,2.237633466720581,2.377903461456299,2.0593271255493164,2.0174171924591064,2.381403684616089,2.3790879249572754,2.1002395153045654,2.233985662460327,2.5771424770355225,3.3487606048583984,2.977308988571167,2.7989840507507324,2.5423073768615723,2.1848833560943604,2.166804075241089,2.4783213138580322,2.375903844833374,2.0654797554016113,2.297964334487915,2.577915668487549,2.378556251525879,2.256333351135254,2.597952365875244,2.7843024730682373,2.2351202964782715,1.8714157342910767,1.857378363609314,1.7497566938400269,1.4328908920288086,1.6913039684295654,1.8678730726242065,1.5842037200927734,1.5130406618118286,1.8865911960601807,1.9521245956420898,1.746170163154602,1.909713864326477,2.238525629043579,2.2313661575317383
A4,0.8938530683517456,0.6100871562957764,0.3821278214454651,0.0,0.38678857684135437,0.5386213064193726,0.5436429381370544,0.6832498908042908,0.9319050908088684,1.0452535152435303,1.1292864084243774,1.3436665534973145,1.5280107259750366,1.5899077653884888,1.6803398132324219,2.000614643096924,1.872471809387207,1.5379557609558105,1.3575457334518433,1.4021098613739014,1.0501881837844849,1.0902677774429321,1.434091567993164,1.3680379390716553,1.1496082544326782,1.4182789325714111,1.686650276184082,1.5830456018447876,1.4997135400772095,1.7956382036209106,3.0530104637145996,2.781562328338623,2.4884183406829834,2.178255796432495,1.9769108295440674,1.7235558032989502,2.0049052238464355,2.159623146057129,1.8674396276474,1.8596017360687256,2.234788656234741,2.2562570571899414,2.022603750228882,2.168715476989746,2.5046281814575195,3.056486129760742,2.6823723316192627,2.515094518661499,2.235708713531494,1.8934072256088257,1.8887511491775513,2.2222249507904053,2.145493268966675,1.8626803159713745,2.1080162525177,2.400634765625,2.2424440383911133,2.150174856185913,2.4802093505859375,2.6741340160369873,2.09951114654541,1.7180851697921753,1.6840240955352783,1.5105583667755127,1.1906230449676514,1.4452033042907715,1.6757762432098389,1.4511573314666748,1.3731698989868164,1.7456320524215698,1.8681704998016357,1.7179038524627686,1.859090805053711,2.175499677658081,2.21883225440979
A5,1.192937970161438,0.8528255224227905,0.6287474632263184,0.38678857684135437,0.0,0.369629442691803,0.5360043048858643,0.531151533126831,0.6608036756515503,0.8853452205657959,1.026395559310913,1.1444218158721924,1.3068788051605225,1.4518600702285767,1.556061029434204,1.762938380241394,1.5936747789382935,1.2441312074661255,1.0631790161132812,1.0525736808776855,0.685848593711853,0.7401028275489807,1.062454342842102,0.9838181734085083,0.7933107018470764,1.0858471393585205,1.335579514503479,1.2614381313323975,1.227026104927063,1.5087430477142334,2.706746816635132,2.443537712097168,2.1359877586364746,1.8454736471176147,1.6446083784103394,1.3678889274597168,1.6315228939056396,1.7893797159194946,1.5003628730773926,1.475374460220337,1.8509913682937622,1.887821912765503,1.6636065244674683,1.799743890762329,2.134455442428589,2.8443398475646973,2.483752727508545,2.2764861583709717,1.9951207637786865,1.6578826904296875,1.5950164794921875,1.924755334854126,1.8809268474578857,1.575368881225586,1.7825051546096802,2.0984420776367188,1.965438723564148,1.8433536291122437,2.1544840335845947,2.3755578994750977,2.193315267562866,1.8109655380249023,1.6976269483566284,1.4931124448776245,1.1287081241607666,1.2929725646972656,1.5578879117965698,1.3618450164794922,1.1873801946640015,1.5419615507125854,1.7214295864105225,1.55785071849823,1.6290748119354248,1.9618936777114868,2.053576946258545
A6,1.3678828477859497,1.0904759168624878,0.775884211063385,0.5386213064193726,0.369629442691803,0.0,0.36948487162590027,0.5524493455886841,0.5561474561691284,0.6540619134902954,0.898529052734375,1.067765235900879,1.1404707431793213,1.248929738998413,1.4272212982177734,2.0568416118621826,1.842325210571289,1.5031120777130127,1.2717441320419312,1.1625335216522217,0.8026145100593567,0.9767854809761047,1.2279949188232422,1.0375455617904663,0.9029011130332947,1.2591416835784912,1.4239588975906372,1.2792423963546753,1.3170682191848755,1.6345603466033936,2.6946897506713867,2.395000457763672,2.111229419708252,1.8149315118789673,1.5534605979919434,1.3383680582046509,1.6374411582946777,1.7249726057052612,1.410025715827942,1.4715466499328613,1.8381106853485107,1.813015341758728,1.610818862915039,1.8170901536941528,2.1221134662628174,2.579904079437256,2.212996482849121,2.0239129066467285,1.7714881896972656,1.410474181175232,1.4031156301498413,1.7152509689331055,1.616436243057251,1.3287729024887085,1.5898302793502808,1.8682633638381958,1.7111269235610962,1.642569661140442,1.9746003150939941,2.1548616886138916,1.8523973226547241,1.4753025770187378,1.337623119354248,1.149060845375061,0.7770495414733887,0.9568594098091125,1.1977461576461792,0.99750155210495,0.8577284216880798,1.222180962562561,1.3875620365142822,1.2652846574783325,1.3743880987167358,1.6783002614974976,1.7645063400268555
A7,1.1585760116577148,0.9473373889923096,0.5842285752296448,0.5436429381370544,0.5360043048858643,0.36948487162590027,0.0,0.3802497386932373,0.5590953230857849,0.527746856212616,0.6407775282859802,0.908033013343811,1.041237711906433,1.0605512857437134,1.1925835609436035,2.277198076248169,2.1004786491394043,1.7428126335144043,1.5642069578170776,1.472042441368103,1.0992305278778076,1.184754490852356,1.43270742893219,1.228345274925232,1.0011963844299316,1.327219843864441,1.497211217880249,1.2890651226043701,1.2561440467834473,1.6020033359527588,3.0158936977386475,2.719642400741577,2.4259181022644043,2.150516986846924,1.874931812286377,1.6526182889938354,1.9232792854309082,1.9869564771652222,1.6410354375839233,1.6789606809616089,2.033351421356201,1.9683563709259033,1.7164098024368286,1.9272478818893433,2.237183094024658,2.8389573097229004,2.4737234115600586,2.290140151977539,2.071387529373169,1.696969985961914,1.6996034383773804,1.9796196222305298,1.8347562551498413,1.5293834209442139,1.7909742593765259,2.0388665199279785,1.822539210319519,1.7380250692367554,2.0931339263916016,2.248934745788574,1.8369042873382568,1.4748221635818481,1.3787065744400024,1.28518545627594,0.9415188431739807,1.16163170337677,1.3091609477996826,1.0171997547149658,0.9316155910491943,1.3049383163452148,1.3753302097320557,1.1925582885742188,1.3649622201919556,1.6769211292266846,1.689325213432312
A8,1.1864107847213745,0.9250688552856445,0.6305673122406006,0.6832498908042908,0.531151533126831,0.5524493455886841,0.3802497386932373,0.0,0.3854243755340576,0.5369235873222351,0.5247842073440552,0.6651713848114014,0.8979284167289734,0.9980625510215759,1.0445233583450317,2.080408811569214,1.926261305809021,1.556383490562439,1.4518829584121704,1.3624091148376465,0.9977269768714905,0.9782546758651733,1.1943544149398804,1.0105013847351074,0.7097447514533997,0.9909214973449707,1.1799064874649048,0.9821458458900452,0.8941329121589661,1.2344989776611328,2.9313478469848633,2.6660871505737305,2.343291997909546,2.1060593128204346,1.8526889085769653,1.5811446905136108,1.793751835823059,1.8745518922805786,1.5247507095336914,1.4862890243530273,1.8318747282028198,1.7854565382003784,1.4929207563400269,1.6577783823013306,1.9864017963409424,2.98166561126709,2.632768154144287,2.4047868251800537,2.1856048107147217,1.820515751838684,1.74643874168396,2.0136468410491943,1.9049973487854004,1.5560249090194702,1.7495310306549072,2.0244691371917725,1.8132063150405884,1.6527928113937378,1.9909546375274658,2.18550181388855,2.1830976009368896,1.8291471004486084,1.6975376605987549,1.5972551107406616,1.230299472808838,1.3720513582229614,1.5320554971694946,1.2451332807540894,1.0551546812057495,1.4016443490982056,1.4966955184936523,1.2419556379318237,1.3364818096160889,1.6903294324874878,1.7185258865356445
A9,1.5644015073776245,1.2865384817123413,0.9870801568031311,0.9319050908088684,0.6608036756515503,0.5561474561691284,0.5590953230857849,0.3854243755340576,0.0,0.37142395973205566,0.5574074387550354,0.5563004612922668,0.651888370513916,0.8584917783737183,0.9908406138420105,2.074568510055542,1.863174557685852,1.5065464973449707,1.37478768825531,1.1859008073806763,0.8535757064819336,0.918194055557251,1.0364303588867188,0.7516054511070251,0.5482680201530457,0.8982661962509155,0.979306697845459,0.7561686038970947,0.8213013410568237,1.15602707862854,2.6305439472198486,2.3546030521392822,2.0381710529327393,1.822478175163269,1.5402179956436157,1.2928050756454468,1.4982879161834717,1.5312554836273193,1.1668357849121094,1.1693294048309326,1.5062698125839233,1.4305119514465332,1.1607578992843628,1.3725517988204956,1.6790608167648315,2.661674976348877,2.3279738426208496,2.076504707336426,1.8779323101043701,1.5179383754730225,1.4158844947814941,1.6569006443023682,1.5505808591842651,1.1886372566223145,1.3670005798339844,1.6429921388626099,1.4428889751434326,1.27806556224823,1.6135482788085938,1.8145543336868286,2.125241279602051,1.7841559648513794,1.5812537670135498,1.465029001235962,1.0912030935287476,1.1328898668289185,1.2969775199890137,1.0542213916778564,0.7731022834777832,1.0855802297592163,1.237259864807129,0.9950923919677734,1.0175806283950806,1.3771061897277832,1.4637335538864136
A10,1.6136164665222168,1.406535029411316,1.0606404542922974,1.0452535152435303,0.8853452205657959,0.6540619134902954,0.527746856212616,0.5369235873222351,0.37142395973205566,0.0,0.381323903799057,0.549667477607727,0.5404230952262878,0.5957193374633789,0.8118365406990051,2.4388155937194824,2.22188663482666,1.8679349422454834,1.709235429763794,1.5054398775100708,1.1749181747436523,1.281574010848999,1.398190975189209,1.083548903465271,0.9098623394966125,1.2421354055404663,1.2765430212020874,0.9856130480766296,1.0553334951400757,1.4069305658340454,2.8618154525756836,2.560107946395874,2.2687933444976807,2.0503485202789307,1.7280633449554443,1.539781928062439,1.7652443647384644,1.7380481958389282,1.3601977825164795,1.4326438903808594,1.7409170866012573,1.5951482057571411,1.338234305381775,1.6053473949432373,1.8739004135131836,2.625147581100464,2.288241147994995,2.0685057640075684,1.9146661758422852,1.5383715629577637,1.5075407028198242,1.711934208869934,1.526368260383606,1.1919910907745361,1.427377700805664,1.63356351852417,1.3714555501937866,1.2692433595657349,1.635346531867981,1.7679141759872437,1.8471095561981201,1.5310161113739014,1.3338711261749268,1.2980382442474365,0.9628279209136963,1.0352824926376343,1.0990279912948608,0.7884637713432312,0.5901254415512085,0.912218451499939,0.9641570448875427,0.710793137550354,0.8514033555984497,1.1805864572525024,1.199997067451477
A11,1.4802002906799316,1.3219753503799438,1.0101006031036377,1.1292864084243774,1.026395559310913,0.898529052734375,0.6407775282859802,0.5247842073440552,0.5574074387550354,0.381323903799057,0.0,0.38087642192840576,0.564627468585968,0.5133139491081238,0.5547688007354736,2.53790283203125,2.3670759201049805,2.0007212162017822,1.901566505432129,1.7393430471420288,1.3994207382202148,1.4111120700836182,1.5334796905517578,1.2580087184906006,0.9954829216003418,1.249579668045044,1.3081153631210327,0.9894975423812866,0.9403890371322632,1.2967169284820557,3.1471898555755615,2.866332769393921,2.5565500259399414,2.357769727706909,2.05291485786438,1.831655740737915,2.0194332599639893,2.0061731338500977,1.625023365020752,1.6319406032562256,1.9238468408584595,1.775598168373108,1.4660286903381348,1.6910523176193237,1.970703363418579,2.991818428039551,2.660965919494629,2.436105489730835,2.2895681858062744,1.915737509727478,1.8656599521636963,2.0584487915039062,1.874665379524231,1.5289617776870728,1.7242439985275269,1.9209604263305664,1.6339211463928223,1.4844895601272583,1.8412517309188843,1.9719879627227783,2.0699281692504883,1.7695969343185425,1.617753028869629,1.626949429512024,1.3067471981048584,1.4103577136993408,1.4420722723007202,1.0999929904937744,0.9475745558738708,1.2309997081756592,1.2086124420166016,0.8872571587562561,1.037692904472351,1.3684191703796387,1.3129441738128662
A12,1.7254194021224976,1.520493507385254,1.2492423057556152,1.3436665534973145,1.1444218158721924,1.067765235900879,0.908033013343811,0.6651713848114014,0.5563004612922668,0.549667477607727,0.38087642192840576,0.0,0.3697051405906677,0.5312209725379944,0.4940551817417145,2.414738893508911,2.240069627761841,1.88466477394104,1.832935094833374,1.6391944885253906,1.3450714349746704,1.3149304389953613,1.3496745824813843,1.0632327795028687,0.8181267380714417,1.0101546049118042,0.9948837757110596,0.6485980153083801,0.6314583420753479,0.9710409045219421,2.9577107429504395,2.702557325363159,2.3796088695526123,2.228778600692749,1.938433051109314,1.7019747495651245,1.8271129131317139,1.7995071411132812,1.4243963956832886,1.3825517892837524,1.6391041278839111,1.4851261377334595,1.1482634544372559,1.3506892919540405,1.6254161596298218,2.9801738262176514,2.6736021041870117,2.408369541168213,2.2728309631347656,1.9198912382125854,1.8029776811599731,1.9644829034805298,1.8170716762542725,1.4462740421295166,1.5627617835998535,1.7716360092163086,1.501124382019043,1.2773678302764893,1.6049867868423462,1.7711925506591797,2.3526597023010254,2.0574026107788086,1.8573017120361328,1.838550329208374,1.502327799797058,1.5228559970855713,1.5738481283187866,1.2791849374771118,1.027502417564392,1.2470351457595825,1.2770594358444214,0.9239286184310913,0.9347169995307922,1.2931511402130127,1.289075255393982
A13,2.0132951736450195,1.8053878545761108,1.4979597330093384,1.5280107259750366,1.3068788051605225,1.1404707431793213,1.041237711906433,0.8979284167289734,0.651888370513916,0.5404230952262878,0.564627468585968,0.3697051405906677,0.0,0.3729628324508667,0.5423388481140137,2.5823922157287598,2.3627548217773438,2.0237908363342285,1.9302966594696045,1.6727850437164307,1.4107284545898438,1.4627411365509033,1.447972297668457,1.0967270135879517,0.9667689204216003,1.199514389038086,1.0889520645141602,0.7304002642631531,0.8776481747627258,1.1768527030944824,2.826453685760498,2.551157236099243,2.2538745403289795,2.119523763656616,1.7950894832611084,1.618347406387329,1.7461880445480347,1.6468883752822876,1.2672282457351685,1.3069126605987549,1.529051423072815,1.307470440864563,1.0169340372085571,1.299422025680542,1.51825749874115,2.693328619003296,2.403670072555542,2.138796329498291,2.0473804473876953,1.7044340372085571,1.6019926071166992,1.7122169733047485,1.5290910005569458,1.174479603767395,1.2947036027908325,1.4546834230422974,1.156732439994812,0.9600570201873779,1.304520845413208,1.4333010911941528,2.1961727142333984,1.93051016330719,1.6846843957901,1.6870275735855103,1.3843185901641846,1.3348126411437988,1.3345279693603516,1.0749669075012207,0.8037539720535278,0.9394752383232117,0.9625677466392517,0.6096654534339905,0.5676497220993042,0.9250332117080688,0.9484953284263611
A14,1.9752055406570435,1.833054780960083,1.5104560852050781,1.5899077653884888,1.4518600702285767,1.248929738998413,1.0605512857437134,0.9980625510215759,0.8584917783737183,0.5957193374633789,0.5133139491081238,0.5312209725379944,0.3729628324508667,0.0,0.3610840439796448,2.883754253387451,2.676361083984375,2.3260395526885986,2.2164039611816406,1.9799119234085083,1.6861157417297363,1.7459925413131714,1.7799924612045288,1.4385675191879272,1.2705565690994263,1.5106613636016846,1.4383184909820557,1.0734448432922363,1.142983078956604,1.4559980630874634,3.1632132530212402,2.871957778930664,2.588029146194458,2.434757947921753,2.0943121910095215,1.9374943971633911,2.094618797302246,1.9874396324157715,1.606820821762085,1.6732652187347412,1.895280122756958,1.6555582284927368,1.3784409761428833,1.6628552675247192,1.8663220405578613,2.8353352546691895,2.5389161109924316,2.3120038509368896,2.242915630340576,1.8877586126327515,1.8473867177963257,1.9514107704162598,1.7145668268203735,1.3973077535629272,1.568767786026001,1.6745511293411255,1.3351325988769531,1.2122350931167603,1.5616083145141602,1.620681881904602,2.0304038524627686,1.795916199684143,1.5891879796981812,1.6692163944244385,1.4097825288772583,1.4181925058364868,1.3395780324935913,1.0236223936080933,0.8817744851112366,1.0181596279144287,0.9002265334129333,0.5293847918510437,0.6817354559898376,0.9556124806404114,0.8402748107910156
A15,1.9236953258514404,1.8053693771362305,1.5277377367019653,1.6803398132324219,1.556061029434204,1.4272212982177734,1.1925835609436035,1.0445233583450317,0.9908406138420105,0.8118365406990051,0.5547688007354736,0.4940551817417145,0.5423388481140137,0.3610840439796448,0.0,2.9020893573760986,2.733555555343628,2.3780710697174072,2.3215689659118652,2.118330955505371,1.8213000297546387,1.807020664215088,1.837913155555725,1.53745698928833,1.311421275138855,1.4765706062316895,1.42085599899292,1.0576928853988647,1.0275611877441406,1.3147454261779785,3.3541691303253174,3.0878918170928955,2.782867193222046,2.646432399749756,2.329359769821167,2.1331844329833984,2.256091833114624,2.1752421855926514,1.798441767692566,1.795868158340454,2.0056381225585938,1.7848135232925415,1.4641475677490234,1.6899675130844116,1.9057189226150513,3.1740524768829346,2.8808834552764893,2.639533042907715,2.558410167694092,2.2043204307556152,2.131509780883789,2.242891311645508,2.0328752994537354,1.6963858604431152,1.8252595663070679,1.9488939046859741,1.6189329624176025,1.4381517171859741,1.760371208190918,1.8423258066177368,2.334265947341919,2.095935821533203,1.9181714057922363,1.994921088218689,1.7165993452072144,1.7484129667282104,1.6938592195510864,1.3679378032684326,1.2152776718139648,1.3663822412490845,1.256285309791565,0.883797824382782,0.9777978658676147,1.251513957977295,1.1159592866897583
B1,2.443798542022705,2.083834648132324,2.1638522148132324,2.000614643096924,1.762938380241394,2.0568416118621826,2.277198076248169,2.080408811569214,2.074568510055542,2.4388155937194824,2.53790283203125,2.414738893508911,2.5823922157287598,2.883754253387451,2.9020893573760986,0.0,0.3796866834163666,0.5948471426963806,0.8946022391319275,1.1959420442581177,1.3716267347335815,1.1584817171096802,1.1730074882507324,1.5568938255310059,1.618652105331421,1.478615164756775,1.7101908922195435,2.0072853565216064,1.979095458984375,1.9163808822631836,2.2287797927856445,2.215894937515259,1.925291657447815,1.7962911128997803,1.9530879259109497,1.6461960077285767,1.6080741882324219,1.9779571294784546,1.9911166429519653,1.7396831512451172,1.9357420206069946,2.254451274871826,2.1671533584594727,1.9980950355529785,2.2669589519500732,3.547447443008423,3.286106824874878,3.017914295196533,2.69053316116333,2.5505223274230957,2.3008675575256348,2.5824501514434814,2.7879810333251953,2.539079427719116,2.5012106895446777,2.878873586654663,2.9423515796661377,2.7205240726470947,2.8345437049865723,3.1743996143341064,3.8156204223632812,3.4388136863708496,3.2744483947753906,2.9737672805786133,2.643878221511841,2.638882637023926,2.9841747283935547,2.9205868244171143,2.6252975463867188,2.8534419536590576,3.1567673683166504,2.9933252334594727,2.8691930770874023,3.193819046020508,3.4048593044281006
B2,2.4401397705078125,2.0625240802764893,2.0787787437438965,1.872471809387207,1.5936747789382935,1.842325210571289,2.1004786491394043,1.926261305809021,1.863174557685852,2.22188663482666,2.3670759201049805,2.240069627761841,2.3627548217773438,2.676361083984375,2.733555555343628,0.3796866834163666,0.0,0.3716795742511749,0.603128969669342,0.8588926196098328,1.0961588621139526,0.9573869705200195,0.9315856695175171,1.2941759824752808,1.4235576391220093,1.340381383895874,1.5290086269378662,1.817720651626587,1.853184700012207,1.8217687606811523,1.899863839149475,1.8572757244110107,1.5625697374343872,1.4182682037353516,1.5771152973175049,1.2807320356369019,1.2514710426330566,1.6266835927963257,1.657591700553894,1.4368752241134644,1.6407586336135864,1.960030436515808,1.906509280204773,1.7702245712280273,2.028775691986084,3.1706461906433105,2.914673328399658,2.6438796520233154,2.318930149078369,2.1920392513275146,1.935666561126709,2.2131946086883545,2.4310336112976074,2.1998884677886963,2.1580824851989746,2.533714771270752,2.617297410964966,2.4156100749969482,2.5212759971618652,2.8564109802246094,3.549730062484741,3.1811351776123047,2.9945931434631348,2.6853928565979004,2.3652329444885254,2.32735013961792,2.6761515140533447,2.643049955368042,2.341888904571533,2.546788215637207,2.868185043334961,2.7318804264068604,2.5940027236938477,2.901285171508789,3.133085250854492
B3,2.1173911094665527,1.7347493171691895,1.7293106317520142,1.5379557609558105,1.2441312074661255,1.5031120777130127,1.7428126335144043,1.556383490562439,1.5065464973449707,1.8679349422454834,2.0007212162017822,1.88466477394104,2.0237908363342285,2.3260395526885986,2.3780710697174072,0.5948471426963806,0.3716795742511749,0.0,0.38057470321655273,0.6384299993515015,0.7824227213859558,0.5918997526168823,0.6310537457466125,0.9913837909698486,1.073723316192627,1.0187588930130005,1.2482316493988037,1.5038753747940063,1.5219948291778564,1.5319291353225708,2.017735242843628,1.9142632484436035,1.5872228145599365,1.4050557613372803,1.47184157371521,1.1318717002868652,1.1609177589416504,1.5118441581726074,1.4598095417022705,1.2388381958007812,1.5033808946609497,1.7779115438461304,1.6713732481002808,1.5721498727798462,1.870583176612854,3.0696840286254883,2.788053274154663,2.5127716064453125,2.1925439834594727,2.011542320251465,1.7671984434127808,2.0625624656677246,2.2339963912963867,1.9672149419784546,1.959007978439331,2.3395302295684814,2.3779406547546387,2.168978214263916,2.3163790702819824,2.6438076496124268,3.2626001834869385,2.889676570892334,2.7067456245422363,2.4175024032592773,2.0773732662200928,2.0611660480499268,2.3985791206359863,2.3316540718078613,2.0310590267181396,2.2604360580444336,2.5625150203704834,2.4064714908599854,2.289232015609741,2.612741231918335,2.822761297225952
B4,2.056227445602417,1.6739821434020996,1.6167160272598267,1.3575457334518433,1.0631790161132812,1.2717441320419312,1.5642069578170776,1.4518829584121704,1.37478768825531,1.709235429763794,1.901566505432129,1.832935094833374,1.9302966594696045,2.2164039611816406,2.3215689659118652,0.8946022391319275,0.603128969669342,0.38057470321655273,0.0,0.3929223120212555,0.5465278029441833,0.5549653172492981,0.6793322563171387,0.9285666942596436,1.050727128982544,1.1290532350540161,1.3340493440628052,1.5254364013671875,1.5920662879943848,1.676169514656067,1.9224141836166382,1.7596662044525146,1.452208161354065,1.1948570013046265,1.2286068201065063,0.9125884175300598,1.051379919052124,1.3873239755630493,1.3219114542007446,1.1941285133361816,1.4983189105987549,1.7374093532562256,1.657009243965149,1.637575387954712,1.928908348083496,2.7642264366149902,2.467987537384033,2.215496778488159,1.8785414695739746,1.6952011585235596,1.4869771003723145,1.8119373321533203,1.9748996496200562,1.735731840133667,1.7761752605438232,2.1520447731018066,2.1967878341674805,2.0388405323028564,2.2071914672851562,2.512425184249878,2.9476406574249268,2.578343152999878,2.397611141204834,2.0884015560150146,1.767585039138794,1.7525595426559448,2.106834650039673,2.071375608444214,1.797035813331604,2.028102159500122,2.342087507247925,2.2302298545837402,2.136854648590088,2.441697120666504,2.6597907543182373
B5,2.17618465423584,1.7975891828536987,1.6628903150558472,1.4021098613739014,1.0525736808776855,1.1625335216522217,1.472042441368103,1.3624091148376465,1.1859008073806763,1.5054398775100708,1.7393430471420288,1.6391944885253906,1.6727850437164307,1.9799119234085083,2.118330955505371,1.1959420442581177,0.8588926196098328,0.6384299993515015,0.3929223120212555,0.0,0.37628278136253357,0.5534140467643738,0.5335489511489868,0.6543130278587341,0.8872637748718262,1.0267283916473389,1.1334691047668457,1.2995262145996094,1.4498398303985596,1.551391363143921,1.702435851097107,1.4962583780288696,1.1704444885253906,0.9145660400390625,0.87782222032547,0.5356851816177368,0.7113604545593262,1.014935851097107,0.9345373511314392,0.84978187084198,1.16656494140625,1.3799439668655396,1.330343246459961,1.3563885688781738,1.627081274986267,2.447298049926758,2.159104824066162,1.8810169696807861,1.565717339515686,1.376034140586853,1.1311582326889038,1.440208911895752,1.6067144870758057,1.3643549680709839,1.385118007659912,1.7615196704864502,1.81886887550354,1.6670407056808472,1.8246477842330933,2.127310037612915,2.7641236782073975,2.4102578163146973,2.1856119632720947,1.8872509002685547,1.5668940544128418,1.4848287105560303,1.826750636100769,1.8175864219665527,1.5133291482925415,1.7014278173446655,2.0349912643432617,1.9400532245635986,1.8118977546691895,2.098268985748291,2.3407630920410156
B6,1.8373504877090454,1.4665477275848389,1.3012044429779053,1.0501881837844849,0.685848593711853,0.8026145100593567,1.0992305278778076,0.9977269768714905,0.8535757064819336,1.1749181747436523,1.3994207382202148,1.3450714349746704,1.4107284545898438,1.6861157417297363,1.8213000297546387,1.3716267347335815,1.0961588621139526,0.7824227213859558,0.5465278029441833,0.37628278136253357,0.0,0.377656489610672,0.5493851900100708,0.5451289415359497,0.6453943252563477,0.8862040042877197,1.0498995780944824,1.1271231174468994,1.2361971139907837,1.411597490310669,2.036839485168457,1.7986598014831543,1.4760940074920654,1.2058025598526,1.0647997856140137,0.7369641661643982,0.9734461307525635,1.1956406831741333,0.9929001331329346,0.9357569217681885,1.3030823469161987,1.434235692024231,1.3032466173171997,1.3868422508239746,1.6950898170471191,2.514085054397583,2.1931188106536865,1.9307835102081299,1.6265428066253662,1.3602652549743652,1.173723816871643,1.502746820449829,1.582671046257019,1.2946592569351196,1.3926639556884766,1.7592172622680664,1.7396820783615112,1.589748501777649,1.8159537315368652,2.0948851108551025,2.5066933631896973,2.1412134170532227,1.9369206428527832,1.66427743434906,1.3125526905059814,1.2931634187698364,1.621909499168396,1.5519022941589355,1.2631208896636963,1.5125166177749634,1.80905282497406,1.6861933469772339,1.6120855808258057,1.9254196882247925,2.125537633895874
B7,1.7341490983963013,1.3524501323699951,1.2574049234390259,1.0902677774429321,0.7401028275489807,0.9767854809761047,1.184754490852356,0.9782546758651733,0.918194055557251,1.281574010848999,1.4111120700836182,1.3149304389953613,1.4627411365509033,1.7459925413131714,1.807020664215088,1.1584817171096802,0.9573869705200195,0.5918997526168823,0.5549653172492981,0.5534140467643738,0.377656489610672,0.0,0.3782375752925873,0.5605034232139587,0.5287180542945862,0.6281575560569763,0.8939424753189087,1.0356500148773193,1.0529004335403442,1.1770156621932983,2.2022180557250977,2.013695001602173,1.6671441793441772,1.449440836906433,1.3561687469482422,0.9954416155815125,1.1249979734420776,1.3780992031097412,1.1803585290908813,1.0045613050460815,1.3521320819854736,1.5151301622390747,1.3275593519210815,1.3293696641921997,1.669638752937317,2.867755651473999,2.5553653240203857,2.278749942779541,1.9851738214492798,1.7217553853988647,1.5101770162582397,1.8138154745101929,1.896002173423767,1.5778892040252686,1.6322314739227295,2.0029118061065674,1.9629632234573364,1.7540745735168457,1.9718235731124878,2.2724268436431885,2.7877843379974365,2.415973663330078,2.2288498878479004,1.9827865362167358,1.6146608591079712,1.623112440109253,1.9272863864898682,1.806462049484253,1.5051909685134888,1.7679277658462524,2.0345520973205566,1.851203203201294,1.76888906955719,2.111905097961426,2.287053108215332
B8,2.0707242488861084,1.695778250694275,1.5821533203125,1.434091567993164,1.062454342842102,1.2279949188232422,1.43270742893219,1.1943544149398804,1.0364303588867188,1.398190975189209,1.5334796905517578,1.3496745824813843,1.447972297668457,1.7799924612045288,1.837913155555725,1.1730074882507324,0.9315856695175171,0.6310537457466125,0.6793322563171387,0.5335489511489868,0.5493851900100708,0.3782375752925873,0.0,0.3912239968776703,0.5443840026855469,0.5258684158325195,0.6593495011329651,0.8992562294006348,1.000639796257019,1.041292428970337,1.9534711837768555,1.7927557229995728,1.4294434785842896,1.28536856174469,1.2135252952575684,0.8460168242454529,0.8604204654693604,1.111554741859436,0.9538295865058899,0.6967080235481262,1.0096688270568848,1.2157409191131592,1.057479977607727,1.0019370317459106,1.3290600776672363,2.790357828140259,2.5109429359436035,2.2003121376037598,1.93426513671875,1.7052664756774902,1.4302730560302734,1.6823217868804932,1.80399489402771,1.486153244972229,1.4543200731277466,1.827973484992981,1.8246550559997559,1.5785515308380127,1.741317629814148,2.068037748336792,2.9636447429656982,2.6078786849975586,2.3785924911499023,2.139409065246582,1.7785524129867554,1.71070396900177,1.9985315799713135,1.9078357219696045,1.5611693859100342,1.7585450410842896,2.0481746196746826,1.8627992868423462,1.7070481777191162,2.0355961322784424,2.245739221572876
B9,2.0562350749969482,1.7026773691177368,1.5103974342346191,1.3680379390716553,0.9838181734085083,1.0375455617904663,1.228345274925232,1.0105013847351074,0.7516054511070251,1.083548903465271,1.2580087184906006,1.0632327795028687,1.0967270135879517,1.4385675191879272,1.53745698928833,1.5568938255310059,1.2941759824752808,0.9913837909698486,0.9285666942596436,0.6543130278587341,0.5451289415359497,0.5605034232139587,0.3912239968776703,0.0,0.37199774384498596,0.558182418346405,0.5507493615150452,0.649651050567627,0.8572473526000977,0.9888114929199219,1.990842580795288,1.774678111076355,1.421811580657959,1.270973563194275,1.0867589712142944,0.7563487887382507,0.8347107172012329,0.9611706733703613,0.6893872022628784,0.5172754526138306,0.881977379322052,0.9739313125610352,0.7827112674713135,0.8579776287078857,1.1818110942840576,2.5516574382781982,2.2661759853363037,1.9513132572174072,1.7201465368270874,1.4545756578445435,1.1929030418395996,1.423779845237732,1.4896585941314697,1.1437536478042603,1.1369900703430176,1.499558687210083,1.4567562341690063,1.214675784111023,1.417723536491394,1.725590467453003,2.6702933311462402,2.330333709716797,2.0768916606903076,1.8686542510986328,1.5094475746154785,1.4113174676895142,1.6643550395965576,1.5677616596221924,1.203586459159851,1.3827322721481323,1.6671088933944702,1.4827733039855957,1.3172324895858765,1.6450284719467163,1.8572334051132202
B10,1.7396342754364014,1.3998442888259888,1.2172820568084717,1.1496082544326782,0.7933107018470764,0.9029011130332947,1.0011963844299316,0.7097447514533997,0.5482680201530457,0.9098623394966125,0.9954829216003418,0.8181267380714417,0.9667689204216003,1.2705565690994263,1.311421275138855,1.618652105331421,1.4235576391220093,1.073723316192627,1.050727128982544,0.8872637748718262,0.6453943252563477,0.5287180542945862,0.5443840026855469,0.37199774384498596,0.0,0.37995773553848267,0.5428675413131714,0.5362749695777893,0.5916438102722168,0.8056772947311401,2.357687473297119,2.142908811569214,1.790549635887146,1.6217031478881836,1.4277328252792358,1.0991792678833008,1.2034602165222168,1.3252533674240112,1.0224716663360596,0.8582739233970642,1.197061538696289,1.240491509437561,0.9628567099571228,1.0343575477600098,1.3856406211853027,2.822376251220703,2.515521764755249,2.2200653553009033,1.9905222654342651,1.6847656965255737,1.4745829105377197,1.7182526588439941,1.7245659828186035,1.3561066389083862,1.4062316417694092,1.7433264255523682,1.6288254261016846,1.3788487911224365,1.6323546171188354,1.9139760732650757,2.6318092346191406,2.2816593647003174,2.065502405166626,1.892405390739441,1.5128270387649536,1.4948538541793823,1.7211568355560303,1.5454130172729492,1.2108639478683472,1.4558032751083374,1.6758407354354858,1.4333066940307617,1.3341540098190308,1.6968257427215576,1.8431227207183838
B11,1.883164882659912,1.54520583152771,1.436771273612976,1.4182789325714111,1.0858471393585205,1.2591416835784912,1.327219843864441,0.9909214973449707,0.8982661962509155,1.2421354055404663,1.249579668045044,1.0101546049118042,1.199514389038086,1.5106613636016846,1.4765706062316895,1.478615164756775,1.340381383895874,1.0187588930130005,1.1290532350540161,1.0267283916473389,0.8862040042877197,0.6281575560569763,0.5258684158325195,0.558182418346405,0.37995773553848267,0.0,0.37937888503074646,0.5657086372375488,0.5146337747573853,0.5514855980873108,2.398733377456665,2.238417387008667,1.8721147775650024,1.7589253187179565,1.626013159751892,1.2784899473190308,1.282851219177246,1.4374666213989258,1.1925697326660156,0.9201841950416565,1.1913166046142578,1.2921996116638184,1.0027014017105103,0.9377162456512451,1.2998499870300293,3.104180335998535,2.817166805267334,2.5031051635742188,2.2768094539642334,1.999390959739685,1.74971604347229,1.9686049222946167,2.012364387512207,1.646488070487976,1.626937985420227,1.9642857313156128,1.8713693618774414,1.574243426322937,1.775131106376648,2.08235764503479,3.0071022510528564,2.657634973526001,2.443085193634033,2.2717103958129883,1.8923767805099487,1.864620327949524,2.0874598026275635,1.911378264427185,1.5685139894485474,1.785751223564148,1.9991477727890015,1.7319689989089966,1.5965408086776733,1.9558935165405273,2.1003386974334717
B12,2.1946399211883545,1.869686245918274,1.7151248455047607,1.686650276184082,1.335579514503479,1.4239588975906372,1.497211217880249,1.1799064874649048,0.979306697845459,1.2765430212020874,1.3081153631210327,0.9948837757110596,1.0889520645141602,1.4383184909820557,1.42085599899292,1.7101908922195435,1.5290086269378662,1.2482316493988037,1.3340493440628052,1.1334691047668457,1.0498995780944824,0.8939424753189087,0.6593495011329651,0.5507493615150452,0.5428675413131714,0.37937888503074646,0.0,0.37040913105010986,0.5331984758377075,0.49786072969436646,2.25783109664917,2.100273370742798,1.7405253648757935,1.6877741813659668,1.5323984622955322,1.2254835367202759,1.1656333208084106,1.2374045848846436,0.9936652183532715,0.704875111579895,0.90571528673172,0.9620648622512817,0.6561827659606934,0.5733848810195923,0.9337272644042969,2.9572575092315674,2.6992249488830566,2.3643076419830322,2.1820859909057617,1.9247171878814697,1.646726131439209,1.8017672300338745,1.8469905853271484,1.4847136735916138,1.3993171453475952,1.7122193574905396,1.6288666725158691,1.2983022928237915,1.4580379724502563,1.7736839056015015,3.0376360416412354,2.7116751670837402,2.4584548473358154,2.306450843811035,1.9434032440185547,1.8501451015472412,2.0380823612213135,1.8887348175048828,1.5178911685943604,1.6619242429733276,1.8803751468658447,1.6171746253967285,1.412194848060608,1.7470817565917969,1.9180760383605957
B13,2.0731394290924072,1.7823692560195923,1.5764877796173096,1.5830456018447876,1.2614381313323975,1.2792423963546753,1.2890651226043701,0.9821458458900452,0.7561686038970947,0.9856130480766296,0.9894975423812866,0.6485980153083801,0.7304002642631531,1.0734448432922363,1.0576928853988647,2.0072853565216064,1.817720651626587,1.5038753747940063,1.5254364013671875,1.2995262145996094,1.1271231174468994,1.0356500148773193,0.8992562294006348,0.649651050567627,0.5362749695777893,0.5657086372375488,0.37040913105010986,0.0,0.3730085790157318,0.5443620085716248,2.469027042388916,2.2678937911987305,1.9228637218475342,1.8412885665893555,1.6157171726226807,1.3425376415252686,1.3537582159042358,1.354187250137329,1.0338267087936401,0.8597462177276611,1.0772831439971924,1.0029581785202026,0.6407590508460999,0.7353609800338745,1.0540471076965332,2.893850326538086,2.622757911682129,2.3028793334960938,2.148935317993164,1.8540698289871216,1.623238205909729,1.7660130262374878,1.735316514968872,1.355623483657837,1.3273142576217651,1.6017951965332031,1.4426692724227905,1.1207687854766846,1.3487396240234375,1.6193302869796753,2.779478073120117,2.4684269428253174,2.2178843021392822,2.11265230178833,1.7563813924789429,1.6782000064849854,1.8141404390335083,1.6249638795852661,1.2691247463226318,1.4172691106796265,1.5848466157913208,1.289754867553711,1.1105215549468994,1.460864543914795,1.591681957244873
