,A1,A2,A3,A4,A5,A6,A7,A8,A9,A10,A11,A12,A13,A14,A15,B1,B2,B3,B4,B5,B6,B7,B8,B9,B10,B11,B12,B13,B14,B15,C1,C2,C3,C4,C5,C6,C7,C8,C9,C10,C11,C12,C13,C14,C15,D1,D2,D3,D4,D5,D6,D7,D8,D9,D10,D11,D12,D13,D14,D15,E1,E2,E3,E4,E5,E6,E7,E8,E9,E10,E11,E12,E13,E14,E15
A1,0.0,0.4003518223762512,0.5761383771896362,0.8765811324119568,1.1835657358169556,1.330167531967163,1.1206625699996948,1.1728194952011108,1.535452961921692,1.5767055749893188,1.4589452743530273,1.7078672647476196,1.9783382415771484,1.954405426979065,1.9331319332122803,2.2420198917388916,2.2191131114959717,1.9655054807662964,1.7647252082824707,1.9236806631088257,1.6320531368255615,1.6848536729812622,2.0496456623077393,2.023484230041504,1.8321350812911987,2.08638596534729,2.36228084564209,2.264371156692505,2.22467041015625,2.5336594581604004,3.646390676498413,3.3841421604156494,3.1346216201782227,2.789323329925537,2.6024348735809326,2.4026546478271484,2.722121238708496,2.8578579425811768,2.572758913040161,2.601837158203125,2.9760637283325195,2.9547042846679688,2.7409286499023438,2.9655776023864746,3.279263496398926,3.8031463623046875,3.4219069480895996,3.2856814861297607,3.0059609413146973,2.6571879386901855,2.693711996078491,3.0224828720092773,2.895963191986084,2.620253086090088,2.870713710784912,3.132459878921509,2.9064676761627197,2.827955484390259,3.193025827407837,3.3145453929901123,2.454200267791748,2.1094372272491455,2.1823232173919678,2.1470744609832764,1.8784315586090088,2.1877400875091553,2.312175989151001,1.9934617280960083,2.010228157043457,2.3750739097595215,2.3569254875183105,2.1327297687530518,2.372408866882324,2.668013334274292,2.552525281906128
A2,0.4003518223762512,0.0,0.3671913743019104,0.5931769013404846,0.84832763671875,1.074974775314331,0.9501248598098755,0.9441101551055908,1.2883156538009644,1.411034107208252,1.3459243774414062,1.537177562713623,1.8124890327453613,1.8632253408432007,1.8556840419769287,1.8994722366333008,1.84429931640625,1.595983624458313,1.373334288597107,1.5363712310791016,1.2662971019744873,1.341011881828308,1.7010387182235718,1.6961236000061035,1.547878623008728,1.8039565086364746,2.0734357833862305,2.0165929794311523,2.0114634037017822,2.2989094257354736,3.2542686462402344,2.9995124340057373,2.7499704360961914,2.4032065868377686,2.2340800762176514,2.028792142868042,2.3491437435150146,2.5023231506347656,2.237039804458618,2.263026475906372,2.6391546726226807,2.644040584564209,2.4504714012145996,2.666490077972412,2.9809927940368652,3.527066469192505,3.153852701187134,3.002612352371216,2.7029991149902344,2.3673925399780273,2.3787734508514404,2.7216527462005615,2.630498170852661,2.3522725105285645,2.5863189697265625,2.873680591583252,2.6814961433410645,2.5916521549224854,2.9485507011413574,3.1003787517547607,2.395820140838623,2.02455735206604,2.0572144985198975,1.9575365781784058,1.6577309370040894,1.9473545551300049,2.126692771911621,1.8376994132995605,1.8065952062606812,2.1803228855133057,2.2231390476226807,2.0050084590911865,2.2065677642822266,2.5273711681365967,2.465566396713257
A3,0.5761383771896362,0.3671913743019104,0.0,0.37985092401504517,0.6362088322639465,0.7686291933059692,0.5881582498550415,0.6370139718055725,0.9781812429428101,1.057154893875122,1.0147651433944702,1.2395951747894287,1.484421968460083,1.5257374048233032,1.5570380687713623,1.9979194402694702,1.8973329067230225,1.6055362224578857,1.3662720918655396,1.4426394701004028,1.1199640035629272,1.2310707569122314,1.5695667266845703,1.4904218912124634,1.3283053636550903,1.6298538446426392,1.8615822792053223,1.7565025091171265,1.7767759561538696,2.090510606765747,3.154266595840454,2.881110191345215,2.6211440563201904,2.2874844074249268,2.072110414505005,1.871856689453125,2.1921114921569824,2.302562952041626,2.0064704418182373,2.0530009269714355,2.423994541168213,2.3874220848083496,2.185634136199951,2.4288992881774902,2.7294585704803467,3.278223991394043,2.9054133892059326,2.7446062564849854,2.469271421432495,2.1155338287353516,2.1316041946411133,2.4550399780273438,2.3353376388549805,2.050424098968506,2.2953450679779053,2.563058853149414,2.3494856357574463,2.2688486576080322,2.632351875305176,2.7649643421173096,2.152757406234741,1.7873365879058838,1.7795851230621338,1.702094554901123,1.386771559715271,1.6594985723495483,1.8113651275634766,1.503109097480774,1.4686295986175537,1.8387025594711304,1.8657777309417725,1.6404151916503906,1.8511464595794678,2.165709972381592,2.098642349243164
A4,0.8765811324119568,0.5931769013404846,0.37985092401504517,0.0,0.3797142207622528,0.522818386554718,0.5483294129371643,0.6686164140701294,0.8978745937347412,1.0194823741912842,1.1110665798187256,1.3019108772277832,1.4874892234802246,1.5903981924057007,1.6879204511642456,1.971468448638916,1.8031229972839355,1.5346605777740479,1.2298264503479004,1.243617057800293,0.959084689617157,1.181641697883606,1.474286437034607,1.3672575950622559,1.2988675832748413,1.6323251724243164,1.8103158473968506,1.7262446880340576,1.8239716291427612,2.121204137802124,2.869128942489624,2.5752971172332764,2.3399462699890137,1.994820237159729,1.7663660049438477,1.611801266670227,1.958402395248413,2.048074960708618,1.7739604711532593,1.8728315830230713,2.2376062870025635,2.1980841159820557,2.0462534427642822,2.312750816345215,2.588862419128418,2.9424281120300293,2.5670156478881836,2.420609712600708,2.131727457046509,1.7880240678787231,1.8284457921981812,2.166705369949341,2.0592992305755615,1.8038413524627686,2.0674667358398438,2.3393642902374268,2.158740282058716,2.112927198410034,2.4723732471466064,2.6082394123077393,1.9189255237579346,1.536768913269043,1.5166677236557007,1.3851344585418701,1.0687342882156372,1.3561805486679077,1.549190640449524,1.2876795530319214,1.2613738775253296,1.6363273859024048,1.710801601409912,1.543254017829895,1.7443689107894897,2.05366587638855,2.0381600856781006
A5,1.1835657358169556,0.84832763671875,0.6362088322639465,0.3797142207622528,0.0,0.3802097737789154,0.567014217376709,0.5361047983169556,0.6488246917724609,0.8858078718185425,1.0283523797988892,1.115986943244934,1.2893577814102173,1.474137783050537,1.5724201202392578,1.745213508605957,1.5360445976257324,1.2519454956054688,0.9430791139602661,0.8919647336006165,0.595166027545929,0.8661876320838928,1.1195143461227417,1.0021023750305176,0.9858390092849731,1.3214623928070068,1.471745491027832,1.422341227531433,1.5582736730575562,1.8273054361343384,2.534172773361206,2.2516350746154785,1.9945456981658936,1.6626918315887451,1.4360365867614746,1.2494069337844849,1.586418628692627,1.6863480806350708,1.4135158061981201,1.4977504014968872,1.8646050691604614,1.8446680307388306,1.7004305124282837,1.955859661102295,2.23380446434021,2.7328314781188965,2.375547409057617,2.189352035522461,1.8906450271606445,1.5554620027542114,1.534678339958191,1.8775256872177124,1.8100759983062744,1.5315327644348145,1.7590391635894775,2.0602989196777344,1.9108160734176636,1.8332417011260986,2.179018497467041,2.350639581680298,2.0290989875793457,1.6503747701644897,1.5505815744400024,1.3589067459106445,0.9956988096237183,1.1955821514129639,1.4465771913528442,1.2252529859542847,1.0961509943008423,1.460829257965088,1.6080026626586914,1.4301762580871582,1.5591531991958618,1.895293116569519,1.9376331567764282
A6,1.330167531967163,1.074974775314331,0.7686291933059692,0.522818386554718,0.3802097737789154,0.0,0.37897804379463196,0.5396564602851868,0.5269834995269775,0.6298571825027466,0.8753670454025269,1.019425630569458,1.0995185375213623,1.2555981874465942,1.432247281074524,2.0816855430603027,1.85446298122406,1.557450532913208,1.261617660522461,1.1205196380615234,0.817257285118103,1.0979151725769043,1.2907049655914307,1.0646506547927856,1.0418510437011719,1.4183777570724487,1.4989955425262451,1.3687467575073242,1.5443570613861084,1.8430358171463013,2.6225697994232178,2.3117527961730957,2.063671827316284,1.7555102109909058,1.462730884552002,1.324872612953186,1.654271125793457,1.6709948778152466,1.360733151435852,1.5022398233413696,1.845388412475586,1.7488209009170532,1.6073904037475586,1.9126578569412231,2.155693531036377,2.5307483673095703,2.1659271717071533,1.987491488456726,1.731371521949768,1.3662127256393433,1.3913155794143677,1.7002853155136108,1.5679441690444946,1.2970433235168457,1.5698816776275635,1.825457215309143,1.6360937356948853,1.6026803255081177,1.9642150402069092,2.089360475540161,1.7348684072494507,1.3746148347854614,1.2335788011550903,1.0876598358154297,0.7168395519256592,0.9131163954734802,1.1070557832717896,0.8535832762718201,0.7514442801475525,1.1255701780319214,1.2397571802139282,1.081785798072815,1.250467300415039,1.5622972249984741,1.5938646793365479
A7,1.1206625699996948,0.9501248598098755,0.5881582498550415,0.5483294129371643,0.567014217376709,0.37897804379463196,0.0,0.3745664954185486,0.5412294268608093,0.5048072338104248,0.6114946603775024,0.8651971220970154,0.9996111392974854,1.0573148727416992,1.197576880455017,2.1870975494384766,2.016369342803955,1.6894255876541138,1.4422328472137451,1.3635528087615967,1.0076535940170288,1.182800531387329,1.429071068763733,1.2158753871917725,1.0704818964004517,1.4352315664291382,1.5653871297836304,1.3824713230133057,1.4781129360198975,1.8155593872070312,2.9553465843200684,2.659074068069458,2.391303777694702,2.093719005584717,1.8098869323730469,1.6334773302078247,1.9369093179702759,1.9650423526763916,1.6281991004943848,1.7185616493225098,2.0646109580993652,1.9549689292907715,1.754082202911377,2.0451653003692627,2.3085949420928955,2.84448504447937,2.481109857559204,2.3002378940582275,2.071536064147949,1.697814702987671,1.7152023315429688,1.9952301979064941,1.8318341970443726,1.5388684272766113,1.7983967065811157,2.0301403999328613,1.7877095937728882,1.7275303602218628,2.098346471786499,2.2009596824645996,1.8456835746765137,1.5041072368621826,1.393854022026062,1.340380311012268,1.001741886138916,1.2027630805969238,1.3090887069702148,0.979780375957489,0.9110641479492188,1.270171046257019,1.2897711992263794,1.055448055267334,1.2702243328094482,1.5788178443908691,1.527971625328064
A8,1.1728194952011108,0.9441101551055908,0.6370139718055725,0.6686164140701294,0.5361047983169556,0.5396564602851868,0.3745664954185486,0.0,0.3764782249927521,0.537449061870575,0.5233135223388672,0.640403687953949,0.8815296292304993,1.0098876953125,1.0565263032913208,1.8839701414108276,1.7378467321395874,1.3900624513626099,1.1990323066711426,1.1511865854263306,0.771908164024353,0.8550705909729004,1.1235320568084717,0.9551853537559509,0.7504702210426331,1.0922635793685913,1.2726364135742188,1.1281321048736572,1.181388258934021,1.5056148767471313,2.8231139183044434,2.5631067752838135,2.2630226612091064,1.9807970523834229,1.7367103099822998,1.4922511577606201,1.761343240737915,1.8410176038742065,1.5057824850082397,1.5189919471740723,1.8779233694076538,1.8163954019546509,1.5800353288650513,1.8243614435195923,2.1238365173339844,2.9598236083984375,2.616013526916504,2.3944923877716064,2.149472713470459,1.7916903495788574,1.7298095226287842,2.0141425132751465,1.9034647941589355,1.5706478357315063,1.7659351825714111,2.0389747619628906,1.8203434944152832,1.6861281394958496,2.041370153427124,2.196049928665161,2.19429612159729,1.8483697175979614,1.7110675573349,1.6101703643798828,1.241146445274353,1.378564476966858,1.5373085737228394,1.2400157451629639,1.0648505687713623,1.4055191278457642,1.4826716184616089,1.1994709968566895,1.3226839303970337,1.6737463474273682,1.6549334526062012
A9,1.535452961921692,1.2883156538009644,0.9781812429428101,0.8978745937347412,0.6488246917724609,0.5269834995269775,0.5412294268608093,0.3764782249927521,0.0,0.37261736392974854,0.5540145635604858,0.5318387150764465,0.6450929641723633,0.882561445236206,1.0058414936065674,1.9505864381790161,1.751582145690918,1.4073299169540405,1.2187896966934204,1.0553964376449585,0.7065732479095459,0.842937171459198,0.9908751249313354,0.7166222929954529,0.5831848382949829,0.9636346101760864,1.0366368293762207,0.8636117577552795,1.0202659368515015,1.329906702041626,2.5848238468170166,2.318948268890381,2.01413631439209,1.7644602060317993,1.4900819063186646,1.2570840120315552,1.5016474723815918,1.532085657119751,1.176771640777588,1.2136517763137817,1.555673360824585,1.459333896636963,1.2318974733352661,1.5073055028915405,1.78346848487854,2.655318260192871,2.329190969467163,2.082630157470703,1.8589293956756592,1.506575584411621,1.4121644496917725,1.6703484058380127,1.5630775690078735,1.215533971786499,1.3945672512054443,1.6682064533233643,1.4590781927108765,1.3164680004119873,1.670467734336853,1.8348817825317383,2.12992525100708,1.8043885231018066,1.5985227823257446,1.4741086959838867,1.102064847946167,1.1397289037704468,1.307614803314209,1.0561957359313965,0.7922054529190063,1.1001535654067993,1.2359672784805298,0.9629655480384827,1.0147483348846436,1.3812109231948853,1.4265868663787842
A10,1.5767055749893188,1.411034107208252,1.057154893875122,1.0194823741912842,0.8858078718185425,0.6298571825027466,0.5048072338104248,0.537449061870575,0.37261736392974854,0.0,0.37910938262939453,0.5347480773925781,0.5227645039558411,0.6274980902671814,0.8476729393005371,2.309609889984131,2.1219289302825928,1.7744766473770142,1.5842914581298828,1.4192503690719604,1.0744296312332153,1.2027406692504883,1.3453117609024048,1.0453053712844849,0.881466805934906,1.237228274345398,1.2756625413894653,1.0117104053497314,1.144909143447876,1.4880305528640747,2.871401786804199,2.587434768676758,2.296792984008789,2.059500217437744,1.7508658170700073,1.5619596242904663,1.7988183498382568,1.7713695764541626,1.400882363319397,1.4735798835754395,1.7797884941101074,1.613935112953186,1.3786848783493042,1.6827841997146606,1.9230420589447021,2.6835436820983887,2.35231351852417,2.1260080337524414,1.9522625207901,1.5833460092544556,1.5441977977752686,1.7551838159561157,1.5731959342956543,1.2446181774139404,1.461410641670227,1.6633130311965942,1.3863362073898315,1.2882360219955444,1.6565202474594116,1.750112771987915,1.959244966506958,1.6687589883804321,1.4571455717086792,1.4215407371520996,1.0900462865829468,1.1319231986999512,1.187689185142517,0.8778481483459473,0.6763326525688171,0.9594637751579285,0.9861364364624023,0.6698005795478821,0.8112569451332092,1.1463487148284912,1.1192421913146973
A11,1.4589452743530273,1.3459243774414062,1.0147651433944702,1.1110665798187256,1.0283523797988892,0.8753670454025269,0.6114946603775024,0.5233135223388672,0.5540145635604858,0.37910938262939453,0.0,0.377542644739151,0.5469502210617065,0.5191454291343689,0.5866288542747498,2.283006191253662,2.1554863452911377,1.7909376621246338,1.6561583280563354,1.5632094144821167,1.1937824487686157,1.2131685018539429,1.4060527086257935,1.1687519550323486,0.8917185664176941,1.1903263330459595,1.3076841831207275,1.035696029663086,1.0374855995178223,1.4048939943313599,3.119126319885254,2.8609821796417236,2.5490615367889404,2.3136727809906006,2.0367143154144287,1.8001054525375366,2.015209913253784,2.032778024673462,1.6629856824874878,1.6631001234054565,1.9751731157302856,1.8401838541030884,1.5538291931152344,1.8050572872161865,2.0787553787231445,3.0555851459503174,2.7289066314697266,2.4948325157165527,2.3178248405456543,1.952743649482727,1.888835072517395,2.097877025604248,1.9301226139068604,1.5881292819976807,1.764449119567871,1.9692109823226929,1.6825758218765259,1.5345394611358643,1.8848164081573486,1.985767126083374,2.246155261993408,1.956134557723999,1.7809350490570068,1.76939857006073,1.4369622468948364,1.5080841779708862,1.5550462007522583,1.2262232303619385,1.052143931388855,1.3108807802200317,1.292280912399292,0.9368021488189697,1.060874342918396,1.3805485963821411,1.2875243425369263
A12,1.7078672647476196,1.537177562713623,1.2395951747894287,1.3019108772277832,1.115986943244934,1.019425630569458,0.8651971220970154,0.640403687953949,0.5318387150764465,0.5347480773925781,0.377542644739151,0.0,0.36680442094802856,0.5388518571853638,0.5122010707855225,2.104743242263794,1.976047396659851,1.6091631650924683,1.5334868431091309,1.417057752609253,1.079487919807434,1.0278395414352417,1.1517411470413208,0.9169967770576477,0.6067351698875427,0.8570777177810669,0.9534111022949219,0.6761835217475891,0.664095401763916,1.0295352935791016,2.909332513809204,2.6830289363861084,2.34915828704834,2.150503158569336,1.9001420736312866,1.626147985458374,1.7849847078323364,1.818575382232666,1.4550211429595947,1.3899122476577759,1.687313199043274,1.5777746438980103,1.2598085403442383,1.4705595970153809,1.76333487033844,3.014014959335327,2.7148475646972656,2.442591905593872,2.265925884246826,1.9257508516311646,1.7903858423233032,1.9809571504592896,1.862500786781311,1.4955655336380005,1.5978350639343262,1.8294178247451782,1.5765422582626343,1.3561468124389648,1.6788169145584106,1.8321913480758667,2.493623733520508,2.201295852661133,1.9860767126083374,1.9246519804000854,1.5745967626571655,1.5736262798309326,1.6647145748138428,1.3901118040084839,1.1243312358856201,1.3390733003616333,1.3984311819076538,1.0402346849441528,1.0310320854187012,1.3801311254501343,1.360948085784912
A13,1.9783382415771484,1.8124890327453613,1.484421968460083,1.4874892234802246,1.2893577814102173,1.0995185375213623,0.9996111392974854,0.8815296292304993,0.6450929641723633,0.5227645039558411,0.5469502210617065,0.36680442094802856,0.0,0.37514376640319824,0.5510742664337158,2.3703677654266357,2.202160596847534,1.847190022468567,1.7503993511199951,1.562035322189331,1.2564736604690552,1.27005136013031,1.3138140439987183,1.0042874813079834,0.7949919700622559,1.040789246559143,1.0008623600006104,0.652084469795227,0.760724663734436,1.0923354625701904,2.880872964859009,2.63997220993042,2.319054126739502,2.152202844619751,1.866927146911621,1.638490915298462,1.7743946313858032,1.7331407070159912,1.3598170280456543,1.342237949371338,1.5904680490493774,1.4060461521148682,1.0999629497528076,1.3574084043502808,1.5942987203598022,2.7863638401031494,2.504044771194458,2.2275421619415283,2.099241256713867,1.7670283317565918,1.63856840133667,1.7723814249038696,1.619768500328064,1.2638700008392334,1.3601388931274414,1.540147066116333,1.2571840286254883,1.0476831197738647,1.373716950416565,1.4908905029296875,2.36916184425354,2.1147470474243164,1.8563531637191772,1.818724274635315,1.5030393600463867,1.4317655563354492,1.4695063829421997,1.2283997535705566,0.9442125558853149,1.0734766721725464,1.1226528882980347,0.7673894166946411,0.6903114914894104,1.0290738344192505,1.03645920753479
A14,1.954405426979065,1.8632253408432007,1.5257374048233032,1.5903981924057007,1.474137783050537,1.2555981874465942,1.0573148727416992,1.0098876953125,0.882561445236206,0.6274980902671814,0.5191454291343689,0.5388518571853638,0.37514376640319824,0.0,0.3679037392139435,2.6428163051605225,2.5027573108673096,2.1388347148895264,2.0376791954040527,1.8831398487091064,1.5491975545883179,1.5539358854293823,1.6479727029800415,1.3588815927505493,1.1090257167816162,1.3404902219772339,1.3428030014038086,0.9884227514266968,0.9992552995681763,1.3417203426361084,3.249070644378662,2.9985768795013428,2.684502124786377,2.506809949874878,2.2098236083984375,1.9940165281295776,2.1458191871643066,2.0967259407043457,1.7214208841323853,1.7170079946517944,1.9570047855377197,1.7533760070800781,1.4500826597213745,1.697941780090332,1.916793704032898,3.017582893371582,2.72688889503479,2.475266933441162,2.370225429534912,2.0250749588012695,1.9431084394454956,2.0632617473602295,1.8641269207000732,1.534382700920105,1.6612606048583984,1.787620186805725,1.4606767892837524,1.2981692552566528,1.6127755641937256,1.6605820655822754,2.363382577896118,2.135765314102173,1.904602289199829,1.9386974573135376,1.651503562927246,1.6223505735397339,1.5869789123535156,1.3001164197921753,1.1053560972213745,1.2210606336593628,1.1482579708099365,0.7713000178337097,0.8004964590072632,1.0557045936584473,0.9300951361656189
A15,1.9331319332122803,1.8556840419769287,1.5570380687713623,1.6879204511642456,1.5724201202392578,1.432247281074524,1.197576880455017,1.0565263032913208,1.0058414936065674,0.8476729393005371,0.5866288542747498,0.5122010707855225,0.5510742664337158,0.3679037392139435,0.0,2.5300745964050293,2.440190553665161,2.0716500282287598,2.027444839477539,1.9259432554244995,1.589618444442749,1.5061380863189697,1.6202629804611206,1.3959619998931885,1.0790069103240967,1.2312387228012085,1.3002766370773315,0.9752382636070251,0.8468994498252869,1.1870323419570923,3.3632524013519287,3.1428706645965576,2.807758331298828,2.63354229927063,2.372529983520508,2.1104230880737305,2.239655017852783,2.2417123317718506,1.8754411935806274,1.8012588024139404,2.04819917678833,1.8955187797546387,1.5562330484390259,1.7381653785705566,1.9948314428329468,3.3248140811920166,3.0383429527282715,2.771099328994751,2.6445910930633545,2.3040928840637207,2.1862118244171143,2.32208251953125,2.160011053085327,1.8108813762664795,1.8978310823440552,2.0553359985351562,1.7529715299606323,1.5366873741149902,1.8247276544570923,1.9117683172225952,2.687365770339966,2.440048933029175,2.2289252281188965,2.2435810565948486,1.9303632974624634,1.9216564893722534,1.9246671199798584,1.6303315162658691,1.4183956384658813,1.560126781463623,1.5133260488510132,1.1349155902862549,1.1341958045959473,1.3961396217346191,1.2748756408691406
B1,2.2420198917388916,1.8994722366333008,1.9979194402694702,1.971468448638916,1.745213508605957,2.0816855430603027,2.1870975494384766,1.8839701414108276,1.9505864381790161,2.309609889984131,2.283006191253662,2.104743242263794,2.3703677654266357,2.6428163051605225,2.5300745964050293,0.0,0.38763299584388733,0.5700663328170776,0.8668049573898315,1.1694704294204712,1.3284214735031128,1.120100975036621,1.1641069650650024,1.5277447700500488,1.5840781927108765,1.4612799882888794,1.703276515007019,1.9810690879821777,1.9636093378067017,1.9394292831420898,2.3027172088623047,2.281686544418335,2.0063421726226807,1.8113714456558228,1.9464408159255981,1.6389493942260742,1.6971391439437866,2.057244062423706,2.013944387435913,1.8097597360610962,2.0673210620880127,2.3358089923858643,2.2168948650360107,2.172024965286255,2.4913947582244873,3.71514630317688,3.4628140926361084,3.206935167312622,2.8702826499938965,2.6934220790863037,2.469205617904663,2.7743773460388184,2.9229166507720947,2.6396782398223877,2.6331875324249268,3.0136003494262695,3.0121943950653076,2.779202699661255,2.985452651977539,3.3047120571136475,3.7159194946289062,3.335939884185791,3.217524528503418,2.9393539428710938,2.595134735107422,2.655795097351074,2.9900944232940674,2.855207920074463,2.594226360321045,2.867894411087036,3.1194536685943604,2.8915419578552246,2.8415558338165283,3.211435556411743,3.330665111541748
B2,2.2191131114959717,1.84429931640625,1.8973329067230225,1.8031229972839355,1.5360445976257324,1.85446298122406,2.016369342803955,1.7378467321395874,1.751582145690918,2.1219289302825928,2.1554863452911377,1.976047396659851,2.202160596847534,2.5027573108673096,2.440190553665161,0.38763299584388733,0.0,0.37058818340301514,0.5969388484954834,0.8427450060844421,1.0774273872375488,0.9517722725868225,0.9376384615898132,1.2825980186462402,1.417332649230957,1.3446669578552246,1.529215931892395,1.811218500137329,1.865198016166687,1.8540680408477783,1.958843469619751,1.9105850458145142,1.6366609334945679,1.4265011548995972,1.5662071704864502,1.2734800577163696,1.3455699682235718,1.7050299644470215,1.6832364797592163,1.5125826597213745,1.7725220918655396,2.039719820022583,1.9600106477737427,1.9437854290008545,2.2441489696502686,3.336107015609741,3.0885565280914307,2.836352825164795,2.496330976486206,2.3353517055511475,2.1104931831359863,2.418825387954712,2.58162522315979,2.3182027339935303,2.3138041496276855,2.6960337162017822,2.7177016735076904,2.507220983505249,2.710064172744751,3.0285325050354004,3.4380671977996826,3.0650346279144287,2.9313106536865234,2.633376121520996,2.3012747764587402,2.3392059803009033,2.687422275543213,2.5861191749572754,2.3225669860839844,2.5825607776641846,2.8579752445220947,2.661792039871216,2.6027777194976807,2.9641830921173096,3.111269235610962
B3,1.9655054807662964,1.595983624458313,1.6055362224578857,1.5346605777740479,1.2519454956054688,1.557450532913208,1.6894255876541138,1.3900624513626099,1.4073299169540405,1.7744766473770142,1.7909376621246338,1.6091631650924683,1.847190022468567,2.1388347148895264,2.0716500282287598,0.5700663328170776,0.37058818340301514,0.0,0.38081681728363037,0.6335552930831909,0.7704800963401794,0.5872638821601868,0.6338399648666382,0.9752333760261536,1.0633078813552856,1.014961838722229,1.2361124753952026,1.4859459400177002,1.5284384489059448,1.5581282377243042,2.0718801021575928,1.974560022354126,1.6642215251922607,1.4329278469085693,1.4842091798782349,1.1479911804199219,1.2605520486831665,1.5905566215515137,1.4916667938232422,1.315291166305542,1.6200556755065918,1.8427433967590332,1.7139644622802734,1.730129599571228,2.0558459758758545,3.227977991104126,2.961531400680542,2.6978793144226074,2.3708372116088867,2.1656665802001953,1.9440600872039795,2.253688335418701,2.3763091564178467,2.082162380218506,2.0956640243530273,2.4743258953094482,2.4558520317077637,2.2353310585021973,2.463258981704712,2.7688589096069336,3.2069671154022217,2.834613561630249,2.6891112327575684,2.417379140853882,2.0640220642089844,2.105032205581665,2.4323744773864746,2.3002607822418213,2.0284953117370605,2.2979400157928467,2.552997350692749,2.3334715366363525,2.2818267345428467,2.650007963180542,2.7775344848632812
B4,1.7647252082824707,1.373334288597107,1.3662720918655396,1.2298264503479004,0.9430791139602661,1.261617660522461,1.4422328472137451,1.1990323066711426,1.2187896966934204,1.5842914581298828,1.6561583280563354,1.5334868431091309,1.7503993511199951,2.0376791954040527,2.027444839477539,0.8668049573898315,0.5969388484954834,0.38081681728363037,0.0,0.38488876819610596,0.527134895324707,0.5508947372436523,0.6731414198875427,0.9006987810134888,1.0287336111068726,1.115870714187622,1.3032760620117188,1.4924262762069702,1.594987392425537,1.6920363903045654,2.0181171894073486,1.8550816774368286,1.5678943395614624,1.2724535465240479,1.2687398195266724,0.9710205793380737,1.1894203424453735,1.479070782661438,1.3582290410995483,1.2761043310165405,1.6126424074172974,1.7861994504928589,1.6838656663894653,1.7781014442443848,2.0855398178100586,2.978405237197876,2.6884491443634033,2.450516700744629,2.1088032722473145,1.8873323202133179,1.7125779390335083,2.0529727935791016,2.1520397663116455,1.8756182193756104,1.945344090461731,2.3197336196899414,2.2924892902374268,2.1198644638061523,2.37780499458313,2.658151388168335,2.8589136600494385,2.483591318130493,2.3539953231811523,2.0731797218322754,1.7292848825454712,1.800473928451538,2.1376423835754395,2.0133984088897705,1.774169921875,2.0646533966064453,2.3180811405181885,2.129765272140503,2.1164166927337646,2.4783098697662354,2.6044554710388184
B5,1.9236806631088257,1.5363712310791016,1.4426394701004028,1.243617057800293,0.8919647336006165,1.1205196380615234,1.3635528087615967,1.1511865854263306,1.0553964376449585,1.4192503690719604,1.5632094144821167,1.417057752609253,1.562035322189331,1.8831398487091064,1.9259432554244995,1.1694704294204712,0.8427450060844421,0.6335552930831909,0.38488876819610596,0.0,0.38040614128112793,0.5693494081497192,0.5359188318252563,0.648077666759491,0.8929170370101929,1.02982497215271,1.1113721132278442,1.2895302772521973,1.4745522737503052,1.5707544088363647,1.7777572870254517,1.5775682926177979,1.2739276885986328,0.9793733954429626,0.9171302318572998,0.6014003753662109,0.8562087416648865,1.111154556274414,0.9810916781425476,0.9423771500587463,1.283016562461853,1.4337377548217773,1.3665647506713867,1.4957540035247803,1.7761166095733643,2.617732048034668,2.3369646072387695,2.0834317207336426,1.7513542175292969,1.5358539819717407,1.3365589380264282,1.670498251914978,1.7813209295272827,1.5125887393951416,1.5717207193374634,1.9474527835845947,1.9423189163208008,1.783097505569458,2.0312771797180176,2.312209367752075,2.6583244800567627,2.3002705574035645,2.1268441677093506,1.8316658735275269,1.4937770366668701,1.5012022256851196,1.8475706577301025,1.7655572891235352,1.4992769956588745,1.7552754878997803,2.041579008102417,1.8840516805648804,1.837712049484253,2.186546802520752,2.350541830062866
B6,1.6320531368255615,1.2662971019744873,1.1199640035629272,0.959084689617157,0.595166027545929,0.817257285118103,1.0076535940170288,0.771908164024353,0.7065732479095459,1.0744296312332153,1.1937824487686157,1.079487919807434,1.2564736604690552,1.5491975545883179,1.589618444442749,1.3284214735031128,1.0774273872375488,0.7704800963401794,0.527134895324707,0.38040614128112793,0.0,0.3843710124492645,0.5408142805099487,0.5222902297973633,0.634823203086853,0.877826988697052,1.0142549276351929,1.0976803302764893,1.2551738023757935,1.4305845499038696,2.112570285797119,1.8873687982559204,1.5785998106002808,1.2884044647216797,1.1339654922485352,0.8305381536483765,1.1023260354995728,1.285328984260559,1.047780156135559,1.0220160484313965,1.396040439605713,1.4676846265792847,1.3246145248413086,1.5038236379623413,1.8074629306793213,2.6935157775878906,2.38547945022583,2.1345033645629883,1.8259122371673584,1.5456609725952148,1.3845537900924683,1.7141743898391724,1.748276710510254,1.4386672973632812,1.5472326278686523,1.904197096824646,1.8256382942199707,1.6626760959625244,1.9566656351089478,2.2065632343292236,2.4745876789093018,2.1121983528137207,1.9423871040344238,1.6958097219467163,1.32652747631073,1.373432993888855,1.6793400049209595,1.5302048921585083,1.269014596939087,1.5638223886489868,1.8028836250305176,1.603564739227295,1.595915675163269,1.9593567848205566,2.077730417251587
B7,1.6848536729812622,1.341011881828308,1.2310707569122314,1.181641697883606,0.8661876320838928,1.0979151725769043,1.182800531387329,0.8550705909729004,0.842937171459198,1.2027406692504883,1.2131685018539429,1.0278395414352417,1.27005136013031,1.5539358854293823,1.5061380863189697,1.120100975036621,0.9517722725868225,0.5872638821601868,0.5508947372436523,0.5693494081497192,0.3843710124492645,0.0,0.37554192543029785,0.5402109026908875,0.5112764239311218,0.6123623847961426,0.862826943397522,1.0016419887542725,1.0584614276885986,1.1972031593322754,2.255058765411377,2.0849668979644775,1.7482261657714844,1.5041753053665161,1.4065085649490356,1.0530953407287598,1.2270601987838745,1.4577730894088745,1.228590726852417,1.0837804079055786,1.4433174133300781,1.557694673538208,1.3556361198425293,1.4566479921340942,1.7998801469802856,3.0067238807678223,2.7161905765533447,2.442567825317383,2.149536371231079,1.8793140649795532,1.6772103309631348,1.9748214483261108,2.021427631378174,1.6863460540771484,1.7390036582946777,2.097273111343384,2.009514570236206,1.7862718105316162,2.05885910987854,2.330716848373413,2.808962821960449,2.4482641220092773,2.2766146659851074,2.0542612075805664,1.6776071786880493,1.7123048305511475,1.9931449890136719,1.816408634185791,1.5320080518722534,1.8096466064453125,2.0291125774383545,1.7780073881149292,1.7398051023483276,2.114445447921753,2.21349835395813
B8,2.0496456623077393,1.7010387182235718,1.5695667266845703,1.474286437034607,1.1195143461227417,1.2907049655914307,1.429071068763733,1.1235320568084717,0.9908751249313354,1.3453117609024048,1.4060527086257935,1.1517411470413208,1.3138140439987183,1.6479727029800415,1.6202629804611206,1.1641069650650024,0.9376384615898132,0.6338399648666382,0.6731414198875427,0.5359188318252563,0.5408142805099487,0.37554192543029785,0.0,0.37781527638435364,0.5464270114898682,0.5249834060668945,0.638014018535614,0.8848989009857178,1.0123443603515625,1.0562573671340942,1.968264102935791,1.8261836767196655,1.4694631099700928,1.2836767435073853,1.2169125080108643,0.8389120697975159,0.9189748167991638,1.1686104536056519,0.9797313809394836,0.7644860744476318,1.1016920804977417,1.2665303945541382,1.0934661626815796,1.1446270942687988,1.4814410209655762,2.839418411254883,2.5843613147735596,2.2839739322662354,2.005246877670288,1.7780619859695435,1.5150343179702759,1.7784966230392456,1.8776921033859253,1.5527149438858032,1.532768726348877,1.9019962549209595,1.867803931236267,1.6196293830871582,1.844006896018982,2.1501991748809814,2.9264721870422363,2.5827951431274414,2.3705785274505615,2.124315023422241,1.7629163265228271,1.718407392501831,2.0121569633483887,1.8921133279800415,1.5660216808319092,1.7837015390396118,2.0505003929138184,1.8249925374984741,1.714848279953003,2.0762696266174316,2.230254888534546
B9,2.023484230041504,1.6961236000061035,1.4904218912124634,1.3672575950622559,1.0021023750305176,1.0646506547927856,1.2158753871917725,0.9551853537559509,0.7166222929954529,1.0453053712844849,1.1687519550323486,0.9169967770576477,1.0042874813079834,1.3588815927505493,1.3959619998931885,1.5277447700500488,1.2825980186462402,0.9752333760261536,0.9006987810134888,0.648077666759491,0.5222902297973633,0.5402109026908875,0.37781527638435364,0.0,0.3759194612503052,0.5549461841583252,0.5283134579658508,0.6452669501304626,0.8811095952987671,1.0031373500823975,2.0188257694244385,1.823244333267212,1.4731184244155884,1.2871524095535278,1.114185094833374,0.7735698223114014,0.8988391757011414,1.0310612916946411,0.7439724206924438,0.606665313243866,0.9739329814910889,1.0300650596618652,0.8314371109008789,0.9922069311141968,1.3100627660751343,2.582681894302368,2.3179521560668945,2.0133111476898193,1.7622973918914795,1.5039150714874268,1.2522754669189453,1.5004574060440063,1.5537885427474976,1.2093945741653442,1.2156003713607788,1.5733169317245483,1.5072474479675293,1.2705506086349487,1.5271505117416382,1.8111162185668945,2.6365177631378174,2.3114304542541504,2.0709080696105957,1.8467429876327515,1.4887851476669312,1.4080533981323242,1.6749204397201538,1.557955026626587,1.2141345739364624,1.413661003112793,1.6814217567443848,1.4634895324707031,1.3422470092773438,1.7015596628189087,1.865587830543518
B10,1.8321350812911987,1.547878623008728,1.3283053636550903,1.2988675832748413,0.9858390092849731,1.0418510437011719,1.0704818964004517,0.7504702210426331,0.5831848382949829,0.881466805934906,0.8917185664176941,0.6067351698875427,0.7949919700622559,1.1090257167816162,1.0790069103240967,1.5840781927108765,1.417332649230957,1.0633078813552856,1.0287336111068726,0.8929170370101929,0.634823203086853,0.5112764239311218,0.5464270114898682,0.3759194612503052,0.0,0.3832039535045624,0.5338649749755859,0.5200523138046265,0.6222981214523315,0.8439363241195679,2.3886053562164307,2.1986677646636963,1.8477377891540527,1.6551834344863892,1.4740995168685913,1.1406961679458618,1.2699570655822754,1.3922805786132812,1.0794174671173096,0.932204008102417,1.2712684869766235,1.2850521802902222,1.004895806312561,1.1521704196929932,1.4928205013275146,2.8667616844177246,2.586900234222412,2.290017604827881,2.0573060512542725,1.7635080814361572,1.5492770671844482,1.7835800647735596,1.7782177925109863,1.4109433889389038,1.44545578956604,1.7674404382705688,1.6291477680206299,1.3725173473358154,1.6546885967254639,1.9068139791488647,2.684797525405884,2.3579320907592773,2.135150194168091,1.9646828174591064,1.5913199186325073,1.5588710308074951,1.7733005285263062,1.582585096359253,1.25656259059906,1.4828896522521973,1.6788967847824097,1.3933017253875732,1.3070039749145508,1.6796824932098389,1.7755637168884277
B11,2.08638596534729,1.8039565086364746,1.6298538446426392,1.6323251724243164,1.3214623928070068,1.4183777570724487,1.4352315664291382,1.0922635793685913,0.9636346101760864,1.237228274345398,1.1903263330459595,0.8570777177810669,1.040789246559143,1.3404902219772339,1.2312387228012085,1.4612799882888794,1.3446669578552246,1.014961838722229,1.115870714187622,1.02982497215271,0.877826988697052,0.6123623847961426,0.5249834060668945,0.5549461841583252,0.3832039535045624,0.0,0.37824320793151855,0.551842451095581,0.5218252539634705,0.5855861902236938,2.386901617050171,2.256361961364746,1.888261318206787,1.7477349042892456,1.6344950199127197,1.2716494798660278,1.3026418685913086,1.4738025665283203,1.2178959846496582,0.9592726230621338,1.2442280054092407,1.3321980237960815,1.0376510620117188,1.0533771514892578,1.4200539588928223,3.090614080429077,2.8405942916870117,2.522775650024414,2.2966132164001465,2.038856267929077,1.7770274877548218,1.9815585613250732,2.0228404998779297,1.6612800359725952,1.6188526153564453,1.942633032798767,1.8404667377471924,1.5356192588806152,1.7565958499908447,2.043607711791992,3.0629734992980957,2.738006114959717,2.508822441101074,2.328249931335449,1.9583375453948975,1.9013962745666504,2.1217498779296875,1.9493364095687866,1.6090075969696045,1.7975107431411743,2.003537178039551,1.7124526500701904,1.57669198513031,1.9342952966690063,2.042337656021118
B12,2.36228084564209,2.0734357833862305,1.8615822792053223,1.8103158473968506,1.471745491027832,1.4989955425262451,1.5653871297836304,1.2726364135742188,1.0366368293762207,1.2756625413894653,1.3076841831207275,0.9534111022949219,1.0008623600006104,1.3428030014038086,1.3002766370773315,1.703276515007019,1.529215931892395,1.2361124753952026,1.3032760620117188,1.1113721132278442,1.0142549276351929,0.862826943397522,0.638014018535614,0.5283134579658508,0.5338649749755859,0.37824320793151855,0.0,0.3708542585372925,0.5423400402069092,0.5133888721466064,2.2079660892486572,2.077547788619995,1.709476351737976,1.6250767707824707,1.4928841590881348,1.1600384712219238,1.1224045753479004,1.2277443408966064,0.9755964279174805,0.6905646324157715,0.9214463829994202,0.9842138886451721,0.6788902878761292,0.6800237894058228,1.044350028038025,2.835749626159668,2.615863561630249,2.2793073654174805,2.088212013244629,1.8595613241195679,1.5639480352401733,1.7141392230987549,1.7745085954666138,1.424560308456421,1.3197051286697388,1.6318883895874023,1.562739372253418,1.2360992431640625,1.4156631231307983,1.7241870164871216,3.0240325927734375,2.724483013153076,2.456320285797119,2.2704787254333496,1.924239158630371,1.7945034503936768,2.003086805343628,1.8830524682998657,1.515449047088623,1.6330145597457886,1.8720884323120117,1.6161808967590332,1.4103413820266724,1.7424150705337524,1.9052491188049316
B13,2.264371156692505,2.0165929794311523,1.7565025091171265,1.7262446880340576,1.422341227531433,1.3687467575073242,1.3824713230133057,1.1281321048736572,0.8636117577552795,1.0117104053497314,1.035696029663086,0.6761835217475891,0.652084469795227,0.9884227514266968,0.9752382636070251,1.9810690879821777,1.811218500137329,1.4859459400177002,1.4924262762069702,1.2895302772521973,1.0976803302764893,1.0016419887542725,0.8848989009857178,0.6452669501304626,0.5200523138046265,0.551842451095581,0.3708542585372925,0.0,0.3749959468841553,0.5506933331489563,2.4593746662139893,2.2872817516326904,1.9328248500823975,1.827066421508789,1.6257679462432861,1.3300164937973022,1.3518986701965332,1.3789116144180298,1.0595749616622925,0.8786177635192871,1.1045750379562378,1.0360702276229858,0.6802874207496643,0.8087161183357239,1.1244723796844482,2.797644853591919,2.561275005340576,2.2346458435058594,2.0760440826416016,1.8092021942138672,1.557778239250183,1.6870566606521606,1.670632243156433,1.304053544998169,1.2467141151428223,1.512441635131836,1.3646520376205444,1.0401118993759155,1.2698835134506226,1.5266928672790527,2.8196163177490234,2.5392470359802246,2.263430595397949,2.1276371479034424,1.7886422872543335,1.6594724655151367,1.8085235357284546,1.6561675071716309,1.2969692945480347,1.3992455005645752,1.5887280702590942,1.3040140867233276,1.099151611328125,1.4314794540405273,1.5620254278182983
