,A1,A2,A3,A4,A5,A6,A7,A8,A9,A10,A11,A12,A13,A14,A15,B1,B2,B3,B4,B5,B6,B7,B8,B9,B10,B11,B12,B13,B14,B15,C1,C2,C3,C4,C5,C6,C7,C8,C9,C10,C11,C12,C13,C14,C15,D1,D2,D3,D4,D5,D6,D7,D8,D9,D10,D11,D12,D13,D14,D15,E1,E2,E3,E4,E5,E6,E7,E8,E9,E10,E11,E12,E13,E14,E15
A1,0.0,0.44112321734428406,0.6486221551895142,0.6117751002311707,0.7128173112869263,0.9645745158195496,1.1007778644561768,1.1754157543182373,1.344348669052124,1.5482213497161865,1.6275416612625122,1.7795954942703247,2.029472589492798,2.1928036212921143,2.2214231491088867,2.9906866550445557,2.6294939517974854,2.5872981548309326,2.6313300132751465,2.3593106269836426,2.092473030090332,2.226795196533203,2.2111849784851074,1.8699047565460205,1.7175308465957642,1.9617215394973755,1.8052611351013184,1.458347201347351,1.578322172164917,1.7434608936309814,2.688793420791626,2.4518473148345947,2.1591665744781494,2.0636866092681885,2.0803909301757812,1.815732479095459,1.5413910150527954,1.6311078071594238,1.5979278087615967,1.2551873922348022,1.1137245893478394,1.332851529121399,1.1642285585403442,0.8056167960166931,0.965709924697876,3.1166605949401855,2.83713698387146,2.5681207180023193,2.684537172317505,2.679614782333374,2.321746587753296,2.220602512359619,2.4598445892333984,2.3245556354522705,1.9562169313430786,2.0740044116973877,2.298790693283081,2.010730266571045,1.8264509439468384,2.140950918197632,1.0347161293029785,0.8374093174934387,1.138344645500183,1.444819688796997,1.388481855392456,1.4040954113006592,1.6960992813110352,1.940807819366455,1.8624227046966553,2.044816017150879,2.283768892288208,2.468212127685547,2.486299514770508,2.7115700244903564,2.991726875305176
A2,0.44112321734428406,0.0,0.41720718145370483,0.581706702709198,0.5068813562393188,0.6516914963722229,0.9161239862442017,1.0398359298706055,1.0765045881271362,1.2761685848236084,1.4424747228622437,1.5733411312103271,1.7592535018920898,1.9629994630813599,2.050091028213501,2.695037364959717,2.3354949951171875,2.248756170272827,2.3115804195404053,2.0743565559387207,1.7738611698150635,1.8803685903549194,1.915348768234253,1.5929194688796997,1.3805752992630005,1.639121413230896,1.549851417541504,1.1925880908966064,1.2552180290222168,1.4858375787734985,2.3622512817382812,2.097480535507202,1.8396631479263306,1.7454825639724731,1.7102110385894775,1.4404653310775757,1.2066864967346191,1.2795522212982178,1.1903082132339478,0.849852442741394,0.7668753266334534,0.9644647240638733,0.7564858198165894,0.44371989369392395,0.7254273295402527,2.7236552238464355,2.4388651847839355,2.180014133453369,2.281128168106079,2.255258321762085,1.8999513387680054,1.8053818941116333,2.0336220264434814,1.885653018951416,1.5198267698287964,1.6558290719985962,1.8741971254348755,1.5866012573242188,1.4259891510009766,1.7604082822799683,0.7073096632957458,0.4232896864414215,0.7099960446357727,1.0286800861358643,0.9841431975364685,0.9791989922523499,1.2578909397125244,1.5163356065750122,1.4634777307510376,1.6289701461791992,1.854798674583435,2.062217950820923,2.0938193798065186,2.2926676273345947,2.5740244388580322
A3,0.6486221551895142,0.41720718145370483,0.0,0.3808278739452362,0.49609073996543884,0.4556291103363037,0.6003769636154175,0.856406033039093,0.9218448996543884,1.01166832447052,1.1369186639785767,1.3606191873550415,1.5186526775360107,1.6500405073165894,1.7448793649673462,2.3809163570404053,2.010925531387329,1.9684960842132568,2.047830581665039,1.7829337120056152,1.496718406677246,1.6684496402740479,1.6911320686340332,1.3544641733169556,1.199302315711975,1.5062161684036255,1.3988063335418701,1.08152437210083,1.2299630641937256,1.4627680778503418,2.0420634746551514,1.808494210243225,1.5113705396652222,1.4224575757980347,1.4567104578018188,1.18793785572052,0.8999443650245667,1.0421409606933594,1.050686001777649,0.6953828930854797,0.5976338982582092,0.9327061772346497,0.8508017659187317,0.6094465851783752,0.8900241255760193,2.495783567428589,2.2216923236846924,1.9454829692840576,2.0926353931427,2.1136317253112793,1.750583291053772,1.6653141975402832,1.9531757831573486,1.8502827882766724,1.4871644973754883,1.6497600078582764,1.9244691133499146,1.6874892711639404,1.546713948249817,1.9005835056304932,0.9457509517669678,0.5648544430732727,0.8601844310760498,1.1036776304244995,0.9103488922119141,0.8740550875663757,1.2223082780838013,1.4173957109451294,1.261103868484497,1.4710440635681152,1.7356231212615967,1.8685927391052246,1.86980140209198,2.133277416229248,2.4039106369018555
A4,0.6117751002311707,0.581706702709198,0.3808278739452362,0.0,0.389627605676651,0.5376827716827393,0.5113153457641602,0.6334922313690186,0.8591926097869873,0.9982860684394836,1.0255494117736816,1.22512686252594,1.4756622314453125,1.5976760387420654,1.6158301830291748,2.4278972148895264,2.0738630294799805,2.0713014602661133,2.091670036315918,1.793172001838684,1.5615853071212769,1.7332688570022583,1.6754179000854492,1.3232312202453613,1.2448283433914185,1.5041580200195312,1.3080660104751587,1.0041178464889526,1.225752592086792,1.3711007833480835,2.242985725402832,2.006134033203125,1.68080472946167,1.6554116010665894,1.727960228919983,1.4254629611968994,1.1552568674087524,1.3693128824234009,1.3779534101486206,1.009351134300232,0.9714293479919434,1.3085702657699585,1.1910043954849243,0.9343328475952148,1.215372085571289,2.7356574535369873,2.440464735031128,2.189385414123535,2.3773837089538574,2.3827755451202393,2.008288621902466,1.9730594158172607,2.270003318786621,2.1395678520202637,1.7913858890533447,1.9916489124298096,2.2448019981384277,1.9851503372192383,1.875765085220337,2.2334935665130615,1.2520664930343628,0.8833238482475281,1.1498924493789673,1.439693570137024,1.2666107416152954,1.1507841348648071,1.5139641761779785,1.7312599420547485,1.533396601676941,1.700196623802185,2.006366729736328,2.1316635608673096,2.076061248779297,2.3549141883850098,2.649292469024658
A5,0.7128173112869263,0.5068813562393188,0.49609073996543884,0.389627605676651,0.0,0.3715279996395111,0.5640918016433716,0.551413893699646,0.6378848552703857,0.8974271416664124,1.0287559032440186,1.1018414497375488,1.3469154834747314,1.571625828742981,1.6160165071487427,2.380742311477661,2.043031692504883,1.980884313583374,1.977027416229248,1.7179150581359863,1.4640514850616455,1.559548258781433,1.5207998752593994,1.1893290281295776,1.0383203029632568,1.2563034296035767,1.0959265232086182,0.7457201480865479,0.8956359624862671,1.059450626373291,2.250128746032715,1.9584413766860962,1.6775970458984375,1.6844878196716309,1.6822378635406494,1.3470780849456787,1.1569087505340576,1.3648524284362793,1.2711464166641235,0.8986053466796875,0.9731326103210449,1.247402310371399,1.0446223020553589,0.8578832745552063,1.1929535865783691,2.6398966312408447,2.317279815673828,2.1013519763946533,2.273871421813965,2.22055721282959,1.8432296514511108,1.8451706171035767,2.107217788696289,1.922041654586792,1.5901217460632324,1.8248647451400757,2.0259735584259033,1.733997106552124,1.6719505786895752,2.0310616493225098,1.1231905221939087,0.7603798508644104,0.9299871921539307,1.2631334066390991,1.1654680967330933,0.972061812877655,1.3053693771362305,1.5787899494171143,1.4264153242111206,1.5233335494995117,1.8270164728164673,2.0125017166137695,1.951970100402832,2.176259994506836,2.495687961578369
A6,0.9645745158195496,0.6516914963722229,0.4556291103363037,0.5376827716827393,0.3715279996395111,0.0,0.38934773206710815,0.5683606863021851,0.4836728274822235,0.6253942847251892,0.8348783850669861,0.9679255485534668,1.1125303506851196,1.3209089040756226,1.4326857328414917,2.064741611480713,1.7159112691879272,1.6418952941894531,1.6749904155731201,1.4270415306091309,1.1412702798843384,1.2633578777313232,1.273726224899292,0.9454745054244995,0.7645766139030457,1.053759217262268,0.9601091146469116,0.6413818597793579,0.7919195294380188,1.0332578420639038,1.8816111087799072,1.5882861614227295,1.3126235008239746,1.3226505517959595,1.3182361125946045,0.9786820411682129,0.8011274933815002,1.04059898853302,0.9606842994689941,0.5990647673606873,0.748736560344696,1.0473065376281738,0.9099249243736267,0.8260597586631775,1.170764684677124,2.275660753250122,1.9590336084365845,1.7353113889694214,1.9203565120697021,1.884323239326477,1.5053471326828003,1.5140851736068726,1.8020278215408325,1.6428405046463013,1.317444086074829,1.572846531867981,1.8031911849975586,1.55359947681427,1.513717532157898,1.8830552101135254,1.1054949760437012,0.7024261355400085,0.8283846378326416,1.0883082151412964,0.9144747257232666,0.671303927898407,1.0365803241729736,1.2709180116653442,1.0719150304794312,1.1853746175765991,1.5025290250778198,1.6570476293563843,1.5932689905166626,1.8400300741195679,2.150022029876709
A7,1.1007778644561768,0.9161239862442017,0.6003769636154175,0.5113153457641602,0.5640918016433716,0.38934773206710815,0.0,0.3996160626411438,0.5176634192466736,0.5107347965240479,0.5431246757507324,0.8015105724334717,0.9912470579147339,1.0939068794250488,1.1513900756835938,1.9197040796279907,1.5716606378555298,1.5812504291534424,1.589377760887146,1.283219337463379,1.0667616128921509,1.2652109861373901,1.1945282220840454,0.8416264653205872,0.8228216171264648,1.1039490699768066,0.9183268547058105,0.6931830644607544,0.9746028780937195,1.1249247789382935,1.8320527076721191,1.5814504623413086,1.249565839767456,1.305388331413269,1.4011396169662476,1.0720529556274414,0.8602925539016724,1.176829218864441,1.1976032257080078,0.8702577948570251,0.9702247381210327,1.3250572681427002,1.2544898986816406,1.1370450258255005,1.454605221748352,2.338397264480591,2.030494213104248,1.8078224658966064,2.0488686561584473,2.0523386001586914,1.6777299642562866,1.7099508047103882,2.036802291870117,1.9114387035369873,1.6057111024856567,1.8673802614212036,2.123664140701294,1.9037479162216187,1.8675061464309692,2.2367005348205566,1.4480077028274536,1.0375396013259888,1.205020546913147,1.4341845512390137,1.1967734098434448,0.9634684324264526,1.3392285108566284,1.5154950618743896,1.2275770902633667,1.3567639589309692,1.706697702407837,1.7825051546096802,1.6632121801376343,1.9731111526489258,2.274566888809204
A8,1.1754157543182373,1.0398359298706055,0.856406033039093,0.6334922313690186,0.551413893699646,0.5683606863021851,0.3996160626411438,0.0,0.4092906415462494,0.596118152141571,0.5761638879776001,0.622090756893158,0.9508944153785706,1.1341488361358643,1.1074730157852173,2.026554822921753,1.719700574874878,1.7216943502426147,1.6472426652908325,1.3481594324111938,1.1886577606201172,1.3094087839126587,1.1589592695236206,0.8227664828300476,0.8464993238449097,1.0097743272781372,0.7287982106208801,0.5065536499023438,0.8339896202087402,0.8660066723823547,2.1188571453094482,1.8364911079406738,1.5296807289123535,1.6425923109054565,1.7077633142471313,1.3519030809402466,1.2078138589859009,1.5246779918670654,1.4804352521896362,1.1449099779129028,1.2912005186080933,1.6129072904586792,1.4692097902297974,1.3455398082733154,1.6850377321243286,2.5716307163238525,2.2338953018188477,2.059756278991699,2.309969663619995,2.26104736328125,1.8843750953674316,1.969258427619934,2.269505023956299,2.0891618728637695,1.8059444427490234,2.1007962226867676,2.306198835372925,2.04818058013916,2.051690101623535,2.4192144870758057,1.6265861988067627,1.2340807914733887,1.3592690229415894,1.6427772045135498,1.4742519855499268,1.1834264993667603,1.5322002172470093,1.7600502967834473,1.497233271598816,1.5452048778533936,1.9092342853546143,2.0246036052703857,1.8658268451690674,2.1376748085021973,2.470308542251587
A9,1.344348669052124,1.0765045881271362,0.9218448996543884,0.8591926097869873,0.6378848552703857,0.4836728274822235,0.5176634192466736,0.4092906415462494,0.0,0.37892448902130127,0.60068279504776,0.533221423625946,0.7262769341468811,1.0264453887939453,1.1062508821487427,1.819402813911438,1.5180906057357788,1.4444173574447632,1.3801058530807495,1.1371585130691528,0.9195430278778076,0.971635103225708,0.8902052640914917,0.5748603940010071,0.4679317772388458,0.6504452228546143,0.48152002692222595,0.18306690454483032,0.47794073820114136,0.6210967302322388,1.897744059562683,1.5696094036102295,1.3181846141815186,1.4537315368652344,1.4484933614730835,1.0779025554656982,1.029839277267456,1.3355361223220825,1.2234406471252441,0.9345938563346863,1.1810929775238037,1.4463239908218384,1.2928495407104492,1.2751641273498535,1.6282398700714111,2.251774787902832,1.8976651430130005,1.7512829303741455,1.9893025159835815,1.9012651443481445,1.5280250310897827,1.6504724025726318,1.929349422454834,1.7239993810653687,1.4713103771209717,1.7977960109710693,1.9734666347503662,1.726061224937439,1.7819455862045288,2.1437880992889404,1.512554407119751,1.1363025903701782,1.160521149635315,1.4066375494003296,1.2621389627456665,0.901472270488739,1.2099257707595825,1.4455504417419434,1.201113224029541,1.185446858406067,1.5495442152023315,1.6949801445007324,1.5327049493789673,1.7652709484100342,2.1109161376953125
A10,1.5482213497161865,1.2761685848236084,1.01166832447052,0.9982860684394836,0.8974271416664124,0.6253942847251892,0.5107347965240479,0.596118152141571,0.37892448902130127,0.0,0.36497581005096436,0.4865144193172455,0.5085271000862122,0.7085669040679932,0.8606298565864563,1.4883955717086792,1.1659865379333496,1.1333492994308472,1.1009360551834106,0.8212191462516785,0.6000549793243408,0.764354407787323,0.6921744346618652,0.34761470556259155,0.3817926049232483,0.6582016348838806,0.5500454902648926,0.493186891078949,0.7414938807487488,0.888481855392456,1.5641775131225586,1.2612439393997192,0.9822757840156555,1.1604104042053223,1.2129544019699097,0.8607575297355652,0.8303234577178955,1.1844985485076904,1.149246096611023,0.9236387610435486,1.1680989265441895,1.4560608863830566,1.3911584615707397,1.4064832925796509,1.7376196384429932,1.9920612573623657,1.653853178024292,1.4983044862747192,1.7796974182128906,1.7392157316207886,1.3761677742004395,1.5108118057250977,1.829727292060852,1.6809462308883667,1.450316309928894,1.7755714654922485,1.991539716720581,1.8047480583190918,1.8621251583099365,2.221400737762451,1.6645760536193848,1.2755036354064941,1.3125393390655518,1.4809504747390747,1.2549139261245728,0.9060922861099243,1.2170875072479248,1.3655651807785034,1.0345563888549805,1.0476810932159424,1.4306267499923706,1.488326072692871,1.2899525165557861,1.5892034769058228,1.9122024774551392
A11,1.6275416612625122,1.4424747228622437,1.1369186639785767,1.0255494117736816,1.0287559032440186,0.8348783850669861,0.5431246757507324,0.5761638879776001,0.60068279504776,0.36497581005096436,0.0,0.43267011642456055,0.5766255855560303,0.5871614813804626,0.6103479266166687,1.4934262037277222,1.189057469367981,1.2639530897140503,1.190796136856079,0.8485661745071411,0.7668049335479736,0.9864675402641296,0.8024774789810181,0.49011221528053284,0.7155578136444092,0.9024868011474609,0.6751992702484131,0.6989369988441467,1.0201269388198853,1.065905213356018,1.6848468780517578,1.4412318468093872,1.1206799745559692,1.3178884983062744,1.4544004201889038,1.1356796026229858,1.0491375923156738,1.4217784404754639,1.4534178972244263,1.212939977645874,1.3931165933609009,1.7241843938827515,1.6782928705215454,1.6343899965286255,1.956965446472168,2.209576368331909,1.890594720840454,1.7362315654754639,2.0470221042633057,2.0407121181488037,1.6903542280197144,1.8191180229187012,2.155951499938965,2.0307440757751465,1.798856258392334,2.1105878353118896,2.344898223876953,2.1615829467773438,2.1992273330688477,2.562098503112793,1.9243695735931396,1.518784761428833,1.6133712530136108,1.7988911867141724,1.5467290878295898,1.2367368936538696,1.5661554336547852,1.6941158771514893,1.334357500076294,1.376847743988037,1.758736252784729,1.7655818462371826,1.5408673286437988,1.8764259815216064,2.1824419498443604
A12,1.7795954942703247,1.5733411312103271,1.3606191873550415,1.22512686252594,1.1018414497375488,0.9679255485534668,0.8015105724334717,0.622090756893158,0.533221423625946,0.4865144193172455,0.43267011642456055,0.0,0.41596466302871704,0.6680417656898499,0.6440430879592896,1.5361539125442505,1.2984774112701416,1.3084015846252441,1.136462688446045,0.8589276671409607,0.8247284889221191,0.8848742842674255,0.6171571612358093,0.3780297338962555,0.6275893449783325,0.6308304667472839,0.30780869722366333,0.5042686462402344,0.7948898673057556,0.7227190732955933,1.9050263166427612,1.6074591875076294,1.3571887016296387,1.5963149070739746,1.6573100090026855,1.3139232397079468,1.315085530281067,1.6701940298080444,1.613214135169983,1.3782342672348022,1.6237633228302002,1.910495400428772,1.7992713451385498,1.7875392436981201,2.134678363800049,2.3036677837371826,1.949581503868103,1.8625231981277466,2.16580867767334,2.0860443115234375,1.742545485496521,1.9344037771224976,2.229107618331909,2.041069984436035,1.848446011543274,2.1978580951690674,2.368983268737793,2.158761739730835,2.2537100315093994,2.6086950302124023,2.0382094383239746,1.6532013416290283,1.6800258159637451,1.8925492763519287,1.7105793952941895,1.3375911712646484,1.6199151277542114,1.7959905862808228,1.4816371202468872,1.4194936752319336,1.8025827407836914,1.866585612297058,1.6091818809509277,1.8734129667282104,2.2137725353240967
A13,2.029472589492798,1.7592535018920898,1.5186526775360107,1.4756622314453125,1.3469154834747314,1.1125303506851196,0.9912470579147339,0.9508944153785706,0.7262769341468811,0.5085271000862122,0.5766255855560303,0.41596466302871704,0.0,0.4391306936740875,0.6149498224258423,1.1571264266967773,0.9293469190597534,0.9042311310768127,0.7249733209609985,0.4759550988674164,0.4685792326927185,0.5093083381652832,0.22998306155204773,0.16824516654014587,0.5040940642356873,0.4963732063770294,0.44914019107818604,0.7091110348701477,0.8802206516265869,0.8946968913078308,1.5755269527435303,1.2686437368392944,1.075923204421997,1.3689488172531128,1.4116742610931396,1.1059943437576294,1.204882264137268,1.5476495027542114,1.493980050086975,1.3498291969299316,1.6333332061767578,1.882063627243042,1.817696213722229,1.8816888332366943,2.2144174575805664,1.927786111831665,1.575207233428955,1.5263444185256958,1.8490933179855347,1.7686500549316406,1.4553236961364746,1.691697120666504,1.9825044870376587,1.8186650276184082,1.6819565296173096,2.040196418762207,2.2061264514923096,2.0507218837738037,2.182060718536377,2.5201573371887207,2.110896110534668,1.7423232793807983,1.7193931341171265,1.8562182188034058,1.6553435325622559,1.273881196975708,1.4985146522521973,1.6107323169708252,1.2744908332824707,1.1650670766830444,1.5380927324295044,1.5538547039031982,1.2557556629180908,1.5246469974517822,1.8531956672668457
A14,2.1928036212921143,1.9629994630813599,1.6500405073165894,1.5976760387420654,1.571625828742981,1.3209089040756226,1.0939068794250488,1.1341488361358643,1.0264453887939453,0.7085669040679932,0.5871614813804626,0.6680417656898499,0.4391306936740875,0.0,0.3499490022659302,0.9394932985305786,0.7019513249397278,0.8549436926841736,0.7132875919342041,0.3588157594203949,0.5445604920387268,0.7638618350028992,0.5436062812805176,0.5204432606697083,0.8573803305625916,0.9305033087730408,0.845217227935791,1.062233328819275,1.2885479927062988,1.3068138360977173,1.428236484527588,1.2158344984054565,0.9790753722190857,1.296137809753418,1.4434336423873901,1.2011122703552246,1.2552012205123901,1.6119154691696167,1.6553020477294922,1.5319387912750244,1.7590665817260742,2.0427370071411133,2.0421650409698486,2.0807642936706543,2.391692638397217,1.9245895147323608,1.6218390464782715,1.552354097366333,1.9121057987213135,1.908693790435791,1.6217881441116333,1.8294129371643066,2.1555848121643066,2.059696912765503,1.9205049276351929,2.2493157386779785,2.462360143661499,2.3453280925750732,2.4443705081939697,2.7834160327911377,2.3426897525787354,1.957192063331604,1.9865130186080933,2.0958058834075928,1.8319164514541626,1.5038022994995117,1.7508180141448975,1.796818733215332,1.4053640365600586,1.3696736097335815,1.7288435697555542,1.6436282396316528,1.3313593864440918,1.6748323440551758,1.9506267309188843
A15,2.2214231491088867,2.050091028213501,1.7448793649673462,1.6158301830291748,1.6160165071487427,1.4326857328414917,1.1513900756835938,1.1074730157852173,1.1062508821487427,0.8606298565864563,0.6103479266166687,0.6440430879592896,0.6149498224258423,0.3499490022659302,0.0,1.1843221187591553,1.0074090957641602,1.191129446029663,1.0019104480743408,0.6799867153167725,0.875630259513855,1.0529866218566895,0.7547188997268677,0.6980836987495422,1.0643949508666992,1.0911762714385986,0.8951774835586548,1.127169132232666,1.4019155502319336,1.3421499729156494,1.7524861097335815,1.560436487197876,1.3027493953704834,1.5979163646697998,1.7649610042572021,1.503839373588562,1.5078554153442383,1.8782172203063965,1.9247829914093018,1.7512049674987793,1.9558417797088623,2.2685680389404297,2.2425668239593506,2.2329816818237305,2.553668975830078,2.271245002746582,1.9694974422454834,1.9007982015609741,2.2587788105010986,2.250471830368042,1.9536265134811401,2.154174566268921,2.481954336166382,2.3686068058013916,2.2099239826202393,2.5422089099884033,2.7536659240722656,2.6073317527770996,2.6957292556762695,3.0454394817352295,2.512335777282715,2.112725257873535,2.172931432723999,2.3271944522857666,2.0709221363067627,1.74003267288208,2.0172483921051025,2.097200393676758,1.7110482454299927,1.683769941329956,2.053453207015991,1.9877082109451294,1.6788694858551025,2.0125648975372314,2.2960128784179688
B1,2.9906866550445557,2.695037364959717,2.3809163570404053,2.4278972148895264,2.380742311477661,2.064741611480713,1.9197040796279907,2.026554822921753,1.819402813911438,1.4883955717086792,1.4934262037277222,1.5361539125442505,1.1571264266967773,0.9394932985305786,1.1843221187591553,0.0,0.3837847411632538,0.5631853342056274,0.5412085056304932,0.6907420754432678,0.9411115050315857,1.0215479135513306,1.0445634126663208,1.2642914056777954,1.4604612588882446,1.474759578704834,1.5935249328613281,1.8377879858016968,1.9360017776489258,1.9994964599609375,1.1000527143478394,1.0271090269088745,1.0730257034301758,1.415564775466919,1.5206583738327026,1.4779298305511475,1.6833488941192627,1.92845618724823,1.9876209497451782,2.0396790504455566,2.2826085090637207,2.469590902328491,2.545201301574707,2.6898317337036133,2.9564054012298584,1.4139338731765747,1.2239140272140503,1.3152596950531006,1.6747342348098755,1.7033460140228271,1.591005802154541,1.8531723022460938,2.1151294708251953,2.1078436374664307,2.1184051036834717,2.4085958003997803,2.5855515003204346,2.595237970352173,2.7523961067199707,3.0265634059906006,2.8987014293670654,2.5694985389709473,2.524000883102417,2.50569486618042,2.2449519634246826,1.9672080278396606,2.069434881210327,1.972867727279663,1.6235350370407104,1.5188281536102295,1.7365175485610962,1.4979997873306274,1.1460247039794922,1.4253283739089966,1.5628585815429688
B2,2.6294939517974854,2.3354949951171875,2.010925531387329,2.0738630294799805,2.043031692504883,1.7159112691879272,1.5716606378555298,1.719700574874878,1.5180906057357788,1.1659865379333496,1.189057469367981,1.2984774112701416,0.9293469190597534,0.7019513249397278,1.0074090957641602,0.3837847411632538,0.0,0.3689008951187134,0.47593286633491516,0.46438223123550415,0.6290711164474487,0.8137965202331543,0.8656024932861328,0.9992401003837585,1.1756141185760498,1.2676897048950195,1.3706390857696533,1.5630176067352295,1.682310700416565,1.787293791770935,0.8822048902511597,0.7569265365600586,0.7135543823242188,1.0671972036361694,1.1991697549819946,1.1305123567581177,1.308366298675537,1.5681315660476685,1.6462286710739136,1.6814693212509155,1.9097615480422974,2.112525463104248,2.1960654258728027,2.3258471488952637,2.5884199142456055,1.3396817445755005,1.109205722808838,1.1015856266021729,1.4788206815719604,1.5315567255020142,1.3569658994674683,1.5831025838851929,1.8840663433074951,1.8791940212249756,1.8369094133377075,2.124061107635498,2.3349227905273438,2.3256897926330566,2.450517416000366,2.741426467895508,2.5456600189208984,2.210216999053955,2.186343193054199,2.1745033264160156,1.8942559957504272,1.6284769773483276,1.7634830474853516,1.6750550270080566,1.2968673706054688,1.243321418762207,1.4986597299575806,1.2725980281829834,0.9359774589538574,1.293298602104187,1.4693084955215454
B3,2.5872981548309326,2.248756170272827,1.9684960842132568,2.0713014602661133,1.980884313583374,1.6418952941894531,1.5812504291534424,1.7216943502426147,1.4444173574447632,1.1333492994308472,1.2639530897140503,1.3084015846252441,0.9042311310768127,0.8549436926841736,1.191129446029663,0.5631853342056274,0.3689008951187134,0.0,0.36193522810935974,0.5220156311988831,0.5340511798858643,0.5902590155601501,0.7833874225616455,0.9558891654014587,1.0285578966140747,1.1005070209503174,1.2970945835113525,1.4717330932617188,1.5147525072097778,1.6556425094604492,0.8541120290756226,0.5970485806465149,0.6796197891235352,1.0193102359771729,1.0331180095672607,0.9647143483161926,1.2279683351516724,1.447977066040039,1.4569967985153198,1.536277413368225,1.805519700050354,1.9549380540847778,2.0205321311950684,2.1995253562927246,2.460649251937866,1.1062235832214355,0.8123161792755127,0.8563074469566345,1.2194607257843018,1.2106819152832031,1.0455493927001953,1.3199715614318848,1.5870763063430786,1.5574663877487183,1.5567193031311035,1.8561526536941528,2.029963970184326,2.0324621200561523,2.1921162605285645,2.4658210277557373,2.3808863162994385,2.076563596725464,1.998334527015686,1.9601447582244873,1.7211376428604126,1.4404865503311157,1.5123621225357056,1.420333743095398,1.0874766111373901,0.956061840057373,1.1869871616363525,0.9928051829338074,0.6250388026237488,0.9424734711647034,1.153468370437622
B4,2.6313300132751465,2.3115804195404053,2.047830581665039,2.091670036315918,1.977027416229248,1.6749904155731201,1.589377760887146,1.6472426652908325,1.3801058530807495,1.1009360551834106,1.190796136856079,1.136462688446045,0.7249733209609985,0.7132875919342041,1.0019104480743408,0.5412085056304932,0.47593286633491516,0.36193522810935974,0.0,0.3634772300720215,0.5538960695266724,0.5051193833351135,0.5578231811523438,0.8314488530158997,0.9849051833152771,0.9505301117897034,1.1207730770111084,1.3708287477493286,1.424994945526123,1.4899725914001465,1.205271601676941,0.9494256973266602,0.9607502818107605,1.3161802291870117,1.3348801136016846,1.1892318725585938,1.4266990423202515,1.6932114362716675,1.6675448417663574,1.6847689151763916,1.9770824909210205,2.1530163288116455,2.167788028717041,2.3226587772369385,2.6150269508361816,1.421473741531372,1.1106034517288208,1.1931349039077759,1.5418992042541504,1.4765499830245972,1.2910444736480713,1.5954722166061401,1.8479955196380615,1.7575567960739136,1.7516623735427856,2.0856454372406006,2.2290802001953125,2.1873016357421875,2.369441270828247,2.656552314758301,2.5133817195892334,2.188565492630005,2.1090404987335205,2.1254076957702637,1.9109762907028198,1.5767321586608887,1.6758044958114624,1.650640606880188,1.323868751525879,1.147802710533142,1.418215036392212,1.2967032194137573,0.9214233160018921,1.1660549640655518,1.4178014993667603
B5,2.3593106269836426,2.0743565559387207,1.7829337120056152,1.793172001838684,1.7179150581359863,1.4270415306091309,1.283219337463379,1.3481594324111938,1.1371585130691528,0.8212191462516785,0.8485661745071411,0.8589276671409607,0.4759550988674164,0.3588157594203949,0.6799867153167725,0.6907420754432678,0.46438223123550415,0.5220156311988831,0.3634772300720215,0.0,0.36570826172828674,0.5146369338035583,0.42238694429397583,0.5756864547729492,0.8194675445556641,0.8584457635879517,0.9214877486228943,1.154049038887024,1.2902634143829346,1.3491064310073853,1.229566216468811,0.9825392365455627,0.8478208184242249,1.2013134956359863,1.2879998683929443,1.0848956108093262,1.2404340505599976,1.5577284097671509,1.5686426162719727,1.5193787813186646,1.7849844694137573,2.0147526264190674,2.0263383388519287,2.1289875507354736,2.430889844894409,1.6189031600952148,1.3073171377182007,1.29118013381958,1.6532248258590698,1.6264104843139648,1.3751660585403442,1.627273440361023,1.9275811910629272,1.8366106748580933,1.7544695138931274,2.0885586738586426,2.274960517883301,2.194767475128174,2.3320441246032715,2.648923635482788,2.3558199405670166,1.9990752935409546,1.971847653388977,2.030539035797119,1.7846753597259521,1.4496040344238281,1.627596378326416,1.6360368728637695,1.2632057666778564,1.164184331893921,1.4938541650772095,1.3890141248703003,1.0442728996276855,1.3628942966461182,1.632524847984314
B6,2.092473030090332,1.7738611698150635,1.496718406677246,1.5615853071212769,1.4640514850616455,1.1412702798843384,1.0667616128921509,1.1886577606201172,0.9195430278778076,0.6000549793243408,0.7668049335479736,0.8247284889221191,0.4685792326927185,0.5445604920387268,0.875630259513855,0.9411115050315857,0.6290711164474487,0.5340511798858643,0.5538960695266724,0.36570826172828674,0.0,0.3573349416255951,0.4597529172897339,0.45805859565734863,0.5491292476654053,0.7093715667724609,0.8309887051582336,0.9629543423652649,1.065455436706543,1.2131938934326172,1.119297981262207,0.8004928231239319,0.6350676417350769,0.949586033821106,0.9853973984718323,0.7377434968948364,0.9129199385643005,1.2212666273117065,1.2067121267318726,1.1646114587783813,1.444399118423462,1.6562838554382324,1.6681432723999023,1.7903403043746948,2.0861332416534424,1.490207314491272,1.1539181470870972,1.0725611448287964,1.4107717275619507,1.377923846244812,1.0800338983535767,1.3065760135650635,1.6182332038879395,1.519944667816162,1.404950499534607,1.738228678703308,1.9372451305389404,1.8485331535339355,1.9711750745773315,2.2924563884735107,2.004725456237793,1.6602216958999634,1.6203643083572388,1.6659636497497559,1.4224954843521118,1.087761640548706,1.2673649787902832,1.285596489906311,0.9134759902954102,0.8316855430603027,1.1858148574829102,1.1262397766113281,0.8264074921607971,1.1599030494689941,1.4561296701431274
B7,2.226795196533203,1.8803685903549194,1.6684496402740479,1.7332688570022583,1.559548258781433,1.2633578777313232,1.2652109861373901,1.3094087839126587,0.971635103225708,0.764354407787323,0.9864675402641296,0.8848742842674255,0.5093083381652832,0.7638618350028992,1.0529866218566895,1.0215479135513306,0.8137965202331543,0.5902590155601501,0.5051193833351135,0.5146369338035583,0.3573349416255951,0.0,0.36225542426109314,0.5331181287765503,0.5257328748703003,0.5160301923751831,0.7734785676002502,0.9531673192977905,0.9497301578521729,1.0777353048324585,1.3134558200836182,0.9523088335990906,0.9074116349220276,1.2021130323410034,1.138658046722412,0.8928169012069702,1.1362502574920654,1.400799036026001,1.2963964939117432,1.2770355939865112,1.6036596298217773,1.7627735137939453,1.7266710996627808,1.8896797895431519,2.1950807571411133,1.488271951675415,1.1164171695709229,1.125470519065857,1.4276330471038818,1.3029582500457764,1.02705979347229,1.3242216110229492,1.5742206573486328,1.4141523838043213,1.3587995767593384,1.721117615699768,1.8512791395187378,1.7544808387756348,1.9374372959136963,2.2404024600982666,2.0613999366760254,1.7475675344467163,1.6413793563842773,1.6866309642791748,1.5136988162994385,1.1406095027923584,1.2451659440994263,1.2971785068511963,1.0052248239517212,0.7904573082923889,1.1203529834747314,1.135116696357727,0.8181002736091614,1.029769778251648,1.366606593132019
B8,2.2111849784851074,1.915348768234253,1.6911320686340332,1.6754179000854492,1.5207998752593994,1.273726224899292,1.1945282220840454,1.1589592695236206,0.8902052640914917,0.6921744346618652,0.8024774789810181,0.6171571612358093,0.22998306155204773,0.5436062812805176,0.7547188997268677,1.0445634126663208,0.8656024932861328,0.7833874225616455,0.5578231811523438,0.42238694429397583,0.4597529172897339,0.36225542426109314,0.0,0.3542238473892212,0.5703164339065552,0.47015705704689026,0.5654379725456238,0.8494216799736023,0.9401007294654846,0.9561627507209778,1.5377477407455444,1.2173815965652466,1.0928033590316772,1.4072816371917725,1.4140753746032715,1.1355338096618652,1.297919750213623,1.6155078411102295,1.53867506980896,1.4420281648635864,1.7486519813537598,1.9630167484283447,1.901798963546753,2.0048680305480957,2.3325490951538086,1.8072946071624756,1.4485493898391724,1.449567437171936,1.7706962823867798,1.6635991334915161,1.3788403272628784,1.6545833349227905,1.920986533164978,1.7509486675262451,1.6611592769622803,2.027193784713745,2.1659798622131348,2.032062530517578,2.1970715522766113,2.518951892852783,2.2100727558135986,1.8615832328796387,1.7997329235076904,1.9070701599121094,1.7242646217346191,1.3360731601715088,1.5082143545150757,1.6006773710250854,1.2835131883621216,1.1171356439590454,1.468104600906372,1.4788755178451538,1.1558990478515625,1.3878626823425293,1.7169755697250366
B9,1.8699047565460205,1.5929194688796997,1.3544641733169556,1.3232312202453613,1.1893290281295776,0.9454745054244995,0.8416264653205872,0.8227664828300476,0.5748603940010071,0.34761470556259155,0.49011221528053284,0.3780297338962555,0.16824516654014587,0.5204432606697083,0.6980836987495422,1.2642914056777954,0.9992401003837585,0.9558891654014587,0.8314488530158997,0.5756864547729492,0.45805859565734863,0.5331181287765503,0.3542238473892212,0.0,0.37030482292175293,0.46055638790130615,0.39856937527656555,0.5806677937507629,0.76953125,0.8309059143066406,1.5617033243179321,1.244463324546814,1.0281469821929932,1.2901179790496826,1.3249677419662476,0.9978797435760498,1.0725111961364746,1.4167675971984863,1.3574347496032715,1.1928883790969849,1.474109411239624,1.7275809049606323,1.6577104330062866,1.714358925819397,2.0480704307556152,1.9261813163757324,1.571772575378418,1.4905155897140503,1.7992074489593506,1.7234243154525757,1.3899732828140259,1.6013144254684448,1.8984785079956055,1.732111930847168,1.5681973695755005,1.9218931198120117,2.0983102321624756,1.9305872917175293,2.0452890396118164,2.389765501022339,1.9467512369155884,1.575407862663269,1.5605027675628662,1.7066057920455933,1.5048834085464478,1.124385118484497,1.3691351413726807,1.497638463973999,1.1656537055969238,1.0810797214508057,1.462789535522461,1.5007344484329224,1.2323046922683716,1.506758689880371,1.8403995037078857
B10,1.7175308465957642,1.3805752992630005,1.199302315711975,1.2448283433914185,1.0383203029632568,0.7645766139030457,0.8228216171264648,0.8464993238449097,0.4679317772388458,0.3817926049232483,0.7155578136444092,0.6275893449783325,0.5040940642356873,0.8573803305625916,1.0643949508666992,1.4604612588882446,1.1756141185760498,1.0285578966140747,0.9849051833152771,0.8194675445556641,0.5491292476654053,0.5257328748703003,0.5703164339065552,0.37030482292175293,0.0,0.3619721531867981,0.4871693253517151,0.47706976532936096,0.5241279602050781,0.7346898317337036,1.5573896169662476,1.195202350616455,1.0205351114273071,1.2153160572052002,1.1586833000183105,0.8051628470420837,0.9149827361106873,1.2092126607894897,1.0729745626449585,0.917844831943512,1.2408826351165771,1.4433847665786743,1.345266342163086,1.447627305984497,1.7794852256774902,1.8256796598434448,1.4589723348617554,1.357465386390686,1.6123509407043457,1.500617504119873,1.1448770761489868,1.3402974605560303,1.6125837564468384,1.4135336875915527,1.2330867052078247,1.5940295457839966,1.7521406412124634,1.5668076276779175,1.6900134086608887,2.0320918560028076,1.6431243419647217,1.3008290529251099,1.2331302165985107,1.3699023723602295,1.2108266353607178,0.8059253692626953,1.0247517824172974,1.1949152946472168,0.9233354330062866,0.8123635649681091,1.1892330646514893,1.3090651035308838,1.1038671731948853,1.323827862739563,1.675358533859253
B11,1.9617215394973755,1.639121413230896,1.5062161684036255,1.5041580200195312,1.2563034296035767,1.053759217262268,1.1039490699768066,1.0097743272781372,0.6504452228546143,0.6582016348838806,0.9024868011474609,0.6308304667472839,0.4963732063770294,0.9305033087730408,1.0911762714385986,1.474759578704834,1.2676897048950195,1.1005070209503174,0.9505301117897034,0.8584457635879517,0.7093715667724609,0.5160301923751831,0.47015705704689026,0.46055638790130615,0.3619721531867981,0.0,0.37219834327697754,0.5498015284538269,0.5010712742805481,0.5635985732078552,1.774084448814392,1.40278959274292,1.2851837873458862,1.5235592126846313,1.4463921785354614,1.1179167032241821,1.270423412322998,1.5504316091537476,1.3813241720199585,1.2461680173873901,1.5804084539413452,1.7560417652130127,1.6219381093978882,1.734529972076416,2.073106050491333,1.9499564170837402,1.5677560567855835,1.546338438987732,1.8004945516586304,1.632434606552124,1.314119815826416,1.570393443107605,1.7957574129104614,1.5539108514785767,1.4373522996902466,1.8156160116195679,1.9106996059417725,1.717682957649231,1.8954237699508667,2.2178473472595215,1.901611566543579,1.582667350769043,1.4757362604141235,1.6244210004806519,1.5201014280319214,1.1046699285507202,1.2574150562286377,1.4412556886672974,1.2132500410079956,1.0134042501449585,1.358189344406128,1.4976091384887695,1.250498652458191,1.3969541788101196,1.7640132904052734
B12,1.8052611351013184,1.549851417541504,1.3988063335418701,1.3080660104751587,1.0959265232086182,0.9601091146469116,0.9183268547058105,0.7287982106208801,0.48152002692222595,0.5500454902648926,0.6751992702484131,0.30780869722366333,0.44914019107818604,0.845217227935791,0.8951774835586548,1.5935249328613281,1.3706390857696533,1.2970945835113525,1.1207730770111084,0.9214877486228943,0.8309887051582336,0.7734785676002502,0.5654379725456238,0.39856937527656555,0.4871693253517151,0.37219834327697754,0.0,0.36547791957855225,0.5418398976325989,0.46261540055274963,1.9399690628051758,1.6005866527557373,1.4033098220825195,1.6366456747055054,1.6283940076828003,1.2761855125427246,1.3337557315826416,1.6569678783416748,1.5343531370162964,1.3198148012161255,1.6087056398391724,1.8472777605056763,1.701817274093628,1.7339273691177368,2.0861833095550537,2.2329342365264893,1.8606321811676025,1.8010079860687256,2.0765280723571777,1.9481226205825806,1.6090164184570312,1.824794888496399,2.0835719108581543,1.856931209564209,1.6874555349349976,2.0517852306365967,2.180802583694458,1.9587293863296509,2.088742256164551,2.4322612285614014,1.944817304611206,1.5886499881744385,1.5548796653747559,1.7644367218017578,1.6338382959365845,1.2329336404800415,1.4680956602096558,1.6726417541503906,1.4083603620529175,1.2860363721847534,1.6546051502227783,1.7720767259597778,1.5252362489700317,1.7285230159759521,2.0874290466308594
B13,1.458347201347351,1.1925880908966064,1.08152437210083,1.0041178464889526,0.7457201480865479,0.6413818597793579,0.6931830644607544,0.5065536499023438,0.18306690454483032,0.493186891078949,0.6989369988441467,0.5042686462402344,0.7091110348701477,1.062233328819275,1.127169132232666,1.8377879858016968,1.5630176067352295,1.4717330932617188,1.3708287477493286,1.154049038887024,0.9629543423652649,0.9531673192977905,0.8494216799736023,0.5806677937507629,0.47706976532936096,0.5498015284538269,0.36547791957855225,0.0,0.3563789129257202,0.439523845911026,1.9923932552337646,1.649056315422058,1.4244064092636108,1.5836001634597778,1.5568130016326904,1.1862856149673462,1.1794408559799194,1.4766473770141602,1.3349052667617798,1.0649409294128418,1.331866979598999,1.5719088315963745,1.3952558040618896,1.3954695463180542,1.7511295080184937,2.299710750579834,1.9337619543075562,1.818687915802002,2.055560350418091,1.9375133514404297,1.5726370811462402,1.7254194021224976,1.9834706783294678,1.751920223236084,1.5244746208190918,1.8658558130264282,2.0095064640045166,1.7530285120010376,1.8392088413238525,2.1931865215301514,1.6085190773010254,1.2521181106567383,1.239762306213379,1.4905387163162231,1.3802618980407715,1.0005364418029785,1.272353172302246,1.5222078561782837,1.2976397275924683,1.2325148582458496,1.5920686721801758,1.7562525272369385,1.5771929025650024,1.7786301374435425,2.1361682415008545
