0.000000000000000000e+00,3.888396918773651123e-01,5.420775413513183594e-01,5.870141983032226562e-01,7.332910895347595215e-01,9.532309174537658691e-01,1.085807442665100098e+00,1.209052443504333496e+00,1.391463756561279297e+00,1.565371036529541016e+00,1.697694659233093262e+00,1.859821915626525879e+00,2.043123245239257812e+00,2.211996316909790039e+00,2.387542724609375000e+00,2.303431510925292969e+00,2.177215814590454102e+00,2.046729326248168945e+00,1.758067965507507324e+00,1.700417041778564453e+00,1.745820403099060059e+00,1.516556024551391602e+00,1.277362346649169922e+00,1.380911707878112793e+00,1.430446863174438477e+00,1.141223669052124023e+00,1.035893321037292480e+00,1.286457061767578125e+00,1.309933900833129883e+00,1.039029836654663086e+00,1.837107539176940918e+00,1.799412727355957031e+00,1.863272786140441895e+00,1.751723766326904297e+00,1.562221050262451172e+00,1.782364487648010254e+00,1.810461163520812988e+00,1.748327612876892090e+00,1.681835412979125977e+00,1.945883512496948242e+00,2.070544481277465820e+00,1.938628554344177246e+00,2.031875848770141602e+00,2.346617460250854492e+00,2.451965332031250000e+00,2.924777030944824219e+00,2.585446119308471680e+00,2.486814737319946289e+00,2.701778650283813477e+00,2.576764106750488281e+00,2.249887228012084961e+00,2.399041652679443359e+00,2.577845811843872070e+00,2.358994722366333008e+00,2.151048898696899414e+00,2.438003778457641602e+00,2.539844751358032227e+00,2.302904605865478516e+00,2.302126884460449219e+00,2.641154050827026367e+00,2.164064168930053711e+00,1.943383097648620605e+00,1.785800695419311523e+00,2.104588747024536133e+00,2.100268125534057617e+00,1.858667373657226562e+00,1.966899991035461426e+00,2.287664651870727539e+00,2.144116878509521484e+00,2.080259561538696289e+00,2.153645038604736328e+00,2.442972660064697266e+00,2.387168407440185547e+00,2.514118432998657227e+00,2.718864679336547852e+00
3.888396918773651123e-01,0.000000000000000000e+00,3.690229058265686035e-01,5.644493699073791504e-01,5.645353198051452637e-01,6.750069856643676758e-01,9.213958382606506348e-01,1.082117438316345215e+00,1.167015433311462402e+00,1.325346469879150391e+00,1.533502936363220215e+00,1.677883267402648926e+00,1.802385807037353516e+00,2.001118898391723633e+00,2.207504034042358398e+00,2.070904254913330078e+00,1.918929338455200195e+00,1.742131114006042480e+00,1.476909279823303223e+00,1.449392080307006836e+00,1.443701267242431641e+00,1.174712061882019043e+00,9.907832741737365723e-01,1.120257019996643066e+00,1.112275362014770508e+00,7.979755401611328125e-01,8.026688098907470703e-01,1.060143709182739258e+00,1.038987040519714355e+00,8.353918194770812988e-01,1.696975469589233398e+00,1.580757737159729004e+00,1.645075440406799316e+00,1.590094566345214844e+00,1.352078318595886230e+00,1.517346978187561035e+00,1.607899904251098633e+00,1.581507802009582520e+00,1.442570686340332031e+00,1.702692270278930664e+00,1.881575345993041992e+00,1.770289063453674316e+00,1.806468725204467773e+00,2.152033329010009766e+00,2.301239252090454102e+00,2.607276916503906250e+00,2.257738590240478516e+00,2.182334899902343750e+00,2.380892753601074219e+00,2.227903127670288086e+00,1.911198139190673828e+00,2.084473609924316406e+00,2.237104654312133789e+00,2.002118110656738281e+00,1.821844696998596191e+00,2.124343872070312500e+00,2.201437234878540039e+00,1.973495244979858398e+00,2.013497114181518555e+00,2.349430084228515625e+00,1.873336315155029297e+00,1.666020989418029785e+00,1.455441355705261230e+00,1.759479641914367676e+00,1.759577393531799316e+00,1.504534244537353516e+00,1.591122031211853027e+00,1.904252767562866211e+00,1.772016644477844238e+00,1.704595685005187988e+00,1.766063451766967773e+00,2.060425043106079102e+00,2.021026611328125000e+00,2.151081085205078125e+00,2.352941274642944336e+00
5.420775413513183594e-01,3.690229058265686035e-01,0.000000000000000000e+00,3.798460066318511963e-01,5.530694127082824707e-01,5.385543704032897949e-01,6.691714525222778320e-01,9.260272383689880371e-01,1.062891840934753418e+00,1.130472660064697266e+00,1.316016316413879395e+00,1.530270218849182129e+00,1.648110985755920410e+00,1.785580158233642578e+00,2.015300750732421875e+00,1.795289993286132812e+00,1.644622564315795898e+00,1.526931166648864746e+00,1.244411349296569824e+00,1.160794973373413086e+00,1.212333798408508301e+00,1.016096830368041992e+00,7.417702674865722656e-01,8.731496930122375488e-01,9.795784950256347656e-01,7.385148406028747559e-01,6.494185924530029297e-01,9.710518717765808105e-01,1.074261426925659180e+00,9.284203648567199707e-01,1.629364132881164551e+00,1.552968382835388184e+00,1.542067050933837891e+00,1.432425141334533691e+00,1.203356623649597168e+00,1.346645236015319824e+00,1.378823399543762207e+00,1.294226646423339844e+00,1.184206366539001465e+00,1.422446489334106445e+00,1.571407437324523926e+00,1.430336117744445801e+00,1.495446443557739258e+00,1.822492599487304688e+00,1.951614618301391602e+00,2.404094219207763672e+00,2.067935943603515625e+00,1.950618028640747070e+00,2.172940015792846680e+00,2.071390628814697266e+00,1.739991545677185059e+00,1.888270497322082520e+00,2.088637828826904297e+00,1.904700279235839844e+00,1.702635526657104492e+00,1.995039343833923340e+00,2.129266738891601562e+00,1.939739584922790527e+00,1.948761463165283203e+00,2.299787044525146484e+00,1.982811331748962402e+00,1.711397290229797363e+00,1.508593916893005371e+00,1.833141326904296875e+00,1.765281438827514648e+00,1.477600336074829102e+00,1.618578433990478516e+00,1.917540907859802246e+00,1.715967893600463867e+00,1.630946874618530273e+00,1.765913367271423340e+00,2.023423671722412109e+00,1.912619113922119141e+00,2.065712690353393555e+00,2.300037622451782227e+00
5.870141983032226562e-01,5.644493699073791504e-01,3.798460066318511963e-01,0.000000000000000000e+00,3.825136423110961914e-01,5.514930486679077148e-01,5.263977050781250000e-01,6.662956476211547852e-01,9.118805527687072754e-01,1.041936516761779785e+00,1.125900149345397949e+00,1.326535940170288086e+00,1.524084568023681641e+00,1.652470707893371582e+00,1.825763106346130371e+00,1.772308468818664551e+00,1.697602629661560059e+00,1.604510664939880371e+00,1.286713123321533203e+00,1.261862277984619141e+00,1.394342660903930664e+00,1.204824805259704590e+00,9.390058517456054688e-01,1.148828387260437012e+00,1.299555420875549316e+00,1.069989919662475586e+00,1.015971064567565918e+00,1.345205187797546387e+00,1.447576284408569336e+00,1.293392181396484375e+00,1.996217250823974609e+00,1.931305646896362305e+00,1.907051801681518555e+00,1.778554439544677734e+00,1.558165550231933594e+00,1.673921108245849609e+00,1.683412790298461914e+00,1.546688675880432129e+00,1.448487758636474609e+00,1.631350994110107422e+00,1.765985608100891113e+00,1.552653312683105469e+00,1.602725744247436523e+00,1.911828041076660156e+00,2.002665996551513672e+00,2.483690977096557617e+00,2.172730922698974609e+00,2.082776308059692383e+00,2.340623140335083008e+00,2.256327152252197266e+00,1.946689486503601074e+00,2.124390125274658203e+00,2.335887908935546875e+00,2.172942399978637695e+00,2.004873991012573242e+00,2.304453849792480469e+00,2.443027496337890625e+00,2.276611804962158203e+00,2.303703069686889648e+00,2.654834032058715820e+00,2.335788488388061523e+00,2.080809116363525391e+00,1.852838039398193359e+00,2.158321857452392578e+00,2.099310636520385742e+00,1.793624997138977051e+00,1.902482867240905762e+00,2.170981168746948242e+00,1.977419376373291016e+00,1.841241955757141113e+00,1.959964156150817871e+00,2.187041997909545898e+00,2.070186138153076172e+00,2.164385795593261719e+00,2.383911132812500000e+00
7.332910895347595215e-01,5.645353198051452637e-01,5.530694127082824707e-01,3.825136423110961914e-01,0.000000000000000000e+00,3.876563906669616699e-01,5.422451496124267578e-01,5.487333536148071289e-01,6.655201911926269531e-01,9.049896597862243652e-01,1.046151995658874512e+00,1.148599386215209961e+00,1.332324504852294922e+00,1.541787266731262207e+00,1.697665810585021973e+00,1.747117877006530762e+00,1.684890270233154297e+00,1.514085292816162109e+00,1.211680293083190918e+00,1.292490959167480469e+00,1.377930641174316406e+00,1.109004259109497070e+00,9.544327855110168457e-01,1.230578541755676270e+00,1.299690246582031250e+00,1.035816192626953125e+00,1.126342773437500000e+00,1.437828302383422852e+00,1.457291603088378906e+00,1.339668512344360352e+00,2.135639190673828125e+00,1.996562600135803223e+00,2.000899791717529297e+00,1.937140941619873047e+00,1.677239656448364258e+00,1.741601705551147461e+00,1.825366854667663574e+00,1.729706168174743652e+00,1.553148865699768066e+00,1.719009160995483398e+00,1.918131351470947266e+00,1.713298082351684570e+00,1.678682327270507812e+00,2.022744894027709961e+00,2.153802871704101562e+00,2.376295804977416992e+00,2.060164928436279297e+00,2.037844896316528320e+00,2.285284757614135742e+00,2.151534080505371094e+00,1.874016880989074707e+00,2.107978820800781250e+00,2.273128747940063477e+00,2.080071449279785156e+00,1.971984505653381348e+00,2.294191837310791016e+00,2.381500959396362305e+00,2.220009088516235352e+00,2.309422731399536133e+00,2.647031545639038086e+00,2.255089282989501953e+00,2.057028770446777344e+00,1.770537614822387695e+00,2.032001018524169922e+00,2.014828681945800781e+00,1.705229878425598145e+00,1.744803190231323242e+00,1.985598087310791016e+00,1.845282316207885742e+00,1.679679989814758301e+00,1.735543251037597656e+00,1.963977098464965820e+00,1.900901436805725098e+00,1.944007635116577148e+00,2.130815744400024414e+00
9.532309174537658691e-01,6.750069856643676758e-01,5.385543704032897949e-01,5.514930486679077148e-01,3.876563906669616699e-01,0.000000000000000000e+00,3.866091668605804443e-01,5.777667760848999023e-01,5.590812563896179199e-01,6.526564359664916992e-01,9.077528715133666992e-01,1.058822751045227051e+00,1.139832139015197754e+00,1.333313107490539551e+00,1.560060858726501465e+00,1.438943505287170410e+00,1.333600759506225586e+00,1.146691560745239258e+00,8.554694056510925293e-01,9.340318441390991211e-01,9.942879676818847656e-01,7.279348373413085938e-01,5.941578745841979980e-01,9.076780676841735840e-01,9.829800128936767578e-01,7.745953798294067383e-01,9.213082790374755859e-01,1.227384686470031738e+00,1.274884819984436035e+00,1.246026515960693359e+00,1.949522972106933594e+00,1.781341791152954102e+00,1.747543573379516602e+00,1.704436659812927246e+00,1.427339434623718262e+00,1.426899671554565430e+00,1.531424999237060547e+00,1.445164442062377930e+00,1.223098397254943848e+00,1.364746093750000000e+00,1.595334053039550781e+00,1.407361865043640137e+00,1.332065939903259277e+00,1.694173693656921387e+00,1.859394550323486328e+00,2.017136573791503906e+00,1.691350460052490234e+00,1.656868338584899902e+00,1.899144649505615234e+00,1.770590782165527344e+00,1.489051699638366699e+00,1.725499868392944336e+00,1.894596934318542480e+00,1.719421505928039551e+00,1.620852589607238770e+00,1.942859649658203125e+00,2.042612791061401367e+00,1.912528395652770996e+00,2.011128902435302734e+00,2.346805810928344727e+00,2.059857368469238281e+00,1.837833166122436523e+00,1.531385302543640137e+00,1.786981105804443359e+00,1.728977441787719727e+00,1.398565530776977539e+00,1.457488417625427246e+00,1.681729078292846680e+00,1.502612471580505371e+00,1.327607870101928711e+00,1.431231498718261719e+00,1.642774343490600586e+00,1.541669964790344238e+00,1.620008111000061035e+00,1.835998296737670898e+00
1.085807442665100098e+00,9.213958382606506348e-01,6.691714525222778320e-01,5.263977050781250000e-01,5.422451496124267578e-01,3.866091668605804443e-01,0.000000000000000000e+00,3.784144222736358643e-01,5.519812703132629395e-01,5.400878190994262695e-01,6.487328410148620605e-01,9.020603895187377930e-01,1.044830799102783203e+00,1.141808986663818359e+00,1.354336142539978027e+00,1.258675336837768555e+00,1.217880249023437500e+00,1.137053608894348145e+00,8.069018125534057617e-01,8.507395982742309570e-01,1.044643402099609375e+00,9.029519557952880859e-01,6.844930648803710938e-01,9.929651618003845215e-01,1.188806176185607910e+00,1.052962303161621094e+00,1.095002651214599609e+00,1.422498583793640137e+00,1.551324963569641113e+00,1.513325214385986328e+00,2.114202499389648438e+00,2.001902818679809570e+00,1.916718244552612305e+00,1.813346266746520996e+00,1.568521857261657715e+00,1.561150670051574707e+00,1.587664127349853516e+00,1.422883033752441406e+00,1.260414719581604004e+00,1.343217134475708008e+00,1.516447305679321289e+00,1.253563523292541504e+00,1.207743048667907715e+00,1.525774002075195312e+00,1.636301875114440918e+00,1.999430179595947266e+00,1.712438702583312988e+00,1.644399166107177734e+00,1.928537845611572266e+00,1.870600461959838867e+00,1.593745946884155273e+00,1.803805470466613770e+00,2.023478746414184570e+00,1.911384701728820801e+00,1.801071763038635254e+00,2.102030038833618164e+00,2.253980398178100586e+00,2.158562660217285156e+00,2.223508119583129883e+00,2.565914869308471680e+00,2.383719444274902344e+00,2.122467279434204102e+00,1.840990662574768066e+00,2.108771562576293945e+00,2.009266853332519531e+00,1.668419480323791504e+00,1.763260006904602051e+00,1.965440273284912109e+00,1.739805102348327637e+00,1.543585300445556641e+00,1.699324846267700195e+00,1.857453823089599609e+00,1.689004421234130859e+00,1.756227135658264160e+00,1.987867116928100586e+00
1.209052443504333496e+00,1.082117438316345215e+00,9.260272383689880371e-01,6.662956476211547852e-01,5.487333536148071289e-01,5.777667760848999023e-01,3.784144222736358643e-01,0.000000000000000000e+00,3.844782710075378418e-01,5.693904757499694824e-01,5.369759202003479004e-01,6.688674092292785645e-01,9.256998300552368164e-01,1.072178363800048828e+00,1.188212990760803223e+00,1.379910588264465332e+00,1.421946167945861816e+00,1.318074464797973633e+00,1.000628948211669922e+00,1.148345708847045898e+00,1.343188047409057617e+00,1.164725661277770996e+00,1.024478673934936523e+00,1.354780316352844238e+00,1.512709498405456543e+00,1.343866109848022461e+00,1.432471275329589844e+00,1.758806228637695312e+00,1.843205809593200684e+00,1.785178661346435547e+00,2.462721586227416992e+00,2.332503795623779297e+00,2.269410848617553711e+00,2.180919408798217773e+00,1.928144574165344238e+00,1.914733171463012695e+00,1.961222052574157715e+00,1.799029946327209473e+00,1.625202417373657227e+00,1.685818314552307129e+00,1.868464350700378418e+00,1.584654927253723145e+00,1.500665903091430664e+00,1.804051756858825684e+00,1.898316264152526855e+00,2.131055355072021484e+00,1.870424747467041016e+00,1.867186903953552246e+00,2.159226417541503906e+00,2.083640813827514648e+00,1.846724390983581543e+00,2.096301794052124023e+00,2.290423154830932617e+00,2.169881105422973633e+00,2.105093479156494141e+00,2.416694879531860352e+00,2.539311170578002930e+00,2.447996139526367188e+00,2.547011137008666992e+00,2.882340431213378906e+00,2.634563207626342773e+00,2.412591695785522461e+00,2.102453708648681641e+00,2.342227697372436523e+00,2.278647184371948242e+00,1.938147425651550293e+00,1.978607654571533203e+00,2.152387142181396484e+00,1.972624897956848145e+00,1.741607904434204102e+00,1.838433861732482910e+00,1.976961135864257812e+00,1.847973346710205078e+00,1.834226131439208984e+00,2.023725509643554688e+00
1.391463756561279297e+00,1.167015433311462402e+00,1.062891840934753418e+00,9.118805527687072754e-01,6.655201911926269531e-01,5.590812563896179199e-01,5.519812703132629395e-01,3.844782710075378418e-01,0.000000000000000000e+00,3.886383175849914551e-01,5.456910729408264160e-01,5.341305136680603027e-01,6.740003824234008789e-01,9.341999292373657227e-01,1.080876231193542480e+00,1.272566318511962891e+00,1.300718784332275391e+00,1.107687354087829590e+00,8.338887095451354980e-01,1.087804913520812988e+00,1.213877201080322266e+00,9.870439767837524414e-01,9.762930274009704590e-01,1.333746790885925293e+00,1.421657562255859375e+00,1.267080903053283691e+00,1.459400534629821777e+00,1.755193114280700684e+00,1.789506077766418457e+00,1.788998246192932129e+00,2.479109287261962891e+00,2.287788152694702148e+00,2.234458684921264648e+00,2.203828334808349609e+00,1.924118518829345703e+00,1.851953148841857910e+00,1.962011337280273438e+00,1.844399571418762207e+00,1.601835250854492188e+00,1.639958620071411133e+00,1.882428169250488281e+00,1.631903409957885742e+00,1.463939785957336426e+00,1.797373056411743164e+00,1.945019841194152832e+00,1.885912060737609863e+00,1.618556261062622070e+00,1.680722475051879883e+00,1.952422618865966797e+00,1.832754015922546387e+00,1.634369134902954102e+00,1.929609298706054688e+00,2.077461481094360352e+00,1.942569255828857422e+00,1.938362598419189453e+00,2.258839607238769531e+00,2.339914083480834961e+00,2.269567728042602539e+00,2.419974088668823242e+00,2.735803127288818359e+00,2.480883836746215820e+00,2.298491954803466797e+00,1.946723341941833496e+00,2.138670682907104492e+00,2.092751741409301758e+00,1.753682613372802734e+00,1.740790009498596191e+00,1.870270490646362305e+00,1.726296901702880859e+00,1.466805815696716309e+00,1.522961139678955078e+00,1.641518831253051758e+00,1.547522306442260742e+00,1.491203069686889648e+00,1.659649372100830078e+00
1.565371036529541016e+00,1.325346469879150391e+00,1.130472660064697266e+00,1.041936516761779785e+00,9.049896597862243652e-01,6.526564359664916992e-01,5.400878190994262695e-01,5.693904757499694824e-01,3.886383175849914551e-01,0.000000000000000000e+00,3.920931518077850342e-01,5.529543757438659668e-01,5.350915789604187012e-01,6.830969452857971191e-01,9.420558214187622070e-01,8.933517336845397949e-01,9.178339838981628418e-01,7.706041932106018066e-01,4.831658601760864258e-01,7.579302191734313965e-01,9.329789876937866211e-01,8.108574151992797852e-01,8.033326864242553711e-01,1.149514317512512207e+00,1.291781663894653320e+00,1.229636549949645996e+00,1.397810101509094238e+00,1.679591655731201172e+00,1.770828485488891602e+00,1.822924017906188965e+00,2.380155801773071289e+00,2.200206995010375977e+00,2.094675779342651367e+00,2.052877664566040039e+00,1.786174893379211426e+00,1.660702228546142578e+00,1.746364951133728027e+00,1.606361150741577148e+00,1.362241864204406738e+00,1.336446166038513184e+00,1.573848843574523926e+00,1.311158895492553711e+00,1.105658888816833496e+00,1.427222490310668945e+00,1.582681536674499512e+00,1.563138723373413086e+00,1.306376814842224121e+00,1.333605885505676270e+00,1.626047372817993164e+00,1.557761192321777344e+00,1.361341238021850586e+00,1.638021945953369141e+00,1.817100286483764648e+00,1.739735007286071777e+00,1.735354065895080566e+00,2.034704923629760742e+00,2.155626296997070312e+00,2.130701780319213867e+00,2.263423919677734375e+00,2.575568675994873047e+00,2.465536117553710938e+00,2.243701457977294922e+00,1.905001163482666016e+00,2.099159955978393555e+00,1.996217608451843262e+00,1.647060036659240723e+00,1.677307128906250000e+00,1.782272100448608398e+00,1.575294017791748047e+00,1.306422591209411621e+00,1.446527719497680664e+00,1.515467166900634766e+00,1.334173202514648438e+00,1.319470286369323730e+00,1.535581827163696289e+00
1.697694659233093262e+00,1.533502936363220215e+00,1.316016316413879395e+00,1.125900149345397949e+00,1.046151995658874512e+00,9.077528715133666992e-01,6.487328410148620605e-01,5.369759202003479004e-01,5.456910729408264160e-01,3.920931518077850342e-01,0.000000000000000000e+00,3.760343790054321289e-01,5.521862506866455078e-01,5.565287470817565918e-01,7.106127738952636719e-01,9.291832447052001953e-01,1.076255083084106445e+00,1.046131372451782227e+00,7.781865596771240234e-01,9.911995530128479004e-01,1.246290922164916992e+00,1.182116985321044922e+00,1.107396006584167480e+00,1.434324145317077637e+00,1.631448507308959961e+00,1.565029025077819824e+00,1.672713279724121094e+00,1.976545453071594238e+00,2.099419593811035156e+00,2.115711212158203125e+00,2.663484334945678711e+00,2.523214817047119141e+00,2.402539253234863281e+00,2.318376541137695312e+00,2.073803901672363281e+00,1.970628023147583008e+00,2.003387212753295898e+00,1.812890648841857910e+00,1.626165866851806641e+00,1.573509931564331055e+00,1.751325488090515137e+00,1.432179212570190430e+00,1.265911936759948730e+00,1.517773032188415527e+00,1.600517988204956055e+00,1.747159719467163086e+00,1.551364183425903320e+00,1.568238496780395508e+00,1.884064555168151855e+00,1.867856502532958984e+00,1.688397049903869629e+00,1.940290927886962891e+00,2.145488262176513672e+00,2.102014064788818359e+00,2.087566614151000977e+00,2.373180627822875977e+00,2.519398927688598633e+00,2.502771615982055664e+00,2.614122867584228516e+00,2.931879758834838867e+00,2.840104579925537109e+00,2.603389501571655273e+00,2.279134750366210938e+00,2.486197471618652344e+00,2.376878976821899414e+00,2.026453256607055664e+00,2.068528652191162109e+00,2.170333862304687500e+00,1.956403613090515137e+00,1.684515595436096191e+00,1.827078700065612793e+00,1.869359850883483887e+00,1.671441197395324707e+00,1.622034549713134766e+00,1.818843603134155273e+00
1.859821915626525879e+00,1.677883267402648926e+00,1.530270218849182129e+00,1.326535940170288086e+00,1.148599386215209961e+00,1.058822751045227051e+00,9.020603895187377930e-01,6.688674092292785645e-01,5.341305136680603027e-01,5.529543757438659668e-01,3.760343790054321289e-01,0.000000000000000000e+00,3.856931030750274658e-01,5.644427537918090820e-01,5.739449858665466309e-01,1.122024297714233398e+00,1.296860814094543457e+00,1.190181493759155273e+00,9.748710989952087402e-01,1.270454645156860352e+00,1.467704057693481445e+00,1.343558669090270996e+00,1.349291324615478516e+00,1.697446942329406738e+00,1.834971070289611816e+00,1.740288615226745605e+00,1.911412239074707031e+00,2.207417249679565430e+00,2.277083158493041992e+00,2.296956777572631836e+00,2.916624546051025391e+00,2.737232685089111328e+00,2.643925189971923828e+00,2.595912456512451172e+00,2.331165790557861328e+00,2.213539838790893555e+00,2.291665315628051758e+00,2.131250619888305664e+00,1.907311916351318359e+00,1.856818795204162598e+00,2.070245742797851562e+00,1.770425796508789062e+00,1.560626387596130371e+00,1.822139263153076172e+00,1.925215363502502441e+00,1.804047226905822754e+00,1.628039240837097168e+00,1.730485081672668457e+00,2.026833534240722656e+00,1.966065049171447754e+00,1.834195256233215332e+00,2.130112171173095703e+00,2.287558078765869141e+00,2.221665859222412109e+00,2.260967969894409180e+00,2.558372020721435547e+00,2.658842325210571289e+00,2.645831346511840820e+00,2.802117824554443359e+00,3.106173038482666016e+00,2.948709487915039062e+00,2.759274244308471680e+00,2.402045488357543945e+00,2.569952011108398438e+00,2.499101161956787109e+00,2.155746221542358398e+00,2.137125492095947266e+00,2.202436685562133789e+00,2.046314716339111328e+00,1.749216675758361816e+00,1.820986270904541016e+00,1.841513633728027344e+00,1.704697728157043457e+00,1.568953514099121094e+00,1.708546638488769531e+00
2.043123245239257812e+00,1.802385807037353516e+00,1.648110985755920410e+00,1.524084568023681641e+00,1.332324504852294922e+00,1.139832139015197754e+00,1.044830799102783203e+00,9.256998300552368164e-01,6.740003824234008789e-01,5.350915789604187012e-01,5.521862506866455078e-01,3.856931030750274658e-01,0.000000000000000000e+00,3.888310790061950684e-01,5.473992824554443359e-01,8.982916474342346191e-01,1.065069675445556641e+00,9.157524704933166504e-01,7.912805080413818359e-01,1.144001007080078125e+00,1.292907714843750000e+00,1.199925541877746582e+00,1.294430136680603027e+00,1.626640796661376953e+00,1.733317732810974121e+00,1.692983508110046387e+00,1.908292531967163086e+00,2.169496059417724609e+00,2.230242252349853516e+00,2.308543920516967773e+00,2.864695549011230469e+00,2.652942895889282227e+00,2.544816493988037109e+00,2.532533884048461914e+00,2.262536048889160156e+00,2.085527420043945312e+00,2.194350481033325195e+00,2.061373233795166016e+00,1.799138903617858887e+00,1.705330729484558105e+00,1.950751423835754395e+00,1.684954881668090820e+00,1.405917048454284668e+00,1.668575763702392578e+00,1.815294265747070312e+00,1.442020058631896973e+00,1.279862761497497559e+00,1.431725621223449707e+00,1.711233019828796387e+00,1.643935322761535645e+00,1.560467720031738281e+00,1.873269557952880859e+00,2.002311468124389648e+00,1.960079312324523926e+00,2.048127651214599609e+00,2.331402778625488281e+00,2.417178392410278320e+00,2.444578647613525391e+00,2.626040458679199219e+00,2.907221555709838867e+00,2.820543766021728516e+00,2.642887115478515625e+00,2.273149728775024414e+00,2.403260707855224609e+00,2.318179607391357422e+00,1.983132123947143555e+00,1.946877598762512207e+00,1.959734320640563965e+00,1.805078744888305664e+00,1.491079688072204590e+00,1.570029258728027344e+00,1.534577369689941406e+00,1.381422400474548340e+00,1.219169497489929199e+00,1.360946893692016602e+00
2.211996316909790039e+00,2.001118898391723633e+00,1.785580158233642578e+00,1.652470707893371582e+00,1.541787266731262207e+00,1.333313107490539551e+00,1.141808986663818359e+00,1.072178363800048828e+00,9.341999292373657227e-01,6.830969452857971191e-01,5.565287470817565918e-01,5.644427537918090820e-01,3.888310790061950684e-01,0.000000000000000000e+00,3.724707961082458496e-01,6.494780778884887695e-01,9.233094453811645508e-01,9.256681799888610840e-01,8.257622718811035156e-01,1.107160687446594238e+00,1.327410817146301270e+00,1.342147350311279297e+00,1.382372856140136719e+00,1.680186748504638672e+00,1.852238178253173828e+00,1.861251711845397949e+00,2.017677783966064453e+00,2.280174970626831055e+00,2.397661209106445312e+00,2.481923103332519531e+00,2.942593097686767578e+00,2.768927335739135742e+00,2.618351936340332031e+00,2.570004701614379883e+00,2.327589988708496094e+00,2.137842655181884766e+00,2.192391157150268555e+00,2.017228603363037109e+00,1.798931717872619629e+00,1.649118185043334961e+00,1.842446446418762207e+00,1.545111298561096191e+00,1.273001909255981445e+00,1.461073279380798340e+00,1.560988426208496094e+00,1.361898303031921387e+00,1.263805150985717773e+00,1.358718276023864746e+00,1.664106488227844238e+00,1.684118628501892090e+00,1.606702566146850586e+00,1.870576143264770508e+00,2.043723106384277344e+00,2.066569805145263672e+00,2.132901668548583984e+00,2.386234045028686523e+00,2.521261453628540039e+00,2.578981399536132812e+00,2.724241018295288086e+00,3.006385326385498047e+00,3.029651880264282227e+00,2.810989141464233398e+00,2.468278884887695312e+00,2.617508649826049805e+00,2.488394021987915039e+00,2.150256872177124023e+00,2.162345409393310547e+00,2.173605918884277344e+00,1.965615868568420410e+00,1.663193941116333008e+00,1.810092329978942871e+00,1.742495298385620117e+00,1.512139201164245605e+00,1.392804026603698730e+00,1.563907861709594727e+00
2.387542724609375000e+00,2.207504034042358398e+00,2.015300750732421875e+00,1.825763106346130371e+00,1.697665810585021973e+00,1.560060858726501465e+00,1.354336142539978027e+00,1.188212990760803223e+00,1.080876231193542480e+00,9.420558214187622070e-01,7.106127738952636719e-01,5.739449858665466309e-01,5.473992824554443359e-01,3.724707961082458496e-01,0.000000000000000000e+00,9.882512688636779785e-01,1.289124965667724609e+00,1.289706707000732422e+00,1.181329846382141113e+00,1.463793516159057617e+00,1.690075159072875977e+00,1.673580527305603027e+00,1.704130053520202637e+00,2.017790794372558594e+00,2.187469482421875000e+00,2.164327859878540039e+00,2.321828126907348633e+00,2.600339889526367188e+00,2.705344915390014648e+00,2.764510631561279297e+00,3.277478218078613281e+00,3.105826139450073242e+00,2.967417240142822266e+00,2.912462234497070312e+00,2.667517185211181641e+00,2.495009899139404297e+00,2.546526908874511719e+00,2.361347675323486328e+00,2.154331922531127930e+00,2.014464616775512695e+00,2.195037364959716797e+00,1.881153702735900879e+00,1.630926012992858887e+00,1.795053362846374512e+00,1.858976364135742188e+00,1.646164298057556152e+00,1.588777184486389160e+00,1.714241147041320801e+00,2.011317491531372070e+00,2.024651288986206055e+00,1.966628670692443848e+00,2.239014387130737305e+00,2.400575399398803711e+00,2.415315866470336914e+00,2.493267297744750977e+00,2.752242803573608398e+00,2.874813795089721680e+00,2.926695823669433594e+00,3.082040309906005859e+00,3.365225315093994141e+00,3.342654943466186523e+00,3.139528274536132812e+00,2.786220550537109375e+00,2.929845094680786133e+00,2.822232246398925781e+00,2.483758926391601562e+00,2.472774028778076172e+00,2.477011203765869141e+00,2.298339605331420898e+00,1.986928701400756836e+00,2.093009471893310547e+00,2.018445730209350586e+00,1.826431751251220703e+00,1.651560187339782715e+00,1.772714495658874512e+00
2.303431510925292969e+00,2.070904254913330078e+00,1.795289993286132812e+00,1.772308468818664551e+00,1.747117877006530762e+00,1.438943505287170410e+00,1.258675336837768555e+00,1.379910588264465332e+00,1.272566318511962891e+00,8.933517336845397949e-01,9.291832447052001953e-01,1.122024297714233398e+00,8.982916474342346191e-01,6.494780778884887695e-01,9.882512688636779785e-01,0.000000000000000000e+00,3.642447590827941895e-01,6.115866303443908691e-01,6.517186760902404785e-01,7.601855993270874023e-01,9.793036580085754395e-01,1.174316406250000000e+00,1.205567955970764160e+00,1.392107725143432617e+00,1.601510047912597656e+00,1.725025177001953125e+00,1.829334616661071777e+00,2.036108493804931641e+00,2.213517665863037109e+00,2.355114221572875977e+00,2.609639883041381836e+00,2.462785482406616211e+00,2.253830194473266602e+00,2.197221755981445312e+00,1.995114922523498535e+00,1.752290129661560059e+00,1.766084194183349609e+00,1.587824106216430664e+00,1.395157694816589355e+00,1.155989885330200195e+00,1.314982771873474121e+00,1.057336211204528809e+00,7.363427281379699707e-01,8.565649390220642090e-01,9.978785514831542969e-01,9.768811464309692383e-01,8.864333629608154297e-01,8.306131958961486816e-01,1.153725028038024902e+00,1.286821365356445312e+00,1.199761152267456055e+00,1.373572945594787598e+00,1.598721504211425781e+00,1.710313796997070312e+00,1.744763493537902832e+00,1.939944744110107422e+00,2.136076927185058594e+00,2.242698907852172852e+00,2.338680744171142578e+00,2.603967666625976562e+00,2.821161508560180664e+00,2.553399324417114258e+00,2.263174772262573242e+00,2.419979333877563477e+00,2.218785524368286133e+00,1.900319933891296387e+00,1.988084554672241211e+00,1.994683384895324707e+00,1.704232811927795410e+00,1.453458428382873535e+00,1.715474963188171387e+00,1.625813484191894531e+00,1.282270193099975586e+00,1.315198421478271484e+00,1.565800547599792480e+00
2.177215814590454102e+00,1.918929338455200195e+00,1.644622564315795898e+00,1.697602629661560059e+00,1.684890270233154297e+00,1.333600759506225586e+00,1.217880249023437500e+00,1.421946167945861816e+00,1.300718784332275391e+00,9.178339838981628418e-01,1.076255083084106445e+00,1.296860814094543457e+00,1.065069675445556641e+00,9.233094453811645508e-01,1.289124965667724609e+00,3.642447590827941895e-01,0.000000000000000000e+00,3.948834836483001709e-01,5.078964829444885254e-01,5.066434144973754883e-01,6.583496332168579102e-01,9.217632412910461426e-01,9.725253582000732422e-01,1.101301789283752441e+00,1.294487357139587402e+00,1.463624954223632812e+00,1.566246867179870605e+00,1.736849308013916016e+00,1.918882608413696289e+00,2.090119361877441406e+00,2.282255172729492188e+00,2.127304553985595703e+00,1.910501360893249512e+00,1.872193098068237305e+00,1.672150492668151855e+00,1.405507564544677734e+00,1.435115218162536621e+00,1.289679765701293945e+00,1.068930029869079590e+00,8.170803785324096680e-01,1.020045280456542969e+00,8.266421556472778320e-01,4.501384496688842773e-01,6.672798991203308105e-01,9.075088500976562500e-01,9.083833098411560059e-01,7.176564931869506836e-01,5.506662726402282715e-01,8.827010989189147949e-01,1.012818694114685059e+00,8.712891936302185059e-01,1.022681236267089844e+00,1.269805431365966797e+00,1.382297754287719727e+00,1.390854597091674805e+00,1.580529451370239258e+00,1.790519595146179199e+00,1.896471261978149414e+00,1.979548573493957520e+00,2.244102716445922852e+00,2.500581502914428711e+00,2.221158504486083984e+00,1.950069665908813477e+00,2.110753059387207031e+00,1.888434171676635742e+00,1.579484701156616211e+00,1.698636174201965332e+00,1.721281766891479492e+00,1.399107933044433594e+00,1.184113025665283203e+00,1.492108464241027832e+00,1.431471824645996094e+00,1.061758399009704590e+00,1.199229240417480469e+00,1.488009452819824219e+00
2.046729326248168945e+00,1.742131114006042480e+00,1.526931166648864746e+00,1.604510664939880371e+00,1.514085292816162109e+00,1.146691560745239258e+00,1.137053608894348145e+00,1.318074464797973633e+00,1.107687354087829590e+00,7.706041932106018066e-01,1.046131372451782227e+00,1.190181493759155273e+00,9.157524704933166504e-01,9.256681799888610840e-01,1.289706707000732422e+00,6.115866303443908691e-01,3.948834836483001709e-01,0.000000000000000000e+00,3.319532275199890137e-01,5.364462137222290039e-01,5.247945785522460938e-01,6.555177569389343262e-01,8.402543067932128906e-01,1.026008009910583496e+00,1.117877483367919922e+00,1.252434968948364258e+00,1.450323581695556641e+00,1.614324808120727539e+00,1.725066065788269043e+00,1.911938309669494629e+00,2.211930036544799805e+00,1.993978977203369141e+00,1.825787067413330078e+00,1.847542405128479004e+00,1.602538824081420898e+00,1.327366232872009277e+00,1.452595233917236328e+00,1.376142024993896484e+00,1.071620106697082520e+00,9.049275517463684082e-01,1.202243208885192871e+00,1.062704801559448242e+00,7.024475932121276855e-01,1.011172890663146973e+00,1.277350187301635742e+00,8.822571635246276855e-01,5.775105357170104980e-01,5.750160217285156250e-01,8.572173714637756348e-01,8.287262916564941406e-01,6.839879751205444336e-01,9.627894163131713867e-01,1.130516648292541504e+00,1.157363533973693848e+00,1.224228262901306152e+00,1.465628504753112793e+00,1.604201912879943848e+00,1.688504099845886230e+00,1.835358738899230957e+00,2.097723722457885742e+00,2.243804454803466797e+00,2.011479139328002930e+00,1.692885756492614746e+00,1.822440505027770996e+00,1.639943122863769531e+00,1.321868300437927246e+00,1.381271719932556152e+00,1.387638688087463379e+00,1.106096625328063965e+00,8.452258706092834473e-01,1.118151426315307617e+00,1.071791410446166992e+00,7.384134531021118164e-01,8.612694144248962402e-01,1.156937718391418457e+00
1.758067965507507324e+00,1.476909279823303223e+00,1.244411349296569824e+00,1.286713123321533203e+00,1.211680293083190918e+00,8.554694056510925293e-01,8.069018125534057617e-01,1.000628948211669922e+00,8.338887095451354980e-01,4.831658601760864258e-01,7.781865596771240234e-01,9.748710989952087402e-01,7.912805080413818359e-01,8.257622718811035156e-01,1.181329846382141113e+00,6.517186760902404785e-01,5.078964829444885254e-01,3.319532275199890137e-01,0.000000000000000000e+00,3.839227259159088135e-01,5.135408043861389160e-01,5.525788664817810059e-01,6.265087127685546875e-01,8.923615813255310059e-01,1.039233803749084473e+00,1.105589389801025391e+00,1.273554205894470215e+00,1.494142413139343262e+00,1.619775533676147461e+00,1.752556920051574707e+00,2.141386747360229492e+00,1.951223134994506836e+00,1.799474000930786133e+00,1.779902577400207520e+00,1.525320053100585938e+00,1.319656968116760254e+00,1.414106130599975586e+00,1.297770977020263672e+00,1.017510890960693359e+00,9.219671487808227539e-01,1.195206880569458008e+00,9.891322255134582520e-01,7.039761543273925781e-01,1.052505970001220703e+00,1.275035023689270020e+00,1.198345661163330078e+00,9.083393812179565430e-01,8.682432174682617188e-01,1.160323858261108398e+00,1.124971032142639160e+00,9.127768874168395996e-01,1.169021725654602051e+00,1.368950486183166504e+00,1.343230605125427246e+00,1.340927481651306152e+00,1.613556027412414551e+00,1.764783978462219238e+00,1.788578391075134277e+00,1.909632921218872070e+00,2.206386804580688477e+00,2.254315853118896484e+00,2.004515886306762695e+00,1.686683893203735352e+00,1.867431879043579102e+00,1.704713821411132812e+00,1.362285971641540527e+00,1.439307093620300293e+00,1.517243981361389160e+00,1.242712855339050293e+00,9.909234642982482910e-01,1.233634591102600098e+00,1.265936136245727539e+00,9.914118051528930664e-01,1.087621331214904785e+00,1.364889144897460938e+00
1.700417041778564453e+00,1.449392080307006836e+00,1.160794973373413086e+00,1.261862277984619141e+00,1.292490959167480469e+00,9.340318441390991211e-01,8.507395982742309570e-01,1.148345708847045898e+00,1.087804913520812988e+00,7.579302191734313965e-01,9.911995530128479004e-01,1.270454645156860352e+00,1.144001007080078125e+00,1.107160687446594238e+00,1.463793516159057617e+00,7.601855993270874023e-01,5.066434144973754883e-01,5.364462137222290039e-01,3.839227259159088135e-01,0.000000000000000000e+00,3.548774421215057373e-01,5.842490196228027344e-01,4.915809929370880127e-01,6.340200304985046387e-01,8.837071657180786133e-01,1.018571972846984863e+00,1.076069235801696777e+00,1.280176639556884766e+00,1.482295513153076172e+00,1.616391181945800781e+00,1.873106360435485840e+00,1.737765073776245117e+00,1.544093608856201172e+00,1.476696133613586426e+00,1.255532860755920410e+00,1.063314199447631836e+00,1.085256457328796387e+00,9.310598373413085938e-01,6.930512785911560059e-01,5.872229933738708496e-01,8.268930912017822266e-01,6.225506067276000977e-01,4.069795906543731689e-01,7.858973145484924316e-01,1.011993527412414551e+00,1.333899974822998047e+00,1.047359943389892578e+00,8.539183139801025391e-01,1.135904073715209961e+00,1.169580340385437012e+00,8.851599097251892090e-01,1.027165770530700684e+00,1.301676034927368164e+00,1.308199286460876465e+00,1.206733107566833496e+00,1.449389100074768066e+00,1.669017672538757324e+00,1.682791233062744141e+00,1.729677081108093262e+00,2.041442871093750000e+00,2.180939674377441406e+00,1.873014092445373535e+00,1.618391275405883789e+00,1.845849156379699707e+00,1.634881615638732910e+00,1.304101228713989258e+00,1.471626520156860352e+00,1.599578857421875000e+00,1.264610052108764648e+00,1.093740463256835938e+00,1.402328372001647949e+00,1.467745304107666016e+00,1.157822847366333008e+00,1.355929613113403320e+00,1.655207157135009766e+00
1.745820403099060059e+00,1.443701267242431641e+00,1.212333798408508301e+00,1.394342660903930664e+00,1.377930641174316406e+00,9.942879676818847656e-01,1.044643402099609375e+00,1.343188047409057617e+00,1.213877201080322266e+00,9.329789876937866211e-01,1.246290922164916992e+00,1.467704057693481445e+00,1.292907714843750000e+00,1.327410817146301270e+00,1.690075159072875977e+00,9.793036580085754395e-01,6.583496332168579102e-01,5.247945785522460938e-01,5.135408043861389160e-01,3.548774421215057373e-01,0.000000000000000000e+00,3.822847008705139160e-01,4.713475108146667480e-01,5.245056152343750000e-01,6.389639973640441895e-01,8.408282995223999023e-01,9.770979285240173340e-01,1.110504984855651855e+00,1.265790700912475586e+00,1.462345957756042480e+00,1.691174507141113281e+00,1.496467828750610352e+00,1.317235589027404785e+00,1.325156211853027344e+00,1.078923583030700684e+00,8.219117522239685059e-01,9.484322071075439453e-01,9.065837264060974121e-01,5.671426653861999512e-01,5.105532407760620117e-01,8.504115939140319824e-01,8.012871742248535156e-01,5.785262584686279297e-01,9.516100883483886719e-01,1.232197523117065430e+00,1.273655414581298828e+00,9.361499547958374023e-01,7.545159459114074707e-01,9.621895551681518555e-01,9.186979532241821289e-01,5.898714065551757812e-01,7.594691514968872070e-01,9.976624846458435059e-01,9.623266458511352539e-01,8.676612377166748047e-01,1.132484078407287598e+00,1.324380040168762207e+00,1.339252710342407227e+00,1.417032599449157715e+00,1.719579458236694336e+00,1.868746042251586914e+00,1.577848196029663086e+00,1.311499118804931641e+00,1.514326930046081543e+00,1.294333696365356445e+00,9.688795208930969238e-01,1.141645431518554688e+00,1.266250014305114746e+00,9.172138571739196777e-01,7.813765406608581543e-01,1.116669893264770508e+00,1.205937027931213379e+00,9.119603633880615234e-01,1.182802796363830566e+00,1.487485885620117188e+00
