,A1,A2,A3,A4,A5,A6,A7,A8,A9,A10,A11,A12,A13,A14,A15,B1,B2,B3,B4,B5,B6,B7,B8,B9,B10,B11,B12,B13,B14,B15,C1,C2,C3,C4,C5,C6,C7,C8,C9,C10,C11,C12,C13,C14,C15,D1,D2,D3,D4,D5,D6,D7,D8,D9,D10,D11,D12,D13,D14,D15,E1,E2,E3,E4,E5,E6,E7,E8,E9,E10,E11,E12,E13,E14,E15
A1,0.0,0.39806339144706726,0.5676447749137878,0.5743102431297302,0.687139093875885,0.9348495006561279,1.0486068725585938,1.1182563304901123,1.3079854249954224,1.4872132539749146,1.5667461156845093,1.7055606842041016,1.9177356958389282,2.0693485736846924,2.1591732501983643,2.698153018951416,2.342231512069702,2.275313138961792,2.331773281097412,2.1039879322052,1.8013396263122559,1.906297206878662,1.9651870727539062,1.6175817251205444,1.467937707901001,1.739995002746582,1.6519719362258911,1.2922570705413818,1.5002435445785522,1.7220258712768555,2.0879178047180176,1.7748721837997437,1.804976463317871,2.157611608505249,2.10252046585083,1.8611019849777222,2.120746374130249,2.41214656829834,2.281930685043335,2.2257027626037598,2.5752346515655518,2.7259514331817627,2.618051052093506,2.8282246589660645,3.111581802368164,2.583594799041748,2.341998338699341,2.0544276237487793,2.059119939804077,2.0680429935455322,1.7611457109451294,1.5693236589431763,1.7351891994476318,1.6395235061645508,1.2710537910461426,1.3154293298721313,1.5141524076461792,1.261470913887024,1.056172490119934,1.3835264444351196,0.9622326493263245,0.7439122200012207,1.0924642086029053,1.2161545753479004,1.0027704238891602,1.100799560546875,1.4312998056411743,1.4687191247940063,1.4176578521728516,1.648437738418579,1.8790264129638672,1.88481867313385,1.998326063156128,2.2787091732025146,2.3824527263641357
A2,0.39806339144706726,0.0,0.373047411441803,0.5453556776046753,0.5220367908477783,0.6414841413497925,0.8653447031974792,0.9982625842094421,1.087334394454956,1.2442928552627563,1.4118623733520508,1.5429874658584595,1.6899281740188599,1.880265712738037,2.0139403343200684,2.3821699619293213,2.036365032196045,1.9312622547149658,1.9833650588989258,1.7867740392684937,1.4652425050735474,1.5367674827575684,1.6235270500183105,1.2993857860565186,1.1022777557373047,1.383679747581482,1.349766492843628,0.9903439879417419,1.1858861446380615,1.453917145729065,1.7232908010482788,1.4031131267547607,1.410935401916504,1.764214038848877,1.7235795259475708,1.481263279914856,1.7317663431167603,2.0304152965545654,1.9241474866867065,1.8685798645019531,2.205556631088257,2.3716228008270264,2.2884485721588135,2.487483263015747,2.7647857666015625,2.3527376651763916,2.0721616744995117,1.8105381727218628,1.8619194030761719,1.835286259651184,1.493916392326355,1.3710899353027344,1.5740911960601807,1.4289162158966064,1.0641365051269531,1.2218726873397827,1.4120515584945679,1.1321982145309448,1.043891191482544,1.4059311151504517,0.7787206172943115,0.437610000371933,0.7312337160110474,0.9128068089485168,0.7358281016349792,0.7558299899101257,1.0862094163894653,1.19602632522583,1.163053274154663,1.3354963064193726,1.5792343616485596,1.6447757482528687,1.7405163049697876,1.9902098178863525,2.131765842437744
A3,0.5676447749137878,0.373047411441803,0.0,0.37797021865844727,0.5375818014144897,0.5274735689163208,0.6166840195655823,0.8585997819900513,1.003803014755249,1.0602645874023438,1.2039622068405151,1.4160404205322266,1.5481189489364624,1.678367018699646,1.847214937210083,2.2375259399414062,1.8664125204086304,1.789430022239685,1.9054259061813354,1.706023931503296,1.365229845046997,1.506729245185852,1.6478091478347778,1.3283953666687012,1.1575254201889038,1.501446008682251,1.5055092573165894,1.1927623748779297,1.424723744392395,1.706526279449463,1.7983778715133667,1.4329184293746948,1.4482487440109253,1.7627613544464111,1.6567418575286865,1.3788975477218628,1.653328776359558,1.921958088874817,1.7517791986465454,1.6955231428146362,2.0594935417175293,2.185152769088745,2.0630292892456055,2.2904210090637207,2.5669467449188232,2.042585611343384,1.788069248199463,1.5198581218719482,1.5262339115142822,1.5096158981323242,1.1951006650924683,1.0274103879928589,1.2143629789352417,1.105130672454834,0.7297322750091553,0.8596785068511963,1.0887199640274048,0.8662297129631042,0.7725478410720825,1.1426435708999634,1.0881145000457764,0.7195240259170532,0.9157399535179138,1.057873010635376,0.789006233215332,0.6988210678100586,1.067884922027588,1.1518287658691406,1.0020465850830078,1.1710480451583862,1.4648915529251099,1.4789164066314697,1.517805814743042,1.8080222606658936,1.9601935148239136
A4,0.5743102431297302,0.5453556776046753,0.37797021865844727,0.0,0.365866482257843,0.5492099523544312,0.5056544542312622,0.5969045758247375,0.8516088724136353,0.9732628464698792,1.0084481239318848,1.1975857019424438,1.410245656967163,1.5177505016326904,1.6235512495040894,2.233475923538208,1.8634343147277832,1.8560411930084229,1.9461233615875244,1.6871417760849,1.3997416496276855,1.5968873500823975,1.6698888540267944,1.3129615783691406,1.2451071739196777,1.5854880809783936,1.5076013803482056,1.2237576246261597,1.5239601135253906,1.7435834407806396,2.1105539798736572,1.751015543937683,1.7109712362289429,2.027557134628296,1.946995496749878,1.633048415184021,1.8626251220703125,2.156580686569214,1.980441927909851,1.8621876239776611,2.2277252674102783,2.374276638031006,2.2066988945007324,2.404207706451416,2.7110342979431152,2.0686659812927246,1.8561930656433105,1.5382927656173706,1.5546194314956665,1.6252546310424805,1.3330594301223755,1.1013087034225464,1.3346514701843262,1.324800968170166,0.9550158381462097,1.0036784410476685,1.3102807998657227,1.164947509765625,0.9972154498100281,1.3441529273986816,1.3236768245697021,0.9698023200035095,1.1917026042938232,1.391680359840393,1.153181552886963,1.0505037307739258,1.4185593128204346,1.528070330619812,1.362825870513916,1.5035510063171387,1.8214081525802612,1.831508755683899,1.8337969779968262,2.134491443634033,2.303370237350464
A5,0.687139093875885,0.5220367908477783,0.5375818014144897,0.365866482257843,0.0,0.3868081271648407,0.5367504954338074,0.5076975226402283,0.6239259839057922,0.8559778928756714,0.9609029293060303,1.045357584953308,1.2442160844802856,1.4339390993118286,1.5216093063354492,2.0614373683929443,1.7188435792922974,1.6946864128112793,1.7211087942123413,1.454310655593872,1.1935430765151978,1.3523802757263184,1.3697048425674438,1.0009241104125977,0.9561221599578857,1.2670191526412964,1.1527005434036255,0.8786335587501526,1.2045316696166992,1.3970733880996704,1.9670226573944092,1.635489821434021,1.5343507528305054,1.8652827739715576,1.8483643531799316,1.5311570167541504,1.709381103515625,2.042381525039673,1.9220551252365112,1.7686302661895752,2.1073153018951416,2.306217908859253,2.1616382598876953,2.3136396408081055,2.63305401802063,2.1189887523651123,1.8696666955947876,1.5591801404953003,1.661194920539856,1.726346492767334,1.3914192914962769,1.2351380586624146,1.5300008058547974,1.4859039783477783,1.123412013053894,1.2704499959945679,1.5647233724594116,1.3857494592666626,1.2871724367141724,1.6503868103027344,1.2215616703033447,0.8660672903060913,1.0400599241256714,1.320822834968567,1.173835277557373,1.0367897748947144,1.3770760297775269,1.5664767026901245,1.4590481519699097,1.538443684577942,1.8544068336486816,1.9371541738510132,1.938222050666809,2.195910930633545,2.398550510406494
A6,0.9348495006561279,0.6414841413497925,0.5274735689163208,0.5492099523544312,0.3868081271648407,0.0,0.3731357455253601,0.5529616475105286,0.5219950675964355,0.609788715839386,0.8441798686981201,0.9830984473228455,1.0679702758789062,1.2651411294937134,1.4386357069015503,1.7643622159957886,1.4102506637573242,1.3509432077407837,1.4206576347351074,1.1931102275848389,0.8774808645248413,1.048914909362793,1.151940941810608,0.8234221339225769,0.7268859148025513,1.0955488681793213,1.0896579027175903,0.8646349310874939,1.161548376083374,1.408686637878418,1.7169163227081299,1.3646869659423828,1.2470415830612183,1.5469751358032227,1.505514144897461,1.1682640314102173,1.3484623432159424,1.670466423034668,1.5382518768310547,1.3847072124481201,1.7294632196426392,1.9200775623321533,1.7817400693893433,1.9428831338882446,2.254333972930908,1.8073443174362183,1.5256751775741577,1.243686318397522,1.37470281124115,1.400510311126709,1.04347562789917,0.9550465941429138,1.2741401195526123,1.1990442276000977,0.8687976002693176,1.1056898832321167,1.3812029361724854,1.2195862531661987,1.2209444046020508,1.5789366960525513,1.2720084190368652,0.8768492937088013,0.9214916825294495,1.1988825798034668,1.0581583976745605,0.8066428899765015,1.125525951385498,1.3567183017730713,1.219362735748291,1.226481556892395,1.566426157951355,1.674994945526123,1.6325769424438477,1.871953010559082,2.1069226264953613
A7,1.0486068725585938,0.8653447031974792,0.6166840195655823,0.5056544542312622,0.5367504954338074,0.3731357455253601,0.0,0.38492658734321594,0.5393732190132141,0.4987443685531616,0.5913155674934387,0.8468581438064575,0.9752138257026672,1.0658061504364014,1.242493748664856,1.7548484802246094,1.37587571144104,1.399173617362976,1.5255632400512695,1.267533779144287,0.9851532578468323,1.2532594203948975,1.3642637729644775,1.046024203300476,1.0359528064727783,1.410286784172058,1.3881208896636963,1.2047381401062012,1.5233428478240967,1.7466546297073364,2.016630172729492,1.6446813344955444,1.5418577194213867,1.8027763366699219,1.7105642557144165,1.3515324592590332,1.5338211059570312,1.8197293281555176,1.6213845014572144,1.4476993083953857,1.8128070831298828,1.9613107442855835,1.7580342292785645,1.9359536170959473,2.2568905353546143,1.6013134717941284,1.3829466104507446,1.0545653104782104,1.1304746866226196,1.2319823503494263,0.9345474243164062,0.7351404428482056,1.066375970840454,1.1009635925292969,0.7890791893005371,0.9265888929367065,1.2655431032180786,1.2019413709640503,1.1563612222671509,1.4832764863967896,1.583385705947876,1.1859939098358154,1.2641301155090332,1.4989534616470337,1.2927411794662476,1.038035273551941,1.3696212768554688,1.5505330562591553,1.3312511444091797,1.3488279581069946,1.716015100479126,1.7611610889434814,1.6670053005218506,1.9473717212677002,2.1798837184906006
A8,1.1182563304901123,0.9982625842094421,0.8585997819900513,0.5969045758247375,0.5076975226402283,0.5529616475105286,0.38492658734321594,0.0,0.37880799174308777,0.5457332134246826,0.4842173159122467,0.6030821204185486,0.8603858351707458,0.9767922759056091,1.0415548086166382,1.7876567840576172,1.4402745962142944,1.521641492843628,1.5738980770111084,1.2559711933135986,1.0671330690383911,1.34218168258667,1.3442625999450684,0.9950488209724426,1.0978564023971558,1.4254447221755981,1.305177092552185,1.16191565990448,1.5249714851379395,1.6734418869018555,2.254624128341675,1.9071025848388672,1.7576119899749756,2.0329666137695312,1.9944541454315186,1.6304880380630493,1.7575628757476807,2.0760741233825684,1.9129176139831543,1.6901682615280151,2.0284528732299805,2.2180488109588623,2.0022194385528564,2.126311779022217,2.4707319736480713,1.8007843494415283,1.612810730934143,1.2635856866836548,1.3830106258392334,1.5446176528930664,1.2655410766601562,1.0695267915725708,1.411158561706543,1.4803885221481323,1.1724544763565063,1.2738513946533203,1.6283888816833496,1.562199354171753,1.4700818061828613,1.7987598180770874,1.7144359350204468,1.3401219844818115,1.447790265083313,1.7326914072036743,1.5648926496505737,1.3403350114822388,1.6703834533691406,1.8769207000732422,1.6911985874176025,1.70651113986969,2.0683717727661133,2.133848190307617,2.0467135906219482,2.315930128097534,2.5561392307281494
A9,1.3079854249954224,1.087334394454956,1.003803014755249,0.8516088724136353,0.6239259839057922,0.5219950675964355,0.5393732190132141,0.37880799174308777,0.0,0.3767402768135071,0.5257070660591125,0.4937392771244049,0.628521740436554,0.8756596446037292,0.9769450426101685,1.4949747323989868,1.1735358238220215,1.2276769876480103,1.2269566059112549,0.9057137370109558,0.7411832213401794,0.9992748498916626,0.9694115519523621,0.6301764249801636,0.7946412563323975,1.0996832847595215,0.9961439967155457,0.932834804058075,1.2891664505004883,1.4234800338745117,2.0515711307525635,1.732146143913269,1.5237396955490112,1.780930757522583,1.7906402349472046,1.4271633625030518,1.4909875392913818,1.832546353340149,1.720145583152771,1.4627857208251953,1.7671631574630737,2.002258539199829,1.8135242462158203,1.891226053237915,2.2418830394744873,1.7463306188583374,1.5092027187347412,1.195670485496521,1.410083293914795,1.5371698141098022,1.224380612373352,1.1385676860809326,1.5149918794631958,1.5346002578735352,1.2570483684539795,1.453299880027771,1.7761893272399902,1.6841877698898315,1.6677271127700806,2.0089550018310547,1.6942881345748901,1.3256391286849976,1.3429591655731201,1.6664615869522095,1.569904088973999,1.2979719638824463,1.5766026973724365,1.8473401069641113,1.6990227699279785,1.6421945095062256,1.9978187084197998,2.1265525817871094,2.0258595943450928,2.2460975646972656,2.520679235458374
A10,1.4872132539749146,1.2442928552627563,1.0602645874023438,0.9732628464698792,0.8559778928756714,0.609788715839386,0.4987443685531616,0.5457332134246826,0.3767402768135071,0.0,0.38504263758659363,0.5425323843955994,0.5088834762573242,0.6685042977333069,0.9008556604385376,1.2756320238113403,0.9098953604698181,0.9892792105674744,1.0919214487075806,0.8064855337142944,0.5987575650215149,0.941215991973877,1.0260916948318481,0.7779207825660706,0.8964731097221375,1.233765959739685,1.2328559160232544,1.1917896270751953,1.5083675384521484,1.6866577863693237,2.0253515243530273,1.6852213144302368,1.4896513223648071,1.6904598474502563,1.6436289548873901,1.2633377313613892,1.3294217586517334,1.627063274383545,1.4617440700531006,1.1921790838241577,1.5149900913238525,1.7109099626541138,1.4851758480072021,1.584954023361206,1.9346765279769897,1.371249794960022,1.136983036994934,0.8190527558326721,1.0509109497070312,1.1870951652526855,0.9018961191177368,0.843339204788208,1.230860948562622,1.2824769020080566,1.0718457698822021,1.2762891054153442,1.5903807878494263,1.5599644184112549,1.5927194356918335,1.902365803718567,1.8626075983047485,1.4719668626785278,1.442798137664795,1.723259687423706,1.5956506729125977,1.2690421342849731,1.524312973022461,1.7836201190948486,1.5806593894958496,1.4772403240203857,1.850933313369751,1.96117103099823,1.8030186891555786,2.023747444152832,2.315739393234253
A11,1.5667461156845093,1.4118623733520508,1.2039622068405151,1.0084481239318848,0.9609029293060303,0.8441798686981201,0.5913155674934387,0.4842173159122467,0.5257070660591125,0.38504263758659363,0.0,0.37975093722343445,0.5355608463287354,0.5164089202880859,0.6579341292381287,1.4506621360778809,1.104994773864746,1.2812448740005493,1.381921410560608,1.0639086961746216,0.9503884315490723,1.3033504486083984,1.3338525295257568,1.072067379951477,1.2434133291244507,1.5647547245025635,1.4983370304107666,1.4550399780273438,1.8034155368804932,1.9453104734420776,2.399104356765747,2.0501112937927246,1.86930513381958,2.0736653804779053,2.012017011642456,1.6305867433547974,1.702795147895813,1.982670545578003,1.7879891395568848,1.5145436525344849,1.8325588703155518,2.0013539791107178,1.7296767234802246,1.8238188028335571,2.1779401302337646,1.4111995697021484,1.2773356437683105,0.9199337363243103,1.0825587511062622,1.3166264295578003,1.1116024255752563,0.945568323135376,1.307160496711731,1.4530283212661743,1.243416428565979,1.3416794538497925,1.6971931457519531,1.7196753025054932,1.6838022470474243,1.9706896543502808,2.10666823387146,1.715606689453125,1.7493479251861572,2.024707555770874,1.8576769828796387,1.5629229545593262,1.851967215538025,2.0751161575317383,1.8408862352371216,1.7791587114334106,2.1602461338043213,2.224245071411133,2.056556463241577,2.3103225231170654,2.586118698120117
A12,1.7055606842041016,1.5429874658584595,1.4160404205322266,1.1975857019424438,1.045357584953308,0.9830984473228455,0.8468581438064575,0.6030821204185486,0.4937392771244049,0.5425323843955994,0.37975093722343445,0.0,0.38057756423950195,0.5177058577537537,0.49481648206710815,1.3851014375686646,1.104758620262146,1.3018498420715332,1.2991629838943481,0.9404746294021606,0.944105327129364,1.2622859477996826,1.1835378408432007,0.9364575147628784,1.2055178880691528,1.4582993984222412,1.3287901878356934,1.360229730606079,1.715158462524414,1.7883483171463013,2.4795033931732178,2.164032459259033,1.9333646297454834,2.1419332027435303,2.1435859203338623,1.7688671350479126,1.7795077562332153,2.0915729999542236,1.9561469554901123,1.646288275718689,1.9191229343414307,2.142469882965088,1.8920365571975708,1.9190644025802612,2.2859156131744385,1.6530303955078125,1.5072299242019653,1.1813077926635742,1.4091955423355103,1.6320570707321167,1.4057495594024658,1.2950141429901123,1.6690024137496948,1.783583164215088,1.560113787651062,1.693621039390564,2.0441343784332275,2.0289769172668457,1.994192361831665,2.3031787872314453,2.1828019618988037,1.814278244972229,1.8333230018615723,2.1519713401794434,2.0385844707489014,1.749873161315918,2.0219993591308594,2.286695957183838,2.096919536590576,2.0151712894439697,2.3865253925323486,2.4947454929351807,2.3405709266662598,2.5652201175689697,2.8569889068603516
A13,1.9177356958389282,1.6899281740188599,1.5481189489364624,1.410245656967163,1.2442160844802856,1.0679702758789062,0.9752138257026672,0.8603858351707458,0.628521740436554,0.5088834762573242,0.5355608463287354,0.38057756423950195,0.0,0.3749297857284546,0.5385082364082336,1.0052508115768433,0.7327021956443787,0.9573303461074829,0.9625862240791321,0.6210636496543884,0.6964162588119507,1.02914297580719,0.9869444966316223,0.8464170694351196,1.1221975088119507,1.3528122901916504,1.3047263622283936,1.4001238346099854,1.7126497030258179,1.8020362854003906,2.338174343109131,2.0407066345214844,1.7826058864593506,1.935241460800171,1.9424623250961304,1.575574517250061,1.528961181640625,1.819525122642517,1.7000036239624023,1.3601115942001343,1.5956895351409912,1.8297786712646484,1.5814497470855713,1.5686475038528442,1.9376248121261597,1.4273455142974854,1.2552813291549683,0.9826222658157349,1.286388874053955,1.4803789854049683,1.2669830322265625,1.252897024154663,1.6302475929260254,1.7230814695358276,1.5595251321792603,1.7473286390304565,2.0645101070404053,2.060502529144287,2.093522548675537,2.393551826477051,2.269204616546631,1.8979144096374512,1.8423084020614624,2.1535754203796387,2.069638967514038,1.7365339994430542,1.9555175304412842,2.2472918033599854,2.05948805809021,1.9110957384109497,2.2750420570373535,2.4134373664855957,2.2242980003356934,2.4083564281463623,2.727558135986328
A14,2.0693485736846924,1.880265712738037,1.678367018699646,1.5177505016326904,1.4339390993118286,1.2651411294937134,1.0658061504364014,0.9767922759056091,0.8756596446037292,0.6685042977333069,0.5164089202880859,0.5177058577537537,0.3749297857284546,0.0,0.3679251968860626,1.0959420204162598,0.8229832649230957,1.1223398447036743,1.2143490314483643,0.9224593639373779,0.976470947265625,1.3351489305496216,1.3436484336853027,1.2075562477111816,1.449572205543518,1.7089588642120361,1.6719201803207397,1.737501859664917,2.0591609477996826,2.1646745204925537,2.5969812870025635,2.277250051498413,2.0494139194488525,2.181009292602539,2.1369693279266357,1.7654865980148315,1.7435739040374756,1.9867841005325317,1.80899178981781,1.4782211780548096,1.7224122285842896,1.8955575227737427,1.5910248756408691,1.5976712703704834,1.958237648010254,1.2259674072265625,1.1540236473083496,0.8660624027252197,1.1185075044631958,1.385077714920044,1.2607473134994507,1.1975743770599365,1.5410175323486328,1.7112661600112915,1.5913082361221313,1.7128087282180786,2.03935170173645,2.1024699211120605,2.119098663330078,2.381680965423584,2.521782398223877,2.134248971939087,2.102776527404785,2.3863677978515625,2.255383253097534,1.9191348552703857,2.1526236534118652,2.4078915119171143,2.170811653137207,2.0321011543273926,2.4069507122039795,2.4983441829681396,2.2741804122924805,2.481929302215576,2.7937936782836914
A15,2.1591732501983643,2.0139403343200684,1.847214937210083,1.6235512495040894,1.5216093063354492,1.4386357069015503,1.242493748664856,1.0415548086166382,0.9769450426101685,0.9008556604385376,0.6579341292381287,0.49481648206710815,0.5385082364082336,0.3679251968860626,0.0,1.3278319835662842,1.1198123693466187,1.4252629280090332,1.445375680923462,1.1211498975753784,1.2318021059036255,1.5666532516479492,1.4919031858444214,1.334622859954834,1.6273850202560425,1.8543422222137451,1.744861364364624,1.8282427787780762,2.169670343399048,2.2222790718078613,2.8628740310668945,2.550485849380493,2.3095614910125732,2.4664385318756104,2.4512546062469482,2.0781655311584473,2.0485358238220215,2.3154025077819824,2.1588380336761475,1.8221321105957031,2.0531773567199707,2.2470192909240723,1.9490004777908325,1.929835319519043,2.2916228771209717,1.5579426288604736,1.5174068212509155,1.2265515327453613,1.447811245918274,1.7338491678237915,1.6039847135543823,1.5004435777664185,1.8424208164215088,2.025390625,1.8688857555389404,1.961272954940796,2.3106606006622314,2.362675666809082,2.334521770477295,2.6061089038848877,2.6690785884857178,2.2936112880706787,2.2969114780426025,2.6040446758270264,2.477989912033081,2.1669278144836426,2.4227237701416016,2.6814441680908203,2.457277297973633,2.3453142642974854,2.7221381664276123,2.8135595321655273,2.6088345050811768,2.8269617557525635,3.132456064224243
B1,2.698153018951416,2.3821699619293213,2.2375259399414062,2.233475923538208,2.0614373683929443,1.7643622159957886,1.7548484802246094,1.7876567840576172,1.4949747323989868,1.2756320238113403,1.4506621360778809,1.3851014375686646,1.0052508115768433,1.0959420204162598,1.3278319835662842,0.0,0.3939499258995056,0.5626391768455505,0.5753270983695984,0.6854184865951538,0.9304994344711304,1.0519094467163086,1.120551586151123,1.3099268674850464,1.490042805671692,1.5791445970535278,1.7167608737945557,1.9254566431045532,2.0931742191314697,2.190890312194824,2.3004257678985596,2.1005914211273193,1.8064547777175903,1.758721113204956,1.7922769784927368,1.5336607694625854,1.29884672164917,1.439278483390808,1.4155843257904053,1.0549895763397217,1.0329700708389282,1.2771353721618652,1.0931013822555542,0.8547410368919373,1.1804563999176025,1.3126167058944702,1.1249479055404663,1.1579890251159668,1.5269626379013062,1.5919570922851562,1.4828290939331055,1.6903449296951294,1.9853345155715942,2.0130817890167236,2.011174201965332,2.2753689289093018,2.4843127727508545,2.5042810440063477,2.6702370643615723,2.9275970458984375,2.78715443611145,2.4503958225250244,2.2495064735412598,2.5078060626983643,2.503366470336914,2.122894287109375,2.1822397708892822,2.503498077392578,2.3476085662841797,2.0564825534820557,2.3457717895507812,2.5505473613739014,2.2923851013183594,2.336832284927368,2.7025294303894043
B2,2.342231512069702,2.036365032196045,1.8664125204086304,1.8634343147277832,1.7188435792922974,1.4102506637573242,1.37587571144104,1.4402745962142944,1.1735358238220215,0.9098953604698181,1.104994773864746,1.104758620262146,0.7327021956443787,0.8229832649230957,1.1198123693466187,0.3939499258995056,0.0,0.3740327060222626,0.5484700202941895,0.5223984718322754,0.6402608156204224,0.8699241876602173,1.0024659633636475,1.0928505659103394,1.248009204864502,1.4229991436004639,1.5541622638702393,1.6971287727355957,1.901534080505371,2.0417377948760986,2.1259286403656006,1.8738051652908325,1.6062649488449097,1.6134655475616455,1.600596308708191,1.2903902530670166,1.1340149641036987,1.3180512189865112,1.2211215496063232,0.8481451869010925,0.9707546830177307,1.197524070739746,0.960870623588562,0.8590074777603149,1.2263339757919312,1.085616946220398,0.8498625755310059,0.8057671785354614,1.1852052211761475,1.2623199224472046,1.120823860168457,1.3053170442581177,1.6168267726898193,1.652936339378357,1.6314038038253784,1.887683391571045,2.1104581356048584,2.133310317993164,2.2849667072296143,2.544142007827759,2.4932968616485596,2.1364352703094482,1.9642343521118164,2.217933416366577,2.175689220428467,1.7932844161987305,1.8909496068954468,2.196033000946045,2.0139267444610596,1.749842882156372,2.0691895484924316,2.246852397918701,1.9941763877868652,2.0855095386505127,2.442030668258667
B3,2.275313138961792,1.9312622547149658,1.789430022239685,1.8560411930084229,1.6946864128112793,1.3509432077407837,1.399173617362976,1.521641492843628,1.2276769876480103,0.9892792105674744,1.2812448740005493,1.3018498420715332,0.9573303461074829,1.1223398447036743,1.4252629280090332,0.5626391768455505,0.3740327060222626,0.0,0.37821152806282043,0.5381268858909607,0.527436375617981,0.6214245557785034,0.8614667654037476,1.0098847150802612,1.0670839548110962,1.2156261205673218,1.4276759624481201,1.5596215724945068,1.7037781476974487,1.8780697584152222,1.7782607078552246,1.5512747764587402,1.2778706550598145,1.2503491640090942,1.2551541328430176,0.9740368127822876,0.7716719508171082,0.9644425511360168,0.9250521063804626,0.5538207292556763,0.6580765843391418,0.9482797384262085,0.81107497215271,0.7318384051322937,1.0770915746688843,1.2274210453033447,0.9008551239967346,0.9173912405967712,1.278435230255127,1.250521183013916,1.0550074577331543,1.313853144645691,1.6057524681091309,1.5557763576507568,1.5438745021820068,1.8545178174972534,2.0302772521972656,2.0080790519714355,2.2041213512420654,2.467862844467163,2.2917356491088867,1.959710955619812,1.7369791269302368,1.9684560298919678,1.9665789604187012,1.5847835540771484,1.623245358467102,1.9445128440856934,1.8042761087417603,1.50680410861969,1.7932339906692505,2.012653350830078,1.7808104753494263,1.8273520469665527,2.1899564266204834
B4,2.331773281097412,1.9833650588989258,1.9054259061813354,1.9461233615875244,1.7211087942123413,1.4206576347351074,1.5255632400512695,1.5738980770111084,1.2269566059112549,1.0919214487075806,1.381921410560608,1.2991629838943481,0.9625862240791321,1.2143490314483643,1.445375680923462,0.5753270983695984,0.5484700202941895,0.37821152806282043,0.0,0.3670799732208252,0.5488810539245605,0.5102800130844116,0.5978726744651794,0.8538764119148254,0.9791715145111084,1.0209722518920898,1.2086570262908936,1.421729326248169,1.5439238548278809,1.6561830043792725,1.8044610023498535,1.6255918741226196,1.2981668710708618,1.2940798997879028,1.400592565536499,1.146485447883606,0.8899010419845581,1.1422398090362549,1.2049201726913452,0.8630161285400391,0.8892348408699036,1.2360163927078247,1.161097526550293,1.0165386199951172,1.3337231874465942,1.573747158050537,1.2672713994979858,1.2391598224639893,1.6100369691848755,1.6063177585601807,1.3738006353378296,1.598283290863037,1.9206466674804688,1.8577353954315186,1.7913182973861694,2.1132729053497314,2.309093952178955,2.2444655895233154,2.418952465057373,2.7123801708221436,2.288846969604492,1.983673334121704,1.7520400285720825,2.025214433670044,2.0750904083251953,1.7147347927093506,1.7502864599227905,2.1053223609924316,2.0159237384796143,1.7339187860488892,2.0045979022979736,2.259748935699463,2.068474054336548,2.101194143295288,2.4593160152435303
B5,2.1039879322052,1.7867740392684937,1.706023931503296,1.6871417760849,1.454310655593872,1.1931102275848389,1.267533779144287,1.2559711933135986,0.9057137370109558,0.8064855337142944,1.0639086961746216,0.9404746294021606,0.6210636496543884,0.9224593639373779,1.1211498975753784,0.6854184865951538,0.5223984718322754,0.5381268858909607,0.3670799732208252,0.0,0.38693153858184814,0.5409616827964783,0.5119698643684387,0.6276251673698425,0.8597698211669922,0.9722996950149536,1.0568265914916992,1.252450704574585,1.4552254676818848,1.5496701002120972,1.9392321109771729,1.7120426893234253,1.3954224586486816,1.4810250997543335,1.565055012702942,1.251785397529602,1.0845441818237305,1.3852678537368774,1.3812367916107178,1.0288079977035522,1.1642743349075317,1.4795663356781006,1.3362146615982056,1.2481502294540405,1.5975319147109985,1.5504590272903442,1.2713706493377686,1.1391555070877075,1.5057951211929321,1.5685639381408691,1.3131388425827026,1.4578834772109985,1.8169820308685303,1.7965599298477173,1.6745156049728394,1.965269684791565,2.2102863788604736,2.1491498947143555,2.2711727619171143,2.5808587074279785,2.182014226913452,1.8524295091629028,1.6811031103134155,1.9885070323944092,2.000821113586426,1.6482504606246948,1.7596240043640137,2.106477737426758,1.9917351007461548,1.761976718902588,2.074441432952881,2.2969632148742676,2.1175613403320312,2.2112863063812256,2.5567667484283447
B6,1.8013396263122559,1.4652425050735474,1.365229845046997,1.3997416496276855,1.1935430765151978,0.8774808645248413,0.9851532578468323,1.0671330690383911,0.7411832213401794,0.5987575650215149,0.9503884315490723,0.944105327129364,0.6964162588119507,0.976470947265625,1.2318021059036255,0.9304994344711304,0.6402608156204224,0.527436375617981,0.5488810539245605,0.38693153858184814,0.0,0.37393420934677124,0.5574266314506531,0.5301673412322998,0.6138143539428711,0.8522865176200867,0.993934154510498,1.0767614841461182,1.28459894657135,1.4635474681854248,1.6639313697814941,1.3915867805480957,1.1099812984466553,1.2402210235595703,1.2761176824569702,0.9296833276748657,0.8522173762321472,1.1817673444747925,1.133410096168518,0.8215187788009644,1.060044288635254,1.3455675840377808,1.2139803171157837,1.2330595254898071,1.5721676349639893,1.4570350646972656,1.128252387046814,0.9705779552459717,1.3012381792068481,1.3146473169326782,1.0060150623321533,1.1585015058517456,1.5118131637573242,1.4503884315490723,1.3123013973236084,1.6258341073989868,1.8536564111709595,1.7720131874084473,1.9076323509216309,2.2184500694274902,1.8696353435516357,1.5245205163955688,1.3519426584243774,1.6398738622665405,1.6290123462677002,1.2682710886001587,1.3918395042419434,1.7287739515304565,1.6068280935287476,1.390697717666626,1.7143114805221558,1.9265718460083008,1.7649955749511719,1.8805813789367676,2.213585138320923
B7,1.906297206878662,1.5367674827575684,1.506729245185852,1.5968873500823975,1.3523802757263184,1.048914909362793,1.2532594203948975,1.34218168258667,0.9992748498916626,0.941215991973877,1.3033504486083984,1.2622859477996826,1.02914297580719,1.3351489305496216,1.5666532516479492,1.0519094467163086,0.8699241876602173,0.6214245557785034,0.5102800130844116,0.5409616827964783,0.37393420934677124,0.0,0.3866460621356964,0.5401604175567627,0.5016146302223206,0.5981808304786682,0.8542402386665344,0.984294593334198,1.0873417854309082,1.2693675756454468,1.4023650884628296,1.1954048871994019,0.8620138168334961,0.971981406211853,1.101648211479187,0.8250081539154053,0.6618995666503906,1.0271352529525757,1.0990616083145142,0.8394187688827515,0.9897252917289734,1.324952483177185,1.2987381219863892,1.2861673831939697,1.5819494724273682,1.7325588464736938,1.3740116357803345,1.2826197147369385,1.6047269105911255,1.553518533706665,1.231827735900879,1.4342048168182373,1.7578178644180298,1.6260769367218018,1.495114803314209,1.8470782041549683,2.028721809387207,1.8949977159500122,2.0647153854370117,2.3808553218841553,1.782021403312683,1.4897576570510864,1.245901107788086,1.5300332307815552,1.6028088331222534,1.2650607824325562,1.305101990699768,1.675578236579895,1.6316813230514526,1.388745903968811,1.654129981994629,1.926255702972412,1.8035041093826294,1.8572882413864136,2.1896190643310547
B8,1.9651870727539062,1.6235270500183105,1.6478091478347778,1.6698888540267944,1.3697048425674438,1.151940941810608,1.3642637729644775,1.3442625999450684,0.9694115519523621,1.0260916948318481,1.3338525295257568,1.1835378408432007,0.9869444966316223,1.3436484336853027,1.4919031858444214,1.120551586151123,1.0024659633636475,0.8614667654037476,0.5978726744651794,0.5119698643684387,0.5574266314506531,0.3866460621356964,0.0,0.3787805140018463,0.55129075050354,0.4942128658294678,0.6135664582252502,0.8724941611289978,0.9994582533836365,1.0708190202713013,1.649013876914978,1.4781882762908936,1.1309311389923096,1.2745684385299683,1.4564740657806396,1.1972224712371826,1.0301182270050049,1.3895922899246216,1.4823752641677856,1.2042378187179565,1.3196364641189575,1.6720541715621948,1.6279288530349731,1.56363046169281,1.8723878860473633,1.9806702136993408,1.6548643112182617,1.5208966732025146,1.8579328060150146,1.86262047290802,1.5409891605377197,1.6882216930389404,2.0415046215057373,1.941548466682434,1.7660539150238037,2.0942001342773438,2.314281940460205,2.169194221496582,2.292128562927246,2.6294171810150146,1.864195466041565,1.5940886735916138,1.3905298709869385,1.7216123342514038,1.8153462409973145,1.513382077217102,1.5889201164245605,1.9633209705352783,1.9385719299316406,1.733014464378357,1.9993327856063843,2.2703428268432617,2.1671957969665527,2.2339277267456055,2.558457374572754
B9,1.6175817251205444,1.2993857860565186,1.3283953666687012,1.3129615783691406,1.0009241104125977,0.8234221339225769,1.046024203300476,0.9950488209724426,0.6301764249801636,0.7779207825660706,1.072067379951477,0.9364575147628784,0.8464170694351196,1.2075562477111816,1.334622859954834,1.3099268674850464,1.0928505659103394,1.0098847150802612,0.8538764119148254,0.6276251673698425,0.5301673412322998,0.5401604175567627,0.3787805140018463,0.0,0.3764985203742981,0.524033784866333,0.49512988328933716,0.6310649514198303,0.8845897912979126,0.9899848103523254,1.6986604928970337,1.4661304950714111,1.1658439636230469,1.3956700563430786,1.5231584310531616,1.2171647548675537,1.1615815162658691,1.539575457572937,1.5604445934295654,1.2974406480789185,1.5052733421325684,1.8206509351730347,1.731532096862793,1.733752727508545,2.0621533393859863,1.9534841775894165,1.6410292387008667,1.4340099096298218,1.7320653200149536,1.766635775566101,1.4213247299194336,1.4929739236831665,1.858811616897583,1.7775146961212158,1.5457284450531006,1.8453130722045898,2.09624981880188,1.9427155256271362,2.017012357711792,2.3673479557037354,1.6373363733291626,1.3353512287139893,1.2051094770431519,1.5600708723068237,1.6043765544891357,1.320372223854065,1.475765585899353,1.8267176151275635,1.7790374755859375,1.636904239654541,1.9351531267166138,2.1659538745880127,2.0844624042510986,2.2095019817352295,2.5118441581726074
B10,1.467937707901001,1.1022777557373047,1.1575254201889038,1.2451071739196777,0.9561221599578857,0.7268859148025513,1.0359528064727783,1.0978564023971558,0.7946412563323975,0.8964731097221375,1.2434133291244507,1.2055178880691528,1.1221975088119507,1.449572205543518,1.6273850202560425,1.490042805671692,1.248009204864502,1.0670839548110962,0.9791715145111084,0.8597698211669922,0.6138143539428711,0.5016146302223206,0.55129075050354,0.3764985203742981,0.0,0.3859914243221283,0.5458036065101624,0.5140407681465149,0.6825032830238342,0.9179995656013489,1.344959020614624,1.1033895015716553,0.8225536346435547,1.1012314558029175,1.2268376350402832,0.9489633440971375,0.9562995433807373,1.3391655683517456,1.3763766288757324,1.190347671508789,1.4163697957992554,1.711472988128662,1.6764435768127441,1.7328089475631714,2.027881145477295,1.9980469942092896,1.6480790376663208,1.471506953239441,1.732192039489746,1.6948522329330444,1.322380542755127,1.4260704517364502,1.754167914390564,1.6021655797958374,1.3696621656417847,1.7047656774520874,1.9052404165267944,1.70609450340271,1.8162837028503418,2.1644835472106934,1.3384710550308228,1.047592282295227,0.8576110005378723,1.2012170553207397,1.2774767875671387,1.0026507377624512,1.1218314170837402,1.4817719459533691,1.4772053956985474,1.3408757448196411,1.609009027481079,1.8593908548355103,1.8183470964431763,1.9274314641952515,2.2119641304016113
B11,1.739995002746582,1.383679747581482,1.501446008682251,1.5854880809783936,1.2670191526412964,1.0955488681793213,1.410286784172058,1.4254447221755981,1.0996832847595215,1.233765959739685,1.5647547245025635,1.4582993984222412,1.3528122901916504,1.7089588642120361,1.8543422222137451,1.5791445970535278,1.4229991436004639,1.2156261205673218,1.0209722518920898,0.9722996950149536,0.8522865176200867,0.5981808304786682,0.4942128658294678,0.524033784866333,0.3859914243221283,0.0,0.380471408367157,0.5407151579856873,0.5310419797897339,0.6792144179344177,1.3315507173538208,1.1974315643310547,0.8733155131340027,1.1119446754455566,1.3404123783111572,1.1437742710113525,1.0593489408493042,1.4327235221862793,1.562696933746338,1.3831543922424316,1.5218960046768188,1.8549517393112183,1.8729318380355835,1.8714791536331177,2.1449978351593018,2.28787899017334,1.9314249753952026,1.789642095565796,2.077342987060547,2.029555320739746,1.666337013244629,1.8001883029937744,2.124253511428833,1.9552699327468872,1.7389211654663086,2.0826454162597656,2.2653276920318604,2.0465638637542725,2.167448043823242,2.5155694484710693,1.451436996459961,1.2478818893432617,1.0183629989624023,1.3533519506454468,1.5165942907333374,1.2879332304000854,1.331961989402771,1.704935073852539,1.7641934156417847,1.6086357831954956,1.8227506875991821,2.115267515182495,2.094205617904663,2.151320219039917,2.43611216545105
B12,1.6519719362258911,1.349766492843628,1.5055092573165894,1.5076013803482056,1.1527005434036255,1.0896579027175903,1.3881208896636963,1.305177092552185,0.9961439967155457,1.2328559160232544,1.4983370304107666,1.3287901878356934,1.3047263622283936,1.6719201803207397,1.744861364364624,1.7167608737945557,1.5541622638702393,1.4276759624481201,1.2086570262908936,1.0568265914916992,0.993934154510498,0.8542402386665344,0.6135664582252502,0.49512988328933716,0.5458036065101624,0.380471408367157,0.0,0.3839097023010254,0.5219746828079224,0.506211519241333,1.661941409111023,1.5104436874389648,1.2170296907424927,1.4842467308044434,1.6913506984710693,1.4615546464920044,1.4048548936843872,1.7859857082366943,1.8795067071914673,1.6686161756515503,1.8345632553100586,2.167850971221924,2.139746904373169,2.131788969039917,2.4331746101379395,2.438251495361328,2.1112380027770996,1.9151102304458618,2.1975510120391846,2.204771041870117,1.8397295475006104,1.9069901704788208,2.2545108795166016,2.1272706985473633,1.8649170398712158,2.1691038608551025,2.39593505859375,2.178997278213501,2.238065004348755,2.6015796661376953,1.482473611831665,1.2830275297164917,1.1542446613311768,1.5211131572723389,1.653082013130188,1.4592233896255493,1.5759397745132446,1.9266629219055176,1.9690858125686646,1.864176630973816,2.1045281887054443,2.36596417427063,2.353081703186035,2.4515037536621094,2.726144313812256
B13,1.2922570705413818,0.9903439879417419,1.1927623748779297,1.2237576246261597,0.8786335587501526,0.8646349310874939,1.2047381401062012,1.16191565990448,0.932834804058075,1.1917896270751953,1.4550399780273438,1.360229730606079,1.4001238346099854,1.737501859664917,1.8282427787780762,1.9254566431045532,1.6971287727355957,1.5596215724945068,1.421729326248169,1.252450704574585,1.0767614841461182,0.984294593334198,0.8724941611289978,0.6310649514198303,0.5140407681465149,0.5407151579856873,0.3839097023010254,0.0,0.37786829471588135,0.5445910096168518,1.5520330667495728,1.3581295013427734,1.1365368366241455,1.4677491188049316,1.625452995300293,1.3934417963027954,1.4344135522842407,1.8116673231124878,1.8629586696624756,1.7008287906646729,1.9236851930618286,2.2195281982421875,2.1872365474700928,2.243440628051758,2.540182113647461,2.4470789432525635,2.1168429851531982,1.8967843055725098,2.1267876625061035,2.1174075603485107,1.7376846075057983,1.7643611431121826,2.0868020057678223,1.9394084215164185,1.642128586769104,1.929677128791809,2.145010232925415,1.8974705934524536,1.9312986135482788,2.297945261001587,1.1231369972229004,0.9152175188064575,0.8447011709213257,1.218077301979065,1.3281999826431274,1.1849573850631714,1.342629313468933,1.659509539604187,1.712838053703308,1.6715903282165527,1.9072760343551636,2.139497756958008,2.168285369873047,2.2986361980438232,2.5397207736968994
