,A1,A2,A3,A4,A5,A6,A7,A8,A9,A10,A11,A12,A13,A14,A15,B1,B2,B3,B4,B5,B6,B7,B8,B9,B10,B11,B12,B13,B14,B15,C1,C2,C3,C4,C5,C6,C7,C8,C9,C10,C11,C12,C13,C14,C15,D1,D2,D3,D4,D5,D6,D7,D8,D9,D10,D11,D12,D13,D14,D15,E1,E2,E3,E4,E5,E6,E7,E8,E9,E10,E11,E12,E13,E14,E15
A1,0.0,0.3888396918773651,0.5420775413513184,0.5870141983032227,0.7332910895347595,0.9532309174537659,1.0858074426651,1.2090524435043335,1.3914637565612793,1.565371036529541,1.6976946592330933,1.8598219156265259,2.043123245239258,2.21199631690979,2.387542724609375,2.303431510925293,2.177215814590454,2.046729326248169,1.7580679655075073,1.7004170417785645,1.74582040309906,1.5165560245513916,1.27736234664917,1.3809117078781128,1.4304468631744385,1.141223669052124,1.0358933210372925,1.2864570617675781,1.3099339008331299,1.039029836654663,1.837107539176941,1.799412727355957,1.863272786140442,1.7517237663269043,1.5622210502624512,1.7823644876480103,1.810461163520813,1.748327612876892,1.681835412979126,1.9458835124969482,2.070544481277466,1.9386285543441772,2.0318758487701416,2.3466174602508545,2.45196533203125,2.924777030944824,2.5854461193084717,2.4868147373199463,2.7017786502838135,2.5767641067504883,2.249887228012085,2.3990416526794434,2.577845811843872,2.358994722366333,2.1510488986968994,2.4380037784576416,2.5398447513580322,2.3029046058654785,2.302126884460449,2.6411540508270264,2.1640641689300537,1.9433830976486206,1.7858006954193115,2.104588747024536,2.1002681255340576,1.8586673736572266,1.9668999910354614,2.2876646518707275,2.1441168785095215,2.0802595615386963,2.1536450386047363,2.4429726600646973,2.3871684074401855,2.5141184329986572,2.718864679336548
A2,0.3888396918773651,0.0,0.3690229058265686,0.5644493699073792,0.5645353198051453,0.6750069856643677,0.9213958382606506,1.0821174383163452,1.1670154333114624,1.3253464698791504,1.5335029363632202,1.677883267402649,1.8023858070373535,2.0011188983917236,2.2075040340423584,2.07090425491333,1.9189293384552002,1.7421311140060425,1.4769092798233032,1.4493920803070068,1.4437012672424316,1.174712061882019,0.9907832741737366,1.120257019996643,1.1122753620147705,0.7979755401611328,0.8026688098907471,1.0601437091827393,1.0389870405197144,0.8353918194770813,1.6969754695892334,1.580757737159729,1.6450754404067993,1.5900945663452148,1.3520783185958862,1.517346978187561,1.6078999042510986,1.5815078020095825,1.442570686340332,1.7026922702789307,1.881575345993042,1.7702890634536743,1.8064687252044678,2.1520333290100098,2.301239252090454,2.6072769165039062,2.2577385902404785,2.1823348999023438,2.380892753601074,2.227903127670288,1.9111981391906738,2.0844736099243164,2.237104654312134,2.0021181106567383,1.8218446969985962,2.1243438720703125,2.20143723487854,1.9734952449798584,2.0134971141815186,2.3494300842285156,1.8733363151550293,1.6660209894180298,1.4554413557052612,1.7594796419143677,1.7595773935317993,1.5045342445373535,1.591122031211853,1.9042527675628662,1.7720166444778442,1.704595685005188,1.7660634517669678,2.060425043106079,2.021026611328125,2.151081085205078,2.3529412746429443
A3,0.5420775413513184,0.3690229058265686,0.0,0.3798460066318512,0.5530694127082825,0.5385543704032898,0.6691714525222778,0.926027238368988,1.0628918409347534,1.1304726600646973,1.3160163164138794,1.5302702188491821,1.6481109857559204,1.7855801582336426,2.015300750732422,1.7952899932861328,1.644622564315796,1.5269311666488647,1.2444113492965698,1.160794973373413,1.2123337984085083,1.016096830368042,0.7417702674865723,0.8731496930122375,0.9795784950256348,0.7385148406028748,0.6494185924530029,0.9710518717765808,1.0742614269256592,0.92842036485672,1.6293641328811646,1.5529683828353882,1.542067050933838,1.4324251413345337,1.2033566236495972,1.3466452360153198,1.3788233995437622,1.2942266464233398,1.1842063665390015,1.4224464893341064,1.571407437324524,1.4303361177444458,1.4954464435577393,1.8224925994873047,1.9516146183013916,2.4040942192077637,2.0679359436035156,1.950618028640747,2.1729400157928467,2.0713906288146973,1.739991545677185,1.8882704973220825,2.0886378288269043,1.9047002792358398,1.7026355266571045,1.9950393438339233,2.1292667388916016,1.9397395849227905,1.9487614631652832,2.2997870445251465,1.9828113317489624,1.7113972902297974,1.5085939168930054,1.8331413269042969,1.7652814388275146,1.477600336074829,1.6185784339904785,1.9175409078598022,1.7159678936004639,1.6309468746185303,1.7659133672714233,2.023423671722412,1.9126191139221191,2.0657126903533936,2.3000376224517822
A4,0.5870141983032227,0.5644493699073792,0.3798460066318512,0.0,0.3825136423110962,0.5514930486679077,0.526397705078125,0.6662956476211548,0.9118805527687073,1.0419365167617798,1.125900149345398,1.326535940170288,1.5240845680236816,1.6524707078933716,1.8257631063461304,1.7723084688186646,1.69760262966156,1.6045106649398804,1.2867131233215332,1.2618622779846191,1.3943426609039307,1.2048248052597046,0.9390058517456055,1.148828387260437,1.2995554208755493,1.0699899196624756,1.015971064567566,1.3452051877975464,1.4475762844085693,1.2933921813964844,1.9962172508239746,1.9313056468963623,1.9070518016815186,1.7785544395446777,1.5581655502319336,1.6739211082458496,1.683412790298462,1.5466886758804321,1.4484877586364746,1.6313509941101074,1.7659856081008911,1.5526533126831055,1.6027257442474365,1.9118280410766602,2.0026659965515137,2.4836909770965576,2.1727309226989746,2.0827763080596924,2.340623140335083,2.2563271522521973,1.946689486503601,2.124390125274658,2.335887908935547,2.1729423999786377,2.0048739910125732,2.3044538497924805,2.4430274963378906,2.276611804962158,2.3037030696868896,2.654834032058716,2.3357884883880615,2.0808091163635254,1.8528380393981934,2.1583218574523926,2.0993106365203857,1.793624997138977,1.9024828672409058,2.1709811687469482,1.977419376373291,1.8412419557571411,1.9599641561508179,2.187041997909546,2.070186138153076,2.1643857955932617,2.3839111328125
A5,0.7332910895347595,0.5645353198051453,0.5530694127082825,0.3825136423110962,0.0,0.38765639066696167,0.5422451496124268,0.5487333536148071,0.665520191192627,0.9049896597862244,1.0461519956588745,1.14859938621521,1.332324504852295,1.5417872667312622,1.697665810585022,1.7471178770065308,1.6848902702331543,1.514085292816162,1.211680293083191,1.2924909591674805,1.3779306411743164,1.109004259109497,0.9544327855110168,1.2305785417556763,1.2996902465820312,1.0358161926269531,1.1263427734375,1.4378283023834229,1.457291603088379,1.3396685123443604,2.135639190673828,1.9965626001358032,2.0008997917175293,1.937140941619873,1.6772396564483643,1.7416017055511475,1.8253668546676636,1.7297061681747437,1.553148865699768,1.7190091609954834,1.9181313514709473,1.7132980823516846,1.6786823272705078,2.02274489402771,2.1538028717041016,2.376295804977417,2.0601649284362793,2.0378448963165283,2.2852847576141357,2.151534080505371,1.8740168809890747,2.1079788208007812,2.2731287479400635,2.080071449279785,1.9719845056533813,2.294191837310791,2.3815009593963623,2.2200090885162354,2.309422731399536,2.647031545639038,2.255089282989502,2.0570287704467773,1.7705376148223877,2.03200101852417,2.014828681945801,1.7052298784255981,1.7448031902313232,1.985598087310791,1.8452823162078857,1.6796799898147583,1.7355432510375977,1.9639770984649658,1.900901436805725,1.9440076351165771,2.1308157444000244
A6,0.9532309174537659,0.6750069856643677,0.5385543704032898,0.5514930486679077,0.38765639066696167,0.0,0.38660916686058044,0.5777667760848999,0.5590812563896179,0.6526564359664917,0.9077528715133667,1.058822751045227,1.1398321390151978,1.3333131074905396,1.5600608587265015,1.4389435052871704,1.3336007595062256,1.1466915607452393,0.8554694056510925,0.9340318441390991,0.9942879676818848,0.7279348373413086,0.594157874584198,0.9076780676841736,0.9829800128936768,0.7745953798294067,0.9213082790374756,1.2273846864700317,1.274884819984436,1.2460265159606934,1.9495229721069336,1.781341791152954,1.7475435733795166,1.7044366598129272,1.4273394346237183,1.4268996715545654,1.5314249992370605,1.445164442062378,1.2230983972549438,1.36474609375,1.5953340530395508,1.4073618650436401,1.3320659399032593,1.6941736936569214,1.8593945503234863,2.017136573791504,1.6913504600524902,1.6568683385849,1.8991446495056152,1.7705907821655273,1.4890516996383667,1.7254998683929443,1.8945969343185425,1.7194215059280396,1.6208525896072388,1.9428596496582031,2.0426127910614014,1.912528395652771,2.0111289024353027,2.3468058109283447,2.0598573684692383,1.8378331661224365,1.5313853025436401,1.7869811058044434,1.7289774417877197,1.3985655307769775,1.4574884176254272,1.6817290782928467,1.5026124715805054,1.3276078701019287,1.4312314987182617,1.6427743434906006,1.5416699647903442,1.620008111000061,1.835998296737671
A7,1.0858074426651,0.9213958382606506,0.6691714525222778,0.526397705078125,0.5422451496124268,0.38660916686058044,0.0,0.37841442227363586,0.5519812703132629,0.5400878190994263,0.6487328410148621,0.9020603895187378,1.0448307991027832,1.1418089866638184,1.354336142539978,1.2586753368377686,1.2178802490234375,1.1370536088943481,0.8069018125534058,0.850739598274231,1.0446434020996094,0.9029519557952881,0.6844930648803711,0.9929651618003845,1.188806176185608,1.052962303161621,1.0950026512145996,1.4224985837936401,1.5513249635696411,1.5133252143859863,2.1142024993896484,2.0019028186798096,1.9167182445526123,1.813346266746521,1.5685218572616577,1.5611506700515747,1.5876641273498535,1.4228830337524414,1.260414719581604,1.343217134475708,1.5164473056793213,1.2535635232925415,1.2077430486679077,1.5257740020751953,1.636301875114441,1.9994301795959473,1.712438702583313,1.6443991661071777,1.9285378456115723,1.8706004619598389,1.5937459468841553,1.8038054704666138,2.0234787464141846,1.9113847017288208,1.8010717630386353,2.102030038833618,2.2539803981781006,2.158562660217285,2.22350811958313,2.5659148693084717,2.3837194442749023,2.122467279434204,1.840990662574768,2.108771562576294,2.0092668533325195,1.6684194803237915,1.763260006904602,1.965440273284912,1.7398051023483276,1.5435853004455566,1.6993248462677002,1.8574538230895996,1.6890044212341309,1.7562271356582642,1.9878671169281006
A8,1.2090524435043335,1.0821174383163452,0.926027238368988,0.6662956476211548,0.5487333536148071,0.5777667760848999,0.37841442227363586,0.0,0.38447827100753784,0.5693904757499695,0.5369759202003479,0.6688674092292786,0.9256998300552368,1.0721783638000488,1.1882129907608032,1.3799105882644653,1.4219461679458618,1.3180744647979736,1.00062894821167,1.148345708847046,1.3431880474090576,1.164725661277771,1.0244786739349365,1.3547803163528442,1.5127094984054565,1.3438661098480225,1.4324712753295898,1.7588062286376953,1.8432058095932007,1.7851786613464355,2.462721586227417,2.3325037956237793,2.2694108486175537,2.1809194087982178,1.9281445741653442,1.9147331714630127,1.9612220525741577,1.7990299463272095,1.6252024173736572,1.6858183145523071,1.8684643507003784,1.5846549272537231,1.5006659030914307,1.8040517568588257,1.8983162641525269,2.1310553550720215,1.870424747467041,1.8671869039535522,2.159226417541504,2.0836408138275146,1.8467243909835815,2.096301794052124,2.2904231548309326,2.1698811054229736,2.105093479156494,2.4166948795318604,2.539311170578003,2.447996139526367,2.547011137008667,2.882340431213379,2.6345632076263428,2.4125916957855225,2.1024537086486816,2.3422276973724365,2.2786471843719482,1.9381474256515503,1.9786076545715332,2.1523871421813965,1.9726248979568481,1.741607904434204,1.838433861732483,1.9769611358642578,1.847973346710205,1.834226131439209,2.0237255096435547
A9,1.3914637565612793,1.1670154333114624,1.0628918409347534,0.9118805527687073,0.665520191192627,0.5590812563896179,0.5519812703132629,0.38447827100753784,0.0,0.38863831758499146,0.5456910729408264,0.5341305136680603,0.6740003824234009,0.9341999292373657,1.0808762311935425,1.272566318511963,1.3007187843322754,1.1076873540878296,0.8338887095451355,1.087804913520813,1.2138772010803223,0.9870439767837524,0.9762930274009705,1.3337467908859253,1.4216575622558594,1.2670809030532837,1.4594005346298218,1.7551931142807007,1.7895060777664185,1.7889982461929321,2.479109287261963,2.287788152694702,2.2344586849212646,2.2038283348083496,1.9241185188293457,1.851953148841858,1.9620113372802734,1.8443995714187622,1.6018352508544922,1.6399586200714111,1.8824281692504883,1.6319034099578857,1.4639397859573364,1.7973730564117432,1.9450198411941528,1.8859120607376099,1.618556261062622,1.6807224750518799,1.9524226188659668,1.8327540159225464,1.634369134902954,1.9296092987060547,2.0774614810943604,1.9425692558288574,1.9383625984191895,2.2588396072387695,2.339914083480835,2.2695677280426025,2.4199740886688232,2.7358031272888184,2.480883836746216,2.298491954803467,1.9467233419418335,2.1386706829071045,2.0927517414093018,1.7536826133728027,1.7407900094985962,1.8702704906463623,1.7262969017028809,1.4668058156967163,1.522961139678955,1.6415188312530518,1.5475223064422607,1.4912030696868896,1.65964937210083
A10,1.565371036529541,1.3253464698791504,1.1304726600646973,1.0419365167617798,0.9049896597862244,0.6526564359664917,0.5400878190994263,0.5693904757499695,0.38863831758499146,0.0,0.39209315180778503,0.552954375743866,0.5350915789604187,0.6830969452857971,0.9420558214187622,0.8933517336845398,0.9178339838981628,0.7706041932106018,0.4831658601760864,0.7579302191734314,0.9329789876937866,0.8108574151992798,0.8033326864242554,1.1495143175125122,1.2917816638946533,1.229636549949646,1.3978101015090942,1.6795916557312012,1.7708284854888916,1.822924017906189,2.3801558017730713,2.200206995010376,2.0946757793426514,2.05287766456604,1.7861748933792114,1.6607022285461426,1.746364951133728,1.6063611507415771,1.3622418642044067,1.3364461660385132,1.573848843574524,1.3111588954925537,1.1056588888168335,1.427222490310669,1.5826815366744995,1.563138723373413,1.3063768148422241,1.3336058855056763,1.6260473728179932,1.5577611923217773,1.3613412380218506,1.6380219459533691,1.8171002864837646,1.7397350072860718,1.7353540658950806,2.0347049236297607,2.1556262969970703,2.130701780319214,2.2634239196777344,2.575568675994873,2.465536117553711,2.243701457977295,1.905001163482666,2.0991599559783936,1.9962176084518433,1.6470600366592407,1.67730712890625,1.7822721004486084,1.575294017791748,1.3064225912094116,1.4465277194976807,1.5154671669006348,1.3341732025146484,1.3194702863693237,1.5355818271636963
A11,1.6976946592330933,1.5335029363632202,1.3160163164138794,1.125900149345398,1.0461519956588745,0.9077528715133667,0.6487328410148621,0.5369759202003479,0.5456910729408264,0.39209315180778503,0.0,0.37603437900543213,0.5521862506866455,0.5565287470817566,0.7106127738952637,0.9291832447052002,1.0762550830841064,1.0461313724517822,0.778186559677124,0.9911995530128479,1.246290922164917,1.182116985321045,1.1073960065841675,1.4343241453170776,1.63144850730896,1.5650290250778198,1.672713279724121,1.9765454530715942,2.099419593811035,2.115711212158203,2.6634843349456787,2.523214817047119,2.4025392532348633,2.3183765411376953,2.0738039016723633,1.970628023147583,2.003387212753296,1.812890648841858,1.6261658668518066,1.573509931564331,1.7513254880905151,1.4321792125701904,1.2659119367599487,1.5177730321884155,1.600517988204956,1.747159719467163,1.5513641834259033,1.5682384967803955,1.8840645551681519,1.867856502532959,1.6883970499038696,1.940290927886963,2.1454882621765137,2.1020140647888184,2.087566614151001,2.373180627822876,2.5193989276885986,2.5027716159820557,2.6141228675842285,2.931879758834839,2.840104579925537,2.6033895015716553,2.279134750366211,2.4861974716186523,2.3768789768218994,2.0264532566070557,2.068528652191162,2.1703338623046875,1.9564036130905151,1.6845155954360962,1.8270787000656128,1.8693598508834839,1.6714411973953247,1.6220345497131348,1.8188436031341553
A12,1.8598219156265259,1.677883267402649,1.5302702188491821,1.326535940170288,1.14859938621521,1.058822751045227,0.9020603895187378,0.6688674092292786,0.5341305136680603,0.552954375743866,0.37603437900543213,0.0,0.38569310307502747,0.5644427537918091,0.5739449858665466,1.1220242977142334,1.2968608140945435,1.1901814937591553,0.9748710989952087,1.2704546451568604,1.4677040576934814,1.343558669090271,1.3492913246154785,1.6974469423294067,1.8349710702896118,1.7402886152267456,1.911412239074707,2.2074172496795654,2.277083158493042,2.296956777572632,2.9166245460510254,2.7372326850891113,2.643925189971924,2.595912456512451,2.3311657905578613,2.2135398387908936,2.2916653156280518,2.1312506198883057,1.9073119163513184,1.8568187952041626,2.0702457427978516,1.770425796508789,1.5606263875961304,1.8221392631530762,1.9252153635025024,1.8040472269058228,1.6280392408370972,1.7304850816726685,2.0268335342407227,1.9660650491714478,1.8341952562332153,2.1301121711730957,2.287558078765869,2.221665859222412,2.260967969894409,2.5583720207214355,2.6588423252105713,2.645831346511841,2.8021178245544434,3.106173038482666,2.948709487915039,2.7592742443084717,2.402045488357544,2.5699520111083984,2.499101161956787,2.1557462215423584,2.1371254920959473,2.202436685562134,2.0463147163391113,1.7492166757583618,1.820986270904541,1.8415136337280273,1.7046977281570435,1.568953514099121,1.7085466384887695
A13,2.043123245239258,1.8023858070373535,1.6481109857559204,1.5240845680236816,1.332324504852295,1.1398321390151978,1.0448307991027832,0.9256998300552368,0.6740003824234009,0.5350915789604187,0.5521862506866455,0.38569310307502747,0.0,0.38883107900619507,0.5473992824554443,0.8982916474342346,1.0650696754455566,0.9157524704933167,0.7912805080413818,1.1440010070800781,1.29290771484375,1.1999255418777466,1.294430136680603,1.626640796661377,1.7333177328109741,1.6929835081100464,1.908292531967163,2.1694960594177246,2.2302422523498535,2.3085439205169678,2.8646955490112305,2.6529428958892822,2.544816493988037,2.532533884048462,2.26253604888916,2.0855274200439453,2.194350481033325,2.061373233795166,1.7991389036178589,1.705330729484558,1.9507514238357544,1.6849548816680908,1.4059170484542847,1.6685757637023926,1.8152942657470703,1.442020058631897,1.2798627614974976,1.4317256212234497,1.7112330198287964,1.6439353227615356,1.5604677200317383,1.8732695579528809,2.0023114681243896,1.960079312324524,2.0481276512145996,2.3314027786254883,2.4171783924102783,2.4445786476135254,2.626040458679199,2.907221555709839,2.8205437660217285,2.6428871154785156,2.2731497287750244,2.4032607078552246,2.3181796073913574,1.9831321239471436,1.9468775987625122,1.959734320640564,1.8050787448883057,1.4910796880722046,1.5700292587280273,1.5345773696899414,1.3814224004745483,1.2191694974899292,1.3609468936920166
A14,2.21199631690979,2.0011188983917236,1.7855801582336426,1.6524707078933716,1.5417872667312622,1.3333131074905396,1.1418089866638184,1.0721783638000488,0.9341999292373657,0.6830969452857971,0.5565287470817566,0.5644427537918091,0.38883107900619507,0.0,0.37247079610824585,0.6494780778884888,0.9233094453811646,0.9256681799888611,0.8257622718811035,1.1071606874465942,1.3274108171463013,1.3421473503112793,1.3823728561401367,1.6801867485046387,1.8522381782531738,1.861251711845398,2.0176777839660645,2.280174970626831,2.3976612091064453,2.4819231033325195,2.9425930976867676,2.7689273357391357,2.618351936340332,2.57000470161438,2.327589988708496,2.1378426551818848,2.1923911571502686,2.017228603363037,1.7989317178726196,1.649118185043335,1.8424464464187622,1.5451112985610962,1.2730019092559814,1.4610732793807983,1.560988426208496,1.3618983030319214,1.2638051509857178,1.3587182760238647,1.6641064882278442,1.684118628501892,1.6067025661468506,1.8705761432647705,2.0437231063842773,2.0665698051452637,2.132901668548584,2.3862340450286865,2.52126145362854,2.578981399536133,2.724241018295288,3.006385326385498,3.0296518802642822,2.8109891414642334,2.4682788848876953,2.61750864982605,2.488394021987915,2.150256872177124,2.1623454093933105,2.1736059188842773,1.9656158685684204,1.663193941116333,1.8100923299789429,1.7424952983856201,1.5121392011642456,1.3928040266036987,1.5639078617095947
A15,2.387542724609375,2.2075040340423584,2.015300750732422,1.8257631063461304,1.697665810585022,1.5600608587265015,1.354336142539978,1.1882129907608032,1.0808762311935425,0.9420558214187622,0.7106127738952637,0.5739449858665466,0.5473992824554443,0.37247079610824585,0.0,0.988251268863678,1.2891249656677246,1.2897067070007324,1.1813298463821411,1.4637935161590576,1.690075159072876,1.673580527305603,1.7041300535202026,2.0177907943725586,2.187469482421875,2.16432785987854,2.3218281269073486,2.600339889526367,2.7053449153900146,2.7645106315612793,3.2774782180786133,3.1058261394500732,2.9674172401428223,2.9124622344970703,2.6675171852111816,2.4950098991394043,2.5465269088745117,2.3613476753234863,2.154331922531128,2.0144646167755127,2.195037364959717,1.8811537027359009,1.6309260129928589,1.7950533628463745,1.8589763641357422,1.6461642980575562,1.5887771844863892,1.7142411470413208,2.011317491531372,2.024651288986206,1.9666286706924438,2.2390143871307373,2.4005753993988037,2.415315866470337,2.493267297744751,2.7522428035736084,2.8748137950897217,2.9266958236694336,3.082040309906006,3.365225315093994,3.3426549434661865,3.139528274536133,2.7862205505371094,2.929845094680786,2.822232246398926,2.4837589263916016,2.472774028778076,2.477011203765869,2.298339605331421,1.9869287014007568,2.0930094718933105,2.0184457302093506,1.8264317512512207,1.6515601873397827,1.7727144956588745
B1,2.303431510925293,2.07090425491333,1.7952899932861328,1.7723084688186646,1.7471178770065308,1.4389435052871704,1.2586753368377686,1.3799105882644653,1.272566318511963,0.8933517336845398,0.9291832447052002,1.1220242977142334,0.8982916474342346,0.6494780778884888,0.988251268863678,0.0,0.3642447590827942,0.6115866303443909,0.6517186760902405,0.7601855993270874,0.9793036580085754,1.17431640625,1.2055679559707642,1.3921077251434326,1.6015100479125977,1.7250251770019531,1.8293346166610718,2.0361084938049316,2.213517665863037,2.355114221572876,2.609639883041382,2.462785482406616,2.2538301944732666,2.1972217559814453,1.9951149225234985,1.75229012966156,1.7660841941833496,1.5878241062164307,1.3951576948165894,1.1559898853302002,1.3149827718734741,1.0573362112045288,0.73634272813797,0.8565649390220642,0.9978785514831543,0.9768811464309692,0.8864333629608154,0.8306131958961487,1.153725028038025,1.2868213653564453,1.199761152267456,1.3735729455947876,1.5987215042114258,1.7103137969970703,1.7447634935379028,1.9399447441101074,2.1360769271850586,2.242698907852173,2.3386807441711426,2.6039676666259766,2.8211615085601807,2.5533993244171143,2.2631747722625732,2.4199793338775635,2.218785524368286,1.9003199338912964,1.9880845546722412,1.9946833848953247,1.7042328119277954,1.4534584283828735,1.7154749631881714,1.6258134841918945,1.2822701930999756,1.3151984214782715,1.5658005475997925
B2,2.177215814590454,1.9189293384552002,1.644622564315796,1.69760262966156,1.6848902702331543,1.3336007595062256,1.2178802490234375,1.4219461679458618,1.3007187843322754,0.9178339838981628,1.0762550830841064,1.2968608140945435,1.0650696754455566,0.9233094453811646,1.2891249656677246,0.3642447590827942,0.0,0.39488348364830017,0.5078964829444885,0.5066434144973755,0.6583496332168579,0.9217632412910461,0.9725253582000732,1.1013017892837524,1.2944873571395874,1.4636249542236328,1.5662468671798706,1.736849308013916,1.9188826084136963,2.0901193618774414,2.282255172729492,2.1273045539855957,1.9105013608932495,1.8721930980682373,1.6721504926681519,1.4055075645446777,1.4351152181625366,1.289679765701294,1.0689300298690796,0.8170803785324097,1.020045280456543,0.8266421556472778,0.4501384496688843,0.6672798991203308,0.9075088500976562,0.908383309841156,0.7176564931869507,0.5506662726402283,0.8827010989189148,1.012818694114685,0.8712891936302185,1.0226812362670898,1.2698054313659668,1.3822977542877197,1.3908545970916748,1.5805294513702393,1.7905195951461792,1.8964712619781494,1.9795485734939575,2.244102716445923,2.5005815029144287,2.221158504486084,1.9500696659088135,2.110753059387207,1.8884341716766357,1.5794847011566162,1.6986361742019653,1.7212817668914795,1.3991079330444336,1.1841130256652832,1.4921084642410278,1.431471824645996,1.0617583990097046,1.1992292404174805,1.4880094528198242
B3,2.046729326248169,1.7421311140060425,1.5269311666488647,1.6045106649398804,1.514085292816162,1.1466915607452393,1.1370536088943481,1.3180744647979736,1.1076873540878296,0.7706041932106018,1.0461313724517822,1.1901814937591553,0.9157524704933167,0.9256681799888611,1.2897067070007324,0.6115866303443909,0.39488348364830017,0.0,0.331953227519989,0.536446213722229,0.5247945785522461,0.6555177569389343,0.8402543067932129,1.0260080099105835,1.11787748336792,1.2524349689483643,1.4503235816955566,1.6143248081207275,1.725066065788269,1.9119383096694946,2.2119300365448,1.9939789772033691,1.82578706741333,1.847542405128479,1.602538824081421,1.3273662328720093,1.4525952339172363,1.3761420249938965,1.0716201066970825,0.9049275517463684,1.2022432088851929,1.0627048015594482,0.7024475932121277,1.011172890663147,1.2773501873016357,0.8822571635246277,0.5775105357170105,0.5750160217285156,0.8572173714637756,0.8287262916564941,0.6839879751205444,0.9627894163131714,1.1305166482925415,1.1573635339736938,1.2242282629013062,1.4656285047531128,1.6042019128799438,1.6885040998458862,1.835358738899231,2.0977237224578857,2.243804454803467,2.011479139328003,1.6928857564926147,1.822440505027771,1.6399431228637695,1.3218683004379272,1.3812717199325562,1.3876386880874634,1.106096625328064,0.8452258706092834,1.1181514263153076,1.071791410446167,0.7384134531021118,0.8612694144248962,1.1569377183914185
B4,1.7580679655075073,1.4769092798233032,1.2444113492965698,1.2867131233215332,1.211680293083191,0.8554694056510925,0.8069018125534058,1.00062894821167,0.8338887095451355,0.4831658601760864,0.778186559677124,0.9748710989952087,0.7912805080413818,0.8257622718811035,1.1813298463821411,0.6517186760902405,0.5078964829444885,0.331953227519989,0.0,0.3839227259159088,0.5135408043861389,0.552578866481781,0.6265087127685547,0.892361581325531,1.0392338037490845,1.1055893898010254,1.2735542058944702,1.4941424131393433,1.6197755336761475,1.7525569200515747,2.1413867473602295,1.9512231349945068,1.7994740009307861,1.7799025774002075,1.525320053100586,1.3196569681167603,1.4141061305999756,1.2977709770202637,1.0175108909606934,0.9219671487808228,1.195206880569458,0.9891322255134583,0.7039761543273926,1.0525059700012207,1.27503502368927,1.19834566116333,0.9083393812179565,0.8682432174682617,1.1603238582611084,1.1249710321426392,0.9127768874168396,1.169021725654602,1.3689504861831665,1.3432306051254272,1.3409274816513062,1.6135560274124146,1.7647839784622192,1.7885783910751343,1.909632921218872,2.2063868045806885,2.2543158531188965,2.0045158863067627,1.6866838932037354,1.867431879043579,1.7047138214111328,1.3622859716415405,1.4393070936203003,1.5172439813613892,1.2427128553390503,0.9909234642982483,1.2336345911026,1.2659361362457275,0.9914118051528931,1.0876213312149048,1.364889144897461
B5,1.7004170417785645,1.4493920803070068,1.160794973373413,1.2618622779846191,1.2924909591674805,0.9340318441390991,0.850739598274231,1.148345708847046,1.087804913520813,0.7579302191734314,0.9911995530128479,1.2704546451568604,1.1440010070800781,1.1071606874465942,1.4637935161590576,0.7601855993270874,0.5066434144973755,0.536446213722229,0.3839227259159088,0.0,0.35487744212150574,0.5842490196228027,0.491580992937088,0.6340200304985046,0.8837071657180786,1.0185719728469849,1.0760692358016968,1.2801766395568848,1.4822955131530762,1.6163911819458008,1.8731063604354858,1.7377650737762451,1.5440936088562012,1.4766961336135864,1.2555328607559204,1.0633141994476318,1.0852564573287964,0.9310598373413086,0.693051278591156,0.5872229933738708,0.8268930912017822,0.6225506067276001,0.40697959065437317,0.7858973145484924,1.0119935274124146,1.333899974822998,1.0473599433898926,0.8539183139801025,1.13590407371521,1.169580340385437,0.8851599097251892,1.0271657705307007,1.3016760349273682,1.3081992864608765,1.2067331075668335,1.449389100074768,1.6690176725387573,1.6827912330627441,1.7296770811080933,2.04144287109375,2.1809396743774414,1.8730140924453735,1.6183912754058838,1.8458491563796997,1.634881615638733,1.3041012287139893,1.4716265201568604,1.599578857421875,1.2646100521087646,1.093740463256836,1.402328372001648,1.467745304107666,1.157822847366333,1.3559296131134033,1.6552071571350098
B6,1.74582040309906,1.4437012672424316,1.2123337984085083,1.3943426609039307,1.3779306411743164,0.9942879676818848,1.0446434020996094,1.3431880474090576,1.2138772010803223,0.9329789876937866,1.246290922164917,1.4677040576934814,1.29290771484375,1.3274108171463013,1.690075159072876,0.9793036580085754,0.6583496332168579,0.5247945785522461,0.5135408043861389,0.35487744212150574,0.0,0.3822847008705139,0.47134751081466675,0.524505615234375,0.6389639973640442,0.8408282995223999,0.9770979285240173,1.1105049848556519,1.2657907009124756,1.4623459577560425,1.6911745071411133,1.4964678287506104,1.3172355890274048,1.3251562118530273,1.0789235830307007,0.8219117522239685,0.948432207107544,0.9065837264060974,0.5671426653862,0.510553240776062,0.850411593914032,0.8012871742248535,0.5785262584686279,0.9516100883483887,1.2321975231170654,1.2736554145812988,0.9361499547958374,0.7545159459114075,0.9621895551681519,0.9186979532241821,0.5898714065551758,0.7594691514968872,0.9976624846458435,0.9623266458511353,0.8676612377166748,1.1324840784072876,1.3243800401687622,1.3392527103424072,1.4170325994491577,1.7195794582366943,1.868746042251587,1.577848196029663,1.3114991188049316,1.5143269300460815,1.2943336963653564,0.9688795208930969,1.1416454315185547,1.2662500143051147,0.9172138571739197,0.7813765406608582,1.1166698932647705,1.2059370279312134,0.9119603633880615,1.1828027963638306,1.4874858856201172
B7,1.5165560245513916,1.174712061882019,1.016096830368042,1.2048248052597046,1.109004259109497,0.7279348373413086,0.9029519557952881,1.164725661277771,0.9870439767837524,0.8108574151992798,1.182116985321045,1.343558669090271,1.1999255418777466,1.3421473503112793,1.673580527305603,1.17431640625,0.9217632412910461,0.6555177569389343,0.552578866481781,0.5842490196228027,0.3822847008705139,0.0,0.3735032081604004,0.5761207342147827,0.5461079478263855,0.6041907668113708,0.870311975479126,1.0380139350891113,1.098348617553711,1.2699275016784668,1.7051688432693481,1.4611568450927734,1.3630732297897339,1.4096486568450928,1.1177690029144287,0.9322592616081238,1.1312217712402344,1.1306790113449097,0.7837978005409241,0.8561246395111084,1.1847807168960571,1.1165719032287598,0.9270229339599609,1.3119711875915527,1.5733948945999146,1.4609626531600952,1.0994760990142822,1.0375906229019165,1.2217555046081543,1.068915605545044,0.7688765525817871,1.0206098556518555,1.1674131155014038,1.0132052898406982,0.9536436200141907,1.2739099264144897,1.3779966831207275,1.3240264654159546,1.4593576192855835,1.7696374654769897,1.7096362113952637,1.469467043876648,1.1405725479125977,1.3434935808181763,1.1986135244369507,0.8481462597846985,0.9462704062461853,1.1132769584655762,0.8428974747657776,0.672590970993042,0.9120007157325745,1.0849899053573608,0.9053919911384583,1.115986704826355,1.3890631198883057
B8,1.27736234664917,0.9907832741737366,0.7417702674865723,0.9390058517456055,0.9544327855110168,0.594157874584198,0.6844930648803711,1.0244786739349365,0.9762930274009705,0.8033326864242554,1.1073960065841675,1.3492913246154785,1.294430136680603,1.3823728561401367,1.7041300535202026,1.2055679559707642,0.9725253582000732,0.8402543067932129,0.6265087127685547,0.491580992937088,0.47134751081466675,0.3735032081604004,0.0,0.3588697910308838,0.5419391393661499,0.5578145980834961,0.6490151882171631,0.8985578417778015,1.0569920539855957,1.1532920598983765,1.5802099704742432,1.4199421405792236,1.3000739812850952,1.2540843486785889,0.9829554557800293,0.8962160348892212,0.9875491261482239,0.9109768867492676,0.6418130993843079,0.7801173329353333,1.0338414907455444,0.9165517091751099,0.8473514914512634,1.2199461460113525,1.4310810565948486,1.691960096359253,1.3529713153839111,1.2121193408966064,1.4324915409088135,1.3551108837127686,1.0230932235717773,1.1862080097198486,1.4056909084320068,1.2847498655319214,1.1266911029815674,1.422408103942871,1.590239405632019,1.5025689601898193,1.5530771017074585,1.8926085233688354,1.8370981216430664,1.5390918254852295,1.2757514715194702,1.5496901273727417,1.3887708187103271,1.0501850843429565,1.2205379009246826,1.4419647455215454,1.1523584127426147,1.0307623147964478,1.2755382061004639,1.457893967628479,1.2546041011810303,1.4637295007705688,1.7412277460098267
B9,1.3809117078781128,1.120257019996643,0.8731496930122375,1.148828387260437,1.2305785417556763,0.9076780676841736,0.9929651618003845,1.3547803163528442,1.3337467908859253,1.1495143175125122,1.4343241453170776,1.6974469423294067,1.626640796661377,1.6801867485046387,2.0177907943725586,1.3921077251434326,1.1013017892837524,1.0260080099105835,0.892361581325531,0.6340200304985046,0.524505615234375,0.5761207342147827,0.3588697910308838,0.0,0.37343430519104004,0.5456564426422119,0.4884812831878662,0.6484749913215637,0.8932028412818909,1.031869649887085,1.262835144996643,1.1356602907180786,0.9723935127258301,0.9069253206253052,0.6501133441925049,0.5729871988296509,0.6334055662155151,0.6030944585800171,0.3342318832874298,0.5974997282028198,0.8167202472686768,0.8198714256286621,0.8466600179672241,1.1758630275726318,1.3927193880081177,1.7920507192611694,1.4559414386749268,1.2404875755310059,1.4099528789520264,1.3608862161636353,0.9995409250259399,1.0526529550552368,1.2967501878738403,1.1906819343566895,0.9383891224861145,1.1954847574234009,1.4103469848632812,1.3085970878601074,1.285494327545166,1.633378028869629,1.6809958219528198,1.329319953918457,1.145803451538086,1.4493768215179443,1.2383708953857422,0.9384466409683228,1.1973665952682495,1.4470365047454834,1.119768500328064,1.0946688652038574,1.38131582736969,1.5739191770553589,1.3547098636627197,1.6383002996444702,1.9277323484420776
B10,1.4304468631744385,1.1122753620147705,0.9795784950256348,1.2995554208755493,1.2996902465820312,0.9829800128936768,1.188806176185608,1.5127094984054565,1.4216575622558594,1.2917816638946533,1.63144850730896,1.8349710702896118,1.7333177328109741,1.8522381782531738,2.187469482421875,1.6015100479125977,1.2944873571395874,1.11787748336792,1.0392338037490845,0.8837071657180786,0.6389639973640442,0.5461079478263855,0.5419391393661499,0.37343430519104004,0.0,0.3400365710258484,0.4965778589248657,0.5253092646598816,0.6283566355705261,0.8583495020866394,1.1628830432891846,0.9217512011528015,0.8340494632720947,0.9059354066848755,0.6003523468971252,0.4908626675605774,0.7425902485847473,0.8621907234191895,0.5568660497665405,0.8164599537849426,1.0846524238586426,1.1543893814086914,1.1158980131149292,1.4560589790344238,1.7075109481811523,1.8329828977584839,1.4729057550430298,1.3152544498443604,1.420305609703064,1.281677484512329,0.9339120388031006,1.019382357597351,1.1709712743759155,0.9713326692581177,0.7259228825569153,1.022537112236023,1.1564505100250244,1.003534197807312,1.038377285003662,1.3827584981918335,1.3278073072433472,1.0075021982192993,0.7786171436309814,1.0789870023727417,0.8895511031150818,0.5868195295333862,0.8500796556472778,1.1365606784820557,0.8483362793922424,0.8887777924537659,1.1304807662963867,1.3748921155929565,1.2324151992797852,1.533496379852295,1.8002097606658936
B11,1.141223669052124,0.7979755401611328,0.7385148406028748,1.0699899196624756,1.0358161926269531,0.7745953798294067,1.052962303161621,1.3438661098480225,1.2670809030532837,1.229636549949646,1.5650290250778198,1.7402886152267456,1.6929835081100464,1.861251711845398,2.16432785987854,1.7250251770019531,1.4636249542236328,1.2524349689483643,1.1055893898010254,1.0185719728469849,0.8408282995223999,0.6041907668113708,0.5578145980834961,0.5456564426422119,0.3400365710258484,0.0,0.40877071022987366,0.5495320558547974,0.5415215492248535,0.6664852499961853,1.2634341716766357,1.026716947555542,1.0295593738555908,1.081716775894165,0.7766099572181702,0.7996763586997986,1.0100480318069458,1.0900166034698486,0.8306710720062256,1.0980379581451416,1.3511067628860474,1.3566709756851196,1.3268990516662598,1.6873278617858887,1.916703224182129,2.034116506576538,1.666999340057373,1.559438943862915,1.6921119689941406,1.522378921508789,1.1926692724227905,1.3347465991973877,1.4620529413223267,1.2223130464553833,1.0245252847671509,1.3316917419433594,1.4123679399490356,1.2131843566894531,1.2756502628326416,1.6140800714492798,1.3412829637527466,1.0721410512924194,0.808621883392334,1.1245285272598267,1.0313247442245483,0.7403605580329895,0.9100066423416138,1.2306115627288818,1.0259902477264404,1.0250991582870483,1.175644040107727,1.4652312994003296,1.3865008354187012,1.62464439868927,1.8652207851409912
B12,1.0358933210372925,0.8026688098907471,0.6494185924530029,1.015971064567566,1.1263427734375,0.9213082790374756,1.0950026512145996,1.4324712753295898,1.4594005346298218,1.3978101015090942,1.672713279724121,1.911412239074707,1.908292531967163,2.0176777839660645,2.3218281269073486,1.8293346166610718,1.5662468671798706,1.4503235816955566,1.2735542058944702,1.0760692358016968,0.9770979285240173,0.870311975479126,0.6490151882171631,0.4884812831878662,0.4965778589248657,0.40877071022987366,0.0,0.33798372745513916,0.5682633519172668,0.5794506072998047,1.0332146883010864,0.9335142970085144,0.8934584856033325,0.8191321492195129,0.5621806979179382,0.7481479644775391,0.8162156343460083,0.8570692539215088,0.7343400120735168,1.0586365461349487,1.2124478816986084,1.2311925888061523,1.3213061094284058,1.635628581047058,1.8188658952713013,2.2439916133880615,1.892427921295166,1.7104761600494385,1.8575924634933472,1.7574467658996582,1.4009677171707153,1.4563133716583252,1.6472879648208618,1.4613643884658813,1.1787070035934448,1.4322216510772705,1.5885409116744995,1.3815726041793823,1.328631043434143,1.6825922727584839,1.5009709596633911,1.15587317943573,1.0306940078735352,1.3890984058380127,1.2525709867477417,1.0084359645843506,1.2534102201461792,1.5807710886001587,1.332432746887207,1.3591957092285156,1.559044361114502,1.828081488609314,1.6960595846176147,1.9602936506271362,2.2216219902038574
B13,1.2864570617675781,1.0601437091827393,0.9710518717765808,1.3452051877975464,1.4378283023834229,1.2273846864700317,1.4224985837936401,1.7588062286376953,1.7551931142807007,1.6795916557312012,1.9765454530715942,2.2074172496795654,2.1694960594177246,2.280174970626831,2.600339889526367,2.0361084938049316,1.736849308013916,1.6143248081207275,1.4941424131393433,1.2801766395568848,1.1105049848556519,1.0380139350891113,0.8985578417778015,0.6484749913215637,0.5253092646598816,0.5495320558547974,0.33798372745513916,0.0,0.3749806582927704,0.5054493546485901,0.7280148863792419,0.5963250398635864,0.586296021938324,0.5841467380523682,0.32882192730903625,0.6013573408126831,0.7162606716156006,0.8792879581451416,0.7778502702713013,1.1189147233963013,1.2598917484283447,1.3731930255889893,1.4689565896987915,1.7588106393814087,1.959947943687439,2.3339669704437256,1.9819831848144531,1.78481125831604,1.8757553100585938,1.764350175857544,1.4160900115966797,1.4135757684707642,1.570845127105713,1.3706401586532593,1.0462027788162231,1.2550394535064697,1.398993730545044,1.1574939489364624,1.0529390573501587,1.399493932723999,1.2499823570251465,0.8685757517814636,0.8406755924224854,1.2076613903045654,1.0530552864074707,0.8867717981338501,1.1730587482452393,1.5123302936553955,1.274785041809082,1.3823111057281494,1.5812615156173706,1.8595983982086182,1.7461206912994385,2.0517349243164062,2.3090171813964844
