,A1,A2,A3,A4,A5,A6,A7,A8,A9,A10,A11,A12,A13,A14,A15,B1,B2,B3,B4,B5,B6,B7,B8,B9,B10,B11,B12,B13,B14,B15,C1,C2,C3,C4,C5,C6,C7,C8,C9,C10,C11,C12,C13,C14,C15,D1,D2,D3,D4,D5,D6,D7,D8,D9,D10,D11,D12,D13,D14,D15,E1,E2,E3,E4,E5,E6,E7,E8,E9,E10,E11,E12,E13,E14,E15
A1,0.0,0.3993726074695587,0.552840530872345,0.5646458864212036,0.6982998251914978,0.9345407485961914,1.043500542640686,1.1176600456237793,1.3207365274429321,1.4944509267807007,1.5564229488372803,1.6864489316940308,1.907161831855774,2.053184986114502,2.1430392265319824,1.5059552192687988,1.4815047979354858,1.109425663948059,1.1172184944152832,1.4216071367263794,1.3057011365890503,1.0169308185577393,1.2972891330718994,1.5338897705078125,1.3452270030975342,1.2829738855361938,1.651982307434082,1.7509845495224,1.6238839626312256,1.8302223682403564,2.416675567626953,2.1529700756073,1.9347378015518188,2.2219955921173096,2.3068976402282715,1.9755736589431763,1.9914618730545044,2.360990047454834,2.3075172901153564,2.035916328430176,2.274066925048828,2.5608203411102295,2.3982443809509277,2.379472255706787,2.744229555130005,1.9202361106872559,1.6111700534820557,1.7328274250030518,2.0727787017822266,1.977407693862915,1.7906157970428467,2.091916084289551,2.343566417694092,2.2096171379089355,2.2133383750915527,2.5513360500335693,2.656219005584717,2.5767195224761963,2.8026962280273438,3.0732200145721436,1.3048241138458252,1.0622408390045166,1.4052903652191162,1.5454273223876953,1.2782890796661377,1.333968162536621,1.7040735483169556,1.7302809953689575,1.6060290336608887,1.845481038093567,2.107287883758545,2.053699493408203,2.1147620677948,2.43369197845459,2.5517258644104004
A2,0.3993726074695587,0.0,0.37185537815093994,0.5462561249732971,0.5295149683952332,0.6432919502258301,0.868935763835907,1.002121090888977,1.1036783456802368,1.2564550638198853,1.4091018438339233,1.531583547592163,1.685815453529358,1.8675998449325562,2.0063412189483643,1.240282416343689,1.1468818187713623,0.7734391093254089,0.7968683838844299,1.0558879375457764,0.9083603620529175,0.638903796672821,0.9623122811317444,1.1682779788970947,1.0017783641815186,1.003990888595581,1.3543694019317627,1.4484081268310547,1.390333652496338,1.6113955974578857,2.055743455886841,1.78718101978302,1.556422472000122,1.83231520652771,1.9131734371185303,1.5810946226119995,1.5927034616470337,1.962520956993103,1.9166224002838135,1.652375340461731,1.8914505243301392,2.1792783737182617,2.0381009578704834,2.030776262283325,2.388206720352173,1.6827527284622192,1.3498414754867554,1.4103426933288574,1.756971001625061,1.6830832958221436,1.4579540491104126,1.734073281288147,2.011385440826416,1.8889665603637695,1.8582885265350342,2.191765069961548,2.3252623081207275,2.244277238845825,2.4458651542663574,2.7279226779937744,1.2369203567504883,0.9028199315071106,1.1818208694458008,1.3859312534332275,1.138888955116272,1.0881773233413696,1.4672991037368774,1.565187692642212,1.419776439666748,1.5930821895599365,1.8930575847625732,1.8886239528656006,1.9054296016693115,2.20552921295166,2.373443603515625
A3,0.552840530872345,0.37185537815093994,0.0,0.3753180205821991,0.5428274273872375,0.5371295809745789,0.6228942275047302,0.8632853627204895,1.019829511642456,1.0758014917373657,1.1996355056762695,1.4051015377044678,1.5483503341674805,1.6656441688537598,1.8335882425308228,1.4220094680786133,1.2568399906158447,0.900158166885376,1.0493524074554443,1.2512474060058594,1.0113065242767334,0.8357815742492676,1.2072019577026367,1.3204253911972046,1.0957478284835815,1.1972988843917847,1.5432168245315552,1.5517789125442505,1.50346040725708,1.7859537601470947,2.0743179321289062,1.7569944858551025,1.5912576913833618,1.8862236738204956,1.8994654417037964,1.554571509361267,1.6467876434326172,1.9953349828720093,1.8886690139770508,1.6569880247116089,1.9532277584075928,2.1918349266052246,2.0239639282226562,2.0781266689300537,2.436206579208374,1.5695182085037231,1.2043761014938354,1.327706217765808,1.632320761680603,1.4853882789611816,1.2816334962844849,1.606501579284668,1.8296014070510864,1.6693817377090454,1.6941722631454468,2.037092924118042,2.116208076477051,2.042105197906494,2.286781072616577,2.541220188140869,1.0065580606460571,0.6682577729225159,0.9436150789260864,1.0757776498794556,0.7874865531921387,0.7846404910087585,1.1607334613800049,1.2132500410079956,1.0865182876586914,1.3028160333633423,1.569775938987732,1.5534950494766235,1.613868236541748,1.9104125499725342,2.0504655838012695
A4,0.5646458864212036,0.5462561249732971,0.3753180205821991,0.0,0.3757861256599426,0.5567985773086548,0.5090717673301697,0.6025126576423645,0.8648126721382141,0.9870157241821289,1.0043175220489502,1.1819257736206055,1.4045252799987793,1.5081508159637451,1.6086666584014893,1.747959017753601,1.5898627042770386,1.2290619611740112,1.3072010278701782,1.4941424131393433,1.2426984310150146,0.9988894462585449,1.3263520002365112,1.4287532567977905,1.1340067386627197,1.1764702796936035,1.5451829433441162,1.5175228118896484,1.3852477073669434,1.6811846494674683,2.3982226848602295,2.0728843212127686,1.8944754600524902,2.157562732696533,2.1524205207824707,1.7887167930603027,1.8543779850006104,2.1848349571228027,2.045351982116699,1.775730848312378,2.068405866622925,2.295053243637085,2.073596954345703,2.1043124198913574,2.4756009578704834,1.9332642555236816,1.5591065883636475,1.675049901008606,1.9650492668151855,1.7876667976379395,1.5580037832260132,1.882180094718933,2.092047691345215,1.8808109760284424,1.886478304862976,2.2514476776123047,2.303889274597168,2.1771013736724854,2.4346656799316406,2.700608730316162,1.3002930879592896,1.0022555589675903,1.2648409605026245,1.3254748582839966,0.9757226705551147,0.9918913841247559,1.3551639318466187,1.3225008249282837,1.1236965656280518,1.3859959840774536,1.64867103099823,1.5441592931747437,1.5857561826705933,1.924889326095581,2.0287137031555176
A5,0.6982998251914978,0.5295149683952332,0.5428274273872375,0.3757861256599426,0.0,0.3787393271923065,0.5328561663627625,0.5042256712913513,0.6271686553955078,0.8572527170181274,0.9526252746582031,1.0226478576660156,1.225186824798584,1.4155441522598267,1.5074608325958252,1.6685078144073486,1.4944497346878052,1.1529053449630737,1.149348258972168,1.2799898386001587,1.0333207845687866,0.7447042465209961,1.0207208395004272,1.1090725660324097,0.7996504306793213,0.8076408505439758,1.1767030954360962,1.1576539278030396,1.0209379196166992,1.3096407651901245,2.286745309829712,1.9796991348266602,1.7561787366867065,1.972292184829712,1.983030915260315,1.6155977249145508,1.618926763534546,1.942293643951416,1.8195148706436157,1.5121592283248901,1.7713559865951538,2.017204999923706,1.794019341468811,1.7820103168487549,2.156405210494995,2.017237901687622,1.6362791061401367,1.668310284614563,1.9720165729522705,1.8340187072753906,1.5444834232330322,1.8197863101959229,2.0740339756011963,1.8662184476852417,1.7955982685089111,2.164623975753784,2.260998010635376,2.0980794429779053,2.3133695125579834,2.6148993968963623,1.5443181991577148,1.1892324686050415,1.3999207019805908,1.5256450176239014,1.1964795589447021,1.0906628370285034,1.4617350101470947,1.4929673671722412,1.2348192930221558,1.415656328201294,1.7369368076324463,1.6524207592010498,1.6060209274291992,1.9473609924316406,2.103546380996704
A6,0.9345407485961914,0.6432919502258301,0.5371295809745789,0.5567985773086548,0.3787393271923065,0.0,0.3814454674720764,0.556784987449646,0.5332774519920349,0.6208902597427368,0.8439379334449768,0.9744512438774109,1.0635699033737183,1.250543475151062,1.4314169883728027,1.5649044513702393,1.3116921186447144,1.0129045248031616,1.0908681154251099,1.1386072635650635,0.8130564093589783,0.6537442207336426,0.9770169854164124,0.9599071145057678,0.6497467756271362,0.8373459577560425,1.147323489189148,1.06847083568573,1.0468343496322632,1.3713173866271973,1.9988622665405273,1.6669740676879883,1.4764965772628784,1.6900951862335205,1.656091332435608,1.2830935716629028,1.3382223844528198,1.647357702255249,1.49471116065979,1.2203088998794556,1.524117350578308,1.739724040031433,1.5285207033157349,1.578074336051941,1.942847728729248,1.7724474668502808,1.3769630193710327,1.380213737487793,1.654427170753479,1.503005862236023,1.1912789344787598,1.46127450466156,1.7075742483139038,1.493064045906067,1.417672038078308,1.7877932786941528,1.8835965394973755,1.727329134941101,1.9441477060317993,2.24080491065979,1.4163039922714233,1.0305622816085815,1.1495461463928223,1.289801836013794,0.9907660484313965,0.7880297899246216,1.1444953680038452,1.230371356010437,0.9665495753288269,1.0832772254943848,1.428648829460144,1.399827003479004,1.3318402767181396,1.645208716392517,1.8414067029953003
A7,1.043500542640686,0.868935763835907,0.6228942275047302,0.5090717673301697,0.5328561663627625,0.3814454674720764,0.0,0.38469526171684265,0.5432716608047485,0.5078244805335999,0.5803804397583008,0.8307685852050781,0.9683740735054016,1.0472126007080078,1.2206449508666992,1.8790937662124634,1.6198962926864624,1.317800760269165,1.4429067373275757,1.506992220878601,1.1671843528747559,1.0329201221466064,1.3548156023025513,1.3152107000350952,0.9774919748306274,1.158064365386963,1.4648940563201904,1.322479009628296,1.2527128458023071,1.6084496974945068,2.2579455375671387,1.8968698978424072,1.7612512111663818,1.9841774702072144,1.8981314897537231,1.5267223119735718,1.638510823249817,1.9149107933044434,1.7047901153564453,1.4606317281723022,1.7952951192855835,1.9559177160263062,1.70180344581604,1.7941021919250488,2.15366268157959,1.8992918729782104,1.4959304332733154,1.566749930381775,1.794866681098938,1.5696370601654053,1.2954025268554688,1.6055514812469482,1.7798625230789185,1.510299801826477,1.4981788396835327,1.875005841255188,1.8938803672790527,1.7248979806900024,1.9956045150756836,2.259706974029541,1.4016859531402588,1.0694409608840942,1.1852926015853882,1.2084972858428955,0.8531776666641235,0.7344686985015869,1.0517786741256714,1.0182623863220215,0.719931423664093,0.9379699230194092,1.23109769821167,1.1204026937484741,1.0988404750823975,1.4436640739440918,1.577604055404663
A8,1.1176600456237793,1.002121090888977,0.8632853627204895,0.6025126576423645,0.5042256712913513,0.556784987449646,0.38469526171684265,0.0,0.3783741295337677,0.5535236597061157,0.48229527473449707,0.5809900164604187,0.8457998037338257,0.9677796363830566,1.0268629789352417,2.099260091781616,1.8660656213760376,1.5535709857940674,1.5960012674331665,1.6561541557312012,1.3442773818969727,1.1359771490097046,1.385920524597168,1.3539700508117676,0.9804826974868774,1.0653865337371826,1.3732929229736328,1.211890697479248,1.044399619102478,1.3966816663742065,2.531799077987671,2.1872000694274902,2.013035774230957,2.198058605194092,2.126797914505005,1.7516767978668213,1.7991538047790527,2.0605788230895996,1.851571798324585,1.5591893196105957,1.8536932468414307,2.0195577144622803,1.7250909805297852,1.7593251466751099,2.1267852783203125,2.259972095489502,1.8575776815414429,1.9009406566619873,2.14273738861084,1.9341603517532349,1.6352344751358032,1.9157463312149048,2.107543706893921,1.8252620697021484,1.763332486152649,2.1445226669311523,2.1719839572906494,1.953369379043579,2.201371908187866,2.488696336746216,1.7487634420394897,1.4187394380569458,1.5621169805526733,1.5891977548599243,1.2251851558685303,1.1155680418014526,1.4197280406951904,1.3601292371749878,1.0281733274459839,1.2263036966323853,1.5180326700210571,1.3450491428375244,1.2638057470321655,1.6333730220794678,1.7496086359024048
A9,1.3207365274429321,1.1036783456802368,1.019829511642456,0.8648126721382141,0.6271686553955078,0.5332774519920349,0.5432716608047485,0.3783741295337677,0.0,0.3763357996940613,0.5209689140319824,0.4734764099121094,0.604797899723053,0.8531991243362427,0.9630919694900513,2.032649278640747,1.7644554376602173,1.5008331537246704,1.5164375305175781,1.4909688234329224,1.1689307689666748,1.010582685470581,1.2005460262298584,1.0840104818344116,0.7055084705352783,0.8553439378738403,1.0951073169708252,0.874338686466217,0.7684876918792725,1.1435377597808838,2.3421995639801025,2.0100715160369873,1.8225913047790527,1.9550886154174805,1.8714230060577393,1.5035676956176758,1.5179369449615479,1.746903896331787,1.5315632820129395,1.223172664642334,1.5036970376968384,1.6589008569717407,1.3560447692871094,1.3828011751174927,1.7490493059158325,2.2465012073516846,1.8459160327911377,1.8159103393554688,2.04473876953125,1.86665678024292,1.5234404802322388,1.7466578483581543,1.9626294374465942,1.685115933418274,1.5513553619384766,1.927013635635376,1.9901645183563232,1.7396397590637207,1.9439561367034912,2.259472370147705,1.8956031799316406,1.5271633863449097,1.6051934957504272,1.6834278106689453,1.360463261604309,1.1443653106689453,1.425777792930603,1.4434027671813965,1.0864523649215698,1.1654359102249146,1.506674885749817,1.388677716255188,1.2128418684005737,1.5562808513641357,1.7419400215148926
A10,1.4944509267807007,1.2564550638198853,1.0758014917373657,0.9870157241821289,0.8572527170181274,0.6208902597427368,0.5078244805335999,0.5535236597061157,0.3763357996940613,0.0,0.3858548104763031,0.5409530997276306,0.5004393458366394,0.641718864440918,0.8850539326667786,2.093858003616333,1.7784336805343628,1.5470054149627686,1.644039511680603,1.5892882347106934,1.2232067584991455,1.1685131788253784,1.4037343263626099,1.2311872243881226,0.8873206973075867,1.1439820528030396,1.3447160720825195,1.0866323709487915,1.0772780179977417,1.4531222581863403,2.2437362670898438,1.8821221590042114,1.75949227809906,1.8986979722976685,1.7502806186676025,1.3903659582138062,1.4901149272918701,1.6848081350326538,1.4124689102172852,1.1736152172088623,1.5106669664382935,1.600030779838562,1.296170949935913,1.4225668907165527,1.763500690460205,2.1042349338531494,1.703177809715271,1.6868690252304077,1.8594748973846436,1.6361150741577148,1.3069961071014404,1.5378124713897705,1.6977161169052124,1.3846873044967651,1.2854628562927246,1.6613337993621826,1.6745188236236572,1.4216363430023193,1.6647303104400635,1.9533907175064087,1.7871415615081787,1.439696192741394,1.443325400352478,1.4735814332962036,1.1763685941696167,0.9319700598716736,1.1418765783309937,1.1477408409118652,0.7756258845329285,0.8114203214645386,1.1458145380020142,1.0396751165390015,0.8449851274490356,1.1825802326202393,1.3812063932418823
A11,1.5564229488372803,1.4091018438339233,1.1996355056762695,1.0043175220489502,0.9526252746582031,0.8439379334449768,0.5803804397583008,0.48229527473449707,0.5209689140319824,0.3858548104763031,0.0,0.383681058883667,0.5388849377632141,0.5137375593185425,0.6454212069511414,2.392282009124756,2.10107159614563,1.8346288204193115,1.9273649454116821,1.9198096990585327,1.5640617609024048,1.4528378248214722,1.694250226020813,1.5624021291732788,1.1949244737625122,1.3753582239151,1.6061842441558838,1.345644235610962,1.2413904666900635,1.6152280569076538,2.6116771697998047,2.2427284717559814,2.1279072761535645,2.281259536743164,2.131368637084961,1.772351861000061,1.8738374710083008,2.066164493560791,1.7847305536270142,1.5461140871047974,1.8695560693740845,1.944739818572998,1.6138056516647339,1.7232331037521362,2.0591812133789062,2.3694498538970947,1.9659011363983154,2.001481056213379,2.1708316802978516,1.9132537841796875,1.6192430257797241,1.8790032863616943,2.0020384788513184,1.6664215326309204,1.6147857904434204,1.9841229915618896,1.9456560611724854,1.6862354278564453,1.9573633670806885,2.2178447246551514,1.914076805114746,1.6074137687683105,1.6550003290176392,1.6140148639678955,1.2767038345336914,1.1340808868408203,1.327238917350769,1.2183830738067627,0.8432976007461548,0.9886898994445801,1.2370290756225586,1.010178565979004,0.8623178005218506,1.236398696899414,1.3356177806854248
A12,1.6864489316940308,1.531583547592163,1.4051015377044678,1.1819257736206055,1.0226478576660156,0.9744512438774109,0.8307685852050781,0.5809900164604187,0.4734764099121094,0.5409530997276306,0.383681058883667,0.0,0.38355082273483276,0.5359364151954651,0.5083742737770081,2.502652406692505,2.2229831218719482,1.9652702808380127,1.9897863864898682,1.9523996114730835,1.624590277671814,1.4821302890777588,1.644854187965393,1.495842456817627,1.1299363374710083,1.2496938705444336,1.432874321937561,1.1436342000961304,0.989351749420166,1.3443589210510254,2.7335681915283203,2.3887779712677,2.233431816101074,2.3397505283355713,2.2085416316986084,1.855381965637207,1.8873019218444824,2.0561461448669434,1.7887626886367798,1.5095106363296509,1.7785382270812988,1.856455683708191,1.4992157220840454,1.5448307991027832,1.877716302871704,2.6265859603881836,2.22257137298584,2.210036039352417,2.397198438644409,2.176335334777832,1.8467745780944824,2.063384771347046,2.222858428955078,1.8979727029800415,1.7760086059570312,2.139800786972046,2.1396961212158203,1.8406416177749634,2.0595571994781494,2.352792739868164,2.2238802909851074,1.8882322311401367,1.9466747045516968,1.9517871141433716,1.6169322729110718,1.4370044469833374,1.64951491355896,1.5828616619110107,1.2016774415969849,1.2850576639175415,1.5610097646713257,1.3515006303787231,1.1337978839874268,1.4832898378372192,1.6097235679626465
A13,1.907161831855774,1.685815453529358,1.5483503341674805,1.4045252799987793,1.225186824798584,1.0635699033737183,0.9683740735054016,0.8457998037338257,0.604797899723053,0.5004393458366394,0.5388849377632141,0.38355082273483276,0.0,0.375224232673645,0.5412187576293945,2.5012078285217285,2.1810996532440186,1.976552128791809,2.023057222366333,1.9178996086120605,1.5751562118530273,1.518778920173645,1.6612125635147095,1.43229341506958,1.1077252626419067,1.315115213394165,1.42121160030365,1.0783973932266235,1.0458815097808838,1.3953031301498413,2.558500051498413,2.2159595489501953,2.0897560119628906,2.154996633529663,1.9800183773040771,1.6519941091537476,1.7014362812042236,1.8124818801879883,1.5097523927688599,1.2716586589813232,1.5470927953720093,1.563031554222107,1.1949591636657715,1.3003673553466797,1.6052136421203613,2.558650016784668,2.165229320526123,2.1098573207855225,2.25342059135437,2.038240671157837,1.697525143623352,1.8631778955459595,2.003249168395996,1.6727421283721924,1.5131678581237793,1.8561325073242188,1.8536628484725952,1.5256216526031494,1.7202098369598389,2.016883611679077,2.2840280532836914,1.9394824504852295,1.9245367050170898,1.941278100013733,1.654250979423523,1.4082539081573486,1.5594232082366943,1.541732907295227,1.1632494926452637,1.1303184032440186,1.414483666419983,1.2616515159606934,0.9595291614532471,1.2584320306777954,1.4473841190338135
A14,2.053184986114502,1.8675998449325562,1.6656441688537598,1.5081508159637451,1.4155441522598267,1.250543475151062,1.0472126007080078,0.9677796363830566,0.8531991243362427,0.641718864440918,0.5137375593185425,0.5359364151954651,0.375224232673645,0.0,0.3776201903820038,2.7265634536743164,2.3962202072143555,2.183762550354004,2.277801752090454,2.195542097091675,1.832399845123291,1.7895952463150024,1.9785267114639282,1.7611041069030762,1.42996346950531,1.6503164768218994,1.7849903106689453,1.4497144222259521,1.4054653644561768,1.7587920427322388,2.7456095218658447,2.380662202835083,2.30133318901062,2.3904688358306885,2.180257558822632,1.8597307205200195,1.9683754444122314,2.0695083141326904,1.736759901046753,1.5511934757232666,1.8541589975357056,1.8305116891860962,1.4697906970977783,1.6269855499267578,1.9057955741882324,2.6355035305023193,2.2447359561920166,2.2349302768707275,2.341693162918091,2.0774898529052734,1.778231143951416,1.9697033166885376,2.0441839694976807,1.6821539402008057,1.5913395881652832,1.9213361740112305,1.8428412675857544,1.520686388015747,1.7659727334976196,2.010425567626953,2.2982306480407715,1.9962667226791382,1.9644525051116943,1.9083949327468872,1.6254448890686035,1.4305840730667114,1.5187608003616333,1.4226411581039429,1.0594416856765747,1.055299997329712,1.2518197298049927,1.0281918048858643,0.7346639037132263,1.0370235443115234,1.1532460451126099
A15,2.1430392265319824,2.0063412189483643,1.8335882425308228,1.6086666584014893,1.5074608325958252,1.4314169883728027,1.2206449508666992,1.0268629789352417,0.9630919694900513,0.8850539326667786,0.6454212069511414,0.5083742737770081,0.5412187576293945,0.3776201903820038,0.0,2.95930552482605,2.654306650161743,2.415261745452881,2.4698169231414795,2.410072088241577,2.0656583309173584,1.9650421142578125,2.1267998218536377,1.9381178617477417,1.5906360149383545,1.7360059022903442,1.8744159936904907,1.5441137552261353,1.4184563159942627,1.7452945709228516,3.0674872398376465,2.7101292610168457,2.60119366645813,2.6859989166259766,2.500187397003174,2.171795606613159,2.2396926879882812,2.3482632637023926,2.0330049991607666,1.8108716011047363,2.0782523155212402,2.0708656311035156,1.6924415826797485,1.7875471115112305,2.065778970718384,2.952697515487671,2.554380178451538,2.553074598312378,2.685884952545166,2.4269025325775146,2.1222002506256104,2.32230281829834,2.414201498031616,2.0553572177886963,1.9558802843093872,2.2887115478515625,2.2183594703674316,1.8892878293991089,2.1179656982421875,2.3675079345703125,2.545633316040039,2.2447903156280518,2.259887218475342,2.2004261016845703,1.8856924772262573,1.7269182205200195,1.8508659601211548,1.723427653312683,1.3589922189712524,1.4113408327102661,1.5945988893508911,1.3258662223815918,1.0772035121917725,1.3763346672058105,1.432909607887268
B1,1.5059552192687988,1.240282416343689,1.4220094680786133,1.747959017753601,1.6685078144073486,1.5649044513702393,1.8790937662124634,2.099260091781616,2.032649278640747,2.093858003616333,2.392282009124756,2.502652406692505,2.5012078285217285,2.7265634536743164,2.95930552482605,0.0,0.4041665196418762,0.562957763671875,0.587495744228363,0.7194700241088867,0.9550305604934692,1.0697648525238037,1.150542140007019,1.3453627824783325,1.5251308679580688,1.59586501121521,1.7171159982681274,1.9315036535263062,2.083336114883423,2.1796340942382812,1.224329948425293,1.1890299320220947,0.9458188414573669,1.2158766984939575,1.4851030111312866,1.3726223707199097,1.3349710702896118,1.6746673583984375,1.8441791534423828,1.74055016040802,1.8403009176254272,2.153162717819214,2.2336080074310303,2.2312474250793457,2.475539445877075,1.2165042161941528,1.1504018306732178,1.014938473701477,1.3450286388397217,1.5541183948516846,1.4533849954605103,1.5128501653671265,1.8417853116989136,1.9595670700073242,1.8997336626052856,2.0641727447509766,2.331448793411255,2.3950328826904297,2.4612932205200195,2.7051069736480713,1.5324338674545288,1.3129745721817017,1.3756874799728394,1.7477973699569702,1.7728509902954102,1.6344246864318848,1.8649097681045532,2.1574959754943848,2.1424665451049805,2.1360037326812744,2.4147706031799316,2.5960025787353516,2.593768835067749,2.765110731124878,3.023150682449341
B2,1.4815047979354858,1.1468818187713623,1.2568399906158447,1.5898627042770386,1.4944497346878052,1.3116921186447144,1.6198962926864624,1.8660656213760376,1.7644554376602173,1.7784336805343628,2.10107159614563,2.2229831218719482,2.1810996532440186,2.3962202072143555,2.654306650161743,0.4041665196418762,0.0,0.3755231499671936,0.5559478402137756,0.5378402471542358,0.6525542140007019,0.8789435625076294,1.0153478384017944,1.1093430519104004,1.2704296112060547,1.4283074140548706,1.5407569408416748,1.6903438568115234,1.8775008916854858,2.019425392150879,0.985560953617096,0.8534051775932312,0.5988140106201172,0.9167754650115967,1.1296759843826294,0.9848708510398865,1.0002166032791138,1.3461682796478271,1.4755690097808838,1.3917959928512573,1.5354784727096558,1.8202953338623047,1.8908624649047852,1.932004451751709,2.1787269115448,1.0410419702529907,0.8928772211074829,0.6859310269355774,1.0291703939437866,1.21751868724823,1.0722333192825317,1.1249221563339233,1.4684362411499023,1.5695455074310303,1.4962190389633179,1.6711342334747314,1.9371848106384277,1.9913500547409058,2.0616965293884277,2.309333324432373,1.4041533470153809,1.1282342672348022,1.113771677017212,1.4925577640533447,1.5180619955062866,1.3197686672210693,1.52876877784729,1.8458341360092163,1.818336844444275,1.771465539932251,2.0570285320281982,2.255460262298584,2.232997179031372,2.387146234512329,2.6605422496795654
B3,1.109425663948059,0.7734391093254089,0.900158166885376,1.2290619611740112,1.1529053449630737,1.0129045248031616,1.317800760269165,1.5535709857940674,1.5008331537246704,1.5470054149627686,1.8346288204193115,1.9652702808380127,1.976552128791809,2.183762550354004,2.415261745452881,0.562957763671875,0.3755231499671936,0.0,0.3778579533100128,0.5497864484786987,0.5446291565895081,0.62977534532547,0.8720474243164062,1.0237855911254883,1.0874137878417969,1.216380000114441,1.4122724533081055,1.5519490242004395,1.674450397491455,1.8468149900436401,1.3238470554351807,1.117389440536499,0.8721252083778381,1.187665581703186,1.3424851894378662,1.10230553150177,1.1251540184020996,1.5020872354507446,1.5623195171356201,1.4054737091064453,1.598326563835144,1.8941752910614014,1.8891046047210693,1.918211579322815,2.212423801422119,1.1444809436798096,0.8961946368217468,0.8107197880744934,1.1855840682983398,1.2664622068405151,1.0823030471801758,1.243993878364563,1.5729988813400269,1.591428279876709,1.5386101007461548,1.7831579446792603,2.0031697750091553,2.0135245323181152,2.137848138809204,2.400857448577881,1.2127861976623535,0.8905531764030457,0.9810837507247925,1.3366237878799438,1.284256935119629,1.1201186180114746,1.4010568857192993,1.6652984619140625,1.608242392539978,1.629379391670227,1.927787184715271,2.07167387008667,2.066215753555298,2.2688424587249756,2.51310133934021
B4,1.1172184944152832,0.7968683838844299,1.0493524074554443,1.3072010278701782,1.149348258972168,1.0908681154251099,1.4429067373275757,1.5960012674331665,1.5164375305175781,1.644039511680603,1.9273649454116821,1.9897863864898682,2.023057222366333,2.277801752090454,2.4698169231414795,0.587495744228363,0.5559478402137756,0.3778579533100128,0.0,0.3845036029815674,0.5639846920967102,0.5174116492271423,0.6140288710594177,0.8747010827064514,1.0015535354614258,1.0230896472930908,1.193169355392456,1.4128282070159912,1.5193204879760742,1.6249817609786987,1.4859133958816528,1.3397650718688965,1.023141622543335,1.2571345567703247,1.4707592725753784,1.2390227317810059,1.1427239179611206,1.5218510627746582,1.6290782690048218,1.4190609455108643,1.540585994720459,1.8817170858383179,1.8818005323410034,1.837263584136963,2.131150484085083,1.499890923500061,1.271486520767212,1.1475658416748047,1.513964056968689,1.6150838136672974,1.3917477130889893,1.5136457681655884,1.8700963258743286,1.876940369606018,1.764056921005249,2.01415753364563,2.2626116275787354,2.2320544719696045,2.3240864276885986,2.6190407276153564,1.5454524755477905,1.2176779508590698,1.3448652029037476,1.6870204210281372,1.5869807004928589,1.4102195501327515,1.7188678979873657,1.9658035039901733,1.85500967502594,1.8779296875,2.2073543071746826,2.319511651992798,2.2735471725463867,2.501749277114868,2.755922794342041
B5,1.4216071367263794,1.0558879375457764,1.2512474060058594,1.4941424131393433,1.2799898386001587,1.1386072635650635,1.506992220878601,1.6561541557312012,1.4909688234329224,1.5892882347106934,1.9198096990585327,1.9523996114730835,1.9178996086120605,2.195542097091675,2.410072088241577,0.7194700241088867,0.5378402471542358,0.5497864484786987,0.3845036029815674,0.0,0.3836953938007355,0.5409604907035828,0.5112859010696411,0.6310614943504333,0.8704206943511963,0.967136025428772,1.0268762111663818,1.2280919551849365,1.4221056699752808,1.5145641565322876,1.2533314228057861,1.1226425170898438,0.7671217918395996,0.9253205060958862,1.1510956287384033,0.943871796131134,0.7832852005958557,1.1530314683914185,1.2971101999282837,1.106485366821289,1.1874489784240723,1.5314170122146606,1.5752978324890137,1.5321837663650513,1.797411322593689,1.5397087335586548,1.3123632669448853,1.0888081789016724,1.4153908491134644,1.5456563234329224,1.2812780141830444,1.32160484790802,1.7007957696914673,1.7213222980499268,1.5453252792358398,1.770197868347168,2.0556700229644775,2.0115184783935547,2.0540266036987305,2.36318302154541,1.7426584959030151,1.3917104005813599,1.4247641563415527,1.7742449045181274,1.6932120323181152,1.4390064477920532,1.706177830696106,1.9923436641693115,1.8590830564498901,1.806321144104004,2.151963472366333,2.2938106060028076,2.196063756942749,2.393589496612549,2.685065746307373
B6,1.3057011365890503,0.9083603620529175,1.0113065242767334,1.2426984310150146,1.0333207845687866,0.8130564093589783,1.1671843528747559,1.3442773818969727,1.1689307689666748,1.2232067584991455,1.5640617609024048,1.624590277671814,1.5751562118530273,1.832399845123291,2.0656583309173584,0.9550305604934692,0.6525542140007019,0.5446291565895081,0.5639846920967102,0.3836953938007355,0.0,0.3799263834953308,0.5540305972099304,0.5253099203109741,0.624190092086792,0.8480955958366394,0.9686828255653381,1.0562996864318848,1.2477550506591797,1.4291126728057861,1.305985689163208,1.0640966892242432,0.7654170393943787,0.9582252502441406,1.056604027748108,0.7505349516868591,0.6918202638626099,1.07169771194458,1.1009304523468018,0.8847799301147461,1.0804213285446167,1.3830559253692627,1.3575854301452637,1.3740947246551514,1.675603985786438,1.4593939781188965,1.1552668809890747,0.9615620970726013,1.2747324705123901,1.3194857835769653,1.0051864385604858,1.103832483291626,1.4667885303497314,1.421338677406311,1.252041220664978,1.5286452770233154,1.7746775150299072,1.70088791847229,1.787627100944519,2.1008894443511963,1.5639629364013672,1.1801656484603882,1.1868268251419067,1.5029951333999634,1.389394998550415,1.1009987592697144,1.3738123178482056,1.6467829942703247,1.4891645908355713,1.4324519634246826,1.7870981693267822,1.9167075157165527,1.8131457567214966,2.018866539001465,2.306030035018921
B7,1.0169308185577393,0.638903796672821,0.8357815742492676,0.9988894462585449,0.7447042465209961,0.6537442207336426,1.0329201221466064,1.1359771490097046,1.010582685470581,1.1685131788253784,1.4528378248214722,1.4821302890777588,1.518778920173645,1.7895952463150024,1.9650421142578125,1.0697648525238037,0.8789435625076294,0.62977534532547,0.5174116492271423,0.5409604907035828,0.3799263834953308,0.0,0.3860906958580017,0.5437645316123962,0.5125541687011719,0.5901015400886536,0.8322156071662903,0.9671343564987183,1.0496090650558472,1.2277923822402954,1.6683543920516968,1.4335575103759766,1.1335242986679077,1.3216445446014404,1.428655982017517,1.1091805696487427,1.0187736749649048,1.3848798274993896,1.3905409574508667,1.105392575263977,1.2859869003295898,1.6065161228179932,1.5162383317947388,1.4737352132797241,1.8110071420669556,1.6918386220932007,1.3667457103729248,1.2527843713760376,1.5898828506469727,1.5921026468276978,1.2830612659454346,1.4437239170074463,1.7866946458816528,1.6944071054458618,1.5446751117706299,1.8557674884796143,2.0678699016571045,1.9582273960113525,2.076408863067627,2.3990530967712402,1.5951355695724487,1.204647183418274,1.3191392421722412,1.6012706756591797,1.4112898111343384,1.1807732582092285,1.5174248218536377,1.7215656042099,1.525063157081604,1.549892544746399,1.9114437103271484,1.9707608222961426,1.8770314455032349,2.1386237144470215,2.391162633895874
B8,1.2972891330718994,0.9623122811317444,1.2072019577026367,1.3263520002365112,1.0207208395004272,0.9770169854164124,1.3548156023025513,1.385920524597168,1.2005460262298584,1.4037343263626099,1.694250226020813,1.644854187965393,1.6612125635147095,1.9785267114639282,2.1267998218536377,1.150542140007019,1.0153478384017944,0.8720474243164062,0.6140288710594177,0.5112859010696411,0.5540305972099304,0.3860906958580017,0.0,0.38145315647125244,0.5567343235015869,0.48826897144317627,0.5808274149894714,0.8436839580535889,0.9667618274688721,1.0295724868774414,1.718910813331604,1.552638292312622,1.2078503370285034,1.3025072813034058,1.4649574756622314,1.1959648132324219,0.9825829863548279,1.31685209274292,1.3943837881088257,1.089598536491394,1.1525951623916626,1.514323115348816,1.464746117591858,1.337793231010437,1.649320125579834,1.9578025341033936,1.6682498455047607,1.4934333562850952,1.8183881044387817,1.8717089891433716,1.5513288974761963,1.638297200202942,2.004671096801758,1.9367122650146484,1.7270383834838867,2.0084073543548584,2.262301445007324,2.1335840225219727,2.1930904388427734,2.5370450019836426,1.9604028463363647,1.5766106843948364,1.6723321676254272,1.9702781438827515,1.7918931245803833,1.5401169061660767,1.8568390607833862,2.076795816421509,1.8605060577392578,1.8469982147216797,2.221581220626831,2.2841134071350098,2.145397663116455,2.3975698947906494,2.6727678775787354
B9,1.5338897705078125,1.1682779788970947,1.3204253911972046,1.4287532567977905,1.1090725660324097,0.9599071145057678,1.3152107000350952,1.3539700508117676,1.0840104818344116,1.2311872243881226,1.5624021291732788,1.495842456817627,1.43229341506958,1.7611041069030762,1.9381178617477417,1.3453627824783325,1.1093430519104004,1.0237855911254883,0.8747010827064514,0.6310614943504333,0.5253099203109741,0.5437645316123962,0.38145315647125244,0.0,0.3804314136505127,0.5281824469566345,0.47550374269485474,0.603471040725708,0.8546411991119385,0.965042769908905,1.6167271137237549,1.42429518699646,1.1065280437469482,1.1338798999786377,1.2253546714782715,0.9473857879638672,0.7141205668449402,1.0073753595352173,1.045598030090332,0.7200159430503845,0.7932539582252502,1.1423903703689575,1.0847622156143188,0.9783554077148438,1.2950100898742676,1.9732701778411865,1.6678870916366577,1.4518625736236572,1.7255072593688965,1.760567545890808,1.4056296348571777,1.4478648900985718,1.8045156002044678,1.714895486831665,1.4560770988464355,1.7327818870544434,1.9905970096588135,1.8300974369049072,1.863439679145813,2.220019578933716,2.046084403991699,1.6481834650039673,1.6687034368515015,1.9479315280914307,1.7784427404403687,1.4680352210998535,1.7395623922348022,1.9747142791748047,1.7349086999893188,1.655625820159912,2.037553548812866,2.1157398223876953,1.9287186861038208,2.153867244720459,2.4553985595703125
B10,1.3452270030975342,1.0017783641815186,1.0957478284835815,1.1340067386627197,0.7996504306793213,0.6497467756271362,0.9774919748306274,0.9804826974868774,0.7055084705352783,0.8873206973075867,1.1949244737625122,1.1299363374710083,1.1077252626419067,1.42996346950531,1.5906360149383545,1.5251308679580688,1.2704296112060547,1.0874137878417969,1.0015535354614258,0.8704206943511963,0.624190092086792,0.5125541687011719,0.5567343235015869,0.3804314136505127,0.0,0.38582050800323486,0.5378958582878113,0.4937579035758972,0.6363474130630493,0.8820303082466125,1.8428564071655273,1.5840015411376953,1.3109166622161865,1.395139217376709,1.4115204811096191,1.0732512474060059,0.9517157673835754,1.2315346002578735,1.1525508165359497,0.7988426089286804,0.9895943999290466,1.270088791847229,1.0971741676330566,1.0355015993118286,1.3994837999343872,2.0113213062286377,1.6572986841201782,1.5096356868743896,1.7815210819244385,1.735526204109192,1.3675636053085327,1.4896303415298462,1.8083759546279907,1.645822525024414,1.4227619171142578,1.753111481666565,1.947701334953308,1.7506479024887085,1.8492933511734009,2.2018909454345703,1.9219905138015747,1.5169734954833984,1.5663578510284424,1.7903486490249634,1.5623294115066528,1.2682591676712036,1.5645147562026978,1.7404835224151611,1.4601026773452759,1.4278134107589722,1.812801480293274,1.8353271484375,1.650565505027771,1.9173743724822998,2.189328193664551
B11,1.2829738855361938,1.003990888595581,1.1972988843917847,1.1764702796936035,0.8076408505439758,0.8373459577560425,1.158064365386963,1.0653865337371826,0.8553439378738403,1.1439820528030396,1.3753582239151,1.2496938705444336,1.315115213394165,1.6503164768218994,1.7360059022903442,1.59586501121521,1.4283074140548706,1.216380000114441,1.0230896472930908,0.967136025428772,0.8480955958366394,0.5901015400886536,0.48826897144317627,0.5281824469566345,0.38582050800323486,0.0,0.3815734088420868,0.5335893034934998,0.5066229701042175,0.6443715691566467,2.0999724864959717,1.87958824634552,1.569787621498108,1.6488217115402222,1.7260302305221558,1.410599708557129,1.2309526205062866,1.5125679969787598,1.486931324005127,1.1238222122192383,1.224016547203064,1.5358827114105225,1.3708323240280151,1.2172385454177856,1.5702396631240845,2.261003017425537,1.919127345085144,1.7881503105163574,2.0926718711853027,2.066322088241577,1.7132463455200195,1.8433363437652588,2.174528121948242,2.0229008197784424,1.8065049648284912,2.1315762996673584,2.3330469131469727,2.1339023113250732,2.225140333175659,2.582143545150757,2.1069321632385254,1.710782527923584,1.8274387121200562,2.056873083114624,1.8036295175552368,1.5590442419052124,1.888318419456482,2.036088228225708,1.7507883310317993,1.7694602012634277,2.149487257003784,2.135313034057617,1.962538242340088,2.255713939666748,2.5044000148773193
B12,1.651982307434082,1.3543694019317627,1.5432168245315552,1.5451829433441162,1.1767030954360962,1.147323489189148,1.4648940563201904,1.3732929229736328,1.0951073169708252,1.3447160720825195,1.6061842441558838,1.432874321937561,1.42121160030365,1.7849903106689453,1.8744159936904907,1.7171159982681274,1.5407569408416748,1.4122724533081055,1.193169355392456,1.0268762111663818,0.9686828255653381,0.8322156071662903,0.5808274149894714,0.47550374269485474,0.5378958582878113,0.3815734088420868,0.0,0.3817031979560852,0.5340905785560608,0.5076069235801697,2.0716969966888428,1.8951295614242554,1.575164794921875,1.565850019454956,1.652891993522644,1.3879834413528442,1.1313629150390625,1.3457136154174805,1.3635849952697754,1.0051449537277222,0.9902474284172058,1.3120574951171875,1.1886857748031616,0.9578947424888611,1.2766673564910889,2.427564859390259,2.108067750930786,1.9169057607650757,2.194282054901123,2.2051656246185303,1.8395293951034546,1.8968968391418457,2.2383792400360107,2.1089658737182617,1.8362548351287842,2.124392032623291,2.36049747467041,2.146376371383667,2.1747467517852783,2.545499324798584,2.398681879043579,1.9974257946014404,2.0649569034576416,2.3133795261383057,2.0896053314208984,1.8030545711517334,2.095890760421753,2.2772581577301025,1.9872123003005981,1.941452145576477,2.3273978233337402,2.3401565551757812,2.1209335327148438,2.3804047107696533,2.661137819290161
B13,1.7509845495224,1.4484081268310547,1.5517789125442505,1.5175228118896484,1.1576539278030396,1.06847083568573,1.322479009628296,1.211890697479248,0.874338686466217,1.0866323709487915,1.345644235610962,1.1436342000961304,1.0783973932266235,1.4497144222259521,1.5441137552261353,1.9315036535263062,1.6903438568115234,1.5519490242004395,1.4128282070159912,1.2280919551849365,1.0562996864318848,0.9671343564987183,0.8436839580535889,0.603471040725708,0.4937579035758972,0.5335893034934998,0.3817031979560852,0.0,0.37551745772361755,0.5385010242462158,2.136903762817383,1.9133028984069824,1.640694499015808,1.623042345046997,1.6215689182281494,1.334410309791565,1.1382720470428467,1.298933506011963,1.2151862382888794,0.846096932888031,0.9004912972450256,1.1408663988113403,0.9225058555603027,0.7288039922714233,1.0877363681793213,2.464409351348877,2.1183078289031982,1.9379689693450928,2.176053762435913,2.135517120361328,1.7532621622085571,1.8164284229278564,2.1203174591064453,1.9404958486557007,1.6578997373580933,1.9605845212936401,2.15800404548645,1.9000014066696167,1.9415349960327148,2.3135898113250732,2.406548500061035,2.0019524097442627,2.033073902130127,2.236760377883911,1.9979838132858276,1.6912384033203125,1.9514684677124023,2.106551170349121,1.7861632108688354,1.715562105178833,2.0952560901641846,2.086742877960205,1.8304678201675415,2.0853371620178223,2.3651390075683594
