,A1,A2,A3,A4,A5,A6,A7,A8,A9,A10,A11,A12,A13,A14,A15,B1,B2,B3,B4,B5,B6,B7,B8,B9,B10,B11,B12,B13,B14,B15,C1,C2,C3,C4,C5,C6,C7,C8,C9,C10,C11,C12,C13,C14,C15,D1,D2,D3,D4,D5,D6,D7,D8,D9,D10,D11,D12,D13,D14,D15,E1,E2,E3,E4,E5,E6,E7,E8,E9,E10,E11,E12,E13,E14,E15
A1,0.0,0.38724321126937866,0.5655065774917603,0.5322083234786987,0.6286959052085876,0.8785777688026428,1.0041558742523193,1.0437886714935303,1.22502863407135,1.4360997676849365,1.5224583148956299,1.6230331659317017,1.8408479690551758,1.990789771080017,2.070967674255371,1.1851704120635986,1.4377644062042236,1.2314107418060303,1.082071304321289,1.4533056020736694,1.602077603340149,1.3921257257461548,1.4935503005981445,1.8511109352111816,1.8709890842437744,1.7949237823486328,2.0626187324523926,2.306013584136963,2.2399508953094482,2.292570114135742,1.684197187423706,1.8054568767547607,1.5073107481002808,1.5277255773544312,1.9122599363327026,1.9225702285766602,1.6988701820373535,1.9371206760406494,2.2374355792999268,2.1454858779907227,2.1341733932495117,2.468884229660034,2.61515474319458,2.5042662620544434,2.649995803833008,1.5375090837478638,1.5708527565002441,1.3353837728500366,1.5380430221557617,1.8566981554031372,1.8108607530593872,1.7314260005950928,2.0312952995300293,2.2415034770965576,2.18533992767334,2.2938287258148193,2.583888530731201,2.6824960708618164,2.669435977935791,2.8668313026428223,1.1185420751571655,1.0437214374542236,0.9726707339286804,1.2856389284133911,1.4704866409301758,1.4348877668380737,1.5310665369033813,1.8082973957061768,1.923561692237854,1.9682276248931885,2.1637942790985107,2.372068405151367,2.4629900455474854,2.559746026992798,2.7619643211364746
A2,0.38724321126937866,0.0,0.3871176540851593,0.5421428084373474,0.49517032504081726,0.614761471748352,0.8538969159126282,0.956217885017395,1.0302982330322266,1.2278183698654175,1.4015190601348877,1.489429235458374,1.6395049095153809,1.827998161315918,1.9598262310028076,0.8863425254821777,1.1351643800735474,0.9550259113311768,0.7326648235321045,1.0864293575286865,1.2680697441101074,1.0758872032165527,1.1328774690628052,1.491426706314087,1.5510101318359375,1.4765021800994873,1.7144778966903687,1.974581241607666,1.9440168142318726,1.9849542379379272,1.5955239534378052,1.723261833190918,1.406619906425476,1.347907304763794,1.7315491437911987,1.7512481212615967,1.4754629135131836,1.676463007926941,1.9989265203475952,1.8956960439682007,1.8347190618515015,2.1744000911712646,2.336379051208496,2.197402000427246,2.317905902862549,1.674086332321167,1.6830472946166992,1.3777393102645874,1.5502901077270508,1.8842920064926147,1.7958027124404907,1.6494619846343994,1.9692949056625366,2.1860928535461426,2.069058656692505,2.158090353012085,2.4808590412139893,2.555659770965576,2.4946835041046143,2.7072079181671143,1.3353716135025024,1.1829850673675537,1.0210992097854614,1.36673903465271,1.548913836479187,1.4215638637542725,1.4893174171447754,1.820029377937317,1.9049584865570068,1.8805439472198486,2.104966402053833,2.3400442600250244,2.3764402866363525,2.451310634613037,2.6958107948303223
A3,0.5655065774917603,0.3871176540851593,0.0,0.3798419237136841,0.5444276332855225,0.5201172828674316,0.6080852746963501,0.8395581245422363,0.9773884415626526,1.06094229221344,1.2262004613876343,1.4057772159576416,1.5342000722885132,1.6525572538375854,1.8222994804382324,0.9082818031311035,1.0317641496658325,0.7410674095153809,0.6240527033805847,1.0105082988739014,1.0788764953613281,0.8556417226791382,1.0367072820663452,1.3612449169158936,1.3495784997940063,1.3361587524414062,1.6211525201797485,1.817607045173645,1.7785707712173462,1.8893994092941284,1.3648152351379395,1.4236029386520386,1.076904058456421,1.0746678113937378,1.4453672170639038,1.4155572652816772,1.1557666063308716,1.4111462831497192,1.6983041763305664,1.5839875936508179,1.579895257949829,1.9208191633224487,2.0519351959228516,1.9468077421188354,2.1081361770629883,1.3719812631607056,1.3501613140106201,1.017398476600647,1.1906496286392212,1.5149915218353271,1.4136003255844116,1.2639665603637695,1.59023916721344,1.7992362976074219,1.6874521970748901,1.7854853868484497,2.1006662845611572,2.177338123321533,2.1331725120544434,2.3456249237060547,1.1339805126190186,0.9940252304077148,0.7324082851409912,1.0496708154678345,1.2734259366989136,1.1392741203308105,1.1422452926635742,1.4837533235549927,1.603484869003296,1.5562896728515625,1.7515754699707031,2.009890079498291,2.0623550415039062,2.1083946228027344,2.3427233695983887
A4,0.5322083234786987,0.5421428084373474,0.3798419237136841,0.0,0.38743239641189575,0.5449437499046326,0.5041655898094177,0.590977132320404,0.8480405211448669,0.977468729019165,1.0316811800003052,1.2031402587890625,1.4134854078292847,1.5054936408996582,1.6074714660644531,1.2771189212799072,1.404828429222107,1.095586895942688,0.9568251967430115,1.3268874883651733,1.3695855140686035,1.0742032527923584,1.2375530004501343,1.5802867412567139,1.5056346654891968,1.4286538362503052,1.75093412399292,1.9414018392562866,1.8266105651855469,1.9244945049285889,1.6618114709854126,1.6738892793655396,1.3161424398422241,1.3908261060714722,1.7425540685653687,1.6560156345367432,1.4127334356307983,1.7130054235458374,1.9606196880340576,1.8009779453277588,1.834688663482666,2.1892123222351074,2.269556760787964,2.1497623920440674,2.352459669113159,1.3674148321151733,1.2792398929595947,1.0010885000228882,1.2743030786514282,1.5397666692733765,1.4095159769058228,1.356521725654602,1.6994132995605469,1.8475698232650757,1.7622036933898926,1.9273284673690796,2.2090823650360107,2.2572381496429443,2.2686758041381836,2.505307674407959,0.8493583798408508,0.6524355411529541,0.49887150526046753,0.8638376593589783,1.0102763175964355,0.9154833555221558,1.0270997285842896,1.3199447393417358,1.4058873653411865,1.4410532712936401,1.6566046476364136,1.8571397066116333,1.9327781200408936,2.0411953926086426,2.2517409324645996
A5,0.6286959052085876,0.49517032504081726,0.5444276332855225,0.38743239641189575,0.0,0.368652880191803,0.5488746762275696,0.49127838015556335,0.597992479801178,0.8520719408988953,0.9601672291755676,1.0162534713745117,1.2184964418411255,1.4020042419433594,1.4893090724945068,1.2711482048034668,1.4360177516937256,1.183691143989563,0.9249477982521057,1.2472641468048096,1.3555504083633423,1.0473798513412476,1.0858879089355469,1.461285948753357,1.4295216798782349,1.2710798978805542,1.5587812662124634,1.8054524660110474,1.6846849918365479,1.711275577545166,1.9081878662109375,1.9490513801574707,1.5855019092559814,1.585376262664795,1.9399628639221191,1.8667458295822144,1.566300630569458,1.8234741687774658,2.0962166786193848,1.907935380935669,1.8754862546920776,2.2444818019866943,2.3324058055877686,2.1524240970611572,2.3288984298706055,1.751446008682251,1.651141881942749,1.3564718961715698,1.6191586256027222,1.8841460943222046,1.7157692909240723,1.6318124532699585,1.9933687448501587,2.12915301322937,1.9897313117980957,2.1567747592926025,2.461538076400757,2.4713895320892334,2.448108434677124,2.711865186691284,1.169458270072937,0.8946906924247742,0.8097684383392334,1.1894716024398804,1.2535706758499146,1.0833083391189575,1.2539093494415283,1.5615824460983276,1.5637620687484741,1.5762169361114502,1.851691722869873,2.0303101539611816,2.0417065620422363,2.179142713546753,2.4288747310638428
A6,0.8785777688026428,0.614761471748352,0.5201172828674316,0.5449437499046326,0.368652880191803,0.0,0.3818824887275696,0.5204679369926453,0.487694650888443,0.6189729571342468,0.8508959412574768,0.9562151432037354,1.0483486652374268,1.2323052883148193,1.4070944786071777,1.1234228610992432,1.206266164779663,0.9432988166809082,0.6711232662200928,0.9520089030265808,1.0183355808258057,0.6904670000076294,0.7382748126983643,1.1033501625061035,1.0629416704177856,0.928988516330719,1.2251942157745361,1.4555277824401855,1.3639315366744995,1.4226771593093872,1.7728722095489502,1.7880358695983887,1.4161614179611206,1.3761119842529297,1.7026698589324951,1.6131261587142944,1.279874324798584,1.5210615396499634,1.7866214513778687,1.578389048576355,1.525675654411316,1.898612141609192,1.9812623262405396,1.7879431247711182,1.9635916948318481,1.7627313137054443,1.6442315578460693,1.300904393196106,1.523341417312622,1.7847908735275269,1.581828236579895,1.4408955574035645,1.8101285696029663,1.9434775114059448,1.7528622150421143,1.9043632745742798,2.2289724349975586,2.2174062728881836,2.157778263092041,2.4330480098724365,1.3311896324157715,1.0470199584960938,0.8444663286209106,1.1993366479873657,1.2834527492523193,1.032197117805481,1.1294410228729248,1.482192039489746,1.4752756357192993,1.4016215801239014,1.68613862991333,1.901460886001587,1.8677620887756348,1.9648371934890747,2.248246908187866
A7,1.0041558742523193,0.8538969159126282,0.6080852746963501,0.5041655898094177,0.5488746762275696,0.3818824887275696,0.0,0.3816828429698944,0.5507885813713074,0.5120099782943726,0.628883957862854,0.8694410920143127,0.9937587380409241,1.0556261539459229,1.2321479320526123,1.3629029989242554,1.3774999380111694,1.0408295392990112,0.8897314667701721,1.1748322248458862,1.1240712404251099,0.7596403956413269,0.9388492703437805,1.2403414249420166,1.0837863683700562,0.995751678943634,1.3517646789550781,1.4950147867202759,1.34748375415802,1.4811608791351318,1.7541794776916504,1.6926783323287964,1.3076092004776,1.3623398542404175,1.655527114868164,1.494154453277588,1.203839659690857,1.5152101516723633,1.7162638902664185,1.4795001745224,1.5157102346420288,1.8848671913146973,1.9078710079193115,1.7513169050216675,1.9894835948944092,1.5337826013565063,1.3521344661712646,1.0265010595321655,1.295405626296997,1.5005189180374146,1.2643296718597412,1.1836471557617188,1.5626356601715088,1.6471387147903442,1.4788092374801636,1.6820327043533325,1.974334716796875,1.9488756656646729,1.9434722661972046,2.228957414627075,1.0794554948806763,0.783994197845459,0.5434080958366394,0.8643185496330261,0.924930989742279,0.6578688025474548,0.7572938203811646,1.1016674041748047,1.1034770011901855,1.0513545274734497,1.3262393474578857,1.5337564945220947,1.532421350479126,1.639290452003479,1.8990520238876343
A8,1.0437886714935303,0.956217885017395,0.8395581245422363,0.590977132320404,0.49127838015556335,0.5204679369926453,0.3816828429698944,0.0,0.38232868909835815,0.5296585559844971,0.49094319343566895,0.6146932244300842,0.8646056652069092,0.9648761749267578,1.0306987762451172,1.6229432821273804,1.693407416343689,1.383857250213623,1.1725012063980103,1.448225975036621,1.446446418762207,1.0742172002792358,1.1536952257156372,1.4788081645965576,1.3278589248657227,1.1419451236724854,1.4830657243728638,1.658828616142273,1.4489555358886719,1.5120688676834106,2.1030402183532715,2.054241895675659,1.6709786653518677,1.7321689128875732,2.0352582931518555,1.8733949661254883,1.5832850933074951,1.8869296312332153,2.087678909301758,1.8325378894805908,1.8545587062835693,2.2284529209136963,2.2343404293060303,2.0445871353149414,2.2836923599243164,1.7640016078948975,1.560182809829712,1.2901676893234253,1.6041749715805054,1.781423807144165,1.5391217470169067,1.5197234153747559,1.896216869354248,1.9444876909255981,1.790675401687622,2.026991128921509,2.2985453605651855,2.2473087310791016,2.2679190635681152,2.569098949432373,1.0814965963363647,0.7137539386749268,0.6747851371765137,1.004246711730957,0.9375525116920471,0.6991861462593079,0.957208514213562,1.2232270240783691,1.1401923894882202,1.1794352531433105,1.4906280040740967,1.6159582138061523,1.6059058904647827,1.7922074794769287,2.0386598110198975
A9,1.22502863407135,1.0302982330322266,0.9773884415626526,0.8480405211448669,0.597992479801178,0.487694650888443,0.5507885813713074,0.38232868909835815,0.0,0.3778839111328125,0.5311601161956787,0.49037742614746094,0.6244566440582275,0.8630140423774719,0.9771712422370911,1.5794858932495117,1.641513705253601,1.3856582641601562,1.1081382036209106,1.3013907670974731,1.3309245109558105,0.9705768823623657,0.9281943440437317,1.2497113943099976,1.1360958814620972,0.8731120228767395,1.1744400262832642,1.395178198814392,1.1922497749328613,1.189388632774353,2.225539445877075,2.197338104248047,1.8153294324874878,1.8036949634552002,2.0951874256134033,1.9493873119354248,1.612933874130249,1.8628225326538086,2.0786991119384766,1.804167628288269,1.7582600116729736,2.1345911026000977,2.1484534740448,1.9036891460418701,2.1114819049835205,2.070286273956299,1.8774864673614502,1.5710071325302124,1.8453739881515503,2.0381879806518555,1.77473783493042,1.695501446723938,2.077051877975464,2.130038261413574,1.9168400764465332,2.131178617477417,2.4294142723083496,2.3475074768066406,2.3158857822418213,2.63466215133667,1.45978581905365,1.095930814743042,1.014167308807373,1.3409011363983154,1.278878927230835,0.9834235310554504,1.1968121528625488,1.4902597665786743,1.3597172498703003,1.320448637008667,1.6655858755111694,1.7982970476150513,1.7084904909133911,1.8840649127960205,2.1774981021881104
A10,1.4360997676849365,1.2278183698654175,1.06094229221344,0.977468729019165,0.8520719408988953,0.6189729571342468,0.5120099782943726,0.5296585559844971,0.3778839111328125,0.0,0.3738029897212982,0.5284728407859802,0.5031133890151978,0.6223970651626587,0.8613380789756775,1.6352277994155884,1.607643485069275,1.3220256567001343,1.1159788370132446,1.265748381614685,1.190184473991394,0.8179411888122559,0.855435311794281,1.096012830734253,0.8824667930603027,0.6665726900100708,1.0230824947357178,1.1515021324157715,0.92099529504776,1.020039677619934,2.139629602432251,2.055323839187622,1.6762950420379639,1.683267593383789,1.9230713844299316,1.7282631397247314,1.4024488925933838,1.6655000448226929,1.8276877403259277,1.519074559211731,1.509192705154419,1.878325343132019,1.8442071676254272,1.607261061668396,1.8558154106140137,1.9883209466934204,1.7596144676208496,1.445578694343567,1.698267936706543,1.8480185270309448,1.5466747283935547,1.46054208278656,1.8366904258728027,1.8523060083389282,1.6084331274032593,1.8381781578063965,2.1262946128845215,2.0117783546447754,1.9809646606445312,2.3153305053710938,1.4927752017974854,1.1439225673675537,0.9876699447631836,1.2448227405548096,1.1802161931991577,0.8276825547218323,0.9717095494270325,1.27043879032135,1.1228129863739014,1.0071208477020264,1.3589065074920654,1.5102999210357666,1.3856338262557983,1.533434510231018,1.8465908765792847
A11,1.5224583148956299,1.4015190601348877,1.2262004613876343,1.0316811800003052,0.9601672291755676,0.8508959412574768,0.628883957862854,0.49094319343566895,0.5311601161956787,0.3738029897212982,0.0,0.37535110116004944,0.5354097485542297,0.4906989634037018,0.6047345399856567,1.9309788942337036,1.918792963027954,1.6010658740997314,1.42348313331604,1.6163005828857422,1.5268182754516602,1.1484999656677246,1.226449728012085,1.4600330591201782,1.2117688655853271,1.0113614797592163,1.3603951930999756,1.447355031967163,1.1573312282562256,1.2585703134536743,2.3323798179626465,2.216916084289551,1.8363927602767944,1.910905361175537,2.14754056930542,1.9193974733352661,1.6366690397262573,1.9409178495407104,2.0688793659210205,1.7531262636184692,1.8024013042449951,2.162545680999756,2.0888614654541016,1.8784918785095215,2.1610782146453857,1.9664950370788574,1.6912442445755005,1.4384645223617554,1.742909550666809,1.8373154401779175,1.5240987539291382,1.5305416584014893,1.8994685411453247,1.861351490020752,1.663549780845642,1.9462600946426392,2.188608169555664,2.059380292892456,2.0962212085723877,2.434889793395996,1.3401906490325928,0.9732913970947266,0.9234731197357178,1.1295368671417236,0.956166684627533,0.6256129741668701,0.8858783841133118,1.0939691066741943,0.8790228366851807,0.8749890923500061,1.236479640007019,1.3067766427993774,1.2132344245910645,1.4401581287384033,1.7098361253738403
A12,1.6230331659317017,1.489429235458374,1.4057772159576416,1.2031402587890625,1.0162534713745117,0.9562151432037354,0.8694410920143127,0.6146932244300842,0.49037742614746094,0.5284728407859802,0.37535110116004944,0.0,0.37988513708114624,0.5360057353973389,0.5098974108695984,2.057739734649658,2.087029218673706,1.8095545768737793,1.5665709972381592,1.7315242290496826,1.7022868394851685,1.333823800086975,1.305069088935852,1.5545629262924194,1.3582568168640137,1.0708057880401611,1.3608815670013428,1.5044409036636353,1.1966052055358887,1.1834166049957275,2.6098201274871826,2.5287654399871826,2.144775629043579,2.180422067642212,2.4356749057769775,2.233119487762451,1.9216463565826416,2.1936187744140625,2.3485300540924072,2.0293173789978027,2.0251874923706055,2.3892548084259033,2.329305410385132,2.0739190578460693,2.3248300552368164,2.2921760082244873,2.0328409671783447,1.7790114879608154,2.0867526531219482,2.2022130489349365,1.8963000774383545,1.8889952898025513,2.262364149093628,2.2333462238311768,2.0223922729492188,2.294240951538086,2.5477635860443115,2.4067718982696533,2.422288179397583,2.768657684326172,1.5823500156402588,1.1963226795196533,1.2106564044952393,1.457306981086731,1.2652052640914917,0.9725154638290405,1.2581838369369507,1.4527337551116943,1.2087880373001099,1.2232741117477417,1.5908148288726807,1.6235431432724,1.4937423467636108,1.748321533203125,2.0244367122650146
A13,1.8408479690551758,1.6395049095153809,1.5342000722885132,1.4134854078292847,1.2184964418411255,1.0483486652374268,0.9937587380409241,0.8646056652069092,0.6244566440582275,0.5031133890151978,0.5354097485542297,0.37988513708114624,0.0,0.38770535588264465,0.5579161643981934,2.0567007064819336,2.0341057777404785,1.7856409549713135,1.5481053590774536,1.630656361579895,1.5698996782302856,1.233302116394043,1.1593962907791138,1.333735704421997,1.121610403060913,0.8122366666793823,1.0630512237548828,1.1728516817092896,0.8437093496322632,0.8187242150306702,2.6323184967041016,2.5401360988616943,2.1655943393707275,2.1614861488342285,2.378159523010254,2.168804168701172,1.8418980836868286,2.072833776473999,2.2056915760040283,1.865557312965393,1.8298791646957397,2.1781539916992188,2.0980377197265625,1.8093901872634888,2.051405191421509,2.450645923614502,2.1905314922332764,1.906118392944336,2.171719551086426,2.282215118408203,1.954203486442566,1.8989241123199463,2.2637088298797607,2.225612163543701,1.9623847007751465,2.215536117553711,2.4792022705078125,2.303784132003784,2.2774336338043213,2.637120485305786,1.8595842123031616,1.4840244054794312,1.4180179834365845,1.6478981971740723,1.4884260892868042,1.1479671001434326,1.3499820232391357,1.5688425302505493,1.3128503561019897,1.22239351272583,1.5957465171813965,1.652862310409546,1.4455211162567139,1.659281849861145,1.9781049489974976
A14,1.990789771080017,1.827998161315918,1.6525572538375854,1.5054936408996582,1.4020042419433594,1.2323052883148193,1.0556261539459229,0.9648761749267578,0.8630140423774719,0.6223970651626587,0.4906989634037018,0.5360057353973389,0.38770535588264465,0.0,0.37705162167549133,2.244734525680542,2.180481433868408,1.8911921977996826,1.7192435264587402,1.82034170627594,1.6881922483444214,1.3472139835357666,1.3698745965957642,1.5006368160247803,1.2083818912506104,0.9887101054191589,1.2726380825042725,1.2744776010513306,0.9118794798851013,1.010241150856018,2.652869701385498,2.506756067276001,2.1404061317443848,2.191560983657837,2.3716976642608643,2.113478899002075,1.831255316734314,2.096094846725464,2.1690664291381836,1.8117245435714722,1.8484296798706055,2.1791374683380127,2.0413691997528076,1.7929259538650513,2.087167501449585,2.3503260612487793,2.048564910888672,1.802948236465454,2.073137044906616,2.1193978786468506,1.7691173553466797,1.766150712966919,2.110579013824463,2.01312255859375,1.7644997835159302,2.0566186904907227,2.2767789363861084,2.0713388919830322,2.093907117843628,2.4608850479125977,1.789643406867981,1.4363296031951904,1.3759405612945557,1.5224215984344482,1.3173434734344482,0.9856733083724976,1.1708136796951294,1.3191924095153809,1.0162204504013062,0.9283984899520874,1.294068694114685,1.3044925928115845,1.0775943994522095,1.323974370956421,1.6260377168655396
A15,2.070967674255371,1.9598262310028076,1.8222994804382324,1.6074714660644531,1.4893090724945068,1.4070944786071777,1.2321479320526123,1.0306987762451172,0.9771712422370911,0.8613380789756775,0.6047345399856567,0.5098974108695984,0.5579161643981934,0.37705162167549133,0.0,2.4890687465667725,2.4670767784118652,2.169647693634033,1.975295066833496,2.112384796142578,2.014392852783203,1.6563292741775513,1.664432406425476,1.8356974124908447,1.5667136907577515,1.3170204162597656,1.5876580476760864,1.623582124710083,1.2544891834259033,1.2844852209091187,2.9165117740631104,2.777211904525757,2.4040844440460205,2.4794583320617676,2.6837215423583984,2.427370071411133,2.1530683040618896,2.436275005340576,2.5199060440063477,2.169013023376465,2.2137300968170166,2.550076961517334,2.414459705352783,2.169973850250244,2.4617860317230225,2.4912564754486084,2.1769425868988037,1.9726555347442627,2.280891180038452,2.313974380493164,1.9743982553482056,2.0236804485321045,2.368638515472412,2.256652355194092,2.0480732917785645,2.3613944053649902,2.5607028007507324,2.359849452972412,2.4196219444274902,2.7825510501861572,1.7979589700698853,1.437208890914917,1.4775549173355103,1.619631290435791,1.345638632774353,1.077391505241394,1.347755789756775,1.4312641620635986,1.0927610397338867,1.128732442855835,1.47777259349823,1.4071482419967651,1.221661925315857,1.5365910530090332,1.7853318452835083
B1,1.1851704120635986,0.8863425254821777,0.9082818031311035,1.2771189212799072,1.2711482048034668,1.1234228610992432,1.3629029989242554,1.6229432821273804,1.5794858932495117,1.6352277994155884,1.9309788942337036,2.057739734649658,2.0567007064819336,2.244734525680542,2.4890687465667725,0.0,0.3877135217189789,0.5657113790512085,0.5286152958869934,0.6223181486129761,0.8760831952095032,0.9939519762992859,1.0355627536773682,1.221064805984497,1.431531548500061,1.5194616317749023,1.6245999336242676,1.8476479053497314,1.9890681505203247,2.0657501220703125,1.180281162261963,1.4106776714324951,1.2141623497009277,0.9319537878036499,1.252573847770691,1.4271348714828491,1.171217918395996,1.16169273853302,1.542457938194275,1.5708274841308594,1.4071893692016602,1.65528404712677,1.9341565370559692,1.8441728353500366,1.8382796049118042,1.9230682849884033,2.0123069286346436,1.665711760520935,1.645272970199585,2.0136895179748535,1.9710835218429565,1.6787234544754028,1.9117969274520874,2.2089383602142334,2.044849395751953,1.9858664274215698,2.3438050746917725,2.461221933364868,2.2832553386688232,2.426518201828003,2.0071475505828857,1.9009863138198853,1.6070533990859985,1.8688161373138428,2.1327850818634033,1.9540213346481323,1.864952564239502,2.2345988750457764,2.363941192626953,2.208173990249634,2.3789119720458984,2.697014570236206,2.6899704933166504,2.6451144218444824,2.919463634490967
B2,1.4377644062042236,1.1351643800735474,1.0317641496658325,1.404828429222107,1.4360177516937256,1.206266164779663,1.3774999380111694,1.693407416343689,1.641513705253601,1.607643485069275,1.918792963027954,2.087029218673706,2.0341057777404785,2.180481433868408,2.4670767784118652,0.3877135217189789,0.0,0.385727196931839,0.5393583178520203,0.49393928050994873,0.6109002232551575,0.8434062004089355,0.9524311423301697,1.0309641361236572,1.2262191772460938,1.4016227722167969,1.494858980178833,1.649661898612976,1.830165982246399,1.9597691297531128,1.0282704830169678,1.2020788192749023,1.025902509689331,0.6835482120513916,0.9392922520637512,1.1184406280517578,0.8653082847595215,0.7881606817245483,1.1712725162506104,1.2266353368759155,1.0545910596847534,1.2774505615234375,1.5697927474975586,1.5122359991073608,1.4992800951004028,1.8845940828323364,1.9525164365768433,1.5947296619415283,1.52194344997406,1.8640210628509521,1.8087290525436401,1.4749119281768799,1.6795750856399536,1.9748308658599854,1.783816933631897,1.6859867572784424,2.049527406692505,2.1619977951049805,1.9512792825698853,2.0832016468048096,2.0816118717193604,1.9743934869766235,1.634358286857605,1.848190188407898,2.120051383972168,1.9189032316207886,1.7673022747039795,2.135620594024658,2.2729077339172363,2.066581964492798,2.208307981491089,2.5487277507781982,2.524829387664795,2.432420253753662,2.710974931716919
B3,1.2314107418060303,0.9550259113311768,0.7410674095153809,1.095586895942688,1.183691143989563,0.9432988166809082,1.0408295392990112,1.383857250213623,1.3856582641601562,1.3220256567001343,1.6010658740997314,1.8095545768737793,1.7856409549713135,1.8911921977996826,2.169647693634033,0.5657113790512085,0.385727196931839,0.0,0.3805866241455078,0.5501421093940735,0.5272570848464966,0.6050176024436951,0.844158411026001,0.9877440929412842,1.0678390264511108,1.2364037036895752,1.4211610555648804,1.5516345500946045,1.662844181060791,1.8300608396530151,0.9609078764915466,1.0425528287887573,0.7662782669067383,0.5217346549034119,0.8514993786811829,0.9200478792190552,0.6277720928192139,0.7325072884559631,1.082236647605896,1.0639020204544067,0.986392617225647,1.2749844789505005,1.492393136024475,1.4376500844955444,1.521891474723816,1.5722734928131104,1.598943829536438,1.2297353744506836,1.1969434022903442,1.532645344734192,1.4514583349227905,1.1376140117645264,1.387515902519226,1.6622787714004517,1.4808168411254883,1.4386630058288574,1.8002067804336548,1.9015344381332397,1.7410695552825928,1.906675100326538,1.7290016412734985,1.6196359395980835,1.265718936920166,1.4677296876907349,1.7389678955078125,1.5445706844329834,1.385513424873352,1.752764344215393,1.8987189531326294,1.7085014581680298,1.8480174541473389,2.1838560104370117,2.181626319885254,2.105236053466797,2.3722052574157715
B4,1.082071304321289,0.7326648235321045,0.6240527033805847,0.9568251967430115,0.9249477982521057,0.6711232662200928,0.8897314667701721,1.1725012063980103,1.1081382036209106,1.1159788370132446,1.42348313331604,1.5665709972381592,1.5481053590774536,1.7192435264587402,1.975295066833496,0.5286152958869934,0.5393583178520203,0.3805866241455078,0.0,0.388637900352478,0.5499065518379211,0.49853307008743286,0.5911381244659424,0.8526487946510315,0.9781039953231812,1.0369287729263306,1.2150095701217651,1.4267659187316895,1.5102615356445312,1.6103403568267822,1.3146640062332153,1.4093087911605835,1.1036994457244873,0.900590181350708,1.2252225875854492,1.2580006122589111,0.9176100492477417,1.0264296531677246,1.371155023574829,1.2768892049789429,1.1421427726745605,1.471258521080017,1.6673663854599,1.5252869129180908,1.6043353080749512,1.779970645904541,1.7679169178009033,1.3907783031463623,1.4489880800247192,1.7760149240493774,1.6469624042510986,1.3743737936019897,1.676337718963623,1.908406376838684,1.7010983228683472,1.7184312343597412,2.0822832584381104,2.135111093521118,1.9830092191696167,2.1938092708587646,1.7199382781982422,1.543331503868103,1.2347546815872192,1.5151324272155762,1.7265384197235107,1.4963586330413818,1.427507758140564,1.8097230195999146,1.8915518522262573,1.7234387397766113,1.9316210746765137,2.2319107055664062,2.196536064147949,2.1785998344421387,2.471526622772217
B5,1.4533056020736694,1.0864293575286865,1.0105082988739014,1.3268874883651733,1.2472641468048096,0.9520089030265808,1.1748322248458862,1.448225975036621,1.3013907670974731,1.265748381614685,1.6163005828857422,1.7315242290496826,1.630656361579895,1.82034170627594,2.112384796142578,0.6223181486129761,0.49393928050994873,0.5501421093940735,0.388637900352478,0.0,0.372048944234848,0.5438370704650879,0.48894256353378296,0.5999521017074585,0.8518651127815247,0.9608716368675232,1.0236350297927856,1.2313218116760254,1.4056453704833984,1.4907978773117065,1.4565324783325195,1.5518808364868164,1.293540358543396,1.0134974718093872,1.251365303993225,1.3096861839294434,0.9565879106521606,0.9316166043281555,1.279297113418579,1.1957560777664185,0.9573698043823242,1.2563761472702026,1.4890598058700562,1.3135021924972534,1.31892728805542,2.0928685665130615,2.075366497039795,1.692300796508789,1.7083804607391357,2.0151007175445557,1.8697937726974487,1.5577181577682495,1.831839919090271,2.0562472343444824,1.800801396369934,1.7764182090759277,2.151190757751465,2.178802490234375,1.965528130531311,2.1735451221466064,2.085249662399292,1.8906373977661133,1.574562907218933,1.8364267349243164,2.0306146144866943,1.7640655040740967,1.6724698543548584,2.055792808532715,2.1103358268737793,1.8882501125335693,2.098358392715454,2.406947612762451,2.320840358734131,2.2707736492156982,2.590263843536377
B6,1.602077603340149,1.2680697441101074,1.0788764953613281,1.3695855140686035,1.3555504083633423,1.0183355808258057,1.1240712404251099,1.446446418762207,1.3309245109558105,1.190184473991394,1.5268182754516602,1.7022868394851685,1.5698996782302856,1.6881922483444214,2.014392852783203,0.8760831952095032,0.6109002232551575,0.5272570848464966,0.5499065518379211,0.372048944234848,0.0,0.38254961371421814,0.526558518409729,0.49427300691604614,0.6229418516159058,0.8583323359489441,0.9672825336456299,1.0618433952331543,1.2406487464904785,1.413971185684204,1.372433066368103,1.3795757293701172,1.1169404983520508,0.8696831464767456,1.0361701250076294,1.021786093711853,0.6537972092628479,0.6486873626708984,0.9529147148132324,0.827997088432312,0.6119344234466553,0.9465548396110535,1.1427586078643799,0.9914029836654663,1.0581024885177612,1.9627538919448853,1.9113969802856445,1.5303634405136108,1.5212715864181519,1.7854113578796387,1.6164089441299438,1.2870323657989502,1.5485358238220215,1.7482293844223022,1.4675530195236206,1.4376128911972046,1.811811089515686,1.8210601806640625,1.5983301401138306,1.8179426193237305,2.032438039779663,1.8460689783096313,1.4981129169464111,1.7019602060317993,1.8960850238800049,1.6196407079696655,1.4681479930877686,1.8394042253494263,1.9027745723724365,1.6395689249038696,1.8187072277069092,2.1433660984039307,2.0501515865325928,1.9596590995788574,2.2781715393066406
B7,1.3921257257461548,1.0758872032165527,0.8556417226791382,1.0742032527923584,1.0473798513412476,0.6904670000076294,0.7596403956413269,1.0742172002792358,0.9705768823623657,0.8179411888122559,1.1484999656677246,1.333823800086975,1.233302116394043,1.3472139835357666,1.6563292741775513,0.9939519762992859,0.8434062004089355,0.6050176024436951,0.49853307008743286,0.5438370704650879,0.38254961371421814,0.0,0.38582727313041687,0.5578935146331787,0.5179381370544434,0.6423453688621521,0.8860800266265869,1.0102615356445312,1.067693829536438,1.2419936656951904,1.5007617473602295,1.4704395532608032,1.136549949645996,0.9981690645217896,1.2235509157180786,1.1246411800384521,0.7430490255355835,0.9094770550727844,1.161123275756836,0.9456263184547424,0.8387146592140198,1.212015986442566,1.3137151002883911,1.1299729347229004,1.290419340133667,1.823199987411499,1.7179687023162842,1.3346482515335083,1.4154006242752075,1.6619881391525269,1.4465904235839844,1.1762378215789795,1.502990961074829,1.656175971031189,1.382259488105774,1.448261022567749,1.8088620901107788,1.7860380411148071,1.6316062211990356,1.8984659910202026,1.7363476753234863,1.511069893836975,1.183589220046997,1.4152988195419312,1.566027283668518,1.2705637216567993,1.1707699298858643,1.5496807098388672,1.5793592929840088,1.3466060161590576,1.5725133419036865,1.8691602945327759,1.7799246311187744,1.7483047246932983,2.0694029331207275
B8,1.4935503005981445,1.1328774690628052,1.0367072820663452,1.2375530004501343,1.0858879089355469,0.7382748126983643,0.9388492703437805,1.1536952257156372,0.9281943440437317,0.855435311794281,1.226449728012085,1.305069088935852,1.1593962907791138,1.3698745965957642,1.664432406425476,1.0355627536773682,0.9524311423301697,0.844158411026001,0.5911381244659424,0.48894256353378296,0.526558518409729,0.38582727313041687,0.0,0.3852030038833618,0.5301136374473572,0.4943532645702362,0.6267706155776978,0.878816545009613,0.970233142375946,1.0340627431869507,1.7945740222930908,1.8117831945419312,1.4927083253860474,1.3055078983306885,1.5317833423614502,1.4738959074020386,1.088805079460144,1.1666911840438843,1.434711217880249,1.2209545373916626,1.0174561738967896,1.3694461584091187,1.4890180826187134,1.2270761728286743,1.3182765245437622,2.173675298690796,2.0704188346862793,1.6885459423065186,1.7894483804702759,2.0428454875946045,1.819286823272705,1.560210943222046,1.8866666555404663,2.029771566390991,1.7387131452560425,1.8043044805526733,2.165343761444092,2.1155178546905518,1.9370501041412354,2.213418483734131,1.9841148853302002,1.7171049118041992,1.4390578269958496,1.7173670530319214,1.8232629299163818,1.5054161548614502,1.4774634838104248,1.8508490324020386,1.8229244947433472,1.6003975868225098,1.8702101707458496,2.1332905292510986,1.9982242584228516,2.0014591217041016,2.3448781967163086
B9,1.8511109352111816,1.491426706314087,1.3612449169158936,1.5802867412567139,1.461285948753357,1.1033501625061035,1.2403414249420166,1.4788081645965576,1.2497113943099976,1.096012830734253,1.4600330591201782,1.5545629262924194,1.333735704421997,1.5006368160247803,1.8356974124908447,1.221064805984497,1.0309641361236572,0.9877440929412842,0.8526487946510315,0.5999521017074585,0.49427300691604614,0.5578935146331787,0.3852030038833618,0.0,0.3797275722026825,0.5294293165206909,0.4930700957775116,0.6358777284622192,0.8667841553688049,0.978281557559967,1.8664731979370117,1.8559268712997437,1.579384446144104,1.3600934743881226,1.4950168132781982,1.4320428371429443,1.0663414001464844,1.0496925115585327,1.2661904096603394,1.0485806465148926,0.7734515070915222,1.0866241455078125,1.2022663354873657,0.90541011095047,0.9528002738952637,2.360257863998413,2.2530858516693115,1.873185396194458,1.921730875968933,2.1456351280212402,1.9147511720657349,1.622828483581543,1.9079854488372803,2.036558151245117,1.7076271772384644,1.7309070825576782,2.0888562202453613,2.0133018493652344,1.7810617685317993,2.0522797107696533,2.2757856845855713,2.0202653408050537,1.7175110578536987,1.9481250047683716,2.057600259780884,1.7273393869400024,1.6428297758102417,2.0012762546539307,1.970088243484497,1.6893850564956665,1.9290194511413574,2.2058181762695312,2.032029390335083,1.9798415899276733,2.3368258476257324
B10,1.8709890842437744,1.5510101318359375,1.3495784997940063,1.5056346654891968,1.4295216798782349,1.0629416704177856,1.0837863683700562,1.3278589248657227,1.1360958814620972,0.8824667930603027,1.2117688655853271,1.3582568168640137,1.121610403060913,1.2083818912506104,1.5667136907577515,1.431531548500061,1.2262191772460938,1.0678390264511108,0.9781039953231812,0.8518651127815247,0.6229418516159058,0.5179381370544434,0.5301136374473572,0.3797275722026825,0.0,0.3724398910999298,0.5325074195861816,0.5108118057250977,0.6259841322898865,0.8620776534080505,1.8972448110580444,1.8136342763900757,1.5117876529693604,1.376016616821289,1.4894033670425415,1.3338592052459717,0.983238697052002,1.0683348178863525,1.2024433612823486,0.8964583873748779,0.739248514175415,1.0815082788467407,1.0823560953140259,0.7857488393783569,0.9802922010421753,2.2119174003601074,2.0522615909576416,1.6886823177337646,1.7648775577545166,1.9349167346954346,1.6623060703277588,1.4064639806747437,1.704842448234558,1.7745860815048218,1.430890679359436,1.5126909017562866,1.8498425483703613,1.7309266328811646,1.53748619556427,1.8490629196166992,2.101567029953003,1.8378585577011108,1.5386884212493896,1.7270584106445312,1.8005387783050537,1.4577202796936035,1.3603119850158691,1.6948742866516113,1.640132188796997,1.3388713598251343,1.581110954284668,1.845882534980774,1.6575063467025757,1.6070847511291504,1.9688564538955688
B11,1.7949237823486328,1.4765021800994873,1.3361587524414062,1.4286538362503052,1.2710798978805542,0.928988516330719,0.995751678943634,1.1419451236724854,0.8731120228767395,0.6665726900100708,1.0113614797592163,1.0708057880401611,0.8122366666793823,0.9887101054191589,1.3170204162597656,1.5194616317749023,1.4016227722167969,1.2364037036895752,1.0369287729263306,0.9608716368675232,0.8583323359489441,0.6423453688621521,0.4943532645702362,0.5294293165206909,0.3724398910999298,0.0,0.3772287368774414,0.5374611616134644,0.49026504158973694,0.6005802154541016,2.1352224349975586,2.0753142833709717,1.7415988445281982,1.6229647397994995,1.793640375137329,1.6430109739303589,1.278584361076355,1.3991128206253052,1.5625163316726685,1.2547893524169922,1.106906771659851,1.448734164237976,1.4435417652130127,1.1245923042297363,1.2986491918563843,2.340193033218384,2.1595349311828613,1.8007886409759521,1.9428492784500122,2.118722438812256,1.828332781791687,1.6215928792953491,1.9561978578567505,2.007265090942383,1.6811290979385376,1.8143914937973022,2.1413731575012207,2.0069491863250732,1.8549439907073975,2.1833367347717285,2.0621719360351562,1.7508586645126343,1.510347604751587,1.7478697299957275,1.7620881795883179,1.4022126197814941,1.4048842191696167,1.7333015203475952,1.6168124675750732,1.3680241107940674,1.6730464696884155,1.884440541267395,1.6786694526672363,1.7124871015548706,2.0777416229248047
B12,2.0626187324523926,1.7144778966903687,1.6211525201797485,1.75093412399292,1.5587812662124634,1.2251942157745361,1.3517646789550781,1.4830657243728638,1.1744400262832642,1.0230824947357178,1.3603951930999756,1.3608815670013428,1.0630512237548828,1.2726380825042725,1.5876580476760864,1.6245999336242676,1.494858980178833,1.4211610555648804,1.2150095701217651,1.0236350297927856,0.9672825336456299,0.8860800266265869,0.6267706155776978,0.4930700957775116,0.5325074195861816,0.3772287368774414,0.0,0.38491979241371155,0.5374093055725098,0.5099709630012512,2.3277747631073,2.2943344116210938,1.9900637865066528,1.8149381875991821,1.9551148414611816,1.8434014320373535,1.4810210466384888,1.5102404356002808,1.673717975616455,1.3938792943954468,1.162741780281067,1.4512391090393066,1.4705243110656738,1.1068572998046875,1.185973882675171,2.6705987453460693,2.509368658065796,2.143101215362549,2.2538530826568604,2.4398880004882812,2.159538745880127,1.9231446981430054,2.233649492263794,2.2962098121643066,1.950736403465271,2.041063070297241,2.3725814819335938,2.2292633056640625,2.0281238555908203,2.342966318130493,2.426804780960083,2.1156156063079834,1.8743720054626465,2.1178743839263916,2.1393074989318848,1.7789384126663208,1.7727317810058594,2.0989153385162354,1.976385474205017,1.710984706878662,2.003526210784912,2.213552236557007,1.977077841758728,1.9880410432815552,2.3625988960266113
B13,2.306013584136963,1.974581241607666,1.817607045173645,1.9414018392562866,1.8054524660110474,1.4555277824401855,1.4950147867202759,1.658828616142273,1.395178198814392,1.1515021324157715,1.447355031967163,1.5044409036636353,1.1728516817092896,1.2744776010513306,1.623582124710083,1.8476479053497314,1.649661898612976,1.5516345500946045,1.4267659187316895,1.2313218116760254,1.0618433952331543,1.0102615356445312,0.878816545009613,0.6358777284622192,0.5108118057250977,0.5374611616134644,0.38491979241371155,0.0,0.38551589846611023,0.559628963470459,2.378660202026367,2.290691375732422,2.0075128078460693,1.85865318775177,1.9301737546920776,1.7725709676742554,1.4500523805618286,1.4707577228546143,1.5462987422943115,1.2360461950302124,1.0429189205169678,1.2853556871414185,1.2200359106063843,0.8411789536476135,0.9744071364402771,2.7013628482818604,2.515883684158325,2.165696382522583,2.251131296157837,2.3871278762817383,2.0896058082580566,1.8572700023651123,2.1348156929016113,2.1540215015411377,1.786754846572876,1.875012993812561,2.1793317794799805,1.9944958686828613,1.7820309400558472,2.1066412925720215,2.530985116958618,2.23406720161438,1.974738597869873,2.1600656509399414,2.1730101108551025,1.8107889890670776,1.7541052103042603,2.047175884246826,1.9186793565750122,1.6082309484481812,1.864943504333496,2.0729501247406006,1.8047033548355103,1.7692707777023315,2.146843433380127
