0.000000000000000000e+00,3.745832443237304688e-01,5.455325245857238770e-01,5.184277892112731934e-01,6.097409725189208984e-01,8.452962040901184082e-01,9.708715677261352539e-01,1.011551499366760254e+00,1.190672993659973145e+00,1.392770051956176758e+00,1.496476054191589355e+00,1.612351655960083008e+00,1.826683163642883301e+00,1.978528380393981934e+00,2.070332288742065430e+00,9.521554708480834961e-01,1.200102210044860840e+00,1.070165038108825684e+00,1.070887446403503418e+00,1.416619896888732910e+00,1.537740468978881836e+00,1.457902908325195312e+00,1.617414474487304688e+00,1.909630656242370605e+00,1.965907931327819824e+00,1.984273195266723633e+00,2.241811275482177734e+00,2.456414699554443359e+00,2.464132070541381836e+00,2.568126201629638672e+00,1.176129460334777832e+00,1.366201877593994141e+00,1.183147788047790527e+00,1.244648218154907227e+00,1.601233959197998047e+00,1.664446234703063965e+00,1.563757658004760742e+00,1.777730941772460938e+00,2.061401844024658203e+00,2.063953876495361328e+00,2.096019506454467773e+00,2.383355140686035156e+00,2.567161560058593750e+00,2.546936988830566406e+00,2.683941841125488281e+00,1.220477342605590820e+00,1.343608856201171875e+00,1.164486289024353027e+00,1.312039971351623535e+00,1.641046166419982910e+00,1.663593053817749023e+00,1.601526975631713867e+00,1.848103642463684082e+00,2.094501256942749023e+00,2.094347238540649414e+00,2.172300338745117188e+00,2.456869840621948242e+00,2.613102436065673828e+00,2.613850831985473633e+00,2.779841184616088867e+00,1.928375720977783203e+00,1.947468280792236328e+00,1.657565832138061523e+00,1.821957230567932129e+00,2.148579597473144531e+00,2.036740779876708984e+00,1.888084173202514648e+00,2.202799797058105469e+00,2.420484781265258789e+00,2.280471563339233398e+00,2.357665777206420898e+00,2.701718330383300781e+00,2.784716129302978516e+00,2.699117183685302734e+00,2.910606145858764648e+00
3.745832443237304688e-01,0.000000000000000000e+00,3.847476243972778320e-01,5.388951897621154785e-01,4.891232252120971680e-01,5.960302352905273438e-01,8.361458778381347656e-01,9.352417588233947754e-01,1.003998160362243652e+00,1.194573283195495605e+00,1.383965134620666504e+00,1.482478380203247070e+00,1.632985830307006836e+00,1.821274638175964355e+00,1.961558222770690918e+00,8.213693499565124512e-01,1.095073103904724121e+00,9.512349367141723633e-01,8.284325003623962402e-01,1.183238506317138672e+00,1.343892216682434082e+00,1.222637295722961426e+00,1.324475407600402832e+00,1.650167465209960938e+00,1.722322463989257812e+00,1.692194342613220215e+00,1.938315153121948242e+00,2.182439327239990234e+00,2.182776689529418945e+00,2.252086162567138672e+00,1.356705904006958008e+00,1.517637491226196289e+00,1.258111476898193359e+00,1.276498317718505859e+00,1.654149413108825684e+00,1.678451418876647949e+00,1.500745773315429688e+00,1.725902557373046875e+00,2.027741193771362305e+00,1.973163843154907227e+00,1.965948462486267090e+00,2.287821769714355469e+00,2.460031747817993164e+00,2.387158632278442383e+00,2.523604869842529297e+00,1.391619205474853516e+00,1.421458005905151367e+00,1.188213586807250977e+00,1.399591922760009766e+00,1.713370203971862793e+00,1.653021812438964844e+00,1.584414839744567871e+00,1.887307286262512207e+00,2.095192432403564453e+00,2.038017511367797852e+00,2.152128219604492188e+00,2.458988428115844727e+00,2.564239740371704102e+00,2.549065589904785156e+00,2.758034944534301758e+00,1.631374955177307129e+00,1.639962077140808105e+00,1.384879827499389648e+00,1.590237379074096680e+00,1.897763013839721680e+00,1.799369096755981445e+00,1.705417990684509277e+00,2.020501375198364258e+00,2.219757318496704102e+00,2.121845245361328125e+00,2.234393596649169922e+00,2.552432775497436523e+00,2.643346548080444336e+00,2.606576919555664062e+00,2.820810556411743164e+00
5.455325245857238770e-01,3.847476243972778320e-01,0.000000000000000000e+00,3.735349476337432861e-01,5.378603339195251465e-01,4.936107397079467773e-01,5.847368240356445312e-01,8.130905032157897949e-01,9.469241499900817871e-01,1.016966819763183594e+00,1.191795468330383301e+00,1.381740689277648926e+00,1.511441111564636230e+00,1.629550457000732422e+00,1.803255438804626465e+00,7.841750383377075195e-01,9.323465228080749512e-01,6.782409548759460449e-01,6.337388753890991211e-01,1.014306187629699707e+00,1.077589988708496094e+00,9.346107244491577148e-01,1.126150608062744141e+00,1.421884298324584961e+00,1.437282085418701172e+00,1.453701138496398926e+00,1.733399271965026855e+00,1.929147839546203613e+00,1.923976302146911621e+00,2.046023607254028320e+00,1.134444594383239746e+00,1.227219462394714355e+00,9.219805598258972168e-01,9.686135053634643555e-01,1.336688876152038574e+00,1.317062139511108398e+00,1.139822840690612793e+00,1.399138331413269043e+00,1.675662636756896973e+00,1.607835531234741211e+00,1.633500099182128906e+00,1.956181406974792480e+00,2.107038259506225586e+00,2.051767110824584961e+00,2.213920593261718750e+00,1.168297529220581055e+00,1.165876269340515137e+00,8.720251321792602539e-01,1.069283366203308105e+00,1.386960148811340332e+00,1.303796291351318359e+00,1.207202076911926270e+00,1.519507765769958496e+00,1.727517485618591309e+00,1.657783389091491699e+00,1.768388032913208008e+00,2.078659057617187500e+00,2.182247400283813477e+00,2.165673255920410156e+00,2.374832391738891602e+00,1.477681517601013184e+00,1.446925282478332520e+00,1.135792613029479980e+00,1.330120682716369629e+00,1.634159803390502930e+00,1.498570919036865234e+00,1.371332645416259766e+00,1.702686190605163574e+00,1.893948078155517578e+00,1.764936447143554688e+00,1.876181364059448242e+00,2.204185247421264648e+00,2.280352354049682617e+00,2.230688810348510742e+00,2.453905344009399414e+00
5.184277892112731934e-01,5.388951897621154785e-01,3.735349476337432861e-01,0.000000000000000000e+00,3.812675774097442627e-01,5.240236520767211914e-01,4.847193062305450439e-01,5.662603378295898438e-01,8.228836059570312500e-01,9.444366097450256348e-01,1.008971810340881348e+00,1.189172863960266113e+00,1.400157451629638672e+00,1.498284220695495605e+00,1.603358745574951172e+00,1.122703433036804199e+00,1.260052084922790527e+00,9.846876859664916992e-01,9.964282512664794922e-01,1.375591039657592773e+00,1.393000602722167969e+00,1.219392895698547363e+00,1.447580218315124512e+00,1.740386366844177246e+00,1.698669075965881348e+00,1.707714915275573730e+00,2.023181676864624023e+00,2.193345785140991211e+00,2.142965078353881836e+00,2.282954931259155273e+00,1.174819111824035645e+00,1.219904899597167969e+00,9.515470862388610840e-01,1.123160243034362793e+00,1.455608606338500977e+00,1.403580427169799805e+00,1.307286739349365234e+00,1.604669809341430664e+00,1.828596234321594238e+00,1.766710638999938965e+00,1.861654996871948242e+00,2.170365810394287109e+00,2.288164377212524414e+00,2.265928983688354492e+00,2.464724779129028320e+00,8.688881993293762207e-01,8.848521709442138672e-01,6.837728619575500488e-01,9.197407364845275879e-01,1.203963041305541992e+00,1.182576417922973633e+00,1.176764845848083496e+00,1.449576973915100098e+00,1.643274068832397461e+00,1.655410766601562500e+00,1.788920760154724121e+00,2.049713611602783203e+00,2.180637121200561523e+00,2.223815202713012695e+00,2.413849115371704102e+00,1.557216644287109375e+00,1.597559094429016113e+00,1.278050184249877930e+00,1.374004483222961426e+00,1.719034314155578613e+00,1.630563974380493164e+00,1.437301993370056152e+00,1.726855993270874023e+00,1.976744532585144043e+00,1.847253441810607910e+00,1.883872866630554199e+00,2.229156494140625000e+00,2.343772888183593750e+00,2.252877235412597656e+00,2.435980081558227539e+00
6.097409725189208984e-01,4.891232252120971680e-01,5.378603339195251465e-01,3.812675774097442627e-01,0.000000000000000000e+00,3.695816695690155029e-01,5.462301373481750488e-01,4.803623557090759277e-01,5.845228433609008789e-01,8.407689929008483887e-01,9.629399776458740234e-01,1.023439764976501465e+00,1.229376792907714844e+00,1.418278813362121582e+00,1.509250998497009277e+00,1.254139661788940430e+00,1.458808302879333496e+00,1.211441159248352051e+00,1.104036808013916016e+00,1.485195398330688477e+00,1.563358545303344727e+00,1.344209194183349609e+00,1.493326544761657715e+00,1.834895968437194824e+00,1.810267210006713867e+00,1.739540457725524902e+00,2.047595739364624023e+00,2.261561632156372070e+00,2.181362628936767578e+00,2.264888763427734375e+00,1.536652565002441406e+00,1.599104404449462891e+00,1.316927194595336914e+00,1.457636594772338867e+00,1.804961919784545898e+00,1.740267276763916016e+00,1.598239064216613770e+00,1.898430705070495605e+00,2.137081384658813477e+00,2.032999515533447266e+00,2.098222970962524414e+00,2.434447765350341797e+00,2.541392326354980469e+00,2.472239017486572266e+00,2.672482252120971680e+00,1.148123025894165039e+00,1.101271748542785645e+00,9.541756510734558105e-01,1.254428148269653320e+00,1.488801836967468262e+00,1.422356843948364258e+00,1.463808417320251465e+00,1.763426542282104492e+00,1.907145142555236816e+00,1.902958512306213379e+00,2.082524299621582031e+00,2.339301109313964844e+00,2.430783748626708984e+00,2.485052585601806641e+00,2.707420587539672852e+00,1.421064138412475586e+00,1.522477746009826660e+00,1.268719077110290527e+00,1.363885402679443359e+00,1.714258909225463867e+00,1.691343188285827637e+00,1.547734737396240234e+00,1.804106235504150391e+00,2.069553375244140625e+00,2.006552219390869141e+00,2.046238422393798828e+00,2.362784624099731445e+00,2.515056371688842773e+00,2.464368820190429688e+00,2.623157501220703125e+00
8.452962040901184082e-01,5.960302352905273438e-01,4.936107397079467773e-01,5.240236520767211914e-01,3.695816695690155029e-01,0.000000000000000000e+00,3.734243512153625488e-01,5.137786269187927246e-01,4.810934662818908691e-01,6.026467680931091309e-01,8.442950844764709473e-01,9.557349085807800293e-01,1.055536627769470215e+00,1.238583087921142578e+00,1.414738297462463379e+00,1.183903336524963379e+00,1.338348746299743652e+00,1.058051705360412598e+00,8.909167647361755371e-01,1.255514144897460938e+00,1.311898469924926758e+00,1.043383359909057617e+00,1.176172733306884766e+00,1.524541020393371582e+00,1.479730129241943359e+00,1.381417155265808105e+00,1.697247743606567383e+00,1.910087585449218750e+00,1.817651748657226562e+00,1.896652102470397949e+00,1.582755565643310547e+00,1.607837915420532227e+00,1.270779252052307129e+00,1.377610206604003906e+00,1.718162894248962402e+00,1.610590815544128418e+00,1.411372780799865723e+00,1.721727728843688965e+00,1.955943226814270020e+00,1.800337553024291992e+00,1.844850778579711914e+00,2.202033996582031250e+00,2.287774324417114258e+00,2.181849956512451172e+00,2.390287876129150391e+00,1.269280314445495605e+00,1.140385508537292480e+00,9.129886031150817871e-01,1.236380577087402344e+00,1.453517794609069824e+00,1.299274444580078125e+00,1.315517544746398926e+00,1.659432172775268555e+00,1.767985820770263672e+00,1.700750350952148438e+00,1.905519366264343262e+00,2.181282520294189453e+00,2.225170135498046875e+00,2.259801387786865234e+00,2.516264200210571289e+00,1.090096592903137207e+00,1.159196853637695312e+00,9.069964289665222168e-01,1.040012478828430176e+00,1.373146533966064453e+00,1.346330165863037109e+00,1.243585348129272461e+00,1.508108973503112793e+00,1.749108791351318359e+00,1.712915301322937012e+00,1.788457989692687988e+00,2.082446813583374023e+00,2.231228828430175781e+00,2.221263170242309570e+00,2.389291048049926758e+00
9.708715677261352539e-01,8.361458778381347656e-01,5.847368240356445312e-01,4.847193062305450439e-01,5.462301373481750488e-01,3.734243512153625488e-01,0.000000000000000000e+00,3.768021166324615479e-01,5.444190502166748047e-01,4.938463866710662842e-01,6.126344799995422363e-01,8.567078709602355957e-01,9.885569214820861816e-01,1.057237267494201660e+00,1.228865385055541992e+00,1.329215168952941895e+00,1.399419546127319336e+00,1.057714581489562988e+00,1.002632141113281250e+00,1.357622027397155762e+00,1.311394929885864258e+00,1.032639026641845703e+00,1.265198707580566406e+00,1.561523318290710449e+00,1.437770843505859375e+00,1.394924640655517578e+00,1.749169588088989258e+00,1.893985390663146973e+00,1.778974056243896484e+00,1.924069285392761230e+00,1.452485084533691406e+00,1.397591114044189453e+00,1.058419227600097656e+00,1.246496677398681641e+00,1.540993094444274902e+00,1.378839731216430664e+00,1.233854055404663086e+00,1.583312749862670898e+00,1.759091854095458984e+00,1.599686026573181152e+00,1.715092778205871582e+00,2.054791450500488281e+00,2.104169368743896484e+00,2.039284229278564453e+00,2.286078691482543945e+00,9.801707863807678223e-01,8.002314567565917969e-01,5.621249079704284668e-01,9.115839600563049316e-01,1.090507984161376953e+00,9.331703782081604004e-01,9.897343516349792480e-01,1.320319771766662598e+00,1.412413001060485840e+00,1.382476091384887695e+00,1.600443482398986816e+00,1.848002552986145020e+00,1.906582236289978027e+00,1.975878000259399414e+00,2.218885421752929688e+00,1.120506525039672852e+00,1.182363629341125488e+00,8.646488785743713379e-01,9.002085924148559570e-01,1.257048845291137695e+00,1.215184688568115234e+00,1.021630406379699707e+00,1.277856707572937012e+00,1.551150321960449219e+00,1.476500034332275391e+00,1.500200033187866211e+00,1.820332288742065430e+00,1.976204395294189453e+00,1.924794912338256836e+00,2.079166173934936523e+00
1.011551499366760254e+00,9.352417588233947754e-01,8.130905032157897949e-01,5.662603378295898438e-01,4.803623557090759277e-01,5.137786269187927246e-01,3.768021166324615479e-01,0.000000000000000000e+00,3.836898207664489746e-01,5.335833430290222168e-01,5.076557397842407227e-01,6.266420483589172363e-01,8.815485239028930664e-01,9.958810210227966309e-01,1.058886408805847168e+00,1.592953205108642578e+00,1.713999509811401367e+00,1.393264293670654297e+00,1.327920198440551758e+00,1.697192072868347168e+00,1.680250644683837891e+00,1.401775360107421875e+00,1.606360435485839844e+00,1.921736121177673340e+00,1.799187421798706055e+00,1.723013758659362793e+00,2.077979564666748047e+00,2.234135627746582031e+00,2.089006900787353516e+00,2.210124492645263672e+00,1.665054559707641602e+00,1.618022203445434570e+00,1.322908997535705566e+00,1.551477432250976562e+00,1.842724561691284180e+00,1.688550710678100586e+00,1.585260272026062012e+00,1.936317801475524902e+00,2.099794149398803711e+00,1.950855255126953125e+00,2.086044788360595703e+00,2.419273138046264648e+00,2.458206176757812500e+00,2.401547670364379883e+00,2.658187627792358398e+00,9.512096643447875977e-01,7.701515555381774902e-01,7.119198441505432129e-01,1.075045466423034668e+00,1.196941733360290527e+00,1.103343129158020020e+00,1.251502156257629395e+00,1.534090518951416016e+00,1.599789381027221680e+00,1.639399766921997070e+00,1.875084757804870605e+00,2.076769590377807617e+00,2.147550344467163086e+00,2.263490438461303711e+00,2.493666172027587891e+00,1.251940131187438965e+00,1.406805753707885742e+00,1.144632458686828613e+00,1.104480266571044922e+00,1.475901842117309570e+00,1.506630420684814453e+00,1.303272604942321777e+00,1.491905570030212402e+00,1.809245347976684570e+00,1.766015768051147461e+00,1.731019258499145508e+00,2.041945934295654297e+00,2.240683555603027344e+00,2.172783851623535156e+00,2.279930353164672852e+00
1.190672993659973145e+00,1.003998160362243652e+00,9.469241499900817871e-01,8.228836059570312500e-01,5.845228433609008789e-01,4.810934662818908691e-01,5.444190502166748047e-01,3.836898207664489746e-01,0.000000000000000000e+00,3.886680006980895996e-01,5.536190867424011230e-01,5.057859420776367188e-01,6.517961025238037109e-01,8.969401717185974121e-01,1.008714437484741211e+00,1.664427280426025391e+00,1.811406254768371582e+00,1.509752511978149414e+00,1.349182963371276855e+00,1.695905566215515137e+00,1.719197392463684082e+00,1.403724908828735352e+00,1.527604937553405762e+00,1.871891379356384277e+00,1.762615203857421875e+00,1.608170509338378906e+00,1.947365283966064453e+00,2.138583898544311523e+00,1.966525554656982422e+00,2.029149055480957031e+00,1.952545762062072754e+00,1.924044966697692871e+00,1.597112536430358887e+00,1.773123621940612793e+00,2.081649541854858398e+00,1.918334960937500000e+00,1.752954483032226562e+00,2.096935749053955078e+00,2.278872013092041016e+00,2.083867311477661133e+00,2.175272703170776367e+00,2.534470081329345703e+00,2.563224554061889648e+00,2.450801849365234375e+00,2.702827930450439453e+00,1.331461548805236816e+00,1.118489027023315430e+00,1.027117490768432617e+00,1.401091217994689941e+00,1.509474039077758789e+00,1.345360398292541504e+00,1.483261585235595703e+00,1.802807927131652832e+00,1.827494502067565918e+00,1.810311555862426758e+00,2.078729391098022461e+00,2.294122934341430664e+00,2.309850454330444336e+00,2.412160396575927734e+00,2.681539535522460938e+00,9.823201894760131836e-01,1.193130850791931152e+00,1.018398165702819824e+00,9.929456114768981934e-01,1.343590259552001953e+00,1.436775803565979004e+00,1.314911723136901855e+00,1.472275137901306152e+00,1.776486635208129883e+00,1.807622075080871582e+00,1.804883837699890137e+00,2.069494009017944336e+00,2.290388107299804688e+00,2.283130884170532227e+00,2.379929780960083008e+00
1.392770051956176758e+00,1.194573283195495605e+00,1.016966819763183594e+00,9.444366097450256348e-01,8.407689929008483887e-01,6.026467680931091309e-01,4.938463866710662842e-01,5.335833430290222168e-01,3.886680006980895996e-01,0.000000000000000000e+00,3.755302131175994873e-01,5.262859463691711426e-01,5.162028670310974121e-01,6.420717239379882812e-01,8.734292387962341309e-01,1.704437375068664551e+00,1.774621248245239258e+00,1.437330842018127441e+00,1.300287485122680664e+00,1.610037326812744141e+00,1.561012983322143555e+00,1.215074658393859863e+00,1.371198415756225586e+00,1.675826549530029297e+00,1.501221418380737305e+00,1.353444337844848633e+00,1.717249989509582520e+00,1.859250664710998535e+00,1.657204389572143555e+00,1.758036732673645020e+00,1.931250929832458496e+00,1.843469500541687012e+00,1.494344472885131836e+00,1.674707412719726562e+00,1.942379236221313477e+00,1.724530935287475586e+00,1.550739169120788574e+00,1.908185124397277832e+00,2.047494411468505859e+00,1.810599446296691895e+00,1.922929525375366211e+00,2.280461311340332031e+00,2.267455577850341797e+00,2.147822141647338867e+00,2.426624298095703125e+00,1.326860666275024414e+00,1.044079184532165527e+00,9.087774753570556641e-01,1.275371789932250977e+00,1.334382772445678711e+00,1.094897150993347168e+00,1.239044070243835449e+00,1.570259690284729004e+00,1.544071435928344727e+00,1.491867184638977051e+00,1.789730906486511230e+00,1.996498942375183105e+00,1.973223328590393066e+00,2.080214262008666992e+00,2.369172334671020508e+00,7.375143766403198242e-01,9.227368235588073730e-01,7.212441563606262207e-01,6.192737221717834473e-01,9.807672500610351562e-01,1.083465218544006348e+00,9.484139680862426758e-01,1.084100127220153809e+00,1.394014358520507812e+00,1.440032005310058594e+00,1.432444930076599121e+00,1.684221982955932617e+00,1.912387728691101074e+00,1.921184301376342773e+00,2.012396097183227539e+00
1.496476054191589355e+00,1.383965134620666504e+00,1.191795468330383301e+00,1.008971810340881348e+00,9.629399776458740234e-01,8.442950844764709473e-01,6.126344799995422363e-01,5.076557397842407227e-01,5.536190867424011230e-01,3.755302131175994873e-01,0.000000000000000000e+00,3.820772767066955566e-01,5.410832166671752930e-01,5.085505843162536621e-01,6.180642247200012207e-01,1.936142683029174805e+00,1.990255117416381836e+00,1.633487105369567871e+00,1.567088723182678223e+00,1.891131162643432617e+00,1.802635192871093750e+00,1.475063920021057129e+00,1.686223268508911133e+00,1.963574051856994629e+00,1.753632426261901855e+00,1.650551080703735352e+00,2.027202844619750977e+00,2.125816345214843750e+00,1.909606575965881348e+00,2.049908638000488281e+00,1.955807924270629883e+00,1.823111057281494141e+00,1.512516260147094727e+00,1.763725638389587402e+00,1.995040178298950195e+00,1.755151867866516113e+00,1.656099677085876465e+00,2.030361413955688477e+00,2.121763467788696289e+00,1.905128359794616699e+00,2.080893993377685547e+00,2.411533117294311523e+00,2.373187065124511719e+00,2.301651000976562500e+00,2.606045722961425781e+00,1.131255388259887695e+00,8.058310151100158691e-01,8.055899739265441895e-01,1.164302110671997070e+00,1.139058828353881836e+00,9.493057131767272949e-01,1.191805958747863770e+00,1.461055994033813477e+00,1.401999473571777344e+00,1.440831780433654785e+00,1.748697400093078613e+00,1.894704580307006836e+00,1.899583935737609863e+00,2.067028522491455078e+00,2.325491189956665039e+00,1.034374594688415527e+00,1.233793616294860840e+00,1.017351508140563965e+00,8.142309188842773438e-01,1.166008472442626953e+00,1.278885245323181152e+00,1.056362152099609375e+00,1.129750013351440430e+00,1.487956166267395020e+00,1.505253911018371582e+00,1.404130578041076660e+00,1.673496246337890625e+00,1.929155230522155762e+00,1.880229592323303223e+00,1.925118565559387207e+00
1.612351655960083008e+00,1.482478380203247070e+00,1.381740689277648926e+00,1.189172863960266113e+00,1.023439764976501465e+00,9.557349085807800293e-01,8.567078709602355957e-01,6.266420483589172363e-01,5.057859420776367188e-01,5.262859463691711426e-01,3.820772767066955566e-01,0.000000000000000000e+00,3.749556243419647217e-01,5.450567007064819336e-01,5.244116783142089844e-01,2.128459453582763672e+00,2.234733581542968750e+00,1.900142908096313477e+00,1.780578374862670898e+00,2.112740755081176758e+00,2.074924707412719727e+00,1.736888885498046875e+00,1.891239643096923828e+00,2.201589822769165039e+00,2.018796682357788086e+00,1.859603524208068848e+00,2.219447612762451172e+00,2.354855775833129883e+00,2.119500160217285156e+00,2.203631639480590820e+00,2.250616073608398438e+00,2.152149200439453125e+00,1.844943523406982422e+00,2.082694530487060547e+00,2.340503931045532227e+00,2.119547605514526367e+00,2.002775907516479492e+00,2.371507883071899414e+00,2.485481023788452148e+00,2.263284683227539062e+00,2.414344072341918945e+00,2.758216857910156250e+00,2.724918603897094727e+00,2.627794742584228516e+00,2.924737930297851562e+00,1.390969276428222656e+00,1.099824786186218262e+00,1.144584655761718750e+00,1.510118365287780762e+00,1.490619301795959473e+00,1.326573252677917480e+00,1.571642160415649414e+00,1.838655114173889160e+00,1.772638440132141113e+00,1.814489364624023438e+00,2.129091262817382812e+00,2.268189668655395508e+00,2.259896755218505859e+00,2.433299303054809570e+00,2.699844837188720703e+00,1.070995211601257324e+00,1.352947592735290527e+00,1.221645593643188477e+00,1.029510378837585449e+00,1.355940580368041992e+00,1.533512830734252930e+00,1.368919610977172852e+00,1.403481364250183105e+00,1.757863759994506836e+00,1.829300642013549805e+00,1.731140017509460449e+00,1.962498664855957031e+00,2.243877649307250977e+00,2.221149682998657227e+00,2.239121675491333008e+00
1.826683163642883301e+00,1.632985830307006836e+00,1.511441111564636230e+00,1.400157451629638672e+00,1.229376792907714844e+00,1.055536627769470215e+00,9.885569214820861816e-01,8.815485239028930664e-01,6.517961025238037109e-01,5.162028670310974121e-01,5.410832166671752930e-01,3.749556243419647217e-01,0.000000000000000000e+00,3.834109008312225342e-01,5.514312386512756348e-01,2.197113990783691406e+00,2.280496120452880859e+00,1.948448419570922852e+00,1.788094758987426758e+00,2.077689409255981445e+00,2.031798362731933594e+00,1.670378565788269043e+00,1.779425263404846191e+00,2.075554370880126953e+00,1.874197006225585938e+00,1.667205929756164551e+00,2.013207674026489258e+00,2.141715764999389648e+00,1.872344374656677246e+00,1.927681922912597656e+00,2.424764394760131836e+00,2.315860748291015625e+00,1.979494571685791016e+00,2.180685281753540039e+00,2.429939031600952148e+00,2.184460639953613281e+00,2.024660348892211914e+00,2.385643243789672852e+00,2.491586446762084961e+00,2.223266601562500000e+00,2.349338531494140625e+00,2.703190803527832031e+00,2.643191576004028320e+00,2.503428220748901367e+00,2.804570436477661133e+00,1.665593624114990234e+00,1.345355391502380371e+00,1.323590278625488281e+00,1.685456514358520508e+00,1.655394911766052246e+00,1.417507886886596680e+00,1.637988567352294922e+00,1.930486798286437988e+00,1.821500062942504883e+00,1.799327969551086426e+00,2.139565229415893555e+00,2.285932302474975586e+00,2.217266082763671875e+00,2.375401020050048828e+00,2.676473379135131836e+00,7.706734538078308105e-01,1.090498924255371094e+00,1.047756671905517578e+00,8.218935132026672363e-01,1.091316699981689453e+00,1.332026004791259766e+00,1.237267255783081055e+00,1.218267917633056641e+00,1.548719048500061035e+00,1.689693331718444824e+00,1.617637276649475098e+00,1.792931914329528809e+00,2.089412927627563477e+00,2.125593423843383789e+00,2.133910655975341797e+00
1.978528380393981934e+00,1.821274638175964355e+00,1.629550457000732422e+00,1.498284220695495605e+00,1.418278813362121582e+00,1.238583087921142578e+00,1.057237267494201660e+00,9.958810210227966309e-01,8.969401717185974121e-01,6.420717239379882812e-01,5.085505843162536621e-01,5.450567007064819336e-01,3.834109008312225342e-01,0.000000000000000000e+00,3.730314671993255615e-01,2.322748422622680664e+00,2.351259231567382812e+00,1.993564963340759277e+00,1.892179012298583984e+00,2.167054891586303711e+00,2.055155277252197266e+00,1.699309706687927246e+00,1.863685846328735352e+00,2.111109018325805664e+00,1.852463364601135254e+00,1.693401575088500977e+00,2.056257724761962891e+00,2.118690729141235352e+00,1.831560015678405762e+00,1.948321938514709473e+00,2.398695230484008789e+00,2.233513355255126953e+00,1.913719534873962402e+00,2.146784543991088867e+00,2.345068216323852539e+00,2.059849739074707031e+00,1.941157817840576172e+00,2.309620618820190430e+00,2.357920169830322266e+00,2.080772161483764648e+00,2.256234884262084961e+00,2.584892749786376953e+00,2.483053445816040039e+00,2.372944355010986328e+00,2.703057765960693359e+00,1.579663634300231934e+00,1.221612453460693359e+00,1.235432744026184082e+00,1.558180928230285645e+00,1.451158046722412109e+00,1.198536038398742676e+00,1.462524175643920898e+00,1.712484002113342285e+00,1.545552968978881836e+00,1.550146698951721191e+00,1.907936215400695801e+00,2.005974292755126953e+00,1.923257708549499512e+00,2.120307683944702148e+00,2.411626815795898438e+00,9.094565510749816895e-01,1.166597247123718262e+00,1.081700682640075684e+00,7.565006613731384277e-01,9.980643987655639648e-01,1.236562252044677734e+00,1.078745841979980469e+00,9.844363331794738770e-01,1.344932794570922852e+00,1.475352406501770020e+00,1.335092902183532715e+00,1.503076195716857910e+00,1.821887373924255371e+00,1.832306146621704102e+00,1.802567839622497559e+00
2.070332288742065430e+00,1.961558222770690918e+00,1.803255438804626465e+00,1.603358745574951172e+00,1.509250998497009277e+00,1.414738297462463379e+00,1.228865385055541992e+00,1.058886408805847168e+00,1.008714437484741211e+00,8.734292387962341309e-01,6.180642247200012207e-01,5.244116783142089844e-01,5.514312386512756348e-01,3.730314671993255615e-01,0.000000000000000000e+00,2.544544935226440430e+00,2.596862316131591797e+00,2.237540006637573242e+00,2.155322074890136719e+00,2.459040164947509766e+00,2.357161760330200195e+00,2.011032819747924805e+00,2.191051006317138672e+00,2.451878547668457031e+00,2.201367378234863281e+00,2.054448366165161133e+00,2.420359134674072266e+00,2.487285137176513672e+00,2.203616142272949219e+00,2.319477796554565430e+00,2.535918951034545898e+00,2.368482112884521484e+00,2.080469369888305664e+00,2.351290225982666016e+00,2.548175573348999023e+00,2.272432088851928711e+00,2.195702791213989258e+00,2.571452856063842773e+00,2.612325668334960938e+00,2.362819910049438477e+00,2.563518047332763672e+00,2.881504535675048828e+00,2.782354831695556641e+00,2.700690746307373047e+00,3.035075664520263672e+00,1.571546673774719238e+00,1.228372573852539062e+00,1.347827196121215820e+00,1.661848902702331543e+00,1.519294500350952148e+00,1.342454433441162109e+00,1.654766082763671875e+00,1.858404755592346191e+00,1.691416382789611816e+00,1.771907687187194824e+00,2.118767261505126953e+00,2.176312923431396484e+00,2.128475189208984375e+00,2.363243103027343750e+00,2.623959302902221680e+00,1.246386766433715820e+00,1.526611328125000000e+00,1.430447697639465332e+00,1.120480060577392578e+00,1.368870854377746582e+00,1.598629713058471680e+00,1.408390522003173828e+00,1.310039162635803223e+00,1.680011868476867676e+00,1.786215782165527344e+00,1.598046541213989258e+00,1.773061394691467285e+00,2.102037429809570312e+00,2.069819211959838867e+00,2.003514766693115234e+00
9.521554708480834961e-01,8.213693499565124512e-01,7.841750383377075195e-01,1.122703433036804199e+00,1.254139661788940430e+00,1.183903336524963379e+00,1.329215168952941895e+00,1.592953205108642578e+00,1.664427280426025391e+00,1.704437375068664551e+00,1.936142683029174805e+00,2.128459453582763672e+00,2.197113990783691406e+00,2.322748422622680664e+00,2.544544935226440430e+00,0.000000000000000000e+00,3.734756410121917725e-01,5.468049049377441406e-01,5.232401490211486816e-01,6.337200999259948730e-01,8.687319755554199219e-01,9.924847483634948730e-01,1.043701887130737305e+00,1.226732730865478516e+00,1.431861758232116699e+00,1.526842951774597168e+00,1.652661681175231934e+00,1.875385642051696777e+00,2.016187906265258789e+00,2.105852127075195312e+00,1.156365990638732910e+00,1.388669848442077637e+00,1.180157423019409180e+00,9.523398876190185547e-01,1.294112563133239746e+00,1.437371730804443359e+00,1.206337690353393555e+00,1.255091428756713867e+00,1.626861572265625000e+00,1.648764252662658691e+00,1.517996907234191895e+00,1.783755064010620117e+00,2.046727180480957031e+00,1.979167103767395020e+00,2.004282236099243164e+00,1.805590867996215820e+00,1.866989016532897949e+00,1.533849954605102539e+00,1.597653985023498535e+00,1.957324981689453125e+00,1.876131772994995117e+00,1.646919012069702148e+00,1.924434065818786621e+00,2.190245389938354492e+00,2.036213636398315430e+00,2.037409305572509766e+00,2.402339458465576172e+00,2.505788326263427734e+00,2.372500181198120117e+00,2.553189277648925781e+00,1.943320035934448242e+00,1.791221618652343750e+00,1.536384582519531250e+00,1.845097661018371582e+00,2.049959421157836914e+00,1.823196172714233398e+00,1.797961592674255371e+00,2.167800426483154297e+00,2.239160060882568359e+00,2.076888322830200195e+00,2.294808626174926758e+00,2.591379404067993164e+00,2.567295074462890625e+00,2.553984403610229492e+00,2.848254442214965820e+00
1.200102210044860840e+00,1.095073103904724121e+00,9.323465228080749512e-01,1.260052084922790527e+00,1.458808302879333496e+00,1.338348746299743652e+00,1.399419546127319336e+00,1.713999509811401367e+00,1.811406254768371582e+00,1.774621248245239258e+00,1.990255117416381836e+00,2.234733581542968750e+00,2.280496120452880859e+00,2.351259231567382812e+00,2.596862316131591797e+00,3.734756410121917725e-01,0.000000000000000000e+00,3.782103061676025391e-01,5.368684530258178711e-01,5.068196654319763184e-01,6.169208288192749023e-01,8.502452969551086426e-01,9.594532251358032227e-01,1.037112116813659668e+00,1.229147076606750488e+00,1.408487915992736816e+00,1.519777297973632812e+00,1.681817650794982910e+00,1.857885718345642090e+00,1.995834350585937500e+00,1.038199186325073242e+00,1.223585367202758789e+00,1.027467131614685059e+00,7.208896279335021973e-01,1.010354399681091309e+00,1.167662382125854492e+00,9.273026585578918457e-01,9.079902768135070801e-01,1.287627100944519043e+00,1.336169004440307617e+00,1.184949040412902832e+00,1.424038887023925781e+00,1.705227136611938477e+00,1.661233186721801758e+00,1.668752789497375488e+00,1.813805460929870605e+00,1.865074753761291504e+00,1.508026838302612305e+00,1.508896708488464355e+00,1.856994867324829102e+00,1.765259504318237305e+00,1.481951594352722168e+00,1.734375357627868652e+00,2.007759094238281250e+00,1.822867155075073242e+00,1.778517603874206543e+00,2.153154850006103516e+00,2.254622697830200195e+00,2.084823369979858398e+00,2.250070333480834961e+00,1.979587793350219727e+00,1.777623891830444336e+00,1.503538608551025391e+00,1.808127164840698242e+00,1.973767280578613281e+00,1.696613311767578125e+00,1.669050335884094238e+00,2.045099973678588867e+00,2.071587085723876953e+00,1.869977355003356934e+00,2.109932184219360352e+00,2.398422479629516602e+00,2.328971147537231445e+00,2.310550212860107422e+00,2.628099441528320312e+00
1.070165038108825684e+00,9.512349367141723633e-01,6.782409548759460449e-01,9.846876859664916992e-01,1.211441159248352051e+00,1.058051705360412598e+00,1.057714581489562988e+00,1.393264293670654297e+00,1.509752511978149414e+00,1.437330842018127441e+00,1.633487105369567871e+00,1.900142908096313477e+00,1.948448419570922852e+00,1.993564963340759277e+00,2.237540006637573242e+00,5.468049049377441406e-01,3.782103061676025391e-01,0.000000000000000000e+00,3.783710002899169922e-01,5.462842583656311035e-01,5.098109841346740723e-01,6.039304733276367188e-01,8.362503647804260254e-01,9.727066755294799805e-01,1.052509903907775879e+00,1.221099734306335449e+00,1.419536471366882324e+00,1.558964490890502930e+00,1.669338107109069824e+00,1.840674042701721191e+00,9.473182559013366699e-01,1.041640043258666992e+00,7.576533555984497070e-01,5.437870025634765625e-01,8.833315968513488770e-01,9.346771836280822754e-01,6.725992560386657715e-01,8.032041788101196289e-01,1.146050572395324707e+00,1.130658984184265137e+00,1.063169240951538086e+00,1.356006503105163574e+00,1.574105381965637207e+00,1.532634973526000977e+00,1.625293970108032227e+00,1.506100535392761230e+00,1.517105579376220703e+00,1.149793744087219238e+00,1.178509116172790527e+00,1.512141823768615723e+00,1.398134589195251465e+00,1.132760047912597656e+00,1.416537284851074219e+00,1.668724894523620605e+00,1.495154380798339844e+00,1.496066689491271973e+00,1.864081978797912598e+00,1.959084153175354004e+00,1.831487894058227539e+00,2.020920753479003906e+00,1.695119619369506836e+00,1.515261530876159668e+00,1.200960993766784668e+00,1.472155451774597168e+00,1.664419174194335938e+00,1.398544907569885254e+00,1.327160120010375977e+00,1.703688025474548340e+00,1.766851425170898438e+00,1.564385890960693359e+00,1.774624109268188477e+00,2.080191135406494141e+00,2.044321537017822266e+00,2.012287139892578125e+00,2.310664653778076172e+00
1.070887446403503418e+00,8.284325003623962402e-01,6.337388753890991211e-01,9.964282512664794922e-01,1.104036808013916016e+00,8.909167647361755371e-01,1.002632141113281250e+00,1.327920198440551758e+00,1.349182963371276855e+00,1.300287485122680664e+00,1.567088723182678223e+00,1.780578374862670898e+00,1.788094758987426758e+00,1.892179012298583984e+00,2.155322074890136719e+00,5.232401490211486816e-01,5.368684530258178711e-01,3.783710002899169922e-01,0.000000000000000000e+00,3.845518231391906738e-01,5.361618399620056152e-01,5.017693042755126953e-01,5.888762474060058594e-01,8.453987836837768555e-01,9.770385622978210449e-01,1.034269332885742188e+00,1.222024917602539062e+00,1.439751982688903809e+00,1.529522776603698730e+00,1.632938981056213379e+00,1.291059017181396484e+00,1.391834259033203125e+00,1.076347470283508301e+00,9.172719120979309082e-01,1.252934694290161133e+00,1.257752656936645508e+00,9.500977396965026855e-01,1.102087020874023438e+00,1.436286687850952148e+00,1.341853141784667969e+00,1.229576349258422852e+00,1.566065788269042969e+00,1.757209658622741699e+00,1.636898040771484375e+00,1.730534791946411133e+00,1.675121545791625977e+00,1.633759021759033203e+00,1.271683692932128906e+00,1.399764180183410645e+00,1.707957148551940918e+00,1.541181206703186035e+00,1.330875992774963379e+00,1.663458943367004395e+00,1.861076951026916504e+00,1.663910150527954102e+00,1.732411026954650879e+00,2.097583532333374023e+00,2.141459465026855469e+00,2.025724887847900391e+00,2.262113809585571289e+00,1.458362817764282227e+00,1.281725168228149414e+00,1.021892428398132324e+00,1.345406651496887207e+00,1.530131816864013672e+00,1.307333111763000488e+00,1.309744358062744141e+00,1.672825098037719727e+00,1.738960027694702148e+00,1.613390564918518066e+00,1.843487620353698730e+00,2.118955850601196289e+00,2.120034456253051758e+00,2.143864631652832031e+00,2.422388315200805664e+00
1.416619896888732910e+00,1.183238506317138672e+00,1.014306187629699707e+00,1.375591039657592773e+00,1.485195398330688477e+00,1.255514144897460938e+00,1.357622027397155762e+00,1.697192072868347168e+00,1.695905566215515137e+00,1.610037326812744141e+00,1.891131162643432617e+00,2.112740755081176758e+00,2.077689409255981445e+00,2.167054891586303711e+00,2.459040164947509766e+00,6.337200999259948730e-01,5.068196654319763184e-01,5.462842583656311035e-01,3.845518231391906738e-01,0.000000000000000000e+00,3.721205592155456543e-01,5.441812872886657715e-01,4.869701862335205078e-01,5.968857407569885254e-01,8.548747897148132324e-01,9.663646817207336426e-01,1.039289593696594238e+00,1.253265023231506348e+00,1.430625200271606445e+00,1.521260619163513184e+00,1.461280584335327148e+00,1.565868377685546875e+00,1.284514427185058594e+00,1.036819577217102051e+00,1.304695367813110352e+00,1.339204430580139160e+00,1.000772476196289062e+00,1.034580230712890625e+00,1.382911682128906250e+00,1.296141028404235840e+00,1.081681013107299805e+00,1.393884897232055664e+00,1.619036078453063965e+00,1.465753078460693359e+00,1.487422704696655273e+00,2.004444837570190430e+00,1.962020158767700195e+00,1.587839841842651367e+00,1.671209931373596191e+00,1.969134807586669922e+00,1.784334659576416016e+00,1.527426004409790039e+00,1.839418888092041016e+00,2.033231019973754883e+00,1.782700419425964355e+00,1.809488773345947266e+00,2.190010786056518555e+00,2.207258462905883789e+00,2.030734539031982422e+00,2.265367031097412109e+00,1.633783817291259766e+00,1.387248873710632324e+00,1.183622479438781738e+00,1.536184191703796387e+00,1.641003966331481934e+00,1.375198483467102051e+00,1.446926116943359375e+00,1.803673148155212402e+00,1.788957715034484863e+00,1.660593867301940918e+00,1.947806715965270996e+00,2.184506654739379883e+00,2.130759716033935547e+00,2.190939426422119141e+00,2.497648000717163086e+00
1.537740468978881836e+00,1.343892216682434082e+00,1.077589988708496094e+00,1.393000602722167969e+00,1.563358545303344727e+00,1.311898469924926758e+00,1.311394929885864258e+00,1.680250644683837891e+00,1.719197392463684082e+00,1.561012983322143555e+00,1.802635192871093750e+00,2.074924707412719727e+00,2.031798362731933594e+00,2.055155277252197266e+00,2.357161760330200195e+00,8.687319755554199219e-01,6.169208288192749023e-01,5.098109841346740723e-01,5.361618399620056152e-01,3.721205592155456543e-01,0.000000000000000000e+00,3.707861304283142090e-01,5.192841887474060059e-01,4.907903671264648438e-01,6.165274381637573242e-01,8.509215712547302246e-01,9.759982228279113770e-01,1.084733724594116211e+00,1.257340788841247559e+00,1.434030532836914062e+00,1.363047242164611816e+00,1.385904431343078613e+00,1.098863482475280762e+00,8.641853332519531250e-01,1.065189599990844727e+00,1.040113210678100586e+00,6.822287440299987793e-01,7.258012294769287109e-01,1.041344285011291504e+00,9.255644083023071289e-01,7.253516316413879395e-01,1.060457587242126465e+00,1.262529969215393066e+00,1.130949854850769043e+00,1.196527838706970215e+00,1.880164504051208496e+00,1.817119598388671875e+00,1.437013506889343262e+00,1.475532770156860352e+00,1.741469740867614746e+00,1.541768908500671387e+00,1.252859592437744141e+00,1.546474933624267578e+00,1.728108644485473633e+00,1.453886985778808594e+00,1.461067557334899902e+00,1.843062281608581543e+00,1.852673172950744629e+00,1.662232041358947754e+00,1.896703839302062988e+00,1.599737286567687988e+00,1.328762769699096680e+00,1.082231163978576660e+00,1.395211815834045410e+00,1.474665045738220215e+00,1.160695552825927734e+00,1.202340722084045410e+00,1.561617612838745117e+00,1.520179033279418945e+00,1.345270991325378418e+00,1.640203833580017090e+00,1.878527402877807617e+00,1.795743346214294434e+00,1.842160701751708984e+00,2.161977052688598633e+00
