,A1,A2,A3,A4,A5,A6,A7,A8,A9,A10,A11,A12,A13,A14,A15,B1,B2,B3,B4,B5,B6,B7,B8,B9,B10,B11,B12,B13,B14,B15,C1,C2,C3,C4,C5,C6,C7,C8,C9,C10,C11,C12,C13,C14,C15,D1,D2,D3,D4,D5,D6,D7,D8,D9,D10,D11,D12,D13,D14,D15,E1,E2,E3,E4,E5,E6,E7,E8,E9,E10,E11,E12,E13,E14,E15
A1,0.0,0.37978848814964294,0.5469896197319031,0.5103088617324829,0.6171490550041199,0.8568875789642334,0.9718437194824219,1.0144798755645752,1.1992080211639404,1.4094538688659668,1.502637505531311,1.628658413887024,1.8404325246810913,1.996874451637268,2.1068873405456543,1.1934709548950195,1.4056055545806885,1.1500248908996582,0.9995574951171875,1.3746510744094849,1.4748722314834595,1.2253100872039795,1.3493989706039429,1.699493169784546,1.6824281215667725,1.5910406112670898,1.900604486465454,2.122488498687744,2.04789662361145,2.1231534481048584,1.6455562114715576,1.6804966926574707,1.384547233581543,1.540309190750122,1.8770065307617188,1.7878471612930298,1.6399487257003784,1.9601058959960938,2.1808035373687744,2.064074754714966,2.1369521617889404,2.48960018157959,2.5784709453582764,2.5063023567199707,2.7270662784576416,1.0716924667358398,1.0170323848724365,0.9195008277893066,1.2259159088134766,1.4299993515014648,1.377792477607727,1.4568731784820557,1.7373439073562622,1.862568736076355,1.8873289823532104,2.077840805053711,2.3229057788848877,2.407552480697632,2.489652633666992,2.7175114154815674,2.4628610610961914,2.412480354309082,2.027733325958252,2.0814425945281982,2.3506178855895996,2.1539416313171387,1.858893871307373,2.142019510269165,2.3108863830566406,2.008892059326172,1.9803396463394165,2.3625731468200684,2.3476858139038086,2.092937707901001,2.301280975341797
A2,0.37978848814964294,0.0,0.38139986991882324,0.5378692746162415,0.5036806464195251,0.6058605909347534,0.8391790390014648,0.9462249875068665,1.0201575756072998,1.213927149772644,1.3966237306594849,1.51149582862854,1.654971957206726,1.8446048498153687,2.006746768951416,1.0613789558410645,1.240997076034546,0.9873261451721191,0.7477415800094604,1.090951919555664,1.203696370124817,0.9252656102180481,0.9950602650642395,1.3590447902679443,1.356799840927124,1.2352862358093262,1.5301824808120728,1.7704521417617798,1.707338809967041,1.7638767957687378,1.6874417066574097,1.7264665365219116,1.3860377073287964,1.4736801385879517,1.817244052886963,1.7180092334747314,1.4983867406845093,1.8051459789276123,2.0449929237365723,1.8895729780197144,1.9136035442352295,2.2855231761932373,2.3760714530944824,2.2585079669952393,2.463613748550415,1.3438035249710083,1.24586820602417,1.052411675453186,1.3679732084274292,1.5909897089004517,1.4607104063034058,1.4869039058685303,1.8188565969467163,1.9329936504364014,1.8807237148284912,2.0773935317993164,2.3607966899871826,2.40478777885437,2.4429428577423096,2.7006163597106934,2.185302495956421,2.1542859077453613,1.776563286781311,1.852643609046936,2.1488945484161377,1.9758718013763428,1.7028849124908447,2.004716157913208,2.1983604431152344,1.93795907497406,1.9345282316207886,2.3227055072784424,2.341062307357788,2.1350464820861816,2.3481032848358154
A3,0.5469896197319031,0.38139986991882324,0.0,0.3793271780014038,0.5445321202278137,0.5036576986312866,0.5896621346473694,0.8237771987915039,0.9590697288513184,1.0397930145263672,1.208400011062622,1.4148273468017578,1.5421404838562012,1.6618165969848633,1.8535730838775635,1.0073130130767822,1.081784725189209,0.7488114833831787,0.6359521150588989,0.9907431602478027,0.9915291666984558,0.7132262587547302,0.9238065481185913,1.2302064895629883,1.1691920757293701,1.1409214735031128,1.4713956117630005,1.6430044174194336,1.591535210609436,1.72954261302948,1.4198710918426514,1.406036138534546,1.0481014251708984,1.165844440460205,1.4835048913955688,1.3517608642578125,1.1499273777008057,1.4822739362716675,1.6927586793899536,1.5405757427215576,1.6047898530960083,1.9666106700897217,2.043550968170166,1.9599791765213013,2.1869359016418457,1.159733772277832,1.0361815690994263,0.7615135908126831,1.0631022453308105,1.2940151691436768,1.13525390625,1.1211447715759277,1.4670389890670776,1.58717942237854,1.5130201578140259,1.700028419494629,1.9932575225830078,2.0389156341552734,2.0657927989959717,2.320678472518921,1.9716498851776123,1.890797734260559,1.5082939863204956,1.6074869632720947,1.8670669794082642,1.6553627252578735,1.3973239660263062,1.720481038093567,1.8743979930877686,1.5982662439346313,1.6360621452331543,2.018726348876953,2.008540391921997,1.8243091106414795,2.0707597732543945
A4,0.5103088617324829,0.5378692746162415,0.3793271780014038,0.0,0.37835776805877686,0.5386666655540466,0.4928567111492157,0.573255181312561,0.830068051815033,0.9671849608421326,1.0228939056396484,1.2130368947982788,1.4231785535812378,1.5266391038894653,1.6491215229034424,1.352829933166504,1.435559630393982,1.0873361825942993,1.0149054527282715,1.3669891357421875,1.3347504138946533,1.0307561159133911,1.251806616783142,1.5510133504867554,1.4243396520614624,1.366245985031128,1.7291488647460938,1.8743304014205933,1.7550128698349,1.8969553709030151,1.5989289283752441,1.525256872177124,1.193454384803772,1.4039543867111206,1.6829192638397217,1.5012987852096558,1.3676049709320068,1.7320753335952759,1.8836009502410889,1.7164514064788818,1.8453946113586426,2.1960322856903076,2.223088502883911,2.1588706970214844,2.4277265071868896,1.001994013786316,0.7902650833129883,0.6261894702911377,0.9966017603874207,1.1307315826416016,0.9704634547233582,1.084652304649353,1.40080988407135,1.4569551944732666,1.4488366842269897,1.6896988153457642,1.9246822595596313,1.960924744606018,2.057417392730713,2.316195487976074,2.052746534347534,1.9946918487548828,1.610371708869934,1.6288161277770996,1.878235936164856,1.6865726709365845,1.3708919286727905,1.6395310163497925,1.8107787370681763,1.5143463611602783,1.4729881286621094,1.8574049472808838,1.8613184690475464,1.622431993484497,1.829103946685791
A5,0.6171490550041199,0.5036806464195251,0.5445321202278137,0.37835776805877686,0.0,0.37757790088653564,0.5404512882232666,0.476320743560791,0.5853868722915649,0.8462256193161011,0.9587231874465942,1.0336722135543823,1.2318263053894043,1.4225127696990967,1.5367926359176636,1.5024473667144775,1.605484962463379,1.280413031578064,1.1061960458755493,1.4199061393737793,1.421091914176941,1.0675472021102905,1.1934846639633179,1.519088864326477,1.3878003358840942,1.2311863899230957,1.586591124534607,1.7638927698135376,1.5993155241012573,1.6800601482391357,1.9287095069885254,1.870478630065918,1.5196532011032104,1.683987021446228,1.971393346786499,1.7794386148452759,1.5907782316207886,1.9454541206359863,2.1063263416290283,1.8891723155975342,1.9777154922485352,2.3504638671875,2.3601722717285156,2.237700939178467,2.503416061401367,1.3587313890457153,1.1278221607208252,0.9968721866607666,1.3699586391448975,1.478765606880188,1.2762413024902344,1.4028013944625854,1.7367041110992432,1.7497022151947021,1.7052676677703857,1.9768847227096558,2.213301420211792,2.2005419731140137,2.291245222091675,2.582024097442627,1.9697866439819336,1.9810394048690796,1.6050981283187866,1.5827752351760864,1.8834145069122314,1.7591699361801147,1.4290608167648315,1.6684021949768066,1.906901478767395,1.6658248901367188,1.580291748046875,1.966099739074707,2.038222074508667,1.8158708810806274,1.9711241722106934
A6,0.8568875789642334,0.6058605909347534,0.5036576986312866,0.5386666655540466,0.37757790088653564,0.0,0.37711143493652344,0.5273544192314148,0.48970669507980347,0.6134321093559265,0.8540123701095581,0.9864187240600586,1.0739282369613647,1.2553056478500366,1.4568305015563965,1.4057817459106445,1.4332176446914673,1.1025452613830566,0.933398425579071,1.18375563621521,1.1293377876281738,0.7540823817253113,0.8948124647140503,1.1832529306411743,1.0175050497055054,0.8753955364227295,1.2466751337051392,1.3969693183898926,1.2448391914367676,1.3627187013626099,1.850433349609375,1.7806936502456665,1.4068385362625122,1.5187435150146484,1.7861474752426147,1.5784151554107666,1.3408923149108887,1.6815606355667114,1.8392982482910156,1.5893279314041138,1.6496670246124268,2.029717206954956,2.0330166816711426,1.8834929466247559,2.1446752548217773,1.514937400817871,1.2825195789337158,1.0531790256500244,1.3931266069412231,1.5268080234527588,1.2652790546417236,1.3125311136245728,1.681304931640625,1.69548761844635,1.5691343545913696,1.830084204673767,2.103454828262329,2.0587871074676514,2.0969746112823486,2.407594919204712,1.6297732591629028,1.6323055028915405,1.257064700126648,1.2736502885818481,1.5873357057571411,1.4663317203521729,1.1708452701568604,1.4467196464538574,1.6863157749176025,1.4834855794906616,1.4554246664047241,1.8381588459014893,1.9216179847717285,1.765184760093689,1.9471341371536255
A7,0.9718437194824219,0.8391790390014648,0.5896621346473694,0.4928567111492157,0.5404512882232666,0.37711143493652344,0.0,0.3826078176498413,0.5448074340820312,0.5118301510810852,0.6256042718887329,0.8878657221794128,1.016874074935913,1.0853227376937866,1.2761071920394897,1.5344326496124268,1.5083423852920532,1.1352598667144775,1.0903927087783813,1.3514536619186401,1.2090100049972534,0.8684133291244507,1.1245501041412354,1.3457375764846802,1.113287091255188,1.0742045640945435,1.461557149887085,1.5289238691329956,1.3674447536468506,1.5648945569992065,1.7294069528579712,1.5892215967178345,1.2325643301010132,1.4148191213607788,1.6288002729415894,1.369199275970459,1.2012939453125,1.5732232332229614,1.6653461456298828,1.4184441566467285,1.5622574090957642,1.915799617767334,1.8798623085021973,1.7859793901443481,2.0886576175689697,1.3238946199417114,1.0435675382614136,0.8147343993186951,1.1418206691741943,1.2171692848205566,0.9181711077690125,0.998924732208252,1.357528805732727,1.3333818912506104,1.2178744077682495,1.5048699378967285,1.751987099647522,1.7023371458053589,1.7721843719482422,2.0815534591674805,1.574933648109436,1.5279545783996582,1.1488926410675049,1.1376593112945557,1.394804835319519,1.2345190048217773,0.9071141481399536,1.1789181232452393,1.3843567371368408,1.1423498392105103,1.1093826293945312,1.4967917203903198,1.557068943977356,1.390803575515747,1.5885062217712402
A8,1.0144798755645752,0.9462249875068665,0.8237771987915039,0.573255181312561,0.476320743560791,0.5273544192314148,0.3826078176498413,0.0,0.38259923458099365,0.5458996295928955,0.5079067945480347,0.6419686675071716,0.8916211724281311,1.0069290399551392,1.0930261611938477,1.8245482444763184,1.8471587896347046,1.480695128440857,1.393134355545044,1.6728260517120361,1.5678967237472534,1.2087775468826294,1.4065008163452148,1.6562265157699585,1.419301152229309,1.3038074970245361,1.6878840923309326,1.7704015970230103,1.5457472801208496,1.6929655075073242,2.0410866737365723,1.894744634628296,1.5564128160476685,1.7709928750991821,1.9858874082565308,1.7187548875808716,1.577638864517212,1.9527091979980469,2.0280823707580566,1.7725188732147217,1.9285744428634644,2.2782793045043945,2.2141904830932617,2.1108570098876953,2.4269657135009766,1.4078710079193115,1.0817086696624756,0.9816328883171082,1.339699387550354,1.33945894241333,1.059698462486267,1.2510840892791748,1.5675777196884155,1.4827628135681152,1.429819107055664,1.7558127641677856,1.9452672004699707,1.876214623451233,2.005746364593506,2.318328380584717,1.7357609272003174,1.7521469593048096,1.3945997953414917,1.2878698110580444,1.554986834526062,1.459977388381958,1.092645287513733,1.265930414199829,1.5217466354370117,1.2996445894241333,1.1496561765670776,1.5262502431869507,1.637839913368225,1.4210059642791748,1.536039113998413
A9,1.1992080211639404,1.0201575756072998,0.9590697288513184,0.830068051815033,0.5853868722915649,0.48970669507980347,0.5448074340820312,0.38259923458099365,0.0,0.3838734030723572,0.5416889190673828,0.5205237865447998,0.6502152681350708,0.8897606730461121,1.0313280820846558,1.8953806161880493,1.9075400829315186,1.5668370723724365,1.4168258905410767,1.6348016262054443,1.5398248434066772,1.1617923974990845,1.2768957614898682,1.511789083480835,1.2643717527389526,1.0711300373077393,1.435239553451538,1.5251444578170776,1.2594037055969238,1.3616281747817993,2.257880926132202,2.132744312286377,1.7716697454452515,1.9247552156448364,2.145037889480591,1.879867672920227,1.6760327816009521,2.025663137435913,2.1147942543029785,1.8157680034637451,1.9158546924591064,2.2801108360290527,2.2059950828552246,2.039796829223633,2.341491937637329,1.7599765062332153,1.4512211084365845,1.3075109720230103,1.658761739730835,1.687854290008545,1.3817262649536133,1.5183724164962769,1.8609524965286255,1.772579312324524,1.653701663017273,1.9770060777664185,2.191997766494751,2.0799624919891357,2.1670093536376953,2.50624942779541,1.5225794315338135,1.6080517768859863,1.271405577659607,1.143419623374939,1.467713713645935,1.4451758861541748,1.1043765544891357,1.2634836435317993,1.576176404953003,1.434904932975769,1.297102451324463,1.6554608345031738,1.8244682550430298,1.667879581451416,1.75864577293396
A10,1.4094538688659668,1.213927149772644,1.0397930145263672,0.9671849608421326,0.8462256193161011,0.6134321093559265,0.5118301510810852,0.5458996295928955,0.3838734030723572,0.0,0.3817993700504303,0.5550419092178345,0.53313148021698,0.6493895053863525,0.9062647223472595,1.9164503812789917,1.8523063659667969,1.5035148859024048,1.4226218461990356,1.5916472673416138,1.4124906063079834,1.0642729997634888,1.2389401197433472,1.3876973390579224,1.0716413259506226,0.9657023549079895,1.3348169326782227,1.3340808153152466,1.0694713592529297,1.2694882154464722,2.1623282432556152,1.9979151487350464,1.644648790359497,1.7855859994888306,1.9518815279006958,1.6537673473358154,1.4569897651672363,1.7946218252182007,1.8355469703674316,1.509891152381897,1.6320470571517944,1.9771459102630615,1.866071105003357,1.7061331272125244,2.0299508571624756,1.8069430589675903,1.491807222366333,1.2957242727279663,1.5972172021865845,1.6136940717697144,1.26234769821167,1.3480218648910522,1.6914433240890503,1.5802743434906006,1.3969266414642334,1.7183188199996948,1.9406311511993408,1.7915996313095093,1.8482578992843628,2.202524423599243,1.1947723627090454,1.247862458229065,0.9139710068702698,0.7738865613937378,1.0882635116577148,1.065599799156189,0.7345351576805115,0.9106229543685913,1.2213631868362427,1.1170580387115479,1.025748610496521,1.3730961084365845,1.5487587451934814,1.4587750434875488,1.5749751329421997
A11,1.502637505531311,1.3966237306594849,1.208400011062622,1.0228939056396484,0.9587231874465942,0.8540123701095581,0.6256042718887329,0.5079067945480347,0.5416889190673828,0.3817993700504303,0.0,0.39404693245887756,0.554664671421051,0.522293746471405,0.6523077487945557,2.150855541229248,2.0942554473876953,1.72279691696167,1.6865217685699463,1.897355318069458,1.7056670188903809,1.3697130680084229,1.5870236158370972,1.7406673431396484,1.4180092811584473,1.3445591926574707,1.7141283750534058,1.6913684606552124,1.4184081554412842,1.625914216041565,2.2508890628814697,2.0416908264160156,1.7203075885772705,1.9282710552215576,2.0640392303466797,1.7381504774093628,1.6182838678359985,1.9752429723739624,1.9659959077835083,1.660144329071045,1.851822018623352,2.1671080589294434,2.0217514038085938,1.9158010482788086,2.2678515911102295,1.723677635192871,1.3679194450378418,1.2535679340362549,1.544844150543213,1.4726673364639282,1.1212440729141235,1.298752784729004,1.5904453992843628,1.4094924926757812,1.2879012823104858,1.6480885744094849,1.8013287782669067,1.6396052837371826,1.771048665046692,2.1166367530822754,1.3963220119476318,1.4333566427230835,1.1308001279830933,0.9188284873962402,1.1455857753753662,1.1239746809005737,0.7492613196372986,0.8116270899772644,1.1168757677078247,0.9859429001808167,0.7786789536476135,1.122695803642273,1.3187862634658813,1.181708812713623,1.2437506914138794
A12,1.628658413887024,1.51149582862854,1.4148273468017578,1.2130368947982788,1.0336722135543823,0.9864187240600586,0.8878657221794128,0.6419686675071716,0.5205237865447998,0.5550419092178345,0.39404693245887756,0.0,0.37991446256637573,0.5443081259727478,0.5390064120292664,2.375990867614746,2.3563458919525146,1.997671127319336,1.8982348442077637,2.1042418479919434,1.9553582668304443,1.5947022438049316,1.7394075393676758,1.9170328378677368,1.6090048551559448,1.4487651586532593,1.793565273284912,1.7996026277542114,1.4762169122695923,1.605055332183838,2.5927131175994873,2.4060325622558594,2.0734479427337646,2.2686972618103027,2.429917573928833,2.115007162094116,1.967411756515503,2.318943500518799,2.3294434547424316,2.008110523223877,2.164649724960327,2.4920601844787598,2.342575788497925,2.1950788497924805,2.5353946685791016,1.9905096292495728,1.6313085556030273,1.55876886844635,1.8806613683700562,1.8060647249221802,1.4768574237823486,1.6784532070159912,1.9680864810943604,1.7794814109802246,1.6770421266555786,2.040462017059326,2.1799910068511963,2.0046205520629883,2.1448822021484375,2.494762420654297,1.5093692541122437,1.6360927820205688,1.367030382156372,1.1067728996276855,1.3680133819580078,1.4300156831741333,1.079862117767334,1.0728449821472168,1.420508623123169,1.347847819328308,1.0981851816177368,1.390167236328125,1.6382625102996826,1.4953746795654297,1.4790890216827393
A13,1.8404325246810913,1.654971957206726,1.5421404838562012,1.4231785535812378,1.2318263053894043,1.0739282369613647,1.016874074935913,0.8916211724281311,0.6502152681350708,0.53313148021698,0.554664671421051,0.37991446256637573,0.0,0.3835185170173645,0.5668609738349915,2.4260900020599365,2.3662703037261963,2.0282113552093506,1.9232969284057617,2.0639488697052,1.8893629312515259,1.548261284828186,1.6583765745162964,1.774770975112915,1.4429019689559937,1.2793114185333252,1.5840731859207153,1.540930151939392,1.1906665563583374,1.3278976678848267,2.6859641075134277,2.5016863346099854,2.159964084625244,2.3058018684387207,2.446758985519409,2.128068208694458,1.9446133375167847,2.2627339363098145,2.262444257736206,1.9086081981658936,2.0283122062683105,2.346707344055176,2.1753056049346924,1.9852845668792725,2.3158562183380127,2.246260166168213,1.8994108438491821,1.7656019926071167,2.06775164604187,2.0219905376434326,1.6641688346862793,1.7990689277648926,2.106922149658203,1.9229992628097534,1.747784972190857,2.093937873840332,2.2596535682678223,2.045387029647827,2.130143642425537,2.4989712238311768,1.1781878471374512,1.3603415489196777,1.1407026052474976,0.8487562537193298,1.1370567083358765,1.2741409540176392,0.9846649765968323,0.9574198722839355,1.3345407247543335,1.3513178825378418,1.1601455211639404,1.416448712348938,1.6960474252700806,1.6374945640563965,1.6352910995483398
A14,1.996874451637268,1.8446048498153687,1.6618165969848633,1.5266391038894653,1.4225127696990967,1.2553056478500366,1.0853227376937866,1.0069290399551392,0.8897606730461121,0.6493895053863525,0.522293746471405,0.5443081259727478,0.3835185170173645,0.0,0.38175392150878906,2.5391554832458496,2.437911033630371,2.0863215923309326,2.049899101257324,2.1895768642425537,1.9601380825042725,1.6514471769332886,1.8272422552108765,1.899842619895935,1.5348035097122192,1.4614055156707764,1.7716068029403687,1.6627217531204224,1.3404792547225952,1.55656898021698,2.640089988708496,2.4102251529693604,2.0993268489837646,2.2691619396209717,2.354926109313965,2.0075843334198,1.878125548362732,2.1904566287994385,2.1274447441101074,1.777754306793213,1.953323245048523,2.231687068939209,2.0158531665802,1.8735047578811646,2.2327158451080322,2.2193615436553955,1.8624202013015747,1.7359836101531982,1.990185022354126,1.896714687347412,1.5272315740585327,1.6624422073364258,1.9296159744262695,1.699133038520813,1.5138564109802246,1.864384651184082,1.9901214838027954,1.7408391237258911,1.8420422077178955,2.2100069522857666,1.1124871969223022,1.2361226081848145,1.0543491840362549,0.713073194026947,0.8958555459976196,1.0445506572723389,0.7678227424621582,0.6270045638084412,1.0021226406097412,1.062332272529602,0.8485222458839417,1.055160403251648,1.360505223274231,1.34662663936615,1.3263342380523682
A15,2.1068873405456543,2.006746768951416,1.8535730838775635,1.6491215229034424,1.5367926359176636,1.4568305015563965,1.2761071920394897,1.0930261611938477,1.0313280820846558,0.9062647223472595,0.6523077487945557,0.5390064120292664,0.5668609738349915,0.38175392150878906,0.0,2.7922418117523193,2.72149920463562,2.3563570976257324,2.3143246173858643,2.492274045944214,2.2827975749969482,1.956889271736145,2.1350319385528564,2.243757963180542,1.8897666931152344,1.791119933128357,2.110644817352295,2.026893138885498,1.6920429468154907,1.87055242061615,2.8610315322875977,2.6190102100372314,2.322343587875366,2.532904863357544,2.623147964477539,2.271145820617676,2.17573618888855,2.506446123123169,2.4353880882263184,2.1037991046905518,2.305222511291504,2.5786936283111572,2.3573315143585205,2.2387173175811768,2.6039860248565674,2.2806756496429443,1.904961109161377,1.8537354469299316,2.1162075996398926,1.9687068462371826,1.6263283491134644,1.833103895187378,2.062443733215332,1.792980432510376,1.6793513298034668,2.0482568740844727,2.1166820526123047,1.8707505464553833,2.0365986824035645,2.386681318283081,1.471004843711853,1.6032156944274902,1.4307365417480469,1.0887813568115234,1.2247618436813354,1.3666470050811768,1.0755404233932495,0.8802518844604492,1.2135858535766602,1.2497539520263672,0.9398910999298096,1.0948693752288818,1.4226057529449463,1.3532410860061646,1.235069990158081
B1,1.1934709548950195,1.0613789558410645,1.0073130130767822,1.352829933166504,1.5024473667144775,1.4057817459106445,1.5344326496124268,1.8245482444763184,1.8953806161880493,1.9164503812789917,2.150855541229248,2.375990867614746,2.4260900020599365,2.5391554832458496,2.7922418117523193,0.0,0.3788919448852539,0.5473237037658691,0.5136817097663879,0.6218819618225098,0.8642695546150208,0.9782569408416748,1.0259114503860474,1.2109873294830322,1.4216926097869873,1.5139638185501099,1.6459728479385376,1.8602373600006104,2.0097908973693848,2.114407539367676,1.1222153902053833,1.3590446710586548,1.1338163614273071,0.9571523666381836,1.3201017379760742,1.4490221738815308,1.2241097688674927,1.3229479789733887,1.6806657314300537,1.6981602907180786,1.6007122993469238,1.8880319595336914,2.136141777038574,2.0799636840820312,2.142495632171631,1.6401981115341187,1.7354615926742554,1.434503197669983,1.5089163780212402,1.873090386390686,1.834821343421936,1.6381428241729736,1.9056668281555176,2.1759438514709473,2.0708115100860596,2.0833442211151123,2.434943914413452,2.563505172729492,2.4710581302642822,2.6390268802642822,2.4874520301818848,2.3334131240844727,2.0139145851135254,2.261045217514038,2.477097272872925,2.2138092517852783,2.0986499786376953,2.472038745880127,2.540311813354492,2.281679153442383,2.446153163909912,2.794431686401367,2.7082486152648926,2.5881731510162354,2.902467966079712
B2,1.4056055545806885,1.240997076034546,1.081784725189209,1.435559630393982,1.605484962463379,1.4332176446914673,1.5083423852920532,1.8471587896347046,1.9075400829315186,1.8523063659667969,2.0942554473876953,2.3563458919525146,2.3662703037261963,2.437911033630371,2.72149920463562,0.3788919448852539,0.0,0.3850950002670288,0.5431325435638428,0.5082165598869324,0.6149343252182007,0.8484570980072021,0.9578022360801697,1.0330313444137573,1.2307878732681274,1.4113185405731201,1.528117060661316,1.677314281463623,1.863077998161316,2.0192673206329346,0.9861635565757751,1.1875985860824585,0.966149628162384,0.6979060173034668,1.026201605796814,1.17073655128479,0.9247609972953796,0.964579701423645,1.335008144378662,1.3732991218566895,1.252709984779358,1.5194584131240845,1.785274624824524,1.7467889785766602,1.79292893409729,1.713592290878296,1.7810180187225342,1.4367845058441162,1.4662580490112305,1.8238213062286377,1.7543253898620605,1.496865153312683,1.7617504596710205,2.0333456993103027,1.8791093826293945,1.8562299013137817,2.226564884185791,2.3421499729156494,2.2053046226501465,2.3680245876312256,2.272449493408203,2.0790441036224365,1.7880034446716309,2.0732533931732178,2.2517473697662354,1.972730040550232,1.9135921001434326,2.2927701473236084,2.324411153793335,2.0893993377685547,2.3019793033599854,2.625774621963501,2.5271079540252686,2.4561445713043213,2.7877166271209717
B3,1.1500248908996582,0.9873261451721191,0.7488114833831787,1.0873361825942993,1.280413031578064,1.1025452613830566,1.1352598667144775,1.480695128440857,1.5668370723724365,1.5035148859024048,1.72279691696167,1.997671127319336,2.0282113552093506,2.0863215923309326,2.3563570976257324,0.5473237037658691,0.3850950002670288,0.0,0.37899112701416016,0.5475294589996338,0.5121414065361023,0.5970942974090576,0.8322373032569885,0.9677310585975647,1.0511001348495483,1.2202590703964233,1.4263837337493896,1.5544770956039429,1.67198646068573,1.859135389328003,0.9471651315689087,1.0409444570541382,0.7281767129898071,0.5844675302505493,0.9395253658294678,0.9659084677696228,0.7076666355133057,0.8977763652801514,1.21603262424469,1.1868566274642944,1.1503511667251587,1.4652732610702515,1.6623127460479736,1.6241329908370972,1.752018690109253,1.4380786418914795,1.449797511100769,1.0905817747116089,1.1656100749969482,1.5017426013946533,1.3964487314224243,1.1651850938796997,1.467366337776184,1.7058594226837158,1.5553245544433594,1.58478844165802,1.9482954740524292,2.0437543392181396,1.9453370571136475,2.1407103538513184,2.035040855407715,1.8502168655395508,1.5242595672607422,1.7741799354553223,1.9605416059494019,1.6790122985839844,1.576298475265503,1.9525644779205322,1.999623417854309,1.7469260692596436,1.9359604120254517,2.2713842391967773,2.1853041648864746,2.096331834793091,2.418325662612915
B4,0.9995574951171875,0.7477415800094604,0.6359521150588989,1.0149054527282715,1.1061960458755493,0.933398425579071,1.0903927087783813,1.393134355545044,1.4168258905410767,1.4226218461990356,1.6865217685699463,1.8982348442077637,1.9232969284057617,2.049899101257324,2.3143246173858643,0.5136817097663879,0.5431325435638428,0.37899112701416016,0.0,0.3850301504135132,0.5465326905250549,0.4964233338832855,0.5836371183395386,0.8401318788528442,0.975275993347168,1.0322321653366089,1.227484941482544,1.436396837234497,1.534175157546997,1.6522225141525269,1.2923105955123901,1.3988127708435059,1.069288969039917,0.9634444713592529,1.3144716024398804,1.3091720342636108,1.0133750438690186,1.2114225625991821,1.5284368991851807,1.4328652620315552,1.3543142080307007,1.7049388885498047,1.8827277421951294,1.7733970880508423,1.8964732885360718,1.578726887702942,1.5573416948318481,1.225811243057251,1.3944429159164429,1.709816336631775,1.5752778053283691,1.4132229089736938,1.7474045753479004,1.9445863962173462,1.7954214811325073,1.8827308416366577,2.238097667694092,2.2999351024627686,2.222102642059326,2.451247215270996,2.0191893577575684,1.900227427482605,1.5622508525848389,1.7832390069961548,2.02984619140625,1.8012827634811401,1.659486174583435,2.0264089107513428,2.139587640762329,1.9088698625564575,2.046595335006714,2.4053385257720947,2.3717713356018066,2.263413906097412,2.5513360500335693
B5,1.3746510744094849,1.090951919555664,0.9907431602478027,1.3669891357421875,1.4199061393737793,1.18375563621521,1.3514536619186401,1.6728260517120361,1.6348016262054443,1.5916472673416138,1.897355318069458,2.1042418479919434,2.0639488697052,2.1895768642425537,2.492274045944214,0.6218819618225098,0.5082165598869324,0.5475294589996338,0.3850301504135132,0.0,0.37887144088745117,0.5421521663665771,0.4832018315792084,0.5929027199745178,0.8557590842247009,0.967143714427948,1.046358585357666,1.2495368719100952,1.435815691947937,1.5442689657211304,1.4359980821609497,1.56135892868042,1.2598379850387573,1.0494357347488403,1.3530068397521973,1.384527564048767,1.0431808233261108,1.1340073347091675,1.478347897529602,1.3868319988250732,1.2090108394622803,1.542946219444275,1.7584636211395264,1.6132668256759644,1.6684162616729736,1.9301164150238037,1.9085888862609863,1.5576854944229126,1.6911849975585938,2.0075442790985107,1.8516510725021362,1.6418474912643433,1.9717377424240112,2.170534610748291,1.9684555530548096,2.0223615169525146,2.3987205028533936,2.4399232864379883,2.3053839206695557,2.533184051513672,1.954471468925476,1.8272727727890015,1.5386675596237183,1.8122079372406006,2.0465426445007324,1.8339729309082031,1.762410044670105,2.13211989402771,2.232776403427124,2.051229238510132,2.2291014194488525,2.56649112701416,2.540973424911499,2.4847328662872314,2.7789905071258545
B6,1.4748722314834595,1.203696370124817,0.9915291666984558,1.3347504138946533,1.421091914176941,1.1293377876281738,1.2090100049972534,1.5678967237472534,1.5398248434066772,1.4124906063079834,1.7056670188903809,1.9553582668304443,1.8893629312515259,1.9601380825042725,2.2827975749969482,0.8642695546150208,0.6149343252182007,0.5121414065361023,0.5465326905250549,0.37887144088745117,0.0,0.38172072172164917,0.5304070115089417,0.4909394085407257,0.6226091980934143,0.862835168838501,0.9910275936126709,1.0834468603134155,1.266634225845337,1.4627048969268799,1.3512213230133057,1.39553701877594,1.0837292671203613,0.8805392384529114,1.1207042932510376,1.0920361280441284,0.7234500646591187,0.8300383687019348,1.1403626203536987,1.013779640197754,0.8481184244155884,1.2026715278625488,1.3916081190109253,1.2584683895111084,1.3528684377670288,1.8765891790390015,1.8165651559829712,1.4430444240570068,1.5512027740478516,1.8373397588729858,1.6444344520568848,1.4029016494750977,1.7343519926071167,1.909927487373352,1.6668639183044434,1.7145310640335083,2.095930576324463,2.1123480796813965,1.9561059474945068,2.194662570953369,1.6699703931808472,1.4988398551940918,1.2177447080612183,1.5187819004058838,1.7161478996276855,1.4844673871994019,1.4522573947906494,1.8248014450073242,1.895095944404602,1.7319180965423584,1.9439623355865479,2.2591490745544434,2.2278473377227783,2.2103638648986816,2.512376308441162
B7,1.2253100872039795,0.9252656102180481,0.7132262587547302,1.0307561159133911,1.0675472021102905,0.7540823817253113,0.8684133291244507,1.2087775468826294,1.1617923974990845,1.0642729997634888,1.3697130680084229,1.5947022438049316,1.548261284828186,1.6514471769332886,1.956889271736145,0.9782569408416748,0.8484570980072021,0.5970942974090576,0.4964233338832855,0.5421521663665771,0.38172072172164917,0.0,0.38036438822746277,0.5432853698730469,0.5119360685348511,0.6296514272689819,0.8885883688926697,1.016018271446228,1.0856925249099731,1.2721929550170898,1.491424560546875,1.4862858057022095,1.124150037765503,1.0454462766647339,1.3071141242980957,1.1877903938293457,0.8393771648406982,1.0749300718307495,1.319764494895935,1.1142172813415527,1.040125846862793,1.4258160591125488,1.5307447910308838,1.371750831604004,1.545070767402649,1.7308142185211182,1.610999584197998,1.2569725513458252,1.4490540027618408,1.6961369514465332,1.4636292457580566,1.2995045185089111,1.6674693822860718,1.7891438007354736,1.5642553567886353,1.694024682044983,2.0523416996002197,2.038712501525879,1.9414876699447632,2.2193288803100586,1.5232335329055786,1.4110395908355713,1.074160099029541,1.3058475255966187,1.5584629774093628,1.3600883483886719,1.24239182472229,1.605933666229248,1.7381184101104736,1.5658739805221558,1.7147284746170044,2.0577034950256348,2.0690033435821533,2.015794515609741,2.2858688831329346
B8,1.3493989706039429,0.9950602650642395,0.9238065481185913,1.251806616783142,1.1934846639633179,0.8948124647140503,1.1245501041412354,1.4065008163452148,1.2768957614898682,1.2389401197433472,1.5870236158370972,1.7394075393676758,1.6583765745162964,1.8272422552108765,2.1350319385528564,1.0259114503860474,0.9578022360801697,0.8322373032569885,0.5836371183395386,0.4832018315792084,0.5304070115089417,0.38036438822746277,0.0,0.382030725479126,0.5431507229804993,0.50724858045578,0.6462270617485046,0.895537793636322,1.0081045627593994,1.0892114639282227,1.7733794450759888,1.8189290761947632,1.4675213098526,1.3431828022003174,1.6183971166610718,1.5397603511810303,1.1760889291763306,1.3443025350570679,1.6168689727783203,1.4101104736328125,1.2556654214859009,1.6319434642791748,1.7562617063522339,1.5367087125778198,1.6505461931228638,2.027108669281006,1.9162983894348145,1.5813560485839844,1.795459508895874,2.05082106590271,1.8218579292297363,1.6763522624969482,2.0450453758239746,2.1637730598449707,1.9366837739944458,2.0695765018463135,2.4292685985565186,2.4027981758117676,2.2947843074798584,2.5779874324798584,1.6049450635910034,1.555600643157959,1.2580119371414185,1.4811654090881348,1.7690898180007935,1.6283581256866455,1.522721767425537,1.8637418746948242,2.033022403717041,1.8979852199554443,2.024235963821411,2.366834878921509,2.4108755588531494,2.360708475112915,2.608934164047241
B9,1.699493169784546,1.3590447902679443,1.2302064895629883,1.5510133504867554,1.519088864326477,1.1832529306411743,1.3457375764846802,1.6562265157699585,1.511789083480835,1.3876973390579224,1.7406673431396484,1.9170328378677368,1.774770975112915,1.899842619895935,2.243757963180542,1.2109873294830322,1.0330313444137573,0.9677310585975647,0.8401318788528442,0.5929027199745178,0.4909394085407257,0.5432853698730469,0.382030725479126,0.0,0.3869350552558899,0.5440763235092163,0.523047685623169,0.6619507074356079,0.9011003375053406,1.0371778011322021,1.8421599864959717,1.8727519512176514,1.5486125946044922,1.3658208847045898,1.572837233543396,1.5021419525146484,1.1232917308807373,1.2033463716506958,1.4582210779190063,1.2448254823684692,1.0119209289550781,1.3639150857925415,1.4985899925231934,1.2459899187088013,1.309684157371521,2.2643630504608154,2.153179407119751,1.795183777809143,1.9612245559692383,2.2110142707824707,1.9655721187591553,1.7688517570495605,2.122520685195923,2.238657236099243,1.9614381790161133,2.0567662715911865,2.427875280380249,2.3794305324554443,2.216136932373047,2.4947493076324463,1.4474254846572876,1.3631888628005981,1.1335619688034058,1.420742154121399,1.6646840572357178,1.5312774181365967,1.5166537761688232,1.8523600101470947,1.985180139541626,1.901462197303772,2.0792996883392334,2.385434865951538,2.4255640506744385,2.4357144832611084,2.6946115493774414
B10,1.6824281215667725,1.356799840927124,1.1691920757293701,1.4243396520614624,1.3878003358840942,1.0175050497055054,1.113287091255188,1.419301152229309,1.2643717527389526,1.0716413259506226,1.4180092811584473,1.6090048551559448,1.4429019689559937,1.5348035097122192,1.8897666931152344,1.4216926097869873,1.2307878732681274,1.0511001348495483,0.975275993347168,0.8557590842247009,0.6226091980934143,0.5119360685348511,0.5431507229804993,0.3869350552558899,0.0,0.38019126653671265,0.5478625297546387,0.5286932587623596,0.6510699987411499,0.9033869504928589,1.8790117502212524,1.8320940732955933,1.4917577505111694,1.3835475444793701,1.5491061210632324,1.388230323791504,1.0293245315551758,1.182074785232544,1.3511064052581787,1.0579825639724731,0.9079475998878479,1.2806925773620605,1.320582628250122,1.056284785270691,1.2242799997329712,2.170016288757324,2.003526210784912,1.6553267240524292,1.8378448486328125,2.0333046913146973,1.7432509660720825,1.5743616819381714,1.9344722032546997,1.9935945272445679,1.6961091756820679,1.834376335144043,2.185620069503784,2.093648910522461,1.949091911315918,2.2590224742889404,1.1024810075759888,1.0206190347671509,0.7579601407051086,1.0343636274337769,1.28680419921875,1.172795295715332,1.1509045362472534,1.473522663116455,1.6231541633605957,1.5661653280258179,1.7314825057983398,2.0269975662231445,2.094576597213745,2.122173547744751,2.361234426498413
B11,1.5910406112670898,1.2352862358093262,1.1409214735031128,1.366245985031128,1.2311863899230957,0.8753955364227295,1.0742045640945435,1.3038074970245361,1.0711300373077393,0.9657023549079895,1.3445591926574707,1.4487651586532593,1.2793114185333252,1.4614055156707764,1.791119933128357,1.5139638185501099,1.4113185405731201,1.2202590703964233,1.0322321653366089,0.967143714427948,0.862835168838501,0.6296514272689819,0.50724858045578,0.5440763235092163,0.38019126653671265,0.0,0.38928601145744324,0.5479503273963928,0.5198148488998413,0.6434912085533142,2.113882541656494,2.0806572437286377,1.7171424627304077,1.6471951007843018,1.8585721254348755,1.6900941133499146,1.3389440774917603,1.5325236320495605,1.7106266021728516,1.4095377922058105,1.286920428276062,1.6595946550369263,1.6793752908706665,1.3981167078018188,1.5681794881820679,2.237347364425659,2.046180009841919,1.7318059206008911,1.9771562814712524,2.157957077026367,1.859686255455017,1.7589892148971558,2.136101007461548,2.168686866760254,1.903090238571167,2.0922393798828125,2.4246888160705566,2.3206000328063965,2.2223782539367676,2.549936056137085,1.1640607118606567,1.200789213180542,0.9319970011711121,1.0956478118896484,1.4187450408935547,1.373475193977356,1.272730827331543,1.5581637620925903,1.7816212177276611,1.7275373935699463,1.816860556602478,2.1337900161743164,2.248472213745117,2.237121820449829,2.435474157333374
B12,1.900604486465454,1.5301824808120728,1.4713956117630005,1.7291488647460938,1.586591124534607,1.2466751337051392,1.461557149887085,1.6878840923309326,1.435239553451538,1.3348169326782227,1.7141283750534058,1.793565273284912,1.5840731859207153,1.7716068029403687,2.110644817352295,1.6459728479385376,1.528117060661316,1.4263837337493896,1.227484941482544,1.046358585357666,0.9910275936126709,0.8885883688926697,0.6462270617485046,0.523047685623169,0.5478625297546387,0.38928601145744324,0.0,0.37845662236213684,0.5462867617607117,0.5411850810050964,2.3284645080566406,2.3291664123535156,1.9833024740219116,1.8503987789154053,2.0484049320220947,1.9225504398345947,1.5535399913787842,1.6666706800460815,1.863201379776001,1.5809671878814697,1.3731611967086792,1.7105263471603394,1.7595106363296509,1.4347044229507446,1.5176095962524414,2.5812363624572754,2.412842035293579,2.0865752696990967,2.310645341873169,2.5128557682037354,2.2225239276885986,2.0898661613464355,2.45978045463562,2.5095348358154297,2.2226359844207764,2.379103183746338,2.724587917327881,2.616133213043213,2.4772331714630127,2.7951455116271973,1.2594120502471924,1.3154598474502563,1.1404355764389038,1.338222622871399,1.632543683052063,1.6166553497314453,1.583438754081726,1.8527578115463257,2.0600175857543945,2.0447144508361816,2.1591477394104004,2.453307628631592,2.570466995239258,2.5897891521453857,2.7904610633850098
B13,2.122488498687744,1.7704521417617798,1.6430044174194336,1.8743304014205933,1.7638927698135376,1.3969693183898926,1.5289238691329956,1.7704015970230103,1.5251444578170776,1.3340808153152466,1.6913684606552124,1.7996026277542114,1.540930151939392,1.6627217531204224,2.026893138885498,1.8602373600006104,1.677314281463623,1.5544770956039429,1.436396837234497,1.2495368719100952,1.0834468603134155,1.016018271446228,0.895537793636322,0.6619507074356079,0.5286932587623596,0.5479503273963928,0.37845662236213684,0.0,0.38279205560684204,0.5709629654884338,2.384559154510498,2.3393099308013916,2.010453462600708,1.8812395334243774,2.0139400959014893,1.8548331260681152,1.505957007408142,1.5920279026031494,1.7214258909225464,1.4088575839996338,1.2033171653747559,1.504676103591919,1.4977024793624878,1.1438475847244263,1.2409560680389404,2.681621551513672,2.4923152923583984,2.1586625576019287,2.353823661804199,2.5255699157714844,2.2114155292510986,2.060716390609741,2.4134440422058105,2.43367338180542,2.1105823516845703,2.2573227882385254,2.5913586616516113,2.4469075202941895,2.2808825969696045,2.6044161319732666,0.9479713439941406,0.9913600087165833,0.8983299732208252,1.1213327646255493,1.3673936128616333,1.3833763599395752,1.423798680305481,1.6636927127838135,1.8445916175842285,1.8872427940368652,2.029628038406372,2.2810869216918945,2.406864643096924,2.479804754257202,2.675222635269165
