,A1,A2,A3,A4,A5,A6,A7,A8,A9,A10,A11,A12,A13,A14,A15,B1,B2,B3,B4,B5,B6,B7,B8,B9,B10,B11,B12,B13,B14,B15,C1,C2,C3,C4,C5,C6,C7,C8,C9,C10,C11,C12,C13,C14,C15,D1,D2,D3,D4,D5,D6,D7,D8,D9,D10,D11,D12,D13,D14,D15,E1,E2,E3,E4,E5,E6,E7,E8,E9,E10,E11,E12,E13,E14,E15
A1,0.0,0.3792957365512848,0.5933378338813782,0.861987292766571,1.1456420421600342,1.4379916191101074,1.745861291885376,1.9154844284057617,2.2285852432250977,2.3439996242523193,2.713742733001709,2.935784339904785,3.2341179847717285,3.5146896839141846,3.682041883468628,4.005519866943359,3.653860569000244,3.545714855194092,3.196528434753418,3.0590341091156006,2.805638313293457,2.5185177326202393,2.574068784713745,2.5611722469329834,2.340873956680298,2.4056506156921387,2.202709674835205,2.4727392196655273,2.317479133605957,2.5904862880706787,2.2102580070495605,1.9447822570800781,2.207780599594116,2.1511988639831543,2.2776148319244385,2.4949121475219727,2.491140127182007,2.875614881515503,3.0290629863739014,2.847243547439575,3.158099889755249,3.1650240421295166,3.3692240715026855,3.528275966644287,3.5132806301116943,3.7792887687683105,3.501546621322632,3.238212823867798,3.177121639251709,2.8132989406585693,2.805006980895996,2.481888771057129,2.6388869285583496,2.3333685398101807,2.042612314224243,1.8583898544311523,1.5860482454299927,1.3463780879974365,1.1944570541381836,0.832443356513977,2.6916768550872803,2.575092077255249,2.2481839656829834,2.062242031097412,1.8702576160430908,1.5862486362457275,1.618076205253601,1.2324682474136353,1.259181022644043,1.625520944595337,1.6531225442886353,2.0272510051727295,2.1246917247772217,2.480205535888672,2.6876916885375977
A2,0.3792957365512848,0.0,0.39124658703804016,0.5845781564712524,0.8569949865341187,1.1672443151474,1.4399621486663818,1.660744071006775,1.9592652320861816,2.0336694717407227,2.4113330841064453,2.608961582183838,2.913555383682251,3.181657552719116,3.3425402641296387,3.628498077392578,3.277791738510132,3.166950225830078,2.8173961639404297,2.681541681289673,2.4301488399505615,2.1476950645446777,2.2154886722564697,2.2196595668792725,2.001474380493164,2.099771738052368,1.9200937747955322,2.220646619796753,2.107158899307251,2.3856699466705322,2.106904983520508,1.7984418869018555,2.0142955780029297,1.9125674962997437,2.004401922225952,2.1925172805786133,2.1580586433410645,2.544379234313965,2.6852777004241943,2.4899444580078125,2.8001317977905273,2.798327922821045,3.0119423866271973,3.165501356124878,3.1625795364379883,3.423710823059082,3.1414895057678223,2.875113010406494,2.8033595085144043,2.4388320446014404,2.4260101318359375,2.1032676696777344,2.267012357711792,1.9694664478302002,1.6753108501434326,1.5135031938552856,1.254861831665039,1.045153021812439,0.9565085768699646,0.6250468492507935,2.517427444458008,2.359910011291504,2.0258190631866455,1.8226972818374634,1.5877259969711304,1.2908695936203003,1.271425485610962,0.8848670721054077,0.8802706599235535,1.2463111877441406,1.2881641387939453,1.6641963720321655,1.784747838973999,2.1419026851654053,2.353930711746216
A3,0.5933378338813782,0.39124658703804016,0.0,0.39366838335990906,0.5676013231277466,0.8902625441551208,1.1808134317398071,1.354544997215271,1.647049903869629,1.7651628255844116,2.1282474994659424,2.3624396324157715,2.6519277095794678,2.9424889087677,3.113877296447754,3.612492084503174,3.2620699405670166,3.111114978790283,2.7826051712036133,2.5964975357055664,2.3514928817749023,2.0303280353546143,2.0934536457061768,2.0351016521453857,1.7883776426315308,1.8319147825241089,1.6128442287445068,1.8838661909103394,1.7413660287857056,2.0201404094696045,1.9107210636138916,1.6037752628326416,1.7931805849075317,1.7449719905853271,1.8003062009811401,2.0333757400512695,2.002187490463257,2.3935205936431885,2.51399827003479,2.3278822898864746,2.623868227005005,2.6475398540496826,2.8333165645599365,3.01865816116333,3.0060477256774902,3.3532874584198,3.050680160522461,2.8237063884735107,2.740079879760742,2.398338556289673,2.3996195793151855,2.0737037658691406,2.2926478385925293,2.041003704071045,1.714294195175171,1.6303300857543945,1.3565828800201416,1.2483664751052856,1.157374382019043,0.8949125409126282,2.418079137802124,2.2395217418670654,1.9456170797348022,1.681417465209961,1.494917631149292,1.1469314098358154,1.150489330291748,0.7553409337997437,0.8824790120124817,1.2311933040618896,1.356900691986084,1.715938687324524,1.910083532333374,2.2467193603515625,2.491574287414551
A4,0.861987292766571,0.5845781564712524,0.39366838335990906,0.0,0.3825753331184387,0.5962343811988831,0.9056516289710999,1.0939745903015137,1.417116403579712,1.5188624858856201,1.8969091176986694,2.111534357070923,2.4310073852539062,2.6966795921325684,2.8956472873687744,3.3414530754089355,2.981663942337036,2.8433759212493896,2.531148910522461,2.3483664989471436,2.145944118499756,1.822754979133606,1.9546756744384766,1.907550573348999,1.6238871812820435,1.712517499923706,1.4821691513061523,1.7708286046981812,1.6461323499679565,1.884009599685669,1.6266288757324219,1.290178894996643,1.4583053588867188,1.3697859048843384,1.4373754262924194,1.6579291820526123,1.6485916376113892,2.03523588180542,2.1862430572509766,2.030113697052002,2.3526504039764404,2.409677267074585,2.627605676651001,2.831804037094116,2.864572048187256,3.2326555252075195,2.9127063751220703,2.685610771179199,2.551764965057373,2.213630437850952,2.163031816482544,1.814660668373108,2.02018141746521,1.7825888395309448,1.4321972131729126,1.3647271394729614,1.0585789680480957,1.03352952003479,0.9282874464988708,0.7807675004005432,2.0554468631744385,1.861436128616333,1.563011646270752,1.299364686012268,1.101288080215454,0.759485125541687,0.8078723549842834,0.44519323110580444,0.6904557347297668,1.0276683568954468,1.241724967956543,1.5907450914382935,1.813279151916504,2.1551871299743652,2.372392416000366
A5,1.1456420421600342,0.8569949865341187,0.5676013231277466,0.3825753331184387,0.0,0.3854178786277771,0.6163116097450256,0.8347408771514893,1.1049057245254517,1.199601411819458,1.5683542490005493,1.7980879545211792,2.095899820327759,2.381229877471924,2.567037343978882,3.182910919189453,2.834044933319092,2.652031898498535,2.3536717891693115,2.1268866062164307,1.9138803482055664,1.5645709037780762,1.6712522506713867,1.5772238969802856,1.2851169109344482,1.3398940563201904,1.1053705215454102,1.400072693824768,1.3016252517700195,1.5648058652877808,1.6957322359085083,1.350401759147644,1.426148533821106,1.3556793928146362,1.3207861185073853,1.5471522808074951,1.4838356971740723,1.875167965888977,1.9694684743881226,1.788262963294983,2.079582691192627,2.131999969482422,2.3169822692871094,2.5330841541290283,2.5473501682281494,2.970289945602417,2.6407549381256104,2.448286771774292,2.3201115131378174,2.0072269439697266,1.9932016134262085,1.664735198020935,1.931991696357727,1.749770164489746,1.3996890783309937,1.4318983554840088,1.183589220046997,1.2411205768585205,1.2207823991775513,1.1175490617752075,2.142993211746216,1.899595856666565,1.647423505783081,1.3202431201934814,1.135217308998108,0.7470166683197021,0.7013843655586243,0.39078742265701294,0.6776119470596313,0.9232686161994934,1.1817162036895752,1.485192060470581,1.767892599105835,2.0716166496276855,2.324679374694824
A6,1.4379916191101074,1.1672443151474,0.8902625441551208,0.5962343811988831,0.3854178786277771,0.0,0.373337060213089,0.5016286373138428,0.8327329754829407,0.9695642590522766,1.3348220586776733,1.5758503675460815,1.8958942890167236,2.166193723678589,2.396317958831787,3.084135055541992,2.730498790740967,2.5454471111297607,2.2864115238189697,2.0404040813446045,1.8907392024993896,1.5319253206253052,1.7081094980239868,1.5873963832855225,1.246045708656311,1.2994824647903442,1.0193753242492676,1.2791361808776855,1.1648838520050049,1.3538577556610107,1.3918417692184448,1.0410408973693848,1.059829831123352,1.0046436786651611,0.9529664516448975,1.2167954444885254,1.203354001045227,1.582171082496643,1.7057119607925415,1.584426760673523,1.8937456607818604,2.0107200145721436,2.208906888961792,2.4654576778411865,2.5226681232452393,3.007786750793457,2.6579272747039795,2.4921276569366455,2.3094401359558105,2.025094985961914,1.9612858295440674,1.6213862895965576,1.8872805833816528,1.7513443231582642,1.3859567642211914,1.4633591175079346,1.199673056602478,1.3519282341003418,1.3009260892868042,1.2894542217254639,1.8239740133285522,1.563943862915039,1.3548598289489746,0.9929314255714417,0.8765599727630615,0.5034879446029663,0.5849223732948303,0.5004194974899292,0.871442437171936,1.036638617515564,1.3718950748443604,1.6339507102966309,1.9431525468826294,2.232712507247925,2.4608681201934814
A7,1.745861291885376,1.4399621486663818,1.1808134317398071,0.9056516289710999,0.6163116097450256,0.373337060213089,0.0,0.39518868923187256,0.581561803817749,0.6163408756256104,0.9977035522460938,1.214323878288269,1.5379692316055298,1.803659439086914,2.026245355606079,2.7855701446533203,2.4427504539489746,2.228759288787842,1.9896808862686157,1.714260220527649,1.5797635316848755,1.212544560432434,1.4056940078735352,1.2669858932495117,0.9103373289108276,0.9911911487579346,0.7471845746040344,1.0399724245071411,1.0252777338027954,1.2057322263717651,1.5803329944610596,1.2348929643630981,1.1339778900146484,1.0342100858688354,0.846359372138977,1.0474700927734375,0.9455854296684265,1.3215774297714233,1.3865209817886353,1.2385890483856201,1.5300066471099854,1.6487473249435425,1.8396189212799072,2.1058568954467773,2.1738979816436768,2.6917338371276855,2.3333241939544678,2.194201946258545,1.9952706098556519,1.7415450811386108,1.6863027811050415,1.3708213567733765,1.6765011548995972,1.605999231338501,1.2632641792297363,1.4348183870315552,1.2495611906051636,1.470872163772583,1.4996154308319092,1.536958932876587,1.902179479598999,1.5910742282867432,1.4235804080963135,1.0502783060073853,0.9153401255607605,0.6047503352165222,0.5249441862106323,0.6354649066925049,0.9215404987335205,0.9458707571029663,1.3084825277328491,1.4954551458358765,1.8420964479446411,2.086486577987671,2.320573091506958
A8,1.9154844284057617,1.660744071006775,1.354544997215271,1.0939745903015137,0.8347408771514893,0.5016286373138428,0.39518868923187256,0.0,0.3824676275253296,0.6401252746582031,0.9354685544967651,1.226348876953125,1.5260241031646729,1.8042842149734497,2.069201707839966,3.0281779766082764,2.691669225692749,2.4653265476226807,2.2701416015625,1.9713597297668457,1.8808380365371704,1.5140795707702637,1.707703948020935,1.5113605260849,1.14522123336792,1.1225298643112183,0.7977115511894226,0.953157901763916,0.8359711766242981,0.9268565773963928,1.3459374904632568,1.0502259731292725,0.9034314155578613,0.9376042485237122,0.7419893145561218,1.0461020469665527,1.0438183546066284,1.3677616119384766,1.447722315788269,1.384920358657837,1.652480125427246,1.8363211154937744,1.9939968585968018,2.3009586334228516,2.374225378036499,2.966433525085449,2.5997588634490967,2.501746892929077,2.2867116928100586,2.069490432739258,2.0034632682800293,1.699629545211792,1.998634696006775,1.9533034563064575,1.6096469163894653,1.7741479873657227,1.555777907371521,1.778482437133789,1.7436586618423462,1.7757686376571655,1.7822093963623047,1.4883754253387451,1.4003417491912842,1.001258134841919,1.0196332931518555,0.7692948579788208,0.8539422154426575,0.9487630724906921,1.2835341691970825,1.3380985260009766,1.7015529870986938,1.888484239578247,2.2367188930511475,2.4767301082611084,2.7076213359832764
A9,2.2285852432250977,1.9592652320861816,1.647049903869629,1.417116403579712,1.1049057245254517,0.8327329754829407,0.581561803817749,0.3824676275253296,0.0,0.37612006068229675,0.5778782367706299,0.9096411466598511,1.1705600023269653,1.4709057807922363,1.7296422719955444,2.8984851837158203,2.5861799716949463,2.3183438777923584,2.1606292724609375,1.8230619430541992,1.7506479024887085,1.3899987936019897,1.5593763589859009,1.3099212646484375,0.9586979746818542,0.8735142946243286,0.5705600380897522,0.6517178416252136,0.6395657062530518,0.6896056532859802,1.6362048387527466,1.3734019994735718,1.1506379842758179,1.1817305088043213,0.8850094676017761,1.1135293245315552,1.0343365669250488,1.3036214113235474,1.2861943244934082,1.2133797407150269,1.4109941720962524,1.6055965423583984,1.711623191833496,2.0390214920043945,2.1038177013397217,2.7591662406921387,2.389511823654175,2.3442771434783936,2.129875659942627,1.967215895652771,1.9326006174087524,1.680037260055542,2.0130279064178467,2.032259702682495,1.7242199182510376,1.9526104927062988,1.793155312538147,2.0425662994384766,2.0565850734710693,2.0981249809265137,2.0116281509399414,1.6916886568069458,1.6558879613876343,1.2678786516189575,1.2854633331298828,1.0753328800201416,1.0674721002578735,1.212857723236084,1.4916006326675415,1.4648082256317139,1.8177061080932617,1.9394923448562622,2.310293674468994,2.500701427459717,2.7441399097442627
A10,2.3439996242523193,2.0336694717407227,1.7651628255844116,1.5188624858856201,1.199601411819458,0.9695642590522766,0.6163408756256104,0.6401252746582031,0.37612006068229675,0.0,0.38999396562576294,0.6176047921180725,0.9273076057434082,1.2055621147155762,1.442905068397522,2.5357186794281006,2.230480432510376,1.9510104656219482,1.7971380949020386,1.4513990879058838,1.3903932571411133,1.0421875715255737,1.238139033317566,1.013445258140564,0.6679663062095642,0.6905691027641296,0.5430812239646912,0.7273757457733154,0.8861202001571655,0.9638565182685852,1.8814356327056885,1.591168999671936,1.3478790521621704,1.2743961811065674,0.930755078792572,1.02955961227417,0.8318765163421631,1.0923526287078857,1.005514144897461,0.8668470978736877,1.0574995279312134,1.2332464456558228,1.3605401515960693,1.6813534498214722,1.7693780660629272,2.408280849456787,2.0361485481262207,1.9923701286315918,1.7626979351043701,1.6182284355163574,1.585029125213623,1.362443208694458,1.7091137170791626,1.7726613283157349,1.5031570196151733,1.782964825630188,1.691974401473999,1.9718047380447388,2.050105333328247,2.1263420581817627,2.1086513996124268,1.757935881614685,1.7038825750350952,1.3449496030807495,1.2848048210144043,1.1101633310317993,0.9931087493896484,1.2145863771438599,1.4164601564407349,1.2977417707443237,1.6400994062423706,1.698432445526123,2.075085401535034,2.2289443016052246,2.462733268737793
A11,2.713742733001709,2.4113330841064453,2.1282474994659424,1.8969091176986694,1.5683542490005493,1.3348220586776733,0.9977035522460938,0.9354685544967651,0.5778782367706299,0.38999396562576294,0.0,0.37416037917137146,0.5941340327262878,0.8998246192932129,1.1576515436172485,2.5483949184417725,2.278765916824341,1.964856505393982,1.8804799318313599,1.5079623460769653,1.5009104013442993,1.2005826234817505,1.3624099493026733,1.0926334857940674,0.8284493684768677,0.7572817206382751,0.6951032876968384,0.6918604373931885,0.9220133423805237,0.8938109278678894,2.0938515663146973,1.8472957611083984,1.5553942918777466,1.5240874290466309,1.1526682376861572,1.2150791883468628,1.0246572494506836,1.1641045808792114,0.9822743535041809,0.8998101949691772,0.9587123990058899,1.1784805059432983,1.2212826013565063,1.5776416063308716,1.6683484315872192,2.388770580291748,2.0202856063842773,2.050623655319214,1.8168927431106567,1.7530850172042847,1.7385125160217285,1.5817205905914307,1.9265953302383423,2.0488359928131104,1.81685471534729,2.1235063076019287,2.0575358867645264,2.3502655029296875,2.43334698677063,2.5159313678741455,2.3014349937438965,1.95010244846344,1.9617818593978882,1.6182703971862793,1.609517216682434,1.4759427309036255,1.3747066259384155,1.603969931602478,1.796149492263794,1.6511086225509644,1.9753117561340332,1.9873836040496826,2.3657984733581543,2.4757583141326904,2.7072231769561768
A12,2.935784339904785,2.608961582183838,2.3624396324157715,2.111534357070923,1.7980879545211792,1.5758503675460815,1.214323878288269,1.226348876953125,0.9096411466598511,0.6176047921180725,0.37416037917137146,0.0,0.38215842843055725,0.5904428958892822,0.8584297299385071,2.21246337890625,1.9630481004714966,1.6370123624801636,1.599284291267395,1.2254130840301514,1.2867982387542725,1.0569679737091064,1.2508792877197266,1.0401006937026978,0.8564962148666382,0.8988502621650696,0.9668996334075928,1.0113872289657593,1.284257173538208,1.257685661315918,2.3235058784484863,2.0701613426208496,1.7591824531555176,1.66255784034729,1.2798190116882324,1.2258836030960083,0.9717084765434265,1.0193480253219604,0.7358843684196472,0.638965368270874,0.6033468246459961,0.8581013083457947,0.913566529750824,1.2805426120758057,1.430808424949646,2.1397600173950195,1.7740880250930786,1.8271145820617676,1.5600565671920776,1.5527558326721191,1.5207539796829224,1.4247181415557861,1.7494609355926514,1.9333255290985107,1.75894033908844,2.100621461868286,2.0952863693237305,2.4135210514068604,2.5374722480773926,2.6576199531555176,2.395477294921875,2.030273914337158,2.047924757003784,1.7478094100952148,1.7053011655807495,1.6281095743179321,1.4821473360061646,1.7647212743759155,1.9020496606826782,1.6913810968399048,1.993736743927002,1.9404878616333008,2.3061492443084717,2.3717007637023926,2.5745158195495605
A13,3.2341179847717285,2.913555383682251,2.6519277095794678,2.4310073852539062,2.095899820327759,1.8958942890167236,1.5379692316055298,1.5260241031646729,1.1705600023269653,0.9273076057434082,0.5941340327262878,0.38215842843055725,0.0,0.3727336525917053,0.5796676278114319,2.310166835784912,2.1108298301696777,1.752861499786377,1.7657992839813232,1.3861973285675049,1.451143503189087,1.2716939449310303,1.3782132863998413,1.1314148902893066,1.0457520484924316,0.9997100830078125,1.1309961080551147,1.0766911506652832,1.3898348808288574,1.3363085985183716,2.637429714202881,2.4031834602355957,2.0846469402313232,2.0211598873138428,1.6367477178573608,1.5911833047866821,1.3466765880584717,1.34842848777771,1.022706389427185,0.9381423592567444,0.7448838949203491,0.935702383518219,0.8322718739509583,1.1996387243270874,1.3098740577697754,2.0872671604156494,1.7422021627426147,1.8752260208129883,1.6465808153152466,1.7128273248672485,1.7359330654144287,1.7036783695220947,2.030749559402466,2.2406411170959473,2.093848466873169,2.444950819015503,2.456289768218994,2.765368938446045,2.899634838104248,3.0036261081695557,2.7361934185028076,2.3763742446899414,2.4165544509887695,2.114114284515381,2.0847580432891846,1.9937437772750854,1.8393824100494385,2.0964391231536865,2.2208545207977295,2.001325845718384,2.275113582611084,2.1914029121398926,2.5539114475250244,2.578552484512329,2.792732000350952
A14,3.5146896839141846,3.181657552719116,2.9424889087677,2.6966795921325684,2.381229877471924,2.166193723678589,1.803659439086914,1.8042842149734497,1.4709057807922363,1.2055621147155762,0.8998246192932129,0.5904428958892822,0.3727336525917053,0.0,0.37812134623527527,2.0977699756622314,1.9344125986099243,1.5824137926101685,1.6755688190460205,1.3278493881225586,1.4836739301681519,1.3879166841506958,1.527953863143921,1.3517974615097046,1.3075401782989502,1.3304463624954224,1.4794303178787231,1.4466689825057983,1.7495509386062622,1.6701252460479736,2.8220529556274414,2.598728656768799,2.25870943069458,2.163982629776001,1.7823643684387207,1.6640921831130981,1.4197766780853271,1.3213541507720947,0.9565054774284363,0.9406550526618958,0.6513525247573853,0.8750470876693726,0.7713964581489563,1.1182730197906494,1.308314561843872,2.0435659885406494,1.7182233333587646,1.8787039518356323,1.6155362129211426,1.7435431480407715,1.7298884391784668,1.7496006488800049,2.0294573307037354,2.288027286529541,2.1875202655792236,2.55181884765625,2.5976805686950684,2.9284024238586426,3.0774402618408203,3.21669340133667,2.8085877895355225,2.4495115280151367,2.5154106616973877,2.255913019180298,2.2286949157714844,2.1942832469940186,2.03920578956604,2.3364906311035156,2.4408175945281982,2.1900641918182373,2.4544801712036133,2.3322064876556396,2.674687147140503,2.6687042713165283,2.844390630722046
A15,3.682041883468628,3.3425402641296387,3.113877296447754,2.8956472873687744,2.567037343978882,2.396317958831787,2.026245355606079,2.069201707839966,1.7296422719955444,1.442905068397522,1.1576515436172485,0.8584297299385071,0.5796676278114319,0.37812134623527527,0.0,2.0309386253356934,1.9176642894744873,1.5403510332107544,1.6517516374588013,1.3168624639511108,1.449435830116272,1.4178699254989624,1.47565495967865,1.3185404539108276,1.3773694038391113,1.3972821235656738,1.6232799291610718,1.596407175064087,1.937482476234436,1.9000331163406372,3.161860466003418,2.9215352535247803,2.596249580383301,2.4876515865325928,2.106522798538208,1.9811431169509888,1.7005198001861572,1.620925784111023,1.238202452659607,1.1419984102249146,0.7845408320426941,0.8448891639709473,0.5919161438941956,0.874809980392456,1.0287508964538574,1.7756589651107788,1.4802747964859009,1.7049773931503296,1.493302822113037,1.686577320098877,1.737918734550476,1.8264414072036743,2.1074676513671875,2.3835976123809814,2.323577880859375,2.697068691253662,2.780181407928467,3.095369577407837,3.277543306350708,3.4034039974212646,3.156531810760498,2.792445659637451,2.832960605621338,2.569915533065796,2.5052249431610107,2.446789026260376,2.247304916381836,2.523705244064331,2.5834569931030273,2.3066530227661133,2.5250608921051025,2.3587522506713867,2.6854474544525146,2.629772663116455,2.811413288116455
B1,4.005519866943359,3.628498077392578,3.612492084503174,3.3414530754089355,3.182910919189453,3.084135055541992,2.7855701446533203,3.0281779766082764,2.8984851837158203,2.5357186794281006,2.5483949184417725,2.21246337890625,2.310166835784912,2.0977699756622314,2.0309386253356934,0.0,0.37473994493484497,0.5951662063598633,0.8552201986312866,1.1480824947357178,1.4336678981781006,1.76091730594635,1.9368531703948975,2.1926872730255127,2.300689935684204,2.6250457763671875,2.853013515472412,3.0765371322631836,3.3705480098724365,3.4349749088287354,3.8239734172821045,3.5322978496551514,3.29514479637146,2.96844744682312,2.7372708320617676,2.401932954788208,2.120232343673706,1.975356101989746,1.8086192607879639,1.7029991149902344,1.6123427152633667,1.45461905002594,1.6650692224502563,1.5128111839294434,1.8266412019729614,1.6380904912948608,1.552612543106079,1.4804906845092773,1.219360113143921,1.4147627353668213,1.24069344997406,1.5389641523361206,1.3907642364501953,1.7416654825210571,1.9980454444885254,2.2785916328430176,2.5764288902282715,2.8604204654693604,3.152503728866577,3.4019362926483154,3.3989126682281494,3.0829713344573975,3.0052669048309326,2.9591023921966553,2.7313733100891113,2.838860034942627,2.577857255935669,2.8998425006866455,2.7574195861816406,2.39990496635437,2.4415464401245117,2.136040449142456,2.2096643447875977,2.031374216079712,1.91643226146698
B2,3.653860569000244,3.277791738510132,3.2620699405670166,2.981663942337036,2.834044933319092,2.730498790740967,2.4427504539489746,2.691669225692749,2.5861799716949463,2.230480432510376,2.278765916824341,1.9630481004714966,2.1108298301696777,1.9344125986099243,1.9176642894744873,0.37473994493484497,0.0,0.39449724555015564,0.5700604319572449,0.8816530108451843,1.1768532991409302,1.4738167524337769,1.6981925964355469,1.9550673961639404,2.022881507873535,2.36379075050354,2.565243721008301,2.807823657989502,3.082387924194336,3.153940200805664,3.468123435974121,3.171114921569824,2.945469617843628,2.611255407333374,2.391085386276245,2.0580663681030273,1.7766207456588745,1.6574149131774902,1.5221096277236938,1.4052257537841797,1.3804543018341064,1.2474254369735718,1.5238163471221924,1.4307236671447754,1.75263249874115,1.6626300811767578,1.5050361156463623,1.3770489692687988,1.0588849782943726,1.1754727363586426,0.9327208995819092,1.1941066980361938,1.0364078283309937,1.3956247568130493,1.6362512111663818,1.9224040508270264,2.2101573944091797,2.503624677658081,2.7875499725341797,3.041038990020752,3.0570714473724365,2.7386927604675293,2.6450016498565674,2.5965986251831055,2.3603837490081787,2.4707207679748535,2.2148776054382324,2.541900396347046,2.4082796573638916,2.0574896335601807,2.12160062789917,1.8399473428726196,1.93643319606781,1.8063220977783203,1.7090809345245361
B3,3.545714855194092,3.166950225830078,3.111114978790283,2.8433759212493896,2.652031898498535,2.5454471111297607,2.228759288787842,2.4653265476226807,2.3183438777923584,1.9510104656219482,1.964856505393982,1.6370123624801636,1.752861499786377,1.5824137926101685,1.5403510332107544,0.5951662063598633,0.39449724555015564,0.0,0.39425042271614075,0.5692769885063171,0.9021205306053162,1.1983553171157837,1.4021145105361938,1.6267778873443604,1.7156105041503906,2.0354435443878174,2.2601821422576904,2.481619358062744,2.77681040763855,2.8475985527038574,3.3525032997131348,3.051009178161621,2.805759906768799,2.5011820793151855,2.237147808074951,1.9322168827056885,1.614566683769226,1.5125685930252075,1.3006725311279297,1.1372891664505005,1.0450315475463867,0.8734431862831116,1.1309138536453247,1.045998454093933,1.3807772397994995,1.4097764492034912,1.2009921073913574,1.1305235624313354,0.7760385870933533,0.9595932960510254,0.7828177213668823,1.0679421424865723,1.048538327217102,1.4200900793075562,1.599827527999878,1.9326661825180054,2.191065788269043,2.4949591159820557,2.774059772491455,2.998321771621704,3.0302541255950928,2.688369035720825,2.607889413833618,2.5030622482299805,2.2800629138946533,2.3456833362579346,2.074070453643799,2.398411989212036,2.2868449687957764,1.9265044927597046,2.0170342922210693,1.7332369089126587,1.8935052156448364,1.7632392644882202,1.7472015619277954
B4,3.196528434753418,2.8173961639404297,2.7826051712036133,2.531148910522461,2.3536717891693115,2.2864115238189697,1.9896808862686157,2.2701416015625,2.1606292724609375,1.7971380949020386,1.8804799318313599,1.599284291267395,1.7657992839813232,1.6755688190460205,1.6517516374588013,0.8552201986312866,0.5700604319572449,0.39425042271614075,0.0,0.39068663120269775,0.6116138100624084,0.9262301921844482,1.1344271898269653,1.4109834432601929,1.496178150177002,1.848055362701416,2.0668821334838867,2.3331422805786133,2.61370587348938,2.7283668518066406,3.1915647983551025,2.866926431655884,2.659224510192871,2.342641830444336,2.0987415313720703,1.8222222328186035,1.4870737791061401,1.480006217956543,1.3098211288452148,1.0667109489440918,1.0689594745635986,0.8524672389030457,1.1563993692398071,1.0804617404937744,1.3553167581558228,1.3562488555908203,1.1175506114959717,0.9316779375076294,0.572174608707428,0.619007408618927,0.40100425481796265,0.7245060801506042,0.719851016998291,1.073922038078308,1.2656925916671753,1.5949816703796387,1.8696693181991577,2.151158332824707,2.4490466117858887,2.6567907333374023,2.92250919342041,2.5803041458129883,2.4482200145721436,2.3281795978546143,2.061432361602783,2.093416452407837,1.7917219400405884,2.0874674320220947,1.9400142431259155,1.574122428894043,1.635434627532959,1.3434205055236816,1.5003471374511719,1.3850693702697754,1.3888143301010132
B5,3.0590341091156006,2.681541681289673,2.5964975357055664,2.3483664989471436,2.1268866062164307,2.0404040813446045,1.714260220527649,1.9713597297668457,1.8230619430541992,1.4513990879058838,1.5079623460769653,1.2254130840301514,1.3861973285675049,1.3278493881225586,1.3168624639511108,1.1480824947357178,0.8816530108451843,0.5692769885063171,0.39068663120269775,0.0,0.3876573443412781,0.6319735050201416,0.8682836294174194,1.0808806419372559,1.1531684398651123,1.4876141548156738,1.7139173746109009,1.9602717161178589,2.2529211044311523,2.360530376434326,2.980342388153076,2.6581125259399414,2.429656505584717,2.1484365463256836,1.86405348777771,1.6229795217514038,1.2626529932022095,1.281695008277893,1.0509628057479858,0.7522031664848328,0.7215698957443237,0.4830982983112335,0.8173982501029968,0.8303614854812622,1.1071391105651855,1.334045171737671,1.0175182819366455,0.9030420780181885,0.5132620334625244,0.5626276135444641,0.44633302092552185,0.6642436385154724,0.8510490655899048,1.1700862646102905,1.2512022256851196,1.6180181503295898,1.8331167697906494,2.1310925483703613,2.4029645919799805,2.584786891937256,2.7967207431793213,2.4373795986175537,2.3264503479003906,2.152959108352661,1.9138635396957397,1.906299114227295,1.6051427125930786,1.905303955078125,1.8060663938522339,1.4459995031356812,1.5685858726501465,1.3136296272277832,1.5577988624572754,1.4855912923812866,1.5785144567489624
B6,2.805638313293457,2.4301488399505615,2.3514928817749023,2.145944118499756,1.9138803482055664,1.8907392024993896,1.5797635316848755,1.8808380365371704,1.7506479024887085,1.3903932571411133,1.5009104013442993,1.2867982387542725,1.451143503189087,1.4836739301681519,1.449435830116272,1.4336678981781006,1.1768532991409302,0.9021205306053162,0.6116138100624084,0.3876573443412781,0.0,0.38103172183036804,0.5241909027099609,0.8167709708213806,0.9427422881126404,1.2929452657699585,1.5438684225082397,1.8265458345413208,2.118159294128418,2.2827634811401367,2.978658676147461,2.6352078914642334,2.4452691078186035,2.176640033721924,1.9035489559173584,1.7237366437911987,1.3549723625183105,1.4769599437713623,1.2716010808944702,0.9108479619026184,0.9256085157394409,0.6400393843650818,0.8925604820251465,0.8775522112846375,1.0300281047821045,1.2305419445037842,0.8996568918228149,0.7035207748413086,0.4218617379665375,0.26899653673171997,0.4068441689014435,0.5819104313850403,0.8668208122253418,1.0929489135742188,1.146968960762024,1.4996776580810547,1.7125625610351562,1.9665298461914062,2.257101535797119,2.3932971954345703,2.892320394515991,2.534372329711914,2.3797481060028076,2.170954942703247,1.8973599672317505,1.8184889554977417,1.4749999046325684,1.7122679948806763,1.5705608129501343,1.2049505710601807,1.2797104120254517,1.0064839124679565,1.2744989395141602,1.2019834518432617,1.3682366609573364
B7,2.5185177326202393,2.1476950645446777,2.0303280353546143,1.822754979133606,1.5645709037780762,1.5319253206253052,1.212544560432434,1.5140795707702637,1.3899987936019897,1.0421875715255737,1.2005826234817505,1.0569679737091064,1.2716939449310303,1.3879166841506958,1.4178699254989624,1.76091730594635,1.4738167524337769,1.1983553171157837,0.9262301921844482,0.6319735050201416,0.38103172183036804,0.0,0.39773133397102356,0.5754131078720093,0.5911428332328796,0.9638858437538147,1.180051326751709,1.4837547540664673,1.7555971145629883,1.933866262435913,2.6627907752990723,2.317044973373413,2.134613275527954,1.8941404819488525,1.6138265132904053,1.4925390481948853,1.1293128728866577,1.3282183408737183,1.148871898651123,0.7694199681282043,0.8719092607498169,0.6960184574127197,0.9349309206008911,1.0457885265350342,1.1512937545776367,1.5156418085098267,1.1624289751052856,1.0044569969177246,0.784942626953125,0.5790846943855286,0.6509917378425598,0.5873906016349792,0.9707797765731812,1.1138592958450317,1.0402833223342896,1.3940153121948242,1.5316274166107178,1.790292739868164,2.0450620651245117,2.156554698944092,2.66365122795105,2.303811550140381,2.1462743282318115,1.8951643705368042,1.6352503299713135,1.5096403360366821,1.1683143377304077,1.396033763885498,1.304738998413086,0.9654049277305603,1.1232266426086426,0.9478963613510132,1.2915570735931396,1.3173828125,1.5365173816680908
B8,2.574068784713745,2.2154886722564697,2.0934536457061768,1.9546756744384766,1.6712522506713867,1.7081094980239868,1.4056940078735352,1.707703948020935,1.5593763589859009,1.238139033317566,1.3624099493026733,1.2508792877197266,1.3782132863998413,1.527953863143921,1.47565495967865,1.9368531703948975,1.6981925964355469,1.4021145105361938,1.1344271898269653,0.8682836294174194,0.5241909027099609,0.39773133397102356,0.0,0.37559953331947327,0.6152162551879883,0.9108580946922302,1.2059308290481567,1.4925979375839233,1.7910817861557007,2.0124077796936035,2.9399285316467285,2.5906155109405518,2.426311731338501,2.2168524265289307,1.9349435567855835,1.855889916419983,1.4993689060211182,1.7057206630706787,1.4952950477600098,1.1136077642440796,1.1221249103546143,0.8657378554344177,0.9613747000694275,0.9921969771385193,0.9645047783851624,1.306795358657837,0.9708834886550903,0.8353701829910278,0.7785652279853821,0.6199453473091125,0.8808383941650391,0.9051124453544617,1.261589527130127,1.3725275993347168,1.32325279712677,1.6408098936080933,1.7830368280410767,1.9859002828598022,2.2551796436309814,2.312915563583374,3.017921209335327,2.660508155822754,2.4936115741729736,2.2192444801330566,1.9567341804504395,1.7761224508285522,1.4209007024765015,1.5626236200332642,1.4337131977081299,1.1167479753494263,1.1811771392822266,0.9743587970733643,1.2985936403274536,1.2655998468399048,1.5438231229782104
B9,2.5611722469329834,2.2196595668792725,2.0351016521453857,1.907550573348999,1.5772238969802856,1.5873963832855225,1.2669858932495117,1.5113605260849,1.3099212646484375,1.013445258140564,1.0926334857940674,1.0401006937026978,1.1314148902893066,1.3517974615097046,1.3185404539108276,2.1926872730255127,1.9550673961639404,1.6267778873443604,1.4109834432601929,1.0808806419372559,0.8167709708213806,0.5754131078720093,0.37559953331947327,0.0,0.3686213195323944,0.5612279772758484,0.8968895673751831,1.1444140672683716,1.4641560316085815,1.683345079421997,2.809786319732666,2.476687431335449,2.2955849170684814,2.1410140991210938,1.8330192565917969,1.8092199563980103,1.4722641706466675,1.6887099742889404,1.4586619138717651,1.1016350984573364,1.0860154628753662,0.909430205821991,0.9178916811943054,1.0508205890655518,0.9806505441665649,1.5182193517684937,1.17288339138031,1.1396719217300415,1.073928713798523,0.9734217524528503,1.1847068071365356,1.1535131931304932,1.5380666255950928,1.641438364982605,1.5235012769699097,1.8396174907684326,1.9153748750686646,2.125635862350464,2.3491830825805664,2.382075071334839,2.974292516708374,2.614673376083374,2.4793474674224854,2.164750099182129,1.9523409605026245,1.7386945486068726,1.4209034442901611,1.5475012063980103,1.499881386756897,1.2391924858093262,1.3732000589370728,1.2497944831848145,1.6012572050094604,1.6098216772079468,1.9025218486785889
B10,2.340873956680298,2.001474380493164,1.7883776426315308,1.6238871812820435,1.2851169109344482,1.246045708656311,0.9103373289108276,1.14522123336792,0.9586979746818542,0.6679663062095642,0.8284493684768677,0.8564962148666382,1.0457520484924316,1.3075401782989502,1.3773694038391113,2.300689935684204,2.022881507873535,1.7156105041503906,1.496178150177002,1.1531684398651123,0.9427422881126404,0.5911428332328796,0.6152162551879883,0.3686213195323944,0.0,0.3831135034561157,0.6087594032287598,0.9123214483261108,1.1931252479553223,1.4058418273925781,2.442648410797119,2.11246919631958,1.9312893152236938,1.790925145149231,1.485425353050232,1.499569296836853,1.189984679222107,1.4498263597488403,1.271930456161499,0.9475497007369995,1.0351461172103882,0.9827877283096313,1.0679737329483032,1.2860199213027954,1.2861437797546387,1.8487014770507812,1.4904218912124634,1.4267375469207764,1.2878109216690063,1.1311955451965332,1.2399197816848755,1.1030064821243286,1.497674584388733,1.5677490234375,1.3765805959701538,1.6832228899002075,1.6984630823135376,1.928646445274353,2.1099467277526855,2.150141477584839,2.636259078979492,2.280876398086548,2.150744676589966,1.8198883533477783,1.6304489374160767,1.4071106910705566,1.1201683282852173,1.2663958072662354,1.2924562692642212,1.072991967201233,1.2991336584091187,1.262709379196167,1.6410273313522339,1.7272382974624634,2.006791353225708
B11,2.4056506156921387,2.099771738052368,1.8319147825241089,1.712517499923706,1.3398940563201904,1.2994824647903442,0.9911911487579346,1.1225298643112183,0.8735142946243286,0.6905691027641296,0.7572817206382751,0.8988502621650696,0.9997100830078125,1.3304463624954224,1.3972821235656738,2.6250457763671875,2.36379075050354,2.0354435443878174,1.848055362701416,1.4876141548156738,1.2929452657699585,0.9638858437538147,0.9108580946922302,0.5612279772758484,0.3831135034561157,0.0,0.37417539954185486,0.5884517431259155,0.9069477915763855,1.139435887336731,2.464893102645874,2.1604299545288086,1.9768004417419434,1.9115033149719238,1.5985788106918335,1.6818654537200928,1.4174429178237915,1.6679133176803589,1.4793230295181274,1.2069422006607056,1.2435157299041748,1.230518102645874,1.2168750762939453,1.4614644050598145,1.4006720781326294,2.047686815261841,1.7013503313064575,1.6983309984207153,1.5977133512496948,1.4811043739318848,1.614226222038269,1.484779715538025,1.8788541555404663,1.9399961233139038,1.7259875535964966,2.010906934738159,1.98129141330719,2.1903865337371826,2.332723617553711,2.3323326110839844,2.7695584297180176,2.4234347343444824,2.3232290744781494,1.960187554359436,1.827014446258545,1.5689589977264404,1.3398054838180542,1.4274734258651733,1.5116006135940552,1.3615903854370117,1.5867114067077637,1.5885045528411865,1.96303129196167,2.0519559383392334,2.3525094985961914
B12,2.202709674835205,1.9200937747955322,1.6128442287445068,1.4821691513061523,1.1053705215454102,1.0193753242492676,0.7471845746040344,0.7977115511894226,0.5705600380897522,0.5430812239646912,0.6951032876968384,0.9668996334075928,1.1309961080551147,1.4794303178787231,1.6232799291610718,2.853013515472412,2.565243721008301,2.2601821422576904,2.0668821334838867,1.7139173746109009,1.5438684225082397,1.180051326751709,1.2059308290481567,0.8968895673751831,0.6087594032287598,0.37417539954185486,0.0,0.3823050558567047,0.5895265936851501,0.8513374328613281,2.138380765914917,1.8468215465545654,1.6801894903182983,1.66477632522583,1.3764077425003052,1.5366963148117065,1.3414301872253418,1.6264833211898804,1.5092809200286865,1.2996573448181152,1.4126890897750854,1.4788546562194824,1.5111056566238403,1.788153052330017,1.760271668434143,2.404466390609741,2.052009105682373,2.021930456161499,1.8911339044570923,1.7351698875427246,1.8117492198944092,1.6148573160171509,1.9955965280532837,2.0149691104888916,1.745040774345398,1.9928292036056519,1.8941420316696167,2.096881628036499,2.181565046310425,2.1674633026123047,2.5256218910217285,2.1974563598632812,2.1044561862945557,1.7209416627883911,1.6329084634780884,1.3511654138565063,1.1965627670288086,1.2544702291488647,1.4259370565414429,1.3569941520690918,1.633402943611145,1.7146848440170288,2.0910935401916504,2.2385220527648926,2.531672954559326
B13,2.4727392196655273,2.220646619796753,1.8838661909103394,1.7708286046981812,1.400072693824768,1.2791361808776855,1.0399724245071411,0.953157901763916,0.6517178416252136,0.7273757457733154,0.6918604373931885,1.0113872289657593,1.0766911506652832,1.4466689825057983,1.596407175064087,3.0765371322631836,2.807823657989502,2.481619358062744,2.3331422805786133,1.9602717161178589,1.8265458345413208,1.4837547540664673,1.4925979375839233,1.1444140672683716,0.9123214483261108,0.5884517431259155,0.3823050558567047,0.0,0.37863144278526306,0.5742687582969666,2.217042922973633,1.9729019403457642,1.777848243713379,1.831958532333374,1.5307304859161377,1.7160029411315918,1.557060956954956,1.7903660535812378,1.6480238437652588,1.493327021598816,1.5466476678848267,1.6508663892745972,1.6165645122528076,1.9188859462738037,1.8751747608184814,2.5909781455993652,2.2439920902252197,2.2711217403411865,2.1422762870788574,2.0354387760162354,2.117382049560547,1.9443223476409912,2.324702024459839,2.370176315307617,2.1031861305236816,2.357293128967285,2.245776414871216,2.4543728828430176,2.513493537902832,2.493220090866089,2.659712314605713,2.3413689136505127,2.302602767944336,1.9126710891723633,1.8913849592208862,1.630113959312439,1.5301676988601685,1.590600848197937,1.7929456233978271,1.737094521522522,2.0151102542877197,2.0881638526916504,2.465336561203003,2.5968880653381348,2.891754150390625
