,A1,A2,A3,A4,A5,A6,A7,A8,A9,A10,A11,A12,A13,A14,A15,B1,B2,B3,B4,B5,B6,B7,B8,B9,B10,B11,B12,B13,B14,B15,C1,C2,C3,C4,C5,C6,C7,C8,C9,C10,C11,C12,C13,C14,C15,D1,D2,D3,D4,D5,D6,D7,D8,D9,D10,D11,D12,D13,D14,D15,E1,E2,E3,E4,E5,E6,E7,E8,E9,E10,E11,E12,E13,E14,E15
A1,0.0,0.3796135187149048,0.585214376449585,0.8508162498474121,1.1240215301513672,1.38961923122406,1.6954900026321411,1.886504888534546,2.2005414962768555,2.264551877975464,2.643597364425659,2.814676284790039,3.1453986167907715,3.365875244140625,3.6023547649383545,2.6284945011138916,2.4817192554473877,2.185443878173828,1.9618217945098877,1.7386127710342407,1.4043834209442139,1.3981620073318481,1.0301172733306885,1.0210922956466675,1.3789547681808472,1.4096516370773315,1.7691421508789062,1.9272838830947876,2.2400600910186768,2.5405914783477783,3.1028337478637695,2.8571200370788574,2.5645854473114014,2.5223474502563477,2.1591877937316895,2.1677727699279785,1.9756897687911987,1.9757758378982544,1.7410286664962769,1.8452513217926025,1.8039638996124268,2.0760552883148193,2.018256425857544,2.3784639835357666,2.450222969055176,3.667853593826294,3.2987008094787598,3.2364413738250732,2.953216791152954,2.8128414154052734,2.69893741607666,2.3466379642486572,2.4837515354156494,2.292790412902832,1.941815733909607,1.814329981803894,1.4371681213378906,1.4124431610107422,1.099094033241272,1.0268995761871338,2.308161497116089,2.014106512069702,2.223698854446411,2.111722230911255,2.2556047439575195,2.4260988235473633,2.361327648162842,2.715876817703247,2.8200697898864746,2.5336129665374756,2.7735729217529297,2.5865492820739746,2.816457509994507,2.7780613899230957,2.801060438156128
A2,0.3796135187149048,0.0,0.3847767114639282,0.5954940915107727,0.8536247611045837,1.1589316129684448,1.4156413078308105,1.6592789888381958,1.94697105884552,1.9689723253250122,2.3517980575561523,2.50465726852417,2.8285467624664307,3.048368453979492,3.266680955886841,2.2999064922332764,2.1298251152038574,1.8412030935287476,1.5988099575042725,1.3766732215881348,1.0310221910476685,1.0266070365905762,0.6581978797912598,0.7186708450317383,1.080570101737976,1.1947965621948242,1.5459927320480347,1.7625030279159546,2.0676021575927734,2.374423027038574,2.8955447673797607,2.6222002506256104,2.343576192855835,2.2606565952301025,1.902286410331726,1.8945727348327637,1.6652698516845703,1.6885976791381836,1.4325486421585083,1.4948832988739014,1.4528816938400269,1.7099400758743286,1.6629984378814697,2.0239665508270264,2.103516101837158,3.35984468460083,2.9913718700408936,2.905515432357788,2.6297218799591064,2.4674415588378906,2.359342098236084,2.00053071975708,2.143383502960205,1.9404760599136353,1.5855419635772705,1.4601948261260986,1.0852892398834229,1.0702811479568481,0.7985716462135315,0.7578847408294678,2.027672529220581,1.710052251815796,1.892545461654663,1.7530077695846558,1.8893436193466187,2.048462390899658,1.9849721193313599,2.3386294841766357,2.452385663986206,2.1765122413635254,2.433149576187134,2.2682807445526123,2.5218489170074463,2.5089385509490967,2.566967248916626
A3,0.585214376449585,0.3847767114639282,0.0,0.39788371324539185,0.5558607578277588,0.8669412732124329,1.1545943021774292,1.3591067790985107,1.6459976434707642,1.7204657793045044,2.0941848754882812,2.290957450866699,2.6061413288116455,2.850931406021118,3.0880372524261475,2.3761065006256104,2.1733782291412354,1.8595190048217773,1.6382964849472046,1.3503228425979614,1.0482021570205688,0.9419497847557068,0.6350275874137878,0.5027565956115723,0.8722178936004639,0.942596971988678,1.3180768489837646,1.4957941770553589,1.8307278156280518,2.1038153171539307,2.559631109237671,2.30507493019104,2.005549192428589,1.9424412250518799,1.5777502059936523,1.5857131481170654,1.406357765197754,1.4345018863677979,1.2442883253097534,1.3580193519592285,1.4087200164794922,1.701290488243103,1.7405668497085571,2.106213092803955,2.233121395111084,3.090879201889038,2.721001148223877,2.6743524074554443,2.3990936279296875,2.2792677879333496,2.196842908859253,1.863061785697937,2.0562050342559814,1.9122039079666138,1.5418095588684082,1.5112228393554688,1.1625977754592896,1.244389533996582,1.0571556091308594,1.054358959197998,2.236252546310425,1.8899357318878174,2.0048885345458984,1.8377419710159302,1.9019417762756348,2.0355639457702637,1.9042277336120605,2.2578508853912354,2.3137011528015137,2.0041983127593994,2.2207634449005127,2.0260443687438965,2.242133378982544,2.218567371368408,2.2405736446380615
A4,0.8508162498474121,0.5954940915107727,0.39788371324539185,0.0,0.3691181540489197,0.5761533975601196,0.8541775941848755,1.0747530460357666,1.3812426328659058,1.4204384088516235,1.8005962371826172,1.9674899578094482,2.303102731704712,2.521879196166992,2.7722156047821045,2.382434129714966,2.1326329708099365,1.8583685159683228,1.5819717645645142,1.3150180578231812,0.9909172058105469,0.770010232925415,0.4897724986076355,0.23025916516780853,0.5347376465797424,0.6008209586143494,0.9568256139755249,1.180405855178833,1.4879441261291504,1.7875187397003174,2.330580472946167,2.0535809993743896,1.796338677406311,1.7460452318191528,1.4025628566741943,1.48134183883667,1.2980825901031494,1.4316965341567993,1.274711012840271,1.2973140478134155,1.402680516242981,1.6341087818145752,1.6930184364318848,2.0378663539886475,2.1338298320770264,2.864567279815674,2.5011627674102783,2.433577060699463,2.1270296573638916,2.0082128047943115,1.8795154094696045,1.5459530353546143,1.711463212966919,1.5926779508590698,1.2325078248977661,1.2406429052352905,0.9190219640731812,1.109927773475647,0.9842509031295776,1.1193649768829346,2.0262484550476074,1.6700420379638672,1.7411019802093506,1.612278938293457,1.6336036920547485,1.811607837677002,1.6890137195587158,2.0597140789031982,2.106863021850586,1.8194783926010132,2.061899185180664,1.9197310209274292,2.136948823928833,2.177877187728882,2.2068402767181396
A5,1.1240215301513672,0.8536247611045837,0.5558607578277588,0.3691181540489197,0.0,0.3883783519268036,0.608869731426239,0.8481967449188232,1.1040170192718506,1.167908787727356,1.5393933057785034,1.7471314668655396,2.0563108921051025,2.310960054397583,2.5549280643463135,2.2794077396392822,2.010546922683716,1.7196110486984253,1.4832834005355835,1.168860912322998,0.9304745197296143,0.6504783630371094,0.5530645251274109,0.21404173970222473,0.3921002447605133,0.5368327498435974,0.8762018084526062,1.0955109596252441,1.4214681386947632,1.6696127653121948,2.054433584213257,1.775784969329834,1.4954427480697632,1.4127867221832275,1.0581791400909424,1.1144936084747314,0.9499287605285645,1.0919435024261475,0.9930616021156311,1.046472191810608,1.2321786880493164,1.4859338998794556,1.6248860359191895,1.9622966051101685,2.113023281097412,2.5482006072998047,2.1804864406585693,2.1368062496185303,1.8511645793914795,1.754477858543396,1.6807985305786133,1.3738232851028442,1.610342264175415,1.5361878871917725,1.1716136932373047,1.2706618309020996,1.0121065378189087,1.2297941446304321,1.195876121520996,1.2982335090637207,2.175006628036499,1.8034379482269287,1.80921471118927,1.622206687927246,1.5820319652557373,1.6965723037719727,1.5043671131134033,1.857861876487732,1.8568285703659058,1.5390689373016357,1.7440918684005737,1.5761455297470093,1.7770978212356567,1.8123613595962524,1.8389240503311157
A6,1.38961923122406,1.1589316129684448,0.8669412732124329,0.5761533975601196,0.3883783519268036,0.0,0.3748403787612915,0.5015721321105957,0.8231615424156189,0.9313524961471558,1.2898014783859253,1.5078744888305664,1.835760235786438,2.074108362197876,2.3572559356689453,2.5446925163269043,2.2444450855255127,1.9853368997573853,1.7307528257369995,1.436670184135437,1.2195935249328613,0.8745591640472412,0.8420917391777039,0.49480774998664856,0.33883464336395264,0.21079474687576294,0.5181008577346802,0.7102070450782776,1.0380343198776245,1.2823103666305542,1.7560341358184814,1.4825440645217896,1.2332624197006226,1.224671721458435,0.9072030782699585,1.0969184637069702,1.020608901977539,1.2538039684295654,1.2484288215637207,1.259960412979126,1.5072201490402222,1.7113090753555298,1.8787610530853271,2.1878483295440674,2.318504571914673,2.3749618530273438,2.019456624984741,1.9969319105148315,1.6734477281570435,1.631881833076477,1.5186102390289307,1.2554036378860474,1.4789754152297974,1.4891093969345093,1.1642168760299683,1.3437919616699219,1.1505621671676636,1.447361707687378,1.441072940826416,1.6123552322387695,2.2750344276428223,1.9087735414505005,1.8633946180343628,1.726259708404541,1.6186680793762207,1.7649813890457153,1.5579602718353271,1.9081735610961914,1.8571807146072388,1.5542988777160645,1.7388942241668701,1.6068369150161743,1.7554229497909546,1.8408150672912598,1.8253684043884277
A7,1.6954900026321411,1.4156413078308105,1.1545943021774292,0.8541775941848755,0.608869731426239,0.3748403787612915,0.0,0.3786453902721405,0.5626960396766663,0.5743299126625061,0.9488459825515747,1.1542768478393555,1.4754977226257324,1.7220351696014404,1.9919476509094238,2.402567148208618,2.074573278427124,1.8506901264190674,1.6011123657226562,1.3304516077041626,1.1861295700073242,0.8140807747840881,0.9392132759094238,0.6980246305465698,0.3676028847694397,0.4597001373767853,0.4908861815929413,0.7594716548919678,1.0019481182098389,1.2115627527236938,1.565778136253357,1.2464654445648193,1.0440090894699097,0.9644290208816528,0.691992998123169,0.9015001058578491,0.813538670539856,1.1310585737228394,1.16957426071167,1.1036370992660522,1.4004631042480469,1.546364426612854,1.7602016925811768,2.0300350189208984,2.1697816848754883,2.036553382873535,1.6824333667755127,1.6337488889694214,1.306235432624817,1.2581026554107666,1.1549240350723267,0.9134848713874817,1.1773014068603516,1.2365505695343018,0.9467049837112427,1.213320255279541,1.1216317415237427,1.4482591152191162,1.5349104404449463,1.7272449731826782,2.2038164138793945,1.8394795656204224,1.722113013267517,1.5648231506347656,1.3896936178207397,1.503448247909546,1.265183448791504,1.5974315404891968,1.5158368349075317,1.2281055450439453,1.416261911392212,1.3356038331985474,1.491966962814331,1.637941598892212,1.662169098854065
A8,1.886504888534546,1.6592789888381958,1.3591067790985107,1.0747530460357666,0.8481967449188232,0.5015721321105957,0.3786453902721405,0.0,0.37548503279685974,0.5941028594970703,0.8776777386665344,1.144090175628662,1.4534059762954712,1.698831558227539,2.0138394832611084,2.761348247528076,2.4308340549468994,2.2043144702911377,1.9714152812957764,1.6913175582885742,1.5562435388565063,1.1871967315673828,1.2735882997512817,0.9715965390205383,0.6858004927635193,0.5365049839019775,0.4366185665130615,0.49446097016334534,0.7500181794166565,0.8887609243392944,1.272255539894104,0.99325031042099,0.787478506565094,0.8509165048599243,0.639011561870575,0.9706389307975769,1.0250451564788818,1.329942226409912,1.4459211826324463,1.4280788898468018,1.7491123676300049,1.9043577909469604,2.1339805126190186,2.3979952335357666,2.540130853652954,1.978238821029663,1.6431809663772583,1.6654176712036133,1.3264610767364502,1.3804006576538086,1.2798234224319458,1.1301075220108032,1.3770959377288818,1.513185977935791,1.269484281539917,1.5552510023117065,1.4702365398406982,1.8072173595428467,1.866520643234253,2.0620815753936768,2.5238749980926514,2.16786789894104,2.039304733276367,1.9133890867233276,1.7122732400894165,1.8288155794143677,1.5746086835861206,1.8782153129577637,1.739329218864441,1.4560911655426025,1.572817087173462,1.4803165197372437,1.5458042621612549,1.6913625001907349,1.636633276939392
A9,2.2005414962768555,1.94697105884552,1.6459976434707642,1.3812426328659058,1.1040170192718506,0.8231615424156189,0.5626960396766663,0.37548503279685974,0.0,0.37522587180137634,0.5550252199172974,0.8851047158241272,1.141509771347046,1.4251577854156494,1.7287964820861816,2.731280565261841,2.389066219329834,2.1856093406677246,1.9896233081817627,1.7227678298950195,1.6685643196105957,1.3129419088363647,1.4898523092269897,1.2375450134277344,0.929476261138916,0.8884197473526001,0.7359488010406494,0.7859505414962769,0.9243913888931274,0.9481996893882751,1.0097260475158691,0.6858023405075073,0.5128623843193054,0.511715292930603,0.43365204334259033,0.8006272912025452,0.9260647892951965,1.2577863931655884,1.445281982421875,1.404266595840454,1.763166904449463,1.8837882280349731,2.1616339683532715,2.3880136013031006,2.555004119873047,1.6046348810195923,1.2715150117874146,1.3189302682876587,0.9967982769012451,1.1109488010406494,1.079728364944458,1.0245040655136108,1.3165013790130615,1.5111573934555054,1.321269154548645,1.658987045288086,1.6427253484725952,1.9755675792694092,2.091115951538086,2.2768032550811768,2.6527090072631836,2.302654504776001,2.1210532188415527,1.9668208360671997,1.7136656045913696,1.7679216861724854,1.4714373350143433,1.7200303077697754,1.5175814628601074,1.2472018003463745,1.3013405799865723,1.2383357286453247,1.2558472156524658,1.449488639831543,1.403631567955017
A10,2.264551877975464,1.9689723253250122,1.7204657793045044,1.4204384088516235,1.167908787727356,0.9313524961471558,0.5743299126625061,0.5941028594970703,0.37522587180137634,0.0,0.38485050201416016,0.6037581562995911,0.9057980179786682,1.1708253622055054,1.4493153095245361,2.5112457275390625,2.153836965560913,1.9974064826965332,1.7803488969802856,1.5658972263336182,1.5319268703460693,1.186476707458496,1.422945499420166,1.2526171207427979,0.8999539613723755,0.9727112650871277,0.776675820350647,0.9608644843101501,1.027571439743042,1.1116423606872559,1.2252973318099976,0.8569021821022034,0.8088891506195068,0.6708667874336243,0.6413752436637878,0.8993842005729675,0.9045549631118774,1.2811412811279297,1.4178762435913086,1.2802462577819824,1.6222020387649536,1.672189712524414,1.9441357851028442,2.1343092918395996,2.277754545211792,1.5124574899673462,1.1803518533706665,1.1191966533660889,0.760643482208252,0.7933650612831116,0.7141830921173096,0.6582159996032715,0.9573776721954346,1.1720949411392212,1.032111406326294,1.3987171649932861,1.4560496807098389,1.7943938970565796,1.9654858112335205,2.177927255630493,2.3786981105804443,2.0423989295959473,1.8213666677474976,1.672202229499817,1.3869208097457886,1.4395830631256104,1.1611883640289307,1.4048348665237427,1.22061026096344,1.0007126331329346,1.1253905296325684,1.160675287246704,1.2530951499938965,1.507907748222351,1.5510210990905762
A11,2.643597364425659,2.3517980575561523,2.0941848754882812,1.8005962371826172,1.5393933057785034,1.2898014783859253,0.9488459825515747,0.8776777386665344,0.5550252199172974,0.38485050201416016,0.0,0.37887105345726013,0.5869524478912354,0.8819881677627563,1.1786906719207764,2.7253401279449463,2.3634510040283203,2.238208055496216,2.0526766777038574,1.8604607582092285,1.8735237121582031,1.5454564094543457,1.802295446395874,1.6345136165618896,1.2839874029159546,1.3248833417892456,1.0831654071807861,1.1834641695022583,1.1626819372177124,1.13341224193573,1.001151442527771,0.6324723362922668,0.7460361123085022,0.6251869797706604,0.7976689338684082,1.050423264503479,1.1378145217895508,1.4961309432983398,1.6889249086380005,1.5500212907791138,1.903235673904419,1.9197908639907837,2.216158390045166,2.3652079105377197,2.513622283935547,1.1825896501541138,0.8864623308181763,0.8628402352333069,0.4990291893482208,0.6980109810829163,0.686531126499176,0.8273819088935852,1.0859872102737427,1.376070261001587,1.3208941221237183,1.7025952339172363,1.8063549995422363,2.141507863998413,2.333880662918091,2.547729730606079,2.6478896141052246,2.331601858139038,2.0704760551452637,1.9322102069854736,1.6082797050476074,1.6202406883239746,1.334350824356079,1.4934425354003906,1.2356572151184082,1.0817770957946777,1.1095314025878906,1.2051975727081299,1.2088042497634888,1.5123491287231445,1.5392484664916992
A12,2.814676284790039,2.50465726852417,2.290957450866699,1.9674899578094482,1.7471314668655396,1.5078744888305664,1.1542768478393555,1.144090175628662,0.8851047158241272,0.6037581562995911,0.37887105345726013,0.0,0.37812286615371704,0.5691496133804321,0.8726928234100342,2.7128872871398926,2.342794418334961,2.2756545543670654,2.0681896209716797,1.938565969467163,1.9538778066635132,1.645402431488037,1.9173988103866577,1.8033117055892944,1.4358192682266235,1.510278344154358,1.2303885221481323,1.3797677755355835,1.2862184047698975,1.2909780740737915,1.2801177501678467,0.9375028610229492,1.1159805059432983,0.9903655052185059,1.1455579996109009,1.3582123517990112,1.3726567029953003,1.740964412689209,1.8866546154022217,1.6805503368377686,1.9977232217788696,1.9433890581130981,2.2140908241271973,2.3170502185821533,2.422131299972534,1.215044617652893,0.983552098274231,0.8312779068946838,0.4578396677970886,0.574512779712677,0.43426713347435,0.7038313746452332,0.8575021028518677,1.2016253471374512,1.2502273321151733,1.630707859992981,1.8062713146209717,2.1413135528564453,2.3694944381713867,2.6148765087127686,2.4969699382781982,2.2135863304138184,1.911702036857605,1.815610408782959,1.4630789756774902,1.4906069040298462,1.2657365798950195,1.3884035348892212,1.1583806276321411,1.1168110370635986,1.2007231712341309,1.3933449983596802,1.4428428411483765,1.7780263423919678,1.8545501232147217
A13,3.1453986167907715,2.8285467624664307,2.6061413288116455,2.303102731704712,2.0563108921051025,1.835760235786438,1.4754977226257324,1.4534059762954712,1.141509771347046,0.9057980179786682,0.5869524478912354,0.37812286615371704,0.0,0.3702322244644165,0.6065642237663269,2.8134868144989014,2.449852228164673,2.409224033355713,2.2485995292663574,2.136286497116089,2.208482027053833,1.9265413284301758,2.228053331375122,2.126120090484619,1.7701135873794556,1.8582162857055664,1.5914969444274902,1.7134419679641724,1.6135947704315186,1.5572230815887451,1.2954610586166382,1.0052410364151,1.2400380373001099,1.0842347145080566,1.3240824937820435,1.4863340854644775,1.5381059646606445,1.876117467880249,2.0594661235809326,1.8562368154525757,2.176645278930664,2.09810209274292,2.394207715988159,2.4572484493255615,2.581777811050415,0.8910402655601501,0.7372474670410156,0.5703960061073303,0.33470937609672546,0.5797169208526611,0.6289095282554626,0.9752797484397888,1.1225085258483887,1.4606385231018066,1.5459402799606323,1.921798825263977,2.1208295822143555,2.4347920417785645,2.68481183052063,2.9114391803741455,2.7613108158111572,2.4935076236724854,2.1692984104156494,2.0525286197662354,1.6875003576278687,1.6449413299560547,1.4080137014389038,1.4337310791015625,1.1436772346496582,1.1688354015350342,1.1570160388946533,1.398985505104065,1.390786051750183,1.7506649494171143,1.839938759803772
A14,3.365875244140625,3.048368453979492,2.850931406021118,2.521879196166992,2.310960054397583,2.074108362197876,1.7220351696014404,1.698831558227539,1.4251577854156494,1.1708253622055054,0.8819881677627563,0.5691496133804321,0.3702322244644165,0.0,0.38676583766937256,3.0016536712646484,2.6368186473846436,2.6357979774475098,2.4520514011383057,2.378751516342163,2.431889057159424,2.1543476581573486,2.4435184001922607,2.3580358028411865,1.9902639389038086,2.0656721591949463,1.762760043144226,1.8844611644744873,1.7209001779556274,1.668094515800476,1.5278148651123047,1.2686272859573364,1.5453665256500244,1.4341554641723633,1.660893201828003,1.8411920070648193,1.8679524660110474,2.2157280445098877,2.371253728866577,2.1384854316711426,2.4334700107574463,2.31669282913208,2.5817301273345947,2.615496873855591,2.6945669651031494,1.107049584388733,1.0495883226394653,0.8558321595191956,0.6885848641395569,0.827190637588501,0.7563673257827759,1.1229654550552368,1.1475613117218018,1.510115623474121,1.6694233417510986,2.0271143913269043,2.2639200687408447,2.5818328857421875,2.8416779041290283,3.098017454147339,2.7712631225585938,2.539463996887207,2.1934258937835693,2.1346194744110107,1.7634347677230835,1.7559911012649536,1.5875194072723389,1.5933115482330322,1.35007643699646,1.4454259872436523,1.472442388534546,1.7444356679916382,1.751928687095642,2.115199327468872,2.2083852291107178
A15,3.6023547649383545,3.266680955886841,3.0880372524261475,2.7722156047821045,2.5549280643463135,2.3572559356689453,1.9919476509094238,2.0138394832611084,1.7287964820861816,1.4493153095245361,1.1786906719207764,0.8726928234100342,0.6065642237663269,0.38676583766937256,0.0,2.938908100128174,2.586808443069458,2.633723497390747,2.4825263023376465,2.4542479515075684,2.5538113117218018,2.3178954124450684,2.635909080505371,2.594120979309082,2.2396910190582275,2.36258864402771,2.0834600925445557,2.236751079559326,2.0908026695251465,2.0514087677001953,1.8333172798156738,1.5840964317321777,1.8436154127120972,1.6762778759002686,1.907050371170044,2.0254578590393066,2.024662971496582,2.3471760749816895,2.491800308227539,2.233579635620117,2.5006160736083984,2.336530923843384,2.5995585918426514,2.579866647720337,2.655932903289795,1.0996558666229248,1.115090012550354,0.8501908183097839,0.8391690254211426,0.8960961103439331,0.909879207611084,1.2821481227874756,1.2861322164535522,1.6093719005584717,1.8136883974075317,2.148578405380249,2.4220967292785645,2.7070021629333496,2.9986069202423096,3.2408533096313477,2.8273556232452393,2.623265266418457,2.2568094730377197,2.1834490299224854,1.8130871057510376,1.7460920810699463,1.6068525314331055,1.523127794265747,1.2875999212265015,1.473305344581604,1.4823064804077148,1.8062154054641724,1.8280655145645142,2.198590040206909,2.3394408226013184
B1,2.6284945011138916,2.2999064922332764,2.3761065006256104,2.382434129714966,2.2794077396392822,2.5446925163269043,2.402567148208618,2.761348247528076,2.731280565261841,2.5112457275390625,2.7253401279449463,2.7128872871398926,2.8134868144989014,3.0016536712646484,2.938908100128174,0.0,0.3719711899757385,0.5838323831558228,0.8333073854446411,1.115493655204773,1.3934608697891235,1.692894458770752,1.9054248332977295,2.2169101238250732,2.2682340145111084,2.655078411102295,2.795633554458618,3.1435904502868652,3.331864595413208,3.554797649383545,3.571561813354492,3.2347559928894043,3.0739686489105225,2.72329044342041,2.548900604248047,2.288181781768799,1.9449615478515625,1.869330883026123,1.5955464839935303,1.3935078382492065,1.0799773931503296,0.8583860397338867,0.7339694499969482,0.5433661937713623,0.8183863759040833,3.0802536010742188,2.8149983882904053,2.5679359436035156,2.560513734817505,2.2343170642852783,2.338245391845703,2.115734338760376,2.243605613708496,1.966160774230957,1.8762253522872925,1.752313256263733,1.8181722164154053,1.6129631996154785,1.8677828311920166,1.7470645904541016,2.0207011699676514,1.8671289682388306,1.848742127418518,1.4949688911437988,1.6393235921859741,1.3804041147232056,1.458420991897583,1.4183528423309326,1.7109217643737793,1.7143940925598145,1.9365652799606323,1.9656425714492798,2.329228401184082,2.3649723529815674,2.7009871006011963
B2,2.4817192554473877,2.1298251152038574,2.1733782291412354,2.1326329708099365,2.010546922683716,2.2444450855255127,2.074573278427124,2.4308340549468994,2.389066219329834,2.153836965560913,2.3634510040283203,2.342794418334961,2.449852228164673,2.6368186473846436,2.586808443069458,0.3719711899757385,0.0,0.38156285881996155,0.5546839833259583,0.8525561094284058,1.1491338014602661,1.4030578136444092,1.6588037014007568,1.9527840614318848,1.9614222049713135,2.349823236465454,2.464062452316284,2.814068078994751,2.987478733062744,3.204533338546753,3.2303948402404785,2.8871960639953613,2.7419331073760986,2.393256902694702,2.22969651222229,1.9919919967651367,1.6435481309890747,1.6206234693527222,1.3645906448364258,1.1051536798477173,0.8374475836753845,0.536099374294281,0.5004785060882568,0.31347373127937317,0.680699348449707,2.7565557956695557,2.4842867851257324,2.2281365394592285,2.202031373977661,1.8711235523223877,1.9667519330978394,1.745632290840149,1.8804489374160767,1.6173224449157715,1.5318597555160522,1.446384072303772,1.543967604637146,1.3972159624099731,1.6899058818817139,1.6308284997940063,1.8417974710464478,1.6483948230743408,1.579978346824646,1.2047979831695557,1.3019715547561646,1.024857521057129,1.0864704847335815,1.0642386674880981,1.3641788959503174,1.3671245574951172,1.6187219619750977,1.673723816871643,2.046466827392578,2.120948076248169,2.4529542922973633
B3,2.185443878173828,1.8412030935287476,1.8595190048217773,1.8583685159683228,1.7196110486984253,1.9853368997573853,1.8506901264190674,2.2043144702911377,2.1856093406677246,1.9974064826965332,2.238208055496216,2.2756545543670654,2.409224033355713,2.6357979774475098,2.633723497390747,0.5838323831558228,0.38156285881996155,0.0,0.3900291919708252,0.5546189546585083,0.8885605335235596,1.1606196165084839,1.4010703563690186,1.6778180599212646,1.727748155593872,2.1099750995635986,2.2662835121154785,2.599398612976074,2.809624671936035,3.0248799324035645,3.047696113586426,2.7155771255493164,2.5280728340148926,2.190713405609131,1.9891146421432495,1.7326083183288574,1.380780816078186,1.3108817338943481,1.0221567153930664,0.8166064620018005,0.4999993145465851,0.3544124662876129,0.4264404773712158,0.547452986240387,0.9129637479782104,2.7011353969573975,2.398812770843506,2.1881587505340576,2.1361289024353027,1.8356177806854248,1.9393914937973022,1.687805414199829,1.8782870769500732,1.629309058189392,1.4601606130599976,1.3939374685287476,1.408563494682312,1.2721190452575684,1.5195293426513672,1.4214012622833252,1.933274745941162,1.6841130256652832,1.6491665840148926,1.2569094896316528,1.347051739692688,1.1118147373199463,1.0757564306259155,1.1452308893203735,1.3823286294937134,1.2803423404693604,1.5186327695846558,1.4921009540557861,1.8643549680709839,1.8950159549713135,2.203925371170044
B4,1.9618217945098877,1.5988099575042725,1.6382964849472046,1.5819717645645142,1.4832834005355835,1.7307528257369995,1.6011123657226562,1.9714152812957764,1.9896233081817627,1.7803488969802856,2.0526766777038574,2.0681896209716797,2.2485995292663574,2.4520514011383057,2.4825263023376465,0.8333073854446411,0.5546839833259583,0.3900291919708252,0.0,0.37160131335258484,0.5987776517868042,0.8673341870307922,1.1048451662063599,1.4087871313095093,1.441366195678711,1.828916311264038,1.9740281105041504,2.326476573944092,2.5221261978149414,2.765392780303955,2.909130096435547,2.560988187789917,2.3870604038238525,2.0782246589660645,1.859147310256958,1.6680479049682617,1.2944577932357788,1.316473364830017,1.0097883939743042,0.7305535078048706,0.4417015314102173,0.2258671075105667,0.1865374594926834,0.49591898918151855,0.7604086399078369,2.6620728969573975,2.3459231853485107,2.117723226547241,2.002303123474121,1.6887893676757812,1.7200169563293457,1.425652027130127,1.5803250074386597,1.2992833852767944,1.1133073568344116,1.0101492404937744,1.0298595428466797,0.9067157506942749,1.1891425848007202,1.1631333827972412,1.5925275087356567,1.3167872428894043,1.2869192361831665,0.8977414965629578,1.0161501169204712,0.8611108660697937,0.876274824142456,1.0513404607772827,1.3165204524993896,1.2085494995117188,1.5179616212844849,1.519758701324463,1.8984938859939575,1.975122094154358,2.2543342113494873
B5,1.7386127710342407,1.3766732215881348,1.3503228425979614,1.3150180578231812,1.168860912322998,1.436670184135437,1.3304516077041626,1.6913175582885742,1.7227678298950195,1.5658972263336182,1.8604607582092285,1.938565969467163,2.136286497116089,2.378751516342163,2.4542479515075684,1.115493655204773,0.8525561094284058,0.5546189546585083,0.37160131335258484,0.0,0.38949188590049744,0.6161126494407654,0.8733498454093933,1.1264766454696655,1.1817837953567505,1.5607061386108398,1.7396821975708008,2.068098545074463,2.2977426052093506,2.5276947021484375,2.6480965614318848,2.3137919902801514,2.102729082107544,1.8071129322052002,1.5556349754333496,1.3546561002731323,0.9823841452598572,0.9833953380584717,0.656994640827179,0.41567954421043396,0.15623140335083008,0.3611178398132324,0.5402894020080566,0.8619440793991089,1.125125527381897,2.523268461227417,2.1840763092041016,2.006239175796509,1.8688682317733765,1.5999057292938232,1.6472666263580322,1.342322587966919,1.564978837966919,1.3357834815979004,1.070403814315796,1.0424790382385254,0.9750062823295593,0.9308095574378967,1.1492879390716553,1.1134636402130127,1.7973239421844482,1.4750579595565796,1.4476639032363892,1.0744246244430542,1.1274998188018799,1.0105600357055664,0.894924521446228,1.1336288452148438,1.305914044380188,1.09664785861969,1.3772802352905273,1.3033230304718018,1.6674699783325195,1.7139298915863037,1.9607083797454834
B6,1.4043834209442139,1.0310221910476685,1.0482021570205688,0.9909172058105469,0.9304745197296143,1.2195935249328613,1.1861295700073242,1.5562435388565063,1.6685643196105957,1.5319268703460693,1.8735237121582031,1.9538778066635132,2.208482027053833,2.431889057159424,2.5538113117218018,1.3934608697891235,1.1491338014602661,0.8885605335235596,0.5987776517868042,0.38949188590049744,0.0,0.3760867118835449,0.5155066251754761,0.8323721885681152,0.9461785554885864,1.3148458003997803,1.5293546915054321,1.8657448291778564,2.1055915355682373,2.375234603881836,2.650848388671875,2.315098762512207,2.0959866046905518,1.8569179773330688,1.5661975145339966,1.443507194519043,1.08515202999115,1.1422606706619263,0.815133810043335,0.6444846987724304,0.5187486410140991,0.6878350377082825,0.710379958152771,1.0667707920074463,1.2261883020401,2.6937997341156006,2.3423008918762207,2.172914505004883,1.9712532758712769,1.7173678874969482,1.6837716102600098,1.3325248956680298,1.5138394832611084,1.2614490985870361,0.9411042928695679,0.8463683128356934,0.6608592867851257,0.621890127658844,0.7876514792442322,0.7988805174827576,1.611959457397461,1.2653874158859253,1.3019590377807617,0.9897066354751587,1.092897653579712,1.1136749982833862,1.0485591888427734,1.361784815788269,1.5332165956497192,1.312854528427124,1.6188740730285645,1.539587378501892,1.8808140754699707,1.9353152513504028,2.129951000213623
B7,1.3981620073318481,1.0266070365905762,0.9419497847557068,0.770010232925415,0.6504783630371094,0.8745591640472412,0.8140807747840881,1.1871967315673828,1.3129419088363647,1.186476707458496,1.5454564094543457,1.645402431488037,1.9265413284301758,2.1543476581573486,2.3178954124450684,1.692894458770752,1.4030578136444092,1.1606196165084839,0.8673341870307922,0.6161126494407654,0.3760867118835449,0.0,0.3833441734313965,0.5706245303153992,0.5853023529052734,0.9670881628990173,1.1602461338043213,1.4979112148284912,1.7343428134918213,1.9993268251419067,2.3097312450408936,1.9730225801467896,1.7614041566848755,1.5520540475845337,1.2579927444458008,1.2064344882965088,0.8768349289894104,1.038642168045044,0.8071396350860596,0.6371166706085205,0.7305887937545776,0.8877013921737671,1.0062707662582397,1.3264285326004028,1.4700517654418945,2.4556591510772705,2.0977463722229004,1.9494729042053223,1.7044261693954468,1.4872368574142456,1.4227432012557983,1.067480444908142,1.2776259183883667,1.092517375946045,0.7299052476882935,0.7641434073448181,0.5819024443626404,0.7550665140151978,0.901599645614624,1.0230835676193237,1.6929817199707031,1.3218903541564941,1.2973885536193848,1.032017469406128,1.0276356935501099,1.1025605201721191,0.9694398641586304,1.3277391195297241,1.4285072088241577,1.174658179283142,1.476123571395874,1.4005016088485718,1.708790898323059,1.7985460758209229,1.9529768228530884
B8,1.0301172733306885,0.6581978797912598,0.6350275874137878,0.4897724986076355,0.5530645251274109,0.8420917391777039,0.9392132759094238,1.2735882997512817,1.4898523092269897,1.422945499420166,1.802295446395874,1.9173988103866577,2.228053331375122,2.4435184001922607,2.635909080505371,1.9054248332977295,1.6588037014007568,1.4010703563690186,1.1048451662063599,0.8733498454093933,0.5155066251754761,0.3833441734313965,0.0,0.3799339532852173,0.6032511591911316,0.9018927216529846,1.1772887706756592,1.4886674880981445,1.7542651891708374,2.0533127784729004,2.4908533096313477,2.1735241413116455,1.938531756401062,1.7897874116897583,1.4625457525253296,1.4491753578186035,1.161589503288269,1.278591513633728,1.0279474258422852,0.9600692391395569,0.9824557900428772,1.1802974939346313,1.2066556215286255,1.552493929862976,1.6522172689437866,2.7843844890594482,2.4221649169921875,2.2955071926116943,2.02575421333313,1.8319112062454224,1.728306770324707,1.3641945123672485,1.5263890027999878,1.326122760772705,0.9593936204910278,0.895980715751648,0.567317545413971,0.6911993026733398,0.6683341264724731,0.7917150259017944,1.6958279609680176,1.3311351537704468,1.4029678106307983,1.20699942111969,1.276851773262024,1.4184021949768066,1.3351510763168335,1.697479248046875,1.809173345565796,1.5533111095428467,1.8423514366149902,1.7361927032470703,2.0215952396392822,2.077885627746582,2.190480947494507
B9,1.0210922956466675,0.7186708450317383,0.5027565956115723,0.23025916516780853,0.21404173970222473,0.49480774998664856,0.6980246305465698,0.9715965390205383,1.2375450134277344,1.2526171207427979,1.6345136165618896,1.8033117055892944,2.126120090484619,2.3580358028411865,2.594120979309082,2.2169101238250732,1.9527840614318848,1.6778180599212646,1.4087871313095093,1.1264766454696655,0.8323721885681152,0.5706245303153992,0.3799339532852173,0.0,0.3784024119377136,0.5746847987174988,0.9074880480766296,1.167566180229187,1.4705162048339844,1.7531466484069824,2.2120957374572754,1.9195919036865234,1.6630719900131226,1.5734663009643555,1.2304697036743164,1.2846670150756836,1.0786198377609253,1.2267704010009766,1.0734946727752686,1.0779544115066528,1.2112818956375122,1.4407234191894531,1.5343936681747437,1.8743103742599487,1.9940000772476196,2.667868137359619,2.302402973175049,2.227466344833374,1.9334490299224854,1.8049358129501343,1.6995965242385864,1.3662172555923462,1.5627034902572632,1.448581576347351,1.0797384977340698,1.1253694295883179,0.8345687985420227,1.0461236238479614,0.9939682483673096,1.124541163444519,1.9874401092529297,1.6193879842758179,1.6523714065551758,1.4850232601165771,1.4801253080368042,1.6273653507232666,1.480352520942688,1.8466038703918457,1.8855804204940796,1.592612862586975,1.8349570035934448,1.6963167190551758,1.9249399900436401,1.97535240650177,2.0257489681243896
B10,1.3789547681808472,1.080570101737976,0.8722178936004639,0.5347376465797424,0.3921002447605133,0.33883464336395264,0.3676028847694397,0.6858004927635193,0.929476261138916,0.8999539613723755,1.2839874029159546,1.4358192682266235,1.7701135873794556,1.9902639389038086,2.2396910190582275,2.2682340145111084,1.9614222049713135,1.727748155593872,1.441366195678711,1.1817837953567505,0.9461785554885864,0.5853023529052734,0.6032511591911316,0.3784024119377136,0.0,0.3889691233634949,0.6014370918273926,0.9208328127861023,1.1814172267913818,1.4593687057495117,1.9269568920135498,1.6121419668197632,1.402061939239502,1.3137705326080322,1.0112839937210083,1.139176607131958,0.9573457837104797,1.2131879329681396,1.1361334323883057,1.0621509552001953,1.2748912572860718,1.4367097616195679,1.5813499689102173,1.881320595741272,1.9922171831130981,2.363006114959717,2.006012201309204,1.9204403162002563,1.60104501247406,1.487797498703003,1.3535209894180298,1.0377609729766846,1.2414158582687378,1.1937249898910522,0.8485917448997498,1.0086746215820312,0.82735675573349,1.1389133930206299,1.1832698583602905,1.3840562105178833,1.956478476524353,1.5867908000946045,1.5359482765197754,1.3882406949996948,1.2956867218017578,1.455833911895752,1.284483790397644,1.6509730815887451,1.6515353918075562,1.3764982223510742,1.6223171949386597,1.5361074209213257,1.7481937408447266,1.8624439239501953,1.9148896932601929
B11,1.4096516370773315,1.1947965621948242,0.942596971988678,0.6008209586143494,0.5368327498435974,0.21079474687576294,0.4597001373767853,0.5365049839019775,0.8884197473526001,0.9727112650871277,1.3248833417892456,1.510278344154358,1.8582162857055664,2.0656721591949463,2.36258864402771,2.655078411102295,2.349823236465454,2.1099750995635986,1.828916311264038,1.5607061386108398,1.3148458003997803,0.9670881628990173,0.9018927216529846,0.5746847987174988,0.3889691233634949,0.0,0.38128265738487244,0.5954437255859375,0.9043384194374084,1.1909096240997314,1.7989838123321533,1.5262409448623657,1.3151628971099854,1.3406543731689453,1.0543195009231567,1.27788245677948,1.2000447511672974,1.4527195692062378,1.4345909357070923,1.4147554636001587,1.6457767486572266,1.823305606842041,1.9670253992080688,2.26871657371521,2.3678417205810547,2.456345796585083,2.110542058944702,2.074920892715454,1.7298625707626343,1.6884610652923584,1.5286319255828857,1.265502691268921,1.4410701990127563,1.45865797996521,1.153037428855896,1.3223282098770142,1.1354702711105347,1.453843116760254,1.4357305765151978,1.6464694738388062,2.2138659954071045,1.8574873208999634,1.8155640363693237,1.7232882976531982,1.6169952154159546,1.8049399852752686,1.628961205482483,1.986544132232666,1.9470518827438354,1.6690312623977661,1.8716624975204468,1.7699315547943115,1.9179285764694214,2.0250625610351562,2.007413864135742
B12,1.7691421508789062,1.5459927320480347,1.3180768489837646,0.9568256139755249,0.8762018084526062,0.5181008577346802,0.4908861815929413,0.4366185665130615,0.7359488010406494,0.776675820350647,1.0831654071807861,1.2303885221481323,1.5914969444274902,1.762760043144226,2.0834600925445557,2.795633554458618,2.464062452316284,2.2662835121154785,1.9740281105041504,1.7396821975708008,1.5293546915054321,1.1602461338043213,1.1772887706756592,0.9074880480766296,0.6014370918273926,0.38128265738487244,0.0,0.3846735954284668,0.5812584757804871,0.8867050409317017,1.5898417234420776,1.3043843507766724,1.1808552742004395,1.2423655986785889,1.0455694198608398,1.3403834104537964,1.3004395961761475,1.6159796714782715,1.6443846225738525,1.5676578283309937,1.8307899236679077,1.9485857486724854,2.1136257648468018,2.3756864070892334,2.4545974731445312,2.2569217681884766,1.93524169921875,1.891793131828308,1.5196665525436401,1.512752890586853,1.3052737712860107,1.1015405654907227,1.2391506433486938,1.3436975479125977,1.1138181686401367,1.3529887199401855,1.264035940170288,1.6253174543380737,1.6640374660491943,1.920127511024475,2.2410836219787598,1.9018139839172363,1.7952682971954346,1.7448313236236572,1.5730290412902832,1.7771011590957642,1.603767991065979,1.9400560855865479,1.8676989078521729,1.6321897506713867,1.826340675354004,1.786464810371399,1.9057749509811401,2.0728049278259277,2.0530102252960205
B13,1.9272838830947876,1.7625030279159546,1.4957941770553589,1.180405855178833,1.0955109596252441,0.7102070450782776,0.7594716548919678,0.49446097016334534,0.7859505414962769,0.9608644843101501,1.1834641695022583,1.3797677755355835,1.7134419679641724,1.8844611644744873,2.236751079559326,3.1435904502868652,2.814068078994751,2.599398612976074,2.326476573944092,2.068098545074463,1.8657448291778564,1.4979112148284912,1.4886674880981445,1.167566180229187,0.9208328127861023,0.5954437255859375,0.3846735954284668,0.0,0.37189289927482605,0.6147161722183228,1.4240151643753052,1.211081862449646,1.0897274017333984,1.2709465026855469,1.1135995388031006,1.4588806629180908,1.5090571641921997,1.8031704425811768,1.884318232536316,1.8599363565444946,2.1457018852233887,2.290754795074463,2.472560405731201,2.7415823936462402,2.833651304244995,2.3155341148376465,2.013273000717163,2.035414695739746,1.6688172817230225,1.7387125492095947,1.5545624494552612,1.4150595664978027,1.5577600002288818,1.7052302360534668,1.493268370628357,1.7370343208312988,1.6340012550354004,1.9864176511764526,1.9918767213821411,2.2307209968566895,2.605722188949585,2.2725868225097656,2.1707706451416016,2.129183769226074,1.9486685991287231,2.1406490802764893,1.9432791471481323,2.2623684406280518,2.1474461555480957,1.8993967771530151,2.037341833114624,1.9698290824890137,2.022662878036499,2.1710126399993896,2.084146499633789
