,A1,A2,A3,A4,A5,A6,A7,A8,A9,A10,A11,A12,A13,A14,A15,B1,B2,B3,B4,B5,B6,B7,B8,B9,B10,B11,B12,B13,B14,B15,C1,C2,C3,C4,C5,C6,C7,C8,C9,C10,C11,C12,C13,C14,C15,D1,D2,D3,D4,D5,D6,D7,D8,D9,D10,D11,D12,D13,D14,D15,E1,E2,E3,E4,E5,E6,E7,E8,E9,E10,E11,E12,E13,E14,E15
A1,0.0,0.3807002902030945,0.5546525120735168,0.8571688532829285,1.087183952331543,1.430545687675476,1.6224924325942993,1.9460092782974243,2.2570455074310303,2.1793017387390137,2.516062021255493,2.568129539489746,2.866670846939087,2.9711759090423584,3.0749125480651855,2.879328489303589,2.6072452068328857,2.588543176651001,2.2171027660369873,2.3396079540252686,2.1233508586883545,2.1808576583862305,2.2562036514282227,2.329646110534668,2.1354122161865234,2.202817678451538,2.0458431243896484,2.320317029953003,2.2038536071777344,2.5046238899230957,2.107703447341919,1.8391824960708618,1.9256726503372192,1.9568878412246704,1.961005687713623,2.2403602600097656,2.156740188598633,2.4795544147491455,2.625441789627075,2.462723731994629,2.7127974033355713,2.6952998638153076,2.8901851177215576,2.9763150215148926,2.9532268047332764,3.806349277496338,3.431549072265625,3.337743043899536,3.037965774536133,2.8877201080322266,2.6315855979919434,2.349193811416626,2.2696573734283447,1.9794843196868896,1.7830003499984741,1.4572402238845825,1.253331184387207,1.0916121006011963,0.9770584106445312,1.1871505975723267,2.4693517684936523,2.2775285243988037,2.0505948066711426,2.1177217960357666,1.800605297088623,1.89336359500885,1.682770848274231,1.688187599182129,1.6520791053771973,1.744199275970459,1.870949387550354,2.1099867820739746,2.1795613765716553,2.478480815887451,2.493746042251587
A2,0.3807002902030945,0.0,0.3731706142425537,0.5765567421913147,0.8240629434585571,1.153237223625183,1.3080651760101318,1.6548664569854736,1.9476290941238403,1.836674690246582,2.1646978855133057,2.1993682384490967,2.501809597015381,2.5982184410095215,2.7122085094451904,2.5632452964782715,2.2761764526367188,2.2407948970794678,1.8636919260025024,1.969590425491333,1.751543402671814,1.80233895778656,1.890945553779602,1.9767448902130127,1.7784395217895508,1.874197244644165,1.7385599613189697,2.0419363975524902,1.9626524448394775,2.2708206176757812,1.948828935623169,1.638756275177002,1.707472562789917,1.6771843433380127,1.676730990409851,1.9250526428222656,1.8218029737472534,2.1556103229522705,2.2937583923339844,2.110485553741455,2.3605844974517822,2.334049701690674,2.543398141860962,2.6256372928619385,2.623689889907837,3.4376351833343506,3.0627119541168213,2.967738628387451,2.676790714263916,2.5238640308380127,2.281355381011963,1.9906305074691772,1.9352446794509888,1.6554089784622192,1.428650140762329,1.106104850769043,0.8757709860801697,0.7379280924797058,0.6441613435745239,0.9225742220878601,2.2725446224212646,2.0449893474578857,1.809593915939331,1.8232146501541138,1.4975390434265137,1.556982159614563,1.3205223083496094,1.330608606338501,1.2901571989059448,1.3658941984176636,1.5081082582473755,1.751140832901001,1.850738763809204,2.152444362640381,2.200756311416626
A3,0.5546525120735168,0.3731706142425537,0.0,0.38719576597213745,0.5348897576332092,0.8871440291404724,1.0861479043960571,1.3952996730804443,1.715275526046753,1.6687366962432861,2.022524118423462,2.1198782920837402,2.433091878890991,2.579468011856079,2.718780279159546,2.6778762340545654,2.3593909740448,2.345310926437378,1.9729470014572144,2.0565855503082275,1.8457601070404053,1.8275811672210693,1.9275267124176025,1.958402156829834,1.7093918323516846,1.7434971332550049,1.54249906539917,1.8053948879241943,1.6751433610916138,1.9650864601135254,1.9247159957885742,1.6205787658691406,1.6111164093017578,1.599785566329956,1.5254671573638916,1.7759184837341309,1.660380244255066,1.9592784643173218,2.0949580669403076,1.9579674005508423,2.2187764644622803,2.245006561279297,2.4522898197174072,2.5863990783691406,2.593754529953003,3.340864419937134,2.971900224685669,2.8672027587890625,2.546442747116089,2.4067795276641846,2.1310954093933105,1.8785682916641235,1.7993102073669434,1.5493621826171875,1.3520140647888184,1.085963249206543,0.9082907438278198,0.920195996761322,0.885206937789917,1.2218024730682373,2.106654167175293,1.8642112016677856,1.6860790252685547,1.7216682434082031,1.4435595273971558,1.5658694505691528,1.3332514762878418,1.441476821899414,1.4364899396896362,1.4242156744003296,1.5802497863769531,1.759071946144104,1.8657305240631104,2.122478723526001,2.1418824195861816
A4,0.8571688532829285,0.5765567421913147,0.38719576597213745,0.0,0.37275561690330505,0.6125267744064331,0.8482602834701538,1.1595275402069092,1.4865044355392456,1.4243322610855103,1.7847946882247925,1.8758653402328491,2.215806007385254,2.3527979850769043,2.5338969230651855,2.3543245792388916,2.0229547023773193,2.0355966091156006,1.6780259609222412,1.7796902656555176,1.6157623529434204,1.5904868841171265,1.7536557912826538,1.8111658096313477,1.5307199954986572,1.604864239692688,1.401811122894287,1.685765027999878,1.5728391408920288,1.8339307308197021,1.6216498613357544,1.2966442108154297,1.2602488994598389,1.2188559770584106,1.1454159021377563,1.3996785879135132,1.3105583190917969,1.628605842590332,1.8033175468444824,1.6786386966705322,1.977532982826233,2.0276923179626465,2.280482530593872,2.426785707473755,2.486565589904785,3.0760092735290527,2.713773488998413,2.574860095977783,2.263705253601074,2.0891032218933105,1.804754376411438,1.5374860763549805,1.4306561946868896,1.1656218767166138,0.991895854473114,0.7328029870986938,0.650962233543396,0.752102255821228,0.8668432831764221,1.2206637859344482,2.173318862915039,1.880128264427185,1.7245572805404663,1.6788525581359863,1.4166802167892456,1.482251524925232,1.1916825771331787,1.3126249313354492,1.252505898475647,1.1634324789047241,1.2733267545700073,1.4092364311218262,1.5002684593200684,1.742262601852417,1.7577519416809082
A5,1.087183952331543,0.8240629434585571,0.5348897576332092,0.37275561690330505,0.0,0.37465518712997437,0.5720353722572327,0.8612596988677979,1.1911107301712036,1.1813486814498901,1.5518462657928467,1.7013288736343384,2.028301239013672,2.2169768810272217,2.39753794670105,2.5170867443084717,2.1618969440460205,2.1509575843811035,1.798246145248413,1.8324869871139526,1.6440131664276123,1.5377016067504883,1.6681933403015137,1.6525652408599854,1.3437775373458862,1.3422621488571167,1.090362548828125,1.3410805463790894,1.207051157951355,1.4776047468185425,1.858589768409729,1.5355892181396484,1.4185749292373657,1.339361310005188,1.16597580909729,1.3529545068740845,1.1897975206375122,1.4536100625991821,1.5745347738265991,1.4691554307937622,1.7442172765731812,1.824974775314331,2.0502326488494873,2.2362864017486572,2.2861273288726807,2.883587598800659,2.5247347354888916,2.4057912826538086,2.0660014152526855,1.9376825094223022,1.6432887315750122,1.4327179193496704,1.3617604970932007,1.183174729347229,0.9923869967460632,0.8563021421432495,0.7599647045135498,0.9839637875556946,1.0424121618270874,1.4144827127456665,1.8611180782318115,1.5581412315368652,1.4495689868927002,1.4227784872055054,1.2161240577697754,1.3491971492767334,1.1042207479476929,1.3232935667037964,1.3480350971221924,1.2092818021774292,1.3840298652648926,1.474332571029663,1.623980164527893,1.8179351091384888,1.849610686302185
A6,1.430545687675476,1.153237223625183,0.8871440291404724,0.6125267744064331,0.37465518712997437,0.0,0.366290420293808,0.567495584487915,0.9226700067520142,0.9547830820083618,1.3351484537124634,1.5197410583496094,1.8664336204528809,2.071836233139038,2.29938006401062,2.379652738571167,2.009101390838623,2.02693772315979,1.7097008228302002,1.7359200716018677,1.6021138429641724,1.4520094394683838,1.6346096992492676,1.6107875108718872,1.262850046157837,1.2591807842254639,0.9786876440048218,1.2036832571029663,1.0660189390182495,1.2746590375900269,1.7370251417160034,1.4232350587844849,1.2310651540756226,1.1188071966171265,0.8736182451248169,1.0215437412261963,0.8587979674339294,1.0982681512832642,1.2523804903030396,1.201668381690979,1.5165165662765503,1.6574419736862183,1.9179794788360596,2.1403658390045166,2.242597818374634,2.6395983695983887,2.2961554527282715,2.1413040161132812,1.7961397171020508,1.6476829051971436,1.3258534669876099,1.1449964046478271,1.0387381315231323,0.9101957082748413,0.7852128744125366,0.7807702422142029,0.8275882005691528,1.132400631904602,1.274344563484192,1.6343423128128052,1.9340076446533203,1.593083381652832,1.5447657108306885,1.4525090456008911,1.309884786605835,1.409136414527893,1.148438811302185,1.402474045753479,1.4032267332077026,1.170945167541504,1.3019800186157227,1.29745614528656,1.440440058708191,1.571476936340332,1.5893242359161377
A7,1.6224924325942993,1.3080651760101318,1.0861479043960571,0.8482602834701538,0.5720353722572327,0.366290420293808,0.0,0.37726983428001404,0.6447789669036865,0.6176685690879822,0.9955978393554688,1.1886087656021118,1.520270586013794,1.7455708980560303,1.9626085758209229,2.345858573913574,1.9693248271942139,1.930834174156189,1.6179929971694946,1.567334771156311,1.4033572673797607,1.1933143138885498,1.3404924869537354,1.2745306491851807,0.91771000623703,0.8964956998825073,0.6328293085098267,0.9041313529014587,0.8616763949394226,1.1109272241592407,1.98918616771698,1.6572364568710327,1.4681893587112427,1.269862174987793,1.0183466672897339,1.0355147123336792,0.756909966468811,0.9672635197639465,1.0216846466064453,0.9066007137298584,1.1833218336105347,1.307843804359436,1.5543535947799683,1.7826093435287476,1.8850998878479004,2.3269314765930176,1.9757472276687622,1.8556671142578125,1.5037293434143066,1.4030845165252686,1.1170891523361206,0.9641398191452026,0.9790694117546082,0.9513667225837708,0.7389808297157288,0.8341162800788879,0.8162328600883484,1.1743348836898804,1.2748830318450928,1.615600824356079,1.6749041080474854,1.3146026134490967,1.2708784341812134,1.1272107362747192,1.0262612104415894,1.121523380279541,0.9011718034744263,1.2116267681121826,1.2803022861480713,1.0290920734405518,1.231641411781311,1.226130485534668,1.4548536539077759,1.5739680528640747,1.6656169891357422
A8,1.9460092782974243,1.6548664569854736,1.3952996730804443,1.1595275402069092,0.8612596988677979,0.567495584487915,0.37726983428001404,0.0,0.37440603971481323,0.5639832615852356,0.913579523563385,1.2010328769683838,1.5139139890670776,1.788238763809204,2.0346028804779053,2.5050466060638428,2.1233012676239014,2.108570098876953,1.8394464254379272,1.7684931755065918,1.6461408138275146,1.3879003524780273,1.5388598442077637,1.4211835861206055,1.0546361207962036,0.9483904242515564,0.6277778148651123,0.7490423321723938,0.654349148273468,0.8030602335929871,2.110337257385254,1.8117247819900513,1.5578978061676025,1.3710099458694458,1.0508235692977905,0.9922889471054077,0.7050443887710571,0.7599149942398071,0.7783551216125488,0.795467734336853,1.0699199438095093,1.2948553562164307,1.530699372291565,1.8196446895599365,1.9497146606445312,2.1986541748046875,1.8765666484832764,1.7382563352584839,1.3623772859573364,1.2910373210906982,0.9753831028938293,0.9461613893508911,0.9430077075958252,1.0309464931488037,0.9264242649078369,1.1166565418243408,1.170552134513855,1.5351433753967285,1.651605248451233,1.9889864921569824,1.7008265256881714,1.3340225219726562,1.3930017948150635,1.2492867708206177,1.2535258531570435,1.3693618774414062,1.1979589462280273,1.5286885499954224,1.6031845808029175,1.3131067752838135,1.4802837371826172,1.3888496160507202,1.6003674268722534,1.6358778476715088,1.6989116668701172
A9,2.2570455074310303,1.9476290941238403,1.715275526046753,1.4865044355392456,1.1911107301712036,0.9226700067520142,0.6447789669036865,0.37440603971481323,0.0,0.375238299369812,0.6150602102279663,0.9617667198181152,1.2303693294525146,1.541522741317749,1.791580080986023,2.5428929328918457,2.1666972637176514,2.1162495613098145,1.8824963569641113,1.745336890220642,1.6300137042999268,1.3182238340377808,1.434735655784607,1.2648273706436157,0.921920120716095,0.7684701681137085,0.5173542499542236,0.5562382936477661,0.6223053932189941,0.715440571308136,2.376286029815674,2.077364444732666,1.8207087516784668,1.5838921070098877,1.272665023803711,1.1023558378219604,0.7668135166168213,0.6939809322357178,0.525471568107605,0.5459030270576477,0.7418857216835022,1.0145165920257568,1.2279942035675049,1.5502609014511108,1.7038236856460571,1.861138939857483,1.5498931407928467,1.4389702081680298,1.0518063306808472,1.0592182874679565,0.801047146320343,0.8845420479774475,0.9967551231384277,1.1921857595443726,1.0766938924789429,1.3337291479110718,1.374515175819397,1.7504140138626099,1.8507782220840454,2.159135580062866,1.6066657304763794,1.2367500066757202,1.3424798250198364,1.1421908140182495,1.2398539781570435,1.3323720693588257,1.229974627494812,1.5749400854110718,1.6888823509216309,1.3880279064178467,1.5740535259246826,1.4535974264144897,1.709745168685913,1.7049897909164429,1.8175079822540283
A10,2.1793017387390137,1.836674690246582,1.6687366962432861,1.4243322610855103,1.1813486814498901,0.9547830820083618,0.6176685690879822,0.5639832615852356,0.375238299369812,0.0,0.3809695243835449,0.6396874785423279,0.954369306564331,1.2258583307266235,1.4768630266189575,2.2674825191497803,1.8979722261428833,1.8040565252304077,1.5641186237335205,1.3952934741973877,1.26596200466156,0.9451522827148438,1.069509744644165,0.9358678460121155,0.5867108106613159,0.5642141103744507,0.4795597493648529,0.711136519908905,0.8914556503295898,1.0631335973739624,2.321378469467163,1.9964447021484375,1.789230227470398,1.4974212646484375,1.2488973140716553,1.0585540533065796,0.6896107792854309,0.7413060665130615,0.5858547687530518,0.3426647484302521,0.5659916996955872,0.7374902963638306,1.0121705532073975,1.2816953659057617,1.455938696861267,1.714503288269043,1.3659411668777466,1.270302653312683,0.9102353453636169,0.891421377658844,0.6979617476463318,0.6817111968994141,0.9030076861381531,1.07855224609375,0.8789770603179932,1.1440564393997192,1.1547614336013794,1.5255465507507324,1.6251379251480103,1.8983867168426514,1.6239838600158691,1.2502106428146362,1.2631981372833252,0.9812580943107605,1.0315728187561035,1.036760687828064,0.9225243330001831,1.2487998008728027,1.3663963079452515,1.0684614181518555,1.2799228429794312,1.191541314125061,1.4982006549835205,1.5342190265655518,1.7130980491638184
A11,2.516062021255493,2.1646978855133057,2.022524118423462,1.7847946882247925,1.5518462657928467,1.3351484537124634,0.9955978393554688,0.913579523563385,0.6150602102279663,0.3809695243835449,0.0,0.3814108669757843,0.6195093393325806,0.9344435930252075,1.1962168216705322,2.3082997798919678,1.9602341651916504,1.8259906768798828,1.6407370567321777,1.4027099609375,1.2959315776824951,0.9402117729187012,1.010282039642334,0.8331063389778137,0.5925459861755371,0.5804571509361267,0.6850466132164001,0.8211943507194519,1.099339246749878,1.219528317451477,2.6010403633117676,2.2822535037994385,2.0801055431365967,1.758032202720642,1.5321992635726929,1.273498773574829,0.9246076345443726,0.8826388120651245,0.5984142422676086,0.2961311936378479,0.19691000878810883,0.410504013299942,0.6951102018356323,0.9897024035453796,1.2167390584945679,1.3499879837036133,0.9991818070411682,0.9538101553916931,0.6047130227088928,0.7127382159233093,0.6821733117103577,0.7768380045890808,1.087445855140686,1.327865481376648,1.1439287662506104,1.435033917427063,1.439945101737976,1.7933844327926636,1.8789918422698975,2.1092610359191895,1.6662236452102661,1.3181368112564087,1.3536499738693237,1.0204867124557495,1.1528669595718384,1.1043380498886108,1.0776628255844116,1.3711196184158325,1.5143744945526123,1.2326406240463257,1.438117265701294,1.3286783695220947,1.6582870483398438,1.6562753915786743,1.8794490098953247
A12,2.568129539489746,2.1993682384490967,2.1198782920837402,1.8758653402328491,1.7013288736343384,1.5197410583496094,1.1886087656021118,1.2010328769683838,0.9617667198181152,0.6396874785423279,0.3814108669757843,0.0,0.3768314719200134,0.5891581177711487,0.8781420588493347,2.0735881328582764,1.7511683702468872,1.5628842115402222,1.4033032655715942,1.1137384176254272,1.0181424617767334,0.6663764119148254,0.7308496832847595,0.6376142501831055,0.5280572175979614,0.7152657508850098,0.9416423439979553,1.1490356922149658,1.4421498775482178,1.594019889831543,2.6253480911254883,2.298027753829956,2.1449356079101562,1.788527488708496,1.6329443454742432,1.3691095113754272,1.0536948442459106,1.0897529125213623,0.8767525553703308,0.5206887125968933,0.41098740696907043,0.23990102112293243,0.6225355863571167,0.7812966108322144,1.0615122318267822,1.2432327270507812,0.8651812672615051,0.8505499362945557,0.6280250549316406,0.6939319372177124,0.7971261143684387,0.7959204316139221,1.1622822284698486,1.3708745241165161,1.1513147354125977,1.4240844249725342,1.4115803241729736,1.7256264686584473,1.8115142583847046,1.9833827018737793,1.8401036262512207,1.5142011642456055,1.4707070589065552,1.0933003425598145,1.169373631477356,1.0028380155563354,0.9868258237838745,1.1990810632705688,1.3302284479141235,1.0796101093292236,1.2776724100112915,1.1991910934448242,1.556397795677185,1.5817723274230957,1.8635612726211548
A13,2.866670846939087,2.501809597015381,2.433091878890991,2.215806007385254,2.028301239013672,1.8664336204528809,1.520270586013794,1.5139139890670776,1.2303693294525146,0.954369306564331,0.6195093393325806,0.3768314719200134,0.0,0.3795400559902191,0.606369137763977,2.297433376312256,2.007504463195801,1.781113624572754,1.6611192226409912,1.3288190364837646,1.226675033569336,0.9019749164581299,0.8354203701019287,0.6774885058403015,0.7432196736335754,0.8601608276367188,1.1571577787399292,1.2984994649887085,1.637830138206482,1.7740037441253662,2.992680072784424,2.6667373180389404,2.518197536468506,2.15767240524292,2.005279302597046,1.7268768548965454,1.4170812368392944,1.405169129371643,1.1343413591384888,0.8309531807899475,0.5466959476470947,0.22225545346736908,0.3695846199989319,0.47086629271507263,0.8066795468330383,1.0174181461334229,0.648324191570282,0.7977730631828308,0.6889731287956238,0.8924733996391296,1.0883573293685913,1.1479965448379517,1.5182489156723022,1.7424079179763794,1.5241824388504028,1.7841681241989136,1.7404954433441162,2.0338847637176514,2.0808839797973633,2.2194671630859375,1.8450360298156738,1.5666550397872925,1.539726972579956,1.1621018648147583,1.3075034618377686,1.1387666463851929,1.2249032258987427,1.4080071449279785,1.5814071893692017,1.3844444751739502,1.592470407485962,1.531492829322815,1.8888663053512573,1.9023092985153198,2.1991500854492188
A14,2.9711759090423584,2.5982184410095215,2.579468011856079,2.3527979850769043,2.2169768810272217,2.071836233139038,1.7455708980560303,1.788238763809204,1.541522741317749,1.2258583307266235,0.9344435930252075,0.5891581177711487,0.3795400559902191,0.0,0.374942809343338,2.0977368354797363,1.851028323173523,1.5823010206222534,1.5132423639297485,1.153527855873108,1.0952495336532593,0.8487328290939331,0.7822364568710327,0.7728505730628967,0.932368814945221,1.1505202054977417,1.462515950202942,1.6502183675765991,1.980384349822998,2.1312096118927,3.0250043869018555,2.7023987770080566,2.5952489376068115,2.2170586585998535,2.124082088470459,1.8480278253555298,1.5797146558761597,1.614633321762085,1.4020195007324219,1.0845530033111572,0.8788996338844299,0.5622206330299377,0.6846532225608826,0.551945686340332,0.8934147953987122,1.0464497804641724,0.718006432056427,0.8620513081550598,0.8968542218208313,1.0145553350448608,1.2649363279342651,1.2624564170837402,1.6360567808151245,1.830207109451294,1.6092376708984375,1.8465417623519897,1.805066466331482,2.0519797801971436,2.108325958251953,2.1886374950408936,2.134434938430786,1.8707493543624878,1.7883334159851074,1.4036622047424316,1.4830302000045776,1.2323112487792969,1.304139256477356,1.3889596462249756,1.5234143733978271,1.3695204257965088,1.53742253780365,1.4986214637756348,1.8486254215240479,1.8768974542617798,2.2094321250915527
A15,3.0749125480651855,2.7122085094451904,2.718780279159546,2.5338969230651855,2.39753794670105,2.29938006401062,1.9626085758209229,2.0346028804779053,1.791580080986023,1.4768630266189575,1.1962168216705322,0.8781420588493347,0.606369137763977,0.374942809343338,0.0,2.333263635635376,2.111971855163574,1.8059756755828857,1.7234241962432861,1.3517895936965942,1.2318326234817505,1.032063364982605,0.8316671252250671,0.7928881049156189,1.0709823369979858,1.2632077932357788,1.619110107421875,1.8010557889938354,2.1519854068756104,2.331620216369629,3.3167121410369873,2.9821949005126953,2.8965070247650146,2.522310733795166,2.436840295791626,2.184697389602661,1.9013615846633911,1.952773928642273,1.721960425376892,1.3928881883621216,1.1507817506790161,0.7909736633300781,0.7418534159660339,0.42180994153022766,0.6724252700805664,1.2327954769134521,0.9574357867240906,1.1866726875305176,1.2298163175582886,1.383083701133728,1.6187177896499634,1.6021515130996704,1.9743114709854126,2.140868902206421,1.8839770555496216,2.0783188343048096,1.9778302907943726,2.1910932064056396,2.1897337436676025,2.230879545211792,2.09086012840271,1.8804181814193726,1.7682383060455322,1.405734896659851,1.494971513748169,1.2396910190582275,1.3966107368469238,1.4444642066955566,1.6306171417236328,1.5536693334579468,1.7609057426452637,1.7840009927749634,2.142275810241699,2.206512689590454,2.5455939769744873
B1,2.879328489303589,2.5632452964782715,2.6778762340545654,2.3543245792388916,2.5170867443084717,2.379652738571167,2.345858573913574,2.5050466060638428,2.5428929328918457,2.2674825191497803,2.3082997798919678,2.0735881328582764,2.297433376312256,2.0977368354797363,2.333263635635376,0.0,0.3818461298942566,0.5624739527702332,0.8688786625862122,1.1137360334396362,1.4530913829803467,1.6674269437789917,1.9785656929016113,2.2944533824920654,2.2303268909454346,2.5754148960113525,2.6598050594329834,2.9730520248413086,3.0979106426239014,3.2409424781799316,1.8379137516021729,1.682521939277649,1.81197190284729,1.5414987802505493,1.8113690614700317,1.7400031089782715,1.8717983961105347,2.1120030879974365,2.3158762454986572,2.1426382064819336,2.3653290271759033,2.29473876953125,2.6397695541381836,2.591222047805786,2.8531651496887207,2.647711992263794,2.42891263961792,2.1955418586730957,2.2405145168304443,1.9208484888076782,1.959069013595581,1.6883238554000854,1.6921371221542358,1.5853511095046997,1.6194489002227783,1.6615029573440552,1.8663164377212524,1.8633427619934082,2.161388635635376,2.1294004917144775,3.683976650238037,3.347383975982666,3.17228102684021,2.849932909011841,2.6618382930755615,2.367391347885132,2.104268789291382,1.9400222301483154,1.6317412853240967,1.5342681407928467,1.1984277963638306,1.124216914176941,0.9739521145820618,1.0467793941497803,1.2812451124191284
B2,2.6072452068328857,2.2761764526367188,2.3593909740448,2.0229547023773193,2.1618969440460205,2.009101390838623,1.9693248271942139,2.1233012676239014,2.1666972637176514,1.8979722261428833,1.9602341651916504,1.7511683702468872,2.007504463195801,1.851028323173523,2.111971855163574,0.3818461298942566,0.0,0.3755970299243927,0.5932269096374512,0.8535747528076172,1.1860109567642212,1.3614823818206787,1.6994426250457764,1.9950100183486938,1.89480459690094,2.227872848510742,2.2925870418548584,2.603114604949951,2.7191760540008545,2.8621184825897217,1.6466586589813232,1.4404579401016235,1.5253833532333374,1.2163547277450562,1.458998203277588,1.3775819540023804,1.4939730167388916,1.7475134134292603,1.9565082788467407,1.7839137315750122,2.0288283824920654,1.9808179140090942,2.339494228363037,2.325979232788086,2.5880496501922607,2.425507068634033,2.1774821281433105,1.9351418018341064,1.9325274229049683,1.604495882987976,1.6085906028747559,1.3200976848602295,1.3217653036117554,1.2149512767791748,1.2422807216644287,1.3114776611328125,1.535050868988037,1.5806175470352173,1.8911571502685547,1.9107325077056885,3.3402340412139893,2.9961700439453125,2.8348007202148438,2.5163023471832275,2.335317850112915,2.060502290725708,1.782211422920227,1.6591259241104126,1.3605682849884033,1.2069101333618164,0.8636391162872314,0.7455971240997314,0.6164047718048096,0.7203675508499146,1.003960132598877
B3,2.588543176651001,2.2407948970794678,2.345310926437378,2.0355966091156006,2.1509575843811035,2.02693772315979,1.930834174156189,2.108570098876953,2.1162495613098145,1.8040565252304077,1.8259906768798828,1.5628842115402222,1.781113624572754,1.5823010206222534,1.8059756755828857,0.5624739527702332,0.3755970299243927,0.0,0.3878251016139984,0.5530846118927002,0.9025959372520447,1.1153724193572998,1.4170960187911987,1.736924171447754,1.695335030555725,2.0526621341705322,2.1730594635009766,2.4970650672912598,2.6562325954437256,2.827577829360962,1.9374219179153442,1.6866391897201538,1.7640799283981323,1.424709677696228,1.6188594102859497,1.507576584815979,1.534447431564331,1.7912260293960571,1.9340691566467285,1.6999224424362183,1.8909549713134766,1.7784875631332397,2.111626625061035,2.0509192943573,2.299617290496826,2.257946252822876,1.9957109689712524,1.8065822124481201,1.8215315341949463,1.5390026569366455,1.5944969654083252,1.3052350282669067,1.4052412509918213,1.3306649923324585,1.2553659677505493,1.3250452280044556,1.467029094696045,1.5114986896514893,1.7706587314605713,1.7544862031936646,3.1533122062683105,2.8261947631835938,2.6428940296173096,2.311563730239868,2.132347583770752,1.8245124816894531,1.5846760272979736,1.4260090589523315,1.1560686826705933,1.0494252443313599,0.7752686738967896,0.7550747990608215,0.8071390390396118,0.9598256349563599,1.2928497791290283
B4,2.2171027660369873,1.8636919260025024,1.9729470014572144,1.6780259609222412,1.798246145248413,1.7097008228302002,1.6179929971694946,1.8394464254379272,1.8824963569641113,1.5641186237335205,1.6407370567321777,1.4033032655715942,1.6611192226409912,1.5132423639297485,1.7234241962432861,0.8688786625862122,0.5932269096374512,0.3878251016139984,0.0,0.372640460729599,0.6232732534408569,0.8658362627029419,1.1758719682693481,1.4967718124389648,1.4283287525177002,1.784999132156372,1.8879777193069458,2.2339799404144287,2.3785228729248047,2.5821614265441895,1.81766676902771,1.5168533325195312,1.5941808223724365,1.254027247428894,1.4249476194381714,1.3618416786193848,1.3411929607391357,1.6480225324630737,1.7886347770690918,1.5267072916030884,1.7400399446487427,1.6228314638137817,1.9545670747756958,1.9127600193023682,2.125122308731079,2.2965948581695557,1.9890201091766357,1.8228124380111694,1.7613588571548462,1.4957668781280518,1.4896929264068604,1.155981421470642,1.2577779293060303,1.1298542022705078,0.9740550518035889,0.9898555874824524,1.0901246070861816,1.1324394941329956,1.386972427368164,1.3938515186309814,2.847663164138794,2.52360463142395,2.3222525119781494,2.0130927562713623,1.8018378019332886,1.5083593130111694,1.2408249378204346,1.0761409997940063,0.7843533754348755,0.6838610172271729,0.4155312776565552,0.5451444983482361,0.6979868412017822,0.96221524477005,1.2790513038635254
B5,2.3396079540252686,1.969590425491333,2.0565855503082275,1.7796902656555176,1.8324869871139526,1.7359200716018677,1.567334771156311,1.7684931755065918,1.745336890220642,1.3952934741973877,1.4027099609375,1.1137384176254272,1.3288190364837646,1.153527855873108,1.3517895936965942,1.1137360334396362,0.8535747528076172,0.5530846118927002,0.372640460729599,0.0,0.370320588350296,0.5777625441551208,0.8651396036148071,1.191450834274292,1.1778364181518555,1.5486873388290405,1.7122827768325806,2.048734664916992,2.2437796592712402,2.451265335083008,2.125225305557251,1.8091373443603516,1.8339134454727173,1.4677702188491821,1.5602614879608154,1.4275001287460327,1.3212130069732666,1.5855270624160767,1.6460638046264648,1.3400064706802368,1.4849427938461304,1.3160492181777954,1.6272292137145996,1.5571397542953491,1.777744174003601,1.993397831916809,1.6778819561004639,1.5580211877822876,1.514391541481018,1.3031764030456543,1.3604689836502075,1.068260908126831,1.2766212224960327,1.2401776313781738,1.0267813205718994,1.1160004138946533,1.1493756771087646,1.2569082975387573,1.4435402154922485,1.4570542573928833,2.6253552436828613,2.3111705780029297,2.1157352924346924,1.7784295082092285,1.6067860126495361,1.2853708267211914,1.079683780670166,0.9388113617897034,0.7571862936019897,0.6419259309768677,0.5675521492958069,0.6636512279510498,0.9445985555648804,1.1393293142318726,1.4878450632095337
B6,2.1233508586883545,1.751543402671814,1.8457601070404053,1.6157623529434204,1.6440131664276123,1.6021138429641724,1.4033572673797607,1.6461408138275146,1.6300137042999268,1.26596200466156,1.2959315776824951,1.0181424617767334,1.226675033569336,1.0952495336532593,1.2318326234817505,1.4530913829803467,1.1860109567642212,0.9025959372520447,0.6232732534408569,0.370320588350296,0.0,0.3614126741886139,0.5708829164505005,0.9159992933273315,0.9317664504051208,1.3078534603118896,1.4951767921447754,1.8505945205688477,2.0568454265594482,2.3056178092956543,2.252901792526245,1.9078071117401123,1.9261664152145386,1.5766046047210693,1.622437596321106,1.5212695598602295,1.3432520627975464,1.62158203125,1.6367024183273315,1.2909072637557983,1.4048877954483032,1.1929011344909668,1.4633818864822388,1.3820520639419556,1.5437984466552734,2.046858549118042,1.699960470199585,1.6400673389434814,1.5399093627929688,1.3917319774627686,1.4182113409042358,1.129580020904541,1.3643771409988403,1.3136318922042847,1.013229489326477,1.0530892610549927,0.9676859378814697,1.0804115533828735,1.187976360321045,1.207136631011963,2.3180458545684814,2.0217700004577637,1.795047640800476,1.4729143381118774,1.273627758026123,0.9390727281570435,0.755125880241394,0.5849735140800476,0.4953400492668152,0.4651790261268616,0.6154448986053467,0.8259990215301514,1.154239535331726,1.3861238956451416,1.7084892988204956
B7,2.1808576583862305,1.80233895778656,1.8275811672210693,1.5904868841171265,1.5377016067504883,1.4520094394683838,1.1933143138885498,1.3879003524780273,1.3182238340377808,0.9451522827148438,0.9402117729187012,0.6663764119148254,0.9019749164581299,0.8487328290939331,1.032063364982605,1.6674269437789917,1.3614823818206787,1.1153724193572998,0.8658362627029419,0.5777625441551208,0.3614126741886139,0.0,0.3739558160305023,0.6376410126686096,0.6066312789916992,0.9831447005271912,1.189081072807312,1.525518774986267,1.7570685148239136,1.9918692111968994,2.3340964317321777,1.9846667051315308,1.9353066682815552,1.5757442712783813,1.540395736694336,1.3867489099502563,1.1423115730285645,1.3720948696136475,1.328628659248352,0.9645624756813049,1.0496716499328613,0.8420789837837219,1.1304810047149658,1.10543692111969,1.2937067747116089,1.7772603034973145,1.4129427671432495,1.3666677474975586,1.2233479022979736,1.1197888851165771,1.1488144397735596,0.91085284948349,1.2051841020584106,1.2357360124588013,0.9265788793563843,1.0624233484268188,0.9868841171264648,1.207683801651001,1.2998669147491455,1.399996042251587,2.0548505783081055,1.7428936958312988,1.5593866109848022,1.2084137201309204,1.076261281967163,0.7694646716117859,0.6227312088012695,0.6451186537742615,0.7009551525115967,0.5263823866844177,0.7599570155143738,0.8568769097328186,1.2308471202850342,1.3985828161239624,1.7127901315689087
B8,2.2562036514282227,1.890945553779602,1.9275267124176025,1.7536557912826538,1.6681933403015137,1.6346096992492676,1.3404924869537354,1.5388598442077637,1.434735655784607,1.069509744644165,1.010282039642334,0.7308496832847595,0.8354203701019287,0.7822364568710327,0.8316671252250671,1.9785656929016113,1.6994426250457764,1.4170960187911987,1.1758719682693481,0.8651396036148071,0.5708829164505005,0.3739558160305023,0.0,0.36612123250961304,0.5466659665107727,0.8942283987998962,1.1851403713226318,1.505391001701355,1.780164122581482,2.0433413982391357,2.671013116836548,2.3131823539733887,2.2674052715301514,1.9208829402923584,1.8635367155075073,1.7163457870483398,1.4345120191574097,1.6300441026687622,1.5148541927337646,1.1342589855194092,1.1066267490386963,0.8073346614837646,0.9760723114013672,0.8733299374580383,0.9869802594184875,1.7933403253555298,1.429137110710144,1.480115532875061,1.344846248626709,1.3391259908676147,1.3994451761245728,1.2188756465911865,1.5318458080291748,1.5737789869308472,1.242398738861084,1.3411431312561035,1.1768262386322021,1.36923086643219,1.3603169918060303,1.428375482559204,1.84697425365448,1.577460527420044,1.362539529800415,1.009738564491272,0.9006956219673157,0.5562056303024292,0.6009905338287354,0.6215870976448059,0.8352985978126526,0.7943781614303589,1.0871844291687012,1.226925253868103,1.5986014604568481,1.7722320556640625,2.0839755535125732
B9,2.329646110534668,1.9767448902130127,1.958402156829834,1.8111658096313477,1.6525652408599854,1.6107875108718872,1.2745306491851807,1.4211835861206055,1.2648273706436157,0.9358678460121155,0.8331063389778137,0.6376142501831055,0.6774885058403015,0.7728505730628967,0.7928881049156189,2.2944533824920654,1.9950100183486938,1.736924171447754,1.4967718124389648,1.191450834274292,0.9159992933273315,0.6376410126686096,0.36612123250961304,0.0,0.36913833022117615,0.6074077486991882,0.9546184539794922,1.2291535139083862,1.5393987894058228,1.8013112545013428,2.854562759399414,2.495321035385132,2.4053151607513428,2.0710222721099854,1.95052969455719,1.7859034538269043,1.4576798677444458,1.5919101238250732,1.4039182662963867,1.0358935594558716,0.9229568839073181,0.6161107420921326,0.6898031830787659,0.6531445384025574,0.7218286395072937,1.690423846244812,1.323694109916687,1.426853060722351,1.243373990058899,1.3255301713943481,1.3756314516067505,1.2726902961730957,1.5983339548110962,1.6884284019470215,1.3637542724609375,1.4956073760986328,1.3204543590545654,1.5619139671325684,1.5185129642486572,1.6386792659759521,1.525516152381897,1.2611610889434814,1.0852388143539429,0.7097357511520386,0.7203622460365295,0.48124152421951294,0.6664249300956726,0.8402172327041626,1.1155484914779663,1.035020351409912,1.3546483516693115,1.4502925872802734,1.828263521194458,1.9672682285308838,2.2565717697143555
B10,2.1354122161865234,1.7784395217895508,1.7093918323516846,1.5307199954986572,1.3437775373458862,1.262850046157837,0.91771000623703,1.0546361207962036,0.921920120716095,0.5867108106613159,0.5925459861755371,0.5280572175979614,0.7432196736335754,0.932368814945221,1.0709823369979858,2.2303268909454346,1.89480459690094,1.695335030555725,1.4283287525177002,1.1778364181518555,0.9317664504051208,0.6066312789916992,0.5466659665107727,0.36913833022117615,0.0,0.37876859307289124,0.645287036895752,0.9635350108146667,1.2373652458190918,1.4980823993682861,2.580087900161743,2.2244372367858887,2.102543592453003,1.7828199863433838,1.626299262046814,1.472290277481079,1.128943681716919,1.2708243131637573,1.1084192991256714,0.751314103603363,0.7434582114219666,0.5795005559921265,0.7773036956787109,0.899466872215271,1.0109834671020508,1.7304502725601196,1.352666974067688,1.3754802942276,1.1122000217437744,1.1484370231628418,1.1109938621520996,0.9997951984405518,1.2956503629684448,1.3882015943527222,1.0729254484176636,1.2332019805908203,1.0956275463104248,1.3975704908370972,1.402147650718689,1.5969594717025757,1.4779014587402344,1.1520700454711914,1.0218554735183716,0.6547238230705261,0.6485699415206909,0.5155290961265564,0.5375886559486389,0.8340325355529785,1.0626906156539917,0.8876146078109741,1.2041425704956055,1.2576756477355957,1.6250035762786865,1.7501540184020996,2.003990650177002
B11,2.202817678451538,1.874197244644165,1.7434971332550049,1.604864239692688,1.3422621488571167,1.2591807842254639,0.8964956998825073,0.9483904242515564,0.7684701681137085,0.5642141103744507,0.5804571509361267,0.7152657508850098,0.8601608276367188,1.1505202054977417,1.2632077932357788,2.5754148960113525,2.227872848510742,2.0526621341705322,1.784999132156372,1.5486873388290405,1.3078534603118896,0.9831447005271912,0.8942283987998962,0.6074077486991882,0.37876859307289124,0.0,0.3776361346244812,0.6244819164276123,0.9370386004447937,1.2053190469741821,2.763296365737915,2.414945363998413,2.253201723098755,1.9655499458312988,1.7495312690734863,1.599924921989441,1.2338320016860962,1.299910068511963,1.073469638824463,0.7942036986351013,0.7217973470687866,0.669261634349823,0.7426628470420837,0.9731908440589905,1.0221120119094849,1.7822282314300537,1.4243388175964355,1.476624608039856,1.1633297204971313,1.2744032144546509,1.1994349956512451,1.1759732961654663,1.4396345615386963,1.5630794763565063,1.279962182044983,1.4462809562683105,1.306112289428711,1.6271761655807495,1.5999538898468018,1.8346867561340332,1.1615502834320068,0.8170965909957886,0.7809938788414001,0.44542089104652405,0.6190937757492065,0.6961972713470459,0.7910815477371216,1.1346067190170288,1.387925386428833,1.2123984098434448,1.5274909734725952,1.5533199310302734,1.9028269052505493,1.9992589950561523,2.215230941772461
B12,2.0458431243896484,1.7385599613189697,1.54249906539917,1.401811122894287,1.090362548828125,0.9786876440048218,0.6328293085098267,0.6277778148651123,0.5173542499542236,0.4795597493648529,0.6850466132164001,0.9416423439979553,1.1571577787399292,1.462515950202942,1.619110107421875,2.6598050594329834,2.2925870418548584,2.1730594635009766,1.8879777193069458,1.7122827768325806,1.4951767921447754,1.189081072807312,1.1851403713226318,0.9546184539794922,0.645287036895752,0.3776361346244812,0.0,0.3826553523540497,0.5960510969161987,0.8939511775970459,2.593472957611084,2.258038282394409,2.063791036605835,1.820346474647522,1.5601768493652344,1.4520140886306763,1.0943559408187866,1.1488772630691528,0.9683667421340942,0.7928148508071899,0.8483551740646362,0.942744255065918,1.0618537664413452,1.335098385810852,1.3905776739120483,1.993096113204956,1.6477808952331543,1.6371809244155884,1.276126503944397,1.340718150138855,1.1646943092346191,1.1497082710266113,1.3284016847610474,1.4358875751495361,1.1932111978530884,1.3525950908660889,1.2478408813476562,1.5934336185455322,1.5920847654342651,1.8840866088867188,1.168890118598938,0.7913607954978943,0.8329164981842041,0.6431479454040527,0.7557676434516907,0.9263415932655334,0.9173780679702759,1.2885380983352661,1.4962116479873657,1.2843003273010254,1.5711621046066284,1.5691072940826416,1.8781275749206543,1.9622547626495361,2.120938539505005
B13,2.320317029953003,2.0419363975524902,1.8053948879241943,1.685765027999878,1.3410805463790894,1.2036832571029663,0.9041313529014587,0.7490423321723938,0.5562382936477661,0.711136519908905,0.8211943507194519,1.1490356922149658,1.2984994649887085,1.6502183675765991,1.8010557889938354,2.9730520248413086,2.603114604949951,2.4970650672912598,2.2339799404144287,2.048734664916992,1.8505945205688477,1.525518774986267,1.505391001701355,1.2291535139083862,0.9635350108146667,0.6244819164276123,0.3826553523540497,0.0,0.374778151512146,0.6061153411865234,2.842250347137451,2.5265047550201416,2.2947723865509033,2.07377552986145,1.7742341756820679,1.6437489986419678,1.2973339557647705,1.2448248863220215,1.0017238855361938,0.9430181384086609,0.9234339594841003,1.0952388048171997,1.1353281736373901,1.4638406038284302,1.5061087608337402,1.9996353387832642,1.6942452192306519,1.7031395435333252,1.3315404653549194,1.461531400680542,1.2904819250106812,1.3723465204238892,1.5326770544052124,1.6898900270462036,1.5017060041427612,1.6873632669448853,1.610677719116211,1.959306001663208,1.9545100927352905,2.254136085510254,1.0783509016036987,0.7278925776481628,0.9342615008354187,0.832624614238739,1.0496716499328613,1.259523630142212,1.2936638593673706,1.663954496383667,1.877568244934082,1.6552338600158691,1.924750804901123,1.883196473121643,2.177422285079956,2.2166545391082764,2.350342273712158
