0.000000000000000000e+00,3.807002902030944824e-01,5.546525120735168457e-01,8.571688532829284668e-01,1.087183952331542969e+00,1.430545687675476074e+00,1.622492432594299316e+00,1.946009278297424316e+00,2.257045507431030273e+00,2.179301738739013672e+00,2.516062021255493164e+00,2.568129539489746094e+00,2.866670846939086914e+00,2.971175909042358398e+00,3.074912548065185547e+00,2.879328489303588867e+00,2.607245206832885742e+00,2.588543176651000977e+00,2.217102766036987305e+00,2.339607954025268555e+00,2.123350858688354492e+00,2.180857658386230469e+00,2.256203651428222656e+00,2.329646110534667969e+00,2.135412216186523438e+00,2.202817678451538086e+00,2.045843124389648438e+00,2.320317029953002930e+00,2.203853607177734375e+00,2.504623889923095703e+00,2.107703447341918945e+00,1.839182496070861816e+00,1.925672650337219238e+00,1.956887841224670410e+00,1.961005687713623047e+00,2.240360260009765625e+00,2.156740188598632812e+00,2.479554414749145508e+00,2.625441789627075195e+00,2.462723731994628906e+00,2.712797403335571289e+00,2.695299863815307617e+00,2.890185117721557617e+00,2.976315021514892578e+00,2.953226804733276367e+00,3.806349277496337891e+00,3.431549072265625000e+00,3.337743043899536133e+00,3.037965774536132812e+00,2.887720108032226562e+00,2.631585597991943359e+00,2.349193811416625977e+00,2.269657373428344727e+00,1.979484319686889648e+00,1.783000349998474121e+00,1.457240223884582520e+00,1.253331184387207031e+00,1.091612100601196289e+00,9.770584106445312500e-01,1.187150597572326660e+00,2.469351768493652344e+00,2.277528524398803711e+00,2.050594806671142578e+00,2.117721796035766602e+00,1.800605297088623047e+00,1.893363595008850098e+00,1.682770848274230957e+00,1.688187599182128906e+00,1.652079105377197266e+00,1.744199275970458984e+00,1.870949387550354004e+00,2.109986782073974609e+00,2.179561376571655273e+00,2.478480815887451172e+00,2.493746042251586914e+00
3.807002902030944824e-01,0.000000000000000000e+00,3.731706142425537109e-01,5.765567421913146973e-01,8.240629434585571289e-01,1.153237223625183105e+00,1.308065176010131836e+00,1.654866456985473633e+00,1.947629094123840332e+00,1.836674690246582031e+00,2.164697885513305664e+00,2.199368238449096680e+00,2.501809597015380859e+00,2.598218441009521484e+00,2.712208509445190430e+00,2.563245296478271484e+00,2.276176452636718750e+00,2.240794897079467773e+00,1.863691926002502441e+00,1.969590425491333008e+00,1.751543402671813965e+00,1.802338957786560059e+00,1.890945553779602051e+00,1.976744890213012695e+00,1.778439521789550781e+00,1.874197244644165039e+00,1.738559961318969727e+00,2.041936397552490234e+00,1.962652444839477539e+00,2.270820617675781250e+00,1.948828935623168945e+00,1.638756275177001953e+00,1.707472562789916992e+00,1.677184343338012695e+00,1.676730990409851074e+00,1.925052642822265625e+00,1.821802973747253418e+00,2.155610322952270508e+00,2.293758392333984375e+00,2.110485553741455078e+00,2.360584497451782227e+00,2.334049701690673828e+00,2.543398141860961914e+00,2.625637292861938477e+00,2.623689889907836914e+00,3.437635183334350586e+00,3.062711954116821289e+00,2.967738628387451172e+00,2.676790714263916016e+00,2.523864030838012695e+00,2.281355381011962891e+00,1.990630507469177246e+00,1.935244679450988770e+00,1.655408978462219238e+00,1.428650140762329102e+00,1.106104850769042969e+00,8.757709860801696777e-01,7.379280924797058105e-01,6.441613435745239258e-01,9.225742220878601074e-01,2.272544622421264648e+00,2.044989347457885742e+00,1.809593915939331055e+00,1.823214650154113770e+00,1.497539043426513672e+00,1.556982159614562988e+00,1.320522308349609375e+00,1.330608606338500977e+00,1.290157198905944824e+00,1.365894198417663574e+00,1.508108258247375488e+00,1.751140832901000977e+00,1.850738763809204102e+00,2.152444362640380859e+00,2.200756311416625977e+00
5.546525120735168457e-01,3.731706142425537109e-01,0.000000000000000000e+00,3.871957659721374512e-01,5.348897576332092285e-01,8.871440291404724121e-01,1.086147904396057129e+00,1.395299673080444336e+00,1.715275526046752930e+00,1.668736696243286133e+00,2.022524118423461914e+00,2.119878292083740234e+00,2.433091878890991211e+00,2.579468011856079102e+00,2.718780279159545898e+00,2.677876234054565430e+00,2.359390974044799805e+00,2.345310926437377930e+00,1.972947001457214355e+00,2.056585550308227539e+00,1.845760107040405273e+00,1.827581167221069336e+00,1.927526712417602539e+00,1.958402156829833984e+00,1.709391832351684570e+00,1.743497133255004883e+00,1.542499065399169922e+00,1.805394887924194336e+00,1.675143361091613770e+00,1.965086460113525391e+00,1.924715995788574219e+00,1.620578765869140625e+00,1.611116409301757812e+00,1.599785566329956055e+00,1.525467157363891602e+00,1.775918483734130859e+00,1.660380244255065918e+00,1.959278464317321777e+00,2.094958066940307617e+00,1.957967400550842285e+00,2.218776464462280273e+00,2.245006561279296875e+00,2.452289819717407227e+00,2.586399078369140625e+00,2.593754529953002930e+00,3.340864419937133789e+00,2.971900224685668945e+00,2.867202758789062500e+00,2.546442747116088867e+00,2.406779527664184570e+00,2.131095409393310547e+00,1.878568291664123535e+00,1.799310207366943359e+00,1.549362182617187500e+00,1.352014064788818359e+00,1.085963249206542969e+00,9.082907438278198242e-01,9.201959967613220215e-01,8.852069377899169922e-01,1.221802473068237305e+00,2.106654167175292969e+00,1.864211201667785645e+00,1.686079025268554688e+00,1.721668243408203125e+00,1.443559527397155762e+00,1.565869450569152832e+00,1.333251476287841797e+00,1.441476821899414062e+00,1.436489939689636230e+00,1.424215674400329590e+00,1.580249786376953125e+00,1.759071946144104004e+00,1.865730524063110352e+00,2.122478723526000977e+00,2.141882419586181641e+00
8.571688532829284668e-01,5.765567421913146973e-01,3.871957659721374512e-01,0.000000000000000000e+00,3.727556169033050537e-01,6.125267744064331055e-01,8.482602834701538086e-01,1.159527540206909180e+00,1.486504435539245605e+00,1.424332261085510254e+00,1.784794688224792480e+00,1.875865340232849121e+00,2.215806007385253906e+00,2.352797985076904297e+00,2.533896923065185547e+00,2.354324579238891602e+00,2.022954702377319336e+00,2.035596609115600586e+00,1.678025960922241211e+00,1.779690265655517578e+00,1.615762352943420410e+00,1.590486884117126465e+00,1.753655791282653809e+00,1.811165809631347656e+00,1.530719995498657227e+00,1.604864239692687988e+00,1.401811122894287109e+00,1.685765027999877930e+00,1.572839140892028809e+00,1.833930730819702148e+00,1.621649861335754395e+00,1.296644210815429688e+00,1.260248899459838867e+00,1.218855977058410645e+00,1.145415902137756348e+00,1.399678587913513184e+00,1.310558319091796875e+00,1.628605842590332031e+00,1.803317546844482422e+00,1.678638696670532227e+00,1.977532982826232910e+00,2.027692317962646484e+00,2.280482530593872070e+00,2.426785707473754883e+00,2.486565589904785156e+00,3.076009273529052734e+00,2.713773488998413086e+00,2.574860095977783203e+00,2.263705253601074219e+00,2.089103221893310547e+00,1.804754376411437988e+00,1.537486076354980469e+00,1.430656194686889648e+00,1.165621876716613770e+00,9.918958544731140137e-01,7.328029870986938477e-01,6.509622335433959961e-01,7.521022558212280273e-01,8.668432831764221191e-01,1.220663785934448242e+00,2.173318862915039062e+00,1.880128264427185059e+00,1.724557280540466309e+00,1.678852558135986328e+00,1.416680216789245605e+00,1.482251524925231934e+00,1.191682577133178711e+00,1.312624931335449219e+00,1.252505898475646973e+00,1.163432478904724121e+00,1.273326754570007324e+00,1.409236431121826172e+00,1.500268459320068359e+00,1.742262601852416992e+00,1.757751941680908203e+00
1.087183952331542969e+00,8.240629434585571289e-01,5.348897576332092285e-01,3.727556169033050537e-01,0.000000000000000000e+00,3.746551871299743652e-01,5.720353722572326660e-01,8.612596988677978516e-01,1.191110730171203613e+00,1.181348681449890137e+00,1.551846265792846680e+00,1.701328873634338379e+00,2.028301239013671875e+00,2.216976881027221680e+00,2.397537946701049805e+00,2.517086744308471680e+00,2.161896944046020508e+00,2.150957584381103516e+00,1.798246145248413086e+00,1.832486987113952637e+00,1.644013166427612305e+00,1.537701606750488281e+00,1.668193340301513672e+00,1.652565240859985352e+00,1.343777537345886230e+00,1.342262148857116699e+00,1.090362548828125000e+00,1.341080546379089355e+00,1.207051157951354980e+00,1.477604746818542480e+00,1.858589768409729004e+00,1.535589218139648438e+00,1.418574929237365723e+00,1.339361310005187988e+00,1.165975809097290039e+00,1.352954506874084473e+00,1.189797520637512207e+00,1.453610062599182129e+00,1.574534773826599121e+00,1.469155430793762207e+00,1.744217276573181152e+00,1.824974775314331055e+00,2.050232648849487305e+00,2.236286401748657227e+00,2.286127328872680664e+00,2.883587598800659180e+00,2.524734735488891602e+00,2.405791282653808594e+00,2.066001415252685547e+00,1.937682509422302246e+00,1.643288731575012207e+00,1.432717919349670410e+00,1.361760497093200684e+00,1.183174729347229004e+00,9.923869967460632324e-01,8.563021421432495117e-01,7.599647045135498047e-01,9.839637875556945801e-01,1.042412161827087402e+00,1.414482712745666504e+00,1.861118078231811523e+00,1.558141231536865234e+00,1.449568986892700195e+00,1.422778487205505371e+00,1.216124057769775391e+00,1.349197149276733398e+00,1.104220747947692871e+00,1.323293566703796387e+00,1.348035097122192383e+00,1.209281802177429199e+00,1.384029865264892578e+00,1.474332571029663086e+00,1.623980164527893066e+00,1.817935109138488770e+00,1.849610686302185059e+00
1.430545687675476074e+00,1.153237223625183105e+00,8.871440291404724121e-01,6.125267744064331055e-01,3.746551871299743652e-01,0.000000000000000000e+00,3.662904202938079834e-01,5.674955844879150391e-01,9.226700067520141602e-01,9.547830820083618164e-01,1.335148453712463379e+00,1.519741058349609375e+00,1.866433620452880859e+00,2.071836233139038086e+00,2.299380064010620117e+00,2.379652738571166992e+00,2.009101390838623047e+00,2.026937723159790039e+00,1.709700822830200195e+00,1.735920071601867676e+00,1.602113842964172363e+00,1.452009439468383789e+00,1.634609699249267578e+00,1.610787510871887207e+00,1.262850046157836914e+00,1.259180784225463867e+00,9.786876440048217773e-01,1.203683257102966309e+00,1.066018939018249512e+00,1.274659037590026855e+00,1.737025141716003418e+00,1.423235058784484863e+00,1.231065154075622559e+00,1.118807196617126465e+00,8.736182451248168945e-01,1.021543741226196289e+00,8.587979674339294434e-01,1.098268151283264160e+00,1.252380490303039551e+00,1.201668381690979004e+00,1.516516566276550293e+00,1.657441973686218262e+00,1.917979478836059570e+00,2.140365839004516602e+00,2.242597818374633789e+00,2.639598369598388672e+00,2.296155452728271484e+00,2.141304016113281250e+00,1.796139717102050781e+00,1.647682905197143555e+00,1.325853466987609863e+00,1.144996404647827148e+00,1.038738131523132324e+00,9.101957082748413086e-01,7.852128744125366211e-01,7.807702422142028809e-01,8.275882005691528320e-01,1.132400631904602051e+00,1.274344563484191895e+00,1.634342312812805176e+00,1.934007644653320312e+00,1.593083381652832031e+00,1.544765710830688477e+00,1.452509045600891113e+00,1.309884786605834961e+00,1.409136414527893066e+00,1.148438811302185059e+00,1.402474045753479004e+00,1.403226733207702637e+00,1.170945167541503906e+00,1.301980018615722656e+00,1.297456145286560059e+00,1.440440058708190918e+00,1.571476936340332031e+00,1.589324235916137695e+00
1.622492432594299316e+00,1.308065176010131836e+00,1.086147904396057129e+00,8.482602834701538086e-01,5.720353722572326660e-01,3.662904202938079834e-01,0.000000000000000000e+00,3.772698342800140381e-01,6.447789669036865234e-01,6.176685690879821777e-01,9.955978393554687500e-01,1.188608765602111816e+00,1.520270586013793945e+00,1.745570898056030273e+00,1.962608575820922852e+00,2.345858573913574219e+00,1.969324827194213867e+00,1.930834174156188965e+00,1.617992997169494629e+00,1.567334771156311035e+00,1.403357267379760742e+00,1.193314313888549805e+00,1.340492486953735352e+00,1.274530649185180664e+00,9.177100062370300293e-01,8.964956998825073242e-01,6.328293085098266602e-01,9.041313529014587402e-01,8.616763949394226074e-01,1.110927224159240723e+00,1.989186167716979980e+00,1.657236456871032715e+00,1.468189358711242676e+00,1.269862174987792969e+00,1.018346667289733887e+00,1.035514712333679199e+00,7.569099664688110352e-01,9.672635197639465332e-01,1.021684646606445312e+00,9.066007137298583984e-01,1.183321833610534668e+00,1.307843804359436035e+00,1.554353594779968262e+00,1.782609343528747559e+00,1.885099887847900391e+00,2.326931476593017578e+00,1.975747227668762207e+00,1.855667114257812500e+00,1.503729343414306641e+00,1.403084516525268555e+00,1.117089152336120605e+00,9.641398191452026367e-01,9.790694117546081543e-01,9.513667225837707520e-01,7.389808297157287598e-01,8.341162800788879395e-01,8.162328600883483887e-01,1.174334883689880371e+00,1.274883031845092773e+00,1.615600824356079102e+00,1.674904108047485352e+00,1.314602613449096680e+00,1.270878434181213379e+00,1.127210736274719238e+00,1.026261210441589355e+00,1.121523380279541016e+00,9.011718034744262695e-01,1.211626768112182617e+00,1.280302286148071289e+00,1.029092073440551758e+00,1.231641411781311035e+00,1.226130485534667969e+00,1.454853653907775879e+00,1.573968052864074707e+00,1.665616989135742188e+00
1.946009278297424316e+00,1.654866456985473633e+00,1.395299673080444336e+00,1.159527540206909180e+00,8.612596988677978516e-01,5.674955844879150391e-01,3.772698342800140381e-01,0.000000000000000000e+00,3.744060397148132324e-01,5.639832615852355957e-01,9.135795235633850098e-01,1.201032876968383789e+00,1.513913989067077637e+00,1.788238763809204102e+00,2.034602880477905273e+00,2.505046606063842773e+00,2.123301267623901367e+00,2.108570098876953125e+00,1.839446425437927246e+00,1.768493175506591797e+00,1.646140813827514648e+00,1.387900352478027344e+00,1.538859844207763672e+00,1.421183586120605469e+00,1.054636120796203613e+00,9.483904242515563965e-01,6.277778148651123047e-01,7.490423321723937988e-01,6.543491482734680176e-01,8.030602335929870605e-01,2.110337257385253906e+00,1.811724781990051270e+00,1.557897806167602539e+00,1.371009945869445801e+00,1.050823569297790527e+00,9.922889471054077148e-01,7.050443887710571289e-01,7.599149942398071289e-01,7.783551216125488281e-01,7.954677343368530273e-01,1.069919943809509277e+00,1.294855356216430664e+00,1.530699372291564941e+00,1.819644689559936523e+00,1.949714660644531250e+00,2.198654174804687500e+00,1.876566648483276367e+00,1.738256335258483887e+00,1.362377285957336426e+00,1.291037321090698242e+00,9.753831028938293457e-01,9.461613893508911133e-01,9.430077075958251953e-01,1.030946493148803711e+00,9.264242649078369141e-01,1.116656541824340820e+00,1.170552134513854980e+00,1.535143375396728516e+00,1.651605248451232910e+00,1.988986492156982422e+00,1.700826525688171387e+00,1.334022521972656250e+00,1.393001794815063477e+00,1.249286770820617676e+00,1.253525853157043457e+00,1.369361877441406250e+00,1.197958946228027344e+00,1.528688549995422363e+00,1.603184580802917480e+00,1.313106775283813477e+00,1.480283737182617188e+00,1.388849616050720215e+00,1.600367426872253418e+00,1.635877847671508789e+00,1.698911666870117188e+00
2.257045507431030273e+00,1.947629094123840332e+00,1.715275526046752930e+00,1.486504435539245605e+00,1.191110730171203613e+00,9.226700067520141602e-01,6.447789669036865234e-01,3.744060397148132324e-01,0.000000000000000000e+00,3.752382993698120117e-01,6.150602102279663086e-01,9.617667198181152344e-01,1.230369329452514648e+00,1.541522741317749023e+00,1.791580080986022949e+00,2.542892932891845703e+00,2.166697263717651367e+00,2.116249561309814453e+00,1.882496356964111328e+00,1.745336890220642090e+00,1.630013704299926758e+00,1.318223834037780762e+00,1.434735655784606934e+00,1.264827370643615723e+00,9.219201207160949707e-01,7.684701681137084961e-01,5.173542499542236328e-01,5.562382936477661133e-01,6.223053932189941406e-01,7.154405713081359863e-01,2.376286029815673828e+00,2.077364444732666016e+00,1.820708751678466797e+00,1.583892107009887695e+00,1.272665023803710938e+00,1.102355837821960449e+00,7.668135166168212891e-01,6.939809322357177734e-01,5.254715681076049805e-01,5.459030270576477051e-01,7.418857216835021973e-01,1.014516592025756836e+00,1.227994203567504883e+00,1.550260901451110840e+00,1.703823685646057129e+00,1.861138939857482910e+00,1.549893140792846680e+00,1.438970208168029785e+00,1.051806330680847168e+00,1.059218287467956543e+00,8.010471463203430176e-01,8.845420479774475098e-01,9.967551231384277344e-01,1.192185759544372559e+00,1.076693892478942871e+00,1.333729147911071777e+00,1.374515175819396973e+00,1.750414013862609863e+00,1.850778222084045410e+00,2.159135580062866211e+00,1.606665730476379395e+00,1.236750006675720215e+00,1.342479825019836426e+00,1.142190814018249512e+00,1.239853978157043457e+00,1.332372069358825684e+00,1.229974627494812012e+00,1.574940085411071777e+00,1.688882350921630859e+00,1.388027906417846680e+00,1.574053525924682617e+00,1.453597426414489746e+00,1.709745168685913086e+00,1.704989790916442871e+00,1.817507982254028320e+00
2.179301738739013672e+00,1.836674690246582031e+00,1.668736696243286133e+00,1.424332261085510254e+00,1.181348681449890137e+00,9.547830820083618164e-01,6.176685690879821777e-01,5.639832615852355957e-01,3.752382993698120117e-01,0.000000000000000000e+00,3.809695243835449219e-01,6.396874785423278809e-01,9.543693065643310547e-01,1.225858330726623535e+00,1.476863026618957520e+00,2.267482519149780273e+00,1.897972226142883301e+00,1.804056525230407715e+00,1.564118623733520508e+00,1.395293474197387695e+00,1.265962004661560059e+00,9.451522827148437500e-01,1.069509744644165039e+00,9.358678460121154785e-01,5.867108106613159180e-01,5.642141103744506836e-01,4.795597493648529053e-01,7.111365199089050293e-01,8.914556503295898438e-01,1.063133597373962402e+00,2.321378469467163086e+00,1.996444702148437500e+00,1.789230227470397949e+00,1.497421264648437500e+00,1.248897314071655273e+00,1.058554053306579590e+00,6.896107792854309082e-01,7.413060665130615234e-01,5.858547687530517578e-01,3.426647484302520752e-01,5.659916996955871582e-01,7.374902963638305664e-01,1.012170553207397461e+00,1.281695365905761719e+00,1.455938696861267090e+00,1.714503288269042969e+00,1.365941166877746582e+00,1.270302653312683105e+00,9.102353453636169434e-01,8.914213776588439941e-01,6.979617476463317871e-01,6.817111968994140625e-01,9.030076861381530762e-01,1.078552246093750000e+00,8.789770603179931641e-01,1.144056439399719238e+00,1.154761433601379395e+00,1.525546550750732422e+00,1.625137925148010254e+00,1.898386716842651367e+00,1.623983860015869141e+00,1.250210642814636230e+00,1.263198137283325195e+00,9.812580943107604980e-01,1.031572818756103516e+00,1.036760687828063965e+00,9.225243330001831055e-01,1.248799800872802734e+00,1.366396307945251465e+00,1.068461418151855469e+00,1.279922842979431152e+00,1.191541314125061035e+00,1.498200654983520508e+00,1.534219026565551758e+00,1.713098049163818359e+00
2.516062021255493164e+00,2.164697885513305664e+00,2.022524118423461914e+00,1.784794688224792480e+00,1.551846265792846680e+00,1.335148453712463379e+00,9.955978393554687500e-01,9.135795235633850098e-01,6.150602102279663086e-01,3.809695243835449219e-01,0.000000000000000000e+00,3.814108669757843018e-01,6.195093393325805664e-01,9.344435930252075195e-01,1.196216821670532227e+00,2.308299779891967773e+00,1.960234165191650391e+00,1.825990676879882812e+00,1.640737056732177734e+00,1.402709960937500000e+00,1.295931577682495117e+00,9.402117729187011719e-01,1.010282039642333984e+00,8.331063389778137207e-01,5.925459861755371094e-01,5.804571509361267090e-01,6.850466132164001465e-01,8.211943507194519043e-01,1.099339246749877930e+00,1.219528317451477051e+00,2.601040363311767578e+00,2.282253503799438477e+00,2.080105543136596680e+00,1.758032202720642090e+00,1.532199263572692871e+00,1.273498773574829102e+00,9.246076345443725586e-01,8.826388120651245117e-01,5.984142422676086426e-01,2.961311936378479004e-01,1.969100087881088257e-01,4.105040132999420166e-01,6.951102018356323242e-01,9.897024035453796387e-01,1.216739058494567871e+00,1.349987983703613281e+00,9.991818070411682129e-01,9.538101553916931152e-01,6.047130227088928223e-01,7.127382159233093262e-01,6.821733117103576660e-01,7.768380045890808105e-01,1.087445855140686035e+00,1.327865481376647949e+00,1.143928766250610352e+00,1.435033917427062988e+00,1.439945101737976074e+00,1.793384432792663574e+00,1.878991842269897461e+00,2.109261035919189453e+00,1.666223645210266113e+00,1.318136811256408691e+00,1.353649973869323730e+00,1.020486712455749512e+00,1.152866959571838379e+00,1.104338049888610840e+00,1.077662825584411621e+00,1.371119618415832520e+00,1.514374494552612305e+00,1.232640624046325684e+00,1.438117265701293945e+00,1.328678369522094727e+00,1.658287048339843750e+00,1.656275391578674316e+00,1.879449009895324707e+00
2.568129539489746094e+00,2.199368238449096680e+00,2.119878292083740234e+00,1.875865340232849121e+00,1.701328873634338379e+00,1.519741058349609375e+00,1.188608765602111816e+00,1.201032876968383789e+00,9.617667198181152344e-01,6.396874785423278809e-01,3.814108669757843018e-01,0.000000000000000000e+00,3.768314719200134277e-01,5.891581177711486816e-01,8.781420588493347168e-01,2.073588132858276367e+00,1.751168370246887207e+00,1.562884211540222168e+00,1.403303265571594238e+00,1.113738417625427246e+00,1.018142461776733398e+00,6.663764119148254395e-01,7.308496832847595215e-01,6.376142501831054688e-01,5.280572175979614258e-01,7.152657508850097656e-01,9.416423439979553223e-01,1.149035692214965820e+00,1.442149877548217773e+00,1.594019889831542969e+00,2.625348091125488281e+00,2.298027753829956055e+00,2.144935607910156250e+00,1.788527488708496094e+00,1.632944345474243164e+00,1.369109511375427246e+00,1.053694844245910645e+00,1.089752912521362305e+00,8.767525553703308105e-01,5.206887125968933105e-01,4.109874069690704346e-01,2.399010211229324341e-01,6.225355863571166992e-01,7.812966108322143555e-01,1.061512231826782227e+00,1.243232727050781250e+00,8.651812672615051270e-01,8.505499362945556641e-01,6.280250549316406250e-01,6.939319372177124023e-01,7.971261143684387207e-01,7.959204316139221191e-01,1.162282228469848633e+00,1.370874524116516113e+00,1.151314735412597656e+00,1.424084424972534180e+00,1.411580324172973633e+00,1.725626468658447266e+00,1.811514258384704590e+00,1.983382701873779297e+00,1.840103626251220703e+00,1.514201164245605469e+00,1.470707058906555176e+00,1.093300342559814453e+00,1.169373631477355957e+00,1.002838015556335449e+00,9.868258237838745117e-01,1.199081063270568848e+00,1.330228447914123535e+00,1.079610109329223633e+00,1.277672410011291504e+00,1.199191093444824219e+00,1.556397795677185059e+00,1.581772327423095703e+00,1.863561272621154785e+00
2.866670846939086914e+00,2.501809597015380859e+00,2.433091878890991211e+00,2.215806007385253906e+00,2.028301239013671875e+00,1.866433620452880859e+00,1.520270586013793945e+00,1.513913989067077637e+00,1.230369329452514648e+00,9.543693065643310547e-01,6.195093393325805664e-01,3.768314719200134277e-01,0.000000000000000000e+00,3.795400559902191162e-01,6.063691377639770508e-01,2.297433376312255859e+00,2.007504463195800781e+00,1.781113624572753906e+00,1.661119222640991211e+00,1.328819036483764648e+00,1.226675033569335938e+00,9.019749164581298828e-01,8.354203701019287109e-01,6.774885058403015137e-01,7.432196736335754395e-01,8.601608276367187500e-01,1.157157778739929199e+00,1.298499464988708496e+00,1.637830138206481934e+00,1.774003744125366211e+00,2.992680072784423828e+00,2.666737318038940430e+00,2.518197536468505859e+00,2.157672405242919922e+00,2.005279302597045898e+00,1.726876854896545410e+00,1.417081236839294434e+00,1.405169129371643066e+00,1.134341359138488770e+00,8.309531807899475098e-01,5.466959476470947266e-01,2.222554534673690796e-01,3.695846199989318848e-01,4.708662927150726318e-01,8.066795468330383301e-01,1.017418146133422852e+00,6.483241915702819824e-01,7.977730631828308105e-01,6.889731287956237793e-01,8.924733996391296387e-01,1.088357329368591309e+00,1.147996544837951660e+00,1.518248915672302246e+00,1.742407917976379395e+00,1.524182438850402832e+00,1.784168124198913574e+00,1.740495443344116211e+00,2.033884763717651367e+00,2.080883979797363281e+00,2.219467163085937500e+00,1.845036029815673828e+00,1.566655039787292480e+00,1.539726972579956055e+00,1.162101864814758301e+00,1.307503461837768555e+00,1.138766646385192871e+00,1.224903225898742676e+00,1.408007144927978516e+00,1.581407189369201660e+00,1.384444475173950195e+00,1.592470407485961914e+00,1.531492829322814941e+00,1.888866305351257324e+00,1.902309298515319824e+00,2.199150085449218750e+00
2.971175909042358398e+00,2.598218441009521484e+00,2.579468011856079102e+00,2.352797985076904297e+00,2.216976881027221680e+00,2.071836233139038086e+00,1.745570898056030273e+00,1.788238763809204102e+00,1.541522741317749023e+00,1.225858330726623535e+00,9.344435930252075195e-01,5.891581177711486816e-01,3.795400559902191162e-01,0.000000000000000000e+00,3.749428093433380127e-01,2.097736835479736328e+00,1.851028323173522949e+00,1.582301020622253418e+00,1.513242363929748535e+00,1.153527855873107910e+00,1.095249533653259277e+00,8.487328290939331055e-01,7.822364568710327148e-01,7.728505730628967285e-01,9.323688149452209473e-01,1.150520205497741699e+00,1.462515950202941895e+00,1.650218367576599121e+00,1.980384349822998047e+00,2.131209611892700195e+00,3.025004386901855469e+00,2.702398777008056641e+00,2.595248937606811523e+00,2.217058658599853516e+00,2.124082088470458984e+00,1.848027825355529785e+00,1.579714655876159668e+00,1.614633321762084961e+00,1.402019500732421875e+00,1.084553003311157227e+00,8.788996338844299316e-01,5.622206330299377441e-01,6.846532225608825684e-01,5.519456863403320312e-01,8.934147953987121582e-01,1.046449780464172363e+00,7.180064320564270020e-01,8.620513081550598145e-01,8.968542218208312988e-01,1.014555335044860840e+00,1.264936327934265137e+00,1.262456417083740234e+00,1.636056780815124512e+00,1.830207109451293945e+00,1.609237670898437500e+00,1.846541762351989746e+00,1.805066466331481934e+00,2.051979780197143555e+00,2.108325958251953125e+00,2.188637495040893555e+00,2.134434938430786133e+00,1.870749354362487793e+00,1.788333415985107422e+00,1.403662204742431641e+00,1.483030200004577637e+00,1.232311248779296875e+00,1.304139256477355957e+00,1.388959646224975586e+00,1.523414373397827148e+00,1.369520425796508789e+00,1.537422537803649902e+00,1.498621463775634766e+00,1.848625421524047852e+00,1.876897454261779785e+00,2.209432125091552734e+00
3.074912548065185547e+00,2.712208509445190430e+00,2.718780279159545898e+00,2.533896923065185547e+00,2.397537946701049805e+00,2.299380064010620117e+00,1.962608575820922852e+00,2.034602880477905273e+00,1.791580080986022949e+00,1.476863026618957520e+00,1.196216821670532227e+00,8.781420588493347168e-01,6.063691377639770508e-01,3.749428093433380127e-01,0.000000000000000000e+00,2.333263635635375977e+00,2.111971855163574219e+00,1.805975675582885742e+00,1.723424196243286133e+00,1.351789593696594238e+00,1.231832623481750488e+00,1.032063364982604980e+00,8.316671252250671387e-01,7.928881049156188965e-01,1.070982336997985840e+00,1.263207793235778809e+00,1.619110107421875000e+00,1.801055788993835449e+00,2.151985406875610352e+00,2.331620216369628906e+00,3.316712141036987305e+00,2.982194900512695312e+00,2.896507024765014648e+00,2.522310733795166016e+00,2.436840295791625977e+00,2.184697389602661133e+00,1.901361584663391113e+00,1.952773928642272949e+00,1.721960425376892090e+00,1.392888188362121582e+00,1.150781750679016113e+00,7.909736633300781250e-01,7.418534159660339355e-01,4.218099415302276611e-01,6.724252700805664062e-01,1.232795476913452148e+00,9.574357867240905762e-01,1.186672687530517578e+00,1.229816317558288574e+00,1.383083701133728027e+00,1.618717789649963379e+00,1.602151513099670410e+00,1.974311470985412598e+00,2.140868902206420898e+00,1.883977055549621582e+00,2.078318834304809570e+00,1.977830290794372559e+00,2.191093206405639648e+00,2.189733743667602539e+00,2.230879545211791992e+00,2.090860128402709961e+00,1.880418181419372559e+00,1.768238306045532227e+00,1.405734896659851074e+00,1.494971513748168945e+00,1.239691019058227539e+00,1.396610736846923828e+00,1.444464206695556641e+00,1.630617141723632812e+00,1.553669333457946777e+00,1.760905742645263672e+00,1.784000992774963379e+00,2.142275810241699219e+00,2.206512689590454102e+00,2.545593976974487305e+00
2.879328489303588867e+00,2.563245296478271484e+00,2.677876234054565430e+00,2.354324579238891602e+00,2.517086744308471680e+00,2.379652738571166992e+00,2.345858573913574219e+00,2.505046606063842773e+00,2.542892932891845703e+00,2.267482519149780273e+00,2.308299779891967773e+00,2.073588132858276367e+00,2.297433376312255859e+00,2.097736835479736328e+00,2.333263635635375977e+00,0.000000000000000000e+00,3.818461298942565918e-01,5.624739527702331543e-01,8.688786625862121582e-01,1.113736033439636230e+00,1.453091382980346680e+00,1.667426943778991699e+00,1.978565692901611328e+00,2.294453382492065430e+00,2.230326890945434570e+00,2.575414896011352539e+00,2.659805059432983398e+00,2.973052024841308594e+00,3.097910642623901367e+00,3.240942478179931641e+00,1.837913751602172852e+00,1.682521939277648926e+00,1.811971902847290039e+00,1.541498780250549316e+00,1.811369061470031738e+00,1.740003108978271484e+00,1.871798396110534668e+00,2.112003087997436523e+00,2.315876245498657227e+00,2.142638206481933594e+00,2.365329027175903320e+00,2.294738769531250000e+00,2.639769554138183594e+00,2.591222047805786133e+00,2.853165149688720703e+00,2.647711992263793945e+00,2.428912639617919922e+00,2.195541858673095703e+00,2.240514516830444336e+00,1.920848488807678223e+00,1.959069013595581055e+00,1.688323855400085449e+00,1.692137122154235840e+00,1.585351109504699707e+00,1.619448900222778320e+00,1.661502957344055176e+00,1.866316437721252441e+00,1.863342761993408203e+00,2.161388635635375977e+00,2.129400491714477539e+00,3.683976650238037109e+00,3.347383975982666016e+00,3.172281026840209961e+00,2.849932909011840820e+00,2.661838293075561523e+00,2.367391347885131836e+00,2.104268789291381836e+00,1.940022230148315430e+00,1.631741285324096680e+00,1.534268140792846680e+00,1.198427796363830566e+00,1.124216914176940918e+00,9.739521145820617676e-01,1.046779394149780273e+00,1.281245112419128418e+00
2.607245206832885742e+00,2.276176452636718750e+00,2.359390974044799805e+00,2.022954702377319336e+00,2.161896944046020508e+00,2.009101390838623047e+00,1.969324827194213867e+00,2.123301267623901367e+00,2.166697263717651367e+00,1.897972226142883301e+00,1.960234165191650391e+00,1.751168370246887207e+00,2.007504463195800781e+00,1.851028323173522949e+00,2.111971855163574219e+00,3.818461298942565918e-01,0.000000000000000000e+00,3.755970299243927002e-01,5.932269096374511719e-01,8.535747528076171875e-01,1.186010956764221191e+00,1.361482381820678711e+00,1.699442625045776367e+00,1.995010018348693848e+00,1.894804596900939941e+00,2.227872848510742188e+00,2.292587041854858398e+00,2.603114604949951172e+00,2.719176054000854492e+00,2.862118482589721680e+00,1.646658658981323242e+00,1.440457940101623535e+00,1.525383353233337402e+00,1.216354727745056152e+00,1.458998203277587891e+00,1.377581954002380371e+00,1.493973016738891602e+00,1.747513413429260254e+00,1.956508278846740723e+00,1.783913731575012207e+00,2.028828382492065430e+00,1.980817914009094238e+00,2.339494228363037109e+00,2.325979232788085938e+00,2.588049650192260742e+00,2.425507068634033203e+00,2.177482128143310547e+00,1.935141801834106445e+00,1.932527422904968262e+00,1.604495882987976074e+00,1.608590602874755859e+00,1.320097684860229492e+00,1.321765303611755371e+00,1.214951276779174805e+00,1.242280721664428711e+00,1.311477661132812500e+00,1.535050868988037109e+00,1.580617547035217285e+00,1.891157150268554688e+00,1.910732507705688477e+00,3.340234041213989258e+00,2.996170043945312500e+00,2.834800720214843750e+00,2.516302347183227539e+00,2.335317850112915039e+00,2.060502290725708008e+00,1.782211422920227051e+00,1.659125924110412598e+00,1.360568284988403320e+00,1.206910133361816406e+00,8.636391162872314453e-01,7.455971240997314453e-01,6.164047718048095703e-01,7.203675508499145508e-01,1.003960132598876953e+00
2.588543176651000977e+00,2.240794897079467773e+00,2.345310926437377930e+00,2.035596609115600586e+00,2.150957584381103516e+00,2.026937723159790039e+00,1.930834174156188965e+00,2.108570098876953125e+00,2.116249561309814453e+00,1.804056525230407715e+00,1.825990676879882812e+00,1.562884211540222168e+00,1.781113624572753906e+00,1.582301020622253418e+00,1.805975675582885742e+00,5.624739527702331543e-01,3.755970299243927002e-01,0.000000000000000000e+00,3.878251016139984131e-01,5.530846118927001953e-01,9.025959372520446777e-01,1.115372419357299805e+00,1.417096018791198730e+00,1.736924171447753906e+00,1.695335030555725098e+00,2.052662134170532227e+00,2.173059463500976562e+00,2.497065067291259766e+00,2.656232595443725586e+00,2.827577829360961914e+00,1.937421917915344238e+00,1.686639189720153809e+00,1.764079928398132324e+00,1.424709677696228027e+00,1.618859410285949707e+00,1.507576584815979004e+00,1.534447431564331055e+00,1.791226029396057129e+00,1.934069156646728516e+00,1.699922442436218262e+00,1.890954971313476562e+00,1.778487563133239746e+00,2.111626625061035156e+00,2.050919294357299805e+00,2.299617290496826172e+00,2.257946252822875977e+00,1.995710968971252441e+00,1.806582212448120117e+00,1.821531534194946289e+00,1.539002656936645508e+00,1.594496965408325195e+00,1.305235028266906738e+00,1.405241250991821289e+00,1.330664992332458496e+00,1.255365967750549316e+00,1.325045228004455566e+00,1.467029094696044922e+00,1.511498689651489258e+00,1.770658731460571289e+00,1.754486203193664551e+00,3.153312206268310547e+00,2.826194763183593750e+00,2.642894029617309570e+00,2.311563730239868164e+00,2.132347583770751953e+00,1.824512481689453125e+00,1.584676027297973633e+00,1.426009058952331543e+00,1.156068682670593262e+00,1.049425244331359863e+00,7.752686738967895508e-01,7.550747990608215332e-01,8.071390390396118164e-01,9.598256349563598633e-01,1.292849779129028320e+00
2.217102766036987305e+00,1.863691926002502441e+00,1.972947001457214355e+00,1.678025960922241211e+00,1.798246145248413086e+00,1.709700822830200195e+00,1.617992997169494629e+00,1.839446425437927246e+00,1.882496356964111328e+00,1.564118623733520508e+00,1.640737056732177734e+00,1.403303265571594238e+00,1.661119222640991211e+00,1.513242363929748535e+00,1.723424196243286133e+00,8.688786625862121582e-01,5.932269096374511719e-01,3.878251016139984131e-01,0.000000000000000000e+00,3.726404607295989990e-01,6.232732534408569336e-01,8.658362627029418945e-01,1.175871968269348145e+00,1.496771812438964844e+00,1.428328752517700195e+00,1.784999132156372070e+00,1.887977719306945801e+00,2.233979940414428711e+00,2.378522872924804688e+00,2.582161426544189453e+00,1.817666769027709961e+00,1.516853332519531250e+00,1.594180822372436523e+00,1.254027247428894043e+00,1.424947619438171387e+00,1.361841678619384766e+00,1.341192960739135742e+00,1.648022532463073730e+00,1.788634777069091797e+00,1.526707291603088379e+00,1.740039944648742676e+00,1.622831463813781738e+00,1.954567074775695801e+00,1.912760019302368164e+00,2.125122308731079102e+00,2.296594858169555664e+00,1.989020109176635742e+00,1.822812438011169434e+00,1.761358857154846191e+00,1.495766878128051758e+00,1.489692926406860352e+00,1.155981421470642090e+00,1.257777929306030273e+00,1.129854202270507812e+00,9.740550518035888672e-01,9.898555874824523926e-01,1.090124607086181641e+00,1.132439494132995605e+00,1.386972427368164062e+00,1.393851518630981445e+00,2.847663164138793945e+00,2.523604631423950195e+00,2.322252511978149414e+00,2.013092756271362305e+00,1.801837801933288574e+00,1.508359313011169434e+00,1.240824937820434570e+00,1.076140999794006348e+00,7.843533754348754883e-01,6.838610172271728516e-01,4.155312776565551758e-01,5.451444983482360840e-01,6.979868412017822266e-01,9.622152447700500488e-01,1.279051303863525391e+00
2.339607954025268555e+00,1.969590425491333008e+00,2.056585550308227539e+00,1.779690265655517578e+00,1.832486987113952637e+00,1.735920071601867676e+00,1.567334771156311035e+00,1.768493175506591797e+00,1.745336890220642090e+00,1.395293474197387695e+00,1.402709960937500000e+00,1.113738417625427246e+00,1.328819036483764648e+00,1.153527855873107910e+00,1.351789593696594238e+00,1.113736033439636230e+00,8.535747528076171875e-01,5.530846118927001953e-01,3.726404607295989990e-01,0.000000000000000000e+00,3.703205883502960205e-01,5.777625441551208496e-01,8.651396036148071289e-01,1.191450834274291992e+00,1.177836418151855469e+00,1.548687338829040527e+00,1.712282776832580566e+00,2.048734664916992188e+00,2.243779659271240234e+00,2.451265335083007812e+00,2.125225305557250977e+00,1.809137344360351562e+00,1.833913445472717285e+00,1.467770218849182129e+00,1.560261487960815430e+00,1.427500128746032715e+00,1.321213006973266602e+00,1.585527062416076660e+00,1.646063804626464844e+00,1.340006470680236816e+00,1.484942793846130371e+00,1.316049218177795410e+00,1.627229213714599609e+00,1.557139754295349121e+00,1.777744174003601074e+00,1.993397831916809082e+00,1.677881956100463867e+00,1.558021187782287598e+00,1.514391541481018066e+00,1.303176403045654297e+00,1.360468983650207520e+00,1.068260908126831055e+00,1.276621222496032715e+00,1.240177631378173828e+00,1.026781320571899414e+00,1.116000413894653320e+00,1.149375677108764648e+00,1.256908297538757324e+00,1.443540215492248535e+00,1.457054257392883301e+00,2.625355243682861328e+00,2.311170578002929688e+00,2.115735292434692383e+00,1.778429508209228516e+00,1.606786012649536133e+00,1.285370826721191406e+00,1.079683780670166016e+00,9.388113617897033691e-01,7.571862936019897461e-01,6.419259309768676758e-01,5.675521492958068848e-01,6.636512279510498047e-01,9.445985555648803711e-01,1.139329314231872559e+00,1.487845063209533691e+00
2.123350858688354492e+00,1.751543402671813965e+00,1.845760107040405273e+00,1.615762352943420410e+00,1.644013166427612305e+00,1.602113842964172363e+00,1.403357267379760742e+00,1.646140813827514648e+00,1.630013704299926758e+00,1.265962004661560059e+00,1.295931577682495117e+00,1.018142461776733398e+00,1.226675033569335938e+00,1.095249533653259277e+00,1.231832623481750488e+00,1.453091382980346680e+00,1.186010956764221191e+00,9.025959372520446777e-01,6.232732534408569336e-01,3.703205883502960205e-01,0.000000000000000000e+00,3.614126741886138916e-01,5.708829164505004883e-01,9.159992933273315430e-01,9.317664504051208496e-01,1.307853460311889648e+00,1.495176792144775391e+00,1.850594520568847656e+00,2.056845426559448242e+00,2.305617809295654297e+00,2.252901792526245117e+00,1.907807111740112305e+00,1.926166415214538574e+00,1.576604604721069336e+00,1.622437596321105957e+00,1.521269559860229492e+00,1.343252062797546387e+00,1.621582031250000000e+00,1.636702418327331543e+00,1.290907263755798340e+00,1.404887795448303223e+00,1.192901134490966797e+00,1.463381886482238770e+00,1.382052063941955566e+00,1.543798446655273438e+00,2.046858549118041992e+00,1.699960470199584961e+00,1.640067338943481445e+00,1.539909362792968750e+00,1.391731977462768555e+00,1.418211340904235840e+00,1.129580020904541016e+00,1.364377140998840332e+00,1.313631892204284668e+00,1.013229489326477051e+00,1.053089261054992676e+00,9.676859378814697266e-01,1.080411553382873535e+00,1.187976360321044922e+00,1.207136631011962891e+00,2.318045854568481445e+00,2.021770000457763672e+00,1.795047640800476074e+00,1.472914338111877441e+00,1.273627758026123047e+00,9.390727281570434570e-01,7.551258802413940430e-01,5.849735140800476074e-01,4.953400492668151855e-01,4.651790261268615723e-01,6.154448986053466797e-01,8.259990215301513672e-01,1.154239535331726074e+00,1.386123895645141602e+00,1.708489298820495605e+00
