,A1,A2,A3,A4,A5,A6,A7,A8,A9,A10,A11,A12,A13,A14,A15,B1,B2,B3,B4,B5,B6,B7,B8,B9,B10,B11,B12,B13,B14,B15,C1,C2,C3,C4,C5,C6,C7,C8,C9,C10,C11,C12,C13,C14,C15,D1,D2,D3,D4,D5,D6,D7,D8,D9,D10,D11,D12,D13,D14,D15,E1,E2,E3,E4,E5,E6,E7,E8,E9,E10,E11,E12,E13,E14,E15
A1,0.0,0.380500853061676,0.5772511959075928,0.8840154409408569,1.1589833498001099,1.4343594312667847,1.7762700319290161,1.8980563879013062,2.211257219314575,2.380296230316162,2.7388885021209717,2.9706666469573975,3.275895357131958,3.5359206199645996,3.748142719268799,3.294564723968506,2.921025514602661,2.9701409339904785,2.6411428451538086,2.64772629737854,2.5776941776275635,2.4081268310546875,2.677894115447998,2.7305610179901123,2.4312851428985596,2.620058536529541,2.4028422832489014,2.6525259017944336,2.553896427154541,2.6428797245025635,1.9644473791122437,1.7072094678878784,1.987364649772644,1.943359613418579,2.073913812637329,2.3334217071533203,2.3551735877990723,2.735402822494507,2.8643152713775635,2.707367420196533,3.0148305892944336,3.0305099487304688,3.2293648719787598,3.380422353744507,3.3952887058258057,3.4640064239501953,3.127331256866455,3.0957717895507812,2.692763090133667,2.6918904781341553,2.467815637588501,2.2228026390075684,2.3446857929229736,2.3251445293426514,2.0290040969848633,2.0630526542663574,1.771167516708374,1.9608657360076904,1.7361564636230469,1.8775157928466797,1.5214495658874512,1.5944850444793701,1.2515456676483154,1.4101231098175049,1.3034999370574951,1.3594187498092651,1.6116501092910767,1.4773039817810059,1.6785386800765991,2.0250837802886963,2.2543766498565674,2.603597640991211,2.849475622177124,3.15745210647583,3.4429819583892822
A2,0.380500853061676,0.0,0.39130786061286926,0.591127872467041,0.8918469548225403,1.1877363920211792,1.5022082328796387,1.6835894584655762,1.9859256744384766,2.1086714267730713,2.4794633388519287,2.6838221549987793,2.9941928386688232,3.2401111125946045,3.4397153854370117,2.9398436546325684,2.5670642852783203,2.6057779788970947,2.2689731121063232,2.2818410396575928,2.207601547241211,2.054684638977051,2.3276219367980957,2.4056191444396973,2.1273486614227295,2.348989725112915,2.1695716381073,2.4510953426361084,2.396491289138794,2.521547555923462,1.7918384075164795,1.4910515546798706,1.7425174713134766,1.6409554481506348,1.7746200561523438,2.0027356147766113,2.0199475288391113,2.400291681289673,2.5355563163757324,2.373265027999878,2.6895382404327393,2.7003376483917236,2.9199635982513428,3.065746545791626,3.10560941696167,3.089833974838257,2.751782178878784,2.715681314468384,2.3127684593200684,2.3141064643859863,2.0975804328918457,1.861402153968811,2.0003371238708496,2.0063600540161133,1.7178305387496948,1.8013725280761719,1.5430281162261963,1.7855504751205444,1.6223816871643066,1.804370641708374,1.2784316539764404,1.2822290658950806,0.9129833579063416,1.0487141609191895,0.926279604434967,1.021033525466919,1.2889331579208374,1.2191627025604248,1.4467943906784058,1.7607427835464478,2.032097101211548,2.3665237426757812,2.629153251647949,2.9366769790649414,3.2083935737609863
A3,0.5772511959075928,0.39130786061286926,0.0,0.40178924798965454,0.587782621383667,0.8954359889030457,1.2174850702285767,1.3590192794799805,1.6520649194717407,1.813462257385254,2.169844627380371,2.405465841293335,2.7033042907714844,2.970365285873413,3.1798760890960693,2.9740586280822754,2.594489097595215,2.580623149871826,2.2428414821624756,2.1897876262664795,2.0988967418670654,1.8871005773544312,2.1543331146240234,2.1762804985046387,1.8639633655548096,2.048774003982544,1.8380903005599976,2.0966625213623047,2.0282394886016846,2.1367366313934326,1.9060029983520508,1.5762581825256348,1.7597620487213135,1.6459609270095825,1.6955435276031494,1.9202473163604736,1.8785762786865234,2.2637035846710205,2.3493294715881348,2.1700072288513184,2.4600796699523926,2.475803852081299,2.6624155044555664,2.8256373405456543,2.843409538269043,3.1432666778564453,2.795762538909912,2.7152907848358154,2.314631938934326,2.2532784938812256,2.021883010864258,1.7365343570709229,1.8694404363632202,1.8062658309936523,1.4842746257781982,1.5141505002975464,1.217061161994934,1.424309253692627,1.2452985048294067,1.4140522480010986,1.5964747667312622,1.5290225744247437,1.1368398666381836,1.1742448806762695,0.9322375059127808,0.9436940550804138,1.1085923910140991,0.9873278737068176,1.1382813453674316,1.4749807119369507,1.706073522567749,2.05816912651062,2.295604705810547,2.61338472366333,2.8836612701416016
A4,0.8840154409408569,0.591127872467041,0.40178924798965454,0.0,0.38181596994400024,0.6069186329841614,0.9240706562995911,1.1147133111953735,1.4234824180603027,1.5359349250793457,1.909896969795227,2.1110198497772217,2.4320011138916016,2.671847343444824,2.8918862342834473,2.601182460784912,2.219358205795288,2.2022581100463867,1.8796391487121582,1.8224338293075562,1.7702085971832275,1.5755513906478882,1.881037950515747,1.924358606338501,1.629954218864441,1.8650767803192139,1.7092323303222656,1.9883962869644165,1.9885789155960083,2.1046335697174072,1.6317907571792603,1.2735328674316406,1.4064388275146484,1.2632997035980225,1.2973097562789917,1.5194624662399292,1.4908682107925415,1.8746086359024048,1.9828733205795288,1.8320902585983276,2.148414134979248,2.197734832763672,2.4168646335601807,2.6029860973358154,2.669788122177124,2.8397727012634277,2.4790420532226562,2.407917022705078,2.016841411590576,1.9484440088272095,1.7639098167419434,1.476270318031311,1.6766331195831299,1.6331045627593994,1.2952638864517212,1.4028098583221436,1.1441086530685425,1.391719937324524,1.298843264579773,1.45419442653656,1.5264517068862915,1.3792946338653564,0.9961233735084534,0.9018977880477905,0.6343231201171875,0.5501638054847717,0.7312334179878235,0.6373243927955627,0.8700031638145447,1.17427659034729,1.459484577178955,1.782267689704895,2.059943675994873,2.357731819152832,2.6339733600616455
A5,1.1589833498001099,0.8918469548225403,0.587782621383667,0.38181596994400024,0.0,0.3939107656478882,0.6425392627716064,0.8488559126853943,1.1078628301620483,1.2321383953094482,1.5943310260772705,1.819981336593628,2.118539810180664,2.383216381072998,2.593569040298462,2.6341729164123535,2.2590556144714355,2.174543619155884,1.8432397842407227,1.7168275117874146,1.616236925125122,1.357810139656067,1.6336015462875366,1.622841715812683,1.3005201816558838,1.5033698081970215,1.3299033641815186,1.6091258525848389,1.6147807836532593,1.750023603439331,1.9090949296951294,1.5380120277404785,1.5901883840560913,1.4004299640655518,1.3413268327713013,1.5041606426239014,1.3834203481674194,1.7636770009994507,1.8003997802734375,1.603588342666626,1.8801920413970947,1.9098191261291504,2.0947318077087402,2.282464027404785,2.3249173164367676,2.8236265182495117,2.4690592288970947,2.341519594192505,1.9599683284759521,1.8265314102172852,1.6126625537872314,1.283718228340149,1.455325961112976,1.3429702520370483,0.9824442267417908,1.0440523624420166,0.7714935541152954,1.0203087329864502,0.9721378684043884,1.156406044960022,1.7929941415786743,1.5989198684692383,1.2273674011230469,1.102004051208496,0.7475331425666809,0.6567695736885071,0.6222584843635559,0.5635997653007507,0.6230102777481079,0.912765383720398,1.1709234714508057,1.5106115341186523,1.7528353929519653,2.073587656021118,2.326127052307129
A6,1.4343594312667847,1.1877363920211792,0.8954359889030457,0.6069186329841614,0.3939107656478882,0.0,0.3779613971710205,0.5120131969451904,0.8312510251998901,0.9729911684989929,1.334505558013916,1.5605016946792603,1.882838249206543,2.131312131881714,2.3828015327453613,2.513695001602173,2.1415257453918457,2.040252923965454,1.7563945055007935,1.5837273597717285,1.5492863655090332,1.2771859169006348,1.5916961431503296,1.545728087425232,1.217987298965454,1.4244489669799805,1.2801055908203125,1.520342230796814,1.5766197443008423,1.6594140529632568,1.7938438653945923,1.4335495233535767,1.4045567512512207,1.246123194694519,1.0991367101669312,1.2848625183105469,1.152511477470398,1.5154016017913818,1.5436047315597534,1.4014734029769897,1.6845322847366333,1.7848814725875854,1.9700239896774292,2.210446834564209,2.2871525287628174,2.8302409648895264,2.463041305541992,2.339629888534546,1.987477421760559,1.820277452468872,1.6736592054367065,1.33431077003479,1.5675314664840698,1.4277571439743042,1.0506632328033447,1.126958966255188,0.8800753951072693,1.0577404499053955,1.0592278242111206,1.1387462615966797,2.026219367980957,1.801101565361023,1.4556496143341064,1.2312793731689453,0.9107329249382019,0.6494587063789368,0.46862971782684326,0.2534177601337433,0.26377350091934204,0.593487560749054,0.8545187711715698,1.180012822151184,1.4582685232162476,1.7518904209136963,2.036163330078125
A7,1.7762700319290161,1.5022082328796387,1.2174850702285767,0.9240706562995911,0.6425392627716064,0.3779613971710205,0.0,0.3900910019874573,0.5657727718353271,0.6128108501434326,0.988444983959198,1.1967002153396606,1.5167336463928223,1.7654799222946167,2.007113218307495,2.3712141513824463,2.017939567565918,1.853407382965088,1.5797516107559204,1.3436734676361084,1.286474347114563,0.9752166271209717,1.2748661041259766,1.1947418451309204,0.8719109296798706,1.0953874588012695,1.0147597789764404,1.2693389654159546,1.4012999534606934,1.5199179649353027,1.9893978834152222,1.6282296180725098,1.5210095643997192,1.3022843599319458,1.0816545486450195,1.1601741313934326,0.9322338104248047,1.2696735858917236,1.2304375171661377,1.0537769794464111,1.3135846853256226,1.4177972078323364,1.5992110967636108,1.8528804779052734,1.9492921829223633,2.6566667556762695,2.3000521659851074,2.135817050933838,1.8133505582809448,1.591149091720581,1.4612817764282227,1.1130746603012085,1.353041648864746,1.18063223361969,0.8188759684562683,0.9242303371429443,0.7795809507369995,0.9579067826271057,1.0874266624450684,1.1834607124328613,2.2010116577148438,1.9269176721572876,1.6184264421463013,1.3569273948669434,1.0287953615188599,0.8029857873916626,0.4564010202884674,0.48354074358940125,0.27181559801101685,0.28006958961486816,0.6080331802368164,0.8963981866836548,1.1723556518554688,1.4721643924713135,1.7222281694412231
A8,1.8980563879013062,1.6835894584655762,1.3590192794799805,1.1147133111953735,0.8488559126853943,0.5120131969451904,0.3900910019874573,0.0,0.37543851137161255,0.6296409368515015,0.9211974143981934,1.1983219385147095,1.5014890432357788,1.7653766870498657,2.0518712997436523,2.637967824935913,2.291252851486206,2.1258387565612793,1.894899606704712,1.634140968322754,1.6139369010925293,1.2932655811309814,1.5693103075027466,1.41823148727417,1.079103946685791,1.1984957456588745,1.0598628520965576,1.2068599462509155,1.310150146484375,1.3293486833572388,2.0982584953308105,1.7662931680679321,1.643081545829773,1.506631851196289,1.2438514232635498,1.3740522861480713,1.1587294340133667,1.44584321975708,1.3697187900543213,1.2488765716552734,1.4533182382583618,1.6035826206207275,1.7232931852340698,2.0134904384613037,2.0827138423919678,3.0026164054870605,2.6444365978240967,2.4822824001312256,2.178328037261963,1.9412163496017456,1.8290667533874512,1.480582594871521,1.7010680437088013,1.4807347059249878,1.1255477666854858,1.1264926195144653,0.9305054545402527,0.9606419801712036,1.043212652206421,1.007638692855835,2.5146853923797607,2.2633280754089355,1.9382028579711914,1.6794430017471313,1.3636366128921509,1.0853774547576904,0.7801842093467712,0.6130521297454834,0.25054940581321716,0.3280174136161804,0.3629905879497528,0.7140535116195679,0.9679135680198669,1.2601488828659058,1.5596153736114502
A9,2.211257219314575,1.9859256744384766,1.6520649194717407,1.4234824180603027,1.1078628301620483,0.8312510251998901,0.5657727718353271,0.37543851137161255,0.0,0.37837615609169006,0.5816121697425842,0.9054151773452759,1.1666096448898315,1.4602062702178955,1.7361291646957397,2.6978049278259277,2.3764536380767822,2.154257297515869,1.9372071027755737,1.625264048576355,1.5671005249023438,1.2164855003356934,1.4226330518722534,1.1960796117782593,0.8666728138923645,0.9063740372657776,0.8006702661514282,0.9001908898353577,1.0734668970108032,1.1107176542282104,2.417280912399292,2.0844478607177734,1.9247665405273438,1.7513223886489868,1.4557888507843018,1.497904896736145,1.2113614082336426,1.438112735748291,1.2641113996505737,1.1037932634353638,1.2161593437194824,1.3553030490875244,1.4160569906234741,1.7190219163894653,1.7733302116394043,3.004932403564453,2.6670756340026855,2.46116042137146,2.1909775733947754,1.9059194326400757,1.7942583560943604,1.4529025554656982,1.632790446281433,1.3625802993774414,1.058868169784546,1.0135009288787842,0.9136137962341309,0.8768384456634521,1.0676019191741943,1.036251187324524,2.7648191452026367,2.4882891178131104,2.1809229850769043,1.9203155040740967,1.5921286344528198,1.3587987422943115,1.0054060220718384,0.9474870562553406,0.5849389433860779,0.4036557078361511,0.15721145272254944,0.47973495721817017,0.646120548248291,0.9804555177688599,1.2328451871871948
A10,2.380296230316162,2.1086714267730713,1.813462257385254,1.5359349250793457,1.2321383953094482,0.9729911684989929,0.6128108501434326,0.6296409368515015,0.37837615609169006,0.0,0.38503921031951904,0.6028674244880676,0.9101587533950806,1.1745904684066772,1.433349609375,2.40541410446167,2.1055572032928467,1.84736967086792,1.6456079483032227,1.3065237998962402,1.2461673021316528,0.9064640998840332,1.102194905281067,0.8866019248962402,0.6227580904960632,0.7546720504760742,0.8153215050697327,0.9787278771400452,1.24201238155365,1.3538730144500732,2.4174463748931885,2.0825486183166504,1.8828269243240356,1.6546416282653809,1.3460009098052979,1.2915962934494019,0.9578035473823547,1.141190767288208,0.9235822558403015,0.7329451441764832,0.8450667262077332,1.0067765712738037,1.1169066429138184,1.4325907230377197,1.5541070699691772,2.686197519302368,2.360546588897705,2.139802932739258,1.9020580053329468,1.5955499410629272,1.525448203086853,1.2141193151474,1.4175878763198853,1.1792881488800049,0.9344580173492432,0.9925242066383362,1.0169341564178467,1.069336175918579,1.3273028135299683,1.367544412612915,2.7184946537017822,2.406672954559326,2.142393112182617,1.8532246351242065,1.5499168634414673,1.3461517095565796,0.9649571180343628,1.0417360067367554,0.7625776529312134,0.41300782561302185,0.4114445745944977,0.4527466893196106,0.6640572547912598,0.9520446062088013,1.1405729055404663
A11,2.7388885021209717,2.4794633388519287,2.169844627380371,1.909896969795227,1.5943310260772705,1.334505558013916,0.988444983959198,0.9211974143981934,0.5816121697425842,0.38503921031951904,0.0,0.36855167150497437,0.5867366194725037,0.88676917552948,1.165330410003662,2.5969791412353516,2.332021951675415,2.038292407989502,1.883436918258667,1.5157240629196167,1.4569779634475708,1.137702465057373,1.2392276525497437,0.9466960430145264,0.7718685269355774,0.7495215535163879,0.8670598268508911,0.8990391492843628,1.2137212753295898,1.2899572849273682,2.743842840194702,2.4248034954071045,2.19677996635437,1.9835491180419922,1.6513605117797852,1.5637779235839844,1.222015380859375,1.3052823543548584,1.0014359951019287,0.8482465744018555,0.7866610884666443,0.9690530300140381,0.9662657380104065,1.3147666454315186,1.424262285232544,2.8722269535064697,2.5707359313964844,2.325657844543457,2.1374287605285645,1.8025379180908203,1.756482720375061,1.4777507781982422,1.6366827487945557,1.369324803352356,1.1982730627059937,1.1959505081176758,1.2687510251998901,1.235324740409851,1.5198426246643066,1.5143994092941284,3.094003200531006,2.775012731552124,2.520050287246704,2.2291014194488525,1.929855227470398,1.7288058996200562,1.3475432395935059,1.4064021110534668,1.1039760112762451,0.7718704342842102,0.5925438404083252,0.41256147623062134,0.39702385663986206,0.6543720364570618,0.7697567939758301
A12,2.9706666469573975,2.6838221549987793,2.405465841293335,2.1110198497772217,1.819981336593628,1.5605016946792603,1.1967002153396606,1.1983219385147095,0.9054151773452759,0.6028674244880676,0.36855167150497437,0.0,0.3727993071079254,0.5733033418655396,0.865932285785675,2.378905773162842,2.1526315212249756,1.828416347503662,1.7248455286026,1.3432010412216187,1.3163880109786987,1.0645750761032104,1.1293110847473145,0.875487208366394,0.8509300947189331,0.8947795629501343,1.124570369720459,1.185186505317688,1.5272818803787231,1.6310265064239502,2.7922401428222656,2.487685441970825,2.2225563526153564,1.9872851371765137,1.6508769989013672,1.4853229522705078,1.140943169593811,1.121470332145691,0.7626452445983887,0.6589028239250183,0.5011836886405945,0.769955575466156,0.8070839047431946,1.1726117134094238,1.3728268146514893,2.6606359481811523,2.379672050476074,2.131371259689331,1.9995530843734741,1.6562200784683228,1.6799393892288208,1.4607319831848145,1.637290596961975,1.425012230873108,1.3233236074447632,1.3980308771133423,1.5302029848098755,1.5488944053649902,1.8506830930709839,1.8725180625915527,3.1613054275512695,2.819028377532959,2.6067700386047363,2.2920610904693604,2.0310347080230713,1.843949794769287,1.4693101644515991,1.591925024986267,1.3496623039245605,0.9767592549324036,0.8951892256736755,0.6360583901405334,0.6617447137832642,0.7495208978652954,0.7650699019432068
A13,3.275895357131958,2.9941928386688232,2.7033042907714844,2.4320011138916016,2.118539810180664,1.882838249206543,1.5167336463928223,1.5014890432357788,1.1666096448898315,0.9101587533950806,0.5867366194725037,0.3727993071079254,0.0,0.36359667778015137,0.5977413654327393,2.6300411224365234,2.43540620803833,2.086724042892456,1.9985275268554688,1.6160391569137573,1.549770712852478,1.3121919631958008,1.2743932008743286,0.9730822443962097,1.0194416046142578,0.9430774450302124,1.2042375802993774,1.1856938600540161,1.5427649021148682,1.6483620405197144,3.164484977722168,2.8595383167266846,2.5936782360076904,2.353149890899658,2.020047426223755,1.8364944458007812,1.490420937538147,1.4357843399047852,1.0561678409576416,0.9401268362998962,0.6400290727615356,0.8028857707977295,0.6739745736122131,1.0249923467636108,1.1966572999954224,2.835247755050659,2.5880417823791504,2.309220790863037,2.215778350830078,1.8560993671417236,1.8705862760543823,1.680514931678772,1.7924575805664062,1.557543396949768,1.522775650024414,1.5461989641189575,1.7218607664108276,1.694784164428711,2.0187911987304688,2.0364723205566406,3.474882125854492,3.129127025604248,2.9218106269836426,2.6228137016296387,2.352355480194092,2.1902472972869873,1.8134385347366333,1.937762975692749,1.6681478023529053,1.3108994960784912,1.175431251525879,0.9145013689994812,0.7830877900123596,0.8034809231758118,0.6273014545440674
A14,3.5359206199645996,3.2401111125946045,2.970365285873413,2.671847343444824,2.383216381072998,2.131312131881714,1.7654799222946167,1.7653766870498657,1.4602062702178955,1.1745904684066772,0.88676917552948,0.5733033418655396,0.36359667778015137,0.0,0.38613420724868774,2.5197911262512207,2.3708131313323975,2.0107247829437256,1.990105152130127,1.6167768239974976,1.6046538352966309,1.4437519311904907,1.3968538045883179,1.1636638641357422,1.2868306636810303,1.2663848400115967,1.5529450178146362,1.5484405755996704,1.9059784412384033,2.0037431716918945,3.244419574737549,2.9629151821136475,2.6653144359588623,2.4289321899414062,2.094010591506958,1.8690617084503174,1.5516293048858643,1.4050604104995728,1.0261744260787964,1.0111234188079834,0.687851071357727,0.9020383954048157,0.8232311606407166,1.1352760791778564,1.3780407905578613,2.765610456466675,2.5416250228881836,2.276818037033081,2.2425830364227295,1.893944263458252,1.9783856868743896,1.8400496244430542,1.974474310874939,1.7915092706680298,1.7846311330795288,1.8569475412368774,2.0432159900665283,2.0425779819488525,2.364349842071533,2.3805289268493652,3.6289446353912354,3.270160436630249,3.095282554626465,2.774399518966675,2.5397822856903076,2.3723316192626953,2.0076143741607666,2.152195930480957,1.9220411777496338,1.546958327293396,1.4454271793365479,1.13886296749115,1.0538781881332397,0.9669797420501709,0.7608471512794495
A15,3.748142719268799,3.4397153854370117,3.1798760890960693,2.8918862342834473,2.593569040298462,2.3828015327453613,2.007113218307495,2.0518712997436523,1.7361291646957397,1.433349609375,1.165330410003662,0.865932285785675,0.5977413654327393,0.38613420724868774,0.0,2.5973095893859863,2.482306718826294,2.100538730621338,2.0788424015045166,1.7222051620483398,1.6563172340393066,1.5328236818313599,1.388954997062683,1.1729662418365479,1.385396957397461,1.340901255607605,1.6695587635040283,1.673629879951477,2.034061908721924,2.1783745288848877,3.5164906978607178,3.2257752418518066,2.9372646808624268,2.6677045822143555,2.3563783168792725,2.0938844680786133,1.7718368768692017,1.6159570217132568,1.2441885471343994,1.1735310554504395,0.7940464019775391,0.865656852722168,0.7159079909324646,0.9282187819480896,1.1914764642715454,2.707333564758301,2.5277743339538574,2.2317609786987305,2.2423672676086426,1.889965534210205,1.9725234508514404,1.8869677782058716,1.9636471271514893,1.8012858629226685,1.8743422031402588,1.9481987953186035,2.1890594959259033,2.2017745971679688,2.546330213546753,2.6014797687530518,3.756953477859497,3.390584707260132,3.239502191543579,2.9385836124420166,2.7083044052124023,2.589003086090088,2.2317049503326416,2.417983293533325,2.1914782524108887,1.8197152614593506,1.7461827993392944,1.4760560989379883,1.371789813041687,1.3186450004577637,1.0578224658966064
B1,3.294564723968506,2.9398436546325684,2.9740586280822754,2.601182460784912,2.6341729164123535,2.513695001602173,2.3712141513824463,2.637967824935913,2.6978049278259277,2.40541410446167,2.5969791412353516,2.378905773162842,2.6300411224365234,2.5197911262512207,2.5973095893859863,0.0,0.3837052881717682,0.5753177404403687,0.8862572908401489,1.158042073249817,1.4532781839370728,1.7847422361373901,1.9558441638946533,2.2542784214019775,2.394918918609619,2.756075620651245,2.98569917678833,3.272526264190674,3.5468437671661377,3.737393617630005,2.1275007724761963,2.01735782623291,1.786470890045166,1.5392193794250488,1.5969932079315186,1.2989214658737183,1.4925718307495117,1.329870343208313,1.6296756267547607,1.7936012744903564,2.047534704208374,2.17877197265625,2.546236753463745,2.6653990745544434,3.0234265327453613,1.1002570390701294,0.8904296159744263,1.1397218704223633,1.254670262336731,1.4005717039108276,1.761622667312622,1.9124810695648193,2.2131290435791016,2.444540500640869,2.429932117462158,2.801086664199829,2.9082024097442627,3.1991899013519287,3.3971610069274902,3.551888942718506,2.411179542541504,2.0852210521698,2.22465443611145,1.9161350727081299,2.079925298690796,2.058100938796997,2.058408260345459,2.346015691757202,2.5420284271240234,2.348288059234619,2.6617839336395264,2.5860512256622314,2.8907127380371094,2.940617799758911,3.0533621311187744
B2,2.921025514602661,2.5670642852783203,2.594489097595215,2.219358205795288,2.2590556144714355,2.1415257453918457,2.017939567565918,2.291252851486206,2.3764536380767822,2.1055572032928467,2.332021951675415,2.1526315212249756,2.43540620803833,2.3708131313323975,2.482306718826294,0.3837052881717682,0.0,0.3942711055278778,0.6032138466835022,0.8960096836090088,1.2069350481033325,1.507477045059204,1.730836033821106,2.021294593811035,2.115985870361328,2.4880151748657227,2.688488721847534,2.983894109725952,3.240715503692627,3.425482988357544,1.8245526552200317,1.6753805875778198,1.4506584405899048,1.171900749206543,1.2394030094146729,0.9525442123413086,1.169871211051941,1.0772422552108765,1.4096137285232544,1.5502692461013794,1.851851224899292,1.9899299144744873,2.3654568195343018,2.507538318634033,2.844200372695923,1.2032301425933838,0.8899005651473999,1.0879688262939453,1.0763822793960571,1.2022144794464111,1.526955246925354,1.628875970840454,1.9567316770553589,2.1723239421844482,2.119004726409912,2.488360643386841,2.569122314453125,2.8638975620269775,3.04484486579895,3.1982054710388184,2.121103525161743,1.7847110033035278,1.8855822086334229,1.556418538093567,1.7100112438201904,1.6754910945892334,1.68628990650177,1.9712070226669312,2.181670904159546,2.011536121368408,2.3426079750061035,2.3010408878326416,2.6231207847595215,2.702982187271118,2.846134662628174
B3,2.9701409339904785,2.6057779788970947,2.580623149871826,2.2022581100463867,2.174543619155884,2.040252923965454,1.853407382965088,2.1258387565612793,2.154257297515869,1.84736967086792,2.038292407989502,1.828416347503662,2.086724042892456,2.0107247829437256,2.100538730621338,0.5753177404403687,0.3942711055278778,0.0,0.40004146099090576,0.5870868563652039,0.9088696241378784,1.2223358154296875,1.4086246490478516,1.689307451248169,1.823551058769226,2.182187080383301,2.4156744480133057,2.6990442276000977,2.978006362915039,3.1733062267303467,2.0510101318359375,1.8512710332870483,1.597233533859253,1.2777124643325806,1.241632103919983,0.8771341443061829,0.9745736718177795,0.822728157043457,1.0962939262390137,1.223463773727417,1.4916918277740479,1.624661922454834,1.9965113401412964,2.136117458343506,2.4846553802490234,1.1597771644592285,0.8430314660072327,0.9026170969009399,0.9205045104026794,0.94120854139328,1.2985625267028809,1.401767611503601,1.7203304767608643,1.912514567375183,1.8900585174560547,2.2532269954681396,2.373730421066284,2.651995897293091,2.8695085048675537,3.024911403656006,2.2846901416778564,1.920791506767273,1.9732588529586792,1.6336548328399658,1.7037497758865356,1.66248619556427,1.5884405374526978,1.899000883102417,2.0454115867614746,1.8210991621017456,2.1282262802124023,2.0555529594421387,2.349161386489868,2.424027442932129,2.5310609340667725
B4,2.6411428451538086,2.2689731121063232,2.2428414821624756,1.8796391487121582,1.8432397842407227,1.7563945055007935,1.5797516107559204,1.894899606704712,1.9372071027755737,1.6456079483032227,1.883436918258667,1.7248455286026,1.9985275268554688,1.990105152130127,2.0788424015045166,0.8862572908401489,0.6032138466835022,0.40004146099090576,0.0,0.38327646255493164,0.6127979159355164,0.9286921620368958,1.1415753364562988,1.4495432376861572,1.5528528690338135,1.9287177324295044,2.13773512840271,2.4493908882141113,2.7052459716796875,2.923024892807007,1.9716237783432007,1.7148123979568481,1.51417076587677,1.1370083093643188,1.1218568086624146,0.7797266840934753,0.8168696761131287,0.8233804106712341,1.0652127265930176,1.074912190437317,1.3825262784957886,1.4606719017028809,1.84157133102417,1.9663898944854736,2.280867576599121,1.1677844524383545,0.7986040115356445,0.7759435772895813,0.6272128224372864,0.6386795043945312,0.9459090828895569,1.0356206893920898,1.3626484870910645,1.572784662246704,1.5453206300735474,1.9195281267166138,2.038105010986328,2.339665412902832,2.549161434173584,2.7347352504730225,1.9844141006469727,1.6078673601150513,1.6337376832962036,1.3089934587478638,1.3502240180969238,1.359151840209961,1.2937358617782593,1.6399438381195068,1.7886888980865479,1.5950411558151245,1.9336656332015991,1.922208547592163,2.217332601547241,2.3505442142486572,2.4684765338897705
B5,2.64772629737854,2.2818410396575928,2.1897876262664795,1.8224338293075562,1.7168275117874146,1.5837273597717285,1.3436734676361084,1.634140968322754,1.625264048576355,1.3065237998962402,1.5157240629196167,1.3432010412216187,1.6160391569137573,1.6167768239974976,1.7222051620483398,1.158042073249817,0.8960096836090088,0.5870868563652039,0.38327646255493164,0.0,0.3937581181526184,0.6419126391410828,0.8750261664390564,1.1301766633987427,1.2376813888549805,1.6012041568756104,1.8297476768493652,2.1195144653320312,2.3956892490386963,2.6040380001068115,2.088048219680786,1.8039579391479492,1.5677158832550049,1.1995601654052734,1.0647579431533813,0.6984608173370361,0.568684995174408,0.5535283088684082,0.7080800533294678,0.6941842436790466,1.0061708688735962,1.1180145740509033,1.4949699640274048,1.657917857170105,1.9758480787277222,1.4371588230133057,1.098626971244812,0.9608039855957031,0.813565194606781,0.6265516877174377,0.8926866054534912,0.89402174949646,1.2329472303390503,1.3647122383117676,1.3250839710235596,1.6780471801757812,1.8138046264648438,2.0820395946502686,2.3197438716888428,2.484931230545044,2.202221632003784,1.8237409591674805,1.773708462715149,1.433030128479004,1.3734428882598877,1.3240234851837158,1.153102159500122,1.4914637804031372,1.5669597387313843,1.3160839080810547,1.6216692924499512,1.5790481567382812,1.8556479215621948,1.984665870666504,2.089118480682373
B6,2.5776941776275635,2.207601547241211,2.0988967418670654,1.7702085971832275,1.616236925125122,1.5492863655090332,1.286474347114563,1.6139369010925293,1.5671005249023438,1.2461673021316528,1.4569779634475708,1.3163880109786987,1.549770712852478,1.6046538352966309,1.6563172340393066,1.4532781839370728,1.2069350481033325,0.9088696241378784,0.6127979159355164,0.3937581181526184,0.0,0.3816933035850525,0.5296255350112915,0.85151606798172,0.9961983561515808,1.359851360321045,1.60062837600708,1.9155240058898926,2.182983875274658,2.4359958171844482,2.3205132484436035,2.0012834072113037,1.8168025016784668,1.4270963668823242,1.3071808815002441,0.9961997270584106,0.782263994216919,0.8662598729133606,0.879980206489563,0.6771995425224304,0.9290180206298828,0.9088308811187744,1.2834690809249878,1.3908023834228516,1.6810685396194458,1.4500868320465088,1.1418761014938354,0.8955980539321899,0.6856303811073303,0.3687230348587036,0.5352320671081543,0.5528192520141602,0.8543646931648254,1.009669542312622,1.0406523942947388,1.4015552997589111,1.5910844802856445,1.87471342086792,2.135051965713501,2.344831705093384,2.1622917652130127,1.7829351425170898,1.7139911651611328,1.4302315711975098,1.3096094131469727,1.3404579162597656,1.1475632190704346,1.5167856216430664,1.5426849126815796,1.3023269176483154,1.6014448404312134,1.6021151542663574,1.8331851959228516,2.0126144886016846,2.080853223800659
B7,2.4081268310546875,2.054684638977051,1.8871005773544312,1.5755513906478882,1.357810139656067,1.2771859169006348,0.9752166271209717,1.2932655811309814,1.2164855003356934,0.9064640998840332,1.137702465057373,1.0645750761032104,1.3121919631958008,1.4437519311904907,1.5328236818313599,1.7847422361373901,1.507477045059204,1.2223358154296875,0.9286921620368958,0.6419126391410828,0.3816933035850525,0.0,0.38766494393348694,0.5786567330360413,0.6290374994277954,1.0062707662582397,1.2258387804031372,1.5433200597763062,1.8054345846176147,2.0553524494171143,2.3452391624450684,1.9997596740722656,1.8261065483093262,1.458518385887146,1.283255934715271,1.0454246997833252,0.7395345568656921,0.915346622467041,0.8296220898628235,0.5093521475791931,0.763981819152832,0.7372917532920837,1.076294183731079,1.2321271896362305,1.470487356185913,1.8240548372268677,1.5156598091125488,1.2623703479766846,1.0160998106002808,0.695833683013916,0.6511660814285278,0.44089967012405396,0.7401390075683594,0.7542429566383362,0.715212345123291,1.0542439222335815,1.241697072982788,1.5047858953475952,1.777530550956726,1.9798622131347656,2.227761745452881,1.8653852939605713,1.7166036367416382,1.4413156509399414,1.2259832620620728,1.216903567314148,0.9466282725334167,1.2897089719772339,1.2425159215927124,0.9911254048347473,1.2688199281692505,1.303760290145874,1.516515851020813,1.7373255491256714,1.8184224367141724
B8,2.677894115447998,2.3276219367980957,2.1543331146240234,1.881037950515747,1.6336015462875366,1.5916961431503296,1.2748661041259766,1.5693103075027466,1.4226330518722534,1.102194905281067,1.2392276525497437,1.1293110847473145,1.2743932008743286,1.3968538045883179,1.388954997062683,1.9558441638946533,1.730836033821106,1.4086246490478516,1.1415753364562988,0.8750261664390564,0.5296255350112915,0.38766494393348694,0.0,0.3824136555194855,0.6379354596138,0.9353561401367188,1.2242388725280762,1.5263252258300781,1.8053083419799805,2.096328020095825,2.723205804824829,2.3780272006988525,2.2084879875183105,1.8343933820724487,1.6656113862991333,1.4036669731140137,1.0971437692642212,1.1940537691116333,1.0331493616104126,0.6836719512939453,0.740959882736206,0.5315174460411072,0.8502856492996216,0.9125345349311829,1.1635797023773193,1.8108545541763306,1.5631033182144165,1.239338755607605,1.062969446182251,0.7025836706161499,0.6110634803771973,0.5269600749015808,0.6219220757484436,0.6355867385864258,0.7876837849617004,1.0758440494537354,1.3555028438568115,1.5930485725402832,1.9048832654953003,2.131906747817993,2.458171844482422,2.096921920776367,1.9726086854934692,1.7427550554275513,1.52610182762146,1.569890022277832,1.305350422859192,1.6388485431671143,1.5450857877731323,1.2840031385421753,1.496158480644226,1.5021517276763916,1.63551926612854,1.8495532274246216,1.8508247137069702
B9,2.7305610179901123,2.4056191444396973,2.1762804985046387,1.924358606338501,1.622841715812683,1.545728087425232,1.1947418451309204,1.41823148727417,1.1960796117782593,0.8866019248962402,0.9466960430145264,0.875487208366394,0.9730822443962097,1.1636638641357422,1.1729662418365479,2.2542784214019775,2.021294593811035,1.689307451248169,1.4495432376861572,1.1301766633987427,0.85151606798172,0.5786567330360413,0.3824136555194855,0.0,0.38117024302482605,0.5864421725273132,0.9198672771453857,1.1808784008026123,1.4853131771087646,1.7681336402893066,2.8714699745178223,2.519920825958252,2.339536190032959,1.9971057176589966,1.7752032279968262,1.5541539192199707,1.2031066417694092,1.3008288145065308,1.048209309577942,0.6735385060310364,0.5967574715614319,0.34957751631736755,0.5542394518852234,0.699542760848999,0.9023964405059814,2.18060564994812,1.9329266548156738,1.611559271812439,1.441015362739563,1.079807162284851,0.9652495384216309,0.7871888279914856,0.8261096477508545,0.6413536071777344,0.7450164556503296,0.9145732522010803,1.2093532085418701,1.370354175567627,1.7119488716125488,1.9071096181869507,2.7103981971740723,2.36252760887146,2.1879584789276123,1.9563947916030884,1.687407374382019,1.6779053211212158,1.3577880859375,1.6290146112442017,1.4481117725372314,1.1623225212097168,1.2823387384414673,1.271616816520691,1.335976004600525,1.563488483428955,1.5371707677841187
B10,2.4312851428985596,2.1273486614227295,1.8639633655548096,1.629954218864441,1.3005201816558838,1.217987298965454,0.8719109296798706,1.079103946685791,0.8666728138923645,0.6227580904960632,0.7718685269355774,0.8509300947189331,1.0194416046142578,1.2868306636810303,1.385396957397461,2.394918918609619,2.115985870361328,1.823551058769226,1.5528528690338135,1.2376813888549805,0.9961983561515808,0.6290374994277954,0.6379354596138,0.38117024302482605,0.0,0.3866786062717438,0.6147615313529968,0.922326922416687,1.1971526145935059,1.4666662216186523,2.7014787197113037,2.3388471603393555,2.184663772583008,1.870251178741455,1.6400763988494873,1.4985766410827637,1.146601915359497,1.3333323001861572,1.1083167791366577,0.7444231510162354,0.7749798893928528,0.6746258735656738,0.7986488342285156,0.9956808090209961,1.0922355651855469,2.4088547229766846,2.1239728927612305,1.8369245529174805,1.5986608266830444,1.2657750844955444,1.0968372821807861,0.8058471083641052,0.8810130953788757,0.5985219478607178,0.5056939125061035,0.6166888475418091,0.8593398928642273,1.0121394395828247,1.3454339504241943,1.5328494310379028,2.591677188873291,2.2661702632904053,2.0366904735565186,1.812319040298462,1.498070478439331,1.4538065195083618,1.1144977807998657,1.334354281425476,1.111737608909607,0.8631103038787842,0.9748083353042603,1.0515810251235962,1.1350388526916504,1.425329327583313,1.471876859664917
B11,2.620058536529541,2.348989725112915,2.048774003982544,1.8650767803192139,1.5033698081970215,1.4244489669799805,1.0953874588012695,1.1984957456588745,0.9063740372657776,0.7546720504760742,0.7495215535163879,0.8947795629501343,0.9430774450302124,1.2663848400115967,1.340901255607605,2.756075620651245,2.4880151748657227,2.182187080383301,1.9287177324295044,1.6012041568756104,1.359851360321045,1.0062707662582397,0.9353561401367188,0.5864421725273132,0.3866786062717438,0.0,0.37461599707603455,0.5971431732177734,0.9043759107589722,1.1924437284469604,3.023866653442383,2.6613988876342773,2.509526014328003,2.2185745239257812,1.9690930843353271,1.8488473892211914,1.4899433851242065,1.6496883630752563,1.374510407447815,1.0354331731796265,0.9408567547798157,0.8089778423309326,0.7393304109573364,0.9240137338638306,0.8964883685112,2.74363112449646,2.47782301902771,2.1709957122802734,1.9538267850875854,1.6122126579284668,1.4261032342910767,1.1542651653289795,1.1395750045776367,0.7910910248756409,0.7496985197067261,0.6462924480438232,0.8987204432487488,0.9139693975448608,1.277786374092102,1.4365482330322266,2.916029214859009,2.6060421466827393,2.356720209121704,2.156437635421753,1.8206539154052734,1.7683987617492676,1.4234435558319092,1.577527403831482,1.2856626510620117,1.0605356693267822,1.0324971675872803,1.0947593450546265,1.0462087392807007,1.3473182916641235,1.3345359563827515
B12,2.4028422832489014,2.1695716381073,1.8380903005599976,1.7092323303222656,1.3299033641815186,1.2801055908203125,1.0147597789764404,1.0598628520965576,0.8006702661514282,0.8153215050697327,0.8670598268508911,1.124570369720459,1.2042375802993774,1.5529450178146362,1.6695587635040283,2.98569917678833,2.688488721847534,2.4156744480133057,2.13773512840271,1.8297476768493652,1.60062837600708,1.2258387804031372,1.2242388725280762,0.9198672771453857,0.6147615313529968,0.37461599707603455,0.0,0.3756202161312103,0.5854908227920532,0.8903462886810303,2.999659299850464,2.6326282024383545,2.5192596912384033,2.2595207691192627,2.0222725868225098,1.9725556373596191,1.635374665260315,1.8518025875091553,1.6121442317962646,1.2935502529144287,1.2632328271865845,1.1720443964004517,1.1071666479110718,1.2782365083694458,1.1821593046188354,3.002912759780884,2.7181005477905273,2.431093215942383,2.170341968536377,1.854888677597046,1.6276224851608276,1.3134498596191406,1.2933549880981445,0.9229410290718079,0.7741167545318604,0.5113423466682434,0.6480267643928528,0.5600601434707642,0.9238356351852417,1.0814651250839233,2.8844432830810547,2.6069750785827637,2.3160159587860107,2.147346019744873,1.7833359241485596,1.7209173440933228,1.3956552743911743,1.4755603075027466,1.1484125852584839,1.0237581729888916,0.9511699676513672,1.1195566654205322,1.0619239807128906,1.4090006351470947,1.45677649974823
B13,2.6525259017944336,2.4510953426361084,2.0966625213623047,1.9883962869644165,1.6091258525848389,1.520342230796814,1.2693389654159546,1.2068599462509155,0.9001908898353577,0.9787278771400452,0.8990391492843628,1.185186505317688,1.1856938600540161,1.5484405755996704,1.673629879951477,3.272526264190674,2.983894109725952,2.6990442276000977,2.4493908882141113,2.1195144653320312,1.9155240058898926,1.5433200597763062,1.5263252258300781,1.1808784008026123,0.922326922416687,0.5971431732177734,0.3756202161312103,0.0,0.36393070220947266,0.6109779477119446,3.2521677017211914,2.8961398601531982,2.7674107551574707,2.537719964981079,2.2718617916107178,2.2348666191101074,1.8931382894515991,2.075704574584961,1.8006224632263184,1.5191816091537476,1.4253607988357544,1.3642784357070923,1.2092969417572021,1.394646406173706,1.2457751035690308,3.3263351917266846,3.046260118484497,2.753460645675659,2.5135610103607178,2.184643030166626,1.979189157485962,1.6740131378173828,1.6506670713424683,1.2763700485229492,1.1491669416427612,0.8711978197097778,0.9455069899559021,0.7174057960510254,1.0290024280548096,1.078552007675171,3.2383029460906982,2.9670419692993164,2.665470838546753,2.4901819229125977,2.1239945888519287,2.026517629623413,1.6910425424575806,1.7152047157287598,1.351283311843872,1.2250001430511475,1.030339002609253,1.147173285484314,0.9699363112449646,1.2925810813903809,1.3028857707977295
