,A1,A2,A3,A4,A5,A6,A7,A8,A9,A10,A11,A12,A13,A14,A15,B1,B2,B3,B4,B5,B6,B7,B8,B9,B10,B11,B12,B13,B14,B15,C1,C2,C3,C4,C5,C6,C7,C8,C9,C10,C11,C12,C13,C14,C15,D1,D2,D3,D4,D5,D6,D7,D8,D9,D10,D11,D12,D13,D14,D15,E1,E2,E3,E4,E5,E6,E7,E8,E9,E10,E11,E12,E13,E14,E15
A1,0.0,0.3984476327896118,0.6091679930686951,0.9256476163864136,1.1435949802398682,1.4477719068527222,1.7166379690170288,2.0397353172302246,2.3614084720611572,2.6448299884796143,2.9606711864471436,3.1688437461853027,3.4886038303375244,3.6892426013946533,4.066592693328857,3.90195369720459,3.621486186981201,3.287421226501465,3.059133529663086,2.753044843673706,2.5330371856689453,2.1828434467315674,1.9904309511184692,1.5984346866607666,1.4996031522750854,1.1349698305130005,1.0175998210906982,1.0035600662231445,0.6880065202713013,0.8505310416221619,1.4281672239303589,1.3792978525161743,1.5811264514923096,1.5068955421447754,1.8802971839904785,1.8507291078567505,2.2310853004455566,2.263017416000366,2.651930332183838,2.7437727451324463,3.0954418182373047,3.338477611541748,3.4902007579803467,3.8357372283935547,3.999096155166626,4.290009021759033,3.932952880859375,3.72902512550354,3.4136462211608887,3.228067398071289,3.0167760848999023,2.8273961544036865,2.502169609069824,2.332895040512085,1.9720511436462402,1.920875072479248,1.5716160535812378,1.5082026720046997,1.4720826148986816,1.7285977602005005,1.8026978969573975,1.6777430772781372,1.8742448091506958,1.6931571960449219,2.048354387283325,1.9943362474441528,2.367591142654419,2.383342742919922,2.7809202671051025,2.859551429748535,3.2335169315338135,3.4431824684143066,3.5976579189300537,3.9363081455230713,4.111887454986572
A2,0.3984476327896118,0.0,0.39267128705978394,0.5848930478096008,0.8781236410140991,1.1200401782989502,1.4261473417282104,1.7187256813049316,2.058318853378296,2.331939458847046,2.6539053916931152,2.882887840270996,3.184504985809326,3.406014919281006,3.7827820777893066,3.6412980556488037,3.3622663021087646,3.026489734649658,2.7959935665130615,2.4857397079467773,2.282072067260742,1.9364832639694214,1.7431365251541138,1.371192216873169,1.249316930770874,0.9369328618049622,0.7478104829788208,0.851895809173584,0.5752404928207397,0.8883352875709534,1.253343939781189,1.2000762224197388,1.320570468902588,1.253126859664917,1.5975570678710938,1.5754063129425049,1.9510464668273926,1.9826936721801758,2.3783514499664307,2.4638638496398926,2.8318591117858887,3.0507097244262695,3.2237274646759033,3.558166742324829,3.738644599914551,3.9916067123413086,3.624846935272217,3.4243741035461426,3.0937931537628174,2.9203503131866455,2.683929443359375,2.502711772918701,2.1586647033691406,1.9961892366409302,1.6232341527938843,1.5849412679672241,1.262242078781128,1.1857540607452393,1.2270792722702026,1.4854457378387451,1.6013927459716797,1.4735697507858276,1.606967806816101,1.4219661951065063,1.749267816543579,1.7029061317443848,2.0667855739593506,2.0863475799560547,2.4846484661102295,2.560509443283081,2.943054437637329,3.1316545009613037,3.3053982257843018,3.6324851512908936,3.822408676147461
A3,0.6091679930686951,0.39267128705978394,0.0,0.39685943722724915,0.5355388522148132,0.8533868193626404,1.10941481590271,1.4361894130706787,1.75435471534729,2.0380489826202393,2.3526577949523926,2.5606040954589844,2.8800690174102783,3.0812137126922607,3.4586586952209473,3.301312208175659,3.0188887119293213,2.6854147911071777,2.455328941345215,2.14799165725708,1.9333815574645996,1.5824503898620605,1.4000608921051025,1.0134562253952026,0.9526863694190979,0.6446483135223389,0.6096981167793274,0.8021133542060852,0.6828140616416931,0.991826057434082,1.4757952690124512,1.3232736587524414,1.3884620666503906,1.2076762914657593,1.5170756578445435,1.4009352922439575,1.7585570812225342,1.7262893915176392,2.111945390701294,2.1670892238616943,2.5239357948303223,2.750077962875366,2.8965978622436523,3.2426469326019287,3.4033870697021484,3.7068541049957275,3.3441061973571777,3.157874584197998,2.8356940746307373,2.6734397411346436,2.464649200439453,2.3108925819396973,1.983697533607483,1.877672553062439,1.518249273300171,1.5697755813598633,1.2718034982681274,1.2988137006759644,1.3814316987991333,1.6894489526748657,1.805405616760254,1.6044220924377441,1.6777490377426147,1.4105730056762695,1.6949175596237183,1.5620917081832886,1.9043338298797607,1.8573466539382935,2.2455036640167236,2.2867074012756348,2.66265606880188,2.856771230697632,3.0016074180603027,3.342236280441284,3.5109364986419678
A4,0.9256476163864136,0.5848930478096008,0.39685943722724915,0.0,0.3936900198459625,0.5551417469978333,0.8972982168197632,1.1521189212799072,1.511306881904602,1.7604302167892456,2.097017288208008,2.3187103271484375,2.613553285598755,2.8475148677825928,3.2197370529174805,3.1069393157958984,2.8150248527526855,2.4914543628692627,2.242168426513672,1.9463584423065186,1.7356791496276855,1.409501552581787,1.1966753005981445,0.8604921102523804,0.721987247467041,0.5373716354370117,0.3886511027812958,0.726904034614563,0.7226216793060303,1.0786993503570557,1.3328248262405396,1.1620901823043823,1.125133752822876,0.9404409527778625,1.1968302726745605,1.0921162366867065,1.4415256977081299,1.4269081354141235,1.8206530809402466,1.8885589838027954,2.2628448009490967,2.469916343688965,2.6520073413848877,2.9803566932678223,3.1706888675689697,3.408690929412842,3.0402262210845947,2.844456672668457,2.511188268661499,2.347647190093994,2.113349676132202,1.9542043209075928,1.6109892129898071,1.5015041828155518,1.1338932514190674,1.2060569524765015,0.9499378204345703,1.0021491050720215,1.1615732908248901,1.4671027660369873,1.6092921495437622,1.3967031240463257,1.3916099071502686,1.116258978843689,1.355790376663208,1.2303297519683838,1.5617454051971436,1.5327038764953613,1.9242616891860962,1.980953574180603,2.365495443344116,2.5471575260162354,2.7236411571502686,3.048144578933716,3.2427852153778076
A5,1.1435949802398682,0.8781236410140991,0.5355388522148132,0.3936900198459625,0.0,0.38299310207366943,0.5917428135871887,0.9178061485290527,1.2318110466003418,1.5081934928894043,1.8253508806228638,2.02578067779541,2.346228837966919,2.5486443042755127,2.924806594848633,2.7806520462036133,2.4911789894104004,2.163069486618042,1.9240816831588745,1.6216343641281128,1.405924916267395,1.0601072311401367,0.8838256001472473,0.5196545720100403,0.5458378791809082,0.46567627787590027,0.6043619513511658,0.934088945388794,1.014664888381958,1.3238494396209717,1.6914297342300415,1.4695144891738892,1.4058527946472168,1.1347829103469849,1.324416995048523,1.1031973361968994,1.401173710823059,1.281447410583496,1.6515246629714966,1.6610808372497559,2.0199525356292725,2.229076385498047,2.369539976119995,2.7156803607940674,2.8746068477630615,3.1898365020751953,2.8238108158111572,2.6552698612213135,2.3301610946655273,2.1926705837249756,1.994571566581726,1.8849875926971436,1.5693705081939697,1.5494115352630615,1.2214844226837158,1.3996317386627197,1.1981076002120972,1.3270646333694458,1.4987337589263916,1.8198317289352417,1.9550855159759521,1.7028884887695312,1.6570018529891968,1.327257752418518,1.5000081062316895,1.2759621143341064,1.555402398109436,1.4257408380508423,1.7915937900543213,1.7867602109909058,2.160949230194092,2.3407297134399414,2.4733529090881348,2.816575050354004,2.978200674057007
A6,1.4477719068527222,1.1200401782989502,0.8533868193626404,0.5551417469978333,0.38299310207366943,0.0,0.3855895400047302,0.5994431376457214,0.9589518904685974,1.2122938632965088,1.5425283908843994,1.7756320238113403,2.066044807434082,2.300433397293091,2.6739487648010254,2.5661420822143555,2.2801926136016846,1.9545713663101196,1.7136143445968628,1.4112964868545532,1.231850028038025,0.9182659387588501,0.7604987621307373,0.546110212802887,0.5490697026252747,0.6934331059455872,0.7431062459945679,1.1138958930969238,1.2346041202545166,1.5632224082946777,1.7359800338745117,1.5268399715423584,1.3674267530441284,1.1177022457122803,1.2027957439422607,0.9810245037078857,1.2228928804397583,1.081398606300354,1.4437912702560425,1.431230902671814,1.8108941316604614,1.9764299392700195,2.1479220390319824,2.474710702896118,2.657402992248535,2.9184465408325195,2.5388357639312744,2.3780276775360107,2.0300533771514893,1.9165918827056885,1.6818658113479614,1.5979886054992676,1.257868766784668,1.2825019359588623,0.9642249345779419,1.2066686153411865,1.105089545249939,1.2427120208740234,1.4907373189926147,1.7775604724884033,1.9388916492462158,1.7000941038131714,1.5704256296157837,1.2564431428909302,1.3384521007537842,1.1134743690490723,1.3379747867584229,1.1933304071426392,1.544407844543457,1.5234578847885132,1.9079159498214722,2.0515296459198,2.2114973068237305,2.5371556282043457,2.718482255935669
A7,1.7166379690170288,1.4261473417282104,1.10941481590271,0.8972982168197632,0.5917428135871887,0.3855895400047302,0.0,0.3975957930088043,0.6461395025253296,0.9583635926246643,1.2460353374481201,1.4740232229232788,1.787781000137329,1.9859005212783813,2.366680145263672,2.2186365127563477,1.946686029434204,1.6053036451339722,1.3939801454544067,1.064962387084961,0.9193926453590393,0.5763924717903137,0.5672048330307007,0.47899097204208374,0.7023244500160217,0.9202213287353516,1.0806964635849,1.430657982826233,1.5700547695159912,1.8795690536499023,2.116781234741211,1.8897289037704468,1.7230536937713623,1.441120982170105,1.4755419492721558,1.1877329349517822,1.344754934310913,1.0902615785598755,1.3882811069488525,1.278386116027832,1.6327478885650635,1.7721689939498901,1.8915505409240723,2.233269453048706,2.377227306365967,2.724879741668701,2.3439719676971436,2.22975492477417,1.8862402439117432,1.8265780210494995,1.6283626556396484,1.6232482194900513,1.3264696598052979,1.4566031694412231,1.2052969932556152,1.510439395904541,1.453683614730835,1.615561842918396,1.866852879524231,2.154555559158325,2.3142683506011963,2.0618059635162354,1.9111227989196777,1.5805432796478271,1.6082631349563599,1.3269462585449219,1.4726037979125977,1.2260000705718994,1.5133306980133057,1.3990354537963867,1.7610434293746948,1.8762130737304688,1.9820780754089355,2.322619676589966,2.462622880935669
A8,2.0397353172302246,1.7187256813049316,1.4361894130706787,1.1521189212799072,0.9178061485290527,0.5994431376457214,0.3975957930088043,0.0,0.3994032144546509,0.6159384250640869,0.948808491230011,1.193331003189087,1.469563603401184,1.7138786315917969,2.084712266921997,2.0029077529907227,1.7184003591537476,1.4036760330200195,1.1647921800613403,0.8755852580070496,0.7613739967346191,0.5597167611122131,0.5586618781089783,0.704045832157135,0.8323097229003906,1.1535701751708984,1.2706165313720703,1.61336088180542,1.7982739210128784,2.1023342609405518,2.211388349533081,1.9798723459243774,1.7455110549926758,1.4773756265640259,1.4039084911346436,1.1192378997802734,1.1723088026046753,0.8867629170417786,1.1313508749008179,0.9897910356521606,1.3556870222091675,1.448885202407837,1.610077977180481,1.9255988597869873,2.1042819023132324,2.378709316253662,1.9886823892593384,1.8753764629364014,1.5151307582855225,1.4786674976348877,1.2587692737579346,1.296730399131775,1.0137847661972046,1.2243937253952026,1.0508049726486206,1.4108022451400757,1.455093502998352,1.6435812711715698,1.9254230260849,2.185147523880005,2.3494174480438232,2.097585916519165,1.8781638145446777,1.5667039155960083,1.49443519115448,1.2092314958572388,1.2577781677246094,0.9789053201675415,1.212188482284546,1.069234013557434,1.4331408739089966,1.5157564878463745,1.6540991067886353,1.975819706916809,2.143670082092285
A9,2.3614084720611572,2.058318853378296,1.75435471534729,1.511306881904602,1.2318110466003418,0.9589518904685974,0.6461395025253296,0.3994032144546509,0.0,0.38335171341896057,0.6020495295524597,0.8712747097015381,1.161164402961731,1.3655657768249512,1.7460064888000488,1.6234580278396606,1.3659915924072266,1.0279748439788818,0.8492670059204102,0.518181562423706,0.5611640810966492,0.475406289100647,0.7093316912651062,0.9517524242401123,1.1665705442428589,1.488365650177002,1.6485605239868164,1.9858691692352295,2.170698881149292,2.4696052074432373,2.6107170581817627,2.3760969638824463,2.139705181121826,1.8634765148162842,1.7669517993927002,1.463144063949585,1.449786901473999,1.1041102409362793,1.2342689037322998,0.9726696610450745,1.2691590785980225,1.2887438535690308,1.3801569938659668,1.6976096630096436,1.8285735845565796,2.1935360431671143,1.8026392459869385,1.7635375261306763,1.4139963388442993,1.4693533182144165,1.2991410493850708,1.440295934677124,1.2308769226074219,1.5187041759490967,1.4061750173568726,1.780466079711914,1.8488390445709229,2.03737473487854,2.3240177631378174,2.578375816345215,2.74493670463562,2.4922444820404053,2.261812448501587,1.950903058052063,1.8482577800750732,1.5478389263153076,1.5293916463851929,1.1930365562438965,1.3172551393508911,1.061273455619812,1.3606911897659302,1.3735520839691162,1.4390019178390503,1.7642797231674194,1.8790591955184937
A10,2.6448299884796143,2.331939458847046,2.0380489826202393,1.7604302167892456,1.5081934928894043,1.2122938632965088,0.9583635926246643,0.6159384250640869,0.38335171341896057,0.0,0.3910629153251648,0.6082530617713928,0.8550699353218079,1.1217204332351685,1.4812544584274292,1.4598946571350098,1.1664044857025146,0.9044954180717468,0.6583179831504822,0.49742820858955383,0.5485790371894836,0.6910470724105835,0.8374884724617004,1.170236587524414,1.318932294845581,1.6864612102508545,1.8350273370742798,2.147494077682495,2.3741466999053955,2.6534483432769775,2.7321908473968506,2.481656551361084,2.2100894451141357,1.9363551139831543,1.763730525970459,1.466913104057312,1.353148341178894,0.9996336102485657,1.0158966779708862,0.7081361413002014,0.9696899652481079,0.9324281215667725,1.0680880546569824,1.3572725057601929,1.5312918424606323,1.820994257926941,1.426225185394287,1.3858617544174194,1.034560203552246,1.123398780822754,0.9799714088439941,1.1861941814422607,1.0615040063858032,1.4133124351501465,1.4011821746826172,1.7914974689483643,1.92207932472229,2.1429100036621094,2.4263391494750977,2.6669504642486572,2.8228681087493896,2.560288190841675,2.2887041568756104,1.9914997816085815,1.8160529136657715,1.5146013498306274,1.4006479978561401,1.043628215789795,1.0585881471633911,0.7495729923248291,1.0118701457977295,0.9924452304840088,1.0810320377349854,1.3957734107971191,1.542035698890686
A11,2.9606711864471436,2.6539053916931152,2.3526577949523926,2.097017288208008,1.8253508806228638,1.5425283908843994,1.2460353374481201,0.948808491230011,0.6020495295524597,0.3910629153251648,0.0,0.38126659393310547,0.5813925266265869,0.7992324829101562,1.169241189956665,1.1108551025390625,0.8757697939872742,0.6040287613868713,0.5198718905448914,0.4310331642627716,0.7095162868499756,0.9131834506988525,1.1594250202178955,1.4900081157684326,1.6832901239395142,2.038682460784912,2.2014334201812744,2.52124285697937,2.735875368118286,3.021188259124756,3.1097002029418945,2.8675341606140137,2.5950543880462646,2.3261680603027344,2.1517202854156494,1.8565199375152588,1.7262800931930542,1.3676871061325073,1.3202155828475952,0.965242862701416,1.1050251722335815,0.9519020318984985,0.9834933876991272,1.2367579936981201,1.3441675901412964,1.7210843563079834,1.3351823091506958,1.404517650604248,1.0902165174484253,1.2918397188186646,1.2000418901443481,1.4764853715896606,1.3989403247833252,1.770774006843567,1.7757116556167603,2.1634387969970703,2.304421901702881,2.5103933811187744,2.8047657012939453,3.036015272140503,3.1993353366851807,2.9458014965057373,2.669623851776123,2.379974365234375,2.196002244949341,1.9009337425231934,1.76378333568573,1.404642939567566,1.3500640392303467,0.991951584815979,1.1362051963806152,1.0030969381332397,0.9877598285675049,1.2720932960510254,1.343677282333374
A12,3.1688437461853027,2.882887840270996,2.5606040954589844,2.3187103271484375,2.02578067779541,1.7756320238113403,1.4740232229232788,1.193331003189087,0.8712747097015381,0.6082530617713928,0.38126659393310547,0.0,0.3788563311100006,0.539105236530304,0.9020271301269531,0.8942071795463562,0.569369375705719,0.42717963457107544,0.25522464513778687,0.49518534541130066,0.7034364938735962,1.0262253284454346,1.2458651065826416,1.6185331344604492,1.8119696378707886,2.1783461570739746,2.378023624420166,2.6666300296783447,2.9141666889190674,3.1692469120025635,3.30594801902771,3.0314879417419434,2.7653889656066895,2.4681754112243652,2.274216651916504,1.9563250541687012,1.7771872282028198,1.4035011529922485,1.261710286140442,0.8794562816619873,0.8834472894668579,0.7014818787574768,0.6288920640945435,0.9022629857063293,0.979328453540802,1.451761245727539,1.0997825860977173,1.1990740299224854,0.9701133966445923,1.1864409446716309,1.213905930519104,1.5070972442626953,1.5219224691390991,1.90249502658844,1.9568437337875366,2.3480193614959717,2.4873435497283936,2.731816530227661,2.9994924068450928,3.248126983642578,3.391873359680176,3.110192060470581,2.833054780960083,2.5272014141082764,2.326211929321289,2.005213499069214,1.829263687133789,1.4467649459838867,1.3137576580047607,0.9267297983169556,0.9563261270523071,0.8329017758369446,0.6981210708618164,1.0151336193084717,1.0376957654953003
A13,3.4886038303375244,3.184504985809326,2.8800690174102783,2.613553285598755,2.346228837966919,2.066044807434082,1.787781000137329,1.469563603401184,1.161164402961731,0.8550699353218079,0.5813925266265869,0.3788563311100006,0.0,0.3744744658470154,0.6547377109527588,0.8202290534973145,0.5882894396781921,0.6277475357055664,0.6145460605621338,0.8523302674293518,1.0720820426940918,1.3862272500991821,1.5839791297912598,1.9588927030563354,2.1212544441223145,2.498506784439087,2.6691579818725586,2.959434986114502,3.210230827331543,3.4701743125915527,3.5327775478363037,3.2717435359954834,2.97957181930542,2.70898699760437,2.476781129837036,2.191009044647217,1.972212791442871,1.6333024501800537,1.4420937299728394,1.0861493349075317,1.023655891418457,0.7088596820831299,0.653015673160553,0.7604526877403259,0.8576026558876038,1.209500789642334,0.8590713739395142,1.0561178922653198,0.8663556575775146,1.18152916431427,1.2243151664733887,1.5699272155761719,1.6334036588668823,2.031482219696045,2.1338162422180176,2.516855478286743,2.701158046722412,2.9361019134521484,3.2167882919311523,3.43798565864563,3.5857346057891846,3.320307731628418,3.01554536819458,2.739673614501953,2.497725009918213,2.2076549530029297,1.9834938049316406,1.632978916168213,1.4319086074829102,1.0573874711990356,0.9876613020896912,0.7234013080596924,0.5634527206420898,0.7632666230201721,0.7795985341072083
A14,3.6892426013946533,3.406014919281006,3.0812137126922607,2.8475148677825928,2.5486443042755127,2.300433397293091,1.9859005212783813,1.7138786315917969,1.3655657768249512,1.1217204332351685,0.7992324829101562,0.539105236530304,0.3744744658470154,0.0,0.3862110376358032,0.4562084972858429,0.2948336601257324,0.5068785548210144,0.6758781671524048,0.9506816267967224,1.2059051990509033,1.5277892351150513,1.7738492488861084,2.143040418624878,2.348839044570923,2.7120189666748047,2.9164721965789795,3.204897880554199,3.4519906044006348,3.7065625190734863,3.8350865840911865,3.563812255859375,3.2890729904174805,2.9985218048095703,2.7873737812042236,2.47847580909729,2.271542549133301,1.9110335111618042,1.7142786979675293,1.344650387763977,1.2266817092895508,0.9423485994338989,0.7271765470504761,0.8083760142326355,0.7263051867485046,1.3034415245056152,1.0377843379974365,1.2951840162277222,1.186518669128418,1.490862488746643,1.5778542757034302,1.9141839742660522,1.982287049293518,2.3760175704956055,2.4621803760528564,2.8501081466674805,3.0109145641326904,3.250197649002075,3.5250637531280518,3.761958360671997,3.9082562923431396,3.63212251663208,3.342024803161621,3.0480904579162598,2.825159788131714,2.5152435302734375,2.3057358264923096,1.9363524913787842,1.738987684249878,1.3576816320419312,1.2541916370391846,1.0228626728057861,0.747504472732544,0.9072317481040955,0.7521239519119263
A15,4.066592693328857,3.7827820777893066,3.4586586952209473,3.2197370529174805,2.924806594848633,2.6739487648010254,2.366680145263672,2.084712266921997,1.7460064888000488,1.4812544584274292,1.169241189956665,0.9020271301269531,0.6547377109527588,0.3862110376358032,0.0,0.5115463733673096,0.5400620102882385,0.8653218746185303,1.0298621654510498,1.3326411247253418,1.56535804271698,1.9017953872680664,2.130540609359741,2.5083112716674805,2.7013635635375977,3.0703420639038086,3.2740821838378906,3.552438259124756,3.811230182647705,4.057132720947266,4.1689934730529785,3.893474817276001,3.6098084449768066,3.3231656551361084,3.0895392894744873,2.7903311252593994,2.5525968074798584,2.2096498012542725,1.9675166606903076,1.6203839778900146,1.4321705102920532,1.1146613359451294,0.8726450204849243,0.7861840128898621,0.6133049726486206,1.155737280845642,0.9971061944961548,1.3310966491699219,1.3241584300994873,1.652556300163269,1.7884403467178345,2.137690782546997,2.2559473514556885,2.6523303985595703,2.7744100093841553,3.1567227840423584,3.336812973022461,3.583137035369873,3.854694128036499,4.083682060241699,4.224796295166016,3.947507381439209,3.6450510025024414,3.3613593578338623,3.1151769161224365,2.813992977142334,2.5727274417877197,2.2182579040527344,1.9717456102371216,1.609436273574829,1.4246073961257935,1.1602731943130493,0.8451763987541199,0.8536463379859924,0.5718682408332825
B1,3.90195369720459,3.6412980556488037,3.301312208175659,3.1069393157958984,2.7806520462036133,2.5661420822143555,2.2186365127563477,2.0029077529907227,1.6234580278396606,1.4598946571350098,1.1108551025390625,0.8942071795463562,0.8202290534973145,0.4562084972858429,0.5115463733673096,0.0,0.4037966728210449,0.6184688210487366,0.9433475136756897,1.1628249883651733,1.4501267671585083,1.7393587827682495,2.037905216217041,2.3811001777648926,2.633981466293335,2.972658634185791,3.2044522762298584,3.4977328777313232,3.728064775466919,3.984015703201294,4.177596092224121,3.905266046524048,3.650338888168335,3.3461649417877197,3.165848731994629,2.838526487350464,2.6592259407043457,2.2804293632507324,2.1046478748321533,1.7272413969039917,1.602796196937561,1.3607970476150513,1.0793284177780151,1.1511244773864746,0.9278369545936584,1.6347087621688843,1.4369175434112549,1.7186671495437622,1.6391323804855347,1.9330214262008667,2.0255937576293945,2.3530330657958984,2.401233434677124,2.789294719696045,2.8445756435394287,3.2357823848724365,3.36973237991333,3.6014442443847656,3.876429319381714,4.125911712646484,4.2763671875,3.9970343112945557,3.72529673576355,3.4159438610076904,3.220334053039551,2.8962442874908447,2.713916540145874,2.3305063247680664,2.1582283973693848,1.7735421657562256,1.677538514137268,1.4714378118515015,1.1665644645690918,1.2956422567367554,1.0435560941696167
B2,3.621486186981201,3.3622663021087646,3.0188887119293213,2.8150248527526855,2.4911789894104004,2.2801926136016846,1.946686029434204,1.7184003591537476,1.3659915924072266,1.1664044857025146,0.8757697939872742,0.569369375705719,0.5882894396781921,0.2948336601257324,0.5400620102882385,0.4037966728210449,0.0,0.3934269845485687,0.5857537984848022,0.8849085569381714,1.111915111541748,1.439353585243225,1.6990041732788086,2.061525821685791,2.294250011444092,2.6427595615386963,2.879650831222534,3.1563987731933594,3.4057459831237793,3.6467082500457764,3.8482916355133057,3.560521125793457,3.3089852333068848,2.9939680099487305,2.807842254638672,2.474069118499756,2.2844088077545166,1.9049861431121826,1.7164783477783203,1.3422796726226807,1.2082946300506592,0.9996469020843506,0.7079740166664124,0.8671673536300659,0.7070980072021484,1.4392354488372803,1.2023440599441528,1.422115683555603,1.3325223922729492,1.5865237712860107,1.7001981735229492,2.007641077041626,2.0703721046447754,2.451284646987915,2.517164945602417,2.9080867767333984,3.0360543727874756,3.2885687351226807,3.5468204021453857,3.8065273761749268,3.9449591636657715,3.6513848304748535,3.3825933933258057,3.0654137134552,2.8685455322265625,2.5342800617218018,2.348822832107544,1.9600580930709839,1.7851591110229492,1.40367591381073,1.3122141361236572,1.1593836545944214,0.8521807789802551,1.069664716720581,0.8833324909210205
B3,3.287421226501465,3.026489734649658,2.6854147911071777,2.4914543628692627,2.163069486618042,1.9545713663101196,1.6053036451339722,1.4036760330200195,1.0279748439788818,0.9044954180717468,0.6040287613868713,0.42717963457107544,0.6277475357055664,0.5068785548210144,0.8653218746185303,0.6184688210487366,0.3934269845485687,0.0,0.40082621574401855,0.5457866787910461,0.8488563299179077,1.1225639581680298,1.4299558401107788,1.7657723426818848,2.024440288543701,2.358156204223633,2.5904672145843506,2.8873684406280518,3.1114790439605713,3.37070369720459,3.583073139190674,3.3104615211486816,3.0695202350616455,2.758777618408203,2.6062681674957275,2.269059181213379,2.1299047470092773,1.738175868988037,1.6279997825622559,1.244003415107727,1.2270132303237915,1.074610710144043,0.8762083053588867,1.1290959119796753,1.056994915008545,1.7106053829193115,1.4077163934707642,1.5670527219772339,1.3807252645492554,1.6033843755722046,1.6393252611160278,1.9230785369873047,1.911257028579712,2.280128002166748,2.292407512664795,2.6840872764587402,2.788987636566162,3.0201544761657715,3.288633108139038,3.5507237911224365,3.7003114223480225,3.4177441596984863,3.1645917892456055,2.8424904346466064,2.678091287612915,2.343928813934326,2.205864906311035,1.8123208284378052,1.713026523590088,1.329738974571228,1.351360559463501,1.2305094003677368,1.01615309715271,1.2950224876403809,1.196696400642395
B4,3.059133529663086,2.7959935665130615,2.455328941345215,2.242168426513672,1.9240816831588745,1.7136143445968628,1.3939801454544067,1.1647921800613403,0.8492670059204102,0.6583179831504822,0.5198718905448914,0.25522464513778687,0.6145460605621338,0.6758781671524048,1.0298621654510498,0.9433475136756897,0.5857537984848022,0.40082621574401855,0.0,0.38823753595352173,0.5376864671707153,0.8839930295944214,1.1176203489303589,1.4876489639282227,1.70932137966156,2.0619897842407227,2.2949154376983643,2.5714292526245117,2.8219237327575684,3.06361722946167,3.2716848850250244,2.9811575412750244,2.739434003829956,2.417851686477661,2.251645565032959,1.9084919691085815,1.751585602760315,1.3587372303009033,1.2345454692840576,0.8528701066970825,0.8552709817886353,0.7771433591842651,0.6486249566078186,0.9845860004425049,1.019494891166687,1.5834507942199707,1.2576955556869507,1.323698878288269,1.1202157735824585,1.274821162223816,1.3269433975219727,1.5785590410232544,1.5844148397445679,1.943490982055664,1.973883867263794,2.3645973205566406,2.4679770469665527,2.7254068851470947,2.9746527671813965,3.2457382678985596,3.3809621334075928,3.0825493335723877,2.8284027576446533,2.4996578693389893,2.327972173690796,1.9830517768859863,1.8369603157043457,1.4371906518936157,1.33759605884552,0.9623042345046997,1.0146774053573608,0.9809262156486511,0.8231453895568848,1.1714106798171997,1.167260766029358
B5,2.753044843673706,2.4857397079467773,2.14799165725708,1.9463584423065186,1.6216343641281128,1.4112964868545532,1.064962387084961,0.8755852580070496,0.518181562423706,0.49742820858955383,0.4310331642627716,0.49518534541130066,0.8523302674293518,0.9506816267967224,1.3326411247253418,1.1628249883651733,0.8849085569381714,0.5457866787910461,0.38823753595352173,0.0,0.38410159945487976,0.5952929258346558,0.9120667576789856,1.2350245714187622,1.4939286708831787,1.824075698852539,2.048396587371826,2.353045701980591,2.5686750411987305,2.8352909088134766,3.053309202194214,2.784499406814575,2.5562338829040527,2.243993043899536,2.1232104301452637,1.7822033166885376,1.697615623474121,1.3037638664245605,1.2959297895431519,0.9413023591041565,1.0875990390777588,1.0631167888641357,1.0181317329406738,1.352529525756836,1.4031860828399658,1.9235546588897705,1.5672956705093384,1.6012723445892334,1.326506495475769,1.4468706846237183,1.4027938842773438,1.6147783994674683,1.5231220722198486,1.8565927743911743,1.8145860433578491,2.201690435409546,2.2756223678588867,2.5020971298217773,2.7655832767486572,3.0372695922851562,3.187196969985962,2.905416250228882,2.6712968349456787,2.3402535915374756,2.211554765701294,1.8741155862808228,1.7934341430664062,1.4036550521850586,1.4086154699325562,1.0648999214172363,1.238792061805725,1.223070502281189,1.1517552137374878,1.4945064783096313,1.521867275238037
B6,2.5330371856689453,2.282072067260742,1.9333815574645996,1.7356791496276855,1.405924916267395,1.231850028038025,0.9193926453590393,0.7613739967346191,0.5611640810966492,0.5485790371894836,0.7095162868499756,0.7034364938735962,1.0720820426940918,1.2059051990509033,1.56535804271698,1.4501267671585083,1.111915111541748,0.8488563299179077,0.5376864671707153,0.38410159945487976,0.0,0.3801111876964569,0.5903224945068359,0.9521999359130859,1.1926809549331665,1.5313386917114258,1.7822012901306152,2.055769681930542,2.299954891204834,2.5387861728668213,2.8041625022888184,2.506981372833252,2.297109365463257,1.9570661783218384,1.8464537858963013,1.4820747375488281,1.4051337242126465,1.0027227401733398,1.0206645727157593,0.7118101716041565,0.9073272347450256,1.0207842588424683,1.0271978378295898,1.395098090171814,1.4898749589920044,1.9634017944335938,1.6207633018493652,1.5683557987213135,1.3087273836135864,1.324765920639038,1.3039227724075317,1.4423713684082031,1.3580737113952637,1.653179407119751,1.6091341972351074,1.9885649681091309,2.0322983264923096,2.292921543121338,2.5219619274139404,2.8172762393951416,2.9465444087982178,2.6385691165924072,2.421651840209961,2.0688841342926025,1.9577138423919678,1.59490168094635,1.5362401008605957,1.1382192373275757,1.186453104019165,0.895674467086792,1.1190780401229858,1.2248433828353882,1.1982450485229492,1.5692520141601562,1.6417394876480103
B7,2.1828434467315674,1.9364832639694214,1.5824503898620605,1.409501552581787,1.0601072311401367,0.9182659387588501,0.5763924717903137,0.5597167611122131,0.475406289100647,0.6910470724105835,0.9131834506988525,1.0262253284454346,1.3862272500991821,1.5277892351150513,1.9017953872680664,1.7393587827682495,1.439353585243225,1.1225639581680298,0.8839930295944214,0.5952929258346558,0.3801111876964569,0.0,0.3961603343486786,0.6491050124168396,0.9511469602584839,1.2475106716156006,1.5022773742675781,1.7978595495224,2.0049872398376465,2.263042449951172,2.5670275688171387,2.2873260974884033,2.106842279434204,1.7716244459152222,1.729439616203308,1.37111234664917,1.3954180479049683,1.0256321430206299,1.1789830923080444,0.9540441632270813,1.226912260055542,1.3665480613708496,1.404909372329712,1.7692588567733765,1.8667633533477783,2.3219032287597656,1.9655706882476807,1.8913788795471191,1.5976513624191284,1.5786465406417847,1.4881151914596558,1.5654070377349854,1.3903287649154663,1.6248054504394531,1.4931416511535645,1.8514513969421387,1.8419281244277954,2.072922468185425,2.3020997047424316,2.6059253215789795,2.7435812950134277,2.448061227798462,2.2669284343719482,1.908231496810913,1.8622164726257324,1.5116567611694336,1.5442330837249756,1.1859393119812012,1.3498800992965698,1.1296606063842773,1.4216965436935425,1.539797067642212,1.557110071182251,1.921929121017456,2.0086185932159424
B8,1.9904309511184692,1.7431365251541138,1.4000608921051025,1.1966753005981445,0.8838256001472473,0.7604987621307373,0.5672048330307007,0.5586618781089783,0.7093316912651062,0.8374884724617004,1.1594250202178955,1.2458651065826416,1.5839791297912598,1.7738492488861084,2.130540609359741,2.037905216217041,1.6990041732788086,1.4299558401107788,1.1176203489303589,0.9120667576789856,0.5903224945068359,0.3961603343486786,0.0,0.3991854786872864,0.6053584218025208,0.9450715780258179,1.2023338079452515,1.4665323495864868,1.7151391506195068,1.9488431215286255,2.2505810260772705,1.944934606552124,1.7698253393173218,1.4135715961456299,1.3726328611373901,0.9998350143432617,1.0496095418930054,0.7098961472511292,0.9444383978843689,0.8463983535766602,1.1679819822311401,1.3913145065307617,1.5020815134048462,1.8566244840621948,2.009474754333496,2.361812114715576,2.0162315368652344,1.8653504848480225,1.5811843872070312,1.4676495790481567,1.372259497642517,1.3578228950500488,1.1773004531860352,1.3468904495239258,1.212187647819519,1.5522596836090088,1.5208302736282349,1.788833737373352,1.9848512411117554,2.304199695587158,2.4214653968811035,2.103750228881836,1.9303226470947266,1.5571506023406982,1.5235111713409424,1.1581324338912964,1.226921796798706,0.8980007767677307,1.1372510194778442,1.0249085426330566,1.357532024383545,1.556675672531128,1.6382620334625244,1.9983049631118774,2.1393308639526367
B9,1.5984346866607666,1.371192216873169,1.0134562253952026,0.8604921102523804,0.5196545720100403,0.546110212802887,0.47899097204208374,0.704045832157135,0.9517524242401123,1.170236587524414,1.4900081157684326,1.6185331344604492,1.9588927030563354,2.143040418624878,2.5083112716674805,2.3811001777648926,2.061525821685791,1.7657723426818848,1.4876489639282227,1.2350245714187622,0.9521999359130859,0.6491050124168396,0.3991854786872864,0.0,0.37908586859703064,0.6011785268783569,0.8934467434883118,1.1652131080627441,1.3731471300125122,1.616694688796997,2.004328489303589,1.711567759513855,1.596042275428772,1.2437999248504639,1.3160547018051147,0.9777575731277466,1.1654651165008545,0.9322111010551453,1.2491047382354736,1.2218694686889648,1.551191806793213,1.7864255905151367,1.8997550010681152,2.2556655406951904,2.4025187492370605,2.7555007934570312,2.407792806625366,2.2439026832580566,1.9509813785552979,1.8138326406478882,1.6834913492202759,1.6112890243530273,1.3714929819107056,1.4436180591583252,1.2156565189361572,1.4912364482879639,1.3682693243026733,1.6023781299591064,1.7715309858322144,2.1086788177490234,2.22383713722229,1.9151711463928223,1.8057289123535156,1.4282963275909424,1.497785210609436,1.1696631908416748,1.355751872062683,1.117913007736206,1.4335732460021973,1.385299563407898,1.7337086200714111,1.939764142036438,2.035879373550415,2.393367052078247,2.536966562271118
B10,1.4996031522750854,1.249316930770874,0.9526863694190979,0.721987247467041,0.5458378791809082,0.5490697026252747,0.7023244500160217,0.8323097229003906,1.1665705442428589,1.318932294845581,1.6832901239395142,1.8119696378707886,2.1212544441223145,2.348839044570923,2.7013635635375977,2.633981466293335,2.294250011444092,2.024440288543701,1.70932137966156,1.4939286708831787,1.1926809549331665,0.9511469602584839,0.6053584218025208,0.37908586859703064,0.0,0.394959419965744,0.6137742400169373,0.8640261292457581,1.1259740591049194,1.35779869556427,1.6723421812057495,1.3600096702575684,1.2339203357696533,0.8691034913063049,0.9541027545928955,0.6373946666717529,0.9010741114616394,0.7916660308837891,1.1665077209472656,1.2520304918289185,1.6000841856002808,1.8585652112960815,2.0332369804382324,2.364595413208008,2.5592074394226074,2.8035995960235596,2.462646722793579,2.246858596801758,1.9578994512557983,1.761083960533142,1.607925534248352,1.455626130104065,1.2026420831680298,1.1810128688812256,0.9372156858444214,1.1665294170379639,1.019168496131897,1.287293791770935,1.4297982454299927,1.774383783340454,1.8745378255844116,1.5509639978408813,1.441001534461975,1.056581974029541,1.1496034860610962,0.8399181962013245,1.0917770862579346,0.9519011974334717,1.3237944841384888,1.3787517547607422,1.7413560152053833,1.9794046878814697,2.1337661743164062,2.4707014560699463,2.6614608764648438
B11,1.1349698305130005,0.9369328618049622,0.6446483135223389,0.5373716354370117,0.46567627787590027,0.6934331059455872,0.9202213287353516,1.1535701751708984,1.488365650177002,1.6864612102508545,2.038682460784912,2.1783461570739746,2.498506784439087,2.7120189666748047,3.0703420639038086,2.972658634185791,2.6427595615386963,2.358156204223633,2.0619897842407227,1.824075698852539,1.5313386917114258,1.2475106716156006,0.9450715780258179,0.6011785268783569,0.394959419965744,0.0,0.382341593503952,0.5787665843963623,0.7917872071266174,1.0159839391708374,1.4915385246276855,1.191992163658142,1.1758222579956055,0.8409774303436279,1.0779367685317993,0.8605579137802124,1.196198582649231,1.1621923446655273,1.536350131034851,1.6403651237487793,1.9769914150238037,2.247582197189331,2.4088079929351807,2.746971368789673,2.9287054538726807,3.1930959224700928,2.8560428619384766,2.6360089778900146,2.351417303085327,2.1445279121398926,1.9880263805389404,1.809553623199463,1.54385507106781,1.45198392868042,1.1616456508636475,1.285064697265625,1.026586651802063,1.237379789352417,1.3104897737503052,1.6743873357772827,1.7572933435440063,1.4455137252807617,1.4371607303619385,1.0735877752304077,1.2916028499603271,1.0606223344802856,1.3822439908981323,1.3124600648880005,1.6942859888076782,1.7707511186599731,2.1289024353027344,2.373948574066162,2.522662401199341,2.8630881309509277,3.0467171669006348
B12,1.0175998210906982,0.7478104829788208,0.6096981167793274,0.3886511027812958,0.6043619513511658,0.7431062459945679,1.0806964635849,1.2706165313720703,1.6485605239868164,1.8350273370742798,2.2014334201812744,2.378023624420166,2.6691579818725586,2.9164721965789795,3.2740821838378906,3.2044522762298584,2.879650831222534,2.5904672145843506,2.2949154376983643,2.048396587371826,1.7822012901306152,1.5022773742675781,1.2023338079452515,0.8934467434883118,0.6137742400169373,0.382341593503952,0.0,0.379158079624176,0.5422050952911377,0.8390917778015137,1.1329892873764038,0.8718534708023071,0.8564202785491943,0.6060593724250793,0.9151610136032104,0.8369819521903992,1.2164417505264282,1.2800657749176025,1.6737948656082153,1.8146315813064575,2.1734893321990967,2.4214603900909424,2.625206232070923,2.9433200359344482,3.1560423374176025,3.342519998550415,2.9963486194610596,2.759472131729126,2.4567806720733643,2.239784002304077,2.0343663692474365,1.8200145959854126,1.5163154602050781,1.3457447290420532,1.0117137432098389,1.035742163658142,0.7245527505874634,0.8774162530899048,0.9496445059776306,1.3052020072937012,1.4017634391784668,1.122296690940857,1.1360009908676147,0.8208889961242676,1.104608416557312,0.9847807288169861,1.35177743434906,1.380528211593628,1.781852126121521,1.904039978981018,2.2759039402008057,2.5043845176696777,2.698133945465088,3.0169808864593506,3.2326929569244385
B13,1.0035600662231445,0.851895809173584,0.8021133542060852,0.726904034614563,0.934088945388794,1.1138958930969238,1.430657982826233,1.61336088180542,1.9858691692352295,2.147494077682495,2.52124285697937,2.6666300296783447,2.959434986114502,3.204897880554199,3.552438259124756,3.4977328777313232,3.1563987731933594,2.8873684406280518,2.5714292526245117,2.353045701980591,2.055769681930542,1.7978595495224,1.4665323495864868,1.1652131080627441,0.8640261292457581,0.5787665843963623,0.379158079624176,0.0,0.37324053049087524,0.518558144569397,0.987593948841095,0.6746354103088379,0.802191436290741,0.5810862183570862,0.9611769914627075,0.9539981484413147,1.3315410614013672,1.4647026062011719,1.8379571437835693,2.0311052799224854,2.364286422729492,2.645785331726074,2.852952480316162,3.1651864051818848,3.3841657638549805,3.5465967655181885,3.22255539894104,2.957479953765869,2.6852195262908936,2.429297685623169,2.254056930541992,1.998443365097046,1.7371201515197754,1.5122511386871338,1.2239404916763306,1.162989854812622,0.8030189871788025,0.9602112770080566,0.8780155181884766,1.2515333890914917,1.2820087671279907,0.9725242257118225,1.0911576747894287,0.808544933795929,1.1605511903762817,1.0915719270706177,1.4735509157180786,1.5599733591079712,1.9525943994522095,2.1227800846099854,2.4744784832000732,2.7384560108184814,2.935528516769409,3.250640630722046,3.4739909172058105
