,A1,A2,A3,A4,A5,A6,A7,A8,A9,A10,A11,A12,A13,A14,A15,B1,B2,B3,B4,B5,B6,B7,B8,B9,B10,B11,B12,B13,B14,B15,C1,C2,C3,C4,C5,C6,C7,C8,C9,C10,C11,C12,C13,C14,C15,D1,D2,D3,D4,D5,D6,D7,D8,D9,D10,D11,D12,D13,D14,D15,E1,E2,E3,E4,E5,E6,E7,E8,E9,E10,E11,E12,E13,E14,E15
A1,0.0,0.40669915080070496,0.6314186453819275,0.8706247210502625,1.172176718711853,1.4260319471359253,1.7370505332946777,2.0047049522399902,2.3358232975006104,2.580174684524536,2.914647102355957,3.093991756439209,3.3975794315338135,3.5914106369018555,3.8929126262664795,3.493910074234009,3.145893096923828,2.8726449012756348,2.669118642807007,2.3250339031219482,2.1436541080474854,1.797434687614441,1.6355257034301758,1.306789517402649,1.1770174503326416,0.9581802487373352,0.6676920056343079,0.8422785997390747,0.6637510061264038,0.8544806838035583,3.3536200523376465,3.1219022274017334,2.7862231731414795,2.7047793865203857,2.3421475887298584,2.244431734085083,2.01387357711792,1.8651994466781616,1.7520681619644165,1.5279474258422852,1.6087443828582764,1.2858858108520508,1.3745081424713135,1.4977539777755737,1.4692387580871582,1.497532606124878,1.714975357055664,1.626929521560669,1.6111118793487549,1.8816527128219604,1.8822659254074097,2.2307119369506836,2.257643222808838,2.6253671646118164,2.7091286182403564,3.0632529258728027,3.260485887527466,3.412593364715576,3.7279224395751953,3.9485890865325928,3.8404247760772705,3.555997371673584,3.231513738632202,2.9910359382629395,2.7397913932800293,2.4532976150512695,2.247673273086548,1.895574927330017,1.7080296277999878,1.3382292985916138,1.2080130577087402,1.0817227363586426,0.7396780848503113,0.9892946481704712,0.9216547608375549
A2,0.40669915080070496,0.0,0.3765758275985718,0.5886799693107605,0.8446226119995117,1.1354180574417114,1.4067975282669067,1.7132811546325684,2.0169517993927,2.2879951000213623,2.60483717918396,2.780656099319458,3.101255416870117,3.2699947357177734,3.583040714263916,3.1376235485076904,2.785259246826172,2.5203840732574463,2.3383617401123047,1.9835847616195679,1.8419090509414673,1.4882304668426514,1.3926798105239868,1.0919700860977173,1.0568305253982544,0.9427545070648193,0.7354595065116882,1.044742465019226,0.9658252596855164,1.2115535736083984,3.063642978668213,2.864070415496826,2.5102782249450684,2.452899217605591,2.098520278930664,2.0229837894439697,1.8423289060592651,1.7132586240768433,1.6830334663391113,1.4850165843963623,1.6605114936828613,1.403928279876709,1.5430320501327515,1.727598786354065,1.7501226663589478,1.678684949874878,1.8303439617156982,1.6598806381225586,1.6178072690963745,1.8214995861053467,1.7843308448791504,2.106504201889038,2.0835812091827393,2.445535898208618,2.481358766555786,2.839224338531494,3.0088489055633545,3.1382689476013184,3.4687416553497314,3.665518045425415,3.6134297847747803,3.3439619541168213,3.0282416343688965,2.765537977218628,2.5524349212646484,2.2411410808563232,2.077172040939331,1.704607605934143,1.567948579788208,1.208304524421692,1.138425350189209,1.133253812789917,0.8542974591255188,1.1654834747314453,1.2024754285812378
A3,0.6314186453819275,0.3765758275985718,0.0,0.3941899240016937,0.5722004771232605,0.8777754306793213,1.1603915691375732,1.4405362606048584,1.761144995689392,1.999255657196045,2.3359410762786865,2.489333391189575,2.8032186031341553,2.9891538619995117,3.287609338760376,2.878645181655884,2.5274500846862793,2.261284828186035,2.0431900024414062,1.7056323289871216,1.5204319953918457,1.16847825050354,1.0373259782791138,0.7186889052391052,0.7068930268287659,0.6337307095527649,0.5494312644004822,0.9211409687995911,0.9364916682243347,1.242412805557251,2.7351572513580322,2.516897678375244,2.1704506874084473,2.0962421894073486,1.738224983215332,1.658653974533081,1.467328429222107,1.3543776273727417,1.3355342149734497,1.1781644821166992,1.3937687873840332,1.1898001432418823,1.4005452394485474,1.5955216884613037,1.6947205066680908,1.6439757347106934,1.7200828790664673,1.5250697135925293,1.4024380445480347,1.5846481323242188,1.4897133111953735,1.798673152923584,1.7480602264404297,2.102440595626831,2.1380014419555664,2.48807954788208,2.6757049560546875,2.804534673690796,3.129563093185425,3.3370890617370605,3.291956663131714,3.0337448120117188,2.705094575881958,2.463040590286255,2.248735189437866,1.955318570137024,1.816314697265625,1.451125979423523,1.3737503290176392,1.0107786655426025,1.060436487197876,1.0564264059066772,0.8861044645309448,1.2476654052734375,1.3480063676834106
A4,0.8706247210502625,0.5886799693107605,0.3941899240016937,0.0,0.37548741698265076,0.5613071322441101,0.8751922249794006,1.1431626081466675,1.4677070379257202,1.7251988649368286,2.048870086669922,2.2441344261169434,2.5481865406036377,2.7348196506500244,3.044067144393921,2.6645874977111816,2.3386595249176025,2.0373117923736572,1.8593478202819824,1.5050787925720215,1.3504382371902466,1.033979892730713,0.9094242453575134,0.7169625163078308,0.6764453053474426,0.7966634035110474,0.6901277899742126,1.0476325750350952,1.168667197227478,1.4215106964111328,2.679386615753174,2.482085704803467,2.1217379570007324,2.0093812942504883,1.6823008060455322,1.5442081689834595,1.4143694639205933,1.2310253381729126,1.2803643941879272,1.0751233100891113,1.3452080488204956,1.2072993516921997,1.3759655952453613,1.6474214792251587,1.7434518337249756,1.5411051511764526,1.567251443862915,1.306638479232788,1.2188071012496948,1.3356189727783203,1.2737501859664917,1.5692929029464722,1.53813898563385,1.9019246101379395,1.9377195835113525,2.307908773422241,2.4585275650024414,2.6129651069641113,2.935732364654541,3.140329122543335,3.040130376815796,2.76349139213562,2.456702709197998,2.1827445030212402,1.9756425619125366,1.6556743383407593,1.5041022300720215,1.127003788948059,1.0380254983901978,0.7020756006240845,0.7721958756446838,0.8917967677116394,0.8176056742668152,1.166819453239441,1.363077998161316
A5,1.172176718711853,0.8446226119995117,0.5722004771232605,0.37548741698265076,0.0,0.3767828643321991,0.5922620296478271,0.9014406800270081,1.1972254514694214,1.456252098083496,1.777243971824646,1.9376429319381714,2.260258913040161,2.4308040142059326,2.73952579498291,2.3247721195220947,1.986093521118164,1.7017902135849,1.508855938911438,1.1561321020126343,1.0107206106185913,0.676815927028656,0.6426332592964172,0.5247129797935486,0.676476001739502,0.8864827752113342,0.9331596493721008,1.2995702028274536,1.43109929561615,1.722335696220398,2.319214105606079,2.140493392944336,1.771513819694519,1.6856271028518677,1.365007996559143,1.2693556547164917,1.1921470165252686,1.0773475170135498,1.2196483612060547,1.1122125387191772,1.445963978767395,1.3855291604995728,1.612891435623169,1.8765980005264282,2.024704694747925,1.8430286645889282,1.809535026550293,1.5206499099731445,1.364281415939331,1.4072871208190918,1.2587605714797974,1.4933801889419556,1.3747397661209106,1.7098156213760376,1.6851379871368408,2.0438051223754883,2.185248374938965,2.3047966957092285,2.6408069133758545,2.827364921569824,2.810553789138794,2.565943717956543,2.2560513019561768,1.985108733177185,1.8241796493530273,1.5047105550765991,1.436603307723999,1.0693427324295044,1.1114485263824463,0.8446698188781738,1.0399731397628784,1.1933425664901733,1.1775579452514648,1.5281789302825928,1.7323970794677734
A6,1.4260319471359253,1.1354180574417114,0.8777754306793213,0.5613071322441101,0.3767828643321991,0.0,0.3646168112754822,0.5819081664085388,0.9155867099761963,1.1652334928512573,1.4898571968078613,1.6928921937942505,1.9904123544692993,2.1818273067474365,2.489849090576172,2.154055595397949,1.8554770946502686,1.527174472808838,1.3605653047561646,1.016017198562622,0.8731153011322021,0.6462259292602539,0.5719133019447327,0.6577931046485901,0.7253151535987854,1.0469416379928589,1.089370608329773,1.4098166227340698,1.6175864934921265,1.87142813205719,2.272972583770752,2.099982500076294,1.7376000881195068,1.587446689605713,1.3151689767837524,1.1339244842529297,1.1197607517242432,0.9248575568199158,1.1298776865005493,1.0012272596359253,1.3643507957458496,1.384122610092163,1.5793253183364868,1.8858752250671387,2.045361280441284,1.7716578245162964,1.6702992916107178,1.3390321731567383,1.1876007318496704,1.1431500911712646,1.0065593719482422,1.2045073509216309,1.1052354574203491,1.443880319595337,1.4351766109466553,1.8111486434936523,1.9254447221755981,2.085235595703125,2.407806396484375,2.605085611343384,2.5057382583618164,2.2399563789367676,1.9459707736968994,1.6536927223205566,1.4899206161499023,1.152969241142273,1.0805091857910156,0.7140025496482849,0.8053633570671082,0.6393482089042664,0.9128749966621399,1.1361985206604004,1.2314612865447998,1.5453234910964966,1.8117042779922485
A7,1.7370505332946777,1.4067975282669067,1.1603915691375732,0.8751922249794006,0.5922620296478271,0.3646168112754822,0.0,0.3835512399673462,0.6127941608428955,0.9132913947105408,1.2019767761230469,1.3943960666656494,1.7169687747955322,1.8724796772003174,2.1948630809783936,1.8050824403762817,1.505711555480957,1.1772443056106567,1.0480272769927979,0.6872484683990479,0.6501449942588806,0.5109325647354126,0.6423711180686951,0.8497655391693115,1.0207815170288086,1.3504393100738525,1.43475341796875,1.7626413106918335,1.9604933261871338,2.2276179790496826,2.0330047607421875,1.9113495349884033,1.5400725603103638,1.4210011959075928,1.2005925178527832,1.0642292499542236,1.162258505821228,1.040584683418274,1.3306087255477905,1.2749279737472534,1.6557978391647339,1.7175074815750122,1.9247584342956543,2.2295472621917725,2.40264892578125,2.1155917644500732,1.9887138605117798,1.6417675018310547,1.4835458993911743,1.3697010278701782,1.1980819702148438,1.3017408847808838,1.1222673654556274,1.3987598419189453,1.3005470037460327,1.6598643064498901,1.722994089126587,1.8442121744155884,2.183014392852783,2.344595432281494,2.3289787769317627,2.096013307571411,1.8250045776367188,1.5138369798660278,1.4331283569335938,1.0902130603790283,1.129106044769287,0.8231427073478699,1.0222537517547607,0.9587949514389038,1.234960913658142,1.488472819328308,1.5870544910430908,1.893631100654602,2.163280487060547
A8,2.0047049522399902,1.7132811546325684,1.4405362606048584,1.1431626081466675,0.9014406800270081,0.5819081664085388,0.3835512399673462,0.0,0.3792387545108795,0.5877798199653625,0.9152352809906006,1.1348559856414795,1.4159470796585083,1.61748468875885,1.9215704202651978,1.666405439376831,1.4247664213180542,1.0624138116836548,0.9296009540557861,0.6567885875701904,0.5772690176963806,0.6437698602676392,0.6877713203430176,1.0065189599990845,1.119907021522522,1.493707299232483,1.6057260036468506,1.8862332105636597,2.13649320602417,2.3839917182922363,1.9400712251663208,1.8088676929473877,1.4697037935256958,1.271242380142212,1.1215627193450928,0.8992722034454346,1.0670472383499146,0.9081984162330627,1.2445486783981323,1.220572590827942,1.5982199907302856,1.7413209676742554,1.9372646808624268,2.249932289123535,2.4494643211364746,2.136068105697632,1.940629005432129,1.5870457887649536,1.4041844606399536,1.2050400972366333,1.0129395723342896,1.0224268436431885,0.8281962275505066,1.0703520774841309,0.9797534346580505,1.3475781679153442,1.3943872451782227,1.563547968864441,1.8803900480270386,2.0658018589019775,1.9636592864990234,1.7170214653015137,1.4502873420715332,1.1323704719543457,1.0590239763259888,0.719283938407898,0.8243820667266846,0.6114830374717712,0.9234946370124817,0.9867250323295593,1.3151485919952393,1.5654810667037964,1.7453978061676025,2.02419114112854,2.3246684074401855
A9,2.3358232975006104,2.0169517993927,1.761144995689392,1.4677070379257202,1.1972254514694214,0.9155867099761963,0.6127941608428955,0.3792387545108795,0.0,0.37405481934547424,0.5921792387962341,0.8312197923660278,1.135002851486206,1.286368489265442,1.6135841608047485,1.3200905323028564,1.1121325492858887,0.7330047488212585,0.7120031714439392,0.5101142525672913,0.6350589990615845,0.8288071751594543,0.9917033910751343,1.3260180950164795,1.4839844703674316,1.8518660068511963,1.9724987745285034,2.2624168395996094,2.5036275386810303,2.7565977573394775,1.803040623664856,1.7447088956832886,1.4202039241790771,1.2578519582748413,1.2034951448440552,1.0435324907302856,1.3015297651290894,1.209829330444336,1.572267770767212,1.5835226774215698,1.9581083059310913,2.1171817779541016,2.311173915863037,2.625175714492798,2.82560396194458,2.491142988204956,2.2852511405944824,1.9250153303146362,1.757814884185791,1.5225237607955933,1.3365269899368286,1.2692409753799438,1.038268804550171,1.1700091361999512,0.9775457382202148,1.2904822826385498,1.2419975996017456,1.3660054206848145,1.690864086151123,1.825043797492981,1.8055379390716553,1.6016772985458374,1.389861822128296,1.0528513193130493,1.1108046770095825,0.8112272620201111,1.0276007652282715,0.916367769241333,1.2370306253433228,1.345557451248169,1.651328444480896,1.925930142402649,2.100212812423706,2.371567487716675,2.6758909225463867
A10,2.580174684524536,2.2879951000213623,1.999255657196045,1.7251988649368286,1.456252098083496,1.1652334928512573,0.9132913947105408,0.5877798199653625,0.37405481934547424,0.0,0.3842928409576416,0.579676628112793,0.8288530707359314,1.0548632144927979,1.3414710760116577,1.2256243228912354,1.087121605873108,0.7343763113021851,0.6628616452217102,0.6539952158927917,0.6887003183364868,0.9903643131256104,1.0938094854354858,1.4671140909194946,1.606092095375061,1.9825832843780518,2.1437718868255615,2.3993279933929443,2.6675374507904053,2.917088747024536,1.6464049816131592,1.5750799179077148,1.305322289466858,1.0776175260543823,1.1158661842346191,0.9233208894729614,1.2354249954223633,1.1704370975494385,1.5439226627349854,1.6139463186264038,1.9680520296096802,2.186199426651001,2.3884406089782715,2.6864001750946045,2.9179840087890625,2.607252359390259,2.35465407371521,2.0117757320404053,1.8058969974517822,1.5318831205368042,1.3117340803146362,1.1479212045669556,0.8817490339279175,0.9000601768493652,0.6648666858673096,0.9450108408927917,0.8739033937454224,1.0359773635864258,1.3412432670593262,1.5055934190750122,1.442917823791504,1.2546346187591553,1.0369908809661865,0.726841926574707,0.8519238233566284,0.6536250710487366,0.97430419921875,0.9896992444992065,1.3577600717544556,1.5107245445251465,1.8498626947402954,2.091787099838257,2.3080670833587646,2.5718183517456055,2.8836159706115723
A11,2.914647102355957,2.60483717918396,2.3359410762786865,2.048870086669922,1.777243971824646,1.4898571968078613,1.2019767761230469,0.9152352809906006,0.5921792387962341,0.3842928409576416,0.0,0.3718244731426239,0.5810173749923706,0.7348056435585022,1.052368402481079,0.974145233631134,0.9476571679115295,0.6308631896972656,0.7502785325050354,0.8446736335754395,1.0012973546981812,1.3124459981918335,1.4638108015060425,1.8320631980895996,1.9825866222381592,2.358515977859497,2.5084009170532227,2.7702245712280273,3.0357167720794678,3.2817506790161133,1.691206455230713,1.7017515897750854,1.471889853477478,1.290630578994751,1.4042574167251587,1.2627986669540405,1.5971620082855225,1.5506281852722168,1.9228394031524658,1.989640474319458,2.338081121444702,2.5601913928985596,2.7478930950164795,3.05437970161438,3.2774884700775146,2.9319515228271484,2.6737425327301025,2.3242883682250977,2.1474931240081787,1.850597620010376,1.661475658416748,1.4681912660598755,1.227113962173462,1.1737918853759766,0.9084314703941345,1.0743569135665894,0.864513635635376,0.9711570143699646,1.2474241256713867,1.3372455835342407,1.3311817646026611,1.1977417469024658,1.0902575254440308,0.7903798222541809,1.0451077222824097,0.9111133217811584,1.2441197633743286,1.3057433366775513,1.654675841331482,1.8403946161270142,2.1554057598114014,2.4232163429260254,2.6389989852905273,2.889897108078003,3.2098400592803955
A12,3.093991756439209,2.780656099319458,2.489333391189575,2.2441344261169434,1.9376429319381714,1.6928921937942505,1.3943960666656494,1.1348559856414795,0.8312197923660278,0.579676628112793,0.3718244731426239,0.0,0.3772367238998413,0.5105782747268677,0.8026666641235352,0.7329597473144531,0.7405753135681152,0.5418965816497803,0.6181083917617798,0.8726564049720764,1.0237079858779907,1.375426173210144,1.5551040172576904,1.9251978397369385,2.1161224842071533,2.4770164489746094,2.671940326690674,2.935824394226074,3.1907858848571777,3.458652973175049,1.3680871725082397,1.4185477495193481,1.2402230501174927,1.0967597961425781,1.293523907661438,1.2313811779022217,1.594832420349121,1.6335203647613525,2.009643077850342,2.1387710571289062,2.484694242477417,2.719510078430176,2.941404342651367,3.2228214740753174,3.4718899726867676,3.1820762157440186,2.919417142868042,2.582927942276001,2.3645572662353516,2.082732677459717,1.8452805280685425,1.6324222087860107,1.336822271347046,1.2115470170974731,0.8741939067840576,0.926882803440094,0.6883895993232727,0.6633358001708984,0.9689380526542664,1.0215778350830078,1.2434122562408447,1.2141282558441162,1.104030728340149,0.9158925414085388,1.2042369842529297,1.1453853845596313,1.503231167793274,1.5657161474227905,1.934536337852478,2.0872344970703125,2.4257609844207764,2.667759656906128,2.8735101222991943,3.1462788581848145,3.4525954723358154
A13,3.3975794315338135,3.101255416870117,2.8032186031341553,2.5481865406036377,2.260258913040161,1.9904123544692993,1.7169687747955322,1.4159470796585083,1.135002851486206,0.8288530707359314,0.5810173749923706,0.3772367238998413,0.0,0.36507725715637207,0.5308871865272522,0.8851344585418701,1.028407335281372,0.8996192216873169,0.9775404334068298,1.240510106086731,1.347565770149231,1.7071665525436401,1.840477466583252,2.2191028594970703,2.3766860961914062,2.7432734966278076,2.9403722286224365,3.1774580478668213,3.4542176723480225,3.706735610961914,1.5204637050628662,1.5752861499786377,1.4742400646209717,1.293129563331604,1.5420711040496826,1.448744535446167,1.8083016872406006,1.8327972888946533,2.191849946975708,2.329998254776001,2.6489861011505127,2.9178733825683594,3.123090982437134,3.400785207748413,3.6575608253479004,3.3560829162597656,3.0623486042022705,2.7386012077331543,2.5230917930603027,2.2123138904571533,1.9911953210830688,1.7245699167251587,1.464849829673767,1.2583256959915161,0.9607583284378052,0.8981610536575317,0.5513590574264526,0.5584465861320496,0.7368367314338684,0.7820673584938049,0.9154413938522339,0.952671229839325,0.942107617855072,0.8409656286239624,1.1959834098815918,1.2401413917541504,1.6084866523742676,1.7504891157150269,2.117964506149292,2.3140311241149902,2.6535630226135254,2.888160228729248,3.125671863555908,3.378737449645996,3.697143316268921
A14,3.5914106369018555,3.2699947357177734,2.9891538619995117,2.7348196506500244,2.4308040142059326,2.1818273067474365,1.8724796772003174,1.61748468875885,1.286368489265442,1.0548632144927979,0.7348056435585022,0.5105782747268677,0.36507725715637207,0.0,0.364668071269989,0.6240959167480469,0.8880901336669922,0.8646481037139893,1.0563117265701294,1.3386374711990356,1.5265930891036987,1.8750557899475098,2.0656371116638184,2.434934377670288,2.6247036457061768,2.987140655517578,3.17838191986084,3.4394338130950928,3.6987974643707275,3.962007522583008,1.5448302030563354,1.6861920356750488,1.5933208465576172,1.4943965673446655,1.7487342357635498,1.712126612663269,2.0790956020355225,2.124549388885498,2.494570016860962,2.6266582012176514,2.961510181427002,3.21091365814209,3.420600652694702,3.7055439949035645,3.953713893890381,3.63907527923584,3.3618323802948,3.0252532958984375,2.8242886066436768,2.5191304683685303,2.3037092685699463,2.05812668800354,1.789487600326538,1.6075485944747925,1.289473533630371,1.2245851755142212,0.8874365091323853,0.7683143615722656,0.9229580163955688,0.8148713111877441,1.175258755683899,1.266037106513977,1.3003792762756348,1.1857539415359497,1.541333794593811,1.5457196235656738,1.9065605401992798,2.0161728858947754,2.3753769397735596,2.5603156089782715,2.8860042095184326,3.1422178745269775,3.357196569442749,3.6170942783355713,3.9324593544006348
A15,3.8929126262664795,3.583040714263916,3.287609338760376,3.044067144393921,2.73952579498291,2.489849090576172,2.1948630809783936,1.9215704202651978,1.6135841608047485,1.3414710760116577,1.052368402481079,0.8026666641235352,0.5308871865272522,0.364668071269989,0.0,0.8581268787384033,1.160971999168396,1.195386290550232,1.3346163034439087,1.649171233177185,1.7976107597351074,2.1585185527801514,2.325812816619873,2.6982171535491943,2.8803412914276123,3.2387404441833496,3.4489941596984863,3.6925711631774902,3.9612598419189453,4.223135471343994,1.5895917415618896,1.7436527013778687,1.72969651222229,1.6258032321929932,1.9277548789978027,1.9000886678695679,2.2642481327056885,2.3305792808532715,2.6864471435546875,2.8462908267974854,3.1612792015075684,3.4349124431610107,3.647859811782837,3.9183027744293213,4.181933403015137,3.886350154876709,3.589035987854004,3.267310857772827,3.0509133338928223,2.738107681274414,2.5146572589874268,2.237460136413574,1.974717617034912,1.7345426082611084,1.433612585067749,1.2721154689788818,0.9214426279067993,0.7565416693687439,0.7609055042266846,0.5612684488296509,1.0392138957977295,1.2389613389968872,1.3335232734680176,1.3200984001159668,1.6888213157653809,1.7648693323135376,2.1314444541931152,2.2800674438476562,2.6452760696411133,2.840805768966675,3.1774837970733643,3.4168689250946045,3.6477408409118652,3.904755115509033,4.221592426300049
B1,3.493910074234009,3.1376235485076904,2.878645181655884,2.6645874977111816,2.3247721195220947,2.154055595397949,1.8050824403762817,1.666405439376831,1.3200905323028564,1.2256243228912354,0.974145233631134,0.7329597473144531,0.8851344585418701,0.6240959167480469,0.8581268787384033,0.0,0.40054768323898315,0.6282455325126648,0.8962138891220093,1.1787439584732056,1.4595459699630737,1.7589669227600098,2.0444462299346924,2.372523069381714,2.633221387863159,2.9652953147888184,3.1626839637756348,3.4678564071655273,3.6772537231445312,3.9719133377075195,1.3257540464401245,1.5621907711029053,1.4309017658233643,1.4846562147140503,1.6968353986740112,1.775517225265503,2.131617784500122,2.237386703491211,2.616551160812378,2.7543301582336426,3.119137763977051,3.3154335021972656,3.557584285736084,3.836221218109131,4.07671594619751,3.795468330383301,3.568035125732422,3.2191109657287598,3.0122339725494385,2.755537271499634,2.5147452354431152,2.3381714820861816,2.022787094116211,1.9145698547363281,1.5529488325119019,1.5425853729248047,1.2996058464050293,1.0769020318984985,1.323622703552246,1.165217399597168,1.7596731185913086,1.837760329246521,1.7927602529525757,1.6359354257583618,1.93628990650177,1.849666953086853,2.1897106170654297,2.1942555904388428,2.5427029132843018,2.65303373336792,2.966853141784668,3.230365753173828,3.3818633556365967,3.6747610569000244,3.961747169494629
B2,3.145893096923828,2.785259246826172,2.5274500846862793,2.3386595249176025,1.986093521118164,1.8554770946502686,1.505711555480957,1.4247664213180542,1.1121325492858887,1.087121605873108,0.9476571679115295,0.7405753135681152,1.028407335281372,0.8880901336669922,1.160971999168396,0.40054768323898315,0.0,0.38289910554885864,0.5996670126914978,0.8525921702384949,1.1519604921340942,1.417462706565857,1.7334520816802979,2.0368285179138184,2.322782516479492,2.636798620223999,2.838231325149536,3.1566171646118164,3.344449758529663,3.6507530212402344,1.171090841293335,1.3701748847961426,1.1652599573135376,1.2613662481307983,1.4110897779464722,1.5267550945281982,1.8615914583206177,1.9863897562026978,2.3607780933380127,2.4975481033325195,2.8711349964141846,3.0384256839752197,3.296316146850586,3.566277265548706,3.8035295009613037,3.553302764892578,3.35227370262146,3.005854606628418,2.788996934890747,2.567805290222168,2.311535358428955,2.181344985961914,1.8485352993011475,1.7980762720108032,1.436294436454773,1.4933048486709595,1.3334267139434814,1.1358318328857422,1.4529740810394287,1.3710507154464722,1.920487642288208,1.9450639486312866,1.8234920501708984,1.6366722583770752,1.8768043518066406,1.7392762899398804,2.0545971393585205,1.9981797933578491,2.337691068649292,2.399339199066162,2.712033271789551,2.963602066040039,3.0864298343658447,3.3959391117095947,3.665165424346924
B3,2.8726449012756348,2.5203840732574463,2.261284828186035,2.0373117923736572,1.7017902135849,1.527174472808838,1.1772443056106567,1.0624138116836548,0.7330047488212585,0.7343763113021851,0.6308631896972656,0.5418965816497803,0.8996192216873169,0.8646481037139893,1.195386290550232,0.6282455325126648,0.38289910554885864,0.0,0.3953765034675598,0.5686777234077454,0.885450541973114,1.1628934144973755,1.45400869846344,1.7776122093200684,2.0318028926849365,2.3671939373016357,2.546030044555664,2.8576884269714355,3.0643699169158936,3.3548507690429688,1.3423703908920288,1.4416871070861816,1.1761281490325928,1.1712783575057983,1.268476963043213,1.300369381904602,1.6335573196411133,1.6995766162872314,2.0793919563293457,2.1829237937927246,2.5592236518859863,2.728107452392578,2.9665257930755615,3.251958131790161,3.4786367416381836,3.198087692260742,2.992851734161377,2.641225576400757,2.439699411392212,2.209212303161621,1.9720847606658936,1.8502885103225708,1.538550853729248,1.5269140005111694,1.1909480094909668,1.3281410932540894,1.1819257736206055,1.09280264377594,1.4343894720077515,1.4336110353469849,1.7852087020874023,1.736833095550537,1.5906916856765747,1.3501304388046265,1.5614197254180908,1.3868101835250854,1.6889957189559937,1.6283549070358276,1.9648652076721191,2.0445518493652344,2.355219841003418,2.6163575649261475,2.75642728805542,3.0537729263305664,3.3359627723693848
B4,2.669118642807007,2.3383617401123047,2.0431900024414062,1.8593478202819824,1.508855938911438,1.3605653047561646,1.0480272769927979,0.9296009540557861,0.7120031714439392,0.6628616452217102,0.7502785325050354,0.6181083917617798,0.9775404334068298,1.0563117265701294,1.3346163034439087,0.8962138891220093,0.5996670126914978,0.3953765034675598,0.0,0.37866559624671936,0.5711017847061157,0.8861640691757202,1.1590886116027832,1.485815405845642,1.7541922330856323,2.0773160457611084,2.29610538482666,2.59578800201416,2.801917791366577,3.104353666305542,1.1126700639724731,1.1258585453033447,0.8229871392250061,0.7970626950263977,0.8740278482437134,0.9390390515327454,1.2709187269210815,1.387763500213623,1.7612203359603882,1.9078768491744995,2.2778470516204834,2.4533069133758545,2.720126152038574,2.979858875274658,3.229137420654297,3.0116496086120605,2.804448127746582,2.472527503967285,2.2264647483825684,2.0240633487701416,1.7428923845291138,1.6324734687805176,1.285625696182251,1.2815477848052979,0.9424665570259094,1.0989134311676025,1.0610984563827515,0.9844691157341003,1.3520162105560303,1.4238799810409546,1.7600692510604858,1.7000374794006348,1.479382872581482,1.2804895639419556,1.4300347566604614,1.2720221281051636,1.566638708114624,1.4879965782165527,1.8387612104415894,1.8784981966018677,2.2188494205474854,2.4367380142211914,2.577207565307617,2.8920540809631348,3.160092830657959
B5,2.3250339031219482,1.9835847616195679,1.7056323289871216,1.5050787925720215,1.1561321020126343,1.016017198562622,0.6872484683990479,0.6567885875701904,0.5101142525672913,0.6539952158927917,0.8446736335754395,0.8726564049720764,1.240510106086731,1.3386374711990356,1.649171233177185,1.1787439584732056,0.8525921702384949,0.5686777234077454,0.37866559624671936,0.0,0.37944355607032776,0.5963050127029419,0.9095784425735474,1.2136337757110596,1.483365774154663,1.8065364360809326,1.990486741065979,2.3093161582946777,2.5033462047576904,2.802204132080078,1.4149774312973022,1.3767480850219727,1.0195177793502808,0.9766041040420532,0.9024277925491333,0.9134775996208191,1.1820507049560547,1.2386754751205444,1.60275399684906,1.6929508447647095,2.076491594314575,2.2098894119262695,2.4653284549713135,2.739046096801758,2.96349835395813,2.728106737136841,2.552750587463379,2.2129340171813965,1.9922032356262207,1.8192474842071533,1.5629647970199585,1.5236499309539795,1.210272192955017,1.3165638446807861,1.0478463172912598,1.3052977323532104,1.3095099925994873,1.3111295700073242,1.6751296520233154,1.7763044834136963,1.9913080930709839,1.8637568950653076,1.6183725595474243,1.3601596355438232,1.432373285293579,1.1892808675765991,1.416248083114624,1.2576247453689575,1.573290228843689,1.5768473148345947,1.8962552547454834,2.126681089401245,2.2427659034729004,2.5601062774658203,2.823216438293457
B6,2.1436541080474854,1.8419090509414673,1.5204319953918457,1.3504382371902466,1.0107206106185913,0.8731153011322021,0.6501449942588806,0.5772690176963806,0.6350589990615845,0.6887003183364868,1.0012973546981812,1.0237079858779907,1.347565770149231,1.5265930891036987,1.7976107597351074,1.4595459699630737,1.1519604921340942,0.885450541973114,0.5711017847061157,0.37944355607032776,0.0,0.36907514929771423,0.5879949927330017,0.9254422187805176,1.1834834814071655,1.5095953941345215,1.7323399782180786,2.0261318683624268,2.236557960510254,2.537440538406372,1.4134935140609741,1.2690701484680176,0.9096097946166992,0.7763104438781738,0.607428789138794,0.5598173141479492,0.8034647107124329,0.8790756464004517,1.2399053573608398,1.3670564889907837,1.7428089380264282,1.8932242393493652,2.1699485778808594,2.4225571155548096,2.670212745666504,2.4879348278045654,2.301335096359253,1.9850072860717773,1.7197526693344116,1.57177734375,1.2751888036727905,1.2524089813232422,0.9219307899475098,1.0648528337478638,0.8525468111038208,1.1487046480178833,1.2571457624435425,1.3125498294830322,1.6615709066390991,1.830195426940918,1.9583373069763184,1.8052159547805786,1.5029656887054443,1.2854998111724854,1.2744208574295044,1.0542689561843872,1.2491763830184937,1.0829676389694214,1.4056979417800903,1.3788766860961914,1.7312294244766235,1.9106932878494263,2.0448708534240723,2.369527578353882,2.6254656314849854
B7,1.797434687614441,1.4882304668426514,1.16847825050354,1.033979892730713,0.676815927028656,0.6462259292602539,0.5109325647354126,0.6437698602676392,0.8288071751594543,0.9903643131256104,1.3124459981918335,1.375426173210144,1.7071665525436401,1.8750557899475098,2.1585185527801514,1.7589669227600098,1.417462706565857,1.1628934144973755,0.8861640691757202,0.5963050127029419,0.36907514929771423,0.0,0.38619017601013184,0.6233065128326416,0.9300313591957092,1.2230749130249023,1.4318962097167969,1.753460168838501,1.929525375366211,2.2428395748138428,1.6548457145690918,1.4884535074234009,1.1145617961883545,1.0354536771774292,0.7521436810493469,0.7287354469299316,0.8087693452835083,0.8566911816596985,1.155352234840393,1.234935998916626,1.611489176750183,1.692986249923706,1.9779950380325317,2.2230746746063232,2.450407028198242,2.297614336013794,2.162787914276123,1.8574763536453247,1.6053049564361572,1.5309727191925049,1.2559272050857544,1.3373109102249146,1.063550353050232,1.2956842184066772,1.159002423286438,1.4751588106155396,1.6136093139648438,1.677599549293518,2.0240814685821533,2.195777416229248,2.302929401397705,2.1234681606292725,1.8082002401351929,1.578104853630066,1.503420352935791,1.2414038181304932,1.3412014245986938,1.0817203521728516,1.3284666538238525,1.2076022624969482,1.5300641059875488,1.6899139881134033,1.7707332372665405,2.1138553619384766,2.3431904315948486
B8,1.6355257034301758,1.3926798105239868,1.0373259782791138,0.9094242453575134,0.6426332592964172,0.5719133019447327,0.6423711180686951,0.6877713203430176,0.9917033910751343,1.0938094854354858,1.4638108015060425,1.5551040172576904,1.840477466583252,2.0656371116638184,2.325812816619873,2.0444462299346924,1.7334520816802979,1.45400869846344,1.1590886116027832,0.9095784425735474,0.5879949927330017,0.38619017601013184,0.0,0.3816875219345093,0.5970911383628845,0.9287750720977783,1.1599658727645874,1.4412858486175537,1.6585698127746582,1.95671808719635,1.8582358360290527,1.6236138343811035,1.2870736122131348,1.1161487102508545,0.799494743347168,0.638572096824646,0.570786714553833,0.5169672966003418,0.7794532179832458,0.8537805676460266,1.2272156476974487,1.3271219730377197,1.6200865507125854,1.8582059144973755,2.1026408672332764,1.97872793674469,1.8281960487365723,1.5472198724746704,1.2596691846847534,1.2186790704727173,0.9268741607666016,1.0611857175827026,0.8412112593650818,1.1375510692596436,1.1150586605072021,1.454642415046692,1.6527302265167236,1.783178687095642,2.0981698036193848,2.32201886177063,2.2979860305786133,2.080085515975952,1.7371528148651123,1.534191370010376,1.3707027435302734,1.13069486618042,1.153239130973816,0.8885788917541504,1.104515552520752,0.9561235904693604,1.305572271347046,1.408962607383728,1.5284950733184814,1.863991379737854,2.0970993041992188
B9,1.306789517402649,1.0919700860977173,0.7186889052391052,0.7169625163078308,0.5247129797935486,0.6577931046485901,0.8497655391693115,1.0065189599990845,1.3260180950164795,1.4671140909194946,1.8320631980895996,1.9251978397369385,2.2191028594970703,2.434934377670288,2.6982171535491943,2.372523069381714,2.0368285179138184,1.7776122093200684,1.485815405845642,1.2136337757110596,0.9254422187805176,0.6233065128326416,0.3816875219345093,0.0,0.3774428367614746,0.6023144125938416,0.8544247150421143,1.1599820852279663,1.3267815113067627,1.648966908454895,2.1014745235443115,1.8505052328109741,1.520630955696106,1.4005794525146484,1.0427122116088867,0.9508883953094482,0.7584324479103088,0.7193810343742371,0.8068274259567261,0.82826828956604,1.1516698598861694,1.147514820098877,1.4613137245178223,1.664048194885254,1.8914445638656616,1.8473386764526367,1.7654774188995361,1.5273091793060303,1.2539159059524536,1.3240431547164917,1.0772608518600464,1.3001805543899536,1.1484971046447754,1.4639554023742676,1.4773197174072266,1.804116129875183,2.023658514022827,2.144117593765259,2.4575984477996826,2.6817712783813477,2.6667633056640625,2.44278621673584,2.0931804180145264,1.8991972208023071,1.7048507928848267,1.463578701019287,1.4186525344848633,1.112762451171875,1.2188044786453247,0.9580498337745667,1.2400211095809937,1.2738896608352661,1.3151578903198242,1.6718671321868896,1.8550338745117188
B10,1.1770174503326416,1.0568305253982544,0.7068930268287659,0.6764453053474426,0.676476001739502,0.7253151535987854,1.0207815170288086,1.119907021522522,1.4839844703674316,1.606092095375061,1.9825866222381592,2.1161224842071533,2.3766860961914062,2.6247036457061768,2.8803412914276123,2.633221387863159,2.322782516479492,2.0318028926849365,1.7541922330856323,1.483365774154663,1.1834834814071655,0.9300313591957092,0.5970911383628845,0.3774428367614746,0.0,0.3863416314125061,0.5935133695602417,0.8446204662322998,1.0822781324386597,1.3660929203033447,2.3997435569763184,2.1250381469726562,1.8166753053665161,1.637636423110962,1.3001861572265625,1.1180899143218994,0.8734772801399231,0.6898563504219055,0.6326982975006104,0.5189874172210693,0.8118313550949097,0.7822591662406921,1.0853991508483887,1.3043986558914185,1.5305655002593994,1.4848737716674805,1.4019826650619507,1.1926567554473877,0.9154477119445801,1.0553994178771973,0.8640181422233582,1.1606500148773193,1.1209430694580078,1.4718986749649048,1.5753720998764038,1.9144505262374878,2.1474289894104004,2.3223519325256348,2.610201597213745,2.8645923137664795,2.725926637649536,2.4632742404937744,2.1137874126434326,1.9269754886627197,1.6698232889175415,1.4423209428787231,1.3081260919570923,1.009518027305603,1.0230741500854492,0.7273318767547607,0.9888364672660828,0.9513150453567505,1.0375444889068604,1.3733854293823242,1.568488597869873
B11,0.9581802487373352,0.9427545070648193,0.6337307095527649,0.7966634035110474,0.8864827752113342,1.0469416379928589,1.3504393100738525,1.493707299232483,1.8518660068511963,1.9825832843780518,2.358515977859497,2.4770164489746094,2.7432734966278076,2.987140655517578,3.2387404441833496,2.9652953147888184,2.636798620223999,2.3671939373016357,2.0773160457611084,1.8065364360809326,1.5095953941345215,1.2230749130249023,0.9287750720977783,0.6023144125938416,0.3863416314125061,0.0,0.3783787786960602,0.5969451069831848,0.755520224571228,1.0767346620559692,2.631627082824707,2.3406291007995605,2.0481812953948975,1.9048528671264648,1.547680139541626,1.420437216758728,1.124812364578247,1.0091896057128906,0.8411272168159485,0.7389116883277893,0.875008225440979,0.699553370475769,1.019538402557373,1.149480938911438,1.3602185249328613,1.4641419649124146,1.464058518409729,1.3382031917572021,1.092609167098999,1.3251734972000122,1.1760833263397217,1.4896754026412964,1.4716777801513672,1.808104157447815,1.9214681386947632,2.2408013343811035,2.4961018562316895,2.6562533378601074,2.9412505626678467,3.197544813156128,3.0804834365844727,2.823763370513916,2.4671270847320557,2.3004140853881836,2.032937526702881,1.8215993642807007,1.6696113348007202,1.3756455183029175,1.3309893608093262,0.994380533695221,1.148264765739441,1.0045803785324097,0.9835221171379089,1.3152981996536255,1.424707293510437
B12,0.6676920056343079,0.7354595065116882,0.5494312644004822,0.6901277899742126,0.9331596493721008,1.089370608329773,1.43475341796875,1.6057260036468506,1.9724987745285034,2.1437718868255615,2.5084009170532227,2.671940326690674,2.9403722286224365,3.17838191986084,3.4489941596984863,3.1626839637756348,2.838231325149536,2.546030044555664,2.29610538482666,1.990486741065979,1.7323399782180786,1.4318962097167969,1.1599658727645874,0.8544247150421143,0.5935133695602417,0.3783787786960602,0.0,0.38051503896713257,0.531630277633667,0.812747597694397,2.9475090503692627,2.6746931076049805,2.363874912261963,2.2158915996551514,1.86459481716156,1.7094497680664062,1.4445111751556396,1.2615821361541748,1.0995370149612427,0.8753917813301086,0.9593141674995422,0.6774565577507019,0.8783401250839233,1.046583890914917,1.1631357669830322,1.2062406539916992,1.2888073921203613,1.1814799308776855,1.0432294607162476,1.3227015733718872,1.276102066040039,1.6256639957427979,1.6688894033432007,2.030139207839966,2.159311532974243,2.5020272731781006,2.730943202972412,2.9124186038970947,3.2010915279388428,3.4543888568878174,3.284651756286621,2.9994685649871826,2.660276174545288,2.460479259490967,2.1793928146362305,1.9380788803100586,1.7306615114212036,1.4151504039764404,1.270934820175171,0.9032077789306641,0.9258812665939331,0.7384276390075684,0.6275635361671448,0.9594919681549072,1.0550174713134766
B13,0.8422785997390747,1.044742465019226,0.9211409687995911,1.0476325750350952,1.2995702028274536,1.4098166227340698,1.7626413106918335,1.8862332105636597,2.2624168395996094,2.3993279933929443,2.7702245712280273,2.935824394226074,3.1774580478668213,3.4394338130950928,3.6925711631774902,3.4678564071655273,3.1566171646118164,2.8576884269714355,2.59578800201416,2.3093161582946777,2.0261318683624268,1.753460168838501,1.4412858486175537,1.1599820852279663,0.8446204662322998,0.5969451069831848,0.38051503896713257,0.0,0.3702462911605835,0.54021155834198,3.2060294151306152,2.906599760055542,2.6218810081481934,2.4449198246002197,2.1042866706848145,1.9230968952178955,1.6258107423782349,1.4236875772476196,1.1728156805038452,0.9327232241630554,0.8543421030044556,0.4841664433479309,0.6144846677780151,0.6969249844551086,0.8047638535499573,1.0028088092803955,1.122412085533142,1.1294775009155273,1.0117839574813843,1.3554242849349976,1.3575714826583862,1.71220862865448,1.8163338899612427,2.165178060531616,2.3465576171875,2.674292802810669,2.924816608428955,3.1309986114501953,3.3951449394226074,3.6713898181915283,3.4335196018218994,3.136183977127075,2.7965497970581055,2.627908706665039,2.3128559589385986,2.1117467880249023,1.8685826063156128,1.6007550954818726,1.4176093339920044,1.0876896381378174,1.0631250143051147,0.7570236325263977,0.6842964887619019,0.900669276714325,0.9400219321250916
