,A1,A2,A3,A4,A5,A6,A7,A8,A9,A10,A11,A12,A13,A14,A15,B1,B2,B3,B4,B5,B6,B7,B8,B9,B10,B11,B12,B13,B14,B15,C1,C2,C3,C4,C5,C6,C7,C8,C9,C10,C11,C12,C13,C14,C15,D1,D2,D3,D4,D5,D6,D7,D8,D9,D10,D11,D12,D13,D14,D15,E1,E2,E3,E4,E5,E6,E7,E8,E9,E10,E11,E12,E13,E14,E15
A1,0.0,0.38583889603614807,0.5998112559318542,0.8337582945823669,1.093295693397522,1.3671023845672607,1.418516755104065,1.785340666770935,2.0144970417022705,2.2322139739990234,2.536190986633301,2.6535513401031494,2.99493408203125,3.1852452754974365,3.440347194671631,2.716703176498413,2.491692304611206,2.215440511703491,1.8991999626159668,1.8386999368667603,1.5638095140457153,1.3526300191879272,1.0985519886016846,0.8748601078987122,1.0286800861358643,0.902584433555603,1.2625465393066406,1.3900717496871948,1.460647463798523,1.8176541328430176,2.8558804988861084,2.685497760772705,2.428598642349243,2.1194450855255127,2.181107759475708,1.9406483173370361,1.629020094871521,1.513023018836975,1.1969819068908691,1.3837294578552246,1.1559770107269287,1.3680683374404907,1.5691567659378052,1.4906355142593384,1.8526250123977661,0.7514230608940125,0.6269305944442749,0.9389783143997192,0.9281066656112671,1.2106177806854248,1.3129068613052368,1.291987419128418,1.5546308755874634,1.7471529245376587,1.8604257106781006,2.1821846961975098,2.2266435623168945,2.5413899421691895,2.7785403728485107,2.981203079223633,2.794965982437134,2.6417500972747803,2.4252586364746094,2.1033074855804443,2.197094678878784,2.0256028175354004,1.6653785705566406,1.6323052644729614,1.2972989082336426,1.4491894245147705,1.26619291305542,1.2974835634231567,1.5917909145355225,1.464328646659851,1.7736166715621948
A2,0.38583889603614807,0.0,0.38618531823158264,0.5896955728530884,0.7831477522850037,1.0511928796768188,1.1677924394607544,1.5158424377441406,1.7909984588623047,1.9927709102630615,2.3239541053771973,2.466055154800415,2.786862850189209,3.0073444843292236,3.263767957687378,2.510329008102417,2.316148042678833,2.005990505218506,1.7228193283081055,1.6647199392318726,1.4532654285430908,1.2486578226089478,1.0999095439910889,0.9430353045463562,1.2098246812820435,1.1572685241699219,1.5118194818496704,1.7002170085906982,1.7683968544006348,2.134704351425171,2.773348331451416,2.5671474933624268,2.346281051635742,2.0073907375335693,2.074185848236084,1.7943466901779175,1.4646499156951904,1.2875372171401978,0.9286782741546631,1.0466125011444092,0.7841028571128845,0.9830794930458069,1.190703272819519,1.1376063823699951,1.5036762952804565,0.7952440977096558,0.7912759780883789,1.0112199783325195,0.9536633491516113,1.310430884361267,1.3991122245788574,1.2874236106872559,1.5674642324447632,1.6950085163116455,1.8434444665908813,2.1205055713653564,2.1547563076019287,2.4980578422546387,2.6922757625579834,2.906741142272949,2.6938610076904297,2.515669107437134,2.3460304737091064,2.0019471645355225,2.121520519256592,1.9178266525268555,1.5470911264419556,1.4933429956436157,1.157941460609436,1.2448420524597168,1.099820613861084,1.051649808883667,1.377125859260559,1.2866830825805664,1.5712571144104004
A3,0.5998112559318542,0.38618531823158264,0.0,0.3689311742782593,0.5169720649719238,0.8369395732879639,0.9600347280502319,1.335105538368225,1.6095423698425293,1.8664429187774658,2.1749987602233887,2.364154100418091,2.6875503063201904,2.8902063369750977,3.1768593788146973,2.2241556644439697,2.0013465881347656,1.6894899606704712,1.4132542610168457,1.308832049369812,1.096595287322998,0.948543131351471,0.8258946537971497,0.8000496625900269,1.1063892841339111,1.1797009706497192,1.5491420030593872,1.7554093599319458,1.8957699537277222,2.2483198642730713,2.5446951389312744,2.36214017868042,2.1741561889648438,1.8358829021453857,1.9719144105911255,1.726057767868042,1.3583719730377197,1.250205159187317,0.8964813947677612,1.0356494188308716,0.8423798680305481,0.9494991302490234,1.2450097799301147,1.2018232345581055,1.5405160188674927,1.1291698217391968,1.0382119417190552,1.1922683715820312,1.0106394290924072,1.3555583953857422,1.337934970855713,1.1459885835647583,1.3549615144729614,1.421543836593628,1.5323569774627686,1.7883362770080566,1.791127324104309,2.1358914375305176,2.3225865364074707,2.5278122425079346,2.40483021736145,2.2595865726470947,2.1126251220703125,1.7848061323165894,1.9653756618499756,1.8117082118988037,1.435192584991455,1.4755040407180786,1.207456350326538,1.349155306816101,1.310142159461975,1.2861238718032837,1.6437596082687378,1.6100833415985107,1.8857192993164062
A4,0.8337582945823669,0.5896955728530884,0.3689311742782593,0.0,0.39081183075904846,0.5621548891067505,0.6056169867515564,0.982524573802948,1.2472740411758423,1.4993230104446411,1.8080381155014038,1.9966543912887573,2.318810224533081,2.5232534408569336,2.810070753097534,1.9216338396072388,1.729945421218872,1.4236863851547241,1.137823462486267,1.1166462898254395,0.9413355588912964,0.7172495126724243,0.7206808924674988,0.7095416784286499,1.0782426595687866,1.1948301792144775,1.5203545093536377,1.789991021156311,1.9264699220657349,2.277712821960449,2.237072229385376,2.028452157974243,1.8486732244491577,1.4985098838806152,1.6287444829940796,1.3741819858551025,1.0013350248336792,0.9010725617408752,0.5691546201705933,0.7657249569892883,0.707053542137146,0.868857741355896,1.2041000127792358,1.269285798072815,1.5981389284133911,1.1572868824005127,1.0636534690856934,1.0936797857284546,0.8462085723876953,1.2006505727767944,1.1614563465118408,0.908629298210144,1.1437880992889404,1.1845004558563232,1.3677685260772705,1.5989793539047241,1.6566358804702759,2.017507791519165,2.180957794189453,2.4280221462249756,2.129009962081909,1.948327898979187,1.8128042221069336,1.4681241512298584,1.6425167322158813,1.4701814651489258,1.0955625772476196,1.1438301801681519,0.9188700914382935,1.074841856956482,1.1279873847961426,1.1484218835830688,1.5224934816360474,1.572228193283081,1.859344720840454
A5,1.093295693397522,0.7831477522850037,0.5169720649719238,0.39081183075904846,0.0,0.3723999261856079,0.639472246170044,0.9547812342643738,1.2849605083465576,1.5377925634384155,1.8572818040847778,2.098569393157959,2.3857712745666504,2.612398624420166,2.9091060161590576,1.8500124216079712,1.6722440719604492,1.3175671100616455,1.1158905029296875,1.0164834260940552,0.9535377025604248,0.8626864552497864,0.9629607796669006,1.0599076747894287,1.4221875667572021,1.5666770935058594,1.901814341545105,2.1604862213134766,2.306488275527954,2.657562255859375,2.3583414554595947,2.1414875984191895,2.0261266231536865,1.6680245399475098,1.8346960544586182,1.5735599994659424,1.1989442110061646,1.0664788484573364,0.7355798482894897,0.7532624006271362,0.6616305708885193,0.6335428357124329,0.9988879561424255,1.050463080406189,1.3318582773208618,1.4511274099349976,1.4145954847335815,1.4632681608200073,1.2292873859405518,1.584072232246399,1.5229299068450928,1.2285977602005005,1.4023287296295166,1.3454110622406006,1.4919452667236328,1.649823546409607,1.6389305591583252,2.0091607570648193,2.120467185974121,2.343820333480835,2.1793265342712402,2.012826919555664,1.949082612991333,1.6163979768753052,1.8462637662887573,1.6835018396377563,1.3285211324691772,1.3896125555038452,1.2052299976348877,1.2822946310043335,1.3643959760665894,1.2892316579818726,1.6527256965637207,1.7053264379501343,1.9349186420440674
A6,1.3671023845672607,1.0511928796768188,0.8369395732879639,0.5621548891067505,0.3723999261856079,0.0,0.37791720032691956,0.602703332901001,0.9588325023651123,1.1897521018981934,1.5165820121765137,1.771151065826416,2.0391995906829834,2.2784526348114014,2.573042631149292,1.5724505186080933,1.4530858993530273,1.0963674783706665,0.9311217665672302,0.9358803033828735,0.9684839248657227,0.8460058569908142,1.072455644607544,1.1768983602523804,1.5522691011428833,1.7155869007110596,2.0066888332366943,2.306323289871216,2.442214250564575,2.7881577014923096,2.1307406425476074,1.8788142204284668,1.7966433763504028,1.4323891401290894,1.5904431343078613,1.3206813335418701,0.96845543384552,0.8289490938186646,0.5875812768936157,0.5594508051872253,0.6687187552452087,0.6593388915061951,1.0183764696121216,1.1854567527770996,1.4280380010604858,1.582735300064087,1.5593149662017822,1.5180845260620117,1.2623975276947021,1.5976403951644897,1.5258762836456299,1.1966462135314941,1.3687543869018555,1.2644931077957153,1.473565936088562,1.5770574808120728,1.6139562129974365,1.9896703958511353,2.0594029426574707,2.3196043968200684,1.978715419769287,1.7708555459976196,1.7471128702163696,1.4079264402389526,1.63396155834198,1.451188564300537,1.1304560899734497,1.1894512176513672,1.0853772163391113,1.1293305158615112,1.3094884157180786,1.254318118095398,1.6055631637573242,1.7368531227111816,1.9564592838287354
A7,1.418516755104065,1.1677924394607544,0.9600347280502319,0.6056169867515564,0.639472246170044,0.37791720032691956,0.0,0.39049071073532104,0.6598039269447327,0.9355271458625793,1.2341476678848267,1.4710043668746948,1.7722053527832031,1.980517864227295,2.2838551998138428,1.376511573791504,1.2564136981964111,0.9575299620628357,0.7160287499427795,0.858278214931488,0.8508864641189575,0.6289035081863403,0.9125024676322937,1.0061485767364502,1.36605966091156,1.5564382076263428,1.7978081703186035,2.1250524520874023,2.2691171169281006,2.597449541091919,1.7887808084487915,1.5342909097671509,1.4259440898895264,1.0600528717041016,1.224859356880188,0.9819884896278381,0.6167870759963989,0.5948073267936707,0.49632999300956726,0.6573490500450134,0.8836933374404907,0.9919962882995605,1.3330401182174683,1.524466872215271,1.7849606275558472,1.5728065967559814,1.49147629737854,1.3716325759887695,1.0691841840744019,1.351324200630188,1.2427911758422852,0.895491898059845,1.063194751739502,0.9673330783843994,1.2387522459030151,1.3548003435134888,1.4738554954528809,1.8408982753753662,1.9306442737579346,2.22922420501709,1.6924690008163452,1.4594587087631226,1.4001134634017944,1.0479429960250854,1.2572015523910522,1.082820177078247,0.7649276256561279,0.8864426612854004,0.8664970993995667,0.9966821670532227,1.2436832189559937,1.2989603281021118,1.6482822895050049,1.8200397491455078,2.08024525642395
A8,1.785340666770935,1.5158424377441406,1.335105538368225,0.982524573802948,0.9547812342643738,0.602703332901001,0.39049071073532104,0.0,0.38003772497177124,0.6009500026702881,0.9148148894309998,1.186940312385559,1.446828007698059,1.6800748109817505,1.981033444404602,1.1575281620025635,1.144957184791565,0.8735331296920776,0.7520892024040222,0.987604558467865,1.0965625047683716,0.9235289692878723,1.2575287818908691,1.3551106452941895,1.6968268156051636,1.8872137069702148,2.0882420539855957,2.434044122695923,2.5630455017089844,2.8813841342926025,1.667630672454834,1.3650248050689697,1.327959656715393,0.976517915725708,1.1190268993377686,0.8811085820198059,0.6251685619354248,0.6086399555206299,0.6989749073982239,0.7418030500411987,1.070300579071045,1.143367886543274,1.4374006986618042,1.6917825937271118,1.9021600484848022,1.8470261096954346,1.7984989881515503,1.6265627145767212,1.3441457748413086,1.5878814458847046,1.4832967519760132,1.1433449983596802,1.2779146432876587,1.1266590356826782,1.4236198663711548,1.4537123441696167,1.5986727476119995,1.9492771625518799,1.9778603315353394,2.296715259552002,1.6010961532592773,1.3187942504882812,1.339777946472168,1.0098295211791992,1.2027186155319214,1.010848045349121,0.8030480742454529,0.9007361531257629,1.0021610260009766,1.053175926208496,1.377049207687378,1.4238836765289307,1.7296459674835205,1.9617890119552612,2.1882266998291016
A9,2.0144970417022705,1.7909984588623047,1.6095423698425293,1.2472740411758423,1.2849605083465576,0.9588325023651123,0.6598039269447327,0.38003772497177124,0.0,0.3769975006580353,0.5828834772109985,0.8691359162330627,1.1526905298233032,1.3412646055221558,1.66230309009552,0.9617852568626404,0.9983289241790771,0.8517216444015503,0.7393958568572998,1.0819133520126343,1.1872632503509521,1.0030831098556519,1.3501780033111572,1.4473334550857544,1.7405272722244263,1.9520974159240723,2.0921080112457275,2.4508934020996094,2.5869266986846924,2.876339912414551,1.3218793869018555,0.997859537601471,0.9839219450950623,0.6602417230606079,0.8198074102401733,0.6781328916549683,0.5500749945640564,0.7195043563842773,0.9473513960838318,1.0636094808578491,1.4105567932128906,1.5180206298828125,1.8052752017974854,2.066256284713745,2.279738426208496,2.0381126403808594,1.9503097534179688,1.7210134267807007,1.4234644174575806,1.5829731225967407,1.4402719736099243,1.119557499885559,1.1957398653030396,1.0291848182678223,1.3559857606887817,1.3498812913894653,1.5672779083251953,1.8819748163223267,1.9036356210708618,2.250966787338257,1.328457236289978,1.0026912689208984,1.0324314832687378,0.729111909866333,0.8933591842651367,0.7418133020401001,0.6647248268127441,0.8408740758895874,1.0757489204406738,1.1780765056610107,1.5387177467346191,1.6591944694519043,1.9418747425079346,2.2012808322906494,2.44452166557312
A10,2.2322139739990234,1.9927709102630615,1.8664429187774658,1.4993230104446411,1.5377925634384155,1.1897521018981934,0.9355271458625793,0.6009500026702881,0.3769975006580353,0.0,0.38674017786979675,0.6109063029289246,0.849601149559021,1.1064075231552124,1.3872809410095215,1.1467758417129517,1.2820522785186768,1.1687086820602417,1.109750509262085,1.4461549520492554,1.5607922077178955,1.357090711593628,1.6811624765396118,1.7252205610275269,2.014148235321045,2.1811885833740234,2.2919960021972656,2.660203218460083,2.754920244216919,3.0417439937591553,1.4515600204467773,1.081589937210083,1.0865784883499146,0.8230894207954407,0.8225038647651672,0.6492971181869507,0.7025169134140015,0.7720195055007935,1.0801838636398315,1.1336724758148193,1.515791416168213,1.6424479484558105,1.8727593421936035,2.176395893096924,2.369460105895996,2.1386771202087402,2.097402572631836,1.8333388566970825,1.5888150930404663,1.7335262298583984,1.6504733562469482,1.37834894657135,1.4991661310195923,1.373896598815918,1.7139606475830078,1.7018333673477173,1.9310792684555054,2.2334015369415283,2.234386444091797,2.5853335857391357,1.5552449226379395,1.1913583278656006,1.245090126991272,0.9817556738853455,1.0223017930984497,0.7969353795051575,0.8293280005455017,0.8621141910552979,1.1383191347122192,1.1472834348678589,1.5340181589126587,1.650619626045227,1.875657320022583,2.1786067485809326,2.393193244934082
A11,2.536190986633301,2.3239541053771973,2.1749987602233887,1.8080381155014038,1.8572818040847778,1.5165820121765137,1.2341476678848267,0.9148148894309998,0.5828834772109985,0.38674017786979675,0.0,0.38242307305336,0.5938275456428528,0.7730500102043152,1.09761643409729,1.0175306797027588,1.2164736986160278,1.2224928140640259,1.2098512649536133,1.577999472618103,1.7093467712402344,1.536135196685791,1.8690223693847656,1.937243938446045,2.185303211212158,2.379422903060913,2.4476418495178223,2.8155198097229004,2.9256398677825928,3.1826465129852295,1.1828011274337769,0.8046224117279053,0.9035578966140747,0.7634038925170898,0.773518979549408,0.7832884192466736,0.9345899820327759,1.1075409650802612,1.4300578832626343,1.5147323608398438,1.8930641412734985,2.0123798847198486,2.251838207244873,2.5510754585266113,2.7378218173980713,2.454533100128174,2.3797383308410645,2.0920281410217285,1.8333287239074707,1.913836121559143,1.7888797521591187,1.5356491804122925,1.5816038846969604,1.429059624671936,1.7519092559814453,1.68555748462677,1.9485993385314941,2.2042739391326904,2.1806247234344482,2.5420515537261963,1.3535195589065552,0.9746246337890625,1.0819698572158813,0.9240740537643433,0.9264273643493652,0.8131194114685059,0.986403226852417,1.0904844999313354,1.4239684343338013,1.4755233526229858,1.8629136085510254,2.0135183334350586,2.2274527549743652,2.537128448486328,2.7577731609344482
A12,2.6535513401031494,2.466055154800415,2.364154100418091,1.9966543912887573,2.098569393157959,1.771151065826416,1.4710043668746948,1.186940312385559,0.8691359162330627,0.6109063029289246,0.38242307305336,0.0,0.3761138916015625,0.5485944747924805,0.8153793215751648,1.3675997257232666,1.555777668952942,1.5815391540527344,1.52375066280365,1.9013437032699585,1.9848251342773438,1.7629542350769043,2.0532443523406982,2.0604288578033447,2.2765302658081055,2.4284698963165283,2.4451451301574707,2.8141701221466064,2.8877880573272705,3.124868631362915,1.2682920694351196,0.8974702954292297,0.9168969392776489,0.85807204246521,0.6898035407066345,0.7465633153915405,1.0352957248687744,1.1983615159988403,1.566186547279358,1.6744765043258667,2.0545551776885986,2.2256112098693848,2.440769672393799,2.751671075820923,2.9543213844299316,2.475144147872925,2.4077532291412354,2.081632137298584,1.8676142692565918,1.894837737083435,1.8142520189285278,1.6300513744354248,1.7101030349731445,1.6294591426849365,1.9717397689819336,1.9448567628860474,2.241745710372925,2.4851536750793457,2.4878718852996826,2.8555209636688232,1.572709083557129,1.189376711845398,1.2211730480194092,1.087945580482483,0.9420958161354065,0.7864550352096558,1.0536171197891235,1.0744513273239136,1.4380441904067993,1.4747459888458252,1.8523483276367188,2.0462124347686768,2.214542865753174,2.5414674282073975,2.7649543285369873
A13,2.99493408203125,2.786862850189209,2.6875503063201904,2.318810224533081,2.3857712745666504,2.0391995906829834,1.7722053527832031,1.446828007698059,1.1526905298233032,0.849601149559021,0.5938275456428528,0.3761138916015625,0.0,0.3669176995754242,0.5572550892829895,1.4947632551193237,1.7509088516235352,1.797169804573059,1.8021326065063477,2.1713473796844482,2.2962076663970947,2.1005964279174805,2.408376693725586,2.4271810054779053,2.650874376296997,2.8012750148773193,2.816716194152832,3.185551643371582,3.2500689029693604,3.483607530593872,1.467407464981079,1.1200876235961914,1.22291100025177,1.209714412689209,1.0573850870132446,1.1093324422836304,1.3889164924621582,1.506951093673706,1.8686829805374146,1.924157738685608,2.311060667037964,2.454904317855835,2.640288829803467,2.9694995880126953,3.139331340789795,2.793877363204956,2.7518117427825928,2.425682544708252,2.226783275604248,2.260881185531616,2.189788818359375,2.0029616355895996,2.0740420818328857,1.9681276082992554,2.2963554859161377,2.2298214435577393,2.5124359130859375,2.741276502609253,2.703892946243286,3.0660057067871094,1.769112467765808,1.4012467861175537,1.5027415752410889,1.4171477556228638,1.2886525392532349,1.16152024269104,1.4240561723709106,1.4200921058654785,1.7694296836853027,1.7554973363876343,2.132297992706299,2.295762538909912,2.4301419258117676,2.7748212814331055,2.9643585681915283
A14,3.1852452754974365,3.0073444843292236,2.8902063369750977,2.5232534408569336,2.612398624420166,2.2784526348114014,1.980517864227295,1.6800748109817505,1.3412646055221558,1.1064075231552124,0.7730500102043152,0.5485944747924805,0.3669176995754242,0.0,0.3703245222568512,1.5328336954116821,1.784279227256775,1.9037760496139526,1.9082343578338623,2.2877371311187744,2.400268316268921,2.2173843383789062,2.5153896808624268,2.545119285583496,2.7294082641601562,2.8974697589874268,2.876669406890869,3.2373549938201904,3.3163795471191406,3.5195837020874023,1.2882418632507324,0.9974408149719238,1.1358891725540161,1.2341710329055786,1.0965702533721924,1.26198410987854,1.559719443321228,1.7464789152145386,2.1117846965789795,2.2103381156921387,2.593657970428467,2.745030164718628,2.9543497562408447,3.2719454765319824,3.454620838165283,3.0066730976104736,2.927328586578369,2.5890674591064453,2.3764283657073975,2.358980894088745,2.2549288272857666,2.0921099185943604,2.110856533050537,2.004929304122925,2.311086893081665,2.2247889041900635,2.5313467979431152,2.7182066440582275,2.680811882019043,3.0437166690826416,1.6619877815246582,1.3224763870239258,1.4209750890731812,1.4237622022628784,1.2598724365234375,1.2293308973312378,1.5480015277862549,1.599995493888855,1.972325086593628,2.0111570358276367,2.382734775543213,2.5807137489318848,2.7259764671325684,3.0630950927734375,3.273442506790161
A15,3.440347194671631,3.263767957687378,3.1768593788146973,2.810070753097534,2.9091060161590576,2.573042631149292,2.2838551998138428,1.981033444404602,1.66230309009552,1.3872809410095215,1.09761643409729,0.8153793215751648,0.5572550892829895,0.3703245222568512,0.0,1.8920180797576904,2.152956485748291,2.2645630836486816,2.2651867866516113,2.645024299621582,2.75016713142395,2.5489137172698975,2.8328535556793213,2.832362174987793,3.0087618827819824,3.1468076705932617,3.1025500297546387,3.460191488265991,3.5088064670562744,3.700148582458496,1.6098450422286987,1.3438177108764648,1.4472858905792236,1.5569578409194946,1.3589619398117065,1.5043139457702637,1.835512399673462,1.985927939414978,2.3622021675109863,2.4457523822784424,2.8288912773132324,2.9954280853271484,3.1759743690490723,3.506732225418091,3.6833698749542236,3.1953063011169434,3.137890338897705,2.7853102684020996,2.6096975803375244,2.5759329795837402,2.508997917175293,2.3790276050567627,2.4238288402557373,2.3463125228881836,2.66056227684021,2.5875606536865234,2.8989949226379395,3.083946943283081,3.0477793216705322,3.4098734855651855,2.015275478363037,1.6844277381896973,1.7637174129486084,1.765588641166687,1.5607086420059204,1.4998680353164673,1.8264555931091309,1.820825219154358,2.184551239013672,2.187852621078491,2.5439562797546387,2.744459867477417,2.845545530319214,3.1947779655456543,3.3864786624908447
B1,2.716703176498413,2.510329008102417,2.2241556644439697,1.9216338396072388,1.8500124216079712,1.5724505186080933,1.376511573791504,1.1575281620025635,0.9617852568626404,1.1467758417129517,1.0175306797027588,1.3675997257232666,1.4947632551193237,1.5328336954116821,1.8920180797576904,0.0,0.3810315728187561,0.5913782119750977,0.8461395502090454,1.0827959775924683,1.35879647731781,1.4299722909927368,1.807281255722046,2.057752847671509,2.293332815170288,2.603868246078491,2.7401373386383057,3.067129373550415,3.280425548553467,3.5314228534698486,1.1149554252624512,0.9770170450210571,1.2466669082641602,1.149968147277832,1.4600586891174316,1.529772400856018,1.4442600011825562,1.6684390306472778,1.817702293395996,1.890499472618103,2.1856257915496826,2.163785457611084,2.467714309692383,2.684692144393921,2.8281044960021973,2.9076271057128906,2.7707273960113525,2.5781404972076416,2.234173059463501,2.3488872051239014,2.093951940536499,1.756079912185669,1.6123542785644531,1.271527886390686,1.4021568298339844,1.1350305080413818,1.2699668407440186,1.459006667137146,1.3100852966308594,1.6417282819747925,0.8114597201347351,0.6878222823143005,1.0223643779754639,1.0249229669570923,1.3250048160552979,1.441176176071167,1.4720720052719116,1.7589584589004517,2.0025391578674316,2.135438919067383,2.484403133392334,2.5762922763824463,2.8728928565979004,3.1166930198669434,3.342273473739624
B2,2.491692304611206,2.316148042678833,2.0013465881347656,1.729945421218872,1.6722440719604492,1.4530858993530273,1.2564136981964111,1.144957184791565,0.9983289241790771,1.2820522785186768,1.2164736986160278,1.555777668952942,1.7509088516235352,1.784279227256775,2.152956485748291,0.3810315728187561,0.0,0.387543648481369,0.5951607823371887,0.7813580632209778,1.0371122360229492,1.1637805700302124,1.5212361812591553,1.809597373008728,2.0252511501312256,2.360243082046509,2.5123021602630615,2.818788766860962,3.0590925216674805,3.3057310581207275,1.1168898344039917,1.0454872846603394,1.2358269691467285,1.1127917766571045,1.4780772924423218,1.545722484588623,1.3890661001205444,1.6386035680770874,1.7313268184661865,1.8475799560546875,2.0993871688842773,2.0794837474823,2.4138736724853516,2.589527130126953,2.7578110694885254,2.761435031890869,2.5916941165924072,2.4314017295837402,2.069672107696533,2.1829721927642822,1.8963439464569092,1.5524678230285645,1.3608320951461792,0.9925285577774048,1.0601487159729004,0.7740788459777832,0.8901646137237549,1.1005111932754517,0.9929811358451843,1.339636206626892,0.7011166214942932,0.6812657713890076,0.9219016432762146,0.9130030870437622,1.277560830116272,1.428483009338379,1.3946495056152344,1.726874589920044,1.9289488792419434,2.1112287044525146,2.428729772567749,2.5294392108917236,2.8544652462005615,3.0634584426879883,3.311638593673706
B3,2.215440511703491,2.005990505218506,1.6894899606704712,1.4236863851547241,1.3175671100616455,1.0963674783706665,0.9575299620628357,0.8735331296920776,0.8517216444015503,1.1687086820602417,1.2224928140640259,1.5815391540527344,1.797169804573059,1.9037760496139526,2.2645630836486816,0.5913782119750977,0.387543648481369,0.0,0.37344664335250854,0.5091307759284973,0.8292044997215271,0.9598113298416138,1.3374618291854858,1.625538945198059,1.8930350542068481,2.207730293273926,2.4078495502471924,2.716203212738037,2.9420664310455322,3.21940016746521,1.401968002319336,1.257556438446045,1.3759353160858154,1.1518694162368774,1.4935942888259888,1.4649641513824463,1.2364047765731812,1.4149714708328247,1.4477287530899048,1.5271713733673096,1.7547144889831543,1.7068476676940918,2.0413777828216553,2.208728551864624,2.372300386428833,2.5010666847229004,2.3616762161254883,2.233175277709961,1.8805969953536987,2.056040048599243,1.8041988611221313,1.4324735403060913,1.3137106895446777,0.9639772772789001,1.0669161081314087,0.8774375915527344,0.9245809316635132,1.2268176078796387,1.1593753099441528,1.4731208086013794,1.052787184715271,0.9604126811027527,1.1243420839309692,0.9825961589813232,1.3539026975631714,1.412519931793213,1.2898716926574707,1.5836286544799805,1.7273399829864502,1.8807874917984009,2.1793806552886963,2.23785400390625,2.570941686630249,2.7633886337280273,2.9978179931640625
B4,1.8991999626159668,1.7228193283081055,1.4132542610168457,1.137823462486267,1.1158905029296875,0.9311217665672302,0.7160287499427795,0.7520892024040222,0.7393958568572998,1.109750509262085,1.2098512649536133,1.52375066280365,1.8021326065063477,1.9082343578338623,2.2651867866516113,0.8461395502090454,0.5951607823371887,0.37344664335250854,0.0,0.38774770498275757,0.5515373349189758,0.599760890007019,0.9825921058654785,1.2595670223236084,1.52305006980896,1.8367952108383179,2.0347800254821777,2.343466281890869,2.5690646171569824,2.8467769622802734,1.343984603881836,1.1956753730773926,1.2074471712112427,0.9407501816749573,1.2855777740478516,1.244223952293396,0.9699612855911255,1.1829009056091309,1.1987664699554443,1.3549052476882935,1.5676156282424927,1.5844368934631348,1.940162181854248,2.0948474407196045,2.309791326522827,2.1865017414093018,2.0203499794006348,1.8917018175125122,1.5307409763336182,1.696701169013977,1.438204288482666,1.065350890159607,0.956214427947998,0.6291049718856812,0.7917657494544983,0.728646457195282,0.8531720638275146,1.19747793674469,1.2431097030639648,1.5677322149276733,1.074812889099121,0.9519916772842407,0.9789798259735107,0.7599777579307556,1.1314435005187988,1.1785428524017334,0.9997121095657349,1.3177589178085327,1.4364455938339233,1.6393179893493652,1.915261149406433,2.0104241371154785,2.3561933040618896,2.531525135040283,2.796152114868164
B5,1.8386999368667603,1.6647199392318726,1.308832049369812,1.1166462898254395,1.0164834260940552,0.9358803033828735,0.858278214931488,0.987604558467865,1.0819133520126343,1.4461549520492554,1.577999472618103,1.9013437032699585,2.1713473796844482,2.2877371311187744,2.645024299621582,1.0827959775924683,0.7813580632209778,0.5091307759284973,0.38774770498275757,0.0,0.3780926764011383,0.6432865262031555,0.9575234055519104,1.295039415359497,1.5562070608139038,1.8813519477844238,2.1287178993225098,2.4011752605438232,2.649447202682495,2.933535099029541,1.6663628816604614,1.561083436012268,1.5718622207641602,1.3114019632339478,1.6522830724716187,1.5844999551773071,1.2668237686157227,1.419057846069336,1.3337211608886719,1.4558937549591064,1.585112452507019,1.5359394550323486,1.898820400238037,1.9929741621017456,2.1919753551483154,2.244431972503662,2.07767391204834,2.0190773010253906,1.6639708280563354,1.8651431798934937,1.6063880920410156,1.239888072013855,1.1184542179107666,0.8096544146537781,0.8204008340835571,0.7631698250770569,0.7050164341926575,1.074205756187439,1.1256054639816284,1.389875054359436,1.3133553266525269,1.2761304378509521,1.3050938844680786,1.115248680114746,1.4882869720458984,1.5341401100158691,1.3074958324432373,1.6029680967330933,1.6476081609725952,1.843831181526184,2.0712203979492188,2.120835065841675,2.482546806335449,2.6132943630218506,2.867431402206421
B6,1.5638095140457153,1.4532654285430908,1.096595287322998,0.9413355588912964,0.9535377025604248,0.9684839248657227,0.8508864641189575,1.0965625047683716,1.1872632503509521,1.5607922077178955,1.7093467712402344,1.9848251342773438,2.2962076663970947,2.400268316268921,2.75016713142395,1.35879647731781,1.0371122360229492,0.8292044997215271,0.5515373349189758,0.3780926764011383,0.0,0.3792063891887665,0.6034560799598694,0.966726541519165,1.1986128091812134,1.535452961921692,1.788300633430481,2.04280424118042,2.304612159729004,2.582632064819336,1.7049658298492432,1.6228036880493164,1.5473679304122925,1.2857749462127686,1.6083446741104126,1.5430138111114502,1.2031632661819458,1.3745701313018799,1.255510926246643,1.4540119171142578,1.5402400493621826,1.555208444595337,1.9279147386550903,1.9911434650421143,2.2387001514434814,2.0125374794006348,1.8033361434936523,1.7668676376342773,1.409305453300476,1.590219497680664,1.3184541463851929,0.9789690375328064,0.8472834229469299,0.6193827390670776,0.5980461239814758,0.7235866785049438,0.7155489921569824,1.0799109935760498,1.2468656301498413,1.499165654182434,1.4136631488800049,1.3807320594787598,1.2995915412902832,1.0881929397583008,1.4249805212020874,1.4740835428237915,1.2068761587142944,1.5081028938293457,1.5080546140670776,1.7573236227035522,1.9391748905181885,2.025489091873169,2.395786762237549,2.495065927505493,2.779736042022705
B7,1.3526300191879272,1.2486578226089478,0.948543131351471,0.7172495126724243,0.8626864552497864,0.8460058569908142,0.6289035081863403,0.9235289692878723,1.0030831098556519,1.357090711593628,1.536135196685791,1.7629542350769043,2.1005964279174805,2.2173843383789062,2.5489137172698975,1.4299722909927368,1.1637805700302124,0.9598113298416138,0.599760890007019,0.6432865262031555,0.3792063891887665,0.0,0.3927716612815857,0.6723156571388245,0.9514340758323669,1.2592324018478394,1.4975425004959106,1.7878392934799194,2.01770281791687,2.3090548515319824,1.6304435729980469,1.5003612041473389,1.3518483638763428,1.0552339553833008,1.324791669845581,1.2286217212677002,0.87812739610672,1.0589416027069092,0.9610963463783264,1.2253342866897583,1.3391448259353638,1.4418741464614868,1.8083945512771606,1.9052859544754028,2.189741611480713,1.7037073373794556,1.489776611328125,1.4120489358901978,1.0473111867904663,1.2303683757781982,0.9803464412689209,0.6224872469902039,0.5972266793251038,0.4932958483695984,0.6683681607246399,0.8934107422828674,1.0170117616653442,1.3644134998321533,1.5481538772583008,1.8311043977737427,1.4648900032043457,1.3491047620773315,1.1983858346939087,0.9142695665359497,1.18559992313385,1.1774036884307861,0.8721390962600708,1.1557530164718628,1.1447525024414062,1.4206050634384155,1.6013844013214111,1.7299219369888306,2.0942113399505615,2.206570625305176,2.51113224029541
B8,1.0985519886016846,1.0999095439910889,0.8258946537971497,0.7206808924674988,0.9629607796669006,1.072455644607544,0.9125024676322937,1.2575287818908691,1.3501780033111572,1.6811624765396118,1.8690223693847656,2.0532443523406982,2.408376693725586,2.5153896808624268,2.8328535556793213,1.807281255722046,1.5212361812591553,1.3374618291854858,0.9825921058654785,0.9575234055519104,0.6034560799598694,0.3927716612815857,0.0,0.38171496987342834,0.6114584803581238,0.932791531085968,1.2058671712875366,1.4561669826507568,1.7073806524276733,1.9966636896133423,1.8780721426010132,1.7833545207977295,1.5766916275024414,1.3095053434371948,1.531949520111084,1.4368659257888794,1.0984681844711304,1.2480496168136597,1.092993974685669,1.3915044069290161,1.420722246170044,1.5605703592300415,1.912975788116455,1.9550150632858276,2.270202875137329,1.536120057106018,1.2686439752578735,1.2558069229125977,0.91535484790802,1.0742275714874268,0.8327754139900208,0.5862371325492859,0.5944902300834656,0.6901944279670715,0.763156533241272,1.0926603078842163,1.1900954246520996,1.4972161054611206,1.745973825454712,1.990954875946045,1.7424001693725586,1.6574264764785767,1.4433213472366333,1.183070421218872,1.3883062601089478,1.3801298141479492,1.0599441528320312,1.2961643934249878,1.2028931379318237,1.5117356777191162,1.6064702272415161,1.7544649839401245,2.1161859035491943,2.1725709438323975,2.4986655712127686
B9,0.8748601078987122,0.9430353045463562,0.8000496625900269,0.7095416784286499,1.0599076747894287,1.1768983602523804,1.0061485767364502,1.3551106452941895,1.4473334550857544,1.7252205610275269,1.937243938446045,2.0604288578033447,2.4271810054779053,2.545119285583496,2.832362174987793,2.057752847671509,1.809597373008728,1.625538945198059,1.2595670223236084,1.295039415359497,0.966726541519165,0.6723156571388245,0.38171496987342834,0.0,0.37813612818717957,0.5972449779510498,0.8884376883506775,1.1633830070495605,1.3710522651672363,1.6842269897460938,2.0223608016967773,1.9000290632247925,1.633075475692749,1.3652654886245728,1.4949570894241333,1.366265892982483,1.0596208572387695,1.1635816097259521,1.0076700448989868,1.3449190855026245,1.3523586988449097,1.5733639001846313,1.8920326232910156,1.9398081302642822,2.2844390869140625,1.2121902704238892,0.9134859442710876,0.8954094052314758,0.5799949169158936,0.7398691177368164,0.5877588987350464,0.48027634620666504,0.6826861500740051,0.9233744144439697,1.0683735609054565,1.415877342224121,1.556272268295288,1.8520294427871704,2.108241558074951,2.362118721008301,1.9829500913619995,1.8514413833618164,1.5936334133148193,1.3079326152801514,1.4135503768920898,1.3413110971450806,1.010428786277771,1.1553477048873901,0.9934682250022888,1.3196674585342407,1.3522465229034424,1.5439156293869019,1.8849670886993408,1.923189401626587,2.2705113887786865
B10,1.0286800861358643,1.2098246812820435,1.1063892841339111,1.0782426595687866,1.4221875667572021,1.5522691011428833,1.36605966091156,1.6968268156051636,1.7405272722244263,2.014148235321045,2.185303211212158,2.2765302658081055,2.650874376296997,2.7294082641601562,3.0087618827819824,2.293332815170288,2.0252511501312256,1.8930350542068481,1.52305006980896,1.5562070608139038,1.1986128091812134,0.9514340758323669,0.6114584803581238,0.37813612818717957,0.0,0.3863256871700287,0.6168472170829773,0.8462374806404114,1.11459219455719,1.387912631034851,2.101977825164795,2.0345349311828613,1.7373329401016235,1.5332703590393066,1.6500606536865234,1.5850555896759033,1.3332092761993408,1.4807534217834473,1.3626821041107178,1.709875226020813,1.708702802658081,1.9383962154388428,2.2475972175598145,2.2746083736419678,2.625108003616333,1.3593229055404663,1.001974105834961,0.9989506602287292,0.7571710348129272,0.7373109459877014,0.5561922788619995,0.6514843702316284,0.7448219656944275,1.0606600046157837,1.136812686920166,1.5168911218643188,1.671636939048767,1.9121794700622559,2.210507869720459,2.4473321437835693,2.091304302215576,1.998591423034668,1.6936718225479126,1.4651094675064087,1.5268514156341553,1.5113098621368408,1.235946774482727,1.3921829462051392,1.2549139261245728,1.6015303134918213,1.602404236793518,1.8312689065933228,2.1477911472320557,2.1629512310028076,2.5229604244232178
B11,0.902584433555603,1.1572685241699219,1.1797009706497192,1.1948301792144775,1.5666770935058594,1.7155869007110596,1.5564382076263428,1.8872137069702148,1.9520974159240723,2.1811885833740234,2.379422903060913,2.4284698963165283,2.8012750148773193,2.8974697589874268,3.1468076705932617,2.603868246078491,2.360243082046509,2.207730293273926,1.8367952108383179,1.8813519477844238,1.535452961921692,1.2592324018478394,0.932791531085968,0.5972449779510498,0.3863256871700287,0.0,0.3869008719921112,0.5952078700065613,0.7858672738075256,1.1064300537109375,2.3893065452575684,2.295032262802124,1.969759225845337,1.7620954513549805,1.803606629371643,1.7001745700836182,1.480251431465149,1.5598485469818115,1.4277735948562622,1.765732765197754,1.7239552736282349,1.9971452951431274,2.263314723968506,2.2787532806396484,2.643728256225586,1.1098414659500122,0.7319450974464417,0.7812197208404541,0.6883577704429626,0.6354756355285645,0.6654435396194458,0.8773059844970703,1.0724232196807861,1.4072388410568237,1.5175745487213135,1.8942502737045288,2.0514068603515625,2.2979369163513184,2.5938196182250977,2.8299052715301514,2.4307827949523926,2.3058159351348877,1.9911553859710693,1.7432352304458618,1.7444140911102295,1.6691583395004272,1.3964083194732666,1.4525418281555176,1.2482337951660156,1.5640581846237183,1.4795395135879517,1.7217588424682617,1.9995218515396118,1.974910855293274,2.34110951423645
B12,1.2625465393066406,1.5118194818496704,1.5491420030593872,1.5203545093536377,1.901814341545105,2.0066888332366943,1.7978081703186035,2.0882420539855957,2.0921080112457275,2.2919960021972656,2.4476418495178223,2.4451451301574707,2.816716194152832,2.876669406890869,3.1025500297546387,2.7401373386383057,2.5123021602630615,2.4078495502471924,2.0347800254821777,2.1287178993225098,1.788300633430481,1.4975425004959106,1.2058671712875366,0.8884376883506775,0.6168472170829773,0.3869008719921112,0.0,0.3719213604927063,0.5504101514816284,0.8161033987998962,2.3651344776153564,2.294992208480835,1.9396922588348389,1.7924723625183105,1.7863550186157227,1.7391170263290405,1.5962539911270142,1.7195043563842773,1.6627662181854248,2.0179834365844727,2.020188093185425,2.3180668354034424,2.5781805515289307,2.6201674938201904,2.986792802810669,1.3145076036453247,0.9492858648300171,0.894070029258728,0.8573989272117615,0.6124022603034973,0.6694238185882568,1.0027375221252441,1.1640256643295288,1.5358366966247559,1.6583377122879028,2.030332088470459,2.235306978225708,2.44930362701416,2.754183053970337,3.003312110900879,2.481170654296875,2.354661226272583,2.0051164627075195,1.7974934577941895,1.7246265411376953,1.6749045848846436,1.4737837314605713,1.521693468093872,1.3752864599227905,1.702500581741333,1.630228042602539,1.9265202283859253,2.167897939682007,2.1659421920776367,2.538576602935791
B13,1.3900717496871948,1.7002170085906982,1.7554093599319458,1.789991021156311,2.1604862213134766,2.306323289871216,2.1250524520874023,2.434044122695923,2.4508934020996094,2.660203218460083,2.8155198097229004,2.8141701221466064,3.185551643371582,3.2373549938201904,3.460191488265991,3.067129373550415,2.818788766860962,2.716203212738037,2.343466281890869,2.4011752605438232,2.04280424118042,1.7878392934799194,1.4561669826507568,1.1633830070495605,0.8462374806404114,0.5952078700065613,0.3719213604927063,0.0,0.368127703666687,0.5567150115966797,2.674078941345215,2.6317763328552246,2.2784039974212646,2.147138833999634,2.150233745574951,2.1109774112701416,1.962336778640747,2.0741899013519287,1.9882820844650269,2.3316686153411865,2.293184995651245,2.580094814300537,2.8290855884552,2.833442449569702,3.2014355659484863,1.4919452667236328,1.1369432210922241,1.1718311309814453,1.1891887187957764,0.9744027256965637,1.029953122138977,1.3466944694519043,1.4663501977920532,1.8305073976516724,1.8990943431854248,2.279228687286377,2.456188440322876,2.642983913421631,2.968909978866577,3.1891016960144043,2.773125648498535,2.676532506942749,2.3215560913085938,2.135444402694702,2.0718679428100586,2.0416550636291504,1.8419677019119263,1.8898370265960693,1.723981499671936,2.035353899002075,1.9220033884048462,2.1977193355560303,2.423694610595703,2.376671552658081,2.742356061935425
