,A1,A2,A3,A4,A5,A6,A7,A8,A9,A10,A11,A12,A13,A14,A15,B1,B2,B3,B4,B5,B6,B7,B8,B9,B10,B11,B12,B13,B14,B15,C1,C2,C3,C4,C5,C6,C7,C8,C9,C10,C11,C12,C13,C14,C15,D1,D2,D3,D4,D5,D6,D7,D8,D9,D10,D11,D12,D13,D14,D15,E1,E2,E3,E4,E5,E6,E7,E8,E9,E10,E11,E12,E13,E14,E15
A1,0.0,0.3780974745750427,0.629500150680542,0.791979193687439,1.1192234754562378,1.3484054803848267,1.3499139547348022,1.7105841636657715,1.8836851119995117,2.1368722915649414,2.4058151245117188,2.5077948570251465,2.8172430992126465,3.062812089920044,3.269794225692749,2.4932849407196045,2.5095324516296387,2.2246768474578857,1.9832637310028076,2.0551035404205322,1.8609490394592285,1.5569283962249756,1.4804917573928833,1.2058944702148438,1.4327561855316162,1.2751127481460571,1.5066890716552734,1.7625254392623901,1.780231237411499,2.156689167022705,0.7951334714889526,0.9199094176292419,1.1693313121795654,1.0733418464660645,1.3546253442764282,1.5270906686782837,1.4370940923690796,1.688781976699829,1.8242155313491821,1.9566318988800049,2.245347738265991,2.2464396953582764,2.5616753101348877,2.7730634212493896,2.960446357727051,2.6194164752960205,2.5320961475372314,2.2243900299072266,1.9516041278839111,1.879563808441162,1.5967938899993896,1.3891937732696533,1.2145707607269287,1.044918179512024,1.2210702896118164,1.1415716409683228,1.5100988149642944,1.6338846683502197,1.785590648651123,2.128673791885376,2.450085401535034,2.337026357650757,2.0086684226989746,1.755194067955017,1.6900502443313599,1.4518837928771973,1.1907823085784912,0.9948252439498901,0.7024492621421814,0.841943085193634,0.6792441010475159,1.006622552871704,1.1800203323364258,1.3179187774658203,1.6137410402297974
A2,0.3780974745750427,0.0,0.389488160610199,0.6133749485015869,0.8508521914482117,1.1274464130401611,1.2277028560638428,1.5907833576202393,1.8300528526306152,2.075676918029785,2.3821280002593994,2.5129878520965576,2.790409803390503,3.0684421062469482,3.2675087451934814,2.5745065212249756,2.591299533843994,2.338540554046631,2.0531206130981445,2.1345863342285156,1.902629017829895,1.5714234113693237,1.4304540157318115,1.0930238962173462,1.2318260669708252,1.0051084756851196,1.1839544773101807,1.4351571798324585,1.4202475547790527,1.7948893308639526,0.7838854193687439,1.042332410812378,1.2697100639343262,1.2062827348709106,1.5427114963531494,1.7301105260849,1.5859496593475342,1.850816011428833,1.9312011003494263,2.0875775814056396,2.3320741653442383,2.315333366394043,2.6557867527008057,2.8244781494140625,3.0244462490081787,2.562330722808838,2.4889190196990967,2.15586519241333,1.9328924417495728,1.857828974723816,1.637805700302124,1.4601454734802246,1.3814146518707275,1.259461760520935,1.5080523490905762,1.4605531692504883,1.8235281705856323,1.9834340810775757,2.126399517059326,2.47721004486084,2.3536288738250732,2.2106127738952637,1.8535614013671875,1.6454437971115112,1.5198174715042114,1.3336503505706787,1.1430020332336426,1.0039952993392944,0.8323720693588257,1.0551080703735352,0.9915383458137512,1.350102424621582,1.4983601570129395,1.6667119264602661,1.9377468824386597
A3,0.629500150680542,0.389488160610199,0.0,0.3757031261920929,0.5442739129066467,0.8656579852104187,0.9915133118629456,1.3706177473068237,1.6254198551177979,1.9110965728759766,2.2110233306884766,2.3944222927093506,2.6656365394592285,2.9454102516174316,3.173171281814575,2.327470541000366,2.377680540084839,2.1681582927703857,1.8734424114227295,2.0112357139587402,1.8111152648925781,1.4478641748428345,1.3494535684585571,1.0110368728637695,1.1510573625564575,0.9749578237533569,1.0721757411956787,1.3933264017105103,1.388810634613037,1.7421448230743408,0.9910349249839783,1.23604416847229,1.3633946180343628,1.218011736869812,1.5675898790359497,1.6876490116119385,1.4673823118209839,1.6903433799743652,1.701305866241455,1.8481769561767578,2.049532413482666,2.010981559753418,2.3638932704925537,2.5019593238830566,2.7106566429138184,2.2512693405151367,2.155866861343384,1.806445837020874,1.610971212387085,1.5120582580566406,1.333069920539856,1.2065492868423462,1.2085082530975342,1.1821613311767578,1.4909697771072388,1.5379871129989624,1.9041870832443237,2.0978171825408936,2.286983013153076,2.6224215030670166,2.0869269371032715,1.9028321504592896,1.548644781112671,1.328316330909729,1.162361741065979,0.9626725316047668,0.8275215029716492,0.7077329158782959,0.678836464881897,0.9547236561775208,1.0372439622879028,1.410284399986267,1.5596178770065308,1.7964469194412231,2.0355277061462402
A4,0.791979193687439,0.6133749485015869,0.3757031261920929,0.0,0.3918114900588989,0.5630900263786316,0.6295005083084106,1.0059685707092285,1.2604966163635254,1.5364543199539185,1.841813325881958,2.0253543853759766,2.2909936904907227,2.5745930671691895,2.801344633102417,2.071343183517456,2.083730936050415,1.877244234085083,1.5567611455917358,1.677220106124878,1.4595752954483032,1.0933655500411987,0.9866083860397339,0.6580013632774353,0.8380343317985535,0.7668020725250244,0.9146053194999695,1.262213945388794,1.3556755781173706,1.695228099822998,0.8590664267539978,1.082291841506958,1.1164674758911133,0.9643048048019409,1.3277513980865479,1.455661654472351,1.2179529666900635,1.476574420928955,1.4883625507354736,1.7020301818847656,1.8970750570297241,1.9193472862243652,2.288529396057129,2.4266889095306396,2.678468942642212,1.9624769687652588,1.9137873649597168,1.589021921157837,1.38716721534729,1.3742871284484863,1.2208020687103271,1.0261584520339966,1.0988448858261108,1.0432038307189941,1.397141456604004,1.4522991180419922,1.7849403619766235,2.035564422607422,2.212153911590576,2.5482070446014404,1.747030258178711,1.5976638793945312,1.2444380521774292,1.0382392406463623,0.9467272758483887,0.8167381286621094,0.6252681612968445,0.6866699457168579,0.6839355230331421,1.0494858026504517,1.1756027936935425,1.5099527835845947,1.729235291481018,1.957777976989746,2.2236859798431396
A5,1.1192234754562378,0.8508521914482117,0.5442739129066467,0.3918114900588989,0.0,0.38574376702308655,0.663950502872467,0.9876263737678528,1.3110333681106567,1.5787047147750854,1.9026832580566406,2.131568193435669,2.3522636890411377,2.658748149871826,2.884577512741089,2.1779251098632812,2.2094318866729736,2.060743808746338,1.72055184841156,1.867375373840332,1.6473110914230347,1.2808282375335693,1.1444672346115112,0.8133667707443237,0.834812581539154,0.7306697964668274,0.699815034866333,1.0743130445480347,1.1355314254760742,1.4367287158966064,1.1554384231567383,1.423783540725708,1.436346411705017,1.3047302961349487,1.6657392978668213,1.7735494375228882,1.497019648551941,1.720905065536499,1.6580262184143066,1.8641338348388672,1.990321397781372,1.97874116897583,2.3573970794677734,2.4378154277801514,2.6926767826080322,1.9007954597473145,1.8550090789794922,1.505143404006958,1.39327871799469,1.3615386486053467,1.3120077848434448,1.2027010917663574,1.3652187585830688,1.379942536354065,1.7487218379974365,1.8338757753372192,2.1609761714935303,2.419116735458374,2.6008472442626953,2.9342663288116455,1.67547607421875,1.4670627117156982,1.0905566215515137,0.9607852101325989,0.7488544583320618,0.7276705503463745,0.7278027534484863,0.8540379405021667,0.9897813200950623,1.3314670324325562,1.5005096197128296,1.849435567855835,2.0348615646362305,2.2884116172790527,2.528118848800659
A6,1.3484054803848267,1.1274464130401611,0.8656579852104187,0.5630900263786316,0.38574376702308655,0.0,0.3774888515472412,0.6218329071998596,0.9724889397621155,1.2144914865493774,1.5481559038162231,1.7864025831222534,1.9856148958206177,2.3000338077545166,2.522834062576294,1.9767181873321533,1.9647283554077148,1.8361201286315918,1.4731584787368774,1.5980350971221924,1.36421537399292,1.018470048904419,0.8699918389320374,0.6075407266616821,0.600363552570343,0.6798475384712219,0.6754535436630249,1.039743185043335,1.2147045135498047,1.4721125364303589,1.1885442733764648,1.4144176244735718,1.331248164176941,1.2121622562408447,1.551613211631775,1.65614652633667,1.3739330768585205,1.6128731966018677,1.5413626432418823,1.807692289352417,1.9130312204360962,1.963590383529663,2.3474998474121094,2.4215619564056396,2.7156474590301514,1.6294970512390137,1.6496663093566895,1.3407503366470337,1.2467154264450073,1.3209149837493896,1.3182055950164795,1.1623497009277344,1.3904082775115967,1.3867923021316528,1.7687617540359497,1.8588743209838867,2.140925884246826,2.4418656826019287,2.6078479290008545,2.9340133666992188,1.327168345451355,1.157832384109497,0.7770315408706665,0.7166104316711426,0.6173543930053711,0.7471802830696106,0.731715738773346,1.0056501626968384,1.1445289850234985,1.5156923532485962,1.7041137218475342,2.0171313285827637,2.250105142593384,2.493835687637329,2.752462863922119
A7,1.3499139547348022,1.2277028560638428,0.9915133118629456,0.6295005083084106,0.663950502872467,0.3774888515472412,0.0,0.3860437572002411,0.6553385257720947,0.9457074403762817,1.2497435808181763,1.4818769693374634,1.723223090171814,2.011446952819824,2.2570481300354004,1.653774619102478,1.6157416105270386,1.4657659530639648,1.1015987396240234,1.2277154922485352,1.0197159051895142,0.6620991826057434,0.6143026947975159,0.48229753971099854,0.6679732799530029,0.8803967833518982,0.9932547807693481,1.3309853076934814,1.548310399055481,1.8113137483596802,1.1529028415679932,1.281960129737854,1.1166011095046997,0.9425338506698608,1.2442843914031982,1.3143724203109741,1.0269707441329956,1.2739570140838623,1.2267073392868042,1.533180832862854,1.6640177965164185,1.775062918663025,2.152123212814331,2.2611429691314697,2.5747745037078857,1.4186975955963135,1.4566929340362549,1.1941255331039429,1.0277787446975708,1.1801280975341797,1.1386504173278809,0.9082543253898621,1.148138403892517,1.1253317594528198,1.5031214952468872,1.6118242740631104,1.8580718040466309,2.181713342666626,2.3526153564453125,2.661487340927124,1.1275372505187988,1.028531551361084,0.7018335461616516,0.5509500503540039,0.6645408272743225,0.7391263842582703,0.5922078490257263,0.9318039417266846,1.034563660621643,1.4061826467514038,1.6087902784347534,1.8718119859695435,2.145242214202881,2.378911256790161,2.647956371307373
A8,1.7105841636657715,1.5907833576202393,1.3706177473068237,1.0059685707092285,0.9876263737678528,0.6218329071998596,0.3860437572002411,0.0,0.37689992785453796,0.6065597534179688,0.9281813502311707,1.1892610788345337,1.386309266090393,1.6892729997634888,1.9321010112762451,1.5742809772491455,1.4796303510665894,1.3797441720962524,1.002901315689087,1.0892915725708008,0.8780741095542908,0.616971492767334,0.5816801190376282,0.6481373906135559,0.7321226000785828,1.0522061586380005,1.136846661567688,1.4187530279159546,1.6923795938491821,1.8994613885879517,1.3955632448196411,1.4897575378417969,1.249843955039978,1.120863676071167,1.3567173480987549,1.4127403497695923,1.1462767124176025,1.373899221420288,1.306269884109497,1.6515523195266724,1.7355231046676636,1.8976248502731323,2.2627663612365723,2.34830379486084,2.6901488304138184,1.2176337242126465,1.3525006771087646,1.1680952310562134,1.0637658834457397,1.314199686050415,1.3445719480514526,1.1219923496246338,1.4028143882751465,1.377204418182373,1.733298420906067,1.8413175344467163,2.0305986404418945,2.381293296813965,2.5306601524353027,2.8236887454986572,0.8026610016822815,0.7902875542640686,0.5311546325683594,0.5567417144775391,0.793494701385498,0.9903923869132996,0.9061661958694458,1.2776416540145874,1.3903796672821045,1.75104820728302,1.9594515562057495,2.1938235759735107,2.4858970642089844,2.710587978363037,2.984746217727661
A9,1.8836851119995117,1.8300528526306152,1.6254198551177979,1.2604966163635254,1.3110333681106567,0.9724889397621155,0.6553385257720947,0.37689992785453796,0.0,0.3818282186985016,0.6039072871208191,0.8854804635047913,1.1272268295288086,1.3871642351150513,1.6665807962417603,1.2877033948898315,1.1392278671264648,1.0460519790649414,0.6772228479385376,0.7533609867095947,0.6255853176116943,0.4783554971218109,0.6432544589042664,0.8691694140434265,1.0330010652542114,1.3766788244247437,1.502456545829773,1.771577000617981,2.0580801963806152,2.2654190063476562,1.564977765083313,1.5711268186569214,1.264737844467163,1.1042335033416748,1.2410012483596802,1.2318364381790161,0.9889644980430603,1.1786319017410278,1.1259572505950928,1.5003749132156372,1.5836000442504883,1.8121801614761353,2.1504485607147217,2.2577078342437744,2.6147944927215576,1.0459558963775635,1.2250434160232544,1.1384732723236084,0.9953493475914001,1.3223206996917725,1.3409819602966309,1.0909860134124756,1.3669530153274536,1.3375990390777588,1.6514676809310913,1.7793291807174683,1.9071176052093506,2.2725322246551514,2.4218077659606934,2.682736873626709,0.654670000076294,0.7838836312294006,0.6977953314781189,0.6765103340148926,1.0244147777557373,1.1718246936798096,1.0413880348205566,1.4076943397521973,1.495887041091919,1.8231045007705688,2.0387284755706787,2.2161126136779785,2.531400680541992,2.74373722076416,3.0166893005371094
A10,2.1368722915649414,2.075676918029785,1.9110965728759766,1.5364543199539185,1.5787047147750854,1.2144914865493774,0.9457074403762817,0.6065597534179688,0.3818282186985016,0.0,0.37850862741470337,0.6032499670982361,0.7823458313941956,1.0863064527511597,1.3277236223220825,1.5016525983810425,1.2748476266860962,1.1950256824493408,0.8694958686828613,0.7917221188545227,0.6056997179985046,0.6561567783355713,0.7144349217414856,1.0186707973480225,1.1048213243484497,1.4842774868011475,1.6210426092147827,1.82424795627594,2.1507678031921387,2.323936700820923,1.6916910409927368,1.680951476097107,1.3464415073394775,1.2803620100021362,1.372567892074585,1.4138065576553345,1.2498022317886353,1.4601037502288818,1.4474037885665894,1.8303927183151245,1.9084440469741821,2.162034749984741,2.485525131225586,2.587782382965088,2.952751874923706,1.2211108207702637,1.4797780513763428,1.4518918991088867,1.3484448194503784,1.6916182041168213,1.719403624534607,1.4584832191467285,1.7070950269699097,1.628912091255188,1.9138065576553345,1.9929076433181763,2.074078321456909,2.449934244155884,2.5516648292541504,2.807568073272705,0.7033694386482239,0.9594584703445435,0.9339396357536316,1.0198849439620972,1.34422767162323,1.532769799232483,1.406574010848999,1.7680137157440186,1.824995994567871,2.1592564582824707,2.3427302837371826,2.509373664855957,2.840157985687256,3.0260837078094482,3.3171517848968506
A11,2.4058151245117188,2.3821280002593994,2.2110233306884766,1.841813325881958,1.9026832580566406,1.5481559038162231,1.2497435808181763,0.9281813502311707,0.6039072871208191,0.37850862741470337,0.0,0.3807971179485321,0.5766409039497375,0.7935106158256531,1.099478006362915,1.3248307704925537,1.042193055152893,1.0216224193572998,0.7884311079978943,0.6832736134529114,0.6807889938354492,0.8579469919204712,1.0265753269195557,1.3564612865447998,1.4781473875045776,1.8557274341583252,1.9944350719451904,2.201723575592041,2.5271496772766113,2.6951122283935547,1.9924213886260986,1.9297956228256226,1.5682353973388672,1.4736634492874146,1.479482889175415,1.4462471008300781,1.3149527311325073,1.451322317123413,1.4334583282470703,1.8064851760864258,1.8577109575271606,2.1552743911743164,2.440829277038574,2.545577049255371,2.9176437854766846,1.1344596147537231,1.429597020149231,1.4991466999053955,1.4002745151519775,1.777725338935852,1.8170185089111328,1.5713022947311401,1.816046953201294,1.7578480243682861,1.9974201917648315,2.1013906002044678,2.126391649246216,2.5020854473114014,2.606630563735962,2.8221821784973145,0.7151374220848083,1.055340051651001,1.151430606842041,1.216812014579773,1.5804054737091064,1.7488080263137817,1.62177574634552,1.9752088785171509,2.0343756675720215,2.3349063396453857,2.5321297645568848,2.654768943786621,2.9927315711975098,3.1740920543670654,3.454134225845337
A12,2.5077948570251465,2.5129878520965576,2.3944222927093506,2.0253543853759766,2.131568193435669,1.7864025831222534,1.4818769693374634,1.1892610788345337,0.8854804635047913,0.6032499670982361,0.3807971179485321,0.0,0.3784651458263397,0.5569372177124023,0.8183812499046326,1.545184850692749,1.21070396900177,1.1241121292114258,0.9536817073822021,0.6959896683692932,0.6652073264122009,0.9720292687416077,1.1069815158843994,1.4765723943710327,1.6056592464447021,1.9838656187057495,2.171257972717285,2.3434863090515137,2.6860499382019043,2.8602640628814697,2.0185112953186035,1.9059031009674072,1.5290316343307495,1.5010508298873901,1.4411340951919556,1.451196551322937,1.416124701499939,1.5856420993804932,1.6466472148895264,2.0228946208953857,2.1177878379821777,2.435866117477417,2.707725763320923,2.8434996604919434,3.2099697589874268,1.4963295459747314,1.784396767616272,1.8585386276245117,1.723821997642517,2.09488844871521,2.086941719055176,1.8005071878433228,1.9863163232803345,1.864783525466919,2.0569920539855957,2.1052515506744385,2.074592113494873,2.4480795860290527,2.5025062561035156,2.704338550567627,1.090646505355835,1.4318304061889648,1.4974861145019531,1.5457723140716553,1.9035645723342896,2.047236919403076,1.8727290630340576,2.201897144317627,2.2028841972351074,2.495535373687744,2.647777795791626,2.7411580085754395,3.0963943004608154,3.2388694286346436,3.537095308303833
A13,2.8172430992126465,2.790409803390503,2.6656365394592285,2.2909936904907227,2.3522636890411377,1.9856148958206177,1.723223090171814,1.386309266090393,1.1272268295288086,0.7823458313941956,0.5766409039497375,0.3784651458263397,0.0,0.36931905150413513,0.5536327362060547,1.805916428565979,1.4747551679611206,1.4543808698654175,1.294727087020874,1.0689374208450317,1.0178687572479248,1.2940665483474731,1.3637995719909668,1.7168593406677246,1.7731409072875977,2.1559629440307617,2.3081490993499756,2.4386839866638184,2.7946324348449707,2.9244368076324463,2.2842202186584473,2.2000927925109863,1.8334006071090698,1.8402388095855713,1.8011329174041748,1.828715443611145,1.783737063407898,1.9460097551345825,1.9755181074142456,2.346994638442993,2.404613494873047,2.717410087585449,2.986671209335327,3.091261625289917,3.4649813175201416,1.6183443069458008,1.95189368724823,2.0519394874572754,1.9750392436981201,2.353466272354126,2.388249397277832,2.1245710849761963,2.337050676345825,2.226580858230591,2.431428909301758,2.4744088649749756,2.444131374359131,2.8167333602905273,2.8557193279266357,3.0557870864868164,1.1646825075149536,1.532101035118103,1.6362382173538208,1.758266568183899,2.0991313457489014,2.293549060821533,2.1590685844421387,2.507855176925659,2.5314183235168457,2.8390934467315674,2.9967312812805176,3.105940341949463,3.458921432495117,3.6050968170166016,3.90572452545166
A14,3.062812089920044,3.0684421062469482,2.9454102516174316,2.5745930671691895,2.658748149871826,2.3000338077545166,2.011446952819824,1.6892729997634888,1.3871642351150513,1.0863064527511597,0.7935106158256531,0.5569372177124023,0.36931905150413513,0.0,0.3732883930206299,1.8062809705734253,1.4499361515045166,1.4592329263687134,1.394256591796875,1.1567143201828003,1.2099422216415405,1.5261036157608032,1.6534541845321655,2.019868850708008,2.1119744777679443,2.494201421737671,2.6586296558380127,2.800072431564331,3.1540274620056152,3.291059732437134,2.5550293922424316,2.4304866790771484,2.0528931617736816,2.0418012142181396,1.9418773651123047,1.923106074333191,1.9160679578781128,2.0297152996063232,2.0710647106170654,2.4217076301574707,2.4709088802337646,2.809753894805908,3.0429885387420654,3.1569435596466064,3.527130126953125,1.7387031316757202,2.0688841342926025,2.2226312160491943,2.1370623111724854,2.523977279663086,2.5521440505981445,2.2945735454559326,2.4885239601135254,2.383535146713257,2.54512882232666,2.5965545177459717,2.5174596309661865,2.8789680004119873,2.911628484725952,3.071418285369873,1.3872305154800415,1.7662136554718018,1.9144651889801025,2.008274555206299,2.3698034286499023,2.5403404235839844,2.3944056034088135,2.7303731441497803,2.7451324462890625,3.0251662731170654,3.183724880218506,3.2550199031829834,3.612119197845459,3.7469675540924072,4.039273738861084
A15,3.269794225692749,3.2675087451934814,3.173171281814575,2.801344633102417,2.884577512741089,2.522834062576294,2.2570481300354004,1.9321010112762451,1.6665807962417603,1.3277236223220825,1.099478006362915,0.8183812499046326,0.5536327362060547,0.3732883930206299,0.0,2.1765944957733154,1.8166512250900269,1.8019146919250488,1.7267768383026123,1.4545514583587646,1.4466581344604492,1.7739808559417725,1.8415095806121826,2.2052242755889893,2.260265350341797,2.635542392730713,2.807241201400757,2.9041152000427246,3.2693450450897217,3.386589765548706,2.6962859630584717,2.570610523223877,2.2043213844299316,2.251232147216797,2.1489241123199463,2.1793651580810547,2.203789472579956,2.3500592708587646,2.415053606033325,2.7728488445281982,2.835867404937744,3.172450542449951,3.4114177227020264,3.5275235176086426,3.8980681896209717,2.0835201740264893,2.423011064529419,2.563321352005005,2.4812192916870117,2.865023374557495,2.8858330249786377,2.612360715866089,2.791970729827881,2.6553702354431152,2.8099539279937744,2.8216335773468018,2.72772479057312,3.0835371017456055,3.076112747192383,3.236274003982544,1.6847254037857056,2.061643123626709,2.187211513519287,2.3051750659942627,2.6512985229492188,2.835782527923584,2.683450937271118,3.0185179710388184,3.013052463531494,3.303980588912964,3.4366729259490967,3.5106711387634277,3.873716115951538,3.988487482070923,4.295220851898193
B1,2.4932849407196045,2.5745065212249756,2.327470541000366,2.071343183517456,2.1779251098632812,1.9767181873321533,1.653774619102478,1.5742809772491455,1.2877033948898315,1.5016525983810425,1.3248307704925537,1.545184850692749,1.805916428565979,1.8062809705734253,2.1765944957733154,0.0,0.3783806562423706,0.6217297911643982,0.7926248908042908,1.0977342128753662,1.4243813753128052,1.4122986793518066,1.7814538478851318,1.9725133180618286,2.242429494857788,2.5208094120025635,2.6335177421569824,2.962482213973999,3.187206506729126,3.4178175926208496,2.488049268722534,2.3806426525115967,2.087951183319092,1.7731847763061523,1.707985281944275,1.3829866647720337,1.1778892278671265,0.9090264439582825,0.6957706212997437,0.8240163922309875,0.7419745326042175,1.1128662824630737,1.2632719278335571,1.4128867387771606,1.7616339921951294,0.9409142136573792,0.8855774402618408,1.0856099128723145,0.9054638743400574,1.181316614151001,1.2076866626739502,1.1597013473510742,1.368762731552124,1.539291262626648,1.6654820442199707,1.9663009643554688,1.9880366325378418,2.2740204334259033,2.527121067047119,2.641805410385132,1.2970938682556152,1.365788459777832,1.5343581438064575,1.3423786163330078,1.6656222343444824,1.6192572116851807,1.5243679285049438,1.7335033416748047,1.8598012924194336,1.9734604358673096,2.267019033432007,2.2821528911590576,2.548321485519409,2.7830846309661865,2.9496452808380127
B2,2.5095324516296387,2.591299533843994,2.377680540084839,2.083730936050415,2.2094318866729736,1.9647283554077148,1.6157416105270386,1.4796303510665894,1.1392278671264648,1.2748476266860962,1.042193055152893,1.21070396900177,1.4747551679611206,1.4499361515045166,1.8166512250900269,0.3783806562423706,0.0,0.38445934653282166,0.5990442037582397,0.81174236536026,1.1706418991088867,1.247862458229065,1.6166703701019287,1.8679203987121582,2.131570816040039,2.4437596797943115,2.586773633956909,2.8888890743255615,3.147331714630127,3.3729405403137207,2.390244722366333,2.2571921348571777,1.928758144378662,1.658713459968567,1.55558180809021,1.2636117935180664,1.1177594661712646,0.9395710825920105,0.845327615737915,1.0830273628234863,1.0864274501800537,1.4585846662521362,1.6310217380523682,1.7885353565216064,2.138556718826294,1.0022433996200562,1.082064151763916,1.2769558429718018,1.0904430150985718,1.4234880208969116,1.4242963790893555,1.2809078693389893,1.4742432832717896,1.5561474561691284,1.6793198585510254,1.9247099161148071,1.903869867324829,2.2193100452423096,2.4265620708465576,2.5459258556365967,1.193662166595459,1.362429141998291,1.5315958261489868,1.3851372003555298,1.7511664628982544,1.747942566871643,1.6100703477859497,1.8569141626358032,1.9374985694885254,2.092780828475952,2.3485536575317383,2.362950325012207,2.664701223373413,2.868292808532715,3.071521282196045
B3,2.2246768474578857,2.338540554046631,2.1681582927703857,1.877244234085083,2.060743808746338,1.8361201286315918,1.4657659530639648,1.3797441720962524,1.0460519790649414,1.1950256824493408,1.0216224193572998,1.1241121292114258,1.4543808698654175,1.4592329263687134,1.8019146919250488,0.6217297911643982,0.38445934653282166,0.0,0.37970277667045593,0.5466165542602539,0.9192131757736206,1.006463885307312,1.3899552822113037,1.6461118459701538,1.9490106105804443,2.2485010623931885,2.4385249614715576,2.737515926361084,2.996083974838257,3.2496471405029297,2.0898754596710205,1.9229618310928345,1.5973631143569946,1.3283333778381348,1.1875571012496948,0.8890164494514465,0.7953914403915405,0.6697432994842529,0.7255591154098511,1.0211997032165527,1.1566886901855469,1.519141674041748,1.7221579551696777,1.9346121549606323,2.268441915512085,1.2444021701812744,1.3068914413452148,1.4045194387435913,1.1358815431594849,1.4464082717895508,1.3528519868850708,1.1218658685684204,1.2435966730117798,1.2536870241165161,1.3522952795028687,1.5664551258087158,1.5309269428253174,1.857165813446045,2.0515801906585693,2.1850533485412598,1.3082993030548096,1.473374605178833,1.5523604154586792,1.3622567653656006,1.7248233556747437,1.6790307760238647,1.4659578800201416,1.6857548952102661,1.6989775896072388,1.85460364818573,2.0694119930267334,2.0682380199432373,2.3912320137023926,2.567598819732666,2.7945117950439453
B4,1.9832637310028076,2.0531206130981445,1.8734424114227295,1.5567611455917358,1.72055184841156,1.4731584787368774,1.1015987396240234,1.002901315689087,0.6772228479385376,0.8694958686828613,0.7884311079978943,0.9536817073822021,1.294727087020874,1.394256591796875,1.7267768383026123,0.7926248908042908,0.5990442037582397,0.37970277667045593,0.0,0.37462693452835083,0.6391535997390747,0.6561534404754639,1.0362879037857056,1.2881876230239868,1.5768144130706787,1.8829952478408813,2.0653023719787598,2.3610496520996094,2.6238925457000732,2.8723549842834473,1.7967904806137085,1.6749420166015625,1.345381498336792,1.0847361087799072,1.03477942943573,0.8269794583320618,0.6380419731140137,0.6707399487495422,0.6966068148612976,1.0728435516357422,1.2138025760650635,1.5329657793045044,1.804730772972107,1.9890639781951904,2.3358335494995117,1.1109623908996582,1.2047488689422607,1.2261085510253906,0.9581108689308167,1.2917358875274658,1.2138484716415405,0.9397749900817871,1.1237022876739502,1.1110152006149292,1.306899070739746,1.4962892532348633,1.5325911045074463,1.8863017559051514,2.070056200027466,2.26253080368042,1.04523503780365,1.1967453956604004,1.2212485074996948,1.0424163341522217,1.411572813987732,1.4016388654708862,1.1868621110916138,1.4572819471359253,1.486439824104309,1.7082436084747314,1.9267557859420776,1.9912422895431519,2.320641279220581,2.512472152709961,2.7623517513275146
B5,2.0551035404205322,2.1345863342285156,2.0112357139587402,1.677220106124878,1.867375373840332,1.5980350971221924,1.2277154922485352,1.0892915725708008,0.7533609867095947,0.7917221188545227,0.6832736134529114,0.6959896683692932,1.0689374208450317,1.1567143201828003,1.4545514583587646,1.0977342128753662,0.81174236536026,0.5466165542602539,0.37462693452835083,0.0,0.39654111862182617,0.6236264109611511,0.9581925272941589,1.282033920288086,1.5584583282470703,1.887279748916626,2.11221981048584,2.3668103218078613,2.6593964099884033,2.904714822769165,1.7399159669876099,1.5755987167358398,1.209470510482788,1.037936806678772,0.9207020401954651,0.8043133616447449,0.7645590901374817,0.906222939491272,1.0356556177139282,1.4051241874694824,1.5750046968460083,1.8988007307052612,2.1620006561279297,2.357741355895996,2.7012882232666016,1.3823002576828003,1.5369163751602173,1.5654361248016357,1.3142770528793335,1.6465733051300049,1.5478872060775757,1.2325143814086914,1.35604989528656,1.2420129776000977,1.3993475437164307,1.5009281635284424,1.4781217575073242,1.847776174545288,1.9676480293273926,2.161863088607788,1.1839035749435425,1.4083551168441772,1.416059970855713,1.292458415031433,1.6581432819366455,1.6745342016220093,1.4290586709976196,1.6959495544433594,1.6632369756698608,1.9013463258743286,2.0617315769195557,2.1121206283569336,2.464775562286377,2.6130661964416504,2.8924195766448975
B6,1.8609490394592285,1.902629017829895,1.8111152648925781,1.4595752954483032,1.6473110914230347,1.36421537399292,1.0197159051895142,0.8780741095542908,0.6255853176116943,0.6056997179985046,0.6807889938354492,0.6652073264122009,1.0178687572479248,1.2099422216415405,1.4466581344604492,1.4243813753128052,1.1706418991088867,0.9192131757736206,0.6391535997390747,0.39654111862182617,0.0,0.37768688797950745,0.6047054529190063,0.9621651768684387,1.2147207260131836,1.5509068965911865,1.7983732223510742,2.024120330810547,2.330160617828369,2.5743095874786377,1.4312856197357178,1.2981222867965698,0.9229171276092529,0.8389260768890381,0.8145970702171326,0.8735353350639343,0.8297277688980103,1.1029372215270996,1.2403595447540283,1.6250050067901611,1.8119832277297974,2.0940752029418945,2.3966290950775146,2.58052134513855,2.922919511795044,1.527464747428894,1.698921799659729,1.656501293182373,1.4203853607177734,1.7315633296966553,1.6281324625015259,1.2838739156723022,1.4058072566986084,1.2318782806396484,1.4419596195220947,1.4741023778915405,1.5017402172088623,1.8798563480377197,1.9625990390777588,2.2091245651245117,1.1857352256774902,1.3932840824127197,1.3159183263778687,1.230698585510254,1.5600292682647705,1.6079026460647583,1.3523575067520142,1.6336501836776733,1.5772596597671509,1.867840051651001,1.9932855367660522,2.094464063644409,2.450867176055908,2.589574098587036,2.8958029747009277
B7,1.5569283962249756,1.5714234113693237,1.4478641748428345,1.0933655500411987,1.2808282375335693,1.018470048904419,0.6620991826057434,0.616971492767334,0.4783554971218109,0.6561567783355713,0.8579469919204712,0.9720292687416077,1.2940665483474731,1.5261036157608032,1.7739808559417725,1.4122986793518066,1.247862458229065,1.006463885307312,0.6561534404754639,0.6236264109611511,0.37768688797950745,0.0,0.3885979950428009,0.6626167893409729,0.9636580348014832,1.2715928554534912,1.505345344543457,1.77277410030365,2.049628973007202,2.3135080337524414,1.204053521156311,1.1386158466339111,0.8123410940170288,0.6438958644866943,0.7748116850852966,0.842767059803009,0.6729224920272827,0.9854958057403564,1.0812608003616333,1.4585672616958618,1.6518505811691284,1.8839191198349,2.216841459274292,2.391021728515625,2.723614454269409,1.444129467010498,1.5575073957443237,1.4358989000320435,1.1864922046661377,1.4541492462158203,1.3406307697296143,0.9954739809036255,1.1439013481140137,0.9967088103294373,1.2831449508666992,1.3480194807052612,1.4709428548812866,1.8383808135986328,1.9650547504425049,2.242769241333008,1.1284440755844116,1.2344363927841187,1.0754437446594238,0.9371731877326965,1.230441927909851,1.2546238899230957,0.9907681941986084,1.2795822620391846,1.246001124382019,1.5650233030319214,1.7139439582824707,1.8645484447479248,2.2039618492126465,2.3749663829803467,2.673745632171631
B8,1.4804917573928833,1.4304540157318115,1.3494535684585571,0.9866083860397339,1.1444672346115112,0.8699918389320374,0.6143026947975159,0.5816801190376282,0.6432544589042664,0.7144349217414856,1.0265753269195557,1.1069815158843994,1.3637995719909668,1.6534541845321655,1.8415095806121826,1.7814538478851318,1.6166703701019287,1.3899552822113037,1.0362879037857056,0.9581925272941589,0.6047054529190063,0.3885979950428009,0.0,0.37948113679885864,0.6202002763748169,0.9464072585105896,1.2089415788650513,1.4341994524002075,1.7314038276672363,1.990323543548584,0.9775842428207397,0.9928683042526245,0.710445761680603,0.7037145495414734,0.9318106174468994,1.127032995223999,0.9946896433830261,1.339500904083252,1.430224061012268,1.794050693511963,1.982880711555481,2.178276777267456,2.5300025939941406,2.686002254486084,3.013256549835205,1.6787410974502563,1.81157648563385,1.6470906734466553,1.4421446323394775,1.6753182411193848,1.576529622077942,1.2470200061798096,1.382684588432312,1.200880765914917,1.5035282373428345,1.4983813762664795,1.6540236473083496,2.00797438621521,2.092769145965576,2.4044458866119385,1.2599036693572998,1.3434935808181763,1.1111207008361816,1.0490717887878418,1.2610881328582764,1.3330556154251099,1.0973236560821533,1.3779560327529907,1.3280901908874512,1.6845749616622925,1.7893060445785522,1.9888819456100464,2.3170619010925293,2.4738094806671143,2.7908544540405273
B9,1.2058944702148438,1.0930238962173462,1.0110368728637695,0.6580013632774353,0.8133667707443237,0.6075407266616821,0.48229753971099854,0.6481373906135559,0.8691694140434265,1.0186707973480225,1.3564612865447998,1.4765723943710327,1.7168593406677246,2.019868850708008,2.2052242755889893,1.9725133180618286,1.8679203987121582,1.6461118459701538,1.2881876230239868,1.282033920288086,0.9621651768684387,0.6626167893409729,0.37948113679885864,0.0,0.3867412209510803,0.6164864897727966,0.8961461186408997,1.1579582691192627,1.4142886400222778,1.7062289714813232,0.753181517124176,0.8989686965942383,0.7581589818000793,0.7445704340934753,1.076370358467102,1.2884941101074219,1.1170833110809326,1.4592796564102173,1.525191307067871,1.8491071462631226,2.042114496231079,2.1758058071136475,2.5438551902770996,2.689173460006714,2.9944510459899902,1.8230546712875366,1.9017467498779297,1.6659797430038452,1.471284031867981,1.6256165504455566,1.5155818462371826,1.2187496423721313,1.3388782739639282,1.1754473447799683,1.5112464427947998,1.5016181468963623,1.732610821723938,2.0538880825042725,2.1565046310424805,2.4926655292510986,1.439743995666504,1.426426887512207,1.113145112991333,1.0252128839492798,1.120551586151123,1.163901448249817,0.9446716904640198,1.182096004486084,1.1356544494628906,1.51237952709198,1.6051265001296997,1.8618943691253662,2.157855987548828,2.3298988342285156,2.6408371925354004
B10,1.4327561855316162,1.2318260669708252,1.1510573625564575,0.8380343317985535,0.834812581539154,0.600363552570343,0.6679732799530029,0.7321226000785828,1.0330010652542114,1.1048213243484497,1.4781473875045776,1.6056592464447021,1.7731409072875977,2.1119744777679443,2.260265350341797,2.242429494857788,2.131570816040039,1.9490106105804443,1.5768144130706787,1.5584583282470703,1.2147207260131836,0.9636580348014832,0.6202002763748169,0.3867412209510803,0.0,0.3846624493598938,0.6117131114006042,0.8149551749229431,1.1177769899368286,1.3710505962371826,0.9258801937103271,1.153293251991272,1.0581753253936768,1.118471622467041,1.4397056102752686,1.6649839878082275,1.4894815683364868,1.8181052207946777,1.8464170694351196,2.1703460216522217,2.324922561645508,2.44024920463562,2.817437171936035,2.926210880279541,3.2355830669403076,1.9432346820831299,2.05385422706604,1.810590147972107,1.6857881546020508,1.8366107940673828,1.78609299659729,1.533091425895691,1.6904164552688599,1.5526667833328247,1.8935879468917847,1.8736636638641357,2.1048829555511475,2.4213662147521973,2.503781795501709,2.8472251892089844,1.4887323379516602,1.4602233171463013,1.1283042430877686,1.1529368162155151,1.18198561668396,1.3163306713104248,1.191282868385315,1.4411754608154297,1.4409208297729492,1.8226008415222168,1.9125208854675293,2.1980671882629395,2.472505569458008,2.6470932960510254,2.9549715518951416
B11,1.2751127481460571,1.0051084756851196,0.9749578237533569,0.7668020725250244,0.7306697964668274,0.6798475384712219,0.8803967833518982,1.0522061586380005,1.3766788244247437,1.4842774868011475,1.8557274341583252,1.9838656187057495,2.1559629440307617,2.494201421737671,2.635542392730713,2.5208094120025635,2.4437596797943115,2.2485010623931885,1.8829952478408813,1.887279748916626,1.5509068965911865,1.2715928554534912,0.9464072585105896,0.6164864897727966,0.3846624493598938,0.0,0.38191619515419006,0.5846914649009705,0.8118845820426941,1.1244691610336304,0.8453519344329834,1.1678515672683716,1.1982049942016602,1.2728348970413208,1.6259514093399048,1.8707648515701294,1.69817054271698,2.0253045558929443,2.0563554763793945,2.3429038524627686,2.5100858211517334,2.5774056911468506,2.95731258392334,3.0643224716186523,3.346986770629883,2.2309882640838623,2.2975940704345703,2.010477304458618,1.88699209690094,1.967476487159729,1.8961620330810547,1.6734282970428467,1.7892005443572998,1.6539759635925293,1.9882370233535767,1.9457072019577026,2.2191543579101562,2.4981629848480225,2.5799739360809326,2.938924551010132,1.8185874223709106,1.7350560426712036,1.370999813079834,1.365121603012085,1.292981743812561,1.378631591796875,1.2753915786743164,1.442412257194519,1.424672245979309,1.7889680862426758,1.84015691280365,2.160726547241211,2.3959949016571045,2.5656771659851074,2.8659441471099854
B12,1.5066890716552734,1.1839544773101807,1.0721757411956787,0.9146053194999695,0.699815034866333,0.6754535436630249,0.9932547807693481,1.136846661567688,1.502456545829773,1.6210426092147827,1.9944350719451904,2.171257972717285,2.3081490993499756,2.6586296558380127,2.807241201400757,2.6335177421569824,2.586773633956909,2.4385249614715576,2.0653023719787598,2.11221981048584,1.7983732223510742,1.505345344543457,1.2089415788650513,0.8961461186408997,0.6117131114006042,0.38191619515419006,0.0,0.380214661359787,0.5608305931091309,0.8343666791915894,1.207533836364746,1.5382590293884277,1.5596686601638794,1.591578722000122,1.949752688407898,2.1551663875579834,1.93691086769104,2.227261543273926,2.198885440826416,2.466118574142456,2.584928274154663,2.6164259910583496,3.0000078678131104,3.0630757808685303,3.340240240097046,2.2228264808654785,2.2798213958740234,1.9740592241287231,1.9170150756835938,1.9686460494995117,1.9603127241134644,1.802194356918335,1.9686466455459595,1.8970261812210083,2.2533788681030273,2.2531776428222656,2.5426204204559326,2.821065664291382,2.9270176887512207,3.282562017440796,1.8252373933792114,1.6840544939041138,1.3136634826660156,1.3649396896362305,1.2089393138885498,1.3538436889648438,1.3560044765472412,1.5339462757110596,1.5980453491210938,1.9557991027832031,2.0492429733276367,2.3936285972595215,2.5987284183502197,2.800344944000244,3.075151205062866
B13,1.7625254392623901,1.4351571798324585,1.3933264017105103,1.262213945388794,1.0743130445480347,1.039743185043335,1.3309853076934814,1.4187530279159546,1.771577000617981,1.82424795627594,2.201723575592041,2.3434863090515137,2.4386839866638184,2.800072431564331,2.9041152000427246,2.962482213973999,2.8888890743255615,2.737515926361084,2.3610496520996094,2.3668103218078613,2.024120330810547,1.77277410030365,1.4341994524002075,1.1579582691192627,0.8149551749229431,0.5846914649009705,0.380214661359787,0.0,0.3727230727672577,0.5695233345031738,1.3721376657485962,1.7103816270828247,1.7521774768829346,1.851822853088379,2.197340965270996,2.440065860748291,2.25199031829834,2.5623323917388916,2.5509350299835205,2.8316478729248047,2.9525506496429443,2.9928956031799316,3.3767833709716797,3.4358625411987305,3.7156500816345215,2.5186502933502197,2.6069962978363037,2.31715989112854,2.2745471000671387,2.341681718826294,2.3380112648010254,2.1680610179901123,2.3237104415893555,2.222632646560669,2.565368175506592,2.5276026725769043,2.801970958709717,3.077310562133789,3.147928237915039,3.5104289054870605,2.070150852203369,1.9595609903335571,1.6097548007965088,1.7069158554077148,1.5647248029708862,1.7312614917755127,1.7309341430664062,1.904195785522461,1.9424207210540771,2.295933961868286,2.3548457622528076,2.6966092586517334,2.900254726409912,3.0770366191864014,3.3621139526367188
