,A1,A2,A3,A4,A5,A6,A7,A8,A9,A10,A11,A12,A13,A14,A15,B1,B2,B3,B4,B5,B6,B7,B8,B9,B10,B11,B12,B13,B14,B15,C1,C2,C3,C4,C5,C6,C7,C8,C9,C10,C11,C12,C13,C14,C15,D1,D2,D3,D4,D5,D6,D7,D8,D9,D10,D11,D12,D13,D14,D15,E1,E2,E3,E4,E5,E6,E7,E8,E9,E10,E11,E12,E13,E14,E15
A1,0.0,0.3810156583786011,0.5952330231666565,0.8879133462905884,1.130944848060608,1.5192548036575317,1.6518616676330566,1.9861159324645996,2.2489914894104004,2.519411087036133,2.843252420425415,3.0550475120544434,3.3597958087921143,3.6243526935577393,3.8709449768066406,3.6318747997283936,3.344273090362549,3.130859851837158,2.7707321643829346,2.6836869716644287,2.324894666671753,2.0260989665985107,1.827811598777771,1.46333909034729,1.4174456596374512,1.0445358753204346,1.0315943956375122,1.0922802686691284,0.9282637238502502,1.2735581398010254,3.607440233230591,3.3453726768493652,3.0720572471618652,2.716204881668091,2.6443305015563965,2.28418231010437,2.0190491676330566,1.8925920724868774,1.5337891578674316,1.6096646785736084,1.2793147563934326,1.380333423614502,1.4669872522354126,1.4167063236236572,1.7603894472122192,0.507441520690918,0.5529367923736572,0.891616702079773,1.0127516984939575,1.3043831586837769,1.6509536504745483,1.6881811618804932,2.0136821269989014,2.230703592300415,2.4669342041015625,2.790447235107422,2.936887741088867,3.261077880859375,3.5061466693878174,3.7248737812042236,3.5466063022613525,3.2537598609924316,2.9951529502868652,2.6581478118896484,2.520812511444092,2.13310170173645,1.897762656211853,1.6846691370010376,1.3682533502578735,1.3597043752670288,1.0102289915084839,1.1576637029647827,1.1579082012176514,1.1596753597259521,1.466057538986206
A2,0.3810156583786011,0.0,0.38518837094306946,0.6025593280792236,0.8260241150856018,1.2052828073501587,1.336751103401184,1.646932601928711,1.922279715538025,2.1699059009552,2.5071184635162354,2.713149070739746,3.008427619934082,3.2813944816589355,3.515751600265503,3.3410584926605225,3.0363411903381348,2.8320446014404297,2.4705495834350586,2.3647117614746094,2.001242160797119,1.707290768623352,1.4790486097335815,1.1178696155548096,1.0396440029144287,0.6640446186065674,0.6833670139312744,0.7881899476051331,0.7337932586669922,1.1092990636825562,3.3564538955688477,3.0893328189849854,2.844243288040161,2.4747705459594727,2.4076786041259766,2.0678763389587402,1.7663673162460327,1.6494290828704834,1.274491548538208,1.3427274227142334,1.038856029510498,1.107106328010559,1.2750922441482544,1.2364929914474487,1.6086262464523315,0.6496138572692871,0.6374471187591553,0.8460178375244141,0.8558615446090698,1.2105873823165894,1.5117006301879883,1.484365701675415,1.8348957300186157,2.0076985359191895,2.27378511428833,2.567167043685913,2.7165021896362305,3.058006763458252,3.283172369003296,3.5279650688171387,3.2567174434661865,2.9838528633117676,2.7106149196624756,2.378359794616699,2.265160083770752,1.8944895267486572,1.6500247716903687,1.5002902746200562,1.1915870904922485,1.287859320640564,1.0005240440368652,1.2179816961288452,1.3221832513809204,1.3743208646774292,1.716399073600769
A3,0.5952330231666565,0.38518837094306946,0.0,0.38144776225090027,0.5501543879508972,0.9382933378219604,1.1123460531234741,1.440685749053955,1.7235513925552368,2.0070626735687256,2.3256969451904297,2.574253797531128,2.860262393951416,3.1421244144439697,3.3955228328704834,3.1418519020080566,2.847867488861084,2.6745617389678955,2.299959421157837,2.2490413188934326,1.9210540056228638,1.5833548307418823,1.415226936340332,1.0380637645721436,1.0016589164733887,0.7048963308334351,0.6440893411636353,0.9002185463905334,0.8457054495811462,1.2195894718170166,3.141857624053955,2.905914068222046,2.6589813232421875,2.2889392375946045,2.277771472930908,1.963273525238037,1.654937744140625,1.626009225845337,1.270668625831604,1.4358211755752563,1.2100095748901367,1.3313102722167969,1.5620849132537842,1.566095232963562,1.9438977241516113,0.9403467774391174,0.7780744433403015,0.9769232869148254,0.8551086783409119,1.1724278926849365,1.4086552858352661,1.3199716806411743,1.6305583715438843,1.7776811122894287,2.0052762031555176,2.3020641803741455,2.4154043197631836,2.7580196857452393,2.9750864505767822,3.2046382427215576,3.0037808418273926,2.7159488201141357,2.436283588409424,2.117172956466675,1.9608359336853027,1.5753731727600098,1.372726559638977,1.190773367881775,0.9309829473495483,1.046040415763855,0.8301158547401428,1.1434215307235718,1.2436937093734741,1.3990466594696045,1.7172995805740356
A4,0.8879133462905884,0.6025593280792236,0.38144776225090027,0.0,0.3869768977165222,0.6836518049240112,0.7654690742492676,1.1154605150222778,1.369065523147583,1.6610183715820312,1.970741868019104,2.2095861434936523,2.508225679397583,2.7783007621765137,3.040466070175171,2.7746164798736572,2.479424476623535,2.296466827392578,1.9239577054977417,1.8702064752578735,1.5464274883270264,1.204561471939087,1.061782956123352,0.6857258081436157,0.7447452545166016,0.5579323768615723,0.657809317111969,0.987546443939209,1.0693625211715698,1.430236577987671,2.783703327178955,2.537494659423828,2.3006083965301514,1.9256953001022339,1.910744309425354,1.6090344190597534,1.2854435443878174,1.2806041240692139,0.9381611347198486,1.1478374004364014,1.0040473937988281,1.1680715084075928,1.4543315172195435,1.5309637784957886,1.9014256000518799,1.0782119035720825,0.8559610247612,0.9001396894454956,0.6464018821716309,0.9603256583213806,1.1246544122695923,0.9826750159263611,1.3114513158798218,1.436038613319397,1.6971458196640015,1.9761873483657837,2.1175668239593506,2.4642653465270996,2.6829137802124023,2.9352171421051025,2.6660754680633545,2.385132312774658,2.1162161827087402,1.781895637512207,1.665908694267273,1.29949152469635,1.0488684177398682,0.9307587742805481,0.6567417979240417,0.8816749453544617,0.7669203281402588,1.0920138359069824,1.2982161045074463,1.4771517515182495,1.816766619682312
A5,1.130944848060608,0.8260241150856018,0.5501543879508972,0.3869768977165222,0.0,0.40067431330680847,0.6601464152336121,0.9306079745292664,1.251210331916809,1.517654299736023,1.841808795928955,2.116144895553589,2.3724782466888428,2.6754238605499268,2.920387029647827,2.717665195465088,2.4057817459106445,2.2780330181121826,1.8978569507598877,1.8626928329467773,1.571753978729248,1.220748782157898,1.0673208236694336,0.7337197661399841,0.6749112010002136,0.5997068285942078,0.5227967500686646,0.9050916433334351,1.0093319416046143,1.3175711631774902,2.7728030681610107,2.5572025775909424,2.3617119789123535,1.9804083108901978,2.023167371749878,1.7795732021331787,1.428297996520996,1.4913159608840942,1.1756783723831177,1.3767671585083008,1.2812540531158447,1.3692247867584229,1.6961169242858887,1.7302237749099731,2.103172779083252,1.4071980714797974,1.220626950263977,1.2837377786636353,1.0166287422180176,1.308951735496521,1.4025378227233887,1.1739012002944946,1.4564895629882812,1.4886983633041382,1.7234601974487305,1.9569896459579468,2.0400261878967285,2.4069554805755615,2.5790505409240723,2.8369505405426025,2.5366106033325195,2.2746012210845947,1.9633246660232544,1.6714376211166382,1.5226702690124512,1.1700160503387451,1.0099892616271973,0.9568874835968018,0.82401043176651,1.1089755296707153,1.078620433807373,1.4370828866958618,1.6165282726287842,1.826806664466858,2.1473147869110107
A6,1.5192548036575317,1.2052828073501587,0.9382933378219604,0.6836518049240112,0.40067431330680847,0.0,0.37686440348625183,0.5643830299377441,0.8958605527877808,1.1644041538238525,1.4732599258422852,1.7732112407684326,2.011507034301758,2.3213226795196533,2.571272850036621,2.3640756607055664,2.0478615760803223,1.956208348274231,1.5770635604858398,1.5735853910446167,1.3370851278305054,0.9843868017196655,0.9023341536521912,0.6766527891159058,0.6849112510681152,0.8234065771102905,0.8096380233764648,1.1772526502609253,1.345557451248169,1.6087307929992676,2.4491612911224365,2.2539305686950684,2.0962400436401367,1.7176027297973633,1.8085435628890991,1.632780909538269,1.275774359703064,1.4246797561645508,1.1820143461227417,1.4140398502349854,1.4267290830612183,1.5182840824127197,1.8804782629013062,1.9541090726852417,2.3086774349212646,1.7508869171142578,1.536564588546753,1.5281511545181274,1.1994260549545288,1.4299659729003906,1.4114158153533936,1.0995333194732666,1.3232598304748535,1.2580766677856445,1.4853774309158325,1.6614325046539307,1.7242085933685303,2.101759910583496,2.2433698177337646,2.5212693214416504,2.154761552810669,1.908345103263855,1.5818934440612793,1.3093773126602173,1.1741174459457397,0.8675475120544434,0.75360506772995,0.8387101888656616,0.8408259153366089,1.1946218013763428,1.283892035484314,1.6377187967300415,1.8580256700515747,2.0975592136383057,2.411949634552002
A7,1.6518616676330566,1.336751103401184,1.1123460531234741,0.7654690742492676,0.6601464152336121,0.37686440348625183,0.0,0.3919731676578522,0.613694429397583,0.9338697195053101,1.2200287580490112,1.4959032535552979,1.777757167816162,2.0559279918670654,2.330592632293701,2.0628950595855713,1.7513519525527954,1.6195237636566162,1.2386009693145752,1.2315232753753662,0.9960014224052429,0.6262251734733582,0.6407525539398193,0.49377620220184326,0.6957892775535583,0.9120095372200012,1.0440415143966675,1.3961747884750366,1.6040030717849731,1.888110876083374,2.1354122161865234,1.9128116369247437,1.7492079734802246,1.365401029586792,1.4358364343643188,1.2694822549819946,0.9109490513801575,1.0959347486495972,0.9163025617599487,1.1840121746063232,1.2841037511825562,1.4262416362762451,1.78946053981781,1.9313991069793701,2.2623348236083984,1.7841036319732666,1.541959524154663,1.4437201023101807,1.0789592266082764,1.2462252378463745,1.149834394454956,0.8057869076728821,1.026666283607483,0.9423493146896362,1.22528874874115,1.3908510208129883,1.5207583904266357,1.8902946710586548,2.0577218532562256,2.357787847518921,1.9273033142089844,1.6772511005401611,1.3891210556030273,1.0666624307632446,1.0177139043807983,0.7532480359077454,0.5150237679481506,0.7207875847816467,0.7196583151817322,1.1043301820755005,1.2487637996673584,1.5552921295166016,1.8346151113510132,2.0655386447906494,2.38714861869812
A8,1.9861159324645996,1.646932601928711,1.440685749053955,1.1154605150222778,0.9306079745292664,0.5643830299377441,0.3919731676578522,0.0,0.37596479058265686,0.600679874420166,0.9184824228286743,1.2126436233520508,1.4488946199417114,1.758134365081787,2.0083889961242676,1.8701201677322388,1.5289407968521118,1.4558759927749634,1.0933198928833008,1.0755559206008911,0.9104245901107788,0.6276590824127197,0.6509002447128296,0.6998111605644226,0.8017221093177795,1.1224777698516846,1.2253360748291016,1.5399223566055298,1.7917263507843018,2.0209450721740723,2.0290279388427734,1.8263020515441895,1.7429085969924927,1.3753291368484497,1.4817010164260864,1.4102883338928223,1.064354419708252,1.2767841815948486,1.1616675853729248,1.3688125610351562,1.52395498752594,1.6001673936843872,1.980322003364563,2.1092700958251953,2.4180166721343994,2.1227622032165527,1.9082396030426025,1.7953554391860962,1.4380755424499512,1.6011521816253662,1.4649171829223633,1.104236364364624,1.2641470432281494,1.0722614526748657,1.3342764377593994,1.3916226625442505,1.4859541654586792,1.8603235483169556,1.9636825323104858,2.2927732467651367,1.703590989112854,1.5120019912719727,1.1884914636611938,0.9287165403366089,0.9460691213607788,0.8233340382575989,0.7115670442581177,1.0205885171890259,1.0957350730895996,1.477615475654602,1.6403586864471436,1.9421292543411255,2.2259926795959473,2.4550349712371826,2.778412103652954
A9,2.2489914894104004,1.922279715538025,1.7235513925552368,1.369065523147583,1.251210331916809,0.8958605527877808,0.613694429397583,0.37596479058265686,0.0,0.39074456691741943,0.6079919934272766,0.9065543413162231,1.1811459064483643,1.4532877206802368,1.7415512800216675,1.503641128540039,1.1660959720611572,1.0832631587982178,0.7204672694206238,0.7530115842819214,0.6974365711212158,0.4917237460613251,0.7145291566848755,0.8843133449554443,1.0831161737442017,1.411572813987732,1.56817626953125,1.879524827003479,2.1390340328216553,2.380340337753296,1.6669141054153442,1.457619071006775,1.4020284414291382,1.0502629280090332,1.181265950202942,1.1923245191574097,0.9014111757278442,1.1817196607589722,1.183539867401123,1.4050909280776978,1.6382383108139038,1.7522478103637695,2.117109537124634,2.2971720695495605,2.5788002014160156,2.3305325508117676,2.092167615890503,1.9258885383605957,1.5579214096069336,1.6429550647735596,1.4229323863983154,1.059281349182129,1.133966326713562,0.8697639107704163,1.1335982084274292,1.1190866231918335,1.2580054998397827,1.6107442378997803,1.7158288955688477,2.0661821365356445,1.3933440446853638,1.2110486030578613,0.9342972040176392,0.65095454454422,0.8070247769355774,0.8169772028923035,0.6998390555381775,1.0799611806869507,1.1962974071502686,1.5558832883834839,1.7724393606185913,2.0315699577331543,2.343350887298584,2.574469804763794,2.8874800205230713
A10,2.519411087036133,2.1699059009552,2.0070626735687256,1.6610183715820312,1.517654299736023,1.1644041538238525,0.9338697195053101,0.600679874420166,0.39074456691741943,0.0,0.3884150981903076,0.6295351982116699,0.8556313514709473,1.1663466691970825,1.4088540077209473,1.4331549406051636,1.0578804016113281,1.0244382619857788,0.7486408948898315,0.6802034378051758,0.706706702709198,0.694765031337738,0.8242068886756897,1.0946956872940063,1.2160109281539917,1.589114785194397,1.7455123662948608,2.008871555328369,2.306546449661255,2.5047128200531006,1.7113384008407593,1.505835771560669,1.5451033115386963,1.2397061586380005,1.343434453010559,1.4175710678100586,1.1528573036193848,1.3798730373382568,1.4086451530456543,1.5482243299484253,1.8094730377197266,1.8572914600372314,2.221292495727539,2.3876760005950928,2.637336254119873,2.586855173110962,2.3842859268188477,2.2020976543426514,1.852608323097229,1.9580003023147583,1.7454637289047241,1.4021493196487427,1.4834753274917603,1.2067139148712158,1.4575012922286987,1.3646588325500488,1.486790657043457,1.8129708766937256,1.8576960563659668,2.2278192043304443,1.3576899766921997,1.2815525531768799,1.0148513317108154,0.8493646383285522,1.0749200582504272,1.1669336557388306,1.0898998975753784,1.4690717458724976,1.5691897869110107,1.9342434406280518,2.1286656856536865,2.3806064128875732,2.7015013694763184,2.9130513668060303,3.2389070987701416
A11,2.843252420425415,2.5071184635162354,2.3256969451904297,1.970741868019104,1.841808795928955,1.4732599258422852,1.2200287580490112,0.9184824228286743,0.6079919934272766,0.3884150981903076,0.0,0.3887227177619934,0.5968966484069824,0.8663696646690369,1.1634646654129028,1.0618456602096558,0.6864151954650879,0.7404107451438904,0.55741286277771,0.6242135763168335,0.8542671203613281,0.9186577200889587,1.1480152606964111,1.424614429473877,1.5887792110443115,1.952697515487671,2.113359212875366,2.3899195194244385,2.6787643432617188,2.884004592895508,1.3846153020858765,1.2193584442138672,1.3347111940383911,1.1010470390319824,1.2622039318084717,1.4430335760116577,1.2661843299865723,1.543178677558899,1.6495236158370972,1.809596300125122,2.1046109199523926,2.183738946914673,2.5340209007263184,2.7278764247894287,2.9637668132781982,2.8971922397613525,2.669611930847168,2.4691507816314697,2.1114604473114014,2.158968210220337,1.8889020681381226,1.553613543510437,1.5423078536987305,1.2140628099441528,1.397684931755066,1.206431269645691,1.3178181648254395,1.5949763059616089,1.6028975248336792,1.9828840494155884,1.005416989326477,0.9877132177352905,0.7933882474899292,0.722474992275238,1.0391179323196411,1.2524319887161255,1.2294960021972656,1.6207228899002075,1.772929072380066,2.1107141971588135,2.3519468307495117,2.5830392837524414,2.9088668823242188,3.1347312927246094,3.442133665084839
A12,3.0550475120544434,2.713149070739746,2.574253797531128,2.2095861434936523,2.116144895553589,1.7732112407684326,1.4959032535552979,1.2126436233520508,0.9065543413162231,0.6295351982116699,0.3887227177619934,0.0,0.384623259305954,0.5696786642074585,0.8629419803619385,1.0007411241531372,0.6325874328613281,0.6315164566040039,0.6251682043075562,0.5414865016937256,0.8500158786773682,1.0622565746307373,1.2655291557312012,1.5993105173110962,1.7648659944534302,2.135791540145874,2.3379502296447754,2.582364320755005,2.896448850631714,3.09447979927063,1.3917757272720337,1.1873736381530762,1.3685734272003174,1.1943644285202026,1.2710880041122437,1.4933580160140991,1.3676198720932007,1.5861150026321411,1.746009111404419,1.8439534902572632,2.1756391525268555,2.2329306602478027,2.5570592880249023,2.7691264152526855,2.9622464179992676,3.0559091567993164,2.849921703338623,2.611020803451538,2.276141881942749,2.310157060623169,2.0356884002685547,1.7407656908035278,1.7400243282318115,1.4402481317520142,1.6479135751724243,1.439876914024353,1.6009386777877808,1.8307894468307495,1.8383311033248901,2.219101667404175,1.1446236371994019,1.2074286937713623,1.1093080043792725,1.051944613456726,1.4006588459014893,1.6082595586776733,1.535768985748291,1.9228304624557495,2.0324697494506836,2.3620686531066895,2.584447145462036,2.7806239128112793,3.1273834705352783,3.3233327865600586,3.63959002494812
A13,3.3597958087921143,3.008427619934082,2.860262393951416,2.508225679397583,2.3724782466888428,2.011507034301758,1.777757167816162,1.4488946199417114,1.1811459064483643,0.8556313514709473,0.5968966484069824,0.384623259305954,0.0,0.37475356459617615,0.5778083205223083,1.0566304922103882,0.7388918995857239,0.8971073031425476,0.9610450863838196,0.9256493449211121,1.2178517580032349,1.4123274087905884,1.579372525215149,1.9081462621688843,2.0258727073669434,2.4089560508728027,2.576000690460205,2.8059613704681396,3.1245806217193604,3.2903826236724854,1.5286215543746948,1.4030890464782715,1.646392822265625,1.516501784324646,1.6283941268920898,1.871253490447998,1.7454960346221924,1.9660459756851196,2.108997344970703,2.1947901248931885,2.515826940536499,2.541691780090332,2.8714439868927,3.0595030784606934,3.246527671813965,3.3876893520355225,3.1894562244415283,2.9658381938934326,2.6277570724487305,2.6780612468719482,2.407247543334961,2.098965883255005,2.086630344390869,1.764386534690857,1.9294018745422363,1.6785883903503418,1.7727909088134766,1.9783399105072021,1.9130167961120605,2.286963701248169,1.1271191835403442,1.2946771383285522,1.2017213106155396,1.2586404085159302,1.5849205255508423,1.8377480506896973,1.82537841796875,2.216604709625244,2.354595184326172,2.692697525024414,2.921095371246338,3.13614559173584,3.474573850631714,3.680701971054077,3.9968502521514893
A14,3.6243526935577393,3.2813944816589355,3.1421244144439697,2.7783007621765137,2.6754238605499268,2.3213226795196533,2.0559279918670654,1.758134365081787,1.4532877206802368,1.1663466691970825,0.8663696646690369,0.5696786642074585,0.37475356459617615,0.0,0.3839641213417053,0.9024494290351868,0.685587465763092,0.8446911573410034,1.0509825944900513,1.030405879020691,1.378346562385559,1.6233524084091187,1.8251030445098877,2.166785478591919,2.319371461868286,2.6955089569091797,2.890619993209839,3.122235059738159,3.4436862468719482,3.622711658477783,1.401341199874878,1.2898049354553223,1.5939456224441528,1.547147274017334,1.6350172758102417,1.931044340133667,1.8755230903625488,2.0879640579223633,2.2856252193450928,2.362413167953491,2.709347724914551,2.753629446029663,3.060154438018799,3.275846004486084,3.438559055328369,3.6159145832061768,3.410856246948242,3.15999698638916,2.8303661346435547,2.8409833908081055,2.5437426567077637,2.2659714221954346,2.217430830001831,1.902683138847351,2.0467491149902344,1.7641457319259644,1.8850148916244507,2.030066728591919,1.9629327058792114,2.324963331222534,1.1484692096710205,1.366566777229309,1.3779020309448242,1.4478132724761963,1.804449439048767,2.0808286666870117,2.054370641708374,2.4405250549316406,2.5762572288513184,2.8918702602386475,3.132575035095215,3.3155930042266846,3.664870500564575,3.862154722213745,4.169570446014404
A15,3.8709449768066406,3.515751600265503,3.3955228328704834,3.040466070175171,2.920387029647827,2.571272850036621,2.330592632293701,2.0083889961242676,1.7415512800216675,1.4088540077209473,1.1634646654129028,0.8629419803619385,0.5778083205223083,0.3839641213417053,0.0,1.2469165325164795,1.0645755529403687,1.2182401418685913,1.4135801792144775,1.3381507396697998,1.644372820854187,1.907918095588684,2.0548622608184814,2.4088432788848877,2.517444610595703,2.9013214111328125,3.087062120437622,3.28660249710083,3.6226155757904053,3.7704265117645264,1.754861831665039,1.6573504209518433,1.9698235988616943,1.9233012199401855,1.9876387119293213,2.26839542388916,2.196354389190674,2.374401330947876,2.5559942722320557,2.591554641723633,2.9327521324157715,2.933490037918091,3.232245922088623,3.42675518989563,3.5657992362976074,3.862399101257324,3.6822292804718018,3.43226957321167,3.1136231422424316,3.1497113704681396,2.8724584579467773,2.5954089164733887,2.5743768215179443,2.265113115310669,2.4208779335021973,2.1414551734924316,2.2451770305633545,2.390437602996826,2.295863389968872,2.6508944034576416,1.46001398563385,1.7121881246566772,1.7025200128555298,1.7935707569122314,2.1344125270843506,2.404278516769409,2.3813273906707764,2.771068811416626,2.8943896293640137,3.223700761795044,3.4458484649658203,3.6354730129241943,3.986811399459839,4.173214912414551,4.492095470428467
B1,3.6318747997283936,3.3410584926605225,3.1418519020080566,2.7746164798736572,2.717665195465088,2.3640756607055664,2.0628950595855713,1.8701201677322388,1.503641128540039,1.4331549406051636,1.0618456602096558,1.0007411241531372,1.0566304922103882,0.9024494290351868,1.2469165325164795,0.0,0.3828279674053192,0.6105095148086548,0.8897637724876404,1.1525291204452515,1.5423671007156372,1.6811151504516602,2.023280620574951,2.2855923175811768,2.5421602725982666,2.8699491024017334,3.0662639141082764,3.370879650115967,3.637526035308838,3.88158917427063,0.5192538499832153,0.5822175741195679,0.9452435970306396,1.0693308115005493,1.2857807874679565,1.662488341331482,1.7326786518096924,2.043745994567871,2.2954487800598145,2.4866912364959717,2.829838275909424,2.9904661178588867,3.2912395000457764,3.5549087524414062,3.7577459812164307,3.6262285709381104,3.348637819290161,3.1031992435455322,2.7569401264190674,2.6629154682159424,2.294424295425415,2.045966625213623,1.8465198278427124,1.523166537284851,1.5182054042816162,1.163388967514038,1.28319251537323,1.2931890487670898,1.2569220066070557,1.5834933519363403,0.6347540020942688,0.790377140045166,1.0462238788604736,1.142290472984314,1.4866340160369873,1.8196512460708618,1.8380143642425537,2.170804977416992,2.3742687702178955,2.6084842681884766,2.923102378845215,3.0694315433502197,3.3961145877838135,3.6311516761779785,3.8804495334625244
B2,3.344273090362549,3.0363411903381348,2.847867488861084,2.479424476623535,2.4057817459106445,2.0478615760803223,1.7513519525527954,1.5289407968521118,1.1660959720611572,1.0578804016113281,0.6864151954650879,0.6325874328613281,0.7388918995857239,0.685587465763092,1.0645755529403687,0.3828279674053192,0.0,0.38911929726600647,0.5993562340736389,0.8329852819442749,1.2198830842971802,1.3625370264053345,1.6808419227600098,1.9582650661468506,2.1923515796661377,2.5335700511932373,2.726785182952881,3.0198628902435303,3.2977843284606934,3.5298945903778076,0.7934754490852356,0.7011803388595581,0.9851441383361816,0.9656280279159546,1.1654636859893799,1.5004053115844727,1.49732506275177,1.8005144596099854,2.020495653152466,2.1971278190612793,2.534956216812134,2.669343948364258,2.983971357345581,3.229989528656006,3.43837571144104,3.349658966064453,3.0896198749542236,2.8506081104278564,2.499891757965088,2.448932409286499,2.105593204498291,1.8273985385894775,1.6875989437103271,1.3512988090515137,1.4227994680404663,1.1067572832107544,1.2457373142242432,1.3669317960739136,1.3515983819961548,1.716861605644226,0.6545984148979187,0.7606274485588074,0.8728125691413879,0.9187930822372437,1.2910693883895874,1.598528504371643,1.5948004722595215,1.9563102722167969,2.140200614929199,2.4122602939605713,2.7036852836608887,2.8750126361846924,3.208688735961914,3.4377689361572266,3.7110652923583984
B3,3.130859851837158,2.8320446014404297,2.6745617389678955,2.296466827392578,2.2780330181121826,1.956208348274231,1.6195237636566162,1.4558759927749634,1.0832631587982178,1.0244382619857788,0.7404107451438904,0.6315164566040039,0.8971073031425476,0.8446911573410034,1.2182401418685913,0.6105095148086548,0.38911929726600647,0.0,0.38304921984672546,0.5630178451538086,0.9511103630065918,1.1378040313720703,1.4711085557937622,1.7555598020553589,2.026531219482422,2.348893165588379,2.585805892944336,2.87203049659729,3.15291166305542,3.406155824661255,0.842158317565918,0.5679762959480286,0.7747238874435425,0.7188473343849182,0.8216197490692139,1.1626988649368286,1.1956238746643066,1.469014286994934,1.727117896080017,1.8898941278457642,2.2430930137634277,2.3971338272094727,2.6887052059173584,2.9590823650360107,3.1527652740478516,3.088165283203125,2.834395170211792,2.567019462585449,2.2344212532043457,2.1624298095703125,1.817583680152893,1.576736569404602,1.4584335088729858,1.1707459688186646,1.3152525424957275,1.0708914995193481,1.3186935186386108,1.4611923694610596,1.540801763534546,1.8990530967712402,0.9885416626930237,0.9765452742576599,1.0621886253356934,0.9597086310386658,1.3410996198654175,1.5723555088043213,1.4782516956329346,1.8261669874191284,1.9542607069015503,2.212888479232788,2.4829659461975098,2.619323492050171,2.9693984985351562,3.1716644763946533,3.4506654739379883
B4,2.7707321643829346,2.4705495834350586,2.299959421157837,1.9239577054977417,1.8978569507598877,1.5770635604858398,1.2386009693145752,1.0933198928833008,0.7204672694206238,0.7486408948898315,0.55741286277771,0.6251682043075562,0.9610450863838196,1.0509825944900513,1.4135801792144775,0.8897637724876404,0.5993562340736389,0.38304921984672546,0.0,0.3903665542602539,0.6984385251998901,0.7929022312164307,1.148369550704956,1.4037399291992188,1.6811236143112183,1.995980978012085,2.220879554748535,2.5201516151428223,2.7892515659332275,3.049495220184326,1.0450564622879028,0.7772106528282166,0.8158843517303467,0.5760065913200378,0.718920886516571,0.9655776619911194,0.9043453335762024,1.2173616886138916,1.4252240657806396,1.6247344017028809,1.9533183574676514,2.1158320903778076,2.428527593612671,2.683584213256836,2.907884120941162,2.7558653354644775,2.496997356414795,2.2517170906066895,1.9038201570510864,1.8595532178878784,1.5312249660491943,1.2500174045562744,1.1668025255203247,0.8636378645896912,1.0671676397323608,0.8929274082183838,1.1506134271621704,1.3800275325775146,1.4973995685577393,1.862686276435852,1.0520997047424316,0.9306149482727051,0.8963907957077026,0.6825780868530273,1.0473616123199463,1.2266416549682617,1.1088650226593018,1.4675172567367554,1.5934879779815674,1.8737350702285767,2.1388115882873535,2.3036093711853027,2.6478140354156494,2.861208200454712,3.148873805999756
B5,2.6836869716644287,2.3647117614746094,2.2490413188934326,1.8702064752578735,1.8626928329467773,1.5735853910446167,1.2315232753753662,1.0755559206008911,0.7530115842819214,0.6802034378051758,0.6242135763168335,0.5414865016937256,0.9256493449211121,1.030405879020691,1.3381507396697998,1.1525291204452515,0.8329852819442749,0.5630178451538086,0.3903665542602539,0.0,0.4021412134170532,0.6660400629043579,0.9407646656036377,1.2623553276062012,1.5148755311965942,1.8438136577606201,2.1048827171325684,2.3633227348327637,2.662705421447754,2.90862774848938,1.3662588596343994,1.0530654191970825,1.0913583040237427,0.8427203893661499,0.8081551194190979,0.9733959436416626,0.8592959642410278,1.062787413597107,1.2700774669647217,1.387786865234375,1.7390059232711792,1.8567509651184082,2.1594016551971436,2.414053440093994,2.6101953983306885,2.630504846572876,2.4137446880340576,2.144076347351074,1.8220131397247314,1.8189493417739868,1.5376471281051636,1.2831339836120605,1.3078863620758057,1.0775336027145386,1.3627047538757324,1.2541754245758057,1.5212182998657227,1.766518235206604,1.8837885856628418,2.2513697147369385,1.3769323825836182,1.3012770414352417,1.2201406955718994,0.9950660467147827,1.3300886154174805,1.437733769416809,1.2515276670455933,1.6061278581619263,1.6520214080810547,1.9545789957046509,2.160593271255493,2.3142011165618896,2.6757123470306396,2.849090099334717,3.1642541885375977
B6,2.324894666671753,2.001242160797119,1.9210540056228638,1.5464274883270264,1.571753978729248,1.3370851278305054,0.9960014224052429,0.9104245901107788,0.6974365711212158,0.706706702709198,0.8542671203613281,0.8500158786773682,1.2178517580032349,1.378346562385559,1.644372820854187,1.5423671007156372,1.2198830842971802,0.9511103630065918,0.6984385251998901,0.4021412134170532,0.0,0.38223516941070557,0.5755549073219299,0.9074286818504333,1.1665014028549194,1.4779375791549683,1.7681231498718262,2.0098299980163574,2.312131643295288,2.565703868865967,1.708855152130127,1.381179690361023,1.327398657798767,1.0116374492645264,0.9015424251556396,0.8895851969718933,0.6576159000396729,0.7670102119445801,0.912521243095398,1.0032954216003418,1.346419334411621,1.4558783769607544,1.765292763710022,2.015377998352051,2.22244930267334,2.2564589977264404,2.063361644744873,1.7923507690429688,1.4847139120101929,1.529392123222351,1.310261607170105,1.0689866542816162,1.2098052501678467,1.0657198429107666,1.4197521209716797,1.4180262088775635,1.6927965879440308,1.9792990684509277,2.132709503173828,2.4904630184173584,1.7090986967086792,1.5827564001083374,1.437822937965393,1.146574854850769,1.404853105545044,1.398734211921692,1.137452244758606,1.455458402633667,1.4211421012878418,1.7363609075546265,1.8857299089431763,2.0412821769714355,2.405390739440918,2.553922414779663,2.8890719413757324
B7,2.0260989665985107,1.707290768623352,1.5833548307418823,1.204561471939087,1.220748782157898,0.9843868017196655,0.6262251734733582,0.6276590824127197,0.4917237460613251,0.694765031337738,0.9186577200889587,1.0622565746307373,1.4123274087905884,1.6233524084091187,1.907918095588684,1.6811151504516602,1.3625370264053345,1.1378040313720703,0.7929022312164307,0.6660400629043579,0.38223516941070557,0.0,0.3973563313484192,0.6190969944000244,0.9265314936637878,1.2169792652130127,1.4808392524719238,1.7656852006912231,2.0373001098632812,2.3125245571136475,1.7892640829086304,1.4947798252105713,1.3712199926376343,1.000130295753479,0.9650142192840576,0.8586984276771545,0.5153878927230835,0.707148015499115,0.7339277863502502,0.939060628414154,1.2148034572601318,1.3654670715332031,1.7042653560638428,1.931364893913269,2.1919102668762207,2.011430263519287,1.7891205549240112,1.5599037408828735,1.2161518335342407,1.2876304388046265,1.0860259532928467,0.7836650609970093,0.9674913883209229,0.8410434126853943,1.20870041847229,1.2827750444412231,1.529550313949585,1.8532397747039795,2.0286476612091064,2.3690991401672363,1.7304868698120117,1.536483883857727,1.3387202024459839,0.9996846318244934,1.1688562631607056,1.079999566078186,0.789506196975708,1.0940800905227661,1.061698317527771,1.399460792541504,1.5579429864883423,1.7556195259094238,2.1034302711486816,2.282011032104492,2.6141910552978516
B8,1.827811598777771,1.4790486097335815,1.415226936340332,1.061782956123352,1.0673208236694336,0.9023341536521912,0.6407525539398193,0.6509002447128296,0.7145291566848755,0.8242068886756897,1.1480152606964111,1.2655291557312012,1.579372525215149,1.8251030445098877,2.0548622608184814,2.023280620574951,1.6808419227600098,1.4711085557937622,1.148369550704956,0.9407646656036377,0.5755549073219299,0.3973563313484192,0.0,0.37829887866973877,0.592210590839386,0.9108889102935791,1.198144555091858,1.4350628852844238,1.7381114959716797,1.9912991523742676,2.1720454692840576,1.8734771013259888,1.7619028091430664,1.3943392038345337,1.3212461471557617,1.1587445735931396,0.797053337097168,0.8098155856132507,0.6829385757446289,0.7683359980583191,0.9890897870063782,1.0505698919296265,1.4152361154556274,1.5996954441070557,1.8672006130218506,1.8163703680038452,1.655867099761963,1.4470062255859375,1.1426074504852295,1.320860505104065,1.2357734441757202,0.9789295792579651,1.2601864337921143,1.1942949295043945,1.5613155364990234,1.6609641313552856,1.8795982599258423,2.2206549644470215,2.3814783096313477,2.7217860221862793,2.0546772480010986,1.8824974298477173,1.6421071290969849,1.3269295692443848,1.4485033750534058,1.3025398254394531,1.0163064002990723,1.2622863054275513,1.1500791311264038,1.5005764961242676,1.5680160522460938,1.781817078590393,2.1162095069885254,2.258636713027954,2.6163036823272705
B9,1.46333909034729,1.1178696155548096,1.0380637645721436,0.6857258081436157,0.7337197661399841,0.6766527891159058,0.49377620220184326,0.6998111605644226,0.8843133449554443,1.0946956872940063,1.424614429473877,1.5993105173110962,1.9081462621688843,2.166785478591919,2.4088432788848877,2.2855923175811768,1.9582650661468506,1.7555598020553589,1.4037399291992188,1.2623553276062012,0.9074286818504333,0.6190969944000244,0.37829887866973877,0.0,0.3860338032245636,0.6004491448402405,0.8928625583648682,1.1696771383285522,1.4309961795806885,1.7214274406433105,2.379171133041382,2.095632791519165,1.9283405542373657,1.546250343322754,1.4908212423324585,1.252642035484314,0.8773812651634216,0.8685356378555298,0.5928662419319153,0.7506393194198608,0.8311389684677124,0.937619686126709,1.3062564134597778,1.4597660303115845,1.777632236480713,1.4945068359375,1.3214032649993896,1.164699912071228,0.8526666760444641,1.0971620082855225,1.0977122783660889,0.86008220911026,1.1992623805999756,1.2106244564056396,1.5599149465560913,1.7365468740463257,1.9332268238067627,2.2858150005340576,2.4724690914154053,2.7855746746063232,2.261075496673584,2.0416359901428223,1.7821850776672363,1.4465919733047485,1.474685549736023,1.230539321899414,0.9263361096382141,1.0665193796157837,0.8867176175117493,1.2303733825683594,1.2480437755584717,1.4931015968322754,1.8018395900726318,1.9505443572998047,2.3098838329315186
B10,1.4174456596374512,1.0396440029144287,1.0016589164733887,0.7447452545166016,0.6749112010002136,0.6849112510681152,0.6957892775535583,0.8017221093177795,1.0831161737442017,1.2160109281539917,1.5887792110443115,1.7648659944534302,2.0258727073669434,2.319371461868286,2.517444610595703,2.5421602725982666,2.1923515796661377,2.026531219482422,1.6811236143112183,1.5148755311965942,1.1665014028549194,0.9265314936637878,0.592210590839386,0.3860338032245636,0.0,0.389985591173172,0.6231603026390076,0.8491701483726501,1.1569193601608276,1.4003554582595825,2.6843605041503906,2.413367986679077,2.2764892578125,1.8938257694244385,1.8530343770980835,1.6324551105499268,1.2563611268997192,1.2210943698883057,0.9229387044906616,0.9679641127586365,0.9541628956794739,0.914143979549408,1.2934050559997559,1.3490718603134155,1.6796393394470215,1.5131038427352905,1.415099859237671,1.3293416500091553,1.0811104774475098,1.3929133415222168,1.4554797410964966,1.230128288269043,1.5661284923553467,1.55670166015625,1.8861252069473267,2.0455124378204346,2.20017409324646,2.5680134296417236,2.7215378284454346,3.0369794368743896,2.4738380908966064,2.2803080081939697,1.9808095693588257,1.6846258640289307,1.6850160360336304,1.4384796619415283,1.1997250318527222,1.3233473300933838,1.1557878255844116,1.4922802448272705,1.4541146755218506,1.7262006998062134,1.9929720163345337,2.124497413635254,2.489448070526123
B11,1.0445358753204346,0.6640446186065674,0.7048963308334351,0.5579323768615723,0.5997068285942078,0.8234065771102905,0.9120095372200012,1.1224777698516846,1.411572813987732,1.589114785194397,1.952697515487671,2.135791540145874,2.4089560508728027,2.6955089569091797,2.9013214111328125,2.8699491024017334,2.5335700511932373,2.348893165588379,1.995980978012085,1.8438136577606201,1.4779375791549683,1.2169792652130127,0.9108889102935791,0.6004491448402405,0.389985591173172,0.0,0.389217734336853,0.5969464182853699,0.8496665954589844,1.148490071296692,2.9682259559631348,2.6931817531585693,2.513848066329956,2.1307175159454346,2.0709638595581055,1.7930421829223633,1.435515284538269,1.345937728881836,0.9857075214385986,1.017329454421997,0.8521110415458679,0.8194134831428528,1.148513913154602,1.1527105569839478,1.5194475650787354,1.1658302545547485,1.1093913316726685,1.0958884954452515,0.9252671003341675,1.2905248403549194,1.4564900398254395,1.3052713871002197,1.6698228120803833,1.7370514869689941,2.052906036376953,2.2682652473449707,2.4239232540130615,2.7872774600982666,2.968608856201172,3.2610292434692383,2.798182725906372,2.5750057697296143,2.2809765338897705,1.967563509941101,1.9217547178268433,1.6164764165878296,1.3658944368362427,1.380764365196228,1.1391019821166992,1.4082192182540894,1.274152159690857,1.536513328552246,1.76022469997406,1.8598859310150146,2.225489616394043
B12,1.0315943956375122,0.6833670139312744,0.6440893411636353,0.657809317111969,0.5227967500686646,0.8096380233764648,1.0440415143966675,1.2253360748291016,1.56817626953125,1.7455123662948608,2.113359212875366,2.3379502296447754,2.576000690460205,2.890619993209839,3.087062120437622,3.0662639141082764,2.726785182952881,2.585805892944336,2.220879554748535,2.1048827171325684,1.7681231498718262,1.4808392524719238,1.198144555091858,0.8928625583648682,0.6231603026390076,0.389217734336853,0.0,0.3831980526447296,0.5713754892349243,0.855366587638855,3.1724705696105957,2.9288156032562256,2.756192207336426,2.369656562805176,2.3590879440307617,2.098703384399414,1.7345967292785645,1.696958065032959,1.341305136680603,1.404794454574585,1.2265625,1.1726419925689697,1.4720649719238281,1.4029626846313477,1.7726686000823975,1.3043447732925415,1.2630492448806763,1.3527483940124512,1.1959916353225708,1.5591613054275513,1.7299988269805908,1.5530040264129639,1.886857271194458,1.9309566020965576,2.2044918537139893,2.4197378158569336,2.51981258392334,2.892422676086426,3.0499303340911865,3.3253626823425293,2.91878604888916,2.6930720806121826,2.368283271789551,2.0876643657684326,1.9821555614471436,1.6605404615402222,1.4847502708435059,1.4646424055099487,1.2752068042755127,1.5297600030899048,1.3939777612686157,1.7022976875305176,1.862347960472107,1.989300012588501,2.3305938243865967
B13,1.0922802686691284,0.7881899476051331,0.9002185463905334,0.987546443939209,0.9050916433334351,1.1772526502609253,1.3961747884750366,1.5399223566055298,1.879524827003479,2.008871555328369,2.3899195194244385,2.582364320755005,2.8059613704681396,3.122235059738159,3.28660249710083,3.370879650115967,3.0198628902435303,2.87203049659729,2.5201516151428223,2.3633227348327637,2.0098299980163574,1.7656852006912231,1.4350628852844238,1.1696771383285522,0.8491701483726501,0.5969464182853699,0.3831980526447296,0.0,0.3745329678058624,0.5659515261650085,3.502185583114624,3.2443883419036865,3.082841157913208,2.6969473361968994,2.657399892807007,2.38896107673645,2.0278475284576416,1.9363577365875244,1.5744922161102295,1.5537317991256714,1.3288160562515259,1.175352692604065,1.417853593826294,1.2544955015182495,1.6026663780212402,1.3376870155334473,1.4031622409820557,1.509907603263855,1.4330835342407227,1.8129314184188843,2.0229578018188477,1.8791768550872803,2.231431484222412,2.28511118888855,2.5736136436462402,2.782590389251709,2.8904635906219482,3.2645328044891357,3.415731906890869,3.6981000900268555,3.242807149887085,3.036252975463867,2.7072553634643555,2.4340031147003174,2.3467979431152344,2.0372238159179688,1.8562979698181152,1.841902732849121,1.6304774284362793,1.8626712560653687,1.6783195734024048,1.9494681358337402,2.088440179824829,2.1611337661743164,2.5037941932678223
