0.000000000000000000e+00,3.841052949428558350e-01,6.310052871704101562e-01,8.149411678314208984e-01,1.156438589096069336e+00,1.396751999855041504e+00,1.726530790328979492e+00,1.993908643722534180e+00,2.211162805557250977e+00,2.549922943115234375e+00,2.667097330093383789e+00,3.031380176544189453e+00,3.059584856033325195e+00,3.421504259109497070e+00,3.571367502212524414e+00,1.068593502044677734e+00,1.116791605949401855e+00,8.195257186889648438e-01,9.994292855262756348e-01,1.019284605979919434e+00,1.145680427551269531e+00,1.432916164398193359e+00,1.581463456153869629e+00,1.941145062446594238e+00,2.138367414474487305e+00,2.291201353073120117e+00,2.548022508621215820e+00,2.501367568969726562e+00,2.867687463760375977e+00,2.878096342086791992e+00,2.281226873397827148e+00,2.179305315017700195e+00,2.150509595870971680e+00,1.785773277282714844e+00,1.840731978416442871e+00,1.567387223243713379e+00,1.572379350662231445e+00,1.441389560699462891e+00,1.264797449111938477e+00,1.524115920066833496e+00,1.280565142631530762e+00,1.592185735702514648e+00,1.558313488960266113e+00,1.761981368064880371e+00,2.011601924896240234e+00,3.235631227493286133e+00,2.901128053665161133e+00,2.600919961929321289e+00,2.466502666473388672e+00,2.100831747055053711e+00,2.036474227905273438e+00,1.687582492828369141e+00,1.704633235931396484e+00,1.668748855590820312e+00,1.438534855842590332e+00,1.780823945999145508e+00,1.747330427169799805e+00,2.057735443115234375e+00,2.225404262542724609e+00,2.305117607116699219e+00,2.522173404693603516e+00,2.166107177734375000e+00,2.197606325149536133e+00,2.117001056671142578e+00,2.063952207565307617e+00,2.281215906143188477e+00,2.167423248291015625e+00,2.495309829711914062e+00,2.411702632904052734e+00,2.605937957763671875e+00,2.865093231201171875e+00,3.178117513656616211e+00,3.405806541442871094e+00,3.714241266250610352e+00,3.911816120147705078e+00
3.841052949428558350e-01,0.000000000000000000e+00,3.866778314113616943e-01,5.659066438674926758e-01,8.690831661224365234e-01,1.160026311874389648e+00,1.442483067512512207e+00,1.750572562217712402e+00,1.947640180587768555e+00,2.282101392745971680e+00,2.432837963104248047e+00,2.794823169708251953e+00,2.862834930419921875e+00,3.225831508636474609e+00,3.387568235397338867e+00,1.022876024246215820e+00,9.379477500915527344e-01,5.752604007720947266e-01,7.442969083786010742e-01,6.878482699394226074e-01,8.977311849594116211e-01,1.151641964912414551e+00,1.371748328208923340e+00,1.707669854164123535e+00,1.919075846672058105e+00,2.109783649444580078e+00,2.385413169860839844e+00,2.392302989959716797e+00,2.766699790954589844e+00,2.813401699066162109e+00,2.174673080444335938e+00,2.013779878616333008e+00,1.955309152603149414e+00,1.583060622215270996e+00,1.577400445938110352e+00,1.302815318107604980e+00,1.245541810989379883e+00,1.129307389259338379e+00,9.140047430992126465e-01,1.193279027938842773e+00,9.983413815498352051e-01,1.344741702079772949e+00,1.385257959365844727e+00,1.621222972869873047e+00,1.889986157417297363e+00,2.902447700500488281e+00,2.579557180404663086e+00,2.279864788055419922e+00,2.119215011596679688e+00,1.756435751914978027e+00,1.666424632072448730e+00,1.310798048973083496e+00,1.323401331901550293e+00,1.293036580085754395e+00,1.086437821388244629e+00,1.443243622779846191e+00,1.460448145866394043e+00,1.764205813407897949e+00,1.972752571105957031e+00,2.070677280426025391e+00,2.163606166839599609e+00,1.803514719009399414e+00,1.827249765396118164e+00,1.734172224998474121e+00,1.689194679260253906e+00,1.910111427307128906e+00,1.820208668708801270e+00,2.158436059951782227e+00,2.099870920181274414e+00,2.322560787200927734e+00,2.572972774505615234e+00,2.900654554367065430e+00,3.104258537292480469e+00,3.426176309585571289e+00,3.614266633987426758e+00
6.310052871704101562e-01,3.866778314113616943e-01,0.000000000000000000e+00,3.743838369846343994e-01,5.728800892829895020e-01,8.927517533302307129e-01,1.182428598403930664e+00,1.486531496047973633e+00,1.732757329940795898e+00,2.035031080245971680e+00,2.206781864166259766e+00,2.548859357833862305e+00,2.609304189682006836e+00,2.981246948242187500e+00,3.114624738693237305e+00,1.396128416061401367e+00,1.259567022323608398e+00,8.808330893516540527e-01,9.487754106521606445e-01,7.263742089271545410e-01,8.637018799781799316e-01,9.988822340965270996e-01,1.192807555198669434e+00,1.534405350685119629e+00,1.682163476943969727e+00,1.909659862518310547e+00,2.147292375564575195e+00,2.176102399826049805e+00,2.544745922088623047e+00,2.574081182479858398e+00,2.066807270050048828e+00,1.879607915878295898e+00,1.877854347229003906e+00,1.519001245498657227e+00,1.535601735115051270e+00,1.341575145721435547e+00,1.273333191871643066e+00,1.264858961105346680e+00,1.034515380859375000e+00,1.345977663993835449e+00,1.228786587715148926e+00,1.582099080085754395e+00,1.689730167388916016e+00,1.918516635894775391e+00,2.208521127700805664e+00,2.644978761672973633e+00,2.320920228958129883e+00,1.999851465225219727e+00,1.885000467300415039e+00,1.511436820030212402e+00,1.469632506370544434e+00,1.159170627593994141e+00,1.236676931381225586e+00,1.308156132698059082e+00,1.179093718528747559e+00,1.546024560928344727e+00,1.619164943695068359e+00,1.875906705856323242e+00,2.134694814682006836e+00,2.203508377075195312e+00,2.162518739700317383e+00,1.818122148513793945e+00,1.846992492675781250e+00,1.678008556365966797e+00,1.640940785408020020e+00,1.792331576347351074e+00,1.682790517807006836e+00,1.984121561050415039e+00,1.876643776893615723e+00,2.113727807998657227e+00,2.331117391586303711e+00,2.669910192489624023e+00,2.876770496368408203e+00,3.186611890792846680e+00,3.401452302932739258e+00
8.149411678314208984e-01,5.659066438674926758e-01,3.743838369846343994e-01,0.000000000000000000e+00,3.883421719074249268e-01,5.978940725326538086e-01,9.122582077980041504e-01,1.192302107810974121e+00,1.411191582679748535e+00,1.740023016929626465e+00,1.882113337516784668e+00,2.239728450775146484e+00,2.299573183059692383e+00,2.665020227432250977e+00,2.822039127349853516e+00,1.426529645919799805e+00,1.240295171737670898e+00,8.834569454193115234e-01,7.935322523117065430e-01,5.193639993667602539e-01,5.162925720214843750e-01,6.572932004928588867e-01,8.334829211235046387e-01,1.179740428924560547e+00,1.359479188919067383e+00,1.564386606216430664e+00,1.828426003456115723e+00,1.859081387519836426e+00,2.233293294906616211e+00,2.295193195343017578e+00,1.706692695617675781e+00,1.511991143226623535e+00,1.504328131675720215e+00,1.146825075149536133e+00,1.188643813133239746e+00,1.029924035072326660e+00,1.027307868003845215e+00,1.097639679908752441e+00,9.639665484428405762e-01,1.330285906791687012e+00,1.288985848426818848e+00,1.671008467674255371e+00,1.776313781738281250e+00,2.057827472686767578e+00,2.313207149505615234e+00,2.443815708160400391e+00,2.097944498062133789e+00,1.811964154243469238e+00,1.697656273841857910e+00,1.340254068374633789e+00,1.360908508300781250e+00,1.052022814750671387e+00,1.225686669349670410e+00,1.262240529060363770e+00,1.222560644149780273e+00,1.588862538337707520e+00,1.732689380645751953e+00,2.004880189895629883e+00,2.279066562652587891e+00,2.395167112350463867e+00,2.195150852203369141e+00,1.836141467094421387e+00,1.786724925041198730e+00,1.599019527435302734e+00,1.480547785758972168e+00,1.600848317146301270e+00,1.428310394287109375e+00,1.720342874526977539e+00,1.604471087455749512e+00,1.803405761718750000e+00,2.051512718200683594e+00,2.370313882827758789e+00,2.595608949661254883e+00,2.902214765548706055e+00,3.107231378555297852e+00
1.156438589096069336e+00,8.690831661224365234e-01,5.728800892829895020e-01,3.883421719074249268e-01,0.000000000000000000e+00,3.951440155506134033e-01,6.140837669372558594e-01,9.413143396377563477e-01,1.187985777854919434e+00,1.470956921577453613e+00,1.669214844703674316e+00,2.000003099441528320e+00,2.090251684188842773e+00,2.460778713226318359e+00,2.600625038146972656e+00,1.728267431259155273e+00,1.487826108932495117e+00,1.140787363052368164e+00,1.031622648239135742e+00,6.651839613914489746e-01,6.632481813430786133e-01,5.561686158180236816e-01,7.646552920341491699e-01,1.050774574279785156e+00,1.164947628974914551e+00,1.441842555999755859e+00,1.676632523536682129e+00,1.776431918144226074e+00,2.139428853988647461e+00,2.213045120239257812e+00,1.730178594589233398e+00,1.472468137741088867e+00,1.489752531051635742e+00,1.169359922409057617e+00,1.166654109954833984e+00,1.101356267929077148e+00,1.028021931648254395e+00,1.189649224281311035e+00,1.033932924270629883e+00,1.379543900489807129e+00,1.417050957679748535e+00,1.782490730285644531e+00,1.956818938255310059e+00,2.227850914001464844e+00,2.500235319137573242e+00,2.094254255294799805e+00,1.758201360702514648e+00,1.449310898780822754e+00,1.355974793434143066e+00,9.900739789009094238e-01,1.046898007392883301e+00,8.036777973175048828e-01,1.043354392051696777e+00,1.176201939582824707e+00,1.225157260894775391e+00,1.568083643913269043e+00,1.766410708427429199e+00,1.984489679336547852e+00,2.300559997558593750e+00,2.399848937988281250e+00,2.043698787689208984e+00,1.712286233901977539e+00,1.666125059127807617e+00,1.411410331726074219e+00,1.314274311065673828e+00,1.361341834068298340e+00,1.197479367256164551e+00,1.453929543495178223e+00,1.313056468963623047e+00,1.557441592216491699e+00,1.760131120681762695e+00,2.103913068771362305e+00,2.307587862014770508e+00,2.615412473678588867e+00,2.835527658462524414e+00
1.396751999855041504e+00,1.160026311874389648e+00,8.927517533302307129e-01,5.978940725326538086e-01,3.951440155506134033e-01,0.000000000000000000e+00,3.890924155712127686e-01,6.015746593475341797e-01,8.724634647369384766e-01,1.169354081153869629e+00,1.318649291992187500e+00,1.659420847892761230e+00,1.721688032150268555e+00,2.091952800750732422e+00,2.238924264907836914e+00,1.949140191078186035e+00,1.706475973129272461e+00,1.388727068901062012e+00,1.186746358871459961e+00,8.487735390663146973e-01,6.458879113197326660e-01,4.113399982452392578e-01,4.219301640987396240e-01,7.111726403236389160e-01,7.918851375579833984e-01,1.053719997406005859e+00,1.286025524139404297e+00,1.385251402854919434e+00,1.748420715332031250e+00,1.838926672935485840e+00,1.372410058975219727e+00,1.110233187675476074e+00,1.186895251274108887e+00,9.109106063842773438e-01,9.943817853927612305e-01,1.047380089759826660e+00,1.081093907356262207e+00,1.328884363174438477e+00,1.274877667427062988e+00,1.637632131576538086e+00,1.713782429695129395e+00,2.088117122650146484e+00,2.245356082916259766e+00,2.544245958328247070e+00,2.790812730789184570e+00,1.955802202224731445e+00,1.589544415473937988e+00,1.327830910682678223e+00,1.292927145957946777e+00,9.770256876945495605e-01,1.162820100784301758e+00,9.920309185981750488e-01,1.310850262641906738e+00,1.420462250709533691e+00,1.532242417335510254e+00,1.859821319580078125e+00,2.093864917755126953e+00,2.317360401153564453e+00,2.636869668960571289e+00,2.759193897247314453e+00,2.299149036407470703e+00,1.972711920738220215e+00,1.863647341728210449e+00,1.589442372322082520e+00,1.414307236671447754e+00,1.383066415786743164e+00,1.122381925582885742e+00,1.310745120048522949e+00,1.105251908302307129e+00,1.275731205940246582e+00,1.501118063926696777e+00,1.812802791595458984e+00,2.057579994201660156e+00,2.343344449996948242e+00,2.572268724441528320e+00
1.726530790328979492e+00,1.442483067512512207e+00,1.182428598403930664e+00,9.122582077980041504e-01,6.140837669372558594e-01,3.890924155712127686e-01,0.000000000000000000e+00,3.883071541786193848e-01,6.006683111190795898e-01,8.590516448020935059e-01,1.084302663803100586e+00,1.403537869453430176e+00,1.536641240119934082e+00,1.897217035293579102e+00,2.056624174118041992e+00,2.160001516342163086e+00,1.867637038230895996e+00,1.582055926322937012e+00,1.356545805931091309e+00,1.003255963325500488e+00,8.456565737724304199e-01,4.699415564537048340e-01,5.398082137107849121e-01,6.030633449554443359e-01,6.413943171501159668e-01,9.782140254974365234e-01,1.205757379531860352e+00,1.405281543731689453e+00,1.740755319595336914e+00,1.881842374801635742e+00,1.431729197502136230e+00,1.097346425056457520e+00,1.143738746643066406e+00,9.403486847877502441e-01,9.267883300781250000e-01,1.072936892509460449e+00,1.045323491096496582e+00,1.360916852951049805e+00,1.329293370246887207e+00,1.652837038040161133e+00,1.805968999862670898e+00,2.155996561050415039e+00,2.358048915863037109e+00,2.658746004104614258e+00,2.899578571319580078e+00,1.572907924652099609e+00,1.208055496215820312e+00,9.578320384025573730e-01,9.170213937759399414e-01,6.371942162513732910e-01,9.005888104438781738e-01,8.382420539855957031e-01,1.208260178565979004e+00,1.348590373992919922e+00,1.550189137458801270e+00,1.829671263694763184e+00,2.116794824600219727e+00,2.299332380294799805e+00,2.641128778457641602e+00,2.772377252578735352e+00,2.143550157546997070e+00,1.848897814750671387e+00,1.708683013916015625e+00,1.396239876747131348e+00,1.207853913307189941e+00,1.087113738059997559e+00,8.133548498153686523e-01,9.479148387908935547e-01,7.296262383460998535e-01,9.533880949020385742e-01,1.151186943054199219e+00,1.489958643913269043e+00,1.703277826309204102e+00,2.005115270614624023e+00,2.228677988052368164e+00
1.993908643722534180e+00,1.750572562217712402e+00,1.486531496047973633e+00,1.192302107810974121e+00,9.413143396377563477e-01,6.015746593475341797e-01,3.883071541786193848e-01,0.000000000000000000e+00,3.756739497184753418e-01,5.856446623802185059e-01,7.464243769645690918e-01,1.063776612281799316e+00,1.158009529113769531e+00,1.524679422378540039e+00,1.680011987686157227e+00,2.456634759902954102e+00,2.177226781845092773e+00,1.902808427810668945e+00,1.643360972404479980e+00,1.321693181991577148e+00,1.076507806777954102e+00,7.201988101005554199e-01,5.584210157394409180e-01,4.690144062042236328e-01,2.849160134792327881e-01,6.505185961723327637e-01,8.275301456451416016e-01,1.062552213668823242e+00,1.376122236251831055e+00,1.534459114074707031e+00,1.203106880187988281e+00,8.725863695144653320e-01,1.022816538810729980e+00,9.322444200515747070e-01,1.015328764915466309e+00,1.260455608367919922e+00,1.318148612976074219e+00,1.660090923309326172e+00,1.679083466529846191e+00,2.008199930191040039e+00,2.166624784469604492e+00,2.521567344665527344e+00,2.708091259002685547e+00,3.020807743072509766e+00,3.248844385147094727e+00,1.508937001228332520e+00,1.125781416893005371e+00,9.569323062896728516e-01,1.028836607933044434e+00,8.658652901649475098e-01,1.204766511917114258e+00,1.203806519508361816e+00,1.581478476524353027e+00,1.711263537406921387e+00,1.927181839942932129e+00,2.200198650360107422e+00,2.495851039886474609e+00,2.680032968521118164e+00,3.021508693695068359e+00,3.158527612686157227e+00,2.484147548675537109e+00,2.202664852142333984e+00,2.034307479858398438e+00,1.719163417816162109e+00,1.496648907661437988e+00,1.312957525253295898e+00,9.845567345619201660e-01,9.867110848426818848e-01,6.721597313880920410e-01,7.498567700386047363e-01,9.447671771049499512e-01,1.232218265533447266e+00,1.501739859580993652e+00,1.761923074722290039e+00,2.008297204971313477e+00
2.211162805557250977e+00,1.947640180587768555e+00,1.732757329940795898e+00,1.411191582679748535e+00,1.187985777854919434e+00,8.724634647369384766e-01,6.006683111190795898e-01,3.756739497184753418e-01,0.000000000000000000e+00,3.892703950405120850e-01,5.252363681793212891e-01,8.781279325485229492e-01,1.054795145988464355e+00,1.381218194961547852e+00,1.603670597076416016e+00,2.525899171829223633e+00,2.221296548843383789e+00,1.997242689132690430e+00,1.696110367774963379e+00,1.414206743240356445e+00,1.164803743362426758e+00,8.128061890602111816e-01,6.875679492950439453e-01,3.776994645595550537e-01,3.292028903961181641e-01,5.817525386810302734e-01,8.272851109504699707e-01,1.110462546348571777e+00,1.390198349952697754e+00,1.626965761184692383e+00,1.132084488868713379e+00,7.564251422882080078e-01,8.225651979446411133e-01,8.352981805801391602e-01,8.552855253219604492e-01,1.180737495422363281e+00,1.255846619606018066e+00,1.629198312759399414e+00,1.716827511787414551e+00,2.018539905548095703e+00,2.224910736083984375e+00,2.562987565994262695e+00,2.749984502792358398e+00,3.079423904418945312e+00,3.277299165725708008e+00,1.371422886848449707e+00,9.917184710502624512e-01,9.418567419052124023e-01,9.593210816383361816e-01,9.045535326004028320e-01,1.235155463218688965e+00,1.262229323387145996e+00,1.641537308692932129e+00,1.721221685409545898e+00,1.985248684883117676e+00,2.219373703002929688e+00,2.546573877334594727e+00,2.727378606796264648e+00,3.063779354095458984e+00,3.233994245529174805e+00,2.462998628616333008e+00,2.193090438842773438e+00,1.967783451080322266e+00,1.672895193099975586e+00,1.396590471267700195e+00,1.175703287124633789e+00,8.100053668022155762e-01,7.404626011848449707e-01,4.667154848575592041e-01,4.224751293659210205e-01,7.174478173255920410e-01,9.726217985153198242e-01,1.240907669067382812e+00,1.521719574928283691e+00,1.725176811218261719e+00
2.549922943115234375e+00,2.282101392745971680e+00,2.035031080245971680e+00,1.740023016929626465e+00,1.470956921577453613e+00,1.169354081153869629e+00,8.590516448020935059e-01,5.856446623802185059e-01,3.892703950405120850e-01,0.000000000000000000e+00,3.722330629825592041e-01,5.795042514801025391e-01,8.293367028236389160e-01,1.135672092437744141e+00,1.329327940940856934e+00,2.896990299224853516e+00,2.583675861358642578e+00,2.354128360748291016e+00,2.066657066345214844e+00,1.767569184303283691e+00,1.541376352310180664e+00,1.173564434051513672e+00,1.047879099845886230e+00,7.534937858581542969e-01,5.363552570343017578e-01,7.435413002967834473e-01,8.184995055198669434e-01,1.175942540168762207e+00,1.373203873634338379e+00,1.613793134689331055e+00,1.362559318542480469e+00,1.018579721450805664e+00,1.131056666374206543e+00,1.209546446800231934e+00,1.217566609382629395e+00,1.552675604820251465e+00,1.593641877174377441e+00,1.971400618553161621e+00,2.040422916412353516e+00,2.319410800933837891e+00,2.544593572616577148e+00,2.868725061416625977e+00,3.080753087997436523e+00,3.399344444274902344e+00,3.605596542358398438e+00,1.093829989433288574e+00,7.286051511764526367e-01,7.750317454338073730e-01,9.150854349136352539e-01,9.824948906898498535e-01,1.353408575057983398e+00,1.478491902351379395e+00,1.852771043777465820e+00,1.976454019546508789e+00,2.265721559524536133e+00,2.475819826126098633e+00,2.816141843795776367e+00,2.961150169372558594e+00,3.311142921447753906e+00,3.465626239776611328e+00,2.611351251602172852e+00,2.383201837539672852e+00,2.166486501693725586e+00,1.846966385841369629e+00,1.603795409202575684e+00,1.308035135269165039e+00,9.929212927818298340e-01,7.710245251655578613e-01,4.412328302860260010e-01,2.916212081909179688e-01,3.848784565925598145e-01,6.487668752670288086e-01,9.242472052574157715e-01,1.178959846496582031e+00,1.424389839172363281e+00
2.667097330093383789e+00,2.432837963104248047e+00,2.206781864166259766e+00,1.882113337516784668e+00,1.669214844703674316e+00,1.318649291992187500e+00,1.084302663803100586e+00,7.464243769645690918e-01,5.252363681793212891e-01,3.722330629825592041e-01,0.000000000000000000e+00,3.909755349159240723e-01,5.618168711662292480e-01,8.597399592399597168e-01,1.109915375709533691e+00,3.006057739257812500e+00,2.712578535079956055e+00,2.498080730438232422e+00,2.182246446609497070e+00,1.920877575874328613e+00,1.635486841201782227e+00,1.312291622161865234e+00,1.095782756805419922e+00,7.681014537811279297e-01,5.448280572891235352e-01,5.370600223541259766e-01,5.672948360443115234e-01,9.205701351165771484e-01,1.074736475944519043e+00,1.363115429878234863e+00,1.113233685493469238e+00,8.216417431831359863e-01,9.945236444473266602e-01,1.168964266777038574e+00,1.258737802505493164e+00,1.623741507530212402e+00,1.744572997093200684e+00,2.120335578918457031e+00,2.234112501144409180e+00,2.531248569488525391e+00,2.743785381317138672e+00,3.080258369445800781e+00,3.260267257690429688e+00,3.595779180526733398e+00,3.783026933670043945e+00,1.381494402885437012e+00,1.048809766769409180e+00,1.143354892730712891e+00,1.274246096611022949e+00,1.327505111694335938e+00,1.687498211860656738e+00,1.767828106880187988e+00,2.146212100982666016e+00,2.231587171554565430e+00,2.507252216339111328e+00,2.730207204818725586e+00,3.065321922302246094e+00,3.237813472747802734e+00,3.576286792755126953e+00,3.747944355010986328e+00,2.920863389968872070e+00,2.675289392471313477e+00,2.434441328048706055e+00,2.139043092727661133e+00,1.858510017395019531e+00,1.589940190315246582e+00,1.242477536201477051e+00,1.037872672080993652e+00,7.655168175697326660e-01,4.498880803585052490e-01,6.067453622817993164e-01,6.480536460876464844e-01,1.003783822059631348e+00,1.183722615242004395e+00,1.410508871078491211e+00
3.031380176544189453e+00,2.794823169708251953e+00,2.548859357833862305e+00,2.239728450775146484e+00,2.000003099441528320e+00,1.659420847892761230e+00,1.403537869453430176e+00,1.063776612281799316e+00,8.781279325485229492e-01,5.795042514801025391e-01,3.909755349159240723e-01,0.000000000000000000e+00,3.760612308979034424e-01,5.756679177284240723e-01,8.064205646514892578e-01,3.389435052871704102e+00,3.089339733123779297e+00,2.872509479522705078e+00,2.562763929367065430e+00,2.290680646896362305e+00,2.018340826034545898e+00,1.682143449783325195e+00,1.473550081253051758e+00,1.156444787979125977e+00,8.965862989425659180e-01,8.783006668090820312e-01,7.525573372840881348e-01,1.105108141899108887e+00,1.137467861175537109e+00,1.417295455932617188e+00,1.415827512741088867e+00,1.175408124923706055e+00,1.355545878410339355e+00,1.556179881095886230e+00,1.630710721015930176e+00,2.000497102737426758e+00,2.100456237792968750e+00,2.480554103851318359e+00,2.585597038269042969e+00,2.867922306060791016e+00,3.094615697860717773e+00,3.421801328659057617e+00,3.618177175521850586e+00,3.947831869125366211e+00,4.139026641845703125e+00,1.298122644424438477e+00,1.039950489997863770e+00,1.220836997032165527e+00,1.420736908912658691e+00,1.547432661056518555e+00,1.918338656425476074e+00,2.056178331375122070e+00,2.429074525833129883e+00,2.539759874343872070e+00,2.832910537719726562e+00,3.038499832153320312e+00,3.383450746536254883e+00,3.531295061111450195e+00,3.878387451171875000e+00,4.040473461151123047e+00,3.151768207550048828e+00,2.937900066375732422e+00,2.700939416885375977e+00,2.393625259399414062e+00,2.134386301040649414e+00,1.823653101921081543e+00,1.514193177223205566e+00,1.235801219940185547e+00,9.786810874938964844e-01,6.667727828025817871e-01,6.013632416725158691e-01,4.533382654190063477e-01,8.119676113128662109e-01,8.861366510391235352e-01,1.153644204139709473e+00
3.059584856033325195e+00,2.862834930419921875e+00,2.609304189682006836e+00,2.299573183059692383e+00,2.090251684188842773e+00,1.721688032150268555e+00,1.536641240119934082e+00,1.158009529113769531e+00,1.054795145988464355e+00,8.293367028236389160e-01,5.618168711662292480e-01,3.760612308979034424e-01,0.000000000000000000e+00,3.785544037818908691e-01,5.641127824783325195e-01,3.492771387100219727e+00,3.220844030380249023e+00,2.988427162170410156e+00,2.679715633392333984e+00,2.414813756942749023e+00,2.105756998062133789e+00,1.798656225204467773e+00,1.522955536842346191e+00,1.253053903579711914e+00,9.520077705383300781e-01,8.417566418647766113e-01,5.697915554046630859e-01,8.615704178810119629e-01,8.085528612136840820e-01,1.073744535446166992e+00,1.312599897384643555e+00,1.159530639648437500e+00,1.425367712974548340e+00,1.632463455200195312e+00,1.786140322685241699e+00,2.145873785018920898e+00,2.289839744567871094e+00,2.660107374191284180e+00,2.762327432632446289e+00,3.072582483291625977e+00,3.267672777175903320e+00,3.613777637481689453e+00,3.788363933563232422e+00,4.121562004089355469e+00,4.317032337188720703e+00,1.633317232131958008e+00,1.368322134017944336e+00,1.494045734405517578e+00,1.718070030212402344e+00,1.790590286254882812e+00,2.171925783157348633e+00,2.275416135787963867e+00,2.655798912048339844e+00,2.768480300903320312e+00,3.032552242279052734e+00,3.268168926239013672e+00,3.595595121383666992e+00,3.764362096786499023e+00,4.108731269836425781e+00,4.264035224914550781e+00,3.440389871597290039e+00,3.205981492996215820e+00,2.980193853378295898e+00,2.671029567718505859e+00,2.408246517181396484e+00,2.123218774795532227e+00,1.790869116783142090e+00,1.555403470993041992e+00,1.265448927879333496e+00,9.683062434196472168e-01,9.531446695327758789e-01,8.216660022735595703e-01,1.168773174285888672e+00,1.175411224365234375e+00,1.445506215095520020e+00
3.421504259109497070e+00,3.225831508636474609e+00,2.981246948242187500e+00,2.665020227432250977e+00,2.460778713226318359e+00,2.091952800750732422e+00,1.897217035293579102e+00,1.524679422378540039e+00,1.381218194961547852e+00,1.135672092437744141e+00,8.597399592399597168e-01,5.756679177284240723e-01,3.785544037818908691e-01,0.000000000000000000e+00,3.683935701847076416e-01,3.818754434585571289e+00,3.543690443038940430e+00,3.328334093093872070e+00,3.007454633712768555e+00,2.757540225982666016e+00,2.444605112075805664e+00,2.144623994827270508e+00,1.871677994728088379e+00,1.580432772636413574e+00,1.311422467231750488e+00,1.161704421043395996e+00,9.028202891349792480e-01,1.126298546791076660e+00,9.642115831375122070e-01,1.233180165290832520e+00,1.534520030021667480e+00,1.428872585296630859e+00,1.667692661285400391e+00,1.922198295593261719e+00,2.066702127456665039e+00,2.439963340759277344e+00,2.593380928039550781e+00,2.966591358184814453e+00,3.090950727462768555e+00,3.390294551849365234e+00,3.599936485290527344e+00,3.939269781112670898e+00,4.112382888793945312e+00,4.451170921325683594e+00,4.633940219879150391e+00,1.785086989402770996e+00,1.579474925994873047e+00,1.768697381019592285e+00,1.992820501327514648e+00,2.109327077865600586e+00,2.485578775405883789e+00,2.606717824935913086e+00,2.984233856201171875e+00,3.086047410964965820e+00,3.364897489547729492e+00,3.585165500640869141e+00,3.922900438308715820e+00,4.086449146270751953e+00,4.429438591003417969e+00,4.594318389892578125e+00,3.725373506546020508e+00,3.505114316940307617e+00,3.261747837066650391e+00,2.961625337600708008e+00,2.689898014068603516e+00,2.390099525451660156e+00,2.069048404693603516e+00,1.799590706825256348e+00,1.550073623657226562e+00,1.220025539398193359e+00,1.163765311241149902e+00,9.107815027236938477e-01,1.205732107162475586e+00,1.104122996330261230e+00,1.335146427154541016e+00
3.571367502212524414e+00,3.387568235397338867e+00,3.114624738693237305e+00,2.822039127349853516e+00,2.600625038146972656e+00,2.238924264907836914e+00,2.056624174118041992e+00,1.680011987686157227e+00,1.603670597076416016e+00,1.329327940940856934e+00,1.109915375709533691e+00,8.064205646514892578e-01,5.641127824783325195e-01,3.683935701847076416e-01,0.000000000000000000e+00,4.049488544464111328e+00,3.781240224838256836e+00,3.540994405746459961e+00,3.238607406616210938e+00,2.966300964355468750e+00,2.659022092819213867e+00,2.349411964416503906e+00,2.068805932998657227e+00,1.814870834350585938e+00,1.497311711311340332e+00,1.386198520660400391e+00,1.060686349868774414e+00,1.254581689834594727e+00,1.044187426567077637e+00,1.215538978576660156e+00,1.783268690109252930e+00,1.692449092864990234e+00,1.967355847358703613e+00,2.189977645874023438e+00,2.347865581512451172e+00,2.709757328033447266e+00,2.848519325256347656e+00,3.220663070678710938e+00,3.313987731933593750e+00,3.620570421218872070e+00,3.817769289016723633e+00,4.162127017974853516e+00,4.344788074493408203e+00,4.673539161682128906e+00,4.875145435333251953e+00,1.887437343597412109e+00,1.709398746490478516e+00,1.873703718185424805e+00,2.148444890975952148e+00,2.259530305862426758e+00,2.646505355834960938e+00,2.786408662796020508e+00,3.162689685821533203e+00,3.298562526702880859e+00,3.568311691284179688e+00,3.798504114151000977e+00,4.128592014312744141e+00,4.281080722808837891e+00,4.632760524749755859e+00,4.775129795074462891e+00,3.918768405914306641e+00,3.707561492919921875e+00,3.490341186523437500e+00,3.170428991317749023e+00,2.925808906555175781e+00,2.615442991256713867e+00,2.307378292083740234e+00,2.034084081649780273e+00,1.753091216087341309e+00,1.469375491142272949e+00,1.355531096458435059e+00,1.137683749198913574e+00,1.395972371101379395e+00,1.247296929359436035e+00,1.518420696258544922e+00
1.068593502044677734e+00,1.022876024246215820e+00,1.396128416061401367e+00,1.426529645919799805e+00,1.728267431259155273e+00,1.949140191078186035e+00,2.160001516342163086e+00,2.456634759902954102e+00,2.525899171829223633e+00,2.896990299224853516e+00,3.006057739257812500e+00,3.389435052871704102e+00,3.492771387100219727e+00,3.818754434585571289e+00,4.049488544464111328e+00,0.000000000000000000e+00,3.869464993476867676e-01,6.052434444427490234e-01,8.307217359542846680e-01,1.160146951675415039e+00,1.396480798721313477e+00,1.743572473526000977e+00,1.991392254829406738e+00,2.245890140533447266e+00,2.566857337951660156e+00,2.682774782180786133e+00,3.028482913970947266e+00,3.020043134689331055e+00,3.388253688812255859e+00,3.496970176696777344e+00,2.580911874771118164e+00,2.463240861892700195e+00,2.265480518341064453e+00,1.929755210876464844e+00,1.841682076454162598e+00,1.457899451255798340e+00,1.425100326538085938e+00,1.091169595718383789e+00,1.059469103813171387e+00,1.111828088760375977e+00,8.375384807586669922e-01,1.003575682640075684e+00,7.696950435638427734e-01,1.048059225082397461e+00,1.143956303596496582e+00,3.486915588378906250e+00,3.184434413909912109e+00,2.953516483306884766e+00,2.700575590133666992e+00,2.397580862045288086e+00,2.229898691177368164e+00,1.850257396697998047e+00,1.759953856468200684e+00,1.511234045028686523e+00,1.244822144508361816e+00,1.436370134353637695e+00,1.346432328224182129e+00,1.713305234909057617e+00,1.757440924644470215e+00,1.967704653739929199e+00,2.268337011337280273e+00,1.919496178627014160e+00,1.890273928642272949e+00,1.992776751518249512e+00,1.918975710868835449e+00,2.255774497985839844e+00,2.221696138381958008e+00,2.599980831146240234e+00,2.662138700485229492e+00,2.843097686767578125e+00,3.146695613861083984e+00,3.434806823730468750e+00,3.610855817794799805e+00,3.953038930892944336e+00,4.062996864318847656e+00
1.116791605949401855e+00,9.379477500915527344e-01,1.259567022323608398e+00,1.240295171737670898e+00,1.487826108932495117e+00,1.706475973129272461e+00,1.867637038230895996e+00,2.177226781845092773e+00,2.221296548843383789e+00,2.583675861358642578e+00,2.712578535079956055e+00,3.089339733123779297e+00,3.220844030380249023e+00,3.543690443038940430e+00,3.781240224838256836e+00,3.869464993476867676e-01,0.000000000000000000e+00,3.789994120597839355e-01,5.488665699958801270e-01,8.703842759132385254e-01,1.148150920867919922e+00,1.458356976509094238e+00,1.746142029762268066e+00,1.968249082565307617e+00,2.296460866928100586e+00,2.434459924697875977e+00,2.788888692855834961e+00,2.820563077926635742e+00,3.189891815185546875e+00,3.324332714080810547e+00,2.393971920013427734e+00,2.230250835418701172e+00,2.011437654495239258e+00,1.677223324775695801e+00,1.535835981369018555e+00,1.150876164436340332e+00,1.064169406890869141e+00,7.142853140830993652e-01,6.945721507072448730e-01,7.594101428985595703e-01,5.598654747009277344e-01,8.095299005508422852e-01,7.035467624664306641e-01,1.057513236999511719e+00,1.188941240310668945e+00,3.125920772552490234e+00,2.833533525466918945e+00,2.613669872283935547e+00,2.343692064285278320e+00,2.056266307830810547e+00,1.878201961517333984e+00,1.503861188888549805e+00,1.420164942741394043e+00,1.148266673088073730e+00,9.249049425125122070e-01,1.126004457473754883e+00,1.121229052543640137e+00,1.491214156150817871e+00,1.596313357353210449e+00,1.834314942359924316e+00,1.949274301528930664e+00,1.588037848472595215e+00,1.525534391403198242e+00,1.620590806007385254e+00,1.534080982208251953e+00,1.874968647956848145e+00,1.855417132377624512e+00,2.237048864364624023e+00,2.321469068527221680e+00,2.515384912490844727e+00,2.811198234558105469e+00,3.104079723358154297e+00,3.261906385421752930e+00,3.610583782196044922e+00,3.712982416152954102e+00
8.195257186889648438e-01,5.752604007720947266e-01,8.808330893516540527e-01,8.834569454193115234e-01,1.140787363052368164e+00,1.388727068901062012e+00,1.582055926322937012e+00,1.902808427810668945e+00,1.997242689132690430e+00,2.354128360748291016e+00,2.498080730438232422e+00,2.872509479522705078e+00,2.988427162170410156e+00,3.328334093093872070e+00,3.540994405746459961e+00,6.052434444427490234e-01,3.789994120597839355e-01,0.000000000000000000e+00,3.784389793872833252e-01,5.878845453262329102e-01,8.964284062385559082e-01,1.198767662048339844e+00,1.487096786499023438e+00,1.749495744705200195e+00,2.044495344161987305e+00,2.210007905960083008e+00,2.543020963668823242e+00,2.576126575469970703e+00,2.951166391372680664e+00,3.061444520950317383e+00,2.223799943923950195e+00,2.046412229537963867e+00,1.880120396614074707e+00,1.520186662673950195e+00,1.415301680564880371e+00,1.057220220565795898e+00,9.621908068656921387e-01,6.995288729667663574e-01,5.587743520736694336e-01,7.736400961875915527e-01,5.762454867362976074e-01,9.321364164352416992e-01,9.326332807540893555e-01,1.247552633285522461e+00,1.457296252250671387e+00,2.922891616821289062e+00,2.617168426513671875e+00,2.366776466369628906e+00,2.128911733627319336e+00,1.809689044952392578e+00,1.657709836959838867e+00,1.274867773056030273e+00,1.229163527488708496e+00,1.038865804672241211e+00,8.165193796157836914e-01,1.118440747261047363e+00,1.148671865463256836e+00,1.503235220909118652e+00,1.673971414566040039e+00,1.861272573471069336e+00,1.921236634254455566e+00,1.546591520309448242e+00,1.511713385581970215e+00,1.521286487579345703e+00,1.444841027259826660e+00,1.746577382087707520e+00,1.699704766273498535e+00,2.075219631195068359e+00,2.110593557357788086e+00,2.322512149810791016e+00,2.603828907012939453e+00,2.914904832839965820e+00,3.088078737258911133e+00,3.431105136871337891e+00,3.566124200820922852e+00
9.994292855262756348e-01,7.442969083786010742e-01,9.487754106521606445e-01,7.935322523117065430e-01,1.031622648239135742e+00,1.186746358871459961e+00,1.356545805931091309e+00,1.643360972404479980e+00,1.696110367774963379e+00,2.066657066345214844e+00,2.182246446609497070e+00,2.562763929367065430e+00,2.679715633392333984e+00,3.007454633712768555e+00,3.238607406616210938e+00,8.307217359542846680e-01,5.488665699958801270e-01,3.784389793872833252e-01,0.000000000000000000e+00,3.849393725395202637e-01,6.004935503005981445e-01,9.241318106651306152e-01,1.197572350502014160e+00,1.428652167320251465e+00,1.752694487571716309e+00,1.890162229537963867e+00,2.240961074829101562e+00,2.278356790542602539e+00,2.648743629455566406e+00,2.787302970886230469e+00,1.884243965148925781e+00,1.701552867889404297e+00,1.512126326560974121e+00,1.159519672393798828e+00,1.052896142005920410e+00,6.885406374931335449e-01,6.701654195785522461e-01,4.855802655220031738e-01,5.303394198417663574e-01,8.408932685852050781e-01,8.049182295799255371e-01,1.168983817100524902e+00,1.194914937019348145e+00,1.545192480087280273e+00,1.714358210563659668e+00,2.702568054199218750e+00,2.382111072540283203e+00,2.166978597640991211e+00,1.932689666748046875e+00,1.636324524879455566e+00,1.540289640426635742e+00,1.169411897659301758e+00,1.222766995429992676e+00,1.018739461898803711e+00,9.343599081039428711e-01,1.232464075088500977e+00,1.365092992782592773e+00,1.705513715744018555e+00,1.909108996391296387e+00,2.125574827194213867e+00,1.978951930999755859e+00,1.595794558525085449e+00,1.473368644714355469e+00,1.447582125663757324e+00,1.280200123786926270e+00,1.547955632209777832e+00,1.441626667976379395e+00,1.806899428367614746e+00,1.842257261276245117e+00,2.015794754028320312e+00,2.320421457290649414e+00,2.608646631240844727e+00,2.794739484786987305e+00,3.131901979446411133e+00,3.256728410720825195e+00
1.019284605979919434e+00,6.878482699394226074e-01,7.263742089271545410e-01,5.193639993667602539e-01,6.651839613914489746e-01,8.487735390663146973e-01,1.003255963325500488e+00,1.321693181991577148e+00,1.414206743240356445e+00,1.767569184303283691e+00,1.920877575874328613e+00,2.290680646896362305e+00,2.414813756942749023e+00,2.757540225982666016e+00,2.966300964355468750e+00,1.160146951675415039e+00,8.703842759132385254e-01,5.878845453262329102e-01,3.849393725395202637e-01,0.000000000000000000e+00,3.965531885623931885e-01,6.172121763229370117e-01,9.414713978767395020e-01,1.186504602432250977e+00,1.470145463943481445e+00,1.662926554679870605e+00,1.991905570030212402e+00,2.065409660339355469e+00,2.438530206680297852e+00,2.568955659866333008e+00,1.775145053863525391e+00,1.542560577392578125e+00,1.403920173645019531e+00,1.041908144950866699e+00,9.340949058532714844e-01,6.618012785911560059e-01,5.688438415527343750e-01,5.784490704536437988e-01,5.004242658615112305e-01,8.836571574211120605e-01,9.165933728218078613e-01,1.300125598907470703e+00,1.417877197265625000e+00,1.741938829421997070e+00,1.959927797317504883e+00,2.384240627288818359e+00,2.059614658355712891e+00,1.817807316780090332e+00,1.605408430099487305e+00,1.285508871078491211e+00,1.216005802154541016e+00,8.514915704727172852e-01,9.753550887107849121e-01,8.748322725296020508e-01,8.666514754295349121e-01,1.205448627471923828e+00,1.394789338111877441e+00,1.690828680992126465e+00,1.954779386520385742e+00,2.135204553604125977e+00,1.861483216285705566e+00,1.483657479286193848e+00,1.375878572463989258e+00,1.256358146667480469e+00,1.099735260009765625e+00,1.309093356132507324e+00,1.186151623725891113e+00,1.541247963905334473e+00,1.538266658782958984e+00,1.747578978538513184e+00,2.025515317916870117e+00,2.339117527008056641e+00,2.523899078369140625e+00,2.860304117202758789e+00,3.012312650680541992e+00
1.145680427551269531e+00,8.977311849594116211e-01,8.637018799781799316e-01,5.162925720214843750e-01,6.632481813430786133e-01,6.458879113197326660e-01,8.456565737724304199e-01,1.076507806777954102e+00,1.164803743362426758e+00,1.541376352310180664e+00,1.635486841201782227e+00,2.018340826034545898e+00,2.105756998062133789e+00,2.444605112075805664e+00,2.659022092819213867e+00,1.396480798721313477e+00,1.148150920867919922e+00,8.964284062385559082e-01,6.004935503005981445e-01,3.965531885623931885e-01,0.000000000000000000e+00,3.915414810180664062e-01,5.998328924179077148e-01,8.726201057434082031e-01,1.171396493911743164e+00,1.314246058464050293e+00,1.650458931922912598e+00,1.695045232772827148e+00,2.068065643310546875e+00,2.204622507095336914e+00,1.383725047111511230e+00,1.170201063156127930e+00,1.065626144409179688e+00,6.940341591835021973e-01,7.067340612411499023e-01,5.363425016403198242e-01,6.599999070167541504e-01,8.135255575180053711e-01,8.666567802429199219e-01,1.244752407073974609e+00,1.297864437103271484e+00,1.679117918014526367e+00,1.767741084098815918e+00,2.105188131332397461e+00,2.300098419189453125e+00,2.313998222351074219e+00,1.958886265754699707e+00,1.749594449996948242e+00,1.590568184852600098e+00,1.292672276496887207e+00,1.339988350868225098e+00,1.034397959709167480e+00,1.263062596321105957e+00,1.194848656654357910e+00,1.250031590461730957e+00,1.575260281562805176e+00,1.786069154739379883e+00,2.077583312988281250e+00,2.345730066299438477e+00,2.530301332473754883e+00,2.179046630859375000e+00,1.809425234794616699e+00,1.653943061828613281e+00,1.494825839996337891e+00,1.265114784240722656e+00,1.385948777198791504e+00,1.155536890029907227e+00,1.458122134208679199e+00,1.396094202995300293e+00,1.533007025718688965e+00,1.840517759323120117e+00,2.120608091354370117e+00,2.349421739578247070e+00,2.663323163986206055e+00,2.825151920318603516e+00
