,A1,A2,A3,A4,A5,A6,A7,A8,A9,A10,A11,A12,A13,A14,A15,B1,B2,B3,B4,B5,B6,B7,B8,B9,B10,B11,B12,B13,B14,B15,C1,C2,C3,C4,C5,C6,C7,C8,C9,C10,C11,C12,C13,C14,C15,D1,D2,D3,D4,D5,D6,D7,D8,D9,D10,D11,D12,D13,D14,D15,E1,E2,E3,E4,E5,E6,E7,E8,E9,E10,E11,E12,E13,E14,E15
A1,0.0,0.3841527998447418,0.6326855421066284,0.9018625617027283,1.2144033908843994,1.5101666450500488,1.8058485984802246,2.104830741882324,2.353874921798706,2.6037909984588623,2.8663692474365234,3.1793131828308105,3.2724738121032715,3.633124828338623,3.8028814792633057,0.9817294478416443,0.8634666204452515,1.137667179107666,1.0655285120010376,1.3564499616622925,1.5378162860870361,1.7524878978729248,2.0660133361816406,2.1790285110473633,2.454571008682251,2.738403081893921,3.01869797706604,3.189513683319092,3.5326974391937256,3.7079975605010986,0.8948765397071838,0.8868786692619324,1.2011728286743164,1.1616045236587524,1.5334820747375488,1.672219157218933,1.9518003463745117,2.2012710571289062,2.3285470008850098,2.677523136138916,2.850533962249756,3.188910722732544,3.381627321243286,3.687471389770508,3.9456140995025635,2.6217734813690186,2.3436756134033203,2.1952452659606934,1.8282805681228638,1.7394144535064697,1.4218095541000366,1.3245413303375244,1.1555778980255127,0.8736656308174133,1.1465950012207031,1.075421929359436,1.312137246131897,1.616607666015625,1.7570117712020874,2.075368642807007,2.3323378562927246,2.125885009765625,1.8224234580993652,1.5234830379486084,1.31754732131958,0.9666179418563843,0.938995897769928,0.6058741807937622,0.7750257253646851,0.9152572154998779,0.8518879413604736,1.1894642114639282,1.176153302192688,1.4351507425308228,1.6895288228988647
A2,0.3841527998447418,0.0,0.38075119256973267,0.6022109389305115,0.9099013805389404,1.2135744094848633,1.4780062437057495,1.7968695163726807,2.021023988723755,2.2655935287475586,2.5403096675872803,2.841336965560913,2.9514832496643066,3.310502290725708,3.479099988937378,0.9314430952072144,0.8306030035018921,1.0225886106491089,0.8576385378837585,1.1791256666183472,1.2939038276672363,1.5550328493118286,1.829140543937683,1.9522523880004883,2.262432336807251,2.5163304805755615,2.8234164714813232,3.0032002925872803,3.3371975421905518,3.5414016246795654,0.6556856632232666,0.5771342515945435,0.838368833065033,0.7899855971336365,1.17170250415802,1.3240748643875122,1.624873399734497,1.876997709274292,2.042053461074829,2.379117488861084,2.563831329345703,2.905999183654785,3.076056957244873,3.3968417644500732,3.6399178504943848,2.3118820190429688,2.0214951038360596,1.8446438312530518,1.4838587045669556,1.3651949167251587,1.0466279983520508,0.9425888061523438,0.8000724911689758,0.5588138103485107,0.8972184658050537,0.9229453802108765,1.2183427810668945,1.4921268224716187,1.7078423500061035,1.9994200468063354,2.121877670288086,1.8945422172546387,1.6304196119308472,1.2908599376678467,1.1226575374603271,0.7463394999504089,0.7411611080169678,0.4634919762611389,0.580442488193512,0.8686503767967224,0.8668850064277649,1.2467858791351318,1.3380128145217896,1.6068987846374512,1.8833438158035278
A3,0.6326855421066284,0.38075119256973267,0.0,0.38224929571151733,0.5950665473937988,0.9289320707321167,1.1963653564453125,1.507867693901062,1.7736804485321045,1.9957520961761475,2.2682223320007324,2.5720386505126953,2.650331974029541,3.0154619216918945,3.175220489501953,1.2952855825424194,1.160047173500061,1.273805856704712,1.015464186668396,1.2679417133331299,1.2811427116394043,1.497948408126831,1.7290875911712646,1.7829049825668335,2.109645128250122,2.3424434661865234,2.6386547088623047,2.8556272983551025,3.16938853263855,3.3880362510681152,0.8108966946601868,0.7929868698120117,0.9221137166023254,0.7986206412315369,1.1704692840576172,1.23453950881958,1.5755294561386108,1.7626683712005615,1.9422743320465088,2.2907867431640625,2.4334702491760254,2.7945168018341064,2.9407143592834473,3.2562122344970703,3.5110995769500732,2.1354734897613525,1.8179961442947388,1.6826417446136475,1.3396472930908203,1.2411526441574097,1.001813530921936,0.8814106583595276,0.8912128806114197,0.6768157482147217,0.9816851019859314,1.1195857524871826,1.3676929473876953,1.657592535018921,1.896544098854065,2.1466662883758545,1.9016190767288208,1.7240430116653442,1.4986586570739746,1.1498435735702515,1.0945169925689697,0.7530257105827332,0.9175723791122437,0.766353964805603,0.9127234220504761,1.236865520477295,1.2379765510559082,1.6184412240982056,1.7099628448486328,1.9640294313430786,2.2485930919647217
A4,0.9018625617027283,0.6022109389305115,0.38224929571151733,0.0,0.3870435655117035,0.6188490390777588,0.9241027235984802,1.211207389831543,1.4537463188171387,1.716347575187683,1.967503547668457,2.2878260612487793,2.3946895599365234,2.7472128868103027,2.936642646789551,1.3536347150802612,1.1646108627319336,1.1556224822998047,0.821230947971344,1.004195213317871,0.9386980533599854,1.153221845626831,1.3568971157073975,1.4184372425079346,1.7569899559020996,1.9786795377731323,2.288926362991333,2.5004987716674805,2.8131697177886963,3.0420100688934326,1.0177602767944336,0.8684978485107422,0.8608168363571167,0.5921188592910767,0.9018589854240417,0.8901829719543457,1.2222070693969727,1.3909614086151123,1.5616321563720703,1.9129239320755005,2.051640272140503,2.412544012069702,2.5626165866851807,2.8760013580322266,3.1332504749298096,1.7628679275512695,1.4586493968963623,1.3365845680236816,0.9838576316833496,0.9510030150413513,0.749304473400116,0.7661839127540588,0.8777003288269043,0.8257910013198853,1.1667983531951904,1.347007393836975,1.638630747795105,1.884569764137268,2.1611602306365967,2.4025633335113525,1.5608566999435425,1.3581310510635376,1.1523257493972778,0.7874040603637695,0.7810366749763489,0.4944358468055725,0.7595359683036804,0.7828364372253418,0.9664266109466553,1.313731074333191,1.409912109375,1.7884544134140015,1.902000069618225,2.1928389072418213,2.4553656578063965
A5,1.2144033908843994,0.9099013805389404,0.5950665473937988,0.3870435655117035,0.0,0.37878331542015076,0.6056367754936218,0.9195776581764221,1.1954841613769531,1.4058085680007935,1.6759411096572876,1.980383276939392,2.058504581451416,2.4215288162231445,2.5895440578460693,1.6893123388290405,1.5344808101654053,1.5080629587173462,1.1539915800094604,1.2963221073150635,1.1284185647964478,1.30800461769104,1.41632878780365,1.4035934209823608,1.7682205438613892,1.9330638647079468,2.241346597671509,2.492811918258667,2.7709622383117676,3.028855800628662,1.1568742990493774,1.0780351161956787,0.9726023077964783,0.7382331490516663,0.969755232334137,0.885887622833252,1.2512601613998413,1.3383586406707764,1.5583213567733765,1.890519380569458,1.9929536581039429,2.3661670684814453,2.4662845134735107,2.7836802005767822,3.034154176712036,1.6349495649337769,1.2876784801483154,1.1862317323684692,0.8962504267692566,0.8386731743812561,0.7798672914505005,0.7410071492195129,0.9865559339523315,0.9679567813873291,1.228440523147583,1.486865520477295,1.7333166599273682,1.967972755432129,2.2670233249664307,2.460519552230835,1.487189769744873,1.3422484397888184,1.235901951789856,0.8834636807441711,1.0256246328353882,0.8308934569358826,1.1125379800796509,1.1525087356567383,1.2772531509399414,1.6468549966812134,1.7142897844314575,2.0936360359191895,2.2329912185668945,2.4995639324188232,2.783633232116699
A6,1.5101666450500488,1.2135744094848633,0.9289320707321167,0.6188490390777588,0.37878331542015076,0.0,0.3825734555721283,0.597443699836731,0.8807509541511536,1.1408107280731201,1.3671950101852417,1.701137661933899,1.7956981658935547,2.1427767276763916,2.3465628623962402,1.903814435005188,1.7083061933517456,1.5980337858200073,1.220991849899292,1.2556042671203613,0.9933379888534546,1.1008025407791138,1.129573106765747,1.0675969123840332,1.4399566650390625,1.574560523033142,1.8846549987792969,2.1458349227905273,2.4102518558502197,2.679983377456665,1.493927240371704,1.3546934127807617,1.1842713356018066,0.878721296787262,0.9732309579849243,0.7462019920349121,1.0606892108917236,1.0580629110336304,1.255778193473816,1.5871189832687378,1.6509230136871338,2.0283422470092773,2.12388014793396,2.4292991161346436,2.691340208053589,1.284388780593872,0.9434165358543396,0.9185304641723633,0.6683816313743591,0.7587592601776123,0.832504391670227,0.935096025466919,1.2284742593765259,1.2904874086380005,1.560990571975708,1.8249496221542358,2.0893330574035645,2.3026745319366455,2.6158318519592285,2.8044581413269043,1.1357953548431396,1.0073869228363037,0.9764009118080139,0.6703148484230042,0.938277542591095,0.8896620273590088,1.2140800952911377,1.3582572937011719,1.5140784978866577,1.8739999532699585,1.9954026937484741,2.3691940307617188,2.5076096057891846,2.798400402069092,3.063157796859741
A7,1.8058485984802246,1.4780062437057495,1.1963653564453125,0.9241027235984802,0.6056367754936218,0.3825734555721283,0.0,0.37546756863594055,0.6132762432098389,0.8015460968017578,1.078208088874817,1.376444697380066,1.4771149158477783,1.8327628374099731,2.016066312789917,2.1326305866241455,1.9830926656723022,1.8641185760498047,1.4894165992736816,1.5334540605545044,1.2302172183990479,1.3538777828216553,1.2901179790496826,1.2126438617706299,1.590893030166626,1.643863558769226,1.9623143672943115,2.2366983890533447,2.4612643718719482,2.764256715774536,1.6178432703018188,1.5037899017333984,1.25786292552948,1.016306757926941,1.0203841924667358,0.7879610061645508,1.086826205253601,1.0199291706085205,1.2897236347198486,1.558109998703003,1.6129440069198608,1.981978416442871,2.011526584625244,2.3320729732513428,2.5625975131988525,1.18340265750885,0.8055634498596191,0.7505117654800415,0.6411995887756348,0.6605916023254395,0.8808828592300415,0.94838547706604,1.3039356470108032,1.4207775592803955,1.6240532398223877,1.9325501918792725,2.172637701034546,2.3476908206939697,2.683492660522461,2.828993320465088,1.257243275642395,1.1563103199005127,1.233688235282898,0.9660024642944336,1.2524547576904297,1.2152243852615356,1.4948683977127075,1.6393108367919922,1.7289797067642212,2.103318691253662,2.212282657623291,2.5785975456237793,2.7555925846099854,3.0281827449798584,3.3094892501831055
A8,2.104830741882324,1.7968695163726807,1.507867693901062,1.211207389831543,0.9195776581764221,0.597443699836731,0.37546756863594055,0.0,0.3792892098426819,0.5920915007591248,0.7782154083251953,1.1209312677383423,1.211851954460144,1.5493472814559937,1.7705283164978027,2.435002088546753,2.2521347999572754,2.091550588607788,1.7148250341415405,1.6813308000564575,1.3358819484710693,1.3648749589920044,1.2156310081481934,1.0492908954620361,1.3965232372283936,1.388607382774353,1.681606650352478,1.9784793853759766,2.1673855781555176,2.4820621013641357,1.9865893125534058,1.854341983795166,1.6032264232635498,1.3311538696289062,1.2762441635131836,0.9675077795982361,1.1662455797195435,0.9769300222396851,1.1898967027664185,1.4298046827316284,1.4054152965545654,1.769720196723938,1.7763240337371826,2.069035768508911,2.3153817653656006,0.9568539261817932,0.6037188172340393,0.7298635244369507,0.754309356212616,0.9089508056640625,1.1790486574172974,1.305424690246582,1.6587538719177246,1.7860387563705444,1.9991461038589478,2.3043465614318848,2.5469765663146973,2.722609281539917,3.058943748474121,3.2019660472869873,1.0206369161605835,1.0047845840454102,1.1848546266555786,1.0238689184188843,1.374924659729004,1.4293301105499268,1.7350993156433105,1.9241485595703125,2.047828197479248,2.4115209579467773,2.545361280441284,2.9114434719085693,3.0756640434265137,3.363011598587036,3.631779432296753
A9,2.353874921798706,2.021023988723755,1.7736804485321045,1.4537463188171387,1.1954841613769531,0.8807509541511536,0.6132762432098389,0.3792892098426819,0.0,0.38352683186531067,0.5443808436393738,0.8718711137771606,1.0648411512374878,1.3648072481155396,1.613452672958374,2.5519728660583496,2.388319492340088,2.187195301055908,1.82454514503479,1.7676429748535156,1.394529938697815,1.4353455305099487,1.2079412937164307,1.0888431072235107,1.4159770011901855,1.334623098373413,1.6491549015045166,1.9156776666641235,2.0790011882781982,2.417890787124634,2.1556389331817627,1.9886460304260254,1.685975432395935,1.432271957397461,1.2730046510696411,0.9560694694519043,1.0568323135375977,0.7989833354949951,1.0441206693649292,1.1970083713531494,1.1790220737457275,1.5187674760818481,1.4763051271438599,1.7894283533096313,2.00191068649292,0.7062931060791016,0.3742336928844452,0.5054150223731995,0.7171379327774048,0.8862947821617126,1.2258076667785645,1.4006164073944092,1.7567293643951416,1.9514710903167725,2.1504292488098145,2.4598495960235596,2.716113805770874,2.849928617477417,3.2036168575286865,3.3333542346954346,1.1099822521209717,1.0518819093704224,1.3022907972335815,1.1804102659225464,1.5145556926727295,1.6080790758132935,1.8670154809951782,2.0945701599121094,2.1824538707733154,2.5375101566314697,2.6976311206817627,3.047028064727783,3.2386229038238525,3.5297181606292725,3.791877269744873
A10,2.6037909984588623,2.2655935287475586,1.9957520961761475,1.716347575187683,1.4058085680007935,1.1408107280731201,0.8015460968017578,0.5920915007591248,0.38352683186531067,0.0,0.35766029357910156,0.5774710178375244,0.7373053431510925,1.0657926797866821,1.2700272798538208,2.834202527999878,2.6985580921173096,2.521824359893799,2.157850980758667,2.1312649250030518,1.7651911973953247,1.816957950592041,1.5877509117126465,1.4460896253585815,1.751027226448059,1.6292468309402466,1.9072023630142212,2.1888153553009033,2.3041300773620605,2.6544253826141357,2.3266794681549072,2.207198143005371,1.8929972648620605,1.6921237707138062,1.5452197790145874,1.2742598056793213,1.3931808471679688,1.1447705030441284,1.3997045755386353,1.4979584217071533,1.4553637504577637,1.757721185684204,1.6423503160476685,1.9387118816375732,2.11267352104187,0.9894810318946838,0.7286708354949951,0.8103976249694824,1.050215244293213,1.1223200559616089,1.4774909019470215,1.5806808471679688,1.9516081809997559,2.137552261352539,2.282072067260742,2.615595817565918,2.8341593742370605,2.9532744884490967,3.309626817703247,3.4007108211517334,1.4153778553009033,1.4135313034057617,1.6721957921981812,1.5422559976577759,1.8763097524642944,1.9357260465621948,2.192220449447632,2.388223171234131,2.4472591876983643,2.814344644546509,2.944504737854004,3.2941861152648926,3.5012893676757812,3.7715914249420166,4.052089691162109
A11,2.8663692474365234,2.5403096675872803,2.2682223320007324,1.967503547668457,1.6759411096572876,1.3671950101852417,1.078208088874817,0.7782154083251953,0.5443808436393738,0.35766029357910156,0.0,0.3827246427536011,0.5698084235191345,0.8281633853912354,1.1075819730758667,3.0946366786956787,2.9320104122161865,2.7253732681274414,2.3643760681152344,2.2855045795440674,1.9042226076126099,1.8919615745544434,1.6123045682907104,1.4248234033584595,1.668184757232666,1.4818439483642578,1.715643048286438,1.9985040426254272,2.064694404602051,2.4215710163116455,2.6502788066864014,2.5101840496063232,2.1990108489990234,1.968024730682373,1.7981369495391846,1.4901741743087769,1.540307641029358,1.2278740406036377,1.4060008525848389,1.453945279121399,1.3320966958999634,1.5985746383666992,1.4477933645248413,1.7005723714828491,1.8810151815414429,0.9048824906349182,0.7679823040962219,0.973042905330658,1.2513242959976196,1.3989120721817017,1.7542409896850586,1.8988233804702759,2.2646849155426025,2.454486846923828,2.6200079917907715,2.9467363357543945,3.1760289669036865,3.3003084659576416,3.6564717292785645,3.754513740539551,1.3462539911270142,1.4069613218307495,1.7217689752578735,1.6692596673965454,2.0235085487365723,2.138442039489746,2.408250331878662,2.634902000427246,2.721487283706665,3.07954478263855,3.2316672801971436,3.5818378925323486,3.777233839035034,4.062283992767334,4.330562591552734
A12,3.1793131828308105,2.841336965560913,2.5720386505126953,2.2878260612487793,1.980383276939392,1.701137661933899,1.376444697380066,1.1209312677383423,0.8718711137771606,0.5774710178375244,0.3827246427536011,0.0,0.3656695485115051,0.5440463423728943,0.7950589060783386,3.378932476043701,3.2429285049438477,3.0403730869293213,2.684809923171997,2.6223814487457275,2.2417244911193848,2.249866247177124,1.960064172744751,1.7913116216659546,2.019165515899658,1.8026251792907715,2.0152761936187744,2.281633138656616,2.3053972721099854,2.668010950088501,2.886827230453491,2.764552593231201,2.434079170227051,2.243091583251953,2.0539450645446777,1.7790195941925049,1.8169653415679932,1.5137546062469482,1.7078359127044678,1.6943442821502686,1.5776821374893188,1.7887980937957764,1.5687319040298462,1.8017387390136719,1.9178268909454346,1.1906260251998901,1.0984930992126465,1.2390658855438232,1.5508371591567993,1.6444108486175537,2.0134501457214355,2.1294407844543457,2.4964563846588135,2.700942277908325,2.8272039890289307,3.1657891273498535,3.374467134475708,3.4716925621032715,3.8327157497406006,3.899104595184326,1.7162014245986938,1.7753078937530518,2.0951545238494873,2.034329414367676,2.37846040725708,2.4787096977233887,2.730053186416626,2.9476559162139893,3.0027072429656982,3.363546133041382,3.504807472229004,3.847266674041748,4.062973499298096,4.334528923034668,4.612099647521973
A13,3.2724738121032715,2.9514832496643066,2.650331974029541,2.3946895599365234,2.058504581451416,1.7956981658935547,1.4771149158477783,1.211851954460144,1.0648411512374878,0.7373053431510925,0.5698084235191345,0.3656695485115051,0.0,0.3795355558395386,0.5633252263069153,3.5658366680145264,3.422884225845337,3.244931936264038,2.8777217864990234,2.825685977935791,2.4508330821990967,2.4416987895965576,2.172123908996582,1.9564284086227417,2.1763417720794678,1.9690462350845337,2.141730785369873,2.4388673305511475,2.4434382915496826,2.795165538787842,3.0052521228790283,2.920254707336426,2.6119065284729004,2.4227380752563477,2.2812705039978027,2.004194974899292,2.0866715908050537,1.7892764806747437,1.9740737676620483,1.998643398284912,1.8551344871520996,2.0777878761291504,1.8692841529846191,2.069589376449585,2.2037198543548584,1.4590816497802734,1.335044503211975,1.503861665725708,1.7730650901794434,1.8573204278945923,2.2125253677368164,2.2891204357147217,2.6630170345306396,2.8273375034332275,2.940171718597412,3.2862648963928223,3.4685518741607666,3.5864109992980957,3.936685562133789,3.9918174743652344,1.8231641054153442,1.9411674737930298,2.2500762939453125,2.187869071960449,2.5484020709991455,2.63090443611145,2.9106056690216064,3.102811336517334,3.172797679901123,3.5437021255493164,3.661182403564453,4.015266418457031,4.218186855316162,4.481135368347168,4.769343376159668
A14,3.633124828338623,3.310502290725708,3.0154619216918945,2.7472128868103027,2.4215288162231445,2.1427767276763916,1.8327628374099731,1.5493472814559937,1.3648072481155396,1.0657926797866821,0.8281633853912354,0.5440463423728943,0.3795355558395386,0.0,0.36470282077789307,3.8965091705322266,3.7490644454956055,3.5507285594940186,3.1892287731170654,3.1126749515533447,2.7300803661346436,2.6978628635406494,2.397953748703003,2.178190231323242,2.352487087249756,2.100067138671875,2.2314939498901367,2.506831407546997,2.456205129623413,2.805640459060669,3.3670241832733154,3.2687466144561768,2.949801445007324,2.756899118423462,2.5874245166778564,2.3028974533081055,2.340492010116577,2.0193655490875244,2.1694140434265137,2.1382155418395996,1.9612382650375366,2.1246275901794434,1.8701878786087036,2.0173656940460205,2.1130642890930176,1.626420259475708,1.580528974533081,1.768675446510315,2.0689809322357178,2.1731343269348145,2.537043809890747,2.6344594955444336,3.0061440467834473,3.186660051345825,3.300706624984741,3.646228313446045,3.8327207565307617,3.9394187927246094,4.293615341186523,4.3426127433776855,2.0349583625793457,2.1715402603149414,2.507537364959717,2.4830615520477295,2.8453617095947266,2.9554812908172607,3.2302470207214355,3.441492795944214,3.512641668319702,3.878278970718384,4.009291648864746,4.359162330627441,4.565675258636475,4.834250450134277,5.117077350616455
A15,3.8028814792633057,3.479099988937378,3.175220489501953,2.936642646789551,2.5895440578460693,2.3465628623962402,2.016066312789917,1.7705283164978027,1.613452672958374,1.2700272798538208,1.1075819730758667,0.7950589060783386,0.5633252263069153,0.36470282077789307,0.0,4.091241359710693,3.965409278869629,3.7906248569488525,3.4262471199035645,3.3797714710235596,3.0032641887664795,2.9952285289764404,2.7120602130889893,2.496100902557373,2.6892452239990234,2.4502625465393066,2.5839147567749023,2.8664495944976807,2.814953565597534,3.161323070526123,3.4861180782318115,3.422537326812744,3.1052184104919434,2.945416212081909,2.7939951419830322,2.5362308025360107,2.604969024658203,2.305919647216797,2.4863955974578857,2.4631543159484863,2.3066694736480713,2.4739763736724854,2.2115793228149414,2.3634376525878906,2.4359593391418457,1.9535467624664307,1.8713704347610474,2.0206146240234375,2.3103182315826416,2.3673453330993652,2.7275285720825195,2.7806975841522217,3.1519370079040527,3.3194005489349365,3.396190881729126,3.75018572807312,3.9057605266571045,4.002511501312256,4.350870132446289,4.370780944824219,2.350632429122925,2.4849801063537598,2.8051114082336426,2.7504732608795166,3.109501361846924,3.187429904937744,3.459627628326416,3.6444907188415527,3.6952807903289795,4.068222522735596,4.173923492431641,4.522690296173096,4.7386627197265625,4.988617897033691,5.285697937011719
B1,0.9817294478416443,0.9314430952072144,1.2952855825424194,1.3536347150802612,1.6893123388290405,1.903814435005188,2.1326305866241455,2.435002088546753,2.5519728660583496,2.834202527999878,3.0946366786956787,3.378932476043701,3.5658366680145264,3.8965091705322266,4.091241359710693,0.0,0.3863079249858856,0.6770880222320557,0.8810197710990906,1.2120062112808228,1.4874311685562134,1.8008111715316772,2.097313165664673,2.358290910720825,2.6179261207580566,2.881258249282837,3.206883430480957,3.293402671813965,3.6528046131134033,3.8296563625335693,1.0477968454360962,0.8018425703048706,1.071608543395996,1.14596426486969,1.359872817993164,1.6383635997772217,1.7851481437683105,2.137481212615967,2.257632255554199,2.5254037380218506,2.7958297729492188,3.0687928199768066,3.278533458709717,3.599433183670044,3.798074245452881,2.663900375366211,2.4576852321624756,2.211513042449951,1.8706153631210327,1.7467983961105347,1.3745496273040771,1.3810242414474487,1.0658763647079468,1.033904790878296,1.2692596912384033,1.0977082252502441,1.433327078819275,1.5448498725891113,1.7055232524871826,2.042597532272339,2.626603603363037,2.3076531887054443,2.0226192474365234,1.748142957687378,1.434538722038269,1.167643666267395,0.8232516050338745,0.6151129603385925,0.43043941259384155,0.08213996887207031,0.4296741187572479,0.6099205017089844,0.7732813358306885,1.1053684949874878,1.2880691289901733
B2,0.8634666204452515,0.8306030035018921,1.160047173500061,1.1646108627319336,1.5344808101654053,1.7083061933517456,1.9830926656723022,2.2521347999572754,2.388319492340088,2.6985580921173096,2.9320104122161865,3.2429285049438477,3.422884225845337,3.7490644454956055,3.965409278869629,0.3863079249858856,0.0,0.3897606134414673,0.608249843120575,0.8997671604156494,1.214693546295166,1.4863032102584839,1.812979817390442,2.0638716220855713,2.2997024059295654,2.584566831588745,2.892230272293091,2.975144147872925,3.3404715061187744,3.501089334487915,1.1766730546951294,0.894236147403717,1.1259125471115112,1.067836046218872,1.286758303642273,1.4914318323135376,1.6253254413604736,1.9550480842590332,2.0292651653289795,2.3234291076660156,2.567678213119507,2.8460917472839355,3.0794272422790527,3.3819875717163086,3.606855869293213,2.4556236267089844,2.2654614448547363,2.0673818588256836,1.7102340459823608,1.6600760221481323,1.303554654121399,1.3795852661132812,1.1407212018966675,1.1068089008331299,1.4216357469558716,1.3149185180664062,1.6616698503494263,1.8260098695755005,2.00325083732605,2.3396434783935547,2.3265838623046875,2.0167601108551025,1.7038140296936035,1.4598699808120728,1.1179380416870117,0.8810527920722961,0.5412527918815613,0.39723479747772217,0.4970633387565613,0.4023093283176422,0.7055999040603638,0.9400729537010193,0.9940407276153564,1.3611555099487305,1.5123342275619507
B3,1.137667179107666,1.0225886106491089,1.273805856704712,1.1556224822998047,1.5080629587173462,1.5980337858200073,1.8641185760498047,2.091550588607788,2.187195301055908,2.521824359893799,2.7253732681274414,3.0403730869293213,3.244931936264038,3.5507285594940186,3.7906248569488525,0.6770880222320557,0.3897606134414673,0.0,0.3789340555667877,0.574432909488678,0.9119154810905457,1.1824737787246704,1.4961442947387695,1.7843018770217896,2.001182794570923,2.27721905708313,2.589595079421997,2.647879123687744,3.013536214828491,3.1743674278259277,1.386237621307373,1.038840889930725,1.1451804637908936,0.9966190457344055,1.1132928133010864,1.2732373476028442,1.3337669372558594,1.6633635759353638,1.7003148794174194,1.9793447256088257,2.230963945388794,2.4909794330596924,2.7382724285125732,3.031773567199707,3.2541730403900146,2.1633667945861816,2.015828847885132,1.830606460571289,1.490454912185669,1.5017144680023193,1.181904673576355,1.3640503883361816,1.1967201232910156,1.2657816410064697,1.6071680784225464,1.568187952041626,1.9370524883270264,2.0799360275268555,2.298025369644165,2.6154818534851074,2.077303886413574,1.741364598274231,1.4423673152923584,1.2393184900283813,0.8798211812973022,0.7583231925964355,0.3985849916934967,0.5663366913795471,0.7058560848236084,0.7159481644630432,1.0554454326629639,1.2778526544570923,1.3586044311523438,1.7257294654846191,1.8531925678253174
B4,1.0655285120010376,0.8576385378837585,1.015464186668396,0.821230947971344,1.1539915800094604,1.220991849899292,1.4894165992736816,1.7148250341415405,1.82454514503479,2.157850980758667,2.3643760681152344,2.684809923171997,2.8777217864990234,3.1892287731170654,3.4262471199035645,0.8810197710990906,0.608249843120575,0.3789340555667877,0.0,0.38224971294403076,0.6149250268936157,0.926135778427124,1.2227975130081177,1.4798893928527832,1.7394133806228638,2.001505136489868,2.326930522918701,2.4248759746551514,2.7802906036376953,2.968304395675659,1.2598153352737427,0.9101380109786987,0.9396121501922607,0.6943181753158569,0.8282895684242249,0.9363895058631897,1.052810788154602,1.3604342937469482,1.4296472072601318,1.739577293395996,1.969760775566101,2.2630245685577393,2.488736629486084,2.7926294803619385,3.027134656906128,1.8496060371398926,1.67129385471344,1.4973641633987427,1.1420695781707764,1.1710320711135864,0.8705885410308838,1.0838725566864014,1.003641963005066,1.0946675539016724,1.4628459215164185,1.50586998462677,1.8760708570480347,2.0423789024353027,2.2989919185638428,2.592780113220215,1.7592462301254272,1.4309027194976807,1.1501778364181519,0.8953798413276672,0.572466254234314,0.41743913292884827,0.1266135424375534,0.5006212592124939,0.7008598446846008,0.8916535377502441,1.177432656288147,1.4741157293319702,1.5838825702667236,1.937989354133606,2.1145386695861816
B5,1.3564499616622925,1.1791256666183472,1.2679417133331299,1.004195213317871,1.2963221073150635,1.2556042671203613,1.5334540605545044,1.6813308000564575,1.7676429748535156,2.1312649250030518,2.2855045795440674,2.6223814487457275,2.825685977935791,3.1126749515533447,3.3797714710235596,1.2120062112808228,0.8997671604156494,0.574432909488678,0.38224971294403076,0.0,0.38851362466812134,0.6083784103393555,0.9327296614646912,1.2191721200942993,1.427162528038025,1.705222725868225,2.0155246257781982,2.0838077068328857,2.447289228439331,2.6176536083221436,1.6248211860656738,1.2790361642837524,1.2544585466384888,0.9491406679153442,0.9743762016296387,0.954332172870636,0.9623447060585022,1.2200367450714111,1.1933977603912354,1.5076320171356201,1.7156754732131958,1.9913768768310547,2.251432418823242,2.5275352001190186,2.7796549797058105,1.6641016006469727,1.549729347229004,1.441833734512329,1.1174556016921997,1.2637447118759155,1.052056074142456,1.3405760526657104,1.332326054573059,1.4473285675048828,1.818845272064209,1.8830982446670532,2.2513632774353027,2.4195268154144287,2.680723190307617,2.971552848815918,1.521293044090271,1.1800090074539185,0.8835901021957397,0.7397117614746094,0.3865278959274292,0.5280902981758118,0.4769476056098938,0.8462719917297363,1.0812098979949951,1.2340134382247925,1.5378583669662476,1.8141493797302246,1.8933160305023193,2.260040760040283,2.4033055305480957
B6,1.5378162860870361,1.2939038276672363,1.2811427116394043,0.9386980533599854,1.1284185647964478,0.9933379888534546,1.2302172183990479,1.3358819484710693,1.394529938697815,1.7651911973953247,1.9042226076126099,2.2417244911193848,2.4508330821990967,2.7300803661346436,3.0032641887664795,1.4874311685562134,1.214693546295166,0.9119154810905457,0.6149250268936157,0.38851362466812134,0.0,0.38498789072036743,0.6112013459205627,0.8959239721298218,1.1603177785873413,1.3968912363052368,1.7359319925308228,1.837995171546936,2.1834588050842285,2.3930094242095947,1.688179612159729,1.3566744327545166,1.2311288118362427,0.8738091588020325,0.8083853125572205,0.6557968854904175,0.6457599997520447,0.8501657247543335,0.842526376247406,1.182904839515686,1.3745311498641968,1.6794885396957397,1.9142394065856934,2.20322585105896,2.459803342819214,1.2822728157043457,1.1624306440353394,1.0767972469329834,0.7719273567199707,0.9938571453094482,0.8856873512268066,1.2240936756134033,1.3220447301864624,1.484744668006897,1.8422034978866577,1.9768643379211426,2.3369176387786865,2.4995510578155518,2.7945423126220703,3.054304599761963,1.2108025550842285,0.8502821326255798,0.6317194700241089,0.46464794874191284,0.3231792449951172,0.5824503898620605,0.7049989700317383,1.0692033767700195,1.2698091268539429,1.5005050897598267,1.7782185077667236,2.082859516143799,2.197970390319824,2.5522937774658203,2.726118564605713
B7,1.7524878978729248,1.5550328493118286,1.497948408126831,1.153221845626831,1.30800461769104,1.1008025407791138,1.3538777828216553,1.3648749589920044,1.4353455305099487,1.816957950592041,1.8919615745544434,2.249866247177124,2.4416987895965576,2.6978628635406494,2.9952285289764404,1.8008111715316772,1.4863032102584839,1.1824737787246704,0.926135778427124,0.6083784103393555,0.38498789072036743,0.0,0.38291290402412415,0.6326296925544739,0.8205839395523071,1.1053645610809326,1.4100980758666992,1.5034985542297363,1.8607861995697021,2.0471253395080566,2.0153818130493164,1.7048457860946655,1.5942598581314087,1.223149061203003,1.1635321378707886,0.9318476319313049,0.8682586550712585,0.9294797778129578,0.7808080315589905,1.1347522735595703,1.2413026094436646,1.537739634513855,1.8070971965789795,2.048933506011963,2.342571496963501,1.2137242555618286,1.1625170707702637,1.2023099660873413,0.9618971347808838,1.265121579170227,1.2241597175598145,1.5530298948287964,1.680263638496399,1.8118805885314941,2.175753355026245,2.3143362998962402,2.665526866912842,2.8504064083099365,3.137955665588379,3.4017791748046875,0.9450241923332214,0.6046077013015747,0.33138033747673035,0.44326359033584595,0.4371999204158783,0.8096555471420288,1.0012739896774292,1.3498985767364502,1.6033440828323364,1.8143306970596313,2.0910565853118896,2.3952364921569824,2.471757650375366,2.83510160446167,2.9900014400482178
B8,2.0660133361816406,1.829140543937683,1.7290875911712646,1.3568971157073975,1.41632878780365,1.129573106765747,1.2901179790496826,1.2156310081481934,1.2079412937164307,1.5877509117126465,1.6123045682907104,1.960064172744751,2.172123908996582,2.397953748703003,2.7120602130889893,2.097313165664673,1.812979817390442,1.4961442947387695,1.2227975130081177,0.9327296614646912,0.6112013459205627,0.38291290402412415,0.0,0.3839995265007019,0.5985426902770996,0.7932384014129639,1.141811728477478,1.2469959259033203,1.5798375606536865,1.8104584217071533,2.2240090370178223,1.9183056354522705,1.7387760877609253,1.3712644577026367,1.2234340906143188,0.9162650108337402,0.7675076127052307,0.6809439063072205,0.44677403569221497,0.8000438809394836,0.8640837073326111,1.1762259006500244,1.4328330755233765,1.6764765977859497,1.9739757776260376,0.8587812781333923,0.8836127519607544,0.9922863841056824,0.8657329082489014,1.227374792098999,1.2965747117996216,1.64582359790802,1.8335283994674683,2.0104191303253174,2.3502912521362305,2.529557466506958,2.8753726482391357,3.0404515266418457,3.3517467975616455,3.590137004852295,0.7424435615539551,0.3677099645137787,0.41275492310523987,0.5989454984664917,0.7663899064064026,1.105729103088379,1.3071622848510742,1.6602952480316162,1.8732932806015015,2.1113193035125732,2.3855931758880615,2.6938600540161133,2.8004188537597656,3.157761812210083,3.3248701095581055
B9,2.1790285110473633,1.9522523880004883,1.7829049825668335,1.4184372425079346,1.4035934209823608,1.0675969123840332,1.2126438617706299,1.0492908954620361,1.0888431072235107,1.4460896253585815,1.4248234033584595,1.7913116216659546,1.9564284086227417,2.178190231323242,2.496100902557373,2.358290910720825,2.0638716220855713,1.7843018770217896,1.4798893928527832,1.2191721200942993,0.8959239721298218,0.6326296925544739,0.3839995265007019,0.0,0.3878621757030487,0.5643457770347595,0.8928732872009277,1.0957130193710327,1.398457646369934,1.6469721794128418,2.3653533458709717,2.1025235652923584,1.9236794710159302,1.5485057830810547,1.4418548345565796,1.0918980836868286,1.026414394378662,0.8351317048072815,0.6466584205627441,0.9628773331642151,0.886032223701477,1.2208062410354614,1.4340488910675049,1.6438666582107544,1.9732685089111328,0.7978087663650513,0.8067741990089417,1.0453574657440186,0.9703961610794067,1.3444163799285889,1.4672859907150269,1.7746485471725464,2.0084073543548584,2.150437355041504,2.4803078174591064,2.687014102935791,3.0099875926971436,3.199885845184326,3.511793613433838,3.737645387649536,0.3586865961551666,0.06379491835832596,0.41210100054740906,0.6633925437927246,0.9546703100204468,1.2654953002929688,1.5425071716308594,1.8601468801498413,2.095996618270874,2.3621785640716553,2.6060633659362793,2.937286853790283,3.0317628383636475,3.3828067779541016,3.5659706592559814
B10,2.454571008682251,2.262432336807251,2.109645128250122,1.7569899559020996,1.7682205438613892,1.4399566650390625,1.590893030166626,1.3965232372283936,1.4159770011901855,1.751027226448059,1.668184757232666,2.019165515899658,2.1763417720794678,2.352487087249756,2.6892452239990234,2.6179261207580566,2.2997024059295654,2.001182794570923,1.7394133806228638,1.427162528038025,1.1603177785873413,0.8205839395523071,0.5985426902770996,0.3878621757030487,0.0,0.36373013257980347,0.5928788185119629,0.7463300824165344,1.0790603160858154,1.2880486249923706,2.7141265869140625,2.440274715423584,2.279557228088379,1.9017237424850464,1.7895318269729614,1.4521286487579346,1.33184015750885,1.1342580318450928,0.8494225144386292,1.0764670372009277,0.9235259890556335,1.172197937965393,1.4306987524032593,1.5577073097229004,1.9120160341262817,1.0007303953170776,1.1197741031646729,1.3862773180007935,1.3421711921691895,1.7201080322265625,1.8322486877441406,2.150045394897461,2.3658928871154785,2.5019009113311768,2.843024253845215,3.0327277183532715,3.361760139465332,3.5565555095672607,3.8604605197906494,4.098104000091553,0.46410107612609863,0.4496375024318695,0.6354625225067139,0.982675313949585,1.2052154541015625,1.5511497259140015,1.8070542812347412,2.135051965713501,2.394186496734619,2.6281096935272217,2.889695167541504,3.206878423690796,3.2759313583374023,3.6374528408050537,3.794299840927124
B11,2.738403081893921,2.5163304805755615,2.3424434661865234,1.9786795377731323,1.9330638647079468,1.574560523033142,1.643863558769226,1.388607382774353,1.334623098373413,1.6292468309402466,1.4818439483642578,1.8026251792907715,1.9690462350845337,2.100067138671875,2.4502625465393066,2.881258249282837,2.584566831588745,2.27721905708313,2.001505136489868,1.705222725868225,1.3968912363052368,1.1053645610809326,0.7932384014129639,0.5643457770347595,0.36373013257980347,0.0,0.3855118751525879,0.5950470566749573,0.8485551476478577,1.1346611976623535,2.916109085083008,2.6472339630126953,2.4438064098358154,2.078199863433838,1.9192373752593994,1.5613325834274292,1.4112826585769653,1.1336883306503296,0.8569912314414978,0.9757499694824219,0.7171309590339661,0.9346672892570496,1.1462740898132324,1.2433961629867554,1.6062253713607788,0.8312041163444519,1.039462924003601,1.3563258647918701,1.4111019372940063,1.7901489734649658,1.9664226770401,2.2843921184539795,2.5341320037841797,2.6993725299835205,3.019249439239502,3.2360997200012207,3.5592904090881348,3.737011671066284,4.057624340057373,4.273943901062012,0.5454724431037903,0.6229231357574463,0.9314913749694824,1.2264374494552612,1.4895546436309814,1.8206696510314941,2.075270175933838,2.4085118770599365,2.6386401653289795,2.891517400741577,3.1512451171875,3.4719178676605225,3.565784454345703,3.9227824211120605,4.091461658477783
B12,3.01869797706604,2.8234164714813232,2.6386547088623047,2.288926362991333,2.241346597671509,1.8846549987792969,1.9623143672943115,1.681606650352478,1.6491549015045166,1.9072023630142212,1.715643048286438,2.0152761936187744,2.141730785369873,2.2314939498901367,2.5839147567749023,3.206883430480957,2.892230272293091,2.589595079421997,2.326930522918701,2.0155246257781982,1.7359319925308228,1.4100980758666992,1.141811728477478,0.8928732872009277,0.5928788185119629,0.3855118751525879,0.0,0.36587968468666077,0.5474779605865479,0.807051420211792,3.255147695541382,2.9950764179229736,2.8077003955841064,2.436831474304199,2.296182632446289,1.9378209114074707,1.795026183128357,1.5178593397140503,1.2355897426605225,1.3167952299118042,1.0231000185012817,1.143511414527893,1.3358663320541382,1.327053427696228,1.6989718675613403,1.1730992794036865,1.3881176710128784,1.7259447574615479,1.785251259803772,2.1627418994903564,2.336390972137451,2.644989013671875,2.8948116302490234,3.0405077934265137,3.3649587631225586,3.578582763671875,3.8967957496643066,4.088743209838867,4.402705192565918,4.623215198516846,0.7665606737136841,0.9544278383255005,1.2145650386810303,1.5407100915908813,1.7938594818115234,2.1302359104156494,2.3956117630004883,2.721076011657715,2.9738519191741943,3.2169365882873535,3.4754297733306885,3.7961061000823975,3.868178367614746,4.228729248046875,4.386775970458984
B13,3.189513683319092,3.0032002925872803,2.8556272983551025,2.5004987716674805,2.492811918258667,2.1458349227905273,2.2366983890533447,1.9784793853759766,1.9156776666641235,2.1888153553009033,1.9985040426254272,2.281633138656616,2.4388673305511475,2.506831407546997,2.8664495944976807,3.293402671813965,2.975144147872925,2.647879123687744,2.4248759746551514,2.0838077068328857,1.837995171546936,1.5034985542297363,1.2469959259033203,1.0957130193710327,0.7463300824165344,0.5950470566749573,0.36587968468666077,0.0,0.37882065773010254,0.5667756199836731,3.4435980319976807,3.15647554397583,2.9736180305480957,2.6047544479370117,2.4405484199523926,2.1020617485046387,1.9049553871154785,1.6548477411270142,1.323250651359558,1.3458755016326904,1.0749987363815308,1.0917705297470093,1.336701512336731,1.2689769268035889,1.6284478902816772,1.3514288663864136,1.6155856847763062,1.9183093309402466,1.9747368097305298,2.355485439300537,2.508525848388672,2.8424932956695557,3.0667905807495117,3.2293779850006104,3.5646281242370605,3.7586381435394287,4.092864990234375,4.272850036621094,4.584453105926514,4.8170084953308105,1.0625001192092896,1.1588177680969238,1.3744829893112183,1.723233938217163,1.9203648567199707,2.28031063079834,2.504605770111084,2.8490428924560547,3.099944591522217,3.3120503425598145,3.5944902896881104,3.8940231800079346,3.9597058296203613,4.328244686126709,4.461506366729736
