,A1,A2,A3,A4,A5,A6,A7,A8,A9,A10,A11,A12,A13,A14,A15,B1,B2,B3,B4,B5,B6,B7,B8,B9,B10,B11,B12,B13,B14,B15,C1,C2,C3,C4,C5,C6,C7,C8,C9,C10,C11,C12,C13,C14,C15,D1,D2,D3,D4,D5,D6,D7,D8,D9,D10,D11,D12,D13,D14,D15,E1,E2,E3,E4,E5,E6,E7,E8,E9,E10,E11,E12,E13,E14,E15
A1,0.0,0.4035077393054962,0.6162503361701965,0.90911865234375,1.1973910331726074,1.536905288696289,1.781713604927063,2.1399552822113037,2.326603889465332,2.075584888458252,1.7572416067123413,1.3819726705551147,1.2588212490081787,0.9119276404380798,0.9060211777687073,2.4916419982910156,2.1434290409088135,2.0453920364379883,1.9736896753311157,1.6953277587890625,1.7170966863632202,1.3857028484344482,1.4060254096984863,1.5896713733673096,1.776536226272583,1.7451473474502563,1.8021217584609985,1.5663827657699585,1.7700344324111938,1.604853868484497,2.993422746658325,2.969770908355713,2.7139639854431152,2.5491294860839844,2.573681354522705,2.4112753868103027,2.7184360027313232,2.714029550552368,2.7464590072631836,2.5748424530029297,2.6654791831970215,2.6250104904174805,2.9483258724212646,3.026472806930542,3.1832377910614014,3.3570969104766846,3.190258741378784,2.8251287937164307,2.816577911376953,2.5046534538269043,2.416842222213745,2.4108779430389404,2.2534937858581543,2.549436092376709,2.718273401260376,2.895611524581909,2.887852907180786,2.954101800918579,3.108156204223633,2.949065685272217,4.052946090698242,3.7605128288269043,3.4774909019470215,3.176297187805176,2.910149097442627,2.5488088130950928,2.4332656860351562,2.092532157897949,1.9487251043319702,2.1646833419799805,2.542800188064575,2.8271126747131348,3.079291582107544,3.4201951026916504,3.5322608947753906
A2,0.4035077393054962,0.0,0.37777140736579895,0.5953231453895569,0.872008204460144,1.209965467453003,1.4185166358947754,1.7842519283294678,1.9589167833328247,1.716808557510376,1.3882896900177002,1.0192346572875977,0.8592586517333984,0.5092883110046387,0.5548320412635803,2.18103289604187,1.8504979610443115,1.7154550552368164,1.6768617630004883,1.3833129405975342,1.4458236694335938,1.159688115119934,1.2292746305465698,1.4909695386886597,1.641236662864685,1.5888131856918335,1.5852441787719727,1.3488264083862305,1.5241888761520386,1.318283200263977,2.9797041416168213,2.902768611907959,2.6363017559051514,2.4284026622772217,2.414954423904419,2.20326566696167,2.4771721363067627,2.4337563514709473,2.436967134475708,2.28848934173584,2.4222593307495117,2.431234836578369,2.769848585128784,2.8941056728363037,3.062471866607666,3.1183977127075195,2.9194679260253906,2.5646040439605713,2.5476086139678955,2.2161014080047607,2.129779577255249,2.083346128463745,1.9232383966445923,2.233046770095825,2.4201364517211914,2.5893542766571045,2.591181755065918,2.633089542388916,2.8019349575042725,2.636704921722412,3.8115394115448,3.5436489582061768,3.249586820602417,2.9534859657287598,2.7052600383758545,2.3461110591888428,2.286691427230835,1.9724156856536865,1.8516792058944702,2.017549753189087,2.384525775909424,2.640001058578491,2.91874361038208,3.2408108711242676,3.3623476028442383
A3,0.6162503361701965,0.37777140736579895,0.0,0.38694149255752563,0.5922695398330688,0.9462923407554626,1.1935937404632568,1.5413228273391724,1.756689190864563,1.5381022691726685,1.2628720998764038,0.8986274600028992,0.8056755065917969,0.5798808932304382,0.5703979134559631,2.024458646774292,1.6662737131118774,1.511504054069519,1.4026576280593872,1.096604585647583,1.1065402030944824,0.7949753999710083,0.8823775053024292,1.1340819597244263,1.2647268772125244,1.2174932956695557,1.2419328689575195,1.04843270778656,1.2854244709014893,1.1566649675369263,2.618968963623047,2.5300145149230957,2.2658398151397705,2.0515666007995605,2.045358657836914,1.8418058156967163,2.1309146881103516,2.1166183948516846,2.132953643798828,1.961765170097351,2.070314645767212,2.061175584793091,2.3969597816467285,2.5164926052093506,2.6880500316619873,2.9974589347839355,2.7820229530334473,2.421159505844116,2.3549559116363525,2.0221457481384277,1.8842679262161255,1.8464387655258179,1.6566874980926514,1.9389640092849731,2.123286724090576,2.3226728439331055,2.352771043777466,2.4382100105285645,2.6353378295898438,2.516418218612671,3.492328643798828,3.2185256481170654,2.917583465576172,2.6336023807525635,2.3670544624328613,2.016312599182129,1.9468711614608765,1.6283551454544067,1.5481846332550049,1.732408881187439,2.0956881046295166,2.3363037109375,2.5971062183380127,2.916544198989868,3.017630100250244
A4,0.90911865234375,0.5953231453895569,0.38694149255752563,0.0,0.37414222955703735,0.6421235203742981,0.9235317707061768,1.2709827423095703,1.4333891868591309,1.1795036792755127,0.8984159231185913,0.5317270159721375,0.5599938631057739,0.49090030789375305,0.6752651929855347,2.0083158016204834,1.6792231798171997,1.4457114934921265,1.3439401388168335,0.9873962998390198,0.9653323292732239,0.7012142539024353,0.736790657043457,1.0799440145492554,1.2248765230178833,1.2356748580932617,1.2429087162017822,1.1292420625686646,1.3589016199111938,1.2219563722610474,2.6465938091278076,2.5145487785339355,2.219604969024658,1.993575096130371,1.918607234954834,1.67850923538208,1.9246512651443481,1.8584004640579224,1.8887690305709839,1.7733442783355713,1.936639428138733,1.9640029668807983,2.290834665298462,2.451902151107788,2.5978572368621826,2.629504919052124,2.4042928218841553,2.048067569732666,1.9893697500228882,1.651739239692688,1.5393050909042358,1.5036922693252563,1.356261968612671,1.6772053241729736,1.8378080129623413,1.999202013015747,2.003608226776123,2.068185567855835,2.255835771560669,2.129934310913086,3.2243857383728027,2.9638125896453857,2.67207407951355,2.3719370365142822,2.140139579772949,1.780210256576538,1.7640883922576904,1.4872077703475952,1.384445309638977,1.4950705766677856,1.844648838043213,2.07521915435791,2.3700218200683594,2.678255081176758,2.813131093978882
A5,1.1973910331726074,0.872008204460144,0.5922695398330688,0.37414222955703735,0.0,0.3783523142337799,0.6127529740333557,0.9511905312538147,1.1789203882217407,1.000630259513855,0.7978699207305908,0.5249984860420227,0.5362150073051453,0.6470813155174255,0.7067539095878601,1.6975982189178467,1.3691377639770508,1.1104652881622314,0.9824808239936829,0.6176494359970093,0.6228836178779602,0.46108394861221313,0.6512627601623535,1.0000245571136475,1.033902883529663,0.9855000972747803,0.9240978360176086,0.8464856743812561,1.0650721788406372,0.9731014370918274,2.4914770126342773,2.3179118633270264,2.0426151752471924,1.7709962129592896,1.6928528547286987,1.4151092767715454,1.6435705423355103,1.5781285762786865,1.5650473833084106,1.428929090499878,1.6015838384628296,1.6654196977615356,2.0088541507720947,2.19938325881958,2.3754427433013916,2.64597749710083,2.3786113262176514,2.038895606994629,1.9201959371566772,1.5668652057647705,1.3884377479553223,1.2913793325424194,1.0745878219604492,1.3634628057479858,1.5675573348999023,1.7720199823379517,1.837376356124878,1.9216328859329224,2.1607308387756348,2.0769951343536377,2.9960060119628906,2.756258487701416,2.4404423236846924,2.1729605197906494,1.931889295578003,1.5995094776153564,1.6260570287704468,1.378671646118164,1.3700412511825562,1.4590964317321777,1.7752960920333862,1.9486027956008911,2.2334442138671875,2.5145339965820312,2.6201210021972656
A6,1.536905288696289,1.209965467453003,0.9462923407554626,0.6421235203742981,0.3783523142337799,0.0,0.3868207037448883,0.6622553467750549,0.8483544588088989,0.6661185622215271,0.5731485486030579,0.474325031042099,0.6681960821151733,0.9168813824653625,1.0420928001403809,1.7447810173034668,1.4604783058166504,1.1362076997756958,0.9910213947296143,0.6284329295158386,0.5391404628753662,0.5486107468605042,0.6538466215133667,1.0118201971054077,1.0242867469787598,1.0435314178466797,0.9806708097457886,1.0306975841522217,1.2296767234802246,1.180638313293457,2.4587759971618652,2.2408931255340576,1.9475057125091553,1.6675505638122559,1.5173436403274536,1.203236699104309,1.3703948259353638,1.2514140605926514,1.2570401430130005,1.1850162744522095,1.4125615358352661,1.5149005651474,1.8356388807296753,2.0677194595336914,2.216174840927124,2.340766429901123,2.051849842071533,1.7256431579589844,1.5769433975219727,1.2201831340789795,1.0241868495941162,0.9136360287666321,0.7171783447265625,1.0396546125411987,1.217091679573059,1.3989355564117432,1.4632986783981323,1.5515011548995972,1.8051207065582275,1.7496929168701172,2.6601431369781494,2.436312675476074,2.125662088394165,1.8534541130065918,1.6466064453125,1.3217884302139282,1.419649600982666,1.243239402770996,1.251977562904358,1.2519550323486328,1.5232173204421997,1.6576099395751953,1.9648029804229736,2.2226455211639404,2.350003480911255
A7,1.781713604927063,1.4185166358947754,1.1935937404632568,0.9235317707061768,0.6127529740333557,0.3868207037448883,0.0,0.3695814311504364,0.6075119376182556,0.5732746720314026,0.5625206232070923,0.633528470993042,0.7012927532196045,1.0305213928222656,1.1055107116699219,1.4505085945129395,1.2254514694213867,0.8641372919082642,0.810350775718689,0.5257160067558289,0.6217839121818542,0.8094294667243958,1.0060585737228394,1.3309879302978516,1.256600260734558,1.1906715631484985,1.0072985887527466,1.04338800907135,1.127563238143921,1.0533281564712524,2.6530096530914307,2.3983590602874756,2.136828899383545,1.8161875009536743,1.6600269079208374,1.3029488325119019,1.3917220830917358,1.2196413278579712,1.1107094287872314,1.0667411088943481,1.3567335605621338,1.5491327047348022,1.8799463510513306,2.156384229660034,2.337254524230957,2.4449825286865234,2.115473747253418,1.8325616121292114,1.6676312685012817,1.3051238059997559,1.106626272201538,0.86244797706604,0.6059315204620361,0.9019861817359924,1.1605013608932495,1.3483363389968872,1.4687689542770386,1.508881688117981,1.8004107475280762,1.7468810081481934,2.6599481105804443,2.486661434173584,2.1588430404663086,1.9312838315963745,1.7536063194274902,1.482869267463684,1.6488726139068604,1.5241563320159912,1.5865397453308105,1.5487186908721924,1.767292857170105,1.8342475891113281,2.139357089996338,2.3494155406951904,2.4599928855895996
A8,2.1399552822113037,1.7842519283294678,1.5413228273391724,1.2709827423095703,0.9511905312538147,0.6622553467750549,0.3695814311504364,0.0,0.3843669295310974,0.5701505541801453,0.7662538290023804,0.9526994228363037,1.0581881999969482,1.398368239402771,1.4607588052749634,1.4531019926071167,1.2911927700042725,0.9185536503791809,0.8484513759613037,0.6894589066505432,0.7300466299057007,1.026279330253601,1.2005460262298584,1.4721800088882446,1.3422449827194214,1.2883435487747192,1.0912187099456787,1.2202982902526855,1.27188241481781,1.266972303390503,2.6275596618652344,2.331317901611328,2.086315393447876,1.7520396709442139,1.55774986743927,1.1801131963729858,1.1723777055740356,0.9509824514389038,0.7804468274116516,0.8061941266059875,1.1530026197433472,1.4077986478805542,1.7089593410491943,2.0251822471618652,2.200648546218872,2.379180908203125,2.022254467010498,1.780941367149353,1.5628424882888794,1.2273179292678833,0.9874449968338013,0.6702855825424194,0.3628251850605011,0.5818442106246948,0.875267505645752,1.0760544538497925,1.2614402770996094,1.3148444890975952,1.64775812625885,1.6556569337844849,2.3726115226745605,2.236219882965088,1.9024766683578491,1.7145092487335205,1.5710490942001343,1.3622912168502808,1.5965415239334106,1.5506566762924194,1.6676719188690186,1.5764166116714478,1.7216594219207764,1.7123756408691406,2.0035765171051025,2.1637022495269775,2.261763572692871
A9,2.326603889465332,1.9589167833328247,1.756689190864563,1.4333891868591309,1.1789203882217407,0.8483544588088989,0.6075119376182556,0.3843669295310974,0.0,0.37214601039886475,0.6909013986587524,1.0019112825393677,1.1688728332519531,1.5360184907913208,1.6743546724319458,1.7271488904953003,1.6155492067337036,1.239791750907898,1.2243846654891968,1.0525537729263306,1.0668998956680298,1.3121689558029175,1.4119980335235596,1.7041382789611816,1.6277124881744385,1.6298993825912476,1.4650685787200928,1.5881705284118652,1.637036681175232,1.5876699686050415,2.886431932449341,2.5818259716033936,2.315117597579956,2.006328582763672,1.7603570222854614,1.3918129205703735,1.314469337463379,1.0079529285430908,0.880169689655304,1.0446068048477173,1.4175968170166016,1.6774739027023315,1.9354026317596436,2.2652883529663086,2.3955132961273193,2.0846705436706543,1.7128878831863403,1.5078181028366089,1.315265417098999,0.9926451444625854,0.8427636623382568,0.47552382946014404,0.4166339635848999,0.6814601421356201,0.8591917157173157,0.9169283509254456,1.0373200178146362,1.0009169578552246,1.322008490562439,1.3103055953979492,2.3035569190979004,2.196559429168701,1.8975732326507568,1.691175103187561,1.6264275312423706,1.427614450454712,1.7104809284210205,1.713128924369812,1.7789803743362427,1.6139763593673706,1.7179248332977295,1.6922802925109863,2.0167698860168457,2.1521871089935303,2.3020808696746826
A10,2.075584888458252,1.716808557510376,1.5381022691726685,1.1795036792755127,1.000630259513855,0.6661185622215271,0.5732746720314026,0.5701505541801453,0.37214601039886475,0.0,0.37900710105895996,0.7104346752166748,0.9598955512046814,1.3106437921524048,1.5171899795532227,1.9236193895339966,1.758418083190918,1.3841400146484375,1.3476020097732544,1.0822210311889648,1.052970051765442,1.192737340927124,1.2270784378051758,1.556572675704956,1.5610301494598389,1.612038254737854,1.5036063194274902,1.5944232940673828,1.699394941329956,1.6126905679702759,2.8851099014282227,2.6141886711120605,2.3133249282836914,2.035435199737549,1.7890030145645142,1.4428576231002808,1.434855341911316,1.1563605070114136,1.1342591047286987,1.2589222192764282,1.5978333950042725,1.7946828603744507,2.0590932369232178,2.3567769527435303,2.4612083435058594,1.9040045738220215,1.5633864402770996,1.3040269613265991,1.1710983514785767,0.8110417127609253,0.7335595488548279,0.4910876452922821,0.5362128615379333,0.908300518989563,1.0160398483276367,1.0351734161376953,1.0423753261566162,0.9975736141204834,1.2534908056259155,1.174560785293579,2.4392688274383545,2.2869455814361572,2.009237289428711,1.7419770956039429,1.6645203828811646,1.397952675819397,1.6361414194107056,1.5972261428833008,1.586505651473999,1.4233715534210205,1.5771564245224,1.6270896196365356,1.9816844463348389,2.166888952255249,2.3545706272125244
A11,1.7572416067123413,1.3882896900177002,1.2628720998764038,0.8984159231185913,0.7978699207305908,0.5731485486030579,0.5625206232070923,0.7662538290023804,0.6909013986587524,0.37900710105895996,0.0,0.37655723094940186,0.627133309841156,0.9653118848800659,1.2178442478179932,1.9158138036727905,1.719203233718872,1.3676960468292236,1.3649038076400757,1.052034616470337,1.0740858316421509,1.1143717765808105,1.1574301719665527,1.5292072296142578,1.5820585489273071,1.6124361753463745,1.5073487758636475,1.5142831802368164,1.6246192455291748,1.4720196723937988,2.9871633052825928,2.7522993087768555,2.4448609352111816,2.1738479137420654,1.9683201313018799,1.6361041069030762,1.7023252248764038,1.4699593782424927,1.4479858875274658,1.5052258968353271,1.8148494958877563,1.979823112487793,2.2751212120056152,2.5438876152038574,2.6633076667785645,2.0584664344787598,1.756292700767517,1.465489387512207,1.4063507318496704,1.0437899827957153,1.0141136646270752,0.8497021794319153,0.8340403437614441,1.2171440124511719,1.3549567461013794,1.3986998796463013,1.3762415647506714,1.319655179977417,1.520612359046936,1.3688243627548218,2.7866251468658447,2.60898494720459,2.3306310176849365,2.0435752868652344,1.9304026365280151,1.6214429140090942,1.793914794921875,1.6813066005706787,1.6185708045959473,1.515318751335144,1.74015474319458,1.8588135242462158,2.2159907817840576,2.441129684448242,2.6295855045318604
A12,1.3819726705551147,1.0192346572875977,0.8986274600028992,0.5317270159721375,0.5249984860420227,0.474325031042099,0.633528470993042,0.9526994228363037,1.0019112825393677,0.7104346752166748,0.37655723094940186,0.0,0.3788018226623535,0.6393560767173767,0.9172745943069458,1.9290573596954346,1.6737065315246582,1.3618704080581665,1.3289912939071655,0.9754135012626648,0.9924160838127136,0.9123029708862305,0.9535013437271118,1.339059829711914,1.4344466924667358,1.4571443796157837,1.3875788450241089,1.337499737739563,1.4905343055725098,1.3224215507507324,2.876028060913086,2.6818323135375977,2.3738040924072266,2.1176578998565674,1.9611411094665527,1.6587740182876587,1.8060561418533325,1.6406049728393555,1.6415530443191528,1.6217398643493652,1.8772579431533813,1.9885921478271484,2.3040738105773926,2.532036066055298,2.6632485389709473,2.273536443710327,2.009424924850464,1.6827805042266846,1.6366721391677856,1.2796047925949097,1.2206393480300903,1.1218161582946777,1.0407450199127197,1.4121108055114746,1.5648459196090698,1.6605771780014038,1.642859935760498,1.6367816925048828,1.8237988948822021,1.6710017919540405,2.995877265930176,2.780418872833252,2.4952921867370605,2.195338487625122,2.0302741527557373,1.6883244514465332,1.7832541465759277,1.5975494384765625,1.5064177513122559,1.485489845275879,1.7747243642807007,1.9510880708694458,2.291175127029419,2.5572803020477295,2.729207754135132
A13,1.2588212490081787,0.8592586517333984,0.8056755065917969,0.5599938631057739,0.5362150073051453,0.6681960821151733,0.7012927532196045,1.0581881999969482,1.1688728332519531,0.9598955512046814,0.627133309841156,0.3788018226623535,0.0,0.3758394122123718,0.6058716177940369,1.7067252397537231,1.4556344747543335,1.1898939609527588,1.2340561151504517,0.9217548966407776,1.066838264465332,0.9947111010551453,1.141950249671936,1.513163447380066,1.5648568868637085,1.499290943145752,1.3658727407455444,1.218441367149353,1.3044780492782593,1.060943841934204,3.024250030517578,2.838653802871704,2.559025526046753,2.2792582511901855,2.167950391769409,1.8574223518371582,2.0193774700164795,1.8706226348876953,1.8068084716796875,1.74473237991333,1.990113377571106,2.119072675704956,2.4629950523376465,2.6876273155212402,2.8611059188842773,2.6259853839874268,2.353027582168579,2.0403947830200195,1.9945045709609985,1.6320416927337646,1.554160237312317,1.3984308242797852,1.2516307830810547,1.5905367136001587,1.805862545967102,1.9376046657562256,1.9609951972961426,1.9400150775909424,2.144808053970337,1.9791221618652344,3.279935359954834,3.076287269592285,2.7706286907196045,2.495584726333618,2.3094568252563477,1.9803510904312134,2.0637152194976807,1.8508492708206177,1.7924906015396118,1.816465139389038,2.115983724594116,2.2829926013946533,2.608590602874756,2.8706703186035156,3.0141804218292236
A14,0.9119276404380798,0.5092883110046387,0.5798808932304382,0.49090030789375305,0.6470813155174255,0.9168813824653625,1.0305213928222656,1.398368239402771,1.5360184907913208,1.3106437921524048,0.9653118848800659,0.6393560767173767,0.3758394122123718,0.0,0.38473182916641235,1.8740012645721436,1.590531587600708,1.393090009689331,1.422420859336853,1.1197082996368408,1.251049518585205,1.0773948431015015,1.2053170204162598,1.5470452308654785,1.640285849571228,1.5678386688232422,1.4752737283706665,1.262794852256775,1.3718689680099487,1.1093902587890625,3.075347661972046,2.9337222576141357,2.6588847637176514,2.403294801712036,2.3344178199768066,2.0595076084136963,2.2708280086517334,2.163278818130493,2.120896816253662,2.0197978019714355,2.2213125228881836,2.3048999309539795,2.6536755561828613,2.8393845558166504,3.01619553565979,2.860535144805908,2.6200971603393555,2.289731025695801,2.2673428058624268,1.9152374267578125,1.8429551124572754,1.7308725118637085,1.5787110328674316,1.9085639715194702,2.117936372756958,2.263742685317993,2.274716854095459,2.270559072494507,2.454946517944336,2.2765285968780518,3.570972204208374,3.342193603515625,3.039353370666504,2.753610372543335,2.5413568019866943,2.195258855819702,2.2201037406921387,1.9592876434326172,1.8698318004608154,1.9534202814102173,2.2878499031066895,2.4961071014404297,2.8076205253601074,3.096648693084717,3.2334039211273193
A15,0.9060211777687073,0.5548320412635803,0.5703979134559631,0.6752651929855347,0.7067539095878601,1.0420928001403809,1.1055107116699219,1.4607588052749634,1.6743546724319458,1.5171899795532227,1.2178442478179932,0.9172745943069458,0.6058716177940369,0.38473182916641235,0.0,1.6428661346435547,1.3358148336410522,1.2154676914215088,1.2553733587265015,1.019515037536621,1.2143956422805786,1.0588469505310059,1.276301383972168,1.570058822631836,1.5998632907867432,1.4463423490524292,1.3140915632247925,1.0266729593276978,1.0926499366760254,0.8138651251792908,2.996742010116577,2.864406108856201,2.627141237258911,2.3543319702148438,2.3374722003936768,2.07062029838562,2.303495407104492,2.236462354660034,2.1558828353881836,1.9989920854568481,2.161020040512085,2.239777088165283,2.604414939880371,2.7745437622070312,2.990764856338501,3.1845693588256836,2.9266910552978516,2.5966827869415283,2.5347049236297607,2.174403667449951,2.047365427017212,1.9056340456008911,1.6866226196289062,1.9656555652618408,2.217527151107788,2.415745496749878,2.4790499210357666,2.503108263015747,2.724055290222168,2.575037956237793,3.6803228855133057,3.453735113143921,3.129430055618286,2.8742353916168213,2.629998207092285,2.3038113117218018,2.3106675148010254,2.0321028232574463,2.0008366107940674,2.1279385089874268,2.4630730152130127,2.652857780456543,2.9358813762664795,3.220029830932617,3.3146438598632812
B1,2.4916419982910156,2.18103289604187,2.024458646774292,2.0083158016204834,1.6975982189178467,1.7447810173034668,1.4505085945129395,1.4531019926071167,1.7271488904953003,1.9236193895339966,1.9158138036727905,1.9290573596954346,1.7067252397537231,1.8740012645721436,1.6428661346435547,0.0,0.4004494845867157,0.6121540069580078,0.908148467540741,1.1959795951843262,1.5379173755645752,1.785395860671997,2.1440389156341553,2.3363258838653564,2.087311267852783,1.7684125900268555,1.3928154706954956,1.2603473663330078,0.9116238951683044,0.8955586552619934,3.182072401046753,2.9270575046539307,2.833655834197998,2.4578967094421387,2.462352991104126,2.151545524597168,2.20670485496521,2.1410179138183594,1.8208554983139038,1.6447296142578125,1.7866337299346924,2.0450258255004883,2.3782973289489746,2.6303441524505615,2.9518117904663086,3.804997205734253,3.4389078617095947,3.2126049995422363,3.012563943862915,2.674863576889038,2.434572219848633,2.1142382621765137,1.787109375,1.7806214094161987,2.146414041519165,2.4181010723114014,2.6746695041656494,2.70302677154541,3.041511058807373,3.015918731689453,3.4743220806121826,3.3884007930755615,3.0191404819488525,2.9491095542907715,2.7405760288238525,2.5989198684692383,2.742398500442505,2.6132469177246094,2.8041117191314697,2.8504395484924316,3.040496826171875,3.027869701385498,3.2385571002960205,3.3766510486602783,3.351151466369629
B2,2.1434290409088135,1.8504979610443115,1.6662737131118774,1.6792231798171997,1.3691377639770508,1.4604783058166504,1.2254514694213867,1.2911927700042725,1.6155492067337036,1.758418083190918,1.719203233718872,1.6737065315246582,1.4556344747543335,1.590531587600708,1.3358148336410522,0.4004494845867157,0.0,0.3776289224624634,0.5998070240020752,0.8754246830940247,1.2170262336730957,1.4275046586990356,1.7942123413085938,1.9742406606674194,1.7344732284545898,1.4053337574005127,1.0361806154251099,0.8650388717651367,0.512535035610199,0.5414611101150513,2.871860980987549,2.64035964012146,2.531581163406372,2.165057420730591,2.1899142265319824,1.8925604820251465,2.007108449935913,1.9755598306655884,1.7045542001724243,1.4812121391296387,1.595857858657837,1.8054271936416626,2.1607003211975098,2.3875043392181396,2.7058091163635254,3.6493947505950928,3.3004796504974365,3.041919469833374,2.8424034118652344,2.4957714080810547,2.2405784130096436,1.9579635858535767,1.6112250089645386,1.638657808303833,1.9986474514007568,2.2934882640838623,2.534611225128174,2.597018003463745,2.9310593605041504,2.9047577381134033,3.3653695583343506,3.236294746398926,2.8648288249969482,2.7644436359405518,2.523529291152954,2.3508009910583496,2.4539453983306885,2.290672540664673,2.4736220836639404,2.553367853164673,2.77008056640625,2.790590763092041,2.998812437057495,3.1701128482818604,3.1480157375335693
B3,2.0453920364379883,1.7154550552368164,1.511504054069519,1.4457114934921265,1.1104652881622314,1.1362076997756958,0.8641372919082642,0.9185536503791809,1.239791750907898,1.3841400146484375,1.3676960468292236,1.3618704080581665,1.1898939609527588,1.393090009689331,1.2154676914215088,0.6121540069580078,0.3776289224624634,0.0,0.3880363404750824,0.5942436456680298,0.9495558142662048,1.1996595859527588,1.5478097200393677,1.7675645351409912,1.5502896308898926,1.2733708620071411,0.9094269871711731,0.8087632060050964,0.5775822997093201,0.5587052702903748,2.783900737762451,2.530569314956665,2.3787264823913574,2.009716272354126,1.977983832359314,1.6484323740005493,1.7415016889572144,1.6661221981048584,1.4034051895141602,1.2200071811676025,1.4040085077285767,1.6400279998779297,1.9989982843399048,2.258018732070923,2.5453171730041504,3.2742867469787598,2.923640012741089,2.6686251163482666,2.4715237617492676,2.124321222305298,1.8783953189849854,1.5875331163406372,1.249031662940979,1.3099228143692017,1.6681902408599854,1.9441674947738647,2.1710946559906006,2.22391414642334,2.5549376010894775,2.527789831161499,3.084019184112549,2.9530491828918457,2.5874507427215576,2.4631900787353516,2.2424681186676025,2.0548746585845947,2.1885876655578613,2.0448648929595947,2.2100508213043213,2.2526943683624268,2.4605629444122314,2.4788894653320312,2.7118029594421387,2.883906364440918,2.893977403640747
B4,1.9736896753311157,1.6768617630004883,1.4026576280593872,1.3439401388168335,0.9824808239936829,0.9910213947296143,0.810350775718689,0.8484513759613037,1.2243846654891968,1.3476020097732544,1.3649038076400757,1.3289912939071655,1.2340561151504517,1.422420859336853,1.2553733587265015,0.908148467540741,0.5998070240020752,0.3880363404750824,0.0,0.3751446604728699,0.6455432176589966,0.9274666905403137,1.2763433456420898,1.4435248374938965,1.1906192302703857,0.9068619012832642,0.5399563908576965,0.5581364631652832,0.47982317209243774,0.6602407097816467,2.396681547164917,2.1452419757843018,1.9940910339355469,1.6262164115905762,1.6137069463729858,1.3037084341049194,1.4404836893081665,1.427507996559143,1.2139461040496826,0.9606450200080872,1.0853520631790161,1.2787333726882935,1.6466013193130493,1.8880480527877808,2.1762027740478516,3.173718214035034,2.836125373840332,2.56292724609375,2.3358473777770996,2.0003814697265625,1.7103180885314941,1.469421148300171,1.1036584377288818,1.128523588180542,1.469000220298767,1.7872350215911865,2.0263924598693848,2.1425621509552,2.4799132347106934,2.4915404319763184,2.847219228744507,2.6856114864349365,2.317093849182129,2.1925835609436035,1.9384663105010986,1.7540562152862549,1.8559116125106812,1.7069404125213623,1.905979037284851,1.9739060401916504,2.1782586574554443,2.197495937347412,2.4029436111450195,2.5865845680236816,2.576625108718872
B5,1.6953277587890625,1.3833129405975342,1.096604585647583,0.9873962998390198,0.6176494359970093,0.6284329295158386,0.5257160067558289,0.6894589066505432,1.0525537729263306,1.0822210311889648,1.052034616470337,0.9754135012626648,0.9217548966407776,1.1197082996368408,1.019515037536621,1.1959795951843262,0.8754246830940247,0.5942436456680298,0.3751446604728699,0.0,0.3796006143093109,0.6158718466758728,0.9553359150886536,1.1870557069778442,1.009905219078064,0.8040236830711365,0.530369758605957,0.5374847054481506,0.6425647139549255,0.6975582242012024,2.3668549060821533,2.1333320140838623,1.9242823123931885,1.5805636644363403,1.528038501739502,1.2070492506027222,1.3824176788330078,1.340130090713501,1.2043830156326294,0.9968827962875366,1.1649284362792969,1.3139636516571045,1.6833795309066772,1.9178102016448975,2.161428928375244,2.8932318687438965,2.573615074157715,2.2769863605499268,2.076716661453247,1.7290765047073364,1.461974859237671,1.2577096223831177,0.9166724681854248,1.0573630332946777,1.3606866598129272,1.6480756998062134,1.8324986696243286,1.9433729648590088,2.2558140754699707,2.240920066833496,2.798489570617676,2.605710029602051,2.2515454292297363,2.0682976245880127,1.8160412311553955,1.5711138248443604,1.6594133377075195,1.4805347919464111,1.62286376953125,1.6883052587509155,1.9271734952926636,1.9938406944274902,2.234534978866577,2.454348564147949,2.490910530090332
B6,1.7170966863632202,1.4458236694335938,1.1065402030944824,0.9653323292732239,0.6228836178779602,0.5391404628753662,0.6217839121818542,0.7300466299057007,1.0668998956680298,1.052970051765442,1.0740858316421509,0.9924160838127136,1.066838264465332,1.251049518585205,1.2143956422805786,1.5379173755645752,1.2170262336730957,0.9495558142662048,0.6455432176589966,0.3796006143093109,0.0,0.385800838470459,0.6631904244422913,0.855564296245575,0.6745996475219727,0.5773779153823853,0.47597557306289673,0.6711634397506714,0.9141599535942078,1.036265254020691,2.0607595443725586,1.8266944885253906,1.5855416059494019,1.2589632272720337,1.183417797088623,0.8762480616569519,1.1050636768341064,1.1110388040542603,1.078342080116272,0.8594468235969543,0.98328697681427,1.0601402521133423,1.4155182838439941,1.634428858757019,1.84383225440979,2.702268362045288,2.402646541595459,2.0920114517211914,1.867542028427124,1.5425093173980713,1.2411054372787476,1.1196448802947998,0.7977309226989746,0.9273285269737244,1.1615846157073975,1.4632360935211182,1.635175108909607,1.8066872358322144,2.1103010177612305,2.133363962173462,2.5416712760925293,2.3142616748809814,1.969334602355957,1.7647604942321777,1.4888492822647095,1.2254595756530762,1.28471040725708,1.1027220487594604,1.2662044763565063,1.341031789779663,1.5773038864135742,1.6543346643447876,1.8817191123962402,2.1209421157836914,2.1605546474456787
B7,1.3857028484344482,1.159688115119934,0.7949753999710083,0.7012142539024353,0.46108394861221313,0.5486107468605042,0.8094294667243958,1.026279330253601,1.3121689558029175,1.192737340927124,1.1143717765808105,0.9123029708862305,0.9947111010551453,1.0773948431015015,1.0588469505310059,1.785395860671997,1.4275046586990356,1.1996595859527588,0.9274666905403137,0.6158718466758728,0.385800838470459,0.0,0.37114378809928894,0.6098650097846985,0.5752701759338379,0.5623165965080261,0.6329068541526794,0.7083262205123901,1.0343526601791382,1.1086376905441284,2.0315306186676025,1.8616507053375244,1.5939741134643555,1.3263752460479736,1.2873132228851318,1.055389165878296,1.3505704402923584,1.3827556371688843,1.4202990531921387,1.2159621715545654,1.2937859296798706,1.279779314994812,1.6149767637252808,1.769474983215332,1.949195146560669,2.722377061843872,2.462273597717285,2.119452714920044,1.9384580850601196,1.6170246601104736,1.3583954572677612,1.3176041841506958,1.0620148181915283,1.2545535564422607,1.4311063289642334,1.6958097219467163,1.803381323814392,1.9746818542480469,2.2357568740844727,2.225454807281494,2.7596335411071777,2.4932591915130615,2.1717605590820312,1.925244927406311,1.6339046955108643,1.318986177444458,1.2851828336715698,1.0131220817565918,1.0931293964385986,1.2458713054656982,1.5507653951644897,1.7105035781860352,1.9402300119400024,2.2283785343170166,2.2887842655181885
B8,1.4060254096984863,1.2292746305465698,0.8823775053024292,0.736790657043457,0.6512627601623535,0.6538466215133667,1.0060585737228394,1.2005460262298584,1.4119980335235596,1.2270784378051758,1.1574301719665527,0.9535013437271118,1.141950249671936,1.2053170204162598,1.276301383972168,2.1440389156341553,1.7942123413085938,1.5478097200393677,1.2763433456420898,0.9553359150886536,0.6631904244422913,0.37114378809928894,0.0,0.38556838035583496,0.571101188659668,0.7669275999069214,0.9532700777053833,1.0674487352371216,1.4041531085968018,1.46607506275177,1.9566620588302612,1.8116027116775513,1.4964447021484375,1.2976205348968506,1.2175756692886353,1.0435014963150024,1.3502358198165894,1.388479232788086,1.5210673809051514,1.3658820390701294,1.4336774349212646,1.3637831211090088,1.6460483074188232,1.7717279195785522,1.8831729888916016,2.5012929439544678,2.2794485092163086,1.9211052656173706,1.7563767433166504,1.4676237106323242,1.236348032951355,1.3006408214569092,1.1323742866516113,1.3478960990905762,1.433417797088623,1.6512770652770996,1.6978741884231567,1.8924646377563477,2.1119489669799805,2.1081528663635254,2.663360118865967,2.3650310039520264,2.077298879623413,1.7884947061538696,1.5060378313064575,1.15371572971344,1.0654693841934204,0.7635337114334106,0.7513105273246765,0.9288864731788635,1.268078327178955,1.4858577251434326,1.722170352935791,2.0428872108459473,2.139643669128418
B9,1.5896713733673096,1.4909695386886597,1.1340819597244263,1.0799440145492554,1.0000245571136475,1.0118201971054077,1.3309879302978516,1.4721800088882446,1.7041382789611816,1.556572675704956,1.5292072296142578,1.339059829711914,1.513163447380066,1.5470452308654785,1.570058822631836,2.3363258838653564,1.9742406606674194,1.7675645351409912,1.4435248374938965,1.1870557069778442,0.855564296245575,0.6098650097846985,0.38556838035583496,0.0,0.3743516504764557,0.6933178305625916,1.004758596420288,1.1789761781692505,1.5434784889221191,1.6805596351623535,1.5950425863265991,1.4870070219039917,1.173907995223999,1.0306310653686523,1.0184714794158936,0.9627171158790588,1.3227288722991943,1.4584769010543823,1.6328885555267334,1.4366400241851807,1.4031084775924683,1.2334176301956177,1.4716434478759766,1.5244489908218384,1.6188716888427734,2.685330867767334,2.4854304790496826,2.13362455368042,1.9395378828048706,1.6958088874816895,1.4339250326156616,1.5419093370437622,1.368611454963684,1.5010915994644165,1.5503356456756592,1.7951314449310303,1.8619626760482788,2.1109588146209717,2.3301892280578613,2.371664047241211,2.614586591720581,2.2879998683929443,2.0120630264282227,1.7469252347946167,1.4240397214889526,1.1082013845443726,0.9063543677330017,0.5490250587463379,0.6260423064231873,0.913886547088623,1.2243125438690186,1.4398390054702759,1.598008394241333,1.9301819801330566,1.9811878204345703
B10,1.776536226272583,1.641236662864685,1.2647268772125244,1.2248765230178833,1.033902883529663,1.0242867469787598,1.256600260734558,1.3422449827194214,1.6277124881744385,1.5610301494598389,1.5820585489273071,1.4344466924667358,1.5648568868637085,1.640285849571228,1.5998632907867432,2.087311267852783,1.7344732284545898,1.5502896308898926,1.1906192302703857,1.009905219078064,0.6745996475219727,0.5752701759338379,0.571101188659668,0.3743516504764557,0.0,0.3797995448112488,0.7125419974327087,0.9690643548965454,1.3167840242385864,1.5221638679504395,1.4595868587493896,1.294695258140564,1.0284308195114136,0.7873548865318298,0.8257168531417847,0.7390694618225098,1.1167867183685303,1.297932744026184,1.4201700687408447,1.1661356687545776,1.0814557075500488,0.9077322483062744,1.1863245964050293,1.26179039478302,1.4269829988479614,2.8477015495300293,2.6096267700195312,2.2789430618286133,2.0402567386627197,1.7846728563308716,1.4693880081176758,1.5100090503692627,1.269070029258728,1.3225817680358887,1.419906735420227,1.7234207391738892,1.86345374584198,2.125486135482788,2.3905587196350098,2.4613723754882812,2.503488540649414,2.2025346755981445,1.891958475112915,1.6835429668426514,1.3360795974731445,1.0798407793045044,0.9332552552223206,0.6527848839759827,0.893043041229248,1.1160337924957275,1.3602651357650757,1.4879802465438843,1.6157268285751343,1.9047417640686035,1.8987860679626465
B11,1.7451473474502563,1.5888131856918335,1.2174932956695557,1.2356748580932617,0.9855000972747803,1.0435314178466797,1.1906715631484985,1.2883435487747192,1.6298993825912476,1.612038254737854,1.6124361753463745,1.4571443796157837,1.499290943145752,1.5678386688232422,1.4463423490524292,1.7684125900268555,1.4053337574005127,1.2733708620071411,0.9068619012832642,0.8040236830711365,0.5773779153823853,0.5623165965080261,0.7669275999069214,0.6933178305625916,0.3797995448112488,0.0,0.37671878933906555,0.6342820525169373,0.9702105522155762,1.2210512161254883,1.608665108680725,1.4360952377319336,1.2483811378479004,0.9495846033096313,1.0475977659225464,0.9040146470069885,1.2446595430374146,1.4103835821151733,1.4301881790161133,1.1214303970336914,1.0300159454345703,0.9213004112243652,1.2589771747589111,1.355932354927063,1.6009656190872192,3.1031103134155273,2.836223602294922,2.5125222206115723,2.2730062007904053,1.9854893684387207,1.6626862287521362,1.618387222290039,1.3132288455963135,1.3449996709823608,1.5292584896087646,1.8653950691223145,2.049112319946289,2.281179666519165,2.5753512382507324,2.629528522491455,2.697772979736328,2.430875062942505,2.093632459640503,1.9253137111663818,1.5826389789581299,1.3598110675811768,1.2728122472763062,1.0252292156219482,1.2602685689926147,1.4633594751358032,1.7036268711090088,1.7989497184753418,1.930382490158081,2.188518524169922,2.1532506942749023
B12,1.8021217584609985,1.5852441787719727,1.2419328689575195,1.2429087162017822,0.9240978360176086,0.9806708097457886,1.0072985887527466,1.0912187099456787,1.4650685787200928,1.5036063194274902,1.5073487758636475,1.3875788450241089,1.3658727407455444,1.4752737283706665,1.3140915632247925,1.3928154706954956,1.0361806154251099,0.9094269871711731,0.5399563908576965,0.530369758605957,0.47597557306289673,0.6329068541526794,0.9532700777053833,1.004758596420288,0.7125419974327087,0.37671878933906555,0.0,0.382112592458725,0.6412185430526733,0.9174068570137024,1.911014437675476,1.7010568380355835,1.5426496267318726,1.2003638744354248,1.2589646577835083,1.0291839838027954,1.2915878295898438,1.3950729370117188,1.3131009340286255,0.9951634407043457,0.9718623757362366,0.9974287152290344,1.3696376085281372,1.5335580110549927,1.8145427703857422,3.165766477584839,2.866222858428955,2.5593950748443604,2.3200113773345947,2.0064520835876465,1.6864657402038574,1.5564895868301392,1.2084500789642334,1.2300996780395508,1.4907492399215698,1.8357263803482056,2.0518441200256348,2.2426340579986572,2.5610268115997314,2.599606513977051,2.7636115550994873,2.539839744567871,2.1820356845855713,2.037044048309326,1.7231096029281616,1.518478274345398,1.5170212984085083,1.3132987022399902,1.539543867111206,1.6863809823989868,1.913896918296814,1.9735691547393799,2.1347496509552,2.360386848449707,2.327622890472412
B13,1.5663827657699585,1.3488264083862305,1.04843270778656,1.1292420625686646,0.8464856743812561,1.0306975841522217,1.04338800907135,1.2202982902526855,1.5881705284118652,1.5944232940673828,1.5142831802368164,1.337499737739563,1.218441367149353,1.262794852256775,1.0266729593276978,1.2603473663330078,0.8650388717651367,0.8087632060050964,0.5581364631652832,0.5374847054481506,0.6711634397506714,0.7083262205123901,1.0674487352371216,1.1789761781692505,0.9690643548965454,0.6342820525169373,0.382112592458725,0.0,0.37468984723091125,0.6037428379058838,2.19608473777771,2.026176691055298,1.8719137907028198,1.5507041215896606,1.622760534286499,1.392336368560791,1.6519877910614014,1.7154370546340942,1.605955719947815,1.3145920038223267,1.3348110914230347,1.3777638673782349,1.7486884593963623,1.8966574668884277,2.1803019046783447,3.3397576808929443,3.0428216457366943,2.7252488136291504,2.5248916149139404,2.1874711513519287,1.9054555892944336,1.7530757188796997,1.41109037399292,1.4983413219451904,1.783460259437561,2.1048712730407715,2.296422004699707,2.4442248344421387,2.7506356239318848,2.7407164573669434,3.12153959274292,2.900209665298462,2.5437843799591064,2.380436897277832,2.0749621391296387,1.840108036994934,1.8287838697433472,1.5849628448486328,1.7504945993423462,1.917471170425415,2.18558669090271,2.2820823192596436,2.4685614109039307,2.710531711578369,2.6959028244018555
