,A1,A2,A3,A4,A5,A6,A7,A8,A9,A10,A11,A12,A13,A14,A15,B1,B2,B3,B4,B5,B6,B7,B8,B9,B10,B11,B12,B13,B14,B15,C1,C2,C3,C4,C5,C6,C7,C8,C9,C10,C11,C12,C13,C14,C15,D1,D2,D3,D4,D5,D6,D7,D8,D9,D10,D11,D12,D13,D14,D15,E1,E2,E3,E4,E5,E6,E7,E8,E9,E10,E11,E12,E13,E14,E15
A1,0.0,0.3792017996311188,0.5527818202972412,0.773999035358429,1.0755332708358765,1.3462731838226318,1.6553064584732056,1.9539644718170166,2.138817310333252,1.861518144607544,1.602146863937378,1.2201402187347412,1.1402881145477295,0.8121232390403748,0.8287870287895203,2.410896062850952,2.332920789718628,2.0474674701690674,1.9915170669555664,1.8697527647018433,1.8025494813919067,1.9386236667633057,1.905967354774475,2.2497122287750244,2.3315858840942383,2.3201680183410645,2.1653854846954346,2.3696770668029785,2.4358279705047607,2.4842844009399414,1.8717947006225586,1.520814299583435,1.4805470705032349,1.488215446472168,1.4041907787322998,1.5976972579956055,1.4849048852920532,1.7923792600631714,1.797274112701416,1.4880739450454712,1.5600059032440186,1.5199891328811646,1.1755592823028564,1.2393903732299805,1.0285425186157227,3.154951572418213,3.051323890686035,2.72432017326355,2.8045718669891357,2.4922282695770264,2.5946168899536133,2.4027669429779053,2.501701593399048,2.7584023475646973,2.7770421504974365,3.0218565464019775,2.9842047691345215,2.8771138191223145,3.006547212600708,2.765496253967285,3.4330639839172363,3.1163811683654785,2.9006526470184326,2.7030141353607178,2.404017448425293,2.253300905227661,1.890353798866272,1.789563775062561,1.657737135887146,1.7896286249160767,2.1614084243774414,2.4424383640289307,2.403996229171753,2.7449259757995605,2.725799798965454
A2,0.3792017996311188,0.0,0.3641220033168793,0.5452309250831604,0.8481340408325195,1.1333237886428833,1.4063736200332642,1.730448603630066,1.882871389389038,1.5763109922409058,1.3365018367767334,0.975033700466156,0.8138365149497986,0.46526628732681274,0.4651958644390106,2.4972946643829346,2.36665415763855,2.052694320678711,1.977081060409546,1.7910432815551758,1.7025108337402344,1.769453525543213,1.7110775709152222,2.0608744621276855,2.172334909439087,2.2220780849456787,2.113098382949829,2.303271770477295,2.4160382747650146,2.443507671356201,1.9837197065353394,1.6527522802352905,1.5270332098007202,1.5396642684936523,1.3704396486282349,1.5556873083114624,1.3829004764556885,1.6742604970932007,1.7204151153564453,1.4630995988845825,1.6096136569976807,1.589320182800293,1.2776964902877808,1.393247127532959,1.1571613550186157,2.821714162826538,2.7430455684661865,2.413969039916992,2.519941568374634,2.2256579399108887,2.358769655227661,2.2084503173828125,2.3407931327819824,2.6250035762786865,2.614720582962036,2.8227946758270264,2.745299816131592,2.6381702423095703,2.736997127532959,2.4903647899627686,3.1337594985961914,2.815748691558838,2.614466667175293,2.391810417175293,2.109315872192383,1.9369111061096191,1.5822455883026123,1.4747663736343384,1.3061169385910034,1.432693362236023,1.7995303869247437,2.0963053703308105,2.074341058731079,2.4257044792175293,2.438910484313965
A3,0.5527818202972412,0.3641220033168793,0.0,0.37272727489471436,0.5660678744316101,0.8995532989501953,1.1573619842529297,1.4867368936538696,1.6932249069213867,1.4217168092727661,1.2421258687973022,0.886585533618927,0.753259539604187,0.5397079586982727,0.46604588627815247,2.173407793045044,2.0212295055389404,1.7037602663040161,1.6190212965011597,1.426926612854004,1.3487910032272339,1.430890440940857,1.409257411956787,1.7690057754516602,1.846061110496521,1.8843929767608643,1.7617852687835693,1.9414238929748535,2.055678606033325,2.084047794342041,1.6955028772354126,1.374353289604187,1.2029528617858887,1.2068308591842651,1.0153248310089111,1.2202552556991577,1.0777522325515747,1.3985356092453003,1.4965922832489014,1.2367726564407349,1.3577353954315186,1.2961397171020508,1.0030510425567627,1.1265645027160645,0.8912798166275024,2.627580165863037,2.5120325088500977,2.1813786029815674,2.252309799194336,1.939893364906311,2.0527431964874268,1.8761199712753296,2.005371332168579,2.275986671447754,2.267331123352051,2.4909374713897705,2.437154769897461,2.331324815750122,2.4594240188598633,2.2289345264434814,2.904667615890503,2.6014463901519775,2.3695220947265625,2.170118570327759,1.861295223236084,1.7121875286102295,1.3466707468032837,1.2672516107559204,1.1850812435150146,1.3014520406723022,1.680079460144043,1.933322548866272,1.9042106866836548,2.244643449783325,2.2292368412017822
A4,0.773999035358429,0.5452309250831604,0.37272727489471436,0.0,0.36206862330436707,0.591237485408783,0.8928636312484741,1.195483922958374,1.3700613975524902,1.0978268384933472,0.883126437664032,0.5180308818817139,0.47195690870285034,0.39901289343833923,0.5516256093978882,2.1926164627075195,2.032951593399048,1.6912983655929565,1.6688286066055298,1.442033052444458,1.4362891912460327,1.4749969244003296,1.5075069665908813,1.878684639930725,1.9264179468154907,2.0003464221954346,1.8677740097045898,1.9836610555648804,2.085310935974121,2.0472757816314697,1.9082766771316528,1.5846900939941406,1.3795361518859863,1.293084979057312,1.033282995223999,1.127350926399231,0.8831807971000671,1.1445242166519165,1.213397741317749,1.003987193107605,1.219490647315979,1.2537717819213867,1.027948260307312,1.2593603134155273,1.113356590270996,2.531765937805176,2.4418983459472656,2.089961051940918,2.1386868953704834,1.8229259252548218,1.904823899269104,1.757462501525879,1.8554790019989014,2.1621274948120117,2.1826272010803223,2.388394832611084,2.3235716819763184,2.2692017555236816,2.4023451805114746,2.209343671798706,2.6791839599609375,2.3534586429595947,2.149703025817871,1.9690061807632446,1.683035969734192,1.5839192867279053,1.2343391180038452,1.248083472251892,1.1557904481887817,1.1634138822555542,1.519467830657959,1.7516511678695679,1.66425359249115,1.9897187948226929,1.9539824724197388
A5,1.0755332708358765,0.8481340408325195,0.5660678744316101,0.36206862330436707,0.0,0.3737264573574066,0.5945595502853394,0.9251006841659546,1.1524643898010254,0.9203304052352905,0.8326288461685181,0.5743627548217773,0.5342981219291687,0.6573331356048584,0.6926862001419067,2.012235641479492,1.8061199188232422,1.455357551574707,1.417414903640747,1.1478110551834106,1.155490517616272,1.1564171314239502,1.2284109592437744,1.5984996557235718,1.6184790134429932,1.7163101434707642,1.598776936531067,1.6837003231048584,1.8106553554534912,1.7576160430908203,1.792563796043396,1.5102463960647583,1.238265037536621,1.1431775093078613,0.8194679021835327,0.8999868631362915,0.6506739258766174,0.91937255859375,1.0906169414520264,0.9380589127540588,1.1502517461776733,1.1502007246017456,0.9990813136100769,1.2360886335372925,1.1076383590698242,2.2520711421966553,2.136005163192749,1.7831964492797852,1.802486538887024,1.4757788181304932,1.548109769821167,1.3970556259155273,1.510899543762207,1.820433259010315,1.8265224695205688,2.0265860557556152,1.9653522968292236,1.9163976907730103,2.0657095909118652,1.8930389881134033,2.375380039215088,2.0667343139648438,1.834788203239441,1.6690285205841064,1.3615914583206177,1.2864474058151245,0.9376230835914612,1.0065034627914429,1.0097310543060303,0.9837057590484619,1.3302198648452759,1.5085307359695435,1.4206351041793823,1.7343541383743286,1.682358741760254
A6,1.3462731838226318,1.1333237886428833,0.8995532989501953,0.591237485408783,0.3737264573574066,0.0,0.3664310872554779,0.6086071729660034,0.8269405364990234,0.646599531173706,0.5752514004707336,0.44276100397109985,0.6010416150093079,0.8540549874305725,0.9962783455848694,2.0239334106445312,1.8209333419799805,1.4643748998641968,1.505310297012329,1.229962706565857,1.329178810119629,1.3020350933074951,1.4396681785583496,1.7938728332519531,1.7680996656417847,1.8823273181915283,1.7474724054336548,1.7564609050750732,1.8527781963348389,1.7246885299682617,2.0141899585723877,1.7385576963424683,1.463424563407898,1.287804365158081,0.9456830620765686,0.8712359666824341,0.5175855755805969,0.6455788612365723,0.7990598082542419,0.7563281059265137,1.057737112045288,1.1595996618270874,1.1058273315429688,1.4113612174987793,1.3676059246063232,2.2410099506378174,2.144221305847168,1.7799705266952515,1.7519569396972656,1.4260247945785522,1.4333457946777344,1.3120486736297607,1.3638153076171875,1.7042642831802368,1.7574269771575928,1.940782070159912,1.8839643001556396,1.9048819541931152,2.070603370666504,1.956080675125122,2.1754045486450195,1.846042513847351,1.642838478088379,1.5259642601013184,1.251542091369629,1.271307110786438,0.9804583787918091,1.1672093868255615,1.185522437095642,1.0390664339065552,1.3184127807617188,1.4343419075012207,1.2598016262054443,1.530086636543274,1.425979733467102
A7,1.6553064584732056,1.4063736200332642,1.1573619842529297,0.8928636312484741,0.5945595502853394,0.3664310872554779,0.0,0.37288233637809753,0.6070460081100464,0.48511120676994324,0.6505293846130371,0.7048909068107605,0.7713723182678223,1.0890189409255981,1.1653063297271729,2.092834234237671,1.839924693107605,1.491243600845337,1.5053868293762207,1.1841970682144165,1.2760698795318604,1.159070372581482,1.3086673021316528,1.6306309700012207,1.5984821319580078,1.7704309225082397,1.6878583431243896,1.6566200256347656,1.797916293144226,1.6480239629745483,2.121323823928833,1.8950780630111694,1.5752464532852173,1.4238011837005615,1.0575940608978271,0.9695033431053162,0.6605508923530579,0.6873898506164551,0.9447641372680664,1.0066293478012085,1.286055564880371,1.3571182489395142,1.3586070537567139,1.6375858783721924,1.5843721628189087,1.9103306531906128,1.8137421607971191,1.449447751045227,1.4031904935836792,1.0877468585968018,1.1002581119537354,1.0373306274414062,1.1294609308242798,1.491481900215149,1.5069423913955688,1.641038417816162,1.549994707107544,1.5901576280593872,1.7441798448562622,1.6588305234909058,1.818469524383545,1.4990198612213135,1.281668782234192,1.1652933359146118,0.8902880549430847,0.9524199366569519,0.7169569134712219,0.9914409518241882,1.0773780345916748,0.8669118881225586,1.0819413661956787,1.1259874105453491,0.9428479671478271,1.1995930671691895,1.098800539970398
A8,1.9539644718170166,1.730448603630066,1.4867368936538696,1.195483922958374,0.9251006841659546,0.6086071729660034,0.37288233637809753,0.0,0.37224331498146057,0.5095305442810059,0.7439167499542236,0.912450909614563,1.0729801654815674,1.4048569202423096,1.523438572883606,2.091994047164917,1.8476598262786865,1.517588496208191,1.6027491092681885,1.306756854057312,1.4769093990325928,1.3626281023025513,1.5691624879837036,1.859148383140564,1.7730357646942139,1.9376739263534546,1.8340705633163452,1.7298028469085693,1.8300503492355347,1.610999584197998,2.313323497772217,2.101743459701538,1.7895772457122803,1.5830070972442627,1.235427975654602,1.0387852191925049,0.742567241191864,0.5690369606018066,0.8107007145881653,1.0051511526107788,1.2962185144424438,1.4271361827850342,1.5121526718139648,1.8191688060760498,1.830568790435791,1.9851332902908325,1.894720435142517,1.5437391996383667,1.4242862462997437,1.1289459466934204,1.032507300376892,1.0013716220855713,0.9931361079216003,1.3656888008117676,1.4415547847747803,1.5573819875717163,1.4934301376342773,1.617496132850647,1.7989273071289062,1.7885706424713135,1.6493068933486938,1.3231691122055054,1.1334328651428223,1.119708776473999,0.9075452089309692,1.100947618484497,0.9702057242393494,1.2975831031799316,1.4058434963226318,1.146033763885498,1.2707240581512451,1.21840500831604,0.947437584400177,1.0962246656417847,0.891784131526947
A9,2.138817310333252,1.882871389389038,1.6932249069213867,1.3700613975524902,1.1524643898010254,0.8269405364990234,0.6070460081100464,0.37224331498146057,0.0,0.36589619517326355,0.6695720553398132,0.974593460559845,1.1304864883422852,1.4944075345993042,1.651237964630127,2.4526758193969727,2.212890386581421,1.8869012594223022,1.9719951152801514,1.6678518056869507,1.8132413625717163,1.660681128501892,1.827402114868164,2.104863405227661,2.0523650646209717,2.254894256591797,2.1814653873443604,2.075867176055908,2.188920736312866,1.959099531173706,2.67305588722229,2.452070713043213,2.1405932903289795,1.9427770376205444,1.5911211967468262,1.4017046689987183,1.0821142196655273,0.8856186866760254,1.0280381441116333,1.262302041053772,1.595208764076233,1.7664755582809448,1.834385633468628,2.1539981365203857,2.1503355503082275,1.9430216550827026,1.9215949773788452,1.576905369758606,1.4895614385604858,1.2596036195755005,1.19361412525177,1.2617957592010498,1.266846776008606,1.638686180114746,1.6974583864212036,1.7450251579284668,1.623655915260315,1.776020884513855,1.9019759893417358,1.9060852527618408,1.5189152956008911,1.1555181741714478,1.0664149522781372,1.0419425964355469,0.9413798451423645,1.1443768739700317,1.0857950448989868,1.4200681447982788,1.4675908088684082,1.145597219467163,1.1828947067260742,1.1108484268188477,0.7758525609970093,0.8816589713096619,0.6971142292022705
A10,1.861518144607544,1.5763109922409058,1.4217168092727661,1.0978268384933472,0.9203304052352905,0.646599531173706,0.48511120676994324,0.5095305442810059,0.36589619517326355,0.0,0.3878563642501831,0.693457305431366,0.7898826599121094,1.1618225574493408,1.3240208625793457,2.5267374515533447,2.2888667583465576,1.9431540966033936,1.9843693971633911,1.6654679775238037,1.75130033493042,1.6000882387161255,1.7073869705200195,2.0116283893585205,2.01462721824646,2.2243404388427734,2.165349245071411,2.1207902431488037,2.2601137161254883,2.07939076423645,2.5935449600219727,2.348902940750122,2.0424249172210693,1.8827706575393677,1.5221524238586426,1.4041351079940796,1.0550787448883057,0.9738479852676392,1.108661413192749,1.2497634887695312,1.5990058183670044,1.7491239309310913,1.7434523105621338,2.05131196975708,1.9966984987258911,1.9211139678955078,1.9166451692581177,1.5561881065368652,1.549120545387268,1.30912184715271,1.3364849090576172,1.3832591772079468,1.4566298723220825,1.8333243131637573,1.8525562286376953,1.9158090353012085,1.7660800218582153,1.8512054681777954,1.9431791305541992,1.8783713579177856,1.7239320278167725,1.3584805727005005,1.2577638626098633,1.1242433786392212,0.9822998642921448,1.0618215799331665,0.9281942248344421,1.2076325416564941,1.18332839012146,0.8701116442680359,0.9715153574943542,1.018458366394043,0.7484074831008911,0.9874030947685242,0.9305263161659241
A11,1.602146863937378,1.3365018367767334,1.2421258687973022,0.883126437664032,0.8326288461685181,0.5752514004707336,0.6505293846130371,0.7439167499542236,0.6695720553398132,0.3878563642501831,0.0,0.38573572039604187,0.5876058340072632,0.9199360013008118,1.17138671875,2.5565743446350098,2.3609066009521484,2.0077643394470215,2.0674469470977783,1.7775391340255737,1.862265944480896,1.7711163759231567,1.862983226776123,2.199882984161377,2.2162396907806396,2.3868227005004883,2.2906126976013184,2.2817447185516357,2.3903346061706543,2.2268214225769043,2.5820326805114746,2.295308828353882,2.029355525970459,1.8580844402313232,1.520730972290039,1.4163846969604492,1.0430406332015991,1.0124891996383667,1.0408074855804443,1.1152418851852417,1.4881494045257568,1.6745117902755737,1.6195836067199707,1.9423328638076782,1.8889802694320679,2.255275249481201,2.2526822090148926,1.888245940208435,1.9040552377700806,1.643620491027832,1.6742620468139648,1.665842056274414,1.7166528701782227,2.086481809616089,2.1334526538848877,2.240752696990967,2.1162667274475098,2.1790273189544678,2.280101776123047,2.1811766624450684,2.10705828666687,1.7373570203781128,1.6446493864059448,1.504649043083191,1.3435267210006714,1.3715622425079346,1.1665937900543213,1.372962236404419,1.2753057479858398,1.0233250856399536,1.2010868787765503,1.336925983428955,1.1041887998580933,1.3569738864898682,1.3038451671600342
A12,1.2201402187347412,0.975033700466156,0.886585533618927,0.5180308818817139,0.5743627548217773,0.44276100397109985,0.7048909068107605,0.912450909614563,0.974593460559845,0.693457305431366,0.38573572039604187,0.0,0.3656497001647949,0.6060923933982849,0.8874931931495667,2.3931283950805664,2.2213022708892822,1.8670156002044678,1.9085488319396973,1.64570951461792,1.70664381980896,1.6749544143676758,1.7494146823883057,2.1098060607910156,2.1362154483795166,2.263190984725952,2.1413025856018066,2.181039333343506,2.2771873474121094,2.1584770679473877,2.3145089149475098,2.003809928894043,1.7686361074447632,1.6141207218170166,1.3040711879730225,1.259358525276184,0.9077770709991455,1.0021356344223022,1.0184743404388428,0.9590933918952942,1.2985920906066895,1.4523800611495972,1.3317408561706543,1.638095736503601,1.5641382932662964,2.4256341457366943,2.38673996925354,2.020456314086914,2.049757719039917,1.756117582321167,1.803646206855774,1.726806879043579,1.7880226373672485,2.137680768966675,2.184873580932617,2.34295392036438,2.2484850883483887,2.264676809310913,2.3847451210021973,2.244126796722412,2.397289991378784,2.0414111614227295,1.8993492126464844,1.7422136068344116,1.5192772150039673,1.491715669631958,1.208158254623413,1.338443398475647,1.2271918058395386,1.078143835067749,1.3528579473495483,1.5454941987991333,1.373214602470398,1.6643717288970947,1.613383173942566
A13,1.1402881145477295,0.8138365149497986,0.753259539604187,0.47195690870285034,0.5342981219291687,0.6010416150093079,0.7713723182678223,1.0729801654815674,1.1304864883422852,0.7898826599121094,0.5876058340072632,0.3656497001647949,0.0,0.3750116527080536,0.5867372751235962,2.5299911499023438,2.3300442695617676,1.9759581089019775,1.946984887123108,1.6604502201080322,1.6406612396240234,1.5729608535766602,1.5733741521835327,1.9268468618392944,2.011817455291748,2.168409824371338,2.098170042037964,2.1822409629821777,2.32932710647583,2.2552006244659424,2.2923758029937744,1.99688720703125,1.7456862926483154,1.6671662330627441,1.352658987045288,1.3976997137069702,1.0839065313339233,1.2420945167541504,1.331946849822998,1.244323492050171,1.5413844585418701,1.621626853942871,1.452962040901184,1.7024493217468262,1.5502663850784302,2.2466578483581543,2.2189342975616455,1.8625545501708984,1.952374815940857,1.680297613143921,1.8021188974380493,1.7459691762924194,1.8782413005828857,2.22338604927063,2.2116549015045166,2.3476250171661377,2.2153568267822266,2.1806459426879883,2.2577929496765137,2.0712473392486572,2.4001662731170654,2.059567928314209,1.9063470363616943,1.6868212223052979,1.4569919109344482,1.3406342267990112,1.0372859239578247,1.084154725074768,0.9105772376060486,0.823117196559906,1.140087366104126,1.400109887123108,1.3120055198669434,1.6509122848510742,1.673193097114563
A14,0.8121232390403748,0.46526628732681274,0.5397079586982727,0.39901289343833923,0.6573331356048584,0.8540549874305725,1.0890189409255981,1.4048569202423096,1.4944075345993042,1.1618225574493408,0.9199360013008118,0.6060923933982849,0.3750116527080536,0.0,0.36965078115463257,2.5845985412597656,2.4146993160247803,2.0723862648010254,2.021808385848999,1.7730070352554321,1.7157752513885498,1.7018301486968994,1.662701964378357,2.0195229053497314,2.1292920112609863,2.2465388774871826,2.1642916202545166,2.3000171184539795,2.4364590644836426,2.4068503379821777,2.2174935340881348,1.9009332656860352,1.700628399848938,1.6623402833938599,1.4029834270477295,1.513245701789856,1.2496789693832397,1.4727630615234375,1.5307362079620361,1.360419511795044,1.6049140691757202,1.6515530347824097,1.4108750820159912,1.6126419305801392,1.4192711114883423,2.512061595916748,2.4727659225463867,2.1285791397094727,2.2395057678222656,1.9620590209960938,2.098832130432129,2.0057849884033203,2.142928123474121,2.4663772583007812,2.452324628829956,2.6166579723358154,2.5005035400390625,2.429828405380249,2.5069541931152344,2.2851626873016357,2.757293224334717,2.4241552352905273,2.2576162815093994,2.0272817611694336,1.779765248298645,1.6242072582244873,1.2948884963989258,1.2506062984466553,1.0431891679763794,1.0747863054275513,1.4176784753799438,1.7140817642211914,1.6656686067581177,2.0142414569854736,2.0440781116485596
A15,0.8287870287895203,0.4651958644390106,0.46604588627815247,0.5516256093978882,0.6926862001419067,0.9962783455848694,1.1653063297271729,1.523438572883606,1.651237964630127,1.3240208625793457,1.17138671875,0.8874931931495667,0.5867372751235962,0.36965078115463257,0.0,2.557720899581909,2.363612651824951,2.0344066619873047,1.9173150062561035,1.6652990579605103,1.5346747636795044,1.5099457502365112,1.4080501794815063,1.749007225036621,1.8994823694229126,2.0214388370513916,1.9804491996765137,2.1584510803222656,2.3330068588256836,2.351875066757202,2.0490877628326416,1.7643673419952393,1.5507795810699463,1.5913852453231812,1.3473544120788574,1.5367012023925781,1.334059715270996,1.60481595993042,1.7309093475341797,1.543500542640686,1.7353696823120117,1.7022027969360352,1.4424724578857422,1.5731537342071533,1.313496708869934,2.3726367950439453,2.310218572616577,1.9875061511993408,2.1274914741516113,1.8615553379058838,2.0427980422973633,1.9419405460357666,2.128098726272583,2.427443504333496,2.3676185607910156,2.52837872505188,2.405024290084839,2.2833855152130127,2.3425698280334473,2.084156036376953,2.765631914138794,2.461857557296753,2.262951135635376,2.0063934326171875,1.7365546226501465,1.5225361585617065,1.1812275648117065,1.04212486743927,0.8430137634277344,0.9956021308898926,1.3637644052505493,1.6739212274551392,1.6979608535766602,2.0629031658172607,2.1218156814575195
B1,2.410896062850952,2.4972946643829346,2.173407793045044,2.1926164627075195,2.012235641479492,2.0239334106445312,2.092834234237671,2.091994047164917,2.4526758193969727,2.5267374515533447,2.5565743446350098,2.3931283950805664,2.5299911499023438,2.5845985412597656,2.557720899581909,0.0,0.37253525853157043,0.6312201619148254,0.8528922200202942,1.1661145687103271,1.4396932125091553,1.7363039255142212,2.0373146533966064,2.1931912899017334,1.9030640125274658,1.633670687675476,1.2597099542617798,1.1499842405319214,0.8032855987548828,0.8301215767860413,1.1722791194915771,1.2026430368423462,1.208911418914795,0.9919641017913818,1.2249871492385864,1.1536451578140259,1.5162405967712402,1.6224466562271118,1.7409549951553345,1.6057077646255493,1.2707411050796509,1.0088146924972534,1.2691104412078857,1.2027435302734375,1.4838557243347168,3.4034359455108643,3.1086912155151367,2.872227191925049,2.656524896621704,2.3402445316314697,2.1472113132476807,1.7883641719818115,1.6176552772521973,1.5143707990646362,1.724738359451294,2.106194496154785,2.38232421875,2.3866608142852783,2.7371721267700195,2.728468418121338,3.222330093383789,3.0636844635009766,2.7447948455810547,2.824155330657959,2.510613441467285,2.625535726547241,2.4148614406585693,2.5351765155792236,2.775392770767212,2.776191473007202,3.036048650741577,3.0124361515045166,2.8880553245544434,3.020991802215576,2.778367280960083
B2,2.332920789718628,2.36665415763855,2.0212295055389404,2.032951593399048,1.8061199188232422,1.8209333419799805,1.839924693107605,1.8476598262786865,2.212890386581421,2.2888667583465576,2.3609066009521484,2.2213022708892822,2.3300442695617676,2.4146993160247803,2.363612651824951,0.37253525853157043,0.0,0.3570329248905182,0.5403440594673157,0.8409911394119263,1.127153754234314,1.3972128629684448,1.7128181457519531,1.8559151887893677,1.5531628131866455,1.307102918624878,0.9446476697921753,0.791854977607727,0.4543594717979431,0.4880881905555725,1.1111048460006714,1.1533044576644897,1.0507619380950928,0.8575984239578247,1.0197417736053467,0.9634918570518494,1.3297227621078491,1.441670536994934,1.6325668096542358,1.526154637336731,1.2520747184753418,0.9745733737945557,1.227231740951538,1.1900001764297485,1.4065583944320679,3.041916847229004,2.741558313369751,2.5134236812591553,2.295027494430542,1.9853006601333618,1.7996997833251953,1.4382514953613281,1.2951537370681763,1.1884140968322754,1.3684877157211304,1.7517575025558472,2.0212655067443848,2.0154969692230225,2.365666151046753,2.361093044281006,2.896487236022949,2.750359058380127,2.419556140899658,2.492624282836914,2.1781485080718994,2.291217565536499,2.0998857021331787,2.2255215644836426,2.490079164505005,2.4882612228393555,2.731250286102295,2.6909892559051514,2.584989070892334,2.715097665786743,2.4872593879699707
B3,2.0474674701690674,2.052694320678711,1.7037602663040161,1.6912983655929565,1.455357551574707,1.4643748998641968,1.491243600845337,1.517588496208191,1.8869012594223022,1.9431540966033936,2.0077643394470215,1.8670156002044678,1.9759581089019775,2.0723862648010254,2.0344066619873047,0.6312201619148254,0.3570329248905182,0.0,0.3789597749710083,0.57300865650177,0.9050189852714539,1.1620090007781982,1.4842395782470703,1.6821424961090088,1.41065514087677,1.227692723274231,0.8746733069419861,0.7525166273117065,0.5523880124092102,0.5010013580322266,1.1125351190567017,1.0573080778121948,0.8735567331314087,0.6198760271072388,0.6928523182868958,0.6125450134277344,0.9781304001808167,1.1157146692276,1.3304047584533691,1.2167870998382568,0.987397313117981,0.7158421874046326,0.9636766910552979,0.9995049834251404,1.190345048904419,2.803656578063965,2.5259134769439697,2.2680037021636963,2.070829391479492,1.7390527725219727,1.5728272199630737,1.2118048667907715,1.0918514728546143,1.0875052213668823,1.2561159133911133,1.6338624954223633,1.8546425104141235,1.8508212566375732,2.1864194869995117,2.1601061820983887,2.673581600189209,2.495715618133545,2.1701767444610596,2.217456340789795,1.8933672904968262,1.997625470161438,1.7854329347610474,1.9216092824935913,2.1688573360443115,2.154715061187744,2.4065356254577637,2.383765935897827,2.2699248790740967,2.4208784103393555,2.2037177085876465
B4,1.9915170669555664,1.977081060409546,1.6190212965011597,1.6688286066055298,1.417414903640747,1.505310297012329,1.5053868293762207,1.6027491092681885,1.9719951152801514,1.9843693971633911,2.0674469470977783,1.9085488319396973,1.946984887123108,2.021808385848999,1.9173150062561035,0.8528922200202942,0.5403440594673157,0.3789597749710083,0.0,0.36188045144081116,0.5904460549354553,0.8907073736190796,1.1848808526992798,1.3543338775634766,1.0897892713546753,0.8707006573677063,0.5068082213401794,0.4919893741607666,0.4448319673538208,0.6033561825752258,0.8925653100013733,0.9002110958099365,0.6522362232208252,0.5686740875244141,0.6466518044471741,0.7532632350921631,1.0919743776321411,1.2983342409133911,1.5627673864364624,1.424248218536377,1.2365262508392334,0.9201482534408569,1.0498313903808594,1.001755714416504,1.0851064920425415,2.632824659347534,2.3365345001220703,2.0995068550109863,1.935336947441101,1.615562915802002,1.5157663822174072,1.1548761129379272,1.1467952728271484,1.1353989839553833,1.1925561428070068,1.5592468976974487,1.75400972366333,1.67880380153656,1.9953681230545044,1.9297232627868652,2.6638805866241455,2.5038399696350098,2.157536506652832,2.1603798866271973,1.8195276260375977,1.8656136989593506,1.6495387554168701,1.7281100749969482,1.997786283493042,2.036522150039673,2.2959671020507812,2.2896006107330322,2.2340073585510254,2.4123921394348145,2.2433831691741943
B5,1.8697527647018433,1.7910432815551758,1.426926612854004,1.442033052444458,1.1478110551834106,1.229962706565857,1.1841970682144165,1.306756854057312,1.6678518056869507,1.6654679775238037,1.7775391340255737,1.64570951461792,1.6604502201080322,1.7730070352554321,1.6652990579605103,1.1661145687103271,0.8409911394119263,0.57300865650177,0.36188045144081116,0.0,0.37312373518943787,0.5915945768356323,0.9159011840820312,1.1347683668136597,0.9014337062835693,0.8119716048240662,0.5627461075782776,0.5494267344474792,0.6832528710365295,0.7259722948074341,1.1252919435501099,1.0663903951644897,0.7288350462913513,0.6571481823921204,0.5192704796791077,0.6363438367843628,0.8866057395935059,1.0990265607833862,1.4126263856887817,1.3072556257247925,1.2195322513580322,0.9653314352035522,1.0559278726577759,1.0929625034332275,1.1017467975616455,2.303025007247925,2.0241782665252686,1.7658510208129883,1.6186165809631348,1.2855870723724365,1.2175794839859009,0.8714811205863953,0.9344814419746399,1.0198967456817627,1.0258285999298096,1.3605542182922363,1.495539665222168,1.4172512292861938,1.7152504920959473,1.6357508897781372,2.3625099658966064,2.187596082687378,1.842484712600708,1.8183085918426514,1.4709609746932983,1.5070799589157104,1.2896533012390137,1.3871102333068848,1.6647381782531738,1.6857120990753174,1.9360593557357788,1.9288285970687866,1.880439281463623,2.071319818496704,1.9245086908340454
B6,1.8025494813919067,1.7025108337402344,1.3487910032272339,1.4362891912460327,1.155490517616272,1.329178810119629,1.2760698795318604,1.4769093990325928,1.8132413625717163,1.75130033493042,1.862265944480896,1.70664381980896,1.6406612396240234,1.7157752513885498,1.5346747636795044,1.4396932125091553,1.127153754234314,0.9050189852714539,0.5904460549354553,0.37312373518943787,0.0,0.3664339780807495,0.6005011796951294,0.8212080597877502,0.6554461717605591,0.5857256054878235,0.4646274447441101,0.6480379104614258,0.897181510925293,1.0372576713562012,1.068143367767334,1.0385429859161377,0.6772401928901672,0.7905752658843994,0.6684004068374634,0.9174143671989441,1.1032236814498901,1.3627437353134155,1.6808061599731445,1.5464376211166382,1.4863672256469727,1.2143183946609497,1.2037608623504639,1.1753970384597778,1.0681195259094238,2.179353952407837,1.894621729850769,1.6559700965881348,1.574326753616333,1.2669872045516968,1.3032301664352417,1.0065244436264038,1.180066704750061,1.2691060304641724,1.1731430292129517,1.455709457397461,1.5317150354385376,1.3678162097930908,1.6143690347671509,1.4661555290222168,2.435342788696289,2.271566867828369,1.92198646068573,1.8351995944976807,1.4808661937713623,1.4271697998046875,1.1965091228485107,1.1986135244369507,1.4855437278747559,1.579938292503357,1.84341561794281,1.8735849857330322,1.8946634531021118,2.1221225261688232,2.0378990173339844
B7,1.9386236667633057,1.769453525543213,1.430890440940857,1.4749969244003296,1.1564171314239502,1.3020350933074951,1.159070372581482,1.3626281023025513,1.660681128501892,1.6000882387161255,1.7711163759231567,1.6749544143676758,1.5729608535766602,1.7018301486968994,1.5099457502365112,1.7363039255142212,1.3972128629684448,1.1620090007781982,0.8907073736190796,0.5915945768356323,0.3664339780807495,0.0,0.36317822337150574,0.5917324423789978,0.4703531563282013,0.6359673738479614,0.7041673064231873,0.7983676195144653,1.114361047744751,1.191565752029419,1.4238499402999878,1.3919966220855713,1.0256842374801636,1.1156543493270874,0.905790388584137,1.092237114906311,1.1831811666488647,1.3935339450836182,1.7434868812561035,1.6679707765579224,1.6835544109344482,1.468934416770935,1.4635145664215088,1.4906302690505981,1.3577585220336914,1.8134300708770752,1.529741883277893,1.2923177480697632,1.2274352312088013,0.9369421601295471,1.0383753776550293,0.8104488253593445,1.0794997215270996,1.2098617553710938,1.0339388847351074,1.2400768995285034,1.2445274591445923,1.0530941486358643,1.2686827182769775,1.1084730625152588,2.1330652236938477,1.9843652248382568,1.6344572305679321,1.521268606185913,1.1756254434585571,1.0993645191192627,0.9162908792495728,0.931435763835907,1.2649695873260498,1.3405667543411255,1.559070110321045,1.5600801706314087,1.61697256565094,1.8381797075271606,1.7914519309997559
B8,1.905967354774475,1.7110775709152222,1.409257411956787,1.5075069665908813,1.2284109592437744,1.4396681785583496,1.3086673021316528,1.5691624879837036,1.827402114868164,1.7073869705200195,1.862983226776123,1.7494146823883057,1.5733741521835327,1.662701964378357,1.4080501794815063,2.0373146533966064,1.7128181457519531,1.4842395782470703,1.1848808526992798,0.9159011840820312,0.6005011796951294,0.36317822337150574,0.0,0.37238436937332153,0.512079119682312,0.7427971363067627,0.9172481298446655,1.0953937768936157,1.4252779483795166,1.541676640510559,1.5331467390060425,1.5029453039169312,1.157705307006836,1.3279035091400146,1.1312700510025024,1.373069405555725,1.4222073554992676,1.6605623960494995,1.9971470832824707,1.898239016532898,1.9365164041519165,1.719436526298523,1.6475942134857178,1.64374840259552,1.4353305101394653,1.7247852087020874,1.4591457843780518,1.2463372945785522,1.2836341857910156,1.0509467124938965,1.2551125288009644,1.1038823127746582,1.4097234010696411,1.5493172407150269,1.3337111473083496,1.4782171249389648,1.4134595394134521,1.1574840545654297,1.2758055925369263,1.0231119394302368,2.252721071243286,2.108797550201416,1.7768851518630981,1.5961862802505493,1.2693549394607544,1.0846858024597168,0.8977570533752441,0.771318793296814,1.092178225517273,1.2547242641448975,1.4784952402114868,1.5335553884506226,1.6637299060821533,1.9204572439193726,1.941336989402771
B9,2.2497122287750244,2.0608744621276855,1.7690057754516602,1.878684639930725,1.5984996557235718,1.7938728332519531,1.6306309700012207,1.859148383140564,2.104863405227661,2.0116283893585205,2.199882984161377,2.1098060607910156,1.9268468618392944,2.0195229053497314,1.749007225036621,2.1931912899017334,1.8559151887893677,1.6821424961090088,1.3543338775634766,1.1347683668136597,0.8212080597877502,0.5917324423789978,0.37238436937332153,0.0,0.36561670899391174,0.6615104675292969,0.9702449440956116,1.1385328769683838,1.5007108449935913,1.6524862051010132,1.669311761856079,1.7156997919082642,1.393669843673706,1.5946234464645386,1.4416061639785767,1.6733227968215942,1.7546716928482056,1.9691352844238281,2.319352388381958,2.2373316287994385,2.255098581314087,2.0179085731506348,1.9688713550567627,1.930962324142456,1.7293105125427246,1.671500563621521,1.3658151626586914,1.2434508800506592,1.2798141241073608,1.1300231218338013,1.3464651107788086,1.2292406558990479,1.55060875415802,1.6224217414855957,1.3480390310287476,1.4437271356582642,1.3798737525939941,1.0629162788391113,1.1464866399765015,0.8899761438369751,2.2994375228881836,2.214609384536743,1.8781400918960571,1.7111130952835083,1.4218895435333252,1.2399901151657104,1.1485819816589355,1.0144999027252197,1.3459835052490234,1.5147773027420044,1.6781944036483765,1.6886122226715088,1.8605351448059082,2.0802721977233887,2.1181514263153076
B10,2.3315858840942383,2.172334909439087,1.846061110496521,1.9264179468154907,1.6184790134429932,1.7680996656417847,1.5984821319580078,1.7730357646942139,2.0523650646209717,2.01462721824646,2.2162396907806396,2.1362154483795166,2.011817455291748,2.1292920112609863,1.8994823694229126,1.9030640125274658,1.5531628131866455,1.41065514087677,1.0897892713546753,0.9014337062835693,0.6554461717605591,0.4703531563282013,0.512079119682312,0.36561670899391174,0.0,0.38830482959747314,0.6956853270530701,0.7983046174049377,1.1687308549880981,1.3192951679229736,1.5284698009490967,1.605766773223877,1.2791297435760498,1.435654640197754,1.307410478591919,1.497801661491394,1.6334547996520996,1.8212981224060059,2.178847074508667,2.1136674880981445,2.094589948654175,1.8461380004882812,1.856601357460022,1.8216900825500488,1.6839629411697388,1.799888253211975,1.4637987613677979,1.3327285051345825,1.2626957893371582,1.076210856437683,1.1950786113739014,1.0138026475906372,1.2959091663360596,1.3118504285812378,1.0486012697219849,1.1994130611419678,1.2238118648529053,0.9455750584602356,1.140793800354004,0.9892318248748779,2.2401504516601562,2.16697096824646,1.8096342086791992,1.7123090028762817,1.4112446308135986,1.323453426361084,1.2392076253890991,1.204459309577942,1.5589901208877563,1.6680618524551392,1.8305104970932007,1.7907915115356445,1.9044392108917236,2.086285352706909,2.062761068344116
B11,2.3201680183410645,2.2220780849456787,1.8843929767608643,2.0003464221954346,1.7163101434707642,1.8823273181915283,1.7704309225082397,1.9376739263534546,2.254894256591797,2.2243404388427734,2.3868227005004883,2.263190984725952,2.168409824371338,2.2465388774871826,2.0214388370513916,1.633670687675476,1.307102918624878,1.227692723274231,0.8707006573677063,0.8119716048240662,0.5857256054878235,0.6359673738479614,0.7427971363067627,0.6615104675292969,0.38830482959747314,0.0,0.38441821932792664,0.58449387550354,0.9210211038589478,1.1625736951828003,1.2093064785003662,1.3504661321640015,1.0701611042022705,1.2558574676513672,1.2277263402938843,1.4419338703155518,1.6572849750518799,1.8712996244430542,2.2071380615234375,2.1022651195526123,2.012080430984497,1.7150814533233643,1.7360061407089233,1.6393183469772339,1.5336235761642456,2.186112880706787,1.8465378284454346,1.7118432521820068,1.6147147417068481,1.399888515472412,1.4503426551818848,1.194732427597046,1.396970272064209,1.351060390472412,1.1562304496765137,1.390019178390503,1.501022219657898,1.2632269859313965,1.4991611242294312,1.373803734779358,2.5514578819274902,2.470660924911499,2.106457471847534,2.04019832611084,1.723055362701416,1.6618157625198364,1.5307438373565674,1.4946298599243164,1.8267362117767334,1.9502724409103394,2.1528499126434326,2.1314642429351807,2.212165594100952,2.3966197967529297,2.333892345428467
B12,2.1653854846954346,2.113098382949829,1.7617852687835693,1.8677740097045898,1.598776936531067,1.7474724054336548,1.6878583431243896,1.8340705633163452,2.1814653873443604,2.165349245071411,2.2906126976013184,2.1413025856018066,2.098170042037964,2.1642916202545166,1.9804491996765137,1.2597099542617798,0.9446476697921753,0.8746733069419861,0.5068082213401794,0.5627461075782776,0.4646274447441101,0.7041673064231873,0.9172481298446655,0.9702449440956116,0.6956853270530701,0.38441821932792664,0.0,0.3646046817302704,0.6117304563522339,0.8873276114463806,0.9299426674842834,1.0588932037353516,0.7920418977737427,0.9284764528274536,0.9642136693000793,1.1647018194198608,1.4384114742279053,1.6609625816345215,1.9691282510757446,1.8407481908798218,1.7009778022766113,1.3833030462265015,1.4339063167572021,1.3273409605026245,1.2860107421875,2.43034029006958,2.1043946743011475,1.9231278896331787,1.7933769226074219,1.524500846862793,1.5058032274246216,1.1863207817077637,1.3023905754089355,1.2529563903808594,1.1622021198272705,1.4746016263961792,1.6382063627243042,1.4692285060882568,1.751265525817871,1.65155029296875,2.6548619270324707,2.540435314178467,2.1772682666778564,2.1412410736083984,1.805337905883789,1.787928819656372,1.6092661619186401,1.6155405044555664,1.9238157272338867,2.0211596488952637,2.258509874343872,2.2484400272369385,2.2719626426696777,2.458512783050537,2.3480353355407715
B13,2.3696770668029785,2.303271770477295,1.9414238929748535,1.9836610555648804,1.6837003231048584,1.7564609050750732,1.6566200256347656,1.7298028469085693,2.075867176055908,2.1207902431488037,2.2817447185516357,2.181039333343506,2.1822409629821777,2.3000171184539795,2.1584510803222656,1.1499842405319214,0.791854977607727,0.7525166273117065,0.4919893741607666,0.5494267344474792,0.6480379104614258,0.7983676195144653,1.0953937768936157,1.1385328769683838,0.7983046174049377,0.58449387550354,0.3646046817302704,0.0,0.37280333042144775,0.5821368098258972,1.1848405599594116,1.2953592538833618,1.0292824506759644,1.042345643043518,1.0398249626159668,1.1236743927001953,1.4042329788208008,1.5524054765701294,1.8691405057907104,1.8001055717468262,1.6638495922088623,1.3849785327911377,1.5204378366470337,1.4771767854690552,1.5046703815460205,2.39288330078125,2.0609452724456787,1.8838447332382202,1.6879048347473145,1.4234429597854614,1.3231990337371826,0.9885627031326294,1.0382120609283447,0.9230881333351135,0.8715096712112427,1.2158290147781372,1.4413422346115112,1.3377041816711426,1.6669447422027588,1.6436342000961304,2.464099407196045,2.3692259788513184,2.0065314769744873,2.0302963256835938,1.715021014213562,1.7720232009887695,1.6390129327774048,1.7214305400848389,2.0491726398468018,2.0851879119873047,2.285858631134033,2.220280170440674,2.20615553855896,2.343834400177002,2.1927809715270996
