,A1,A2,A3,A4,A5,A6,A7,A8,A9,A10,A11,A12,A13,A14,A15,B1,B2,B3,B4,B5,B6,B7,B8,B9,B10,B11,B12,B13,B14,B15,C1,C2,C3,C4,C5,C6,C7,C8,C9,C10,C11,C12,C13,C14,C15,D1,D2,D3,D4,D5,D6,D7,D8,D9,D10,D11,D12,D13,D14,D15,E1,E2,E3,E4,E5,E6,E7,E8,E9,E10,E11,E12,E13,E14,E15
A1,0.0,0.37957990169525146,0.5840991735458374,0.881930410861969,1.1700838804244995,1.4904301166534424,1.7374961376190186,2.0847387313842773,2.2511212825775146,2.0044472217559814,1.7216960191726685,1.3478714227676392,1.1943950653076172,0.8400039076805115,0.7888534069061279,2.4884769916534424,2.324746608734131,1.9620023965835571,1.8725509643554688,1.531182885169983,1.4351274967193604,1.3593287467956543,1.214406132698059,1.5746604204177856,1.735757827758789,1.8503848314285278,1.8711800575256348,1.9432220458984375,2.138800859451294,2.0727720260620117,2.298312187194824,2.035187005996704,1.789474368095398,1.4665720462799072,1.3190661668777466,0.9747543931007385,1.080028772354126,0.8858373165130615,0.8753653168678284,0.7733047008514404,1.1017813682556152,1.2190287113189697,1.5539125204086304,1.7881028652191162,1.9938015937805176,0.5755506157875061,0.30963337421417236,0.632501482963562,0.6914500594139099,1.0356521606445312,1.2769579887390137,1.5041230916976929,1.8522567749023438,1.9326342344284058,1.6546289920806885,1.340030312538147,0.9937137961387634,0.8594430088996887,0.5117673873901367,0.7029126882553101,1.7118642330169678,1.769795536994934,1.482200026512146,1.7077958583831787,1.5620478391647339,1.8001936674118042,1.9126216173171997,2.0949599742889404,2.4677648544311523,2.4427733421325684,2.3142778873443604,2.072751760482788,1.9713560342788696,1.8756039142608643,1.6333423852920532
A2,0.37957990169525146,0.0,0.37096238136291504,0.5772035717964172,0.8850494027137756,1.191567063331604,1.4125843048095703,1.769958257675171,1.9085350036621094,1.6644757986068726,1.360056757926941,0.9933288097381592,0.8204187154769897,0.4621182680130005,0.49912744760513306,2.3723647594451904,2.1946237087249756,1.8336198329925537,1.6973011493682861,1.382751226425171,1.2309495210647583,1.2206426858901978,1.0553712844848633,1.3912464380264282,1.4997395277023315,1.6561899185180664,1.674910545349121,1.8124054670333862,2.0095303058624268,2.003835439682007,2.262996196746826,2.01250958442688,1.7195795774459839,1.4375916719436646,1.2099578380584717,0.8893784284591675,0.9445154070854187,0.7141528725624084,0.859876811504364,0.8695891499519348,1.1522756814956665,1.2476767301559448,1.527479887008667,1.7675302028656006,1.9080008268356323,0.25060033798217773,0.1292855590581894,0.4181569516658783,0.6764882802963257,0.9729586243629456,1.281457781791687,1.519574522972107,1.8713988065719604,2.0254709720611572,1.779963493347168,1.4882415533065796,1.1243184804916382,0.9682743549346924,0.6121853590011597,0.6212436556816101,1.3521699905395508,1.4434417486190796,1.1804063320159912,1.4418729543685913,1.3675611019134521,1.6422208547592163,1.8089114427566528,2.036904811859131,2.3817384243011475,2.3017146587371826,2.141261339187622,1.8575873374938965,1.753073811531067,1.6035771369934082,1.3793131113052368
A3,0.5840991735458374,0.37096238136291504,0.0,0.3756232261657715,0.5897151827812195,0.9277819395065308,1.1686142683029175,1.5101120471954346,1.7066653966903687,1.4958831071853638,1.2377008199691772,0.8767451643943787,0.7543748021125793,0.5137973427772522,0.48317572474479675,2.008817195892334,1.8476300239562988,1.4824411869049072,1.3752633333206177,1.078174114227295,0.9886147975921631,1.053518295288086,1.0009300708770752,1.3633345365524292,1.3983569145202637,1.4873340129852295,1.4332456588745117,1.5488473176956177,1.7021942138671875,1.6868847608566284,1.9020311832427979,1.6561434268951416,1.3530232906341553,1.0869346857070923,0.8515414595603943,0.5611028075218201,0.7002180814743042,0.6159679889678955,0.8531589508056641,0.7874218225479126,0.9599493145942688,0.9668136835098267,1.221388339996338,1.4309951066970825,1.5561109781265259,0.5094899535179138,0.3462507128715515,0.15441304445266724,0.4046366214752197,0.6770811676979065,0.9761360883712769,1.2541546821594238,1.5834459066390991,1.7674624919891357,1.526958703994751,1.285102128982544,0.919852077960968,0.8481627106666565,0.5887622237205505,0.6351345181465149,1.2332789897918701,1.235283613204956,0.9182440042495728,1.1268671751022339,1.0106029510498047,1.2744475603103638,1.4411970376968384,1.6711349487304688,2.011737108230591,1.9327536821365356,1.7804124355316162,1.5109282732009888,1.428665280342102,1.3253483772277832,1.1357812881469727
A4,0.881930410861969,0.5772035717964172,0.3756232261657715,0.0,0.3782595992088318,0.6237630248069763,0.896142303943634,1.227175235748291,1.377143144607544,1.1348581314086914,0.8884865641593933,0.5204931497573853,0.524707555770874,0.4360465407371521,0.6194695234298706,1.917696237564087,1.7125800848007202,1.3688634634017944,1.1792778968811035,0.910156786441803,0.7245514988899231,0.8487168550491333,0.7879846096038818,1.0982239246368408,1.0730080604553223,1.197165608406067,1.1605530977249146,1.3492698669433594,1.527603030204773,1.5903739929199219,1.9263051748275757,1.7338106632232666,1.3904614448547363,1.2119925022125244,0.9462137818336487,0.7754790186882019,0.8996593952178955,0.8397848606109619,1.1592252254486084,1.1448026895523071,1.2709523439407349,1.222786784172058,1.4116096496582031,1.5745264291763306,1.6264742612838745,0.6422162652015686,0.5834407806396484,0.29327428340911865,0.6169706583023071,0.6942779421806335,1.0417425632476807,1.2593293190002441,1.5830413103103638,1.8343092203140259,1.6612931489944458,1.4324191808700562,1.1026005744934082,0.971931517124176,0.7669969201087952,0.623336136341095,1.0243407487869263,1.0592312812805176,0.7585371732711792,0.9603582620620728,0.9495527744293213,1.2048395872116089,1.4591408967971802,1.7012624740600586,2.0019614696502686,1.8554404973983765,1.704717755317688,1.3951287269592285,1.366773009300232,1.2156635522842407,1.1124629974365234
A5,1.1700838804244995,0.8850494027137756,0.5897151827812195,0.3782595992088318,0.0,0.37102487683296204,0.5946305990219116,0.921989381313324,1.1495497226715088,0.9961428642272949,0.8027831315994263,0.5426111221313477,0.5622780919075012,0.6643617749214172,0.7264524102210999,1.6452988386154175,1.4788997173309326,1.1422029733657837,0.9832042455673218,0.8130208253860474,0.7177475094795227,0.9840339422225952,1.040075659751892,1.3128509521484375,1.1814072132110596,1.2408303022384644,1.0977258682250977,1.2895876169204712,1.3830710649490356,1.463297724723816,1.6913080215454102,1.5029648542404175,1.1447960138320923,1.029956340789795,0.7183111906051636,0.6806665062904358,0.7763066291809082,0.8472830653190613,1.214110016822815,1.2061517238616943,1.2216551303863525,1.1182328462600708,1.2118569612503052,1.348532795906067,1.3323060274124146,0.9096238017082214,0.8966745138168335,0.5646191239356995,0.7565594911575317,0.7452862858772278,1.0200238227844238,1.2733662128448486,1.5363889932632446,1.8251596689224243,1.6632128953933716,1.5147098302841187,1.212022304534912,1.1815721988677979,1.0514740943908691,0.9617993235588074,0.8532506823539734,0.770637571811676,0.4260861873626709,0.5833955407142639,0.6078052520751953,0.8924788236618042,1.1643788814544678,1.4445726871490479,1.7074400186538696,1.5340017080307007,1.350302815437317,1.0256848335266113,0.9988154172897339,0.8604947328567505,0.8193560838699341
A6,1.4904301166534424,1.191567063331604,0.9277819395065308,0.6237630248069763,0.37102487683296204,0.0,0.37821975350379944,0.6241990327835083,0.8251808881759644,0.665503203868866,0.590782880783081,0.48031121492385864,0.6967718005180359,0.9143319725990295,1.057259202003479,1.5338958501815796,1.3269922733306885,1.0449305772781372,0.8018888235092163,0.7372612953186035,0.5948501825332642,0.9389209747314453,1.0393353700637817,1.2165812253952026,0.9867264628410339,1.0302159786224365,0.862220823764801,1.1225484609603882,1.209273338317871,1.376542568206787,1.7117090225219727,1.5969611406326294,1.2299796342849731,1.2227520942687988,0.9511401653289795,1.0130702257156372,1.115098237991333,1.2009165287017822,1.5781770944595337,1.5745633840560913,1.5662013292312622,1.4204154014587402,1.4630403518676758,1.5327008962631226,1.4480829238891602,1.208146095275879,1.2019294500350952,0.8652933239936829,1.0421253442764282,0.9112348556518555,1.1606661081314087,1.334833025932312,1.5582457780838013,1.8978686332702637,1.8064032793045044,1.6854333877563477,1.4322971105575562,1.377392053604126,1.3016319274902344,1.1393537521362305,0.848344087600708,0.7592147588729858,0.512393057346344,0.5202857255935669,0.6910927891731262,0.8835652470588684,1.229823350906372,1.4906822443008423,1.6912662982940674,1.447978138923645,1.2879319190979004,0.945892333984375,1.0223087072372437,0.8736152648925781,0.977374255657196
A7,1.7374961376190186,1.4125843048095703,1.1686142683029175,0.896142303943634,0.5946305990219116,0.37821975350379944,0.0,0.3767010569572449,0.6049473881721497,0.6170783638954163,0.5450624823570251,0.6281559467315674,0.7442814111709595,1.0564346313476562,1.1538091897964478,1.628892421722412,1.4791712760925293,1.2392162084579468,1.037388801574707,1.0689382553100586,0.9608687162399292,1.31108558177948,1.3902840614318848,1.5299007892608643,1.2676259279251099,1.3345633745193481,1.1518117189407349,1.4250155687332153,1.4519349336624146,1.6393320560455322,1.8459583520889282,1.7231378555297852,1.3697816133499146,1.3955210447311401,1.0861616134643555,1.1819032430648804,1.176417589187622,1.267095685005188,1.6597217321395874,1.721036672592163,1.6803230047225952,1.5639914274215698,1.5329526662826538,1.621147632598877,1.4664883613586426,1.3698619604110718,1.448940396308899,1.1436518430709839,1.3420392274856567,1.2524710893630981,1.4738045930862427,1.6744718551635742,1.8654365539550781,2.2098302841186523,2.1091084480285645,2.017686128616333,1.7571098804473877,1.7298071384429932,1.625544548034668,1.4735676050186157,0.6080590486526489,0.4583991467952728,0.402040034532547,0.4185413420200348,0.7568483352661133,0.9786539077758789,1.2975143194198608,1.6030086278915405,1.7422680854797363,1.4634196758270264,1.2287323474884033,0.8547315001487732,0.8716655969619751,0.6295920610427856,0.811491072177887
A8,2.0847387313842773,1.769958257675171,1.5101120471954346,1.227175235748291,0.921989381313324,0.6241990327835083,0.3767010569572449,0.0,0.39833584427833557,0.591381311416626,0.7360565066337585,0.9268796443939209,1.10586416721344,1.4237314462661743,1.5282344818115234,1.5035814046859741,1.360075831413269,1.2074869871139526,1.0046595335006714,1.1590858697891235,1.0937249660491943,1.4625380039215088,1.5944706201553345,1.6751407384872437,1.3527158498764038,1.362668752670288,1.1382386684417725,1.409533977508545,1.37778639793396,1.615789532661438,1.8316878080368042,1.7767001390457153,1.4452550411224365,1.561940312385559,1.3037934303283691,1.472848653793335,1.4925018548965454,1.6246389150619507,2.012397527694702,2.053675889968872,1.9737707376480103,1.8132286071777344,1.7332689762115479,1.7544543743133545,1.5409283638000488,1.7401496171951294,1.7968225479125977,1.4712902307510376,1.6295483112335205,1.473122477531433,1.644007921218872,1.7967866659164429,1.9282315969467163,2.298340320587158,2.249619245529175,2.203131914138794,1.9877135753631592,1.9757671356201172,1.92208731174469,1.759570837020874,0.8883414268493652,0.7069002389907837,0.7351608872413635,0.5717656016349792,0.9155234694480896,1.0182307958602905,1.3481330871582031,1.619734764099121,1.6785365343093872,1.3454145193099976,1.1390339136123657,0.8018893599510193,0.9308320879936218,0.7660361528396606,1.061985731124878
A9,2.2511212825775146,1.9085350036621094,1.7066653966903687,1.377143144607544,1.1495497226715088,0.8251808881759644,0.6049473881721497,0.39833584427833557,0.0,0.38563355803489685,0.6307058930397034,0.9503227472305298,1.1735745668411255,1.5196596384048462,1.693705439567566,1.8318841457366943,1.6475746631622314,1.5222352743148804,1.2584984302520752,1.39087975025177,1.2379218339920044,1.5673712491989136,1.641101598739624,1.6357789039611816,1.2947443723678589,1.3753048181533813,1.237138032913208,1.5655683279037476,1.5912941694259644,1.8744829893112183,2.1994690895080566,2.1603283882141113,1.8225395679473877,1.923137903213501,1.6534074544906616,1.7748801708221436,1.7800967693328857,1.8468213081359863,2.2424731254577637,2.317413568496704,2.284470319747925,2.152029037475586,2.1010611057281494,2.140885353088379,1.9376513957977295,1.8555877208709717,1.947380781173706,1.6540006399154663,1.866212010383606,1.7155860662460327,1.928765892982483,2.044901132583618,2.197873592376709,2.576183557510376,2.54780650138855,2.4661946296691895,2.244082450866699,2.173738956451416,2.095832109451294,1.87420654296875,0.9317007064819336,0.8979398012161255,0.9985510110855103,0.9372826218605042,1.2849780321121216,1.397990345954895,1.7404342889785767,2.0013046264648438,2.055678367614746,1.709617257118225,1.523966908454895,1.1977307796478271,1.3088573217391968,1.0872138738632202,1.3461552858352661
A10,2.0044472217559814,1.6644757986068726,1.4958831071853638,1.1348581314086914,0.9961428642272949,0.665503203868866,0.6170783638954163,0.591381311416626,0.38563355803489685,0.0,0.3886163532733917,0.6798941493034363,0.9877324104309082,1.2979116439819336,1.5360552072525024,1.8874852657318115,1.6444047689437866,1.4781478643417358,1.1594016551971436,1.2064080238342285,0.9739323854446411,1.2585662603378296,1.2905484437942505,1.2608287334442139,0.9315429329872131,1.0700100660324097,1.0094190835952759,1.3709959983825684,1.482598900794983,1.7634046077728271,2.216266393661499,2.168682336807251,1.8123623132705688,1.8666666746139526,1.602121114730835,1.667618989944458,1.7161979675292969,1.7391016483306885,2.1294357776641846,2.186216115951538,2.205009698867798,2.0804271697998047,2.096425771713257,2.1509828567504883,2.0067265033721924,1.6308023929595947,1.6968286037445068,1.419599175453186,1.6537566184997559,1.502539038658142,1.7571132183074951,1.8449186086654663,2.041196823120117,2.410820722579956,2.3852550983428955,2.257070779800415,2.0297510623931885,1.907205581665039,1.822302222251892,1.5633660554885864,0.9404178857803345,0.9890502691268921,0.9859499931335449,0.989213228225708,1.2844581604003906,1.4149384498596191,1.7818137407302856,2.0258896350860596,2.142050266265869,1.8229353427886963,1.6734709739685059,1.335200309753418,1.4506253004074097,1.2279918193817139,1.4148370027542114
A11,1.7216960191726685,1.360056757926941,1.2377008199691772,0.8884865641593933,0.8027831315994263,0.590782880783081,0.5450624823570251,0.7360565066337585,0.6307058930397034,0.3886163532733917,0.0,0.3792271018028259,0.6264050006866455,0.9538610577583313,1.2036923170089722,2.051034927368164,1.8284244537353516,1.594743013381958,1.302201271057129,1.2544039487838745,0.992056667804718,1.2484354972839355,1.200998306274414,1.239859700202942,0.9990952610969543,1.2099703550338745,1.1824746131896973,1.5284048318862915,1.668885350227356,1.8963881731033325,2.2880358695983887,2.1769165992736816,1.8113386631011963,1.7902098894119263,1.4822438955307007,1.47329843044281,1.4735609292984009,1.4334169626235962,1.8187638521194458,1.916495680809021,1.9773846864700317,1.9108872413635254,1.9597567319869995,2.078620195388794,1.9722201824188232,1.2909568548202515,1.4126462936401367,1.1814535856246948,1.4725500345230103,1.4073045253753662,1.706756591796875,1.8499478101730347,2.0968008041381836,2.437894344329834,2.355170488357544,2.188016414642334,1.9119170904159546,1.7750550508499146,1.6211005449295044,1.368436574935913,0.6493792533874512,0.8032824397087097,0.7972019910812378,0.9441118240356445,1.2249754667282104,1.4441657066345215,1.784999966621399,2.0650887489318848,2.232264280319214,1.9502370357513428,1.7548660039901733,1.3877850770950317,1.409303903579712,1.1291054487228394,1.2184566259384155
A12,1.3478714227676392,0.9933288097381592,0.8767451643943787,0.5204931497573853,0.5426111221313477,0.48031121492385864,0.6281559467315674,0.9268796443939209,0.9503227472305298,0.6798941493034363,0.3792271018028259,0.0,0.38375088572502136,0.6253098249435425,0.9040910601615906,2.007127285003662,1.7792764902114868,1.4924043416976929,1.2203861474990845,1.0701159238815308,0.7947574257850647,1.005199670791626,0.924574077129364,1.0620454549789429,0.9109681844711304,1.1210682392120361,1.1104984283447266,1.4140604734420776,1.5897377729415894,1.7597060203552246,2.156242609024048,2.0120201110839844,1.6465466022491455,1.5620607137680054,1.2607327699661255,1.187156319618225,1.2243068218231201,1.1575731039047241,1.5270360708236694,1.5954623222351074,1.6922804117202759,1.6392722129821777,1.7465945482254028,1.8880826234817505,1.845253586769104,0.9531638622283936,1.0382952690124512,0.8123579025268555,1.1226588487625122,1.1005462408065796,1.4297192096710205,1.5931754112243652,1.8792918920516968,2.1894166469573975,2.0747852325439453,1.8748652935028076,1.578000545501709,1.4264198541641235,1.2481579780578613,1.0059462785720825,0.7297399044036865,0.8614512085914612,0.7087414860725403,0.9135751724243164,1.0926815271377563,1.3395917415618896,1.6602416038513184,1.9302067756652832,2.157461404800415,1.9259281158447266,1.7467104196548462,1.3896814584732056,1.3888646364212036,1.1449908018112183,1.1448938846588135
A13,1.1943950653076172,0.8204187154769897,0.7543748021125793,0.524707555770874,0.5622780919075012,0.6967718005180359,0.7442814111709595,1.10586416721344,1.1735745668411255,0.9877324104309082,0.6264050006866455,0.38375088572502136,0.0,0.37121012806892395,0.5910952091217041,2.176389217376709,1.9976880550384521,1.681097149848938,1.4697277545928955,1.2989857196807861,1.0796451568603516,1.2705278396606445,1.1610159873962402,1.3595690727233887,1.2696616649627686,1.476423978805542,1.4456679821014404,1.713289737701416,1.8626914024353027,1.9850821495056152,2.2480058670043945,2.044142484664917,1.6924982070922852,1.5470913648605347,1.206639289855957,1.0634994506835938,0.9980045557022095,0.8556206822395325,1.2217046022415161,1.360410213470459,1.4835216999053955,1.5078833103179932,1.6204105615615845,1.8303693532943726,1.8084756135940552,0.7024300694465637,0.9022391438484192,0.7574030756950378,1.1007150411605835,1.1959173679351807,1.5217984914779663,1.753563404083252,2.052375555038452,2.328221559524536,2.1538774967193604,1.946766972541809,1.6095558404922485,1.489372730255127,1.241462230682373,1.070400595664978,0.5722712278366089,0.7568733096122742,0.6333578824996948,0.9576047658920288,1.1095824241638184,1.4253528118133545,1.6869038343429565,1.9916276931762695,2.238193988800049,2.0408377647399902,1.8110986948013306,1.451724648475647,1.3484832048416138,1.068536639213562,0.9530935287475586
A14,0.8400039076805115,0.4621182680130005,0.5137973427772522,0.4360465407371521,0.6643617749214172,0.9143319725990295,1.0564346313476562,1.4237314462661743,1.5196596384048462,1.2979116439819336,0.9538610577583313,0.6253098249435425,0.37121012806892395,0.0,0.37325236201286316,2.2989654541015625,2.1178956031799316,1.7739382982254028,1.5899938344955444,1.3430229425430298,1.1373320817947388,1.2355468273162842,1.0772709846496582,1.3410038948059082,1.3516722917556763,1.5545337200164795,1.5569229125976562,1.7751188278198242,1.954574465751648,2.022676944732666,2.287949323654175,2.0562596321105957,1.7239197492599487,1.5085186958312988,1.2005622386932373,0.9588415622711182,0.9232206344604492,0.6964738368988037,0.9976814985275269,1.1168102025985718,1.3182121515274048,1.388537049293518,1.5781160593032837,1.8158619403839111,1.8678852319717407,0.33874738216400146,0.560058057308197,0.539591372013092,0.9022046327590942,1.0924557447433472,1.429013729095459,1.6699817180633545,2.001089096069336,2.2273612022399902,2.018481492996216,1.7691038846969604,1.4119733572006226,1.2683206796646118,0.9648489952087402,0.8370036482810974,0.9125118851661682,1.0628126859664917,0.8668772578239441,1.1807305812835693,1.2254278659820557,1.5380501747131348,1.7596467733383179,2.038956642150879,2.3345556259155273,2.188599109649658,1.9833799600601196,1.6518250703811646,1.5367369651794434,1.3086116313934326,1.1190325021743774
A15,0.7888534069061279,0.49912744760513306,0.48317572474479675,0.6194695234298706,0.7264524102210999,1.057259202003479,1.1538091897964478,1.5282344818115234,1.693705439567566,1.5360552072525024,1.2036923170089722,0.9040910601615906,0.5910952091217041,0.37325236201286316,0.0,2.2799746990203857,2.1547820568084717,1.7971636056900024,1.6852067708969116,1.4500229358673096,1.328494906425476,1.4532470703125,1.35263991355896,1.6601893901824951,1.6615968942642212,1.8140711784362793,1.7581931352615356,1.9324418306350708,2.061260938644409,2.0809555053710938,2.192187547683716,1.91359281539917,1.612052083015442,1.3545821905136108,1.0398595333099365,0.7555413842201233,0.6208329796791077,0.329252153635025,0.6417028903961182,0.8078269958496094,1.0002995729446411,1.1332985162734985,1.316520094871521,1.6026414632797241,1.6784144639968872,0.3699904680252075,0.5922142267227173,0.6014531254768372,0.8700718283653259,1.131715178489685,1.413104772567749,1.7154138088226318,2.02593994140625,2.220649480819702,1.9633562564849854,1.7454801797866821,1.376809000968933,1.3219887018203735,1.0218361616134644,1.025383472442627,0.9800626635551453,1.0496740341186523,0.8453925848007202,1.165332555770874,1.1461342573165894,1.4827775955200195,1.6312880516052246,1.924733281135559,2.2298057079315186,2.1274333000183105,1.8961139917373657,1.592090368270874,1.4101356267929077,1.2150557041168213,0.9410190582275391
B1,2.4884769916534424,2.3723647594451904,2.008817195892334,1.917696237564087,1.6452988386154175,1.5338958501815796,1.628892421722412,1.5035814046859741,1.8318841457366943,1.8874852657318115,2.051034927368164,2.007127285003662,2.176389217376709,2.2989654541015625,2.2799746990203857,0.0,0.37957677245140076,0.5852693319320679,0.8907207250595093,1.1661931276321411,1.4850683212280273,1.7301959991455078,2.0752663612365723,2.249448299407959,2.0140650272369385,1.7314984798431396,1.367296814918518,1.2071539163589478,0.8550264239311218,0.8036842942237854,0.6016469597816467,0.8729273676872253,0.8353536128997803,1.2002298831939697,1.343802809715271,1.6809029579162598,1.9090421199798584,2.227597951889038,2.480422258377075,2.292532205581665,2.056239604949951,1.7031935453414917,1.5595647096633911,1.2652839422225952,1.0999536514282227,2.4835567474365234,2.3193604946136475,1.963465929031372,1.803039312362671,1.5129483938217163,1.3214695453643799,1.3450216054916382,1.1511198282241821,1.4374284744262695,1.5210992097854614,1.7368038892745972,1.7702105045318604,1.96586012840271,2.157926559448242,2.181419610977173,2.1933255195617676,1.8894902467727661,1.6797780990600586,1.3350917100906372,1.1757014989852905,0.8145195245742798,0.8392122387886047,0.6707099080085754,0.5341654419898987,0.4090396463871002,0.7717591524124146,0.9814770221710205,1.3135936260223389,1.6008520126342773,1.8284809589385986
B2,2.324746608734131,2.1946237087249756,1.8476300239562988,1.7125800848007202,1.4788997173309326,1.3269922733306885,1.4791712760925293,1.360075831413269,1.6475746631622314,1.6444047689437866,1.8284244537353516,1.7792764902114868,1.9976880550384521,2.1178956031799316,2.1547820568084717,0.37957677245140076,0.0,0.36988595128059387,0.5825948715209961,0.8805919885635376,1.1828657388687134,1.4098169803619385,1.7634469270706177,1.906561017036438,1.6695950031280518,1.368186593055725,1.0100111961364746,0.8390201330184937,0.4808589220046997,0.524196445941925,0.8275619149208069,1.049093246459961,0.9045723080635071,1.2171870470046997,1.3213496208190918,1.617801547050476,1.8769099712371826,2.154578924179077,2.4311938285827637,2.246624708175659,2.0662524700164795,1.722752332687378,1.649368166923523,1.4034215211868286,1.2806291580200195,2.3157260417938232,2.1379172801971436,1.7770614624023438,1.6402117013931274,1.3085405826568604,1.1611418724060059,1.1215717792510986,0.9651638269424438,1.3129174709320068,1.4341057538986206,1.5883851051330566,1.6161887645721436,1.7510610818862915,1.9517642259597778,1.9309004545211792,2.0706536769866943,1.8116264343261719,1.5796347856521606,1.2562041282653809,1.130332589149475,0.7983059287071228,0.9656928777694702,0.8603295087814331,0.8655282855033875,0.6822435259819031,0.9529247283935547,1.0271191596984863,1.3791208267211914,1.5964765548706055,1.8212957382202148
B3,1.9620023965835571,1.8336198329925537,1.4824411869049072,1.3688634634017944,1.1422029733657837,1.0449305772781372,1.2392162084579468,1.2074869871139526,1.5222352743148804,1.4781478643417358,1.594743013381958,1.4924043416976929,1.681097149848938,1.7739382982254028,1.7971636056900024,0.5852693319320679,0.36988595128059387,0.0,0.3715757429599762,0.5830621719360352,0.9129931926727295,1.1574561595916748,1.495095133781433,1.6931703090667725,1.485864520072937,1.2276065349578857,0.874439001083374,0.7460966110229492,0.5042681694030762,0.495698481798172,0.8002732396125793,0.8879299163818359,0.6439530253410339,0.9001768231391907,0.976775586605072,1.2550241947174072,1.5267740488052368,1.7956974506378174,2.06892728805542,1.8849477767944336,1.7227085828781128,1.3900378942489624,1.3537485599517822,1.155968189239502,1.0771487951278687,1.9571882486343384,1.7769850492477417,1.4172732830047607,1.2781716585159302,0.9604282379150391,0.8376905918121338,0.8776683211326599,0.82402104139328,1.1870002746582031,1.2247364521026611,1.3275905847549438,1.297666311264038,1.4345813989639282,1.6084682941436768,1.6033421754837036,1.8039462566375732,1.5563186407089233,1.2820265293121338,0.993240237236023,0.8162474632263184,0.5162270665168762,0.7437347769737244,0.7259327173233032,0.8833476305007935,0.7265318036079407,0.8786380887031555,0.8605503439903259,1.164137363433838,1.3583015203475952,1.5337015390396118
B4,1.8725509643554688,1.6973011493682861,1.3752633333206177,1.1792778968811035,0.9832042455673218,0.8018888235092163,1.037388801574707,1.0046595335006714,1.2584984302520752,1.1594016551971436,1.302201271057129,1.2203861474990845,1.4697277545928955,1.5899938344955444,1.6852067708969116,0.8907207250595093,0.5825948715209961,0.3715757429599762,0.0,0.375278502702713,0.6129343509674072,0.8956705927848816,1.2220566272735596,1.372675895690918,1.131852626800537,0.8859422206878662,0.5238441824913025,0.5198149681091309,0.4264785647392273,0.6226559281349182,1.1710118055343628,1.224596381187439,0.926557183265686,1.0990264415740967,1.071280837059021,1.2851094007492065,1.5422511100769043,1.750306248664856,2.061917304992676,1.917492151260376,1.8189209699630737,1.52875554561615,1.53858482837677,1.414231538772583,1.3332300186157227,1.808876395225525,1.6497315168380737,1.2845559120178223,1.2272496223449707,0.8920153379440308,0.9038556814193726,0.9084969162940979,0.962184488773346,1.3523058891296387,1.3988583087921143,1.4077037572860718,1.3296639919281006,1.3677470684051514,1.505258321762085,1.41904878616333,1.6174262762069702,1.4262553453445435,1.1627235412597656,0.9143100380897522,0.8498600125312805,0.6749757528305054,1.0073609352111816,1.072918176651001,1.2283848524093628,1.0050641298294067,1.0792152881622314,0.9390878081321716,1.232987403869629,1.325774073600769,1.5105957984924316
B5,1.531182885169983,1.382751226425171,1.078174114227295,0.910156786441803,0.8130208253860474,0.7372612953186035,1.0689382553100586,1.1590858697891235,1.39087975025177,1.2064080238342285,1.2544039487838745,1.0701159238815308,1.2989857196807861,1.3430229425430298,1.4500229358673096,1.1661931276321411,0.8805919885635376,0.5830621719360352,0.375278502702713,0.0,0.36289703845977783,0.5866637229919434,0.9126114845275879,1.137129306793213,0.9833759665489197,0.7806791663169861,0.5222513675689697,0.5165024399757385,0.6280303597450256,0.7005290389060974,1.2887755632400513,1.2659400701522827,0.950295627117157,0.9927288293838501,0.9547691345214844,1.0748788118362427,1.372084379196167,1.5366902351379395,1.8248591423034668,1.6603275537490845,1.6173571348190308,1.3536813259124756,1.4513205289840698,1.3838403224945068,1.3910211324691772,1.5234525203704834,1.3214378356933594,0.9713876247406006,0.8964290022850037,0.5449219942092896,0.6330391764640808,0.6553345918655396,0.8453638553619385,1.2055562734603882,1.1994584798812866,1.1232941150665283,1.004543662071228,1.0005934238433838,1.1376549005508423,1.0593317747116089,1.5731627941131592,1.4336802959442139,1.1149052381515503,0.9707795977592468,0.8493865728378296,0.7829542756080627,1.0875006914138794,1.169609785079956,1.4217722415924072,1.2667573690414429,1.3028149604797363,1.124672532081604,1.3345122337341309,1.3861647844314575,1.4823741912841797
B6,1.4351274967193604,1.2309495210647583,0.9886147975921631,0.7245514988899231,0.7177475094795227,0.5948501825332642,0.9608687162399292,1.0937249660491943,1.2379218339920044,0.9739323854446411,0.992056667804718,0.7947574257850647,1.0796451568603516,1.1373320817947388,1.328494906425476,1.4850683212280273,1.1828657388687134,0.9129931926727295,0.6129343509674072,0.36289703845977783,0.0,0.37951603531837463,0.6275961995124817,0.8215204477310181,0.6553876399993896,0.5626945495605469,0.44689854979515076,0.6458356380462646,0.8757184743881226,1.0237147808074951,1.6426169872283936,1.5949229001998901,1.2576828002929688,1.2481586933135986,1.1215488910675049,1.157206654548645,1.4070674180984497,1.4889967441558838,1.8029658794403076,1.6931147575378418,1.7198063135147095,1.5193976163864136,1.6482830047607422,1.6474506855010986,1.6481009721755981,1.349695086479187,1.1862040758132935,0.858040452003479,0.914448618888855,0.6371423602104187,0.8758882880210876,0.8970581293106079,1.1506493091583252,1.488617181777954,1.4691351652145386,1.3124672174453735,1.1354382038116455,1.0141611099243164,1.0644952058792114,0.87608802318573,1.406029224395752,1.3496140241622925,1.0574406385421753,1.0062180757522583,0.9910907745361328,1.0310478210449219,1.3662599325180054,1.5015250444412231,1.746755838394165,1.5548421144485474,1.536415457725525,1.2880668640136719,1.4563775062561035,1.4113054275512695,1.488818883895874
B7,1.3593287467956543,1.2206426858901978,1.053518295288086,0.8487168550491333,0.9840339422225952,0.9389209747314453,1.31108558177948,1.4625380039215088,1.5673712491989136,1.2585662603378296,1.2484354972839355,1.005199670791626,1.2705278396606445,1.2355468273162842,1.4532470703125,1.7301959991455078,1.4098169803619385,1.1574561595916748,0.8956705927848816,0.5866637229919434,0.37951603531837463,0.0,0.3710022568702698,0.6016085147857666,0.6152723431587219,0.5296251773834229,0.6135171055793762,0.7036460041999817,1.025895357131958,1.1169476509094238,1.832146167755127,1.7901114225387573,1.48412024974823,1.4265693426132202,1.349846363067627,1.3177696466445923,1.5994216203689575,1.6355865001678467,1.9011099338531494,1.758565902709961,1.8396230936050415,1.6570618152618408,1.8499013185501099,1.8535903692245483,1.913879632949829,1.3818228244781494,1.1522505283355713,0.9027062654495239,0.9223043918609619,0.6677564978599548,0.9054244160652161,0.8268612027168274,1.1273841857910156,1.4091717004776,1.4092676639556885,1.1852017641067505,1.0419344902038574,0.8238003849983215,0.9192994236946106,0.7030795216560364,1.687760829925537,1.6762596368789673,1.37356698513031,1.3644812107086182,1.3068650960922241,1.3387192487716675,1.6361610889434814,1.724828839302063,2.0014524459838867,1.851999282836914,1.869279384613037,1.6444751024246216,1.8015013933181763,1.758790373802185,1.791980504989624
B8,1.214406132698059,1.0553712844848633,1.0009300708770752,0.7879846096038818,1.040075659751892,1.0393353700637817,1.3902840614318848,1.5944706201553345,1.641101598739624,1.2905484437942505,1.200998306274414,0.924574077129364,1.1610159873962402,1.0772709846496582,1.35263991355896,2.0752663612365723,1.7634469270706177,1.495095133781433,1.2220566272735596,0.9126114845275879,0.6275961995124817,0.3710022568702698,0.0,0.3968560993671417,0.5867289900779724,0.714121401309967,0.9058896899223328,1.060982346534729,1.3888829946517944,1.4857877492904663,2.15846848487854,2.076756000518799,1.7591909170150757,1.6470842361450195,1.5180517435073853,1.4053969383239746,1.6385796070098877,1.5888586044311523,1.8412625789642334,1.7445060014724731,1.8967190980911255,1.7826000452041626,2.0096640586853027,2.0737144947052,2.1480305194854736,1.2001506090164185,1.0017145872116089,0.8488954305648804,0.9741460084915161,0.8530199527740479,1.1566112041473389,1.1266536712646484,1.4590692520141602,1.700944185256958,1.6588231325149536,1.3749186992645264,1.1765036582946777,0.873170018196106,0.8418473601341248,0.5178558826446533,1.6441998481750488,1.7117507457733154,1.4350097179412842,1.515030860900879,1.4970035552978516,1.6017085313796997,1.898109793663025,2.0257325172424316,2.317183256149292,2.162511110305786,2.1351242065429688,1.8709783554077148,1.9747358560562134,1.8696750402450562,1.8550090789794922
B9,1.5746604204177856,1.3912464380264282,1.3633345365524292,1.0982239246368408,1.3128509521484375,1.2165812253952026,1.5299007892608643,1.6751407384872437,1.6357789039611816,1.2608287334442139,1.239859700202942,1.0620454549789429,1.3595690727233887,1.3410038948059082,1.6601893901824951,2.249448299407959,1.906561017036438,1.6931703090667725,1.372675895690918,1.137129306793213,0.8215204477310181,0.6016085147857666,0.3968560993671417,0.0,0.38402166962623596,0.6141371726989746,0.9326037764549255,1.138179898262024,1.4907864332199097,1.6549031734466553,2.4156606197357178,2.376058340072632,2.0536446571350098,1.9872955083847046,1.8512065410614014,1.7683637142181396,1.98143470287323,1.9218474626541138,2.1953108310699463,2.126004934310913,2.2771434783935547,2.157773971557617,2.3618528842926025,2.408977508544922,2.4484033584594727,1.4996051788330078,1.3554363250732422,1.2148150205612183,1.3659170866012573,1.213747262954712,1.4936654567718506,1.4070004224777222,1.6979221105575562,1.9597090482711792,1.9750205278396606,1.7090857028961182,1.550172209739685,1.2442728281021118,1.2281804084777832,0.8905888795852661,1.7865667343139648,1.8884124755859375,1.661739706993103,1.7250819206237793,1.7681196928024292,1.850821614265442,2.179025650024414,2.300330877304077,2.554699659347534,2.361100435256958,2.3476600646972656,2.076267719268799,2.21234393119812,2.083350658416748,2.1123571395874023
B10,1.735757827758789,1.4997395277023315,1.3983569145202637,1.0730080604553223,1.1814072132110596,0.9867264628410339,1.2676259279251099,1.3527158498764038,1.2947443723678589,0.9315429329872131,0.9990952610969543,0.9109681844711304,1.2696616649627686,1.3516722917556763,1.6615968942642212,2.0140650272369385,1.6695950031280518,1.485864520072937,1.131852626800537,0.9833759665489197,0.6553876399993896,0.6152723431587219,0.5867289900779724,0.38402166962623596,0.0,0.37987253069877625,0.6670383214950562,0.963525116443634,1.2790614366531372,1.5092573165893555,2.256876230239868,2.242133855819702,1.9070026874542236,1.8991011381149292,1.7440966367721558,1.7263927459716797,1.9234657287597656,1.9086503982543945,2.2284996509552,2.176119089126587,2.2753193378448486,2.1262526512145996,2.274519443511963,2.2982258796691895,2.2826316356658936,1.5800989866256714,1.4770432710647583,1.2557227611541748,1.4169816970825195,1.2112672328948975,1.4768084287643433,1.409279704093933,1.6580822467803955,1.9762029647827148,2.009861469268799,1.800380825996399,1.6405227184295654,1.398095965385437,1.3955965042114258,1.0750154256820679,1.597781777381897,1.6689164638519287,1.4728035926818848,1.487918734550476,1.5823827981948853,1.644538402557373,2.001089334487915,2.136507511138916,2.3468055725097656,2.1115379333496094,2.0925486087799072,1.8163657188415527,1.983149528503418,1.8536748886108398,1.9421623945236206
B11,1.8503848314285278,1.6561899185180664,1.4873340129852295,1.197165608406067,1.2408303022384644,1.0302159786224365,1.3345633745193481,1.362668752670288,1.3753048181533813,1.0700100660324097,1.2099703550338745,1.1210682392120361,1.476423978805542,1.5545337200164795,1.8140711784362793,1.7314984798431396,1.368186593055725,1.2276065349578857,0.8859422206878662,0.7806791663169861,0.5626945495605469,0.5296251773834229,0.714121401309967,0.6141371726989746,0.37987253069877625,0.0,0.3719988465309143,0.6105960011482239,0.9401336908340454,1.179409384727478,1.995227336883545,2.030755043029785,1.722029209136963,1.7642569541931152,1.673960566520691,1.7160404920578003,1.9632786512374878,2.0151805877685547,2.3278422355651855,2.222545623779297,2.2724602222442627,2.067490816116333,2.1963319778442383,2.1600236892700195,2.142465114593506,1.771308183670044,1.6113804578781128,1.3421480655670166,1.410047173500061,1.1229290962219238,1.3086726665496826,1.1758381128311157,1.3671634197235107,1.701318383216858,1.7889316082000732,1.6309871673583984,1.5368361473083496,1.347278356552124,1.4405723810195923,1.1826852560043335,1.7750492095947266,1.7689095735549927,1.5386320352554321,1.4681493043899536,1.5098289251327515,1.4888445138931274,1.835296869277954,1.9151537418365479,2.1077051162719727,1.885515570640564,1.9291479587554932,1.7059144973754883,1.9299476146697998,1.8717701435089111,1.9955384731292725
B12,1.8711800575256348,1.674910545349121,1.4332456588745117,1.1605530977249146,1.0977258682250977,0.862220823764801,1.1518117189407349,1.1382386684417725,1.237138032913208,1.0094190835952759,1.1824746131896973,1.1104984283447266,1.4456679821014404,1.5569229125976562,1.7581931352615356,1.367296814918518,1.0100111961364746,0.874439001083374,0.5238441824913025,0.5222513675689697,0.44689854979515076,0.6135171055793762,0.9058896899223328,0.9326037764549255,0.6670383214950562,0.3719988465309143,0.0,0.37658122181892395,0.6210504770278931,0.8942790031433105,1.6596388816833496,1.7121965885162354,1.407207727432251,1.5022605657577515,1.430496335029602,1.5415717363357544,1.7949472665786743,1.910504698753357,2.233297348022461,2.113832950592041,2.103668212890625,1.8615145683288574,1.9425584077835083,1.8706454038619995,1.8228263854980469,1.7882728576660156,1.6291091442108154,1.3043560981750488,1.3268088102340698,0.9984516501426697,1.1262567043304443,1.0283533334732056,1.1663992404937744,1.5393476486206055,1.6248118877410889,1.5338311195373535,1.448383092880249,1.34776771068573,1.46663236618042,1.2722206115722656,1.6754118204116821,1.5943266153335571,1.3535023927688599,1.208877444267273,1.2308231592178345,1.158166766166687,1.5062285661697388,1.5791268348693848,1.747565746307373,1.51588773727417,1.573625087738037,1.3763458728790283,1.6341159343719482,1.6256437301635742,1.785629153251648
B13,1.9432220458984375,1.8124054670333862,1.5488473176956177,1.3492698669433594,1.2895876169204712,1.1225484609603882,1.4250155687332153,1.409533977508545,1.5655683279037476,1.3709959983825684,1.5284048318862915,1.4140604734420776,1.713289737701416,1.7751188278198242,1.9324418306350708,1.2071539163589478,0.8390201330184937,0.7460966110229492,0.5198149681091309,0.5165024399757385,0.6458356380462646,0.7036460041999817,1.060982346534729,1.138179898262024,0.963525116443634,0.6105960011482239,0.37658122181892395,0.0,0.3715387284755707,0.5771331191062927,1.4542603492736816,1.5551100969314575,1.30449378490448,1.4234622716903687,1.4479528665542603,1.5847249031066895,1.8885397911071777,2.0441832542419434,2.3293142318725586,2.151198387145996,2.1124889850616455,1.8298325538635254,1.9164140224456787,1.788300633430481,1.7759404182434082,1.9626561403274536,1.7439274787902832,1.4233386516571045,1.344792366027832,0.9767393469810486,0.986141562461853,0.7924787402153015,0.8493388891220093,1.2196149826049805,1.3654515743255615,1.3263561725616455,1.3285143375396729,1.2820234298706055,1.4900858402252197,1.3676987886428833,1.9667540788650513,1.8446271419525146,1.5672898292541504,1.3847651481628418,1.3113452196121216,1.1571576595306396,1.4478799104690552,1.4335212707519531,1.6094450950622559,1.438418984413147,1.5770090818405151,1.4587020874023438,1.7414069175720215,1.8069980144500732,1.9566283226013184
