,A1,A2,A3,A4,A5,A6,A7,A8,A9,A10,A11,A12,A13,A14,A15,B1,B2,B3,B4,B5,B6,B7,B8,B9,B10,B11,B12,B13,B14,B15,C1,C2,C3,C4,C5,C6,C7,C8,C9,C10,C11,C12,C13,C14,C15,D1,D2,D3,D4,D5,D6,D7,D8,D9,D10,D11,D12,D13,D14,D15,E1,E2,E3,E4,E5,E6,E7,E8,E9,E10,E11,E12,E13,E14,E15
A1,0.0,0.40493258833885193,0.6237664222717285,0.9511660933494568,1.2671927213668823,1.519801139831543,1.3543835878372192,1.2147135734558105,0.8487703204154968,0.8277338147163391,0.5814808011054993,0.6498427987098694,0.7641320824623108,0.9638532400131226,1.2637044191360474,1.392229437828064,1.2296603918075562,1.537940263748169,1.4730277061462402,1.8476608991622925,2.018789052963257,1.7023060321807861,1.7745928764343262,1.5600329637527466,1.2230833768844604,0.9985320568084717,0.6541101336479187,0.4956592619419098,0.3295614421367645,0.4630776643753052,0.6550920605659485,0.5739816427230835,0.6653615236282349,0.9960912466049194,1.2007650136947632,1.5635333061218262,1.5655790567398071,1.5295919179916382,1.2578383684158325,1.354787826538086,1.2526490688323975,1.2131930589675903,1.3778408765792847,1.4132676124572754,1.7565371990203857,0.5527439713478088,0.8589215278625488,1.1512084007263184,1.4609971046447754,1.7815555334091187,2.0949482917785645,1.9512437582015991,2.0634303092956543,1.8437902927398682,1.7690943479537964,1.629630208015442,1.359618902206421,1.470097541809082,1.2485567331314087,1.5605651140213013,1.5144381523132324,1.3560887575149536,1.695748209953308,1.6710728406906128,2.009856700897217,2.2677485942840576,2.1020915508270264,2.2017457485198975,1.9777642488479614,1.739119291305542,1.5535609722137451,1.2005516290664673,1.174759030342102,0.8270966410636902,1.0401737689971924
A2,0.40493258833885193,0.0,0.38611432909965515,0.6225495934486389,0.9626497626304626,1.2599976062774658,1.1384499073028564,1.1157230138778687,0.82966548204422,0.791511595249176,0.7066455483436584,0.6605418920516968,0.9163387417793274,1.032872200012207,1.3972792625427246,1.155116081237793,0.9944286346435547,1.2559138536453247,1.1782519817352295,1.5521409511566162,1.6996465921401978,1.3714622259140015,1.4081685543060303,1.168691873550415,0.8578813076019287,0.6299363374710083,0.25615251064300537,0.31532397866249084,0.41548413038253784,0.7354336380958557,0.7969404458999634,0.49341461062431335,0.6116045713424683,0.7844985723495483,1.0086488723754883,1.3917064666748047,1.4108965396881104,1.4744385480880737,1.2621461153030396,1.2797859907150269,1.2381575107574463,1.1084932088851929,1.3355753421783447,1.3214244842529297,1.6924208402633667,0.21471568942070007,0.4607073664665222,0.7639315128326416,1.0564621686935425,1.3847603797912598,1.6964367628097534,1.5556575059890747,1.6940521001815796,1.5110113620758057,1.4308432340621948,1.3544687032699585,1.0898826122283936,1.2895536422729492,1.1379411220550537,1.4914488792419434,1.308088779449463,1.0999966859817505,1.402291178703308,1.325194001197815,1.667946219444275,1.8959730863571167,1.7180227041244507,1.8409267663955688,1.6525421142578125,1.3954195976257324,1.2691659927368164,0.9041295647621155,0.9811147451400757,0.7173765301704407,1.0122268199920654
A3,0.6237664222717285,0.38611432909965515,0.0,0.40278375148773193,0.6497645974159241,0.9381858706474304,0.8722122311592102,0.8391847014427185,0.6090013384819031,0.7354360818862915,0.8095033168792725,0.902060866355896,1.2074943780899048,1.3853412866592407,1.742308497428894,1.4365328550338745,1.2207918167114258,1.398515224456787,1.2116024494171143,1.5392299890518188,1.5991185903549194,1.229405164718628,1.2309433221817017,1.0299214124679565,0.6570774912834167,0.49043816328048706,0.3388076722621918,0.44336551427841187,0.7308461666107178,0.9405143857002258,1.0881314277648926,0.7723975777626038,0.6897515654563904,0.768517017364502,0.8323334455490112,1.2341554164886475,1.3586134910583496,1.4677894115447998,1.3362411260604858,1.4143424034118652,1.4652737379074097,1.3769681453704834,1.6552209854125977,1.669867753982544,2.0465571880340576,0.22232134640216827,0.5238370895385742,0.6316965818405151,1.012893557548523,1.257606029510498,1.5850590467453003,1.5260634422302246,1.680112600326538,1.5461984872817993,1.5475717782974243,1.549879789352417,1.3463926315307617,1.6049833297729492,1.5009791851043701,1.8636635541915894,1.6262893676757812,1.3971391916275024,1.6493216753005981,1.4910526275634766,1.8047147989273071,1.9795323610305786,1.7996631860733032,1.9793715476989746,1.8543273210525513,1.562453031539917,1.5015313625335693,1.1333924531936646,1.2303545475006104,0.9803281426429749,1.2034369707107544
A4,0.9511660933494568,0.6225495934486389,0.40278375148773193,0.0,0.39126649498939514,0.6640647649765015,0.6119270920753479,0.7618345618247986,0.7072989344596863,0.7488393783569336,0.9604254364967346,0.9843092560768127,1.351244568824768,1.4980589151382446,1.8690611124038696,1.3287293910980225,1.076314091682434,1.1489051580429077,0.899713933467865,1.186856746673584,1.2079410552978516,0.830927312374115,0.8405812978744507,0.689667820930481,0.31176337599754333,0.421536922454834,0.4390571713447571,0.7596527338027954,1.031954288482666,1.3083347082138062,1.239551067352295,0.8561304211616516,0.7352770566940308,0.5820868015289307,0.6022558212280273,0.9797353148460388,1.123005986213684,1.329254150390625,1.2826101779937744,1.3010200262069702,1.4331333637237549,1.3170487880706787,1.646744966506958,1.6677937507629395,2.044837474822998,0.4148368835449219,0.5054236650466919,0.40782883763313293,0.7342772483825684,0.9525463581085205,1.2330585718154907,1.1745917797088623,1.3077483177185059,1.2012698650360107,1.2600511312484741,1.335195779800415,1.213467001914978,1.5376765727996826,1.5336464643478394,1.9120080471038818,1.6340229511260986,1.3405187129974365,1.5083229541778564,1.2665116786956787,1.530263900756836,1.674085259437561,1.5296815633773804,1.7697333097457886,1.7105098962783813,1.4422600269317627,1.4810216426849365,1.1528348922729492,1.3612738847732544,1.2084296941757202,1.4793682098388672
A5,1.2671927213668823,0.9626497626304626,0.6497645974159241,0.39126649498939514,0.0,0.39598348736763,0.584060549736023,0.793961763381958,0.8751639127731323,1.030498743057251,1.2932089567184448,1.3658673763275146,1.7323493957519531,1.8882907629013062,2.2592456340789795,1.6619521379470825,1.422547459602356,1.4269880056381226,1.1301084756851196,1.3256373405456543,1.2210230827331543,0.8234374523162842,0.7086586952209473,0.6163262724876404,0.30939000844955444,0.5397196412086487,0.7637571692466736,1.009219765663147,1.3462427854537964,1.5767016410827637,1.6198983192443848,1.244919776916504,1.0862027406692505,0.8959174752235413,0.7522257566452026,1.0646789073944092,1.3087835311889648,1.5612925291061401,1.5842119455337524,1.6256014108657837,1.799147129058838,1.690185308456421,2.028318405151367,2.0393664836883545,2.41394305229187,0.7556588053703308,0.7692286968231201,0.48651108145713806,0.7884008288383484,0.8356006145477295,1.1214861869812012,1.1924766302108765,1.3654263019561768,1.356844186782837,1.4686001539230347,1.6235395669937134,1.535618543624878,1.8853771686553955,1.8971359729766846,2.270881175994873,1.927626609802246,1.6503653526306152,1.776242733001709,1.491506814956665,1.7187716960906982,1.7826118469238281,1.624599575996399,1.897143840789795,1.9009820222854614,1.6065576076507568,1.6956430673599243,1.388354778289795,1.5909959077835083,1.463007926940918,1.6778972148895264
A6,1.519801139831543,1.2599976062774658,0.9381858706474304,0.6640647649765015,0.39598348736763,0.0,0.38274410367012024,0.6569554209709167,0.9076054692268372,1.0696090459823608,1.4102915525436401,1.5299090147018433,1.9067318439483643,2.1043548583984375,2.457078456878662,1.8876676559448242,1.5930911302566528,1.5378614664077759,1.1742902994155884,1.2761424779891968,1.0974493026733398,0.7430307269096375,0.7143408060073853,0.8275863528251648,0.6192629337310791,0.9277876615524292,1.0927764177322388,1.3506007194519043,1.656105875968933,1.8723571300506592,1.80364191532135,1.4501407146453857,1.2059835195541382,0.9609768390655518,0.6678747534751892,0.8552635908126831,1.1802964210510254,1.4559491872787476,1.5682189464569092,1.6475051641464233,1.8903319835662842,1.8380961418151855,2.2023277282714844,2.267585277557373,2.636462688446045,1.0452827215194702,1.127095103263855,0.8485687375068665,1.0676374435424805,1.0414557456970215,1.2189083099365234,1.3169026374816895,1.40598464012146,1.398720622062683,1.6057802438735962,1.7736855745315552,1.761427640914917,2.113236665725708,2.166264295578003,2.5468063354492188,2.2519705295562744,1.939773440361023,2.0324182510375977,1.7114746570587158,1.8745994567871094,1.9260001182556152,1.8316650390625,2.148073434829712,2.188755750656128,1.9266988039016724,2.047301769256592,1.7511796951293945,1.9719367027282715,1.8327606916427612,2.054880142211914
A7,1.3543835878372192,1.1384499073028564,0.8722122311592102,0.6119270920753479,0.584060549736023,0.38274410367012024,0.0,0.39357537031173706,0.669049859046936,0.7456457614898682,1.1196935176849365,1.2537376880645752,1.6268047094345093,1.8546690940856934,2.184602737426758,1.7234489917755127,1.379550576210022,1.34673011302948,0.9717426300048828,1.1032562255859375,1.02116060256958,0.7040695548057556,0.8585367798805237,0.976674497127533,0.7101626396179199,0.9999136924743652,1.0246961116790771,1.3055193424224854,1.5366958379745483,1.7628074884414673,1.5342150926589966,1.2124117612838745,0.9159648418426514,0.6643457412719727,0.305065780878067,0.5147920846939087,0.8329161405563354,1.0786526203155518,1.197512149810791,1.305624008178711,1.5676054954528809,1.5669066905975342,1.9370183944702148,2.055246114730835,2.417544364929199,0.9357907176017761,1.1140367984771729,0.9356729388237,1.159646987915039,1.2398743629455566,1.3937028646469116,1.3861039876937866,1.3947829008102417,1.283742070198059,1.5054570436477661,1.601853609085083,1.6109505891799927,1.9309114217758179,1.9910894632339478,2.373145341873169,2.1751668453216553,1.8362929821014404,1.9476509094238281,1.647732138633728,1.8061497211456299,1.9280438423156738,1.8775560855865479,2.1872339248657227,2.189070224761963,1.9633570909500122,2.053704261779785,1.7463065385818481,1.9703203439712524,1.7991693019866943,2.0588343143463135
A8,1.2147135734558105,1.1157230138778687,0.8391847014427185,0.7618345618247986,0.793961763381958,0.6569554209709167,0.39357537031173706,0.0,0.38700130581855774,0.5952469110488892,0.945737361907959,1.1917766332626343,1.5227185487747192,1.814121961593628,2.1148693561553955,1.8789833784103394,1.525187373161316,1.5726579427719116,1.2315926551818848,1.4098342657089233,1.3834973573684692,1.0852949619293213,1.2380638122558594,1.2987877130508423,0.9641990065574646,1.1389185190200806,1.0813944339752197,1.269993782043457,1.460805892944336,1.6147404909133911,1.4335347414016724,1.1864640712738037,0.8340022563934326,0.7585214376449585,0.4411601126194,0.6602727770805359,0.9462335109710693,1.052471399307251,1.119625210762024,1.3339194059371948,1.5603195428848267,1.6271487474441528,1.9732818603515625,2.125462770462036,2.487441062927246,0.939238965511322,1.23490309715271,1.1445317268371582,1.4435466527938843,1.5639950037002563,1.7620140314102173,1.7433685064315796,1.7569268941879272,1.6012898683547974,1.7909421920776367,1.8187919855117798,1.7841285467147827,2.057570219039917,2.0591418743133545,2.435575246810913,2.303637981414795,1.9875141382217407,2.158468008041382,1.9061217308044434,2.1002891063690186,2.261164903640747,2.1954715251922607,2.475924253463745,2.430332899093628,2.19150710105896,2.219789981842041,1.8799784183502197,2.043410539627075,1.804491400718689,2.032230854034424
A9,0.8487703204154968,0.82966548204422,0.6090013384819031,0.7072989344596863,0.8751639127731323,0.9076054692268372,0.669049859046936,0.38700130581855774,0.0,0.3932940363883972,0.6285867094993591,0.9206229448318481,1.217514157295227,1.5236660242080688,1.8189363479614258,1.7256871461868286,1.3998956680297852,1.5405324697494507,1.2710962295532227,1.5363575220108032,1.5909557342529297,1.2736493349075317,1.4089915752410889,1.3692777156829834,0.9907219409942627,1.0333514213562012,0.8711706399917603,0.9842890501022339,1.1216872930526733,1.2468852996826172,1.122536301612854,0.916043221950531,0.585639238357544,0.7006451487541199,0.5861096382141113,0.9043883085250854,1.0717532634735107,1.0925426483154297,1.0227713584899902,1.2492610216140747,1.3868060111999512,1.4522274732589722,1.7612366676330566,1.902637243270874,2.265037775039673,0.6981589198112488,1.071267008781433,1.098751187324524,1.4394611120224,1.6370294094085693,1.887879729270935,1.8252122402191162,1.8692446947097778,1.6758522987365723,1.787854790687561,1.7528855800628662,1.6474554538726807,1.8774466514587402,1.8158283233642578,2.1813173294067383,2.087613582611084,1.8053890466690063,2.0343542098999023,1.8440260887145996,2.0908944606781006,2.2935497760772705,2.1960251331329346,2.4276273250579834,2.3238303661346436,2.078280448913574,2.0414860248565674,1.6838346719741821,1.7959928512573242,1.515087604522705,1.7330669164657593
A10,0.8277338147163391,0.791511595249176,0.7354360818862915,0.7488393783569336,1.030498743057251,1.0696090459823608,0.7456457614898682,0.5952469110488892,0.3932940363883972,0.0,0.3927580714225769,0.6160855293273926,0.9367824196815491,1.2389637231826782,1.524060845375061,1.4462517499923706,1.0908604860305786,1.2450692653656006,1.0156073570251465,1.3022511005401611,1.4466501474380493,1.1880172491073608,1.403334379196167,1.3762261867523193,1.0383483171463013,1.1073858737945557,0.8584399819374084,1.046979546546936,1.0862669944763184,1.2841238975524902,0.8555891513824463,0.6597023010253906,0.2751199007034302,0.43239378929138184,0.5028983950614929,0.7788902521133423,0.8024339079856873,0.7782530784606934,0.6521143913269043,0.8586468696594238,1.0030032396316528,1.0953965187072754,1.4137262105941772,1.5962049961090088,1.9460622072219849,0.700260579586029,1.0541982650756836,1.1382826566696167,1.4050970077514648,1.6577751636505127,1.863925576210022,1.7219046354293823,1.7063288688659668,1.4477627277374268,1.5491752624511719,1.4557147026062012,1.3824058771133423,1.5816398859024048,1.556723713874817,1.9186509847640991,1.9041050672531128,1.5913536548614502,1.806173324584961,1.6346100568771362,1.8585553169250488,2.107767343521118,2.0547940731048584,2.2789766788482666,2.1592466831207275,1.9677053689956665,1.9336743354797363,1.6022040843963623,1.752747654914856,1.50118088722229,1.781213641166687
A11,0.5814808011054993,0.7066455483436584,0.8095033168792725,0.9604254364967346,1.2932089567184448,1.4102915525436401,1.1196935176849365,0.945737361907959,0.6285867094993591,0.3927580714225769,0.0,0.38661569356918335,0.5995661616325378,0.9441257119178772,1.202308177947998,1.3824180364608765,1.0849413871765137,1.3426449298858643,1.2217649221420288,1.5551496744155884,1.758105754852295,1.5056277513504028,1.6983479261398315,1.6025962829589844,1.2640727758407593,1.2187106609344482,0.8796608448028564,0.958334743976593,0.8581859469413757,1.0181803703308105,0.518990695476532,0.4835965633392334,0.28446224331855774,0.6842526197433472,0.8817465305328369,1.1529762744903564,1.09663724899292,0.9799754619598389,0.7011089324951172,0.8917824029922485,0.8771655559539795,0.9861763715744019,1.2251695394515991,1.4084421396255493,1.7430540323257446,0.7272818088531494,1.095483422279358,1.2947542667388916,1.5648775100708008,1.8705334663391113,2.1064584255218506,1.928987741470337,1.9327895641326904,1.6481684446334839,1.667163610458374,1.496254563331604,1.3508399724960327,1.4654933214187622,1.3607431650161743,1.6937710046768188,1.7661060094833374,1.5030183792114258,1.777150273323059,1.6914269924163818,1.9538737535476685,2.2425537109375,2.168468952178955,2.334218978881836,2.1525113582611084,1.9725055694580078,1.8647502660751343,1.5346102714538574,1.620668649673462,1.3331468105316162,1.6019891500473022
A12,0.6498427987098694,0.6605418920516968,0.902060866355896,0.9843092560768127,1.3658673763275146,1.5299090147018433,1.2537376880645752,1.1917766332626343,0.9206229448318481,0.6160855293273926,0.38661569356918335,0.0,0.38737332820892334,0.6246218681335449,0.9373435378074646,1.0159832239151,0.7488327622413635,1.0605967044830322,1.0447959899902344,1.4074428081512451,1.6728706359863281,1.455583930015564,1.6506868600845337,1.5242139101028442,1.2471280097961426,1.1879225969314575,0.8189932703971863,0.9550976753234863,0.7930060029029846,1.0569711923599243,0.2997153103351593,0.1984080672264099,0.3580617606639862,0.6544255018234253,0.9897422790527344,1.2491347789764404,1.1050390005111694,1.0296701192855835,0.7163880467414856,0.7242109775543213,0.6123468279838562,0.6254531741142273,0.8609222173690796,1.0261255502700806,1.3679085969924927,0.7322511672973633,0.9883286952972412,1.2391624450683594,1.4282091856002808,1.7766075134277344,1.9887715578079224,1.7527068853378296,1.74607253074646,1.438431978225708,1.3907122611999512,1.1688657999038696,1.0017129182815552,1.082335114479065,0.993542492389679,1.3319190740585327,1.4364286661148071,1.161648154258728,1.433131217956543,1.3909434080123901,1.6553479433059692,1.9740076065063477,1.911565899848938,2.045534372329712,1.8409407138824463,1.7053004503250122,1.5932049751281738,1.3021904230117798,1.422991394996643,1.1981229782104492,1.5221104621887207
A13,0.7641320824623108,0.9163387417793274,1.2074943780899048,1.351244568824768,1.7323493957519531,1.9067318439483643,1.6268047094345093,1.5227185487747192,1.217514157295227,0.9367824196815491,0.5995661616325378,0.38737332820892334,0.0,0.3931638300418854,0.6032851934432983,1.1450905799865723,0.9711805582046509,1.320393681526184,1.3796638250350952,1.7327969074249268,2.0294551849365234,1.8341132402420044,2.0301032066345215,1.8853201866149902,1.61432683467865,1.5067788362503052,1.120619297027588,1.1570686101913452,0.8709222674369812,1.0511118173599243,0.12046625465154648,0.5133559107780457,0.7129865288734436,1.035438895225525,1.3597981929779053,1.5931191444396973,1.412170171737671,1.2565116882324219,0.8879171013832092,0.8996891379356384,0.6320140957832336,0.7078045606613159,0.7652304768562317,0.9589269757270813,1.2388153076171875,1.0447776317596436,1.283933162689209,1.579962968826294,1.7607280015945435,2.1254920959472656,2.342071771621704,2.0855185985565186,2.073225736618042,1.7488102912902832,1.6567091941833496,1.3709248304367065,1.1765838861465454,1.1258853673934937,0.957168459892273,1.2166545391082764,1.4810556173324585,1.2782272100448608,1.5794001817703247,1.624493956565857,1.8891911506652832,2.234882116317749,2.1744587421417236,2.2569050788879395,2.0045011043548584,1.9018516540527344,1.7285279035568237,1.4687767028808594,1.5198332071304321,1.282507061958313,1.5731803178787231
A14,0.9638532400131226,1.032872200012207,1.3853412866592407,1.4980589151382446,1.8882907629013062,2.1043548583984375,1.8546690940856934,1.814121961593628,1.5236660242080688,1.2389637231826782,0.9441257119178772,0.6246218681335449,0.3931638300418854,0.0,0.3867467939853668,0.9183209538459778,0.8835867643356323,1.258007526397705,1.425626516342163,1.7806764841079712,2.107154130935669,1.9361417293548584,2.1070356369018555,1.9259765148162842,1.714877724647522,1.5786254405975342,1.2070977687835693,1.248439908027649,0.9336717128753662,1.1601706743240356,0.43615207076072693,0.6596481800079346,0.9810640811920166,1.2223814725875854,1.5924710035324097,1.827945590019226,1.6159512996673584,1.508832573890686,1.1593523025512695,1.0425986051559448,0.7075456976890564,0.6174443364143372,0.5135625004768372,0.6097773313522339,0.8721800446510315,1.189433217048645,1.312980055809021,1.6396962404251099,1.7490034103393555,2.1348156929016113,2.3364291191101074,2.0433905124664307,2.0412535667419434,1.7245222330093384,1.550621747970581,1.226792573928833,0.9879856705665588,0.8332927823066711,0.6150245666503906,0.8296997547149658,1.181763768196106,1.0278689861297607,1.3318217992782593,1.4629956483840942,1.7299503087997437,2.0898020267486572,2.025944948196411,2.049612283706665,1.7612046003341675,1.7092058658599854,1.5093024969100952,1.316633939743042,1.366045355796814,1.2096017599105835,1.517683506011963
A15,1.2637044191360474,1.3972792625427246,1.742308497428894,1.8690611124038696,2.2592456340789795,2.457078456878662,2.184602737426758,2.1148693561553955,1.8189363479614258,1.524060845375061,1.202308177947998,0.9373435378074646,0.6032851934432983,0.3867467939853668,0.0,1.2061519622802734,1.198801040649414,1.5502699613571167,1.741290807723999,2.0711510181427,2.4203226566314697,2.2788925170898438,2.473261833190918,2.3064756393432617,2.0947325229644775,1.9617506265640259,1.5858981609344482,1.5979397296905518,1.250715732574463,1.4022011756896973,0.6993381977081299,1.0167760848999023,1.2901995182037354,1.5494694709777832,1.9087049961090088,2.108053684234619,1.8624917268753052,1.6930196285247803,1.3289109468460083,1.227415919303894,0.8488478064537048,0.8605445623397827,0.6167464852333069,0.7677142024040222,0.8701126575469971,1.556784749031067,1.69795560836792,2.0255346298217773,2.130054235458374,2.516037940979004,2.7043747901916504,2.3964061737060547,2.3659780025482178,2.030026912689209,1.856422781944275,1.498317837715149,1.3001071214675903,1.0615959167480469,0.8576785326004028,0.9213737845420837,1.4353138208389282,1.3341509103775024,1.6113606691360474,1.7822940349578857,2.0160164833068848,2.391083240509033,2.352811574935913,2.352653980255127,2.0493528842926025,2.037750720977783,1.820334553718567,1.6634210348129272,1.6784753799438477,1.525156021118164,1.794620156288147
B1,1.392229437828064,1.155116081237793,1.4365328550338745,1.3287293910980225,1.6619521379470825,1.8876676559448242,1.7234489917755127,1.8789833784103394,1.7256871461868286,1.4462517499923706,1.3824180364608765,1.0159832239151,1.1450905799865723,0.9183209538459778,1.2061519622802734,0.0,0.40628382563591003,0.6166344881057739,0.9472458362579346,1.2428996562957764,1.5637861490249634,1.4659029245376587,1.58445405960083,1.4056463241577148,1.3842536211013794,1.344186544418335,1.133700966835022,1.3687453269958496,1.2748723030090332,1.644798994064331,1.1152386665344238,0.9218940734863281,1.2093483209609985,1.1436470746994019,1.514151692390442,1.710213541984558,1.5027598142623901,1.6066608428955078,1.4200736284255981,1.1179842948913574,0.995059609413147,0.6187978982925415,0.7144175171852112,0.5353947281837463,0.8343728184700012,1.2200214862823486,1.0831506252288818,1.2975387573242188,1.1836047172546387,1.547218918800354,1.6481568813323975,1.2927205562591553,1.2869905233383179,1.0310778617858887,0.7266746759414673,0.4388822317123413,0.14235849678516388,0.2504488229751587,0.5253181457519531,0.8105306625366211,0.7493948340415955,0.3877582550048828,0.4706798195838928,0.5885351896286011,0.8308694362640381,1.1922588348388672,1.1611064672470093,1.1917247772216797,0.9640747904777527,1.0113006830215454,0.9920561909675598,0.9397628307342529,1.2140865325927734,1.288885474205017,1.6615359783172607
B2,1.2296603918075562,0.9944286346435547,1.2207918167114258,1.076314091682434,1.422547459602356,1.5930911302566528,1.379550576210022,1.525187373161316,1.3998956680297852,1.0908604860305786,1.0849413871765137,0.7488327622413635,0.9711805582046509,0.8835867643356323,1.198801040649414,0.40628382563591003,0.0,0.3836352229118347,0.6189593076705933,0.955589771270752,1.2910690307617188,1.1833100318908691,1.3736125230789185,1.2601420879364014,1.176279902458191,1.2112312316894531,0.9751331806182861,1.2674638032913208,1.2077512741088867,1.5762187242507935,0.9310693740844727,0.6850101351737976,0.8810601234436035,0.7708335518836975,1.1448687314987183,1.3187373876571655,1.101647973060608,1.2077549695968628,1.045576810836792,0.7545724511146545,0.7268406748771667,0.40683266520500183,0.7093116044998169,0.7421040534973145,1.075397253036499,1.013617753982544,0.9815219640731812,1.1537505388259888,1.1083749532699585,1.4610902070999146,1.5620510578155518,1.2273967266082764,1.1673914194107056,0.8446011543273926,0.691256582736969,0.42129698395729065,0.35908588767051697,0.5760558843612671,0.7710501551628113,1.1110730171203613,1.0950616598129272,0.7102969884872437,0.8089421391487122,0.7265258431434631,0.929672360420227,1.2816954851150513,1.2865103483200073,1.4259028434753418,1.2682545185089111,1.2423220872879028,1.2563295364379883,1.0974913835525513,1.377517819404602,1.3555177450180054,1.7371726036071777
B3,1.537940263748169,1.2559138536453247,1.398515224456787,1.1489051580429077,1.4269880056381226,1.5378614664077759,1.34673011302948,1.5726579427719116,1.5405324697494507,1.2450692653656006,1.3426449298858643,1.0605967044830322,1.320393681526184,1.258007526397705,1.5502699613571167,0.6166344881057739,0.3836352229118347,0.0,0.40259820222854614,0.633581817150116,0.9883472919464111,0.9740071892738342,1.1928633451461792,1.1620688438415527,1.1719415187835693,1.3131279945373535,1.1728204488754272,1.5194844007492065,1.531801700592041,1.9063711166381836,1.2804218530654907,1.0046154260635376,1.0996378660202026,0.8483253121376038,1.1455150842666626,1.2328002452850342,1.0131596326828003,1.2144966125488281,1.1695771217346191,0.8504595756530762,0.9587122797966003,0.7070602774620056,1.0049797296524048,1.04252290725708,1.32096266746521,1.2189521789550781,1.1405956745147705,1.1964378356933594,1.056808352470398,1.3446413278579712,1.3507070541381836,0.9910392165184021,0.8397770524024963,0.48565876483917236,0.40833160281181335,0.27910950779914856,0.5354134440422058,0.8117930293083191,1.0984323024749756,1.404808521270752,1.316025733947754,0.9191766977310181,0.8581085205078125,0.6346017122268677,0.6906351447105408,1.0219405889511108,1.1138063669204712,1.3268988132476807,1.270574688911438,1.2825311422348022,1.4057033061981201,1.2912662029266357,1.624130368232727,1.6448075771331787,2.0233216285705566
B4,1.4730277061462402,1.1782519817352295,1.2116024494171143,0.899713933467865,1.1301084756851196,1.1742902994155884,0.9717426300048828,1.2315926551818848,1.2710962295532227,1.0156073570251465,1.2217649221420288,1.0447959899902344,1.3796638250350952,1.425626516342163,1.741290807723999,0.9472458362579346,0.6189593076705933,0.40259820222854614,0.0,0.3902576267719269,0.6846541166305542,0.6146866083145142,0.9004533886909485,0.9533184766769409,0.9215541481971741,1.1567503213882446,1.0649826526641846,1.4427005052566528,1.5295298099517822,1.8844637870788574,1.320399522781372,0.9939536452293396,0.9493895173072815,0.5913625955581665,0.7935951948165894,0.8586137294769287,0.7118967175483704,1.0006284713745117,1.0436863899230957,0.8260435461997986,1.0563328266143799,0.9090908169746399,1.2702456712722778,1.357047438621521,1.6694259643554688,1.0776197910308838,1.060104250907898,1.0218994617462158,0.9487916231155396,1.1813900470733643,1.1962389945983887,0.914883553981781,0.7613236308097839,0.4375549554824829,0.6224703192710876,0.6762548685073853,0.8418807983398438,1.1587625741958618,1.3765556812286377,1.7214651107788086,1.5850025415420532,1.1873794794082642,1.1744749546051025,0.8737668395042419,0.9414847493171692,1.1738754510879517,1.2405472993850708,1.5269904136657715,1.5191980600357056,1.4473485946655273,1.5885900259017944,1.404213309288025,1.7312177419662476,1.6967381238937378,2.0586724281311035
B5,1.8476608991622925,1.5521409511566162,1.5392299890518188,1.186856746673584,1.3256373405456543,1.2761424779891968,1.1032562255859375,1.4098342657089233,1.5363575220108032,1.3022511005401611,1.5551496744155884,1.4074428081512451,1.7327969074249268,1.7806764841079712,2.0711510181427,1.2428996562957764,0.955589771270752,0.633581817150116,0.3902576267719269,0.0,0.4068525731563568,0.5832476019859314,0.9111753106117249,1.0930204391479492,1.148661732673645,1.4513554573059082,1.420779824256897,1.8056222200393677,1.915325403213501,2.2662456035614014,1.6824564933776855,1.3747690916061401,1.2886710166931152,0.9053052663803101,0.9827398061752319,0.8959230184555054,0.7599674463272095,1.1042702198028564,1.2572016716003418,1.0411795377731323,1.3282221555709839,1.2184165716171265,1.5616397857666016,1.66262686252594,1.9366896152496338,1.431938886642456,1.3990494012832642,1.2865431308746338,1.152341365814209,1.2814817428588867,1.17616605758667,0.9186716079711914,0.6275635361671448,0.35807064175605774,0.7272993922233582,0.875314474105835,1.1434706449508667,1.4453024864196777,1.7139456272125244,2.0353102684020996,1.8942480087280273,1.4987552165985107,1.404915452003479,1.068037748336792,0.9948474168777466,1.150209665298462,1.3083994388580322,1.6389323472976685,1.7089203596115112,1.676836609840393,1.8781507015228271,1.732035517692566,2.078693151473999,2.0687363147735596,2.4261534214019775
B6,2.018789052963257,1.6996465921401978,1.5991185903549194,1.2079410552978516,1.2210230827331543,1.0974493026733398,1.02116060256958,1.3834973573684692,1.5909557342529297,1.4466501474380493,1.758105754852295,1.6728706359863281,2.0294551849365234,2.107154130935669,2.4203226566314697,1.5637861490249634,1.2910690307617188,0.9883472919464111,0.6846541166305542,0.4068525731563568,0.0,0.3987182378768921,0.6834086179733276,0.9848647713661194,1.0976673364639282,1.4626697301864624,1.5288680791854858,1.9133572578430176,2.094904899597168,2.430685043334961,1.964389443397522,1.6221346855163574,1.4856245517730713,1.0780692100524902,1.0163131952285767,0.8997734785079956,0.9284330606460571,1.3169610500335693,1.5226534605026245,1.3786145448684692,1.685211420059204,1.5826209783554077,1.9381064176559448,2.0177855491638184,2.3087282180786133,1.5414830446243286,1.4896517992019653,1.2762893438339233,1.1389378309249878,1.1416072845458984,0.9801610708236694,0.8544692993164062,0.6071680188179016,0.5965501070022583,0.9753885269165039,1.2195278406143188,1.4465844631195068,1.7868084907531738,2.0320122241973877,2.3670763969421387,2.1421494483947754,1.7607505321502686,1.660619854927063,1.2813606262207031,1.2059882879257202,1.23991060256958,1.3697975873947144,1.7434840202331543,1.876143217086792,1.7986031770706177,2.039668560028076,1.8838558197021484,2.2317898273468018,2.2239086627960205,2.5547022819519043
B7,1.7023060321807861,1.3714622259140015,1.229405164718628,0.830927312374115,0.8234374523162842,0.7430307269096375,0.7040695548057556,1.0852949619293213,1.2736493349075317,1.1880172491073608,1.5056277513504028,1.455583930015564,1.8341132402420044,1.9361417293548584,2.2788925170898438,1.4659029245376587,1.1833100318908691,0.9740071892738342,0.6146866083145142,0.5832476019859314,0.3987182378768921,0.0,0.3903573155403137,0.6616450548171997,0.7099540829658508,1.0886001586914062,1.184506893157959,1.5591659545898438,1.7790577411651611,2.0995733737945557,1.7519707679748535,1.3793789148330688,1.230408787727356,0.8340630531311035,0.7420421838760376,0.7713633179664612,0.8969122767448425,1.2738856077194214,1.4228483438491821,1.3323867321014404,1.60772705078125,1.4928067922592163,1.8611027002334595,1.9187586307525635,2.248847246170044,1.1955033540725708,1.1506112813949585,0.9089150428771973,0.8499807119369507,0.8752003312110901,0.8495979309082031,0.7777971625328064,0.7122498154640198,0.6954625248908997,0.9850187301635742,1.2146378755569458,1.3362460136413574,1.7028923034667969,1.8814617395401,2.2410683631896973,1.9706785678863525,1.6038755178451538,1.5756103992462158,1.202675223350525,1.2490655183792114,1.3025602102279663,1.3220763206481934,1.6814377307891846,1.7731168270111084,1.6207025051116943,1.82633376121521,1.6207350492477417,1.9443626403808594,1.9072246551513672,2.218215227127075
B8,1.7745928764343262,1.4081685543060303,1.2309433221817017,0.8405812978744507,0.7086586952209473,0.7143408060073853,0.8585367798805237,1.2380638122558594,1.4089915752410889,1.403334379196167,1.6983479261398315,1.6506868600845337,2.0301032066345215,2.1070356369018555,2.473261833190918,1.58445405960083,1.3736125230789185,1.1928633451461792,0.9004533886909485,0.9111753106117249,0.6834086179733276,0.3903573155403137,0.0,0.3876669704914093,0.5926192402839661,0.9603717923164368,1.1780633926391602,1.5246753692626953,1.8058148622512817,2.117312431335449,1.935189962387085,1.5360339879989624,1.4279335737228394,1.0737117528915405,0.9802747368812561,1.0968469381332397,1.2675647735595703,1.630226731300354,1.7424262762069702,1.655925989151001,1.8881776332855225,1.7252705097198486,2.075371742248535,2.0695245265960693,2.4069161415100098,1.2275068759918213,1.0884476900100708,0.7612984776496887,0.6545203924179077,0.53473961353302,0.5442029237747192,0.6363720297813416,0.7591691613197327,0.897184431552887,1.0952284336090088,1.3864564895629883,1.444108486175537,1.8332629203796387,1.9817783832550049,2.3356521129608154,1.9579150676727295,1.6338971853256226,1.5996642112731934,1.2222307920455933,1.3023895025253296,1.267006516456604,1.2011253833770752,1.5588563680648804,1.6871927976608276,1.4850690364837646,1.7197809219360352,1.5290331840515137,1.8457468748092651,1.845822811126709,2.1204915046691895
B9,1.5600329637527466,1.168691873550415,1.0299214124679565,0.689667820930481,0.6163262724876404,0.8275863528251648,0.976674497127533,1.2987877130508423,1.3692777156829834,1.3762261867523193,1.6025962829589844,1.5242139101028442,1.8853201866149902,1.9259765148162842,2.3064756393432617,1.4056463241577148,1.2601420879364014,1.1620688438415527,0.9533184766769409,1.0930204391479492,0.9848647713661194,0.6616450548171997,0.3876669704914093,0.0,0.39196133613586426,0.6510301828384399,0.9181830286979675,1.2394542694091797,1.5352249145507812,1.850030541419983,1.7827261686325073,1.374718427658081,1.3432226181030273,1.0577188730239868,1.0599113702774048,1.2902333736419678,1.4262582063674927,1.7463457584381104,1.776024341583252,1.6777013540267944,1.8383281230926514,1.6276111602783203,1.9471547603607178,1.8848201036453247,2.2299492359161377,1.0122562646865845,0.7780592441558838,0.44383010268211365,0.3004244863986969,0.28548121452331543,0.5558916330337524,0.605400562286377,0.8733524680137634,0.9832755327224731,1.0407031774520874,1.306743860244751,1.264440894126892,1.652134895324707,1.7495996952056885,2.096252679824829,1.6579132080078125,1.3742085695266724,1.381493091583252,1.045414686203003,1.2245581150054932,1.2103887796401978,1.038872480392456,1.3422183990478516,1.423976182937622,1.1672453880310059,1.375920057296753,1.1759225130081177,1.4810818433761597,1.5047637224197388,1.7669601440429688
B10,1.2230833768844604,0.8578813076019287,0.6570774912834167,0.31176337599754333,0.30939000844955444,0.6192629337310791,0.7101626396179199,0.9641990065574646,0.9907219409942627,1.0383483171463013,1.2640727758407593,1.2471280097961426,1.61432683467865,1.714877724647522,2.0947325229644775,1.3842536211013794,1.176279902458191,1.1719415187835693,0.9215541481971741,1.148661732673645,1.0976673364639282,0.7099540829658508,0.5926192402839661,0.39196133613586426,0.0,0.3973483443260193,0.6216700673103333,0.9408686757087708,1.2489820718765259,1.5379564762115479,1.5046966075897217,1.1047430038452148,1.0241106748580933,0.7967218160629272,0.7808696627616882,1.0954017639160156,1.2587159872055054,1.527561902999878,1.523795247077942,1.4942891597747803,1.6446654796600342,1.483896255493164,1.8137761354446411,1.7939951419830322,2.1625568866729736,0.6716570854187012,0.5636539459228516,0.24742698669433594,0.5021128058433533,0.6484624147415161,0.9416511058807373,0.9404768943786621,1.1314924955368042,1.1168678998947144,1.182185411453247,1.3467967510223389,1.253058910369873,1.6155004501342773,1.6515140533447266,2.0206007957458496,1.6555343866348267,1.3670979738235474,1.472124457359314,1.1841450929641724,1.4223363399505615,1.497933030128479,1.3339651823043823,1.6003351211547852,1.5991878509521484,1.319464921951294,1.42838716506958,1.142134666442871,1.392624020576477,1.3165595531463623,1.5762797594070435
B11,0.9985320568084717,0.6299363374710083,0.49043816328048706,0.421536922454834,0.5397196412086487,0.9277876615524292,0.9999136924743652,1.1389185190200806,1.0333514213562012,1.1073858737945557,1.2187106609344482,1.1879225969314575,1.5067788362503052,1.5786254405975342,1.9617506265640259,1.344186544418335,1.2112312316894531,1.3131279945373535,1.1567503213882446,1.4513554573059082,1.4626697301864624,1.0886001586914062,0.9603717923164368,0.6510301828384399,0.3973483443260193,0.0,0.38915756344795227,0.6076416969299316,0.954035222530365,1.2264240980148315,1.3901891708374023,1.0142316818237305,1.0296550989151,0.9472629427909851,1.023390293121338,1.393082857131958,1.5188010931015015,1.723276972770691,1.6344414949417114,1.6118967533111572,1.6749937534332275,1.4875797033309937,1.7650673389434814,1.6943224668502808,2.0640923976898193,0.5012694001197815,0.2914450466632843,0.21159066259860992,0.5894815325737,0.8216013312339783,1.1859049797058105,1.1632157564163208,1.4049656391143799,1.3686940670013428,1.328711748123169,1.431788682937622,1.228948712348938,1.5492675304412842,1.4970426559448242,1.8496830463409424,1.451188325881958,1.2345585823059082,1.4184073209762573,1.221534013748169,1.5367791652679443,1.6388671398162842,1.407712459564209,1.5886915922164917,1.5134472846984863,1.1867022514343262,1.2022063732147217,0.8728600740432739,1.0522059202194214,0.952476978302002,1.1853231191635132
B12,0.6541101336479187,0.25615251064300537,0.3388076722621918,0.4390571713447571,0.7637571692466736,1.0927764177322388,1.0246961116790771,1.0813944339752197,0.8711706399917603,0.8584399819374084,0.8796608448028564,0.8189932703971863,1.120619297027588,1.2070977687835693,1.5858981609344482,1.133700966835022,0.9751331806182861,1.1728204488754272,1.0649826526641846,1.420779824256897,1.5288680791854858,1.184506893157959,1.1780633926391602,0.9181830286979675,0.6216700673103333,0.38915756344795227,0.0,0.38918715715408325,0.6301372647285461,0.949051558971405,1.0034573078155518,0.640583336353302,0.7142664194107056,0.7485354542732239,0.9383822083473206,1.3239790201187134,1.375685214996338,1.5068696737289429,1.349034309387207,1.3344361782073975,1.3444346189498901,1.1776549816131592,1.4380003213882446,1.3988174200057983,1.7747408151626587,0.18262968957424164,0.23162543773651123,0.5087687969207764,0.8107818365097046,1.129599690437317,1.4487800598144531,1.3306570053100586,1.4985713958740234,1.3594117164611816,1.2910267114639282,1.2832655906677246,1.0421069860458374,1.3074748516082764,1.2122242450714111,1.5753816366195679,1.2971127033233643,1.0641262531280518,1.3191264867782593,1.1871118545532227,1.5246227979660034,1.714746117591858,1.5230387449264526,1.6728214025497437,1.5253814458847046,1.2458407878875732,1.1796433925628662,0.8174511194229126,0.965766191482544,0.7797155380249023,1.077425241470337
B13,0.4956592619419098,0.31532397866249084,0.44336551427841187,0.7596527338027954,1.009219765663147,1.3506007194519043,1.3055193424224854,1.269993782043457,0.9842890501022339,1.046979546546936,0.958334743976593,0.9550976753234863,1.1570686101913452,1.248439908027649,1.5979397296905518,1.3687453269958496,1.2674638032913208,1.5194844007492065,1.4427005052566528,1.8056222200393677,1.9133572578430176,1.5591659545898438,1.5246753692626953,1.2394542694091797,0.9408686757087708,0.6076416969299316,0.38918715715408325,0.0,0.3971654772758484,0.6193594932556152,1.0407862663269043,0.7935099005699158,0.9037666916847229,1.068454384803772,1.2350592613220215,1.6327548027038574,1.6950567960739136,1.769277572631836,1.5631592273712158,1.5949301719665527,1.540653109550476,1.3975523710250854,1.5915298461914062,1.5286670923233032,1.887314796447754,0.411181777715683,0.5109094381332397,0.7984024882316589,1.120509386062622,1.4143075942993164,1.7692166566848755,1.678942322731018,1.8748515844345093,1.7409350872039795,1.640974760055542,1.5984724760055542,1.3030385971069336,1.4973539113998413,1.3024590015411377,1.624874472618103,1.3642481565475464,1.2322683334350586,1.5450658798217773,1.487422227859497,1.850210189819336,2.040863275527954,1.8134089708328247,1.906725287437439,1.7137904167175293,1.4117536544799805,1.2515287399291992,0.8786415457725525,0.8612624406814575,0.556401252746582,0.7679615020751953
