,A1,A2,A3,A4,A5,A6,A7,A8,A9,A10,A11,A12,A13,A14,A15,B1,B2,B3,B4,B5,B6,B7,B8,B9,B10,B11,B12,B13,B14,B15,C1,C2,C3,C4,C5,C6,C7,C8,C9,C10,C11,C12,C13,C14,C15,D1,D2,D3,D4,D5,D6,D7,D8,D9,D10,D11,D12,D13,D14,D15,E1,E2,E3,E4,E5,E6,E7,E8,E9,E10,E11,E12,E13,E14,E15
A1,0.0,0.37729474902153015,0.5886142253875732,0.8632602691650391,1.1671535968780518,1.4138659238815308,1.2336046695709229,1.1495006084442139,0.8111072778701782,0.7493970990180969,0.5096707344055176,0.5478827953338623,0.6517568230628967,0.8491031527519226,1.1468911170959473,1.4044203758239746,1.2241952419281006,1.4774045944213867,1.3180396556854248,1.642277717590332,1.8123706579208374,1.6246230602264404,1.8204255104064941,1.746744155883789,1.4575437307357788,1.4070379734039307,1.0440678596496582,1.171204686164856,0.9997280240058899,1.2197455167770386,1.3044557571411133,0.9688640236854553,1.1246415376663208,1.041740894317627,1.2003850936889648,1.5518605709075928,1.5732873678207397,1.7761967182159424,1.648906946182251,1.5861984491348267,1.5695208311080933,1.3347665071487427,1.5634373426437378,1.4703549146652222,1.8364481925964355,1.4217058420181274,1.1193369626998901,1.3236428499221802,1.1376439332962036,1.3723548650741577,1.6271082162857056,1.5595844984054565,1.8124279975891113,1.7477065324783325,1.5629441738128662,1.5546400547027588,1.245610237121582,1.4614362716674805,1.3262333869934082,1.6684001684188843,0.43678510189056396,0.2716570198535919,0.32728734612464905,0.6681784391403198,0.8965797424316406,1.2004979848861694,1.1112556457519531,1.0990960597991943,0.8219720721244812,0.8635977506637573,0.8028900623321533,0.7948813438415527,1.0346481800079346,1.1621284484863281,1.5141586065292358
A2,0.37729474902153015,0.0,0.37432220578193665,0.5745468139648438,0.8908935785293579,1.1873263120651245,1.055491328239441,1.090516209602356,0.8354107737541199,0.7671624422073364,0.6849191784858704,0.5877639055252075,0.8291010856628418,0.9389128684997559,1.2898396253585815,1.0796711444854736,0.9146519303321838,1.1510779857635498,1.0130940675735474,1.3661495447158813,1.5304791927337646,1.3085215091705322,1.4662721157073975,1.3792462348937988,1.0815895795822144,1.0404516458511353,0.6879003047943115,0.8764292597770691,0.8084458112716675,1.0639135837554932,1.2652734518051147,0.9403522610664368,1.1322040557861328,0.983130156993866,1.2129827737808228,1.5079959630966187,1.4625284671783447,1.6896082162857056,1.5921555757522583,1.4497872591018677,1.4473129510879517,1.1587105989456177,1.397900938987732,1.293515682220459,1.6438415050506592,1.4360514879226685,1.1758321523666382,1.4450150728225708,1.3482071161270142,1.5979057550430298,1.8994418382644653,1.8337091207504272,2.0412697792053223,1.9149037599563599,1.7438172101974487,1.6576802730560303,1.3438704013824463,1.476915955543518,1.271889567375183,1.6019337177276611,0.4616910219192505,0.4943567216396332,0.701548159122467,1.0272891521453857,1.2693166732788086,1.5771886110305786,1.4681683778762817,1.42087984085083,1.09585702419281,1.1005243062973022,0.9061503410339355,0.8720073699951172,0.9739561676979065,1.0385538339614868,1.380605697631836
A3,0.5886142253875732,0.37432220578193665,0.0,0.3780190646648407,0.5918563008308411,0.8837552666664124,0.8149675726890564,0.8351492881774902,0.6170287132263184,0.7040436267852783,0.7799341678619385,0.8213098645210266,1.1149144172668457,1.287981390953064,1.621888518333435,1.2617753744125366,1.1347676515579224,1.2954082489013672,1.110541820526123,1.4425119161605835,1.5114384889602661,1.240787148475647,1.4066234827041626,1.394805669784546,1.0579389333724976,1.0944764614105225,0.8050040006637573,1.0044975280761719,1.022101879119873,1.192579746246338,1.6042362451553345,1.2654081583023071,1.39422607421875,1.1646085977554321,1.3252323865890503,1.5760400295257568,1.5730794668197632,1.862215518951416,1.8319339752197266,1.692541241645813,1.7469643354415894,1.4629343748092651,1.7212958335876465,1.6160330772399902,1.9475229978561401,1.7879579067230225,1.5105010271072388,1.7464580535888672,1.624755859375,1.8219857215881348,2.1220457553863525,2.101372480392456,2.341268539428711,2.2391366958618164,2.0858407020568848,2.0209012031555176,1.712789535522461,1.8507055044174194,1.6351784467697144,1.9540185928344727,0.6390941143035889,0.7867791652679443,0.8653043508529663,1.2385307550430298,1.4269721508026123,1.697957992553711,1.5978931188583374,1.4663478136062622,1.107881784439087,1.204160213470459,1.0061687231063843,1.1010446548461914,1.1660754680633545,1.2948962450027466,1.593704342842102
A4,0.8632602691650391,0.5745468139648438,0.3780190646648407,0.0,0.3772469460964203,0.6339693665504456,0.5561533570289612,0.7454503774642944,0.7001102566719055,0.6955430507659912,0.8965571522712708,0.8649823665618896,1.224328875541687,1.378243088722229,1.7059626579284668,1.1788538694381714,1.0137773752212524,1.0655850172042847,0.8281455039978027,1.1260133981704712,1.1485955715179443,0.8697072863578796,1.0654497146606445,1.1141440868377686,0.8120632171630859,0.9697482585906982,0.7703312635421753,1.0726006031036377,1.1906336545944214,1.4018834829330444,1.581648349761963,1.2570092678070068,1.3387547731399536,1.043023705482483,1.209898829460144,1.3800278902053833,1.3417327404022217,1.6603937149047852,1.6902531385421753,1.5222465991973877,1.6374932527542114,1.371718406677246,1.666392207145691,1.6182079315185547,1.9300813674926758,1.9496891498565674,1.7235229015350342,2.007582426071167,1.9195982217788696,2.1510376930236816,2.4523842334747314,2.3988068103790283,2.6148674488067627,2.484163761138916,2.3034377098083496,2.1911895275115967,1.8629860877990723,1.9358261823654175,1.661756992340088,1.9359005689620972,0.9635516405105591,1.0556919574737549,1.1647484302520752,1.5253604650497437,1.6894099712371826,1.9959684610366821,1.9327248334884644,1.8261239528656006,1.477481722831726,1.5719656944274902,1.3597333431243896,1.4036163091659546,1.424708604812622,1.4737637042999268,1.7674009799957275
A5,1.1671535968780518,0.8908935785293579,0.5918563008308411,0.3772469460964203,0.0,0.39195042848587036,0.5594826936721802,0.785750687122345,0.8444986343383789,0.964043915271759,1.2168318033218384,1.2354636192321777,1.5919438600540161,1.7500284910202026,2.0815200805664062,1.3507838249206543,1.2620501518249512,1.2648544311523438,1.0584222078323364,1.3153525590896606,1.2410908937454224,0.9087192416191101,1.040084958076477,1.1516460180282593,0.8354060053825378,1.0392394065856934,0.9392228722572327,1.1967394351959229,1.37839674949646,1.5154118537902832,1.9440016746520996,1.6292808055877686,1.7063186168670654,1.3923271894454956,1.525527834892273,1.6452970504760742,1.6178927421569824,1.9598524570465088,2.0272974967956543,1.843260407447815,1.9718976020812988,1.6947462558746338,1.9713163375854492,1.8975881338119507,2.1793782711029053,2.2490968704223633,2.0138099193573,2.278198719024658,2.195422410964966,2.3898515701293945,2.70397686958313,2.688260316848755,2.9141340255737305,2.7853477001190186,2.6316795349121094,2.5227627754211426,2.2084834575653076,2.280268669128418,2.00661301612854,2.277289628982544,1.192032814025879,1.3625104427337646,1.4462218284606934,1.8215605020523071,1.9783079624176025,2.2503862380981445,2.1705410480499268,2.0049965381622314,1.6393489837646484,1.758531093597412,1.522908329963684,1.629933476448059,1.5999829769134521,1.6818543672561646,1.925597071647644
A6,1.4138659238815308,1.1873263120651245,0.8837552666664124,0.6339693665504456,0.39195042848587036,0.0,0.37209370732307434,0.636658787727356,0.8675360679626465,0.9954671859741211,1.3310550451278687,1.399131417274475,1.768858790397644,1.9712281227111816,2.270202875137329,1.6731246709823608,1.5429205894470215,1.4742348194122314,1.204429268836975,1.3662803173065186,1.1908832788467407,0.9084162712097168,1.1109392642974854,1.3317375183105469,1.0889068841934204,1.3653045892715454,1.296526312828064,1.579115867614746,1.7586021423339844,1.9052317142486572,2.1479344367980957,1.825260877609253,1.8250471353530884,1.470920443534851,1.5207499265670776,1.5682281255722046,1.5918248891830444,1.9669113159179688,2.1019883155822754,1.9560736417770386,2.148010015487671,1.9201453924179077,2.231060743331909,2.2067863941192627,2.491036891937256,2.581430435180664,2.348743200302124,2.6157350540161133,2.505300998687744,2.701902389526367,2.9923017024993896,2.9668500423431396,3.211092948913574,3.101485252380371,2.9219179153442383,2.82243013381958,2.489596366882324,2.558048963546753,2.267843723297119,2.5142953395843506,1.5188616514205933,1.641935110092163,1.6676826477050781,2.0408217906951904,2.1370480060577393,2.4093220233917236,2.3805668354034424,2.213823080062866,1.870072603225708,2.0444064140319824,1.8518024682998657,1.9738962650299072,1.9759644269943237,2.05814528465271,2.313297748565674
A7,1.2336046695709229,1.055491328239441,0.8149675726890564,0.5561533570289612,0.5594826936721802,0.37209370732307434,0.0,0.39257800579071045,0.6508780717849731,0.6785762310028076,1.0421624183654785,1.1213581562042236,1.4888395071029663,1.7205641269683838,1.9877732992172241,1.6669673919677734,1.4620165824890137,1.4031533002853394,1.0738439559936523,1.2173389196395874,1.0841031074523926,0.8799816966056824,1.1828488111495972,1.3871726989746094,1.1695072650909424,1.4358060359954834,1.3035670518875122,1.6197744607925415,1.7450840473175049,1.945717453956604,1.9035309553146362,1.5697118043899536,1.5180331468582153,1.1555161476135254,1.1626191139221191,1.2192331552505493,1.2824562788009644,1.6627341508865356,1.8027161359786987,1.7048903703689575,1.9203187227249146,1.7362141609191895,2.0766513347625732,2.097184419631958,2.407697916030884,2.446586847305298,2.2205259799957275,2.496185779571533,2.3623781204223633,2.5854275226593018,2.8481945991516113,2.7875797748565674,3.035166025161743,2.939926862716675,2.7259461879730225,2.6363415718078613,2.2866172790527344,2.3605282306671143,2.0702853202819824,2.3062033653259277,1.4382520914077759,1.4757373332977295,1.4750720262527466,1.828853964805603,1.89005446434021,2.1884820461273193,2.2042033672332764,2.0871269702911377,1.7718404531478882,1.9576966762542725,1.8110007047653198,1.8975236415863037,1.9593724012374878,2.0244534015655518,2.3230929374694824
A8,1.1495006084442139,1.090516209602356,0.8351492881774902,0.7454503774642944,0.785750687122345,0.636658787727356,0.39257800579071045,0.0,0.3814879059791565,0.541374146938324,0.90034419298172,1.1088144779205322,1.4303058385849,1.725928783416748,1.9630931615829468,1.912920355796814,1.6995775699615479,1.7028899192810059,1.371630311012268,1.534412145614624,1.4370486736297607,1.2606093883514404,1.5668413639068604,1.7427456378936768,1.4934884309768677,1.7073848247528076,1.5100938081741333,1.7891364097595215,1.845449686050415,2.0254836082458496,2.0010342597961426,1.6415287256240845,1.5663058757781982,1.233919382095337,1.162663221359253,1.2825723886489868,1.4356600046157837,1.8046000003814697,1.920854926109314,1.8859562873840332,2.0865609645843506,1.9180253744125366,2.2592530250549316,2.2682406902313232,2.6057674884796143,2.496476173400879,2.233859062194824,2.4668569564819336,2.2779057025909424,2.4704346656799316,2.6972694396972656,2.6532678604125977,2.937713861465454,2.891068458557129,2.676281690597534,2.6415483951568604,2.2947440147399902,2.424962043762207,2.1740195751190186,2.433990240097046,1.4049606323242188,1.4169734716415405,1.3179748058319092,1.659705638885498,1.661874771118164,1.925123929977417,1.9733901023864746,1.8430252075195312,1.5627961158752441,1.809018850326538,1.7331576347351074,1.8656675815582275,1.9899213314056396,2.1109044551849365,2.4238083362579346
A9,0.8111072778701782,0.8354107737541199,0.6170287132263184,0.7001102566719055,0.8444986343383789,0.8675360679626465,0.6508780717849731,0.3814879059791565,0.0,0.3802584409713745,0.6204754114151001,0.8881121277809143,1.1667653322219849,1.4748458862304688,1.7187490463256836,1.805008888244629,1.59933602809906,1.6870135068893433,1.3914564847946167,1.6220929622650146,1.6130293607711792,1.4199347496032715,1.700201153755188,1.798704981803894,1.511769413948059,1.6451354026794434,1.3807789087295532,1.616038203239441,1.6041618585586548,1.7775219678878784,1.828296184539795,1.4577847719192505,1.4314227104187012,1.157556176185608,1.1292036771774292,1.3578671216964722,1.4982026815414429,1.8275948762893677,1.8683866262435913,1.8404418230056763,1.9817851781845093,1.7929356098175049,2.1103718280792236,2.0854029655456543,2.4393043518066406,2.2090775966644287,1.9225741624832153,2.1275575160980225,1.9178000688552856,2.0983645915985107,2.318605661392212,2.283897638320923,2.578160047531128,2.5478663444519043,2.345679998397827,2.3397481441497803,2.0057880878448486,2.176865816116333,1.965703010559082,2.2573158740997314,1.0848268270492554,1.0825636386871338,0.9479390978813171,1.2936809062957764,1.313115119934082,1.5700877904891968,1.5970302820205688,1.47132408618927,1.1925625801086426,1.4388736486434937,1.3934861421585083,1.53299081325531,1.6977643966674805,1.8486645221710205,2.1707050800323486
A10,0.7493970990180969,0.7671624422073364,0.7040436267852783,0.6955430507659912,0.964043915271759,0.9954671859741211,0.6785762310028076,0.541374146938324,0.3802584409713745,0.0,0.38399606943130493,0.5902247428894043,0.8934714794158936,1.2034753561019897,1.423672080039978,1.6809130907058716,1.4144445657730103,1.4861674308776855,1.1678801774978638,1.36904776096344,1.4113962650299072,1.285390019416809,1.601489543914795,1.6844956874847412,1.4491586685180664,1.5899358987808228,1.3196879625320435,1.5969794988632202,1.575056791305542,1.816715121269226,1.511459469795227,1.1449443101882935,1.0698989629745483,0.788413941860199,0.7547197341918945,1.0114775896072388,1.1459025144577026,1.4583007097244263,1.4946688413619995,1.4922529458999634,1.6530941724777222,1.5091253519058228,1.8483831882476807,1.8799214363098145,2.238574266433716,2.0493416786193848,1.8041629791259766,2.0490269660949707,1.8582265377044678,2.095566511154175,2.305513858795166,2.2105228900909424,2.475188970565796,2.424609422683716,2.1808128356933594,2.146311044692993,1.7919042110443115,1.9301464557647705,1.6983442306518555,1.9606019258499146,1.111706256866455,1.0002931356430054,0.9173319935798645,1.223682165145874,1.2408133745193481,1.566373586654663,1.6288925409317017,1.5934925079345703,1.3422839641571045,1.5317437648773193,1.4874627590179443,1.532891869544983,1.714098572731018,1.795253872871399,2.145944118499756
A11,0.5096707344055176,0.6849191784858704,0.7799341678619385,0.8965571522712708,1.2168318033218384,1.3310550451278687,1.0421624183654785,0.90034419298172,0.6204754114151001,0.38399606943130493,0.0,0.37948188185691833,0.5606679916381836,0.9061291217803955,1.1081880331039429,1.6632143259048462,1.3946577310562134,1.547386646270752,1.2832103967666626,1.5190144777297974,1.647212028503418,1.5342602729797363,1.8210437297821045,1.8321024179458618,1.5927664041519165,1.6520441770553589,1.3294214010238647,1.5553302764892578,1.447260856628418,1.7008984088897705,1.3073710203170776,0.9421950578689575,0.9099960327148438,0.7583895921707153,0.7751718759536743,1.131085991859436,1.2435293197631836,1.475892186164856,1.4178807735443115,1.4451990127563477,1.534119725227356,1.3985695838928223,1.7049639225006104,1.722772240638733,2.095306158065796,1.7672122716903687,1.5146487951278687,1.7366372346878052,1.5235912799835205,1.7730753421783447,1.9598803520202637,1.8429474830627441,2.107752561569214,2.0739939212799072,1.8216438293457031,1.8169920444488525,1.4700042009353638,1.651137351989746,1.470937728881836,1.753769874572754,0.9391290545463562,0.7215432524681091,0.6069574952125549,0.8637346029281616,0.8935059309005737,1.2486999034881592,1.3120677471160889,1.3436967134475708,1.136225700378418,1.28493332862854,1.2941697835922241,1.293043851852417,1.5350942611694336,1.6170374155044556,1.9825745820999146
A12,0.5478827953338623,0.5877639055252075,0.8213098645210266,0.8649823665618896,1.2354636192321777,1.399131417274475,1.1213581562042236,1.1088144779205322,0.8881121277809143,0.5902247428894043,0.37948188185691833,0.0,0.379864364862442,0.6199078559875488,0.8789575099945068,1.3745633363723755,1.0752211809158325,1.2397446632385254,1.012532114982605,1.259064793586731,1.4618110656738281,1.3745057582855225,1.6340051889419556,1.5939552783966064,1.3969403505325317,1.4312111139297485,1.1184829473495483,1.3634291887283325,1.2668002843856812,1.5760232210159302,0.9505804777145386,0.5796098709106445,0.6130236983299255,0.5005935430526733,0.6917771697044373,1.0452173948287964,1.0477395057678223,1.23283851146698,1.1249326467514038,1.1036726236343384,1.1636089086532593,1.020154356956482,1.3317538499832153,1.3777556419372559,1.746998906135559,1.5150943994522095,1.3175315856933594,1.6013058423995972,1.4601049423217773,1.7653685808181763,1.9816356897354126,1.8226940631866455,2.027045488357544,1.9321866035461426,1.663865327835083,1.5885224342346191,1.2248687744140625,1.3436050415039062,1.1216893196105957,1.3940277099609375,0.9167681932449341,0.661999523639679,0.7421925067901611,0.9545782208442688,1.0770680904388428,1.4598405361175537,1.482302188873291,1.5573419332504272,1.3343801498413086,1.383787751197815,1.3258097171783447,1.2227689027786255,1.4224493503570557,1.416351556777954,1.790416955947876
A13,0.6517568230628967,0.8291010856628418,1.1149144172668457,1.224328875541687,1.5919438600540161,1.768858790397644,1.4888395071029663,1.4303058385849,1.1667653322219849,0.8934714794158936,0.5606679916381836,0.379864364862442,0.0,0.37966418266296387,0.554641604423523,1.5591959953308105,1.2730727195739746,1.4869426488876343,1.31386399269104,1.5444285869598389,1.7887110710144043,1.7291208505630493,1.97367262840271,1.8950941562652588,1.7111918926239014,1.6886249780654907,1.3575412034988403,1.5383448600769043,1.3589086532592773,1.663924217224121,0.8449573516845703,0.534687340259552,0.5917119979858398,0.7021651268005371,0.8500549793243408,1.2313536405563354,1.2458701133728027,1.333261489868164,1.1362968683242798,1.1845383644104004,1.1647121906280518,1.079317331314087,1.3300824165344238,1.3808915615081787,1.7493356466293335,1.3462146520614624,1.1629096269607544,1.4099336862564087,1.2436718940734863,1.5659430027008057,1.7320235967636108,1.5277458429336548,1.7223466634750366,1.6537436246871948,1.355164647102356,1.320924162864685,0.9640257358551025,1.13815176486969,1.0025159120559692,1.2741867303848267,1.0042634010314941,0.6469238996505737,0.6972997784614563,0.7465956807136536,0.8608659505844116,1.2517238855361938,1.2956249713897705,1.4621371030807495,1.319701910018921,1.3235960006713867,1.3412829637527466,1.1828445196151733,1.4462485313415527,1.4326512813568115,1.8079808950424194
A14,0.8491031527519226,0.9389128684997559,1.287981390953064,1.378243088722229,1.7500284910202026,1.9712281227111816,1.7205641269683838,1.725928783416748,1.4748458862304688,1.2034753561019897,0.9061291217803955,0.6199078559875488,0.37966418266296387,0.0,0.3733057677745819,1.3942580223083496,1.1250815391540527,1.3776556253433228,1.2965444326400757,1.5312880277633667,1.8379589319229126,1.7905662059783936,1.9813730716705322,1.837320327758789,1.6920207738876343,1.6106750965118408,1.3002640008926392,1.4413946866989136,1.2434641122817993,1.5734909772872925,0.5446140170097351,0.34978196024894714,0.5995227098464966,0.8269082903862,1.0741078853607178,1.4134299755096436,1.3341883420944214,1.3412084579467773,1.063042163848877,1.0543204545974731,0.9206709265708923,0.8306267261505127,1.0107595920562744,1.0672484636306763,1.4224885702133179,1.0343499183654785,0.9316941499710083,1.2245899438858032,1.1513216495513916,1.515217900276184,1.7009820938110352,1.4602246284484863,1.5726395845413208,1.4353280067443848,1.1285375356674194,1.0127047300338745,0.6435211896896362,0.763358473777771,0.6350753307342529,0.9188653230667114,1.0730477571487427,0.734694242477417,0.9259474277496338,0.9173194766044617,1.113769292831421,1.476580023765564,1.4633535146713257,1.6573011875152588,1.5146369934082031,1.423452377319336,1.3934321403503418,1.1376928091049194,1.3564236164093018,1.2541450262069702,1.6168831586837769
A15,1.1468911170959473,1.2898396253585815,1.621888518333435,1.7059626579284668,2.0815200805664062,2.270202875137329,1.9877732992172241,1.9630931615829468,1.7187490463256836,1.423672080039978,1.1081880331039429,0.8789575099945068,0.554641604423523,0.3733057677745819,0.0,1.7300537824630737,1.4499207735061646,1.6703182458877563,1.5785739421844482,1.7560341358184814,2.0676848888397217,2.070240020751953,2.28381609916687,2.1526339054107666,2.0359134674072266,1.9679100513458252,1.6685755252838135,1.807159423828125,1.595259428024292,1.9151027202606201,0.614355206489563,0.576831579208374,0.6528363227844238,0.9804322719573975,1.1447862386703491,1.4699205160140991,1.421555757522583,1.3488911390304565,1.0331865549087524,1.1374773979187012,1.0022732019424438,1.0461643934249878,1.190922498703003,1.3101829290390015,1.6300815343856812,1.1877175569534302,1.14299738407135,1.3772300481796265,1.282979130744934,1.6383157968521118,1.7458243370056152,1.45034921169281,1.5377277135849,1.4412261247634888,1.0845354795455933,1.0125552415847778,0.6914899349212646,0.8052085041999817,0.7747332453727722,0.947277307510376,1.4036927223205566,1.039705753326416,1.1471861600875854,1.0357338190078735,1.1427239179611206,1.4880272150039673,1.5395727157592773,1.8009865283966064,1.7283929586410522,1.6477469205856323,1.6827455759048462,1.4258617162704468,1.675240397453308,1.5709214210510254,1.9180947542190552
B1,1.4044203758239746,1.0796711444854736,1.2617753744125366,1.1788538694381714,1.3507838249206543,1.6731246709823608,1.6669673919677734,1.912920355796814,1.805008888244629,1.6809130907058716,1.6632143259048462,1.3745633363723755,1.5591959953308105,1.3942580223083496,1.7300537824630737,0.0,0.37111696600914,0.5975958108901978,0.8802956938743591,1.1854442358016968,1.4408700466156006,1.246258020401001,1.1261104345321655,0.786700963973999,0.7014645338058472,0.41691920161247253,0.4758202135562897,0.5623747110366821,0.7884662747383118,1.054373025894165,1.312889814376831,1.240479588508606,1.5329535007476807,1.4581072330474854,1.8166838884353638,1.9747719764709473,1.7248055934906006,1.8381478786468506,1.7151974439620972,1.3771299123764038,1.261533260345459,0.8912956714630127,0.9182557463645935,0.738028347492218,0.8900095820426941,1.3765188455581665,1.3515523672103882,1.699054479598999,1.844870686531067,2.1251375675201416,2.480113983154297,2.381626844406128,2.424856662750244,2.144756317138672,2.0329108238220215,1.762066125869751,1.5446699857711792,1.4318766593933105,1.1659823656082153,1.3616623878479004,1.2587798833847046,1.3480600118637085,1.6940442323684692,1.912867784500122,2.2191355228424072,2.533452033996582,2.3705642223358154,2.35880446434021,2.03957200050354,1.8927288055419922,1.5717641115188599,1.3727045059204102,1.180802822113037,0.9266722798347473,1.093178629875183
B2,1.2241952419281006,0.9146519303321838,1.1347676515579224,1.0137773752212524,1.2620501518249512,1.5429205894470215,1.4620165824890137,1.6995775699615479,1.59933602809906,1.4144445657730103,1.3946577310562134,1.0752211809158325,1.2730727195739746,1.1250815391540527,1.4499207735061646,0.37111696600914,0.0,0.3816700577735901,0.5873221755027771,0.9045618772506714,1.2049479484558105,1.0623530149459839,1.0513149499893188,0.7824812531471252,0.7131463885307312,0.6026086211204529,0.5194555521011353,0.7645235061645508,0.9022129774093628,1.2349295616149902,1.0179847478866577,0.9171114563941956,1.1783268451690674,1.0978835821151733,1.461363434791565,1.616306185722351,1.3641233444213867,1.4751904010772705,1.357103943824768,1.0302889347076416,0.9569321274757385,0.5931674838066101,0.7541839480400085,0.7100799083709717,0.9599453806877136,1.3583379983901978,1.3223282098770142,1.6961476802825928,1.7898882627487183,2.1048355102539062,2.4306368827819824,2.2942848205566406,2.3598873615264893,2.1041419506073,1.9313207864761353,1.6699044704437256,1.3964864015579224,1.2842870950698853,0.963707685470581,1.1584742069244385,1.1959092617034912,1.1948117017745972,1.5202337503433228,1.7370073795318604,2.0076327323913574,2.352316379547119,2.2390265464782715,2.260227918624878,1.9555959701538086,1.8489900827407837,1.5772252082824707,1.3711117506027222,1.278997540473938,1.0501803159713745,1.3084660768508911
B3,1.4774045944213867,1.1510779857635498,1.2954082489013672,1.0655850172042847,1.2648544311523438,1.4742348194122314,1.4031533002853394,1.7028899192810059,1.6870135068893433,1.4861674308776855,1.547386646270752,1.2397446632385254,1.4869426488876343,1.3776556253433228,1.6703182458877563,0.5975958108901978,0.3816700577735901,0.0,0.3819844424724579,0.5980264544487,0.8892062902450562,0.7956356406211853,0.7595304846763611,0.5209682583808899,0.6166525483131409,0.6879405975341797,0.7543680667877197,1.0492851734161377,1.2533378601074219,1.5624096393585205,1.188869833946228,1.101718544960022,1.2665657997131348,1.1228148937225342,1.457958459854126,1.5189704895019531,1.227715253829956,1.3549460172653198,1.3232409954071045,0.9681922793388367,1.0053585767745972,0.73540860414505,0.9397525191307068,1.0032416582107544,1.1829603910446167,1.7164512872695923,1.696825385093689,2.0735464096069336,2.1545612812042236,2.4726202487945557,2.7918410301208496,2.646700382232666,2.718047857284546,2.4654793739318848,2.2723228931427,2.0029842853546143,1.7181692123413086,1.5736079216003418,1.222790002822876,1.3387088775634766,1.5016074180603027,1.4979971647262573,1.7872453927993774,2.0274906158447266,2.2614965438842773,2.6224987506866455,2.5414621829986572,2.552818775177002,2.237760066986084,2.1728551387786865,1.9036051034927368,1.7298657894134521,1.6370242834091187,1.4214532375335693,1.6566221714019775
B4,1.3180396556854248,1.0130940675735474,1.110541820526123,0.8281455039978027,1.0584222078323364,1.204429268836975,1.0738439559936523,1.371630311012268,1.3914564847946167,1.1678801774978638,1.2832103967666626,1.012532114982605,1.31386399269104,1.2965444326400757,1.5785739421844482,0.8802956938743591,0.5873221755027771,0.3819844424724579,0.0,0.3824789822101593,0.6408688426017761,0.5572146773338318,0.7136878371238708,0.668392539024353,0.6702867150306702,0.8669126629829407,0.8354827761650085,1.1931005716323853,1.3632822036743164,1.6786807775497437,1.1831389665603638,1.0057017803192139,1.0780256986618042,0.8433759808540344,1.137177586555481,1.1803213357925415,0.9261558651924133,1.138260006904602,1.17500901222229,0.8851466774940491,1.0387945175170898,0.8289404511451721,1.1398056745529175,1.239692211151123,1.4842426776885986,1.8526383638381958,1.778747797012329,2.146557331085205,2.160888433456421,2.477299451828003,2.775376796722412,2.6291632652282715,2.747437000274658,2.5376780033111572,2.312302827835083,2.087014675140381,1.7610628604888916,1.6706305742263794,1.3134868144989014,1.4554338455200195,1.4355195760726929,1.3996058702468872,1.6274354457855225,1.8928334712982178,2.0774829387664795,2.4476406574249268,2.409327983856201,2.413856029510498,2.102578639984131,2.100071907043457,1.8698991537094116,1.7423734664916992,1.7158693075180054,1.5671740770339966,1.8511439561843872
B5,1.642277717590332,1.3661495447158813,1.4425119161605835,1.1260133981704712,1.3153525590896606,1.3662803173065186,1.2173389196395874,1.534412145614624,1.6220929622650146,1.36904776096344,1.5190144777297974,1.259064793586731,1.5444285869598389,1.5312880277633667,1.7560341358184814,1.1854442358016968,0.9045618772506714,0.5980264544487,0.3824789822101593,0.0,0.39433515071868896,0.5529677867889404,0.7413483262062073,0.7982890605926514,0.9359186291694641,1.1818723678588867,1.2075351476669312,1.558948278427124,1.7374290227890015,2.055284261703491,1.3260968923568726,1.2028710842132568,1.17995285987854,0.9448342323303223,1.1734745502471924,1.090925931930542,0.7865045070648193,0.97574383020401,1.1098884344100952,0.8364866971969604,1.0874881744384766,0.9993137121200562,1.3066751956939697,1.4872127771377563,1.689547061920166,2.144728899002075,2.1043190956115723,2.478710889816284,2.492215633392334,2.8212082386016846,3.1026721000671387,2.932711601257324,3.0416505336761475,2.8312740325927734,2.5816311836242676,2.343895673751831,2.016498565673828,1.887946605682373,1.5192582607269287,1.5825608968734741,1.8021275997161865,1.7352006435394287,1.9371472597122192,2.1877853870391846,2.335531711578369,2.7175962924957275,2.715611457824707,2.737265110015869,2.438368797302246,2.454974412918091,2.241811990737915,2.109795570373535,2.0929479598999023,1.9270596504211426,2.204322338104248
B6,1.8123706579208374,1.5304791927337646,1.5114384889602661,1.1485955715179443,1.2410908937454224,1.1908832788467407,1.0841031074523926,1.4370486736297607,1.6130293607711792,1.4113962650299072,1.647212028503418,1.4618110656738281,1.7887110710144043,1.8379589319229126,2.0676848888397217,1.4408700466156006,1.2049479484558105,0.8892062902450562,0.6408688426017761,0.39433515071868896,0.0,0.36985814571380615,0.6312986612319946,0.8696496486663818,0.9986431002616882,1.3295880556106567,1.3907898664474487,1.7518492937088013,1.9663814306259155,2.251793622970581,1.691609263420105,1.5262848138809204,1.4628980159759521,1.1633442640304565,1.3026572465896606,1.1497929096221924,0.9266254901885986,1.1930508613586426,1.4088537693023682,1.1917166709899902,1.4724788665771484,1.3818273544311523,1.69219172000885,1.845093846321106,2.0460822582244873,2.486448287963867,2.4120945930480957,2.7757039070129395,2.763587236404419,3.072840690612793,3.3582475185394287,3.2115237712860107,3.350679397583008,3.157773971557617,2.9123306274414062,2.6951942443847656,2.358588457107544,2.2579281330108643,1.8924967050552368,1.972815990447998,1.978851318359375,1.9500008821487427,2.109466552734375,2.396279811859131,2.516590118408203,2.887406826019287,2.8977973461151123,2.8794591426849365,2.5659797191619873,2.6286797523498535,2.413731098175049,2.3371315002441406,2.314821243286133,2.1917295455932617,2.460230827331543
B7,1.6246230602264404,1.3085215091705322,1.240787148475647,0.8697072863578796,0.9087192416191101,0.9084162712097168,0.8799816966056824,1.2606093883514404,1.4199347496032715,1.285390019416809,1.5342602729797363,1.3745057582855225,1.7291208505630493,1.7905662059783936,2.070240020751953,1.246258020401001,1.0623530149459839,0.7956356406211853,0.5572146773338318,0.5529677867889404,0.36985814571380615,0.0,0.3905431032180786,0.6621485948562622,0.6903209686279297,1.0515254735946655,1.1221481561660767,1.4768931865692139,1.718005895614624,1.9706668853759766,1.724100947380066,1.5158771276474,1.5193791389465332,1.201529860496521,1.374552607536316,1.3117139339447021,1.1294161081314087,1.4281549453735352,1.5851309299468994,1.342482566833496,1.563585877418518,1.3838880062103271,1.6820253133773804,1.758184552192688,1.9732176065444946,2.367729425430298,2.2579777240753174,2.6078386306762695,2.595438003540039,2.8799991607666016,3.1866250038146973,3.0756261348724365,3.229290246963501,3.0380496978759766,2.823585271835327,2.6194956302642822,2.288966655731201,2.222092866897583,1.8686972856521606,2.0082602500915527,1.7365189790725708,1.7694329023361206,1.9366369247436523,2.254034996032715,2.4026286602020264,2.7546257972717285,2.728515863418579,2.670259952545166,2.3335790634155273,2.394580602645874,2.1536366939544678,2.1103789806365967,2.0607364177703857,1.970200538635254,2.2230069637298584
B8,1.8204255104064941,1.4662721157073975,1.4066234827041626,1.0654497146606445,1.040084958076477,1.1109392642974854,1.1828488111495972,1.5668413639068604,1.700201153755188,1.601489543914795,1.8210437297821045,1.6340051889419556,1.97367262840271,1.9813730716705322,2.28381609916687,1.1261104345321655,1.0513149499893188,0.7595304846763611,0.7136878371238708,0.7413483262062073,0.6312986612319946,0.3905431032180786,0.0,0.3819977045059204,0.5353199243545532,0.8917636871337891,1.0885779857635498,1.3949707746505737,1.6957223415374756,1.9151288270950317,1.8778482675552368,1.7117817401885986,1.7807470560073853,1.5025067329406738,1.7232080698013306,1.6773756742477417,1.4560298919677734,1.706728458404541,1.8267676830291748,1.5276440382003784,1.689280390739441,1.4680894613265991,1.6991437673568726,1.7322717905044556,1.8874962329864502,2.400423526763916,2.3159914016723633,2.667360544204712,2.7028658390045166,2.9784762859344482,3.311791181564331,3.215977430343628,3.342191219329834,3.1191983222961426,2.9378859996795654,2.7048633098602295,2.403196096420288,2.306304693222046,1.957414984703064,2.0863707065582275,1.846024751663208,1.931424617767334,2.144947052001953,2.462557077407837,2.654088020324707,2.997227907180786,2.9293668270111084,2.855537176132202,2.501364231109619,2.5210487842559814,2.23443341255188,2.1794543266296387,2.0614354610443115,1.941637635231018,2.1388251781463623
B9,1.746744155883789,1.3792462348937988,1.394805669784546,1.1141440868377686,1.1516460180282593,1.3317375183105469,1.3871726989746094,1.7427456378936768,1.798704981803894,1.6844956874847412,1.8321024179458618,1.5939552783966064,1.8950941562652588,1.837320327758789,2.1526339054107666,0.786700963973999,0.7824812531471252,0.5209682583808899,0.668392539024353,0.7982890605926514,0.8696496486663818,0.6621485948562622,0.3819977045059204,0.0,0.3754879832267761,0.6088094711303711,0.866528332233429,1.1319787502288818,1.4432445764541626,1.668178677558899,1.7044895887374878,1.5816330909729004,1.7237532138824463,1.5078086853027344,1.7932552099227905,1.8053455352783203,1.5457528829574585,1.7399522066116333,1.7829465866088867,1.4411343336105347,1.5198054313659668,1.253652572631836,1.4224258661270142,1.4169965982437134,1.5394375324249268,2.116168260574341,2.0637855529785156,2.418879747390747,2.4992244243621826,2.7794346809387207,3.1248695850372314,3.0257577896118164,3.117436170578003,2.8669471740722656,2.708077907562256,2.4505107402801514,2.1770527362823486,2.055305242538452,1.719489574432373,1.847089409828186,1.7132598161697388,1.8062394857406616,2.072826862335205,2.364686965942383,2.5990684032440186,2.9400365352630615,2.8384625911712646,2.7834529876708984,2.432415723800659,2.3945727348327637,2.0847926139831543,1.9831407070159912,1.8278206586837769,1.6603342294692993,1.8309051990509033
B10,1.4575437307357788,1.0815895795822144,1.0579389333724976,0.8120632171630859,0.8354060053825378,1.0889068841934204,1.1695072650909424,1.4934884309768677,1.511769413948059,1.4491586685180664,1.5927664041519165,1.3969403505325317,1.7111918926239014,1.6920207738876343,2.0359134674072266,0.7014645338058472,0.7131463885307312,0.6166525483131409,0.6702867150306702,0.9359186291694641,0.9986431002616882,0.6903209686279297,0.5353199243545532,0.3754879832267761,0.0,0.3827066123485565,0.5794205665588379,0.8640073537826538,1.177868127822876,1.3808053731918335,1.6718868017196655,1.486377239227295,1.653524398803711,1.42025887966156,1.6995996236801147,1.7755720615386963,1.5710344314575195,1.808166742324829,1.827104926109314,1.515716791152954,1.5761165618896484,1.2624634504318237,1.452899694442749,1.3821429014205933,1.5655908584594727,1.9744391441345215,1.8632999658584595,2.1963164806365967,2.247852087020874,2.503399133682251,2.8545420169830322,2.785752296447754,2.908053159713745,2.681480884552002,2.5385727882385254,2.3183629512786865,2.03912615776062,1.9791442155838013,1.6662858724594116,1.8634378910064697,1.3924461603164673,1.5307005643844604,1.7830677032470703,2.096351146697998,2.3376407623291016,2.657869815826416,2.53877854347229,2.4540114402770996,2.0928657054901123,2.0666255950927734,1.7516824007034302,1.6915818452835083,1.540999412536621,1.4341754913330078,1.6215955018997192
B11,1.4070379734039307,1.0404516458511353,1.0944764614105225,0.9697482585906982,1.0392394065856934,1.3653045892715454,1.4358060359954834,1.7073848247528076,1.6451354026794434,1.5899358987808228,1.6520441770553589,1.4312111139297485,1.6886249780654907,1.6106750965118408,1.9679100513458252,0.41691920161247253,0.6026086211204529,0.6879405975341797,0.8669126629829407,1.1818723678588867,1.3295880556106567,1.0515254735946655,0.8917636871337891,0.6088094711303711,0.3827066123485565,0.0,0.3715895712375641,0.5339031219482422,0.8772978186607361,1.0646295547485352,1.6059893369674683,1.4548585414886475,1.699573040008545,1.5358084440231323,1.854875087738037,1.990063190460205,1.7759287357330322,1.9670404195785522,1.9123808145523071,1.5878108739852905,1.555486798286438,1.195310115814209,1.3020256757736206,1.1416491270065308,1.3035145998001099,1.6994556188583374,1.6022508144378662,1.9232783317565918,2.0205395221710205,2.2652533054351807,2.632258653640747,2.5755856037139893,2.6682045459747314,2.419741630554199,2.3157966136932373,2.085232973098755,1.845680832862854,1.785521388053894,1.5122932195663452,1.7318172454833984,1.2472039461135864,1.4165338277816772,1.717360019683838,1.998942255973816,2.28635311126709,2.587827205657959,2.4241323471069336,2.34826397895813,1.9941812753677368,1.902044415473938,1.559032678604126,1.4593755006790161,1.2525360584259033,1.1102104187011719,1.258852243423462
B12,1.0440678596496582,0.6879003047943115,0.8050040006637573,0.7703312635421753,0.9392228722572327,1.296526312828064,1.3035670518875122,1.5100938081741333,1.3807789087295532,1.3196879625320435,1.3294214010238647,1.1184829473495483,1.3575412034988403,1.3002640008926392,1.6685755252838135,0.4758202135562897,0.5194555521011353,0.7543680667877197,0.8354827761650085,1.2075351476669312,1.3907898664474487,1.1221481561660767,1.0885779857635498,0.866528332233429,0.5794205665588379,0.3715895712375641,0.0,0.37223246693611145,0.609488308429718,0.8645424842834473,1.3906025886535645,1.1926672458648682,1.4557775259017944,1.3113173246383667,1.627893090248108,1.8242840766906738,1.6504180431365967,1.8455071449279785,1.7562676668167114,1.4756306409835815,1.4270621538162231,1.0566037893295288,1.199402093887329,1.023830533027649,1.2753692865371704,1.454879879951477,1.305920124053955,1.623914361000061,1.6829286813735962,1.9335885047912598,2.2914679050445557,2.232607364654541,2.3499937057495117,2.127180814743042,2.010556221008301,1.8140900135040283,1.5554944276809692,1.5517011880874634,1.2986916303634644,1.573054552078247,0.887980043888092,1.045380711555481,1.3495450019836426,1.627894401550293,1.9189828634262085,2.217583656311035,2.055476665496826,1.992350459098816,1.6468719244003296,1.5548113584518433,1.2310538291931152,1.1245359182357788,0.9759390950202942,0.8749431371688843,1.1112715005874634
B13,1.171204686164856,0.8764292597770691,1.0044975280761719,1.0726006031036377,1.1967394351959229,1.579115867614746,1.6197744607925415,1.7891364097595215,1.616038203239441,1.5969794988632202,1.5553302764892578,1.3634291887283325,1.5383448600769043,1.4413946866989136,1.807159423828125,0.5623747110366821,0.7645235061645508,1.0492851734161377,1.1931005716323853,1.558948278427124,1.7518492937088013,1.4768931865692139,1.3949707746505737,1.1319787502288818,0.8640073537826538,0.5339031219482422,0.37223246693611145,0.0,0.3734264075756073,0.5385845899581909,1.5629276037216187,1.403031587600708,1.7133244276046753,1.619712233543396,1.9408291578292847,2.1667847633361816,1.996260643005371,2.1657097339630127,2.0353293418884277,1.7546697854995728,1.6403089761734009,1.2562997341156006,1.3021492958068848,1.0258746147155762,1.229430079460144,1.3358656167984009,1.1841903924942017,1.4573452472686768,1.5669350624084473,1.7772321701049805,2.157534122467041,2.1359519958496094,2.2279653549194336,1.98956298828125,1.937440276145935,1.7473440170288086,1.5507428646087646,1.5654301643371582,1.3819739818572998,1.6716692447662354,0.8819132447242737,1.1079885959625244,1.431200385093689,1.6723957061767578,2.003089427947998,2.2594010829925537,2.041395664215088,1.9641133546829224,1.628140926361084,1.4669179916381836,1.1049981117248535,0.9845179915428162,0.728395402431488,0.6240402460098267,0.7792738080024719
