,A1,A2,A3,A4,A5,A6,A7,A8,A9,A10,A11,A12,A13,A14,A15,B1,B2,B3,B4,B5,B6,B7,B8,B9,B10,B11,B12,B13,B14,B15,C1,C2,C3,C4,C5,C6,C7,C8,C9,C10,C11,C12,C13,C14,C15,D1,D2,D3,D4,D5,D6,D7,D8,D9,D10,D11,D12,D13,D14,D15,E1,E2,E3,E4,E5,E6,E7,E8,E9,E10,E11,E12,E13,E14,E15
A1,0.0,0.3869210183620453,0.6275520324707031,0.941088855266571,1.2583904266357422,1.5665966272354126,1.8405059576034546,1.9976648092269897,1.863546371459961,1.58384108543396,1.552579641342163,1.205501914024353,1.3387653827667236,1.134484887123108,1.3720096349716187,0.10287240892648697,0.32902535796165466,0.6263146996498108,0.9342206120491028,1.261135458946228,1.5708531141281128,1.838965892791748,1.9779362678527832,1.8275859355926514,1.5401798486709595,1.4973353147506714,1.1459282636642456,1.2693432569503784,1.0635337829589844,1.3063304424285889,1.4021761417388916,1.2118756771087646,1.4477217197418213,1.3136616945266724,1.6510027647018433,1.7888808250427246,1.7595380544662476,1.6381133794784546,1.2885982990264893,1.0199847221374512,0.6600574851036072,0.5039637684822083,0.4095879793167114,0.5663048028945923,0.8573452830314636,1.314332365989685,0.990348756313324,1.0806853771209717,1.066088318824768,1.2119615077972412,1.5587294101715088,1.7978943586349487,1.9372748136520386,1.739962100982666,1.6790851354599,1.5946969985961914,1.4426510334014893,1.6132378578186035,1.5310372114181519,1.8829587697982788,1.5072413682937622,1.33885657787323,1.5760327577590942,1.4299081563949585,1.7651066780090332,1.8689885139465332,1.8491322994232178,1.700084924697876,1.334629774093628,1.1195573806762695,0.7884213924407959,0.6902787685394287,0.6473928093910217,0.7511827945709229,1.0480432510375977
A2,0.3869210183620453,0.0,0.37744078040122986,0.6219591498374939,0.9651002883911133,1.2917821407318115,1.5168310403823853,1.6559826135635376,1.5192121267318726,1.2162708044052124,1.1996005773544312,0.8612808585166931,1.0470330715179443,0.9340398907661438,1.1942307949066162,0.4598255753517151,0.09621378779411316,0.42940977215766907,0.6378870606422424,0.9832631945610046,1.3085987567901611,1.5259082317352295,1.6439831256866455,1.4900625944137573,1.1769801378250122,1.1462631225585938,0.8016130328178406,0.9789387583732605,0.8720567226409912,1.1382015943527222,1.1440620422363281,0.9667117595672607,1.1613457202911377,1.0263173580169678,1.3735206127166748,1.4938544034957886,1.5192357301712036,1.4394549131393433,1.1178927421569824,0.8887422680854797,0.6497914791107178,0.509000301361084,0.6710489988327026,0.7789928913116455,1.1346014738082886,1.3954745531082153,1.0468733310699463,1.150032639503479,1.019139289855957,1.1969597339630127,1.4830451011657715,1.6813997030258179,1.8731772899627686,1.7281075716018677,1.6040668487548828,1.5649142265319824,1.3527615070343018,1.5608890056610107,1.455625057220459,1.8100985288619995,1.2624305486679077,1.1106805801391602,1.3086529970169067,1.1629939079284668,1.5003085136413574,1.5837376117706299,1.617086410522461,1.5127592086791992,1.1814700365066528,1.007461428642273,0.7965274453163147,0.6960195899009705,0.8421555757522583,0.9256176948547363,1.2822926044464111
A3,0.6275520324707031,0.37744078040122986,0.0,0.3985547125339508,0.6441286206245422,0.9908972978591919,1.2653077840805054,1.4791589975357056,1.4318265914916992,1.158942699432373,1.263566255569458,0.9992741942405701,1.265078067779541,1.238927960395813,1.4829944372177124,0.6497443914413452,0.34836992621421814,0.09601932764053345,0.3857153356075287,0.6513732671737671,1.0033735036849976,1.2664306163787842,1.4600290060043335,1.3956483602523804,1.1121891736984253,1.2079212665557861,0.9415767192840576,1.2032467126846313,1.1860243082046509,1.434378981590271,1.3717726469039917,1.1607866287231445,1.2466686964035034,1.0028883218765259,1.2808476686477661,1.3048417568206787,1.2686412334442139,1.1281532049179077,0.7816024422645569,0.6473705768585205,0.4963586628437042,0.6018908023834229,0.8664434552192688,1.089577555656433,1.4227992296218872,1.6184775829315186,1.2483333349227905,1.2466987371444702,1.0128427743911743,1.0810742378234863,1.3083746433258057,1.5415935516357422,1.7956669330596924,1.7223029136657715,1.6331119537353516,1.6815358400344849,1.5119537115097046,1.7831439971923828,1.7289866209030151,2.089853525161743,1.4892804622650146,1.3042093515396118,1.4080171585083008,1.1724867820739746,1.4433979988098145,1.433663249015808,1.4139208793640137,1.2535569667816162,0.907873809337616,0.8518510460853577,0.7235946655273438,0.8090944886207581,1.037443995475769,1.223870873451233,1.5670082569122314
A4,0.941088855266571,0.6219591498374939,0.3985547125339508,0.0,0.39229223132133484,0.6803601384162903,0.9018415212631226,1.0863618850708008,1.0452567338943481,0.8094251751899719,0.9931892156600952,0.8362294435501099,1.1839650869369507,1.2715280055999756,1.550155758857727,0.9697368741035461,0.6303347945213318,0.43001285195350647,0.07596221566200256,0.4180912673473358,0.7049865126609802,0.9062932133674622,1.0660911798477173,1.0055283308029175,0.7542518377304077,0.933566689491272,0.7831709980964661,1.1307399272918701,1.232957363128662,1.513951301574707,1.2345036268234253,0.9941788911819458,0.9666149020195007,0.6712491512298584,0.9098294973373413,0.9173886179924011,0.9402838945388794,0.8940169811248779,0.6592149138450623,0.5570915937423706,0.657567024230957,0.721172571182251,1.0842688083648682,1.2757247686386108,1.6225019693374634,1.6156153678894043,1.25635826587677,1.2393853664398193,0.9177921414375305,1.012311339378357,1.1447851657867432,1.3038078546524048,1.593587040901184,1.5782389640808105,1.4390100240707397,1.545949101448059,1.360977053642273,1.6713484525680542,1.6450364589691162,1.9942160844802856,1.3377271890640259,1.124904751777649,1.1311715841293335,0.8554473519325256,1.0843958854675293,1.0476572513580322,1.0730853080749512,0.9867493510246277,0.7304089069366455,0.7085477709770203,0.7742367386817932,0.8443935513496399,1.180387258529663,1.3618394136428833,1.7186625003814697
A5,1.2583904266357422,0.9651002883911133,0.6441286206245422,0.39229223132133484,0.0,0.3954278230667114,0.6645148992538452,0.966910183429718,1.0714489221572876,0.9030199646949768,1.195251226425171,1.1237914562225342,1.4772114753723145,1.609245777130127,1.8538179397583008,1.272841215133667,0.9618983268737793,0.650165319442749,0.37425586581230164,0.06714468449354172,0.4267263412475586,0.6615678668022156,0.9420448541641235,1.0320374965667725,0.8539533615112305,1.1460046768188477,1.0837382078170776,1.433436632156372,1.577052354812622,1.823538064956665,1.5558513402938843,1.3345072269439697,1.228592038154602,0.8944438099861145,0.9925534725189209,0.8325867652893066,0.7828770875930786,0.6649811863899231,0.48730334639549255,0.6420431733131409,0.8609229326248169,1.051821231842041,1.4116326570510864,1.6453332901000977,1.9806890487670898,1.9633175134658813,1.6055798530578613,1.5300883054733276,1.1653410196304321,1.1477417945861816,1.1733741760253906,1.3407821655273438,1.6904805898666382,1.7573566436767578,1.65097177028656,1.8263535499572754,1.67642080783844,2.0111260414123535,2.007902145385742,2.349231719970703,1.6562129259109497,1.4551794528961182,1.387630581855774,1.0769449472427368,1.1914482116699219,1.018420934677124,0.9901713132858276,0.8523861169815063,0.6601806879043579,0.843739926815033,1.00249445438385,1.177504062652588,1.5169227123260498,1.735885739326477,2.082636833190918
A6,1.5665966272354126,1.2917821407318115,0.9908972978591919,0.6803601384162903,0.3954278230667114,0.0,0.41134926676750183,0.7594180703163147,0.966552197933197,0.9507187604904175,1.3101589679718018,1.3404037952423096,1.7192808389663696,1.8926010131835938,2.1620757579803467,1.5709973573684692,1.2838784456253052,0.9802758693695068,0.6547105312347412,0.3747437298297882,0.06577689200639725,0.36528876423835754,0.7117407917976379,0.9140169024467468,0.8965927362442017,1.2609810829162598,1.3051307201385498,1.6808521747589111,1.864810585975647,2.1358675956726074,1.729380488395691,1.474074125289917,1.2767493724822998,0.9060110449790955,0.8405745029449463,0.5617861747741699,0.42971789836883545,0.38898664712905884,0.5019379258155823,0.7202854156494141,1.0667675733566284,1.2605100870132446,1.6427404880523682,1.8888341188430786,2.206174612045288,2.0564754009246826,1.7235569953918457,1.593557357788086,1.192538857460022,1.122632384300232,1.014844536781311,1.1183035373687744,1.501174807548523,1.6506216526031494,1.5569669008255005,1.8052740097045898,1.703465461730957,2.0667059421539307,2.121678113937378,2.4479620456695557,1.8064078092575073,1.567366123199463,1.4103461503982544,1.0567022562026978,1.0376509428024292,0.7644146084785461,0.66862952709198,0.5541951060295105,0.5608259439468384,0.8364978432655334,1.1268377304077148,1.33062744140625,1.7010481357574463,1.9468331336975098,2.2760303020477295
A7,1.8405059576034546,1.5168310403823853,1.2653077840805054,0.9018415212631226,0.6645148992538452,0.41134926676750183,0.0,0.39710235595703125,0.7070879340171814,0.7792384624481201,1.1770018339157104,1.3192424774169922,1.6865129470825195,1.9337807893753052,2.1848983764648438,1.8622610569000244,1.5318562984466553,1.2795907258987427,0.9082654118537903,0.6818260550498962,0.46007099747657776,0.08126579970121384,0.3657456636428833,0.6739358901977539,0.7460660338401794,1.1444835662841797,1.302430272102356,1.6632444858551025,1.9208581447601318,2.1713919639587402,1.6923186779022217,1.4911630153656006,1.2245622873306274,0.9303940534591675,0.7827565670013428,0.4333697557449341,0.5645193457603455,0.734416127204895,0.9123056530952454,1.0827486515045166,1.4166160821914673,1.539794921875,1.931238055229187,2.122480630874634,2.4574477672576904,2.233351945877075,1.9254119396209717,1.841284155845642,1.4434549808502197,1.4419163465499878,1.3009605407714844,1.2958039045333862,1.6669542789459229,1.8416447639465332,1.6816425323486328,1.9335148334503174,1.7889728546142578,2.1351895332336426,2.168968915939331,2.4605607986450195,1.7563724517822266,1.5651811361312866,1.3404916524887085,1.0494815111160278,0.95545494556427,0.629165530204773,0.7165193557739258,0.807937741279602,0.9355232119560242,1.1468671560287476,1.456454873085022,1.5854368209838867,1.9720097780227661,2.1672275066375732,2.509901762008667
A8,1.9976648092269897,1.6559826135635376,1.4791589975357056,1.0863618850708008,0.966910183429718,0.7594180703163147,0.39710235595703125,0.0,0.3963104486465454,0.6313396096229553,1.0053049325942993,1.2536686658859253,1.5991027355194092,1.8949487209320068,2.1501808166503906,2.0315959453582764,1.6869372129440308,1.5070366859436035,1.1108700037002563,0.9964933395385742,0.8042101860046387,0.4404892921447754,0.07708698511123657,0.38330957293510437,0.6168691515922546,0.9849767088890076,1.2510536909103394,1.5878390073776245,1.8937604427337646,2.145965099334717,1.5508009195327759,1.383361577987671,1.0572230815887451,0.8662347197532654,0.6547985076904297,0.4145045578479767,0.7586408853530884,1.0501458644866943,1.2374967336654663,1.3175486326217651,1.637945294380188,1.6744836568832397,2.063688039779663,2.195758104324341,2.5309109687805176,2.207017660140991,1.9399980306625366,1.8998816013336182,1.5256799459457397,1.60209321975708,1.4584497213363647,1.3566306829452515,1.6816165447235107,1.8507859706878662,1.6250547170639038,1.8632347583770752,1.6873128414154053,2.006523847579956,2.0343425273895264,2.2848165035247803,1.5894163846969604,1.425678014755249,1.1378343105316162,0.9266707301139832,0.7668732404708862,0.49071475863456726,0.7784894108772278,1.0273555517196655,1.1983819007873535,1.3139727115631104,1.6322685480117798,1.678133487701416,2.069326400756836,2.213787317276001,2.553467273712158
A9,1.863546371459961,1.5192121267318726,1.4318265914916992,1.0452567338943481,1.0714489221572876,0.966552197933197,0.7070879340171814,0.3963104486465454,0.0,0.38878893852233887,0.6773079037666321,0.9761844277381897,1.3001837730407715,1.6084085702896118,1.8776979446411133,1.909648060798645,1.5641107559204102,1.4726349115371704,1.0860178470611572,1.110939860343933,1.0120058059692383,0.7494269013404846,0.42494338750839233,0.07952237129211426,0.3833606541156769,0.6579205393791199,0.9808797836303711,1.2933759689331055,1.6133408546447754,1.8767625093460083,1.1971840858459473,1.0512651205062866,0.7057559490203857,0.6393288373947144,0.5137875080108643,0.5568034052848816,0.9531010389328003,1.2560878992080688,1.3693565130233765,1.339489221572876,1.603206753730774,1.544634461402893,1.9130569696426392,1.9811270236968994,2.3139090538024902,1.9490549564361572,1.711265206336975,1.7355479001998901,1.4066938161849976,1.5780259370803833,1.5020442008972168,1.3752601146697998,1.6396803855895996,1.7399861812591553,1.4533324241638184,1.629991888999939,1.4000803232192993,1.6836296319961548,1.6831812858581543,1.9136385917663574,1.219841718673706,1.0739620923995972,0.7696870565414429,0.6540225148200989,0.5689391493797302,0.529999852180481,0.9104966521263123,1.1912444829940796,1.2982566356658936,1.294562816619873,1.5685476064682007,1.519239068031311,1.895147681236267,1.980829119682312,2.317284345626831
A10,1.58384108543396,1.2162708044052124,1.158942699432373,0.8094251751899719,0.9030199646949768,0.9507187604904175,0.7792384624481201,0.6313396096229553,0.38878893852233887,0.0,0.3989512622356415,0.6317909359931946,0.9677675366401672,1.2730563879013062,1.5247119665145874,1.642040729522705,1.2740082740783691,1.2175540924072266,0.8689520359039307,0.9570213556289673,1.0053073167800903,0.8338887691497803,0.6635898947715759,0.41062939167022705,0.07341451942920685,0.3740682899951935,0.6390455961227417,0.9574038982391357,1.277625322341919,1.522348165512085,0.9543691277503967,0.8539823293685913,0.6131721138954163,0.5750372409820557,0.6849970817565918,0.7501571178436279,1.0798304080963135,1.2866876125335693,1.28555166721344,1.2354975938796997,1.4227921962738037,1.3460475206375122,1.6962814331054688,1.7440431118011475,2.0984106063842773,1.8601279258728027,1.5897777080535889,1.6623566150665283,1.353073239326477,1.5524623394012451,1.5636241436004639,1.5206273794174194,1.7888914346694946,1.8254036903381348,1.5452989339828491,1.6581932306289673,1.3784092664718628,1.6406104564666748,1.569351315498352,1.8278847932815552,1.0159082412719727,0.9208827614784241,0.739984929561615,0.6597800254821777,0.7855841517448425,0.795337975025177,1.1041178703308105,1.2855998277664185,1.2736738920211792,1.2462857961654663,1.4384433031082153,1.3618603944778442,1.7162038087844849,1.7730435132980347,2.1318020820617676
A11,1.552579641342163,1.1996005773544312,1.263566255569458,0.9931892156600952,1.195251226425171,1.3101589679718018,1.1770018339157104,1.0053049325942993,0.6773079037666321,0.3989512622356415,0.0,0.39218950271606445,0.6336281299591064,0.9749726057052612,1.2194912433624268,1.6272183656692505,1.2757861614227295,1.3357335329055786,1.0620750188827515,1.25123131275177,1.3613560199737549,1.2296754121780396,1.0403791666030884,0.7101180553436279,0.4349389970302582,0.07321375608444214,0.4315044581890106,0.6378061771392822,0.9945361018180847,1.2254889011383057,0.5962162017822266,0.6297675967216492,0.5033405423164368,0.7051373720169067,0.923575758934021,1.103691577911377,1.4291410446166992,1.6269233226776123,1.5720264911651611,1.4480851888656616,1.5489345788955688,1.3769168853759766,1.669064998626709,1.6253052949905396,1.972934365272522,1.7455520629882812,1.515184998512268,1.6759668588638306,1.4448479413986206,1.719124674797058,1.7956430912017822,1.7472436428070068,1.95529305934906,1.9214433431625366,1.6044719219207764,1.6259641647338867,1.2837281227111816,1.4650945663452148,1.3152869939804077,1.5418490171432495,0.6559767127037048,0.6822404265403748,0.6049946546554565,0.7348960638046265,0.9639028906822205,1.105749249458313,1.4245386123657227,1.6090412139892578,1.5511233806610107,1.4381150007247925,1.5526490211486816,1.3753318786621094,1.676573395729065,1.6433604955673218,1.994420051574707
A12,1.205501914024353,0.8612808585166931,0.9992741942405701,0.8362294435501099,1.1237914562225342,1.3404037952423096,1.3192424774169922,1.2536686658859253,0.9761844277381897,0.6317909359931946,0.39218950271606445,0.0,0.38792431354522705,0.6419881582260132,0.920663595199585,1.2890145778656006,0.9470644593238831,1.0799896717071533,0.9074620604515076,1.177575945854187,1.3862354755401611,1.3632876873016357,1.275689959526062,0.9871167540550232,0.6373372673988342,0.36569955945014954,0.06675717234611511,0.3531966507434845,0.6462438702583313,0.9107805490493774,0.4803162217140198,0.5099027156829834,0.6154568791389465,0.752335250377655,1.083321452140808,1.269053339958191,1.5160256624221802,1.6327317953109741,1.4836121797561646,1.3169537782669067,1.320058822631836,1.1178427934646606,1.3647338151931763,1.301533818244934,1.6599152088165283,1.5770658254623413,1.317330002784729,1.5111685991287231,1.323253870010376,1.6079046726226807,1.7638334035873413,1.7884860038757324,1.9861280918121338,1.8958779573440552,1.6144790649414062,1.5833327770233154,1.2366212606430054,1.4011623859405518,1.2098437547683716,1.483357310295105,0.6055600047111511,0.6288550496101379,0.7504513263702393,0.8267999291419983,1.1536471843719482,1.3025773763656616,1.5454027652740479,1.645797610282898,1.4920719861984253,1.340883493423462,1.3567962646484375,1.1517364978790283,1.405469298362732,1.3492625951766968,1.7122600078582764
A13,1.3387653827667236,1.0470330715179443,1.265078067779541,1.1839650869369507,1.4772114753723145,1.7192808389663696,1.6865129470825195,1.5991027355194092,1.3001837730407715,0.9677675366401672,0.6336281299591064,0.38792431354522705,0.0,0.38742533326148987,0.590246856212616,1.4349048137664795,1.1412533521652222,1.3513998985290527,1.254093885421753,1.5323069095611572,1.7662140130996704,1.7356607913970947,1.629237174987793,1.3232043981552124,0.9891928434371948,0.6444832682609558,0.4293716847896576,0.07054596394300461,0.4324280619621277,0.5986796617507935,0.41317740082740784,0.68304044008255,0.8893906474113464,1.113633155822754,1.443670392036438,1.647167444229126,1.903768539428711,2.014045476913452,1.8417645692825317,1.6616485118865967,1.6035734415054321,1.359500765800476,1.522778034210205,1.3683669567108154,1.701763391494751,1.6912928819656372,1.4809503555297852,1.7402878999710083,1.6212882995605469,1.9314416646957397,2.1194405555725098,2.1437127590179443,2.3095192909240723,2.180208921432495,1.8873298168182373,1.7903286218643188,1.4169114828109741,1.4852927923202515,1.2049371004104614,1.4207470417022705,0.5407355427742004,0.7651971578598022,0.9772133827209473,1.1574976444244385,1.4883736371994019,1.668868899345398,1.926936388015747,2.0306572914123535,1.860927939414978,1.6866974830627441,1.6477843523025513,1.3925552368164062,1.5674160718917847,1.4177619218826294,1.7547621726989746
A14,1.134484887123108,0.9340398907661438,1.238927960395813,1.2715280055999756,1.609245777130127,1.8926010131835938,1.9337807893753052,1.8949487209320068,1.6084085702896118,1.2730563879013062,0.9749726057052612,0.6419881582260132,0.38742533326148987,0.0,0.37517857551574707,1.2348777055740356,1.02328360080719,1.3189961910247803,1.3311079740524292,1.6560890674591064,1.9315509796142578,1.9735125303268433,1.9149980545043945,1.618445634841919,1.2789539098739624,0.9674557447433472,0.6461249589920044,0.3527752757072449,0.07263881713151932,0.34290990233421326,0.5923537611961365,0.7902039885520935,1.1037589311599731,1.2903963327407837,1.658750295639038,1.8806031942367554,2.0835506916046143,2.1453912258148193,1.9161851406097412,1.6924269199371338,1.543352723121643,1.261683464050293,1.3267403841018677,1.11175537109375,1.4194581508636475,1.5568604469299316,1.3599766492843628,1.6547571420669556,1.6114450693130493,1.9269224405288696,2.1764419078826904,2.244069814682007,2.3779335021972656,2.1947927474975586,1.9371447563171387,1.7835571765899658,1.4291462898254395,1.451325535774231,1.143355131149292,1.3735102415084839,0.7071722745895386,0.8801370859146118,1.1888608932495117,1.339516043663025,1.7075564861297607,1.907543420791626,2.114027500152588,2.167217254638672,1.9393779039382935,1.7233928442001343,1.5945123434066772,1.3063336610794067,1.3867648839950562,1.179154396057129,1.492997169494629
A15,1.3720096349716187,1.1942307949066162,1.4829944372177124,1.550155758857727,1.8538179397583008,2.1620757579803467,2.1848983764648438,2.1501808166503906,1.8776979446411133,1.5247119665145874,1.2194912433624268,0.920663595199585,0.590246856212616,0.37517857551574707,0.0,1.4744656085968018,1.2827244997024536,1.5683104991912842,1.6119885444641113,1.9046051502227783,2.2054078578948975,2.232030153274536,2.1786351203918457,1.8977677822113037,1.5425392389297485,1.228818416595459,0.9392889142036438,0.5929588079452515,0.4170060157775879,0.07067187875509262,0.8888331651687622,1.1493542194366455,1.4379938840866089,1.630185842514038,1.9885895252227783,2.1813626289367676,2.391582727432251,2.4369542598724365,2.1931588649749756,2.0023274421691895,1.8352223634719849,1.5832841396331787,1.6159635782241821,1.3907055854797363,1.6700323820114136,1.8971471786499023,1.7135834693908691,2.0118608474731445,1.9720723628997803,2.272216320037842,2.52394962310791,2.6032907962799072,2.7491683959960938,2.568260431289673,2.3121237754821777,2.153214693069458,1.7966787815093994,1.7912613153457642,1.4562418460845947,1.6359294652938843,0.9905576109886169,1.2304273843765259,1.5201328992843628,1.686623215675354,2.043001890182495,2.220917224884033,2.4395639896392822,2.4853711128234863,2.2495152950286865,2.061659336090088,1.9198967218399048,1.6520905494689941,1.7031495571136475,1.477391242980957,1.7631194591522217
B1,0.10287240892648697,0.4598255753517151,0.6497443914413452,0.9697368741035461,1.272841215133667,1.5709973573684692,1.8622610569000244,2.0315959453582764,1.909648060798645,1.642040729522705,1.6272183656692505,1.2890145778656006,1.4349048137664795,1.2348777055740356,1.4744656085968018,0.0,0.3876926302909851,0.6332295536994934,0.9549733400344849,1.2701678276062012,1.5710281133651733,1.8564246892929077,2.0083861351013184,1.8703075647354126,1.5953772068023682,1.569920301437378,1.2280302047729492,1.3651963472366333,1.1638283729553223,1.408605933189392,1.4869576692581177,1.2797094583511353,1.5041228532791138,1.3504127264022827,1.6754529476165771,1.8064610958099365,1.7549501657485962,1.6184260845184326,1.2644497156143188,0.992732048034668,0.6140222549438477,0.4911411702632904,0.3655189871788025,0.5864245891571045,0.8479308485984802,1.3155699968338013,0.9913265705108643,1.0507264137268066,1.0439250469207764,1.1640545129776,1.5178252458572388,1.7714378833770752,1.9063416719436646,1.70851469039917,1.670245885848999,1.5934216976165771,1.465888261795044,1.6445600986480713,1.5832984447479248,1.9373966455459595,1.5889345407485962,1.4038431644439697,1.631093144416809,1.4668000936508179,1.7912893295288086,1.8879005908966064,1.846307396888733,1.6799750328063965,1.307064175605774,1.0931273698806763,0.7427194714546204,0.6801151633262634,0.617168128490448,0.7654976844787598,1.0413745641708374
B2,0.32902535796165466,0.09621378779411316,0.34836992621421814,0.6303347945213318,0.9618983268737793,1.2838784456253052,1.5318562984466553,1.6869372129440308,1.5641107559204102,1.2740082740783691,1.2757861614227295,0.9470644593238831,1.1412533521652222,1.02328360080719,1.2827244997024536,0.3876926302909851,0.0,0.381107896566391,0.6348004341125488,0.9736494421958923,1.2961477041244507,1.5361493825912476,1.6709895133972168,1.5310099124908447,1.2310662269592285,1.220186471939087,0.8860365152359009,1.0728943347930908,0.9598795771598816,1.2253341674804688,1.2255897521972656,1.0293289422988892,1.2151918411254883,1.0564745664596558,1.392897367477417,1.5056513547897339,1.50596284866333,1.407463550567627,1.0741454362869263,0.83757483959198,0.5693771243095398,0.45355531573295593,0.6105908751487732,0.7633070349693298,1.1072496175765991,1.3860118389129639,1.0318127870559692,1.1099704504013062,0.9821726679801941,1.1382858753204346,1.434156060218811,1.6494954824447632,1.839521050453186,1.6934268474578857,1.5900447368621826,1.5573805570602417,1.3673673868179321,1.5838558673858643,1.4974790811538696,1.8562778234481812,1.340438961982727,1.1703623533248901,1.3611738681793213,1.1945056915283203,1.5227614641189575,1.5982773303985596,1.6077015399932861,1.4829045534133911,1.137870192527771,0.9634252190589905,0.7286244034767151,0.6588436365127563,0.7952869534492493,0.9136324524879456,1.2606500387191772
B3,0.6263146996498108,0.42940977215766907,0.09601932764053345,0.43001285195350647,0.650165319442749,0.9802758693695068,1.2795907258987427,1.5070366859436035,1.4726349115371704,1.2175540924072266,1.3357335329055786,1.0799896717071533,1.3513998985290527,1.3189961910247803,1.5683104991912842,0.6332295536994934,0.381107896566391,0.0,0.4004647433757782,0.6474906206130981,0.9865468740463257,1.2746968269348145,1.4833848476409912,1.4322954416275024,1.1672996282577515,1.277909278869629,1.0208611488342285,1.2887383699417114,1.2642765045166016,1.5182641744613647,1.4424629211425781,1.213802695274353,1.2928509712219238,1.0296465158462524,1.2932791709899902,1.3107333183288574,1.2461251020431519,1.0852627754211426,0.7253215312957764,0.5835212469100952,0.4139520227909088,0.5733798742294312,0.8382336497306824,1.0923336744308472,1.4126466512680054,1.6096751689910889,1.2375551462173462,1.2099146842956543,0.9743992686271667,1.014949917793274,1.2472290992736816,1.4973868131637573,1.750490665435791,1.6793960332870483,1.6104791164398193,1.6677650213241577,1.5197358131408691,1.7988204956054688,1.7627065181732178,2.1270084381103516,1.5562939643859863,1.3538867235183716,1.4513802528381348,1.197710633277893,1.4571442604064941,1.4404033422470093,1.3941066265106201,1.2116234302520752,0.8510361313819885,0.7994657754898071,0.6583397388458252,0.7850134372711182,1.0100600719451904,1.2244348526000977,1.5571397542953491
B4,0.9342206120491028,0.6378870606422424,0.3857153356075287,0.07596221566200256,0.37425586581230164,0.6547105312347412,0.9082654118537903,1.1108700037002563,1.0860178470611572,0.8689520359039307,1.0620750188827515,0.9074620604515076,1.254093885421753,1.3311079740524292,1.6119885444641113,0.9549733400344849,0.6348004341125488,0.4004647433757782,0.0,0.3883233964443207,0.6730995178222656,0.9062038660049438,1.085958480834961,1.0423460006713867,0.811352550983429,1.0012961626052856,0.853188157081604,1.1997419595718384,1.2902723550796509,1.5740396976470947,1.2965445518493652,1.0433391332626343,1.013608455657959,0.6999332308769226,0.9221667647361755,0.9191707968711853,0.9100696444511414,0.8414044976234436,0.5910266637802124,0.48599696159362793,0.6005792617797852,0.6977896690368652,1.0642331838607788,1.2771377563476562,1.6163573265075684,1.6127731800079346,1.2504221200942993,1.2123198509216309,0.8842841982841492,0.9548376202583313,1.0878217220306396,1.2629368305206299,1.5560550689697266,1.5448256731033325,1.4226672649383545,1.5388239622116089,1.371949553489685,1.6894530057907104,1.6770986318588257,2.0297629833221436,1.3975605964660645,1.171807050704956,1.1751563549041748,0.8825073838233948,1.0992635488510132,1.052571415901184,1.049400806427002,0.9387792944908142,0.66463303565979,0.6534379124641418,0.721862256526947,0.8248284459114075,1.161350965499878,1.3632330894470215,1.7137291431427002
B5,1.261135458946228,0.9832631945610046,0.6513732671737671,0.4180912673473358,0.06714468449354172,0.3747437298297882,0.6818260550498962,0.9964933395385742,1.110939860343933,0.9570213556289673,1.25123131275177,1.177575945854187,1.5323069095611572,1.6560890674591064,1.9046051502227783,1.2701678276062012,0.9736494421958923,0.6474906206130981,0.3883233964443207,0.0,0.39684736728668213,0.6710985898971558,0.967253565788269,1.0682060718536377,0.9057129621505737,1.2003896236419678,1.1356936693191528,1.4871623516082764,1.6220189332962036,1.8728151321411133,1.6033570766448975,1.371106743812561,1.2652020454406738,0.9192551374435425,1.0067044496536255,0.8402244448661804,0.7578495740890503,0.6124732494354248,0.42202863097190857,0.600956380367279,0.8331285715103149,1.0448064804077148,1.4036266803741455,1.6507755517959595,1.979832410812378,1.9631394147872925,1.6045327186584473,1.5139466524124146,1.1466997861862183,1.1083985567092896,1.1287295818328857,1.30829656124115,1.660550832748413,1.7322604656219482,1.6397488117218018,1.8222576379776,1.6860826015472412,2.0256540775299072,2.0328915119171143,2.3769736289978027,1.7022966146469116,1.490641474723816,1.422263503074646,1.1000336408615112,1.2062045335769653,1.026855230331421,0.9719274044036865,0.8099474906921387,0.6068350672721863,0.8109474778175354,0.9744820594787598,1.1705944538116455,1.5083067417144775,1.740599274635315,2.0819520950317383
B6,1.5708531141281128,1.3085987567901611,1.0033735036849976,0.7049865126609802,0.4267263412475586,0.06577689200639725,0.46007099747657776,0.8042101860046387,1.0120058059692383,1.0053073167800903,1.3613560199737549,1.3862354755401611,1.7662140130996704,1.9315509796142578,2.2054078578948975,1.5710281133651733,1.2961477041244507,0.9865468740463257,0.6730995178222656,0.39684736728668213,0.0,0.40651261806488037,0.7526770234107971,0.9565925598144531,0.9493130445480347,1.3105273246765137,1.3490879535675049,1.7263342142105103,1.9020355939865112,2.1777584552764893,1.769271969795227,1.504113793373108,1.3091223239898682,0.9301530122756958,0.8572269678115845,0.5809171795845032,0.3995196521282196,0.3232473134994507,0.46224385499954224,0.692802369594574,1.0497825145721436,1.255608081817627,1.6356252431869507,1.8915469646453857,2.202476978302002,2.0504963397979736,1.7183282375335693,1.5745959281921387,1.1727631092071533,1.0836069583892822,0.9653087258338928,1.0785744190216064,1.463963508605957,1.6192456483840942,1.5395996570587158,1.7947944402694702,1.7069510221481323,2.073939800262451,2.1390528678894043,2.4674577713012695,1.8450278043746948,1.5962836742401123,1.440443754196167,1.0779026746749878,1.0523414611816406,0.778306245803833,0.6471702456474304,0.5001561045646667,0.5115270614624023,0.8070302605628967,1.1042367219924927,1.3234282732009888,1.6914646625518799,1.9478777647018433,2.271341323852539
B7,1.838965892791748,1.5259082317352295,1.2664306163787842,0.9062932133674622,0.6615678668022156,0.36528876423835754,0.08126579970121384,0.4404892921447754,0.7494269013404846,0.8338887691497803,1.2296754121780396,1.3632876873016357,1.7356607913970947,1.9735125303268433,2.232030153274536,1.8564246892929077,1.5361493825912476,1.2746968269348145,0.9062038660049438,0.6710985898971558,0.40651261806488037,0.0,0.3971491754055023,0.709498941898346,0.79581618309021,1.1938753128051758,1.3433629274368286,1.7100836038589478,1.9582300186157227,2.216538190841675,1.7316046953201294,1.5150760412216187,1.2487156391143799,0.936923086643219,0.7744925022125244,0.4081323742866516,0.4916501045227051,0.6637120246887207,0.8660185933113098,1.0440644025802612,1.3906159400939941,1.5252529382705688,1.9173848628997803,2.1197781562805176,2.4489400386810303,2.2187931537628174,1.9109598398208618,1.8115617036819458,1.4102720022201538,1.391556978225708,1.2369015216827393,1.2346254587173462,1.610701322555542,1.7946364879608154,1.647896647453308,1.910211443901062,1.781324863433838,2.1341798305511475,2.1811373233795166,2.4762723445892334,1.7943198680877686,1.5882362127304077,1.362862229347229,1.05487859249115,0.9491657614707947,0.609809935092926,0.6554921865463257,0.7337256669998169,0.8786327838897705,1.1037999391555786,1.4239453077316284,1.5678925514221191,1.9548779726028442,2.162346601486206,2.4998159408569336
B8,1.9779362678527832,1.6439831256866455,1.4600290060043335,1.0660911798477173,0.9420448541641235,0.7117407917976379,0.3657456636428833,0.07708698511123657,0.42494338750839233,0.6635898947715759,1.0403791666030884,1.275689959526062,1.629237174987793,1.9149980545043945,2.1786351203918457,2.0083861351013184,1.6709895133972168,1.4833848476409912,1.085958480834961,0.967253565788269,0.7526770234107971,0.3971491754055023,0.0,0.3978462815284729,0.6411585211753845,1.015308141708374,1.2692813873291016,1.615057110786438,1.911156177520752,2.1721510887145996,1.5719916820526123,1.3865400552749634,1.0600717067718506,0.8451723456382751,0.6141626834869385,0.34466034173965454,0.6852121949195862,0.9864221215248108,1.1869862079620361,1.267601728439331,1.5979291200637817,1.6421819925308228,2.0332987308502197,2.175177812576294,2.505986452102661,2.1761550903320312,1.908174753189087,1.8550020456314087,1.476694107055664,1.5419260263442993,1.3884936571121216,1.2857248783111572,1.615117073059082,1.7916420698165894,1.5754348039627075,1.8237887620925903,1.6613982915878296,1.9886956214904785,2.029356002807617,2.2850494384765625,1.6102440357208252,1.4291397333145142,1.1408854722976685,0.906669020652771,0.7331613898277283,0.4305104911327362,0.7028663754463196,0.9545742273330688,1.1376047134399414,1.258432388305664,1.5860334634780884,1.64287531375885,2.0358543395996094,2.191307306289673,2.5271809101104736
B9,1.8275859355926514,1.4900625944137573,1.3956483602523804,1.0055283308029175,1.0320374965667725,0.9140169024467468,0.6739358901977539,0.38330957293510437,0.07952237129211426,0.41062939167022705,0.7101180553436279,0.9871167540550232,1.3232043981552124,1.618445634841919,1.8977677822113037,1.8703075647354126,1.5310099124908447,1.4322954416275024,1.0423460006713867,1.0682060718536377,0.9565925598144531,0.709498941898346,0.3978462815284729,0.0,0.3908354341983795,0.6831989884376526,0.9865032434463501,1.3123936653137207,1.6199593544006348,1.8939762115478516,1.2112038135528564,1.0400868654251099,0.6918277740478516,0.5877768397331238,0.438052773475647,0.4872962236404419,0.8828359842300415,1.1909579038619995,1.3097140789031982,1.2752795219421387,1.5473963022232056,1.4944299459457397,1.8663088083267212,1.9448432922363281,2.2742257118225098,1.9035030603408813,1.6627272367477417,1.6743232011795044,1.339935302734375,1.5045466423034668,1.423467755317688,1.2963446378707886,1.5641148090362549,1.6685291528701782,1.388592004776001,1.575527310371399,1.3579033613204956,1.653117299079895,1.6671358346939087,1.9059184789657593,1.234572172164917,1.0645051002502441,0.7590364813804626,0.6051959991455078,0.5051578879356384,0.45667019486427307,0.8350820541381836,1.1174465417861938,1.228574514389038,1.2237085103988647,1.5060882568359375,1.4657152891159058,1.8452672958374023,1.9428064823150635,2.2765684127807617
B10,1.5401798486709595,1.1769801378250122,1.1121891736984253,0.7542518377304077,0.8539533615112305,0.8965927362442017,0.7460660338401794,0.6168691515922546,0.3833606541156769,0.07341451942920685,0.4349389970302582,0.6373372673988342,0.9891928434371948,1.2789539098739624,1.5425392389297485,1.5953772068023682,1.2310662269592285,1.1672996282577515,0.811352550983429,0.9057129621505737,0.9493130445480347,0.79581618309021,0.6411585211753845,0.3908354341983795,0.0,0.39900562167167664,0.6370379328727722,0.9739362001419067,1.2795480489730835,1.5369393825531006,0.9632555246353149,0.8331171274185181,0.5878197550773621,0.5106184482574463,0.6262466907501221,0.6975491642951965,1.0189409255981445,1.2247036695480347,1.2229712009429932,1.166483759880066,1.3601874113082886,1.2876051664352417,1.6431750059127808,1.7014061212539673,2.0539865493774414,1.8117488622665405,1.5367357730865479,1.599048137664795,1.2841792106628418,1.4797199964523315,1.490780234336853,1.4517197608947754,1.7220854759216309,1.7592140436172485,1.4850844144821167,1.6045053005218506,1.3336045742034912,1.6069227457046509,1.5483403205871582,1.815826177597046,1.0252512693405151,0.9030791521072388,0.7210026383399963,0.6056092977523804,0.7369754910469055,0.7458722591400146,1.0433324575424194,1.219267725944519,1.2041319608688354,1.1736259460449219,1.37100350856781,1.3014774322509766,1.660905122756958,1.7292524576187134,2.0869219303131104
B11,1.4973353147506714,1.1462631225585938,1.2079212665557861,0.933566689491272,1.1460046768188477,1.2609810829162598,1.1444835662841797,0.9849767088890076,0.6579205393791199,0.3740682899951935,0.07321375608444214,0.36569955945014954,0.6444832682609558,0.9674557447433472,1.228818416595459,1.569920301437378,1.220186471939087,1.277909278869629,1.0012961626052856,1.2003896236419678,1.3105273246765137,1.1938753128051758,1.015308141708374,0.6831989884376526,0.39900562167167664,0.0,0.3955332338809967,0.6407496333122253,0.9819480180740356,1.2306541204452515,0.5896593332290649,0.5808788537979126,0.44802892208099365,0.635706901550293,0.868923544883728,1.0582526922225952,1.3753654956817627,1.5701639652252197,1.5118930339813232,1.3797847032546997,1.4816930294036865,1.3091119527816772,1.6058979034423828,1.5702413320541382,1.9180978536605835,1.6874327659606934,1.4512169361114502,1.6059064865112305,1.3719183206558228,1.6463298797607422,1.726070523262024,1.6818304061889648,1.8897762298583984,1.853757381439209,1.5407501459121704,1.5652967691421509,1.2274353504180908,1.4205594062805176,1.281935691833496,1.5212411880493164,0.652439296245575,0.6404517889022827,0.5634178519248962,0.6706923842430115,0.9141753911972046,1.06114661693573,1.3703529834747314,1.549018383026123,1.4857854843139648,1.3664661645889282,1.4812067747116089,1.305519700050354,1.611424207687378,1.587397813796997,1.9394452571868896
B12,1.1459282636642456,0.8016130328178406,0.9415767192840576,0.7831709980964661,1.0837382078170776,1.3051307201385498,1.302430272102356,1.2510536909103394,0.9808797836303711,0.6390455961227417,0.4315044581890106,0.06675717234611511,0.4293716847896576,0.6461249589920044,0.9392889142036438,1.2280302047729492,0.8860365152359009,1.0208611488342285,0.853188157081604,1.1356936693191528,1.3490879535675049,1.3433629274368286,1.2692813873291016,0.9865032434463501,0.6370379328727722,0.3955332338809967,0.0,0.38629287481307983,0.6429058313369751,0.9245274066925049,0.5024114847183228,0.486477255821228,0.6037855744361877,0.7157240509986877,1.058113694190979,1.2460840940475464,1.4800477027893066,1.5887054204940796,1.4319422245025635,1.2570390701293945,1.2548714876174927,1.0512771606445312,1.3014165163040161,1.2470155954360962,1.607359766960144,1.530686855316162,1.2628518342971802,1.4515745639801025,1.2629297971725464,1.5463881492614746,1.708910346031189,1.741652011871338,1.9390136003494263,1.8453112840652466,1.5710136890411377,1.5409698486328125,1.2004625797271729,1.3745417594909668,1.1931607723236084,1.4786609411239624,0.6275991201400757,0.6151670217514038,0.745469868183136,0.7974137663841248,1.1334471702575684,1.2822949886322021,1.511565089225769,1.6015857458114624,1.438515067100525,1.281392216682434,1.2909668684005737,1.0871622562408447,1.3433812856674194,1.296526551246643,1.6619598865509033
B13,1.2693432569503784,0.9789387583732605,1.2032467126846313,1.1307399272918701,1.433436632156372,1.6808521747589111,1.6632444858551025,1.5878390073776245,1.2933759689331055,0.9574038982391357,0.6378061771392822,0.3531966507434845,0.07054596394300461,0.3527752757072449,0.5929588079452515,1.3651963472366333,1.0728943347930908,1.2887383699417114,1.1997419595718384,1.4871623516082764,1.7263342142105103,1.7100836038589478,1.615057110786438,1.3123936653137207,0.9739362001419067,0.6407496333122253,0.38629287481307983,0.0,0.388731986284256,0.5930247902870178,0.4079349637031555,0.6445843577384949,0.8662328124046326,1.0753717422485352,1.4147570133209229,1.6199815273284912,1.8659712076187134,1.9686003923416138,1.7888563871383667,1.6023032665252686,1.5369564294815063,1.2906832695007324,1.4527792930603027,1.3026152849197388,1.6392152309417725,1.6391143798828125,1.4213955402374268,1.678629994392395,1.5613871812820435,1.8704450130462646,2.0650675296783447,2.097018241882324,2.262333631515503,2.1291661262512207,1.8427212238311768,1.7452510595321655,1.375962495803833,1.4520319700241089,1.1781151294708252,1.408754825592041,0.5431908369064331,0.7364766001701355,0.9606655836105347,1.1242740154266357,1.4637303352355957,1.6443132162094116,1.8914240598678589,1.9857968091964722,1.8074613809585571,1.6284608840942383,1.581680417060852,1.3261606693267822,1.499605655670166,1.3548493385314941,1.6954296827316284
