0.000000000000000000e+00,3.869210183620452881e-01,6.275520324707031250e-01,9.410888552665710449e-01,1.258390426635742188e+00,1.566596627235412598e+00,1.840505957603454590e+00,1.997664809226989746e+00,1.863546371459960938e+00,1.583841085433959961e+00,1.552579641342163086e+00,1.205501914024353027e+00,1.338765382766723633e+00,1.134484887123107910e+00,1.372009634971618652e+00,1.028724089264869690e-01,3.290253579616546631e-01,6.263146996498107910e-01,9.342206120491027832e-01,1.261135458946228027e+00,1.570853114128112793e+00,1.838965892791748047e+00,1.977936267852783203e+00,1.827585935592651367e+00,1.540179848670959473e+00,1.497335314750671387e+00,1.145928263664245605e+00,1.269343256950378418e+00,1.063533782958984375e+00,1.306330442428588867e+00,1.402176141738891602e+00,1.211875677108764648e+00,1.447721719741821289e+00,1.313661694526672363e+00,1.651002764701843262e+00,1.788880825042724609e+00,1.759538054466247559e+00,1.638113379478454590e+00,1.288598299026489258e+00,1.019984722137451172e+00,6.600574851036071777e-01,5.039637684822082520e-01,4.095879793167114258e-01,5.663048028945922852e-01,8.573452830314636230e-01,1.314332365989685059e+00,9.903487563133239746e-01,1.080685377120971680e+00,1.066088318824768066e+00,1.211961507797241211e+00,1.558729410171508789e+00,1.797894358634948730e+00,1.937274813652038574e+00,1.739962100982666016e+00,1.679085135459899902e+00,1.594696998596191406e+00,1.442651033401489258e+00,1.613237857818603516e+00,1.531037211418151855e+00,1.882958769798278809e+00,1.507241368293762207e+00,1.338856577873229980e+00,1.576032757759094238e+00,1.429908156394958496e+00,1.765106678009033203e+00,1.868988513946533203e+00,1.849132299423217773e+00,1.700084924697875977e+00,1.334629774093627930e+00,1.119557380676269531e+00,7.884213924407958984e-01,6.902787685394287109e-01,6.473928093910217285e-01,7.511827945709228516e-01,1.048043251037597656e+00
3.869210183620452881e-01,0.000000000000000000e+00,3.774407804012298584e-01,6.219591498374938965e-01,9.651002883911132812e-01,1.291782140731811523e+00,1.516831040382385254e+00,1.655982613563537598e+00,1.519212126731872559e+00,1.216270804405212402e+00,1.199600577354431152e+00,8.612808585166931152e-01,1.047033071517944336e+00,9.340398907661437988e-01,1.194230794906616211e+00,4.598255753517150879e-01,9.621378779411315918e-02,4.294097721576690674e-01,6.378870606422424316e-01,9.832631945610046387e-01,1.308598756790161133e+00,1.525908231735229492e+00,1.643983125686645508e+00,1.490062594413757324e+00,1.176980137825012207e+00,1.146263122558593750e+00,8.016130328178405762e-01,9.789387583732604980e-01,8.720567226409912109e-01,1.138201594352722168e+00,1.144062042236328125e+00,9.667117595672607422e-01,1.161345720291137695e+00,1.026317358016967773e+00,1.373520612716674805e+00,1.493854403495788574e+00,1.519235730171203613e+00,1.439454913139343262e+00,1.117892742156982422e+00,8.887422680854797363e-01,6.497914791107177734e-01,5.090003013610839844e-01,6.710489988327026367e-01,7.789928913116455078e-01,1.134601473808288574e+00,1.395474553108215332e+00,1.046873331069946289e+00,1.150032639503479004e+00,1.019139289855957031e+00,1.196959733963012695e+00,1.483045101165771484e+00,1.681399703025817871e+00,1.873177289962768555e+00,1.728107571601867676e+00,1.604066848754882812e+00,1.564914226531982422e+00,1.352761507034301758e+00,1.560889005661010742e+00,1.455625057220458984e+00,1.810098528861999512e+00,1.262430548667907715e+00,1.110680580139160156e+00,1.308652997016906738e+00,1.162993907928466797e+00,1.500308513641357422e+00,1.583737611770629883e+00,1.617086410522460938e+00,1.512759208679199219e+00,1.181470036506652832e+00,1.007461428642272949e+00,7.965274453163146973e-01,6.960195899009704590e-01,8.421555757522583008e-01,9.256176948547363281e-01,1.282292604446411133e+00
6.275520324707031250e-01,3.774407804012298584e-01,0.000000000000000000e+00,3.985547125339508057e-01,6.441286206245422363e-01,9.908972978591918945e-01,1.265307784080505371e+00,1.479158997535705566e+00,1.431826591491699219e+00,1.158942699432373047e+00,1.263566255569458008e+00,9.992741942405700684e-01,1.265078067779541016e+00,1.238927960395812988e+00,1.482994437217712402e+00,6.497443914413452148e-01,3.483699262142181396e-01,9.601932764053344727e-02,3.857153356075286865e-01,6.513732671737670898e-01,1.003373503684997559e+00,1.266430616378784180e+00,1.460029006004333496e+00,1.395648360252380371e+00,1.112189173698425293e+00,1.207921266555786133e+00,9.415767192840576172e-01,1.203246712684631348e+00,1.186024308204650879e+00,1.434378981590270996e+00,1.371772646903991699e+00,1.160786628723144531e+00,1.246668696403503418e+00,1.002888321876525879e+00,1.280847668647766113e+00,1.304841756820678711e+00,1.268641233444213867e+00,1.128153204917907715e+00,7.816024422645568848e-01,6.473705768585205078e-01,4.963586628437042236e-01,6.018908023834228516e-01,8.664434552192687988e-01,1.089577555656433105e+00,1.422799229621887207e+00,1.618477582931518555e+00,1.248333334922790527e+00,1.246698737144470215e+00,1.012842774391174316e+00,1.081074237823486328e+00,1.308374643325805664e+00,1.541593551635742188e+00,1.795666933059692383e+00,1.722302913665771484e+00,1.633111953735351562e+00,1.681535840034484863e+00,1.511953711509704590e+00,1.783143997192382812e+00,1.728986620903015137e+00,2.089853525161743164e+00,1.489280462265014648e+00,1.304209351539611816e+00,1.408017158508300781e+00,1.172486782073974609e+00,1.443397998809814453e+00,1.433663249015808105e+00,1.413920879364013672e+00,1.253556966781616211e+00,9.078738093376159668e-01,8.518510460853576660e-01,7.235946655273437500e-01,8.090944886207580566e-01,1.037443995475769043e+00,1.223870873451232910e+00,1.567008256912231445e+00
9.410888552665710449e-01,6.219591498374938965e-01,3.985547125339508057e-01,0.000000000000000000e+00,3.922922313213348389e-01,6.803601384162902832e-01,9.018415212631225586e-01,1.086361885070800781e+00,1.045256733894348145e+00,8.094251751899719238e-01,9.931892156600952148e-01,8.362294435501098633e-01,1.183965086936950684e+00,1.271528005599975586e+00,1.550155758857727051e+00,9.697368741035461426e-01,6.303347945213317871e-01,4.300128519535064697e-01,7.596221566200256348e-02,4.180912673473358154e-01,7.049865126609802246e-01,9.062932133674621582e-01,1.066091179847717285e+00,1.005528330802917480e+00,7.542518377304077148e-01,9.335666894912719727e-01,7.831709980964660645e-01,1.130739927291870117e+00,1.232957363128662109e+00,1.513951301574707031e+00,1.234503626823425293e+00,9.941788911819458008e-01,9.666149020195007324e-01,6.712491512298583984e-01,9.098294973373413086e-01,9.173886179924011230e-01,9.402838945388793945e-01,8.940169811248779297e-01,6.592149138450622559e-01,5.570915937423706055e-01,6.575670242309570312e-01,7.211725711822509766e-01,1.084268808364868164e+00,1.275724768638610840e+00,1.622501969337463379e+00,1.615615367889404297e+00,1.256358265876770020e+00,1.239385366439819336e+00,9.177921414375305176e-01,1.012311339378356934e+00,1.144785165786743164e+00,1.303807854652404785e+00,1.593587040901184082e+00,1.578238964080810547e+00,1.439010024070739746e+00,1.545949101448059082e+00,1.360977053642272949e+00,1.671348452568054199e+00,1.645036458969116211e+00,1.994216084480285645e+00,1.337727189064025879e+00,1.124904751777648926e+00,1.131171584129333496e+00,8.554473519325256348e-01,1.084395885467529297e+00,1.047657251358032227e+00,1.073085308074951172e+00,9.867493510246276855e-01,7.304089069366455078e-01,7.085477709770202637e-01,7.742367386817932129e-01,8.443935513496398926e-01,1.180387258529663086e+00,1.361839413642883301e+00,1.718662500381469727e+00
1.258390426635742188e+00,9.651002883911132812e-01,6.441286206245422363e-01,3.922922313213348389e-01,0.000000000000000000e+00,3.954278230667114258e-01,6.645148992538452148e-01,9.669101834297180176e-01,1.071448922157287598e+00,9.030199646949768066e-01,1.195251226425170898e+00,1.123791456222534180e+00,1.477211475372314453e+00,1.609245777130126953e+00,1.853817939758300781e+00,1.272841215133666992e+00,9.618983268737792969e-01,6.501653194427490234e-01,3.742558658123016357e-01,6.714468449354171753e-02,4.267263412475585938e-01,6.615678668022155762e-01,9.420448541641235352e-01,1.032037496566772461e+00,8.539533615112304688e-01,1.146004676818847656e+00,1.083738207817077637e+00,1.433436632156372070e+00,1.577052354812622070e+00,1.823538064956665039e+00,1.555851340293884277e+00,1.334507226943969727e+00,1.228592038154602051e+00,8.944438099861145020e-01,9.925534725189208984e-01,8.325867652893066406e-01,7.828770875930786133e-01,6.649811863899230957e-01,4.873033463954925537e-01,6.420431733131408691e-01,8.609229326248168945e-01,1.051821231842041016e+00,1.411632657051086426e+00,1.645333290100097656e+00,1.980689048767089844e+00,1.963317513465881348e+00,1.605579853057861328e+00,1.530088305473327637e+00,1.165341019630432129e+00,1.147741794586181641e+00,1.173374176025390625e+00,1.340782165527343750e+00,1.690480589866638184e+00,1.757356643676757812e+00,1.650971770286560059e+00,1.826353549957275391e+00,1.676420807838439941e+00,2.011126041412353516e+00,2.007902145385742188e+00,2.349231719970703125e+00,1.656212925910949707e+00,1.455179452896118164e+00,1.387630581855773926e+00,1.076944947242736816e+00,1.191448211669921875e+00,1.018420934677124023e+00,9.901713132858276367e-01,8.523861169815063477e-01,6.601806879043579102e-01,8.437399268150329590e-01,1.002494454383850098e+00,1.177504062652587891e+00,1.516922712326049805e+00,1.735885739326477051e+00,2.082636833190917969e+00
1.566596627235412598e+00,1.291782140731811523e+00,9.908972978591918945e-01,6.803601384162902832e-01,3.954278230667114258e-01,0.000000000000000000e+00,4.113492667675018311e-01,7.594180703163146973e-01,9.665521979331970215e-01,9.507187604904174805e-01,1.310158967971801758e+00,1.340403795242309570e+00,1.719280838966369629e+00,1.892601013183593750e+00,2.162075757980346680e+00,1.570997357368469238e+00,1.283878445625305176e+00,9.802758693695068359e-01,6.547105312347412109e-01,3.747437298297882080e-01,6.577689200639724731e-02,3.652887642383575439e-01,7.117407917976379395e-01,9.140169024467468262e-01,8.965927362442016602e-01,1.260981082916259766e+00,1.305130720138549805e+00,1.680852174758911133e+00,1.864810585975646973e+00,2.135867595672607422e+00,1.729380488395690918e+00,1.474074125289916992e+00,1.276749372482299805e+00,9.060110449790954590e-01,8.405745029449462891e-01,5.617861747741699219e-01,4.297178983688354492e-01,3.889866471290588379e-01,5.019379258155822754e-01,7.202854156494140625e-01,1.066767573356628418e+00,1.260510087013244629e+00,1.642740488052368164e+00,1.888834118843078613e+00,2.206174612045288086e+00,2.056475400924682617e+00,1.723556995391845703e+00,1.593557357788085938e+00,1.192538857460021973e+00,1.122632384300231934e+00,1.014844536781311035e+00,1.118303537368774414e+00,1.501174807548522949e+00,1.650621652603149414e+00,1.556966900825500488e+00,1.805274009704589844e+00,1.703465461730957031e+00,2.066705942153930664e+00,2.121678113937377930e+00,2.447962045669555664e+00,1.806407809257507324e+00,1.567366123199462891e+00,1.410346150398254395e+00,1.056702256202697754e+00,1.037650942802429199e+00,7.644146084785461426e-01,6.686295270919799805e-01,5.541951060295104980e-01,5.608259439468383789e-01,8.364978432655334473e-01,1.126837730407714844e+00,1.330627441406250000e+00,1.701048135757446289e+00,1.946833133697509766e+00,2.276030302047729492e+00
1.840505957603454590e+00,1.516831040382385254e+00,1.265307784080505371e+00,9.018415212631225586e-01,6.645148992538452148e-01,4.113492667675018311e-01,0.000000000000000000e+00,3.971023559570312500e-01,7.070879340171813965e-01,7.792384624481201172e-01,1.177001833915710449e+00,1.319242477416992188e+00,1.686512947082519531e+00,1.933780789375305176e+00,2.184898376464843750e+00,1.862261056900024414e+00,1.531856298446655273e+00,1.279590725898742676e+00,9.082654118537902832e-01,6.818260550498962402e-01,4.600709974765777588e-01,8.126579970121383667e-02,3.657456636428833008e-01,6.739358901977539062e-01,7.460660338401794434e-01,1.144483566284179688e+00,1.302430272102355957e+00,1.663244485855102539e+00,1.920858144760131836e+00,2.171391963958740234e+00,1.692318677902221680e+00,1.491163015365600586e+00,1.224562287330627441e+00,9.303940534591674805e-01,7.827565670013427734e-01,4.333697557449340820e-01,5.645193457603454590e-01,7.344161272048950195e-01,9.123056530952453613e-01,1.082748651504516602e+00,1.416616082191467285e+00,1.539794921875000000e+00,1.931238055229187012e+00,2.122480630874633789e+00,2.457447767257690430e+00,2.233351945877075195e+00,1.925411939620971680e+00,1.841284155845642090e+00,1.443454980850219727e+00,1.441916346549987793e+00,1.300960540771484375e+00,1.295803904533386230e+00,1.666954278945922852e+00,1.841644763946533203e+00,1.681642532348632812e+00,1.933514833450317383e+00,1.788972854614257812e+00,2.135189533233642578e+00,2.168968915939331055e+00,2.460560798645019531e+00,1.756372451782226562e+00,1.565181136131286621e+00,1.340491652488708496e+00,1.049481511116027832e+00,9.554549455642700195e-01,6.291655302047729492e-01,7.165193557739257812e-01,8.079377412796020508e-01,9.355232119560241699e-01,1.146867156028747559e+00,1.456454873085021973e+00,1.585436820983886719e+00,1.972009778022766113e+00,2.167227506637573242e+00,2.509901762008666992e+00
1.997664809226989746e+00,1.655982613563537598e+00,1.479158997535705566e+00,1.086361885070800781e+00,9.669101834297180176e-01,7.594180703163146973e-01,3.971023559570312500e-01,0.000000000000000000e+00,3.963104486465454102e-01,6.313396096229553223e-01,1.005304932594299316e+00,1.253668665885925293e+00,1.599102735519409180e+00,1.894948720932006836e+00,2.150180816650390625e+00,2.031595945358276367e+00,1.686937212944030762e+00,1.507036685943603516e+00,1.110870003700256348e+00,9.964933395385742188e-01,8.042101860046386719e-01,4.404892921447753906e-01,7.708698511123657227e-02,3.833095729351043701e-01,6.168691515922546387e-01,9.849767088890075684e-01,1.251053690910339355e+00,1.587839007377624512e+00,1.893760442733764648e+00,2.145965099334716797e+00,1.550800919532775879e+00,1.383361577987670898e+00,1.057223081588745117e+00,8.662347197532653809e-01,6.547985076904296875e-01,4.145045578479766846e-01,7.586408853530883789e-01,1.050145864486694336e+00,1.237496733665466309e+00,1.317548632621765137e+00,1.637945294380187988e+00,1.674483656883239746e+00,2.063688039779663086e+00,2.195758104324340820e+00,2.530910968780517578e+00,2.207017660140991211e+00,1.939998030662536621e+00,1.899881601333618164e+00,1.525679945945739746e+00,1.602093219757080078e+00,1.458449721336364746e+00,1.356630682945251465e+00,1.681616544723510742e+00,1.850785970687866211e+00,1.625054717063903809e+00,1.863234758377075195e+00,1.687312841415405273e+00,2.006523847579956055e+00,2.034342527389526367e+00,2.284816503524780273e+00,1.589416384696960449e+00,1.425678014755249023e+00,1.137834310531616211e+00,9.266707301139831543e-01,7.668732404708862305e-01,4.907147586345672607e-01,7.784894108772277832e-01,1.027355551719665527e+00,1.198381900787353516e+00,1.313972711563110352e+00,1.632268548011779785e+00,1.678133487701416016e+00,2.069326400756835938e+00,2.213787317276000977e+00,2.553467273712158203e+00
1.863546371459960938e+00,1.519212126731872559e+00,1.431826591491699219e+00,1.045256733894348145e+00,1.071448922157287598e+00,9.665521979331970215e-01,7.070879340171813965e-01,3.963104486465454102e-01,0.000000000000000000e+00,3.887889385223388672e-01,6.773079037666320801e-01,9.761844277381896973e-01,1.300183773040771484e+00,1.608408570289611816e+00,1.877697944641113281e+00,1.909648060798645020e+00,1.564110755920410156e+00,1.472634911537170410e+00,1.086017847061157227e+00,1.110939860343933105e+00,1.012005805969238281e+00,7.494269013404846191e-01,4.249433875083923340e-01,7.952237129211425781e-02,3.833606541156768799e-01,6.579205393791198730e-01,9.808797836303710938e-01,1.293375968933105469e+00,1.613340854644775391e+00,1.876762509346008301e+00,1.197184085845947266e+00,1.051265120506286621e+00,7.057559490203857422e-01,6.393288373947143555e-01,5.137875080108642578e-01,5.568034052848815918e-01,9.531010389328002930e-01,1.256087899208068848e+00,1.369356513023376465e+00,1.339489221572875977e+00,1.603206753730773926e+00,1.544634461402893066e+00,1.913056969642639160e+00,1.981127023696899414e+00,2.313909053802490234e+00,1.949054956436157227e+00,1.711265206336975098e+00,1.735547900199890137e+00,1.406693816184997559e+00,1.578025937080383301e+00,1.502044200897216797e+00,1.375260114669799805e+00,1.639680385589599609e+00,1.739986181259155273e+00,1.453332424163818359e+00,1.629991888999938965e+00,1.400080323219299316e+00,1.683629631996154785e+00,1.683181285858154297e+00,1.913638591766357422e+00,1.219841718673706055e+00,1.073962092399597168e+00,7.696870565414428711e-01,6.540225148200988770e-01,5.689391493797302246e-01,5.299998521804809570e-01,9.104966521263122559e-01,1.191244482994079590e+00,1.298256635665893555e+00,1.294562816619873047e+00,1.568547606468200684e+00,1.519239068031311035e+00,1.895147681236267090e+00,1.980829119682312012e+00,2.317284345626831055e+00
1.583841085433959961e+00,1.216270804405212402e+00,1.158942699432373047e+00,8.094251751899719238e-01,9.030199646949768066e-01,9.507187604904174805e-01,7.792384624481201172e-01,6.313396096229553223e-01,3.887889385223388672e-01,0.000000000000000000e+00,3.989512622356414795e-01,6.317909359931945801e-01,9.677675366401672363e-01,1.273056387901306152e+00,1.524711966514587402e+00,1.642040729522705078e+00,1.274008274078369141e+00,1.217554092407226562e+00,8.689520359039306641e-01,9.570213556289672852e-01,1.005307316780090332e+00,8.338887691497802734e-01,6.635898947715759277e-01,4.106293916702270508e-01,7.341451942920684814e-02,3.740682899951934814e-01,6.390455961227416992e-01,9.574038982391357422e-01,1.277625322341918945e+00,1.522348165512084961e+00,9.543691277503967285e-01,8.539823293685913086e-01,6.131721138954162598e-01,5.750372409820556641e-01,6.849970817565917969e-01,7.501571178436279297e-01,1.079830408096313477e+00,1.286687612533569336e+00,1.285551667213439941e+00,1.235497593879699707e+00,1.422792196273803711e+00,1.346047520637512207e+00,1.696281433105468750e+00,1.744043111801147461e+00,2.098410606384277344e+00,1.860127925872802734e+00,1.589777708053588867e+00,1.662356615066528320e+00,1.353073239326477051e+00,1.552462339401245117e+00,1.563624143600463867e+00,1.520627379417419434e+00,1.788891434669494629e+00,1.825403690338134766e+00,1.545298933982849121e+00,1.658193230628967285e+00,1.378409266471862793e+00,1.640610456466674805e+00,1.569351315498352051e+00,1.827884793281555176e+00,1.015908241271972656e+00,9.208827614784240723e-01,7.399849295616149902e-01,6.597800254821777344e-01,7.855841517448425293e-01,7.953379750251770020e-01,1.104117870330810547e+00,1.285599827766418457e+00,1.273673892021179199e+00,1.246285796165466309e+00,1.438443303108215332e+00,1.361860394477844238e+00,1.716203808784484863e+00,1.773043513298034668e+00,2.131802082061767578e+00
1.552579641342163086e+00,1.199600577354431152e+00,1.263566255569458008e+00,9.931892156600952148e-01,1.195251226425170898e+00,1.310158967971801758e+00,1.177001833915710449e+00,1.005304932594299316e+00,6.773079037666320801e-01,3.989512622356414795e-01,0.000000000000000000e+00,3.921895027160644531e-01,6.336281299591064453e-01,9.749726057052612305e-01,1.219491243362426758e+00,1.627218365669250488e+00,1.275786161422729492e+00,1.335733532905578613e+00,1.062075018882751465e+00,1.251231312751770020e+00,1.361356019973754883e+00,1.229675412178039551e+00,1.040379166603088379e+00,7.101180553436279297e-01,4.349389970302581787e-01,7.321375608444213867e-02,4.315044581890106201e-01,6.378061771392822266e-01,9.945361018180847168e-01,1.225488901138305664e+00,5.962162017822265625e-01,6.297675967216491699e-01,5.033405423164367676e-01,7.051373720169067383e-01,9.235757589340209961e-01,1.103691577911376953e+00,1.429141044616699219e+00,1.626923322677612305e+00,1.572026491165161133e+00,1.448085188865661621e+00,1.548934578895568848e+00,1.376916885375976562e+00,1.669064998626708984e+00,1.625305294990539551e+00,1.972934365272521973e+00,1.745552062988281250e+00,1.515184998512268066e+00,1.675966858863830566e+00,1.444847941398620605e+00,1.719124674797058105e+00,1.795643091201782227e+00,1.747243642807006836e+00,1.955293059349060059e+00,1.921443343162536621e+00,1.604471921920776367e+00,1.625964164733886719e+00,1.283728122711181641e+00,1.465094566345214844e+00,1.315286993980407715e+00,1.541849017143249512e+00,6.559767127037048340e-01,6.822404265403747559e-01,6.049946546554565430e-01,7.348960638046264648e-01,9.639028906822204590e-01,1.105749249458312988e+00,1.424538612365722656e+00,1.609041213989257812e+00,1.551123380661010742e+00,1.438115000724792480e+00,1.552649021148681641e+00,1.375331878662109375e+00,1.676573395729064941e+00,1.643360495567321777e+00,1.994420051574707031e+00
1.205501914024353027e+00,8.612808585166931152e-01,9.992741942405700684e-01,8.362294435501098633e-01,1.123791456222534180e+00,1.340403795242309570e+00,1.319242477416992188e+00,1.253668665885925293e+00,9.761844277381896973e-01,6.317909359931945801e-01,3.921895027160644531e-01,0.000000000000000000e+00,3.879243135452270508e-01,6.419881582260131836e-01,9.206635951995849609e-01,1.289014577865600586e+00,9.470644593238830566e-01,1.079989671707153320e+00,9.074620604515075684e-01,1.177575945854187012e+00,1.386235475540161133e+00,1.363287687301635742e+00,1.275689959526062012e+00,9.871167540550231934e-01,6.373372673988342285e-01,3.656995594501495361e-01,6.675717234611511230e-02,3.531966507434844971e-01,6.462438702583312988e-01,9.107805490493774414e-01,4.803162217140197754e-01,5.099027156829833984e-01,6.154568791389465332e-01,7.523352503776550293e-01,1.083321452140808105e+00,1.269053339958190918e+00,1.516025662422180176e+00,1.632731795310974121e+00,1.483612179756164551e+00,1.316953778266906738e+00,1.320058822631835938e+00,1.117842793464660645e+00,1.364733815193176270e+00,1.301533818244934082e+00,1.659915208816528320e+00,1.577065825462341309e+00,1.317330002784729004e+00,1.511168599128723145e+00,1.323253870010375977e+00,1.607904672622680664e+00,1.763833403587341309e+00,1.788486003875732422e+00,1.986128091812133789e+00,1.895877957344055176e+00,1.614479064941406250e+00,1.583332777023315430e+00,1.236621260643005371e+00,1.401162385940551758e+00,1.209843754768371582e+00,1.483357310295104980e+00,6.055600047111511230e-01,6.288550496101379395e-01,7.504513263702392578e-01,8.267999291419982910e-01,1.153647184371948242e+00,1.302577376365661621e+00,1.545402765274047852e+00,1.645797610282897949e+00,1.492071986198425293e+00,1.340883493423461914e+00,1.356796264648437500e+00,1.151736497879028320e+00,1.405469298362731934e+00,1.349262595176696777e+00,1.712260007858276367e+00
1.338765382766723633e+00,1.047033071517944336e+00,1.265078067779541016e+00,1.183965086936950684e+00,1.477211475372314453e+00,1.719280838966369629e+00,1.686512947082519531e+00,1.599102735519409180e+00,1.300183773040771484e+00,9.677675366401672363e-01,6.336281299591064453e-01,3.879243135452270508e-01,0.000000000000000000e+00,3.874253332614898682e-01,5.902468562126159668e-01,1.434904813766479492e+00,1.141253352165222168e+00,1.351399898529052734e+00,1.254093885421752930e+00,1.532306909561157227e+00,1.766214013099670410e+00,1.735660791397094727e+00,1.629237174987792969e+00,1.323204398155212402e+00,9.891928434371948242e-01,6.444832682609558105e-01,4.293716847896575928e-01,7.054596394300460815e-02,4.324280619621276855e-01,5.986796617507934570e-01,4.131774008274078369e-01,6.830404400825500488e-01,8.893906474113464355e-01,1.113633155822753906e+00,1.443670392036437988e+00,1.647167444229125977e+00,1.903768539428710938e+00,2.014045476913452148e+00,1.841764569282531738e+00,1.661648511886596680e+00,1.603573441505432129e+00,1.359500765800476074e+00,1.522778034210205078e+00,1.368366956710815430e+00,1.701763391494750977e+00,1.691292881965637207e+00,1.480950355529785156e+00,1.740287899971008301e+00,1.621288299560546875e+00,1.931441664695739746e+00,2.119440555572509766e+00,2.143712759017944336e+00,2.309519290924072266e+00,2.180208921432495117e+00,1.887329816818237305e+00,1.790328621864318848e+00,1.416911482810974121e+00,1.485292792320251465e+00,1.204937100410461426e+00,1.420747041702270508e+00,5.407355427742004395e-01,7.651971578598022461e-01,9.772133827209472656e-01,1.157497644424438477e+00,1.488373637199401855e+00,1.668868899345397949e+00,1.926936388015747070e+00,2.030657291412353516e+00,1.860927939414978027e+00,1.686697483062744141e+00,1.647784352302551270e+00,1.392555236816406250e+00,1.567416071891784668e+00,1.417761921882629395e+00,1.754762172698974609e+00
1.134484887123107910e+00,9.340398907661437988e-01,1.238927960395812988e+00,1.271528005599975586e+00,1.609245777130126953e+00,1.892601013183593750e+00,1.933780789375305176e+00,1.894948720932006836e+00,1.608408570289611816e+00,1.273056387901306152e+00,9.749726057052612305e-01,6.419881582260131836e-01,3.874253332614898682e-01,0.000000000000000000e+00,3.751785755157470703e-01,1.234877705574035645e+00,1.023283600807189941e+00,1.318996191024780273e+00,1.331107974052429199e+00,1.656089067459106445e+00,1.931550979614257812e+00,1.973512530326843262e+00,1.914998054504394531e+00,1.618445634841918945e+00,1.278953909873962402e+00,9.674557447433471680e-01,6.461249589920043945e-01,3.527752757072448730e-01,7.263881713151931763e-02,3.429099023342132568e-01,5.923537611961364746e-01,7.902039885520935059e-01,1.103758931159973145e+00,1.290396332740783691e+00,1.658750295639038086e+00,1.880603194236755371e+00,2.083550691604614258e+00,2.145391225814819336e+00,1.916185140609741211e+00,1.692426919937133789e+00,1.543352723121643066e+00,1.261683464050292969e+00,1.326740384101867676e+00,1.111755371093750000e+00,1.419458150863647461e+00,1.556860446929931641e+00,1.359976649284362793e+00,1.654757142066955566e+00,1.611445069313049316e+00,1.926922440528869629e+00,2.176441907882690430e+00,2.244069814682006836e+00,2.377933502197265625e+00,2.194792747497558594e+00,1.937144756317138672e+00,1.783557176589965820e+00,1.429146289825439453e+00,1.451325535774230957e+00,1.143355131149291992e+00,1.373510241508483887e+00,7.071722745895385742e-01,8.801370859146118164e-01,1.188860893249511719e+00,1.339516043663024902e+00,1.707556486129760742e+00,1.907543420791625977e+00,2.114027500152587891e+00,2.167217254638671875e+00,1.939377903938293457e+00,1.723392844200134277e+00,1.594512343406677246e+00,1.306333661079406738e+00,1.386764883995056152e+00,1.179154396057128906e+00,1.492997169494628906e+00
1.372009634971618652e+00,1.194230794906616211e+00,1.482994437217712402e+00,1.550155758857727051e+00,1.853817939758300781e+00,2.162075757980346680e+00,2.184898376464843750e+00,2.150180816650390625e+00,1.877697944641113281e+00,1.524711966514587402e+00,1.219491243362426758e+00,9.206635951995849609e-01,5.902468562126159668e-01,3.751785755157470703e-01,0.000000000000000000e+00,1.474465608596801758e+00,1.282724499702453613e+00,1.568310499191284180e+00,1.611988544464111328e+00,1.904605150222778320e+00,2.205407857894897461e+00,2.232030153274536133e+00,2.178635120391845703e+00,1.897767782211303711e+00,1.542539238929748535e+00,1.228818416595458984e+00,9.392889142036437988e-01,5.929588079452514648e-01,4.170060157775878906e-01,7.067187875509262085e-02,8.888331651687622070e-01,1.149354219436645508e+00,1.437993884086608887e+00,1.630185842514038086e+00,1.988589525222778320e+00,2.181362628936767578e+00,2.391582727432250977e+00,2.436954259872436523e+00,2.193158864974975586e+00,2.002327442169189453e+00,1.835222363471984863e+00,1.583284139633178711e+00,1.615963578224182129e+00,1.390705585479736328e+00,1.670032382011413574e+00,1.897147178649902344e+00,1.713583469390869141e+00,2.011860847473144531e+00,1.972072362899780273e+00,2.272216320037841797e+00,2.523949623107910156e+00,2.603290796279907227e+00,2.749168395996093750e+00,2.568260431289672852e+00,2.312123775482177734e+00,2.153214693069458008e+00,1.796678781509399414e+00,1.791261315345764160e+00,1.456241846084594727e+00,1.635929465293884277e+00,9.905576109886169434e-01,1.230427384376525879e+00,1.520132899284362793e+00,1.686623215675354004e+00,2.043001890182495117e+00,2.220917224884033203e+00,2.439563989639282227e+00,2.485371112823486328e+00,2.249515295028686523e+00,2.061659336090087891e+00,1.919896721839904785e+00,1.652090549468994141e+00,1.703149557113647461e+00,1.477391242980957031e+00,1.763119459152221680e+00
1.028724089264869690e-01,4.598255753517150879e-01,6.497443914413452148e-01,9.697368741035461426e-01,1.272841215133666992e+00,1.570997357368469238e+00,1.862261056900024414e+00,2.031595945358276367e+00,1.909648060798645020e+00,1.642040729522705078e+00,1.627218365669250488e+00,1.289014577865600586e+00,1.434904813766479492e+00,1.234877705574035645e+00,1.474465608596801758e+00,0.000000000000000000e+00,3.876926302909851074e-01,6.332295536994934082e-01,9.549733400344848633e-01,1.270167827606201172e+00,1.571028113365173340e+00,1.856424689292907715e+00,2.008386135101318359e+00,1.870307564735412598e+00,1.595377206802368164e+00,1.569920301437377930e+00,1.228030204772949219e+00,1.365196347236633301e+00,1.163828372955322266e+00,1.408605933189392090e+00,1.486957669258117676e+00,1.279709458351135254e+00,1.504122853279113770e+00,1.350412726402282715e+00,1.675452947616577148e+00,1.806461095809936523e+00,1.754950165748596191e+00,1.618426084518432617e+00,1.264449715614318848e+00,9.927320480346679688e-01,6.140222549438476562e-01,4.911411702632904053e-01,3.655189871788024902e-01,5.864245891571044922e-01,8.479308485984802246e-01,1.315569996833801270e+00,9.913265705108642578e-01,1.050726413726806641e+00,1.043925046920776367e+00,1.164054512977600098e+00,1.517825245857238770e+00,1.771437883377075195e+00,1.906341671943664551e+00,1.708514690399169922e+00,1.670245885848999023e+00,1.593421697616577148e+00,1.465888261795043945e+00,1.644560098648071289e+00,1.583298444747924805e+00,1.937396645545959473e+00,1.588934540748596191e+00,1.403843164443969727e+00,1.631093144416809082e+00,1.466800093650817871e+00,1.791289329528808594e+00,1.887900590896606445e+00,1.846307396888732910e+00,1.679975032806396484e+00,1.307064175605773926e+00,1.093127369880676270e+00,7.427194714546203613e-01,6.801151633262634277e-01,6.171681284904479980e-01,7.654976844787597656e-01,1.041374564170837402e+00
3.290253579616546631e-01,9.621378779411315918e-02,3.483699262142181396e-01,6.303347945213317871e-01,9.618983268737792969e-01,1.283878445625305176e+00,1.531856298446655273e+00,1.686937212944030762e+00,1.564110755920410156e+00,1.274008274078369141e+00,1.275786161422729492e+00,9.470644593238830566e-01,1.141253352165222168e+00,1.023283600807189941e+00,1.282724499702453613e+00,3.876926302909851074e-01,0.000000000000000000e+00,3.811078965663909912e-01,6.348004341125488281e-01,9.736494421958923340e-01,1.296147704124450684e+00,1.536149382591247559e+00,1.670989513397216797e+00,1.531009912490844727e+00,1.231066226959228516e+00,1.220186471939086914e+00,8.860365152359008789e-01,1.072894334793090820e+00,9.598795771598815918e-01,1.225334167480468750e+00,1.225589752197265625e+00,1.029328942298889160e+00,1.215191841125488281e+00,1.056474566459655762e+00,1.392897367477416992e+00,1.505651354789733887e+00,1.505962848663330078e+00,1.407463550567626953e+00,1.074145436286926270e+00,8.375748395919799805e-01,5.693771243095397949e-01,4.535553157329559326e-01,6.105908751487731934e-01,7.633070349693298340e-01,1.107249617576599121e+00,1.386011838912963867e+00,1.031812787055969238e+00,1.109970450401306152e+00,9.821726679801940918e-01,1.138285875320434570e+00,1.434156060218811035e+00,1.649495482444763184e+00,1.839521050453186035e+00,1.693426847457885742e+00,1.590044736862182617e+00,1.557380557060241699e+00,1.367367386817932129e+00,1.583855867385864258e+00,1.497479081153869629e+00,1.856277823448181152e+00,1.340438961982727051e+00,1.170362353324890137e+00,1.361173868179321289e+00,1.194505691528320312e+00,1.522761464118957520e+00,1.598277330398559570e+00,1.607701539993286133e+00,1.482904553413391113e+00,1.137870192527770996e+00,9.634252190589904785e-01,7.286244034767150879e-01,6.588436365127563477e-01,7.952869534492492676e-01,9.136324524879455566e-01,1.260650038719177246e+00
6.263146996498107910e-01,4.294097721576690674e-01,9.601932764053344727e-02,4.300128519535064697e-01,6.501653194427490234e-01,9.802758693695068359e-01,1.279590725898742676e+00,1.507036685943603516e+00,1.472634911537170410e+00,1.217554092407226562e+00,1.335733532905578613e+00,1.079989671707153320e+00,1.351399898529052734e+00,1.318996191024780273e+00,1.568310499191284180e+00,6.332295536994934082e-01,3.811078965663909912e-01,0.000000000000000000e+00,4.004647433757781982e-01,6.474906206130981445e-01,9.865468740463256836e-01,1.274696826934814453e+00,1.483384847640991211e+00,1.432295441627502441e+00,1.167299628257751465e+00,1.277909278869628906e+00,1.020861148834228516e+00,1.288738369941711426e+00,1.264276504516601562e+00,1.518264174461364746e+00,1.442462921142578125e+00,1.213802695274353027e+00,1.292850971221923828e+00,1.029646515846252441e+00,1.293279170989990234e+00,1.310733318328857422e+00,1.246125102043151855e+00,1.085262775421142578e+00,7.253215312957763672e-01,5.835212469100952148e-01,4.139520227909088135e-01,5.733798742294311523e-01,8.382336497306823730e-01,1.092333674430847168e+00,1.412646651268005371e+00,1.609675168991088867e+00,1.237555146217346191e+00,1.209914684295654297e+00,9.743992686271667480e-01,1.014949917793273926e+00,1.247229099273681641e+00,1.497386813163757324e+00,1.750490665435791016e+00,1.679396033287048340e+00,1.610479116439819336e+00,1.667765021324157715e+00,1.519735813140869141e+00,1.798820495605468750e+00,1.762706518173217773e+00,2.127008438110351562e+00,1.556293964385986328e+00,1.353886723518371582e+00,1.451380252838134766e+00,1.197710633277893066e+00,1.457144260406494141e+00,1.440403342247009277e+00,1.394106626510620117e+00,1.211623430252075195e+00,8.510361313819885254e-01,7.994657754898071289e-01,6.583397388458251953e-01,7.850134372711181641e-01,1.010060071945190430e+00,1.224434852600097656e+00,1.557139754295349121e+00
9.342206120491027832e-01,6.378870606422424316e-01,3.857153356075286865e-01,7.596221566200256348e-02,3.742558658123016357e-01,6.547105312347412109e-01,9.082654118537902832e-01,1.110870003700256348e+00,1.086017847061157227e+00,8.689520359039306641e-01,1.062075018882751465e+00,9.074620604515075684e-01,1.254093885421752930e+00,1.331107974052429199e+00,1.611988544464111328e+00,9.549733400344848633e-01,6.348004341125488281e-01,4.004647433757781982e-01,0.000000000000000000e+00,3.883233964443206787e-01,6.730995178222656250e-01,9.062038660049438477e-01,1.085958480834960938e+00,1.042346000671386719e+00,8.113525509834289551e-01,1.001296162605285645e+00,8.531881570816040039e-01,1.199741959571838379e+00,1.290272355079650879e+00,1.574039697647094727e+00,1.296544551849365234e+00,1.043339133262634277e+00,1.013608455657958984e+00,6.999332308769226074e-01,9.221667647361755371e-01,9.191707968711853027e-01,9.100696444511413574e-01,8.414044976234436035e-01,5.910266637802124023e-01,4.859969615936279297e-01,6.005792617797851562e-01,6.977896690368652344e-01,1.064233183860778809e+00,1.277137756347656250e+00,1.616357326507568359e+00,1.612773180007934570e+00,1.250422120094299316e+00,1.212319850921630859e+00,8.842841982841491699e-01,9.548376202583312988e-01,1.087821722030639648e+00,1.262936830520629883e+00,1.556055068969726562e+00,1.544825673103332520e+00,1.422667264938354492e+00,1.538823962211608887e+00,1.371949553489685059e+00,1.689453005790710449e+00,1.677098631858825684e+00,2.029762983322143555e+00,1.397560596466064453e+00,1.171807050704956055e+00,1.175156354904174805e+00,8.825073838233947754e-01,1.099263548851013184e+00,1.052571415901184082e+00,1.049400806427001953e+00,9.387792944908142090e-01,6.646330356597900391e-01,6.534379124641418457e-01,7.218622565269470215e-01,8.248284459114074707e-01,1.161350965499877930e+00,1.363233089447021484e+00,1.713729143142700195e+00
1.261135458946228027e+00,9.832631945610046387e-01,6.513732671737670898e-01,4.180912673473358154e-01,6.714468449354171753e-02,3.747437298297882080e-01,6.818260550498962402e-01,9.964933395385742188e-01,1.110939860343933105e+00,9.570213556289672852e-01,1.251231312751770020e+00,1.177575945854187012e+00,1.532306909561157227e+00,1.656089067459106445e+00,1.904605150222778320e+00,1.270167827606201172e+00,9.736494421958923340e-01,6.474906206130981445e-01,3.883233964443206787e-01,0.000000000000000000e+00,3.968473672866821289e-01,6.710985898971557617e-01,9.672535657882690430e-01,1.068206071853637695e+00,9.057129621505737305e-01,1.200389623641967773e+00,1.135693669319152832e+00,1.487162351608276367e+00,1.622018933296203613e+00,1.872815132141113281e+00,1.603357076644897461e+00,1.371106743812561035e+00,1.265202045440673828e+00,9.192551374435424805e-01,1.006704449653625488e+00,8.402244448661804199e-01,7.578495740890502930e-01,6.124732494354248047e-01,4.220286309719085693e-01,6.009563803672790527e-01,8.331285715103149414e-01,1.044806480407714844e+00,1.403626680374145508e+00,1.650775551795959473e+00,1.979832410812377930e+00,1.963139414787292480e+00,1.604532718658447266e+00,1.513946652412414551e+00,1.146699786186218262e+00,1.108398556709289551e+00,1.128729581832885742e+00,1.308296561241149902e+00,1.660550832748413086e+00,1.732260465621948242e+00,1.639748811721801758e+00,1.822257637977600098e+00,1.686082601547241211e+00,2.025654077529907227e+00,2.032891511917114258e+00,2.376973628997802734e+00,1.702296614646911621e+00,1.490641474723815918e+00,1.422263503074645996e+00,1.100033640861511230e+00,1.206204533576965332e+00,1.026855230331420898e+00,9.719274044036865234e-01,8.099474906921386719e-01,6.068350672721862793e-01,8.109474778175354004e-01,9.744820594787597656e-01,1.170594453811645508e+00,1.508306741714477539e+00,1.740599274635314941e+00,2.081952095031738281e+00
1.570853114128112793e+00,1.308598756790161133e+00,1.003373503684997559e+00,7.049865126609802246e-01,4.267263412475585938e-01,6.577689200639724731e-02,4.600709974765777588e-01,8.042101860046386719e-01,1.012005805969238281e+00,1.005307316780090332e+00,1.361356019973754883e+00,1.386235475540161133e+00,1.766214013099670410e+00,1.931550979614257812e+00,2.205407857894897461e+00,1.571028113365173340e+00,1.296147704124450684e+00,9.865468740463256836e-01,6.730995178222656250e-01,3.968473672866821289e-01,0.000000000000000000e+00,4.065126180648803711e-01,7.526770234107971191e-01,9.565925598144531250e-01,9.493130445480346680e-01,1.310527324676513672e+00,1.349087953567504883e+00,1.726334214210510254e+00,1.902035593986511230e+00,2.177758455276489258e+00,1.769271969795227051e+00,1.504113793373107910e+00,1.309122323989868164e+00,9.301530122756958008e-01,8.572269678115844727e-01,5.809171795845031738e-01,3.995196521282196045e-01,3.232473134994506836e-01,4.622438549995422363e-01,6.928023695945739746e-01,1.049782514572143555e+00,1.255608081817626953e+00,1.635625243186950684e+00,1.891546964645385742e+00,2.202476978302001953e+00,2.050496339797973633e+00,1.718328237533569336e+00,1.574595928192138672e+00,1.172763109207153320e+00,1.083606958389282227e+00,9.653087258338928223e-01,1.078574419021606445e+00,1.463963508605957031e+00,1.619245648384094238e+00,1.539599657058715820e+00,1.794794440269470215e+00,1.706951022148132324e+00,2.073939800262451172e+00,2.139052867889404297e+00,2.467457771301269531e+00,1.845027804374694824e+00,1.596283674240112305e+00,1.440443754196166992e+00,1.077902674674987793e+00,1.052341461181640625e+00,7.783062458038330078e-01,6.471702456474304199e-01,5.001561045646667480e-01,5.115270614624023438e-01,8.070302605628967285e-01,1.104236721992492676e+00,1.323428273200988770e+00,1.691464662551879883e+00,1.947877764701843262e+00,2.271341323852539062e+00
