,A1,A2,A3,A4,A5,A6,A7,A8,A9,A10,A11,A12,A13,A14,A15,B1,B2,B3,B4,B5,B6,B7,B8,B9,B10,B11,B12,B13,B14,B15,C1,C2,C3,C4,C5,C6,C7,C8,C9,C10,C11,C12,C13,C14,C15,D1,D2,D3,D4,D5,D6,D7,D8,D9,D10,D11,D12,D13,D14,D15,E1,E2,E3,E4,E5,E6,E7,E8,E9,E10,E11,E12,E13,E14,E15
A1,0.0,0.3759288191795349,0.5980414152145386,0.8343227505683899,1.1060066223144531,1.3691405057907104,1.669119119644165,1.9499855041503906,2.205373525619507,2.5327634811401367,2.8083062171936035,3.137665271759033,3.443655252456665,3.6716837882995605,3.971484422683716,1.0202184915542603,1.002996802330017,1.2837285995483398,1.1817994117736816,1.554889440536499,1.6722162961959839,1.9335300922393799,2.215836763381958,2.364431142807007,2.730212450027466,2.924381971359253,3.294863700866699,3.5401089191436768,3.7511701583862305,4.065290451049805,2.0857975482940674,2.1229031085968018,2.181934356689453,1.9477390050888062,2.2644712924957275,2.152153730392456,2.3897531032562256,2.518872022628784,2.568889856338501,2.8701510429382324,2.9141690731048584,3.2800025939941406,3.3682539463043213,3.5932016372680664,3.8575563430786133,1.8597286939620972,1.9916232824325562,1.958775520324707,1.803175687789917,2.082380533218384,1.9363120794296265,2.258734941482544,2.3066704273223877,2.454683542251587,2.691317319869995,2.8170480728149414,3.1528260707855225,3.291120767593384,3.5966155529022217,3.8147284984588623,1.14274263381958,1.333943486213684,1.3373301029205322,1.2996755838394165,1.6058613061904907,1.5905847549438477,1.96053147315979,2.0890660285949707,2.314222812652588,2.576801061630249,2.792616128921509,3.129269599914551,3.349870204925537,3.635096549987793,3.8873956203460693
A2,0.3759288191795349,0.0,0.39194464683532715,0.5841165781021118,0.8346110582351685,1.1464191675186157,1.3919501304626465,1.711120843887329,1.9405254125595093,2.2825326919555664,2.555985689163208,2.8813910484313965,3.1993677616119385,3.4035372734069824,3.7161431312561035,0.9148325324058533,0.7655717134475708,1.0300332307815552,0.8953017592430115,1.2476168870925903,1.3971489667892456,1.6226874589920044,1.93431556224823,2.0763113498687744,2.453016996383667,2.6587281227111816,3.0235602855682373,3.2891530990600586,3.4854958057403564,3.8074820041656494,1.8009538650512695,1.79616379737854,1.856420874595642,1.6030070781707764,1.9209753274917603,1.8242688179016113,2.0493545532226562,2.2063097953796387,2.2565720081329346,2.577796459197998,2.6402013301849365,3.0121285915374756,3.1290345191955566,3.345541477203369,3.6282265186309814,1.995072841644287,2.0729799270629883,1.9831433296203613,1.7812747955322266,2.0137834548950195,1.8048561811447144,2.098419189453125,2.099355936050415,2.2191286087036133,2.429734945297241,2.526448965072632,2.855077028274536,2.9685797691345215,3.278543472290039,3.4844539165496826,1.339836597442627,1.4527350664138794,1.378503441810608,1.2578092813491821,1.5280048847198486,1.4244921207427979,1.781481146812439,1.8646756410598755,2.0648536682128906,2.3096697330474854,2.497419834136963,2.834365129470825,3.0316927433013916,3.322535276412964,3.567598819732666
A3,0.5980414152145386,0.39194464683532715,0.0,0.38324496150016785,0.5224241018295288,0.827033519744873,1.1003469228744507,1.3848340511322021,1.655625581741333,1.9703726768493652,2.2683680057525635,2.5810561180114746,2.906073808670044,3.129236936569214,3.4234840869903564,0.7997282147407532,0.6650786995887756,0.7961063981056213,0.6051244735717773,0.9802137613296509,1.0752273797988892,1.3532180786132812,1.6279317140579224,1.8033808469772339,2.16099214553833,2.383554220199585,2.7452187538146973,3.009699821472168,3.232546329498291,3.536303997039795,1.7277098894119263,1.7213586568832397,1.7008731365203857,1.4409219026565552,1.7236838340759277,1.5765560865402222,1.8285542726516724,1.9389327764511108,2.016979694366455,2.3130130767822266,2.3905744552612305,2.7576234340667725,2.8754003047943115,3.1202690601348877,3.3827264308929443,1.9149129390716553,1.9317684173583984,1.8653650283813477,1.6083201169967651,1.8517186641693115,1.643760323524475,1.9003928899765015,1.9389559030532837,2.0159313678741455,2.264896869659424,2.3423051834106445,2.691067934036255,2.809999942779541,3.094355583190918,3.331892490386963,1.2905775308609009,1.3135230541229248,1.2728164196014404,1.066752314567566,1.3682080507278442,1.266900897026062,1.5884891748428345,1.7207192182540894,1.8757705688476562,2.1641008853912354,2.3333442211151123,2.689828872680664,2.8927111625671387,3.1554362773895264,3.4301059246063232
A4,0.8343227505683899,0.5841165781021118,0.38324496150016785,0.0,0.38294944167137146,0.5885660648345947,0.8610249161720276,1.1623404026031494,1.381090521812439,1.726447343826294,1.9867668151855469,2.3209869861602783,2.627082109451294,2.8425848484039307,3.150789976119995,1.1428537368774414,0.9294586777687073,0.9681004285812378,0.6435394287109375,0.944279134273529,0.9516062140464783,1.1567453145980835,1.4303861856460571,1.5399279594421387,1.9124085903167725,2.0958895683288574,2.466594934463501,2.7174642086029053,2.9216506481170654,3.2390432357788086,1.85975980758667,1.7755231857299805,1.7257294654846191,1.4062985181808472,1.6404385566711426,1.4474679231643677,1.633135437965393,1.7267298698425293,1.7461005449295044,2.0415594577789307,2.081402540206909,2.449169874191284,2.5534090995788574,2.780548334121704,3.052973985671997,1.7745202779769897,1.7519270181655884,1.6216906309127808,1.349674940109253,1.5429790019989014,1.2976845502853394,1.551862120628357,1.565778136253357,1.6586617231369019,1.8987808227539062,1.9987339973449707,2.344484806060791,2.485560417175293,2.7776730060577393,3.0146899223327637,1.2650941610336304,1.2219833135604858,1.0791338682174683,0.8311938047409058,1.0654597282409668,0.906786322593689,1.2320064306259155,1.342071294784546,1.5138822793960571,1.7941315174102783,1.984351396560669,2.3348124027252197,2.556001901626587,2.8234851360321045,3.094691038131714
A5,1.1060066223144531,0.8346110582351685,0.5224241018295288,0.38294944167137146,0.0,0.39113500714302063,0.5823122262954712,0.8910567760467529,1.14849054813385,1.465415358543396,1.7677842378616333,2.0727181434631348,2.407905340194702,2.619457483291626,2.9164462089538574,1.057241439819336,0.8264697194099426,0.7119024395942688,0.33535686135292053,0.5892499685287476,0.5832778215408325,0.8397853970527649,1.110904335975647,1.2842744588851929,1.6423107385635376,1.8768483400344849,2.2326016426086426,2.510803461074829,2.733213424682617,3.034151792526245,1.6295030117034912,1.53995943069458,1.4267590045928955,1.1154067516326904,1.3213874101638794,1.1088359355926514,1.3391425609588623,1.4217653274536133,1.501585841178894,1.7939646244049072,1.8900471925735474,2.25750732421875,2.39965558052063,2.6516621112823486,2.917240619659424,2.020000457763672,1.9412473440170288,1.824789047241211,1.5017162561416626,1.6704654693603516,1.4019660949707031,1.5743499994277954,1.5853930711746216,1.591488003730774,1.8387970924377441,1.8736048936843872,2.228217363357544,2.3352928161621094,2.6021246910095215,2.854593515396118,1.5431064367294312,1.4409749507904053,1.3323183059692383,1.0113528966903687,1.229102373123169,1.027283787727356,1.2629998922348022,1.374388337135315,1.452500581741333,1.751904010772705,1.877260684967041,2.2444534301757812,2.434331178665161,2.6769914627075195,2.9674222469329834
A6,1.3691405057907104,1.1464191675186157,0.827033519744873,0.5885660648345947,0.39113500714302063,0.0,0.3871949017047882,0.5877483487129211,0.8581799864768982,1.1656968593597412,1.452211856842041,1.7720879316329956,2.08463978767395,2.3230764865875244,2.608919382095337,1.3999028205871582,1.2047115564346313,1.0332967042922974,0.6678467988967896,0.777543842792511,0.5450776815414429,0.7575967907905579,0.9196423292160034,1.0455198287963867,1.3832002878189087,1.5783771276474,1.9443387985229492,2.1914222240448,2.429178237915039,2.7219183444976807,1.9332233667373657,1.8125994205474854,1.6382042169570923,1.3129719495773315,1.422531008720398,1.1231849193572998,1.2909705638885498,1.2736883163452148,1.3086507320404053,1.548139214515686,1.6011271476745605,1.957552194595337,2.065696954727173,2.332090139389038,2.5765933990478516,1.8536500930786133,1.7105214595794678,1.5851093530654907,1.2298239469528198,1.3682314157485962,1.1070624589920044,1.2339528799057007,1.2911031246185303,1.2789324522018433,1.5725640058517456,1.6300628185272217,1.9990984201431274,2.1493029594421387,2.3929781913757324,2.6772987842559814,1.5081157684326172,1.3164292573928833,1.1884287595748901,0.8180030584335327,0.978145956993103,0.7837749123573303,0.9449554681777954,1.1166428327560425,1.1662846803665161,1.5091371536254883,1.6522434949874878,2.0230906009674072,2.2484707832336426,2.4626963138580322,2.776240110397339
A7,1.669119119644165,1.3919501304626465,1.1003469228744507,0.8610249161720276,0.5823122262954712,0.3871949017047882,0.0,0.3825502097606659,0.5738233327865601,0.9011760354042053,1.1961901187896729,1.4976600408554077,1.8373130559921265,2.0386321544647217,2.3391263484954834,1.557580590248108,1.3125803470611572,1.0695854425430298,0.7349952459335327,0.6429324150085449,0.3468315899372101,0.38448604941368103,0.5765886306762695,0.7044765949249268,1.0641248226165771,1.2986812591552734,1.6509253978729248,1.937516689300537,2.1600019931793213,2.4573493003845215,1.8076841831207275,1.632009744644165,1.4156543016433716,1.0797505378723145,1.1111845970153809,0.7818156480789185,0.9096246361732483,0.8951116800308228,0.9461573362350464,1.2148855924606323,1.320375919342041,1.6850378513336182,1.849707007408142,2.1107640266418457,2.37484073638916,2.1860625743865967,2.0136287212371826,1.851341962814331,1.4898560047149658,1.5466326475143433,1.236435890197754,1.265486717224121,1.2439289093017578,1.138108491897583,1.3835265636444092,1.3625823259353638,1.7243582010269165,1.8305320739746094,2.0657143592834473,2.346259832382202,1.8856308460235596,1.6842255592346191,1.5235860347747803,1.1525675058364868,1.225137710571289,0.9475263357162476,0.9983214139938354,1.0742425918579102,1.0164293050765991,1.3274781703948975,1.39055597782135,1.7658882141113281,1.9488308429718018,2.1545753479003906,2.469844341278076
A8,1.9499855041503906,1.711120843887329,1.3848340511322021,1.1623404026031494,0.8910567760467529,0.5877483487129211,0.3825502097606659,0.0,0.3771752119064331,0.591093897819519,0.9225171208381653,1.2068756818771362,1.5416183471679688,1.7831698656082153,2.051185131072998,1.810750126838684,1.6137686967849731,1.3298895359039307,1.033334732055664,0.9112281799316406,0.528379499912262,0.5424348711967468,0.4322943389415741,0.5620970726013184,0.8261573910713196,1.0555659532546997,1.4003266096115112,1.662733554840088,1.926529049873352,2.1925511360168457,2.0668184757232666,1.9011144638061523,1.6296513080596924,1.3341196775436401,1.2797008752822876,0.9042289853096008,0.9908461570739746,0.8199174404144287,0.8762997388839722,1.0306860208511353,1.128082036972046,1.4626171588897705,1.605868935585022,1.9060999155044556,2.1276416778564453,2.2076666355133057,1.979920506477356,1.8447163105010986,1.4678643941879272,1.4999624490737915,1.2364256381988525,1.173400640487671,1.2191780805587769,1.0443702936172485,1.3372434377670288,1.3011924028396606,1.667040228843689,1.797413945198059,1.9764628410339355,2.2985639572143555,1.998913288116455,1.7394698858261108,1.611187219619751,1.2327662706375122,1.2699342966079712,1.052757740020752,0.983379602432251,1.1232143640518188,0.9823477268218994,1.3274993896484375,1.3655563592910767,1.7335114479064941,1.930442214012146,2.078068733215332,2.4249298572540283
A9,2.205373525619507,1.9405254125595093,1.655625581741333,1.381090521812439,1.14849054813385,0.8581799864768982,0.5738233327865601,0.3771752119064331,0.0,0.39147457480430603,0.6242597103118896,0.9442557096481323,1.268384575843811,1.4736433029174805,1.7759954929351807,2.1143436431884766,1.8763633966445923,1.6020574569702148,1.2981421947479248,1.1263129711151123,0.7912124395370483,0.5962304472923279,0.42685553431510925,0.2531014084815979,0.5547242164611816,0.729155957698822,1.0911058187484741,1.364264965057373,1.5933856964111328,1.8858479261398315,2.220728635787964,1.9996734857559204,1.7297695875167847,1.4214566946029663,1.2987735271453857,0.9311137199401855,0.8605067133903503,0.6404873132705688,0.5589237809181213,0.7015007138252258,0.7675185799598694,1.1205421686172485,1.2894312143325806,1.5669435262680054,1.817718744277954,2.3625426292419434,2.11564302444458,1.925494909286499,1.5678050518035889,1.506838083267212,1.2107797861099243,1.060444712638855,1.0221492052078247,0.7685323357582092,1.010732650756836,0.9329906105995178,1.2943165302276611,1.4294729232788086,1.6063746213912964,1.9316843748092651,2.2314441204071045,1.9639307260513306,1.7772390842437744,1.4186015129089355,1.3581453561782837,1.0896847248077393,0.9197573065757751,0.9576126337051392,0.7163513898849487,1.017827033996582,1.0065666437149048,1.3684576749801636,1.562099575996399,1.702372670173645,2.051182508468628
A10,2.5327634811401367,2.2825326919555664,1.9703726768493652,1.726447343826294,1.465415358543396,1.1656968593597412,0.9011760354042053,0.591093897819519,0.39147457480430603,0.0,0.3877270519733429,0.6167252063751221,0.9679136276245117,1.2050867080688477,1.462773323059082,2.362238883972168,2.1547327041625977,1.841331124305725,1.5795763731002808,1.3718229532241821,1.0236859321594238,0.8520974516868591,0.5150060057640076,0.39405426383018494,0.31165122985839844,0.519897997379303,0.8258926272392273,1.096121072769165,1.3783173561096191,1.6187987327575684,2.416179656982422,2.2063214778900146,1.891481876373291,1.635184407234192,1.4450970888137817,1.0816152095794678,0.9961032271385193,0.6522420644760132,0.6313101053237915,0.5510551929473877,0.6672244071960449,0.9377429485321045,1.1190747022628784,1.4413440227508545,1.6347463130950928,2.582954168319702,2.300720453262329,2.1427412033081055,1.7859282493591309,1.710730791091919,1.4686923027038574,1.246880054473877,1.2555574178695679,0.9435298442840576,1.1671380996704102,1.0303106307983398,1.346099615097046,1.4622424840927124,1.5495588779449463,1.9082640409469604,2.4996120929718018,2.2032933235168457,2.0535836219787598,1.6973228454589844,1.6334584951400757,1.4165830612182617,1.1912546157836914,1.257338285446167,0.9621404409408569,1.2246763706207275,1.1408331394195557,1.4557452201843262,1.618444800376892,1.674869418144226,2.0474929809570312
A11,2.8083062171936035,2.555985689163208,2.2683680057525635,1.9867668151855469,1.7677842378616333,1.452211856842041,1.1961901187896729,0.9225171208381653,0.6242597103118896,0.3877270519733429,0.0,0.37572044134140015,0.6456913352012634,0.8775128722190857,1.165063500404358,2.714503526687622,2.488509178161621,2.1923797130584717,1.9107991456985474,1.707814335823059,1.37270987033844,1.1505645513534546,0.8559805154800415,0.5893077850341797,0.3752765953540802,0.179645374417305,0.5201269388198853,0.7445598244667053,1.0098512172698975,1.2735646963119507,2.730354070663452,2.4901766777038574,2.18780779838562,1.9227644205093384,1.7084201574325562,1.3695417642593384,1.1886237859725952,0.8514626026153564,0.6777297854423523,0.4284531772136688,0.3487876057624817,0.5653835535049438,0.7351954579353333,1.0557069778442383,1.25385582447052,2.6879994869232178,2.3852198123931885,2.19362211227417,1.8689056634902954,1.7163788080215454,1.489449143409729,1.1910202503204346,1.1620416641235352,0.8067349195480347,0.959758460521698,0.8077531456947327,1.073118805885315,1.2297104597091675,1.2725656032562256,1.6491659879684448,2.6972861289978027,2.387460470199585,2.202174425125122,1.8755815029144287,1.736008882522583,1.5219202041625977,1.221673846244812,1.2302049398422241,0.8839122653007507,1.0615280866622925,0.9402315616607666,1.1941819190979004,1.3716961145401,1.3791426420211792,1.7597296237945557
A12,3.137665271759033,2.8813910484313965,2.5810561180114746,2.3209869861602783,2.0727181434631348,1.7720879316329956,1.4976600408554077,1.2068756818771362,0.9442557096481323,0.6167252063751221,0.37572044134140015,0.0,0.39707356691360474,0.6110599637031555,0.8476690053939819,2.9633524417877197,2.748181104660034,2.4249801635742188,2.179413080215454,1.9392586946487427,1.6182109117507935,1.3911365270614624,1.0552695989608765,0.8516287207603455,0.48671695590019226,0.3324161171913147,0.2813398241996765,0.5311481356620789,0.8385709524154663,1.0226263999938965,2.88521671295166,2.6468138694763184,2.3186113834381104,2.0995020866394043,1.8349841833114624,1.5258166790008545,1.332001805305481,0.9685264229774475,0.8655921816825867,0.5001623034477234,0.5344626307487488,0.5152761936187744,0.7368787527084351,1.0511362552642822,1.1783421039581299,3.0233452320098877,2.7075958251953125,2.5346076488494873,2.2126026153564453,2.059357166290283,1.8541374206542969,1.5402395725250244,1.5158196687698364,1.155798316001892,1.2486807107925415,1.0359249114990234,1.20851469039917,1.2955660820007324,1.233492136001587,1.6153966188430786,3.040071725845337,2.722660779953003,2.5576553344726562,2.2277209758758545,2.0989325046539307,1.895483374595642,1.5930575132369995,1.5970923900604248,1.242214322090149,1.3657207489013672,1.1734001636505127,1.3558214902877808,1.4575740098953247,1.3764123916625977,1.755677342414856
A13,3.443655252456665,3.1993677616119385,2.906073808670044,2.627082109451294,2.407905340194702,2.08463978767395,1.8373130559921265,1.5416183471679688,1.268384575843811,0.9679136276245117,0.6456913352012634,0.39707356691360474,0.0,0.37483835220336914,0.5465517640113831,3.3300929069519043,3.1155731678009033,2.8022007942199707,2.5404839515686035,2.3178226947784424,1.9872550964355469,1.7623504400253296,1.4381219148635864,1.202256202697754,0.8686217069625854,0.5827608704566956,0.35996660590171814,0.18724004924297333,0.5553627610206604,0.6788659691810608,3.2768399715423584,3.030425548553467,2.708124876022339,2.4831342697143555,2.2177021503448486,1.9136430025100708,1.696908712387085,1.3481508493423462,1.1930184364318848,0.8187370300292969,0.697614848613739,0.4503624141216278,0.5102547407150269,0.80168616771698,0.8307874202728271,3.145416021347046,2.8100125789642334,2.632066488265991,2.344221353530884,2.1453051567077637,1.9845679998397827,1.6294130086898804,1.6159837245941162,1.273956537246704,1.3228386640548706,1.1509274244308472,1.2361552715301514,1.3624839782714844,1.2262829542160034,1.6033275127410889,3.2494044303894043,2.916252613067627,2.7431790828704834,2.4425244331359863,2.2689905166625977,2.097289562225342,1.7541117668151855,1.7508877515792847,1.4021645784378052,1.4690539836883545,1.2883012294769287,1.3790056705474854,1.4914171695709229,1.3342958688735962,1.6980842351913452
A14,3.6716837882995605,3.4035372734069824,3.129236936569214,2.8425848484039307,2.619457483291626,2.3230764865875244,2.0386321544647217,1.7831698656082153,1.4736433029174805,1.2050867080688477,0.8775128722190857,0.6110599637031555,0.37483835220336914,0.0,0.38426223397254944,3.5358054637908936,3.297656536102295,2.984201431274414,2.733747720718384,2.4813120365142822,2.1843698024749756,1.911217451095581,1.613168716430664,1.3550994396209717,1.0196622610092163,0.74741131067276,0.3928240239620209,0.26060542464256287,0.3203491270542145,0.44905999302864075,3.357975721359253,3.0863704681396484,2.773441791534424,2.56484317779541,2.2699503898620605,2.009539842605591,1.7403546571731567,1.4284579753875732,1.2544914484024048,0.8813881874084473,0.7946082949638367,0.4583655297756195,0.6238699555397034,0.7567426562309265,0.8145942687988281,3.449183464050293,3.1228997707366943,2.918178081512451,2.636782169342041,2.4172399044036865,2.228412389755249,1.874220848083496,1.7950133085250854,1.44817054271698,1.3980578184127808,1.1635078191757202,1.14284086227417,1.190836787223816,0.9707372188568115,1.3229950666427612,3.541480779647827,3.2203691005706787,3.0224647521972656,2.720487117767334,2.534677505493164,2.3271870613098145,1.988539457321167,1.9210482835769653,1.5602691173553467,1.5417094230651855,1.2873765230178833,1.296715497970581,1.3203272819519043,1.0945810079574585,1.4330494403839111
A15,3.971484422683716,3.7161431312561035,3.4234840869903564,3.150789976119995,2.9164462089538574,2.608919382095337,2.3391263484954834,2.051185131072998,1.7759954929351807,1.462773323059082,1.165063500404358,0.8476690053939819,0.5465517640113831,0.38426223397254944,0.0,3.8056302070617676,3.5887291431427,3.2602486610412598,3.0237884521484375,2.769871711730957,2.4617395401000977,2.2162387371063232,1.8889061212539673,1.6707340478897095,1.3061182498931885,1.0675318241119385,0.7168986201286316,0.48860612511634827,0.5517513751983643,0.33602288365364075,3.6377480030059814,3.3823089599609375,3.051445722579956,2.8661444187164307,2.5604398250579834,2.3005361557006836,2.057595729827881,1.7268975973129272,1.5983734130859375,1.2143268585205078,1.1509472131729126,0.8192750215530396,0.8728808164596558,0.9874356985092163,0.8889856934547424,3.673410177230835,3.3310697078704834,3.154540538787842,2.879115581512451,2.6655640602111816,2.513552188873291,2.1494669914245605,2.113184928894043,1.7748298645019531,1.752305269241333,1.540948748588562,1.5120704174041748,1.5539336204528809,1.2957627773284912,1.6139768362045288,3.79483699798584,3.459188938140869,3.28747296333313,2.9890472888946533,2.810302495956421,2.633948802947998,2.287245988845825,2.2550482749938965,1.9008209705352783,1.9023337364196777,1.666067123413086,1.6610534191131592,1.6759439706802368,1.4137611389160156,1.7172240018844604
B1,1.0202184915542603,0.9148325324058533,0.7997282147407532,1.1428537368774414,1.057241439819336,1.3999028205871582,1.557580590248108,1.810750126838684,2.1143436431884766,2.362238883972168,2.714503526687622,2.9633524417877197,3.3300929069519043,3.5358054637908936,3.8056302070617676,0.0,0.37562641501426697,0.5931121110916138,0.8346531391143799,1.0997062921524048,1.3517756462097168,1.6629945039749146,1.927715539932251,2.2048380374908447,2.5184988975524902,2.82171368598938,3.143317937850952,3.451389789581299,3.6931042671203613,3.9680569171905518,1.291473388671875,1.4566459655761719,1.4842233657836914,1.4005942344665527,1.727446436882019,1.7060753107070923,2.050482988357544,2.204155683517456,2.3951961994171143,2.692955732345581,2.8643486499786377,3.22331166267395,3.399089813232422,3.668311357498169,3.9239485263824463,2.609741449356079,2.6335761547088623,2.620985507965088,2.349984884262085,2.606374502182007,2.39632248878479,2.6067607402801514,2.6379811763763428,2.6448135375976562,2.8802614212036133,2.8771793842315674,3.217803716659546,3.263627529144287,3.5229332447052,3.749568223953247,1.9236388206481934,1.9788061380386353,2.025515079498291,1.8139235973358154,2.134549379348755,2.021597146987915,2.2998158931732178,2.420476198196411,2.504882574081421,2.7877705097198486,2.8782958984375,3.2408506870269775,3.3782880306243896,3.623948812484741,3.8989458084106445
B2,1.002996802330017,0.7655717134475708,0.6650786995887756,0.9294586777687073,0.8264697194099426,1.2047115564346313,1.3125803470611572,1.6137686967849731,1.8763633966445923,2.1547327041625977,2.488509178161621,2.748181104660034,3.1155731678009033,3.297656536102295,3.5887291431427,0.37562641501426697,0.0,0.3925003111362457,0.5824152231216431,0.837060272693634,1.1344691514968872,1.3938910961151123,1.7020254135131836,1.9497909545898438,2.2858211994171143,2.58139967918396,2.905306816101074,3.2235074043273926,3.4409475326538086,3.732919931411743,1.1171534061431885,1.1992676258087158,1.241796851158142,1.1006996631622314,1.4468168020248413,1.4369077682495117,1.7548798322677612,1.9439961910247803,2.1123344898223877,2.4351651668548584,2.6039092540740967,2.969802141189575,3.1595425605773926,3.4085142612457275,3.685429096221924,2.575082302093506,2.5805845260620117,2.5131940841674805,2.2315945625305176,2.446589946746826,2.1954238414764404,2.3952226638793945,2.381920576095581,2.384799003601074,2.5890321731567383,2.5769569873809814,2.9056754112243652,2.9395833015441895,3.2124886512756348,3.421945571899414,1.928374171257019,1.9599554538726807,1.9337655305862427,1.6968270540237427,1.9753305912017822,1.8050566911697388,2.0778026580810547,2.15201473236084,2.2322614192962646,2.48783540725708,2.568174362182617,2.9228668212890625,3.0481014251708984,3.307201385498047,3.567769765853882
B3,1.2837285995483398,1.0300332307815552,0.7961063981056213,0.9681004285812378,0.7119024395942688,1.0332967042922974,1.0695854425430298,1.3298895359039307,1.6020574569702148,1.841331124305725,2.1923797130584717,2.4249801635742188,2.8022007942199707,2.984201431274414,3.2602486610412598,0.5931121110916138,0.3925003111362457,0.0,0.3847461938858032,0.5196854472160339,0.8217188119888306,1.0996158123016357,1.3736536502838135,1.6584829092025757,1.9655568599700928,2.2853219509124756,2.592148780822754,2.9182846546173096,3.149301052093506,3.4234488010406494,1.0355982780456543,1.0806804895401,1.0028471946716309,0.8585672378540039,1.1558939218521118,1.1130995750427246,1.4626872539520264,1.621395468711853,1.8292107582092285,2.130690097808838,2.329408884048462,2.684497356414795,2.890383720397949,3.156015157699585,3.4192535877227783,2.621060848236084,2.570070505142212,2.500836133956909,2.1806085109710693,2.3719825744628906,2.109405755996704,2.2532451152801514,2.246814012527466,2.1949799060821533,2.408433675765991,2.3589749336242676,2.691960334777832,2.7133002281188965,2.958345890045166,3.1873326301574707,2.0368592739105225,1.9961599111557007,1.9672784805297852,1.672556757926941,1.9302183389663696,1.7378392219543457,1.9511278867721558,2.034949541091919,2.0549139976501465,2.325467109680176,2.3668296337127686,2.728785753250122,2.8413217067718506,3.0718984603881836,3.351703643798828
B4,1.1817994117736816,0.8953017592430115,0.6051244735717773,0.6435394287109375,0.33535686135292053,0.6678467988967896,0.7349952459335327,1.033334732055664,1.2981421947479248,1.5795763731002808,1.9107991456985474,2.179413080215454,2.5404839515686035,2.733747720718384,3.0237884521484375,0.8346531391143799,0.5824152231216431,0.3847461938858032,0.0,0.38009050488471985,0.5720577239990234,0.8554343581199646,1.1482553482055664,1.386540174484253,1.725202202796936,2.0096070766448975,2.3414173126220703,2.64939022064209,2.874577760696411,3.164271116256714,1.3157753944396973,1.2631504535675049,1.1545673608779907,0.8907237648963928,1.1437008380889893,1.0008636713027954,1.2997264862060547,1.4285216331481934,1.578206181526184,1.883101463317871,2.0379703044891357,2.402087926864624,2.5830981731414795,2.8414807319641113,3.109217643737793,2.320729970932007,2.2510008811950684,2.1529059410095215,1.8278484344482422,2.000091314315796,1.7276647090911865,1.876042127609253,1.8694654703140259,1.836470127105713,2.0611214637756348,2.044445514678955,2.3883161544799805,2.447286605834961,2.7045562267303467,2.945176839828491,1.7933796644210815,1.7181174755096436,1.6445999145507812,1.3319669961929321,1.5630803108215332,1.3552961349487305,1.5697842836380005,1.6570006608963013,1.6948955059051514,1.9760403633117676,2.0501859188079834,2.416477918624878,2.5630486011505127,2.800722122192383,3.086388349533081
B5,1.554889440536499,1.2476168870925903,0.9802137613296509,0.944279134273529,0.5892499685287476,0.777543842792511,0.6429324150085449,0.9112281799316406,1.1263129711151123,1.3718229532241821,1.707814335823059,1.9392586946487427,2.3178226947784424,2.4813120365142822,2.769871711730957,1.0997062921524048,0.837060272693634,0.5196854472160339,0.38009050488471985,0.0,0.38992008566856384,0.5849029421806335,0.8851611614227295,1.1535993814468384,1.4677538871765137,1.7873778343200684,2.0899648666381836,2.4248580932617188,2.642199993133545,2.922653913497925,1.1854054927825928,1.0689626932144165,0.8721674084663391,0.5915504693984985,0.7810482978820801,0.6322476267814636,0.9622766971588135,1.1110235452651978,1.3102551698684692,1.6182247400283813,1.8252569437026978,2.1794824600219727,2.4029431343078613,2.6605942249298096,2.9319751262664795,2.5859215259552,2.4740164279937744,2.3522627353668213,2.0047829151153564,2.1241517066955566,1.822286605834961,1.8984471559524536,1.855461835861206,1.752729058265686,1.9448721408843994,1.8623125553131104,2.190993547439575,2.2057044506073,2.441828727722168,2.679466962814331,2.119683027267456,2.0033915042877197,1.9045220613479614,1.5602190494537354,1.733899474143982,1.4764591455459595,1.6122276782989502,1.6567426919937134,1.6154273748397827,1.8724334239959717,1.8766263723373413,2.2377638816833496,2.3413329124450684,2.559523820877075,2.8470633029937744
B6,1.6722162961959839,1.3971489667892456,1.0752273797988892,0.9516062140464783,0.5832778215408325,0.5450776815414429,0.3468315899372101,0.528379499912262,0.7912124395370483,1.0236859321594238,1.37270987033844,1.6182109117507935,1.9872550964355469,2.1843698024749756,2.4617395401000977,1.3517756462097168,1.1344691514968872,0.8217188119888306,0.5720577239990234,0.38992008566856384,0.0,0.38839131593704224,0.5856422781944275,0.8638835549354553,1.1690586805343628,1.4734992980957031,1.7918500900268555,2.103701591491699,2.3452036380767822,2.6169235706329346,1.5564510822296143,1.423476219177246,1.1751459836959839,0.8886973261833191,0.9401164650917053,0.6357918977737427,0.9010031223297119,0.9160357713699341,1.0902323722839355,1.350530982017517,1.5300041437149048,1.8793959617614746,2.075446605682373,2.35459566116333,2.6038589477539062,2.388986587524414,2.2302701473236084,2.1112184524536133,1.7449592351913452,1.8441213369369507,1.5573915243148804,1.5898629426956177,1.5865336656570435,1.457749366760254,1.6942734718322754,1.6266099214553833,1.9767301082611084,2.036233425140381,2.249464273452759,2.526761531829834,2.0132246017456055,1.8337782621383667,1.7321314811706543,1.3607769012451172,1.5004616975784302,1.2585358619689941,1.3308076858520508,1.4209380149841309,1.3451042175292969,1.6449213027954102,1.6619080305099487,2.033620595932007,2.1752963066101074,2.3650009632110596,2.6819050312042236
B7,1.9335300922393799,1.6226874589920044,1.3532180786132812,1.1567453145980835,0.8397853970527649,0.7575967907905579,0.38448604941368103,0.5424348711967468,0.5962304472923279,0.8520974516868591,1.1505645513534546,1.3911365270614624,1.7623504400253296,1.911217451095581,2.2162387371063232,1.6629945039749146,1.3938910961151123,1.0996158123016357,0.8554343581199646,0.5849029421806335,0.38839131593704224,0.0,0.38487744331359863,0.575676679611206,0.9115882515907288,1.214523434638977,1.5208464860916138,1.8570566177368164,2.060840606689453,2.350710391998291,1.6253681182861328,1.408878207206726,1.1486672163009644,0.8309757709503174,0.7667022943496704,0.41442590951919556,0.5437842607498169,0.5873919129371643,0.7340962290763855,1.0418202877044678,1.24363374710083,1.5978615283966064,1.833465576171875,2.08428955078125,2.3608996868133545,2.5685784816741943,2.3888778686523438,2.216219663619995,1.855533480644226,1.877541422843933,1.550083875656128,1.5209362506866455,1.43970787525177,1.2595634460449219,1.4296342134475708,1.3070406913757324,1.6376155614852905,1.6652600765228271,1.883641004562378,2.148073196411133,2.2600574493408203,2.067011833190918,1.904289722442627,1.5358282327651978,1.5885534286499023,1.2827115058898926,1.2833237648010254,1.281009316444397,1.1390653848648071,1.381805419921875,1.3382987976074219,1.7003564834594727,1.8099603652954102,2.002779960632324,2.3109257221221924
B8,2.215836763381958,1.93431556224823,1.6279317140579224,1.4303861856460571,1.110904335975647,0.9196423292160034,0.5765886306762695,0.4322943389415741,0.42685553431510925,0.5150060057640076,0.8559805154800415,1.0552695989608765,1.4381219148635864,1.613168716430664,1.8889061212539673,1.927715539932251,1.7020254135131836,1.3736536502838135,1.1482553482055664,0.8851611614227295,0.5856422781944275,0.38487744331359863,0.0,0.3737834692001343,0.5935158729553223,0.9353858828544617,1.221733808517456,1.5527039766311646,1.7944777011871338,2.052001476287842,1.901810884475708,1.699787974357605,1.38724946975708,1.1295491456985474,0.9681162238121033,0.5900523066520691,0.6306623816490173,0.4161706268787384,0.6086658835411072,0.7901618480682373,1.021838665008545,1.3434938192367554,1.5793887376785278,1.8655474185943604,2.1033737659454346,2.6325831413269043,2.4057681560516357,2.252290964126587,1.8805642127990723,1.8761606216430664,1.5835139751434326,1.4730225801467896,1.4364519119262695,1.1863874197006226,1.383421540260315,1.2285528182983398,1.557061791419983,1.5985957384109497,1.752393364906311,2.0607757568359375,2.4015274047851562,2.15967059135437,2.0191140174865723,1.6415444612503052,1.6637240648269653,1.3971072435379028,1.3023860454559326,1.3412959575653076,1.1194254159927368,1.3812801837921143,1.2981255054473877,1.6491639614105225,1.762997031211853,1.8909066915512085,2.2322514057159424
B9,2.364431142807007,2.0763113498687744,1.8033808469772339,1.5399279594421387,1.2842744588851929,1.0455198287963867,0.7044765949249268,0.5620970726013184,0.2531014084815979,0.39405426383018494,0.5893077850341797,0.8516287207603455,1.202256202697754,1.3550994396209717,1.6707340478897095,2.2048380374908447,1.9497909545898438,1.6584829092025757,1.386540174484253,1.1535993814468384,0.8638835549354553,0.575676679611206,0.3737834692001343,0.0,0.3968237638473511,0.6407222151756287,0.9658340215682983,1.2874823808670044,1.4931707382202148,1.7867250442504883,2.1618051528930664,1.916583776473999,1.6336978673934937,1.3449589014053345,1.1646127700805664,0.8166570067405701,0.6691497564315796,0.41354405879974365,0.3239784240722656,0.5104419589042664,0.6769581437110901,1.0265802145004272,1.263195276260376,1.5234161615371704,1.7894402742385864,2.609227418899536,2.3648884296417236,2.16465425491333,1.812219500541687,1.7341721057891846,1.4256799221038818,1.2564241886138916,1.1643837690353394,0.872699499130249,1.0280749797821045,0.8578365445137024,1.190935730934143,1.2661654949188232,1.431005597114563,1.7493627071380615,2.4643094539642334,2.207098960876465,2.013622760772705,1.6554529666900635,1.5921708345413208,1.300173044204712,1.1286647319793701,1.1008354425430298,0.8180966377258301,1.040169596672058,0.9348329305648804,1.2830901145935059,1.4201767444610596,1.5500096082687378,1.896419644355774
B10,2.730212450027466,2.453016996383667,2.16099214553833,1.9124085903167725,1.6423107385635376,1.3832002878189087,1.0641248226165771,0.8261573910713196,0.5547242164611816,0.31165122985839844,0.3752765953540802,0.48671695590019226,0.8686217069625854,1.0196622610092163,1.3061182498931885,2.5184988975524902,2.2858211994171143,1.9655568599700928,1.725202202796936,1.4677538871765137,1.1690586805343628,0.9115882515907288,0.5935158729553223,0.3968237638473511,0.0,0.3906210660934448,0.6284424066543579,0.9714445471763611,1.2110546827316284,1.459663987159729,2.4142236709594727,2.17336368560791,1.854838490486145,1.6185609102249146,1.3717888593673706,1.0487308502197266,0.8710579872131348,0.5043746829032898,0.4537915885448456,0.27251502871513367,0.5339745879173279,0.7819642424583435,1.0550044775009155,1.3424639701843262,1.5599678754806519,2.8545615673065186,2.576474666595459,2.3937106132507324,2.0456714630126953,1.9404160976409912,1.6739511489868164,1.4334352016448975,1.3708378076553345,1.025679111480713,1.1481218338012695,0.9177529811859131,1.1841504573822021,1.2354509830474854,1.2954087257385254,1.6483783721923828,2.766085624694824,2.4811296463012695,2.3083832263946533,1.9539517164230347,1.8718974590301514,1.617569923400879,1.384818434715271,1.3726544380187988,1.0383179187774658,1.2121398448944092,1.0316826105117798,1.3138296604156494,1.4121886491775513,1.4457290172576904,1.8146405220031738
B11,2.924381971359253,2.6587281227111816,2.383554220199585,2.0958895683288574,1.8768483400344849,1.5783771276474,1.2986812591552734,1.0555659532546997,0.729155957698822,0.519897997379303,0.179645374417305,0.3324161171913147,0.5827608704566956,0.74741131067276,1.0675318241119385,2.82171368598938,2.58139967918396,2.2853219509124756,2.0096070766448975,1.7873778343200684,1.4734992980957031,1.214523434638977,0.9353858828544617,0.6407222151756287,0.3906210660934448,0.0,0.3807680010795593,0.6495051383972168,0.8761180639266968,1.1589765548706055,2.7658026218414307,2.5086278915405273,2.2097067832946777,1.9511619806289673,1.7151613235473633,1.3989063501358032,1.1738073825836182,0.8482771515846252,0.6385814547538757,0.3258429765701294,0.22368524968624115,0.42041051387786865,0.6667045950889587,0.956825852394104,1.1783567667007446,2.831716299057007,2.532133102416992,2.3246207237243652,2.008068561553955,1.836901307106018,1.5977352857589722,1.2921010255813599,1.2183783054351807,0.8520110845565796,0.9295520186424255,0.721260666847229,0.9455193281173706,1.0770025253295898,1.0986738204956055,1.4773926734924316,2.843003988265991,2.5393805503845215,2.3390424251556396,2.0157904624938965,1.8636385202407837,1.6302026510238647,1.3272677659988403,1.2886494398117065,0.9259591102600098,1.0383440256118774,0.8578963279724121,1.079900860786438,1.2260078191757202,1.2136002779006958,1.5953506231307983
B12,3.294863700866699,3.0235602855682373,2.7452187538146973,2.466594934463501,2.2326016426086426,1.9443387985229492,1.6509253978729248,1.4003266096115112,1.0911058187484741,0.8258926272392273,0.5201269388198853,0.2813398241996765,0.35996660590171814,0.3928240239620209,0.7168986201286316,3.143317937850952,2.905306816101074,2.592148780822754,2.3414173126220703,2.0899648666381836,1.7918500900268555,1.5208464860916138,1.221733808517456,0.9658340215682983,0.6284424066543579,0.3807680010795593,0.0,0.3901577591896057,0.6050981879234314,0.8338239192962646,2.9929099082946777,2.72871732711792,2.415245771408081,2.1942598819732666,1.9138318300247192,1.6340283155441284,1.382003664970398,1.0548114776611328,0.8885049819946289,0.505536675453186,0.4798724353313446,0.3169674277305603,0.6263334155082703,0.8709355592727661,1.0310982465744019,3.179164171218872,2.866763114929199,2.6647722721099854,2.358753204345703,2.1709606647491455,1.9519133567810059,1.6240293979644775,1.5449191331863403,1.180849552154541,1.184100866317749,0.9307218194007874,1.023537516593933,1.084385871887207,0.9760574102401733,1.3576362133026123,3.2143869400024414,2.9034805297851562,2.7096781730651855,2.389939546585083,2.2314798831939697,2.005862236022949,1.6912128925323486,1.6365231275558472,1.2692835330963135,1.3100454807281494,1.0643467903137207,1.1807619333267212,1.24294912815094,1.1207568645477295,1.4952800273895264
B13,3.5401089191436768,3.2891530990600586,3.009699821472168,2.7174642086029053,2.510803461074829,2.1914222240448,1.937516689300537,1.662733554840088,1.364264965057373,1.096121072769165,0.7445598244667053,0.5311481356620789,0.18724004924297333,0.26060542464256287,0.48860612511634827,3.451389789581299,3.2235074043273926,2.9182846546173096,2.64939022064209,2.4248580932617188,2.103701591491699,1.8570566177368164,1.5527039766311646,1.2874823808670044,0.9714445471763611,0.6495051383972168,0.3901577591896057,0.0,0.36995548009872437,0.5355567932128906,3.3698902130126953,3.108950614929199,2.796998977661133,2.566533327102661,2.2971434593200684,2.0052945613861084,1.7601127624511719,1.43106210231781,1.2409617900848389,0.8717770576477051,0.7088373303413391,0.38108620047569275,0.4219348728656769,0.6505578756332397,0.688209056854248,3.223473310470581,2.8902413845062256,2.6936116218566895,2.4193098545074463,2.196838617324829,2.0318105220794678,1.6684726476669312,1.6247884035110474,1.2881042957305908,1.2849845886230469,1.1081037521362305,1.139556646347046,1.2660343647003174,1.1028163433074951,1.4711570739746094,3.3455729484558105,3.0159499645233154,2.824286699295044,2.533101797103882,2.3385348320007324,2.1573686599731445,1.8058439493179321,1.7696635723114014,1.4198853969573975,1.437233567237854,1.239638328552246,1.2812590599060059,1.380897045135498,1.1956075429916382,1.5488994121551514
