0.000000000000000000e+00,3.781076967716217041e-01,5.252208709716796875e-01,8.095978498458862305e-01,1.039894104003906250e+00,1.369402170181274414e+00,1.568020462989807129e+00,1.919258117675781250e+00,2.107445716857910156e+00,2.466480493545532227e+00,2.678614854812622070e+00,3.038449048995971680e+00,3.259217262268066406e+00,3.561278343200683594e+00,3.790567398071289062e+00,4.966506004333496094e+00,4.649755477905273438e+00,4.459936618804931641e+00,4.138920783996582031e+00,3.945378065109252930e+00,3.600790262222290039e+00,3.413166761398315430e+00,3.072633504867553711e+00,2.866265296936035156e+00,2.521097898483276367e+00,2.285894155502319336e+00,1.933321714401245117e+00,1.697883963584899902e+00,1.461082458496093750e+00,1.193252444267272949e+00,4.738010883331298828e+00,4.441062450408935547e+00,4.318939685821533203e+00,3.971323728561401367e+00,3.860501289367675781e+00,3.489128351211547852e+00,3.484203100204467773e+00,3.201299428939819336e+00,3.055640697479248047e+00,2.869431018829345703e+00,2.574401378631591797e+00,2.456410169601440430e+00,2.101573467254638672e+00,2.160386085510253906e+00,1.842529535293579102e+00,1.696278214454650879e+00,1.493896842002868652e+00,1.754262328147888184e+00,1.736915111541748047e+00,2.020745992660522461e+00,2.171205997467041016e+00,2.087569713592529297e+00,2.400921344757080078e+00,2.281559705734252930e+00,2.597750663757324219e+00,2.656484127044677734e+00,2.954801559448242188e+00,3.148037910461425781e+00,3.301287174224853516e+00,3.603940248489379883e+00,4.680078029632568359e+00,4.423490047454833984e+00,4.172223567962646484e+00,3.904474020004272461e+00,3.658762693405151367e+00,3.326853036880493164e+00,3.201199769973754883e+00,2.831262350082397461e+00,2.735153913497924805e+00,2.402755260467529297e+00,2.239493846893310547e+00,2.025348186492919922e+00,1.806524753570556641e+00,1.917653918266296387e+00,1.603139281272888184e+00
3.781076967716217041e-01,0.000000000000000000e+00,3.856881260871887207e-01,5.263074040412902832e-01,8.454062938690185547e-01,1.139992833137512207e+00,1.309068799018859863e+00,1.672854661941528320e+00,1.813265562057495117e+00,2.182896614074707031e+00,2.369284868240356445e+00,2.733089208602905273e+00,2.945678710937500000e+00,3.237742662429809570e+00,3.473858356475830078e+00,4.662768363952636719e+00,4.340800762176513672e+00,4.165056228637695312e+00,3.833922863006591797e+00,3.657444477081298828e+00,3.305711746215820312e+00,3.134591102600097656e+00,2.801293849945068359e+00,2.587667942047119141e+00,2.260197162628173828e+00,1.998412847518920898e+00,1.668071985244750977e+00,1.392479419708251953e+00,1.181589126586914062e+00,8.698140978813171387e-01,4.441314697265625000e+00,4.146783351898193359e+00,4.006790637969970703e+00,3.664564371109008789e+00,3.535026788711547852e+00,3.161862134933471680e+00,3.145763635635375977e+00,2.850834846496582031e+00,2.711218357086181641e+00,2.512326240539550781e+00,2.228460311889648438e+00,2.105838298797607422e+00,1.760120868682861328e+00,1.843504548072814941e+00,1.531490206718444824e+00,1.495052218437194824e+00,1.250454306602478027e+00,1.460928440093994141e+00,1.421265602111816406e+00,1.677781343460083008e+00,1.818394422531127930e+00,1.715976834297180176e+00,2.028829097747802734e+00,1.917385458946228027e+00,2.237604141235351562e+00,2.317657709121704102e+00,2.622713088989257812e+00,2.833668470382690430e+00,3.002643823623657227e+00,3.307323694229125977e+00,4.442097187042236328e+00,4.168149948120117188e+00,3.930524587631225586e+00,3.649233579635620117e+00,3.420720338821411133e+00,3.082995176315307617e+00,2.944483041763305664e+00,2.583642482757568359e+00,2.452478170394897461e+00,2.125950098037719727e+00,1.926850795745849609e+00,1.712112784385681152e+00,1.461374640464782715e+00,1.569305658340454102e+00,1.249053120613098145e+00
5.252208709716796875e-01,3.856881260871887207e-01,0.000000000000000000e+00,3.805385231971740723e-01,5.386801362037658691e-01,8.895688652992248535e-01,1.051410675048828125e+00,1.404850959777832031e+00,1.601732015609741211e+00,1.953615188598632812e+00,2.185159683227539062e+00,2.537159204483032227e+00,2.775023937225341797e+00,3.075453519821166992e+00,3.310821294784545898e+00,4.466180324554443359e+00,4.157735824584960938e+00,3.956143856048583984e+00,3.642025232315063477e+00,3.436892747879028320e+00,3.092764854431152344e+00,2.909541845321655273e+00,2.561949491500854492e+00,2.373905420303344727e+00,2.023764848709106445e+00,1.808346986770629883e+00,1.460111856460571289e+00,1.244956731796264648e+00,1.068243265151977539e+00,8.155825138092041016e-01,4.369935512542724609e+00,4.056350708007812500e+00,3.940097808837890625e+00,3.584369659423828125e+00,3.481685876846313477e+00,3.110729455947875977e+00,3.074223041534423828e+00,2.801100969314575195e+00,2.618793964385986328e+00,2.436846733093261719e+00,2.117847204208374023e+00,2.002907037734985352e+00,1.638319492340087891e+00,1.687394261360168457e+00,1.392143726348876953e+00,1.569061636924743652e+00,1.272904872894287109e+00,1.515825510025024414e+00,1.395939350128173828e+00,1.686810374259948730e+00,1.776214838027954102e+00,1.716593027114868164e+00,2.011743545532226562e+00,1.881459116935729980e+00,2.209297657012939453e+00,2.241791009902954102e+00,2.560913085937500000e+00,2.728448629379272461e+00,2.909804344177246094e+00,3.190344572067260742e+00,4.210492610931396484e+00,3.948102474212646484e+00,3.711410760879516602e+00,3.430278778076171875e+00,3.201037168502807617e+00,2.858120441436767578e+00,2.757802486419677734e+00,2.392960548400878906e+00,2.303728342056274414e+00,1.999038219451904297e+00,1.830749630928039551e+00,1.678473353385925293e+00,1.465117931365966797e+00,1.656936168670654297e+00,1.386941909790039062e+00
8.095978498458862305e-01,5.263074040412902832e-01,3.805385231971740723e-01,0.000000000000000000e+00,3.807323575019836426e-01,6.192954778671264648e-01,8.066612482070922852e-01,1.158237457275390625e+00,1.314562797546386719e+00,1.680175662040710449e+00,1.873162865638732910e+00,2.237164974212646484e+00,2.449978828430175781e+00,2.754974365234375000e+00,2.980971813201904297e+00,4.161545276641845703e+00,3.841603517532348633e+00,3.658227443695068359e+00,3.332697153091430664e+00,3.148821353912353516e+00,2.803369045257568359e+00,2.617946624755859375e+00,2.285637378692626953e+00,2.068546533584594727e+00,1.736076951026916504e+00,1.483147382736206055e+00,1.145197987556457520e+00,8.919312357902526855e-01,7.070694565773010254e-01,4.354878664016723633e-01,4.001086235046386719e+00,3.691484212875366211e+00,3.567183256149291992e+00,3.214485406875610352e+00,3.105359315872192383e+00,2.733776330947875977e+00,2.704015016555786133e+00,2.431075096130371094e+00,2.261991739273071289e+00,2.091787576675415039e+00,1.784248113632202148e+00,1.702298879623413086e+00,1.353595376014709473e+00,1.469471812248229980e+00,1.214035034179687500e+00,1.627075076103210449e+00,1.291850090026855469e+00,1.447698950767517090e+00,1.273341178894042969e+00,1.503087639808654785e+00,1.539600253105163574e+00,1.427173972129821777e+00,1.692492961883544922e+00,1.529204368591308594e+00,1.843614578247070312e+00,1.872381091117858887e+00,2.185729980468750000e+00,2.363405704498291016e+00,2.543341875076293945e+00,2.830954551696777344e+00,3.919553995132446289e+00,3.646252155303955078e+00,3.411166429519653320e+00,3.127344131469726562e+00,2.901977300643920898e+00,2.560771703720092773e+00,2.434700965881347656e+00,2.074494838714599609e+00,1.956320047378540039e+00,1.645496845245361328e+00,1.460491776466369629e+00,1.300413370132446289e+00,1.087776541709899902e+00,1.297607302665710449e+00,1.059708833694458008e+00
1.039894104003906250e+00,8.454062938690185547e-01,5.386801362037658691e-01,3.807323575019836426e-01,0.000000000000000000e+00,3.714388310909271240e-01,5.694016814231872559e-01,8.883739709854125977e-01,1.130929470062255859e+00,1.465226888656616211e+00,1.710586547851562500e+00,2.056819438934326172e+00,2.293596982955932617e+00,2.609108209609985352e+00,2.828263998031616211e+00,3.967857360839843750e+00,3.662624597549438477e+00,3.451741933822631836e+00,3.146562337875366211e+00,2.931443214416503906e+00,2.597994804382324219e+00,2.394017457962036133e+00,2.047909259796142578e+00,1.858327865600585938e+00,1.498695969581604004e+00,1.310178875923156738e+00,9.514742493629455566e-01,8.111452460289001465e-01,6.957953572273254395e-01,5.966321825981140137e-01,3.932106256484985352e+00,3.603942632675170898e+00,3.508761167526245117e+00,3.143873691558837891e+00,3.068452119827270508e+00,2.704764604568481445e+00,2.656037092208862305e+00,2.415481567382812500e+00,2.202101707458496094e+00,2.061584234237670898e+00,1.721113324165344238e+00,1.661395549774169922e+00,1.307744264602661133e+00,1.387845158576965332e+00,1.179527044296264648e+00,1.803227186203002930e+00,1.443272233009338379e+00,1.615477442741394043e+00,1.374107241630554199e+00,1.618240118026733398e+00,1.591801047325134277e+00,1.525871992111206055e+00,1.752105593681335449e+00,1.566830515861511230e+00,1.872088789939880371e+00,1.838125586509704590e+00,2.156621932983398438e+00,2.277642011642456055e+00,2.465674638748168945e+00,2.722387313842773438e+00,3.676217317581176758e+00,3.417510032653808594e+00,3.181661844253540039e+00,2.900768280029296875e+00,2.672596693038940430e+00,2.327682256698608398e+00,2.246143341064453125e+00,1.883355736732482910e+00,1.821314811706542969e+00,1.543566584587097168e+00,1.410407185554504395e+00,1.337106704711914062e+00,1.195033550262451172e+00,1.480162262916564941e+00,1.314584970474243164e+00
1.369402170181274414e+00,1.139992833137512207e+00,8.895688652992248535e-01,6.192954778671264648e-01,3.714388310909271240e-01,0.000000000000000000e+00,3.801562488079071045e-01,6.081034541130065918e-01,8.531503081321716309e-01,1.176557779312133789e+00,1.396201014518737793e+00,1.746743798255920410e+00,1.959743857383728027e+00,2.289721965789794922e+00,2.488912105560302734e+00,3.638471126556396484e+00,3.326285600662231445e+00,3.123452425003051758e+00,2.815620660781860352e+00,2.610276937484741211e+00,2.284152746200561523e+00,2.061940908432006836e+00,1.730130553245544434e+00,1.512199282646179199e+00,1.157863259315490723e+00,9.570068717002868652e-01,5.865396857261657715e-01,5.069252848625183105e-01,4.509500861167907715e-01,5.499415397644042969e-01,3.571372270584106445e+00,3.239395380020141602e+00,3.152475595474243164e+00,2.784724712371826172e+00,2.722871303558349609e+00,2.364278793334960938e+00,2.319454669952392578e+00,2.101602792739868164e+00,1.884309291839599609e+00,1.783572196960449219e+00,1.445683479309082031e+00,1.452070236206054688e+00,1.135520696640014648e+00,1.279297113418579102e+00,1.161797404289245605e+00,2.015964031219482422e+00,1.639293909072875977e+00,1.741606473922729492e+00,1.450103759765625000e+00,1.624881863594055176e+00,1.517327070236206055e+00,1.415562987327575684e+00,1.571274638175964355e+00,1.333209753036499023e+00,1.600766658782958984e+00,1.518049955368041992e+00,1.824129581451416016e+00,1.921845316886901855e+00,2.106161832809448242e+00,2.356022357940673828e+00,3.322741985321044922e+00,3.060823917388916016e+00,2.822056293487548828e+00,2.542620182037353516e+00,2.312221527099609375e+00,1.968812227249145508e+00,1.876211047172546387e+00,1.513981223106384277e+00,1.452567338943481445e+00,1.183616876602172852e+00,1.075114130973815918e+00,1.052576184272766113e+00,9.834211468696594238e-01,1.315050721168518066e+00,1.241333246231079102e+00
1.568020462989807129e+00,1.309068799018859863e+00,1.051410675048828125e+00,8.066612482070922852e-01,5.694016814231872559e-01,3.801562488079071045e-01,0.000000000000000000e+00,3.770737349987030029e-01,5.724627971649169922e-01,9.049450755119323730e-01,1.166657090187072754e+00,1.501786589622497559e+00,1.762799143791198730e+00,2.063610315322875977e+00,2.300676822662353516e+00,3.422947406768798828e+00,3.124281167984008789e+00,2.909679651260375977e+00,2.603963136672973633e+00,2.387352228164672852e+00,2.045091867446899414e+00,1.867053389549255371e+00,1.514224052429199219e+00,1.353659987449645996e+00,1.008532881736755371e+00,8.418679833412170410e-01,5.672289133071899414e-01,5.023329854011535645e-01,6.861518621444702148e-01,7.213314771652221680e-01,3.564572095870971680e+00,3.224190473556518555e+00,3.120654106140136719e+00,2.758000850677490234e+00,2.676481008529663086e+00,2.322005748748779297e+00,2.217104673385620117e+00,1.986427545547485352e+00,1.724890232086181641e+00,1.583591222763061523e+00,1.220944285392761230e+00,1.171216964721679688e+00,8.399413228034973145e-01,9.261447787284851074e-01,8.430352807044982910e-01,1.863078594207763672e+00,1.478371143341064453e+00,1.553690791130065918e+00,1.217383742332458496e+00,1.385258078575134277e+00,1.242258787155151367e+00,1.213515996932983398e+00,1.366021633148193359e+00,1.185399413108825684e+00,1.484020709991455078e+00,1.424204945564270020e+00,1.768185257911682129e+00,1.859854698181152344e+00,2.101335287094116211e+00,2.319525480270385742e+00,3.239353895187377930e+00,2.957712650299072266e+00,2.757739305496215820e+00,2.446366786956787109e+00,2.263897418975830078e+00,1.901425719261169434e+00,1.850875616073608398e+00,1.521514415740966797e+00,1.436553835868835449e+00,1.242552876472473145e+00,1.077266812324523926e+00,1.147034883499145508e+00,1.030208945274353027e+00,1.378250837326049805e+00,1.321360111236572266e+00
1.919258117675781250e+00,1.672854661941528320e+00,1.404850959777832031e+00,1.158237457275390625e+00,8.883739709854125977e-01,6.081034541130065918e-01,3.770737349987030029e-01,0.000000000000000000e+00,3.819618523120880127e-01,6.062732338905334473e-01,9.033438563346862793e-01,1.209875226020812988e+00,1.474931597709655762e+00,1.788258552551269531e+00,2.004951238632202148e+00,3.095428466796875000e+00,2.804023265838623047e+00,2.574750423431396484e+00,2.283366918563842773e+00,2.049611568450927734e+00,1.722246170043945312e+00,1.519449234008789062e+00,1.163609623908996582e+00,1.017829656600952148e+00,6.566839814186096191e-01,5.916812419891357422e-01,4.143431186676025391e-01,5.948812365531921387e-01,8.538058996200561523e-01,1.012759327888488770e+00,3.323866605758666992e+00,2.971151351928710938e+00,2.892816066741943359e+00,2.526328086853027344e+00,2.477686882019042969e+00,2.142558097839355469e+00,2.020991086959838867e+00,1.839335203170776367e+00,1.544325351715087891e+00,1.463790178298950195e+00,1.099346041679382324e+00,1.129574060440063477e+00,8.822572231292724609e-01,9.749811291694641113e-01,1.027366161346435547e+00,2.180729150772094727e+00,1.798067688941955566e+00,1.841041684150695801e+00,1.478403091430664062e+00,1.593519210815429688e+00,1.374097704887390137e+00,1.354079604148864746e+00,1.411863684654235840e+00,1.201377034187316895e+00,1.434780478477478027e+00,1.294303178787231445e+00,1.615692377090454102e+00,1.637764334678649902e+00,1.884867191314697266e+00,2.061988353729248047e+00,2.876252174377441406e+00,2.599614143371582031e+00,2.404597759246826172e+00,2.091730356216430664e+00,1.917121887207031250e+00,1.551886081695556641e+00,1.540917754173278809e+00,1.231379508972167969e+00,1.194169640541076660e+00,1.078741431236267090e+00,9.852095246315002441e-01,1.168531894683837891e+00,1.154067158699035645e+00,1.520998001098632812e+00,1.548170447349548340e+00
2.107445716857910156e+00,1.813265562057495117e+00,1.601732015609741211e+00,1.314562797546386719e+00,1.130929470062255859e+00,8.531503081321716309e-01,5.724627971649169922e-01,3.819618523120880127e-01,0.000000000000000000e+00,3.770370483398437500e-01,6.005290746688842773e-01,9.361976981163024902e-01,1.204298615455627441e+00,1.492857575416564941e+00,1.742306828498840332e+00,2.868846893310546875e+00,2.566874504089355469e+00,2.364108800888061523e+00,2.047460556030273438e+00,1.849413394927978516e+00,1.495998024940490723e+00,1.348933100700378418e+00,1.011101484298706055e+00,8.623511791229248047e-01,5.992137193679809570e-01,4.550521671772003174e-01,5.083222985267639160e-01,5.894441008567810059e-01,9.498088955879211426e-01,1.081102252006530762e+00,3.134155035018920898e+00,2.788746118545532227e+00,2.673430681228637695e+00,2.320765972137451172e+00,2.231319427490234375e+00,1.895636916160583496e+00,1.733942508697509766e+00,1.525167465209960938e+00,1.216916322708129883e+00,1.098511934280395508e+00,7.280503511428833008e-01,7.594179511070251465e-01,5.730795860290527344e-01,7.300553321838378906e-01,8.848032951354980469e-01,2.129774570465087891e+00,1.758497834205627441e+00,1.722564101219177246e+00,1.348963856697082520e+00,1.379023313522338867e+00,1.100665569305419922e+00,1.077125430107116699e+00,1.074678897857666016e+00,8.894253969192504883e-01,1.118175745010375977e+00,1.011951923370361328e+00,1.360103487968444824e+00,1.413884758949279785e+00,1.708601713180541992e+00,1.880354404449462891e+00,2.803706407546997070e+00,2.493441581726074219e+00,2.334320306777954102e+00,1.994024276733398438e+00,1.869510889053344727e+00,1.502218484878540039e+00,1.467108368873596191e+00,1.206953048706054688e+00,1.074385643005371094e+00,1.015425682067871094e+00,8.323948979377746582e-01,1.070528507232666016e+00,1.028336405754089355e+00,1.373971819877624512e+00,1.448752164840698242e+00
2.466480493545532227e+00,2.182896614074707031e+00,1.953615188598632812e+00,1.680175662040710449e+00,1.465226888656616211e+00,1.176557779312133789e+00,9.049450755119323730e-01,6.062732338905334473e-01,3.770370483398437500e-01,0.000000000000000000e+00,3.788039386272430420e-01,6.183069348335266113e-01,9.311736226081848145e-01,1.207958340644836426e+00,1.454665780067443848e+00,2.524868488311767578e+00,2.238087892532348633e+00,2.013284921646118164e+00,1.713597297668457031e+00,1.490323185920715332e+00,1.142084002494812012e+00,1.001445889472961426e+00,6.502829790115356445e-01,5.932258963584899902e-01,4.255883693695068359e-01,5.180271267890930176e-01,7.421434521675109863e-01,9.302621483802795410e-01,1.281137824058532715e+00,1.449808597564697266e+00,2.982870340347290039e+00,2.626935243606567383e+00,2.532182693481445312e+00,2.186460971832275391e+00,2.124963998794555664e+00,1.824785828590393066e+00,1.620480179786682129e+00,1.473170399665832520e+00,1.120360255241394043e+00,1.067238569259643555e+00,7.382863759994506836e-01,8.376935124397277832e-01,7.987323403358459473e-01,8.873277306556701660e-01,1.137420535087585449e+00,2.420631647109985352e+00,2.059801816940307617e+00,2.007470607757568359e+00,1.627132654190063477e+00,1.624123930931091309e+00,1.304576635360717773e+00,1.321463584899902344e+00,1.235248446464538574e+00,1.076496005058288574e+00,1.215164303779602051e+00,1.045826792716979980e+00,1.346986413002014160e+00,1.313544988632202148e+00,1.626927018165588379e+00,1.728570461273193359e+00,2.496263980865478516e+00,2.182795047760009766e+00,2.054542064666748047e+00,1.699955463409423828e+00,1.620353460311889648e+00,1.256052017211914062e+00,1.292223334312438965e+00,1.105495691299438477e+00,1.021592974662780762e+00,1.095324635505676270e+00,9.907940030097961426e-01,1.307132482528686523e+00,1.330366611480712891e+00,1.660723805427551270e+00,1.782126188278198242e+00
2.678614854812622070e+00,2.369284868240356445e+00,2.185159683227539062e+00,1.873162865638732910e+00,1.710586547851562500e+00,1.396201014518737793e+00,1.166657090187072754e+00,9.033438563346862793e-01,6.005290746688842773e-01,3.788039386272430420e-01,0.000000000000000000e+00,3.769620060920715332e-01,6.063165664672851562e-01,8.992218971252441406e-01,1.143417000770568848e+00,2.293855190277099609e+00,1.979188323020935059e+00,1.802008986473083496e+00,1.466612815856933594e+00,1.310955762863159180e+00,9.553065896034240723e-01,8.421733975410461426e-01,5.964483022689819336e-01,4.539529383182525635e-01,5.260964632034301758e-01,5.320813655853271484e-01,8.822043538093566895e-01,1.032892823219299316e+00,1.383513689041137695e+00,1.571418285369873047e+00,2.653899669647216797e+00,2.306573629379272461e+00,2.186566114425659180e+00,1.851941108703613281e+00,1.767358064651489258e+00,1.474678039550781250e+00,1.248381972312927246e+00,1.110620975494384766e+00,7.497792243957519531e-01,7.518242001533508301e-01,4.991183876991271973e-01,7.429606318473815918e-01,8.554801940917968750e-01,1.033417224884033203e+00,1.318113088607788086e+00,2.586055994033813477e+00,2.237605333328247070e+00,2.126945495605468750e+00,1.762148141860961914e+00,1.679316163063049316e+00,1.327290773391723633e+00,1.284782648086547852e+00,1.096026420593261719e+00,9.220641851425170898e-01,9.530658721923828125e-01,7.538399100303649902e-01,1.022299766540527344e+00,9.857839345932006836e-01,1.327901601791381836e+00,1.420024275779724121e+00,2.339551687240600586e+00,1.999338865280151367e+00,1.889302492141723633e+00,1.526449918746948242e+00,1.481025576591491699e+00,1.140043020248413086e+00,1.117231130599975586e+00,1.000255107879638672e+00,8.281921148300170898e-01,9.820557832717895508e-01,8.658466339111328125e-01,1.219853281974792480e+00,1.285035967826843262e+00,1.569175601005554199e+00,1.758878827095031738e+00
3.038449048995971680e+00,2.733089208602905273e+00,2.537159204483032227e+00,2.237164974212646484e+00,2.056819438934326172e+00,1.746743798255920410e+00,1.501786589622497559e+00,1.209875226020812988e+00,9.361976981163024902e-01,6.183069348335266113e-01,3.769620060920715332e-01,0.000000000000000000e+00,3.769906461238861084e-01,5.954521894454956055e-01,8.586065769195556641e-01,1.937594771385192871e+00,1.639335751533508301e+00,1.444629192352294922e+00,1.119233131408691406e+00,9.509539008140563965e-01,5.852599740028381348e-01,5.578285455703735352e-01,4.150153398513793945e-01,4.921293854713439941e-01,7.367979884147644043e-01,8.723648190498352051e-01,1.229033589363098145e+00,1.407485365867614746e+00,1.755403399467468262e+00,1.946645498275756836e+00,2.563334941864013672e+00,2.214506387710571289e+00,2.108678340911865234e+00,1.800616860389709473e+00,1.737624287605285645e+00,1.506274223327636719e+00,1.225322008132934570e+00,1.169823765754699707e+00,8.008456230163574219e-01,8.710949420928955078e-01,7.466671466827392578e-01,9.640522003173828125e-01,1.149619698524475098e+00,1.258805632591247559e+00,1.584909319877624512e+00,2.857417106628417969e+00,2.522270917892456055e+00,2.397893667221069336e+00,2.034490823745727539e+00,1.930189728736877441e+00,1.564661264419555664e+00,1.566612482070922852e+00,1.337946176528930664e+00,1.223292469978332520e+00,1.190186262130737305e+00,9.885127544403076172e-01,1.167273044586181641e+00,1.045038700103759766e+00,1.387320637702941895e+00,1.382138729095458984e+00,2.104973316192626953e+00,1.753999590873718262e+00,1.704926490783691406e+00,1.326592445373535156e+00,1.369541645050048828e+00,1.068090081214904785e+00,1.128177046775817871e+00,1.128918886184692383e+00,1.013296127319335938e+00,1.260756492614746094e+00,1.198425173759460449e+00,1.563930273056030273e+00,1.646589517593383789e+00,1.910084128379821777e+00,2.115880966186523438e+00
3.259217262268066406e+00,2.945678710937500000e+00,2.775023937225341797e+00,2.449978828430175781e+00,2.293596982955932617e+00,1.959743857383728027e+00,1.762799143791198730e+00,1.474931597709655762e+00,1.204298615455627441e+00,9.311736226081848145e-01,6.063165664672851562e-01,3.769906461238861084e-01,0.000000000000000000e+00,3.740300834178924561e-01,5.386587977409362793e-01,1.733141303062438965e+00,1.396582484245300293e+00,1.265392780303955078e+00,9.054704308509826660e-01,8.457193374633789062e-01,5.556589961051940918e-01,5.192925930023193359e-01,6.100795865058898926e-01,5.758640766143798828e-01,9.231006503105163574e-01,1.017411947250366211e+00,1.399891614913940430e+00,1.576612353324890137e+00,1.895862460136413574e+00,2.116894245147705078e+00,2.193364620208740234e+00,1.849043250083923340e+00,1.738921523094177246e+00,1.442066907882690430e+00,1.388480305671691895e+00,1.194671392440795898e+00,9.070181250572204590e-01,9.430406093597412109e-01,6.273516416549682617e-01,8.493053317070007324e-01,8.653457760810852051e-01,1.164128065109252930e+00,1.395265936851501465e+00,1.563344836235046387e+00,1.880669355392456055e+00,3.130833864212036133e+00,2.798734903335571289e+00,2.649254083633422852e+00,2.299569606781005859e+00,2.158161163330078125e+00,1.789353132247924805e+00,1.731749892234802246e+00,1.447516202926635742e+00,1.303086757659912109e+00,1.157096862792968750e+00,9.129353165626525879e-01,9.670329689979553223e-01,7.769019007682800293e-01,1.104282855987548828e+00,1.049309968948364258e+00,1.891297578811645508e+00,1.522891759872436523e+00,1.483745694160461426e+00,1.116795897483825684e+00,1.193134903907775879e+00,9.547856450080871582e-01,9.560384750366210938e-01,1.058487534523010254e+00,9.165412187576293945e-01,1.232035517692565918e+00,1.217750072479248047e+00,1.582706809043884277e+00,1.723592281341552734e+00,1.944413542747497559e+00,2.202483415603637695e+00
3.561278343200683594e+00,3.237742662429809570e+00,3.075453519821166992e+00,2.754974365234375000e+00,2.609108209609985352e+00,2.289721965789794922e+00,2.063610315322875977e+00,1.788258552551269531e+00,1.492857575416564941e+00,1.207958340644836426e+00,8.992218971252441406e-01,5.954521894454956055e-01,3.740300834178924561e-01,0.000000000000000000e+00,3.653441965579986572e-01,1.465716719627380371e+00,1.139752030372619629e+00,1.044186353683471680e+00,6.730414032936096191e-01,7.100247144699096680e-01,4.799377024173736572e-01,6.754614710807800293e-01,8.531596660614013672e-01,9.290369749069213867e-01,1.269158601760864258e+00,1.367076754570007324e+00,1.746954321861267090e+00,1.896930813789367676e+00,2.229504108428955078e+00,2.424048662185668945e+00,2.205271482467651367e+00,1.886067509651184082e+00,1.752509713172912598e+00,1.517205357551574707e+00,1.436251521110534668e+00,1.313112378120422363e+00,9.691785573959350586e-01,1.037644028663635254e+00,7.751302123069763184e-01,9.575011134147644043e-01,1.064088463783264160e+00,1.305316567420959473e+00,1.593272924423217773e+00,1.720570921897888184e+00,2.063049316406250000e+00,3.285276412963867188e+00,2.975492954254150391e+00,2.796418666839599609e+00,2.460341691970825195e+00,2.283527374267578125e+00,1.911781072616577148e+00,1.889598369598388672e+00,1.578551411628723145e+00,1.510995030403137207e+00,1.344338417053222656e+00,1.172358274459838867e+00,1.191221714019775391e+00,1.024146080017089844e+00,1.332699418067932129e+00,1.215816140174865723e+00,1.914457798004150391e+00,1.536077022552490234e+00,1.586590528488159180e+00,1.232641935348510742e+00,1.404930472373962402e+00,1.230496764183044434e+00,1.264839768409729004e+00,1.416712164878845215e+00,1.273551702499389648e+00,1.589200854301452637e+00,1.546813368797302246e+00,1.897841930389404297e+00,2.008800268173217773e+00,2.199868202209472656e+00,2.459293365478515625e+00
3.790567398071289062e+00,3.473858356475830078e+00,3.310821294784545898e+00,2.980971813201904297e+00,2.828263998031616211e+00,2.488912105560302734e+00,2.300676822662353516e+00,2.004951238632202148e+00,1.742306828498840332e+00,1.454665780067443848e+00,1.143417000770568848e+00,8.586065769195556641e-01,5.386587977409362793e-01,3.653441965579986572e-01,0.000000000000000000e+00,1.250305175781250000e+00,8.891806602478027344e-01,8.481379747390747070e-01,4.759992957115173340e-01,6.393912434577941895e-01,5.948483943939208984e-01,7.055694460868835449e-01,9.997501969337463379e-01,1.043309688568115234e+00,1.418998360633850098e+00,1.537040948867797852e+00,1.918974041938781738e+00,2.100233793258666992e+00,2.405089378356933594e+00,2.635337591171264648e+00,1.900489091873168945e+00,1.579978585243225098e+00,1.485158085823059082e+00,1.272044301033020020e+00,1.256836891174316406e+00,1.212319493293762207e+00,9.134515523910522461e-01,1.110259175300598145e+00,9.343113899230957031e-01,1.208779215812683105e+00,1.339913845062255859e+00,1.624372124671936035e+00,1.898986935615539551e+00,2.052292585372924805e+00,2.384750366210937500e+00,3.616009473800659180e+00,3.297944307327270508e+00,3.123925924301147461e+00,2.786494255065917969e+00,2.611878871917724609e+00,2.241113185882568359e+00,2.185315847396850586e+00,1.863662362098693848e+00,1.753257632255554199e+00,1.536208033561706543e+00,1.314996838569641113e+00,1.233677864074707031e+00,9.836728572845458984e-01,1.211145401000976562e+00,1.004836201667785645e+00,1.613276243209838867e+00,1.231720566749572754e+00,1.305639505386352539e+00,9.865771532058715820e-01,1.207089066505432129e+00,1.124113321304321289e+00,1.155493617057800293e+00,1.395279884338378906e+00,1.296849250793457031e+00,1.651887893676757812e+00,1.680299639701843262e+00,2.029067516326904297e+00,2.195886611938476562e+00,2.374818801879882812e+00,2.662617206573486328e+00
4.966506004333496094e+00,4.662768363952636719e+00,4.466180324554443359e+00,4.161545276641845703e+00,3.967857360839843750e+00,3.638471126556396484e+00,3.422947406768798828e+00,3.095428466796875000e+00,2.868846893310546875e+00,2.524868488311767578e+00,2.293855190277099609e+00,1.937594771385192871e+00,1.733141303062438965e+00,1.465716719627380371e+00,1.250305175781250000e+00,0.000000000000000000e+00,3.824466466903686523e-01,5.321133732795715332e-01,8.307975530624389648e-01,1.060632467269897461e+00,1.386518239974975586e+00,1.597878336906433105e+00,1.945825099945068359e+00,2.139808893203735352e+00,2.501272439956665039e+00,2.710572004318237305e+00,3.080090761184692383e+00,3.299779176712036133e+00,3.613051176071166992e+00,3.846457958221435547e+00,2.293191432952880859e+00,2.082439899444580078e+00,2.100166082382202148e+00,2.074060201644897461e+00,2.152421712875366211e+00,2.280165433883666992e+00,2.030839681625366211e+00,2.285139083862304688e+00,2.161159276962280273e+00,2.391155958175659180e+00,2.529597282409667969e+00,2.747367382049560547e+00,3.031628131866455078e+00,3.097744703292846680e+00,3.454723596572875977e+00,4.675487041473388672e+00,4.378149509429931641e+00,4.203832626342773438e+00,3.868899822235107422e+00,3.693402051925659180e+00,3.326195001602172852e+00,3.340552330017089844e+00,3.021341562271118164e+00,2.970089197158813477e+00,2.761611938476562500e+00,2.564254760742187500e+00,2.454751253128051758e+00,2.179808139801025391e+00,2.304961442947387695e+00,1.987390637397766113e+00,1.487791895866394043e+00,1.273312687873840332e+00,1.618052482604980469e+00,1.510035037994384766e+00,1.884473443031311035e+00,1.986723661422729492e+00,2.153734683990478516e+00,2.467474699020385742e+00,2.475814580917358398e+00,2.849449157714843750e+00,2.917920827865600586e+00,3.273002862930297852e+00,3.441089391708374023e+00,3.621773481369018555e+00,3.905290603637695312e+00
4.649755477905273438e+00,4.340800762176513672e+00,4.157735824584960938e+00,3.841603517532348633e+00,3.662624597549438477e+00,3.326285600662231445e+00,3.124281167984008789e+00,2.804023265838623047e+00,2.566874504089355469e+00,2.238087892532348633e+00,1.979188323020935059e+00,1.639335751533508301e+00,1.396582484245300293e+00,1.139752030372619629e+00,8.891806602478027344e-01,3.824466466903686523e-01,0.000000000000000000e+00,3.798012435436248779e-01,5.260069966316223145e-01,8.379997611045837402e-01,1.127289295196533203e+00,1.319873929023742676e+00,1.676535606384277344e+00,1.828504323959350586e+00,2.200772047042846680e+00,2.384204149246215820e+00,2.758906602859497070e+00,2.968586206436157227e+00,3.274879217147827148e+00,3.511665582656860352e+00,2.017209768295288086e+00,1.779363632202148438e+00,1.772341609001159668e+00,1.718992352485656738e+00,1.785521030426025391e+00,1.900078892707824707e+00,1.650976777076721191e+00,1.912309408187866211e+00,1.798932194709777832e+00,2.048812389373779297e+00,2.198808193206787109e+00,2.440263748168945312e+00,2.727430582046508789e+00,2.824613571166992188e+00,3.176140069961547852e+00,4.401857376098632812e+00,4.098045825958251953e+00,3.919197082519531250e+00,3.584632635116577148e+00,3.403262615203857422e+00,3.033596754074096680e+00,3.020885944366455078e+00,2.694240331649780273e+00,2.625111103057861328e+00,2.401783466339111328e+00,2.198503255844116211e+00,2.076064825057983398e+00,1.802745342254638672e+00,1.930478215217590332e+00,1.620209455490112305e+00,1.396328687667846680e+00,1.107750654220581055e+00,1.406458616256713867e+00,1.253217220306396484e+00,1.614131808280944824e+00,1.696266889572143555e+00,1.824910759925842285e+00,2.137856960296630859e+00,2.122085094451904297e+00,2.494567871093750000e+00,2.560491085052490234e+00,2.909666538238525391e+00,3.085054397583007812e+00,3.257007360458374023e+00,3.548674345016479492e+00
4.459936618804931641e+00,4.165056228637695312e+00,3.956143856048583984e+00,3.658227443695068359e+00,3.451741933822631836e+00,3.123452425003051758e+00,2.909679651260375977e+00,2.574750423431396484e+00,2.364108800888061523e+00,2.013284921646118164e+00,1.802008986473083496e+00,1.444629192352294922e+00,1.265392780303955078e+00,1.044186353683471680e+00,8.481379747390747070e-01,5.321133732795715332e-01,3.798012435436248779e-01,0.000000000000000000e+00,3.804252445697784424e-01,5.343065857887268066e-01,8.800194859504699707e-01,1.071913003921508789e+00,1.418664216995239258e+00,1.626245737075805664e+00,1.980049729347229004e+00,2.207666635513305664e+00,2.570302009582519531e+00,2.804584026336669922e+00,3.118283748626708984e+00,3.356090068817138672e+00,2.243658065795898438e+00,1.964290857315063477e+00,1.977437853813171387e+00,1.857961654663085938e+00,1.937128782272338867e+00,1.989255785942077637e+00,1.725652575492858887e+00,1.951146960258483887e+00,1.769221782684326172e+00,1.998998522758483887e+00,2.086992263793945312e+00,2.312417984008789062e+00,2.569012880325317383e+00,2.635959148406982422e+00,2.986648797988891602e+00,4.234027862548828125e+00,3.921940803527832031e+00,3.770772457122802734e+00,3.422287702560424805e+00,3.274075269699096680e+00,2.903927326202392578e+00,2.918723106384277344e+00,2.619224309921264648e+00,2.542652845382690430e+00,2.364089012145996094e+00,2.140878677368164062e+00,2.071815967559814453e+00,1.784260272979736328e+00,1.945370793342590332e+00,1.655543208122253418e+00,1.306894779205322266e+00,1.011814117431640625e+00,1.294562101364135742e+00,1.095282196998596191e+00,1.456745982170104980e+00,1.504812598228454590e+00,1.698759078979492188e+00,1.987481474876403809e+00,2.010974645614624023e+00,2.380931377410888672e+00,2.454034805297851562e+00,2.819642543792724609e+00,2.987224578857421875e+00,3.196169614791870117e+00,3.465379714965820312e+00
4.138920783996582031e+00,3.833922863006591797e+00,3.642025232315063477e+00,3.332697153091430664e+00,3.146562337875366211e+00,2.815620660781860352e+00,2.603963136672973633e+00,2.283366918563842773e+00,2.047460556030273438e+00,1.713597297668457031e+00,1.466612815856933594e+00,1.119233131408691406e+00,9.054704308509826660e-01,6.730414032936096191e-01,4.759992957115173340e-01,8.307975530624389648e-01,5.260069966316223145e-01,3.804252445697784424e-01,0.000000000000000000e+00,3.758521974086761475e-01,6.063085198402404785e-01,8.164061307907104492e-01,1.159222841262817383e+00,1.326360464096069336e+00,1.692367196083068848e+00,1.883814454078674316e+00,2.256528377532958984e+00,2.469169855117797852e+00,2.785277128219604492e+00,3.015779972076416016e+00,2.106427192687988281e+00,1.804921627044677734e+00,1.768951773643493652e+00,1.609747052192687988e+00,1.646840095520019531e+00,1.658455491065979004e+00,1.373375535011291504e+00,1.578470230102539062e+00,1.389297842979431152e+00,1.622550129890441895e+00,1.722645401954650879e+00,1.962126255035400391e+00,2.228732824325561523e+00,2.321966171264648438e+00,2.670111656188964844e+00,3.913785934448242188e+00,3.600441217422485352e+00,3.438994407653808594e+00,3.094142913818359375e+00,2.934824705123901367e+00,2.563107490539550781e+00,2.558426380157470703e+00,2.251576423645019531e+00,2.170327186584472656e+00,1.984674453735351562e+00,1.768421769142150879e+00,1.706480860710144043e+00,1.437867283821105957e+00,1.633057475090026855e+00,1.375661134719848633e+00,1.435628533363342285e+00,1.081083774566650391e+00,1.275872945785522461e+00,9.988867640495300293e-01,1.318455696105957031e+00,1.302200913429260254e+00,1.445455431938171387e+00,1.712947845458984375e+00,1.689054846763610840e+00,2.053350687026977539e+00,2.102172374725341797e+00,2.463830232620239258e+00,2.623682498931884766e+00,2.823575496673583984e+00,3.095896005630493164e+00
3.945378065109252930e+00,3.657444477081298828e+00,3.436892747879028320e+00,3.148821353912353516e+00,2.931443214416503906e+00,2.610276937484741211e+00,2.387352228164672852e+00,2.049611568450927734e+00,1.849413394927978516e+00,1.490323185920715332e+00,1.310955762863159180e+00,9.509539008140563965e-01,8.457193374633789062e-01,7.100247144699096680e-01,6.393912434577941895e-01,1.060632467269897461e+00,8.379997611045837402e-01,5.343065857887268066e-01,3.758521974086761475e-01,0.000000000000000000e+00,3.751334249973297119e-01,5.712710618972778320e-01,8.921686410903930664e-01,1.136470794677734375e+00,1.471729993820190430e+00,1.717947959899902344e+00,2.071116685867309570e+00,2.312701702117919922e+00,2.633788585662841797e+00,2.865186214447021484e+00,2.362906217575073242e+00,2.034422874450683594e+00,2.022621154785156250e+00,1.811445355415344238e+00,1.863747239112854004e+00,1.814668059349060059e+00,1.534165382385253906e+00,1.690309762954711914e+00,1.432249546051025391e+00,1.632400393486022949e+00,1.649629592895507812e+00,1.866901397705078125e+00,2.088963270187377930e+00,2.147820949554443359e+00,2.490911245346069336e+00,3.755797386169433594e+00,3.432714939117431641e+00,3.304792165756225586e+00,2.945273876190185547e+00,2.826931953430175781e+00,2.458368301391601562e+00,2.482846498489379883e+00,2.213526964187622070e+00,2.121008157730102539e+00,1.992491006851196289e+00,1.756479620933532715e+00,1.759138464927673340e+00,1.485375761985778809e+00,1.707039475440979004e+00,1.486137747764587402e+00,1.435055255889892578e+00,1.099080801010131836e+00,1.245473265647888184e+00,9.274266958236694336e-01,1.213154911994934082e+00,1.141343712806701660e+00,1.359922766685485840e+00,1.584847211837768555e+00,1.610012650489807129e+00,1.961569428443908691e+00,2.019471883773803711e+00,2.394150733947753906e+00,2.544445276260375977e+00,2.784749269485473633e+00,3.028929710388183594e+00
3.600790262222290039e+00,3.305711746215820312e+00,3.092764854431152344e+00,2.803369045257568359e+00,2.597994804382324219e+00,2.284152746200561523e+00,2.045091867446899414e+00,1.722246170043945312e+00,1.495998024940490723e+00,1.142084002494812012e+00,9.553065896034240723e-01,5.852599740028381348e-01,5.556589961051940918e-01,4.799377024173736572e-01,5.948483943939208984e-01,1.386518239974975586e+00,1.127289295196533203e+00,8.800194859504699707e-01,6.063085198402404785e-01,3.751334249973297119e-01,0.000000000000000000e+00,3.793100714683532715e-01,6.055738329887390137e-01,8.555110692977905273e-01,1.177407264709472656e+00,1.399063110351562500e+00,1.754991412162780762e+00,1.973871946334838867e+00,2.308716297149658203e+00,2.520905256271362305e+00,2.446358919143676758e+00,2.105416774749755859e+00,2.048152923583984375e+00,1.795716762542724609e+00,1.795604944229125977e+00,1.676442027091979980e+00,1.375212788581848145e+00,1.457525014877319336e+00,1.152131795883178711e+00,1.308532118797302246e+00,1.292200922966003418e+00,1.496940612792968750e+00,1.714659094810485840e+00,1.776201725006103516e+00,2.119330406188964844e+00,3.384131669998168945e+00,3.060398578643798828e+00,2.931125879287719727e+00,2.571289539337158203e+00,2.455060720443725586e+00,2.086966514587402344e+00,2.115217924118041992e+00,1.857849001884460449e+00,1.771704196929931641e+00,1.674905896186828613e+00,1.456823229789733887e+00,1.519165754318237305e+00,1.293047428131103516e+00,1.573153257369995117e+00,1.425549387931823730e+00,1.710823178291320801e+00,1.360503554344177246e+00,1.423604488372802734e+00,1.058254599571228027e+00,1.253175735473632812e+00,1.074235558509826660e+00,1.249367356300354004e+00,1.401775956153869629e+00,1.377393603324890137e+00,1.701775789260864258e+00,1.714482188224792480e+00,2.088405370712280273e+00,2.209184646606445312e+00,2.456565618515014648e+00,2.685023546218872070e+00
