,A1,A2,A3,A4,A5,A6,A7,A8,A9,A10,A11,A12,A13,A14,A15,B1,B2,B3,B4,B5,B6,B7,B8,B9,B10,B11,B12,B13,B14,B15,C1,C2,C3,C4,C5,C6,C7,C8,C9,C10,C11,C12,C13,C14,C15,D1,D2,D3,D4,D5,D6,D7,D8,D9,D10,D11,D12,D13,D14,D15,E1,E2,E3,E4,E5,E6,E7,E8,E9,E10,E11,E12,E13,E14,E15
A1,0.0,0.3781076967716217,0.5252208709716797,0.8095978498458862,1.0398941040039062,1.3694021701812744,1.5680204629898071,1.9192581176757812,2.10744571685791,2.4664804935455322,2.678614854812622,3.0384490489959717,3.2592172622680664,3.5612783432006836,3.790567398071289,4.966506004333496,4.649755477905273,4.459936618804932,4.138920783996582,3.945378065109253,3.60079026222229,3.4131667613983154,3.0726335048675537,2.866265296936035,2.5210978984832764,2.2858941555023193,1.9333217144012451,1.6978839635849,1.4610824584960938,1.193252444267273,4.738010883331299,4.4410624504089355,4.318939685821533,3.9713237285614014,3.860501289367676,3.489128351211548,3.4842031002044678,3.2012994289398193,3.055640697479248,2.8694310188293457,2.574401378631592,2.4564101696014404,2.1015734672546387,2.160386085510254,1.842529535293579,1.6962782144546509,1.4938968420028687,1.7542623281478882,1.736915111541748,2.0207459926605225,2.171205997467041,2.0875697135925293,2.40092134475708,2.281559705734253,2.597750663757324,2.6564841270446777,2.954801559448242,3.148037910461426,3.3012871742248535,3.60394024848938,4.680078029632568,4.423490047454834,4.1722235679626465,3.9044740200042725,3.6587626934051514,3.326853036880493,3.201199769973755,2.8312623500823975,2.735153913497925,2.4027552604675293,2.2394938468933105,2.02534818649292,1.8065247535705566,1.9176539182662964,1.6031392812728882
A2,0.3781076967716217,0.0,0.3856881260871887,0.5263074040412903,0.8454062938690186,1.1399928331375122,1.3090687990188599,1.6728546619415283,1.8132655620574951,2.182896614074707,2.3692848682403564,2.7330892086029053,2.9456787109375,3.2377426624298096,3.47385835647583,4.662768363952637,4.340800762176514,4.165056228637695,3.833922863006592,3.657444477081299,3.3057117462158203,3.1345911026000977,2.8012938499450684,2.587667942047119,2.260197162628174,1.998412847518921,1.668071985244751,1.392479419708252,1.181589126586914,0.8698140978813171,4.441314697265625,4.146783351898193,4.006790637969971,3.664564371109009,3.535026788711548,3.1618621349334717,3.145763635635376,2.850834846496582,2.7112183570861816,2.512326240539551,2.2284603118896484,2.1058382987976074,1.7601208686828613,1.843504548072815,1.5314902067184448,1.4950522184371948,1.250454306602478,1.4609284400939941,1.4212656021118164,1.677781343460083,1.818394422531128,1.7159768342971802,2.0288290977478027,1.917385458946228,2.2376041412353516,2.317657709121704,2.622713088989258,2.8336684703826904,3.0026438236236572,3.307323694229126,4.442097187042236,4.168149948120117,3.9305245876312256,3.64923357963562,3.420720338821411,3.0829951763153076,2.9444830417633057,2.5836424827575684,2.4524781703948975,2.1259500980377197,1.9268507957458496,1.7121127843856812,1.4613746404647827,1.569305658340454,1.2490531206130981
A3,0.5252208709716797,0.3856881260871887,0.0,0.3805385231971741,0.5386801362037659,0.8895688652992249,1.0514106750488281,1.404850959777832,1.6017320156097412,1.9536151885986328,2.185159683227539,2.5371592044830322,2.775023937225342,3.075453519821167,3.310821294784546,4.466180324554443,4.157735824584961,3.956143856048584,3.6420252323150635,3.4368927478790283,3.0927648544311523,2.9095418453216553,2.5619494915008545,2.3739054203033447,2.0237648487091064,1.8083469867706299,1.4601118564605713,1.2449567317962646,1.0682432651519775,0.8155825138092041,4.369935512542725,4.0563507080078125,3.9400978088378906,3.584369659423828,3.4816858768463135,3.110729455947876,3.074223041534424,2.801100969314575,2.6187939643859863,2.4368467330932617,2.117847204208374,2.0029070377349854,1.638319492340088,1.6873942613601685,1.392143726348877,1.5690616369247437,1.272904872894287,1.5158255100250244,1.3959393501281738,1.6868103742599487,1.776214838027954,1.7165930271148682,2.0117435455322266,1.88145911693573,2.2092976570129395,2.241791009902954,2.5609130859375,2.7284486293792725,2.909804344177246,3.1903445720672607,4.2104926109313965,3.9481024742126465,3.7114107608795166,3.430278778076172,3.2010371685028076,2.8581204414367676,2.7578024864196777,2.392960548400879,2.3037283420562744,1.9990382194519043,1.8307496309280396,1.6784733533859253,1.4651179313659668,1.6569361686706543,1.386941909790039
A4,0.8095978498458862,0.5263074040412903,0.3805385231971741,0.0,0.38073235750198364,0.6192954778671265,0.8066612482070923,1.1582374572753906,1.3145627975463867,1.6801756620407104,1.873162865638733,2.2371649742126465,2.449978828430176,2.754974365234375,2.9809718132019043,4.161545276641846,3.8416035175323486,3.6582274436950684,3.3326971530914307,3.1488213539123535,2.8033690452575684,2.6179466247558594,2.285637378692627,2.0685465335845947,1.7360769510269165,1.483147382736206,1.1451979875564575,0.8919312357902527,0.707069456577301,0.43548786640167236,4.001086235046387,3.691484212875366,3.567183256149292,3.2144854068756104,3.1053593158721924,2.733776330947876,2.704015016555786,2.431075096130371,2.2619917392730713,2.091787576675415,1.7842481136322021,1.702298879623413,1.3535953760147095,1.46947181224823,1.2140350341796875,1.6270750761032104,1.2918500900268555,1.447698950767517,1.273341178894043,1.5030876398086548,1.5396002531051636,1.4271739721298218,1.692492961883545,1.5292043685913086,1.8436145782470703,1.8723810911178589,2.18572998046875,2.363405704498291,2.543341875076294,2.8309545516967773,3.9195539951324463,3.646252155303955,3.4111664295196533,3.1273441314697266,2.901977300643921,2.5607717037200928,2.4347009658813477,2.0744948387145996,1.95632004737854,1.6454968452453613,1.4604917764663696,1.3004133701324463,1.0877765417099,1.2976073026657104,1.059708833694458
A5,1.0398941040039062,0.8454062938690186,0.5386801362037659,0.38073235750198364,0.0,0.3714388310909271,0.5694016814231873,0.8883739709854126,1.1309294700622559,1.4652268886566162,1.7105865478515625,2.056819438934326,2.2935969829559326,2.6091082096099854,2.828263998031616,3.9678573608398438,3.6626245975494385,3.451741933822632,3.146562337875366,2.931443214416504,2.597994804382324,2.394017457962036,2.0479092597961426,1.858327865600586,1.498695969581604,1.3101788759231567,0.9514742493629456,0.8111452460289001,0.6957953572273254,0.596632182598114,3.9321062564849854,3.603942632675171,3.508761167526245,3.143873691558838,3.0684521198272705,2.7047646045684814,2.6560370922088623,2.4154815673828125,2.202101707458496,2.061584234237671,1.7211133241653442,1.66139554977417,1.3077442646026611,1.3878451585769653,1.1795270442962646,1.803227186203003,1.4432722330093384,1.615477442741394,1.3741072416305542,1.6182401180267334,1.5918010473251343,1.525871992111206,1.7521055936813354,1.5668305158615112,1.8720887899398804,1.8381255865097046,2.1566219329833984,2.277642011642456,2.465674638748169,2.7223873138427734,3.6762173175811768,3.4175100326538086,3.18166184425354,2.900768280029297,2.6725966930389404,2.3276822566986084,2.246143341064453,1.883355736732483,1.821314811706543,1.5435665845870972,1.4104071855545044,1.337106704711914,1.1950335502624512,1.480162262916565,1.3145849704742432
A6,1.3694021701812744,1.1399928331375122,0.8895688652992249,0.6192954778671265,0.3714388310909271,0.0,0.3801562488079071,0.6081034541130066,0.8531503081321716,1.1765577793121338,1.3962010145187378,1.7467437982559204,1.959743857383728,2.289721965789795,2.4889121055603027,3.6384711265563965,3.3262856006622314,3.1234524250030518,2.8156206607818604,2.610276937484741,2.2841527462005615,2.061940908432007,1.7301305532455444,1.5121992826461792,1.1578632593154907,0.9570068717002869,0.5865396857261658,0.5069252848625183,0.45095008611679077,0.5499415397644043,3.5713722705841064,3.2393953800201416,3.152475595474243,2.784724712371826,2.7228713035583496,2.364278793334961,2.3194546699523926,2.101602792739868,1.8843092918395996,1.7835721969604492,1.445683479309082,1.4520702362060547,1.1355206966400146,1.279297113418579,1.1617974042892456,2.0159640312194824,1.639293909072876,1.7416064739227295,1.450103759765625,1.6248818635940552,1.517327070236206,1.4155629873275757,1.5712746381759644,1.333209753036499,1.600766658782959,1.518049955368042,1.824129581451416,1.9218453168869019,2.1061618328094482,2.356022357940674,3.322741985321045,3.060823917388916,2.822056293487549,2.5426201820373535,2.3122215270996094,1.9688122272491455,1.8762110471725464,1.5139812231063843,1.4525673389434814,1.1836168766021729,1.075114130973816,1.0525761842727661,0.9834211468696594,1.315050721168518,1.241333246231079
A7,1.5680204629898071,1.3090687990188599,1.0514106750488281,0.8066612482070923,0.5694016814231873,0.3801562488079071,0.0,0.377073734998703,0.572462797164917,0.9049450755119324,1.1666570901870728,1.5017865896224976,1.7627991437911987,2.063610315322876,2.3006768226623535,3.422947406768799,3.124281167984009,2.909679651260376,2.6039631366729736,2.387352228164673,2.0450918674468994,1.8670533895492554,1.5142240524291992,1.353659987449646,1.0085328817367554,0.841867983341217,0.5672289133071899,0.5023329854011536,0.6861518621444702,0.7213314771652222,3.5645720958709717,3.2241904735565186,3.1206541061401367,2.7580008506774902,2.676481008529663,2.3220057487487793,2.21710467338562,1.9864275455474854,1.7248902320861816,1.5835912227630615,1.2209442853927612,1.1712169647216797,0.8399413228034973,0.9261447787284851,0.8430352807044983,1.8630785942077637,1.4783711433410645,1.553690791130066,1.2173837423324585,1.3852580785751343,1.2422587871551514,1.2135159969329834,1.3660216331481934,1.1853994131088257,1.484020709991455,1.42420494556427,1.7681852579116821,1.8598546981811523,2.101335287094116,2.3195254802703857,3.239353895187378,2.9577126502990723,2.757739305496216,2.446366786956787,2.26389741897583,1.9014257192611694,1.8508756160736084,1.5215144157409668,1.4365538358688354,1.2425528764724731,1.077266812324524,1.1470348834991455,1.030208945274353,1.3782508373260498,1.3213601112365723
A8,1.9192581176757812,1.6728546619415283,1.404850959777832,1.1582374572753906,0.8883739709854126,0.6081034541130066,0.377073734998703,0.0,0.381961852312088,0.6062732338905334,0.9033438563346863,1.209875226020813,1.4749315977096558,1.7882585525512695,2.004951238632202,3.095428466796875,2.804023265838623,2.5747504234313965,2.2833669185638428,2.0496115684509277,1.7222461700439453,1.519449234008789,1.1636096239089966,1.0178296566009521,0.6566839814186096,0.5916812419891357,0.41434311866760254,0.5948812365531921,0.8538058996200562,1.0127593278884888,3.323866605758667,2.971151351928711,2.8928160667419434,2.5263280868530273,2.477686882019043,2.1425580978393555,2.020991086959839,1.8393352031707764,1.544325351715088,1.4637901782989502,1.0993460416793823,1.1295740604400635,0.8822572231292725,0.9749811291694641,1.0273661613464355,2.1807291507720947,1.7980676889419556,1.8410416841506958,1.478403091430664,1.5935192108154297,1.3740977048873901,1.3540796041488647,1.4118636846542358,1.201377034187317,1.434780478477478,1.2943031787872314,1.615692377090454,1.63776433467865,1.8848671913146973,2.061988353729248,2.8762521743774414,2.599614143371582,2.404597759246826,2.0917303562164307,1.9171218872070312,1.5518860816955566,1.5409177541732788,1.231379508972168,1.1941696405410767,1.078741431236267,0.9852095246315002,1.168531894683838,1.1540671586990356,1.5209980010986328,1.5481704473495483
A9,2.10744571685791,1.8132655620574951,1.6017320156097412,1.3145627975463867,1.1309294700622559,0.8531503081321716,0.572462797164917,0.381961852312088,0.0,0.37703704833984375,0.6005290746688843,0.9361976981163025,1.2042986154556274,1.492857575416565,1.7423068284988403,2.868846893310547,2.5668745040893555,2.3641088008880615,2.0474605560302734,1.8494133949279785,1.4959980249404907,1.3489331007003784,1.011101484298706,0.8623511791229248,0.599213719367981,0.4550521671772003,0.5083222985267639,0.589444100856781,0.9498088955879211,1.0811022520065308,3.134155035018921,2.7887461185455322,2.6734306812286377,2.320765972137451,2.2313194274902344,1.8956369161605835,1.7339425086975098,1.525167465209961,1.2169163227081299,1.0985119342803955,0.7280503511428833,0.7594179511070251,0.5730795860290527,0.7300553321838379,0.884803295135498,2.129774570465088,1.7584978342056274,1.7225641012191772,1.3489638566970825,1.3790233135223389,1.10066556930542,1.0771254301071167,1.074678897857666,0.8894253969192505,1.118175745010376,1.0119519233703613,1.3601034879684448,1.4138847589492798,1.708601713180542,1.880354404449463,2.803706407546997,2.493441581726074,2.334320306777954,1.9940242767333984,1.8695108890533447,1.50221848487854,1.4671083688735962,1.2069530487060547,1.074385643005371,1.015425682067871,0.8323948979377747,1.070528507232666,1.0283364057540894,1.3739718198776245,1.4487521648406982
A10,2.4664804935455322,2.182896614074707,1.9536151885986328,1.6801756620407104,1.4652268886566162,1.1765577793121338,0.9049450755119324,0.6062732338905334,0.37703704833984375,0.0,0.37880393862724304,0.6183069348335266,0.9311736226081848,1.2079583406448364,1.4546657800674438,2.5248684883117676,2.2380878925323486,2.013284921646118,1.713597297668457,1.4903231859207153,1.142084002494812,1.0014458894729614,0.6502829790115356,0.59322589635849,0.42558836936950684,0.518027126789093,0.742143452167511,0.9302621483802795,1.2811378240585327,1.4498085975646973,2.98287034034729,2.6269352436065674,2.5321826934814453,2.1864609718322754,2.1249639987945557,1.824785828590393,1.6204801797866821,1.4731703996658325,1.120360255241394,1.0672385692596436,0.7382863759994507,0.8376935124397278,0.798732340335846,0.8873277306556702,1.1374205350875854,2.4206316471099854,2.0598018169403076,2.0074706077575684,1.6271326541900635,1.6241239309310913,1.3045766353607178,1.3214635848999023,1.2352484464645386,1.0764960050582886,1.215164303779602,1.04582679271698,1.3469864130020142,1.3135449886322021,1.6269270181655884,1.7285704612731934,2.4962639808654785,2.1827950477600098,2.054542064666748,1.6999554634094238,1.6203534603118896,1.256052017211914,1.292223334312439,1.1054956912994385,1.0215929746627808,1.0953246355056763,0.9907940030097961,1.3071324825286865,1.330366611480713,1.6607238054275513,1.7821261882781982
A11,2.678614854812622,2.3692848682403564,2.185159683227539,1.873162865638733,1.7105865478515625,1.3962010145187378,1.1666570901870728,0.9033438563346863,0.6005290746688843,0.37880393862724304,0.0,0.37696200609207153,0.6063165664672852,0.8992218971252441,1.1434170007705688,2.2938551902770996,1.979188323020935,1.8020089864730835,1.4666128158569336,1.3109557628631592,0.9553065896034241,0.8421733975410461,0.5964483022689819,0.45395293831825256,0.5260964632034302,0.5320813655853271,0.8822043538093567,1.0328928232192993,1.3835136890411377,1.571418285369873,2.653899669647217,2.3065736293792725,2.186566114425659,1.8519411087036133,1.7673580646514893,1.4746780395507812,1.2483819723129272,1.1106209754943848,0.749779224395752,0.7518242001533508,0.4991183876991272,0.7429606318473816,0.8554801940917969,1.0334172248840332,1.318113088607788,2.5860559940338135,2.237605333328247,2.1269454956054688,1.762148141860962,1.6793161630630493,1.3272907733917236,1.2847826480865479,1.0960264205932617,0.9220641851425171,0.9530658721923828,0.753839910030365,1.0222997665405273,0.9857839345932007,1.3279016017913818,1.4200242757797241,2.3395516872406006,1.9993388652801514,1.8893024921417236,1.5264499187469482,1.4810255765914917,1.140043020248413,1.1172311305999756,1.0002551078796387,0.8281921148300171,0.9820557832717896,0.8658466339111328,1.2198532819747925,1.2850359678268433,1.5691756010055542,1.7588788270950317
A12,3.0384490489959717,2.7330892086029053,2.5371592044830322,2.2371649742126465,2.056819438934326,1.7467437982559204,1.5017865896224976,1.209875226020813,0.9361976981163025,0.6183069348335266,0.37696200609207153,0.0,0.3769906461238861,0.5954521894454956,0.8586065769195557,1.9375947713851929,1.6393357515335083,1.444629192352295,1.1192331314086914,0.9509539008140564,0.5852599740028381,0.5578285455703735,0.4150153398513794,0.492129385471344,0.7367979884147644,0.8723648190498352,1.2290335893630981,1.4074853658676147,1.7554033994674683,1.9466454982757568,2.5633349418640137,2.2145063877105713,2.1086783409118652,1.8006168603897095,1.7376242876052856,1.5062742233276367,1.2253220081329346,1.1698237657546997,0.8008456230163574,0.8710949420928955,0.7466671466827393,0.9640522003173828,1.149619698524475,1.2588056325912476,1.5849093198776245,2.857417106628418,2.522270917892456,2.3978936672210693,2.0344908237457275,1.9301897287368774,1.5646612644195557,1.5666124820709229,1.3379461765289307,1.2232924699783325,1.1901862621307373,0.9885127544403076,1.1672730445861816,1.0450387001037598,1.387320637702942,1.382138729095459,2.104973316192627,1.7539995908737183,1.7049264907836914,1.3265924453735352,1.3695416450500488,1.0680900812149048,1.1281770467758179,1.1289188861846924,1.013296127319336,1.260756492614746,1.1984251737594604,1.5639302730560303,1.6465895175933838,1.9100841283798218,2.1158809661865234
A13,3.2592172622680664,2.9456787109375,2.775023937225342,2.449978828430176,2.2935969829559326,1.959743857383728,1.7627991437911987,1.4749315977096558,1.2042986154556274,0.9311736226081848,0.6063165664672852,0.3769906461238861,0.0,0.37403008341789246,0.5386587977409363,1.733141303062439,1.3965824842453003,1.265392780303955,0.9054704308509827,0.8457193374633789,0.5556589961051941,0.5192925930023193,0.6100795865058899,0.5758640766143799,0.9231006503105164,1.0174119472503662,1.3998916149139404,1.5766123533248901,1.8958624601364136,2.116894245147705,2.1933646202087402,1.8490432500839233,1.7389215230941772,1.4420669078826904,1.388480305671692,1.194671392440796,0.9070181250572205,0.9430406093597412,0.6273516416549683,0.8493053317070007,0.8653457760810852,1.164128065109253,1.3952659368515015,1.5633448362350464,1.880669355392456,3.130833864212036,2.7987349033355713,2.649254083633423,2.299569606781006,2.158161163330078,1.7893531322479248,1.7317498922348022,1.4475162029266357,1.303086757659912,1.1570968627929688,0.9129353165626526,0.9670329689979553,0.77690190076828,1.1042828559875488,1.0493099689483643,1.8912975788116455,1.5228917598724365,1.4837456941604614,1.1167958974838257,1.1931349039077759,0.9547856450080872,0.9560384750366211,1.0584875345230103,0.9165412187576294,1.232035517692566,1.217750072479248,1.5827068090438843,1.7235922813415527,1.9444135427474976,2.2024834156036377
A14,3.5612783432006836,3.2377426624298096,3.075453519821167,2.754974365234375,2.6091082096099854,2.289721965789795,2.063610315322876,1.7882585525512695,1.492857575416565,1.2079583406448364,0.8992218971252441,0.5954521894454956,0.37403008341789246,0.0,0.36534419655799866,1.4657167196273804,1.1397520303726196,1.0441863536834717,0.6730414032936096,0.7100247144699097,0.47993770241737366,0.67546147108078,0.8531596660614014,0.9290369749069214,1.2691586017608643,1.3670767545700073,1.746954321861267,1.8969308137893677,2.229504108428955,2.424048662185669,2.2052714824676514,1.886067509651184,1.7525097131729126,1.5172053575515747,1.4362515211105347,1.3131123781204224,0.9691785573959351,1.0376440286636353,0.7751302123069763,0.9575011134147644,1.0640884637832642,1.3053165674209595,1.5932729244232178,1.7205709218978882,2.06304931640625,3.285276412963867,2.9754929542541504,2.7964186668395996,2.460341691970825,2.283527374267578,1.9117810726165771,1.8895983695983887,1.5785514116287231,1.5109950304031372,1.3443384170532227,1.1723582744598389,1.1912217140197754,1.0241460800170898,1.3326994180679321,1.2158161401748657,1.9144577980041504,1.5360770225524902,1.5865905284881592,1.2326419353485107,1.4049304723739624,1.2304967641830444,1.264839768409729,1.4167121648788452,1.2735517024993896,1.5892008543014526,1.5468133687973022,1.8978419303894043,2.0088002681732178,2.1998682022094727,2.4592933654785156
A15,3.790567398071289,3.47385835647583,3.310821294784546,2.9809718132019043,2.828263998031616,2.4889121055603027,2.3006768226623535,2.004951238632202,1.7423068284988403,1.4546657800674438,1.1434170007705688,0.8586065769195557,0.5386587977409363,0.36534419655799866,0.0,1.25030517578125,0.8891806602478027,0.8481379747390747,0.47599929571151733,0.6393912434577942,0.5948483943939209,0.7055694460868835,0.9997501969337463,1.0433096885681152,1.41899836063385,1.5370409488677979,1.9189740419387817,2.100233793258667,2.4050893783569336,2.6353375911712646,1.900489091873169,1.579978585243225,1.485158085823059,1.27204430103302,1.2568368911743164,1.2123194932937622,0.9134515523910522,1.1102591753005981,0.9343113899230957,1.208779215812683,1.3399138450622559,1.624372124671936,1.8989869356155396,2.052292585372925,2.3847503662109375,3.616009473800659,3.2979443073272705,3.1239259243011475,2.786494255065918,2.6118788719177246,2.2411131858825684,2.1853158473968506,1.8636623620986938,1.7532576322555542,1.5362080335617065,1.3149968385696411,1.233677864074707,0.9836728572845459,1.2111454010009766,1.0048362016677856,1.6132762432098389,1.2317205667495728,1.3056395053863525,0.9865771532058716,1.2070890665054321,1.1241133213043213,1.1554936170578003,1.395279884338379,1.296849250793457,1.6518878936767578,1.6802996397018433,2.0290675163269043,2.1958866119384766,2.374818801879883,2.6626172065734863
B1,4.966506004333496,4.662768363952637,4.466180324554443,4.161545276641846,3.9678573608398438,3.6384711265563965,3.422947406768799,3.095428466796875,2.868846893310547,2.5248684883117676,2.2938551902770996,1.9375947713851929,1.733141303062439,1.4657167196273804,1.25030517578125,0.0,0.38244664669036865,0.5321133732795715,0.830797553062439,1.0606324672698975,1.3865182399749756,1.597878336906433,1.9458250999450684,2.1398088932037354,2.501272439956665,2.7105720043182373,3.0800907611846924,3.299779176712036,3.613051176071167,3.8464579582214355,2.293191432952881,2.08243989944458,2.100166082382202,2.0740602016448975,2.152421712875366,2.280165433883667,2.030839681625366,2.2851390838623047,2.1611592769622803,2.391155958175659,2.529597282409668,2.7473673820495605,3.031628131866455,3.0977447032928467,3.454723596572876,4.675487041473389,4.378149509429932,4.203832626342773,3.8688998222351074,3.693402051925659,3.326195001602173,3.34055233001709,3.021341562271118,2.9700891971588135,2.7616119384765625,2.5642547607421875,2.4547512531280518,2.1798081398010254,2.3049614429473877,1.9873906373977661,1.487791895866394,1.2733126878738403,1.6180524826049805,1.5100350379943848,1.884473443031311,1.9867236614227295,2.1537346839904785,2.4674746990203857,2.4758145809173584,2.8494491577148438,2.9179208278656006,3.273002862930298,3.441089391708374,3.6217734813690186,3.9052906036376953
B2,4.649755477905273,4.340800762176514,4.157735824584961,3.8416035175323486,3.6626245975494385,3.3262856006622314,3.124281167984009,2.804023265838623,2.5668745040893555,2.2380878925323486,1.979188323020935,1.6393357515335083,1.3965824842453003,1.1397520303726196,0.8891806602478027,0.38244664669036865,0.0,0.3798012435436249,0.5260069966316223,0.8379997611045837,1.1272892951965332,1.3198739290237427,1.6765356063842773,1.8285043239593506,2.2007720470428467,2.384204149246216,2.758906602859497,2.9685862064361572,3.274879217147827,3.5116655826568604,2.017209768295288,1.7793636322021484,1.7723416090011597,1.7189923524856567,1.7855210304260254,1.9000788927078247,1.6509767770767212,1.9123094081878662,1.7989321947097778,2.0488123893737793,2.198808193206787,2.4402637481689453,2.727430582046509,2.824613571166992,3.176140069961548,4.401857376098633,4.098045825958252,3.9191970825195312,3.584632635116577,3.4032626152038574,3.0335967540740967,3.020885944366455,2.6942403316497803,2.6251111030578613,2.4017834663391113,2.198503255844116,2.0760648250579834,1.8027453422546387,1.9304782152175903,1.6202094554901123,1.3963286876678467,1.107750654220581,1.4064586162567139,1.2532172203063965,1.6141318082809448,1.6962668895721436,1.8249107599258423,2.137856960296631,2.1220850944519043,2.49456787109375,2.5604910850524902,2.9096665382385254,3.085054397583008,3.257007360458374,3.5486743450164795
B3,4.459936618804932,4.165056228637695,3.956143856048584,3.6582274436950684,3.451741933822632,3.1234524250030518,2.909679651260376,2.5747504234313965,2.3641088008880615,2.013284921646118,1.8020089864730835,1.444629192352295,1.265392780303955,1.0441863536834717,0.8481379747390747,0.5321133732795715,0.3798012435436249,0.0,0.38042524456977844,0.5343065857887268,0.88001948595047,1.0719130039215088,1.4186642169952393,1.6262457370758057,1.980049729347229,2.2076666355133057,2.5703020095825195,2.80458402633667,3.118283748626709,3.3560900688171387,2.2436580657958984,1.9642908573150635,1.9774378538131714,1.857961654663086,1.9371287822723389,1.9892557859420776,1.7256525754928589,1.9511469602584839,1.7692217826843262,1.9989985227584839,2.0869922637939453,2.312417984008789,2.5690128803253174,2.6359591484069824,2.9866487979888916,4.234027862548828,3.921940803527832,3.7707724571228027,3.422287702560425,3.2740752696990967,2.9039273262023926,2.9187231063842773,2.6192243099212646,2.5426528453826904,2.364089012145996,2.140878677368164,2.0718159675598145,1.7842602729797363,1.9453707933425903,1.6555432081222534,1.3068947792053223,1.0118141174316406,1.2945621013641357,1.0952821969985962,1.456745982170105,1.5048125982284546,1.6987590789794922,1.9874814748764038,2.010974645614624,2.3809313774108887,2.4540348052978516,2.8196425437927246,2.987224578857422,3.19616961479187,3.4653797149658203
B4,4.138920783996582,3.833922863006592,3.6420252323150635,3.3326971530914307,3.146562337875366,2.8156206607818604,2.6039631366729736,2.2833669185638428,2.0474605560302734,1.713597297668457,1.4666128158569336,1.1192331314086914,0.9054704308509827,0.6730414032936096,0.47599929571151733,0.830797553062439,0.5260069966316223,0.38042524456977844,0.0,0.37585219740867615,0.6063085198402405,0.8164061307907104,1.1592228412628174,1.3263604640960693,1.6923671960830688,1.8838144540786743,2.256528377532959,2.469169855117798,2.7852771282196045,3.015779972076416,2.1064271926879883,1.8049216270446777,1.7689517736434937,1.609747052192688,1.6468400955200195,1.658455491065979,1.3733755350112915,1.578470230102539,1.3892978429794312,1.622550129890442,1.7226454019546509,1.9621262550354004,2.2287328243255615,2.3219661712646484,2.670111656188965,3.913785934448242,3.6004412174224854,3.4389944076538086,3.0941429138183594,2.9348247051239014,2.563107490539551,2.5584263801574707,2.2515764236450195,2.1703271865844727,1.9846744537353516,1.7684217691421509,1.706480860710144,1.437867283821106,1.6330574750900269,1.3756611347198486,1.4356285333633423,1.0810837745666504,1.2758729457855225,0.99888676404953,1.318455696105957,1.3022009134292603,1.4454554319381714,1.7129478454589844,1.6890548467636108,2.0533506870269775,2.102172374725342,2.4638302326202393,2.6236824989318848,2.823575496673584,3.095896005630493
B5,3.945378065109253,3.657444477081299,3.4368927478790283,3.1488213539123535,2.931443214416504,2.610276937484741,2.387352228164673,2.0496115684509277,1.8494133949279785,1.4903231859207153,1.3109557628631592,0.9509539008140564,0.8457193374633789,0.7100247144699097,0.6393912434577942,1.0606324672698975,0.8379997611045837,0.5343065857887268,0.37585219740867615,0.0,0.3751334249973297,0.5712710618972778,0.8921686410903931,1.1364707946777344,1.4717299938201904,1.7179479598999023,2.0711166858673096,2.31270170211792,2.633788585662842,2.8651862144470215,2.3629062175750732,2.0344228744506836,2.0226211547851562,1.8114453554153442,1.863747239112854,1.81466805934906,1.534165382385254,1.690309762954712,1.4322495460510254,1.632400393486023,1.6496295928955078,1.8669013977050781,2.088963270187378,2.1478209495544434,2.4909112453460693,3.7557973861694336,3.4327149391174316,3.3047921657562256,2.9452738761901855,2.826931953430176,2.4583683013916016,2.48284649848938,2.213526964187622,2.1210081577301025,1.9924910068511963,1.7564796209335327,1.7591384649276733,1.4853757619857788,1.707039475440979,1.4861377477645874,1.4350552558898926,1.0990808010101318,1.2454732656478882,0.9274266958236694,1.213154911994934,1.1413437128067017,1.3599227666854858,1.5848472118377686,1.6100126504898071,1.9615694284439087,2.0194718837738037,2.394150733947754,2.544445276260376,2.7847492694854736,3.0289297103881836
B6,3.60079026222229,3.3057117462158203,3.0927648544311523,2.8033690452575684,2.597994804382324,2.2841527462005615,2.0450918674468994,1.7222461700439453,1.4959980249404907,1.142084002494812,0.9553065896034241,0.5852599740028381,0.5556589961051941,0.47993770241737366,0.5948483943939209,1.3865182399749756,1.1272892951965332,0.88001948595047,0.6063085198402405,0.3751334249973297,0.0,0.37931007146835327,0.605573832988739,0.8555110692977905,1.1774072647094727,1.3990631103515625,1.7549914121627808,1.9738719463348389,2.308716297149658,2.5209052562713623,2.4463589191436768,2.105416774749756,2.0481529235839844,1.7957167625427246,1.795604944229126,1.67644202709198,1.3752127885818481,1.4575250148773193,1.1521317958831787,1.3085321187973022,1.2922009229660034,1.4969406127929688,1.7146590948104858,1.7762017250061035,2.119330406188965,3.384131669998169,3.060398578643799,2.9311258792877197,2.571289539337158,2.4550607204437256,2.0869665145874023,2.115217924118042,1.8578490018844604,1.7717041969299316,1.6749058961868286,1.4568232297897339,1.5191657543182373,1.2930474281311035,1.5731532573699951,1.4255493879318237,1.7108231782913208,1.3605035543441772,1.4236044883728027,1.058254599571228,1.2531757354736328,1.0742355585098267,1.249367356300354,1.4017759561538696,1.3773936033248901,1.7017757892608643,1.7144821882247925,2.0884053707122803,2.2091846466064453,2.4565656185150146,2.685023546218872
B7,3.4131667613983154,3.1345911026000977,2.9095418453216553,2.6179466247558594,2.394017457962036,2.061940908432007,1.8670533895492554,1.519449234008789,1.3489331007003784,1.0014458894729614,0.8421733975410461,0.5578285455703735,0.5192925930023193,0.67546147108078,0.7055694460868835,1.597878336906433,1.3198739290237427,1.0719130039215088,0.8164061307907104,0.5712710618972778,0.37931007146835327,0.0,0.37762442231178284,0.5760273933410645,0.9105571508407593,1.1723756790161133,1.5154699087142944,1.780746579170227,2.086843490600586,2.3367531299591064,2.357363224029541,1.995519757270813,1.9782055616378784,1.6831812858581543,1.7320500612258911,1.584653377532959,1.3468815088272095,1.4417927265167236,1.1365199089050293,1.338004231452942,1.2648857831954956,1.5177921056747437,1.677048683166504,1.7771518230438232,2.0898425579071045,3.3759002685546875,3.0299785137176514,2.932039976119995,2.5611250400543213,2.4795031547546387,2.117358446121216,2.106478452682495,1.8717304468154907,1.7133803367614746,1.6226426362991333,1.3406832218170166,1.3970067501068115,1.128808617591858,1.374775767326355,1.2471282482147217,1.567137360572815,1.2312577962875366,1.199571132659912,0.8217929601669312,0.9324889779090881,0.7085904479026794,0.9151036739349365,1.0598478317260742,1.1015324592590332,1.4324495792388916,1.5099509954452515,1.8873779773712158,2.053070545196533,2.3226382732391357,2.554025888442993
B8,3.0726335048675537,2.8012938499450684,2.5619494915008545,2.285637378692627,2.0479092597961426,1.7301305532455444,1.5142240524291992,1.1636096239089966,1.011101484298706,0.6502829790115356,0.5964483022689819,0.4150153398513794,0.6100795865058899,0.8531596660614014,0.9997501969337463,1.9458250999450684,1.6765356063842773,1.4186642169952393,1.1592228412628174,0.8921686410903931,0.605573832988739,0.37762442231178284,0.0,0.37926527857780457,0.6047950983047485,0.9005882143974304,1.2149492502212524,1.4839950799942017,1.801392912864685,2.0334596633911133,2.630359649658203,2.2641661167144775,2.2265961170196533,1.9029951095581055,1.9187536239624023,1.7062143087387085,1.4768667221069336,1.4818520545959473,1.1336538791656494,1.252145767211914,1.0787360668182373,1.288791298866272,1.3858228921890259,1.4642705917358398,1.7596447467803955,3.0485010147094727,2.696122884750366,2.624347686767578,2.246609926223755,2.2018840312957764,1.8528375625610352,1.8622604608535767,1.6785849332809448,1.5166630744934082,1.5052542686462402,1.2418187856674194,1.394087791442871,1.1942236423492432,1.4745968580245972,1.435961365699768,1.883070468902588,1.5688327550888062,1.4868556261062622,1.1200072765350342,1.128274917602539,0.8114978075027466,0.9883438348770142,0.9918895363807678,1.0234801769256592,1.2842954397201538,1.323225975036621,1.6947869062423706,1.8226643800735474,2.1240131855010986,2.3157854080200195
B9,2.866265296936035,2.587667942047119,2.3739054203033447,2.0685465335845947,1.858327865600586,1.5121992826461792,1.353659987449646,1.0178296566009521,0.8623511791229248,0.59322589635849,0.45395293831825256,0.492129385471344,0.5758640766143799,0.9290369749069214,1.0433096885681152,2.1398088932037354,1.8285043239593506,1.6262457370758057,1.3263604640960693,1.1364707946777344,0.8555110692977905,0.5760273933410645,0.37926527857780457,0.0,0.3816360831260681,0.6037372946739197,0.9482052326202393,1.2206039428710938,1.5134704113006592,1.7765337228775024,2.454366683959961,2.0882999897003174,2.03954815864563,1.6894549131393433,1.6989179849624634,1.4462592601776123,1.2727991342544556,1.2591354846954346,0.9396541118621826,1.0952297449111938,0.9139278531074524,1.1943190097808838,1.2696501016616821,1.437034010887146,1.6966898441314697,2.9690749645233154,2.6064913272857666,2.5306339263916016,2.1601438522338867,2.1092426776885986,1.7674250602722168,1.703963041305542,1.5166438817977905,1.2856754064559937,1.2507405281066895,0.9423277378082275,1.0892051458358765,0.9030668139457703,1.1728365421295166,1.204793095588684,1.9494600296020508,1.63309645652771,1.4828969240188599,1.1341638565063477,1.0480812788009644,0.6944705843925476,0.7328550219535828,0.6633694171905518,0.6492428183555603,0.9084373116493225,0.9753439426422119,1.3485609292984009,1.5191730260849,1.814446210861206,2.028738021850586
B10,2.5210978984832764,2.260197162628174,2.0237648487091064,1.7360769510269165,1.498695969581604,1.1578632593154907,1.0085328817367554,0.6566839814186096,0.599213719367981,0.42558836936950684,0.5260964632034302,0.7367979884147644,0.9231006503105164,1.2691586017608643,1.41899836063385,2.501272439956665,2.2007720470428467,1.980049729347229,1.6923671960830688,1.4717299938201904,1.1774072647094727,0.9105571508407593,0.6047950983047485,0.3816360831260681,0.0,0.3773558735847473,0.6254953145980835,0.9406164884567261,1.2224336862564087,1.4836457967758179,2.7553510665893555,2.391181230545044,2.3434746265411377,1.9796504974365234,1.979767084121704,1.6889402866363525,1.5515788793563843,1.472644567489624,1.158393383026123,1.2271831035614014,0.9471853375434875,1.1599100828170776,1.1182845830917358,1.2734864950180054,1.475353717803955,2.725694179534912,2.3515825271606445,2.3209261894226074,1.9474961757659912,1.9559262990951538,1.6475063562393188,1.5905622243881226,1.484364628791809,1.23341703414917,1.2979528903961182,1.023708462715149,1.2498359680175781,1.1418720483779907,1.3895995616912842,1.4912066459655762,2.2379891872406006,1.9495614767074585,1.763512372970581,1.4404257535934448,1.2884043455123901,0.9187501668930054,0.9394336342811584,0.7124511003494263,0.7277550101280212,0.8283647894859314,0.8743597865104675,1.2098578214645386,1.3485010862350464,1.68499755859375,1.8453108072280884
B11,2.2858941555023193,1.998412847518921,1.8083469867706299,1.483147382736206,1.3101788759231567,0.9570068717002869,0.841867983341217,0.5916812419891357,0.4550521671772003,0.518027126789093,0.5320813655853271,0.8723648190498352,1.0174119472503662,1.3670767545700073,1.5370409488677979,2.7105720043182373,2.384204149246216,2.2076666355133057,1.8838144540786743,1.7179479598999023,1.3990631103515625,1.1723756790161133,0.9005882143974304,0.6037372946739197,0.3773558735847473,0.0,0.3836326003074646,0.6194170713424683,0.9162877798080444,1.174153447151184,2.7422428131103516,2.394723892211914,2.304232120513916,1.9387623071670532,1.887812852859497,1.5554150342941284,1.4502359628677368,1.300288200378418,1.0277059078216553,1.0472955703735352,0.7512665390968323,0.9743362069129944,0.9027597308158875,1.1467806100845337,1.3058785200119019,2.5086288452148438,2.1361067295074463,2.0845539569854736,1.728271722793579,1.717564344406128,1.425445556640625,1.302942156791687,1.2109479904174805,0.9150048494338989,1.0066817998886108,0.7653617262840271,1.0455025434494019,1.04741370677948,1.2995343208312988,1.4854027032852173,2.4942820072174072,2.191553831100464,1.9942915439605713,1.6784306764602661,1.5107403993606567,1.1563036441802979,1.0542380809783936,0.7729876041412354,0.6301577687263489,0.591920793056488,0.524634838104248,0.8475480079650879,0.9726914167404175,1.3078601360321045,1.4748152494430542
B12,1.9333217144012451,1.668071985244751,1.4601118564605713,1.1451979875564575,0.9514742493629456,0.5865396857261658,0.5672289133071899,0.41434311866760254,0.5083222985267639,0.742143452167511,0.8822043538093567,1.2290335893630981,1.3998916149139404,1.746954321861267,1.9189740419387817,3.0800907611846924,2.758906602859497,2.5703020095825195,2.256528377532959,2.0711166858673096,1.7549914121627808,1.5154699087142944,1.2149492502212524,0.9482052326202393,0.6254953145980835,0.3836326003074646,0.0,0.3752148449420929,0.6020614504814148,0.8779897689819336,3.03074312210083,2.689054012298584,2.6082043647766113,2.2379651069641113,2.19197678565979,1.8464607000350952,1.783974051475525,1.6092464923858643,1.3700889348983765,1.343537449836731,1.0222995281219482,1.1561135053634644,0.9600807428359985,1.183353304862976,1.2363016605377197,2.34381103515625,1.9627503156661987,1.9683246612548828,1.6271716356277466,1.688103199005127,1.4599096775054932,1.3305858373641968,1.3412320613861084,1.0424692630767822,1.2161861658096313,1.0353450775146484,1.3223425149917603,1.3658335208892822,1.569732666015625,1.7920492887496948,2.779881715774536,2.5012073516845703,2.274115800857544,1.982500672340393,1.7703630924224854,1.4217255115509033,1.3171876668930054,0.9738457202911377,0.8906624913215637,0.6941270232200623,0.6273526549339294,0.7974039316177368,0.8775263428688049,1.2413800954818726,1.3307876586914062
B13,1.6978839635849,1.392479419708252,1.2449567317962646,0.8919312357902527,0.8111452460289001,0.5069252848625183,0.5023329854011536,0.5948812365531921,0.589444100856781,0.9302621483802795,1.0328928232192993,1.4074853658676147,1.5766123533248901,1.8969308137893677,2.100233793258667,3.299779176712036,2.9685862064361572,2.80458402633667,2.469169855117798,2.31270170211792,1.9738719463348389,1.780746579170227,1.4839950799942017,1.2206039428710938,0.9406164884567261,0.6194170713424683,0.3752148449420929,0.0,0.3754277527332306,0.5565037727355957,3.1734485626220703,2.8503470420837402,2.7271077632904053,2.369655132293701,2.270249366760254,1.9047690629959106,1.8475682735443115,1.6070917844772339,1.4078471660614014,1.3016493320465088,0.9895861744880676,1.0490130186080933,0.7997627258300781,1.0649000406265259,1.0430867671966553,2.0503158569335938,1.6773574352264404,1.6650314331054688,1.351319670677185,1.4066914319992065,1.2246639728546143,1.0509833097457886,1.128578782081604,0.8461242914199829,1.0944124460220337,1.0273935794830322,1.349629282951355,1.4906560182571411,1.7045320272445679,1.9676584005355835,3.0964415073394775,2.8008813858032227,2.5855636596679688,2.2855875492095947,2.089322566986084,1.7450575828552246,1.6011841297149658,1.2701528072357178,1.0996018648147583,0.8431815505027771,0.6216311454772949,0.645551860332489,0.5738440155982971,0.9405457377433777,0.9774814248085022
