,A1,A2,A3,A4,A5,A6,A7,A8,A9,A10,A11,A12,A13,A14,A15,B1,B2,B3,B4,B5,B6,B7,B8,B9,B10,B11,B12,B13,B14,B15,C1,C2,C3,C4,C5,C6,C7,C8,C9,C10,C11,C12,C13,C14,C15,D1,D2,D3,D4,D5,D6,D7,D8,D9,D10,D11,D12,D13,D14,D15,E1,E2,E3,E4,E5,E6,E7,E8,E9,E10,E11,E12,E13,E14,E15
A1,0.0,0.3716445565223694,0.5475622415542603,0.7618237733840942,1.024007797241211,1.3067322969436646,1.5537891387939453,1.8753607273101807,2.0703418254852295,2.415111541748047,2.6092920303344727,2.9518074989318848,3.2254273891448975,3.4396088123321533,3.760993242263794,4.486550807952881,4.232788562774658,4.211465358734131,3.8362667560577393,3.8691625595092773,3.533963203430176,3.4846510887145996,3.278690814971924,2.9952571392059326,2.875377655029297,2.5046074390411377,2.4564402103424072,2.0989534854888916,2.11474871635437,1.956729531288147,2.627647638320923,2.3523449897766113,2.584533929824829,2.3784561157226562,2.547790288925171,2.5395243167877197,2.4424774646759033,2.640148878097534,2.4094364643096924,2.665860891342163,2.5592644214630127,2.7797911167144775,2.8842689990997314,2.863133192062378,3.1831064224243164,2.5803465843200684,2.23734188079834,2.2239439487457275,2.217555522918701,2.0755136013031006,2.200289011001587,1.9034925699234009,2.1087889671325684,2.062080144882202,2.2277798652648926,2.4326331615448,2.526747941970825,2.8546509742736816,2.789133071899414,3.144524335861206,4.668545722961426,4.414494037628174,4.17533016204834,3.900111436843872,3.6626570224761963,3.3469042778015137,3.1352312564849854,2.783033847808838,2.626797676086426,2.2590811252593994,2.1347928047180176,1.8034216165542603,1.642122745513916,1.60601806640625,1.3213083744049072
A2,0.3716445565223694,0.0,0.38341912627220154,0.5508386492729187,0.8228901028633118,1.1093778610229492,1.3024992942810059,1.648934245109558,1.7999546527862549,2.1569197177886963,2.3407697677612305,2.680129051208496,2.9591586589813232,3.1498355865478516,3.4852240085601807,4.296215057373047,4.0388970375061035,3.9896602630615234,3.6154589653015137,3.620786428451538,3.2743639945983887,3.215369701385498,2.9861958026885986,2.7113711833953857,2.5667052268981934,2.2014832496643066,2.135887622833252,1.7710727453231812,1.8058940172195435,1.6285443305969238,2.3381805419921875,2.040926218032837,2.250807762145996,2.044127941131592,2.1935322284698486,2.1908860206604004,2.0825676918029785,2.2917025089263916,2.073901653289795,2.345853567123413,2.2708117961883545,2.5096864700317383,2.6472115516662598,2.652848720550537,2.9886128902435303,2.2430615425109863,1.8910225629806519,1.8824715614318848,1.8575942516326904,1.734426498413086,1.8605619668960571,1.5817660093307495,1.817745566368103,1.779285192489624,1.9873723983764648,2.1971511840820312,2.336468458175659,2.6689565181732178,2.6385769844055176,3.0058414936065674,4.454587459564209,4.198216438293457,3.978184938430786,3.6828243732452393,3.471137046813965,3.1398017406463623,2.945915699005127,2.5940773487091064,2.415757894515991,2.0583858489990234,1.8908277750015259,1.5736793279647827,1.360569715499878,1.3502899408340454,1.0357320308685303
A3,0.5475622415542603,0.38341912627220154,0.0,0.38726183772087097,0.5092127323150635,0.8515982031822205,1.041720986366272,1.3808621168136597,1.5891845226287842,1.9252545833587646,2.1539669036865234,2.4788191318511963,2.779320478439331,2.9864611625671387,3.310246467590332,4.219710350036621,3.9392998218536377,3.903221845626831,3.538907527923584,3.5364770889282227,3.2038333415985107,3.1077511310577393,2.8908984661102295,2.5840017795562744,2.43967342376709,2.062406063079834,1.9793778657913208,1.6200240850448608,1.5933822393417358,1.4510042667388916,2.196120262145996,1.9271388053894043,2.14033579826355,1.8986101150512695,2.089794397354126,2.060385227203369,2.0089218616485596,2.2086904048919678,2.008303165435791,2.2921805381774902,2.1941497325897217,2.460169553756714,2.567049503326416,2.608505964279175,2.921877861022949,2.4101572036743164,2.0428261756896973,2.059239387512207,1.970238447189331,1.8803126811981201,1.9474018812179565,1.6582920551300049,1.8662352561950684,1.749279499053955,1.9461568593978882,2.0937371253967285,2.2215588092803955,2.5212223529815674,2.4553186893463135,2.825305938720703,4.2176995277404785,3.980830192565918,3.7412638664245605,3.4549686908721924,3.2310006618499756,2.898313045501709,2.7231802940368652,2.3584508895874023,2.22517728805542,1.8656786680221558,1.7465250492095947,1.4609795808792114,1.3066130876541138,1.387010097503662,1.1355915069580078
A4,0.7618237733840942,0.5508386492729187,0.38726183772087097,0.0,0.3775707483291626,0.5695033073425293,0.8247340321540833,1.1338868141174316,1.3131073713302612,1.6584500074386597,1.848649024963379,2.191025733947754,2.4660849571228027,2.685181140899658,3.002408027648926,3.8370349407196045,3.561272621154785,3.527211904525757,3.1604084968566895,3.1686713695526123,2.838338851928711,2.7573859691619873,2.554957389831543,2.25327205657959,2.138948440551758,1.7627911567687988,1.7328954935073853,1.3973547220230103,1.4327549934387207,1.3580248355865479,2.293048143386841,1.9990376234054565,2.148749351501465,1.8646613359451294,2.0033557415008545,1.9126346111297607,1.8221700191497803,1.9696000814437866,1.7267639636993408,1.9780765771865845,1.8489112854003906,2.0971078872680664,2.192422866821289,2.2235968112945557,2.5370635986328125,2.361372947692871,1.9916881322860718,1.9482035636901855,1.8168721199035645,1.6829017400741577,1.692679524421692,1.3691843748092651,1.5303417444229126,1.394113302230835,1.567792534828186,1.7223902940750122,1.8441523313522339,2.1554479598999023,2.106379508972168,2.476679801940918,3.9208147525787354,3.6669275760650635,3.4372334480285645,3.1504082679748535,2.927790641784668,2.6018800735473633,2.4033203125,2.049144983291626,1.886027216911316,1.5236365795135498,1.3927019834518433,1.086971640586853,0.9523212313652039,1.0291191339492798,0.8323778510093689
A5,1.024007797241211,0.8228901028633118,0.5092127323150635,0.3775707483291626,0.0,0.38268110156059265,0.5526342988014221,0.8748180866241455,1.1127911806106567,1.4316681623458862,1.6817377805709839,1.9964826107025146,2.305345296859741,2.5249991416931152,2.837061882019043,3.837599754333496,3.5374088287353516,3.502129077911377,3.1506099700927734,3.132817029953003,2.814309597015381,2.684436321258545,2.4809842109680176,2.150508165359497,2.0153560638427734,1.634168267250061,1.558704137802124,1.2283316850662231,1.1793256998062134,1.1326366662979126,2.0692718029022217,1.807675838470459,1.9566733837127686,1.6490482091903687,1.8311024904251099,1.7278250455856323,1.70890474319458,1.8612337112426758,1.6641457080841064,1.9400004148483276,1.815211296081543,2.1033613681793213,2.1844217777252197,2.272043228149414,2.562994956970215,2.445730447769165,2.0712850093841553,2.0718982219696045,1.891398549079895,1.817732334136963,1.7882239818572998,1.4933594465255737,1.6458953619003296,1.4408044815063477,1.6242605447769165,1.7004576921463013,1.8338282108306885,2.0985825061798096,2.0251471996307373,2.399329423904419,3.7159762382507324,3.4871702194213867,3.244516372680664,2.9573919773101807,2.7359724044799805,2.3986973762512207,2.240321397781372,1.8708059787750244,1.759694218635559,1.4097577333450317,1.3209526538848877,1.090519666671753,1.0061804056167603,1.1997747421264648,1.0626100301742554
A6,1.3067322969436646,1.1093778610229492,0.8515982031822205,0.5695033073425293,0.38268110156059265,0.0,0.37683990597724915,0.5844294428825378,0.8273113965988159,1.1357803344726562,1.3603906631469727,1.687691330909729,1.9740253686904907,2.218224287033081,2.5139997005462646,3.4671080112457275,3.162653923034668,3.136988878250122,2.788961887359619,2.780860662460327,2.474609851837158,2.344838857650757,2.1683530807495117,1.8295176029205322,1.7364574670791626,1.357391357421875,1.3470524549484253,1.0735498666763306,1.073224425315857,1.1440629959106445,2.2302682399749756,1.9649028778076172,2.0470738410949707,1.6994584798812866,1.8310316801071167,1.6510095596313477,1.6142613887786865,1.6913387775421143,1.4593243598937988,1.689668893814087,1.514175534248352,1.788938045501709,1.8349229097366333,1.929796576499939,2.2034006118774414,2.5372416973114014,2.1697144508361816,2.122432231903076,1.8940984010696411,1.7918702363967896,1.6845580339431763,1.3709135055541992,1.4431419372558594,1.1788396835327148,1.3131680488586426,1.348778247833252,1.4638690948486328,1.7181313037872314,1.6441532373428345,2.0196287631988525,3.372720241546631,3.13264799118042,2.891310214996338,2.6084744930267334,2.3809168338775635,2.0512571334838867,1.8722623586654663,1.507278323173523,1.3859747648239136,1.0305595397949219,0.9692825078964233,0.7575203776359558,0.7780795693397522,1.0160367488861084,1.0044041872024536
A7,1.5537891387939453,1.3024992942810059,1.041720986366272,0.8247340321540833,0.5526342988014221,0.37683990597724915,0.0,0.3794964849948883,0.5784503817558289,0.8902837038040161,1.1595492362976074,1.456303596496582,1.7823412418365479,1.990687370300293,2.304426431655884,3.4654507637023926,3.1481688022613525,3.0889904499053955,2.7556872367858887,2.697476625442505,2.387601613998413,2.213696002960205,2.004092216491699,1.6583032608032227,1.5075386762619019,1.1314902305603027,1.043986201286316,0.7607197165489197,0.7020571231842041,0.8034981489181519,1.9261382818222046,1.6719818115234375,1.7211836576461792,1.3576862812042236,1.494902491569519,1.3054505586624146,1.3194204568862915,1.4140557050704956,1.2444771528244019,1.516395092010498,1.3968806266784668,1.7212026119232178,1.8034460544586182,1.964526653289795,2.235952138900757,2.389678478240967,2.0294249057769775,2.0193424224853516,1.7511940002441406,1.716930866241455,1.5887317657470703,1.3370741605758667,1.4352047443389893,1.1512336730957031,1.3451851606369019,1.331131935119629,1.514225721359253,1.7306087017059326,1.691468596458435,2.066620349884033,3.2157931327819824,2.9923133850097656,2.7673580646514893,2.460076093673706,2.2704732418060303,1.9143590927124023,1.7970993518829346,1.4318221807479858,1.3234453201293945,1.0198208093643188,0.9214433431625366,0.8306601047515869,0.8040207028388977,1.1277832984924316,1.1215033531188965
A8,1.8753607273101807,1.648934245109558,1.3808621168136597,1.1338868141174316,0.8748180866241455,0.5844294428825378,0.3794964849948883,0.0,0.3773561418056488,0.5841084718704224,0.8829036355018616,1.1609618663787842,1.4820376634597778,1.7245299816131592,2.007533311843872,3.1974620819091797,2.864771604537964,2.8214070796966553,2.5059444904327393,2.447998523712158,2.1675636768341064,1.9657503366470337,1.7970532178878784,1.428062915802002,1.3255025148391724,0.9717122912406921,0.9452935457229614,0.7966254949569702,0.7351380586624146,0.9870595335960388,2.122990131378174,1.8983557224273682,1.893510341644287,1.508475661277771,1.6131935119628906,1.3503193855285645,1.3905895948410034,1.3934341669082642,1.227426528930664,1.4366021156311035,1.2635786533355713,1.5761516094207764,1.598443865776062,1.7937450408935547,2.0186655521392822,2.642578125,2.2966506481170654,2.263275384902954,1.9590588808059692,1.9184083938598633,1.7220938205718994,1.480639100074768,1.491145133972168,1.1453702449798584,1.2631226778030396,1.1446564197540283,1.2954943180084229,1.4474530220031738,1.3859996795654297,1.7504993677139282,2.850987434387207,2.6326348781585693,2.3963136672973633,2.097844362258911,1.8974412679672241,1.5442094802856445,1.4348728656768799,1.066417932510376,1.0044704675674438,0.7360513210296631,0.7420814633369446,0.784145712852478,0.9067455530166626,1.247897982597351,1.3462976217269897
A9,2.0703418254852295,1.7999546527862549,1.5891845226287842,1.3131073713302612,1.1127911806106567,0.8273113965988159,0.5784503817558289,0.3773561418056488,0.0,0.3696456551551819,0.584982693195343,0.8900817632675171,1.2090935707092285,1.4147084951400757,1.7297309637069702,2.98691463470459,2.661259412765503,2.575650691986084,2.2611184120178223,2.16693377494812,1.8686246871948242,1.660152554512024,1.4548237323760986,1.0967100858688354,0.959598183631897,0.597971498966217,0.5957291722297668,0.5247949957847595,0.59911048412323,0.903620719909668,2.0915114879608154,1.84669828414917,1.7722134590148926,1.3876984119415283,1.4073565006256104,1.0964659452438354,1.0940570831298828,1.0399173498153687,0.8726525902748108,1.0730608701705933,0.933506965637207,1.2735544443130493,1.3472189903259277,1.583076000213623,1.8234721422195435,2.444298028945923,2.1208856105804443,2.064746379852295,1.7291145324707031,1.7012567520141602,1.4586915969848633,1.2670260667800903,1.253515601158142,0.9050315618515015,1.0593156814575195,0.9262797236442566,1.163753867149353,1.3168669939041138,1.3498069047927856,1.7058825492858887,2.7058768272399902,2.4687933921813965,2.2780611515045166,1.9461318254470825,1.8011524677276611,1.433780550956726,1.3438365459442139,1.0162907838821411,0.8664208650588989,0.676539421081543,0.5485188364982605,0.7097521424293518,0.7896960377693176,1.1484899520874023,1.2927393913269043
A10,2.415111541748047,2.1569197177886963,1.9252545833587646,1.6584500074386597,1.4316681623458862,1.1357803344726562,0.8902837038040161,0.5841084718704224,0.3696456551551819,0.0,0.378557413816452,0.5828053951263428,0.9309709072113037,1.15427827835083,1.4370801448822021,2.837533950805664,2.4934468269348145,2.4110023975372314,2.1311211585998535,2.012702703475952,1.756237268447876,1.4924365282058716,1.326573371887207,0.9513400197029114,0.8502827286720276,0.5920787453651428,0.6214917898178101,0.7462323307991028,0.7532743811607361,1.120691180229187,2.222461462020874,2.0203726291656494,1.903893232345581,1.521447777748108,1.525351881980896,1.1753544807434082,1.235211968421936,1.104804515838623,1.0094506740570068,1.1331371068954468,0.983976423740387,1.2970185279846191,1.3136364221572876,1.6028164625167847,1.77772057056427,2.7049052715301514,2.40116286277771,2.3497955799102783,1.9937025308609009,1.9875608682632446,1.7102560997009277,1.5585660934448242,1.4943609237670898,1.134902834892273,1.218597650527954,0.9750234484672546,1.1767410039901733,1.2178548574447632,1.2433396577835083,1.5599473714828491,2.3583836555480957,2.1393089294433594,1.9457517862319946,1.610640048980713,1.4818350076675415,1.1051322221755981,1.081297755241394,0.783098578453064,0.7225759029388428,0.6869220733642578,0.6925486326217651,0.9691756963729858,1.118569016456604,1.4603749513626099,1.64324152469635
A11,2.6092920303344727,2.3407697677612305,2.1539669036865234,1.848649024963379,1.6817377805709839,1.3603906631469727,1.1595492362976074,0.8829036355018616,0.584982693195343,0.378557413816452,0.0,0.36811402440071106,0.6274693012237549,0.8623912334442139,1.157881498336792,2.500452756881714,2.165289878845215,2.0573887825012207,1.775757908821106,1.6430033445358276,1.3798670768737793,1.118844747543335,0.9569841623306274,0.5776087045669556,0.5538950562477112,0.39328739047050476,0.6243143677711487,0.8640245199203491,1.0006600618362427,1.3459500074386597,2.459689140319824,2.237550973892212,2.077151298522949,1.7121493816375732,1.6340429782867432,1.2583783864974976,1.2363935708999634,1.001567006111145,0.871143639087677,0.8724887371063232,0.6912626028060913,0.9678807854652405,0.9822672605514526,1.3050018548965454,1.467247486114502,2.700808525085449,2.423433542251587,2.3240253925323486,1.9581409692764282,1.9248028993606567,1.5993568897247314,1.478631615638733,1.3403700590133667,0.996376633644104,1.0256333351135254,0.7353639006614685,0.9705836772918701,0.9858388304710388,1.1119400262832642,1.3979063034057617,2.190171003341675,1.9323848485946655,1.7861210107803345,1.4322134256362915,1.3484150171279907,0.9912261962890625,0.940209150314331,0.7363945245742798,0.5539996027946472,0.6607160568237305,0.6097475290298462,0.963763952255249,1.1290844678878784,1.4234422445297241,1.6682347059249878
A12,2.9518074989318848,2.680129051208496,2.4788191318511963,2.191025733947754,1.9964826107025146,1.687691330909729,1.456303596496582,1.1609618663787842,0.8900817632675171,0.5828053951263428,0.36811402440071106,0.0,0.3866611123085022,0.5858239531517029,0.8564807176589966,2.4595627784729004,2.114011287689209,1.9885501861572266,1.7620844841003418,1.577314853668213,1.3707636594772339,1.0391578674316406,0.9124186635017395,0.5844007134437561,0.5748209357261658,0.6297672390937805,0.7746108770370483,1.0963433980941772,1.1759138107299805,1.535173773765564,2.541188955307007,2.3583884239196777,2.1588306427001953,1.8124549388885498,1.717480182647705,1.3346470594406128,1.3731510639190674,1.1044228076934814,1.0828289985656738,1.0422089099884033,0.9324230551719666,1.1549900770187378,1.1443558931350708,1.5007869005203247,1.594292402267456,2.8995935916900635,2.6455750465393066,2.5646684169769287,2.186677932739258,2.1918349266052246,1.8577104806900024,1.788029432296753,1.6476194858551025,1.3293582201004028,1.3449405431747437,1.0279831886291504,1.2231268882751465,1.132836937904358,1.2603955268859863,1.4743614196777344,1.8979408740997314,1.6659833192825317,1.5457438230514526,1.1734448671340942,1.1628386974334717,0.8117320537567139,0.8980945348739624,0.8050223588943481,0.7479701638221741,0.9630312323570251,0.9716511964797974,1.3303931951522827,1.4895604848861694,1.7819762229919434,2.0234501361846924
A13,3.2254273891448975,2.9591586589813232,2.779320478439331,2.4660849571228027,2.305345296859741,1.9740253686904907,1.7823412418365479,1.4820376634597778,1.2090935707092285,0.9309709072113037,0.6274693012237549,0.3866611123085022,0.0,0.365693598985672,0.545703113079071,2.1046509742736816,1.7616848945617676,1.6224145889282227,1.4257789850234985,1.2225852012634277,1.0664055347442627,0.7097605466842651,0.6926997900009155,0.468552827835083,0.658586323261261,0.8507868051528931,1.0789883136749268,1.4142725467681885,1.541425108909607,1.8890810012817383,2.8956429958343506,2.7063636779785156,2.4865386486053467,2.1544485092163086,2.0194973945617676,1.6365128755569458,1.625173807144165,1.3018101453781128,1.2583911418914795,1.0984703302383423,0.9657226800918579,1.0642948150634766,0.9911850690841675,1.3547013998031616,1.3745936155319214,3.09911847114563,2.8678665161132812,2.7489898204803467,2.374246120452881,2.3509018421173096,1.9895720481872559,1.9372199773788452,1.7336933612823486,1.4468964338302612,1.3856968879699707,1.0459133386611938,1.1888294219970703,1.0178353786468506,1.209289312362671,1.3395582437515259,1.6505919694900513,1.378044605255127,1.3145087957382202,0.9383800029754639,0.9962993264198303,0.7290744781494141,0.8098019361495972,0.8766338229179382,0.7986421585083008,1.1099234819412231,1.1362720727920532,1.504144549369812,1.690863013267517,1.9332635402679443,2.2180464267730713
A14,3.4396088123321533,3.1498355865478516,2.9864611625671387,2.685181140899658,2.5249991416931152,2.218224287033081,1.990687370300293,1.7245299816131592,1.4147084951400757,1.15427827835083,0.8623912334442139,0.5858239531517029,0.365693598985672,0.0,0.3850761950016022,2.1884729862213135,1.8716567754745483,1.6670664548873901,1.5124878883361816,1.2312861680984497,1.0860782861709595,0.7124396562576294,0.6225880980491638,0.5649603605270386,0.6455733180046082,0.9582597613334656,1.1263178586959839,1.4990763664245605,1.6357195377349854,1.95706307888031,2.8698647022247314,2.693159580230713,2.4311060905456543,2.1353871822357178,1.9528782367706299,1.5849500894546509,1.5769473314285278,1.2316540479660034,1.2756896018981934,1.0976588726043701,1.0856035947799683,1.175772786140442,1.1870665550231934,1.5526431798934937,1.5804622173309326,3.0312387943267822,2.8350696563720703,2.7267820835113525,2.3485591411590576,2.3651785850524902,2.0045981407165527,2.0215110778808594,1.8395507335662842,1.602594017982483,1.589338779449463,1.2958414554595947,1.486464262008667,1.3417181968688965,1.563930630683899,1.6771677732467651,1.6892567873001099,1.4415189027786255,1.461870551109314,1.086536169052124,1.2474324703216553,1.022680401802063,1.160120964050293,1.2360306978225708,1.1450207233428955,1.4298022985458374,1.3916895389556885,1.750658631324768,1.87772798538208,2.1157145500183105,2.3814308643341064
A15,3.760993242263794,3.4852240085601807,3.310246467590332,3.002408027648926,2.837061882019043,2.5139997005462646,2.304426431655884,2.007533311843872,1.7297309637069702,1.4370801448822021,1.157881498336792,0.8564807176589966,0.545703113079071,0.3850761950016022,0.0,2.0107004642486572,1.691332221031189,1.5014801025390625,1.4283771514892578,1.1421594619750977,1.1216261386871338,0.7564757466316223,0.8418854475021362,0.858880341053009,1.020337700843811,1.3174357414245605,1.4972400665283203,1.8659825325012207,1.9808977842330933,2.3161189556121826,3.2067837715148926,3.0484836101531982,2.7839508056640625,2.490964412689209,2.317932367324829,1.9530783891677856,1.9602596759796143,1.6149803400039673,1.6514689922332764,1.4465153217315674,1.3964245319366455,1.417649745941162,1.348752737045288,1.6921640634536743,1.6313889026641846,3.4056506156921387,3.2160699367523193,3.1000630855560303,2.7243669033050537,2.729602813720703,2.3622403144836426,2.3707258701324463,2.1597349643707275,1.9203778505325317,1.8535360097885132,1.5328446626663208,1.6508407592773438,1.42535400390625,1.629135251045227,1.6567871570587158,1.3371788263320923,1.0909056663513184,1.1720733642578125,0.8257564902305603,1.0786042213439941,0.9666545391082764,1.155354380607605,1.3368570804595947,1.3131548166275024,1.6464691162109375,1.6714175939559937,2.0363056659698486,2.2038776874542236,2.4293079376220703,2.715989828109741
B1,4.486550807952881,4.296215057373047,4.219710350036621,3.8370349407196045,3.837599754333496,3.4671080112457275,3.4654507637023926,3.1974620819091797,2.98691463470459,2.837533950805664,2.500452756881714,2.4595627784729004,2.1046509742736816,2.1884729862213135,2.0107004642486572,0.0,0.3762575685977936,0.5467159748077393,0.7789661288261414,1.0385613441467285,1.3453361988067627,1.567002534866333,1.9142106771469116,2.0908308029174805,2.4470155239105225,2.635737657546997,2.986379384994507,3.2409756183624268,3.478019952774048,3.7805333137512207,4.894253730773926,4.645178318023682,4.432344913482666,4.11426305770874,3.9204323291778564,3.5599474906921387,3.391836404800415,3.0356099605560303,2.8512508869171143,2.505711793899536,2.2992913722991943,1.983794093132019,1.7224092483520508,1.6600477695465088,1.3078364133834839,4.4594573974609375,4.290569305419922,4.018396854400635,3.733285427093506,3.54561185836792,3.1853904724121094,3.1168110370635986,2.74886155128479,2.6490023136138916,2.342985153198242,2.169497013092041,2.009054660797119,1.7864909172058105,2.003697633743286,1.7573516368865967,2.1706621646881104,1.8433574438095093,1.9846599102020264,1.98166823387146,2.041177988052368,2.199769973754883,2.0445444583892822,2.334994316101074,2.2118005752563477,2.491276741027832,2.556351661682129,2.7717275619506836,3.014413356781006,3.008336305618286,3.3829894065856934
B2,4.232788562774658,4.0388970375061035,3.9392998218536377,3.561272621154785,3.5374088287353516,3.162653923034668,3.1481688022613525,2.864771604537964,2.661259412765503,2.4934468269348145,2.165289878845215,2.114011287689209,1.7616848945617676,1.8716567754745483,1.691332221031189,0.3762575685977936,0.0,0.3862086534500122,0.5628402233123779,0.8194974660873413,1.1219137907028198,1.28506338596344,1.6480859518051147,1.785838007926941,2.1491663455963135,2.3295109272003174,2.6760342121124268,2.936357021331787,3.1546823978424072,3.4698684215545654,4.582594394683838,4.343402862548828,4.1357011795043945,3.80842661857605,3.6313657760620117,3.262868881225586,3.1178793907165527,2.76335072517395,2.5841293334960938,2.25412654876709,2.029254913330078,1.743626594543457,1.4542226791381836,1.44353449344635,1.0802236795425415,4.267735958099365,4.08010196685791,3.827697277069092,3.5243442058563232,3.351618766784668,2.9831559658050537,2.9004099369049072,2.54026198387146,2.3994061946868896,2.0976710319519043,1.8827314376831055,1.7203465700149536,1.4619427919387817,1.672744631767273,1.4267587661743164,1.8770828247070312,1.531432867050171,1.642947793006897,1.622239351272583,1.6694416999816895,1.8241206407546997,1.6730304956436157,1.9723844528198242,1.8689019680023193,2.165060520172119,2.2524795532226562,2.4896929264068604,2.7490363121032715,2.776942491531372,3.1521918773651123
B3,4.211465358734131,3.9896602630615234,3.903221845626831,3.527211904525757,3.502129077911377,3.136988878250122,3.0889904499053955,2.8214070796966553,2.575650691986084,2.4110023975372314,2.0573887825012207,1.9885501861572266,1.6224145889282227,1.6670664548873901,1.5014801025390625,0.5467159748077393,0.3862086534500122,0.0,0.38459324836730957,0.5097912549972534,0.8585900068283081,1.0481394529342651,1.3982036113739014,1.6033109426498413,1.947978138923645,2.1727750301361084,2.5095949172973633,2.7893123626708984,3.0257070064544678,3.3282835483551025,4.405556678771973,4.165607452392578,3.9351589679718018,3.6274642944335938,3.4208502769470215,3.061476230621338,2.9042913913726807,2.5389068126678467,2.3872475624084473,2.0379903316497803,1.8662488460540771,1.572802186012268,1.3482050895690918,1.382775902748108,1.0755964517593384,4.024911403656006,3.860440731048584,3.6095967292785645,3.304508924484253,3.1524157524108887,2.780088424682617,2.742330551147461,2.391228437423706,2.2777602672576904,2.0131607055664062,1.8123611211776733,1.7245163917541504,1.4993786811828613,1.7698322534561157,1.5899178981781006,1.8972804546356201,1.5460275411605835,1.7063920497894287,1.618445634841919,1.727149248123169,1.8301398754119873,1.7165933847427368,1.9959253072738647,1.8529949188232422,2.156327486038208,2.188281774520874,2.4422707557678223,2.6607706546783447,2.6947243213653564,3.061544418334961
B4,3.8362667560577393,3.6154589653015137,3.538907527923584,3.1604084968566895,3.1506099700927734,2.788961887359619,2.7556872367858887,2.5059444904327393,2.2611184120178223,2.1311211585998535,1.775757908821106,1.7620844841003418,1.4257789850234985,1.5124878883361816,1.4283771514892578,0.7789661288261414,0.5628402233123779,0.38459324836730957,0.0,0.37871357798576355,0.5850012302398682,0.834315299987793,1.1585474014282227,1.3338024616241455,1.6847456693649292,1.872560739517212,2.2242586612701416,2.4774818420410156,2.729358196258545,3.0201621055603027,4.129394054412842,3.873847007751465,3.6610541343688965,3.346372365951538,3.1477878093719482,2.7910714149475098,2.6140196323394775,2.26033616065979,2.0728917121887207,1.727555751800537,1.5285338163375854,1.2193608283996582,0.9833539128303528,0.9988373517990112,0.7073115706443787,3.7121005058288574,3.53360652923584,3.276982545852661,2.9767184257507324,2.807544469833374,2.4381914138793945,2.3796050548553467,2.022813320159912,1.9105430841445923,1.6359156370162964,1.4540462493896484,1.3708477020263672,1.1895136833190918,1.4918255805969238,1.3679850101470947,2.0229098796844482,1.6518250703811646,1.7437939643859863,1.5958495140075684,1.6490814685821533,1.6851977109909058,1.519138216972351,1.750044584274292,1.558132290840149,1.8333983421325684,1.8431096076965332,2.0789198875427246,2.29315185546875,2.3149185180664062,2.683284282684326
B5,3.8691625595092773,3.620786428451538,3.5364770889282227,3.1686713695526123,3.132817029953003,2.780860662460327,2.697476625442505,2.447998523712158,2.16693377494812,2.012702703475952,1.6430033445358276,1.577314853668213,1.2225852012634277,1.2312861680984497,1.1421594619750977,1.0385613441467285,0.8194974660873413,0.5097912549972534,0.37871357798576355,0.0,0.3814007639884949,0.5672093629837036,0.8957138061523438,1.137608528137207,1.4640263319015503,1.7127271890640259,2.03971266746521,2.3289663791656494,2.5768022537231445,2.867452621459961,3.9222469329833984,3.680534839630127,3.4411094188690186,3.1431665420532227,2.9234962463378906,2.5696403980255127,2.4070286750793457,2.038397789001465,1.9039181470870972,1.5509250164031982,1.4166167974472046,1.144360065460205,0.9886718392372131,1.1185263395309448,0.9217768907546997,3.5463509559631348,3.38380765914917,3.147904396057129,2.8309590816497803,2.7043848037719727,2.3265018463134766,2.3152482509613037,1.984114408493042,1.869848370552063,1.65448796749115,1.4525030851364136,1.4559518098831177,1.2770202159881592,1.5999133586883545,1.5243545770645142,1.8966939449310303,1.5365136861801147,1.6708518266677856,1.4726752042770386,1.5964339971542358,1.5985140800476074,1.5052003860473633,1.7298437356948853,1.5392775535583496,1.8371391296386719,1.8133584260940552,2.0869202613830566,2.267843246459961,2.328136682510376,2.680638551712036
B6,3.533963203430176,3.2743639945983887,3.2038333415985107,2.838338851928711,2.814309597015381,2.474609851837158,2.387601613998413,2.1675636768341064,1.8686246871948242,1.756237268447876,1.3798670768737793,1.3707636594772339,1.0664055347442627,1.0860782861709595,1.1216261386871338,1.3453361988067627,1.1219137907028198,0.8585900068283081,0.5850012302398682,0.3814007639884949,0.0,0.3811277449131012,0.6046394109725952,0.853200376033783,1.1644728183746338,1.3939379453659058,1.7280610799789429,1.9971529245376587,2.2686095237731934,2.5392861366271973,3.6079907417297363,3.350846290588379,3.1202287673950195,2.8237853050231934,2.6002180576324463,2.2538514137268066,2.064847707748413,1.703805685043335,1.544959545135498,1.1857789754867554,1.0579497814178467,0.7755621671676636,0.6902498006820679,0.8614556193351746,0.7925638556480408,3.177715539932251,3.0087156295776367,2.7707509994506836,2.454598903656006,2.324026107788086,1.9458109140396118,1.93661630153656,1.6104624271392822,1.5079723596572876,1.3180302381515503,1.1474031209945679,1.2179839611053467,1.1221044063568115,1.477030873298645,1.4924017190933228,2.0956737995147705,1.7365906238555908,1.8166871070861816,1.55718994140625,1.641115427017212,1.5553147792816162,1.4352575540542603,1.583498239517212,1.3308767080307007,1.588752031326294,1.50746750831604,1.7690030336380005,1.9184173345565796,1.9758832454681396,2.320234775543213
B7,3.4846510887145996,3.215369701385498,3.1077511310577393,2.7573859691619873,2.684436321258545,2.344838857650757,2.213696002960205,1.9657503366470337,1.660152554512024,1.4924365282058716,1.118844747543335,1.0391578674316406,0.7097605466842651,0.7124396562576294,0.7564757466316223,1.567002534866333,1.28506338596344,1.0481394529342651,0.834315299987793,0.5672093629837036,0.3811277449131012,0.0,0.3781541585922241,0.587651252746582,0.9072760939598083,1.1767804622650146,1.4866608381271362,1.7959530353546143,2.0295169353485107,2.3260393142700195,3.363985538482666,3.1315956115722656,2.8915185928344727,2.588552951812744,2.379376173019409,2.0177412033081055,1.8826028108596802,1.513189673423767,1.406066656112671,1.0824239253997803,0.9682984948158264,0.8112435340881348,0.7349774241447449,1.0296680927276611,0.9877405166625977,3.139801263809204,2.956033945083618,2.759568452835083,2.414720058441162,2.330815076828003,1.9474191665649414,1.939805507659912,1.6521645784378052,1.4835809469223022,1.3414870500564575,1.0935839414596558,1.2045271396636963,1.0605789422988892,1.3868203163146973,1.4292912483215332,1.8439589738845825,1.5027276277542114,1.567203402519226,1.2643150091171265,1.3760210275650024,1.2561404705047607,1.204520344734192,1.353965163230896,1.1456079483032227,1.4418342113494873,1.3861032724380493,1.7000627517700195,1.859145998954773,1.9864256381988525,2.3152353763580322
B8,3.278690814971924,2.9861958026885986,2.8908984661102295,2.554957389831543,2.4809842109680176,2.1683530807495117,2.004092216491699,1.7970532178878784,1.4548237323760986,1.326573371887207,0.9569841623306274,0.9124186635017395,0.6926997900009155,0.6225880980491638,0.8418854475021362,1.9142106771469116,1.6480859518051147,1.3982036113739014,1.1585474014282227,0.8957138061523438,0.6046394109725952,0.3781541585922241,0.0,0.3813813328742981,0.5967273116111755,0.9040076732635498,1.1885887384414673,1.5000945329666138,1.7557427883148193,2.0250675678253174,3.0366437435150146,2.7963614463806152,2.547471523284912,2.2587904930114746,2.0289087295532227,1.6783854961395264,1.5235774517059326,1.1502002477645874,1.066794753074646,0.7426447868347168,0.7266660928726196,0.6640835404396057,0.7655532956123352,1.0906120538711548,1.1764655113220215,2.77783465385437,2.599303960800171,2.416677951812744,2.0646274089813232,2.009556531906128,1.6288678646087646,1.6591441631317139,1.4126144647598267,1.262222409248352,1.2100446224212646,1.0099170207977295,1.2310435771942139,1.1857445240020752,1.5083966255187988,1.6354730129241943,2.093897819519043,1.7783222198486328,1.820000171661377,1.4768929481506348,1.5769199132919312,1.3747031688690186,1.341153621673584,1.3955461978912354,1.1455668210983276,1.381069540977478,1.2413710355758667,1.5478885173797607,1.6406201124191284,1.786755084991455,2.084151029586792
B9,2.9952571392059326,2.7113711833953857,2.5840017795562744,2.25327205657959,2.150508165359497,1.8295176029205322,1.6583032608032227,1.428062915802002,1.0967100858688354,0.9513400197029114,0.5776087045669556,0.5844007134437561,0.468552827835083,0.5649603605270386,0.858880341053009,2.0908308029174805,1.785838007926941,1.6033109426498413,1.3338024616241455,1.137608528137207,0.853200376033783,0.587651252746582,0.3813813328742981,0.0,0.3704529106616974,0.5932714939117432,0.9074609279632568,1.2137694358825684,1.4428763389587402,1.741599440574646,2.805591583251953,2.5687525272369385,2.350131034851074,2.0283186435699463,1.848666787147522,1.4772567749023438,1.3618053197860718,1.0148687362670898,0.895855724811554,0.6614139080047607,0.5378062725067139,0.6362980604171753,0.6949033141136169,1.060724139213562,1.185346245765686,2.728660821914673,2.507270336151123,2.3514111042022705,1.9868546724319458,1.9340540170669556,1.5613409280776978,1.5272948741912842,1.305101752281189,1.0653355121612549,1.0291626453399658,0.7643678188323975,1.0100191831588745,0.9787867665290833,1.255772590637207,1.444262146949768,2.0681474208831787,1.7653502225875854,1.727909803390503,1.367245078086853,1.396233320236206,1.1290593147277832,1.080642580986023,1.0640054941177368,0.8131104707717896,1.0364844799041748,0.9183411598205566,1.256019949913025,1.3828095197677612,1.5825222730636597,1.8742992877960205
B10,2.875377655029297,2.5667052268981934,2.43967342376709,2.138948440551758,2.0153560638427734,1.7364574670791626,1.5075386762619019,1.3255025148391724,0.959598183631897,0.8502827286720276,0.5538950562477112,0.5748209357261658,0.658586323261261,0.6455733180046082,1.020337700843811,2.4470155239105225,2.1491663455963135,1.947978138923645,1.6847456693649292,1.4640263319015503,1.1644728183746338,0.9072760939598083,0.5967273116111755,0.3704529106616974,0.0,0.3816331923007965,0.5973827242851257,0.9370008707046509,1.1688345670700073,1.4442002773284912,2.4590632915496826,2.2249538898468018,1.9909396171569824,1.6815074682235718,1.4853594303131104,1.116337776184082,1.0137908458709717,0.6649555563926697,0.6323923468589783,0.5104620456695557,0.5704494714736938,0.8172035217285156,0.9910106658935547,1.3342303037643433,1.5171563625335693,2.4438109397888184,2.2240726947784424,2.1066579818725586,1.7289118766784668,1.7344416379928589,1.381232738494873,1.392094612121582,1.2552132606506348,1.0302424430847168,1.1232199668884277,0.9294650554656982,1.242569923400879,1.2760069370269775,1.513909935951233,1.7481428384780884,2.2846624851226807,2.0160815715789795,1.972922921180725,1.5953009128570557,1.6332283020019531,1.3207268714904785,1.3230218887329102,1.2290774583816528,0.9990911483764648,1.1347849369049072,0.9460631608963013,1.258086085319519,1.2982121706008911,1.5393860340118408,1.7731927633285522
B11,2.5046074390411377,2.2014832496643066,2.062406063079834,1.7627911567687988,1.634168267250061,1.357391357421875,1.1314902305603027,0.9717122912406921,0.597971498966217,0.5920787453651428,0.39328739047050476,0.6297672390937805,0.8507868051528931,0.9582597613334656,1.3174357414245605,2.635737657546997,2.3295109272003174,2.1727750301361084,1.872560739517212,1.7127271890640259,1.3939379453659058,1.1767804622650146,0.9040076732635498,0.5932714939117432,0.3816331923007965,0.0,0.3705958127975464,0.6222409605979919,0.8758746385574341,1.1564364433288574,2.2707526683807373,2.016265392303467,1.8360449075698853,1.4926824569702148,1.357271671295166,0.9918691515922546,0.8871484994888306,0.6380913257598877,0.47994109988212585,0.5451598763465881,0.501003086566925,0.8558090329170227,1.0216768980026245,1.3246709108352661,1.560808539390564,2.3216724395751953,2.0573558807373047,1.9517697095870972,1.5803271532058716,1.5649672746658325,1.2375189065933228,1.1684223413467407,1.0733554363250732,0.7845868468284607,0.9342445135116577,0.7739297151565552,1.1084039211273193,1.2212929725646973,1.4035533666610718,1.701167345046997,2.4891510009765625,2.2233614921569824,2.1199066638946533,1.7528091669082642,1.7111389636993408,1.3638750314712524,1.3104231357574463,1.1140763759613037,0.8652283549308777,0.880329966545105,0.6451181173324585,0.930743396282196,0.9613333344459534,1.2459884881973267,1.4591495990753174
B12,2.4564402103424072,2.135887622833252,1.9793778657913208,1.7328954935073853,1.558704137802124,1.3470524549484253,1.043986201286316,0.9452935457229614,0.5957291722297668,0.6214917898178101,0.6243143677711487,0.7746108770370483,1.0789883136749268,1.1263178586959839,1.4972400665283203,2.986379384994507,2.6760342121124268,2.5095949172973633,2.2242586612701416,2.03971266746521,1.7280610799789429,1.4866608381271362,1.1885887384414673,0.9074609279632568,0.5973827242851257,0.3705958127975464,0.0,0.38334283232688904,0.5802427530288696,0.8517323732376099,1.9103840589523315,1.670558214187622,1.4807358980178833,1.134623646736145,1.0155048370361328,0.6431933045387268,0.6355303525924683,0.4985145032405853,0.5252934098243713,0.7634140849113464,0.8412263989448547,1.2039810419082642,1.3919727802276611,1.68877375125885,1.9312366247177124,2.1654632091522217,1.8965070247650146,1.8581631183624268,1.4821605682373047,1.5473512411117554,1.2747914791107178,1.245611548423767,1.2598789930343628,1.0067286491394043,1.2353781461715698,1.1173003911972046,1.444864273071289,1.558793067932129,1.6992146968841553,2.0084502696990967,2.659841775894165,2.4304583072662354,2.320061683654785,1.947740077972412,1.917725920677185,1.5507668256759644,1.5565333366394043,1.327209711074829,1.147952675819397,1.116075038909912,0.8963661789894104,1.1175658702850342,1.0673757791519165,1.3891372680664062,1.5168395042419434
B13,2.0989534854888916,1.7710727453231812,1.6200240850448608,1.3973547220230103,1.2283316850662231,1.0735498666763306,0.7607197165489197,0.7966254949569702,0.5247949957847595,0.7462323307991028,0.8640245199203491,1.0963433980941772,1.4142725467681885,1.4990763664245605,1.8659825325012207,3.2409756183624268,2.936357021331787,2.7893123626708984,2.4774818420410156,2.3289663791656494,1.9971529245376587,1.7959530353546143,1.5000945329666138,1.2137694358825684,0.9370008707046509,0.6222409605979919,0.38334283232688904,0.0,0.3685152232646942,0.545174241065979,1.7150996923446655,1.4381208419799805,1.3204530477523804,0.9582909345626831,0.9146685600280762,0.6297385096549988,0.5941566228866577,0.6654966473579407,0.6052785515785217,0.9427932500839233,0.9974176287651062,1.368710994720459,1.5688718557357788,1.8115142583847046,2.095996856689453,1.9727076292037964,1.6648105382919312,1.6501551866531372,1.2997479438781738,1.3604241609573364,1.1561871767044067,1.0737824440002441,1.1798169612884521,0.9465718865394592,1.2380712032318115,1.2079739570617676,1.527409553527832,1.7113523483276367,1.814022421836853,2.1590912342071533,2.991076946258545,2.7597718238830566,2.620382070541382,2.25942063331604,2.1840438842773438,1.8103611469268799,1.771156907081604,1.4850753545761108,1.2981688976287842,1.1524202823638916,0.9001750946044922,0.9962847232818604,0.8580827713012695,1.1945676803588867,1.2439203262329102
