,A1,A2,A3,A4,A5,A6,A7,A8,A9,A10,A11,A12,A13,A14,A15,B1,B2,B3,B4,B5,B6,B7,B8,B9,B10,B11,B12,B13,B14,B15,C1,C2,C3,C4,C5,C6,C7,C8,C9,C10,C11,C12,C13,C14,C15,D1,D2,D3,D4,D5,D6,D7,D8,D9,D10,D11,D12,D13,D14,D15,E1,E2,E3,E4,E5,E6,E7,E8,E9,E10,E11,E12,E13,E14,E15
A1,0.0,0.3916791081428528,0.5294667482376099,0.7701223492622375,0.9976122379302979,1.325901985168457,1.4473246335983276,1.7880715131759644,1.9776453971862793,2.2888002395629883,2.577115774154663,2.8389735221862793,3.1760778427124023,3.3432369232177734,3.645533800125122,4.780923366546631,4.6324143409729,4.435135841369629,4.107184886932373,3.9539098739624023,3.653987407684326,3.4322926998138428,3.1775755882263184,2.8927714824676514,2.6633048057556152,2.3080084323883057,2.155085325241089,1.7821645736694336,1.7194130420684814,1.4906264543533325,4.4802327156066895,4.331997871398926,4.235219478607178,3.8955953121185303,3.8020753860473633,3.4443466663360596,3.364982843399048,3.1089582443237305,2.9124393463134766,2.7467310428619385,2.434967517852783,2.4090332984924316,2.0817220211029053,2.2266650199890137,2.017191171646118,2.1473019123077393,2.448225736618042,2.380642890930176,2.2058098316192627,2.34584379196167,2.4173743724823,2.2130932807922363,2.4696195125579834,2.2856240272521973,2.5632359981536865,2.5880682468414307,2.8304967880249023,3.030529022216797,3.043252944946289,3.4033915996551514,1.341854453086853,1.615792989730835,1.4112271070480347,1.5211162567138672,1.5275062322616577,1.7938511371612549,1.619531512260437,1.9177302122116089,1.9551416635513306,2.1833348274230957,2.4394378662109375,2.5977323055267334,2.9513700008392334,2.969805955886841,3.305603504180908
A2,0.3916791081428528,0.0,0.3812323808670044,0.5365806221961975,0.8367407917976379,1.1059118509292603,1.3101940155029297,1.6226166486740112,1.8397064208984375,2.1548571586608887,2.441730499267578,2.7257649898529053,3.049894332885742,3.253948926925659,3.537337303161621,4.616976261138916,4.46439790725708,4.293763637542725,3.9541709423065186,3.833063840866089,3.5375723838806152,3.3150627613067627,3.088618516921997,2.783068895339966,2.5964515209198,2.227557897567749,2.1263022422790527,1.7647241353988647,1.7133746147155762,1.5592964887619019,4.227884292602539,4.061832427978516,3.9857606887817383,3.6467125415802,3.5707342624664307,3.213078022003174,3.168187379837036,2.927943468093872,2.754049777984619,2.625314235687256,2.333371639251709,2.3649613857269287,2.0739402770996094,2.2709484100341797,2.10845947265625,2.2756736278533936,2.5527162551879883,2.4287939071655273,2.253387451171875,2.3319036960601807,2.381481885910034,2.1264452934265137,2.347667694091797,2.1340463161468506,2.3732354640960693,2.3900132179260254,2.5951051712036133,2.797244071960449,2.7752387523651123,3.1388983726501465,1.3196316957473755,1.5209013223648071,1.2451528310775757,1.3793610334396362,1.2995353937149048,1.5648020505905151,1.3904751539230347,1.6592798233032227,1.741652488708496,1.9406977891921997,2.23167085647583,2.376410484313965,2.745429277420044,2.7861740589141846,3.1027562618255615
A3,0.5294667482376099,0.3812323808670044,0.0,0.3787713944911957,0.5204124450683594,0.8508156538009644,1.03917396068573,1.341191291809082,1.5871385335922241,1.8725426197052002,2.1852312088012695,2.4419987201690674,2.7820229530334473,2.9774343967437744,3.2541987895965576,4.396397590637207,4.269227981567383,4.085151672363281,3.7585620880126953,3.6252646446228027,3.347949504852295,3.0983242988586426,2.878974199295044,2.5636026859283447,2.365032911300659,1.9983865022659302,1.8650424480438232,1.5107327699661255,1.4030998945236206,1.26872718334198,4.0623955726623535,3.925032377243042,3.855700731277466,3.5045816898345947,3.4481489658355713,3.100835084915161,3.0284130573272705,2.8093371391296387,2.5983853340148926,2.4870054721832275,2.1693923473358154,2.2099478244781494,1.9111133813858032,2.0807793140411377,1.953237533569336,2.354896306991577,2.5999269485473633,2.489893913269043,2.26418137550354,2.348170042037964,2.343083620071411,2.093427896499634,2.286376476287842,2.0390448570251465,2.272901773452759,2.2371914386749268,2.4520087242126465,2.613753318786621,2.599222421646118,2.9530117511749268,1.590659260749817,1.7680132389068604,1.4785850048065186,1.5314067602157593,1.4233137369155884,1.6142090559005737,1.3598512411117554,1.5886316299438477,1.5975226163864136,1.7663449048995972,2.0201449394226074,2.1343929767608643,2.4909403324127197,2.4953877925872803,2.819852352142334
A4,0.7701223492622375,0.5365806221961975,0.3787713944911957,0.0,0.37469446659088135,0.5871069431304932,0.7847979068756104,1.0927519798278809,1.3078584671020508,1.6237969398498535,1.9083359241485596,2.1966960430145264,2.5166873931884766,2.729900598526001,3.0073952674865723,4.086477756500244,3.942603349685669,3.770454168319702,3.4340980052948,3.3152408599853516,3.02988862991333,2.7950870990753174,2.5825066566467285,2.265401601791382,2.0941784381866455,1.7216370105743408,1.6441158056259155,1.3009858131408691,1.262643575668335,1.1891212463378906,3.7266194820404053,3.579568386077881,3.5003178119659424,3.154114007949829,3.086477518081665,2.73522686958313,2.672133445739746,2.4481289386749268,2.253762722015381,2.148609161376953,1.8489044904708862,1.918035626411438,1.6510921716690063,1.8695785999298096,1.7742375135421753,2.196434736251831,2.4075145721435547,2.256920337677002,2.0257840156555176,2.063974380493164,2.039445638656616,1.762944221496582,1.9363878965377808,1.681236982345581,1.9054806232452393,1.8845807313919067,2.097144603729248,2.2816946506500244,2.276761770248413,2.6370866298675537,1.4580971002578735,1.56290602684021,1.2471890449523926,1.2472516298294067,1.0990384817123413,1.2518625259399414,0.983056902885437,1.2129346132278442,1.2383220195770264,1.4281080961227417,1.7020771503448486,1.8508838415145874,2.2161641120910645,2.263658285140991,2.5855743885040283
A5,0.9976122379302979,0.8367407917976379,0.5204124450683594,0.37469446659088135,0.0,0.3731435239315033,0.5421923398971558,0.8223328590393066,1.087239146232605,1.356929063796997,1.677431344985962,1.9303594827651978,2.2697722911834717,2.475341320037842,2.7422854900360107,3.8920137882232666,3.7785308361053467,3.5931127071380615,3.272733688354492,3.142296552658081,2.881122589111328,2.613938093185425,2.414353132247925,2.0851728916168213,1.9043025970458984,1.5379701852798462,1.423812985420227,1.101259708404541,0.9828591346740723,0.9645431041717529,3.590667486190796,3.47653865814209,3.4080488681793213,3.05008864402771,3.0082900524139404,2.67334246635437,2.5808074474334717,2.387314796447754,2.1517302989959717,2.0737414360046387,1.7492070198059082,1.8335860967636108,1.567728042602539,1.7493748664855957,1.704598069190979,2.3627660274505615,2.5397584438323975,2.4072885513305664,2.1327645778656006,2.1751348972320557,2.0918242931365967,1.8291598558425903,1.9613521099090576,1.6716467142105103,1.8782508373260498,1.7890700101852417,2.0061404705047607,2.135685443878174,2.136676788330078,2.4812333583831787,1.7960692644119263,1.8901041746139526,1.579862356185913,1.5237574577331543,1.3621089458465576,1.4308215379714966,1.0960999727249146,1.2492033243179321,1.1755644083023071,1.3096498250961304,1.528016209602356,1.6309128999710083,1.9791673421859741,1.9804010391235352,2.311190366744995
A6,1.325901985168457,1.1059118509292603,0.8508156538009644,0.5871069431304932,0.3731435239315033,0.0,0.37620750069618225,0.547264814376831,0.8335639238357544,1.1008107662200928,1.4056706428527832,1.6831971406936646,2.000410556793213,2.24101185798645,2.488736867904663,3.578582525253296,3.4622957706451416,3.2971668243408203,2.96956205368042,2.866258144378662,2.6134486198425293,2.3457834720611572,2.178513765335083,1.8331350088119507,1.7059085369110107,1.340343952178955,1.3045070171356201,1.0404980182647705,0.9721802473068237,1.0782908201217651,3.2275288105010986,3.1091129779815674,3.0503358840942383,2.6908390522003174,2.6633288860321045,2.3334319591522217,2.2574706077575684,2.0866291522979736,1.8624447584152222,1.8303232192993164,1.531408667564392,1.6833075284957886,1.4810733795166016,1.706122875213623,1.7296737432479858,2.4492056369781494,2.582428216934204,2.410001039505005,2.1290805339813232,2.1109488010406494,1.9836581945419312,1.6891683340072632,1.7594265937805176,1.4352169036865234,1.5899107456207275,1.4699182510375977,1.6577966213226318,1.7792460918426514,1.7662465572357178,2.113164186477661,1.9096946716308594,1.9296259880065918,1.6005885601043701,1.5019975900650024,1.278263807296753,1.260292887687683,0.8978378772735596,0.9565289616584778,0.8669966459274292,0.950709342956543,1.1866363286972046,1.284932255744934,1.6469615697860718,1.6819610595703125,1.9999405145645142
A7,1.4473246335983276,1.3101940155029297,1.03917396068573,0.7847979068756104,0.5421923398971558,0.37620750069618225,0.0,0.366104394197464,0.549536943435669,0.8483129739761353,1.1466639041900635,1.4157440662384033,1.7465243339538574,1.9512981176376343,2.2278239727020264,3.368133544921875,3.2534267902374268,3.0574889183044434,2.741269111633301,2.6018640995025635,2.3435661792755127,2.0725886821746826,1.875193476676941,1.5435264110565186,1.3719664812088013,1.0057331323623657,0.9344668984413147,0.6661527156829834,0.6309973001480103,0.7801075577735901,3.139948606491089,3.0516741275787354,2.9583053588867188,2.601013660430908,2.5476205348968506,2.2235395908355713,2.0912678241729736,1.9068652391433716,1.6419421434402466,1.5754331350326538,1.2435004711151123,1.3612909317016602,1.1439104080200195,1.344382643699646,1.3941494226455688,2.2652382850646973,2.362839698791504,2.214491844177246,1.9015395641326904,1.9020349979400635,1.739722490310669,1.4863166809082031,1.555361270904541,1.2428839206695557,1.4372960329055786,1.3102307319641113,1.5621066093444824,1.6779534816741943,1.7404590845108032,2.0723514556884766,1.9593467712402344,1.9782553911209106,1.692194938659668,1.5198497772216797,1.3585745096206665,1.286169409751892,0.9112299680709839,0.9792371392250061,0.76788330078125,0.90803062915802,1.0509365797042847,1.2005373239517212,1.526566982269287,1.5543975830078125,1.9031583070755005
A8,1.7880715131759644,1.6226166486740112,1.341191291809082,1.0927519798278809,0.8223328590393066,0.547264814376831,0.366104394197464,0.0,0.36617448925971985,0.556169867515564,0.8828636407852173,1.138452410697937,1.4640495777130127,1.701418399810791,1.9444290399551392,3.084421396255493,2.9925456047058105,2.8082892894744873,2.4992611408233643,2.380169630050659,2.154146909713745,1.8568438291549683,1.7105087041854858,1.3562942743301392,1.2436130046844482,0.9084851741790771,0.9000910520553589,0.7717134356498718,0.714770495891571,0.9913907051086426,2.846569776535034,2.778555154800415,2.707301139831543,2.342629909515381,2.3272359371185303,2.0268468856811523,1.8930691480636597,1.7630999088287354,1.4849203824996948,1.4950952529907227,1.1900831460952759,1.3823785781860352,1.2465825080871582,1.438615083694458,1.572595477104187,2.5441036224365234,2.6022467613220215,2.438769578933716,2.117039442062378,2.076231002807617,1.8609563112258911,1.6032546758651733,1.589280366897583,1.2442876100540161,1.3551669120788574,1.1407090425491333,1.3508505821228027,1.3995041847229004,1.449884057044983,1.762791395187378,2.276148796081543,2.2569942474365234,1.9609755277633667,1.7734458446502686,1.5716214179992676,1.4298720359802246,1.0572608709335327,0.9917319416999817,0.7179967761039734,0.7098428606987,0.7767054438591003,0.8591117858886719,1.1782280206680298,1.193458914756775,1.5387837886810303
A9,1.9776453971862793,1.8397064208984375,1.5871385335922241,1.3078584671020508,1.087239146232605,0.8335639238357544,0.549536943435669,0.36617448925971985,0.0,0.3733062148094177,0.603069543838501,0.9053536057472229,1.2115964889526367,1.4320884943008423,1.7069628238677979,2.8222293853759766,2.711683511734009,2.51017689704895,2.199233055114746,2.0594003200531006,1.8154042959213257,1.5308891534805298,1.3591293096542358,1.012073278427124,0.892162561416626,0.5511693954467773,0.6285344958305359,0.6023222804069519,0.6991745233535767,1.0010145902633667,2.666734218597412,2.612816095352173,2.4998769760131836,2.145186424255371,2.0914065837860107,1.7933419942855835,1.6146385669708252,1.4661623239517212,1.162423849105835,1.1499505043029785,0.8366679549217224,1.0408174991607666,0.9583523273468018,1.163068413734436,1.3518450260162354,2.383432388305664,2.3926329612731934,2.227336883544922,1.8950104713439941,1.8343068361282349,1.5790218114852905,1.3507707118988037,1.302200198173523,0.9721148610115051,1.0937308073043823,0.8819117546081543,1.1557570695877075,1.2257332801818848,1.3652350902557373,1.662100076675415,2.294451951980591,2.2442736625671387,1.9869188070297241,1.739957332611084,1.578330397605896,1.3758541345596313,1.0349946022033691,0.9539003372192383,0.6016720533370972,0.6554872393608093,0.6079384684562683,0.8092670440673828,1.074599266052246,1.145002007484436,1.4970407485961914
A10,2.2888002395629883,2.1548571586608887,1.8725426197052002,1.6237969398498535,1.356929063796997,1.1008107662200928,0.8483129739761353,0.556169867515564,0.3733062148094177,0.0,0.37054723501205444,0.5825318694114685,0.9162856340408325,1.1473276615142822,1.390882134437561,2.5808286666870117,2.513404607772827,2.3043110370635986,2.0206472873687744,1.8793630599975586,1.688901424407959,1.3598424196243286,1.2462360858917236,0.8952831625938416,0.8241889476776123,0.606438159942627,0.6820687651634216,0.8133681416511536,0.8277902007102966,1.185193657875061,2.49716854095459,2.490230083465576,2.3965086936950684,2.039937973022461,2.029902458190918,1.7786002159118652,1.5727012157440186,1.4994046688079834,1.1697969436645508,1.235203742980957,0.966783344745636,1.1905714273452759,1.1718175411224365,1.303870677947998,1.5546163320541382,2.694204330444336,2.675175666809082,2.523293972015381,2.1816351413726807,2.115549087524414,1.824373722076416,1.6293895244598389,1.5241214036941528,1.206903100013733,1.2499361038208008,0.9537554383277893,1.1711702346801758,1.122841238975525,1.2738796472549438,1.513007640838623,2.667647123336792,2.6141021251678467,2.3550264835357666,2.1065895557403564,1.9347336292266846,1.7111237049102783,1.3812209367752075,1.2408546209335327,0.8874984383583069,0.8021035194396973,0.5853455066680908,0.6466308832168579,0.8123011589050293,0.8155631422996521,1.179945945739746
A11,2.577115774154663,2.441730499267578,2.1852312088012695,1.9083359241485596,1.677431344985962,1.4056706428527832,1.1466639041900635,0.8828636407852173,0.603069543838501,0.37054723501205444,0.0,0.3708358407020569,0.6126829981803894,0.8680821657180786,1.120715618133545,2.239678144454956,2.156965494155884,1.9427911043167114,1.6550202369689941,1.5122827291488647,1.322036623954773,0.9931721687316895,0.9060695767402649,0.5512625575065613,0.5951201319694519,0.5237651467323303,0.7507330179214478,0.989618718624115,1.0997931957244873,1.440085530281067,2.21868896484375,2.231602668762207,2.106147527694702,1.7635414600372314,1.7326449155807495,1.5064778327941895,1.258846402168274,1.212728500366211,0.8693161606788635,0.9826262593269348,0.792221188545227,1.0560358762741089,1.1542407274246216,1.2871140241622925,1.5909028053283691,2.720473051071167,2.650242567062378,2.4862990379333496,2.1529617309570312,2.0469706058502197,1.7185639142990112,1.5550432205200195,1.3811124563217163,1.1027408838272095,1.0830059051513672,0.7688084244728088,0.9842238426208496,0.9118581414222717,1.1522653102874756,1.3439610004425049,2.8088645935058594,2.7163450717926025,2.4841763973236084,2.2011537551879883,2.0448129177093506,1.7701654434204102,1.4912197589874268,1.3124638795852661,0.9613622426986694,0.8698477149009705,0.5395188331604004,0.6645007133483887,0.6982516050338745,0.7974417209625244,1.1137150526046753
A12,2.8389735221862793,2.7257649898529053,2.4419987201690674,2.1966960430145264,1.9303594827651978,1.6831971406936646,1.4157440662384033,1.138452410697937,0.9053536057472229,0.5825318694114685,0.3708358407020569,0.0,0.37586137652397156,0.5762616991996765,0.8127436637878418,2.08793568611145,2.063309907913208,1.8201037645339966,1.5879318714141846,1.4149746894836426,1.3008818626403809,0.933569610118866,0.9047558307647705,0.638670027256012,0.6809643507003784,0.760535717010498,0.8866397738456726,1.1891926527023315,1.2387816905975342,1.587192416191101,2.228405714035034,2.302989959716797,2.1884336471557617,1.8629602193832397,1.8650130033493042,1.6997597217559814,1.4225231409072876,1.4384411573410034,1.0966334342956543,1.2259676456451416,1.0678051710128784,1.272304892539978,1.3769956827163696,1.4219682216644287,1.7531588077545166,2.97548770904541,2.887479305267334,2.753638982772827,2.410342216491699,2.326007843017578,1.984363317489624,1.8665144443511963,1.6873828172683716,1.4423635005950928,1.411474347114563,1.0950214862823486,1.2620481252670288,1.1003278493881226,1.3386473655700684,1.4488357305526733,3.1445865631103516,3.0671451091766357,2.8394272327423096,2.5550639629364014,2.408419132232666,2.1392550468444824,1.8552730083465576,1.6800179481506348,1.3287203311920166,1.21222984790802,0.8635344505310059,0.861298680305481,0.7425675392150879,0.7136790752410889,1.0013563632965088
A13,3.1760778427124023,3.049894332885742,2.7820229530334473,2.5166873931884766,2.2697722911834717,2.000410556793213,1.7465243339538574,1.4640495777130127,1.2115964889526367,0.9162856340408325,0.6126829981803894,0.37586137652397156,0.0,0.36523890495300293,0.519487202167511,1.7123363018035889,1.6956331729888916,1.4542526006698608,1.2376081943511963,1.082214593887329,1.0287175178527832,0.6587672233581543,0.7655513882637024,0.6054742932319641,0.8060329556465149,0.9947217106819153,1.188010334968567,1.510803461074829,1.5994455814361572,1.9390628337860107,1.935964584350586,2.0492024421691895,1.921363115310669,1.6237691640853882,1.6342744827270508,1.5321476459503174,1.236104965209961,1.3267245292663574,1.0275113582611084,1.223643183708191,1.1776139736175537,1.398341178894043,1.585453987121582,1.6334782838821411,1.9856359958648682,3.163426399230957,3.037231922149658,2.8901638984680176,2.5638465881347656,2.442330837249756,2.0818209648132324,1.9858860969543457,1.7514283657073975,1.5486470460891724,1.4471349716186523,1.138444423675537,1.2376207113265991,1.0237315893173218,1.300675630569458,1.3247300386428833,3.3865668773651123,3.276258945465088,3.0621471405029297,2.762502431869507,2.615168333053589,2.3127646446228027,2.0687198638916016,1.8577364683151245,1.5308550596237183,1.3901344537734985,1.0143018960952759,1.0046751499176025,0.7655515670776367,0.8090700507164001,0.9729357957839966
A14,3.3432369232177734,3.253948926925659,2.9774343967437744,2.729900598526001,2.475341320037842,2.24101185798645,1.9512981176376343,1.701418399810791,1.4320884943008423,1.1473276615142822,0.8680821657180786,0.5762616991996765,0.36523890495300293,0.0,0.3685964047908783,1.6884658336639404,1.7007386684417725,1.3992259502410889,1.2541179656982422,1.0122721195220947,1.0036897659301758,0.6615587472915649,0.733623743057251,0.7221343517303467,0.8359621167182922,1.114945888519287,1.2449684143066406,1.6049047708511353,1.6942520141601562,2.008283853530884,2.142882823944092,2.2935569286346436,2.1387858390808105,1.8765497207641602,1.8590824604034424,1.7849894762039185,1.453063726425171,1.5271896123886108,1.2252917289733887,1.3552931547164917,1.3102375268936157,1.446521520614624,1.635800838470459,1.6060155630111694,1.9705142974853516,3.1989083290100098,3.048177480697632,2.9388411045074463,2.60734486579895,2.5156004428863525,2.150529623031616,2.116046667098999,1.8997431993484497,1.7451633214950562,1.684812307357788,1.4187511205673218,1.555387020111084,1.3680243492126465,1.6599382162094116,1.6653367280960083,3.559614896774292,3.465358018875122,3.2753217220306396,2.9608867168426514,2.850097894668579,2.555849313735962,2.3149423599243164,2.1399269104003906,1.800085425376892,1.7054377794265747,1.3384664058685303,1.3525034189224243,1.1221928596496582,1.1085426807403564,1.2582948207855225
A15,3.645533800125122,3.537337303161621,3.2541987895965576,3.0073952674865723,2.7422854900360107,2.488736867904663,2.2278239727020264,1.9444290399551392,1.7069628238677979,1.390882134437561,1.120715618133545,0.8127436637878418,0.519487202167511,0.3685964047908783,0.0,1.4465572834014893,1.530138611793518,1.254468321800232,1.1739119291305542,0.9971744418144226,1.1089414358139038,0.808245837688446,1.0061328411102295,1.0164462327957153,1.189937710762024,1.4500609636306763,1.5898795127868652,1.9400303363800049,2.002257823944092,2.3310909271240234,1.9727426767349243,2.173395872116089,2.053537130355835,1.8169106245040894,1.8568216562271118,1.8472291231155396,1.5445773601531982,1.6943506002426147,1.4389288425445557,1.6293902397155762,1.6258233785629272,1.7923171520233154,1.9941468238830566,1.974421739578247,2.338623285293579,3.556771993637085,3.400784969329834,3.280755043029785,2.956326723098755,2.8458642959594727,2.4771671295166016,2.429997444152832,2.1869542598724365,2.0261142253875732,1.9145143032073975,1.6264595985412598,1.6880875825881958,1.4336174726486206,1.6912297010421753,1.6185256242752075,3.8803701400756836,3.7735249996185303,3.5708067417144775,3.263378143310547,3.1284728050231934,2.822619915008545,2.585259437561035,2.374821901321411,2.0499486923217773,1.9021285772323608,1.5244061946868896,1.4664713144302368,1.159523606300354,1.1211625337600708,1.1607357263565063
B1,4.780923366546631,4.616976261138916,4.396397590637207,4.086477756500244,3.8920137882232666,3.578582525253296,3.368133544921875,3.084421396255493,2.8222293853759766,2.5808286666870117,2.239678144454956,2.08793568611145,1.7123363018035889,1.6884658336639404,1.4465572834014893,0.0,0.3902738392353058,0.5196409225463867,0.7827657461166382,1.0090287923812866,1.3432866334915161,1.4344366788864136,1.780711054801941,1.9454874992370605,2.2656667232513428,2.5435914993286133,2.8090038299560547,3.139300584793091,3.2899975776672363,3.6110758781433105,1.2700427770614624,1.5988318920135498,1.4588338136672974,1.5091272592544556,1.5716350078582764,1.8335111141204834,1.672773003578186,1.9754844903945923,1.9886130094528198,2.253161907196045,2.4735107421875,2.673121929168701,2.9978435039520264,3.052102565765381,3.4086782932281494,4.359561443328857,4.126941680908203,3.947310447692871,3.709591865539551,3.4883522987365723,3.131762981414795,3.107329845428467,2.7694411277770996,2.722550392150879,2.4683454036712646,2.292815685272217,2.1747539043426514,1.942267894744873,2.156376838684082,1.8953285217285156,4.714601516723633,4.507500171661377,4.344168663024902,4.02415657043457,3.8811378479003906,3.51629376411438,3.405183792114258,3.1286535263061523,2.912137985229492,2.7405877113342285,2.410917282104492,2.3857030868530273,2.0535285472869873,2.189931631088257,2.034914493560791
B2,4.6324143409729,4.46439790725708,4.269227981567383,3.942603349685669,3.7785308361053467,3.4622957706451416,3.2534267902374268,2.9925456047058105,2.711683511734009,2.513404607772827,2.156965494155884,2.063309907913208,1.6956331729888916,1.7007386684417725,1.530138611793518,0.3902738392353058,0.0,0.38505932688713074,0.5503374934196472,0.8527056574821472,1.1331406831741333,1.3015637397766113,1.6308966875076294,1.811254620552063,2.146228790283203,2.415050506591797,2.710364580154419,3.0248420238494873,3.212143898010254,3.5191993713378906,1.1638787984848022,1.4316260814666748,1.2151010036468506,1.29277765750885,1.2832715511322021,1.5558621883392334,1.405155897140503,1.6982581615447998,1.763809084892273,2.017841339111328,2.2792747020721436,2.4781360626220703,2.823068857192993,2.9050450325012207,3.2487266063690186,4.107713222503662,3.866307497024536,3.6710946559906006,3.455812454223633,3.212918519973755,2.8674886226654053,2.847715139389038,2.501533031463623,2.487839698791504,2.223933219909668,2.0960450172424316,1.9774295091629028,1.8007246255874634,2.0377962589263916,1.805995225906372,4.469629764556885,4.244393348693848,4.09960412979126,3.775533437728882,3.6453487873077393,3.275129556655884,3.1983275413513184,2.9284961223602295,2.7367985248565674,2.5933356285095215,2.2874138355255127,2.315361738204956,2.021996021270752,2.214265823364258,2.0978002548217773
B3,4.435135841369629,4.293763637542725,4.085151672363281,3.770454168319702,3.5931127071380615,3.2971668243408203,3.0574889183044434,2.8082892894744873,2.51017689704895,2.3043110370635986,1.9427911043167114,1.8201037645339966,1.4542526006698608,1.3992259502410889,1.254468321800232,0.5196409225463867,0.38505932688713074,0.0,0.378266841173172,0.5286791324615479,0.8630171418190002,1.0242971181869507,1.3402009010314941,1.5599299669265747,1.8662084341049194,2.1663317680358887,2.437042236328125,2.768962860107422,2.95556902885437,3.2533352375030518,1.4369218349456787,1.6847673654556274,1.4493688344955444,1.4438107013702393,1.3937549591064453,1.5933631658554077,1.3581452369689941,1.6068570613861084,1.6057929992675781,1.8236244916915894,2.0589935779571533,2.223538875579834,2.562058925628662,2.6085731983184814,2.9584641456604004,3.8762645721435547,3.6311700344085693,3.4629952907562256,3.229384183883667,3.0158660411834717,2.660176992416382,2.668339490890503,2.340343952178955,2.33001446723938,2.109044075012207,1.9726067781448364,1.9194051027297974,1.7493804693222046,2.0309808254241943,1.8448197841644287,4.313220500946045,4.111845016479492,3.9731829166412354,3.6373343467712402,3.528653383255005,3.1667609214782715,3.066610813140869,2.8232452869415283,2.59643816947937,2.4796640872955322,2.1522321701049805,2.1989026069641113,1.9075993299484253,2.0716397762298584,2.003690004348755
B4,4.107184886932373,3.9541709423065186,3.7585620880126953,3.4340980052948,3.272733688354492,2.96956205368042,2.741269111633301,2.4992611408233643,2.199233055114746,2.0206472873687744,1.6550202369689941,1.5879318714141846,1.2376081943511963,1.2541179656982422,1.1739119291305542,0.7827657461166382,0.5503374934196472,0.378266841173172,0.0,0.3761129379272461,0.6005208492279053,0.7643477320671082,1.0870437622070312,1.2703016996383667,1.6042523384094238,1.8745843172073364,2.174034357070923,2.485755205154419,2.6876065731048584,2.9847989082336426,1.2993227243423462,1.482843041419983,1.2198147773742676,1.1556267738342285,1.0695900917053223,1.2314962148666382,0.9808974862098694,1.2343686819076538,1.2461624145507812,1.4860376119613647,1.7353906631469727,1.9302821159362793,2.272998571395874,2.3588032722473145,2.7014365196228027,3.5871002674102783,3.3580126762390137,3.168403148651123,2.9351634979248047,2.7066633701324463,2.351912260055542,2.331637144088745,1.994775414466858,1.9735523462295532,1.7381281852722168,1.608388066291809,1.5511822700500488,1.4074376821517944,1.7048168182373047,1.5525743961334229,3.960655450820923,3.75264835357666,3.6084957122802734,3.276923894882202,3.160296678543091,2.796090841293335,2.7034080028533936,2.4556751251220703,2.2416138648986816,2.130225658416748,1.8179068565368652,1.892987847328186,1.63349449634552,1.8420644998550415,1.8056541681289673
B5,3.9539098739624023,3.833063840866089,3.6252646446228027,3.3152408599853516,3.142296552658081,2.866258144378662,2.6018640995025635,2.380169630050659,2.0594003200531006,1.8793630599975586,1.5122827291488647,1.4149746894836426,1.082214593887329,1.0122721195220947,0.9971744418144226,1.0090287923812866,0.8527056574821472,0.5286791324615479,0.3761129379272461,0.0,0.36667364835739136,0.5328802466392517,0.8170897364616394,1.0700610876083374,1.3569812774658203,1.6702696084976196,1.937486171722412,2.269341468811035,2.4744856357574463,2.7563586235046387,1.6517255306243896,1.8227734565734863,1.5579897165298462,1.4459542036056519,1.3279067277908325,1.4059451818466187,1.0826724767684937,1.2505464553833008,1.1757228374481201,1.3488414287567139,1.5622978210449219,1.7044765949249268,2.0402939319610596,2.0807337760925293,2.429912567138672,3.3755805492401123,3.139928102493286,2.983351945877075,2.7319886684417725,2.5393283367156982,2.1760342121124268,2.195180892944336,1.8864902257919312,1.8768675327301025,1.7037994861602783,1.5754940509796143,1.6050528287887573,1.4840303659439087,1.8176383972167969,1.7218410968780518,3.8435821533203125,3.6623189449310303,3.5296387672424316,3.185791492462158,3.0983784198760986,2.7476999759674072,2.6328728199005127,2.422530174255371,2.17207670211792,2.1003432273864746,1.7723308801651,1.8744401931762695,1.6308718919754028,1.8010212182998657,1.8254907131195068
B6,3.653987407684326,3.5375723838806152,3.347949504852295,3.02988862991333,2.881122589111328,2.6134486198425293,2.3435661792755127,2.154146909713745,1.8154042959213257,1.688901424407959,1.322036623954773,1.3008818626403809,1.0287175178527832,1.0036897659301758,1.1089414358139038,1.3432866334915161,1.1331406831741333,0.8630171418190002,0.6005208492279053,0.36667364835739136,0.0,0.37292125821113586,0.5490036010742188,0.8205947875976562,1.1036473512649536,1.4008468389511108,1.6911005973815918,2.001582384109497,2.240830898284912,2.5033137798309326,1.7692846059799194,1.8694090843200684,1.5796388387680054,1.4258203506469727,1.242028832435608,1.2330340147018433,0.8734669089317322,0.9556284546852112,0.8664228916168213,0.9970279932022095,1.2331347465515137,1.3689554929733276,1.7195277214050293,1.7879964113235474,2.1245510578155518,3.0206496715545654,2.7887699604034424,2.622443675994873,2.3738863468170166,2.1743052005767822,1.811545968055725,1.8325289487838745,1.5264720916748047,1.5377130508422852,1.3876272439956665,1.3027158975601196,1.3846650123596191,1.3404041528701782,1.6990714073181152,1.6743370294570923,3.491055965423584,3.3080663681030273,3.1869685649871826,2.837914228439331,2.7668352127075195,2.4193203449249268,2.3188681602478027,2.131045341491699,1.8882663249969482,1.861726999282837,1.5608763694763184,1.728050708770752,1.5503230094909668,1.7544711828231812,1.8411102294921875
B7,3.4322926998138428,3.3150627613067627,3.0983242988586426,2.7950870990753174,2.613938093185425,2.3457834720611572,2.0725886821746826,1.8568438291549683,1.5308891534805298,1.3598424196243286,0.9931721687316895,0.933569610118866,0.6587672233581543,0.6615587472915649,0.808245837688446,1.4344366788864136,1.3015637397766113,1.0242971181869507,0.7643477320671082,0.5328802466392517,0.37292125821113586,0.0,0.3636258542537689,0.5411626696586609,0.8466759324073792,1.144219160079956,1.419385552406311,1.7458860874176025,1.948325753211975,2.235874652862549,1.7991032600402832,1.9050211906433105,1.6690081357955933,1.4464517831802368,1.3307408094406128,1.2722920179367065,0.9061418175697327,0.9883176684379578,0.777945876121521,0.9452224969863892,1.083795428276062,1.2569383382797241,1.5664916038513184,1.6273133754730225,1.9814841747283936,3.0018551349639893,2.8066751956939697,2.648077964782715,2.3634939193725586,2.1935031414031982,1.8213802576065063,1.800496220588684,1.514391541481018,1.4436609745025635,1.3119221925735474,1.1397571563720703,1.245845079421997,1.1476229429244995,1.5039689540863037,1.5013346672058105,3.396432638168335,3.239959239959717,3.085984468460083,2.7484889030456543,2.652939796447754,2.316657066345215,2.162637233734131,1.9673926830291748,1.6862913370132446,1.62982976436615,1.295624017715454,1.428564190864563,1.2374109029769897,1.408035159111023,1.5212782621383667
B8,3.1775755882263184,3.088618516921997,2.878974199295044,2.5825066566467285,2.414353132247925,2.178513765335083,1.875193476676941,1.7105087041854858,1.3591293096542358,1.2462360858917236,0.9060695767402649,0.9047558307647705,0.7655513882637024,0.733623743057251,1.0061328411102295,1.780711054801941,1.6308966875076294,1.3402009010314941,1.0870437622070312,0.8170897364616394,0.5490036010742188,0.3636258542537689,0.0,0.3664064109325409,0.5621258616447449,0.8902888298034668,1.150823712348938,1.4739861488342285,1.7102445363998413,1.9649070501327515,2.1172499656677246,2.1849489212036133,1.93526291847229,1.697162389755249,1.537291407585144,1.405808687210083,1.0326164960861206,0.983707070350647,0.7074655294418335,0.7308311462402344,0.8160375356674194,0.9223763346672058,1.233200192451477,1.2772173881530762,1.6290613412857056,2.663404941558838,2.469470739364624,2.330357789993286,2.0334651470184326,1.8919165134429932,1.5191444158554077,1.5304254293441772,1.28531813621521,1.2383067607879639,1.1953686475753784,1.0732754468917847,1.2820324897766113,1.2685731649398804,1.6308058500289917,1.703458547592163,3.1271352767944336,2.9904232025146484,2.8551392555236816,2.508084774017334,2.44885516166687,2.1319122314453125,1.9744819402694702,1.8333747386932373,1.538108229637146,1.556514859199524,1.2547199726104736,1.4554505348205566,1.3466448783874512,1.5023162364959717,1.6909420490264893
B9,2.8927714824676514,2.783068895339966,2.5636026859283447,2.265401601791382,2.0851728916168213,1.8331350088119507,1.5435264110565186,1.3562942743301392,1.012073278427124,0.8952831625938416,0.5512625575065613,0.638670027256012,0.6054742932319641,0.7221343517303467,1.0164462327957153,1.9454874992370605,1.811254620552063,1.5599299669265747,1.2703016996383667,1.0700610876083374,0.8205947875976562,0.5411626696586609,0.3664064109325409,0.0,0.37356966733932495,0.6070979237556458,0.9119585156440735,1.215811848640442,1.4335408210754395,1.7171093225479126,2.1005373001098633,2.1353976726531982,1.9276220798492432,1.6372730731964111,1.5172038078308105,1.3275516033172607,0.9898256659507751,0.9226784706115723,0.570264995098114,0.6451014876365662,0.6166739463806152,0.8306923508644104,1.087654709815979,1.1913005113601685,1.5355288982391357,2.606677532196045,2.4612884521484375,2.3018698692321777,1.987518548965454,1.8490450382232666,1.4838359355926514,1.4138057231903076,1.1805229187011719,1.0343860387802124,0.9943180084228516,0.7967032790184021,1.0349013805389404,1.0204741954803467,1.36370050907135,1.4893666505813599,2.919975519180298,2.792786121368408,2.621582508087158,2.292165756225586,2.1966071128845215,1.8855749368667603,1.6894545555114746,1.531504511833191,1.215598464012146,1.2112969160079956,0.9018489718437195,1.1106234788894653,1.0505445003509521,1.214547872543335,1.4462084770202637
B10,2.6633048057556152,2.5964515209198,2.365032911300659,2.0941784381866455,1.9043025970458984,1.7059085369110107,1.3719664812088013,1.2436130046844482,0.892162561416626,0.8241889476776123,0.5951201319694519,0.6809643507003784,0.8060329556465149,0.8359621167182922,1.189937710762024,2.2656667232513428,2.146228790283203,1.8662084341049194,1.6042523384094238,1.3569812774658203,1.1036473512649536,0.8466759324073792,0.5621258616447449,0.37356966733932495,0.0,0.3737751245498657,0.5888426303863525,0.9207220673561096,1.1509886980056763,1.4045735597610474,2.4713246822357178,2.501112937927246,2.295234441757202,2.000162124633789,1.871127724647522,1.6541870832443237,1.3280830383300781,1.1953703165054321,0.8360114097595215,0.7540433406829834,0.5554666519165039,0.6319049596786499,0.8064231872558594,0.8477633595466614,1.2020437717437744,2.376763343811035,2.249343156814575,2.131690263748169,1.7906304597854614,1.717883825302124,1.3674956560134888,1.3312844038009644,1.1876184940338135,1.046019196510315,1.133127212524414,0.9791076183319092,1.2869179248809814,1.3117259740829468,1.6254874467849731,1.7940834760665894,2.7578654289245605,2.6739747524261475,2.513701915740967,2.1844704151153564,2.1265580654144287,1.8575704097747803,1.6318448781967163,1.54885733127594,1.208522081375122,1.2793323993682861,1.0193740129470825,1.2439764738082886,1.2510299682617188,1.3440680503845215,1.6338953971862793
B11,2.3080084323883057,2.227557897567749,1.9983865022659302,1.7216370105743408,1.5379701852798462,1.340343952178955,1.0057331323623657,0.9084851741790771,0.5511693954467773,0.606438159942627,0.5237651467323303,0.760535717010498,0.9947217106819153,1.114945888519287,1.4500609636306763,2.5435914993286133,2.415050506591797,2.1663317680358887,1.8745843172073364,1.6702696084976196,1.4008468389511108,1.144219160079956,0.8902888298034668,0.6070979237556458,0.3737751245498657,0.0,0.3743568956851959,0.6131712198257446,0.867519199848175,1.1266310214996338,2.5928993225097656,2.578512668609619,2.3985493183135986,2.076671838760376,1.959470272064209,1.6905990839004517,1.4197938442230225,1.2449891567230225,0.8946235775947571,0.792649507522583,0.46073371171951294,0.5939594507217407,0.6335312724113464,0.7814906239509583,1.0761960744857788,2.2197766304016113,2.1478919982910156,2.0110342502593994,1.6632627248764038,1.6016573905944824,1.2849310636520386,1.1698791980743408,1.0819988250732422,0.860090970993042,1.0100950002670288,0.8571640253067017,1.1992781162261963,1.2762902975082397,1.5387647151947021,1.7734380960464478,2.4513871669769287,2.3822176456451416,2.196089267730713,1.8852083683013916,1.808311939239502,1.5635526180267334,1.3020113706588745,1.2456451654434204,0.8948397636413574,1.010144829750061,0.8271639943122864,1.0891838073730469,1.2084771394729614,1.3054531812667847,1.6353778839111328
B12,2.155085325241089,2.1263022422790527,1.8650424480438232,1.6441158056259155,1.423812985420227,1.3045070171356201,0.9344668984413147,0.9000910520553589,0.6285344958305359,0.6820687651634216,0.7507330179214478,0.8866397738456726,1.188010334968567,1.2449684143066406,1.5898795127868652,2.8090038299560547,2.710364580154419,2.437042236328125,2.174034357070923,1.937486171722412,1.6911005973815918,1.419385552406311,1.150823712348938,0.9119585156440735,0.5888426303863525,0.3743568956851959,0.0,0.37410834431648254,0.5759939551353455,0.8190425038337708,2.92435622215271,2.9250648021698,2.7566494941711426,2.4306325912475586,2.327427864074707,2.0625386238098145,1.7898824214935303,1.6170454025268555,1.2665143013000488,1.136431336402893,0.7868713140487671,0.7734051942825317,0.6389367580413818,0.6488684415817261,0.9123029112815857,2.186681032180786,2.1476855278015137,2.0662803649902344,1.699968695640564,1.7201151847839355,1.4422166347503662,1.3628263473510742,1.3582959175109863,1.1532526016235352,1.355491042137146,1.2105085849761963,1.5461162328720093,1.6004905700683594,1.8334481716156006,2.0716331005096436,2.454000949859619,2.443575859069824,2.2596287727355957,1.9701590538024902,1.9209227561950684,1.7368239164352417,1.4421260356903076,1.452614665031433,1.1061052083969116,1.2385802268981934,1.092455267906189,1.293270468711853,1.4234987497329712,1.4331512451171875,1.7885184288024902
B13,1.7821645736694336,1.7647241353988647,1.5107327699661255,1.3009858131408691,1.101259708404541,1.0404980182647705,0.6661527156829834,0.7717134356498718,0.6023222804069519,0.8133681416511536,0.989618718624115,1.1891926527023315,1.510803461074829,1.6049047708511353,1.9400303363800049,3.139300584793091,3.0248420238494873,2.768962860107422,2.485755205154419,2.269341468811035,2.001582384109497,1.7458860874176025,1.4739861488342285,1.215811848640442,0.9207220673561096,0.6131712198257446,0.37410834431648254,0.0,0.36580052971839905,0.5238626003265381,3.1544301509857178,3.118497610092163,2.961423635482788,2.625962495803833,2.518934726715088,2.2202765941619873,1.9897265434265137,1.7808656692504883,1.460653305053711,1.3020837306976318,0.9292653799057007,0.8983489274978638,0.6287069320678711,0.712231457233429,0.8261407613754272,1.9977442026138306,2.021099805831909,1.9383490085601807,1.578632116317749,1.6330815553665161,1.4183876514434814,1.2966198921203613,1.374327301979065,1.153103232383728,1.4120169878005981,1.3132224082946777,1.6525315046310425,1.757845401763916,1.9446207284927368,2.2273755073547363,2.1404788494110107,2.1637351512908936,1.9695097208023071,1.708130955696106,1.6680786609649658,1.5434406995773315,1.2308906316757202,1.3176774978637695,1.013978123664856,1.2110989093780518,1.179192066192627,1.3942978382110596,1.6065157651901245,1.6220349073410034,1.9891493320465088
