,A1,A2,A3,A4,A5,A6,A7,A8,A9,A10,A11,A12,A13,A14,A15,B1,B2,B3,B4,B5,B6,B7,B8,B9,B10,B11,B12,B13,B14,B15,C1,C2,C3,C4,C5,C6,C7,C8,C9,C10,C11,C12,C13,C14,C15,D1,D2,D3,D4,D5,D6,D7,D8,D9,D10,D11,D12,D13,D14,D15,E1,E2,E3,E4,E5,E6,E7,E8,E9,E10,E11,E12,E13,E14,E15
A1,0.0,0.3870612680912018,0.6273266673088074,0.9882160425186157,1.323395013809204,1.5751155614852905,1.8962541818618774,2.2383642196655273,2.553194046020508,2.878849506378174,3.159459114074707,3.4196410179138184,3.2317211627960205,2.901967763900757,2.620774984359741,0.9981560707092285,1.167998194694519,1.5332547426223755,1.651168942451477,2.058326244354248,2.1582589149475098,2.408752679824829,2.7573962211608887,2.9133551120758057,3.24483585357666,3.5046069622039795,3.6933577060699463,3.600067377090454,3.21101975440979,2.875502586364746,1.5774706602096558,1.7064874172210693,2.089157819747925,2.2276906967163086,2.6257078647613525,2.7014639377593994,2.9554171562194824,3.2921035289764404,3.4052202701568604,3.7453320026397705,3.9661009311676025,4.1381683349609375,3.9448704719543457,3.5528457164764404,3.485046863555908,2.0778818130493164,2.306434154510498,2.5105819702148438,2.8674676418304443,3.1497573852539062,3.236764907836914,3.5754148960113525,3.849703311920166,3.9973196983337402,4.364772796630859,4.564486980438232,4.789226055145264,4.6649556159973145,4.424814224243164,4.446982383728027,2.8765530586242676,2.7904717922210693,2.7154126167297363,3.0489344596862793,3.0436208248138428,3.3215436935424805,3.5858516693115234,3.6735146045684814,4.032181739807129,4.049302101135254,4.339262962341309,4.411869049072266,4.721332550048828,4.850465774536133,5.168087959289551
A2,0.3870612680912018,0.0,0.3999747335910797,0.6783910989761353,1.0180479288101196,1.3258224725723267,1.6150362491607666,1.966722846031189,2.29011607170105,2.5924954414367676,2.8912785053253174,3.139305830001831,2.9671518802642822,2.653262138366699,2.3932130336761475,0.918426513671875,1.0310754776000977,1.3598681688308716,1.3937969207763672,1.8021047115325928,1.8986810445785522,2.1121203899383545,2.4790446758270264,2.6177825927734375,2.935159683227539,3.2125966548919678,3.3802270889282227,3.2934629917144775,2.914409637451172,2.5734455585479736,1.4378795623779297,1.5575584173202515,1.9291433095932007,2.0064167976379395,2.4062883853912354,2.4633288383483887,2.6869466304779053,3.034937858581543,3.121138095855713,3.4523444175720215,3.6732370853424072,3.825216293334961,3.614630937576294,3.2208199501037598,3.1356258392333984,1.8380398750305176,2.1110527515411377,2.3348584175109863,2.666325807571411,2.9656102657318115,3.025970220565796,3.350468873977661,3.6305699348449707,3.7489757537841797,4.1165032386779785,4.302671909332275,4.516195774078369,4.374386787414551,4.144055366516113,4.155147552490234,2.634359359741211,2.589672088623047,2.548055410385132,2.9030418395996094,2.937424659729004,3.204357862472534,3.4898264408111572,3.607038974761963,3.9665703773498535,4.017807960510254,4.319208145141602,4.408567905426025,4.698935508728027,4.83601188659668,5.163017272949219
A3,0.6273266673088074,0.3999747335910797,0.0,0.4097936451435089,0.701644241809845,0.9607322812080383,1.285112738609314,1.6179865598678589,1.946388840675354,2.2662012577056885,2.5434484481811523,2.8105790615081787,2.644141674041748,2.311206340789795,2.0576767921447754,0.5827089548110962,0.775580883026123,1.0469273328781128,1.1148751974105835,1.5128068923950195,1.5633050203323364,1.8040131330490112,2.150784969329834,2.290529727935791,2.6251204013824463,2.8802754878997803,3.068382740020752,2.9747440814971924,2.585186004638672,2.2537033557891846,1.1162165403366089,1.3107309341430664,1.6537896394729614,1.7488164901733398,2.1373989582061768,2.15789794921875,2.402902126312256,2.729363441467285,2.8163399696350098,3.162208080291748,3.3651304244995117,3.539682626724243,3.3424072265625,2.957017660140991,2.9123973846435547,1.6868321895599365,1.9851067066192627,2.1536853313446045,2.486847400665283,2.7530720233917236,2.78053617477417,3.1160221099853516,3.3676817417144775,3.488370656967163,3.8619909286499023,4.03305196762085,4.265793323516846,4.1459879875183105,3.9344027042388916,3.9763317108154297,2.562962532043457,2.55356502532959,2.475104331970215,2.8371899127960205,2.8497323989868164,3.0795300006866455,3.3860766887664795,3.4818859100341797,3.847425937652588,3.9186649322509766,4.203245162963867,4.325156211853027,4.610655784606934,4.722488880157471,5.063970565795898
A4,0.9882160425186157,0.6783910989761353,0.4097936451435089,0.0,0.3910027742385864,0.683903157711029,0.9388036131858826,1.3010696172714233,1.6162265539169312,1.914976716041565,2.2195165157318115,2.461138963699341,2.2931084632873535,1.982637882232666,1.7394568920135498,0.7924637198448181,0.9425739049911499,1.0803608894348145,1.0309035778045654,1.391737937927246,1.3762637376785278,1.5591354370117188,1.915223240852356,2.002100944519043,2.3270390033721924,2.5866055488586426,2.7451748847961426,2.6328861713409424,2.252014636993408,1.90427827835083,1.177235722541809,1.3941419124603271,1.680644154548645,1.6997692584991455,2.0678341388702393,2.0291907787323,2.2359955310821533,2.556955575942993,2.592763900756836,2.9336230754852295,3.1144697666168213,3.270174264907837,3.0444705486297607,2.666332244873047,2.6178371906280518,1.6728851795196533,2.0250837802886963,2.1890130043029785,2.4809532165527344,2.7463796138763428,2.721688747406006,3.0384342670440674,3.2773795127868652,3.3567066192626953,3.730757474899292,3.8699820041656494,4.096805095672607,3.963367462158203,3.7796921730041504,3.8191733360290527,2.5393452644348145,2.5917000770568848,2.54584002494812,2.923532724380493,2.9711198806762695,3.174440383911133,3.502774477005005,3.6187126636505127,3.9818174839019775,4.088336944580078,4.374705791473389,4.518486022949219,4.784133434295654,4.89464807510376,5.245590686798096
A5,1.323395013809204,1.0180479288101196,0.701644241809845,0.3910027742385864,0.0,0.40867117047309875,0.6500763893127441,0.966822624206543,1.3182251453399658,1.6043576002120972,1.891610026359558,2.154999017715454,2.0288679599761963,1.7108187675476074,1.521426796913147,0.8174643516540527,0.8828914761543274,0.8693572878837585,0.7480878233909607,1.0551787614822388,0.998263418674469,1.1716394424438477,1.5245776176452637,1.6169239282608032,1.9447561502456665,2.205371379852295,2.3748419284820557,2.2816812992095947,1.898826003074646,1.5668636560440063,0.9798171520233154,1.206364393234253,1.4248346090316772,1.4023823738098145,1.7444851398468018,1.668931484222412,1.8672702312469482,2.1783576011657715,2.2054073810577393,2.5492775440216064,2.7253355979919434,2.8877477645874023,2.671619415283203,2.2959518432617188,2.2712018489837646,1.4568862915039062,1.8317360877990723,1.9554203748703003,2.219625234603882,2.463137149810791,2.401252031326294,2.7114415168762207,2.9327266216278076,2.998962163925171,3.373687267303467,3.499337911605835,3.7317252159118652,3.606677293777466,3.437990188598633,3.494605541229248,2.3397202491760254,2.4369633197784424,2.3806426525115967,2.759845018386841,2.8110833168029785,2.976774215698242,3.3221473693847656,3.437988042831421,3.7977981567382812,3.9337563514709473,4.211537837982178,4.382044792175293,4.630245685577393,4.728640079498291,5.089214324951172
A6,1.5751155614852905,1.3258224725723267,0.9607322812080383,0.683903157711029,0.40867117047309875,0.0,0.38421592116355896,0.6682942509651184,0.9950645565986633,1.3285443782806396,1.585932970046997,1.8656142950057983,1.7188141345977783,1.3711951971054077,1.1668540239334106,0.9214843511581421,1.074601411819458,0.9546917676925659,0.9098308682441711,1.111418604850769,0.9155566692352295,1.1102747917175293,1.390326976776123,1.442742943763733,1.7982124090194702,2.00081729888916,2.1926960945129395,2.058638334274292,1.6593018770217896,1.334525465965271,1.0188215970993042,1.3329484462738037,1.4732043743133545,1.4825078248977661,1.7708314657211304,1.6215786933898926,1.8415251970291138,2.09501314163208,2.1057400703430176,2.4667789936065674,2.595184326171875,2.7887802124023438,2.585359811782837,2.2392148971557617,2.280561685562134,1.6794458627700806,2.044581651687622,2.0954699516296387,2.3487915992736816,2.53597354888916,2.429330348968506,2.7437973022460938,2.91379451751709,2.978421926498413,3.3543038368225098,3.449570417404175,3.706749677658081,3.6131415367126465,3.478571653366089,3.5734195709228516,2.5814809799194336,2.701821804046631,2.6108455657958984,2.979544162750244,3.0005083084106445,3.126372814178467,3.480368137359619,3.5640153884887695,3.923210620880127,4.068577766418457,4.321220874786377,4.518340110778809,4.764458179473877,4.832889556884766,5.202365398406982
A7,1.8962541818618774,1.6150362491607666,1.285112738609314,0.9388036131858826,0.6500763893127441,0.38421592116355896,0.0,0.3954433500766754,0.6811742782592773,0.9827684164047241,1.2840403318405151,1.5272066593170166,1.3803794384002686,1.0648192167282104,0.8958737254142761,1.3018062114715576,1.414641261100769,1.2481406927108765,1.1128650903701782,1.2198797464370728,0.9510923027992249,1.0212141275405884,1.2727302312850952,1.2264666557312012,1.5603835582733154,1.7562717199325562,1.9057749509811401,1.7388721704483032,1.3505277633666992,0.9988905787467957,1.3226553201675415,1.6032074689865112,1.6849874258041382,1.6200056076049805,1.857378602027893,1.6467885971069336,1.8038873672485352,2.0311834812164307,1.9723960161209106,2.317502975463867,2.409301280975342,2.578590154647827,2.342941999435425,2.0171728134155273,2.063931703567505,1.833052158355713,2.217320442199707,2.2634429931640625,2.465782403945923,2.6438984870910645,2.4883034229278564,2.7706685066223145,2.919874906539917,2.9366626739501953,3.3042402267456055,3.3604350090026855,3.6079795360565186,3.5023841857910156,3.4030816555023193,3.4955968856811523,2.671872138977051,2.84100079536438,2.78173565864563,3.1520137786865234,3.2027506828308105,3.305396318435669,3.6692516803741455,3.7697577476501465,4.1205291748046875,4.292702674865723,4.544743537902832,4.756117820739746,4.983278751373291,5.0513129234313965,5.424816608428955
A8,2.2383642196655273,1.966722846031189,1.6179865598678589,1.3010696172714233,0.966822624206543,0.6682942509651184,0.3954433500766754,0.0,0.39412304759025574,0.6860547661781311,0.9285627007484436,1.2195488214492798,1.1377365589141846,0.8055044412612915,0.7666638493537903,1.525384545326233,1.5975977182388306,1.3405840396881104,1.2037196159362793,1.177520751953125,0.8236211538314819,0.8380588293075562,0.9831551909446716,0.8904528021812439,1.2353934049606323,1.3887630701065063,1.56417977809906,1.3991395235061646,0.9975245594978333,0.6839436888694763,1.39582097530365,1.6647814512252808,1.6518150568008423,1.564290165901184,1.7225961685180664,1.4473470449447632,1.5850822925567627,1.75338876247406,1.6694525480270386,2.016238212585449,2.072676658630371,2.262991189956665,2.048905372619629,1.7521520853042603,1.862969994544983,1.8761794567108154,2.2426629066467285,2.228646993637085,2.3901491165161133,2.517946243286133,2.314382553100586,2.579171895980835,2.6833701133728027,2.6838746070861816,3.0442497730255127,3.071676254272461,3.33186674118042,3.249894857406616,3.1817662715911865,3.3050081729888916,2.678013324737549,2.880592107772827,2.803616762161255,3.15756893157959,3.1991283893585205,3.2558610439300537,3.626081705093384,3.713465452194214,4.053778648376465,4.249217987060547,4.482130527496338,4.719822883605957,4.929391384124756,4.977315902709961,5.356837749481201
A9,2.553194046020508,2.29011607170105,1.946388840675354,1.6162265539169312,1.3182251453399658,0.9950645565986633,0.6811742782592773,0.39412304759025574,0.0,0.38356128334999084,0.6310845017433167,0.8787344098091125,0.7510507702827454,0.41367223858833313,0.4631426930427551,1.8714362382888794,1.9774582386016846,1.7199056148529053,1.5958776473999023,1.540764331817627,1.1673681735992432,1.125415325164795,1.1669539213180542,0.9573729038238525,1.2477549314498901,1.3120064735412598,1.4477005004882812,1.1960035562515259,0.8177576661109924,0.5231779217720032,1.7627869844436646,2.0438578128814697,2.0047757625579834,1.9149200916290283,2.02766489982605,1.7127255201339722,1.814585566520691,1.9170856475830078,1.7766436338424683,2.098388671875,2.083324670791626,2.266965389251709,2.042036771774292,1.8060078620910645,1.9556963443756104,2.2499489784240723,2.612179756164551,2.579332113265991,2.716075897216797,2.8153419494628906,2.57783842086792,2.8185341358184814,2.880662679672241,2.8516814708709717,3.1959545612335205,3.1779794692993164,3.4399735927581787,3.3697290420532227,3.3459835052490234,3.483222723007202,3.01690936088562,3.2397420406341553,3.167426824569702,3.5150065422058105,3.556687116622925,3.5926289558410645,3.964343786239624,4.04379415512085,4.377410411834717,4.58314323425293,4.8031792640686035,5.05459451675415,5.256215572357178,5.29037618637085,5.672680377960205
A10,2.878849506378174,2.5924954414367676,2.2662012577056885,1.914976716041565,1.6043576002120972,1.3285443782806396,0.9827684164047241,0.6860547661781311,0.38356128334999084,0.0,0.3926723003387451,0.551535964012146,0.5403632521629333,0.40892651677131653,0.6790974736213684,2.209968090057373,2.2751922607421875,1.9982037544250488,1.8237749338150024,1.7111347913742065,1.3458832502365112,1.1994068622589111,1.174107313156128,0.8605883717536926,1.0518532991409302,1.0835752487182617,1.143799066543579,0.8500379920005798,0.5177964568138123,0.2639887034893036,2.0512423515319824,2.2914700508117676,2.215599775314331,2.070254325866699,2.131483793258667,1.7902051210403442,1.8156160116195679,1.8778825998306274,1.6665515899658203,1.9435547590255737,1.8830015659332275,2.0293385982513428,1.7791497707366943,1.5905460119247437,1.7547917366027832,2.3988609313964844,2.7580626010894775,2.721094846725464,2.8064229488372803,2.8937432765960693,2.620835542678833,2.8180174827575684,2.858135938644409,2.77944016456604,3.1027004718780518,3.0444319248199463,3.2884767055511475,3.2080280780792236,3.222388982772827,3.356226682662964,3.079549551010132,3.3394134044647217,3.293478488922119,3.632718086242676,3.7001450061798096,3.7134621143341064,4.087210655212402,4.183181285858154,4.5032758712768555,4.733206748962402,4.951885223388672,5.213816165924072,5.393621921539307,5.4292497634887695,5.811824798583984
A11,3.159459114074707,2.8912785053253174,2.5434484481811523,2.2195165157318115,1.891610026359558,1.585932970046997,1.2840403318405151,0.9285627007484436,0.6310845017433167,0.3926723003387451,0.0,0.39121684432029724,0.5585595965385437,0.4902004599571228,0.8593863248825073,2.4121360778808594,2.470182180404663,2.1547062397003174,2.014211893081665,1.8421404361724854,1.4624972343444824,1.323117733001709,1.1754189729690552,0.8538585901260376,0.9937096238136292,0.8845593333244324,0.9885575175285339,0.6802846789360046,0.4026036858558655,0.4808235168457031,2.186156749725342,2.42397403717041,2.2907614707946777,2.1606547832489014,2.1575653553009033,1.7870616912841797,1.8064483404159546,1.78456449508667,1.56598699092865,1.8262178897857666,1.7051353454589844,1.887719988822937,1.6931955814361572,1.5709795951843262,1.813612937927246,2.5568127632141113,2.886183738708496,2.7960519790649414,2.857729911804199,2.890174627304077,2.5882720947265625,2.768540859222412,2.753084659576416,2.6711134910583496,2.9770936965942383,2.888397455215454,3.1499762535095215,3.1100847721099854,3.157411575317383,3.3291008472442627,3.214015483856201,3.4825551509857178,3.409290075302124,3.727240562438965,3.7720062732696533,3.747103691101074,4.117773056030273,4.189386367797852,4.4975738525390625,4.738094329833984,4.932014465332031,5.214996814727783,5.383038520812988,5.3939528465271,5.778739929199219
A12,3.4196410179138184,3.139305830001831,2.8105790615081787,2.461138963699341,2.154999017715454,1.8656142950057983,1.5272066593170166,1.2195488214492798,0.8787344098091125,0.551535964012146,0.39121684432029724,0.0,0.3920651078224182,0.617866575717926,0.9886630177497864,2.7341694831848145,2.801767349243164,2.50345516204834,2.338042974472046,2.1782150268554688,1.8094593286514282,1.6327215433120728,1.4998222589492798,1.1398565769195557,1.186323642730713,1.0540571212768555,1.0226504802703857,0.629140317440033,0.5668989419937134,0.6713010668754578,2.5445430278778076,2.7790045738220215,2.6577773094177246,2.5050535202026367,2.500380039215088,2.1302902698516846,2.1079819202423096,2.076239824295044,1.8103889226913452,2.019050359725952,1.8545736074447632,1.9803463220596313,1.7506074905395508,1.6873079538345337,1.9098594188690186,2.8677079677581787,3.207460641860962,3.1362802982330322,3.179445266723633,3.2203369140625,2.907442808151245,3.0604774951934814,3.038156509399414,2.9188754558563232,3.203714609146118,3.0804271697998047,3.3184595108032227,3.263031244277954,3.343327283859253,3.500086784362793,3.4835000038146973,3.769310235977173,3.7233591079711914,4.04388427734375,4.109952926635742,4.085391044616699,4.4565749168396,4.542179107666016,4.845351696014404,5.094752788543701,5.29221773147583,5.575611114501953,5.735374927520752,5.7509918212890625,6.134871006011963
A13,3.2317211627960205,2.9671518802642822,2.644141674041748,2.2931084632873535,2.0288679599761963,1.7188141345977783,1.3803794384002686,1.1377365589141846,0.7510507702827454,0.5403632521629333,0.5585595965385437,0.3920651078224182,0.0,0.39584338665008545,0.6883814930915833,2.607243537902832,2.7278754711151123,2.4670777320861816,2.3279597759246826,2.2331039905548096,1.8566149473190308,1.7338169813156128,1.6708496809005737,1.342074990272522,1.4687933921813965,1.3878098726272583,1.3875027894973755,1.0022556781768799,0.8443634510040283,0.7727236151695251,2.506303071975708,2.780289649963379,2.7074830532073975,2.5899078845977783,2.6401712894439697,2.286346435546875,2.3127024173736572,2.325092077255249,2.093198299407959,2.3369319438934326,2.2044451236724854,2.3405187129974365,2.0977683067321777,1.990164875984192,2.176316022872925,2.9329640865325928,3.291377067565918,3.2434945106506348,3.330273151397705,3.396393060684204,3.1100285053253174,3.2969300746917725,3.2999439239501953,3.208845376968384,3.512432813644409,3.4140913486480713,3.6594302654266357,3.5977296829223633,3.6527366638183594,3.7993099689483643,3.618401527404785,3.8797309398651123,3.829718828201294,4.166992664337158,4.224190711975098,4.228841781616211,4.601725101470947,4.682167053222656,5.0003814697265625,5.2291765213012695,5.434139251708984,5.705185890197754,5.886180400848389,5.905827045440674,6.290351867675781
A14,2.901967763900757,2.653262138366699,2.311206340789795,1.982637882232666,1.7108187675476074,1.3711951971054077,1.0648192167282104,0.8055044412612915,0.41367223858833313,0.40892651677131653,0.4902004599571228,0.617866575717926,0.39584338665008545,0.0,0.3859069049358368,2.2358384132385254,2.3688266277313232,2.108107805252075,2.0030124187469482,1.927504539489746,1.543314814567566,1.4812597036361694,1.4453169107437134,1.1761858463287354,1.3954188823699951,1.3552924394607544,1.4496883153915405,1.1189011335372925,0.8256826996803284,0.6613925695419312,2.138179302215576,2.431126832962036,2.3695757389068604,2.287032127380371,2.3625316619873047,2.021894693374634,2.1019606590270996,2.142244338989258,1.96503746509552,2.2562875747680664,2.1714541912078857,2.351221799850464,2.1320180892944336,1.96592378616333,2.153654098510742,2.6476495265960693,3.002253293991089,2.947920560836792,3.0670714378356934,3.1363253593444824,2.8728668689727783,3.0935065746307373,3.113319158554077,3.06374454498291,3.3890810012817383,3.329453229904175,3.5943400859832764,3.542553186416626,3.560544490814209,3.7147490978240967,3.3917346000671387,3.627779006958008,3.552618980407715,3.892390251159668,3.9279160499572754,3.9434943199157715,4.314957618713379,4.381862163543701,4.708773612976074,4.921767234802246,5.126454830169678,5.39153528213501,5.586681365966797,5.6044697761535645,5.988969326019287
A15,2.620774984359741,2.3932130336761475,2.0576767921447754,1.7394568920135498,1.521426796913147,1.1668540239334106,0.8958737254142761,0.7666638493537903,0.4631426930427551,0.6790974736213684,0.8593863248825073,0.9886630177497864,0.6883814930915833,0.3859069049358368,0.0,2.0218260288238525,2.209707021713257,1.9997187852859497,1.9299393892288208,1.9326461553573608,1.5657219886779785,1.5722547769546509,1.6162139177322388,1.4063471555709839,1.6765626668930054,1.6867009401321411,1.798040509223938,1.4833074808120728,1.1614199876785278,0.9114319086074829,2.027644634246826,2.354509115219116,2.3511605262756348,2.309339761734009,2.444209575653076,2.1378531455993652,2.2648260593414307,2.3534789085388184,2.216860771179199,2.5335302352905273,2.487208604812622,2.6729190349578857,2.4461560249328613,2.2391390800476074,2.389897346496582,2.636528253555298,3.001422643661499,2.9740822315216064,3.1382925510406494,3.2355353832244873,3.008378028869629,3.260585308074951,3.311481237411499,3.292538642883301,3.6341607570648193,3.6058671474456787,3.8747177124023438,3.814995527267456,3.8017849922180176,3.943403959274292,3.441589593887329,3.6456527709960938,3.565314531326294,3.917713165283203,3.9432501792907715,3.9913721084594727,4.359945297241211,4.422665119171143,4.7627034187316895,4.951507091522217,5.164968013763428,5.41291618347168,5.6294074058532715,5.654343605041504,6.036635875701904
B1,0.9981560707092285,0.918426513671875,0.5827089548110962,0.7924637198448181,0.8174643516540527,0.9214843511581421,1.3018062114715576,1.525384545326233,1.8714362382888794,2.209968090057373,2.4121360778808594,2.7341694831848145,2.607243537902832,2.2358384132385254,2.0218260288238525,0.0,0.4203628599643707,0.6363051533699036,0.8987390995025635,1.2451475858688354,1.299814224243164,1.6236274242401123,1.9088256359100342,2.112743377685547,2.4646503925323486,2.6827614307403564,2.9293320178985596,2.8656532764434814,2.46631121635437,2.1867215633392334,0.6355886459350586,0.9096301198005676,1.2231526374816895,1.422325849533081,1.785630226135254,1.8178662061691284,2.123157262802124,2.4135520458221436,2.5588696002960205,2.9188578128814697,3.1220104694366455,3.3438141345977783,3.205047130584717,2.831861972808838,2.8493473529815674,1.504137635231018,1.7548766136169434,1.8263922929763794,2.1846377849578857,2.3899924755096436,2.421785354614258,2.781686782836914,3.000690460205078,3.1655731201171875,3.5393786430358887,3.7221696376800537,3.983018159866333,3.910212516784668,3.697706937789917,3.785557508468628,2.442166566848755,2.425842523574829,2.2626709938049316,2.6027491092681885,2.5490307807922363,2.7386295795440674,3.048336982727051,3.0936148166656494,3.462481737136841,3.533015251159668,3.7885539531707764,3.9380180835723877,4.227453231811523,4.304416179656982,4.655367851257324
B2,1.167998194694519,1.0310754776000977,0.775580883026123,0.9425739049911499,0.8828914761543274,1.074601411819458,1.414641261100769,1.5975977182388306,1.9774582386016846,2.2751922607421875,2.470182180404663,2.801767349243164,2.7278754711151123,2.3688266277313232,2.209707021713257,0.4203628599643707,0.0,0.4034118056297302,0.6379683613777161,0.9915223717689514,1.1662709712982178,1.4736329317092896,1.7737919092178345,2.0273356437683105,2.350919008255005,2.6028852462768555,2.8482072353363037,2.840745449066162,2.45849347114563,2.203007936477661,0.4569738507270813,0.5532836318016052,0.9224914312362671,1.0966973304748535,1.4815911054611206,1.5812009572982788,1.8699746131896973,2.1903574466705322,2.3629088401794434,2.703418493270874,2.946239709854126,3.1527135372161865,3.0298070907592773,2.644761562347412,2.636523723602295,1.1053675413131714,1.3398151397705078,1.437677264213562,1.7992913722991943,2.033342123031616,2.095982789993286,2.4492955207824707,2.700610399246216,2.8705251216888428,3.2386422157287598,3.446603536605835,3.6904380321502686,3.6054937839508057,3.368237018585205,3.4403016567230225,2.0322368144989014,2.0068767070770264,1.8440978527069092,2.1884279251098633,2.152418851852417,2.35164213180542,2.664437770843506,2.736488103866577,3.1041862964630127,3.1880931854248047,3.4610633850097656,3.607235908508301,3.8847343921661377,3.98028564453125,4.3308563232421875
B3,1.5332547426223755,1.3598681688308716,1.0469273328781128,1.0803608894348145,0.8693572878837585,0.9546917676925659,1.2481406927108765,1.3405840396881104,1.7199056148529053,1.9982037544250488,2.1547062397003174,2.50345516204834,2.4670777320861816,2.108107805252075,1.9997187852859497,0.6363051533699036,0.4034118056297302,0.0,0.4036429524421692,0.6524084806442261,0.80087810754776,1.1358094215393066,1.3989185094833374,1.6736186742782593,1.9977318048477173,2.233264923095703,2.4971015453338623,2.5067198276519775,2.130173444747925,1.9095876216888428,0.15965689718723297,0.38864466547966003,0.6245626211166382,0.7908969521522522,1.149774193763733,1.2027617692947388,1.5105829238891602,1.810103178024292,1.9862653017044067,2.3351082801818848,2.5666916370391846,2.789989471435547,2.686112880706787,2.3131730556488037,2.344599962234497,0.9880716800689697,1.24941086769104,1.261866569519043,1.5931828022003174,1.784287691116333,1.7914226055145264,2.148620128631592,2.369641065597534,2.531399726867676,2.9044675827026367,3.09409761428833,3.3522443771362305,3.2848143577575684,3.0696449279785156,3.1704800128936768,1.9415397644042969,1.9781924486160278,1.7968127727508545,2.1396560668945312,2.101635217666626,2.241056442260742,2.5794730186462402,2.6430563926696777,3.0078423023223877,3.130563259124756,3.38689923286438,3.5719051361083984,3.8282690048217773,3.902205228805542,4.266617774963379
B4,1.651168942451477,1.3937969207763672,1.1148751974105835,1.0309035778045654,0.7480878233909607,0.9098308682441711,1.1128650903701782,1.2037196159362793,1.5958776473999023,1.8237749338150024,2.014211893081665,2.338042974472046,2.3279597759246826,2.0030124187469482,1.9299393892288208,0.8987390995025635,0.6379683613777161,0.4036429524421692,0.0,0.4100271463394165,0.6246804594993591,0.8666043877601624,1.198874592781067,1.4543209075927734,1.7506946325302124,2.034694194793701,2.259263515472412,2.2880241870880127,1.929466724395752,1.6995704174041748,0.5534441471099854,0.574550449848175,0.7309370040893555,0.6692450046539307,1.0441629886627197,1.0726408958435059,1.304284691810608,1.6492003202438354,1.7763395309448242,2.109375476837158,2.355496406555176,2.538550615310669,2.400512456893921,2.01094651222229,1.999711513519287,0.7806026339530945,1.1348512172698975,1.2122646570205688,1.4822437763214111,1.7223836183547974,1.6933670043945312,2.018199920654297,2.2651267051696777,2.373845100402832,2.7472846508026123,2.9227800369262695,3.1560893058776855,3.0501656532287598,2.8400139808654785,2.911919593811035,1.7164407968521118,1.8129229545593262,1.702114224433899,2.070060968399048,2.1056666374206543,2.2433290481567383,2.5963854789733887,2.7134487628936768,3.0690102577209473,3.2252445220947266,3.5014097690582275,3.687124013900757,3.9184954166412354,4.01506233215332,4.379210472106934
B5,2.058326244354248,1.8021047115325928,1.5128068923950195,1.391737937927246,1.0551787614822388,1.111418604850769,1.2198797464370728,1.177520751953125,1.540764331817627,1.7111347913742065,1.8421404361724854,2.1782150268554688,2.2331039905548096,1.927504539489746,1.9326461553573608,1.2451475858688354,0.9915223717689514,0.6524084806442261,0.4100271463394165,0.0,0.39540842175483704,0.5930008888244629,0.860920786857605,1.1736112833023071,1.4411784410476685,1.7192643880844116,1.962890625,2.042628526687622,1.711137294769287,1.5497711896896362,0.7440313100814819,0.7073462605476379,0.6193792223930359,0.4052652418613434,0.6926327347755432,0.6687793135643005,0.8990650177001953,1.2396976947784424,1.382943868637085,1.7156339883804321,1.9695688486099243,2.165344715118408,2.0608761310577393,1.682644248008728,1.712280035018921,0.757912278175354,1.080661654472351,1.0569977760314941,1.2525075674057007,1.4416776895523071,1.347415804862976,1.66350257396698,1.8858025074005127,1.9814629554748535,2.357520341873169,2.521531581878662,2.7638537883758545,2.6734185218811035,2.479142904281616,2.579241991043091,1.6055532693862915,1.7649542093276978,1.6396126747131348,1.9857196807861328,2.023700475692749,2.0951077938079834,2.4635026454925537,2.5777969360351562,2.92018985748291,3.1152896881103516,3.374876022338867,3.5931663513183594,3.7972047328948975,3.8770108222961426,4.249292373657227
B6,2.1582589149475098,1.8986810445785522,1.5633050203323364,1.3762637376785278,0.998263418674469,0.9155566692352295,0.9510923027992249,0.8236211538314819,1.1673681735992432,1.3458832502365112,1.4624972343444824,1.8094593286514282,1.8566149473190308,1.543314814567566,1.5657219886779785,1.299814224243164,1.1662709712982178,0.80087810754776,0.6246804594993591,0.39540842175483704,0.0,0.3754843473434448,0.6143825650215149,0.8748188614845276,1.1990886926651,1.4388691186904907,1.696639060974121,1.7260512113571167,1.3691939115524292,1.20294988155365,0.8636741638183594,0.9891660213470459,0.8820056319236755,0.7480922937393188,0.914845883846283,0.7109889984130859,0.9373685717582703,1.200723648071289,1.2750959396362305,1.6401835680007935,1.8276910781860352,2.0467278957366943,1.9231908321380615,1.5672225952148438,1.6585289239883423,1.1494388580322266,1.472490668296814,1.4131911993026733,1.579332947731018,1.7094680070877075,1.5451525449752808,1.8454508781433105,2.0012030601501465,2.065580129623413,2.442514181137085,2.5526912212371826,2.8158204555511475,2.7434592247009277,2.6019647121429443,2.7302589416503906,1.9625037908554077,2.147765636444092,2.0261037349700928,2.3638713359832764,2.389869213104248,2.4333174228668213,2.803910493850708,2.8949263095855713,3.233360767364502,3.4351789951324463,3.673997163772583,3.91123628616333,4.112858295440674,4.169479846954346,4.547462463378906
B7,2.408752679824829,2.1121203899383545,1.8040131330490112,1.5591354370117188,1.1716394424438477,1.1102747917175293,1.0212141275405884,0.8380588293075562,1.125415325164795,1.1994068622589111,1.323117733001709,1.6327215433120728,1.7338169813156128,1.4812597036361694,1.5722547769546509,1.6236274242401123,1.4736329317092896,1.1358094215393066,0.8666043877601624,0.5930008888244629,0.3754843473434448,0.0,0.40149542689323425,0.6068321466445923,0.8842325210571289,1.182335615158081,1.3948911428451538,1.4585583209991455,1.1386864185333252,1.000802755355835,1.2182443141937256,1.2867070436477661,1.1573845148086548,0.9093536734580994,0.988925039768219,0.7279961109161377,0.7921739816665649,1.0578203201293945,1.0350096225738525,1.3798556327819824,1.563997507095337,1.7419360876083374,1.581432819366455,1.2137528657913208,1.2932844161987305,1.2415488958358765,1.5751205682754517,1.536720633506775,1.6191701889038086,1.7546521425247192,1.5379639863967896,1.7799787521362305,1.9302870035171509,1.9248569011688232,2.2920594215393066,2.367795944213867,2.6085028648376465,2.506344795227051,2.3919308185577393,2.5051560401916504,1.9220571517944336,2.166693925857544,2.099555730819702,2.4337711334228516,2.509423017501831,2.5333590507507324,2.907243013381958,3.0313150882720947,3.353332996368408,3.5844309329986572,3.828871011734009,4.072047710418701,4.247758388519287,4.314549922943115,4.6910786628723145
B8,2.7573962211608887,2.4790446758270264,2.150784969329834,1.915223240852356,1.5245776176452637,1.390326976776123,1.2727302312850952,0.9831551909446716,1.1669539213180542,1.174107313156128,1.1754189729690552,1.4998222589492798,1.6708496809005737,1.4453169107437134,1.6162139177322388,1.9088256359100342,1.7737919092178345,1.3989185094833374,1.198874592781067,0.860920786857605,0.6143825650215149,0.40149542689323425,0.0,0.3873042166233063,0.6350795030593872,0.8620296120643616,1.1376498937606812,1.2484709024429321,0.969046413898468,0.967809796333313,1.4465196132659912,1.519499659538269,1.2983795404434204,1.074507474899292,1.0062181949615479,0.6428754925727844,0.6570976972579956,0.7757294774055481,0.7198272943496704,1.0898686647415161,1.228500247001648,1.457987904548645,1.354335904121399,1.0427656173706055,1.240023136138916,1.5031390190124512,1.7789589166641235,1.6581339836120605,1.6852396726608276,1.7308210134506226,1.4467753171920776,1.6575350761413574,1.727736234664917,1.7034868001937866,2.061506986618042,2.09696626663208,2.3634884357452393,2.303978204727173,2.234818935394287,2.3988263607025146,2.099015474319458,2.3639960289001465,2.2693700790405273,2.5684893131256104,2.6204946041107178,2.5858070850372314,2.9571828842163086,3.0546555519104004,3.359363079071045,3.611335277557373,3.8261632919311523,4.098398685455322,4.254881858825684,4.293172359466553,4.673983573913574
B9,2.9133551120758057,2.6177825927734375,2.290529727935791,2.002100944519043,1.6169239282608032,1.442742943763733,1.2264666557312012,0.8904528021812439,0.9573729038238525,0.8605883717536926,0.8538585901260376,1.1398565769195557,1.342074990272522,1.1761858463287354,1.4063471555709839,2.112743377685547,2.0273356437683105,1.6736186742782593,1.4543209075927734,1.1736112833023071,0.8748188614845276,0.6068321466445923,0.3873042166233063,0.0,0.3759210407733917,0.5988249182701111,0.8256109952926636,0.8772457838058472,0.5918859243392944,0.633307933807373,1.7288601398468018,1.845131754875183,1.6602333784103394,1.4369325637817383,1.387937068939209,1.026943325996399,0.9775753617286682,1.0292946100234985,0.82979416847229,1.147189736366272,1.1863285303115845,1.3779677152633667,1.203955888748169,0.9342448115348816,1.1598482131958008,1.818078875541687,2.121072292327881,2.0292341709136963,2.0435900688171387,2.095092296600342,1.793502688407898,1.9651237726211548,2.0071041584014893,1.926640510559082,2.2600386142730713,2.236013412475586,2.4869308471679688,2.4135985374450684,2.3971405029296875,2.5517497062683105,2.387636184692383,2.6736960411071777,2.6119675636291504,2.9177801609039307,2.990004062652588,2.957526683807373,3.328545331954956,3.434492588043213,3.7344095706939697,3.9924936294555664,4.206491947174072,4.480830669403076,4.631415843963623,4.669210910797119,5.049640655517578
B10,3.24483585357666,2.935159683227539,2.6251204013824463,2.3270390033721924,1.9447561502456665,1.7982124090194702,1.5603835582733154,1.2353934049606323,1.2477549314498901,1.0518532991409302,0.9937096238136292,1.186323642730713,1.4687933921813965,1.3954188823699951,1.6765626668930054,2.4646503925323486,2.350919008255005,1.9977318048477173,1.7506946325302124,1.4411784410476685,1.1990886926651,0.8842325210571289,0.6350795030593872,0.3759210407733917,0.0,0.3901042342185974,0.526860237121582,0.7274872064590454,0.6297487616539001,0.8116527795791626,2.05838942527771,2.1312289237976074,1.920162320137024,1.6538139581680298,1.5408223867416382,1.1912250518798828,1.023266315460205,0.9987180233001709,0.6815093159675598,0.9028455018997192,0.8927984833717346,1.0329184532165527,0.8348592519760132,0.613897979259491,0.9067303538322449,2.001638650894165,2.279519557952881,2.1831130981445312,2.1300134658813477,2.1607556343078613,1.8264907598495483,1.9275717735290527,1.9395701885223389,1.790518045425415,2.090223550796509,2.0179219245910645,2.2435734272003174,2.1566720008850098,2.1860108375549316,2.3392627239227295,2.4358930587768555,2.757343053817749,2.724612236022949,3.0085997581481934,3.107454299926758,3.046579122543335,3.410787343978882,3.533864974975586,3.8115358352661133,4.094166278839111,4.303481101989746,4.586143493652344,4.709112644195557,4.748697757720947,5.125136375427246
B11,3.5046069622039795,3.2125966548919678,2.8802754878997803,2.5866055488586426,2.205371379852295,2.00081729888916,1.7562717199325562,1.3887630701065063,1.3120064735412598,1.0835752487182617,0.8845593333244324,1.0540571212768555,1.3878098726272583,1.3552924394607544,1.6867009401321411,2.6827614307403564,2.6028852462768555,2.233264923095703,2.034694194793701,1.7192643880844116,1.4388691186904907,1.182335615158081,0.8620296120643616,0.5988249182701111,0.3901042342185974,0.0,0.37407538294792175,0.5665884613990784,0.5833914875984192,0.9051803946495056,2.272249460220337,2.3777341842651367,2.1390817165374756,1.9171669483184814,1.7680532932281494,1.395027995109558,1.2596553564071655,1.120041847229004,0.8077762126922607,0.9799922108650208,0.8220165371894836,1.0199726819992065,0.9043940305709839,0.8521242737770081,1.2070049047470093,2.322474241256714,2.581939697265625,2.442631244659424,2.3869428634643555,2.362220525741577,2.0059733390808105,2.093585252761841,2.032041072845459,1.8811982870101929,2.152553081512451,2.0290651321411133,2.276982069015503,2.244356632232666,2.3257768154144287,2.5213325023651123,2.7676596641540527,3.0840625762939453,3.0235252380371094,3.290961503982544,3.3610448837280273,3.2706029415130615,3.62969970703125,3.7218735218048096,3.990332841873169,4.276427745819092,4.459073543548584,4.760941028594971,4.8779096603393555,4.889841079711914,5.2684526443481445
B12,3.6933577060699463,3.3802270889282227,3.068382740020752,2.7451748847961426,2.3748419284820557,2.1926960945129395,1.9057749509811401,1.56417977809906,1.4477005004882812,1.143799066543579,0.9885575175285339,1.0226504802703857,1.3875027894973755,1.4496883153915405,1.798040509223938,2.9293320178985596,2.8482072353363037,2.4971015453338623,2.259263515472412,1.962890625,1.696639060974121,1.3948911428451538,1.1376498937606812,0.8256109952926636,0.526860237121582,0.37407538294792175,0.0,0.40245190262794495,0.6387801766395569,0.9664259552955627,2.552035331726074,2.648319959640503,2.432103157043457,2.1766574382781982,2.0410690307617188,1.6853746175765991,1.499446988105774,1.385236382484436,1.023966908454895,1.097497820854187,0.9015499353408813,0.9626948833465576,0.7458253502845764,0.7860236763954163,1.1045067310333252,2.52362322807312,2.7964699268341064,2.6918461322784424,2.6126821041107178,2.6127636432647705,2.255506753921509,2.305415153503418,2.2550110816955566,2.0524213314056396,2.2929694652557373,2.1337733268737793,2.335832357406616,2.264173746109009,2.3808202743530273,2.542945384979248,2.9036879539489746,3.2422595024108887,3.2233099937438965,3.4934706687927246,3.5976974964141846,3.513765573501587,3.870954751968384,3.9890668392181396,4.24993896484375,4.546281814575195,4.739193439483643,5.0354180335998535,5.14042854309082,5.166192054748535,5.540823459625244
B13,3.600067377090454,3.2934629917144775,2.9747440814971924,2.6328861713409424,2.2816812992095947,2.058638334274292,1.7388721704483032,1.3991395235061646,1.1960035562515259,0.8500379920005798,0.6802846789360046,0.629140317440033,1.0022556781768799,1.1189011335372925,1.4833074808120728,2.8656532764434814,2.840745449066162,2.5067198276519775,2.2880241870880127,2.042628526687622,1.7260512113571167,1.4585583209991455,1.2484709024429321,0.8772457838058472,0.7274872064590454,0.5665884613990784,0.40245190262794495,0.0,0.4069620966911316,0.7430882453918457,2.559072732925415,2.7112369537353516,2.5323586463928223,2.3111205101013184,2.23014760017395,1.8607685565948486,1.7392525672912598,1.6621928215026855,1.3339121341705322,1.4693958759307861,1.2817904949188232,1.3641353845596313,1.1309945583343506,1.1253366470336914,1.390686273574829,2.6640779972076416,2.970365285873413,2.8825650215148926,2.8517906665802,2.871776819229126,2.529442310333252,2.6211774349212646,2.582793712615967,2.4106202125549316,2.6681387424468994,2.519127607345581,2.7325947284698486,2.6646366119384766,2.7705821990966797,2.926588773727417,3.1401751041412354,3.461946487426758,3.4368648529052734,3.7303121089935303,3.8234200477600098,3.764176368713379,4.128920555114746,4.236967086791992,4.515420913696289,4.7950663566589355,4.991399765014648,5.2830986976623535,5.409079074859619,5.432005882263184,5.810975074768066
