0.000000000000000000e+00,3.968308269977569580e-01,5.937342047691345215e-01,8.784618973731994629e-01,1.216002583503723145e+00,1.428442597389221191e+00,1.740620970726013184e+00,2.020737171173095703e+00,2.321471214294433594e+00,2.580362796783447266e+00,2.849229574203491211e+00,3.059386014938354492e+00,3.225457191467285156e+00,3.306147813796997070e+00,3.624951124191284180e+00,3.988974332809448242e+00,4.242014408111572266e+00,3.954217195510864258e+00,4.233464241027832031e+00,4.217317581176757812e+00,4.034250736236572266e+00,4.346537113189697266e+00,4.269036293029785156e+00,4.444451808929443359e+00,4.741600513458251953e+00,4.666535854339599609e+00,5.037564277648925781e+00,4.996212005615234375e+00,4.790686607360839844e+00,5.108921527862548828e+00,4.163551330566406250e+00,4.209155082702636719e+00,3.864598035812377930e+00,3.944786310195922852e+00,3.843491554260253906e+00,3.497815370559692383e+00,3.636954307556152344e+00,3.506638765335083008e+00,3.458627223968505859e+00,3.729471921920776367e+00,3.548829555511474609e+00,3.847979307174682617e+00,3.642648696899414062e+00,3.381265640258789062e+00,3.643382549285888672e+00,2.353943824768066406e+00,2.431463241577148438e+00,2.254748344421386719e+00,2.282355785369873047e+00,2.423154115676879883e+00,2.134289979934692383e+00,2.332748889923095703e+00,2.469029903411865234e+00,2.464357852935791016e+00,2.841130018234252930e+00,2.917924404144287109e+00,3.165851354598999023e+00,2.980367898941040039e+00,2.961183547973632812e+00,3.311208009719848633e+00,2.927790164947509766e+00,3.270632743835449219e+00,3.106787204742431641e+00,3.339806795120239258e+00,3.518584728240966797e+00,3.365947961807250977e+00,3.695936679840087891e+00,3.813538312911987305e+00,3.960262775421142578e+00,4.324721813201904297e+00,4.393750667572021484e+00,4.703715324401855469e+00,4.641695976257324219e+00,4.639367103576660156e+00,5.009994029998779297e+00
3.968308269977569580e-01,0.000000000000000000e+00,3.864431083202362061e-01,5.935050845146179199e-01,9.130957126617431641e-01,1.198204517364501953e+00,1.471795082092285156e+00,1.752323269844055176e+00,2.061118841171264648e+00,2.283118247985839844e+00,2.565852880477905273e+00,2.752231359481811523e+00,2.945462703704833984e+00,3.044470071792602539e+00,3.345591306686401367e+00,3.819594621658325195e+00,4.079290390014648438e+00,3.803366899490356445e+00,4.104725360870361328e+00,4.093227386474609375e+00,3.942868471145629883e+00,4.271857261657714844e+00,4.201890945434570312e+00,4.407899856567382812e+00,4.699494361877441406e+00,4.641596317291259766e+00,5.014501571655273438e+00,5.001801967620849609e+00,4.809641838073730469e+00,5.132094860076904297e+00,4.285255432128906250e+00,4.334816932678222656e+00,3.980640888214111328e+00,4.079369068145751953e+00,3.955643892288208008e+00,3.626015424728393555e+00,3.779027462005615234e+00,3.623270511627197266e+00,3.602921247482299805e+00,3.859375000000000000e+00,3.663771390914916992e+00,3.977400302886962891e+00,3.799835920333862305e+00,3.520265579223632812e+00,3.778278827667236328e+00,2.500667572021484375e+00,2.535323858261108398e+00,2.322394609451293945e+00,2.317876815795898438e+00,2.401125192642211914e+00,2.072857856750488281e+00,2.237915754318237305e+00,2.323533296585083008e+00,2.285619974136352539e+00,2.654650211334228516e+00,2.687789678573608398e+00,2.943366289138793945e+00,2.738877534866333008e+00,2.684111595153808594e+00,3.029505491256713867e+00,2.550326824188232422e+00,2.890402078628540039e+00,2.727124452590942383e+00,2.950892448425292969e+00,3.136750936508178711e+00,2.984573602676391602e+00,3.312628507614135742e+00,3.442462682723999023e+00,3.589055299758911133e+00,3.954281568527221680e+00,4.036715984344482422e+00,4.339789867401123047e+00,4.281863212585449219e+00,4.294012546539306641e+00,4.664238929748535156e+00
5.937342047691345215e-01,3.864431083202362061e-01,0.000000000000000000e+00,3.920285701751708984e-01,6.406529545783996582e-01,8.686206936836242676e-01,1.191634893417358398e+00,1.442194819450378418e+00,1.763741135597229004e+00,2.012932538986206055e+00,2.269167184829711914e+00,2.489288091659545898e+00,2.666837930679321289e+00,2.736064195632934570e+00,3.049111366271972656e+00,3.462065935134887695e+00,3.713110446929931641e+00,3.430078506469726562e+00,3.726084470748901367e+00,3.710342407226562500e+00,3.556948661804199219e+00,3.885428190231323242e+00,3.816994667053222656e+00,4.024944782257080078e+00,4.318170547485351562e+00,4.266782760620117188e+00,4.638942241668701172e+00,4.629667758941650391e+00,4.445026874542236328e+00,4.771665573120117188e+00,3.965606927871704102e+00,4.028122425079345703e+00,3.672511577606201172e+00,3.793558120727539062e+00,3.673565387725830078e+00,3.359548807144165039e+00,3.539666652679443359e+00,3.391612052917480469e+00,3.405760765075683594e+00,3.673964500427246094e+00,3.499259233474731445e+00,3.829720020294189453e+00,3.676840066909790039e+00,3.410016536712646484e+00,3.691042423248291016e+00,2.497513055801391602e+00,2.562307119369506836e+00,2.312480211257934570e+00,2.357805967330932617e+00,2.409504175186157227e+00,2.088504076004028320e+00,2.293751478195190430e+00,2.339656591415405273e+00,2.347381591796875000e+00,2.715835571289062500e+00,2.724850416183471680e+00,3.015454769134521484e+00,2.840939760208129883e+00,2.754739999771118164e+00,3.108564138412475586e+00,2.560724258422851562e+00,2.875338315963745117e+00,2.668977260589599609e+00,2.887336969375610352e+00,3.031041383743286133e+00,2.850947618484497070e+00,3.175534486770629883e+00,3.267741203308105469e+00,3.410115718841552734e+00,3.772397756576538086e+00,3.824420452117919922e+00,4.142104148864746094e+00,4.081691265106201172e+00,4.067313671112060547e+00,4.437630653381347656e+00
8.784618973731994629e-01,5.935050845146179199e-01,3.920285701751708984e-01,0.000000000000000000e+00,3.983882367610931396e-01,6.429749131202697754e-01,8.848816156387329102e-01,1.192299842834472656e+00,1.477373957633972168e+00,1.714116454124450684e+00,2.004337549209594727e+00,2.190926074981689453e+00,2.364009380340576172e+00,2.469655990600585938e+00,2.776559114456176758e+00,3.266131877899169922e+00,3.540871143341064453e+00,3.283858299255371094e+00,3.601242780685424805e+00,3.618537425994873047e+00,3.493201017379760742e+00,3.841182947158813477e+00,3.806288480758666992e+00,4.034573078155517578e+00,4.337453365325927734e+00,4.319370269775390625e+00,4.687092781066894531e+00,4.692292690277099609e+00,4.534673213958740234e+00,4.872325897216796875e+00,4.142827987670898438e+00,4.231185913085937500e+00,3.877491474151611328e+00,4.028630733489990234e+00,3.915747165679931641e+00,3.621052980422973633e+00,3.825892210006713867e+00,3.682175397872924805e+00,3.723137378692626953e+00,3.993801116943359375e+00,3.826400041580200195e+00,4.165809154510498047e+00,4.029130935668945312e+00,3.763442277908325195e+00,4.048028469085693359e+00,2.874770641326904297e+00,2.926378011703491211e+00,2.665007114410400391e+00,2.695184946060180664e+00,2.717036962509155273e+00,2.377451896667480469e+00,2.553597450256347656e+00,2.560184240341186523e+00,2.535127401351928711e+00,2.888267993927001953e+00,2.851806402206420898e+00,3.142671346664428711e+00,2.943369626998901367e+00,2.817406654357910156e+00,3.156225681304931641e+00,2.431875467300415039e+00,2.732327938079833984e+00,2.522608041763305664e+00,2.697837829589843750e+00,2.847416877746582031e+00,2.637538671493530273e+00,2.937942981719970703e+00,3.041546106338500977e+00,3.151286840438842773e+00,3.520718812942504883e+00,3.572552680969238281e+00,3.877700090408325195e+00,3.793440341949462891e+00,3.782870292663574219e+00,4.153379917144775391e+00
1.216002583503723145e+00,9.130957126617431641e-01,6.406529545783996582e-01,3.983882367610931396e-01,0.000000000000000000e+00,3.922334611415863037e-01,6.088515520095825195e-01,8.454733490943908691e-01,1.172745347023010254e+00,1.384505391120910645e+00,1.653879046440124512e+00,1.855343341827392578e+00,2.052155017852783203e+00,2.138510942459106445e+00,2.435573339462280273e+00,2.976712703704833984e+00,3.240564823150634766e+00,2.983953714370727539e+00,3.311716556549072266e+00,3.318172931671142578e+00,3.219071149826049805e+00,3.573460340499877930e+00,3.535987138748168945e+00,3.788211584091186523e+00,4.078810691833496094e+00,4.071367740631103516e+00,4.437715530395507812e+00,4.469339847564697266e+00,4.322435379028320312e+00,4.658847808837890625e+00,4.035729408264160156e+00,4.124785423278808594e+00,3.767513990402221680e+00,3.935936689376831055e+00,3.804542303085327148e+00,3.534546852111816406e+00,3.754866838455200195e+00,3.595345973968505859e+00,3.671194314956665039e+00,3.929808139801025391e+00,3.763575315475463867e+00,4.115384101867675781e+00,4.013439655303955078e+00,3.745532989501953125e+00,4.033421039581298828e+00,2.938799142837524414e+00,2.978835582733154297e+00,2.683956861495971680e+00,2.722579717636108398e+00,2.690638303756713867e+00,2.347665071487426758e+00,2.522295236587524414e+00,2.471916198730468750e+00,2.461582183837890625e+00,2.796643495559692383e+00,2.719177484512329102e+00,3.032841444015502930e+00,2.853722333908081055e+00,2.688778638839721680e+00,3.023496866226196289e+00,2.224770069122314453e+00,2.494579076766967773e+00,2.250375509262084961e+00,2.420230150222778320e+00,2.533240556716918945e+00,2.308194160461425781e+00,2.609165191650390625e+00,2.686469554901123047e+00,2.803436517715454102e+00,3.168141126632690430e+00,3.207575798034667969e+00,3.522943496704101562e+00,3.450336456298828125e+00,3.431079626083374023e+00,3.801536798477172852e+00
1.428442597389221191e+00,1.198204517364501953e+00,8.686206936836242676e-01,6.429749131202697754e-01,3.922334611415863037e-01,0.000000000000000000e+00,3.881275951862335205e-01,6.107645630836486816e-01,9.072446227073669434e-01,1.198591589927673340e+00,1.438232064247131348e+00,1.681751728057861328e+00,1.821057319641113281e+00,1.878981471061706543e+00,2.204688549041748047e+00,2.630271434783935547e+00,2.899747848510742188e+00,2.643403291702270508e+00,2.966149091720581055e+00,2.991081237792968750e+00,2.883261442184448242e+00,3.241495370864868164e+00,3.226802349090576172e+00,3.473932981491088867e+00,3.779129266738891602e+00,3.791404962539672852e+00,4.152438640594482422e+00,4.176977157592773438e+00,4.048580169677734375e+00,4.394475460052490234e+00,3.801302671432495117e+00,3.919359207153320312e+00,3.570771455764770508e+00,3.769610643386840820e+00,3.663214921951293945e+00,3.413796186447143555e+00,3.665833234786987305e+00,3.534849166870117188e+00,3.641322612762451172e+00,3.918714761734008789e+00,3.786661386489868164e+00,4.146245956420898438e+00,4.058719635009765625e+00,3.815738916397094727e+00,4.124670505523681641e+00,3.108014822006225586e+00,3.185408115386962891e+00,2.881917238235473633e+00,2.963865995407104492e+00,2.930826663970947266e+00,2.608748197555541992e+00,2.814194679260253906e+00,2.753643035888671875e+00,2.777414560317993164e+00,3.109005451202392578e+00,3.024302005767822266e+00,3.353275537490844727e+00,3.194386005401611328e+00,3.016765832901000977e+00,3.349852323532104492e+00,2.499819517135620117e+00,2.736819267272949219e+00,2.464538335800170898e+00,2.605233907699584961e+00,2.675138711929321289e+00,2.411469459533691406e+00,2.683959960937500000e+00,2.718271493911743164e+00,2.804408788681030273e+00,3.163181066513061523e+00,3.157927036285400391e+00,3.481134891510009766e+00,3.385735511779785156e+00,3.328081130981445312e+00,3.695569038391113281e+00
1.740620970726013184e+00,1.471795082092285156e+00,1.191634893417358398e+00,8.848816156387329102e-01,6.088515520095825195e-01,3.881275951862335205e-01,0.000000000000000000e+00,3.857034742832183838e-01,5.941292643547058105e-01,8.571099638938903809e-01,1.145637035369873047e+00,1.342576384544372559e+00,1.484991669654846191e+00,1.590603590011596680e+00,1.902197241783142090e+00,2.456156969070434570e+00,2.748065471649169922e+00,2.528362751007080078e+00,2.875649690628051758e+00,2.934003114700317383e+00,2.870110273361206055e+00,3.244182348251342773e+00,3.263137340545654297e+00,3.534126996994018555e+00,3.838829994201660156e+00,3.885286569595336914e+00,4.236475467681884766e+00,4.282773971557617188e+00,4.183107852935791016e+00,4.533065319061279297e+00,4.039841175079345703e+00,4.174521923065185547e+00,3.831429481506347656e+00,4.051152229309082031e+00,3.944878816604614258e+00,3.716684103012084961e+00,3.981879949569702148e+00,3.848512649536132812e+00,3.974620342254638672e+00,4.245465278625488281e+00,4.114315032958984375e+00,4.478005886077880859e+00,4.406184196472167969e+00,4.160699844360351562e+00,4.466628074645996094e+00,3.463578701019287109e+00,3.522707462310791016e+00,3.211827039718627930e+00,3.274811506271362305e+00,3.216340065002441406e+00,2.881627559661865234e+00,3.057848691940307617e+00,2.965003728866577148e+00,2.960633516311645508e+00,3.271368741989135742e+00,3.147020339965820312e+00,3.470933914184570312e+00,3.296383857727050781e+00,3.085112810134887695e+00,3.396734237670898438e+00,2.400465965270996094e+00,2.606676340103149414e+00,2.331910371780395508e+00,2.420049190521240234e+00,2.483417987823486328e+00,2.188340663909912109e+00,2.425469875335693359e+00,2.464003562927246094e+00,2.511796474456787109e+00,2.874008417129516602e+00,2.865489244461059570e+00,3.174879312515258789e+00,3.056003332138061523e+00,3.001225709915161133e+00,3.368384838104248047e+00
2.020737171173095703e+00,1.752323269844055176e+00,1.442194819450378418e+00,1.192299842834472656e+00,8.454733490943908691e-01,6.107645630836486816e-01,3.857034742832183838e-01,0.000000000000000000e+00,3.873550891876220703e-01,6.244745850563049316e-01,8.314520120620727539e-01,1.091931223869323730e+00,1.251772284507751465e+00,1.298224925994873047e+00,1.607518315315246582e+00,2.179816246032714844e+00,2.450563192367553711e+00,2.224733591079711914e+00,2.578490734100341797e+00,2.618530511856079102e+00,2.580553054809570312e+00,2.956572532653808594e+00,2.969631910324096680e+00,3.261829376220703125e+00,3.550808191299438477e+00,3.606007575988769531e+00,3.953248262405395508e+00,4.024443626403808594e+00,3.935033321380615234e+00,4.280395030975341797e+00,3.894604206085205078e+00,4.027787685394287109e+00,3.686966657638549805e+00,3.920181989669799805e+00,3.799881458282470703e+00,3.600058317184448242e+00,3.876604080200195312e+00,3.734427690505981445e+00,3.891905307769775391e+00,4.149931907653808594e+00,4.026547431945800781e+00,4.396063327789306641e+00,4.356409072875976562e+00,4.116469383239746094e+00,4.423838138580322266e+00,3.513374567031860352e+00,3.570074796676635742e+00,3.239209175109863281e+00,3.317309617996215820e+00,3.221382379531860352e+00,2.900113344192504883e+00,3.080823421478271484e+00,2.948627948760986328e+00,2.969650983810424805e+00,3.259473323822021484e+00,3.110399961471557617e+00,3.450057983398437500e+00,3.306245565414428711e+00,3.072447538375854492e+00,3.376417160034179688e+00,2.372221469879150391e+00,2.536080598831176758e+00,2.228515863418579102e+00,2.310878038406372070e+00,2.316450595855712891e+00,2.008018732070922852e+00,2.236880540847778320e+00,2.223926067352294922e+00,2.279873609542846680e+00,2.627757787704467773e+00,2.589547157287597656e+00,2.916565656661987305e+00,2.814098596572875977e+00,2.735849380493164062e+00,3.100885868072509766e+00
2.321471214294433594e+00,2.061118841171264648e+00,1.763741135597229004e+00,1.477373957633972168e+00,1.172745347023010254e+00,9.072446227073669434e-01,5.941292643547058105e-01,3.873550891876220703e-01,0.000000000000000000e+00,3.868457376956939697e-01,6.044013500213623047e-01,8.346189856529235840e-01,9.160642027854919434e-01,1.000132203102111816e+00,1.323124170303344727e+00,1.923664927482604980e+00,2.224836587905883789e+00,2.042516469955444336e+00,2.409862518310546875e+00,2.501333951950073242e+00,2.493638038635253906e+00,2.879003047943115234e+00,2.940597295761108398e+00,3.239043712615966797e+00,3.537043333053588867e+00,3.631763696670532227e+00,3.963000297546386719e+00,4.039937496185302734e+00,3.985006809234619141e+00,4.336525917053222656e+00,4.023996829986572266e+00,4.185809135437011719e+00,3.858946084976196289e+00,4.118033885955810547e+00,4.018435478210449219e+00,3.840270757675170898e+00,4.136548995971679688e+00,4.013394355773925781e+00,4.189435005187988281e+00,4.454601287841796875e+00,4.349405288696289062e+00,4.720732212066650391e+00,4.689548969268798828e+00,4.461367130279541016e+00,4.775393009185791016e+00,3.888353586196899414e+00,3.952938556671142578e+00,3.622067213058471680e+00,3.704292535781860352e+00,3.606617212295532227e+00,3.285767078399658203e+00,3.461709499359130859e+00,3.321064233779907227e+00,3.333586454391479492e+00,3.613802433013916016e+00,3.447422504425048828e+00,3.782733917236328125e+00,3.631502389907836914e+00,3.381322622299194336e+00,3.669462203979492188e+00,2.570460081100463867e+00,2.701026439666748047e+00,2.395979166030883789e+00,2.420283555984497070e+00,2.407123565673828125e+00,2.064853906631469727e+00,2.234087467193603516e+00,2.204251766204833984e+00,2.196920871734619141e+00,2.536218643188476562e+00,2.466150045394897461e+00,2.776563644409179688e+00,2.631712198257446289e+00,2.529734373092651367e+00,2.888339042663574219e+00
2.580362796783447266e+00,2.283118247985839844e+00,2.012932538986206055e+00,1.714116454124450684e+00,1.384505391120910645e+00,1.198591589927673340e+00,8.571099638938903809e-01,6.244745850563049316e-01,3.868457376956939697e-01,0.000000000000000000e+00,3.742047548294067383e-01,4.860657453536987305e-01,6.855434775352478027e-01,8.344822525978088379e-01,1.084366083145141602e+00,1.950047850608825684e+00,2.241495609283447266e+00,2.096685647964477539e+00,2.478457927703857422e+00,2.569914102554321289e+00,2.617828607559204102e+00,3.002679824829101562e+00,3.068205833435058594e+00,3.392327547073364258e+00,3.667189359664916992e+00,3.776015043258666992e+00,4.097884654998779297e+00,4.206614017486572266e+00,4.164807796478271484e+00,4.507663249969482422e+00,4.293084144592285156e+00,4.446255207061767578e+00,4.119430065155029297e+00,4.378403186798095703e+00,4.258362770080566406e+00,4.093703746795654297e+00,4.384688854217529297e+00,4.240627288818359375e+00,4.425320148468017578e+00,4.670551776885986328e+00,4.551237106323242188e+00,4.923031806945800781e+00,4.908448696136474609e+00,4.668444156646728516e+00,4.969968318939208984e+00,4.095068931579589844e+00,4.130316257476806641e+00,3.791806459426879883e+00,3.849111080169677734e+00,3.720134735107421875e+00,3.391690015792846680e+00,3.534883022308349609e+00,3.360760211944580078e+00,3.350389719009399414e+00,3.601857900619506836e+00,3.399770498275756836e+00,3.726053237915039062e+00,3.571679115295410156e+00,3.294247388839721680e+00,3.556134700775146484e+00,2.376272678375244141e+00,2.463976383209228516e+00,2.159113168716430664e+00,2.139166593551635742e+00,2.105114698410034180e+00,1.746431112289428711e+00,1.881566166877746582e+00,1.848122239112854004e+00,1.819010734558105469e+00,2.158662557601928711e+00,2.095445394515991211e+00,2.398617506027221680e+00,2.253232955932617188e+00,2.166667222976684570e+00,2.529558181762695312e+00
2.849229574203491211e+00,2.565852880477905273e+00,2.269167184829711914e+00,2.004337549209594727e+00,1.653879046440124512e+00,1.438232064247131348e+00,1.145637035369873047e+00,8.314520120620727539e-01,6.044013500213623047e-01,3.742047548294067383e-01,0.000000000000000000e+00,3.807167112827301025e-01,5.285786390304565430e-01,5.300182104110717773e-01,7.848580479621887207e-01,1.657560348510742188e+00,1.923963546752929688e+00,1.785616636276245117e+00,2.169491767883300781e+00,2.252621173858642578e+00,2.334042072296142578e+00,2.714598655700683594e+00,2.785729646682739258e+00,3.124636173248291016e+00,3.383597612380981445e+00,3.508683681488037109e+00,3.818884849548339844e+00,3.948543071746826172e+00,3.924505472183227539e+00,4.261091232299804688e+00,4.155610561370849609e+00,4.313104152679443359e+00,3.996860027313232422e+00,4.270195484161376953e+00,4.147861480712890625e+00,4.014480113983154297e+00,4.316814422607421875e+00,4.175894260406494141e+00,4.388629913330078125e+00,4.625220298767089844e+00,4.522130966186523438e+00,4.895044326782226562e+00,4.907674789428710938e+00,4.680903911590576172e+00,4.985192298889160156e+00,4.202520847320556641e+00,4.245291233062744141e+00,3.896150827407836914e+00,3.973699808120727539e+00,3.823405027389526367e+00,3.514315128326416016e+00,3.668096065521240234e+00,3.471477746963500977e+00,3.489190101623535156e+00,3.724479198455810547e+00,3.511187791824340820e+00,3.847986698150634766e+00,3.724376678466796875e+00,3.437001228332519531e+00,3.691676378250122070e+00,2.543748140335083008e+00,2.591273546218872070e+00,2.265727043151855469e+00,2.238930702209472656e+00,2.140185117721557617e+00,1.778916358947753906e+00,1.884680867195129395e+00,1.776564478874206543e+00,1.741498351097106934e+00,2.046390771865844727e+00,1.926331162452697754e+00,2.246792316436767578e+00,2.112462043762207031e+00,1.978460311889648438e+00,2.331998825073242188e+00
3.059386014938354492e+00,2.752231359481811523e+00,2.489288091659545898e+00,2.190926074981689453e+00,1.855343341827392578e+00,1.681751728057861328e+00,1.342576384544372559e+00,1.091931223869323730e+00,8.346189856529235840e-01,4.860657453536987305e-01,3.807167112827301025e-01,0.000000000000000000e+00,3.810606300830841064e-01,5.807787179946899414e-01,6.838750839233398438e-01,1.811175346374511719e+00,2.086378335952758789e+00,2.007276296615600586e+00,2.392448902130126953e+00,2.503572463989257812e+00,2.621835470199584961e+00,2.998283147811889648e+00,3.090475797653198242e+00,3.436115503311157227e+00,3.686622142791748047e+00,3.829429388046264648e+00,4.127697467803955078e+00,4.270239353179931641e+00,4.261670112609863281e+00,4.594862461090087891e+00,4.529454708099365234e+00,4.689625740051269531e+00,4.375159740447998047e+00,4.649278163909912109e+00,4.523775100708007812e+00,4.391012668609619141e+00,4.689973354339599609e+00,4.541805267333984375e+00,4.750914096832275391e+00,4.981308937072753906e+00,4.867474079132080078e+00,5.239575386047363281e+00,5.251392841339111328e+00,5.014717578887939453e+00,5.311112880706787109e+00,4.495732784271240234e+00,4.518667221069335938e+00,4.171669960021972656e+00,4.223514556884765625e+00,4.065125465393066406e+00,3.742511034011840820e+00,3.866721391677856445e+00,3.659067153930664062e+00,3.642999410629272461e+00,3.861453056335449219e+00,3.625030994415283203e+00,3.944116353988647461e+00,3.800293922424316406e+00,3.495966911315917969e+00,3.725146055221557617e+00,2.483487129211425781e+00,2.499477386474609375e+00,2.196944713592529297e+00,2.107879638671875000e+00,2.014373779296875000e+00,1.637093901634216309e+00,1.679416418075561523e+00,1.593218564987182617e+00,1.492805361747741699e+00,1.800349831581115723e+00,1.692518591880798340e+00,1.981536269187927246e+00,1.811211347579956055e+00,1.699052095413208008e+00,2.056909322738647461e+00
3.225457191467285156e+00,2.945462703704833984e+00,2.666837930679321289e+00,2.364009380340576172e+00,2.052155017852783203e+00,1.821057319641113281e+00,1.484991669654846191e+00,1.251772284507751465e+00,9.160642027854919434e-01,6.855434775352478027e-01,5.285786390304565430e-01,3.810606300830841064e-01,0.000000000000000000e+00,3.626447319984436035e-01,5.154054164886474609e-01,1.525346755981445312e+00,1.829051256179809570e+00,1.789750337600708008e+00,2.170789003372192383e+00,2.332349300384521484e+00,2.456940412521362305e+00,2.832222938537597656e+00,2.967653751373291016e+00,3.301737070083618164e+00,3.566029548645019531e+00,3.738060712814331055e+00,4.021290302276611328e+00,4.153755187988281250e+00,4.171949386596679688e+00,4.510927200317382812e+00,4.475061893463134766e+00,4.662519931793212891e+00,4.363508701324462891e+00,4.658831596374511719e+00,4.561279296875000000e+00,4.443935871124267578e+00,4.761763095855712891e+00,4.641170978546142578e+00,4.863841056823730469e+00,5.109539985656738281e+00,5.021058559417724609e+00,5.394339561462402344e+00,5.407658100128173828e+00,5.189363956451416016e+00,5.499210834503173828e+00,4.709574699401855469e+00,4.757790088653564453e+00,4.412020206451416016e+00,4.486699104309082031e+00,4.342547416687011719e+00,4.027020454406738281e+00,4.172543525695800781e+00,3.976577043533325195e+00,3.975624561309814453e+00,4.205340862274169922e+00,3.979247331619262695e+00,4.304286479949951172e+00,4.163074493408203125e+00,3.864310503005981445e+00,4.099815368652343750e+00,2.860281229019165039e+00,2.877467632293701172e+00,2.577383279800415039e+00,2.480060815811157227e+00,2.379957199096679688e+00,2.001760721206665039e+00,2.013671875000000000e+00,1.905920267105102539e+00,1.764146089553833008e+00,2.036515712738037109e+00,1.879112601280212402e+00,2.144974231719970703e+00,1.932479023933410645e+00,1.767746329307556152e+00,2.099532127380371094e+00
3.306147813796997070e+00,3.044470071792602539e+00,2.736064195632934570e+00,2.469655990600585938e+00,2.138510942459106445e+00,1.878981471061706543e+00,1.590603590011596680e+00,1.298224925994873047e+00,1.000132203102111816e+00,8.344822525978088379e-01,5.300182104110717773e-01,5.807787179946899414e-01,3.626447319984436035e-01,0.000000000000000000e+00,3.717342913150787354e-01,1.231816530227661133e+00,1.510037422180175781e+00,1.452346324920654297e+00,1.835235357284545898e+00,1.980116844177246094e+00,2.117676973342895508e+00,2.489247560501098633e+00,2.621453285217285156e+00,2.962127447128295898e+00,3.216806650161743164e+00,3.393802404403686523e+00,3.671696424484252930e+00,3.813851118087768555e+00,3.839061021804809570e+00,4.173424243927001953e+00,4.201655387878417969e+00,4.390004158020019531e+00,4.099862098693847656e+00,4.403397083282470703e+00,4.306426525115966797e+00,4.212040901184082031e+00,4.537271022796630859e+00,4.423107624053955078e+00,4.665471553802490234e+00,4.906506061553955078e+00,4.834700584411621094e+00,5.207006454467773438e+00,5.239356994628906250e+00,5.035697937011718750e+00,5.349423408508300781e+00,4.640315532684326172e+00,4.702010154724121094e+00,4.350061416625976562e+00,4.449001789093017578e+00,4.295467853546142578e+00,4.000240802764892578e+00,4.165083408355712891e+00,3.961047410964965820e+00,3.993221044540405273e+00,4.219508171081542969e+00,3.998312234878540039e+00,4.336851596832275391e+00,4.225207805633544922e+00,3.929397344589233398e+00,4.171826839447021484e+00,3.002181768417358398e+00,3.011115312576293945e+00,2.689133167266845703e+00,2.619414806365966797e+00,2.478968143463134766e+00,2.111774682998657227e+00,2.137887954711914062e+00,1.974209308624267578e+00,1.864948153495788574e+00,2.108248472213745117e+00,1.907111406326293945e+00,2.199069023132324219e+00,2.020329952239990234e+00,1.811460733413696289e+00,2.129061937332153320e+00
3.624951124191284180e+00,3.345591306686401367e+00,3.049111366271972656e+00,2.776559114456176758e+00,2.435573339462280273e+00,2.204688549041748047e+00,1.902197241783142090e+00,1.607518315315246582e+00,1.323124170303344727e+00,1.084366083145141602e+00,7.848580479621887207e-01,6.838750839233398438e-01,5.154054164886474609e-01,3.717342913150787354e-01,0.000000000000000000e+00,1.322498559951782227e+00,1.556731581687927246e+00,1.565469622611999512e+00,1.930999040603637695e+00,2.076876401901245117e+00,2.272299766540527344e+00,2.624187707901000977e+00,2.764788627624511719e+00,3.118438720703125000e+00,3.344105958938598633e+00,3.538667201995849609e+00,3.796787023544311523e+00,3.967385530471801758e+00,4.011835098266601562e+00,4.332972049713134766e+00,4.464113235473632812e+00,4.648073196411132812e+00,4.364607810974121094e+00,4.669642925262451172e+00,4.561450481414794922e+00,4.484147548675537109e+00,4.806543827056884766e+00,4.681668758392333984e+00,4.933950901031494141e+00,5.159388065338134766e+00,5.083014488220214844e+00,5.453662872314453125e+00,5.502196311950683594e+00,5.294927120208740234e+00,5.599915027618408203e+00,4.917097568511962891e+00,4.961971282958984375e+00,4.605466842651367188e+00,4.691570758819580078e+00,4.516381263732910156e+00,4.221554756164550781e+00,4.365953445434570312e+00,4.138856887817382812e+00,4.159988880157470703e+00,4.361401081085205078e+00,4.115998744964599609e+00,4.445180416107177734e+00,4.338012218475341797e+00,4.025031566619873047e+00,4.242248058319091797e+00,3.041674375534057617e+00,3.005318164825439453e+00,2.692939281463623047e+00,2.581778287887573242e+00,2.407963752746582031e+00,2.045613288879394531e+00,2.009451866149902344e+00,1.813896656036376953e+00,1.659755468368530273e+00,1.858429193496704102e+00,1.621968269348144531e+00,1.892775297164916992e+00,1.702401161193847656e+00,1.467273354530334473e+00,1.771195530891418457e+00
3.988974332809448242e+00,3.819594621658325195e+00,3.462065935134887695e+00,3.266131877899169922e+00,2.976712703704833984e+00,2.630271434783935547e+00,2.456156969070434570e+00,2.179816246032714844e+00,1.923664927482604980e+00,1.950047850608825684e+00,1.657560348510742188e+00,1.811175346374511719e+00,1.525346755981445312e+00,1.231816530227661133e+00,1.322498559951782227e+00,0.000000000000000000e+00,3.741159439086914062e-01,4.923081994056701660e-01,7.605196237564086914e-01,1.072812080383300781e+00,1.243391633033752441e+00,1.551452994346618652e+00,1.819478988647460938e+00,2.101903915405273438e+00,2.363750219345092773e+00,2.630958795547485352e+00,2.835864305496215820e+00,2.958134889602661133e+00,3.076483488082885742e+00,3.402597904205322266e+00,3.647973537445068359e+00,3.901010990142822266e+00,3.687072515487670898e+00,4.044867515563964844e+00,4.026370048522949219e+00,4.021846294403076172e+00,4.388965606689453125e+00,4.360748767852783203e+00,4.659032344818115234e+00,4.916260242462158203e+00,4.937940597534179688e+00,5.294938087463378906e+00,5.363449573516845703e+00,5.236646652221679688e+00,5.575648784637451172e+00,5.091732501983642578e+00,5.227087020874023438e+00,4.882211685180664062e+00,5.064077377319335938e+00,4.931336402893066406e+00,4.694939136505126953e+00,4.926059722900390625e+00,4.741737842559814453e+00,4.852337360382080078e+00,5.090449810028076172e+00,4.905515193939208984e+00,5.267690658569335938e+00,5.206958293914794922e+00,4.934392929077148438e+00,5.197560310363769531e+00,4.153390884399414062e+00,4.162651538848876953e+00,3.821266889572143555e+00,3.783339023590087891e+00,3.598083496093750000e+00,3.253242015838623047e+00,3.271065473556518555e+00,3.037470817565917969e+00,2.932406187057495117e+00,3.089599370956420898e+00,2.798556089401245117e+00,3.063485860824584961e+00,2.893729448318481445e+00,2.588376283645629883e+00,2.798135995864868164e+00
4.242014408111572266e+00,4.079290390014648438e+00,3.713110446929931641e+00,3.540871143341064453e+00,3.240564823150634766e+00,2.899747848510742188e+00,2.748065471649169922e+00,2.450563192367553711e+00,2.224836587905883789e+00,2.241495609283447266e+00,1.923963546752929688e+00,2.086378335952758789e+00,1.829051256179809570e+00,1.510037422180175781e+00,1.556731581687927246e+00,3.741159439086914062e-01,0.000000000000000000e+00,3.711687624454498291e-01,4.871226549148559570e-01,8.038709759712219238e-01,1.051045894622802734e+00,1.305103302001953125e+00,1.588415026664733887e+00,1.871851444244384766e+00,2.096943140029907227e+00,2.387608766555786133e+00,2.563237905502319336e+00,2.710887193679809570e+00,2.855603694915771484e+00,3.163607835769653320e+00,3.548135280609130859e+00,3.797679185867309570e+00,3.605190515518188477e+00,3.967046499252319336e+00,3.948002815246582031e+00,3.978874921798706055e+00,4.345952987670898438e+00,4.323394298553466797e+00,4.640994071960449219e+00,4.883391380310058594e+00,4.921726703643798828e+00,5.271036148071289062e+00,5.363674163818359375e+00,5.252728939056396484e+00,5.587635517120361328e+00,5.194934844970703125e+00,5.334185123443603516e+00,4.987914562225341797e+00,5.183007717132568359e+00,5.037580966949462891e+00,4.821734905242919922e+00,5.058019638061523438e+00,4.863207817077636719e+00,4.994193077087402344e+00,5.218994617462158203e+00,5.033375740051269531e+00,5.398234367370605469e+00,5.361554145812988281e+00,5.089448451995849609e+00,5.347535133361816406e+00,4.354251861572265625e+00,4.347500801086425781e+00,4.000263690948486328e+00,3.970251083374023438e+00,3.757806777954101562e+00,3.429094791412353516e+00,3.442710638046264648e+00,3.179573297500610352e+00,3.089635372161865234e+00,3.214876413345336914e+00,2.903861045837402344e+00,3.166918039321899414e+00,3.025705099105834961e+00,2.704675436019897461e+00,2.885433912277221680e+00
3.954217195510864258e+00,3.803366899490356445e+00,3.430078506469726562e+00,3.283858299255371094e+00,2.983953714370727539e+00,2.643403291702270508e+00,2.528362751007080078e+00,2.224733591079711914e+00,2.042516469955444336e+00,2.096685647964477539e+00,1.785616636276245117e+00,2.007276296615600586e+00,1.789750337600708008e+00,1.452346324920654297e+00,1.565469622611999512e+00,4.923081994056701660e-01,3.711687624454498291e-01,0.000000000000000000e+00,3.860927522182464600e-01,6.032363772392272949e-01,7.833016514778137207e-01,1.106341481208801270e+00,1.342417120933532715e+00,1.647915720939636230e+00,1.899778485298156738e+00,2.154589891433715820e+00,2.371331214904785156e+00,2.507477283477783203e+00,2.613847494125366211e+00,2.936513423919677734e+00,3.239671468734741211e+00,3.478470563888549805e+00,3.270619869232177734e+00,3.627408027648925781e+00,3.599937915802001953e+00,3.620228528976440430e+00,3.985969543457031250e+00,3.959401607513427734e+00,4.273825645446777344e+00,4.518543243408203125e+00,4.555080413818359375e+00,4.905399799346923828e+00,4.994412899017333984e+00,4.883417129516601562e+00,5.219655990600585938e+00,4.834888935089111328e+00,4.979698657989501953e+00,4.635576725006103516e+00,4.839269161224365234e+00,4.699172973632812500e+00,4.492108821868896484e+00,4.739041805267333984e+00,4.553150653839111328e+00,4.698148727416992188e+00,4.929584980010986328e+00,4.759344577789306641e+00,5.128585338592529297e+00,5.100487709045410156e+00,4.841314792633056641e+00,5.111197471618652344e+00,4.175628662109375000e+00,4.189306259155273438e+00,3.835288286209106445e+00,3.838314294815063477e+00,3.634672641754150391e+00,3.313829898834228516e+00,3.367649793624877930e+00,3.112015008926391602e+00,3.061905860900878906e+00,3.213307142257690430e+00,2.923916578292846680e+00,3.217504978179931641e+00,3.099666118621826172e+00,2.797877073287963867e+00,3.010912656784057617e+00
4.233464241027832031e+00,4.104725360870361328e+00,3.726084470748901367e+00,3.601242780685424805e+00,3.311716556549072266e+00,2.966149091720581055e+00,2.875649690628051758e+00,2.578490734100341797e+00,2.409862518310546875e+00,2.478457927703857422e+00,2.169491767883300781e+00,2.392448902130126953e+00,2.170789003372192383e+00,1.835235357284545898e+00,1.930999040603637695e+00,7.605196237564086914e-01,4.871226549148559570e-01,3.860927522182464600e-01,0.000000000000000000e+00,3.877705633640289307e-01,5.942736268043518066e-01,8.197128176689147949e-01,1.120997190475463867e+00,1.387114644050598145e+00,1.622904062271118164e+00,1.915690064430236816e+00,2.091750383377075195e+00,2.226594686508178711e+00,2.373390436172485352e+00,2.682756185531616211e+00,3.101833581924438477e+00,3.354383230209350586e+00,3.181639909744262695e+00,3.548614501953125000e+00,3.544667482376098633e+00,3.602474927902221680e+00,3.972622632980346680e+00,3.972495794296264648e+00,4.302436351776123047e+00,4.543062686920166016e+00,4.609262943267822266e+00,4.948088169097900391e+00,5.052523612976074219e+00,4.967815876007080078e+00,5.305057525634765625e+00,5.007541179656982422e+00,5.169154644012451172e+00,4.830974102020263672e+00,5.054878711700439453e+00,4.918218135833740234e+00,4.732625484466552734e+00,4.992622375488281250e+00,4.810981273651123047e+00,4.976376056671142578e+00,5.205095291137695312e+00,5.044545173645019531e+00,5.416268348693847656e+00,5.404858589172363281e+00,5.152903556823730469e+00,5.424354553222656250e+00,4.530839920043945312e+00,4.541776657104492188e+00,4.185284137725830078e+00,4.195680618286132812e+00,3.981092929840087891e+00,3.669168710708618164e+00,3.721040010452270508e+00,3.452097654342651367e+00,3.406095266342163086e+00,3.538040637969970703e+00,3.235761165618896484e+00,3.521143198013305664e+00,3.412249565124511719e+00,3.098379850387573242e+00,3.285762786865234375e+00
4.217317581176757812e+00,4.093227386474609375e+00,3.710342407226562500e+00,3.618537425994873047e+00,3.318172931671142578e+00,2.991081237792968750e+00,2.934003114700317383e+00,2.618530511856079102e+00,2.501333951950073242e+00,2.569914102554321289e+00,2.252621173858642578e+00,2.503572463989257812e+00,2.332349300384521484e+00,1.980116844177246094e+00,2.076876401901245117e+00,1.072812080383300781e+00,8.038709759712219238e-01,6.032363772392272949e-01,3.877705633640289307e-01,0.000000000000000000e+00,3.870505392551422119e-01,5.841913223266601562e-01,8.010783195495605469e-01,1.120836615562438965e+00,1.322534680366516113e+00,1.594989657402038574e+00,1.789123296737670898e+00,1.957073688507080078e+00,2.083306789398193359e+00,2.384545803070068359e+00,2.873647212982177734e+00,3.099975347518920898e+00,2.927183151245117188e+00,3.285249710083007812e+00,3.259595394134521484e+00,3.337362527847290039e+00,3.699418306350708008e+00,3.688875436782836914e+00,4.030565261840820312e+00,4.252897262573242188e+00,4.322906970977783203e+00,4.655864238739013672e+00,4.779972076416015625e+00,4.702011108398437500e+00,5.031568527221679688e+00,4.810651779174804688e+00,4.970077037811279297e+00,4.632302761077880859e+00,4.865065097808837891e+00,4.716456890106201172e+00,4.553019046783447266e+00,4.816564083099365234e+00,4.628772258758544922e+00,4.815427303314208984e+00,5.032004356384277344e+00,4.878364562988281250e+00,5.250953674316406250e+00,5.264731407165527344e+00,5.021253585815429688e+00,5.291464805603027344e+00,4.482140541076660156e+00,4.490712642669677734e+00,4.129845619201660156e+00,4.166443347930908203e+00,3.938118219375610352e+00,3.649186372756958008e+00,3.722615242004394531e+00,3.440627574920654297e+00,3.433922767639160156e+00,3.558403491973876953e+00,3.263152599334716797e+00,3.564782857894897461e+00,3.495529174804687500e+00,3.190897941589355469e+00,3.380997657775878906e+00
4.034250736236572266e+00,3.942868471145629883e+00,3.556948661804199219e+00,3.493201017379760742e+00,3.219071149826049805e+00,2.883261442184448242e+00,2.870110273361206055e+00,2.580553054809570312e+00,2.493638038635253906e+00,2.617828607559204102e+00,2.334042072296142578e+00,2.621835470199584961e+00,2.456940412521362305e+00,2.117676973342895508e+00,2.272299766540527344e+00,1.243391633033752441e+00,1.051045894622802734e+00,7.833016514778137207e-01,5.942736268043518066e-01,3.870505392551422119e-01,0.000000000000000000e+00,3.875700831413269043e-01,5.939924120903015137e-01,8.730684518814086914e-01,1.160809040069580078e+00,1.399024128913879395e+00,1.631401419639587402e+00,1.737721681594848633e+00,1.834705829620361328e+00,2.163820981979370117e+00,2.523099184036254883e+00,2.765253067016601562e+00,2.593308687210083008e+00,2.959570884704589844e+00,2.958992958068847656e+00,3.031128168106079102e+00,3.401602745056152344e+00,3.416399240493774414e+00,3.753340959548950195e+00,3.993177652359008789e+00,4.080726623535156250e+00,4.410486221313476562e+00,4.521550178527832031e+00,4.458629131317138672e+00,4.797218799591064453e+00,4.587801456451416016e+00,4.770441055297851562e+00,4.443560600280761719e+00,4.695762634277343750e+00,4.571456909179687500e+00,4.419986248016357422e+00,4.704368591308593750e+00,4.542404174804687500e+00,4.744282722473144531e+00,4.978421688079833984e+00,4.851553440093994141e+00,5.227673530578613281e+00,5.242627143859863281e+00,5.019176959991455078e+00,5.306748867034912109e+00,4.543912410736083984e+00,4.582786083221435547e+00,4.220511436462402344e+00,4.284141540527343750e+00,4.078582286834716797e+00,3.790272235870361328e+00,3.896306037902832031e+00,3.634730577468872070e+00,3.646512031555175781e+00,3.799559354782104492e+00,3.523953199386596680e+00,3.840236425399780273e+00,3.768234968185424805e+00,3.476423740386962891e+00,3.688899040222167969e+00
