,A1,A2,A3,A4,A5,A6,A7,A8,A9,A10,A11,A12,A13,A14,A15,B1,B2,B3,B4,B5,B6,B7,B8,B9,B10,B11,B12,B13,B14,B15,C1,C2,C3,C4,C5,C6,C7,C8,C9,C10,C11,C12,C13,C14,C15,D1,D2,D3,D4,D5,D6,D7,D8,D9,D10,D11,D12,D13,D14,D15,E1,E2,E3,E4,E5,E6,E7,E8,E9,E10,E11,E12,E13,E14,E15
A1,0.0,0.38638952374458313,0.6218343377113342,0.9347889423370361,1.2867200374603271,1.4604824781417847,1.7768607139587402,2.114710807800293,2.371866464614868,2.7193610668182373,2.949608087539673,3.246509552001953,3.2078335285186768,2.949856758117676,3.034475326538086,2.264531373977661,2.4448649883270264,2.7547898292541504,2.7564570903778076,3.116764545440674,3.037179946899414,3.1900081634521484,3.5434036254882812,3.5945088863372803,3.954686164855957,4.16306734085083,4.458621978759766,4.486663341522217,4.312274932861328,4.551782131195068,3.6661789417266846,3.805208921432495,4.041496276855469,3.9000244140625,4.202920436859131,4.185384750366211,4.236728668212891,4.604054927825928,4.609704971313477,4.902007579803467,5.22588586807251,5.442288875579834,5.532555103302002,5.460795879364014,5.773346424102783,5.051131248474121,5.157176494598389,5.057886123657227,4.766875267028809,4.942151069641113,5.016546726226807,4.879108905792236,5.177716255187988,5.267910957336426,5.375612735748291,5.749058246612549,5.850813865661621,6.006761074066162,6.10227632522583,6.455815315246582,6.134266376495361,6.259459495544434,5.971297740936279,5.983048915863037,5.873600482940674,5.508401393890381,5.5176873207092285,5.362977504730225,5.205688953399658,5.412608623504639,5.224794864654541,5.469101905822754,5.195929050445557,4.953529357910156,5.027453422546387
A2,0.38638952374458313,0.0,0.39223021268844604,0.6243441700935364,0.9826527237892151,1.230247974395752,1.5272079706192017,1.8626106977462769,2.1467347145080566,2.469291925430298,2.719452142715454,3.011204719543457,3.0077450275421143,2.7809226512908936,2.9043397903442383,2.338496208190918,2.4913077354431152,2.7743074893951416,2.730358362197876,3.065375566482544,2.9570930004119873,3.067864179611206,3.4209389686584473,3.4403390884399414,3.7858784198760986,4.01606559753418,4.291263580322266,4.3397111892700195,4.1942219734191895,4.456677436828613,3.698112964630127,3.8449625968933105,4.052846908569336,3.888878107070923,4.167457103729248,4.123072624206543,4.1446757316589355,4.502015590667725,4.478878498077393,4.75391960144043,5.087765216827393,5.282113075256348,5.38328742980957,5.336704254150391,5.66214656829834,5.055136680603027,5.181705951690674,5.0785956382751465,4.782116413116455,4.947283744812012,4.992230415344238,4.837243556976318,5.130831241607666,5.1937336921691895,5.287882328033447,5.668183326721191,5.746580123901367,5.898528099060059,6.015138149261475,6.366560935974121,6.1395978927612305,6.285825252532959,6.0087175369262695,6.042687892913818,5.950685501098633,5.592895030975342,5.627375602722168,5.487700939178467,5.3524580001831055,5.57938814163208,5.4047160148620605,5.666254043579102,5.407677173614502,5.16951847076416,5.266320705413818
A3,0.6218343377113342,0.39223021268844604,0.0,0.39055871963500977,0.6767940521240234,0.8746033906936646,1.211781620979309,1.5255932807922363,1.8192088603973389,2.1541712284088135,2.3774869441986084,2.687582015991211,2.687647819519043,2.4496002197265625,2.585315227508545,2.0209779739379883,2.150716781616211,2.4196126461029053,2.3562092781066895,2.683178186416626,2.572948455810547,2.6777327060699463,3.033639907836914,3.059765577316284,3.40596342086792,3.6390016078948975,3.9188876152038574,3.9749693870544434,3.8287103176116943,4.096303462982178,3.3478915691375732,3.4934334754943848,3.6878533363342285,3.5166001319885254,3.7880916595458984,3.736668586730957,3.7548940181732178,4.11081075668335,4.08681058883667,4.363338947296143,4.696103096008301,4.892691135406494,4.993449687957764,4.945658206939697,5.271698951721191,4.685544490814209,4.820483207702637,4.718856334686279,4.423811912536621,4.591031551361084,4.625518798828125,4.472304344177246,4.770430564880371,4.826234817504883,4.927561283111572,5.310142993927002,5.389074802398682,5.531351566314697,5.646084785461426,5.994597434997559,5.779019832611084,5.93154239654541,5.662079334259033,5.703567981719971,5.62455415725708,5.270477294921875,5.318031311035156,5.193451881408691,5.071182727813721,5.31505012512207,5.157259941101074,5.430405616760254,5.182758808135986,4.955967903137207,5.076840400695801
A4,0.9347889423370361,0.6243441700935364,0.39055871963500977,0.0,0.39629945158958435,0.6590842008590698,0.9158003926277161,1.251451015472412,1.5427292585372925,1.8511559963226318,2.110982894897461,2.3971686363220215,2.414799928665161,2.2125699520111084,2.3728702068328857,2.120784282684326,2.248760938644409,2.470102310180664,2.38337779045105,2.6709482669830322,2.510746479034424,2.580660581588745,2.917848825454712,2.896300792694092,3.228954792022705,3.468535900115967,3.7233245372772217,3.7815144062042236,3.6628975868225098,3.9444806575775146,3.375393867492676,3.54843807220459,3.723893880844116,3.5501439571380615,3.8013319969177246,3.7116599082946777,3.7133278846740723,4.051198482513428,3.991473436355591,4.257755279541016,4.589766502380371,4.763453960418701,4.858231544494629,4.831902503967285,5.164563179016113,4.712508201599121,4.875990867614746,4.78799295425415,4.501576900482178,4.674044132232666,4.679509162902832,4.524420261383057,4.82590389251709,4.85258674621582,4.954382419586182,5.343271255493164,5.403380870819092,5.527525424957275,5.656009674072266,5.996294975280762,5.847042083740234,6.013581275939941,5.762164115905762,5.816010475158691,5.761739730834961,5.413933277130127,5.4780192375183105,5.377343654632568,5.267691612243652,5.530207633972168,5.393061637878418,5.673305511474609,5.431727886199951,5.2199273109436035,5.357440948486328
A5,1.2867200374603271,0.9826527237892151,0.6767940521240234,0.39629945158958435,0.0,0.3994865417480469,0.651882529258728,0.9210882186889648,1.2622289657592773,1.5504047870635986,1.7894538640975952,2.0944974422454834,2.1533846855163574,1.969957947731018,2.1763689517974854,2.0535600185394287,2.1286752223968506,2.3127474784851074,2.174193859100342,2.4269959926605225,2.25412654876709,2.2793285846710205,2.6169450283050537,2.581894874572754,2.899219274520874,3.16042160987854,3.4041972160339355,3.489743947982788,3.392179489135742,3.6936120986938477,3.207124948501587,3.3729984760284424,3.5131757259368896,3.3167858123779297,3.540191411972046,3.4317922592163086,3.4063658714294434,3.7344086170196533,3.6571104526519775,3.908715009689331,4.247493267059326,4.408130645751953,4.514551162719727,4.504583835601807,4.845907211303711,4.4782233238220215,4.655562400817871,4.562100410461426,4.273229598999023,4.434422016143799,4.414045333862305,4.247235298156738,4.543467998504639,4.548237323760986,4.642879009246826,5.034545421600342,5.079639434814453,5.19663667678833,5.337253570556641,5.673667907714844,5.596474647521973,5.780238151550293,5.54065465927124,5.614757537841797,5.5776848793029785,5.240604400634766,5.329473495483398,5.245848655700684,5.160942554473877,5.442543029785156,5.3227739334106445,5.619235992431641,5.397469997406006,5.194437503814697,5.358781337738037
A6,1.4604824781417847,1.230247974395752,0.8746033906936646,0.6590842008590698,0.3994865417480469,0.0,0.3983856439590454,0.6621529459953308,0.9610658884048462,1.3001885414123535,1.5034642219543457,1.8226462602615356,1.8415783643722534,1.6208137273788452,1.811018466949463,1.727266550064087,1.8083701133728027,1.9618053436279297,1.836132287979126,2.078747034072876,1.8868117332458496,1.9353128671646118,2.2645468711853027,2.2375662326812744,2.5718307495117188,2.812166452407837,3.071352481842041,3.1373298168182373,3.0212900638580322,3.3131039142608643,2.8346145153045654,3.0189290046691895,3.1644515991210938,2.9862823486328125,3.21785044670105,3.0992531776428223,3.0968713760375977,3.4231667518615723,3.3508358001708984,3.622331380844116,3.9466800689697266,4.120940208435059,4.20540189743042,4.178254127502441,4.51066255569458,4.134481430053711,4.322802543640137,4.2488179206848145,3.9755399227142334,4.158652305603027,4.138442039489746,3.99503231048584,4.30771541595459,4.314529895782471,4.436455249786377,4.828153610229492,4.8882341384887695,4.983875751495361,5.106874465942383,5.43637228012085,5.306673526763916,5.483454704284668,5.253683567047119,5.318977355957031,5.296342849731445,4.958710193634033,5.045446395874023,4.981019496917725,4.894284725189209,5.186625003814697,5.087223529815674,5.381506443023682,5.159512519836426,4.976753234863281,5.153596878051758
A7,1.7768607139587402,1.5272079706192017,1.211781620979309,0.9158003926277161,0.651882529258728,0.3983856439590454,0.0,0.3858645558357239,0.6286225914955139,0.9453166127204895,1.203939437866211,1.4841980934143066,1.5099786520004272,1.3343580961227417,1.5516740083694458,1.8945276737213135,1.9809271097183228,2.0681679248809814,1.937100887298584,2.117602825164795,1.8645696640014648,1.8763784170150757,2.1612462997436523,2.0698070526123047,2.385882616043091,2.620332956314087,2.8484952449798584,2.9052603244781494,2.8188328742980957,3.1196470260620117,2.8692572116851807,3.0874149799346924,3.215115785598755,3.0487327575683594,3.2575299739837646,3.095543622970581,3.0847835540771484,3.3826181888580322,3.270928144454956,3.534165620803833,3.847301483154297,3.997584342956543,4.064332485198975,4.055961608886719,4.389072895050049,4.16087007522583,4.379724502563477,4.328861236572266,4.074651718139648,4.2687554359436035,4.221376419067383,4.087080955505371,4.404119968414307,4.382683277130127,4.512564659118652,4.905882358551025,4.95121955871582,5.020378112792969,5.15035343170166,5.466063976287842,5.383553504943848,5.568881511688232,5.361669063568115,5.433433532714844,5.43826150894165,5.10878324508667,5.206607818603516,5.169497013092041,5.091333866119385,5.398501396179199,5.322431564331055,5.617274284362793,5.399209499359131,5.2359724044799805,5.424858093261719
A8,2.114710807800293,1.8626106977462769,1.5255932807922363,1.251451015472412,0.9210882186889648,0.6621529459953308,0.3858645558357239,0.0,0.40054434537887573,0.6647090911865234,0.8684374690055847,1.185760259628296,1.2718474864959717,1.129521131515503,1.4121559858322144,1.9291530847549438,1.9546632766723633,1.9852776527404785,1.8016471862792969,1.9204788208007812,1.6478588581085205,1.5955475568771362,1.8666664361953735,1.7496579885482788,2.044813394546509,2.303396701812744,2.5173232555389404,2.605756998062134,2.5457656383514404,2.868891716003418,2.7357566356658936,2.9450650215148926,3.030154228210449,2.8448309898376465,3.0177981853485107,2.8306143283843994,2.791231393814087,3.071739912033081,2.93701171875,3.1850054264068604,3.501626968383789,3.6373767852783203,3.712402582168579,3.7212045192718506,4.062291622161865,3.936622142791748,4.171502113342285,4.119097709655762,3.868304967880249,4.05212926864624,3.9762027263641357,3.835146903991699,4.1464972496032715,4.1005048751831055,4.227050304412842,4.620494842529297,4.6515793800354,4.707559108734131,4.847043037414551,5.155384540557861,5.14275598526001,5.3441901206970215,5.152649879455566,5.243733882904053,5.268682956695557,4.9529900550842285,5.07490348815918,5.058002948760986,5.004941463470459,5.329058647155762,5.2728495597839355,5.580158710479736,5.382917881011963,5.231551170349121,5.444653511047363
A9,2.371866464614868,2.1467347145080566,1.8192088603973389,1.5427292585372925,1.2622289657592773,0.9610658884048462,0.6286225914955139,0.40054434537887573,0.0,0.3916527330875397,0.6092898845672607,0.8757215738296509,0.8928583264350891,0.7505459189414978,1.0380407571792603,1.931931972503662,1.981740951538086,1.9505988359451294,1.8028706312179565,1.8693604469299316,1.5447427034378052,1.5023289918899536,1.7077486515045166,1.5430443286895752,1.8375489711761475,2.054596185684204,2.2571370601654053,2.304579496383667,2.245882511138916,2.558932065963745,2.6033031940460205,2.852971315383911,2.940112352371216,2.791748285293579,2.961045742034912,2.742414951324463,2.7282345294952393,2.9826807975769043,2.8300395011901855,3.090750217437744,3.378328561782837,3.5104711055755615,3.546238422393799,3.5484204292297363,3.8761181831359863,3.827678680419922,4.0866780281066895,4.069400310516357,3.8486788272857666,4.059196949005127,3.975006341934204,3.86500883102417,4.189809799194336,4.134781360626221,4.288844108581543,4.677860736846924,4.715594291687012,4.739187717437744,4.863980770111084,5.156100749969482,5.108963966369629,5.303179740905762,5.132063865661621,5.21280574798584,5.261337757110596,4.949410915374756,5.067410469055176,5.077387809753418,5.020401477813721,5.353127479553223,5.321401596069336,5.619804382324219,5.419489860534668,5.293320655822754,5.512404441833496
A10,2.7193610668182373,2.469291925430298,2.1541712284088135,1.8511559963226318,1.5504047870635986,1.3001885414123535,0.9453166127204895,0.6647090911865234,0.3916527330875397,0.0,0.3862135410308838,0.5535895824432373,0.6990046501159668,0.7370568513870239,1.0806841850280762,2.2663919925689697,2.288654088973999,2.214373826980591,2.0397112369537354,2.038343906402588,1.694055199623108,1.5765888690948486,1.718056321144104,1.4762356281280518,1.7056037187576294,1.9350776672363281,2.0776801109313965,2.1480202674865723,2.1522560119628906,2.485201835632324,2.782748222351074,3.034168004989624,3.0808756351470947,2.9260809421539307,3.0505518913269043,2.7953836917877197,2.747499465942383,2.9613466262817383,2.762028932571411,2.990233898162842,3.270695924758911,3.3635482788085938,3.39778208732605,3.4360077381134033,3.768810510635376,3.907505989074707,4.189321994781494,4.179625988006592,3.9708621501922607,4.1712164878845215,4.052814483642578,3.9375948905944824,4.251102924346924,4.1612396240234375,4.306403160095215,4.692198753356934,4.704342365264893,4.708182334899902,4.849704265594482,5.12696647644043,5.177724838256836,5.38856315612793,5.239916801452637,5.339035987854004,5.411587238311768,5.115535259246826,5.254113674163818,5.285272598266602,5.248426914215088,5.593480587005615,5.579224109649658,5.884135723114014,5.698183536529541,5.582822322845459,5.816318511962891
A11,2.949608087539673,2.719452142715454,2.3774869441986084,2.110982894897461,1.7894538640975952,1.5034642219543457,1.203939437866211,0.8684374690055847,0.6092898845672607,0.3862135410308838,0.0,0.3909941017627716,0.5827258825302124,0.6263595223426819,0.9959015250205994,2.198901414871216,2.1728744506835938,2.0457897186279297,1.846337914466858,1.7800369262695312,1.4299455881118774,1.2639758586883545,1.3656870126724243,1.1021757125854492,1.3209775686264038,1.563873291015625,1.7137784957885742,1.809288740158081,1.820096731185913,2.1694412231445312,2.5343406200408936,2.77427339553833,2.7865066528320312,2.627445697784424,2.7240798473358154,2.450894594192505,2.393643379211426,2.591001510620117,2.382646322250366,2.6118180751800537,2.886652946472168,2.9829492568969727,3.014061450958252,3.0503358840942383,3.3848235607147217,3.57143497467041,3.863513946533203,3.858182668685913,3.6598927974700928,3.8585710525512695,3.7239620685577393,3.616703510284424,3.929805040359497,3.8288345336914062,3.9843921661376953,4.3656744956970215,4.379483699798584,4.366744041442871,4.502015590667725,4.77125358581543,4.834865570068359,5.051407814025879,4.9161458015441895,5.023902416229248,5.112747669219971,4.8284783363342285,4.9813127517700195,5.031198501586914,5.011868953704834,5.3678812980651855,5.37312126159668,5.683295249938965,5.514549255371094,5.413965702056885,5.665925979614258
A12,3.246509552001953,3.011204719543457,2.687582015991211,2.3971686363220215,2.0944974422454834,1.8226462602615356,1.4841980934143066,1.185760259628296,0.8757215738296509,0.5535895824432373,0.3909941017627716,0.0,0.38886427879333496,0.6645479202270508,0.9881350994110107,2.4961931705474854,2.4896202087402344,2.3334193229675293,2.159987211227417,2.0560061931610107,1.6908591985702515,1.5210591554641724,1.5327866077423096,1.2035621404647827,1.345085859298706,1.537011981010437,1.6132831573486328,1.6777207851409912,1.7430716753005981,2.083380937576294,2.724717378616333,2.9887428283691406,2.990682601928711,2.8590171337127686,2.9337990283966064,2.6317920684814453,2.577075719833374,2.72805118560791,2.484919309616089,2.694323778152466,2.9359703063964844,2.999032735824585,2.9973559379577637,3.0536794662475586,3.3748860359191895,3.722299337387085,4.0364532470703125,4.058152675628662,3.8865737915039062,4.094438076019287,3.9426448345184326,3.85223126411438,4.162808895111084,4.041239261627197,4.204162120819092,4.5769500732421875,4.579705238342285,4.53906774520874,4.674582004547119,4.9234161376953125,5.0162153244018555,5.233471393585205,5.121784210205078,5.229146957397461,5.340831279754639,5.0665812492370605,5.221873760223389,5.293673038482666,5.276808738708496,5.638152122497559,5.661139011383057,5.965271472930908,5.797283172607422,5.71329402923584,5.9683027267456055
A13,3.2078335285186768,3.0077450275421143,2.687647819519043,2.414799928665161,2.1533846855163574,1.8415783643722534,1.5099786520004272,1.2718474864959717,0.8928583264350891,0.6990046501159668,0.5827258825302124,0.38886427879333496,0.0,0.3788161277770996,0.6272333264350891,2.3245842456817627,2.3594119548797607,2.1886961460113525,2.076157331466675,1.9818474054336548,1.601767897605896,1.5118143558502197,1.4992437362670898,1.1963874101638794,1.3881877660751343,1.4967137575149536,1.612603783607483,1.5859267711639404,1.5905163288116455,1.8929815292358398,2.532776117324829,2.8323349952697754,2.871323347091675,2.7856204509735107,2.8947594165802,2.5994911193847656,2.6021878719329834,2.760340690612793,2.546640396118164,2.7950782775878906,3.0081849098205566,3.1028549671173096,3.0592336654663086,3.0733377933502197,3.3704280853271484,3.6268811225891113,3.942258596420288,3.992203950881958,3.840747117996216,4.0806756019592285,3.9535810947418213,3.897015333175659,4.226761341094971,4.12964391708374,4.3229756355285645,4.692110538482666,4.723359107971191,4.67270040512085,4.779189109802246,5.0250067710876465,4.9960737228393555,5.1899094581604,5.0780439376831055,5.158092021942139,5.269745349884033,4.986274719238281,5.118129730224609,5.1953349113464355,5.156564235687256,5.512354850769043,5.54155158996582,5.829860687255859,5.646678447723389,5.576026439666748,5.821435928344727
A14,2.949856758117676,2.7809226512908936,2.4496002197265625,2.2125699520111084,1.969957947731018,1.6208137273788452,1.3343580961227417,1.129521131515503,0.7505459189414978,0.7370568513870239,0.6263595223426819,0.6645479202270508,0.3788161277770996,0.0,0.3703853487968445,1.9513201713562012,2.002741813659668,1.843671202659607,1.7595471143722534,1.7049177885055542,1.3264135122299194,1.3099417686462402,1.3510512113571167,1.1285712718963623,1.4093308448791504,1.5099050998687744,1.708940863609314,1.6635421514511108,1.5825120210647583,1.8670103549957275,2.24004864692688,2.545379638671875,2.620378255844116,2.54433274269104,2.6958441734313965,2.430560827255249,2.470392942428589,2.6695587635040283,2.5037684440612793,2.789982318878174,3.0114448070526123,3.1507062911987305,3.109938144683838,3.0831823348999023,3.376319408416748,3.438074827194214,3.7349934577941895,3.7806613445281982,3.6205639839172363,3.873882293701172,3.7774970531463623,3.729863166809082,4.0729546546936035,4.008285045623779,4.2145161628723145,4.586697578430176,4.644400119781494,4.609529972076416,4.6975531578063965,4.957212924957275,4.828409194946289,5.006502628326416,4.874978542327881,4.937666893005371,5.030113220214844,4.7324066162109375,4.846762657165527,4.909194469451904,4.853888034820557,5.201711654663086,5.2202863693237305,5.503381252288818,5.309553146362305,5.233911037445068,5.470804691314697
A15,3.034475326538086,2.9043397903442383,2.585315227508545,2.3728702068328857,2.1763689517974854,1.811018466949463,1.5516740083694458,1.4121559858322144,1.0380407571792603,1.0806841850280762,0.9959015250205994,0.9881350994110107,0.6272333264350891,0.3703853487968445,0.0,1.890751838684082,1.9869951009750366,1.8091639280319214,1.8014522790908813,1.7506678104400635,1.383405327796936,1.4496041536331177,1.4488677978515625,1.269835352897644,1.553745150566101,1.5671619176864624,1.781853199005127,1.6540852785110474,1.5163109302520752,1.739302158355713,2.1158032417297363,2.4566946029663086,2.567534923553467,2.545828104019165,2.723705530166626,2.4684901237487793,2.5622732639312744,2.755215883255005,2.616147518157959,2.9262330532073975,3.113389015197754,3.273707389831543,3.193194627761841,3.1308562755584717,3.3945348262786865,3.3853297233581543,3.682375907897949,3.7596070766448975,3.625997543334961,3.9083142280578613,3.8337650299072266,3.8215584754943848,4.177438259124756,4.1324238777160645,4.365238189697266,4.728930473327637,4.810079574584961,4.7618489265441895,4.822774887084961,5.07436466217041,4.837345600128174,4.991665840148926,4.8648200035095215,4.900613784790039,4.996268272399902,4.69384765625,4.785031795501709,4.8566155433654785,4.781149864196777,5.122495651245117,5.151107311248779,5.416122913360596,5.209383010864258,5.1512322425842285,5.378978729248047
B1,2.264531373977661,2.338496208190918,2.0209779739379883,2.120784282684326,2.0535600185394287,1.727266550064087,1.8945276737213135,1.9291530847549438,1.931931972503662,2.2663919925689697,2.198901414871216,2.4961931705474854,2.3245842456817627,1.9513201713562012,1.890751838684082,0.0,0.3811209201812744,0.6116858124732971,0.8693275451660156,1.2159281969070435,1.2598161697387695,1.6055169105529785,1.8655805587768555,2.090656280517578,2.463089942932129,2.5327911376953125,2.908374071121216,2.868004560470581,2.5749120712280273,2.715679407119751,1.4201332330703735,1.578527808189392,1.8700964450836182,1.8382928371429443,2.204334259033203,2.2208242416381836,2.417848825454712,2.773061752319336,2.8784468173980713,3.2463791370391846,3.477640151977539,3.7797293663024902,3.785100221633911,3.603281259536743,3.845825433731079,2.8878352642059326,3.006967306137085,2.98392915725708,2.7673075199127197,3.042541980743408,3.1436901092529297,3.1339197158813477,3.495633602142334,3.6208412647247314,3.8561789989471436,4.204239845275879,4.390936851501465,4.453916072845459,4.447021007537842,4.761985778808594,4.149034023284912,4.234146595001221,3.9862828254699707,3.95694637298584,3.9121406078338623,3.547565221786499,3.556011438369751,3.501093626022339,3.353611469268799,3.6345982551574707,3.5676770210266113,3.8250458240509033,3.57893705368042,3.4518911838531494,3.6379339694976807
B2,2.4448649883270264,2.4913077354431152,2.150716781616211,2.248760938644409,2.1286752223968506,1.8083701133728027,1.9809271097183228,1.9546632766723633,1.981740951538086,2.288654088973999,2.1728744506835938,2.4896202087402344,2.3594119548797607,2.002741813659668,1.9869951009750366,0.3811209201812744,0.0,0.37845316529273987,0.5640159845352173,0.9376687407493591,1.0720628499984741,1.3972448110580444,1.6749451160430908,1.9448875188827515,2.2994883060455322,2.3909912109375,2.7713282108306885,2.7717976570129395,2.488591432571411,2.6460208892822266,1.274817943572998,1.3626176118850708,1.6090233325958252,1.525322437286377,1.883314609527588,1.92203688621521,2.1018693447113037,2.4699490070343018,2.595456123352051,2.9552135467529297,3.1968631744384766,3.5056750774383545,3.53511905670166,3.3549182415008545,3.6051321029663086,2.624159097671509,2.736095905303955,2.682769775390625,2.442883014678955,2.6993601322174072,2.7923974990844727,2.766728401184082,3.124842882156372,3.2505135536193848,3.4801156520843506,3.828742742538452,4.015385150909424,4.085631847381592,4.081674098968506,4.401900291442871,3.8284873962402344,3.93011474609375,3.6783032417297363,3.6720223426818848,3.6290767192840576,3.270571708679199,3.3081369400024414,3.255930185317993,3.1404409408569336,3.439958333969116,3.3801321983337402,3.6629137992858887,3.4465510845184326,3.3160815238952637,3.5329391956329346
B3,2.7547898292541504,2.7743074893951416,2.4196126461029053,2.470102310180664,2.3127474784851074,1.9618053436279297,2.0681679248809814,1.9852776527404785,1.9505988359451294,2.214373826980591,2.0457897186279297,2.3334193229675293,2.1886961460113525,1.843671202659607,1.8091639280319214,0.6116858124732971,0.37845316529273987,0.0,0.38971471786499023,0.6467273235321045,0.7902801632881165,1.148000955581665,1.36978280544281,1.661205530166626,2.0034074783325195,2.061265707015991,2.446028232574463,2.433805465698242,2.139124631881714,2.284515380859375,0.9478416442871094,1.0812820196151733,1.3106955289840698,1.251469612121582,1.605453372001648,1.6093114614486694,1.8169865608215332,2.167625665664673,2.289660930633545,2.6620492935180664,2.8817038536071777,3.194894313812256,3.2009363174438477,3.0100715160369873,3.2521986961364746,2.3315999507904053,2.4797163009643555,2.457519054412842,2.2450435161590576,2.5267066955566406,2.5932960510253906,2.5942492485046387,2.9653501510620117,3.0703659057617188,3.3247790336608887,3.670653820037842,3.856990337371826,3.8942642211914062,3.8812878131866455,4.186392784118652,3.616365432739258,3.7239603996276855,3.49863862991333,3.4980342388153076,3.4927003383636475,3.1462371349334717,3.2023794651031494,3.1946139335632324,3.099379539489746,3.4234864711761475,3.4056527614593506,3.690504312515259,3.4923343658447266,3.3973724842071533,3.6392760276794434
B4,2.7564570903778076,2.730358362197876,2.3562092781066895,2.38337779045105,2.174193859100342,1.836132287979126,1.937100887298584,1.8016471862792969,1.8028706312179565,2.0397112369537354,1.846337914466858,2.159987211227417,2.076157331466675,1.7595471143722534,1.8014522790908813,0.8693275451660156,0.5640159845352173,0.38971471786499023,0.0,0.4045496881008148,0.5903668403625488,0.870393693447113,1.158535361289978,1.456366777420044,1.7887449264526367,1.90903902053833,2.2845711708068848,2.3336822986602783,2.0816144943237305,2.2803401947021484,1.1475613117218018,1.224827766418457,1.3453500270843506,1.1789029836654663,1.4771331548690796,1.452440619468689,1.5871738195419312,1.9554511308670044,2.0530455112457275,2.4067275524139404,2.6631455421447754,2.9600625038146973,3.005220413208008,2.8481874465942383,3.1217496395111084,2.333641767501831,2.496351718902588,2.435511589050293,2.1888434886932373,2.4290688037872314,2.452047348022461,2.4039340019226074,2.765594720840454,2.8401906490325928,3.0686635971069336,3.430136203765869,3.5899035930633545,3.6381030082702637,3.656412124633789,3.9711556434631348,3.5475986003875732,3.692006826400757,3.4700675010681152,3.512417793273926,3.5160162448883057,3.184229850769043,3.2833094596862793,3.2767550945281982,3.222074031829834,3.559664011001587,3.540050983428955,3.8495025634765625,3.6791417598724365,3.5697426795959473,3.8292713165283203
B5,3.116764545440674,3.065375566482544,2.683178186416626,2.6709482669830322,2.4269959926605225,2.078747034072876,2.117602825164795,1.9204788208007812,1.8693604469299316,2.038343906402588,1.7800369262695312,2.0560061931610107,1.9818474054336548,1.7049177885055542,1.7506678104400635,1.2159281969070435,0.9376687407493591,0.6467273235321045,0.4045496881008148,0.0,0.3814374506473541,0.6115829348564148,0.8181331753730774,1.1639422178268433,1.4602580070495605,1.5604218244552612,1.9365097284317017,1.9997403621673584,1.7542060613632202,1.9568239450454712,1.016884207725525,1.096728801727295,1.1197826862335205,0.9359044432640076,1.1789698600769043,1.0888346433639526,1.2271344661712646,1.5791469812393188,1.6668988466262817,2.031048536300659,2.2730178833007812,2.572693109512329,2.605264902114868,2.4454901218414307,2.720890998840332,2.0565226078033447,2.262604236602783,2.2224366664886475,2.0005507469177246,2.248228073120117,2.2244043350219727,2.192509651184082,2.5603256225585938,2.600637912750244,2.848675012588501,3.207413911819458,3.3590595722198486,3.37216854095459,3.3882017135620117,3.6870908737182617,3.314954996109009,3.4767134189605713,3.2867531776428223,3.348992109298706,3.394794464111328,3.085590124130249,3.215869188308716,3.2543563842773438,3.2329514026641846,3.592860460281372,3.6132705211639404,3.9277029037475586,3.7845458984375,3.705500841140747,3.9902007579803467
B6,3.037179946899414,2.9570930004119873,2.572948455810547,2.510746479034424,2.25412654876709,1.8868117332458496,1.8645696640014648,1.6478588581085205,1.5447427034378052,1.694055199623108,1.4299455881118774,1.6908591985702515,1.601767897605896,1.3264135122299194,1.383405327796936,1.2598161697387695,1.0720628499984741,0.7902801632881165,0.5903668403625488,0.3814374506473541,0.0,0.3867015242576599,0.6114181280136108,0.8803781867027283,1.2276854515075684,1.339106559753418,1.7122832536697388,1.7589582204818726,1.529094934463501,1.7689590454101562,1.185956597328186,1.364023208618164,1.3998684883117676,1.258025050163269,1.4594995975494385,1.2867273092269897,1.3924607038497925,1.7035659551620483,1.709512710571289,2.0694541931152344,2.3133368492126465,2.578644275665283,2.5910778045654297,2.4618356227874756,2.7506942749023438,2.3035099506378174,2.5460023880004883,2.5358262062072754,2.3365120887756348,2.5871763229370117,2.5346288681030273,2.498969554901123,2.861229181289673,2.8654584884643555,3.1046676635742188,3.4696037769317627,3.594180107116699,3.590045690536499,3.6265757083892822,3.9146385192871094,3.6162309646606445,3.7849936485290527,3.615169048309326,3.6795995235443115,3.7434585094451904,3.4397637844085693,3.5682554244995117,3.618206262588501,3.5896897315979004,3.948519468307495,3.972109079360962,4.278439998626709,4.123017311096191,4.047500133514404,4.321767330169678
B7,3.1900081634521484,3.067864179611206,2.6777327060699463,2.580660581588745,2.2793285846710205,1.9353128671646118,1.8763784170150757,1.5955475568771362,1.5023289918899536,1.5765888690948486,1.2639758586883545,1.5210591554641724,1.5118143558502197,1.3099417686462402,1.4496041536331177,1.6055169105529785,1.3972448110580444,1.148000955581665,0.870393693447113,0.6115829348564148,0.3867015242576599,0.0,0.39482036232948303,0.6289463639259338,0.9448211193084717,1.1454542875289917,1.4891117811203003,1.6151933670043945,1.4590131044387817,1.7555391788482666,1.4841983318328857,1.6216492652893066,1.571147084236145,1.3709577322006226,1.474943995475769,1.2441591024398804,1.2446938753128052,1.5316134691238403,1.471170425415039,1.80077064037323,2.0773377418518066,2.3094167709350586,2.354687452316284,2.273805856704712,2.594411611557007,2.3733835220336914,2.6358401775360107,2.60613751411438,2.3983147144317627,2.609010934829712,2.502030611038208,2.429046154022217,2.7716097831726074,2.7272562980651855,2.9409372806549072,3.3138365745544434,3.4019739627838135,3.3915622234344482,3.46146559715271,3.746530294418335,3.613752841949463,3.8159682750701904,3.6637887954711914,3.7662441730499268,3.8491291999816895,3.5674426555633545,3.73178768157959,3.7932190895080566,3.7990639209747314,4.167972087860107,4.1986083984375,4.5195746421813965,4.387604236602783,4.309093475341797,4.597426414489746
B8,3.5434036254882812,3.4209389686584473,3.033639907836914,2.917848825454712,2.6169450283050537,2.2645468711853027,2.1612462997436523,1.8666664361953735,1.7077486515045166,1.718056321144104,1.3656870126724243,1.5327866077423096,1.4992437362670898,1.3510512113571167,1.4488677978515625,1.8655805587768555,1.6749451160430908,1.36978280544281,1.158535361289978,0.8181331753730774,0.6114181280136108,0.39482036232948303,0.0,0.3893863558769226,0.6454890966415405,0.774336576461792,1.1353551149368286,1.2512471675872803,1.0947636365890503,1.3944259881973267,1.455043077468872,1.6147984266281128,1.515765905380249,1.3667283058166504,1.408890962600708,1.106308102607727,1.1234116554260254,1.3332172632217407,1.2323328256607056,1.5759246349334717,1.8068159818649292,2.0357916355133057,2.034536600112915,1.9450407028198242,2.256892204284668,2.210658311843872,2.5128660202026367,2.5258913040161133,2.3667194843292236,2.593628406524658,2.4571235179901123,2.4226393699645996,2.764112949371338,2.693268299102783,2.9322173595428467,3.288696527481079,3.3745205402374268,3.318598508834839,3.374392509460449,3.63163423538208,3.5060737133026123,3.709181785583496,3.5934793949127197,3.6972155570983887,3.8185269832611084,3.5571868419647217,3.7311208248138428,3.8326423168182373,3.851644277572632,4.230904579162598,4.296212196350098,4.609418869018555,4.490077495574951,4.442597389221191,4.7430033683776855
B9,3.5945088863372803,3.4403390884399414,3.059765577316284,2.896300792694092,2.581894874572754,2.2375662326812744,2.0698070526123047,1.7496579885482788,1.5430443286895752,1.4762356281280518,1.1021757125854492,1.2035621404647827,1.1963874101638794,1.1285712718963623,1.269835352897644,2.090656280517578,1.9448875188827515,1.661205530166626,1.456366777420044,1.1639422178268433,0.8803781867027283,0.6289463639259338,0.3893863558769226,0.0,0.38801687955856323,0.5965157747268677,0.9026244878768921,1.0399705171585083,0.9731340408325195,1.331906795501709,1.780763030052185,1.9770026206970215,1.8870065212249756,1.7522128820419312,1.7716822624206543,1.4453744888305664,1.4176340103149414,1.5649745464324951,1.3757126331329346,1.6682664155960083,1.8936381340026855,2.0596070289611816,2.045789957046509,2.0126187801361084,2.3341352939605713,2.533499002456665,2.8538219928741455,2.880277633666992,2.7330384254455566,2.9502665996551514,2.7899904251098633,2.7439870834350586,3.0699751377105713,2.96504282951355,3.1843671798706055,3.5409321784973145,3.594395399093628,3.524747848510742,3.605447292327881,3.8489012718200684,3.8238091468811035,4.036959171295166,3.9391279220581055,4.051128387451172,4.185896873474121,3.932645320892334,4.110401630401611,4.21859073638916,4.237900733947754,4.6172308921813965,4.683598518371582,4.994625568389893,4.870420455932617,4.8226752281188965,5.118152618408203
B10,3.954686164855957,3.7858784198760986,3.40596342086792,3.228954792022705,2.899219274520874,2.5718307495117188,2.385882616043091,2.044813394546509,1.8375489711761475,1.7056037187576294,1.3209775686264038,1.345085859298706,1.3881877660751343,1.4093308448791504,1.553745150566101,2.463089942932129,2.2994883060455322,2.0034074783325195,1.7887449264526367,1.4602580070495605,1.2276854515075684,0.9448211193084717,0.6454890966415405,0.38801687955856323,0.0,0.3874291479587555,0.5862594842910767,0.8437514305114746,0.899125337600708,1.2681509256362915,2.0139403343200684,2.182178258895874,2.032521963119507,1.896181583404541,1.8359434604644775,1.4767524003982544,1.3918342590332031,1.444878339767456,1.179850459098816,1.4189999103546143,1.6212626695632935,1.7414134740829468,1.7202019691467285,1.7319328784942627,2.064121723175049,2.535532236099243,2.875542402267456,2.9095473289489746,2.786362886428833,2.980903148651123,2.77738618850708,2.7320022583007812,3.034130811691284,2.886396884918213,3.0984981060028076,3.440568208694458,3.468303918838501,3.3666093349456787,3.4586150646209717,3.6775705814361572,3.7673163414001465,3.9989311695098877,3.933703660964966,4.068912506103516,4.233447074890137,4.008179187774658,4.210696697235107,4.344658374786377,4.3918914794921875,4.779463768005371,4.867448806762695,5.1821112632751465,5.080677509307861,5.047191619873047,5.357390403747559
B11,4.16306734085083,4.01606559753418,3.6390016078948975,3.468535900115967,3.16042160987854,2.812166452407837,2.620332956314087,2.303396701812744,2.054596185684204,1.9350776672363281,1.563873291015625,1.537011981010437,1.4967137575149536,1.5099050998687744,1.5671619176864624,2.5327911376953125,2.3909912109375,2.061265707015991,1.90903902053833,1.5604218244552612,1.339106559753418,1.1454542875289917,0.774336576461792,0.5965157747268677,0.3874291479587555,0.0,0.3869720995426178,0.5128658413887024,0.5319299101829529,0.8892480731010437,1.9098044633865356,2.1053874492645264,1.9594953060150146,1.8937309980392456,1.8346920013427734,1.4670848846435547,1.4581187963485718,1.4603973627090454,1.2230374813079834,1.4833288192749023,1.597259283065796,1.7355427742004395,1.6267774105072021,1.5883744955062866,1.8772531747817993,2.397050380706787,2.7569055557250977,2.840132474899292,2.76480770111084,2.9916257858276367,2.7980711460113525,2.805182933807373,3.1160690784454346,2.979912281036377,3.226801633834839,3.5486979484558105,3.5991573333740234,3.4657044410705566,3.5221188068389893,3.717379093170166,3.705780029296875,3.915945529937744,3.8734450340270996,3.986363172531128,4.17238187789917,3.9539945125579834,4.14304780960083,4.30343770980835,4.34265661239624,4.73043966293335,4.842626571655273,5.141017913818359,5.037951946258545,5.0316009521484375,5.34222412109375
B12,4.458621978759766,4.291263580322266,3.9188876152038574,3.7233245372772217,3.4041972160339355,3.071352481842041,2.8484952449798584,2.5173232555389404,2.2571370601654053,2.0776801109313965,1.7137784957885742,1.6132831573486328,1.612603783607483,1.708940863609314,1.781853199005127,2.908374071121216,2.7713282108306885,2.446028232574463,2.2845711708068848,1.9365097284317017,1.7122832536697388,1.4891117811203003,1.1353551149368286,0.9026244878768921,0.5862594842910767,0.3869720995426178,0.0,0.4021361470222473,0.6721699237823486,0.9823926687240601,2.2760355472564697,2.464721202850342,2.296386241912842,2.2305305004119873,2.128908395767212,1.753640055656433,1.700308918952942,1.6293970346450806,1.3325902223587036,1.505096197128296,1.57624089717865,1.6322715282440186,1.4978647232055664,1.5302410125732422,1.8108839988708496,2.6294543743133545,2.999776601791382,3.0910861492156982,3.0347063541412354,3.2412025928497314,3.0166215896606445,3.0193142890930176,3.304931402206421,3.1315035820007324,3.3619937896728516,3.669262170791626,3.689016580581665,3.529101848602295,3.601839542388916,3.770101308822632,3.8759782314300537,4.099225044250488,4.085885524749756,4.2151570320129395,4.42362117767334,4.227071285247803,4.430830955505371,4.6079301834106445,4.663177967071533,5.054035186767578,5.178615093231201,5.477361679077148,5.385688781738281,5.387213230133057,5.703596115112305
B13,4.486663341522217,4.3397111892700195,3.9749693870544434,3.7815144062042236,3.489743947982788,3.1373298168182373,2.9052603244781494,2.605756998062134,2.304579496383667,2.1480202674865723,1.809288740158081,1.6777207851409912,1.5859267711639404,1.6635421514511108,1.6540852785110474,2.868004560470581,2.7717976570129395,2.433805465698242,2.3336822986602783,1.9997403621673584,1.7589582204818726,1.6151933670043945,1.2512471675872803,1.0399705171585083,0.8437514305114746,0.5128658413887024,0.4021361470222473,0.0,0.3805975317955017,0.6432877779006958,2.1865622997283936,2.421173095703125,2.2955820560455322,2.293579339981079,2.2353363037109375,1.8723899126052856,1.898375391960144,1.8402514457702637,1.5974321365356445,1.8092389106750488,1.8330605030059814,1.9189343452453613,1.7214515209197998,1.6917035579681396,1.913299798965454,2.6421186923980713,3.018388271331787,3.1520769596099854,3.125709056854248,3.3705756664276123,3.176436424255371,3.2188827991485596,3.5227138996124268,3.3776473999023438,3.635977268218994,3.9362452030181885,3.9830400943756104,3.8145813941955566,3.856660842895508,4.016861915588379,3.984929084777832,4.178218364715576,4.169524669647217,4.265092372894287,4.477226257324219,4.272151947021484,4.448153972625732,4.634807109832764,4.665153503417969,5.049890518188477,5.183667182922363,5.463515758514404,5.3550591468811035,5.373326778411865,5.678873062133789
