,A1,A2,A3,A4,A5,A6,A7,A8,A9,A10,A11,A12,A13,A14,A15,B1,B2,B3,B4,B5,B6,B7,B8,B9,B10,B11,B12,B13,B14,B15,C1,C2,C3,C4,C5,C6,C7,C8,C9,C10,C11,C12,C13,C14,C15,D1,D2,D3,D4,D5,D6,D7,D8,D9,D10,D11,D12,D13,D14,D15,E1,E2,E3,E4,E5,E6,E7,E8,E9,E10,E11,E12,E13,E14,E15
A1,0.0,0.3931282162666321,0.6002709269523621,0.8943039774894714,1.2301173210144043,1.4463082551956177,1.7690078020095825,2.0659427642822266,2.3689112663269043,2.6432526111602783,2.9208970069885254,3.1654741764068604,3.283221960067749,3.248366117477417,3.598160982131958,3.752243757247925,4.050658702850342,3.808042049407959,4.0491790771484375,4.0196452140808105,3.743706226348877,3.9286746978759766,3.7847070693969727,3.6530449390411377,3.8205199241638184,3.5482466220855713,3.707594633102417,3.4626471996307373,3.1093199253082275,2.8340601921081543,2.3345344066619873,2.4066717624664307,2.497124433517456,2.784259080886841,3.005070924758911,2.861421823501587,3.0873842239379883,3.280296802520752,3.2342026233673096,3.5775160789489746,3.5950541496276855,3.7857139110565186,3.5016674995422363,3.1644933223724365,3.047764301300049,1.832887053489685,1.861494779586792,2.112323045730591,2.0125017166137695,2.390744209289551,2.499793291091919,2.613680839538574,2.99393892288208,3.1028292179107666,3.3434031009674072,3.6771788597106934,3.8283588886260986,3.799269676208496,3.8449459075927734,4.165789604187012,4.4483561515808105,4.763316631317139,4.579030513763428,4.8199567794799805,4.940410137176514,4.74853515625,5.054588794708252,5.074611186981201,5.219797134399414,5.566441059112549,5.561653137207031,5.9382476806640625,5.885958671569824,5.6569414138793945,5.915703296661377
A2,0.3931282162666321,0.0,0.3902660608291626,0.6149332523345947,0.939042866230011,1.2263171672821045,1.5111486911773682,1.8064271211624146,2.1237359046936035,2.3638832569122314,2.656296968460083,2.8775386810302734,3.0224528312683105,3.0177080631256104,3.377908706665039,3.6901779174804688,4.004312515258789,3.7897119522094727,4.058133125305176,4.056100845336914,3.805745840072632,4.024298191070557,3.905064582824707,3.8034110069274902,4.0014543533325195,3.748628854751587,3.934572219848633,3.6947855949401855,3.328278064727783,3.081112861633301,2.3945438861846924,2.4185776710510254,2.52587628364563,2.846017360687256,3.0475776195526123,2.920560359954834,3.1825387477874756,3.358433961868286,3.347916841506958,3.7036831378936768,3.705357074737549,3.9252779483795166,3.6629691123962402,3.307159662246704,3.2017734050750732,1.8220733404159546,1.7767126560211182,2.0093576908111572,1.8432598114013672,2.1970391273498535,2.307359218597412,2.372546672821045,2.7563588619232178,2.845909595489502,3.058793306350708,3.4061198234558105,3.5311439037323,3.5065629482269287,3.580490827560425,3.9001331329345703,4.308292865753174,4.638696193695068,4.473527908325195,4.737166404724121,4.866421699523926,4.701582431793213,5.025552749633789,5.05310583114624,5.224821090698242,5.570034027099609,5.579036712646484,5.957267761230469,5.929265975952148,5.708122253417969,5.983645915985107
A3,0.6002709269523621,0.3902660608291626,0.0,0.3901044428348541,0.6415646076202393,0.8787354230880737,1.2071309089660645,1.4801527261734009,1.802485466003418,2.0699360370635986,2.338026762008667,2.5867862701416016,2.722256898880005,2.6871178150177,3.046536684036255,3.3125827312469482,3.624340772628784,3.411219835281372,3.6875393390655518,3.689593553543091,3.451350450515747,3.6844429969787598,3.57586407661438,3.4953997135162354,3.7127323150634766,3.4753475189208984,3.6845812797546387,3.4556007385253906,3.0795681476593018,2.864488124847412,2.0430140495300293,2.0515856742858887,2.1768782138824463,2.5089733600616455,2.716801404953003,2.6180667877197266,2.8976492881774902,3.0866904258728027,3.109126329421997,3.4767470359802246,3.4990074634552,3.7383363246917725,3.4988491535186768,3.141172170639038,3.077644109725952,1.6324690580368042,1.6054980754852295,1.7786933183670044,1.6040217876434326,1.9540969133377075,2.0154409408569336,2.0877439975738525,2.4689128398895264,2.5434694290161133,2.780883312225342,3.113889217376709,3.2564897537231445,3.2117111682891846,3.2618494033813477,3.57655668258667,3.931936025619507,4.261404991149902,4.100533962249756,4.361475467681885,4.500088691711426,4.339824199676514,4.666660308837891,4.707148551940918,4.883795261383057,5.233626842498779,5.257528781890869,5.634807586669922,5.611278057098389,5.402702331542969,5.687981605529785
A4,0.8943039774894714,0.6149332523345947,0.3901044428348541,0.0,0.4026402533054352,0.6561883091926575,0.9036676287651062,1.22384512424469,1.5196805000305176,1.7648216485977173,2.0644874572753906,2.2851943969726562,2.4135591983795166,2.4134483337402344,2.771066188812256,3.1900062561035156,3.5232126712799072,3.3473329544067383,3.6339170932769775,3.6785197257995605,3.453174591064453,3.710160255432129,3.641657590866089,3.5708367824554443,3.8168835639953613,3.6107404232025146,3.8271942138671875,3.5849125385284424,3.204972743988037,3.00856614112854,2.1302220821380615,2.1301944255828857,2.3066680431365967,2.654787540435791,2.8745949268341064,2.819979429244995,3.120271682739258,3.319620132446289,3.376802682876587,3.752472162246704,3.7866222858428955,4.041974067687988,3.8199591636657715,3.46111798286438,3.419267416000366,1.9169150590896606,1.855284571647644,1.979219675064087,1.7473119497299194,2.0534517765045166,2.07145619392395,2.0788304805755615,2.4538965225219727,2.4713168144226074,2.68416690826416,3.0212883949279785,3.1297478675842285,3.056058168411255,3.1303188800811768,3.4238247871398926,3.879063129425049,4.222135543823242,4.094661712646484,4.365445137023926,4.531895637512207,4.398745536804199,4.737841606140137,4.804417133331299,4.998440265655518,5.3531622886657715,5.402708530426025,5.777651309967041,5.76738977432251,5.577643394470215,5.877245903015137
A5,1.2301173210144043,0.939042866230011,0.6415646076202393,0.4026402533054352,0.0,0.3890901803970337,0.6184346079826355,0.8723772168159485,1.2092746496200562,1.4439582824707031,1.7212437391281128,1.9541491270065308,2.1114883422851562,2.1019346714019775,2.4710683822631836,2.9608399868011475,3.29410982131958,3.136963129043579,3.449350118637085,3.5061917304992676,3.3163087368011475,3.6018731594085693,3.5493218898773193,3.5206527709960938,3.790276288986206,3.6034812927246094,3.851478338241577,3.633180856704712,3.2475571632385254,3.094735622406006,2.013049840927124,1.9515292644500732,2.1319377422332764,2.498732328414917,2.690570831298828,2.6599302291870117,2.987152099609375,3.1701674461364746,3.267629384994507,3.6488754749298096,3.6785550117492676,3.959998607635498,3.7694249153137207,3.403876543045044,3.3916728496551514,1.8122068643569946,1.7155182361602783,1.773298740386963,1.4996800422668457,1.7618136405944824,1.741936445236206,1.7155065536499023,2.0831704139709473,2.079399347305298,2.29097843170166,2.6247241497039795,2.732931137084961,2.654667377471924,2.728196859359741,3.0227153301239014,3.525602102279663,3.8759169578552246,3.760014057159424,4.045311450958252,4.2156081199646,4.104025363922119,4.454304218292236,4.527285575866699,4.74150276184082,5.092723369598389,5.155832767486572,5.528960227966309,5.539288520812988,5.3604021072387695,5.673813343048096
A6,1.4463082551956177,1.2263171672821045,0.8787354230880737,0.6561883091926575,0.3890901803970337,0.0,0.39358004927635193,0.6373868584632874,0.9337804317474365,1.2368189096450806,1.48337984085083,1.7562706470489502,1.8646293878555298,1.809632420539856,2.168283224105835,2.580637216567993,2.917747735977173,2.7670066356658936,3.077216386795044,3.1495630741119385,2.9636499881744385,3.258989095687866,3.229438543319702,3.2102510929107666,3.4983389377593994,3.3375496864318848,3.59498929977417,3.3778131008148193,2.9926748275756836,2.870774507522583,1.7371931076049805,1.6857236623764038,1.914538025856018,2.2774009704589844,2.49686336517334,2.5162997245788574,2.845627784729004,3.0579161643981934,3.184018135070801,3.5684962272644043,3.6344223022460938,3.9208667278289795,3.748861789703369,3.397235155105591,3.4260149002075195,1.8992289304733276,1.8520607948303223,1.8438680171966553,1.594724416732788,1.8326917886734009,1.7329375743865967,1.714771032333374,2.0577120780944824,2.0137088298797607,2.2562496662139893,2.5571069717407227,2.682607650756836,2.5585968494415283,2.5948777198791504,2.866511106491089,3.269557237625122,3.616149425506592,3.5131947994232178,3.7842111587524414,3.9772167205810547,3.868211030960083,4.215793132781982,4.314080238342285,4.524670600891113,4.884218215942383,4.968616008758545,5.337296485900879,5.342935085296631,5.183130741119385,5.502276420593262
A7,1.7690078020095825,1.5111486911773682,1.2071309089660645,0.9036676287651062,0.6184346079826355,0.39358004927635193,0.0,0.3810751140117645,0.6180318593978882,0.8795266151428223,1.1719908714294434,1.406647801399231,1.517272710800171,1.513369083404541,1.8749558925628662,2.522706985473633,2.8776330947875977,2.7796590328216553,3.1018781661987305,3.2210793495178223,3.063070774078369,3.3820247650146484,3.3944437503814697,3.3937766551971436,3.7053332328796387,3.5770928859710693,3.8408043384552,3.620664596557617,3.239860773086548,3.1407840251922607,1.975594401359558,1.904215693473816,2.1602070331573486,2.522900342941284,2.734072685241699,2.7889137268066406,3.130192279815674,3.337845802307129,3.4924209117889404,3.87701678276062,3.9445877075195312,4.243875980377197,4.089688777923584,3.7379038333892822,3.7792680263519287,2.2248032093048096,2.142058849334717,2.101746082305908,1.8138320446014404,1.9896717071533203,1.8562016487121582,1.7602624893188477,2.073072671890259,1.960418939590454,2.159982919692993,2.4561994075775146,2.5360569953918457,2.379574775695801,2.4470860958099365,2.6884424686431885,3.2277681827545166,3.586369752883911,3.524190664291382,3.8068957328796387,4.02484130859375,3.951266050338745,4.309093952178955,4.430511474609375,4.660805702209473,5.018745422363281,5.127318859100342,5.4901347160339355,5.513881206512451,5.3732380867004395,5.705036163330078
A8,2.0659427642822266,1.8064271211624146,1.4801527261734009,1.22384512424469,0.8723772168159485,0.6373868584632874,0.3810751140117645,0.0,0.38431280851364136,0.6385552287101746,0.8584783673286438,1.1355457305908203,1.2807472944259644,1.2424455881118774,1.6180696487426758,2.3276705741882324,2.67488694190979,2.5993542671203613,2.945098876953125,3.0738213062286377,2.958204746246338,3.300140619277954,3.327029228210449,3.369615316390991,3.6968305110931396,3.588240385055542,3.877168893814087,3.685245990753174,3.3074913024902344,3.249852418899536,1.9375852346420288,1.8055188655853271,2.0554847717285156,2.418783664703369,2.5957138538360596,2.678053855895996,3.0339877605438232,3.2231554985046387,3.413611650466919,3.795046806335449,3.8605079650878906,4.177933692932129,4.055285930633545,3.705728769302368,3.7747514247894287,2.2199604511260986,2.1224515438079834,2.0172035694122314,1.7205150127410889,1.8294159173965454,1.6416579484939575,1.5095374584197998,1.7851026058197021,1.632686734199524,1.833937406539917,2.1095168590545654,2.1938843727111816,2.0196850299835205,2.0740113258361816,2.31058669090271,2.882530689239502,3.2468814849853516,3.1992721557617188,3.4940240383148193,3.7167158126831055,3.66664981842041,4.0324859619140625,4.161620140075684,4.409681797027588,4.761884689331055,4.884515762329102,5.242539405822754,5.285464286804199,5.157620906829834,5.5003252029418945
A9,2.3689112663269043,2.1237359046936035,1.802485466003418,1.5196805000305176,1.2092746496200562,0.9337804317474365,0.6180318593978882,0.38431280851364136,0.0,0.38135290145874023,0.5885822176933289,0.866993248462677,0.9347141981124878,0.8968974351882935,1.2640353441238403,2.116704225540161,2.477125883102417,2.4506399631500244,2.7919065952301025,2.9664530754089355,2.8700551986694336,3.22465443611145,3.296069383621216,3.3484721183776855,3.6949455738067627,3.6243550777435303,3.9126265048980713,3.7166662216186523,3.3496243953704834,3.3190510272979736,2.0383853912353516,1.9228360652923584,2.209826946258545,2.552227258682251,2.7446882724761963,2.873316764831543,3.223539113998413,3.429663896560669,3.641981601715088,4.019811630249023,4.109286308288574,4.428163528442383,4.320219993591309,3.983018159866333,4.074953079223633,2.5629184246063232,2.481745719909668,2.3516950607299805,2.066420793533325,2.1453402042388916,1.917622447013855,1.7648910284042358,1.9896674156188965,1.7773252725601196,1.9567397832870483,2.1894474029541016,2.2481296062469482,2.0175421237945557,2.063457727432251,2.244072437286377,2.8168373107910156,3.179278612136841,3.172527551651001,3.4560739994049072,3.7115156650543213,3.684910297393799,4.048264026641846,4.209819316864014,4.461137294769287,4.815705299377441,4.966011047363281,5.314300060272217,5.360804557800293,5.25785493850708,5.6071624755859375
A10,2.6432526111602783,2.3638832569122314,2.0699360370635986,1.7648216485977173,1.4439582824707031,1.2368189096450806,0.8795266151428223,0.6385552287101746,0.38135290145874023,0.0,0.3805749714374542,0.528383195400238,0.6855707168579102,0.7820309996604919,1.1421923637390137,2.2954704761505127,2.6508028507232666,2.671436309814453,3.020051956176758,3.2197349071502686,3.155045747756958,3.52101993560791,3.6117210388183594,3.682128667831421,4.036231994628906,3.978834390640259,4.2721848487854,4.081199645996094,3.7176029682159424,3.695204019546509,2.3919286727905273,2.2514288425445557,2.524420976638794,2.866121292114258,3.030627489089966,3.1629552841186523,3.521536350250244,3.705873489379883,3.9321179389953613,4.30701208114624,4.380756855010986,4.710349082946777,4.614649295806885,4.272066593170166,4.362075328826904,2.8146355152130127,2.6934092044830322,2.5541481971740723,2.2403533458709717,2.2684805393218994,2.043078660964966,1.8248463869094849,2.0100765228271484,1.7491600513458252,1.8574315309524536,2.0832035541534424,2.080519676208496,1.8341866731643677,1.932460069656372,2.081638813018799,2.8569459915161133,3.2263755798339844,3.2544994354248047,3.554840564727783,3.8167927265167236,3.8264856338500977,4.197408676147461,4.36517858505249,4.637221336364746,4.981491565704346,5.143636226654053,5.485712051391602,5.554660320281982,5.461764335632324,5.819671630859375
A11,2.9208970069885254,2.656296968460083,2.338026762008667,2.0644874572753906,1.7212437391281128,1.48337984085083,1.1719908714294434,0.8584783673286438,0.5885822176933289,0.3805749714374542,0.0,0.37710773944854736,0.522255539894104,0.5062963366508484,0.8699855804443359,2.070920705795288,2.4089126586914062,2.4605581760406494,2.8200578689575195,3.031933307647705,3.0102591514587402,3.3898026943206787,3.4991252422332764,3.6066153049468994,3.97092604637146,3.937922477722168,4.247772216796875,4.082723140716553,3.7292428016662598,3.7461178302764893,2.3719470500946045,2.198929786682129,2.465440511703491,2.7871222496032715,2.9267094135284424,3.092128038406372,3.449810743331909,3.624485731124878,3.880305528640747,4.245731830596924,4.328186511993408,4.666491508483887,4.600256443023682,4.269355297088623,4.388769149780273,2.89381742477417,2.7827773094177246,2.594088315963745,2.3008296489715576,2.2793643474578857,2.006396770477295,1.7823182344436646,1.9034308195114136,1.6019513607025146,1.710860252380371,1.8777203559875488,1.8847421407699585,1.5964086055755615,1.65385103225708,1.767655611038208,2.5220139026641846,2.8895602226257324,2.9422953128814697,3.242400646209717,3.5163912773132324,3.5504722595214844,3.921241044998169,4.104442596435547,4.386553764343262,4.72464656829834,4.905190944671631,5.23766565322876,5.3199005126953125,5.245709419250488,5.610659122467041
A12,3.1654741764068604,2.8775386810302734,2.5867862701416016,2.2851943969726562,1.9541491270065308,1.7562706470489502,1.406647801399231,1.1355457305908203,0.866993248462677,0.528383195400238,0.37710773944854736,0.0,0.3763786256313324,0.6086763739585876,0.8728585243225098,2.325899839401245,2.6587893962860107,2.7505033016204834,3.102304697036743,3.338684320449829,3.3309361934661865,3.71247935295105,3.840071678161621,3.948556661605835,4.3171491622924805,4.294581413269043,4.6003546714782715,4.428807735443115,4.0780930519104,4.092198848724365,2.745894432067871,2.5759193897247314,2.8404922485351562,3.161515235900879,3.293393135070801,3.4577279090881348,3.817695379257202,3.9830713272094727,4.241645812988281,4.605896472930908,4.678854942321777,5.021039962768555,4.956832408905029,4.621523380279541,4.733613967895508,3.208578586578369,3.0708673000335693,2.8916642665863037,2.5775563716888428,2.5344510078430176,2.2793900966644287,2.0142838954925537,2.1106035709381104,1.783303141593933,1.815916895866394,1.9722764492034912,1.9065407514572144,1.608019471168518,1.7270427942276,1.7905354499816895,2.726083517074585,3.090759038925171,3.177406072616577,3.483017683029175,3.763660192489624,3.82627534866333,4.1979169845581055,4.388020992279053,4.681915283203125,5.0114264488220215,5.201728343963623,5.527427673339844,5.624120235443115,5.558944225311279,5.928276538848877
A13,3.283221960067749,3.0224528312683105,2.722256898880005,2.4135591983795166,2.1114883422851562,1.8646293878555298,1.517272710800171,1.2807472944259644,0.9347141981124878,0.6855707168579102,0.522255539894104,0.3763786256313324,0.0,0.3848958909511566,0.5716025829315186,2.107456922531128,2.446242570877075,2.568502426147461,2.8993372917175293,3.1664881706237793,3.159710645675659,3.5379319190979004,3.6961846351623535,3.799030065536499,4.1747145652771,4.179261207580566,4.4752984046936035,4.296835899353027,3.9590542316436768,3.9888229370117188,2.720050096511841,2.584251642227173,2.8784708976745605,3.1790249347686768,3.340404987335205,3.5345540046691895,3.881378650665283,4.074114799499512,4.337080001831055,4.699497222900391,4.801416873931885,5.135868549346924,5.0727620124816895,4.7503557205200195,4.878203392028809,3.3990671634674072,3.2958507537841797,3.113194465637207,2.8203611373901367,2.7999231815338135,2.524660348892212,2.2927567958831787,2.3893465995788574,2.0634589195251465,2.127735137939453,2.2535431385040283,2.208847999572754,1.8847575187683105,1.9551080465316772,1.9772117137908936,2.7485451698303223,3.0987205505371094,3.2047019004821777,3.4824118614196777,3.788623332977295,3.8496170043945312,4.209438323974609,4.4250712394714355,4.705402851104736,5.041769981384277,5.248963356018066,5.567866325378418,5.651852607727051,5.603314399719238,5.970922470092773
A14,3.248366117477417,3.0177080631256104,2.6871178150177,2.4134483337402344,2.1019346714019775,1.809632420539856,1.513369083404541,1.2424455881118774,0.8968974351882935,0.7820309996604919,0.5062963366508484,0.6086763739585876,0.3848958909511566,0.0,0.3802695572376251,1.739888072013855,2.076212167739868,2.1919071674346924,2.529632329940796,2.7915444374084473,2.7969164848327637,3.1794025897979736,3.339884042739868,3.4596927165985107,3.8379604816436768,3.852764129638672,4.1575236320495605,3.9965178966522217,3.6654956340789795,3.720646381378174,2.423515558242798,2.2820966243743896,2.578930377960205,2.8602590560913086,3.0220236778259277,3.2390098571777344,3.5767486095428467,3.7774176597595215,4.05133056640625,4.4072442054748535,4.526856422424316,4.858673572540283,4.808497428894043,4.499812126159668,4.649730682373047,3.239987373352051,3.1698622703552246,2.961121082305908,2.7018206119537354,2.6819021701812744,2.3755838871002197,2.1842145919799805,2.267740488052368,1.952352523803711,2.0721940994262695,2.168295383453369,2.1830954551696777,1.8485982418060303,1.8442726135253906,1.8722018003463745,2.437034845352173,2.781601905822754,2.878675699234009,3.142191171646118,3.454841136932373,3.5049805641174316,3.8591086864471436,4.082709789276123,4.354120254516602,4.694677352905273,4.906605243682861,5.223493576049805,5.29931640625,5.2568769454956055,5.622952938079834
A15,3.598160982131958,3.377908706665039,3.046536684036255,2.771066188812256,2.4710683822631836,2.168283224105835,1.8749558925628662,1.6180696487426758,1.2640353441238403,1.1421923637390137,0.8699855804443359,0.8728585243225098,0.5716025829315186,0.3802695572376251,0.0,1.6655725240707397,1.9777625799179077,2.159170627593994,2.4728844165802,2.7729766368865967,2.8126165866851807,3.193418025970459,3.392502784729004,3.527740001678467,3.9125800132751465,3.963534355163574,4.264769554138184,4.1121602058410645,3.8008718490600586,3.884122371673584,2.640990734100342,2.511300802230835,2.8126635551452637,3.0643563270568848,3.2252988815307617,3.4715397357940674,3.7961130142211914,4.00199031829834,4.290368556976318,4.636258125305176,4.772495269775391,5.102566242218018,5.068322658538818,4.773411750793457,4.941775798797607,3.5793049335479736,3.520810842514038,3.2974932193756104,3.051182746887207,3.0162839889526367,2.694798231124878,2.5055458545684814,2.5538365840911865,2.2231578826904297,2.3247978687286377,2.371809244155884,2.372145414352417,2.014134168624878,1.9869720935821533,1.944023847579956,2.435936450958252,2.7568812370300293,2.8981053829193115,3.137373924255371,3.473600387573242,3.5494022369384766,3.8898534774780273,4.140485763549805,4.410201549530029,4.744485378265381,4.980693817138672,5.281802177429199,5.362222671508789,5.345776557922363,5.713690757751465
B1,3.752243757247925,3.6901779174804688,3.3125827312469482,3.1900062561035156,2.9608399868011475,2.580637216567993,2.522706985473633,2.3276705741882324,2.116704225540161,2.2954704761505127,2.070920705795288,2.325899839401245,2.107456922531128,1.739888072013855,1.6655725240707397,0.0,0.37819376587867737,0.5325778722763062,0.807758092880249,1.1328521966934204,1.2316755056381226,1.6020656824111938,1.8592602014541626,2.059047222137451,2.4410107135772705,2.5821738243103027,2.886214017868042,2.8163297176361084,2.5871071815490723,2.805666446685791,1.832123041152954,1.803450345993042,2.079613208770752,2.1379611492156982,2.343766927719116,2.68959379196167,2.8967082500457764,3.1700708866119385,3.461495876312256,3.7480952739715576,3.9939870834350586,4.267168045043945,4.272966384887695,4.0745978355407715,4.32806396484375,3.443737745285034,3.555906057357788,3.296905040740967,3.230177164077759,3.256743907928467,2.9020564556121826,2.928121328353882,2.967271327972412,2.7771825790405273,3.0504138469696045,3.029110908508301,3.2218551635742188,2.919734477996826,2.6873011589050293,2.694263458251953,2.026641368865967,2.2085278034210205,2.257275104522705,2.3193516731262207,2.666249990463257,2.628262758255005,2.877910614013672,3.171041965484619,3.3329153060913086,3.6892991065979004,3.9382238388061523,4.216537952423096,4.211934566497803,4.2291412353515625,4.5623674392700195
B2,4.050658702850342,4.004312515258789,3.624340772628784,3.5232126712799072,3.29410982131958,2.917747735977173,2.8776330947875977,2.67488694190979,2.477125883102417,2.6508028507232666,2.4089126586914062,2.6587893962860107,2.446242570877075,2.076212167739868,1.9777625799179077,0.37819376587867737,0.0,0.4002746641635895,0.5729747414588928,0.9170438647270203,1.1216543912887573,1.4620811939239502,1.7466413974761963,1.993247628211975,2.3588969707489014,2.5395734310150146,2.84228253364563,2.816342830657959,2.62715482711792,2.8881263732910156,1.9993383884429932,1.9701530933380127,2.2033751010894775,2.2009570598602295,2.3773536682128906,2.7434065341949463,2.9144890308380127,3.179058790206909,3.4797523021698,3.737929105758667,4.000964641571045,4.262537956237793,4.295134544372559,4.125614643096924,4.402848243713379,3.6388251781463623,3.7692582607269287,3.494821786880493,3.4587905406951904,3.470224142074585,3.1108503341674805,3.1574108600616455,3.1670432090759277,2.990551471710205,3.2655553817749023,3.209547281265259,3.4180479049682617,3.1234078407287598,2.8599984645843506,2.84648060798645,1.9701157808303833,2.090435743331909,2.1448957920074463,2.147223711013794,2.496938467025757,2.4594738483428955,2.6725566387176514,2.9860353469848633,3.1262781620025635,3.4728410243988037,3.738882303237915,3.9967682361602783,3.9858651161193848,4.029170036315918,4.355777263641357
B3,3.808042049407959,3.7897119522094727,3.411219835281372,3.3473329544067383,3.136963129043579,2.7670066356658936,2.7796590328216553,2.5993542671203613,2.4506399631500244,2.671436309814453,2.4605581760406494,2.7505033016204834,2.568502426147461,2.1919071674346924,2.159170627593994,0.5325778722763062,0.4002746641635895,0.0,0.38988232612609863,0.6182439923286438,0.7761074900627136,1.1462626457214355,1.3891087770462036,1.6420373916625977,2.0100150108337402,2.167112350463867,2.4835221767425537,2.46663236618042,2.269275426864624,2.5351974964141846,1.6593914031982422,1.653501272201538,1.8719196319580078,1.8406121730804443,2.037773847579956,2.4018688201904297,2.55566143989563,2.8375473022460938,3.1234960556030273,3.3807075023651123,3.65496826171875,3.905578374862671,3.9287588596343994,3.7668216228485107,4.045103549957275,3.354807138442993,3.5143609046936035,3.250519275665283,3.2468783855438232,3.2849860191345215,2.940863847732544,3.0317556858062744,3.064713478088379,2.9316415786743164,3.238804578781128,3.205512046813965,3.4453318119049072,3.1778645515441895,2.9089484214782715,2.9448795318603516,2.0101113319396973,2.1334362030029297,2.115224599838257,2.1145806312561035,2.4291834831237793,2.3318655490875244,2.5422611236572266,2.8279478549957275,2.945542335510254,3.306673288345337,3.544250965118408,3.8183977603912354,3.782611608505249,3.7995517253875732,4.117707252502441
B4,4.0491790771484375,4.058133125305176,3.6875393390655518,3.6339170932769775,3.449350118637085,3.077216386795044,3.1018781661987305,2.945098876953125,2.7919065952301025,3.020051956176758,2.8200578689575195,3.102304697036743,2.8993372917175293,2.529632329940796,2.4728844165802,0.807758092880249,0.5729747414588928,0.38988232612609863,0.0,0.40280580520629883,0.6147776246070862,0.9066433906555176,1.220540165901184,1.4758296012878418,1.8250144720077515,2.041541814804077,2.328594207763672,2.332486867904663,2.189694881439209,2.4922406673431396,1.8686712980270386,1.9163436889648438,2.1169750690460205,2.0333447456359863,2.240717887878418,2.6047987937927246,2.711893320083618,3.0066003799438477,3.2751753330230713,3.506683826446533,3.807006359100342,4.031200408935547,4.0587239265441895,3.927170753479004,4.215367794036865,3.636301279067993,3.820012092590332,3.5665206909179688,3.5828442573547363,3.6351964473724365,3.2987992763519287,3.405170440673828,3.4409162998199463,3.3167409896850586,3.6261892318725586,3.5878219604492188,3.829747438430786,3.5612387657165527,3.287595748901367,3.31203293800354,2.2942850589752197,2.3696563243865967,2.3519153594970703,2.2943148612976074,2.598151922225952,2.4845635890960693,2.644871473312378,2.939424753189087,3.013549327850342,3.365328550338745,3.607386827468872,3.8601863384246826,3.7967424392700195,3.833202838897705,4.131105899810791
B5,4.0196452140808105,4.056100845336914,3.689593553543091,3.6785197257995605,3.5061917304992676,3.1495630741119385,3.2210793495178223,3.0738213062286377,2.9664530754089355,3.2197349071502686,3.031933307647705,3.338684320449829,3.1664881706237793,2.7915444374084473,2.7729766368865967,1.1328521966934204,0.9170438647270203,0.6182439923286438,0.40280580520629883,0.0,0.3924924433231354,0.6315156817436218,0.8887549638748169,1.2023342847824097,1.527312159538269,1.7391890287399292,2.0412607192993164,2.0937600135803223,1.9721301794052124,2.3001301288604736,1.7494088411331177,1.808508038520813,1.952927589416504,1.8052353858947754,1.999276041984558,2.3600211143493652,2.4233286380767822,2.719899892807007,2.9761159420013428,3.1846516132354736,3.500924587249756,3.70639705657959,3.7430031299591064,3.6371374130249023,3.937912940979004,3.5019936561584473,3.715235710144043,3.464679479598999,3.523977756500244,3.5860068798065186,3.265805721282959,3.4148428440093994,3.45149827003479,3.3701720237731934,3.6997764110565186,3.6622562408447266,3.933274745941162,3.693282127380371,3.4045848846435547,3.45808482170105,2.3330562114715576,2.38140869140625,2.3042449951171875,2.2177140712738037,2.4775002002716064,2.311108350753784,2.4428012371063232,2.7128233909606934,2.750814437866211,3.1055831909179688,3.325312852859497,3.5805115699768066,3.4907853603363037,3.514758825302124,3.799049139022827
B6,3.743706226348877,3.805745840072632,3.451350450515747,3.453174591064453,3.3163087368011475,2.9636499881744385,3.063070774078369,2.958204746246338,2.8700551986694336,3.155045747756958,3.0102591514587402,3.3309361934661865,3.159710645675659,2.7969164848327637,2.8126165866851807,1.2316755056381226,1.1216543912887573,0.7761074900627136,0.6147776246070862,0.3924924433231354,0.0,0.39363420009613037,0.6374974846839905,0.8779277801513672,1.2390424013137817,1.4301825761795044,1.7283761501312256,1.7406342029571533,1.6000832319259644,1.9207004308700562,1.5167018175125122,1.648431420326233,1.8153129816055298,1.6749475002288818,1.933274507522583,2.266324043273926,2.324888229370117,2.656005382537842,2.8760459423065186,3.1001055240631104,3.423021078109741,3.6150436401367188,3.6146490573883057,3.501995325088501,3.7826921939849854,3.344932794570923,3.5763182640075684,3.358243465423584,3.4210331439971924,3.5253446102142334,3.2266745567321777,3.391533136367798,3.470810651779175,3.4064059257507324,3.7501227855682373,3.7519962787628174,4.0239129066467285,3.790400981903076,3.5241005420684814,3.6090641021728516,2.591322183609009,2.67448353767395,2.5719685554504395,2.5161495208740234,2.7586214542388916,2.5635673999786377,2.7072696685791016,2.945904016494751,2.9733734130859375,3.336735963821411,3.524150848388672,3.7954535484313965,3.6845264434814453,3.6763482093811035,3.9483628273010254
B7,3.9286746978759766,4.024298191070557,3.6844429969787598,3.710160255432129,3.6018731594085693,3.258989095687866,3.3820247650146484,3.300140619277954,3.22465443611145,3.52101993560791,3.3898026943206787,3.71247935295105,3.5379319190979004,3.1794025897979736,3.193418025970459,1.6020656824111938,1.4620811939239502,1.1462626457214355,0.9066433906555176,0.6315156817436218,0.39363420009613037,0.0,0.3881327211856842,0.6184298396110535,0.9290307760238647,1.1914621591567993,1.4509066343307495,1.5083081722259521,1.4489691257476807,1.810302734375,1.7336727380752563,1.905961036682129,2.034390449523926,1.8424949645996094,2.097543716430664,2.4085171222686768,2.408677101135254,2.745742082595825,2.9327380657196045,3.122873067855835,3.4688377380371094,3.6244843006134033,3.6238632202148438,3.548403739929199,3.8336942195892334,3.54673433303833,3.8049728870391846,3.6033058166503906,3.6938576698303223,3.8147757053375244,3.5325424671173096,3.7200653553009033,3.804994583129883,3.760591745376587,4.111098289489746,4.113875865936279,4.394864559173584,4.169836521148682,3.8988871574401855,3.987602472305298,2.9076483249664307,2.959348678588867,2.83998703956604,2.746603012084961,2.961308240890503,2.739264488220215,2.8366527557373047,3.06101655960083,3.039843797683716,3.3906655311584473,3.5624821186065674,3.816680908203125,3.670097589492798,3.665569543838501,3.9081501960754395
B8,3.7847070693969727,3.905064582824707,3.57586407661438,3.641657590866089,3.5493218898773193,3.229438543319702,3.3944437503814697,3.327029228210449,3.296069383621216,3.6117210388183594,3.4991252422332764,3.840071678161621,3.6961846351623535,3.339884042739868,3.392502784729004,1.8592602014541626,1.7466413974761963,1.3891087770462036,1.220540165901184,0.8887549638748169,0.6374974846839905,0.3881327211856842,0.0,0.3870168924331665,0.6587675213813782,0.8629003763198853,1.1642398834228516,1.2698413133621216,1.2121784687042236,1.582736849784851,1.5957001447677612,1.7843124866485596,1.857959270477295,1.621700406074524,1.8747671842575073,2.15500807762146,2.115002155303955,2.458508253097534,2.616190195083618,2.7927262783050537,3.1474812030792236,3.283721923828125,3.2755043506622314,3.216416120529175,3.501614570617676,3.333505153656006,3.6159539222717285,3.429163694381714,3.5541465282440186,3.6915643215179443,3.4345667362213135,3.656193494796753,3.7522614002227783,3.746960163116455,4.11106538772583,4.1266770362854,4.426456928253174,4.228715896606445,3.957169532775879,4.077392101287842,2.9876046180725098,3.0396430492401123,2.8733606338500977,2.7847440242767334,2.95670747756958,2.694066047668457,2.7823805809020996,2.964806318283081,2.9208831787109375,3.272286891937256,3.4063730239868164,3.671642303466797,3.503891706466675,3.4680328369140625,3.6959729194641113
B9,3.6530449390411377,3.8034110069274902,3.4953997135162354,3.5708367824554443,3.5206527709960938,3.2102510929107666,3.3937766551971436,3.369615316390991,3.3484721183776855,3.682128667831421,3.6066153049468994,3.948556661605835,3.799030065536499,3.4596927165985107,3.527740001678467,2.059047222137451,1.993247628211975,1.6420373916625977,1.4758296012878418,1.2023342847824097,0.8779277801513672,0.6184298396110535,0.3870168924331665,0.0,0.38752618432044983,0.5955257415771484,0.8529917001724243,0.9028729200363159,0.8685691356658936,1.2514522075653076,1.6176999807357788,1.8723596334457397,1.9636989831924438,1.7501676082611084,2.0470426082611084,2.2844455242156982,2.235959529876709,2.5997605323791504,2.7113561630249023,2.8932669162750244,3.248922348022461,3.362644672393799,3.3151798248291016,3.2561898231506348,3.514158248901367,3.3600330352783203,3.655773401260376,3.5060486793518066,3.6294105052948,3.8039350509643555,3.569124698638916,3.79599666595459,3.92631459236145,3.9285080432891846,4.2969651222229,4.342453479766846,4.636022567749023,4.439170837402344,4.188209056854248,4.32390832901001,3.3188021183013916,3.3919548988342285,3.2231409549713135,3.152127265930176,3.3217577934265137,3.0521316528320312,3.1461777687072754,3.3122851848602295,3.261401891708374,3.6112968921661377,3.7241039276123047,3.993131399154663,3.8097519874572754,3.7549524307250977,3.9659533500671387
B10,3.8205199241638184,4.0014543533325195,3.7127323150634766,3.8168835639953613,3.790276288986206,3.4983389377593994,3.7053332328796387,3.6968305110931396,3.6949455738067627,4.036231994628906,3.97092604637146,4.3171491622924805,4.1747145652771,3.8379604816436768,3.9125800132751465,2.4410107135772705,2.3588969707489014,2.0100150108337402,1.8250144720077515,1.527312159538269,1.2390424013137817,0.9290307760238647,0.6587675213813782,0.38752618432044983,0.0,0.3828883171081543,0.5380633473396301,0.7168452739715576,0.8356032371520996,1.223021388053894,1.8826885223388672,2.145115375518799,2.1911959648132324,1.9431817531585693,2.2162513732910156,2.416053295135498,2.3106367588043213,2.6648640632629395,2.733337640762329,2.8748180866241455,3.24330472946167,3.314683198928833,3.2637953758239746,3.2454395294189453,3.500828266143799,3.516824960708618,3.83439040184021,3.7029051780700684,3.8549726009368896,4.041615962982178,3.8277134895324707,4.076406955718994,4.210000991821289,4.235677242279053,4.609467506408691,4.656777858734131,4.960594177246094,4.777490139007568,4.522744655609131,4.66757869720459,3.6199729442596436,3.6729371547698975,3.4841527938842773,3.391951560974121,3.5308897495269775,3.2381105422973633,3.297569990158081,3.4378843307495117,3.347151041030884,3.680417060852051,3.766277551651001,4.021477699279785,3.8065619468688965,3.743541717529297,3.921198844909668
B11,3.5482466220855713,3.748628854751587,3.4753475189208984,3.6107404232025146,3.6034812927246094,3.3375496864318848,3.5770928859710693,3.588240385055542,3.6243550777435303,3.978834390640259,3.937922477722168,4.294581413269043,4.179261207580566,3.852764129638672,3.963534355163574,2.5821738243103027,2.5395734310150146,2.167112350463867,2.041541814804077,1.7391890287399292,1.4301825761795044,1.1914621591567993,0.8629003763198853,0.5955257415771484,0.3828883171081543,0.0,0.3761758506298065,0.552859902381897,0.6098089814186096,0.9623983502388,1.7202298641204834,1.9979020357131958,2.011798620223999,1.7649903297424316,2.0461413860321045,2.1962482929229736,2.0766475200653076,2.436941146850586,2.466853380203247,2.6146349906921387,2.9757063388824463,3.036072254180908,2.956500768661499,2.9336841106414795,3.170936107635498,3.2375035285949707,3.5688047409057617,3.4623987674713135,3.632110118865967,3.8402366638183594,3.65490460395813,3.9232470989227295,4.0764336585998535,4.130650520324707,4.5103864669799805,4.5795135498046875,4.889960289001465,4.728754997253418,4.486021995544434,4.659760475158691,3.673591136932373,3.7468039989471436,3.5304901599884033,3.4657366275787354,3.581641912460327,3.270622491836548,3.3463516235351562,3.451902389526367,3.366023302078247,3.7022011280059814,3.7551462650299072,4.028744220733643,3.81168270111084,3.711686611175537,3.8849806785583496
B12,3.707594633102417,3.934572219848633,3.6845812797546387,3.8271942138671875,3.851478338241577,3.59498929977417,3.8408043384552,3.877168893814087,3.9126265048980713,4.2721848487854,4.247772216796875,4.6003546714782715,4.4752984046936035,4.1575236320495605,4.264769554138184,2.886214017868042,2.84228253364563,2.4835221767425537,2.328594207763672,2.0412607192993164,1.7283761501312256,1.4509066343307495,1.1642398834228516,0.8529917001724243,0.5380633473396301,0.3761758506298065,0.0,0.37695086002349854,0.65944504737854,0.9557831883430481,2.041205644607544,2.338230609893799,2.3556482791900635,2.1169610023498535,2.396801710128784,2.5215611457824707,2.3814072608947754,2.7338857650756836,2.7274162769317627,2.851104974746704,3.2122278213500977,3.23774790763855,3.141177177429199,3.1427509784698486,3.3604259490966797,3.5058813095092773,3.8454108238220215,3.7634711265563965,3.936525583267212,4.161948204040527,3.9905474185943604,4.26123571395874,4.426764011383057,4.484047889709473,4.863918304443359,4.942081451416016,5.2495646476745605,5.0870161056518555,4.850409984588623,5.024738788604736,4.043777942657471,4.111725807189941,3.898003578186035,3.823090076446533,3.935258388519287,3.6204988956451416,3.6789817810058594,3.7789089679718018,3.6720306873321533,3.996293544769287,4.037818908691406,4.297970294952393,4.060772895812988,3.960920572280884,4.10814905166626
B13,3.4626471996307373,3.6947855949401855,3.4556007385253906,3.5849125385284424,3.633180856704712,3.3778131008148193,3.620664596557617,3.685245990753174,3.7166662216186523,4.081199645996094,4.082723140716553,4.428807735443115,4.296835899353027,3.9965178966522217,4.1121602058410645,2.8163297176361084,2.816342830657959,2.46663236618042,2.332486867904663,2.0937600135803223,1.7406342029571533,1.5083081722259521,1.2698413133621216,0.9028729200363159,0.7168452739715576,0.552859902381897,0.37695086002349854,0.0,0.386584997177124,0.6474626660346985,1.935394525527954,2.2660720348358154,2.3287107944488525,2.142937660217285,2.4648549556732178,2.5833568572998047,2.4874587059020996,2.856790781021118,2.849289894104004,3.0114049911499023,3.3557143211364746,3.399263381958008,3.271068811416626,3.2354044914245605,3.42541766166687,3.4337615966796875,3.762986421585083,3.701991319656372,3.8481132984161377,4.094676971435547,3.9283969402313232,4.183503150939941,4.374310493469238,4.419346809387207,4.795584201812744,4.8971147537231445,5.189489364624023,5.018460273742676,4.803546905517578,4.982834815979004,4.105200290679932,4.203985691070557,4.0043044090271,3.9584624767303467,4.093935966491699,3.793062210083008,3.883901357650757,3.994729518890381,3.9165775775909424,4.254371166229248,4.304232120513916,4.578997611999512,4.3578667640686035,4.25182580947876,4.415610313415527
