,A1,A2,A3,A4,A5,A6,A7,A8,A9,A10,A11,A12,A13,A14,A15,B1,B2,B3,B4,B5,B6,B7,B8,B9,B10,B11,B12,B13,B14,B15,C1,C2,C3,C4,C5,C6,C7,C8,C9,C10,C11,C12,C13,C14,C15,D1,D2,D3,D4,D5,D6,D7,D8,D9,D10,D11,D12,D13,D14,D15,E1,E2,E3,E4,E5,E6,E7,E8,E9,E10,E11,E12,E13,E14,E15
A1,0.0,0.3961383104324341,0.5947615504264832,0.9010339379310608,1.2239279747009277,1.4554916620254517,1.7846745252609253,2.0382561683654785,2.3673717975616455,2.6264045238494873,2.8790838718414307,3.115666627883911,3.2940096855163574,3.3523666858673096,3.6691582202911377,3.9531381130218506,4.0968194007873535,3.833648204803467,4.055063247680664,4.07265043258667,3.844560384750366,4.143308162689209,4.092525959014893,4.231688499450684,4.552389144897461,4.472676753997803,4.844636917114258,4.8014397621154785,4.5904107093811035,4.928098201751709,4.1397576332092285,4.377142906188965,4.092668056488037,4.175971031188965,4.181220054626465,3.8447983264923096,4.012399196624756,3.967371940612793,3.938044786453247,4.259834289550781,4.136958599090576,4.44727897644043,4.250081539154053,4.041299819946289,4.3472185134887695,3.1059927940368652,3.0242886543273926,2.8031976222991943,2.61135196685791,2.6539762020111084,2.3240089416503906,2.231010675430298,2.345980644226074,2.1157143115997314,2.402963399887085,2.4293265342712402,2.553363800048828,2.219731569290161,2.1914761066436768,2.4516172409057617,2.0069892406463623,2.270000696182251,2.430842876434326,2.5409295558929443,2.9218921661376953,3.0247983932495117,3.2485859394073486,3.5880484580993652,3.771982431411743,4.057925224304199,4.361564636230469,4.5081987380981445,4.586687088012695,4.850882530212402,5.08807897567749
A2,0.3961383104324341,0.0,0.39145323634147644,0.6047073006629944,0.9122939705848694,1.2096037864685059,1.4997235536575317,1.7567297220230103,2.089797019958496,2.315208911895752,2.5835928916931152,2.79709792137146,2.999423027038574,3.079040765762329,3.380523681640625,3.7880306243896484,3.9600377082824707,3.721069097518921,3.9651236534118652,4.006964206695557,3.808809757232666,4.130406379699707,4.100820064544678,4.269204139709473,4.593410491943359,4.540003776550293,4.913011074066162,4.88956880569458,4.701014995574951,5.048022270202637,4.349348545074463,4.597352504730225,4.312451362609863,4.423217296600342,4.426440238952637,4.102514743804932,4.290430545806885,4.23615026473999,4.230114459991455,4.550411224365234,4.4217400550842285,4.743679046630859,4.563655376434326,4.345670223236084,4.6509175300598145,3.407089948654175,3.2979016304016113,3.0654289722442627,2.8639705181121826,2.8618216514587402,2.5206098556518555,2.3993537425994873,2.4618265628814697,2.2004640102386475,2.4578568935394287,2.4281580448150635,2.546774387359619,2.198099136352539,2.1262636184692383,2.357142925262451,1.7638484239578247,1.9874473810195923,2.1618781089782715,2.229691505432129,2.6157491207122803,2.721365451812744,2.919524908065796,3.270763874053955,3.43847918510437,3.717602491378784,4.027326583862305,4.158627510070801,4.2328643798828125,4.507370948791504,4.7336344718933105
A3,0.5947615504264832,0.39145323634147644,0.0,0.3939840793609619,0.6440280675888062,0.8730484247207642,1.2086318731307983,1.4446669816970825,1.7811846733093262,2.039336681365967,2.284848928451538,2.5275216102600098,2.7055516242980957,2.7597358226776123,3.0746498107910156,3.409576654434204,3.5744805335998535,3.331899404525757,3.574069023132324,3.616366147994995,3.4198195934295654,3.744323968887329,3.7209153175354004,3.8954455852508545,4.221826553344727,4.179914951324463,4.551743507385254,4.53361177444458,4.35681676864624,4.7085981369018555,4.069695472717285,4.328520774841309,4.048914909362793,4.1851887702941895,4.197420597076416,3.8908135890960693,4.105537414550781,4.059381008148193,4.085818767547607,4.41512393951416,4.303609371185303,4.638880729675293,4.482779026031494,4.276432514190674,4.595551490783691,3.4320220947265625,3.335547924041748,3.06980037689209,2.9081954956054688,2.890230178833008,2.5288503170013428,2.4530997276306152,2.484605073928833,2.259030342102051,2.5398831367492676,2.482384443283081,2.651498317718506,2.326530933380127,2.204345464706421,2.4611432552337646,1.712361454963684,1.9537516832351685,2.0662856101989746,2.132658004760742,2.512690305709839,2.5657589435577393,2.773996114730835,3.1134347915649414,3.270296812057495,3.5744264125823975,3.862246513366699,4.017333030700684,4.070034503936768,4.327394485473633,4.563968181610107
A4,0.9010339379310608,0.6047073006629944,0.3939840793609619,0.0,0.40176841616630554,0.6522147059440613,0.9098824262619019,1.206329584121704,1.5100411176681519,1.752560019493103,2.037169933319092,2.245487689971924,2.424318313598633,2.5198397636413574,2.8295886516571045,3.2685790061950684,3.468216896057129,3.2581660747528076,3.504469394683838,3.588074207305908,3.4121756553649902,3.750877618789673,3.766084671020508,3.952838182449341,4.291164398193359,4.283077716827393,4.648568153381348,4.631697177886963,4.481570720672607,4.842571258544922,4.27085542678833,4.549240589141846,4.284720420837402,4.441248416900635,4.472390174865723,4.180685520172119,4.413329601287842,4.380568027496338,4.42327880859375,4.759164333343506,4.659305572509766,4.998449325561523,4.849147796630859,4.649908065795898,4.973461627960205,3.825202226638794,3.7280361652374268,3.4597830772399902,3.2983663082122803,3.270720958709717,2.9073944091796875,2.8228671550750732,2.8346972465515137,2.5961415767669678,2.8567490577697754,2.7688286304473877,2.927814483642578,2.5947022438049316,2.4504363536834717,2.6763575077056885,1.7978578805923462,1.977657675743103,2.0918798446655273,2.0873680114746094,2.4656572341918945,2.499936580657959,2.6608035564422607,3.0136733055114746,3.1289350986480713,3.4312708377838135,3.717684507369995,3.851684808731079,3.878710985183716,4.148562431335449,4.364040374755859
A5,1.2239279747009277,0.9122939705848694,0.6440280675888062,0.40176841616630554,0.0,0.395118772983551,0.6232309937477112,0.8487432599067688,1.1884925365447998,1.4092200994491577,1.672417402267456,1.8935877084732056,2.0911900997161865,2.169562339782715,2.4691507816314697,2.969294548034668,3.1797215938568115,2.984180450439453,3.2556707859039307,3.3443775177001953,3.2022793292999268,3.557671308517456,3.578826904296875,3.7965848445892334,4.125659942626953,4.135747909545898,4.499721050262451,4.511155605316162,4.3806538581848145,4.743432998657227,4.278636932373047,4.556039333343506,4.288198947906494,4.472708225250244,4.492300510406494,4.218695640563965,4.470658302307129,4.4230804443359375,4.4952712059021,4.82476806640625,4.720673084259033,5.072097301483154,4.949794292449951,4.744056224822998,5.067364692687988,3.957784652709961,3.842554807662964,3.554460048675537,3.4055724143981934,3.336421489715576,2.9649658203125,2.8846709728240967,2.844775676727295,2.6140730381011963,2.859546661376953,2.7235772609710693,2.9054272174835205,2.5918948650360107,2.396101951599121,2.6130125522613525,1.583961009979248,1.7406046390533447,1.808685064315796,1.7789547443389893,2.144615411758423,2.143927812576294,2.3003695011138916,2.6461679935455322,2.7525954246520996,3.0658133029937744,3.3407914638519287,3.4865076541900635,3.5059814453125,3.7666921615600586,3.989131212234497
A6,1.4554916620254517,1.2096037864685059,0.8730484247207642,0.6522147059440613,0.395118772983551,0.0,0.38993361592292786,0.6146044731140137,0.9182708859443665,1.2175220251083374,1.4571082592010498,1.7125741243362427,1.8510288000106812,1.906840205192566,2.234299659729004,2.6199097633361816,2.828395366668701,2.6341001987457275,2.8920421600341797,2.9960479736328125,2.850458860397339,3.2058520317077637,3.2487070560455322,3.4637680053710938,3.8014631271362305,3.8315746784210205,4.188647270202637,4.194535255432129,4.081693172454834,4.449209690093994,4.04208517074585,4.335165977478027,4.084845542907715,4.2910261154174805,4.332418441772461,4.080984115600586,4.356125354766846,4.329940319061279,4.4289326667785645,4.768220901489258,4.690701484680176,5.047080039978027,4.941834449768066,4.7571210861206055,5.092676639556885,4.069890975952148,3.9790940284729004,3.6722536087036133,3.560652017593384,3.4973275661468506,3.1194357872009277,3.0827524662017822,3.0377087593078613,2.843782424926758,3.109815835952759,2.9715096950531006,3.1850240230560303,2.8913350105285645,2.678865671157837,2.914513349533081,1.835614800453186,1.9969805479049683,2.0031182765960693,1.9664307832717896,2.3049778938293457,2.239501714706421,2.390828847885132,2.7133402824401855,2.791529893875122,3.127891778945923,3.369807481765747,3.5355985164642334,3.5193681716918945,3.7588930130004883,3.983940601348877
A7,1.7846745252609253,1.4997235536575317,1.2086318731307983,0.9098824262619019,0.6232309937477112,0.38993361592292786,0.0,0.38850122690200806,0.6047595143318176,0.8748061656951904,1.165453553199768,1.3758920431137085,1.5199822187423706,1.6267281770706177,1.9414892196655273,2.4832212924957275,2.7333154678344727,2.586449146270752,2.8527379035949707,3.00030517578125,2.8920934200286865,3.2586700916290283,3.33945369720459,3.571308135986328,3.9104418754577637,3.9753756523132324,4.320916652679443,4.3364577293396,4.253537178039551,4.624075412750244,4.302229404449463,4.605645656585693,4.368046760559082,4.591850757598877,4.642612934112549,4.406642913818359,4.693980693817139,4.672360897064209,4.785284996032715,5.124824047088623,5.052062034606934,5.411458492279053,5.314840793609619,5.1318583488464355,5.467842102050781,4.4526848793029785,4.354763984680176,4.046663761138916,3.93135929107666,3.854573965072632,3.4769399166107178,3.4281623363494873,3.3642022609710693,3.158926486968994,3.403942823410034,3.239569902420044,3.4428768157958984,3.1480491161346436,2.918548583984375,3.1244797706604004,1.9690111875534058,2.0641138553619385,2.061444044113159,1.9541571140289307,2.268059253692627,2.175398826599121,2.2682619094848633,2.5916571617126465,2.6193199157714844,2.9506072998046875,3.18265700340271,3.3276407718658447,3.2810418605804443,3.528184652328491,3.7309632301330566
A8,2.0382561683654785,1.7567297220230103,1.4446669816970825,1.206329584121704,0.8487432599067688,0.6146044731140137,0.38850122690200806,0.0,0.38953790068626404,0.6389028429985046,0.8460090756416321,1.115303635597229,1.2729638814926147,1.3223271369934082,1.6327351331710815,2.203925132751465,2.4559335708618164,2.319303274154663,2.614152669906616,2.7557766437530518,2.685105562210083,3.0633580684661865,3.1410858631134033,3.402726650238037,3.7248477935791016,3.80190110206604,4.14368200302124,4.189704418182373,4.122835636138916,4.489548206329346,4.268363952636719,4.563086986541748,4.321974754333496,4.567215442657471,4.602632999420166,4.384873867034912,4.684630393981934,4.64727783203125,4.784902572631836,5.114155292510986,5.037280559539795,5.4043684005737305,5.3332905769348145,5.145773410797119,5.478501319885254,4.510898113250732,4.400615692138672,4.0784525871276855,3.9788026809692383,3.870373249053955,3.492746114730835,3.4547200202941895,3.3517889976501465,3.1652119159698486,3.398045063018799,3.2024788856506348,3.427013874053955,3.1600468158721924,2.8962719440460205,3.0977892875671387,1.878469467163086,1.9582768678665161,1.8919583559036255,1.777519702911377,2.053356885910034,1.908058524131775,2.004065752029419,2.3005194664001465,2.3219521045684814,2.66949462890625,2.877741575241089,3.047977924346924,2.993604898452759,3.219027519226074,3.437936544418335
A9,2.3673717975616455,2.089797019958496,1.7811846733093262,1.5100411176681519,1.1884925365447998,0.9182708859443665,0.6047595143318176,0.38953790068626404,0.0,0.38998135924339294,0.6115517616271973,0.8492266535758972,0.9344712495803833,1.0261462926864624,1.3497228622436523,1.9772149324417114,2.2651991844177246,2.177415370941162,2.459357738494873,2.6498916149139404,2.605989933013916,2.9835023880004883,3.106511116027832,3.3700220584869385,3.696335792541504,3.8104240894317627,4.134639263153076,4.178752899169922,4.143927097320557,4.511938571929932,4.371719837188721,4.680909156799316,4.462182998657227,4.724807262420654,4.781564235687256,4.584995269775391,4.900014877319336,4.8809685707092285,5.0356831550598145,5.370248317718506,5.312128067016602,5.679957389831543,5.618340492248535,5.44499397277832,5.783575534820557,4.858407497406006,4.759335994720459,4.4321112632751465,4.344923496246338,4.239980697631836,3.8616466522216797,3.834591865539551,3.7296454906463623,3.5501255989074707,3.7826318740844727,3.581301689147949,3.8076400756835938,3.5436010360717773,3.2746472358703613,3.4678008556365967,2.2280333042144775,2.2752580642700195,2.1929001808166504,2.0398998260498047,2.2775962352752686,2.093357801437378,2.1362318992614746,2.4085161685943604,2.3702304363250732,2.714996814727783,2.8903892040252686,3.049548387527466,2.947232484817505,3.162609100341797,3.3586792945861816
A10,2.6264045238494873,2.315208911895752,2.039336681365967,1.752560019493103,1.4092200994491577,1.2175220251083374,0.8748061656951904,0.6389028429985046,0.38998135924339294,0.0,0.38245058059692383,0.5011074542999268,0.7020001411437988,0.866293728351593,1.1175105571746826,2.0415332317352295,2.357809543609619,2.318942070007324,2.61987042427063,2.824854612350464,2.828322649002075,3.2096617221832275,3.3414204120635986,3.6262733936309814,3.9369966983795166,4.066439628601074,4.382425785064697,4.448868274688721,4.430288791656494,4.793743133544922,4.714956283569336,5.018364906311035,4.796511650085449,5.066303253173828,5.111246585845947,4.9188761711120605,5.234281539916992,5.200786113739014,5.359772205352783,5.686047554016113,5.615439414978027,5.986100196838379,5.931059837341309,5.746010780334473,6.077792167663574,5.131623268127441,5.011655330657959,4.68710470199585,4.586113929748535,4.458176612854004,4.08369779586792,4.03375244140625,3.904780864715576,3.7102248668670654,3.913086414337158,3.6845571994781494,3.895705223083496,3.6370348930358887,3.353398561477661,3.51200270652771,2.2426583766937256,2.2258660793304443,2.1372570991516113,1.9268772602081299,2.1225271224975586,1.923510193824768,1.9033504724502563,2.166990280151367,2.083138942718506,2.412726640701294,2.581704616546631,2.718074321746826,2.5983572006225586,2.823561429977417,3.001796007156372
A11,2.8790838718414307,2.5835928916931152,2.284848928451538,2.037169933319092,1.672417402267456,1.4571082592010498,1.165453553199768,0.8460090756416321,0.6115517616271973,0.38245058059692383,0.0,0.3761385381221771,0.5245219469070435,0.5462272763252258,0.79820317029953,1.7515374422073364,2.0683138370513916,2.0524628162384033,2.3719258308410645,2.5739848613739014,2.619443655014038,3.0016074180603027,3.1351568698883057,3.4415156841278076,3.731961250305176,3.876436948776245,4.1815009117126465,4.27369499206543,4.274471759796143,4.630192279815674,4.652048110961914,4.94722843170166,4.729170799255371,5.017333030700684,5.05373477935791,4.8831634521484375,5.2093000411987305,5.168193340301514,5.350466251373291,5.667444229125977,5.600063800811768,5.974462985992432,5.943526744842529,5.761114120483398,6.090430736541748,5.207391262054443,5.085145950317383,4.749350070953369,4.669252395629883,4.521883010864258,4.150803089141846,4.119467735290527,3.9648284912109375,3.7955679893493652,3.9933178424835205,3.747767925262451,3.979483127593994,3.7489092350006104,3.4439549446105957,3.6044673919677734,2.324342727661133,2.306091070175171,2.1587884426116943,1.9600931406021118,2.1016762256622314,1.8439915180206299,1.8249324560165405,2.0335350036621094,1.9331138134002686,2.2777371406555176,2.400582790374756,2.5712578296661377,2.4315342903137207,2.617281436920166,2.8135945796966553
A12,3.115666627883911,2.79709792137146,2.5275216102600098,2.245487689971924,1.8935877084732056,1.7125741243362427,1.3758920431137085,1.115303635597229,0.8492266535758972,0.5011074542999268,0.3761385381221771,0.0,0.38113802671432495,0.5982563495635986,0.7051958441734314,1.9301705360412598,2.2732455730438232,2.308237075805664,2.6153252124786377,2.8458566665649414,2.914764404296875,3.2906899452209473,3.446481704711914,3.7530453205108643,4.040812969207764,4.2026591300964355,4.49689245223999,4.590298652648926,4.606207370758057,4.960543155670166,5.007108688354492,5.307206630706787,5.09499979019165,5.384708404541016,5.426031112670898,5.256221294403076,5.582589149475098,5.543215751647949,5.723173141479492,6.040996551513672,5.971469402313232,6.345683574676514,6.311066627502441,6.125566005706787,6.453683376312256,5.543685436248779,5.4137864112854,5.083624839782715,4.989488124847412,4.8389153480529785,4.469071865081787,4.4187140464782715,4.261693000793457,4.0741190910339355,4.255032062530518,3.99996018409729,4.211366653442383,3.973271369934082,3.6697967052459717,3.8030846118927,2.5213515758514404,2.4530792236328125,2.327423572540283,2.0784482955932617,2.1918840408325195,1.9433966875076294,1.8490575551986694,2.0505783557891846,1.8878271579742432,2.198659896850586,2.3123178482055664,2.437509059906006,2.262880325317383,2.4651389122009277,2.6204371452331543
A13,3.2940096855163574,2.999423027038574,2.7055516242980957,2.424318313598633,2.0911900997161865,1.8510288000106812,1.5199822187423706,1.2729638814926147,0.9344712495803833,0.7020001411437988,0.5245219469070435,0.38113802671432495,0.0,0.3745313882827759,0.5326249599456787,1.650547742843628,2.0109028816223145,2.081118106842041,2.3603591918945312,2.6251561641693115,2.7052836418151855,3.069456100463867,3.25885009765625,3.555884599685669,3.8459231853485107,4.033484935760498,4.3106465339660645,4.395718574523926,4.435115814208984,4.787498950958252,4.892422199249268,5.202756404876709,5.01261043548584,5.314591884613037,5.377023220062256,5.227529048919678,5.566488265991211,5.547971725463867,5.7435150146484375,6.067221641540527,6.020612716674805,6.393848896026611,6.3684306144714355,6.201787948608398,6.53761625289917,5.687708854675293,5.578413486480713,5.23997163772583,5.168053150177002,5.029969215393066,4.657110214233398,4.632972717285156,4.484280586242676,4.316097736358643,4.516356468200684,4.271389484405518,4.49957799911499,4.264612197875977,3.961994171142578,4.114928722381592,2.8326315879821777,2.791254758834839,2.6506800651550293,2.4239890575408936,2.535477876663208,2.266446352005005,2.186624765396118,2.3595168590545654,2.1862237453460693,2.4979195594787598,2.572246789932251,2.709137439727783,2.5024795532226562,2.6696653366088867,2.815455198287964
A14,3.3523666858673096,3.079040765762329,2.7597358226776123,2.5198397636413574,2.169562339782715,1.906840205192566,1.6267281770706177,1.3223271369934082,1.0261462926864624,0.866293728351593,0.5462272763252258,0.5982563495635986,0.3745313882827759,0.0,0.3718394339084625,1.340268850326538,1.6890956163406372,1.7582004070281982,2.057816982269287,2.3054301738739014,2.410435676574707,2.7755322456359863,2.9545750617980957,3.26731014251709,3.5406241416931152,3.7307822704315186,4.003452301025391,4.108341217041016,4.155004501342773,4.5005669593811035,4.669534206390381,4.96945333480835,4.779711723327637,5.093113422393799,5.146039009094238,5.012825012207031,5.357821464538574,5.332653999328613,5.5453410148620605,5.860416412353516,5.817175388336182,6.191788673400879,6.185695648193359,6.022878170013428,6.3562116622924805,5.567366123199463,5.460596084594727,5.113225936889648,5.062983512878418,4.913872718811035,4.545032978057861,4.54303503036499,4.379330158233643,4.238343238830566,4.442201614379883,4.192539215087891,4.44280481338501,4.231490612030029,3.9165656566619873,4.083106517791748,2.80863094329834,2.7909836769104004,2.6072001457214355,2.416063070297241,2.505232095718384,2.201366901397705,2.1589903831481934,2.292889356613159,2.141326904296875,2.473137617111206,2.516826868057251,2.700146198272705,2.5000689029693604,2.626246452331543,2.8064188957214355
A15,3.6691582202911377,3.380523681640625,3.0746498107910156,2.8295886516571045,2.4691507816314697,2.234299659729004,1.9414892196655273,1.6327351331710815,1.3497228622436523,1.1175105571746826,0.79820317029953,0.7051958441734314,0.5326249599456787,0.3718394339084625,0.0,1.4592738151550293,1.8074584007263184,1.933073878288269,2.230250835418701,2.481410264968872,2.632863759994507,2.985990285873413,3.170675754547119,3.495731830596924,3.7462291717529297,3.951240301132202,4.208145618438721,4.334097862243652,4.399470806121826,4.7350993156433105,4.9738450050354,5.266748905181885,5.078738689422607,5.399572372436523,5.4439520835876465,5.320146083831787,5.666635036468506,5.631685256958008,5.852034568786621,6.1587724685668945,6.109358787536621,6.485299587249756,6.489376544952393,6.320828437805176,6.648534297943115,5.863768100738525,5.744205951690674,5.397195816040039,5.343092441558838,5.176630973815918,4.812561988830566,4.800468444824219,4.6179518699646,4.473900318145752,4.656930923461914,4.388613700866699,4.631426811218262,4.431366443634033,4.106016635894775,4.249075412750244,2.976412534713745,2.919626474380493,2.7237722873687744,2.5059187412261963,2.543344259262085,2.222940444946289,2.1293399333953857,2.217379570007324,2.0148963928222656,2.318737268447876,2.3197903633117676,2.4894354343414307,2.253952741622925,2.35707950592041,2.5168297290802
B1,3.9531381130218506,3.7880306243896484,3.409576654434204,3.2685790061950684,2.969294548034668,2.6199097633361816,2.4832212924957275,2.203925132751465,1.9772149324417114,2.0415332317352295,1.7515374422073364,1.9301705360412598,1.650547742843628,1.340268850326538,1.4592738151550293,0.0,0.3760822117328644,0.6094802618026733,0.8068025708198547,1.1145187616348267,1.3251417875289917,1.6187524795532227,1.8681854009628296,2.1705563068389893,2.3981716632843018,2.661281108856201,2.8658618927001953,2.9872963428497314,3.1128838062286377,3.4266772270202637,3.889024496078491,4.1793718338012695,4.056859016418457,4.413618564605713,4.499785900115967,4.460092544555664,4.835244655609131,4.852774143218994,5.13134765625,5.432900905609131,5.4583258628845215,5.819609642028809,5.874342441558838,5.773756980895996,6.111333847045898,5.620977401733398,5.576593399047852,5.2079291343688965,5.255883693695068,5.1280317306518555,4.778541564941406,4.881476402282715,4.725477695465088,4.686458587646484,4.935617923736572,4.721446514129639,5.035731792449951,4.877641201019287,4.565340518951416,4.795900821685791,3.6188063621520996,3.7009663581848145,3.4527218341827393,3.377688407897949,3.4514408111572266,3.1107397079467773,3.16928768157959,3.218984603881836,3.1263437271118164,3.4674129486083984,3.4269962310791016,3.6883890628814697,3.4868898391723633,3.4983270168304443,3.713331937789917
B2,4.0968194007873535,3.9600377082824707,3.5744805335998535,3.468216896057129,3.1797215938568115,2.828395366668701,2.7333154678344727,2.4559335708618164,2.2651991844177246,2.357809543609619,2.0683138370513916,2.2732455730438232,2.0109028816223145,1.6890956163406372,1.8074584007263184,0.3760822117328644,0.0,0.37463927268981934,0.5015044212341309,0.7807154655456543,1.0509928464889526,1.307407259941101,1.5557715892791748,1.8623393774032593,2.0612151622772217,2.3373963832855225,2.5234901905059814,2.662144660949707,2.805276393890381,3.1049349308013916,3.6567840576171875,3.933596611022949,3.8246166706085205,4.190728187561035,4.275522232055664,4.262598991394043,4.640970706939697,4.662187576293945,4.95788049697876,5.248857021331787,5.288071632385254,5.643638610839844,5.718018054962158,5.631465435028076,5.965052127838135,5.562023639678955,5.530738353729248,5.159801006317139,5.2342424392700195,5.108169078826904,4.7699995040893555,4.899457931518555,4.74266242980957,4.7336273193359375,4.988663196563721,4.784291744232178,5.112874507904053,4.974762439727783,4.665013790130615,4.908759117126465,3.7777795791625977,3.883995532989502,3.6207053661346436,3.5792298316955566,3.647274971008301,3.3047592639923096,3.392601251602173,3.4239144325256348,3.356520652770996,3.6988167762756348,3.6468489170074463,3.928812265396118,3.741063117980957,3.730365037918091,3.9609317779541016
B3,3.833648204803467,3.721069097518921,3.331899404525757,3.2581660747528076,2.984180450439453,2.6341001987457275,2.586449146270752,2.319303274154663,2.177415370941162,2.318942070007324,2.0524628162384033,2.308237075805664,2.081118106842041,1.7582004070281982,1.933073878288269,0.6094802618026733,0.37463927268981934,0.0,0.37896931171417236,0.5504235029220581,0.7526158690452576,1.0710325241088867,1.2759541273117065,1.5996818542480469,1.8265306949615479,2.0681586265563965,2.292815685272217,2.4244165420532227,2.5313875675201416,2.846886157989502,3.326265573501587,3.6018755435943604,3.4783382415771484,3.8410468101501465,3.9198145866394043,3.8976550102233887,4.274900913238525,4.293641090393066,4.586300373077393,4.87925386428833,4.917469024658203,5.273551940917969,5.344845294952393,5.258647441864014,5.59345006942749,5.199584484100342,5.175285339355469,4.804421424865723,4.887474060058594,4.769042491912842,4.433897018432617,4.576436519622803,4.428731918334961,4.432969570159912,4.698492527008057,4.509269714355469,4.844817638397217,4.711141586303711,4.410702228546143,4.670051574707031,3.5781331062316895,3.715496301651001,3.455165386199951,3.447139263153076,3.537447452545166,3.21089506149292,3.3380179405212402,3.3875181674957275,3.3602852821350098,3.7164061069488525,3.6920816898345947,3.9869191646575928,3.8299593925476074,3.835590124130249,4.08766508102417
B4,4.055063247680664,3.9651236534118652,3.574069023132324,3.504469394683838,3.2556707859039307,2.8920421600341797,2.8527379035949707,2.614152669906616,2.459357738494873,2.61987042427063,2.3719258308410645,2.6153252124786377,2.3603591918945312,2.057816982269287,2.230250835418701,0.8068025708198547,0.5015044212341309,0.37896931171417236,0.0,0.38999298214912415,0.5991790294647217,0.8233205080032349,1.1117364168167114,1.385661005973816,1.609984278678894,1.893957257270813,2.0794565677642822,2.1878366470336914,2.33280611038208,2.6376760005950928,3.1975743770599365,3.478982925415039,3.3926033973693848,3.7613930702209473,3.868243932723999,3.875166416168213,4.257275581359863,4.304425239562988,4.607692241668701,4.901295185089111,4.968119144439697,5.314064979553223,5.393166542053223,5.33221960067749,5.669478893280029,5.349769592285156,5.349442005157471,4.980091571807861,5.0830488204956055,4.983522891998291,4.6542229652404785,4.817065238952637,4.685410022735596,4.704098224639893,4.982127666473389,4.8089141845703125,5.1490864753723145,5.015620231628418,4.724734306335449,4.995028972625732,3.920612096786499,4.069755554199219,3.8155338764190674,3.812648057937622,3.9111804962158203,3.58760404586792,3.7146987915039062,3.7655770778656006,3.733376979827881,4.087569236755371,4.0566911697387695,4.348608493804932,4.181162357330322,4.180088996887207,4.423396110534668
B5,4.07265043258667,4.006964206695557,3.616366147994995,3.588074207305908,3.3443775177001953,2.9960479736328125,3.00030517578125,2.7557766437530518,2.6498916149139404,2.824854612350464,2.5739848613739014,2.8458566665649414,2.6251561641693115,2.3054301738739014,2.481410264968872,1.1145187616348267,0.7807154655456543,0.5504235029220581,0.38999298214912415,0.0,0.38571324944496155,0.5759836435317993,0.7796632051467896,1.1006348133087158,1.2905622720718384,1.556752324104309,1.7548450231552124,1.9000868797302246,2.033762216567993,2.3307528495788574,2.9434263706207275,3.20076060295105,3.1077239513397217,3.4825170040130615,3.5696635246276855,3.5930721759796143,3.973853826522827,4.009519100189209,4.325891017913818,4.604925155639648,4.673039436340332,5.015692234039307,5.113213062286377,5.056336402893066,5.3860392570495605,5.135513782501221,5.1398491859436035,4.77055549621582,4.895174503326416,4.791094779968262,4.476423740386963,4.660360813140869,4.523744583129883,4.571531772613525,4.848843574523926,4.684210300445557,5.0350871086120605,4.925478935241699,4.6383562088012695,4.917420864105225,3.906181573867798,4.0774760246276855,3.810394763946533,3.8444058895111084,3.936541795730591,3.618633270263672,3.7785370349884033,3.815293073654175,3.816997766494751,4.17218542098999,4.1409077644348145,4.4526848793029785,4.310724258422852,4.297666072845459,4.562225341796875
B6,3.844560384750366,3.808809757232666,3.4198195934295654,3.4121756553649902,3.2022793292999268,2.850458860397339,2.8920934200286865,2.685105562210083,2.605989933013916,2.828322649002075,2.619443655014038,2.914764404296875,2.7052836418151855,2.410435676574707,2.632863759994507,1.3251417875289917,1.0509928464889526,0.7526158690452576,0.5991790294647217,0.38571324944496155,0.0,0.3874805271625519,0.583271861076355,0.8656083345413208,1.1471675634384155,1.3737952709197998,1.6169947385787964,1.7038520574569702,1.7947431802749634,2.1224632263183594,2.6105425357818604,2.886911630630493,2.794022560119629,3.1633079051971436,3.270108699798584,3.2828798294067383,3.6656124591827393,3.7210099697113037,4.028740882873535,4.321290016174316,4.401979923248291,4.741910457611084,4.82546854019165,4.779452323913574,5.116915702819824,4.870788097381592,4.8946123123168945,4.528500556945801,4.660453796386719,4.581355094909668,4.267007827758789,4.464226722717285,4.35386848449707,4.407471179962158,4.703166961669922,4.563704013824463,4.9150543212890625,4.796500205993652,4.527769565582275,4.823843479156494,3.845667600631714,4.044708251953125,3.798011302947998,3.8509585857391357,3.977133274078369,3.6823301315307617,3.864083766937256,3.9325027465820312,3.955960988998413,4.321571350097656,4.321175575256348,4.629964828491211,4.50322151184082,4.515568256378174,4.785212993621826
B7,4.143308162689209,4.130406379699707,3.744323968887329,3.750877618789673,3.557671308517456,3.2058520317077637,3.2586700916290283,3.0633580684661865,2.9835023880004883,3.2096617221832275,3.0016074180603027,3.2906899452209473,3.069456100463867,2.7755322456359863,2.985990285873413,1.6187524795532227,1.307407259941101,1.0710325241088867,0.8233205080032349,0.5759836435317993,0.3874805271625519,0.0,0.38363608717918396,0.5657992362976074,0.8200654983520508,1.1024266481399536,1.2918905019760132,1.3706802129745483,1.5122042894363403,1.8176991939544678,2.4550724029541016,2.71893310546875,2.6683969497680664,3.0447371006011963,3.1693732738494873,3.2256102561950684,3.608110189437866,3.685183525085449,4.008927345275879,4.289912700653076,4.398740768432617,4.723932266235352,4.8261637687683105,4.80678129196167,5.13917350769043,5.0005669593811035,5.046019077301025,4.684459209442139,4.842215061187744,4.775153636932373,4.475874900817871,4.695944309234619,4.594231128692627,4.670888900756836,4.971087455749512,4.845298767089844,5.2020673751831055,5.095680236816406,4.83489990234375,5.138127326965332,4.1971845626831055,4.4058918952941895,4.156411170959473,4.221088409423828,4.343324184417725,4.0482048988342285,4.234959125518799,4.292683124542236,4.318254470825195,4.680565357208252,4.668429374694824,4.982369899749756,4.8527607917785645,4.850815296173096,5.120163917541504
B8,4.092525959014893,4.100820064544678,3.7209153175354004,3.766084671020508,3.578826904296875,3.2487070560455322,3.33945369720459,3.1410858631134033,3.106511116027832,3.3414204120635986,3.1351568698883057,3.446481704711914,3.25885009765625,2.9545750617980957,3.170675754547119,1.8681854009628296,1.5557715892791748,1.2759541273117065,1.1117364168167114,0.7796632051467896,0.583271861076355,0.38363608717918396,0.0,0.383040189743042,0.5972777009010315,0.7972714304924011,1.0525033473968506,1.1782695055007935,1.2658690214157104,1.5745267868041992,2.215559720993042,2.450456380844116,2.3784961700439453,2.7592968940734863,2.855452537536621,2.920179605484009,3.300112724304199,3.3597934246063232,3.6935007572174072,3.960904359817505,4.065609931945801,4.389573574066162,4.506588459014893,4.486593723297119,4.811564922332764,4.726426124572754,4.773988723754883,4.414382457733154,4.589944362640381,4.518772602081299,4.235026836395264,4.472325325012207,4.367720603942871,4.470123291015625,4.76766300201416,4.652224540710449,5.015312194824219,4.930714130401611,4.676883697509766,4.9861931800842285,4.115063190460205,4.342974662780762,4.087576389312744,4.18557596206665,4.304773330688477,4.021749019622803,4.23708438873291,4.287498950958252,4.345241069793701,4.706797122955322,4.701159954071045,5.028628826141357,4.925358772277832,4.919674873352051,5.20693826675415
B9,4.231688499450684,4.269204139709473,3.8954455852508545,3.952838182449341,3.7965848445892334,3.4637680053710938,3.571308135986328,3.402726650238037,3.3700220584869385,3.6262733936309814,3.4415156841278076,3.7530453205108643,3.555884599685669,3.26731014251709,3.495731830596924,2.1705563068389893,1.8623393774032593,1.5996818542480469,1.385661005973816,1.1006348133087158,0.8656083345413208,0.5657992362976074,0.383040189743042,0.0,0.3872365951538086,0.5863606333732605,0.8079532980918884,0.841109037399292,0.9472683072090149,1.2632843255996704,1.9527939558029175,2.1932473182678223,2.169374942779541,2.54848313331604,2.6820571422576904,2.778032064437866,3.155634641647339,3.252944231033325,3.58937406539917,3.8567726612091064,3.995283603668213,4.302180290222168,4.4215312004089355,4.432296276092529,4.7575883865356445,4.753896236419678,4.830952167510986,4.480136871337891,4.675292491912842,4.63137149810791,4.35914945602417,4.615850448608398,4.536043643951416,4.652170181274414,4.962070941925049,4.870550155639648,5.233261585235596,5.147612571716309,4.910919189453125,5.231454849243164,4.395155906677246,4.638318061828613,4.395716667175293,4.502394676208496,4.6374006271362305,4.3648552894592285,4.586174964904785,4.6481170654296875,4.709710597991943,5.073976993560791,5.075373649597168,5.400510311126709,5.296630382537842,5.2961931228637695,5.581140995025635
B10,4.552389144897461,4.593410491943359,4.221826553344727,4.291164398193359,4.125659942626953,3.8014631271362305,3.9104418754577637,3.7248477935791016,3.696335792541504,3.9369966983795166,3.731961250305176,4.040812969207764,3.8459231853485107,3.5406241416931152,3.7462291717529297,2.3981716632843018,2.0612151622772217,1.8265306949615479,1.609984278678894,1.2905622720718384,1.1471675634384155,0.8200654983520508,0.5972777009010315,0.3872365951538086,0.0,0.37534061074256897,0.4735168218612671,0.6429721117019653,0.8281776905059814,1.0612752437591553,2.00947642326355,2.1940221786499023,2.193117141723633,2.5732219219207764,2.684152603149414,2.8252580165863037,3.1917169094085693,3.2784688472747803,3.6336653232574463,3.871305227279663,4.017520427703857,4.311675548553467,4.461899280548096,4.483565330505371,4.7929205894470215,4.88864803314209,4.967443466186523,4.620787143707275,4.835377216339111,4.78113317489624,4.5274271965026855,4.796941757202148,4.705033779144287,4.843645095825195,5.142808437347412,5.049803256988525,5.417664527893066,5.355447769165039,5.116393566131592,5.433651924133301,4.633401393890381,4.875612735748291,4.617671966552734,4.7360148429870605,4.8495588302612305,4.570559501647949,4.796606540679932,4.8330302238464355,4.899927616119385,5.256192684173584,5.238312721252441,5.573859214782715,5.473556041717529,5.450200080871582,5.740469455718994
B11,4.472676753997803,4.540003776550293,4.179914951324463,4.283077716827393,4.135747909545898,3.8315746784210205,3.9753756523132324,3.80190110206604,3.8104240894317627,4.066439628601074,3.876436948776245,4.2026591300964355,4.033484935760498,3.7307822704315186,3.951240301132202,2.661281108856201,2.3373963832855225,2.0681586265563965,1.893957257270813,1.556752324104309,1.3737952709197998,1.1024266481399536,0.7972714304924011,0.5863606333732605,0.37534061074256897,0.0,0.3792746365070343,0.543221652507782,0.5700218081474304,0.8162092566490173,1.716590166091919,1.8695040941238403,1.8547526597976685,2.234462022781372,2.327115774154663,2.480487585067749,2.841341495513916,2.9233667850494385,3.2839295864105225,3.511446952819824,3.6626808643341064,3.9508395195007324,4.109806060791016,4.138763427734375,4.442465782165527,4.597408771514893,4.687386989593506,4.3480658531188965,4.580549716949463,4.5348076820373535,4.298942565917969,4.585847854614258,4.503920078277588,4.664914131164551,4.965373516082764,4.892031669616699,5.2607741355896,5.213231086730957,4.989601135253906,5.314241886138916,4.588781833648682,4.851044654846191,4.599227428436279,4.745709419250488,4.8671464920043945,4.607302665710449,4.857228755950928,4.898995876312256,4.9937944412231445,5.350535869598389,5.34782600402832,5.68931245803833,5.612199783325195,5.59566593170166,5.898401260375977
B12,4.844636917114258,4.913011074066162,4.551743507385254,4.648568153381348,4.499721050262451,4.188647270202637,4.320916652679443,4.14368200302124,4.134639263153076,4.382425785064697,4.1815009117126465,4.49689245223999,4.3106465339660645,4.003452301025391,4.208145618438721,2.8658618927001953,2.5234901905059814,2.292815685272217,2.0794565677642822,1.7548450231552124,1.6169947385787964,1.2918905019760132,1.0525033473968506,0.8079532980918884,0.4735168218612671,0.3792746365070343,0.0,0.37919875979423523,0.5890489816665649,0.671943724155426,1.8577449321746826,1.9750144481658936,2.0201973915100098,2.385834217071533,2.490431547164917,2.68882155418396,3.033792495727539,3.1309847831726074,3.4982311725616455,3.704608678817749,3.8769404888153076,4.144876003265381,4.32243013381958,4.373121738433838,4.6649675369262695,4.904426097869873,5.004571914672852,4.671673774719238,4.916135787963867,4.873152256011963,4.647839546203613,4.941493511199951,4.859030723571777,5.0284271240234375,5.325604438781738,5.252728462219238,5.622524738311768,5.582017421722412,5.357639789581299,5.680386066436768,4.955450057983398,5.212507724761963,4.954268932342529,5.096073150634766,5.20702600479126,4.937880992889404,5.179937362670898,5.20833683013916,5.2927751541137695,5.645191192626953,5.625489234924316,5.968817710876465,5.88115930557251,5.849050521850586,6.14700984954834
B13,4.8014397621154785,4.88956880569458,4.53361177444458,4.631697177886963,4.511155605316162,4.194535255432129,4.3364577293396,4.189704418182373,4.178752899169922,4.448868274688721,4.27369499206543,4.590298652648926,4.395718574523926,4.108341217041016,4.334097862243652,2.9872963428497314,2.662144660949707,2.4244165420532227,2.1878366470336914,1.9000868797302246,1.7038520574569702,1.3706802129745483,1.1782695055007935,0.841109037399292,0.6429721117019653,0.543221652507782,0.37919875979423523,0.0,0.3667299449443817,0.4915531277656555,1.621106743812561,1.7694545984268188,1.8627270460128784,2.2180633544921875,2.376739740371704,2.579603672027588,2.923292875289917,3.0643117427825928,3.41852068901062,3.641045093536377,3.8402230739593506,4.097318172454834,4.256649971008301,4.329658508300781,4.629774570465088,4.880237102508545,5.00431489944458,4.678323268890381,4.925845146179199,4.912045478820801,4.6857829093933105,4.985541820526123,4.930511474609375,5.095834255218506,5.408326148986816,5.354818344116211,5.720254898071289,5.664259910583496,5.454701900482178,5.787317276000977,5.06535530090332,5.3333282470703125,5.09348726272583,5.233534812927246,5.368714809417725,5.109894275665283,5.352832317352295,5.404971599578857,5.488006591796875,5.848116397857666,5.8448486328125,6.180605888366699,6.089261054992676,6.074885845184326,6.368112564086914
B14,4.5904107093811035,4.701014995574951,4.35681676864624,4.481570720672607,4.3806538581848145,4.081693172454834,4.253537178039551,4.122835636138916,4.143927097320557,4.430288791656494,4.274471759796143,4.606207370758057,4.435115814208984,4.155004501342773,4.399470806121826,3.1128838062286377,2.805276393890381,2.5313875675201416,2.33280611038208,2.033762216567993,1.7947431802749634,1.5122042894363403,1.2658690214157104,0.9472683072090149,0.8281776905059814,0.5700218081474304,0.5890489816665649,0.3667299449443817,0.0,0.37456953525543213,1.2806153297424316,1.4235385656356812,1.49849271774292,1.8579823970794678,2.0138964653015137,2.213031053543091,2.5573973655700684,2.7017321586608887,3.0536365509033203,3.2800400257110596,3.482250213623047,3.738943576812744,3.893239974975586,3.969280242919922,4.271010398864746,4.537496089935303,4.671630382537842,4.3519287109375,4.60821008682251,4.606827259063721,4.3911051750183105,4.70109224319458,4.660343170166016,4.837127685546875,5.1535444259643555,5.118768215179443,5.481644153594971,5.430591106414795,5.2366943359375,5.5758233070373535,4.911308765411377,5.196159839630127,4.967915058135986,5.128273010253906,5.276951789855957,5.038010120391846,5.299465179443359,5.364566326141357,5.4701080322265625,5.832540988922119,5.849209308624268,6.186215400695801,6.1145124435424805,6.114016056060791,6.416434288024902
