,A1,A2,A3,A4,A5,A6,A7,A8,A9,A10,A11,A12,A13,A14,A15,B1,B2,B3,B4,B5,B6,B7,B8,B9,B10,B11,B12,B13,B14,B15,C1,C2,C3,C4,C5,C6,C7,C8,C9,C10,C11,C12,C13,C14,C15,D1,D2,D3,D4,D5,D6,D7,D8,D9,D10,D11,D12,D13,D14,D15,E1,E2,E3,E4,E5,E6,E7,E8,E9,E10,E11,E12,E13,E14,E15
A1,0.0,0.392212837934494,0.6295331120491028,0.9096777439117432,1.2560499906539917,1.4755349159240723,1.7889505624771118,2.0929040908813477,2.363670825958252,2.7166764736175537,2.9125964641571045,3.20815110206604,3.156771183013916,2.8766930103302,3.0326457023620605,1.8944228887557983,2.119980812072754,1.9168413877487183,1.9597021341323853,2.1506381034851074,1.923482894897461,2.0755205154418945,2.312195062637329,2.285323143005371,2.6458566188812256,2.74721622467041,2.9650797843933105,2.7327089309692383,2.4416399002075195,2.4990766048431396,1.847159743309021,2.1644911766052246,2.185258388519287,2.244123935699463,2.5965263843536377,2.5702064037323,2.760552167892456,3.0799338817596436,3.179649591445923,3.5467464923858643,3.7690324783325195,4.010406494140625,3.919299602508545,3.7761597633361816,4.056031227111816,3.65244460105896,3.8111422061920166,3.5423216819763184,3.4751474857330322,3.593214511871338,3.3156535625457764,3.3503589630126953,3.5367908477783203,3.409864664077759,3.7271852493286133,3.789778709411621,4.00083065032959,3.775050163269043,3.567617177963257,3.715829849243164,3.310109853744507,3.53399658203125,3.467224359512329,3.4546778202056885,3.7471187114715576,3.628620147705078,3.7475664615631104,4.046126365661621,4.046904563903809,4.39928674697876,4.602066993713379,4.814276218414307,4.709529399871826,4.799130916595459,5.1019463539123535
A2,0.392212837934494,0.0,0.4017385244369507,0.6222849488258362,0.9417466521263123,1.2284226417541504,1.5219467878341675,1.81595778465271,2.1123907566070557,2.4444491863250732,2.6568570137023926,2.9498491287231445,2.9337809085845947,2.681281566619873,2.8766136169433594,1.9511816501617432,2.1990599632263184,1.9794925451278687,2.0890564918518066,2.2638776302337646,2.0315465927124023,2.233522653579712,2.437129020690918,2.4354183673858643,2.8040266036987305,2.8621678352355957,3.106656312942505,2.8771958351135254,2.5549349784851074,2.5791163444519043,1.6443263292312622,1.9212251901626587,1.9511947631835938,1.9603440761566162,2.3166465759277344,2.3114418983459473,2.475766181945801,2.814687490463257,2.915228843688965,3.2708184719085693,3.518778085708618,3.747328042984009,3.6760075092315674,3.561211109161377,3.8617429733276367,3.6140012741088867,3.794412612915039,3.5200343132019043,3.4935879707336426,3.6094932556152344,3.32444429397583,3.395402193069458,3.564640760421753,3.4601142406463623,3.7889838218688965,3.823225498199463,4.058657169342041,3.834465265274048,3.5946576595306396,3.725968837738037,3.140547752380371,3.330794334411621,3.2594923973083496,3.209766149520874,3.495969295501709,3.3806254863739014,3.472806215286255,3.781317710876465,3.771820306777954,4.112884044647217,4.3323211669921875,4.5280351638793945,4.430096626281738,4.542329788208008,4.842039108276367
A3,0.6295331120491028,0.4017385244369507,0.0,0.3924044370651245,0.6511983871459961,0.8669394254684448,1.1997219324111938,1.4767487049102783,1.7684671878814697,2.115186929702759,2.3006131649017334,2.6042349338531494,2.579519033432007,2.310807466506958,2.494774103164673,1.6116241216659546,1.871955156326294,1.6600435972213745,1.8218178749084473,2.011159896850586,1.8170840740203857,2.0712921619415283,2.283108711242676,2.3410491943359375,2.719590187072754,2.7824137210845947,3.0577614307403564,2.8699707984924316,2.540142297744751,2.597609758377075,1.5405502319335938,1.7976248264312744,1.7500916719436646,1.741164207458496,2.0656065940856934,2.0083987712860107,2.1644368171691895,2.4857988357543945,2.5668649673461914,2.928316116333008,3.1614959239959717,3.392127752304077,3.305288553237915,3.179119110107422,3.472543478012085,3.23796010017395,3.43346905708313,3.170491933822632,3.1642048358917236,3.3005716800689697,3.032348394393921,3.134544849395752,3.32080078125,3.251863956451416,3.6005802154541016,3.647740125656128,3.9057769775390625,3.7108540534973145,3.465728998184204,3.62195086479187,3.0017027854919434,3.185584545135498,3.0705251693725586,3.019426107406616,3.277033805847168,3.126081705093384,3.210749387741089,3.4979939460754395,3.470196485519409,3.8128364086151123,4.012053489685059,4.212067604064941,4.097666263580322,4.195484161376953,4.491204261779785
A4,0.9096777439117432,0.6222849488258362,0.3924044370651245,0.0,0.3989037871360779,0.6660627126693726,0.9106314778327942,1.2331496477127075,1.507849931716919,1.8387072086334229,2.073289394378662,2.3495700359344482,2.3279919624328613,2.0940160751342773,2.3155646324157715,1.7218685150146484,2.028017520904541,1.8623085021972656,2.073704957962036,2.2888400554656982,2.1315791606903076,2.4120075702667236,2.625997304916382,2.7076356410980225,3.087329626083374,3.1438980102539062,3.4295883178710938,3.2490267753601074,2.9130613803863525,2.9614763259887695,1.7419116497039795,1.9372544288635254,1.8749949932098389,1.7836532592773438,2.0810458660125732,2.0110113620758057,2.0979983806610107,2.4275825023651123,2.464585304260254,2.8032844066619873,3.063530921936035,3.258958339691162,3.1648125648498535,3.075678586959839,3.3796892166137695,3.3195855617523193,3.5505542755126953,3.310426950454712,3.34149432182312,3.502680540084839,3.2531585693359375,3.3906636238098145,3.5830509662628174,3.54355788230896,3.90324068069458,3.946302890777588,4.220741271972656,4.037737846374512,3.7798757553100586,3.9336764812469482,3.186638355255127,3.3322842121124268,3.198791027069092,3.1036365032196045,3.3353779315948486,3.1682844161987305,3.205524444580078,3.4867353439331055,3.420990228652954,3.74051570892334,3.942718267440796,4.112887859344482,3.982120990753174,4.101382732391357,4.376925468444824
A5,1.2560499906539917,0.9417466521263123,0.6511983871459961,0.3989037871360779,0.0,0.394326388835907,0.6254910826683044,0.8848451375961304,1.2037009000778198,1.5151807069778442,1.734228491783142,2.0230414867401123,2.0437870025634766,1.8286784887313843,2.0790884494781494,1.7257137298583984,2.0193045139312744,1.8434176445007324,2.1096978187561035,2.294534683227539,2.1513640880584717,2.46935772895813,2.6492202281951904,2.7661337852478027,3.1423487663269043,3.1674373149871826,3.4768624305725098,3.319676399230957,2.969144582748413,3.0089333057403564,1.6046029329299927,1.735077142715454,1.631745457649231,1.4833087921142578,1.7468104362487793,1.664560317993164,1.718937873840332,2.0522541999816895,2.0839505195617676,2.41571044921875,2.6879448890686035,2.8779635429382324,2.7992422580718994,2.7267684936523438,3.0449445247650146,3.120122194290161,3.366708278656006,3.126908540725708,3.199244737625122,3.3578224182128906,3.1123852729797363,3.286973237991333,3.4652011394500732,3.4575743675231934,3.825519323348999,3.8504645824432373,4.147562503814697,3.981145143508911,3.702303886413574,3.8517556190490723,2.9759037494659424,3.0898821353912354,2.931030035018921,2.8092803955078125,3.0156023502349854,2.833796501159668,2.846574068069458,3.1216113567352295,3.0414230823516846,3.3532145023345947,3.557950973510742,3.7204384803771973,3.5909085273742676,3.7191314697265625,3.993617296218872
A6,1.4755349159240723,1.2284226417541504,0.8669394254684448,0.6660627126693726,0.394326388835907,0.0,0.3903690278530121,0.6275704503059387,0.9057058691978455,1.2586338520050049,1.4382811784744263,1.7381064891815186,1.7218021154403687,1.471862554550171,1.6994788646697998,1.4501674175262451,1.7548383474349976,1.6244324445724487,1.9322264194488525,2.1389803886413574,2.0582549571990967,2.4029316902160645,2.5974204540252686,2.763072967529297,3.1359798908233643,3.1807165145874023,3.503969192504883,3.386301279067993,3.0465481281280518,3.124643325805664,1.7575902938842773,1.8721951246261597,1.6877002716064453,1.5357608795166016,1.7305316925048828,1.5623644590377808,1.5918221473693848,1.8793951272964478,1.8624696731567383,2.199117422103882,2.442056655883789,2.6297574043273926,2.513378858566284,2.4203975200653076,2.7210001945495605,2.792957305908203,3.059563636779785,2.847012758255005,2.9367425441741943,3.1272692680358887,2.914959192276001,3.1163833141326904,3.3203248977661133,3.3491177558898926,3.729872226715088,3.7796075344085693,4.088904857635498,3.955630302429199,3.686800241470337,3.8654723167419434,3.026766061782837,3.140702486038208,2.9371554851531982,2.8257899284362793,2.9925990104675293,2.7664809226989746,2.7716224193573,3.0084238052368164,2.9004979133605957,3.2106070518493652,3.379143714904785,3.5465729236602783,3.387378215789795,3.489891290664673,3.7540087699890137
A7,1.7889505624771118,1.5219467878341675,1.1997219324111938,0.9106314778327942,0.6254910826683044,0.3903690278530121,0.0,0.38492920994758606,0.602178692817688,0.9316957592964172,1.1834274530410767,1.441257357597351,1.4328055381774902,1.240747332572937,1.5242964029312134,1.687448501586914,2.0077342987060547,1.9249658584594727,2.253399133682251,2.471078872680664,2.4179141521453857,2.7707390785217285,2.9634287357330322,3.1418206691741943,3.5121877193450928,3.5517609119415283,3.8801772594451904,3.768049478530884,3.425542116165161,3.4963126182556152,2.045957565307617,2.1070728302001953,1.9177991151809692,1.7000688314437866,1.8422877788543701,1.6629537343978882,1.59940767288208,1.8718219995498657,1.7900584936141968,2.083376407623291,2.3510568141937256,2.4887535572052,2.361499547958374,2.3178865909576416,2.624289035797119,2.908539295196533,3.2062315940856934,3.0241737365722656,3.150653123855591,3.360326051712036,3.1718153953552246,3.401437759399414,3.606541633605957,3.661500930786133,4.046218395233154,4.091830253601074,4.412291049957275,4.291290760040283,4.014571666717529,4.189773082733154,3.2551589012145996,3.331199884414673,3.1117286682128906,2.9610342979431152,3.0926146507263184,2.8513901233673096,2.8033854961395264,3.0222280025482178,2.869903802871704,3.1460578441619873,3.3105227947235107,3.441206693649292,3.261157512664795,3.3848555088043213,3.620952606201172
A8,2.0929040908813477,1.81595778465271,1.4767487049102783,1.2331496477127075,0.8848451375961304,0.6275704503059387,0.38492920994758606,0.0,0.37819287180900574,0.6600521802902222,0.8509266376495361,1.143551230430603,1.2007427215576172,1.0348581075668335,1.3452403545379639,1.7792246341705322,2.059166669845581,1.9713752269744873,2.32863187789917,2.5081284046173096,2.471947193145752,2.842538833618164,3.001157760620117,3.2064855098724365,3.5648200511932373,3.5793659687042236,3.921980381011963,3.8346266746520996,3.4885971546173096,3.555850028991699,2.034684181213379,2.0361533164978027,1.8047544956207275,1.5502920150756836,1.6162943840026855,1.4037212133407593,1.282371997833252,1.528191089630127,1.418582797050476,1.7010321617126465,1.97417151927948,2.106081962585449,1.9897563457489014,1.9612770080566406,2.281418561935425,2.715200185775757,3.023873805999756,2.848163366317749,3.0154449939727783,3.2194416522979736,3.0428287982940674,3.3043742179870605,3.493772268295288,3.580416440963745,3.9660377502441406,3.997448205947876,4.333906650543213,4.2331013679504395,3.944568395614624,4.117007255554199,3.1012778282165527,3.147732973098755,2.9003796577453613,2.732301950454712,2.8252205848693848,2.562919855117798,2.4885919094085693,2.685987710952759,2.5129611492156982,2.778902769088745,2.9356067180633545,3.061166286468506,2.876878261566162,3.002734899520874,3.2377476692199707
A9,2.363670825958252,2.1123907566070557,1.7684671878814697,1.507849931716919,1.2037009000778198,0.9057058691978455,0.602178692817688,0.37819287180900574,0.0,0.3851660490036011,0.6089528799057007,0.8491954803466797,0.8435018062591553,0.697565495967865,1.0382516384124756,1.8317848443984985,2.1196014881134033,2.0978896617889404,2.465280532836914,2.6703481674194336,2.6834487915039062,3.0575318336486816,3.2331559658050537,3.4613687992095947,3.815445899963379,3.849069356918335,4.193737506866455,4.125715255737305,3.7897891998291016,3.8775835037231445,2.3951714038848877,2.390789747238159,2.137449026107788,1.8818018436431885,1.8987127542495728,1.646768569946289,1.4761817455291748,1.6505296230316162,1.4559897184371948,1.6893854141235352,1.936843752861023,2.0207254886627197,1.852266788482666,1.841663122177124,2.13508939743042,2.67651629447937,3.012270212173462,2.8831493854522705,3.0704026222229004,3.308082342147827,3.172076940536499,3.452512741088867,3.6627535820007324,3.777346134185791,4.167427062988281,4.218791961669922,4.559684753417969,4.482418537139893,4.204557418823242,4.3939690589904785,3.400731325149536,3.437525749206543,3.166494846343994,2.995753765106201,3.050227403640747,2.7606613636016846,2.659073829650879,2.8126344680786133,2.5977542400360107,2.833294153213501,2.9520251750946045,3.054582357406616,2.831303596496582,2.9449000358581543,3.1451663970947266
A10,2.7166764736175537,2.4444491863250732,2.115186929702759,1.8387072086334229,1.5151807069778442,1.2586338520050049,0.9316957592964172,0.6600521802902222,0.3851660490036011,0.0,0.3999711871147156,0.5327244997024536,0.6504100561141968,0.6944271922111511,1.071031928062439,2.1794307231903076,2.4491336345672607,2.433347463607788,2.80851411819458,2.9956226348876953,3.0140066146850586,3.3929860591888428,3.5489182472229004,3.7847278118133545,4.1321120262146,4.146978378295898,4.497434139251709,4.436135768890381,4.0954508781433105,4.170006275177002,2.620307207107544,2.5657739639282227,2.3131868839263916,2.018432378768921,1.9778496026992798,1.7365882396697998,1.488061785697937,1.6200709342956543,1.370230793952942,1.5226695537567139,1.790466070175171,1.8102761507034302,1.651841640472412,1.7150154113769531,2.0137109756469727,2.8075785636901855,3.1559226512908936,3.0466933250427246,3.2700793743133545,3.504307746887207,3.383059501647949,3.6858158111572266,3.880422592163086,4.0168843269348145,4.403774261474609,4.439609527587891,4.790393829345703,4.723965644836426,4.435070037841797,4.613671779632568,3.5248210430145264,3.5215139389038086,3.239579916000366,3.035392999649048,3.0494346618652344,2.7541511058807373,2.6009418964385986,2.728421449661255,2.474604368209839,2.6650853157043457,2.778574228286743,2.839586019515991,2.603104591369629,2.7419235706329346,2.9123780727386475
A11,2.9125964641571045,2.6568570137023926,2.3006131649017334,2.073289394378662,1.734228491783142,1.4382811784744263,1.1834274530410767,0.8509266376495361,0.6089528799057007,0.3999711871147156,0.0,0.3618948459625244,0.5428358912467957,0.5716089606285095,0.8903356194496155,2.146230936050415,2.367229700088501,2.360201120376587,2.7446141242980957,2.9017412662506104,2.9499576091766357,3.3337132930755615,3.467759847640991,3.730525016784668,4.06072998046875,4.068404197692871,4.4253458976745605,4.396009922027588,4.064777374267578,4.153317928314209,2.6456186771392822,2.5712733268737793,2.2761871814727783,1.9993873834609985,1.8918570280075073,1.6031174659729004,1.3385770320892334,1.3821793794631958,1.0807440280914307,1.2164056301116943,1.4376826286315918,1.4626439809799194,1.274110198020935,1.3187811374664307,1.6139291524887085,2.4929378032684326,2.8461897373199463,2.7552692890167236,3.0070881843566895,3.242328643798828,3.1465096473693848,3.470884323120117,3.6610214710235596,3.828138828277588,4.211885929107666,4.250335216522217,4.60841178894043,4.569340705871582,4.285040855407715,4.4735283851623535,3.405623435974121,3.396143913269043,3.084520101547241,2.8952314853668213,2.8697335720062256,2.545722723007202,2.3913118839263916,2.4741063117980957,2.2044825553894043,2.3927905559539795,2.4677302837371826,2.5438849925994873,2.2885639667510986,2.3954215049743652,2.568103551864624
A12,3.20815110206604,2.9498491287231445,2.6042349338531494,2.3495700359344482,2.0230414867401123,1.7381064891815186,1.441257357597351,1.143551230430603,0.8491954803466797,0.5327244997024536,0.3618948459625244,0.0,0.3832484483718872,0.6498413681983948,0.9412171840667725,2.4285175800323486,2.655892848968506,2.6790924072265625,3.062213897705078,3.2317423820495605,3.295069694519043,3.6779658794403076,3.818246364593506,4.085261344909668,4.414549827575684,4.426065921783447,4.783125400543213,4.756593704223633,4.426274299621582,4.5148844718933105,2.990767002105713,2.9035861492156982,2.616795778274536,2.324934959411621,2.201113700866699,1.9258164167404175,1.6306408643722534,1.6405422687530518,1.3044863939285278,1.3430219888687134,1.5477429628372192,1.4853748083114624,1.2761168479919434,1.3942540884017944,1.6513267755508423,2.700489044189453,3.0656070709228516,3.0092451572418213,3.2760002613067627,3.5238356590270996,3.451230525970459,3.784606695175171,3.9778923988342285,4.1587347984313965,4.541082382202148,4.582154273986816,4.942429542541504,4.912859916687012,4.629597187042236,4.818171501159668,3.722564935684204,3.692843198776245,3.377249002456665,3.1707005500793457,3.118252992630005,2.7925288677215576,2.6027565002441406,2.6555566787719727,2.352217674255371,2.488555431365967,2.5410706996917725,2.5697391033172607,2.2882277965545654,2.4062461853027344,2.527857542037964
A13,3.156771183013916,2.9337809085845947,2.579519033432007,2.3279919624328613,2.0437870025634766,1.7218021154403687,1.4328055381774902,1.2007427215576172,0.8435018062591553,0.6504100561141968,0.5428358912467957,0.3832484483718872,0.0,0.38612139225006104,0.6403626203536987,2.246108293533325,2.4860363006591797,2.559779644012451,2.9346084594726562,3.1390881538391113,3.2351129055023193,3.611753463745117,3.783550977706909,4.058424472808838,4.3897385597229,4.434542655944824,4.786161422729492,4.76679801940918,4.449016571044922,4.564393043518066,3.123326063156128,3.0788776874542236,2.781294107437134,2.5201237201690674,2.4265708923339844,2.123727798461914,1.8735662698745728,1.8851709365844727,1.5546780824661255,1.6334097385406494,1.7860562801361084,1.7451156377792358,1.4778701066970825,1.5289011001586914,1.732460856437683,2.6153016090393066,2.990128755569458,2.962398052215576,3.20867919921875,3.4887208938598633,3.4390053749084473,3.7634785175323486,3.988734722137451,4.169987678527832,4.5572829246521,4.630063056945801,4.982809543609619,4.96120548248291,4.697850704193115,4.909465312957764,3.9215738773345947,3.923171281814575,3.603544235229492,3.425679922103882,3.3875515460968018,3.051332712173462,2.892507791519165,2.9399642944335938,2.6467959880828857,2.799842357635498,2.8253839015960693,2.8728220462799072,2.5749669075012207,2.6530158519744873,2.765383720397949
A14,2.8766930103302,2.681281566619873,2.310807466506958,2.0940160751342773,1.8286784887313843,1.471862554550171,1.240747332572937,1.0348581075668335,0.697565495967865,0.6944271922111511,0.5716089606285095,0.6498413681983948,0.38612139225006104,0.0,0.37838098406791687,1.861633539199829,2.100844144821167,2.1822421550750732,2.5543644428253174,2.767792224884033,2.8744566440582275,3.2476096153259277,3.4313580989837646,3.709280252456665,4.040197372436523,4.101153373718262,4.448986530303955,4.434621334075928,4.125591278076172,4.258162021636963,2.897895097732544,2.889589309692383,2.579319477081299,2.3567276000976562,2.2912161350250244,1.9653370380401611,1.7747294902801514,1.8033162355422974,1.5099250078201294,1.670955777168274,1.8013783693313599,1.8365938663482666,1.5602864027023315,1.5188663005828857,1.7222622632980347,2.3469436168670654,2.716201066970825,2.675309896469116,2.8961567878723145,3.1842243671417236,3.1298604011535645,3.4412200450897217,3.682318925857544,3.8534183502197266,4.243466377258301,4.332927703857422,4.678682327270508,4.655783176422119,4.404777526855469,4.630057334899902,3.7382307052612305,3.7745211124420166,3.4563839435577393,3.312577962875366,3.3014562129974365,2.9624059200286865,2.850900888442993,2.9147849082946777,2.655606746673584,2.8560631275177,2.882988452911377,2.9786219596862793,2.6939220428466797,2.7418153285980225,2.8924427032470703
A15,3.0326457023620605,2.8766136169433594,2.494774103164673,2.3155646324157715,2.0790884494781494,1.6994788646697998,1.5242964029312134,1.3452403545379639,1.0382516384124756,1.071031928062439,0.8903356194496155,0.9412171840667725,0.6403626203536987,0.37838098406791687,0.0,1.77744722366333,1.9794647693634033,2.11637806892395,2.475717782974243,2.6939334869384766,2.849813938140869,3.2126541137695312,3.4048972129821777,3.703666925430298,4.019532203674316,4.102477550506592,4.445923328399658,4.459300994873047,4.170559883117676,4.331785678863525,3.083667278289795,3.09358811378479,2.7608158588409424,2.5758700370788574,2.4965293407440186,2.1425888538360596,1.9840203523635864,1.9623727798461914,1.6664587259292603,1.8213152885437012,1.8746417760849,1.918803095817566,1.598343014717102,1.495410442352295,1.624755859375,2.1144790649414062,2.490622043609619,2.495190382003784,2.713251829147339,3.0285327434539795,3.0164384841918945,3.329792022705078,3.5926074981689453,3.783536195755005,4.17030668258667,4.287557601928711,4.628045558929443,4.631028652191162,4.402536869049072,4.650433540344238,3.8677585124969482,3.9219322204589844,3.5886170864105225,3.4766366481781006,3.4513566493988037,3.0959205627441406,3.0068204402923584,3.0370402336120605,2.7814552783966064,2.983025312423706,2.9652950763702393,3.0785152912139893,2.776779890060425,2.7743122577667236,2.912893533706665
B1,1.8944228887557983,1.9511816501617432,1.6116241216659546,1.7218685150146484,1.7257137298583984,1.4501674175262451,1.687448501586914,1.7792246341705322,1.8317848443984985,2.1794307231903076,2.146230936050415,2.4285175800323486,2.246108293533325,1.861633539199829,1.77744722366333,0.0,0.3837343156337738,0.5615643262863159,0.8037354350090027,1.1498197317123413,1.3256865739822388,1.6184403896331787,1.9168936014175415,2.1758902072906494,2.4957847595214844,2.682673692703247,2.9765567779541016,2.977738857269287,2.7470531463623047,2.9853899478912354,2.3652031421661377,2.582855701446533,2.308060646057129,2.362086296081543,2.480978488922119,2.195406675338745,2.3448305130004883,2.4542343616485596,2.425983428955078,2.7776365280151367,2.8251280784606934,3.0726640224456787,2.856353282928467,2.593179702758789,2.7383317947387695,1.9750120639801025,2.1731951236724854,2.0296335220336914,1.9841805696487427,2.2581775188446045,2.151365041732788,2.292231321334839,2.6154582500457764,2.6676218509674072,3.042187452316284,3.2326364517211914,3.500215768814087,3.449841022491455,3.295902729034424,3.584442138671875,3.355658531188965,3.5761654376983643,3.33026385307312,3.3748624324798584,3.5110623836517334,3.23545503616333,3.3514842987060547,3.4900219440460205,3.418262004852295,3.760910987854004,3.806910753250122,4.054549694061279,3.857868194580078,3.8153228759765625,4.078294277191162
B2,2.119980812072754,2.1990599632263184,1.871955156326294,2.028017520904541,2.0193045139312744,1.7548383474349976,2.0077342987060547,2.059166669845581,2.1196014881134033,2.4491336345672607,2.367229700088501,2.655892848968506,2.4860363006591797,2.100844144821167,1.9794647693634033,0.3837343156337738,0.0,0.3888718783855438,0.5599843859672546,0.8698140382766724,1.13233482837677,1.4005922079086304,1.684315800666809,1.9752026796340942,2.263230562210083,2.4634978771209717,2.751973867416382,2.7955245971679688,2.594419479370117,2.861496925354004,2.419036388397217,2.638522148132324,2.3507838249206543,2.4526333808898926,2.547830581665039,2.2587456703186035,2.443071126937866,2.51361346244812,2.5112152099609375,2.8608925342559814,2.863765239715576,3.134502649307251,2.925201416015625,2.626861810684204,2.7402074337005615,1.745930790901184,1.8945386409759521,1.7460131645202637,1.654278039932251,1.9266365766525269,1.8385400772094727,1.95966374874115,2.3002634048461914,2.360826253890991,2.7281270027160645,2.943620204925537,3.2021596431732178,3.1766436100006104,3.0481252670288086,3.356853723526001,3.271089553833008,3.5112104415893555,3.261568069458008,3.3470184803009033,3.475472927093506,3.201288938522339,3.350709915161133,3.468811511993408,3.422919750213623,3.773512125015259,3.798407793045044,4.070148944854736,3.884315252304077,3.8099288940429688,4.081933975219727
B3,1.9168413877487183,1.9794925451278687,1.6600435972213745,1.8623085021972656,1.8434176445007324,1.6244324445724487,1.9249658584594727,1.9713752269744873,2.0978896617889404,2.433347463607788,2.360201120376587,2.6790924072265625,2.559779644012451,2.1822421550750732,2.11637806892395,0.5615643262863159,0.3888718783855438,0.0,0.3858557939529419,0.6241320967674255,0.8005920648574829,1.12120521068573,1.381855845451355,1.6676772832870483,1.9785943031311035,2.1467509269714355,2.451401948928833,2.475820541381836,2.2503089904785156,2.5011465549468994,2.053562641143799,2.2849578857421875,2.0113449096679688,2.147017002105713,2.2665932178497314,2.010770320892334,2.2390525341033936,2.3373863697052,2.3893773555755615,2.7580718994140625,2.7825987339019775,3.077958345413208,2.91005802154541,2.6186320781707764,2.768214225769043,1.823808193206787,1.946936845779419,1.7246723175048828,1.630942702293396,1.8393385410308838,1.6765860319137573,1.7848166227340698,2.0921809673309326,2.1201531887054443,2.494663953781128,2.678083896636963,2.943748712539673,2.8885841369628906,2.736159324645996,3.0290865898132324,2.916428327560425,3.167847156524658,2.937774896621704,3.0331714153289795,3.188831090927124,2.9393985271453857,3.1120119094848633,3.258633613586426,3.245110273361206,3.612069606781006,3.6667349338531494,3.949897527694702,3.79447340965271,3.737508535385132,4.033960342407227
B4,1.9597021341323853,2.0890564918518066,1.8218178749084473,2.073704957962036,2.1096978187561035,1.9322264194488525,2.253399133682251,2.32863187789917,2.465280532836914,2.80851411819458,2.7446141242980957,3.062213897705078,2.9346084594726562,2.5543644428253174,2.475717782974243,0.8037354350090027,0.5599843859672546,0.3858557939529419,0.0,0.3982262909412384,0.6312924027442932,0.8500950932502747,1.1640167236328125,1.4319367408752441,1.7221810817718506,1.9435124397277832,2.216465711593628,2.25246262550354,2.0697429180145264,2.356015682220459,2.197784423828125,2.4649903774261475,2.225273370742798,2.406860589981079,2.5490686893463135,2.3216280937194824,2.5773098468780518,2.677668809890747,2.751277208328247,3.1208109855651855,3.134319305419922,3.4386658668518066,3.2752037048339844,2.9729764461517334,3.1064867973327637,2.0051236152648926,2.0664758682250977,1.8432822227478027,1.67002272605896,1.8460348844528198,1.6822950839996338,1.707403302192688,2.024519920349121,2.004909038543701,2.3546864986419678,2.5698535442352295,2.79826283454895,2.737762689590454,2.6271023750305176,2.9330904483795166,3.0284674167633057,3.3122055530548096,3.109339952468872,3.2410242557525635,3.4167518615722656,3.1900851726531982,3.3928396701812744,3.5430827140808105,3.5561153888702393,3.929934024810791,3.9829208850860596,4.278853416442871,4.134751319885254,4.065829277038574,4.36777400970459
B5,2.1506381034851074,2.2638776302337646,2.011159896850586,2.2888400554656982,2.294534683227539,2.1389803886413574,2.471078872680664,2.5081284046173096,2.6703481674194336,2.9956226348876953,2.9017412662506104,3.2317423820495605,3.1390881538391113,2.767792224884033,2.6939334869384766,1.1498197317123413,0.8698140382766724,0.6241320967674255,0.3982262909412384,0.0,0.38993194699287415,0.5901935696601868,0.8260502219200134,1.1433026790618896,1.4062094688415527,1.605902910232544,1.8909317255020142,1.965211272239685,1.795867681503296,2.0946168899536133,2.09649658203125,2.353740930557251,2.1173043251037598,2.347917318344116,2.472365379333496,2.2683539390563965,2.5610532760620117,2.64007568359375,2.757781982421875,3.123995780944824,3.1154978275299072,3.4425981044769287,3.3101420402526855,2.994856834411621,3.12306547164917,1.9397321939468384,1.9406129121780396,1.67082679271698,1.4635469913482666,1.5684207677841187,1.3632489442825317,1.3476301431655884,1.6478915214538574,1.6097291707992554,1.95879065990448,2.172412157058716,2.400726079940796,2.3455939292907715,2.2401468753814697,2.5548534393310547,2.7618484497070312,3.0633022785186768,2.870734691619873,3.0414862632751465,3.2201554775238037,3.0133121013641357,3.251739740371704,3.3969287872314453,3.4482479095458984,3.8297412395477295,3.8817138671875,4.197787284851074,4.08106803894043,3.9991650581359863,4.317259311676025
B6,1.923482894897461,2.0315465927124023,1.8170840740203857,2.1315791606903076,2.1513640880584717,2.0582549571990967,2.4179141521453857,2.471947193145752,2.6834487915039062,3.0140066146850586,2.9499576091766357,3.295069694519043,3.2351129055023193,2.8744566440582275,2.849813938140869,1.3256865739822388,1.13233482837677,0.8005920648574829,0.6312924027442932,0.38993194699287415,0.0,0.3846861720085144,0.6044538617134094,0.8705127239227295,1.194894552230835,1.3571110963821411,1.6577624082565308,1.6765462160110474,1.4653126001358032,1.7431973218917847,1.7866140604019165,2.071895122528076,1.8812624216079712,2.143526315689087,2.3124067783355713,2.1626644134521484,2.483978271484375,2.605609178543091,2.7643206119537354,3.1413233280181885,3.1688735485076904,3.5040829181671143,3.4047234058380127,3.11151385307312,3.2767748832702637,2.221348285675049,2.225335121154785,1.9167429208755493,1.7330232858657837,1.7767009735107422,1.502670168876648,1.462530255317688,1.6935714483261108,1.590740442276001,1.930890679359436,2.0920872688293457,2.3165173530578613,2.2034194469451904,2.0665171146392822,2.3496806621551514,2.5209600925445557,2.8366641998291016,2.6821789741516113,2.8542160987854004,3.0728235244750977,2.9027023315429688,3.154709577560425,3.338160991668701,3.415236234664917,3.805797815322876,3.8947019577026367,4.209929466247559,4.119080543518066,4.065330982208252,4.399049758911133
B7,2.0755205154418945,2.233522653579712,2.0712921619415283,2.4120075702667236,2.46935772895813,2.4029316902160645,2.7707390785217285,2.842538833618164,3.0575318336486816,3.3929860591888428,3.3337132930755615,3.6779658794403076,3.611753463745117,3.2476096153259277,3.2126541137695312,1.6184403896331787,1.4005922079086304,1.12120521068573,0.8500950932502747,0.5901935696601868,0.3846861720085144,0.0,0.3845753073692322,0.5879220962524414,0.8814849257469177,1.1212184429168701,1.373913288116455,1.4095252752304077,1.2653712034225464,1.589449167251587,2.0075013637542725,2.3110058307647705,2.160996437072754,2.4522829055786133,2.6326870918273926,2.5084543228149414,2.842438220977783,2.961885452270508,3.1336967945098877,3.5080080032348633,3.525890350341797,3.866455316543579,3.771165132522583,3.470369577407837,3.622675895690918,2.4641754627227783,2.4198856353759766,2.11780047416687,1.8790191411972046,1.879103422164917,1.6121503114700317,1.4778575897216797,1.688920259475708,1.5184292793273926,1.8083633184432983,1.994736909866333,2.165095329284668,2.0379199981689453,1.9552308320999146,2.2443840503692627,2.6618990898132324,3.003164529800415,2.882448196411133,3.0871427059173584,3.3201375007629395,3.1760425567626953,3.4512228965759277,3.634834051132202,3.735198736190796,4.127685070037842,4.21470832824707,4.539202690124512,4.459895610809326,4.396389007568359,4.733870506286621
B8,2.312195062637329,2.437129020690918,2.283108711242676,2.625997304916382,2.6492202281951904,2.5974204540252686,2.9634287357330322,3.001157760620117,3.2331559658050537,3.5489182472229004,3.467759847640991,3.818246364593506,3.783550977706909,3.4313580989837646,3.4048972129821777,1.9168936014175415,1.684315800666809,1.381855845451355,1.1640167236328125,0.8260502219200134,0.6044538617134094,0.3845753073692322,0.0,0.3727405369281769,0.6153204441070557,0.7823646068572998,1.0735353231430054,1.15703284740448,1.0204582214355469,1.349096655845642,1.942841649055481,2.2213406562805176,2.086195707321167,2.41336989402771,2.573425054550171,2.481006145477295,2.8371307849884033,2.939178943634033,3.1474130153656006,3.5114545822143555,3.5156822204589844,3.869460105895996,3.8055479526519775,3.5032804012298584,3.6546730995178223,2.4979629516601562,2.414865255355835,2.0832719802856445,1.8447805643081665,1.7654199600219727,1.4592043161392212,1.281206727027893,1.4210095405578613,1.201828122138977,1.4751769304275513,1.6327521800994873,1.802030324935913,1.6605900526046753,1.571178913116455,1.86178457736969,2.3970978260040283,2.7525155544281006,2.651784658432007,2.891404151916504,3.1278321743011475,3.0119833946228027,3.3156912326812744,3.496419668197632,3.6326496601104736,4.0260701179504395,4.1164703369140625,4.453370094299316,4.40237283706665,4.333384037017822,4.682522773742676
B9,2.285323143005371,2.4354183673858643,2.3410491943359375,2.7076356410980225,2.7661337852478027,2.763072967529297,3.1418206691741943,3.2064855098724365,3.4613687992095947,3.7847278118133545,3.730525016784668,4.085261344909668,4.058424472808838,3.709280252456665,3.703666925430298,2.1758902072906494,1.9752026796340942,1.6676772832870483,1.4319367408752441,1.1433026790618896,0.8705127239227295,0.5879220962524414,0.3727405369281769,0.0,0.38054683804512024,0.5775675773620605,0.814903736114502,0.8247460126876831,0.7107710838317871,1.0641937255859375,1.9712878465652466,2.274249792098999,2.2020506858825684,2.5455803871154785,2.7423388957977295,2.693903684616089,3.059312582015991,3.1900289058685303,3.416317939758301,3.783992290496826,3.809997797012329,4.164300441741943,4.114373207092285,3.824578046798706,3.991454839706421,2.8701186180114746,2.7835898399353027,2.449390172958374,2.2079854011535645,2.1075685024261475,1.7948395013809204,1.586870551109314,1.6733534336090088,1.394958257675171,1.5998793840408325,1.720205545425415,1.8340786695480347,1.6307286024093628,1.5599308013916016,1.806830644607544,2.449862241744995,2.81961727142334,2.7696540355682373,3.0148112773895264,3.2833197116851807,3.2047414779663086,3.5169296264648438,3.7220704555511475,3.8765528202056885,4.2718186378479,4.384398937225342,4.718930721282959,4.683897018432617,4.630643367767334,4.986254692077637
B10,2.6458566188812256,2.8040266036987305,2.719590187072754,3.087329626083374,3.1423487663269043,3.1359798908233643,3.5121877193450928,3.5648200511932373,3.815445899963379,4.1321120262146,4.06072998046875,4.414549827575684,4.3897385597229,4.040197372436523,4.019532203674316,2.4957847595214844,2.263230562210083,1.9785943031311035,1.7221810817718506,1.4062094688415527,1.194894552230835,0.8814849257469177,0.6153204441070557,0.38054683804512024,0.0,0.38685745000839233,0.5078127384185791,0.6574999094009399,0.7217132449150085,1.084721326828003,2.264444351196289,2.5469565391540527,2.484313726425171,2.842538833618164,3.018594980239868,2.9787824153900146,3.3503456115722656,3.4580585956573486,3.6950249671936035,4.052591800689697,4.055586814880371,4.416041374206543,4.374022483825684,4.073449611663818,4.221621036529541,3.020723581314087,2.8885891437530518,2.56132173538208,2.2913475036621094,2.141867160797119,1.8474282026290894,1.5744746923446655,1.6116564273834229,1.2846657037734985,1.4033739566802979,1.5358848571777344,1.5819544792175293,1.3770207166671753,1.3834137916564941,1.6357858180999756,2.553680181503296,2.9329962730407715,2.902811050415039,3.181759834289551,3.4425852298736572,3.3827061653137207,3.7153334617614746,3.9045536518096924,4.081730842590332,4.473468780517578,4.574177265167236,4.919567108154297,4.898166179656982,4.827577590942383,5.185366153717041
B11,2.74721622467041,2.8621678352355957,2.7824137210845947,3.1438980102539062,3.1674373149871826,3.1807165145874023,3.5517609119415283,3.5793659687042236,3.849069356918335,4.146978378295898,4.068404197692871,4.426065921783447,4.434542655944824,4.101153373718262,4.102477550506592,2.682673692703247,2.4634978771209717,2.1467509269714355,1.9435124397277832,1.605902910232544,1.3571110963821411,1.1212184429168701,0.7823646068572998,0.5775675773620605,0.38685745000839233,0.0,0.36365821957588196,0.5211411118507385,0.5368267297744751,0.8408715128898621,2.105525016784668,2.35725736618042,2.32171630859375,2.6970345973968506,2.8623099327087402,2.8618719577789307,3.24320650100708,3.348898410797119,3.6161386966705322,3.9627115726470947,3.970141649246216,4.335188865661621,4.325809001922607,4.038001537322998,4.198912143707275,3.089524507522583,2.9544100761413574,2.6029138565063477,2.367497205734253,2.173398733139038,1.8454381227493286,1.5887391567230225,1.5411436557769775,1.1924240589141846,1.2838987112045288,1.3210269212722778,1.3782219886779785,1.1147934198379517,1.0647236108779907,1.2809419631958008,2.2343413829803467,2.6177284717559814,2.6178770065307617,2.91294264793396,3.1832776069641113,3.157583713531494,3.5044586658477783,3.70180082321167,3.906877279281616,4.295186996459961,4.411163806915283,4.758111953735352,4.764246940612793,4.703580856323242,5.070220947265625
B12,2.9650797843933105,3.106656312942505,3.0577614307403564,3.4295883178710938,3.4768624305725098,3.503969192504883,3.8801772594451904,3.921980381011963,4.193737506866455,4.497434139251709,4.4253458976745605,4.783125400543213,4.786161422729492,4.448986530303955,4.445923328399658,2.9765567779541016,2.751973867416382,2.451401948928833,2.216465711593628,1.8909317255020142,1.6577624082565308,1.373913288116455,1.0735353231430054,0.814903736114502,0.5078127384185791,0.36365821957588196,0.0,0.37999626994132996,0.641144335269928,0.9038410782814026,2.4076476097106934,2.664083957672119,2.6554105281829834,3.0336296558380127,3.2073123455047607,3.218778133392334,3.6011927127838135,3.7090671062469482,3.979038953781128,4.324452877044678,4.3294854164123535,4.695263862609863,4.686689376831055,4.3961873054504395,4.551032066345215,3.3948898315429688,3.2392172813415527,2.899808645248413,2.6421453952789307,2.4347267150878906,2.129875421524048,1.8370749950408936,1.7709635496139526,1.4014238119125366,1.4017219543457031,1.4404535293579102,1.4014157056808472,1.1194744110107422,1.166490077972412,1.338295578956604,2.4915428161621094,2.8762640953063965,2.906606674194336,3.2123401165008545,3.488074541091919,3.481780767440796,3.8353142738342285,4.032307147979736,4.248487949371338,4.634357452392578,4.750173091888428,5.099482536315918,5.1128315925598145,5.048332691192627,5.4155049324035645
B13,2.7327089309692383,2.8771958351135254,2.8699707984924316,3.2490267753601074,3.319676399230957,3.386301279067993,3.768049478530884,3.8346266746520996,4.125715255737305,4.436135768890381,4.396009922027588,4.756593704223633,4.76679801940918,4.434621334075928,4.459300994873047,2.977738857269287,2.7955245971679688,2.475820541381836,2.25246262550354,1.965211272239685,1.6765462160110474,1.4095252752304077,1.15703284740448,0.8247460126876831,0.6574999094009399,0.5211411118507385,0.37999626994132996,0.0,0.3798442780971527,0.6074334383010864,2.240062713623047,2.5191240310668945,2.556753635406494,2.9311306476593018,3.1443285942077637,3.1848154067993164,3.566744565963745,3.7120718955993652,3.9878177642822266,4.341729164123535,4.381041526794434,4.742045879364014,4.739751815795898,4.467754364013672,4.649208068847656,3.5815887451171875,3.459430456161499,3.1095070838928223,2.8716013431549072,2.6901254653930664,2.36346173286438,2.1058082580566406,2.0552961826324463,1.6977957487106323,1.7378690242767334,1.7408864498138428,1.7280004024505615,1.4129530191421509,1.3930872678756714,1.5026419162750244,2.467984914779663,2.850759506225586,2.9097707271575928,3.189617872238159,3.4957194328308105,3.506063461303711,3.848118782043457,4.076502323150635,4.28914213180542,4.6777753829956055,4.821123123168945,5.159079074859619,5.175436019897461,5.137800693511963,5.5083746910095215
