,A1,A2,A3,A4,A5,A6,A7,A8,A9,A10,A11,A12,A13,A14,A15,B1,B2,B3,B4,B5,B6,B7,B8,B9,B10,B11,B12,B13,B14,B15,C1,C2,C3,C4,C5,C6,C7,C8,C9,C10,C11,C12,C13,C14,C15,D1,D2,D3,D4,D5,D6,D7,D8,D9,D10,D11,D12,D13,D14,D15,E1,E2,E3,E4,E5,E6,E7,E8,E9,E10,E11,E12,E13,E14,E15
A1,0.0,0.4012589454650879,0.6438835859298706,0.9426605701446533,1.252326250076294,1.5613059997558594,1.819974422454834,2.0949904918670654,2.3263967037200928,2.409435749053955,2.4443411827087402,2.7552154064178467,2.924314022064209,3.00915789604187,3.2041990756988525,3.734201669692993,3.9626522064208984,3.754634141921997,3.785639762878418,4.087118625640869,3.9948949813842773,4.2955193519592285,4.499109268188477,4.6348137855529785,4.393592357635498,4.450750827789307,4.809220790863037,4.716071605682373,4.624994277954102,4.976223468780518,4.179368495941162,4.112263202667236,3.756296396255493,3.59077787399292,3.5250539779663086,3.2305517196655273,3.387448310852051,3.168701410293579,3.3132598400115967,2.9851770401000977,2.83546781539917,2.975562334060669,2.66672682762146,2.676879405975342,2.6073005199432373,1.2231428623199463,1.2135095596313477,0.8643911480903625,0.7243210673332214,0.939911961555481,0.8219290375709534,1.1239283084869385,1.392225742340088,1.6038235425949097,1.527784824371338,1.4989399909973145,1.878246784210205,2.041564464569092,1.9939578771591187,2.1432371139526367,3.645216226577759,3.722985029220581,3.735063076019287,4.1183648109436035,4.141160011291504,4.528930187225342,4.759958267211914,4.80524206161499,5.156730651855469,5.283428192138672,5.174078941345215,5.440645694732666,5.727303981781006,5.920348167419434,5.998508453369141
A2,0.4012589454650879,0.0,0.4006013572216034,0.6641091704368591,0.9107776284217834,1.2591140270233154,1.4887880086898804,1.7475594282150269,1.9874883890151978,2.106004476547241,2.128375768661499,2.419426441192627,2.615713119506836,2.7214603424072266,2.8952131271362305,3.5318429470062256,3.7787559032440186,3.58573317527771,3.6522560119628906,3.9601974487304688,3.9032371044158936,4.2179765701293945,4.4246368408203125,4.583445072174072,4.365825176239014,4.412711143493652,4.78096866607666,4.718581676483154,4.6306023597717285,4.989950656890869,4.303045749664307,4.270538806915283,3.916297197341919,3.761021375656128,3.731658935546875,3.4415903091430664,3.6182661056518555,3.4299492835998535,3.571079730987549,3.2305073738098145,3.113534927368164,3.2616608142852783,2.9482293128967285,2.993166208267212,2.9101383686065674,1.479469895362854,1.3702746629714966,1.0136970281600952,0.7973275780677795,0.8452771902084351,0.575056791305542,0.8311824798583984,1.057780385017395,1.25748610496521,1.1424827575683594,1.1046890020370483,1.4890737533569336,1.6409285068511963,1.5977778434753418,1.7593265771865845,3.273599863052368,3.3481903076171875,3.377932071685791,3.7611517906188965,3.793642282485962,4.185184478759766,4.410253047943115,4.4699015617370605,4.814094066619873,4.952131271362305,4.858988285064697,5.128520965576172,5.411757469177246,5.619112491607666,5.713130474090576
A3,0.6438835859298706,0.4006013572216034,0.0,0.39574649930000305,0.6427692174911499,0.9530524015426636,1.2501055002212524,1.4872850179672241,1.7516815662384033,1.814004898071289,1.8152819871902466,2.135333776473999,2.3142011165618896,2.3854901790618896,2.565990686416626,3.162069797515869,3.396852493286133,3.1943397521972656,3.26204776763916,3.5650436878204346,3.5097625255584717,3.8291780948638916,4.031627655029297,4.197707653045654,3.9844748973846436,4.025558948516846,4.396234035491943,4.344128608703613,4.256734371185303,4.6186089515686035,3.9920380115509033,3.9847490787506104,3.6344497203826904,3.4881885051727295,3.4906115531921387,3.2089340686798096,3.408003807067871,3.2542061805725098,3.400322437286377,3.0558831691741943,2.9709391593933105,3.143289566040039,2.841639757156372,2.929708480834961,2.8605170249938965,1.4178149700164795,1.2452032566070557,0.9586920142173767,0.6327539086341858,0.6120615005493164,0.3076847195625305,0.4864351749420166,0.8064306974411011,0.9772627949714661,0.9697800278663635,1.01953125,1.3746296167373657,1.5487146377563477,1.597831130027771,1.7686821222305298,3.1577632427215576,3.1912312507629395,3.1942174434661865,3.568337917327881,3.56538724899292,3.950770139694214,4.163819789886475,4.1972503662109375,4.54817533493042,4.685437202453613,4.574573040008545,4.831089019775391,5.127996921539307,5.326777935028076,5.40487813949585
A4,0.9426605701446533,0.6641091704368591,0.39574649930000305,0.0,0.39431771636009216,0.625614583492279,0.8924000859260559,1.178261160850525,1.3998726606369019,1.4671274423599243,1.5188264846801758,1.8256916999816895,1.983540654182434,2.0870044231414795,2.2941277027130127,2.8853414058685303,3.1484439373016357,2.979085922241211,3.057176113128662,3.3817102909088135,3.355217695236206,3.668050765991211,3.8946831226348877,4.058950901031494,3.87453031539917,3.934540033340454,4.3056440353393555,4.272507667541504,4.213894367218018,4.581588268280029,4.03400993347168,4.050695419311523,3.7174556255340576,3.553194761276245,3.589277744293213,3.294285297393799,3.4829227924346924,3.3577563762664795,3.4714205265045166,3.110590696334839,3.0695948600769043,3.2211010456085205,2.9065942764282227,3.0317366123199463,2.92702317237854,1.5013136863708496,1.2376457452774048,0.9827585816383362,0.7148725390434265,0.4577367603778839,0.13215111196041107,0.3077830672264099,0.47595399618148804,0.7587139010429382,0.8302878141403198,0.8086238503456116,1.1095478534698486,1.3615814447402954,1.4372477531433105,1.5469422340393066,2.826427698135376,2.8629367351531982,2.8427765369415283,3.2185323238372803,3.217067003250122,3.6008780002593994,3.8301620483398438,3.866262435913086,4.2211127281188965,4.343288421630859,4.231562614440918,4.498798847198486,4.784843444824219,4.980212211608887,5.063856601715088
A5,1.252326250076294,0.9107776284217834,0.6427692174911499,0.39431771636009216,0.0,0.40137386322021484,0.6477589011192322,0.8499687910079956,1.1295782327651978,1.2300983667373657,1.2207353115081787,1.5125336647033691,1.7201966047286987,1.8290175199508667,1.9906551837921143,2.7323050498962402,3.001776933670044,2.8391518592834473,2.962852716445923,3.278902769088745,3.2890634536743164,3.619011163711548,3.833557605743408,4.028057098388672,3.8652541637420654,3.9008986949920654,4.278641223907471,4.278529167175293,4.211850166320801,4.5815815925598145,4.151358127593994,4.20065975189209,3.8693604469299316,3.730471611022949,3.794703722000122,3.519636631011963,3.7329440116882324,3.6331827640533447,3.7577176094055176,3.4006564617156982,3.375717878341675,3.5453720092773438,3.242215871810913,3.3831946849823,3.288661003112793,1.8744568824768066,1.5986077785491943,1.371142864227295,1.0832270383834839,0.8140112161636353,0.5124362707138062,0.2431197613477707,0.2133277803659439,0.37556877732276917,0.47272953391075134,0.5508410930633545,0.8088504076004028,1.0247588157653809,1.1716558933258057,1.3197753429412842,2.5540294647216797,2.5630452632904053,2.5670673847198486,2.937012195587158,2.9329755306243896,3.320409059524536,3.5285589694976807,3.5733120441436768,3.91898775100708,4.063826560974121,3.968426465988159,4.229750633239746,4.521131992340088,4.734411239624023,4.831209182739258
A6,1.5613059997558594,1.2591140270233154,0.9530524015426636,0.625614583492279,0.40137386322021484,0.0,0.38730812072753906,0.6026781797409058,0.8430997133255005,0.861733078956604,0.8949012756347656,1.2095246315002441,1.3648375272750854,1.4698525667190552,1.6748110055923462,2.3490498065948486,2.6320712566375732,2.491030693054199,2.617900848388672,2.947103261947632,2.977484941482544,3.299678087234497,3.5305888652801514,3.722456693649292,3.5838067531585693,3.6337077617645264,4.008553981781006,4.024684906005859,3.982530117034912,4.354104995727539,4.006866931915283,4.08271598815918,3.7712442874908447,3.6240341663360596,3.7247064113616943,3.4486682415008545,3.6598172187805176,3.5971171855926514,3.699507236480713,3.3376924991607666,3.357110023498535,3.520890951156616,3.222926139831543,3.403759241104126,3.297294855117798,1.9493950605392456,1.6227059364318848,1.4741991758346558,1.219321608543396,0.88380366563797,0.7479405403137207,0.4893361032009125,0.26657259464263916,0.392462819814682,0.708093523979187,0.7668792009353638,0.8496938943862915,1.1273515224456787,1.3411768674850464,1.421018362045288,2.3837385177612305,2.3618524074554443,2.3146581649780273,2.6748046875,2.6389970779418945,3.0172529220581055,3.2320621013641357,3.2536330223083496,3.610224485397339,3.737092971801758,3.6222007274627686,3.8824238777160645,4.175675868988037,4.375414848327637,4.460753917694092
A7,1.819974422454834,1.4887880086898804,1.2501055002212524,0.8924000859260559,0.6477589011192322,0.38730812072753906,0.0,0.3856768310070038,0.5079426169395447,0.6628533005714417,0.7797095775604248,0.9968340396881104,1.1682931184768677,1.3641343116760254,1.5622748136520386,2.3311049938201904,2.650625467300415,2.560223340988159,2.714172124862671,3.0546584129333496,3.1262094974517822,3.438939332962036,3.6849470138549805,3.879603385925293,3.7743871212005615,3.8336102962493896,4.204198837280273,4.242495536804199,4.220903396606445,4.592076778411865,4.314688682556152,4.403534412384033,4.103902339935303,3.948158025741577,4.061945915222168,3.7794249057769775,3.9780995845794678,3.9233808517456055,4.0046210289001465,3.6362361907958984,3.6718451976776123,3.8144235610961914,3.5058658123016357,3.692976474761963,3.5593788623809814,2.2312207221984863,1.887667179107666,1.7274433374404907,1.523436188697815,1.1578725576400757,1.0224025249481201,0.8220666646957397,0.4487208425998688,0.5548059344291687,0.7748273015022278,0.7125059366226196,0.6223040819168091,0.9588285684585571,1.1709284782409668,1.1700632572174072,2.007227897644043,2.0045814514160156,1.9607778787612915,2.331146240234375,2.325266122817993,2.710725784301758,2.944483518600464,2.99578595161438,3.3464200496673584,3.468308210372925,3.3756725788116455,3.6552131175994873,3.927574634552002,4.139450550079346,4.250115871429443
A8,2.0949904918670654,1.7475594282150269,1.4872850179672241,1.178261160850525,0.8499687910079956,0.6026781797409058,0.3856768310070038,0.0,0.3800280690193176,0.5365818738937378,0.49092772603034973,0.6799477934837341,0.9363740682601929,1.1184955835342407,1.2450844049453735,2.188718318939209,2.500272512435913,2.4120588302612305,2.611938714981079,2.931448221206665,3.0363147258758545,3.3629515171051025,3.587979555130005,3.8121440410614014,3.7260091304779053,3.7563705444335938,4.128870487213135,4.197882175445557,4.164831638336182,4.533161163330078,4.367372512817383,4.485034942626953,4.189008712768555,4.061447620391846,4.198086738586426,3.9392433166503906,4.16204309463501,4.129608154296875,4.226273536682129,3.8668181896209717,3.9116456508636475,4.076404571533203,3.783724784851074,3.98161244392395,3.867326021194458,2.5442240238189697,2.2056076526641846,2.060295343399048,1.8190251588821411,1.4748743772506714,1.3086930513381958,1.0222804546356201,0.7088119983673096,0.5738164782524109,0.8053756952285767,0.8625140190124512,0.6642701029777527,0.8727931976318359,1.178902268409729,1.2203482389450073,1.8637830018997192,1.7986586093902588,1.7753506898880005,2.1267502307891846,2.0968310832977295,2.4818949699401855,2.6797361373901367,2.7279889583587646,3.0703563690185547,3.221278190612793,3.1397910118103027,3.4040892124176025,3.6904211044311523,3.918895721435547,4.035905361175537
A9,2.3263967037200928,1.9874883890151978,1.7516815662384033,1.3998726606369019,1.1295782327651978,0.8430997133255005,0.5079426169395447,0.3800280690193176,0.0,0.39555516839027405,0.5664837956428528,0.5906903147697449,0.7635213136672974,1.0492973327636719,1.2202980518341064,2.099095106124878,2.445190906524658,2.413238286972046,2.6122140884399414,2.9488577842712402,3.0798141956329346,3.3832895755767822,3.6334633827209473,3.8426291942596436,3.78641939163208,3.8426706790924072,4.2050933837890625,4.28411865234375,4.283075332641602,4.649496555328369,4.52390193939209,4.648772716522217,4.370190143585205,4.222256183624268,4.372313976287842,4.1008501052856445,4.30271053314209,4.2821502685546875,4.348814964294434,3.982621431350708,4.052084445953369,4.19084358215332,3.8899857997894287,4.102383613586426,3.9598636627197266,2.6878342628479004,2.3273134231567383,2.2007925510406494,2.0126450061798096,1.6399163007736206,1.5297300815582275,1.3054635524749756,0.9467914700508118,0.9232631325721741,1.1228221654891968,1.0743736028671265,0.7991831302642822,1.057281494140625,1.313360333442688,1.2442824840545654,1.5927618741989136,1.5434304475784302,1.4720041751861572,1.833447813987732,1.8176378011703491,2.2037463188171387,2.4389097690582275,2.4999465942382812,2.847160816192627,2.9693663120269775,2.8905701637268066,3.1772983074188232,3.440319061279297,3.663808822631836,3.7927424907684326
A10,2.409435749053955,2.106004476547241,1.814004898071289,1.4671274423599243,1.2300983667373657,0.861733078956604,0.6628533005714417,0.5365818738937378,0.39555516839027405,0.0,0.3725740611553192,0.5183992981910706,0.5304108262062073,0.7411020994186401,1.0031819343566895,1.7262611389160156,2.0671799182891846,2.028794050216675,2.218687057495117,2.5592589378356934,2.688800811767578,2.9888508319854736,3.2428462505340576,3.448727607727051,3.3976736068725586,3.4591870307922363,3.8185625076293945,3.900988817214966,3.9094955921173096,4.274409294128418,4.191378593444824,4.332584857940674,4.068241596221924,3.923560380935669,4.096500873565674,3.835383176803589,4.042281150817871,4.050261974334717,4.112668991088867,3.7540693283081055,3.8493220806121826,3.9969422817230225,3.7141530513763428,3.9516022205352783,3.8218648433685303,2.6170222759246826,2.247504711151123,2.184624433517456,1.9923189878463745,1.6293210983276367,1.5884965658187866,1.3463797569274902,1.0570403337478638,1.0162255764007568,1.3147516250610352,1.335833191871643,1.130336046218872,1.3794081211090088,1.663112998008728,1.6258939504623413,1.85191810131073,1.747251272201538,1.6068488359451294,1.9299681186676025,1.8374584913253784,2.1979293823242188,2.419466257095337,2.419589042663574,2.7857255935668945,2.890705108642578,2.7658238410949707,3.032949924468994,3.319180727005005,3.516078233718872,3.6086697578430176
A11,2.4443411827087402,2.128375768661499,1.8152819871902466,1.5188264846801758,1.2207353115081787,0.8949012756347656,0.7797095775604248,0.49092772603034973,0.5664837956428528,0.3725740611553192,0.0,0.3833586573600769,0.5575679540634155,0.6415667533874512,0.7915489077568054,1.730439305305481,2.033745050430298,1.954916000366211,2.181882858276367,2.490424633026123,2.626220226287842,2.952136516571045,3.1708946228027344,3.408811330795288,3.3505067825317383,3.3720333576202393,3.7389466762542725,3.8363044261932373,3.8139445781707764,4.177352428436279,4.143918514251709,4.298843860626221,4.0254411697387695,3.913973569869995,4.091418266296387,3.8549585342407227,4.09079647064209,4.103569030761719,4.196252346038818,3.8488197326660156,3.9311962127685547,4.109325885772705,3.841644525527954,4.07353401184082,3.974073648452759,2.7360527515411377,2.3860135078430176,2.313049554824829,2.0679128170013428,1.7348427772521973,1.6402232646942139,1.3292696475982666,1.0944712162017822,0.9208816289901733,1.2232385873794556,1.3425376415252686,1.147203803062439,1.302483081817627,1.6376402378082275,1.674694299697876,1.9512200355529785,1.798028826713562,1.7068040370941162,2.007633924484253,1.8920331001281738,2.249119520187378,2.4169042110443115,2.4071216583251953,2.7618508338928223,2.9085772037506104,2.792391061782837,3.0316545963287354,3.3429505825042725,3.5559241771698,3.6459577083587646
A12,2.7552154064178467,2.419426441192627,2.135333776473999,1.8256916999816895,1.5125336647033691,1.2095246315002441,0.9968340396881104,0.6799477934837341,0.5906903147697449,0.5183992981910706,0.3833586573600769,0.0,0.38036105036735535,0.6018332839012146,0.6507070660591125,1.7550766468048096,2.0784807205200195,2.05840802192688,2.3190979957580566,2.6180129051208496,2.7994699478149414,3.1118123531341553,3.3315675258636475,3.5767815113067627,3.555115222930908,3.575099468231201,3.932021379470825,4.05647087097168,4.048184871673584,4.405117034912109,4.458624839782715,4.628752708435059,4.366560459136963,4.256305694580078,4.4460930824279785,4.2112250328063965,4.442403316497803,4.464168548583984,4.545831203460693,4.196808338165283,4.290245056152344,4.458388328552246,4.186784744262695,4.423469543457031,4.310156345367432,3.0791070461273193,2.721038579940796,2.637511730194092,2.4092116355895996,2.0607833862304688,1.9527983665466309,1.6542906761169434,1.3722120523452759,1.204668641090393,1.4403520822525024,1.5166069269180298,1.236270785331726,1.3508316278457642,1.6790099143981934,1.6696841716766357,1.6339104175567627,1.4436922073364258,1.3513659238815308,1.638035535812378,1.5247416496276855,1.8876837491989136,2.053626775741577,2.0697171688079834,2.416590452194214,2.5732226371765137,2.4845306873321533,2.735675096511841,3.033414363861084,3.266735315322876,3.3850104808807373
A13,2.924314022064209,2.615713119506836,2.3142011165618896,1.983540654182434,1.7201966047286987,1.3648375272750854,1.1682931184768677,0.9363740682601929,0.7635213136672974,0.5304108262062073,0.5575679540634155,0.38036105036735535,0.0,0.3752981722354889,0.5978590250015259,1.433703064918518,1.7825874090194702,1.8067442178726196,2.055492401123047,2.3690922260284424,2.5665063858032227,2.854901075363159,3.096705913543701,3.3244032859802246,3.327427387237549,3.3726389408111572,3.717620611190796,3.84818696975708,3.8709800243377686,4.223860263824463,4.323824405670166,4.506368160247803,4.2669997215271,4.1436896324157715,4.35453462600708,4.118194580078125,4.3355326652526855,4.382284164428711,4.440157413482666,4.094160079956055,4.218937873840332,4.373801231384277,4.110301494598389,4.3699235916137695,4.247329235076904,3.1013832092285156,2.7302536964416504,2.6954281330108643,2.4983813762664795,2.144702434539795,2.104933500289917,1.8350398540496826,1.5622103214263916,1.4515324831008911,1.7319138050079346,1.785349726676941,1.5220774412155151,1.691016435623169,2.0010955333709717,1.9547394514083862,1.7396868467330933,1.5378422737121582,1.3471717834472656,1.598838210105896,1.427891731262207,1.7603062391281128,1.9482650756835938,1.9152815341949463,2.284548759460449,2.3962392807006836,2.264024496078491,2.5176610946655273,2.816882848739624,3.020138740539551,3.1144137382507324
A14,3.00915789604187,2.7214603424072266,2.3854901790618896,2.0870044231414795,1.8290175199508667,1.4698525667190552,1.3641343116760254,1.1184955835342407,1.0492973327636719,0.7411020994186401,0.6415667533874512,0.6018332839012146,0.3752981722354889,0.0,0.3952448070049286,1.1625343561172485,1.476923942565918,1.4684031009674072,1.7390409708023071,2.033198833465576,2.236849784851074,2.5375494956970215,2.7598443031311035,3.0048887729644775,3.0090832710266113,3.034140110015869,3.379964590072632,3.52284574508667,3.5359139442443848,3.885432243347168,4.050837993621826,4.2532453536987305,4.022443771362305,3.9212913513183594,4.150742530822754,3.9383184909820557,4.173013687133789,4.243269443511963,4.31391716003418,3.9832074642181396,4.11830997467041,4.294397354125977,4.054586410522461,4.325916290283203,4.229691982269287,3.126145839691162,2.7662174701690674,2.766331672668457,2.5471065044403076,2.22235369682312,2.200068950653076,1.904958724975586,1.6979432106018066,1.5458790063858032,1.8618510961532593,1.9780622720718384,1.7586206197738647,1.90285325050354,2.238990545272827,2.239731788635254,2.079211950302124,1.8436518907546997,1.654754877090454,1.8600084781646729,1.6335638761520386,1.9232844114303589,2.0578994750976562,1.9628889560699463,2.3310179710388184,2.4504551887512207,2.2827720642089844,2.4928693771362305,2.825883626937866,3.01058292388916,3.0664520263671875
A15,3.2041990756988525,2.8952131271362305,2.565990686416626,2.2941277027130127,1.9906551837921143,1.6748110055923462,1.5622748136520386,1.2450844049453735,1.2202980518341064,1.0031819343566895,0.7915489077568054,0.6507070660591125,0.5978590250015259,0.3952448070049286,0.0,1.3512173891067505,1.61342191696167,1.5992980003356934,1.9179761409759521,2.1601433753967285,2.3909780979156494,2.7025649547576904,2.884490489959717,3.1616897583007812,3.177879810333252,3.161667585372925,3.504673480987549,3.6746444702148438,3.6638638973236084,4.0047078132629395,4.252839088439941,4.470242023468018,4.235894203186035,4.163987636566162,4.396950721740723,4.20483922958374,4.459115028381348,4.531001567840576,4.621990203857422,4.298576831817627,4.4223175048828125,4.616089820861816,4.382486820220947,4.646199703216553,4.564699649810791,3.421847343444824,3.0723869800567627,3.047891855239868,2.7993314266204834,2.4840304851531982,2.4108409881591797,2.0815699100494385,1.8807400465011597,1.6619515419006348,1.9356967210769653,2.0879788398742676,1.8452578783035278,1.9094992876052856,2.263624668121338,2.294158935546875,2.048082113265991,1.7636847496032715,1.628604531288147,1.7938143014907837,1.5549052953720093,1.831392526626587,1.8998805284500122,1.8113526105880737,2.1543850898742676,2.3272058963775635,2.1923701763153076,2.3762431144714355,2.723642587661743,2.939244508743286,3.013127088546753
B1,3.734201669692993,3.5318429470062256,3.162069797515869,2.8853414058685303,2.7323050498962402,2.3490498065948486,2.3311049938201904,2.188718318939209,2.099095106124878,1.7262611389160156,1.730439305305481,1.7550766468048096,1.433703064918518,1.1625343561172485,1.3512173891067505,0.0,0.3935531675815582,0.6125436425209045,0.8132186532020569,1.0924105644226074,1.3695379495620728,1.566093921661377,1.827897071838379,2.0272555351257324,2.1312639713287354,2.2114040851593018,2.497382164001465,2.6792049407958984,2.7829670906066895,3.097635507583618,3.5137746334075928,3.775127410888672,3.636845111846924,3.5384292602539062,3.842909336090088,3.6753439903259277,3.883975028991699,4.052880764007568,4.074954509735107,3.794595956802368,4.018398761749268,4.180478572845459,4.009190559387207,4.338057041168213,4.260691165924072,3.487372398376465,3.1486499309539795,3.2866411209106445,3.12691068649292,2.858924627304077,2.9704744815826416,2.7332115173339844,2.609602689743042,2.5217702388763428,2.886810541152954,3.0050110816955566,2.839801073074341,3.030583381652832,3.3559443950653076,3.3393876552581787,3.0096113681793213,2.7586846351623535,2.467158317565918,2.55505633354187,2.2328786849975586,2.3596303462982178,2.4525232315063477,2.1952335834503174,2.5406908988952637,2.5420444011688232,2.237656593322754,2.3471903800964355,2.6904098987579346,2.7356808185577393,2.644169330596924
B2,3.9626522064208984,3.7787559032440186,3.396852493286133,3.1484439373016357,3.001776933670044,2.6320712566375732,2.650625467300415,2.500272512435913,2.445190906524658,2.0671799182891846,2.033745050430298,2.0784807205200195,1.7825874090194702,1.476923942565918,1.61342191696167,0.3935531675815582,0.0,0.37764841318130493,0.5688167214393616,0.7484254837036133,1.0736597776412964,1.2503622770309448,1.4800734519958496,1.6990914344787598,1.8339500427246094,1.8909975290298462,2.1592330932617188,2.370307207107544,2.477351188659668,2.775604009628296,3.320711851119995,3.6093807220458984,3.496612310409546,3.4271328449249268,3.7534680366516113,3.6214771270751953,3.8403170108795166,4.038751125335693,4.068955898284912,3.8158679008483887,4.050948143005371,4.228332042694092,4.0885467529296875,4.423859119415283,4.373119354248047,3.671444892883301,3.353524684906006,3.515087604522705,3.3461999893188477,3.107816457748413,3.226120948791504,2.9821863174438477,2.89670991897583,2.7897732257843018,3.1591198444366455,3.306405544281006,3.160224199295044,3.3343663215637207,3.670267105102539,3.677276372909546,3.371964931488037,3.105102777481079,2.823208808898926,2.89117693901062,2.553431510925293,2.65191912651062,2.703803777694702,2.415581226348877,2.7354159355163574,2.7390358448028564,2.4201772212982178,2.4749550819396973,2.828620672225952,2.845778465270996,2.7096972465515137
B3,3.754634141921997,3.58573317527771,3.1943397521972656,2.979085922241211,2.8391518592834473,2.491030693054199,2.560223340988159,2.4120588302612305,2.413238286972046,2.028794050216675,1.954916000366211,2.05840802192688,1.8067442178726196,1.4684031009674072,1.5992980003356934,0.6125436425209045,0.37764841318130493,0.0,0.3733353316783905,0.569278359413147,0.8426689505577087,1.1139934062957764,1.3134410381317139,1.572080135345459,1.640313744544983,1.6604431867599487,1.9686535596847534,2.1622157096862793,2.225084066390991,2.542989492416382,3.037130117416382,3.3251001834869385,3.194234848022461,3.144749879837036,3.4669034481048584,3.3482325077056885,3.589923858642578,3.783940553665161,3.8411240577697754,3.5946078300476074,3.813164234161377,4.014878749847412,3.885258436203003,4.21224308013916,4.186710834503174,3.470768451690674,3.17145037651062,3.3360915184020996,3.1456360816955566,2.935940980911255,3.0489583015441895,2.7969918251037598,2.7567923069000244,2.6328511238098145,3.0054538249969482,3.1841273307800293,3.0739314556121826,3.23624849319458,3.5780842304229736,3.6198461055755615,3.4792416095733643,3.217160224914551,2.964696168899536,3.0669925212860107,2.7431838512420654,2.8793182373046875,2.9277760982513428,2.65864634513855,2.9835116863250732,3.0215556621551514,2.720604181289673,2.7781405448913574,3.144881248474121,3.183004379272461,3.0571491718292236
B4,3.785639762878418,3.6522560119628906,3.26204776763916,3.057176113128662,2.962852716445923,2.617900848388672,2.714172124862671,2.611938714981079,2.6122140884399414,2.218687057495117,2.181882858276367,2.3190979957580566,2.055492401123047,1.7390409708023071,1.9179761409759521,0.8132186532020569,0.5688167214393616,0.3733353316783905,0.0,0.387955904006958,0.5620554089546204,0.8018463253974915,1.0660759210586548,1.271826148033142,1.3294380903244019,1.4090317487716675,1.7096494436264038,1.8728904724121094,1.9734331369400024,2.2923390865325928,2.7527503967285156,3.0411229133605957,2.9347333908081055,2.8705737590789795,3.204819917678833,3.090536594390869,3.3152201175689697,3.530771493911743,3.5699737071990967,3.339174509048462,3.5793333053588867,3.7714853286743164,3.662461280822754,4.0000410079956055,3.9803082942962646,3.3822150230407715,3.1001126766204834,3.3042163848876953,3.141947031021118,2.958587646484375,3.114866256713867,2.897618532180786,2.8834779262542725,2.7963085174560547,3.1779513359069824,3.345053195953369,3.2634940147399902,3.4536237716674805,3.7825803756713867,3.8188631534576416,3.739893913269043,3.498619318008423,3.2307989597320557,3.344850540161133,3.0284876823425293,3.163721799850464,3.234461784362793,2.962533950805664,3.290411949157715,3.3009841442108154,2.9845447540283203,3.0436103343963623,3.3953495025634766,3.403498411178589,3.2530603408813477
B5,4.087118625640869,3.9601974487304688,3.5650436878204346,3.3817102909088135,3.278902769088745,2.947103261947632,3.0546584129333496,2.931448221206665,2.9488577842712402,2.5592589378356934,2.490424633026123,2.6180129051208496,2.3690922260284424,2.033198833465576,2.1601433753967285,1.0924105644226074,0.7484254837036133,0.569278359413147,0.387955904006958,0.0,0.37866508960723877,0.5832399725914001,0.7506492733955383,1.0175443887710571,1.1260859966278076,1.1452200412750244,1.420933723449707,1.6394658088684082,1.7351280450820923,2.0285143852233887,2.6832802295684814,3.004486322402954,2.928128719329834,2.905994176864624,3.258586883544922,3.1887059211730957,3.424475908279419,3.6655707359313965,3.716646671295166,3.516767740249634,3.7603912353515625,3.967172622680664,3.8879804611206055,4.224867343902588,4.230053901672363,3.6821699142456055,3.4184067249298096,3.628711462020874,3.454500675201416,3.2900872230529785,3.436707019805908,3.207200765609741,3.211710214614868,3.1001033782958984,3.4764790534973145,3.6662464141845703,3.586939573287964,3.754268169403076,4.093263626098633,4.146398544311523,4.043178558349609,3.781785011291504,3.521357536315918,3.6114208698272705,3.2787883281707764,3.38785457611084,3.42117977142334,3.1261637210845947,3.429919958114624,3.446162700653076,3.124204635620117,3.1391491889953613,3.4971108436584473,3.4882190227508545,3.3084967136383057
B6,3.9948949813842773,3.9032371044158936,3.5097625255584717,3.355217695236206,3.2890634536743164,2.977484941482544,3.1262094974517822,3.0363147258758545,3.0798141956329346,2.688800811767578,2.626220226287842,2.7994699478149414,2.5665063858032227,2.236849784851074,2.3909780979156494,1.3695379495620728,1.0736597776412964,0.8426689505577087,0.5620554089546204,0.37866508960723877,0.0,0.38033437728881836,0.560992419719696,0.7946306467056274,0.7998929023742676,0.8471823930740356,1.159538984298706,1.3230109214782715,1.4153963327407837,1.7305409908294678,2.3060152530670166,2.6274430751800537,2.55928373336792,2.541217088699341,2.8994717597961426,2.8449575901031494,3.081925630569458,3.335662841796875,3.391582727432251,3.2114064693450928,3.457616090774536,3.672020435333252,3.616633176803589,3.9521894454956055,3.978600263595581,3.515199661254883,3.2802069187164307,3.516237735748291,3.352224111557007,3.226101875305176,3.396538734436035,3.1910150051116943,3.237020254135132,3.143711566925049,3.5214288234710693,3.716437816619873,3.6758909225463867,3.854524850845337,4.1839799880981445,4.250497817993164,4.2751641273498535,4.031875133514404,3.7769365310668945,3.8937947750091553,3.5748045444488525,3.7057859897613525,3.75636887550354,3.4728827476501465,3.785860776901245,3.8027260303497314,3.481619358062744,3.5079164505004883,3.8631794452667236,3.851802110671997,3.6699600219726562
B7,4.2955193519592285,4.2179765701293945,3.8291780948638916,3.668050765991211,3.619011163711548,3.299678087234497,3.438939332962036,3.3629515171051025,3.3832895755767822,2.9888508319854736,2.952136516571045,3.1118123531341553,2.854901075363159,2.5375494956970215,2.7025649547576904,1.566093921661377,1.2503622770309448,1.1139934062957764,0.8018463253974915,0.5832399725914001,0.38033437728881836,0.0,0.37851399183273315,0.4706086814403534,0.6102451086044312,0.7600483298301697,0.9705166220664978,1.1476629972457886,1.3326683044433594,1.6011741161346436,2.2903494834899902,2.6233134269714355,2.609513759613037,2.584411382675171,2.957695960998535,2.9194984436035156,3.126126289367676,3.4092390537261963,3.4358415603637695,3.2810800075531006,3.5541751384735107,3.7481637001037598,3.7160146236419678,4.061395645141602,4.086112022399902,3.739359140396118,3.5124666690826416,3.771620035171509,3.633861780166626,3.5125341415405273,3.7064356803894043,3.5195939540863037,3.559495210647583,3.4856364727020264,3.866811752319336,4.0468268394470215,4.00236701965332,4.195464134216309,4.519985198974609,4.570791244506836,4.537389755249023,4.2958984375,4.020638942718506,4.120033264160156,3.7934646606445312,3.897930145263672,3.949510097503662,3.64906644821167,3.9514031410217285,3.938305377960205,3.600691318511963,3.6098482608795166,3.948198080062866,3.9007956981658936,3.6879868507385254
B8,4.499109268188477,4.4246368408203125,4.031627655029297,3.8946831226348877,3.833557605743408,3.5305888652801514,3.6849470138549805,3.587979555130005,3.6334633827209473,3.2428462505340576,3.1708946228027344,3.3315675258636475,3.096705913543701,2.7598443031311035,2.884490489959717,1.827897071838379,1.4800734519958496,1.3134410381317139,1.0660759210586548,0.7506492733955383,0.560992419719696,0.37851399183273315,0.0,0.3751339316368103,0.5288419127464294,0.5015445351600647,0.6828272938728333,0.9468400478363037,1.0900322198867798,1.3296489715576172,2.230402708053589,2.590886354446411,2.595215082168579,2.624305248260498,3.0029101371765137,3.011188507080078,3.237544298171997,3.531766653060913,3.5835866928100586,3.456057548522949,3.7164194583892822,3.9320077896118164,3.9232912063598633,4.2588934898376465,4.311320781707764,3.9728479385375977,3.763126850128174,4.017242431640625,3.8590564727783203,3.7552108764648438,3.931004285812378,3.728102207183838,3.7885215282440186,3.6874711513519287,4.0615386962890625,4.267121315002441,4.229169845581055,4.397503852844238,4.731498718261719,4.804746627807617,4.787774562835693,4.530159950256348,4.270389080047607,4.360397815704346,4.0253376960754395,4.122268199920654,4.144011974334717,3.8345749378204346,4.1205315589904785,4.125571250915527,3.7929673194885254,3.773390293121338,4.121090888977051,4.074408531188965,3.85079026222229
B9,4.6348137855529785,4.583445072174072,4.197707653045654,4.058950901031494,4.028057098388672,3.722456693649292,3.879603385925293,3.8121440410614014,3.8426291942596436,3.448727607727051,3.408811330795288,3.5767815113067627,3.3244032859802246,3.0048887729644775,3.1616897583007812,2.0272555351257324,1.6990914344787598,1.572080135345459,1.271826148033142,1.0175443887710571,0.7946306467056274,0.4706086814403534,0.3751339316368103,0.0,0.385172963142395,0.5686444044113159,0.5942999124526978,0.7843433618545532,1.0472393035888672,1.2426894903182983,2.1147258281707764,2.4692132472991943,2.519606113433838,2.526132345199585,2.9112837314605713,2.9248926639556885,3.1167070865631104,3.4330508708953857,3.454451322555542,3.349437952041626,3.632953643798828,3.8262271881103516,3.838789224624634,4.181159496307373,4.231942653656006,4.016645908355713,3.8202943801879883,4.100618362426758,3.9733431339263916,3.8820502758026123,4.088626384735107,3.914494276046753,3.9784135818481445,3.907768487930298,4.286453723907471,4.4736647605896,4.445497035980225,4.637157917022705,4.960108280181885,5.019250392913818,5.007469177246094,4.76444673538208,4.487724304199219,4.580463409423828,4.24937105178833,4.340781211853027,4.381688117980957,4.069919109344482,4.358890056610107,4.337645530700684,3.9937291145324707,3.979184865951538,4.309840202331543,4.238373756408691,3.9988412857055664
B10,4.393592357635498,4.365825176239014,3.9844748973846436,3.87453031539917,3.8652541637420654,3.5838067531585693,3.7743871212005615,3.7260091304779053,3.78641939163208,3.3976736068725586,3.3505067825317383,3.555115222930908,3.327427387237549,3.0090832710266113,3.177879810333252,2.1312639713287354,1.8339500427246094,1.640313744544983,1.3294380903244019,1.1260859966278076,0.7998929023742676,0.6102451086044312,0.5288419127464294,0.385172963142395,0.0,0.3730129301548004,0.5255872011184692,0.5607382655143738,0.78062504529953,1.049048900604248,1.750339388847351,2.104489803314209,2.1404733657836914,2.1573827266693115,2.5419769287109375,2.567178249359131,2.774538516998291,3.0890469551086426,3.1309194564819336,3.0355701446533203,3.305826425552368,3.516287326812744,3.54144549369812,3.874509334564209,3.9470109939575195,3.755276679992676,3.5840322971343994,3.87125825881958,3.742058277130127,3.682386875152588,3.8940210342407227,3.7332327365875244,3.8317341804504395,3.767165184020996,4.140190124511719,4.336411952972412,4.3405280113220215,4.532279968261719,4.84748649597168,4.924380302429199,5.041872501373291,4.812363624572754,4.550992965698242,4.673684597015381,4.357033729553223,4.480445861816406,4.534966468811035,4.241214752197266,4.545777797698975,4.542586326599121,4.207824230194092,4.2146382331848145,4.5555853843688965,4.506082534790039,4.285981178283691
B11,4.450750827789307,4.412711143493652,4.025558948516846,3.934540033340454,3.9008986949920654,3.6337077617645264,3.8336102962493896,3.7563705444335938,3.8426706790924072,3.4591870307922363,3.3720333576202393,3.575099468231201,3.3726389408111572,3.034140110015869,3.161667585372925,2.2114040851593018,1.8909975290298462,1.6604431867599487,1.4090317487716675,1.1452200412750244,0.8471823930740356,0.7600483298301697,0.5015445351600647,0.5686444044113159,0.3730129301548004,0.0,0.3834441602230072,0.5491296052932739,0.5999471545219421,0.8866780400276184,1.7876962423324585,2.1623284816741943,2.180924892425537,2.2568891048431396,2.63482928276062,2.6919612884521484,2.934088706970215,3.238473415374756,3.3181867599487305,3.2288706302642822,3.4722368717193604,3.710655689239502,3.7386178970336914,4.058047294616699,4.150705814361572,3.8896687030792236,3.7232179641723633,3.9901697635650635,3.829124927520752,3.7749977111816406,3.9560186862945557,3.768970251083374,3.88045597076416,3.7813010215759277,4.145682334899902,4.369266510009766,4.373989105224609,4.536159992218018,4.862697124481201,4.9632086753845215,5.096391677856445,4.849920272827148,4.608719825744629,4.726035118103027,4.403409481048584,4.5273308753967285,4.5544819831848145,4.258608818054199,4.552254676818848,4.575320720672607,4.250853061676025,4.239651679992676,4.595101833343506,4.560773849487305,4.344418048858643
B12,4.809220790863037,4.78096866607666,4.396234035491943,4.3056440353393555,4.278641223907471,4.008553981781006,4.204198837280273,4.128870487213135,4.2050933837890625,3.8185625076293945,3.7389466762542725,3.932021379470825,3.717620611190796,3.379964590072632,3.504673480987549,2.497382164001465,2.1592330932617188,1.9686535596847534,1.7096494436264038,1.420933723449707,1.159538984298706,0.9705166220664978,0.6828272938728333,0.5942999124526978,0.5255872011184692,0.3834441602230072,0.0,0.37452608346939087,0.5477739572525024,0.6753839254379272,1.8350807428359985,2.2189910411834717,2.300417900085449,2.3916690349578857,2.772787094116211,2.86248779296875,3.0801358222961426,3.407989263534546,3.471458911895752,3.415877342224121,3.6724138259887695,3.8987677097320557,3.95391845703125,4.273993492126465,4.374413967132568,4.205774784088135,4.049937725067139,4.3300089836120605,4.181884288787842,4.134006977081299,4.325246810913086,4.1455254554748535,4.255949974060059,4.161843299865723,4.527457237243652,4.747637748718262,4.749639987945557,4.914975166320801,5.241739749908447,5.337250232696533,5.430685043334961,5.17974853515625,4.928410053253174,5.030580520629883,4.699588298797607,4.802916049957275,4.8215484619140625,4.51145601272583,4.79223108291626,4.80007266998291,4.466689586639404,4.434667110443115,4.779746055603027,4.720342636108398,4.479713439941406
B13,4.716071605682373,4.718581676483154,4.344128608703613,4.272507667541504,4.278529167175293,4.024684906005859,4.242495536804199,4.197882175445557,4.28411865234375,3.900988817214966,3.8363044261932373,4.05647087097168,3.84818696975708,3.52284574508667,3.6746444702148438,2.6792049407958984,2.370307207107544,2.1622157096862793,1.8728904724121094,1.6394658088684082,1.3230109214782715,1.1476629972457886,0.9468400478363037,0.7843433618545532,0.5607382655143738,0.5491296052932739,0.37452608346939087,0.0,0.380566269159317,0.5237756967544556,1.489643931388855,1.8697335720062256,1.97902250289917,2.0682451725006104,2.448538303375244,2.555691719055176,2.7596497535705566,3.098554849624634,3.1582767963409424,3.128514289855957,3.3862967491149902,3.609656572341919,3.6890792846679688,4.002854824066162,4.11869478225708,4.046928405761719,3.9189956188201904,4.216929912567139,4.087602615356445,4.0694804191589355,4.281070709228516,4.129270076751709,4.26380729675293,4.192971229553223,4.555553436279297,4.768970012664795,4.798412799835205,4.977778434753418,5.291122913360596,5.389281272888184,5.573699474334717,5.341518878936768,5.090522766113281,5.215230464935303,4.896939277648926,5.019741535186768,5.060586929321289,4.762016296386719,5.057186603546143,5.06176233291626,4.727669715881348,4.715913772583008,5.058996200561523,5.001852989196777,4.767355442047119
