,A1,A2,A3,A4,A5,A6,A7,A8,A9,A10,A11,A12,A13,A14,A15,B1,B2,B3,B4,B5,B6,B7,B8,B9,B10,B11,B12,B13,B14,B15,C1,C2,C3,C4,C5,C6,C7,C8,C9,C10,C11,C12,C13,C14,C15,D1,D2,D3,D4,D5,D6,D7,D8,D9,D10,D11,D12,D13,D14,D15,E1,E2,E3,E4,E5,E6,E7,E8,E9,E10,E11,E12,E13,E14,E15
A1,0.0,0.39409905672073364,0.6397535800933838,0.9149698615074158,1.2249528169631958,1.5318516492843628,1.7704641819000244,2.086772918701172,2.2977726459503174,2.358053207397461,2.415059804916382,2.764073610305786,2.906193256378174,2.9798755645751953,3.252392053604126,4.250270843505859,4.418338775634766,4.390810966491699,4.748057842254639,4.892242431640625,5.128481864929199,5.4733428955078125,5.59595251083374,5.931380271911621,5.919504642486572,5.722021579742432,6.035576820373535,5.914716720581055,5.812142848968506,5.784940242767334,4.541261196136475,4.424628734588623,4.096078872680664,3.878610849380493,3.8380260467529297,3.4831008911132812,3.5239615440368652,3.4156951904296875,3.3686156272888184,3.014045476913452,2.8775882720947266,2.6147584915161133,2.56622052192688,2.259540319442749,2.3446874618530273,3.5605242252349854,3.932098865509033,4.108483791351318,4.360722064971924,4.667990207672119,4.917774677276611,5.158231735229492,5.453205585479736,5.654696464538574,5.7005839347839355,5.75755500793457,6.114245414733887,6.280359268188477,6.332434177398682,6.559218883514404,6.26777982711792,6.107056617736816,5.769627094268799,5.87593936920166,5.66256046295166,5.61956787109375,5.806142807006836,5.535202980041504,5.831422328948975,5.756814002990723,5.392467975616455,5.550166606903076,5.300571441650391,5.229114055633545,5.058474063873291
A2,0.39409905672073364,0.0,0.3952590227127075,0.6301862001419067,0.8871561884880066,1.226086974143982,1.4382506608963013,1.745435357093811,1.9544106721878052,2.052375555038452,2.1157166957855225,2.4685308933258057,2.6164650917053223,2.7260708808898926,2.9872539043426514,4.027951717376709,4.19387674331665,4.194278717041016,4.554792881011963,4.70200252532959,4.956738471984863,5.290464401245117,5.426880359649658,5.755356311798096,5.760476112365723,5.5813469886779785,5.907120704650879,5.804713249206543,5.718780517578125,5.708662509918213,4.514162540435791,4.383808135986328,4.0384087562561035,3.842763900756836,3.778001070022583,3.432457208633423,3.4942588806152344,3.3560950756073,3.3440351486206055,3.0009639263153076,2.818967819213867,2.5693814754486084,2.466001510620117,2.145935535430908,2.1749932765960693,3.281453847885132,3.6532630920410156,3.8485519886016846,4.083951950073242,4.397423267364502,4.643360137939453,4.8683762550354,5.174861431121826,5.360032558441162,5.409241199493408,5.4844865798950195,5.835799694061279,6.017103672027588,6.077841281890869,6.3158392906188965,6.09613037109375,5.9308013916015625,5.605621814727783,5.725433826446533,5.504253387451172,5.482144355773926,5.665072441101074,5.393813610076904,5.6946868896484375,5.644083023071289,5.282991886138916,5.455193996429443,5.2083539962768555,5.164204120635986,4.9981231689453125
A3,0.6397535800933838,0.3952590227127075,0.0,0.3859720230102539,0.6215055584907532,0.9326653480529785,1.2182915210723877,1.4931002855300903,1.7498791217803955,1.810891032218933,1.8211536407470703,2.1836130619049072,2.298335552215576,2.3928823471069336,2.6443798542022705,3.6453161239624023,3.8132636547088623,3.8073244094848633,4.166318893432617,4.317042350769043,4.5676589012146,4.903209209442139,5.041851997375488,5.369089603424072,5.369598388671875,5.191376209259033,5.516447067260742,5.4175848960876465,5.330451011657715,5.326369762420654,4.1669230461120605,4.0454607009887695,3.6937026977539062,3.515930414199829,3.4608004093170166,3.1265106201171875,3.218714475631714,3.09267258644104,3.1126701831817627,2.7651755809783936,2.5644989013671875,2.3522374629974365,2.243374824523926,1.8980127573013306,1.941989541053772,2.98293137550354,3.3633675575256348,3.5363214015960693,3.7701773643493652,4.090779781341553,4.325139999389648,4.563567638397217,4.867877006530762,5.060765743255615,5.094128131866455,5.1590256690979,5.510368824005127,5.68577241897583,5.733661651611328,5.972349643707275,5.767618656158447,5.616406440734863,5.292208194732666,5.425818920135498,5.218380928039551,5.208706855773926,5.408621788024902,5.153009414672852,5.467001438140869,5.417985439300537,5.063682556152344,5.255589962005615,5.028615951538086,4.989352226257324,4.848793983459473
A4,0.9149698615074158,0.6301862001419067,0.3859720230102539,0.0,0.3828933835029602,0.624157726764679,0.8707603812217712,1.1857585906982422,1.4072202444076538,1.452781319618225,1.5034635066986084,1.8529391288757324,2.0052568912506104,2.1024093627929688,2.376281261444092,3.4901926517486572,3.685215473175049,3.708437204360962,4.059264183044434,4.236497402191162,4.490920543670654,4.81854248046875,4.983985900878906,5.296289920806885,5.293461799621582,5.137539863586426,5.4653496742248535,5.391366481781006,5.301241874694824,5.3248066902160645,4.265673637390137,4.160204887390137,3.7970657348632812,3.6539418697357178,3.6060190200805664,3.292227029800415,3.4215312004089355,3.296675205230713,3.354200839996338,3.0117437839508057,2.7841296195983887,2.6067917346954346,2.4703948497772217,2.111010789871216,2.123708963394165,2.958484649658203,3.3453192710876465,3.518664598464966,3.7206528186798096,4.059252738952637,4.269120216369629,4.498205184936523,4.818516731262207,4.991872310638428,5.007148742675781,5.089345932006836,5.429356575012207,5.621050834655762,5.6592512130737305,5.916635036468506,5.815821647644043,5.6780195236206055,5.366908073425293,5.5248236656188965,5.325254917144775,5.341944217681885,5.551299095153809,5.307677268981934,5.631761074066162,5.600534915924072,5.254280090332031,5.465298652648926,5.251089572906494,5.230154037475586,5.1038641929626465
A5,1.2249528169631958,0.8871561884880066,0.6215055584907532,0.3828933835029602,0.0,0.38259217143058777,0.6354092359542847,0.8782477974891663,1.1480648517608643,1.2471625804901123,1.257143497467041,1.6214796304702759,1.7487359046936035,1.896605134010315,2.1349587440490723,3.2399282455444336,3.420508623123169,3.467060089111328,3.8217506408691406,3.9920578002929688,4.265079498291016,4.580165863037109,4.7515645027160645,5.059065341949463,5.0770463943481445,4.935737133026123,5.274763584136963,5.21428918838501,5.145711421966553,5.179688453674316,4.160146713256836,4.036715030670166,3.663147211074829,3.540409803390503,3.4655921459198,3.1663763523101807,3.3109402656555176,3.1590802669525146,3.2493433952331543,2.9275331497192383,2.662710189819336,2.5072555541992188,2.3239901065826416,1.96700918674469,1.9247632026672363,2.6211726665496826,3.005441665649414,3.1929771900177,3.381903648376465,3.7225840091705322,3.930995225906372,4.147945880889893,4.474706649780273,4.637373924255371,4.6578826904296875,4.7522687911987305,5.08909273147583,5.290516376495361,5.338621139526367,5.601738452911377,5.550930023193359,5.407845973968506,5.108535289764404,5.275957107543945,5.07029914855957,5.10472297668457,5.309760570526123,5.068321228027344,5.394924163818359,5.384432792663574,5.044246196746826,5.267685890197754,5.059883117675781,5.063159465789795,4.945249080657959
A6,1.5318516492843628,1.226086974143982,0.9326653480529785,0.624157726764679,0.38259217143058777,0.0,0.3854048252105713,0.5998148322105408,0.8818187117576599,0.9047209620475769,0.8934998512268066,1.2564077377319336,1.3914098739624023,1.5237137079238892,1.7794334888458252,2.9563028812408447,3.1640570163726807,3.226985216140747,3.5701944828033447,3.765836000442505,4.033798694610596,4.344189643859863,4.537105083465576,4.830992698669434,4.838960647583008,4.714241027832031,5.051163196563721,5.010705947875977,4.935400009155273,4.993177890777588,4.077837944030762,3.977846145629883,3.599093198776245,3.513446092605591,3.4575366973876953,3.185138463973999,3.370389223098755,3.236968994140625,3.3647193908691406,3.0474138259887695,2.7689151763916016,2.6618916988372803,2.4751625061035156,2.1104705333709717,2.07082200050354,2.5494797229766846,2.937941551208496,3.101614475250244,3.262042284011841,3.618605375289917,3.7957494258880615,4.015983581542969,4.35005521774292,4.503942012786865,4.4964189529418945,4.593801975250244,4.920372486114502,5.127346515655518,5.155842304229736,5.431975364685059,5.462357997894287,5.341615676879883,5.0527191162109375,5.244692325592041,5.057640552520752,5.115927219390869,5.338596343994141,5.118295669555664,5.45737361907959,5.455921173095703,5.12783670425415,5.372598648071289,5.187171936035156,5.2003703117370605,5.107641220092773
A7,1.7704641819000244,1.4382506608963013,1.2182915210723877,0.8707603812217712,0.6354092359542847,0.3854048252105713,0.0,0.387582927942276,0.5378841161727905,0.6401364803314209,0.7603752017021179,1.0778992176055908,1.2906118631362915,1.4703394174575806,1.7314023971557617,3.026259422302246,3.247318744659424,3.3518378734588623,3.68359637260437,3.8944404125213623,4.172892093658447,4.465239524841309,4.680809020996094,4.957089424133301,4.9743218421936035,4.876147270202637,5.217397689819336,5.201839447021484,5.134373664855957,5.214809894561768,4.377395153045654,4.277515411376953,3.8944952487945557,3.829355001449585,3.7632341384887695,3.504495143890381,3.6983463764190674,3.5497231483459473,3.6917507648468018,3.3868980407714844,3.0929694175720215,2.9898598194122314,2.7772722244262695,2.422776937484741,2.340993642807007,2.6485555171966553,3.025158643722534,3.208765983581543,3.33212947845459,3.6948893070220947,3.85465931892395,4.047590732574463,4.397494316101074,4.520852088928223,4.510218620300293,4.636335849761963,4.947769641876221,5.177035331726074,5.2100701332092285,5.503383636474609,5.635983943939209,5.5154876708984375,5.2436981201171875,5.448837757110596,5.257687091827393,5.335618495941162,5.55171537399292,5.3326849937438965,5.670632839202881,5.690336227416992,5.367772579193115,5.618594646453857,5.433413982391357,5.466446876525879,5.371898174285889
A8,2.086772918701172,1.745435357093811,1.4931002855300903,1.1857585906982422,0.8782477974891663,0.5998148322105408,0.387582927942276,0.0,0.3827691376209259,0.5336517691612244,0.518894612789154,0.8376108407974243,0.9960338473320007,1.2421387434005737,1.4460302591323853,2.722092390060425,2.9326460361480713,3.0628185272216797,3.3912761211395264,3.5993642807006836,3.890962839126587,4.168337345123291,4.39232063293457,4.659474849700928,4.693085670471191,4.612005233764648,4.960382461547852,4.9609479904174805,4.9120869636535645,5.005841255187988,4.236486911773682,4.128910064697266,3.7419750690460205,3.7057034969329834,3.624288558959961,3.3914027214050293,3.6059601306915283,3.445814609527588,3.622653007507324,3.341693639755249,3.023353338241577,2.9566802978515625,2.716663360595703,2.376356363296509,2.260383129119873,2.344214916229248,2.7125203609466553,2.8946118354797363,2.993797540664673,3.3605198860168457,3.506075382232666,3.689966917037964,4.044977188110352,4.157657623291016,4.1414008140563965,4.276363372802734,4.581410884857178,4.818289279937744,4.853081226348877,5.153101444244385,5.3476667404174805,5.231030464172363,4.973869800567627,5.193127155303955,5.005394458770752,5.104772090911865,5.3224077224731445,5.1150054931640625,5.456947326660156,5.495014667510986,5.184445381164551,5.450631141662598,5.280998706817627,5.3350653648376465,5.2580742835998535
A9,2.2977726459503174,1.9544106721878052,1.7498791217803955,1.4072202444076538,1.1480648517608643,0.8818187117576599,0.5378841161727905,0.3827691376209259,0.0,0.38079920411109924,0.5943384170532227,0.7634468078613281,1.0304388999938965,1.2833024263381958,1.5022951364517212,2.8814899921417236,3.1128218173980713,3.274339199066162,3.5839619636535645,3.811764717102051,4.102258682250977,4.364146709442139,4.609803199768066,4.857675552368164,4.890082836151123,4.832247734069824,5.178170680999756,5.200699329376221,5.149941921234131,5.264666557312012,4.569382190704346,4.472197532653809,4.085477352142334,4.063765525817871,3.986295223236084,3.7623305320739746,3.9831655025482178,3.822117328643799,4.003048896789551,3.724126100540161,3.404137134552002,3.3363542556762695,3.0912444591522217,2.754274606704712,2.626692295074463,2.6089298725128174,2.9604320526123047,3.149475574493408,3.2132298946380615,3.5820441246032715,3.704684019088745,3.864528179168701,4.230180263519287,4.313912391662598,4.287928581237793,4.446381568908691,4.733146667480469,4.987856864929199,5.01973295211792,5.334969997406006,5.621633052825928,5.511099815368652,5.268128395080566,5.498749732971191,5.312780857086182,5.4265851974487305,5.641576766967773,5.437889575958252,5.778703689575195,5.829730033874512,5.5240478515625,5.793590545654297,5.6248698234558105,5.689274311065674,5.610785961151123
A10,2.358053207397461,2.052375555038452,1.810891032218933,1.452781319618225,1.2471625804901123,0.9047209620475769,0.6401364803314209,0.5336517691612244,0.38079920411109924,0.0,0.3824254870414734,0.5068961381912231,0.8270300626754761,0.9957135319709778,1.2763639688491821,2.71384596824646,2.9790828227996826,3.1278867721557617,3.424346685409546,3.676846742630005,3.9453389644622803,4.215124607086182,4.470495700836182,4.71259880065918,4.718507766723633,4.660124778747559,4.994637966156006,5.021200656890869,4.948843002319336,5.073846817016602,4.436336517333984,4.37055778503418,3.9882547855377197,3.982896089553833,3.9393341541290283,3.7275869846343994,3.971143960952759,3.844090223312378,4.034231662750244,3.744922399520874,3.4370436668395996,3.3941380977630615,3.176417112350464,2.8270325660705566,2.741943359375,2.7075507640838623,3.0663156509399414,3.2137081623077393,3.2742927074432373,3.651323080062866,3.75095534324646,3.9330193996429443,4.2923102378845215,4.387435436248779,4.3310089111328125,4.471019268035889,4.754499912261963,4.9978814125061035,5.001283645629883,5.317905902862549,5.61223030090332,5.526421070098877,5.280214309692383,5.522616386413574,5.359452724456787,5.476990222930908,5.712928295135498,5.526814937591553,5.877796649932861,5.916726112365723,5.61627197265625,5.895580291748047,5.742872714996338,5.795017719268799,5.734584331512451
A11,2.415059804916382,2.1157166957855225,1.8211536407470703,1.5034635066986084,1.257143497467041,0.8934998512268066,0.7603752017021179,0.518894612789154,0.5943384170532227,0.3824254870414734,0.0,0.3761797547340393,0.5355015993118286,0.7328582406044006,0.9799561500549316,2.3604660034179688,2.6164329051971436,2.7557661533355713,3.059669017791748,3.3048503398895264,3.575810670852661,3.8498926162719727,4.0983805656433105,4.346907138824463,4.3561906814575195,4.29170560836792,4.629485130310059,4.651676654815674,4.586218357086182,4.707674503326416,4.078956604003906,4.011390686035156,3.6290054321289062,3.6374034881591797,3.593480110168457,3.3972249031066895,3.6555683612823486,3.5348541736602783,3.7448372840881348,3.4670982360839844,3.1529693603515625,3.1414170265197754,2.9237277507781982,2.5813801288604736,2.501974582672119,2.389183282852173,2.7511491775512695,2.8750901222229004,2.941660165786743,3.3204493522644043,3.417509078979492,3.6172444820404053,3.9689793586730957,4.080749034881592,4.017459869384766,4.140307903289795,4.430949687957764,4.662622928619385,4.660084247589111,4.970348834991455,5.240958213806152,5.161430835723877,4.914096832275391,5.160598278045654,5.006266117095947,5.127939224243164,5.37254524230957,5.197357177734375,5.553390979766846,5.59063196182251,5.296956539154053,5.585175037384033,5.446840763092041,5.500462532043457,5.457371711730957
A12,2.764073610305786,2.4685308933258057,2.1836130619049072,1.8529391288757324,1.6214796304702759,1.2564077377319336,1.0778992176055908,0.8376108407974243,0.7634468078613281,0.5068961381912231,0.3761797547340393,0.0,0.3732084035873413,0.5623976588249207,0.7991853952407837,2.2729806900024414,2.5553650856018066,2.7297520637512207,3.0034284591674805,3.2737109661102295,3.537433624267578,3.79069447517395,4.065286159515381,4.287561416625977,4.292305946350098,4.257621765136719,4.589654445648193,4.64125394821167,4.5753092765808105,4.725698471069336,4.226840972900391,4.177694320678711,3.800171375274658,3.8417105674743652,3.80764102935791,3.6387205123901367,3.917342185974121,3.805140972137451,4.035576820373535,3.769237995147705,3.4511637687683105,3.4636590480804443,3.242800712585449,2.9091742038726807,2.823063850402832,2.5300445556640625,2.8691160678863525,2.9751834869384766,2.997175931930542,3.3777706623077393,3.435431480407715,3.6197566986083984,3.975851058959961,4.063464164733887,3.9737672805786133,4.109888553619385,4.378286838531494,4.621219635009766,4.602675914764404,4.927959442138672,5.30849027633667,5.24804162979126,5.019871234893799,5.286436080932617,5.146765232086182,5.291508197784424,5.542716026306152,5.385194778442383,5.744809627532959,5.795527458190918,5.515461444854736,5.816465377807617,5.694032192230225,5.760098934173584,5.732170581817627
A13,2.906193256378174,2.6164650917053223,2.298335552215576,2.0052568912506104,1.7487359046936035,1.3914098739624023,1.2906118631362915,0.9960338473320007,1.0304388999938965,0.8270300626754761,0.5355015993118286,0.3732084035873413,0.0,0.3696233332157135,0.4721095561981201,1.907791256904602,2.1836652755737305,2.3606674671173096,2.6363744735717773,2.9026951789855957,3.1708290576934814,3.4224467277526855,3.6955013275146484,3.9190728664398193,3.9301412105560303,3.896615743637085,4.232698917388916,4.286691188812256,4.231523036956787,4.3841872215271,3.924110174179077,3.8742258548736572,3.499284029006958,3.5633208751678467,3.5276451110839844,3.3833565711975098,3.6784698963165283,3.5723981857299805,3.826174020767212,3.5786266326904297,3.2552287578582764,3.3037326335906982,3.082261323928833,2.765141248703003,2.680338144302368,2.2541329860687256,2.585045337677002,2.661593198776245,2.67692494392395,3.057800054550171,3.1032261848449707,3.3011860847473145,3.6498184204101562,3.7488274574279785,3.647522449493408,3.76922869682312,4.040424823760986,4.2741379737854,4.247831344604492,4.569790840148926,4.951076030731201,4.89977502822876,4.6760149002075195,4.950589656829834,4.822126865386963,4.976568698883057,5.235907554626465,5.093110084533691,5.456885814666748,5.510249137878418,5.24105167388916,5.552546501159668,5.447780132293701,5.519408702850342,5.511320114135742
A14,2.9798755645751953,2.7260708808898926,2.3928823471069336,2.1024093627929688,1.896605134010315,1.5237137079238892,1.4703394174575806,1.2421387434005737,1.2833024263381958,0.9957135319709778,0.7328582406044006,0.5623976588249207,0.3696233332157135,0.0,0.3784002363681793,1.8172564506530762,2.1339547634124756,2.281540632247925,2.5374767780303955,2.8305845260620117,3.065664768218994,3.328864336013794,3.607835054397583,3.826261043548584,3.802931547164917,3.764005661010742,4.084174156188965,4.138486862182617,4.055637836456299,4.2166314125061035,3.8139500617980957,3.800419807434082,3.4353268146514893,3.5130972862243652,3.516735076904297,3.384479284286499,3.696026563644409,3.627782106399536,3.882209300994873,3.625192165374756,3.3224494457244873,3.3894529342651367,3.2015154361724854,2.8781139850616455,2.83843731880188,2.4613683223724365,2.7916345596313477,2.824930191040039,2.845388889312744,3.2234435081481934,3.2495322227478027,3.470339775085449,3.8036842346191406,3.917652130126953,3.7892186641693115,3.8852462768554688,4.152099609375,4.367344379425049,4.31070613861084,4.6277689933776855,4.993810653686523,4.967754364013672,4.7389421463012695,5.019924163818359,4.91521692276001,5.067261695861816,5.345300197601318,5.218658447265625,5.588878631591797,5.626073837280273,5.361603736877441,5.677479267120361,5.586064338684082,5.6415228843688965,5.647819519042969
A15,3.252392053604126,2.9872539043426514,2.6443798542022705,2.376281261444092,2.1349587440490723,1.7794334888458252,1.7314023971557617,1.4460302591323853,1.5022951364517212,1.2763639688491821,0.9799561500549316,0.7991853952407837,0.4721095561981201,0.3784002363681793,0.0,1.4949595928192139,1.8049155473709106,1.9883166551589966,2.2338178157806396,2.5257716178894043,2.774038791656494,3.017747402191162,3.3069381713867188,3.513646364212036,3.5091757774353027,3.490717649459839,3.818265199661255,3.8911306858062744,3.831779718399048,4.006824016571045,3.6897261142730713,3.6689212322235107,3.308262348175049,3.4181008338928223,3.4077088832855225,3.30888032913208,3.6343255043029785,3.559796094894409,3.8417255878448486,3.614133596420288,3.299704074859619,3.399881362915039,3.1977765560150146,2.900721788406372,2.840029716491699,2.2515506744384766,2.553616523742676,2.564119338989258,2.552046298980713,2.9260523319244385,2.925830364227295,3.1410908699035645,3.471665382385254,3.5777103900909424,3.4352543354034424,3.5328357219696045,3.7908716201782227,4.008955955505371,3.948284149169922,4.270842552185059,4.700033664703369,4.682224750518799,4.470804691314697,4.765578746795654,4.669507026672363,4.842453479766846,5.121881484985352,5.011467933654785,5.382470607757568,5.435453414916992,5.186992645263672,5.515004634857178,5.441917896270752,5.515128135681152,5.5400519371032715
B1,4.250270843505859,4.027951717376709,3.6453161239624023,3.4901926517486572,3.2399282455444336,2.9563028812408447,3.026259422302246,2.722092390060425,2.8814899921417236,2.71384596824646,2.3604660034179688,2.2729806900024414,1.907791256904602,1.8172564506530762,1.4949595928192139,0.0,0.38720762729644775,0.5967665314674377,0.7528079748153687,1.064796805381775,1.3043051958084106,1.5237969160079956,1.8249552249908447,2.01896595954895,2.033506155014038,2.0404603481292725,2.380573034286499,2.488964796066284,2.4921700954437256,2.700808048248291,2.777794122695923,2.7871346473693848,2.5007355213165283,2.7541110515594482,2.76448655128479,2.836778163909912,3.209266185760498,3.199162483215332,3.5562174320220947,3.4461772441864014,3.1701819896698,3.4201061725616455,3.265519618988037,3.0942347049713135,3.0685853958129883,2.0538852214813232,2.1923470497131348,1.9800628423690796,1.9084644317626953,2.186483860015869,2.065126657485962,2.3450374603271484,2.5655670166015625,2.7319693565368652,2.499540328979492,2.4713752269744873,2.7106728553771973,2.8400943279266357,2.6959211826324463,2.9838175773620605,3.437936305999756,3.504225492477417,3.335609197616577,3.6749417781829834,3.67122745513916,3.8948416709899902,4.214986801147461,4.204657554626465,4.578478813171387,4.637075901031494,4.4654951095581055,4.830608367919922,4.85801887512207,4.948206424713135,5.073907375335693
B2,4.418338775634766,4.19387674331665,3.8132636547088623,3.685215473175049,3.420508623123169,3.1640570163726807,3.247318744659424,2.9326460361480713,3.1128218173980713,2.9790828227996826,2.6164329051971436,2.5553650856018066,2.1836652755737305,2.1339547634124756,1.8049155473709106,0.38720762729644775,0.0,0.3805367648601532,0.5428645610809326,0.7602190375328064,1.0643634796142578,1.2626712322235107,1.5407538414001465,1.7512751817703247,1.821384310722351,1.8283193111419678,2.188222646713257,2.2923049926757812,2.347297430038452,2.5404582023620605,2.6358280181884766,2.6159393787384033,2.347243070602417,2.620673418045044,2.6024444103240967,2.7112648487091064,3.0761141777038574,3.0568079948425293,3.427654504776001,3.3573226928710938,3.0841050148010254,3.3572864532470703,3.199690341949463,3.069934129714966,3.0312657356262207,1.9085252285003662,1.9882993698120117,1.7307392358779907,1.6443185806274414,1.8839443922042847,1.7434594631195068,2.0370872020721436,2.228156089782715,2.4150450229644775,2.1816353797912598,2.12264084815979,2.3718018531799316,2.4822893142700195,2.3422112464904785,2.6191842555999756,3.0602176189422607,3.1272265911102295,2.9704089164733887,3.3168110847473145,3.320204019546509,3.55816650390625,3.876560926437378,3.8819680213928223,4.2519731521606445,4.321455955505371,4.167291641235352,4.538125038146973,4.583553314208984,4.687546730041504,4.830294609069824
B3,4.390810966491699,4.194278717041016,3.8073244094848633,3.708437204360962,3.467060089111328,3.226985216140747,3.3518378734588623,3.0628185272216797,3.274339199066162,3.1278867721557617,2.7557661533355713,2.7297520637512207,2.3606674671173096,2.281540632247925,1.9883166551589966,0.5967665314674377,0.3805367648601532,0.0,0.37595218420028687,0.5588471293449402,0.8308608531951904,1.1172921657562256,1.3430159091949463,1.6074016094207764,1.6400094032287598,1.5787039995193481,1.9419856071472168,2.0010948181152344,2.0386815071105957,2.20605731010437,2.268991708755493,2.2697489261627197,2.015580892562866,2.3071537017822266,2.3208935260772705,2.4537439346313477,2.825821876525879,2.844926118850708,3.212721347808838,3.1491620540618896,2.9049532413482666,3.200432777404785,3.0804195404052734,2.965745449066162,2.9687552452087402,1.99644935131073,2.0835986137390137,1.7937257289886475,1.7721551656723022,1.9853376150131226,1.8773448467254639,2.2056446075439453,2.357485055923462,2.5883522033691406,2.368689775466919,2.25640869140625,2.5197505950927734,2.580862522125244,2.4273767471313477,2.661818504333496,2.917166233062744,2.9990923404693604,2.81562876701355,3.1511707305908203,3.175778388977051,3.3915011882781982,3.728346109390259,3.7441961765289307,4.117187023162842,4.1578216552734375,4.004696846008301,4.372497081756592,4.4287190437316895,4.5091118812561035,4.665009498596191
B4,4.748057842254639,4.554792881011963,4.166318893432617,4.059264183044434,3.8217506408691406,3.5701944828033447,3.68359637260437,3.3912761211395264,3.5839619636535645,3.424346685409546,3.059669017791748,3.0034284591674805,2.6363744735717773,2.5374767780303955,2.2338178157806396,0.7528079748153687,0.5428645610809326,0.37595218420028687,0.0,0.3754287362098694,0.5525195598602295,0.7962571382522583,1.0789108276367188,1.2944025993347168,1.3094706535339355,1.3006471395492554,1.6536351442337036,1.7665200233459473,1.8170961141586304,2.032365322113037,2.3732690811157227,2.410492420196533,2.2035069465637207,2.5265486240386963,2.5616321563720703,2.730360269546509,3.1005632877349854,3.1395761966705322,3.5086400508880615,3.4625744819641113,3.2342705726623535,3.541923761367798,3.4324522018432617,3.3287267684936523,3.3355774879455566,2.3150107860565186,2.363624095916748,2.0539631843566895,1.990373134613037,2.1615095138549805,1.9980411529541016,2.3033318519592285,2.4171254634857178,2.630815267562866,2.3708536624908447,2.234342098236084,2.4543912410736084,2.4902234077453613,2.2882118225097656,2.516193389892578,2.8736066818237305,3.001575469970703,2.853203058242798,3.2041187286376953,3.267573595046997,3.5025830268859863,3.844585418701172,3.895254373550415,4.260592460632324,4.306837558746338,4.181832313537598,4.554227352142334,4.637235164642334,4.722479343414307,4.900569438934326
B5,4.892242431640625,4.70200252532959,4.317042350769043,4.236497402191162,3.9920578002929688,3.765836000442505,3.8944404125213623,3.5993642807006836,3.811764717102051,3.676846742630005,3.3048503398895264,3.2737109661102295,2.9026951789855957,2.8305845260620117,2.5257716178894043,1.064796805381775,0.7602190375328064,0.5588471293449402,0.3754287362098694,0.0,0.3735121488571167,0.601660430431366,0.79926997423172,1.0699477195739746,1.1576162576675415,1.1197508573532104,1.4945948123931885,1.581946611404419,1.6978000402450562,1.8775125741958618,2.2208170890808105,2.2290854454040527,2.0531930923461914,2.3923099040985107,2.4041261672973633,2.6112704277038574,2.966374158859253,3.003957748413086,3.3784677982330322,3.37204909324646,3.1563785076141357,3.483203649520874,3.3800251483917236,3.3170766830444336,3.320091724395752,2.2727608680725098,2.2709922790527344,1.9272888898849487,1.8720135688781738,1.9858776330947876,1.820310354232788,2.1351397037506104,2.1998369693756104,2.442260980606079,2.1942496299743652,2.009917974472046,2.2381179332733154,2.2332231998443604,2.03389835357666,2.228153705596924,2.5001165866851807,2.6357967853546143,2.494072437286377,2.8484058380126953,2.9276139736175537,3.170332193374634,3.513704776763916,3.584078073501587,3.9435863494873047,3.992922306060791,3.887122392654419,4.261891841888428,4.365060329437256,4.457581520080566,4.654174327850342
B6,5.128481864929199,4.956738471984863,4.5676589012146,4.490920543670654,4.265079498291016,4.033798694610596,4.172892093658447,3.890962839126587,4.102258682250977,3.9453389644622803,3.575810670852661,3.537433624267578,3.1708290576934814,3.065664768218994,2.774038791656494,1.3043051958084106,1.0643634796142578,0.8308608531951904,0.5525195598602295,0.3735121488571167,0.0,0.3780098259449005,0.5596553087234497,0.8220695853233337,0.823438823223114,0.7666206955909729,1.1352936029434204,1.2427687644958496,1.3497657775878906,1.5629805326461792,2.1587769985198975,2.223330020904541,2.099376916885376,2.461077928543091,2.5187511444091797,2.753183364868164,3.107243061065674,3.185072422027588,3.5499114990234375,3.549335479736328,3.363579273223877,3.7021281719207764,3.628903388977051,3.570608615875244,3.601827383041382,2.63069224357605,2.6284987926483154,2.2770349979400635,2.2300877571105957,2.3207099437713623,2.14603853225708,2.4510762691497803,2.4806976318359375,2.7218146324157715,2.458752393722534,2.245565414428711,2.439610719680786,2.392716407775879,2.151559591293335,2.3084652423858643,2.5342154502868652,2.7177953720092773,2.587651252746582,2.9366798400878906,3.058743715286255,3.293408155441284,3.6481735706329346,3.74723482131958,4.0992937088012695,4.130749225616455,4.043885707855225,4.414767265319824,4.539434432983398,4.616085529327393,4.831642150878906
B7,5.4733428955078125,5.290464401245117,4.903209209442139,4.81854248046875,4.580165863037109,4.344189643859863,4.465239524841309,4.168337345123291,4.364146709442139,4.215124607086182,3.8498926162719727,3.79069447517395,3.4224467277526855,3.328864336013794,3.017747402191162,1.5237969160079956,1.2626712322235107,1.1172921657562256,0.7962571382522583,0.601660430431366,0.3780098259449005,0.0,0.3805147409439087,0.4984959363937378,0.600162148475647,0.7041360139846802,1.0366413593292236,1.2319433689117432,1.406357765197754,1.6505006551742554,2.4400477409362793,2.4977545738220215,2.403102159500122,2.770423173904419,2.810706377029419,3.062688112258911,3.4051578044891357,3.4717886447906494,3.8406474590301514,3.8618240356445312,3.6737492084503174,4.0155768394470215,3.9311065673828125,3.8865513801574707,3.898239850997925,2.8233351707458496,2.777449369430542,2.419734477996826,2.3257381916046143,2.374069929122925,2.1510674953460693,2.417668104171753,2.409616470336914,2.623641014099121,2.333186626434326,2.104384183883667,2.2480993270874023,2.17842435836792,1.8996222019195557,2.04828143119812,2.438628673553467,2.655224561691284,2.5782766342163086,2.9408950805664062,3.086729049682617,3.349393606185913,3.6932263374328613,3.82059907913208,4.159087657928467,4.212500095367432,4.15519905090332,4.529336929321289,4.675394535064697,4.771638870239258,5.002446174621582
B8,5.59595251083374,5.426880359649658,5.041851997375488,4.983985900878906,4.7515645027160645,4.537105083465576,4.680809020996094,4.39232063293457,4.609803199768066,4.470495700836182,4.0983805656433105,4.065286159515381,3.6955013275146484,3.607835054397583,3.3069381713867188,1.8249552249908447,1.5407538414001465,1.3430159091949463,1.0789108276367188,0.79926997423172,0.5596553087234497,0.3805147409439087,0.0,0.3790203332901001,0.5397423505783081,0.5203053951263428,0.8495312333106995,0.9825578927993774,1.2296898365020752,1.418068289756775,2.251197099685669,2.3040637969970703,2.260258674621582,2.63543963432312,2.6768341064453125,2.9623610973358154,3.2851808071136475,3.3692171573638916,3.730375289916992,3.7827632427215576,3.621903896331787,3.9785053730010986,3.916212797164917,3.904365062713623,3.930020332336426,2.9186365604400635,2.8495078086853027,2.4747791290283203,2.412371873855591,2.415590763092041,2.2152183055877686,2.488765001296997,2.431971311569214,2.676257371902466,2.412337303161621,2.137347459793091,2.284670829772949,2.158529758453369,1.8855936527252197,1.9658597707748413,2.150622844696045,2.3928046226501465,2.3164520263671875,2.667682647705078,2.8452436923980713,3.0980165004730225,3.447188138961792,3.5991151332855225,3.9274682998657227,3.967139959335327,3.9302685260772705,4.299204349517822,4.467304706573486,4.555781841278076,4.806380271911621
B9,5.931380271911621,5.755356311798096,5.369089603424072,5.296289920806885,5.059065341949463,4.830992698669434,4.957089424133301,4.659474849700928,4.857675552368164,4.71259880065918,4.346907138824463,4.287561416625977,3.9190728664398193,3.826261043548584,3.513646364212036,2.01896595954895,1.7512751817703247,1.6074016094207764,1.2944025993347168,1.0699477195739746,0.8220695853233337,0.4984959363937378,0.3790203332901001,0.0,0.37911197543144226,0.6033418774604797,0.8027125000953674,1.0532160997390747,1.3159496784210205,1.5539145469665527,2.589524030685425,2.6584229469299316,2.630819320678711,3.0077731609344482,3.051818609237671,3.340562343597412,3.6610121726989746,3.7430686950683594,4.104687690734863,4.160759925842285,3.9976046085357666,4.352987766265869,4.283985614776611,4.269212245941162,4.2852277755737305,3.2066540718078613,3.11966872215271,2.749207019805908,2.647336959838867,2.6339199542999268,2.3935625553131104,2.6277599334716797,2.5505056381225586,2.7566604614257812,2.4634592533111572,2.1903929710388184,2.2762954235076904,2.1354100704193115,1.8186981678009033,1.8898643255233765,2.2701330184936523,2.5458104610443115,2.5214405059814453,2.8765389919281006,3.074533700942993,3.3454973697662354,3.6828811168670654,3.8567891120910645,4.171680450439453,4.226595878601074,4.212550640106201,4.581075668334961,4.763926029205322,4.863775253295898,5.123721122741699
B10,5.919504642486572,5.760476112365723,5.369598388671875,5.293461799621582,5.0770463943481445,4.838960647583008,4.9743218421936035,4.693085670471191,4.890082836151123,4.718507766723633,4.3561906814575195,4.292305946350098,3.9301412105560303,3.802931547164917,3.5091757774353027,2.033506155014038,1.821384310722351,1.6400094032287598,1.3094706535339355,1.1576162576675415,0.823438823223114,0.600162148475647,0.5397423505783081,0.37911197543144226,0.0,0.37889915704727173,0.5175529718399048,0.8309643268585205,1.0250401496887207,1.320565104484558,2.5137486457824707,2.63750958442688,2.621569871902466,3.002732515335083,3.0929057598114014,3.3770065307617188,3.7077486515045166,3.821856737136841,4.174041748046875,4.209129810333252,4.0616679191589355,4.417030334472656,4.3700361251831055,4.3372578620910645,4.381369113922119,3.3940694332122803,3.3444712162017822,2.9773330688476562,2.8978941440582275,2.917543888092041,2.6935250759124756,2.9463253021240234,2.892484664916992,3.1033027172088623,2.80754017829895,2.5471222400665283,2.641305446624756,2.5113558769226074,2.1929686069488525,2.2663681507110596,2.559016704559326,2.8405745029449463,2.7895705699920654,3.1308834552764893,3.336015462875366,3.5830419063568115,3.933483123779297,4.102874755859375,4.423046112060547,4.452773094177246,4.427924633026123,4.791619300842285,4.9700927734375,5.046008110046387,5.304232597351074
B11,5.722021579742432,5.5813469886779785,5.191376209259033,5.137539863586426,4.935737133026123,4.714241027832031,4.876147270202637,4.612005233764648,4.832247734069824,4.660124778747559,4.29170560836792,4.257621765136719,3.896615743637085,3.764005661010742,3.490717649459839,2.0404603481292725,1.8283193111419678,1.5787039995193481,1.3006471395492554,1.1197508573532104,0.7666206955909729,0.7041360139846802,0.5203053951263428,0.6033418774604797,0.37889915704727173,0.0,0.37914958596229553,0.5345451235771179,0.7346844673156738,0.9878969192504883,2.1461076736450195,2.285061836242676,2.289505958557129,2.6715643405914307,2.782682418823242,3.075296401977539,3.4005844593048096,3.538114070892334,3.879558801651001,3.9170212745666504,3.7916977405548096,4.1526007652282715,4.1302385330200195,4.106978893280029,4.175781726837158,3.3067808151245117,3.2747457027435303,2.903130054473877,2.8716723918914795,2.8965444564819336,2.7153491973876953,3.000284194946289,2.9488723278045654,3.1964845657348633,2.93046236038208,2.6561295986175537,2.7927494049072266,2.6536104679107666,2.364804744720459,2.4175262451171875,2.4680557250976562,2.7383270263671875,2.6444509029388428,2.9666106700897217,3.1732749938964844,3.3904218673706055,3.753181219100952,3.915517807006836,4.239813327789307,4.242033958435059,4.206524848937988,4.563535690307617,4.738978385925293,4.792845249176025,5.051558971405029
B12,6.035576820373535,5.907120704650879,5.516447067260742,5.4653496742248535,5.274763584136963,5.051163196563721,5.217397689819336,4.960382461547852,5.178170680999756,4.994637966156006,4.629485130310059,4.589654445648193,4.232698917388916,4.084174156188965,3.818265199661255,2.380573034286499,2.188222646713257,1.9419856071472168,1.6536351442337036,1.4945948123931885,1.1352936029434204,1.0366413593292236,0.8495312333106995,0.8027125000953674,0.5175529718399048,0.37914958596229553,0.0,0.3780965209007263,0.5835931301116943,0.8692262768745422,2.297959804534912,2.4736011028289795,2.524684190750122,2.9043753147125244,3.0401360988616943,3.3450253009796143,3.6589162349700928,3.8196074962615967,4.14863395690918,4.193726062774658,4.090631008148193,4.455389976501465,4.451570510864258,4.434090614318848,4.517322540283203,3.68218994140625,3.6457438468933105,3.271568536758423,3.2394533157348633,3.2501540184020996,3.062432050704956,3.335723638534546,3.2628097534179688,3.5031657218933105,3.2315258979797363,2.9458117485046387,3.0532867908477783,2.888051748275757,2.5811691284179688,2.598763942718506,2.615989923477173,2.918666362762451,2.8457064628601074,3.1508142948150635,3.388439178466797,3.596189498901367,3.9571313858032227,4.143051624298096,4.453157424926758,4.443719387054443,4.428869724273682,4.777203559875488,4.970969200134277,5.014287948608398,5.287651538848877
B13,5.914716720581055,5.804713249206543,5.4175848960876465,5.391366481781006,5.21428918838501,5.010705947875977,5.201839447021484,4.9609479904174805,5.200699329376221,5.021200656890869,4.651676654815674,4.64125394821167,4.286691188812256,4.138486862182617,3.8911306858062744,2.488964796066284,2.2923049926757812,2.0010948181152344,1.7665200233459473,1.581946611404419,1.2427687644958496,1.2319433689117432,0.9825578927993774,1.0532160997390747,0.8309643268585205,0.5345451235771179,0.3780965209007263,0.0,0.3715626895427704,0.5242708921432495,1.9778233766555786,2.168910503387451,2.2586333751678467,2.632351875305176,2.7869796752929688,3.103471279144287,3.4020864963531494,3.58672833442688,3.9000420570373535,3.9550466537475586,3.879610300064087,4.248950004577637,4.271505355834961,4.270306587219238,4.376189708709717,3.657330274581909,3.6297945976257324,3.254364252090454,3.2645249366760254,3.2707018852233887,3.1215779781341553,3.4161696434020996,3.337980270385742,3.608325719833374,3.3657989501953125,3.0661604404449463,3.2047905921936035,3.0269885063171387,2.747605323791504,2.7410573959350586,2.526353359222412,2.8186750411987305,2.7112345695495605,2.989053249359131,3.232395648956299,3.407663106918335,3.775763750076294,3.9597418308258057,4.267388343811035,4.230288028717041,4.211694240570068,4.5495500564575195,4.744913578033447,4.766414642333984,5.043543338775635
B14,5.812142848968506,5.718780517578125,5.330451011657715,5.301241874694824,5.145711421966553,4.935400009155273,5.134373664855957,4.9120869636535645,5.149941921234131,4.948843002319336,4.586218357086182,4.5753092765808105,4.231523036956787,4.055637836456299,3.831779718399048,2.4921700954437256,2.347297430038452,2.0386815071105957,1.8170961141586304,1.6978000402450562,1.3497657775878906,1.406357765197754,1.2296898365020752,1.3159496784210205,1.0250401496887207,0.7346844673156738,0.5835931301116943,0.3715626895427704,0.0,0.38264304399490356,1.9223437309265137,2.169273853302002,2.2540125846862793,2.617335081100464,2.8153297901153564,3.111419677734375,3.4187636375427246,3.6281540393829346,3.928901433944702,3.955155611038208,3.8912723064422607,4.2527971267700195,4.2931952476501465,4.269824028015137,4.400108814239502,3.77237606048584,3.7817182540893555,3.4166007041931152,3.443233013153076,3.4836857318878174,3.3477296829223633,3.656938314437866,3.607476234436035,3.8795013427734375,3.6333603858947754,3.3503527641296387,3.5019755363464355,3.3451802730560303,3.0654642581939697,3.0814805030822754,2.8618175983428955,3.139133930206299,3.0053417682647705,3.2733373641967773,3.5036866664886475,3.6582865715026855,4.033063888549805,4.19915246963501,4.514260292053223,4.457970142364502,4.419182777404785,4.751344203948975,4.931381702423096,4.93154239654541,5.196994304656982
