0.000000000000000000e+00,3.981567323207855225e-01,6.159418821334838867e-01,9.091835021972656250e-01,1.199518799781799316e+00,1.496389031410217285e+00,1.749551653861999512e+00,2.029167175292968750e+00,2.236679315567016602e+00,2.302725076675415039e+00,2.402648210525512695e+00,2.717961788177490234e+00,2.861016035079956055e+00,2.961568832397460938e+00,3.296263694763183594e+00,3.547670841217041016e+00,3.800254583358764648e+00,3.677961349487304688e+00,3.592784881591796875e+00,3.948830366134643555e+00,3.832982301712036133e+00,4.027747631072998047e+00,4.330445289611816406e+00,4.354717731475830078e+00,4.143036365509033203e+00,4.324979305267333984e+00,4.641560554504394531e+00,4.499345302581787109e+00,4.496688365936279297e+00,4.851692199707031250e+00,4.053524494171142578e+00,3.958121776580810547e+00,3.639841794967651367e+00,3.406481266021728516e+00,3.452773571014404297e+00,3.125793218612670898e+00,3.280315637588500977e+00,3.204895019531250000e+00,3.235905647277832031e+00,2.862755298614501953e+00,2.973045110702514648e+00,3.158113718032836914e+00,2.874253273010253906e+00,2.830221891403198242e+00,3.068441629409790039e+00,2.472344875335693359e+00,2.614332437515258789e+00,2.358720064163208008e+00,2.287663459777832031e+00,2.490381240844726562e+00,2.302484035491943359e+00,2.610532760620117188e+00,2.630827188491821289e+00,2.791719913482666016e+00,2.480668306350708008e+00,2.497322320938110352e+00,2.810530185699462891e+00,2.658772706985473633e+00,2.496829986572265625e+00,2.837314844131469727e+00,3.255052566528320312e+00,3.562261819839477539e+00,3.591834068298339844e+00,3.547965526580810547e+00,3.925446748733520508e+00,3.891613245010375977e+00,4.120534420013427734e+00,4.383467674255371094e+00,4.514532566070556641e+00,4.355839729309082031e+00,4.479762554168701172e+00,4.822949886322021484e+00,4.733755111694335938e+00,4.718634128570556641e+00,5.087444782257080078e+00
3.981567323207855225e-01,0.000000000000000000e+00,3.953089118003845215e-01,6.504107117652893066e-01,8.662385344505310059e-01,1.205897569656372070e+00,1.426208734512329102e+00,1.692699313163757324e+00,1.904709100723266602e+00,2.010185241699218750e+00,2.097275495529174805e+00,2.394581079483032227e+00,2.571114063262939453e+00,2.676616907119750977e+00,2.994346380233764648e+00,3.366746902465820312e+00,3.648392200469970703e+00,3.550510406494140625e+00,3.499114751815795898e+00,3.868870973587036133e+00,3.790704011917114258e+00,3.999511241912841797e+00,4.311333656311035156e+00,4.357242107391357422e+00,4.169128417968750000e+00,4.342684745788574219e+00,4.672228813171386719e+00,4.560265541076660156e+00,4.559194564819335938e+00,4.921787261962890625e+00,4.220836639404296875e+00,4.158957958221435547e+00,3.849588394165039062e+00,3.622859001159667969e+00,3.703981399536132812e+00,3.385224819183349609e+00,3.550217390060424805e+00,3.505722761154174805e+00,3.530244827270507812e+00,3.167128562927246094e+00,3.302525520324707031e+00,3.492408752441406250e+00,3.209239006042480469e+00,3.189045667648315430e+00,3.431052446365356445e+00,2.735083818435668945e+00,2.835362434387207031e+00,2.566883802413940430e+00,2.449729204177856445e+00,2.618224620819091797e+00,2.381294965744018555e+00,2.653944253921508789e+00,2.642799854278564453e+00,2.768172502517700195e+00,2.426000118255615234e+00,2.449533462524414062e+00,2.727307558059692383e+00,2.528966426849365234e+00,2.359996080398559570e+00,2.695604324340820312e+00,3.038186311721801758e+00,3.353742599487304688e+00,3.351919412612915039e+00,3.320141792297363281e+00,3.696247816085815430e+00,3.657318115234375000e+00,3.908575057983398438e+00,4.150657176971435547e+00,4.304813861846923828e+00,4.139083862304687500e+00,4.235725879669189453e+00,4.588993072509765625e+00,4.508770942687988281e+00,4.470294952392578125e+00,4.833756923675537109e+00
6.159418821334838867e-01,3.953089118003845215e-01,0.000000000000000000e+00,3.930709064006805420e-01,6.235520243644714355e-01,9.170326590538024902e-01,1.209318995475769043e+00,1.449619412422180176e+00,1.695828795433044434e+00,1.741912364959716797e+00,1.806310892105102539e+00,2.133440971374511719e+00,2.282150268554687500e+00,2.360899686813354492e+00,2.695171117782592773e+00,3.046355009078979492e+00,3.319231271743774414e+00,3.203501224517822266e+00,3.164064884185791016e+00,3.533336639404296875e+00,3.458784103393554688e+00,3.686359643936157227e+00,3.987830162048339844e+00,4.054014682769775391e+00,3.861798286437988281e+00,4.016505241394042969e+00,4.355624675750732422e+00,4.254215717315673828e+00,4.238039493560791016e+00,4.602074623107910156e+00,3.971304893493652344e+00,3.934915542602539062e+00,3.624765872955322266e+00,3.421291828155517578e+00,3.532703161239624023e+00,3.236448287963867188e+00,3.433538436889648438e+00,3.417477130889892578e+00,3.467141628265380859e+00,3.117216110229492188e+00,3.262862682342529297e+00,3.486454248428344727e+00,3.232050895690917969e+00,3.224817752838134766e+00,3.497639894485473633e+00,2.864563226699829102e+00,2.974674701690673828e+00,2.741727352142333984e+00,2.599264860153198242e+00,2.798923730850219727e+00,2.554154157638549805e+00,2.808342218399047852e+00,2.833587884902954102e+00,2.920794725418090820e+00,2.582760810852050781e+00,2.656755924224853516e+00,2.925049781799316406e+00,2.706825494766235352e+00,2.578779220581054688e+00,2.927675247192382812e+00,3.082635402679443359e+00,3.372448444366455078e+00,3.340304613113403320e+00,3.269999742507934570e+00,3.634284973144531250e+00,3.555623769760131836e+00,3.793237447738647461e+00,4.021583557128906250e+00,4.160804271697998047e+00,3.966729402542114258e+00,4.066047191619873047e+00,4.411707401275634766e+00,4.303491115570068359e+00,4.256898403167724609e+00,4.624489307403564453e+00
9.091835021972656250e-01,6.504107117652893066e-01,3.930709064006805420e-01,0.000000000000000000e+00,3.875394165515899658e-01,5.954089164733886719e-01,8.603826165199279785e-01,1.148902297019958496e+00,1.350275516510009766e+00,1.393723130226135254e+00,1.506819963455200195e+00,1.818844079971313477e+00,1.953843951225280762e+00,2.072359800338745117e+00,2.401773214340209961e+00,2.718595027923583984e+00,3.007031202316284180e+00,2.921413660049438477e+00,2.886820554733276367e+00,3.263381004333496094e+00,3.214142084121704102e+00,3.433301210403442383e+00,3.750329732894897461e+00,3.816934108734130859e+00,3.653445959091186523e+00,3.818180322647094727e+00,4.157367706298828125e+00,4.080108642578125000e+00,4.085224628448486328e+00,4.453783988952636719e+00,3.890666723251342773e+00,3.884995698928833008e+00,3.598769903182983398e+00,3.386827707290649414e+00,3.532465696334838867e+00,3.239867925643920898e+00,3.430609226226806641e+00,3.455215930938720703e+00,3.482130527496337891e+00,3.151844739913940430e+00,3.336715221405029297e+00,3.555759906768798828e+00,3.303207397460937500e+00,3.339750289916992188e+00,3.616127490997314453e+00,2.868851661682128906e+00,2.938531398773193359e+00,2.716929435729980469e+00,2.524816274642944336e+00,2.710563182830810547e+00,2.433024883270263672e+00,2.646655797958374023e+00,2.677942752838134766e+00,2.718919992446899414e+00,2.376833200454711914e+00,2.490377902984619141e+00,2.732651472091674805e+00,2.489565372467041016e+00,2.399788379669189453e+00,2.755131483078002930e+00,2.754607677459716797e+00,3.029414415359497070e+00,2.982109785079956055e+00,2.897495746612548828e+00,3.256927251815795898e+00,3.168561458587646484e+00,3.405520439147949219e+00,3.630195379257202148e+00,3.770272493362426758e+00,3.575238943099975586e+00,3.673226118087768555e+00,4.019356727600097656e+00,3.914790630340576172e+00,3.870045900344848633e+00,4.237439155578613281e+00
1.199518799781799316e+00,8.662385344505310059e-01,6.235520243644714355e-01,3.875394165515899658e-01,0.000000000000000000e+00,3.909044861793518066e-01,6.228734850883483887e-01,8.359866738319396973e-01,1.092730164527893066e+00,1.182400465011596680e+00,1.234643101692199707e+00,1.535049319267272949e+00,1.723405361175537109e+00,1.821019649505615234e+00,2.130227327346801758e+00,2.642582893371582031e+00,2.958404064178466797e+00,2.890007257461547852e+00,2.905245780944824219e+00,3.288506507873535156e+00,3.279813051223754883e+00,3.521224498748779297e+00,3.833636045455932617e+00,3.931149959564208984e+00,3.785487413406372070e+00,3.927344560623168945e+00,4.278779029846191406e+00,4.230386734008789062e+00,4.223833560943603516e+00,4.593709945678710938e+00,4.133781433105468750e+00,4.154406547546386719e+00,3.871437549591064453e+00,3.678929328918457031e+00,3.845128774642944336e+00,3.568011999130249023e+00,3.772879600524902344e+00,3.810171842575073242e+00,3.845179796218872070e+00,3.521030902862548828e+00,3.707199335098266602e+00,3.934131622314453125e+00,3.686902046203613281e+00,3.722501993179321289e+00,4.001531600952148438e+00,3.241171360015869141e+00,3.295096158981323242e+00,3.065291166305541992e+00,2.859283208847045898e+00,3.020152330398559570e+00,2.720691680908203125e+00,2.908127784729003906e+00,2.911235570907592773e+00,2.927280902862548828e+00,2.568830728530883789e+00,2.678497791290283203e+00,2.882898330688476562e+00,2.603813886642456055e+00,2.505057811737060547e+00,2.840390443801879883e+00,2.758490085601806641e+00,3.034602642059326172e+00,2.942643165588378906e+00,2.868898391723632812e+00,3.217325687408447266e+00,3.113650083541870117e+00,3.373175144195556641e+00,3.563267707824707031e+00,3.727690458297729492e+00,3.516179800033569336e+00,3.576768636703491211e+00,3.930987596511840820e+00,3.828467369079589844e+00,3.747944355010986328e+00,4.107207775115966797e+00
1.496389031410217285e+00,1.205897569656372070e+00,9.170326590538024902e-01,5.954089164733886719e-01,3.909044861793518066e-01,0.000000000000000000e+00,3.809896111488342285e-01,5.916873812675476074e-01,8.278037309646606445e-01,8.273412585258483887e-01,9.114426374435424805e-01,1.231939911842346191e+00,1.370170950889587402e+00,1.482851624488830566e+00,1.806903839111328125e+00,2.252155065536499023e+00,2.571173191070556641e+00,2.512227773666381836e+00,2.538474559783935547e+00,2.923491477966308594e+00,2.934749841690063477e+00,3.179829120635986328e+00,3.493446350097656250e+00,3.602602720260620117e+00,3.474943161010742188e+00,3.610913276672363281e+00,3.964661598205566406e+00,3.938538074493408203e+00,3.937795877456665039e+00,4.308068275451660156e+00,3.935890436172485352e+00,3.989835977554321289e+00,3.726315975189208984e+00,3.544616460800170898e+00,3.745239973068237305e+00,3.487858772277832031e+00,3.702049970626831055e+00,3.777594327926635742e+00,3.812295675277709961e+00,3.512549638748168945e+00,3.722497701644897461e+00,3.960623741149902344e+00,3.733570814132690430e+00,3.799023866653442383e+00,4.092032432556152344e+00,3.321083545684814453e+00,3.361251831054687500e+00,3.162826538085937500e+00,2.925994634628295898e+00,3.096849441528320312e+00,2.788615226745605469e+00,2.942421436309814453e+00,2.974922657012939453e+00,2.946392059326171875e+00,2.603224515914916992e+00,2.761446714401245117e+00,2.946465015411376953e+00,2.656769990921020508e+00,2.609839677810668945e+00,2.949551343917846680e+00,2.662327527999877930e+00,2.901073217391967773e+00,2.783302545547485352e+00,2.668668746948242188e+00,2.998736381530761719e+00,2.858921766281127930e+00,3.100765705108642578e+00,3.279075622558593750e+00,3.427692651748657227e+00,3.195809602737426758e+00,3.261523246765136719e+00,3.607013225555419922e+00,3.484564065933227539e+00,3.403267383575439453e+00,3.765953540802001953e+00
1.749551653861999512e+00,1.426208734512329102e+00,1.209318995475769043e+00,8.603826165199279785e-01,6.228734850883483887e-01,3.809896111488342285e-01,0.000000000000000000e+00,3.819343745708465576e-01,4.901692271232604980e-01,6.231732964515686035e-01,7.772298455238342285e-01,1.006831765174865723e+00,1.191344618797302246e+00,1.372946977615356445e+00,1.649242997169494629e+00,2.180550813674926758e+00,2.531475067138671875e+00,2.528801679611206055e+00,2.575632810592651367e+00,2.961694240570068359e+00,3.013402223587036133e+00,3.242985010147094727e+00,3.570194482803344727e+00,3.678543806076049805e+00,3.588769197463989258e+00,3.733630180358886719e+00,4.081603050231933594e+00,4.081856250762939453e+00,4.103405475616455078e+00,4.472815990447998047e+00,4.155938148498535156e+00,4.227241992950439453e+00,3.984472274780273438e+00,3.791913747787475586e+00,4.005394458770751953e+00,3.744996070861816406e+00,3.941309690475463867e+00,4.033643722534179688e+00,4.042400360107421875e+00,3.752620935440063477e+00,3.983068943023681641e+00,4.203444957733154297e+00,3.965891361236572266e+00,4.053352355957031250e+00,4.334425926208496094e+00,3.454822301864624023e+00,3.454076766967773438e+00,3.247076272964477539e+00,2.982784032821655273e+00,3.114051342010498047e+00,2.779735088348388672e+00,2.892137765884399414e+00,2.897815704345703125e+00,2.834483623504638672e+00,2.485368728637695312e+00,2.649662017822265625e+00,2.790868282318115234e+00,2.474355459213256836e+00,2.442059040069580078e+00,2.762456417083740234e+00,2.369154930114746094e+00,2.605704545974731445e+00,2.461952686309814453e+00,2.362743616104125977e+00,2.688090324401855469e+00,2.554414987564086914e+00,2.819497823715209961e+00,2.982201576232910156e+00,3.157202959060668945e+00,2.934732198715209961e+00,2.974198341369628906e+00,3.331110477447509766e+00,3.234323501586914062e+00,3.139932870864868164e+00,3.494843244552612305e+00
2.029167175292968750e+00,1.692699313163757324e+00,1.449619412422180176e+00,1.148902297019958496e+00,8.359866738319396973e-01,5.916873812675476074e-01,3.819343745708465576e-01,0.000000000000000000e+00,3.800741136074066162e-01,5.063115358352661133e-01,4.821315109729766846e-01,7.087026238441467285e-01,9.609186053276062012e-01,1.085554122924804688e+00,1.341865777969360352e+00,2.102907896041870117e+00,2.466135263442993164e+00,2.467077493667602539e+00,2.569000959396362305e+00,2.950145721435546875e+00,3.036540746688842773e+00,3.292241811752319336e+00,3.601217031478881836e+00,3.744891166687011719e+00,3.664718627929687500e+00,3.776711940765380859e+00,4.134644031524658203e+00,4.160003662109375000e+00,4.160870552062988281e+00,4.526604652404785156e+00,4.314979553222656250e+00,4.409875869750976562e+00,4.167623996734619141e+00,4.002195835113525391e+00,4.232563972473144531e+00,3.993146181106567383e+00,4.210135936737060547e+00,4.311683654785156250e+00,4.339530467987060547e+00,4.055642127990722656e+00,4.280386924743652344e+00,4.517115116119384766e+00,4.292792320251464844e+00,4.373560428619384766e+00,4.664775848388671875e+00,3.826760292053222656e+00,3.831326723098754883e+00,3.627734184265136719e+00,3.363173723220825195e+00,3.494065999984741211e+00,3.157251596450805664e+00,3.260324478149414062e+00,3.259833574295043945e+00,3.183600187301635742e+00,2.834620714187622070e+00,2.997750520706176758e+00,3.117806673049926758e+00,2.786954879760742188e+00,2.752445697784423828e+00,3.054131746292114258e+00,2.580842971801757812e+00,2.799010992050170898e+00,2.610337734222412109e+00,2.507134437561035156e+00,2.803137302398681641e+00,2.638557910919189453e+00,2.907897710800170898e+00,3.025263309478759766e+00,3.210149049758911133e+00,2.960234403610229492e+00,2.963127136230468750e+00,3.316035747528076172e+00,3.205092668533325195e+00,3.070089340209960938e+00,3.414055585861206055e+00
2.236679315567016602e+00,1.904709100723266602e+00,1.695828795433044434e+00,1.350275516510009766e+00,1.092730164527893066e+00,8.278037309646606445e-01,4.901692271232604980e-01,3.800741136074066162e-01,0.000000000000000000e+00,3.896736204624176025e-01,5.583076477050781250e-01,6.047332882881164551e-01,8.348598480224609375e-01,1.076753377914428711e+00,1.278181195259094238e+00,1.960673809051513672e+00,2.341818332672119141e+00,2.398226737976074219e+00,2.496412515640258789e+00,2.872998952865600586e+00,2.985915899276733398e+00,3.213634490966796875e+00,3.538239002227783203e+00,3.668270349502563477e+00,3.623965978622436523e+00,3.754452228546142578e+00,4.099732398986816406e+00,4.144107818603515625e+00,4.175146579742431641e+00,4.538520336151123047e+00,4.358708381652832031e+00,4.468166351318359375e+00,4.250959396362304688e+00,4.070514202117919922e+00,4.313644886016845703e+00,4.071879863739013672e+00,4.268144130706787109e+00,4.391358852386474609e+00,4.391597747802734375e+00,4.123671531677246094e+00,4.372740745544433594e+00,4.592239856719970703e+00,4.363669395446777344e+00,4.473573684692382812e+00,4.755679130554199219e+00,3.826460123062133789e+00,3.795043945312500000e+00,3.599212646484375000e+00,3.307923555374145508e+00,3.413217067718505859e+00,3.062278032302856445e+00,3.123199701309204102e+00,3.118460655212402344e+00,3.003792047500610352e+00,2.666771173477172852e+00,2.851722478866577148e+00,2.935903549194335938e+00,2.594723701477050781e+00,2.597474813461303711e+00,2.885700464248657227e+00,2.264572858810424805e+00,2.461338758468627930e+00,2.254203081130981445e+00,2.145181417465209961e+00,2.431908369064331055e+00,2.265681743621826172e+00,2.542965650558471680e+00,2.655229806900024414e+00,2.851491212844848633e+00,2.612025499343872070e+00,2.606702566146850586e+00,2.966217279434204102e+00,2.875472784042358398e+00,2.744882345199584961e+00,3.087161779403686523e+00
2.302725076675415039e+00,2.010185241699218750e+00,1.741912364959716797e+00,1.393723130226135254e+00,1.182400465011596680e+00,8.273412585258483887e-01,6.231732964515686035e-01,5.063115358352661133e-01,3.896736204624176025e-01,0.000000000000000000e+00,3.682082295417785645e-01,5.306876301765441895e-01,5.851305723190307617e-01,8.242090344429016113e-01,1.096902489662170410e+00,1.618076443672180176e+00,1.988880395889282227e+00,2.022144794464111328e+00,2.124297142028808594e+00,2.501985073089599609e+00,2.613955259323120117e+00,2.855267286300659180e+00,3.170705318450927734e+00,3.314256429672241211e+00,3.265467643737792969e+00,3.382425069808959961e+00,3.732045173645019531e+00,3.782597064971923828e+00,3.804845809936523438e+00,4.166625499725341797e+00,4.040300846099853516e+00,4.168993473052978516e+00,3.959562063217163086e+00,3.798651695251464844e+00,4.061070442199707031e+00,3.842252731323242188e+00,4.055088996887207031e+00,4.198670387268066406e+00,4.215426921844482422e+00,3.964989185333251953e+00,4.217161178588867188e+00,4.454888343811035156e+00,4.251989364624023438e+00,4.370063781738281250e+00,4.668588161468505859e+00,3.812869548797607422e+00,3.799299001693725586e+00,3.635914087295532227e+00,3.342976808547973633e+00,3.483520030975341797e+00,3.148303985595703125e+00,3.212466955184936523e+00,3.252378225326538086e+00,3.129503250122070312e+00,2.813917636871337891e+00,3.031296253204345703e+00,3.135310411453247070e+00,2.811982870101928711e+00,2.844330549240112305e+00,3.151002407073974609e+00,2.454009771347045898e+00,2.611897230148315430e+00,2.407560110092163086e+00,2.241288423538208008e+00,2.507697820663452148e+00,2.296717405319213867e+00,2.528892517089843750e+00,2.641485929489135742e+00,2.794151544570922852e+00,2.522446870803833008e+00,2.547824621200561523e+00,2.886155843734741211e+00,2.748421669006347656e+00,2.628913640975952148e+00,2.983774662017822266e+00
2.402648210525512695e+00,2.097275495529174805e+00,1.806310892105102539e+00,1.506819963455200195e+00,1.234643101692199707e+00,9.114426374435424805e-01,7.772298455238342285e-01,4.821315109729766846e-01,5.583076477050781250e-01,3.682082295417785645e-01,0.000000000000000000e+00,3.834875822067260742e-01,5.353264808654785156e-01,6.078087091445922852e-01,8.989805579185485840e-01,1.712448596954345703e+00,2.075528621673583984e+00,2.080595731735229492e+00,2.230975627899169922e+00,2.600479364395141602e+00,2.724310636520385742e+00,2.998445749282836914e+00,3.287551403045654297e+00,3.464258909225463867e+00,3.403358459472656250e+00,3.484084129333496094e+00,3.845616102218627930e+00,3.904045104980468750e+00,3.893797874450683594e+00,4.252022743225097656e+00,4.183271408081054688e+00,4.318393707275390625e+00,4.095551013946533203e+00,3.961281538009643555e+00,4.225122451782226562e+00,4.020657539367675781e+00,4.256582260131835938e+00,4.391562461853027344e+00,4.434655189514160156e+00,4.177864551544189453e+00,4.411751270294189453e+00,4.667341232299804688e+00,4.472832679748535156e+00,4.569366455078125000e+00,4.877353191375732422e+00,4.089550018310546875e+00,4.096659660339355469e+00,3.926301240921020508e+00,3.647940397262573242e+00,3.797121286392211914e+00,3.465214014053344727e+00,3.546641826629638672e+00,3.577926397323608398e+00,3.469553232192993164e+00,3.143427848815917969e+00,3.343161821365356445e+00,3.450949192047119141e+00,3.121109485626220703e+00,3.127445220947265625e+00,3.427978277206420898e+00,2.773600816726684570e+00,2.937122344970703125e+00,2.713909864425659180e+00,2.559873342514038086e+00,2.811259031295776367e+00,2.589092016220092773e+00,2.823953151702880859e+00,2.903734207153320312e+00,3.062068939208984375e+00,2.771725177764892578e+00,2.768049240112304688e+00,3.098014831542968750e+00,2.945329666137695312e+00,2.790076971054077148e+00,3.131385087966918945e+00
2.717961788177490234e+00,2.394581079483032227e+00,2.133440971374511719e+00,1.818844079971313477e+00,1.535049319267272949e+00,1.231939911842346191e+00,1.006831765174865723e+00,7.087026238441467285e-01,6.047332882881164551e-01,5.306876301765441895e-01,3.834875822067260742e-01,0.000000000000000000e+00,3.867769837379455566e-01,5.472281575202941895e-01,6.810460686683654785e-01,1.688468217849731445e+00,2.072798967361450195e+00,2.140590429306030273e+00,2.323482990264892578e+00,2.677565336227416992e+00,2.847445249557495117e+00,3.106600999832153320e+00,3.396090507507324219e+00,3.578756570816040039e+00,3.556654453277587891e+00,3.635112762451171875e+00,3.987490892410278320e+00,4.075931549072265625e+00,4.080871582031250000e+00,4.432331562042236328e+00,4.438450813293457031e+00,4.592197895050048828e+00,4.388309955596923828e+00,4.251870155334472656e+00,4.527709484100341797e+00,4.326331615447998047e+00,4.551651000976562500e+00,4.701369285583496094e+00,4.728659629821777344e+00,4.481900215148925781e+00,4.729686260223388672e+00,4.975202083587646484e+00,4.776687145233154297e+00,4.888669490814208984e+00,5.190269947052001953e+00,4.335858821868896484e+00,4.315234661102294922e+00,4.142810821533203125e+00,3.846672534942626953e+00,3.968160152435302734e+00,3.622058391571044922e+00,3.669228076934814453e+00,3.682708978652954102e+00,3.544533729553222656e+00,3.223972797393798828e+00,3.427658081054687500e+00,3.494800329208374023e+00,3.150037765502929688e+00,3.172399997711181641e+00,3.446437597274780273e+00,2.674099922180175781e+00,2.813811063766479492e+00,2.552342176437377930e+00,2.406173229217529297e+00,2.625375747680664062e+00,2.392334461212158203e+00,2.639320373535156250e+00,2.677423000335693359e+00,2.858963489532470703e+00,2.566536426544189453e+00,2.519077301025390625e+00,2.851155996322631836e+00,2.715688228607177734e+00,2.528263092041015625e+00,2.853132724761962891e+00
2.861016035079956055e+00,2.571114063262939453e+00,2.282150268554687500e+00,1.953843951225280762e+00,1.723405361175537109e+00,1.370170950889587402e+00,1.191344618797302246e+00,9.609186053276062012e-01,8.348598480224609375e-01,5.851305723190307617e-01,5.353264808654785156e-01,3.867769837379455566e-01,0.000000000000000000e+00,3.725665211677551270e-01,5.555961132049560547e-01,1.303765892982482910e+00,1.687144279479980469e+00,1.764616012573242188e+00,1.958208441734313965e+00,2.304467201232910156e+00,2.490987062454223633e+00,2.748425006866455078e+00,3.032097816467285156e+00,3.222516536712646484e+00,3.215373277664184570e+00,3.286778688430786133e+00,3.634763240814208984e+00,3.739490032196044922e+00,3.749947309494018555e+00,4.096074104309082031e+00,4.171595573425292969e+00,4.348949432373046875e+00,4.165660858154296875e+00,4.042054653167724609e+00,4.338242530822753906e+00,4.158539295196533203e+00,4.387271404266357422e+00,4.562884330749511719e+00,4.592577934265136719e+00,4.370111465454101562e+00,4.628623962402343750e+00,4.880600929260253906e+00,4.703889369964599609e+00,4.834209442138671875e+00,5.144008159637451172e+00,4.320771217346191406e+00,4.301185607910156250e+00,4.160351276397705078e+00,3.855164289474487305e+00,3.995305776596069336e+00,3.660027265548706055e+00,3.694051265716552734e+00,3.743417739868164062e+00,3.585888862609863281e+00,3.290520429611206055e+00,3.527160644531250000e+00,3.598827362060546875e+00,3.268483400344848633e+00,3.328193426132202148e+00,3.613424539566040039e+00,2.736537456512451172e+00,2.833203554153442383e+00,2.573842048645019531e+00,2.375758409500122070e+00,2.568725347518920898e+00,2.296526670455932617e+00,2.497460842132568359e+00,2.532774925231933594e+00,2.672260522842407227e+00,2.354133605957031250e+00,2.335124254226684570e+00,2.644002914428710938e+00,2.468187808990478516e+00,2.295475482940673828e+00,2.631667613983154297e+00
2.961568832397460938e+00,2.676616907119750977e+00,2.360899686813354492e+00,2.072359800338745117e+00,1.821019649505615234e+00,1.482851624488830566e+00,1.372946977615356445e+00,1.085554122924804688e+00,1.076753377914428711e+00,8.242090344429016113e-01,6.078087091445922852e-01,5.472281575202941895e-01,3.725665211677551270e-01,0.000000000000000000e+00,3.783501684665679932e-01,1.380537509918212891e+00,1.728248000144958496e+00,1.754198670387268066e+00,1.990809082984924316e+00,2.322296619415283203e+00,2.510595798492431641e+00,2.802521944046020508e+00,3.053186178207397461e+00,3.277041196823120117e+00,3.251336097717285156e+00,3.282858371734619141e+00,3.641614675521850586e+00,3.751029253005981445e+00,3.725549221038818359e+00,4.065938472747802734e+00,4.202185153961181641e+00,4.387407302856445312e+00,4.193275451660156250e+00,4.099927902221679688e+00,4.399226188659667969e+00,4.238876819610595703e+00,4.491902351379394531e+00,4.662603378295898438e+00,4.720941066741943359e+00,4.497020721435546875e+00,4.737980842590332031e+00,5.010010719299316406e+00,4.847813606262207031e+00,4.959736824035644531e+00,5.281458377838134766e+00,4.542482376098632812e+00,4.547969341278076172e+00,4.408653736114501953e+00,4.117725372314453125e+00,4.276703357696533203e+00,3.949209213256835938e+00,4.004202842712402344e+00,4.058511734008789062e+00,3.916817188262939453e+00,3.614850521087646484e+00,3.843261003494262695e+00,3.930057287216186523e+00,3.599910020828247070e+00,3.641466379165649414e+00,3.931660413742065430e+00,3.102637529373168945e+00,3.204579114913940430e+00,2.942162036895751953e+00,2.745975732803344727e+00,2.930861711502075195e+00,2.649965524673461914e+00,2.839461565017700195e+00,2.856410503387451172e+00,2.984312057495117188e+00,2.650542736053466797e+00,2.622323513031005859e+00,2.910856485366821289e+00,2.710144281387329102e+00,2.517194271087646484e+00,2.837898254394531250e+00
3.296263694763183594e+00,2.994346380233764648e+00,2.695171117782592773e+00,2.401773214340209961e+00,2.130227327346801758e+00,1.806903839111328125e+00,1.649242997169494629e+00,1.341865777969360352e+00,1.278181195259094238e+00,1.096902489662170410e+00,8.989805579185485840e-01,6.810460686683654785e-01,5.555961132049560547e-01,3.783501684665679932e-01,0.000000000000000000e+00,1.466827273368835449e+00,1.811146020889282227e+00,1.891478061676025391e+00,2.165540933609008789e+00,2.467402458190917969e+00,2.699145317077636719e+00,2.979688167572021484e+00,3.217602014541625977e+00,3.453758955001831055e+00,3.461617708206176758e+00,3.479794263839721680e+00,3.828122854232788086e+00,3.967246770858764648e+00,3.946985244750976562e+00,4.275880336761474609e+00,4.496994972229003906e+00,4.699322223663330078e+00,4.519661903381347656e+00,4.431405067443847656e+00,4.739919662475585938e+00,4.586140155792236328e+00,4.834897041320800781e+00,5.015643596649169922e+00,5.066909313201904297e+00,4.850221157073974609e+00,5.098239898681640625e+00,5.365965843200683594e+00,5.202687263488769531e+00,5.322440624237060547e+00,5.641300678253173828e+00,4.864191055297851562e+00,4.852376937866210938e+00,4.710302352905273438e+00,4.408420085906982422e+00,4.548176288604736328e+00,4.210708141326904297e+00,4.242806911468505859e+00,4.282416343688964844e+00,4.120628356933593750e+00,3.822274446487426758e+00,4.050260543823242188e+00,4.106689929962158203e+00,3.765712022781372070e+00,3.814908027648925781e+00,4.082622051239013672e+00,3.173038005828857422e+00,3.252253770828247070e+00,2.957929372787475586e+00,2.770385980606079102e+00,2.916630983352661133e+00,2.624243736267089844e+00,2.814840793609619141e+00,2.781220436096191406e+00,2.923975229263305664e+00,2.584843635559082031e+00,2.507888555526733398e+00,2.784121036529541016e+00,2.591337680816650391e+00,2.355913400650024414e+00,2.648120164871215820e+00
3.547670841217041016e+00,3.366746902465820312e+00,3.046355009078979492e+00,2.718595027923583984e+00,2.642582893371582031e+00,2.252155065536499023e+00,2.180550813674926758e+00,2.102907896041870117e+00,1.960673809051513672e+00,1.618076443672180176e+00,1.712448596954345703e+00,1.688468217849731445e+00,1.303765892982482910e+00,1.380537509918212891e+00,1.466827273368835449e+00,0.000000000000000000e+00,3.983585536479949951e-01,6.278483867645263672e-01,8.344570994377136230e-01,1.097424030303955078e+00,1.377365827560424805e+00,1.585586190223693848e+00,1.843860149383544922e+00,2.050394773483276367e+00,2.130753993988037109e+00,2.185187339782714844e+00,2.492915868759155273e+00,2.669538021087646484e+00,2.724737882614135742e+00,3.037476778030395508e+00,3.383583784103393555e+00,3.646669626235961914e+00,3.561138153076171875e+00,3.483544349670410156e+00,3.840602874755859375e+00,3.747048377990722656e+00,3.965819358825683594e+00,4.229941368103027344e+00,4.256624698638916016e+00,4.135309219360351562e+00,4.423813343048095703e+00,4.679130554199218750e+00,4.582661151885986328e+00,4.775816917419433594e+00,5.095642566680908203e+00,4.393120765686035156e+00,4.371661663055419922e+00,4.342102050781250000e+00,4.024412155151367188e+00,4.210906505584716797e+00,3.931541204452514648e+00,3.918270349502563477e+00,4.075689792633056641e+00,3.868128776550292969e+00,3.674280881881713867e+00,3.991734266281127930e+00,4.071294784545898438e+00,3.806980371475219727e+00,3.969419002532958984e+00,4.269619464874267578e+00,3.171768188476562500e+00,3.133141040802001953e+00,2.920300006866455078e+00,2.594449520111083984e+00,2.680964231491088867e+00,2.332211017608642578e+00,2.331738710403442383e+00,2.368015289306640625e+00,2.319004297256469727e+00,1.958625197410583496e+00,2.078492641448974609e+00,2.243985414505004883e+00,1.928263068199157715e+00,1.877749323844909668e+00,2.212414026260375977e+00
3.800254583358764648e+00,3.648392200469970703e+00,3.319231271743774414e+00,3.007031202316284180e+00,2.958404064178466797e+00,2.571173191070556641e+00,2.531475067138671875e+00,2.466135263442993164e+00,2.341818332672119141e+00,1.988880395889282227e+00,2.075528621673583984e+00,2.072798967361450195e+00,1.687144279479980469e+00,1.728248000144958496e+00,1.811146020889282227e+00,3.983585536479949951e-01,0.000000000000000000e+00,3.808245956897735596e-01,5.916326045989990234e-01,7.497485876083374023e-01,1.080046534538269043e+00,1.275795459747314453e+00,1.495254516601562500e+00,1.726180672645568848e+00,1.833811640739440918e+00,1.859371066093444824e+00,2.151407718658447266e+00,2.358056068420410156e+00,2.415231227874755859e+00,2.709249019622802734e+00,3.177519083023071289e+00,3.469769954681396484e+00,3.415544986724853516e+00,3.366847753524780273e+00,3.738418579101562500e+00,3.682044506072998047e+00,3.902747631072998047e+00,4.188304424285888672e+00,4.224524974822998047e+00,4.135619163513183594e+00,4.421970844268798828e+00,4.681951999664306641e+00,4.616056442260742188e+00,4.818307399749755859e+00,5.141382217407226562e+00,4.513993263244628906e+00,4.502418994903564453e+00,4.503810405731201172e+00,4.193488597869873047e+00,4.397049903869628906e+00,4.139523029327392578e+00,4.123911380767822266e+00,4.308339595794677734e+00,4.099090576171875000e+00,3.929572820663452148e+00,4.258463859558105469e+00,4.346526622772216797e+00,4.101076602935791016e+00,4.277804851531982422e+00,4.582313060760498047e+00,3.474109649658203125e+00,3.412485599517822266e+00,3.216887474060058594e+00,2.874521732330322266e+00,2.937534809112548828e+00,2.585433721542358398e+00,2.534390211105346680e+00,2.568922996520996094e+00,2.467206239700317383e+00,2.114473104476928711e+00,2.265684127807617188e+00,2.375130891799926758e+00,2.028957128524780273e+00,2.017199993133544922e+00,2.324434041976928711e+00
3.677961349487304688e+00,3.550510406494140625e+00,3.203501224517822266e+00,2.921413660049438477e+00,2.890007257461547852e+00,2.512227773666381836e+00,2.528801679611206055e+00,2.467077493667602539e+00,2.398226737976074219e+00,2.022144794464111328e+00,2.080595731735229492e+00,2.140590429306030273e+00,1.764616012573242188e+00,1.754198670387268066e+00,1.891478061676025391e+00,6.278483867645263672e-01,3.808245956897735596e-01,0.000000000000000000e+00,3.778566718101501465e-01,5.836629867553710938e-01,8.535069227218627930e-01,1.138712286949157715e+00,1.331215262413024902e+00,1.597022175788879395e+00,1.635127305984497070e+00,1.626304984092712402e+00,1.953480839729309082e+00,2.134855031967163086e+00,2.148445367813110352e+00,2.455677032470703125e+00,2.917922258377075195e+00,3.209893226623535156e+00,3.138948440551757812e+00,3.116068601608276367e+00,3.488494396209716797e+00,3.449086904525756836e+00,3.693848609924316406e+00,3.972443342208862305e+00,4.038053512573242188e+00,3.947798490524291992e+00,4.215838432312011719e+00,4.494932651519775391e+00,4.445692539215087891e+00,4.630706310272216797e+00,4.964732646942138672e+00,4.437462806701660156e+00,4.457900047302246094e+00,4.465220451354980469e+00,4.174691677093505859e+00,4.405928134918212891e+00,4.163056373596191406e+00,4.179076194763183594e+00,4.376607894897460938e+00,4.194157123565673828e+00,4.016800403594970703e+00,4.338780879974365234e+00,4.457567214965820312e+00,4.218818664550781250e+00,4.377343177795410156e+00,4.699307441711425781e+00,3.681991338729858398e+00,3.648072957992553711e+00,3.468596220016479492e+00,3.132266283035278320e+00,3.227134466171264648e+00,2.886968612670898438e+00,2.850496530532836914e+00,2.909979820251464844e+00,2.812811851501464844e+00,2.466741800308227539e+00,2.626705408096313477e+00,2.747848033905029297e+00,2.405636787414550781e+00,2.394456624984741211e+00,2.703772783279418945e+00
3.592784881591796875e+00,3.499114751815795898e+00,3.164064884185791016e+00,2.886820554733276367e+00,2.905245780944824219e+00,2.538474559783935547e+00,2.575632810592651367e+00,2.569000959396362305e+00,2.496412515640258789e+00,2.124297142028808594e+00,2.230975627899169922e+00,2.323482990264892578e+00,1.958208441734313965e+00,1.990809082984924316e+00,2.165540933609008789e+00,8.344570994377136230e-01,5.916326045989990234e-01,3.778566718101501465e-01,0.000000000000000000e+00,3.865648508071899414e-01,5.514981150627136230e-01,8.180928826332092285e-01,1.073903799057006836e+00,1.291059851646423340e+00,1.315069556236267090e+00,1.365824460983276367e+00,1.691310167312622070e+00,1.843873023986816406e+00,1.895554065704345703e+00,2.216617584228515625e+00,2.591856241226196289e+00,2.882104396820068359e+00,2.827367067337036133e+00,2.790472507476806641e+00,3.166042566299438477e+00,3.129473209381103516e+00,3.360304832458496094e+00,3.651540040969848633e+00,3.706490516662597656e+00,3.634310722351074219e+00,3.909962892532348633e+00,4.180436134338378906e+00,4.142053127288818359e+00,4.341358661651611328e+00,4.670388698577880859e+00,4.164608001708984375e+00,4.187085151672363281e+00,4.218456268310546875e+00,3.934055805206298828e+00,4.176674365997314453e+00,3.955169677734375000e+00,3.970794916152954102e+00,4.192851543426513672e+00,4.014987945556640625e+00,3.861339330673217773e+00,4.191570281982421875e+00,4.324095249176025391e+00,4.110452651977539062e+00,4.282319545745849609e+00,4.610715866088867188e+00,3.627917766571044922e+00,3.588932991027832031e+00,3.445869445800781250e+00,3.100479841232299805e+00,3.205592155456542969e+00,2.883539915084838867e+00,2.824094295501708984e+00,2.926102399826049805e+00,2.802548170089721680e+00,2.483058929443359375e+00,2.690745115280151367e+00,2.806809186935424805e+00,2.474588394165039062e+00,2.517239093780517578e+00,2.835050106048583984e+00
3.948830366134643555e+00,3.868870973587036133e+00,3.533336639404296875e+00,3.263381004333496094e+00,3.288506507873535156e+00,2.923491477966308594e+00,2.961694240570068359e+00,2.950145721435546875e+00,2.872998952865600586e+00,2.501985073089599609e+00,2.600479364395141602e+00,2.677565336227416992e+00,2.304467201232910156e+00,2.322296619415283203e+00,2.467402458190917969e+00,1.097424030303955078e+00,7.497485876083374023e-01,5.836629867553710938e-01,3.865648508071899414e-01,0.000000000000000000e+00,3.831427693367004395e-01,5.911120772361755371e-01,7.586889266967773438e-01,1.025828242301940918e+00,1.112034440040588379e+00,1.111329436302185059e+00,1.404742836952209473e+00,1.614727735519409180e+00,1.676395177841186523e+00,1.964086413383483887e+00,2.525093555450439453e+00,2.850690364837646484e+00,2.840536832809448242e+00,2.837079286575317383e+00,3.222750902175903320e+00,3.227757215499877930e+00,3.452080011367797852e+00,3.763867378234863281e+00,3.822788953781127930e+00,3.786814451217651367e+00,4.059464454650878906e+00,4.327575683593750000e+00,4.317725658416748047e+00,4.526995182037353516e+00,4.853513240814208984e+00,4.402894020080566406e+00,4.425913333892822266e+00,4.482755184173583984e+00,4.202587127685546875e+00,4.449191570281982422e+00,4.243570327758789062e+00,4.247573375701904297e+00,4.484939575195312500e+00,4.298538684844970703e+00,4.167027950286865234e+00,4.505414009094238281e+00,4.633179187774658203e+00,4.431457996368408203e+00,4.618025302886962891e+00,4.942213058471679688e+00,3.921865463256835938e+00,3.856377840042114258e+00,3.717025756835937500e+00,3.360510110855102539e+00,3.434403657913208008e+00,3.106014966964721680e+00,3.006956577301025391e+00,3.092094898223876953e+00,2.930739641189575195e+00,2.618593215942382812e+00,2.836510896682739258e+00,2.904068470001220703e+00,2.553608179092407227e+00,2.617508411407470703e+00,2.905046463012695312e+00
3.832982301712036133e+00,3.790704011917114258e+00,3.458784103393554688e+00,3.214142084121704102e+00,3.279813051223754883e+00,2.934749841690063477e+00,3.013402223587036133e+00,3.036540746688842773e+00,2.985915899276733398e+00,2.613955259323120117e+00,2.724310636520385742e+00,2.847445249557495117e+00,2.490987062454223633e+00,2.510595798492431641e+00,2.699145317077636719e+00,1.377365827560424805e+00,1.080046534538269043e+00,8.535069227218627930e-01,5.514981150627136230e-01,3.831427693367004395e-01,0.000000000000000000e+00,3.777490556240081787e-01,5.702302455902099609e-01,8.001109957695007324e-01,7.818604707717895508e-01,8.172793984413146973e-01,1.145351648330688477e+00,1.295331597328186035e+00,1.358628630638122559e+00,1.674251437187194824e+00,2.143690824508666992e+00,2.468483686447143555e+00,2.461073637008666992e+00,2.466310501098632812e+00,2.853551626205444336e+00,2.874377727508544922e+00,3.103008747100830078e+00,3.418081283569335938e+00,3.488924980163574219e+00,3.466578006744384766e+00,3.730319023132324219e+00,4.003036022186279297e+00,4.012567520141601562e+00,4.219427108764648438e+00,4.547341823577880859e+00,4.180740833282470703e+00,4.225659847259521484e+00,4.301852703094482422e+00,4.041595935821533203e+00,4.310310840606689453e+00,4.130082607269287109e+00,4.153672695159912109e+00,4.411708354949951172e+00,4.247035980224609375e+00,4.126616001129150391e+00,4.461849212646484375e+00,4.615485191345214844e+00,4.434915065765380859e+00,4.616647720336914062e+00,4.952317237854003906e+00,4.016912460327148438e+00,3.966776847839355469e+00,3.858533859252929688e+00,3.505105733871459961e+00,3.604310512542724609e+00,3.296588659286499023e+00,3.198837995529174805e+00,3.321395397186279297e+00,3.155513763427734375e+00,2.863718986511230469e+00,3.106626987457275391e+00,3.185113906860351562e+00,2.848391294479370117e+00,2.935025453567504883e+00,3.232498168945312500e+00
