,A1,A2,A3,A4,A5,A6,A7,A8,A9,A10,A11,A12,A13,A14,A15,B1,B2,B3,B4,B5,B6,B7,B8,B9,B10,B11,B12,B13,B14,B15,C1,C2,C3,C4,C5,C6,C7,C8,C9,C10,C11,C12,C13,C14,C15,D1,D2,D3,D4,D5,D6,D7,D8,D9,D10,D11,D12,D13,D14,D15,E1,E2,E3,E4,E5,E6,E7,E8,E9,E10,E11,E12,E13,E14,E15
A1,0.0,0.3903476595878601,0.6429404020309448,0.9400706887245178,1.2661856412887573,1.5772125720977783,1.8548431396484375,2.149423599243164,2.378744125366211,2.5672593116760254,2.6160573959350586,2.9693593978881836,3.0286388397216797,3.3470990657806396,3.425793409347534,3.205610513687134,3.015655517578125,2.6638033390045166,2.7404088973999023,2.5670056343078613,2.454561948776245,2.6498541831970215,2.4771065711975098,2.684772253036499,2.41245436668396,2.0849413871765137,1.7896896600723267,1.601114273071289,1.2569433450698853,1.205507516860962,2.778803586959839,3.0640079975128174,2.935365915298462,3.194269895553589,3.326544761657715,3.290952205657959,3.6391782760620117,3.6891305446624756,3.924593448638916,3.6885218620300293,3.339975118637085,3.326259136199951,2.998075485229492,2.954444169998169,2.736290693283081,3.432523250579834,3.827540874481201,4.013537406921387,4.176660537719727,4.569075107574463,4.7304887771606445,5.06065559387207,5.394369602203369,5.570538520812988,5.469351291656494,5.476686954498291,5.7757768630981445,5.797730445861816,5.755605220794678,5.673089504241943,4.6952385902404785,4.493231296539307,4.37196683883667,4.66140604019165,4.508619785308838,4.790798664093018,4.946507930755615,4.94938325881958,5.254726409912109,5.4714035987854,5.328103542327881,5.672034740447998,5.580479145050049,5.951915740966797,5.897942543029785
A2,0.3903476595878601,0.0,0.3997623026371002,0.6503950953483582,0.9223740100860596,1.2682327032089233,1.5234599113464355,1.798520565032959,2.0451645851135254,2.2486679553985596,2.2893564701080322,2.6312549114227295,2.677173376083374,3.002528429031372,3.0788443088531494,2.935229778289795,2.7801308631896973,2.423706531524658,2.5227813720703125,2.3973324298858643,2.2969424724578857,2.5354905128479004,2.417267084121704,2.6460835933685303,2.3752706050872803,2.0292434692382812,1.7857688665390015,1.5422096252441406,1.2369420528411865,1.1098692417144775,2.5757694244384766,2.884397506713867,2.7785208225250244,3.0262365341186523,3.197155475616455,3.1605045795440674,3.5124051570892334,3.6002047061920166,3.8225696086883545,3.5952982902526855,3.264730930328369,3.293755531311035,2.9717648029327393,2.9728012084960938,2.7443277835845947,3.2820422649383545,3.673720598220825,3.8640706539154053,3.997792959213257,4.395183563232422,4.546364784240723,4.859402656555176,5.206592082977295,5.365248203277588,5.275172233581543,5.306276321411133,5.614797592163086,5.658012390136719,5.6381707191467285,5.573915004730225,4.593103885650635,4.374611854553223,4.27882194519043,4.562734127044678,4.4071478843688965,4.702701568603516,4.837652683258057,4.854038715362549,5.1417388916015625,5.379734039306641,5.256985187530518,5.601595878601074,5.531745433807373,5.912288188934326,5.870726585388184
A3,0.6429404020309448,0.3997623026371002,0.0,0.3867160975933075,0.673636257648468,0.968061089515686,1.2868037223815918,1.5586718320846558,1.811653733253479,1.9639782905578613,1.9860695600509644,2.34120512008667,2.4031660556793213,2.7169406414031982,2.809415102005005,2.7044546604156494,2.5493972301483154,2.1743502616882324,2.229691982269287,2.1066932678222656,1.965921401977539,2.1956427097320557,2.0968220233917236,2.307405471801758,2.021980047225952,1.6813284158706665,1.4609841108322144,1.223689079284668,0.9755423665046692,0.8912503719329834,2.4466590881347656,2.730280637741089,2.588552951812744,2.798488140106201,2.9615674018859863,2.886094093322754,3.2227654457092285,3.3086583614349365,3.5088698863983154,3.265458345413208,2.947180986404419,2.9837779998779297,2.682802438735962,2.717992067337036,2.513531446456909,3.1348774433135986,3.530855178833008,3.687934398651123,3.8039629459381104,4.203265190124512,4.327169895172119,4.639975547790527,4.984941482543945,5.129784107208252,5.019955635070801,5.057775497436523,5.356306552886963,5.412805080413818,5.386826992034912,5.339195728302002,4.461211681365967,4.2603020668029785,4.1905364990234375,4.491846084594727,4.3658766746521,4.679843425750732,4.82514762878418,4.873314380645752,5.1566596031188965,5.395097255706787,5.295113563537598,5.649823188781738,5.602453708648682,5.985354900360107,5.968860626220703
A4,0.9400706887245178,0.6503950953483582,0.3867160975933075,0.0,0.38462433218955994,0.642391562461853,0.9277177453041077,1.2332661151885986,1.4525700807571411,1.6273934841156006,1.694554328918457,2.0524513721466064,2.1536781787872314,2.487659215927124,2.6191513538360596,2.71960711479187,2.61323618888855,2.2293500900268555,2.2739529609680176,2.206399917602539,2.0389530658721924,2.281893730163574,2.237464666366577,2.4228224754333496,2.116215229034424,1.795757532119751,1.6228288412094116,1.4050837755203247,1.2412282228469849,1.1674625873565674,2.595510482788086,2.8866727352142334,2.7526698112487793,2.9285149574279785,3.115424156188965,3.0130271911621094,3.334306001663208,3.4420807361602783,3.6100499629974365,3.3563039302825928,3.066615343093872,3.1284117698669434,2.85703444480896,2.9358294010162354,2.7510218620300293,3.3123977184295654,3.701744794845581,3.8473896980285645,3.9281561374664307,4.3290557861328125,4.428192615509033,4.7217278480529785,5.07631778717041,5.1947197914123535,5.083669185638428,5.148130416870117,5.446296691894531,5.529097080230713,5.5159149169921875,5.492293357849121,4.667497158050537,4.461659908294678,4.418577671051025,4.71779727935791,4.596400737762451,4.920871257781982,5.0507493019104,5.111695766448975,5.379177570343018,5.633263111114502,5.550191879272461,5.904016971588135,5.872345447540283,6.260100364685059,6.251070976257324
A5,1.2661856412887573,0.9223740100860596,0.673636257648468,0.38462433218955994,0.0,0.3887254595756531,0.6433960199356079,0.8898618221282959,1.1605489253997803,1.3374885320663452,1.3712743520736694,1.7132794857025146,1.7896709442138672,2.1288907527923584,2.2548346519470215,2.446847915649414,2.3842318058013916,2.0061123371124268,2.070927858352661,2.06551194190979,1.9202858209609985,2.2034401893615723,2.223616123199463,2.427340507507324,2.1440584659576416,1.8223134279251099,1.7241346836090088,1.4673985242843628,1.3708950281143188,1.239330768585205,2.419994831085205,2.7210097312927246,2.6114258766174316,2.7656593322753906,2.9879374504089355,2.886265516281128,3.203317880630493,3.3496015071868896,3.5014564990997314,3.264737606048584,3.0011239051818848,3.107696533203125,2.8491475582122803,2.969165563583374,2.7785329818725586,3.1647119522094727,3.542041063308716,3.6860852241516113,3.7342886924743652,4.134387969970703,4.220246315002441,4.493399620056152,4.8579583168029785,4.957571983337402,4.857940673828125,4.945669651031494,5.25079870223999,5.354029655456543,5.363246440887451,5.357818126678467,4.542812824249268,4.325573921203613,4.309726238250732,4.601065158843994,4.482099533081055,4.816512584686279,4.927236557006836,5.003976345062256,5.252024173736572,5.522550106048584,5.461752891540527,5.814210891723633,5.805179119110107,6.197921276092529,6.203577041625977
A6,1.5772125720977783,1.2682327032089233,0.968061089515686,0.642391562461853,0.3887254595756531,0.0,0.3949428200721741,0.6551154255867004,0.8784331679344177,0.9961981177330017,1.0573906898498535,1.4207206964492798,1.5600402355194092,1.8977056741714478,2.0751163959503174,2.4432568550109863,2.4084701538085938,2.0268590450286865,2.037287712097168,2.0634665489196777,1.86961030960083,2.131460189819336,2.193967580795288,2.3524715900421143,2.054593086242676,1.7748544216156006,1.7263647317886353,1.5210437774658203,1.5140317678451538,1.442077398300171,2.565880298614502,2.837834358215332,2.7045249938964844,2.8069493770599365,3.023145914077759,2.876614570617676,3.1628079414367676,3.310445785522461,3.4230544567108154,3.1683437824249268,2.9362568855285645,3.053821325302124,2.8363277912139893,2.9960176944732666,2.8420255184173584,3.28068208694458,3.650658369064331,3.760087728500366,3.7795393466949463,4.175051212310791,4.225654125213623,4.487107276916504,4.849256992340088,4.924225330352783,4.806429862976074,4.910488605499268,5.202826023101807,5.327517986297607,5.334837913513184,5.353006839752197,4.654048442840576,4.452707767486572,4.4642534255981445,4.76467227935791,4.670112609863281,5.016464710235596,5.129673480987549,5.230587959289551,5.469618320465088,5.742279529571533,5.701083660125732,6.057664394378662,6.066507339477539,6.459635257720947,6.482364654541016
A7,1.8548431396484375,1.5234599113464355,1.2868037223815918,0.9277177453041077,0.6433960199356079,0.3949428200721741,0.0,0.3735150396823883,0.5263146758079529,0.7570064067840576,0.9068291187286377,1.2311580181121826,1.404172420501709,1.7681576013565063,1.9780720472335815,2.5644707679748535,2.586326837539673,2.2241435050964355,2.255955934524536,2.337218761444092,2.1609785556793213,2.4365034103393555,2.5362985134124756,2.6897175312042236,2.398998975753784,2.135097026824951,2.110032558441162,1.9046149253845215,1.9024354219436646,1.8066332340240479,2.7691774368286133,3.0561046600341797,2.9549601078033447,3.0436837673187256,3.2874526977539062,3.1438512802124023,3.4201407432556152,3.5937986373901367,3.6872968673706055,3.442345380783081,3.2361900806427,3.3774642944335938,3.1750035285949707,3.354013681411743,3.199916362762451,3.509709596633911,3.864746570587158,3.9797961711883545,3.9698922634124756,4.360948085784912,4.399995803833008,4.635791301727295,5.007134437561035,5.059365749359131,4.955562114715576,5.0857954025268555,5.382771015167236,5.52863073348999,5.556732654571533,5.591848850250244,4.892431259155273,4.676829814910889,4.704716682434082,4.991539001464844,4.888179302215576,5.2355523109436035,5.32564640045166,5.4266676902771,5.647950172424316,5.936869144439697,5.905884265899658,6.255629062652588,6.273872375488281,6.670247554779053,6.69230842590332
A8,2.149423599243164,1.798520565032959,1.5586718320846558,1.2332661151885986,0.8898618221282959,0.6551154255867004,0.3735150396823883,0.0,0.37768954038619995,0.5599026679992676,0.626707911491394,0.9047572016716003,1.0468544960021973,1.4179800748825073,1.6283657550811768,2.3460044860839844,2.4173965454101562,2.080469846725464,2.1246016025543213,2.2660326957702637,2.11883282661438,2.4153168201446533,2.568692445755005,2.7329869270324707,2.4762356281280518,2.2230331897735596,2.2557685375213623,2.0315911769866943,2.0721828937530518,1.9473676681518555,2.660184383392334,2.9409046173095703,2.862799644470215,2.923391103744507,3.191960573196411,3.0507023334503174,3.3136239051818848,3.519651412963867,3.595078945159912,3.372302770614624,3.1965081691741943,3.375399589538574,3.1894478797912598,3.399311065673828,3.2441649436950684,3.3969178199768066,3.7320334911346436,3.839670181274414,3.796985387802124,4.180171489715576,4.203048229217529,4.415309429168701,4.79166841506958,4.823768615722656,4.730799198150635,4.882900714874268,5.182989597320557,5.347780704498291,5.396642208099365,5.449306488037109,4.774158954620361,4.553067684173584,4.607369899749756,4.884687423706055,4.788034439086914,5.141341686248779,5.214858531951904,5.332142353057861,5.533656597137451,5.833794116973877,5.824961185455322,6.171578407287598,6.211670875549316,6.609364032745361,6.646884918212891
A9,2.378744125366211,2.0451645851135254,1.811653733253479,1.4525700807571411,1.1605489253997803,0.8784331679344177,0.5263146758079529,0.37768954038619995,0.0,0.38629770278930664,0.661312460899353,0.8820711374282837,1.1351191997528076,1.4931857585906982,1.7649884223937988,2.6546757221221924,2.7446978092193604,2.4138810634613037,2.430415391921997,2.578486680984497,2.4024546146392822,2.6719682216644287,2.8318281173706055,2.9585165977478027,2.6841790676116943,2.462151527404785,2.4940619468688965,2.3096859455108643,2.36104679107666,2.2693614959716797,3.026130437850952,3.2977139949798584,3.2117815017700195,3.251999855041504,3.5128204822540283,3.3487613201141357,3.5908596515655518,3.790290355682373,3.8402416706085205,3.602994918823242,3.4465386867523193,3.6198301315307617,3.4584970474243164,3.6789019107818604,3.5456416606903076,3.750596523284912,4.0807037353515625,4.174703121185303,4.1175947189331055,4.495143890380859,4.498419284820557,4.698495388031006,5.072270393371582,5.085362434387207,4.984253883361816,5.14942741394043,5.439739227294922,5.619307518005371,5.667452335357666,5.734766483306885,5.120045185089111,4.904818058013916,4.968166828155518,5.246674537658691,5.1554718017578125,5.5106024742126465,5.581522464752197,5.702420711517334,5.899062633514404,6.202057361602783,6.197391510009766,6.5429487228393555,6.585707187652588,6.983625411987305,7.021225929260254
A10,2.5672593116760254,2.2486679553985596,1.9639782905578613,1.6273934841156006,1.3374885320663452,0.9961981177330017,0.7570064067840576,0.5599026679992676,0.38629770278930664,0.0,0.3765835165977478,0.6129936575889587,0.9432448148727417,1.2607396841049194,1.5713058710098267,2.5267679691314697,2.624117851257324,2.3023555278778076,2.2685985565185547,2.433436393737793,2.2335615158081055,2.4769866466522217,2.670246124267578,2.7662432193756104,2.5062997341156006,2.3242924213409424,2.4051992893218994,2.2523891925811768,2.365812301635742,2.30486798286438,2.998777151107788,3.232537269592285,3.12141489982605,3.1177070140838623,3.363126754760742,3.16691517829895,3.378154754638672,3.5752744674682617,3.5941693782806396,3.351699113845825,3.2254903316497803,3.409100294113159,3.2830135822296143,3.531827688217163,3.42690372467041,3.671701431274414,3.9927525520324707,4.05202054977417,3.9768970012664795,4.345669269561768,4.3198747634887695,4.514129638671875,4.878841400146484,4.876453876495361,4.7560248374938965,4.927079200744629,5.202695369720459,5.394408226013184,5.43689489364624,5.520712375640869,5.014753341674805,4.820305347442627,4.9048261642456055,5.19303560256958,5.129393100738525,5.4933695793151855,5.5742316246032715,5.719549179077148,5.912351608276367,6.209539890289307,6.222141742706299,6.573113441467285,6.632054805755615,7.027746200561523,7.085121154785156
A11,2.6160573959350586,2.2893564701080322,1.9860695600509644,1.694554328918457,1.3712743520736694,1.0573906898498535,0.9068291187286377,0.626707911491394,0.661312460899353,0.3765835165977478,0.0,0.37872421741485596,0.6373145580291748,0.9458935856819153,1.235001802444458,2.168973445892334,2.28037166595459,1.9750336408615112,1.9388729333877563,2.136075258255005,1.9614454507827759,2.2202916145324707,2.4485485553741455,2.5639185905456543,2.342472791671753,2.1612582206726074,2.2882211208343506,2.1146416664123535,2.262554168701172,2.18266224861145,2.7013895511627197,2.916757822036743,2.8097620010375977,2.7853899002075195,3.0392251014709473,2.8461341857910156,3.051112651824951,3.267561912536621,3.2829482555389404,3.0607047080993652,2.9485552310943604,3.158709764480591,3.0378496646881104,3.304251194000244,3.1956775188446045,3.3490891456604004,3.6585958003997803,3.7074122428894043,3.6192140579223633,3.9834647178649902,3.9508986473083496,4.140321731567383,4.505021095275879,4.500369548797607,4.382326126098633,4.556596755981445,4.834627628326416,5.029489040374756,5.0797834396362305,5.1679368019104,4.677400588989258,4.486300945281982,4.585411548614502,4.871951103210449,4.820021629333496,5.187831878662109,5.267507076263428,5.427522659301758,5.612913608551025,5.909354209899902,5.9359307289123535,6.28754997253418,6.360620021820068,6.754611015319824,6.826638221740723
A12,2.9693593978881836,2.6312549114227295,2.34120512008667,2.0524513721466064,1.7132794857025146,1.4207206964492798,1.2311580181121826,0.9047572016716003,0.8820711374282837,0.6129936575889587,0.37872421741485596,0.0,0.3980022072792053,0.659966230392456,0.9997891187667847,2.1721551418304443,2.3426740169525146,2.0842812061309814,2.05723237991333,2.306638240814209,2.1640355587005615,2.4228265285491943,2.6892948150634766,2.802518606185913,2.612788438796997,2.451453447341919,2.6101324558258057,2.43327260017395,2.596700429916382,2.5007100105285645,2.815058469772339,3.0173773765563965,2.936941146850586,2.881356954574585,3.1519317626953125,2.9622418880462646,3.1417996883392334,3.3850667476654053,3.3742971420288086,3.1772515773773193,3.104346513748169,3.343508720397949,3.2459168434143066,3.534289598464966,3.4302175045013428,3.440408229827881,3.72148060798645,3.7595913410186768,3.6336891651153564,3.981199264526367,3.9255802631378174,4.081010341644287,4.446512699127197,4.4123029708862305,4.306060314178467,4.50831937789917,4.784265518188477,5.003267765045166,5.076279163360596,5.186781883239746,4.7395243644714355,4.545410633087158,4.67128324508667,4.9441304206848145,4.898767948150635,5.268191337585449,5.328671455383301,5.502228736877441,5.665004730224609,5.971665382385254,6.019680976867676,6.36476469039917,6.457979202270508,6.85108757019043,6.935694694519043
A13,3.0286388397216797,2.677173376083374,2.4031660556793213,2.1536781787872314,1.7896709442138672,1.5600402355194092,1.404172420501709,1.0468544960021973,1.1351191997528076,0.9432448148727417,0.6373145580291748,0.3980022072792053,0.0,0.3771141469478607,0.6384902000427246,1.8507723808288574,2.0606882572174072,1.8408986330032349,1.8586121797561646,2.15037202835083,2.071882963180542,2.3618953227996826,2.649454116821289,2.8031210899353027,2.655799627304077,2.4766170978546143,2.6563782691955566,2.440671443939209,2.6030476093292236,2.4656529426574707,2.5369529724121094,2.7383272647857666,2.6939356327056885,2.6353847980499268,2.9330224990844727,2.7760889530181885,2.9618420600891113,3.237091302871704,3.2382237911224365,3.0798637866973877,3.013227701187134,3.2810137271881104,3.1716468334198,3.462979793548584,3.337117910385132,3.157668352127075,3.419448137283325,3.4674437046051025,3.325394630432129,3.6675164699554443,3.618525266647339,3.760091781616211,4.133160591125488,4.098471164703369,4.015447616577148,4.226208686828613,4.515859603881836,4.736593246459961,4.830977439880371,4.940876007080078,4.444576263427734,4.238126754760742,4.375479221343994,4.63392972946167,4.585171222686768,4.953090667724609,4.998332977294922,5.177038669586182,5.325720310211182,5.638942241668701,5.6989054679870605,6.038638114929199,6.144207000732422,6.536235809326172,6.628817081451416
A14,3.3470990657806396,3.002528429031372,2.7169406414031982,2.487659215927124,2.1288907527923584,1.8977056741714478,1.7681576013565063,1.4179800748825073,1.4931857585906982,1.2607396841049194,0.9458935856819153,0.659966230392456,0.3771141469478607,0.0,0.37912797927856445,1.7697117328643799,2.020148754119873,1.858162760734558,1.8507275581359863,2.179089069366455,2.12207293510437,2.3892242908477783,2.7133054733276367,2.8529679775238037,2.747220039367676,2.602759838104248,2.824039936065674,2.6233632564544678,2.8209519386291504,2.691138744354248,2.5782861709594727,2.7358405590057373,2.695847511291504,2.587921142578125,2.881204843521118,2.715350866317749,2.861039161682129,3.15299391746521,3.1212661266326904,2.9886136054992676,2.967740297317505,3.2602429389953613,3.185262680053711,3.50051212310791,3.3923354148864746,3.1267001628875732,3.3563244342803955,3.3732192516326904,3.1952273845672607,3.514705181121826,3.4326066970825195,3.545980215072632,3.9112491607666016,3.848991870880127,3.7641217708587646,3.995360851287842,4.275029182434082,4.5166192054748535,4.62414026260376,4.756674289703369,4.353940486907959,4.1611328125,4.328465938568115,4.580903053283691,4.555612564086914,4.926187515258789,4.965940475463867,5.168224811553955,5.299165725708008,5.6113152503967285,5.695758819580078,6.032512187957764,6.160647869110107,6.547611236572266,6.660975933074951
A15,3.425793409347534,3.0788443088531494,2.809415102005005,2.6191513538360596,2.2548346519470215,2.0751163959503174,1.9780720472335815,1.6283657550811768,1.7649884223937988,1.5713058710098267,1.235001802444458,0.9997891187667847,0.6384902000427246,0.37912797927856445,0.0,1.4826476573944092,1.7761281728744507,1.6725789308547974,1.7090661525726318,2.0691328048706055,2.0793144702911377,2.364313840866089,2.69885516166687,2.8723461627960205,2.8084323406219482,2.6525790691375732,2.8874588012695312,2.659721851348877,2.853740692138672,2.6937901973724365,2.337303400039673,2.48274564743042,2.4796462059020996,2.3653388023376465,2.6800143718719482,2.5509254932403564,2.69834303855896,3.0182056427001953,2.9994544982910156,2.9092659950256348,2.8949122428894043,3.209686279296875,3.125056266784668,3.4378323554992676,3.311584711074829,2.8597729206085205,3.064434051513672,3.0878546237945557,2.8925538063049316,3.203275680541992,3.127321481704712,3.2261645793914795,3.598010540008545,3.536790370941162,3.4758763313293457,3.7137107849121094,4.00682258605957,4.247977256774902,4.376046180725098,4.506515026092529,4.05948543548584,3.857222557067871,4.036892414093018,4.274501800537109,4.249053955078125,4.6170268058776855,4.643433094024658,4.852588653564453,4.969595432281494,5.285613536834717,5.3826422691345215,5.713930606842041,5.854662895202637,6.238937854766846,6.361501216888428
B1,3.205610513687134,2.935229778289795,2.7044546604156494,2.71960711479187,2.446847915649414,2.4432568550109863,2.5644707679748535,2.3460044860839844,2.6546757221221924,2.5267679691314697,2.168973445892334,2.1721551418304443,1.8507723808288574,1.7697117328643799,1.4826476573944092,0.0,0.3909134268760681,0.6170473694801331,0.822786271572113,1.1504946947097778,1.432714819908142,1.7223761081695557,2.0024187564849854,2.293886423110962,2.386979341506958,2.2061450481414795,2.4542715549468994,2.1813762187957764,2.361844539642334,2.1601548194885254,1.0265530347824097,1.0463930368423462,1.0960948467254639,0.9861505627632141,1.3564651012420654,1.391797661781311,1.613096833229065,1.9727245569229126,2.083951234817505,2.118197202682495,2.0434603691101074,2.3741300106048584,2.217461585998535,2.468857765197754,2.277998447418213,1.382608413696289,1.5873323678970337,1.6346359252929688,1.4981132745742798,1.8603637218475342,1.8898650407791138,2.095698118209839,2.4806835651397705,2.551710605621338,2.5110440254211426,2.648141384124756,2.990115165710449,3.136991262435913,3.2513954639434814,3.3005223274230957,2.6025240421295166,2.394946336746216,2.5604002475738525,2.815202474594116,2.810633420944214,3.1863842010498047,3.255223512649536,3.4850475788116455,3.632877826690674,3.9154720306396484,4.0088982582092285,4.35646390914917,4.498145580291748,4.874213218688965,5.019139766693115
B2,3.015655517578125,2.7801308631896973,2.5493972301483154,2.61323618888855,2.3842318058013916,2.4084701538085938,2.586326837539673,2.4173965454101562,2.7446978092193604,2.624117851257324,2.28037166595459,2.3426740169525146,2.0606882572174072,2.020148754119873,1.7761281728744507,0.3909134268760681,0.0,0.3949989974498749,0.6091268658638,0.844550609588623,1.1832398176193237,1.4598240852355957,1.6987491846084595,2.0143496990203857,2.1310536861419678,1.9458677768707275,2.184777021408081,1.9172234535217285,2.096433162689209,1.909319519996643,0.7902315258979797,0.7592924237251282,0.7249164581298828,0.6434938907623291,1.0203232765197754,1.0810034275054932,1.359630823135376,1.6936038732528687,1.8576751947402954,1.8847249746322632,1.7607731819152832,2.070507764816284,1.8813897371292114,2.1083548069000244,1.9021507501602173,1.1165719032287598,1.387419581413269,1.4366775751113892,1.384061336517334,1.7750011682510376,1.843855619430542,2.113642692565918,2.4794816970825195,2.599776029586792,2.5326216220855713,2.61519718170166,2.9512579441070557,3.056584119796753,3.1325695514678955,3.1472742557525635,2.4032371044158936,2.2118172645568848,2.341571569442749,2.628842830657959,2.6317737102508545,3.0106096267700195,3.119300127029419,3.3421149253845215,3.523977756500244,3.783726930618286,3.8540053367614746,4.213846683502197,4.335138320922852,4.709972858428955,4.849065780639648
B3,2.6638033390045166,2.423706531524658,2.1743502616882324,2.2293500900268555,2.0061123371124268,2.0268590450286865,2.2241435050964355,2.080469846725464,2.4138810634613037,2.3023555278778076,1.9750336408615112,2.0842812061309814,1.8408986330032349,1.858162760734558,1.6725789308547974,0.6170473694801331,0.3949989974498749,0.0,0.3839099109172821,0.6191225647926331,0.9031299948692322,1.2400425672531128,1.4681745767593384,1.7932708263397217,1.851682186126709,1.6314622163772583,1.8540146350860596,1.5700056552886963,1.7501356601715088,1.5658670663833618,0.8857932090759277,0.9719485640525818,0.8548349142074585,0.8566372394561768,1.1811128854751587,1.1627178192138672,1.4775573015213013,1.7666828632354736,1.934421420097351,1.8830342292785645,1.7103627920150757,1.992061734199524,1.775373101234436,2.002347946166992,1.791334629058838,1.380119800567627,1.7030974626541138,1.7668801546096802,1.7537323236465454,2.148329019546509,2.2144317626953125,2.493609666824341,2.8533315658569336,2.9694597721099854,2.880282163619995,2.95827579498291,3.280862808227539,3.384032964706421,3.4336066246032715,3.4436750411987305,2.714590549468994,2.5268805027008057,2.619028091430664,2.9204118251800537,2.9032351970672607,3.278390407562256,3.39923357963562,3.5955471992492676,3.7993836402893066,4.057765960693359,4.099624156951904,4.464320659637451,4.558697700500488,4.939180374145508,5.055113315582275
B4,2.7404088973999023,2.5227813720703125,2.229691982269287,2.2739529609680176,2.070927858352661,2.037287712097168,2.255955934524536,2.1246016025543213,2.430415391921997,2.2685985565185547,1.9388729333877563,2.05723237991333,1.8586121797561646,1.8507275581359863,1.7090661525726318,0.822786271572113,0.6091268658638,0.3839099109172821,0.0,0.3920365273952484,0.611913800239563,0.911450207233429,1.1981453895568848,1.4830094575881958,1.564536213874817,1.3994673490524292,1.6771551370620728,1.4566251039505005,1.7099193334579468,1.601844072341919,1.2033262252807617,1.2012946605682373,0.9777154922485352,0.868943452835083,1.101477861404419,0.9579063653945923,1.2379546165466309,1.5066888332366943,1.638323187828064,1.5470134019851685,1.3895413875579834,1.683653473854065,1.5100573301315308,1.785054087638855,1.6293457746505737,1.5422539710998535,1.8551766872406006,1.843930721282959,1.824853539466858,2.2046632766723633,2.22182559967041,2.5120105743408203,2.850555658340454,2.953777313232422,2.816047191619873,2.8867812156677246,3.182297945022583,3.2931041717529297,3.312609910964966,3.3380751609802246,2.797257661819458,2.6576857566833496,2.762396812438965,3.084979295730591,3.1077792644500732,3.484456777572632,3.6305973529815674,3.8446242809295654,4.053789138793945,4.293073654174805,4.340876579284668,4.709879398345947,4.807441234588623,5.180243968963623,5.307313919067383
B5,2.5670056343078613,2.3973324298858643,2.1066932678222656,2.206399917602539,2.06551194190979,2.0634665489196777,2.337218761444092,2.2660326957702637,2.578486680984497,2.433436393737793,2.136075258255005,2.306638240814209,2.15037202835083,2.179089069366455,2.0691328048706055,1.1504946947097778,0.844550609588623,0.6191225647926331,0.3920365273952484,0.0,0.39061009883880615,0.6590806841850281,0.8617135882377625,1.1914887428283691,1.2967839241027832,1.122435450553894,1.3866214752197266,1.1852874755859375,1.446104884147644,1.379771113395691,1.2306498289108276,1.2044672966003418,0.8918248414993286,0.8519690036773682,0.978601336479187,0.8217067122459412,1.1517455577850342,1.339858889579773,1.5313398838043213,1.4065818786621094,1.1645845174789429,1.4066554307937622,1.1766139268875122,1.4209070205688477,1.2501519918441772,1.5096484422683716,1.856736183166504,1.8458467721939087,1.9029799699783325,2.281764030456543,2.3292298316955566,2.658592700958252,2.9724321365356445,3.1128931045532227,2.956979990005493,2.979468584060669,3.2612199783325195,3.33158540725708,3.3109705448150635,3.302168130874634,2.741245746612549,2.624309539794922,2.686316728591919,3.0306036472320557,3.0574305057525635,3.4260072708129883,3.606525421142578,3.8064231872558594,4.044825553894043,4.259798526763916,4.2820611000061035,4.657729625701904,4.731581687927246,5.099593639373779,5.216683387756348
B6,2.454561948776245,2.2969424724578857,1.965921401977539,2.0389530658721924,1.9202858209609985,1.86961030960083,2.1609785556793213,2.11883282661438,2.4024546146392822,2.2335615158081055,1.9614454507827759,2.1640355587005615,2.071882963180542,2.12207293510437,2.0793144702911377,1.432714819908142,1.1832398176193237,0.9031299948692322,0.611913800239563,0.39061009883880615,0.0,0.38759487867355347,0.6376985907554626,0.9159166216850281,0.9568318724632263,0.7987751960754395,1.107823133468628,0.9685501456260681,1.2956479787826538,1.3090474605560303,1.5901808738708496,1.5919348001480103,1.2749823331832886,1.2221441268920898,1.2939989566802979,1.0531550645828247,1.3180248737335205,1.4413856267929077,1.5826598405838013,1.3683922290802002,1.1180663108825684,1.3178836107254028,1.1206564903259277,1.3919808864593506,1.283693552017212,1.894055962562561,2.239318609237671,2.20861554145813,2.2579171657562256,2.626091480255127,2.6436119079589844,2.966355562210083,3.2702250480651855,3.391307830810547,3.207420587539673,3.2351889610290527,3.4938690662384033,3.5750319957733154,3.531522512435913,3.5357532501220703,3.091689109802246,2.9937245845794678,3.050804615020752,3.40169358253479,3.433417797088623,3.7989375591278076,3.987661600112915,4.182449817657471,4.427481174468994,4.63786506652832,4.65188455581665,5.028969764709473,5.09288215637207,5.459904670715332,5.5694804191589355
B7,2.6498541831970215,2.5354905128479004,2.1956427097320557,2.281893730163574,2.2034401893615723,2.131460189819336,2.4365034103393555,2.4153168201446533,2.6719682216644287,2.4769866466522217,2.2202916145324707,2.4228265285491943,2.3618953227996826,2.3892242908477783,2.364313840866089,1.7223761081695557,1.4598240852355957,1.2400425672531128,0.911450207233429,0.6590806841850281,0.38759487867355347,0.0,0.3933989703655243,0.5755756497383118,0.726164698600769,0.7204774618148804,1.074327826499939,1.0688626766204834,1.4287797212600708,1.524619460105896,1.8748326301574707,1.8139991760253906,1.457816481590271,1.3579597473144531,1.3195000886917114,1.0100140571594238,1.1977901458740234,1.2288804054260254,1.3457839488983154,1.0752309560775757,0.8049526214599609,0.9670116901397705,0.8243069052696228,1.1383271217346191,1.1222805976867676,2.0459630489349365,2.3705735206604004,2.288142204284668,2.351901054382324,2.69305682182312,2.6864030361175537,3.020291328430176,3.2908291816711426,3.4154295921325684,3.1948328018188477,3.1955907344818115,3.4216115474700928,3.489443063735962,3.4075796604156494,3.41051983833313,3.1241023540496826,3.0729727745056152,3.1299471855163574,3.49381947517395,3.559966564178467,3.9189741611480713,4.133362770080566,4.340029716491699,4.5920538902282715,4.778173446655273,4.793957710266113,5.172688007354736,5.236469745635986,5.592036247253418,5.711704730987549
B8,2.4771065711975098,2.417267084121704,2.0968220233917236,2.237464666366577,2.223616123199463,2.193967580795288,2.5362985134124756,2.568692445755005,2.8318281173706055,2.670246124267578,2.4485485553741455,2.6892948150634766,2.649454116821289,2.7133054733276367,2.69885516166687,2.0024187564849854,1.6987491846084595,1.4681745767593384,1.1981453895568848,0.8617135882377625,0.6376985907554626,0.3933989703655243,0.0,0.39049679040908813,0.5552931427955627,0.5387656688690186,0.8260930776596069,0.8864989280700684,1.2236448526382446,1.3793030977249146,1.969913125038147,1.9173333644866943,1.546705961227417,1.5208017826080322,1.43095064163208,1.1744076013565063,1.3826276063919067,1.3280420303344727,1.5030322074890137,1.2275477647781372,0.878962516784668,0.8930885195732117,0.6495444178581238,0.8667235374450684,0.8494889140129089,2.1260576248168945,2.467914581298828,2.4065029621124268,2.5275580883026123,2.866215705871582,2.8952462673187256,3.252058506011963,3.507737636566162,3.663538694381714,3.443638324737549,3.408477544784546,3.6277129650115967,3.6580629348754883,3.5483152866363525,3.515263557434082,3.1692757606506348,3.127798318862915,3.139932632446289,3.511582374572754,3.568817377090454,3.913506507873535,4.150637626647949,4.334975242614746,4.611059665679932,4.777889251708984,4.765547752380371,5.14600944519043,5.183074951171875,5.533370018005371,5.63688850402832
B9,2.684772253036499,2.6460835933685303,2.307405471801758,2.4228224754333496,2.427340507507324,2.3524715900421143,2.6897175312042236,2.7329869270324707,2.9585165977478027,2.7662432193756104,2.5639185905456543,2.802518606185913,2.8031210899353027,2.8529679775238037,2.8723461627960205,2.293886423110962,2.0143496990203857,1.7932708263397217,1.4830094575881958,1.1914887428283691,0.9159166216850281,0.5755756497383118,0.39049679040908813,0.0,0.3843073844909668,0.6304705739021301,0.9165777564048767,1.110329508781433,1.4591201543807983,1.6727253198623657,2.3455705642700195,2.273858070373535,1.8971374034881592,1.8257497549057007,1.697778582572937,1.392641305923462,1.5107903480529785,1.3909121751785278,1.4929112195968628,1.1574630737304688,0.8597997426986694,0.784313440322876,0.6975398063659668,0.930241584777832,1.0491340160369873,2.4575324058532715,2.778872489929199,2.6792004108428955,2.7854011058807373,3.101928949356079,3.0955452919006348,3.444328784942627,3.677748441696167,3.8169476985931396,3.565983295440674,3.5268142223358154,3.7134687900543213,3.7493443489074707,3.6125097274780273,3.5943045616149902,3.420520544052124,3.41120982170105,3.4342005252838135,3.809619665145874,3.8904809951782227,4.2317070960998535,4.479048728942871,4.673519611358643,4.948378562927246,5.10378360748291,5.096826076507568,5.476731300354004,5.51650333404541,5.8593363761901855,5.96959114074707
B10,2.41245436668396,2.3752706050872803,2.021980047225952,2.116215229034424,2.1440584659576416,2.054593086242676,2.398998975753784,2.4762356281280518,2.6841790676116943,2.5062997341156006,2.342472791671753,2.612788438796997,2.655799627304077,2.747220039367676,2.8084323406219482,2.386979341506958,2.1310536861419678,1.851682186126709,1.564536213874817,1.2967839241027832,0.9568318724632263,0.726164698600769,0.5552931427955627,0.3843073844909668,0.0,0.37533682584762573,0.6378013491630554,0.8927226662635803,1.2455228567123413,1.4967209100723267,2.4417150020599365,2.431103467941284,2.0732414722442627,2.040147542953491,1.9687796831130981,1.6788959503173828,1.834222674369812,1.7533692121505737,1.8488013744354248,1.5067775249481201,1.2270801067352295,1.1674021482467651,1.0516911745071411,1.229682207107544,1.295475959777832,2.668811559677124,3.013684034347534,2.9484364986419678,3.0482213497161865,3.3846817016601562,3.3862009048461914,3.728067398071289,3.982236385345459,4.111545562744141,3.8718392848968506,3.8533449172973633,4.051822185516357,4.101004123687744,3.977107048034668,3.9637234210968018,3.7188339233398438,3.6821208000183105,3.694385290145874,4.066206932067871,4.11887788772583,4.462355613708496,4.698404788970947,4.874898910522461,5.154273986816406,5.323999404907227,5.303398132324219,5.683994770050049,5.710520267486572,6.06200647354126,6.153830528259277
B11,2.0849413871765137,2.0292434692382812,1.6813284158706665,1.795757532119751,1.8223134279251099,1.7748544216156006,2.135097026824951,2.2230331897735596,2.462151527404785,2.3242924213409424,2.1612582206726074,2.451453447341919,2.4766170978546143,2.602759838104248,2.6525790691375732,2.2061450481414795,1.9458677768707275,1.6314622163772583,1.3994673490524292,1.122435450553894,0.7987751960754395,0.7204774618148804,0.5387656688690186,0.6304705739021301,0.37533682584762573,0.0,0.37439608573913574,0.5262894034385681,0.8955523371696472,1.1266117095947266,2.185622453689575,2.2243165969848633,1.8895779848098755,1.9133996963500977,1.8963619470596313,1.6560238599777222,1.8818895816802979,1.8549461364746094,1.9983395338058472,1.6920130252838135,1.3797755241394043,1.3687196969985962,1.157729983329773,1.3031216859817505,1.265450119972229,2.5035037994384766,2.870746374130249,2.8521621227264404,2.961534261703491,3.320223331451416,3.3538687229156494,3.6980388164520264,3.976182222366333,4.115626335144043,3.905734062194824,3.8967208862304688,4.124387741088867,4.172385215759277,4.0733489990234375,4.048616886138916,3.640744686126709,3.5678179264068604,3.5647130012512207,3.9292728900909424,3.949565887451172,4.293873310089111,4.516190528869629,4.674250602722168,4.95644998550415,5.140341281890869,5.1079816818237305,5.487909317016602,5.504939079284668,5.865050792694092,5.942050933837891
B12,1.7896896600723267,1.7857688665390015,1.4609841108322144,1.6228288412094116,1.7241346836090088,1.7263647317886353,2.110032558441162,2.2557685375213623,2.4940619468688965,2.4051992893218994,2.2882211208343506,2.6101324558258057,2.6563782691955566,2.824039936065674,2.8874588012695312,2.4542715549468994,2.184777021408081,1.8540146350860596,1.6771551370620728,1.3866214752197266,1.107823133468628,1.074327826499939,0.8260930776596069,0.9165777564048767,0.6378013491630554,0.37439608573913574,0.0,0.38973870873451233,0.6505513191223145,0.9633399248123169,2.3148036003112793,2.3905727863311768,2.073158025741577,2.1556849479675293,2.142319679260254,1.9447236061096191,2.194340944290161,2.1508517265319824,2.3226919174194336,2.0235350131988525,1.6894280910491943,1.6298054456710815,1.3825194835662842,1.4350680112838745,1.3674342632293701,2.676576614379883,3.058077812194824,3.073137044906616,3.2117836475372314,3.5762648582458496,3.638437032699585,3.991649627685547,4.271867752075195,4.427672386169434,4.228654861450195,4.2079315185546875,4.441008567810059,4.471488952636719,4.366377830505371,4.320378303527832,3.8223631381988525,3.7381813526153564,3.7005653381347656,4.06164026260376,4.057509422302246,4.389379024505615,4.616164684295654,4.746260643005371,5.044209003448486,5.223006725311279,5.163723945617676,5.541823387145996,5.532690048217773,5.892317771911621,5.946136951446533
B13,1.601114273071289,1.5422096252441406,1.223689079284668,1.4050837755203247,1.4673985242843628,1.5210437774658203,1.9046149253845215,2.0315911769866943,2.3096859455108643,2.2523891925811768,2.1146416664123535,2.43327260017395,2.440671443939209,2.6233632564544678,2.659721851348877,2.1813762187957764,1.9172234535217285,1.5700056552886963,1.4566251039505005,1.1852874755859375,0.9685501456260681,1.0688626766204834,0.8864989280700684,1.110329508781433,0.8927226662635803,0.5262894034385681,0.38973870873451233,0.0,0.3840644955635071,0.6096340417861938,1.9908729791641235,2.110156536102295,1.826399803161621,1.9505468606948853,1.995509386062622,1.8449267148971558,2.1427254676818848,2.15895938873291,2.357909917831421,2.0968151092529297,1.7577627897262573,1.7634590864181519,1.4708716869354248,1.535177230834961,1.3836643695831299,2.4332966804504395,2.8255205154418945,2.878901720046997,3.013812780380249,3.3931286334991455,3.4776806831359863,3.824976682662964,4.125929832458496,4.284881114959717,4.115070343017578,4.108485698699951,4.3674492835998535,4.403417110443115,4.32807731628418,4.280008316040039,3.651923656463623,3.5332627296447754,3.4942374229431152,3.8440611362457275,3.8139641284942627,4.149417877197266,4.356441020965576,4.477489948272705,4.769410133361816,4.965733528137207,4.906269073486328,5.282534122467041,5.2754621505737305,5.643756866455078,5.692023754119873
