,A1,A2,A3,A4,A5,A6,A7,A8,A9,A10,A11,A12,A13,A14,A15,B1,B2,B3,B4,B5,B6,B7,B8,B9,B10,B11,B12,B13,B14,B15,C1,C2,C3,C4,C5,C6,C7,C8,C9,C10,C11,C12,C13,C14,C15,D1,D2,D3,D4,D5,D6,D7,D8,D9,D10,D11,D12,D13,D14,D15,E1,E2,E3,E4,E5,E6,E7,E8,E9,E10,E11,E12,E13,E14,E15
A1,0.0,0.40371641516685486,0.6443590521812439,0.9168642163276672,1.2384015321731567,1.5413827896118164,1.8222055435180664,2.104820966720581,2.327406406402588,2.430039644241333,2.5588173866271973,2.922935962677002,3.044157028198242,3.396779775619507,3.5979199409484863,4.451937675476074,4.65960168838501,4.576345443725586,4.908432960510254,5.10878849029541,5.31627893447876,5.683907508850098,5.798713207244873,6.127800941467285,6.119711399078369,6.069365501403809,6.427940368652344,6.331090927124023,6.66171407699585,6.571361064910889,5.177156925201416,4.938443660736084,4.58712911605835,4.361878871917725,4.19211483001709,3.8396589756011963,3.797637939453125,3.5918936729431152,3.5544748306274414,3.256683588027954,2.975031852722168,2.8302409648895264,2.4769163131713867,2.297485589981079,2.014680862426758,2.4075846672058105,2.797755002975464,2.9200832843780518,3.0408542156219482,3.427191734313965,3.545931100845337,3.805457353591919,4.148807048797607,4.25823974609375,4.159553050994873,4.335555076599121,4.634732723236084,4.761346817016602,4.978194713592529,5.18911075592041,5.969217300415039,5.921070098876953,5.8376007080078125,6.191829681396484,6.174685001373291,6.3828887939453125,6.683773040771484,6.640876770019531,7.016275882720947,7.067452430725098,6.964848041534424,7.294753074645996,7.429305553436279,7.698349952697754,7.769580841064453
A2,0.40371641516685486,0.0,0.3942891061306,0.6535332798957825,0.9016222953796387,1.2487051486968994,1.5114490985870361,1.767263650894165,2.000424861907959,2.1394150257110596,2.274003744125366,2.62933611869812,2.7773165702819824,3.130793333053589,3.3414573669433594,4.251705646514893,4.460615634918213,4.404634475708008,4.749792575836182,4.949203014373779,5.178926467895508,5.538481712341309,5.66081428527832,5.985267162322998,5.997550010681152,5.96468448638916,6.326269626617432,6.252923011779785,6.592794418334961,6.518608093261719,5.192226409912109,4.953859329223633,4.591906547546387,4.396365642547607,4.228618144989014,3.8900444507598877,3.8825392723083496,3.667668581008911,3.66994571685791,3.376338481903076,3.0706992149353027,2.953624725341797,2.59537672996521,2.4381909370422363,2.1179747581481934,2.1841206550598145,2.5612058639526367,2.66908597946167,2.7501509189605713,3.1360023021698,3.230271339416504,3.475518226623535,3.823824882507324,3.914608955383301,3.806103229522705,3.9912822246551514,4.278900623321533,4.414909839630127,4.6224236488342285,4.84580659866333,5.6917290687561035,5.655501365661621,5.591824531555176,5.9546709060668945,5.9516425132751465,6.175850868225098,6.479802131652832,6.456460475921631,6.830271244049072,6.891630172729492,6.807534694671631,7.14385986328125,7.288964748382568,7.569016933441162,7.656185626983643
A3,0.6443590521812439,0.3942891061306,0.0,0.39611583948135376,0.6484795808792114,0.9415943622589111,1.2600432634353638,1.5022004842758179,1.762026071548462,1.855700969696045,1.951715350151062,2.3178884983062744,2.4343249797821045,2.79421329498291,2.986443281173706,3.8665688037872314,4.080609321594238,4.02433967590332,4.366774082183838,4.573542594909668,4.802006721496582,5.161731719970703,5.292173862457275,5.612819194793701,5.62163782119751,5.595412731170654,5.95859956741333,5.889578342437744,6.231057643890381,6.166769981384277,4.8765974044799805,4.651360511779785,4.282061576843262,4.099357604980469,3.9505298137664795,3.615548849105835,3.636918067932129,3.439587116241455,3.464500665664673,3.159252405166626,2.8505165576934814,2.7759649753570557,2.4065263271331787,2.300891399383545,1.9601393938064575,1.9525799751281738,2.3237218856811523,2.3904919624328613,2.4884331226348877,2.874079942703247,2.962853193283081,3.233835220336914,3.5662825107574463,3.680453062057495,3.561725616455078,3.7214345932006836,4.02178430557251,4.1343536376953125,4.348560333251953,4.5527825355529785,5.365213394165039,5.334287166595459,5.259026527404785,5.621286392211914,5.624750137329102,5.841340065002441,6.152887344360352,6.131837844848633,6.507061004638672,6.557419300079346,6.4742560386657715,6.813807487487793,6.949995040893555,7.23484992980957,7.317895412445068
A4,0.9168642163276672,0.6535332798957825,0.39611583948135376,0.0,0.38701197504997253,0.6336207985877991,0.912310779094696,1.208516001701355,1.4244292974472046,1.5140997171401978,1.6531271934509277,2.011474370956421,2.156052589416504,2.5018200874328613,2.726494312286377,3.7559478282928467,3.9989030361175537,3.972327947616577,4.3122782707214355,4.542690753936768,4.779187202453613,5.133232593536377,5.289936065673828,5.596529960632324,5.604659557342529,5.603008270263672,5.969855785369873,5.916280269622803,6.261457443237305,6.22132682800293,5.000230312347412,4.798378944396973,4.420398235321045,4.2538065910339355,4.13405704498291,3.803084373474121,3.8537344932556152,3.680619716644287,3.7197604179382324,3.4011971950531006,3.0991883277893066,3.060033082962036,2.683983087539673,2.6164121627807617,2.2722132205963135,2.11867356300354,2.4618451595306396,2.471381902694702,2.534412384033203,2.912099838256836,2.9518074989318848,3.2238142490386963,3.5434584617614746,3.645970582962036,3.4894378185272217,3.631500244140625,3.917088747024536,4.010112285614014,4.1988911628723145,4.399758815765381,5.3065185546875,5.3048624992370605,5.235977649688721,5.606177806854248,5.6364288330078125,5.855151176452637,6.180576801300049,6.179266929626465,6.553956031799316,6.5947957038879395,6.525962829589844,6.87335205078125,7.000756740570068,7.2983479499816895,7.38153076171875
A5,1.2384015321731567,0.9016222953796387,0.6484795808792114,0.38701197504997253,0.0,0.3901238739490509,0.6413430571556091,0.8691446185112,1.1232792139053345,1.2599701881408691,1.390246033668518,1.7359898090362549,1.909255862236023,2.2565882205963135,2.4849581718444824,3.555265426635742,3.795233964920044,3.797734022140503,4.14911413192749,4.374699592590332,4.632898807525635,4.975813388824463,5.137628555297852,5.438228607177734,5.468128681182861,5.483177185058594,5.850495338439941,5.8208746910095215,6.173253536224365,6.1483306884765625,5.002952575683594,4.802128791809082,4.418746471405029,4.283979415893555,4.166261196136475,3.854818344116211,3.9365861415863037,3.756476879119873,3.831727981567383,3.524721622467041,3.2071635723114014,3.1921517848968506,2.8236374855041504,2.774810791015625,2.413181781768799,1.9470057487487793,2.2579152584075928,2.2407875061035156,2.257415533065796,2.6270129680633545,2.635870933532715,2.8939809799194336,3.2136526107788086,3.2994444370269775,3.131056308746338,3.2784759998321533,3.5534377098083496,3.6535189151763916,3.8345251083374023,4.04628324508667,5.011977672576904,5.021796703338623,4.972658634185791,5.349846839904785,5.393757343292236,5.627376079559326,5.954267501831055,5.972080230712891,6.343575954437256,6.394482612609863,6.344057083129883,6.696113586425781,6.833829879760742,7.140744209289551,7.239590167999268
A6,1.5413827896118164,1.2487051486968994,0.9415943622589111,0.6336207985877991,0.3901238739490509,0.0,0.3827052712440491,0.6191391944885254,0.8658320903778076,0.9175585508346558,1.0265569686889648,1.3846458196640015,1.5390799045562744,1.8855257034301758,2.1165976524353027,3.250286340713501,3.5121734142303467,3.5296435356140137,3.872971296310425,4.1182732582092285,4.3756489753723145,4.714615345001221,4.896938323974609,5.1853766441345215,5.208956241607666,5.241288185119629,5.6099534034729,5.589556694030762,5.942500114440918,5.93701171875,4.85754919052124,4.681775093078613,4.293432235717773,4.175593376159668,4.089684963226318,3.786273241043091,3.8996543884277344,3.7493233680725098,3.8417654037475586,3.52497935295105,3.2187118530273438,3.2479348182678223,2.8791749477386475,2.8809971809387207,2.5214433670043945,2.002011299133301,2.278261661529541,2.194014549255371,2.210435152053833,2.5623199939727783,2.5394396781921387,2.8188347816467285,3.108656406402588,3.2111034393310547,3.0148282051086426,3.1228513717651367,3.3996551036834717,3.462467908859253,3.634431838989258,3.822162628173828,4.797423839569092,4.827000617980957,4.768347263336182,5.14631986618042,5.208675384521484,5.433219909667969,5.77239990234375,5.799924850463867,6.170910835266113,6.205512523651123,6.161080837249756,6.517706394195557,6.641080379486084,6.956131458282471,7.048885822296143
A7,1.8222055435180664,1.5114490985870361,1.2600432634353638,0.912310779094696,0.6413430571556091,0.3827052712440491,0.0,0.39167356491088867,0.5159635543823242,0.6434400677680969,0.8617736101150513,1.1694157123565674,1.404314637184143,1.7150328159332275,1.9959969520568848,3.299513101577759,3.5795834064483643,3.636589527130127,3.977710723876953,4.234760284423828,4.505198001861572,4.830506324768066,5.032070159912109,5.30483341217041,5.33808708190918,5.3949384689331055,5.76312780380249,5.763510227203369,6.119150161743164,6.135328769683838,5.130783557891846,4.96860933303833,4.578110218048096,4.478418827056885,4.406446933746338,4.112748622894287,4.242985725402832,4.099792957305908,4.2028913497924805,3.8864009380340576,3.5816869735717773,3.6215474605560303,3.2546393871307373,3.261852741241455,2.901186943054199,2.2543678283691406,2.4948036670684814,2.3804118633270264,2.3420212268829346,2.670804738998413,2.5938098430633545,2.847454786300659,3.1254703998565674,3.196131467819214,2.9656870365142822,3.068098306655884,3.313645839691162,3.369767189025879,3.5056653022766113,3.702267646789551,4.803414821624756,4.862311363220215,4.823824405670166,5.208540916442871,5.296904563903809,5.531014442443848,5.87688684463501,5.927980899810791,6.294130325317383,6.329292297363281,6.304380893707275,6.66599178314209,6.789289474487305,7.1151041984558105,7.215556621551514
A8,2.104820966720581,1.767263650894165,1.5022004842758179,1.208516001701355,0.8691446185112,0.6191391944885254,0.39167356491088867,0.0,0.3672538995742798,0.5453885197639465,0.6671106219291687,0.9366180300712585,1.1924227476119995,1.5041720867156982,1.7674667835235596,3.060305118560791,3.3292734622955322,3.4129533767700195,3.762697219848633,4.0087971687316895,4.298319339752197,4.6102118492126465,4.812096118927002,5.078772068023682,5.134219646453857,5.204321384429932,5.570168972015381,5.592905044555664,5.953287601470947,5.981657028198242,5.054384231567383,4.893094062805176,4.50236701965332,4.434598445892334,4.364108562469482,4.093677043914795,4.250978469848633,4.103028774261475,4.238635063171387,3.9380760192871094,3.624187469482422,3.6858839988708496,3.3330206871032715,3.3581953048706055,2.9911205768585205,2.105910062789917,2.295841932296753,2.1467883586883545,2.064385175704956,2.369493007659912,2.258291721343994,2.49989652633667,2.7674734592437744,2.8286585807800293,2.5865414142608643,2.685469388961792,2.9247307777404785,2.9824647903442383,3.116668701171875,3.319322109222412,4.454679489135742,4.521770477294922,4.500095844268799,4.888818740844727,4.987889766693115,5.233936786651611,5.579005241394043,5.646298885345459,6.007905006408691,6.0522990226745605,6.043642997741699,6.407541275024414,6.540424346923828,6.87279748916626,6.987637042999268
A9,2.327406406402588,2.000424861907959,1.762026071548462,1.4244292974472046,1.1232792139053345,0.8658320903778076,0.5159635543823242,0.3672538995742798,0.0,0.3737494945526123,0.6524689197540283,0.8167515993118286,1.1486666202545166,1.3963265419006348,1.7157362699508667,3.17227840423584,3.4647815227508545,3.5759947299957275,3.913018226623535,4.177002906799316,4.466714382171631,4.768312454223633,4.991215705871582,5.241248607635498,5.293660640716553,5.3839898109436035,5.748536586761475,5.782228469848633,6.141173362731934,6.188165664672852,5.31269645690918,5.169387340545654,4.778104782104492,4.715466022491455,4.663580894470215,4.39389705657959,4.558793067932129,4.426103115081787,4.558600902557373,4.249993801116943,3.945281744003296,4.0143585205078125,3.6575067043304443,3.68886399269104,3.325275421142578,2.4648776054382324,2.639291286468506,2.4706716537475586,2.366941213607788,2.6481990814208984,2.49898099899292,2.7213635444641113,2.966780424118042,3.006009340286255,2.7328836917877197,2.8126730918884277,3.0193023681640625,3.0562918186187744,3.1494245529174805,3.3479652404785156,4.582374572753906,4.678441047668457,4.665404319763184,5.0555243492126465,5.178035259246826,5.423130512237549,5.775791168212891,5.859313011169434,6.216455459594727,6.252549648284912,6.255817413330078,6.62261962890625,6.746737957000732,7.086602687835693,7.199872016906738
A10,2.430039644241333,2.1394150257110596,1.855700969696045,1.5140997171401978,1.2599701881408691,0.9175585508346558,0.6434400677680969,0.5453885197639465,0.3737494945526123,0.0,0.3673432469367981,0.5685895085334778,0.850274384021759,1.1072680950164795,1.4291131496429443,2.9188976287841797,3.232012987136841,3.338782787322998,3.660869598388672,3.943864345550537,4.219905853271484,4.5234551429748535,4.760397911071777,5.002980709075928,5.038000583648682,5.133834362030029,5.498472690582275,5.527766227722168,5.882891654968262,5.938704967498779,5.090124607086182,4.9685516357421875,4.577804088592529,4.518285274505615,4.493001937866211,4.225828170776367,4.405362129211426,4.300984859466553,4.435211658477783,4.118496417999268,3.8310658931732178,3.9283342361450195,3.573880434036255,3.6400885581970215,3.2870476245880127,2.5145375728607178,2.6808152198791504,2.476099967956543,2.4090631008148193,2.679393768310547,2.533384323120117,2.788694381713867,3.0040383338928223,3.079739570617676,2.8004698753356934,2.835036277770996,3.0578982830047607,3.0507919788360596,3.150027275085449,3.309216260910034,4.4758381843566895,4.578546047210693,4.540740966796875,4.925090312957764,5.053110122680664,5.278925895690918,5.640608310699463,5.719356536865234,6.077549934387207,6.092682838439941,6.089357852935791,6.456610202789307,6.561899662017822,6.902685165405273,7.001521587371826
A11,2.5588173866271973,2.274003744125366,1.951715350151062,1.6531271934509277,1.390246033668518,1.0265569686889648,0.8617736101150513,0.6671106219291687,0.6524689197540283,0.3673432469367981,0.0,0.37733620405197144,0.5442649722099304,0.8690226078033447,1.1349843740463257,2.5557615756988525,2.8656435012817383,2.973076105117798,3.2969205379486084,3.577824354171753,3.856595754623413,4.158456325531006,4.3950042724609375,4.637120246887207,4.675726413726807,4.773484706878662,5.137555122375488,5.1723103523254395,5.528646945953369,5.588576316833496,4.780708312988281,4.665871620178223,4.276367664337158,4.2362799644470215,4.221277713775635,3.9704947471618652,4.171982288360596,4.077253818511963,4.232644557952881,3.92513370513916,3.6412711143493652,3.766127109527588,3.425605535507202,3.521775007247925,3.1737141609191895,2.33565616607666,2.469165802001953,2.22807240486145,2.174274206161499,2.4248011112213135,2.27823543548584,2.5554826259613037,2.747255563735962,2.8534348011016846,2.578784465789795,2.5841150283813477,2.8280019760131836,2.798200845718384,2.9198107719421387,3.0552406311035156,4.143632411956787,4.242029190063477,4.19264030456543,4.57445764541626,4.701528549194336,4.921386241912842,5.285030841827393,5.362403392791748,5.720530033111572,5.730868339538574,5.727071285247803,6.094494819641113,6.197084426879883,6.5387420654296875,6.637356758117676
A12,2.922935962677002,2.62933611869812,2.3178884983062744,2.011474370956421,1.7359898090362549,1.3846458196640015,1.1694157123565674,0.9366180300712585,0.8167515993118286,0.5685895085334778,0.37733620405197144,0.0,0.38940730690956116,0.5858224630355835,0.9062613248825073,2.482254981994629,2.8040332794189453,2.95736026763916,3.268375873565674,3.5561981201171875,3.844562292098999,4.123739719390869,4.3793044090271,4.598799228668213,4.648799419403076,4.774473667144775,5.132890701293945,5.192989349365234,5.548611640930176,5.63417911529541,4.935099124908447,4.839025974273682,4.453448295593262,4.4400434494018555,4.443334102630615,4.211788177490234,4.43501615524292,4.3518900871276855,4.523446559906006,4.22252082824707,3.9441823959350586,4.086852550506592,3.7553303241729736,3.8654353618621826,3.519846200942993,2.5865225791931152,2.6752421855926514,2.4022486209869385,2.309175491333008,2.513622760772705,2.3161818981170654,2.5664944648742676,2.7195591926574707,2.8062362670898438,2.500706911087036,2.4727420806884766,2.6822192668914795,2.621398687362671,2.7042453289031982,2.8267414569854736,4.007370471954346,4.138726711273193,4.105278015136719,4.487481594085693,4.643396377563477,4.866396903991699,5.235363483428955,5.337360858917236,5.686481952667236,5.692959308624268,5.710246562957764,6.0799713134765625,6.178676128387451,6.5300421714782715,6.635167121887207
A13,3.044157028198242,2.7773165702819824,2.4343249797821045,2.156052589416504,1.909255862236023,1.5390799045562744,1.404314637184143,1.1924227476119995,1.1486666202545166,0.850274384021759,0.5442649722099304,0.38940730690956116,0.0,0.3754658102989197,0.5920677781105042,2.129425525665283,2.4646105766296387,2.6096787452697754,2.9094531536102295,3.2094008922576904,3.486851453781128,3.7683823108673096,4.031446933746338,4.247457981109619,4.285187721252441,4.412446022033691,4.770653247833252,4.8277058601379395,5.180842876434326,5.271842002868652,4.607534408569336,4.529484272003174,4.1475396156311035,4.146129608154297,4.172346115112305,3.9533560276031494,4.195237159729004,4.136539936065674,4.31814432144165,4.02063512802124,3.7591989040374756,3.932051658630371,3.6147713661193848,3.7600481510162354,3.4299848079681396,2.552478313446045,2.6207079887390137,2.3168153762817383,2.265516519546509,2.448888063430786,2.2682032585144043,2.549978494644165,2.6690614223480225,2.801236867904663,2.5091116428375244,2.436598300933838,2.671499252319336,2.5701165199279785,2.67763090133667,2.7533297538757324,3.7969586849212646,3.9241652488708496,3.8617968559265137,4.235677242279053,4.389774322509766,4.592964172363281,4.967576503753662,5.060930252075195,5.410974502563477,5.399760723114014,5.408623218536377,5.777456283569336,5.861305236816406,6.2116804122924805,6.3052144050598145
A14,3.396779775619507,3.130793333053589,2.79421329498291,2.5018200874328613,2.2565882205963135,1.8855257034301758,1.7150328159332275,1.5041720867156982,1.3963265419006348,1.1072680950164795,0.8690226078033447,0.5858224630355835,0.3754658102989197,0.0,0.38689789175987244,2.1041083335876465,2.456106662750244,2.642369031906128,2.9140899181365967,3.2265913486480713,3.501788854598999,3.758662223815918,4.044939994812012,4.232997417449951,4.272083282470703,4.427959442138672,4.778027534484863,4.855838298797607,5.203812599182129,5.321933269500732,4.766839504241943,4.714127540588379,4.339473724365234,4.358612060546875,4.40885066986084,4.205976486206055,4.464470386505127,4.424317359924316,4.61361837387085,4.319098472595215,4.069851398468018,4.258808612823486,3.948895215988159,4.108178615570068,3.784416913986206,2.8859128952026367,2.9259917736053467,2.6022322177886963,2.5309360027313232,2.6747865676879883,2.4600744247436523,2.717865467071533,2.794865846633911,2.9141337871551514,2.600468635559082,2.48809552192688,2.686368465423584,2.5426559448242188,2.607422113418579,2.65205979347229,3.7500555515289307,3.9120161533355713,3.856290817260742,4.223988056182861,4.407044887542725,4.603487968444824,4.9838337898254395,5.097832679748535,5.4373884201049805,5.414000034332275,5.439815521240234,5.808728218078613,5.880413055419922,6.238386154174805,6.331085205078125
A15,3.5979199409484863,3.3414573669433594,2.986443281173706,2.726494312286377,2.4849581718444824,2.1165976524353027,1.9959969520568848,1.7674667835235596,1.7157362699508667,1.4291131496429443,1.1349843740463257,0.9062613248825073,0.5920677781105042,0.38689789175987244,0.0,1.7295411825180054,2.085888385772705,2.285308361053467,2.546105146408081,2.8607900142669678,3.135714292526245,3.3836658000946045,3.6759161949157715,3.85581111907959,3.8974087238311768,4.062009811401367,4.408796787261963,4.496632099151611,4.843645095825195,4.972174644470215,4.492245197296143,4.454949855804443,4.088316917419434,4.133760929107666,4.201886177062988,4.0240583419799805,4.30534029006958,4.281761169433594,4.490422248840332,4.2108612060546875,3.9743247032165527,4.190572261810303,3.9027554988861084,4.090273857116699,3.781040906906128,2.8637073040008545,2.864914894104004,2.5138332843780518,2.461153984069824,2.5648422241210938,2.3545944690704346,2.622537136077881,2.656292676925659,2.808934211730957,2.5100972652435303,2.3529529571533203,2.564344644546509,2.3817973136901855,2.466972827911377,2.464966297149658,3.435396671295166,3.598072052001953,3.5245566368103027,3.884453535079956,4.071446418762207,4.25502872467041,4.638491153717041,4.752983570098877,5.089518070220947,5.055479049682617,5.082395076751709,5.4504313468933105,5.5143141746521,5.873749732971191,5.964017868041992
B1,4.451937675476074,4.251705646514893,3.8665688037872314,3.7559478282928467,3.555265426635742,3.250286340713501,3.299513101577759,3.060305118560791,3.17227840423584,2.9188976287841797,2.5557615756988525,2.482254981994629,2.129425525665283,2.1041083335876465,1.7295411825180054,0.0,0.3927904963493347,0.628533661365509,0.8405032157897949,1.143027663230896,1.4283956289291382,1.6595890522003174,1.9497233629226685,2.1302506923675537,2.192011833190918,2.3626697063446045,2.70320987701416,2.8245203495025635,3.1753690242767334,3.3239645957946777,3.1746432781219482,3.1971960067749023,2.8937082290649414,3.075953245162964,3.2122979164123535,3.180229902267456,3.5453858375549316,3.591186761856079,3.8788905143737793,3.703057289123535,3.5431106090545654,3.856895923614502,3.7035536766052246,3.990041494369507,3.7780892848968506,2.943943500518799,2.7924463748931885,2.4160125255584717,2.493178129196167,2.4182326793670654,2.3342487812042236,2.6082520484924316,2.4727067947387695,2.7747581005096436,2.6423556804656982,2.370565414428711,2.6351816654205322,2.374701738357544,2.590914249420166,2.4121668338775635,2.3140015602111816,2.391935110092163,2.1723148822784424,2.4638092517852783,2.609938144683838,2.704399347305298,3.0922322273254395,3.166152000427246,3.4990103244781494,3.414067506790161,3.414367198944092,3.775951385498047,3.809722900390625,4.165457725524902,4.241438388824463
B2,4.65960168838501,4.460615634918213,4.080609321594238,3.9989030361175537,3.795233964920044,3.5121734142303467,3.5795834064483643,3.3292734622955322,3.4647815227508545,3.232012987136841,2.8656435012817383,2.8040332794189453,2.4646105766296387,2.456106662750244,2.085888385772705,0.3927904963493347,0.0,0.3899988532066345,0.5965012311935425,0.8111543655395508,1.140833854675293,1.351853609085083,1.6153591871261597,1.8068950176239014,1.909404993057251,2.0755603313446045,2.4101765155792236,2.553483247756958,2.9079487323760986,3.054974317550659,3.0038061141967773,3.0248610973358154,2.7451817989349365,2.9682230949401855,3.1006789207458496,3.111907482147217,3.487598419189453,3.531726121902466,3.840039014816284,3.699193239212036,3.5486693382263184,3.8693203926086426,3.7495179176330566,4.040844917297363,3.8474714756011963,2.983638286590576,2.7917792797088623,2.4279708862304688,2.5136032104492188,2.390315532684326,2.3337478637695312,2.583993911743164,2.412113904953003,2.7308294773101807,2.6455676555633545,2.366504430770874,2.6283583641052246,2.373281717300415,2.6131205558776855,2.4154460430145264,2.0407543182373047,2.0813488960266113,1.8300050497055054,2.105334520339966,2.2343521118164062,2.3185646533966064,2.705029010772705,2.7736873626708984,3.107562303543091,3.0255250930786133,3.0266880989074707,3.3898327350616455,3.4336376190185547,3.791146993637085,3.8793139457702637
B3,4.576345443725586,4.404634475708008,4.02433967590332,3.972327947616577,3.797734022140503,3.5296435356140137,3.636589527130127,3.4129533767700195,3.5759947299957275,3.338782787322998,2.973076105117798,2.95736026763916,2.6096787452697754,2.642369031906128,2.285308361053467,0.628533661365509,0.3899988532066345,0.0,0.3854781687259674,0.6060155630111694,0.9036158919334412,1.1973199844360352,1.424343228340149,1.6702708005905151,1.7321079969406128,1.8415369987487793,2.1952779293060303,2.2920422554016113,2.6539392471313477,2.7672293186187744,2.6169493198394775,2.63824200630188,2.359121561050415,2.5856881141662598,2.729057788848877,2.7523980140686035,3.1324944496154785,3.1939210891723633,3.5022025108337402,3.373623847961426,3.244105339050293,3.5769670009613037,3.480496883392334,3.787515163421631,3.6204988956451416,2.9038665294647217,2.7266194820404053,2.3882651329040527,2.5323290824890137,2.430314540863037,2.4341843128204346,2.7088725566864014,2.564835786819458,2.9061717987060547,2.851259708404541,2.602015495300293,2.891134023666382,2.6672842502593994,2.9323718547821045,2.7552177906036377,2.2643704414367676,2.2441184520721436,1.9535471200942993,2.199223518371582,2.2657551765441895,2.316336154937744,2.6890294551849365,2.703098773956299,3.0489859580993652,2.954585313796997,2.9096438884735107,3.2670326232910156,3.3009347915649414,3.642174005508423,3.708569049835205
B4,4.908432960510254,4.749792575836182,4.366774082183838,4.3122782707214355,4.14911413192749,3.872971296310425,3.977710723876953,3.762697219848633,3.913018226623535,3.660869598388672,3.2969205379486084,3.268375873565674,2.9094531536102295,2.9140899181365967,2.546105146408081,0.8405032157897949,0.5965012311935425,0.3854781687259674,0.0,0.3816470205783844,0.5908718705177307,0.8667189478874207,1.1455729007720947,1.3544740676879883,1.384582281112671,1.5261569023132324,1.8735816478729248,1.9864524602890015,2.3401060104370117,2.4877772331237793,2.533402919769287,2.6089046001434326,2.369619131088257,2.6237058639526367,2.8095788955688477,2.867232084274292,3.2535407543182373,3.3521177768707275,3.6560122966766357,3.5431368350982666,3.448000907897949,3.795351505279541,3.7209651470184326,4.044095993041992,3.9000415802001953,3.270876169204712,3.0933616161346436,2.7629618644714355,2.911818504333496,2.7991368770599365,2.80237078666687,3.0636110305786133,2.8980331420898438,3.2354583740234375,3.1846179962158203,2.917965888977051,3.1862075328826904,2.9400253295898438,3.1865413188934326,2.9752190113067627,2.324903964996338,2.309279680252075,1.9853825569152832,2.1737265586853027,2.243109941482544,2.2326903343200684,2.599299430847168,2.6041107177734375,2.9306464195251465,2.792442798614502,2.73968768119812,3.086247205734253,3.080319881439209,3.419849395751953,3.462415933609009
B5,5.10878849029541,4.949203014373779,4.573542594909668,4.542690753936768,4.374699592590332,4.1182732582092285,4.234760284423828,4.0087971687316895,4.177002906799316,3.943864345550537,3.577824354171753,3.5561981201171875,3.2094008922576904,3.2265913486480713,2.8607900142669678,1.143027663230896,0.8111543655395508,0.6060155630111694,0.3816470205783844,0.0,0.3761051297187805,0.6167322993278503,0.823437511920929,1.0712416172027588,1.1660054922103882,1.2854913473129272,1.6239981651306152,1.764403223991394,2.12217378616333,2.261502504348755,2.425408124923706,2.49417781829834,2.2895779609680176,2.584630250930786,2.758011817932129,2.86125111579895,3.249454975128174,3.3409206867218018,3.6616265773773193,3.5860657691955566,3.498703956604004,3.8450241088867188,3.802544593811035,4.123230457305908,3.9960224628448486,3.3383665084838867,3.1289710998535156,2.8182356357574463,2.9692366123199463,2.8198423385620117,2.846620798110962,3.0817997455596924,2.8925282955169678,3.2353169918060303,3.2253646850585938,2.9616544246673584,3.222872257232666,2.9899353981018066,3.251276731491089,3.033722400665283,2.1583635807037354,2.0934348106384277,1.7408839464187622,1.8901211023330688,1.9221034049987793,1.8871530294418335,2.2439229488372803,2.2312443256378174,2.559497833251953,2.4230754375457764,2.363704204559326,2.712343692779541,2.7191929817199707,3.0600762367248535,3.117300271987915
B6,5.31627893447876,5.178926467895508,4.802006721496582,4.779187202453613,4.632898807525635,4.3756489753723145,4.505198001861572,4.298319339752197,4.466714382171631,4.219905853271484,3.856595754623413,3.844562292098999,3.486851453781128,3.501788854598999,3.135714292526245,1.4283956289291382,1.140833854675293,0.9036158919334412,0.5908718705177307,0.3761051297187805,0.0,0.38198328018188477,0.5933811068534851,0.8389379382133484,0.8426245450973511,0.9428710341453552,1.2934234142303467,1.4127037525177002,1.7688405513763428,1.9201699495315552,2.2147607803344727,2.3349368572235107,2.171970844268799,2.4826178550720215,2.6956560611724854,2.8277478218078613,3.2146692276000977,3.344409465789795,3.6542201042175293,3.5945286750793457,3.5450096130371094,3.903236150741577,3.8854377269744873,4.221912860870361,4.123389720916748,3.605879783630371,3.4112536907196045,3.1164755821228027,3.292285919189453,3.1546638011932373,3.199868679046631,3.4409708976745605,3.2571113109588623,3.6029775142669678,3.598792552947998,3.3373396396636963,3.597792863845825,3.3623416423797607,3.618720531463623,3.3919501304626465,2.4354660511016846,2.357469320297241,1.9858225584030151,2.0744028091430664,2.0773332118988037,1.9749925136566162,2.3024609088897705,2.2484335899353027,2.5562360286712646,2.3739194869995117,2.276726007461548,2.6032533645629883,2.5625295639038086,2.8861279487609863,2.9027514457702637
B7,5.683907508850098,5.538481712341309,5.161731719970703,5.133232593536377,4.975813388824463,4.714615345001221,4.830506324768066,4.6102118492126465,4.768312454223633,4.5234551429748535,4.158456325531006,4.123739719390869,3.7683823108673096,3.758662223815918,3.3836658000946045,1.6595890522003174,1.351853609085083,1.1973199844360352,0.8667189478874207,0.6167322993278503,0.38198328018188477,0.0,0.3807287812232971,0.49070870876312256,0.5725698471069336,0.7823192477226257,1.0762630701065063,1.2899597883224487,1.6197830438613892,1.8291078805923462,2.4228365421295166,2.5671162605285645,2.4470462799072266,2.778355836868286,2.995462417602539,3.153846263885498,3.538005828857422,3.671346664428711,3.9845550060272217,3.941727876663208,3.899709463119507,4.257214069366455,4.250323295593262,4.585420608520508,4.490410804748535,3.924204111099243,3.7087595462799072,3.4116809368133545,3.5653977394104004,3.3986387252807617,3.4272797107696533,3.6399717330932617,3.4239535331726074,3.7579305171966553,3.761282444000244,3.4817159175872803,3.713381290435791,3.4615671634674072,3.700070381164551,3.4449820518493652,2.3374249935150146,2.26709246635437,1.887999415397644,1.9138864278793335,1.9317007064819336,1.7784918546676636,2.092411518096924,2.0554912090301514,2.330862045288086,2.115710735321045,2.040775775909424,2.3580808639526367,2.2923014163970947,2.626335620880127,2.6457862854003906
B8,5.798713207244873,5.66081428527832,5.292173862457275,5.289936065673828,5.137628555297852,4.896938323974609,5.032070159912109,4.812096118927002,4.991215705871582,4.760397911071777,4.3950042724609375,4.3793044090271,4.031446933746338,4.044939994812012,3.6759161949157715,1.9497233629226685,1.6153591871261597,1.424343228340149,1.1455729007720947,0.823437511920929,0.5933811068534851,0.3807287812232971,0.0,0.3685813844203949,0.5291856527328491,0.5909641981124878,0.8624622821807861,1.0801925659179688,1.4118698835372925,1.5827319622039795,2.2571709156036377,2.3919482231140137,2.3135507106781006,2.671128273010254,2.8741629123687744,3.07163143157959,3.4481468200683594,3.577763795852661,3.8982529640197754,3.8907785415649414,3.861670732498169,4.214903831481934,4.2399163246154785,4.5719451904296875,4.498590469360352,3.9621942043304443,3.7331931591033936,3.4637105464935303,3.6318743228912354,3.4510934352874756,3.5121734142303467,3.7121942043304443,3.4949662685394287,3.834141492843628,3.8734288215637207,3.6105258464813232,3.8462131023406982,3.6185505390167236,3.8752782344818115,3.63103985786438,2.3883907794952393,2.2586028575897217,1.8676947355270386,1.8439233303070068,1.790228009223938,1.5962234735488892,1.8711096048355103,1.7786370515823364,2.053899049758911,1.834224820137024,1.717878818511963,2.0300133228302,1.9715962409973145,2.296125650405884,2.319187641143799
B9,6.127800941467285,5.985267162322998,5.612819194793701,5.596529960632324,5.438228607177734,5.1853766441345215,5.30483341217041,5.078772068023682,5.241248607635498,5.002980709075928,4.637120246887207,4.598799228668213,4.247457981109619,4.232997417449951,3.85581111907959,2.1302506923675537,1.8068950176239014,1.6702708005905151,1.3544740676879883,1.0712416172027588,0.8389379382133484,0.49070870876312256,0.3685813844203949,0.0,0.3727662265300751,0.5986563563346863,0.7440269589424133,1.0636658668518066,1.3389999866485596,1.587518572807312,2.519681930541992,2.6868960857391357,2.6335504055023193,2.9916868209838867,3.2102582454681396,3.4135427474975586,3.7881357669830322,3.9296720027923584,4.245119094848633,4.237984657287598,4.216929912567139,4.572900295257568,4.596942901611328,4.932023525238037,4.85786247253418,4.302238941192627,4.067750930786133,3.78788685798645,3.938271999359131,3.7457945346832275,3.7838399410247803,3.969043493270874,3.730790376663208,4.057384014129639,4.08780574798584,3.806100606918335,4.016689777374268,3.7674405574798584,3.999892234802246,3.72933030128479,2.4223098754882812,2.3230087757110596,1.9404178857803345,1.8643498420715332,1.8462731838226318,1.6061389446258545,1.8592745065689087,1.7963366508483887,2.0201945304870605,1.7544264793395996,1.6692113876342773,1.9566031694412231,1.8485968112945557,2.178929090499878,2.188990592956543
B10,6.119711399078369,5.997550010681152,5.62163782119751,5.604659557342529,5.468128681182861,5.208956241607666,5.33808708190918,5.134219646453857,5.293660640716553,5.038000583648682,4.675726413726807,4.648799419403076,4.285187721252441,4.272083282470703,3.8974087238311768,2.192011833190918,1.909404993057251,1.7321079969406128,1.384582281112671,1.1660054922103882,0.8426245450973511,0.5725698471069336,0.5291856527328491,0.3727662265300751,0.0,0.3689061999320984,0.5567628741264343,0.818051815032959,1.1000617742538452,1.373004674911499,2.3393948078155518,2.5509016513824463,2.5120224952697754,2.857210636138916,3.110684394836426,3.3117291927337646,3.681976318359375,3.8560335636138916,4.153230667114258,4.140390396118164,4.145267963409424,4.509810447692871,4.5384907722473145,4.886367321014404,4.827766418457031,4.401231288909912,4.194005489349365,3.916513204574585,4.091464996337891,3.9280364513397217,3.9759843349456787,4.187197685241699,3.97031569480896,4.305603504180908,4.3217878341674805,4.0438232421875,4.26985502243042,4.017050266265869,4.249616622924805,3.982931613922119,2.7635834217071533,2.6748318672180176,2.2909083366394043,2.232386589050293,2.2097277641296387,1.9696999788284302,2.210448741912842,2.118701219558716,2.334620714187622,2.051553726196289,1.9269367456436157,2.183849811553955,2.030414581298828,2.3256239891052246,2.276437997817993
B11,6.069365501403809,5.96468448638916,5.595412731170654,5.603008270263672,5.483177185058594,5.241288185119629,5.3949384689331055,5.204321384429932,5.3839898109436035,5.133834362030029,4.773484706878662,4.774473667144775,4.412446022033691,4.427959442138672,4.062009811401367,2.3626697063446045,2.0755603313446045,1.8415369987487793,1.5261569023132324,1.2854913473129272,0.9428710341453552,0.7823192477226257,0.5909641981124878,0.5986563563346863,0.3689061999320984,0.0,0.3691260814666748,0.5100777745246887,0.8461707830429077,1.0524500608444214,2.019357919692993,2.2376699447631836,2.2344441413879395,2.5896458625793457,2.8444483280181885,3.071388006210327,3.431309223175049,3.614971876144409,3.9079809188842773,3.9194936752319336,3.9450769424438477,4.307958602905273,4.363561153411865,4.713021278381348,4.679283618927002,4.349631309509277,4.1499223709106445,3.8985633850097656,4.101059436798096,3.947627544403076,4.030576229095459,4.250132083892822,4.0515217781066895,4.3976263999938965,4.434764862060547,4.177732467651367,4.4226813316345215,4.193277835845947,4.447514533996582,4.20042085647583,2.9582579135894775,2.82641339302063,2.4356729984283447,2.371807813644409,2.2909095287323,2.0426814556121826,2.25189471244812,2.09889554977417,2.321397542953491,2.044977903366089,1.8595190048217773,2.0984368324279785,1.9447089433670044,2.2073569297790527,2.1332712173461914
B12,6.427940368652344,6.326269626617432,5.95859956741333,5.969855785369873,5.850495338439941,5.6099534034729,5.76312780380249,5.570168972015381,5.748536586761475,5.498472690582275,5.137555122375488,5.132890701293945,4.770653247833252,4.778027534484863,4.408796787261963,2.70320987701416,2.4101765155792236,2.1952779293060303,1.8735816478729248,1.6239981651306152,1.2934234142303467,1.0762630701065063,0.8624622821807861,0.7440269589424133,0.5567628741264343,0.3691260814666748,0.0,0.39068323373794556,0.5976463556289673,0.8802655935287476,2.1837992668151855,2.42288875579834,2.470203161239624,2.8302812576293945,3.087186574935913,3.337786912918091,3.6854615211486816,3.8777873516082764,4.165589809417725,4.197812557220459,4.239863395690918,4.600302219390869,4.6736674308776855,5.022968769073486,5.002777576446533,4.688071250915527,4.4800496101379395,4.235741138458252,4.434530735015869,4.268301963806152,4.3519134521484375,4.557191848754883,4.345373153686523,4.686136245727539,4.7337727546691895,4.472226142883301,4.703607082366943,4.470939636230469,4.717785358428955,4.458530902862549,3.123372793197632,2.985093832015991,2.5997793674468994,2.4826178550720215,2.3889660835266113,2.0961410999298096,2.2533724308013916,2.083944320678711,2.2533934116363525,1.9413564205169678,1.7423450946807861,1.930056095123291,1.7199348211288452,1.954420804977417,1.8425055742263794
B13,6.331090927124023,6.252923011779785,5.889578342437744,5.916280269622803,5.8208746910095215,5.589556694030762,5.763510227203369,5.592905044555664,5.782228469848633,5.527766227722168,5.1723103523254395,5.192989349365234,4.8277058601379395,4.855838298797607,4.496632099151611,2.8245203495025635,2.553483247756958,2.2920422554016113,1.9864524602890015,1.764403223991394,1.4127037525177002,1.2899597883224487,1.0801925659179688,1.0636658668518066,0.818051815032959,0.5100777745246887,0.39068323373794556,0.0,0.36771005392074585,0.5585131049156189,1.8610519170761108,2.131437063217163,2.212526321411133,2.5611162185668945,2.8365981578826904,3.097344398498535,3.430330753326416,3.646693229675293,3.9168832302093506,3.959874153137207,4.030055999755859,4.390903472900391,4.482602596282959,4.837429046630859,4.841843605041504,4.667168617248535,4.482762336730957,4.257368087768555,4.485660076141357,4.345267295837402,4.454782962799072,4.680692672729492,4.4952874183654785,4.846717357635498,4.897002220153809,4.652068138122559,4.90519905090332,4.6861186027526855,4.947333335876465,4.705146789550781,3.4257450103759766,3.2716498374938965,2.8819713592529297,2.7868964672088623,2.666809558868408,2.3881356716156006,2.537637233734131,2.330357313156128,2.5113537311553955,2.2153303623199463,1.9729059934616089,2.1389005184173584,1.9295918941497803,2.115577220916748,1.9618045091629028
B14,6.66171407699585,6.592794418334961,6.231057643890381,6.261457443237305,6.173253536224365,5.942500114440918,6.119150161743164,5.953287601470947,6.141173362731934,5.882891654968262,5.528646945953369,5.548611640930176,5.180842876434326,5.203812599182129,4.843645095825195,3.1753690242767334,2.9079487323760986,2.6539392471313477,2.3401060104370117,2.12217378616333,1.7688405513763428,1.6197830438613892,1.4118698835372925,1.3389999866485596,1.1000617742538452,0.8461707830429077,0.5976463556289673,0.36771005392074585,0.0,0.3968604803085327,2.0195417404174805,2.314467668533325,2.443697452545166,2.7822859287261963,3.0643692016601562,3.3406012058258057,3.65574312210083,3.887247323989868,4.143587112426758,4.203300952911377,4.295629501342773,4.653536319732666,4.762009620666504,5.117987632751465,5.139336585998535,5.0162034034729,4.833082675933838,4.614834308624268,4.846084117889404,4.703349590301514,4.815934181213379,5.037140369415283,4.847139835357666,5.196624279022217,5.25175666809082,5.004556655883789,5.25146484375,5.029358863830566,5.285586357116699,5.035406589508057,3.7073416709899902,3.551316976547241,3.1658523082733154,3.038677930831909,2.9109342098236084,2.6056387424468994,2.7149229049682617,2.494110345840454,2.629767417907715,2.312617778778076,2.058103322982788,2.164983034133911,1.905009150505066,2.0364468097686768,1.8244377374649048
