,A1,A2,A3,A4,A5,A6,A7,A8,A9,A10,A11,A12,A13,A14,A15,B1,B2,B3,B4,B5,B6,B7,B8,B9,B10,B11,B12,B13,B14,B15,C1,C2,C3,C4,C5,C6,C7,C8,C9,C10,C11,C12,C13,C14,C15,D1,D2,D3,D4,D5,D6,D7,D8,D9,D10,D11,D12,D13,D14,D15,E1,E2,E3,E4,E5,E6,E7,E8,E9,E10,E11,E12,E13,E14,E15
A1,0.0,0.39340999722480774,0.6284222602844238,0.9166584610939026,1.2482975721359253,1.4758766889572144,1.7285140752792358,1.9005156755447388,2.217339515686035,2.4395134449005127,2.554448127746582,2.7010703086853027,2.933718204498291,3.0043129920959473,2.849029779434204,2.9249093532562256,3.2953898906707764,3.6293277740478516,3.8817079067230225,4.111893653869629,4.439988613128662,4.711935997009277,4.93223237991333,5.10637092590332,5.304809093475342,5.383986949920654,5.516767978668213,5.534417152404785,5.337706089019775,5.109546184539795,3.584616184234619,3.7055540084838867,3.435429811477661,3.3452610969543457,3.5708978176116943,3.3400070667266846,3.535425901412964,3.829549551010132,4.175899505615234,4.513452529907227,4.748354434967041,5.063535213470459,5.370292663574219,5.602233409881592,5.697004795074463,6.558475971221924,6.544189929962158,6.850036144256592,7.0362019538879395,7.03457498550415,7.345989227294922,7.379067897796631,7.225029468536377,7.283893585205078,7.0632805824279785,6.930945873260498,6.702254295349121,6.3479695320129395,6.079327583312988,6.029625415802002,6.826780796051025,6.92949104309082,7.17435359954834,7.319697856903076,7.344423770904541,7.584197521209717,7.6387786865234375,7.56363582611084,7.779330253601074,7.675759792327881,7.947301864624023,7.873857498168945,8.08914566040039,8.12281322479248,8.161240577697754
A2,0.39340999722480774,0.0,0.3905039131641388,0.6613351106643677,0.9227016568183899,1.2112513780593872,1.4436779022216797,1.5687484741210938,1.8866679668426514,2.0972235202789307,2.19180965423584,2.3211851119995117,2.5486130714416504,2.612032413482666,2.4560458660125732,2.616905689239502,2.9906375408172607,3.3284637928009033,3.5920135974884033,3.811546564102173,4.14086389541626,4.399970054626465,4.615285396575928,4.774285793304443,4.968690395355225,5.041271686553955,5.16193962097168,5.173752784729004,4.969066143035889,4.741679668426514,3.206326961517334,3.329641819000244,3.067918062210083,2.9748353958129883,3.2127442359924316,2.991520881652832,3.2056894302368164,3.5094966888427734,3.858006715774536,4.192080020904541,4.425389289855957,4.742877006530762,5.042088985443115,5.263920307159424,5.346139430999756,6.176413536071777,6.1603546142578125,6.468080520629883,6.651602745056152,6.653253555297852,6.963406562805176,6.999802112579346,6.85036039352417,6.909313201904297,6.692363262176514,6.566925525665283,6.339444637298584,5.985990524291992,5.711824417114258,5.653873443603516,6.437381267547607,6.5417962074279785,6.789916515350342,6.9400811195373535,6.97033166885376,7.2144694328308105,7.275232315063477,7.206947326660156,7.426401615142822,7.328988552093506,7.6028876304626465,7.536494255065918,7.7528462409973145,7.792379379272461,7.836472034454346
A3,0.6284222602844238,0.3905039131641388,0.0,0.37767332792282104,0.6883764266967773,0.9193801283836365,1.1186105012893677,1.2854721546173096,1.6170525550842285,1.825472116470337,1.9564704895019531,2.1348695755004883,2.388070821762085,2.4984028339385986,2.393364429473877,2.6905057430267334,3.0666749477386475,3.408677816390991,3.701397657394409,3.9270224571228027,4.243342399597168,4.492528438568115,4.717223644256592,4.853777885437012,5.053952693939209,5.127779006958008,5.223836421966553,5.232105731964111,5.010385990142822,4.790807247161865,3.22186017036438,3.326711416244507,3.0695114135742188,2.9305386543273926,3.1617026329040527,2.9154176712036133,3.1284291744232178,3.417243719100952,3.748140573501587,4.086060047149658,4.292980194091797,4.625518321990967,4.915145397186279,5.146190643310547,5.22819185256958,6.1010003089904785,6.103079795837402,6.424194812774658,6.6119489669799805,6.63553524017334,6.946286201477051,7.000800132751465,6.869901180267334,6.931840896606445,6.727039813995361,6.6212592124938965,6.395604610443115,6.044309616088867,5.754604339599609,5.670316219329834,6.372879505157471,6.467768669128418,6.7211174964904785,6.880012035369873,6.910473823547363,7.166763782501221,7.242740154266357,7.190857887268066,7.426362991333008,7.346842288970947,7.632695198059082,7.584404945373535,7.81207275390625,7.8683085441589355,7.928821086883545
A4,0.9166584610939026,0.6613351106643677,0.37767332792282104,0.0,0.3885231912136078,0.5628913044929504,0.8289685249328613,1.0379098653793335,1.3242149353027344,1.581836223602295,1.7591958045959473,1.9461530447006226,2.1732676029205322,2.319385290145874,2.2491724491119385,2.470644950866699,2.8439271450042725,3.185145616531372,3.4984517097473145,3.7405354976654053,4.039278507232666,4.289830207824707,4.5324225425720215,4.662075996398926,4.877957820892334,4.970099449157715,5.05772590637207,5.082874774932861,4.863328456878662,4.666530132293701,3.1402087211608887,3.268341541290283,3.04500150680542,2.899364471435547,3.1563775539398193,2.9265940189361572,3.16943621635437,3.463599920272827,3.786100387573242,4.117439270019531,4.3068413734436035,4.6484832763671875,4.919689655303955,5.137399673461914,5.195676803588867,6.000990867614746,5.997329235076904,6.3241119384765625,6.496578693389893,6.526514530181885,6.826129913330078,6.881637096405029,6.756241321563721,6.803340435028076,6.596297740936279,6.498367786407471,6.261578559875488,5.908533573150635,5.607645034790039,5.510105609893799,6.235550880432129,6.3416032791137695,6.610307216644287,6.788304805755615,6.836760997772217,7.105991840362549,7.198792934417725,7.163740634918213,7.406017780303955,7.338282108306885,7.6257452964782715,7.588362693786621,7.813040733337402,7.87479305267334,7.9387736320495605
A5,1.2482975721359253,0.9227016568183899,0.6883764266967773,0.3885231912136078,0.0,0.3843883275985718,0.5895901918411255,0.7110167145729065,0.979201078414917,1.2401410341262817,1.4081828594207764,1.577581763267517,1.7900084257125854,1.9440268278121948,1.8917173147201538,2.2059123516082764,2.574228286743164,2.914159059524536,3.241316318511963,3.472522258758545,3.764941453933716,3.9994640350341797,4.238903522491455,4.349618434906006,4.563431739807129,4.652085304260254,4.724236965179443,4.746774196624756,4.519985198974609,4.330478668212891,2.815885305404663,2.950680732727051,2.750203847885132,2.59906268119812,2.8730480670928955,2.6617159843444824,2.929102659225464,3.229818344116211,3.547837734222412,3.870229959487915,4.051990509033203,4.3954315185546875,4.652773380279541,4.855596542358398,4.895040035247803,5.649625778198242,5.6427741050720215,5.971994400024414,6.138062000274658,6.172564506530762,6.467932224273682,6.526821613311768,6.407437801361084,6.451435089111328,6.248127460479736,6.159103870391846,5.921969413757324,5.570598125457764,5.262532711029053,5.1534929275512695,5.867835521697998,5.978001117706299,6.252956390380859,6.439598560333252,6.49742317199707,6.773062229156494,6.875146865844727,6.850285530090332,7.096755027770996,7.0374298095703125,7.326457977294922,7.2979817390441895,7.522193431854248,7.590250015258789,7.6598992347717285
A6,1.4758766889572144,1.2112513780593872,0.9193801283836365,0.5628913044929504,0.3843883275985718,0.0,0.3807700574398041,0.6643394827842712,0.8464629054069519,1.1600571870803833,1.415834903717041,1.6352474689483643,1.836389183998108,2.0521233081817627,2.063244104385376,2.334117889404297,2.6896605491638184,3.022003650665283,3.3695406913757324,3.619626045227051,3.887350559234619,4.1221795082092285,4.3808913230896,4.481185436248779,4.710347652435303,4.815980434417725,4.873932361602783,4.9096174240112305,4.68079948425293,4.513347148895264,3.0367591381073,3.1717581748962402,2.9944772720336914,2.8179306983947754,3.0906126499176025,2.8734278678894043,3.1419477462768555,3.426422357559204,3.7226977348327637,4.041379451751709,4.194020748138428,4.548389434814453,4.789491176605225,4.993316173553467,5.023308753967285,5.770547389984131,5.772169589996338,6.110733985900879,6.269264221191406,6.319852352142334,6.606964588165283,6.675600528717041,6.569427490234375,6.604552268981934,6.405991077423096,6.3309221267700195,6.087614059448242,5.737852573394775,5.4176836013793945,5.288664817810059,5.971973896026611,6.0824666023254395,6.368330955505371,6.570286273956299,6.637420177459717,6.9259257316589355,7.0451226234436035,7.038078784942627,7.295886993408203,7.252119064331055,7.547136306762695,7.5329813957214355,7.760679721832275,7.838902473449707,7.91724967956543
A7,1.7285140752792358,1.4436779022216797,1.1186105012893677,0.8289685249328613,0.5895901918411255,0.3807700574398041,0.0,0.3688037693500519,0.5885443687438965,0.8414934277534485,1.1149635314941406,1.383466362953186,1.6233062744140625,1.86862313747406,1.9270762205123901,2.4644904136657715,2.80802583694458,3.134121894836426,3.4909591674804688,3.7184276580810547,3.981152057647705,4.18991231918335,4.434995651245117,4.5051140785217285,4.721233367919922,4.807962894439697,4.837918758392334,4.853102684020996,4.603079795837402,4.430891990661621,2.920571804046631,3.0200393199920654,2.842397928237915,2.6258678436279297,2.8782615661621094,2.643770456314087,2.9026267528533936,3.1679277420043945,3.4444167613983154,3.760291814804077,3.8919012546539307,4.252694129943848,4.4850873947143555,4.694591999053955,4.72714900970459,5.52522611618042,5.546721458435059,5.893761157989502,6.063176155090332,6.1328125,6.425058841705322,6.5123395919799805,6.424189567565918,6.472012996673584,6.290698051452637,6.234596252441406,6.003700256347656,5.661131858825684,5.332934379577637,5.182388782501221,5.754235744476318,5.848845958709717,6.130850791931152,6.331594944000244,6.391485691070557,6.685024738311768,6.811830043792725,6.814576625823975,7.084014892578125,7.0538859367370605,7.358518123626709,7.358895301818848,7.597869396209717,7.691103935241699,7.785250663757324
A8,1.9005156755447388,1.5687484741210938,1.2854721546173096,1.0379098653793335,0.7110167145729065,0.6643394827842712,0.3688037693500519,0.0,0.3850724697113037,0.5456708669662476,0.7637304663658142,1.0209678411483765,1.2796764373779297,1.5162545442581177,1.584182620048523,2.3253214359283447,2.658435821533203,2.978987693786621,3.333249092102051,3.532942295074463,3.799208402633667,3.9856996536254883,4.211915969848633,4.262985706329346,4.463643550872803,4.531655788421631,4.547811985015869,4.5464701652526855,4.2852606773376465,4.105376243591309,2.5785796642303467,2.6661570072174072,2.495148181915283,2.2707436084747314,2.5266289710998535,2.3035731315612793,2.5756285190582275,2.8458805084228516,3.122389316558838,3.4317266941070557,3.5659451484680176,3.923969268798828,4.151838302612305,4.351580619812012,4.376264572143555,5.159707069396973,5.181371688842773,5.528102874755859,5.701010227203369,5.7718281745910645,6.067343711853027,6.158214092254639,6.073507308959961,6.128465175628662,5.953505516052246,5.9028825759887695,5.679941177368164,5.341006278991699,5.012132167816162,4.8565802574157715,5.396250247955322,5.48798942565918,5.767167568206787,5.965221881866455,6.024112701416016,6.316860198974609,6.443380355834961,6.4468464851379395,6.71688175201416,6.688782215118408,6.994307994842529,6.9979777336120605,7.238357067108154,7.335384368896484,7.433924674987793
A9,2.217339515686035,1.8866679668426514,1.6170525550842285,1.3242149353027344,0.979201078414917,0.8464629054069519,0.5885443687438965,0.3850724697113037,0.0,0.3759266138076782,0.6904261708259583,0.9265449047088623,1.1048945188522339,1.4006832838058472,1.5368528366088867,2.2120087146759033,2.518559217453003,2.8228447437286377,3.1925504207611084,3.397648334503174,3.6364200115203857,3.8128960132598877,4.051443576812744,4.086172580718994,4.298616886138916,4.382349491119385,4.38299036026001,4.397373199462891,4.138668537139893,3.987945318222046,2.5539467334747314,2.6630852222442627,2.544318675994873,2.3226709365844727,2.5961763858795166,2.4088692665100098,2.702308416366577,2.966749906539917,3.222801685333252,3.5126967430114746,3.623361587524414,3.981903314590454,4.182450294494629,4.360547065734863,4.354863166809082,5.043000221252441,5.057986736297607,5.408475399017334,5.562498092651367,5.641191482543945,5.922011852264404,6.014756679534912,5.9384331703186035,5.977436065673828,5.8030829429626465,5.763947010040283,5.531949996948242,5.195119380950928,4.855566024780273,4.682997703552246,5.233761310577393,5.337404251098633,5.6324286460876465,5.851274490356445,5.930648326873779,6.236039161682129,6.3808913230896,6.40356969833374,6.67915678024292,6.6647047996521,6.969818115234375,6.9859089851379395,7.221560478210449,7.324516773223877,7.426859378814697
A10,2.4395134449005127,2.0972235202789307,1.825472116470337,1.581836223602295,1.2401410341262817,1.1600571870803833,0.8414934277534485,0.5456708669662476,0.3759266138076782,0.0,0.3674548864364624,0.6736886501312256,0.9144943356513977,1.2243037223815918,1.409637212753296,2.385798931121826,2.6738429069519043,2.9655628204345703,3.3287858963012695,3.500276803970337,3.738187551498413,3.884397268295288,4.098212242126465,4.10335636138916,4.293484210968018,4.349369525909424,4.323414325714111,4.309701919555664,4.02945613861084,3.86716890335083,2.4023892879486084,2.465482473373413,2.345722198486328,2.0855348110198975,2.332080841064453,2.134002208709717,2.4162514209747314,2.660515546798706,2.896406412124634,3.1799936294555664,3.2739603519439697,3.6354241371154785,3.828503131866455,4.009729862213135,4.007020473480225,4.749676704406738,4.784141540527344,5.140802383422852,5.309282302856445,5.403924465179443,5.692765235900879,5.802917003631592,5.742509841918945,5.798603057861328,5.642511367797852,5.620036602020264,5.405033588409424,5.077455043792725,4.7349162101745605,4.545617580413818,4.9769206047058105,5.062434673309326,5.349420547485352,5.561962604522705,5.630664825439453,5.937554836273193,6.0855207443237305,6.113633632659912,6.398104667663574,6.39388370513916,6.707059383392334,6.734635353088379,6.980777263641357,7.096634387969971,7.2130842208862305
A11,2.554448127746582,2.19180965423584,1.9564704895019531,1.7591958045959473,1.4081828594207764,1.415834903717041,1.1149635314941406,0.7637304663658142,0.6904261708259583,0.3674548864364624,0.0,0.3565742075443268,0.6808776259422302,0.9446527361869812,1.1344243288040161,2.3687243461608887,2.643368721008301,2.9260189533233643,3.2726118564605713,3.4081878662109375,3.6558098793029785,3.7785704135894775,3.9638493061065674,3.9528846740722656,4.118872165679932,4.146533012390137,4.109846115112305,4.070428371429443,3.7769641876220703,3.595459461212158,2.0902228355407715,2.124736785888672,2.0004944801330566,1.7268401384353638,1.9681670665740967,1.7785639762878418,2.0694339275360107,2.3185389041900635,2.558228015899658,2.8372669219970703,2.942413330078125,3.2987191677093506,3.4949121475219727,3.670356273651123,3.6678130626678467,4.4250874519348145,4.461853981018066,4.816713333129883,4.996330261230469,5.089141845703125,5.387247562408447,5.500631332397461,5.441012382507324,5.511302471160889,5.362562656402588,5.342210292816162,5.140388011932373,4.8172993659973145,4.479079246520996,4.290646076202393,4.678377151489258,4.756222724914551,5.033966541290283,5.235593795776367,5.295773029327393,5.597073554992676,5.737860202789307,5.759641647338867,6.04257869720459,6.035556316375732,6.349677085876465,6.3763651847839355,6.625494480133057,6.743280410766602,6.863069534301758
A12,2.7010703086853027,2.3211851119995117,2.1348695755004883,1.9461530447006226,1.577581763267517,1.6352474689483643,1.383466362953186,1.0209678411483765,0.9265449047088623,0.6736886501312256,0.3565742075443268,0.0,0.37250420451164246,0.5896486043930054,0.8022130131721497,2.175280809402466,2.425793409347534,2.6931746006011963,3.0263376235961914,3.135052442550659,3.3827075958251953,3.4872965812683105,3.6555073261260986,3.6339802742004395,3.7881908416748047,3.8046624660491943,3.764291763305664,3.718259334564209,3.423165798187256,3.239020586013794,1.7496206760406494,1.8004671335220337,1.7086282968521118,1.4606915712356567,1.7351096868515015,1.6032426357269287,1.9277645349502563,2.1961467266082764,2.4440112113952637,2.705042600631714,2.8266773223876953,3.168102979660034,3.3566768169403076,3.5052645206451416,3.480729341506958,4.14592170715332,4.164172172546387,4.513214111328125,4.685224533081055,4.766025066375732,5.062492847442627,5.166840076446533,5.099506855010986,5.166994094848633,5.01371431350708,4.989079475402832,4.7868452072143555,4.463096618652344,4.126608371734619,3.9429879188537598,4.37719202041626,4.467101573944092,4.747988224029541,4.951623916625977,5.021082401275635,5.320211887359619,5.458529472351074,5.477610111236572,5.753541946411133,5.741450786590576,6.049515724182129,6.072137355804443,6.313727378845215,6.426625728607178,6.541373252868652
A13,2.933718204498291,2.5486130714416504,2.388070821762085,2.1732676029205322,1.7900084257125854,1.836389183998108,1.6233062744140625,1.2796764373779297,1.1048945188522339,0.9144943356513977,0.6808776259422302,0.37250420451164246,0.0,0.3673537075519562,0.6816332340240479,1.9745292663574219,2.184998035430908,2.427412509918213,2.7602341175079346,2.857677698135376,3.084366798400879,3.172952651977539,3.3423917293548584,3.306325912475586,3.4658682346343994,3.492710590362549,3.4434814453125,3.4120798110961914,3.1229193210601807,2.9644968509674072,1.5981934070587158,1.699142336845398,1.6859670877456665,1.4897717237472534,1.794441819190979,1.7404457330703735,2.085651159286499,2.3552348613739014,2.5900208950042725,2.8204281330108643,2.9358510971069336,3.260885000228882,3.4229907989501953,3.535011053085327,3.4719746112823486,3.976449966430664,3.97041392326355,4.315619945526123,4.462830066680908,4.536686420440674,4.81801700592041,4.912563800811768,4.8418989181518555,4.890424728393555,4.729410648345947,4.706158638000488,4.492012977600098,4.166723251342773,3.8233802318573,3.6336448192596436,4.144211292266846,4.257311820983887,4.5546956062316895,4.777257919311523,4.871807098388672,5.177715301513672,5.32692289352417,5.35708475112915,5.628915786743164,5.620763778686523,5.921091079711914,5.946865558624268,6.176200866699219,6.286242485046387,6.396143436431885
A14,3.0043129920959473,2.612032413482666,2.4984028339385986,2.319385290145874,1.9440268278121948,2.0521233081817627,1.86862313747406,1.5162545442581177,1.4006832838058472,1.2243037223815918,0.9446527361869812,0.5896486043930054,0.3673537075519562,0.0,0.36733102798461914,1.8991289138793945,2.090115547180176,2.318956136703491,2.6209981441497803,2.67897367477417,2.921643018722534,2.992297410964966,3.1304032802581787,3.0907270908355713,3.22601056098938,3.2266528606414795,3.18224835395813,3.1302762031555176,2.836376428604126,2.6528055667877197,1.2314393520355225,1.344645380973816,1.3481485843658447,1.196185827255249,1.5284913778305054,1.5320531129837036,1.894242525100708,2.1825246810913086,2.433468818664551,2.651339054107666,2.7976937294006348,3.102053165435791,3.270728588104248,3.365238666534424,3.297302722930908,3.7552883625030518,3.732059955596924,4.06662654876709,4.217441558837891,4.271942138671875,4.560844421386719,4.643860816955566,4.559101104736328,4.6154351234436035,4.4493889808654785,4.414034843444824,4.206119060516357,3.8789968490600586,3.5450518131256104,3.3729300498962402,3.9280948638916016,4.0464186668396,4.335297107696533,4.545434951782227,4.636721134185791,4.931203365325928,5.065678596496582,5.080737113952637,5.341100215911865,5.3190484046936035,5.612931728363037,5.626928806304932,5.851047039031982,5.952561855316162,6.055182933807373
A15,2.849029779434204,2.4560458660125732,2.393364429473877,2.2491724491119385,1.8917173147201538,2.063244104385376,1.9270762205123901,1.584182620048523,1.5368528366088867,1.409637212753296,1.1344243288040161,0.8022130131721497,0.6816332340240479,0.36733102798461914,0.0,1.7496833801269531,1.95562744140625,2.1953516006469727,2.472047805786133,2.5178213119506836,2.7931902408599854,2.8771376609802246,3.0013198852539062,2.990212917327881,3.1158790588378906,3.1067006587982178,3.0961270332336426,3.0395801067352295,2.7585859298706055,2.545138359069824,1.0181387662887573,1.1762326955795288,1.139930009841919,1.0630204677581787,1.429787278175354,1.4556595087051392,1.8265724182128906,2.1475558280944824,2.436147689819336,2.662216901779175,2.853085517883301,3.141679525375366,3.335304021835327,3.4299538135528564,3.376741409301758,3.827352285385132,3.7844815254211426,4.102304935455322,4.256471157073975,4.281793117523193,4.577586650848389,4.639359951019287,4.529327392578125,4.589100360870361,4.407499313354492,4.345014572143555,4.136239051818848,3.801135540008545,3.4846723079681396,3.349926471710205,4.006524085998535,4.131537437438965,4.407769680023193,4.599521636962891,4.682462215423584,4.959061145782471,5.0699920654296875,5.059701919555664,5.3021721839904785,5.2557573318481445,5.539389610290527,5.530295372009277,5.746258735656738,5.829754829406738,5.9157257080078125
B1,2.9249093532562256,2.616905689239502,2.6905057430267334,2.470644950866699,2.2059123516082764,2.334117889404297,2.4644904136657715,2.3253214359283447,2.2120087146759033,2.385798931121826,2.3687243461608887,2.175280809402466,1.9745292663574219,1.8991289138793945,1.7496833801269531,0.0,0.37624940276145935,0.7182071208953857,1.0376875400543213,1.3008538484573364,1.5729433298110962,1.8429151773452759,2.1221816539764404,2.2973427772521973,2.563037633895874,2.7470366954803467,2.8992483615875244,3.043572187423706,2.9429759979248047,2.8709073066711426,2.156773805618286,2.521944522857666,2.580564260482788,2.6907174587249756,3.066925525665283,3.138011932373047,3.500430107116699,3.843100070953369,4.153838157653809,4.370499610900879,4.579887866973877,4.845530986785889,5.026583671569824,5.077991485595703,4.978564262390137,5.008083820343018,4.854419231414795,5.113554954528809,5.154109954833984,5.092086315155029,5.304992198944092,5.26131010055542,5.072486400604248,5.011717796325684,4.734086513519287,4.586091995239258,4.281331539154053,3.918703556060791,3.6415793895721436,3.6128976345062256,4.925629615783691,5.153655052185059,5.4686503410339355,5.702682018280029,5.861892223358154,6.127038478851318,6.235286712646484,6.219070911407471,6.4044270515441895,6.32130241394043,6.542375564575195,6.48624324798584,6.623531341552734,6.637653350830078,6.6442551612854
B2,3.2953898906707764,2.9906375408172607,3.0666749477386475,2.8439271450042725,2.574228286743164,2.6896605491638184,2.80802583694458,2.658435821533203,2.518559217453003,2.6738429069519043,2.643368721008301,2.425793409347534,2.184998035430908,2.090115547180176,1.95562744140625,0.37624940276145935,0.0,0.34238091111183167,0.6853044629096985,0.9644215106964111,1.207653284072876,1.4839833974838257,1.7819713354110718,1.967128038406372,2.2503368854522705,2.4640274047851562,2.6279220581054688,2.8052873611450195,2.738152503967285,2.706035614013672,2.233616828918457,2.6147923469543457,2.7221851348876953,2.8608200550079346,3.2332422733306885,3.341465711593628,3.704887866973877,4.040544509887695,4.338369369506836,4.5335917472839355,4.7371907234191895,4.987905502319336,5.1502485275268555,5.175983428955078,5.052788257598877,4.948070049285889,4.770392417907715,5.01387357711792,5.027039527893066,4.950615406036377,5.141965866088867,5.080574035644531,4.883444786071777,4.799071788787842,4.510312557220459,4.355930328369141,4.038127899169922,3.678342819213867,3.4084551334381104,3.3925366401672363,4.803772926330566,5.051945209503174,5.372856140136719,5.616593360900879,5.795326232910156,6.05852746963501,6.171035289764404,6.161271572113037,6.3364033699035645,6.254146099090576,6.462128639221191,6.4057936668396,6.526721954345703,6.534030914306641,6.531857013702393
B3,3.6293277740478516,3.3284637928009033,3.408677816390991,3.185145616531372,2.914159059524536,3.022003650665283,3.134121894836426,2.978987693786621,2.8228447437286377,2.9655628204345703,2.9260189533233643,2.6931746006011963,2.427412509918213,2.318956136703491,2.1953516006469727,0.7182071208953857,0.34238091111183167,0.0,0.3901243209838867,0.6888428926467896,0.880891740322113,1.1692280769348145,1.4896492958068848,1.6901675462722778,1.9913108348846436,2.2373132705688477,2.4155595302581787,2.6271538734436035,2.5977463722229004,2.6059982776641846,2.365354061126709,2.753309488296509,2.897740602493286,3.059159994125366,3.4250166416168213,3.5621259212493896,3.923787832260132,4.252597808837891,4.539376258850098,4.716277122497559,4.915323734283447,5.152063369750977,5.298652172088623,5.302377700805664,5.159662246704102,4.935268402099609,4.735592842102051,4.962421894073486,4.949689865112305,4.8586297035217285,5.028497219085693,4.949105739593506,4.743459701538086,4.636110305786133,4.336670398712158,4.174982070922852,3.845400810241699,3.490450620651245,3.231442451477051,3.2311313152313232,4.734065055847168,5.000227928161621,5.324716091156006,5.57579231262207,5.771622657775879,6.031324863433838,6.1464009284973145,6.14154577255249,6.30577278137207,6.223442554473877,6.417987823486328,6.360434532165527,6.46513557434082,6.464934825897217,6.453415393829346
B4,3.8817079067230225,3.5920135974884033,3.701397657394409,3.4984517097473145,3.241316318511963,3.3695406913757324,3.4909591674804688,3.333249092102051,3.1925504207611084,3.3287858963012695,3.2726118564605713,3.0263376235961914,2.7602341175079346,2.6209981441497803,2.472047805786133,1.0376875400543213,0.6853044629096985,0.3901243209838867,0.0,0.37608224153518677,0.5787211060523987,0.911592960357666,1.2206966876983643,1.48214852809906,1.7779273986816406,2.0417678356170654,2.2666513919830322,2.502070188522339,2.5232694149017334,2.5484066009521484,2.5092644691467285,2.901440382003784,3.060737133026123,3.2611300945281982,3.6168596744537354,3.7802350521087646,4.133631706237793,4.4614129066467285,4.7485198974609375,4.911883354187012,5.1225714683532715,5.34020471572876,5.483968734741211,5.471008777618408,5.321239948272705,5.00698184967041,4.782573223114014,4.98415994644165,4.953522205352783,4.834036350250244,4.9888763427734375,4.881770133972168,4.6543426513671875,4.531286239624023,4.215521335601807,4.0289106369018555,3.693185329437256,3.3431670665740967,3.115168571472168,3.1586170196533203,4.770220756530762,5.0500383377075195,5.366264343261719,5.609719753265381,5.8121018409729,6.056576251983643,6.159059047698975,6.143430709838867,6.286492347717285,6.190026760101318,6.3649001121521,6.292120456695557,6.376199722290039,6.357226371765137,6.325847625732422
B5,4.111893653869629,3.811546564102173,3.9270224571228027,3.7405354976654053,3.472522258758545,3.619626045227051,3.7184276580810547,3.532942295074463,3.397648334503174,3.500276803970337,3.4081878662109375,3.135052442550659,2.857677698135376,2.67897367477417,2.5178213119506836,1.3008538484573364,0.9644215106964111,0.6888428926467896,0.37608224153518677,0.0,0.37751004099845886,0.6352874636650085,0.8833551406860352,1.159241795539856,1.43179452419281,1.6846815347671509,1.9301053285598755,2.1667377948760986,2.212736129760742,2.2462587356567383,2.4029860496520996,2.79099440574646,2.9796013832092285,3.2119476795196533,3.551736831665039,3.7493553161621094,4.0927605628967285,4.411057472229004,4.687573432922363,4.829170227050781,5.043315410614014,5.239012241363525,5.372257709503174,5.338350296020508,5.177577495574951,4.778556823730469,4.536292552947998,4.718842506408691,4.677794456481934,4.539829730987549,4.687626361846924,4.565495014190674,4.326248645782471,4.199644088745117,3.8774731159210205,3.6790993213653564,3.3440914154052734,2.9955074787139893,2.78312611579895,2.852389335632324,4.520430088043213,4.80743408203125,5.115039348602295,5.350955963134766,5.557070255279541,5.7902021408081055,5.884590148925781,5.863553524017334,5.9934258460998535,5.890771865844727,6.0539469718933105,5.975618362426758,6.048477649688721,6.022426128387451,5.984102249145508
B6,4.439988613128662,4.14086389541626,4.243342399597168,4.039278507232666,3.764941453933716,3.887350559234619,3.981152057647705,3.799208402633667,3.6364200115203857,3.738187551498413,3.6558098793029785,3.3827075958251953,3.084366798400879,2.921643018722534,2.7931902408599854,1.5729433298110962,1.207653284072876,0.880891740322113,0.5787211060523987,0.37751004099845886,0.0,0.36120060086250305,0.6991655826568604,0.9812494516372681,1.2940683364868164,1.6078600883483887,1.8468589782714844,2.133125066757202,2.2209630012512207,2.3178658485412598,2.6691088676452637,3.0510947704315186,3.266927480697632,3.493046998977661,3.8285045623779297,4.036798000335693,4.381351470947266,4.690511226654053,4.952185153961182,5.080521106719971,5.27904748916626,5.469553470611572,5.583388805389404,5.532412528991699,5.351273059844971,4.843116283416748,4.5863566398620605,4.757043838500977,4.685498237609863,4.544096946716309,4.662778377532959,4.529000282287598,4.292017459869385,4.1349358558654785,3.807605504989624,3.6142711639404297,3.2653143405914307,2.930055618286133,2.7247555255889893,2.794105052947998,4.519944667816162,4.823723793029785,5.139784336090088,5.3908867835998535,5.618146896362305,5.854296684265137,5.960718154907227,5.954937934875488,6.080629825592041,5.987922668457031,6.141186714172363,6.0711188316345215,6.130413055419922,6.10394287109375,6.062705039978027
B7,4.711935997009277,4.399970054626465,4.492528438568115,4.289830207824707,3.9994640350341797,4.1221795082092285,4.18991231918335,3.9856996536254883,3.8128960132598877,3.884397268295288,3.7785704135894775,3.4872965812683105,3.172952651977539,2.992297410964966,2.8771376609802246,1.8429151773452759,1.4839833974838257,1.1692280769348145,0.911592960357666,0.6352874636650085,0.36120060086250305,0.0,0.3797214925289154,0.6284118294715881,0.9517948627471924,1.2867834568023682,1.5172585248947144,1.8249160051345825,1.9419236183166504,2.079538345336914,2.6530637741088867,3.02052903175354,3.27010178565979,3.5069987773895264,3.8255341053009033,4.060661792755127,4.39674711227417,4.690730094909668,4.933207988739014,5.038112163543701,5.226894855499268,5.399600505828857,5.493908882141113,5.420153617858887,5.221160888671875,4.608270645141602,4.336332321166992,4.491247177124023,4.400485992431641,4.250543117523193,4.35288143157959,4.209709167480469,3.9716780185699463,3.801663637161255,3.472363233566284,3.281658411026001,2.9283382892608643,2.599468469619751,2.3994247913360596,2.476043939590454,4.2442731857299805,4.558091640472412,4.872496128082275,5.126511573791504,5.3654608726501465,5.5976667404174805,5.707354545593262,5.708758354187012,5.827981472015381,5.740719318389893,5.885548114776611,5.821369171142578,5.871585845947266,5.846676826477051,5.8065009117126465
B8,4.93223237991333,4.615285396575928,4.717223644256592,4.5324225425720215,4.238903522491455,4.3808913230896,4.434995651245117,4.211915969848633,4.051443576812744,4.098212242126465,3.9638493061065674,3.6555073261260986,3.3423917293548584,3.1304032802581787,3.0013198852539062,2.1221816539764404,1.7819713354110718,1.4896492958068848,1.2206966876983643,0.8833551406860352,0.6991655826568604,0.3797214925289154,0.0,0.37119361758232117,0.6211729645729065,0.9515247344970703,1.2253072261810303,1.538172721862793,1.7034246921539307,1.8553372621536255,2.6461856365203857,2.99627685546875,3.2639784812927246,3.5279042720794678,3.8244998455047607,4.08709192276001,4.407763957977295,4.6900739669799805,4.921737194061279,5.00532341003418,5.198531627655029,5.347045421600342,5.432366847991943,5.3389811515808105,5.132657051086426,4.437693119049072,4.146777153015137,4.276052951812744,4.1740264892578125,3.999870538711548,4.09294319152832,3.9292643070220947,3.674659252166748,3.5001883506774902,3.161818027496338,2.9523112773895264,2.6004292964935303,2.276162624359131,2.1062803268432617,2.2264392375946045,4.054476737976074,4.373727321624756,4.673780918121338,4.915014743804932,5.155314922332764,5.371267795562744,5.468667507171631,5.461373805999756,5.5630388259887695,5.4667439460754395,5.596130847930908,5.523477077484131,5.5592732429504395,5.524133682250977,5.473943710327148
B9,5.10637092590332,4.774285793304443,4.853777885437012,4.662075996398926,4.349618434906006,4.481185436248779,4.5051140785217285,4.262985706329346,4.086172580718994,4.10335636138916,3.9528846740722656,3.6339802742004395,3.306325912475586,3.0907270908355713,2.990212917327881,2.2973427772521973,1.967128038406372,1.6901675462722778,1.48214852809906,1.159241795539856,0.9812494516372681,0.6284118294715881,0.37119361758232117,0.0,0.3503606617450714,0.7079132795333862,0.9101616740226746,1.247253179550171,1.4189602136611938,1.6246832609176636,2.585395574569702,2.9133667945861816,3.2119150161743164,3.466931104660034,3.7472574710845947,4.026313304901123,4.340007781982422,4.60415506362915,4.812371253967285,4.875340938568115,5.049944877624512,5.187549114227295,5.250608921051025,5.1389031410217285,4.914384365081787,4.137380123138428,3.840735912322998,3.9662468433380127,3.8494646549224854,3.682208299636841,3.7639636993408203,3.6060729026794434,3.3642139434814453,3.182008743286133,2.850558280944824,2.6632425785064697,2.306781768798828,1.983755111694336,1.7911198139190674,1.8874115943908691,3.7196767330169678,4.045664310455322,4.350751876831055,4.602242946624756,4.8547868728637695,5.076381683349609,5.186643600463867,5.195662975311279,5.303162097930908,5.222859859466553,5.354775905609131,5.29947566986084,5.337584018707275,5.316870212554932,5.28124475479126
B10,5.304809093475342,4.968690395355225,5.053952693939209,4.877957820892334,4.563431739807129,4.710347652435303,4.721233367919922,4.463643550872803,4.298616886138916,4.293484210968018,4.118872165679932,3.7881908416748047,3.4658682346343994,3.22601056098938,3.1158790588378906,2.563037633895874,2.2503368854522705,1.9913108348846436,1.7779273986816406,1.43179452419281,1.2940683364868164,0.9517948627471924,0.6211729645729065,0.3503606617450714,0.0,0.3807506859302521,0.6314350962638855,0.9721792340278625,1.2052876949310303,1.4300936460494995,2.6013669967651367,2.9037554264068604,3.2156805992126465,3.490347385406494,3.74566912651062,4.047458648681641,4.343445777893066,4.593326091766357,4.788426876068115,4.829969882965088,5.006433963775635,5.1199870109558105,5.173159122467041,5.042808532714844,4.812018871307373,3.9586198329925537,3.6449294090270996,3.7443902492523193,3.617663860321045,3.427124500274658,3.500864267349243,3.324093818664551,3.066598653793335,2.8825113773345947,2.542938232421875,2.33809232711792,1.983391523361206,1.662495732307434,1.5007448196411133,1.6466447114944458,3.525844097137451,3.854830265045166,4.143922328948975,4.38157320022583,4.634281635284424,4.839829444885254,4.938449859619141,4.939838409423828,5.03136682510376,4.94388484954834,5.062086582183838,5.000672340393066,5.026597023010254,4.99861478805542,4.956335067749023
B11,5.383986949920654,5.041271686553955,5.127779006958008,4.970099449157715,4.652085304260254,4.815980434417725,4.807962894439697,4.531655788421631,4.382349491119385,4.349369525909424,4.146533012390137,3.8046624660491943,3.492710590362549,3.2266528606414795,3.1067006587982178,2.7470366954803467,2.4640274047851562,2.2373132705688477,2.0417678356170654,1.6846815347671509,1.6078600883483887,1.2867834568023682,0.9515247344970703,0.7079132795333862,0.3807506859302521,0.0,0.37447062134742737,0.6433590650558472,0.9166791439056396,1.133366584777832,2.4815337657928467,2.7515506744384766,3.073976755142212,3.3648147583007812,3.591752052307129,3.914362907409668,4.190091609954834,4.423971176147461,4.605418682098389,4.626645088195801,4.805705547332764,4.896418571472168,4.942784309387207,4.798129558563232,4.5659637451171875,3.676281213760376,3.353212833404541,3.4356086254119873,3.3148748874664307,3.107064962387085,3.1909451484680176,3.007267951965332,2.737262010574341,2.5726983547210693,2.2316842079162598,2.0136170387268066,1.670566439628601,1.3352605104446411,1.18686044216156,1.3775771856307983,3.259464740753174,3.582803726196289,3.854353666305542,4.073972702026367,4.318455219268799,4.5104594230651855,4.596103191375732,4.587062358856201,4.669480323791504,4.574876308441162,4.688625335693359,4.62280797958374,4.6476054191589355,4.618895530700684,4.578110694885254
B12,5.516767978668213,5.16193962097168,5.223836421966553,5.05772590637207,4.724236965179443,4.873932361602783,4.837918758392334,4.547811985015869,4.38299036026001,4.323414325714111,4.109846115112305,3.764291763305664,3.4434814453125,3.18224835395813,3.0961270332336426,2.8992483615875244,2.6279220581054688,2.4155595302581787,2.2666513919830322,1.9301053285598755,1.8468589782714844,1.5172585248947144,1.2253072261810303,0.9101616740226746,0.6314350962638855,0.37447062134742737,0.0,0.3764159679412842,0.6595932245254517,0.9714196920394897,2.453739881515503,2.692453384399414,3.0395147800445557,3.3094849586486816,3.517827033996582,3.8495211601257324,4.116747856140137,4.329750061035156,4.484858512878418,4.486270427703857,4.641875743865967,4.723945617675781,4.746096611022949,4.584650039672852,4.333750247955322,3.365295648574829,3.0391907691955566,3.123581886291504,2.988943338394165,2.7962257862091064,2.8723561763763428,2.7043139934539795,2.4565908908843994,2.2887346744537354,1.961762547492981,1.7863147258758545,1.4405478239059448,1.099745273590088,0.8838434815406799,1.0233819484710693,2.913102626800537,3.2433674335479736,3.5242414474487305,3.758970022201538,4.017265796661377,4.220739364624023,4.325282096862793,4.338465690612793,4.434231758117676,4.362558841705322,4.485612392425537,4.444854259490967,4.479202747344971,4.4734954833984375,4.456304550170898
B13,5.534417152404785,5.173752784729004,5.232105731964111,5.082874774932861,4.746774196624756,4.9096174240112305,4.853102684020996,4.5464701652526855,4.397373199462891,4.309701919555664,4.070428371429443,3.718259334564209,3.4120798110961914,3.1302762031555176,3.0395801067352295,3.043572187423706,2.8052873611450195,2.6271538734436035,2.502070188522339,2.1667377948760986,2.133125066757202,1.8249160051345825,1.538172721862793,1.247253179550171,0.9721792340278625,0.6433590650558472,0.3764159679412842,0.0,0.3684871792793274,0.6751755475997925,2.306553602218628,2.503032684326172,2.857326030731201,3.134139060974121,3.310925006866455,3.6590023040771484,3.904280185699463,4.098679065704346,4.237760543823242,4.219513416290283,4.374908447265625,4.436398983001709,4.451769828796387,4.278599262237549,4.0275959968566895,3.0452628135681152,2.715266466140747,2.792330265045166,2.675337314605713,2.4739487171173096,2.5759897232055664,2.4158706665039062,2.1642134189605713,2.0365982055664062,1.7216519117355347,1.551570177078247,1.2379511594772339,0.8762041926383972,0.6275380849838257,0.7884113192558289,2.6292169094085693,2.948138952255249,3.2133405208587646,3.430630922317505,3.676924705505371,3.8725008964538574,3.9672646522521973,3.9720540046691895,4.067768573760986,3.993170738220215,4.121772766113281,4.082350254058838,4.126531600952148,4.1291184425354,4.123513221740723
B14,5.337706089019775,4.969066143035889,5.010385990142822,4.863328456878662,4.519985198974609,4.68079948425293,4.603079795837402,4.2852606773376465,4.138668537139893,4.02945613861084,3.7769641876220703,3.423165798187256,3.1229193210601807,2.836376428604126,2.7585859298706055,2.9429759979248047,2.738152503967285,2.5977463722229004,2.5232694149017334,2.212736129760742,2.2209630012512207,1.9419236183166504,1.7034246921539307,1.4189602136611938,1.2052876949310303,0.9166791439056396,0.6595932245254517,0.3684871792793274,0.0,0.3869118392467499,2.009059190750122,2.1827380657196045,2.5475196838378906,2.809030294418335,2.9767072200775146,3.326122522354126,3.5682287216186523,3.7551536560058594,3.8864753246307373,3.866891384124756,4.015821933746338,4.083014488220215,4.09805154800415,3.930561065673828,3.681123733520508,2.7731056213378906,2.463996648788452,2.5793087482452393,2.500189781188965,2.333979845046997,2.4803402423858643,2.368093729019165,2.1487579345703125,2.072293996810913,1.7970240116119385,1.6769944429397583,1.4079912900924683,1.0592198371887207,0.7452091574668884,0.755061686038971,2.4200425148010254,2.7227559089660645,2.998356819152832,3.2201597690582275,3.4541144371032715,3.668180227279663,3.773008108139038,3.7838151454925537,3.9071462154388428,3.8448572158813477,4.002826690673828,3.979168176651001,4.0552167892456055,4.082442760467529,4.1041483879089355
