,A1,A2,A3,A4,A5,A6,A7,A8,A9,A10,A11,A12,A13,A14,A15,B1,B2,B3,B4,B5,B6,B7,B8,B9,B10,B11,B12,B13,B14,B15,C1,C2,C3,C4,C5,C6,C7,C8,C9,C10,C11,C12,C13,C14,C15,D1,D2,D3,D4,D5,D6,D7,D8,D9,D10,D11,D12,D13,D14,D15,E1,E2,E3,E4,E5,E6,E7,E8,E9,E10,E11,E12,E13,E14,E15
A1,0.0,0.38761329650878906,0.6372977495193481,0.921654999256134,1.2292934656143188,1.495945930480957,1.737257480621338,1.885544776916504,2.157184362411499,2.3779640197753906,2.452319860458374,2.5307271480560303,2.791411876678467,2.964102268218994,2.940378189086914,4.168182849884033,4.55943489074707,4.72784948348999,5.015239238739014,5.3078999519348145,5.623158931732178,5.917752265930176,6.077561855316162,6.184441089630127,6.119994163513184,5.964944362640381,5.945930004119873,5.736084938049316,5.349442005157471,5.299911022186279,4.461970806121826,4.6544013023376465,4.827836990356445,5.145942687988281,5.4062113761901855,5.769012451171875,6.00018835067749,6.026731491088867,6.291060924530029,6.315645694732666,6.2364044189453125,6.436856746673584,6.354979515075684,6.100783348083496,6.052109241485596,6.030012607574463,6.272428035736084,6.602749824523926,6.982461929321289,7.230346202850342,7.575867652893066,7.788810729980469,7.8440775871276855,8.07083511352539,8.038822174072266,8.052563667297363,7.922431945800781,7.639579772949219,7.261050224304199,7.058098316192627,7.191152095794678,7.035958290100098,7.164946556091309,7.037663459777832,6.849649429321289,6.881518363952637,6.859621524810791,7.011640548706055,7.096857070922852,7.3640522956848145,7.725162506103516,7.815220832824707,8.183525085449219,8.485118865966797,8.854063987731934
A2,0.38761329650878906,0.0,0.38054680824279785,0.6271746754646301,0.9215824604034424,1.1750519275665283,1.4279040098190308,1.554180383682251,1.8053264617919922,2.037916660308838,2.1116762161254883,2.1765549182891846,2.422041416168213,2.6105802059173584,2.587494373321533,3.872929573059082,4.263660907745361,4.447643280029297,4.74324893951416,5.033867835998535,5.35210657119751,5.637633800506592,5.787833213806152,5.879766464233398,5.802329063415527,5.635941028594971,5.610435962677002,5.39047384262085,5.002245903015137,4.9462199211120605,4.163919448852539,4.370419979095459,4.558925151824951,4.887124061584473,5.150353908538818,5.509946346282959,5.733890056610107,5.754794120788574,6.006634712219238,6.023524284362793,5.9310526847839355,6.120401382446289,6.026346683502197,5.7630414962768555,5.707544803619385,5.681704044342041,5.9187750816345215,6.247755527496338,6.628723621368408,6.871888160705566,7.217296600341797,7.42643928527832,7.479736804962158,7.709560871124268,7.67611026763916,7.695025444030762,7.565976619720459,7.284607887268066,6.907842636108398,6.711608409881592,6.87088680267334,6.726876735687256,6.858543872833252,6.726523399353027,6.548063278198242,6.5739922523498535,6.559617519378662,6.722312927246094,6.8033037185668945,7.07639741897583,7.43691349029541,7.537985324859619,7.905242919921875,8.20143985748291,8.571929931640625
A3,0.6372977495193481,0.38054680824279785,0.0,0.3856743276119232,0.6058504581451416,0.9214684963226318,1.1157926321029663,1.252732276916504,1.5407567024230957,1.7482694387435913,1.8406095504760742,1.9540271759033203,2.2182323932647705,2.397740602493286,2.421999454498291,3.6655924320220947,4.050533294677734,4.247822284698486,4.527225494384766,4.833343029022217,5.138014316558838,5.431995391845703,5.59687614440918,5.6917948722839355,5.621662139892578,5.448489189147949,5.444483757019043,5.2243852615356445,4.83978271484375,4.806517601013184,4.123451232910156,4.353203773498535,4.53249979019165,4.869773864746094,5.115116596221924,5.475523471832275,5.68039083480835,5.6764020919799805,5.924927711486816,5.920119285583496,5.813838481903076,6.006925582885742,5.910914897918701,5.643507957458496,5.603909969329834,5.671971797943115,5.908030033111572,6.239703178405762,6.621683120727539,6.848125457763672,7.198721885681152,7.391726493835449,7.4284162521362305,7.653807640075684,7.603601455688477,7.618366718292236,7.475004196166992,7.183511257171631,6.807713508605957,6.624935626983643,6.887228012084961,6.762790679931641,6.911279201507568,6.785787105560303,6.626410007476807,6.655256748199463,6.658952236175537,6.840017318725586,6.922837257385254,7.20651912689209,7.56695556640625,7.68458890914917,8.051210403442383,8.34135913848877,8.712315559387207
A4,0.921654999256134,0.6271746754646301,0.3856743276119232,0.0,0.37149059772491455,0.5761956572532654,0.8427605032920837,1.0509501695632935,1.2851685285568237,1.54775869846344,1.7051366567611694,1.8421796560287476,2.0627615451812744,2.2910985946655273,2.350348711013794,3.6696040630340576,4.0469207763671875,4.273214817047119,4.5530781745910645,4.8629045486450195,5.162543296813965,5.447253704071045,5.604957103729248,5.677974700927734,5.589761257171631,5.3934454917907715,5.386155128479004,5.145595073699951,4.760605335235596,4.719666481018066,4.158032417297363,4.405919551849365,4.607010841369629,4.955021381378174,5.203648567199707,5.55745267868042,5.751562118530273,5.73868989944458,5.967917442321777,5.9493536949157715,5.820759296417236,5.995080947875977,5.877151012420654,5.592348575592041,5.540292739868164,5.578897476196289,5.796632766723633,6.11932373046875,6.503077507019043,6.723952770233154,7.068661212921143,7.258288860321045,7.297153949737549,7.5341315269470215,7.484731197357178,7.515266418457031,7.376728534698486,7.090020179748535,6.719681262969971,6.553323268890381,6.846694469451904,6.737382888793945,6.8807244300842285,6.739539623260498,6.588627815246582,6.598353862762451,6.602195739746094,6.788698673248291,6.853891372680664,7.1364827156066895,7.492091655731201,7.614610195159912,7.975744724273682,8.25600528717041,8.630389213562012
A5,1.2292934656143188,0.9215824604034424,0.6058504581451416,0.37149059772491455,0.0,0.3801402151584625,0.5116133093833923,0.6909348368644714,0.9632090330123901,1.1929047107696533,1.3561123609542847,1.5260558128356934,1.7585161924362183,1.9751091003417969,2.070869207382202,3.3562707901000977,3.7269468307495117,3.9648630619049072,4.235483646392822,4.552518844604492,4.843415260314941,5.129435062408447,5.29306697845459,5.364474296569824,5.27898645401001,5.077634811401367,5.0838823318481445,4.843843460083008,4.46268892288208,4.4384541511535645,3.961979866027832,4.22857141494751,4.42321252822876,4.777544021606445,5.011109352111816,5.362481594085693,5.539430618286133,5.506929874420166,5.730029582977295,5.6943159103393555,5.554089069366455,5.7289628982543945,5.609030723571777,5.321938514709473,5.2822346687316895,5.403295516967773,5.621984481811523,5.947488784790039,6.330354690551758,6.535944938659668,6.885555267333984,7.060525894165039,7.0840559005737305,7.3145952224731445,7.250975131988525,7.275904178619385,7.125603199005127,6.831125736236572,6.461970806121826,6.305535316467285,6.684135913848877,6.592309951782227,6.751456260681152,6.618727207183838,6.486433982849121,6.501656532287598,6.524275779724121,6.728689193725586,6.799017906188965,7.092512607574463,7.44785213470459,7.587681770324707,7.948273181915283,8.22325611114502,8.596248626708984
A6,1.495945930480957,1.1750519275665283,0.9214684963226318,0.5761956572532654,0.3801402151584625,0.0,0.3761649429798126,0.6489236950874329,0.7777286767959595,1.0920621156692505,1.3322162628173828,1.5093498229980469,1.6697927713394165,1.943811058998108,2.067448139190674,3.4236326217651367,3.7828519344329834,4.046753883361816,4.319599628448486,4.634044170379639,4.920894622802734,5.1928019523620605,5.343972206115723,5.390350818634033,5.283729076385498,5.059570789337158,5.057101726531982,4.795723915100098,4.415583610534668,4.3778815269470215,4.017479419708252,4.296314716339111,4.514182090759277,4.875426769256592,5.114617347717285,5.456918239593506,5.625570297241211,5.589095115661621,5.791281223297119,5.74570369720459,5.585167407989502,5.738131523132324,5.5953898429870605,5.291546821594238,5.235079288482666,5.306035041809082,5.504245281219482,5.818498611450195,6.2019219398498535,6.4037675857543945,6.745354175567627,6.919065952301025,6.947782516479492,7.191047668457031,7.13151741027832,7.17411470413208,7.0321173667907715,6.745532989501953,6.3831048011779785,6.242241859436035,6.633881568908691,6.555033206939697,6.705455303192139,6.5555853843688965,6.429685592651367,6.4243574142456055,6.444452285766602,6.651308536529541,6.702854156494141,6.9929633140563965,7.342343330383301,7.484778881072998,7.838926792144775,8.10388469696045,8.479576110839844
A7,1.737257480621338,1.4279040098190308,1.1157926321029663,0.8427605032920837,0.5116133093833923,0.3761649429798126,0.0,0.36371102929115295,0.5576683282852173,0.7928156852722168,1.0589756965637207,1.3014525175094604,1.483411431312561,1.7253106832504272,1.902735710144043,3.166804075241089,3.515728712081909,3.7879528999328613,4.042593479156494,4.368444442749023,4.6408467292785645,4.919388771057129,5.084104061126709,5.135928153991699,5.03999662399292,4.814614772796631,4.834872245788574,4.579760551452637,4.20653772354126,4.195955753326416,3.921954870223999,4.217345237731934,4.418722152709961,4.782759666442871,5.000554084777832,5.34106969833374,5.49055290222168,5.430721282958984,5.630880832672119,5.566035747528076,5.3965067863464355,5.555798530578613,5.416695594787598,5.114747524261475,5.078866004943848,5.262381553649902,5.464400291442871,5.782562732696533,6.1635637283325195,6.347329616546631,6.6950225830078125,6.850983619689941,6.860201835632324,7.093069553375244,7.0152153968811035,7.047665119171143,6.889342308044434,6.591708183288574,6.230363845825195,6.099753379821777,6.591085910797119,6.529413223266602,6.698948860168457,6.562592029571533,6.455909252166748,6.460799217224121,6.50117301940918,6.725412368774414,6.785763263702393,7.086719989776611,7.435984134674072,7.594911575317383,7.948858261108398,8.20975112915039,8.582812309265137
A8,1.885544776916504,1.554180383682251,1.252732276916504,1.0509501695632935,0.6909348368644714,0.6489236950874329,0.36371102929115295,0.0,0.37780001759529114,0.5031235814094543,0.7071419358253479,0.9467917084693909,1.160404086112976,1.3744183778762817,1.5536452531814575,2.80720853805542,3.158940076828003,3.429614782333374,3.6901278495788574,4.011981964111328,4.289191246032715,4.565091609954834,4.726443767547607,4.779694557189941,4.68559455871582,4.4659247398376465,4.486234664916992,4.237765789031982,3.8638312816619873,3.8593974113464355,3.5839059352874756,3.8850257396698,4.079721450805664,4.444520473480225,4.654844760894775,4.993881702423096,5.137471675872803,5.072347640991211,5.272355079650879,5.205141544342041,5.036627769470215,5.199919700622559,5.06606388092041,4.76875638961792,4.7410173416137695,4.97826623916626,5.190513610839844,5.515293598175049,5.894529819488525,6.072540283203125,6.426442623138428,6.576314926147461,6.576372146606445,6.799500942230225,6.714876174926758,6.736568927764893,6.571329593658447,6.2685089111328125,5.904565334320068,5.7698283195495605,6.289660930633545,6.232598304748535,6.413989543914795,6.290020942687988,6.192636013031006,6.2100114822387695,6.264005184173584,6.49879789352417,6.571652412414551,6.881193161010742,7.23215913772583,7.402169704437256,7.758018493652344,8.019635200500488,8.389229774475098
A9,2.157184362411499,1.8053264617919922,1.5407567024230957,1.2851685285568237,0.9632090330123901,0.7777286767959595,0.5576683282852173,0.37780001759529114,0.0,0.3814922571182251,0.6787716746330261,0.8842012286186218,0.9747785925865173,1.2643039226531982,1.4695571660995483,2.795001983642578,3.130685329437256,3.426496744155884,3.6925339698791504,4.004301071166992,4.279204368591309,4.534580230712891,4.676860332489014,4.700859546661377,4.581918716430664,4.339410781860352,4.345980644226074,4.0753865242004395,3.702645778656006,3.6811704635620117,3.530198097229004,3.8426287174224854,4.061165809631348,4.430880546569824,4.646137237548828,4.972969055175781,5.1071295738220215,5.039267063140869,5.215395450592041,5.139375686645508,4.950567245483398,5.089293956756592,4.931806564331055,4.618046283721924,4.572010040283203,4.76348876953125,4.956851005554199,5.271486282348633,5.650513648986816,5.823424339294434,6.170602798461914,6.318053245544434,6.32166862487793,6.555484294891357,6.47437047958374,6.511905193328857,6.354790687561035,6.059986114501953,5.702591419219971,5.5823750495910645,6.116889953613281,6.074182987213135,6.2489848136901855,6.110803604125977,6.022672653198242,6.022502899169922,6.077901840209961,6.318025588989258,6.375648498535156,6.684053897857666,7.029031753540039,7.205097675323486,7.554628372192383,7.80614709854126,8.17688274383545
A10,2.3779640197753906,2.037916660308838,1.7482694387435913,1.54775869846344,1.1929047107696533,1.0920621156692505,0.7928156852722168,0.5031235814094543,0.3814922571182251,0.0,0.3738934397697449,0.6774521470069885,0.8093705177307129,1.0155888795852661,1.2851475477218628,2.473750352859497,2.800743341445923,3.1010634899139404,3.351262092590332,3.672530174255371,3.9361135959625244,4.198618412017822,4.3540778160095215,4.3874969482421875,4.282653331756592,4.044909954071045,4.074674606323242,3.8166303634643555,3.4508275985717773,3.4608359336853027,3.3740241527557373,3.6989893913269043,3.8945717811584473,4.263439178466797,4.454622268676758,4.779202461242676,4.894833087921143,4.8047776222229,4.981853485107422,4.889172554016113,4.696125030517578,4.845539093017578,4.697543144226074,4.390879154205322,4.370205402374268,4.691492080688477,4.894516468048096,5.21521520614624,5.589508056640625,5.744800567626953,6.099544525146484,6.229355335235596,6.211923122406006,6.430213928222656,6.3301825523376465,6.351611614227295,6.176427841186523,5.869049072265625,5.51116943359375,5.396098613739014,6.02407169342041,5.995336532592773,6.191249370574951,6.072408676147461,6.002570629119873,6.018941402435303,6.095653533935547,6.351657867431641,6.423782825469971,6.742877006530762,7.0880584716796875,7.279508113861084,7.629488945007324,7.87915563583374,8.245057106018066
A11,2.452319860458374,2.1116762161254883,1.8406095504760742,1.7051366567611694,1.3561123609542847,1.3322162628173828,1.0589756965637207,0.7071419358253479,0.6787716746330261,0.3738934397697449,0.0,0.36142101883888245,0.608197033405304,0.7066826820373535,0.9656785130500793,2.131448984146118,2.4726359844207764,2.7598819732666016,3.0225865840911865,3.338683843612671,3.614513635635376,3.879080295562744,4.033084392547607,4.0778584480285645,3.981696844100952,3.760817527770996,3.789271354675293,3.5471625328063965,3.17769718170166,3.1954898834228516,3.039595603942871,3.364391565322876,3.5458426475524902,3.9129583835601807,4.0971550941467285,4.4243879318237305,4.540171146392822,4.44976282119751,4.635915756225586,4.548165798187256,4.366116523742676,4.528559684753418,4.395431995391846,4.100603103637695,4.09246826171875,4.4733357429504395,4.695279598236084,5.02649450302124,5.398356914520264,5.55265998840332,5.915604591369629,6.043133735656738,6.017966270446777,6.222326278686523,6.117376327514648,6.121701240539551,5.939056396484375,5.6250386238098145,5.2610650062561035,5.132246971130371,5.765332221984863,5.732909679412842,5.941262245178223,5.840135097503662,5.773998260498047,5.8098907470703125,5.897852897644043,6.159977912902832,6.2506513595581055,6.577067852020264,6.925654888153076,7.123696327209473,7.477514743804932,7.732253074645996,8.093526840209961
A12,2.5307271480560303,2.1765549182891846,1.9540271759033203,1.8421796560287476,1.5260558128356934,1.5093498229980469,1.3014525175094604,0.9467917084693909,0.8842012286186218,0.6774521470069885,0.36142101883888245,0.0,0.37463000416755676,0.44986507296562195,0.6230023503303528,1.9591069221496582,2.3124353885650635,2.5903947353363037,2.8841066360473633,3.1765222549438477,3.4743828773498535,3.7223474979400635,3.8521735668182373,3.8873274326324463,3.7773096561431885,3.562168598175049,3.5623779296875,3.318848133087158,2.939621925354004,2.9323511123657227,2.7008578777313232,3.0232961177825928,3.2185378074645996,3.5876550674438477,3.7848803997039795,4.110938549041748,4.236421585083008,4.161620616912842,4.3456950187683105,4.272706508636475,4.097179889678955,4.254650115966797,4.120483875274658,3.826331377029419,3.8048453330993652,4.144128322601318,4.374967098236084,4.711260795593262,5.083898067474365,5.246953010559082,5.612356185913086,5.748224258422852,5.729681015014648,5.932823657989502,5.836707592010498,5.838784217834473,5.663650989532471,5.354153156280518,4.98572301864624,4.842744827270508,5.422860622406006,5.38299560546875,5.589508056640625,5.490277290344238,5.420759201049805,5.461697578430176,5.550493240356445,5.812816143035889,5.910167694091797,6.23865270614624,6.588861465454102,6.788236618041992,7.143819808959961,7.401475429534912,7.760863304138184
A13,2.791411876678467,2.422041416168213,2.2182323932647705,2.0627615451812744,1.7585161924362183,1.6697927713394165,1.483411431312561,1.160404086112976,0.9747785925865173,0.8093705177307129,0.608197033405304,0.37463000416755676,0.0,0.389317125082016,0.5903373956680298,1.9842480421066284,2.3086087703704834,2.612551689147949,2.9110782146453857,3.184840679168701,3.478800058364868,3.6985549926757812,3.8023300170898438,3.8014793395996094,3.660541296005249,3.4190680980682373,3.3990535736083984,3.128232002258301,2.7484524250030518,2.716691732406616,2.6417508125305176,2.9754276275634766,3.198967456817627,3.5705854892730713,3.7727651596069336,4.081783771514893,4.195956230163574,4.1194682121276855,4.274196624755859,4.19227409362793,3.9937639236450195,4.121224403381348,3.959071397781372,3.64528489112854,3.6008095741271973,3.8896331787109375,4.101444721221924,4.428561687469482,4.801776885986328,4.959399700164795,5.319313049316406,5.452735900878906,5.437520503997803,5.651786804199219,5.559415817260742,5.577854156494141,5.411504745483398,5.110348224639893,4.747864723205566,4.619586944580078,5.215748310089111,5.192073345184326,5.392291069030762,5.278604984283447,5.220298767089844,5.243529796600342,5.335669994354248,5.605084419250488,5.687801837921143,6.016143798828125,6.360124111175537,6.567266941070557,6.916340351104736,7.163550853729248,7.523563861846924
A14,2.964102268218994,2.6105802059173584,2.397740602493286,2.2910985946655273,1.9751091003417969,1.943811058998108,1.7253106832504272,1.3744183778762817,1.2643039226531982,1.0155888795852661,0.7066826820373535,0.44986507296562195,0.389317125082016,0.0,0.38604167103767395,1.6005833148956299,1.9329129457473755,2.2311818599700928,2.52905535697937,2.8073906898498535,3.1031599044799805,3.3320059776306152,3.446913242340088,3.4643611907958984,3.3429152965545654,3.119220733642578,3.1186466217041016,2.872058868408203,2.4948127269744873,2.49836802482605,2.412950038909912,2.754995584487915,2.946171998977661,3.3149807453155518,3.492377758026123,3.8030128479003906,3.9038245677948,3.8096024990081787,3.9743666648864746,3.8833537101745605,3.6907854080200195,3.839056968688965,3.6973867416381836,3.399329662322998,3.3867855072021484,3.8231663703918457,4.055005073547363,4.391843795776367,4.757563591003418,4.901425838470459,5.270678520202637,5.389577865600586,5.353928565979004,5.546271324157715,5.4366865158081055,5.43062162399292,5.245319843292236,4.929928779602051,4.563018321990967,4.428272724151611,5.095185279846191,5.077509880065918,5.300801753997803,5.21418571472168,5.169922828674316,5.218774795532227,5.331356525421143,5.61259126663208,5.71735143661499,6.05510950088501,6.400247097015381,6.618999004364014,6.969847202301025,7.219124794006348,7.571985244750977
A15,2.940378189086914,2.587494373321533,2.421999454498291,2.350348711013794,2.070869207382202,2.067448139190674,1.902735710144043,1.5536452531814575,1.4695571660995483,1.2851475477218628,0.9656785130500793,0.6230023503303528,0.5903373956680298,0.38604167103767395,0.0,1.5715404748916626,1.922476887702942,2.1821229457855225,2.516266107559204,2.7627837657928467,3.0872931480407715,3.3024959564208984,3.3927767276763916,3.4118192195892334,3.2838404178619385,3.0820162296295166,3.0450336933135986,2.808652877807617,2.421238660812378,2.3889782428741455,2.091127872467041,2.421851634979248,2.627328872680664,2.998297929763794,3.1987931728363037,3.5161406993865967,3.6410820484161377,3.576129674911499,3.751290798187256,3.690246105194092,3.519939661026001,3.6717565059661865,3.5398073196411133,3.2514772415161133,3.223212957382202,3.586120843887329,3.8365652561187744,4.182824611663818,4.550438404083252,4.7132039070129395,5.085891246795654,5.2215704917907715,5.198917388916016,5.388638019561768,5.294300079345703,5.282314777374268,5.1082611083984375,4.799314975738525,4.4249043464660645,4.263095378875732,4.824300289154053,4.785332202911377,5.0038161277771,4.921323299407959,4.862678050994873,4.922325611114502,5.029332637786865,5.303955554962158,5.420693397521973,5.758767604827881,6.108887195587158,6.322170734405518,6.678180694580078,6.936389923095703,7.287820816040039
B1,4.168182849884033,3.872929573059082,3.6655924320220947,3.6696040630340576,3.3562707901000977,3.4236326217651367,3.166804075241089,2.80720853805542,2.795001983642578,2.473750352859497,2.131448984146118,1.9591069221496582,1.9842480421066284,1.6005833148956299,1.5715404748916626,0.0,0.39570561051368713,0.6333850026130676,0.9451706409454346,1.2177112102508545,1.5293660163879395,1.7829746007919312,1.9398168325424194,2.048076629638672,2.036668062210083,1.9347333908081055,2.038646936416626,1.9631493091583252,1.6819120645523071,1.8776533603668213,1.906872034072876,2.220499038696289,2.2159621715545654,2.5116772651672363,2.5233540534973145,2.7936837673187256,2.7926676273345947,2.592215061187744,2.776928186416626,2.6251637935638428,2.4593307971954346,2.6976733207702637,2.6656546592712402,2.4755096435546875,2.627934694290161,3.699852228164673,3.9828381538391113,4.3256330490112305,4.630894184112549,4.700806617736816,5.084837913513184,5.131527900695801,5.008634090423584,5.097552299499512,4.916932582855225,4.805851459503174,4.545286178588867,4.183490753173828,3.8215034008026123,3.6727287769317627,4.652536869049072,4.676807880401611,4.9884033203125,5.018043518066406,5.0472002029418945,5.191474437713623,5.387418746948242,5.708896636962891,5.890074729919434,6.2516889572143555,6.583467960357666,6.847835540771484,7.189755439758301,7.43264627456665,7.746217250823975
B2,4.55943489074707,4.263660907745361,4.050533294677734,4.0469207763671875,3.7269468307495117,3.7828519344329834,3.515728712081909,3.158940076828003,3.130685329437256,2.800743341445923,2.4726359844207764,2.3124353885650635,2.3086087703704834,1.9329129457473755,1.922476887702942,0.39570561051368713,0.0,0.3808577060699463,0.6277503371238708,0.88643878698349,1.172131061553955,1.4116301536560059,1.5758891105651855,1.6844251155853271,1.6943670511245728,1.6068999767303467,1.7590508460998535,1.7269266843795776,1.5039798021316528,1.7621023654937744,2.0305962562561035,2.327585220336914,2.29018235206604,2.551635265350342,2.5118889808654785,2.743159055709839,2.691744565963745,2.4480559825897217,2.6032822132110596,2.410475730895996,2.224484443664551,2.462559223175049,2.4415104389190674,2.2729029655456543,2.4683268070220947,3.696152448654175,3.969958543777466,4.300372123718262,4.585289001464844,4.625015735626221,5.004347801208496,5.0237627029418945,4.875264644622803,4.942147731781006,4.739239692687988,4.61118221282959,4.3314127922058105,3.9612081050872803,3.6113929748535156,3.481750011444092,4.590537071228027,4.642853260040283,4.971027374267578,5.019398212432861,5.077091217041016,5.229223251342773,5.446235179901123,5.779753684997559,5.9654340744018555,6.329430103302002,6.651031017303467,6.929739952087402,7.262639999389648,7.494531154632568,7.798208236694336
B3,4.72784948348999,4.447643280029297,4.247822284698486,4.273214817047119,3.9648630619049072,4.046753883361816,3.7879528999328613,3.429614782333374,3.426496744155884,3.1010634899139404,2.7598819732666016,2.5903947353363037,2.612551689147949,2.2311818599700928,2.1821229457855225,0.6333850026130676,0.3808577060699463,0.0,0.38837915658950806,0.5939351916313171,0.9331381320953369,1.1914211511611938,1.3697688579559326,1.545179009437561,1.61607027053833,1.6162511110305786,1.7730522155761719,1.8162490129470825,1.6396234035491943,1.900844931602478,1.9942612648010254,2.249692440032959,2.150489091873169,2.375241279602051,2.2929539680480957,2.516350030899048,2.4525811672210693,2.1961586475372314,2.378838062286377,2.1943671703338623,2.052736282348633,2.3325016498565674,2.367253065109253,2.254387617111206,2.4827728271484375,3.7711126804351807,4.061095714569092,4.392376899719238,4.66263484954834,4.700268745422363,5.079197406768799,5.095272541046143,4.939568042755127,4.981875896453857,4.7757768630981445,4.620770454406738,4.333810329437256,3.96199107170105,3.6152079105377197,3.4647023677825928,4.552445411682129,4.595561504364014,4.935769081115723,5.012453556060791,5.07197904586792,5.249711036682129,5.474185943603516,5.80480432510376,6.010905742645264,6.374997138977051,6.695611000061035,6.974176406860352,7.307400703430176,7.543965816497803,7.838494777679443
B4,5.015239238739014,4.74324893951416,4.527225494384766,4.5530781745910645,4.235483646392822,4.319599628448486,4.042593479156494,3.6901278495788574,3.6925339698791504,3.351262092590332,3.0225865840911865,2.8841066360473633,2.9110782146453857,2.52905535697937,2.516266107559204,0.9451706409454346,0.6277503371238708,0.38837915658950806,0.0,0.38044458627700806,0.6108951568603516,0.9314523339271545,1.189457893371582,1.415107250213623,1.5570889711380005,1.594639778137207,1.822879433631897,1.9151082038879395,1.805725336074829,2.110647678375244,2.345362424850464,2.5828375816345215,2.454847812652588,2.6462645530700684,2.520008087158203,2.7113046646118164,2.606766939163208,2.3136630058288574,2.4785001277923584,2.2589776515960693,2.1173782348632812,2.4016146659851074,2.4601151943206787,2.3804006576538086,2.64703369140625,4.040402412414551,4.320165157318115,4.639798164367676,4.893957138061523,4.906698226928711,5.279125690460205,5.270944118499756,5.0926408767700195,5.114833831787109,4.887048721313477,4.716278076171875,4.410183429718018,4.032379627227783,3.704266309738159,3.5772533416748047,4.770608425140381,4.833285331726074,5.184658527374268,5.276591777801514,5.3545074462890625,5.538064002990723,5.77479887008667,6.111186504364014,6.320046424865723,6.684562683105469,6.998419761657715,7.284763813018799,7.6120758056640625,7.841620922088623,8.12926197052002
B5,5.3078999519348145,5.033867835998535,4.833343029022217,4.8629045486450195,4.552518844604492,4.634044170379639,4.368444442749023,4.011981964111328,4.004301071166992,3.672530174255371,3.338683843612671,3.1765222549438477,3.184840679168701,2.8073906898498535,2.7627837657928467,1.2177112102508545,0.88643878698349,0.5939351916313171,0.38044458627700806,0.0,0.38189923763275146,0.6229482293128967,0.8472854495048523,1.108504295349121,1.2904213666915894,1.4049413204193115,1.6263830661773682,1.7852365970611572,1.735475778579712,2.0418522357940674,2.296518325805664,2.4983718395233154,2.337608575820923,2.486070156097412,2.3174502849578857,2.469088077545166,2.3283472061157227,2.011556386947632,2.159024953842163,1.9246166944503784,1.7965086698532104,2.0938825607299805,2.187709331512451,2.1549389362335205,2.449958086013794,3.9151458740234375,4.196488857269287,4.507121562957764,4.740291595458984,4.739536762237549,5.106549263000488,5.08674430847168,4.8970046043396,4.89576530456543,4.661972522735596,4.470155715942383,4.15775728225708,3.7808823585510254,3.4612889289855957,3.3273513317108154,4.545369625091553,4.617326259613037,4.979450702667236,5.0939249992370605,5.187804698944092,5.386521816253662,5.6370134353637695,5.976526260375977,6.196792125701904,6.560487270355225,6.866128444671631,7.159348487854004,7.479959487915039,7.704641342163086,7.980725288391113
B6,5.623158931732178,5.35210657119751,5.138014316558838,5.162543296813965,4.843415260314941,4.920894622802734,4.6408467292785645,4.289191246032715,4.279204368591309,3.9361135959625244,3.614513635635376,3.4743828773498535,3.478800058364868,3.1031599044799805,3.0872931480407715,1.5293660163879395,1.172131061553955,0.9331381320953369,0.6108951568603516,0.38189923763275146,0.0,0.37435510754585266,0.7153484225273132,1.0179070234298706,1.273754358291626,1.421664834022522,1.7047747373580933,1.902039885520935,1.9175934791564941,2.2519426345825195,2.6547398567199707,2.846839427947998,2.6749205589294434,2.797980785369873,2.599769353866577,2.7159390449523926,2.5379626750946045,2.195122003555298,2.308184862136841,2.0404677391052246,1.906957745552063,2.187978982925415,2.2954540252685547,2.2919769287109375,2.6139113903045654,4.157729148864746,4.424376964569092,4.720308780670166,4.936151027679443,4.909206390380859,5.266839027404785,5.221721172332764,5.0099968910217285,4.989568710327148,4.734862327575684,4.5303874015808105,4.201186180114746,3.8222463130950928,3.5266740322113037,3.4222583770751953,4.743608474731445,4.838082790374756,5.208019256591797,5.333888053894043,5.447425842285156,5.647608280181885,5.909700393676758,6.2550272941589355,6.474682331085205,6.837801933288574,7.134986400604248,7.436502933502197,7.749464511871338,7.964883804321289,8.233696937561035
B7,5.917752265930176,5.637633800506592,5.431995391845703,5.447253704071045,5.129435062408447,5.1928019523620605,4.919388771057129,4.565091609954834,4.534580230712891,4.198618412017822,3.879080295562744,3.7223474979400635,3.6985549926757812,3.3320059776306152,3.3024959564208984,1.7829746007919312,1.4116301536560059,1.1914211511611938,0.9314523339271545,0.6229482293128967,0.37435510754585266,0.0,0.36541178822517395,0.6883141994476318,0.9937028884887695,1.2084022760391235,1.494430422782898,1.7470414638519287,1.833878993988037,2.167727470397949,2.6946535110473633,2.8651270866394043,2.6885881423950195,2.7795486450195312,2.556124448776245,2.6237852573394775,2.405822515487671,2.043280601501465,2.1036946773529053,1.8052359819412231,1.6567178964614868,1.9168057441711426,2.037975788116455,2.071479320526123,2.4152348041534424,4.021924018859863,4.277227878570557,4.55702543258667,4.750321865081787,4.7021002769470215,5.050048351287842,4.986749172210693,4.7601799964904785,4.719767093658447,4.454687118530273,4.236220359802246,3.8992319107055664,3.5221316814422607,3.242509365081787,3.149656057357788,4.5353684425354,4.651126384735107,5.027809143066406,5.1671319007873535,5.302587509155273,5.506621837615967,5.78265905380249,6.133476734161377,6.3549981117248535,6.716109752655029,7.001748085021973,7.312557220458984,7.615309238433838,7.820202350616455,8.078376770019531
B8,6.077561855316162,5.787833213806152,5.59687614440918,5.604957103729248,5.29306697845459,5.343972206115723,5.084104061126709,4.726443767547607,4.676860332489014,4.3540778160095215,4.033084392547607,3.8521735668182373,3.8023300170898438,3.446913242340088,3.3927767276763916,1.9398168325424194,1.5758891105651855,1.3697688579559326,1.189457893371582,0.8472854495048523,0.7153484225273132,0.36541178822517395,0.0,0.375470370054245,0.7084389925003052,1.001408576965332,1.2458689212799072,1.5472018718719482,1.687016487121582,2.000445604324341,2.596100330352783,2.744508743286133,2.570807456970215,2.635983943939209,2.4005250930786133,2.4274661540985107,2.181857109069824,1.811476707458496,1.8212251663208008,1.5000959634780884,1.3310599327087402,1.5728353261947632,1.7049659490585327,1.7711507081985474,2.1279470920562744,3.7659504413604736,4.0150322914123535,4.283402442932129,4.459652900695801,4.40060567855835,4.742398262023926,4.671611785888672,4.439577102661133,4.386445045471191,4.120410919189453,3.8922457695007324,3.5547735691070557,3.1800482273101807,2.9051380157470703,2.8093323707580566,4.218401908874512,4.347357749938965,4.727592945098877,4.876140594482422,5.026485919952393,5.233700275421143,5.519285678863525,5.873015880584717,6.09650993347168,6.4553542137146,6.732222557067871,7.048954010009766,7.344090938568115,7.541896820068359,7.792016506195068
B9,6.184441089630127,5.879766464233398,5.6917948722839355,5.677974700927734,5.364474296569824,5.390350818634033,5.135928153991699,4.779694557189941,4.700859546661377,4.3874969482421875,4.0778584480285645,3.8873274326324463,3.8014793395996094,3.4643611907958984,3.4118192195892334,2.048076629638672,1.6844251155853271,1.545179009437561,1.415107250213623,1.108504295349121,1.0179070234298706,0.6883141994476318,0.375470370054245,0.0,0.36082395911216736,0.6885360479354858,0.931276798248291,1.2580535411834717,1.4625924825668335,1.7715760469436646,2.590012311935425,2.745065927505493,2.6087236404418945,2.677943706512451,2.460758686065674,2.4627459049224854,2.20534348487854,1.8432141542434692,1.7838085889816284,1.4369268417358398,1.1921064853668213,1.3581583499908447,1.438514232635498,1.4895957708358765,1.8501862287521362,3.5229716300964355,3.7512025833129883,4.004660606384277,4.1706366539001465,4.093600273132324,4.429103851318359,4.344879150390625,4.1041388511657715,4.052064895629883,3.7784225940704346,3.557687997817993,3.216679573059082,2.839362144470215,2.5691750049591064,2.498403787612915,3.993975877761841,4.149220943450928,4.527029514312744,4.666050910949707,4.834705829620361,5.027202606201172,5.320397853851318,5.68149471282959,5.892683506011963,6.250044822692871,6.517776012420654,6.842987060546875,7.129333019256592,7.315067291259766,7.562799453735352
B10,6.119994163513184,5.802329063415527,5.621662139892578,5.589761257171631,5.27898645401001,5.283729076385498,5.03999662399292,4.68559455871582,4.581918716430664,4.282653331756592,3.981696844100952,3.7773096561431885,3.660541296005249,3.3429152965545654,3.2838404178619385,2.036668062210083,1.6943670511245728,1.61607027053833,1.5570889711380005,1.2904213666915894,1.273754358291626,0.9937028884887695,0.7084389925003052,0.36082395911216736,0.0,0.38082319498062134,0.5752459764480591,0.9153330326080322,1.160031795501709,1.4549317359924316,2.448949098587036,2.6163249015808105,2.5241520404815674,2.6108829975128174,2.427996873855591,2.427324056625366,2.1822798252105713,1.845102310180664,1.7465792894363403,1.4029277563095093,1.089389681816101,1.1825332641601562,1.1816816329956055,1.1779565811157227,1.5287106037139893,3.2058184146881104,3.42203426361084,3.6714935302734375,3.841007709503174,3.7620458602905273,4.099442958831787,4.017495632171631,3.7812743186950684,3.745535373687744,3.476430892944336,3.2740988731384277,2.939847707748413,2.5591540336608887,2.2738280296325684,2.2108943462371826,3.737889051437378,3.905730962753296,4.276709079742432,4.397736072540283,4.572214126586914,4.748237609863281,5.041854381561279,5.40756893157959,5.606285095214844,5.963428974151611,6.228396415710449,6.557157039642334,6.840449810028076,7.020463943481445,7.2715935707092285
B11,5.964944362640381,5.635941028594971,5.448489189147949,5.3934454917907715,5.077634811401367,5.059570789337158,4.814614772796631,4.4659247398376465,4.339410781860352,4.044909954071045,3.760817527770996,3.562168598175049,3.4190680980682373,3.119220733642578,3.0820162296295166,1.9347333908081055,1.6068999767303467,1.6162511110305786,1.594639778137207,1.4049413204193115,1.421664834022522,1.2084022760391235,1.001408576965332,0.6885360479354858,0.38082319498062134,0.0,0.38705918192863464,0.618738055229187,0.8758996725082397,1.199876070022583,2.4292616844177246,2.6358659267425537,2.5972139835357666,2.7270255088806152,2.5909807682037354,2.6180431842803955,2.404083251953125,2.093125820159912,1.9956110715866089,1.6718335151672363,1.3273614645004272,1.3650031089782715,1.2623897790908813,1.1438857316970825,1.445137858390808,3.0762765407562256,3.2750117778778076,3.5251269340515137,3.712939739227295,3.635488510131836,3.9765825271606445,3.8984310626983643,3.669670343399048,3.6664562225341797,3.4005699157714844,3.234659433364868,2.9098331928253174,2.528576135635376,2.2327897548675537,2.1985342502593994,3.7484419345855713,3.924718141555786,4.281838417053223,4.3700432777404785,4.541690826416016,4.690079689025879,4.9762468338012695,5.345990180969238,5.523561000823975,5.88153600692749,6.148289680480957,6.477780818939209,6.761434078216553,6.937054634094238,7.198563098907471
B12,5.945930004119873,5.610435962677002,5.444483757019043,5.386155128479004,5.0838823318481445,5.057101726531982,4.834872245788574,4.486234664916992,4.345980644226074,4.074674606323242,3.789271354675293,3.5623779296875,3.3990535736083984,3.1186466217041016,3.0450336933135986,2.038646936416626,1.7590508460998535,1.7730522155761719,1.822879433631897,1.6263830661773682,1.7047747373580933,1.494430422782898,1.2458689212799072,0.931276798248291,0.5752459764480591,0.38705918192863464,0.0,0.3783958852291107,0.6962785124778748,0.9356376528739929,2.2185182571411133,2.407907009124756,2.3971235752105713,2.519434690475464,2.4066388607025146,2.4161770343780518,2.2135586738586426,1.9379829168319702,1.8067036867141724,1.5100797414779663,1.1422178745269775,1.1142091751098633,0.9418513178825378,0.7685279250144958,1.0583266019821167,2.6977505683898926,2.8986523151397705,3.1496317386627197,3.336740732192993,3.2675204277038574,3.613652467727661,3.5482683181762695,3.3315625190734863,3.336622714996338,3.0872244834899902,2.9278297424316406,2.6187140941619873,2.240104913711548,1.9189081192016602,1.857304334640503,3.370750665664673,3.548382043838501,3.902040719985962,3.985509157180786,4.159801006317139,4.305763244628906,4.593930721282959,4.964648723602295,5.14177942276001,5.4990010261535645,5.763659954071045,6.094386100769043,6.376431941986084,6.551314830780029,6.81191873550415
B13,5.736084938049316,5.39047384262085,5.2243852615356445,5.145595073699951,4.843843460083008,4.795723915100098,4.579760551452637,4.237765789031982,4.0753865242004395,3.8166303634643555,3.5471625328063965,3.318848133087158,3.128232002258301,2.872058868408203,2.808652877807617,1.9631493091583252,1.7269266843795776,1.8162490129470825,1.9151082038879395,1.7852365970611572,1.902039885520935,1.7470414638519287,1.5472018718719482,1.2580535411834717,0.9153330326080322,0.618738055229187,0.3783958852291107,0.0,0.3923758268356323,0.6266171336174011,2.151613712310791,2.3770105838775635,2.424791097640991,2.590078592300415,2.530637502670288,2.5724236965179443,2.4109840393066406,2.1702780723571777,2.055816411972046,1.7938638925552368,1.4305247068405151,1.3798528909683228,1.1407877206802368,0.8528645038604736,1.0244349241256714,2.5289182662963867,2.7172582149505615,2.975740671157837,3.190134286880493,3.1359806060791016,3.4891114234924316,3.4406800270080566,3.2442879676818848,3.291229724884033,3.05871844291687,2.9432175159454346,2.657794237136841,2.289896249771118,1.9558944702148438,1.9076849222183228,3.3620927333831787,3.536653995513916,3.871054172515869,3.9173665046691895,4.080068111419678,4.197657585144043,4.473040580749512,4.844561576843262,5.001009464263916,5.358766078948975,5.628154277801514,5.955931186676025,6.241044044494629,6.415294647216797,6.68832540512085
B14,5.349442005157471,5.002245903015137,4.83978271484375,4.760605335235596,4.46268892288208,4.415583610534668,4.20653772354126,3.8638312816619873,3.702645778656006,3.4508275985717773,3.17769718170166,2.939621925354004,2.7484524250030518,2.4948127269744873,2.421238660812378,1.6819120645523071,1.5039798021316528,1.6396234035491943,1.805725336074829,1.735475778579712,1.9175934791564941,1.833878993988037,1.687016487121582,1.4625924825668335,1.160031795501709,0.8758996725082397,0.6962785124778748,0.3923758268356323,0.0,0.376437246799469,1.8865482807159424,2.149984836578369,2.2335867881774902,2.4456257820129395,2.4324734210968018,2.52626895904541,2.414961338043213,2.203031301498413,2.144404172897339,1.9221718311309814,1.5875763893127441,1.5881049633026123,1.3620960712432861,1.041815996170044,1.1396543979644775,2.4622206687927246,2.673532247543335,2.9615979194641113,3.2144312858581543,3.2033493518829346,3.570603609085083,3.5601236820220947,3.39803147315979,3.478414297103882,3.27551531791687,3.1840627193450928,2.924586296081543,2.5684478282928467,2.2156331539154053,2.1318812370300293,3.415635824203491,3.554776191711426,3.8758344650268555,3.8988664150238037,4.028367519378662,4.138118267059326,4.39302396774292,4.7575531005859375,4.910275936126709,5.271155834197998,5.5565667152404785,5.871897220611572,6.170855522155762,6.3594441413879395,6.6472368240356445
