,A1,A2,A3,A4,A5,A6,A7,A8,A9,A10,A11,A12,A13,A14,A15,B1,B2,B3,B4,B5,B6,B7,B8,B9,B10,B11,B12,B13,B14,B15,C1,C2,C3,C4,C5,C6,C7,C8,C9,C10,C11,C12,C13,C14,C15,D1,D2,D3,D4,D5,D6,D7,D8,D9,D10,D11,D12,D13,D14,D15,E1,E2,E3,E4,E5,E6,E7,E8,E9,E10,E11,E12,E13,E14,E15
A1,0.0,0.3884892761707306,0.6272080540657043,0.8876838684082031,1.1834743022918701,1.416991114616394,1.5248202085494995,1.6291238069534302,1.9364013671875,2.0663111209869385,2.086073160171509,2.2836155891418457,2.589345932006836,2.7180070877075195,2.6945128440856934,3.4797587394714355,3.28784441947937,3.509429693222046,3.6910252571105957,3.535050868988037,3.9031903743743896,3.9703547954559326,3.7048287391662598,3.9382781982421875,4.218402862548828,4.084813117980957,4.094383716583252,4.4756035804748535,4.630894184112549,4.512911319732666,5.398601055145264,5.222439289093018,5.49813175201416,5.629571914672852,5.461114406585693,5.779712200164795,5.966286659240723,5.741076946258545,5.84874963760376,6.190133571624756,6.151756763458252,6.009478569030762,6.38291072845459,6.425731182098389,6.328192710876465,6.029553413391113,5.67202091217041,5.710999488830566,5.62960147857666,5.276453971862793,5.3746795654296875,5.483243942260742,5.1731181144714355,5.003661632537842,5.273567199707031,5.208374500274658,4.864490985870361,5.009625434875488,4.968922138214111,4.795544147491455,3.378913402557373,3.0949301719665527,2.8685455322265625,2.5561623573303223,2.283909320831299,2.040968894958496,2.0223588943481445,1.8804513216018677,1.508926510810852,1.5992823839187622,1.701409935951233,1.4365395307540894,1.410304069519043,1.7003676891326904,1.8069865703582764
A2,0.3884892761707306,0.0,0.3875701427459717,0.6532280445098877,0.8647482991218567,1.1567285060882568,1.2889755964279175,1.3329882621765137,1.6350371837615967,1.8128873109817505,1.8325692415237427,1.9862060546875,2.3046698570251465,2.45485782623291,2.419508695602417,3.119166612625122,2.9150326251983643,3.131382942199707,3.3067381381988525,3.1473259925842285,3.515014171600342,3.585630416870117,3.3228707313537598,3.557023286819458,3.8388891220092773,3.7137043476104736,3.728180408477783,4.108994007110596,4.274457931518555,4.169617652893066,5.08109712600708,4.915468692779541,5.203378200531006,5.336852550506592,5.185323238372803,5.507874011993408,5.700209617614746,5.488792419433594,5.610698699951172,5.951197624206543,5.9203572273254395,5.796289920806885,6.174198627471924,6.234442710876465,6.1421942710876465,5.939263343811035,5.590304851531982,5.653019428253174,5.589813709259033,5.245178699493408,5.367519855499268,5.485140800476074,5.1733903884887695,5.028693675994873,5.312780857086182,5.244395732879639,4.911037445068359,5.083191394805908,5.053278923034668,4.8739142417907715,3.5307397842407227,3.2257370948791504,3.031731128692627,2.7327234745025635,2.433488607406616,2.2384819984436035,2.2324841022491455,2.044872283935547,1.694827914237976,1.8338720798492432,1.8894619941711426,1.593262791633606,1.6250704526901245,1.891108512878418,1.9372516870498657
A3,0.6272080540657043,0.3875701427459717,0.0,0.39036116003990173,0.6070250868797302,0.8676718473434448,0.9304810762405396,1.0023962259292603,1.319834589958191,1.4560680389404297,1.471252202987671,1.65846586227417,1.9639948606491089,2.1030514240264893,2.0901379585266113,2.8994359970092773,2.7224724292755127,2.972877264022827,3.1587815284729004,3.0403168201446533,3.4159653186798096,3.490445852279663,3.257999897003174,3.5189239978790283,3.788325071334839,3.674970865249634,3.7267515659332275,4.09981107711792,4.291582107543945,4.214492321014404,5.20965576171875,5.064950466156006,5.369595527648926,5.5087056159973145,5.38004207611084,5.7068352699279785,5.904347896575928,5.707955837249756,5.845790863037109,6.183760166168213,6.157681941986084,6.051400184631348,6.432531356811523,6.505368709564209,6.4132280349731445,6.267817497253418,5.923037528991699,5.993205547332764,5.941267013549805,5.598285675048828,5.730103969573975,5.844455242156982,5.52813196182251,5.391924858093262,5.675042152404785,5.597446918487549,5.264494895935059,5.439691543579102,5.400420665740967,5.209749221801758,3.848771333694458,3.535336971282959,3.3279225826263428,3.0450589656829834,2.7348625659942627,2.5440354347229004,2.497406244277954,2.2871358394622803,1.9334627389907837,2.026702404022217,2.029047966003418,1.696669340133667,1.684171438217163,1.887030839920044,1.8667986392974854
A4,0.8876838684082031,0.6532280445098877,0.39036116003990173,0.0,0.3829323351383209,0.5293970704078674,0.7015039920806885,0.8588332533836365,1.0966789722442627,1.24590003490448,1.3572802543640137,1.5397007465362549,1.8024115562438965,1.993355631828308,2.0393524169921875,2.8208985328674316,2.630511999130249,2.9035871028900146,3.0532331466674805,2.9447948932647705,3.313250780105591,3.426731824874878,3.21848201751709,3.4704949855804443,3.753614664077759,3.677915573120117,3.735755205154419,4.106024742126465,4.319742679595947,4.2694196701049805,5.236457347869873,5.090066909790039,5.402875900268555,5.521878719329834,5.403069019317627,5.719738006591797,5.937561988830566,5.760511875152588,5.8937554359436035,6.236970901489258,6.233514785766602,6.135984420776367,6.517232418060303,6.609114170074463,6.536672592163086,6.44711971282959,6.108093738555908,6.195012092590332,6.1372528076171875,5.8034820556640625,5.9357099533081055,6.069305896759033,5.763889789581299,5.628996849060059,5.923375129699707,5.862021446228027,5.534940242767334,5.7164716720581055,5.694863319396973,5.51672887802124,4.182772636413574,3.8757543563842773,3.6769425868988037,3.380950689315796,3.0804920196533203,2.880328416824341,2.854200601577759,2.6587679386138916,2.3019254207611084,2.394843816757202,2.4113497734069824,2.0813887119293213,2.0477147102355957,2.238236904144287,2.2047393321990967
A5,1.1834743022918701,0.8647482991218567,0.6070250868797302,0.3829323351383209,0.0,0.37976300716400146,0.5603486895561218,0.5687826871871948,0.7909774780273438,1.0225095748901367,1.1262661218643188,1.2367932796478271,1.5162792205810547,1.7328170537948608,1.7623409032821655,2.448044538497925,2.249997615814209,2.5239241123199463,2.6713478565216064,2.569946765899658,2.9395995140075684,3.0538370609283447,2.8563833236694336,3.11566424369812,3.393921375274658,3.3276453018188477,3.399602174758911,3.7643516063690186,3.9913487434387207,3.9592244625091553,4.967798233032227,4.8386030197143555,5.1636528968811035,5.288357257843018,5.191168785095215,5.511887550354004,5.731357097625732,5.5692949295043945,5.719751358032227,6.057999610900879,6.05891227722168,5.98197603225708,6.365429878234863,6.472561359405518,6.402148246765137,6.403762340545654,6.074724197387695,6.1808085441589355,6.143011093139648,5.817821979522705,5.972146987915039,6.108570098876953,5.800929069519043,5.689844131469727,5.9923415184021,5.9239912033081055,5.607114315032959,5.810046672821045,5.79307746887207,5.606894016265869,4.334942817687988,4.011834621429443,3.8367741107940674,3.557270050048828,3.237661123275757,3.075437545776367,3.0516724586486816,2.8236806392669678,2.4877772331237793,2.609123945236206,2.591306686401367,2.248556137084961,2.2579612731933594,2.429302453994751,2.352982759475708
A6,1.416991114616394,1.1567285060882568,0.8676718473434448,0.5293970704078674,0.37976300716400146,0.0,0.37708011269569397,0.5751622319221497,0.6501679420471191,0.8180980682373047,1.0364738702774048,1.1832166910171509,1.383532166481018,1.6299115419387817,1.738300085067749,2.487413167953491,2.304708480834961,2.6117923259735107,2.733128070831299,2.6660544872283936,3.0255699157714844,3.1703293323516846,3.0098609924316406,3.2693264484405518,3.547206163406372,3.5130138397216797,3.6031696796417236,3.957766532897949,4.206193447113037,4.200638294219971,5.205857753753662,5.080471515655518,5.41189432144165,5.522656440734863,5.435687065124512,5.7478413581848145,5.981448650360107,5.83465051651001,5.982074737548828,6.322687149047852,6.339035511016846,6.268494129180908,6.65093994140625,6.769883632659912,6.711632251739502,6.738012790679932,6.41111946105957,6.522584438323975,6.478122234344482,6.156290531158447,6.305545330047607,6.450608253479004,6.148773193359375,6.032290458679199,6.337229251861572,6.277363300323486,5.959986209869385,6.158702373504639,6.145888805389404,5.965460777282715,4.673961162567139,4.357717037200928,4.17124605178833,3.8836472034454346,3.57295298576355,3.3904361724853516,3.3608665466308594,3.1464505195617676,2.798311233520508,2.891232967376709,2.8769311904907227,2.531191110610962,2.496702194213867,2.6444013118743896,2.5547587871551514
A7,1.5248202085494995,1.2889755964279175,0.9304810762405396,0.7015039920806885,0.5603486895561218,0.37708011269569397,0.0,0.38288450241088867,0.5313025116920471,0.553949773311615,0.7131118774414062,0.9425013065338135,1.1444669961929321,1.3361464738845825,1.4492069482803345,2.3770625591278076,2.24550199508667,2.572972297668457,2.7325680255889893,2.708836793899536,3.075599193572998,3.1923248767852783,3.05045747756958,3.3408920764923096,3.590686559677124,3.541304111480713,3.664313554763794,4.008526802062988,4.264400959014893,4.266244411468506,5.363337516784668,5.258698463439941,5.597136497497559,5.727353096008301,5.653136253356934,5.975282669067383,6.197471618652344,6.049501419067383,6.213226318359375,6.547061920166016,6.550610542297363,6.4884562492370605,6.872839450836182,6.987874984741211,6.915200710296631,6.945511817932129,6.617414474487305,6.721919536590576,6.689836502075195,6.362021446228027,6.5175065994262695,6.646053791046143,6.332608699798584,6.220530033111572,6.516490459442139,6.438004970550537,6.116051197052002,6.311642646789551,6.278658866882324,6.08083963394165,4.754697799682617,4.429409980773926,4.226871490478516,3.9593942165374756,3.637010335922241,3.4620659351348877,3.3929128646850586,3.1581597328186035,2.8142600059509277,2.875293493270874,2.8180160522460938,2.4590940475463867,2.4058451652526855,2.503218412399292,2.3677725791931152
A8,1.6291238069534302,1.3329882621765137,1.0023962259292603,0.8588332533836365,0.5687826871871948,0.5751622319221497,0.38288450241088867,0.0,0.37514248490333557,0.5506336092948914,0.5701395869255066,0.6821261048316956,0.9737760424613953,1.1659188270568848,1.2036597728729248,2.0409700870513916,1.905714988708496,2.2221078872680664,2.403496026992798,2.3788325786590576,2.752152919769287,2.8462884426116943,2.69944167137146,3.0016582012176514,3.2398364543914795,3.178284168243408,3.3103222846984863,3.6511809825897217,3.9069435596466064,3.9110424518585205,5.054280757904053,4.965160846710205,5.308958530426025,5.453627586364746,5.392881870269775,5.72265100479126,5.935575008392334,5.791197776794434,5.971270561218262,6.297561168670654,6.294026851654053,6.245386600494385,6.630673885345459,6.749629974365234,6.669981002807617,6.754599571228027,6.433689594268799,6.547859191894531,6.535672187805176,6.212639808654785,6.387012958526611,6.510287284851074,6.191656112670898,6.100557327270508,6.398861885070801,6.308610916137695,5.9947686195373535,6.206962585449219,6.1726813316345215,5.964426517486572,4.6937575340271,4.353862762451172,4.173276424407959,3.9250311851501465,3.5853404998779297,3.4487552642822266,3.3808724880218506,3.116257429122925,2.796346664428711,2.888636589050293,2.803065776824951,2.439662456512451,2.440168857574463,2.5342600345611572,2.374720573425293
A9,1.9364013671875,1.6350371837615967,1.319834589958191,1.0966789722442627,0.7909774780273438,0.6501679420471191,0.5313025116920471,0.37514248490333557,0.0,0.37793734669685364,0.5750558376312256,0.5792233347892761,0.7616367936134338,1.046209692955017,1.1633318662643433,1.894536018371582,1.7549229860305786,2.09610652923584,2.235539197921753,2.2387359142303467,2.596332550048828,2.7270824909210205,2.6195900440216064,2.9135169982910156,3.1535887718200684,3.133599042892456,3.2795157432556152,3.6070995330810547,3.8858418464660645,3.92256236076355,5.050982475280762,4.969738960266113,5.322075843811035,5.452174663543701,5.409225940704346,5.729927062988281,5.957679748535156,5.835484504699707,6.017563343048096,6.343592643737793,6.358936309814453,6.325042247772217,6.708901882171631,6.846994400024414,6.782990455627441,6.937678813934326,6.6251349449157715,6.756194114685059,6.745849132537842,6.432667255401611,6.612891674041748,6.7496466636657715,6.438624382019043,6.354907989501953,6.662171363830566,6.581107139587402,6.2743306159973145,6.495652198791504,6.474132061004639,6.272366523742676,5.032894611358643,4.693830490112305,4.5228047370910645,4.268823146820068,3.9313700199127197,3.794583559036255,3.7395572662353516,3.478830337524414,3.158069372177124,3.25594162940979,3.176848888397217,2.814004898071289,2.8096611499786377,2.9000680446624756,2.7339372634887695
A10,2.0663111209869385,1.8128873109817505,1.4560680389404297,1.24590003490448,1.0225095748901367,0.8180980682373047,0.553949773311615,0.5506336092948914,0.37793734669685364,0.0,0.38097965717315674,0.560655415058136,0.6257638335227966,0.851390540599823,1.0519312620162964,2.022202253341675,1.9444262981414795,2.3064074516296387,2.4616196155548096,2.5105884075164795,2.8610129356384277,2.9813272953033447,2.900721311569214,3.2101199626922607,3.428557872772217,3.407170534133911,3.5774412155151367,3.8928890228271484,4.178914546966553,4.224586009979248,5.397536277770996,5.325887680053711,5.680778980255127,5.816352844238281,5.778285980224609,6.100794315338135,6.325973033905029,6.203728199005127,6.389484882354736,6.713837623596191,6.725175857543945,6.692188739776611,7.076470851898193,7.211390972137451,7.141658782958984,7.276965141296387,6.960452556610107,7.082399845123291,7.070796012878418,6.7513275146484375,6.926368236541748,7.054625511169434,6.7382612228393555,6.6469926834106445,6.946831226348877,6.858704090118408,6.544621467590332,6.7551069259643555,6.7197489738464355,6.510770797729492,5.217904090881348,4.8804168701171875,4.686302661895752,4.437521934509277,4.1016411781311035,3.950456142425537,3.8663034439086914,3.607450008392334,3.2794785499572754,3.3368241786956787,3.2400777339935303,2.8732855319976807,2.8272204399108887,2.876091718673706,2.684190034866333
A11,2.086073160171509,1.8325692415237427,1.471252202987671,1.3572802543640137,1.1262661218643188,1.0364738702774048,0.7131118774414062,0.5701395869255066,0.5750558376312256,0.38097965717315674,0.0,0.3751356601715088,0.5618278384208679,0.6436742544174194,0.7524183392524719,1.8881241083145142,1.853018045425415,2.205498456954956,2.414008378982544,2.478396415710449,2.8374297618865967,2.910411834716797,2.8240339756011963,3.1577072143554688,3.3490748405456543,3.2943313121795654,3.4820809364318848,3.791565179824829,4.069584369659424,4.106504440307617,5.354270935058594,5.2986555099487305,5.6543498039245605,5.813615798950195,5.781018257141113,6.115414142608643,6.322306156158447,6.191485404968262,6.392266273498535,6.708348274230957,6.700629711151123,6.67207145690918,7.057232856750488,7.18272590637207,7.094841003417969,7.225882530212402,6.909366130828857,7.024054050445557,7.027683734893799,6.7038750648498535,6.887827396392822,6.998268127441406,6.670915126800537,6.588828086853027,6.879838943481445,6.772319316864014,6.457639217376709,6.669280052185059,6.616779804229736,6.391358375549316,5.098777770996094,4.751795768737793,4.556410312652588,4.3319783210754395,3.984531879425049,3.856189012527466,3.746941566467285,3.465550661087036,3.156310796737671,3.206557512283325,3.0716843605041504,2.7029268741607666,2.6731045246124268,2.6902151107788086,2.464158058166504
A12,2.2836155891418457,1.9862060546875,1.65846586227417,1.5397007465362549,1.2367932796478271,1.1832166910171509,0.9425013065338135,0.6821261048316956,0.5792233347892761,0.560655415058136,0.3751356601715088,0.0,0.37606099247932434,0.5458295345306396,0.588007926940918,1.5206698179244995,1.4799408912658691,1.8367609977722168,2.0429563522338867,2.121656894683838,2.4756288528442383,2.5476322174072266,2.477914333343506,2.814436435699463,2.9969897270202637,2.9550225734710693,3.155120611190796,3.4541893005371094,3.742765426635742,3.798091411590576,5.062524795532227,5.021636486053467,5.3838019371032715,5.54495096206665,5.530798435211182,5.864551544189453,6.071737766265869,5.955334186553955,6.167689323425293,6.477335453033447,6.474828243255615,6.46351432800293,6.847323894500732,6.985653400421143,6.902161121368408,7.1111273765563965,6.805562973022461,6.9372663497924805,6.9557366371154785,6.642448425292969,6.8428850173950195,6.958346366882324,6.633420467376709,6.571166038513184,6.869442939758301,6.760733604431152,6.457615375518799,6.68717622756958,6.6440253257751465,6.417435169219971,5.194457054138184,4.8393425941467285,4.669856548309326,4.4534993171691895,4.097537040710449,3.9967782497406006,3.904195547103882,3.6080172061920166,3.3161909580230713,3.400212287902832,3.2598085403442383,2.893141746520996,2.9058070182800293,2.93570613861084,2.706432342529297
A13,2.589345932006836,2.3046698570251465,1.9639948606491089,1.8024115562438965,1.5162792205810547,1.383532166481018,1.1444669961929321,0.9737760424613953,0.7616367936134338,0.6257638335227966,0.5618278384208679,0.37606099247932434,0.0,0.3653370440006256,0.6098251938819885,1.5207897424697876,1.5260154008865356,1.904316782951355,2.076650857925415,2.20843243598938,2.5349133014678955,2.629417896270752,2.6113121509552,2.943052291870117,3.110872507095337,3.103393077850342,3.325425386428833,3.602576971054077,3.9105687141418457,3.9964473247528076,5.263797760009766,5.234500408172607,5.602897644042969,5.755194187164307,5.757445335388184,6.084102630615234,6.300475597381592,6.201371669769287,6.416662216186523,6.724358558654785,6.734080791473389,6.734525203704834,7.116665363311768,7.267625331878662,7.193139553070068,7.444489002227783,7.143314838409424,7.282821178436279,7.301853179931641,6.992713451385498,7.194675922393799,7.315910816192627,6.993995189666748,6.933138370513916,7.234416484832764,7.1291399002075195,6.827432155609131,7.058258533477783,7.017789363861084,6.792600631713867,5.564809799194336,5.211109161376953,5.0369720458984375,4.817555904388428,4.463888645172119,4.354545593261719,4.258384704589844,3.9667346477508545,3.668846368789673,3.739044189453125,3.5978758335113525,3.229863166809082,3.219877243041992,3.232125997543335,2.991154670715332
A14,2.7180070877075195,2.45485782623291,2.1030514240264893,1.993355631828308,1.7328170537948608,1.6299115419387817,1.3361464738845825,1.1659188270568848,1.046209692955017,0.851390540599823,0.6436742544174194,0.5458295345306396,0.3653370440006256,0.0,0.36805039644241333,1.5668314695358276,1.6462405920028687,2.0106730461120605,2.2266838550567627,2.3877506256103516,2.7094762325286865,2.7614691257476807,2.752668619155884,3.103588819503784,3.2386083602905273,3.2060084342956543,3.4501333236694336,3.713606357574463,4.016515731811523,4.1000823974609375,5.434603214263916,5.421022415161133,5.789759159088135,5.960565567016602,5.968541622161865,6.30340576171875,6.505442142486572,6.400461673736572,6.627195358276367,6.927891731262207,6.922512531280518,6.926342010498047,7.308623313903809,7.451300621032715,7.361692428588867,7.600714206695557,7.298150539398193,7.428269386291504,7.457056999206543,7.142521858215332,7.347795009613037,7.452875137329102,7.121571063995361,7.063570022583008,7.354944705963135,7.233394622802734,6.9285664558410645,7.154747009277344,7.096301555633545,6.85703706741333,5.609442710876465,5.251696586608887,5.067317962646484,4.867733478546143,4.509382247924805,4.409381866455078,4.284827709197998,3.9818167686462402,3.696274757385254,3.743398904800415,3.570864200592041,3.205734968185425,3.1882801055908203,3.159388780593872,2.8867626190185547
A15,2.6945128440856934,2.419508695602417,2.0901379585266113,2.0393524169921875,1.7623409032821655,1.738300085067749,1.4492069482803345,1.2036597728729248,1.1633318662643433,1.0519312620162964,0.7524183392524719,0.588007926940918,0.6098251938819885,0.36805039644241333,0.0,1.3992743492126465,1.4993587732315063,1.8348926305770874,2.100008487701416,2.2532334327697754,2.5822885036468506,2.5886337757110596,2.5616414546966553,2.9268414974212646,3.042728900909424,2.976393461227417,3.2260990142822266,3.4872560501098633,3.7772715091705322,3.847848892211914,5.228055953979492,5.2249650955200195,5.591498374938965,5.780956268310547,5.791316986083984,6.1347856521606445,6.320479393005371,6.207843780517578,6.445486068725586,6.738447189331055,6.717544078826904,6.7247748374938965,7.1063761711120605,7.2414350509643555,7.138364315032959,7.381906986236572,7.082294940948486,7.209900856018066,7.252725124359131,6.938559055328369,7.153405666351318,7.246530055999756,6.909352779388428,6.863396644592285,7.149521350860596,7.014765739440918,6.714227199554443,6.945930004119873,6.879470348358154,6.63014554977417,5.415855407714844,5.051194190979004,4.878599166870117,4.699245929718018,4.33314847946167,4.2608537673950195,4.130185604095459,3.8099281787872314,3.547840118408203,3.60791015625,3.413482189178467,3.0542962551116943,3.071627140045166,3.0369584560394287,2.7525382041931152
B1,3.4797587394714355,3.119166612625122,2.8994359970092773,2.8208985328674316,2.448044538497925,2.487413167953491,2.3770625591278076,2.0409700870513916,1.894536018371582,2.022202253341675,1.8881241083145142,1.5206698179244995,1.5207897424697876,1.5668314695358276,1.3992743492126465,0.0,0.36821720004081726,0.563480019569397,0.8169646263122559,1.0966461896896362,1.3245128393173218,1.2927316427230835,1.3962293863296509,1.7426111698150635,1.7836698293685913,1.7981396913528442,2.103482246398926,2.287639617919922,2.6206655502319336,2.7829744815826416,4.166645526885986,4.224173545837402,4.604582786560059,4.791711807250977,4.8761186599731445,5.203850746154785,5.388261318206787,5.338155746459961,5.611297130584717,5.8725972175598145,5.877174377441406,5.950455665588379,6.3167724609375,6.5007219314575195,6.422576904296875,6.956742763519287,6.705604553222656,6.895585060119629,6.985966682434082,6.720333099365234,6.985811710357666,7.101855278015137,6.7869672775268555,6.809835433959961,7.118399143218994,6.991692543029785,6.740926742553711,7.029930591583252,7.007108688354492,6.768881320953369,5.833163261413574,5.459478855133057,5.380861759185791,5.220402240753174,4.848696708679199,4.854604244232178,4.796876907348633,4.45908784866333,4.251174449920654,4.415191173553467,4.240475654602051,3.905691385269165,4.032873630523682,4.066697597503662,3.818725347518921
B2,3.28784441947937,2.9150326251983643,2.7224724292755127,2.630511999130249,2.249997615814209,2.304708480834961,2.24550199508667,1.905714988708496,1.7549229860305786,1.9444262981414795,1.853018045425415,1.4799408912658691,1.5260154008865356,1.6462405920028687,1.4993587732315063,0.36821720004081726,0.0,0.3839033842086792,0.6033114790916443,0.8018299341201782,1.091559648513794,1.118602991104126,1.1671833992004395,1.5069137811660767,1.6149901151657104,1.6454225778579712,1.9101675748825073,2.134427070617676,2.467881917953491,2.616321563720703,3.9325244426727295,3.966291904449463,4.346970081329346,4.5198163986206055,4.590506076812744,4.91563606262207,5.112215995788574,5.05940055847168,5.320781230926514,5.59196138381958,5.60640811920166,5.670625686645508,6.03934907913208,6.226317882537842,6.159005165100098,6.685582160949707,6.433249473571777,6.628815650939941,6.7094621658325195,6.4469122886657715,6.708547592163086,6.837182998657227,6.529811382293701,6.549184799194336,6.865296840667725,6.752296447753906,6.503788471221924,6.7957377433776855,6.787882328033447,6.562244892120361,5.646795749664307,5.277858734130859,5.209869384765625,5.035003662109375,4.668935775756836,4.670921802520752,4.637956142425537,4.310606479644775,4.097827911376953,4.282734394073486,4.133724689483643,3.80117130279541,3.9389915466308594,4.006143569946289,3.785595655441284
B3,3.509429693222046,3.131382942199707,2.972877264022827,2.9035871028900146,2.5239241123199463,2.6117923259735107,2.572972297668457,2.2221078872680664,2.09610652923584,2.3064074516296387,2.205498456954956,1.8367609977722168,1.904316782951355,2.0106730461120605,1.8348926305770874,0.563480019569397,0.3839033842086792,0.0,0.3840250074863434,0.5793511867523193,0.8156986236572266,0.7598034739494324,0.8361517190933228,1.1805450916290283,1.2477926015853882,1.2800624370574951,1.5646661520004272,1.7651832103729248,2.1032462120056152,2.269655466079712,3.6098735332489014,3.665576696395874,4.046870231628418,4.2305521965026855,4.3205742835998535,4.645936012268066,4.830999851226807,4.788631439208984,5.064051628112793,5.321896076202393,5.333034038543701,5.414638996124268,5.77788782119751,5.971187591552734,5.9024481773376465,6.496862888336182,6.2588653564453125,6.466355323791504,6.564731597900391,6.315375328063965,6.591623306274414,6.718411445617676,6.415436744689941,6.456407070159912,6.7724995613098145,6.655698776245117,6.42261266708374,6.727733612060547,6.725939750671387,6.500056743621826,5.671762943267822,5.302842140197754,5.261543273925781,5.102383613586426,4.738082408905029,4.768623352050781,4.748499870300293,4.416886329650879,4.229685306549072,4.436059951782227,4.285360813140869,3.9678096771240234,4.135593891143799,4.211268901824951,3.997838258743286
B4,3.6910252571105957,3.3067381381988525,3.1587815284729004,3.0532331466674805,2.6713478565216064,2.733128070831299,2.7325680255889893,2.403496026992798,2.235539197921753,2.4616196155548096,2.414008378982544,2.0429563522338867,2.076650857925415,2.2266838550567627,2.100008487701416,0.8169646263122559,0.6033114790916443,0.3840250074863434,0.0,0.38459721207618713,0.5175389051437378,0.6158156991004944,0.7902689576148987,1.045958161354065,1.1410914659500122,1.2826789617538452,1.5371571779251099,1.712889552116394,2.069091320037842,2.2721824645996094,3.4992568492889404,3.5537188053131104,3.9374606609344482,4.093951225280762,4.198983192443848,4.507338523864746,4.711362361907959,4.694507598876953,4.9634690284729,5.221165180206299,5.25760555267334,5.350802421569824,5.708688735961914,5.921950817108154,5.876004219055176,6.533144474029541,6.305515766143799,6.530055522918701,6.624455451965332,6.388477325439453,6.66569185256958,6.8101396560668945,6.520747184753418,6.566016674041748,6.891444206237793,6.7910966873168945,6.567104339599609,6.879098415374756,6.8963470458984375,6.6846795082092285,5.89365291595459,5.530694484710693,5.499980449676514,5.327371120452881,4.970109939575195,4.993864059448242,4.994983673095703,4.674654006958008,4.479742050170898,4.6972784996032715,4.567295551300049,4.248860836029053,4.41323709487915,4.50687837600708,4.306641101837158
B5,3.535050868988037,3.1473259925842285,3.0403168201446533,2.9447948932647705,2.569946765899658,2.6660544872283936,2.708836793899536,2.3788325786590576,2.2387359142303467,2.5105884075164795,2.478396415710449,2.121656894683838,2.20843243598938,2.3877506256103516,2.2532334327697754,1.0966461896896362,0.8018299341201782,0.5793511867523193,0.38459721207618713,0.0,0.38354557752609253,0.539307713508606,0.5451124310493469,0.7774197459220886,0.9802738428115845,1.1127220392227173,1.295436143875122,1.5282034873962402,1.868088960647583,2.0393691062927246,3.203632116317749,3.23301362991333,3.616008758544922,3.7670090198516846,3.8547074794769287,4.166237831115723,4.375213146209717,4.3487372398376465,4.609540939331055,4.875527381896973,4.913960933685303,4.996920585632324,5.357819557189941,5.569240570068359,5.527889251708984,6.1731414794921875,5.945420742034912,6.173757076263428,6.263456344604492,6.031246662139893,6.307509899139404,6.459396839141846,6.1763014793396,6.2227277755737305,6.552440166473389,6.461256504058838,6.242406845092773,6.558197498321533,6.587594509124756,6.386106967926025,5.6366400718688965,5.279748439788818,5.265733242034912,5.0885009765625,4.739206790924072,4.769943714141846,4.7946343421936035,4.484144687652588,4.297409534454346,4.536943435668945,4.42775297164917,4.121116638183594,4.304091453552246,4.426137924194336,4.253054141998291
B6,3.9031903743743896,3.515014171600342,3.4159653186798096,3.313250780105591,2.9395995140075684,3.0255699157714844,3.075599193572998,2.752152919769287,2.596332550048828,2.8610129356384277,2.8374297618865967,2.4756288528442383,2.5349133014678955,2.7094762325286865,2.5822885036468506,1.3245128393173218,1.091559648513794,0.8156986236572266,0.5175389051437378,0.38354557752609253,0.0,0.37760910391807556,0.5697944164276123,0.6379983425140381,0.7780829668045044,1.0255054235458374,1.204635739326477,1.3577405214309692,1.7126165628433228,1.9386545419692993,3.039407730102539,3.0970916748046875,3.4803645610809326,3.6218979358673096,3.744067430496216,4.040555953979492,4.250530242919922,4.2552170753479,4.525233268737793,4.775473117828369,4.827945709228516,4.93703031539917,5.286956310272217,5.517055511474609,5.488353252410889,6.230368137359619,6.021617889404297,6.267268180847168,6.36943244934082,6.155406951904297,6.442209720611572,6.599890232086182,6.327441215515137,6.391872882843018,6.723794460296631,6.636565208435059,6.43363618850708,6.759962558746338,6.800028324127197,6.603671550750732,5.924407958984375,5.570651054382324,5.573817729949951,5.402890205383301,5.057826042175293,5.100677013397217,5.135018348693848,4.825716495513916,4.64924955368042,4.897051811218262,4.7890625,4.488002777099609,4.6784257888793945,4.801512718200684,4.627805709838867
B7,3.9703547954559326,3.585630416870117,3.490445852279663,3.426731824874878,3.0538370609283447,3.1703293323516846,3.1923248767852783,2.8462884426116943,2.7270824909210205,2.9813272953033447,2.910411834716797,2.5476322174072266,2.629417896270752,2.7614691257476807,2.5886337757110596,1.2927316427230835,1.118602991104126,0.7598034739494324,0.6158156991004944,0.539307713508606,0.37760910391807556,0.0,0.3796975910663605,0.5345603823661804,0.5284878611564636,0.7153794169425964,0.9750263690948486,1.1041358709335327,1.4653291702270508,1.6953718662261963,2.9447803497314453,3.0322647094726562,3.414207935333252,3.5920605659484863,3.7232861518859863,4.033984184265137,4.214846134185791,4.209009647369385,4.4992547035217285,4.735263347625732,4.762145042419434,4.8792524337768555,5.22796630859375,5.446805000305176,5.396294116973877,6.1461052894592285,5.941049098968506,6.181270599365234,6.302351474761963,6.087569713592529,6.385230541229248,6.524864673614502,6.243854999542236,6.321826934814453,6.6445112228393555,6.538887977600098,6.340155601501465,6.6698808670043945,6.696536064147949,6.486684322357178,5.837741851806641,5.47915506362915,5.490335941314697,5.343155384063721,4.99349308013916,5.060618877410889,5.082365989685059,4.760544776916504,4.606990814208984,4.855279445648193,4.726365566253662,4.435074329376221,4.643224716186523,4.751869201660156,4.567933559417725
B8,3.7048287391662598,3.3228707313537598,3.257999897003174,3.21848201751709,2.8563833236694336,3.0098609924316406,3.05045747756958,2.69944167137146,2.6195900440216064,2.900721311569214,2.8240339756011963,2.477914333343506,2.6113121509552,2.752668619155884,2.5616414546966553,1.3962293863296509,1.1671833992004395,0.8361517190933228,0.7902689576148987,0.5451124310493469,0.5697944164276123,0.3796975910663605,0.0,0.3819311559200287,0.5414357781410217,0.5806085467338562,0.7671408653259277,1.0178653001785278,1.3456668853759766,1.5057518482208252,2.7744874954223633,2.831770658493042,3.2131688594818115,3.401590347290039,3.501945972442627,3.8276925086975098,4.004412651062012,3.970763683319092,4.25518274307251,4.502884864807129,4.517083644866943,4.614012241363525,4.971140384674072,5.175792694091797,5.1165642738342285,5.8093366622924805,5.595440864562988,5.828786849975586,5.945124626159668,5.72409725189209,6.018979549407959,6.156818389892578,5.873214244842529,5.947175025939941,6.269731521606445,6.164506912231445,5.9633378982543945,6.292014122009277,6.319653511047363,6.111882209777832,5.472200870513916,5.116143226623535,5.135232925415039,4.988724708557129,4.643057346343994,4.7175140380859375,4.749938488006592,4.432799816131592,4.288804054260254,4.549979209899902,4.431336402893066,4.151142597198486,4.374819755554199,4.500469207763672,4.335912227630615
B9,3.9382781982421875,3.557023286819458,3.5189239978790283,3.4704949855804443,3.11566424369812,3.2693264484405518,3.3408920764923096,3.0016582012176514,2.9135169982910156,3.2101199626922607,3.1577072143554688,2.814436435699463,2.943052291870117,3.103588819503784,2.9268414974212646,1.7426111698150635,1.5069137811660767,1.1805450916290283,1.045958161354065,0.7774197459220886,0.6379983425140381,0.5345603823661804,0.3819311559200287,0.0,0.3698938488960266,0.5565604567527771,0.5944836735725403,0.8083354234695435,1.1316490173339844,1.322849988937378,2.455120801925659,2.5182337760925293,2.901454448699951,3.074770212173462,3.1945700645446777,3.508378744125366,3.692378282546997,3.681877374649048,3.967742919921875,4.208447456359863,4.239786148071289,4.3531622886657715,4.702697277069092,4.9248366355896,4.883168697357178,5.656227111816406,5.459595203399658,5.711808204650879,5.833562850952148,5.632308483123779,5.933928489685059,6.0842132568359375,5.816466808319092,5.90532112121582,6.233109951019287,6.1405463218688965,5.957123279571533,6.296079635620117,6.343112468719482,6.1494035720825195,5.595973968505859,5.249397277832031,5.292069435119629,5.144859790802002,4.810966968536377,4.894855499267578,4.951438903808594,4.645908355712891,4.511862754821777,4.790133476257324,4.689207077026367,4.420245170593262,4.654484272003174,4.798271656036377,4.650644302368164
B10,4.218402862548828,3.8388891220092773,3.788325071334839,3.753614664077759,3.393921375274658,3.547206163406372,3.590686559677124,3.2398364543914795,3.1535887718200684,3.428557872772217,3.3490748405456543,2.9969897270202637,3.110872507095337,3.2386083602905273,3.042728900909424,1.7836698293685913,1.6149901151657104,1.2477926015853882,1.1410914659500122,0.9802738428115845,0.7780829668045044,0.5284878611564636,0.5414357781410217,0.3698938488960266,0.0,0.37255096435546875,0.5430333018302917,0.5884041786193848,0.9519180059432983,1.2118467092514038,2.4539635181427,2.5702967643737793,2.947704315185547,3.1442530155181885,3.297114133834839,3.608171224594116,3.767089366912842,3.7704994678497314,4.0774993896484375,4.293678283691406,4.3126678466796875,4.449876308441162,4.789144039154053,5.012642860412598,4.95999813079834,5.7900896072387695,5.606361389160156,5.860602855682373,6.003052234649658,5.809196472167969,6.12248420715332,6.259527683258057,5.9892401695251465,6.094966888427734,6.414678573608398,6.307876110076904,6.133157253265381,6.476749420166016,6.514472484588623,6.310250759124756,5.792631149291992,5.442465305328369,5.490671157836914,5.363500595092773,5.025662422180176,5.126683235168457,5.16948127746582,4.852851390838623,4.733755111694336,5.006479263305664,4.884779453277588,4.61928129196167,4.859758377075195,4.9840474128723145,4.819360256195068
B11,4.084813117980957,3.7137043476104736,3.674970865249634,3.677915573120117,3.3276453018188477,3.5130138397216797,3.541304111480713,3.178284168243408,3.133599042892456,3.407170534133911,3.2943313121795654,2.9550225734710693,3.103393077850342,3.2060084342956543,2.976393461227417,1.7981396913528442,1.6454225778579712,1.2800624370574951,1.2826789617538452,1.1127220392227173,1.0255054235458374,0.7153794169425964,0.5806085467338562,0.5565604567527771,0.37255096435546875,0.0,0.3712584972381592,0.5111881494522095,0.8253973722457886,1.0128406286239624,2.433426856994629,2.5488193035125732,2.9197447299957275,3.1519157886505127,3.284165859222412,3.615410566329956,3.748124837875366,3.7196707725524902,4.035003662109375,4.24940299987793,4.237276554107666,4.362253189086914,4.706760406494141,4.907748699188232,4.829301357269287,5.605693817138672,5.414957046508789,5.655518531799316,5.806674957275391,5.6037373542785645,5.920346260070801,6.040051460266113,5.758621692657471,5.867293357849121,6.178271293640137,6.055667877197266,5.878241062164307,6.2200541496276855,6.2437591552734375,6.028043746948242,5.516983985900879,5.164151668548584,5.216467380523682,5.1071271896362305,4.767655849456787,4.88655424118042,4.920452117919922,4.597408294677734,4.497992992401123,4.771620273590088,4.638106346130371,4.385056018829346,4.640929698944092,4.759275913238525,4.595584392547607
B12,4.094383716583252,3.728180408477783,3.7267515659332275,3.735755205154419,3.399602174758911,3.6031696796417236,3.664313554763794,3.3103222846984863,3.2795157432556152,3.5774412155151367,3.4820809364318848,3.155120611190796,3.325425386428833,3.4501333236694336,3.2260990142822266,2.103482246398926,1.9101675748825073,1.5646661520004272,1.5371571779251099,1.295436143875122,1.204635739326477,0.9750263690948486,0.7671408653259277,0.5944836735725403,0.5430333018302917,0.3712584972381592,0.0,0.3868802785873413,0.612941563129425,0.7453610897064209,2.0894551277160645,2.187798261642456,2.559919595718384,2.791944742202759,2.915987491607666,3.250312089920044,3.383463144302368,3.3511297702789307,3.6645147800445557,3.8817567825317383,3.8725013732910156,3.995610475540161,4.3409199714660645,4.545074939727783,4.473569869995117,5.272290229797363,5.088599681854248,5.339228630065918,5.4911065101623535,5.299220085144043,5.618961811065674,5.747320652008057,5.476676940917969,5.593886852264404,5.908868312835693,5.796955108642578,5.631689071655273,5.980401039123535,6.0203070640563965,5.817736625671387,5.379680156707764,5.037160873413086,5.112468242645264,5.002289295196533,4.676117897033691,4.805420875549316,4.865143299102783,4.556239604949951,4.469756126403809,4.763038635253906,4.651477336883545,4.4145283699035645,4.685274124145508,4.828218460083008,4.690732955932617
B13,4.4756035804748535,4.108994007110596,4.09981107711792,4.106024742126465,3.7643516063690186,3.957766532897949,4.008526802062988,3.6511809825897217,3.6070995330810547,3.8928890228271484,3.791565179824829,3.4541893005371094,3.602576971054077,3.713606357574463,3.4872560501098633,2.287639617919922,2.134427070617676,1.7651832103729248,1.712889552116394,1.5282034873962402,1.3577405214309692,1.1041358709335327,1.0178653001785278,0.8083354234695435,0.5884041786193848,0.5111881494522095,0.3868802785873413,0.0,0.366087943315506,0.6680704355239868,1.9991939067840576,2.1598246097564697,2.5216102600097656,2.7615349292755127,2.9320309162139893,3.250006675720215,3.364537239074707,3.3640668392181396,3.6950862407684326,3.8827898502349854,3.8749945163726807,4.031464099884033,4.359484672546387,4.576114177703857,4.507001876831055,5.402977466583252,5.241492748260498,5.503087997436523,5.674109935760498,5.500136852264404,5.830840587615967,5.954662322998047,5.691699981689453,5.829009056091309,6.1386566162109375,6.022252559661865,5.873250484466553,6.228609561920166,6.269886016845703,6.06623649597168,5.691468715667725,5.351293563842773,5.437553405761719,5.341043949127197,5.01708459854126,5.158785343170166,5.215507507324219,4.903378009796143,4.8276824951171875,5.119409084320068,4.9983601570129395,4.764913082122803,5.038680076599121,5.171034336090088,5.023568630218506
B14,4.630894184112549,4.274457931518555,4.291582107543945,4.319742679595947,3.9913487434387207,4.206193447113037,4.264400959014893,3.9069435596466064,3.8858418464660645,4.178914546966553,4.069584369659424,3.742765426635742,3.9105687141418457,4.016515731811523,3.7772715091705322,2.6206655502319336,2.467881917953491,2.1032462120056152,2.069091320037842,1.868088960647583,1.7126165628433228,1.4653291702270508,1.3456668853759766,1.1316490173339844,0.9519180059432983,0.8253973722457886,0.612941563129425,0.366087943315506,0.0,0.3661120533943176,1.7261333465576172,1.912752628326416,2.257505416870117,2.526400089263916,2.703157901763916,3.024113416671753,3.107482433319092,3.101414680480957,3.4455065727233887,3.6146204471588135,3.58828067779541,3.7549142837524414,4.075039863586426,4.2856831550598145,4.206177234649658,5.140041828155518,4.99323844909668,5.2592620849609375,5.4470672607421875,5.286859035491943,5.627081394195557,5.743379592895508,5.486985206604004,5.64362096786499,5.946534156799316,5.8261260986328125,5.694481372833252,6.056267261505127,6.101568222045898,5.900805473327637,5.620785713195801,5.289712429046631,5.400379657745361,5.321709632873535,5.009551525115967,5.1745524406433105,5.242225646972656,4.936697959899902,4.887258052825928,5.190168857574463,5.073428153991699,4.861217021942139,5.153228759765625,5.292784690856934,5.159302234649658
