,A1,A2,A3,A4,A5,A6,A7,A8,A9,A10,A11,A12,A13,A14,A15,B1,B2,B3,B4,B5,B6,B7,B8,B9,B10,B11,B12,B13,B14,B15,C1,C2,C3,C4,C5,C6,C7,C8,C9,C10,C11,C12,C13,C14,C15,D1,D2,D3,D4,D5,D6,D7,D8,D9,D10,D11,D12,D13,D14,D15,E1,E2,E3,E4,E5,E6,E7,E8,E9,E10,E11,E12,E13,E14,E15
A1,0.0,0.39687424898147583,0.6370433568954468,0.9361514449119568,1.2146962881088257,1.4345738887786865,1.6012964248657227,1.805687665939331,2.0503783226013184,2.257676124572754,2.497253894805908,2.7337124347686768,2.958787441253662,3.2278802394866943,3.281752824783325,3.3801522254943848,3.335690975189209,3.622159242630005,3.4619662761688232,3.476454496383667,3.6385445594787598,3.974018096923828,3.982281446456909,4.104310989379883,4.448936462402344,4.593271255493164,4.578700542449951,4.917093753814697,4.881375789642334,5.128225326538086,5.91604471206665,6.041271209716797,6.411403179168701,6.42515230178833,6.486609935760498,6.742382049560547,7.016158103942871,7.007147312164307,7.127895355224609,7.369477272033691,7.409100532531738,7.198167324066162,7.204886436462402,6.879400253295898,6.634588241577148,4.977795124053955,4.845239162445068,4.525012969970703,4.237601280212402,4.229099750518799,3.8571927547454834,3.864769458770752,4.102587699890137,3.8751728534698486,3.7859137058258057,4.109246253967285,4.292552471160889,4.214629650115967,4.581171989440918,4.885237693786621,6.37733793258667,6.473513603210449,6.805328845977783,7.051019668579102,7.164666652679443,7.494352340698242,7.756172180175781,7.866549491882324,8.11796760559082,8.407764434814453,8.684257507324219,8.841329574584961,9.12249755859375,9.39804458618164,9.657352447509766
A2,0.39687424898147583,0.0,0.3932623565196991,0.6951192617416382,0.8861774206161499,1.1552848815917969,1.3381692171096802,1.4951207637786865,1.730830192565918,1.9727962017059326,2.199099540710449,2.406986951828003,2.633496046066284,2.8845880031585693,2.9184577465057373,2.987180233001709,2.9435739517211914,3.236165761947632,3.0874390602111816,3.1091058254241943,3.2829160690307617,3.612668752670288,3.62733793258667,3.7657432556152344,4.102966785430908,4.250781536102295,4.253863334655762,4.593361854553223,4.575104713439941,4.8275299072265625,5.690380096435547,5.823048114776611,6.198521137237549,6.233180046081543,6.29860258102417,6.566042900085449,6.829422473907471,6.817663192749023,6.954861640930176,7.1844987869262695,7.226128578186035,7.012393951416016,7.033645153045654,6.716371059417725,6.46060848236084,4.798740863800049,4.641908645629883,4.3283257484436035,4.027557373046875,3.9916014671325684,3.6247007846832275,3.638967990875244,3.8564021587371826,3.6083617210388184,3.5365774631500244,3.8605268001556396,4.020102500915527,3.943119525909424,4.311093330383301,4.623504638671875,6.0951948165893555,6.189898490905762,6.529787540435791,6.763710021972656,6.884331703186035,7.207504749298096,7.475679874420166,7.598352432250977,7.844330310821533,8.138565063476562,8.419264793395996,8.586651802062988,8.862360000610352,9.145328521728516,9.410576820373535
A3,0.6370433568954468,0.3932623565196991,0.0,0.3882574141025543,0.6141884922981262,0.8771932125091553,0.9913046360015869,1.1724916696548462,1.439254641532898,1.6388733386993408,1.8633944988250732,2.101672887802124,2.3387291431427,2.6086456775665283,2.6716628074645996,2.9338552951812744,2.9149482250213623,3.2378692626953125,3.1322152614593506,3.172806739807129,3.3760604858398438,3.6889092922210693,3.71109676361084,3.8842430114746094,4.206056594848633,4.351253986358643,4.382076263427734,4.725912570953369,4.736536979675293,4.989159107208252,5.934375762939453,6.066013336181641,6.44646692276001,6.497500419616699,6.557624816894531,6.836156368255615,7.088531017303467,7.066207408905029,7.210888862609863,7.428082466125488,7.461176872253418,7.237208366394043,7.260331153869629,6.943998336791992,6.675718784332275,5.016108512878418,4.837618350982666,4.51829195022583,4.2217488288879395,4.155852317810059,3.795336961746216,3.7870519161224365,3.974905252456665,3.702897787094116,3.617196798324585,3.922175407409668,4.061076641082764,3.9520950317382812,4.310688495635986,4.639998912811279,6.15173864364624,6.264707565307617,6.6120924949646,6.840179920196533,6.980284690856934,7.293102741241455,7.57249116897583,7.710699558258057,7.960180759429932,8.250547409057617,8.541399002075195,8.721019744873047,8.997482299804688,9.283186912536621,9.558598518371582
A4,0.9361514449119568,0.6951192617416382,0.3882574141025543,0.0,0.38350918889045715,0.513251781463623,0.6814020276069641,0.927861213684082,1.1379791498184204,1.3334590196609497,1.6031984090805054,1.8464263677597046,2.045820474624634,2.3362090587615967,2.4334263801574707,2.7922942638397217,2.8223254680633545,3.1550800800323486,3.0695745944976807,3.1543495655059814,3.3548176288604736,3.663426637649536,3.7202365398406982,3.9094231128692627,4.213715076446533,4.380626678466797,4.440890789031982,4.776068210601807,4.802824974060059,5.071218967437744,6.076376438140869,6.225670337677002,6.606720924377441,6.673946380615234,6.748054027557373,7.0300374031066895,7.2779951095581055,7.263151168823242,7.423500061035156,7.6344475746154785,7.676571846008301,7.456514835357666,7.495100975036621,7.188067436218262,6.915080547332764,5.2578582763671875,5.06351375579834,4.755661964416504,4.446249961853027,4.359335899353027,4.0070977210998535,4.011266231536865,4.178821563720703,3.888068914413452,3.8222274780273438,4.122610569000244,4.232489109039307,4.119269371032715,4.473463535308838,4.812949180603027,6.29852294921875,6.409143447875977,6.765132427215576,6.976886749267578,7.1240410804748535,7.427779197692871,7.713608264923096,7.865663051605225,8.105935096740723,8.402472496032715,8.696035385131836,8.886082649230957,9.154069900512695,9.448471069335938,9.728111267089844
A5,1.2146962881088257,0.8861774206161499,0.6141884922981262,0.38350918889045715,0.0,0.3809627294540405,0.5246590375900269,0.6351810097694397,0.8453577756881714,1.1011050939559937,1.33615243434906,1.5367674827575684,1.7498422861099243,2.014061450958252,2.082050323486328,2.435593366622925,2.4652211666107178,2.808724880218506,2.7466185092926025,2.8357279300689697,3.0544092655181885,3.3481533527374268,3.406651496887207,3.6162140369415283,3.9082794189453125,4.072172164916992,4.150790691375732,4.485891342163086,4.533247947692871,4.801265716552734,5.87480354309082,6.026095390319824,6.410158157348633,6.496431350708008,6.569904804229736,6.862284183502197,7.097832202911377,7.077118396759033,7.250224590301514,7.4478654861450195,7.488534450531006,7.264692783355713,7.3142595291137695,7.0152482986450195,6.732664108276367,5.085216045379639,4.86946964263916,4.569320201873779,4.254609107971191,4.140881538391113,3.7997381687164307,3.8047850131988525,3.947273015975952,3.6397032737731934,3.5880374908447266,3.881251096725464,3.9658257961273193,3.8511016368865967,4.201247692108154,4.5462870597839355,6.008002758026123,6.119396209716797,6.48098611831665,6.681811332702637,6.836726188659668,7.132652759552002,7.423976421356201,7.587230682373047,7.823315143585205,8.121394157409668,8.41893196105957,8.618173599243164,8.881616592407227,9.181063652038574,9.466245651245117
A6,1.4345738887786865,1.1552848815917969,0.8771932125091553,0.513251781463623,0.3809627294540405,0.0,0.37160202860832214,0.6081736087799072,0.6805243492126465,0.903935968875885,1.2139756679534912,1.4291276931762695,1.5788085460662842,1.8780344724655151,2.0022449493408203,2.4783716201782227,2.564926862716675,2.909207820892334,2.862839460372925,2.996497392654419,3.201997756958008,3.4920217990875244,3.5853657722473145,3.8015220165252686,4.076627731323242,4.262167930603027,4.363239288330078,4.686787128448486,4.742528915405273,5.0243330001831055,6.12534761428833,6.292200088500977,6.6742777824401855,6.768655300140381,6.855380058288574,7.146296977996826,7.381601333618164,7.370177268981934,7.5528998374938965,7.749064922332764,7.7986369132995605,7.580338954925537,7.640154838562012,7.347479820251465,7.064740180969238,5.421443939208984,5.200340270996094,4.909160137176514,4.5868940353393555,4.46497106552124,4.1298747062683105,4.145390033721924,4.277719497680664,3.962092161178589,3.9231555461883545,4.211798191070557,4.278280735015869,4.160508155822754,4.504619121551514,4.854773044586182,6.293328285217285,6.402071952819824,6.768523693084717,6.95678186416626,7.115458011627197,7.404281139373779,7.699122905731201,7.871437072753906,8.09957504272461,8.40222454071045,8.700390815734863,8.906083106994629,9.16246509552002,9.467921257019043,9.754792213439941
A7,1.6012964248657227,1.3381692171096802,0.9913046360015869,0.6814020276069641,0.5246590375900269,0.37160202860832214,0.0,0.3672390878200531,0.5603061318397522,0.661234974861145,0.9397720098495483,1.2140116691589355,1.4128894805908203,1.7262392044067383,1.8724621534347534,2.5577547550201416,2.637965440750122,3.003690004348755,2.99809193611145,3.1186745166778564,3.3562886714935303,3.623121738433838,3.698845386505127,3.940542697906494,4.206038475036621,4.370760917663574,4.482401371002197,4.813351631164551,4.890452861785889,5.159149646759033,6.305597305297852,6.458883762359619,6.84478235244751,6.9465651512146,7.0180888175964355,7.318396091461182,7.543633937835693,7.515679836273193,7.696521759033203,7.882201671600342,7.916620254516602,7.685208797454834,7.73777961730957,7.441558361053467,7.148804664611816,5.5136566162109375,5.280322074890137,4.978709697723389,4.670759677886963,4.531028747558594,4.201419353485107,4.186710357666016,4.2978105545043945,3.9715750217437744,3.908268690109253,4.174932956695557,4.233168125152588,4.0846991539001465,4.415928840637207,4.775157928466797,6.259894847869873,6.38976526260376,6.757597923278809,6.947869300842285,7.123584270477295,7.404819011688232,7.707293510437012,7.888247013092041,8.125035285949707,8.418588638305664,8.725693702697754,8.938399314880371,9.200029373168945,9.502588272094727,9.79777717590332
A8,1.805687665939331,1.4951207637786865,1.1724916696548462,0.927861213684082,0.6351810097694397,0.6081736087799072,0.3672390878200531,0.0,0.378132700920105,0.5375086069107056,0.7060301899909973,0.932161808013916,1.184289574623108,1.459828495979309,1.565092921257019,2.283642292022705,2.3518142700195312,2.72853422164917,2.7531516551971436,2.865166425704956,3.125688076019287,3.3707449436187744,3.436725616455078,3.6985247135162354,3.951549768447876,4.103443622589111,4.228346824645996,4.560420989990234,4.657576560974121,4.91859245300293,6.119166374206543,6.267592906951904,6.655362606048584,6.772121429443359,6.837296962738037,7.14699649810791,7.359416484832764,7.321789264678955,7.510229587554932,7.682720184326172,7.711282730102539,7.473992824554443,7.532156944274902,7.241694927215576,6.940281391143799,5.322038650512695,5.071186065673828,4.774548530578613,4.468997955322266,4.305962562561035,3.9891276359558105,3.967198371887207,4.053147315979004,3.7148640155792236,3.6571505069732666,3.910979747772217,3.9477741718292236,3.7931506633758545,4.116752624511719,4.479704856872559,5.950335502624512,6.084970474243164,6.4557719230651855,6.638932704925537,6.823258876800537,7.097068786621094,7.404208660125732,7.59402322769165,7.829885482788086,8.121545791625977,8.432867050170898,8.652849197387695,8.9125337600708,9.217055320739746,9.51750659942627
A9,2.0503783226013184,1.730830192565918,1.439254641532898,1.1379791498184204,0.8453577756881714,0.6805243492126465,0.5603061318397522,0.378132700920105,0.0,0.3767496645450592,0.616023063659668,0.7588631510734558,0.912284791469574,1.203192114830017,1.3406931161880493,2.1034419536590576,2.228837728500366,2.598860263824463,2.638197898864746,2.7963368892669678,3.040013074874878,3.278012990951538,3.382129430770874,3.648733139038086,3.8809218406677246,4.057003021240234,4.206834316253662,4.523272514343262,4.630192756652832,4.906315326690674,6.143672466278076,6.311032772064209,6.695859909057617,6.826380252838135,6.908201694488525,7.217585563659668,7.426577568054199,7.400424957275391,7.604132652282715,7.772093296051025,7.813657283782959,7.585171699523926,7.660899639129639,7.382416248321533,7.080929756164551,5.47401762008667,5.214130878448486,4.935492038726807,4.616449356079102,4.441684722900391,4.1359734535217285,4.137385368347168,4.210716247558594,3.8651154041290283,3.8382692337036133,4.09222936630249,4.10318660736084,3.9620296955108643,4.280821800231934,4.643336772918701,6.048357963562012,6.170714378356934,6.546661853790283,6.711082935333252,6.894668102264404,7.160379409790039,7.469265937805176,7.668776035308838,7.890932559967041,8.190670013427734,8.500038146972656,8.727107048034668,8.975327491760254,9.288480758666992,9.58926010131836
A10,2.257676124572754,1.9727962017059326,1.6388733386993408,1.3334590196609497,1.1011050939559937,0.903935968875885,0.661234974861145,0.5375086069107056,0.3767496645450592,0.0,0.36942631006240845,0.637552797794342,0.7875205874443054,1.127122402191162,1.3424866199493408,2.361168384552002,2.5001654624938965,2.8765006065368652,2.9478535652160645,3.107576608657837,3.3638646602630615,3.5833444595336914,3.68446683883667,3.9663634300231934,4.185838222503662,4.35249662399292,4.513888359069824,4.83029317855835,4.95214319229126,5.221801280975342,6.48661470413208,6.648262023925781,7.03427791595459,7.169193744659424,7.243868827819824,7.557623386383057,7.761161804199219,7.726487159729004,7.929225921630859,8.090991973876953,8.12379264831543,7.887636661529541,7.958696365356445,7.678035736083984,7.370665550231934,5.77112340927124,5.504999160766602,5.219562530517578,4.911221504211426,4.7264533042907715,4.4250664710998535,4.405523777008057,4.4641523361206055,4.112651348114014,4.0665788650512695,4.3009796142578125,4.304266929626465,4.1365203857421875,4.4405012130737305,4.809772491455078,6.245853424072266,6.385147571563721,6.761945724487305,6.924887657165527,7.122772216796875,7.37992525100708,7.69506311416626,7.903042316436768,8.129902839660645,8.422728538513184,8.738778114318848,8.972319602966309,9.222759246826172,9.53441047668457,9.841565132141113
A11,2.497253894805908,2.199099540710449,1.8633944988250732,1.6031984090805054,1.33615243434906,1.2139756679534912,0.9397720098495483,0.7060301899909973,0.616023063659668,0.36942631006240845,0.0,0.3649526536464691,0.6330098509788513,0.9223885536193848,1.1219995021820068,2.30332612991333,2.4275381565093994,2.811922550201416,2.925158977508545,3.068753480911255,3.3511617183685303,3.5396413803100586,3.623304843902588,3.927670955657959,4.130512714385986,4.275258541107178,4.449472427368164,4.767025470733643,4.9121880531311035,5.167388916015625,6.481682777404785,6.632205963134766,7.019502639770508,7.167016983032227,7.229359149932861,7.552609443664551,7.74200963973999,7.6926093101501465,7.89838171005249,8.045613288879395,8.0665283203125,7.820571422576904,7.891176223754883,7.613553524017334,7.296686172485352,5.7218241691589355,5.440223693847656,5.155255317687988,4.8588337898254395,4.651783466339111,4.365362167358398,4.325982570648193,4.355749607086182,3.995368242263794,3.9411559104919434,4.150834083557129,4.133575439453125,3.946241855621338,4.232573509216309,4.605670928955078,6.045275688171387,6.1989006996154785,6.576531887054443,6.734550952911377,6.947027206420898,7.19352912902832,7.514876842498779,7.7330121994018555,7.963071823120117,8.248603820800781,8.571419715881348,8.813063621520996,9.064286231994629,9.374844551086426,9.689292907714844
A12,2.7337124347686768,2.406986951828003,2.101672887802124,1.8464263677597046,1.5367674827575684,1.4291276931762695,1.2140116691589355,0.932161808013916,0.7588631510734558,0.637552797794342,0.3649526536464691,0.0,0.3748880922794342,0.5818476676940918,0.7572408318519592,2.0277533531188965,2.171722888946533,2.550628423690796,2.6965763568878174,2.8548789024353027,3.1397953033447266,3.302973747253418,3.3985836505889893,3.716031312942505,3.895104169845581,4.041745662689209,4.23748254776001,4.543824672698975,4.707189083099365,4.962862014770508,6.324634552001953,6.481393814086914,6.866268634796143,7.030568599700928,7.097729682922363,7.425502777099609,7.603815078735352,7.554885387420654,7.7735419273376465,7.909196853637695,7.934024333953857,7.6905975341796875,7.77509880065918,7.5094499588012695,7.188570499420166,5.639667987823486,5.343775272369385,5.075417518615723,4.774809837341309,4.548186779022217,4.279850006103516,4.251199245452881,4.257404804229736,3.8895740509033203,3.860192060470581,4.060303688049316,4.013242244720459,3.835155487060547,4.111350059509277,4.4822282791137695,5.858187198638916,6.005232334136963,6.386207103729248,6.5276594161987305,6.743407726287842,6.979986667633057,7.303886413574219,7.532219409942627,7.752508163452148,8.041337013244629,8.364360809326172,8.613775253295898,8.856252670288086,9.172564506530762,9.489431381225586
A13,2.958787441253662,2.633496046066284,2.3387291431427,2.045820474624634,1.7498422861099243,1.5788085460662842,1.4128894805908203,1.184289574623108,0.912284791469574,0.7875205874443054,0.6330098509788513,0.3748880922794342,0.0,0.3635154068470001,0.6741131544113159,2.010349750518799,2.214383840560913,2.573026180267334,2.7303571701049805,2.9312167167663574,3.1919596195220947,3.346552848815918,3.4790642261505127,3.794745445251465,3.952219247817993,4.121908664703369,4.3383331298828125,4.626747131347656,4.796088218688965,5.064917087554932,6.446950912475586,6.621008396148682,7.001672744750977,7.175889015197754,7.258696556091309,7.584031105041504,7.760622978210449,7.723428726196289,7.954172611236572,8.087288856506348,8.124406814575195,7.890047073364258,7.9890241622924805,7.733487129211426,7.41441011428833,5.876325607299805,5.576707363128662,5.323337078094482,5.0122761726379395,4.781080722808838,4.520845890045166,4.512562274932861,4.51328706741333,4.143993854522705,4.138612747192383,4.340142726898193,4.276097774505615,4.111526966094971,4.382467746734619,4.749617099761963,6.062187671661377,6.197340488433838,6.580954551696777,6.70522403717041,6.919015407562256,7.147557258605957,7.471685886383057,7.7076921463012695,7.914787769317627,8.210245132446289,8.530391693115234,8.785276412963867,9.01675796508789,9.340177536010742,9.656389236450195
A14,3.2278802394866943,2.8845880031585693,2.6086456775665283,2.3362090587615967,2.014061450958252,1.8780344724655151,1.7262392044067383,1.459828495979309,1.203192114830017,1.127122402191162,0.9223885536193848,0.5818476676940918,0.3635154068470001,0.0,0.365379273891449,1.8370174169540405,2.0500166416168213,2.394914150238037,2.5943968296051025,2.7981061935424805,3.064964771270752,3.1834752559661865,3.3182220458984375,3.6486613750457764,3.7778656482696533,3.9394400119781494,4.176446437835693,4.453210353851318,4.644539833068848,4.906431198120117,6.33540153503418,6.509418964385986,6.886990547180176,7.077869415283203,7.159608364105225,7.490535736083984,7.653006553649902,7.611075401306152,7.85195255279541,7.970670700073242,8.006523132324219,7.771488189697266,7.880662441253662,7.636239528656006,7.312051296234131,5.809880256652832,5.496105670928955,5.257483005523682,4.949770927429199,4.698184490203857,4.459514617919922,4.452965259552002,4.42604398727417,4.052420616149902,4.063847541809082,4.247457504272461,4.1539154052734375,3.992572784423828,4.246304035186768,4.6089606285095215,5.861173629760742,5.995014190673828,6.379791736602783,6.488393306732178,6.708893299102783,6.9249372482299805,7.2521162033081055,7.498984336853027,7.698709011077881,7.993496894836426,8.315254211425781,8.578411102294922,8.802700996398926,9.129581451416016,9.449516296386719
A15,3.281752824783325,2.9184577465057373,2.6716628074645996,2.4334263801574707,2.082050323486328,2.0022449493408203,1.8724621534347534,1.565092921257019,1.3406931161880493,1.3424866199493408,1.1219995021820068,0.7572408318519592,0.6741131544113159,0.365379273891449,0.0,1.5500133037567139,1.7418034076690674,2.08396053314209,2.308457851409912,2.4978015422821045,2.7767863273620605,2.8729655742645264,2.9965550899505615,3.3366024494171143,3.454784631729126,3.6044528484344482,3.847646713256836,4.122244358062744,4.324816703796387,4.578771114349365,6.030733108520508,6.200480937957764,6.5767340660095215,6.776094913482666,6.853952884674072,7.188722610473633,7.342339992523193,7.295596599578857,7.5408220291137695,7.6512250900268555,7.685214996337891,7.449495792388916,7.563827037811279,7.32582426071167,6.999248027801514,5.52063512802124,5.198678493499756,4.970605373382568,4.665190696716309,4.401442050933838,4.177515029907227,4.174353122711182,4.13100528717041,3.7565054893493652,3.7834575176239014,3.959475040435791,3.8491933345794678,3.6985838413238525,3.946773052215576,4.3041157722473145,5.515566825866699,5.644735813140869,6.029912948608398,6.1330671310424805,6.353318691253662,6.5668110847473145,6.893976211547852,7.143069267272949,7.339939594268799,7.6354146003723145,7.9568257331848145,8.221782684326172,8.443758010864258,8.771751403808594,9.092227935791016
B1,3.3801522254943848,2.987180233001709,2.9338552951812744,2.7922942638397217,2.435593366622925,2.4783716201782227,2.5577547550201416,2.283642292022705,2.1034419536590576,2.361168384552002,2.30332612991333,2.0277533531188965,2.010349750518799,1.8370174169540405,1.5500133037567139,0.0,0.3828522861003876,0.5991711616516113,0.8018315434455872,1.0786957740783691,1.280664324760437,1.3764666318893433,1.5823311805725098,1.883023977279663,1.990123987197876,2.2096076011657715,2.4592370986938477,2.7006404399871826,2.877558946609497,3.1688382625579834,4.600893020629883,4.809570789337158,5.172895908355713,5.385819911956787,5.504551410675049,5.82592248916626,5.981081962585449,5.973448753356934,6.244913578033447,6.360678195953369,6.440196990966797,6.245162487030029,6.403172969818115,6.198742866516113,5.896020889282227,4.472026824951172,4.160114765167236,4.008289813995361,3.662479877471924,3.413762092590332,3.229490280151367,3.3458309173583984,3.3186681270599365,2.9866552352905273,3.154099225997925,3.379760980606079,3.2547693252563477,3.2580935955047607,3.5314507484436035,3.8263638019561768,4.7268524169921875,4.759946823120117,5.139263153076172,5.21897554397583,5.373482704162598,5.608168601989746,5.906671524047852,6.130767345428467,6.28801965713501,6.6190104484558105,6.907977104187012,7.1541428565979,7.351346015930176,7.69368839263916,7.987942218780518
B2,3.335690975189209,2.9435739517211914,2.9149482250213623,2.8223254680633545,2.4652211666107178,2.564926862716675,2.637965440750122,2.3518142700195312,2.228837728500366,2.5001654624938965,2.4275381565093994,2.171722888946533,2.214383840560913,2.0500166416168213,1.7418034076690674,0.3828522861003876,0.0,0.39184942841529846,0.6047460436820984,0.7731561660766602,1.0500197410583496,1.1405669450759888,1.2800331115722656,1.6020565032958984,1.7378555536270142,1.9231517314910889,2.1540281772613525,2.421743869781494,2.5997471809387207,2.87575626373291,4.314332485198975,4.505516052246094,4.874453544616699,5.084531784057617,5.187931060791016,5.5153913497924805,5.6678972244262695,5.647803783416748,5.913031578063965,6.027340888977051,6.096906661987305,5.894033432006836,6.044820785522461,5.835540771484375,5.529404163360596,4.102901458740234,3.7866885662078857,3.6327097415924072,3.29105544090271,3.0360066890716553,2.8562240600585938,2.9697837829589844,2.9373581409454346,2.6072890758514404,2.783088207244873,3.0095713138580322,2.88653826713562,2.9047610759735107,3.182610034942627,3.47044038772583,4.37994909286499,4.413963317871094,4.792805194854736,4.885279655456543,5.037325382232666,5.281594276428223,5.5792083740234375,5.79620361328125,5.962976455688477,6.291572570800781,6.582182884216309,6.823763847351074,7.029551029205322,7.367641448974609,7.662214756011963
B3,3.622159242630005,3.236165761947632,3.2378692626953125,3.1550800800323486,2.808724880218506,2.909207820892334,3.003690004348755,2.72853422164917,2.598860263824463,2.8765006065368652,2.811922550201416,2.550628423690796,2.573026180267334,2.394914150238037,2.08396053314209,0.5991711616516113,0.39184942841529846,0.0,0.3803800344467163,0.5793613791465759,0.7769595980644226,0.7953419089317322,0.9947363138198853,1.3045790195465088,1.3960041999816895,1.6109325885772705,1.866313099861145,2.102529287338257,2.289036750793457,2.5747058391571045,4.033946990966797,4.239762306213379,4.599790573120117,4.8247809410095215,4.942261219024658,5.266598224639893,5.410431861877441,5.401406288146973,5.680759906768799,5.787555694580078,5.871242523193359,5.682253360748291,5.852474689483643,5.6617655754089355,5.362281799316406,3.9918651580810547,3.6760261058807373,3.559638023376465,3.2157113552093506,2.960150718688965,2.814826250076294,2.9641613960266113,2.9203457832336426,2.6159605979919434,2.836850881576538,3.0558431148529053,2.9146881103515625,2.9773504734039307,3.238708257675171,3.4966070652008057,4.254124164581299,4.257160186767578,4.630805969238281,4.703220844268799,4.838596820831299,5.07810640335083,5.3673200607299805,5.583593368530273,5.731715679168701,6.069357872009277,6.35014009475708,6.591215133666992,6.783570289611816,7.12761116027832,7.416201591491699
B4,3.4619662761688232,3.0874390602111816,3.1322152614593506,3.0695745944976807,2.7466185092926025,2.862839460372925,2.99809193611145,2.7531516551971436,2.638197898864746,2.9478535652160645,2.925158977508545,2.6965763568878174,2.7303571701049805,2.5943968296051025,2.308457851409912,0.8018315434455872,0.6047460436820984,0.3803800344467163,0.0,0.3785473108291626,0.4805751442909241,0.6618326306343079,0.8918837904930115,1.1267331838607788,1.2904138565063477,1.5465507507324219,1.7499592304229736,1.9940974712371826,2.1249711513519287,2.4355881214141846,3.81337833404541,4.031835079193115,4.393543720245361,4.600435256958008,4.731567859649658,5.045742988586426,5.208791255950928,5.21677827835083,5.490755081176758,5.617326736450195,5.714858055114746,5.537675857543945,5.7067646980285645,5.511393070220947,5.224796295166016,3.8236513137817383,3.529892683029175,3.416351556777954,3.0556230545043945,2.8346192836761475,2.6710383892059326,2.854602575302124,2.8540079593658447,2.5719382762908936,2.80552339553833,3.057131767272949,2.952420234680176,3.044771671295166,3.327570676803589,3.573692560195923,4.326345443725586,4.3091278076171875,4.675234317779541,4.761073589324951,4.871184349060059,5.128688335418701,5.404626846313477,5.5998616218566895,5.746549129486084,6.090763568878174,6.360206127166748,6.585628032684326,6.779661655426025,7.121246814727783,7.398099899291992
B5,3.476454496383667,3.1091058254241943,3.172806739807129,3.1543495655059814,2.8357279300689697,2.996497392654419,3.1186745166778564,2.865166425704956,2.7963368892669678,3.107576608657837,3.068753480911255,2.8548789024353027,2.9312167167663574,2.7981061935424805,2.4978015422821045,1.0786957740783691,0.7731561660766602,0.5793613791465759,0.3785473108291626,0.0,0.3745093047618866,0.5331900119781494,0.6050764918327332,0.8674333691596985,1.0885648727416992,1.2886567115783691,1.4571268558502197,1.7409005165100098,1.8708829879760742,2.160365104675293,3.548738479614258,3.7449967861175537,4.114204406738281,4.318341255187988,4.430428981781006,4.752802848815918,4.912250518798828,4.904726982116699,5.171793460845947,5.296248435974121,5.3817596435546875,5.194829940795898,5.355791091918945,5.154685020446777,4.863465309143066,3.4583094120025635,3.158590316772461,3.044628381729126,2.6878280639648438,2.459289073944092,2.304204225540161,2.489739418029785,2.4836089611053467,2.210474729537964,2.45878529548645,2.709833860397339,2.609192371368408,2.7241687774658203,3.007666826248169,3.2399542331695557,3.990504264831543,3.973109006881714,4.337548732757568,4.437768936157227,4.544445037841797,4.812568664550781,5.087037086486816,5.274055004119873,5.4315409660339355,5.772607326507568,6.043952941894531,6.264383316040039,6.468118190765381,6.804774761199951,7.082301139831543
B6,3.6385445594787598,3.2829160690307617,3.3760604858398438,3.3548176288604736,3.0544092655181885,3.201997756958008,3.3562886714935303,3.125688076019287,3.040013074874878,3.3638646602630615,3.3511617183685303,3.1397953033447266,3.1919596195220947,3.064964771270752,2.7767863273620605,1.280664324760437,1.0500197410583496,0.7769595980644226,0.4805751442909241,0.3745093047618866,0.0,0.3745834231376648,0.5817065238952637,0.693580687046051,0.9116958975791931,1.1912707090377808,1.344707727432251,1.5820553302764893,1.673285961151123,1.9968855381011963,3.337056875228882,3.5622615814208984,3.921595573425293,4.127601623535156,4.267066955566406,4.576937198638916,4.742244243621826,4.76015043258667,5.037535190582275,5.1684651374816895,5.278088092803955,5.113664150238037,5.292089939117432,5.105967044830322,4.830780982971191,3.4643354415893555,3.184372901916504,3.1052963733673096,2.7409467697143555,2.5413806438446045,2.404860496520996,2.6344001293182373,2.646700382232666,2.4111149311065674,2.686460494995117,2.94301176071167,2.849414348602295,2.998760223388672,3.275416135787964,3.4822003841400146,4.109477519989014,4.057309627532959,4.410529613494873,4.496817588806152,4.576484680175781,4.845485210418701,5.104644775390625,5.280946731567383,5.418386459350586,5.769853591918945,6.025314807891846,6.237390995025635,6.427523612976074,6.768177032470703,7.033413887023926
B7,3.974018096923828,3.612668752670288,3.6889092922210693,3.663426637649536,3.3481533527374268,3.4920217990875244,3.623121738433838,3.3707449436187744,3.278012990951538,3.5833444595336914,3.5396413803100586,3.302973747253418,3.346552848815918,3.1834752559661865,2.8729655742645264,1.3764666318893433,1.1405669450759888,0.7953419089317322,0.6618326306343079,0.5331900119781494,0.3745834231376648,0.0,0.3748060464859009,0.5529541373252869,0.6317278742790222,0.9133995175361633,1.1451506614685059,1.350170373916626,1.5098628997802734,1.8154906034469604,3.260249376296997,3.480398416519165,3.83166241645813,4.0665602684021,4.200265884399414,4.518332004547119,4.657464027404785,4.665187358856201,4.957146644592285,5.06326150894165,5.168994903564453,5.0032267570495605,5.196321964263916,5.028489589691162,4.746774673461914,3.4607722759246826,3.1618223190307617,3.112297534942627,2.7674450874328613,2.5366311073303223,2.450446844100952,2.673154592514038,2.6360387802124023,2.4072911739349365,2.70383620262146,2.922830581665039,2.787071704864502,2.9476876258850098,3.1917076110839844,3.380586862564087,3.88725209236145,3.826200008392334,4.180137634277344,4.242293834686279,4.328038215637207,4.5808234214782715,4.843598365783691,5.0346879959106445,5.160892009735107,5.513510227203369,5.771070957183838,5.994647979736328,6.175192832946777,6.521534442901611,6.792174816131592
B8,3.982281446456909,3.62733793258667,3.71109676361084,3.7202365398406982,3.406651496887207,3.5853657722473145,3.698845386505127,3.436725616455078,3.382129430770874,3.68446683883667,3.623304843902588,3.3985836505889893,3.4790642261505127,3.3182220458984375,2.9965550899505615,1.5823311805725098,1.2800331115722656,0.9947363138198853,0.8918837904930115,0.6050764918327332,0.5817065238952637,0.3748060464859009,0.0,0.37948083877563477,0.5389555096626282,0.684118926525116,0.8789346814155579,1.1529408693313599,1.3283218145370483,1.5957794189453125,3.072866678237915,3.2615621089935303,3.622677803039551,3.8557934761047363,3.9627461433410645,4.292763710021973,4.425373077392578,4.410495758056641,4.693963527679443,4.7951250076293945,4.882882595062256,4.7017598152160645,4.88382625579834,4.707916736602783,4.417280673980713,3.126516580581665,2.8156042098999023,2.7643232345581055,2.4289512634277344,2.1818511486053467,2.1128811836242676,2.3293817043304443,2.2760298252105713,2.0572922229766846,2.366556167602539,2.5756497383117676,2.4384384155273438,2.618873119354248,2.8577606678009033,3.032186985015869,3.5438880920410156,3.4881432056427,3.8432888984680176,3.922283411026001,4.010286331176758,4.273970127105713,4.539056301116943,4.724777698516846,4.866399765014648,5.2140583992004395,5.477533340454102,5.698531150817871,5.89200496673584,6.2329607009887695,6.507526874542236
B9,4.104310989379883,3.7657432556152344,3.8842430114746094,3.9094231128692627,3.6162140369415283,3.8015220165252686,3.940542697906494,3.6985247135162354,3.648733139038086,3.9663634300231934,3.927670955657959,3.716031312942505,3.794745445251465,3.6486613750457764,3.3366024494171143,1.883023977279663,1.6020565032958984,1.3045790195465088,1.1267331838607788,0.8674333691596985,0.693580687046051,0.5529541373252869,0.37948083877563477,0.0,0.37509095668792725,0.5713384747505188,0.6560614705085754,0.9032968282699585,1.0063133239746094,1.3109897375106812,2.7307376861572266,2.938676118850708,3.296015739440918,3.5255801677703857,3.651759624481201,3.972424268722534,4.113677024841309,4.1188883781433105,4.407222270965576,4.518773078918457,4.626596450805664,4.464765548706055,4.658464431762695,4.4924397468566895,4.218586444854736,2.9605014324188232,2.674804449081421,2.6600089073181152,2.3202497959136963,2.1132097244262695,2.065153121948242,2.3287618160247803,2.3046605587005615,2.139021873474121,2.4709208011627197,2.6892507076263428,2.5762221813201904,2.7970468997955322,3.0324668884277344,3.173755645751953,3.5701799392700195,3.4770586490631104,3.8147242069244385,3.8919076919555664,3.944559097290039,4.218276023864746,4.462817668914795,4.627052307128906,4.754923343658447,5.11105489730835,5.356878280639648,5.562504291534424,5.748782634735107,6.089388847351074,6.349428653717041
B10,4.448936462402344,4.102966785430908,4.206056594848633,4.213715076446533,3.9082794189453125,4.076627731323242,4.206038475036621,3.951549768447876,3.8809218406677246,4.185838222503662,4.130512714385986,3.895104169845581,3.952219247817993,3.7778656482696533,3.454784631729126,1.990123987197876,1.7378555536270142,1.3960041999816895,1.2904138565063477,1.0885648727416992,0.9116958975791931,0.6317278742790222,0.5389555096626282,0.37509095668792725,0.0,0.3705022931098938,0.6116382479667664,0.731096625328064,0.9329050183296204,1.2201217412948608,2.7278549671173096,2.9435787200927734,3.2818989753723145,3.543752670288086,3.6764042377471924,3.997154474258423,4.1110005378723145,4.116950988769531,4.424584865570068,4.510416030883789,4.623647212982178,4.470332622528076,4.686009883880615,4.546497821807861,4.2730207443237305,3.1261744499206543,2.8320462703704834,2.854231357574463,2.5393447875976562,2.3136422634124756,2.3147101402282715,2.568758010864258,2.5019147396087646,2.346409559249878,2.688777446746826,2.8696603775024414,2.716865301132202,2.9419219493865967,3.142108201980591,3.264923572540283,3.5047621726989746,3.3934757709503174,3.7274978160858154,3.768676280975342,3.821737051010132,4.0729451179504395,4.31718111038208,4.497385025024414,4.603389739990234,4.964011192321777,5.206900119781494,5.42434024810791,5.5930304527282715,5.942153453826904,6.204386234283447
B11,4.593271255493164,4.250781536102295,4.351253986358643,4.380626678466797,4.072172164916992,4.262167930603027,4.370760917663574,4.103443622589111,4.057003021240234,4.35249662399292,4.275258541107178,4.041745662689209,4.121908664703369,3.9394400119781494,3.6044528484344482,2.2096076011657715,1.9231517314910889,1.6109325885772705,1.5465507507324219,1.2886567115783691,1.1912707090377808,0.9133995175361633,0.684118926525116,0.5713384747505188,0.3705022931098938,0.0,0.3678446114063263,0.5270052552223206,0.8176222443580627,1.0151996612548828,2.598555564880371,2.7761452198028564,3.116940498352051,3.389824390411377,3.49177885055542,3.826481580734253,3.920128107070923,3.8983750343322754,4.203874111175537,4.2719950675964355,4.365269184112549,4.196532249450684,4.408583641052246,4.271016597747803,3.9864907264709473,2.8878870010375977,2.577096700668335,2.6160428524017334,2.3284859657287598,2.0790624618530273,2.1270484924316406,2.3654046058654785,2.2607319355010986,2.128828525543213,2.4822776317596436,2.6297242641448975,2.458611488342285,2.70396089553833,2.877105951309204,2.9724979400634766,3.1367435455322266,3.022977352142334,3.357603073120117,3.4014639854431152,3.458864688873291,3.7125966548919678,3.9610214233398438,4.14384126663208,4.25905179977417,4.616054058074951,4.866080284118652,5.087165355682373,5.263793468475342,5.610911846160889,5.8799614906311035
B12,4.578700542449951,4.253863334655762,4.382076263427734,4.440890789031982,4.150790691375732,4.363239288330078,4.482401371002197,4.228346824645996,4.206834316253662,4.513888359069824,4.449472427368164,4.23748254776001,4.3383331298828125,4.176446437835693,3.847646713256836,2.4592370986938477,2.1540281772613525,1.866313099861145,1.7499592304229736,1.4571268558502197,1.344707727432251,1.1451506614685059,0.8789346814155579,0.6560614705085754,0.6116382479667664,0.3678446114063263,0.0,0.372441828250885,0.5522188544273376,0.7322277426719666,2.277385711669922,2.4436190128326416,2.795485496520996,3.0545120239257812,3.150534152984619,3.4868648052215576,3.591879367828369,3.5701639652252197,3.867959976196289,3.9499146938323975,4.045502662658691,3.878605365753174,4.085531234741211,3.941175937652588,3.6635499000549316,2.554542303085327,2.259791374206543,2.319195508956909,2.0328118801116943,1.8144502639770508,1.8820767402648926,2.1503875255584717,2.0724563598632812,1.9912998676300049,2.356855869293213,2.5142016410827637,2.3784172534942627,2.658595085144043,2.8363988399505615,2.904022455215454,3.0385169982910156,2.9047811031341553,3.2246999740600586,3.2923059463500977,3.3208818435668945,3.598182439804077,3.8302881717681885,3.985152244567871,4.107435703277588,4.465816020965576,4.706186771392822,4.908563613891602,5.0942840576171875,5.43429708480835,5.693432807922363
B13,4.917093753814697,4.593361854553223,4.725912570953369,4.776068210601807,4.485891342163086,4.686787128448486,4.813351631164551,4.560420989990234,4.523272514343262,4.83029317855835,4.767025470733643,4.543824672698975,4.626747131347656,4.453210353851318,4.122244358062744,2.7006404399871826,2.421743869781494,2.102529287338257,1.9940974712371826,1.7409005165100098,1.5820553302764893,1.350170373916626,1.1529408693313599,0.9032968282699585,0.731096625328064,0.5270052552223206,0.372441828250885,0.0,0.3694858253002167,0.5184850692749023,2.1061325073242188,2.2939863204956055,2.6202118396759033,2.907897710800171,3.0246098041534424,3.3515915870666504,3.4358572959899902,3.430415153503418,3.749157190322876,3.813911199569702,3.929483652114868,3.7862191200256348,4.021268367767334,3.9099769592285156,3.6476993560791016,2.682962656021118,2.4081859588623047,2.5199551582336426,2.2608232498168945,2.0633835792541504,2.171483278274536,2.4466888904571533,2.3582940101623535,2.308562755584717,2.678164005279541,2.812596082687378,2.6635682582855225,2.955296516418457,3.1046957969665527,3.143566131591797,3.0790324211120605,2.9052257537841797,3.2042236328125,3.23561429977417,3.238234281539917,3.4989535808563232,3.7139320373535156,3.86714506149292,3.957920789718628,4.3253493309021,4.5493340492248535,4.751014232635498,4.914787292480469,5.261838436126709,5.512219429016113
B14,4.881375789642334,4.575104713439941,4.736536979675293,4.802824974060059,4.533247947692871,4.742528915405273,4.890452861785889,4.657576560974121,4.630192756652832,4.95214319229126,4.9121880531311035,4.707189083099365,4.796088218688965,4.644539833068848,4.324816703796387,2.877558946609497,2.5997471809387207,2.289036750793457,2.1249711513519287,1.8708829879760742,1.673285961151123,1.5098628997802734,1.3283218145370483,1.0063133239746094,0.9329050183296204,0.8176222443580627,0.5522188544273376,0.3694858253002167,0.0,0.36707836389541626,1.8023432493209839,2.0156350135803223,2.3493173122406006,2.6177618503570557,2.756744384765625,3.0730741024017334,3.1827943325042725,3.2022883892059326,3.5171194076538086,3.6083130836486816,3.7450265884399414,3.6203837394714355,3.8562607765197754,3.7423791885375977,3.5004987716674805,2.5263378620147705,2.290814161300659,2.4214208126068115,2.155162811279297,2.016021728515625,2.1171810626983643,2.4272570610046387,2.3883776664733887,2.375446081161499,2.7446529865264893,2.9036803245544434,2.796889305114746,3.1061410903930664,3.2719597816467285,3.29963755607605,3.237870931625366,3.045062303543091,3.3232102394104004,3.372450828552246,3.3402955532073975,3.618664503097534,3.8100202083587646,3.930593252182007,4.01792049407959,4.3875837326049805,4.592917442321777,4.770723342895508,4.935147762298584,5.275123596191406,5.507915019989014
