,A1,A2,A3,A4,A5,A6,A7,A8,A9,A10,A11,A12,A13,A14,A15,B1,B2,B3,B4,B5,B6,B7,B8,B9,B10,B11,B12,B13,B14,B15,C1,C2,C3,C4,C5,C6,C7,C8,C9,C10,C11,C12,C13,C14,C15,D1,D2,D3,D4,D5,D6,D7,D8,D9,D10,D11,D12,D13,D14,D15,E1,E2,E3,E4,E5,E6,E7,E8,E9,E10,E11,E12,E13,E14,E15
A1,0.0,0.40102487802505493,0.6682973504066467,0.9721122980117798,1.236418604850769,1.5158196687698364,1.7246003150939941,1.7649643421173096,2.097426414489746,2.1606533527374268,2.4048550128936768,2.3657333850860596,2.5491225719451904,2.835418462753296,3.073438882827759,4.062528610229492,4.066650867462158,4.4169158935546875,4.632646083831787,4.613101005554199,4.988577365875244,4.997119426727295,4.8298115730285645,5.132158279418945,5.317306041717529,5.232168674468994,5.406869888305664,5.718711853027344,5.981678485870361,5.947689533233643,7.206068515777588,7.119268417358398,7.354283809661865,7.634724140167236,7.520158290863037,7.883551597595215,7.998384475708008,7.742367267608643,7.936992645263672,8.166505813598633,8.067521095275879,8.02015209197998,8.150266647338867,8.030046463012695,7.850680828094482,6.39338493347168,6.20754861831665,5.872138023376465,5.921867370605469,5.681669235229492,5.72060489654541,5.4856109619140625,5.138741970062256,5.10111665725708,5.107457637786865,4.786567211151123,4.527340412139893,4.637779235839844,4.478572845458984,4.124538898468018,3.851688861846924,3.560941696166992,3.6151931285858154,3.751561403274536,3.4428484439849854,3.667815685272217,3.498178482055664,3.1355488300323486,2.997743844985962,3.1958107948303223,2.8995859622955322,2.62992787361145,2.7593834400177,2.9058218002319336,2.707767963409424
A2,0.40102487802505493,0.0,0.38662979006767273,0.6371387243270874,0.8639557361602783,1.1448332071304321,1.3706775903701782,1.4078267812728882,1.724711537361145,1.7720698118209839,2.0324459075927734,2.0053114891052246,2.18093204498291,2.453984022140503,2.7070982456207275,3.6652321815490723,3.66597318649292,4.016829490661621,4.231878280639648,4.214915752410889,4.590233325958252,4.602071285247803,4.440086364746094,4.744298458099365,4.931855201721191,4.855676174163818,5.034082412719727,5.348401069641113,5.611308574676514,5.58694314956665,6.845574378967285,6.759251117706299,7.001639366149902,7.278350830078125,7.1681694984436035,7.532736301422119,7.655531883239746,7.4074482917785645,7.60586404800415,7.839957237243652,7.751336574554443,7.710498332977295,7.849645137786865,7.736506938934326,7.568577766418457,6.144305229187012,5.951256275177002,5.625547409057617,5.689300537109375,5.440161228179932,5.498866081237793,5.277719974517822,4.923097133636475,4.8888702392578125,4.920718669891357,4.607193946838379,4.341763973236084,4.474534511566162,4.340703010559082,3.9928393363952637,3.767108917236328,3.4640133380889893,3.5433456897735596,3.658217668533325,3.343629837036133,3.5808537006378174,3.4458773136138916,3.097372055053711,2.9480478763580322,3.183595657348633,2.919445753097534,2.6392431259155273,2.8121659755706787,2.967989921569824,2.8008780479431152
A3,0.6682973504066467,0.38662979006767273,0.0,0.39695215225219727,0.6062933206558228,0.9143869876861572,1.0683398246765137,1.117529034614563,1.460994839668274,1.5767825841903687,1.8173794746398926,1.8432942628860474,2.0682666301727295,2.3345553874969482,2.6070549488067627,3.561213970184326,3.5291221141815186,3.884812355041504,4.069730758666992,4.028128147125244,4.4083380699157715,4.429222583770752,4.251119136810303,4.537045001983643,4.740771293640137,4.656599044799805,4.812487602233887,5.1353230476379395,5.383554935455322,5.342662334442139,6.559788227081299,6.464960098266602,6.696508407592773,6.974264144897461,6.855386257171631,7.2179412841796875,7.333127021789551,7.076951503753662,7.270094871520996,7.5017595291137695,7.40575647354126,7.358700275421143,7.493588924407959,7.378761291503906,7.204905986785889,5.766802787780762,5.574246406555176,5.2459211349487305,5.306480884552002,5.059689044952393,5.116183280944824,4.8925089836120605,4.538522720336914,4.507254600524902,4.537487030029297,4.222602844238281,3.9598963260650635,4.09779691696167,3.965357542037964,3.6179544925689697,3.466991424560547,3.174246311187744,3.2842345237731934,3.41408109664917,3.117079496383667,3.3826117515563965,3.2711052894592285,2.9293699264526367,2.81270694732666,3.074799060821533,2.8263421058654785,2.5744950771331787,2.7867543697357178,2.98085355758667,2.8565468788146973
A4,0.9721122980117798,0.6371387243270874,0.39695215225219727,0.0,0.3860614597797394,0.5631111264228821,0.7916256189346313,0.9489067792892456,1.2563961744308472,1.3796796798706055,1.6670066118240356,1.751588225364685,1.9558937549591064,2.174025535583496,2.4848198890686035,3.295078754425049,3.2418456077575684,3.584632635116577,3.7682180404663086,3.7121760845184326,4.089080333709717,4.0914225578308105,3.9025235176086426,4.191484451293945,4.383861064910889,4.289276123046875,4.449750900268555,4.766483306884766,5.021386623382568,4.981321811676025,6.237237453460693,6.156369209289551,6.39459228515625,6.6795148849487305,6.5753960609436035,6.941614627838135,7.056264877319336,6.807239532470703,7.014404773712158,7.240200996398926,7.149538993835449,7.118444919586182,7.2523932456970215,7.13303279876709,6.970133304595947,5.573320388793945,5.3889617919921875,5.069390296936035,5.156611919403076,4.915297985076904,4.998974323272705,4.778836727142334,4.4201250076293945,4.414128303527832,4.463874340057373,4.148255348205566,3.898073673248291,4.070056438446045,3.9544589519500732,3.612541437149048,3.6118199825286865,3.3255491256713867,3.471919059753418,3.596048593521118,3.308631181716919,3.5912160873413086,3.512742519378662,3.1868672370910645,3.074615716934204,3.361100196838379,3.136385917663574,2.8873627185821533,3.121994733810425,3.319550037384033,3.209474802017212
A5,1.236418604850769,0.8639557361602783,0.6062933206558228,0.3860614597797394,0.0,0.3821585476398468,0.5230535268783569,0.585877001285553,0.8899008631706238,1.0073343515396118,1.2825690507888794,1.3729764223098755,1.5925148725509644,1.8135658502578735,2.1232550144195557,2.988804578781128,2.9380953311920166,3.2941298484802246,3.4686641693115234,3.423553943634033,3.804542064666748,3.832131862640381,3.6586360931396484,3.9433374404907227,4.1543660163879395,4.083427429199219,4.240675449371338,4.568989276885986,4.814146041870117,4.786432266235352,5.998287677764893,5.903831958770752,6.146263599395752,6.418638229370117,6.306741714477539,6.671199798583984,6.798072338104248,6.554241180419922,6.7538533210754395,6.991949081420898,6.912143230438232,6.876150608062744,7.024783134460449,6.920928478240967,6.765926837921143,5.387734413146973,5.184828281402588,4.874787330627441,4.960368633270264,4.701016426086426,4.792446136474609,4.593607425689697,4.229531288146973,4.207208633422852,4.281558513641357,3.9827778339385986,3.7151103019714355,3.892509698867798,3.806257486343384,3.476968765258789,3.431478500366211,3.130612850189209,3.283987522125244,3.37798810005188,3.0852885246276855,3.3664286136627197,3.316894769668579,3.011444091796875,2.8876736164093018,3.1972568035125732,3.0070583820343018,2.7561943531036377,3.0200788974761963,3.2210309505462646,3.1433656215667725
A6,1.5158196687698364,1.1448332071304321,0.9143869876861572,0.5631111264228821,0.3821585476398468,0.0,0.3760918378829956,0.6343870162963867,0.8242152333259583,0.9512442946434021,1.2716704607009888,1.4372202157974243,1.6202137470245361,1.7700722217559814,2.1183860301971436,2.7894086837768555,2.7094566822052,3.0477821826934814,3.218383312225342,3.152463912963867,3.5294065475463867,3.5333123207092285,3.3438668251037598,3.6312358379364014,3.8287980556488037,3.742709159851074,3.903892755508423,4.225173473358154,4.477935314178467,4.448619842529297,5.705605506896973,5.627437114715576,5.875770092010498,6.1573920249938965,6.061883449554443,6.430087089538574,6.554197311401367,6.317020893096924,6.532021999359131,6.761868000030518,6.685932159423828,6.6671223640441895,6.812376499176025,6.701785564422607,6.557193279266357,5.222946643829346,5.031886577606201,4.7311811447143555,4.844679355621338,4.595036506652832,4.713460445404053,4.51657772064209,4.150928020477295,4.157790184020996,4.248340606689453,3.9491212368011475,3.69988751411438,3.909867525100708,3.837350845336914,3.51591157913208,3.6283483505249023,3.341512441635132,3.526398181915283,3.6208226680755615,3.3435685634613037,3.6380066871643066,3.6139955520629883,3.322495222091675,3.2089483737945557,3.5314126014709473,3.3561737537384033,3.1127054691314697,3.386840343475342,3.5902514457702637,3.5191447734832764
A7,1.7246003150939941,1.3706775903701782,1.0683398246765137,0.7916256189346313,0.5230535268783569,0.3760918378829956,0.0,0.3816153407096863,0.5759426951408386,0.8338457942008972,1.0785390138626099,1.3061267137527466,1.5490285158157349,1.6957025527954102,2.0396180152893066,2.7562856674194336,2.6481831073760986,2.995868444442749,3.1262855529785156,3.0411229133605957,3.423210620880127,3.4534103870391846,3.256542444229126,3.5176870822906494,3.7433979511260986,3.661160707473755,3.792832374572754,4.128518104553223,4.35805606842041,4.314684867858887,5.496126174926758,5.399302959442139,5.635633945465088,5.911767959594727,5.799417972564697,6.164158821105957,6.28505802154541,6.038724899291992,6.241430759429932,6.475393772125244,6.393986701965332,6.362031936645508,6.508781433105469,6.403321266174316,6.251981735229492,4.895854949951172,4.695374011993408,4.392518997192383,4.495378494262695,4.239056587219238,4.351847171783447,4.1597089767456055,3.793037176132202,3.7907488346099854,3.885556936264038,3.5921359062194824,3.336149215698242,3.5470614433288574,3.48543381690979,3.170706033706665,3.3142781257629395,3.0357666015625,3.243084192276001,3.33915114402771,3.080359935760498,3.3908300399780273,3.392184257507324,3.1180009841918945,3.0304203033447266,3.3691439628601074,3.217576026916504,3.001985788345337,3.302002191543579,3.52881121635437,3.495410919189453
A8,1.7649643421173096,1.4078267812728882,1.117529034614563,0.9489067792892456,0.585877001285553,0.6343870162963867,0.3816153407096863,0.0,0.3648827373981476,0.6207225322723389,0.7929213047027588,0.9811983108520508,1.2690393924713135,1.4646422863006592,1.7750568389892578,2.6773111820220947,2.5979366302490234,2.967174530029297,3.0962250232696533,3.041322946548462,3.4266128540039062,3.494722843170166,3.327866315841675,3.5850892066955566,3.8320136070251465,3.783620595932007,3.91365647315979,4.26017951965332,4.477613925933838,4.449999809265137,5.563790798187256,5.445517539978027,5.6826934814453125,5.940124988555908,5.811283588409424,6.171216011047363,6.305980205535889,6.0617523193359375,6.247334003448486,6.497809886932373,6.424813747406006,6.3776774406433105,6.5400872230529785,6.453549861907959,6.303360939025879,4.94080114364624,4.716224670410156,4.417499542236328,4.498600006103516,4.2198262214660645,4.319788455963135,4.147237777709961,3.7792820930480957,3.7397890090942383,3.8450639247894287,3.569899082183838,3.285759449005127,3.4748871326446533,3.4303481578826904,3.12422251701355,3.0980660915374756,2.7961111068725586,2.982856512069702,3.0479886531829834,2.7730257511138916,3.068636655807495,3.077536106109619,2.8144946098327637,2.7081027030944824,3.0538034439086914,2.9235763549804688,2.7030069828033447,3.0146477222442627,3.2372701168060303,3.224348783493042
A9,2.097426414489746,1.724711537361145,1.460994839668274,1.2563961744308472,0.8899008631706238,0.8242152333259583,0.5759426951408386,0.3648827373981476,0.0,0.37098076939582825,0.5130741000175476,0.8018195033073425,1.0605896711349487,1.1889276504516602,1.5188542604446411,2.34342885017395,2.252070188522339,2.6230859756469727,2.7415521144866943,2.690272569656372,3.0755369663238525,3.156494379043579,3.001249313354492,3.256107807159424,3.5113749504089355,3.481381893157959,3.6129090785980225,3.9634199142456055,4.176342964172363,4.163713455200195,5.262997150421143,5.142922401428223,5.389622211456299,5.6395440101623535,5.515008926391602,5.875449180603027,6.02190637588501,5.788968086242676,5.977438926696777,6.234856128692627,6.176417350769043,6.136579513549805,6.3115153312683105,6.236193656921387,6.101602077484131,4.793401718139648,4.559552192687988,4.278882026672363,4.376103401184082,4.087517738342285,4.2121429443359375,4.063779830932617,3.693615198135376,3.656658172607422,3.795489549636841,3.540348529815674,3.2553551197052,3.466370105743408,3.458360195159912,3.1746442317962646,3.193530321121216,2.892871141433716,3.0949525833129883,3.1289000511169434,2.862426519393921,3.152395486831665,3.1983370780944824,2.9664154052734375,2.853255033493042,3.212064266204834,3.1180593967437744,2.9005725383758545,3.2253570556640625,3.4405040740966797,3.447392463684082
A10,2.1606533527374268,1.7720698118209839,1.5767825841903687,1.3796796798706055,1.0073343515396118,0.9512442946434021,0.8338457942008972,0.6207225322723389,0.37098076939582825,0.0,0.3735094666481018,0.5684667825698853,0.7375341057777405,0.8643653392791748,1.2068053483963013,2.087425947189331,2.044865608215332,2.4252758026123047,2.583191394805908,2.579310655593872,2.9606289863586426,3.047858238220215,2.9296751022338867,3.2082581520080566,3.452890634536743,3.4534990787506104,3.6150989532470703,3.9598729610443115,4.185459613800049,4.206421852111816,5.328765869140625,5.213500022888184,5.478186130523682,5.716907501220703,5.602293491363525,5.962669849395752,6.1277546882629395,5.912745952606201,6.1044511795043945,6.3713579177856445,6.332309246063232,6.300863265991211,6.490718364715576,6.428328514099121,6.3103556632995605,5.053161144256592,4.810628414154053,4.545031547546387,4.649075508117676,4.350625038146973,4.486429691314697,4.357261657714844,3.9875917434692383,3.9414868354797363,4.098211288452148,3.8577473163604736,3.5655713081359863,3.774468421936035,3.782599687576294,3.5078940391540527,3.431403875350952,3.112269639968872,3.286949396133423,3.2844130992889404,2.995964765548706,3.254642963409424,3.299661874771118,3.075615882873535,2.920815944671631,3.2733750343322754,3.190316915512085,2.9441628456115723,3.2577292919158936,3.442066192626953,3.4375662803649902
A11,2.4048550128936768,2.0324459075927734,1.8173794746398926,1.6670066118240356,1.2825690507888794,1.2716704607009888,1.0785390138626099,0.7929213047027588,0.5130741000175476,0.3735094666481018,0.0,0.37796416878700256,0.6334646344184875,0.7626526355743408,1.0453650951385498,2.0649056434631348,2.0203778743743896,2.409419059753418,2.5302200317382812,2.5336716175079346,2.911566734313965,3.041261911392212,2.9406793117523193,3.192614793777466,3.4651248455047607,3.48992657661438,3.628772497177124,3.984038829803467,4.184330940246582,4.206881523132324,5.2299418449401855,5.090742588043213,5.348152160644531,5.569729804992676,5.43596887588501,5.7895731925964355,5.962070941925049,5.745541095733643,5.919016361236572,6.198212623596191,6.163341522216797,6.116339206695557,6.317534446716309,6.2713704109191895,6.153202056884766,4.897407531738281,4.635591506958008,4.377410888671875,4.464474201202393,4.149719715118408,4.278322219848633,4.170408248901367,3.803837776184082,3.7310283184051514,3.9021542072296143,3.6841201782226562,3.376312732696533,3.5741028785705566,3.607133388519287,3.3518929481506348,3.204796314239502,2.8830978870391846,3.058626890182495,3.0278501510620117,2.7483646869659424,3.000354051589966,3.0764272212982178,2.8837811946868896,2.734785556793213,3.0976288318634033,3.053166627883911,2.82793927192688,3.1594183444976807,3.350153684616089,3.384199619293213
A12,2.3657333850860596,2.0053114891052246,1.8432942628860474,1.751588225364685,1.3729764223098755,1.4372202157974243,1.3061267137527466,0.9811983108520508,0.8018195033073425,0.5684667825698853,0.37796416878700256,0.0,0.37289491295814514,0.659507155418396,0.8518341183662415,2.120880365371704,2.1418445110321045,2.5353152751922607,2.686833620071411,2.737757682800293,3.1058218479156494,3.248952865600586,3.1825859546661377,3.4458887577056885,3.712437152862549,3.7614574432373047,3.917046070098877,4.267886161804199,4.472362041473389,4.515042304992676,5.525179386138916,5.3806257247924805,5.643716335296631,5.851748466491699,5.714616298675537,6.063734531402588,6.248447418212891,6.0395073890686035,6.204193592071533,6.493067264556885,6.467226982116699,6.414315700531006,6.625470161437988,6.5909104347229,6.475785732269287,5.223514556884766,4.951258659362793,4.695699214935303,4.767658233642578,4.443197250366211,4.558322429656982,4.459258079528809,4.09589147567749,3.9989397525787354,4.1667799949646,3.957223415374756,3.6349639892578125,3.807311534881592,3.838867425918579,3.5838963985443115,3.2611894607543945,2.9170429706573486,3.0471205711364746,2.9845268726348877,2.6765623092651367,2.890517473220825,2.95002818107605,2.7587950229644775,2.5670268535614014,2.916503429412842,2.878382921218872,2.627931594848633,2.9451451301574707,3.1076018810272217,3.1355700492858887
A13,2.5491225719451904,2.18093204498291,2.0682666301727295,1.9558937549591064,1.5925148725509644,1.6202137470245361,1.5490285158157349,1.2690393924713135,1.0605896711349487,0.7375341057777405,0.6334646344184875,0.37289491295814514,0.0,0.3671341836452484,0.5407595634460449,1.8519102334976196,1.925117015838623,2.3141930103302,2.5014054775238037,2.5969908237457275,2.952070474624634,3.096043586730957,3.0652987957000732,3.3463168144226074,3.5969088077545166,3.672508716583252,3.8542428016662598,4.194591999053955,4.409863471984863,4.483284950256348,5.518801689147949,5.384140968322754,5.664605617523193,5.863986968994141,5.741917610168457,6.09072732925415,6.291361331939697,6.10202693939209,6.274180889129639,6.568141937255859,6.561488628387451,6.522153854370117,6.7450971603393555,6.720033645629883,6.6235480308532715,5.433909893035889,5.1595964431762695,4.920650482177734,5.008143424987793,4.6807332038879395,4.814414024353027,4.731224060058594,4.368972301483154,4.276895523071289,4.463141441345215,4.264400482177734,3.945544481277466,4.127802848815918,4.174442291259766,3.928276300430298,3.600229501724243,3.253049373626709,3.370835065841675,3.2836451530456543,2.9703550338745117,3.15754771232605,3.2207303047180176,3.0423777103424072,2.823986530303955,3.1610026359558105,3.1336610317230225,2.8651092052459717,3.16509747505188,3.2962327003479004,3.311121702194214
A14,2.835418462753296,2.453984022140503,2.3345553874969482,2.174025535583496,1.8135658502578735,1.7700722217559814,1.6957025527954102,1.4646422863006592,1.1889276504516602,0.8643653392791748,0.7626526355743408,0.659507155418396,0.3671341836452484,0.0,0.38545113801956177,1.489762783050537,1.563519835472107,1.9516961574554443,2.1411819458007812,2.2517783641815186,2.6001017093658447,2.749176502227783,2.7367162704467773,3.019418716430664,3.2665886878967285,3.3604016304016113,3.5497424602508545,3.885148763656616,4.1001057624816895,4.191465854644775,5.230302333831787,5.103115081787109,5.394805431365967,5.589876651763916,5.4807448387146,5.829985618591309,6.039740085601807,5.865117073059082,6.046011447906494,6.340883255004883,6.348661422729492,6.32351541519165,6.5539984703063965,6.534952163696289,6.455872535705566,5.334348678588867,5.061309814453125,4.841465473175049,4.950690269470215,4.62452507019043,4.784344673156738,4.717871189117432,4.357882022857666,4.280958652496338,4.491266250610352,4.305359840393066,3.9979891777038574,4.2035417556762695,4.273143768310547,4.042574882507324,3.8140597343444824,3.4792919158935547,3.6189849376678467,3.524380683898926,3.2289819717407227,3.4199252128601074,3.5088071823120117,3.3491032123565674,3.1412312984466553,3.4836649894714355,3.4723737239837646,3.2133727073669434,3.5183136463165283,3.6492671966552734,3.6710262298583984
A15,3.073438882827759,2.7070982456207275,2.6070549488067627,2.4848198890686035,2.1232550144195557,2.1183860301971436,2.0396180152893066,1.7750568389892578,1.5188542604446411,1.2068053483963013,1.0453650951385498,0.8518341183662415,0.5407595634460449,0.38545113801956177,0.0,1.535214900970459,1.669215202331543,2.0404176712036133,2.2244818210601807,2.3810558319091797,2.7037317752838135,2.8871591091156006,2.917628049850464,3.1865124702453613,3.438795566558838,3.567481756210327,3.7549784183502197,4.086599349975586,4.287518501281738,4.398275852203369,5.362378120422363,5.220460414886475,5.513596057891846,5.68543815612793,5.567291736602783,5.906902313232422,6.132342338562012,5.9683756828308105,6.1336212158203125,6.4419050216674805,6.463490009307861,6.429425239562988,6.675249099731445,6.676011562347412,6.604558944702148,5.510702133178711,5.221763610839844,5.014237880706787,5.109043598175049,4.769878387451172,4.922492980957031,4.878463268280029,4.525372505187988,4.422758102416992,4.643182754516602,4.479151725769043,4.1597723960876465,4.3471269607543945,4.433820724487305,4.218801498413086,3.8674941062927246,3.5253727436065674,3.637089252471924,3.5023417472839355,3.203556776046753,3.356508255004883,3.457357168197632,3.327086925506592,3.0976359844207764,3.427267551422119,3.4483213424682617,3.1901168823242188,3.4864630699157715,3.5936896800994873,3.6325290203094482
B1,4.062528610229492,3.6652321815490723,3.561213970184326,3.295078754425049,2.988804578781128,2.7894086837768555,2.7562856674194336,2.6773111820220947,2.34342885017395,2.087425947189331,2.0649056434631348,2.120880365371704,1.8519102334976196,1.489762783050537,1.535214900970459,0.0,0.37699294090270996,0.579567551612854,0.8948937058448792,1.1747369766235352,1.3998643159866333,1.5309908390045166,1.6745694875717163,1.9741532802581787,2.139927864074707,2.3425731658935547,2.597440242767334,2.8658576011657715,3.092120885848999,3.2936882972717285,4.376862049102783,4.310400009155273,4.656773090362549,4.829452991485596,4.802683353424072,5.1444501876831055,5.392274856567383,5.299441814422607,5.525135517120361,5.8103179931640625,5.886630058288574,5.936212062835693,6.190493583679199,6.1932291984558105,6.19632625579834,5.411974906921387,5.1648640632629395,5.030917167663574,5.226600646972656,4.928131103515625,5.1810150146484375,5.172545909881592,4.838806629180908,4.828949451446533,5.107521057128906,4.967354774475098,4.71934700012207,4.99328088760376,5.125280380249023,4.946755886077881,5.023484706878662,4.7286529541015625,4.916543960571289,4.80765438079834,4.557564735412598,4.748818397521973,4.88916540145874,4.768571376800537,4.577149391174316,4.923208713531494,4.940109729766846,4.691291809082031,4.996608257293701,5.115062713623047,5.136126518249512
B2,4.066650867462158,3.66597318649292,3.5291221141815186,3.2418456077575684,2.9380953311920166,2.7094566822052,2.6481831073760986,2.5979366302490234,2.252070188522339,2.044865608215332,2.0203778743743896,2.1418445110321045,1.925117015838623,1.563519835472107,1.669215202331543,0.37699294090270996,0.0,0.3936188220977783,0.6351327896118164,0.8403618931770325,1.1206326484680176,1.2498273849487305,1.347433090209961,1.6451903581619263,1.8383063077926636,2.0218305587768555,2.2596306800842285,2.5458321571350098,2.768040180206299,2.9507672786712646,4.053747653961182,3.989677906036377,4.332472324371338,4.520287990570068,4.49467658996582,4.84321403503418,5.079476833343506,4.977489471435547,5.211636543273926,5.488918781280518,5.556346416473389,5.610552787780762,5.856372356414795,5.849303245544434,5.849951267242432,5.071229934692383,4.83360481262207,4.702523708343506,4.911219596862793,4.623216152191162,4.887621879577637,4.876484394073486,4.546165943145752,4.555760383605957,4.837046146392822,4.697022914886475,4.465403079986572,4.754460334777832,4.889975547790527,4.718632698059082,4.909997463226318,4.632789611816406,4.8466668128967285,4.757493019104004,4.526026725769043,4.7409515380859375,4.891468048095703,4.769811153411865,4.604758262634277,4.962080001831055,4.975707054138184,4.7429375648498535,5.0623393058776855,5.2041521072387695,5.234011650085449
B3,4.4169158935546875,4.016829490661621,3.884812355041504,3.584632635116577,3.2941298484802246,3.0477821826934814,2.995868444442749,2.967174530029297,2.6230859756469727,2.4252758026123047,2.409419059753418,2.5353152751922607,2.3141930103302,1.9516961574554443,2.0404176712036133,0.579567551612854,0.3936188220977783,0.0,0.3961692154407501,0.6833764314651489,0.8510696887969971,0.955820620059967,1.1365251541137695,1.4258360862731934,1.5727579593658447,1.8007006645202637,2.058056354522705,2.309643507003784,2.5321218967437744,2.753321647644043,3.8600244522094727,3.819031000137329,4.1756744384765625,4.355682373046875,4.358299255371094,4.700987815856934,4.9456000328063965,4.869851589202881,5.116425037384033,5.386823654174805,5.473663806915283,5.550467491149902,5.799973487854004,5.798335075378418,5.822841167449951,5.148900985717773,4.922785758972168,4.816762447357178,5.045437335968018,4.769932746887207,5.053957462310791,5.056835651397705,4.7382426261901855,4.764608860015869,5.05741548538208,4.929667949676514,4.715473651885986,5.015900611877441,5.163078784942627,5.004788875579834,5.256805896759033,4.988659381866455,5.209954261779785,5.11874532699585,4.895937442779541,5.109911918640137,5.268548965454102,5.153542995452881,4.990936756134033,5.348290920257568,5.366374492645264,5.134835243225098,5.453960418701172,5.593304634094238,5.6225714683532715
B4,4.632646083831787,4.231878280639648,4.069730758666992,3.7682180404663086,3.4686641693115234,3.218383312225342,3.1262855529785156,3.0962250232696533,2.7415521144866943,2.583191394805908,2.5302200317382812,2.686833620071411,2.5014054775238037,2.1411819458007812,2.2244818210601807,0.8948937058448792,0.6351327896118164,0.3961692154407501,0.0,0.3763439953327179,0.5135959982872009,0.7357566356658936,0.9370225667953491,1.1495087146759033,1.3509608507156372,1.607959508895874,1.8145947456359863,2.078625440597534,2.2607038021087646,2.4797160625457764,3.494783401489258,3.440809726715088,3.7960026264190674,3.9689173698425293,3.9669973850250244,4.308191776275635,4.555891036987305,4.483257293701172,4.726972579956055,4.999996185302734,5.092610836029053,5.170201301574707,5.424877166748047,5.431534767150879,5.46445369720459,4.8442206382751465,4.6174726486206055,4.531843185424805,4.767108917236328,4.496311187744141,4.792375564575195,4.814390182495117,4.509080410003662,4.541578769683838,4.848201274871826,4.741433143615723,4.541591644287109,4.848523139953613,5.015830039978027,4.881138801574707,5.2024688720703125,4.954470634460449,5.192632675170898,5.101325511932373,4.903754234313965,5.124345779418945,5.304952144622803,5.208349704742432,5.0682196617126465,5.4312520027160645,5.465335369110107,5.2555155754089355,5.587057590484619,5.741462707519531,5.792034149169922
B5,4.613101005554199,4.214915752410889,4.028128147125244,3.7121760845184326,3.423553943634033,3.152463912963867,3.0411229133605957,3.041322946548462,2.690272569656372,2.579310655593872,2.5336716175079346,2.737757682800293,2.5969908237457275,2.2517783641815186,2.3810558319091797,1.1747369766235352,0.8403618931770325,0.6833764314651489,0.3763439953327179,0.0,0.3853701651096344,0.5701249837875366,0.6462547779083252,0.8434427976608276,1.100882887840271,1.3170677423477173,1.4938440322875977,1.7881137132644653,1.9675571918487549,2.1553637981414795,3.2204630374908447,3.1724042892456055,3.5222699642181396,3.7198004722595215,3.7198567390441895,4.071095943450928,4.300626754760742,4.2132248878479,4.46921443939209,4.730325222015381,4.808351993560791,4.891545295715332,5.132914066314697,5.123905181884766,5.150911808013916,4.526519298553467,4.31377649307251,4.2283525466918945,4.478544235229492,4.222644329071045,4.52929162979126,4.543540000915527,4.242566108703613,4.298886775970459,4.603086948394775,4.493125915527344,4.31326961517334,4.634230613708496,4.799724102020264,4.670273303985596,5.1069159507751465,4.877041339874268,5.137378215789795,5.069258689880371,4.888095378875732,5.130439281463623,5.314324855804443,5.212685585021973,5.09649133682251,5.466562747955322,5.492680072784424,5.29621696472168,5.636637210845947,5.810671806335449,5.864810943603516
B6,4.988577365875244,4.590233325958252,4.4083380699157715,4.089080333709717,3.804542064666748,3.5294065475463867,3.423210620880127,3.4266128540039062,3.0755369663238525,2.9606289863586426,2.911566734313965,3.1058218479156494,2.952070474624634,2.6001017093658447,2.7037317752838135,1.3998643159866333,1.1206326484680176,0.8510696887969971,0.5135959982872009,0.3853701651096344,0.0,0.3665692210197449,0.6190497875213623,0.702214777469635,0.9057221412658691,1.2060842514038086,1.3757225275039673,1.618479609489441,1.772834300994873,2.0122053623199463,3.0183815956115723,2.9890241622924805,3.353175640106201,3.532794237136841,3.560532331466675,3.901094675064087,4.1439385414123535,4.088657379150391,4.351814270019531,4.608776569366455,4.711670398712158,4.815607070922852,5.064706325531006,5.068181991577148,5.122772216796875,4.622572422027588,4.4186177253723145,4.3640241622924805,4.627351760864258,4.382909297943115,4.704201698303223,4.738837242126465,4.454383850097656,4.519296646118164,4.834794998168945,4.743556976318359,4.57838249206543,4.903017997741699,5.0828471183776855,4.970190048217773,5.434755325317383,5.21260404586792,5.474736213684082,5.398227214813232,5.225445747375488,5.461162567138672,5.654927730560303,5.564486026763916,5.448301792144775,5.817006587982178,5.852695465087891,5.6584014892578125,5.9986677169799805,6.168502330780029,6.226342678070068
B7,4.997119426727295,4.602071285247803,4.429222583770752,4.0914225578308105,3.832131862640381,3.5333123207092285,3.4534103870391846,3.494722843170166,3.156494379043579,3.047858238220215,3.041261911392212,3.248952865600586,3.096043586730957,2.749176502227783,2.8871591091156006,1.5309908390045166,1.2498273849487305,0.955820620059967,0.7357566356658936,0.5701249837875366,0.3665692210197449,0.0,0.3741392493247986,0.5475176572799683,0.6311895251274109,0.9231556057929993,1.1643978357315063,1.378687858581543,1.589951515197754,1.8427177667617798,3.017731189727783,3.0323996543884277,3.4006617069244385,3.604522228240967,3.6633052825927734,4.006816864013672,4.232898235321045,4.181675434112549,4.4675092697143555,4.702281951904297,4.799165725708008,4.924600124359131,5.156111717224121,5.139363765716553,5.197052955627441,4.7163310050964355,4.536265850067139,4.477872848510742,4.759358882904053,4.533809661865234,4.862424373626709,4.878810882568359,4.593782901763916,4.683716297149658,4.988170146942139,4.880428791046143,4.729671955108643,5.065548419952393,5.229617118835449,5.105690002441406,5.63588285446167,5.414298057556152,5.683369159698486,5.625381946563721,5.446430683135986,5.694307804107666,5.874813556671143,5.7658867835998535,5.649724006652832,6.020201206207275,6.036416530609131,5.833254337310791,6.170284271240234,6.342104911804199,6.382913589477539
B8,4.8298115730285645,4.440086364746094,4.251119136810303,3.9025235176086426,3.6586360931396484,3.3438668251037598,3.256542444229126,3.327866315841675,3.001249313354492,2.9296751022338867,2.9406793117523193,3.1825859546661377,3.0652987957000732,2.7367162704467773,2.917628049850464,1.6745694875717163,1.347433090209961,1.1365251541137695,0.9370225667953491,0.6462547779083252,0.6190497875213623,0.3741392493247986,0.0,0.3852441906929016,0.5321477651596069,0.6849249005317688,0.92644202709198,1.198752999305725,1.4395207166671753,1.6344425678253174,2.9302260875701904,2.952035903930664,3.3078339099884033,3.5452094078063965,3.5997226238250732,3.9550540447235107,4.155397415161133,4.078575134277344,4.375160217285156,4.596145153045654,4.668046474456787,4.793234825134277,5.0055413246154785,4.965497016906738,5.006381511688232,4.473361015319824,4.308114528656006,4.235767364501953,4.526523113250732,4.314254283905029,4.64434289932251,4.6408915519714355,4.353945255279541,4.46448278427124,4.7569661140441895,4.634983062744141,4.498102188110352,4.843271732330322,4.994392395019531,4.864902019500732,5.479608058929443,5.2689313888549805,5.552631855010986,5.5190887451171875,5.347302436828613,5.6142897605896,5.7886834144592285,5.66765022277832,5.568382263183594,5.942867279052734,5.94487190246582,5.748775482177734,6.0897321701049805,6.276638031005859,6.314304351806641
B9,5.132158279418945,4.744298458099365,4.537045001983643,4.191484451293945,3.9433374404907227,3.6312358379364014,3.5176870822906494,3.5850892066955566,3.256107807159424,3.2082581520080566,3.192614793777466,3.4458887577056885,3.3463168144226074,3.019418716430664,3.1865124702453613,1.9741532802581787,1.6451903581619263,1.4258360862731934,1.1495087146759033,0.8434427976608276,0.702214777469635,0.5475176572799683,0.3852441906929016,0.0,0.371481329202652,0.5719370245933533,0.6762595772743225,0.9544497728347778,1.1267982721328735,1.3336515426635742,2.549034357070923,2.5728397369384766,2.9321141242980957,3.166590929031372,3.231189727783203,3.583815097808838,3.784806251525879,3.7189717292785645,4.020449161529541,4.237115859985352,4.31903600692749,4.4551825523376465,4.670249938964844,4.637271404266357,4.694468975067139,4.2563323974609375,4.0989508628845215,4.056020259857178,4.3583879470825195,4.159738540649414,4.504037380218506,4.521528720855713,4.254910945892334,4.3767828941345215,4.680440425872803,4.582077503204346,4.466114521026611,4.815818786621094,4.985393047332764,4.881550312042236,5.562533855438232,5.371919631958008,5.667592525482178,5.63346529006958,5.484175205230713,5.753378391265869,5.944965362548828,5.840429782867432,5.758388042449951,6.134786605834961,6.150388240814209,5.9713850021362305,6.319817066192627,6.5159196853637695,6.569586277008057
B10,5.317306041717529,4.931855201721191,4.740771293640137,4.383861064910889,4.1543660163879395,3.8287980556488037,3.7433979511260986,3.8320136070251465,3.5113749504089355,3.452890634536743,3.4651248455047607,3.712437152862549,3.5969088077545166,3.2665886878967285,3.438795566558838,2.139927864074707,1.8383063077926636,1.5727579593658447,1.3509608507156372,1.100882887840271,0.9057221412658691,0.6311895251274109,0.5321477651596069,0.371481329202652,0.0,0.3755679130554199,0.5988759994506836,0.7512504458427429,0.9896739721298218,1.2574560642242432,2.583063840866089,2.658392906188965,3.0237326622009277,3.260996103286743,3.36626935005188,3.7088029384613037,3.9041171073913574,3.862396717071533,4.180636882781982,4.377007484436035,4.468629837036133,4.630588531494141,4.835697174072266,4.7950849533081055,4.868723392486572,4.504985809326172,4.368430137634277,4.334346771240234,4.649778842926025,4.467504978179932,4.817643642425537,4.829875469207764,4.568657875061035,4.705482482910156,5.003684043884277,4.899765491485596,4.794434070587158,5.148954391479492,5.310862064361572,5.2021636962890625,5.9084038734436035,5.715095520019531,6.01029109954834,5.980754375457764,5.824270248413086,6.094584941864014,6.278470993041992,6.16460657119751,6.075414180755615,6.451179027557373,6.457068920135498,6.267760276794434,6.611374855041504,6.802164554595947,6.8426361083984375
B11,5.232168674468994,4.855676174163818,4.656599044799805,4.289276123046875,4.083427429199219,3.742709159851074,3.661160707473755,3.783620595932007,3.481381893157959,3.4534990787506104,3.48992657661438,3.7614574432373047,3.672508716583252,3.3604016304016113,3.567481756210327,2.3425731658935547,2.0218305587768555,1.8007006645202637,1.607959508895874,1.3170677423477173,1.2060842514038086,0.9231556057929993,0.6849249005317688,0.5719370245933533,0.3755679130554199,0.0,0.37657853960990906,0.5581132173538208,0.8742847442626953,1.063265085220337,2.5676217079162598,2.666517496109009,3.0142910480499268,3.2867815494537354,3.39829421043396,3.7470579147338867,3.9112942218780518,3.8494772911071777,4.182088851928711,4.356161594390869,4.423170566558838,4.592104434967041,4.77232551574707,4.704012870788574,4.764400959014893,4.371201515197754,4.258570194244385,4.2132248878479,4.541043281555176,4.379386901855469,4.730771064758301,4.720817565917969,4.461357116699219,4.6233391761779785,4.9056315422058105,4.786147117614746,4.699333667755127,5.062347412109375,5.207727909088135,5.092578411102295,5.884945392608643,5.70189905166626,6.008988380432129,6.003982067108154,5.852210998535156,6.139242172241211,6.313861846923828,6.18597936630249,6.110219955444336,6.487817287445068,6.477161884307861,6.291620254516602,6.635739326477051,6.837889194488525,6.870804309844971
B12,5.406869888305664,5.034082412719727,4.812487602233887,4.449750900268555,4.240675449371338,3.903892755508423,3.792832374572754,3.91365647315979,3.6129090785980225,3.6150989532470703,3.628772497177124,3.917046070098877,3.8542428016662598,3.5497424602508545,3.7549784183502197,2.597440242767334,2.2596306800842285,2.058056354522705,1.8145947456359863,1.4938440322875977,1.3757225275039673,1.1643978357315063,0.92644202709198,0.6762595772743225,0.5988759994506836,0.37657853960990906,0.0,0.37283554673194885,0.5856724381446838,0.7185134887695312,2.219435214996338,2.3194847106933594,2.6585774421691895,2.944154977798462,3.0572116374969482,3.407228946685791,3.558272361755371,3.4910082817077637,3.829110860824585,3.9941580295562744,4.0566205978393555,4.23115873336792,4.405542850494385,4.334218502044678,4.399368762969971,4.061938285827637,3.9610629081726074,3.935760498046875,4.273561954498291,4.128681182861328,4.489384651184082,4.490927219390869,4.250072956085205,4.4262495040893555,4.712219715118408,4.609862327575684,4.545284271240234,4.911845684051514,5.068766117095947,4.975398540496826,5.842208385467529,5.6806721687316895,6.000783443450928,6.0021233558654785,5.872941493988037,6.16623067855835,6.353781223297119,6.237992286682129,6.183014392852783,6.562312602996826,6.560600757598877,6.393809795379639,6.745349884033203,6.960141658782959,7.008144378662109
B13,5.718711853027344,5.348401069641113,5.1353230476379395,4.766483306884766,4.568989276885986,4.225173473358154,4.128518104553223,4.26017951965332,3.9634199142456055,3.9598729610443115,3.984038829803467,4.267886161804199,4.194591999053955,3.885148763656616,4.086599349975586,2.8658576011657715,2.5458321571350098,2.309643507003784,2.078625440597534,1.7881137132644653,1.618479609489441,1.378687858581543,1.198752999305725,0.9544497728347778,0.7512504458427429,0.5581132173538208,0.37283554673194885,0.0,0.3676240146160126,0.5990395545959473,2.1406683921813965,2.29754376411438,2.636366367340088,2.9182446002960205,3.0760090351104736,3.4088377952575684,3.552553415298462,3.5162193775177,3.8686752319335938,4.010011196136475,4.086845397949219,4.290143013000488,4.455022811889648,4.380972862243652,4.469973564147949,4.252253532409668,4.1736578941345215,4.169598579406738,4.518754959106445,4.3936309814453125,4.761096000671387,4.767831325531006,4.541454315185547,4.730647087097168,5.015106678009033,4.918733596801758,4.869342803955078,5.23825216293335,5.395738124847412,5.308352947235107,6.207071304321289,6.049274444580078,6.37123441696167,6.373747825622559,6.2456889152526855,6.538780689239502,6.726492881774902,6.609891414642334,6.55345344543457,6.932637691497803,6.929006099700928,6.759128570556641,7.109143257141113,7.3216776847839355,7.3649067878723145
B14,5.981678485870361,5.611308574676514,5.383554935455322,5.021386623382568,4.814146041870117,4.477935314178467,4.35805606842041,4.477613925933838,4.176342964172363,4.185459613800049,4.184330940246582,4.472362041473389,4.409863471984863,4.1001057624816895,4.287518501281738,3.092120885848999,2.768040180206299,2.5321218967437744,2.2607038021087646,1.9675571918487549,1.772834300994873,1.589951515197754,1.4395207166671753,1.1267982721328735,0.9896739721298218,0.8742847442626953,0.5856724381446838,0.3676240146160126,0.0,0.38141217827796936,1.7770739793777466,1.9464118480682373,2.284856081008911,2.5635268688201904,2.7358014583587646,3.061326503753662,3.202960729598999,3.1804420948028564,3.536375045776367,3.6711432933807373,3.759399652481079,3.973848342895508,4.1414313316345215,4.076976299285889,4.184267044067383,4.072580814361572,4.001177787780762,4.027797698974609,4.381654739379883,4.269564151763916,4.644818305969238,4.673515796661377,4.468984127044678,4.662656307220459,4.95535135269165,4.883537292480469,4.8506293296813965,5.217876434326172,5.392302989959717,5.329221725463867,6.264163970947266,6.122918128967285,6.451483726501465,6.450377464294434,6.341314315795898,6.63290548324585,6.835458278656006,6.735111713409424,6.6918439865112305,7.071276664733887,7.081593990325928,6.9265241622924805,7.2823100090026855,7.501157283782959,7.559762477874756
