0.000000000000000000e+00,3.771140575408935547e-01,6.940553188323974609e-01,9.193378090858459473e-01,1.181599259376525879e+00,1.383738279342651367e+00,1.663001298904418945e+00,1.811857223510742188e+00,1.919930696487426758e+00,2.218647003173828125e+00,2.245781898498535156e+00,2.568199157714843750e+00,2.894549369812011719e+00,3.155108928680419922e+00,3.305215835571289062e+00,3.980853080749511719e+00,4.206363201141357422e+00,4.404609680175781250e+00,4.710170269012451172e+00,4.934256076812744141e+00,5.219096183776855469e+00,5.352276325225830078e+00,5.523035049438476562e+00,5.817866802215576172e+00,5.978375434875488281e+00,6.266750812530517578e+00,6.278995037078857422e+00,6.617723464965820312e+00,6.714082241058349609e+00,6.869325637817382812e+00,7.150012493133544922e+00,6.976821899414062500e+00,7.227632045745849609e+00,7.446376323699951172e+00,7.340382575988769531e+00,7.704859256744384766e+00,7.862339019775390625e+00,7.727314949035644531e+00,7.915435791015625000e+00,8.142169952392578125e+00,8.075636863708496094e+00,8.103290557861328125e+00,8.290076255798339844e+00,8.177095413208007812e+00,7.886122703552246094e+00,6.752336025238037109e+00,6.461138725280761719e+00,6.242134571075439453e+00,6.248235225677490234e+00,5.876147747039794922e+00,5.958145618438720703e+00,5.905207633972167969e+00,5.564282417297363281e+00,5.425112247467041016e+00,5.616236686706542969e+00,5.475027084350585938e+00,5.138089656829833984e+00,5.288105010986328125e+00,5.256970882415771484e+00,4.991938591003417969e+00,3.472398281097412109e+00,3.211024284362792969e+00,2.913823843002319336e+00,2.720838785171508789e+00,2.422349929809570312e+00,2.247005701065063477e+00,2.156586170196533203e+00,2.037713527679443359e+00,1.665683746337890625e+00,1.708215832710266113e+00,1.814121365547180176e+00,1.595921874046325684e+00,1.405646443367004395e+00,1.689637899398803711e+00,1.829932332038879395e+00
3.771140575408935547e-01,0.000000000000000000e+00,3.325480222702026367e-01,6.331412792205810547e-01,8.956544399261474609e-01,1.124284267425537109e+00,1.361423969268798828e+00,1.516907453536987305e+00,1.679025530815124512e+00,1.961521625518798828e+00,2.040519475936889648e+00,2.366695642471313477e+00,2.682082653045654297e+00,2.923533678054809570e+00,3.080502271652221680e+00,3.651311874389648438e+00,3.880517244338989258e+00,4.065233230590820312e+00,4.371676445007324219e+00,4.595296382904052734e+00,4.880706310272216797e+00,5.003943443298339844e+00,5.174730300903320312e+00,5.475661754608154297e+00,5.627626895904541016e+00,5.918333530426025391e+00,5.933094501495361328e+00,6.274912357330322266e+00,6.380111217498779297e+00,6.534973144531250000e+00,6.863019943237304688e+00,6.701767444610595703e+00,6.957586765289306641e+00,7.185612201690673828e+00,7.091330051422119141e+00,7.459208011627197266e+00,7.611851692199707031e+00,7.480885982513427734e+00,7.681426048278808594e+00,7.900881767272949219e+00,7.836023330688476562e+00,7.877522945404052734e+00,8.062102317810058594e+00,7.949368000030517578e+00,7.654331207275390625e+00,6.567504405975341797e+00,6.278030872344970703e+00,6.070238590240478516e+00,6.094758987426757812e+00,5.724447727203369141e+00,5.828247547149658203e+00,5.776062488555908203e+00,5.427192687988281250e+00,5.311217784881591797e+00,5.510811328887939453e+00,5.361094474792480469e+00,5.034574031829833984e+00,5.208110809326171875e+00,5.181103706359863281e+00,4.911420345306396484e+00,3.429747343063354492e+00,3.156008243560791016e+00,2.867018461227416992e+00,2.708070516586303711e+00,2.378888368606567383e+00,2.260140895843505859e+00,2.175451993942260742e+00,1.999125003814697266e+00,1.645732164382934570e+00,1.755232810974121094e+00,1.825550198554992676e+00,1.556414365768432617e+00,1.442712783813476562e+00,1.741976618766784668e+00,1.829711437225341797e+00
6.940553188323974609e-01,3.325480222702026367e-01,0.000000000000000000e+00,3.755598962306976318e-01,6.088618636131286621e-01,8.517869710922241211e-01,1.048850893974304199e+00,1.210633039474487305e+00,1.408136248588562012e+00,1.679239630699157715e+00,1.797622442245483398e+00,2.126558065414428711e+00,2.427264451980590820e+00,2.653428316116333008e+00,2.808818340301513672e+00,3.323042392730712891e+00,3.556516408920288086e+00,3.739145040512084961e+00,4.042872428894042969e+00,4.269989490509033203e+00,4.552417755126953125e+00,4.675926208496093750e+00,4.850888729095458984e+00,5.151909351348876953e+00,5.304214000701904297e+00,5.598054409027099609e+00,5.619205474853515625e+00,5.960719585418701172e+00,6.069149971008300781e+00,6.229489326477050781e+00,6.589419841766357422e+00,6.437372684478759766e+00,6.700923442840576172e+00,6.931765079498291016e+00,6.849167346954345703e+00,7.218552589416503906e+00,7.372797966003417969e+00,7.250385761260986328e+00,7.459927558898925781e+00,7.677657604217529297e+00,7.620011806488037109e+00,7.672917366027832031e+00,7.860861778259277344e+00,7.754321098327636719e+00,7.459929466247558594e+00,6.418496131896972656e+00,6.126041412353515625e+00,5.933062076568603516e+00,5.968531608581542969e+00,5.599128246307373047e+00,5.721934795379638672e+00,5.679241657257080078e+00,5.326819419860839844e+00,5.229349136352539062e+00,5.442524433135986328e+00,5.294267654418945312e+00,4.977459430694580078e+00,5.171936035156250000e+00,5.157733440399169922e+00,4.891311168670654297e+00,3.458631753921508789e+00,3.168434619903564453e+00,2.899610042572021484e+00,2.759938240051269531e+00,2.409782886505126953e+00,2.335557460784912109e+00,2.277869224548339844e+00,2.070171594619750977e+00,1.743007779121398926e+00,1.911928296089172363e+00,1.974366426467895508e+00,1.685616493225097656e+00,1.639275312423706055e+00,1.948330283164978027e+00,2.006502866744995117e+00
9.193378090858459473e-01,6.331412792205810547e-01,3.755598962306976318e-01,0.000000000000000000e+00,3.750965893268585205e-01,4.972238242626190186e-01,7.601150870323181152e-01,9.788481593132019043e-01,1.137177109718322754e+00,1.441353201866149902e+00,1.560354113578796387e+00,1.906993031501770020e+00,2.185765981674194336e+00,2.411650896072387695e+00,2.531591892242431641e+00,3.105998039245605469e+00,3.355469942092895508e+00,3.560115098953247070e+00,3.846166849136352539e+00,4.092778205871582031e+00,4.357793807983398438e+00,4.502397537231445312e+00,4.696607589721679688e+00,4.986716747283935547e+00,5.154627323150634766e+00,5.457053184509277344e+00,5.498047351837158203e+00,5.833025932312011719e+00,5.938007354736328125e+00,6.117789745330810547e+00,6.495343208312988281e+00,6.349430084228515625e+00,6.627471446990966797e+00,6.849124431610107422e+00,6.779736042022705078e+00,7.147276401519775391e+00,7.315793514251708984e+00,7.211025238037109375e+00,7.423804283142089844e+00,7.650037288665771484e+00,7.609725952148437500e+00,7.669836997985839844e+00,7.870929718017578125e+00,7.780493736267089844e+00,7.494442939758300781e+00,6.490990638732910156e+00,6.187667846679687500e+00,6.013081550598144531e+00,6.044906616210937500e+00,5.673967838287353516e+00,5.807484626770019531e+00,5.787170886993408203e+00,5.438471794128417969e+00,5.346954822540283203e+00,5.579436779022216797e+00,5.447831630706787109e+00,5.135887145996093750e+00,5.341752529144287109e+00,5.349711894989013672e+00,5.096240997314453125e+00,3.701361894607543945e+00,3.392796993255615234e+00,3.149206638336181641e+00,2.997431039810180664e+00,2.643459796905517578e+00,2.574202299118041992e+00,2.557906866073608398e+00,2.362471580505371094e+00,2.044813394546508789e+00,2.235497474670410156e+00,2.323336601257324219e+00,2.044730186462402344e+00,2.005794525146484375e+00,2.320228099822998047e+00,2.381887435913085938e+00
1.181599259376525879e+00,8.956544399261474609e-01,6.088618636131286621e-01,3.750965893268585205e-01,0.000000000000000000e+00,3.731654286384582520e-01,5.151397585868835449e-01,6.356155872344970703e-01,8.008090853691101074e-01,1.084965944290161133e+00,1.212892532348632812e+00,1.551468968391418457e+00,1.834987044334411621e+00,2.058975696563720703e+00,2.201852798461914062e+00,2.811126470565795898e+00,3.041787862777709961e+00,3.257874965667724609e+00,3.552529335021972656e+00,3.788134574890136719e+00,4.061714649200439453e+00,4.215073108673095703e+00,4.400297164916992188e+00,4.682133197784423828e+00,4.861437320709228516e+00,5.156673431396484375e+00,5.190868854522705078e+00,5.521159648895263672e+00,5.614154815673828125e+00,5.794251918792724609e+00,6.136960029602050781e+00,5.986905574798583984e+00,6.265798568725585938e+00,6.483074188232421875e+00,6.413362503051757812e+00,6.779932498931884766e+00,6.952427864074707031e+00,6.851408481597900391e+00,7.062955379486083984e+00,7.292910099029541016e+00,7.258210182189941406e+00,7.318724632263183594e+00,7.525269031524658203e+00,7.441918849945068359e+00,7.160772323608398438e+00,6.173118591308593750e+00,5.864373683929443359e+00,5.700341701507568359e+00,5.731518268585205078e+00,5.360867023468017578e+00,5.503139495849609375e+00,5.495632171630859375e+00,5.149086952209472656e+00,5.065723896026611328e+00,5.311298847198486328e+00,5.190089702606201172e+00,4.884999752044677734e+00,5.103586196899414062e+00,5.129673004150390625e+00,4.887416362762451172e+00,3.549968242645263672e+00,3.224548101425170898e+00,3.012171268463134766e+00,2.865461111068725586e+00,2.504463672637939453e+00,2.468410015106201172e+00,2.496023654937744141e+00,2.297069311141967773e+00,2.013145208358764648e+00,2.255845308303833008e+00,2.365587949752807617e+00,2.103564739227294922e+00,2.123417854309082031e+00,2.458834171295166016e+00,2.531005859375000000e+00
1.383738279342651367e+00,1.124284267425537109e+00,8.517869710922241211e-01,4.972238242626190186e-01,3.731654286384582520e-01,0.000000000000000000e+00,3.664924204349517822e-01,6.369534134864807129e-01,7.371290922164916992e-01,1.056391835212707520e+00,1.198799014091491699e+00,1.550993442535400391e+00,1.787224888801574707e+00,1.999066829681396484e+00,2.082144260406494141e+00,2.705787181854248047e+00,2.965537548065185547e+00,3.195544958114624023e+00,3.462602376937866211e+00,3.725416183471679688e+00,3.972706079483032227e+00,4.141753673553466797e+00,4.352816104888916016e+00,4.627322673797607422e+00,4.814524650573730469e+00,5.122664451599121094e+00,5.183069705963134766e+00,5.508288860321044922e+00,5.606329441070556641e+00,5.806631088256835938e+00,6.199724674224853516e+00,6.062499523162841797e+00,6.356561183929443359e+00,6.568204402923583984e+00,6.516142845153808594e+00,6.880798816680908203e+00,7.064145565032958984e+00,6.980951786041259766e+00,7.199069023132324219e+00,7.433020591735839844e+00,7.413672447204589844e+00,7.484787464141845703e+00,7.700457572937011719e+00,7.629941463470458984e+00,7.354535579681396484e+00,6.412944793701171875e+00,6.098524570465087891e+00,5.950830936431884766e+00,5.983170032501220703e+00,5.613751888275146484e+00,5.766171932220458984e+00,5.773749351501464844e+00,5.430180072784423828e+00,5.354314327239990234e+00,5.611413002014160156e+00,5.499187469482421875e+00,5.199651718139648438e+00,5.425646305084228516e+00,5.463073730468750000e+00,5.227196216583251953e+00,3.911737203598022461e+00,3.581650018692016602e+00,3.377913236618041992e+00,3.227174997329711914e+00,2.867989540100097656e+00,2.828251123428344727e+00,2.863580226898193359e+00,2.669772148132324219e+00,2.382318973541259766e+00,2.615522861480712891e+00,2.723414897918701172e+00,2.453952789306640625e+00,2.454007148742675781e+00,2.779990434646606445e+00,2.840123176574707031e+00
1.663001298904418945e+00,1.361423969268798828e+00,1.048850893974304199e+00,7.601150870323181152e-01,5.151397585868835449e-01,3.664924204349517822e-01,0.000000000000000000e+00,3.553814291954040527e-01,5.871006846427917480e-01,8.214302659034729004e-01,1.063219666481018066e+00,1.388169050216674805e+00,1.593531847000122070e+00,1.768340110778808594e+00,1.868635654449462891e+00,2.359968662261962891e+00,2.617824554443359375e+00,2.837910890579223633e+00,3.110733270645141602e+00,3.369101285934448242e+00,3.621756076812744141e+00,3.783741474151611328e+00,3.991137266159057617e+00,4.269435882568359375e+00,4.452347755432128906e+00,4.760023117065429688e+00,4.819513797760009766e+00,5.146372795104980469e+00,5.248566150665283203e+00,5.447704315185546875e+00,5.871692657470703125e+00,5.744207382202148438e+00,6.041677474975585938e+00,6.260517597198486328e+00,6.218424797058105469e+00,6.584975242614746094e+00,6.763728618621826172e+00,6.684478282928466797e+00,6.912456512451171875e+00,7.139851570129394531e+00,7.122722625732421875e+00,7.205448627471923828e+00,7.419372558593750000e+00,7.350581645965576172e+00,7.073766231536865234e+00,6.180641651153564453e+00,5.868678569793701172e+00,5.734287261962890625e+00,5.782212734222412109e+00,5.417721271514892578e+00,5.589571952819824219e+00,5.600400924682617188e+00,5.254098415374755859e+00,5.200787544250488281e+00,5.465009689331054688e+00,5.349385261535644531e+00,5.063786983489990234e+00,5.309154033660888672e+00,5.353645801544189453e+00,5.119837284088134766e+00,3.871684551239013672e+00,3.536983966827392578e+00,3.353627681732177734e+00,3.233263731002807617e+00,2.865178823471069336e+00,2.873444557189941406e+00,2.920198917388916016e+00,2.699194908142089844e+00,2.447755813598632812e+00,2.716961622238159180e+00,2.807036161422729492e+00,2.529757261276245117e+00,2.581856489181518555e+00,2.907600164413452148e+00,2.944558858871459961e+00
1.811857223510742188e+00,1.516907453536987305e+00,1.210633039474487305e+00,9.788481593132019043e-01,6.356155872344970703e-01,6.369534134864807129e-01,3.553814291954040527e-01,0.000000000000000000e+00,3.796481192111968994e-01,5.202240347862243652e-01,7.921177148818969727e-01,1.091128826141357422e+00,1.314500927925109863e+00,1.491669893264770508e+00,1.643010497093200684e+00,2.193607330322265625e+00,2.415806531906127930e+00,2.647399902343750000e+00,2.939389944076538086e+00,3.174747943878173828e+00,3.445990085601806641e+00,3.613946199417114258e+00,3.801741838455200195e+00,4.071904182434082031e+00,4.265970230102539062e+00,4.560523033142089844e+00,4.603030204772949219e+00,4.925886154174804688e+00,5.011877059936523438e+00,5.204489231109619141e+00,5.566545486450195312e+00,5.428319454193115234e+00,5.721152782440185547e+00,5.935974121093750000e+00,5.885829448699951172e+00,6.251781463623046875e+00,6.431989192962646484e+00,6.350058078765869141e+00,6.572809219360351562e+00,6.803961277008056641e+00,6.787253379821777344e+00,6.864806175231933594e+00,7.081665039062500000e+00,7.015787124633789062e+00,6.742666244506835938e+00,5.844020843505859375e+00,5.528348922729492188e+00,5.398119449615478516e+00,5.442434787750244141e+00,5.078141212463378906e+00,5.252546310424804688e+00,5.271472454071044922e+00,4.928276062011718750e+00,4.878046989440917969e+00,5.149906635284423828e+00,5.043268680572509766e+00,4.762488365173339844e+00,5.014162063598632812e+00,5.072099208831787109e+00,4.848806381225585938e+00,3.653629302978515625e+00,3.309815406799316406e+00,3.154985427856445312e+00,3.039197444915771484e+00,2.674360990524291992e+00,2.708585739135742188e+00,2.789709091186523438e+00,2.574319362640380859e+00,2.356898546218872070e+00,2.657740831375122070e+00,2.766764879226684570e+00,2.513920307159423828e+00,2.606823921203613281e+00,2.945332288742065430e+00,2.998723983764648438e+00
1.919930696487426758e+00,1.679025530815124512e+00,1.408136248588562012e+00,1.137177109718322754e+00,8.008090853691101074e-01,7.371290922164916992e-01,5.871006846427917480e-01,3.796481192111968994e-01,0.000000000000000000e+00,3.552213311195373535e-01,4.809710681438446045e-01,8.213067054748535156e-01,1.056557893753051758e+00,1.279427170753479004e+00,1.403456807136535645e+00,2.236497879028320312e+00,2.445122480392456055e+00,2.718645095825195312e+00,2.994268655776977539e+00,3.233283042907714844e+00,3.491352796554565430e+00,3.692732810974121094e+00,3.886119127273559570e+00,4.130768775939941406e+00,4.352932453155517578e+00,4.642842292785644531e+00,4.691896438598632812e+00,5.000032901763916016e+00,5.063955307006835938e+00,5.270201683044433594e+00,5.563438892364501953e+00,5.413419246673583984e+00,5.710980892181396484e+00,5.904545307159423828e+00,5.850838661193847656e+00,6.210192680358886719e+00,6.408967018127441406e+00,6.338293075561523438e+00,6.548445224761962891e+00,6.796005725860595703e+00,6.793860435485839844e+00,6.861770153045654297e+00,7.093778610229492188e+00,7.043860912322998047e+00,6.784615993499755859e+00,5.874332427978515625e+00,5.546022415161132812e+00,5.423846244812011719e+00,5.445668697357177734e+00,5.078803539276123047e+00,5.243625640869140625e+00,5.285874366760253906e+00,4.954924106597900391e+00,4.890206336975097656e+00,5.175209045410156250e+00,5.094758510589599609e+00,4.811015129089355469e+00,5.055303573608398438e+00,5.134941577911376953e+00,4.930749416351318359e+00,3.753150463104248047e+00,3.398549795150756836e+00,3.266063928604125977e+00,3.116679906845092773e+00,2.768028497695922852e+00,2.776592969894409180e+00,2.897440195083618164e+00,2.723686218261718750e+00,2.503602504730224609e+00,2.800179481506347656e+00,2.952146530151367188e+00,2.729026317596435547e+00,2.803688287734985352e+00,3.154990911483764648e+00,3.243121623992919922e+00
2.218647003173828125e+00,1.961521625518798828e+00,1.679239630699157715e+00,1.441353201866149902e+00,1.084965944290161133e+00,1.056391835212707520e+00,8.214302659034729004e-01,5.202240347862243652e-01,3.552213311195373535e-01,0.000000000000000000e+00,3.777779340744018555e-01,6.018004417419433594e-01,7.949619889259338379e-01,9.807748794555664062e-01,1.154012441635131836e+00,1.949573636054992676e+00,2.131017446517944336e+00,2.410450935363769531e+00,2.694710969924926758e+00,2.918023586273193359e+00,3.185425281524658203e+00,3.389925479888916016e+00,3.571650028228759766e+00,3.809568881988525391e+00,4.038342475891113281e+00,4.320436000823974609e+00,4.362754344940185547e+00,4.667003154754638672e+00,4.723082065582275391e+00,4.928260803222656250e+00,5.209217071533203125e+00,5.061051368713378906e+00,5.360934257507324219e+00,5.555154800415039062e+00,5.506407737731933594e+00,5.866102695465087891e+00,6.065081119537353516e+00,5.999010562896728516e+00,6.213432312011718750e+00,6.459862709045410156e+00,6.462592601776123047e+00,6.536820411682128906e+00,6.771232128143310547e+00,6.726919174194335938e+00,6.470600605010986328e+00,5.599247455596923828e+00,5.269773960113525391e+00,5.162785053253173828e+00,5.192615985870361328e+00,4.830606937408447266e+00,5.011358261108398438e+00,5.063806056976318359e+00,4.735124588012695312e+00,4.688936233520507812e+00,4.984219074249267578e+00,4.909303188323974609e+00,4.640250682830810547e+00,4.900809764862060547e+00,4.994639396667480469e+00,4.800449371337890625e+00,3.710659265518188477e+00,3.352268934249877930e+00,3.251838684082031250e+00,3.125700950622558594e+00,2.780772209167480469e+00,2.831362962722778320e+00,2.973974227905273438e+00,2.791040658950805664e+00,2.612079858779907227e+00,2.935164213180541992e+00,3.081738948822021484e+00,2.867228031158447266e+00,2.982968568801879883e+00,3.333474397659301758e+00,3.412953376770019531e+00
2.245781898498535156e+00,2.040519475936889648e+00,1.797622442245483398e+00,1.560354113578796387e+00,1.212892532348632812e+00,1.198799014091491699e+00,1.063219666481018066e+00,7.921177148818969727e-01,4.809710681438446045e-01,3.777779340744018555e-01,0.000000000000000000e+00,3.572013974189758301e-01,6.494392156600952148e-01,9.241183996200561523e-01,1.096618413925170898e+00,2.189596891403198242e+00,2.340089321136474609e+00,2.645760536193847656e+00,2.921324253082275391e+00,3.132366418838500977e+00,3.394991874694824219e+00,3.621490716934204102e+00,3.795076131820678711e+00,4.009792804718017578e+00,4.259652137756347656e+00,4.529298782348632812e+00,4.564976692199707031e+00,4.855519771575927734e+00,4.886764049530029297e+00,5.094074249267578125e+00,5.272397518157958984e+00,5.103645324707031250e+00,5.398466110229492188e+00,5.571512699127197266e+00,5.507483005523681641e+00,5.860047340393066406e+00,6.073132038116455078e+00,6.008536338806152344e+00,6.203857421875000000e+00,6.466171264648437500e+00,6.475357532501220703e+00,6.531484127044677734e+00,6.776778221130371094e+00,6.741844654083251953e+00,6.497389793395996094e+00,5.581123828887939453e+00,5.241411685943603516e+00,5.131656169891357422e+00,5.133949756622314453e+00,4.768001556396484375e+00,4.929066658020019531e+00,4.997732639312744141e+00,4.681452274322509766e+00,4.611678600311279297e+00,4.913235664367675781e+00,4.862058639526367188e+00,4.584968566894531250e+00,4.830020904541015625e+00,4.939506530761718750e+00,4.762079715728759766e+00,3.673204183578491211e+00,3.308546543121337891e+00,3.225601196289062500e+00,3.063719272613525391e+00,2.739700078964233398e+00,2.759998083114624023e+00,2.938108444213867188e+00,2.800329208374023438e+00,2.620416879653930664e+00,2.934676170349121094e+00,3.123128652572631836e+00,2.943275928497314453e+00,3.042602300643920898e+00,3.403438091278076172e+00,3.520638227462768555e+00
2.568199157714843750e+00,2.366695642471313477e+00,2.126558065414428711e+00,1.906993031501770020e+00,1.551468968391418457e+00,1.550993442535400391e+00,1.388169050216674805e+00,1.091128826141357422e+00,8.213067054748535156e-01,6.018004417419433594e-01,3.572013974189758301e-01,0.000000000000000000e+00,3.611513376235961914e-01,6.494457721710205078e-01,8.841270804405212402e-01,2.082589626312255859e+00,2.184395551681518555e+00,2.505272150039672852e+00,2.777925729751586914e+00,2.964447975158691406e+00,3.229047298431396484e+00,3.469047307968139648e+00,3.626237869262695312e+00,3.819218873977661133e+00,4.085651874542236328e+00,4.339704036712646484e+00,4.366419792175292969e+00,4.643771648406982422e+00,4.653907775878906250e+00,4.861636638641357422e+00,4.974819660186767578e+00,4.798082828521728516e+00,5.093092918395996094e+00,5.254716396331787109e+00,5.189023971557617188e+00,5.537556171417236328e+00,5.758894443511962891e+00,5.701245307922363281e+00,5.891152858734130859e+00,6.160612106323242188e+00,6.179305553436279297e+00,6.233226299285888672e+00,6.486979007720947266e+00,6.463614940643310547e+00,6.229101181030273438e+00,5.335196018218994141e+00,4.989448070526123047e+00,4.895708084106445312e+00,4.892102241516113281e+00,4.530522346496582031e+00,4.698292255401611328e+00,4.786935329437255859e+00,4.480966091156005859e+00,4.419276714324951172e+00,4.734178066253662109e+00,4.701562404632568359e+00,4.437361717224121094e+00,4.690522670745849609e+00,4.822327613830566406e+00,4.664523601531982422e+00,3.672658920288085938e+00,3.305404424667358398e+00,3.262674093246459961e+00,3.109035968780517578e+00,2.803040981292724609e+00,2.848760128021240234e+00,3.058670759201049805e+00,2.933109045028686523e+00,2.790733337402343750e+00,3.119430065155029297e+00,3.316846847534179688e+00,3.158153772354125977e+00,3.283368349075317383e+00,3.644528388977050781e+00,3.767113447189331055e+00
2.894549369812011719e+00,2.682082653045654297e+00,2.427264451980590820e+00,2.185765981674194336e+00,1.834987044334411621e+00,1.787224888801574707e+00,1.593531847000122070e+00,1.314500927925109863e+00,1.056557893753051758e+00,7.949619889259338379e-01,6.494392156600952148e-01,3.611513376235961914e-01,0.000000000000000000e+00,3.107497394084930420e-01,5.359743833541870117e-01,1.855355620384216309e+00,1.942183017730712891e+00,2.285966873168945312e+00,2.531346559524536133e+00,2.721986293792724609e+00,2.965543031692504883e+00,3.227527141571044922e+00,3.393749237060546875e+00,3.565621137619018555e+00,3.848841667175292969e+00,4.102566242218017578e+00,4.145305633544921875e+00,4.409700393676757812e+00,4.412009239196777344e+00,4.636635303497314453e+00,4.766494750976562500e+00,4.601260662078857422e+00,4.910233974456787109e+00,5.063100337982177734e+00,5.016628742218017578e+00,5.360818862915039062e+00,5.593168735504150391e+00,5.556309700012207031e+00,5.752433776855468750e+00,6.024984359741210938e+00,6.062111854553222656e+00,6.128383636474609375e+00,6.391856193542480469e+00,6.385319232940673828e+00,6.160781860351562500e+00,5.340877532958984375e+00,4.992277145385742188e+00,4.925387382507324219e+00,4.927229404449462891e+00,4.575060367584228516e+00,4.760266780853271484e+00,4.868858337402343750e+00,4.571887016296386719e+00,4.529911041259765625e+00,4.857153892517089844e+00,4.836618423461914062e+00,4.590404510498046875e+00,4.856588363647460938e+00,5.004930019378662109e+00,4.860237121582031250e+00,3.947641849517822266e+00,3.581509828567504883e+00,3.558825492858886719e+00,3.418942213058471680e+00,3.118100643157958984e+00,3.181280136108398438e+00,3.396764516830444336e+00,3.264986515045166016e+00,3.134421348571777344e+00,3.468898534774780273e+00,3.658369541168212891e+00,3.493167877197265625e+00,3.626542806625366211e+00,3.985497236251831055e+00,4.096224784851074219e+00
3.155108928680419922e+00,2.923533678054809570e+00,2.653428316116333008e+00,2.411650896072387695e+00,2.058975696563720703e+00,1.999066829681396484e+00,1.768340110778808594e+00,1.491669893264770508e+00,1.279427170753479004e+00,9.807748794555664062e-01,9.241183996200561523e-01,6.494457721710205078e-01,3.107497394084930420e-01,0.000000000000000000e+00,3.669747412204742432e-01,1.606353640556335449e+00,1.667966842651367188e+00,2.021456956863403320e+00,2.253634929656982422e+00,2.438593626022338867e+00,2.674516439437866211e+00,2.945458650588989258e+00,3.111613273620605469e+00,3.272146940231323242e+00,3.563098430633544922e+00,3.814768552780151367e+00,3.864456176757812500e+00,4.122353076934814453e+00,4.122169017791748047e+00,4.354892253875732422e+00,4.513013362884521484e+00,4.360350131988525391e+00,4.679043769836425781e+00,4.832992076873779297e+00,4.803215026855468750e+00,5.146845817565917969e+00,5.381076335906982422e+00,5.356875419616699219e+00,5.563012123107910156e+00,5.832092285156250000e+00,5.879199028015136719e+00,5.959321498870849609e+00,6.225576877593994141e+00,6.227674484252929688e+00,6.006875514984130859e+00,5.255418300628662109e+00,4.908813476562500000e+00,4.863083362579345703e+00,4.878222465515136719e+00,4.535575389862060547e+00,4.740428924560546875e+00,4.858341217041015625e+00,4.565141677856445312e+00,4.546760559082031250e+00,4.880731582641601562e+00,4.862333774566650391e+00,4.634075641632080078e+00,4.915299415588378906e+00,5.072268486022949219e+00,4.934198379516601562e+00,4.095846652984619141e+00,3.733246803283691406e+00,3.726407527923583984e+00,3.609543085098266602e+00,3.309807777404785156e+00,3.399729013442993164e+00,3.614447116851806641e+00,3.468066930770874023e+00,3.355510473251342773e+00,3.700046300888061523e+00,3.874407052993774414e+00,3.702304363250732422e+00,3.853684902191162109e+00,4.207971572875976562e+00,4.302463531494140625e+00
3.305215835571289062e+00,3.080502271652221680e+00,2.808818340301513672e+00,2.531591892242431641e+00,2.201852798461914062e+00,2.082144260406494141e+00,1.868635654449462891e+00,1.643010497093200684e+00,1.403456807136535645e+00,1.154012441635131836e+00,1.096618413925170898e+00,8.841270804405212402e-01,5.359743833541870117e-01,3.669747412204742432e-01,0.000000000000000000e+00,1.599410414695739746e+00,1.692951202392578125e+00,2.065413475036621094e+00,2.245895862579345703e+00,2.463430643081665039e+00,2.654345273971557617e+00,2.951118469238281250e+00,3.147951841354370117e+00,3.289752721786499023e+00,3.593231439590454102e+00,3.855854988098144531e+00,3.937672853469848633e+00,4.183008193969726562e+00,4.184352397918701172e+00,4.440960884094238281e+00,4.644208431243896484e+00,4.506933689117431641e+00,4.839017868041992188e+00,4.980494976043701172e+00,4.970566749572753906e+00,5.306072235107421875e+00,5.552662849426269531e+00,5.549838542938232422e+00,5.758234024047851562e+00,6.031113147735595703e+00,6.095645904541015625e+00,6.183952331542968750e+00,6.458664417266845703e+00,6.475260257720947266e+00,6.263883590698242188e+00,5.559219360351562500e+00,5.211006641387939453e+00,5.179278373718261719e+00,5.191747188568115234e+00,4.854281425476074219e+00,5.061168193817138672e+00,5.190704345703125000e+00,4.904389858245849609e+00,4.887382984161376953e+00,5.225439071655273438e+00,5.214870929718017578e+00,4.989495754241943359e+00,5.269432544708251953e+00,5.431430339813232422e+00,5.297125816345214844e+00,4.449440479278564453e+00,4.085407733917236328e+00,4.070996761322021484e+00,3.943431138992309570e+00,3.640895128250122070e+00,3.713314533233642578e+00,3.923430919647216797e+00,3.779246330261230469e+00,3.645766496658325195e+00,3.980876207351684570e+00,4.157022953033447266e+00,3.973284244537353516e+00,4.103650569915771484e+00,4.459289073944091797e+00,4.551277160644531250e+00
3.980853080749511719e+00,3.651311874389648438e+00,3.323042392730712891e+00,3.105998039245605469e+00,2.811126470565795898e+00,2.705787181854248047e+00,2.359968662261962891e+00,2.193607330322265625e+00,2.236497879028320312e+00,1.949573636054992676e+00,2.189596891403198242e+00,2.082589626312255859e+00,1.855355620384216309e+00,1.606353640556335449e+00,1.599410414695739746e+00,0.000000000000000000e+00,3.709367215633392334e-01,5.973703861236572266e-01,7.708832025527954102e-01,1.071273922920227051e+00,1.272408485412597656e+00,1.488504052162170410e+00,1.736257672309875488e+00,1.966269493103027344e+00,2.192627429962158203e+00,2.511339426040649414e+00,2.641794443130493164e+00,2.932052850723266602e+00,3.039416313171386719e+00,3.300169706344604492e+00,3.993292093276977539e+00,3.970551967620849609e+00,4.323019027709960938e+00,4.547208309173583984e+00,4.624677658081054688e+00,4.973346233367919922e+00,5.155574321746826172e+00,5.165991783142089844e+00,5.456302642822265625e+00,5.652762889862060547e+00,5.706118106842041016e+00,5.881835937500000000e+00,6.111879348754882812e+00,6.107733726501464844e+00,5.866076469421386719e+00,5.462919712066650391e+00,5.168036460876464844e+00,5.182124137878417969e+00,5.307005405426025391e+00,5.013175487518310547e+00,5.304568290710449219e+00,5.390703201293945312e+00,5.084102153778076172e+00,5.178432941436767578e+00,5.493993759155273438e+00,5.415665626525878906e+00,5.253932476043701172e+00,5.593692779541015625e+00,5.719645023345947266e+00,5.554663181304931641e+00,4.877657413482666016e+00,4.551683902740478516e+00,4.529266357421875000e+00,4.529999256134033203e+00,4.200390338897705078e+00,4.382844448089599609e+00,4.513346195220947266e+00,4.258880138397216797e+00,4.179040431976318359e+00,4.536301612854003906e+00,4.590353012084960938e+00,4.342142105102539062e+00,4.544385433197021484e+00,4.848223686218261719e+00,4.823511600494384766e+00
4.206363201141357422e+00,3.880517244338989258e+00,3.556516408920288086e+00,3.355469942092895508e+00,3.041787862777709961e+00,2.965537548065185547e+00,2.617824554443359375e+00,2.415806531906127930e+00,2.445122480392456055e+00,2.131017446517944336e+00,2.340089321136474609e+00,2.184395551681518555e+00,1.942183017730712891e+00,1.667966842651367188e+00,1.692951202392578125e+00,3.709367215633392334e-01,0.000000000000000000e+00,3.813836872577667236e-01,5.982642769813537598e-01,8.072988986968994141e-01,1.058880567550659180e+00,1.290828943252563477e+00,1.492203831672668457e+00,1.699599623680114746e+00,1.952324628829956055e+00,2.247099876403808594e+00,2.355048894882202148e+00,2.637047529220581055e+00,2.720809698104858398e+00,2.978921890258789062e+00,3.624482154846191406e+00,3.600641489028930664e+00,3.954452276229858398e+00,4.177188396453857422e+00,4.258139610290527344e+00,4.605473518371582031e+00,4.788180828094482422e+00,4.803283691406250000e+00,5.094867229461669922e+00,5.291119575500488281e+00,5.350229263305664062e+00,5.529408931732177734e+00,5.762446403503417969e+00,5.765945911407470703e+00,5.531077861785888672e+00,5.171561717987060547e+00,4.878748893737792969e+00,4.910994529724121094e+00,5.039887905120849609e+00,4.757924556732177734e+00,5.059368133544921875e+00,5.156948566436767578e+00,4.861601829528808594e+00,4.971809864044189453e+00,5.291666984558105469e+00,5.224204540252685547e+00,5.080999374389648438e+00,5.427382469177246094e+00,5.567163944244384766e+00,5.418405055999755859e+00,4.840400218963623047e+00,4.520326137542724609e+00,4.527659893035888672e+00,4.540957450866699219e+00,4.227992534637451172e+00,4.430081367492675781e+00,4.578006267547607422e+00,4.332051277160644531e+00,4.281209468841552734e+00,4.647252559661865234e+00,4.707023143768310547e+00,4.477881431579589844e+00,4.700624465942382812e+00,5.004797935485839844e+00,4.987233638763427734e+00
4.404609680175781250e+00,4.065233230590820312e+00,3.739145040512084961e+00,3.560115098953247070e+00,3.257874965667724609e+00,3.195544958114624023e+00,2.837910890579223633e+00,2.647399902343750000e+00,2.718645095825195312e+00,2.410450935363769531e+00,2.645760536193847656e+00,2.505272150039672852e+00,2.285966873168945312e+00,2.021456956863403320e+00,2.065413475036621094e+00,5.973703861236572266e-01,3.813836872577667236e-01,0.000000000000000000e+00,3.790760934352874756e-01,5.332080125808715820e-01,8.350670933723449707e-01,9.830760955810546875e-01,1.175007939338684082e+00,1.431899428367614746e+00,1.640288352966308594e+00,1.947429656982421875e+00,2.056097507476806641e+00,2.358195781707763672e+00,2.478198289871215820e+00,2.724185705184936523e+00,3.502354145050048828e+00,3.508717775344848633e+00,3.857458353042602539e+00,4.103447914123535156e+00,4.201773643493652344e+00,4.549143314361572266e+00,4.708245277404785156e+00,4.721020698547363281e+00,5.030344009399414062e+00,5.202729225158691406e+00,5.253687381744384766e+00,5.452281475067138672e+00,5.669004917144775391e+00,5.663453102111816406e+00,5.420541286468505859e+00,5.135138511657714844e+00,4.860831260681152344e+00,4.901685714721679688e+00,5.057409286499023438e+00,4.790083885192871094e+00,5.106785297393798828e+00,5.190258502960205078e+00,4.893662452697753906e+00,5.028881549835205078e+00,5.337706565856933594e+00,5.253816127777099609e+00,5.128036975860595703e+00,5.483728885650634766e+00,5.612619876861572266e+00,5.458538055419921875e+00,4.934028625488281250e+00,4.628735065460205078e+00,4.636573791503906250e+00,4.679093837738037109e+00,4.367846488952636719e+00,4.591643810272216797e+00,4.722025394439697266e+00,4.458063125610351562e+00,4.423898220062255859e+00,4.789394855499267578e+00,4.822948455810546875e+00,4.587480545043945312e+00,4.825675010681152344e+00,5.113965511322021484e+00,5.072842121124267578e+00
4.710170269012451172e+00,4.371676445007324219e+00,4.042872428894042969e+00,3.846166849136352539e+00,3.552529335021972656e+00,3.462602376937866211e+00,3.110733270645141602e+00,2.939389944076538086e+00,2.994268655776977539e+00,2.694710969924926758e+00,2.921324253082275391e+00,2.777925729751586914e+00,2.531346559524536133e+00,2.253634929656982422e+00,2.245895862579345703e+00,7.708832025527954102e-01,5.982642769813537598e-01,3.790760934352874756e-01,0.000000000000000000e+00,3.718813657760620117e-01,5.123273730278015137e-01,7.281799316406250000e-01,9.981703758239746094e-01,1.212119221687316895e+00,1.439265251159667969e+00,1.764838337898254395e+00,1.933756947517395020e+00,2.208332061767578125e+00,2.337395668029785156e+00,2.616611719131469727e+00,3.490220785140991211e+00,3.528669834136962891e+00,3.888661146163940430e+00,4.123178005218505859e+00,4.252924442291259766e+00,4.586416244506835938e+00,4.751104831695556641e+00,4.791048526763916016e+00,5.106757164001464844e+00,5.274243831634521484e+00,5.345248699188232422e+00,5.559460163116455078e+00,5.780495643615722656e+00,5.792016029357910156e+00,5.562260150909423828e+00,5.364865779876708984e+00,5.095090389251708984e+00,5.157530307769775391e+00,5.315674781799316406e+00,5.060574531555175781e+00,5.383815288543701172e+00,5.479645729064941406e+00,5.193651199340820312e+00,5.337921142578125000e+00,5.650300025939941406e+00,5.575016021728515625e+00,5.459819316864013672e+00,5.817702770233154297e+00,5.954229831695556641e+00,5.807895183563232422e+00,5.308928012847900391e+00,5.003127574920654297e+00,5.013714790344238281e+00,5.052875995635986328e+00,4.741505146026611328e+00,4.960725784301757812e+00,5.093273639678955078e+00,4.830380439758300781e+00,4.789300918579101562e+00,5.153350830078125000e+00,5.187711238861083984e+00,4.946616172790527344e+00,5.177418231964111328e+00,5.466210842132568359e+00,5.421192646026611328e+00
4.934256076812744141e+00,4.595296382904052734e+00,4.269989490509033203e+00,4.092778205871582031e+00,3.788134574890136719e+00,3.725416183471679688e+00,3.369101285934448242e+00,3.174747943878173828e+00,3.233283042907714844e+00,2.918023586273193359e+00,3.132366418838500977e+00,2.964447975158691406e+00,2.721986293792724609e+00,2.438593626022338867e+00,2.463430643081665039e+00,1.071273922920227051e+00,8.072988986968994141e-01,5.332080125808715820e-01,3.718813657760620117e-01,0.000000000000000000e+00,3.823909163475036621e-01,5.244785547256469727e-01,6.907215118408203125e-01,9.043856263160705566e-01,1.145878672599792480e+00,1.446513414382934570e+00,1.586197972297668457e+00,1.864256501197814941e+00,1.984923481941223145e+00,2.254965782165527344e+00,3.140233039855957031e+00,3.190500736236572266e+00,3.547165155410766602e+00,3.790784835815429688e+00,3.929178714752197266e+00,4.260868072509765625e+00,4.414495944976806641e+00,4.455786705017089844e+00,4.778739929199218750e+00,4.935603141784667969e+00,5.006814956665039062e+00,5.230516910552978516e+00,5.446500301361083984e+00,5.460018634796142578e+00,5.233068943023681641e+00,5.099895000457763672e+00,4.840852260589599609e+00,4.920718669891357422e+00,5.091395378112792969e+00,4.853384971618652344e+00,5.187922477722167969e+00,5.286488056182861328e+00,5.011108398437500000e+00,5.176146984100341797e+00,5.485365867614746094e+00,5.413118362426757812e+00,5.319756507873535156e+00,5.683616161346435547e+00,5.826197624206542969e+00,5.691789150238037109e+00,5.292228698730468750e+00,4.998245716094970703e+00,5.031811237335205078e+00,5.089844703674316406e+00,4.793998718261718750e+00,5.033637046813964844e+00,5.173047065734863281e+00,4.912750244140625000e+00,4.899341583251953125e+00,5.268135547637939453e+00,5.299017906188964844e+00,5.072410583496093750e+00,5.322915077209472656e+00,5.606385231018066406e+00,5.560899734497070312e+00
5.219096183776855469e+00,4.880706310272216797e+00,4.552417755126953125e+00,4.357793807983398438e+00,4.061714649200439453e+00,3.972706079483032227e+00,3.621756076812744141e+00,3.445990085601806641e+00,3.491352796554565430e+00,3.185425281524658203e+00,3.394991874694824219e+00,3.229047298431396484e+00,2.965543031692504883e+00,2.674516439437866211e+00,2.654345273971557617e+00,1.272408485412597656e+00,1.058880567550659180e+00,8.350670933723449707e-01,5.123273730278015137e-01,3.823909163475036621e-01,0.000000000000000000e+00,3.727052807807922363e-01,6.452376246452331543e-01,7.559023499488830566e-01,1.018266558647155762e+00,1.334341645240783691e+00,1.553263545036315918e+00,1.786242485046386719e+00,1.916528344154357910e+00,2.223236322402954102e+00,3.203745126724243164e+00,3.287108659744262695e+00,3.651527404785156250e+00,3.879488706588745117e+00,4.048764705657958984e+00,4.363187789916992188e+00,4.522490024566650391e+00,4.591551303863525391e+00,4.918039321899414062e+00,5.069885730743408203e+00,5.161177635192871094e+00,5.398474216461181641e+00,5.618142127990722656e+00,5.648577213287353516e+00,5.435725688934326172e+00,5.381790637969970703e+00,5.127073764801025391e+00,5.224625587463378906e+00,5.395169734954833984e+00,5.167353630065917969e+00,5.505074977874755859e+00,5.614344120025634766e+00,5.348216056823730469e+00,5.518122673034667969e+00,5.830134868621826172e+00,5.765479564666748047e+00,5.678900241851806641e+00,6.043164730072021484e+00,6.191544055938720703e+00,6.062650680541992188e+00,5.671670436859130859e+00,5.375524520874023438e+00,5.407926559448242188e+00,5.460300445556640625e+00,5.161798477172851562e+00,5.394634723663330078e+00,5.534907341003417969e+00,5.274833202362060547e+00,5.251367568969726562e+00,5.618595123291015625e+00,5.650621891021728516e+00,5.416809558868408203e+00,5.658400058746337891e+00,5.943259716033935547e+00,5.894354343414306641e+00
