,A1,A2,A3,A4,A5,A6,A7,A8,A9,A10,A11,A12,A13,A14,A15,B1,B2,B3,B4,B5,B6,B7,B8,B9,B10,B11,B12,B13,B14,B15,C1,C2,C3,C4,C5,C6,C7,C8,C9,C10,C11,C12,C13,C14,C15,D1,D2,D3,D4,D5,D6,D7,D8,D9,D10,D11,D12,D13,D14,D15,E1,E2,E3,E4,E5,E6,E7,E8,E9,E10,E11,E12,E13,E14,E15
A1,0.0,0.3791073262691498,0.5931646823883057,0.903013288974762,1.0276243686676025,1.405580997467041,1.585560917854309,1.9626671075820923,2.1134490966796875,2.5017411708831787,2.726030111312866,2.8999831676483154,2.6751434803009033,2.5415940284729004,2.1784920692443848,0.6149011254310608,0.6797061562538147,0.851331353187561,1.0991624593734741,1.229866623878479,1.559216856956482,1.7481805086135864,2.1000027656555176,2.2708675861358643,2.6492156982421875,2.8777832984924316,3.0721235275268555,2.8471384048461914,2.7427845001220703,2.3789560794830322,1.1372514963150024,1.1360604763031006,1.2478851079940796,1.4987729787826538,1.5596758127212524,1.8341076374053955,1.9967026710510254,2.3192079067230225,2.4984397888183594,2.8562912940979004,3.069664716720581,3.2723138332366943,3.0199007987976074,2.975841999053955,2.628603458404541,1.6517870426177979,1.6354930400848389,1.7161872386932373,1.9056609869003296,1.9366008043289185,2.167830228805542,2.300102710723877,2.591994047164917,2.771470069885254,3.094813346862793,3.319653034210205,3.514914035797119,3.221890926361084,3.2517879009246826,2.9401185512542725,2.1917433738708496,2.1716573238372803,2.221754789352417,2.3624396324157715,2.3731796741485596,2.576115608215332,2.6664297580718994,2.9283230304718018,3.114701271057129,3.3568239212036133,3.643239974975586,3.7905566692352295,4.168344020843506,4.28747034072876,4.603242874145508
A2,0.3791073262691498,0.0,0.3909280002117157,0.5719846487045288,0.6668397784233093,1.035762906074524,1.2319180965423584,1.606793761253357,1.7856682538986206,2.169311046600342,2.4157958030700684,2.6193625926971436,2.4241011142730713,2.33236026763916,1.9590258598327637,0.6905540823936462,0.5690385103225708,0.7637847065925598,0.8805722594261169,0.9565363526344299,1.2443797588348389,1.4287878274917603,1.7670656442642212,1.9550145864486694,2.324481725692749,2.569615125656128,2.792307138442993,2.5950324535369873,2.535667896270752,2.1730244159698486,1.1940585374832153,1.0907117128372192,1.1990891695022583,1.360379695892334,1.364648699760437,1.5848536491394043,1.7267160415649414,2.023958206176758,2.209774971008301,2.5513978004455566,2.7764892578125,3.005835771560669,2.7779908180236816,2.7776737213134766,2.440160036087036,1.7013550996780396,1.6136165857315063,1.6927893161773682,1.8122175931930542,1.794702172279358,1.9726641178131104,2.076197862625122,2.336962938308716,2.5136008262634277,2.814760208129883,3.046337842941284,3.2671291828155518,2.9970791339874268,3.065300464630127,2.7718312740325928,2.2400834560394287,2.163335084915161,2.216773509979248,2.299881935119629,2.268240213394165,2.423842430114746,2.4828906059265137,2.7108185291290283,2.885016918182373,3.09757137298584,3.3823177814483643,3.5044126510620117,3.8865561485290527,3.9990668296813965,4.3036675453186035
A3,0.5931646823883057,0.3909280002117157,0.0,0.3931341767311096,0.6827675104141235,1.0176348686218262,1.2982732057571411,1.666561245918274,1.9025661945343018,2.2783732414245605,2.5653128623962402,2.789738416671753,2.634892463684082,2.557553291320801,2.181584119796753,0.8308642506599426,0.5808757543563843,0.5441471934318542,0.6480458974838257,0.852882981300354,1.1320388317108154,1.4013904333114624,1.7472504377365112,1.9942264556884766,2.3659939765930176,2.652538537979126,2.9002797603607178,2.7398834228515625,2.6988422870635986,2.329897165298462,1.2282052040100098,1.0405516624450684,1.0192666053771973,1.1402099132537842,1.222399115562439,1.4315322637557983,1.6440191268920898,1.9496150016784668,2.191800594329834,2.5379528999328613,2.8054094314575195,3.060382127761841,2.862079381942749,2.882924795150757,2.5342726707458496,1.691558837890625,1.5414750576019287,1.5342570543289185,1.6110461950302124,1.645682454109192,1.8069347143173218,1.9637202024459839,2.226355791091919,2.453385591506958,2.7575619220733643,3.0292959213256836,3.275569200515747,3.0214128494262695,3.116077184677124,2.8102428913116455,2.203587055206299,2.0803987979888916,2.0701711177825928,2.1165621280670166,2.122828245162964,2.255693197250366,2.356794834136963,2.576500415802002,2.791670322418213,2.9955573081970215,3.309906482696533,3.442357301712036,3.8191816806793213,3.964644432067871,4.254045009613037
A4,0.903013288974762,0.5719846487045288,0.3931341767311096,0.0,0.3660431504249573,0.6391533017158508,0.9520173072814941,1.304694414138794,1.5721158981323242,1.9344757795333862,2.243445634841919,2.4915170669555664,2.3740477561950684,2.3376569747924805,1.9640320539474487,1.0028715133666992,0.6672324538230896,0.6654756665229797,0.5200832486152649,0.604162871837616,0.7954950928688049,1.0627774000167847,1.387191653251648,1.6548864841461182,2.013038158416748,2.3162641525268555,2.58925724029541,2.4619204998016357,2.466569662094116,2.1076836585998535,1.3376898765563965,1.0779237747192383,1.0711297988891602,1.0648518800735474,1.0535322427749634,1.1764146089553833,1.354667067527771,1.6243213415145874,1.8717420101165771,2.1972546577453613,2.4755256175994873,2.7549147605895996,2.5850768089294434,2.6504008769989014,2.318333864212036,1.7633333206176758,1.5552793741226196,1.5608081817626953,1.5560765266418457,1.520396113395691,1.6104092597961426,1.7229795455932617,1.9440487623214722,2.1625993251800537,2.439911365509033,2.7155885696411133,2.9851913452148438,2.757183790206909,2.8900084495544434,2.6081910133361816,2.2548203468322754,2.0822603702545166,2.0875720977783203,2.073021411895752,2.0224897861480713,2.0992748737335205,2.1560561656951904,2.3341901302337646,2.529338836669922,2.7003581523895264,3.0086781978607178,3.114647626876831,3.4944775104522705,3.6314430236816406,3.9104011058807373
A5,1.0276243686676025,0.6668397784233093,0.6827675104141235,0.3660431504249573,0.0,0.3846566379070282,0.6159656643867493,0.9886537790298462,1.2230620384216309,1.5961989164352417,1.8908578157424927,2.130553960800171,2.0081472396850586,1.9790639877319336,1.6065312623977661,1.0073496103286743,0.7004980444908142,0.848548412322998,0.6502503752708435,0.5039703249931335,0.642663300037384,0.8007689714431763,1.1180490255355835,1.3432632684707642,1.7033030986785889,1.9850131273269653,2.2495720386505127,2.112220525741577,2.1263577938079834,1.7742727994918823,1.3207671642303467,1.0746279954910278,1.1707545518875122,1.137822151184082,1.0020394325256348,1.0874834060668945,1.1688462495803833,1.4144091606140137,1.6115058660507202,1.929297924041748,2.1790497303009033,2.4487462043762207,2.2695226669311523,2.3423168659210205,2.0252397060394287,1.7337656021118164,1.534460186958313,1.6137317419052124,1.6009637117385864,1.480610966682434,1.5476988554000854,1.584130883216858,1.7827646732330322,1.9498199224472046,2.214836597442627,2.4585344791412354,2.717155933380127,2.487994432449341,2.6206839084625244,2.3602359294891357,2.2213551998138428,2.052150011062622,2.11629581451416,2.097553014755249,1.9829410314559937,2.0493738651275635,2.0441110134124756,2.2088093757629395,2.356374979019165,2.5220694541931152,2.8013484477996826,2.8909518718719482,3.275878667831421,3.3841400146484375,3.673713445663452
A6,1.405580997467041,1.035762906074524,1.0176348686218262,0.6391533017158508,0.3846566379070282,0.0,0.3666186034679413,0.6737470030784607,0.9806516170501709,1.3169885873794556,1.6486806869506836,1.9295880794525146,1.8685100078582764,1.9064831733703613,1.554208755493164,1.369379997253418,1.054080843925476,1.1555355787277222,0.8613077402114868,0.6360156536102295,0.5233460664749146,0.6053994297981262,0.8351784348487854,1.0960943698883057,1.4187792539596558,1.7278728485107422,2.0343210697174072,1.952842354774475,2.0377085208892822,1.7146896123886108,1.6205753087997437,1.3419212102890015,1.4131717681884766,1.2801523208618164,1.082066297531128,1.0309600830078125,1.044068694114685,1.2009193897247314,1.3994216918945312,1.6699261665344238,1.9355125427246094,2.242704153060913,2.111881971359253,2.249004364013672,1.9656450748443604,1.977332592010498,1.7374082803726196,1.8051855564117432,1.7160379886627197,1.5457369089126587,1.5195754766464233,1.4994524717330933,1.6231595277786255,1.7744572162628174,1.9887323379516602,2.237137794494629,2.529249429702759,2.3436198234558105,2.5277786254882812,2.3053765296936035,2.4236972332000732,2.2131385803222656,2.2758052349090576,2.1967897415161133,2.0396921634674072,2.0369272232055664,1.985239028930664,2.086845874786377,2.2074902057647705,2.320035696029663,2.58905291557312,2.638062000274658,3.0234251022338867,3.121272563934326,3.3914637565612793
A7,1.585560917854309,1.2319180965423584,1.2982732057571411,0.9520173072814941,0.6159656643867493,0.3666186034679413,0.0,0.3815595507621765,0.6241064667701721,0.9833738803863525,1.2964102029800415,1.5663515329360962,1.5031834840774536,1.5566496849060059,1.2155067920684814,1.4696906805038452,1.2093998193740845,1.3877086639404297,1.1119660139083862,0.8019871711730957,0.6579483151435852,0.509684145450592,0.6546167135238647,0.8150181770324707,1.1324808597564697,1.4054852724075317,1.699568748474121,1.605983018875122,1.7081085443496704,1.4036329984664917,1.6834315061569214,1.441169261932373,1.5855979919433594,1.456430196762085,1.1817492246627808,1.105515480041504,0.9938986301422119,1.0935230255126953,1.1994116306304932,1.447322130203247,1.664812684059143,1.9545384645462036,1.8122092485427856,1.9593125581741333,1.703587532043457,2.0091168880462646,1.7931725978851318,1.922888994216919,1.8402429819107056,1.6066224575042725,1.5657662153244019,1.4625186920166016,1.5521118640899658,1.6272293329238892,1.818869709968567,2.0175254344940186,2.289224147796631,2.1037518978118896,2.2838845252990723,2.0930612087249756,2.435187578201294,2.238536834716797,2.3548924922943115,2.2812070846557617,2.0714640617370605,2.0641634464263916,1.9496424198150635,2.035567283630371,2.095391035079956,2.2016022205352783,2.4283721446990967,2.458570957183838,2.8454701900482178,2.9068424701690674,3.190307378768921
A8,1.9626671075820923,1.606793761253357,1.666561245918274,1.304694414138794,0.9886537790298462,0.6737470030784607,0.3815595507621765,0.0,0.37898802757263184,0.6493009924888611,1.0016765594482422,1.3164386749267578,1.3330531120300293,1.4719642400741577,1.1880863904953003,1.836509346961975,1.5814764499664307,1.7456825971603394,1.4423272609710693,1.1215288639068604,0.8835837841033936,0.6343961954116821,0.5340608954429626,0.6212947964668274,0.8371554017066956,1.1139334440231323,1.4494956731796265,1.4219247102737427,1.6106797456741333,1.367916226387024,2.0125012397766113,1.7670031785964966,1.9053692817687988,1.7304519414901733,1.4254534244537354,1.2641947269439697,1.06886625289917,1.0331486463546753,1.0717604160308838,1.2249443531036377,1.4222944974899292,1.738712191581726,1.650700330734253,1.8666857481002808,1.6715413331985474,2.292332649230957,2.064019203186035,2.1958303451538086,2.070786714553833,1.8003413677215576,1.6914699077606201,1.5214163064956665,1.5204297304153442,1.5375354290008545,1.6516928672790527,1.8212445974349976,2.1115710735321045,1.9778414964675903,2.2020299434661865,2.0688819885253906,2.6769473552703857,2.4612863063812256,2.5874197483062744,2.476313352584839,2.228707790374756,2.1681721210479736,1.999380350112915,2.019731283187866,2.0256338119506836,2.0720582008361816,2.2613563537597656,2.238046407699585,2.619861364364624,2.650843620300293,2.9174623489379883
A9,2.1134490966796875,1.7856682538986206,1.9025661945343018,1.5721158981323242,1.2230620384216309,0.9806516170501709,0.6241064667701721,0.37898802757263184,0.0,0.39389634132385254,0.6762799620628357,0.9547040462493896,0.9553872346878052,1.1100441217422485,0.8612373471260071,1.9250818490982056,1.727370023727417,1.9458794593811035,1.6760541200637817,1.327164888381958,1.1357003450393677,0.8150779008865356,0.677068829536438,0.5297085046768188,0.6898159384727478,0.8549391031265259,1.144760012626648,1.0784645080566406,1.2799972295761108,1.0751614570617676,2.0660359859466553,1.8686532974243164,2.0651960372924805,1.917819619178772,1.579296588897705,1.4419232606887817,1.178362488746643,1.116031289100647,1.0258347988128662,1.143699288368225,1.2426813840866089,1.5057580471038818,1.3857108354568481,1.5942981243133545,1.4403290748596191,2.3140907287597656,2.124753713607788,2.310724973678589,2.212172269821167,1.9067939519882202,1.8142439126968384,1.5898141860961914,1.5769028663635254,1.5073788166046143,1.6036239862442017,1.694748044013977,1.9349353313446045,1.7903871536254883,1.9873037338256836,1.8903610706329346,2.6746201515197754,2.4879047870635986,2.6636998653411865,2.5751283168792725,2.2940635681152344,2.2502481937408447,2.0365636348724365,2.0595180988311768,2.0046463012695312,2.0611515045166016,2.1957664489746094,2.165208339691162,2.5398058891296387,2.5274033546447754,2.815340995788574
A10,2.5017411708831787,2.169311046600342,2.2783732414245605,1.9344757795333862,1.5961989164352417,1.3169885873794556,0.9833738803863525,0.6493009924888611,0.39389634132385254,0.0,0.3813103437423706,0.73455411195755,0.8784144520759583,1.1480402946472168,1.0187093019485474,2.3168110847473145,2.11769700050354,2.3232617378234863,2.0353081226348877,1.687112808227539,1.452323079109192,1.1216440200805664,0.8715070486068726,0.6515489816665649,0.5537402629852295,0.6206098198890686,0.945701003074646,0.9841631650924683,1.2942416667938232,1.1977546215057373,2.4377989768981934,2.237886905670166,2.4245526790618896,2.2485735416412354,1.9010347127914429,1.715288519859314,1.4177167415618896,1.2567239999771118,1.0966275930404663,1.070841670036316,1.0979124307632446,1.3651707172393799,1.321841835975647,1.6021788120269775,1.5369733572006226,2.6531929969787598,2.4573583602905273,2.6398167610168457,2.512115955352783,2.1889116764068604,2.049604892730713,1.7843009233474731,1.6936001777648926,1.5638760328292847,1.5634210109710693,1.5966421365737915,1.8378366231918335,1.7621040344238281,1.9959322214126587,1.9719659090042114,2.9774255752563477,2.7793047428131104,2.9594056606292725,2.843210458755493,2.538426160812378,2.4527974128723145,2.1991868019104004,2.1616740226745605,2.0509512424468994,2.0426688194274902,2.1210777759552,2.025879383087158,2.3815481662750244,2.32266902923584,2.5878682136535645
A11,2.726030111312866,2.4157958030700684,2.5653128623962402,2.243445634841919,1.8908578157424927,1.6486806869506836,1.2964102029800415,1.0016765594482422,0.6762799620628357,0.3813103437423706,0.0,0.3945864737033844,0.5992105007171631,0.948209285736084,0.9399074912071228,2.5188896656036377,2.3638806343078613,2.604398727416992,2.342648983001709,1.986648440361023,1.7848591804504395,1.4399924278259277,1.2076938152313232,0.9196709394454956,0.7599067091941833,0.604584813117981,0.7933115363121033,0.8081786632537842,1.1496251821517944,1.1518778800964355,2.6271145343780518,2.46799373626709,2.6912078857421875,2.540487766265869,2.1821680068969727,2.0201969146728516,1.7011377811431885,1.5391290187835693,1.3093085289001465,1.2379647493362427,1.1414374113082886,1.3127686977386475,1.2550532817840576,1.520321249961853,1.5294208526611328,2.8235063552856445,2.66426682472229,2.8822648525238037,2.778535842895508,2.4410247802734375,2.31913685798645,2.02933669090271,1.9341356754302979,1.7446095943450928,1.716994285583496,1.6628018617630005,1.835214376449585,1.7673102617263794,1.9637811183929443,1.992370367050171,3.127798557281494,2.9594950675964355,3.174362897872925,3.0791754722595215,2.757312297821045,2.687045097351074,2.4075894355773926,2.371053695678711,2.2122881412506104,2.20481276512146,2.2228457927703857,2.1108198165893555,2.4411745071411133,2.3272972106933594,2.598982810974121
A12,2.8999831676483154,2.6193625926971436,2.789738416671753,2.4915170669555664,2.130553960800171,1.9295880794525146,1.5663515329360962,1.3164386749267578,0.9547040462493896,0.73455411195755,0.3945864737033844,0.0,0.3787980377674103,0.7202783226966858,0.8639958500862122,2.6320762634277344,2.518728256225586,2.7807607650756836,2.544389009475708,2.181015968322754,2.011518716812134,1.651896357536316,1.4405369758605957,1.097912073135376,0.9354665875434875,0.6407070755958557,0.6009262204170227,0.5437402725219727,0.8845821022987366,1.0006195306777954,2.6880502700805664,2.5681650638580322,2.822028875350952,2.691209077835083,2.3221685886383057,2.1843347549438477,1.8439056873321533,1.689176321029663,1.397200584411621,1.314558744430542,1.1131877899169922,1.158939242362976,1.0605244636535645,1.2840510606765747,1.3665663003921509,2.8356857299804688,2.711181402206421,2.9623923301696777,2.88002872467041,2.5275676250457764,2.4249143600463867,2.11191463470459,2.02107310295105,1.7762559652328491,1.7451568841934204,1.6116836071014404,1.6977003812789917,1.6173030138015747,1.759889006614685,1.8340120315551758,3.097193717956543,2.9569666385650635,3.2067244052886963,3.1317460536956787,2.7923178672790527,2.7403833866119385,2.437241315841675,2.4108328819274902,2.209120988845825,2.2233381271362305,2.1896395683288574,2.093078851699829,2.398636817932129,2.2508227825164795,2.5456414222717285
A13,2.6751434803009033,2.4241011142730713,2.634892463684082,2.3740477561950684,2.0081472396850586,1.8685100078582764,1.5031834840774536,1.3330531120300293,0.9553872346878052,0.8784144520759583,0.5992105007171631,0.3787980377674103,0.0,0.3997085392475128,0.5663779973983765,2.404369592666626,2.336482048034668,2.6347029209136963,2.4417691230773926,2.086097002029419,1.9791646003723145,1.6350857019424438,1.5047502517700195,1.1781446933746338,1.140008807182312,0.9145628809928894,0.8561940789222717,0.6164722442626953,0.7865576148033142,0.8507459163665771,2.479646682739258,2.4024558067321777,2.6906802654266357,2.6103098392486572,2.2515861988067627,2.1739919185638428,1.8563436269760132,1.7761567831039429,1.508212924003601,1.5196733474731445,1.3520333766937256,1.3714123964309692,1.173147201538086,1.2865647077560425,1.3153631687164307,2.650857925415039,2.5680058002471924,2.847400426864624,2.813866376876831,2.474841356277466,2.428407907485962,2.1413562297821045,2.115493059158325,1.8958866596221924,1.9373868703842163,1.826858401298523,1.8866267204284668,1.7347612380981445,1.8086134195327759,1.8331598043441772,2.938542604446411,2.838174343109131,3.1077959537506104,3.078218460083008,2.754868268966675,2.754840135574341,2.4767019748687744,2.5075719356536865,2.3346705436706543,2.407437324523926,2.4023473262786865,2.355316162109375,2.672186851501465,2.5461504459381104,2.8621883392333984
A14,2.5415940284729004,2.33236026763916,2.557553291320801,2.3376569747924805,1.9790639877319336,1.9064831733703613,1.5566496849060059,1.4719642400741577,1.1100441217422485,1.1480402946472168,0.948209285736084,0.7202783226966858,0.3997085392475128,0.0,0.37692368030548096,2.2082886695861816,2.1888315677642822,2.504969835281372,2.3553197383880615,2.010150909423828,1.9638994932174683,1.6365207433700562,1.577581763267517,1.2587074041366577,1.3117878437042236,1.119044542312622,0.9962734580039978,0.6408520340919495,0.5674490928649902,0.6029160618782043,2.235440254211426,2.2051031589508057,2.522594690322876,2.4822447299957275,2.132380485534668,2.1098029613494873,1.8071023225784302,1.7884143590927124,1.5230014324188232,1.6086273193359375,1.44731867313385,1.4075682163238525,1.1191861629486084,1.1026859283447266,1.0934109687805176,2.374284505844116,2.3345489501953125,2.643953323364258,2.6516201496124268,2.3195061683654785,2.323154926300049,2.051051616668701,2.0789315700531006,1.863417148590088,1.9678711891174316,1.8581559658050537,1.8672221899032593,1.646474838256836,1.6396222114562988,1.6254714727401733,2.6431217193603516,2.5807180404663086,2.876983404159546,2.8867573738098145,2.570342779159546,2.6168360710144043,2.3527743816375732,2.434387683868408,2.2733280658721924,2.4076428413391113,2.4135982990264893,2.427680253982544,2.743842840194702,2.643240451812744,2.9879276752471924
A15,2.1784920692443848,1.9590258598327637,2.181584119796753,1.9640320539474487,1.6065312623977661,1.554208755493164,1.2155067920684814,1.1880863904953003,0.8612373471260071,1.0187093019485474,0.9399074912071228,0.8639958500862122,0.5663779973983765,0.37692368030548096,0.0,1.862282633781433,1.8265575170516968,2.1450002193450928,1.9977869987487793,1.6574466228485107,1.6322047710418701,1.325415849685669,1.3222951889038086,1.0557048320770264,1.209057092666626,1.1285631656646729,1.12459397315979,0.800312876701355,0.7400082349777222,0.5571269392967224,1.927695870399475,1.879001259803772,2.192521810531616,2.160773992538452,1.8204832077026367,1.818445086479187,1.545163631439209,1.576424479484558,1.3723750114440918,1.5315346717834473,1.4615514278411865,1.5068342685699463,1.2170300483703613,1.2174384593963623,1.0901528596878052,2.1176536083221436,2.0604941844940186,2.3577098846435547,2.3714773654937744,2.0555591583251953,2.077195882797241,1.8387559652328491,1.9065476655960083,1.7509206533432007,1.9059789180755615,1.8727916479110718,1.9434744119644165,1.6986382007598877,1.72183358669281,1.6315371990203857,2.4399428367614746,2.3642313480377197,2.6391360759735107,2.6525299549102783,2.3577873706817627,2.4174749851226807,2.1878039836883545,2.296281099319458,2.1894125938415527,2.343737840652466,2.410454511642456,2.4462711811065674,2.7908036708831787,2.735668897628784,3.079641103744507
B1,0.6149011254310608,0.6905540823936462,0.8308642506599426,1.0028715133666992,1.0073496103286743,1.369379997253418,1.4696906805038452,1.836509346961975,1.9250818490982056,2.3168110847473145,2.5188896656036377,2.6320762634277344,2.404369592666626,2.2082886695861816,1.862282633781433,0.0,0.37857314944267273,0.6797206401824951,0.9310742616653442,0.9837280511856079,1.350877285003662,1.490403652191162,1.8542832136154175,1.9791783094406128,2.3724277019500732,2.577181816101074,2.7206180095672607,2.4768455028533936,2.3161394596099854,1.947959065437317,0.5459893941879272,0.6169559359550476,0.8672190308570862,1.1573697328567505,1.169919729232788,1.4970545768737793,1.6323102712631226,1.981160283088684,2.126986026763916,2.508915662765503,2.6995742321014404,2.8563129901885986,2.5799810886383057,2.4868686199188232,2.125441312789917,1.0673588514328003,1.0816893577575684,1.246995449066162,1.4795228242874146,1.4723690748214722,1.7499655485153198,1.8661524057388306,2.1884031295776367,2.3442234992980957,2.6960337162017822,2.8997089862823486,3.0526511669158936,2.7334303855895996,2.723806142807007,2.394657850265503,1.6132405996322632,1.6080920696258545,1.715898871421814,1.8864936828613281,1.866560935974121,2.1079981327056885,2.1850500106811523,2.4800639152526855,2.6525349617004395,2.9347076416015625,3.2067782878875732,3.3916189670562744,3.7579400539398193,3.8829267024993896,4.218935489654541
B2,0.6797061562538147,0.5690385103225708,0.5808757543563843,0.6672324538230896,0.7004980444908142,1.054080843925476,1.2093998193740845,1.5814764499664307,1.727370023727417,2.11769700050354,2.3638806343078613,2.518728256225586,2.336482048034668,2.1888315677642822,1.8265575170516968,0.37857314944267273,0.0,0.3924471437931061,0.5624656677246094,0.636962354183197,1.0085467100143433,1.2002739906311035,1.5733065605163574,1.7512825727462769,2.146699905395508,2.393228530883789,2.5800528526306152,2.379857063293457,2.272676944732666,1.897258996963501,0.6872640252113342,0.5225726366043091,0.6835780739784241,0.8848559856414795,0.8918970227241516,1.1901795864105225,1.3582322597503662,1.7048184871673584,1.8951994180679321,2.2737362384796143,2.503136396408081,2.702589273452759,2.4630749225616455,2.424384117126465,2.061284303665161,1.1616196632385254,1.0455342531204224,1.1450306177139282,1.288690209388733,1.2696294784545898,1.4990005493164062,1.6274967193603516,1.9333094358444214,2.1218390464782715,2.4622721672058105,2.699389934539795,2.8937716484069824,2.6017091274261475,2.644972324371338,2.322002410888672,1.6895461082458496,1.5953818559646606,1.6596591472625732,1.7545726299285889,1.7210232019424438,1.9095009565353394,1.9871389865875244,2.2527012825012207,2.443199634552002,2.6977176666259766,2.9900572299957275,3.1597278118133545,3.530999183654785,3.6696949005126953,3.989264965057373
B3,0.851331353187561,0.7637847065925598,0.5441471934318542,0.6654756665229797,0.848548412322998,1.1555355787277222,1.3877086639404297,1.7456825971603394,1.9458794593811035,2.3232617378234863,2.604398727416992,2.7807607650756836,2.6347029209136963,2.504969835281372,2.1450002193450928,0.6797206401824951,0.3924471437931061,0.0,0.385559618473053,0.6699432730674744,1.0164124965667725,1.2980421781539917,1.6682660579681396,1.9042316675186157,2.294670343399048,2.5791280269622803,2.789464235305786,2.6263794898986816,2.538400411605835,2.1642894744873047,0.828962504863739,0.5758146643638611,0.4760798513889313,0.6652637124061584,0.8245418071746826,1.1214971542358398,1.3822532892227173,1.7353101968765259,1.986104130744934,2.3648581504821777,2.6359875202178955,2.859182834625244,2.6515960693359375,2.6326630115509033,2.2637243270874023,1.214107632637024,1.0282847881317139,0.9910172820091248,1.0962949991226196,1.1711326837539673,1.3939491510391235,1.5997438430786133,1.9111409187316895,2.1584110260009766,2.501514434814453,2.7806262969970703,2.9989569187164307,2.724823474884033,2.7922916412353516,2.457625389099121,1.6954206228256226,1.553175926208496,1.526642084121704,1.5873808860778809,1.6180901527404785,1.7895563840866089,1.9299142360687256,2.1916749477386475,2.4333436489105225,2.681001901626587,3.006068229675293,3.1893208026885986,3.552499294281006,3.727159023284912,4.029901027679443
B4,1.0991624593734741,0.8805722594261169,0.6480458974838257,0.5200832486152649,0.6502503752708435,0.8613077402114868,1.1119660139083862,1.4423272609710693,1.6760541200637817,2.0353081226348877,2.342648983001709,2.544389009475708,2.4417691230773926,2.3553197383880615,1.9977869987487793,0.9310742616653442,0.5624656677246094,0.385559618473053,0.0,0.3656945526599884,0.6536394357681274,0.9722245335578918,1.3286513090133667,1.5996299982070923,1.9782155752182007,2.2880914211273193,2.528311252593994,2.4056897163391113,2.36777663230896,2.002344846725464,1.0451732873916626,0.7066670656204224,0.606755793094635,0.5451242923736572,0.6008138060569763,0.8066985011100769,1.0722935199737549,1.4026128053665161,1.6797305345535278,2.0430870056152344,2.3372621536254883,2.5920944213867188,2.419708490371704,2.4521114826202393,2.097148895263672,1.3716323375701904,1.105977177619934,1.0640085935592651,1.0366686582565308,1.0314874649047852,1.1619012355804443,1.3395485877990723,1.6134974956512451,1.871209740638733,2.1914024353027344,2.487473487854004,2.7379894256591797,2.493800163269043,2.609050750732422,2.2963643074035645,1.8156906366348267,1.6061556339263916,1.58309805393219,1.5546902418136597,1.5238770246505737,1.619957447052002,1.7216665744781494,1.9374603033065796,2.171919345855713,2.3844380378723145,2.7139737606048584,2.8731539249420166,3.2404136657714844,3.414689779281616,3.704082727432251
B5,1.229866623878479,0.9565363526344299,0.852882981300354,0.604162871837616,0.5039703249931335,0.6360156536102295,0.8019871711730957,1.1215288639068604,1.327164888381958,1.687112808227539,1.986648440361023,2.181015968322754,2.086097002029419,2.010150909423828,1.6574466228485107,0.9837280511856079,0.636962354183197,0.6699432730674744,0.3656945526599884,0.0,0.3776165246963501,0.6285176873207092,0.9986449480056763,1.2447932958602905,1.6299830675125122,1.9291435480117798,2.1664867401123047,2.0438106060028076,2.021320104598999,1.6604284048080444,1.0788600444793701,0.7488705515861511,0.7970832586288452,0.6770043969154358,0.4988752007484436,0.6328280568122864,0.7938866019248962,1.1156519651412964,1.3580067157745361,1.7216174602508545,1.9987531900405884,2.252206563949585,2.0766701698303223,2.125485897064209,1.7815473079681396,1.3853105306625366,1.1185544729232788,1.1701122522354126,1.1133366823196411,0.9791809916496277,1.0595303773880005,1.1399707794189453,1.389251708984375,1.6009219884872437,1.911634922027588,2.1844208240509033,2.432950973510742,2.190368413925171,2.3163862228393555,2.024261236190796,1.820623755455017,1.6041234731674194,1.6505205631256104,1.6028821468353271,1.4838906526565552,1.5523862838745117,1.5740479230880737,1.76810884475708,1.953061580657959,2.1561996936798096,2.460986614227295,2.601674795150757,2.977231025695801,3.1254985332489014,3.4240903854370117
B6,1.559216856956482,1.2443797588348389,1.1320388317108154,0.7954950928688049,0.642663300037384,0.5233460664749146,0.6579483151435852,0.8835837841033936,1.1357003450393677,1.452323079109192,1.7848591804504395,2.011518716812134,1.9791646003723145,1.9638994932174683,1.6322047710418701,1.350877285003662,1.0085467100143433,1.0164124965667725,0.6536394357681274,0.3776165246963501,0.0,0.36694326996803284,0.6849856376647949,0.9939825534820557,1.3500535488128662,1.6851470470428467,1.9632298946380615,1.9010604619979858,1.9482916593551636,1.6165286302566528,1.4240483045578003,1.0881202220916748,1.1038585901260376,0.8705015778541565,0.6247043609619141,0.508488655090332,0.5918642282485962,0.8312338590621948,1.1080389022827148,1.436471700668335,1.7447185516357422,2.0409810543060303,1.9190303087234497,2.0366783142089844,1.7262593507766724,1.670865774154663,1.370733618736267,1.4025846719741821,1.2495243549346924,1.0560179948806763,0.9986644983291626,1.0088316202163696,1.1712101697921753,1.3831255435943604,1.6480063199996948,1.939494252204895,2.229382276535034,2.033167839050293,2.218949317932129,1.9656811952590942,2.0514450073242188,1.7914851903915405,1.8313854932785034,1.7091013193130493,1.5411932468414307,1.5175999402999878,1.484508752822876,1.6025896072387695,1.765995740890503,1.912865161895752,2.2168800830841064,2.3210415840148926,2.6997134685516357,2.8453519344329834,3.125119209289551
B7,1.7481805086135864,1.4287878274917603,1.4013904333114624,1.0627774000167847,0.8007689714431763,0.6053994297981262,0.509684145450592,0.6343961954116821,0.8150779008865356,1.1216440200805664,1.4399924278259277,1.651896357536316,1.6350857019424438,1.6365207433700562,1.325415849685669,1.490403652191162,1.2002739906311035,1.2980421781539917,0.9722245335578918,0.6285176873207092,0.36694326996803284,0.0,0.3757472634315491,0.6342362761497498,1.0064297914505005,1.3259308338165283,1.5996718406677246,1.5401614904403687,1.6128207445144653,1.2993755340576172,1.540661334991455,1.2482962608337402,1.3487694263458252,1.1342837810516357,0.80617356300354,0.6431556344032288,0.4859203100204468,0.6324960589408875,0.8182660341262817,1.1393799781799316,1.4164668321609497,1.708794116973877,1.5834842920303345,1.7253429889678955,1.441027045249939,1.755676031112671,1.4829206466674805,1.5862009525299072,1.4402433633804321,1.1679397821426392,1.0762838125228882,0.9566234946250916,1.057863712310791,1.1775813102722168,1.4172723293304443,1.6653168201446533,1.946576476097107,1.7544094324111938,1.9507386684417725,1.7326083183288574,2.11100435256958,1.8635532855987549,1.964575171470642,1.843487024307251,1.6088711023330688,1.5678719282150269,1.4466191530227661,1.532599925994873,1.6193925142288208,1.7512388229370117,2.0117850303649902,2.0912322998046875,2.4766452312469482,2.5856194496154785,2.8785929679870605
B8,2.1000027656555176,1.7670656442642212,1.7472504377365112,1.387191653251648,1.1180490255355835,0.8351784348487854,0.6546167135238647,0.5340608954429626,0.677068829536438,0.8715070486068726,1.2076938152313232,1.4405369758605957,1.5047502517700195,1.577581763267517,1.3222951889038086,1.8542832136154175,1.5733065605163574,1.6682660579681396,1.3286513090133667,0.9986449480056763,0.6849856376647949,0.3757472634315491,0.0,0.3714413344860077,0.6714978218078613,1.0279442071914673,1.3452205657958984,1.3636783361434937,1.523029088973999,1.2739239931106567,1.8905160427093506,1.6064772605895996,1.7013911008834839,1.4534144401550293,1.1185652017593384,0.8681147694587708,0.6057999730110168,0.499986469745636,0.6081919074058533,0.8355696201324463,1.1244778633117676,1.4606413841247559,1.4016820192337036,1.6243996620178223,1.4060384035110474,2.065465211868286,1.7894145250320435,1.892357587814331,1.7055766582489014,1.4037221670150757,1.2292038202285767,1.0228958129882812,0.9884949922561646,1.034471035003662,1.1824026107788086,1.4144892692565918,1.7294224500656128,1.5970120429992676,1.8513823747634888,1.6981614828109741,2.374361515045166,2.111431121826172,2.2204155921936035,2.0592408180236816,1.7866023778915405,1.6793383359909058,1.4913878440856934,1.4889357089996338,1.5094906091690063,1.5673199892044067,1.792827844619751,1.8161898851394653,2.202893018722534,2.2875759601593018,2.5659027099609375
B9,2.2708675861358643,1.9550145864486694,1.9942264556884766,1.6548864841461182,1.3432632684707642,1.0960943698883057,0.8150181770324707,0.6212947964668274,0.5297085046768188,0.6515489816665649,0.9196709394454956,1.097912073135376,1.1781446933746338,1.2587074041366577,1.0557048320770264,1.9791783094406128,1.7512825727462769,1.9042316675186157,1.5996299982070923,1.2447932958602905,0.9939825534820557,0.6342362761497498,0.3714413344860077,0.0,0.3982290029525757,0.6924437880516052,0.9844843149185181,0.994207501411438,1.1814775466918945,0.9759222269058228,1.9893056154251099,1.754582166671753,1.9103010892868042,1.6965960264205933,1.3332349061965942,1.1224489212036133,0.7899999022483826,0.6354222297668457,0.4975891709327698,0.6657779812812805,0.8506675362586975,1.1548657417297363,1.0738295316696167,1.316125750541687,1.1449555158615112,2.1331236362457275,1.8981479406356812,2.0586977005004883,1.9016265869140625,1.5642176866531372,1.408704400062561,1.1333435773849487,1.0683479309082031,0.9806384444236755,1.089591145515442,1.224686622619629,1.4969654083251953,1.358626365661621,1.6026966571807861,1.4967877864837646,2.4145820140838623,2.180880308151245,2.343642473220825,2.2051796913146973,1.8943356275558472,1.801435947418213,1.5545296669006348,1.5438635349273682,1.4782590866088867,1.5363311767578125,1.6907345056533813,1.695990800857544,2.078930377960205,2.112632989883423,2.414468765258789
B10,2.6492156982421875,2.324481725692749,2.3659939765930176,2.013038158416748,1.7033030986785889,1.4187792539596558,1.1324808597564697,0.8371554017066956,0.6898159384727478,0.5537402629852295,0.7599067091941833,0.9354665875434875,1.140008807182312,1.3117878437042236,1.209057092666626,2.3724277019500732,2.146699905395508,2.294670343399048,1.9782155752182007,1.6299830675125122,1.3500535488128662,1.0064297914505005,0.6714978218078613,0.3982290029525757,0.0,0.3849172592163086,0.7520813941955566,0.9039684534072876,1.2068358659744263,1.1211674213409424,2.378955841064453,2.148169755935669,2.296056032180786,2.062593460083008,1.7023636102676392,1.4546494483947754,1.1138120889663696,0.8524168729782104,0.6238758563995361,0.5176804065704346,0.6113309264183044,0.9571468234062195,0.9883266091346741,1.3250759840011597,1.2648698091506958,2.4983577728271484,2.2640578746795654,2.420012950897217,2.238536834716797,1.8929234743118286,1.6930135488510132,1.3839377164840698,1.220772624015808,1.0508610010147095,1.0113941431045532,1.0682836771011353,1.3547443151474,1.309777855873108,1.6049171686172485,1.5911307334899902,2.743590831756592,2.5036559104919434,2.6690502166748047,2.5045833587646484,2.1748745441436768,2.036839246749878,1.7491005659103394,1.6613043546676636,1.5228474140167236,1.4915045499801636,1.5724681615829468,1.4942889213562012,1.862305998802185,1.8450548648834229,2.126883029937744
B11,2.8777832984924316,2.569615125656128,2.652538537979126,2.3162641525268555,1.9850131273269653,1.7278728485107422,1.4054852724075317,1.1139334440231323,0.8549391031265259,0.6206098198890686,0.604584813117981,0.6407070755958557,0.9145628809928894,1.119044542312622,1.1285631656646729,2.577181816101074,2.393228530883789,2.5791280269622803,2.2880914211273193,1.9291435480117798,1.6851470470428467,1.3259308338165283,1.0279442071914673,0.6924437880516052,0.3849172592163086,0.0,0.3971319794654846,0.621961772441864,0.9971989393234253,1.0294671058654785,2.5700812339782715,2.3805010318756104,2.5677995681762695,2.36205792427063,1.9910962581634521,1.7745879888534546,1.4171760082244873,1.1729207038879395,0.8669351935386658,0.693013072013855,0.5381917953491211,0.7602923512458801,0.797228217124939,1.1565481424331665,1.1979347467422485,2.6673684120178223,2.4713759422302246,2.6659440994262695,2.5108394622802734,2.150820016860962,1.973414659500122,1.6402190923690796,1.4757204055786133,1.2274531126022339,1.142964243888855,1.0604244470596313,1.2556726932525635,1.2303603887557983,1.4942679405212402,1.555286169052124,2.8874921798706055,2.678628921508789,2.882398843765259,2.74029803276062,2.3916404247283936,2.270930290222168,1.953320860862732,1.8650240898132324,1.662190318107605,1.6276401281356812,1.6210383176803589,1.5153523683547974,1.8509645462036133,1.761099100112915,2.0561041831970215
B12,3.0721235275268555,2.792307138442993,2.9002797603607178,2.58925724029541,2.2495720386505127,2.0343210697174072,1.699568748474121,1.4494956731796265,1.144760012626648,0.945701003074646,0.7933115363121033,0.6009262204170227,0.8561940789222717,0.9962734580039978,1.12459397315979,2.7206180095672607,2.5800528526306152,2.789464235305786,2.528311252593994,2.1664867401123047,1.9632298946380615,1.5996718406677246,1.3452205657958984,0.9844843149185181,0.7520813941955566,0.3971319794654846,0.0,0.3814757168292999,0.7611954808235168,0.9309160709381104,2.6666107177734375,2.519709587097168,2.738274335861206,2.5583455562591553,2.182332992553711,1.9998191595077515,1.6326286792755127,1.4149733781814575,1.060386061668396,0.8948526978492737,0.5865199565887451,0.5604046583175659,0.5544131398200989,0.8965641856193542,1.0492995977401733,2.7147345542907715,2.55771803855896,2.786285638809204,2.6572930812835693,2.286634683609009,2.1358535289764404,1.7856502532958984,1.6338961124420166,1.3259929418563843,1.2388066053390503,1.0395327806472778,1.1015733480453491,1.0659096240997314,1.2680144309997559,1.3987611532211304,2.887608528137207,2.71049427986145,2.9508934020996094,2.832590103149414,2.4681477546691895,2.370246171951294,2.029924154281616,1.9551631212234497,1.7012227773666382,1.693641185760498,1.6156569719314575,1.5299657583236694,1.8263139724731445,1.6903196573257446,2.0131633281707764
B13,2.8471384048461914,2.5950324535369873,2.7398834228515625,2.4619204998016357,2.112220525741577,1.952842354774475,1.605983018875122,1.4219247102737427,1.0784645080566406,0.9841631650924683,0.8081786632537842,0.5437402725219727,0.6164722442626953,0.6408520340919495,0.800312876701355,2.4768455028533936,2.379857063293457,2.6263794898986816,2.4056897163391113,2.0438106060028076,1.9010604619979858,1.5401614904403687,1.3636783361434937,0.994207501411438,0.9039684534072876,0.621961772441864,0.3814757168292999,0.0,0.4141959249973297,0.6060907244682312,2.425919771194458,2.3215389251708984,2.580024242401123,2.449465751647949,2.075382947921753,1.955194354057312,1.6004631519317627,1.465389609336853,1.1256529092788696,1.092763066291809,0.8486478328704834,0.7803574800491333,0.5608299970626831,0.7408930063247681,0.8502428531646729,2.4857630729675293,2.371196985244751,2.6363182067871094,2.5581862926483154,2.193131923675537,2.103778600692749,1.7732280492782593,1.6989859342575073,1.414635419845581,1.4284831285476685,1.262075424194336,1.2777819633483887,1.129051685333252,1.2270405292510986,1.3018311262130737,2.6787307262420654,2.542743444442749,2.812401056289673,2.7429959774017334,2.3880844116210938,2.3495988845825195,2.030390739440918,2.026362419128418,1.803208589553833,1.8742146492004395,1.8316110372543335,1.8110716342926025,2.116069793701172,2.0039851665496826,2.3470826148986816
