,A1,A2,A3,A4,A5,A6,A7,A8,A9,A10,A11,A12,A13,A14,A15,B1,B2,B3,B4,B5,B6,B7,B8,B9,B10,B11,B12,B13,B14,B15,C1,C2,C3,C4,C5,C6,C7,C8,C9,C10,C11,C12,C13,C14,C15,D1,D2,D3,D4,D5,D6,D7,D8,D9,D10,D11,D12,D13,D14,D15,E1,E2,E3,E4,E5,E6,E7,E8,E9,E10,E11,E12,E13,E14,E15
A1,0.0,0.3803372383117676,0.6902866959571838,0.9239175319671631,1.2551636695861816,1.5472863912582397,1.8598477840423584,2.213132381439209,2.4936234951019287,2.819464921951294,3.0984129905700684,3.2610578536987305,3.2329256534576416,2.983030080795288,2.7938787937164307,1.165928602218628,0.9338429570198059,0.9462783336639404,1.0810683965682983,1.3548790216445923,1.6050690412521362,1.9548063278198242,2.2685344219207764,2.5847482681274414,2.861962080001831,3.082364797592163,3.126671075820923,3.039642333984375,2.865525007247925,2.654362440109253,1.229880452156067,1.074726939201355,0.8735094666481018,1.126392126083374,1.4167097806930542,1.764936089515686,2.0415613651275635,2.3986828327178955,2.645873785018921,2.9444968700408936,3.1615233421325684,3.2428128719329834,3.185497283935547,3.1205625534057617,2.821653127670288,1.7617989778518677,1.4749854803085327,1.6813080310821533,1.712415099143982,1.7834068536758423,2.130239248275757,2.2888271808624268,2.669196367263794,2.8072543144226074,3.1346259117126465,3.309366226196289,3.430284261703491,3.5010173320770264,3.4396162033081055,3.230811357498169,2.1310174465179443,2.082920789718628,1.9102182388305664,1.8143559694290161,1.9875339269638062,2.1092779636383057,2.3105804920196533,2.6225316524505615,2.7533156871795654,3.1349194049835205,3.255452871322632,3.5809059143066406,3.786799430847168,3.945030689239502,4.3056840896606445
A2,0.3803372383117676,0.0,0.3774428069591522,0.578909695148468,0.9241428971290588,1.213620662689209,1.5326157808303833,1.8900529146194458,2.1645596027374268,2.501587390899658,2.791804790496826,2.96907639503479,2.9719369411468506,2.7478678226470947,2.5965704917907715,1.074134111404419,0.7664872407913208,0.6599876880645752,0.7160360217094421,1.0022403001785278,1.2571073770523071,1.6116058826446533,1.940959095954895,2.2449328899383545,2.5386834144592285,2.77091646194458,2.832322835922241,2.7786850929260254,2.6323225498199463,2.45853853225708,1.2036709785461426,1.065239429473877,0.7572827935218811,0.9448308348655701,1.152940273284912,1.5067657232284546,1.7434340715408325,2.115184783935547,2.336336612701416,2.651872158050537,2.869302988052368,2.9700064659118652,2.9403038024902344,2.914893388748169,2.644195795059204,1.8104935884475708,1.5022999048233032,1.6509685516357422,1.6389130353927612,1.6199827194213867,1.9492415189743042,2.053940534591675,2.4354124069213867,2.537519693374634,2.8736157417297363,3.0487000942230225,3.18854022026062,3.2930567264556885,3.256227731704712,3.081723928451538,2.157794952392578,2.0846261978149414,1.9083483219146729,1.7711560726165771,1.867017388343811,1.9488515853881836,2.0938713550567627,2.380913257598877,2.473607063293457,2.8452610969543457,2.939145088195801,3.26338529586792,3.4506783485412598,3.6098580360412598,3.964045763015747
A3,0.6902866959571838,0.3774428069591522,0.0,0.3839937150478363,0.6001200079917908,0.9372360110282898,1.2068370580673218,1.5801324844360352,1.8290326595306396,2.1691622734069824,2.442831039428711,2.6043081283569336,2.6011576652526855,2.376180648803711,2.236908435821533,0.8184067010879517,0.4661027789115906,0.32570281624794006,0.42488861083984375,0.7094162702560425,1.0306072235107422,1.3382893800735474,1.6856861114501953,1.9584808349609375,2.2502079010009766,2.4579317569732666,2.494882583618164,2.4419496059417725,2.286151647567749,2.133423089981079,1.0454726219177246,1.0088067054748535,0.7135359644889832,0.925869882106781,1.028273582458496,1.4041180610656738,1.5745984315872192,1.9523166418075562,2.1295855045318604,2.4415738582611084,2.6247119903564453,2.7028064727783203,2.6622750759124756,2.6476943492889404,2.387808084487915,1.8009493350982666,1.5316470861434937,1.6773487329483032,1.6941311359405518,1.609055757522583,1.9388606548309326,1.9854568243026733,2.358584403991699,2.4098551273345947,2.7319111824035645,2.8707895278930664,2.9919090270996094,3.1088688373565674,3.062366008758545,2.9160726070404053,2.2023890018463135,2.160236120223999,2.030980110168457,1.9152932167053223,1.9653979539871216,2.0492072105407715,2.128368616104126,2.39732027053833,2.4311563968658447,2.7802844047546387,2.8283488750457764,3.1302430629730225,3.292863607406616,3.4225478172302246,3.777458429336548
A4,0.9239175319671631,0.578909695148468,0.3839937150478363,0.0,0.405640184879303,0.6382034420967102,0.9824267625808716,1.3233619928359985,1.6171159744262695,1.9478793144226074,2.2580575942993164,2.469515085220337,2.5149309635162354,2.340296506881714,2.230128526687622,1.117242693901062,0.7391203045845032,0.5788109302520752,0.33638960123062134,0.45366761088371277,0.6866037845611572,1.0351678133010864,1.362861156463623,1.668759822845459,1.9617966413497925,2.2044031620025635,2.290703773498535,2.265341281890869,2.1671102046966553,2.030136823654175,1.1052404642105103,0.9945804476737976,0.6248086094856262,0.6625347137451172,0.6760486960411072,1.0366464853286743,1.2049981355667114,1.5853022336959839,1.7753942012786865,2.095069169998169,2.3035964965820312,2.4149222373962402,2.410687208175659,2.426363945007324,2.193887710571289,1.718846082687378,1.4197988510131836,1.4824079275131226,1.4432734251022339,1.291332721710205,1.5953525304794312,1.6154729127883911,1.9869409799575806,2.034557342529297,2.364138126373291,2.519986867904663,2.6649434566497803,2.7998411655426025,2.785097599029541,2.6541874408721924,2.033322334289551,1.9534796476364136,1.8175320625305176,1.6738134622573853,1.6638802289962769,1.7289091348648071,1.7710192203521729,2.031658172607422,2.0528764724731445,2.3999836444854736,2.4522480964660645,2.7548952102661133,2.9294989109039307,3.0644805431365967,3.4234607219696045
A5,1.2551636695861816,0.9241428971290588,0.6001200079917908,0.405640184879303,0.0,0.3675016462802887,0.6104476451873779,0.9809695482254028,1.2417900562286377,1.578781247138977,1.871458649635315,2.0688188076019287,2.114165782928467,1.9481290578842163,1.8626666069030762,1.0453230142593384,0.7165594696998596,0.5889078378677368,0.350287526845932,0.1838444024324417,0.5306916832923889,0.7564834952354431,1.108941674232483,1.3632228374481201,1.6527019739151,1.86217200756073,1.9188315868377686,1.8995065689086914,1.797648310661316,1.6974737644195557,1.0968472957611084,1.1080008745193481,0.8284640908241272,0.8755702376365662,0.7287873029708862,1.0584276914596558,1.1032435894012451,1.4726026058197021,1.5897852182388306,1.8988662958145142,2.056622266769409,2.1376235485076904,2.1220579147338867,2.157496929168701,1.94706392288208,1.8112865686416626,1.5734167098999023,1.6299065351486206,1.6267545223236084,1.4127229452133179,1.6936644315719604,1.6369737386703491,1.9798011779785156,1.956647515296936,2.2590339183807373,2.3634536266326904,2.4824509620666504,2.633974313735962,2.608731269836426,2.5182533264160156,2.169628381729126,2.1273653507232666,2.046420097351074,1.9335768222808838,1.881618857383728,1.9462645053863525,1.9134137630462646,2.140272378921509,2.087984085083008,2.3951544761657715,2.3867719173431396,2.654179811477661,2.7944302558898926,2.8888871669769287,3.246345043182373
A6,1.5472863912582397,1.213620662689209,0.9372360110282898,0.6382034420967102,0.3675016462802887,0.0,0.3965924084186554,0.6907235980033875,1.009925365447998,1.3258894681930542,1.6573740243911743,1.9097905158996582,2.0104830265045166,1.908997893333435,1.8627796173095703,1.3858861923217773,1.0682628154754639,0.9508556127548218,0.6441593170166016,0.28180888295173645,0.24280284345149994,0.4152292013168335,0.7494288086891174,1.0376765727996826,1.3259087800979614,1.5704070329666138,1.681482195854187,1.6979095935821533,1.669227957725525,1.6006958484649658,1.275919795036316,1.2497272491455078,0.980802595615387,0.8839808702468872,0.5808318853378296,0.8078947067260742,0.7628506422042847,1.1239444017410278,1.223140835762024,1.5381253957748413,1.7088121175765991,1.8203758001327515,1.8459926843643188,1.9240214824676514,1.7573792934417725,1.8370922803878784,1.6030287742614746,1.57947838306427,1.535866141319275,1.2448530197143555,1.4694159030914307,1.3492504358291626,1.6684421300888062,1.6108297109603882,1.908732533454895,2.0126912593841553,2.1496353149414062,2.326606512069702,2.3340539932250977,2.274639368057251,2.112163543701172,2.0477852821350098,1.9812852144241333,1.8594410419464111,1.740480661392212,1.785531759262085,1.6872457265853882,1.885664463043213,1.791339635848999,2.0756843090057373,2.0497047901153564,2.302476644515991,2.4458982944488525,2.530641794204712,2.8937928676605225
A7,1.8598477840423584,1.5326157808303833,1.2068370580673218,0.9824267625808716,0.6104476451873779,0.3965924084186554,0.0,0.3891217112541199,0.6388412117958069,0.9703870415687561,1.2795528173446655,1.5172240734100342,1.626145362854004,1.5475108623504639,1.546341896057129,1.4498940706253052,1.2108261585235596,1.127825140953064,0.8974992036819458,0.5616347789764404,0.5520728826522827,0.35397860407829285,0.6453232765197754,0.7989271283149719,1.0735703706741333,1.2611838579177856,1.328579068183899,1.36306631565094,1.3396052122116089,1.3381150960922241,1.4172152280807495,1.4865126609802246,1.2900235652923584,1.2408134937286377,0.9259560108184814,1.0829087495803833,0.9125562906265259,1.197787880897522,1.1808335781097412,1.4598780870437622,1.549140453338623,1.6149545907974243,1.6267884969711304,1.7352346181869507,1.6080087423324585,2.038158893585205,1.8639394044876099,1.8501484394073486,1.8433917760849,1.5367090702056885,1.7296483516693115,1.5517868995666504,1.8173480033874512,1.6837507486343384,1.932759404182434,1.9684884548187256,2.0682551860809326,2.2619004249572754,2.2560722827911377,2.247346878051758,2.350743532180786,2.3233108520507812,2.3001766204833984,2.206394672393799,2.0714995861053467,2.115959405899048,1.9693418741226196,2.128589391708374,1.9708343744277954,2.2001194953918457,2.1073005199432373,2.310542106628418,2.406527519226074,2.4404711723327637,2.7938506603240967
A8,2.213132381439209,1.8900529146194458,1.5801324844360352,1.3233619928359985,0.9809695482254028,0.6907235980033875,0.3891217112541199,0.0,0.39033612608909607,0.6431204676628113,0.9966017603874207,1.3012150526046753,1.475993037223816,1.4882696866989136,1.5389204025268555,1.8086280822753906,1.5819159746170044,1.5164687633514404,1.269566535949707,0.9157558083534241,0.7673436403274536,0.3958044648170471,0.3998032808303833,0.4550396203994751,0.6872797608375549,0.8866099715232849,1.009967565536499,1.096587061882019,1.1786872148513794,1.2397457361221313,1.6698436737060547,1.7303036451339722,1.5670641660690308,1.4580446481704712,1.0959553718566895,1.1259297132492065,0.8432627320289612,1.0149166584014893,0.9001431465148926,1.1367138624191284,1.1824203729629517,1.251583456993103,1.3038517236709595,1.4750205278396606,1.4229989051818848,2.1636805534362793,2.020157814025879,1.9531828165054321,1.9345455169677734,1.5886945724487305,1.711736798286438,1.4692251682281494,1.665543556213379,1.4665968418121338,1.667187213897705,1.6577619314193726,1.7482143640518188,1.969929575920105,1.9891513586044312,2.0353455543518066,2.4135453701019287,2.386159896850586,2.3947813510894775,2.3135690689086914,2.1331329345703125,2.169005870819092,1.961828351020813,2.0787177085876465,1.8657853603363037,2.03774094581604,1.9022307395935059,2.0548171997070312,2.135453701019287,2.1256468296051025,2.481485366821289
A9,2.4936234951019287,2.1645596027374268,1.8290326595306396,1.6171159744262695,1.2417900562286377,1.009925365447998,0.6388412117958069,0.39033612608909607,0.0,0.3748610019683838,0.6820648908615112,0.9675352573394775,1.1872626543045044,1.2537658214569092,1.3944025039672852,1.944075584411621,1.7779234647750854,1.7045127153396606,1.4988040924072266,1.179975986480713,1.0892682075500488,0.713839590549469,0.7029231190681458,0.48708611726760864,0.6566333770751953,0.7311111688613892,0.7832509875297546,0.953231155872345,1.058976173400879,1.2376952171325684,1.9357810020446777,2.050618886947632,1.902281641960144,1.8284951448440552,1.4751958847045898,1.5106477737426758,1.205187201499939,1.3297933340072632,1.1244010925292969,1.308573842048645,1.26048743724823,1.2860665321350098,1.3394122123718262,1.5534968376159668,1.5584434270858765,2.498835563659668,2.3792641162872314,2.329939365386963,2.323446750640869,1.9775965213775635,2.0864100456237793,1.8209272623062134,1.980830430984497,1.7339390516281128,1.8921936750411987,1.83245849609375,1.8977588415145874,2.138723134994507,2.1549854278564453,2.2516911029815674,2.778733015060425,2.7666118144989014,2.783843994140625,2.7029669284820557,2.515003204345703,2.533615827560425,2.3044826984405518,2.385535478591919,2.1344122886657715,2.2595760822296143,2.065459966659546,2.1754868030548096,2.1893463134765625,2.140735149383545,2.463655471801758
A10,2.819464921951294,2.501587390899658,2.1691622734069824,1.9478793144226074,1.578781247138977,1.3258894681930542,0.9703870415687561,0.6431204676628113,0.3748610019683838,0.0,0.38408342003822327,0.7549290060997009,1.037919044494629,1.209013819694519,1.3888959884643555,2.249337673187256,2.0970957279205322,2.056504487991333,1.855893850326538,1.5247623920440674,1.398598074913025,1.007763385772705,0.8615326285362244,0.5621078610420227,0.49222108721733093,0.38982081413269043,0.4340108335018158,0.6938990354537964,0.9232833981513977,1.1716587543487549,2.1555631160736084,2.2783846855163574,2.1701202392578125,2.0815541744232178,1.7223888635635376,1.7020760774612427,1.369136929512024,1.3939310312271118,1.128029227256775,1.2065149545669556,1.0561596155166626,1.0193017721176147,1.0800613164901733,1.3441543579101562,1.431147813796997,2.633089065551758,2.5533864498138428,2.4824025630950928,2.488433599472046,2.138864040374756,2.209343433380127,1.9205262660980225,2.016633987426758,1.7317180633544922,1.8163399696350098,1.6858917474746704,1.7030798196792603,1.9472492933273315,1.964152216911316,2.114464282989502,2.883720636367798,2.88919997215271,2.9428863525390625,2.888197898864746,2.6864423751831055,2.715456962585449,2.4586591720581055,2.5173256397247314,2.2376348972320557,2.310183048248291,2.0864369869232178,2.131352663040161,2.1254613399505615,2.011406660079956,2.3253421783447266
A11,3.0984129905700684,2.791804790496826,2.442831039428711,2.2580575942993164,1.871458649635315,1.6573740243911743,1.2795528173446655,0.9966017603874207,0.6820648908615112,0.38408342003822327,0.0,0.396386057138443,0.7311527729034424,0.9963068962097168,1.2473528385162354,2.4130702018737793,2.313742160797119,2.3009939193725586,2.145925521850586,1.8361177444458008,1.752803087234497,1.3701754808425903,1.2439459562301636,0.9367881417274475,0.8067375421524048,0.5282905101776123,0.2788563072681427,0.5757430195808411,0.810546338558197,1.1536483764648438,2.364553689956665,2.535038948059082,2.4627907276153564,2.4122042655944824,2.0702850818634033,2.0678203105926514,1.7450170516967773,1.7541552782058716,1.478531002998352,1.500691533088684,1.2764981985092163,1.1479488611221313,1.1465034484863281,1.3944019079208374,1.5183054208755493,2.8728597164154053,2.8310446739196777,2.783708333969116,2.820706605911255,2.4873931407928467,2.5654947757720947,2.282000780105591,2.359959602355957,2.0662715435028076,2.108588457107544,1.9272921085357666,1.8873953819274902,2.1075992584228516,2.0913240909576416,2.270291566848755,3.1598453521728516,3.19580340385437,3.2732644081115723,3.2400622367858887,3.051504611968994,3.0926270484924316,2.836836814880371,2.892113447189331,2.6038947105407715,2.653632640838623,2.408904552459717,2.4159750938415527,2.3751413822174072,2.2161097526550293,2.497579336166382
A12,3.2610578536987305,2.96907639503479,2.6043081283569336,2.469515085220337,2.0688188076019287,1.9097905158996582,1.5172240734100342,1.3012150526046753,0.9675352573394775,0.7549290060997009,0.396386057138443,0.0,0.39721202850341797,0.7375761270523071,1.0640314817428589,2.45263934135437,2.4148178100585938,2.4281117916107178,2.3304569721221924,2.0553340911865234,2.032846689224243,1.6706254482269287,1.5984535217285156,1.3064296245574951,1.2026476860046387,0.9109480977058411,0.5770550966262817,0.7055500149726868,0.7990775108337402,1.184979796409607,2.4907219409942627,2.712951421737671,2.669348955154419,2.6708385944366455,2.3547489643096924,2.394866704940796,2.0948104858398438,2.129286527633667,1.8688926696777344,1.8890372514724731,1.6493163108825684,1.473453164100647,1.4047768115997314,1.5922446250915527,1.6975082159042358,3.0704283714294434,3.055685520172119,3.0477805137634277,3.117163896560669,2.8060734272003174,2.9133243560791016,2.6477537155151367,2.739686965942383,2.455594301223755,2.49359393119812,2.2965993881225586,2.2231295108795166,2.4126086235046387,2.3558123111724854,2.5292108058929443,3.4163341522216797,3.481104612350464,3.5700502395629883,3.552135467529297,3.388512134552002,3.4431354999542236,3.2041430473327637,3.2719764709472656,2.990330457687378,3.0464186668395996,2.7979443073272705,2.801671028137207,2.742835521697998,2.5727267265319824,2.831648588180542
A13,3.2329256534576416,2.9719369411468506,2.6011576652526855,2.5149309635162354,2.114165782928467,2.0104830265045166,1.626145362854004,1.475993037223816,1.1872626543045044,1.037919044494629,0.7311527729034424,0.39721202850341797,0.0,0.3970743715763092,0.7371894121170044,2.3315281867980957,2.3469059467315674,2.414316177368164,2.378700017929077,2.134507417678833,2.1702537536621094,1.843248963356018,1.815873622894287,1.5835869312286377,1.4996119737625122,1.2168493270874023,0.8418079018592834,0.7808440923690796,0.6767330765724182,1.036458969116211,2.388392686843872,2.6586787700653076,2.663039445877075,2.722524881362915,2.448328733444214,2.534775733947754,2.278721809387207,2.3424441814422607,2.127270221710205,2.1506845951080322,1.9168105125427246,1.6934078931808472,1.5384107828140259,1.6320359706878662,1.680002212524414,3.0110414028167725,3.033055543899536,3.0705864429473877,3.1856656074523926,2.913390636444092,3.062138795852661,2.833958864212036,2.951669216156006,2.699873447418213,2.743624687194824,2.540796995162964,2.4299371242523193,2.5695619583129883,2.4559662342071533,2.5933220386505127,3.419846773147583,3.522796630859375,3.631767988204956,3.6442019939422607,3.5227277278900146,3.6112561225891113,3.407111883163452,3.5113003253936768,3.257190704345703,3.3435544967651367,3.120530128479004,3.1408803462982178,3.106245517730713,2.94026517868042,3.2117116451263428
A14,2.983030080795288,2.7478678226470947,2.376180648803711,2.340296506881714,1.9481290578842163,1.908997893333435,1.5475108623504639,1.4882696866989136,1.2537658214569092,1.209013819694519,0.9963068962097168,0.7375761270523071,0.3970743715763092,0.0,0.3873837888240814,2.014270067214966,2.073127508163452,2.1781980991363525,2.2006115913391113,1.9980450868606567,2.0984182357788086,1.822752833366394,1.8649476766586304,1.7004919052124023,1.677946925163269,1.4520646333694458,1.099942922592163,0.9568962454795837,0.6821523904800415,0.9291679263114929,2.1289687156677246,2.4355826377868652,2.4637057781219482,2.5789401531219482,2.34897780418396,2.492141008377075,2.2863917350769043,2.4035274982452393,2.242011785507202,2.3056249618530273,2.1156649589538574,1.8992799520492554,1.7063366174697876,1.7297292947769165,1.688990831375122,2.8290233612060547,2.859144449234009,2.942817211151123,3.086796760559082,2.849825620651245,3.044947385787964,2.8569116592407227,3.0186076164245605,2.8062126636505127,2.8859360218048096,2.7120747566223145,2.605306625366211,2.718240976333618,2.5733702182769775,2.655306816101074,3.2990970611572266,3.42087721824646,3.5265092849731445,3.5503180027008057,3.4690897464752197,3.5790741443634033,3.415696620941162,3.556363821029663,3.336992025375366,3.467080593109131,3.276395320892334,3.33665132522583,3.331125020980835,3.1973659992218018,3.490074634552002
A15,2.7938787937164307,2.5965704917907715,2.236908435821533,2.230128526687622,1.8626666069030762,1.8627796173095703,1.546341896057129,1.5389204025268555,1.3944025039672852,1.3888959884643555,1.2473528385162354,1.0640314817428589,0.7371894121170044,0.3873837888240814,0.0,1.8139692544937134,1.8933780193328857,2.0624239444732666,2.1258184909820557,1.9446700811386108,2.076782464981079,1.8496944904327393,1.9140493869781494,1.8275527954101562,1.816426157951355,1.6241114139556885,1.2919987440109253,1.0527629852294922,0.6719601154327393,0.7433993220329285,1.8549100160598755,2.1891167163848877,2.2694952487945557,2.4276773929595947,2.2470033168792725,2.4209699630737305,2.2699503898620605,2.4054648876190186,2.301643133163452,2.3683524131774902,2.204678773880005,1.971347451210022,1.7258659601211548,1.664070963859558,1.5463416576385498,2.553471565246582,2.615927219390869,2.7351126670837402,2.918780565261841,2.7266855239868164,2.955237627029419,2.8119945526123047,2.995238780975342,2.8260860443115234,2.91475772857666,2.750579357147217,2.623915195465088,2.6911447048187256,2.5052974224090576,2.5354912281036377,3.0653140544891357,3.217808961868286,3.341607093811035,3.3970947265625,3.3581838607788086,3.504251480102539,3.379638195037842,3.5578837394714355,3.3749196529388428,3.5368666648864746,3.3847877979278564,3.465914726257324,3.5012874603271484,3.380673408508301,3.6984941959381104
B1,1.165928602218628,1.074134111404419,0.8184067010879517,1.117242693901062,1.0453230142593384,1.3858861923217773,1.4498940706253052,1.8086280822753906,1.944075584411621,2.249337673187256,2.4130702018737793,2.45263934135437,2.3315281867980957,2.014270067214966,1.8139692544937134,0.0,0.3843744397163391,0.6605615615844727,1.0239641666412354,1.2070211172103882,1.5756075382232666,1.731095790863037,2.062000274658203,2.242171287536621,2.483936309814453,2.579928159713745,2.4890949726104736,2.3638949394226074,2.0915133953094482,1.9270633459091187,1.002722978591919,1.2480210065841675,1.2070298194885254,1.5500297546386719,1.625425100326538,2.001922845840454,2.103712797164917,2.4498696327209473,2.5619401931762695,2.8255083560943604,2.912637948989868,2.887075185775757,2.7554781436920166,2.683236837387085,2.3970181941986084,2.001539945602417,1.8779571056365967,2.123178482055664,2.2633683681488037,2.208488702774048,2.5611765384674072,2.586763381958008,2.935535430908203,2.940152645111084,3.2120273113250732,3.265240430831909,3.3033502101898193,3.384920358657837,3.261688232421875,3.1228079795837402,2.5739099979400635,2.6422946453094482,2.6028170585632324,2.577550172805786,2.666719436645508,2.800320863723755,2.8590378761291504,3.1280837059020996,3.1163229942321777,3.435094118118286,3.430204153060913,3.6872646808624268,3.8135836124420166,3.8798089027404785,4.233060359954834
B2,0.9338429570198059,0.7664872407913208,0.4661027789115906,0.7391203045845032,0.7165594696998596,1.0682628154754639,1.2108261585235596,1.5819159746170044,1.7779234647750854,2.0970957279205322,2.313742160797119,2.4148178100585938,2.3469059467315674,2.073127508163452,1.8933780193328857,0.3843744397163391,0.0,0.39171653985977173,0.6976956725120544,0.8831910490989685,1.242044448852539,1.4476714134216309,1.7826672792434692,2.008626699447632,2.2657382488250732,2.4076547622680664,2.371084213256836,2.268620014190674,2.0466091632843018,1.8763179779052734,0.8409202694892883,0.9906065464019775,0.8644658923149109,1.1802376508712769,1.258287787437439,1.6398296356201172,1.7663843631744385,2.1231236457824707,2.2636616230010986,2.542022943496704,2.6657769680023193,2.677403211593628,2.578216791152954,2.5251667499542236,2.2444448471069336,1.7837388515472412,1.6053441762924194,1.81367027759552,1.9177606105804443,1.8472102880477905,2.195957660675049,2.227573871612549,2.584522247314453,2.606218099594116,2.8936104774475098,2.9753940105438232,3.0410711765289307,3.133190631866455,3.0375866889953613,2.893751382827759,2.2985928058624268,2.3305060863494873,2.2684099674224854,2.2193853855133057,2.291879653930664,2.4172980785369873,2.4773294925689697,2.749863862991333,2.750894784927368,3.0794332027435303,3.094475507736206,3.364243745803833,3.5098347663879395,3.5944762229919434,3.9537277221679688
B3,0.9462783336639404,0.6599876880645752,0.32570281624794006,0.5788109302520752,0.5889078378677368,0.9508556127548218,1.127825140953064,1.5164687633514404,1.7045127153396606,2.056504487991333,2.3009939193725586,2.4281117916107178,2.414316177368164,2.1781980991363525,2.0624239444732666,0.6605615615844727,0.39171653985977173,0.0,0.4000125825405121,0.6967049837112427,1.0711250305175781,1.3134548664093018,1.683732509613037,1.8988473415374756,2.1987969875335693,2.378509044647217,2.3843777179718018,2.3448123931884766,2.1718924045562744,2.057708501815796,1.1661573648452759,1.2282545566558838,0.9787108898162842,1.1875078678131104,1.2083090543746948,1.5733742713928223,1.6729650497436523,2.050088405609131,2.1730103492736816,2.4868617057800293,2.636340618133545,2.6987063884735107,2.6540443897247314,2.657554864883423,2.4141781330108643,2.0276763439178467,1.791831374168396,1.9406929016113281,1.9685457944869995,1.845192313194275,2.160400152206421,2.1597633361816406,2.520476818084717,2.5254123210906982,2.838315963745117,2.950927972793579,3.0632543563842773,3.1984994411468506,3.14780330657959,3.0310158729553223,2.4650228023529053,2.4397785663604736,2.328507661819458,2.2141802310943604,2.2360146045684814,2.3007237911224365,2.3384125232696533,2.579336166381836,2.570112943649292,2.8971502780914307,2.9029786586761475,3.190896511077881,3.3183584213256836,3.4330127239227295,3.7766072750091553
B4,1.0810683965682983,0.7160360217094421,0.42488861083984375,0.33638960123062134,0.350287526845932,0.6441593170166016,0.8974992036819458,1.269566535949707,1.4988040924072266,1.855893850326538,2.145925521850586,2.3304569721221924,2.378700017929077,2.2006115913391113,2.1258184909820557,1.0239641666412354,0.6976956725120544,0.4000125825405121,0.0,0.3676720857620239,0.7065467238426208,0.996251106262207,1.368713617324829,1.609170913696289,1.9274978637695312,2.1527273654937744,2.218290090560913,2.2219111919403076,2.1156299114227295,2.0273756980895996,1.275205135345459,1.2537630796432495,0.9238200187683105,0.9871670603752136,0.9186499118804932,1.2498008012771606,1.3281147480010986,1.711302638053894,1.836180567741394,2.1686418056488037,2.348846912384033,2.4569296836853027,2.4608335494995117,2.5062949657440186,2.2961390018463135,2.005136728286743,1.7308120727539062,1.8014070987701416,1.7649354934692383,1.5783427953720093,1.855774164199829,1.8220807313919067,2.1784169673919678,2.174097776412964,2.5005247592926025,2.6377756595611572,2.785313844680786,2.9481186866760254,2.938035488128662,2.8409388065338135,2.351066827774048,2.2798922061920166,2.1488680839538574,1.9943568706512451,1.9547383785247803,1.9825841188430786,1.982703685760498,2.202772855758667,2.1793744564056396,2.5032169818878174,2.5097782611846924,2.8052868843078613,2.937828779220581,3.068502902984619,3.4112319946289062
B5,1.3548790216445923,1.0022403001785278,0.7094162702560425,0.45366761088371277,0.1838444024324417,0.28180888295173645,0.5616347789764404,0.9157558083534241,1.179975986480713,1.5247623920440674,1.8361177444458008,2.0553340911865234,2.134507417678833,1.9980450868606567,1.9446700811386108,1.2070211172103882,0.8831910490989685,0.6967049837112427,0.3676720857620239,0.0,0.3837614059448242,0.637559175491333,1.0052437782287598,1.2581349611282349,1.5678796768188477,1.801990270614624,1.8897078037261963,1.905782699584961,1.840121865272522,1.7695872783660889,1.2653917074203491,1.247803807258606,0.9417653679847717,0.9135888814926147,0.7072147727012634,0.9956222176551819,1.0054603815078735,1.3799726963043213,1.4831396341323853,1.8094562292099,1.9817155599594116,2.0925674438476562,2.110248327255249,2.1778292655944824,1.9938730001449585,1.9228332042694092,1.6686195135116577,1.687410831451416,1.6447957754135132,1.3944227695465088,1.6434224843978882,1.5576649904251099,1.8947185277938843,1.8562384843826294,2.1685519218444824,2.287200689315796,2.4307966232299805,2.605424404144287,2.606361150741577,2.53389048576355,2.2340898513793945,2.165621757507324,2.0686194896698,1.9279817342758179,1.8389861583709717,1.8710033893585205,1.8114451169967651,2.016024351119995,1.9483364820480347,2.2498207092285156,2.232978105545044,2.5061333179473877,2.639073133468628,2.7455718517303467,3.0974178314208984
B6,1.6050690412521362,1.2571073770523071,1.0306072235107422,0.6866037845611572,0.5306916832923889,0.24280284345149994,0.5520728826522827,0.7673436403274536,1.0892682075500488,1.398598074913025,1.752803087234497,2.032846689224243,2.1702537536621094,2.0984182357788086,2.076782464981079,1.5756075382232666,1.242044448852539,1.0711250305175781,0.7065467238426208,0.3837614059448242,0.0,0.39749646186828613,0.7106489539146423,1.0198348760604858,1.3285746574401855,1.6159154176712036,1.776678204536438,1.832123041152954,1.8460874557495117,1.797252893447876,1.466309666633606,1.3869109153747559,1.0777922868728638,0.897358238697052,0.5593106746673584,0.7119388580322266,0.650451123714447,1.025386095046997,1.1355712413787842,1.4782752990722656,1.6893634796142578,1.8520020246505737,1.9245736598968506,2.033994674682617,1.893636703491211,1.945145845413208,1.6795798540115356,1.6113231182098389,1.5083928108215332,1.1849092245101929,1.3660959005355835,1.2241690158843994,1.5443423986434937,1.4885387420654297,1.8106554746627808,1.952945351600647,2.132080554962158,2.3325395584106445,2.3777666091918945,2.32810640335083,2.149853467941284,2.0433993339538574,1.94463050365448,1.781467318534851,1.6208341121673584,1.621951937675476,1.5012601613998413,1.6787418127059937,1.5819799900054932,1.873132586479187,1.8564491271972656,2.129852771759033,2.278715133666992,2.393033981323242,2.751312255859375
B7,1.9548063278198242,1.6116058826446533,1.3382893800735474,1.0351678133010864,0.7564834952354431,0.4152292013168335,0.35397860407829285,0.3958044648170471,0.713839590549469,1.007763385772705,1.3701754808425903,1.6706254482269287,1.843248963356018,1.822752833366394,1.8496944904327393,1.731095790863037,1.4476714134216309,1.3134548664093018,0.996251106262207,0.637559175491333,0.39749646186828613,0.0,0.38693898916244507,0.6350603103637695,0.9493883848190308,1.2269450426101685,1.3961620330810547,1.4887611865997314,1.5504491329193115,1.564245581626892,1.6210153102874756,1.6085330247879028,1.3657441139221191,1.206040382385254,0.8294359445571899,0.8773365616798401,0.6341365575790405,0.921030580997467,0.9036762714385986,1.2272822856903076,1.3801413774490356,1.5282487869262695,1.6170989274978638,1.7741845846176147,1.6882975101470947,2.103283405303955,1.8927682638168335,1.8102729320526123,1.7350213527679443,1.3782072067260742,1.508171558380127,1.2856066226959229,1.5381923913955688,1.3906759023666382,1.6650556325912476,1.7453728914260864,1.9028534889221191,2.1312813758850098,2.1817901134490967,2.1886770725250244,2.3143346309661865,2.2369282245635986,2.1879353523254395,2.0561068058013916,1.8644322156906128,1.866364598274231,1.6770222187042236,1.804423213005066,1.6267017126083374,1.8505228757858276,1.7605490684509277,1.9792348146438599,2.08895206451416,2.151235580444336,2.508481502532959
B8,2.2685344219207764,1.940959095954895,1.6856861114501953,1.362861156463623,1.108941674232483,0.7494288086891174,0.6453232765197754,0.3998032808303833,0.7029231190681458,0.8615326285362244,1.2439459562301636,1.5984535217285156,1.815873622894287,1.8649476766586304,1.9140493869781494,2.062000274658203,1.7826672792434692,1.683732509613037,1.368713617324829,1.0052437782287598,0.7106489539146423,0.38693898916244507,0.0,0.4039306044578552,0.6408251523971558,0.9659575819969177,1.2122738361358643,1.3335741758346558,1.4863159656524658,1.524214744567871,1.8217722177505493,1.7943357229232788,1.5941396951675415,1.3829954862594604,0.9850926995277405,0.8864029049873352,0.5254216194152832,0.6514294147491455,0.5406518578529358,0.8453383445739746,0.9997182488441467,1.1826955080032349,1.325380563735962,1.5312063694000244,1.5102955102920532,2.1579744815826416,1.978633999824524,1.8397918939590454,1.7537543773651123,1.365668773651123,1.4158031940460205,1.1276044845581055,1.3020099401474,1.0909713506698608,1.3234341144561768,1.3742425441741943,1.5369689464569092,1.7907588481903076,1.8749159574508667,1.9246082305908203,2.2941691875457764,2.2154529094696045,2.202026844024658,2.090561628341675,1.8572553396224976,1.8604661226272583,1.612807035446167,1.7024625539779663,1.4743685722351074,1.641931414604187,1.5237443447113037,1.6937552690505981,1.8127080202102661,1.8355474472045898,2.207479953765869
B9,2.5847482681274414,2.2449328899383545,1.9584808349609375,1.668759822845459,1.3632228374481201,1.0376765727996826,0.7989271283149719,0.4550396203994751,0.48708611726760864,0.5621078610420227,0.9367881417274475,1.3064296245574951,1.5835869312286377,1.7004919052124023,1.8275527954101562,2.242171287536621,2.008626699447632,1.8988473415374756,1.609170913696289,1.2581349611282349,1.0198348760604858,0.6350603103637695,0.4039306044578552,0.0,0.3649328649044037,0.6746879816055298,0.9459639191627502,1.1670966148376465,1.3799327611923218,1.521133303642273,2.1053714752197266,2.1313629150390625,1.9456756114959717,1.7683340311050415,1.3741241693496704,1.2886852025985718,0.9156343936920166,0.9539546966552734,0.683010995388031,0.8974982500076294,0.9263607263565063,1.089932918548584,1.2692618370056152,1.5461983680725098,1.600131869316101,2.504119634628296,2.351520299911499,2.2255265712738037,2.152867078781128,1.7642899751663208,1.7906160354614258,1.4732345342636108,1.5840034484863281,1.3006095886230469,1.4639631509780884,1.4442756175994873,1.5845807790756226,1.8751869201660156,1.969512939453125,2.087259531021118,2.6635477542877197,2.6005475521087646,2.600386142730713,2.49078631401062,2.2443172931671143,2.225133180618286,1.9452794790267944,1.9805530309677124,1.6966168880462646,1.7892876863479614,1.5854954719543457,1.6917351484298706,1.726891279220581,1.6975220441818237,2.041002035140991
B10,2.861962080001831,2.5386834144592285,2.2502079010009766,1.9617966413497925,1.6527019739151,1.3259087800979614,1.0735703706741333,0.6872797608375549,0.6566333770751953,0.49222108721733093,0.8067375421524048,1.2026476860046387,1.4996119737625122,1.677946925163269,1.816426157951355,2.483936309814453,2.2657382488250732,2.1987969875335693,1.9274978637695312,1.5678796768188477,1.3285746574401855,0.9493883848190308,0.6408251523971558,0.3649328649044037,0.0,0.37552765011787415,0.7302319407463074,0.973349392414093,1.2714349031448364,1.4406520128250122,2.2590396404266357,2.298129081726074,2.161530017852783,1.983291506767273,1.5971351861953735,1.4697871208190918,1.0953199863433838,1.0151108503341675,0.6887379884719849,0.7386276125907898,0.6342428922653198,0.7573618292808533,0.9734903573989868,1.3009227514266968,1.4304730892181396,2.5741238594055176,2.4668052196502686,2.324465274810791,2.274553060531616,1.8936673402786255,1.887473702430725,1.5582902431488037,1.5967732667922974,1.278599739074707,1.3476976156234741,1.2388046979904175,1.3239004611968994,1.620230793952942,1.7177672386169434,1.8872984647750854,2.7081124782562256,2.669156312942505,2.7126107215881348,2.6395156383514404,2.390146493911743,2.3944454193115234,2.097766160964966,2.120406150817871,1.8187367916107178,1.857345700263977,1.6336578130722046,1.6627711057662964,1.6909335851669312,1.582801342010498,1.9280604124069214
B11,3.082364797592163,2.77091646194458,2.4579317569732666,2.2044031620025635,1.86217200756073,1.5704070329666138,1.2611838579177856,0.8866099715232849,0.7311111688613892,0.38982081413269043,0.5282905101776123,0.9109480977058411,1.2168493270874023,1.4520646333694458,1.6241114139556885,2.579928159713745,2.4076547622680664,2.378509044647217,2.1527273654937744,1.801990270614624,1.6159154176712036,1.2269450426101685,0.9659575819969177,0.6746879816055298,0.37552765011787415,0.0,0.3934958875179291,0.693032443523407,1.0471374988555908,1.2870458364486694,2.3706510066986084,2.463430404663086,2.3730576038360596,2.2414119243621826,1.873671054840088,1.779112458229065,1.4263213872909546,1.34282648563385,1.0334547758102417,0.9943071007728577,0.7531517744064331,0.6915948987007141,0.8303806781768799,1.1711432933807373,1.35214364528656,2.714409828186035,2.6545803546905518,2.5406858921051025,2.535971164703369,2.1784181594848633,2.192368745803833,1.8801219463348389,1.9030698537826538,1.5869251489639282,1.596348524093628,1.4080886840820312,1.3976726531982422,1.6590423583984375,1.7076356410980225,1.9128795862197876,2.8937816619873047,2.896362543106079,2.9746804237365723,2.9349734783172607,2.708885908126831,2.7389779090881348,2.4524240493774414,2.483262300491333,2.1817150115966797,2.2012460231781006,1.9627621173858643,1.9461662769317627,1.9409586191177368,1.7718364000320435,2.0867905616760254
B12,3.126671075820923,2.832322835922241,2.494882583618164,2.290703773498535,1.9188315868377686,1.681482195854187,1.328579068183899,1.009967565536499,0.7832509875297546,0.4340108335018158,0.2788563072681427,0.5770550966262817,0.8418079018592834,1.099942922592163,1.2919987440109253,2.4890949726104736,2.371084213256836,2.3843777179718018,2.218290090560913,1.8897078037261963,1.776678204536438,1.3961620330810547,1.2122738361358643,0.9459639191627502,0.7302319407463074,0.3934958875179291,0.0,0.3857233226299286,0.7310230135917664,1.0444153547286987,2.325510025024414,2.480830430984497,2.4340336322784424,2.3674027919769287,2.0290238857269287,1.996350646018982,1.6788376569747925,1.6428251266479492,1.3761378526687622,1.3430780172348022,1.0848172903060913,0.9004656076431274,0.8734090328216553,1.1324667930603027,1.2909218072891235,2.744816780090332,2.724623203277588,2.6605217456817627,2.7072224617004395,2.3814074993133545,2.4448609352111816,2.1655631065368652,2.2178802490234375,1.9285976886749268,1.9367681741714478,1.7246378660202026,1.6479954719543457,1.8496366739273071,1.8229345083236694,2.013366222381592,3.002716302871704,3.049142599105835,3.1506288051605225,3.1400368213653564,2.953472375869751,3.014354944229126,2.7578284740448,2.820194721221924,2.537628412246704,2.5800058841705322,2.3507163524627686,2.3396363258361816,2.3276805877685547,2.147643566131592,2.4463119506835938
B13,3.039642333984375,2.7786850929260254,2.4419496059417725,2.265341281890869,1.8995065689086914,1.6979095935821533,1.36306631565094,1.096587061882019,0.953231155872345,0.6938990354537964,0.5757430195808411,0.7055500149726868,0.7808440923690796,0.9568962454795837,1.0527629852294922,2.3638949394226074,2.268620014190674,2.3448123931884766,2.2219111919403076,1.905782699584961,1.832123041152954,1.4887611865997314,1.3335741758346558,1.1670966148376465,0.973349392414093,0.693032443523407,0.3857233226299286,0.0,0.40645214915275574,0.6955183148384094,2.1201112270355225,2.3065946102142334,2.3202199935913086,2.2973549365997314,2.001251697540283,2.0014495849609375,1.7384768724441528,1.7179213762283325,1.5209691524505615,1.4735784530639648,1.2253340482711792,0.9550747275352478,0.7650399208068848,0.8929654359817505,1.0012016296386719,2.5186166763305664,2.546060562133789,2.5145821571350098,2.6139962673187256,2.332044839859009,2.4339184761047363,2.2009050846099854,2.272327184677124,2.029362916946411,2.032025098800659,1.8055546283721924,1.6662276983261108,1.7921030521392822,1.6874644756317139,1.8372775316238403,2.820645570755005,2.911367654800415,3.047569513320923,3.081024408340454,2.9393012523651123,3.0476810932159424,2.829751968383789,2.9370510578155518,2.6914384365081787,2.76708984375,2.579017162322998,2.583125352859497,2.6145098209381104,2.437561273574829,2.755858898162842
