0.000000000000000000e+00,3.777612745761871338e-01,6.157415509223937988e-01,9.223467111587524414e-01,1.012215137481689453e+00,1.394094705581665039e+00,1.564096212387084961e+00,1.940364599227905273e+00,2.076044797897338867e+00,2.465920686721801758e+00,2.694549322128295898e+00,2.889916181564331055e+00,2.827220439910888672e+00,2.582275867462158203e+00,2.218847036361694336e+00,6.240168213844299316e-01,6.532192230224609375e-01,8.029389381408691406e-01,1.123452782630920410e+00,1.198229670524597168e+00,1.530357599258422852e+00,1.704485893249511719e+00,2.055488109588623047e+00,2.211430788040161133e+00,2.591361045837402344e+00,2.830490827560424805e+00,3.017207622528076172e+00,2.959283113479614258e+00,2.744961977005004883e+00,2.372114658355712891e+00,1.121178150177001953e+00,1.128326177597045898e+00,1.226356387138366699e+00,1.461370825767517090e+00,1.514116406440734863e+00,1.790672063827514648e+00,1.948015570640563965e+00,2.267383098602294922e+00,2.432623863220214844e+00,2.793289422988891602e+00,3.004437923431396484e+00,3.225047588348388672e+00,3.035939216613769531e+00,2.953883647918701172e+00,2.596490859985351562e+00,1.624084115028381348e+00,1.631207585334777832e+00,1.697342753410339355e+00,1.874542593955993652e+00,1.899058341979980469e+00,2.132437467575073242e+00,2.258135557174682617e+00,2.551668882369995117e+00,2.719763278961181641e+00,3.048500299453735352e+00,3.262841463088989258e+00,3.462157964706420898e+00,3.180473566055297852e+00,3.189635992050170898e+00,2.874073266983032227e+00,2.178567647933959961e+00,2.176477432250976562e+00,2.221771001815795898e+00,2.347788333892822266e+00,2.338368892669677734e+00,2.540280342102050781e+00,2.625255823135375977e+00,2.882251262664794922e+00,3.048690319061279297e+00,3.318809747695922852e+00,3.532713890075683594e+00,3.734290122985839844e+00,3.454980611801147461e+00,3.517807722091674805e+00,3.256460905075073242e+00
3.777612745761871338e-01,0.000000000000000000e+00,3.954053819179534912e-01,5.885133743286132812e-01,6.543282866477966309e-01,1.028490066528320312e+00,1.220772385597229004e+00,1.596369981765747070e+00,1.765298247337341309e+00,2.152931928634643555e+00,2.406252861022949219e+00,2.633443355560302734e+00,2.611978292465209961e+00,2.406371355056762695e+00,2.030448913574218750e+00,7.265045642852783203e-01,5.571990609169006348e-01,6.952478289604187012e-01,9.077640771865844727e-01,9.311683177947998047e-01,1.219981431961059570e+00,1.396248459815979004e+00,1.734284400939941406e+00,1.913638830184936523e+00,2.285839080810546875e+00,2.543464899063110352e+00,2.761730909347534180e+00,2.743231296539306641e+00,2.571995496749877930e+00,2.196180582046508789e+00,1.196182727813720703e+00,1.092485308647155762e+00,1.182203292846679688e+00,1.325522184371948242e+00,1.327926516532897949e+00,1.547228097915649414e+00,1.689924359321594238e+00,1.983383417129516602e+00,2.161644935607910156e+00,2.506715059280395508e+00,2.732058763504028320e+00,2.981394767761230469e+00,2.823994159698486328e+00,2.788873672485351562e+00,2.438601732254028320e+00,1.690682291984558105e+00,1.621054530143737793e+00,1.682943463325500488e+00,1.788052678108215332e+00,1.767746806144714355e+00,1.945923566818237305e+00,2.046386241912841797e+00,2.307314872741699219e+00,2.478235244750976562e+00,2.784554004669189453e+00,3.009168624877929688e+00,3.236991882324218750e+00,2.981820821762084961e+00,3.033204793930053711e+00,2.735132455825805664e+00,2.244521856307983398e+00,2.183112382888793945e+00,2.227837324142456055e+00,2.294932842254638672e+00,2.245629549026489258e+00,2.399164915084838867e+00,2.454589128494262695e+00,2.675801038742065430e+00,2.834885835647583008e+00,3.076073646545410156e+00,3.296131849288940430e+00,3.524496793746948242e+00,3.271540880203247070e+00,3.370636940002441406e+00,3.132823228836059570e+00
6.157415509223937988e-01,3.954053819179534912e-01,0.000000000000000000e+00,3.886788487434387207e-01,6.623764038085937500e-01,1.003819942474365234e+00,1.285837054252624512e+00,1.654414534568786621e+00,1.884098529815673828e+00,2.264594554901123047e+00,2.558061599731445312e+00,2.808287858963012695e+00,2.825459718704223633e+00,2.638180971145629883e+00,2.261894464492797852e+00,8.936918973922729492e-01,6.271108388900756836e-01,5.153374075889587402e-01,6.690909266471862793e-01,8.301356434822082520e-01,1.109423041343688965e+00,1.375421881675720215e+00,1.718591213226318359e+00,1.960439443588256836e+00,2.334335803985595703e+00,2.633382558822631836e+00,2.879210710525512695e+00,2.900794029235839844e+00,2.748771429061889648e+00,2.367962360382080078e+00,1.261854887008666992e+00,1.075617074966430664e+00,1.031619071960449219e+00,1.114945173263549805e+00,1.197756528854370117e+00,1.399126291275024414e+00,1.614877223968505859e+00,1.913305044174194336e+00,2.150455951690673828e+00,2.500937223434448242e+00,2.770318746566772461e+00,3.045737743377685547e+00,2.927077293395996094e+00,2.910220384597778320e+00,2.550539493560791016e+00,1.702869057655334473e+00,1.571284890174865723e+00,1.544405698776245117e+00,1.598423242568969727e+00,1.630343317985534668e+00,1.785460352897644043e+00,1.939612507820129395e+00,2.200232982635498047e+00,2.423090934753417969e+00,2.733423709869384766e+00,3.000467538833618164e+00,3.255697965621948242e+00,3.020664215087890625e+00,3.101361751556396484e+00,2.791988372802734375e+00,2.225352287292480469e+00,2.117845058441162109e+00,2.098340988159179688e+00,2.123865127563476562e+00,2.111025333404541016e+00,2.236819028854370117e+00,2.333062171936035156e+00,2.542259454727172852e+00,2.744943141937255859e+00,2.984644412994384766e+00,3.243133306503295898e+00,3.496150493621826172e+00,3.260393619537353516e+00,3.389384746551513672e+00,3.140002250671386719e+00
9.223467111587524414e-01,5.885133743286132812e-01,3.886788487434387207e-01,0.000000000000000000e+00,3.653646707534790039e-01,6.371461153030395508e-01,9.561463594436645508e-01,1.307313561439514160e+00,1.572125673294067383e+00,1.939407944679260254e+00,2.255688667297363281e+00,2.529842376708984375e+00,2.588440656661987305e+00,2.442056179046630859e+00,2.067214727401733398e+00,1.067928910255432129e+00,7.174602150917053223e-01,6.257246732711791992e-01,5.461161136627197266e-01,5.963555574417114258e-01,7.801991105079650879e-01,1.051300883293151855e+00,1.371056556701660156e+00,1.639033436775207520e+00,1.998814344406127930e+00,2.315160512924194336e+00,2.587844610214233398e+00,2.649370431900024414e+00,2.541945457458496094e+00,2.168306350708007812e+00,1.374750018119812012e+00,1.110868096351623535e+00,1.081076264381408691e+00,1.042569041252136230e+00,1.038252472877502441e+00,1.148617148399353027e+00,1.336155295372009277e+00,1.596854925155639648e+00,1.845105171203613281e+00,2.174688577651977539e+00,2.456531763076782227e+00,2.756620407104492188e+00,2.672279596328735352e+00,2.701757907867431641e+00,2.356806516647338867e+00,1.780159950256347656e+00,1.585732460021972656e+00,1.572185397148132324e+00,1.546212315559387207e+00,1.511180877685546875e+00,1.593690633773803711e+00,1.706700086593627930e+00,1.923808217048645020e+00,2.143358945846557617e+00,2.426174163818359375e+00,2.699938058853149414e+00,2.980103731155395508e+00,2.774362087249755859e+00,2.896042346954345703e+00,2.610253334045410156e+00,2.282703399658203125e+00,2.123478889465332031e+00,2.117260217666625977e+00,2.082893133163452148e+00,2.016117572784423828e+00,2.085978984832763672e+00,2.139179944992065430e+00,2.305345535278320312e+00,2.492220163345336914e+00,2.698807239532470703e+00,2.958435773849487305e+00,3.234605550765991211e+00,3.027233123779296875e+00,3.190172672271728516e+00,2.969401121139526367e+00
1.012215137481689453e+00,6.543282866477966309e-01,6.623764038085937500e-01,3.653646707534790039e-01,0.000000000000000000e+00,3.861566483974456787e-01,6.236202120780944824e-01,9.952656030654907227e-01,1.226176738739013672e+00,1.603352785110473633e+00,1.905544638633728027e+00,2.171748399734497070e+00,2.224930763244628906e+00,2.084770917892456055e+00,1.709542512893676758e+00,1.040791511535644531e+00,7.022882103919982910e-01,7.750502824783325195e-01,6.783727407455444336e-01,4.998474121093750000e-01,6.311180591583251953e-01,7.911304235458374023e-01,1.106217741966247559e+00,1.330738425254821777e+00,1.692506313323974609e+00,1.987835168838500977e+00,2.251492738723754883e+00,2.303859710693359375e+00,2.204496860504150391e+00,1.835320830345153809e+00,1.334194898605346680e+00,1.078698992729187012e+00,1.159190893173217773e+00,1.116498112678527832e+00,9.865108132362365723e-01,1.065751433372497559e+00,1.155187129974365234e+00,1.394526243209838867e+00,1.591582536697387695e+00,1.912171125411987305e+00,2.164520025253295898e+00,2.455173730850219727e+00,2.357434749603271484e+00,2.397006034851074219e+00,2.065005540847778320e+00,1.739313483238220215e+00,1.551417231559753418e+00,1.616904377937316895e+00,1.593080878257751465e+00,1.473896980285644531e+00,1.540079355239868164e+00,1.576792955398559570e+00,1.772846341133117676e+00,1.940469861030578613e+00,2.209428787231445312e+00,2.449682950973510742e+00,2.718167543411254883e+00,2.509186744689941406e+00,2.629830360412597656e+00,2.364707469940185547e+00,2.244718074798583984e+00,2.088634490966796875e+00,2.142478466033935547e+00,2.110325098037719727e+00,1.981608986854553223e+00,2.046929121017456055e+00,2.038810253143310547e+00,2.194922685623168945e+00,2.332380771636962891e+00,2.526371717453002930e+00,2.751705408096313477e+00,3.016471624374389648e+00,2.807785034179687500e+00,2.964159488677978516e+00,2.767691850662231445e+00
1.394094705581665039e+00,1.028490066528320312e+00,1.003819942474365234e+00,6.371461153030395508e-01,3.861566483974456787e-01,0.000000000000000000e+00,3.692424893379211426e-01,6.775206923484802246e-01,9.802895188331604004e-01,1.324349880218505859e+00,1.660841464996337891e+00,1.964651107788085938e+00,2.079477071762084961e+00,2.004253149032592773e+00,1.645374417304992676e+00,1.393737316131591797e+00,1.053126335144042969e+00,1.093231916427612305e+00,8.797199130058288574e-01,6.361684203147888184e-01,5.109535455703735352e-01,5.958100557327270508e-01,8.211023211479187012e-01,1.084490180015563965e+00,1.409420132637023926e+00,1.728424310684204102e+00,2.033195257186889648e+00,2.144628286361694336e+00,2.113143444061279297e+00,1.768002748489379883e+00,1.625362396240234375e+00,1.335149288177490234e+00,1.400742053985595703e+00,1.262342095375061035e+00,1.068892598152160645e+00,1.008617877960205078e+00,1.029349684715270996e+00,1.177734136581420898e+00,1.379626512527465820e+00,1.653083324432373047e+00,1.919198751449584961e+00,2.244390487670898438e+00,2.198322057723999023e+00,2.303095579147338867e+00,2.002330780029296875e+00,1.975632309913635254e+00,1.743731617927551270e+00,1.805475234985351562e+00,1.708433270454406738e+00,1.537268161773681641e+00,1.510302543640136719e+00,1.489120721817016602e+00,1.608192801475524902e+00,1.762564539909362793e+00,1.980415463447570801e+00,2.225556850433349609e+00,2.526812791824340820e+00,2.363234043121337891e+00,2.536794662475585938e+00,2.309741258621215820e+00,2.440235853195190430e+00,2.241432189941406250e+00,2.297378301620483398e+00,2.207621335983276367e+00,2.035718202590942383e+00,2.033730030059814453e+00,1.976799368858337402e+00,2.069469690322875977e+00,2.182170391082763672e+00,2.324038982391357422e+00,2.547485113143920898e+00,2.841108798980712891e+00,2.674495458602905273e+00,2.872310161590576172e+00,2.715361356735229492e+00
1.564096212387084961e+00,1.220772385597229004e+00,1.285837054252624512e+00,9.561463594436645508e-01,6.236202120780944824e-01,3.692424893379211426e-01,0.000000000000000000e+00,3.801221251487731934e-01,6.201497912406921387e-01,9.840131402015686035e-01,1.304070949554443359e+00,1.598933935165405273e+00,1.711969494819641113e+00,1.652590990066528320e+00,1.301851630210876465e+00,1.478443741798400879e+00,1.188027262687683105e+00,1.317226767539978027e+00,1.133470654487609863e+00,8.070175647735595703e-01,6.502958536148071289e-01,4.969453513622283936e-01,6.360278129577636719e-01,7.983879446983337402e-01,1.116506218910217285e+00,1.401632428169250488e+00,1.694698691368103027e+00,1.797070622444152832e+00,1.782895684242248535e+00,1.452988266944885254e+00,1.675582289695739746e+00,1.417899489402770996e+00,1.562666058540344238e+00,1.441375374794006348e+00,1.169504165649414062e+00,1.088132262229919434e+00,9.801470041275024414e-01,1.072369098663330078e+00,1.180118680000305176e+00,1.426730513572692871e+00,1.644112467765808105e+00,1.953334450721740723e+00,1.891498923301696777e+00,2.012274265289306641e+00,1.737131595611572266e+00,2.002464771270751953e+00,1.790364027023315430e+00,1.918681740760803223e+00,1.834412455558776855e+00,1.599547147750854492e+00,1.561967730522155762e+00,1.456969141960144043e+00,1.541799545288085938e+00,1.619276165962219238e+00,1.810585856437683105e+00,2.004448890686035156e+00,2.285381793975830078e+00,2.120490789413452148e+00,2.291060447692871094e+00,2.095851898193359375e+00,2.450412988662719727e+00,2.263038873672485352e+00,2.373903036117553711e+00,2.293446302413940430e+00,2.070595502853393555e+00,2.067799806594848633e+00,1.948681592941284180e+00,2.028272151947021484e+00,2.077958822250366211e+00,2.201824426651000977e+00,2.376894474029541016e+00,2.650400638580322266e+00,2.484011888504028320e+00,2.670126914978027344e+00,2.544910430908203125e+00
1.940364599227905273e+00,1.596369981765747070e+00,1.654414534568786621e+00,1.307313561439514160e+00,9.952656030654907227e-01,6.775206923484802246e-01,3.801221251487731934e-01,0.000000000000000000e+00,3.758470118045806885e-01,6.550402045249938965e-01,1.010752201080322266e+00,1.344519019126892090e+00,1.529471755027770996e+00,1.555622100830078125e+00,1.252970218658447266e+00,1.836163520812988281e+00,1.555217385292053223e+00,1.675725102424621582e+00,1.455858469009399414e+00,1.124668955802917480e+00,8.769626617431640625e-01,6.253727078437805176e-01,5.155733823776245117e-01,6.078041195869445801e-01,8.235198855400085449e-01,1.108375072479248047e+00,1.441739439964294434e+00,1.607563853263854980e+00,1.679092288017272949e+00,1.403032302856445312e+00,1.993396162986755371e+00,1.732015490531921387e+00,1.875832438468933105e+00,1.713208556175231934e+00,1.410884380340576172e+00,1.245827436447143555e+00,1.053320407867431641e+00,1.010290026664733887e+00,1.053852677345275879e+00,1.203993439674377441e+00,1.398564815521240234e+00,1.730980038642883301e+00,1.721419930458068848e+00,1.915088891983032227e+00,1.696465015411376953e+00,2.274602413177490234e+00,2.047017335891723633e+00,2.182917356491088867e+00,2.059656143188476562e+00,1.787026047706604004e+00,1.683028101921081543e+00,1.510851979255676270e+00,1.504361033439636230e+00,1.526460409164428711e+00,1.638958692550659180e+00,1.803812503814697266e+00,2.102150201797485352e+00,1.988933086395263672e+00,2.205384492874145508e+00,2.067239999771118164e+00,2.680559635162353516e+00,2.472090482711791992e+00,2.595582962036132812e+00,2.480647563934326172e+00,2.220576524734497070e+00,2.167352437973022461e+00,1.993213534355163574e+00,2.009078979492187500e+00,2.007222890853881836e+00,2.067337036132812500e+00,2.212486743927001953e+00,2.499208450317382812e+00,2.378058910369873047e+00,2.593642473220825195e+00,2.520758867263793945e+00
2.076044797897338867e+00,1.765298247337341309e+00,1.884098529815673828e+00,1.572125673294067383e+00,1.226176738739013672e+00,9.802895188331604004e-01,6.201497912406921387e-01,3.758470118045806885e-01,0.000000000000000000e+00,3.920203149318695068e-01,6.865082383155822754e-01,9.889528751373291016e-01,1.154152154922485352e+00,1.192848563194274902e+00,9.142848849296569824e-01,1.905582070350646973e+00,1.681124925613403320e+00,1.864214062690734863e+00,1.687234401702880859e+00,1.327087998390197754e+00,1.127897024154663086e+00,8.040121197700500488e-01,6.629869937896728516e-01,5.145426392555236816e-01,6.713896989822387695e-01,8.503071069717407227e-01,1.138581275939941406e+00,1.267401099205017090e+00,1.349296331405639648e+00,1.103570938110351562e+00,2.031172513961791992e+00,1.817086219787597656e+00,2.022348642349243164e+00,1.897372484207153320e+00,1.561146974563598633e+00,1.425527930259704590e+00,1.163950562477111816e+00,1.100428104400634766e+00,1.013192296028137207e+00,1.123439788818359375e+00,1.219393730163574219e+00,1.500696539878845215e+00,1.447642207145690918e+00,1.642064452171325684e+00,1.460532188415527344e+00,2.287712097167968750e+00,2.096549034118652344e+00,2.289400815963745117e+00,2.198282957077026367e+00,1.891758680343627930e+00,1.808955430984497070e+00,1.584072232246398926e+00,1.568974137306213379e+00,1.504271745681762695e+00,1.596050381660461426e+00,1.681141972541809082e+00,1.928921222686767578e+00,1.800202131271362305e+00,1.989651799201965332e+00,1.886779785156250000e+00,2.673153400421142578e+00,2.491800069808959961e+00,2.665537118911743164e+00,2.577174425125122070e+00,2.286526203155517578e+00,2.254064321517944336e+00,2.038111209869384766e+00,2.061373949050903320e+00,1.997735977172851562e+00,2.054508686065673828e+00,2.135748624801635742e+00,2.378520727157592773e+00,2.244817256927490234e+00,2.426750898361206055e+00,2.382412195205688477e+00
2.465920686721801758e+00,2.152931928634643555e+00,2.264594554901123047e+00,1.939407944679260254e+00,1.603352785110473633e+00,1.324349880218505859e+00,9.840131402015686035e-01,6.550402045249938965e-01,3.920203149318695068e-01,0.000000000000000000e+00,3.789147734642028809e-01,7.390832901000976562e-01,1.015185594558715820e+00,1.182562947273254395e+00,1.013792753219604492e+00,2.288998365402221680e+00,2.068716526031494141e+00,2.242583513259887695e+00,2.043692827224731445e+00,1.686195254325866699e+00,1.446967720985412598e+00,1.112273931503295898e+00,8.618931770324707031e-01,6.361041069030761719e-01,5.296148061752319336e-01,5.927852392196655273e-01,9.128755331039428711e-01,1.123483419418334961e+00,1.324534416198730469e+00,1.181460261344909668e+00,2.388683557510375977e+00,2.174705028533935547e+00,2.374912738800048828e+00,2.224678993225097656e+00,1.878013372421264648e+00,1.696286439895629883e+00,1.397833824157714844e+00,1.237332224845886230e+00,1.077381372451782227e+00,1.041837215423583984e+00,1.055916190147399902e+00,1.332239151000976562e+00,1.342167973518371582e+00,1.617907285690307617e+00,1.523353457450866699e+00,2.608615159988403320e+00,2.410666465759277344e+00,2.606002092361450195e+00,2.489214897155761719e+00,2.162718057632446289e+00,2.035153627395629883e+00,1.766913533210754395e+00,1.674238681793212891e+00,1.547530055046081543e+00,1.541596412658691406e+00,1.564890384674072266e+00,1.808430790901184082e+00,1.744985222816467285e+00,1.972484111785888672e+00,1.943528532981872559e+00,2.954019308090209961e+00,2.760683298110961914e+00,2.943436145782470703e+00,2.830876588821411133e+00,2.515741825103759766e+00,2.444706439971923828e+00,2.186576128005981445e+00,2.152613878250122070e+00,2.033491134643554688e+00,2.020911693572998047e+00,2.052124977111816406e+00,2.291755676269531250e+00,2.210694074630737305e+00,2.412219762802124023e+00,2.429167270660400391e+00
2.694549322128295898e+00,2.406252861022949219e+00,2.558061599731445312e+00,2.255688667297363281e+00,1.905544638633728027e+00,1.660841464996337891e+00,1.304070949554443359e+00,1.010752201080322266e+00,6.865082383155822754e-01,3.789147734642028809e-01,0.000000000000000000e+00,3.932642936706542969e-01,7.088639140129089355e-01,9.724559783935546875e-01,9.142944812774658203e-01,2.492587089538574219e+00,2.315068244934082031e+00,2.526592493057250977e+00,2.358421564102172852e+00,1.992022514343261719e+00,1.784025788307189941e+00,1.435514569282531738e+00,1.202537536621093750e+00,9.114965200424194336e-01,7.376890182495117188e-01,5.710008144378662109e-01,7.516179680824279785e-01,9.155855774879455566e-01,1.172153353691101074e+00,1.126353859901428223e+00,2.579772233963012695e+00,2.406371593475341797e+00,2.643012523651123047e+00,2.521402597427368164e+00,2.164052248001098633e+00,2.006574869155883789e+00,1.686558127403259277e+00,1.525772929191589355e+00,1.296489000320434570e+00,1.209007620811462402e+00,1.096657037734985352e+00,1.274377822875976562e+00,1.248257398605346680e+00,1.529749512672424316e+00,1.510647058486938477e+00,2.783415079116821289e+00,2.619812965393066406e+00,2.850990295410156250e+00,2.759722471237182617e+00,2.419574022293090820e+00,2.309914112091064453e+00,2.017823696136474609e+00,1.920230746269226074e+00,1.733508110046386719e+00,1.695083022117614746e+00,1.629080891609191895e+00,1.802512526512145996e+00,1.743780255317687988e+00,1.936935424804687500e+00,1.962938308715820312e+00,3.108922243118286133e+00,2.942897319793701172e+00,3.160301923751831055e+00,3.069831609725952148e+00,2.739338874816894531e+00,2.684073686599731445e+00,2.401664257049560547e+00,2.369755983352661133e+00,2.202096700668334961e+00,2.176100969314575195e+00,2.140414237976074219e+00,2.327796220779418945e+00,2.249354839324951172e+00,2.412885904312133789e+00,2.469094991683959961e+00
2.889916181564331055e+00,2.633443355560302734e+00,2.808287858963012695e+00,2.529842376708984375e+00,2.171748399734497070e+00,1.964651107788085938e+00,1.598933935165405273e+00,1.344519019126892090e+00,9.889528751373291016e-01,7.390832901000976562e-01,3.932642936706542969e-01,0.000000000000000000e+00,3.878783881664276123e-01,7.382755875587463379e-01,8.382775783538818359e-01,2.627698898315429688e+00,2.493844032287597656e+00,2.731671094894409180e+00,2.588718891143798828e+00,2.216518163681030273e+00,2.039098739624023438e+00,1.676542282104492188e+00,1.462569713592529297e+00,1.119393944740295410e+00,9.335557222366333008e-01,6.294397115707397461e-01,5.713233947753906250e-01,6.212570667266845703e-01,9.207466244697570801e-01,9.950120449066162109e-01,2.667671203613281250e+00,2.533160686492919922e+00,2.800409793853759766e+00,2.703918457031250000e+00,2.336202144622802734e+00,2.203197956085205078e+00,1.861525654792785645e+00,1.707576870918273926e+00,1.415623307228088379e+00,1.306759953498840332e+00,1.087663054466247559e+00,1.135888099670410156e+00,1.048083901405334473e+00,1.310128092765808105e+00,1.370721578598022461e+00,2.827019214630126953e+00,2.695422172546386719e+00,2.960661172866821289e+00,2.893230199813842773e+00,2.539162874221801758e+00,2.448995113372802734e+00,2.134314060211181641e+00,2.039843082427978516e+00,1.796209812164306641e+00,1.746051788330078125e+00,1.596708774566650391e+00,1.681446075439453125e+00,1.610173344612121582e+00,1.752914071083068848e+00,1.830443143844604492e+00,3.110160112380981445e+00,2.969683885574340820e+00,3.222121953964233398e+00,3.153642654418945312e+00,2.807961940765380859e+00,2.771070241928100586e+00,2.466434955596923828e+00,2.444737672805786133e+00,2.231521368026733398e+00,2.209606409072875977e+00,2.109492778778076172e+00,2.230594396591186523e+00,2.140588998794555664e+00,2.254347324371337891e+00,2.343452692031860352e+00
2.827220439910888672e+00,2.611978292465209961e+00,2.825459718704223633e+00,2.588440656661987305e+00,2.224930763244628906e+00,2.079477071762084961e+00,1.711969494819641113e+00,1.529471755027770996e+00,1.154152154922485352e+00,1.015185594558715820e+00,7.088639140129089355e-01,3.878783881664276123e-01,0.000000000000000000e+00,4.052481651306152344e-01,6.361303329467773438e-01,2.530715227127075195e+00,2.451625585556030273e+00,2.727847099304199219e+00,2.635098934173583984e+00,2.264913320541381836e+00,2.147599220275878906e+00,1.791190147399902344e+00,1.644693017005920410e+00,1.292844176292419434e+00,1.197897315025329590e+00,9.191898703575134277e-01,7.545725703239440918e-01,5.646898150444030762e-01,7.186014652252197266e-01,8.374671339988708496e-01,2.557698011398315430e+00,2.476804256439208984e+00,2.781656980514526367e+00,2.735789299011230469e+00,2.372570514678955078e+00,2.297140359878540039e+00,1.964200019836425781e+00,1.870227336883544922e+00,1.569253802299499512e+00,1.527207851409912109e+00,1.297857046127319336e+00,1.265237689018249512e+00,1.056423425674438477e+00,1.199682354927062988e+00,1.265855431556701660e+00,2.709667205810546875e+00,2.627944231033325195e+00,2.928369283676147461e+00,2.909729719161987305e+00,2.561195135116577148e+00,2.523950338363647461e+00,2.220271587371826172e+00,2.178593158721923828e+00,1.928164005279541016e+00,1.932030916213989258e+00,1.764528274536132812e+00,1.782424688339233398e+00,1.642643332481384277e+00,1.693842411041259766e+00,1.759213566780090332e+00,2.987626075744628906e+00,2.892271041870117188e+00,3.175737857818603516e+00,3.152961492538452148e+00,2.813614845275878906e+00,2.825513124465942383e+00,2.531878709793090820e+00,2.559837579727172852e+00,2.346167087554931641e+00,2.374705791473388672e+00,2.258748292922973633e+00,2.326999664306640625e+00,2.183418273925781250e+00,2.228330373764038086e+00,2.298187255859375000e+00
2.582275867462158203e+00,2.406371355056762695e+00,2.638180971145629883e+00,2.442056179046630859e+00,2.084770917892456055e+00,2.004253149032592773e+00,1.652590990066528320e+00,1.555622100830078125e+00,1.192848563194274902e+00,1.182562947273254395e+00,9.724559783935546875e-01,7.382755875587463379e-01,4.052481651306152344e-01,0.000000000000000000e+00,3.808580040931701660e-01,2.238717555999755859e+00,2.204484462738037109e+00,2.503970623016357422e+00,2.455033302307128906e+00,2.095662117004394531e+00,2.040100812911987305e+00,1.702798843383789062e+00,1.634600162506103516e+00,1.297696709632873535e+00,1.315515756607055664e+00,1.112043738365173340e+00,9.482254385948181152e-01,6.504470705986022949e-01,5.313525199890136719e-01,5.766174793243408203e-01,2.240144014358520508e+00,2.201615095138549805e+00,2.532487869262695312e+00,2.531672239303588867e+00,2.180028438568115234e+00,2.163432359695434570e+00,1.851746678352355957e+00,1.829165458679199219e+00,1.543579339981079102e+00,1.594854950904846191e+00,1.406988978385925293e+00,1.357355475425720215e+00,1.055558800697326660e+00,1.057343363761901855e+00,1.053293824195861816e+00,2.382020950317382812e+00,2.339188814163208008e+00,2.663950920104980469e+00,2.689040899276733398e+00,2.353323221206665039e+00,2.370272636413574219e+00,2.090899467468261719e+00,2.113401651382446289e+00,1.881795167922973633e+00,1.962911367416381836e+00,1.821960568428039551e+00,1.814363718032836914e+00,1.593558549880981445e+00,1.567757487297058105e+00,1.571094632148742676e+00,2.660739898681640625e+00,2.600643157958984375e+00,2.903015613555908203e+00,2.921132802963256836e+00,2.596331357955932617e+00,2.657354354858398438e+00,2.388914585113525391e+00,2.474218368530273438e+00,2.284931898117065430e+00,2.379375219345092773e+00,2.283530473709106445e+00,2.327302217483520508e+00,2.119854927062988281e+00,2.114698171615600586e+00,2.130755186080932617e+00
2.218847036361694336e+00,2.030448913574218750e+00,2.261894464492797852e+00,2.067214727401733398e+00,1.709542512893676758e+00,1.645374417304992676e+00,1.301851630210876465e+00,1.252970218658447266e+00,9.142848849296569824e-01,1.013792753219604492e+00,9.142944812774658203e-01,8.382775783538818359e-01,6.361303329467773438e-01,3.808580040931701660e-01,0.000000000000000000e+00,1.901477217674255371e+00,1.847463607788085938e+00,2.148191213607788086e+00,2.104238271713256836e+00,1.746024012565612793e+00,1.707576513290405273e+00,1.386527776718139648e+00,1.366551518440246582e+00,1.072378158569335938e+00,1.186236619949340820e+00,1.091916799545288086e+00,1.056320548057556152e+00,8.600950241088867188e-01,7.226848006248474121e-01,5.326299071311950684e-01,1.946064591407775879e+00,1.888415694236755371e+00,2.214885711669921875e+00,2.218406438827514648e+00,1.874807834625244141e+00,1.875034093856811523e+00,1.589860796928405762e+00,1.611099839210510254e+00,1.381557464599609375e+00,1.505826354026794434e+00,1.409048795700073242e+00,1.455528974533081055e+00,1.183138608932495117e+00,1.191329479217529297e+00,1.063557505607604980e+00,2.142245292663574219e+00,2.084131002426147461e+00,2.394445180892944336e+00,2.421966314315795898e+00,2.100952625274658203e+00,2.132602214813232422e+00,1.884094476699829102e+00,1.942906856536865234e+00,1.768563985824584961e+00,1.900324583053588867e+00,1.836871862411499023e+00,1.898376941680908203e+00,1.660045742988586426e+00,1.667305469512939453e+00,1.591596364974975586e+00,2.479130744934082031e+00,2.407719850540161133e+00,2.687076091766357422e+00,2.705138683319091797e+00,2.398969650268554688e+00,2.469786405563354492e+00,2.232904195785522461e+00,2.340402364730834961e+00,2.203108549118041992e+00,2.326239347457885742e+00,2.293908119201660156e+00,2.389109373092651367e+00,2.167131900787353516e+00,2.196324348449707031e+00,2.158505678176879883e+00
6.240168213844299316e-01,7.265045642852783203e-01,8.936918973922729492e-01,1.067928910255432129e+00,1.040791511535644531e+00,1.393737316131591797e+00,1.478443741798400879e+00,1.836163520812988281e+00,1.905582070350646973e+00,2.288998365402221680e+00,2.492587089538574219e+00,2.627698898315429688e+00,2.530715227127075195e+00,2.238717555999755859e+00,1.901477217674255371e+00,0.000000000000000000e+00,3.779687881469726562e-01,6.743506789207458496e-01,9.956118464469909668e-01,9.939412474632263184e-01,1.357254862785339355e+00,1.472946882247924805e+00,1.832160949707031250e+00,1.934196352958679199e+00,2.324136495590209961e+00,2.539446830749511719e+00,2.672628164291381836e+00,2.577063083648681641e+00,2.313140153884887695e+00,1.943248748779296875e+00,5.192170739173889160e-01,6.114309430122375488e-01,8.536297678947448730e-01,1.152310132980346680e+00,1.150081396102905273e+00,1.482721209526062012e+00,1.604019284248352051e+00,1.949914455413818359e+00,2.072604656219482422e+00,2.454435348510742188e+00,2.642016172409057617e+00,2.814449787139892578e+00,2.595909595489501953e+00,2.459314584732055664e+00,2.091118097305297852e+00,1.034034132957458496e+00,1.077949762344360352e+00,1.235791802406311035e+00,1.467248558998107910e+00,1.451244115829467773e+00,1.735879659652709961e+00,1.841385483741760254e+00,2.166718482971191406e+00,2.303527593612670898e+00,2.659540176391601562e+00,2.848986148834228516e+00,3.002568006515502930e+00,2.691114187240600586e+00,2.657398700714111328e+00,2.324494600296020508e+00,1.596473455429077148e+00,1.612801432609558105e+00,1.719898223876953125e+00,1.882927775382995605e+00,1.843039631843566895e+00,2.088039636611938477e+00,2.158475160598754883e+00,2.452095270156860352e+00,2.597418308258056641e+00,2.901255369186401367e+00,3.090258836746215820e+00,3.248799324035644531e+00,2.940271854400634766e+00,2.965571641921997070e+00,2.687552452087402344e+00
6.532192230224609375e-01,5.571990609169006348e-01,6.271108388900756836e-01,7.174602150917053223e-01,7.022882103919982910e-01,1.053126335144042969e+00,1.188027262687683105e+00,1.555217385292053223e+00,1.681124925613403320e+00,2.068716526031494141e+00,2.315068244934082031e+00,2.493844032287597656e+00,2.451625585556030273e+00,2.204484462738037109e+00,1.847463607788085938e+00,3.779687881469726562e-01,0.000000000000000000e+00,3.855671882629394531e-01,6.452640295028686523e-01,6.394836306571960449e-01,1.007437109947204590e+00,1.169777989387512207e+00,1.538775682449340820e+00,1.693808913230895996e+00,2.088212728500366211e+00,2.343216419219970703e+00,2.522265434265136719e+00,2.481693029403686523e+00,2.267540693283081055e+00,1.885978817939758301e+00,6.865445971488952637e-01,5.377234816551208496e-01,7.021068930625915527e-01,9.013326764106750488e-01,8.834624886512756348e-01,1.181828856468200684e+00,1.330790638923645020e+00,1.671590805053710938e+00,1.838426947593688965e+00,2.218081235885620117e+00,2.442770719528198242e+00,2.658812046051025391e+00,2.485613107681274414e+00,2.404496669769287109e+00,2.033892869949340820e+00,1.154445528984069824e+00,1.067784547805786133e+00,1.167811751365661621e+00,1.305479168891906738e+00,1.270064234733581543e+00,1.501360297203063965e+00,1.612896203994750977e+00,1.918307423591613770e+00,2.086575031280517578e+00,2.430802583694458008e+00,2.653080463409423828e+00,2.850237369537353516e+00,2.570023059844970703e+00,2.592771530151367188e+00,2.268250226974487305e+00,1.701785326004028320e+00,1.630664348602294922e+00,1.699117183685302734e+00,1.784181594848632812e+00,1.723917126655578613e+00,1.913066983222961426e+00,1.977039098739624023e+00,2.237229347229003906e+00,2.399736881256103516e+00,2.680312633514404297e+00,2.896193742752075195e+00,3.095046043395996094e+00,2.816643714904785156e+00,2.892824172973632812e+00,2.629936218261718750e+00
8.029389381408691406e-01,6.952478289604187012e-01,5.153374075889587402e-01,6.257246732711791992e-01,7.750502824783325195e-01,1.093231916427612305e+00,1.317226767539978027e+00,1.675725102424621582e+00,1.864214062690734863e+00,2.242583513259887695e+00,2.526592493057250977e+00,2.731671094894409180e+00,2.727847099304199219e+00,2.503970623016357422e+00,2.148191213607788086e+00,6.743506789207458496e-01,3.855671882629394531e-01,0.000000000000000000e+00,3.877178728580474854e-01,6.054907441139221191e-01,9.651852250099182129e-01,1.229359149932861328e+00,1.598392367362976074e+00,1.819403529167175293e+00,2.210642337799072266e+00,2.505871534347534180e+00,2.714231491088867188e+00,2.714796543121337891e+00,2.524335622787475586e+00,2.143501758575439453e+00,8.469084501266479492e-01,6.027181148529052734e-01,5.186934471130371094e-01,6.672925949096679688e-01,7.907356619834899902e-01,1.082446694374084473e+00,1.327455043792724609e+00,1.673598408699035645e+00,1.906177282333374023e+00,2.288323879241943359e+00,2.558237314224243164e+00,2.801467418670654297e+00,2.669661283493041992e+00,2.609281778335571289e+00,2.234127759933471680e+00,1.224578142166137695e+00,1.065123200416564941e+00,1.032273888587951660e+00,1.116326212882995605e+00,1.164925217628479004e+00,1.379716157913208008e+00,1.565899372100830078e+00,1.874782443046569824e+00,2.103890419006347656e+00,2.452083110809326172e+00,2.719972610473632812e+00,2.945869445800781250e+00,2.688584327697753906e+00,2.741664648056030273e+00,2.407287836074829102e+00,1.725652694702148438e+00,1.604722380638122559e+00,1.586363434791564941e+00,1.628313660621643066e+00,1.623418211936950684e+00,1.787021875381469727e+00,1.908049821853637695e+00,2.159063100814819336e+00,2.374643325805664062e+00,2.655367851257324219e+00,2.914044857025146484e+00,3.138851165771484375e+00,2.879127264022827148e+00,2.986107110977172852e+00,2.709870815277099609e+00
1.123452782630920410e+00,9.077640771865844727e-01,6.690909266471862793e-01,5.461161136627197266e-01,6.783727407455444336e-01,8.797199130058288574e-01,1.133470654487609863e+00,1.455858469009399414e+00,1.687234401702880859e+00,2.043692827224731445e+00,2.358421564102172852e+00,2.588718891143798828e+00,2.635098934173583984e+00,2.455033302307128906e+00,2.104238271713256836e+00,9.956118464469909668e-01,6.452640295028686523e-01,3.877178728580474854e-01,0.000000000000000000e+00,3.725967407226562500e-01,6.497855186462402344e-01,9.713466167449951172e-01,1.319673061370849609e+00,1.588852882385253906e+00,1.965561985969543457e+00,2.291762351989746094e+00,2.532098531723022461e+00,2.584557533264160156e+00,2.442586660385131836e+00,2.069500684738159180e+00,1.089094400405883789e+00,7.480589747428894043e-01,6.072450876235961914e-01,4.973219037055969238e-01,5.743829607963562012e-01,7.677795290946960449e-01,1.048401951789855957e+00,1.371061444282531738e+00,1.647122383117675781e+00,2.015295028686523438e+00,2.317517995834350586e+00,2.592758893966674805e+00,2.510148048400878906e+00,2.499900102615356445e+00,2.136184930801391602e+00,1.381983876228332520e+00,1.126568794250488281e+00,1.057513594627380371e+00,1.001761198043823242e+00,1.002062320709228516e+00,1.122949242591857910e+00,1.306496262550354004e+00,1.580045938491821289e+00,1.838230609893798828e+00,2.166967153549194336e+00,2.463396549224853516e+00,2.724476099014282227e+00,2.503713607788085938e+00,2.608890771865844727e+00,2.292327642440795898e+00,1.828507900238037109e+00,1.630249381065368652e+00,1.591642022132873535e+00,1.539775133132934570e+00,1.494532942771911621e+00,1.581015944480895996e+00,1.682427763938903809e+00,1.887433052062988281e+00,2.114369630813598633e+00,2.366648912429809570e+00,2.647453784942626953e+00,2.905781269073486328e+00,2.680389404296875000e+00,2.834258317947387695e+00,2.579969882965087891e+00
1.198229670524597168e+00,9.311683177947998047e-01,8.301356434822082520e-01,5.963555574417114258e-01,4.998474121093750000e-01,6.361684203147888184e-01,8.070175647735595703e-01,1.124668955802917480e+00,1.327087998390197754e+00,1.686195254325866699e+00,1.992022514343261719e+00,2.216518163681030273e+00,2.264913320541381836e+00,2.095662117004394531e+00,1.746024012565612793e+00,9.939412474632263184e-01,6.394836306571960449e-01,6.054907441139221191e-01,3.725967407226562500e-01,0.000000000000000000e+00,3.791111409664154053e-01,6.279748678207397461e-01,9.939583539962768555e-01,1.234930992126464844e+00,1.619466543197631836e+00,1.933665394783020020e+00,2.170912027359008789e+00,2.222319841384887695e+00,2.093509197235107422e+00,1.721559286117553711e+00,1.086270093917846680e+00,7.447808384895324707e-01,7.763214707374572754e-01,6.582357287406921387e-01,4.877898991107940674e-01,6.192873120307922363e-01,7.869782447814941406e-01,1.102919697761535645e+00,1.339350938796997070e+00,1.706632971763610840e+00,1.988367795944213867e+00,2.262263774871826172e+00,2.172049522399902344e+00,2.179463148117065430e+00,1.824770450592041016e+00,1.385745048522949219e+00,1.130847692489624023e+00,1.171130418777465820e+00,1.108034729957580566e+00,9.761875271797180176e-01,1.057654023170471191e+00,1.137346029281616211e+00,1.386152625083923340e+00,1.593438863754272461e+00,1.910159826278686523e+00,2.178851127624511719e+00,2.436722278594970703e+00,2.214947700500488281e+00,2.328628778457641602e+00,2.032703638076782227e+00,1.839306712150573730e+00,1.638554573059082031e+00,1.675953149795532227e+00,1.618195056915283203e+00,1.485543012619018555e+00,1.554280161857604980e+00,1.572007775306701660e+00,1.758531808853149414e+00,1.929974436759948730e+00,2.165245532989501953e+00,2.413994550704956055e+00,2.668653011322021484e+00,2.444808006286621094e+00,2.600547075271606445e+00,2.374661684036254883e+00
1.530357599258422852e+00,1.219981431961059570e+00,1.109423041343688965e+00,7.801991105079650879e-01,6.311180591583251953e-01,5.109535455703735352e-01,6.502958536148071289e-01,8.769626617431640625e-01,1.127897024154663086e+00,1.446967720985412598e+00,1.784025788307189941e+00,2.039098739624023438e+00,2.147599220275878906e+00,2.040100812911987305e+00,1.707576513290405273e+00,1.357254862785339355e+00,1.007437109947204590e+00,9.651852250099182129e-01,6.497855186462402344e-01,3.791111409664154053e-01,0.000000000000000000e+00,3.683285713195800781e-01,6.787590384483337402e-01,9.853442907333374023e-01,1.340935111045837402e+00,1.687750816345214844e+00,1.965920329093933105e+00,2.079865217208862305e+00,2.019182682037353516e+00,1.671252131462097168e+00,1.425460815429687500e+00,1.076342701911926270e+00,1.088867306709289551e+00,8.613968491554260254e-01,6.228352785110473633e-01,4.982464611530303955e-01,5.884606242179870605e-01,8.178429603576660156e-01,1.092106223106384277e+00,1.424499630928039551e+00,1.735431671142578125e+00,2.049498081207275391e+00,2.017640829086303711e+00,2.093948364257812500e+00,1.770443439483642578e+00,1.668070793151855469e+00,1.375251889228820801e+00,1.405556678771972656e+00,1.250259518623352051e+00,1.056815028190612793e+00,1.000827670097351074e+00,1.008341670036315918e+00,1.167456746101379395e+00,1.377369999885559082e+00,1.647977352142333984e+00,1.935381531715393066e+00,2.234296321868896484e+00,2.061609268188476562e+00,2.236706256866455078e+00,1.980039000511169434e+00,2.067933797836303711e+00,1.821825981140136719e+00,1.857160687446594238e+00,1.728304386138916016e+00,1.546281695365905762e+00,1.525380730628967285e+00,1.485078930854797363e+00,1.594633698463439941e+00,1.746665716171264648e+00,1.928180813789367676e+00,2.185109376907348633e+00,2.476689577102661133e+00,2.298680543899536133e+00,2.504468202590942383e+00,2.320157766342163086e+00
