,A1,A2,A3,A4,A5,A6,A7,A8,A9,A10,A11,A12,A13,A14,A15,B1,B2,B3,B4,B5,B6,B7,B8,B9,B10,B11,B12,B13,B14,B15,C1,C2,C3,C4,C5,C6,C7,C8,C9,C10,C11,C12,C13,C14,C15,D1,D2,D3,D4,D5,D6,D7,D8,D9,D10,D11,D12,D13,D14,D15,E1,E2,E3,E4,E5,E6,E7,E8,E9,E10,E11,E12,E13,E14,E15
A1,0.0,0.38550087809562683,0.5875493288040161,0.8912284970283508,1.002724051475525,1.3732824325561523,1.5430309772491455,1.91220223903656,2.0355589389801025,2.4275565147399902,2.668041467666626,2.67041015625,2.390493869781494,2.2910001277923584,1.9120771884918213,0.7506797909736633,0.8094902038574219,0.9825645089149475,1.1792607307434082,1.2836412191390991,1.5957926511764526,1.7764062881469727,2.1255910396575928,2.2633471488952637,2.6360621452331543,2.8782923221588135,2.9137017726898193,2.593034029006958,2.615807294845581,2.266334056854248,1.4797834157943726,1.4633302688598633,1.5564165115356445,1.7154022455215454,1.748561143875122,1.9953786134719849,2.133554458618164,2.4435460567474365,2.5895533561706543,2.921640634536743,3.1361308097839355,3.245051145553589,2.9399898052215576,3.028242588043213,2.7205374240875244,2.1844847202301025,2.1389260292053223,2.2061452865600586,2.2929701805114746,2.2889957427978516,2.488767623901367,2.5742290019989014,2.8410284519195557,2.9865028858184814,3.2730112075805664,3.4863381385803223,3.635549306869507,3.39845609664917,3.509408712387085,3.2552592754364014,2.8243260383605957,2.7618048191070557,2.8475124835968018,2.8668458461761475,2.843853235244751,3.0121560096740723,3.04246187210083,3.2460920810699463,3.3994805812835693,3.531360149383545,3.7561392784118652,3.7212421894073486,4.073690414428711,4.130199909210205,4.415414810180664
A2,0.38550087809562683,0.0,0.3928382396697998,0.5575576424598694,0.6221745610237122,0.9894035458564758,1.1677244901657104,1.534264326095581,1.6798652410507202,2.0693976879119873,2.3304693698883057,2.363032817840576,2.107213020324707,2.0448055267333984,1.663025140762329,0.7917842864990234,0.6690500378608704,0.8790539503097534,0.9540639519691467,0.9922114610671997,1.2647407054901123,1.4317665100097656,1.7652053833007812,1.9163093566894531,2.2810351848602295,2.5390565395355225,2.6027896404266357,2.301992416381836,2.367262363433838,2.029451370239258,1.4773073196411133,1.3693140745162964,1.4780919551849365,1.5585733652114868,1.5339288711547852,1.733913779258728,1.8421900272369385,2.12469220161438,2.272871494293213,2.587209463119507,2.8110122680664062,2.9453999996185303,2.6608171463012695,2.7873291969299316,2.499274969100952,2.166712522506714,2.0605435371398926,2.1425461769104004,2.1722145080566406,2.120870351791382,2.2795751094818115,2.3298983573913574,2.5656745433807373,2.705465793609619,2.968165397644043,3.1836140155792236,3.3538849353790283,3.1386492252349854,3.283231019973755,3.0516855716705322,2.794426679611206,2.687755823135376,2.789278507232666,2.764805793762207,2.7014496326446533,2.837682008743286,2.830608606338501,3.006134033203125,3.140014886856079,3.2448089122772217,3.4530673027038574,3.3948259353637695,3.742481231689453,3.7838470935821533,4.065067291259766
A3,0.5875493288040161,0.3928382396697998,0.0,0.38160011172294617,0.6682400703430176,0.9782765507698059,1.2539641857147217,1.605584740638733,1.8138372898101807,2.1934096813201904,2.4939987659454346,2.563108444213867,2.3488457202911377,2.3000948429107666,1.9236751794815063,0.896909236907959,0.7002187371253967,0.7144768238067627,0.7625213861465454,0.9251919984817505,1.1597462892532349,1.4175323247909546,1.74656343460083,1.9632797241210938,2.332324743270874,2.630098819732666,2.7252824306488037,2.455092191696167,2.534919261932373,2.1921322345733643,1.4910542964935303,1.3400161266326904,1.344714641571045,1.3835891485214233,1.4274256229400635,1.5910993814468384,1.7654712200164795,2.0435147285461426,2.2504844665527344,2.573369026184082,2.8392958641052246,3.0002670288085938,2.7381317615509033,2.8818600177764893,2.5829203128814697,2.140164375305176,2.001386880874634,2.015007734298706,2.0081756114959717,1.9997117519378662,2.124302387237549,2.2196290493011475,2.44576096534729,2.6349053382873535,2.9044370651245117,3.1589245796203613,3.3548312187194824,3.164395332336426,3.3198182582855225,3.0740535259246826,2.745462417602539,2.6088201999664307,2.6609177589416504,2.607050895690918,2.573194742202759,2.6766464710235596,2.698817253112793,2.8534209728240967,3.0230047702789307,3.115305185317993,3.352228879928589,3.2981536388397217,3.6322274208068848,3.6990408897399902,3.9567103385925293
A4,0.8912284970283508,0.5575576424598694,0.38160011172294617,0.0,0.3755855858325958,0.6105956435203552,0.9228143095970154,1.25371253490448,1.495300531387329,1.8606809377670288,2.1829261779785156,2.2868404388427734,2.107901096343994,2.100842237472534,1.738280177116394,1.0745604038238525,0.765155553817749,0.8064929246902466,0.6648892760276794,0.7161341905593872,0.8559589385986328,1.1022629737854004,1.4010683298110962,1.6400760412216187,1.9936671257019043,2.309236764907837,2.4373297691345215,2.1965160369873047,2.322274684906006,2.0023326873779297,1.5816584825515747,1.3528528213500977,1.37909996509552,1.322064995765686,1.2884122133255005,1.3789104223251343,1.5108035802841187,1.7465856075286865,1.9567006826400757,2.2541990280151367,2.530256986618042,2.7197842597961426,2.485058069229126,2.6696248054504395,2.3983376026153564,2.188647747039795,1.9949272871017456,2.0290615558624268,1.9609274864196777,1.894964575767517,1.966995120048523,2.015972375869751,2.19994854927063,2.3799123764038086,2.618162155151367,2.873218297958374,3.091707229614258,2.9276204109191895,3.1185877323150635,2.901383876800537,2.7676711082458496,2.590660810470581,2.662701368331909,2.5647945404052734,2.4842493534088135,2.5508503913879395,2.5274083614349365,2.6474697589874268,2.7910659313201904,2.8507213592529297,3.066133499145508,2.9844255447387695,3.3124332427978516,3.360912561416626,3.614412307739258
A5,1.002724051475525,0.6221745610237122,0.6682400703430176,0.3755855858325958,0.0,0.3826652765274048,0.5873096585273743,0.9496545195579529,1.1463329792022705,1.5254279375076294,1.8291937112808228,1.9179742336273193,1.7324467897415161,1.731702446937561,1.3727768659591675,1.0812236070632935,0.7579433917999268,0.9395449757575989,0.7599956393241882,0.6113696098327637,0.740212619304657,0.8646323680877686,1.1629328727722168,1.3464124202728271,1.6985193490982056,1.9895814657211304,2.1046671867370605,1.8526499271392822,1.9908851385116577,1.685211420059204,1.558416485786438,1.3168665170669556,1.4371577501296997,1.3707952499389648,1.2334476709365845,1.3234368562698364,1.363142967224121,1.584839105606079,1.7365070581436157,2.0186896324157715,2.2616806030273438,2.4397661685943604,2.1979870796203613,2.389517068862915,2.1407129764556885,2.1570050716400146,1.9575858116149902,2.0593020915985107,1.9917515516281128,1.857909083366394,1.935883641242981,1.9185268878936768,2.0924768447875977,2.2191309928894043,2.4385831356048584,2.6578404903411865,2.8626468181610107,2.6892192363739014,2.8882944583892822,2.69714617729187,2.731985330581665,2.5565340518951416,2.680678606033325,2.585523843765259,2.4548206329345703,2.532925844192505,2.46043062210083,2.5848801136016846,2.681896209716797,2.7416062355041504,2.9209368228912354,2.8283767700195312,3.1680710315704346,3.1890292167663574,3.465912103652954
A6,1.3732824325561523,0.9894035458564758,0.9782765507698059,0.6105956435203552,0.3826652765274048,0.0,0.37588968873023987,0.6501224637031555,0.9345865249633789,1.27248215675354,1.6175544261932373,1.7713559865951538,1.6485421657562256,1.7179030179977417,1.4008721113204956,1.4335317611694336,1.0832655429840088,1.2088614702224731,0.930698037147522,0.7210853695869446,0.6320590972900391,0.6981648802757263,0.896486222743988,1.128054141998291,1.4392213821411133,1.7640860080718994,1.938237190246582,1.7430659532546997,1.9483318328857422,1.6884394884109497,1.820656657218933,1.530614972114563,1.6308574676513672,1.4782581329345703,1.2932205200195312,1.271233081817627,1.2570973634719849,1.3923841714859009,1.5538219213485718,1.785595178604126,2.0482988357543945,2.2730910778045654,2.081044912338257,2.3276352882385254,2.1213793754577637,2.352247953414917,2.1068384647369385,2.2033321857452393,2.07319974899292,1.9007370471954346,1.9058598279953003,1.8436626195907593,1.9501266479492188,2.071732997894287,2.241208076477051,2.465975284576416,2.7054691314697266,2.5761539936065674,2.819797992706299,2.665227174758911,2.8826615810394287,2.6680190563201904,2.7931337356567383,2.651216506958008,2.486738681793213,2.513390064239502,2.3992934226989746,2.4715614318847656,2.5427441596984863,2.553150177001953,2.7067065238952637,2.5746212005615234,2.897634506225586,2.895932197570801,3.157528877258301
A7,1.5430309772491455,1.1677244901657104,1.2539641857147217,0.9228143095970154,0.5873096585273743,0.37588968873023987,0.0,0.3800521194934845,0.5741554498672485,0.9407628774642944,1.262242317199707,1.3978022336959839,1.2759674787521362,1.3610817193984985,1.0673909187316895,1.5204306840896606,1.1974939107894897,1.4011679887771606,1.139838695526123,0.8299824595451355,0.7423462867736816,0.6012992262840271,0.7487147450447083,0.8678160309791565,1.167267918586731,1.4530539512634277,1.6093546152114868,1.4036022424697876,1.629381775856018,1.400126576423645,1.8558876514434814,1.5746228694915771,1.7484978437423706,1.6056190729141235,1.3450243473052979,1.3300195932388306,1.2119672298431396,1.318806767463684,1.390899658203125,1.5939781665802002,1.8055752515792847,2.0113823413848877,1.8132305145263672,2.0657379627227783,1.8930816650390625,2.358090877532959,2.118293046951294,2.2748029232025146,2.1553916931152344,1.927602767944336,1.9440983533859253,1.8162678480148315,1.9108833074569702,1.964519739151001,2.109020709991455,2.2843234539031982,2.501546859741211,2.3612112998962402,2.609659433364868,2.4872348308563232,2.87184739112854,2.6660587787628174,2.8389623165130615,2.7071168422698975,2.499941110610962,2.542100191116333,2.383147716522217,2.4628591537475586,2.4822819232940674,2.497175693511963,2.607706069946289,2.46923565864563,2.8028650283813477,2.7710514068603516,3.059770345687866
A8,1.91220223903656,1.534264326095581,1.605584740638733,1.25371253490448,0.9496545195579529,0.6501224637031555,0.3800521194934845,0.0,0.3764367997646332,0.6333145499229431,0.9998405575752258,1.2191572189331055,1.183459758758545,1.360839605331421,1.1526986360549927,1.8923736810684204,1.56584632396698,1.7484111785888672,1.4544967412948608,1.1368043422698975,0.9442775845527649,0.7179335355758667,0.6513984203338623,0.735886812210083,0.9221832156181335,1.218697190284729,1.4416669607162476,1.3131511211395264,1.6143079996109009,1.4637378454208374,2.1772654056549072,1.8788375854492188,2.046696901321411,1.8594167232513428,1.5696176290512085,1.4764312505722046,1.291296362876892,1.2855916023254395,1.3186185359954834,1.4282615184783936,1.6266907453536987,1.8733623027801514,1.7373400926589966,2.041530132293701,1.9336222410202026,2.6237800121307373,2.360379457473755,2.52203369140625,2.3645920753479004,2.103717565536499,2.0650479793548584,1.8849045038223267,1.9063307046890259,1.9253721237182617,1.9985071420669556,2.1513028144836426,2.391498327255249,2.2969610691070557,2.586322069168091,2.5154738426208496,3.093745470046997,2.865316867828369,3.04744553565979,2.8854212760925293,2.645735263824463,2.6489360332489014,2.4451212882995605,2.4768455028533936,2.452237606048584,2.417668581008911,2.4797074794769287,2.2956583499908447,2.6081326007843018,2.534541606903076,2.813615560531616
A9,2.0355589389801025,1.6798652410507202,1.8138372898101807,1.495300531387329,1.1463329792022705,0.9345865249633789,0.5741554498672485,0.3764367997646332,0.0,0.3970656991004944,0.6887178421020508,0.8538824915885925,0.8172969222068787,1.0064144134521484,0.8545470237731934,1.941565752029419,1.65479576587677,1.8907244205474854,1.6309502124786377,1.2742483615875244,1.1403825283050537,0.8275042176246643,0.755231499671936,0.6364714503288269,0.7839925289154053,0.9811946153640747,1.1490830183029175,0.9915339350700378,1.3034634590148926,1.1966121196746826,2.1773734092712402,1.9057152271270752,2.131943702697754,1.9750059843063354,1.6459155082702637,1.591275691986084,1.3438396453857422,1.3407957553863525,1.26877760887146,1.355587124824524,1.4701403379440308,1.6668791770935059,1.510088562965393,1.7987217903137207,1.72477126121521,2.5933592319488525,2.3511159420013428,2.564547300338745,2.4346747398376465,2.140437602996826,2.1333560943603516,1.91129732131958,1.9432613849639893,1.8930529356002808,1.9556056261062622,2.0455539226531982,2.24141001701355,2.1204562187194824,2.396162509918213,2.352220296859741,3.0463836193084717,2.839477777481079,3.0637214183807373,2.9255969524383545,2.6588902473449707,2.6916816234588623,2.4616355895996094,2.51765775680542,2.450908660888672,2.440958023071289,2.46737003326416,2.2986862659454346,2.623680591583252,2.530906915664673,2.842078685760498
A10,2.4275565147399902,2.0693976879119873,2.1934096813201904,1.8606809377670288,1.5254279375076294,1.27248215675354,0.9407628774642944,0.6333145499229431,0.3970656991004944,0.0,0.38819339871406555,0.6943241357803345,0.8179972171783447,1.101613163948059,1.0818654298782349,2.3318653106689453,2.0433168411254883,2.264794111251831,1.985778570175171,1.628832221031189,1.443189263343811,1.1104614734649658,0.9080613255500793,0.7256043553352356,0.6454005241394043,0.7692760825157166,1.0064700841903687,0.9730381369590759,1.3493423461914062,1.3507713079452515,2.52618670463562,2.246933937072754,2.4680445194244385,2.2829551696777344,1.9386279582977295,1.8327620029449463,1.542425274848938,1.4447664022445679,1.3170263767242432,1.28207528591156,1.340287208557129,1.5611908435821533,1.4852375984191895,1.8128814697265625,1.8205631971359253,2.8889265060424805,2.6331911087036133,2.8520185947418213,2.696140766143799,2.377819299697876,2.3290696144104004,2.0640697479248047,2.029913902282715,1.9337091445922852,1.915732502937317,1.9589736461639404,2.1618268489837646,2.0902843475341797,2.398491859436035,2.4159648418426514,3.2954776287078857,3.074345350265503,3.3085925579071045,3.149282932281494,2.855130672454834,2.8570475578308105,2.587592601776123,2.601781129837036,2.485682964324951,2.432025194168091,2.397913694381714,2.1892075538635254,2.485297203063965,2.3416659832000732,2.6456611156463623
A11,2.668041467666626,2.3304693698883057,2.4939987659454346,2.1829261779785156,1.8291937112808228,1.6175544261932373,1.262242317199707,0.9998405575752258,0.6887178421020508,0.38819339871406555,0.0,0.3774621784687042,0.6225099563598633,0.9495980739593506,1.0625578165054321,2.5379528999328613,2.284813404083252,2.5376741886138916,2.2845304012298584,1.9150075912475586,1.7658475637435913,1.4108359813690186,1.2233614921569824,0.9530991911888123,0.7965933084487915,0.7140615582466125,0.8601905107498169,0.8579400181770325,1.230076789855957,1.3248517513275146,2.6986124515533447,2.4478185176849365,2.704904556274414,2.543854236602783,2.182793378829956,2.102750778198242,1.7832777500152588,1.6838693618774414,1.4808025360107422,1.400810956954956,1.3487221002578735,1.5017246007919312,1.4369268417358398,1.7361392974853516,1.8054301738739014,3.0282626152038574,2.795301914215088,3.0502116680145264,2.9163331985473633,2.578805923461914,2.5506279468536377,2.258219003677368,2.2239184379577637,2.068215847015381,2.0239431858062744,1.9929014444351196,2.143101453781128,2.0613491535186768,2.3521904945373535,2.413135528564453,3.4091222286224365,3.2093393802642822,3.475476026535034,3.335784435272217,3.022430181503296,3.0439329147338867,2.754136323928833,2.780658721923828,2.6243042945861816,2.58375883102417,2.506281614303589,2.307957410812378,2.5967464447021484,2.4252054691314697,2.745832920074463
A12,2.67041015625,2.363032817840576,2.563108444213867,2.2868404388427734,1.9179742336273193,1.7713559865951538,1.3978022336959839,1.2191572189331055,0.8538824915885925,0.6943241357803345,0.3774621784687042,0.0,0.3811597526073456,0.6482225656509399,0.8717755675315857,2.478113889694214,2.2689499855041504,2.5526299476623535,2.339792013168335,1.9638779163360596,1.8767919540405273,1.5125426054000854,1.3911833763122559,1.0655938386917114,0.9707662463188171,0.7886934280395508,0.7534240484237671,0.6618684530258179,0.9701228141784668,1.1098543405532837,2.5974225997924805,2.38460111618042,2.679882049560547,2.5598556995391846,2.19158673286438,2.1653835773468018,1.8384473323822021,1.7885704040527344,1.54007089138031,1.4993036985397339,1.3829134702682495,1.4394068717956543,1.31638765335083,1.5485483407974243,1.6287401914596558,2.9027044773101807,2.703587293624878,2.994162082672119,2.8995754718780518,2.5557820796966553,2.574190139770508,2.2780816555023193,2.2853174209594727,2.095586061477661,2.083014488220215,2.0104639530181885,2.09659481048584,1.9618735313415527,2.205714225769043,2.268256187438965,3.2730443477630615,3.1059279441833496,3.400800943374634,3.296226739883423,2.9788818359375,3.041447401046753,2.75524640083313,2.8239362239837646,2.6579344272613525,2.665393114089966,2.588876247406006,2.4363324642181396,2.7437901496887207,2.590254068374634,2.9375150203704834
A13,2.390493869781494,2.107213020324707,2.3488457202911377,2.107901096343994,1.7324467897415161,1.6485421657562256,1.2759674787521362,1.183459758758545,0.8172969222068787,0.8179972171783447,0.6225099563598633,0.3811597526073456,0.0,0.3957904577255249,0.5720990300178528,2.2333407402038574,2.0586297512054443,2.37852144241333,2.2068099975585938,1.8415775299072266,1.821151852607727,1.4863855838775635,1.456146240234375,1.1683611869812012,1.194846272468567,1.0945414304733276,1.0342915058135986,0.8069901466369629,1.0234322547912598,1.06550931930542,2.4201090335845947,2.2401530742645264,2.5563926696777344,2.4823479652404785,2.132871150970459,2.1653318405151367,1.8764945268630981,1.9003854990005493,1.690608263015747,1.730958104133606,1.6583324670791626,1.6991958618164062,1.504244327545166,1.6853278875350952,1.695128083229065,2.7917070388793945,2.624640703201294,2.922131299972534,2.866722822189331,2.5468082427978516,2.6125094890594482,2.35321044921875,2.416473865509033,2.2599287033081055,2.306246519088745,2.266055107116699,2.3439552783966064,2.163870096206665,2.370954990386963,2.383277416229248,3.2154417037963867,3.0770654678344727,3.3713526725769043,3.2978732585906982,3.0063962936401367,3.105022430419922,2.853146553039551,2.959852933883667,2.8314194679260254,2.8712384700775146,2.836716890335083,2.7047691345214844,3.031066417694092,2.903204917907715,3.252120018005371
A14,2.2910001277923584,2.0448055267333984,2.3000948429107666,2.100842237472534,1.731702446937561,1.7179030179977417,1.3610817193984985,1.360839605331421,1.0064144134521484,1.101613163948059,0.9495980739593506,0.6482225656509399,0.3957904577255249,0.0,0.3819047808647156,2.036902904510498,1.9083130359649658,2.24162220954895,2.1148641109466553,1.7591370344161987,1.8041843175888062,1.4842758178710938,1.5278196334838867,1.2271976470947266,1.3304859399795532,1.219525933265686,1.055479645729065,0.7288020253181458,0.7869147062301636,0.788899302482605,2.157109022140503,2.016819953918457,2.361719846725464,2.3306338787078857,1.987029790878296,2.0770699977874756,1.80111563205719,1.8857935667037964,1.6623142957687378,1.7660043239593506,1.6796869039535522,1.6498308181762695,1.3841880559921265,1.4817492961883545,1.4518630504608154,2.498900890350342,2.366246461868286,2.6899571418762207,2.6753721237182617,2.3613028526306152,2.4764208793640137,2.2315220832824707,2.345907211303711,2.1805763244628906,2.2785120010375977,2.2309036254882812,2.2615115642547607,2.0261032581329346,2.1770293712615967,2.157766103744507,2.915731191635132,2.8091437816619873,3.1216988563537598,3.083998680114746,2.800330400466919,2.940565824508667,2.7079248428344727,2.8602211475372314,2.7428812980651855,2.8350489139556885,2.8251078128814697,2.7451930046081543,3.0926923751831055,3.0026402473449707,3.3716728687286377
A15,1.9120771884918213,1.663025140762329,1.9236751794815063,1.738280177116394,1.3727768659591675,1.4008721113204956,1.0673909187316895,1.1526986360549927,0.8545470237731934,1.0818654298782349,1.0625578165054321,0.8717755675315857,0.5720990300178528,0.3819047808647156,0.0,1.6876078844070435,1.5519492626190186,1.8965314626693726,1.7830764055252075,1.439860463142395,1.5248409509658813,1.2464139461517334,1.3655452728271484,1.1367151737213135,1.3406111001968384,1.3406062126159668,1.2446728944778442,0.8912654519081116,0.9575223326683044,0.8002771735191345,1.8832658529281616,1.7376724481582642,2.0756359100341797,2.0595579147338867,1.7384285926818848,1.8569966554641724,1.6282196044921875,1.7663880586624146,1.6108497381210327,1.7816035747528076,1.776437759399414,1.7928532361984253,1.5017539262771606,1.6141217947006226,1.4990804195404053,2.304044008255005,2.1694326400756836,2.4706873893737793,2.4639973640441895,2.178354263305664,2.30981707572937,2.1076879501342773,2.256078004837036,2.1488142013549805,2.2926292419433594,2.3081493377685547,2.375433921813965,2.134140729904175,2.2887134552001953,2.212139368057251,2.7794041633605957,2.669494390487671,2.9562392234802246,2.9206738471984863,2.6665008068084717,2.812908887863159,2.6150996685028076,2.7796263694763184,2.7103989124298096,2.8099443912506104,2.848313093185425,2.7713449001312256,3.1304142475128174,3.068070888519287,3.4271178245544434
B1,0.7506797909736633,0.7917842864990234,0.896909236907959,1.0745604038238525,1.0812236070632935,1.4335317611694336,1.5204306840896606,1.8923736810684204,1.941565752029419,2.3318653106689453,2.5379528999328613,2.478113889694214,2.2333407402038574,2.036902904510498,1.6876078844070435,0.0,0.38369375467300415,0.6171335577964783,0.900990903377533,0.9796271920204163,1.3674688339233398,1.518112301826477,1.9022676944732666,1.9875210523605347,2.384753942489624,2.590242385864258,2.559392213821411,2.228346586227417,2.1645383834838867,1.7915784120559692,0.7374245524406433,0.7766548991203308,0.9546988606452942,1.1992357969284058,1.224904179573059,1.561607003211975,1.700137734413147,2.0640194416046143,2.1759514808654785,2.549492359161377,2.7372677326202393,2.7845568656921387,2.4508864879608154,2.47249436378479,2.1297881603240967,1.4471548795700073,1.4268457889556885,1.5452028512954712,1.688173532485962,1.6757813692092896,1.9451755285263062,2.0387723445892334,2.3592031002044678,2.4810023307800293,2.810927391052246,3.0059654712677,3.105642557144165,2.8347883224487305,2.891707181930542,2.6064209938049316,2.090414524078369,2.0479822158813477,2.168783187866211,2.225778579711914,2.1952364444732666,2.4158012866973877,2.4585297107696533,2.715118169784546,2.8664419651031494,3.058528184890747,3.2953274250030518,3.3236193656921387,3.693260669708252,3.7861690521240234,4.100059986114502
B2,0.8094902038574219,0.6690500378608704,0.7002187371253967,0.765155553817749,0.7579433917999268,1.0832655429840088,1.1974939107894897,1.56584632396698,1.65479576587677,2.0433168411254883,2.284813404083252,2.2689499855041504,2.0586297512054443,1.9083130359649658,1.5519492626190186,0.38369375467300415,0.0,0.3982768654823303,0.5550854802131653,0.607360303401947,0.9907241463661194,1.167599081993103,1.5517417192459106,1.6760070323944092,2.075598955154419,2.315390110015869,2.327193260192871,2.023564100265503,2.0152759552001953,1.6472150087356567,0.8463465571403503,0.7002884745597839,0.8519205451011658,0.9791160821914673,0.9587098360061646,1.2492109537124634,1.3875458240509033,1.735634446144104,1.876178503036499,2.2427821159362793,2.460175037384033,2.5477631092071533,2.240302801132202,2.3154966831207275,1.9867154359817505,1.5101513862609863,1.3920178413391113,1.4954874515533447,1.5502572059631348,1.4973535537719727,1.7102190256118774,1.7839809656143188,2.074230194091797,2.2126097679138184,2.5249035358428955,2.7408392429351807,2.876610279083252,2.636740207672119,2.7393383979797363,2.4720256328582764,2.1302924156188965,2.0203351974487305,2.1366171836853027,2.1281039714813232,2.062836170196533,2.2343575954437256,2.246586322784424,2.4667279720306396,2.6133196353912354,2.77241849899292,3.0053560733795166,3.0087647438049316,3.3722643852233887,3.458134889602661,3.761213541030884
B3,0.9825645089149475,0.8790539503097534,0.7144768238067627,0.8064929246902466,0.9395449757575989,1.2088614702224731,1.4011679887771606,1.7484111785888672,1.8907244205474854,2.264794111251831,2.5376741886138916,2.5526299476623535,2.37852144241333,2.24162220954895,1.8965314626693726,0.6171335577964783,0.3982768654823303,0.0,0.3793680667877197,0.6628404259681702,0.9928093552589417,1.2674616575241089,1.6388790607452393,1.8248344659805298,2.2229080200195312,2.4959967136383057,2.5335114002227783,2.2637076377868652,2.2625763416290283,1.8980498313903809,0.8683996796607971,0.6848303079605103,0.6316956877708435,0.7423843145370483,0.8665655255317688,1.1355692148208618,1.3733794689178467,1.723753809928894,1.9286065101623535,2.306520700454712,2.564305543899536,2.6715331077575684,2.3884010314941406,2.4706757068634033,2.1301991939544678,1.4515935182571411,1.3037413358688354,1.302884578704834,1.329539179801941,1.3553651571273804,1.5456141233444214,1.6941231489181519,1.9872105121612549,2.1853346824645996,2.5138256549835205,2.7715017795562744,2.9270923137664795,2.711005687713623,2.813786745071411,2.524789810180664,2.04032826423645,1.9025548696517944,1.9503167867660522,1.918238639831543,1.9039335250854492,2.0491912364959717,2.112996816635132,2.3220484256744385,2.518502712249756,2.676408529281616,2.9480948448181152,2.968320369720459,3.317939043045044,3.4386165142059326,3.7183473110198975
B4,1.1792607307434082,0.9540639519691467,0.7625213861465454,0.6648892760276794,0.7599956393241882,0.930698037147522,1.139838695526123,1.4544967412948608,1.6309502124786377,1.985778570175171,2.2845304012298584,2.339792013168335,2.2068099975585938,2.1148641109466553,1.7830764055252075,0.900990903377533,0.5550854802131653,0.3793680667877197,0.0,0.37761297821998596,0.6319454312324524,0.947298526763916,1.299367070198059,1.5259641408920288,1.9138460159301758,2.2151427268981934,2.2936019897460938,2.059760093688965,2.111848831176758,1.7689611911773682,1.091407299041748,0.7959030270576477,0.7507715821266174,0.6582755446434021,0.6838037371635437,0.8523021340370178,1.0818179845809937,1.4007943868637085,1.6341381072998047,1.995660424232483,2.2789714336395264,2.425150156021118,2.1749846935272217,2.3094451427459717,1.9957233667373657,1.595406413078308,1.3672547340393066,1.3743174076080322,1.2971645593643188,1.2538201808929443,1.3622242212295532,1.4699918031692505,1.7174785137176514,1.9256278276443481,2.226924180984497,2.500117778778076,2.6902148723602295,2.5084378719329834,2.6572628021240234,2.3966853618621826,2.138610601425171,1.9424728155136108,2.0010643005371094,1.9012945890426636,1.8343567848205566,1.921505093574524,1.9366679191589355,2.099778652191162,2.2796425819396973,2.398000955581665,2.6576507091522217,2.648602247238159,2.991745948791504,3.100593090057373,3.37152099609375
B5,1.2836412191390991,0.9922114610671997,0.9251919984817505,0.7161341905593872,0.6113696098327637,0.7210853695869446,0.8299824595451355,1.1368043422698975,1.2742483615875244,1.628832221031189,1.9150075912475586,1.9638779163360596,1.8415775299072266,1.7591370344161987,1.439860463142395,0.9796271920204163,0.607360303401947,0.6628404259681702,0.37761297821998596,0.0,0.3894053101539612,0.6062883138656616,0.98248291015625,1.1706856489181519,1.5654677152633667,1.8538827896118164,1.9288150072097778,1.6913849115371704,1.7654722929000854,1.433969497680664,1.1535638570785522,0.828462541103363,0.927820086479187,0.7999539375305176,0.6221027970314026,0.7584174871444702,0.8571528196334839,1.166003942489624,1.347876787185669,1.6998776197433472,1.9610799551010132,2.1070942878723145,1.853159785270691,2.0098438262939453,1.7193818092346191,1.6412423849105835,1.3936245441436768,1.4897050857543945,1.3958203792572021,1.2466105222702026,1.340285062789917,1.3491337299346924,1.5736545324325562,1.724542498588562,2.0017120838165283,2.2440319061279297,2.431133270263672,2.2455790042877197,2.416934013366699,2.188498020172119,2.173323392868042,1.9688682556152344,2.0911948680877686,1.9820501804351807,1.843501329421997,1.9295196533203125,1.8723978996276855,2.027477264404297,2.149367094039917,2.256099224090576,2.4739935398101807,2.443596363067627,2.799053907394409,2.8757073879241943,3.16839599609375
B6,1.5957926511764526,1.2647407054901123,1.1597462892532349,0.8559589385986328,0.740212619304657,0.6320590972900391,0.7423462867736816,0.9442775845527649,1.1403825283050537,1.443189263343811,1.7658475637435913,1.8767919540405273,1.821151852607727,1.8041843175888062,1.5248409509658813,1.3674688339233398,0.9907241463661194,0.9928093552589417,0.6319454312324524,0.3894053101539612,0.0,0.3781636953353882,0.677804708480835,0.9557193517684937,1.318960428237915,1.653211236000061,1.793001413345337,1.6229640245437622,1.768003225326538,1.4880280494689941,1.4928876161575317,1.139164686203003,1.1882860660552979,0.9445734024047852,0.7220349311828613,0.6394256949424744,0.680431067943573,0.8913891315460205,1.124111533164978,1.4375649690628052,1.7405556440353394,1.944746494293213,1.75039803981781,1.9727329015731812,1.7295702695846558,1.8895611763000488,1.5920817852020264,1.6653274297714233,1.4850531816482544,1.2947911024093628,1.274356722831726,1.231434941291809,1.3691933155059814,1.5343906879425049,1.7628377676010132,2.0286717414855957,2.2634217739105225,2.132704734802246,2.357959747314453,2.1684319972991943,2.3558757305145264,2.1036536693573,2.215841054916382,2.0444769859313965,1.870048999786377,1.8819682598114014,1.7770859003067017,1.8630828857421875,1.9647608995437622,2.012972354888916,2.214745283126831,2.1444852352142334,2.4856643676757812,2.5498220920562744,2.8256852626800537
B7,1.7764062881469727,1.4317665100097656,1.4175323247909546,1.1022629737854004,0.8646323680877686,0.6981648802757263,0.6012992262840271,0.7179335355758667,0.8275042176246643,1.1104614734649658,1.4108359813690186,1.5125426054000854,1.4863855838775635,1.4842758178710938,1.2464139461517334,1.518112301826477,1.167599081993103,1.2674616575241089,0.947298526763916,0.6062883138656616,0.3781636953353882,0.0,0.3859991133213043,0.588130533695221,0.968694269657135,1.286021113395691,1.4224293231964111,1.257973313331604,1.4373421669006348,1.1930357217788696,1.6110875606536865,1.2703866958618164,1.407872200012207,1.1845872402191162,0.8676546216011047,0.7758874893188477,0.6118338704109192,0.7524533867835999,0.875609815120697,1.163460373878479,1.4290326833724976,1.6306970119476318,1.4368139505386353,1.6873887777328491,1.4857871532440186,1.9724600315093994,1.6783391237258911,1.8227112293243408,1.6506725549697876,1.3867887258529663,1.36443293094635,1.2171272039413452,1.3175065517425537,1.3930144309997559,1.5814460515975952,1.7970826625823975,2.021091938018799,1.8867995738983154,2.1341514587402344,1.9877699613571167,2.4134695529937744,2.166238307952881,2.3339834213256836,2.167952537536621,1.9368473291397095,1.955720067024231,1.783992052078247,1.8642361164093018,1.8939515352249146,1.9331333637237549,2.07785701751709,1.9876786470413208,2.3408873081207275,2.3660085201263428,2.6700453758239746
B8,2.1255910396575928,1.7652053833007812,1.74656343460083,1.4010683298110962,1.1629328727722168,0.896486222743988,0.7487147450447083,0.6513984203338623,0.755231499671936,0.9080613255500793,1.2233614921569824,1.3911833763122559,1.456146240234375,1.5278196334838867,1.3655452728271484,1.9022676944732666,1.5517417192459106,1.6388790607452393,1.299367070198059,0.98248291015625,0.677804708480835,0.3859991133213043,0.0,0.37794214487075806,0.6599416136741638,1.0269542932510376,1.2450700998306274,1.1807066202163696,1.4402213096618652,1.286827564239502,1.9699923992156982,1.6246554851531982,1.7471812963485718,1.483724594116211,1.1608434915542603,0.964694082736969,0.7138829827308655,0.6354974508285522,0.7176542282104492,0.891843855381012,1.1782678365707397,1.4456480741500854,1.3346219062805176,1.6541224718093872,1.531723141670227,2.2687623500823975,1.9545960426330566,2.09610652923584,1.8804117441177368,1.5872682332992554,1.4858266115188599,1.270965814590454,1.2576316595077515,1.2921136617660522,1.3870649337768555,1.5912160873413086,1.8558462858200073,1.7841016054153442,2.0861504077911377,2.0014543533325195,2.651172161102295,2.379070997238159,2.5507254600524902,2.347846746444702,2.082303524017334,2.0459446907043457,1.8185017108917236,1.8296514749526978,1.8043766021728516,1.7763854265213013,1.8670326471328735,1.7211495637893677,2.058065891265869,2.044921875,2.3433516025543213
B9,2.2633471488952637,1.9163093566894531,1.9632797241210938,1.6400760412216187,1.3464124202728271,1.128054141998291,0.8678160309791565,0.735886812210083,0.6364714503288269,0.7256043553352356,0.9530991911888123,1.0655938386917114,1.1683611869812012,1.2271976470947266,1.1367151737213135,1.9875210523605347,1.6760070323944092,1.8248344659805298,1.5259641408920288,1.1706856489181519,0.9557193517684937,0.588130533695221,0.37794214487075806,0.0,0.40245768427848816,0.6985078454017639,0.8764220476150513,0.8084456324577332,1.0947545766830444,0.998660683631897,2.013188600540161,1.6981737613677979,1.8871046304702759,1.6642178297042847,1.3012751340866089,1.1648591756820679,0.8369019627571106,0.7557269930839539,0.6333708763122559,0.7588533163070679,0.9379655122756958,1.1631757020950317,1.031062364578247,1.3606725931167603,1.2861065864562988,2.2776567935943604,1.9866876602172852,2.188894748687744,2.006540298461914,1.6741654872894287,1.6117007732391357,1.3392893075942993,1.3316490650177002,1.259220838546753,1.3272488117218018,1.4444621801376343,1.66208016872406,1.5624717473983765,1.863325834274292,1.8178484439849854,2.6380374431610107,2.38875412940979,2.61030912399292,2.434333324432373,2.1349289417266846,2.131904363632202,1.8679693937301636,1.9044934511184692,1.8177216053009033,1.8144164085388184,1.849828839302063,1.715640664100647,2.0648131370544434,2.020244598388672,2.3557450771331787
B10,2.6360621452331543,2.2810351848602295,2.332324743270874,1.9936671257019043,1.6985193490982056,1.4392213821411133,1.167267918586731,0.9221832156181335,0.7839925289154053,0.6454005241394043,0.7965933084487915,0.9707662463188171,1.194846272468567,1.3304859399795532,1.3406111001968384,2.384753942489624,2.075598955154419,2.2229080200195312,1.9138460159301758,1.5654677152633667,1.318960428237915,0.968694269657135,0.6599416136741638,0.40245768427848816,0.0,0.3924172818660736,0.7078490853309631,0.8152908086776733,1.1705926656723022,1.201103687286377,2.398592472076416,2.086759567260742,2.2707860469818115,2.0305492877960205,1.6687874794006348,1.4895758628845215,1.143869400024414,0.9430281519889832,0.7455651760101318,0.638002336025238,0.7354125380516052,1.0196760892868042,1.0118108987808228,1.392927885055542,1.4263712167739868,2.6188693046569824,2.323270559310913,2.5276882648468018,2.3241915702819824,1.9771878719329834,1.870147943496704,1.5579017400741577,1.4617981910705566,1.3271045684814453,1.2735639810562134,1.3246655464172363,1.558323860168457,1.5290806293487549,1.873163104057312,1.9071646928787231,2.9292004108428955,2.670354127883911,2.8993592262268066,2.7038991451263428,2.3802523612976074,2.3411149978637695,2.0353658199310303,2.016993522644043,1.8668478727340698,1.8036705255508423,1.7567697763442993,1.566884994506836,1.8845044374465942,1.7765108346939087,2.112016201019287
B11,2.8782923221588135,2.5390565395355225,2.630098819732666,2.309236764907837,1.9895814657211304,1.7640860080718994,1.4530539512634277,1.218697190284729,0.9811946153640747,0.7692760825157166,0.7140615582466125,0.7886934280395508,1.0945414304733276,1.219525933265686,1.3406062126159668,2.590242385864258,2.315390110015869,2.4959967136383057,2.2151427268981934,1.8538827896118164,1.653211236000061,1.286021113395691,1.0269542932510376,0.6985078454017639,0.3924172818660736,0.0,0.37903955578804016,0.6284553408622742,0.9914187788963318,1.142423152923584,2.5643324851989746,2.2833755016326904,2.505467653274536,2.294093608856201,1.9182184934616089,1.7758435010910034,1.4087224006652832,1.2240983247756958,0.9336227178573608,0.7582588195800781,0.6365087628364563,0.8243092894554138,0.8531151413917542,1.2215569019317627,1.3471544981002808,2.7404654026031494,2.470094919204712,2.7139999866485596,2.5363965034484863,2.1702916622161865,2.0894851684570312,1.7491365671157837,1.655182957649231,1.43950617313385,1.3461066484451294,1.2818888425827026,1.4422650337219238,1.4042574167251587,1.7370100021362305,1.8331031799316406,3.0137076377868652,2.778006076812744,3.0427558422088623,2.8697640895843506,2.5244977474212646,2.5079188346862793,2.179156541824341,2.1756837368011475,1.9728882312774658,1.9283000230789185,1.8214284181594849,1.6507261991500854,1.9554264545440674,1.813705325126648,2.171771287918091
B12,2.9137017726898193,2.6027896404266357,2.7252824306488037,2.4373297691345215,2.1046671867370605,1.938237190246582,1.6093546152114868,1.4416669607162476,1.1490830183029175,1.0064700841903687,0.8601905107498169,0.7534240484237671,1.0342915058135986,1.055479645729065,1.2446728944778442,2.559392213821411,2.327193260192871,2.5335114002227783,2.2936019897460938,1.9288150072097778,1.793001413345337,1.4224293231964111,1.2450700998306274,0.8764220476150513,0.7078490853309631,0.37903955578804016,0.0,0.38490188121795654,0.6759943962097168,0.91716468334198,2.475456476211548,2.232778310775757,2.4920506477355957,2.322843313217163,1.9408116340637207,1.8581589460372925,1.4870429039001465,1.3682483434677124,1.0275189876556396,0.9228023290634155,0.6942666172981262,0.6865871548652649,0.6266108751296997,0.9309497475624084,1.1011677980422974,2.607983350753784,2.371391534805298,2.654581308364868,2.5182530879974365,2.1437346935272217,2.115027904510498,1.7698869705200195,1.726833701133728,1.4645862579345703,1.4138563871383667,1.2840580940246582,1.344556212425232,1.231420874595642,1.5118809938430786,1.6220118999481201,2.8566930294036865,2.65395450592041,2.9525277614593506,2.8170061111450195,2.4640696048736572,2.493561267852783,2.167050361633301,2.214094877243042,1.9968312978744507,2.014786958694458,1.9080473184585571,1.8029372692108154,2.121713161468506,2.0050582885742188,2.38573956489563
B13,2.593034029006958,2.301992416381836,2.455092191696167,2.1965160369873047,1.8526499271392822,1.7430659532546997,1.4036022424697876,1.3131511211395264,0.9915339350700378,0.9730381369590759,0.8579400181770325,0.6618684530258179,0.8069901466369629,0.7288020253181458,0.8912654519081116,2.228346586227417,2.023564100265503,2.2637076377868652,2.059760093688965,1.6913849115371704,1.6229640245437622,1.257973313331604,1.1807066202163696,0.8084456324577332,0.8152908086776733,0.6284553408622742,0.38490188121795654,0.0,0.398918092250824,0.5755958557128906,2.1724255084991455,1.9553182125091553,2.247710704803467,2.1238038539886475,1.7444169521331787,1.7317168712615967,1.3846895694732666,1.3669559955596924,1.0614285469055176,1.099094033241272,0.9617633819580078,0.9275754690170288,0.6973949074745178,0.91208416223526,0.9710268378257751,2.359356164932251,2.1508476734161377,2.455052137374878,2.3619937896728516,2.000905752182007,2.03466796875,1.7239277362823486,1.7628352642059326,1.5401875972747803,1.5854603052139282,1.5084331035614014,1.5520282983779907,1.3571096658706665,1.5777372121810913,1.6113592386245728,2.6663949489593506,2.4928081035614014,2.80114483833313,2.7017414569854736,2.3702573776245117,2.4497759342193604,2.1608047485351562,2.2647979259490967,2.096282482147217,2.165069580078125,2.1196484565734863,2.0465168952941895,2.391726016998291,2.311126947402954,2.6927711963653564
