,A1,A2,A3,A4,A5,A6,A7,A8,A9,A10,A11,A12,A13,A14,A15,B1,B2,B3,B4,B5,B6,B7,B8,B9,B10,B11,B12,B13,B14,B15,C1,C2,C3,C4,C5,C6,C7,C8,C9,C10,C11,C12,C13,C14,C15,D1,D2,D3,D4,D5,D6,D7,D8,D9,D10,D11,D12,D13,D14,D15,E1,E2,E3,E4,E5,E6,E7,E8,E9,E10,E11,E12,E13,E14,E15
A1,0.0,0.37541425228118896,0.5130043625831604,0.7971130013465881,0.9525202512741089,1.0899940729141235,1.3625885248184204,1.5278879404067993,1.5612237453460693,1.6478725671768188,1.8926684856414795,2.2063426971435547,2.3001768589019775,2.669503688812256,2.892106294631958,4.315113544464111,4.153564929962158,4.485383033752441,4.361150741577148,4.007262229919434,4.095871448516846,4.0503435134887695,3.6885876655578613,3.4703123569488525,3.4753663539886475,3.2662408351898193,2.9051055908203125,2.8742425441741943,2.798983573913574,2.4412708282470703,3.351977825164795,3.6642019748687744,3.818033456802368,3.8753223419189453,3.940356492996216,4.327493667602539,4.349057197570801,4.3284502029418945,4.406274318695068,4.782508850097656,4.796878814697266,4.658034324645996,4.999811172485352,4.92139196395874,4.745190620422363,5.227891445159912,5.58743953704834,5.6752753257751465,5.586145877838135,5.737397193908691,6.089256286621094,6.051388263702393,5.982292652130127,6.130074501037598,6.493042469024658,6.507879257202148,6.419826507568359,6.77384090423584,6.712808609008789,6.53530740737915,7.267512798309326,7.59141206741333,7.737444877624512,7.780885696411133,7.941526412963867,8.223225593566895,8.365679740905762,8.419062614440918,8.553292274475098,8.859366416931152,9.137537956237793,9.271190643310547,9.563163757324219,9.770089149475098,10.045207023620605
A2,0.37541425228118896,0.0,0.3951035439968109,0.5783950090408325,0.6118528842926025,0.7973708510398865,1.0819153785705566,1.1904127597808838,1.21807861328125,1.3555963039398193,1.609071969985962,1.9089148044586182,2.046363353729248,2.4078752994537354,2.6094577312469482,4.017117500305176,3.838820695877075,4.161793231964111,4.024325847625732,3.665980815887451,3.7460591793060303,3.690767765045166,3.327186107635498,3.110064744949341,3.10760760307312,2.8929836750030518,2.5330469608306885,2.507298231124878,2.4296677112579346,2.074408769607544,3.0557167530059814,3.3556182384490967,3.517972469329834,3.5630593299865723,3.608933687210083,3.9980175495147705,4.013360977172852,3.9798648357391357,4.047351360321045,4.422338008880615,4.429327487945557,4.286763668060303,4.627278804779053,4.549422264099121,4.377591133117676,4.897688388824463,5.258107662200928,5.350533485412598,5.257589817047119,5.398767948150635,5.754863262176514,5.715168476104736,5.636832237243652,5.777145862579346,6.1399641036987305,6.1479105949401855,6.056119918823242,6.408849239349365,6.346347332000732,6.171848773956299,6.927531719207764,7.249542713165283,7.402852535247803,7.445075035095215,7.598568439483643,7.882339954376221,8.028316497802734,8.076358795166016,8.205209732055664,8.513906478881836,8.790291786193848,8.918967247009277,9.210047721862793,9.414636611938477,9.68674373626709
A3,0.5130043625831604,0.3951035439968109,0.0,0.38969674706459045,0.6019135117530823,0.6265076994895935,0.8822521567344666,1.1071652173995972,1.1519408226013184,1.181939721107483,1.449846625328064,1.7883812189102173,1.8694288730621338,2.2253761291503906,2.4741787910461426,3.950666904449463,3.7998650074005127,4.132988452911377,3.993415594100952,3.651017427444458,3.769043445587158,3.7029848098754883,3.3402106761932373,3.1580376625061035,3.1878771781921387,2.961185932159424,2.614617109298706,2.6448607444763184,2.577197551727295,2.2396459579467773,3.341602087020874,3.6288836002349854,3.7888331413269043,3.8047096729278564,3.824723720550537,4.2134575843811035,4.1995930671691895,4.138636112213135,4.1932501792907715,4.5610737800598145,4.544533729553223,4.399604320526123,4.735117435455322,4.663327217102051,4.514029502868652,5.137194633483887,5.4967522621154785,5.5898003578186035,5.48156213760376,5.602417945861816,5.962377071380615,5.905895709991455,5.807361602783203,5.938601970672607,6.294862747192383,6.287426471710205,6.195075511932373,6.546014785766602,6.485555171966553,6.326788425445557,7.14598274230957,7.463948726654053,7.631655216217041,7.66970682144165,7.808401584625244,8.097490310668945,8.248659133911133,8.283302307128906,8.401538848876953,8.717192649841309,8.987485885620117,9.102956771850586,9.393271446228027,9.589030265808105,9.852130889892578
A4,0.7971130013465881,0.5783950090408325,0.38969674706459045,0.0,0.3787596821784973,0.5186088681221008,0.6169939637184143,0.834376871585846,0.9960008859634399,1.071890115737915,1.3907212018966675,1.7287518978118896,1.8535290956497192,2.1785848140716553,2.4256205558776855,3.9089746475219727,3.739441156387329,4.056236267089844,3.8828237056732178,3.5393030643463135,3.6508116722106934,3.546924352645874,3.17893648147583,3.0196003913879395,3.0262269973754883,2.765505075454712,2.43538236618042,2.4863202571868896,2.376530885696411,2.0500802993774414,3.2756760120391846,3.5362868309020996,3.7266533374786377,3.742936611175537,3.7314350605010986,4.121311664581299,4.110341548919678,4.024888515472412,4.046748161315918,4.409649848937988,4.367703437805176,4.197481155395508,4.518493175506592,4.426058292388916,4.272380828857422,4.990048408508301,5.353862762451172,5.469156265258789,5.37056827545166,5.477430820465088,5.846262454986572,5.798905849456787,5.685061931610107,5.794283866882324,6.152657985687256,6.12608528137207,6.014835357666016,6.357189178466797,6.279839038848877,6.116909980773926,6.966672420501709,7.274400234222412,7.453080177307129,7.503232002258301,7.631786346435547,7.915160655975342,8.081144332885742,8.116222381591797,8.220427513122559,8.534460067749023,8.808338165283203,8.917803764343262,9.199163436889648,9.398297309875488,9.654703140258789
A5,0.9525202512741089,0.6118528842926025,0.6019135117530823,0.3787596821784973,0.0,0.3938564658164978,0.5473254323005676,0.5872765183448792,0.7106055021286011,0.9042927622795105,1.2097976207733154,1.5074965953826904,1.6975804567337036,2.018533706665039,2.218289613723755,3.6469576358795166,3.4542880058288574,3.7616803646087646,3.585052967071533,3.231032609939575,3.320934295654297,3.2216296195983887,2.8524341583251953,2.6752707958221436,2.6695444583892822,2.416278839111328,2.077537775039673,2.113258123397827,2.0110135078430176,1.6809344291687012,2.914304733276367,3.169795274734497,3.3587253093719482,3.369049072265625,3.3532423973083496,3.742979049682617,3.7328317165374756,3.6494393348693848,3.6742966175079346,4.039283752441406,4.0054097175598145,3.8406665325164795,4.167390823364258,4.081389904022217,3.9272594451904297,4.619711875915527,4.982187747955322,5.0939202308654785,4.992652893066406,5.099515914916992,5.467870712280273,5.420772075653076,5.308995723724365,5.420727252960205,5.780041694641113,5.758086681365967,5.649931907653809,5.994631767272949,5.921422958374023,5.7582106590271,6.6007490158081055,6.911452293395996,7.088932991027832,7.134307861328125,7.2637619972229,7.549674034118652,7.711813449859619,7.745353698730469,7.852697849273682,8.167708396911621,8.44014835357666,8.551051139831543,8.835165023803711,9.033417701721191,9.29230785369873
A6,1.0899940729141235,0.7973708510398865,0.6265076994895935,0.5186088681221008,0.3938564658164978,0.0,0.3876790404319763,0.5584151148796082,0.5465366840362549,0.5805450081825256,0.8814674615859985,1.2153209447860718,1.3503470420837402,1.6825735569000244,1.91525137424469,3.3959105014801025,3.2346320152282715,3.5587501525878906,3.3994996547698975,3.061274290084839,3.191079616546631,3.1073665618896484,2.745089292526245,2.589235544204712,2.6368277072906494,2.402235507965088,2.071861982345581,2.158583879470825,2.1124277114868164,1.8099801540374756,3.0692031383514404,3.322321653366089,3.482855796813965,3.4528849124908447,3.4247689247131348,3.8090155124664307,3.7605018615722656,3.6614129543304443,3.6946866512298584,4.051928520202637,4.011143684387207,3.866499423980713,4.197838306427002,4.1395697593688965,4.019263744354248,4.752479076385498,5.107483863830566,5.201589584350586,5.073504447937012,5.163959980010986,5.528867244720459,5.455054759979248,5.330190658569336,5.446532726287842,5.7951860427856445,5.76991081237793,5.676388263702393,6.024681091308594,5.968613147735596,5.828728675842285,6.721372127532959,7.034731864929199,7.221238613128662,7.249995708465576,7.368054389953613,7.665155410766602,7.820806980133057,7.8363566398620605,7.941646099090576,8.26615047454834,8.527039527893066,8.62625789642334,8.91651439666748,9.100614547729492,9.353903770446777
A7,1.3625885248184204,1.0819153785705566,0.8822521567344666,0.6169939637184143,0.5473254323005676,0.3876790404319763,0.0,0.37880587577819824,0.5786119699478149,0.5812375545501709,0.9233636260032654,1.2490508556365967,1.3928207159042358,1.667285680770874,1.9177309274673462,3.412261486053467,3.2472329139709473,3.5555567741394043,3.361851453781128,3.0341546535491943,3.1735405921936035,3.045499563217163,2.6825473308563232,2.5712077617645264,2.6080172061920166,2.334827423095703,2.0370216369628906,2.169620990753174,2.0839223861694336,1.8116174936294556,3.2007079124450684,3.4222869873046875,3.6088593006134033,3.571847438812256,3.506263017654419,3.887021780014038,3.8320462703704834,3.7001330852508545,3.6952850818634033,4.041439533233643,3.965569019317627,3.7949271202087402,4.10679817199707,4.029994010925293,3.9153952598571777,4.776946067810059,5.133745193481445,5.249099254608154,5.126187324523926,5.195878028869629,5.568742275238037,5.498312950134277,5.352128505706787,5.443048000335693,5.789760112762451,5.739917278289795,5.627779483795166,5.96554708480835,5.893546104431152,5.7560038566589355,6.698763847351074,6.999776363372803,7.201302528381348,7.240511894226074,7.343457221984863,7.63600492477417,7.807509899139404,7.818993091583252,7.906725883483887,8.231361389160156,8.493184089660645,8.581765174865723,8.862493515014648,9.04648494720459,9.28961181640625
A8,1.5278879404067993,1.1904127597808838,1.1071652173995972,0.834376871585846,0.5872765183448792,0.5584151148796082,0.37880587577819824,0.0,0.3818661868572235,0.6049466133117676,0.9061095118522644,1.1541779041290283,1.3936958312988281,1.6427923440933228,1.8269970417022705,3.2433626651763916,3.043802499771118,3.334156036376953,3.1241848468780518,2.782289743423462,2.890319585800171,2.751786708831787,2.383577823638916,2.2584950923919678,2.266643524169922,1.9843528270721436,1.682782769203186,1.8066332340240479,1.7071038484573364,1.440303921699524,2.8688392639160156,3.074247360229492,3.2707901000976562,3.2331368923187256,3.1547646522521973,3.5346720218658447,3.4866135120391846,3.3512017726898193,3.337435245513916,3.6851632595062256,3.610327959060669,3.433943271636963,3.746915102005005,3.6658873558044434,3.5444324016571045,4.403786659240723,4.76092004776001,4.881603717803955,4.763235092163086,4.831517219543457,5.2065253257751465,5.143299102783203,4.997222423553467,5.083765983581543,5.4337944984436035,5.3838982582092285,5.267096996307373,5.60443115234375,5.528903484344482,5.385828971862793,6.320900917053223,6.621560573577881,6.822968006134033,6.863667964935303,6.967016696929932,7.258423328399658,7.4310526847839355,7.444561004638672,7.532261371612549,7.855608940124512,8.119125366210938,8.209916114807129,8.489974021911621,8.676722526550293,8.92180061340332
A9,1.5612237453460693,1.21807861328125,1.1519408226013184,0.9960008859634399,0.7106055021286011,0.5465366840362549,0.5786119699478149,0.3818661868572235,0.0,0.3899439573287964,0.61207115650177,0.8383708000183105,1.1011115312576294,1.381461262702942,1.5393658876419067,2.9516162872314453,2.760270118713379,3.067448139190674,2.8887946605682373,2.5433342456817627,2.6610219478607178,2.5658373832702637,2.201648712158203,2.050750255584717,2.100146770477295,1.8655017614364624,1.5432637929916382,1.666524052619934,1.647955060005188,1.3865500688552856,2.7304134368896484,2.9502296447753906,3.108515977859497,3.0439627170562744,2.978522300720215,3.3558900356292725,3.2854862213134766,3.1613564491271973,3.1804399490356445,3.530791759490967,3.479055404663086,3.33807373046875,3.669769763946533,3.624790906906128,3.5236828327178955,4.307939529418945,4.657236099243164,4.750191688537598,4.609255313873291,4.679808139801025,5.046746730804443,4.963649272918701,4.823647975921631,4.931055068969727,5.275500774383545,5.241800308227539,5.1487250328063965,5.496257781982422,5.4449052810668945,5.315978527069092,6.246023654937744,6.557498455047607,6.754101276397705,6.7748188972473145,6.8808979988098145,7.183434009552002,7.339529514312744,7.343273639678955,7.442477703094482,7.772057056427002,8.02662467956543,8.11741828918457,8.408727645874023,8.58592700958252,8.835052490234375
A10,1.6478725671768188,1.3555963039398193,1.181939721107483,1.071890115737915,0.9042927622795105,0.5805450081825256,0.5812375545501709,0.6049466133117676,0.3899439573287964,0.0,0.3426596522331238,0.6811831593513489,0.8260205984115601,1.1227291822433472,1.3598072528839111,2.86691951751709,2.721724033355713,3.0475504398345947,2.8858771324157715,2.56720232963562,2.7368414402008057,2.651299476623535,2.3013088703155518,2.190072536468506,2.2942752838134766,2.075845718383789,1.7821414470672607,1.953519582748413,1.9697147607803345,1.7388004064559937,3.067798614501953,3.2862329483032227,3.424135684967041,3.3334572315216064,3.2604148387908936,3.628713369369507,3.52744460105896,3.388810873031616,3.410506010055542,3.7480573654174805,3.683922290802002,3.5566554069519043,3.883876323699951,3.8575594425201416,3.7857143878936768,4.617586135864258,4.959804058074951,5.041491985321045,4.881740570068359,4.937264919281006,5.29998254776001,5.195389747619629,5.0427069664001465,5.150172710418701,5.483039855957031,5.442404747009277,5.359188556671143,5.705931663513184,5.665868759155273,5.557344913482666,6.531788349151611,6.842018127441406,7.046981334686279,7.057363510131836,7.1523308753967285,7.461536884307861,7.615010738372803,7.6044816970825195,7.698856353759766,8.034961700439453,8.280200004577637,8.359572410583496,8.653258323669434,8.818732261657715,9.060652732849121
A11,1.8926684856414795,1.609071969985962,1.449846625328064,1.3907212018966675,1.2097976207733154,0.8814674615859985,0.9233636260032654,0.9061095118522644,0.61207115650177,0.3426596522331238,0.0,0.36800140142440796,0.49818989634513855,0.8128160834312439,1.0368797779083252,2.5519351959228516,2.424938917160034,2.7625012397766113,2.624988079071045,2.317944288253784,2.511367082595825,2.456317663192749,2.1225507259368896,2.0179085731506348,2.17030668258667,1.9950835704803467,1.7182838916778564,1.9129043817520142,1.9931310415267944,1.7997496128082275,3.059175968170166,3.2709507942199707,3.3771393299102783,3.252227783203125,3.173354148864746,3.5286810398101807,3.396667242050171,3.252943515777588,3.2903361320495605,3.6176962852478027,3.559727907180786,3.4613449573516846,3.7939438819885254,3.7996363639831543,3.756423234939575,4.570251941680908,4.901040554046631,4.961903095245361,4.779512405395508,4.824245452880859,5.1788482666015625,5.0523223876953125,4.894726276397705,5.011112689971924,5.333088397979736,5.2970967292785645,5.232172966003418,5.582547187805176,5.562392234802246,5.473313808441162,6.467193603515625,6.781394958496094,6.988780498504639,6.981648921966553,7.070366859436035,7.3889336585998535,7.531615734100342,7.506913185119629,7.604159355163574,7.946745872497559,8.181002616882324,8.253657341003418,8.554359436035156,8.707744598388672,8.947768211364746
A12,2.2063426971435547,1.9089148044586182,1.7883812189102173,1.7287518978118896,1.5074965953826904,1.2153209447860718,1.2490508556365967,1.1541779041290283,0.8383708000183105,0.6811831593513489,0.36800140142440796,0.0,0.38438352942466736,0.5979805588722229,0.7127097249031067,2.1911139488220215,2.0573551654815674,2.395618438720703,2.2659013271331787,1.9617725610733032,2.1659200191497803,2.130399227142334,1.8108644485473633,1.7143419981002808,1.9054855108261108,1.7708152532577515,1.5228842496871948,1.7450385093688965,1.8829681873321533,1.7443841695785522,2.942221164703369,3.132340669631958,3.215249538421631,3.0554120540618896,2.957965850830078,3.297049045562744,3.1363415718078613,2.9798264503479004,3.022167921066284,3.3370094299316406,3.2800729274749756,3.2048041820526123,3.5391879081726074,3.5724992752075195,3.556187391281128,4.367169380187988,4.686079502105713,4.732748508453369,4.532000541687012,4.561905860900879,4.91048526763916,4.767092704772949,4.601235389709473,4.71973180770874,5.032321453094482,4.996758937835693,4.944221019744873,5.295889854431152,5.290598392486572,5.21797513961792,6.232532978057861,6.5477824211120605,6.759355545043945,6.7383646965026855,6.818980693817139,7.144529342651367,7.280126571655273,7.242740154266357,7.339770793914795,7.6873860359191895,7.912370681762695,7.978270053863525,8.283367156982422,8.427008628845215,8.664596557617188
A13,2.3001768589019775,2.046363353729248,1.8694288730621338,1.8535290956497192,1.6975804567337036,1.3503470420837402,1.3928207159042358,1.3936958312988281,1.1011115312576294,0.8260205984115601,0.49818989634513855,0.38438352942466736,0.0,0.38289034366607666,0.6528258919715881,2.191394329071045,2.124190092086792,2.479313850402832,2.3850533962249756,2.121894598007202,2.370809555053711,2.3573203086853027,2.0669968128204346,2.0022215843200684,2.2287538051605225,2.114428758621216,1.8882514238357544,2.118098735809326,2.2659590244293213,2.1273176670074463,3.29028058052063,3.487745523452759,3.5524778366088867,3.381082534790039,3.2904622554779053,3.619659185409546,3.4405410289764404,3.283832550048828,3.3357067108154297,3.637460231781006,3.578186511993408,3.5188417434692383,3.847543954849243,3.8962438106536865,3.8992197513580322,4.716405391693115,5.028280735015869,5.062221050262451,4.847862720489502,4.870700359344482,5.211368560791016,5.050679683685303,4.880580425262451,5.003664970397949,5.304110050201416,5.267991542816162,5.227975845336914,5.578238010406494,5.585209846496582,5.529131889343262,6.564258098602295,6.879543304443359,7.094019889831543,7.063220977783203,7.13769006729126,7.468216419219971,7.598276615142822,7.550254821777344,7.646379470825195,7.998186111450195,8.214585304260254,8.272709846496582,8.580706596374512,8.713953018188477,8.946557998657227
A14,2.669503688812256,2.4078752994537354,2.2253761291503906,2.1785848140716553,2.018533706665039,1.6825735569000244,1.667285680770874,1.6427923440933228,1.381461262702942,1.1227291822433472,0.8128160834312439,0.5979805588722229,0.38289034366607666,0.0,0.38899973034858704,1.9209648370742798,1.8813565969467163,2.2268896102905273,2.1267752647399902,1.9024674892425537,2.191209316253662,2.1686182022094727,1.9114054441452026,1.909907341003418,2.171466112136841,2.0748565196990967,1.9098050594329834,2.185530662536621,2.3514866828918457,2.268437385559082,3.4356496334075928,3.6010334491729736,3.6587021350860596,3.4567453861236572,3.3323960304260254,3.6397905349731445,3.429687261581421,3.2420332431793213,3.2743980884552,3.549375295639038,3.4655563831329346,3.4153690338134766,3.7271625995635986,3.7938942909240723,3.8321311473846436,4.725482940673828,5.024850368499756,5.056180953979492,4.826765060424805,4.821193695068359,5.1573944091796875,4.979338645935059,4.787023544311523,4.895553112030029,5.18039608001709,5.127472400665283,5.090630531311035,5.432981967926025,5.447090148925781,5.4138360023498535,6.503951072692871,6.811364650726318,7.039457321166992,7.000239372253418,7.055700302124023,7.390284538269043,7.522247314453125,7.457018852233887,7.5409650802612305,7.898057460784912,8.103535652160645,8.145833015441895,8.451993942260742,8.572575569152832,8.79411792755127
A15,2.892106294631958,2.6094577312469482,2.4741787910461426,2.4256205558776855,2.218289613723755,1.91525137424469,1.9177309274673462,1.8269970417022705,1.5393658876419067,1.3598072528839111,1.0368797779083252,0.7127097249031067,0.6528258919715881,0.38899973034858704,0.0,1.5590800046920776,1.4991273880004883,1.8488681316375732,1.7627314329147339,1.5372010469436646,1.8307594060897827,1.8417773246765137,1.6096224784851074,1.6094300746917725,1.9042056798934937,1.8627293109893799,1.7320536375045776,2.0091443061828613,2.224120616912842,2.187753438949585,3.2490899562835693,3.393665313720703,3.427351951599121,3.197983741760254,3.061927080154419,3.349050283432007,3.1167500019073486,2.9242148399353027,2.966548442840576,3.228137493133545,3.15403151512146,3.131518602371216,3.445892095565796,3.5405945777893066,3.5995659828186035,4.453151226043701,4.739315032958984,4.755329608917236,4.511473655700684,4.496306419372559,4.824305534362793,4.633386611938477,4.438783168792725,4.552890777587891,4.829764366149902,4.782835006713867,4.759885787963867,5.104467391967773,5.133922100067139,5.112654685974121,6.201993465423584,6.511639595031738,6.739080429077148,6.687006950378418,6.739071846008301,7.0789594650268555,7.201849460601807,7.128129959106445,7.215550422668457,7.5754265785217285,7.773560523986816,7.8136138916015625,8.12465763092041,8.238505363464355,8.46094036102295
B1,4.315113544464111,4.017117500305176,3.950666904449463,3.9089746475219727,3.6469576358795166,3.3959105014801025,3.412261486053467,3.2433626651763916,2.9516162872314453,2.86691951751709,2.5519351959228516,2.1911139488220215,2.191394329071045,1.9209648370742798,1.5590800046920776,0.0,0.3854774534702301,0.5726467370986938,0.8200864195823669,0.9558415412902832,1.2479674816131592,1.4782124757766724,1.5847735404968262,1.6937685012817383,2.048696756362915,2.2522380352020264,2.333399772644043,2.5615484714508057,2.886164903640747,3.0168678760528564,3.5621445178985596,3.595719814300537,3.512291193008423,3.1705799102783203,2.9863462448120117,3.1107146739959717,2.7628092765808105,2.549253463745117,2.6201210021972656,2.724707841873169,2.677043914794922,2.8173270225524902,3.067747116088867,3.3093461990356445,3.5039632320404053,4.190627574920654,4.378478050231934,4.30974006652832,3.9875197410583496,3.889505386352539,4.14091682434082,3.858468532562256,3.633812189102173,3.7556264400482178,3.9395039081573486,3.902974843978882,3.970160722732544,4.293368816375732,4.417568206787109,4.499752521514893,5.619233131408691,5.9182610511779785,6.153177261352539,6.026686668395996,6.033888339996338,6.396975517272949,6.472458362579346,6.331315994262695,6.416886329650879,6.791038990020752,6.929703712463379,6.931380748748779,7.259066581726074,7.313845634460449,7.517350673675537
B2,4.153564929962158,3.838820695877075,3.7998650074005127,3.739441156387329,3.4542880058288574,3.2346320152282715,3.2472329139709473,3.043802499771118,2.760270118713379,2.721724033355713,2.424938917160034,2.0573551654815674,2.124190092086792,1.8813565969467163,1.4991273880004883,0.3854774534702301,0.0,0.3788887560367584,0.5468899011611938,0.5963844656944275,0.8715445399284363,1.1229811906814575,1.2303234338760376,1.3253730535507202,1.6743770837783813,1.8969513177871704,1.9944480657577515,2.211660861968994,2.539557933807373,2.69063138961792,3.2119393348693848,3.232067584991455,3.1597108840942383,2.81927227973938,2.620410919189453,2.75081467628479,2.407464027404785,2.182302474975586,2.245640754699707,2.3658456802368164,2.319772481918335,2.4527747631073,2.717971086502075,2.9533169269561768,3.135692834854126,3.8230385780334473,4.020447731018066,3.9643993377685547,3.6514763832092285,3.5597779750823975,3.8271191120147705,3.560694932937622,3.3359954357147217,3.455639123916626,3.662182331085205,3.62576961517334,3.6769142150878906,4.01006555557251,4.119803428649902,4.181710243225098,5.292036533355713,5.594743728637695,5.82823371887207,5.713328838348389,5.729249954223633,6.0896077156066895,6.173269748687744,6.045477390289307,6.13342809677124,6.5055623054504395,6.657608985900879,6.670224666595459,6.996652126312256,7.066570281982422,7.2785139083862305
B3,4.485383033752441,4.161793231964111,4.132988452911377,4.056236267089844,3.7616803646087646,3.5587501525878906,3.5555567741394043,3.334156036376953,3.067448139190674,3.0475504398345947,2.7625012397766113,2.395618438720703,2.479313850402832,2.2268896102905273,1.8488681316375732,0.5726467370986938,0.3788887560367584,0.0,0.39219343662261963,0.643587589263916,0.8217649459838867,1.0798029899597168,1.294289469718933,1.4352554082870483,1.748168706893921,2.000072479248047,2.1563634872436523,2.3637895584106445,2.685037851333618,2.876635789871216,3.3141496181488037,3.293381452560425,3.212650775909424,2.858018159866333,2.6327788829803467,2.714925765991211,2.3544504642486572,2.109511137008667,2.1489884853363037,2.210325002670288,2.15063214302063,2.3141982555389404,2.543577194213867,2.8082127571105957,3.027137041091919,3.7168655395507812,3.8879010677337646,3.825263738632202,3.5025696754455566,3.37843918800354,3.6294236183166504,3.3481407165527344,3.103480577468872,3.2058188915252686,3.3878893852233887,3.3387844562530518,3.400503158569336,3.7218406200408936,3.8459725379943848,3.93357253074646,5.068539619445801,5.361347198486328,5.6027679443359375,5.477165699005127,5.475564479827881,5.837543964385986,5.918664932250977,5.775086402893066,5.853785991668701,6.228178024291992,6.368387222290039,6.368536949157715,6.6936845779418945,6.752248287200928,6.9564080238342285
B4,4.361150741577148,4.024325847625732,3.993415594100952,3.8828237056732178,3.585052967071533,3.3994996547698975,3.361851453781128,3.1241848468780518,2.8887946605682373,2.8858771324157715,2.624988079071045,2.2659013271331787,2.3850533962249756,2.1267752647399902,1.7627314329147339,0.8200864195823669,0.5468899011611938,0.39219343662261963,0.0,0.385989248752594,0.6046074032783508,0.7471533417701721,0.9807736277580261,1.1969923973083496,1.493638277053833,1.7115384340286255,1.9053705930709839,2.1444244384765625,2.435101270675659,2.6474459171295166,3.2000768184661865,3.1639537811279297,3.1259655952453613,2.786078929901123,2.5272111892700195,2.630459785461426,2.286386489868164,1.9998613595962524,1.9803885221481323,2.0539772510528564,1.9404221773147583,2.0549397468566895,2.279726505279541,2.518451690673828,2.7365341186523438,3.575090169906616,3.7640812397003174,3.7389369010925293,3.4374265670776367,3.3054659366607666,3.582427740097046,3.3270533084869385,3.062612533569336,3.1314711570739746,3.334613800048828,3.2539796829223633,3.2746684551239014,3.593618392944336,3.683692455291748,3.7547168731689453,4.939541339874268,5.224322319030762,5.478908061981201,5.376418113708496,5.3694539070129395,5.724041938781738,5.829124450683594,5.695312023162842,5.758574485778809,6.131263256072998,6.285205841064453,6.2845048904418945,6.59890079498291,6.670713901519775,6.871583938598633
B5,4.007262229919434,3.665980815887451,3.651017427444458,3.5393030643463135,3.231032609939575,3.061274290084839,3.0341546535491943,2.782289743423462,2.5433342456817627,2.56720232963562,2.317944288253784,1.9617725610733032,2.121894598007202,1.9024674892425537,1.5372010469436646,0.9558415412902832,0.5963844656944275,0.643587589263916,0.385989248752594,0.0,0.3827151954174042,0.5329280495643616,0.6591512560844421,0.8300620913505554,1.1525944471359253,1.3683005571365356,1.5343832969665527,1.7713141441345215,2.070037364959717,2.270413398742676,2.865936279296875,2.850046157836914,2.8290133476257324,2.503746271133423,2.2533278465270996,2.4007441997528076,2.077862024307251,1.7985589504241943,1.791616439819336,1.9316757917404175,1.8359053134918213,1.9173057079315186,2.189462184906006,2.396350145339966,2.5686705112457275,3.394073486328125,3.612138509750366,3.601482629776001,3.316396713256836,3.21826171875,3.519380807876587,3.2900569438934326,3.045982837677002,3.1299548149108887,3.370185613632202,3.3046715259552,3.306403636932373,3.6424620151519775,3.7106082439422607,3.7424516677856445,4.8884100914001465,5.184863090515137,5.429565906524658,5.343879222869873,5.3597187995910645,5.710506916046143,5.821835994720459,5.711872100830078,5.786521911621094,6.154839992523193,6.3280720710754395,6.3471856117248535,6.662143230438232,6.754432201385498,6.968868732452393
B6,4.095871448516846,3.7460591793060303,3.769043445587158,3.6508116722106934,3.320934295654297,3.191079616546631,3.1735405921936035,2.890319585800171,2.6610219478607178,2.7368414402008057,2.511367082595825,2.1659200191497803,2.370809555053711,2.191209316253662,1.8307594060897827,1.2479674816131592,0.8715445399284363,0.8217649459838867,0.6046074032783508,0.3827151954174042,0.0,0.392441064119339,0.610500156879425,0.7114471197128296,0.9604818820953369,1.2503361701965332,1.4573601484298706,1.6355562210083008,1.9414345026016235,2.1799347400665283,2.6140003204345703,2.563739776611328,2.534008026123047,2.200272798538208,1.9303163290023804,2.05024790763855,1.7219531536102295,1.4298428297042847,1.4197132587432861,1.5530370473861694,1.4780207872390747,1.587691307067871,1.8726911544799805,2.098336696624756,2.2697298526763916,3.0214035511016846,3.2330663204193115,3.220303535461426,2.9356272220611572,2.8369216918945312,3.1416590213775635,2.9199001789093018,2.6788125038146973,2.7667412757873535,3.019745349884033,2.9646353721618652,2.9656026363372803,3.3109447956085205,3.379828453063965,3.400247812271118,4.517070293426514,4.81843376159668,5.0575995445251465,4.971883296966553,4.995267391204834,5.346213340759277,5.455295562744141,5.352319240570068,5.4341020584106445,5.800729751586914,5.979696750640869,6.008701801300049,6.326223373413086,6.426804542541504,6.650219917297363
B7,4.0503435134887695,3.690767765045166,3.7029848098754883,3.546924352645874,3.2216296195983887,3.1073665618896484,3.045499563217163,2.751786708831787,2.5658373832702637,2.651299476623535,2.456317663192749,2.130399227142334,2.3573203086853027,2.1686182022094727,1.8417773246765137,1.4782124757766724,1.1229811906814575,1.0798029899597168,0.7471533417701721,0.5329280495643616,0.392441064119339,0.0,0.371253103017807,0.6479073762893677,0.8326429724693298,1.0409818887710571,1.3120218515396118,1.5416629314422607,1.7900676727294922,2.0535035133361816,2.6553714275360107,2.5883498191833496,2.614503860473633,2.309447765350342,2.006937026977539,2.148158073425293,1.8551008701324463,1.5249950885772705,1.4246020317077637,1.5624765157699585,1.403904914855957,1.4281165599822998,1.6962552070617676,1.8788080215454102,2.051215171813965,3.014954090118408,3.243030071258545,3.275324583053589,3.0193257331848145,2.9076802730560303,3.232595682144165,3.040085554122925,2.7778143882751465,2.82053542137146,3.0845158100128174,2.9895989894866943,2.944296360015869,3.2769384384155273,3.3064639568328857,3.3129804134368896,4.490059852600098,4.777118682861328,5.032694339752197,4.971899509429932,4.983992099761963,5.3246941566467285,5.460055351257324,5.363794326782227,5.424455642700195,5.788027763366699,5.977477550506592,6.000494003295898,6.303895473480225,6.414098262786865,6.62916374206543
B8,3.6885876655578613,3.327186107635498,3.3402106761932373,3.17893648147583,2.8524341583251953,2.745089292526245,2.6825473308563232,2.383577823638916,2.201648712158203,2.3013088703155518,2.1225507259368896,1.8108644485473633,2.0669968128204346,1.9114054441452026,1.6096224784851074,1.5847735404968262,1.2303234338760376,1.294289469718933,0.9807736277580261,0.6591512560844421,0.610500156879425,0.371253103017807,0.0,0.3782666027545929,0.5986586213111877,0.7357224225997925,0.9705554842948914,1.2391719818115234,1.481764554977417,1.7207320928573608,2.4756832122802734,2.445317268371582,2.502594232559204,2.2260782718658447,1.9431097507476807,2.147073984146118,1.8917497396469116,1.5852407217025757,1.4999316930770874,1.712205410003662,1.5720373392105103,1.5374869108200073,1.840227723121643,1.9648221731185913,2.075484037399292,3.0548648834228516,3.315467596054077,3.3661746978759766,3.132145643234253,3.0568478107452393,3.3999810218811035,3.2333364486694336,2.993682861328125,3.0479071140289307,3.336702585220337,3.2526562213897705,3.190274238586426,3.5289173126220703,3.535775661468506,3.5083556175231934,4.648269176483154,4.941791534423828,5.188951015472412,5.146292209625244,5.176746368408203,5.510973930358887,5.653684139251709,5.578078746795654,5.645267963409424,6.00321102142334,6.207853317260742,6.244771480560303,6.545544147491455,6.671054840087891,6.893457412719727
B9,3.4703123569488525,3.110064744949341,3.1580376625061035,3.0196003913879395,2.6752707958221436,2.589235544204712,2.5712077617645264,2.2584950923919678,2.050750255584717,2.190072536468506,2.0179085731506348,1.7143419981002808,2.0022215843200684,1.909907341003418,1.6094300746917725,1.6937685012817383,1.3253730535507202,1.4352554082870483,1.1969923973083496,0.8300620913505554,0.7114471197128296,0.6479073762893677,0.3782666027545929,0.0,0.36716970801353455,0.6057181358337402,0.7488232254981995,0.9484084844589233,1.2518649101257324,1.4727320671081543,2.133662700653076,2.1302170753479004,2.1756560802459717,1.9041566848754883,1.650483250617981,1.8904911279678345,1.6544641256332397,1.3919867277145386,1.3710368871688843,1.6453405618667603,1.5795748233795166,1.5610707998275757,1.9078655242919922,2.0241572856903076,2.082502841949463,2.8865275382995605,3.1626152992248535,3.201385736465454,2.972407102584839,2.9388504028320312,3.28684663772583,3.1331093311309814,2.9297170639038086,3.020573139190674,3.32991623878479,3.283466339111328,3.2324182987213135,3.5871493816375732,3.59853458404541,3.544682025909424,4.596518039703369,4.906874656677246,5.132870674133301,5.090539455413818,5.1481614112854,5.482679843902588,5.61388635635376,5.556077003479004,5.645784378051758,5.999300956726074,6.213359355926514,6.271317481994629,6.57969331741333,6.71665620803833,6.955201625823975
B10,3.4753663539886475,3.10760760307312,3.1878771781921387,3.0262269973754883,2.6695444583892822,2.6368277072906494,2.6080172061920166,2.266643524169922,2.100146770477295,2.2942752838134766,2.17030668258667,1.9054855108261108,2.2287538051605225,2.171466112136841,1.9042056798934937,2.048696756362915,1.6743770837783813,1.748168706893921,1.493638277053833,1.1525944471359253,0.9604818820953369,0.8326429724693298,0.5986586213111877,0.36716970801353455,0.0,0.38140925765037537,0.6078975796699524,0.7325255274772644,0.9969867467880249,1.277543544769287,1.8983758687973022,1.8613853454589844,1.9495549201965332,1.7077668905258179,1.4264817237854004,1.681313395500183,1.495934009552002,1.2277107238769531,1.1577469110488892,1.4654147624969482,1.3955192565917969,1.3220953941345215,1.6820164918899536,1.7559700012207031,1.7699474096298218,2.5987532138824463,2.891860246658325,2.9613049030303955,2.7624671459198,2.7408437728881836,3.105140209197998,2.9883041381835938,2.7926440238952637,2.8684802055358887,3.1991584300994873,3.1495249271392822,3.06986141204834,3.423222541809082,3.406996965408325,3.320739269256592,4.344620227813721,4.653713703155518,4.877140045166016,4.854491710662842,4.921295642852783,5.246466159820557,5.390005111694336,5.35041618347168,5.439059734344482,5.7853779792785645,6.014196872711182,6.083394527435303,6.3851847648620605,6.538900375366211,6.783277988433838
B11,3.2662408351898193,2.8929836750030518,2.961185932159424,2.765505075454712,2.416278839111328,2.402235507965088,2.334827423095703,1.9843528270721436,1.8655017614364624,2.075845718383789,1.9950835704803467,1.7708152532577515,2.114428758621216,2.0748565196990967,1.8627293109893799,2.2522380352020264,1.8969513177871704,2.000072479248047,1.7115384340286255,1.3683005571365356,1.2503361701965332,1.0409818887710571,0.7357224225997925,0.6057181358337402,0.38140925765037537,0.0,0.3746996819972992,0.6211922764778137,0.7669844627380371,1.0486199855804443,1.9791358709335327,1.962152361869812,2.111802577972412,1.9236575365066528,1.6560969352722168,1.9419442415237427,1.8062338829040527,1.5488251447677612,1.4390015602111816,1.745999813079834,1.6333609819412231,1.4810729026794434,1.8147252798080444,1.8171857595443726,1.7900364398956299,2.7691378593444824,3.0824804306030273,3.189187526702881,3.0224857330322266,3.007138729095459,3.3819527626037598,3.2911508083343506,3.0928492546081543,3.1443588733673096,3.481396198272705,3.410698652267456,3.299452781677246,3.64005970954895,3.5906829833984375,3.4849495887756348,4.523610591888428,4.821969509124756,5.051461696624756,5.053705215454102,5.1191887855529785,5.432217121124268,5.595624923706055,5.568230628967285,5.644134044647217,5.9842610359191895,6.224149227142334,6.293253421783447,6.5829386711120605,6.747259140014648,6.986810684204102
B12,2.9051055908203125,2.5330469608306885,2.614617109298706,2.43538236618042,2.077537775039673,2.071861982345581,2.0370216369628906,1.682782769203186,1.5432637929916382,1.7821414470672607,1.7182838916778564,1.5228842496871948,1.8882514238357544,1.9098050594329834,1.7320536375045776,2.333399772644043,1.9944480657577515,2.1563634872436523,1.9053705930709839,1.5343832969665527,1.4573601484298706,1.3120218515396118,0.9705554842948914,0.7488232254981995,0.6078975796699524,0.3746996819972992,0.0,0.3813641369342804,0.5673894286155701,0.7514136433601379,1.841130018234253,1.8925843238830566,2.047435760498047,1.8910584449768066,1.6843401193618774,2.0171620845794678,1.9116579294204712,1.711912751197815,1.665313720703125,2.0049688816070557,1.9405664205551147,1.8034160137176514,2.149632692337036,2.14034104347229,2.0730161666870117,2.9150643348693848,3.243887186050415,3.3420238494873047,3.1838388442993164,3.206519842147827,3.5805180072784424,3.497321367263794,3.3281569480895996,3.407639503479004,3.753164768218994,3.7069895267486572,3.606205701828003,3.9540860652923584,3.9080071449279785,3.7874555587768555,4.761004447937012,5.06947660446167,5.282305717468262,5.287553787231445,5.373206615447998,5.6842570304870605,5.840153217315674,5.826373100280762,5.917150974273682,6.253027439117432,6.499148845672607,6.5815911293029785,6.875095844268799,7.046220302581787,7.294601917266846
B13,2.8742425441741943,2.507298231124878,2.6448607444763184,2.4863202571868896,2.113258123397827,2.158583879470825,2.169620990753174,1.8066332340240479,1.666524052619934,1.953519582748413,1.9129043817520142,1.7450385093688965,2.118098735809326,2.185530662536621,2.0091443061828613,2.5615484714508057,2.211660861968994,2.3637895584106445,2.1444244384765625,1.7713141441345215,1.6355562210083008,1.5416629314422607,1.2391719818115234,0.9484084844589233,0.7325255274772644,0.6211922764778137,0.3813641369342804,0.0,0.3864952027797699,0.5818204283714294,1.4635285139083862,1.5290647745132446,1.6962270736694336,1.5743194818496704,1.4017550945281982,1.7615629434585571,1.7114193439483643,1.570436954498291,1.5627886056900024,1.9300183057785034,1.9246456623077393,1.798638939857483,2.1580703258514404,2.1387736797332764,2.0230541229248047,2.669013738632202,3.008906364440918,3.104769706726074,2.9657158851623535,3.0262742042541504,3.400115966796875,3.3416364192962646,3.2072319984436035,3.307965040206909,3.6676230430603027,3.6504714488983154,3.5536136627197266,3.9075753688812256,3.860583543777466,3.7138969898223877,4.591732025146484,4.910942554473877,5.10316801071167,5.112781047821045,5.222313404083252,5.528941631317139,5.6765522956848145,5.681758403778076,5.7903265953063965,6.118505477905273,6.374032974243164,6.476090908050537,6.772956371307373,6.95638370513916,7.218561172485352
