,A1,A2,A3,A4,A5,A6,A7,A8,A9,A10,A11,A12,A13,A14,A15,B1,B2,B3,B4,B5,B6,B7,B8,B9,B10,B11,B12,B13,B14,B15,C1,C2,C3,C4,C5,C6,C7,C8,C9,C10,C11,C12,C13,C14,C15,D1,D2,D3,D4,D5,D6,D7,D8,D9,D10,D11,D12,D13,D14,D15,E1,E2,E3,E4,E5,E6,E7,E8,E9,E10,E11,E12,E13,E14,E15
A1,0.0,0.38569024205207825,0.4974084496498108,0.7514666318893433,1.0280451774597168,1.2392765283584595,1.350929856300354,1.6626002788543701,1.844079852104187,1.7809605598449707,2.010920524597168,2.3082072734832764,2.282170295715332,2.663346290588379,2.824636697769165,3.4287190437316895,3.4426000118255615,3.6475021839141846,3.3510055541992188,3.094320297241211,3.342456579208374,3.4905970096588135,3.217247247695923,3.144498109817505,3.4949793815612793,3.6766486167907715,3.6924564838409424,4.066363334655762,4.28518009185791,4.304797172546387,4.8939032554626465,4.803384780883789,4.9690728187561035,4.661501407623291,4.359726428985596,4.461741924285889,4.566162109375,4.224930763244629,4.020768642425537,4.285927772521973,4.2993574142456055,4.046849727630615,4.374101161956787,4.549038410186768,4.622418403625488,5.778294563293457,5.826086521148682,6.082958221435547,5.8008856773376465,5.565440654754639,5.877981662750244,5.955433368682861,5.680497646331787,5.625973224639893,5.991100788116455,5.874189376831055,5.692652225494385,5.896501541137695,6.08527946472168,5.898916244506836,6.83749532699585,6.903557300567627,7.255328178405762,7.295139312744141,7.151852607727051,7.352484703063965,7.663702964782715,7.682546615600586,7.6313395500183105,7.861118316650391,8.13912296295166,8.276351928710938,8.492777824401855,8.791911125183105,8.98847484588623
A2,0.38569024205207825,0.0,0.3834426999092102,0.46073031425476074,0.7785323858261108,0.9179012775421143,1.0860650539398193,1.3984403610229492,1.5470407009124756,1.5220049619674683,1.7973862886428833,2.080889940261841,2.079324960708618,2.459395170211792,2.5879571437835693,3.205537796020508,3.184501886367798,3.40000057220459,3.1194679737091064,2.8380703926086426,3.0621423721313477,3.233344793319702,2.9707937240600586,2.869030475616455,3.216046094894409,3.4249367713928223,3.466911554336548,3.83644437789917,4.0353217124938965,4.062718391418457,4.594486236572266,4.486884593963623,4.648869514465332,4.348299026489258,4.038995742797852,4.123658657073975,4.233863353729248,3.8964128494262695,3.677560567855835,3.93503475189209,3.9613401889801025,3.7043824195861816,4.029723167419434,4.214658260345459,4.288608551025391,5.438311576843262,5.474854946136475,5.735233306884766,5.456445217132568,5.212262153625488,5.518744945526123,5.6012654304504395,5.323357105255127,5.2597856521606445,5.624336242675781,5.510382652282715,5.323969841003418,5.522005081176758,5.7069244384765625,5.516861438751221,6.456621170043945,6.520081520080566,6.872011661529541,6.914391994476318,6.770909309387207,6.969419002532959,7.281377792358398,7.302659034729004,7.250873565673828,7.478394985198975,7.757691383361816,7.897026538848877,8.112082481384277,8.412409782409668,8.611387252807617
A3,0.4974084496498108,0.3834426999092102,0.0,0.3909350633621216,0.5867599844932556,0.7997298836708069,0.869682252407074,1.171997308731079,1.3733965158462524,1.3285828828811646,1.5464481115341187,1.8591766357421875,1.8773680925369263,2.2549495697021484,2.429687261581421,2.9732329845428467,2.979780673980713,3.1700077056884766,2.866515636444092,2.6106085777282715,2.857991933822632,2.9966509342193604,2.720271348953247,2.6527926921844482,3.0049185752868652,3.1822659969329834,3.195755958557129,3.5699310302734375,3.7881295680999756,3.808880567550659,4.408426761627197,4.327479362487793,4.496601104736328,4.187304973602295,3.8888256549835205,4.006519794464111,4.112386703491211,3.7729721069335938,3.5816404819488525,3.8630526065826416,3.8755195140838623,3.643031358718872,3.9810597896575928,4.133637428283691,4.186602592468262,5.354604721069336,5.409177780151367,5.672770977020264,5.399651050567627,5.170846462249756,5.488871097564697,5.57896089553833,5.318668842315674,5.264344215393066,5.636244773864746,5.538802146911621,5.371607780456543,5.580564498901367,5.754668712615967,5.570783615112305,6.47368049621582,6.5595598220825195,6.905940055847168,6.936002731323242,6.806820869445801,7.0210161209106445,7.320804119110107,7.341897010803223,7.309004306793213,7.541921615600586,7.810589790344238,7.955556869506836,8.18366527557373,8.475456237792969,8.682150840759277
A4,0.7514666318893433,0.46073031425476074,0.3909350633621216,0.0,0.3276769816875458,0.5267845988273621,0.7557873129844666,0.9992489218711853,1.2037014961242676,1.263953685760498,1.526816964149475,1.8311034440994263,1.9056251049041748,2.2734296321868896,2.4125564098358154,2.932011127471924,2.8887245655059814,3.0750229358673096,2.780963897705078,2.4961018562316895,2.7007811069488525,2.851935863494873,2.572164297103882,2.456235647201538,2.796072483062744,2.999279499053955,3.0571024417877197,3.4205269813537598,3.625702381134033,3.6755449771881104,4.189751625061035,4.096771717071533,4.244808673858643,3.9321298599243164,3.634363889694214,3.731168031692505,3.823063850402832,3.478703260421753,3.2772581577301025,3.5418713092803955,3.5488741397857666,3.3000648021698,3.6309940814971924,3.799229860305786,3.871638298034668,5.028022766113281,5.080255508422852,5.336162567138672,5.055527687072754,4.8242597579956055,5.141443252563477,5.2216105461120605,4.954946041107178,4.905435085296631,5.2746100425720215,5.1679887771606445,5.000118255615234,5.213919639587402,5.397755146026611,5.2223639488220215,6.144583702087402,6.225743770599365,6.576197624206543,6.600286960601807,6.461833477020264,6.676999092102051,6.9793267250061035,6.991664886474609,6.9539875984191895,7.192625522613525,7.459720611572266,7.5976243019104,7.8267693519592285,8.116975784301758,8.317770957946777
A5,1.0280451774597168,0.7785323858261108,0.5867599844932556,0.3276769816875458,0.0,0.37506088614463806,0.57607102394104,0.7270118594169617,0.9971914887428284,1.1124933958053589,1.3348873853683472,1.6545686721801758,1.7832828760147095,2.1339304447174072,2.2915663719177246,2.7210464477539062,2.673597812652588,2.8324780464172363,2.5240213871002197,2.2473206520080566,2.446932315826416,2.573657751083374,2.2791717052459717,2.1671645641326904,2.504204511642456,2.6926369667053223,2.7499680519104004,3.1113102436065674,3.3262486457824707,3.3865087032318115,3.9140360355377197,3.838853120803833,3.982109308242798,3.660261392593384,3.3731608390808105,3.4893288612365723,3.5700297355651855,3.222160816192627,3.041785955429077,3.3195981979370117,3.311495542526245,3.0788910388946533,3.4172780513763428,3.562378168106079,3.624096393585205,4.789691925048828,4.856422424316406,5.111582279205322,4.833419322967529,4.614882946014404,4.9411163330078125,5.023965835571289,4.770962238311768,4.731485366821289,5.105086803436279,5.009981632232666,4.859464645385742,5.0841383934021,5.261641502380371,5.095990180969238,5.991465091705322,6.090146064758301,6.436769962310791,6.447281360626221,6.31762170791626,6.546603202819824,6.838737487792969,6.847123622894287,6.824107646942139,7.069456577301025,7.326087951660156,7.46577262878418,7.706411838531494,7.9880690574646,8.192977905273438
A6,1.2392765283584595,0.9179012775421143,0.7997298836708069,0.5267845988273621,0.37506088614463806,0.0,0.3795183002948761,0.5488314628601074,0.7004705667495728,0.8503304123878479,1.1381020545959473,1.4155268669128418,1.5504299402236938,1.8919802904129028,2.005378246307373,2.4813666343688965,2.4037084579467773,2.5909507274627686,2.3130342960357666,2.007936954498291,2.1916027069091797,2.3619515895843506,2.099335193634033,1.9650750160217285,2.3065543174743652,2.534282684326172,2.607539176940918,2.9671719074249268,3.14858341217041,3.196136951446533,3.6806769371032715,3.578387975692749,3.7351927757263184,3.43168044090271,3.1251463890075684,3.2226710319519043,3.3313040733337402,2.9955215454101562,2.789659261703491,3.068213701248169,3.095323085784912,2.8675506114959717,3.2094032764434814,3.3627607822418213,3.4073646068573,4.573154449462891,4.617523193359375,4.8877644538879395,4.6227707862854,4.386942386627197,4.701213836669922,4.803622722625732,4.548958778381348,4.485427379608154,4.8604631423950195,4.7787184715271,4.617314338684082,4.824790000915527,4.986144542694092,4.804055690765381,5.6875081062316895,5.783613681793213,6.127556800842285,6.150310516357422,6.027667999267578,6.250076770782471,6.542809009552002,6.5645036697387695,6.542792320251465,6.777726650238037,7.039821624755859,7.189751148223877,7.425178527832031,7.711859703063965,7.9260029792785645
A7,1.350929856300354,1.0860650539398193,0.869682252407074,0.7557873129844666,0.57607102394104,0.3795183002948761,0.0,0.38009920716285706,0.5112053751945496,0.5373760461807251,0.7839910984039307,1.0868921279907227,1.214812994003296,1.5612983703613281,1.7172285318374634,2.176759958267212,2.141514301300049,2.3289523124694824,2.039694309234619,1.7588680982589722,1.9922457933425903,2.151394844055176,1.8980069160461426,1.8231914043426514,2.1824004650115967,2.385399580001831,2.4086344242095947,2.781524181365967,2.968534231185913,2.9800970554351807,3.5607235431671143,3.47357177734375,3.66023588180542,3.364689350128174,3.0566954612731934,3.186668634414673,3.318410873413086,2.9953391551971436,2.8083345890045166,3.1164329051971436,3.1563539505004883,2.967034101486206,3.320875883102417,3.4395956993103027,3.4423668384552,4.6220808029174805,4.668858051300049,4.954079627990723,4.708003997802734,4.477585792541504,4.791997909545898,4.91746187210083,4.681382656097412,4.608357906341553,4.988527297973633,4.933302402496338,4.781474590301514,4.9820637702941895,5.118516445159912,4.92689847946167,5.7570366859436035,5.870812892913818,6.204569339752197,6.229596138000488,6.1284685134887695,6.356578350067139,6.637841701507568,6.673060894012451,6.668954849243164,6.89677619934082,7.1545209884643555,7.318586349487305,7.558644771575928,7.842316627502441,8.070450782775879
A8,1.6626002788543701,1.3984403610229492,1.171997308731079,0.9992489218711853,0.7270118594169617,0.5488314628601074,0.38009920716285706,0.0,0.38088181614875793,0.6138158440589905,0.7541787028312683,1.0449548959732056,1.2784194946289062,1.569621205329895,1.7273173332214355,2.0320510864257812,1.9665532112121582,2.1100666522979736,1.8049818277359009,1.522255301475525,1.7251794338226318,1.8543959856033325,1.5759661197662354,1.4822278022766113,1.8355623483657837,2.0319676399230957,2.075587511062622,2.442411422729492,2.637266159057617,2.676670551300049,3.237762212753296,3.168642520904541,3.339488983154297,3.029756784439087,2.735713005065918,2.882275104522705,2.992957830429077,2.6632232666015625,2.5000598430633545,2.8173038959503174,2.835404872894287,2.661191940307617,3.019137144088745,3.115065336227417,3.1126530170440674,4.296916484832764,4.360564231872559,4.640397548675537,4.393705368041992,4.178264617919922,4.502513408660889,4.625309944152832,4.402730941772461,4.344712257385254,4.727216720581055,4.6800737380981445,4.5483927726745605,4.763247966766357,4.897768020629883,4.722602367401123,5.530612468719482,5.66119384765625,5.9921345710754395,5.998752593994141,5.902518272399902,6.145861625671387,6.416809558868408,6.442643642425537,6.451767921447754,6.689673900604248,6.934754371643066,7.096256256103516,7.34876823425293,7.6219329833984375,7.850396156311035
A9,1.844079852104187,1.5470407009124756,1.3733965158462524,1.2037014961242676,0.9971914887428284,0.7004705667495728,0.5112053751945496,0.38088181614875793,0.0,0.389666348695755,0.6159077882766724,0.8073287010192871,1.0402958393096924,1.3131476640701294,1.4119293689727783,1.8003801107406616,1.7043466567993164,1.8976142406463623,1.639810562133789,1.3209867477416992,1.5166831016540527,1.7139806747436523,1.4957942962646484,1.3897868394851685,1.7463537454605103,1.9887443780899048,2.0387394428253174,2.400049924850464,2.548142194747925,2.5579469203948975,3.082733154296875,2.9787707328796387,3.1752285957336426,2.8945977687835693,2.5746026039123535,2.700024127960205,2.8541688919067383,2.546785831451416,2.35267972946167,2.671847105026245,2.7395896911621094,2.5782721042633057,2.9360430240631104,3.0388705730438232,3.0097157955169678,4.186553001403809,4.221061706542969,4.520256996154785,4.29285192489624,4.056889533996582,4.363654613494873,4.51192569732666,4.288886547088623,4.1996684074401855,4.581943511962891,4.552304744720459,4.406741142272949,4.597283363342285,4.709555149078369,4.5118279457092285,5.299236297607422,5.426084518432617,5.752269268035889,5.776700973510742,5.690834999084473,5.924038410186768,6.195460319519043,6.239892482757568,6.250244140625,6.4730544090271,6.725635051727295,6.900516510009766,7.144879341125488,7.424784183502197,7.664592266082764
A10,1.7809605598449707,1.5220049619674683,1.3285828828811646,1.263953685760498,1.1124933958053589,0.8503304123878479,0.5373760461807251,0.6138158440589905,0.389666348695755,0.0,0.38046205043792725,0.5829731822013855,0.7121551632881165,1.041852355003357,1.1810160875320435,1.6921570301055908,1.6656265258789062,1.893968939781189,1.643985390663147,1.360771656036377,1.6253387928009033,1.8280242681503296,1.6435742378234863,1.6120810508728027,1.9743345975875854,2.190941572189331,2.1807923316955566,2.5519301891326904,2.6978142261505127,2.65506649017334,3.271188735961914,3.1681525707244873,3.398045301437378,3.1377170085906982,2.8123950958251953,2.9498450756073,3.133885145187378,2.8457963466644287,2.654148578643799,2.981943368911743,3.071532726287842,2.9285807609558105,3.286147117614746,3.3793208599090576,3.325124502182007,4.496661186218262,4.520975589752197,4.832502841949463,4.620463848114014,4.37986946105957,4.677476406097412,4.842641353607178,4.624429225921631,4.518866062164307,4.900270462036133,4.883190631866455,4.73063850402832,4.904873371124268,5.000455856323242,4.785051345825195,5.545020580291748,5.671576976776123,5.990660190582275,6.030585765838623,5.957306385040283,6.18213415145874,6.451725482940674,6.512946605682373,6.526155948638916,6.735352993011475,6.9933648109436035,7.179871559143066,7.4174909591674805,7.702259540557861,7.951314449310303
A11,2.010920524597168,1.7973862886428833,1.5464481115341187,1.526816964149475,1.3348873853683472,1.1381020545959473,0.7839910984039307,0.7541787028312683,0.6159077882766724,0.38046205043792725,0.0,0.3559016287326813,0.5740023255348206,0.8475754857063293,1.0831713676452637,1.4282145500183105,1.4626580476760864,1.6519522666931152,1.3689777851104736,1.1420373916625977,1.4619593620300293,1.612024188041687,1.4281713962554932,1.4781715869903564,1.8380365371704102,2.00213885307312,1.934062123298645,2.311077356338501,2.474400281906128,2.4052822589874268,3.1285793781280518,3.0608441829681396,3.306220054626465,3.0457465648651123,2.7383081912994385,2.919275999069214,3.103086233139038,2.8263745307922363,2.6759116649627686,3.026106357574463,3.104044198989868,3.0012645721435547,3.3628475666046143,3.4131240844726562,3.3262414932250977,4.497350215911865,4.538444519042969,4.853222370147705,4.654910087585449,4.433377742767334,4.7368059158325195,4.9127197265625,4.718171119689941,4.620125770568848,5.003499984741211,5.007472515106201,4.876071453094482,5.055723190307617,5.135012626647949,4.926205635070801,5.630072593688965,5.77974271774292,6.087977409362793,6.1170430183410645,6.062498092651367,6.300288200378418,6.5539631843566895,6.617746829986572,6.651429653167725,6.861895561218262,7.1076531410217285,7.3009562492370605,7.549156665802002,7.824080467224121,8.081417083740234
A12,2.3082072734832764,2.080889940261841,1.8591766357421875,1.8311034440994263,1.6545686721801758,1.4155268669128418,1.0868921279907227,1.0449548959732056,0.8073287010192871,0.5829731822013855,0.3559016287326813,0.0,0.3691695034503937,0.5331910252571106,0.7454076409339905,1.126611590385437,1.1605311632156372,1.3946168422698975,1.1675584316253662,0.9422385096549988,1.2719602584838867,1.465172290802002,1.3606877326965332,1.4329285621643066,1.7716970443725586,1.9501197338104248,1.8693490028381348,2.2296528816223145,2.3484208583831787,2.239194631576538,2.957782506942749,2.872164726257324,3.1454901695251465,2.917088747024536,2.5994162559509277,2.7757160663604736,2.9957640171051025,2.7500193119049072,2.59390926361084,2.9462924003601074,3.0601983070373535,2.9862616062164307,3.3419506549835205,3.3803727626800537,3.259445905685425,4.408337593078613,4.429976463317871,4.76016902923584,4.585719585418701,4.356128692626953,4.643676280975342,4.844271659851074,4.660395622253418,4.539628982543945,4.91997766494751,4.947339057922363,4.813845157623291,4.973313331604004,5.025948524475098,4.802031993865967,5.458486557006836,5.613523960113525,5.9111528396606445,5.951452732086182,5.914121150970459,6.146962642669678,6.393195629119873,6.4741129875183105,6.517040252685547,6.7137956619262695,6.960042476654053,7.1670002937316895,7.411391258239746,7.687202453613281,7.956855297088623
A13,2.282170295715332,2.079324960708618,1.8773680925369263,1.9056251049041748,1.7832828760147095,1.5504299402236938,1.214812994003296,1.2784194946289062,1.0402958393096924,0.7121551632881165,0.5740023255348206,0.3691695034503937,0.0,0.3817960023880005,0.6163853406906128,1.2422728538513184,1.3333452939987183,1.6066784858703613,1.4269630908966064,1.241280198097229,1.5714675188064575,1.778544306755066,1.7068467140197754,1.7921055555343628,2.1227211952209473,2.2984824180603027,2.1974105834960938,2.5508217811584473,2.656313419342041,2.5137887001037598,3.2477786540985107,3.1478147506713867,3.4389681816101074,3.2320802211761475,2.9073235988616943,3.069611072540283,3.311176300048828,3.0784218311309814,2.9067137241363525,3.2510361671447754,3.386118173599243,3.307250499725342,3.659350633621216,3.710178852081299,3.585768699645996,4.722795009613037,4.727573871612549,5.065520763397217,4.899023532867432,4.657651901245117,4.93326997756958,5.143066883087158,4.9532999992370605,4.815397262573242,5.192682266235352,5.221700668334961,5.0731682777404785,5.215381622314453,5.259942054748535,5.018205165863037,5.670605182647705,5.814615726470947,6.108951091766357,6.168447971343994,6.134960174560547,6.353538513183594,6.604023456573486,6.699462890625,6.736205101013184,6.919008255004883,7.174931049346924,7.389550685882568,7.622513771057129,7.906520366668701,8.18104362487793
A14,2.663346290588379,2.459395170211792,2.2549495697021484,2.2734296321868896,2.1339304447174072,1.8919802904129028,1.5612983703613281,1.569621205329895,1.3131476640701294,1.041852355003357,0.8475754857063293,0.5331910252571106,0.3817960023880005,0.0,0.3764800727367401,0.9197031259536743,1.0577064752578735,1.3428853750228882,1.2264198064804077,1.1022273302078247,1.4291346073150635,1.6334470510482788,1.6361308097839355,1.7653909921646118,2.0591635704040527,2.216575860977173,2.085465908050537,2.4129276275634766,2.4838531017303467,2.2974112033843994,3.0577187538146973,2.960779905319214,3.276886224746704,3.100508213043213,2.7830731868743896,2.9571993350982666,3.2222633361816406,3.023595094680786,2.8696377277374268,3.217944622039795,3.3723509311676025,3.333688497543335,3.677799940109253,3.7001454830169678,3.537459373474121,4.6429057121276855,4.640193462371826,4.988636493682861,4.848276138305664,4.611678600311279,4.87544059753418,5.107446670532227,4.938398361206055,4.788141250610352,5.161130428314209,5.217729568481445,5.079132080078125,5.208181858062744,5.224463939666748,4.97680139541626,5.560467720031738,5.719578266143799,5.998737335205078,6.060669422149658,6.04983377456665,6.270358562469482,6.50584077835083,6.61492395401001,6.6689677238464355,6.841545104980469,7.0903754234313965,7.317856311798096,7.552732467651367,7.831292629241943,8.11844253540039
A15,2.824636697769165,2.5879571437835693,2.429687261581421,2.4125564098358154,2.2915663719177246,2.005378246307373,1.7172285318374634,1.7273173332214355,1.4119293689727783,1.1810160875320435,1.0831713676452637,0.7454076409339905,0.6163853406906128,0.3764800727367401,0.0,0.959299623966217,0.9981849193572998,1.348107933998108,1.3254071474075317,1.1622343063354492,1.4156670570373535,1.6864770650863647,1.7438874244689941,1.82440984249115,2.093857526779175,2.296614170074463,2.2068095207214355,2.509856700897217,2.52978515625,2.340409994125366,2.986365795135498,2.8459081649780273,3.1712145805358887,3.0266175270080566,2.6920881271362305,2.8268837928771973,3.12156343460083,2.9463770389556885,2.763131856918335,3.0925657749176025,3.2848870754241943,3.2480764389038086,3.5794379711151123,3.6174254417419434,3.447413921356201,4.522458553314209,4.490487098693848,4.848560333251953,4.721672534942627,4.466862678527832,4.710260391235352,4.956526756286621,4.783391952514648,4.60839319229126,4.974799156188965,5.039703845977783,4.887270450592041,4.993287563323975,4.9943342208862305,4.729799747467041,5.301855087280273,5.450400352478027,5.725902557373047,5.805004596710205,5.797884941101074,6.004929065704346,6.24307918548584,6.365794658660889,6.415164470672607,6.574024200439453,6.8303680419921875,7.065333366394043,7.289652347564697,7.574542999267578,7.866961479187012
B1,3.4287190437316895,3.205537796020508,2.9732329845428467,2.932011127471924,2.7210464477539062,2.4813666343688965,2.176759958267212,2.0320510864257812,1.8003801107406616,1.6921570301055908,1.4282145500183105,1.126611590385437,1.2422728538513184,0.9197031259536743,0.959299623966217,0.0,0.3918624818325043,0.5166721940040588,0.5896368622779846,0.720446765422821,0.9408330321311951,1.0416152477264404,1.2231082916259766,1.449436068534851,1.6090115308761597,1.685920238494873,1.4994184970855713,1.7391198873519897,1.736925721168518,1.4769726991653442,2.309056282043457,2.2622618675231934,2.605593204498291,2.472414493560791,2.2057738304138184,2.4377684593200684,2.7091686725616455,2.5806806087493896,2.5117721557617188,2.8665454387664795,3.018406867980957,3.0818827152252197,3.399915933609009,3.3337857723236084,3.093144178390503,4.117778301239014,4.13114070892334,4.483361721038818,4.390507698059082,4.1923298835754395,4.44662618637085,4.70710563659668,4.597561359405518,4.454558372497559,4.8166913986206055,4.928318977355957,4.839354991912842,4.96835470199585,4.938836097717285,4.7137041091918945,5.145538330078125,5.355709075927734,5.60413122177124,5.636682987213135,5.6689910888671875,5.916405200958252,6.109623432159424,6.2217230796813965,6.323258876800537,6.496721267700195,6.711491107940674,6.951243877410889,7.208242416381836,7.459170818328857,7.7625732421875
B2,3.4426000118255615,3.184501886367798,2.979780673980713,2.8887245655059814,2.673597812652588,2.4037084579467773,2.141514301300049,1.9665532112121582,1.7043466567993164,1.6656265258789062,1.4626580476760864,1.1605311632156372,1.3333452939987183,1.0577064752578735,0.9981849193572998,0.3918624818325043,0.0,0.3814532160758972,0.5636917352676392,0.5560616850852966,0.6467752456665039,0.853884220123291,1.0833982229232788,1.2294676303863525,1.364870309829712,1.5103389024734497,1.4078346490859985,1.6319622993469238,1.5838698148727417,1.3689544200897217,2.04042387008667,1.9510267972946167,2.291578769683838,2.1623804569244385,1.8714613914489746,2.0774922370910645,2.3640918731689453,2.2411320209503174,2.1513617038726807,2.498542308807373,2.6702311038970947,2.7347264289855957,3.045854330062866,2.9897403717041016,2.748851776123047,3.772345542907715,3.7722344398498535,4.128277778625488,4.034311771392822,3.824678421020508,4.0740065574646,4.337009906768799,4.222293376922607,4.071620464324951,4.433319568634033,4.54510498046875,4.452504634857178,4.577836990356445,4.547852516174316,4.322422981262207,4.768617630004883,4.9748735427856445,5.228672981262207,5.260629177093506,5.286321640014648,5.533526420593262,5.731314659118652,5.840390682220459,5.937562465667725,6.113491058349609,6.330445289611816,6.567646026611328,6.824161529541016,7.076963901519775,7.378043174743652
B3,3.6475021839141846,3.40000057220459,3.1700077056884766,3.0750229358673096,2.8324780464172363,2.5909507274627686,2.3289523124694824,2.1100666522979736,1.8976142406463623,1.893968939781189,1.6519522666931152,1.3946168422698975,1.6066784858703613,1.3428853750228882,1.348107933998108,0.5166721940040588,0.3814532160758972,0.0,0.39334914088249207,0.5933847427368164,0.6067055463790894,0.6326364874839783,0.9266148209571838,1.142500400543213,1.2051573991775513,1.2664642333984375,1.1154577732086182,1.3006612062454224,1.247893214225769,1.0040295124053955,1.7994866371154785,1.7744207382202148,2.1092586517333984,1.9721013307571411,1.7267963886260986,1.9870160818099976,2.24218487739563,2.1343390941619873,2.108611822128296,2.4615237712860107,2.5984926223754883,2.70290207862854,3.0052154064178467,2.902437925338745,2.6391236782073975,3.6391654014587402,3.667999505996704,4.014263153076172,3.928858757019043,3.7499773502349854,4.008400917053223,4.268452167510986,4.180379390716553,4.052719593048096,4.411169528961182,4.53591251373291,4.472864151000977,4.61387300491333,4.579324245452881,4.37780237197876,4.775811672210693,5.006104946136475,5.250417709350586,5.257708549499512,5.294650077819824,5.560059547424316,5.7399373054504395,5.838039875030518,5.954514980316162,6.140675067901611,6.338669300079346,6.572627067565918,6.843734264373779,7.080879211425781,7.381915092468262
B4,3.3510055541992188,3.1194679737091064,2.866515636444092,2.780963897705078,2.5240213871002197,2.3130342960357666,2.039694309234619,1.8049818277359009,1.639810562133789,1.643985390663147,1.3689777851104736,1.1675584316253662,1.4269630908966064,1.2264198064804077,1.3254071474075317,0.5896368622779846,0.5636917352676392,0.39334914088249207,0.0,0.3717855215072632,0.5655068755149841,0.5045029520988464,0.652987003326416,0.9343392848968506,1.0786722898483276,1.114188313484192,0.9268048405647278,1.2071641683578491,1.2677669525146484,1.0896528959274292,1.972785234451294,1.979851484298706,2.276503562927246,2.0772042274475098,1.8343850374221802,2.1145246028900146,2.324730396270752,2.1599812507629395,2.1386988162994385,2.5098114013671875,2.6027324199676514,2.6732444763183594,2.9971742630004883,2.9048590660095215,2.6781327724456787,3.7391068935394287,3.7957658767700195,4.127161979675293,4.0090813636779785,3.8380331993103027,4.122143745422363,4.354834079742432,4.252047538757324,4.15051794052124,4.518813133239746,4.616410732269287,4.554245948791504,4.721160888671875,4.718639850616455,4.530848979949951,4.99498176574707,5.219007968902588,5.478528022766113,5.47411584854126,5.490253925323486,5.762500762939453,5.95335578918457,6.032537460327148,6.138204097747803,6.340958118438721,6.540469646453857,6.7601494789123535,7.036560535430908,7.274403095245361,7.562873363494873
B5,3.094320297241211,2.8380703926086426,2.6106085777282715,2.4961018562316895,2.2473206520080566,2.007936954498291,1.7588680982589722,1.522255301475525,1.3209867477416992,1.360771656036377,1.1420373916625977,0.9422385096549988,1.241280198097229,1.1022273302078247,1.1622343063354492,0.720446765422821,0.5560616850852966,0.5933847427368164,0.3717855215072632,0.0,0.3842952847480774,0.5452775955200195,0.6014875173568726,0.7516941428184509,0.9813570380210876,1.1368495225906372,1.0628674030303955,1.3729325532913208,1.4304845333099365,1.3238974809646606,2.0353844165802,1.9877902269363403,2.2690465450286865,2.0509462356567383,1.763513207435608,2.0011188983917236,2.219322681427002,2.0211973190307617,1.945386290550232,2.3171637058258057,2.424410104751587,2.4522290229797363,2.78861665725708,2.7392935752868652,2.544595718383789,3.648190498352051,3.6899051666259766,4.02316951751709,3.8839292526245117,3.6889991760253906,3.9759514331817627,4.199349403381348,4.069106101989746,3.9603705406188965,4.334932804107666,4.41145133972168,4.328662395477295,4.495845794677734,4.511422157287598,4.315885543823242,4.849544048309326,5.053081512451172,5.328526973724365,5.3333024978637695,5.32849645614624,5.592255115509033,5.801941871643066,5.877081871032715,5.962799549102783,6.168318748474121,6.381485462188721,6.594760417938232,6.863945484161377,7.112933158874512,7.394000053405762
B6,3.342456579208374,3.0621423721313477,2.857991933822632,2.7007811069488525,2.446932315826416,2.1916027069091797,1.9922457933425903,1.7251794338226318,1.5166831016540527,1.6253387928009033,1.4619593620300293,1.2719602584838867,1.5714675188064575,1.4291346073150635,1.4156670570373535,0.9408330321311951,0.6467752456665039,0.6067055463790894,0.5655068755149841,0.3842952847480774,0.0,0.3870127499103546,0.5833068490028381,0.6169395446777344,0.7330960631370544,0.9520705342292786,0.9780260920524597,1.2199610471725464,1.2041007280349731,1.1435961723327637,1.6859467029571533,1.6168928146362305,1.8933818340301514,1.6820307970046997,1.3849455118179321,1.6202577352523804,1.8477598428726196,1.670485496520996,1.603602409362793,1.9719595909118652,2.0930261611938477,2.152419090270996,2.474330425262451,2.407984733581543,2.191417694091797,3.276371479034424,3.3125555515289307,3.649137258529663,3.519956111907959,3.3259952068328857,3.6075682640075684,3.839184284210205,3.720092296600342,3.6084604263305664,3.979644298553467,4.069678783416748,3.99755859375,4.162639141082764,4.167453765869141,3.979727268218994,4.487863063812256,4.7003936767578125,4.972397327423096,4.9681243896484375,4.967642307281494,5.237917900085449,5.440603256225586,5.512788772583008,5.6063055992126465,5.81441593170166,6.020402431488037,6.233706474304199,6.507739067077637,6.751056671142578,7.033518314361572
B7,3.4905970096588135,3.233344793319702,2.9966509342193604,2.851935863494873,2.573657751083374,2.3619515895843506,2.151394844055176,1.8543959856033325,1.7139806747436523,1.8280242681503296,1.612024188041687,1.465172290802002,1.778544306755066,1.6334470510482788,1.6864770650863647,1.0416152477264404,0.853884220123291,0.6326364874839783,0.5045029520988464,0.5452775955200195,0.3870127499103546,0.0,0.37202709913253784,0.5778236389160156,0.599378764629364,0.6584059000015259,0.6022612452507019,0.8535920977592468,0.8923884034156799,0.8474346399307251,1.571699857711792,1.5942951440811157,1.8487290143966675,1.6105084419250488,1.3800361156463623,1.683716893196106,1.8549742698669434,1.6813970804214478,1.6981511116027832,2.0693562030792236,2.133604049682617,2.228175640106201,2.542288303375244,2.425344944000244,2.1956253051757812,3.2620627880096436,3.337826728820801,3.65808367729187,3.531083822250366,3.374739170074463,3.670480251312256,3.8911476135253906,3.797915458679199,3.717548131942749,4.085016250610352,4.181830883026123,4.140394687652588,4.325407981872559,4.331762790679932,4.1704325675964355,4.638134002685547,4.872058868408203,5.13541316986084,5.106115341186523,5.114058971405029,5.401699542999268,5.587759017944336,5.646590709686279,5.757081031799316,5.976588249206543,6.163946628570557,6.371550559997559,6.659731864929199,6.887450218200684,7.167412281036377
B8,3.217247247695923,2.9707937240600586,2.720271348953247,2.572164297103882,2.2791717052459717,2.099335193634033,1.8980069160461426,1.5759661197662354,1.4957942962646484,1.6435742378234863,1.4281713962554932,1.3606877326965332,1.7068467140197754,1.6361308097839355,1.7438874244689941,1.2231082916259766,1.0833982229232788,0.9266148209571838,0.652987003326416,0.6014875173568726,0.5833068490028381,0.37202709913253784,0.0,0.37332674860954285,0.5473884344100952,0.5945587158203125,0.563048243522644,0.9137308597564697,1.0745790004730225,1.1095249652862549,1.8177986145019531,1.8555796146392822,2.06282639503479,1.7733930349349976,1.5503716468811035,1.8472059965133667,1.967250108718872,1.7336748838424683,1.7456203699111938,2.1224873065948486,2.1393167972564697,2.187758684158325,2.52081561088562,2.424208641052246,2.2451095581054688,3.3602848052978516,3.459214925765991,3.761326551437378,3.5999135971069336,3.4490482807159424,3.7668094635009766,3.9567577838897705,3.8453574180603027,3.7904744148254395,4.164827823638916,4.2309722900390625,4.187760829925537,4.396536350250244,4.436248779296875,4.288214206695557,4.8242950439453125,5.047552585601807,5.325700759887695,5.287485122680664,5.272833824157715,5.56376838684082,5.761981010437012,5.802411079406738,5.899112224578857,6.1334547996521,6.323558807373047,6.5160136222839355,6.806899070739746,7.0362043380737305,7.302331924438477
B9,3.144498109817505,2.869030475616455,2.6527926921844482,2.456235647201538,2.1671645641326904,1.9650750160217285,1.8231914043426514,1.4822278022766113,1.3897868394851685,1.6120810508728027,1.4781715869903564,1.4329285621643066,1.7921055555343628,1.7653909921646118,1.82440984249115,1.449436068534851,1.2294676303863525,1.142500400543213,0.9343392848968506,0.7516941428184509,0.6169395446777344,0.5778236389160156,0.37332674860954285,0.0,0.36659571528434753,0.6298105716705322,0.8025949001312256,1.0888431072235107,1.2025281190872192,1.3119370937347412,1.775492548942566,1.7651216983795166,1.9362083673477173,1.6241774559020996,1.3695701360702515,1.6237422227859497,1.7301386594772339,1.4591585397720337,1.432878017425537,1.8088712692260742,1.8250588178634644,1.8419198989868164,2.1842284202575684,2.1184046268463135,1.970230221748352,3.1209206581115723,3.2114758491516113,3.510603427886963,3.3288450241088867,3.1618149280548096,3.484771490097046,3.662823438644409,3.5315842628479004,3.4777164459228516,3.856257200241089,3.905174493789673,3.852581739425659,4.067596435546875,4.124513626098633,3.980473756790161,4.570396900177002,4.780136585235596,5.0709662437438965,5.031818866729736,4.998096466064453,5.286738872528076,5.497422695159912,5.52813720703125,5.610744476318359,5.852100849151611,6.048427104949951,6.231918811798096,6.520456790924072,6.754823207855225,7.01249885559082
B10,3.4949793815612793,3.216046094894409,3.0049185752868652,2.796072483062744,2.504204511642456,2.3065543174743652,2.1824004650115967,1.8355623483657837,1.7463537454605103,1.9743345975875854,1.8380365371704102,1.7716970443725586,2.1227211952209473,2.0591635704040527,2.093857526779175,1.6090115308761597,1.364870309829712,1.2051573991775513,1.0786722898483276,0.9813570380210876,0.7330960631370544,0.599378764629364,0.5473884344100952,0.36659571528434753,0.0,0.39113226532936096,0.695579469203949,0.8648539781570435,0.9240591526031494,1.1079241037368774,1.4409297704696655,1.4633311033248901,1.6077431440353394,1.283011555671692,1.0656524896621704,1.3608208894729614,1.4369362592697144,1.1927589178085327,1.2416290044784546,1.6110111474990845,1.608096718788147,1.6910783052444458,2.007707118988037,1.8869725465774536,1.6995896100997925,2.8185458183288574,2.924299716949463,3.2197701930999756,3.053579568862915,2.9087843894958496,3.2314932346343994,3.415813446044922,3.313048839569092,3.2701377868652344,3.641498565673828,3.71197509765625,3.6865334510803223,3.905240297317505,3.9468629360198975,3.8216726779937744,4.35300350189209,4.582815170288086,4.8624749183654785,4.804638862609863,4.783429145812988,5.085223197937012,5.27856969833374,5.303513526916504,5.404111862182617,5.649985313415527,5.829913139343262,6.013370990753174,6.3122172355651855,6.533339023590088,6.793553829193115
B11,3.6766486167907715,3.4249367713928223,3.1822659969329834,2.999279499053955,2.6926369667053223,2.534282684326172,2.385399580001831,2.0319676399230957,1.9887443780899048,2.190941572189331,2.00213885307312,1.9501197338104248,2.2984824180603027,2.216575860977173,2.296614170074463,1.685920238494873,1.5103389024734497,1.2664642333984375,1.114188313484192,1.1368495225906372,0.9520705342292786,0.6584059000015259,0.5945587158203125,0.6298105716705322,0.39113226532936096,0.0,0.38843226432800293,0.5125077962875366,0.6831523180007935,0.9145829677581787,1.4254218339920044,1.548116683959961,1.6761950254440308,1.3498494625091553,1.2278982400894165,1.5740737915039062,1.6021159887313843,1.3932242393493652,1.5252984762191772,1.873918890953064,1.8229132890701294,1.9440503120422363,2.2375855445861816,2.0645740032196045,1.8616613149642944,2.9184322357177734,3.06083083152771,3.338301181793213,3.1837689876556396,3.08046555519104,3.4080660343170166,3.5848097801208496,3.512892961502075,3.4961516857147217,3.8578896522521973,3.939648389816284,3.9429311752319336,4.1725568771362305,4.208242416381836,4.103078365325928,4.5777459144592285,4.827663421630859,5.094015598297119,5.017109394073486,5.009780406951904,5.32429313659668,5.498756408691406,5.516393184661865,5.635232925415039,5.886369228363037,6.048264503479004,6.229526996612549,6.539381980895996,6.745206356048584,7.005453586578369
B12,3.6924564838409424,3.466911554336548,3.195755958557129,3.0571024417877197,2.7499680519104004,2.607539176940918,2.4086344242095947,2.075587511062622,2.0387394428253174,2.1807923316955566,1.934062123298645,1.8693490028381348,2.1974105834960938,2.085465908050537,2.2068095207214355,1.4994184970855713,1.4078346490859985,1.1154577732086182,0.9268048405647278,1.0628674030303955,0.9780260920524597,0.6022612452507019,0.563048243522644,0.8025949001312256,0.695579469203949,0.38843226432800293,0.0,0.3841702938079834,0.6611043810844421,0.7624779343605042,1.5925697088241577,1.7460061311721802,1.9196747541427612,1.6335982084274292,1.5225578546524048,1.8817013502120972,1.9413843154907227,1.7608253955841064,1.886094093322754,2.2394542694091797,2.205141544342041,2.3287901878356934,2.62384033203125,2.4469480514526367,2.2293334007263184,3.2529075145721436,3.393909215927124,3.6757144927978516,3.5384676456451416,3.4412145614624023,3.7607452869415283,3.948432207107544,3.885946273803711,3.861748218536377,4.221127986907959,4.313469886779785,4.315674781799316,4.536346435546875,4.559033393859863,4.442911624908447,4.882371425628662,5.138832092285156,5.395671367645264,5.326141834259033,5.334151744842529,5.646109580993652,5.813356876373291,5.843079566955566,5.970271110534668,6.212286949157715,6.373055934906006,6.563572406768799,6.872079849243164,7.076867580413818,7.345013618469238
B13,4.066363334655762,3.83644437789917,3.5699310302734375,3.4205269813537598,3.1113102436065674,2.9671719074249268,2.781524181365967,2.442411422729492,2.400049924850464,2.5519301891326904,2.311077356338501,2.2296528816223145,2.5508217811584473,2.4129276275634766,2.509856700897217,1.7391198873519897,1.6319622993469238,1.3006612062454224,1.2071641683578491,1.3729325532913208,1.2199610471725464,0.8535920977592468,0.9137308597564697,1.0888431072235107,0.8648539781570435,0.5125077962875366,0.3841702938079834,0.0,0.37124645709991455,0.590862512588501,1.3451831340789795,1.5685118436813354,1.7118583917617798,1.4474207162857056,1.418570637702942,1.798066258430481,1.82453191280365,1.7010672092437744,1.891092300415039,2.214531898498535,2.163968563079834,2.3436439037323,2.6021666526794434,2.375457286834717,2.1245250701904297,3.058458089828491,3.216370105743408,3.4876251220703125,3.375502109527588,3.309145212173462,3.6200733184814453,3.8128349781036377,3.7850918769836426,3.7724435329437256,4.117403030395508,4.233038425445557,4.263341426849365,4.483381271362305,4.487703800201416,4.390428066253662,4.754909515380859,5.031911849975586,5.272078514099121,5.184218406677246,5.209273815155029,5.532203197479248,5.677623271942139,5.703265190124512,5.850892543792725,6.0942206382751465,6.235749244689941,6.426849842071533,6.74454402923584,6.933455467224121,7.204536437988281
B14,4.28518009185791,4.0353217124938965,3.7881295680999756,3.625702381134033,3.3262486457824707,3.14858341217041,2.968534231185913,2.637266159057617,2.548142194747925,2.6978142261505127,2.474400281906128,2.3484208583831787,2.656313419342041,2.4838531017303467,2.52978515625,1.736925721168518,1.5838698148727417,1.247893214225769,1.2677669525146484,1.4304845333099365,1.2041007280349731,0.8923884034156799,1.0745790004730225,1.2025281190872192,0.9240591526031494,0.6831523180007935,0.6611043810844421,0.37124645709991455,0.0,0.3832094669342041,1.0040698051452637,1.2362322807312012,1.4066604375839233,1.1952993869781494,1.1835296154022217,1.5632694959640503,1.623263955116272,1.566379427909851,1.764441728591919,2.0686309337615967,2.059382677078247,2.280022144317627,2.514465570449829,2.272237777709961,1.976205825805664,2.8513617515563965,2.9854848384857178,3.272630453109741,3.192946195602417,3.1206557750701904,3.4092624187469482,3.629063844680786,3.6179099082946777,3.5827794075012207,3.919019937515259,4.061731338500977,4.094728946685791,4.293570518493652,4.269287586212158,4.164795875549316,4.468441963195801,4.754457473754883,4.9817986488342285,4.8987250328063965,4.941568851470947,5.262160301208496,5.396671295166016,5.4357404708862305,5.594647407531738,5.8263702392578125,5.964446544647217,6.166829586029053,6.482234001159668,6.669160842895508,6.950767993927002
