,A1,A2,A3,A4,A5,A6,A7,A8,A9,A10,A11,A12,A13,A14,A15,B1,B2,B3,B4,B5,B6,B7,B8,B9,B10,B11,B12,B13,B14,B15,C1,C2,C3,C4,C5,C6,C7,C8,C9,C10,C11,C12,C13,C14,C15,D1,D2,D3,D4,D5,D6,D7,D8,D9,D10,D11,D12,D13,D14,D15,E1,E2,E3,E4,E5,E6,E7,E8,E9,E10,E11,E12,E13,E14,E15
A1,0.0,0.38854292035102844,0.5655097961425781,0.8486910462379456,1.1945658922195435,1.5010873079299927,1.826837420463562,2.1571149826049805,2.413106918334961,2.7083380222320557,2.965608835220337,3.0984816551208496,3.4124839305877686,3.4421916007995605,3.431931257247925,3.1235108375549316,2.8990139961242676,3.0875232219696045,3.32780385017395,3.154637098312378,3.263982057571411,3.624281406402588,3.611524820327759,3.6667675971984863,3.942809581756592,3.8871214389801025,3.685109853744507,3.909236431121826,3.7789230346679688,4.070845603942871,5.341869354248047,5.597358226776123,5.843319892883301,5.814870357513428,5.977390289306641,6.251514911651611,6.2614312171936035,6.610266208648682,6.634694576263428,6.839929580688477,6.737215042114258,6.460081100463867,6.463679313659668,6.476051330566406,6.152928352355957,5.736087322235107,5.518896579742432,5.787189960479736,6.101949691772461,6.3787689208984375,6.627669811248779,6.872631549835205,7.014267921447754,7.1010284423828125,7.087985038757324,6.956583023071289,7.1532721519470215,7.52672815322876,7.564094543457031,7.648641109466553,8.4808931350708,8.747933387756348,8.94294261932373,9.054520606994629,9.20703125,9.262163162231445,9.289392471313477,9.50066089630127,9.734359741210938,9.739777565002441,10.026458740234375,10.026357650756836,10.283661842346191,10.279991149902344,10.273030281066895
A2,0.38854292035102844,0.0,0.394878089427948,0.5951461791992188,0.9368662238121033,1.262108325958252,1.57289457321167,1.8734822273254395,2.1148715019226074,2.403714656829834,2.653984308242798,2.7673916816711426,3.0934672355651855,3.146228313446045,3.1421022415161133,2.935230016708374,2.711588144302368,2.887071132659912,3.157984495162964,3.0172741413116455,3.127575159072876,3.498196840286255,3.509693145751953,3.561393976211548,3.8181254863739014,3.7644243240356445,3.543248176574707,3.7438769340515137,3.581768274307251,3.855496883392334,5.086478233337402,5.352121829986572,5.5945844650268555,5.5671305656433105,5.725091457366943,5.992729187011719,5.993032455444336,6.339071273803711,6.3527069091796875,6.5455708503723145,6.433344841003418,6.148317813873291,6.138857841491699,6.141063213348389,5.814059257507324,5.362851142883301,5.146656513214111,5.415513515472412,5.733827590942383,6.006499767303467,6.260966777801514,6.508285999298096,6.649209022521973,6.741475582122803,6.730582237243652,6.5977678298950195,6.792053699493408,7.165642261505127,7.206565856933594,7.286128520965576,8.098539352416992,8.365962028503418,8.562631607055664,8.676698684692383,8.83253288269043,8.891782760620117,8.923934936523438,9.138973236083984,9.375179290771484,9.385884284973145,9.67270565032959,9.678454399108887,9.93565845489502,9.935320854187012,9.93454647064209
A3,0.5655097961425781,0.394878089427948,0.0,0.37165841460227966,0.6709566116333008,0.9498269557952881,1.2672107219696045,1.599095106124878,1.853790044784546,2.1531763076782227,2.41041898727417,2.558429479598999,2.8658885955810547,2.894113779067993,2.9009153842926025,2.71612811088562,2.530184507369995,2.746974468231201,3.0136234760284424,2.8969359397888184,3.049967050552368,3.424649477005005,3.468726396560669,3.56087064743042,3.834739923477173,3.8203773498535156,3.6244752407073975,3.8419106006622314,3.6806812286376953,3.956669807434082,5.107564926147461,5.3877739906311035,5.649347305297852,5.646815776824951,5.821552276611328,6.100630760192871,6.1156840324401855,6.465831279754639,6.48805046081543,6.674719333648682,6.569530010223389,6.28518009185791,6.263785362243652,6.2468132972717285,5.926028728485107,5.373416900634766,5.134267330169678,5.38236141204834,5.699517726898193,5.965347766876221,6.213407039642334,6.473528861999512,6.634840488433838,6.7399516105651855,6.749061584472656,6.6352219581604,6.84354305267334,7.220152378082275,7.281202793121338,7.365410804748535,8.110349655151367,8.366256713867188,8.551501274108887,8.655821800231934,8.805051803588867,8.856684684753418,8.885470390319824,9.103196144104004,9.348089218139648,9.364360809326172,9.660573959350586,9.672709465026855,9.941183090209961,9.95464038848877,9.962332725524902
A4,0.8486910462379456,0.5951461791992188,0.37165841460227966,0.0,0.35439643263816833,0.6974446177482605,1.0247724056243896,1.3400791883468628,1.6254714727401733,1.8923358917236328,2.1732099056243896,2.3400051593780518,2.6621041297912598,2.727091073989868,2.7734487056732178,2.779470920562744,2.621368646621704,2.8406741619110107,3.1342790126800537,3.0598974227905273,3.2253549098968506,3.6058006286621094,3.677053928375244,3.7725095748901367,4.0306172370910645,4.0212531089782715,3.8115527629852295,4.005919456481934,3.8151965141296387,4.0693511962890625,5.16213846206665,5.454983234405518,5.712427616119385,5.711650371551514,5.879467964172363,6.148306846618652,6.1488938331604,6.493177890777588,6.498342514038086,6.66670036315918,6.544839382171631,6.247802257537842,6.205532550811768,6.173163414001465,5.844052314758301,5.216169834136963,4.976273536682129,5.218535423278809,5.54512357711792,5.795068264007568,6.0566606521606445,6.327676773071289,6.4927825927734375,6.614144325256348,6.631067752838135,6.515172481536865,6.7164411544799805,7.092104434967041,7.159192085266113,7.228526592254639,7.912878513336182,8.169332504272461,8.359323501586914,8.470486640930176,8.628927230834961,8.690666198730469,8.731989860534668,8.960053443908691,9.2133150100708,9.24306869506836,9.541333198547363,9.567085266113281,9.836771965026855,9.85848617553711,9.878872871398926
A5,1.1945658922195435,0.9368662238121033,0.6709566116333008,0.35439643263816833,0.0,0.3609406650066376,0.6825708150863647,0.9963914155960083,1.3005967140197754,1.5548005104064941,1.8472610712051392,2.0400307178497314,2.3564627170562744,2.428339958190918,2.502044439315796,2.6457111835479736,2.527625322341919,2.763343334197998,3.068955659866333,3.037909507751465,3.2297472953796387,3.611085891723633,3.71744966506958,3.834484815597534,4.087447643280029,4.10308313369751,3.9001431465148926,4.087014198303223,3.879887342453003,4.119309902191162,5.119998455047607,5.427335739135742,5.6923956871032715,5.707982540130615,5.8814826011657715,6.1505584716796875,6.152720928192139,6.495086669921875,6.496875762939453,6.650815010070801,6.525842666625977,6.224287509918213,6.16386079788208,6.1110663414001465,5.784017562866211,5.0569987297058105,4.803005218505859,5.02811336517334,5.356628894805908,5.594357967376709,5.856930255889893,6.139754772186279,6.318708419799805,6.455109596252441,6.488317966461182,6.384270668029785,6.5910539627075195,6.967097282409668,7.05026388168335,7.116367340087891,7.729509353637695,7.9780354499816895,8.162028312683105,8.26941967010498,8.427107810974121,8.48820686340332,8.532752990722656,8.766586303710938,9.028409957885742,9.06761646270752,9.372056007385254,9.408008575439453,9.684774398803711,9.718925476074219,9.750649452209473
A6,1.5010873079299927,1.262108325958252,0.9498269557952881,0.6974446177482605,0.3609406650066376,0.0,0.34079310297966003,0.69349205493927,1.0091946125030518,1.2683992385864258,1.5624209642410278,1.7896525859832764,2.0817158222198486,2.1342275142669678,2.225531816482544,2.4545810222625732,2.3831348419189453,2.643440008163452,2.946890115737915,2.95322585105896,3.176110029220581,3.553114414215088,3.692486047744751,3.8382811546325684,4.093435764312744,4.140927791595459,3.9566855430603027,4.146877288818359,3.9361743927001953,4.168084621429443,5.074183940887451,5.3935747146606445,5.671629428863525,5.708991050720215,5.894359588623047,6.169628143310547,6.182671070098877,6.525491237640381,6.53284215927124,6.677902698516846,6.558680057525635,6.258847236633301,6.186164379119873,6.1146955490112305,5.7958784103393555,4.977099895477295,4.703808307647705,4.9069061279296875,5.231653213500977,5.460947036743164,5.716020584106445,6.009031295776367,6.2056427001953125,6.353583335876465,6.405335903167725,6.319530963897705,6.538021564483643,6.9146599769592285,7.016550540924072,7.086781024932861,7.634738445281982,7.871383190155029,8.043801307678223,8.141578674316406,8.292508125305176,8.346484184265137,8.388005256652832,8.623744010925293,8.892729759216309,8.937313079833984,9.24927043914795,9.291525840759277,9.577581405639648,9.624443054199219,9.664527893066406
A7,1.826837420463562,1.57289457321167,1.2672107219696045,1.0247724056243896,0.6825708150863647,0.34079310297966003,0.0,0.37194401025772095,0.6891156435012817,0.9449871182441711,1.236704707145691,1.48666250705719,1.763330340385437,1.8160474300384521,1.931001901626587,2.3065853118896484,2.2771987915039062,2.542526960372925,2.852579116821289,2.903571844100952,3.1444756984710693,3.5151445865631104,3.6861653327941895,3.8480684757232666,4.092669486999512,4.162567138671875,3.9864790439605713,4.166506767272949,3.943326234817505,4.158439636230469,4.9663519859313965,5.2968597412109375,5.580854892730713,5.634349822998047,5.825057506561279,6.100180149078369,6.1168413162231445,6.456748962402344,6.46339225769043,6.595771312713623,6.4771833419799805,6.176751613616943,6.089510917663574,5.99982213973999,5.6871771812438965,4.78495979309082,4.49807596206665,4.682840824127197,5.005311489105225,5.2249979972839355,5.47637939453125,5.777786731719971,5.987172603607178,6.146265506744385,6.213072776794434,6.1407904624938965,6.366254806518555,6.742156982421875,6.859444618225098,6.930272579193115,7.418898582458496,7.646395206451416,7.810620307922363,7.902189254760742,8.04937744140625,8.099852561950684,8.14132022857666,8.379902839660645,8.654973983764648,8.705851554870605,9.022966384887695,9.072402954101562,9.364785194396973,9.422314643859863,9.471155166625977
A8,2.1571149826049805,1.8734822273254395,1.599095106124878,1.3400791883468628,0.9963914155960083,0.69349205493927,0.37194401025772095,0.0,0.3641417920589447,0.5757153034210205,0.8796619176864624,1.14603853225708,1.4271702766418457,1.5191786289215088,1.6742048263549805,2.274090528488159,2.277355909347534,2.5248258113861084,2.8495590686798096,2.947774648666382,3.191169261932373,3.5539040565490723,3.7517223358154297,3.915299415588379,4.137434959411621,4.217780113220215,4.037949562072754,4.194243431091309,3.9494903087615967,4.138369083404541,4.848171234130859,5.188757419586182,5.470176696777344,5.532523155212402,5.720451831817627,5.987635135650635,5.998420238494873,6.331371784210205,6.328852653503418,6.44351053237915,6.318054676055908,6.01306676864624,5.907305717468262,5.79925012588501,5.488889217376709,4.505392551422119,4.211524486541748,4.382135391235352,4.706201076507568,4.912835121154785,5.167647838592529,5.477169036865234,5.694016456604004,5.865907192230225,5.9442524909973145,5.879075527191162,6.104859352111816,6.478645324707031,6.607574939727783,6.672776222229004,7.102402210235596,7.32459831237793,7.4858222007751465,7.576559066772461,7.725226402282715,7.778088569641113,7.824822902679443,8.068864822387695,8.349909782409668,8.409729957580566,8.729540824890137,8.78861141204834,9.083961486816406,9.150384902954102,9.209510803222656
A9,2.413106918334961,2.1148715019226074,1.853790044784546,1.6254714727401733,1.3005967140197754,1.0091946125030518,0.6891156435012817,0.3641417920589447,0.0,0.3585974872112274,0.5641828179359436,0.8044869899749756,1.076106309890747,1.1646569967269897,1.3194763660430908,2.051252841949463,2.0828158855438232,2.314298629760742,2.643714189529419,2.7829959392547607,3.0303101539611816,3.3809118270874023,3.6040663719177246,3.774892807006836,3.9797472953796387,4.078033924102783,3.906555652618408,4.0495452880859375,3.795944929122925,3.9665307998657227,4.58089542388916,4.928508281707764,5.214223861694336,5.29111909866333,5.4845290184021,5.752557754516602,5.770252227783203,6.100775241851807,6.102302551269531,6.209132671356201,6.090287685394287,5.789935111999512,5.676934242248535,5.556033611297607,5.256387710571289,4.224892616271973,3.9182803630828857,4.0753936767578125,4.392660617828369,4.60005521774292,4.844901084899902,5.155961513519287,5.3816657066345215,5.555552005767822,5.643753528594971,5.59213399887085,5.828080654144287,6.2015910148620605,6.342671871185303,6.416233539581299,6.824889183044434,7.038762092590332,7.190132141113281,7.271732330322266,7.412252902984619,7.457056999206543,7.497467041015625,7.73882532119751,8.020631790161133,8.07934284210205,8.402263641357422,8.46135139465332,8.761192321777344,8.832915306091309,8.894418716430664
A10,2.7083380222320557,2.403714656829834,2.1531763076782227,1.8923358917236328,1.5548005104064941,1.2683992385864258,0.9449871182441711,0.5757153034210205,0.3585974872112274,0.0,0.34730643033981323,0.6769661903381348,0.9283357262611389,1.094948172569275,1.3321261405944824,2.2907681465148926,2.353576183319092,2.5707550048828125,2.9004712104797363,3.0691590309143066,3.316585063934326,3.657536745071411,3.895240545272827,4.065634727478027,4.254804611206055,4.356595516204834,4.180764198303223,4.304427623748779,4.035351753234863,4.183526039123535,4.716065883636475,5.070391654968262,5.349416255950928,5.430725574493408,5.61696720123291,5.872880458831787,5.8794474601745605,6.200202465057373,6.187342166900635,6.27382755279541,6.142279148101807,5.834445476531982,5.699825286865234,5.560351371765137,5.259467124938965,4.134463310241699,3.825269937515259,3.9634220600128174,4.285184860229492,4.4677252769470215,4.722586631774902,5.046123027801514,5.2795891761779785,5.473226547241211,5.574820041656494,5.527475357055664,5.757052421569824,6.125879764556885,6.277675151824951,6.336718559265137,6.657811641693115,6.867081165313721,7.018848419189453,7.104151248931885,7.251612186431885,7.304686069488525,7.357260704040527,7.608916759490967,7.900195121765137,7.974122524261475,8.299681663513184,8.374113082885742,8.676258087158203,8.759346961975098,8.835408210754395
A11,2.965608835220337,2.653984308242798,2.41041898727417,2.1732099056243896,1.8472610712051392,1.5624209642410278,1.236704707145691,0.8796619176864624,0.5641828179359436,0.34730643033981323,0.0,0.380807101726532,0.5816249847412109,0.7736289501190186,1.0353522300720215,2.1541290283203125,2.247816801071167,2.443118095397949,2.767970561981201,2.9749627113342285,3.2228758335113525,3.5461983680725098,3.806067705154419,3.98256778717041,4.153631687164307,4.272663593292236,4.107454299926758,4.217628479003906,3.9431378841400146,4.071720123291016,4.4984002113342285,4.858357906341553,5.140620708465576,5.237295627593994,5.428465366363525,5.684055328369141,5.6977996826171875,6.014603614807129,6.005842208862305,6.083404541015625,5.958987712860107,5.656979560852051,5.514575004577637,5.36125373840332,5.073024749755859,3.8941593170166016,3.5711467266082764,3.6908199787139893,4.00397253036499,4.184683322906494,4.4281229972839355,4.754158973693848,4.998298168182373,5.195338726043701,5.308871269226074,5.2771759033203125,5.517141342163086,5.884586811065674,6.049921989440918,6.117164611816406,6.4093427658081055,6.60880184173584,6.749453544616699,6.824691295623779,6.963369846343994,7.007843494415283,7.054029941558838,7.303234577178955,7.595911979675293,7.669465065002441,7.998569011688232,8.073785781860352,8.380937576293945,8.470402717590332,8.549646377563477
A12,3.0984816551208496,2.7673916816711426,2.558429479598999,2.3400051593780518,2.0400307178497314,1.7896525859832764,1.48666250705719,1.14603853225708,0.8044869899749756,0.6769661903381348,0.380807101726532,0.0,0.37385401129722595,0.6534050703048706,0.8592215180397034,2.0537867546081543,2.134359359741211,2.2790074348449707,2.613600492477417,2.842728614807129,3.0668129920959473,3.3773372173309326,3.6438281536102295,3.804401159286499,3.947192907333374,4.063336372375488,3.8920085430145264,3.9768714904785156,3.6887876987457275,3.7936112880706787,4.159812927246094,4.521418571472168,4.797242641448975,4.894745349884033,5.082014560699463,5.332057952880859,5.343501091003418,5.656362533569336,5.645785808563232,5.717761039733887,5.594850540161133,5.295106887817383,5.149895668029785,4.992321968078613,4.7094879150390625,3.530418872833252,3.2047348022460938,3.3291876316070557,3.640873432159424,3.8326151371002197,4.073146820068359,4.393815040588379,4.634000301361084,4.824847221374512,4.935161113739014,4.904289245605469,5.148172378540039,5.516682147979736,5.682838439941406,5.757056713104248,6.080422878265381,6.28102970123291,6.420406818389893,6.493332386016846,6.628608703613281,6.6699910163879395,6.7115092277526855,6.956610202789307,7.244561195373535,7.312434196472168,7.6394147872924805,7.709765911102295,8.01486873626709,8.10014820098877,8.175962448120117
A13,3.4124839305877686,3.0934672355651855,2.8658885955810547,2.6621041297912598,2.3564627170562744,2.0817158222198486,1.763330340385437,1.4271702766418457,1.076106309890747,0.9283357262611389,0.5816249847412109,0.37385401129722595,0.0,0.37346404790878296,0.650788426399231,2.0237932205200195,2.1635239124298096,2.305504083633423,2.6116864681243896,2.8800458908081055,3.118955135345459,3.4042978286743164,3.696868658065796,3.87827467918396,4.013372421264648,4.158676624298096,4.012462139129639,4.095996856689453,3.8152434825897217,3.9066073894500732,4.139325141906738,4.506442546844482,4.791718006134033,4.914403438568115,5.112475395202637,5.365546226501465,5.391524314880371,5.699568748474121,5.698051452636719,5.7599263191223145,5.648959636688232,5.359217643737793,5.204776763916016,5.028658866882324,4.765129089355469,3.504304885864258,3.158628225326538,3.243466377258301,3.537538528442383,3.716351270675659,3.9363441467285156,4.2644829750061035,4.526410102844238,4.727222442626953,4.860842227935791,4.857192039489746,5.115191459655762,5.478914260864258,5.666843414306641,5.749486446380615,5.998275279998779,6.180437088012695,6.301194190979004,6.358238697052002,6.480551242828369,6.509130954742432,6.542899131774902,6.78652811050415,7.080297470092773,7.151731967926025,7.486264705657959,7.561500549316406,7.876611232757568,7.975924968719482,8.05951976776123
A14,3.4421916007995605,3.146228313446045,2.894113779067993,2.727091073989868,2.428339958190918,2.1342275142669678,1.8160474300384521,1.5191786289215088,1.1646569967269897,1.094948172569275,0.7736289501190186,0.6534050703048706,0.37346404790878296,0.0,0.35464179515838623,1.7481049299240112,1.9353461265563965,2.099992275238037,2.3761775493621826,2.6601428985595703,2.9225587844848633,3.1942198276519775,3.502080202102661,3.710782289505005,3.859492063522339,4.033401966094971,3.9180715084075928,4.02430534362793,3.767329454421997,3.872593879699707,4.07280969619751,4.439546585083008,4.744027614593506,4.886909008026123,5.1044230461120605,5.374898433685303,5.426590442657471,5.741682529449463,5.763578414916992,5.838185787200928,5.750344753265381,5.476078510284424,5.335534572601318,5.162585258483887,4.91554069519043,3.681532621383667,3.32388973236084,3.394406318664551,3.6671645641326904,3.8578169345855713,4.048384666442871,4.36958646774292,4.64279317855835,4.8325958251953125,4.973539352416992,4.989399433135986,5.265081882476807,5.6287522315979,5.824556827545166,5.927250385284424,6.190118312835693,6.3600568771362305,6.464076519012451,6.503741264343262,6.6079511642456055,6.617186546325684,6.632464408874512,6.8646392822265625,7.154749393463135,7.215158939361572,7.554136276245117,7.619309902191162,7.941650867462158,8.043434143066406,8.120222091674805
A15,3.431931257247925,3.1421022415161133,2.9009153842926025,2.7734487056732178,2.502044439315796,2.225531816482544,1.931001901626587,1.6742048263549805,1.3194763660430908,1.3321261405944824,1.0353522300720215,0.8592215180397034,0.650788426399231,0.35464179515838623,0.0,1.441999912261963,1.6365257501602173,1.7793123722076416,2.0451762676239014,2.3451504707336426,2.603555679321289,2.86205792427063,3.177914619445801,3.3908579349517822,3.533923625946045,3.720395565032959,3.6202895641326904,3.7300281524658203,3.4846127033233643,3.5911827087402344,3.771972417831421,4.136800765991211,4.450931549072266,4.602569103240967,4.831148624420166,5.112903594970703,5.181490898132324,5.502236366271973,5.5416059494018555,5.629209041595459,5.559884548187256,5.29871940612793,5.174549579620361,5.010776519775391,4.77609920501709,3.612046480178833,3.2519731521606445,3.3297207355499268,3.587358236312866,3.8036510944366455,3.972724676132202,4.278330326080322,4.547987937927246,4.716829776763916,4.8506598472595215,4.873002529144287,5.1613640785217285,5.527149200439453,5.720202445983887,5.843177318572998,6.178559303283691,6.346685886383057,6.4431304931640625,6.4726033210754395,6.56355094909668,6.558615207672119,6.556662082672119,6.775259971618652,7.054936408996582,7.0984649658203125,7.435906887054443,7.485067844390869,7.8073883056640625,7.900984764099121,7.9645233154296875
B1,3.1235108375549316,2.935230016708374,2.71612811088562,2.779470920562744,2.6457111835479736,2.4545810222625732,2.3065853118896484,2.274090528488159,2.051252841949463,2.2907681465148926,2.1541290283203125,2.0537867546081543,2.0237932205200195,1.7481049299240112,1.441999912261963,0.0,0.37833908200263977,0.6367310285568237,0.7469291687011719,1.0034396648406982,1.333349585533142,1.5793837308883667,1.8923594951629639,2.1769063472747803,2.3988161087036133,2.644110918045044,2.6437158584594727,2.8613903522491455,2.739157199859619,2.9395246505737305,3.343155860900879,3.660219430923462,4.016822814941406,4.177265167236328,4.453701972961426,4.795098781585693,4.939517498016357,5.292853832244873,5.414483070373535,5.587098598480225,5.594740390777588,5.389681816101074,5.361551761627197,5.27230167388916,5.071967601776123,4.321079254150391,3.992342948913574,4.118942737579346,4.326236724853516,4.6192498207092285,4.723704814910889,4.959670543670654,5.1932549476623535,5.273317813873291,5.357774257659912,5.380362510681152,5.692849159240723,6.059849262237549,6.215470314025879,6.401730537414551,7.034480094909668,7.205455303192139,7.286823272705078,7.2910590171813965,7.342761039733887,7.295125484466553,7.236242294311523,7.402364253997803,7.6367058753967285,7.614323139190674,7.9369683265686035,7.919856071472168,8.232410430908203,8.284360885620117,8.28684139251709
B2,2.8990139961242676,2.711588144302368,2.530184507369995,2.621368646621704,2.527625322341919,2.3831348419189453,2.2771987915039062,2.277355909347534,2.0828158855438232,2.353576183319092,2.247816801071167,2.134359359741211,2.1635239124298096,1.9353461265563965,1.6365257501602173,0.37833908200263977,0.0,0.3721953332424164,0.5826408863067627,0.7460811138153076,1.0535640716552734,1.3558287620544434,1.6339972019195557,1.8909199237823486,2.1243491172790527,2.3399922847747803,2.317169666290283,2.545366048812866,2.4253194332122803,2.648373603820801,3.2055275440216064,3.5115511417388916,3.8589205741882324,3.993907928466797,4.2628045082092285,4.605252742767334,4.742919445037842,5.102354526519775,5.223628997802734,5.412044525146484,5.418020248413086,5.2122578620910645,5.20189905166626,5.135145664215088,4.926258563995361,4.2873735427856445,3.9780046939849854,4.1361823081970215,4.350194931030273,4.659515857696533,4.7737531661987305,4.996755123138428,5.208364963531494,5.271639823913574,5.331892967224121,5.332736492156982,5.63578462600708,6.005249500274658,6.1396918296813965,6.326543807983398,7.049279689788818,7.234617233276367,7.329006195068359,7.34356164932251,7.402200698852539,7.361722946166992,7.304704666137695,7.467509746551514,7.692256927490234,7.661068439483643,7.974882125854492,7.947804927825928,8.249574661254883,8.284812927246094,8.27510929107666
B3,3.0875232219696045,2.887071132659912,2.746974468231201,2.8406741619110107,2.763343334197998,2.643440008163452,2.542526960372925,2.5248258113861084,2.314298629760742,2.5707550048828125,2.443118095397949,2.2790074348449707,2.305504083633423,2.099992275238037,1.7793123722076416,0.6367310285568237,0.3721953332424164,0.0,0.3796567916870117,0.6032899022102356,0.8242473006248474,1.107997179031372,1.4025108814239502,1.6321216821670532,1.8246350288391113,2.044006824493408,2.0213258266448975,2.2271294593811035,2.103529214859009,2.310396909713745,2.83982253074646,3.1422030925750732,3.4893276691436768,3.6247334480285645,3.8961098194122314,4.241137981414795,4.3857197761535645,4.745398044586182,4.874833106994629,5.0687055587768555,5.085785388946533,4.890830993652344,4.891714096069336,4.832932949066162,4.636146068572998,4.077505588531494,3.7805228233337402,3.9467201232910156,4.145796775817871,4.4695234298706055,4.570381164550781,4.774109840393066,4.972176551818848,5.01591682434082,5.063904285430908,5.063809871673584,5.369033336639404,5.735517978668213,5.863097667694092,6.0617756843566895,6.843555927276611,7.029691696166992,7.122109413146973,7.1334381103515625,7.185899257659912,7.140119552612305,7.0745530128479,7.227357864379883,7.44108247756958,7.39793586730957,7.705601692199707,7.667099952697754,7.963295936584473,7.988687515258789,7.968957901000977
B4,3.32780385017395,3.157984495162964,3.0136234760284424,3.1342790126800537,3.068955659866333,2.946890115737915,2.852579116821289,2.8495590686798096,2.643714189529419,2.9004712104797363,2.767970561981201,2.613600492477417,2.6116864681243896,2.3761775493621826,2.0451762676239014,0.7469291687011719,0.5826408863067627,0.3796567916870117,0.0,0.3946564793586731,0.6473601460456848,0.8445557951927185,1.1783746480941772,1.463025689125061,1.668851375579834,1.941330075263977,1.9891709089279175,2.2201881408691406,2.154862880706787,2.365756034851074,2.819272994995117,3.1017494201660156,3.4617207050323486,3.6177873611450195,3.9061131477355957,4.263689041137695,4.437527656555176,4.796250820159912,4.951720237731934,5.157146453857422,5.201233863830566,5.029334545135498,5.0464863777160645,4.993681907653809,4.819826602935791,4.307955741882324,4.011746883392334,4.162859916687012,4.338123321533203,4.665248870849609,4.738915920257568,4.928369522094727,5.1284966468811035,5.157431602478027,5.207798004150391,5.2245683670043945,5.539952754974365,5.899740695953369,6.030951023101807,6.246715068817139,7.042575359344482,7.217504024505615,7.295239448547363,7.291584014892578,7.327118396759033,7.264111518859863,7.180917263031006,7.319212436676025,7.524203777313232,7.4675374031066895,7.77443790435791,7.72298526763916,8.021475791931152,8.04550838470459,8.015809059143066
B5,3.154637098312378,3.0172741413116455,2.8969359397888184,3.0598974227905273,3.037909507751465,2.95322585105896,2.903571844100952,2.947774648666382,2.7829959392547607,3.0691590309143066,2.9749627113342285,2.842728614807129,2.8800458908081055,2.6601428985595703,2.3451504707336426,1.0034396648406982,0.7460811138153076,0.6032899022102356,0.3946564793586731,0.0,0.36327022314071655,0.6461646556854248,0.9032244086265564,1.1980072259902954,1.467273235321045,1.7205252647399902,1.7803667783737183,2.0601515769958496,2.0395073890686035,2.295698642730713,2.936546564102173,3.1915977001190186,3.541252374649048,3.6721363067626953,3.9553685188293457,4.316850185394287,4.492062091827393,4.856058120727539,5.019035816192627,5.246235370635986,5.295279026031494,5.128657817840576,5.169209957122803,5.142278671264648,4.963198184967041,4.559264659881592,4.2794318199157715,4.452563762664795,4.632484436035156,4.968496799468994,5.048453330993652,5.228019714355469,5.41184663772583,5.426731586456299,5.457739353179932,5.457877159118652,5.764436721801758,6.124222278594971,6.236157417297363,6.453063011169434,7.3206400871276855,7.505481719970703,7.591876029968262,7.594662189483643,7.633668422698975,7.573947429656982,7.489993095397949,7.623488426208496,7.81972599029541,7.754085540771484,8.05349063873291,7.991482734680176,8.281291007995605,8.291259765625,8.248648643493652
B6,3.263982057571411,3.127575159072876,3.049967050552368,3.2253549098968506,3.2297472953796387,3.176110029220581,3.1444756984710693,3.191169261932373,3.0303101539611816,3.316585063934326,3.2228758335113525,3.0668129920959473,3.118955135345459,2.9225587844848633,2.603555679321289,1.333349585533142,1.0535640716552734,0.8242473006248474,0.6473601460456848,0.36327022314071655,0.0,0.3827078640460968,0.5874592661857605,0.84605473279953,1.1083307266235352,1.3577731847763062,1.4314733743667603,1.7183650732040405,1.7289869785308838,1.9934825897216797,2.709054708480835,2.9407219886779785,3.280966281890869,3.396812915802002,3.677591562271118,4.041418075561523,4.222644805908203,4.587681293487549,4.760992050170898,5.003292083740234,5.064249038696289,4.910804271697998,4.973015785217285,4.9665846824646,4.796505928039551,4.5178117752075195,4.2593841552734375,4.447841167449951,4.616600036621094,4.965108871459961,5.037426948547363,5.195305347442627,5.358353614807129,5.350283622741699,5.360957145690918,5.351498126983643,5.653006553649902,6.00815486907959,6.103852272033691,6.329685688018799,7.277177333831787,7.467181205749512,7.556445121765137,7.560359001159668,7.596566677093506,7.53509521484375,7.444817543029785,7.567785739898682,7.750158786773682,7.670871734619141,7.96038293838501,7.884256839752197,8.163982391357422,8.158546447753906,8.101485252380371
B7,3.624281406402588,3.498196840286255,3.424649477005005,3.6058006286621094,3.611085891723633,3.553114414215088,3.5151445865631104,3.5539040565490723,3.3809118270874023,3.657536745071411,3.5461983680725098,3.3773372173309326,3.4042978286743164,3.1942198276519775,2.86205792427063,1.5793837308883667,1.3558287620544434,1.107997179031372,0.8445557951927185,0.6461646556854248,0.3827078640460968,0.0,0.3736707270145416,0.6877042651176453,0.9098519086837769,1.2338793277740479,1.4002844095230103,1.6785526275634766,1.7493118047714233,1.987715482711792,2.5721492767333984,2.7766425609588623,3.1230030059814453,3.2584922313690186,3.553025722503662,3.925001859664917,4.134825229644775,4.494568824768066,4.693185806274414,4.9438886642456055,5.033006191253662,4.905744552612305,4.983777046203613,4.983025074005127,4.840167045593262,4.622610092163086,4.370600700378418,4.545966625213623,4.688093185424805,5.04062557220459,5.085066795349121,5.223049640655518,5.381982326507568,5.3549346923828125,5.363905429840088,5.369607925415039,5.6788506507873535,6.0245585441589355,6.12172794342041,6.3653106689453125,7.336450099945068,7.51588249206543,7.591222286224365,7.581047058105469,7.600464344024658,7.522773265838623,7.414981365203857,7.521544933319092,7.6917290687561035,7.597035884857178,7.882458209991455,7.791576385498047,8.070220947265625,8.060333251953125,7.991593360900879
B8,3.611524820327759,3.509693145751953,3.468726396560669,3.677053928375244,3.71744966506958,3.692486047744751,3.6861653327941895,3.7517223358154297,3.6040663719177246,3.895240545272827,3.806067705154419,3.6438281536102295,3.696868658065796,3.502080202102661,3.177914619445801,1.8923594951629639,1.6339972019195557,1.4025108814239502,1.1783746480941772,0.9032244086265564,0.5874592661857605,0.3736707270145416,0.0,0.37121739983558655,0.6812025904655457,0.9762628674507141,1.184251070022583,1.5046359300613403,1.6424689292907715,1.9109522104263306,2.6551592350006104,2.8221583366394043,3.147484302520752,3.2535462379455566,3.5375988483428955,3.907999038696289,4.1188435554504395,4.478830814361572,4.68552827835083,4.956509113311768,5.05324649810791,4.936238765716553,5.039059162139893,5.064780235290527,4.9225568771362305,4.823537826538086,4.590940475463867,4.784598350524902,4.926348686218262,5.286324977874756,5.333371639251709,5.45768928527832,5.597879409790039,5.554275989532471,5.542860984802246,5.533193111419678,5.83221435546875,6.17437219619751,6.2514967918396,6.497442245483398,7.542348384857178,7.730147361755371,7.812637805938721,7.807756423950195,7.829059600830078,7.7537922859191895,7.644179821014404,7.743875980377197,7.902807712554932,7.797691822052002,8.073354721069336,7.970549583435059,8.238336563110352,8.212788581848145,8.129855155944824
B9,3.6667675971984863,3.561393976211548,3.56087064743042,3.7725095748901367,3.834484815597534,3.8382811546325684,3.8480684757232666,3.915299415588379,3.774892807006836,4.065634727478027,3.98256778717041,3.804401159286499,3.87827467918396,3.710782289505005,3.3908579349517822,2.1769063472747803,1.8909199237823486,1.6321216821670532,1.463025689125061,1.1980072259902954,0.84605473279953,0.6877042651176453,0.37121739983558655,0.0,0.3769282102584839,0.6125784516334534,0.8450678586959839,1.1753044128417969,1.3621037006378174,1.6389894485473633,2.5173566341400146,2.6546854972839355,2.9554333686828613,3.029453754425049,3.2995378971099854,3.6647753715515137,3.8702170848846436,4.229668617248535,4.438348770141602,4.723459243774414,4.82381534576416,4.714920997619629,4.838126182556152,4.887025356292725,4.747276306152344,4.773820400238037,4.5660295486450195,4.778609752655029,4.916354179382324,5.284229278564453,5.333161354064941,5.439692497253418,5.556474685668945,5.494404315948486,5.460084915161133,5.433302402496338,5.720405578613281,6.057774543762207,6.114436626434326,6.362163543701172,7.483654975891113,7.6804986000061035,7.771381378173828,7.773478031158447,7.798279762268066,7.728015899658203,7.6189165115356445,7.71274471282959,7.859873294830322,7.745790004730225,8.010247230529785,7.897486686706543,8.152597427368164,8.110743522644043,8.015817642211914
B10,3.942809581756592,3.8181254863739014,3.834739923477173,4.0306172370910645,4.087447643280029,4.093435764312744,4.092669486999512,4.137434959411621,3.9797472953796387,4.254804611206055,4.153631687164307,3.947192907333374,4.013372421264648,3.859492063522339,3.533923625946045,2.3988161087036133,2.1243491172790527,1.8246350288391113,1.668851375579834,1.467273235321045,1.1083307266235352,0.9098519086837769,0.6812025904655457,0.3769282102584839,0.0,0.38264381885528564,0.6879186034202576,0.9366846680641174,1.1623259782791138,1.3886420726776123,2.2057597637176514,2.3159682750701904,2.6059703826904297,2.675955057144165,2.9468297958374023,3.3130202293395996,3.5295567512512207,3.8852267265319824,4.105635166168213,4.39629602432251,4.512119293212891,4.420707702636719,4.557571887969971,4.616118431091309,4.495430946350098,4.613715648651123,4.4249043464660645,4.6381754875183105,4.756355285644531,5.128986358642578,5.162860870361328,5.247070789337158,5.347299575805664,5.265167713165283,5.217996120452881,5.191218852996826,5.475980281829834,5.804510593414307,5.853325843811035,6.11135196685791,7.278061389923096,7.472983360290527,7.5604352951049805,7.558929443359375,7.57712984085083,7.502131938934326,7.385551452636719,7.468449592590332,7.603149890899658,7.477926731109619,7.7339277267456055,7.610342025756836,7.857872486114502,7.806195259094238,7.701486110687256
B11,3.8871214389801025,3.7644243240356445,3.8203773498535156,4.0212531089782715,4.10308313369751,4.140927791595459,4.162567138671875,4.217780113220215,4.078033924102783,4.356595516204834,4.272663593292236,4.063336372375488,4.158676624298096,4.033401966094971,3.720395565032959,2.644110918045044,2.3399922847747803,2.044006824493408,1.941330075263977,1.7205252647399902,1.3577731847763062,1.2338793277740479,0.9762628674507141,0.6125784516334534,0.38264381885528564,0.0,0.3775511085987091,0.6431028842926025,0.9395824670791626,1.1913652420043945,2.2481532096862793,2.330998420715332,2.581160545349121,2.599137306213379,2.841590404510498,3.1940014362335205,3.3891332149505615,3.7446959018707275,3.9556853771209717,4.26025390625,4.367745399475098,4.275094985961914,4.430247783660889,4.514829158782959,4.3850226402282715,4.619484901428223,4.455431938171387,4.692610263824463,4.817499160766602,5.194268703460693,5.241665363311768,5.31585168838501,5.393270969390869,5.300124168395996,5.229366302490234,5.177440643310547,5.444304943084717,5.770359516143799,5.795140266418457,6.0465521812438965,7.283918857574463,7.492447376251221,7.594348430633545,7.605931282043457,7.6345744132995605,7.571397304534912,7.462594985961914,7.545782566070557,7.672893047332764,7.544726371765137,7.790107250213623,7.662062644958496,7.896122932434082,7.828928470611572,7.715946197509766
B12,3.685109853744507,3.543248176574707,3.6244752407073975,3.8115527629852295,3.9001431465148926,3.9566855430603027,3.9864790439605713,4.037949562072754,3.906555652618408,4.180764198303223,4.107454299926758,3.8920085430145264,4.012462139129639,3.9180715084075928,3.6202895641326904,2.6437158584594727,2.317169666290283,2.0213258266448975,1.9891709089279175,1.7803667783737183,1.4314733743667603,1.4002844095230103,1.184251070022583,0.8450678586959839,0.6879186034202576,0.3775511085987091,0.0,0.3819134533405304,0.6291347146034241,0.9369439482688904,2.2271735668182373,2.3291101455688477,2.5587708950042725,2.540562152862549,2.7586193084716797,3.097050666809082,3.2556543350219727,3.6163971424102783,3.7993862628936768,4.0997772216796875,4.179534912109375,4.06414270401001,4.213357925415039,4.30372953414917,4.150611877441406,4.407101631164551,4.254920482635498,4.5127854347229,4.654687404632568,5.031654357910156,5.101751327514648,5.181035041809082,5.247983455657959,5.16070556640625,5.0789642333984375,5.0046234130859375,5.257976055145264,5.5893473625183105,5.602421760559082,5.839152812957764,7.096065521240234,7.317902088165283,7.435733795166016,7.462864398956299,7.507559299468994,7.461103916168213,7.367983341217041,7.46246337890625,7.594225883483887,7.475782871246338,7.719052314758301,7.600214004516602,7.828959941864014,7.7585062980651855,7.6516618728637695
B13,3.909236431121826,3.7438769340515137,3.8419106006622314,4.005919456481934,4.087014198303223,4.146877288818359,4.166506767272949,4.194243431091309,4.0495452880859375,4.304427623748779,4.217628479003906,3.9768714904785156,4.095996856689453,4.02430534362793,3.7300281524658203,2.8613903522491455,2.545366048812866,2.2271294593811035,2.2201881408691406,2.0601515769958496,1.7183650732040405,1.6785526275634766,1.5046359300613403,1.1753044128417969,0.9366846680641174,0.6431028842926025,0.3819134533405304,0.0,0.3799995183944702,0.6048481464385986,1.9748560190200806,2.054431200027466,2.2521297931671143,2.2036044597625732,2.404742956161499,2.734657049179077,2.883578062057495,3.2434864044189453,3.4235544204711914,3.727458953857422,3.8090014457702637,3.700331211090088,3.860712766647339,3.963707685470581,3.8196234703063965,4.179801940917969,4.05313777923584,4.31875467300415,4.44796895980835,4.827121257781982,4.892363548278809,4.951964378356934,4.9977030754089355,4.894023418426514,4.794830322265625,4.710186004638672,4.954132556915283,5.278403282165527,5.278507709503174,5.518374919891357,6.824430465698242,7.049563407897949,7.1706647872924805,7.201026439666748,7.246429443359375,7.203028678894043,7.110198497772217,7.199432849884033,7.321568489074707,7.1976423263549805,7.4316840171813965,7.307486534118652,7.5264692306518555,7.445784568786621,7.333172798156738
B14,3.7789230346679688,3.581768274307251,3.6806812286376953,3.8151965141296387,3.879887342453003,3.9361743927001953,3.943326234817505,3.9494903087615967,3.795944929122925,4.035351753234863,3.9431378841400146,3.6887876987457275,3.8152434825897217,3.767329454421997,3.4846127033233643,2.739157199859619,2.4253194332122803,2.103529214859009,2.154862880706787,2.0395073890686035,1.7289869785308838,1.7493118047714233,1.6424689292907715,1.3621037006378174,1.1623259782791138,0.9395824670791626,0.6291347146034241,0.3799995183944702,0.0,0.3608548641204834,1.867472767829895,1.9953960180282593,2.193514108657837,2.1393988132476807,2.3295185565948486,2.649714708328247,2.7656519412994385,3.131701707839966,3.28053879737854,3.5643036365509033,3.615389823913574,3.476794719696045,3.6124072074890137,3.700146198272705,3.5336239337921143,3.839121103286743,3.7122256755828857,3.9879753589630127,4.131621837615967,4.509138584136963,4.592126846313477,4.662786960601807,4.709658145904541,4.619814872741699,4.522826671600342,4.42803955078125,4.668734073638916,5.001841068267822,5.005727291107178,5.233141899108887,6.514228820800781,6.7458906173706055,6.87606143951416,6.916095733642578,6.973640441894531,6.9425225257873535,6.863526821136475,6.966250896453857,7.099074363708496,6.98927640914917,7.227940082550049,7.118594169616699,7.340444087982178,7.267084121704102,7.168710231781006
