,A1,A2,A3,A4,A5,A6,A7,A8,A9,A10,A11,A12,A13,A14,A15,B1,B2,B3,B4,B5,B6,B7,B8,B9,B10,B11,B12,B13,B14,B15,C1,C2,C3,C4,C5,C6,C7,C8,C9,C10,C11,C12,C13,C14,C15,D1,D2,D3,D4,D5,D6,D7,D8,D9,D10,D11,D12,D13,D14,D15,E1,E2,E3,E4,E5,E6,E7,E8,E9,E10,E11,E12,E13,E14,E15
A1,0.0,0.3829972743988037,0.5948758721351624,0.7518188953399658,1.038938283920288,1.2909295558929443,1.5287295579910278,1.7103581428527832,1.9710745811462402,2.188110589981079,2.2569730281829834,2.433912754058838,2.7090442180633545,2.7950119972229004,2.761920690536499,3.689976453781128,3.7148196697235107,3.8841426372528076,4.112823486328125,4.200271129608154,4.266873836517334,4.490943908691406,4.664886951446533,4.711206912994385,4.869824409484863,5.099388122558594,5.194290637969971,5.269183158874512,5.487627029418945,5.6418046951293945,6.450605869293213,6.621169090270996,6.672885417938232,6.826934814453125,7.065547943115234,7.160899639129639,7.24008321762085,7.4778032302856445,7.660671710968018,7.7314605712890625,7.878237724304199,8.09638786315918,8.21570873260498,8.306159019470215,8.473015785217285,9.367401123046875,9.503046035766602,9.681819915771484,9.84575366973877,9.983070373535156,10.131573677062988,10.304917335510254,10.477045059204102,10.597329139709473,10.750869750976562,10.927267074584961,11.069738388061523,11.189691543579102,11.355896949768066,11.505437850952148,12.398892402648926,12.550341606140137,12.665156364440918,12.834023475646973,13.027674674987793,13.14650821685791,13.275428771972656,13.491778373718262,13.660552024841309,13.750831604003906,13.93702220916748,14.152674674987793,14.265971183776855,14.390501022338867,14.620048522949219
A2,0.3829972743988037,0.0,0.37873852252960205,0.6071907877922058,0.7903563976287842,1.017015814781189,1.3078447580337524,1.456133484840393,1.6781768798828125,1.9333021640777588,2.0226268768310547,2.1609621047973633,2.4331934452056885,2.557258367538452,2.5223898887634277,3.4495131969451904,3.4860527515411377,3.6293673515319824,3.856858730316162,3.970705509185791,4.032588481903076,4.2356858253479,4.424283981323242,4.488927364349365,4.631336212158203,4.853300094604492,4.969761848449707,5.048329830169678,5.24848747253418,5.408730506896973,6.229367256164551,6.399275779724121,6.469567775726318,6.622588157653809,6.8486175537109375,6.953920841217041,7.046515464782715,7.273804187774658,7.452460289001465,7.538747787475586,7.687629699707031,7.892875671386719,8.017584800720215,8.121346473693848,8.28054428100586,9.181886672973633,9.314757347106934,9.482223510742188,9.652688980102539,9.79845905303955,9.937566757202148,10.105531692504883,10.287995338439941,10.409713745117188,10.552257537841797,10.730770111083984,10.883039474487305,10.997350692749023,11.15583610534668,11.313393592834473,12.20255184173584,12.358644485473633,12.48145866394043,12.644327163696289,12.833475112915039,12.9608736038208,13.092604637145996,13.301274299621582,13.471173286437988,13.570226669311523,13.753628730773926,13.963458061218262,14.0833101272583,14.212726593017578,14.435775756835938
A3,0.5948758721351624,0.37873852252960205,0.0,0.3830264210700989,0.6255430579185486,0.7505625486373901,1.0405734777450562,1.2649619579315186,1.466261386871338,1.6785012483596802,1.8112953901290894,1.9842718839645386,2.218879222869873,2.3373425006866455,2.350837469100952,3.2658908367156982,3.3366587162017822,3.4946341514587402,3.6923868656158447,3.808928966522217,3.9033021926879883,4.0986504554748535,4.265440464019775,4.3494648933410645,4.51093053817749,4.711336135864258,4.82159423828125,4.926501274108887,5.126093864440918,5.263956546783447,6.109523773193359,6.259866237640381,6.330615043640137,6.502560615539551,6.7208781242370605,6.811001300811768,6.915851593017578,7.15154504776001,7.3144612312316895,7.39694881439209,7.562004566192627,7.7640557289123535,7.8736677169799805,7.9851155281066895,8.156176567077637,9.043831825256348,9.18976879119873,9.351576805114746,9.511693000793457,9.666936874389648,9.813183784484863,9.969988822937012,10.150106430053711,10.284073829650879,10.425965309143066,10.593503952026367,10.751002311706543,10.875216484069824,11.025986671447754,11.17713737487793,12.077189445495605,12.22472858428955,12.354280471801758,12.523797988891602,12.704740524291992,12.828963279724121,12.970352172851562,13.179132461547852,13.340063095092773,13.441924095153809,13.633187294006348,13.837325096130371,13.951751708984375,14.08872127532959,14.314773559570312
A4,0.7518188953399658,0.6071907877922058,0.3830264210700989,0.0,0.38208508491516113,0.6066707372665405,0.7820453643798828,1.0057921409606934,1.2765536308288574,1.4509369134902954,1.5312066078186035,1.7410615682601929,1.9921778440475464,2.0640923976898193,2.065638542175293,2.9835922718048096,3.039186954498291,3.2221004962921143,3.422733783721924,3.5131423473358154,3.6108603477478027,3.826308488845825,3.9795491695404053,4.046560764312744,4.222792625427246,4.42973518371582,4.520858287811279,4.623171806335449,4.838406562805176,4.970486164093018,5.806856632232666,5.957112789154053,6.013888359069824,6.187224864959717,6.414504528045654,6.497067928314209,6.5927414894104,6.835968971252441,7.001487731933594,7.0733561515808105,7.237308979034424,7.447965145111084,7.553832054138184,7.6566267013549805,7.8328752517700195,8.71601676940918,8.86395263671875,9.033004760742188,9.188775062561035,9.338722229003906,9.491165161132812,9.65129566192627,9.824690818786621,9.95798110961914,10.10700511932373,10.272960662841797,10.424234390258789,10.552358627319336,10.707963943481445,10.853763580322266,11.756925582885742,11.901261329650879,12.025971412658691,12.199504852294922,12.38301944732666,12.501782417297363,12.641764640808105,12.855326652526855,13.015266418457031,13.111835479736328,13.305093765258789,13.512593269348145,13.622873306274414,13.757162094116211,13.987237930297852
A5,1.038938283920288,0.7903563976287842,0.6255430579185486,0.38208508491516113,0.0,0.381130188703537,0.560275137424469,0.6742088198661804,0.9449396133422852,1.172411322593689,1.2340041399002075,1.3988633155822754,1.6711407899856567,1.7705543041229248,1.7461090087890625,2.6709346771240234,2.7221522331237793,2.8826639652252197,3.09283709526062,3.2003626823425293,3.284379243850708,3.4883716106414795,3.6584370136260986,3.732107162475586,3.891624927520752,4.0998663902282715,4.207768440246582,4.304976463317871,4.50779914855957,4.650562763214111,5.488188743591309,5.643624782562256,5.713727951049805,5.880814075469971,6.1011457443237305,6.1954345703125,6.297389507293701,6.530404567718506,6.697436809539795,6.781980991363525,6.942641735076904,7.144594669342041,7.259016036987305,7.369455337524414,7.536360263824463,8.428685188293457,8.57061767578125,8.73296070098877,8.896651268005371,9.049997329711914,9.193360328674316,9.35284423828125,9.534518241882324,9.665209770202637,9.806366920471191,9.97709846496582,10.133971214294434,10.255064010620117,10.407299041748047,10.56080150604248,11.45759105682373,11.607780456542969,11.736359596252441,11.903584480285645,12.086172103881836,12.21209716796875,12.351337432861328,12.559233665466309,12.722572326660156,12.824758529663086,13.013686180114746,13.218537330627441,13.335199356079102,13.470891952514648,13.695298194885254
A6,1.2909295558929443,1.017015814781189,0.7505625486373901,0.6066707372665405,0.381130188703537,0.0,0.3781002461910248,0.588304340839386,0.7274191975593567,0.9364109635353088,1.1050692796707153,1.2679885625839233,1.474084734916687,1.6126580238342285,1.6556413173675537,2.5494558811187744,2.6521358489990234,2.801910161972046,2.9751992225646973,3.1102538108825684,3.224653482437134,3.398986577987671,3.5580055713653564,3.6681790351867676,3.831876277923584,4.009828567504883,4.129546165466309,4.255944728851318,4.441458225250244,4.566240310668945,5.434447288513184,5.569876670837402,5.654671669006348,5.838437080383301,6.041013717651367,6.1280837059021,6.251465797424316,6.483905792236328,6.6324381828308105,6.724579334259033,6.901559352874756,7.0905914306640625,7.19443941116333,7.321423053741455,7.493518352508545,8.376152038574219,8.527907371520996,8.676779747009277,8.835273742675781,9.003005027770996,9.146080017089844,9.291330337524414,9.477848052978516,9.620505332946777,9.753179550170898,9.915188789367676,10.0834379196167,10.209391593933105,10.34908676147461,10.502204895019531,11.40483283996582,11.550413131713867,11.690350532531738,11.859230995178223,12.031270027160645,12.160083770751953,12.309671401977539,12.512279510498047,12.66828727722168,12.778783798217773,12.972625732421875,13.168375968933105,13.28453540802002,13.430045127868652,13.65259838104248
A7,1.5287295579910278,1.3078447580337524,1.0405734777450562,0.7820453643798828,0.560275137424469,0.3781002461910248,0.0,0.3832925856113434,0.594660758972168,0.6744203567504883,0.8011124134063721,1.0448334217071533,1.2400693893432617,1.312037706375122,1.3751678466796875,2.261333465576172,2.3666207790374756,2.5507760047912598,2.7106189727783203,2.8187508583068848,2.953279495239258,3.1442391872406006,3.2778093814849854,3.3797483444213867,3.5674591064453125,3.741509437561035,3.8385562896728516,3.974477529525757,4.175174236297607,4.283777713775635,5.1529412269592285,5.27979040145874,5.350990295410156,5.544068813323975,5.752035140991211,5.825307369232178,5.944840431213379,6.18797492980957,6.332505702972412,6.412755489349365,6.595239639282227,6.791234016418457,6.885329246520996,7.007046222686768,7.188858509063721,8.061572074890137,8.220332145690918,8.373933792114258,8.524213790893555,8.690519332885742,8.842265129089355,8.986395835876465,9.165552139282227,9.312230110168457,9.451465606689453,9.607769966125488,9.772034645080566,9.905457496643066,10.04684829711914,10.192423820495605,11.102022171020508,11.24135971069336,11.379171371459961,11.554320335388184,11.725769996643066,11.848201751708984,11.999993324279785,12.207179069519043,12.358946800231934,12.46542739868164,12.664027214050293,12.86089038848877,12.971117973327637,13.1168212890625,13.344276428222656
A8,1.7103581428527832,1.456133484840393,1.2649619579315186,1.0057921409606934,0.6742088198661804,0.588304340839386,0.3832925856113434,0.0,0.38170257210731506,0.5697242617607117,0.5727007389068604,0.7353224754333496,1.0084635019302368,1.1034940481185913,1.087538480758667,2.003868818283081,2.0783603191375732,2.238635778427124,2.4291889667510986,2.546703815460205,2.6493711471557617,2.8402719497680664,3.000706195831299,3.0937657356262207,3.2590017318725586,3.4492263793945312,3.5615122318267822,3.6774368286132812,3.871422052383423,4.001636505126953,4.8583502769470215,5.000931262969971,5.080909729003906,5.258657932281494,5.466982841491699,5.557499885559082,5.674097537994385,5.905600547790527,6.060780048370361,6.152120113372803,6.322909355163574,6.515048980712891,6.624118804931641,6.746652603149414,6.915203094482422,7.8029961585998535,7.9501752853393555,8.10265064239502,8.264421463012695,8.427606582641602,8.569221496582031,8.719487190246582,8.9056396484375,9.043598175048828,9.178075790405273,9.343958854675293,9.509004592895508,9.632189750671387,9.775856971740723,9.930242538452148,10.829885482788086,10.9779634475708,11.114572525024414,11.281908988952637,11.457427024841309,11.58640193939209,11.732353210449219,11.935820579528809,12.094891548156738,12.20355224609375,12.394980430603027,12.593317031860352,12.71082592010498,12.853312492370605,13.075409889221191
A9,1.9710745811462402,1.6781768798828125,1.466261386871338,1.2765536308288574,0.9449396133422852,0.7274191975593567,0.594660758972168,0.38170257210731506,0.0,0.38294288516044617,0.5496326684951782,0.5817344188690186,0.7673353552818298,0.9738268852233887,1.0180248022079468,1.8708120584487915,1.9972212314605713,2.115016460418701,2.2742998600006104,2.440542697906494,2.557696580886841,2.7026898860931396,2.869765281677246,3.0056509971618652,3.1551473140716553,3.3160085678100586,3.456770658493042,3.5938892364501953,3.7575368881225586,3.8813579082489014,4.762918949127197,4.892186641693115,4.9971137046813965,5.182779788970947,5.3686370849609375,5.463212013244629,5.603304862976074,5.824472904205322,5.964756011962891,6.073249816894531,6.254405975341797,6.42767858505249,6.534841537475586,6.677334785461426,6.841913223266602,7.727203845977783,7.877206802368164,8.012787818908691,8.176532745361328,8.35399341583252,8.487682342529297,8.62553882598877,8.822152137756348,8.967498779296875,9.0884428024292,9.250926971435547,9.429540634155273,9.55074405670166,9.681342124938965,9.841519355773926,10.739686965942383,10.888657569885254,11.037276268005371,11.200698852539062,11.36693000793457,11.503803253173828,11.657208442687988,11.851807594299316,12.007651329040527,12.127216339111328,12.318925857543945,12.507858276367188,12.629892349243164,12.781063079833984,12.997102737426758
A10,2.188110589981079,1.9333021640777588,1.6785012483596802,1.4509369134902954,1.172411322593689,0.9364109635353088,0.6744203567504883,0.5697242617607117,0.38294288516044617,0.0,0.3741416037082672,0.555328369140625,0.598372220993042,0.7176828980445862,0.8798635005950928,1.672895073890686,1.841446876525879,2.0027732849121094,2.1142702102661133,2.2580721378326416,2.4241485595703125,2.5736188888549805,2.6955995559692383,2.841679811477661,3.027252674102783,3.1640231609344482,3.278940200805664,3.445755958557129,3.6205403804779053,3.711148500442505,4.608942031860352,4.7154951095581055,4.808806419372559,5.015870571136475,5.2000837326049805,5.271366596221924,5.416707515716553,5.652515411376953,5.777774333953857,5.873021125793457,6.069947242736816,6.246691703796387,6.334626197814941,6.4776291847229,6.658522605895996,7.524542331695557,7.6891350746154785,7.82492733001709,7.974470615386963,8.15674114227295,8.30248737335205,8.431930541992188,8.620429992675781,8.777059555053711,8.903155326843262,9.053458213806152,9.231833457946777,9.365715980529785,9.49275016784668,9.642186164855957,10.552596092224121,10.690716743469238,10.841580390930176,11.014448165893555,11.17500114440918,11.304281234741211,11.465434074401855,11.663978576660156,11.810559272766113,11.92825698852539,12.128790855407715,12.315157890319824,12.428648948669434,12.584465980529785,12.80650806427002
A11,2.2569730281829834,2.0226268768310547,1.8112953901290894,1.5312066078186035,1.2340041399002075,1.1050692796707153,0.8011124134063721,0.5727007389068604,0.5496326684951782,0.3741416037082672,0.0,0.3748989701271057,0.5581710934638977,0.5391929745674133,0.5843745470046997,1.4623737335205078,1.5717412233352661,1.7629144191741943,1.9139677286148071,2.018691301345825,2.1613168716430664,2.350170612335205,2.4767558574676514,2.5839571952819824,2.7750062942504883,2.9419448375701904,3.039508104324341,3.182264566421509,3.379122734069824,3.4831066131591797,4.3575263023376465,4.480847358703613,4.558820724487305,4.753758430480957,4.955238342285156,5.030923843383789,5.157500743865967,5.396183490753174,5.5373334884643555,5.624845504760742,5.8090128898620605,5.998098850250244,6.0943193435668945,6.223031520843506,6.400932312011719,7.276154041290283,7.433464050292969,7.581266403198242,7.734668254852295,7.90503454208374,8.052094459533691,8.193559646606445,8.37755012512207,8.524826049804688,8.65884017944336,8.816035270690918,8.984756469726562,9.115567207336426,9.253339767456055,9.402471542358398,10.309748649597168,10.451149940490723,10.592674255371094,10.764975547790527,10.934192657470703,11.060632705688477,11.213757514953613,11.417159080505371,11.569402694702148,11.680146217346191,11.877293586730957,12.07120132446289,12.184706687927246,12.332793235778809,12.55685043334961
A12,2.433912754058838,2.1609621047973633,1.9842718839645386,1.7410615682601929,1.3988633155822754,1.2679885625839233,1.0448334217071533,0.7353224754333496,0.5817344188690186,0.555328369140625,0.3748989701271057,0.0,0.3771142065525055,0.532734215259552,0.4629949927330017,1.317396640777588,1.4196999073028564,1.5391327142715454,1.7142508029937744,1.8705322742462158,1.9767682552337646,2.1323611736297607,2.3027892112731934,2.4275951385498047,2.5763654708862305,2.7459514141082764,2.8835127353668213,3.013221502304077,3.1813478469848633,3.3099560737609863,4.1841654777526855,4.319028377532959,4.422653675079346,4.603318691253662,4.791985511779785,4.890790939331055,5.027268886566162,5.246031761169434,5.391188621520996,5.501312255859375,5.677511215209961,5.85143518447876,5.963800430297852,6.104414463043213,6.2648115158081055,7.155166149139404,7.300902366638184,7.438138008117676,7.605433940887451,7.779998779296875,7.911355018615723,8.052854537963867,8.25026798248291,8.391786575317383,8.513097763061523,8.679056167602539,8.855945587158203,8.974268913269043,9.107447624206543,9.269442558288574,10.164704322814941,10.316165924072266,10.462730407714844,10.624334335327148,10.793045997619629,10.930803298950195,11.081443786621094,11.276066780090332,11.434542655944824,11.55335521697998,11.742812156677246,11.933365821838379,12.05709457397461,12.206185340881348,12.421263694763184
A13,2.7090442180633545,2.4331934452056885,2.218879222869873,1.9921778440475464,1.6711407899856567,1.474084734916687,1.2400693893432617,1.0084635019302368,0.7673353552818298,0.598372220993042,0.5581710934638977,0.3771142065525055,0.0,0.37346479296684265,0.5289682745933533,1.1476584672927856,1.3457475900650024,1.4534565210342407,1.5489778518676758,1.7370681762695312,1.897361397743225,2.008267402648926,2.1471352577209473,2.321108102798462,2.4820728302001953,2.603569507598877,2.747117757797241,2.9184370040893555,3.0664713382720947,3.163329601287842,4.068889617919922,4.175145149230957,4.291421413421631,4.493963241577148,4.661980152130127,4.747057914733887,4.906768798828125,5.127063274383545,5.248719692230225,5.363346099853516,5.559114933013916,5.719775676727295,5.816628456115723,5.973730564117432,6.142332077026367,7.015926361083984,7.174103736877441,7.297835350036621,7.456552505493164,7.645763874053955,7.779195785522461,7.90478515625,8.104694366455078,8.259889602661133,8.37401008605957,8.528641700744629,8.715991973876953,8.841540336608887,8.961844444274902,9.120830535888672,10.023045539855957,10.167608261108398,10.32503604888916,10.490067481994629,10.64754867553711,10.786140441894531,10.947864532470703,11.138266563415527,11.28778076171875,11.413700103759766,11.609399795532227,11.790857315063477,11.912142753601074,12.071077346801758,12.285562515258789
A14,2.7950119972229004,2.557258367538452,2.3373425006866455,2.0640923976898193,1.7705543041229248,1.6126580238342285,1.312037706375122,1.1034940481185913,0.9738268852233887,0.7176828980445862,0.5391929745674133,0.532734215259552,0.37346479296684265,0.0,0.367546409368515,0.9678816199302673,1.1536892652511597,1.3517957925796509,1.4349790811538696,1.5494681596755981,1.7418310642242432,1.902199387550354,1.994800090789795,2.1371920108795166,2.3440959453582764,2.472729444503784,2.5691096782684326,2.7464706897735596,2.9303364753723145,3.006657600402832,3.9048893451690674,4.005553245544434,4.093240737915039,4.305428504943848,4.490482330322266,4.55593729019165,4.701147556304932,4.940173625946045,5.063260078430176,5.155648231506348,5.354571342468262,5.532320022583008,5.617835998535156,5.760277271270752,5.943054676055908,6.806941986083984,6.972726821899414,7.109426021575928,7.257557392120361,7.439359664916992,7.586681842803955,7.716240406036377,7.903204441070557,8.060297966003418,8.187954902648926,8.337377548217773,8.51456356048584,8.649852752685547,8.777685165405273,8.925538063049316,9.837173461914062,9.974231719970703,10.124329566955566,10.298325538635254,10.459084510803223,10.587136268615723,10.748401641845703,10.947847366333008,11.093931198120117,11.210798263549805,11.4119291305542,11.598662376403809,11.711363792419434,11.866998672485352,12.089690208435059
A15,2.761920690536499,2.5223898887634277,2.350837469100952,2.065638542175293,1.7461090087890625,1.6556413173675537,1.3751678466796875,1.087538480758667,1.0180248022079468,0.8798635005950928,0.5843745470046997,0.4629949927330017,0.5289682745933533,0.367546409368515,0.0,0.9304349422454834,0.9972902536392212,1.184524416923523,1.3608475923538208,1.4591896533966064,1.5797181129455566,1.776017427444458,1.9161508083343506,2.0130536556243896,2.1930429935455322,2.371216297149658,2.475435733795166,2.6057984828948975,2.800015926361084,2.916560173034668,3.7826988697052,3.915839433670044,4.0006608963012695,4.185698509216309,4.386125087738037,4.473973274230957,4.600066661834717,4.8297014236450195,4.977379322052002,5.074306488037109,5.250695705413818,5.435358047485352,5.542540550231934,5.673501491546631,5.841121196746826,6.727150917053223,6.87611722946167,7.021841049194336,7.183789253234863,7.3528361320495605,7.491969108581543,7.637073040008545,7.826749324798584,7.96820592880249,8.097990989685059,8.261802673339844,8.431852340698242,8.555313110351562,8.693937301635742,8.849576950073242,9.74973201751709,9.8972749710083,10.038717269897461,10.20531940460205,10.37674331665039,10.508265495300293,10.657840728759766,10.858009338378906,11.015107154846191,11.128172874450684,11.320316314697266,11.514525413513184,11.63349437713623,11.78000259399414,11.999792098999023
B1,3.689976453781128,3.4495131969451904,3.2658908367156982,2.9835922718048096,2.6709346771240234,2.5494558811187744,2.261333465576172,2.003868818283081,1.8708120584487915,1.672895073890686,1.4623737335205078,1.317396640777588,1.1476584672927856,0.9678816199302673,0.9304349422454834,0.0,0.38304710388183594,0.5508276224136353,0.5008856654167175,0.599261999130249,0.8448827266693115,0.9726077914237976,1.0270748138427734,1.197192907333374,1.409505009651184,1.509254813194275,1.6096224784851074,1.8056340217590332,1.9743050336837769,2.039990186691284,2.9466552734375,3.042929172515869,3.1465420722961426,3.358145236968994,3.5301012992858887,3.6043448448181152,3.761612892150879,3.9887852668762207,4.1085205078125,4.216527462005615,4.414508819580078,4.579205513000488,4.672509670257568,4.826298236846924,4.9984540939331055,5.869411945343018,6.029191017150879,6.157099723815918,6.313249111175537,6.499518871307373,6.636958122253418,6.764808177947998,6.960467338562012,7.115366458892822,7.234495162963867,7.388182163238525,7.571289539337158,7.699767112731934,7.823689937591553,7.978911399841309,8.884021759033203,9.026481628417969,9.180594444274902,9.348464965820312,9.507871627807617,9.642875671386719,9.80368423461914,9.99731731414795,10.146404266357422,10.26898193359375,10.465886116027832,10.649617195129395,10.768601417541504,10.925833702087402,11.142675399780273
B2,3.7148196697235107,3.4860527515411377,3.3366587162017822,3.039186954498291,2.7221522331237793,2.6521358489990234,2.3666207790374756,2.0783603191375732,1.9972212314605713,1.841446876525879,1.5717412233352661,1.4196999073028564,1.3457475900650024,1.1536892652511597,0.9972902536392212,0.38304710388183594,0.0,0.3838309049606323,0.5451037883758545,0.49770212173461914,0.6017560958862305,0.8547221422195435,0.9608105421066284,1.0161094665527344,1.2169592380523682,1.4045095443725586,1.4857611656188965,1.6108770370483398,1.8178797960281372,1.9314323663711548,2.786714553833008,2.923353910446167,3.008664131164551,3.189591407775879,3.389694929122925,3.482996940612793,3.608945369720459,3.833209276199341,3.9841506481170654,4.087283134460449,4.258981704711914,4.439910888671875,4.5542144775390625,4.687379360198975,4.847719669342041,5.74020528793335,5.883721351623535,6.027702808380127,6.1950907707214355,6.363393306732178,6.497411727905273,6.644683361053467,6.837759971618652,6.975667953491211,7.102954864501953,7.2706098556518555,7.441283226013184,7.56056022644043,7.699735164642334,7.858909606933594,8.754903793334961,8.905771255493164,9.047261238098145,9.210684776306152,9.383131980895996,9.517547607421875,9.665338516235352,9.8634614944458,10.023126602172852,10.137813568115234,10.327139854431152,10.521130561828613,10.643375396728516,10.789341926574707,11.006373405456543
B3,3.8841426372528076,3.6293673515319824,3.4946341514587402,3.2221004962921143,2.8826639652252197,2.801910161972046,2.5507760047912598,2.238635778427124,2.115016460418701,2.0027732849121094,1.7629144191741943,1.5391327142715454,1.4534565210342407,1.3517957925796509,1.184524416923523,0.5508276224136353,0.3838309049606323,0.0,0.3822724223136902,0.5329513549804688,0.48679623007774353,0.606978178024292,0.8442258834838867,0.9568408727645874,1.0432029962539673,1.2274572849273682,1.4007444381713867,1.5041433572769165,1.644683599472046,1.8013262748718262,2.658108711242676,2.808161735534668,2.93735933303833,3.0978360176086426,3.2726967334747314,3.3992114067077637,3.5436549186706543,3.736597776412964,3.8887243270874023,4.025458335876465,4.187941551208496,4.343803882598877,4.478124618530273,4.630292892456055,4.766697406768799,5.67392110824585,5.803523540496826,5.930769443511963,6.114877223968506,6.290700435638428,6.4040632247924805,6.548518657684326,6.759159564971924,6.891529083251953,7.000953197479248,7.17787504196167,7.360447406768799,7.464682579040527,7.595739364624023,7.770633697509766,8.651530265808105,8.813730239868164,8.963033676147461,9.11353874206543,9.283456802368164,9.43184757232666,9.578145980834961,9.76465129852295,9.930444717407227,10.055978775024414,10.236717224121094,10.425081253051758,10.559257507324219,10.707817077636719,10.913736343383789
B4,4.112823486328125,3.856858730316162,3.6923868656158447,3.422733783721924,3.09283709526062,2.9751992225646973,2.7106189727783203,2.4291889667510986,2.2742998600006104,2.1142702102661133,1.9139677286148071,1.7142508029937744,1.5489778518676758,1.4349790811538696,1.3608475923538208,0.5008856654167175,0.5451037883758545,0.3822724223136902,0.0,0.3797462582588196,0.5395166277885437,0.5031682848930359,0.6134893894195557,0.8570412397384644,0.9887881278991699,1.0559260845184326,1.2283591032028198,1.420917272567749,1.5317885875701904,1.6198625564575195,2.5320234298706055,2.635282516479492,2.77685546875,2.9733529090881348,3.1218793392181396,3.2232298851013184,3.397979974746704,3.598067283630371,3.717458963394165,3.8552162647247314,4.045698642730713,4.187832832336426,4.298483371734619,4.469452857971191,4.62044095993042,5.504149436950684,5.651611328125,5.764979362487793,5.935853004455566,6.128453254699707,6.247914791107178,6.373600959777832,6.584405899047852,6.734238147735596,6.83819055557251,7.000071048736572,7.193114280700684,7.308602333068848,7.425910949707031,7.594589710235596,8.486701011657715,8.638978958129883,8.79947280883789,8.95626163482666,9.11378288269043,9.260697364807129,9.419965744018555,9.603764533996582,9.758318901062012,9.890031814575195,10.0794038772583,10.25851821899414,10.387858390808105,10.547078132629395,10.754334449768066
B5,4.200271129608154,3.970705509185791,3.808928966522217,3.5131423473358154,3.2003626823425293,3.1102538108825684,2.8187508583068848,2.546703815460205,2.440542697906494,2.2580721378326416,2.018691301345825,1.8705322742462158,1.7370681762695312,1.5494681596755981,1.4591896533966064,0.599261999130249,0.49770212173461914,0.5329513549804688,0.3797462582588196,0.0,0.37718474864959717,0.5360381603240967,0.4873819351196289,0.600247859954834,0.8546972870826721,0.9629912972450256,1.0224181413650513,1.211570143699646,1.4035887718200684,1.4673892259597778,2.355992317199707,2.4629786014556885,2.5587244033813477,2.761857509613037,2.9428250789642334,3.0231270790100098,3.1706912517547607,3.3959438800811768,3.5264360904693604,3.634765625,3.822972297668457,3.9917778968811035,4.094433307647705,4.242260932922363,4.408021926879883,5.28871488571167,5.44111442565918,5.574285507202148,5.736133575439453,5.91571044921875,6.050542831420898,6.186194896697998,6.381784915924072,6.529508113861084,6.651192665100098,6.811058044433594,6.98958158493042,7.113757133483887,7.243680953979492,7.401101589202881,8.30209732055664,8.448447227478027,8.597765922546387,8.763328552246094,8.927931785583496,9.063342094421387,9.218864440917969,9.413755416870117,9.567445755004883,9.687454223632812,9.88084888458252,10.068394660949707,10.189461708068848,10.34235668182373,10.558555603027344
B6,4.266873836517334,4.032588481903076,3.9033021926879883,3.6108603477478027,3.284379243850708,3.224653482437134,2.953279495239258,2.6493711471557617,2.557696580886841,2.4241485595703125,2.1613168716430664,1.9767682552337646,1.897361397743225,1.7418310642242432,1.5797181129455566,0.8448827266693115,0.6017560958862305,0.48679623007774353,0.5395166277885437,0.37718474864959717,0.0,0.38123801350593567,0.5282346606254578,0.49214738607406616,0.618463397026062,0.8560035824775696,0.9645517468452454,1.0378977060317993,1.2288315296173096,1.3844640254974365,2.2117648124694824,2.3715264797210693,2.4772911071777344,2.633509397506714,2.8270370960235596,2.948817014694214,3.075911283493042,3.277456283569336,3.4401116371154785,3.5647833347320557,3.7205166816711426,3.8893916606903076,4.0251641273498535,4.164392471313477,4.3034210205078125,5.213090419769287,5.341311454772949,5.479443550109863,5.661991596221924,5.8290228843688965,5.947960376739502,6.1000895500183105,6.303767681121826,6.432125568389893,6.550552845001221,6.728964328765869,6.903001308441162,7.009464740753174,7.148604393005371,7.3190836906433105,8.202213287353516,8.36301326751709,8.505353927612305,8.659075736999512,8.834078788757324,8.977222442626953,9.119897842407227,9.311948776245117,9.478885650634766,9.598085403442383,9.77944278717041,9.972966194152832,10.104001998901367,10.248146057128906,10.457928657531738
B7,4.490943908691406,4.2356858253479,4.0986504554748535,3.826308488845825,3.4883716106414795,3.398986577987671,3.1442391872406006,2.8402719497680664,2.7026898860931396,2.5736188888549805,2.350170612335205,2.1323611736297607,2.008267402648926,1.902199387550354,1.776017427444458,0.9726077914237976,0.8547221422195435,0.606978178024292,0.5031682848930359,0.5360381603240967,0.38123801350593567,0.0,0.3779359757900238,0.5475870966911316,0.5184618830680847,0.6316177248954773,0.8726950883865356,0.991646409034729,1.066280484199524,1.2205731868743896,2.090031862258911,2.229015588760376,2.3889808654785156,2.5497453212738037,2.6978633403778076,2.8347508907318115,3.001187324523926,3.176456928253174,3.3167848587036133,3.4742841720581055,3.640390396118164,3.7753982543945312,3.913498640060425,4.083311080932617,4.2097649574279785,5.115571022033691,5.243067264556885,5.356230735778809,5.544975280761719,5.730106830596924,5.834255695343018,5.970999717712402,6.190643787384033,6.325689315795898,6.424140930175781,6.600743293762207,6.792491912841797,6.892888069152832,7.015395164489746,7.195822238922119,8.072612762451172,8.236882209777832,8.393585205078125,8.539937973022461,8.704405784606934,8.858941078186035,9.0088529586792,9.188764572143555,9.353643417358398,9.486477851867676,9.665923118591309,9.848326683044434,9.986639022827148,10.140057563781738,10.34091854095459
B8,4.664886951446533,4.424283981323242,4.265440464019775,3.9795491695404053,3.6584370136260986,3.5580055713653564,3.2778093814849854,3.000706195831299,2.869765281677246,2.6955995559692383,2.4767558574676514,2.3027892112731934,2.1471352577209473,1.994800090789795,1.9161508083343506,1.0270748138427734,0.9608105421066284,0.8442258834838867,0.6134893894195557,0.4873819351196289,0.5282346606254578,0.3779359757900238,0.0,0.3805086612701416,0.5383907556533813,0.49822258949279785,0.6197319030761719,0.8635526299476624,0.9762836694717407,1.016906499862671,1.9369757175445557,2.0283193588256836,2.1641955375671387,2.3692407608032227,2.5170278549194336,2.610602617263794,2.786794662475586,2.990342855453491,3.1066625118255615,3.2417490482330322,3.43459415435791,3.577699899673462,3.6859092712402344,3.856224775314331,4.009179592132568,4.890817642211914,5.0396575927734375,5.155170917510986,5.324213027954102,5.515456676483154,5.637603759765625,5.764277935028076,5.9723896980285645,6.122538089752197,6.229659080505371,6.390517711639404,6.581076145172119,6.698892593383789,6.818247318267822,6.984217643737793,7.87882661819458,8.029345512390137,8.187972068786621,8.34695816040039,8.505393981933594,8.649794578552246,8.808918952941895,8.994885444641113,9.148746490478516,9.278374671936035,9.468934059143066,9.649312019348145,9.776861190795898,9.935309410095215,10.144307136535645
B9,4.711206912994385,4.488927364349365,4.3494648933410645,4.046560764312744,3.732107162475586,3.6681790351867676,3.3797483444213867,3.0937657356262207,3.0056509971618652,2.841679811477661,2.5839571952819824,2.4275951385498047,2.321108102798462,2.1371920108795166,2.0130536556243896,1.197192907333374,1.0161094665527344,0.9568408727645874,0.8570412397384644,0.600247859954834,0.49214738607406616,0.5475870966911316,0.3805086612701416,0.0,0.3808111250400543,0.5327920317649841,0.49335286021232605,0.6144607067108154,0.855704665184021,0.943355917930603,1.775167465209961,1.912026047706604,2.0002241134643555,2.1782548427581787,2.3738768100738525,2.4737207889556885,2.603633165359497,2.8192858695983887,2.9713072776794434,3.084963798522949,3.2525548934936523,3.4254891872406006,3.5479695796966553,3.686980962753296,3.837820291519165,4.736478805541992,4.874366760253906,5.014045238494873,5.187448024749756,5.356785297393799,5.4843878746032715,5.632285118103027,5.830049514770508,5.965267658233643,6.088429927825928,6.259415149688721,6.432226657867432,6.547269344329834,6.685454368591309,6.848566055297852,7.740434169769287,7.894384860992432,8.037300109863281,8.197400093078613,8.36963939666748,8.507556915283203,8.654648780822754,8.849849700927734,9.011385917663574,9.12884521484375,9.315674781799316,9.508277893066406,9.634004592895508,9.780564308166504,9.994338989257812
B10,4.869824409484863,4.631336212158203,4.51093053817749,4.222792625427246,3.891624927520752,3.831876277923584,3.5674591064453125,3.2590017318725586,3.1551473140716553,3.027252674102783,2.7750062942504883,2.5763654708862305,2.4820728302001953,2.3440959453582764,2.1930429935455322,1.409505009651184,1.2169592380523682,1.0432029962539673,0.9887881278991699,0.8546972870826721,0.618463397026062,0.5184618830680847,0.5383907556533813,0.3808111250400543,0.0,0.3790578842163086,0.5364556312561035,0.4979664087295532,0.6178591251373291,0.8400804996490479,1.6207484006881714,1.8006960153579712,1.9405313730239868,2.0699868202209473,2.2442352771759033,2.398202419281006,2.5351662635803223,2.706421375274658,2.874453067779541,3.027316093444824,3.169534921646118,3.3180646896362305,3.4741499423980713,3.625779390335083,3.7416529655456543,4.663392066955566,4.777932167053223,4.905081748962402,5.101744174957275,5.271498680114746,5.374222278594971,5.5268425941467285,5.742610454559326,5.864414691925049,5.9710540771484375,6.157703399658203,6.33815336227417,6.43287992477417,6.568276405334473,6.749809741973877,7.620845794677734,7.790041923522949,7.936120510101318,8.080644607543945,8.255206108093262,8.40750503540039,8.547813415527344,8.732422828674316,8.904379844665527,9.030025482177734,9.204817771911621,9.395401000976562,9.53470230102539,9.67951488494873,9.88171100616455
B11,5.099388122558594,4.853300094604492,4.711336135864258,4.42973518371582,4.0998663902282715,4.009828567504883,3.741509437561035,3.4492263793945312,3.3160085678100586,3.1640231609344482,2.9419448375701904,2.7459514141082764,2.603569507598877,2.472729444503784,2.371216297149658,1.509254813194275,1.4045095443725586,1.2274572849273682,1.0559260845184326,0.9629912972450256,0.8560035824775696,0.6316177248954773,0.49822258949279785,0.5327920317649841,0.3790578842163086,0.0,0.3804057836532593,0.54131019115448,0.5029226541519165,0.5948770046234131,1.4901443719863892,1.6033202409744263,1.7832419872283936,1.955888032913208,2.0807385444641113,2.2139532566070557,2.400078773498535,2.568192481994629,2.6931636333465576,2.860591411590576,3.03532075881958,3.1569766998291016,3.290693998336792,3.4726650714874268,3.598147392272949,4.496414661407471,4.62753438949585,4.732917785644531,4.919673919677734,5.1114301681518555,5.214707374572754,5.344819068908691,5.56645393371582,5.706564426422119,5.801453113555908,5.973966598510742,6.170019149780273,6.2729105949401855,6.390380382537842,6.569798469543457,7.44920015335083,7.610848426818848,7.771592140197754,7.919276714324951,8.079534530639648,8.234335899353027,8.388411521911621,8.566737174987793,8.728270530700684,8.863778114318848,9.045500755310059,9.224485397338867,9.36199951171875,9.519075393676758,9.71958065032959
B12,5.194290637969971,4.969761848449707,4.82159423828125,4.520858287811279,4.207768440246582,4.129546165466309,3.8385562896728516,3.5615122318267822,3.456770658493042,3.278940200805664,3.039508104324341,2.8835127353668213,2.747117757797241,2.5691096782684326,2.475435733795166,1.6096224784851074,1.4857611656188965,1.4007444381713867,1.2283591032028198,1.0224181413650513,0.9645517468452454,0.8726950883865356,0.6197319030761719,0.49335286021232605,0.5364556312561035,0.3804057836532593,0.0,0.38329175114631653,0.5338555574417114,0.47117483615875244,1.3482513427734375,1.441386342048645,1.5510739088058472,1.7565722465515137,1.9215028285980225,2.0092649459838867,2.1700973510742188,2.38128662109375,2.508131980895996,2.6336801052093506,2.8191428184509277,2.9736223220825195,3.0858500003814697,3.244555711746216,3.3976266384124756,4.284836292266846,4.430323123931885,4.556367874145508,4.7260541915893555,4.908095836639404,5.034054279327393,5.169582366943359,5.371972560882568,5.516641139984131,5.632108211517334,5.796164035797119,5.978224754333496,6.096665859222412,6.224666595458984,6.387625217437744,7.2830657958984375,7.433647155761719,7.585085868835449,7.7460455894470215,7.910292148590088,8.05054759979248,8.205106735229492,8.396001815795898,8.552268981933594,8.675992965698242,8.86596393585205,9.051725387573242,9.17746353149414,9.33101749420166,9.542896270751953
B13,5.269183158874512,5.048329830169678,4.926501274108887,4.623171806335449,4.304976463317871,4.255944728851318,3.974477529525757,3.6774368286132812,3.5938892364501953,3.445755958557129,3.182264566421509,3.013221502304077,2.9184370040893555,2.7464706897735596,2.6057984828948975,1.8056340217590332,1.6108770370483398,1.5041433572769165,1.420917272567749,1.211570143699646,1.0378977060317993,0.991646409034729,0.8635526299476624,0.6144607067108154,0.4979664087295532,0.54131019115448,0.38329175114631653,0.0,0.3776335120201111,0.5314832329750061,1.1837811470031738,1.372266173362732,1.4677811861038208,1.5974299907684326,1.8009803295135498,1.940117597579956,2.0534305572509766,2.2421717643737793,2.4206008911132812,2.5531556606292725,2.6912989616394043,2.858628511428833,3.011094570159912,3.146334648132324,3.2706801891326904,4.191371440887451,4.308757305145264,4.449491500854492,4.640163421630859,4.800891876220703,4.914090156555176,5.073544025421143,5.278730392456055,5.399235725402832,5.518208980560303,5.703099727630615,5.873561382293701,5.974740028381348,6.118621826171875,6.291933536529541,7.1695637702941895,7.334099769592285,7.472989082336426,7.6239471435546875,7.8027024269104,7.946987628936768,8.085493087768555,8.277524948120117,8.448208808898926,8.566313743591309,8.744351387023926,8.940023422241211,9.073511123657227,9.214788436889648,9.422999382019043
B14,5.487627029418945,5.24848747253418,5.126093864440918,4.838406562805176,4.50779914855957,4.441458225250244,4.175174236297607,3.871422052383423,3.7575368881225586,3.6205403804779053,3.379122734069824,3.1813478469848633,3.0664713382720947,2.9303364753723145,2.800015926361084,1.9743050336837769,1.8178797960281372,1.644683599472046,1.5317885875701904,1.4035887718200684,1.2288315296173096,1.066280484199524,0.9762836694717407,0.855704665184021,0.6178591251373291,0.5029226541519165,0.5338555574417114,0.3776335120201111,0.0,0.3780415952205658,1.0323975086212158,1.2140614986419678,1.4036290645599365,1.5146795511245728,1.6502983570098877,1.8305310010910034,1.991154670715332,2.130000352859497,2.289308547973633,2.472402572631836,2.610910177230835,2.732110023498535,2.899488925933838,3.070260524749756,3.1682984828948975,4.090931415557861,4.199193000793457,4.311491012573242,4.51605224609375,4.693755149841309,4.784391403198242,4.931060314178467,5.15708065032959,5.279101371765137,5.374045372009277,5.562554836273193,5.751622676849365,5.840449333190918,5.968319892883301,6.156710147857666,7.021687984466553,7.194260120391846,7.346812725067139,7.486185550689697,7.656421184539795,7.815321922302246,7.957934856414795,8.135916709899902,8.308146476745605,8.44070816040039,8.613188743591309,8.798551559448242,8.94265365600586,9.091350555419922,9.288139343261719
