,A1,A2,A3,A4,A5,A6,A7,A8,A9,A10,A11,A12,A13,A14,A15,B1,B2,B3,B4,B5,B6,B7,B8,B9,B10,B11,B12,B13,B14,B15,C1,C2,C3,C4,C5,C6,C7,C8,C9,C10,C11,C12,C13,C14,C15,D1,D2,D3,D4,D5,D6,D7,D8,D9,D10,D11,D12,D13,D14,D15,E1,E2,E3,E4,E5,E6,E7,E8,E9,E10,E11,E12,E13,E14,E15
A1,0.0,0.384507954120636,0.6280362606048584,0.8921630382537842,1.1552209854125977,1.4208446741104126,1.6752580404281616,1.9188097715377808,2.1799168586730957,2.3624608516693115,2.5534231662750244,2.7837283611297607,3.031054973602295,3.15759015083313,3.219907760620117,4.552139759063721,4.652575969696045,4.824005603790283,5.098649024963379,5.254631996154785,5.3383469581604,5.648800373077393,5.805777072906494,5.779620170593262,6.035797595977783,6.2794928550720215,6.241569519042969,6.334532260894775,6.67169189453125,6.691593647003174,7.785081386566162,7.7978997230529785,7.855496406555176,8.230013847351074,8.317707061767578,8.199602127075195,8.409253120422363,8.321150779724121,7.993457794189453,8.06187629699707,7.8897833824157715,7.547896862030029,7.400528430938721,7.3683295249938965,7.218470096588135,5.8645524978637695,5.697550296783447,5.411116123199463,5.243249416351318,5.10451078414917,4.848635673522949,4.671037197113037,4.588053226470947,4.417181015014648,4.101616382598877,4.201733112335205,4.4701642990112305,4.282359600067139,4.290699005126953,4.655468940734863,5.932684421539307,6.225571632385254,6.545997142791748,6.618387699127197,6.957479000091553,7.224857807159424,7.410389423370361,7.493699073791504,7.842235088348389,8.049025535583496,8.153075218200684,8.071329116821289,8.430787086486816,8.516762733459473,8.4302339553833
A2,0.384507954120636,0.0,0.37670841813087463,0.6403868198394775,0.96544349193573,1.1504031419754028,1.4378547668457031,1.7161571979522705,1.9304437637329102,2.1275691986083984,2.356001615524292,2.5657918453216553,2.7937662601470947,2.9547457695007324,3.030768871307373,4.341825485229492,4.445678234100342,4.59377384185791,4.871950626373291,5.043881893157959,5.1152520179748535,5.417220592498779,5.592861175537109,5.570122241973877,5.8114213943481445,6.0656561851501465,6.043656349182129,6.127099990844727,6.460659027099609,6.498725414276123,7.6079182624816895,7.637477397918701,7.698109149932861,8.070406913757324,8.172435760498047,8.068835258483887,8.28463363647461,8.20915412902832,7.88810396194458,7.97173547744751,7.798071384429932,7.450453281402588,7.320722579956055,7.289119243621826,7.121816635131836,5.755130767822266,5.56974983215332,5.294720649719238,5.138938903808594,4.979239463806152,4.711141109466553,4.549746513366699,4.4955315589904785,4.327125072479248,4.019249439239502,4.140373706817627,4.4280500411987305,4.2622528076171875,4.289346694946289,4.6503472328186035,5.987409591674805,6.272640705108643,6.601406574249268,6.69135046005249,7.028675556182861,7.283133506774902,7.485040664672852,7.576752185821533,7.919819355010986,8.123713493347168,8.231902122497559,8.148588180541992,8.504193305969238,8.598610877990723,8.515442848205566
A3,0.6280362606048584,0.37670841813087463,0.0,0.38821941614151,0.6283020377159119,0.8248751759529114,1.0779368877410889,1.3627369403839111,1.5915758609771729,1.7666590213775635,1.9923468828201294,2.2180609703063965,2.4403228759765625,2.589290142059326,2.675801992416382,3.992121696472168,4.107819080352783,4.262614727020264,4.531265735626221,4.7070393562316895,4.791426658630371,5.089373588562012,5.262550354003906,5.252377510070801,5.49860954284668,5.744319438934326,5.7279953956604,5.823802947998047,6.151957035064697,6.185756206512451,7.321693420410156,7.351515769958496,7.424846649169922,7.795367240905762,7.894676685333252,7.797018051147461,8.021965980529785,7.941014289855957,7.627021789550781,7.708189487457275,7.523496150970459,7.178252220153809,7.054258346557617,7.010069370269775,6.837291240692139,5.457908630371094,5.276396751403809,5.012171268463135,4.845175743103027,4.674249649047852,4.4145965576171875,4.269547939300537,4.215584754943848,4.029781818389893,3.734534978866577,3.878052234649658,4.162712097167969,3.992584705352783,4.044432640075684,4.407164096832275,5.765408515930176,6.037291526794434,6.37490701675415,6.481533050537109,6.821486949920654,7.072700500488281,7.283823013305664,7.390870571136475,7.734323501586914,7.946903705596924,8.068808555603027,7.997686386108398,8.354162216186523,8.46329402923584,8.394529342651367
A4,0.8921630382537842,0.6403868198394775,0.38821941614151,0.0,0.38807862997055054,0.5605246424674988,0.8783602118492126,1.1135802268981934,1.3234244585037231,1.5598185062408447,1.767808437347412,1.94991135597229,2.2004165649414062,2.370332717895508,2.419334650039673,3.723287343978882,3.8147239685058594,3.9646477699279785,4.248842716217041,4.412670135498047,4.480335235595703,4.786746978759766,4.958272933959961,4.931176662445068,5.174436569213867,5.428077220916748,5.403614044189453,5.487466812133789,5.821228981018066,5.8584184646606445,6.972104549407959,7.004063129425049,7.069526195526123,7.440711498260498,7.544712066650391,7.447185516357422,7.668529510498047,7.595125675201416,7.279592037200928,7.368598461151123,7.1905975341796875,6.841346263885498,6.72203254699707,6.687232494354248,6.5100531578063965,5.136971473693848,4.944540023803711,4.6765336990356445,4.524550914764404,4.354794979095459,4.082897186279297,3.9311954975128174,3.891000747680664,3.7226223945617676,3.421593427658081,3.560561418533325,3.859720468521118,3.7122159004211426,3.7599704265594482,4.115966320037842,5.50768518447876,5.780813694000244,6.118741512298584,6.23103666305542,6.566263675689697,6.806138038635254,7.0269036293029785,7.133183002471924,7.47028923034668,7.675560474395752,7.795241832733154,7.718685150146484,8.070972442626953,8.18281364440918,8.113698959350586
A5,1.1552209854125977,0.96544349193573,0.6283020377159119,0.38807862997055054,0.0,0.38124191761016846,0.5748223662376404,0.7681381702423096,1.0394648313522339,1.242755651473999,1.4173657894134521,1.629132866859436,1.888270378112793,2.025219202041626,2.0756263732910156,3.3996388912200928,3.5025992393493652,3.6717817783355713,3.9435606002807617,4.104040622711182,4.192486763000488,4.4982686042785645,4.658336162567139,4.644262313842773,4.899950981140137,5.1389617919921875,5.114185810089111,5.2166666984558105,5.545572280883789,5.570104598999023,6.708747386932373,6.734450340270996,6.813655853271484,7.1835408210754395,7.278871059417725,7.182847499847412,7.412601470947266,7.328137397766113,7.0184807777404785,7.099066734313965,6.908696174621582,6.564265727996826,6.445362091064453,6.395528793334961,6.218113899230957,4.833981037139893,4.653077125549316,4.3937273025512695,4.2233357429504395,4.047741413116455,3.7908012866973877,3.6530160903930664,3.602010488510132,3.4107537269592285,3.122418165206909,3.282419204711914,3.570943593978882,3.4106969833374023,3.483339786529541,3.8423402309417725,5.23962926864624,5.49908971786499,5.844664573669434,5.971136569976807,6.309645652770996,6.549466609954834,6.775788307189941,6.897250175476074,7.236149311065674,7.452215194702148,7.586419582366943,7.524632930755615,7.878742218017578,8.004849433898926,7.951470851898193
A6,1.4208446741104126,1.1504031419754028,0.8248751759529114,0.5605246424674988,0.38124191761016846,0.0,0.36965471506118774,0.6368411779403687,0.781996488571167,1.0183387994766235,1.2613407373428345,1.4317481517791748,1.655251383781433,1.847598671913147,1.9206163883209229,3.203766107559204,3.3128881454467773,3.4506683349609375,3.7255618572235107,3.9076390266418457,3.9814813137054443,4.275274753570557,4.45900297164917,4.451077461242676,4.688024044036865,4.938964366912842,4.934993267059326,5.026917457580566,5.3501386642456055,5.3965349197387695,6.554672718048096,6.600044250488281,6.683797359466553,7.050047874450684,7.161477088928223,7.082890033721924,7.31974983215332,7.249449253082275,6.948935031890869,7.046255588531494,6.854002475738525,6.50465726852417,6.406861305236816,6.356963157653809,6.159945487976074,4.767606735229492,4.565896987915039,4.32377290725708,4.168729782104492,3.9672327041625977,3.698038101196289,3.5846545696258545,3.571101188659668,3.3840432167053223,3.1122920513153076,3.298027276992798,3.6043810844421387,3.4734489917755127,3.56839656829834,3.9161417484283447,5.361050128936768,5.609149932861328,5.960763454437256,6.105066299438477,6.439143180847168,6.663760662078857,6.905735015869141,7.0354461669921875,7.366734981536865,7.578883171081543,7.7169013023376465,7.654101848602295,8.002527236938477,8.136801719665527,8.087224960327148
A7,1.6752580404281616,1.4378547668457031,1.0779368877410889,0.8783602118492126,0.5748223662376404,0.36965471506118774,0.0,0.3711637258529663,0.5548862814903259,0.6916680932044983,0.9376621246337891,1.1620484590530396,1.3633577823638916,1.5226755142211914,1.629103422164917,2.926295757293701,3.062014102935791,3.2138619422912598,3.46779203414917,3.6577627658843994,3.757769823074341,4.042832374572754,4.2211594581604,4.236731052398682,4.482489109039307,4.716917991638184,4.722053527832031,4.835888385772705,5.149111270904541,5.186583518981934,6.383172988891602,6.426443576812744,6.528709888458252,6.891605377197266,6.996358394622803,6.92418098449707,7.1725921630859375,7.091961860656738,6.801225662231445,6.891234397888184,6.683503150939941,6.340105056762695,6.247066497802734,6.178025245666504,5.977365016937256,4.572545051574707,4.382262229919434,4.157278060913086,3.9816205501556396,3.766235828399658,3.516417980194092,3.429504156112671,3.410080671310425,3.193373918533325,2.9460039138793945,3.162750244140625,3.4544084072113037,3.3110275268554688,3.440025568008423,3.7871718406677246,5.230710506439209,5.46015739440918,5.8199567794799805,5.981109142303467,6.31793212890625,6.541758060455322,6.789505481719971,6.936628818511963,7.26910924911499,7.493106365203857,7.647074222564697,7.600714206695557,7.950195789337158,8.099454879760742,8.066561698913574
A8,1.9188097715377808,1.7161571979522705,1.3627369403839111,1.1135802268981934,0.7681381702423096,0.6368411779403687,0.3711637258529663,0.0,0.3789287805557251,0.5427164435386658,0.6584168076515198,0.8679760694503784,1.134609341621399,1.264702558517456,1.3147341012954712,2.6357085704803467,2.753622531890869,2.9270331859588623,3.1862411499023438,3.354414701461792,3.4588658809661865,3.7561533451080322,3.916468620300293,3.923250675201416,4.181817054748535,4.409406661987305,4.399580478668213,4.5191240310668945,4.836306095123291,4.860715389251709,6.04801082611084,6.082383632659912,6.185125827789307,6.549026966094971,6.646828651428223,6.569772720336914,6.817958831787109,6.732038497924805,6.440698146820068,6.526439666748047,6.3172783851623535,5.975235462188721,5.879588603973389,5.808966636657715,5.610799312591553,4.206569671630859,4.021032810211182,3.793625593185425,3.613581418991089,3.402538537979126,3.156179666519165,3.067031145095825,3.0416746139526367,2.822399616241455,2.5764575004577637,2.798762559890747,3.088984251022339,2.9499940872192383,3.0876805782318115,3.4309215545654297,4.88450813293457,5.1085920333862305,5.470221996307373,5.638735294342041,5.973730564117432,6.192239284515381,6.445455551147461,6.597921848297119,6.927700042724609,7.152783393859863,7.31179141998291,7.270204067230225,7.618188381195068,7.774710178375244,7.74942684173584
A9,2.1799168586730957,1.9304437637329102,1.5915758609771729,1.3234244585037231,1.0394648313522339,0.781996488571167,0.5548862814903259,0.3789287805557251,0.0,0.380443274974823,0.5864400267601013,0.6664261221885681,0.8863498568534851,1.112688660621643,1.177531123161316,2.425528049468994,2.5435028076171875,2.6783299446105957,2.9457485675811768,3.1355130672454834,3.2189781665802,3.505178213119507,3.691473960876465,3.7008743286132812,3.938114881515503,4.180629730224609,4.191476821899414,4.296676158905029,4.608913898468018,4.65754508972168,5.858813285827637,5.913968563079834,6.0193095207214355,6.37913703918457,6.494341850280762,6.435105800628662,6.689043045043945,6.619447708129883,6.337512969970703,6.441802024841309,6.233158111572266,5.886127948760986,5.813229560852051,5.74536657333374,5.52694034576416,4.122347354888916,3.9126715660095215,3.704464912414551,3.5464866161346436,3.30903697013855,3.0478789806365967,2.9857025146484375,3.0059545040130615,2.799625873565674,2.575291633605957,2.8195157051086426,3.127195358276367,3.027523994445801,3.182722568511963,3.5070290565490723,4.997798442840576,5.210388660430908,5.574785232543945,5.7593674659729,6.086957931518555,6.287530899047852,6.555914878845215,6.714259624481201,7.0340447425842285,7.2524027824401855,7.4130539894104,7.368718147277832,7.709225654602051,7.872552394866943,7.849908351898193
A10,2.3624608516693115,2.1275691986083984,1.7666590213775635,1.5598185062408447,1.242755651473999,1.0183387994766235,0.6916680932044983,0.5427164435386658,0.380443274974823,0.0,0.3744933307170868,0.5874541401863098,0.690380871295929,0.8587825894355774,1.026804804801941,2.271258592605591,2.4399173259735107,2.5863442420959473,2.815917491912842,3.0262818336486816,3.1471328735351562,3.4127893447875977,3.5975120067596436,3.644928216934204,3.888005018234253,4.10813570022583,4.137767791748047,4.270919322967529,4.56588888168335,4.606781005859375,5.857743740081787,5.9126787185668945,6.041300296783447,6.395174026489258,6.503347873687744,6.453567981719971,6.721055030822754,6.639740467071533,6.370925426483154,6.466023921966553,6.238929748535156,5.900710582733154,5.833746910095215,5.741946697235107,5.520044803619385,4.106663227081299,3.9137282371520996,3.7306981086730957,3.546656847000122,3.2921030521392822,3.061079978942871,3.036086082458496,3.0472021102905273,2.8032455444335938,2.615445613861084,2.89255690574646,3.1743178367614746,3.054682731628418,3.246647357940674,3.568739891052246,5.035820484161377,5.227077007293701,5.598629474639893,5.798441410064697,6.129287242889404,6.331971168518066,6.60249662399292,6.778480529785156,7.100637435913086,7.332684516906738,7.509527206420898,7.483095169067383,7.825123310089111,8.001760482788086,7.995144844055176
A11,2.5534231662750244,2.356001615524292,1.9923468828201294,1.767808437347412,1.4173657894134521,1.2613407373428345,0.9376621246337891,0.6584168076515198,0.5864400267601013,0.3744933307170868,0.0,0.3738892674446106,0.5691478252410889,0.6095616221427917,0.7119132876396179,2.025618076324463,2.1842503547668457,2.3722662925720215,2.597207546234131,2.7790496349334717,2.9199583530426025,3.1988942623138428,3.354349374771118,3.3990638256073,3.6643505096435547,3.867586374282837,3.878178358078003,4.027887344360352,4.325103759765625,4.342814922332764,5.590038299560547,5.629510402679443,5.762638568878174,6.117473602294922,6.211980819702148,6.153989315032959,6.422353267669678,6.328619480133057,6.059363842010498,6.143026351928711,5.910454750061035,5.576907157897949,5.502445220947266,5.403052806854248,5.188395977020264,3.7733638286590576,3.595902681350708,3.4117846488952637,3.2107784748077393,2.9628851413726807,2.7476284503936768,2.7244017124176025,2.716122627258301,2.455806255340576,2.2778661251068115,2.5657341480255127,2.8326776027679443,2.7052061557769775,2.9128856658935547,3.231293201446533,4.687878608703613,4.870613098144531,5.244154453277588,5.450672149658203,5.781320095062256,5.982961177825928,6.255260467529297,6.438626289367676,6.760379791259766,6.997642993927002,7.18216609954834,7.164973258972168,7.507031440734863,7.691536903381348,7.695064544677734
A12,2.7837283611297607,2.5657918453216553,2.2180609703063965,1.94991135597229,1.629132866859436,1.4317481517791748,1.1620484590530396,0.8679760694503784,0.6664261221885681,0.5874541401863098,0.3738892674446106,0.0,0.37898942828178406,0.5450130701065063,0.5218173861503601,1.7760376930236816,1.900138258934021,2.065462589263916,2.3188247680664062,2.496814012527466,2.60794997215271,2.895289421081543,3.062166690826416,3.0883798599243164,3.342789649963379,3.5634915828704834,3.57458233833313,3.705533027648926,4.008508682250977,4.041248798370361,5.27698278427124,5.328192234039307,5.454874038696289,5.809512615203857,5.916776180267334,5.866683006286621,6.13437557220459,6.055338382720947,5.7882866859436035,5.888164520263672,5.6625494956970215,5.322307586669922,5.262844562530518,5.1743974685668945,4.945784568786621,3.5350120067596436,3.3327481746673584,3.1547319889068604,2.9810149669647217,2.7186694145202637,2.4807183742523193,2.467921733856201,2.501452922821045,2.2678275108337402,2.0997676849365234,2.396024227142334,2.684579610824585,2.604968786239624,2.8156163692474365,3.112262010574341,4.604442119598389,4.78267765045166,5.15479040145874,5.371142387390137,5.692182540893555,5.874958038330078,6.160633087158203,6.343728542327881,6.6542463302612305,6.880610942840576,7.062129020690918,7.038174152374268,7.372227668762207,7.560181140899658,7.563398361206055
A13,3.031054973602295,2.7937662601470947,2.4403228759765625,2.2004165649414062,1.888270378112793,1.655251383781433,1.3633577823638916,1.134609341621399,0.8863498568534851,0.690380871295929,0.5691478252410889,0.37898942828178406,0.0,0.3741070628166199,0.5417724847793579,1.596622109413147,1.7777410745620728,1.9086732864379883,2.1287848949432373,2.3521692752838135,2.4780049324035645,2.730919599533081,2.923090934753418,2.9885950088500977,3.224959135055542,3.438687801361084,3.4875235557556152,3.62882137298584,3.9098591804504395,3.9587161540985107,5.24308443069458,5.311906814575195,5.458659648895264,5.803537845611572,5.919397830963135,5.891491413116455,6.172943592071533,6.098274230957031,5.849889278411865,5.956538200378418,5.71840238571167,5.383143424987793,5.345934867858887,5.241663932800293,4.996366024017334,3.5918052196502686,3.3864145278930664,3.247614860534668,3.073640823364258,2.7805709838867188,2.5615265369415283,2.602001428604126,2.6624886989593506,2.4160358905792236,2.2982425689697266,2.621987819671631,2.895066976547241,2.826601028442383,3.0671310424804688,3.3459506034851074,4.823209285736084,4.97838020324707,5.354262828826904,5.5887579917907715,5.90592622756958,6.078897953033447,6.373140335083008,6.570582866668701,6.875659465789795,7.106352806091309,7.298644065856934,7.2846598625183105,7.6141581535339355,7.813595294952393,7.828011512756348
A14,3.15759015083313,2.9547457695007324,2.589290142059326,2.370332717895508,2.025219202041626,1.847598671913147,1.5226755142211914,1.264702558517456,1.112688660621643,0.8587825894355774,0.6095616221427917,0.5450130701065063,0.3741070628166199,0.0,0.37114396691322327,1.4719828367233276,1.6856493949890137,1.8754278421401978,2.054633140563965,2.258845567703247,2.43546199798584,2.68554425239563,2.841801643371582,2.930154800415039,3.1933467388153076,3.3721907138824463,3.411188840866089,3.587475299835205,3.859252452850342,3.8768515586853027,5.17985200881958,5.229953289031982,5.392443656921387,5.735068321228027,5.830742835998535,5.796374320983887,6.083779335021973,5.987890720367432,5.744012355804443,5.830418586730957,5.577611446380615,5.253360748291016,5.206362724304199,5.081331729888916,4.846743106842041,3.439340353012085,3.266075372695923,3.136584997177124,2.9262988567352295,2.6380293369293213,2.459033966064453,2.5149624347686768,2.538616895675659,2.253260612487793,2.162893533706665,2.503196954727173,2.7402212619781494,2.6418497562408447,2.9083995819091797,3.1863930225372314,4.620909690856934,4.7606353759765625,5.140213489532471,5.382193565368652,5.702919960021973,5.882347106933594,6.173069477081299,6.383179664611816,6.69232177734375,6.936262607574463,7.141774654388428,7.144768714904785,7.477258682250977,7.686253547668457,7.714850425720215
A15,3.219907760620117,3.030768871307373,2.675801992416382,2.419334650039673,2.0756263732910156,1.9206163883209229,1.629103422164917,1.3147341012954712,1.177531123161316,1.026804804801941,0.7119132876396179,0.5218173861503601,0.5417724847793579,0.37114396691322327,0.0,1.3465338945388794,1.4897364377975464,1.7137491703033447,1.9308631420135498,2.0856916904449463,2.245394229888916,2.530301094055176,2.6616477966308594,2.7120985984802246,2.992269277572632,3.1774098873138428,3.1830124855041504,3.350590944290161,3.640794515609741,3.6456027030944824,4.911506175994873,4.950308322906494,5.099256992340088,5.448388576507568,5.539846897125244,5.492745876312256,5.772154331207275,5.676243782043457,5.422067642211914,5.508552074432373,5.264481067657471,4.935139179229736,4.8801045417785645,4.7671942710876465,4.537407875061035,3.1247904300689697,2.9460065364837646,2.7970128059387207,2.5931291580200195,2.3156867027282715,2.1208603382110596,2.1567423343658447,2.179861068725586,1.9066717624664307,1.804282307624817,2.1427195072174072,2.390878915786743,2.312274217605591,2.5732173919677734,2.8441803455352783,4.300887107849121,4.447056770324707,4.824392318725586,5.064723491668701,5.381716251373291,5.555106163024902,5.849480628967285,6.054316997528076,6.3597211837768555,6.597028732299805,6.797908782958984,6.79541015625,7.125744819641113,7.33350133895874,7.360019207000732
B1,4.552139759063721,4.341825485229492,3.992121696472168,3.723287343978882,3.3996388912200928,3.203766107559204,2.926295757293701,2.6357085704803467,2.425528049468994,2.271258592605591,2.025618076324463,1.7760376930236816,1.596622109413147,1.4719828367233276,1.3465338945388794,0.0,0.37940195202827454,0.5720505118370056,0.6180508732795715,0.8091715574264526,1.0563440322875977,1.260486364364624,1.3904780149459839,1.544561505317688,1.803943395614624,1.9344664812088013,2.0156819820404053,2.2307538986206055,2.4543886184692383,2.4755451679229736,3.8463447093963623,3.9245362281799316,4.132029056549072,4.4464616775512695,4.555446147918701,4.573745250701904,4.890405178070068,4.810964107513428,4.62285852432251,4.73553991317749,4.461771011352539,4.153480529785156,4.1848464012146,4.033218860626221,3.7442429065704346,2.438741683959961,2.2473864555358887,2.2728490829467773,2.1175713539123535,1.7521260976791382,1.6660493612289429,1.9249054193496704,2.0798652172088623,1.861471176147461,2.000636577606201,2.3612306118011475,2.5198886394500732,2.575251340866089,2.899437665939331,3.0250048637390137,4.335314750671387,4.382305145263672,4.747081756591797,5.055980682373047,5.326542854309082,5.425034046173096,5.760744571685791,6.008939266204834,6.26577091217041,6.494905948638916,6.726438999176025,6.754299163818359,7.047717571258545,7.300999641418457,7.373886585235596
B2,4.652575969696045,4.445678234100342,4.107819080352783,3.8147239685058594,3.5025992393493652,3.3128881454467773,3.062014102935791,2.753622531890869,2.5435028076171875,2.4399173259735107,2.1842503547668457,1.900138258934021,1.7777410745620728,1.6856493949890137,1.4897364377975464,0.37940195202827454,0.0,0.3817104995250702,0.5624185800552368,0.6034879088401794,0.7850663065910339,1.071230173110962,1.1721798181533813,1.2505342960357666,1.533051609992981,1.6918270587921143,1.7304844856262207,1.9227572679519653,2.1784040927886963,2.198004722595215,3.534621238708496,3.6108272075653076,3.801245927810669,4.124281406402588,4.239062786102295,4.250399589538574,4.560055255889893,4.490729331970215,4.293453693389893,4.418051242828369,4.15728759765625,3.838449478149414,3.8735320568084717,3.7415783405303955,3.446183443069458,2.140962600708008,1.9192086458206177,1.9436018466949463,1.8259814977645874,1.4551761150360107,1.3451520204544067,1.619776964187622,1.8179373741149902,1.6525835990905762,1.808314561843872,2.1468803882598877,2.310708522796631,2.4167239665985107,2.7231953144073486,2.818748712539673,4.131307601928711,4.181093692779541,4.538069725036621,4.846329689025879,5.106010913848877,5.188816547393799,5.531662464141846,5.772214412689209,6.018754959106445,6.234766483306885,6.458526134490967,6.477016448974609,6.763389587402344,7.015078067779541,7.084394931793213
B3,4.824005603790283,4.59377384185791,4.262614727020264,3.9646477699279785,3.6717817783355713,3.4506683349609375,3.2138619422912598,2.9270331859588623,2.6783299446105957,2.5863442420959473,2.3722662925720215,2.065462589263916,1.9086732864379883,1.8754278421401978,1.7137491703033447,0.5720505118370056,0.3817104995250702,0.0,0.37949949502944946,0.5375766158103943,0.5835249423980713,0.8299107551574707,1.0397764444351196,1.127400279045105,1.3346949815750122,1.5404185056686401,1.640757441520691,1.788570523262024,2.0282998085021973,2.1103198528289795,3.4533095359802246,3.568007469177246,3.7575037479400635,4.069622039794922,4.214055061340332,4.253890037536621,4.565951824188232,4.525515079498291,4.34425687789917,4.496311664581299,4.245424747467041,3.9251160621643066,3.9928219318389893,3.87363600730896,3.5568246841430664,2.3207037448883057,2.0675034523010254,2.1233150959014893,2.0631206035614014,1.693371295928955,1.5654724836349487,1.8461644649505615,2.0920464992523193,1.9718431234359741,2.118474006652832,2.4395525455474854,2.6195547580718994,2.752817153930664,3.043823480606079,3.1271352767944336,4.437314510345459,4.48359489440918,4.832845687866211,5.1433024406433105,5.3918962478637695,5.457879066467285,5.807383060455322,6.044323921203613,6.278674125671387,6.482278347015381,6.700066089630127,6.7104411125183105,6.986762523651123,7.237813472747803,7.303544998168945
B4,5.098649024963379,4.871950626373291,4.531265735626221,4.248842716217041,3.9435606002807617,3.7255618572235107,3.46779203414917,3.1862411499023438,2.9457485675811768,2.815917491912842,2.597207546234131,2.3188247680664062,2.1287848949432373,2.054633140563965,1.9308631420135498,0.6180508732795715,0.5624185800552368,0.37949949502944946,0.0,0.3771381974220276,0.5769341588020325,0.6662482023239136,0.86203533411026,1.0741547346115112,1.2648899555206299,1.3947123289108276,1.5485200881958008,1.7487479448318481,1.929861307144165,1.9995405673980713,3.3932278156280518,3.510930299758911,3.733814001083374,4.026779651641846,4.1623969078063965,4.221843242645264,4.5486531257629395,4.497950077056885,4.3438544273376465,4.486281871795654,4.215839862823486,3.915405511856079,4.000368118286133,3.852168321609497,3.5302939414978027,2.3532121181488037,2.1373727321624756,2.2490334510803223,2.1700711250305176,1.801853895187378,1.747928261756897,2.0657401084899902,2.290210247039795,2.149595022201538,2.3402204513549805,2.666775703430176,2.8058621883392334,2.926886558532715,3.238663673400879,3.304950714111328,4.541211128234863,4.557119846343994,4.904283046722412,5.23014497756958,5.472471714019775,5.530900478363037,5.882044315338135,6.135722637176514,6.364101409912109,6.576274394989014,6.808744430541992,6.837269306182861,7.108482837677002,7.3728718757629395,7.455843448638916
B5,5.254631996154785,5.043881893157959,4.7070393562316895,4.412670135498047,4.104040622711182,3.9076390266418457,3.6577627658843994,3.354414701461792,3.1355130672454834,3.0262818336486816,2.7790496349334717,2.496814012527466,2.3521692752838135,2.258845567703247,2.0856916904449463,0.8091715574264526,0.6034879088401794,0.5375766158103943,0.3771381974220276,0.0,0.37677237391471863,0.5425209403038025,0.5847536325454712,0.7647152543067932,1.0276362895965576,1.1264793872833252,1.2221938371658325,1.45171058177948,1.6506059169769287,1.6788150072097778,3.0675172805786133,3.166558265686035,3.3898122310638428,3.6880123615264893,3.8116466999053955,3.8609418869018555,4.187574863433838,4.1291704177856445,3.9728176593780518,4.110940456390381,3.839425802230835,3.539252758026123,3.6245579719543457,3.476005792617798,3.1532187461853027,1.9936264753341675,1.782244324684143,1.922140121459961,1.8573062419891357,1.4984147548675537,1.4838567972183228,1.828008770942688,2.0592002868652344,1.950899362564087,2.1803483963012695,2.4827520847320557,2.591594696044922,2.741831064224243,3.0475103855133057,3.077035665512085,4.257152557373047,4.259780406951904,4.598568439483643,4.929682731628418,5.160640239715576,5.205356121063232,5.560598373413086,5.816162109375,6.035007476806641,6.242913246154785,6.477237224578857,6.509372234344482,6.7740983963012695,7.043707370758057,7.133693218231201
B6,5.3383469581604,5.1152520179748535,4.791426658630371,4.480335235595703,4.192486763000488,3.9814813137054443,3.757769823074341,3.4588658809661865,3.2189781665802,3.1471328735351562,2.9199583530426025,2.60794997215271,2.4780049324035645,2.43546199798584,2.245394229888916,1.0563440322875977,0.7850663065910339,0.5835249423980713,0.5769341588020325,0.37677237391471863,0.0,0.37787652015686035,0.5209066271781921,0.5539991855621338,0.7602872848510742,0.9690384864807129,1.0704299211502075,1.2137354612350464,1.4449946880340576,1.536575436592102,2.8822972774505615,3.010244131088257,3.2096526622772217,3.5106260776519775,3.6640374660491943,3.7243335247039795,4.04243803024292,4.0160651206970215,3.85762882232666,4.026459693908691,3.778661012649536,3.4660229682922363,3.57159161567688,3.456010580062866,3.118197441101074,2.0121920108795166,1.750029444694519,1.8906375169754028,1.899406909942627,1.5540498495101929,1.4888458251953125,1.818116307258606,2.1022582054138184,2.0571208000183105,2.2655866146087646,2.539355993270874,2.673475980758667,2.8648080825805664,3.141526222229004,3.15585994720459,4.352021217346191,4.365245819091797,4.693495273590088,5.017920970916748,5.237194538116455,5.265294551849365,5.6262898445129395,5.8683247566223145,6.075038433074951,6.263960838317871,6.484189510345459,6.499433517456055,6.754674911499023,7.017624378204346,7.097090721130371
B7,5.648800373077393,5.417220592498779,5.089373588562012,4.786746978759766,4.4982686042785645,4.275274753570557,4.042832374572754,3.7561533451080322,3.505178213119507,3.4127893447875977,3.1988942623138428,2.895289421081543,2.730919599533081,2.68554425239563,2.530301094055176,1.260486364364624,1.071230173110962,0.8299107551574707,0.6662482023239136,0.5425209403038025,0.37787652015686035,0.0,0.37545013427734375,0.5827217102050781,0.6359766125679016,0.7846038937568665,1.011144995689392,1.1636630296707153,1.3034405708312988,1.434860110282898,2.809129238128662,2.9650609493255615,3.191669464111328,3.464815616607666,3.6286232471466064,3.724139928817749,4.053564548492432,4.036841869354248,3.9132025241851807,4.088947772979736,3.833374500274658,3.54046893119812,3.6786112785339355,3.5480639934539795,3.1982638835906982,2.2074007987976074,1.9703718423843384,2.161586284637451,2.1782593727111816,1.846053123474121,1.8240786790847778,2.1658809185028076,2.4439799785614014,2.395312547683716,2.6219482421875,2.895481586456299,3.0103259086608887,3.198747158050537,3.4832093715667725,3.4844751358032227,4.622356414794922,4.611850261688232,4.933072566986084,5.268255233764648,5.476512432098389,5.490483283996582,5.854339599609375,6.106189250946045,6.3013386726379395,6.489646911621094,6.717174530029297,6.742034435272217,6.987194061279297,7.259159088134766,7.349704265594482
B8,5.805777072906494,5.592861175537109,5.262550354003906,4.958272933959961,4.658336162567139,4.45900297164917,4.2211594581604,3.916468620300293,3.691473960876465,3.5975120067596436,3.354349374771118,3.062166690826416,2.923090934753418,2.841801643371582,2.6616477966308594,1.3904780149459839,1.1721798181533813,1.0397764444351196,0.86203533411026,0.5847536325454712,0.5209066271781921,0.37545013427734375,0.0,0.3839919865131378,0.5521947741508484,0.5493624210357666,0.7186277508735657,0.9663817286491394,1.0958465337753296,1.1457136869430542,2.553668737411499,2.6804392337799072,2.924332618713379,3.1980152130126953,3.3372802734375,3.4235239028930664,3.759380340576172,3.72225022315979,3.603771686553955,3.7637641429901123,3.4955742359161377,3.2120540142059326,3.3500852584838867,3.2032217979431152,2.855423927307129,1.9068735837936401,1.7026262283325195,1.9368425607681274,1.9500765800476074,1.6422518491744995,1.6868422031402588,2.0476701259613037,2.306140184402466,2.2695300579071045,2.5349843502044678,2.789332866668701,2.860886812210083,3.058485507965088,3.3439435958862305,3.31289005279541,4.365318775177002,4.332738876342773,4.645874500274658,4.989142417907715,5.187262058258057,5.190959930419922,5.55589485168457,5.815964698791504,6.003552436828613,6.194543361663818,6.43043851852417,6.467484951019287,6.707680702209473,6.988747596740723,7.092464447021484
B9,5.779620170593262,5.570122241973877,5.252377510070801,4.931176662445068,4.644262313842773,4.451077461242676,4.236731052398682,3.923250675201416,3.7008743286132812,3.644928216934204,3.3990638256073,3.0883798599243164,2.9885950088500977,2.930154800415039,2.7120985984802246,1.544561505317688,1.2505342960357666,1.127400279045105,1.0741547346115112,0.7647152543067932,0.5539991855621338,0.5827217102050781,0.3839919865131378,0.0,0.3766539692878723,0.5172114968299866,0.521917998790741,0.6886860132217407,0.9301374554634094,0.9904868006706238,2.333752155303955,2.459063768386841,2.6681675910949707,2.963107109069824,3.1149184703826904,3.1853153705596924,3.508269786834717,3.487680196762085,3.3473918437957764,3.526121139526367,3.2810230255126953,2.9771010875701904,3.114142417907715,3.0023207664489746,2.6494791507720947,1.7060701847076416,1.4543882608413696,1.6808927059173584,1.7567856311798096,1.4723997116088867,1.48538076877594,1.8284412622451782,2.119795083999634,2.143495798110962,2.3974950313568115,2.6162664890289307,2.6977040767669678,2.9336726665496826,3.1894211769104004,3.138101100921631,4.1959004402160645,4.177423477172852,4.481271266937256,4.8149518966674805,5.004606246948242,4.997500896453857,5.365845203399658,5.611161708831787,5.791342735290527,5.966633319854736,6.188971996307373,6.210452079772949,6.445737838745117,6.719357013702393,6.812887668609619
B10,6.035797595977783,5.8114213943481445,5.49860954284668,5.174436569213867,4.899950981140137,4.688024044036865,4.482489109039307,4.181817054748535,3.938114881515503,3.888005018234253,3.6643505096435547,3.342789649963379,3.224959135055542,3.1933467388153076,2.992269277572632,1.803943395614624,1.533051609992981,1.3346949815750122,1.2648899555206299,1.0276362895965576,0.7602872848510742,0.6359766125679016,0.5521947741508484,0.3766539692878723,0.0,0.37609103322029114,0.5432412624359131,0.5517619848251343,0.7174696922302246,0.913791835308075,2.2071356773376465,2.3851444721221924,2.59359073638916,2.8642823696136475,3.051253318786621,3.1605753898620605,3.482590675354004,3.497349739074707,3.3847169876098633,3.591911554336548,3.3626792430877686,3.0687954425811768,3.244218349456787,3.1479318141937256,2.7817020416259766,1.9868755340576172,1.731797218322754,1.9727413654327393,2.088763952255249,1.8237812519073486,1.8221690654754639,2.1487345695495605,2.4579551219940186,2.502396821975708,2.744764804840088,2.9531443119049072,3.043870687484741,3.2921974658966064,3.5367724895477295,3.477428674697876,4.5120625495910645,4.4874749183654785,4.77944278717041,5.112881183624268,5.288452625274658,5.263205528259277,5.634499549865723,5.875807762145996,6.0405497550964355,6.202262878417969,6.418606281280518,6.434394359588623,6.656048774719238,6.929388523101807,7.021861553192139
B11,6.2794928550720215,6.0656561851501465,5.744319438934326,5.428077220916748,5.1389617919921875,4.938964366912842,4.716917991638184,4.409406661987305,4.180629730224609,4.10813570022583,3.867586374282837,3.5634915828704834,3.438687801361084,3.3721907138824463,3.1774098873138428,1.9344664812088013,1.6918270587921143,1.5404185056686401,1.3947123289108276,1.1264793872833252,0.9690384864807129,0.7846038937568665,0.5493624210357666,0.5172114968299866,0.37609103322029114,0.0,0.3759361803531647,0.5574848651885986,0.561785876750946,0.6730815172195435,2.0541441440582275,2.2159292697906494,2.4685208797454834,2.7180542945861816,2.8802742958068848,3.0025789737701416,3.3404221534729004,3.3336377143859863,3.2496070861816406,3.437725067138672,3.1856422424316406,2.9175353050231934,3.1072804927825928,2.978036403656006,2.611445188522339,1.919212818145752,1.7236764430999756,2.016449213027954,2.1092779636383057,1.8668431043624878,1.9381698369979858,2.2837045192718506,2.5599210262298584,2.5900065898895264,2.8678290843963623,3.0737385749816895,3.1211483478546143,3.3597700595855713,3.616680145263672,3.5357398986816406,4.473142623901367,4.416748523712158,4.7011332511901855,5.047373294830322,5.212697982788086,5.177340030670166,5.548316478729248,5.804942607879639,5.961260795593262,6.130472183227539,6.361312389373779,6.396917819976807,6.612144470214844,6.898985385894775,7.01053524017334
B12,6.241569519042969,6.043656349182129,5.7279953956604,5.403614044189453,5.114185810089111,4.934993267059326,4.722053527832031,4.399580478668213,4.191476821899414,4.137767791748047,3.878178358078003,3.57458233833313,3.4875235557556152,3.411188840866089,3.1830124855041504,2.0156819820404053,1.7304844856262207,1.640757441520691,1.5485200881958008,1.2221938371658325,1.0704299211502075,1.011144995689392,0.7186277508735657,0.521917998790741,0.5432412624359131,0.3759361803531647,0.0,0.38054120540618896,0.5241751670837402,0.472851037979126,1.8484268188476562,1.9682728052139282,2.2057371139526367,2.4833428859710693,2.626676321029663,2.716024160385132,3.049652576446533,3.029635190963745,2.9217262268066406,3.104724645614624,2.855713129043579,2.573486566543579,2.75048565864563,2.631643295288086,2.2656092643737793,1.576856017112732,1.3811267614364624,1.6905261278152466,1.8114646673202515,1.6090524196624756,1.7039506435394287,2.0368380546569824,2.306720018386841,2.373079538345337,2.6600377559661865,2.832934856414795,2.8592021465301514,3.1181938648223877,3.356743335723877,3.2493643760681152,4.141732692718506,4.0849504470825195,4.3613433837890625,4.704319477081299,4.862802028656006,4.82090950012207,5.192990303039551,5.444907188415527,5.597421646118164,5.762009620666504,5.989943981170654,6.023410797119141,6.237398624420166,6.523789882659912,6.635570049285889
B13,6.334532260894775,6.127099990844727,5.823802947998047,5.487466812133789,5.2166666984558105,5.026917457580566,4.835888385772705,4.5191240310668945,4.296676158905029,4.270919322967529,4.027887344360352,3.705533027648926,3.62882137298584,3.587475299835205,3.350590944290161,2.2307538986206055,1.9227572679519653,1.788570523262024,1.7487479448318481,1.45171058177948,1.2137354612350464,1.1636630296707153,0.9663817286491394,0.6886860132217407,0.5517619848251343,0.5574848651885986,0.38054120540618896,0.0,0.3776010572910309,0.5211353302001953,1.6832705736160278,1.8506643772125244,2.045560836791992,2.326005697250366,2.513671398162842,2.6177966594696045,2.935211658477783,2.9609315395355225,2.8511548042297363,3.0737388134002686,2.862255573272705,2.5690596103668213,2.768376350402832,2.6972157955169678,2.3245182037353516,1.7382946014404297,1.499748706817627,1.782779574394226,1.96976900100708,1.789533019065857,1.8305950164794922,2.1287970542907715,2.4320430755615234,2.5444846153259277,2.8031179904937744,2.950442314147949,3.0013587474823,3.287932872772217,3.4980461597442627,3.382871627807617,4.286579132080078,4.2443976402282715,4.50794792175293,4.838924884796143,4.985350608825684,4.928271770477295,5.302414417266846,5.537050247192383,5.6765899658203125,5.819634437561035,6.030209541320801,6.0444655418396,6.247358322143555,6.5243754386901855,6.623521327972412
B14,6.67169189453125,6.460659027099609,6.151957035064697,5.821228981018066,5.545572280883789,5.3501386642456055,5.149111270904541,4.836306095123291,4.608913898468018,4.56588888168335,4.325103759765625,4.008508682250977,3.9098591804504395,3.859252452850342,3.640794515609741,2.4543886184692383,2.1784040927886963,2.0282998085021973,1.929861307144165,1.6506059169769287,1.4449946880340576,1.3034405708312988,1.0958465337753296,0.9301374554634094,0.7174696922302246,0.561785876750946,0.5241751670837402,0.3776010572910309,0.0,0.37542393803596497,1.5282305479049683,1.731141209602356,1.9694899320602417,2.2032675743103027,2.397592067718506,2.5481696128845215,2.8777196407318115,2.9117445945739746,2.852010488510132,3.0762197971343994,2.857187509536743,2.5991644859313965,2.8357632160186768,2.7455432415008545,2.3691980838775635,1.9599809646606445,1.7713149785995483,2.086559534072876,2.2596094608306885,2.0902912616729736,2.167316436767578,2.476301670074463,2.763779640197754,2.862358808517456,3.1377813816070557,3.289306163787842,3.319678783416748,3.598158836364746,3.8168904781341553,3.6903319358825684,4.518719673156738,4.4496235847473145,4.701720714569092,5.041711807250977,5.173573017120361,5.100297451019287,5.474163055419922,5.718621730804443,5.843258857727051,5.984955787658691,6.203427791595459,6.230434894561768,6.420123100280762,6.7068963050842285,6.820134162902832
