,A1,A2,A3,A4,A5,A6,A7,A8,A9,A10,A11,A12,A13,A14,A15,B1,B2,B3,B4,B5,B6,B7,B8,B9,B10,B11,B12,B13,B14,B15,C1,C2,C3,C4,C5,C6,C7,C8,C9,C10,C11,C12,C13,C14,C15,D1,D2,D3,D4,D5,D6,D7,D8,D9,D10,D11,D12,D13,D14,D15,E1,E2,E3,E4,E5,E6,E7,E8,E9,E10,E11,E12,E13,E14,E15
A1,0.0,0.3770752251148224,0.6978515386581421,0.9016186594963074,1.241917371749878,1.4579557180404663,1.742318868637085,1.8738559484481812,2.0679969787597656,2.3678858280181885,2.402039051055908,2.481248617172241,2.840985059738159,2.8916409015655518,2.7124433517456055,3.501509189605713,3.375086545944214,3.7124783992767334,3.8937549591064453,3.7478792667388916,3.9077723026275635,4.230507850646973,4.1596784591674805,4.15598201751709,4.523777008056641,4.5437517166137695,4.400352954864502,4.71671724319458,4.920926094055176,4.709712028503418,5.3212199211120605,5.096007347106934,5.145781993865967,5.513253211975098,5.471489429473877,5.281686305999756,5.557494163513184,5.802129745483398,5.614977836608887,5.620223045349121,5.98891019821167,6.016437530517578,5.838113784790039,6.082484722137451,6.352724552154541,6.690976142883301,6.9912428855896,6.969708442687988,6.907312393188477,7.208105087280273,7.414635181427002,7.318356037139893,7.413638591766357,7.7286152839660645,7.830726623535156,7.759340286254883,7.950937271118164,8.235193252563477,8.247147560119629,8.224821090698242,9.126270294189453,9.078468322753906,9.263888359069824,9.5581693649292,9.582751274108887,9.580687522888184,9.851777076721191,10.096161842346191,10.07716178894043,10.178366661071777,10.505532264709473,10.62070369720459,10.625314712524414,10.88912582397461,11.174368858337402
A2,0.3770752251148224,0.0,0.37172648310661316,0.5966548323631287,0.9118863344192505,1.143266201019287,1.4219319820404053,1.5969853401184082,1.8050291538238525,2.079604387283325,2.136030912399292,2.2557308673858643,2.6011078357696533,2.6490840911865234,2.5081686973571777,3.328123092651367,3.237973213195801,3.5860202312469482,3.7411272525787354,3.610848903656006,3.8008410930633545,4.105613708496094,4.017669200897217,4.040980815887451,4.4071879386901855,4.397894382476807,4.261541843414307,4.593076705932617,4.775157451629639,4.546779155731201,5.143110752105713,4.903704643249512,4.968199729919434,5.334024429321289,5.269611835479736,5.081414699554443,5.371247291564941,5.600184440612793,5.396925926208496,5.412954807281494,5.783295154571533,5.791603088378906,5.60906457901001,5.865997314453125,6.128010272979736,6.44463586807251,6.743460655212402,6.7066650390625,6.642622470855713,6.952064514160156,7.150821208953857,7.042311668395996,7.1428446769714355,7.462893962860107,7.553736209869385,7.476876735687256,7.677638530731201,7.960481643676758,7.960917949676514,7.9415507316589355,8.839441299438477,8.792749404907227,8.987308502197266,9.277387619018555,9.2952299118042,9.30029296875,9.576659202575684,9.8135347366333,9.793047904968262,9.903153419494629,10.228758811950684,10.337855339050293,10.348464012145996,10.617403030395508,10.896553993225098
A3,0.6978515386581421,0.37172648310661316,0.0,0.38727355003356934,0.6011802554130554,0.7796404361724854,1.0823324918746948,1.275010108947754,1.4572529792785645,1.7350651025772095,1.8236337900161743,1.946496605873108,2.278526782989502,2.3510427474975586,2.2327258586883545,3.0889945030212402,3.026128053665161,3.3711252212524414,3.5194575786590576,3.4199416637420654,3.6236541271209717,3.911578893661499,3.830714702606201,3.884925365447998,4.243650913238525,4.219002723693848,4.107254981994629,4.44932222366333,4.609538555145264,4.381129264831543,4.991289138793945,4.75194787979126,4.842702865600586,5.201390266418457,5.12091064453125,4.951107978820801,5.255645751953125,5.466514587402344,5.25866174697876,5.2984466552734375,5.665096282958984,5.654694080352783,5.483930587768555,5.757317543029785,6.002532005310059,6.326418399810791,6.615236759185791,6.563330173492432,6.5118184089660645,6.829991817474365,7.012421607971191,6.897713661193848,7.0148606300354,7.334403038024902,7.40945291519165,7.338113307952881,7.553040504455566,7.826345920562744,7.817400932312012,7.8122124671936035,8.708892822265625,8.672958374023438,8.877415657043457,9.157960891723633,9.174906730651855,9.194442749023438,9.47221565246582,9.700490951538086,9.686476707458496,9.808208465576172,10.127984046936035,10.23516845703125,10.258463859558105,10.529943466186523,10.802047729492188
A4,0.9016186594963074,0.5966548323631287,0.38727355003356934,0.0,0.37288209795951843,0.6901909112930298,0.8821836709976196,1.0304943323135376,1.2904096841812134,1.5302734375,1.5569498538970947,1.7064887285232544,2.0465519428253174,2.0694236755371094,1.948976755142212,2.7757058143615723,2.715958595275879,3.07197904586792,3.2013792991638184,3.0854480266571045,3.301549196243286,3.5870473384857178,3.4868600368499756,3.537355422973633,3.8984756469726562,3.865231513977051,3.7428042888641357,4.086540222167969,4.246490955352783,4.010797500610352,4.6107072830200195,4.369563102722168,4.456685543060303,4.816262245178223,4.737837314605713,4.566072463989258,4.869135856628418,5.082096576690674,4.877063274383545,4.915593147277832,5.281735420227051,5.275383949279785,5.107362270355225,5.378927707672119,5.624631881713867,5.962283611297607,6.249271392822266,6.203924179077148,6.1577253341674805,6.472323894500732,6.65547513961792,6.549285411834717,6.6682634353637695,6.983017444610596,7.0625433921813965,6.99922513961792,7.211309432983398,7.481695175170898,7.481025695800781,7.4797682762146,8.381092071533203,8.350922584533691,8.550127029418945,8.829737663269043,8.855531692504883,8.876057624816895,9.14756965637207,9.379932403564453,9.373662948608398,9.492085456848145,9.809249877929688,9.924297332763672,9.950146675109863,10.216064453125,10.49120044708252
A5,1.241917371749878,0.9118863344192505,0.6011802554130554,0.37288209795951843,0.0,0.37145623564720154,0.5218518376350403,0.738636314868927,0.9919083118438721,1.1999396085739136,1.2731913328170776,1.460407018661499,1.7708282470703125,1.8112858533859253,1.7426764965057373,2.6056060791015625,2.5914814472198486,2.945115089416504,3.052149772644043,2.971403121948242,3.211745262145996,3.4705777168273926,3.3676681518554688,3.456249952316284,3.8065056800842285,3.7461190223693848,3.647707223892212,4.003903865814209,4.1341633796691895,3.8911421298980713,4.488594055175781,4.241353988647461,4.355470657348633,4.706372261047363,4.604207992553711,4.4480180740356445,4.767486095428467,4.9575066566467285,4.741340160369873,4.8028950691223145,5.165219306945801,5.134836196899414,4.973786354064941,5.262687683105469,5.490777015686035,5.820130825042725,6.098320484161377,6.033932209014893,5.995732307434082,6.320305824279785,6.487249851226807,6.370088577270508,6.5032453536987305,6.819714069366455,6.881821155548096,6.819313049316406,7.045799255371094,7.308321952819824,7.29470682144165,7.304745674133301,8.201541900634766,8.179145812988281,8.389740943908691,8.66025447845459,8.681522369384766,8.71550178527832,8.990530014038086,9.212676048278809,9.209678649902344,9.340478897094727,9.652585983276367,9.762717247009277,9.799978256225586,10.07010269165039,10.336932182312012
A6,1.4579557180404663,1.143266201019287,0.7796404361724854,0.6901909112930298,0.37145623564720154,0.0,0.3688933551311493,0.6222250461578369,0.7421488165855408,0.9855483174324036,1.152341365814209,1.3101087808609009,1.5900238752365112,1.7007240056991577,1.6600075960159302,2.564683437347412,2.5765933990478516,2.9111478328704834,3.025014877319336,2.990990400314331,3.23042631149292,3.4703493118286133,3.3932406902313232,3.514512777328491,3.850285768508911,3.7841796875,3.7219645977020264,4.081985950469971,4.190253257751465,3.9588510990142822,4.578614711761475,4.339366436004639,4.482455253601074,4.821447849273682,4.706467151641846,4.575307846069336,4.9063262939453125,5.076596260070801,4.86043643951416,4.948087692260742,5.302746295928955,5.253799915313721,5.108734607696533,5.41247034072876,5.620824813842773,5.9576497077941895,6.223330497741699,6.1425089836120605,6.118013858795166,6.450446605682373,6.598721027374268,6.474412441253662,6.6247758865356445,6.939804553985596,6.983796119689941,6.926297664642334,7.16752815246582,7.419219493865967,7.393950462341309,7.418452739715576,8.309608459472656,8.29720687866211,8.518667221069336,8.778692245483398,8.7967529296875,8.845304489135742,9.12257194519043,9.33426284790039,9.335823059082031,9.478949546813965,9.785085678100586,9.89085578918457,9.940048217773438,10.213627815246582,10.471992492675781
A7,1.742318868637085,1.4219319820404053,1.0823324918746948,0.8821836709976196,0.5218518376350403,0.3688933551311493,0.0,0.36445844173431396,0.5717471837997437,0.6983554363250732,0.8414795994758606,1.0720113515853882,1.3257743120193481,1.3946716785430908,1.400709629058838,2.2893731594085693,2.3362009525299072,2.6756250858306885,2.7551181316375732,2.7282073497772217,2.9922478199005127,3.2114133834838867,3.1142287254333496,3.2540552616119385,3.583094835281372,3.4927029609680176,3.434666872024536,3.801208019256592,3.891313314437866,3.6490917205810547,4.2532057762146,4.008652210235596,4.162754535675049,4.496448040008545,4.369478702545166,4.2447686195373535,4.582370281219482,4.7410383224487305,4.520671844482422,4.618884563446045,4.970118999481201,4.911274433135986,4.771474838256836,5.0819268226623535,5.281150817871094,5.621344566345215,5.8809814453125,5.795485496520996,5.778427600860596,6.112546920776367,6.2533769607543945,6.129889488220215,6.287934303283691,6.599942207336426,6.63887357711792,6.587401390075684,6.832935333251953,7.078630447387695,7.053269863128662,7.085653781890869,7.976961612701416,7.972142696380615,8.194695472717285,8.449707984924316,8.472027778625488,8.527194023132324,8.801251411437988,9.011109352111816,9.019630432128906,9.165687561035156,9.467416763305664,9.57654094696045,9.632498741149902,9.903666496276855,10.160324096679688
A8,1.8738559484481812,1.5969853401184082,1.275010108947754,1.0304943323135376,0.738636314868927,0.6222250461578369,0.36445844173431396,0.0,0.3773444592952728,0.527323305606842,0.5510300397872925,0.735288143157959,1.032907485961914,1.0920264720916748,1.0510704517364502,1.9489514827728271,1.9826842546463013,2.318753719329834,2.412618637084961,2.3905749320983887,2.644204616546631,2.8669064044952393,2.78680682182312,2.9276123046875,3.253796339035034,3.177610158920288,3.1327919960021973,3.4950010776519775,3.5890347957611084,3.3647964000701904,4.004117965698242,3.7790920734405518,3.9416613578796387,4.270021438598633,4.158482074737549,4.052675247192383,4.38629150390625,4.547863006591797,4.348463535308838,4.458194732666016,4.801821231842041,4.752490043640137,4.635470867156982,4.944671154022217,5.136438846588135,5.52708101272583,5.775503158569336,5.700713157653809,5.704482555389404,6.032078742980957,6.166268348693848,6.060832977294922,6.230632305145264,6.530250072479248,6.57154655456543,6.540534019470215,6.7854413986206055,7.019974231719971,7.007526874542236,7.053984642028809,7.950740337371826,7.960245132446289,8.175982475280762,8.425601959228516,8.463172912597656,8.52427864074707,8.787240982055664,9.001256942749023,9.024526596069336,9.16768741607666,9.463038444519043,9.584342956542969,9.647116661071777,9.90933895111084,10.168947219848633
A9,2.0679969787597656,1.8050291538238525,1.4572529792785645,1.2904096841812134,0.9919083118438721,0.7421488165855408,0.5717471837997437,0.3773444592952728,0.0,0.38186776638031006,0.5748813152313232,0.6295693516731262,0.870751678943634,1.0583384037017822,1.042474627494812,1.9587258100509644,2.013578176498413,2.3142924308776855,2.425413131713867,2.4595959186553955,2.6981096267700195,2.8998608589172363,2.859283208847046,3.0300421714782715,3.335354804992676,3.2622973918914795,3.2597403526306152,3.6178905963897705,3.6915955543518066,3.4890317916870117,4.15327787399292,3.9438796043395996,4.133310794830322,4.446096420288086,4.327709197998047,4.250382423400879,4.590118408203125,4.733173370361328,4.539947509765625,4.674415111541748,5.00698709487915,4.943028926849365,4.845499038696289,5.1653852462768555,5.336924076080322,5.7398905754089355,5.9740309715271,5.885980606079102,5.9052042961120605,6.237547397613525,6.353060245513916,6.243817329406738,6.430262565612793,6.725808620452881,6.75040864944458,6.726685047149658,6.984247207641602,7.206633567810059,7.184892654418945,7.246250152587891,8.13576889038086,8.155969619750977,8.380433082580566,8.619303703308105,8.655401229858398,8.730289459228516,8.993646621704102,9.198105812072754,9.226913452148438,9.380717277526855,9.669528007507324,9.787803649902344,9.861882209777832,10.125994682312012,10.377837181091309
A10,2.3678858280181885,2.079604387283325,1.7350651025772095,1.5302734375,1.1999396085739136,0.9855483174324036,0.6983554363250732,0.527323305606842,0.38186776638031006,0.0,0.3773137629032135,0.578442394733429,0.6834312081336975,0.8311767578125,0.946500837802887,1.8134537935256958,1.9345786571502686,2.2313084602355957,2.286308765411377,2.34295654296875,2.616063356399536,2.779564142227173,2.712038040161133,2.91501784324646,3.20527720451355,3.092833995819092,3.1010327339172363,3.467268228530884,3.5090224742889404,3.2898495197296143,3.9222965240478516,3.702319622039795,3.9093847274780273,4.2122721672058105,4.070161819458008,4.001468181610107,4.351752758026123,4.473259449005127,4.268189907073975,4.417760372161865,4.744958400726318,4.660752773284912,4.566268444061279,4.896848201751709,5.054042816162109,5.442744255065918,5.669567108154297,5.56812858581543,5.592174053192139,5.929533004760742,6.033511161804199,5.917245864868164,6.112196445465088,6.407316207885742,6.420507431030273,6.397765636444092,6.66340446472168,6.8795552253723145,6.850193023681641,6.918971538543701,7.802982330322266,7.828969955444336,8.059189796447754,8.291309356689453,8.325840950012207,8.409313201904297,8.673044204711914,8.871049880981445,8.903318405151367,9.064017295837402,9.348271369934082,9.464619636535645,9.546380043029785,9.811382293701172,10.057859420776367
A11,2.402039051055908,2.136030912399292,1.8236337900161743,1.5569498538970947,1.2731913328170776,1.152341365814209,0.8414795994758606,0.5510300397872925,0.5748813152313232,0.3773137629032135,0.0,0.3782716393470764,0.5579086542129517,0.5534395575523376,0.6263999938964844,1.4901140928268433,1.5972819328308105,1.914587140083313,1.9629688262939453,1.9902276992797852,2.2697486877441406,2.4449679851531982,2.363203763961792,2.5524392127990723,2.85188889503479,2.7457220554351807,2.739733934402466,3.1057920455932617,3.1612648963928223,2.9425950050354004,3.5890467166900635,3.37615966796875,3.5744478702545166,3.8817548751831055,3.757164716720581,3.6875863075256348,4.030316352844238,4.165478229522705,3.9753196239471436,4.119451999664307,4.446278095245361,4.379940032958984,4.29353141784668,4.6155924797058105,4.7788310050964355,5.2041730880737305,5.430039882659912,5.34747314453125,5.379884719848633,5.707525253295898,5.818058013916016,5.721032619476318,5.914849758148193,6.201083660125732,6.227943420410156,6.218756675720215,6.474638938903809,6.68880033493042,6.6776628494262695,6.748680114746094,7.641508102416992,7.672893047332764,7.89065408706665,8.12514591217041,8.174369812011719,8.253482818603516,8.506730079650879,8.714902877807617,8.756497383117676,8.907068252563477,9.189894676208496,9.319131851196289,9.399064064025879,9.654561042785645,9.908844947814941
A12,2.481248617172241,2.2557308673858643,1.946496605873108,1.7064887285232544,1.460407018661499,1.3101087808609009,1.0720113515853882,0.735288143157959,0.6295693516731262,0.578442394733429,0.3782716393470764,0.0,0.379834920167923,0.5172760486602783,0.4334861934185028,1.3371001482009888,1.4081816673278809,1.6964739561080933,1.801533579826355,1.8604276180267334,2.098034620285034,2.2817184925079346,2.257328987121582,2.4472062587738037,2.735865592956543,2.6667284965515137,2.6931536197662354,3.044055223464966,3.107332944869995,2.9290144443511963,3.6288275718688965,3.449251413345337,3.6571590900421143,3.953162908554077,3.8512678146362305,3.808419942855835,4.141487121582031,4.278966903686523,4.116748332977295,4.273015022277832,4.5876688957214355,4.53223991394043,4.472375392913818,4.79012393951416,4.943469047546387,5.416116714477539,5.628839492797852,5.5549421310424805,5.607370376586914,5.927887439727783,6.029628276824951,5.947948455810547,6.152807235717773,6.4267988204956055,6.452856063842773,6.461402893066406,6.717563152313232,6.920017719268799,6.917510509490967,7.001621723175049,7.89404821395874,7.937604904174805,8.151083946228027,8.37929630279541,8.439209938049316,8.524462699890137,8.769174575805664,8.978412628173828,9.031128883361816,9.180830001831055,9.457674026489258,9.594695091247559,9.680667877197266,9.929771423339844,10.184621810913086
A13,2.840985059738159,2.6011078357696533,2.278526782989502,2.0465519428253174,1.7708282470703125,1.5900238752365112,1.3257743120193481,1.032907485961914,0.870751678943634,0.6834312081336975,0.5579086542129517,0.379834920167923,0.0,0.37918537855148315,0.522571325302124,1.2453062534332275,1.4048435688018799,1.6436729431152344,1.7021454572677612,1.8311578035354614,2.0825705528259277,2.2071683406829834,2.190695285797119,2.4306702613830566,2.683403968811035,2.582580804824829,2.652324676513672,3.001377820968628,3.0204014778137207,2.848065137863159,3.5349977016448975,3.3622608184814453,3.6026294231414795,3.8759217262268066,3.7526280879974365,3.739711046218872,4.081855773925781,4.188387393951416,4.025143623352051,4.210483074188232,4.5099053382873535,4.430206298828125,4.38958215713501,4.720290660858154,4.846858024597168,5.320912837982178,5.515897750854492,5.425017833709717,5.494129657745361,5.818954944610596,5.898305892944336,5.81199312210083,6.034905433654785,6.30291223526001,6.309820652008057,6.326964855194092,6.596185684204102,6.783735752105713,6.771554470062256,6.872615814208984,7.754362106323242,7.811049461364746,8.032721519470215,8.24771785736084,8.3076753616333,8.408653259277344,8.65168285369873,8.850234985351562,8.911070823669434,9.071817398071289,9.33967113494873,9.474865913391113,9.574437141418457,9.823628425598145,10.069599151611328
A14,2.8916409015655518,2.6490840911865234,2.3510427474975586,2.0694236755371094,1.8112858533859253,1.7007240056991577,1.3946716785430908,1.0920264720916748,1.0583384037017822,0.8311767578125,0.5534395575523376,0.5172760486602783,0.37918537855148315,0.0,0.3757117986679077,1.0042951107025146,1.1927834749221802,1.4688864946365356,1.473289132118225,1.5621720552444458,1.8524036407470703,1.9753938913345337,1.907696008682251,2.1438255310058594,2.408060073852539,2.2852516174316406,2.3289992809295654,2.688295602798462,2.7096283435821533,2.514220714569092,3.1858022212982178,3.002406358718872,3.2347776889801025,3.5151758193969727,3.393179416656494,3.3698110580444336,3.7113375663757324,3.825068235397339,3.6610500812530518,3.839171886444092,4.142208576202393,4.070260524749756,4.026058673858643,4.352518558502197,4.486172199249268,4.96912956237793,5.16778564453125,5.087961196899414,5.156071662902832,5.475752353668213,5.563243865966797,5.486137866973877,5.703813076019287,5.969184398651123,5.987114906311035,6.0081048011779785,6.269256114959717,6.4595184326171875,6.45849084854126,6.55614709854126,7.444218635559082,7.50046968460083,7.7136921882629395,7.932770729064941,8.000276565551758,8.095398902893066,8.333136558532715,8.53917407989502,8.60317325592041,8.756136894226074,9.024863243103027,9.167250633239746,9.263113975524902,9.506991386413574,9.758707046508789
A15,2.7124433517456055,2.5081686973571777,2.2327258586883545,1.948976755142212,1.7426764965057373,1.6600075960159302,1.400709629058838,1.0510704517364502,1.042474627494812,0.946500837802887,0.6263999938964844,0.4334861934185028,0.522571325302124,0.3757117986679077,0.0,0.9199224710464478,0.990605890750885,1.2968196868896484,1.3850327730178833,1.428250789642334,1.6767425537109375,1.859718918800354,1.8255751132965088,2.0147862434387207,2.303412437438965,2.2372424602508545,2.26432204246521,2.612408399581909,2.6800246238708496,2.5106394290924072,3.229727029800415,3.0671401023864746,3.2750887870788574,3.5657379627227783,3.48199200630188,3.451951503753662,3.7753350734710693,3.9185211658477783,3.7785308361053467,3.938325881958008,4.243901252746582,4.2033514976501465,4.162836074829102,4.472154140472412,4.621737957000732,5.139370918273926,5.342831134796143,5.286381721496582,5.3551716804504395,5.663614749908447,5.7644195556640625,5.704858303070068,5.9140143394470215,6.173749923706055,6.209061622619629,6.236943244934082,6.485145568847656,6.678921222686768,6.694547653198242,6.78712272644043,7.682870388031006,7.7372894287109375,7.938522815704346,8.164111137390137,8.240979194641113,8.32654094696045,8.557815551757812,8.774543762207031,8.840808868408203,8.982355117797852,9.253717422485352,9.404692649841309,9.493180274963379,9.730825424194336,9.991045951843262
B1,3.501509189605713,3.328123092651367,3.0889945030212402,2.7757058143615723,2.6056060791015625,2.564683437347412,2.2893731594085693,1.9489514827728271,1.9587258100509644,1.8134537935256958,1.4901140928268433,1.3371001482009888,1.2453062534332275,1.0042951107025146,0.9199224710464478,0.0,0.37422677874565125,0.5373104810714722,0.4735073447227478,0.6172487139701843,0.8871179819107056,0.9722315073013306,0.9570367336273193,1.2154254913330078,1.4414185285568237,1.3694103956222534,1.4764745235443115,1.7960236072540283,1.8288308382034302,1.7212669849395752,2.4946470260620117,2.4048407077789307,2.642876386642456,2.885362386703491,2.8393852710723877,2.881680965423584,3.176713705062866,3.303109645843506,3.2302653789520264,3.42453670501709,3.6836273670196533,3.6614415645599365,3.692671775817871,3.9851725101470947,4.096853256225586,4.721552848815918,4.882730960845947,4.853802680969238,4.976284503936768,5.255441188812256,5.331901550292969,5.321078777313232,5.5539655685424805,5.77190637588501,5.810561656951904,5.890443801879883,6.129551887512207,6.2878570556640625,6.33563232421875,6.461671829223633,7.3468451499938965,7.436339378356934,7.6164164543151855,7.822880268096924,7.93623685836792,8.035622596740723,8.2346773147583,8.456924438476562,8.55903434753418,8.69171142578125,8.941913604736328,9.120383262634277,9.225354194641113,9.437345504760742,9.700126647949219
B2,3.375086545944214,3.237973213195801,3.026128053665161,2.715958595275879,2.5914814472198486,2.5765933990478516,2.3362009525299072,1.9826842546463013,2.013578176498413,1.9345786571502686,1.5972819328308105,1.4081816673278809,1.4048435688018799,1.1927834749221802,0.990605890750885,0.37422677874565125,0.0,0.3779648244380951,0.5390670299530029,0.5206704139709473,0.6908778548240662,0.9093666672706604,0.9499625563621521,1.1048288345336914,1.3726269006729126,1.394903302192688,1.462247610092163,1.7570302486419678,1.8602166175842285,1.78706955909729,2.591784954071045,2.5233113765716553,2.7225279808044434,2.9764020442962646,2.9741368293762207,3.0010013580322266,3.271557331085205,3.431757688522339,3.3818836212158203,3.5492444038391113,3.811271905899048,3.823496103286743,3.852177143096924,4.123411655426025,4.254701614379883,4.902819633483887,5.071438312530518,5.066086769104004,5.183795928955078,5.451204299926758,5.543761253356934,5.548044681549072,5.768313884735107,5.982261657714844,6.039479732513428,6.122148036956787,6.3467698097229,6.510978698730469,6.574174880981445,6.691503047943115,7.582684516906738,7.667362213134766,7.83541202545166,8.049701690673828,8.170358657836914,8.258203506469727,8.451913833618164,8.68485164642334,8.786809921264648,8.907447814941406,9.161311149597168,9.346964836120605,9.442768096923828,9.649205207824707,9.920539855957031
B3,3.7124783992767334,3.5860202312469482,3.3711252212524414,3.07197904586792,2.945115089416504,2.9111478328704834,2.6756250858306885,2.318753719329834,2.3142924308776855,2.2313084602355957,1.914587140083313,1.6964739561080933,1.6436729431152344,1.4688864946365356,1.2968196868896484,0.5373104810714722,0.3779648244380951,0.0,0.3782453238964081,0.5211966037750244,0.5256155729293823,0.659940242767334,0.8416730165481567,1.0217756032943726,1.2041670083999634,1.2686843872070312,1.418205976486206,1.6589559316635132,1.736965537071228,1.736685872077942,2.5555291175842285,2.537595748901367,2.754117727279663,2.970174551010132,2.9857139587402344,3.057018756866455,3.3093316555023193,3.4515838623046875,3.4353604316711426,3.623234510421753,3.8562753200531006,3.870110511779785,3.935216188430786,4.19963264465332,4.305463790893555,4.9916605949401855,5.136443138122559,5.13525390625,5.278247833251953,5.534853458404541,5.60912561416626,5.629190444946289,5.863801002502441,6.059399604797363,6.109565258026123,6.2135419845581055,6.439383506774902,6.584315299987793,6.654195308685303,6.789556503295898,7.6693010330200195,7.770772933959961,7.934746265411377,8.136584281921387,8.268904685974121,8.367452621459961,8.549445152282715,8.779240608215332,8.895841598510742,9.017763137817383,9.260603904724121,9.453977584838867,9.560200691223145,9.75802993774414,10.026185035705566
B4,3.8937549591064453,3.7411272525787354,3.5194575786590576,3.2013792991638184,3.052149772644043,3.025014877319336,2.7551181316375732,2.412618637084961,2.425413131713867,2.286308765411377,1.9629688262939453,1.801533579826355,1.7021454572677612,1.473289132118225,1.3850327730178833,0.4735073447227478,0.5390670299530029,0.3782453238964081,0.0,0.3876161277294159,0.5527394413948059,0.5142907500267029,0.5826845765113831,0.8745680451393127,1.0247939825057983,0.9892961382865906,1.1705715656280518,1.4365880489349365,1.4579929113388062,1.428853988647461,2.23234486579895,2.20721435546875,2.448665142059326,2.6533193588256836,2.6472008228302,2.7339601516723633,2.996135711669922,3.11750864982605,3.0962164402008057,3.3012828826904297,3.526731491088867,3.5250494480133057,3.599395275115967,3.8713366985321045,3.9628899097442627,4.648221492767334,4.784582138061523,4.777106285095215,4.927865028381348,5.1848578453063965,5.2500410079956055,5.27018928527832,5.5115227699279785,5.703235149383545,5.747218608856201,5.856037616729736,6.085263252258301,6.2238240242004395,6.292185306549072,6.434033393859863,7.309082984924316,7.416182994842529,7.581478595733643,7.778082847595215,7.912101745605469,8.01617431640625,8.195907592773438,8.422321319580078,8.543216705322266,8.668207168579102,8.906843185424805,9.100810050964355,9.212335586547852,9.408811569213867,9.67383098602295
B5,3.7478792667388916,3.610848903656006,3.4199416637420654,3.0854480266571045,2.971403121948242,2.990990400314331,2.7282073497772217,2.3905749320983887,2.4595959186553955,2.34295654296875,1.9902276992797852,1.8604276180267334,1.8311578035354614,1.5621720552444458,1.428250789642334,0.6172487139701843,0.5206704139709473,0.5211966037750244,0.3876161277294159,0.0,0.3736565411090851,0.5257964134216309,0.44426193833351135,0.6073991060256958,0.878079891204834,0.885991632938385,0.9477277994155884,1.2385189533233643,1.3454022407531738,1.2862486839294434,2.1027135848999023,2.0656116008758545,2.2590465545654297,2.4957447052001953,2.521284341812134,2.568243980407715,2.8160560131073,2.978858232498169,2.962709665298462,3.131136655807495,3.372637987136841,3.404395341873169,3.4590835571289062,3.7122838497161865,3.8348147869110107,4.526186943054199,4.680366039276123,4.697027206420898,4.831750392913818,5.079639434814453,5.170342445373535,5.201098918914795,5.421911239624023,5.616104602813721,5.684338569641113,5.787698745727539,5.9993157386779785,6.152181625366211,6.235929012298584,6.360384464263916,7.245981216430664,7.341241359710693,7.493844509124756,7.703888416290283,7.842159271240234,7.929035663604736,8.10653305053711,8.34622573852539,8.461897850036621,8.57255744934082,8.818930625915527,9.018471717834473,9.116127014160156,9.30897045135498,9.58458137512207
B6,3.9077723026275635,3.8008410930633545,3.6236541271209717,3.301549196243286,3.211745262145996,3.23042631149292,2.9922478199005127,2.644204616546631,2.6981096267700195,2.616063356399536,2.2697486877441406,2.098034620285034,2.0825705528259277,1.8524036407470703,1.6767425537109375,0.8871179819107056,0.6908778548240662,0.5256155729293823,0.5527394413948059,0.3736565411090851,0.0,0.3756988048553467,0.5266050100326538,0.5433284640312195,0.7524715065956116,0.913182258605957,1.0089049339294434,1.2029802799224854,1.3514758348464966,1.3911186456680298,2.212785005569458,2.2319819927215576,2.405184507369995,2.6161248683929443,2.6865179538726807,2.754612684249878,2.9671220779418945,3.138288736343384,3.162653923034668,3.32507061958313,3.5447254180908203,3.6007587909698486,3.6787314414978027,3.91033935546875,4.026966094970703,4.754974365234375,4.896630764007568,4.931152820587158,5.079230785369873,5.311039447784424,5.3990983963012695,5.449904918670654,5.6714959144592285,5.849943161010742,5.9248456954956055,6.043885231018066,6.24650239944458,6.3895416259765625,6.48719596862793,6.617919445037842,7.497208595275879,7.60045862197876,7.742367744445801,7.94854211807251,8.098980903625488,8.185529708862305,8.351391792297363,8.595349311828613,8.720525741577148,8.824155807495117,9.065049171447754,9.27405071258545,9.37264633178711,9.555838584899902,9.834430694580078
B7,4.230507850646973,4.105613708496094,3.911578893661499,3.5870473384857178,3.4705777168273926,3.4703493118286133,3.2114133834838867,2.8669064044952393,2.8998608589172363,2.779564142227173,2.4449679851531982,2.2817184925079346,2.2071683406829834,1.9753938913345337,1.859718918800354,0.9722315073013306,0.9093666672706604,0.659940242767334,0.5142907500267029,0.5257964134216309,0.3756988048553467,0.0,0.38532501459121704,0.5571109652519226,0.5803601741790771,0.6882380843162537,0.9156193137168884,1.07175612449646,1.1288459300994873,1.2173601388931274,2.0265655517578125,2.0788094997406006,2.290402889251709,2.4590070247650146,2.5183238983154297,2.6343424320220947,2.844345808029175,2.9786465167999268,3.0192344188690186,3.213716506958008,3.4056153297424316,3.4436352252960205,3.5539958477020264,3.790313720703125,3.874016284942627,4.619542598724365,4.737006664276123,4.76365852355957,4.93480920791626,5.162421226501465,5.2273993492126465,5.28445291519165,5.523121356964111,5.6876702308654785,5.7482123374938965,5.883491516113281,6.093084812164307,6.217231273651123,6.313501358032227,6.462678909301758,7.328397750854492,7.447478771209717,7.591215133666992,7.783325672149658,7.939911842346191,8.040369033813477,8.198821067810059,8.435018539428711,8.572188377380371,8.682300567626953,8.912161827087402,9.123992919921875,9.235342979431152,9.4138822555542,9.685574531555176
B8,4.1596784591674805,4.017669200897217,3.830714702606201,3.4868600368499756,3.3676681518554688,3.3932406902313232,3.1142287254333496,2.78680682182312,2.859283208847046,2.712038040161133,2.363203763961792,2.257328987121582,2.190695285797119,1.907696008682251,1.8255751132965088,0.9570367336273193,0.9499625563621521,0.8416730165481567,0.5826845765113831,0.44426193833351135,0.5266050100326538,0.38532501459121704,0.0,0.37766528129577637,0.5078446865081787,0.44608646631240845,0.5994167923927307,0.8561823964118958,0.9135444164276123,0.9026564955711365,1.7260929346084595,1.7389839887619019,1.9475665092468262,2.143380641937256,2.1881003379821777,2.2794368267059326,2.504359722137451,2.6487598419189453,2.670133352279663,2.8559064865112305,3.0644147396087646,3.102329969406128,3.1950526237487793,3.4352633953094482,3.5328996181488037,4.264707565307617,4.394811153411865,4.423629283905029,4.582727432250977,4.813415050506592,4.8903326988220215,4.943557262420654,5.173251628875732,5.345447540283203,5.413880825042725,5.540365695953369,5.7459821701049805,5.880554676055908,5.977993488311768,6.116949081420898,6.990135192871094,7.10086727142334,7.2434563636779785,7.442995071411133,7.596523284912109,7.689806938171387,7.852025032043457,8.0921630859375,8.223356246948242,8.330327987670898,8.565635681152344,8.776018142700195,8.88136100769043,9.06229305267334,9.337118148803711
B9,4.15598201751709,4.040980815887451,3.884925365447998,3.537355422973633,3.456249952316284,3.514512777328491,3.2540552616119385,2.9276123046875,3.0300421714782715,2.91501784324646,2.5524392127990723,2.4472062587738037,2.4306702613830566,2.1438255310058594,2.0147862434387207,1.2154254913330078,1.1048288345336914,1.0217756032943726,0.8745680451393127,0.6073991060256958,0.5433284640312195,0.5571109652519226,0.37766528129577637,0.0,0.3755776584148407,0.5275283455848694,0.4968460500240326,0.6826488971710205,0.8900282979011536,0.9210257530212402,1.7200477123260498,1.7581583261489868,1.8991732597351074,2.106334924697876,2.210353374481201,2.2749686241149902,2.4598517417907715,2.647259473800659,2.69805645942688,2.843590259552002,3.0512845516204834,3.134197235107422,3.221817970275879,3.429832935333252,3.5511953830718994,4.304009437561035,4.441825866699219,4.5015082359313965,4.65309476852417,4.865616798400879,4.962764739990234,5.035813808441162,5.247145652770996,5.412010669708252,5.504565715789795,5.634315490722656,5.819168567657471,5.960073947906494,6.07773494720459,6.204803943634033,7.080723762512207,7.18545389175415,7.31118106842041,7.519497394561768,7.6827778816223145,7.7611894607543945,7.914885520935059,8.168009757995605,8.299647331237793,8.390576362609863,8.629006385803223,8.848783493041992,8.9428129196167,9.115199089050293,9.400092124938965
B10,4.523777008056641,4.4071879386901855,4.243650913238525,3.8984756469726562,3.8065056800842285,3.850285768508911,3.583094835281372,3.253796339035034,3.335354804992676,3.20527720451355,2.85188889503479,2.735865592956543,2.683403968811035,2.408060073852539,2.303412437438965,1.4414185285568237,1.3726269006729126,1.2041670083999634,1.0247939825057983,0.878079891204834,0.7524715065956116,0.5803601741790771,0.5078446865081787,0.3755776584148407,0.0,0.37949326634407043,0.5261719822883606,0.5215244889259338,0.659186601638794,0.8373945951461792,1.5956603288650513,1.7064286470413208,1.8662302494049072,2.0104405879974365,2.134866714477539,2.2571043968200684,2.41286563873291,2.5697219371795654,2.6622350215911865,2.8310248851776123,2.996906280517578,3.079448699951172,3.2102763652801514,3.4065494537353516,3.494098663330078,4.281778335571289,4.3902106285095215,4.455134868621826,4.634033679962158,4.831445217132568,4.907470703125,4.998918533325195,5.2238664627075195,5.366270065307617,5.451494216918945,5.604496955871582,5.788348197937012,5.907037734985352,6.032753944396973,6.178444862365723,7.037354469299316,7.159895896911621,7.279741287231445,7.473808288574219,7.6498589515686035,7.7391204833984375,7.878899097442627,8.128205299377441,8.275602340698242,8.367040634155273,8.592602729797363,8.82060432434082,8.925493240356445,9.087594032287598,9.368485450744629
B11,4.5437517166137695,4.397894382476807,4.219002723693848,3.865231513977051,3.7461190223693848,3.7841796875,3.4927029609680176,3.177610158920288,3.2622973918914795,3.092833995819092,2.7457220554351807,2.6667284965515137,2.582580804824829,2.2852516174316406,2.2372424602508545,1.3694103956222534,1.394903302192688,1.2686843872070312,0.9892961382865906,0.885991632938385,0.913182258605957,0.6882380843162537,0.44608646631240845,0.5275283455848694,0.37949326634407043,0.0,0.37755143642425537,0.5144709348678589,0.47160983085632324,0.5424140095710754,1.339612364768982,1.4153664112091064,1.6276272535324097,1.7743021249771118,1.8472706079483032,1.9820985794067383,2.173492431640625,2.301553249359131,2.3665173053741455,2.562343120574951,2.7340927124023438,2.784404754638672,2.9142544269561768,3.1342592239379883,3.2094225883483887,3.979522943496704,4.086798667907715,4.132801532745361,4.313161373138428,4.522866725921631,4.589968204498291,4.6681904792785645,4.901790618896484,5.051072120666504,5.124119281768799,5.272555351257324,5.467768669128418,5.585988521575928,5.699942111968994,5.849637508392334,6.709529876708984,6.83315372467041,6.963000297546387,7.15408992767334,7.323212146759033,7.4194440841674805,7.565733432769775,7.808243751525879,7.953549385070801,8.054067611694336,8.279404640197754,8.50109577178955,8.611328125,8.77960205078125,9.055089950561523
B12,4.400352954864502,4.261541843414307,4.107254981994629,3.7428042888641357,3.647707223892212,3.7219645977020264,3.434666872024536,3.1327919960021973,3.2597403526306152,3.1010327339172363,2.739733934402466,2.6931536197662354,2.652324676513672,2.3289992809295654,2.26432204246521,1.4764745235443115,1.462247610092163,1.418205976486206,1.1705715656280518,0.9477277994155884,1.0089049339294434,0.9156193137168884,0.5994167923927307,0.4968460500240326,0.5261719822883606,0.37755143642425537,0.0,0.37830379605293274,0.5306370258331299,0.44804638624191284,1.2300794124603271,1.2647502422332764,1.41020929813385,1.6129544973373413,1.714944839477539,1.787467360496521,1.9701917171478271,2.150632619857788,2.208526134490967,2.359299659729004,2.5577762126922607,2.6415538787841797,2.7394416332244873,2.9431042671203613,3.057292938232422,3.8201277256011963,3.9516515731811523,4.018511772155762,4.175693035125732,4.3802080154418945,4.476439476013184,4.558905601501465,4.769120216369629,4.926296710968018,5.023183822631836,5.159641265869141,5.338635444641113,5.475555896759033,5.600663661956787,5.729222774505615,6.6009955406188965,6.709082126617432,6.829241752624512,7.035635471343994,7.204570770263672,7.2828288078308105,7.430797576904297,7.685408592224121,7.821683883666992,7.909711837768555,8.1448974609375,8.368773460388184,8.464201927185059,8.632046699523926,8.917263984680176
B13,4.71671724319458,4.593076705932617,4.44932222366333,4.086540222167969,4.003903865814209,4.081985950469971,3.801208019256592,3.4950010776519775,3.6178905963897705,3.467268228530884,3.1057920455932617,3.044055223464966,3.001377820968628,2.688295602798462,2.612408399581909,1.7960236072540283,1.7570302486419678,1.6589559316635132,1.4365880489349365,1.2385189533233643,1.2029802799224854,1.07175612449646,0.8561823964118958,0.6826488971710205,0.5215244889259338,0.5144709348678589,0.37830379605293274,0.0,0.37180614471435547,0.5323346853256226,1.1558469533920288,1.2942836284637451,1.3980052471160889,1.5345258712768555,1.7055517435073853,1.8165390491485596,1.9329590797424316,2.1124141216278076,2.2345123291015625,2.376579761505127,2.5295472145080566,2.645228385925293,2.780902147293091,2.947714328765869,3.04477596282959,3.8502724170684814,3.95853590965271,4.050975322723389,4.227652549743652,4.4047627449035645,4.494531631469727,4.606874942779541,4.816470623016357,4.9474029541015625,5.053231716156006,5.212588310241699,5.376331806182861,5.496671676635742,5.642033100128174,5.779315948486328,6.635129451751709,6.7551069259643555,6.858715057373047,7.0575761795043945,7.244001865386963,7.3221964836120605,7.451841354370117,7.711041450500488,7.861485481262207,7.939428329467773,8.16476058959961,8.40174388885498,8.499415397644043,8.652318000793457,8.940118789672852
B14,4.920926094055176,4.775157451629639,4.609538555145264,4.246490955352783,4.1341633796691895,4.190253257751465,3.891313314437866,3.5890347957611084,3.6915955543518066,3.5090224742889404,3.1612648963928223,3.107332944869995,3.0204014778137207,2.7096283435821533,2.6800246238708496,1.8288308382034302,1.8602166175842285,1.736965537071228,1.4579929113388062,1.3454022407531738,1.3514758348464966,1.1288459300994873,0.9135444164276123,0.8900282979011536,0.659186601638794,0.47160983085632324,0.5306370258331299,0.37180614471435547,0.0,0.38106414675712585,0.9660229086875916,1.1380863189697266,1.3229913711547852,1.4014711380004883,1.5280252695083618,1.7047349214553833,1.8385593891143799,1.9562569856643677,2.0803191661834717,2.272493362426758,2.3987812995910645,2.4753458499908447,2.643310785293579,2.8290951251983643,2.8850760459899902,3.6952450275421143,3.7799582481384277,3.8526313304901123,4.0513916015625,4.232819080352783,4.295371055603027,4.4045281410217285,4.635265350341797,4.758403778076172,4.8429412841796875,5.0136213302612305,5.191391468048096,5.2946319580078125,5.43059778213501,5.5868048667907715,6.431442737579346,6.565618515014648,6.677814483642578,6.862633228302002,7.049358367919922,7.144053936004639,7.272069931030273,7.5200114250183105,7.678875923156738,7.768500328063965,7.9845685958862305,8.2194185256958,8.331138610839844,8.48454761505127,8.762962341308594
