,A1,A2,A3,A4,A5,A6,A7,A8,A9,A10,A11,A12,A13,A14,A15,B1,B2,B3,B4,B5,B6,B7,B8,B9,B10,B11,B12,B13,B14,B15,C1,C2,C3,C4,C5,C6,C7,C8,C9,C10,C11,C12,C13,C14,C15,D1,D2,D3,D4,D5,D6,D7,D8,D9,D10,D11,D12,D13,D14,D15,E1,E2,E3,E4,E5,E6,E7,E8,E9,E10,E11,E12,E13,E14,E15
A1,0.0,0.3638229966163635,0.6784016489982605,0.9244711995124817,1.2639633417129517,1.5778530836105347,1.8798542022705078,2.051434278488159,2.217280864715576,2.5037314891815186,2.449251890182495,2.6743428707122803,2.9981536865234375,2.9482483863830566,2.889200448989868,3.7877166271209717,3.7926981449127197,4.038415431976318,4.2631378173828125,4.258366107940674,4.3533430099487305,4.628934383392334,4.779312610626221,4.777161121368408,4.95258903503418,5.20363712310791,5.2736358642578125,5.326170444488525,5.563899040222168,5.721385478973389,6.55834436416626,6.727125644683838,6.734221935272217,6.9819207191467285,7.268446922302246,7.3161211013793945,7.487064361572266,7.4831624031066895,7.274287700653076,7.306894302368164,7.022775173187256,6.747452259063721,6.766081809997559,6.729416847229004,6.446216106414795,5.7352190017700195,5.510366439819336,5.280456066131592,5.251165390014648,5.096953392028809,4.820302963256836,4.70636510848999,4.546539783477783,4.212845802307129,4.158248424530029,4.2994208335876465,4.666167736053467,4.636280059814453,4.5739665031433105,4.841129302978516,5.729249954223633,5.898279666900635,6.162815570831299,6.272336959838867,6.315883159637451,6.5391130447387695,6.763781547546387,6.837306976318359,6.924055099487305,7.188790798187256,7.402876377105713,7.482090950012207,7.663753032684326,7.955183982849121,8.180389404296875
A2,0.3638229966163635,0.0,0.3605448305606842,0.6979824900627136,0.9948233366012573,1.2783397436141968,1.5535591840744019,1.7085974216461182,1.858683705329895,2.1543128490448,2.1025588512420654,2.319753646850586,2.6456644535064697,2.6111271381378174,2.554619550704956,3.4683029651641846,3.485915422439575,3.722015142440796,3.942417860031128,3.9544153213500977,4.054931640625,4.318037033081055,4.473283290863037,4.487642288208008,4.660399436950684,4.901055335998535,4.982037544250488,5.046093940734863,5.273921966552734,5.427253246307373,6.281943321228027,6.44449520111084,6.463549613952637,6.7169084548950195,6.995560646057129,7.042248725891113,7.222101211547852,7.227412700653076,7.028170585632324,7.05449914932251,6.761284828186035,6.495946407318115,6.521239757537842,6.472100734710693,6.183995246887207,5.476966857910156,5.241067886352539,5.025286674499512,5.002721786499023,4.832260608673096,4.556010723114014,4.463074684143066,4.308762550354004,3.9810988903045654,3.9463624954223633,4.0890913009643555,4.463345050811768,4.458501815795898,4.396036624908447,4.644880771636963,5.558359146118164,5.709298133850098,5.9745097160339355,6.102207183837891,6.140177249908447,6.3486127853393555,6.5839128494262695,6.6689252853393555,6.743262767791748,7.000722408294678,7.228427886962891,7.308355331420898,7.475897789001465,7.770446300506592,8.007001876831055
A3,0.6784016489982605,0.3605448305606842,0.0,0.38845041394233704,0.6398695111274719,0.9183114767074585,1.2032394409179688,1.3797945976257324,1.5606063604354858,1.838576316833496,1.8177671432495117,2.059086322784424,2.3632256984710693,2.330597162246704,2.3111917972564697,3.217700719833374,3.2649691104888916,3.507559061050415,3.703707695007324,3.721949577331543,3.848480463027954,4.102355480194092,4.241694450378418,4.273883819580078,4.461811065673828,4.684880256652832,4.760571479797363,4.846372604370117,5.074548244476318,5.208459377288818,6.083249568939209,6.229115009307861,6.249191761016846,6.515098571777344,6.7838664054870605,6.816929817199707,6.996370315551758,6.999331951141357,6.80059814453125,6.81195068359375,6.514122009277344,6.257667541503906,6.274689197540283,6.211968898773193,5.929490089416504,5.200361728668213,4.967151165008545,4.7633256912231445,4.72852897644043,4.546008110046387,4.282115936279297,4.198627948760986,4.031603813171387,3.7136454582214355,3.701822519302368,3.864403247833252,4.240029335021973,4.253662109375,4.210526466369629,4.450422286987305,5.39704704284668,5.539191246032715,5.792990207672119,5.9375176429748535,5.985546588897705,6.179247856140137,6.413650035858154,6.517205715179443,6.591806411743164,6.835554599761963,7.072903633117676,7.165558815002441,7.323490142822266,7.612673282623291,7.861073970794678
A4,0.9244711995124817,0.6979824900627136,0.38845041394233704,0.0,0.3601978123188019,0.6983782649040222,1.045651912689209,1.2971998453140259,1.540503740310669,1.7715996503829956,1.8130841255187988,2.092505931854248,2.3511838912963867,2.313128709793091,2.354904890060425,3.2243759632110596,3.308640480041504,3.5669751167297363,3.7266480922698975,3.7409095764160156,3.903306722640991,4.151341915130615,4.260600566864014,4.307065963745117,4.520261764526367,4.723372936248779,4.780947208404541,4.891066074371338,5.127405643463135,5.2336344718933105,6.122680187225342,6.2469377517700195,6.257927417755127,6.538529396057129,6.797885894775391,6.809415817260742,6.979584693908691,6.9697699546813965,6.762721538543701,6.754450798034668,6.458138465881348,6.207596302032471,6.203237056732178,6.129300117492676,5.862412452697754,5.090463161468506,4.874632835388184,4.678256034851074,4.613442420959473,4.4265923500061035,4.186460494995117,4.097503662109375,3.900310754776001,3.5948925018310547,3.602895975112915,3.7996482849121094,4.168163776397705,4.186235427856445,4.177491664886475,4.42161750793457,5.395603656768799,5.541865825653076,5.7754292488098145,5.928951263427734,5.999509811401367,6.1838507652282715,6.405473709106445,6.527844429016113,6.61550760269165,6.843883991241455,7.083022594451904,7.19570255279541,7.352025032043457,7.629100322723389,7.88525390625
A5,1.2639633417129517,0.9948233366012573,0.6398695111274719,0.3601978123188019,0.0,0.3444649875164032,0.7042340040206909,0.9772716760635376,1.2530333995819092,1.448919653892517,1.5254004001617432,1.820802092552185,2.0487287044525146,2.0152599811553955,2.094287872314453,2.942579746246338,3.054802656173706,3.3122987747192383,3.4485232830047607,3.472580671310425,3.6559460163116455,3.8903565406799316,3.987349510192871,4.052566051483154,4.274784088134766,4.459559917449951,4.516136646270752,4.6456298828125,4.877394676208496,4.967160701751709,5.872117519378662,5.98190450668335,5.997785568237305,6.288018703460693,6.5367889404296875,6.538628101348877,6.71134090423584,6.703604698181152,6.501440048217773,6.480853080749512,6.178656101226807,5.938906669616699,5.93196439743042,5.844079494476318,5.5797119140625,4.797532558441162,4.579640865325928,4.39860725402832,4.3286452293396,4.127012252807617,3.897160291671753,3.824986696243286,3.6226346492767334,3.329672336578369,3.3641254901885986,3.5739123821258545,3.9431450366973877,3.985790252685547,3.990312337875366,4.217336654663086,5.217115879058838,5.348556041717529,5.573504447937012,5.745237827301025,5.819396018981934,5.9866766929626465,6.211314678192139,6.350048065185547,6.432028293609619,6.647411346435547,6.8976593017578125,7.018276691436768,7.161806106567383,7.435789585113525,7.703453540802002
A6,1.5778530836105347,1.2783397436141968,0.9183114767074585,0.6983782649040222,0.3444649875164032,0.0,0.3673678934574127,0.674225926399231,0.9677152633666992,1.1333503723144531,1.258531928062439,1.555368185043335,1.7526957988739014,1.74118173122406,1.8556376695632935,2.688323974609375,2.8298184871673584,3.0763213634490967,3.1917569637298584,3.2353951930999756,3.435206890106201,3.6495044231414795,3.74155330657959,3.8304085731506348,4.054637432098389,4.219497203826904,4.283056735992432,4.431575775146484,4.652328968048096,4.728989124298096,5.651541233062744,5.7485785484313965,5.775235176086426,6.07357931137085,6.310482978820801,6.306232929229736,6.485750675201416,6.4851298332214355,6.292430877685547,6.260770797729492,5.950171947479248,5.7239766120910645,5.719634056091309,5.6156229972839355,5.350606441497803,4.5669755935668945,4.341590404510498,4.180964469909668,4.111991882324219,3.890604257583618,3.6697940826416016,3.6234419345855713,3.4223241806030273,3.1450116634368896,3.210038661956787,3.4269447326660156,3.7971315383911133,3.869473695755005,3.8817648887634277,4.08528470993042,5.106353282928467,5.2180376052856445,5.437310218811035,5.628680229187012,5.700950622558594,5.849423885345459,6.080916404724121,6.234296798706055,6.305517673492432,6.508863925933838,6.771927356719971,6.8964338302612305,7.024468421936035,7.297794818878174,7.577075958251953
A7,1.8798542022705078,1.5535591840744019,1.2032394409179688,1.045651912689209,0.7042340040206909,0.3673678934574127,0.0,0.3607713282108307,0.6449504494667053,0.7859868407249451,0.9685790538787842,1.2478082180023193,1.4185744524002075,1.4464062452316284,1.5876193046569824,2.412163496017456,2.5794756412506104,2.8046133518218994,2.9055299758911133,2.977203607559204,3.1853818893432617,3.3749330043792725,3.471426010131836,3.5859594345092773,3.803579092025757,3.949570417404175,4.028522968292236,4.192718505859375,4.3964433670043945,4.465935230255127,5.4052414894104,5.493588924407959,5.536618709564209,5.839875221252441,6.06513786315918,6.060487270355225,6.251253128051758,6.263434886932373,6.085069179534912,6.046380996704102,5.7254133224487305,5.514089584350586,5.519869327545166,5.4000678062438965,5.12950325012207,4.359945297241211,4.119871139526367,3.9825775623321533,3.9252994060516357,3.681602716445923,3.464669704437256,3.4527101516723633,3.264700174331665,3.004213809967041,3.0991060733795166,3.3115592002868652,3.6830942630767822,3.788686990737915,3.799050807952881,3.972503900527954,5.006479740142822,5.093376636505127,5.311789035797119,5.5229363441467285,5.585867404937744,5.714858531951904,5.957950115203857,6.122354507446289,6.1768479347229,6.37051248550415,6.647641658782959,6.770361423492432,6.880585670471191,7.156554698944092,7.44670295715332
A8,2.051434278488159,1.7085974216461182,1.3797945976257324,1.2971998453140259,0.9772716760635376,0.674225926399231,0.3607713282108307,0.0,0.3700675368309021,0.47454556822776794,0.6081343293190002,0.8966580629348755,1.0796968936920166,1.1009894609451294,1.2284317016601562,2.070664644241333,2.2316734790802,2.4486560821533203,2.5592682361602783,2.638474225997925,2.837153673171997,3.0237348079681396,3.1321699619293213,3.2482731342315674,3.456021547317505,3.604642391204834,3.694417953491211,3.854384422302246,4.050979137420654,4.12896203994751,5.069045543670654,5.1637678146362305,5.215537071228027,5.514504909515381,5.740443229675293,5.7455339431762695,5.944533348083496,5.967668056488037,5.7990007400512695,5.7686381340026855,5.44282341003418,5.2333478927612305,5.255856037139893,5.137054443359375,4.85439920425415,4.1186203956604,3.8606600761413574,3.727076530456543,3.6960232257843018,3.447035074234009,3.2136127948760986,3.2207136154174805,3.061847448348999,2.8007731437683105,2.897989273071289,3.0859522819519043,3.462245225906372,3.5855400562286377,3.5761845111846924,3.7285315990448,4.75732946395874,4.827544212341309,5.0549516677856445,5.273479461669922,5.3208417892456055,5.442761421203613,5.698282718658447,5.8607048988342285,5.900050640106201,6.094933032989502,6.379183292388916,6.492588996887207,6.5937113761901855,6.876200199127197,7.169111728668213
A9,2.217280864715576,1.858683705329895,1.5606063604354858,1.540503740310669,1.2530333995819092,0.9677152633666992,0.6449504494667053,0.3700675368309021,0.0,0.3897224962711334,0.5206868052482605,0.6614797115325928,0.8906309008598328,1.0231249332427979,1.1053849458694458,1.9857046604156494,2.1468656063079834,2.313232660293579,2.4399425983428955,2.5660183429718018,2.7418482303619385,2.897446632385254,3.0411064624786377,3.180102825164795,3.355964422225952,3.4959664344787598,3.6225368976593018,3.7826013565063477,3.949497699737549,4.040901184082031,4.9906415939331055,5.090507507324219,5.1689982414245605,5.462863445281982,5.681075572967529,5.70036506652832,5.9182562828063965,5.963860511779785,5.816407203674316,5.789936065673828,5.453060150146484,5.257393836975098,5.302732944488525,5.173750877380371,4.87785005569458,4.185877323150635,3.9049856662750244,3.793834686279297,3.791386127471924,3.524465560913086,3.2854297161102295,3.3305678367614746,3.202329635620117,2.9547553062438965,3.0649361610412598,3.2270846366882324,3.6039607524871826,3.7505252361297607,3.7201476097106934,3.8434128761291504,4.860078811645508,4.905459403991699,5.1435418128967285,5.373213291168213,5.398323059082031,5.507930755615234,5.781005382537842,5.941287994384766,5.957183837890625,6.152249336242676,6.447592735290527,6.546560764312744,6.631842136383057,6.92392635345459,7.221538066864014
A10,2.5037314891815186,2.1543128490448,1.838576316833496,1.7715996503829956,1.448919653892517,1.1333503723144531,0.7859868407249451,0.47454556822776794,0.3897224962711334,0.0,0.3813436031341553,0.5768603086471558,0.6408740282058716,0.7406172156333923,0.9376637935638428,1.7072255611419678,1.9132174253463745,2.0956130027770996,2.174166679382324,2.2933826446533203,2.5076982975006104,2.6547012329101562,2.762660264968872,2.9162096977233887,3.1165435314178467,3.2341411113739014,3.3414034843444824,3.5250391960144043,3.6982367038726807,3.761791229248047,4.720378875732422,4.800750732421875,4.872429847717285,5.1779069900512695,5.38696813583374,5.389569282531738,5.601465225219727,5.640153884887695,5.4904398918151855,5.45038366317749,5.112740993499756,4.924114227294922,4.9594340324401855,4.820528507232666,4.53235387802124,3.8226754665374756,3.5466196537017822,3.4471254348754883,3.433988094329834,3.1578171253204346,2.932539701461792,2.9896769523620605,2.855182409286499,2.6257500648498535,2.7629590034484863,2.9391071796417236,3.3074288368225098,3.4750871658325195,3.4650964736938477,3.5719285011291504,4.604779243469238,4.640544414520264,4.862694263458252,5.106610298156738,5.142885684967041,5.2364888191223145,5.504441738128662,5.682014465332031,5.6999711990356445,5.8790764808654785,6.1803436279296875,6.292690277099609,6.36954927444458,6.652780055999756,6.959243297576904
A11,2.449251890182495,2.1025588512420654,1.8177671432495117,1.8130841255187988,1.5254004001617432,1.258531928062439,0.9685790538787842,0.6081343293190002,0.5206868052482605,0.3813436031341553,0.0,0.3679278492927551,0.5660067200660706,0.5448806285858154,0.6242583990097046,1.5009106397628784,1.647706389427185,1.8465166091918945,1.9760699272155762,2.0703935623168945,2.2496731281280518,2.429328203201294,2.5603201389312744,2.6796889305114746,2.868102788925171,3.020638942718506,3.1305415630340576,3.282846450805664,3.46547269821167,3.5583932399749756,4.4984130859375,4.603946685791016,4.6714348793029785,4.962378025054932,5.188739776611328,5.210941314697266,5.4242095947265625,5.466933727264404,5.316417694091797,5.30081844329834,4.967426300048828,4.762518405914307,4.815421104431152,4.698797225952148,4.3955769538879395,3.7286429405212402,3.4395899772644043,3.315056085586548,3.334425449371338,3.0789542198181152,2.8176462650299072,2.862663745880127,2.763599395751953,2.5094828605651855,2.610060453414917,2.746579647064209,3.1240322589874268,3.280329465866089,3.2353148460388184,3.343600273132324,4.353572845458984,4.39129114151001,4.6328654289245605,4.864800930023193,4.883992671966553,4.990961074829102,5.267816543579102,5.427198886871338,5.438769817352295,5.633954048156738,5.930647373199463,6.027803421020508,6.111438274383545,6.404338836669922,6.7021684646606445
A12,2.6743428707122803,2.319753646850586,2.059086322784424,2.092505931854248,1.820802092552185,1.555368185043335,1.2478082180023193,0.8966580629348755,0.6614797115325928,0.5768603086471558,0.3679278492927551,0.0,0.3851816952228546,0.5461730360984802,0.5171974301338196,1.397078037261963,1.5393383502960205,1.6686923503875732,1.817926049232483,1.9687447547912598,2.1173510551452637,2.2578463554382324,2.4299111366271973,2.5747854709625244,2.7244415283203125,2.8660826683044434,3.017343521118164,3.1686697006225586,3.3167178630828857,3.4243481159210205,4.370904445648193,4.481868267059326,4.577982425689697,4.86218786239624,5.079668045043945,5.11740779876709,5.350235462188721,5.417052268981934,5.290066719055176,5.279407978057861,4.935785293579102,4.746498107910156,4.824549674987793,4.698379993438721,4.382012367248535,3.7709219455718994,3.459022045135498,3.3601720333099365,3.412360429763794,3.1416587829589844,2.876925230026245,2.963672399520874,2.9014554023742676,2.667618989944458,2.780033588409424,2.88515305519104,3.2558693885803223,3.4359614849090576,3.369333505630493,3.4427525997161865,4.428797721862793,4.4380903244018555,4.6890411376953125,4.932263374328613,4.927300930023193,5.01922607421875,5.313632965087891,5.47059440612793,5.456451416015625,5.650177001953125,5.957954406738281,6.03963041305542,6.105258941650391,6.407161712646484,6.709506988525391
A13,2.9981536865234375,2.6456644535064697,2.3632256984710693,2.3511838912963867,2.0487287044525146,1.7526957988739014,1.4185744524002075,1.0796968936920166,0.8906309008598328,0.6408740282058716,0.5660067200660706,0.3851816952228546,0.0,0.3820849061012268,0.5497064590454102,1.173129916191101,1.3960771560668945,1.513639211654663,1.588538646697998,1.7626800537109375,1.959810733795166,2.064016819000244,2.2005574703216553,2.383989095687866,2.5527706146240234,2.652751922607422,2.795989990234375,2.9843223094940186,3.124678134918213,3.1964681148529053,4.162491798400879,4.2462687492370605,4.346138954162598,4.645434856414795,4.845020294189453,4.864104270935059,5.09699821472168,5.16337251663208,5.041928291320801,5.011283874511719,4.661670207977295,4.489816665649414,4.560726165771484,4.41408109664917,4.1052937507629395,3.482412815093994,3.1703171730041504,3.1008107662200928,3.1449451446533203,2.852818012237549,2.6112899780273438,2.730691909790039,2.6671576499938965,2.4678823947906494,2.621649742126465,2.7402777671813965,3.0956475734710693,3.3079142570495605,3.2654526233673096,3.3100051879882812,4.309851169586182,4.299901485443115,4.531224250793457,4.795873165130615,4.800138473510742,4.866898059844971,5.158566474914551,5.337775707244873,5.319956302642822,5.49191951751709,5.81033182144165,5.905527114868164,5.955103397369385,6.2476654052734375,6.5628509521484375
A14,2.9482483863830566,2.6111271381378174,2.330597162246704,2.313128709793091,2.0152599811553955,1.74118173122406,1.4464062452316284,1.1009894609451294,1.0231249332427979,0.7406172156333923,0.5448806285858154,0.5461730360984802,0.3820849061012268,0.0,0.370992511510849,0.9757353663444519,1.1765334606170654,1.3802878856658936,1.4593843221664429,1.5568079948425293,1.7709192037582397,1.9332257509231567,2.0370655059814453,2.1772637367248535,2.3806874752044678,2.508812189102173,2.6108384132385254,2.7856075763702393,2.9651455879211426,3.036454439163208,3.9870548248291016,4.078171730041504,4.148927688598633,4.447466850280762,4.663992404937744,4.6791582107543945,4.895339012145996,4.9431843757629395,4.801812648773193,4.780751705169678,4.441739559173584,4.247626304626465,4.3089752197265625,4.182978630065918,3.875195026397705,3.2354631423950195,2.9317567348480225,2.8269457817077637,2.8687000274658203,2.600499391555786,2.336726188659668,2.421961545944214,2.358929395675659,2.1349244117736816,2.2660274505615234,2.380927085876465,2.743823289871216,2.9427144527435303,2.8982954025268555,2.958517551422119,3.966963529586792,3.973891496658325,4.206122398376465,4.460697650909424,4.474553108215332,4.5548810958862305,4.83861780166626,5.014018535614014,5.010937690734863,5.189041614532471,5.498922348022461,5.6001458168029785,5.664318084716797,5.953857421875,6.263424396514893
A15,2.889200448989868,2.554619550704956,2.3111917972564697,2.354904890060425,2.094287872314453,1.8556376695632935,1.5876193046569824,1.2284317016601562,1.1053849458694458,0.9376637935638428,0.6242583990097046,0.5171974301338196,0.5497064590454102,0.370992511510849,0.0,0.9659175276756287,1.0543522834777832,1.2374862432479858,1.4121860265731812,1.5080534219741821,1.64705491065979,1.8331565856933594,1.9953811168670654,2.101881504058838,2.2647757530212402,2.4345784187316895,2.563777446746826,2.6953723430633545,2.8676962852478027,2.9853897094726562,3.9140567779541016,4.038200855255127,4.1179609298706055,4.3952860832214355,4.627500057220459,4.672176361083984,4.897937297821045,4.959908962249756,4.826895713806152,4.833949565887451,4.497251510620117,4.292309284210205,4.380364894866943,4.275046348571777,3.9494082927703857,3.3760440349578857,3.0566093921661377,2.9346253871917725,3.0173027515411377,2.770294666290283,2.4747486114501953,2.554177761077881,2.5340631008148193,2.2914445400238037,2.3788797855377197,2.4417884349823,2.809830904006958,2.993220329284668,2.902341604232788,2.9605820178985596,3.9280736446380615,3.932224988937378,4.1910014152526855,4.431260108947754,4.417555809020996,4.511970520019531,4.810488224029541,4.9612531661987305,4.943665027618408,5.142114639282227,5.448324203491211,5.5255866050720215,5.593614101409912,5.897821426391602,6.197188377380371
B1,3.7877166271209717,3.4683029651641846,3.217700719833374,3.2243759632110596,2.942579746246338,2.688323974609375,2.412163496017456,2.070664644241333,1.9857046604156494,1.7072255611419678,1.5009106397628784,1.397078037261963,1.173129916191101,0.9757353663444519,0.9659175276756287,0.0,0.3785308301448822,0.5597950220108032,0.5209783315658569,0.592397928237915,0.8508667349815369,0.9928258657455444,1.0620464086532593,1.218690276145935,1.430345058441162,1.5389283895492554,1.6382392644882202,1.8256593942642212,1.9979687929153442,2.0610203742980957,3.0135841369628906,3.105753183364868,3.1875197887420654,3.4822897911071777,3.6956541538238525,3.723937511444092,3.953251361846924,4.023407459259033,3.907700777053833,3.905266046524048,3.559086322784424,3.3750643730163574,3.48225998878479,3.361673593521118,3.026252269744873,2.53482985496521,2.1859166622161865,2.108553886413574,2.253209114074707,1.9967436790466309,1.699961543083191,1.872434377670288,1.9540001153945923,1.8025944232940674,1.9377598762512207,1.9335827827453613,2.2382805347442627,2.503458023071289,2.4162487983703613,2.3611021041870117,3.2896463871002197,3.2266860008239746,3.4602909088134766,3.745164155960083,3.721719264984131,3.7578165531158447,4.066720962524414,4.250426769256592,4.204159736633301,4.364306449890137,4.695253849029541,4.782667636871338,4.8111395835876465,5.1054887771606445,5.4276041984558105
B2,3.7926981449127197,3.485915422439575,3.2649691104888916,3.308640480041504,3.054802656173706,2.8298184871673584,2.5794756412506104,2.2316734790802,2.1468656063079834,1.9132174253463745,1.647706389427185,1.5393383502960205,1.3960771560668945,1.1765334606170654,1.0543522834777832,0.3785308301448822,0.0,0.3829173147678375,0.5536510348320007,0.5016964077949524,0.6063712239265442,0.8589168787002563,0.9948555827140808,1.0508815050125122,1.2270137071609497,1.4200140237808228,1.527024507522583,1.6415008306503296,1.8308725357055664,1.9555896520614624,2.865046501159668,3.000694513320923,3.076605796813965,3.344808340072632,3.5847668647766113,3.6449382305145264,3.875345230102539,3.951934814453125,3.836646556854248,3.8711564540863037,3.5359432697296143,3.329777240753174,3.462620496749878,3.377744436264038,3.0264928340911865,2.615798234939575,2.263185739517212,2.1481640338897705,2.3371458053588867,2.1280572414398193,1.7955389022827148,1.9350249767303467,2.0642197132110596,1.8875420093536377,1.9581975936889648,1.8874491453170776,2.1907505989074707,2.4305319786071777,2.2889506816864014,2.231166362762451,3.1066060066223145,3.044513463973999,3.3083086013793945,3.5733721256256104,3.5221498012542725,3.57812762260437,3.9004673957824707,4.055920600891113,3.998809814453125,4.183268070220947,4.5071234703063965,4.571324348449707,4.609314441680908,4.91817569732666,5.227564334869385
B3,4.038415431976318,3.722015142440796,3.507559061050415,3.5669751167297363,3.3122987747192383,3.0763213634490967,2.8046133518218994,2.4486560821533203,2.313232660293579,2.0956130027770996,1.8465166091918945,1.6686923503875732,1.513639211654663,1.3802878856658936,1.2374862432479858,0.5597950220108032,0.3829173147678375,0.0,0.3875734508037567,0.5406893491744995,0.5058225393295288,0.6097623109817505,0.8679096698760986,0.993164598941803,1.0663964748382568,1.2272822856903076,1.4240031242370605,1.5396827459335327,1.6549510955810547,1.8032633066177368,2.722935676574707,2.863140106201172,2.9846720695495605,3.2423737049102783,3.4648773670196533,3.5456573963165283,3.803205966949463,3.9138662815093994,3.834365129470825,3.8724703788757324,3.526618719100952,3.349193572998047,3.514302968978882,3.4145495891571045,3.0529918670654297,2.7331881523132324,2.363081216812134,2.2971010208129883,2.5182220935821533,2.295457601547241,1.9861199855804443,2.1765449047088623,2.334429979324341,2.1961331367492676,2.2840726375579834,2.194319009780884,2.4681923389434814,2.7254459857940674,2.572877883911133,2.473616123199463,3.282184362411499,3.1810483932495117,3.4464895725250244,3.722970485687256,3.6426916122436523,3.672842025756836,4.011667728424072,4.164600372314453,4.07369327545166,4.249671936035156,4.585258483886719,4.630421161651611,4.641374588012695,4.9573750495910645,5.271647930145264
B4,4.2631378173828125,3.942417860031128,3.703707695007324,3.7266480922698975,3.4485232830047607,3.1917569637298584,2.9055299758911133,2.5592682361602783,2.4399425983428955,2.174166679382324,1.9760699272155762,1.817926049232483,1.588538646697998,1.4593843221664429,1.4121860265731812,0.5209783315658569,0.5536510348320007,0.3875734508037567,0.0,0.3806834816932678,0.5490677356719971,0.513055682182312,0.6290082335472107,0.8723806738853455,1.012108325958252,1.0649861097335815,1.2326271533966064,1.4356493949890137,1.5451231002807617,1.6133394241333008,2.578277587890625,2.6709768772125244,2.7927441596984863,3.079033613204956,3.276137113571167,3.3241376876831055,3.5794856548309326,3.684915542602539,3.608076810836792,3.6156342029571533,3.259519338607788,3.1038942337036133,3.255380392074585,3.1262452602386475,2.7735257148742676,2.4311585426330566,2.0569727420806885,2.034613847732544,2.247732162475586,1.998500943183899,1.7214034795761108,1.9610950946807861,2.122056722640991,2.035564661026001,2.1718409061431885,2.1036453247070312,2.348867654800415,2.6424527168273926,2.530813217163086,2.399467706680298,3.2244911193847656,3.1037468910217285,3.3361058235168457,3.6394476890563965,3.57962703704834,3.577085256576538,3.9062368869781494,4.090915203094482,4.002415180206299,4.14711332321167,4.494060039520264,4.562248706817627,4.555680751800537,4.855677604675293,5.185974597930908
B5,4.258366107940674,3.9544153213500977,3.721949577331543,3.7409095764160156,3.472580671310425,3.2353951930999756,2.977203607559204,2.638474225997925,2.5660183429718018,2.2933826446533203,2.0703935623168945,1.9687447547912598,1.7626800537109375,1.5568079948425293,1.5080534219741821,0.592397928237915,0.5016964077949524,0.5406893491744995,0.3806834816932678,0.0,0.3830828368663788,0.5554549694061279,0.5262507200241089,0.6273671388626099,0.8756811618804932,0.998819887638092,1.0609279870986938,1.2361799478530884,1.4312236309051514,1.4981759786605835,2.431802749633789,2.537461280822754,2.6120779514312744,2.8979058265686035,3.122253894805908,3.1652212142944336,3.3965134620666504,3.4760560989379883,3.3709287643432617,3.394233465194702,3.051942825317383,2.861983060836792,3.0044710636138916,2.906377077102661,2.550978183746338,2.200012683868408,1.833196997642517,1.7567211389541626,1.9863566160202026,1.7794575691223145,1.4646365642547607,1.6676439046859741,1.8596622943878174,1.760345220565796,1.8609123229980469,1.7568752765655518,1.9951828718185425,2.2817649841308594,2.157498359680176,2.0228660106658936,2.8538010120391846,2.746325969696045,2.984086036682129,3.2797493934631348,3.228121519088745,3.240734338760376,3.564980983734131,3.7464218139648438,3.673717737197876,3.827397584915161,4.166991233825684,4.242663860321045,4.2539520263671875,4.55244255065918,4.877798080444336
B6,4.3533430099487305,4.054931640625,3.848480463027954,3.903306722640991,3.6559460163116455,3.435206890106201,3.1853818893432617,2.837153673171997,2.7418482303619385,2.5076982975006104,2.2496731281280518,2.1173510551452637,1.959810733795166,1.7709192037582397,1.64705491065979,0.8508667349815369,0.6063712239265442,0.5058225393295288,0.5490677356719971,0.3830828368663788,0.0,0.38547438383102417,0.5456066727638245,0.5166263580322266,0.6218764781951904,0.8560343980789185,0.988579273223877,1.0606566667556763,1.2313365936279297,1.3925427198410034,2.277153968811035,2.433933973312378,2.5280678272247314,2.7778677940368652,3.020463466644287,3.108323812484741,3.354504346847534,3.458479881286621,3.373232126235962,3.43509578704834,3.101145029067993,2.905985116958618,3.088625192642212,3.0186965465545654,2.648031234741211,2.4214534759521484,2.054337501525879,1.9682728052139282,2.240675449371338,2.0717947483062744,1.749579668045044,1.9333367347717285,2.1605801582336426,2.05033278465271,2.10280442237854,1.9431651830673218,2.1659135818481445,2.427125930786133,2.2492642402648926,2.0997679233551025,2.8325304985046387,2.7079856395721436,2.976576805114746,3.254743814468384,3.1599903106689453,3.180743932723999,3.525660753250122,3.675581693649292,3.574828624725342,3.749406337738037,4.086522579193115,4.128348350524902,4.1359052658081055,4.452673435211182,4.766899585723877
B7,4.628934383392334,4.318037033081055,4.102355480194092,4.151341915130615,3.8903565406799316,3.6495044231414795,3.3749330043792725,3.0237348079681396,2.897446632385254,2.6547012329101562,2.429328203201294,2.2578463554382324,2.064016819000244,1.9332257509231567,1.8331565856933594,0.9928258657455444,0.8589168787002563,0.6097623109817505,0.513055682182312,0.5554549694061279,0.38547438383102417,0.0,0.39093321561813354,0.5664623975753784,0.5424479842185974,0.622925341129303,0.8745133280754089,1.0113669633865356,1.0712765455245972,1.2076321840286255,2.135977268218994,2.267071485519409,2.4122731685638428,2.668039321899414,2.8751261234283447,2.9641904830932617,3.236867666244507,3.371741771697998,3.323737144470215,3.3691444396972656,3.019927978515625,2.8681647777557373,3.0706915855407715,2.9680776596069336,2.596721887588501,2.4372215270996094,2.0589752197265625,2.0440897941589355,2.327409029006958,2.13087797164917,1.8538261651992798,2.097994804382324,2.332671880722046,2.2713091373443604,2.3650524616241455,2.2192530632019043,2.4120185375213623,2.7003188133239746,2.5430290699005127,2.3572142124176025,3.044095277786255,2.880189895629883,3.1273441314697266,3.4270448684692383,3.321481466293335,3.3016040325164795,3.6516242027282715,3.8162875175476074,3.6887993812561035,3.836635112762451,4.188263416290283,4.22613000869751,4.19947624206543,4.511898040771484,4.838139533996582
B8,4.779312610626221,4.473283290863037,4.241694450378418,4.260600566864014,3.987349510192871,3.74155330657959,3.471426010131836,3.1321699619293213,3.0411064624786377,2.762660264968872,2.5603201389312744,2.4299111366271973,2.2005574703216553,2.0370655059814453,1.9953811168670654,1.0620464086532593,0.9948555827140808,0.8679096698760986,0.6290082335472107,0.5262507200241089,0.5456066727638245,0.39093321561813354,0.0,0.3794114291667938,0.5493122339248657,0.5068404674530029,0.605657160282135,0.8540336489677429,0.9770169258117676,1.0003236532211304,1.9656126499176025,2.0523629188537598,2.1640915870666504,2.4525318145751953,2.65218186378479,2.702387571334839,2.957235813140869,3.0693111419677734,3.004605531692505,3.0290706157684326,2.6762046813964844,2.523569107055664,2.7080280780792236,2.5949971675872803,2.2278547286987305,2.049328088760376,1.6708570718765259,1.6718417406082153,1.961561918258667,1.770777940750122,1.5117367506027222,1.779873013496399,2.0349347591400146,2.017730712890625,2.130547285079956,1.9858379364013672,2.1406075954437256,2.4529342651367188,2.3279528617858887,2.1124823093414307,2.8085453510284424,2.634824752807617,2.851501941680908,3.1716396808624268,3.092026710510254,3.0500659942626953,3.386558771133423,3.579899311065674,3.4660768508911133,3.5890557765960693,3.946495294570923,4.012069225311279,3.9809515476226807,4.276489734649658,4.614752769470215
B9,4.777161121368408,4.487642288208008,4.273883819580078,4.307065963745117,4.052566051483154,3.8304085731506348,3.5859594345092773,3.2482731342315674,3.180102825164795,2.9162096977233887,2.6796889305114746,2.5747854709625244,2.383989095687866,2.1772637367248535,2.101881504058838,1.218690276145935,1.0508815050125122,0.993164598941803,0.8723806738853455,0.6273671388626099,0.5166263580322266,0.5664623975753784,0.3794114291667938,0.0,0.37752583622932434,0.5432776808738708,0.5061646699905396,0.6110860109329224,0.8540413975715637,0.9484279155731201,1.8254923820495605,1.9619603157043457,2.029817819595337,2.2941813468933105,2.5370686054229736,2.609501361846924,2.845618724822998,2.9428484439849854,2.85752534866333,2.9222683906555176,2.5911619663238525,2.3960494995117188,2.5925004482269287,2.5313355922698975,2.155604600906372,2.0334694385528564,1.6722500324249268,1.6042641401290894,1.9259825944900513,1.8018914461135864,1.5068179368972778,1.7140798568725586,2.0058224201202393,1.9647274017333984,2.015843152999878,1.8119913339614868,1.9500843286514282,2.2355844974517822,2.068593978881836,1.843285083770752,2.4871060848236084,2.3178963661193848,2.5613396167755127,2.8630475997924805,2.7667272090911865,2.7478466033935547,3.0928874015808105,3.264133930206299,3.1515049934387207,3.298762798309326,3.647554874420166,3.7015819549560547,3.6890904903411865,3.9952328205108643,4.322110652923584
B10,4.95258903503418,4.660399436950684,4.461811065673828,4.520261764526367,4.274784088134766,4.054637432098389,3.803579092025757,3.456021547317505,3.355964422225952,3.1165435314178467,2.868102788925171,2.7244415283203125,2.5527706146240234,2.3806874752044678,2.2647757530212402,1.430345058441162,1.2270137071609497,1.0663964748382568,1.012108325958252,0.8756811618804932,0.6218764781951904,0.5424479842185974,0.5493122339248657,0.37752583622932434,0.0,0.38061660528182983,0.5433441996574402,0.5063389539718628,0.6150872111320496,0.841332733631134,1.6726375818252563,1.8536196947097778,1.9744449853897095,2.1996238231658936,2.4403576850891113,2.5611155033111572,2.8260786533355713,2.964418888092041,2.9199507236480713,3.0112788677215576,2.683967113494873,2.5111823081970215,2.750627279281616,2.697265386581421,2.315885066986084,2.3218603134155273,1.9642115831375122,1.9241405725479126,2.2635109424591064,2.1460328102111816,1.8684158325195312,2.0817885398864746,2.3808624744415283,2.3403100967407227,2.3801934719085693,2.15920352935791,2.2862443923950195,2.5562033653259277,2.360931396484375,2.1249637603759766,2.65800142288208,2.4603898525238037,2.7186598777770996,3.0084095001220703,2.8677587509155273,2.8383946418762207,3.2013046741485596,3.347083806991577,3.195305109024048,3.349041223526001,3.6995654106140137,3.717801094055176,3.684718132019043,4.005344390869141,4.325583457946777
B11,5.20363712310791,4.901055335998535,4.684880256652832,4.723372936248779,4.459559917449951,4.219497203826904,3.949570417404175,3.604642391204834,3.4959664344787598,3.2341411113739014,3.020638942718506,2.8660826683044434,2.652751922607422,2.508812189102173,2.4345784187316895,1.5389283895492554,1.4200140237808228,1.2272822856903076,1.0649861097335815,0.998819887638092,0.8560343980789185,0.622925341129303,0.5068404674530029,0.5432776808738708,0.38061660528182983,0.0,0.38742756843566895,0.5470457673072815,0.5037909746170044,0.5894606113433838,1.5271509885787964,1.6452924013137817,1.8070282936096191,2.0616791248321533,2.2558858394622803,2.3522441387176514,2.6359360218048096,2.7926907539367676,2.7762773036956787,2.8348588943481445,2.489330530166626,2.3630075454711914,2.6075663566589355,2.5127925872802734,2.136730670928955,2.1876585483551025,1.8267414569854736,1.861415982246399,2.199686050415039,2.0579676628112793,1.8336176872253418,2.101743221282959,2.401369571685791,2.4136953353881836,2.4991445541381836,2.3040785789489746,2.4011871814727783,2.702340602874756,2.5470328330993652,2.282301425933838,2.8014049530029297,2.57340669631958,2.7908363342285156,3.1085190773010254,2.9797067642211914,2.9036126136779785,3.2579920291900635,3.434206008911133,3.271096706390381,3.384294271469116,3.748903512954712,3.7817800045013428,3.716036558151245,4.020191669464111,4.3574442863464355
B12,5.2736358642578125,4.982037544250488,4.760571479797363,4.780947208404541,4.516136646270752,4.283056735992432,4.028522968292236,3.694417953491211,3.6225368976593018,3.3414034843444824,3.1305415630340576,3.017343521118164,2.795989990234375,2.6108384132385254,2.563777446746826,1.6382392644882202,1.527024507522583,1.4240031242370605,1.2326271533966064,1.0609279870986938,0.988579273223877,0.8745133280754089,0.605657160282135,0.5061646699905396,0.5433441996574402,0.38742756843566895,0.0,0.378487765789032,0.5346122980117798,0.4658193290233612,1.3843046426773071,1.4776999950408936,1.5675369501113892,1.8506925106048584,2.064362049102783,2.127289056777954,2.37959361076355,2.5006916522979736,2.4510631561279297,2.5089852809906006,2.168750524520874,2.0139882564544678,2.246519088745117,2.1691243648529053,1.789310336112976,1.8537425994873047,1.5063844919204712,1.5225839614868164,1.8798044919967651,1.7817538976669312,1.5653687715530396,1.8178352117538452,2.14475679397583,2.183706283569336,2.256120204925537,2.0421411991119385,2.0940427780151367,2.398822546005249,2.257681131362915,1.9661283493041992,2.4628689289093018,2.2290804386138916,2.4278314113616943,2.756857395172119,2.6480023860931396,2.5623207092285156,2.906954526901245,3.1017746925354004,2.955906867980957,3.05733323097229,3.4234840869903564,3.4803242683410645,3.4226043224334717,3.715440273284912,4.05911111831665
B13,5.326170444488525,5.046093940734863,4.846372604370117,4.891066074371338,4.6456298828125,4.431575775146484,4.192718505859375,3.854384422302246,3.7826013565063477,3.5250391960144043,3.282846450805664,3.1686697006225586,2.9843223094940186,2.7856075763702393,2.6953723430633545,1.8256593942642212,1.6415008306503296,1.5396827459335327,1.4356493949890137,1.2361799478530884,1.0606566667556763,1.0113669633865356,0.8540336489677429,0.6110860109329224,0.5063389539718628,0.5470457673072815,0.378487765789032,0.0,0.38009870052337646,0.5371807217597961,1.2376902103424072,1.4242351055145264,1.4978280067443848,1.7225075960159302,1.983510971069336,2.102309465408325,2.350249767303467,2.4798662662506104,2.4333555698394775,2.54805588722229,2.237642288208008,2.0542919635772705,2.3181605339050293,2.2976958751678467,1.916776418685913,2.0798075199127197,1.758029818534851,1.721487283706665,2.095886707305908,2.048104763031006,1.8072285652160645,2.0052387714385986,2.349526882171631,2.358384132385254,2.376555919647217,2.1148390769958496,2.1559338569641113,2.4218249320983887,2.229783296585083,1.9347120523452759,2.3152103424072266,2.0720982551574707,2.3082497119903564,2.6081345081329346,2.455451726913452,2.3895184993743896,2.753645896911621,2.908975124359131,2.741051435470581,2.8735218048095703,3.231407642364502,3.2544565200805664,3.2046806812286377,3.518339157104492,3.8462741374969482
