,A1,A2,A3,A4,A5,A6,A7,A8,A9,A10,A11,A12,A13,A14,A15,B1,B2,B3,B4,B5,B6,B7,B8,B9,B10,B11,B12,B13,B14,B15,C1,C2,C3,C4,C5,C6,C7,C8,C9,C10,C11,C12,C13,C14,C15,D1,D2,D3,D4,D5,D6,D7,D8,D9,D10,D11,D12,D13,D14,D15,E1,E2,E3,E4,E5,E6,E7,E8,E9,E10,E11,E12,E13,E14,E15
A1,0.0,0.3911380469799042,0.6196839213371277,0.9644840359687805,1.1614876985549927,1.5091873407363892,1.662949562072754,1.946179747581482,2.1580820083618164,2.475425958633423,2.722292900085449,2.952338933944702,3.314990520477295,3.4785077571868896,3.4629783630371094,2.4410717487335205,2.603379964828491,2.365995407104492,2.457596778869629,2.731712579727173,2.770962953567505,2.9433844089508057,3.290665626525879,3.362645149230957,3.7435169219970703,3.855117082595825,4.217136383056641,4.365138053894043,4.595249652862549,4.635804176330566,3.6618199348449707,3.870046377182007,3.6501035690307617,3.8748204708099365,4.206308841705322,4.379092693328857,4.577856063842773,4.9527668952941895,5.055603981018066,5.427295684814453,5.524324893951416,5.8695149421691895,5.991200923919678,6.199968338012695,6.21103572845459,5.20211935043335,5.313202381134033,4.986202239990234,5.089200496673584,5.3770012855529785,5.412723064422607,5.781933784484863,5.950802326202393,6.21596622467041,6.522528648376465,6.740967750549316,7.103000164031982,7.349316596984863,7.587028503417969,7.610697269439697,6.362942695617676,6.151754856109619,5.762194633483887,5.6554179191589355,5.393459320068359,5.040533542633057,5.022340774536133,4.683178424835205,4.791028022766113,4.4723687171936035,4.640523433685303,4.467591762542725,4.673321723937988,4.772257328033447,4.871138572692871
A2,0.3911380469799042,0.0,0.3872677981853485,0.64534592628479,0.9294800162315369,1.233052134513855,1.4530326128005981,1.7197483777999878,1.973860740661621,2.2664802074432373,2.547647476196289,2.7821848392486572,3.1488914489746094,3.323617696762085,3.324284076690674,2.2209346294403076,2.3430426120758057,2.0832600593566895,2.134648561477661,2.3880510330200195,2.4068424701690674,2.5831432342529297,2.9217395782470703,3.0017459392547607,3.3829963207244873,3.50774884223938,3.8737666606903076,4.038895606994629,4.276817321777344,4.3235321044921875,3.362387180328369,3.562962293624878,3.338611364364624,3.551424503326416,3.874321460723877,4.030725002288818,4.225317478179932,4.599550724029541,4.699214458465576,5.0733819007873535,5.1706366539001465,5.521417140960693,5.646938800811768,5.8659162521362305,5.8879714012146,4.919104099273682,5.03215217590332,4.70756721496582,4.809293746948242,5.090348720550537,5.110278606414795,5.478285312652588,5.6367011070251465,5.897932529449463,6.200936794281006,6.413584232330322,6.779032230377197,7.0221405029296875,7.268411636352539,7.303658962249756,6.108216762542725,5.912930965423584,5.522098064422607,5.427586078643799,5.182475566864014,4.824115753173828,4.828486442565918,4.489025115966797,4.6027116775512695,4.289839267730713,4.451727390289307,4.295220851898193,4.493792533874512,4.617025852203369,4.714205741882324
A3,0.6196839213371277,0.3872677981853485,0.0,0.3717540502548218,0.5773741006851196,0.9091336727142334,1.086564064025879,1.3813761472702026,1.609885811805725,1.9189828634262085,2.185349702835083,2.437518835067749,2.797607898712158,2.988410234451294,3.011502265930176,2.0695598125457764,2.212705135345459,1.9966262578964233,2.0513675212860107,2.2885324954986572,2.2812962532043457,2.4064555168151855,2.7522311210632324,2.7902615070343018,3.168657064437866,3.2596991062164307,3.6228983402252197,3.760964870452881,3.99881911277771,4.055525779724121,3.211512804031372,3.4436869621276855,3.25488543510437,3.490175485610962,3.814476728439331,3.9637999534606934,4.127314567565918,4.505967617034912,4.5767741203308105,4.94796895980835,5.018566608428955,5.364426136016846,5.465574741363525,5.678292751312256,5.706885814666748,4.807910442352295,4.948332786560059,4.642134189605713,4.772154808044434,5.065707683563232,5.093433856964111,5.450995445251465,5.6193528175354,5.861002445220947,6.17477560043335,6.367971897125244,6.73803186416626,6.963723182678223,7.210414409637451,7.253973484039307,6.123955249786377,5.934377670288086,5.542922496795654,5.474733829498291,5.2321367263793945,4.882889270782471,4.911995887756348,4.587159156799316,4.728938102722168,4.43632698059082,4.617368221282959,4.489529132843018,4.7018609046936035,4.848491668701172,4.962296962738037
A4,0.9644840359687805,0.64534592628479,0.3717540502548218,0.0,0.38477903604507446,0.6051638126373291,0.8731367588043213,1.1287734508514404,1.4049999713897705,1.6756024360656738,1.9772953987121582,2.226999521255493,2.587604284286499,2.785928964614868,2.8246028423309326,1.8411409854888916,1.9470683336257935,1.7284823656082153,1.7460347414016724,1.956693410873413,1.92601478099823,2.0394184589385986,2.3825299739837646,2.4193456172943115,2.7981393337249756,2.8953733444213867,3.25993275642395,3.4086310863494873,3.6497998237609863,3.709393262863159,2.8944010734558105,3.1272149085998535,2.9461123943328857,3.177753448486328,3.4946115016937256,3.6301419734954834,3.7813735008239746,4.160077095031738,4.221487045288086,4.593012809753418,4.65810489654541,5.006112575531006,5.105545520782471,5.323633670806885,5.360536098480225,4.507412910461426,4.655643939971924,4.357314586639404,4.493675708770752,4.784531593322754,4.80290412902832,5.155252456665039,5.318849086761475,5.55129337310791,5.865225315093994,6.048525810241699,6.421543121337891,6.6399688720703125,6.892127990722656,6.9457621574401855,5.875,5.699918270111084,5.308876037597656,5.2584967613220215,5.0310821533203125,4.682476043701172,4.736985206604004,4.419095039367676,4.573849678039551,4.295339107513428,4.477275848388672,4.37392520904541,4.585010528564453,4.7577338218688965,4.877108097076416
A5,1.1614876985549927,0.9294800162315369,0.5773741006851196,0.38477903604507446,0.0,0.3734802305698395,0.5269258618354797,0.8043178915977478,1.0488450527191162,1.3434849977493286,1.6239370107650757,1.8738244771957397,2.234307050704956,2.4316611289978027,2.4732847213745117,1.6811953783035278,1.8372466564178467,1.6916435956954956,1.7541446685791016,1.966964840888977,1.9447582960128784,2.004763126373291,2.362987995147705,2.3590006828308105,2.728980302810669,2.7869694232940674,3.136725902557373,3.2469491958618164,3.4708991050720215,3.522770643234253,2.7849040031433105,3.053168296813965,2.914120674133301,3.178673028945923,3.50315523147583,3.6501200199127197,3.7743029594421387,4.155147075653076,4.193361759185791,4.556310653686523,4.597850799560547,4.932392597198486,5.007406234741211,5.207037448883057,5.236152172088623,4.409883499145508,4.582442283630371,4.302008628845215,4.4678120613098145,4.776068210601807,4.8170166015625,5.157644271850586,5.341414928436279,5.5559186935424805,5.883841037750244,6.051982879638672,6.425052642822266,6.628165245056152,6.871334075927734,6.92217493057251,5.879441261291504,5.699256420135498,5.3098931312561035,5.279688835144043,5.044379711151123,4.711151123046875,4.777928829193115,4.478367328643799,4.660707950592041,4.403481960296631,4.611741065979004,4.532708168029785,4.765624523162842,4.951048374176025,5.094010353088379
A6,1.5091873407363892,1.233052134513855,0.9091336727142334,0.6051638126373291,0.3734802305698395,0.0,0.37768641114234924,0.5455148220062256,0.8532013893127441,1.0837018489837646,1.4059776067733765,1.6539256572723389,2.0090012550354004,2.2185776233673096,2.2853965759277344,1.5199540853500366,1.6340886354446411,1.5123603343963623,1.5332456827163696,1.7007782459259033,1.644178032875061,1.663987159729004,2.0181591510772705,1.9954754114151,2.362164258956909,2.414316415786743,2.763270139694214,2.8760387897491455,3.102811574935913,3.160107135772705,2.494692325592041,2.771467685699463,2.654141902923584,2.9184072017669678,3.2318215370178223,3.3615150451660156,3.4629271030426025,3.8425934314727783,3.8629138469696045,4.223781108856201,4.252309322357178,4.586800575256348,4.65351676940918,4.856669902801514,4.895872116088867,4.137218475341797,4.323812484741211,4.0576934814453125,4.2357025146484375,4.542148113250732,4.575351238250732,4.906396865844727,5.086806774139404,5.286722660064697,5.615927219390869,5.76932954788208,6.145181179046631,6.336750030517578,6.58484411239624,6.6473212242126465,5.680213928222656,5.516302108764648,5.1293535232543945,5.122030258178711,4.903620719909668,4.575345039367676,4.670836448669434,4.3833184242248535,4.581210613250732,4.343192100524902,4.5532684326171875,4.502069473266602,4.733582973480225,4.944488525390625,5.093421936035156
A7,1.662949562072754,1.4530326128005981,1.086564064025879,0.8731367588043213,0.5269258618354797,0.37768641114234924,0.0,0.37759360671043396,0.5395116209983826,0.8531412482261658,1.114362120628357,1.3960254192352295,1.7411314249038696,1.9687713384628296,2.0577995777130127,1.6236073970794678,1.7896772623062134,1.7415794134140015,1.7989954948425293,1.9572947025299072,1.898086667060852,1.8583226203918457,2.20436692237854,2.1268157958984375,2.471973180770874,2.4685332775115967,2.7993574142456055,2.8597757816314697,3.0746614933013916,3.1375279426574707,2.618072509765625,2.9263968467712402,2.852304458618164,3.139285087585449,3.4525504112243652,3.5849857330322266,3.657559394836426,4.034473896026611,4.028164386749268,4.378141403198242,4.378635883331299,4.699138164520264,4.736303329467773,4.922621250152588,4.960006237030029,4.2537665367126465,4.464213848114014,4.218118667602539,4.421757221221924,4.740912437438965,4.792017459869385,5.110665798187256,5.305731296539307,5.488337516784668,5.827166557312012,5.96511697769165,6.340108394622803,6.51600456237793,6.756961822509766,6.819058895111084,5.883968830108643,5.715756416320801,5.33203125,5.340077877044678,5.114417552947998,4.800384998321533,4.901367664337158,4.628355503082275,4.843709468841553,4.619145393371582,4.846437931060791,4.8062310218811035,5.051203727722168,5.263848304748535,5.425144195556641
A8,1.946179747581482,1.7197483777999878,1.3813761472702026,1.1287734508514404,0.8043178915977478,0.5455148220062256,0.37759360671043396,0.0,0.37947824597358704,0.5522333383560181,0.8843228816986084,1.109154462814331,1.4682108163833618,1.6733002662658691,1.7522042989730835,1.3489340543746948,1.5101372003555298,1.5244462490081787,1.5957047939300537,1.7374650239944458,1.697891116142273,1.6275317668914795,1.9791171550750732,1.8966729640960693,2.2283294200897217,2.2205281257629395,2.530534029006958,2.583796262741089,2.7731292247772217,2.810106039047241,2.2831132411956787,2.6067185401916504,2.562882661819458,2.8657588958740234,3.1781818866729736,3.3191773891448975,3.375345230102539,3.7495439052581787,3.734213352203369,4.075685024261475,4.0691237449646,4.378857135772705,4.409819602966309,4.58358907699585,4.610681533813477,3.9090726375579834,4.131242752075195,3.8984217643737793,4.11828088760376,4.443937301635742,4.506723880767822,4.814621925354004,5.020742893218994,5.190316200256348,5.536219596862793,5.6644368171691895,6.0374932289123535,6.2043375968933105,6.438623905181885,6.498615264892578,5.595150470733643,5.430493354797363,5.050786018371582,5.077621936798096,4.856614112854004,4.55514669418335,4.67466402053833,4.419673442840576,4.655419826507568,4.454773426055908,4.6961259841918945,4.6852192878723145,4.941221714019775,5.173376560211182,5.352786540985107
A9,2.1580820083618164,1.973860740661621,1.609885811805725,1.4049999713897705,1.0488450527191162,0.8532013893127441,0.5395116209983826,0.37947824597358704,0.0,0.3801255226135254,0.5768554210662842,0.8710408210754395,1.205159068107605,1.446807622909546,1.5715076923370361,1.6000813245773315,1.7890456914901733,1.8557062149047852,1.9387410879135132,2.0598413944244385,2.00423264503479,1.881332516670227,2.206602096557617,2.068756103515625,2.368445634841919,2.3004958629608154,2.5866780281066895,2.5818657875061035,2.7604470252990723,2.810925245285034,2.48403000831604,2.8293616771698,2.8273353576660156,3.140756368637085,3.4445559978485107,3.578646659851074,3.6037254333496094,3.970560312271118,3.92582368850708,4.253958225250244,4.216561794281006,4.5114946365356445,4.5101637840271,4.668848037719727,4.699493408203125,4.079527378082275,4.324892044067383,4.115681171417236,4.357842922210693,4.690605640411377,4.765020847320557,5.058412551879883,5.2735090255737305,5.424152374267578,5.775916576385498,5.886382579803467,6.25791072845459,6.407251358032227,6.636435031890869,6.69971227645874,5.846154689788818,5.681901931762695,5.307431221008301,5.350371360778809,5.127312183380127,4.839748859405518,4.966288089752197,4.725105285644531,4.973840713500977,4.78514289855957,5.037200450897217,5.035013675689697,5.298444747924805,5.53216028213501,5.718414783477783
A10,2.475425958633423,2.2664802074432373,1.9189828634262085,1.6756024360656738,1.3434849977493286,1.0837018489837646,0.8531412482261658,0.5522333383560181,0.3801255226135254,0.0,0.3846013844013214,0.5978325605392456,0.9323297142982483,1.168886423110962,1.3149607181549072,1.4912506341934204,1.6483079195022583,1.776511788368225,1.84906804561615,1.927964210510254,1.872169852256775,1.7017537355422974,2.006356954574585,1.8471534252166748,2.1160318851470947,2.02848482131958,2.2857284545898438,2.2631680965423584,2.4172935485839844,2.450608730316162,2.206362724304199,2.5646908283233643,2.604201078414917,2.923506736755371,3.2142794132232666,3.343472957611084,3.3408162593841553,3.6993186473846436,3.6355841159820557,3.9514334201812744,3.898303508758545,4.181177616119385,4.1665730476379395,4.3147501945495605,4.342931747436523,3.7746119499206543,4.036585807800293,3.8488802909851074,4.108675003051758,4.442843914031982,4.522562503814697,4.800076007843018,5.020764350891113,5.152699947357178,5.508505821228027,5.60313606262207,5.9726691246032715,6.1081366539001465,6.333571434020996,6.400780200958252,5.611745357513428,5.4582719802856445,5.090651988983154,5.157510757446289,4.946664333343506,4.673384189605713,4.823902130126953,4.602967262268066,4.8696770668029785,4.7066450119018555,4.966368675231934,4.993926525115967,5.261634826660156,5.515542507171631,5.714059352874756
A11,2.722292900085449,2.547647476196289,2.185349702835083,1.9772953987121582,1.6239370107650757,1.4059776067733765,1.114362120628357,0.8843228816986084,0.5768554210662842,0.3846013844013214,0.0,0.3819286823272705,0.6440638303756714,0.9319419264793396,1.142104148864746,1.782476544380188,1.963679313659668,2.1273012161254883,2.2156314849853516,2.286592960357666,2.227423906326294,2.0279388427734375,2.3047780990600586,2.107163667678833,2.3366506099700928,2.19498610496521,2.4148168563842773,2.3286445140838623,2.4589505195617676,2.4986770153045654,2.450732946395874,2.8210794925689697,2.8977413177490234,3.2240447998046875,3.5055220127105713,3.6314401626586914,3.6016685962677,3.9488778114318848,3.859370708465576,4.157499313354492,4.075423240661621,4.338220119476318,4.2909770011901855,4.418647766113281,4.446139812469482,3.9558658599853516,4.237825870513916,4.074942588806152,4.354593753814697,4.694498062133789,4.788155555725098,5.049751281738281,5.280369281768799,5.393373012542725,5.754128456115723,5.8316192626953125,6.1970744132995605,6.314818859100342,6.532047271728516,6.599873065948486,5.856842994689941,5.702457904815674,5.341979503631592,5.423588752746582,5.209893703460693,4.95241117477417,5.107436656951904,4.901326656341553,5.179953575134277,5.02921724319458,5.299962520599365,5.335832595825195,5.611812591552734,5.866281986236572,6.072890758514404
A12,2.952338933944702,2.7821848392486572,2.437518835067749,2.226999521255493,1.8738244771957397,1.6539256572723389,1.3960254192352295,1.109154462814331,0.8710408210754395,0.5978325605392456,0.3819286823272705,0.0,0.379404217004776,0.5796378254890442,0.7687628269195557,1.68690025806427,1.8771430253982544,2.104408025741577,2.2258100509643555,2.296445846557617,2.2801308631896973,2.0787534713745117,2.347527265548706,2.1639316082000732,2.362675666809082,2.221012830734253,2.3951094150543213,2.2897326946258545,2.3644893169403076,2.3529415130615234,2.285552501678467,2.6641411781311035,2.7773196697235107,3.1184515953063965,3.397867202758789,3.5439703464508057,3.5026333332061768,3.8392908573150635,3.746500253677368,4.026639938354492,3.9398605823516846,4.179899215698242,4.124312877655029,4.224534034729004,4.227173328399658,3.71372652053833,4.005581378936768,3.8603906631469727,4.157017707824707,4.505264759063721,4.622753620147705,4.869966983795166,5.118699073791504,5.218694686889648,5.587229251861572,5.657456874847412,6.015492916107178,6.124581336975098,6.32619571685791,6.3825483322143555,5.645981788635254,5.486722469329834,5.134427070617676,5.230417251586914,5.013695240020752,4.776503086090088,4.938966751098633,4.755453586578369,5.051814556121826,4.925510406494141,5.212854862213135,5.271864414215088,5.561640739440918,5.824766159057617,6.050698757171631
A13,3.314990520477295,3.1488914489746094,2.797607898712158,2.587604284286499,2.234307050704956,2.0090012550354004,1.7411314249038696,1.4682108163833618,1.205159068107605,0.9323297142982483,0.6440638303756714,0.379404217004776,0.0,0.3573527932167053,0.6942980289459229,2.000638484954834,2.1720352172851562,2.42472505569458,2.5337932109832764,2.5728039741516113,2.540940761566162,2.3027045726776123,2.530292272567749,2.311180353164673,2.4587724208831787,2.268555164337158,2.392159938812256,2.2263033390045166,2.266350030899048,2.256974220275879,2.4380853176116943,2.8175530433654785,2.974109411239624,3.310131549835205,3.567312717437744,3.698289394378662,3.6204543113708496,3.938491106033325,3.8136720657348633,4.070165157318115,3.9500842094421387,4.166179180145264,4.075103759765625,4.1547770500183105,4.16129207611084,3.7714719772338867,4.085143566131592,3.974194049835205,4.290065765380859,4.636404991149902,4.760190963745117,4.9843573570251465,5.237043380737305,5.3108720779418945,5.680652141571045,5.7267889976501465,6.079312324523926,6.165215492248535,6.360352516174316,6.42313289642334,5.776012897491455,5.626914024353027,5.286309242248535,5.406038761138916,5.1991496086120605,4.980798244476318,5.159643173217773,4.996396541595459,5.3054022789001465,5.199088096618652,5.491762161254883,5.568819046020508,5.860895156860352,6.1334943771362305,6.365907669067383
A14,3.4785077571868896,3.323617696762085,2.988410234451294,2.785928964614868,2.4316611289978027,2.2185776233673096,1.9687713384628296,1.6733002662658691,1.446807622909546,1.168886423110962,0.9319419264793396,0.5796378254890442,0.3573527932167053,0.0,0.37131360173225403,1.9691931009292603,2.153930187225342,2.4481256008148193,2.5920279026031494,2.643888473510742,2.6563830375671387,2.4359047412872314,2.6639926433563232,2.472456693649292,2.603769540786743,2.4301860332489014,2.5198028087615967,2.3515536785125732,2.3399710655212402,2.2750046253204346,2.37662935256958,2.7538490295410156,2.9334206581115723,3.2804312705993652,3.538447618484497,3.693998098373413,3.615846872329712,3.9233946800231934,3.8050005435943604,4.0445876121521,3.928300619125366,4.1217360496521,4.029061794281006,4.079873561859131,4.0558929443359375,3.61273193359375,3.9291348457336426,3.831263542175293,4.158262729644775,4.512143611907959,4.661531448364258,4.874302387237549,5.145269870758057,5.211472511291504,5.587612628936768,5.632072448730469,5.975563049316406,6.057259559631348,6.234663963317871,6.281471252441406,5.61599588394165,5.457220077514648,5.124888896942139,5.251993179321289,5.037722587585449,4.838963508605957,5.016939640045166,4.873537063598633,5.195242404937744,5.108518600463867,5.41619873046875,5.509027481079102,5.814150810241699,6.0887322425842285,6.338075637817383
A15,3.4629783630371094,3.324284076690674,3.011502265930176,2.8246028423309326,2.4732847213745117,2.2853965759277344,2.0577995777130127,1.7522042989730835,1.5715076923370361,1.3149607181549072,1.142104148864746,0.7687628269195557,0.6942980289459229,0.37131360173225403,0.0,1.8202792406082153,2.034043550491333,2.3539490699768066,2.54325008392334,2.628635883331299,2.6944708824157715,2.5147714614868164,2.7634057998657227,2.616699457168579,2.759690046310425,2.6255171298980713,2.712289571762085,2.5729238986968994,2.5371625423431396,2.4246039390563965,2.3006038665771484,2.6709837913513184,2.8464016914367676,3.2064125537872314,3.4781064987182617,3.6682755947113037,3.6125547885894775,3.9190797805786133,3.826843023300171,4.062251091003418,3.9696671962738037,4.153433322906494,4.0798516273498535,4.113168239593506,4.055726051330566,3.4790358543395996,3.7831032276153564,3.677823543548584,4.0039238929748535,4.366997241973877,4.540931701660156,4.755535125732422,5.043605804443359,5.1180315017700195,5.499539852142334,5.557191371917725,5.89373254776001,5.985071659088135,6.1469807624816895,6.172204971313477,5.428192138671875,5.2509613037109375,4.920645713806152,5.0395426750183105,4.80912446975708,4.620717525482178,4.784936428070068,4.650660514831543,4.977747440338135,4.899259567260742,5.220356464385986,5.317330837249756,5.635443210601807,5.904111862182617,6.167373180389404
B1,2.4410717487335205,2.2209346294403076,2.0695598125457764,1.8411409854888916,1.6811953783035278,1.5199540853500366,1.6236073970794678,1.3489340543746948,1.6000813245773315,1.4912506341934204,1.782476544380188,1.68690025806427,2.000638484954834,1.9691931009292603,1.8202792406082153,0.0,0.3744015395641327,0.6191837191581726,0.9473709464073181,1.208691120147705,1.4699875116348267,1.5724037885665894,1.9218518733978271,2.0376811027526855,2.3187613487243652,2.4482390880584717,2.669079303741455,2.8009192943573,2.8686814308166504,2.739652395248413,1.4183241128921509,1.6835302114486694,1.602088212966919,1.9504915475845337,2.3083019256591797,2.574641704559326,2.7068567276000977,3.0658721923828125,3.1443941593170166,3.4629311561584473,3.5431137084960938,3.818519115447998,3.9236488342285156,4.051497936248779,3.9836466312408447,2.8775973320007324,3.042112350463867,2.769427537918091,2.9712696075439453,3.317716121673584,3.4422473907470703,3.7584145069122314,4.009952545166016,4.205299377441406,4.564202785491943,4.732669353485107,5.085052490234375,5.283365249633789,5.47721529006958,5.480349540710449,4.375313758850098,4.173978805541992,3.794313669204712,3.805870532989502,3.557511329650879,3.2728047370910645,3.3825902938842773,3.1536614894866943,3.422100782394409,3.2651426792144775,3.5526318550109863,3.5963847637176514,3.8966968059539795,4.151191234588623,4.39084005355835
B2,2.603379964828491,2.3430426120758057,2.212705135345459,1.9470683336257935,1.8372466564178467,1.6340886354446411,1.7896772623062134,1.5101372003555298,1.7890456914901733,1.6483079195022583,1.963679313659668,1.8771430253982544,2.1720352172851562,2.153930187225342,2.034043550491333,0.3744015395641327,0.0,0.39295291900634766,0.6615290641784668,0.8836739659309387,1.1831237077713013,1.3178926706314087,1.642642617225647,1.8065812587738037,2.075132369995117,2.248188018798828,2.463366985321045,2.6371612548828125,2.707526683807373,2.5738322734832764,1.1274471282958984,1.3619269132614136,1.2479321956634521,1.587973713874817,1.9459848403930664,2.207058906555176,2.3508803844451904,2.7124204635620117,2.804971933364868,3.130876064300537,3.2291016578674316,3.515698194503784,3.642751932144165,3.787740468978882,3.7289750576019287,2.6258955001831055,2.779193162918091,2.4963431358337402,2.685124158859253,3.020106554031372,3.1208462715148926,3.4427473545074463,3.6796517372131348,3.879392385482788,4.232852458953857,4.403582572937012,4.760699272155762,4.9641313552856445,5.169534206390381,5.1835150718688965,4.114836692810059,3.9335334300994873,3.551389455795288,3.5708413124084473,3.3474721908569336,3.0520923137664795,3.1874961853027344,2.95635724067688,3.2228050231933594,3.073007345199585,3.344332456588745,3.4053964614868164,3.690251350402832,3.965564012527466,4.198023796081543
B3,2.365995407104492,2.0832600593566895,1.9966262578964233,1.7284823656082153,1.6916435956954956,1.5123603343963623,1.7415794134140015,1.5244462490081787,1.8557062149047852,1.776511788368225,2.1273012161254883,2.104408025741577,2.42472505569458,2.4481256008148193,2.3539490699768066,0.6191837191581726,0.39295291900634766,0.0,0.3779294192790985,0.713966965675354,1.0301568508148193,1.2621593475341797,1.5984351634979248,1.8077404499053955,2.1106936931610107,2.322645902633667,2.5762293338775635,2.7890572547912598,2.899507522583008,2.798778533935547,1.3505487442016602,1.5225931406021118,1.317444086074829,1.6016719341278076,1.9600908756256104,2.202798366546631,2.390256404876709,2.758676528930664,2.8800082206726074,3.225055694580078,3.3495287895202637,3.6597609519958496,3.8126296997070312,3.986097812652588,3.946004867553711,2.8384487628936768,2.9579572677612305,2.6475188732147217,2.7907261848449707,3.1018176078796387,3.1672005653381348,3.511348247528076,3.7198710441589355,3.9468774795532227,4.283570289611816,4.474972724914551,4.83547830581665,5.058957576751709,5.278835296630859,5.298746109008789,4.188685894012451,4.011931419372559,3.623460531234741,3.6108574867248535,3.393394947052002,3.068639039993286,3.1828603744506836,2.9153831005096436,3.145112991333008,2.955246925354004,3.1976611614227295,3.2227606773376465,3.487854242324829,3.7516307830810547,3.959984540939331
B4,2.457596778869629,2.134648561477661,2.0513675212860107,1.7460347414016724,1.7541446685791016,1.5332456827163696,1.7989954948425293,1.5957047939300537,1.9387410879135132,1.84906804561615,2.2156314849853516,2.2258100509643555,2.5337932109832764,2.5920279026031494,2.54325008392334,0.9473709464073181,0.6615290641784668,0.3779294192790985,0.0,0.36778807640075684,0.6819251179695129,0.9720791578292847,1.2873510122299194,1.5355095863342285,1.8431333303451538,2.090883493423462,2.3599822521209717,2.6110920906066895,2.749077796936035,2.6761538982391357,1.3081953525543213,1.4449297189712524,1.2100309133529663,1.4425688982009888,1.7781271934509277,1.9723018407821655,2.1607284545898438,2.535254716873169,2.6545522212982178,3.0145726203918457,3.1432080268859863,3.4745733737945557,3.6380717754364014,3.840857982635498,3.8307809829711914,2.8225817680358887,2.9394447803497314,2.6323883533477783,2.759657382965088,3.0460758209228516,3.0672607421875,3.413686990737915,3.591294050216675,3.8182525634765625,4.142323017120361,4.328487396240234,4.696907997131348,4.920111656188965,5.16062068939209,5.203643798828125,4.177120685577393,4.030357360839844,3.6438825130462646,3.6404099464416504,3.45710825920105,3.122053623199463,3.259950876235962,2.987204074859619,3.2005021572113037,3.008193016052246,3.216954231262207,3.24413800239563,3.4779467582702637,3.75519061088562,3.9389922618865967
B5,2.731712579727173,2.3880510330200195,2.2885324954986572,1.956693410873413,1.966964840888977,1.7007782459259033,1.9572947025299072,1.7374650239944458,2.0598413944244385,1.927964210510254,2.286592960357666,2.296445846557617,2.5728039741516113,2.643888473510742,2.628635883331299,1.208691120147705,0.8836739659309387,0.713966965675354,0.36778807640075684,0.0,0.38371923565864563,0.6908912062644958,0.9525396227836609,1.239778757095337,1.524381399154663,1.8032419681549072,2.0636231899261475,2.344625234603882,2.4895637035369873,2.428234100341797,1.1612842082977295,1.2717167139053345,1.0522873401641846,1.2438814640045166,1.5456544160842896,1.6897273063659668,1.8537511825561523,2.2320713996887207,2.3346667289733887,2.7021567821502686,2.824138879776001,3.167454242706299,3.332521915435791,3.5541679859161377,3.567669630050659,2.6751277446746826,2.803044319152832,2.5157437324523926,2.64638352394104,2.9151811599731445,2.9052226543426514,3.2404568195343018,3.3981359004974365,3.609480381011963,3.927896499633789,4.096816539764404,4.471649169921875,4.683846473693848,4.93912410736084,5.004269123077393,4.094379901885986,3.9789843559265137,3.5998599529266357,3.6237127780914307,3.4756124019622803,3.1471874713897705,3.3215372562408447,3.065014600753784,3.2808008193969727,3.110891819000244,3.300630569458008,3.3529255390167236,3.565192937850952,3.863325357437134,4.036463260650635
B6,2.770962953567505,2.4068424701690674,2.2812962532043457,1.92601478099823,1.9447582960128784,1.644178032875061,1.898086667060852,1.697891116142273,2.00423264503479,1.872169852256775,2.227423906326294,2.2801308631896973,2.540940761566162,2.6563830375671387,2.6944708824157715,1.4699875116348267,1.1831237077713013,1.0301568508148193,0.6819251179695129,0.38371923565864563,0.0,0.38779446482658386,0.6450614929199219,0.9276086688041687,1.24101984500885,1.5262666940689087,1.822006106376648,2.1197264194488525,2.309443712234497,2.302142858505249,1.3432072401046753,1.4669654369354248,1.297338843345642,1.4423571825027466,1.688740849494934,1.7512985467910767,1.8672895431518555,2.2433969974517822,2.3036081790924072,2.679454803466797,2.771089792251587,3.1314425468444824,3.2774763107299805,3.524630546569824,3.5786685943603516,2.864013671875,3.0117344856262207,2.7501907348632812,2.8860697746276855,3.1363565921783447,3.0947964191436768,3.416325330734253,3.547942876815796,3.741896867752075,4.04905891418457,4.196846961975098,4.577547550201416,4.774816036224365,5.047947406768799,5.139673709869385,4.345658302307129,4.254781246185303,3.8826992511749268,3.921395778656006,3.7956268787384033,3.4695093631744385,3.6575920581817627,3.403235912322998,3.6091437339782715,3.437589168548584,3.6056807041168213,3.6518664360046387,3.8410215377807617,4.1392316818237305,4.289664268493652
B7,2.9433844089508057,2.5831432342529297,2.4064555168151855,2.0394184589385986,2.004763126373291,1.663987159729004,1.8583226203918457,1.6275317668914795,1.881332516670227,1.7017537355422974,2.0279388427734375,2.0787534713745117,2.3027045726776123,2.4359047412872314,2.5147714614868164,1.5724037885665894,1.3178926706314087,1.2621593475341797,0.9720791578292847,0.6908912062644958,0.38779446482658386,0.0,0.3897247612476349,0.5672978758811951,0.9027296900749207,1.1538591384887695,1.462010383605957,1.7449270486831665,1.949550747871399,1.9695887565612793,1.3196914196014404,1.4973433017730713,1.4257550239562988,1.5881396532058716,1.80204439163208,1.8258137702941895,1.8612148761749268,2.230862617492676,2.2258596420288086,2.5928549766540527,2.631293535232544,2.9874627590179443,3.0918400287628174,3.338456392288208,3.414294481277466,2.861830949783325,3.0514845848083496,2.8301000595092773,3.0033271312713623,3.2587006092071533,3.2215209007263184,3.516444683074951,3.6520979404449463,3.810950756072998,4.12405252456665,4.238367557525635,4.621365547180176,4.790152072906494,5.065755844116211,5.173852443695068,4.498649597167969,4.421576976776123,4.058048248291016,4.129356861114502,4.013419151306152,3.7067818641662598,3.917562246322632,3.685574531555176,3.9110910892486572,3.76151180267334,3.939457416534424,4.004227161407471,4.197323799133301,4.503599166870117,4.659346103668213
B8,3.290665626525879,2.9217395782470703,2.7522311210632324,2.3825299739837646,2.362987995147705,2.0181591510772705,2.20436692237854,1.9791171550750732,2.206602096557617,2.006356954574585,2.3047780990600586,2.347527265548706,2.530292272567749,2.6639926433563232,2.7634057998657227,1.9218518733978271,1.642642617225647,1.5984351634979248,1.2873510122299194,0.9525396227836609,0.6450614929199219,0.3897247612476349,0.0,0.38206785917282104,0.6151507496833801,0.9464257955551147,1.2277157306671143,1.5661630630493164,1.7793629169464111,1.8213143348693848,1.39423668384552,1.5115306377410889,1.4709858894348145,1.5591254234313965,1.6986384391784668,1.6434621810913086,1.63022780418396,1.9806180000305176,1.9458017349243164,2.311876058578491,2.338548421859741,2.7063686847686768,2.8130226135253906,3.0846095085144043,3.1921169757843018,2.7941455841064453,2.9842944145202637,2.79016375541687,2.9552364349365234,3.1806859970092773,3.108919143676758,3.3835253715515137,3.4909539222717285,3.6300699710845947,3.928555488586426,4.02255916595459,4.406918048858643,4.562661170959473,4.852779865264893,4.984516620635986,4.4378228187561035,4.393603801727295,4.043764591217041,4.136836051940918,4.0565009117126465,3.75993013381958,3.997190475463867,3.7812917232513428,4.002410411834717,3.8728437423706055,4.030111312866211,4.114830493927002,4.2858967781066895,4.606739044189453,4.7512969970703125
B9,3.362645149230957,3.0017459392547607,2.7902615070343018,2.4193456172943115,2.3590006828308105,1.9954754114151,2.1268157958984375,1.8966729640960693,2.068756103515625,1.8471534252166748,2.107163667678833,2.1639316082000732,2.311180353164673,2.472456693649292,2.616699457168579,2.0376811027526855,1.8065812587738037,1.8077404499053955,1.5355095863342285,1.239778757095337,0.9276086688041687,0.5672978758811951,0.38206785917282104,0.0,0.3814750909805298,0.6142061948776245,0.9518001079559326,1.2570878267288208,1.511650800704956,1.6102964878082275,1.559411883354187,1.7324579954147339,1.7559412717819214,1.8741286993026733,2.0048153400421143,1.937603235244751,1.8651123046875,2.195730686187744,2.099860668182373,2.4442577362060547,2.41072940826416,2.764677047729492,2.8181984424591064,3.083132743835449,3.21236515045166,2.9646713733673096,3.189939498901367,3.027052402496338,3.222249984741211,3.4559543132781982,3.3957457542419434,3.6496713161468506,3.7635657787323,3.8751378059387207,4.17716646194458,4.24384069442749,4.626616477966309,4.756878852844238,5.04561185836792,5.188431262969971,4.7223734855651855,4.68135929107666,4.336733341217041,4.447725772857666,4.364783763885498,4.080262660980225,4.32355260848999,4.117342472076416,4.350949764251709,4.2270402908325195,4.395195007324219,4.481602191925049,4.659750461578369,4.9789719581604,5.126459121704102
B10,3.7435169219970703,3.3829963207244873,3.168657064437866,2.7981393337249756,2.728980302810669,2.362164258956909,2.471973180770874,2.2283294200897217,2.368445634841919,2.1160318851470947,2.3366506099700928,2.362675666809082,2.4587724208831787,2.603769540786743,2.759690046310425,2.3187613487243652,2.075132369995117,2.1106936931610107,1.8431333303451538,1.524381399154663,1.24101984500885,0.9027296900749207,0.6151507496833801,0.3814750909805298,0.0,0.381100594997406,0.6324530839920044,0.9947904944419861,1.24044668674469,1.3582016229629517,1.623388648033142,1.762861728668213,1.8433117866516113,1.9229618310928345,1.991590976715088,1.8721718788146973,1.7279303073883057,2.0208303928375244,1.8694703578948975,2.190546989440918,2.1169822216033936,2.4646856784820557,2.4954826831817627,2.7703468799591064,2.9271130561828613,2.863142251968384,3.1024889945983887,2.9806203842163086,3.1846115589141846,3.3988401889801025,3.325230598449707,3.5472636222839355,3.6483194828033447,3.726649522781372,4.020877838134766,4.056686878204346,4.436123371124268,4.541923999786377,4.83537483215332,4.997170925140381,4.670297622680664,4.655773162841797,4.328097820281982,4.468320846557617,4.412553310394287,4.148420810699463,4.4174346923828125,4.236275672912598,4.477527141571045,4.381406307220459,4.544532775878906,4.657052040100098,4.827330112457275,5.160680770874023,5.309911727905273
B11,3.855117082595825,3.50774884223938,3.2596991062164307,2.8953733444213867,2.7869694232940674,2.414316415786743,2.4685332775115967,2.2205281257629395,2.3004958629608154,2.02848482131958,2.19498610496521,2.221012830734253,2.268555164337158,2.4301860332489014,2.6255171298980713,2.4482390880584717,2.248188018798828,2.322645902633667,2.090883493423462,1.8032419681549072,1.5262666940689087,1.1538591384887695,0.9464257955551147,0.6142061948776245,0.381100594997406,0.0,0.38784486055374146,0.6684762239456177,0.9704016447067261,1.1640410423278809,1.8142231702804565,1.9988347291946411,2.1248085498809814,2.2362565994262695,2.309396982192993,2.1988654136657715,2.02046799659729,2.2920761108398438,2.096548318862915,2.3845229148864746,2.254490613937378,2.5724616050720215,2.543872833251953,2.7980642318725586,2.9679465293884277,3.0352420806884766,3.305065155029297,3.2115092277526855,3.443171977996826,3.6679437160491943,3.612459897994995,3.8156750202178955,3.928441286087036,3.982027292251587,4.281037330627441,4.292706489562988,4.667102813720703,4.748178005218506,5.034402370452881,5.2015156745910645,4.937956809997559,4.922262191772461,4.59980583190918,4.7553229331970215,4.6934332847595215,4.441831588745117,4.714187145233154,4.542834758758545,4.7975664138793945,4.707529067993164,4.884526252746582,4.999892234802246,5.180909156799316,5.5131354331970215,5.669384479522705
B12,4.217136383056641,3.8737666606903076,3.6228983402252197,3.25993275642395,3.136725902557373,2.763270139694214,2.7993574142456055,2.530534029006958,2.5866780281066895,2.2857284545898438,2.4148168563842773,2.3951094150543213,2.392159938812256,2.5198028087615967,2.712289571762085,2.669079303741455,2.463366985321045,2.5762293338775635,2.3599822521209717,2.0636231899261475,1.822006106376648,1.462010383605957,1.2277157306671143,0.9518001079559326,0.6324530839920044,0.38784486055374146,0.0,0.40110862255096436,0.6483801603317261,0.8614689707756042,1.8690673112869263,2.0307586193084717,2.2134251594543457,2.3067243099212646,2.33605694770813,2.204155683517456,1.9660662412643433,2.1921229362487793,1.944361925125122,2.188624620437622,2.007539987564087,2.296576738357544,2.2270379066467285,2.471217155456543,2.6578562259674072,2.9042813777923584,3.1920483112335205,3.1437182426452637,3.390882730484009,3.6036956310272217,3.5511586666107178,3.719104051589966,3.8315582275390625,3.8486812114715576,4.144927501678467,4.124544143676758,4.490823268890381,4.543735504150391,4.824750900268555,5.002662181854248,4.863012790679932,4.866145133972168,4.561967372894287,4.746852397918701,4.704256534576416,4.477972984313965,4.771632671356201,4.628594875335693,4.895972728729248,4.835723400115967,5.016623020172119,5.158979415893555,5.341049671173096,5.685489177703857,5.851376533508301
B13,4.365138053894043,4.038895606994629,3.760964870452881,3.4086310863494873,3.2469491958618164,2.8760387897491455,2.8597757816314697,2.583796262741089,2.5818657875061035,2.2631680965423584,2.3286445140838623,2.2897326946258545,2.2263033390045166,2.3515536785125732,2.5729238986968994,2.8009192943573,2.6371612548828125,2.7890572547912598,2.6110920906066895,2.344625234603882,2.1197264194488525,1.7449270486831665,1.5661630630493164,1.2570878267288208,0.9947904944419861,0.6684762239456177,0.40110862255096436,0.0,0.36904874444007874,0.6985344886779785,2.0654547214508057,2.2646515369415283,2.483954668045044,2.609832525253296,2.650892972946167,2.5413262844085693,2.287785291671753,2.497910261154175,2.226797580718994,2.434187173843384,2.210066556930542,2.4532642364501953,2.3228812217712402,2.525237560272217,2.709127187728882,3.0584609508514404,3.373349905014038,3.3524019718170166,3.6265857219696045,3.8524725437164307,3.8254969120025635,3.9755077362060547,4.105930805206299,4.1006317138671875,4.403907775878906,4.362861633300781,4.720614433288574,4.7497758865356445,5.016334533691406,5.192287445068359,5.09859561920166,5.096151828765869,4.798277378082275,4.997441291809082,4.945555686950684,4.734608173370361,5.029592514038086,4.898898601531982,5.181585311889648,5.1299824714660645,5.328185558319092,5.475785732269287,5.672352313995361,6.016047954559326,6.193545341491699
B14,4.595249652862549,4.276817321777344,3.99881911277771,3.6497998237609863,3.4708991050720215,3.102811574935913,3.0746614933013916,2.7731292247772217,2.7604470252990723,2.4172935485839844,2.4589505195617676,2.3644893169403076,2.266350030899048,2.3399710655212402,2.5371625423431396,2.8686814308166504,2.707526683807373,2.899507522583008,2.749077796936035,2.4895637035369873,2.309443712234497,1.949550747871399,1.7793629169464111,1.511650800704956,1.24044668674469,0.9704016447067261,0.6483801603317261,0.36904874444007874,0.0,0.37617379426956177,2.0300164222717285,2.2203712463378906,2.4869914054870605,2.6162781715393066,2.640540838241577,2.544783115386963,2.263383150100708,2.443861961364746,2.151782751083374,2.317781925201416,2.064293622970581,2.2636282444000244,2.0968446731567383,2.259819746017456,2.427717447280884,2.8626620769500732,3.195315361022949,3.2108442783355713,3.5045864582061768,3.7313296794891357,3.725604772567749,3.8486745357513428,3.9950101375579834,3.9633467197418213,4.272768974304199,4.212041854858398,4.559864044189453,4.569157123565674,4.819436550140381,4.989993095397949,4.953762054443359,4.955349445343018,4.6718974113464355,4.89311408996582,4.846925258636475,4.661138534545898,4.967999458312988,4.863742351531982,5.161712169647217,5.136730670928955,5.3472981452941895,5.517910480499268,5.724536895751953,6.075811862945557,6.26956844329834
