,A1,A2,A3,A4,A5,A6,A7,A8,A9,A10,A11,A12,A13,A14,A15,B1,B2,B3,B4,B5,B6,B7,B8,B9,B10,B11,B12,B13,B14,B15,C1,C2,C3,C4,C5,C6,C7,C8,C9,C10,C11,C12,C13,C14,C15,D1,D2,D3,D4,D5,D6,D7,D8,D9,D10,D11,D12,D13,D14,D15,E1,E2,E3,E4,E5,E6,E7,E8,E9,E10,E11,E12,E13,E14,E15
A1,0.0,0.39439699053764343,0.5912059545516968,0.9282820224761963,1.1390997171401978,1.4118261337280273,1.6391749382019043,1.9477639198303223,2.198951005935669,2.493878126144409,2.7594053745269775,2.9999372959136963,3.3676884174346924,3.579507827758789,3.6083292961120605,2.6015775203704834,2.350404977798462,2.5202696323394775,2.3280692100524902,2.6373450756073,2.773393392562866,3.0706498622894287,3.0735418796539307,3.359151601791382,3.4158294200897217,3.752159595489502,3.9210400581359863,4.284192085266113,4.508972644805908,4.596099376678467,3.331226348876953,3.0237643718719482,3.124340057373047,3.1110146045684814,3.4546544551849365,3.751013994216919,3.9797379970550537,3.9982950687408447,4.369007110595703,4.379502296447754,4.742888927459717,4.8985514640808105,5.260301113128662,5.486006259918213,5.552171230316162,4.178260326385498,3.8277242183685303,3.461405038833618,3.298222780227661,3.610626220703125,3.8712527751922607,4.164729595184326,4.359256744384766,4.680434226989746,4.881134986877441,5.2316999435424805,5.406144618988037,5.787434101104736,5.936297416687012,5.852607727050781,4.197159767150879,3.8567731380462646,3.5803699493408203,3.2622385025024414,3.326261520385742,3.2629284858703613,3.586677074432373,3.829073667526245,4.125346660614014,4.354902744293213,4.69809627532959,4.951376438140869,5.286405563354492,5.53348445892334,5.88961124420166
A2,0.39439699053764343,0.0,0.3809811472892761,0.6238095164299011,0.8718748688697815,1.1690305471420288,1.403173565864563,1.6641769409179688,1.9516812562942505,2.2115442752838135,2.508002758026123,2.7312686443328857,3.099846839904785,3.308716297149658,3.3487534523010254,2.3047614097595215,2.037489652633667,2.1854820251464844,1.9818748235702515,2.2777695655822754,2.3942549228668213,2.690321922302246,2.685619831085205,2.978224039077759,3.033811569213867,3.3758203983306885,3.542602777481079,3.9097936153411865,4.128272533416748,4.208112716674805,2.94317364692688,2.6400206089019775,2.7528371810913086,2.7554867267608643,3.103083372116089,3.3873298168182373,3.613476276397705,3.6207010746002197,3.9928407669067383,4.000259876251221,4.360389232635498,4.522396564483643,4.8810014724731445,5.112979888916016,5.186294078826904,3.842298984527588,3.499516487121582,3.1360089778900146,2.9892547130584717,3.316594123840332,3.5647642612457275,3.871800661087036,4.0536394119262695,4.378348350524902,4.57667350769043,4.923198699951172,5.110628128051758,5.486932277679443,5.650339603424072,5.5771331787109375,3.974698305130005,3.6266815662384033,3.3486242294311523,3.0376999378204346,3.13320255279541,3.1053152084350586,3.439512014389038,3.6821863651275635,3.977102279663086,4.228334426879883,4.558338642120361,4.833148956298828,5.161017417907715,5.403192043304443,5.7530083656311035
A3,0.5912059545516968,0.3809811472892761,0.0,0.388028085231781,0.549870491027832,0.8333749175071716,1.059212565422058,1.357106328010559,1.6185868978500366,1.9073224067687988,2.180558681488037,2.4264965057373047,2.790553331375122,3.0137717723846436,3.0645384788513184,2.1930127143859863,1.9675312042236328,2.1567087173461914,2.0049872398376465,2.310189962387085,2.4109158515930176,2.6692726612091064,2.626160144805908,2.895505428314209,2.9152607917785645,3.243734836578369,3.3963623046875,3.7537224292755127,3.984675168991089,4.094206809997559,2.9761478900909424,2.687398910522461,2.847628116607666,2.8750526905059814,3.216958999633789,3.474970579147339,3.6739001274108887,3.6434473991394043,4.009491443634033,3.979444980621338,4.330752372741699,4.474501609802246,4.825377941131592,5.061521053314209,5.153441429138184,3.9050538539886475,3.5686941146850586,3.2102339267730713,3.046351194381714,3.3671746253967285,3.5824601650238037,3.903024673461914,4.054862976074219,4.395809650421143,4.56519889831543,4.9211506843566895,5.095676898956299,5.473357200622559,5.648879528045654,5.599058628082275,4.017113208770752,3.6831815242767334,3.378807783126831,3.0950136184692383,3.222308397293091,3.179896116256714,3.5309455394744873,3.742509365081787,4.058615684509277,4.297512054443359,4.631615161895752,4.903552055358887,5.214381217956543,5.474344253540039,5.816321849822998
A4,0.9282820224761963,0.6238095164299011,0.388028085231781,0.0,0.3755700886249542,0.5784878730773926,0.8717195391654968,1.091241478919983,1.4055088758468628,1.656385898590088,1.9609285593032837,2.2105469703674316,2.564167022705078,2.8042571544647217,2.890031337738037,2.091169834136963,1.8636611700057983,2.0232911109924316,1.8683464527130127,2.137213945388794,2.1832706928253174,2.426668167114258,2.343869209289551,2.6240479946136475,2.612840175628662,2.950746774673462,3.0772194862365723,3.441653251647949,3.657048463821411,3.7618155479431152,2.6763827800750732,2.3852622509002686,2.5742855072021484,2.6041040420532227,2.933911085128784,3.1758780479431152,3.3529975414276123,3.306408166885376,3.666520357131958,3.6209399700164795,3.971332311630249,4.104155540466309,4.454903602600098,4.688043594360352,4.782551288604736,3.576827049255371,3.2463552951812744,2.8935370445251465,2.725673198699951,3.0461177825927734,3.241008996963501,3.5706799030303955,3.705406665802002,4.0524725914001465,4.210293292999268,4.567095756530762,4.741912841796875,5.1173529624938965,5.3021345138549805,5.2648162841796875,3.725112199783325,3.3946101665496826,3.0816547870635986,2.816187858581543,2.9756438732147217,2.952209711074829,3.3126931190490723,3.5102269649505615,3.8301122188568115,4.078057289123535,4.401557445526123,4.686275482177734,4.984411239624023,5.245391368865967,5.578677654266357
A5,1.1390997171401978,0.8718748688697815,0.549870491027832,0.3755700886249542,0.0,0.37912634015083313,0.5349811315536499,0.8093351721763611,1.0814907550811768,1.3579726219177246,1.6410304307937622,1.8861452341079712,2.2472779750823975,2.4782373905181885,2.549192190170288,1.8519314527511597,1.6733320951461792,1.882299780845642,1.7940682172775269,2.0834386348724365,2.1480133533477783,2.349494457244873,2.2582736015319824,2.4963948726654053,2.4764370918273926,2.787768602371216,2.92645001411438,3.272017478942871,3.513917922973633,3.651240825653076,2.7250866889953613,2.47186279296875,2.6909568309783936,2.767768621444702,3.100494384765625,3.3099706172943115,3.4769065380096436,3.3923704624176025,3.7488515377044678,3.6758546829223633,4.007683753967285,4.141417026519775,4.475430488586426,4.724769592285156,4.846761226654053,3.750669240951538,3.4377551078796387,3.096994400024414,2.9432477951049805,3.267221689224243,3.429724931716919,3.7738564014434814,3.8777172565460205,4.233832836151123,4.369298458099365,4.725391387939453,4.9012451171875,5.270617961883545,5.473996162414551,5.459362506866455,3.9774675369262695,3.6550891399383545,3.331739664077759,3.0895586013793945,3.274836778640747,3.2569799423217773,3.6234230995178223,3.8034186363220215,4.130341053009033,4.375661373138428,4.695253372192383,4.982110500335693,5.267254829406738,5.535237789154053,5.860785007476807
A6,1.4118261337280273,1.1690305471420288,0.8333749175071716,0.5784878730773926,0.37912634015083313,0.0,0.3889264166355133,0.6184326410293579,0.8887008428573608,1.1768876314163208,1.4423052072525024,1.7360800504684448,2.0709145069122314,2.341743230819702,2.460348129272461,2.020472764968872,1.8773653507232666,2.077244758605957,2.0114336013793945,2.2650246620178223,2.274808406829834,2.4406325817108154,2.2918941974639893,2.520561933517456,2.441342353820801,2.7457478046417236,2.8383631706237793,3.179030418395996,3.408574342727661,3.5605664253234863,2.7569587230682373,2.50555419921875,2.759754180908203,2.828270196914673,3.135464906692505,3.325793504714966,3.4542016983032227,3.3464365005493164,3.6863627433776855,3.579726457595825,3.9065535068511963,4.007777214050293,4.338866233825684,4.576919078826904,4.70241641998291,3.68269419670105,3.3748483657836914,3.04439640045166,2.8625733852386475,3.1630074977874756,3.295069694519043,3.6397032737731934,3.7191641330718994,4.084750652313232,4.192298889160156,4.556351184844971,4.711518287658691,5.0821685791015625,5.2878499031066895,5.290491104125977,3.827346086502075,3.5260276794433594,3.1836087703704834,2.9730281829833984,3.180623769760132,3.1463422775268555,3.5199832916259766,3.6662745475769043,4.007596492767334,4.237177848815918,4.556259632110596,4.837026596069336,5.103344440460205,5.385192394256592,5.700843334197998
A7,1.6391749382019043,1.403173565864563,1.059212565422058,0.8717195391654968,0.5349811315536499,0.3889264166355133,0.0,0.39449626207351685,0.5628295540809631,0.8889875411987305,1.1267691850662231,1.404765248298645,1.7537250518798828,2.005922317504883,2.101228713989258,1.7721235752105713,1.6883682012557983,1.9290789365768433,1.932103157043457,2.1976587772369385,2.2310376167297363,2.3529860973358154,2.207364082336426,2.3854150772094727,2.307185173034668,2.5767016410827637,2.6897754669189453,3.005643606185913,3.264716625213623,3.4478418827056885,2.801469087600708,2.593672037124634,2.8648180961608887,2.9803507328033447,3.2921714782714844,3.451740264892578,3.577615261077881,3.437540054321289,3.7735869884490967,3.6478865146636963,3.9522933959960938,4.062384128570557,4.372988224029541,4.629972457885742,4.783468723297119,3.868403911590576,3.5809433460235596,3.2640602588653564,3.108643054962158,3.416863203048706,3.5229716300964355,3.879210948944092,3.9325404167175293,4.301111698150635,4.392866611480713,4.7501959800720215,4.912983417510986,5.273747444152832,5.498470306396484,5.520508766174316,4.1273322105407715,3.829245090484619,3.4868876934051514,3.291901111602783,3.5176398754119873,3.4989845752716064,3.8733246326446533,4.013064384460449,4.353237152099609,4.586731433868408,4.898258686065674,5.18436336517334,5.44158935546875,5.723742485046387,6.032573699951172
A8,1.9477639198303223,1.6641769409179688,1.357106328010559,1.091241478919983,0.8093351721763611,0.6184326410293579,0.39449626207351685,0.0,0.38250741362571716,0.5697869658470154,0.8862959146499634,1.1428924798965454,1.4805010557174683,1.7439783811569214,1.8797370195388794,1.6648236513137817,1.6017868518829346,1.8035680055618286,1.8289653062820435,2.0434799194335938,2.02429461479187,2.1029105186462402,1.9140949249267578,2.0771570205688477,1.9609278440475464,2.2254061698913574,2.3153910636901855,2.630870819091797,2.882983446121216,3.0708298683166504,2.537137746810913,2.356788396835327,2.657010316848755,2.7949323654174805,3.087887763977051,3.212705135345459,3.314094066619873,3.1447384357452393,3.468503713607788,3.320880889892578,3.611201524734497,3.7160518169403076,4.015881061553955,4.2781853675842285,4.445498466491699,3.626244306564331,3.3606371879577637,3.0640366077423096,2.9257891178131104,3.231055736541748,3.302726984024048,3.6675302982330322,3.691775321960449,4.061607360839844,4.136592864990234,4.486445903778076,4.6554646492004395,5.006019115447998,5.247208118438721,5.287684917449951,3.9864087104797363,3.6959428787231445,3.3560619354248047,3.1890268325805664,3.4460620880126953,3.4571595191955566,3.8301281929016113,3.9562859535217285,4.290051460266113,4.534110069274902,4.826656341552734,5.126108169555664,5.367739200592041,5.644536018371582,5.940797328948975
A9,2.198951005935669,1.9516812562942505,1.6185868978500366,1.4055088758468628,1.0814907550811768,0.8887008428573608,0.5628295540809631,0.38250741362571716,0.0,0.3856791853904724,0.5643418431282043,0.8649418950080872,1.1975610256195068,1.469537615776062,1.6028847694396973,1.706773042678833,1.722458004951477,1.9604032039642334,2.0490267276763916,2.2668962478637695,2.262664318084717,2.2941722869873047,2.099883556365967,2.202143669128418,2.066152334213257,2.2772693634033203,2.362858772277832,2.6377949714660645,2.912212610244751,3.139659881591797,2.8075594902038574,2.660369396209717,2.972184181213379,3.1312663555145264,3.4171204566955566,3.518501043319702,3.604722738265991,3.40885066986084,3.718170166015625,3.5440385341644287,3.8105506896972656,3.90362548828125,4.181802749633789,4.449766159057617,4.638596057891846,3.930586576461792,3.679750919342041,3.3963258266448975,3.259099006652832,3.553346633911133,3.600088596343994,3.9654433727264404,3.965165138244629,4.337742805480957,4.3881659507751465,4.73618221282959,4.894776821136475,5.238397121429443,5.489055633544922,5.549077033996582,4.289756774902344,4.0138373374938965,3.6667492389678955,3.5191028118133545,3.7840933799743652,3.7842307090759277,4.158469200134277,4.266221523284912,4.607169151306152,4.838714599609375,5.131613731384277,5.42384147644043,5.652820587158203,5.938925266265869,6.227941036224365
A10,2.493878126144409,2.2115442752838135,1.9073224067687988,1.656385898590088,1.3579726219177246,1.1768876314163208,0.8889875411987305,0.5697869658470154,0.3856791853904724,0.0,0.3875824809074402,0.590878963470459,0.9146571159362793,1.185939073562622,1.3594969511032104,1.609022855758667,1.6588350534439087,1.8565075397491455,1.9780704975128174,2.1438629627227783,2.100398302078247,2.076669454574585,1.8511337041854858,1.9142670631408691,1.74469792842865,1.9300485849380493,2.0003745555877686,2.262551784515381,2.5396556854248047,2.7794501781463623,2.6047451496124268,2.499910831451416,2.8302972316741943,3.0180087089538574,3.2847743034362793,3.3470795154571533,3.4129457473754883,3.1869773864746094,3.4806127548217773,3.2869179248809814,3.5303854942321777,3.6244800090789795,3.8840439319610596,4.162065505981445,4.369823932647705,3.775259494781494,3.5522940158843994,3.2937724590301514,3.184230089187622,3.475860834121704,3.4896225929260254,3.8602170944213867,3.831169843673706,4.199728012084961,4.235072612762451,4.5698466300964355,4.7385172843933105,5.067452907562256,5.335999011993408,5.4141693115234375,4.260766506195068,3.9914612770080566,3.6539201736450195,3.530388116836548,3.8191418647766113,3.8506019115448,4.219390869140625,4.319204330444336,4.649229526519775,4.892429351806641,5.165271759033203,5.470310688018799,5.685970783233643,5.963282585144043,6.240174293518066
A11,2.7594053745269775,2.508002758026123,2.180558681488037,1.9609285593032837,1.6410304307937622,1.4423052072525024,1.1267691850662231,0.8862959146499634,0.5643418431282043,0.3875824809074402,0.0,0.3853349983692169,0.6491367220878601,0.9545689225196838,1.1486352682113647,1.8119999170303345,1.9216322898864746,2.141906976699829,2.3021552562713623,2.4694325923919678,2.435828685760498,2.3791823387145996,2.1515088081359863,2.163693904876709,1.9746534824371338,2.1002793312072754,2.1514132022857666,2.361412763595581,2.649242639541626,2.9252679347991943,2.940847873687744,2.856846570968628,3.1935176849365234,3.3883306980133057,3.6455187797546387,3.6913392543792725,3.7397267818450928,3.494649887084961,3.770496129989624,3.5521068572998047,3.77250599861145,3.8472018241882324,4.0849175453186035,4.361258506774902,4.585331439971924,4.095274448394775,3.883518695831299,3.636230945587158,3.5193660259246826,3.7955663204193115,3.7878851890563965,4.154657363891602,4.104191780090332,4.474031448364258,4.484049320220947,4.817539691925049,4.970383644104004,5.292686462402344,5.5665435791015625,5.66307258605957,4.54396915435791,4.2914252281188965,3.9460794925689697,3.8411498069763184,4.134572505950928,4.150280475616455,4.519928932189941,4.599679470062256,4.93765115737915,5.16524600982666,5.4394001960754395,5.734553813934326,5.936675071716309,6.224390506744385,6.4935832023620605
A12,2.9999372959136963,2.7312686443328857,2.4264965057373047,2.2105469703674316,1.8861452341079712,1.7360800504684448,1.404765248298645,1.1428924798965454,0.8649418950080872,0.590878963470459,0.3853349983692169,0.0,0.38098660111427307,0.6065744757652283,0.7912485599517822,1.6532961130142212,1.8204303979873657,2.0250277519226074,2.2356860637664795,2.3747189044952393,2.345968246459961,2.2382190227508545,2.0230867862701416,1.9712382555007935,1.7918097972869873,1.8602632284164429,1.935391902923584,2.1060850620269775,2.418839931488037,2.7143006324768066,2.884005308151245,2.8487586975097656,3.1836135387420654,3.414374589920044,3.666454553604126,3.681415319442749,3.7297768592834473,3.4645509719848633,3.7303850650787354,3.5082335472106934,3.700531005859375,3.7934961318969727,4.006025314331055,4.300077438354492,4.546116352081299,4.146816730499268,3.9598453044891357,3.7307071685791016,3.650122880935669,3.9343249797821045,3.911350727081299,4.2821269035339355,4.2160444259643555,4.577628135681152,4.584485054016113,4.901224613189697,5.071224212646484,5.377832889556885,5.667848110198975,5.77531099319458,4.740394115447998,4.4846882820129395,4.152811527252197,4.053321361541748,4.356622219085693,4.399937629699707,4.765038013458252,4.851530075073242,5.1778974533081055,5.419853210449219,5.680526256561279,5.987585067749023,6.186664581298828,6.463689804077148,6.727325916290283
A13,3.3676884174346924,3.099846839904785,2.790553331375122,2.564167022705078,2.2472779750823975,2.0709145069122314,1.7537250518798828,1.4805010557174683,1.1975610256195068,0.9146571159362793,0.6491367220878601,0.38098660111427307,0.0,0.36421042680740356,0.6805498003959656,1.943267583847046,2.1366326808929443,2.3174405097961426,2.5439255237579346,2.649168014526367,2.5932631492614746,2.4431822299957275,2.205763578414917,2.108038902282715,1.8883033990859985,1.8924702405929565,1.9178189039230347,2.0275046825408936,2.331092596054077,2.6559898853302,3.0609731674194336,3.0555315017700195,3.4012444019317627,3.6388297080993652,3.86603045463562,3.849821090698242,3.867246627807617,3.576249599456787,3.812995195388794,3.5610573291778564,3.721038579940796,3.79054856300354,3.9738717079162598,4.264256477355957,4.528519630432129,4.277348518371582,4.114301681518555,3.909456729888916,3.8323323726654053,4.096310138702393,4.038833141326904,4.403849124908447,4.3061723709106445,4.663219451904297,4.64034366607666,4.947048664093018,5.105709552764893,5.39732551574707,5.697812557220459,5.829094409942627,4.883615493774414,4.6482696533203125,4.317361354827881,4.24742317199707,4.56471586227417,4.610487937927246,4.970935344696045,5.035081386566162,5.360187530517578,5.593943119049072,5.843026638031006,6.147439956665039,6.326685428619385,6.606144905090332,6.855318069458008
A14,3.579507827758789,3.308716297149658,3.0137717723846436,2.8042571544647217,2.4782373905181885,2.341743230819702,2.005922317504883,1.7439783811569214,1.469537615776062,1.185939073562622,0.9545689225196838,0.6065744757652283,0.36421042680740356,0.0,0.3630388677120209,1.8870199918746948,2.1292197704315186,2.3027143478393555,2.5697648525238037,2.660609245300293,2.625452756881714,2.440493583679199,2.2342886924743652,2.0795271396636963,1.8917330503463745,1.8334009647369385,1.8936930894851685,1.9492870569229126,2.276355743408203,2.6157033443450928,3.139017105102539,3.1710991859436035,3.505753755569458,3.770596981048584,3.9982035160064697,3.96258282661438,3.9873647689819336,3.6869404315948486,3.9167354106903076,3.6695823669433594,3.8049073219299316,3.894073247909546,4.053668975830078,4.358553886413574,4.639624118804932,4.44950532913208,4.303378105163574,4.109194755554199,4.05999755859375,4.3328986167907715,4.271495342254639,4.638217449188232,4.534643650054932,4.883642673492432,4.862700939178467,5.155445575714111,5.328291416168213,5.607448577880859,5.918423175811768,6.055112838745117,5.161855220794678,4.921042442321777,4.600371837615967,4.527470111846924,4.8466291427612305,4.909193992614746,5.267280101776123,5.3408918380737305,5.658346176147461,5.902570724487305,6.145069599151611,6.457137107849121,6.63777494430542,6.909535884857178,7.157081127166748
A15,3.6083292961120605,3.3487534523010254,3.0645384788513184,2.890031337738037,2.549192190170288,2.460348129272461,2.101228713989258,1.8797370195388794,1.6028847694396973,1.3594969511032104,1.1486352682113647,0.7912485599517822,0.6805498003959656,0.3630388677120209,0.0,1.7523906230926514,2.036687135696411,2.2300076484680176,2.52933931350708,2.637408494949341,2.649902820587158,2.4639015197753906,2.308244228363037,2.1302270889282227,2.003154754638672,1.9264413118362427,2.0478732585906982,2.087221622467041,2.4362359046936035,2.7703914642333984,3.2564070224761963,3.299912929534912,3.616147756576538,3.897770404815674,4.142308712005615,4.1118950843811035,4.161953449249268,3.8702552318573,4.11083459854126,3.8840458393096924,4.01725435256958,4.132634162902832,4.288276195526123,4.605127334594727,4.889692306518555,4.665842533111572,4.517335891723633,4.31570291519165,4.281894683837891,4.571869373321533,4.5278849601745605,4.898615837097168,4.80839204788208,5.1551194190979,5.149996757507324,5.439550876617432,5.625814914703369,5.904801368713379,6.217060565948486,6.34568452835083,5.432590007781982,5.177559852600098,4.8609113693237305,4.768674850463867,5.079204559326172,5.146286487579346,5.506560802459717,5.597962379455566,5.913685321807861,6.166391849517822,6.413974285125732,6.730032920837402,6.922679424285889,7.190751552581787,7.445903778076172
B1,2.6015775203704834,2.3047614097595215,2.1930127143859863,2.091169834136963,1.8519314527511597,2.020472764968872,1.7721235752105713,1.6648236513137817,1.706773042678833,1.609022855758667,1.8119999170303345,1.6532961130142212,1.943267583847046,1.8870199918746948,1.7523906230926514,0.0,0.3616185188293457,0.6070987582206726,0.9387989640235901,1.151916265487671,1.3799612522125244,1.3673043251037598,1.4712929725646973,1.4527336359024048,1.642325520515442,1.7782647609710693,2.1118521690368652,2.3388490676879883,2.664094924926758,2.820931911468506,2.3439419269561768,2.343416690826416,2.535041332244873,2.827345371246338,3.152928590774536,3.213022232055664,3.410856246948242,3.2423386573791504,3.572218656539917,3.509125232696533,3.7270894050598145,3.9703519344329834,4.204352855682373,4.539213180541992,4.752737045288086,4.021539688110352,3.828120708465576,3.575434923171997,3.612487316131592,3.9797065258026123,4.064865589141846,4.434162139892578,4.463796138763428,4.785305500030518,4.911061763763428,5.193280220031738,5.454586982727051,5.75656795501709,6.0360002517700195,6.068862438201904,4.9806647300720215,4.645620346069336,4.383882999420166,4.181450366973877,4.424970626831055,4.545613765716553,4.886728286743164,5.088146209716797,5.3595757484436035,5.671186447143555,5.923468589782715,6.266888618469238,6.533670902252197,6.752570152282715,7.050882339477539
B2,2.350404977798462,2.037489652633667,1.9675312042236328,1.8636611700057983,1.6733320951461792,1.8773653507232666,1.6883682012557983,1.6017868518829346,1.722458004951477,1.6588350534439087,1.9216322898864746,1.8204303979873657,2.1366326808929443,2.1292197704315186,2.036687135696411,0.3616185188293457,0.0,0.3616011142730713,0.6125938892364502,0.8921814560890198,1.1535145044326782,1.2322020530700684,1.3637120723724365,1.4350868463516235,1.645530104637146,1.8475513458251953,2.170316457748413,2.4409003257751465,2.738816738128662,2.8583030700683594,2.1413092613220215,2.1029744148254395,2.2720787525177,2.5456149578094482,2.8861494064331055,2.9769530296325684,3.1973519325256348,3.061063289642334,3.40749192237854,3.373178482055664,3.616929292678833,3.868147373199463,4.1249518394470215,4.4507927894592285,4.640929698944092,3.7925491333007812,3.583190679550171,3.317195415496826,3.3550188541412354,3.72987699508667,3.841158390045166,4.205449104309082,4.2601728439331055,4.577229976654053,4.725140571594238,5.009608268737793,5.275828838348389,5.5849690437316895,5.851877212524414,5.865281105041504,4.732254981994629,4.387103080749512,4.134820938110352,3.914638042449951,4.143173694610596,4.268689155578613,4.604102611541748,4.820912837982178,5.08440637588501,5.401747226715088,5.654751777648926,5.999122142791748,6.27658224105835,6.4881062507629395,6.792753219604492
B3,2.5202696323394775,2.1854820251464844,2.1567087173461914,2.0232911109924316,1.882299780845642,2.077244758605957,1.9290789365768433,1.8035680055618286,1.9604032039642334,1.8565075397491455,2.141906976699829,2.0250277519226074,2.3174405097961426,2.3027143478393555,2.2300076484680176,0.6070987582206726,0.3616011142730713,0.0,0.37177690863609314,0.5542513728141785,0.8422839641571045,0.9283906817436218,1.1293143033981323,1.2161401510238647,1.4851480722427368,1.6971838474273682,2.032001256942749,2.3089005947113037,2.5810680389404297,2.6601147651672363,1.8553872108459473,1.8487776517868042,1.9921585321426392,2.287174940109253,2.6188530921936035,2.693460464477539,2.925142526626587,2.797628402709961,3.141169786453247,3.1312036514282227,3.367921829223633,3.640939235687256,3.8931095600128174,4.221604347229004,4.4064202308654785,3.5584418773651123,3.3675613403320312,3.118974208831787,3.1933329105377197,3.570117473602295,3.6791093349456787,4.03706169128418,4.092670917510986,4.394078731536865,4.553195476531982,4.8205885887146,5.1034698486328125,5.401007175445557,5.670659065246582,5.679670810699463,4.612004280090332,4.264515399932861,4.035219669342041,3.818861961364746,4.048534393310547,4.2045111656188965,4.526251792907715,4.751010894775391,4.994771480560303,5.3260979652404785,5.561185359954834,5.915795803070068,6.191880702972412,6.386710166931152,6.686130046844482
B4,2.3280692100524902,1.9818748235702515,2.0049872398376465,1.8683464527130127,1.7940682172775269,2.0114336013793945,1.932103157043457,1.8289653062820435,2.0490267276763916,1.9780704975128174,2.3021552562713623,2.2356860637664795,2.5439255237579346,2.5697648525238037,2.52933931350708,0.9387989640235901,0.6125938892364502,0.37177690863609314,0.0,0.37815311551094055,0.6973183155059814,0.929501473903656,1.1427487134933472,1.331805944442749,1.5950255393981934,1.8621265888214111,2.1672635078430176,2.4783506393432617,2.7163212299346924,2.7567529678344727,1.687328577041626,1.6286935806274414,1.7363557815551758,2.0034332275390625,2.3522350788116455,2.4658095836639404,2.7235260009765625,2.6377100944519043,2.9969775676727295,3.0209789276123047,3.2851614952087402,3.562887191772461,3.838543653488159,4.153278827667236,4.310187816619873,3.3322269916534424,3.123687505722046,2.8612587451934814,2.9375851154327393,3.320634365081787,3.4592485427856445,3.808767318725586,3.8928093910217285,4.187124252319336,4.370428562164307,4.638947010040283,4.925731658935547,5.229979515075684,5.4846062660217285,5.472118377685547,4.359658718109131,4.002440452575684,3.7861671447753906,3.551370620727539,3.762909173965454,3.925537586212158,4.2385573387146,4.479587554931641,4.712718486785889,5.049775123596191,5.284114837646484,5.639161109924316,5.925832271575928,6.111832618713379,6.417212963104248
B5,2.6373450756073,2.2777695655822754,2.310189962387085,2.137213945388794,2.0834386348724365,2.2650246620178223,2.1976587772369385,2.0434799194335938,2.2668962478637695,2.1438629627227783,2.4694325923919678,2.3747189044952393,2.649168014526367,2.660609245300293,2.637408494949341,1.151916265487671,0.8921814560890198,0.5542513728141785,0.37815311551094055,0.0,0.3889009654521942,0.626194179058075,0.9126405715942383,1.104990005493164,1.4107991456985474,1.6709016561508179,1.9749962091445923,2.280442714691162,2.488140106201172,2.490076780319214,1.3893533945083618,1.39231538772583,1.4818923473358154,1.7884678840637207,2.113457202911377,2.188096046447754,2.4453563690185547,2.3540074825286865,2.7025232315063477,2.7421770095825195,2.989260196685791,3.286761522293091,3.5497374534606934,3.8690123558044434,4.027640342712402,3.103914499282837,2.9266490936279297,2.694713830947876,2.813943862915039,3.191403865814209,3.310786485671997,3.6539359092712402,3.7249178886413574,4.002559185028076,4.186807155609131,4.434360980987549,4.736699104309082,5.02411413192749,5.287203311920166,5.2795586585998535,4.270636081695557,3.9189722537994385,3.7254834175109863,3.508999824523926,3.7311651706695557,3.926466941833496,4.224841117858887,4.462996482849121,4.676617622375488,5.025054931640625,5.236410617828369,5.601855278015137,5.87883996963501,6.049429893493652,6.3437819480896
B6,2.773393392562866,2.3942549228668213,2.4109158515930176,2.1832706928253174,2.1480133533477783,2.274808406829834,2.2310376167297363,2.02429461479187,2.262664318084717,2.100398302078247,2.435828685760498,2.345968246459961,2.5932631492614746,2.625452756881714,2.649902820587158,1.3799612522125244,1.1535145044326782,0.8422839641571045,0.6973183155059814,0.3889009654521942,0.0,0.37612855434417725,0.6062626242637634,0.878799557685852,1.1505577564239502,1.4464155435562134,1.706723928451538,2.034644842147827,2.2058098316192627,2.181436061859131,1.0210137367248535,1.0487960577011108,1.1848154067993164,1.5150402784347534,1.816219449043274,1.8593409061431885,2.091817617416382,1.978768229484558,2.3258156776428223,2.3551676273345947,2.6054086685180664,2.8992364406585693,3.1666173934936523,3.483370304107666,3.641162395477295,2.7576892375946045,2.595745325088501,2.3820934295654297,2.514676570892334,2.883207082748413,2.977184534072876,3.3213651180267334,3.3743011951446533,3.6497087478637695,3.8244998455047607,4.066607475280762,4.370916366577148,4.652472972869873,4.922036170959473,4.924147129058838,3.979494094848633,3.638411283493042,3.4510040283203125,3.259413719177246,3.501359701156616,3.714357376098633,4.007111072540283,4.229544162750244,4.436706066131592,4.787411689758301,4.9834136962890625,5.3543572425842285,5.617003440856934,5.784117698669434,6.067450523376465
B7,3.0706498622894287,2.690321922302246,2.6692726612091064,2.426668167114258,2.349494457244873,2.4406325817108154,2.3529860973358154,2.1029105186462402,2.2941722869873047,2.076669454574585,2.3791823387145996,2.2382190227508545,2.4431822299957275,2.440493583679199,2.4639015197753906,1.3673043251037598,1.2322020530700684,0.9283906817436218,0.929501473903656,0.626194179058075,0.37612855434417725,0.0,0.3793796896934509,0.5316782593727112,0.858708918094635,1.1066113710403442,1.3932193517684937,1.6947903633117676,1.876228928565979,1.8644710779190063,1.0511987209320068,1.1864564418792725,1.361599087715149,1.719626545906067,1.9729154109954834,1.9453717470169067,2.131518602371216,1.959946632385254,2.275655508041382,2.266165018081665,2.4737164974212646,2.7692625522613525,3.0040013790130615,3.337937831878662,3.527777910232544,2.8337714672088623,2.710160255432129,2.531613826751709,2.676429271697998,3.027705430984497,3.075739860534668,3.4224488735198975,3.4349496364593506,3.7083370685577393,3.8536922931671143,4.083176612854004,4.3882036209106445,4.653005123138428,4.94210147857666,4.970920085906982,4.132165431976318,3.8082587718963623,3.6186273097991943,3.458855152130127,3.7236549854278564,3.942262649536133,4.235499382019043,4.436520099639893,4.644833087921143,4.992319583892822,5.176838397979736,5.550415992736816,5.795133590698242,5.963912487030029,6.23392391204834
B8,3.0735418796539307,2.685619831085205,2.626160144805908,2.343869209289551,2.2582736015319824,2.2918941974639893,2.207364082336426,1.9140949249267578,2.099883556365967,1.8511337041854858,2.1515088081359863,2.0230867862701416,2.205763578414917,2.2342886924743652,2.308244228363037,1.4712929725646973,1.3637120723724365,1.1293143033981323,1.1427487134933472,0.9126405715942383,0.6062626242637634,0.3793796896934509,0.0,0.38475772738456726,0.5532742738723755,0.8819289803504944,1.1074217557907104,1.4532092809677124,1.6280840635299683,1.640624761581421,0.9867967367172241,1.1049132347106934,1.36860191822052,1.7052110433578491,1.9345033168792725,1.888837456703186,2.0203468799591064,1.8032383918762207,2.113018035888672,2.0485119819641113,2.2637579441070557,2.526095390319824,2.769325017929077,3.100661516189575,3.3006184101104736,2.677152156829834,2.553154706954956,2.378693103790283,2.4959256649017334,2.8332126140594482,2.849374294281006,3.205631732940674,3.1915836334228516,3.4805984497070312,3.5994791984558105,3.8409414291381836,4.130787372589111,4.400344371795654,4.696339130401611,4.743280410766602,3.9174227714538574,3.6085867881774902,3.4015305042266846,3.2680909633636475,3.5559194087982178,3.76542329788208,4.0661091804504395,4.241421222686768,4.461804389953613,4.798923492431641,4.982990264892578,5.353625774383545,5.583100318908691,5.763943195343018,6.026212692260742
B9,3.359151601791382,2.978224039077759,2.895505428314209,2.6240479946136475,2.4963948726654053,2.520561933517456,2.3854150772094727,2.0771570205688477,2.202143669128418,1.9142670631408691,2.163693904876709,1.9712382555007935,2.108038902282715,2.0795271396636963,2.1302270889282227,1.4527336359024048,1.4350868463516235,1.2161401510238647,1.331805944442749,1.104990005493164,0.878799557685852,0.5316782593727112,0.38475772738456726,0.0,0.3914227783679962,0.5763051509857178,0.8892268538475037,1.1765040159225464,1.3933956623077393,1.444521427154541,1.258650779724121,1.4437538385391235,1.6910507678985596,2.041961669921875,2.2434113025665283,2.152177095413208,2.255847215652466,2.0032458305358887,2.2718892097473145,2.1775362491607666,2.3359434604644775,2.598264694213867,2.795910358428955,3.14350962638855,3.377061128616333,2.9389679431915283,2.8480217456817627,2.701411485671997,2.8283627033233643,3.150869131088257,3.1361889839172363,3.4889094829559326,3.444448471069336,3.726975917816162,3.8208043575286865,4.0472822189331055,4.336247444152832,4.587549209594727,4.899145603179932,4.968369483947754,4.230795383453369,3.9350056648254395,3.7276086807250977,3.613135576248169,3.9107651710510254,4.120041847229004,4.420879364013672,4.5837225914001465,4.805002212524414,5.138393878936768,5.3158650398254395,5.686471462249756,5.904106140136719,6.085923194885254,6.3387651443481445
B10,3.4158294200897217,3.033811569213867,2.9152607917785645,2.612840175628662,2.4764370918273926,2.441342353820801,2.307185173034668,1.9609278440475464,2.066152334213257,1.74469792842865,1.9746534824371338,1.7918097972869873,1.8883033990859985,1.8917330503463745,2.003154754638672,1.642325520515442,1.645530104637146,1.4851480722427368,1.5950255393981934,1.4107991456985474,1.1505577564239502,0.858708918094635,0.5532742738723755,0.3914227783679962,0.0,0.386337548494339,0.5776545405387878,0.9309044480323792,1.1471976041793823,1.2480213642120361,1.3365962505340576,1.4965471029281616,1.7987664937973022,2.1187994480133057,2.292146682739258,2.185298204421997,2.2313644886016846,1.9384373426437378,2.1859822273254395,2.0290451049804688,2.1833748817443848,2.400327444076538,2.598126173019409,2.940221071243286,3.1870992183685303,2.8527450561523438,2.7662360668182373,2.629605770111084,2.7261476516723633,3.0259180068969727,2.9746925830841064,3.3314321041107178,3.255648136138916,3.5508768558502197,3.6117825508117676,3.847705125808716,4.117114067077637,4.370001316070557,4.688617706298828,4.779176712036133,4.068607330322266,3.793074369430542,3.5697808265686035,3.485947370529175,3.8038148880004883,4.000897407531738,4.306417465209961,4.44032621383667,4.672521591186523,4.99221658706665,5.167779922485352,5.532922744750977,5.732635974884033,5.926421642303467,6.169391632080078
B11,3.752159595489502,3.3758203983306885,3.243734836578369,2.950746774673462,2.787768602371216,2.7457478046417236,2.5767016410827637,2.2254061698913574,2.2772693634033203,1.9300485849380493,2.1002793312072754,1.8602632284164429,1.8924702405929565,1.8334009647369385,1.9264413118362427,1.7782647609710693,1.8475513458251953,1.6971838474273682,1.8621265888214111,1.6709016561508179,1.4464155435562134,1.1066113710403442,0.8819289803504944,0.5763051509857178,0.386337548494339,0.0,0.38980618119239807,0.6170308589935303,0.8938536643981934,1.0545710325241089,1.620478630065918,1.8295233249664307,2.1118743419647217,2.4432754516601562,2.5908424854278564,2.444852828979492,2.4662976264953613,2.1496469974517822,2.3511545658111572,2.1715362071990967,2.2624199390411377,2.473586320877075,2.6176748275756836,2.970196008682251,3.2482173442840576,3.1051974296569824,3.0528481006622314,2.9455771446228027,3.05556583404541,3.3386387825012207,3.259030818939209,3.6067910194396973,3.502577304840088,3.7855799198150635,3.822181463241577,4.0381903648376465,4.305902004241943,4.536423206329346,4.868859767913818,4.981257438659668,4.373208045959473,4.112242698669434,3.894282341003418,3.8296875953674316,4.154476165771484,4.354846477508545,4.6564621925354,4.778497695922852,5.007258892059326,5.323619842529297,5.489028453826904,5.853960037231445,6.04041862487793,6.232175350189209,6.4637451171875
B12,3.9210400581359863,3.542602777481079,3.3963623046875,3.0772194862365723,2.92645001411438,2.8383631706237793,2.6897754669189453,2.3153910636901855,2.362858772277832,2.0003745555877686,2.1514132022857666,1.935391902923584,1.9178189039230347,1.8936930894851685,2.0478732585906982,2.1118521690368652,2.170316457748413,2.032001256942749,2.1672635078430176,1.9749962091445923,1.706723928451538,1.3932193517684937,1.1074217557907104,0.8892268538475037,0.5776545405387878,0.38980618119239807,0.0,0.39684978127479553,0.6007100343704224,0.8019895553588867,1.6810179948806763,1.8856027126312256,2.1898767948150635,2.4916906356811523,2.596242904663086,2.4227499961853027,2.385343313217163,2.037351608276367,2.198225736618042,1.9654946327209473,2.0318386554718018,2.199298858642578,2.3294715881347656,2.6748030185699463,2.9659135341644287,2.9672977924346924,2.937159538269043,2.8580634593963623,2.956399440765381,3.206815242767334,3.0856711864471436,3.4247970581054688,3.2859742641448975,3.566429376602173,3.5706543922424316,3.781128168106079,4.034497261047363,4.255131244659424,4.59533166885376,4.7291364669799805,4.203332424163818,3.967726230621338,3.7508251667022705,3.7225396633148193,4.062122344970703,4.2623090744018555,4.556527614593506,4.651037693023682,4.877313137054443,5.182953834533691,5.33474588394165,5.6957879066467285,5.860886096954346,6.054469585418701,6.270819664001465
B13,4.284192085266113,3.9097936153411865,3.7537224292755127,3.441653251647949,3.272017478942871,3.179030418395996,3.005643606185913,2.630870819091797,2.6377949714660645,2.262551784515381,2.361412763595581,2.1060850620269775,2.0275046825408936,1.9492870569229126,2.087221622467041,2.3388490676879883,2.4409003257751465,2.3089005947113037,2.4783506393432617,2.280442714691162,2.034644842147827,1.6947903633117676,1.4532092809677124,1.1765040159225464,0.9309044480323792,0.6170308589935303,0.39684978127479553,0.0,0.3723323345184326,0.6930842995643616,2.007598400115967,2.2437522411346436,2.529977321624756,2.8383820056915283,2.921175718307495,2.7173657417297363,2.6587703227996826,2.2987067699432373,2.4118130207061768,2.164090871810913,2.1629698276519775,2.314770460128784,2.381030797958374,2.7274370193481445,3.046706438064575,3.244868755340576,3.2466039657592773,3.1947124004364014,3.304213047027588,3.5370724201202393,3.391103506088257,3.7172627449035645,3.5525474548339844,3.8170809745788574,3.7965054512023926,3.983898162841797,4.232169151306152,4.427035808563232,4.778502464294434,4.934295654296875,4.517336368560791,4.297706604003906,4.088022232055664,4.078099250793457,4.422209739685059,4.6252241134643555,4.913949012756348,4.996427536010742,5.217773914337158,5.518908977508545,5.659341335296631,6.018801689147949,6.169427871704102,6.359911918640137,6.563404560089111
