,A1,A2,A3,A4,A5,A6,A7,A8,A9,A10,A11,A12,A13,A14,A15,B1,B2,B3,B4,B5,B6,B7,B8,B9,B10,B11,B12,B13,B14,B15,C1,C2,C3,C4,C5,C6,C7,C8,C9,C10,C11,C12,C13,C14,C15,D1,D2,D3,D4,D5,D6,D7,D8,D9,D10,D11,D12,D13,D14,D15,E1,E2,E3,E4,E5,E6,E7,E8,E9,E10,E11,E12,E13,E14,E15
A1,0.0,0.3996036946773529,0.587566614151001,0.8992940783500671,1.1403390169143677,1.4476003646850586,1.6965510845184326,1.9564237594604492,2.2654922008514404,2.5021493434906006,2.790834665298462,3.035550594329834,3.3196589946746826,3.5796005725860596,3.807553768157959,5.356524467468262,5.668857574462891,5.898204803466797,6.056437015533447,6.157199382781982,6.25641393661499,6.24163818359375,6.074708461761475,5.977515697479248,5.70303201675415,5.776585102081299,5.52484655380249,5.66948938369751,5.596658229827881,5.4585065841674805,4.356095314025879,4.074881076812744,3.775329113006592,3.7108664512634277,3.405721426010132,3.108835220336914,3.036076545715332,2.8997650146484375,2.5259153842926025,2.3910834789276123,2.0320041179656982,1.8819514513015747,1.5874851942062378,1.3910502195358276,1.2400370836257935,1.5908833742141724,1.8291025161743164,1.896116018295288,2.130852222442627,2.1471152305603027,2.1706881523132324,2.089357376098633,2.0032949447631836,1.8695757389068604,1.7161400318145752,1.853265643119812,1.8571763038635254,1.700947880744934,1.9797126054763794,2.0015978813171387,2.104389190673828,2.2225677967071533,2.4464428424835205,2.5476431846618652,2.6397650241851807,2.825857162475586,2.8473892211914062,3.00945782661438,2.98526668548584,3.31136417388916,3.311082363128662,3.568164110183716,3.6646342277526855,3.8865959644317627,4.162051677703857
A2,0.3996036946773529,0.0,0.38966941833496094,0.5546202659606934,0.8720935583114624,1.125563383102417,1.423609972000122,1.6375386714935303,1.9737868309020996,2.1738297939300537,2.4745218753814697,2.695674180984497,2.9851105213165283,3.229480504989624,3.455615520477295,4.990495204925537,5.301694869995117,5.538921356201172,5.707330226898193,5.816320896148682,5.927967071533203,5.924232006072998,5.770244121551514,5.677863597869873,5.412662982940674,5.480188369750977,5.2306599617004395,5.369325637817383,5.287339210510254,5.138099193572998,4.063442230224609,3.7997169494628906,3.4985833168029785,3.4617416858673096,3.170440912246704,2.8648040294647217,2.82710599899292,2.678264617919922,2.299781560897827,2.211101770401001,1.8341513872146606,1.7569140195846558,1.4537419080734253,1.3465898036956787,1.2468738555908203,1.6534796953201294,1.8554750680923462,1.9986523389816284,2.2080366611480713,2.246352434158325,2.3251099586486816,2.2395315170288086,2.2022764682769775,2.0470170974731445,1.9475252628326416,2.0538766384124756,2.0115504264831543,1.8447697162628174,2.0637078285217285,2.016688823699951,1.90926992893219,2.03623628616333,2.2145631313323975,2.283900022506714,2.335841417312622,2.5054636001586914,2.4972944259643555,2.651881217956543,2.6071624755859375,2.9309661388397217,2.9213874340057373,3.1726362705230713,3.2673871517181396,3.4870948791503906,3.763108015060425
A3,0.587566614151001,0.38966941833496094,0.0,0.38806742429733276,0.5568370223045349,0.8889191150665283,1.1269131898880005,1.3817050457000732,1.6852370500564575,1.9324233531951904,2.2087717056274414,2.4655401706695557,2.742978811264038,3.0140609741210938,3.2424073219299316,4.805071830749512,5.116698265075684,5.336610317230225,5.4857892990112305,5.582638263702393,5.675643444061279,5.659895420074463,5.492498397827148,5.400824069976807,5.130443096160889,5.2131876945495605,4.970994472503662,5.126862049102783,5.065119743347168,4.937161445617676,3.9268102645874023,3.6526355743408203,3.3327572345733643,3.3051469326019287,2.995811700820923,2.673753499984741,2.6019484996795654,2.420941114425659,2.048248052597046,1.9211077690124512,1.5570369958877563,1.4572548866271973,1.1208463907241821,1.0332821607589722,1.0160681009292603,1.7955678701400757,2.040637969970703,2.188007116317749,2.4368691444396973,2.5168709754943848,2.6070735454559326,2.5571627616882324,2.522400379180908,2.3936591148376465,2.2778480052948,2.40213942527771,2.371497631072998,2.1891348361968994,2.4170854091644287,2.3674116134643555,2.0386600494384766,2.100809335708618,2.249985456466675,2.269914388656616,2.3388688564300537,2.459418296813965,2.4677071571350098,2.575136184692383,2.555581569671631,2.8520617485046387,2.8358192443847656,3.118056297302246,3.203634262084961,3.4581551551818848,3.739893674850464
A4,0.8992940783500671,0.5546202659606934,0.38806742429733276,0.0,0.3806401193141937,0.5811212658882141,0.9015012383460999,1.0845487117767334,1.427672266960144,1.6229901313781738,1.9199700355529785,2.144993782043457,2.433553457260132,2.683361053466797,2.913576364517212,4.457669258117676,4.7696638107299805,4.999642372131348,5.161565780639648,5.266541481018066,5.374702453613281,5.3703179359436035,5.217235088348389,5.128749370574951,4.867868900299072,4.941064357757568,4.699377536773682,4.8461833000183105,4.772289752960205,4.630557537078857,3.6438260078430176,3.389906167984009,3.0708820819854736,3.073138952255249,2.7826552391052246,2.4546656608581543,2.4267959594726562,2.2365822792053223,1.86300528049469,1.7996574640274048,1.4224622249603271,1.4239455461502075,1.1050947904586792,1.1390389204025269,1.168742060661316,1.8974276781082153,2.0991921424865723,2.3055546283721924,2.5245141983032227,2.6193084716796875,2.7524421215057373,2.6990222930908203,2.7037339210510254,2.560908555984497,2.4893839359283447,2.592773675918579,2.5319063663482666,2.3517305850982666,2.5315985679626465,2.4313135147094727,1.9446673393249512,2.016106605529785,2.108505964279175,2.088620662689209,2.1044440269470215,2.1989736557006836,2.165921926498413,2.2583751678466797,2.2088918685913086,2.4988410472869873,2.465285062789917,2.740190267562866,2.818986177444458,3.072068452835083,3.3519749641418457
A5,1.1403390169143677,0.8720935583114624,0.5568370223045349,0.3806401193141937,0.0,0.38417333364486694,0.5822432637214661,0.8351649045944214,1.1285151243209839,1.3865866661071777,1.657470941543579,1.9240764379501343,2.202974796295166,2.4794857501983643,2.7177164554595947,4.2799811363220215,4.593893051147461,4.805143356323242,4.9467692375183105,5.035597324371338,5.124359607696533,5.104522705078125,4.935882091522217,4.844531536102295,4.576122283935547,4.6623711585998535,4.425968170166016,4.588938236236572,4.535396575927734,4.416214942932129,3.493633985519409,3.228794813156128,2.892303228378296,2.9029455184936523,2.595456123352051,2.253051280975342,2.1883537769317627,1.9634400606155396,1.599899411201477,1.497965693473816,1.1403335332870483,1.1358227729797363,0.7913632988929749,0.9007463455200195,1.0391619205474854,2.053457498550415,2.2864885330200195,2.491724729537964,2.741429328918457,2.8714029788970947,3.0136096477508545,2.9923059940338135,3.0007331371307373,2.882946491241455,2.8008511066436768,2.9245667457580566,2.8797340393066406,2.694819688796997,2.888613224029541,2.794449806213379,2.179607391357422,2.1957221031188965,2.2570910453796387,2.187309503555298,2.213536262512207,2.2502381801605225,2.2278339862823486,2.2611799240112305,2.2328591346740723,2.48158860206604,2.431950330734253,2.7343759536743164,2.793987512588501,3.0822229385375977,3.360222578048706
A6,1.4476003646850586,1.125563383102417,0.8889191150665283,0.5811212658882141,0.38417333364486694,0.0,0.37877538800239563,0.5223504900932312,0.8631042242050171,1.0559513568878174,1.3676892518997192,1.5959727764129639,1.9010705947875977,2.148308515548706,2.403517723083496,3.9341790676116943,4.253315448760986,4.4737958908081055,4.6275715827941895,4.717327117919922,4.820815086364746,4.805997371673584,4.648016929626465,4.5524983406066895,4.289162635803223,4.360093116760254,4.1190104484558105,4.269486904144287,4.20225191116333,4.069738864898682,3.158557653427124,2.911203384399414,2.5759267807006836,2.614708185195923,2.327202796936035,1.981472373008728,1.9641575813293457,1.7351348400115967,1.377126693725586,1.359732985496521,1.0047197341918945,1.1336580514907837,0.8698459267616272,1.0902814865112305,1.2397418022155762,2.1552910804748535,2.3493435382843018,2.601109743118286,2.8260319232940674,2.9761343002319336,3.1575114727020264,3.1440813541412354,3.190786838531494,3.0730931758880615,3.031325340270996,3.1490697860717773,3.0917797088623047,2.9204447269439697,3.082292079925537,2.956700086593628,2.2622852325439453,2.288282871246338,2.2929298877716064,2.1803383827209473,2.145249366760254,2.1400511264801025,2.0629258155822754,2.0599963665008545,1.9877300262451172,2.2093095779418945,2.11918568611145,2.4119369983673096,2.444140672683716,2.737994432449341,3.003911256790161
A7,1.6965510845184326,1.423609972000122,1.1269131898880005,0.9015012383460999,0.5822432637214661,0.37877538800239563,0.0,0.39590394496917725,0.587599515914917,0.8807747960090637,1.1584491729736328,1.43474280834198,1.7319657802581787,2.001570463180542,2.273190975189209,3.79858136177063,4.1213788986206055,4.320559501647949,4.451919078826904,4.518857479095459,4.601028919219971,4.564635753631592,4.386906147003174,4.282209396362305,4.006706237792969,4.087188243865967,3.847381114959717,4.012524127960205,3.966256856918335,3.8589603900909424,3.005784034729004,2.7441866397857666,2.3930084705352783,2.435312032699585,2.1298136711120605,1.7730580568313599,1.709702491760254,1.4421991109848022,1.1014764308929443,1.0431896448135376,0.7297766208648682,0.8849642872810364,0.6609765887260437,0.977691113948822,1.2115635871887207,2.310871124267578,2.5290534496307373,2.773848533630371,3.0239977836608887,3.204716444015503,3.392656087875366,3.4099409580230713,3.460963487625122,3.368563652038574,3.319770336151123,3.4594149589538574,3.421226739883423,3.2516613006591797,3.4309749603271484,3.3172786235809326,2.57312273979187,2.56192946434021,2.5490150451660156,2.4029183387756348,2.3778035640716553,2.324028491973877,2.255640983581543,2.195504665374756,2.14005970954895,2.3090732097625732,2.1954376697540283,2.504678249359131,2.506199598312378,2.8301913738250732,3.08296275138855
A8,1.9564237594604492,1.6375386714935303,1.3817050457000732,1.0845487117767334,0.8351649045944214,0.5223504900932312,0.39590394496917725,0.0,0.3842754065990448,0.5534526109695435,0.8453786969184875,1.0909812450408936,1.3880614042282104,1.6507548093795776,1.909003734588623,3.4523119926452637,3.7695188522338867,3.9774727821350098,4.12013578414917,4.2059407234191895,4.303055763244629,4.289021015167236,4.13285493850708,4.046235084533691,3.790984630584717,3.87394642829895,3.6479883193969727,3.8130533695220947,3.7604284286499023,3.6414198875427246,2.8896865844726562,2.666694164276123,2.31587553024292,2.417496919631958,2.1482112407684326,1.7904032468795776,1.789486289024353,1.4999343156814575,1.2027549743652344,1.2407253980636597,0.9867623448371887,1.227808952331543,1.0478116273880005,1.3733631372451782,1.6007767915725708,2.5994038581848145,2.782928943634033,3.0540387630462646,3.2756893634796143,3.4466683864593506,3.647758722305298,3.6444478034973145,3.7043850421905518,3.58679461479187,3.550945520401001,3.6607351303100586,3.5894839763641357,3.405378580093384,3.5462183952331543,3.3941593170166016,2.4908337593078613,2.4678571224212646,2.399198055267334,2.2109251022338867,2.144589900970459,2.047067642211914,1.950542688369751,1.8539661169052124,1.787826657295227,1.9307093620300293,1.80970299243927,2.126347780227661,2.134458065032959,2.467635154724121,2.7308404445648193
A9,2.2654922008514404,1.9737868309020996,1.6852370500564575,1.427672266960144,1.1285151243209839,0.8631042242050171,0.587599515914917,0.3842754065990448,0.0,0.3947242498397827,0.5859638452529907,0.8951601982116699,1.1709582805633545,1.456894874572754,1.7302275896072388,3.254239797592163,3.573227882385254,3.757812023162842,3.8770182132720947,3.940349817276001,4.01669454574585,3.983018636703491,3.8094546794891357,3.716390609741211,3.4520888328552246,3.54665207862854,3.3259713649749756,3.5081329345703125,3.478360652923584,3.386000394821167,2.736721992492676,2.511909246444702,2.1490235328674316,2.2714149951934814,1.9998127222061157,1.6408419609069824,1.608539342880249,1.274159550666809,1.042891025543213,1.0751539468765259,0.9362437129020691,1.2044870853424072,1.103710651397705,1.4676780700683594,1.7399654388427734,2.8356099128723145,3.0316126346588135,3.299914598464966,3.5367496013641357,3.7313945293426514,3.9401087760925293,3.9595999717712402,4.025156497955322,3.925199270248413,3.886305570602417,4.010784149169922,3.951392889022827,3.7677996158599854,3.918713331222534,3.7721245288848877,2.821113348007202,2.767956256866455,2.679420232772827,2.4609673023223877,2.399007558822632,2.253675937652588,2.1633007526397705,2.0078508853912354,1.9581414461135864,2.033743381500244,1.8882701396942139,2.211176633834839,2.1844489574432373,2.5429906845092773,2.7869303226470947
A10,2.5021493434906006,2.1738297939300537,1.9324233531951904,1.6229901313781738,1.3865866661071777,1.0559513568878174,0.8807747960090637,0.5534526109695435,0.3947242498397827,0.0,0.39058831334114075,0.5602706670761108,0.896905779838562,1.125333547592163,1.4194488525390625,2.9181530475616455,3.2412478923797607,3.4452011585235596,3.588038921356201,3.6655237674713135,3.7692551612854004,3.7551913261413574,3.606943368911743,3.5187273025512695,3.271821975708008,3.3472583293914795,3.1269052028656006,3.290712594985962,3.2379703521728516,3.1200220584869385,2.5171642303466797,2.334017276763916,1.983661413192749,2.15806245803833,1.9356008768081665,1.5938804149627686,1.6476263999938965,1.3381608724594116,1.156140923500061,1.3036822080612183,1.187477707862854,1.5143228769302368,1.4471290111541748,1.8078672885894775,2.0481998920440674,3.0039477348327637,3.1604671478271484,3.457693338394165,3.6634092330932617,3.8565356731414795,4.086704730987549,4.097424030303955,4.184950828552246,4.073333740234375,4.061785697937012,4.169776439666748,4.091609477996826,3.9137089252471924,4.032413482666016,3.8579518795013428,2.8576061725616455,2.8193533420562744,2.6878578662872314,2.445488214492798,2.3264949321746826,2.149789810180664,2.005380868911743,1.81662917137146,1.718785285949707,1.7500635385513306,1.5586717128753662,1.8631231784820557,1.808273196220398,2.170809745788574,2.4040818214416504
A11,2.790834665298462,2.4745218753814697,2.2087717056274414,1.9199700355529785,1.657470941543579,1.3676892518997192,1.1584491729736328,0.8453786969184875,0.5859638452529907,0.39058831334114075,0.0,0.37985703349113464,0.586778461933136,0.8999202847480774,1.15385901927948,2.6993675231933594,3.0085809230804443,3.1874897480010986,3.305424928665161,3.3834235668182373,3.467146635055542,3.4562559127807617,3.3056790828704834,3.2403862476348877,3.005901336669922,3.11556339263916,2.926745653152466,3.1218152046203613,3.1013994216918945,3.0131540298461914,2.624152660369873,2.4652442932128906,2.116098165512085,2.3276000022888184,2.1214559078216553,1.793950080871582,1.8244235515594482,1.4842063188552856,1.3777521848678589,1.4915002584457397,1.447259783744812,1.7472045421600342,1.6820913553237915,2.0488364696502686,2.3248403072357178,3.368438243865967,3.5372936725616455,3.826711416244507,4.041697025299072,4.2343220710754395,4.457038879394531,4.464375019073486,4.539314270019531,4.421057224273682,4.392183780670166,4.491965293884277,4.404056549072266,4.205902576446533,4.320937156677246,4.138666152954102,3.0119359493255615,2.929973840713501,2.76977276802063,2.493267774581909,2.38775372505188,2.1608664989471436,2.0450258255004883,1.8010432720184326,1.7565854787826538,1.723752737045288,1.556341528892517,1.8791992664337158,1.8366780281066895,2.216876268386841,2.454488515853882
A12,3.035550594329834,2.695674180984497,2.4655401706695557,2.144993782043457,1.9240764379501343,1.5959727764129639,1.43474280834198,1.0909812450408936,0.8951601982116699,0.5602706670761108,0.37985703349113464,0.0,0.3844381868839264,0.567192792892456,0.8716598749160767,2.371314525604248,2.6884896755218506,2.888996124267578,3.0336058139801025,3.1231014728546143,3.237649440765381,3.2450203895568848,3.1214938163757324,3.0573506355285645,2.8413820266723633,2.9253034591674805,2.735585927963257,2.9072067737579346,2.8612563610076904,2.7462210655212402,2.41975998878479,2.307771682739258,1.9821102619171143,2.2390453815460205,2.0866050720214844,1.7903685569763184,1.8920011520385742,1.5909074544906616,1.5262713432312012,1.7160475254058838,1.6823657751083374,2.020373821258545,1.982835054397583,2.349966526031494,2.6008825302124023,3.5309054851531982,3.6668007373809814,3.9784457683563232,4.167428016662598,4.361520767211914,4.603573799133301,4.608041286468506,4.704402923583984,4.581309795379639,4.578279495239258,4.668447971343994,4.569498062133789,4.381560802459717,4.4717817306518555,4.26981258392334,3.133143901824951,3.0699777603149414,2.878304958343506,2.5889668464660645,2.4321401119232178,2.1832141876220703,2.0145885944366455,1.7425369024276733,1.644591212272644,1.5495598316192627,1.323072910308838,1.6085593700408936,1.5194482803344727,1.9018378257751465,2.1161649227142334
A13,3.3196589946746826,2.9851105213165283,2.742978811264038,2.433553457260132,2.202974796295166,1.9010705947875977,1.7319657802581787,1.3880614042282104,1.1709582805633545,0.896905779838562,0.586778461933136,0.3844381868839264,0.0,0.39403510093688965,0.5745192766189575,2.1511003971099854,2.445828914642334,2.623828411102295,2.747864007949829,2.851252555847168,2.952387809753418,2.977431535720825,2.864915132522583,2.8373425006866455,2.649036169052124,2.769739866256714,2.6237335205078125,2.8235201835632324,2.8077614307403564,2.7189013957977295,2.625088930130005,2.5442428588867188,2.231950044631958,2.5144574642181396,2.3804562091827393,2.10050368309021,2.18601393699646,1.8723227977752686,1.8457261323928833,2.0061686038970947,2.0017778873443604,2.317894697189331,2.2683448791503906,2.6355810165405273,2.9086079597473145,3.8959624767303467,4.039396286010742,4.346058368682861,4.5392537117004395,4.7274885177612305,4.961830139160156,4.957136631011963,5.041164398193359,4.906735897064209,4.8891777992248535,4.966438293457031,4.853744983673096,4.646390914916992,4.727489948272705,4.514697551727295,3.263585090637207,3.164287567138672,2.9441545009613037,2.627452850341797,2.4792590141296387,2.1875011920928955,2.04597544670105,1.7287046909332275,1.685650110244751,1.5247619152069092,1.3412362337112427,1.629266381263733,1.568712830543518,1.9499292373657227,2.1687679290771484
A14,3.5796005725860596,3.229480504989624,3.0140609741210938,2.683361053466797,2.4794857501983643,2.148308515548706,2.001570463180542,1.6507548093795776,1.456894874572754,1.125333547592163,0.8999202847480774,0.567192792892456,0.39403510093688965,0.0,0.3793913722038269,1.81240713596344,2.123626232147217,2.327150583267212,2.4831764698028564,2.5914015769958496,2.7290093898773193,2.7681221961975098,2.684117317199707,2.6495420932769775,2.4797894954681396,2.5633225440979004,2.4131736755371094,2.5814032554626465,2.5360851287841797,2.4188311100006104,2.4079372882843018,2.378441333770752,2.1010749340057373,2.419667959213257,2.3416707515716553,2.1024932861328125,2.244903564453125,1.9752832651138306,1.9871187210083008,2.2048208713531494,2.214527130126953,2.5604536533355713,2.5431063175201416,2.9123411178588867,3.1638262271881104,4.051656723022461,4.166081428527832,4.491015434265137,4.661958694458008,4.856262683868408,5.110229969024658,5.109619617462158,5.216820240020752,5.084896564483643,5.093724727630615,5.168886184692383,5.053037643432617,4.861165523529053,4.924932479858398,4.699954032897949,3.4775283336639404,3.4019551277160645,3.1636717319488525,2.8456363677978516,2.6544389724731445,2.3564293384552,2.166198968887329,1.8397666215896606,1.7377598285675049,1.5183265209197998,1.2700196504592896,1.4827910661697388,1.3492611646652222,1.7174623012542725,1.88808274269104
A15,3.807553768157959,3.455615520477295,3.2424073219299316,2.913576364517212,2.7177164554595947,2.403517723083496,2.273190975189209,1.909003734588623,1.7302275896072388,1.4194488525390625,1.15385901927948,0.8716598749160767,0.5745192766189575,0.3793913722038269,0.0,1.6438589096069336,1.917782187461853,2.112727165222168,2.264146089553833,2.412177085876465,2.552042007446289,2.6325645446777344,2.5816080570220947,2.598897695541382,2.4757375717163086,2.59079647064209,2.492278575897217,2.6756632328033447,2.64965558052063,2.5462474822998047,2.718221664428711,2.7161848545074463,2.453861951828003,2.7825570106506348,2.7147488594055176,2.479896306991577,2.615247964859009,2.3362975120544434,2.3458714485168457,2.542243242263794,2.5452237129211426,2.876389980316162,2.83158802986145,3.197772264480591,3.4601380825042725,4.372178554534912,4.487691402435303,4.810412883758545,4.978447914123535,5.158769607543945,5.403692722320557,5.385418891906738,5.479787349700928,5.3297200202941895,5.327194690704346,5.38214635848999,5.246526718139648,5.0358500480651855,5.082359313964844,4.841958999633789,3.5164551734924316,3.4151477813720703,3.148240327835083,2.811002016067505,2.6193463802337646,2.289518117904663,2.1185638904571533,1.7629311084747314,1.707122802734375,1.4307218790054321,1.242704153060913,1.443287968635559,1.365230679512024,1.710450530052185,1.895431637763977
B1,5.356524467468262,4.990495204925537,4.805071830749512,4.457669258117676,4.2799811363220215,3.9341790676116943,3.79858136177063,3.4523119926452637,3.254239797592163,2.9181530475616455,2.6993675231933594,2.371314525604248,2.1511003971099854,1.81240713596344,1.6438589096069336,0.0,0.3621000647544861,0.6372895240783691,0.9389006495475769,1.116693377494812,1.430872917175293,1.6220080852508545,1.7755305767059326,1.8457589149475098,1.9292341470718384,1.9237987995147705,1.9624145030975342,2.0185773372650146,1.9597830772399902,1.8534595966339111,2.8672478199005127,3.0593667030334473,2.972932815551758,3.3531177043914795,3.456355333328247,3.3765604496002197,3.584190607070923,3.4188685417175293,3.557650327682495,3.823436975479126,3.9084084033966064,4.270260334014893,4.311176776885986,4.682769775390625,4.923015117645264,5.682923793792725,5.743102550506592,6.095697402954102,6.2214741706848145,6.426476955413818,6.7157487869262695,6.71996545791626,6.866544246673584,6.732028961181641,6.782348155975342,6.838693141937256,6.701097011566162,6.521064281463623,6.533598899841309,6.270227432250977,4.983650207519531,4.906990051269531,4.60170841217041,4.262640953063965,4.014894485473633,3.6756815910339355,3.456112861633301,3.1102185249328613,2.993920087814331,2.630373239517212,2.4146928787231445,2.353097915649414,2.1420810222625732,2.2651920318603516,2.182655096054077
B2,5.668857574462891,5.301694869995117,5.116698265075684,4.7696638107299805,4.593893051147461,4.253315448760986,4.1213788986206055,3.7695188522338867,3.573227882385254,3.2412478923797607,3.0085809230804443,2.6884896755218506,2.445828914642334,2.123626232147217,1.917782187461853,0.3621000647544861,0.0,0.35737115144729614,0.713522732257843,0.96705162525177,1.3059993982315063,1.5624374151229858,1.7805474996566772,1.9070618152618408,2.0542423725128174,2.064391851425171,2.158311605453491,2.212254524230957,2.1747217178344727,2.093167781829834,3.203244209289551,3.405970811843872,3.328150987625122,3.707958936691284,3.8147900104522705,3.736537218093872,3.9396066665649414,3.7692933082580566,3.9081153869628906,4.166384220123291,4.250927448272705,4.608805179595947,4.640829086303711,5.01296329498291,5.258973598480225,6.031220436096191,6.0911102294921875,6.443910121917725,6.567678451538086,6.767303466796875,7.053966045379639,7.05061149597168,7.19280481338501,7.050034999847412,7.096523761749268,7.143101692199707,6.995732307434082,6.807601451873779,6.8102312088012695,6.538735866546631,5.209160327911377,5.121590614318848,4.804198741912842,4.460829734802246,4.214690208435059,3.8677420616149902,3.660005569458008,3.3128952980041504,3.216205596923828,2.8406925201416016,2.6566507816314697,2.5805366039276123,2.397891044616699,2.4911999702453613,2.403827667236328
B3,5.898204803466797,5.538921356201172,5.336610317230225,4.999642372131348,4.805143356323242,4.4737958908081055,4.320559501647949,3.9774727821350098,3.757812023162842,3.4452011585235596,3.1874897480010986,2.888996124267578,2.623828411102295,2.327150583267212,2.112727165222168,0.6372895240783691,0.35737115144729614,0.0,0.36418047547340393,0.6470823884010315,0.983409583568573,1.2743358612060547,1.5310008525848389,1.7035847902297974,1.9026074409484863,1.9417654275894165,2.0948314666748047,2.1699793338775635,2.1812918186187744,2.155991315841675,3.3953652381896973,3.5930590629577637,3.5155203342437744,3.8920252323150635,3.9952735900878906,3.921761989593506,4.102484703063965,3.9260153770446777,4.084352970123291,4.325577259063721,4.432589054107666,4.779824256896973,4.818854808807373,5.192333698272705,5.451315879821777,6.27709436416626,6.350107669830322,6.697724342346191,6.833978652954102,7.0404052734375,7.324643611907959,7.327492713928223,7.4645304679870605,7.325693607330322,7.362350940704346,7.414526462554932,7.27094030380249,7.0760698318481445,7.0879340171813965,6.820722579956055,5.460513591766357,5.355663299560547,5.038731098175049,4.688940525054932,4.460193157196045,4.104474067687988,3.917515516281128,3.561523914337158,3.489605665206909,3.1138436794281006,2.9440510272979736,2.8925042152404785,2.7212932109832764,2.8311617374420166,2.7555878162384033
B4,6.056437015533447,5.707330226898193,5.4857892990112305,5.161565780639648,4.9467692375183105,4.6275715827941895,4.451919078826904,4.12013578414917,3.8770182132720947,3.588038921356201,3.305424928665161,3.0336058139801025,2.747864007949829,2.4831764698028564,2.264146089553833,0.9389006495475769,0.713522732257843,0.36418047547340393,0.0,0.37241294980049133,0.6550107598304749,0.9853889346122742,1.270538568496704,1.4991161823272705,1.7431107759475708,1.8283611536026,2.037762403488159,2.147400379180908,2.214662551879883,2.248351812362671,3.570666790008545,3.7539560794830322,3.6689634323120117,4.039547443389893,4.131804943084717,4.057714939117432,4.211332321166992,4.025105953216553,4.199840068817139,4.41945743560791,4.548051834106445,4.88131856918335,4.925622463226318,5.298863887786865,5.571674346923828,6.459035873413086,6.548418045043945,6.888725280761719,7.040282726287842,7.253269195556641,7.532940864562988,7.54217529296875,7.671614170074463,7.537200927734375,7.561207294464111,7.620115280151367,7.48164701461792,7.279054164886475,7.303068161010742,7.042341232299805,5.652847766876221,5.529464244842529,5.216033458709717,4.860642433166504,4.652865409851074,4.2896833419799805,4.1258134841918945,3.761486053466797,3.715731620788574,3.3435451984405518,3.187187671661377,3.166764974594116,3.0077545642852783,3.141960382461548,3.0858349800109863
B5,6.157199382781982,5.816320896148682,5.582638263702393,5.266541481018066,5.035597324371338,4.717327117919922,4.518857479095459,4.2059407234191895,3.940349817276001,3.6655237674713135,3.3834235668182373,3.1231014728546143,2.851252555847168,2.5914015769958496,2.412177085876465,1.116693377494812,0.96705162525177,0.6470823884010315,0.37241294980049133,0.0,0.36736515164375305,0.6510804891586304,0.958590030670166,1.1756805181503296,1.4526126384735107,1.5248630046844482,1.7697871923446655,1.877585768699646,1.9785550832748413,2.0596203804016113,3.481895923614502,3.666246175765991,3.597094774246216,3.95845365524292,4.061001777648926,4.009744167327881,4.150374412536621,3.980269193649292,4.184597969055176,4.400271415710449,4.558111667633057,4.885695934295654,4.956333637237549,5.328095436096191,5.601814270019531,6.500969886779785,6.595616817474365,6.93255090713501,7.092038154602051,7.319967746734619,7.605050563812256,7.632150650024414,7.768514156341553,7.650251388549805,7.67670202255249,7.752720832824707,7.629733562469482,7.43538236618042,7.4753899574279785,7.2260284423828125,5.870079517364502,5.748442649841309,5.446552276611328,5.09190559387207,4.891225337982178,4.530734062194824,4.365824222564697,3.9991650581359863,3.9460325241088867,3.5835916996002197,3.405095338821411,3.3987505435943604,3.2146224975585938,3.366250514984131,3.2988340854644775
B6,6.25641393661499,5.927967071533203,5.675643444061279,5.374702453613281,5.124359607696533,4.820815086364746,4.601028919219971,4.303055763244629,4.01669454574585,3.7692551612854004,3.467146635055542,3.237649440765381,2.952387809753418,2.7290093898773193,2.552042007446289,1.430872917175293,1.3059993982315063,0.983409583568573,0.6550107598304749,0.36736515164375305,0.0,0.3711227476596832,0.7026299238204956,0.9978089928627014,1.3144904375076294,1.4535818099975586,1.7496055364608765,1.9025828838348389,2.063408851623535,2.2012181282043457,3.644956111907959,3.807131052017212,3.726029634475708,4.0767388343811035,4.162848949432373,4.108133792877197,4.218205451965332,4.03806209564209,4.255344390869141,4.445876598358154,4.623713970184326,4.933843612670898,5.0091753005981445,5.377797603607178,5.663854598999023,6.6232452392578125,6.735287189483643,7.062908172607422,7.2384796142578125,7.4723334312438965,7.751276969909668,7.785078048706055,7.9127678871154785,7.799884796142578,7.8128557205200195,7.896542072296143,7.780186653137207,7.578976154327393,7.632802486419678,7.391912937164307,6.015846252441406,5.877460956573486,5.582397937774658,5.224654674530029,5.045833110809326,4.681283473968506,4.538565158843994,4.166637420654297,4.137024879455566,3.782306432723999,3.6154160499572754,3.6401591300964355,3.467965602874756,3.6443545818328857,3.5985801219940186
B7,6.24163818359375,5.924232006072998,5.659895420074463,5.3703179359436035,5.104522705078125,4.805997371673584,4.564635753631592,4.289021015167236,3.983018636703491,3.7551913261413574,3.4562559127807617,3.2450203895568848,2.977431535720825,2.7681221961975098,2.6325645446777344,1.6220080852508545,1.5624374151229858,1.2743358612060547,0.9853889346122742,0.6510804891586304,0.3711227476596832,0.0,0.3630683124065399,0.6550919413566589,0.9998679161071777,1.1530466079711914,1.481942057609558,1.6545770168304443,1.8609904050827026,2.0501832962036133,3.522322654724121,3.67240571975708,3.597836971282959,3.933915376663208,4.020627021789551,3.982490062713623,4.073455333709717,3.9061899185180664,4.148087501525879,4.329085350036621,4.533583641052246,4.833556175231934,4.932562351226807,5.296659469604492,5.582920074462891,6.557244777679443,6.677131652832031,6.998366355895996,7.183699607849121,7.430723190307617,7.711896896362305,7.762678623199463,7.894338607788086,7.79755973815918,7.8104143142700195,7.911229610443115,7.811171054840088,7.617728233337402,7.689169406890869,7.461699485778809,6.124178409576416,5.987732410430908,5.707217693328857,5.352366924285889,5.183080196380615,4.823861598968506,4.68213415145874,4.310434341430664,4.275458335876465,3.9349939823150635,3.74967098236084,3.7937378883361816,3.603426456451416,3.801457166671753,3.7550899982452393
B8,6.074708461761475,5.770244121551514,5.492498397827148,5.217235088348389,4.935882091522217,4.648016929626465,4.386906147003174,4.13285493850708,3.8094546794891357,3.606943368911743,3.3056790828704834,3.1214938163757324,2.864915132522583,2.684117317199707,2.5816080570220947,1.7755305767059326,1.7805474996566772,1.5310008525848389,1.270538568496704,0.958590030670166,0.7026299238204956,0.3630683124065399,0.0,0.3703954517841339,0.692721962928772,0.9263243079185486,1.2643482685089111,1.493131399154663,1.7455507516860962,1.974017858505249,3.391306161880493,3.5130486488342285,3.4258902072906494,3.7471630573272705,3.8179309368133545,3.78001070022583,3.844841957092285,3.67685866355896,3.9327502250671387,4.095974445343018,4.320296764373779,4.605921745300293,4.718381404876709,5.076991558074951,5.3668622970581055,6.373068332672119,6.5058512687683105,6.8178606033325195,7.016136169433594,7.271366596221924,7.549076557159424,7.611420631408691,7.74009370803833,7.654909133911133,7.661254405975342,7.775428295135498,7.688704013824463,7.497959613800049,7.586783409118652,7.372802257537842,6.061859607696533,5.922672271728516,5.657644748687744,5.306241035461426,5.152313232421875,4.798732757568359,4.665812015533447,4.295405387878418,4.264849662780762,3.9422872066497803,3.749399423599243,3.8231124877929688,3.628934144973755,3.855726718902588,3.8260891437530518
B9,5.977515697479248,5.677863597869873,5.400824069976807,5.128749370574951,4.844531536102295,4.5524983406066895,4.282209396362305,4.046235084533691,3.716390609741211,3.5187273025512695,3.2403862476348877,3.0573506355285645,2.8373425006866455,2.6495420932769775,2.598897695541382,1.8457589149475098,1.9070618152618408,1.7035847902297974,1.4991161823272705,1.1756805181503296,0.9978089928627014,0.6550919413566589,0.3703954517841339,0.0,0.3725486397743225,0.5661916732788086,0.9187005758285522,1.1524102687835693,1.4315515756607056,1.6932512521743774,3.1146349906921387,3.235156297683716,3.165771961212158,3.474536895751953,3.558767557144165,3.546158790588379,3.609971761703491,3.4685018062591553,3.7460720539093018,3.9171652793884277,4.1593708992004395,4.445321559906006,4.584438323974609,4.938686370849609,5.217795372009277,6.192281246185303,6.321083068847656,6.631831169128418,6.829508304595947,7.096206188201904,7.381031036376953,7.459170341491699,7.599299907684326,7.529995918273926,7.546699047088623,7.675796985626221,7.6041035652160645,7.4285969734191895,7.528061389923096,7.324409484863281,6.079277038574219,5.955681324005127,5.703768253326416,5.359611988067627,5.201303005218506,4.858850002288818,4.71160364151001,4.347764492034912,4.294182777404785,3.9856677055358887,3.7647976875305176,3.839370012283325,3.6179006099700928,3.851557970046997,3.807861804962158
B10,5.70303201675415,5.412662982940674,5.130443096160889,4.867868900299072,4.576122283935547,4.289162635803223,4.006706237792969,3.790984630584717,3.4520888328552246,3.271821975708008,3.005901336669922,2.8413820266723633,2.649036169052124,2.4797894954681396,2.4757375717163086,1.9292341470718384,2.0542423725128174,1.9026074409484863,1.7431107759475708,1.4526126384735107,1.3144904375076294,0.9998679161071777,0.692721962928772,0.3725486397743225,0.0,0.38620322942733765,0.6581364274024963,0.9671413898468018,1.2698923349380493,1.547106385231018,2.8525643348693848,2.9452855587005615,2.864502429962158,3.159846067428589,3.2321925163269043,3.222231864929199,3.270293951034546,3.135049343109131,3.4245448112487793,3.589124917984009,3.8454155921936035,4.1241374015808105,4.27877140045166,4.627772808074951,4.9032464027404785,5.880640983581543,6.015427589416504,6.32006311416626,6.52456521987915,6.798008441925049,7.081989288330078,7.1705708503723145,7.311986446380615,7.254032611846924,7.270609378814697,7.41176176071167,7.3528971672058105,7.185105323791504,7.298000335693359,7.1065897941589355,5.9099860191345215,5.793370246887207,5.557791233062744,5.22130012512207,5.070267677307129,4.739200592041016,4.591237545013428,4.234680652618408,4.173748970031738,3.8866446018218994,3.651756525039673,3.746978521347046,3.516633987426758,3.771914482116699,3.739476442337036
B11,5.776585102081299,5.480188369750977,5.2131876945495605,4.941064357757568,4.6623711585998535,4.360093116760254,4.087188243865967,3.87394642829895,3.54665207862854,3.3472583293914795,3.11556339263916,2.9253034591674805,2.769739866256714,2.5633225440979004,2.59079647064209,1.9237987995147705,2.064391851425171,1.9417654275894165,1.8283611536026,1.5248630046844482,1.4535818099975586,1.1530466079711914,0.9263243079185486,0.5661916732788086,0.38620322942733765,0.0,0.37487927079200745,0.6061849594116211,0.919077455997467,1.2225561141967773,2.6262433528900146,2.752351999282837,2.7162601947784424,3.0092391967773438,3.1220085620880127,3.1509971618652344,3.2276649475097656,3.1334831714630127,3.4363975524902344,3.6305179595947266,3.8884947299957275,4.1813764572143555,4.356984615325928,4.704202175140381,4.960437297821045,5.8588337898254395,5.974423885345459,6.2864909172058105,6.476476669311523,6.75703763961792,7.054068565368652,7.152314186096191,7.3121161460876465,7.263853549957275,7.300752639770508,7.44813871383667,7.395848274230957,7.245485782623291,7.354918956756592,7.163813591003418,6.026551723480225,5.9320502281188965,5.698086261749268,5.367617607116699,5.1968092918396,4.874472141265869,4.700774669647217,4.351738452911377,4.2580742835998535,3.9718894958496094,3.7096004486083984,3.7765402793884277,3.5147383213043213,3.7498741149902344,3.681793689727783
B12,5.52484655380249,5.2306599617004395,4.970994472503662,4.699377536773682,4.425968170166016,4.1190104484558105,3.847381114959717,3.6479883193969727,3.3259713649749756,3.1269052028656006,2.926745653152466,2.735585927963257,2.6237335205078125,2.4131736755371094,2.492278575897217,1.9624145030975342,2.158311605453491,2.0948314666748047,2.037762403488159,1.7697871923446655,1.7496055364608765,1.481942057609558,1.2643482685089111,0.9187005758285522,0.6581364274024963,0.37487927079200745,0.0,0.36248576641082764,0.6620840430259705,0.9642500281333923,2.266167640686035,2.3853254318237305,2.3575570583343506,2.6438863277435303,2.7666826248168945,2.812751293182373,2.8986358642578125,2.828500747680664,3.1404807567596436,3.349107503890991,3.610665798187256,3.9083714485168457,4.101170539855957,4.443779945373535,4.6857709884643555,5.5399556159973145,5.64884614944458,5.961358070373535,6.147323131561279,6.433475017547607,6.735561847686768,6.842803955078125,7.011667728424072,6.973693370819092,7.020686149597168,7.177104473114014,7.135171890258789,6.998545169830322,7.113610744476318,6.930446147918701,5.859840393066406,5.782958507537842,5.561967849731445,5.241980075836182,5.066054821014404,4.7587785720825195,4.571735382080078,4.23492431640625,4.1193156242370605,3.8524696826934814,3.5685441493988037,3.6369688510894775,3.3566088676452637,3.597525119781494,3.5246920585632324
B13,5.66948938369751,5.369325637817383,5.126862049102783,4.8461833000183105,4.588938236236572,4.269486904144287,4.012524127960205,3.8130533695220947,3.5081329345703125,3.290712594985962,3.1218152046203613,2.9072067737579346,2.8235201835632324,2.5814032554626465,2.6756632328033447,2.0185773372650146,2.212254524230957,2.1699793338775635,2.147400379180908,1.877585768699646,1.9025828838348389,1.6545770168304443,1.493131399154663,1.1524102687835693,0.9671413898468018,0.6061849594116211,0.36248576641082764,0.0,0.3483723998069763,0.6993755102157593,2.133193016052246,2.2974023818969727,2.3249189853668213,2.605868101119995,2.7735636234283447,2.8589258193969727,2.9766793251037598,2.947087526321411,3.262624740600586,3.497624635696411,3.7532718181610107,4.062382221221924,4.268723011016846,4.607650279998779,4.830399990081787,5.601785182952881,5.689763069152832,6.009385585784912,6.178549289703369,6.468817234039307,6.782612323760986,6.896428108215332,7.0821733474731445,7.051119327545166,7.1174774169921875,7.2765936851501465,7.238256454467773,7.1169962882995605,7.225464820861816,7.040637016296387,6.019773483276367,5.962028980255127,5.740175724029541,5.425698757171631,5.231423377990723,4.931628227233887,4.722804546356201,4.393989562988281,4.251186847686768,3.983524799346924,3.6805384159088135,3.7175228595733643,3.4126315116882324,3.6265082359313965,3.5172481536865234
