,A1,A2,A3,A4,A5,A6,A7,A8,A9,A10,A11,A12,A13,A14,A15,B1,B2,B3,B4,B5,B6,B7,B8,B9,B10,B11,B12,B13,B14,B15,C1,C2,C3,C4,C5,C6,C7,C8,C9,C10,C11,C12,C13,C14,C15,D1,D2,D3,D4,D5,D6,D7,D8,D9,D10,D11,D12,D13,D14,D15,E1,E2,E3,E4,E5,E6,E7,E8,E9,E10,E11,E12,E13,E14,E15
A1,0.0,0.3874168395996094,0.6472951173782349,0.8576986193656921,1.0717352628707886,1.369437575340271,1.5684590339660645,1.7880239486694336,2.026392698287964,2.2800581455230713,2.5187366008758545,2.7433865070343018,3.0638937950134277,3.2086846828460693,3.2443978786468506,2.204547166824341,1.942354679107666,1.6020954847335815,1.531101107597351,1.2654885053634644,1.1682265996932983,1.0344289541244507,0.9020894765853882,0.8926077485084534,1.1490224599838257,1.2013856172561646,1.4046597480773926,1.645568609237671,1.7630882263183594,1.7379757165908813,2.492032527923584,2.450127363204956,2.8122475147247314,2.7987828254699707,3.0675251483917236,3.1477112770080566,3.44514799118042,3.433093309402466,3.7718889713287354,3.9644172191619873,3.9757368564605713,4.353214740753174,4.507366180419922,4.870722770690918,5.145826816558838,5.747105598449707,6.124032497406006,6.196237087249756,6.532641887664795,6.748047828674316,6.8193278312683105,6.918188571929932,6.84604024887085,6.788151741027832,6.743010520935059,6.560903549194336,6.309762954711914,6.077356338500977,5.744635105133057,5.3933820724487305,4.64860200881958,4.3929667472839355,4.557889938354492,4.420001983642578,4.500759601593018,4.794125556945801,4.923569202423096,5.140514373779297,5.498317241668701,5.665981769561768,6.0175557136535645,6.242365837097168,6.595515251159668,6.829714775085449,7.205990791320801
A2,0.3874168395996094,0.0,0.38274040818214417,0.6580866575241089,0.8176628351211548,1.1113917827606201,1.3307031393051147,1.492890477180481,1.7714526653289795,1.9862241744995117,2.2569661140441895,2.460357427597046,2.797659158706665,2.9407336711883545,3.0047824382781982,2.113901376724243,1.9015662670135498,1.584086537361145,1.5983387231826782,1.4024888277053833,1.3909956216812134,1.3284051418304443,1.2418605089187622,1.2346121072769165,1.4559478759765625,1.4785236120224,1.6168327331542969,1.7866413593292236,1.868407130241394,1.7886611223220825,2.223020315170288,2.141902446746826,2.4948854446411133,2.4568979740142822,2.722653865814209,2.8064563274383545,3.1173832416534424,3.129373550415039,3.470949411392212,3.6699700355529785,3.704338788986206,4.0796403884887695,4.256516933441162,4.6165995597839355,4.878565788269043,5.4067769050598145,5.781182765960693,5.8437886238098145,6.181164741516113,6.398953914642334,6.470892429351807,6.577596664428711,6.514774322509766,6.459127902984619,6.425894260406494,6.252475261688232,6.008305072784424,5.786357402801514,5.459619522094727,5.105894565582275,4.301144123077393,4.045084476470947,4.199809551239014,4.064462184906006,4.152151584625244,4.443447113037109,4.586429119110107,4.799794673919678,5.161085605621338,5.3308210372924805,5.681257247924805,5.911037445068359,6.259479999542236,6.501753807067871,6.8761796951293945
A3,0.6472951173782349,0.38274040818214417,0.0,0.36847665905952454,0.6286649703979492,0.8218347430229187,1.1057385206222534,1.2571218013763428,1.5439348220825195,1.7581417560577393,2.016096830368042,2.2494685649871826,2.5697028636932373,2.7522361278533936,2.8455729484558105,2.171677827835083,1.9972554445266724,1.7219388484954834,1.7455090284347534,1.5859947204589844,1.5631510019302368,1.484236240386963,1.3720872402191162,1.307525396347046,1.451959490776062,1.4417213201522827,1.5107710361480713,1.6064900159835815,1.689993977546692,1.610188603401184,1.9739694595336914,1.8852275609970093,2.2466745376586914,2.20361065864563,2.4509527683258057,2.5109081268310547,2.803938865661621,2.790738344192505,3.1284327507019043,3.321502923965454,3.343050956726074,3.7203478813171387,3.888892412185669,4.251011848449707,4.516890525817871,5.104725360870361,5.482409477233887,5.5582075119018555,5.893204689025879,6.107442378997803,6.181166172027588,6.279623031616211,6.2081732749938965,6.157024383544922,6.114329814910889,5.938337326049805,5.69527530670166,5.470212459564209,5.14193058013916,4.786918640136719,4.013432502746582,3.753469944000244,3.9246773719787598,3.7882230281829834,3.8727688789367676,4.175516128540039,4.306005001068115,4.536170482635498,4.888718605041504,5.071474552154541,5.415409564971924,5.6531219482421875,6.001217365264893,6.243869781494141,6.618231296539307
A4,0.8576986193656921,0.6580866575241089,0.36847665905952454,0.0,0.3713906407356262,0.5317504405975342,0.7912501692771912,1.0078805685043335,1.2436391115188599,1.5010172128677368,1.7198340892791748,1.9795339107513428,2.2785532474517822,2.471856117248535,2.552016258239746,1.9537326097488403,1.8034605979919434,1.5726096630096436,1.5992730855941772,1.490565538406372,1.4855444431304932,1.4419053792953491,1.3738454580307007,1.3386749029159546,1.4599201679229736,1.5060737133026123,1.5814650058746338,1.6551200151443481,1.79791259765625,1.770615577697754,2.1130948066711426,1.9887794256210327,2.3420896530151367,2.257188558578491,2.4600021839141846,2.4643540382385254,2.7409870624542236,2.700338125228882,3.0192370414733887,3.179297685623169,3.1733345985412598,3.5429370403289795,3.6904666423797607,4.049257755279541,4.33151912689209,4.968066215515137,5.347774505615234,5.443568706512451,5.785091876983643,6.011153697967529,6.104513168334961,6.209259986877441,6.141979217529297,6.110698223114014,6.06902551651001,5.902356147766113,5.672562122344971,5.454048156738281,5.1300435066223145,4.771482467651367,3.9564523696899414,3.673346757888794,3.8362042903900146,3.6709423065185547,3.7241523265838623,4.018036365509033,4.120450496673584,4.347049713134766,4.695685863494873,4.867519378662109,5.21567964553833,5.440577030181885,5.796995639801025,6.024749755859375,6.40187406539917
A5,1.0717352628707886,0.8176628351211548,0.6286649703979492,0.3713906407356262,0.0,0.3787006139755249,0.5132833123207092,0.7257046103477478,0.9601831436157227,1.2117239236831665,1.450547695159912,1.6769088506698608,1.9961563348770142,2.156794548034668,2.2271814346313477,1.662390947341919,1.558217167854309,1.366385579109192,1.4674620628356934,1.437347173690796,1.51992928981781,1.5638606548309326,1.5736680030822754,1.606416940689087,1.761958122253418,1.8480802774429321,1.9443376064300537,2.019233226776123,2.164578676223755,2.127506971359253,2.2387027740478516,2.0554022789001465,2.382941246032715,2.2421908378601074,2.4176995754241943,2.3979740142822266,2.690272092819214,2.6756811141967773,2.9831302165985107,3.126342535018921,3.133913040161133,3.490345001220703,3.651144027709961,3.9996912479400635,4.277465343475342,4.824705600738525,5.200571060180664,5.292400360107422,5.642836570739746,5.884843826293945,5.994384288787842,6.1195807456970215,6.072705268859863,6.056646823883057,6.035756587982178,5.887807846069336,5.675205707550049,5.4752888679504395,5.162572860717773,4.800639629364014,3.864008665084839,3.5636987686157227,3.693129301071167,3.5052034854888916,3.5398967266082764,3.8127951622009277,3.9155995845794678,4.119326114654541,4.476688385009766,4.628482341766357,4.985828399658203,5.19685697555542,5.556715965270996,5.778931140899658,6.157029628753662
A6,1.369437575340271,1.1113917827606201,0.8218347430229187,0.5317504405975342,0.3787006139755249,0.0,0.3610786497592926,0.5051550269126892,0.7494272589683533,0.9850131869316101,1.2054812908172607,1.4699335098266602,1.7649098634719849,1.9773825407028198,2.0924479961395264,1.85153329372406,1.8001691102981567,1.6623668670654297,1.7680121660232544,1.7630280256271362,1.8291246891021729,1.8524198532104492,1.8362914323806763,1.8245596885681152,1.9191762208938599,1.9723366498947144,2.007375955581665,2.010922431945801,2.1462059020996094,2.1060268878936768,2.0697081089019775,1.868187427520752,2.1833279132843018,2.0253238677978516,2.164642810821533,2.107297420501709,2.3767249584198,2.337157964706421,2.634605884552002,2.7659943103790283,2.7619216442108154,3.118055582046509,3.2736599445343018,3.622974395751953,3.9033734798431396,4.498815059661865,4.8773345947265625,4.982055187225342,5.330312728881836,5.569788455963135,5.682501792907715,5.801441669464111,5.748483657836914,5.738927841186523,5.711557865142822,5.564239978790283,5.356168270111084,5.157050132751465,4.8461127281188965,4.483842849731445,3.5630979537963867,3.2568840980529785,3.3991637229919434,3.207573652267456,3.2363970279693604,3.5197737216949463,3.609264850616455,3.8300843238830566,4.178272724151611,4.343808174133301,4.694033145904541,4.913882255554199,5.272626876831055,5.4962873458862305,5.873957633972168
A7,1.5684590339660645,1.3307031393051147,1.1057385206222534,0.7912501692771912,0.5132833123207092,0.3610786497592926,0.0,0.3704818785190582,0.46324193477630615,0.7714605927467346,0.9532889127731323,1.2109068632125854,1.5031039714813232,1.6863164901733398,1.7661317586898804,1.5613683462142944,1.5571177005767822,1.4830468893051147,1.6233406066894531,1.689553141593933,1.8066095113754272,1.8919795751571655,1.9381935596466064,1.980806827545166,2.0954089164733887,2.2005579471588135,2.2700653076171875,2.2934486865997314,2.4602267742156982,2.4443299770355225,2.3798515796661377,2.148289918899536,2.438666343688965,2.2395823001861572,2.3408098220825195,2.2439441680908203,2.507556438446045,2.4712822437286377,2.741770029067993,2.8371822834014893,2.8223254680633545,3.157399892807007,3.3026480674743652,3.6382198333740234,3.925550937652588,4.486522674560547,4.8608927726745605,4.974055290222168,5.331135272979736,5.588253974914551,5.723202705383301,5.8596320152282715,5.823333263397217,5.83450984954834,5.821430206298828,5.691567897796631,5.501979827880859,5.318448543548584,5.0183610916137695,4.65541934967041,3.6443393230438232,3.3171041011810303,3.426520586013794,3.2018706798553467,3.19431734085083,3.450226306915283,3.519341230392456,3.7152676582336426,4.066508769989014,4.204770088195801,4.56520938873291,4.761959552764893,5.1291046142578125,5.335912704467773,5.715804576873779
A8,1.7880239486694336,1.492890477180481,1.2571218013763428,1.0078805685043335,0.7257046103477478,0.5051550269126892,0.3704818785190582,0.0,0.37660837173461914,0.5012176632881165,0.7901406288146973,0.99559086561203,1.3247530460357666,1.513081669807434,1.658333659172058,1.7355549335479736,1.7837260961532593,1.7287131547927856,1.9163459539413452,1.9963817596435547,2.1359703540802,2.2257328033447266,2.261953115463257,2.290288209915161,2.4030890464782715,2.473629951477051,2.511129856109619,2.5013937950134277,2.6256725788116455,2.5664656162261963,2.213313102722168,1.939845323562622,2.1963703632354736,1.9606380462646484,2.0384764671325684,1.9335217475891113,2.2103207111358643,2.2079286575317383,2.4771981239318848,2.580359935760498,2.6005477905273438,2.930352210998535,3.108795642852783,3.4381814002990723,3.7045228481292725,4.167693138122559,4.539890289306641,4.640277862548828,4.998376369476318,5.257096767425537,5.3908843994140625,5.535254001617432,5.508826732635498,5.520819187164307,5.520864963531494,5.40029239654541,5.218244552612305,5.046916961669922,4.755090713500977,4.3918890953063965,3.312934637069702,2.984609603881836,3.0808048248291016,2.858363628387451,2.860898733139038,3.1174750328063965,3.207399606704712,3.4021830558776855,3.7598800659179688,3.9050984382629395,4.264286041259766,4.47168493270874,4.832668304443359,5.053274631500244,5.43143892288208
A9,2.026392698287964,1.7714526653289795,1.5439348220825195,1.2436391115188599,0.9601831436157227,0.7494272589683533,0.46324193477630615,0.37660837173461914,0.0,0.37023231387138367,0.49457573890686035,0.7563204169273376,1.0405415296554565,1.2368943691253662,1.3503267765045166,1.6066172122955322,1.7030248641967773,1.7207943201065063,1.9060066938400269,2.0368704795837402,2.188918352127075,2.306406259536743,2.375889539718628,2.427351951599121,2.528390645980835,2.6351869106292725,2.685486078262329,2.67526912689209,2.8365185260772705,2.815063953399658,2.5294313430786133,2.253201723098755,2.493194341659546,2.2400057315826416,2.272146463394165,2.114556074142456,2.355407238006592,2.323312997817993,2.5535898208618164,2.607069492340088,2.591437339782715,2.8971874713897705,3.0439820289611816,3.3597095012664795,3.6425418853759766,4.147037506103516,4.516033172607422,4.63889217376709,5.002073764801025,5.2743611335754395,5.431453227996826,5.583993434906006,5.564767837524414,5.599795818328857,5.602711200714111,5.494736194610596,5.329747200012207,5.168154716491699,4.885082721710205,4.523848056793213,3.414301872253418,3.0664331912994385,3.143589735031128,2.88677716255188,2.8422107696533203,3.0743823051452637,3.1226587295532227,3.302572250366211,3.6524579524993896,3.7749435901641846,4.139472961425781,4.323643207550049,4.694769859313965,4.892399311065674,5.272933483123779
A10,2.2800581455230713,1.9862241744995117,1.7581417560577393,1.5010172128677368,1.2117239236831665,0.9850131869316101,0.7714605927467346,0.5012176632881165,0.37023231387138367,0.0,0.37290501594543457,0.5042223334312439,0.8421891331672668,1.0369503498077393,1.234291672706604,1.8076119422912598,1.9482966661453247,1.981946349143982,2.2040224075317383,2.346052885055542,2.5177736282348633,2.6415412425994873,2.7064318656921387,2.7505927085876465,2.853846788406372,2.9370667934417725,2.965832233428955,2.9324867725372314,3.0609538555145264,3.005847692489624,2.4727261066436768,2.1603736877441406,2.3547942638397217,2.063267469406128,2.0568599700927734,1.8799762725830078,2.1239330768585205,2.1282730102539062,2.343662977218628,2.393641948699951,2.413536310195923,2.703575611114502,2.8826451301574707,3.185274600982666,3.4447481632232666,3.8326244354248047,4.197634696960449,4.309089660644531,4.674978733062744,4.9527692794799805,5.113762378692627,5.278273582458496,5.27310848236084,5.31381368637085,5.3334221839904785,5.239314079284668,5.086901664733887,4.9419684410095215,4.671135425567627,4.311517238616943,3.116431474685669,2.7636656761169434,2.8163039684295654,2.5525176525115967,2.5070912837982178,2.7313425540924072,2.7964701652526855,2.968578577041626,3.326458215713501,3.4501593112945557,3.81592059135437,4.006686210632324,4.3732171058654785,4.582299709320068,4.961631774902344
A11,2.5187366008758545,2.2569661140441895,2.016096830368042,1.7198340892791748,1.450547695159912,1.2054812908172607,0.9532889127731323,0.7901406288146973,0.49457573890686035,0.37290501594543457,0.0,0.366864413022995,0.5618478655815125,0.8271012902259827,1.0141230821609497,1.852203130722046,2.0215086936950684,2.1060407161712646,2.3075098991394043,2.475381851196289,2.6392619609832764,2.768627882003784,2.8458263874053955,2.893913745880127,2.973839521408081,3.0762546062469482,3.103032350540161,3.0573081970214844,3.2132253646850586,3.1910762786865234,2.7320845127105713,2.4287478923797607,2.613212823867798,2.3205204010009766,2.27463960647583,2.04998517036438,2.2438559532165527,2.204461097717285,2.3762643337249756,2.373328685760498,2.347710371017456,2.6114206314086914,2.7505528926849365,3.039106607437134,3.31717586517334,3.7844808101654053,4.146492004394531,4.286172389984131,4.653116703033447,4.939321041107178,5.1206536293029785,5.286185264587402,5.281656265258789,5.343704700469971,5.35935640335083,5.2739033699035645,5.1361985206604,4.99729585647583,4.733979225158691,4.378479480743408,3.194828748703003,2.8284661769866943,2.873891592025757,2.582172393798828,2.4891374111175537,2.693472385406494,2.7064857482910156,2.8732051849365234,3.214931011199951,3.323060989379883,3.6887173652648926,3.86016583442688,4.235779762268066,4.421530246734619,4.802600860595703
A12,2.7433865070343018,2.460357427597046,2.2494685649871826,1.9795339107513428,1.6769088506698608,1.4699335098266602,1.2109068632125854,0.99559086561203,0.7563204169273376,0.5042223334312439,0.366864413022995,0.0,0.38764727115631104,0.5383041501045227,0.7892957925796509,1.8807172775268555,2.099053144454956,2.213778257369995,2.45651912689209,2.6529769897460938,2.853114128112793,3.0118095874786377,3.1100218296051025,3.1784205436706543,3.281885862350464,3.388457775115967,3.4250731468200684,3.388313055038452,3.5314135551452637,3.4892351627349854,2.8881683349609375,2.557974100112915,2.70708966255188,2.3841288089752197,2.314823865890503,2.0872883796691895,2.2884273529052734,2.295926809310913,2.447352886199951,2.4351260662078857,2.4451701641082764,2.67924427986145,2.843810558319092,3.1077797412872314,3.3601491451263428,3.663578510284424,4.0142927169799805,4.139050483703613,4.511602401733398,4.81157112121582,5.0049614906311035,5.192651748657227,5.2125043869018555,5.285790920257568,5.326706886291504,5.261975288391113,5.1422600746154785,5.0254292488098145,4.778210639953613,4.426385402679443,3.1315391063690186,2.7607603073120117,2.7579855918884277,2.4495842456817627,2.3391618728637695,2.5069544315338135,2.5317578315734863,2.660766124725342,3.014598846435547,3.097221612930298,3.472395420074463,3.630218982696533,4.005274295806885,4.191184997558594,4.57145357131958
A13,3.0638937950134277,2.797659158706665,2.5697028636932373,2.2785532474517822,1.9961563348770142,1.7649098634719849,1.5031039714813232,1.3247530460357666,1.0405415296554565,0.8421891331672668,0.5618478655815125,0.38764727115631104,0.0,0.37881460785865784,0.6645975112915039,2.094808578491211,2.333751678466797,2.484152317047119,2.7089827060699463,2.9202868938446045,3.1106112003326416,3.2680916786193848,3.3692831993103027,3.433615207672119,3.5139284133911133,3.6267402172088623,3.652451276779175,3.596377372741699,3.7525298595428467,3.7299318313598633,3.1376218795776367,2.8119707107543945,2.941504716873169,2.615579843521118,2.503737211227417,2.2333569526672363,2.3806307315826416,2.354641914367676,2.4539074897766113,2.386442184448242,2.3608341217041016,2.5540449619293213,2.6836769580841064,2.9217450618743896,3.1816306114196777,3.530099630355835,3.8733911514282227,4.025295734405518,4.396812915802002,4.705018520355225,4.919793128967285,5.11010217666626,5.133820056915283,5.230590343475342,5.271234035491943,5.219503402709961,5.119131565093994,5.013717174530029,4.779295444488525,4.435020923614502,3.146284341812134,2.7669501304626465,2.7508859634399414,2.4173436164855957,2.2556138038635254,2.394531488418579,2.362245798110962,2.481173276901245,2.814002513885498,2.8793156147003174,3.251685619354248,3.3897604942321777,3.7720746994018555,3.9351682662963867,4.316110610961914
A14,3.2086846828460693,2.9407336711883545,2.7522361278533936,2.471856117248535,2.156794548034668,1.9773825407028198,1.6863164901733398,1.513081669807434,1.2368943691253662,1.0369503498077393,0.8271012902259827,0.5383041501045227,0.37881460785865784,0.0,0.37014514207839966,1.9935929775238037,2.274827718734741,2.462364912033081,2.716292142868042,2.9604218006134033,3.1859681606292725,3.3790555000305176,3.5121092796325684,3.608635187149048,3.7180562019348145,3.8520336151123047,3.9050452709198,3.876166582107544,4.037550449371338,4.01072359085083,3.398425817489624,3.059544801712036,3.181093454360962,2.841663122177124,2.735102891921997,2.481541395187378,2.646970272064209,2.656918525695801,2.752640724182129,2.6861557960510254,2.683145523071289,2.856309652328491,2.996184825897217,3.2135720252990723,3.4555702209472656,3.664337396621704,3.9916999340057373,4.128259181976318,4.503321170806885,4.825047016143799,5.0519208908081055,5.2636847496032715,5.310701370239258,5.416910171508789,5.4798197746276855,5.445166110992432,5.358358383178711,5.269310474395752,5.046206951141357,4.704989433288574,3.336069345474243,2.958711862564087,2.8988778591156006,2.5562336444854736,2.3802402019500732,2.471374273300171,2.446472406387329,2.510279417037964,2.8492045402526855,2.8700053691864014,3.251887321472168,3.358549118041992,3.740809917449951,3.890869617462158,4.26890230178833
A15,3.2443978786468506,3.0047824382781982,2.8455729484558105,2.552016258239746,2.2271814346313477,2.0924479961395264,1.7661317586898804,1.658333659172058,1.3503267765045166,1.234291672706604,1.0141230821609497,0.7892957925796509,0.6645975112915039,0.37014514207839966,0.0,1.7874165773391724,2.093858242034912,2.3258609771728516,2.575131416320801,2.8490498065948486,3.089240789413452,3.3090779781341553,3.473752737045288,3.6005496978759766,3.723442554473877,3.8902885913848877,3.974097490310669,3.9741051197052,4.162118434906006,4.158082962036133,3.6754074096679688,3.344501256942749,3.4883923530578613,3.156769275665283,3.07088565826416,2.8280513286590576,3.0019187927246094,3.00266695022583,3.104077100753784,3.0335710048675537,3.0116732120513916,3.183203935623169,3.299680471420288,3.513174533843994,3.766950845718384,4.000082492828369,4.320187568664551,4.461390495300293,4.836012840270996,5.162939071655273,5.398014545440674,5.614219665527344,5.665247440338135,5.777326583862305,5.841097354888916,5.808470249176025,5.723470211029053,5.63340425491333,5.408970355987549,5.067327976226807,3.705792188644409,3.328403949737549,3.2641501426696777,2.9188666343688965,2.7335593700408936,2.8058977127075195,2.764660358428955,2.8042185306549072,3.1319499015808105,3.121980905532837,3.503277540206909,3.578427791595459,3.962428569793701,4.086336135864258,4.460379600524902
B1,2.204547166824341,2.113901376724243,2.171677827835083,1.9537326097488403,1.662390947341919,1.85153329372406,1.5613683462142944,1.7355549335479736,1.6066172122955322,1.8076119422912598,1.852203130722046,1.8807172775268555,2.094808578491211,1.9935929775238037,1.7874165773391724,0.0,0.3644881546497345,0.6989057064056396,0.9627546072006226,1.3066011667251587,1.6306593418121338,1.9562711715698242,2.2348902225494385,2.4937543869018555,2.7347381114959717,2.999392032623291,3.2336959838867188,3.407992362976074,3.6444406509399414,3.6826555728912354,3.819356679916382,3.5713720321655273,3.8418140411376953,3.6085877418518066,3.70571231842041,3.611043930053711,3.895411252975464,3.9077725410461426,4.142507076263428,4.190340518951416,4.175477981567383,4.457460403442383,4.583527565002441,4.876107692718506,5.165102005004883,5.529996395111084,5.875964164733887,5.9785685539245605,6.353124141693115,6.65480899810791,6.836350917816162,7.027924060821533,7.046422481536865,7.094108581542969,7.129110813140869,7.040340423583984,6.885707378387451,6.736884593963623,6.458728790283203,6.096941947937012,4.878592014312744,4.529829502105713,4.537760257720947,4.259253025054932,4.182190895080566,4.332474708557129,4.375948429107666,4.4554057121276855,4.813387393951416,4.836367130279541,5.222262382507324,5.321808338165283,5.698902606964111,5.843587875366211,6.2162251472473145
B2,1.942354679107666,1.9015662670135498,1.9972554445266724,1.8034605979919434,1.558217167854309,1.8001691102981567,1.5571177005767822,1.7837260961532593,1.7030248641967773,1.9482966661453247,2.0215086936950684,2.099053144454956,2.333751678466797,2.274827718734741,2.093858242034912,0.3644881546497345,0.0,0.37028947472572327,0.6031820774078369,0.9514609575271606,1.2820008993148804,1.6186343431472778,1.9113489389419556,2.188652753829956,2.4456772804260254,2.7229838371276855,2.9807119369506836,3.184446096420288,3.4271433353424072,3.477323293685913,3.765021324157715,3.545891284942627,3.839167833328247,3.6360297203063965,3.763606548309326,3.6929519176483154,3.9844484329223633,3.987713098526001,4.2419352531433105,4.309103488922119,4.289572238922119,4.590380668640137,4.713213920593262,5.0204691886901855,5.316551208496094,5.7415547370910645,6.095159530639648,6.196720123291016,6.568793296813965,6.860701084136963,7.028675556182861,7.207586765289307,7.21205997467041,7.245311737060547,7.266998767852783,7.162838935852051,6.992167949676514,6.828094482421875,6.538534641265869,6.1753830909729,5.022150039672852,4.68166446685791,4.714040756225586,4.45106315612793,4.394003868103027,4.566885948181152,4.61939001083374,4.7192158699035645,5.079455375671387,5.120606422424316,5.5050482749938965,5.619059085845947,5.996434211730957,6.149816036224365,6.52472448348999
B3,1.6020954847335815,1.584086537361145,1.7219388484954834,1.5726096630096436,1.366385579109192,1.6623668670654297,1.4830468893051147,1.7287131547927856,1.7207943201065063,1.981946349143982,2.1060407161712646,2.213778257369995,2.484152317047119,2.462364912033081,2.3258609771728516,0.6989057064056396,0.37028947472572327,0.0,0.3621789515018463,0.6465848088264465,0.9956451654434204,1.3264440298080444,1.6096363067626953,1.8896335363388062,2.1697328090667725,2.4362032413482666,2.703927993774414,2.9273300170898438,3.1563405990600586,3.1969611644744873,3.5584912300109863,3.363344669342041,3.671631336212158,3.496788740158081,3.6559016704559326,3.61710786819458,3.920403003692627,3.9276649951934814,4.203741073608398,4.298134803771973,4.288414001464844,4.608405590057373,4.742035865783691,5.063599109649658,5.3572258949279785,5.8020920753479,6.161926746368408,6.2542033195495605,6.6224188804626465,6.902310371398926,7.052125930786133,7.2193803787231445,7.212095260620117,7.227166175842285,7.2394795417785645,7.121201515197754,6.934573650360107,6.758103847503662,6.459351062774658,6.0959672927856445,4.997641086578369,4.6703643798828125,4.7241740226745605,4.483128547668457,4.454510688781738,4.65090799331665,4.724248886108398,4.844447135925293,5.210107326507568,5.274168491363525,5.656323432922363,5.791854381561279,6.166118621826172,6.337177753448486,6.713890075683594
B4,1.531101107597351,1.5983387231826782,1.7455090284347534,1.5992730855941772,1.4674620628356934,1.7680121660232544,1.6233406066894531,1.9163459539413452,1.9060066938400269,2.2040224075317383,2.3075098991394043,2.45651912689209,2.7089827060699463,2.716292142868042,2.575131416320801,0.9627546072006226,0.6031820774078369,0.3621789515018463,0.0,0.3597677946090698,0.6879922747612,1.0385005474090576,1.3523415327072144,1.6576367616653442,1.9357023239135742,2.232361316680908,2.526303768157959,2.7763898372650146,3.0294437408447266,3.104727268218994,3.6619911193847656,3.4971213340759277,3.8237175941467285,3.6742560863494873,3.8447647094726562,3.808295488357544,4.101471424102783,4.083903789520264,4.3635663986206055,4.458110809326172,4.42735481262207,4.754313945770264,4.867628574371338,5.195547580718994,5.501873016357422,6.036199569702148,6.401139259338379,6.50435209274292,6.870327949523926,7.144414901733398,7.290253162384033,7.445499897003174,7.424620151519775,7.435186862945557,7.432190418243408,7.302366256713867,7.106290817260742,6.916968822479248,6.609994411468506,6.247176647186279,5.218605041503906,4.893415451049805,4.967799663543701,4.730515956878662,4.703165531158447,4.912039279937744,4.974124908447266,5.108789443969727,5.468829154968262,5.5410661697387695,5.9207916259765625,6.059084892272949,6.4365105628967285,6.603384017944336,6.981706619262695
B5,1.2654885053634644,1.4024888277053833,1.5859947204589844,1.490565538406372,1.437347173690796,1.7630280256271362,1.689553141593933,1.9963817596435547,2.0368704795837402,2.346052885055542,2.475381851196289,2.6529769897460938,2.9202868938446045,2.9604218006134033,2.8490498065948486,1.3066011667251587,0.9514609575271606,0.6465848088264465,0.3597677946090698,0.0,0.36200591921806335,0.7100322246551514,1.0249009132385254,1.3432978391647339,1.6429392099380493,1.9379583597183228,2.2500388622283936,2.527331590652466,2.774582862854004,2.854694128036499,3.548212766647339,3.4169094562530518,3.758176326751709,3.642533779144287,3.839172840118408,3.8281266689300537,4.123127460479736,4.099899768829346,4.394895553588867,4.509690761566162,4.479825973510742,4.821328163146973,4.935736656188965,5.274718284606934,5.581346035003662,6.158234596252441,6.528311729431152,6.627933025360107,6.988922119140625,7.2508344650268555,7.380837440490723,7.522270679473877,7.487458229064941,7.482317924499512,7.466529369354248,7.322014808654785,7.110816955566406,6.907906532287598,6.59202241897583,6.230836391448975,5.2755608558654785,4.963289260864258,5.060723781585693,4.842762470245361,4.8372111320495605,5.066634654998779,5.1401047706604,5.294243335723877,5.654938220977783,5.747012615203857,6.122941493988037,6.278262615203857,6.6534318923950195,6.832215785980225,7.211765289306641
B6,1.1682265996932983,1.3909956216812134,1.5631510019302368,1.4855444431304932,1.51992928981781,1.8291246891021729,1.8066095113754272,2.1359703540802,2.188918352127075,2.5177736282348633,2.6392619609832764,2.853114128112793,3.1106112003326416,3.1859681606292725,3.089240789413452,1.6306593418121338,1.2820008993148804,0.9956451654434204,0.6879922747612,0.36200591921806335,0.0,0.36266234517097473,0.7011893391609192,1.036570429801941,1.3304868936538696,1.6456493139266968,1.9776278734207153,2.277953624725342,2.540811538696289,2.651939630508423,3.5339345932006836,3.4379632472991943,3.793131113052368,3.708024024963379,3.9161581993103027,3.911961555480957,4.194554805755615,4.148627281188965,4.447855472564697,4.568178653717041,4.5225605964660645,4.871845722198486,4.970806121826172,5.316570281982422,5.630646228790283,6.2919182777404785,6.666840076446533,6.774407863616943,7.130417346954346,7.382082939147949,7.502918243408203,7.628635406494141,7.5774030685424805,7.5636677742004395,7.530520915985107,7.3721842765808105,7.1494140625,6.932465076446533,6.608522415161133,6.250032424926758,5.381809711456299,5.077001571655273,5.1989874839782715,4.991657733917236,4.994566440582275,5.240962505340576,5.309123992919922,5.482842445373535,5.837650775909424,5.945417881011963,6.3162431716918945,6.48192024230957,6.857528209686279,7.038788318634033,7.419496536254883
B7,1.0344289541244507,1.3284051418304443,1.484236240386963,1.4419053792953491,1.5638606548309326,1.8524198532104492,1.8919795751571655,2.2257328033447266,2.306406259536743,2.6415412425994873,2.768627882003784,3.0118095874786377,3.2680916786193848,3.3790555000305176,3.3090779781341553,1.9562711715698242,1.6186343431472778,1.3264440298080444,1.0385005474090576,0.7100322246551514,0.36266234517097473,0.0,0.34893810749053955,0.6927027106285095,0.9885010719299316,1.3083183765411377,1.654605507850647,1.9756768941879272,2.2420058250427246,2.3735718727111816,3.4190075397491455,3.3600409030914307,3.7254574298858643,3.673886299133301,3.8959500789642334,3.905230760574341,4.1770477294921875,4.114628314971924,4.4202351570129395,4.552194118499756,4.498760223388672,4.856849670410156,4.947936534881592,5.300823211669922,5.616614818572998,6.343620777130127,6.722468852996826,6.833046913146973,7.182295799255371,7.4209980964660645,7.528557777404785,7.637629985809326,7.5699334144592285,7.544137477874756,7.494553565979004,7.32184362411499,7.08633279800415,6.855776786804199,6.524413585662842,6.169777870178223,5.392284393310547,5.099536895751953,5.246643543243408,5.055804252624512,5.073835372924805,5.339115619659424,5.409173965454102,5.603886127471924,5.953737735748291,6.081247329711914,6.4454169273376465,6.626347064971924,6.999666690826416,7.188914775848389,7.5699968338012695
B8,0.9020894765853882,1.2418605089187622,1.3720872402191162,1.3738454580307007,1.5736680030822754,1.8362914323806763,1.9381935596466064,2.261953115463257,2.375889539718628,2.7064318656921387,2.8458263874053955,3.1100218296051025,3.3692831993103027,3.5121092796325684,3.473752737045288,2.2348902225494385,1.9113489389419556,1.6096363067626953,1.3523415327072144,1.0249009132385254,0.7011893391609192,0.34893810749053955,0.0,0.34895849227905273,0.6667888760566711,0.9691159725189209,1.3228083848953247,1.6600178480148315,1.9187310934066772,2.0592191219329834,3.2317588329315186,3.2073147296905518,3.5788824558258057,3.559494972229004,3.7947163581848145,3.819965124130249,4.082302093505859,4.0091705322265625,4.321336269378662,4.467550754547119,4.4127960205078125,4.778882026672363,4.868396282196045,5.227386474609375,5.5402374267578125,6.3117523193359375,6.693093299865723,6.803098678588867,7.144838333129883,7.370066165924072,7.46316385269165,7.556809425354004,7.474586009979248,7.435997009277344,7.372573375701904,7.187017917633057,6.939754486083984,6.697715759277344,6.360464572906494,6.010141372680664,5.316198825836182,5.037564754486084,5.207388401031494,5.035347938537598,5.07108736038208,5.354086875915527,5.430268287658691,5.644436836242676,5.989887714385986,6.137559413909912,6.494271278381348,6.691857814788818,7.060930252075195,7.260770320892334,7.64131498336792
B9,0.8926077485084534,1.2346121072769165,1.307525396347046,1.3386749029159546,1.606416940689087,1.8245596885681152,1.980806827545166,2.290288209915161,2.427351951599121,2.7505927085876465,2.893913745880127,3.1784205436706543,3.433615207672119,3.608635187149048,3.6005496978759766,2.4937543869018555,2.188652753829956,1.8896335363388062,1.6576367616653442,1.3432978391647339,1.036570429801941,0.6927027106285095,0.34895849227905273,0.0,0.35259053111076355,0.6209062337875366,0.9768049716949463,1.3242106437683105,1.5811129808425903,1.7382317781448364,3.0402228832244873,3.04957914352417,3.424447536468506,3.4351541996002197,3.676842212677002,3.71183705329895,3.959162950515747,3.87099027633667,4.185370445251465,4.341615676879883,4.282131195068359,4.653309345245361,4.737822532653809,5.100863456726074,5.411088466644287,6.233933925628662,6.616870880126953,6.728994369506836,7.062599182128906,7.274552345275879,7.354990482330322,7.432814121246338,7.335840225219727,7.286816120147705,7.208854675292969,7.011446952819824,6.754268646240234,6.501525402069092,6.159412384033203,5.814028263092041,5.206899642944336,4.941592216491699,5.134006977081299,4.979065895080566,5.029119491577148,5.3282365798950195,5.406396389007568,5.639763832092285,5.97819709777832,6.1451802253723145,6.493040561676025,6.705793857574463,7.070277214050293,7.278575897216797,7.6578288078308105
B10,1.1490224599838257,1.4559478759765625,1.451959490776062,1.4599201679229736,1.761958122253418,1.9191762208938599,2.0954089164733887,2.4030890464782715,2.528390645980835,2.853846788406372,2.973839521408081,3.281885862350464,3.5139284133911133,3.7180562019348145,3.723442554473877,2.7347381114959717,2.4456772804260254,2.1697328090667725,1.9357023239135742,1.6429392099380493,1.3304868936538696,0.9885010719299316,0.6667888760566711,0.35259053111076355,0.0,0.36966368556022644,0.7156564593315125,1.0594902038574219,1.3557687997817993,1.572140097618103,3.0254456996917725,3.0620274543762207,3.4364004135131836,3.466783046722412,3.698953628540039,3.7241787910461426,3.945389747619629,3.8279435634613037,4.132942199707031,4.283158779144287,4.202492713928223,4.5715012550354,4.63427209854126,4.996866226196289,5.312384605407715,6.221485137939453,6.605408668518066,6.7299485206604,7.0566182136535645,7.259086608886719,7.3349809646606445,7.397573471069336,7.285637378692627,7.2344279289245605,7.139554023742676,6.932720184326172,6.6704230308532715,6.407926082611084,6.062488079071045,5.722622394561768,5.2032036781311035,4.944077968597412,5.156481742858887,5.007918357849121,5.057916164398193,5.36715841293335,5.432052135467529,5.681511878967285,6.008035182952881,6.187390327453613,6.526444435119629,6.745729446411133,7.108551502227783,7.315215587615967,7.693049430847168
B11,1.2013856172561646,1.4785236120224,1.4417213201522827,1.5060737133026123,1.8480802774429321,1.9723366498947144,2.2005579471588135,2.473629951477051,2.6351869106292725,2.9370667934417725,3.0762546062469482,3.388457775115967,3.6267402172088623,3.8520336151123047,3.8902885913848877,2.999392032623291,2.7229838371276855,2.4362032413482666,2.232361316680908,1.9379583597183228,1.6456493139266968,1.3083183765411377,0.9691159725189209,0.6209062337875366,0.36966368556022644,0.0,0.37430042028427124,0.7534418702125549,1.0118770599365234,1.230294108390808,2.8055331707000732,2.8819053173065186,3.2533035278320312,3.3201944828033447,3.5652401447296143,3.613311767578125,3.824510097503662,3.7049994468688965,4.015812873840332,4.185244560241699,4.113336086273193,4.487751483917236,4.557505130767822,4.923393249511719,5.227682590484619,6.149653911590576,6.532913684844971,6.6508469581604,6.967745780944824,7.154791355133057,7.213152885437012,7.2609992027282715,7.136516571044922,7.06995153427124,6.963980197906494,6.745305061340332,6.471376419067383,6.199282169342041,5.849813461303711,5.516280651092529,5.0819315910339355,4.842761993408203,5.074832439422607,4.950599670410156,5.022913455963135,5.346982002258301,5.4242682456970215,5.689609050750732,6.0114336013793945,6.2103729248046875,6.5399322509765625,6.776605129241943,7.131472587585449,7.351459503173828,7.7265305519104
B12,1.4046597480773926,1.6168327331542969,1.5107710361480713,1.5814650058746338,1.9443376064300537,2.007375955581665,2.2700653076171875,2.511129856109619,2.685486078262329,2.965832233428955,3.103032350540161,3.4250731468200684,3.652451276779175,3.9050452709198,3.974097490310669,3.2336959838867188,2.9807119369506836,2.703927993774414,2.526303768157959,2.2500388622283936,1.9776278734207153,1.654605507850647,1.3228083848953247,0.9768049716949463,0.7156564593315125,0.37430042028427124,0.0,0.3910263776779175,0.6507819294929504,0.9138439893722534,2.5985262393951416,2.7086923122406006,3.071931838989258,3.1670572757720947,3.4076027870178223,3.460012435913086,3.6473166942596436,3.5110831260681152,3.81705904006958,3.993417263031006,3.9174933433532715,4.29151725769043,4.356184482574463,4.721871852874756,5.019207000732422,5.985203742980957,6.367060661315918,6.487333297729492,6.793852806091309,6.966646671295166,7.012977600097656,7.0447611808776855,6.906228065490723,6.831052303314209,6.711040019989014,6.482391357421875,6.201148986816406,5.920405864715576,5.568408489227295,5.241641998291016,4.900256156921387,4.676868438720703,4.929862022399902,4.823934078216553,4.908929347991943,5.245540142059326,5.323000907897949,5.605535984039307,5.916409015655518,6.133673667907715,6.450987815856934,6.70164155960083,7.04903507232666,7.276458263397217,7.647779941558838
B13,1.645568609237671,1.7866413593292236,1.6064900159835815,1.6551200151443481,2.019233226776123,2.010922431945801,2.2934486865997314,2.5013937950134277,2.67526912689209,2.9324867725372314,3.0573081970214844,3.388313055038452,3.596377372741699,3.876166582107544,3.9741051197052,3.407992362976074,3.184446096420288,2.9273300170898438,2.7763898372650146,2.527331590652466,2.277953624725342,1.9756768941879272,1.6600178480148315,1.3242106437683105,1.0594902038574219,0.7534418702125549,0.3910263776779175,0.0,0.3781580924987793,0.7042059302330017,2.3991525173187256,2.531301736831665,2.881420850753784,2.9937617778778076,3.2172305583953857,3.26112699508667,3.417997121810913,3.258563280105591,3.5533149242401123,3.728757381439209,3.64310884475708,4.01332426071167,4.068314075469971,4.43183708190918,4.724337100982666,5.742151737213135,6.122002601623535,6.248892307281494,6.54586124420166,6.707001209259033,6.74622106552124,6.76386833190918,6.612985610961914,6.534768581390381,6.401801586151123,6.166443347930908,5.8821845054626465,5.595417499542236,5.242496490478516,4.921295166015625,4.661739826202393,4.449934482574463,4.7215166091918945,4.62865686416626,4.719676971435547,5.065682411193848,5.137073516845703,5.435329437255859,5.732630729675293,5.9656662940979,6.2699809074401855,6.5314860343933105,6.871747016906738,7.103074073791504,7.4700703620910645
B14,1.7630882263183594,1.868407130241394,1.689993977546692,1.79791259765625,2.164578676223755,2.1462059020996094,2.4602267742156982,2.6256725788116455,2.8365185260772705,3.0609538555145264,3.2132253646850586,3.5314135551452637,3.7525298595428467,4.037550449371338,4.162118434906006,3.6444406509399414,3.4271433353424072,3.1563405990600586,3.0294437408447266,2.774582862854004,2.540811538696289,2.2420058250427246,1.9187310934066772,1.5811129808425903,1.3557687997817993,1.0118770599365234,0.6507819294929504,0.3781580924987793,0.0,0.3666967451572418,2.189847946166992,2.369438886642456,2.7065846920013428,2.8613977432250977,3.1023826599121094,3.181558132171631,3.333738327026367,3.1884758472442627,3.490856647491455,3.69289231300354,3.6312825679779053,4.0041584968566895,4.078857421875,4.442209720611572,4.7141218185424805,5.6973958015441895,6.073556900024414,6.185461044311523,6.471782684326172,6.617040634155273,6.635789394378662,6.6416096687316895,6.4821858406066895,6.385192394256592,6.246257305145264,6.000556468963623,5.704137325286865,5.410138130187988,5.054611682891846,4.740795612335205,4.556752681732178,4.370629787445068,4.655910968780518,4.592360496520996,4.710671901702881,5.066957950592041,5.159111022949219,5.466549396514893,5.761362552642822,6.0104875564575195,6.305511474609375,6.583132743835449,6.912813663482666,7.159519672393799,7.522172927856445
