,A1,A2,A3,A4,A5,A6,A7,A8,A9,A10,A11,A12,A13,A14,A15,B1,B2,B3,B4,B5,B6,B7,B8,B9,B10,B11,B12,B13,B14,B15,C1,C2,C3,C4,C5,C6,C7,C8,C9,C10,C11,C12,C13,C14,C15,D1,D2,D3,D4,D5,D6,D7,D8,D9,D10,D11,D12,D13,D14,D15,E1,E2,E3,E4,E5,E6,E7,E8,E9,E10,E11,E12,E13,E14,E15
A1,0.0,0.39376112818717957,0.6947969794273376,0.9129782915115356,1.2237751483917236,1.378312587738037,1.7363582849502563,1.881701111793518,2.2519447803497314,2.419720411300659,2.769923210144043,3.030000925064087,3.0250027179718018,2.863863945007324,2.4956839084625244,0.8667531609535217,0.9134670495986938,1.0732671022415161,1.268904447555542,1.5372934341430664,1.6415064334869385,1.9782634973526,2.124838352203369,2.4790825843811035,2.605391502380371,2.865434169769287,3.1922271251678467,3.181211471557617,3.1197783946990967,2.7433199882507324,1.3120498657226562,1.3586868047714233,1.4718000888824463,1.6206883192062378,1.8379790782928467,1.9638395309448242,2.242295503616333,2.4291465282440186,2.7192797660827637,2.9139151573181152,3.081648349761963,3.425025701522827,3.3518691062927246,3.2994399070739746,2.9325709342956543,1.7538386583328247,1.8107666969299316,1.9043809175491333,2.021376848220825,2.1906187534332275,2.34071946144104,2.560993194580078,2.7742693424224854,3.011596202850342,3.3101117610931396,3.3340845108032227,3.6776020526885986,3.5314900875091553,3.4976248741149902,3.1437771320343018,2.225447416305542,2.3038170337677,2.3657684326171875,2.460169792175293,2.5791780948638916,2.757251024246216,2.9035897254943848,3.149390697479248,3.3165502548217773,3.6529057025909424,3.6898059844970703,4.0569233894348145,4.1499834060668945,4.499356746673584,4.500391483306885
A2,0.39376112818717957,0.0,0.3763933777809143,0.699557363986969,0.9249324202537537,1.153178095817566,1.4692785739898682,1.6719297170639038,2.023017644882202,2.225797653198242,2.581608772277832,2.8519389629364014,2.88080096244812,2.7331457138061523,2.3608498573303223,0.7789844274520874,0.7142499685287476,0.7572609782218933,0.9093464612960815,1.1612187623977661,1.2938734292984009,1.629419207572937,1.8126757144927979,2.17004132270813,2.334723949432373,2.6000490188598633,2.9367101192474365,2.964019775390625,2.9306092262268066,2.555449962615967,1.2038902044296265,1.1852577924728394,1.2057236433029175,1.3169021606445312,1.4953243732452393,1.6336050033569336,1.8948631286621094,2.1063122749328613,2.38997745513916,2.6123483180999756,2.784619092941284,3.139714241027832,3.100853443145752,3.0769410133361816,2.711545944213867,1.632513165473938,1.6475175619125366,1.6687216758728027,1.7579225301742554,1.8816019296646118,2.0305609703063965,2.2239930629730225,2.449540615081787,2.671590566635132,2.9853711128234863,3.0176124572753906,3.3734073638916016,3.2556471824645996,3.249079704284668,2.8986117839813232,2.0984609127044678,2.148972988128662,2.1508800983428955,2.231048583984375,2.3031394481658936,2.4691665172576904,2.5824737548828125,2.828678846359253,2.9723961353302,3.3161120414733887,3.3463735580444336,3.7074522972106934,3.815061092376709,4.171313285827637,4.1899094581604
A3,0.6947969794273376,0.3763933777809143,0.0,0.38098278641700745,0.553081214427948,0.7888650298118591,1.0935490131378174,1.3106956481933594,1.6541759967803955,1.8726365566253662,2.224487781524658,2.505279541015625,2.5584535598754883,2.436818838119507,2.0614888668060303,0.7701319456100464,0.7554751634597778,0.6424471735954285,0.8346831202507019,0.9650739431381226,1.027950644493103,1.324501395225525,1.490146517753601,1.8303186893463135,1.9950700998306274,2.242666721343994,2.588505506515503,2.6295788288116455,2.6233038902282715,2.2551817893981934,1.1859861612319946,1.2037097215652466,1.1379367113113403,1.2797061204910278,1.3685896396636963,1.442755103111267,1.65395188331604,1.839324712753296,2.0918166637420654,2.306098222732544,2.4508485794067383,2.8117902278900146,2.7804529666900635,2.7827868461608887,2.4279768466949463,1.6129798889160156,1.6597037315368652,1.621324896812439,1.7400301694869995,1.7975897789001465,1.8875812292099,2.0362558364868164,2.2289535999298096,2.4172935485839844,2.7217659950256348,2.7219438552856445,3.0707831382751465,2.956643581390381,2.9751038551330566,2.640629529953003,2.078693151473999,2.1578807830810547,2.117130756378174,2.23088002204895,2.254896879196167,2.3680057525634766,2.4490389823913574,2.6584370136260986,2.7751338481903076,3.1065406799316406,3.101135492324829,3.4581191539764404,3.550771474838257,3.9137165546417236,3.95053768157959
A4,0.9129782915115356,0.699557363986969,0.38098278641700745,0.0,0.3875333070755005,0.5322005748748779,0.871009349822998,1.0618854761123657,1.4098482131958008,1.6382873058319092,1.9668478965759277,2.2730064392089844,2.3495662212371826,2.2751641273498535,1.8968476057052612,0.9974941611289978,1.0806044340133667,0.9357109665870667,1.1374266147613525,1.1619329452514648,1.1392414569854736,1.3490911722183228,1.4618889093399048,1.7510420083999634,1.8877509832382202,2.0819921493530273,2.440772533416748,2.479158401489258,2.5045998096466064,2.1519336700439453,1.4188129901885986,1.5015103816986084,1.4148653745651245,1.582068681716919,1.6064852476119995,1.615698218345642,1.7610329389572144,1.897945523262024,2.095442771911621,2.2801198959350586,2.3663294315338135,2.7283804416656494,2.6892342567443848,2.719111680984497,2.3855984210968018,1.8492552042007446,1.9447792768478394,1.8904273509979248,2.0375101566314697,2.0533909797668457,2.0899224281311035,2.1933908462524414,2.341006278991699,2.4838995933532715,2.76658034324646,2.7138218879699707,3.041563034057617,2.9203808307647705,2.963618516921997,2.655900001525879,2.314976453781128,2.4335200786590576,2.3828868865966797,2.5266356468200684,2.525268316268921,2.5952353477478027,2.6508872509002686,2.8201310634613037,2.9076876640319824,3.2199788093566895,3.169940710067749,3.517606258392334,3.586977005004883,3.9552409648895264,4.012523651123047
A5,1.2237751483917236,0.9249324202537537,0.553081214427948,0.3875333070755005,0.0,0.3869183659553528,0.5796825885772705,0.8713235855102539,1.1708701848983765,1.4437259435653687,1.7724019289016724,2.0828158855438232,2.1991820335388184,2.143300771713257,1.7742903232574463,1.115217924118042,1.1307623386383057,0.8678429126739502,1.0081892013549805,0.9102972149848938,0.8475083112716675,0.9968314170837402,1.1331299543380737,1.4098140001296997,1.5893906354904175,1.7834659814834595,2.152191400527954,2.235921859741211,2.29665207862854,1.9553606510162354,1.4432698488235474,1.4830214977264404,1.3040093183517456,1.4392204284667969,1.378076434135437,1.3537191152572632,1.440449833869934,1.5791252851486206,1.7490649223327637,1.955255389213562,2.035940647125244,2.4094064235687256,2.4079601764678955,2.4732911586761475,2.150388240814209,1.8185679912567139,1.8867483139038086,1.7604225873947144,1.8903309106826782,1.840014100074768,1.8423373699188232,1.8955976963043213,2.031808614730835,2.1424643993377686,2.43052077293396,2.373950242996216,2.7086780071258545,2.6165337562561035,2.692723512649536,2.397979259490967,2.2498044967651367,2.350747585296631,2.2430598735809326,2.3834245204925537,2.32871150970459,2.3632586002349854,2.377586841583252,2.5257654190063477,2.58168888092041,2.8897933959960938,2.8212666511535645,3.1602611541748047,3.2355496883392334,3.609370470046997,3.685746669769287
A6,1.378312587738037,1.153178095817566,0.7888650298118591,0.5322005748748779,0.3869183659553528,0.0,0.3905923366546631,0.5343753099441528,0.8847978711128235,1.1125739812850952,1.447435736656189,1.7508935928344727,1.8471494913101196,1.7988368272781372,1.4267607927322388,1.1415396928787231,1.2680877447128296,1.052665114402771,1.2798641920089722,1.1549193859100342,0.9724051356315613,1.0583277940750122,1.0639116764068604,1.2985562086105347,1.3927762508392334,1.5633152723312378,1.9202256202697754,1.9581172466278076,2.008084535598755,1.6717333793640137,1.4456762075424194,1.5760387182235718,1.4303441047668457,1.641271948814392,1.5685769319534302,1.4584015607833862,1.5197279453277588,1.5683033466339111,1.7088623046875,1.8441356420516968,1.8881497383117676,2.2410943508148193,2.1915130615234375,2.242856979370117,1.9317680597305298,1.814279556274414,1.956010103225708,1.8536959886550903,2.048682451248169,1.9989687204360962,1.9388889074325562,1.9880685806274414,2.0586020946502686,2.1569559574127197,2.397414445877075,2.2926132678985596,2.593111515045166,2.458676815032959,2.52024507522583,2.2421817779541016,2.2401115894317627,2.40116810798645,2.316627025604248,2.51149845123291,2.4681127071380615,2.459284782409668,2.4899117946624756,2.5908682346343994,2.6570353507995605,2.930699110031128,2.835723876953125,3.1763827800750732,3.2067959308624268,3.5709850788116455,3.6369621753692627
A7,1.7363582849502563,1.4692785739898682,1.0935490131378174,0.871009349822998,0.5796825885772705,0.3905923366546631,0.0,0.3799991309642792,0.5986804962158203,0.9022698402404785,1.2139190435409546,1.5315643548965454,1.6916102170944214,1.692612886428833,1.348446249961853,1.432451844215393,1.5100958347320557,1.230698823928833,1.3900574445724487,1.1585772037506104,0.9221932888031006,0.8585542440414429,0.8272792100906372,0.9821635484695435,1.1061747074127197,1.2377097606658936,1.6135995388031006,1.7085622549057007,1.8200715780258179,1.516266107559204,1.6544551849365234,1.7514936923980713,1.5368728637695312,1.7112847566604614,1.5519872903823853,1.3909187316894531,1.3529645204544067,1.3652135133743286,1.4317878484725952,1.5666571855545044,1.5671459436416626,1.9306004047393799,1.9228184223175049,2.031118869781494,1.7511874437332153,1.9582979679107666,2.0793540477752686,1.9145084619522095,2.092014789581299,1.9725464582443237,1.8623733520507812,1.8397228717803955,1.8711521625518799,1.9081923961639404,2.1352083683013916,1.9993085861206055,2.2921383380889893,2.1885671615600586,2.2998008728027344,2.055363178253174,2.336275100708008,2.4852724075317383,2.3481640815734863,2.5416736602783203,2.4428114891052246,2.3855857849121094,2.3654325008392334,2.4247612953186035,2.44473934173584,2.6987547874450684,2.565145969390869,2.8878698348999023,2.91237211227417,3.281433582305908,3.3757691383361816
A8,1.881701111793518,1.6719297170639038,1.3106956481933594,1.0618854761123657,0.8713235855102539,0.5343753099441528,0.3799991309642792,0.0,0.3798564374446869,0.5819886922836304,0.9152750968933105,1.2209337949752808,1.3494757413864136,1.3597095012664795,1.013765573501587,1.504906415939331,1.6630637645721436,1.4390473365783691,1.6634751558303833,1.4516849517822266,1.164407730102539,1.090303659439087,0.9319453239440918,1.022446870803833,1.0099362134933472,1.1047015190124512,1.4500237703323364,1.4734519720077515,1.5642980337142944,1.2701956033706665,1.7004008293151855,1.8709086179733276,1.7027192115783691,1.936288833618164,1.7930907011032104,1.5803531408309937,1.5430822372436523,1.4707951545715332,1.5140072107315063,1.5570626258850098,1.5189491510391235,1.8429723978042603,1.7679882049560547,1.8499033451080322,1.5881315469741821,1.9902379512786865,2.174729347229004,2.045710563659668,2.276819944381714,2.17519211769104,2.023282766342163,2.0124590396881104,1.9855327606201172,2.020704746246338,2.190945863723755,2.0109994411468506,2.257713556289673,2.101015567779541,2.18540096282959,1.9618273973464966,2.3558177947998047,2.55846905708313,2.4537744522094727,2.6926610469818115,2.616299867630005,2.529603958129883,2.5355112552642822,2.5558953285217285,2.595369815826416,2.812692165374756,2.662635087966919,2.9846131801605225,2.961810350418091,3.313880681991577,3.3900418281555176
A9,2.2519447803497314,2.023017644882202,1.6541759967803955,1.4098482131958008,1.1708701848983765,0.8847978711128235,0.5986804962158203,0.3798564374446869,0.0,0.3626405596733093,0.6215408444404602,0.9499689340591431,1.16518235206604,1.2594987154006958,0.9815195202827454,1.846900463104248,1.9814412593841553,1.7292344570159912,1.9135246276855469,1.6456953287124634,1.3368096351623535,1.1525216102600098,0.9356411099433899,0.8713893294334412,0.8139200806617737,0.7926300764083862,1.14543879032135,1.215276837348938,1.38736093044281,1.161400318145752,1.990666151046753,2.1445560455322266,1.940922498703003,2.150357246398926,1.9519301652908325,1.7008304595947266,1.5798128843307495,1.4499903917312622,1.3954055309295654,1.3919049501419067,1.2694618701934814,1.577991247177124,1.5278657674789429,1.6741760969161987,1.472872018814087,2.2277004718780518,2.4033398628234863,2.2369487285614014,2.457988739013672,2.307260513305664,2.1097865104675293,2.037039041519165,1.9556617736816406,1.922350525856018,2.049926996231079,1.817733883857727,2.0269806385040283,1.888934850692749,2.0231833457946777,1.8563876152038574,2.546006202697754,2.7458555698394775,2.607351064682007,2.849405527114868,2.7329611778259277,2.599628210067749,2.5650808811187744,2.534336805343628,2.5311777591705322,2.7114124298095703,2.5155911445617676,2.8105082511901855,2.763845205307007,3.1111202239990234,3.213144302368164
A10,2.419720411300659,2.225797653198242,1.8726365566253662,1.6382873058319092,1.4437259435653687,1.1125739812850952,0.9022698402404785,0.5819886922836304,0.3626405596733093,0.0,0.3782139718532562,0.6400567889213562,0.8077778220176697,0.9139095544815063,0.6684412360191345,1.9402517080307007,2.12030029296875,1.909845232963562,2.1352946758270264,1.8843108415603638,1.5463604927062988,1.3759931325912476,1.0903868675231934,0.9951283931732178,0.7925675511360168,0.7412969470024109,1.0059123039245605,0.9686733484268188,1.106676459312439,0.9094007015228271,2.0381782054901123,2.2391252517700195,2.071988821029663,2.322002410888672,2.1391618251800537,1.8528367280960083,1.7431766986846924,1.5499963760375977,1.4891188144683838,1.3940138816833496,1.2530440092086792,1.4953322410583496,1.3626508712768555,1.467316746711731,1.295957326889038,2.241229295730591,2.4616811275482178,2.3244268894195557,2.5854523181915283,2.451641798019409,2.2220005989074707,2.1655337810516357,2.0360658168792725,2.011101722717285,2.0805933475494385,1.8207714557647705,1.9773139953613281,1.7813929319381714,1.8761800527572632,1.7352725267410278,2.5300753116607666,2.7704832553863525,2.659327507019043,2.937340259552002,2.8416028022766113,2.6832213401794434,2.6756927967071533,2.6113510131835938,2.6329097747802734,2.7762553691864014,2.5763776302337646,2.86928129196167,2.7775304317474365,3.10044527053833,3.175968885421753
A11,2.769923210144043,2.581608772277832,2.224487781524658,1.9668478965759277,1.7724019289016724,1.447435736656189,1.2139190435409546,0.9152750968933105,0.6215408444404602,0.3782139718532562,0.0,0.3813660740852356,0.684821367263794,0.9473172426223755,0.8395105004310608,2.314847707748413,2.4980170726776123,2.2818706035614014,2.4936604499816895,2.22537899017334,1.8899222612380981,1.679787516593933,1.3889217376708984,1.2070088386535645,0.9718986749649048,0.7629518508911133,0.9413245320320129,0.9010108709335327,1.11939537525177,1.047834038734436,2.409499406814575,2.6126086711883545,2.4390690326690674,2.6789932250976562,2.4760053157806396,2.180053234100342,2.030904531478882,1.8115187883377075,1.683133840560913,1.5403350591659546,1.312434434890747,1.4903634786605835,1.3587249517440796,1.5130376815795898,1.4338527917861938,2.596776247024536,2.820514678955078,2.674654483795166,2.9313361644744873,2.7771410942077637,2.527764320373535,2.4372189044952393,2.273411750793457,2.197638750076294,2.2205655574798584,1.9137731790542603,2.0063719749450684,1.8199437856674194,1.9489753246307373,1.8801759481430054,2.862466812133789,3.1082165241241455,2.9881343841552734,3.268937110900879,3.1556944847106934,2.9720160961151123,2.9413657188415527,2.8412137031555176,2.8316330909729004,2.938349485397339,2.7002880573272705,2.9592506885528564,2.837209939956665,3.1436610221862793,3.2396864891052246
A12,3.030000925064087,2.8519389629364014,2.505279541015625,2.2730064392089844,2.0828158855438232,1.7508935928344727,1.5315643548965454,1.2209337949752808,0.9499689340591431,0.6400567889213562,0.3813660740852356,0.0,0.38675856590270996,0.7254120111465454,0.7797063589096069,2.500182628631592,2.6952784061431885,2.500107765197754,2.7244861125946045,2.4561352729797363,2.101348876953125,1.885911464691162,1.5561696290969849,1.3449864387512207,1.0318357944488525,0.811135470867157,0.8214204907417297,0.6577364206314087,0.8606156706809998,0.9045159816741943,2.5347671508789062,2.7547717094421387,2.596963882446289,2.8530478477478027,2.6492414474487305,2.3241426944732666,2.1690330505371094,1.8988125324249268,1.7527157068252563,1.5318224430084229,1.290779709815979,1.3720903396606445,1.1694430112838745,1.2930445671081543,1.2888973951339722,2.6680896282196045,2.9118847846984863,2.7763872146606445,3.053586721420288,2.900324583053589,2.6185877323150635,2.5276005268096924,2.316309928894043,2.2351620197296143,2.194638729095459,1.8672964572906494,1.8931056261062622,1.6640865802764893,1.762977957725525,1.747074007987976,2.8830935955047607,3.1499953269958496,3.040194272994995,3.3438456058502197,3.2360146045684814,3.0212604999542236,3.002509593963623,2.86232852935791,2.8647539615631104,2.9263808727264404,2.6822757720947266,2.9271957874298096,2.760349988937378,3.0343403816223145,3.107513189315796
A13,3.0250027179718018,2.88080096244812,2.5584535598754883,2.3495662212371826,2.1991820335388184,1.8471494913101196,1.6916102170944214,1.3494757413864136,1.16518235206604,0.8077778220176697,0.684821367263794,0.38675856590270996,0.0,0.3966468572616577,0.5875906348228455,2.4426472187042236,2.6714179515838623,2.5235140323638916,2.7852747440338135,2.5510122776031494,2.187523126602173,2.020205020904541,1.673601746559143,1.518930435180664,1.1698778867721558,1.0541419982910156,1.008999228477478,0.7037020325660706,0.7148243188858032,0.7721549868583679,2.441092014312744,2.697834014892578,2.586197853088379,2.8774807453155518,2.7092995643615723,2.3760643005371094,2.266455888748169,1.9803497791290283,1.885972499847412,1.635142207145691,1.4592859745025635,1.5010112524032593,1.2107641696929932,1.2124910354614258,1.202722191810608,2.5490541458129883,2.828831911087036,2.7356748580932617,3.04571270942688,2.9290823936462402,2.643794298171997,2.596788167953491,2.377070665359497,2.3442885875701904,2.2847445011138916,1.9811980724334717,1.993170142173767,1.7027932405471802,1.7138636112213135,1.684975266456604,2.7428627014160156,3.042665719985962,2.973937749862671,3.3038134574890137,3.2337143421173096,3.020963430404663,3.0468642711639404,2.906353712081909,2.955799102783203,3.008059501647949,2.795111656188965,3.0560383796691895,2.8699519634246826,3.1220805644989014,3.148245096206665
A14,2.863863945007324,2.7331457138061523,2.436818838119507,2.2751641273498535,2.143300771713257,1.7988368272781372,1.692612886428833,1.3597095012664795,1.2594987154006958,0.9139095544815063,0.9473172426223755,0.7254120111465454,0.3966468572616577,0.0,0.37894144654273987,2.2115602493286133,2.448961019515991,2.3383677005767822,2.6212878227233887,2.4175028800964355,2.0523734092712402,1.9330193996429443,1.5821902751922607,1.4960323572158813,1.1424559354782104,1.1582406759262085,1.116569995880127,0.7712551355361938,0.5803018808364868,0.5408357381820679,2.1574506759643555,2.43021821975708,2.3522701263427734,2.6659796237945557,2.5289478302001953,2.1928460597991943,2.129476547241211,1.8393723964691162,1.8091727495193481,1.5559914112091064,1.4726905822753906,1.5182346105575562,1.1830648183822632,1.0648974180221558,0.987510085105896,2.2298614978790283,2.528686285018921,2.4657704830169678,2.7978971004486084,2.7131195068359375,2.4298317432403564,2.4271013736724854,2.211923122406006,2.2362585067749023,2.180495262145996,1.9227386713027954,1.9593080282211304,1.6278361082077026,1.555904507637024,1.472982406616211,2.400895833969116,2.7188262939453125,2.6794168949127197,3.025926351547241,2.9876465797424316,2.7827308177948,2.8501229286193848,2.721395492553711,2.818972110748291,2.8779337406158447,2.708374500274658,2.9952943325042725,2.8136134147644043,3.058750629425049,3.041036605834961
A15,2.4956839084625244,2.3608498573303223,2.0614888668060303,1.8968476057052612,1.7742903232574463,1.4267607927322388,1.348446249961853,1.013765573501587,0.9815195202827454,0.6684412360191345,0.8395105004310608,0.7797063589096069,0.5875906348228455,0.37894144654273987,0.0,1.8692833185195923,2.1095497608184814,1.9937320947647095,2.2852728366851807,2.094745635986328,1.7375378608703613,1.6498441696166992,1.32084321975708,1.299797773361206,0.9946339726448059,1.076712965965271,1.1621779203414917,0.9089685082435608,0.7855846881866455,0.5488720536231995,1.8603309392929077,2.132783889770508,2.0520007610321045,2.3691914081573486,2.246302843093872,1.9312794208526611,1.896499514579773,1.6493033170700073,1.6651111841201782,1.4813642501831055,1.4356861114501953,1.5757369995117188,1.2963148355484009,1.212674617767334,1.0238231420516968,1.9886871576309204,2.281296968460083,2.218609094619751,2.545752763748169,2.4731290340423584,2.2206642627716064,2.23791766166687,2.0712578296661377,2.123540163040161,2.1336121559143066,1.904664397239685,2.01591157913208,1.7146166563034058,1.6661927700042725,1.5069893598556519,2.220909595489502,2.526973009109497,2.486453056335449,2.8196096420288086,2.787851333618164,2.617774724960327,2.6893489360809326,2.6065940856933594,2.7099480628967285,2.8188047409057617,2.6670234203338623,2.979121446609497,2.8416295051574707,3.1205198764801025,3.1160104274749756
B1,0.8667531609535217,0.7789844274520874,0.7701319456100464,0.9974941611289978,1.115217924118042,1.1415396928787231,1.432451844215393,1.504906415939331,1.846900463104248,1.9402517080307007,2.314847707748413,2.500182628631592,2.4426472187042236,2.2115602493286133,1.8692833185195923,0.0,0.38867759704589844,0.6178510189056396,0.9868537783622742,1.1738721132278442,1.1349319219589233,1.4777942895889282,1.537922739982605,1.9076974391937256,1.9814209938049316,2.2995007038116455,2.571446418762207,2.5237832069396973,2.4038777351379395,2.0237298011779785,0.4854491353034973,0.6768516898155212,0.8319112062454224,1.1438831090927124,1.3384162187576294,1.3474889993667603,1.6533235311508179,1.765509843826294,2.0886592864990234,2.2307889461517334,2.445482015609741,2.7499406337738037,2.6403026580810547,2.5336246490478516,2.1575605869293213,0.9513677954673767,1.1055415868759155,1.2125269174575806,1.4544349908828735,1.6220481395721436,1.6838819980621338,1.9367183446884155,2.0906102657318115,2.3638298511505127,2.6169395446777344,2.6496434211730957,2.97301983833313,2.7897756099700928,2.705782890319824,2.340599298477173,1.4376357793807983,1.5897082090377808,1.65938138961792,1.8509665727615356,1.9788157939910889,2.090348482131958,2.279693126678467,2.476015090942383,2.688915252685547,2.987565755844116,3.034119129180908,3.4142885208129883,3.466601848602295,3.792304515838623,3.7537472248077393
B2,0.9134670495986938,0.7142499685287476,0.7554751634597778,1.0806044340133667,1.1307623386383057,1.2680877447128296,1.5100958347320557,1.6630637645721436,1.9814412593841553,2.12030029296875,2.4980170726776123,2.6952784061431885,2.6714179515838623,2.448961019515991,2.1095497608184814,0.38867759704589844,0.0,0.3761700689792633,0.6632673740386963,0.9304002523422241,0.9983296394348145,1.3786970376968384,1.5200921297073364,1.908835768699646,2.0467324256896973,2.381948709487915,2.6628594398498535,2.6634109020233154,2.566885232925415,2.189638614654541,0.552791953086853,0.47406938672065735,0.5744451284408569,0.8063770532608032,1.0518887042999268,1.1522597074508667,1.489874243736267,1.67345130443573,2.0182881355285645,2.215583562850952,2.4615793228149414,2.7795510292053223,2.7182273864746094,2.6342971324920654,2.2556169033050537,0.9318872094154358,0.9399145245552063,0.9945728182792664,1.1566896438598633,1.336524248123169,1.4669103622436523,1.731554388999939,1.9442250728607178,2.230647087097168,2.519636392593384,2.5990047454833984,2.949132204055786,2.8085391521453857,2.744408130645752,2.371182441711426,1.3873265981674194,1.4432069063186646,1.4649980068206787,1.5911505222320557,1.7054091691970825,1.862207293510437,2.039353847503662,2.27996563911438,2.4877419471740723,2.8127923011779785,2.887939453125,3.2639987468719482,3.3551480770111084,3.6852235794067383,3.6547884941101074
B3,1.0732671022415161,0.7572609782218933,0.6424471735954285,0.9357109665870667,0.8678429126739502,1.052665114402771,1.230698823928833,1.4390473365783691,1.7292344570159912,1.909845232963562,2.2818706035614014,2.500107765197754,2.5235140323638916,2.3383677005767822,1.9937320947647095,0.6178510189056396,0.3761700689792633,0.0,0.3905864655971527,0.5711559653282166,0.6497864723205566,1.032817006111145,1.2190176248550415,1.6063463687896729,1.7888472080230713,2.1133785247802734,2.4143354892730713,2.460437297821045,2.411693572998047,2.041456699371338,0.7673403024673462,0.6535705924034119,0.4989412724971771,0.67393559217453,0.8010239601135254,0.8909732103347778,1.1888117790222168,1.4001294374465942,1.7237643003463745,1.9537383317947388,2.1847546100616455,2.523519515991211,2.501893997192383,2.466320276260376,2.0962345600128174,1.0915660858154297,1.068909764289856,0.9836583137512207,1.10955810546875,1.1827795505523682,1.284377932548523,1.48887038230896,1.7067204713821411,1.956504225730896,2.265446901321411,2.333059310913086,2.6961071491241455,2.587778329849243,2.570683479309082,2.2107789516448975,1.5149723291397095,1.5525282621383667,1.4802417755126953,1.59610915184021,1.6232757568359375,1.7414788007736206,1.8560991287231445,2.0833747386932373,2.245769500732422,2.579664945602417,2.6256794929504395,2.995023488998413,3.0972602367401123,3.4433515071868896,3.4458487033843994
B4,1.268904447555542,0.9093464612960815,0.8346831202507019,1.1374266147613525,1.0081892013549805,1.2798641920089722,1.3900574445724487,1.6634751558303833,1.9135246276855469,2.1352946758270264,2.4936604499816895,2.7244861125946045,2.7852747440338135,2.6212878227233887,2.2852728366851807,0.9868537783622742,0.6632673740386963,0.3905864655971527,0.0,0.38765618205070496,0.6775671243667603,1.0319257974624634,1.3096033334732056,1.6801241636276245,1.926779866218567,2.2438864707946777,2.550929069519043,2.6489334106445312,2.633826494216919,2.279054641723633,1.0816787481307983,0.84489506483078,0.5956143140792847,0.5091968178749084,0.609350860118866,0.8417035341262817,1.1186387538909912,1.4124587774276733,1.7259401082992554,2.013319253921509,2.255849838256836,2.6042325496673584,2.638571262359619,2.637995958328247,2.28074312210083,1.316406488418579,1.1805963516235352,1.0136867761611938,0.99793940782547,1.022192358970642,1.199403166770935,1.372421145439148,1.6534003019332886,1.8888570070266724,2.2346246242523193,2.342106580734253,2.7255747318267822,2.6711225509643555,2.6875603199005127,2.3365530967712402,1.673804521560669,1.6225059032440186,1.483542799949646,1.5109204053878784,1.4843802452087402,1.638424277305603,1.7043904066085815,1.972804069519043,2.1032562255859375,2.4641711711883545,2.528444766998291,2.882948875427246,3.0298144817352295,3.3814938068389893,3.404766082763672
B5,1.5372934341430664,1.1612187623977661,0.9650739431381226,1.1619329452514648,0.9102972149848938,1.1549193859100342,1.1585772037506104,1.4516849517822266,1.6456953287124634,1.8843108415603638,2.22537899017334,2.4561352729797363,2.5510122776031494,2.4175028800964355,2.094745635986328,1.1738721132278442,0.9304002523422241,0.5711559653282166,0.38765618205070496,0.0,0.3715170621871948,0.6667091250419617,0.9815305471420288,1.3305367231369019,1.6095503568649292,1.91314697265625,2.223723888397217,2.3574984073638916,2.380906105041504,2.045260190963745,1.2362375259399414,1.052066683769226,0.7125250101089478,0.6497345566749573,0.4961627125740051,0.61862713098526,0.7976261973381042,1.0984681844711304,1.3766663074493408,1.6826837062835693,1.9074349403381348,2.2651543617248535,2.3303756713867188,2.3702378273010254,2.0314667224884033,1.4316010475158691,1.3278590440750122,1.0777159929275513,1.0829030275344849,0.97315514087677,1.0510343313217163,1.132262110710144,1.3843581676483154,1.570992350578308,1.9214239120483398,2.0058631896972656,2.3919975757598877,2.360729217529297,2.417241096496582,2.088122844696045,1.7544907331466675,1.726353406906128,1.5244425535202026,1.5822880268096924,1.4730480909347534,1.5443029403686523,1.5446844100952148,1.764699101448059,1.8474396467208862,2.200354814529419,2.2227413654327393,2.5718984603881836,2.712801456451416,3.076077461242676,3.126610517501831
B6,1.6415064334869385,1.2938734292984009,1.027950644493103,1.1392414569854736,0.8475083112716675,0.9724051356315613,0.9221932888031006,1.164407730102539,1.3368096351623535,1.5463604927062988,1.8899222612380981,2.101348876953125,2.187523126602173,2.0523734092712402,1.7375378608703613,1.1349319219589233,0.9983296394348145,0.6497864723205566,0.6775671243667603,0.3715170621871948,0.0,0.38671088218688965,0.6323925852775574,1.004827857017517,1.253873348236084,1.5713295936584473,1.8754026889801025,1.9918571710586548,2.0111730098724365,1.6755017042160034,1.1611297130584717,1.076067566871643,0.7443654537200928,0.8350791335105896,0.633297324180603,0.5122606158256531,0.630264937877655,0.8334631323814392,1.1081396341323853,1.3737406730651855,1.5886479616165161,1.9445210695266724,1.982903242111206,2.0185418128967285,1.6786911487579346,1.3440083265304565,1.3262702226638794,1.077344536781311,1.1901806592941284,1.0557444095611572,1.0030016899108887,1.0565117597579956,1.2176762819290161,1.389978051185608,1.704849123954773,1.7416837215423584,2.113494396209717,2.0490434169769287,2.101357936859131,1.7763457298278809,1.663286805152893,1.7063900232315063,1.5108249187469482,1.6502763032913208,1.5380973815917969,1.5292423963546753,1.5368025302886963,1.685137391090393,1.7724382877349854,2.0898616313934326,2.0734915733337402,2.432990074157715,2.528020143508911,2.8908002376556396,2.936110734939575
B7,1.9782634973526,1.629419207572937,1.324501395225525,1.3490911722183228,0.9968314170837402,1.0583277940750122,0.8585542440414429,1.090303659439087,1.1525216102600098,1.3759931325912476,1.679787516593933,1.885911464691162,2.020205020904541,1.9330193996429443,1.6498441696166992,1.4777942895889282,1.3786970376968384,1.032817006111145,1.0319257974624634,0.6667091250419617,0.38671088218688965,0.0,0.36624985933303833,0.6678355932235718,0.9775221943855286,1.2648696899414062,1.5727728605270386,1.7444775104522705,1.8229963779449463,1.5276141166687012,1.4862685203552246,1.4282084703445435,1.0894596576690674,1.15109121799469,0.8594289422035217,0.6420356035232544,0.5052224397659302,0.6274207830429077,0.7945168614387512,1.080723762512207,1.255756139755249,1.626688838005066,1.7122042179107666,1.810359239578247,1.5095162391662598,1.6230429410934448,1.620560884475708,1.3353947401046753,1.4377126693725586,1.2188143730163574,1.073281168937683,0.9944788217544556,1.073392629623413,1.146700382232666,1.4492820501327515,1.4397022724151611,1.8090664148330688,1.7785247564315796,1.8908421993255615,1.6089978218078613,1.8878651857376099,1.9410040378570557,1.7038439512252808,1.851383090019226,1.6755722761154175,1.5883502960205078,1.5218894481658936,1.5953248739242554,1.6136598587036133,1.9024958610534668,1.824906587600708,2.1686339378356934,2.2508139610290527,2.62463641166687,2.7056899070739746
B8,2.124838352203369,1.8126757144927979,1.490146517753601,1.4618889093399048,1.1331299543380737,1.0639116764068604,0.8272792100906372,0.9319453239440918,0.9356411099433899,1.0903868675231934,1.3889217376708984,1.5561696290969849,1.673601746559143,1.5821902751922607,1.32084321975708,1.537922739982605,1.5200921297073364,1.2190176248550415,1.3096033334732056,0.9815305471420288,0.6323925852775574,0.36624985933303833,0.0,0.3909732699394226,0.6288110613822937,0.9521569013595581,1.2444019317626953,1.3867473602294922,1.4576479196548462,1.1666008234024048,1.5105035305023193,1.5329819917678833,1.2393310070037842,1.3841546773910522,1.118493676185608,0.8134620785713196,0.6547887921333313,0.5478259325027466,0.6517883539199829,0.826899528503418,0.9793796539306641,1.341933250427246,1.380089282989502,1.4698193073272705,1.1712177991867065,1.6208785772323608,1.6917303800582886,1.4369829893112183,1.6129555702209473,1.4097172021865845,1.1858853101730347,1.1044479608535767,1.062333106994629,1.110946774482727,1.3335884809494019,1.2524380683898926,1.587699294090271,1.5027185678482056,1.603989839553833,1.3343585729599,1.8628742694854736,1.979182243347168,1.7670804262161255,1.9767757654190063,1.8188625574111938,1.675239086151123,1.6324992179870605,1.6325483322143555,1.6651670932769775,1.8970446586608887,1.7827810049057007,2.1282193660736084,2.1490535736083984,2.511216163635254,2.578179121017456
B9,2.4790825843811035,2.17004132270813,1.8303186893463135,1.7510420083999634,1.4098140001296997,1.2985562086105347,0.9821635484695435,1.022446870803833,0.8713893294334412,0.9951283931732178,1.2070088386535645,1.3449864387512207,1.518930435180664,1.4960323572158813,1.299797773361206,1.9076974391937256,1.908835768699646,1.6063463687896729,1.6801241636276245,1.3305367231369019,1.004827857017517,0.6678355932235718,0.3909732699394226,0.0,0.3758293092250824,0.6218265295028687,0.9112710356712341,1.1297886371612549,1.2867918014526367,1.0777356624603271,1.8758848905563354,1.9129589796066284,1.6197078227996826,1.7464619874954224,1.4501686096191406,1.135732889175415,0.8793095946311951,0.669136106967926,0.5256789326667786,0.6082912683486938,0.6333588361740112,1.0161195993423462,1.106019377708435,1.2862253189086914,1.0681437253952026,1.9583494663238525,2.0395326614379883,1.7739694118499756,1.9398729801177979,1.6984950304031372,1.4315861463546753,1.2673733234405518,1.13154935836792,1.0529919862747192,1.1992191076278687,1.0201575756072998,1.3167294263839722,1.2587480545043945,1.4372414350509644,1.2491658926010132,2.156451940536499,2.2814736366271973,2.0513675212860107,2.2640209197998047,2.0708670616149902,1.873317837715149,1.7798032760620117,1.70219886302948,1.669754147529602,1.8416614532470703,1.6532899141311646,1.9644043445587158,1.9479871988296509,2.309962272644043,2.4128217697143555
B10,2.605391502380371,2.334723949432373,1.9950700998306274,1.8877509832382202,1.5893906354904175,1.3927762508392334,1.1061747074127197,1.0099362134933472,0.8139200806617737,0.7925675511360168,0.9718986749649048,1.0318357944488525,1.1698778867721558,1.1424559354782104,0.9946339726448059,1.9814209938049316,2.0467324256896973,1.7888472080230713,1.926779866218567,1.6095503568649292,1.253873348236084,0.9775221943855286,0.6288110613822937,0.3758293092250824,0.0,0.3910481333732605,0.6272531151771545,0.770295262336731,0.917932391166687,0.7296115159988403,1.9273301362991333,2.029839515686035,1.7859858274459839,1.9724383354187012,1.7116851806640625,1.3688520193099976,1.160267949104309,0.8761127591133118,0.7373073697090149,0.6025156378746033,0.5416056513786316,0.8540608286857605,0.8265401721000671,0.9852187633514404,0.7879413366317749,1.9927172660827637,2.1358273029327393,1.9136790037155151,2.134586811065674,1.9267363548278809,1.6312874555587769,1.5033135414123535,1.3064168691635132,1.2415322065353394,1.2880308628082275,1.04275643825531,1.2530701160430908,1.0990623235702515,1.2407833337783813,1.084571123123169,2.1722240447998047,2.3529415130615234,2.1625235080718994,2.4221889972686768,2.2623677253723145,2.041193962097168,1.9883277416229248,1.8700991868972778,1.870747685432434,1.989179253578186,1.7883960008621216,2.0905003547668457,2.0074503421783447,2.3393287658691406,2.4134678840637207
B11,2.865434169769287,2.6000490188598633,2.242666721343994,2.0819921493530273,1.7834659814834595,1.5633152723312378,1.2377097606658936,1.1047015190124512,0.7926300764083862,0.7412969470024109,0.7629518508911133,0.811135470867157,1.0541419982910156,1.1582406759262085,1.076712965965271,2.2995007038116455,2.381948709487915,2.1133785247802734,2.2438864707946777,1.91314697265625,1.5713295936584473,1.2648696899414062,0.9521569013595581,0.6218265295028687,0.3910481333732605,0.0,0.38988035917282104,0.639470636844635,0.9366970658302307,0.8763197064399719,2.2857351303100586,2.400186777114868,2.154083251953125,2.3299877643585205,2.05639910697937,1.7275787591934204,1.4873765707015991,1.2177430391311646,0.9931954741477966,0.8258042335510254,0.5571445822715759,0.8038457036018372,0.8087126612663269,1.07420814037323,1.0028724670410156,2.373208999633789,2.5236854553222656,2.3004889488220215,2.5106542110443115,2.287675142288208,1.9935975074768066,1.8298187255859375,1.6181395053863525,1.480531096458435,1.4803649187088013,1.1640084981918335,1.288488507270813,1.1667817831039429,1.378339409828186,1.3226312398910522,2.557190418243408,2.7431387901306152,2.549302101135254,2.8026366233825684,2.6267614364624023,2.3945188522338867,2.310032844543457,2.1648454666137695,2.115438461303711,2.1981639862060547,1.9431135654449463,2.196760416030884,2.085919141769409,2.4072277545928955,2.521371841430664
B12,3.1922271251678467,2.9367101192474365,2.588505506515503,2.440772533416748,2.152191400527954,1.9202256202697754,1.6135995388031006,1.4500237703323364,1.14543879032135,1.0059123039245605,0.9413245320320129,0.8214204907417297,1.008999228477478,1.116569995880127,1.1621779203414917,2.571446418762207,2.6628594398498535,2.4143354892730713,2.550929069519043,2.223723888397217,1.8754026889801025,1.5727728605270386,1.2444019317626953,0.9112710356712341,0.6272531151771545,0.38988035917282104,0.0,0.39312127232551575,0.7451101541519165,0.8445945978164673,2.5044105052948,2.6296167373657227,2.397885322570801,2.58117413520813,2.3061561584472656,1.95572030544281,1.7070693969726562,1.387756586074829,1.131797194480896,0.8489419221878052,0.5316769480705261,0.5612291693687439,0.5015811324119568,0.8248368501663208,0.8919034004211426,2.5352942943573,2.6981475353240967,2.4813854694366455,2.7035326957702637,2.476595878601074,2.1491196155548096,1.9751362800598145,1.7035084962844849,1.5411653518676758,1.4406635761260986,1.08196222782135,1.087007999420166,0.9236551523208618,1.1448224782943726,1.1897517442703247,2.6591858863830566,2.858619451522827,2.6683733463287354,2.9386086463928223,2.760712146759033,2.489654541015625,2.4072365760803223,2.206044912338257,2.1561501026153564,2.170846700668335,1.8960254192352295,2.117177963256836,1.9443309307098389,2.2253410816192627,2.3254141807556152
B13,3.181211471557617,2.964019775390625,2.6295788288116455,2.479158401489258,2.235921859741211,1.9581172466278076,1.7085622549057007,1.4734519720077515,1.215276837348938,0.9686733484268188,0.9010108709335327,0.6577364206314087,0.7037020325660706,0.7712551355361938,0.9089685082435608,2.5237832069396973,2.6634109020233154,2.460437297821045,2.6489334106445312,2.3574984073638916,1.9918571710586548,1.7444775104522705,1.3867473602294922,1.1297886371612549,0.770295262336731,0.639470636844635,0.39312127232551575,0.0,0.3930492699146271,0.5934633612632751,2.4398984909057617,2.6155028343200684,2.4334447383880615,2.6652917861938477,2.431546688079834,2.0708119869232178,1.8798909187316895,1.5453615188598633,1.3644731044769287,1.0499298572540283,0.8363808989524841,0.8032517433166504,0.5228120684623718,0.6654039621353149,0.7562634348869324,2.4621286392211914,2.673935890197754,2.505539655685425,2.77201771736145,2.588805675506592,2.2592475414276123,2.1411192417144775,1.8649215698242188,1.7669998407363892,1.6495118141174316,1.3182998895645142,1.2941749095916748,1.0239094495773315,1.115902066230774,1.1548548936843872,2.5787174701690674,2.823378086090088,2.68117356300354,2.9868249893188477,2.8538241386413574,2.5881617069244385,2.5598862171173096,2.3630106449127197,2.369784116744995,2.377589225769043,2.137148857116699,2.3746845722198486,2.174581527709961,2.425077438354492,2.4710795879364014
