,A1,A2,A3,A4,A5,A6,A7,A8,A9,A10,A11,A12,A13,A14,A15,B1,B2,B3,B4,B5,B6,B7,B8,B9,B10,B11,B12,B13,B14,B15,C1,C2,C3,C4,C5,C6,C7,C8,C9,C10,C11,C12,C13,C14,C15,D1,D2,D3,D4,D5,D6,D7,D8,D9,D10,D11,D12,D13,D14,D15,E1,E2,E3,E4,E5,E6,E7,E8,E9,E10,E11,E12,E13,E14,E15
A1,0.0,0.38520127534866333,0.5924186706542969,0.9128843545913696,1.159218430519104,1.4480535984039307,1.6673710346221924,1.9748823642730713,2.256835699081421,2.520873785018921,2.751634359359741,3.0753042697906494,3.37723708152771,3.703554630279541,3.861663818359375,4.707921028137207,4.738400936126709,4.911449432373047,5.180408954620361,5.546708106994629,5.6540961265563965,5.875951290130615,5.908805847167969,6.259316444396973,6.371744632720947,6.678689479827881,6.763338088989258,6.653269290924072,6.636358261108398,6.301738262176514,5.093243598937988,4.831126689910889,4.635497093200684,4.275219917297363,4.139097690582275,3.8783018589019775,3.5822360515594482,3.5826122760772705,3.2076938152313232,3.29673433303833,3.0572147369384766,3.2746024131774902,3.1817305088043213,3.4651615619659424,3.5629734992980957,4.049398899078369,3.7882678508758545,3.3918349742889404,3.2827398777008057,2.9815258979797363,2.6605653762817383,2.5878958702087402,2.699436902999878,2.4130334854125977,2.560427665710449,2.5861878395080566,2.937702178955078,3.142839193344116,3.3808212280273438,3.2760584354400635,3.287446975708008,3.1293094158172607,2.938091993331909,2.876296281814575,2.9289042949676514,2.665430784225464,2.8744750022888184,2.5906362533569336,2.8199193477630615,2.650448799133301,2.9068498611450195,3.0805916786193848,2.9874069690704346,3.220273017883301,3.138252019882202
A2,0.38520127534866333,0.0,0.3825830817222595,0.5892577767372131,0.8940362334251404,1.1447676420211792,1.4048523902893066,1.7023767232894897,1.9516273736953735,2.2441840171813965,2.4625847339630127,2.7778823375701904,3.0928707122802734,3.406184434890747,3.579134464263916,4.3966064453125,4.428833961486816,4.620033264160156,4.895042896270752,5.257725715637207,5.380770206451416,5.6069416999816895,5.6579461097717285,6.0114641189575195,6.125460624694824,6.440415859222412,6.540879249572754,6.447582244873047,6.446699142456055,6.120913505554199,4.960090160369873,4.6857075691223145,4.466616153717041,4.115239143371582,3.9527525901794434,3.706073760986328,3.3868296146392822,3.387314796447754,3.0112099647521973,3.0973827838897705,2.8815739154815674,3.1147894859313965,3.062990427017212,3.373539686203003,3.4752039909362793,4.032001495361328,3.7768571376800537,3.381575107574463,3.305297613143921,3.0292277336120605,2.7073209285736084,2.6869566440582275,2.8164749145507812,2.566171646118164,2.7183659076690674,2.791351079940796,3.1516501903533936,3.3583266735076904,3.5711874961853027,3.4301979541778564,3.298021078109741,3.1310768127441406,2.899282932281494,2.8426270484924316,2.8454909324645996,2.584078073501587,2.756753921508789,2.4746181964874268,2.6883161067962646,2.5462265014648438,2.7845966815948486,2.995023727416992,2.9129393100738525,3.1809659004211426,3.120635747909546
A3,0.5924186706542969,0.3825830817222595,0.0,0.37971246242523193,0.5688872337341309,0.8653897643089294,1.0777173042297363,1.3831514120101929,1.6673201322555542,1.928819179534912,2.162281036376953,2.486124277114868,2.7857472896575928,3.1115732192993164,3.2706377506256104,4.1616339683532715,4.212794303894043,4.3862833976745605,4.6696248054504395,5.028453350067139,5.150087833404541,5.358926296234131,5.402614593505859,5.752471923828125,5.850932598114014,6.161932468414307,6.2533278465271,6.151636600494385,6.15375280380249,5.821659088134766,4.693256378173828,4.431760787963867,4.211090564727783,3.8594467639923096,3.6898763179779053,3.4240992069244385,3.1099936962127686,3.0827178955078125,2.701179265975952,2.7643487453460693,2.5310873985290527,2.750556707382202,2.69160532951355,3.003253698348999,3.1188838481903076,3.7544736862182617,3.5198779106140137,3.1209211349487305,3.074864625930786,2.7965595722198486,2.458325147628784,2.454188346862793,2.5627222061157227,2.3305017948150635,2.4596810340881348,2.57007098197937,2.9343349933624268,3.1574583053588867,3.3607850074768066,3.2052314281463623,3.1211915016174316,2.988640308380127,2.750887393951416,2.7434334754943848,2.7471463680267334,2.5270166397094727,2.720062732696533,2.479128122329712,2.7275912761688232,2.63234281539917,2.8968238830566406,3.130892038345337,3.0917131900787354,3.3714330196380615,3.346186637878418
A4,0.9128843545913696,0.5892577767372131,0.37971246242523193,0.0,0.39516639709472656,0.5598120093345642,0.8660682439804077,1.1314029693603516,1.3737133741378784,1.6741995811462402,1.8766754865646362,2.191277503967285,2.5105626583099365,2.825934648513794,3.011340379714966,3.907496929168701,3.969879150390625,4.165288925170898,4.460195541381836,4.811334609985352,4.955183506011963,5.163599491119385,5.229955196380615,5.581686019897461,5.67597770690918,5.995569705963135,6.103954792022705,6.02053689956665,6.043848514556885,5.720982074737549,4.664443492889404,4.394659042358398,4.147948265075684,3.8095569610595703,3.6074347496032715,3.3550238609313965,3.016897439956665,2.9779703617095947,2.5968658924102783,2.640676736831665,2.4315085411071777,2.6560933589935303,2.6443874835968018,2.983778715133667,3.114694356918335,3.8489530086517334,3.6287002563476562,3.2355597019195557,3.2271311283111572,2.9745800495147705,2.638885974884033,2.679004669189453,2.7913262844085693,2.5918028354644775,2.7107577323913574,2.8561131954193115,3.2206716537475586,3.4492011070251465,3.635288953781128,3.4562506675720215,3.2718939781188965,3.1380670070648193,2.866511106491089,2.8689708709716797,2.8242998123168945,2.6142072677612305,2.7667975425720215,2.534878730773926,2.761420726776123,2.695361852645874,2.9343204498291016,3.198805809020996,3.1663272380828857,3.4728593826293945,3.4616992473602295
A5,1.159218430519104,0.8940362334251404,0.5688872337341309,0.39516639709472656,0.0,0.3682396411895752,0.5128800272941589,0.8281561732292175,1.1104131937026978,1.3651455640792847,1.6140005588531494,1.9359713792800903,2.2285256385803223,2.5494816303253174,2.7031991481781006,3.624850034713745,3.695586919784546,3.8671715259552,4.163207530975342,4.5139079093933105,4.6481547355651855,4.844123840332031,4.897997856140137,5.246504306793213,5.332464694976807,5.647006034851074,5.745529651641846,5.653264045715332,5.673824310302734,5.346278667449951,4.30336332321167,4.042953968048096,3.797252893447876,3.4588406085968018,3.2547478675842285,2.989006519317627,2.6573121547698975,2.602433204650879,2.2186548709869385,2.255751609802246,2.03934907913208,2.2665750980377197,2.2561330795288086,2.5973968505859375,2.7239556312561035,3.4980320930480957,3.2935547828674316,2.903080463409424,2.924077272415161,2.6832468509674072,2.3455381393432617,2.417452573776245,2.5256402492523193,2.363750696182251,2.4770593643188477,2.6641311645507812,3.0253312587738037,3.251513719558716,3.411353826522827,3.207207202911377,3.004409074783325,2.899047374725342,2.6207780838012695,2.6673247814178467,2.619138717651367,2.4532082080841064,2.6207284927368164,2.4354543685913086,2.6923775672912598,2.674316644668579,2.9372901916503906,3.2192749977111816,3.232938766479492,3.546002149581909,3.57323956489563
A6,1.4480535984039307,1.1447676420211792,0.8653897643089294,0.5598120093345642,0.3682396411895752,0.0,0.39846593141555786,0.583917498588562,0.8207411766052246,1.1209036111831665,1.317954421043396,1.6340680122375488,1.9507606029510498,2.2686660289764404,2.457731246948242,3.4343481063842773,3.52791690826416,3.719649076461792,4.031862735748291,4.369997024536133,4.530015468597412,4.717898368835449,4.795221328735352,5.143011093139648,5.217155456542969,5.538832664489746,5.652109622955322,5.576394557952881,5.62114953994751,5.301728248596191,4.35206413269043,4.090953350067139,3.8211758136749268,3.5000665187835693,3.26216197013855,3.0063254833221436,2.6567037105560303,2.5753426551818848,2.1970362663269043,2.1934616565704346,1.9975937604904175,2.211362838745117,2.247807741165161,2.6115453243255615,2.765754222869873,3.6592650413513184,3.477574586868286,3.097097158432007,3.1555209159851074,2.9354188442230225,2.6013948917388916,2.7005038261413574,2.7965376377105713,2.6570334434509277,2.7463700771331787,2.955190658569336,3.311713457107544,3.5490424633026123,3.701432466506958,3.487621784210205,3.248528003692627,3.1511971950531006,2.8525476455688477,2.912975549697876,2.82867431640625,2.678488254547119,2.811708688735962,2.6398611068725586,2.87504506111145,2.8808979988098145,3.1190834045410156,3.4215784072875977,3.4376940727233887,3.7680201530456543,3.801856756210327
A7,1.6673710346221924,1.4048523902893066,1.0777173042297363,0.8660682439804077,0.5128800272941589,0.39846593141555786,0.0,0.3537804186344147,0.6555200815200806,0.8606376051902771,1.1398524045944214,1.460306167602539,1.7324074506759644,2.05429744720459,2.1949009895324707,3.1852192878723145,3.283731698989868,3.4443061351776123,3.754275321960449,4.09351110458374,4.238208770751953,4.413848400115967,4.4736552238464355,4.817972183227539,4.885533809661865,5.200697898864746,5.301329135894775,5.213905334472656,5.251948356628418,4.926682949066162,3.9801652431488037,3.729440450668335,3.4637670516967773,3.142113447189331,2.905775547027588,2.6351263523101807,2.2952167987823486,2.197415828704834,1.8158897161483765,1.8075017929077148,1.603377103805542,1.825989842414856,1.8658616542816162,2.2311794757843018,2.3745243549346924,3.2962591648101807,3.1309585571289062,2.7574853897094727,2.8454957008361816,2.6425154209136963,2.3148458003997803,2.4472086429595947,2.540545701980591,2.4448859691619873,2.531162977218628,2.7769529819488525,3.1236188411712646,3.3512747287750244,3.4733870029449463,3.235490560531616,2.971683979034424,2.904252529144287,2.604649543762207,2.7084176540374756,2.6240789890289307,2.5215771198272705,2.669494867324829,2.547102928161621,2.8091213703155518,2.857954978942871,3.118001699447632,3.429473876953125,3.488008737564087,3.8180484771728516,3.8858563899993896
A8,1.9748823642730713,1.7023767232894897,1.3831514120101929,1.1314029693603516,0.8281561732292175,0.583917498588562,0.3537804186344147,0.0,0.3687903881072998,0.5544581413269043,0.7947636246681213,1.1212303638458252,1.403586506843567,1.7362396717071533,1.902695655822754,3.003441333770752,3.1353254318237305,3.301675796508789,3.628711700439453,3.9511382579803467,4.117334842681885,4.27424955368042,4.3505682945251465,4.690099239349365,4.7376179695129395,5.055545806884766,5.163611888885498,5.086250305175781,5.147144794464111,4.8268656730651855,3.98734974861145,3.7465012073516846,3.4631776809692383,3.1619133949279785,2.8960845470428467,2.628303289413452,2.284292221069336,2.1432864665985107,1.7757149934768677,1.703538417816162,1.5131886005401611,1.7012677192687988,1.7861567735671997,2.1661016941070557,2.3443763256073,3.3996024131774902,3.26666522026062,2.9084084033966064,3.0363450050354004,2.8521170616149902,2.53039813041687,2.6815731525421143,2.7518773078918457,2.679755449295044,2.7340469360351562,3.00026273727417,3.3365097045898438,3.5757179260253906,3.6896910667419434,3.4466841220855713,3.1923775672912598,3.1457419395446777,2.8388078212738037,2.966155529022217,2.8608272075653076,2.7844576835632324,2.9120583534240723,2.8123486042022705,3.06290602684021,3.135589122772217,3.381397008895874,3.7061805725097656,3.7728288173675537,4.112582206726074,4.188756942749023
A9,2.256835699081421,1.9516273736953735,1.6673201322555542,1.3737133741378784,1.1104131937026978,0.8207411766052246,0.6555200815200806,0.3687903881072998,0.0,0.3800829350948334,0.5582254528999329,0.848068356513977,1.1573455333709717,1.4548413753509521,1.6487998962402344,2.7042322158813477,2.8442938327789307,3.0348379611968994,3.370229721069336,3.6834871768951416,3.871426820755005,4.031096458435059,4.132157802581787,4.4726881980896,4.521332740783691,4.847842216491699,4.9762420654296875,4.9219512939453125,5.003208160400391,4.698482036590576,3.9374706745147705,3.6872124671936035,3.3799288272857666,3.1022837162017822,2.8067100048065186,2.5715885162353516,2.209566354751587,2.070723295211792,1.7301901578903198,1.6498273611068726,1.5318949222564697,1.730145812034607,1.8866724967956543,2.273303508758545,2.4391257762908936,3.51457142829895,3.392124652862549,3.05442214012146,3.2067413330078125,3.0579240322113037,2.7586967945098877,2.9435672760009766,3.0309841632843018,2.9864845275878906,3.05081844329834,3.3298964500427246,3.661428213119507,3.8892204761505127,3.9823851585388184,3.7200710773468018,3.3376717567443848,3.282954216003418,2.9542737007141113,3.0793795585632324,2.9312379360198975,2.86673903465271,2.9503700733184814,2.8666107654571533,3.088517427444458,3.1885673999786377,3.406569004058838,3.748687505722046,3.8256754875183105,4.179837703704834,4.271791934967041
A10,2.520873785018921,2.2441840171813965,1.928819179534912,1.6741995811462402,1.3651455640792847,1.1209036111831665,0.8606376051902771,0.5544581413269043,0.3800829350948334,0.0,0.3716280162334442,0.6466426849365234,0.8762040138244629,1.1996902227401733,1.348401427268982,2.535322904586792,2.7046167850494385,2.8584814071655273,3.199838161468506,3.5013389587402344,3.683183431625366,3.8145759105682373,3.9032881259918213,4.235143184661865,4.261388301849365,4.5803422927856445,4.6956305503845215,4.630613803863525,4.716253757476807,4.405644416809082,3.7084217071533203,3.480832815170288,3.175337076187134,2.90976619720459,2.60685396194458,2.354714870452881,2.0139286518096924,1.8229094743728638,1.4980562925338745,1.3525370359420776,1.2310662269592285,1.393009066581726,1.5773894786834717,1.9621092081069946,2.144658088684082,3.317171573638916,3.2304561138153076,2.910654306411743,3.1018903255462646,2.970996379852295,2.6826083660125732,2.8865673542022705,2.9497740268707275,2.942988395690918,2.9811837673187256,3.286661386489868,3.5996830463409424,3.8270959854125977,3.898892402648926,3.6269190311431885,3.2831404209136963,3.2681703567504883,2.9500997066497803,3.119007110595703,2.977217197418213,2.960033655166626,3.0561745166778564,3.015958547592163,3.255683660507202,3.385211706161499,3.6174144744873047,3.9613497257232666,4.065866947174072,4.4160637855529785,4.527780055999756
A11,2.751634359359741,2.4625847339630127,2.162281036376953,1.8766754865646362,1.6140005588531494,1.317954421043396,1.1398524045944214,0.7947636246681213,0.5582254528999329,0.3716280162334442,0.0,0.33297473192214966,0.6434904336929321,0.9813073873519897,1.2160674333572388,2.5249786376953125,2.7298121452331543,2.903423309326172,3.258916139602661,3.5348541736602783,3.746551990509033,3.8604986667633057,3.9755263328552246,4.299338340759277,4.305459499359131,4.627249240875244,4.755746364593506,4.708058834075928,4.82105827331543,4.5218682289123535,3.9412341117858887,3.7222912311553955,3.404482364654541,3.1633059978485107,2.840951681137085,2.6056625843048096,2.270601749420166,2.057250738143921,1.768022894859314,1.576356053352356,1.4826135635375977,1.585194706916809,1.7932175397872925,2.167067050933838,2.381540298461914,3.6288208961486816,3.56147837638855,3.2518413066864014,3.4561960697174072,3.328392505645752,3.0393056869506836,3.2381746768951416,3.2846317291259766,3.2729196548461914,3.288654327392578,3.592599391937256,3.902294874191284,4.143782615661621,4.223803997039795,3.9601142406463623,3.6466052532196045,3.6345748901367188,3.3137080669403076,3.480814218521118,3.3275458812713623,3.3076961040496826,3.386446714401245,3.3411977291107178,3.5634942054748535,3.6920738220214844,3.9063236713409424,4.255858898162842,4.349724769592285,4.7068986892700195,4.811487674713135
A12,3.0753042697906494,2.7778823375701904,2.486124277114868,2.191277503967285,1.9359713792800903,1.6340680122375488,1.460306167602539,1.1212303638458252,0.848068356513977,0.6466426849365234,0.33297473192214966,0.0,0.36907073855400085,0.6700725555419922,0.9541715979576111,2.313398599624634,2.5467820167541504,2.725081205368042,3.0881905555725098,3.3409388065338135,3.5724148750305176,3.6700403690338135,3.8042852878570557,4.1200714111328125,4.111963748931885,4.435393333435059,4.575900077819824,4.545310974121094,4.680825710296631,4.395540237426758,3.927466630935669,3.715796947479248,3.385370969772339,3.174309015274048,2.8328778743743896,2.6231420040130615,2.297346591949463,2.069871425628662,1.8287490606307983,1.6098291873931885,1.5765761137008667,1.650665044784546,1.9045653343200684,2.261099338531494,2.4716179370880127,3.748751401901245,3.703049421310425,3.41646671295166,3.644761562347412,3.5426273345947266,3.2710418701171875,3.48895263671875,3.5351717472076416,3.5461435317993164,3.557445764541626,3.8724653720855713,4.172982215881348,4.4092254638671875,4.473158836364746,4.199256896972656,3.835522413253784,3.831186056137085,3.5049550533294678,3.6810972690582275,3.507218837738037,3.5067992210388184,3.5625994205474854,3.537900686264038,3.7451984882354736,3.895226240158081,4.094265937805176,4.451801776885986,4.557051181793213,4.919944763183594,5.03727388381958
A13,3.37723708152771,3.0928707122802734,2.7857472896575928,2.5105626583099365,2.2285256385803223,1.9507606029510498,1.7324074506759644,1.403586506843567,1.1573455333709717,0.8762040138244629,0.6434904336929321,0.36907073855400085,0.0,0.3817369341850281,0.6219112873077393,2.1358439922332764,2.4014792442321777,2.5430092811584473,2.9076664447784424,3.1382007598876953,3.3681182861328125,3.4340357780456543,3.5631585121154785,3.866107702255249,3.83375883102417,4.149707317352295,4.283027648925781,4.2502923011779785,4.397452354431152,4.114741802215576,3.74887752532959,3.5603716373443604,3.2312631607055664,3.0467689037323,2.6993772983551025,2.494922161102295,2.2014687061309814,1.9378029108047485,1.749634027481079,1.4813426733016968,1.4884705543518066,1.5085352659225464,1.7969245910644531,2.123265504837036,2.3333749771118164,3.658022403717041,3.6468570232391357,3.3883891105651855,3.648292064666748,3.5717031955718994,3.3206963539123535,3.556114435195923,3.5889015197753906,3.6344804763793945,3.6308562755584717,3.9632065296173096,4.244579792022705,4.4731831550598145,4.5135016441345215,4.230240345001221,3.8673818111419678,3.8915562629699707,3.5745668411254883,3.779515504837036,3.6044015884399414,3.641340732574463,3.6971628665924072,3.707977056503296,3.921215772628784,4.096688270568848,4.300559997558594,4.659984588623047,4.788334846496582,5.14898157119751,5.284836769104004
A14,3.703554630279541,3.406184434890747,3.1115732192993164,2.825934648513794,2.5494816303253174,2.2686660289764404,2.05429744720459,1.7362396717071533,1.4548413753509521,1.1996902227401733,0.9813073873519897,0.6700725555419922,0.3817369341850281,0.0,0.38359037041664124,1.8473517894744873,2.1397314071655273,2.2873761653900146,2.6546761989593506,2.857518434524536,3.1093339920043945,3.162520408630371,3.3167881965637207,3.6113555431365967,3.5711493492126465,3.8908727169036865,4.043457508087158,4.036465167999268,4.207877159118652,3.947307825088501,3.701941728591919,3.5162065029144287,3.1741135120391846,3.0285305976867676,2.6651556491851807,2.5059125423431396,2.2259325981140137,1.9729079008102417,1.8496007919311523,1.5921274423599243,1.6795663833618164,1.6981867551803589,2.022331476211548,2.3215670585632324,2.4999001026153564,3.786916494369507,3.7901968955993652,3.5599887371063232,3.836888551712036,3.792663812637329,3.5660369396209717,3.8237345218658447,3.869565486907959,3.9378814697265625,3.944436550140381,4.284570217132568,4.559417724609375,4.774354457855225,4.794045448303223,4.496100425720215,4.036590099334717,4.060044288635254,3.736178398132324,3.9419307708740234,3.740696907043457,3.7953481674194336,3.820244073867798,3.852825880050659,4.044323444366455,4.243215084075928,4.4266557693481445,4.792649745941162,4.934713363647461,5.2999467849731445,5.452086925506592
A15,3.861663818359375,3.579134464263916,3.2706377506256104,3.011340379714966,2.7031991481781006,2.457731246948242,2.1949009895324707,1.902695655822754,1.6487998962402344,1.348401427268982,1.2160674333572388,0.9541715979576111,0.6219112873077393,0.38359037041664124,0.0,1.6502655744552612,1.9526195526123047,2.042491912841797,2.4031338691711426,2.6005635261535645,2.830970525741577,2.862863540649414,2.9954023361206055,3.284431219100952,3.233768939971924,3.547149419784546,3.686305046081543,3.667813777923584,3.835482597351074,3.5708250999450684,3.368987798690796,3.20107102394104,2.8647208213806152,2.739727258682251,2.3787057399749756,2.226311683654785,1.9824752807617188,1.709026575088501,1.6450096368789673,1.3703486919403076,1.5122736692428589,1.50830078125,1.857007622718811,2.119814157485962,2.2662148475646973,3.5328080654144287,3.5610337257385254,3.3607664108276367,3.660799026489258,3.6463096141815186,3.4473726749420166,3.7243621349334717,3.7693123817443848,3.873802900314331,3.8811161518096924,4.234378814697266,4.4910149574279785,4.687335014343262,4.677916049957275,4.366791248321533,3.8749241828918457,3.9224181175231934,3.6107661724090576,3.8412203788757324,3.642037868499756,3.73431134223938,3.7623069286346436,3.832156181335449,4.032434940338135,4.25563907623291,4.448287487030029,4.811448574066162,4.97994327545166,5.338224411010742,5.511307716369629
B1,4.707921028137207,4.3966064453125,4.1616339683532715,3.907496929168701,3.624850034713745,3.4343481063842773,3.1852192878723145,3.003441333770752,2.7042322158813477,2.535322904586792,2.5249786376953125,2.313398599624634,2.1358439922332764,1.8473517894744873,1.6502655744552612,0.0,0.36799007654190063,0.5486370921134949,0.8894224166870117,1.0725750923156738,1.3735295534133911,1.514665961265564,1.7606830596923828,2.0719873905181885,2.1510050296783447,2.50536847114563,2.7557177543640137,2.8632936477661133,3.051814556121826,2.9064276218414307,2.8821616172790527,2.6630985736846924,2.2986416816711426,2.3387627601623535,1.9893875122070312,2.125727653503418,1.9564485549926758,1.9411392211914062,2.1002097129821777,2.099811315536499,2.4412717819213867,2.57861590385437,2.938199520111084,3.1304266452789307,3.0678744316101074,3.761911392211914,3.766932964324951,3.6810507774353027,3.9700281620025635,4.091247081756592,4.014439105987549,4.364656925201416,4.5189361572265625,4.689854145050049,4.803573131561279,5.153368949890137,5.398521423339844,5.5023417472839355,5.4078545570373535,5.036199569702148,3.9913973808288574,3.9833791255950928,3.65985369682312,3.8353772163391113,3.5313429832458496,3.679164171218872,3.5585079193115234,3.7210962772369385,3.8037331104278564,4.1151227951049805,4.20762300491333,4.563269138336182,4.797196388244629,5.143008708953857,5.392691612243652
B2,4.738400936126709,4.428833961486816,4.212794303894043,3.969879150390625,3.695586919784546,3.52791690826416,3.283731698989868,3.1353254318237305,2.8442938327789307,2.7046167850494385,2.7298121452331543,2.5467820167541504,2.4014792442321777,2.1397314071655273,1.9526195526123047,0.36799007654190063,0.0,0.4018963575363159,0.6720758676528931,0.9228044152259827,1.1963075399398804,1.4214025735855103,1.6637308597564697,1.988390326499939,2.13063645362854,2.4838380813598633,2.7434804439544678,2.861095905303955,3.023956537246704,2.8950564861297607,2.7861154079437256,2.5424692630767822,2.1819069385528564,2.2366890907287598,1.9098478555679321,2.0991194248199463,1.9387980699539185,1.9948235750198364,2.166396379470825,2.2299485206604004,2.5804927349090576,2.7529304027557373,3.100177526473999,3.2887840270996094,3.1896440982818604,3.73958420753479,3.7238423824310303,3.652613639831543,3.9236183166503906,4.064953804016113,4.01087760925293,4.368022918701172,4.548125267028809,4.724294662475586,4.864511013031006,5.206374168395996,5.451110363006592,5.534505367279053,5.427784442901611,5.048274040222168,3.893228769302368,3.8650412559509277,3.542475938796997,3.696373701095581,3.3753905296325684,3.5274863243103027,3.377187967300415,3.5548818111419678,3.611586570739746,3.935666799545288,4.007914066314697,4.355790615081787,4.601679801940918,4.939570903778076,5.203031539916992
B3,4.911449432373047,4.620033264160156,4.3862833976745605,4.165288925170898,3.8671715259552,3.719649076461792,3.4443061351776123,3.301675796508789,3.0348379611968994,2.8584814071655273,2.903423309326172,2.725081205368042,2.5430092811584473,2.2873761653900146,2.042491912841797,0.5486370921134949,0.4018963575363159,0.0,0.3685512840747833,0.6509374976158142,0.8734581470489502,1.072166085243225,1.2829608917236328,1.6169263124465942,1.7578625679016113,2.110582113265991,2.3571786880493164,2.4644477367401123,2.6224727630615234,2.494873523712158,2.471477746963501,2.2570908069610596,1.9106755256652832,2.015604257583618,1.7102415561676025,1.9302678108215332,1.8422448635101318,1.8950265645980835,2.13008451461792,2.1924679279327393,2.55926251411438,2.7056562900543213,3.0431435108184814,3.1882035732269287,3.0595340728759766,3.5445268154144287,3.5593855381011963,3.5264012813568115,3.8160111904144287,3.9841678142547607,3.9577364921569824,4.322610378265381,4.4930830001831055,4.697818279266357,4.830414772033691,5.178565979003906,5.402210235595703,5.470621585845947,5.339839935302734,4.955907821655273,3.8074588775634766,3.811037302017212,3.5124669075012207,3.6946487426757812,3.3902242183685303,3.581439256668091,3.448812484741211,3.6606388092041016,3.7358434200286865,4.073675632476807,4.164240837097168,4.502258777618408,4.768948078155518,5.094510078430176,5.371302604675293
B4,5.180408954620361,4.895042896270752,4.6696248054504395,4.460195541381836,4.163207530975342,4.031862735748291,3.754275321960449,3.628711700439453,3.370229721069336,3.199838161468506,3.258916139602661,3.0881905555725098,2.9076664447784424,2.6546761989593506,2.4031338691711426,0.8894224166870117,0.6720758676528931,0.3685512840747833,0.0,0.38610154390335083,0.5373148918151855,0.8149287104606628,1.0302329063415527,1.3582545518875122,1.5578292608261108,1.9000494480133057,2.161588668823242,2.29471755027771,2.441992998123169,2.355210781097412,2.3983802795410156,2.1942412853240967,1.8770560026168823,2.037968158721924,1.7824676036834717,2.057095527648926,2.0199902057647705,2.113767147064209,2.377661943435669,2.4694883823394775,2.8408851623535156,2.989285707473755,3.3137993812561035,3.434720277786255,3.274768352508545,3.6229934692382812,3.642125368118286,3.644385814666748,3.927858352661133,4.12427282333374,4.128370761871338,4.498863220214844,4.680765151977539,4.9011406898498535,5.046055793762207,5.3905134201049805,5.6029253005981445,5.6505022048950195,5.499661445617676,5.110057830810547,3.889493703842163,3.8927018642425537,3.610503673553467,3.7850632667541504,3.4763975143432617,3.6859123706817627,3.5341837406158447,3.7701985836029053,3.8259193897247314,4.176877975463867,4.2518744468688965,4.576330184936523,4.858772277832031,5.170903205871582,5.463481426239014
B5,5.546708106994629,5.257725715637207,5.028453350067139,4.811334609985352,4.5139079093933105,4.369997024536133,4.09351110458374,3.9511382579803467,3.6834871768951416,3.5013389587402344,3.5348541736602783,3.3409388065338135,3.1382007598876953,2.857518434524536,2.6005635261535645,1.0725750923156738,0.9228044152259827,0.6509374976158142,0.38610154390335083,0.0,0.37428852915763855,0.5566189289093018,0.8727021813392639,1.1406008005142212,1.3220938444137573,1.6584116220474243,1.95661199092865,2.1417815685272217,2.330486297607422,2.296985387802124,2.584646463394165,2.421489953994751,2.1322264671325684,2.3322393894195557,2.0963847637176514,2.3722598552703857,2.3626179695129395,2.431154251098633,2.7086052894592285,2.7711310386657715,3.1426167488098145,3.2626307010650635,3.5911920070648193,3.695464611053467,3.5426034927368164,3.9038636684417725,3.9463322162628174,3.967292308807373,4.261030197143555,4.465184211730957,4.474977016448975,4.84588098526001,5.017391681671143,5.245560646057129,5.379306793212891,5.728374481201172,5.933522701263428,5.981694221496582,5.824220657348633,5.4353742599487305,4.235766410827637,4.250504493713379,3.977182626724243,4.156858921051025,3.8510336875915527,4.066159725189209,3.9114396572113037,4.1508684158325195,4.1998772621154785,4.552404403686523,4.618975639343262,4.940738677978516,5.224069595336914,5.534235000610352,5.8294878005981445
B6,5.6540961265563965,5.380770206451416,5.150087833404541,4.955183506011963,4.6481547355651855,4.530015468597412,4.238208770751953,4.117334842681885,3.871426820755005,3.683183431625366,3.746551990509033,3.5724148750305176,3.3681182861328125,3.1093339920043945,2.830970525741577,1.3735295534133911,1.1963075399398804,0.8734581470489502,0.5373148918151855,0.37428852915763855,0.0,0.38569918274879456,0.5923473834991455,0.8753088712692261,1.1351345777511597,1.4510818719863892,1.7296686172485352,1.9036755561828613,2.0550875663757324,2.0374701023101807,2.3300883769989014,2.1846776008605957,1.9313745498657227,2.1747934818267822,1.9907170534133911,2.3006277084350586,2.3460114002227783,2.4445669651031494,2.751875638961792,2.842681407928467,3.2160184383392334,3.3368260860443115,3.6451969146728516,3.719435214996338,3.5310323238372803,3.7548410892486572,3.806121349334717,3.862208366394043,4.152805328369141,4.3829264640808105,4.423721790313721,4.797802448272705,4.9745073318481445,5.221861362457275,5.363557815551758,5.708859443664551,5.897707939147949,5.923866271972656,5.744691371917725,5.3525800704956055,4.115333557128906,4.142079830169678,3.892259359359741,4.077610969543457,3.782047986984253,4.022768497467041,3.870457649230957,4.136679649353027,4.1872782707214355,4.549742698669434,4.620934963226318,4.927862644195557,5.228854179382324,5.523143768310547,5.831694602966309
B7,5.875951290130615,5.6069416999816895,5.358926296234131,5.163599491119385,4.844123840332031,4.717898368835449,4.413848400115967,4.27424955368042,4.031096458435059,3.8145759105682373,3.8604986667633057,3.6700403690338135,3.4340357780456543,3.162520408630371,2.862863540649414,1.514665961265564,1.4214025735855103,1.072166085243225,0.8149287104606628,0.5566189289093018,0.38569918274879456,0.0,0.37181708216667175,0.5905905961990356,0.7779470682144165,1.108431100845337,1.4042576551437378,1.6035062074661255,1.8036918640136719,1.8116060495376587,2.367800712585449,2.278451681137085,2.049422264099121,2.3150393962860107,2.138582706451416,2.424453020095825,2.5021326541900635,2.5542919635772705,2.879725456237793,2.9291656017303467,3.29866623878479,3.3790245056152344,3.68552827835083,3.733015537261963,3.5542736053466797,3.8288052082061768,3.9158709049224854,3.987424612045288,4.298346996307373,4.529945373535156,4.571533203125,4.943401336669922,5.096900463104248,5.355593681335449,5.474598407745361,5.82742977142334,6.003640651702881,6.034697532653809,5.849637508392334,5.461915016174316,4.305431842803955,4.360635757446289,4.123136520385742,4.332507610321045,4.053836822509766,4.30652379989624,4.175857067108154,4.44533634185791,4.514630317687988,4.875651836395264,4.961880207061768,5.270594120025635,5.572356224060059,5.867502689361572,6.174008369445801
B8,5.908805847167969,5.6579461097717285,5.402614593505859,5.229955196380615,4.897997856140137,4.795221328735352,4.4736552238464355,4.3505682945251465,4.132157802581787,3.9032881259918213,3.9755263328552246,3.8042852878570557,3.5631585121154785,3.3167881965637207,2.9954023361206055,1.7606830596923828,1.6637308597564697,1.2829608917236328,1.0302329063415527,0.8727021813392639,0.5923473834991455,0.37181708216667175,0.0,0.3604457378387451,0.6183570027351379,0.9188207387924194,1.1572712659835815,1.3122408390045166,1.4696297645568848,1.472714900970459,2.0702669620513916,2.017392873764038,1.831365942955017,2.1317691802978516,2.0055248737335205,2.301570415496826,2.435535430908203,2.497715473175049,2.8480618000030518,2.9116034507751465,3.2758495807647705,3.3472137451171875,3.630141019821167,3.64361310005188,3.4358389377593994,3.603426694869995,3.708308458328247,3.812072992324829,4.125141620635986,4.376031398773193,4.442956447601318,4.814098358154297,4.96337890625,5.2405290603637695,5.358849048614502,5.708899021148682,5.866589069366455,5.880395412445068,5.67647123336792,5.289220333099365,4.141071796417236,4.217949390411377,4.006234169006348,4.230449676513672,3.971611976623535,4.248424530029297,4.134582042694092,4.424705505371094,4.508181095123291,4.873407363891602,4.975027561187744,5.271810531616211,5.586688041687012,5.868625640869141,6.182527542114258
B9,6.259316444396973,6.0114641189575195,5.752471923828125,5.581686019897461,5.246504306793213,5.143011093139648,4.817972183227539,4.690099239349365,4.4726881980896,4.235143184661865,4.299338340759277,4.1200714111328125,3.866107702255249,3.6113555431365967,3.284431219100952,2.0719873905181885,1.988390326499939,1.6169263124465942,1.3582545518875122,1.1406008005142212,0.8753088712692261,0.5905905961990356,0.3604457378387451,0.0,0.37964245676994324,0.6048542261123657,0.8742265701293945,1.0965484380722046,1.2851482629776,1.3771851062774658,2.2316370010375977,2.227033853530884,2.0863678455352783,2.4085471630096436,2.312429428100586,2.604706048965454,2.7628731727600098,2.815030574798584,3.1731905937194824,3.2243144512176514,3.5835535526275635,3.6348888874053955,3.910290002822876,3.9017038345336914,3.6916615962982178,3.8238885402679443,3.949469804763794,4.0768351554870605,4.393155097961426,4.654590129852295,4.734281539916992,5.103298187255859,5.244164943695068,5.5316901206970215,5.642388343811035,5.992797374725342,6.137905120849609,6.144935607910156,5.929661273956299,5.545176029205322,4.417557716369629,4.507066249847412,4.310844421386719,4.539529323577881,4.288475036621094,4.574331283569336,4.4613165855407715,4.75931453704834,4.840140342712402,5.207772254943848,5.306501865386963,5.596894264221191,5.916800022125244,6.192338943481445,6.511141300201416
B10,6.371744632720947,6.125460624694824,5.850932598114014,5.67597770690918,5.332464694976807,5.217155456542969,4.885533809661865,4.7376179695129395,4.521332740783691,4.261388301849365,4.305459499359131,4.111963748931885,3.83375883102417,3.5711493492126465,3.233768939971924,2.1510050296783447,2.13063645362854,1.7578625679016113,1.5578292608261108,1.3220938444137573,1.1351345777511597,0.7779470682144165,0.6183570027351379,0.37964245676994324,0.0,0.3551085889339447,0.6495787501335144,0.8997547030448914,1.1793673038482666,1.277647614479065,2.357450485229492,2.3911783695220947,2.25425386428833,2.566261053085327,2.4565300941467285,2.7102763652801514,2.874995470046997,2.8782501220703125,3.237797260284424,3.2451624870300293,3.5945839881896973,3.6085095405578613,3.8829166889190674,3.8574674129486084,3.6691620349884033,3.8978655338287354,4.051520824432373,4.177080154418945,4.5112104415893555,4.7618255615234375,4.830113410949707,5.193762302398682,5.3101301193237305,5.600215911865234,5.686274528503418,6.043386936187744,6.181440830230713,6.201004505157471,5.9892659187316895,5.612035274505615,4.582584857940674,4.693455219268799,4.499864101409912,4.748438358306885,4.510246753692627,4.797274112701416,4.705129146575928,4.996453762054443,5.096323490142822,5.458941459655762,5.572879791259766,5.870769023895264,6.185506820678711,6.467837810516357,6.7795515060424805
B11,6.678689479827881,6.440415859222412,6.161932468414307,5.995569705963135,5.647006034851074,5.538832664489746,5.200697898864746,5.055545806884766,4.847842216491699,4.5803422927856445,4.627249240875244,4.435393333435059,4.149707317352295,3.8908727169036865,3.547149419784546,2.50536847114563,2.4838380813598633,2.110582113265991,1.9000494480133057,1.6584116220474243,1.4510818719863892,1.108431100845337,0.9188207387924194,0.6048542261123657,0.3551085889339447,0.0,0.3589993119239807,0.6959700584411621,0.9964101910591125,1.190612554550171,2.463632345199585,2.541865110397339,2.451195240020752,2.7806954383850098,2.7066524028778076,2.958775758743286,3.152256965637207,3.154543399810791,3.522357702255249,3.5276272296905518,3.8692197799682617,3.8678245544433594,4.12700891494751,4.075577735900879,3.8779664039611816,4.042464733123779,4.215435028076172,4.3672943115234375,4.701745510101318,4.964632034301758,5.049903869628906,5.409994125366211,5.5185699462890625,5.82084846496582,5.900951385498047,6.255923271179199,6.378052711486816,6.386749744415283,6.161121368408203,5.78784704208374,4.780978679656982,4.906619548797607,4.732682704925537,4.987307548522949,4.7610554695129395,5.060365200042725,4.973439693450928,5.275630474090576,5.377148628234863,5.742189884185791,5.858175754547119,6.1475830078125,6.46948766708374,6.742943286895752,7.060164451599121
B12,6.763338088989258,6.540879249572754,6.2533278465271,6.103954792022705,5.745529651641846,5.652109622955322,5.301329135894775,5.163611888885498,4.9762420654296875,4.6956305503845215,4.755746364593506,4.575900077819824,4.283027648925781,4.043457508087158,3.686305046081543,2.7557177543640137,2.7434804439544678,2.3571786880493164,2.161588668823242,1.95661199092865,1.7296686172485352,1.4042576551437378,1.1572712659835815,0.8742265701293945,0.6495787501335144,0.3589993119239807,0.0,0.3687492311000824,0.6853289008140564,0.9274518489837646,2.3601484298706055,2.4893991947174072,2.4448835849761963,2.7809832096099854,2.7436463832855225,2.9786782264709473,3.208867311477661,3.201789140701294,3.578411340713501,3.579643964767456,3.906989336013794,3.886223793029785,4.121378421783447,4.036705017089844,3.8266210556030273,3.9314708709716797,4.128668308258057,4.305062294006348,4.6425461769104,4.913724422454834,5.014699459075928,5.367794036865234,5.46251916885376,5.778143882751465,5.847883701324463,6.199819087982178,6.302524566650391,6.300955772399902,6.062150955200195,5.695613384246826,4.745859146118164,4.895339012145996,4.745343208312988,5.015231132507324,4.811654567718506,5.125842094421387,5.05966329574585,5.371696949005127,5.489412307739258,5.853006839752197,5.9849982261657715,6.266459941864014,6.594544410705566,6.859090328216553,7.1778669357299805
B13,6.653269290924072,6.447582244873047,6.151636600494385,6.02053689956665,5.653264045715332,5.576394557952881,5.213905334472656,5.086250305175781,4.9219512939453125,4.630613803863525,4.708058834075928,4.545310974121094,4.2502923011779785,4.036465167999268,3.667813777923584,2.8632936477661133,2.861095905303955,2.4644477367401123,2.29471755027771,2.1417815685272217,1.9036755561828613,1.6035062074661255,1.3122408390045166,1.0965484380722046,0.8997547030448914,0.6959700584411621,0.3687492311000824,0.0,0.37739360332489014,0.5904795527458191,2.130958318710327,2.302912712097168,2.2946085929870605,2.6262550354003906,2.61924409866333,2.830366849899292,3.092472553253174,3.0750815868377686,3.45635986328125,3.455634355545044,3.766838312149048,3.7311151027679443,3.941511869430542,3.828216791152954,3.605463743209839,3.663764238357544,3.8809471130371094,4.073904037475586,4.414372444152832,4.688904285430908,4.800705909729004,5.146228313446045,5.227965831756592,5.553524494171143,5.61409854888916,5.962680339813232,6.049626350402832,6.0406365394592285,5.792985439300537,5.432785511016846,4.544391632080078,4.71616268157959,4.586474895477295,4.872183799743652,4.692187786102295,5.017741680145264,4.976178169250488,5.2937541007995605,5.431545257568359,5.790701866149902,5.942286014556885,6.217666149139404,6.548798561096191,6.806443691253662,7.123269081115723
