,A1,A2,A3,A4,A5,A6,A7,A8,A9,A10,A11,A12,A13,A14,A15,B1,B2,B3,B4,B5,B6,B7,B8,B9,B10,B11,B12,B13,B14,B15,C1,C2,C3,C4,C5,C6,C7,C8,C9,C10,C11,C12,C13,C14,C15,D1,D2,D3,D4,D5,D6,D7,D8,D9,D10,D11,D12,D13,D14,D15,E1,E2,E3,E4,E5,E6,E7,E8,E9,E10,E11,E12,E13,E14,E15
A1,0.0,0.3659645617008209,0.6660553812980652,0.9475091099739075,1.2879388332366943,1.6135523319244385,1.9243595600128174,2.237179756164551,2.4263622760772705,2.7900636196136475,2.993731737136841,3.088390350341797,3.164736270904541,3.0825822353363037,2.8921279907226562,2.987147569656372,3.180457592010498,3.141629934310913,3.283639430999756,3.2350544929504395,3.0467722415924072,3.2440860271453857,3.2563841342926025,3.1844797134399414,3.376066207885742,3.4914820194244385,3.685695171356201,3.898237943649292,3.8360519409179688,3.9490175247192383,4.234989166259766,3.96016001701355,4.179993629455566,3.943481922149658,4.167256832122803,4.024829387664795,4.189957618713379,4.516506671905518,4.823331832885742,5.190372943878174,5.449109077453613,5.774806499481201,5.848776817321777,5.999613285064697,5.733333587646484,5.316823482513428,5.533235549926758,5.454300880432129,5.656997203826904,5.471426010131836,5.665280818939209,5.605616569519043,5.8931884765625,6.170254707336426,6.342123031616211,6.675196647644043,6.996273994445801,7.131453037261963,7.212896347045898,6.994495868682861,6.948829174041748,6.937061786651611,6.774442195892334,6.891303062438965,6.7068023681640625,6.8592658042907715,6.741438865661621,6.9496002197265625,7.111782073974609,7.246538162231445,7.3369855880737305,7.607036590576172,7.756671905517578,8.057713508605957,8.080890655517578
A2,0.3659645617008209,0.0,0.3158353567123413,0.6323704123497009,0.991032063961029,1.285575032234192,1.610812783241272,1.9152625799179077,2.126479148864746,2.4800002574920654,2.704096555709839,2.827272891998291,2.927204132080078,2.870887279510498,2.7152798175811768,2.9162206649780273,3.0917344093322754,3.043638229370117,3.151712656021118,3.0919597148895264,2.8783316612243652,3.047391653060913,3.0267221927642822,2.939544200897217,3.123971700668335,3.2128472328186035,3.39009428024292,3.6053099632263184,3.55027174949646,3.686493158340454,4.082874774932861,3.8156750202178955,4.050227165222168,3.8332877159118652,4.080317974090576,3.9676575660705566,4.161449432373047,4.500280380249023,4.813570976257324,5.182359218597412,5.437609672546387,5.751048564910889,5.803419589996338,5.934439659118652,5.650882720947266,5.137646198272705,5.353291034698486,5.288871765136719,5.510380268096924,5.344714641571045,5.5519585609436035,5.514318943023682,5.813282012939453,6.0997724533081055,6.2891845703125,6.620379447937012,6.9315080642700195,7.051121711730957,7.114254474639893,6.883286952972412,6.74721622467041,6.723540782928467,6.549637317657471,6.66806697845459,6.472728252410889,6.628647804260254,6.516641616821289,6.735316753387451,6.913409233093262,7.0594987869262695,7.165274143218994,7.444492340087891,7.60505485534668,7.9084153175354,7.945699691772461
A3,0.6660553812980652,0.3158353567123413,0.0,0.34195810556411743,0.6984142661094666,0.9744612574577332,1.3013972043991089,1.6016260385513306,1.821904182434082,2.1707115173339844,2.403761863708496,2.5415585041046143,2.658986806869507,2.6250486373901367,2.494215965270996,2.837290048599243,3.0083565711975098,2.96854305267334,3.0549895763397217,3.0015106201171875,2.7778148651123047,2.9275310039520264,2.880741596221924,2.7932827472686768,2.9816226959228516,3.0432209968566895,3.1941921710968018,3.398564577102661,3.335510015487671,3.4947776794433594,3.946077823638916,3.6782619953155518,3.91526198387146,3.7088253498077393,3.968832492828369,3.8774607181549072,4.095488548278809,4.440148830413818,4.762210845947266,5.129425525665283,5.375007152557373,5.678173542022705,5.7107038497924805,5.829288482666016,5.532116413116455,4.96496057510376,5.187125205993652,5.141139984130859,5.376267910003662,5.228084087371826,5.439628601074219,5.42254114151001,5.726588249206543,6.023289203643799,6.225537300109863,6.551822185516357,6.854605674743652,6.958916187286377,7.009964942932129,6.76611852645874,6.558633327484131,6.531284809112549,6.353077411651611,6.479764461517334,6.280957221984863,6.446383953094482,6.345984935760498,6.576837062835693,6.767594814300537,6.926745891571045,7.044164180755615,7.328395366668701,7.494027137756348,7.794736862182617,7.839848041534424
A4,0.9475091099739075,0.6323704123497009,0.34195810556411743,0.0,0.36494171619415283,0.6673188805580139,0.9872142672538757,1.3090907335281372,1.5409635305404663,1.8896180391311646,2.1262412071228027,2.2680416107177734,2.4120452404022217,2.4120938777923584,2.297062635421753,2.875814199447632,3.0578274726867676,3.044154644012451,3.120333194732666,3.087829351425171,2.866307258605957,3.0013763904571533,2.930867910385132,2.8509552478790283,3.0454862117767334,3.0735063552856445,3.1870155334472656,3.3714711666107178,3.2914276123046875,3.4796371459960938,3.949016571044922,3.6721699237823486,3.898350477218628,3.692838430404663,3.9550230503082275,3.8759946823120117,4.114923000335693,4.458250045776367,4.793264865875244,5.1552934646606445,5.3829240798950195,5.678153038024902,5.691184997558594,5.8056817054748535,5.497375965118408,4.916556358337402,5.153703212738037,5.13300085067749,5.378554344177246,5.24749755859375,5.4547576904296875,5.458339691162109,5.761430263519287,6.069765567779541,6.280611991882324,6.598789215087891,6.894583225250244,6.982883930206299,7.027228355407715,6.768847465515137,6.496218681335449,6.4718499183654785,6.2943878173828125,6.436738014221191,6.239392280578613,6.420665264129639,6.338322162628174,6.584361553192139,6.787500381469727,6.9623703956604,7.090188026428223,7.376875877380371,7.543797969818115,7.837819576263428,7.8865861892700195
A5,1.2879388332366943,0.991032063961029,0.6984142661094666,0.36494171619415283,0.0,0.3755379915237427,0.6444051861763,0.9817853569984436,1.2090288400650024,1.5581228733062744,1.7908631563186646,1.933517575263977,2.1004419326782227,2.134012460708618,2.0414540767669678,2.85247802734375,3.041025400161743,3.0544497966766357,3.1184980869293213,3.1101996898651123,2.896451711654663,3.0174291133880615,2.927056074142456,2.8627233505249023,3.067373752593994,3.064645290374756,3.1373400688171387,3.292681932449341,3.1888105869293213,3.401798725128174,3.8719160556793213,3.587963104248047,3.8013670444488525,3.599947929382324,3.863927125930786,3.801327705383301,4.062170028686523,4.403153419494629,4.749027252197266,5.104020595550537,5.312795639038086,5.597064971923828,5.588467121124268,5.695944309234619,5.3763861656188965,4.7802653312683105,5.032022953033447,5.037506580352783,5.292412281036377,5.179764270782471,5.381688117980957,5.407351016998291,5.708598613739014,6.028212070465088,6.24815034866333,6.55678129196167,6.843889236450195,6.9147162437438965,6.951359272003174,6.678408622741699,6.341293811798096,6.321195602416992,6.146345615386963,6.305078983306885,6.111717224121094,6.309683322906494,6.24699068069458,6.507857799530029,6.721800327301025,6.912616729736328,7.049765586853027,7.3373918533325195,7.504092216491699,7.789701461791992,7.841241836547852
A6,1.6135523319244385,1.285575032234192,0.9744612574577332,0.6673188805580139,0.3755379915237427,0.0,0.35611122846603394,0.6703665256500244,0.968022882938385,1.2777607440948486,1.5536596775054932,1.7522590160369873,1.964219093322754,2.048816442489624,2.021771192550659,2.938464403152466,3.09855055809021,3.1009933948516846,3.123595952987671,3.1032073497772217,2.8696608543395996,2.9493374824523926,2.8184144496917725,2.737802267074585,2.9246296882629395,2.880953311920166,2.9207346439361572,3.07228684425354,2.978926420211792,3.2235970497131348,3.8265650272369385,3.5595474243164062,3.7846107482910156,3.612297534942627,3.896000623703003,3.8685076236724854,4.153007984161377,4.499467849731445,4.844796657562256,5.196034908294678,5.39902400970459,5.6667399406433105,5.6356048583984375,5.719889163970947,5.385258197784424,4.6821980476379395,4.929657936096191,4.953179359436035,5.227099418640137,5.139290809631348,5.353951930999756,5.403742790222168,5.713805198669434,6.039531707763672,6.275810241699219,6.579737663269043,6.853692531585693,6.9074578285217285,6.923527240753174,6.63914680480957,6.197876453399658,6.163105487823486,5.975412368774414,6.135091304779053,5.929564952850342,6.130502223968506,6.075724124908447,6.347430229187012,6.578952789306641,6.781556606292725,6.935565948486328,7.231724262237549,7.409940719604492,7.696598529815674,7.763932704925537
A7,1.9243595600128174,1.610812783241272,1.3013972043991089,0.9872142672538757,0.6444051861763,0.35611122846603394,0.0,0.3586556911468506,0.6472199559211731,0.9496921896934509,1.2189313173294067,1.4215365648269653,1.6605702638626099,1.7860101461410522,1.793303370475769,2.919766426086426,3.083418607711792,3.113663911819458,3.1268742084503174,3.1335906982421875,2.9166195392608643,2.9855661392211914,2.843205213546753,2.786255121231079,2.984266996383667,2.9160661697387695,2.9138784408569336,3.0268614292144775,2.903841733932495,3.166661024093628,3.742750406265259,3.4710640907287598,3.6788864135742188,3.512359142303467,3.793431043624878,3.782411813735962,4.084503173828125,4.424865245819092,4.777185916900635,5.118728160858154,5.302206993103027,5.557469844818115,5.505692958831787,5.582692623138428,5.239358425140381,4.530895709991455,4.7922749519348145,4.841588497161865,5.121457099914551,5.051303863525391,5.2578535079956055,5.328190803527832,5.633714199066162,5.968501567840576,6.211638450622559,6.504705429077148,6.769441604614258,6.806445121765137,6.81605863571167,6.518938064575195,6.022630214691162,5.994304656982422,5.811975002288818,5.988461971282959,5.790192604064941,6.0079803466796875,5.973738670349121,6.258504390716553,6.497684955596924,6.7147979736328125,6.875466823577881,7.170042514801025,7.345574378967285,7.622051239013672,7.689953327178955
A8,2.237179756164551,1.9152625799179077,1.6016260385513306,1.3090907335281372,0.9817853569984436,0.6703665256500244,0.3586556911468506,0.0,0.3773122727870941,0.6133314967155457,0.9175410270690918,1.1739767789840698,1.4407442808151245,1.6073708534240723,1.685005784034729,2.886995315551758,3.0264408588409424,3.058459520339966,3.0397279262542725,3.051264762878418,2.835521936416626,2.874748945236206,2.70820689201355,2.660177230834961,2.8553264141082764,2.7570762634277344,2.714996814727783,2.7990033626556396,2.6630821228027344,2.9463396072387695,3.578439712524414,3.3204708099365234,3.5289180278778076,3.3885974884033203,3.6810410022735596,3.7027347087860107,4.024390697479248,4.364674091339111,4.714313983917236,5.048120021820068,5.222340106964111,5.459677219390869,5.386177062988281,5.442061901092529,5.087203025817871,4.302999019622803,4.56411075592041,4.63287878036499,4.925212860107422,4.877589702606201,5.088944911956787,5.181919097900391,5.490557670593262,5.830634117126465,6.086381435394287,6.371620178222656,6.62320613861084,6.643337249755859,6.6367645263671875,6.32940149307251,5.753567218780518,5.718835353851318,5.531796932220459,5.714028835296631,5.513062477111816,5.738383769989014,5.7166643142700195,6.01139497756958,6.261574745178223,6.490322113037109,6.661887168884277,6.959299087524414,7.13927698135376,7.4114227294921875,7.488209247589111
A9,2.4263622760772705,2.126479148864746,1.821904182434082,1.5409635305404663,1.2090288400650024,0.968022882938385,0.6472199559211731,0.3773122727870941,0.0,0.3795081675052643,0.5905744433403015,0.8133226633071899,1.0644139051437378,1.238513469696045,1.343749761581421,2.683000087738037,2.8303382396698,2.896836042404175,2.883957862854004,2.934326410293579,2.753699779510498,2.8038928508758545,2.6538455486297607,2.6517298221588135,2.8751137256622314,2.7833259105682373,2.717965841293335,2.7513480186462402,2.566044330596924,2.838758707046509,3.3401129245758057,3.0710771083831787,3.2553298473358154,3.112236976623535,3.39490008354187,3.42490816116333,3.7562990188598633,4.088149070739746,4.4415059089660645,4.765726566314697,4.924054145812988,5.1526408195495605,5.066769599914551,5.121175765991211,4.763688087463379,4.018863677978516,4.296008586883545,4.381000995635986,4.668409824371338,4.626741886138916,4.823258876800537,4.926511764526367,5.226217269897461,5.572074890136719,5.827970027923584,6.103635787963867,6.3506574630737305,6.361379623413086,6.357219696044922,6.043175220489502,5.472863674163818,5.454414367675781,5.282306671142578,5.48099422454834,5.29775333404541,5.538849353790283,5.533938884735107,5.834399700164795,6.079223155975342,6.315553665161133,6.4823150634765625,6.771479606628418,6.940430641174316,7.200207710266113,7.267709732055664
A10,2.7900636196136475,2.4800002574920654,2.1707115173339844,1.8896180391311646,1.5581228733062744,1.2777607440948486,0.9496921896934509,0.6133314967155457,0.3795081675052643,0.0,0.3534350097179413,0.6938295960426331,1.0070604085922241,1.263611078262329,1.4596529006958008,2.8709475994110107,2.9915428161621094,3.0575506687164307,3.009843111038208,3.06008243560791,2.8792331218719482,2.890880584716797,2.7106709480285645,2.7080893516540527,2.91300106048584,2.7805213928222656,2.6663684844970703,2.66951847076416,2.4809916019439697,2.7823050022125244,3.3677804470062256,3.120133876800537,3.299847364425659,3.1896073818206787,3.478433132171631,3.543623924255371,3.8916618824005127,4.2175445556640625,4.566061019897461,4.877828121185303,5.0212297439575195,5.228021144866943,5.116157531738281,5.14723014831543,4.7781853675842285,3.948538064956665,4.224477291107178,4.337278366088867,4.639538288116455,4.628077030181885,4.828500270843506,4.959602355957031,5.260371208190918,5.610874176025391,5.879994869232178,6.144433975219727,6.374566078186035,6.363978385925293,6.340041160583496,6.013452529907227,5.331498622894287,5.303629398345947,5.124453544616699,5.331374168395996,5.143012046813965,5.3937177658081055,5.406474590301514,5.720211505889893,5.981482982635498,6.232797145843506,6.415234565734863,6.708441734313965,6.884293079376221,7.138483047485352,7.218634605407715
A11,2.993731737136841,2.704096555709839,2.403761863708496,2.1262412071228027,1.7908631563186646,1.5536596775054932,1.2189313173294067,0.9175410270690918,0.5905744433403015,0.3534350097179413,0.0,0.36180877685546875,0.6874575614929199,0.9901678562164307,1.229820966720581,2.7859253883361816,2.9168245792388916,3.019577741622925,2.9823546409606934,3.0713231563568115,2.9280788898468018,2.9522838592529297,2.7924365997314453,2.830590009689331,3.056363344192505,2.9327902793884277,2.8013687133789062,2.758505344390869,2.526979684829712,2.812070369720459,3.246161460876465,2.9882922172546387,3.1348214149475098,3.0207135677337646,3.2914884090423584,3.362543821334839,3.716461658477783,4.028102874755859,4.379580497741699,4.67800760269165,4.800485610961914,4.997330665588379,4.871767044067383,4.903441905975342,4.5333781242370605,3.7627339363098145,4.056985378265381,4.18966817855835,4.484179496765137,4.479743957519531,4.660801410675049,4.802574157714844,5.090653419494629,5.4461750984191895,5.7132887840271,5.965743541717529,6.190552711486816,6.169454097747803,6.1493000984191895,5.815690517425537,5.138659477233887,5.130056381225586,4.968797206878662,5.194937229156494,5.02717924118042,5.295172214508057,5.3274946212768555,5.646749019622803,5.901998996734619,6.160972595214844,6.338045120239258,6.621499538421631,6.784987449645996,7.024841785430908,7.094620227813721
A12,3.088390350341797,2.827272891998291,2.5415585041046143,2.2680416107177734,1.933517575263977,1.7522590160369873,1.4215365648269653,1.1739767789840698,0.8133226633071899,0.6938295960426331,0.36180877685546875,0.0,0.37104275822639465,0.7164589166641235,0.9585520625114441,2.6822078227996826,2.840273857116699,2.9856457710266113,2.9786617755889893,3.1088168621063232,3.0056607723236084,3.0597028732299805,2.9337196350097656,3.008916139602661,3.259183168411255,3.1595890522003174,3.032658100128174,2.9622230529785156,2.6956610679626465,2.9516279697418213,3.1829354763031006,2.903407096862793,3.0101871490478516,2.873061418533325,3.115043878555298,3.1722123622894287,3.5227720737457275,3.818146228790283,4.176252841949463,4.464019775390625,4.566935062408447,4.763413906097412,4.634633541107178,4.680891990661621,4.316442966461182,3.66878342628479,3.984215021133423,4.12640380859375,4.403448581695557,4.392385959625244,4.547647476196289,4.687597274780273,4.9589738845825195,5.317475318908691,5.574692249298096,5.818004608154297,6.044826507568359,6.021836280822754,6.016364574432373,5.680968284606934,5.0637054443359375,5.081773281097412,4.944610595703125,5.188119411468506,5.045787811279297,5.327648162841797,5.373533725738525,5.692213535308838,5.933474540710449,6.193643093109131,6.357800006866455,6.628355026245117,6.774956226348877,7.001032829284668,7.053379058837891
A13,3.164736270904541,2.927204132080078,2.658986806869507,2.4120452404022217,2.1004419326782227,1.964219093322754,1.6605702638626099,1.4407442808151245,1.0644139051437378,1.0070604085922241,0.6874575614929199,0.37104275822639465,0.0,0.3735456168651581,0.6706949472427368,2.423232078552246,2.5895779132843018,2.7669756412506104,2.778043031692505,2.944387674331665,2.882444381713867,2.9597299098968506,2.8685414791107178,2.9848673343658447,3.258990526199341,3.187591552734375,3.0676045417785645,2.9668850898742676,2.665065288543701,2.8829236030578613,2.920569658279419,2.627249002456665,2.7046754360198975,2.5554628372192383,2.779813051223755,2.8351874351501465,3.1860508918762207,3.472019672393799,3.830472707748413,4.111253261566162,4.205661773681641,4.399968147277832,4.27000617980957,4.321812152862549,3.9605495929718018,3.393995523452759,3.7226223945617676,3.865168809890747,4.126523494720459,4.107298851013184,4.244727611541748,4.381391525268555,4.641859531402588,5.001293182373047,5.252058029174805,5.490171909332275,5.718733787536621,5.696794033050537,5.702018737792969,5.3681464195251465,4.820185661315918,4.859139919281006,4.74182653427124,4.993816375732422,4.873350620269775,5.16188383102417,5.213160037994385,5.526573657989502,5.75111198425293,6.008177757263184,6.158013343811035,6.416754722595215,6.548493385314941,6.764796257019043,6.801875591278076
A14,3.0825822353363037,2.870887279510498,2.6250486373901367,2.4120938777923584,2.134012460708618,2.048816442489624,1.7860101461410522,1.6073708534240723,1.238513469696045,1.263611078262329,0.9901678562164307,0.7164589166641235,0.3735456168651581,0.0,0.37030935287475586,2.0809245109558105,2.263852834701538,2.4664978981018066,2.5066351890563965,2.701547384262085,2.67425537109375,2.7856571674346924,2.736231803894043,2.8849802017211914,3.1828205585479736,3.1506989002227783,3.0574562549591064,2.9488449096679688,2.6265594959259033,2.7998502254486084,2.6532721519470215,2.3386685848236084,2.400510549545288,2.2244482040405273,2.43774676322937,2.4754621982574463,2.821502685546875,3.1090219020843506,3.47027850151062,3.7561566829681396,3.8582582473754883,4.063735008239746,3.948855400085449,4.014644622802734,3.6608338356018066,3.184021234512329,3.5183727741241455,3.6410465240478516,3.8835461139678955,3.8406810760498047,3.9665496349334717,4.084620475769043,4.339488983154297,4.696779727935791,4.937458515167236,5.1800618171691895,5.4193315505981445,5.411083698272705,5.4329986572265625,5.108440399169922,4.674246788024902,4.729413032531738,4.627315998077393,4.875952243804932,4.771211624145508,5.055422306060791,5.097617149353027,5.398321628570557,5.6018452644348145,5.847166538238525,5.978588104248047,6.227501392364502,6.346309661865234,6.560384273529053,6.581350326538086
A15,2.8921279907226562,2.7152798175811768,2.494215965270996,2.297062635421753,2.0414540767669678,2.021771192550659,1.793303370475769,1.685005784034729,1.343749761581421,1.4596529006958008,1.229820966720581,0.9585520625114441,0.6706949472427368,0.37030935287475586,0.0,1.9426242113113403,2.176274538040161,2.403580904006958,2.4972760677337646,2.7083661556243896,2.699069023132324,2.8542897701263428,2.841499090194702,2.9963812828063965,3.3089652061462402,3.311052083969116,3.254244327545166,3.167322874069214,2.8495328426361084,2.9962363243103027,2.718188762664795,2.376553773880005,2.421776533126831,2.1952104568481445,2.379345178604126,2.361379861831665,2.6830334663391113,2.9671285152435303,3.3389787673950195,3.6329729557037354,3.740410566329956,3.9709999561309814,3.8845953941345215,3.985098361968994,3.6499874591827393,3.3274970054626465,3.665086507797241,3.7626378536224365,3.98098087310791,3.9056239128112793,4.015071392059326,4.1023030281066895,4.346372127532959,4.6980695724487305,4.919081687927246,5.167882919311523,5.424366474151611,5.436762809753418,5.484757900238037,5.173679828643799,4.869277477264404,4.940406799316406,4.85215950012207,5.096597671508789,5.00340461730957,5.281079292297363,5.311866283416748,5.599594593048096,5.784478187561035,6.016010761260986,6.129462718963623,6.369693279266357,6.476463317871094,6.689991474151611,6.693521976470947
B1,2.987147569656372,2.9162206649780273,2.837290048599243,2.875814199447632,2.85247802734375,2.938464403152466,2.919766426086426,2.886995315551758,2.683000087738037,2.8709475994110107,2.7859253883361816,2.6822078227996826,2.423232078552246,2.0809245109558105,1.9426242113113403,0.0,0.3694990873336792,0.6848053932189941,0.9930923581123352,1.2988746166229248,1.5091220140457153,1.8209388256072998,2.05349063873291,2.324603319168091,2.6686551570892334,2.871880292892456,2.968735933303833,2.889185905456543,2.595966100692749,2.4828789234161377,1.5211580991744995,1.1948832273483276,1.3025894165039062,1.026199460029602,1.2213753461837769,1.1209436655044556,1.3295241594314575,1.6979084014892578,1.9879231452941895,2.3557746410369873,2.6288487911224365,2.909299373626709,2.95522403717041,3.0579776763916016,2.793262004852295,2.595881223678589,2.8267323970794678,2.725234270095825,2.8458573818206787,2.6234703063964844,2.7496864795684814,2.689635992050171,2.9533002376556396,3.2535431385040283,3.4369025230407715,3.7498281002044678,4.060393810272217,4.174180030822754,4.269537448883057,4.047129154205322,4.278507709503174,4.3523030281066895,4.286708831787109,4.4338860511779785,4.36781644821167,4.554654121398926,4.485741138458252,4.674376487731934,4.754941940307617,4.8946404457092285,4.922875881195068,5.1302289962768555,5.2038373947143555,5.441627502441406,5.400287628173828
B2,3.180457592010498,3.0917344093322754,3.0083565711975098,3.0578274726867676,3.041025400161743,3.09855055809021,3.083418607711792,3.0264408588409424,2.8303382396698,2.9915428161621094,2.9168245792388916,2.840273857116699,2.5895779132843018,2.263852834701538,2.176274538040161,0.3694990873336792,0.0,0.3720380663871765,0.6634405255317688,0.9963010549545288,1.2595295906066895,1.5594745874404907,1.8189234733581543,2.1133975982666016,2.4483540058135986,2.6660752296447754,2.766512155532837,2.671891689300537,2.3858706951141357,2.229356050491333,1.2256439924240112,0.9450067281723022,1.1187998056411743,0.9307394623756409,1.1771466732025146,1.1642686128616333,1.3703795671463013,1.736986756324768,1.9803980588912964,2.340808629989624,2.633183479309082,2.8873915672302246,2.9247334003448486,2.9865052700042725,2.7170865535736084,2.363718032836914,2.561681032180786,2.4331908226013184,2.560926675796509,2.3375720977783203,2.4954564571380615,2.437570095062256,2.7253189086914062,3.021756649017334,3.223273277282715,3.5449330806732178,3.8475422859191895,3.9602534770965576,4.035553455352783,3.817223072052002,4.02996826171875,4.086862564086914,4.0110764503479,4.138396739959717,4.0650715827941895,4.236221790313721,4.153097629547119,4.332451343536377,4.409294605255127,4.542703628540039,4.571445941925049,4.783495903015137,4.864622116088867,5.111570835113525,5.080119609832764
B3,3.141629934310913,3.043638229370117,2.96854305267334,3.044154644012451,3.0544497966766357,3.1009933948516846,3.113663911819458,3.058459520339966,2.896836042404175,3.0575506687164307,3.019577741622925,2.9856457710266113,2.7669756412506104,2.4664978981018066,2.403580904006958,0.6848053932189941,0.3720380663871765,0.0,0.371254026889801,0.6538721919059753,0.936292827129364,1.2514994144439697,1.5435298681259155,1.8331218957901,2.1560206413269043,2.4017863273620605,2.534169912338257,2.4645018577575684,2.215688705444336,2.0308146476745605,1.2403337955474854,1.04749596118927,1.3026041984558105,1.2037768363952637,1.4713873863220215,1.4935247898101807,1.6723368167877197,2.027134656906128,2.2310802936553955,2.5853049755096436,2.897143840789795,3.139094114303589,3.1819005012512207,3.2182300090789795,2.953169584274292,2.434311866760254,2.587312936782837,2.4262633323669434,2.569632053375244,2.3476788997650146,2.5486602783203125,2.483210563659668,2.793832778930664,3.0729312896728516,3.283658027648926,3.617724657058716,3.9150960445404053,4.035918235778809,4.092178821563721,3.8863365650177,4.062386989593506,4.08828067779541,3.9877705574035645,4.084402561187744,3.985610246658325,4.1297478675842285,4.017910957336426,4.185085296630859,4.265236854553223,4.3856048583984375,4.419727325439453,4.6447882652282715,4.743803977966309,5.011291980743408,4.997403621673584
B4,3.283639430999756,3.151712656021118,3.0549895763397217,3.120333194732666,3.1184980869293213,3.123595952987671,3.1268742084503174,3.0397279262542725,2.883957862854004,3.009843111038208,2.9823546409606934,2.9786617755889893,2.778043031692505,2.5066351890563965,2.4972760677337646,0.9930923581123352,0.6634405255317688,0.371254026889801,0.0,0.36462944746017456,0.6803329586982727,0.9411875009536743,1.2334656715393066,1.5458924770355225,1.8600090742111206,2.098996162414551,2.218778371810913,2.131376028060913,1.8887029886245728,1.678472876548767,1.0754412412643433,0.9621443748474121,1.2900655269622803,1.2907769680023193,1.6026662588119507,1.7023319005966187,1.9097079038619995,2.256619453430176,2.4415504932403564,2.778432607650757,3.082171678543091,3.2927725315093994,3.3059422969818115,3.299370765686035,3.0159687995910645,2.2649545669555664,2.3910980224609375,2.2312731742858887,2.4129297733306885,2.225834608078003,2.470463991165161,2.4413089752197266,2.7770133018493652,3.058436870574951,3.297776937484741,3.628673553466797,3.9046058654785156,4.0055766105651855,4.026318550109863,3.8101067543029785,3.8545007705688477,3.8517379760742188,3.7268314361572266,3.810136556625366,3.6885945796966553,3.824924945831299,3.7057435512542725,3.8800981044769287,3.9792027473449707,4.108378887176514,4.163029670715332,4.405312538146973,4.525407791137695,4.804775714874268,4.816073417663574
B5,3.2350544929504395,3.0919597148895264,3.0015106201171875,3.087829351425171,3.1101996898651123,3.1032073497772217,3.1335906982421875,3.051264762878418,2.934326410293579,3.06008243560791,3.0713231563568115,3.1088168621063232,2.944387674331665,2.701547384262085,2.7083661556243896,1.2988746166229248,0.9963010549545288,0.6538721919059753,0.36462944746017456,0.0,0.36908623576164246,0.6351173520088196,0.9673131108283997,1.260254144668579,1.5557337999343872,1.8258848190307617,1.9860179424285889,1.9397468566894531,1.7541093826293945,1.5276042222976685,1.3123859167099,1.267986536026001,1.6155110597610474,1.6471718549728394,1.9612152576446533,2.063591241836548,2.258066177368164,2.6001780033111572,2.7683565616607666,3.101560115814209,3.4146623611450195,3.619802713394165,3.6366124153137207,3.6161231994628906,3.336228132247925,2.465271234512329,2.5520808696746826,2.3756487369537354,2.573575258255005,2.4003305435180664,2.6759769916534424,2.645592451095581,2.9920260906219482,3.2549326419830322,3.4984636306762695,3.8344507217407227,4.102222442626953,4.207128047943115,4.209681987762451,4.004047393798828,3.9888858795166016,3.9534335136413574,3.801165819168091,3.855125665664673,3.7029879093170166,3.8119442462921143,3.665102481842041,3.8299930095672607,3.939598321914673,4.05779504776001,4.1239776611328125,4.381887912750244,4.523744583129883,4.8231587409973145,4.855967044830322
B6,3.0467722415924072,2.8783316612243652,2.7778148651123047,2.866307258605957,2.896451711654663,2.8696608543395996,2.9166195392608643,2.835521936416626,2.753699779510498,2.8792331218719482,2.9280788898468018,3.0056607723236084,2.882444381713867,2.67425537109375,2.699069023132324,1.5091220140457153,1.2595295906066895,0.936292827129364,0.6803329586982727,0.36908623576164246,0.0,0.3609793484210968,0.6714075803756714,0.9254340529441833,1.2313690185546875,1.507261872291565,1.6954865455627441,1.7019431591033936,1.5610575675964355,1.377415657043457,1.5920095443725586,1.5425605773925781,1.904079556465149,1.9311007261276245,2.264263391494751,2.3653953075408936,2.5795180797576904,2.930643320083618,3.1159350872039795,3.453660726547241,3.761451244354248,3.9690773487091064,3.9767491817474365,3.954021692276001,3.6619811058044434,2.696549415588379,2.7821061611175537,2.627140998840332,2.8539273738861084,2.7080554962158203,2.9986608028411865,2.9867537021636963,3.338575601577759,3.6020898818969727,3.8525187969207764,4.186581611633301,4.446983337402344,4.543445587158203,4.530876636505127,4.318248271942139,4.188083648681641,4.12769889831543,3.9488914012908936,3.9966535568237305,3.81345534324646,3.916853904724121,3.7634849548339844,3.9393365383148193,4.07651948928833,4.201687335968018,4.291469573974609,4.567129611968994,4.731005668640137,5.042302131652832,5.097506046295166
B7,3.2440860271453857,3.047391653060913,2.9275310039520264,3.0013763904571533,3.0174291133880615,2.9493374824523926,2.9855661392211914,2.874748945236206,2.8038928508758545,2.890880584716797,2.9522838592529297,3.0597028732299805,2.9597299098968506,2.7856571674346924,2.8542897701263428,1.8209388256072998,1.5594745874404907,1.2514994144439697,0.9411875009536743,0.6351173520088196,0.3609793484210968,0.0,0.3562382757663727,0.6404851675033569,0.9255864024162292,1.1946454048156738,1.3756309747695923,1.377478837966919,1.2754803895950317,1.0718650817871094,1.6615017652511597,1.6705392599105835,2.045236349105835,2.1250603199005127,2.4719324111938477,2.6135735511779785,2.843801736831665,3.189039945602417,3.3643524646759033,3.689088821411133,3.9878005981445312,4.172625541687012,4.15764045715332,4.104542255401611,3.801248788833618,2.669989824295044,2.728010892868042,2.5852415561676025,2.841531991958618,2.7353098392486572,3.051919937133789,3.0714731216430664,3.433563232421875,3.694493532180786,3.963676691055298,4.28970193862915,4.528826713562012,4.606237888336182,4.5628132820129395,4.342884540557861,4.079646587371826,3.988672971725464,3.783914566040039,3.816378116607666,3.606123924255371,3.6984286308288574,3.5380163192749023,3.721465587615967,3.882643461227417,4.016821384429932,4.131069660186768,4.423553943634033,4.609714508056641,4.930404186248779,5.012194633483887
B8,3.2563841342926025,3.0267221927642822,2.880741596221924,2.930867910385132,2.927056074142456,2.8184144496917725,2.843205213546753,2.70820689201355,2.6538455486297607,2.7106709480285645,2.7924365997314453,2.9337196350097656,2.8685414791107178,2.736231803894043,2.841499090194702,2.05349063873291,1.8189234733581543,1.5435298681259155,1.2334656715393066,0.9673131108283997,0.6714075803756714,0.3562382757663727,0.0,0.3455827832221985,0.6524577140808105,0.8662015795707703,1.0273274183273315,1.0508453845977783,0.9862506985664368,0.8478756546974182,1.8497662544250488,1.8597036600112915,2.2351150512695312,2.3263700008392334,2.6880836486816406,2.847568988800049,3.1041171550750732,3.4528684616088867,3.642510414123535,3.9643471240997314,4.248443603515625,4.424472808837891,4.387363910675049,4.322182655334473,4.0021185874938965,2.764709711074829,2.826061248779297,2.7197017669677734,3.006165027618408,2.9378890991210938,3.2633490562438965,3.3152387142181396,3.6808125972747803,3.9497838020324707,4.232355117797852,4.5493621826171875,4.774501323699951,4.831623077392578,4.767742156982422,4.532194137573242,4.122103214263916,4.009461879730225,3.7816672325134277,3.8174667358398438,3.5815370082855225,3.6795268058776855,3.528425931930542,3.7328436374664307,3.9272029399871826,4.080317497253418,4.223130226135254,4.530637741088867,4.7354888916015625,5.058838844299316,5.162907600402832
B9,3.1844797134399414,2.939544200897217,2.7932827472686768,2.8509552478790283,2.8627233505249023,2.737802267074585,2.786255121231079,2.660177230834961,2.6517298221588135,2.7080893516540527,2.830590009689331,3.008916139602661,2.9848673343658447,2.8849802017211914,2.9963812828063965,2.324603319168091,2.1133975982666016,1.8331218957901,1.5458924770355225,1.260254144668579,0.9254340529441833,0.6404851675033569,0.3455827832221985,0.0,0.3506816625595093,0.5888447165489197,0.8352840542793274,0.9825788736343384,1.0379105806350708,0.9807727932929993,2.19401216506958,2.2005772590637207,2.5751278400421143,2.6565771102905273,3.0197601318359375,3.1687960624694824,3.425166606903076,3.777930736541748,3.9724929332733154,4.298636436462402,4.585415363311768,4.766107559204102,4.730893135070801,4.667323112487793,4.345910549163818,3.080672264099121,3.1336448192596436,3.032137393951416,3.324453830718994,3.264552593231201,3.595768690109253,3.647541046142578,4.014048099517822,4.27700138092041,4.558866024017334,4.877117156982422,5.099632740020752,5.157351970672607,5.086302757263184,4.853407382965088,4.390468120574951,4.258735656738281,4.013458728790283,4.036453723907471,3.7784950733184814,3.8618693351745605,3.7003211975097656,3.9026951789855957,4.111708164215088,4.261055946350098,4.4170989990234375,4.734312534332275,4.954462051391602,5.2871904373168945,5.406956195831299
B10,3.376066207885742,3.123971700668335,2.9816226959228516,3.0454862117767334,3.067373752593994,2.9246296882629395,2.984266996383667,2.8553264141082764,2.8751137256622314,2.91300106048584,3.056363344192505,3.259183168411255,3.258990526199341,3.1828205585479736,3.3089652061462402,2.6686551570892334,2.4483540058135986,2.1560206413269043,1.8600090742111206,1.5557337999343872,1.2313690185546875,0.9255864024162292,0.6524577140808105,0.3506816625595093,0.0,0.36296558380126953,0.6973347067832947,0.9309282898902893,1.1157786846160889,1.0696524381637573,2.460421562194824,2.4999897480010986,2.875091791152954,2.9775288105010986,3.3395864963531494,3.498699188232422,3.7502810955047607,4.098636627197266,4.280683517456055,4.600894927978516,4.890139579772949,5.0611653327941895,5.02266788482666,4.9440226554870605,4.6243085861206055,3.28585147857666,3.3087539672851562,3.203798770904541,3.5014703273773193,3.4588801860809326,3.803358316421509,3.8607780933380127,4.229428291320801,4.4795050621032715,4.765522003173828,5.080902576446533,5.290984630584717,5.344691276550293,5.2556023597717285,5.029145240783691,4.503318786621094,4.344516277313232,4.079214096069336,4.07667350769043,3.7952468395233154,3.8527534008026123,3.673896312713623,3.8672127723693848,4.088508129119873,4.230844020843506,4.4014410972595215,4.728934288024902,4.9675469398498535,5.310741901397705,5.451839923858643
B11,3.4914820194244385,3.2128472328186035,3.0432209968566895,3.0735063552856445,3.064645290374756,2.880953311920166,2.9160661697387695,2.7570762634277344,2.7833259105682373,2.7805213928222656,2.9327902793884277,3.1595890522003174,3.187591552734375,3.1506989002227783,3.311052083969116,2.871880292892456,2.6660752296447754,2.4017863273620605,2.098996162414551,1.8258848190307617,1.507261872291565,1.1946454048156738,0.8662015795707703,0.5888447165489197,0.36296558380126953,0.0,0.36727389693260193,0.690034031867981,0.9589245915412903,1.0208185911178589,2.609628915786743,2.6481447219848633,3.016507148742676,3.129460573196411,3.499401330947876,3.6763854026794434,3.950517416000366,4.299445629119873,4.493286609649658,4.808690547943115,5.081727504730225,5.242265224456787,5.18118143081665,5.090930461883545,4.756649971008301,3.34369158744812,3.373460292816162,3.305284261703491,3.624781847000122,3.6150436401367188,3.961181879043579,4.0487961769104,4.4180908203125,4.67825174331665,4.976509094238281,5.281466484069824,5.478357791900635,5.510706901550293,5.404481887817383,5.161434650421143,4.503798484802246,4.3303608894348145,4.049583911895752,4.056200981140137,3.758131265640259,3.8271777629852295,3.6673812866210938,3.8831677436828613,4.133972644805908,4.298162460327148,4.493664741516113,4.830221176147461,5.0806803703308105,5.41963005065918,5.577420711517334
B12,3.685695171356201,3.39009428024292,3.1941921710968018,3.1870155334472656,3.1373400688171387,2.9207346439361572,2.9138784408569336,2.714996814727783,2.717965841293335,2.6663684844970703,2.8013687133789062,3.032658100128174,3.0676045417785645,3.0574562549591064,3.254244327545166,2.968735933303833,2.766512155532837,2.534169912338257,2.218778371810913,1.9860179424285889,1.6954865455627441,1.3756309747695923,1.0273274183273315,0.8352840542793274,0.6973347067832947,0.36727389693260193,0.0,0.3871416449546814,0.7198631763458252,0.8814755082130432,2.598345994949341,2.644246816635132,2.999549627304077,3.132371664047241,3.5052413940429688,3.707669734954834,4.002444744110107,4.346131324768066,4.545790672302246,4.8504509925842285,5.103529453277588,5.24723482131958,5.160223007202148,5.053881645202637,4.706680774688721,3.2226781845092773,3.2590785026550293,3.2294790744781494,3.5682826042175293,3.593148708343506,3.9375197887420654,4.058403491973877,4.425831317901611,4.696715831756592,5.007845401763916,5.2990617752075195,5.480481147766113,5.488517761230469,5.365462779998779,5.104555130004883,4.324869155883789,4.143164157867432,3.8533859252929688,3.8751637935638428,3.5694639682769775,3.658085823059082,3.524942636489868,3.766268014907837,4.041640758514404,4.231484889984131,4.447251319885254,4.78823184967041,5.043696403503418,5.37278938293457,5.541229248046875
B13,3.898237943649292,3.6053099632263184,3.398564577102661,3.3714711666107178,3.292681932449341,3.07228684425354,3.0268614292144775,2.7990033626556396,2.7513480186462402,2.66951847076416,2.758505344390869,2.9622230529785156,2.9668850898742676,2.9488449096679688,3.167322874069214,2.889185905456543,2.671891689300537,2.4645018577575684,2.131376028060913,1.9397468566894531,1.7019431591033936,1.377478837966919,1.0508453845977783,0.9825788736343384,0.9309282898902893,0.690034031867981,0.3871416449546814,0.0,0.39955997467041016,0.5863485336303711,2.356950521469116,2.4261679649353027,2.766996383666992,2.930372953414917,3.2992610931396484,3.5303194522857666,3.8342418670654297,4.166275978088379,4.358780384063721,4.648035049438477,4.885170936584473,5.008817672729492,4.9019575119018555,4.777360916137695,4.424787998199463,2.8855624198913574,2.920801877975464,2.914841890335083,3.264655351638794,3.3152849674224854,3.6571545600891113,3.803694725036621,4.167708873748779,4.4446821212768555,4.765398979187012,5.043896198272705,5.211806297302246,5.2014265060424805,5.066789150238037,4.794315338134766,3.9547152519226074,3.7742719650268555,3.485679864883423,3.5211551189422607,3.22088885307312,3.329495668411255,3.218090295791626,3.4778013229370117,3.7610809803009033,3.970320463180542,4.192378044128418,4.531165599822998,4.781999111175537,5.099636554718018,5.267670631408691
B14,3.8360519409179688,3.55027174949646,3.335510015487671,3.2914276123046875,3.1888105869293213,2.978926420211792,2.903841733932495,2.6630821228027344,2.566044330596924,2.4809916019439697,2.526979684829712,2.6956610679626465,2.665065288543701,2.6265594959259033,2.8495328426361084,2.595966100692749,2.3858706951141357,2.215688705444336,1.8887029886245728,1.7541093826293945,1.5610575675964355,1.2754803895950317,0.9862506985664368,1.0379105806350708,1.1157786846160889,0.9589245915412903,0.7198631763458252,0.39955997467041016,0.0,0.3900549113750458,2.034012794494629,2.0836808681488037,2.4125289916992188,2.574970245361328,2.94305419921875,3.1826746463775635,3.4984354972839355,3.8270339965820312,4.028762340545654,4.3144049644470215,4.538732528686523,4.660590171813965,4.54453706741333,4.424586296081543,4.065306186676025,2.5577335357666016,2.627739429473877,2.642887830734253,2.9959633350372314,3.0456783771514893,3.3729517459869385,3.529879331588745,3.889622211456299,4.182522296905518,4.504209995269775,4.778372287750244,4.950999736785889,4.934637546539307,4.811361312866211,4.525853157043457,3.713106870651245,3.5619053840637207,3.2950167655944824,3.365818500518799,3.0941073894500732,3.2399017810821533,3.1569225788116455,3.432131290435791,3.7045767307281494,3.92761492729187,4.136991024017334,4.463978290557861,4.6945672035217285,4.996807098388672,5.143995761871338
