,A1,A2,A3,A4,A5,A6,A7,A8,A9,A10,A11,A12,A13,A14,A15,B1,B2,B3,B4,B5,B6,B7,B8,B9,B10,B11,B12,B13,B14,B15,C1,C2,C3,C4,C5,C6,C7,C8,C9,C10,C11,C12,C13,C14,C15,D1,D2,D3,D4,D5,D6,D7,D8,D9,D10,D11,D12,D13,D14,D15,E1,E2,E3,E4,E5,E6,E7,E8,E9,E10,E11,E12,E13,E14,E15
A1,0.0,0.3864253759384155,0.6256237030029297,0.9512379169464111,1.2521655559539795,1.5262402296066284,1.8112502098083496,2.093287229537964,2.325885534286499,2.6460072994232178,2.883256196975708,2.9782278537750244,2.927860975265503,2.7001891136169434,2.3722147941589355,1.5330655574798584,1.8505183458328247,2.1438333988189697,2.4563488960266113,2.7691683769226074,2.9563186168670654,3.285000801086426,3.5013816356658936,3.730717658996582,4.026422500610352,4.135560512542725,4.079806804656982,3.8719606399536133,3.5318186283111572,3.3207123279571533,1.9883841276168823,2.269566535949707,2.5664453506469727,2.8672666549682617,3.1716737747192383,3.3860816955566406,3.7117350101470947,3.9456706047058105,4.172730445861816,4.478096961975098,4.571358680725098,4.5243659019470215,4.346523761749268,4.062862396240234,3.7775192260742188,2.3350868225097656,2.5424349308013916,2.790503740310669,3.1248302459716797,3.35406756401062,3.6465952396392822,3.917351484298706,4.234026908874512,4.451136112213135,4.7814040184021,4.90897798538208,4.899147033691406,4.689532279968262,4.388763427734375,4.138857841491699,2.4161794185638428,2.3833515644073486,2.5109615325927734,2.811035394668579,3.1291613578796387,3.4416732788085938,3.6998231410980225,3.9866538047790527,4.285786151885986,4.590853691101074,4.916248798370361,5.119017124176025,5.409515380859375,5.587047576904297,5.731203079223633
A2,0.3864253759384155,0.0,0.38143807649612427,0.7099847793579102,0.932844340801239,1.2582648992538452,1.5030876398086548,1.8170783519744873,2.039510726928711,2.3747570514678955,2.6191625595092773,2.750610113143921,2.715878486633301,2.52944016456604,2.1870975494384766,1.3015453815460205,1.600923776626587,1.8519644737243652,2.1913962364196777,2.4805099964141846,2.683027982711792,3.016090154647827,3.2384698390960693,3.490753173828125,3.786565065383911,3.923463821411133,3.8899152278900146,3.7087392807006836,3.378319501876831,3.175579786300659,1.8821921348571777,2.157344102859497,2.4106972217559814,2.7224056720733643,3.021636486053467,3.2276086807250977,3.569308280944824,3.790353536605835,4.044581413269043,4.336719989776611,4.455191135406494,4.416987895965576,4.268059253692627,3.9962151050567627,3.7203094959259033,2.3498659133911133,2.5467588901519775,2.7485690116882324,3.1043577194213867,3.3028151988983154,3.6016111373901367,3.87477445602417,4.184695720672607,4.426164150238037,4.749740123748779,4.904191017150879,4.914257049560547,4.728335380554199,4.43951940536499,4.197942733764648,2.53779673576355,2.5161688327789307,2.6123459339141846,2.9399709701538086,3.2356040477752686,3.5407347679138184,3.7977116107940674,4.068479061126709,4.38384485244751,4.691777229309082,5.0043625831604,5.214240074157715,5.493850231170654,5.655145168304443,5.812355041503906
A3,0.6256237030029297,0.38143807649612427,0.0,0.37997686862945557,0.672788143157959,0.9452786445617676,1.2386761903762817,1.519884705543518,1.7837198972702026,2.0878489017486572,2.359367847442627,2.493791103363037,2.498573064804077,2.323777675628662,2.0093064308166504,1.3968182802200317,1.7126247882843018,1.9154415130615234,2.2646167278289795,2.5350234508514404,2.707712411880493,3.0610580444335938,3.251758098602295,3.5283126831054688,3.7964963912963867,3.9463136196136475,3.898005962371826,3.7399754524230957,3.397258758544922,3.233825922012329,2.1093039512634277,2.4067578315734863,2.6404969692230225,2.9336843490600586,3.2462618350982666,3.4213240146636963,3.777238368988037,3.9697465896606445,4.233556747436523,4.504269123077393,4.622976303100586,4.563795566558838,4.4308977127075195,4.145559310913086,3.8949806690216064,2.622640371322632,2.844357967376709,3.0383098125457764,3.3952558040618896,3.594517469406128,3.879993438720703,4.167454242706299,4.462761878967285,4.717499256134033,5.029400825500488,5.190276622772217,5.19242000579834,5.017876148223877,4.720470905303955,4.495781421661377,2.87155818939209,2.8714284896850586,2.981480121612549,3.310899257659912,3.6098616123199463,3.909599542617798,4.1725616455078125,4.438080310821533,4.755558490753174,5.060647487640381,5.371924877166748,5.575987815856934,5.850999355316162,6.004189491271973,6.154878616333008
A4,0.9512379169464111,0.7099847793579102,0.37997686862945557,0.0,0.39167654514312744,0.5794614553451538,0.9000711441040039,1.1542212963104248,1.4238815307617188,1.7178901433944702,1.9888361692428589,2.1187639236450195,2.137200355529785,1.9743510484695435,1.6750646829605103,1.3179423809051514,1.6385384798049927,1.7984262704849243,2.137082576751709,2.39306902885437,2.525510787963867,2.8931052684783936,3.0489282608032227,3.3398287296295166,3.5805108547210693,3.7365658283233643,3.6745030879974365,3.5374481678009033,3.1881556510925293,3.0610663890838623,2.1332404613494873,2.450660467147827,2.661045551300049,2.9241950511932373,3.2510547637939453,3.386530637741089,3.7541658878326416,3.912428379058838,4.182582378387451,4.428111553192139,4.545251846313477,4.464685916900635,4.351027488708496,4.055918216705322,3.834209442138672,2.6992130279541016,2.946192741394043,3.1234169006347656,3.4786667823791504,3.6768276691436768,3.940973997116089,4.246668815612793,4.519319534301758,4.7914652824401855,5.085197448730469,5.255644798278809,5.249703884124756,5.094938278198242,4.790873050689697,4.591190338134766,3.0504066944122314,3.0895016193389893,3.217055320739746,3.5578196048736572,3.8567516803741455,4.137489318847656,4.4166765213012695,4.662338733673096,4.987608909606934,5.284353733062744,5.588648319244385,5.779372215270996,6.041250705718994,6.174777030944824,6.315380096435547
A5,1.2521655559539795,0.932844340801239,0.672788143157959,0.39167654514312744,0.0,0.3935058116912842,0.5778796076774597,0.9045321941375732,1.1413968801498413,1.4655871391296387,1.7376538515090942,1.9196258783340454,1.95368230342865,1.855221152305603,1.5448051691055298,1.2012990713119507,1.4665491580963135,1.5492432117462158,1.9009838104248047,2.11698842048645,2.255950450897217,2.6230058670043945,2.778571128845215,3.091923236846924,3.327754497528076,3.5127816200256348,3.476283073425293,3.3711516857147217,3.039802312850952,2.925114154815674,2.0918805599212646,2.388658046722412,2.5456628799438477,2.804872989654541,3.1188971996307373,3.2378385066986084,3.614307403564453,3.7538628578186035,4.0467424392700195,4.274145603179932,4.414789199829102,4.3436737060546875,4.2611284255981445,3.9827284812927246,3.774481773376465,2.7412450313568115,2.971982479095459,3.1024839878082275,3.466993808746338,3.633361577987671,3.895906925201416,4.200002670288086,4.460536479949951,4.752566337585449,5.035499572753906,5.229521751403809,5.241840362548828,5.111349105834961,4.821581840515137,4.632450103759766,3.17348313331604,3.222235918045044,3.324693202972412,3.6820733547210693,3.959158182144165,4.227911949157715,4.505075931549072,4.732215881347656,5.068976402282715,5.364665508270264,5.654888153076172,5.848910808563232,6.0981669425964355,6.214539527893066,6.365162372589111
A6,1.5262402296066284,1.2582648992538452,0.9452786445617676,0.5794614553451538,0.3935058116912842,0.0,0.3849632740020752,0.5769514441490173,0.8764022588729858,1.1460522413253784,1.4398282766342163,1.603942632675171,1.6795257329940796,1.5894842147827148,1.3332116603851318,1.4199318885803223,1.6851365566253662,1.7327202558517456,2.0499320030212402,2.2476449012756348,2.3276584148406982,2.704087972640991,2.8084962368011475,3.1305203437805176,3.325364112854004,3.5083374977111816,3.44389271736145,3.358790397644043,3.016544818878174,2.9504873752593994,2.3312504291534424,2.646030902862549,2.7965893745422363,3.0211946964263916,3.348106861114502,3.4293768405914307,3.80953049659729,3.9162473678588867,4.2045159339904785,4.407311916351318,4.535899639129639,4.436275482177734,4.364764213562012,4.070608139038086,3.8934288024902344,2.9755489826202393,3.2329397201538086,3.3667171001434326,3.720628261566162,3.897213935852051,4.137150287628174,4.456474304199219,4.697637557983398,4.996388912200928,5.263822555541992,5.456265926361084,5.452250003814697,5.3314900398254395,5.030190467834473,4.8622541427612305,3.450591564178467,3.5249099731445312,3.6520869731903076,4.007661819458008,4.293985843658447,4.553074836730957,4.842289924621582,5.061883926391602,5.398458480834961,5.687185287475586,5.977266311645508,6.158232688903809,6.401270389556885,6.507702827453613,6.644245147705078
A7,1.8112502098083496,1.5030876398086548,1.2386761903762817,0.9000711441040039,0.5778796076774597,0.3849632740020752,0.0,0.3809719383716583,0.5804862380027771,0.9051252007484436,1.1831779479980469,1.409037470817566,1.4942635297775269,1.48540198802948,1.227346420288086,1.3790669441223145,1.573696255683899,1.5364714860916138,1.8410329818725586,1.9901849031448364,2.0600826740264893,2.4309945106506348,2.5244407653808594,2.86525559425354,3.0483622550964355,3.257185459136963,3.2157645225524902,3.1644158363342285,2.843726396560669,2.7950332164764404,2.309526205062866,2.600700616836548,2.6993069648742676,2.9077911376953125,3.220198631286621,3.2775862216949463,3.661334991455078,3.7440359592437744,4.049304008483887,4.230079650878906,4.377634048461914,4.284299373626709,4.243772029876709,3.9666261672973633,3.807100772857666,3.0105786323547363,3.2535834312438965,3.3444488048553467,3.699633836746216,3.8477137088775635,4.079069137573242,4.396855354309082,4.621305465698242,4.937017917633057,5.190078258514404,5.402593612670898,5.412881851196289,5.316756725311279,5.02898645401001,4.874989986419678,3.5581841468811035,3.6456470489501953,3.755127191543579,4.122467517852783,4.38926887512207,4.63259220123291,4.921840667724609,5.1206374168396,5.466082572937012,5.750463962554932,6.026105880737305,6.205944061279297,6.434708118438721,6.522437572479248,6.6647868156433105
A8,2.093287229537964,1.8170783519744873,1.519884705543518,1.1542212963104248,0.9045321941375732,0.5769514441490173,0.3809719383716583,0.0,0.3745078146457672,0.5736209154129028,0.8953939080238342,1.1116255521774292,1.2658277750015259,1.2907845973968506,1.1233656406402588,1.6732343435287476,1.8652241230010986,1.8076204061508179,2.0697662830352783,2.19699764251709,2.20883846282959,2.576888084411621,2.6167852878570557,2.9596731662750244,3.097172498703003,3.30212664604187,3.2340142726898193,3.2059130668640137,2.8809823989868164,2.8823845386505127,2.591265916824341,2.893122673034668,2.987570285797119,3.165376663208008,3.484823226928711,3.5095975399017334,3.8921737670898438,3.9447596073150635,4.243051528930664,4.399404048919678,4.534955024719238,4.415978908538818,4.386776924133301,4.097906589508057,3.968743085861206,3.276822566986084,3.53939151763916,3.6337990760803223,3.9778249263763428,4.134032249450684,4.345246315002441,4.674045085906982,4.880991458892822,5.200844764709473,5.439423084259033,5.649675369262695,5.645628452301025,5.558337688446045,5.261677265167236,5.126446723937988,3.8510749340057373,3.957129716873169,4.085987567901611,4.45082950592041,4.725343704223633,4.961489677429199,5.259871006011963,5.453140735626221,5.797765254974365,6.076285362243652,6.351799488067627,6.520610332489014,6.744051933288574,6.823428630828857,6.953479290008545
A9,2.325885534286499,2.039510726928711,1.7837198972702026,1.4238815307617188,1.1413968801498413,0.8764022588729858,0.5804862380027771,0.3745078146457672,0.0,0.401260107755661,0.6069740056991577,0.8652541637420654,0.9927634000778198,1.0969302654266357,0.9406301379203796,1.6394397020339966,1.7751390933990479,1.662768840789795,1.8742190599441528,1.9657007455825806,1.9336235523223877,2.2920525074005127,2.2998404502868652,2.646298408508301,2.7609593868255615,2.973862409591675,2.9105849266052246,2.9081692695617676,2.59957218170166,2.6269712448120117,2.5249998569488525,2.8113560676574707,2.869126319885254,3.01229190826416,3.324267864227295,3.3141028881073,3.6937177181243896,3.715761661529541,4.016731262207031,4.1481709480285645,4.287754058837891,4.163013458251953,4.157736301422119,3.878383159637451,3.7736923694610596,3.2298121452331543,3.4893360137939453,3.5535786151885986,3.886988878250122,4.027834892272949,4.217891216278076,4.5503764152526855,4.733774185180664,5.065038681030273,5.284177303314209,5.505195617675781,5.503359317779541,5.438920497894287,5.149625778198242,5.035543918609619,3.87389874458313,4.004421710968018,4.132717132568359,4.503265380859375,4.7654314041137695,4.979090690612793,5.284791946411133,5.453826427459717,5.8034234046936035,6.071619987487793,6.334033012390137,6.491844654083252,6.6988749504089355,6.757257461547852,6.8825860023498535
A10,2.6460072994232178,2.3747570514678955,2.0878489017486572,1.7178901433944702,1.4655871391296387,1.1460522413253784,0.9051252007484436,0.5736209154129028,0.401260107755661,0.0,0.3826201856136322,0.6659755110740662,0.9349092841148376,1.1140681505203247,1.0992435216903687,2.032992362976074,2.166271924972534,2.0388970375061035,2.2246510982513428,2.2869112491607666,2.217782497406006,2.5588037967681885,2.52043080329895,2.8657681941986084,2.9322197437286377,3.145991563796997,3.0651962757110596,3.0941154956817627,2.7933263778686523,2.868406295776367,2.907219409942627,3.195615768432617,3.24700927734375,3.3723273277282715,3.6823785305023193,3.650160074234009,4.025649547576904,4.023216724395752,4.319896697998047,4.427751064300537,4.560925483703613,4.418208599090576,4.4272332191467285,4.143519878387451,4.0658698081970215,3.5993916988372803,3.868104934692383,3.9331657886505127,4.259466648101807,4.401946544647217,4.579571723937988,4.916370391845703,5.087104320526123,5.421343803405762,5.6290740966796875,5.850087642669678,5.840158462524414,5.783634662628174,5.490146160125732,5.389201641082764,4.250507354736328,4.387457370758057,4.5244622230529785,4.893045902252197,5.159668445587158,5.372244358062744,5.680832862854004,5.848901271820068,6.197812557220459,6.463757514953613,6.726080894470215,6.878901481628418,7.082928657531738,7.136265754699707,7.254940032958984
A11,2.883256196975708,2.6191625595092773,2.359367847442627,1.9888361692428589,1.7376538515090942,1.4398282766342163,1.1831779479980469,0.8953939080238342,0.6069740056991577,0.3826201856136322,0.0,0.3742157816886902,0.6409146785736084,0.9255841374397278,0.9878653883934021,2.1007659435272217,2.1985418796539307,2.048053741455078,2.168788433074951,2.2069344520568848,2.0761122703552246,2.3963096141815186,2.306312322616577,2.6376073360443115,2.6633076667785645,2.8677384853363037,2.7720489501953125,2.8250293731689453,2.5385780334472656,2.654694080352783,2.9151976108551025,3.194263458251953,3.223820686340332,3.3061890602111816,3.6124045848846436,3.540658712387085,3.906567335128784,3.8695321083068848,4.156368732452393,4.2358012199401855,4.359933853149414,4.200163841247559,4.2278289794921875,3.9470505714416504,3.901614189147949,3.5951571464538574,3.8684117794036865,3.9160399436950684,4.223750591278076,4.361381530761719,4.5106520652771,4.853565692901611,4.997375965118408,5.337248802185059,5.5226216316223145,5.746066570281982,5.728420734405518,5.691789150238037,5.400391578674316,5.324911594390869,4.301129341125488,4.465505123138428,4.612799167633057,4.981408596038818,5.242161273956299,5.431658744812012,5.750512599945068,5.896069049835205,6.246053695678711,6.498983860015869,6.750838279724121,6.8872389793396,7.075374603271484,7.108686447143555,7.215234756469727
A12,2.9782278537750244,2.750610113143921,2.493791103363037,2.1187639236450195,1.9196258783340454,1.603942632675171,1.409037470817566,1.1116255521774292,0.8652541637420654,0.6659755110740662,0.3742157816886902,0.0,0.378583699464798,0.665580689907074,0.866424024105072,2.207141876220703,2.326561450958252,2.214404344558716,2.2988433837890625,2.364121675491333,2.189131498336792,2.503166437149048,2.3764731884002686,2.6745553016662598,2.6708991527557373,2.833944082260132,2.690108060836792,2.7309041023254395,2.430001974105835,2.5793282985687256,2.973449945449829,3.2681782245635986,3.318849802017212,3.3715224266052246,3.6920247077941895,3.5986788272857666,3.955625295639038,3.9028098583221436,4.164323806762695,4.233551025390625,4.327884197235107,4.138346195220947,4.156026840209961,3.856661081314087,3.8333542346954346,3.6029367446899414,3.8984603881835938,3.964493989944458,4.253259658813477,4.412794589996338,4.538743019104004,4.89349889755249,5.022796154022217,5.355774402618408,5.529545307159424,5.737668991088867,5.695906639099121,5.659219264984131,5.354652404785156,5.297091007232666,4.318525791168213,4.5056071281433105,4.681089401245117,5.041486740112305,5.313672065734863,5.491461277008057,5.8234543800354,5.962457656860352,6.307145595550537,6.549925327301025,6.803839206695557,6.922525405883789,7.1059889793396,7.133374214172363,7.220026969909668
A13,2.927860975265503,2.715878486633301,2.498573064804077,2.137200355529785,1.95368230342865,1.6795257329940796,1.4942635297775269,1.2658277750015259,0.9927634000778198,0.9349092841148376,0.6409146785736084,0.378583699464798,0.0,0.39623740315437317,0.6235493421554565,2.036344289779663,2.1432788372039795,2.0513439178466797,2.0885581970214844,2.173691987991333,1.963922381401062,2.27160906791687,2.12927508354187,2.3996169567108154,2.39583158493042,2.5287630558013916,2.3619070053100586,2.381559133529663,2.0696558952331543,2.225548505783081,2.7291512489318848,3.0218241214752197,3.0747740268707275,3.09783673286438,3.4233133792877197,3.311880350112915,3.660386085510254,3.5980305671691895,3.8433938026428223,3.909759998321533,3.988229990005493,3.7871079444885254,3.7984414100646973,3.4931833744049072,3.478975534439087,3.327338933944702,3.628725290298462,3.692988395690918,3.964761972427368,4.1309614181518555,4.2373199462890625,4.597506046295166,4.713438034057617,5.043319225311279,5.207277297973633,5.408942699432373,5.3571062088012695,5.325469970703125,5.018877983093262,4.9747443199157715,4.0713043212890625,4.279742240905762,4.467470645904541,4.823190212249756,5.092926025390625,5.252150535583496,5.592674255371094,5.716270923614502,6.058407783508301,6.290190696716309,6.538780212402344,6.643564224243164,6.81804895401001,6.835453987121582,6.910964012145996
A14,2.7001891136169434,2.52944016456604,2.323777675628662,1.9743510484695435,1.855221152305603,1.5894842147827148,1.48540198802948,1.2907845973968506,1.0969302654266357,1.1140681505203247,0.9255841374397278,0.665580689907074,0.39623740315437317,0.0,0.39395463466644287,1.90028715133667,2.058685064315796,2.041144371032715,2.088059186935425,2.2371203899383545,2.042257308959961,2.3657453060150146,2.2500529289245605,2.4928290843963623,2.5199716091156006,2.6116719245910645,2.4138267040252686,2.372680902481079,2.022915840148926,2.1492865085601807,2.5633249282836914,2.8815865516662598,2.9817895889282227,3.008305549621582,3.3552005290985107,3.2601256370544434,3.6065456867218018,3.567018985748291,3.7910094261169434,3.882768392562866,3.935683012008667,3.7233633995056152,3.696315288543701,3.366624355316162,3.335418701171875,3.10722279548645,3.429971694946289,3.5312139987945557,3.7960994243621826,3.993370771408081,4.098835468292236,4.466663360595703,4.592705726623535,4.907629489898682,5.081547737121582,5.262136459350586,5.191020488739014,5.138476371765137,4.815497398376465,4.765984058380127,3.819953203201294,4.035021781921387,4.246981620788574,4.592456340789795,4.877900123596191,5.0390214920043945,5.386698246002197,5.518651962280273,5.853446006774902,6.083218097686768,6.3419928550720215,6.439879417419434,6.622230529785156,6.650424957275391,6.714579105377197
A15,2.3722147941589355,2.1870975494384766,2.0093064308166504,1.6750646829605103,1.5448051691055298,1.3332116603851318,1.227346420288086,1.1233656406402588,0.9406301379203796,1.0992435216903687,0.9878653883934021,0.866424024105072,0.6235493421554565,0.39395463466644287,0.0,1.5071079730987549,1.6752675771713257,1.6796263456344604,1.753473162651062,1.9351301193237305,1.782914161682129,2.1299664974212646,2.0703933238983154,2.3260719776153564,2.413173198699951,2.5188615322113037,2.35478138923645,2.2819201946258545,1.9208183288574219,1.9799048900604248,2.197556972503662,2.5193893909454346,2.628034830093384,2.681424379348755,3.0327699184417725,2.9671425819396973,3.324176549911499,3.316178321838379,3.553757429122925,3.675589084625244,3.7445743083953857,3.5590896606445312,3.517913818359375,3.194136142730713,3.123764991760254,2.772184133529663,3.086475372314453,3.1875741481781006,3.468357563018799,3.6624770164489746,3.7896132469177246,4.15285062789917,4.298980236053467,4.614039421081543,4.805904865264893,4.9911909103393555,4.934866905212402,4.871518135070801,4.553455829620361,4.48245906829834,3.4785218238830566,3.6815032958984375,3.880396842956543,4.231339931488037,4.512789249420166,4.681455612182617,5.023805618286133,5.1619415283203125,5.499773025512695,5.7368340492248535,5.997720718383789,6.107395172119141,6.296744346618652,6.334200382232666,6.411768436431885
B1,1.5330655574798584,1.3015453815460205,1.3968182802200317,1.3179423809051514,1.2012990713119507,1.4199318885803223,1.3790669441223145,1.6732343435287476,1.6394397020339966,2.032992362976074,2.1007659435272217,2.207141876220703,2.036344289779663,1.90028715133667,1.5071079730987549,0.0,0.3748410940170288,0.6988680958747864,0.9434686899185181,1.2827951908111572,1.4358192682266235,1.759741187095642,1.9754149913787842,2.2001309394836426,2.5058753490448,2.6329216957092285,2.622244358062744,2.448824882507324,2.1497998237609863,1.9299743175506592,0.9311619997024536,1.233481764793396,1.3941971063613892,1.6208715438842773,1.9567841291427612,2.070124626159668,2.439802885055542,2.5956413745880127,2.869931936264038,3.121079921722412,3.253183603286743,3.204586982727051,3.1058669090270996,2.8502235412597656,2.613450050354004,1.6590381860733032,1.8823541402816772,1.9679659605026245,2.321956157684326,2.4841232299804688,2.720219373703003,3.0390264987945557,3.278733491897583,3.579636335372925,3.848560094833374,4.048559188842773,4.064280986785889,3.9557509422302246,3.6783981323242188,3.5098235607147217,2.2821285724639893,2.4098610877990723,2.5225770473480225,2.8970348834991455,3.145374059677124,3.3442840576171875,3.654632806777954,3.815974712371826,4.165177822113037,4.432204723358154,4.696732997894287,4.85884428024292,5.075109958648682,5.151619911193848,5.289073944091797
B2,1.8505183458328247,1.600923776626587,1.7126247882843018,1.6385384798049927,1.4665491580963135,1.6851365566253662,1.573696255683899,1.8652241230010986,1.7751390933990479,2.166271924972534,2.1985418796539307,2.326561450958252,2.1432788372039795,2.058685064315796,1.6752675771713257,0.3748410940170288,0.0,0.39728787541389465,0.613791823387146,0.9508220553398132,1.1540638208389282,1.4479321241378784,1.705150842666626,1.9244842529296875,2.2563111782073975,2.4017207622528076,2.4380760192871094,2.282240152359009,2.0269365310668945,1.7855141162872314,0.8455455899238586,1.062110424041748,1.1266309022903442,1.3523541688919067,1.6645625829696655,1.772297978401184,2.148696184158325,2.3000388145446777,2.598749876022339,2.8434953689575195,3.005181074142456,2.9845616817474365,2.9141294956207275,2.693288564682007,2.4580912590026855,1.6358987092971802,1.807905673980713,1.8178353309631348,2.173454999923706,2.2871785163879395,2.521449089050293,2.8300669193267822,3.0574676990509033,3.3760159015655518,3.6346828937530518,3.8592445850372314,3.900472402572632,3.8177602291107178,3.565544366836548,3.4057226181030273,2.3207294940948486,2.4526822566986084,2.527750253677368,2.9065632820129395,3.118928909301758,3.2941231727600098,3.5965209007263184,3.729973077774048,4.086415767669678,4.34693717956543,4.591529369354248,4.75477409362793,4.954571723937988,5.011961936950684,5.160637855529785
B3,2.1438333988189697,1.8519644737243652,1.9154415130615234,1.7984262704849243,1.5492432117462158,1.7327202558517456,1.5364714860916138,1.8076204061508179,1.662768840789795,2.0388970375061035,2.048053741455078,2.214404344558716,2.0513439178466797,2.041144371032715,1.6796263456344604,0.6988680958747864,0.39728787541389465,0.0,0.3923075795173645,0.6286201477050781,0.8766313195228577,1.1806572675704956,1.4476102590560913,1.7151283025741577,2.038896083831787,2.235805034637451,2.312384605407715,2.214749813079834,1.9932491779327393,1.790530800819397,1.1711280345916748,1.3148928880691528,1.2640362977981567,1.4542182683944702,1.7220131158828735,1.7867931127548218,2.1685073375701904,2.2775189876556396,2.6091408729553223,2.815958261489868,3.0108518600463867,2.9994869232177734,2.979156494140625,2.7841928005218506,2.583069086074829,1.9621566534042358,2.1047701835632324,2.055122137069702,2.4007177352905273,2.465277910232544,2.686089515686035,2.982678174972534,3.1855061054229736,3.523746967315674,3.761486530303955,4.012004375457764,4.0731658935546875,4.021735668182373,3.7899553775787354,3.6480202674865723,2.674560785293579,2.8027915954589844,2.8508782386779785,3.2304599285125732,3.4182021617889404,3.582599401473999,3.8726367950439453,3.988922119140625,4.349302291870117,4.606083869934082,4.833602428436279,4.999659538269043,5.184874534606934,5.224483966827393,5.382205009460449
B4,2.4563488960266113,2.1913962364196777,2.2646167278289795,2.137082576751709,1.9009838104248047,2.0499320030212402,1.8410329818725586,2.0697662830352783,1.8742190599441528,2.2246510982513428,2.168788433074951,2.2988433837890625,2.0885581970214844,2.088059186935425,1.753473162651062,0.9434686899185181,0.613791823387146,0.3923075795173645,0.0,0.3728986382484436,0.5654113292694092,0.8359106183052063,1.1146130561828613,1.3458471298217773,1.6872305870056152,1.8691511154174805,1.9631421566009521,1.8645859956741333,1.6779861450195312,1.4623960256576538,1.1510165929794312,1.2423127889633179,1.1210869550704956,1.2154567241668701,1.4769079685211182,1.4758093357086182,1.8575856685638428,1.9279240369796753,2.261345148086548,2.4473328590393066,2.6440846920013428,2.629669666290283,2.6302034854888916,2.4500787258148193,2.2714192867279053,1.8938138484954834,2.0269742012023926,1.9324556589126587,2.2446727752685547,2.291489362716675,2.469984769821167,2.7745611667633057,2.940329074859619,3.290895938873291,3.501403570175171,3.7608022689819336,3.819502830505371,3.795794725418091,3.5725204944610596,3.4616963863372803,2.6831817626953125,2.848768472671509,2.905471086502075,3.2759110927581787,3.4463133811950684,3.571080207824707,3.870591878890991,3.9499411582946777,4.309177398681641,4.545464515686035,4.755045413970947,4.899304389953613,5.061548709869385,5.073673725128174,5.218674182891846
B5,2.7691683769226074,2.4805099964141846,2.5350234508514404,2.39306902885437,2.11698842048645,2.2476449012756348,1.9901849031448364,2.19699764251709,1.9657007455825806,2.2869112491607666,2.2069344520568848,2.364121675491333,2.173691987991333,2.2371203899383545,1.9351301193237305,1.2827951908111572,0.9508220553398132,0.6286201477050781,0.3728986382484436,0.0,0.39053988456726074,0.5869212746620178,0.9047179818153381,1.174283742904663,1.510459542274475,1.7484731674194336,1.902738094329834,1.8700876235961914,1.7447892427444458,1.5693377256393433,1.4840351343154907,1.5163142681121826,1.3139859437942505,1.3716135025024414,1.5596052408218384,1.518323302268982,1.8813284635543823,1.9080499410629272,2.267211675643921,2.4114108085632324,2.643834114074707,2.6497113704681396,2.701719284057617,2.5613183975219727,2.4148402214050293,2.2039170265197754,2.3023757934570312,2.1580393314361572,2.452781915664673,2.4493179321289062,2.6130661964416504,2.895186185836792,3.035442590713501,3.3983206748962402,3.586658477783203,3.869227886199951,3.9506924152374268,3.9570975303649902,3.7598514556884766,3.6639857292175293,2.9942376613616943,3.1522631645202637,3.181979179382324,3.5495803356170654,3.6941258907318115,3.8064122200012207,4.0912766456604,4.152272701263428,4.512342929840088,4.74290657043457,4.933651924133301,5.08002233505249,5.2266764640808105,5.221351623535156,5.37582540512085
B6,2.9563186168670654,2.683027982711792,2.707712411880493,2.525510787963867,2.255950450897217,2.3276584148406982,2.0600826740264893,2.20883846282959,1.9336235523223877,2.217782497406006,2.0761122703552246,2.189131498336792,1.963922381401062,2.042257308959961,1.782914161682129,1.4358192682266235,1.1540638208389282,0.8766313195228577,0.5654113292694092,0.39053988456726074,0.0,0.3804209530353546,0.5715234875679016,0.8733663558959961,1.173629641532898,1.4104799032211304,1.5410822629928589,1.5340994596481323,1.4123214483261108,1.2942341566085815,1.6345423460006714,1.6974503993988037,1.5150114297866821,1.4856475591659546,1.6912519931793213,1.5650080442428589,1.9148380756378174,1.871023178100586,2.2084426879882812,2.3059887886047363,2.513383626937866,2.4731106758117676,2.546666145324707,2.389108419418335,2.2951107025146484,2.307387113571167,2.4408817291259766,2.3073954582214355,2.5699992179870605,2.586442708969116,2.701268434524536,3.003201961517334,3.1043245792388916,3.4704694747924805,3.6282291412353516,3.9040136337280273,3.959520101547241,3.9844980239868164,3.775359869003296,3.7156834602355957,3.1495118141174316,3.343304395675659,3.4076640605926514,3.7692043781280518,3.9246985912323,4.017641544342041,4.319387435913086,4.364448547363281,4.720398902893066,4.935634613037109,5.122231960296631,5.244471073150635,5.377326011657715,5.35344123840332,5.484086990356445
B7,3.285000801086426,3.016090154647827,3.0610580444335938,2.8931052684783936,2.6230058670043945,2.704087972640991,2.4309945106506348,2.576888084411621,2.2920525074005127,2.5588037967681885,2.3963096141815186,2.503166437149048,2.27160906791687,2.3657453060150146,2.1299664974212646,1.759741187095642,1.4479321241378784,1.1806572675704956,0.8359106183052063,0.5869212746620178,0.3804209530353546,0.0,0.38478967547416687,0.6057484745979309,0.9492007493972778,1.2030394077301025,1.4169926643371582,1.4456137418746948,1.4242960214614868,1.303624153137207,1.8093291521072388,1.8008708953857422,1.5512348413467407,1.4566446542739868,1.5878876447677612,1.4072315692901611,1.7189514636993408,1.6272013187408447,1.9747350215911865,2.0350096225738525,2.2711148262023926,2.2596638202667236,2.3773090839385986,2.272765636444092,2.203399181365967,2.418684482574463,2.5101327896118164,2.323310375213623,2.549865961074829,2.520103693008423,2.603029727935791,2.8831465244293213,2.9485697746276855,3.321549654006958,3.4509482383728027,3.74394154548645,3.817699670791626,3.8750956058502197,3.69520902633667,3.65693998336792,3.2685234546661377,3.468238115310669,3.5132172107696533,3.863056182861328,3.9881365299224854,4.050769805908203,4.3431196212768555,4.356006145477295,4.708158493041992,4.907194137573242,5.070080280303955,5.182631492614746,5.292829990386963,5.244679927825928,5.376441955566406
B8,3.5013816356658936,3.2384698390960693,3.251758098602295,3.0489282608032227,2.778571128845215,2.8084962368011475,2.5244407653808594,2.6167852878570557,2.2998404502868652,2.52043080329895,2.306312322616577,2.3764731884002686,2.12927508354187,2.2500529289245605,2.0703933238983154,1.9754149913787842,1.705150842666626,1.4476102590560913,1.1146130561828613,0.9047179818153381,0.5715234875679016,0.38478967547416687,0.0,0.3867686092853546,0.6188279986381531,0.9101123809814453,1.1128937005996704,1.2141454219818115,1.2234432697296143,1.2056080102920532,2.067963123321533,2.0917437076568604,1.8698474168777466,1.733371376991272,1.8752923011779785,1.6412715911865234,1.923460841178894,1.7654407024383545,2.0767927169799805,2.0768449306488037,2.2828328609466553,2.2209622859954834,2.368607759475708,2.25187349319458,2.2458508014678955,2.644660711288452,2.765674591064453,2.5954082012176514,2.7974393367767334,2.7853589057922363,2.8296632766723633,3.1206488609313965,3.151885509490967,3.5224969387054443,3.6220028400421143,3.906637668609619,3.95688796043396,4.031745910644531,3.8432557582855225,3.8374195098876953,3.520982265472412,3.7438204288482666,3.8149666786193848,4.160882949829102,4.296601295471191,4.348677635192871,4.652288913726807,4.656121730804443,5.0040459632873535,5.191760063171387,5.351504802703857,5.445353031158447,5.5443010330200195,5.481152057647705,5.592751502990723
B9,3.730717658996582,3.490753173828125,3.5283126831054688,3.3398287296295166,3.091923236846924,3.1305203437805176,2.86525559425354,2.9596731662750244,2.646298408508301,2.8657681941986084,2.6376073360443115,2.6745553016662598,2.3996169567108154,2.4928290843963623,2.3260719776153564,2.2001309394836426,1.9244842529296875,1.7151283025741577,1.3458471298217773,1.174283742904663,0.8733663558959961,0.6057484745979309,0.3867686092853546,0.0,0.40013226866722107,0.6070854067802429,0.8802889585494995,0.9780564904212952,1.0967463254928589,1.0697211027145386,2.142455816268921,2.127229928970337,1.8893015384674072,1.6785697937011719,1.781024694442749,1.485931158065796,1.7144650220870972,1.4969481229782104,1.7777494192123413,1.735859990119934,1.9330681562423706,1.8670859336853027,2.0443146228790283,1.9605506658554077,1.9916166067123413,2.62382173538208,2.726276159286499,2.5324413776397705,2.685979127883911,2.659956455230713,2.6552367210388184,2.938788414001465,2.9279608726501465,3.2949931621551514,3.3620758056640625,3.645531177520752,3.6900932788848877,3.790386438369751,3.615936040878296,3.640970468521118,3.5088162422180176,3.751882553100586,3.827775716781616,4.156207084655762,4.275668144226074,4.293875217437744,4.599310398101807,4.572536945343018,4.911493301391602,5.077515602111816,5.21997594833374,5.291670322418213,5.3691792488098145,5.283017635345459,5.379631042480469
B10,4.026422500610352,3.786565065383911,3.7964963912963867,3.5805108547210693,3.327754497528076,3.325364112854004,3.0483622550964355,3.097172498703003,2.7609593868255615,2.9322197437286377,2.6633076667785645,2.6708991527557373,2.39583158493042,2.5199716091156006,2.413173198699951,2.5058753490448,2.2563111782073975,2.038896083831787,1.6872305870056152,1.510459542274475,1.173629641532898,0.9492007493972778,0.6188279986381531,0.40013226866722107,0.0,0.3723713159561157,0.670590877532959,0.9153475165367126,1.1034408807754517,1.2061047554016113,2.497197151184082,2.5025856494903564,2.2797889709472656,2.0560944080352783,2.156491756439209,1.839892029762268,2.032939910888672,1.7690141201019287,2.003936529159546,1.8940578699111938,2.058145523071289,1.9479585886001587,2.1633079051971436,2.0830211639404297,2.1822898387908936,2.958378553390503,3.0780818462371826,2.8947980403900146,3.0290966033935547,3.0100150108337402,2.9761178493499756,3.2583298683166504,3.216202735900879,3.576249837875366,3.61197829246521,3.888000726699829,3.9157004356384277,4.036102294921875,3.861802101135254,3.9167816638946533,3.8525707721710205,4.109018802642822,4.20009708404541,4.524957656860352,4.649208068847656,4.659115314483643,4.969385147094727,4.933905601501465,5.268167495727539,5.4238104820251465,5.55993127822876,5.616499900817871,5.681379795074463,5.579743385314941,5.660243034362793
B11,4.135560512542725,3.923463821411133,3.9463136196136475,3.7365658283233643,3.5127816200256348,3.5083374977111816,3.257185459136963,3.30212664604187,2.973862409591675,3.145991563796997,2.8677384853363037,2.833944082260132,2.5287630558013916,2.6116719245910645,2.5188615322113037,2.6329216957092285,2.4017207622528076,2.235805034637451,1.8691511154174805,1.7484731674194336,1.4104799032211304,1.2030394077301025,0.9101123809814453,0.6070854067802429,0.3723713159561157,0.0,0.3863995671272278,0.633537232875824,0.9245061278343201,1.0548678636550903,2.5334458351135254,2.535989284515381,2.3359949588775635,2.0662989616394043,2.1669135093688965,1.8195961713790894,1.9715169668197632,1.6756505966186523,1.8481230735778809,1.7084197998046875,1.8181626796722412,1.6603809595108032,1.8812119960784912,1.798310399055481,1.9464668035507202,2.9058165550231934,3.0319573879241943,2.857883930206299,2.9521377086639404,2.94966197013855,2.8730335235595703,3.1605684757232666,3.087709665298462,3.4345123767852783,3.445570468902588,3.702972173690796,3.7042369842529297,3.8351728916168213,3.656263828277588,3.7411317825317383,3.8007020950317383,4.079934120178223,4.192226409912109,4.500912666320801,4.625926971435547,4.6126885414123535,4.931942462921143,4.8793535232543945,5.203384876251221,5.34110164642334,5.471540451049805,5.504107475280762,5.556432247161865,5.441433429718018,5.498367786407471
B12,4.079806804656982,3.8899152278900146,3.898005962371826,3.6745030879974365,3.476283073425293,3.44389271736145,3.2157645225524902,3.2340142726898193,2.9105849266052246,3.0651962757110596,2.7720489501953125,2.690108060836792,2.3619070053100586,2.4138267040252686,2.35478138923645,2.622244358062744,2.4380760192871094,2.312384605407715,1.9631421566009521,1.902738094329834,1.5410822629928589,1.4169926643371582,1.1128937005996704,0.8802889585494995,0.670590877532959,0.3863995671272278,0.0,0.37805500626564026,0.6624358892440796,0.9094750881195068,2.5463900566101074,2.5938720703125,2.4482758045196533,2.178501605987549,2.3276479244232178,1.988251805305481,2.1506500244140625,1.8720875978469849,2.003525733947754,1.8812379837036133,1.9240086078643799,1.6970906257629395,1.872897982597351,1.7244597673416138,1.9018833637237549,2.88339900970459,3.050090789794922,2.920856237411499,3.0094895362854004,3.05366587638855,2.9668493270874023,3.2776989936828613,3.2076401710510254,3.5413310527801514,3.554255723953247,3.7836949825286865,3.7465505599975586,3.861311912536621,3.652172803878784,3.748569965362549,3.780095338821411,4.077442646026611,4.224266052246094,4.5290303230285645,4.678386211395264,4.668532848358154,5.003581523895264,4.960650444030762,5.280406951904297,5.415853500366211,5.559722900390625,5.579455375671387,5.638228893280029,5.52953577041626,5.565145969390869
B13,3.8719606399536133,3.7087392807006836,3.7399754524230957,3.5374481678009033,3.3711516857147217,3.358790397644043,3.1644158363342285,3.2059130668640137,2.9081692695617676,3.0941154956817627,2.8250293731689453,2.7309041023254395,2.381559133529663,2.372680902481079,2.2819201946258545,2.448824882507324,2.282240152359009,2.214749813079834,1.8645859956741333,1.8700876235961914,1.5340994596481323,1.4456137418746948,1.2141454219818115,0.9780564904212952,0.9153475165367126,0.633537232875824,0.37805500626564026,0.0,0.3966583013534546,0.5913380980491638,2.2895405292510986,2.3424062728881836,2.232168197631836,1.947702169418335,2.1214723587036133,1.7909222841262817,1.9539422988891602,1.7052783966064453,1.8091212511062622,1.7364623546600342,1.7408801317214966,1.4894237518310547,1.6035935878753662,1.4048330783843994,1.566823124885559,2.562659740447998,2.7402522563934326,2.632843494415283,2.7079479694366455,2.781317710876465,2.686810255050659,3.0126664638519287,2.9518887996673584,3.2760932445526123,3.3024115562438965,3.5136680603027344,3.4571516513824463,3.5521397590637207,3.324164628982544,3.4177610874176025,3.452054977416992,3.760686159133911,3.9240520000457764,4.21935510635376,4.376341819763184,4.361415386199951,4.704306602478027,4.663356304168701,4.978525161743164,5.11123514175415,5.2632317543029785,5.276378154754639,5.341817378997803,5.241885185241699,5.26850700378418
