0.000000000000000000e+00,3.844371438026428223e-01,6.501260995864868164e-01,9.603060483932495117e-01,1.252319931983947754e+00,1.587598204612731934e+00,1.845444560050964355e+00,2.158297538757324219e+00,2.435588836669921875e+00,2.339662313461303711e+00,2.296612262725830078e+00,1.934405326843261719e+00,1.913637399673461914e+00,1.594110846519470215e+00,1.659914255142211914e+00,7.414572238922119141e-01,8.964517712593078613e-01,9.778098464012145996e-01,1.161503076553344727e+00,1.401691317558288574e+00,1.698370456695556641e+00,1.949720382690429688e+00,2.220364570617675781e+00,2.510872364044189453e+00,2.403584957122802734e+00,2.431636810302734375e+00,2.111202478408813477e+00,2.125010967254638672e+00,1.881486535072326660e+00,1.965673685073852539e+00,1.507737517356872559e+00,1.583833932876586914e+00,1.519220352172851562e+00,1.574173569679260254e+00,1.697220563888549805e+00,1.878415942192077637e+00,2.087602138519287109e+00,2.242964744567871094e+00,2.593925476074218750e+00,2.557627916336059570e+00,2.635024070739746094e+00,2.360096931457519531e+00,2.420904874801635742e+00,2.246162414550781250e+00,2.355418682098388672e+00,2.386008739471435547e+00,2.235085487365722656e+00,2.117577314376831055e+00,2.131279945373535156e+00,2.160607576370239258e+00,2.275696277618408203e+00,2.410582780838012695e+00,2.452786445617675781e+00,2.818316459655761719e+00,2.772163391113281250e+00,2.897487163543701172e+00,2.676518201828002930e+00,2.768146991729736328e+00,2.642428636550903320e+00,2.770748615264892578e+00,2.977771759033203125e+00,2.989337921142578125e+00,2.792187929153442383e+00,2.787346839904785156e+00,2.765925645828247070e+00,2.789468288421630859e+00,2.969511985778808594e+00,2.830891132354736328e+00,3.137803316116333008e+00,3.052232027053833008e+00,3.218762636184692383e+00,3.042620897293090820e+00,3.168290138244628906e+00,3.095397472381591797e+00,3.221480846405029297e+00
3.844371438026428223e-01,0.000000000000000000e+00,3.815793991088867188e-01,6.046634316444396973e-01,9.278494715690612793e-01,1.237693428993225098e+00,1.516012191772460938e+00,1.833533644676208496e+00,2.106868743896484375e+00,2.045345306396484375e+00,2.024948120117187500e+00,1.670437216758728027e+00,1.705481767654418945e+00,1.411585330963134766e+00,1.560154557228088379e+00,7.293197512626647949e-01,7.489337325096130371e-01,7.226126790046691895e-01,8.236368894577026367e-01,1.050318479537963867e+00,1.323673844337463379e+00,1.586298584938049316e+00,1.850149512290954590e+00,2.150336503982543945e+00,2.070520162582397461e+00,2.128059148788452148e+00,1.824463248252868652e+00,1.889904856681823730e+00,1.680470585823059082e+00,1.832442283630371094e+00,1.467823028564453125e+00,1.470399737358093262e+00,1.335736989974975586e+00,1.324463486671447754e+00,1.398713588714599609e+00,1.538435697555541992e+00,1.736905097961425781e+00,1.870014667510986328e+00,2.228233098983764648e+00,2.212046623229980469e+00,2.318733692169189453e+00,2.066669225692749023e+00,2.172859191894531250e+00,2.036728382110595703e+00,2.199657678604125977e+00,2.319911003112792969e+00,2.122417449951171875e+00,1.954089522361755371e+00,1.924229264259338379e+00,1.904998183250427246e+00,1.979724764823913574e+00,2.088524818420410156e+00,2.100232362747192383e+00,2.463781833648681641e+00,2.429183721542358398e+00,2.580039739608764648e+00,2.386415481567382812e+00,2.514084100723266602e+00,2.427087306976318359e+00,2.594730615615844727e+00,2.875222921371459961e+00,2.853651762008666992e+00,2.617942571640014648e+00,2.591918706893920898e+00,2.526367187500000000e+00,2.523030519485473633e+00,2.673089981079101562e+00,2.505645275115966797e+00,2.799752473831176758e+00,2.723250627517700195e+00,2.911462068557739258e+00,2.764059305191040039e+00,2.914813995361328125e+00,2.879120826721191406e+00,3.029941320419311523e+00
6.501260995864868164e-01,3.815793991088867188e-01,0.000000000000000000e+00,3.906129896640777588e-01,6.066315174102783203e-01,9.614980816841125488e-01,1.197954416275024414e+00,1.513392210006713867e+00,1.787006139755249023e+00,1.697754740715026855e+00,1.685108304023742676e+00,1.339361190795898438e+00,1.394843220710754395e+00,1.142947673797607422e+00,1.327062010765075684e+00,8.613470196723937988e-01,9.198320508003234863e-01,7.258358001708984375e-01,8.241978883743286133e-01,9.077373743057250977e-01,1.177541613578796387e+00,1.367754578590393066e+00,1.616104841232299805e+00,1.902631163597106934e+00,1.783841133117675781e+00,1.845077395439147949e+00,1.559959173202514648e+00,1.636250615119934082e+00,1.477270483970642090e+00,1.647259235382080078e+00,1.578888535499572754e+00,1.600012660026550293e+00,1.385097980499267578e+00,1.386416077613830566e+00,1.362280011177062988e+00,1.493309378623962402e+00,1.611137628555297852e+00,1.718855381011962891e+00,2.054387092590332031e+00,1.992984771728515625e+00,2.093189716339111328e+00,1.864741802215576172e+00,1.968061327934265137e+00,1.878434419631958008e+00,2.042533636093139648e+00,2.411406278610229492e+00,2.222144365310668945e+00,2.002631425857543945e+00,1.993401169776916504e+00,1.908800840377807617e+00,1.983528017997741699e+00,2.024463891983032227e+00,2.016592264175415039e+00,2.349852561950683594e+00,2.268518686294555664e+00,2.405595302581787109e+00,2.233328819274902344e+00,2.347461223602294922e+00,2.295679569244384766e+00,2.452961206436157227e+00,2.911482095718383789e+00,2.905742883682250977e+00,2.642244815826416016e+00,2.646836519241333008e+00,2.541379928588867188e+00,2.553968906402587891e+00,2.656204700469970703e+00,2.469898462295532227e+00,2.724926948547363281e+00,2.610054731369018555e+00,2.783458948135375977e+00,2.651401281356811523e+00,2.779833316802978516e+00,2.767787456512451172e+00,2.894638538360595703e+00
9.603060483932495117e-01,6.046634316444396973e-01,3.906129896640777588e-01,0.000000000000000000e+00,3.795679211616516113e-01,6.372708678245544434e-01,9.452260136604309082e-01,1.242101073265075684e+00,1.530937910079956055e+00,1.517493247985839844e+00,1.567144989967346191e+00,1.257673144340515137e+00,1.413524985313415527e+00,1.229963064193725586e+00,1.500286579132080078e+00,1.118508338928222656e+00,1.047578692436218262e+00,7.915557622909545898e-01,7.009650468826293945e-01,7.106322646141052246e-01,8.767979741096496582e-01,1.083516597747802734e+00,1.289643168449401855e+00,1.611670374870300293e+00,1.554867506027221680e+00,1.684803605079650879e+00,1.447134375572204590e+00,1.610645771026611328e+00,1.515241861343383789e+00,1.760896086692810059e+00,1.743623852729797363e+00,1.683789253234863281e+00,1.427150845527648926e+00,1.331958532333374023e+00,1.243725538253784180e+00,1.277855992317199707e+00,1.371730327606201172e+00,1.413171052932739258e+00,1.766165018081665039e+00,1.752340197563171387e+00,1.913296580314636230e+00,1.735641956329345703e+00,1.911141753196716309e+00,1.880950927734375000e+00,2.108033895492553711e+00,2.515889406204223633e+00,2.280089855194091797e+00,2.025142431259155273e+00,1.952983140945434570e+00,1.818474531173706055e+00,1.820955276489257812e+00,1.826271533966064453e+00,1.755614042282104492e+00,2.082542181015014648e+00,2.032782554626464844e+00,2.219207763671875000e+00,2.098446369171142578e+00,2.268511056900024414e+00,2.271733522415161133e+00,2.477565050125122070e+00,2.977942228317260742e+00,2.929104328155517578e+00,2.632664203643798828e+00,2.600132465362548828e+00,2.447074413299560547e+00,2.412421226501464844e+00,2.475952148437500000e+00,2.245633840560913086e+00,2.479915857315063477e+00,2.392602443695068359e+00,2.605094194412231445e+00,2.521467685699462891e+00,2.688960075378417969e+00,2.727364301681518555e+00,2.887646675109863281e+00
1.252319931983947754e+00,9.278494715690612793e-01,6.066315174102783203e-01,3.795679211616516113e-01,0.000000000000000000e+00,3.827194869518280029e-01,5.965641736984252930e-01,9.150035381317138672e-01,1.187159776687622070e+00,1.142938375473022461e+00,1.202460169792175293e+00,9.150827527046203613e-01,1.121183872222900391e+00,1.021682262420654297e+00,1.335199713706970215e+00,1.300704121589660645e+00,1.259023070335388184e+00,9.219457507133483887e-01,8.459874391555786133e-01,6.708521246910095215e-01,7.948135137557983398e-01,8.675794601440429688e-01,1.053673148155212402e+00,1.342261672019958496e+00,1.234651923179626465e+00,1.369761228561401367e+00,1.166239261627197266e+00,1.354093432426452637e+00,1.333520293235778809e+00,1.601164460182189941e+00,1.858637213706970215e+00,1.814761281013488770e+00,1.503195405006408691e+00,1.429150223731994629e+00,1.248401045799255371e+00,1.273306965827941895e+00,1.259883642196655273e+00,1.274188756942749023e+00,1.580644130706787109e+00,1.507561326026916504e+00,1.656875610351562500e+00,1.514398336410522461e+00,1.689073443412780762e+00,1.717908859252929688e+00,1.947683453559875488e+00,2.581369161605834961e+00,2.358499526977539062e+00,2.063639402389526367e+00,2.015344619750976562e+00,1.821967244148254395e+00,1.828446984291076660e+00,1.759562969207763672e+00,1.676301002502441406e+00,1.955602407455444336e+00,1.849014520645141602e+00,2.013111591339111328e+00,1.919531464576721191e+00,2.073590755462646484e+00,2.118230581283569336e+00,2.313676118850708008e+00,2.978152036666870117e+00,2.943827390670776367e+00,2.626204252243041992e+00,2.625514507293701172e+00,2.437245130538940430e+00,2.423616170883178711e+00,2.436896562576293945e+00,2.197700262069702148e+00,2.383918762207031250e+00,2.252288818359375000e+00,2.441562891006469727e+00,2.375269651412963867e+00,2.516688346862792969e+00,2.581156969070434570e+00,2.717233896255493164e+00
1.587598204612731934e+00,1.237693428993225098e+00,9.614980816841125488e-01,6.372708678245544434e-01,3.827194869518280029e-01,0.000000000000000000e+00,3.781824707984924316e-01,6.289531588554382324e-01,9.185749292373657227e-01,9.904976487159729004e-01,1.144885182380676270e+00,9.528726935386657715e-01,1.256752967834472656e+00,1.248256802558898926e+00,1.600648760795593262e+00,1.626430630683898926e+00,1.521185755729675293e+00,1.178207635879516602e+00,9.933369159698486328e-01,7.415759563446044922e-01,6.629118919372558594e-01,6.615841984748840332e-01,7.291247844696044922e-01,1.059142112731933594e+00,1.032167077064514160e+00,1.264596104621887207e+00,1.154778599739074707e+00,1.430047154426574707e+00,1.489001989364624023e+00,1.804425716400146484e+00,2.114344835281372070e+00,2.016985893249511719e+00,1.685706138610839844e+00,1.543874144554138184e+00,1.304811835289001465e+00,1.221382498741149902e+00,1.139658689498901367e+00,1.042615890502929688e+00,1.339469313621520996e+00,1.312318563461303711e+00,1.532949328422546387e+00,1.473420262336730957e+00,1.716848969459533691e+00,1.816597104072570801e+00,2.092225313186645508e+00,2.769645690917968750e+00,2.516764402389526367e+00,2.197442054748535156e+00,2.100910186767578125e+00,1.860523462295532227e+00,1.795535683631896973e+00,1.671224951744079590e+00,1.512061238288879395e+00,1.754977107048034668e+00,1.672064065933227539e+00,1.884427785873413086e+00,1.862615704536437988e+00,2.066518306732177734e+00,2.174379348754882812e+00,2.406511068344116211e+00,3.118652343750000000e+00,3.050028800964355469e+00,2.707113027572631836e+00,2.678235530853271484e+00,2.443895339965820312e+00,2.388484239578247070e+00,2.349429845809936523e+00,2.066672801971435547e+00,2.209385395050048828e+00,2.100160837173461914e+00,2.322824239730834961e+00,2.316284179687500000e+00,2.488296985626220703e+00,2.607712745666503906e+00,2.767461299896240234e+00
1.845444560050964355e+00,1.516012191772460938e+00,1.197954416275024414e+00,9.452260136604309082e-01,5.965641736984252930e-01,3.781824707984924316e-01,0.000000000000000000e+00,3.885064721107482910e-01,5.914919376373291016e-01,6.141754984855651855e-01,7.883335351943969727e-01,6.730152964591979980e-01,1.030603051185607910e+00,1.131227731704711914e+00,1.492980480194091797e+00,1.795053958892822266e+00,1.719932556152343750e+00,1.345078706741333008e+00,1.207942485809326172e+00,8.772889375686645508e-01,7.939504981040954590e-01,5.989779233932495117e-01,6.242730021476745605e-01,8.459745645523071289e-01,7.238664031028747559e-01,9.593686461448669434e-01,9.173510074615478516e-01,1.210290670394897461e+00,1.355126023292541504e+00,1.673051834106445312e+00,2.213531255722045898e+00,2.138559341430664062e+00,1.778200984001159668e+00,1.673629879951477051e+00,1.379361033439636230e+00,1.313658237457275391e+00,1.129122853279113770e+00,1.027865529060363770e+00,1.228797793388366699e+00,1.109448552131652832e+00,1.296566486358642578e+00,1.284498691558837891e+00,1.512620329856872559e+00,1.673469305038452148e+00,1.939077377319335938e+00,2.809949636459350586e+00,2.579132556915283203e+00,2.235501289367675781e+00,2.172617197036743164e+00,1.892675638198852539e+00,1.848104715347290039e+00,1.659803986549377441e+00,1.512493968009948730e+00,1.688324451446533203e+00,1.531381249427795410e+00,1.698977112770080566e+00,1.703975319862365723e+00,1.877506256103515625e+00,2.024312257766723633e+00,2.236476898193359375e+00,3.092311382293701172e+00,3.043160915374755859e+00,2.690208911895751953e+00,2.698583841323852539e+00,2.442180395126342773e+00,2.418817758560180664e+00,2.336817264556884766e+00,2.064620256423950195e+00,2.155220746994018555e+00,1.991478562355041504e+00,2.173352003097534180e+00,2.178639411926269531e+00,2.312957763671875000e+00,2.453097820281982422e+00,2.581883668899536133e+00
2.158297538757324219e+00,1.833533644676208496e+00,1.513392210006713867e+00,1.242101073265075684e+00,9.150035381317138672e-01,6.289531588554382324e-01,3.885064721107482910e-01,0.000000000000000000e+00,3.921799659729003906e-01,5.689516067504882812e-01,8.968273401260375977e-01,9.315586090087890625e-01,1.305970668792724609e+00,1.470601439476013184e+00,1.818845987319946289e+00,2.170545816421508789e+00,2.094502449035644531e+00,1.725270628929138184e+00,1.564274668693542480e+00,1.239852786064147949e+00,1.082083582878112793e+00,8.479778766632080078e-01,6.741237044334411621e-01,8.565326333045959473e-01,7.972021698951721191e-01,1.109985589981079102e+00,1.184829950332641602e+00,1.492998600006103516e+00,1.691902160644531250e+00,2.003920078277587891e+00,2.601300477981567383e+00,2.517992019653320312e+00,2.156437635421752930e+00,2.031675100326538086e+00,1.725310921669006348e+00,1.608726501464843750e+00,1.386265158653259277e+00,1.191531896591186523e+00,1.331053733825683594e+00,1.233404278755187988e+00,1.456658601760864258e+00,1.533561348915100098e+00,1.776215434074401855e+00,1.986801981925964355e+00,2.251374959945678711e+00,3.181216955184936523e+00,2.944811105728149414e+00,2.594213724136352539e+00,2.514946222305297852e+00,2.216368913650512695e+00,2.134023904800415039e+00,1.909198880195617676e+00,1.707952022552490234e+00,1.824050068855285645e+00,1.675459623336791992e+00,1.860659360885620117e+00,1.934274554252624512e+00,2.118061065673828125e+00,2.310065031051635742e+00,2.521585702896118164e+00,3.436096668243408203e+00,3.377937793731689453e+00,3.015448570251464844e+00,3.015322446823120117e+00,2.734320640563964844e+00,2.688448190689086914e+00,2.565227985382080078e+00,2.266013145446777344e+00,2.303184032440185547e+00,2.151510000228881836e+00,2.342658042907714844e+00,2.399717807769775391e+00,2.535027980804443359e+00,2.713438987731933594e+00,2.835787296295166016e+00
2.435588836669921875e+00,2.106868743896484375e+00,1.787006139755249023e+00,1.530937910079956055e+00,1.187159776687622070e+00,9.185749292373657227e-01,5.914919376373291016e-01,3.921799659729003906e-01,0.000000000000000000e+00,3.865975141525268555e-01,7.178944349288940430e-01,8.883810043334960938e-01,1.261951804161071777e+00,1.498901963233947754e+00,1.844557404518127441e+00,2.344669103622436523e+00,2.258091449737548828e+00,1.877614021301269531e+00,1.722551465034484863e+00,1.359681248664855957e+00,1.180681586265563965e+00,8.515049219131469727e-01,6.468161344528198242e-01,6.291350722312927246e-01,5.255252718925476074e-01,8.546087145805358887e-01,1.043565273284912109e+00,1.365571975708007812e+00,1.633692502975463867e+00,1.951027035713195801e+00,2.675242662429809570e+00,2.585190296173095703e+00,2.208843946456909180e+00,2.092700481414794922e+00,1.748786807060241699e+00,1.626271367073059082e+00,1.330853104591369629e+00,1.133495211601257324e+00,1.154919505119323730e+00,9.944753050804138184e-01,1.194333434104919434e+00,1.347563147544860840e+00,1.591655135154724121e+00,1.861791133880615234e+00,2.130628108978271484e+00,3.164962768554687500e+00,2.937090635299682617e+00,2.569988965988159180e+00,2.500777244567871094e+00,2.169881105422973633e+00,2.086864709854125977e+00,1.808817386627197266e+00,1.615009546279907227e+00,1.653659343719482422e+00,1.454163670539855957e+00,1.604031443595886230e+00,1.724724769592285156e+00,1.897864699363708496e+00,2.136590480804443359e+00,2.345772027969360352e+00,3.344612836837768555e+00,3.286373853683471680e+00,2.915718317031860352e+00,2.933318138122558594e+00,2.628519058227539062e+00,2.598075389862060547e+00,2.429911136627197266e+00,2.142622947692871094e+00,2.123567104339599609e+00,1.935698509216308594e+00,2.094052553176879883e+00,2.179095983505249023e+00,2.293764352798461914e+00,2.504368543624877930e+00,2.615036010742187500e+00
2.339662313461303711e+00,2.045345306396484375e+00,1.697754740715026855e+00,1.517493247985839844e+00,1.142938375473022461e+00,9.904976487159729004e-01,6.141754984855651855e-01,5.689516067504882812e-01,3.865975141525268555e-01,0.000000000000000000e+00,3.829083144664764404e-01,6.085738539695739746e-01,9.496013522148132324e-01,1.234511017799377441e+00,1.547272205352783203e+00,2.211204767227172852e+00,2.181534767150878906e+00,1.795111775398254395e+00,1.718250989913940430e+00,1.355855107307434082e+00,1.282683134078979492e+00,9.617362022399902344e-01,9.060186147689819336e-01,8.631753921508789062e-01,5.708544850349426270e-01,7.309403419494628906e-01,8.777685165405273438e-01,1.127013206481933594e+00,1.408908486366271973e+00,1.684021472930908203e+00,2.538989782333374023e+00,2.501627206802368164e+00,2.124420642852783203e+00,2.074394702911376953e+00,1.740705370903015137e+00,1.702081203460693359e+00,1.418691873550415039e+00,1.321712017059326172e+00,1.346022963523864746e+00,1.089904665946960449e+00,1.173807859420776367e+00,1.264846086502075195e+00,1.424518465995788574e+00,1.680456280708312988e+00,1.897829055786132812e+00,3.040261030197143555e+00,2.851122140884399414e+00,2.489008188247680664e+00,2.477417230606079102e+00,2.160929441452026367e+00,2.146628379821777344e+00,1.884772658348083496e+00,1.763592958450317383e+00,1.820706963539123535e+00,1.560815811157226562e+00,1.629893898963928223e+00,1.687673687934875488e+00,1.786265254020690918e+00,1.993070363998413086e+00,2.150480508804321289e+00,3.216837406158447266e+00,3.201953411102294922e+00,2.846515655517578125e+00,2.911480426788330078e+00,2.633354902267456055e+00,2.657093286514282227e+00,2.514905691146850586e+00,2.270674228668212891e+00,2.273822546005249023e+00,2.034582138061523438e+00,2.134662628173828125e+00,2.163074254989624023e+00,2.219952106475830078e+00,2.390236377716064453e+00,2.452760457992553711e+00
2.296612262725830078e+00,2.024948120117187500e+00,1.685108304023742676e+00,1.567144989967346191e+00,1.202460169792175293e+00,1.144885182380676270e+00,7.883335351943969727e-01,8.968273401260375977e-01,7.178944349288940430e-01,3.829083144664764404e-01,0.000000000000000000e+00,3.783855140209197998e-01,6.340135931968688965e-01,9.693963527679443359e-01,1.254334807395935059e+00,2.063284873962402344e+00,2.058450937271118164e+00,1.678298354148864746e+00,1.662719488143920898e+00,1.306301593780517578e+00,1.313883423805236816e+00,1.004932522773742676e+00,1.078154444694519043e+00,9.813326001167297363e-01,5.970749855041503906e-01,5.228030681610107422e-01,6.150419712066650391e-01,7.841329574584960938e-01,1.093825340270996094e+00,1.342745780944824219e+00,2.312157392501831055e+00,2.305085420608520508e+00,1.930405616760253906e+00,1.935433268547058105e+00,1.607569575309753418e+00,1.639998674392700195e+00,1.361118078231811523e+00,1.366770267486572266e+00,1.368178129196166992e+00,1.038988590240478516e+00,1.000589609146118164e+00,1.027338266372680664e+00,1.107099056243896484e+00,1.357481360435485840e+00,1.541911363601684570e+00,2.767712116241455078e+00,2.610432624816894531e+00,2.251878499984741211e+00,2.288156509399414062e+00,1.980339050292968750e+00,2.025447368621826172e+00,1.773631811141967773e+00,1.729612588882446289e+00,1.789445281028747559e+00,1.479522585868835449e+00,1.467844009399414062e+00,1.464490175247192383e+00,1.497680544853210449e+00,1.679230213165283203e+00,1.801636099815368652e+00,2.914895534515380859e+00,2.929277658462524414e+00,2.587030410766601562e+00,2.692195415496826172e+00,2.434730529785156250e+00,2.508628368377685547e+00,2.384082555770874023e+00,2.189705610275268555e+00,2.208162069320678711e+00,1.923835158348083496e+00,1.966531157493591309e+00,1.942292094230651855e+00,1.951521873474121094e+00,2.088172197341918945e+00,2.119290351867675781e+00
1.934405326843261719e+00,1.670437216758728027e+00,1.339361190795898438e+00,1.257673144340515137e+00,9.150827527046203613e-01,9.528726935386657715e-01,6.730152964591979980e-01,9.315586090087890625e-01,8.883810043334960938e-01,6.085738539695739746e-01,3.783855140209197998e-01,0.000000000000000000e+00,3.836486339569091797e-01,6.304772496223449707e-01,9.597305655479431152e-01,1.686096429824829102e+00,1.693729996681213379e+00,1.316193580627441406e+00,1.337043881416320801e+00,1.006518602371215820e+00,1.101855039596557617e+00,8.742843866348266602e-01,1.064467191696166992e+00,1.071017384529113770e+00,7.268321514129638672e-01,6.416081190109252930e-01,4.905026853084564209e-01,6.283508539199829102e-01,8.341438174247741699e-01,1.100587129592895508e+00,1.970778226852416992e+00,1.977239012718200684e+00,1.608938813209533691e+00,1.634836792945861816e+00,1.338179230690002441e+00,1.423691034317016602e+00,1.213064551353454590e+00,1.287948727607727051e+00,1.381107091903686523e+00,1.090773463249206543e+00,1.061926126480102539e+00,9.593467116355895996e-01,1.028801321983337402e+00,1.185674190521240234e+00,1.375076889991760254e+00,2.492903470993041992e+00,2.334134578704833984e+00,1.988427758216857910e+00,2.034559965133666992e+00,1.759633541107177734e+00,1.836868643760681152e+00,1.642986059188842773e+00,1.634663343429565430e+00,1.773643136024475098e+00,1.496749639511108398e+00,1.505760431289672852e+00,1.422128081321716309e+00,1.462078332901000977e+00,1.571273684501647949e+00,1.702152490615844727e+00,2.708616733551025391e+00,2.727931976318359375e+00,2.396411657333374023e+00,2.496462106704711914e+00,2.271300792694091797e+00,2.352006435394287109e+00,2.282974720001220703e+00,2.100914239883422852e+00,2.186873435974121094e+00,1.922396302223205566e+00,1.985765576362609863e+00,1.909494876861572266e+00,1.939407825469970703e+00,2.025635480880737305e+00,2.077302217483520508e+00
1.913637399673461914e+00,1.705481767654418945e+00,1.394843220710754395e+00,1.413524985313415527e+00,1.121183872222900391e+00,1.256752967834472656e+00,1.030603051185607910e+00,1.305970668792724609e+00,1.261951804161071777e+00,9.496013522148132324e-01,6.340135931968688965e-01,3.836486339569091797e-01,0.000000000000000000e+00,3.820398151874542236e-01,6.216078996658325195e-01,1.577379107475280762e+00,1.647682905197143555e+00,1.304111599922180176e+00,1.425083398818969727e+00,1.153892397880554199e+00,1.342676401138305664e+00,1.170831441879272461e+00,1.416602611541748047e+00,1.401919841766357422e+00,1.047051310539245605e+00,8.377018570899963379e-01,5.983355641365051270e-01,4.744533300399780273e-01,6.072855591773986816e-01,7.743825316429138184e-01,1.798545956611633301e+00,1.869410991668701172e+00,1.525035858154296875e+00,1.638356804847717285e+00,1.388226389884948730e+00,1.564634203910827637e+00,1.398410439491271973e+00,1.557102322578430176e+00,1.640054702758789062e+00,1.325011134147644043e+00,1.197602272033691406e+00,1.007490038871765137e+00,9.326047301292419434e-01,1.007067441940307617e+00,1.103276848793029785e+00,2.300899028778076172e+00,2.194801092147827148e+00,1.871599316596984863e+00,1.988563656806945801e+00,1.752508640289306641e+00,1.906895518302917480e+00,1.752149701118469238e+00,1.822400569915771484e+00,1.969776153564453125e+00,1.670557498931884766e+00,1.605417490005493164e+00,1.444292068481445312e+00,1.390979409217834473e+00,1.425114035606384277e+00,1.483016133308410645e+00,2.508790493011474609e+00,2.577250003814697266e+00,2.276235342025756836e+00,2.427116155624389648e+00,2.246462106704711914e+00,2.384908676147460938e+00,2.352370023727416992e+00,2.228125572204589844e+00,2.336995601654052734e+00,2.044072151184082031e+00,2.049211025238037109e+00,1.907106518745422363e+00,1.876700997352600098e+00,1.896747350692749023e+00,1.897472500801086426e+00
1.594110846519470215e+00,1.411585330963134766e+00,1.142947673797607422e+00,1.229963064193725586e+00,1.021682262420654297e+00,1.248256802558898926e+00,1.131227731704711914e+00,1.470601439476013184e+00,1.498901963233947754e+00,1.234511017799377441e+00,9.693963527679443359e-01,6.304772496223449707e-01,3.820398151874542236e-01,0.000000000000000000e+00,3.802590370178222656e-01,1.204588413238525391e+00,1.302193760871887207e+00,9.867309331893920898e-01,1.180733919143676758e+00,9.916409254074096680e-01,1.273511648178100586e+00,1.209786295890808105e+00,1.522032380104064941e+00,1.574570417404174805e+00,1.272887825965881348e+00,1.091958403587341309e+00,7.590201497077941895e-01,6.081472635269165039e-01,4.805812537670135498e-01,6.196752786636352539e-01,1.450538873672485352e+00,1.548416733741760254e+00,1.226722240447998047e+00,1.382910013198852539e+00,1.200249314308166504e+00,1.441906452178955078e+00,1.369104266166687012e+00,1.586482524871826172e+00,1.736339807510375977e+00,1.475312948226928711e+00,1.369153738021850586e+00,1.095182776451110840e+00,1.016398191452026367e+00,9.526749849319458008e-01,1.037015080451965332e+00,2.031181335449218750e+00,1.928709506988525391e+00,1.632375001907348633e+00,1.766431450843811035e+00,1.585749149322509766e+00,1.778297901153564453e+00,1.698591113090515137e+00,1.807175040245056152e+00,2.018602132797241211e+00,1.765020847320556641e+00,1.722380757331848145e+00,1.499292373657226562e+00,1.458042263984680176e+00,1.406881332397460938e+00,1.471355676651000977e+00,2.320355653762817383e+00,2.393993854522705078e+00,2.114130496978759766e+00,2.257286548614501953e+00,2.121663808822631836e+00,2.266601324081420898e+00,2.295737743377685547e+00,2.192263364791870117e+00,2.362740278244018555e+00,2.099942207336425781e+00,2.124441385269165039e+00,1.938832044601440430e+00,1.932839035987854004e+00,1.899255752563476562e+00,1.925915122032165527e+00
1.659914255142211914e+00,1.560154557228088379e+00,1.327062010765075684e+00,1.500286579132080078e+00,1.335199713706970215e+00,1.600648760795593262e+00,1.492980480194091797e+00,1.818845987319946289e+00,1.844557404518127441e+00,1.547272205352783203e+00,1.254334807395935059e+00,9.597305655479431152e-01,6.216078996658325195e-01,3.802590370178222656e-01,0.000000000000000000e+00,1.227600812911987305e+00,1.412929773330688477e+00,1.173823833465576172e+00,1.444511175155639648e+00,1.320755243301391602e+00,1.632033348083496094e+00,1.586665272712707520e+00,1.901487708091735840e+00,1.939314723014831543e+00,1.621025800704956055e+00,1.396936058998107910e+00,1.077422976493835449e+00,8.217188119888305664e-01,6.229525208473205566e-01,5.038422942161560059e-01,1.415119409561157227e+00,1.601126790046691895e+00,1.339722871780395508e+00,1.576296567916870117e+00,1.457425832748413086e+00,1.747005462646484375e+00,1.703493356704711914e+00,1.949017882347106934e+00,2.085868358612060547e+00,1.809796690940856934e+00,1.654314994812011719e+00,1.359494924545288086e+00,1.184644103050231934e+00,1.041926860809326172e+00,9.835817813873291016e-01,1.977341890335083008e+00,1.945172905921936035e+00,1.696152329444885254e+00,1.899518013000488281e+00,1.772544026374816895e+00,2.020411729812622070e+00,1.974346518516540527e+00,2.127333641052246094e+00,2.335136175155639648e+00,2.069817066192626953e+00,1.979310393333435059e+00,1.717950224876403809e+00,1.601735234260559082e+00,1.480629086494445801e+00,1.453608036041259766e+00,2.266369342803955078e+00,2.398155212402343750e+00,2.164669752120971680e+00,2.354951858520507812e+00,2.271076202392578125e+00,2.462113857269287109e+00,2.522125720977783203e+00,2.464181661605834961e+00,2.644714117050170898e+00,2.366333246231079102e+00,2.346024274826049805e+00,2.116815090179443359e+00,2.056219339370727539e+00,1.959553003311157227e+00,1.928224802017211914e+00
7.414572238922119141e-01,7.293197512626647949e-01,8.613470196723937988e-01,1.118508338928222656e+00,1.300704121589660645e+00,1.626430630683898926e+00,1.795053958892822266e+00,2.170545816421508789e+00,2.344669103622436523e+00,2.211204767227172852e+00,2.063284873962402344e+00,1.686096429824829102e+00,1.577379107475280762e+00,1.204588413238525391e+00,1.227600812911987305e+00,0.000000000000000000e+00,3.873977959156036377e-01,5.497293472290039062e-01,8.953818678855895996e-01,1.138276696205139160e+00,1.507982492446899414e+00,1.737327456474304199e+00,2.091073989868164062e+00,2.297061681747436523e+00,2.156901359558105469e+00,2.085897207260131836e+00,1.721206426620483398e+00,1.658355474472045898e+00,1.339951276779174805e+00,1.386542797088623047e+00,7.872144579887390137e-01,9.168271422386169434e-01,8.612387180328369141e-01,1.043419480323791504e+00,1.211216568946838379e+00,1.505148530006408691e+00,1.724214315414428711e+00,1.989159703254699707e+00,2.287447214126586914e+00,2.211241245269775391e+00,2.207706689834594727e+00,1.874797701835632324e+00,1.874572873115539551e+00,1.628985643386840820e+00,1.713438987731933594e+00,1.667862772941589355e+00,1.540276050567626953e+00,1.424377441406250000e+00,1.510125517845153809e+00,1.570951581001281738e+00,1.776741743087768555e+00,1.938070297241210938e+00,2.081439971923828125e+00,2.432866811752319336e+00,2.353842496871948242e+00,2.411331892013549805e+00,2.129963874816894531e+00,2.175826787948608398e+00,1.992506027221679688e+00,2.104199171066284180e+00,2.243517398834228516e+00,2.276399135589599609e+00,2.093094110488891602e+00,2.132285118103027344e+00,2.144081830978393555e+00,2.234616279602050781e+00,2.439832210540771484e+00,2.373939990997314453e+00,2.692333459854125977e+00,2.569624185562133789e+00,2.679283380508422852e+00,2.449237823486328125e+00,2.544579267501831055e+00,2.425446271896362305e+00,2.547045946121215820e+00
8.964517712593078613e-01,7.489337325096130371e-01,9.198320508003234863e-01,1.047578692436218262e+00,1.259023070335388184e+00,1.521185755729675293e+00,1.719932556152343750e+00,2.094502449035644531e+00,2.258091449737548828e+00,2.181534767150878906e+00,2.058450937271118164e+00,1.693729996681213379e+00,1.647682905197143555e+00,1.302193760871887207e+00,1.412929773330688477e+00,3.873977959156036377e-01,0.000000000000000000e+00,3.866031765937805176e-01,6.231687664985656738e-01,9.397267103195190430e-01,1.275085449218750000e+00,1.553791880607604980e+00,1.908104062080383301e+00,2.123556852340698242e+00,2.042573690414428711e+00,2.003449678421020508e+00,1.653842687606811523e+00,1.653104066848754883e+00,1.356867909431457520e+00,1.485453844070434570e+00,7.708827257156372070e-01,7.217687964439392090e-01,6.475844383239746094e-01,7.187267541885375977e-01,9.348706603050231934e-01,1.197412133216857910e+00,1.468849062919616699e+00,1.735129833221435547e+00,2.048198461532592773e+00,2.028301239013671875e+00,2.062593936920166016e+00,1.743708491325378418e+00,1.806456327438354492e+00,1.581712722778320312e+00,1.740999102592468262e+00,1.584177255630493164e+00,1.376283168792724609e+00,1.237855076789855957e+00,1.236405849456787109e+00,1.298006057739257812e+00,1.458106279373168945e+00,1.650472879409790039e+00,1.782720804214477539e+00,2.151923418045043945e+00,2.122781038284301758e+00,2.219677925109863281e+00,1.956334590911865234e+00,2.061216115951538086e+00,1.903138518333435059e+00,2.078072071075439453e+00,2.152621746063232422e+00,2.121690273284912109e+00,1.911502361297607422e+00,1.891118288040161133e+00,1.881632804870605469e+00,1.925422668457031250e+00,2.137453079223632812e+00,2.057595968246459961e+00,2.393430948257446289e+00,2.311886548995971680e+00,2.458441019058227539e+00,2.251933336257934570e+00,2.399228096008300781e+00,2.310644388198852539e+00,2.486219882965087891e+00
9.778098464012145996e-01,7.226126790046691895e-01,7.258358001708984375e-01,7.915557622909545898e-01,9.219457507133483887e-01,1.178207635879516602e+00,1.345078706741333008e+00,1.725270628929138184e+00,1.877614021301269531e+00,1.795111775398254395e+00,1.678298354148864746e+00,1.316193580627441406e+00,1.304111599922180176e+00,9.867309331893920898e-01,1.173823833465576172e+00,5.497293472290039062e-01,3.866031765937805176e-01,0.000000000000000000e+00,3.811172246932983398e-01,5.946837663650512695e-01,9.628424048423767090e-01,1.202960968017578125e+00,1.561368346214294434e+00,1.770273804664611816e+00,1.669114828109741211e+00,1.640366554260253906e+00,1.297396898269653320e+00,1.330690026283264160e+00,1.079409122467041016e+00,1.272321343421936035e+00,9.642562270164489746e-01,9.115427732467651367e-01,6.625543832778930664e-01,6.922270655632019043e-01,7.395862340927124023e-01,9.906518459320068359e-01,1.191278576850891113e+00,1.440411686897277832e+00,1.747874617576599121e+00,1.697261810302734375e+00,1.740216612815856934e+00,1.439343452453613281e+00,1.527111887931823730e+00,1.359297990798950195e+00,1.556623816490173340e+00,1.727653145790100098e+00,1.510034084320068359e+00,1.281034350395202637e+00,1.274920463562011719e+00,1.222183108329772949e+00,1.357704401016235352e+00,1.465567350387573242e+00,1.563530445098876953e+00,1.915845274925231934e+00,1.848068952560424805e+00,1.949061274528503418e+00,1.711905837059020996e+00,1.827261209487915039e+00,1.721441030502319336e+00,1.911474108695983887e+00,2.217435836791992188e+00,2.187985658645629883e+00,1.926466822624206543e+00,1.926534056663513184e+00,1.846326589584350586e+00,1.888654828071594238e+00,2.035431861877441406e+00,1.914331436157226562e+00,2.211983919143676758e+00,2.097102165222167969e+00,2.245996475219726562e+00,2.066065788269042969e+00,2.208407163619995117e+00,2.162086009979248047e+00,2.328819513320922852e+00
1.161503076553344727e+00,8.236368894577026367e-01,8.241978883743286133e-01,7.009650468826293945e-01,8.459874391555786133e-01,9.933369159698486328e-01,1.207942485809326172e+00,1.564274668693542480e+00,1.722551465034484863e+00,1.718250989913940430e+00,1.662719488143920898e+00,1.337043881416320801e+00,1.425083398818969727e+00,1.180733919143676758e+00,1.444511175155639648e+00,8.953818678855895996e-01,6.231687664985656738e-01,3.811172246932983398e-01,0.000000000000000000e+00,3.797667026519775391e-01,6.604302525520324707e-01,9.732593894004821777e-01,1.306004285812377930e+00,1.550195813179016113e+00,1.528574705123901367e+00,1.572976231575012207e+00,1.280248641967773438e+00,1.413924813270568848e+00,1.239172577857971191e+00,1.508025169372558594e+00,1.235321640968322754e+00,1.071710586547851562e+00,8.041767477989196777e-01,6.361076831817626953e-01,6.075429916381835938e-01,7.180851697921752930e-01,9.507040381431579590e-01,1.149034976959228516e+00,1.493791103363037109e+00,1.516784548759460449e+00,1.634801983833312988e+00,1.388112664222717285e+00,1.568563580513000488e+00,1.469980597496032715e+00,1.737986922264099121e+00,1.904376983642578125e+00,1.627894878387451172e+00,1.370503544807434082e+00,1.259377837181091309e+00,1.151548624038696289e+00,1.176682949066162109e+00,1.266646742820739746e+00,1.292661547660827637e+00,1.663163542747497559e+00,1.652027249336242676e+00,1.821652412414550781e+00,1.641601085662841797e+00,1.833821058273315430e+00,1.790891647338867188e+00,2.040007829666137695e+00,2.356326341629028320e+00,2.268821716308593750e+00,1.973779439926147461e+00,1.912655115127563477e+00,1.778417229652404785e+00,1.748041510581970215e+00,1.862232685089111328e+00,1.685041069984436035e+00,1.979069352149963379e+00,1.911192297935485840e+00,2.117713212966918945e+00,1.993885993957519531e+00,2.193420410156250000e+00,2.204940795898437500e+00,2.416252374649047852e+00
1.401691317558288574e+00,1.050318479537963867e+00,9.077373743057250977e-01,7.106322646141052246e-01,6.708521246910095215e-01,7.415759563446044922e-01,8.772889375686645508e-01,1.239852786064147949e+00,1.359681248664855957e+00,1.355855107307434082e+00,1.306301593780517578e+00,1.006518602371215820e+00,1.153892397880554199e+00,9.916409254074096680e-01,1.320755243301391602e+00,1.138276696205139160e+00,9.397267103195190430e-01,5.946837663650512695e-01,3.797667026519775391e-01,0.000000000000000000e+00,3.852585256099700928e-01,6.165940761566162109e-01,9.721654653549194336e-01,1.193626880645751953e+00,1.149911761283874512e+00,1.209518074989318848e+00,9.431883692741394043e-01,1.137560129165649414e+00,1.050583720207214355e+00,1.375505447387695312e+00,1.441371798515319824e+00,1.299584150314331055e+00,9.595202207565307617e-01,8.106138706207275391e-01,5.850926041603088379e-01,6.310206055641174316e-01,7.053014039993286133e-01,8.758416175842285156e-01,1.199437737464904785e+00,1.177809715270996094e+00,1.307752370834350586e+00,1.097780466079711914e+00,1.315187096595764160e+00,1.298259735107421875e+00,1.597329974174499512e+00,2.044435262680053711e+00,1.778028368949890137e+00,1.464302062988281250e+00,1.369549989700317383e+00,1.161285877227783203e+00,1.162952423095703125e+00,1.134615302085876465e+00,1.118999242782592773e+00,1.448291778564453125e+00,1.381586670875549316e+00,1.550649642944335938e+00,1.410112023353576660e+00,1.611765861511230469e+00,1.632844448089599609e+00,1.890829324722290039e+00,2.412815570831298828e+00,2.332979679107666016e+00,2.003424406051635742e+00,1.971101403236389160e+00,1.777069687843322754e+00,1.756386399269104004e+00,1.794333457946777344e+00,1.584529399871826172e+00,1.820285558700561523e+00,1.707624793052673340e+00,1.907224655151367188e+00,1.815932989120483398e+00,2.003489017486572266e+00,2.060565471649169922e+00,2.258036613464355469e+00
1.698370456695556641e+00,1.323673844337463379e+00,1.177541613578796387e+00,8.767979741096496582e-01,7.948135137557983398e-01,6.629118919372558594e-01,7.939504981040954590e-01,1.082083582878112793e+00,1.180681586265563965e+00,1.282683134078979492e+00,1.313883423805236816e+00,1.101855039596557617e+00,1.342676401138305664e+00,1.273511648178100586e+00,1.632033348083496094e+00,1.507982492446899414e+00,1.275085449218750000e+00,9.628424048423767090e-01,6.604302525520324707e-01,3.852585256099700928e-01,0.000000000000000000e+00,3.751925230026245117e-01,6.623746752738952637e-01,9.244169592857360840e-01,9.978612065315246582e-01,1.160639762878417969e+00,1.003563404083251953e+00,1.292583465576171875e+00,1.299880623817443848e+00,1.658305048942565918e+00,1.777257204055786133e+00,1.585813641548156738e+00,1.252417325973510742e+00,1.021598815917968750e+00,7.435401082038879395e-01,5.673145651817321777e-01,5.391265153884887695e-01,5.487312674522399902e-01,9.157635569572448730e-01,9.856626391410827637e-01,1.217443466186523438e+00,1.113089561462402344e+00,1.416847229003906250e+00,1.485183119773864746e+00,1.824929237365722656e+00,2.302293777465820312e+00,2.006086111068725586e+00,1.677782177925109863e+00,1.517778873443603516e+00,1.257651209831237793e+00,1.143007993698120117e+00,1.039447307586669922e+00,8.986871838569641113e-01,1.208496689796447754e+00,1.193262100219726562e+00,1.441283822059631348e+00,1.394163489341735840e+00,1.664369940757751465e+00,1.761667847633361816e+00,2.058502197265625000e+00,2.617480993270874023e+00,2.496289491653442383e+00,2.142793416976928711e+00,2.068969964981079102e+00,1.819533824920654297e+00,1.734446644783020020e+00,1.706702828407287598e+00,1.430070281028747559e+00,1.621679186820983887e+00,1.549707055091857910e+00,1.804803848266601562e+00,1.791237354278564453e+00,2.023483514785766602e+00,2.146790027618408203e+00,2.372872114181518555e+00
