,A1,A2,A3,A4,A5,A6,A7,A8,A9,A10,A11,A12,A13,A14,A15,B1,B2,B3,B4,B5,B6,B7,B8,B9,B10,B11,B12,B13,B14,B15,C1,C2,C3,C4,C5,C6,C7,C8,C9,C10,C11,C12,C13,C14,C15,D1,D2,D3,D4,D5,D6,D7,D8,D9,D10,D11,D12,D13,D14,D15,E1,E2,E3,E4,E5,E6,E7,E8,E9,E10,E11,E12,E13,E14,E15
A1,0.0,0.3896162211894989,0.5941242575645447,0.9165113568305969,1.21207594871521,1.539842128753662,1.8406774997711182,2.109341859817505,2.366173028945923,2.2545621395111084,2.171283721923828,1.8001182079315186,1.6961091756820679,1.3454407453536987,1.3381116390228271,0.8779153823852539,0.8716939091682434,0.9230049848556519,1.1479036808013916,1.3656762838363647,1.6859683990478516,1.8962180614471436,2.1926236152648926,2.472960948944092,2.3933606147766113,2.349061965942383,1.9977085590362549,1.9288655519485474,1.6283419132232666,1.6486045122146606,1.4327404499053955,1.388912558555603,1.3774319887161255,1.5202534198760986,1.6787227392196655,1.9265022277832031,2.133265256881714,2.3494584560394287,2.654895067214966,2.5528359413146973,2.5518887042999268,2.233330488204956,2.216204881668091,1.97426176071167,2.021946668624878,1.9289671182632446,1.9412484169006348,1.859278917312622,1.951214075088501,2.047161817550659,2.2222113609313965,2.4114205837249756,2.527310609817505,2.851101875305176,2.7496955394744873,2.795372724533081,2.5124752521514893,2.540743112564087,2.353957176208496,2.4262139797210693,2.5276262760162354,2.4336156845092773,2.376444101333618,2.4502880573272705,2.542210340499878,2.655241012573242,2.9266679286956787,2.8709964752197266,3.1359622478485107,2.97652268409729,3.074324369430542,2.8218703269958496,2.9195730686187744,2.779940366744995,2.8937525749206543
A2,0.3896162211894989,0.0,0.38780322670936584,0.6093636155128479,0.9530360698699951,1.2497044801712036,1.5427672863006592,1.8461295366287231,2.093411684036255,2.0225272178649902,1.9605004787445068,1.5900222063064575,1.545330286026001,1.208692193031311,1.3043805360794067,0.8277127146720886,0.6572928428649902,0.6399424076080322,0.783725917339325,1.015982747077942,1.319366216659546,1.5602633953094482,1.8530532121658325,2.1435577869415283,2.1020493507385254,2.0904812812805176,1.7472012042999268,1.7355276346206665,1.4580121040344238,1.5641021728515625,1.3507777452468872,1.2079261541366577,1.1408281326293945,1.2090314626693726,1.3498684167861938,1.5657073259353638,1.7860599756240845,1.988234519958496,2.307753086090088,2.237579822540283,2.27103853225708,1.9669848680496216,2.003061532974243,1.791623830795288,1.9097702503204346,1.8512990474700928,1.792986512184143,1.6621761322021484,1.6940032243728638,1.755928874015808,1.890358567237854,2.075953245162964,2.1680071353912354,2.5014946460723877,2.4262447357177734,2.505633592605591,2.243394613265991,2.3190932273864746,2.1681020259857178,2.2959787845611572,2.4392449855804443,2.2948455810546875,2.1915831565856934,2.223039150238037,2.2769532203674316,2.3545949459075928,2.6118264198303223,2.52988338470459,2.79646897315979,2.6580607891082764,2.7871086597442627,2.56069278717041,2.6954801082611084,2.5958595275878906,2.7464070320129395
A3,0.5941242575645447,0.38780322670936584,0.0,0.3856646716594696,0.624283492565155,0.971294641494751,1.2508751153945923,1.5243139266967773,1.7726305723190308,1.673205852508545,1.6164401769638062,1.2493529319763184,1.2186646461486816,0.9140892624855042,1.054999589920044,1.0681575536727905,0.8782786130905151,0.6784316897392273,0.7945306897163391,0.8763930797576904,1.1739695072174072,1.3370776176452637,1.620725393295288,1.900342583656311,1.8186732530593872,1.8061100244522095,1.4769818782806396,1.4727520942687988,1.2418628931045532,1.3685431480407715,1.526168942451477,1.3738240003585815,1.204512357711792,1.2687205076217651,1.301306128501892,1.5026094913482666,1.6459619998931885,1.829221487045288,2.1283202171325684,2.0174434185028076,2.0470526218414307,1.7647194862365723,1.7998311519622803,1.635772705078125,1.7552568912506104,1.9846832752227783,1.9311774969100952,1.7367180585861206,1.780550241470337,1.768029808998108,1.896485686302185,2.013162851333618,2.0809693336486816,2.383625030517578,2.2677385807037354,2.3386342525482178,2.098940372467041,2.16391658782959,2.0520074367523193,2.1662583351135254,2.533299684524536,2.3998143672943115,2.2516698837280273,2.308067560195923,2.310617208480835,2.400587558746338,2.6124935150146484,2.5022778511047363,2.7265219688415527,2.554973602294922,2.675229549407959,2.4662675857543945,2.5797696113586426,2.5058627128601074,2.626429319381714
A4,0.9165113568305969,0.6093636155128479,0.3856646716594696,0.0,0.38871636986732483,0.6407820582389832,0.9559383988380432,1.248411774635315,1.5177197456359863,1.491268515586853,1.5058503150939941,1.1650757789611816,1.2509657144546509,1.0244276523590088,1.272362470626831,1.305121898651123,1.0251295566558838,0.7763968706130981,0.6938346028327942,0.6943334341049194,0.8963519334793091,1.0792217254638672,1.3149726390838623,1.631628155708313,1.6099896430969238,1.6732027530670166,1.3850576877593994,1.4790672063827515,1.3207063674926758,1.5372244119644165,1.7204769849777222,1.4932973384857178,1.2786771059036255,1.2290265560150146,1.1987775564193726,1.3079427480697632,1.438805103302002,1.5592213869094849,1.8835848569869995,1.8203128576278687,1.9175101518630981,1.682392954826355,1.7962504625320435,1.6980267763137817,1.888636827468872,2.1666646003723145,2.051492691040039,1.8173550367355347,1.7859076261520386,1.7189406156539917,1.7710926532745361,1.8603384494781494,1.864063024520874,2.171520233154297,2.0927953720092773,2.220599889755249,2.0297510623931885,2.156461715698242,2.1048736572265625,2.272644281387329,2.6928493976593018,2.515223503112793,2.3240623474121094,2.3296024799346924,2.2808425426483154,2.316424608230591,2.4961953163146973,2.3360602855682373,2.549682140350342,2.409602403640747,2.577108383178711,2.4162046909332275,2.571340560913086,2.553985595703125,2.705296516418457
A5,1.21207594871521,0.9530360698699951,0.624283492565155,0.38871636986732483,0.0,0.38501739501953125,0.6431271433830261,0.9012220501899719,1.1648266315460205,1.1131932735443115,1.1507161855697632,0.8336911797523499,0.9860562682151794,0.8640697598457336,1.1706786155700684,1.5718022584915161,1.2998439073562622,0.9753115773200989,0.8822998404502869,0.7001370191574097,0.8320279121398926,0.8740128874778748,1.0796312093734741,1.3719696998596191,1.3045556545257568,1.3795453310012817,1.1315079927444458,1.259524941444397,1.190710186958313,1.4364010095596313,1.9237546920776367,1.6981093883514404,1.4176111221313477,1.3659520149230957,1.2277116775512695,1.302757978439331,1.326753854751587,1.4125125408172607,1.6982831954956055,1.5904011726379395,1.689375400543213,1.4977527856826782,1.621618390083313,1.5941513776779175,1.7916009426116943,2.319824457168579,2.2082555294036865,1.9269094467163086,1.9047209024429321,1.7682682275772095,1.808840036392212,1.817360281944275,1.7915204763412476,2.0511207580566406,1.929789423942566,2.049656867980957,1.8965216875076294,2.0165085792541504,2.0173377990722656,2.175325393676758,2.795851230621338,2.6282999515533447,2.3987700939178467,2.4244537353515625,2.325673818588257,2.3709349632263184,2.497620105743408,2.3119635581970215,2.472823143005371,2.301344394683838,2.4582931995391846,2.324878454208374,2.45866060256958,2.475475549697876,2.5984506607055664
A6,1.539842128753662,1.2497044801712036,0.971294641494751,0.6407820582389832,0.38501739501953125,0.0,0.39035624265670776,0.6342080235481262,0.9400951862335205,1.009057641029358,1.1613320112228394,0.9348934888839722,1.198792576789856,1.1671351194381714,1.507310152053833,1.8789974451065063,1.569521188735962,1.2509465217590332,1.0517586469650269,0.8139346837997437,0.7606446146965027,0.7623317241668701,0.8343557119369507,1.1694786548614502,1.1837035417556763,1.3640556335449219,1.2023025751113892,1.425188660621643,1.4351038932800293,1.7277733087539673,2.207504987716675,1.9408422708511353,1.6466114521026611,1.5144219398498535,1.326328992843628,1.2894927263259888,1.2707728147506714,1.250333309173584,1.5459778308868408,1.4960556030273438,1.675575852394104,1.5595053434371948,1.7559758424758911,1.7963589429855347,2.040168046951294,2.590573310852051,2.4375407695770264,2.1358518600463867,2.05507493019104,1.8747762441635132,1.838138461112976,1.8058847188949585,1.7004867792129517,1.944533109664917,1.8645360469818115,2.0439462661743164,1.9564753770828247,2.130997896194458,2.1918983459472656,2.3880953788757324,3.043358087539673,2.844879388809204,2.585772752761841,2.568891763687134,2.425142526626587,2.4180543422698975,2.5032339096069336,2.266936779022217,2.402764081954956,2.266953945159912,2.4686026573181152,2.3922715187072754,2.5596134662628174,2.6312038898468018,2.7751693725585938
A7,1.8406774997711182,1.5427672863006592,1.2508751153945923,0.9559383988380432,0.6431271433830261,0.39035624265670776,0.0,0.3873240053653717,0.5828292965888977,0.6957120895385742,0.881510317325592,0.7495225071907043,1.0898828506469727,1.1665425300598145,1.53693425655365,2.0641942024230957,1.751049518585205,1.3980133533477783,1.1855294704437256,0.8540564775466919,0.7038524150848389,0.5204117298126221,0.5151810050010681,0.8058427572250366,0.8096256256103516,1.0369467735290527,0.9564516544342041,1.2451838254928589,1.3509070873260498,1.6791110038757324,2.3096516132354736,2.0333731174468994,1.6969434022903442,1.5473098754882812,1.2760354280471802,1.189220905303955,1.059805154800415,0.9928886890411377,1.2331303358078003,1.1594409942626953,1.3616397380828857,1.3122200965881348,1.5456246137619019,1.6632647514343262,1.9343849420547485,2.632613182067871,2.4654366970062256,2.1278953552246094,2.0376222133636475,1.7961297035217285,1.7352420091629028,1.624772310256958,1.4890495538711548,1.6762028932571411,1.5695807933807373,1.7538783550262451,1.71885085105896,1.9088267087936401,2.030155658721924,2.2403182983398438,3.0223612785339355,2.820200204849243,2.524932384490967,2.5093586444854736,2.3154914379119873,2.3058676719665527,2.334591865539551,2.0779144763946533,2.160539150238037,2.0073859691619873,2.206489324569702,2.1696979999542236,2.33280611038208,2.4497005939483643,2.587810754776001
A8,2.109341859817505,1.8461295366287231,1.5243139266967773,1.248411774635315,0.9012220501899719,0.6342080235481262,0.3873240053653717,0.0,0.3823312819004059,0.5554069876670837,0.8763326406478882,0.8743652701377869,1.2336896657943726,1.3883939981460571,1.7362279891967773,2.4105641841888428,2.1117022037506104,1.755340814590454,1.5651936531066895,1.235848069190979,1.0811792612075806,0.8482675552368164,0.7098046541213989,0.9077533483505249,0.8767260313034058,1.138068437576294,1.1558799743652344,1.4376862049102783,1.6029268503189087,1.904985785484314,2.6675946712493896,2.4054815769195557,2.0644352436065674,1.9293510913848877,1.6456912755966187,1.546215295791626,1.3661386966705322,1.2407078742980957,1.4117590188980103,1.3173046112060547,1.52317476272583,1.5415232181549072,1.760551929473877,1.9232631921768188,2.1685216426849365,2.9827864170074463,2.829632520675659,2.4861104488372803,2.4076428413391113,2.1508493423461914,2.0833702087402344,1.9332867860794067,1.7681450843811035,1.899071216583252,1.7744768857955933,1.9508806467056274,1.9626445770263672,2.1341207027435303,2.2882587909698486,2.4716796875,3.357046365737915,3.1686506271362305,2.866182565689087,2.8632900714874268,2.6525425910949707,2.643953561782837,2.6394155025482178,2.3665671348571777,2.403353691101074,2.242330312728882,2.431213140487671,2.4248435497283936,2.5632760524749756,2.7009220123291016,2.805966377258301
A9,2.366173028945923,2.093411684036255,1.7726305723190308,1.5177197456359863,1.1648266315460205,0.9400951862335205,0.5828292965888977,0.3823312819004059,0.0,0.37639325857162476,0.7139112949371338,0.8540154695510864,1.2252476215362549,1.4543930292129517,1.8036783933639526,2.5631511211395264,2.267158031463623,1.8962936401367188,1.7071239948272705,1.3424609899520874,1.1563328504562378,0.8310831785202026,0.6419777870178223,0.6674573421478271,0.5886334776878357,0.8868861198425293,1.0203654766082764,1.3337743282318115,1.5758851766586304,1.890486240386963,2.747063398361206,2.48398494720459,2.120614528656006,1.9812870025634766,1.6508209705352783,1.527055263519287,1.264783263206482,1.1149098873138428,1.1873505115509033,1.0562390089035034,1.2646392583847046,1.3624402284622192,1.5992989540100098,1.8285287618637085,2.0868189334869385,3.004807233810425,2.8438055515289307,2.479391098022461,2.3987021446228027,2.1011950969696045,2.0220324993133545,1.808573603630066,1.631890892982483,1.6913141012191772,1.5349125862121582,1.6995080709457397,1.7664005756378174,1.9411144256591797,2.1482884883880615,2.33754563331604,3.316633701324463,3.1295313835144043,2.8025588989257812,2.8038125038146973,2.55588698387146,2.5503642559051514,2.495248556137085,2.2171101570129395,2.1987342834472656,2.0192861557006836,2.1929280757904053,2.224592447280884,2.35070538520813,2.527819871902466,2.623311996459961
A10,2.2545621395111084,2.0225272178649902,1.673205852508545,1.491268515586853,1.1131932735443115,1.009057641029358,0.6957120895385742,0.5554069876670837,0.37639325857162476,0.0,0.3796280026435852,0.5850321650505066,0.9242008924484253,1.2070326805114746,1.5239276885986328,2.450897455215454,2.193190336227417,1.8117916584014893,1.6956233978271484,1.333338975906372,1.2463836669921875,0.9120450615882874,0.8748781085014343,0.8658263683319092,0.6064639687538147,0.7368087768554688,0.841486394405365,1.0836215019226074,1.3457902669906616,1.61896812915802,2.623638153076172,2.4007771015167236,2.033294677734375,1.9599268436431885,1.6367300748825073,1.5950069427490234,1.3332873582839966,1.2848011255264282,1.3340497016906738,1.098909854888916,1.1929407119750977,1.2450356483459473,1.403982162475586,1.6257587671279907,1.8346487283706665,2.8635969161987305,2.7438509464263916,2.3828213214874268,2.3593404293060303,2.075467109680176,2.06345272064209,1.8567728996276855,1.7511476278305054,1.8068382740020752,1.5790680646896362,1.6616201400756836,1.681593894958496,1.7863130569458008,1.9694329500198364,2.1075146198272705,3.165414333343506,3.0153725147247314,2.7013051509857178,2.752948045730591,2.5269484519958496,2.577185869216919,2.540140390396118,2.3048665523529053,2.28916335105896,2.054253578186035,2.167515754699707,2.15340518951416,2.225088119506836,2.366140604019165,2.4163405895233154
A11,2.171283721923828,1.9605004787445068,1.6164401769638062,1.5058503150939941,1.1507161855697632,1.1613320112228394,0.881510317325592,0.8763326406478882,0.7139112949371338,0.3796280026435852,0.0,0.3749105632305145,0.6277192831039429,0.9643387198448181,1.2514901161193848,2.27927303314209,2.05649471282959,1.6750905513763428,1.620925784111023,1.2703040838241577,1.2640979290008545,0.937860906124115,1.0316197872161865,0.9744231104850769,0.617059588432312,0.5223249793052673,0.5775998830795288,0.7420040369033813,1.0392340421676636,1.2881566286087036,2.399038791656494,2.2089598178863525,1.8389763832092285,1.8197016716003418,1.5005077123641968,1.5287727117538452,1.2669243812561035,1.319795846939087,1.337826132774353,1.0237754583358765,0.9955189824104309,0.9933961629867554,1.0790150165557861,1.3011349439620972,1.4806312322616577,2.5970263481140137,2.5047316551208496,2.1454803943634033,2.167668104171753,1.8914034366607666,1.9378162622451782,1.7338370084762573,1.7022130489349365,1.7497563362121582,1.4636976718902588,1.4658268690109253,1.4370230436325073,1.481296181678772,1.6457428932189941,1.7516201734542847,2.867142915725708,2.744370698928833,2.4373230934143066,2.5290324687957764,2.3176794052124023,2.417064905166626,2.3911869525909424,2.202807903289795,2.190046787261963,1.908499836921692,1.9644502401351929,1.9072304964065552,1.935176968574524,2.0469133853912354,2.0693423748016357
A12,1.8001182079315186,1.5900222063064575,1.2493529319763184,1.1650757789611816,0.8336911797523499,0.9348934888839722,0.7495225071907043,0.8743652701377869,0.8540154695510864,0.5850321650505066,0.3749105632305145,0.0,0.37662118673324585,0.6284981369972229,0.9598139524459839,1.9204336404800415,1.7000212669372559,1.3196665048599243,1.2925671339035034,0.967242956161499,1.0432087182998657,0.7954056859016418,1.0026016235351562,1.0580942630767822,0.7699583768844604,0.6754563450813293,0.4926704466342926,0.6114940643310547,0.7892089486122131,1.0570975542068481,2.0793039798736572,1.892027735710144,1.532740592956543,1.5353790521621704,1.2557622194290161,1.34125554561615,1.1600546836853027,1.2794153690338135,1.3875832557678223,1.1105271577835083,1.0846002101898193,0.9544253349304199,1.0221601724624634,1.1415941715240479,1.3248255252838135,2.321587324142456,2.236131191253662,1.8922979831695557,1.9267712831497192,1.691080093383789,1.7697051763534546,1.6337428092956543,1.640594244003296,1.7650679349899292,1.5073360204696655,1.5208942890167236,1.4099005460739136,1.456493854522705,1.5448132753372192,1.6589996814727783,2.6502530574798584,2.524369716644287,2.240647792816162,2.333805561065674,2.164241313934326,2.2733676433563232,2.306283712387085,2.138087511062622,2.1899335384368896,1.921196460723877,1.9905043840408325,1.8784573078155518,1.927850604057312,1.9869991540908813,2.03666090965271
A13,1.6961091756820679,1.545330286026001,1.2186646461486816,1.2509657144546509,0.9860562682151794,1.198792576789856,1.0898828506469727,1.2336896657943726,1.2252476215362549,0.9242008924484253,0.6277192831039429,0.37662118673324585,0.0,0.37916818261146545,0.624668538570404,1.7665023803710938,1.6109230518341064,1.2533799409866333,1.3342514038085938,1.077816128730774,1.2583403587341309,1.0751497745513916,1.342242956161499,1.3827917575836182,1.0756417512893677,0.8644249439239502,0.6046953797340393,0.46554771065711975,0.5548356771469116,0.7240405678749084,1.896758794784546,1.7707788944244385,1.4332472085952759,1.5279159545898438,1.30074942111969,1.4796198606491089,1.3434607982635498,1.5412007570266724,1.636031150817871,1.3295198678970337,1.2031015157699585,0.99154132604599,0.919404923915863,0.9526368379592896,1.0437500476837158,2.112471342086792,2.081540822982788,1.7616162300109863,1.8686710596084595,1.6770447492599487,1.833550214767456,1.733532428741455,1.8171221017837524,1.9454275369644165,1.6572611331939697,1.5937539339065552,1.4117200374603271,1.3671358823776245,1.3802006244659424,1.4228525161743164,2.4330809116363525,2.352780818939209,2.100597381591797,2.2495944499969482,2.124732732772827,2.292097806930542,2.3574306964874268,2.2467496395111084,2.3152990341186523,2.015205144882202,2.024080514907837,1.8505289554595947,1.8436713218688965,1.834713339805603,1.8408936262130737
A14,1.3454407453536987,1.208692193031311,0.9140892624855042,1.0244276523590088,0.8640697598457336,1.1671351194381714,1.1665425300598145,1.3883939981460571,1.4543930292129517,1.2070326805114746,0.9643387198448181,0.6284981369972229,0.37916818261146545,0.0,0.3812915086746216,1.3991026878356934,1.2636654376983643,0.9260178804397583,1.0794708728790283,0.9122856855392456,1.1893088817596436,1.1218827962875366,1.447556495666504,1.556795358657837,1.3136793375015259,1.1336479187011719,0.7943629026412964,0.6337060332298279,0.45821961760520935,0.5927180051803589,1.5728445053100586,1.4627524614334106,1.155680537223816,1.2976775169372559,1.1519609689712524,1.3972331285476685,1.3614938259124756,1.6066787242889404,1.76430344581604,1.5068050622940063,1.3964433670043945,1.1083179712295532,1.026603102684021,0.9193825125694275,0.9956522583961487,1.8408408164978027,1.8241617679595947,1.5362552404403687,1.6648238897323608,1.5382192134857178,1.7321162223815918,1.7129237651824951,1.8349817991256714,2.024907112121582,1.776593565940857,1.7277231216430664,1.4840489625930786,1.4461439847946167,1.371016502380371,1.4209197759628296,2.229557514190674,2.148662567138672,1.9335914850234985,2.0836071968078613,2.0145065784454346,2.1907095909118652,2.3173649311065674,2.234564781188965,2.3629276752471924,2.086519956588745,2.107607841491699,1.8887823820114136,1.9055386781692505,1.8413037061691284,1.880466341972351
A15,1.3381116390228271,1.3043805360794067,1.054999589920044,1.272362470626831,1.1706786155700684,1.507310152053833,1.53693425655365,1.7362279891967773,1.8036783933639526,1.5239276885986328,1.2514901161193848,0.9598139524459839,0.624668538570404,0.3812915086746216,0.0,1.3711313009262085,1.3385215997695923,1.0751971006393433,1.324897289276123,1.2350926399230957,1.5450682640075684,1.4983391761779785,1.8279104232788086,1.9224711656570435,1.6572431325912476,1.4309663772583008,1.1054750680923462,0.8427934050559998,0.6046262383460999,0.4655184745788574,1.5246800184249878,1.5077588558197021,1.2633920907974243,1.4935829639434814,1.4138177633285522,1.7058987617492676,1.6937336921691895,1.9651259183883667,2.1056718826293945,1.829504370689392,1.6657664775848389,1.3593491315841675,1.1816610097885132,0.9972102642059326,0.9246202707290649,1.7626876831054688,1.8234909772872925,1.5880478620529175,1.7915021181106567,1.7219107151031494,1.971972942352295,1.9801849126815796,2.146934986114502,2.3292782306671143,2.063051223754883,1.9614404439926147,1.6830594539642334,1.5671789646148682,1.4195525646209717,1.3741751909255981,2.1437902450561523,2.1248838901519775,1.961949348449707,2.167895555496216,2.1511688232421875,2.374802350997925,2.5261197090148926,2.4906153678894043,2.625101089477539,2.330345630645752,2.301809549331665,2.041551351547241,2.002608060836792,1.8704441785812378,1.8554807901382446
B1,0.8779153823852539,0.8277127146720886,1.0681575536727905,1.305121898651123,1.5718022584915161,1.8789974451065063,2.0641942024230957,2.4105641841888428,2.5631511211395264,2.450897455215454,2.27927303314209,1.9204336404800415,1.7665023803710938,1.3991026878356934,1.3711313009262085,0.0,0.372942179441452,0.6772779226303101,0.98885577917099,1.2952327728271484,1.642472267150879,1.8860282897949219,2.2461745738983154,2.4518420696258545,2.384983539581299,2.27095103263855,1.8989914655685425,1.7855767011642456,1.4231098890304565,1.4281821250915527,0.5696343183517456,0.5917319655418396,0.7601565718650818,1.0106030702590942,1.2991400957107544,1.6228318214416504,1.8907549381256104,2.1986606121063232,2.460134983062744,2.37349271774292,2.311640739440918,1.949730634689331,1.8986088037490845,1.5767199993133545,1.6299608945846558,1.0844782590866089,1.0919088125228882,1.0977823734283447,1.2389577627182007,1.4484498500823975,1.7006418704986572,1.9629771709442139,2.183472156524658,2.502223253250122,2.4175243377685547,2.414715051651001,2.0804836750030518,2.0922915935516357,1.8335893154144287,1.932376742362976,1.6998863220214844,1.5911023616790771,1.5883954763412476,1.6682108640670776,1.8404252529144287,1.996145248413086,2.318596124649048,2.359271764755249,2.658599376678467,2.5105013847351074,2.566216468811035,2.2681612968444824,2.371105194091797,2.1812872886657715,2.345261573791504
B2,0.8716939091682434,0.6572928428649902,0.8782786130905151,1.0251295566558838,1.2998439073562622,1.569521188735962,1.751049518585205,2.1117022037506104,2.267158031463623,2.193190336227417,2.05649471282959,1.7000212669372559,1.6109230518341064,1.2636654376983643,1.3385215997695923,0.372942179441452,0.0,0.3831353783607483,0.6276019811630249,0.9617239832878113,1.291192889213562,1.5615602731704712,1.9094622135162354,2.133033514022827,2.1019811630249023,2.0315053462982178,1.6709364652633667,1.624322772026062,1.2970285415649414,1.400509238243103,0.7486924529075623,0.5558195114135742,0.5872368216514587,0.7279395461082458,1.0044277906417847,1.2960028648376465,1.5789103507995605,1.8640966415405273,2.1479740142822266,2.091897964477539,2.0762438774108887,1.7345244884490967,1.748946189880371,1.4757965803146362,1.611706018447876,1.244996190071106,1.1474063396453857,1.0522487163543701,1.0961670875549316,1.244651436805725,1.4411418437957764,1.6955889463424683,1.8770830631256104,2.2122411727905273,2.152503728866577,2.1959357261657715,1.8908722400665283,1.961559534072876,1.7588905096054077,1.9187061786651611,1.8319343328475952,1.6602106094360352,1.5788934230804443,1.6008031368255615,1.707120656967163,1.8122532367706299,2.1139755249023438,2.105433702468872,2.4051151275634766,2.276641368865967,2.3773210048675537,2.1154770851135254,2.262341260910034,2.1303939819335938,2.3263604640960693
B3,0.9230049848556519,0.6399424076080322,0.6784316897392273,0.7763968706130981,0.9753115773200989,1.2509465217590332,1.3980133533477783,1.755340814590454,1.8962936401367188,1.8117916584014893,1.6750905513763428,1.3196665048599243,1.2533799409866333,0.9260178804397583,1.0751971006393433,0.6772779226303101,0.3831353783607483,0.0,0.38235366344451904,0.6240682601928711,0.9861094951629639,1.214027762413025,1.5723962783813477,1.7880603075027466,1.7339885234832764,1.6657081842422485,1.3054132461547852,1.2815347909927368,0.9830842614173889,1.1506013870239258,0.9626424312591553,0.7332784533500671,0.5330554842948914,0.6321389675140381,0.7681053876876831,1.0638229846954346,1.289086937904358,1.5702860355377197,1.8468893766403198,1.7609589099884033,1.7499728202819824,1.4176831245422363,1.4516900777816772,1.223374366760254,1.3978999853134155,1.3929657936096191,1.2814533710479736,1.0734012126922607,1.1066395044326782,1.1370530128479004,1.3166414499282837,1.4983291625976562,1.65266752243042,1.9705281257629395,1.8761874437332153,1.923528790473938,1.6372476816177368,1.7176766395568848,1.563339352607727,1.7355468273162842,1.9262747764587402,1.7523704767227173,1.5961843729019165,1.6334091424942017,1.6593749523162842,1.7661560773849487,2.0143182277679443,1.9616692066192627,2.2228543758392334,2.0629899501800537,2.1685030460357666,1.9279975891113281,2.0696640014648438,1.9775558710098267,2.1584560871124268
B4,1.1479036808013916,0.783725917339325,0.7945306897163391,0.6938346028327942,0.8822998404502869,1.0517586469650269,1.1855294704437256,1.5651936531066895,1.7071239948272705,1.6956233978271484,1.620925784111023,1.2925671339035034,1.3342514038085938,1.0794708728790283,1.324897289276123,0.98885577917099,0.6276019811630249,0.38235366344451904,0.0,0.37795957922935486,0.6678990125656128,0.9679645299911499,1.2949907779693604,1.5416072607040405,1.5621082782745361,1.570636510848999,1.251442551612854,1.3369396924972534,1.123600721359253,1.3824604749679565,1.2312804460525513,0.9186728000640869,0.6828145384788513,0.542448103427887,0.6017807126045227,0.7857632637023926,1.0455069541931152,1.2776761054992676,1.5931894779205322,1.5733253955841064,1.6400322914123535,1.3568497896194458,1.4889230728149414,1.3407421112060547,1.5944182872772217,1.631434679031372,1.4432239532470703,1.1963012218475342,1.1071885824203491,1.0655111074447632,1.1337529420852661,1.3041719198226929,1.3901679515838623,1.7327944040298462,1.693511962890625,1.8129769563674927,1.5806784629821777,1.742319107055664,1.6605063676834106,1.895673155784607,2.1271629333496094,1.90008544921875,1.6961796283721924,1.6573898792266846,1.6196248531341553,1.6480165719985962,1.866774320602417,1.7544323205947876,2.0187017917633057,1.9035817384719849,2.071722984313965,1.8874413967132568,2.0861668586730957,2.061556100845337,2.280930995941162
B5,1.3656762838363647,1.015982747077942,0.8763930797576904,0.6943334341049194,0.7001370191574097,0.8139346837997437,0.8540564775466919,1.235848069190979,1.3424609899520874,1.333338975906372,1.2703040838241577,0.967242956161499,1.077816128730774,0.9122856855392456,1.2350926399230957,1.2952327728271484,0.9617239832878113,0.6240682601928711,0.37795957922935486,0.0,0.3777529001235962,0.6031833291053772,0.9511842727661133,1.1848987340927124,1.1878739595413208,1.2172768115997314,0.9217767119407654,1.0757604837417603,0.9557493925094604,1.2804688215255737,1.4878978729248047,1.1870540380477905,0.865706205368042,0.7125641703605652,0.5379872918128967,0.6446576714515686,0.7794311046600342,0.99007648229599,1.2932008504867554,1.2416976690292358,1.3299883604049683,1.0835477113723755,1.261836290359497,1.2013088464736938,1.491835117340088,1.828098177909851,1.6417473554611206,1.3319133520126343,1.2430137395858765,1.085706114768982,1.1145329475402832,1.1702682971954346,1.2055498361587524,1.5123506784439087,1.4340296983718872,1.5660793781280518,1.3770670890808105,1.5576637983322144,1.5477268695831299,1.7925788164138794,2.2626123428344727,2.041917085647583,1.7846384048461914,1.7610208988189697,1.6471997499465942,1.6739188432693481,1.8201555013656616,1.6600477695465088,1.866603970527649,1.7199883460998535,1.8943278789520264,1.7483025789260864,1.940096139907837,1.9671194553375244,2.1678802967071533
B6,1.6859683990478516,1.319366216659546,1.1739695072174072,0.8963519334793091,0.8320279121398926,0.7606446146965027,0.7038524150848389,1.0811792612075806,1.1563328504562378,1.2463836669921875,1.2640979290008545,1.0432087182998657,1.2583403587341309,1.1893088817596436,1.5450682640075684,1.642472267150879,1.291192889213562,0.9861094951629639,0.6678990125656128,0.3777529001235962,0.0,0.3763055205345154,0.6417794227600098,0.9081199765205383,1.0192515850067139,1.1562769412994385,0.9616283774375916,1.2236558198928833,1.2076510190963745,1.5675163269042969,1.807294249534607,1.4778187274932861,1.1607288122177124,0.9153359532356262,0.6632326245307922,0.5325676798820496,0.5950387716293335,0.6782803535461426,1.0250234603881836,1.0581235885620117,1.2495795488357544,1.101072072982788,1.371195912361145,1.4028100967407227,1.734755039215088,2.1166586875915527,1.8896158933639526,1.5636065006256104,1.4027516841888428,1.1805263757705688,1.0874208211898804,1.0726088285446167,0.9914313554763794,1.2939448356628418,1.272816777229309,1.486538290977478,1.3846752643585205,1.6354789733886719,1.7048085927963257,1.9882028102874756,2.5074288845062256,2.2565667629241943,1.9657995700836182,1.8902456760406494,1.7133855819702148,1.6692856550216675,1.7540216445922852,1.5237987041473389,1.7004157304763794,1.5982348918914795,1.8324129581451416,1.7615500688552856,1.9948896169662476,2.091606855392456,2.3134360313415527
B7,1.8962180614471436,1.5602633953094482,1.3370776176452637,1.0792217254638672,0.8740128874778748,0.7623317241668701,0.5204117298126221,0.8482675552368164,0.8310831785202026,0.9120450615882874,0.937860906124115,0.7954056859016418,1.0751497745513916,1.1218827962875366,1.4983391761779785,1.8860282897949219,1.5615602731704712,1.214027762413025,0.9679645299911499,0.6031833291053772,0.3763055205345154,0.0,0.3852717876434326,0.587978184223175,0.6462469696998596,0.8184577226638794,0.6998136043548584,1.0287822484970093,1.1266107559204102,1.5014175176620483,2.018864393234253,1.7168900966644287,1.3623238801956177,1.1690144538879395,0.8401066064834595,0.7114517092704773,0.5409305095672607,0.5603527426719666,0.8247549533843994,0.7736517190933228,0.9817237854003906,0.9054477214813232,1.1994911432266235,1.3232505321502686,1.6548545360565186,2.281834840774536,2.0773427486419678,1.7209573984146118,1.596755027770996,1.31768798828125,1.2363475561141968,1.1049995422363281,0.9934948086738586,1.2022247314453125,1.103196144104004,1.3027620315551758,1.2561850547790527,1.495940923690796,1.6302529573440552,1.8966748714447021,2.620412588119507,2.3929433822631836,2.0747756958007812,2.0353338718414307,1.8149631023406982,1.7972958087921143,1.8154481649398804,1.5677340030670166,1.6637389659881592,1.5099987983703613,1.7209620475769043,1.6842325925827026,1.884040117263794,2.019214391708374,2.2041985988616943
B8,2.1926236152648926,1.8530532121658325,1.620725393295288,1.3149726390838623,1.0796312093734741,0.8343557119369507,0.5151810050010681,0.7098046541213989,0.6419777870178223,0.8748781085014343,1.0316197872161865,1.0026016235351562,1.342242956161499,1.447556495666504,1.8279104232788086,2.2461745738983154,1.9094622135162354,1.5723962783813477,1.2949907779693604,0.9511842727661133,0.6417794227600098,0.3852717876434326,0.0,0.37830010056495667,0.610396146774292,0.9320098757743835,0.9576230645179749,1.3202399015426636,1.477006435394287,1.8480881452560425,2.392979383468628,2.079230308532715,1.7331511974334717,1.5079573392868042,1.1818557977676392,0.9655444025993347,0.7483241558074951,0.5391069054603577,0.7639131546020508,0.8027963638305664,1.1105035543441772,1.1561248302459717,1.4797471761703491,1.660233497619629,1.992754340171814,2.6537888050079346,2.433831214904785,2.076474905014038,1.9207959175109863,1.6232061386108398,1.4750639200210571,1.2959274053573608,1.07846999168396,1.2253037691116333,1.1775506734848022,1.4368698596954346,1.484063982963562,1.7511541843414307,1.9387565851211548,2.2102227210998535,2.9748146533966064,2.735253095626831,2.404191732406616,2.3373427391052246,2.08438777923584,2.0193917751312256,1.984073519706726,1.6843880414962769,1.7280855178833008,1.6178103685379028,1.8663480281829834,1.9012237787246704,2.1142640113830566,2.2983739376068115,2.481187343597412
B9,2.472960948944092,2.1435577869415283,1.900342583656311,1.631628155708313,1.3719696998596191,1.1694786548614502,0.8058427572250366,0.9077533483505249,0.6674573421478271,0.8658263683319092,0.9744231104850769,1.0580942630767822,1.3827917575836182,1.556795358657837,1.9224711656570435,2.4518420696258545,2.133033514022827,1.7880603075027466,1.5416072607040405,1.1848987340927124,0.9081199765205383,0.587978184223175,0.37830010056495667,0.0,0.38980206847190857,0.7379918098449707,0.89715975522995,1.271093726158142,1.503097653388977,1.8702118396759033,2.5266940593719482,2.2257161140441895,1.8640507459640503,1.6552687883377075,1.291530728340149,1.0725836753845215,0.7456908226013184,0.5176518559455872,0.5238521695137024,0.5135458707809448,0.855660080909729,1.0146303176879883,1.3548709154129028,1.608397364616394,1.944238543510437,2.7221662998199463,2.5035831928253174,2.12941837310791,1.9831435680389404,1.6448860168457031,1.4939558506011963,1.2293399572372437,1.0038741827011108,1.0321623086929321,0.9315229058265686,1.1834473609924316,1.3086377382278442,1.5793023109436035,1.8288191556930542,2.1011338233947754,2.9711945056915283,2.740234136581421,2.386096477508545,2.331068992614746,2.0376505851745605,1.983101725578308,1.8825528621673584,1.580384612083435,1.54500150680542,1.40436851978302,1.63361656665802,1.718412160873413,1.9149994850158691,2.145568370819092,2.3145928382873535
B10,2.3933606147766113,2.1020493507385254,1.8186732530593872,1.6099896430969238,1.3045556545257568,1.1837035417556763,0.8096256256103516,0.8767260313034058,0.5886334776878357,0.6064639687538147,0.617059588432312,0.7699583768844604,1.0756417512893677,1.3136793375015259,1.6572431325912476,2.384983539581299,2.1019811630249023,1.7339885234832764,1.5621082782745361,1.1878739595413208,1.0192515850067139,0.6462469696998596,0.610396146774292,0.38980206847190857,0.0,0.38588255643844604,0.6159824132919312,0.9697052836418152,1.2580794095993042,1.598543405532837,2.450892686843872,2.190985918045044,1.8137518167495728,1.679722547531128,1.310007929801941,1.1959019899368286,0.8558222651481628,0.7914199233055115,0.7498198747634888,0.49771302938461304,0.6784663796424866,0.8264312744140625,1.1041518449783325,1.3857133388519287,1.6819820404052734,2.6270556449890137,2.453704357147217,2.0739097595214844,1.9956704378128052,1.6631510257720947,1.597598671913147,1.3306423425674438,1.203198790550232,1.2106640338897705,0.9835910201072693,1.1130958795547485,1.1978307962417603,1.3891724348068237,1.6365387439727783,1.8578834533691406,2.862513780593872,2.6730635166168213,2.325312376022339,2.332895278930664,2.057224750518799,2.0739474296569824,1.987789273262024,1.737607717514038,1.69184410572052,1.4670298099517822,1.611770749092102,1.6490317583084106,1.775238275527954,1.9791851043701172,2.093413829803467
B11,2.349061965942383,2.0904812812805176,1.8061100244522095,1.6732027530670166,1.3795453310012817,1.3640556335449219,1.0369467735290527,1.138068437576294,0.8868861198425293,0.7368087768554688,0.5223249793052673,0.6754563450813293,0.8644249439239502,1.1336479187011719,1.4309663772583008,2.27095103263855,2.0315053462982178,1.6657081842422485,1.570636510848999,1.2172768115997314,1.1562769412994385,0.8184577226638794,0.9320098757743835,0.7379918098449707,0.38588255643844604,0.0,0.3771665394306183,0.6556438207626343,0.9955084323883057,1.3036458492279053,2.2833638191223145,2.0658276081085205,1.687103509902954,1.6236488819122314,1.2637649774551392,1.2473803758621216,0.9213576316833496,1.0023047924041748,0.923658549785614,0.5551328063011169,0.4763287603855133,0.5708135366439819,0.7655854225158691,1.0780597925186157,1.3439067602157593,2.410820722579956,2.273966073989868,1.8955695629119873,1.877972960472107,1.5549194812774658,1.5696409940719604,1.306638479232788,1.2855430841445923,1.276541829109192,0.9582893252372742,0.9500692486763,0.9727402329444885,1.0802907943725586,1.3229224681854248,1.506583571434021,2.607175588607788,2.4537081718444824,2.112743377685547,2.1747772693634033,1.9160451889038086,1.9999171495437622,1.9262992143630981,1.7397971153259277,1.6926803588867188,1.3982300758361816,1.4548497200012207,1.4361695051193237,1.4975563287734985,1.6726784706115723,1.7475594282150269
B12,1.9977085590362549,1.7472012042999268,1.4769818782806396,1.3850576877593994,1.1315079927444458,1.2023025751113892,0.9564516544342041,1.1558799743652344,1.0203654766082764,0.841486394405365,0.5775998830795288,0.4926704466342926,0.6046953797340393,0.7943629026412964,1.1054750680923462,1.8989914655685425,1.6709364652633667,1.3054132461547852,1.251442551612854,0.9217767119407654,0.9616283774375916,0.6998136043548584,0.9576230645179749,0.89715975522995,0.6159824132919312,0.3771665394306183,0.0,0.37524107098579407,0.6463322043418884,0.9884198904037476,1.929316520690918,1.72153639793396,1.3438470363616943,1.3187005519866943,0.9873499870300293,1.0616240501403809,0.8231638669967651,1.0168031454086304,1.052452564239502,0.735367476940155,0.6305445432662964,0.46323132514953613,0.6049976944923401,0.8102651834487915,1.0884169340133667,2.0890557765960693,1.9666006565093994,1.5962990522384644,1.6079645156860352,1.3233919143676758,1.398189902305603,1.2139049768447876,1.2632253170013428,1.3509174585342407,1.0579688549041748,1.0370820760726929,0.9203746914863586,1.0018033981323242,1.1446107625961304,1.328670620918274,2.3400678634643555,2.1913583278656006,1.8724762201309204,1.9525477886199951,1.7424607276916504,1.8566758632659912,1.856119155883789,1.7058112621307373,1.737876057624817,1.4457226991653442,1.4985771179199219,1.392411470413208,1.460428237915039,1.5592906475067139,1.6515816450119019
B13,1.9288655519485474,1.7355276346206665,1.4727520942687988,1.4790672063827515,1.259524941444397,1.425188660621643,1.2451838254928589,1.4376862049102783,1.3337743282318115,1.0836215019226074,0.7420040369033813,0.6114940643310547,0.46554771065711975,0.6337060332298279,0.8427934050559998,1.7855767011642456,1.624322772026062,1.2815347909927368,1.3369396924972534,1.0757604837417603,1.2236558198928833,1.0287822484970093,1.3202399015426636,1.271093726158142,0.9697052836418152,0.6556438207626343,0.37524107098579407,0.0,0.38035082817077637,0.6481906771659851,1.780017375946045,1.6394872665405273,1.2835757732391357,1.3636854887008667,1.0972603559494019,1.2771148681640625,1.1041916608810425,1.3573884963989258,1.3842532634735107,1.0529515743255615,0.8354938626289368,0.5777608752250671,0.4546304941177368,0.5687406659126282,0.7556492686271667,1.9032710790634155,1.8422428369522095,1.4948101043701172,1.5942234992980957,1.3615155220031738,1.5294550657272339,1.3909913301467896,1.522904396057129,1.6101064682006836,1.2903831005096436,1.1687273979187012,0.9638413786888123,0.9031227827072144,0.9544216394424438,1.0501657724380493,2.1375937461853027,2.0421206951141357,1.7548273801803589,1.9049383401870728,1.7455813884735107,1.930517554283142,1.9651533365249634,1.882603645324707,1.928962230682373,1.603023886680603,1.5755980014801025,1.3941065073013306,1.3804274797439575,1.3964160680770874,1.42904794216156
