,A1,A2,A3,A4,A5,A6,A7,A8,A9,A10,A11,A12,A13,A14,A15,B1,B2,B3,B4,B5,B6,B7,B8,B9,B10,B11,B12,B13,B14,B15,C1,C2,C3,C4,C5,C6,C7,C8,C9,C10,C11,C12,C13,C14,C15,D1,D2,D3,D4,D5,D6,D7,D8,D9,D10,D11,D12,D13,D14,D15,E1,E2,E3,E4,E5,E6,E7,E8,E9,E10,E11,E12,E13,E14,E15
A1,0.0,0.3933028280735016,0.5745200514793396,0.9023315906524658,1.1850892305374146,1.5256173610687256,1.8087948560714722,2.073323965072632,2.320608615875244,2.241866111755371,2.169611692428589,1.7948105335235596,1.692239761352539,1.3329546451568604,1.319136142730713,0.9456661939620972,0.9575395584106445,0.9684017896652222,1.201284408569336,1.3861443996429443,1.720651388168335,1.9063959121704102,2.2005863189697266,2.453827381134033,2.386125087738037,2.35050106048584,1.9974074363708496,1.930489420890808,1.630915880203247,1.6437081098556519,1.497799038887024,1.4467802047729492,1.4303637742996216,1.5780001878738403,1.7157862186431885,1.9787923097610474,2.165536403656006,2.376149892807007,2.6444129943847656,2.5766406059265137,2.5814225673675537,2.2623424530029297,2.240020513534546,1.994588017463684,2.0320637226104736,2.0788753032684326,2.003310441970825,1.909116268157959,2.002743721008301,2.0666286945343018,2.2564239501953125,2.4086523056030273,2.519397497177124,2.8329250812530518,2.820195436477661,2.863772392272949,2.576378583908081,2.594481945037842,2.398514747619629,2.458184003829956,2.6423661708831787,2.5407116413116455,2.448261260986328,2.518979787826538,2.5773427486419678,2.68281626701355,2.942394733428955,2.8463134765625,3.1328935623168945,3.050201892852783,3.1621170043945312,2.9073705673217773,2.9869208335876465,2.836481809616089,2.9287075996398926
A2,0.3933028280735016,0.0,0.3941020667552948,0.6075204014778137,0.9507889151573181,1.2536624670028687,1.5292720794677734,1.8286540508270264,2.066866874694824,2.032776117324829,1.9808664321899414,1.6060768365859985,1.5658560991287231,1.2187877893447876,1.3101327419281006,0.874937891960144,0.7357866168022156,0.6927651166915894,0.8440271019935608,1.0461864471435547,1.363554835319519,1.5862503051757812,1.8736180067062378,2.1407833099365234,2.115832567214966,2.1135714054107666,1.7649434804916382,1.759703278541565,1.4803571701049805,1.581379771232605,1.408448338508606,1.2623344659805298,1.2004282474517822,1.2726346254348755,1.3983020782470703,1.6272847652435303,1.8326284885406494,2.0243403911590576,2.3127644062042236,2.282655954360962,2.3238296508789062,2.0156261920928955,2.0500307083129883,1.8326172828674316,1.9424701929092407,2.009143114089966,1.8671728372573853,1.7314916849136353,1.7607405185699463,1.7935616970062256,1.9384468793869019,2.0894296169281006,2.1703178882598877,2.496359348297119,2.5151188373565674,2.5950355529785156,2.326610565185547,2.39497447013855,2.2329750061035156,2.3500537872314453,2.5609216690063477,2.411163806915283,2.27787446975708,2.3034780025482178,2.3253214359283447,2.3907134532928467,2.638967752456665,2.515068292617798,2.8045973777770996,2.7481319904327393,2.89361834526062,2.663541078567505,2.7835819721221924,2.6713123321533203,2.805539846420288
A3,0.5745200514793396,0.3941020667552948,0.0,0.39383065700531006,0.6200355291366577,0.978614330291748,1.238027572631836,1.5111099481582642,1.7475475072860718,1.6810758113861084,1.633341670036316,1.2601927518844604,1.2295241355895996,0.9128013253211975,1.0460668802261353,1.08975350856781,0.9308079481124878,0.7198184132575989,0.8549148440361023,0.9077820777893066,1.2191762924194336,1.3580940961837769,1.6442850828170776,1.8956785202026367,1.8287758827209473,1.8248289823532104,1.4912444353103638,1.4870178699493408,1.2547483444213867,1.371734857559204,1.5496866703033447,1.399633765220642,1.2367122173309326,1.313477635383606,1.3328869342803955,1.554375171661377,1.6816468238830566,1.8672044277191162,2.128072500228882,2.05588436126709,2.0930888652801514,1.807350516319275,1.8351836204528809,1.6638226509094238,1.7707691192626953,2.112492322921753,1.9805562496185303,1.7843925952911377,1.8299669027328491,1.7900882959365845,1.9325432777404785,2.012620449066162,2.0849609375,2.3774471282958984,2.350031852722168,2.4195175170898438,2.171804189682007,2.225564479827881,2.1002907752990723,2.2009694576263428,2.6200594902038574,2.488748788833618,2.3155107498168945,2.369898796081543,2.344365358352661,2.4246506690979004,2.626455068588257,2.481518030166626,2.7308030128479004,2.63458251953125,2.7685437202453613,2.5546648502349854,2.650783061981201,2.5631113052368164,2.66774320602417
A4,0.9023315906524658,0.6075204014778137,0.39383065700531006,0.0,0.391827255487442,0.6464584469795227,0.9458527565002441,1.2309658527374268,1.4907684326171875,1.502607822418213,1.527907133102417,1.1778953075408936,1.26863431930542,1.030719518661499,1.2749195098876953,1.325801968574524,1.0714375972747803,0.8136380910873413,0.7590317130088806,0.7294304370880127,0.9489132165908813,1.1014416217803955,1.336573839187622,1.631234049797058,1.629078984260559,1.702236294746399,1.4058738946914673,1.5034029483795166,1.343616008758545,1.5527085065841675,1.7499926090240479,1.5252174139022827,1.3171241283416748,1.2814937829971313,1.2389179468154907,1.3687090873718262,1.48319673538208,1.601943016052246,1.894653081893921,1.8746405839920044,1.9810224771499634,1.7383369207382202,1.8461140394210815,1.739824652671814,1.918467402458191,2.3084092140197754,2.122359275817871,1.8902217149734497,1.8607746362686157,1.7681572437286377,1.832133412361145,1.8820137977600098,1.8853189945220947,2.182699680328369,2.191979169845581,2.3192059993743896,2.117816686630249,2.2338614463806152,2.1682751178741455,2.3224315643310547,2.793119192123413,2.621096611022949,2.408241033554077,2.412998676300049,2.336634397506714,2.360170364379883,2.5306103229522705,2.3343868255615234,2.570802688598633,2.506308078765869,2.687652826309204,2.5198819637298584,2.659040689468384,2.6268866062164307,2.765817880630493
A5,1.1850892305374146,0.9507889151573181,0.6200355291366577,0.391827255487442,0.0,0.39578449726104736,0.6407603621482849,0.8913759589195251,1.145446538925171,1.1273936033248901,1.176782488822937,0.8467984795570374,0.9992609024047852,0.8651730418205261,1.1659785509109497,1.581390380859375,1.3339155912399292,1.004533052444458,0.9399743676185608,0.7410784959793091,0.8909449577331543,0.9006296992301941,1.1150034666061401,1.3815100193023682,1.332167625427246,1.4176063537597656,1.1622674465179443,1.2856895923614502,1.2155284881591797,1.4489823579788208,1.9360744953155518,1.7169848680496216,1.4423041343688965,1.4089137315750122,1.2609483003616333,1.361592173576355,1.3710837364196777,1.4695160388946533,1.7178864479064941,1.652070164680481,1.7613340616226196,1.5623481273651123,1.6739885807037354,1.6368293762207031,1.8179771900177002,2.44496488571167,2.2693145275115967,1.9926189184188843,1.9750560522079468,1.8164492845535278,1.870245099067688,1.8402900695800781,1.8297662734985352,2.0774452686309814,2.036370038986206,2.1547868251800537,1.9887545108795166,2.0945467948913574,2.079080581665039,2.22064471244812,2.877432346343994,2.7221856117248535,2.476140260696411,2.5040552616119385,2.3825743198394775,2.4174888134002686,2.5346415042877197,2.320537805557251,2.506309747695923,2.4022488594055176,2.5709638595581055,2.4292171001434326,2.545252799987793,2.546233892440796,2.6576743125915527
A6,1.5256173610687256,1.2536624670028687,0.978614330291748,0.6464584469795227,0.39578449726104736,0.0,0.388367235660553,0.6065709590911865,0.9064993858337402,1.0147894620895386,1.1796255111694336,0.9367056488990784,1.2081618309020996,1.1693885326385498,1.5085232257843018,1.8934038877487183,1.6034296751022339,1.2770130634307861,1.101621150970459,0.8434939980506897,0.8130489587783813,0.7742432355880737,0.8562853336334229,1.173660159111023,1.2096641063690186,1.3996294736862183,1.2262248992919922,1.4482733011245728,1.4585375785827637,1.7433292865753174,2.2250003814697266,1.9636671543121338,1.672072410583496,1.5566346645355225,1.3566112518310547,1.3443690538406372,1.310320496559143,1.302914023399353,1.568529725074768,1.561972737312317,1.7512469291687012,1.6224653720855713,1.8079818487167358,1.839571475982666,2.069316864013672,2.722184658050537,2.510983467102051,2.2145519256591797,2.1391868591308594,1.9382346868515015,1.9141336679458618,1.841946005821228,1.750824213027954,1.9818285703659058,1.9744973182678223,2.151904821395874,2.0483384132385254,2.2093729972839355,2.2549049854278564,2.435636520385742,3.1300113201141357,2.9461653232574463,2.6721322536468506,2.659342050552368,2.4932985305786133,2.475388765335083,2.551344871520996,2.2880427837371826,2.4448909759521484,2.3716700077056885,2.5837273597717285,2.4969642162323,2.647993803024292,2.7039804458618164,2.839843511581421
A7,1.8087948560714722,1.5292720794677734,1.238027572631836,0.9458527565002441,0.6407603621482849,0.388367235660553,0.0,0.3850478529930115,0.5601442456245422,0.6983023285865784,0.8840279579162598,0.7258917689323425,1.073936104774475,1.1430522203445435,1.515692114830017,2.042088031768799,1.7437740564346313,1.3865121603012085,1.1909173727035522,0.8452962040901184,0.7126649618148804,0.502358615398407,0.538935661315918,0.8079794645309448,0.8317979574203491,1.0618058443069458,0.9595040082931519,1.2448803186416626,1.347333312034607,1.6703115701675415,2.2852730751037598,2.0154106616973877,1.6804364919662476,1.5461928844451904,1.2652281522750854,1.203900694847107,1.067665934562683,1.0330946445465088,1.2444547414779663,1.214526891708374,1.425236463546753,1.3548798561096191,1.575332760810852,1.6804530620574951,1.9390326738357544,2.7216267585754395,2.5037097930908203,2.173391819000244,2.086961269378662,1.829193353652954,1.7787190675735474,1.6345576047897339,1.5265822410583496,1.7034549713134766,1.6627700328826904,1.8450192213058472,1.7873635292053223,1.963742733001709,2.0665526390075684,2.2627458572387695,3.067052125930786,2.8831794261932373,2.5779354572296143,2.5668625831604004,2.3557543754577637,2.3352620601654053,2.357032537460327,2.0809381008148193,2.18851900100708,2.090912342071533,2.299853563308716,2.2485830783843994,2.3974087238311768,2.4967432022094727,2.63179612159729
A8,2.073323965072632,1.8286540508270264,1.5111099481582642,1.2309658527374268,0.8913759589195251,0.6065709590911865,0.3850478529930115,0.0,0.37591737508773804,0.5857946276664734,0.9111548066139221,0.8753747940063477,1.2422558069229126,1.3862245082855225,1.7368557453155518,2.3942174911499023,2.1092350482940674,1.7499656677246094,1.5715113878250122,1.2288717031478882,1.0800480842590332,0.8223465085029602,0.7115939259529114,0.9119229912757874,0.9143977165222168,1.1863653659820557,1.1824666261672974,1.4599559307098389,1.6206159591674805,1.9183300733566284,2.6477673053741455,2.3903450965881348,2.05149507522583,1.9277364015579224,1.6341742277145386,1.5527892112731934,1.3662790060043335,1.2721130847930908,1.4252808094024658,1.37754225730896,1.6003351211547852,1.5980817079544067,1.8070197105407715,1.957118272781372,2.191953182220459,3.075345754623413,2.8699939250946045,2.5340917110443115,2.457217216491699,2.185180902481079,2.1250157356262207,1.9439020156860352,1.8103715181350708,1.9357116222381592,1.869114637374878,2.049726963043213,2.038947820663452,2.2010669708251953,2.337580680847168,2.5100643634796143,3.404571056365967,3.2343342304229736,2.9229133129119873,2.922504186630249,2.6960246562957764,2.674147605895996,2.6633541584014893,2.3742072582244873,2.438044309616089,2.3268749713897705,2.528451919555664,2.509106159210205,2.637407064437866,2.7599034309387207,2.866525888442993
A9,2.320608615875244,2.066866874694824,1.7475475072860718,1.4907684326171875,1.145446538925171,0.9064993858337402,0.5601442456245422,0.37591737508773804,0.0,0.38437554240226746,0.7267060279846191,0.8323934674263,1.2153183221817017,1.4372663497924805,1.7922266721725464,2.5271055698394775,2.241425037384033,1.8709639310836792,1.6881781816482544,1.314610242843628,1.1237984895706177,0.7809746861457825,0.6224940419197083,0.6597164273262024,0.618162989616394,0.9274798631668091,1.0317844152450562,1.3423511981964111,1.5791772603988647,1.892661452293396,2.704859495162964,2.4470841884613037,2.0851240158081055,1.9544259309768677,1.6148346662521362,1.5038259029388428,1.237560749053955,1.1267430782318115,1.1873615980148315,1.1028234958648682,1.3339134454727173,1.4055161476135254,1.6342523097991943,1.850013256072998,2.100586414337158,3.0727760791778564,2.866231918334961,2.510150909423828,2.428128480911255,2.1178743839263916,2.040728807449341,1.8011993169784546,1.6632697582244873,1.7211511135101318,1.6138557195663452,1.7876365184783936,1.8282431364059448,1.99647855758667,2.185478687286377,2.366377592086792,3.3414807319641113,3.174743175506592,2.8424432277679443,2.845329761505127,2.5851502418518066,2.5647289752960205,2.5041420459747314,2.2147905826568604,2.2261641025543213,2.0887932777404785,2.277428388595581,2.294442892074585,2.4143447875976562,2.576432943344116,2.678831100463867
A10,2.241866111755371,2.032776117324829,1.6810758113861084,1.502607822418213,1.1273936033248901,1.0147894620895386,0.6983023285865784,0.5857946276664734,0.38437554240226746,0.0,0.38891828060150146,0.5755347013473511,0.9215015172958374,1.2078393697738647,1.528709053993225,2.438157796859741,2.1927034854888916,1.8124407529830933,1.7034666538238525,1.3319672346115112,1.236466407775879,0.882063627243042,0.8777387142181396,0.8426662087440491,0.6011038422584534,0.7556056976318359,0.8546388745307922,1.0892592668533325,1.3568860292434692,1.6278125047683716,2.591233491897583,2.3754591941833496,2.007462978363037,1.9435601234436035,1.6064794063568115,1.5767848491668701,1.300900936126709,1.29560124874115,1.3059548139572144,1.106005072593689,1.2278664112091064,1.273886799812317,1.4239383935928345,1.6420836448669434,1.843352198600769,2.9292190074920654,2.7620437145233154,2.4059994220733643,2.3803155422210693,2.0772392749786377,2.0652918815612793,1.8241207599639893,1.7633404731750488,1.80625581741333,1.6246122121810913,1.7164316177368164,1.7218221426010132,1.8194327354431152,1.9919663667678833,2.1219725608825684,3.1794307231903076,3.050858974456787,2.728572130203247,2.781620740890503,2.5393295288085938,2.5755844116210938,2.5240283012390137,2.2787790298461914,2.288604736328125,2.0923166275024414,2.2193236351013184,2.199018716812134,2.2613892555236816,2.3945364952087402,2.4490485191345215
A11,2.169611692428589,1.9808664321899414,1.633341670036316,1.527907133102417,1.176782488822937,1.1796255111694336,0.8840279579162598,0.9111548066139221,0.7267060279846191,0.38891828060150146,0.0,0.37736213207244873,0.6277002096176147,0.9711790680885315,1.2630550861358643,2.2608907222747803,2.048133373260498,1.6718807220458984,1.6204389333724976,1.2657049894332886,1.2447705268859863,0.9102807641029358,1.0367470979690552,0.9389404654502869,0.5838969945907593,0.5111464262008667,0.5784332752227783,0.7361212968826294,1.0444517135620117,1.2948004007339478,2.3518338203430176,2.1687088012695312,1.7976430654525757,1.785203218460083,1.4515436887741089,1.4895943403244019,1.2126812934875488,1.313350796699524,1.2790327072143555,0.9906893968582153,0.9925803542137146,0.9963956475257874,1.0771801471710205,1.3016276359558105,1.478531002998352,2.639418363571167,2.4991791248321533,2.142632484436035,2.158156394958496,1.8592442274093628,1.9014631509780884,1.6614688634872437,1.679180383682251,1.7099792957305908,1.471403956413269,1.4853359460830688,1.4478576183319092,1.4885469675064087,1.646618366241455,1.7491446733474731,2.8564767837524414,2.7536723613739014,2.4371137619018555,2.527170419692993,2.297778367996216,2.3820905685424805,2.337315559387207,2.139829635620117,2.153024196624756,1.910086989402771,1.982101559638977,1.9230265617370605,1.943400502204895,2.0516068935394287,2.080848455429077
A12,1.7948105335235596,1.6060768365859985,1.2601927518844604,1.1778953075408936,0.8467984795570374,0.9367056488990784,0.7258917689323425,0.8753747940063477,0.8323934674263,0.5755347013473511,0.37736213207244873,0.0,0.38743987679481506,0.6394062638282776,0.9758467674255371,1.9093097448349,1.6987519264221191,1.3213199377059937,1.2965829372406006,0.9638839364051819,1.0277857780456543,0.7696604132652283,1.0031300783157349,1.0214924812316895,0.7461637854576111,0.6789587736129761,0.5050163269042969,0.6240646839141846,0.8086107969284058,1.0759599208831787,2.0484097003936768,1.8653333187103271,1.5055086612701416,1.5142134428024292,1.2200733423233032,1.3183116912841797,1.1248372793197632,1.2805958986282349,1.3399951457977295,1.1008399724960327,1.1050209999084473,0.9804581999778748,1.045685052871704,1.1631100177764893,1.3418927192687988,2.3911046981811523,2.2490077018737793,1.9072511196136475,1.9337294101715088,1.6732724905014038,1.7491676807403564,1.5766221284866333,1.6211614608764648,1.7319165468215942,1.5423085689544678,1.568458080291748,1.4505157470703125,1.494017481803894,1.5728199481964111,1.6820939779281616,2.672163963317871,2.5614116191864014,2.2649037837982178,2.3537986278533936,2.1633450984954834,2.2555384635925293,2.2718002796173096,2.0849392414093018,2.1651651859283447,1.9505627155303955,2.039367437362671,1.9261209964752197,1.9672948122024536,2.020345449447632,2.07222843170166
A13,1.692239761352539,1.5658560991287231,1.2295241355895996,1.26863431930542,0.9992609024047852,1.2081618309020996,1.073936104774475,1.2422558069229126,1.2153183221817017,0.9215015172958374,0.6277002096176147,0.38743987679481506,0.0,0.3888087272644043,0.6359257102012634,1.7505401372909546,1.606770396232605,1.2547283172607422,1.3392717838287354,1.080452561378479,1.251623272895813,1.0667272806167603,1.3553941249847412,1.3556733131408691,1.0540555715560913,0.8574422597885132,0.6113904714584351,0.46269410848617554,0.5652151107788086,0.732073187828064,1.8535113334655762,1.7344971895217896,1.3969759941101074,1.5011546611785889,1.2628114223480225,1.4583189487457275,1.3127268552780151,1.5471101999282837,1.587481141090393,1.308950424194336,1.2026137113571167,1.0021177530288696,0.9236673712730408,0.9576712250709534,1.0438405275344849,2.1608729362487793,2.071242332458496,1.7500855922698975,1.8508906364440918,1.6331114768981934,1.7917218208312988,1.6584848165512085,1.7850710153579712,1.8988394737243652,1.677138328552246,1.622137427330017,1.4360746145248413,1.3861547708511353,1.3903263807296753,1.4278969764709473,2.4350807666778564,2.3690185546875,2.102195978164673,2.24729585647583,2.102050542831421,2.2565150260925293,2.304473638534546,2.1780521869659424,2.276752471923828,2.0293545722961426,2.0558106899261475,1.8825626373291016,1.8647295236587524,1.8505831956863403,1.8548927307128906
A14,1.3329546451568604,1.2187877893447876,0.9128013253211975,1.030719518661499,0.8651730418205261,1.1693885326385498,1.1430522203445435,1.3862245082855225,1.4372663497924805,1.2078393697738647,0.9711790680885315,0.6394062638282776,0.3888087272644043,0.0,0.3850133717060089,1.3769150972366333,1.254042387008667,0.9206823706626892,1.079516053199768,0.9110555052757263,1.1856719255447388,1.120188593864441,1.4607012271881104,1.5333210229873657,1.3006579875946045,1.134531021118164,0.800949215888977,0.6397169232368469,0.4681850075721741,0.5999447107315063,1.532017469406128,1.426200270652771,1.1212965250015259,1.2734402418136597,1.120889663696289,1.385781168937683,1.3453023433685303,1.6155850887298584,1.7239954471588135,1.5007898807525635,1.4077240228652954,1.1266392469406128,1.0425206422805786,0.9314467310905457,1.0030531883239746,1.9021967649459839,1.8158577680587769,1.5255483388900757,1.6468398571014404,1.4939110279083252,1.6934568881988525,1.644958257675171,1.7986762523651123,1.9781553745269775,1.8102504014968872,1.769304633140564,1.52198326587677,1.4802647829055786,1.39406418800354,1.4391138553619385,2.2507803440093994,2.1772964000701904,1.9437940120697021,2.086758852005005,1.9953402280807495,2.1581268310546875,2.271191358566284,2.1656763553619385,2.326383352279663,2.114743232727051,2.1555159091949463,1.9367507696151733,1.9429534673690796,1.8710660934448242,1.9047011137008667
A15,1.319136142730713,1.3101327419281006,1.0460668802261353,1.2749195098876953,1.1659785509109497,1.5085232257843018,1.515692114830017,1.7368557453155518,1.7922266721725464,1.528709053993225,1.2630550861358643,0.9758467674255371,0.6359257102012634,0.3850133717060089,0.0,1.3431618213653564,1.3258708715438843,1.0692143440246582,1.3248207569122314,1.23683500289917,1.5453250408172607,1.5016887187957764,1.8450958728790283,1.9034672975540161,1.6465873718261719,1.4325575828552246,1.1155551671981812,0.8483032584190369,0.6107149124145508,0.46686556935310364,1.473067283630371,1.4637832641601562,1.2251847982406616,1.4672349691390991,1.3853389024734497,1.696153163909912,1.6805881261825562,1.9763473272323608,2.066413640975952,1.8196431398391724,1.6689444780349731,1.3719618320465088,1.1893212795257568,1.0001646280288696,0.9224768877029419,1.8009779453277588,1.7901941537857056,1.5500450134277344,1.75098717212677,1.6589112281799316,1.9195157289505005,1.9042129516601562,2.105048656463623,2.277340888977051,2.0884432792663574,1.9923115968704224,1.7115496397018433,1.5908282995224,1.4319050312042236,1.3826522827148438,2.148339033126831,2.1340558528900146,1.9515511989593506,2.151097536087036,2.1152210235595703,2.3295280933380127,2.4682815074920654,2.41351580619812,2.58172345161438,2.349431276321411,2.3390116691589355,2.0796518325805664,2.0291616916656494,1.8900660276412964,1.866086721420288
B1,0.9456661939620972,0.874937891960144,1.08975350856781,1.325801968574524,1.581390380859375,1.8934038877487183,2.042088031768799,2.3942174911499023,2.5271055698394775,2.438157796859741,2.2608907222747803,1.9093097448349,1.7505401372909546,1.3769150972366333,1.3431618213653564,0.0,0.3705002963542938,0.6687852144241333,0.982664167881012,1.2907741069793701,1.6471798419952393,1.8940805196762085,2.250549793243408,2.4202771186828613,2.358948230743408,2.242084503173828,1.8668628931045532,1.757302165031433,1.3861353397369385,1.3898860216140747,0.5774241089820862,0.5824534296989441,0.7587580680847168,1.0061596632003784,1.294638991355896,1.628490686416626,1.8920174837112427,2.191462278366089,2.4153432846069336,2.3579132556915283,2.2938287258148193,1.928192138671875,1.8778151273727417,1.5468133687973022,1.6001120805740356,1.180804967880249,1.0840734243392944,1.0719753503799438,1.20198392868042,1.3903756141662598,1.6543971300125122,1.9010101556777954,2.111051321029663,2.4223694801330566,2.429661989212036,2.424299955368042,2.08565092086792,2.0937371253967285,1.824541687965393,1.920424222946167,1.766770362854004,1.636185646057129,1.5922038555145264,1.6580829620361328,1.7981092929840088,1.945679783821106,2.261775255203247,2.265193223953247,2.5880653858184814,2.521503448486328,2.593228340148926,2.2923173904418945,2.383910894393921,2.1823878288269043,2.330556631088257
B2,0.9575395584106445,0.7357866168022156,0.9308079481124878,1.0714375972747803,1.3339155912399292,1.6034296751022339,1.7437740564346313,2.1092350482940674,2.241425037384033,2.1927034854888916,2.048133373260498,1.6987519264221191,1.606770396232605,1.254042387008667,1.3258708715438843,0.3705002963542938,0.0,0.38061532378196716,0.6250196695327759,0.9623821973800659,1.301262378692627,1.5761945247650146,1.919403076171875,2.1065878868103027,2.084035873413086,2.009598970413208,1.6427247524261475,1.6031793355941772,1.2671517133712769,1.3730857372283936,0.743866503238678,0.5351053476333618,0.5806350708007812,0.7181220650672913,0.9979017972946167,1.3008512258529663,1.5813398361206055,1.856809377670288,2.1055145263671875,2.083421230316162,2.0661747455596924,1.7170149087905884,1.7345094680786133,1.4515005350112915,1.5894848108291626,1.3423835039138794,1.1521198749542236,1.0446776151657104,1.0711097717285156,1.193904995918274,1.3988723754882812,1.635321855545044,1.8036868572235107,2.1326684951782227,2.1692891120910645,2.210972309112549,1.8992503881454468,1.9676158428192139,1.7535165548324585,1.9113954305648804,1.891385793685913,1.7052501440048218,1.5877915620803833,1.5953797101974487,1.6669912338256836,1.7594830989837646,2.0556771755218506,2.0081470012664795,2.3323206901550293,2.289421796798706,2.4066755771636963,2.1402955055236816,2.277431011199951,2.132559299468994,2.3178188800811768
B3,0.9684017896652222,0.6927651166915894,0.7198184132575989,0.8136380910873413,1.004533052444458,1.2770130634307861,1.3865121603012085,1.7499656677246094,1.8709639310836792,1.8124407529830933,1.6718807220458984,1.3213199377059937,1.2547283172607422,0.9206823706626892,1.0692143440246582,0.6687852144241333,0.38061532378196716,0.0,0.38279208540916443,0.6267130970954895,0.9960227012634277,1.2294074296951294,1.584207534790039,1.7654476165771484,1.7224533557891846,1.6555132865905762,1.2884232997894287,1.2737455368041992,0.968571126461029,1.1398100852966309,0.9575542211532593,0.7210512161254883,0.5317214727401733,0.6298794746398926,0.7655037045478821,1.0744000673294067,1.2968113422393799,1.5721144676208496,1.812525987625122,1.76465904712677,1.7587459087371826,1.4209566116333008,1.4588382244110107,1.223336935043335,1.3979519605636597,1.5037198066711426,1.309282898902893,1.0965795516967773,1.1126086711883545,1.1113837957382202,1.2945284843444824,1.4507720470428467,1.598585844039917,1.9103937149047852,1.9134643077850342,1.9632105827331543,1.6716336011886597,1.749688744544983,1.585130214691162,1.7529304027557373,1.9960858821868896,1.8174232244491577,1.6325361728668213,1.657183051109314,1.6492081880569458,1.739250659942627,1.978386640548706,1.8861829042434692,2.1742053031921387,2.0985422134399414,2.223253011703491,1.9800488948822021,2.1114940643310547,2.007819175720215,2.179009199142456
B4,1.201284408569336,0.8440271019935608,0.8549148440361023,0.7590317130088806,0.9399743676185608,1.101621150970459,1.1909173727035522,1.5715113878250122,1.6881781816482544,1.7034666538238525,1.6204389333724976,1.2965829372406006,1.3392717838287354,1.079516053199768,1.3248207569122314,0.982664167881012,0.6250196695327759,0.38279208540916443,0.0,0.3819802701473236,0.6819872856140137,0.9877193570137024,1.3083614110946655,1.5206183195114136,1.5548152923583984,1.5612660646438599,1.2306663990020752,1.328900933265686,1.1097362041473389,1.3737112283706665,1.2243092060089111,0.906032145023346,0.6777359843254089,0.5348966121673584,0.5941715836524963,0.7931778430938721,1.0520168542861938,1.2738850116729736,1.5591988563537598,1.582062840461731,1.6523762941360474,1.357593059539795,1.4951940774917603,1.3388447761535645,1.5933209657669067,1.7374544143676758,1.480470895767212,1.234433889389038,1.1308131217956543,1.057863712310791,1.124087929725647,1.2639575004577637,1.334202766418457,1.6718322038650513,1.732308030128479,1.8532177209854126,1.6117775440216064,1.771409034729004,1.678180456161499,1.909267544746399,2.190826892852783,1.9634761810302734,1.7353110313415527,1.686795711517334,1.6145496368408203,1.6231904029846191,1.8330645561218262,1.6784459352493286,1.9670658111572266,1.9385887384414673,2.1246695518493652,1.934320330619812,2.1241703033447266,2.086148500442505,2.3002939224243164
B5,1.3861443996429443,1.0461864471435547,0.9077820777893066,0.7294304370880127,0.7410784959793091,0.8434939980506897,0.8452962040901184,1.2288717031478882,1.314610242843628,1.3319672346115112,1.2657049894332886,0.9638839364051819,1.080452561378479,0.9110555052757263,1.23683500289917,1.2907741069793701,0.9623821973800659,0.6267130970954895,0.3819802701473236,0.0,0.38306260108947754,0.6179766058921814,0.9602072834968567,1.1626904010772705,1.1823443174362183,1.2170647382736206,0.9097859859466553,1.0794376134872437,0.9581378102302551,1.286212682723999,1.4863466024398804,1.1853162050247192,0.8694596886634827,0.719560444355011,0.5393546223640442,0.660375714302063,0.7917980551719666,0.9965372681617737,1.267882227897644,1.2641606330871582,1.3644119501113892,1.1094701290130615,1.2913107872009277,1.2251008749008179,1.5115413665771484,1.9446475505828857,1.6987746953964233,1.395076036453247,1.2958976030349731,1.1124533414840698,1.1354560852050781,1.1531434059143066,1.1806925535202026,1.4790327548980713,1.4978803396224976,1.634987711906433,1.437954306602478,1.614044189453125,1.5928943157196045,1.82957923412323,2.337850570678711,2.1248555183410645,1.8505972623825073,1.8206101655960083,1.6776463985443115,1.6830960512161255,1.8170673847198486,1.6172659397125244,1.8476043939590454,1.7824395895004272,1.9758622646331787,1.824851393699646,2.006293296813965,2.020433187484741,2.2164411544799805
B6,1.720651388168335,1.363554835319519,1.2191762924194336,0.9489132165908813,0.8909449577331543,0.8130489587783813,0.7126649618148804,1.0800480842590332,1.1237984895706177,1.236466407775879,1.2447705268859863,1.0277857780456543,1.251623272895813,1.1856719255447388,1.5453250408172607,1.6471798419952393,1.301262378692627,0.9960227012634277,0.6819872856140137,0.38306260108947754,0.0,0.3799796402454376,0.6400259733200073,0.8719111084938049,1.0016226768493652,1.139894962310791,0.9319406747817993,1.2135417461395264,1.2014656066894531,1.566471815109253,1.8081412315368652,1.4807779788970947,1.1640733480453491,0.9233686923980713,0.658444881439209,0.5373451709747314,0.5903356075286865,0.6672319173812866,0.9882818460464478,1.071714162826538,1.2726163864135742,1.1100225448608398,1.3851048946380615,1.4139246940612793,1.7434614896774292,2.2278733253479004,1.9525184631347656,1.6325037479400635,1.466726303100586,1.2217979431152344,1.1238536834716797,1.0642621517181396,0.9716489315032959,1.2590973377227783,1.32656729221344,1.5424410104751587,1.4285228252410889,1.674777865409851,1.7349616289138794,2.0108625888824463,2.5735702514648438,2.335026264190674,2.029723644256592,1.9529564380645752,1.7480571269989014,1.6843316555023193,1.7540258169174194,1.4865821599960327,1.6786580085754395,1.6509811878204346,1.900486707687378,1.8215572834014893,2.0451197624206543,2.1295969486236572,2.350092649459839
B7,1.9063959121704102,1.5862503051757812,1.3580940961837769,1.1014416217803955,0.9006296992301941,0.7742432355880737,0.502358615398407,0.8223465085029602,0.7809746861457825,0.882063627243042,0.9102807641029358,0.7696604132652283,1.0667272806167603,1.120188593864441,1.5016887187957764,1.8940805196762085,1.5761945247650146,1.2294074296951294,0.9877193570137024,0.6179766058921814,0.3799796402454376,0.0,0.3845767676830292,0.5571212768554688,0.6362754106521606,0.8240832090377808,0.6959563493728638,1.0397930145263672,1.1437336206436157,1.518381118774414,2.0282692909240723,1.7318074703216553,1.3784499168395996,1.1934680938720703,0.85733962059021,0.7403212785720825,0.5653843283653259,0.5937213897705078,0.8196548223495483,0.8223532438278198,1.0471278429031372,0.9600546360015869,1.2483159303665161,1.3676822185516357,1.6896253824234009,2.405484199523926,2.158047914505005,1.8103306293487549,1.6831873655319214,1.388828158378601,1.3033702373504639,1.135058045387268,1.0337629318237305,1.2222450971603394,1.20180082321167,1.4047600030899048,1.344831109046936,1.5738567113876343,1.696113109588623,1.9495640993118286,2.7028005123138428,2.4935414791107178,2.1670284271240234,2.1285767555236816,1.888525128364563,1.8521796464920044,1.8567547798156738,1.581311821937561,1.6948518753051758,1.605534553527832,1.831234097480774,1.7861579656600952,1.9735504388809204,2.0952091217041016,2.27782940864563
B8,2.2005863189697266,1.8736180067062378,1.6442850828170776,1.336573839187622,1.1150034666061401,0.8562853336334229,0.538935661315918,0.7115939259529114,0.6224940419197083,0.8777387142181396,1.0367470979690552,1.0031300783157349,1.3553941249847412,1.4607012271881104,1.8450958728790283,2.250549793243408,1.919403076171875,1.584207534790039,1.3083614110946655,0.9602072834968567,0.6400259733200073,0.3845767676830292,0.0,0.37709909677505493,0.6421999931335449,0.9681935906410217,0.976528525352478,1.3480947017669678,1.5048978328704834,1.8763868808746338,2.3979480266571045,2.0879149436950684,1.7437068223953247,1.5234416723251343,1.1911957263946533,0.9805948734283447,0.7649580836296082,0.5730676054954529,0.7832586169242859,0.8788402080535889,1.196341633796692,1.2186133861541748,1.538196086883545,1.7101894617080688,2.035687208175659,2.7717576026916504,2.5107412338256836,2.1629419326782227,2.0040273666381836,1.6953372955322266,1.544411540031433,1.3372070789337158,1.1358883380889893,1.268753170967102,1.285062551498413,1.5475857257843018,1.5733129978179932,1.8334773778915405,2.007150650024414,2.269035816192627,3.0516109466552734,2.830116033554077,2.4927947521209717,2.4267337322235107,2.1575734615325928,2.0737850666046143,2.0298922061920166,1.7093769311904907,1.7707024812698364,1.7166965007781982,1.9790241718292236,2.001094341278076,2.206754684448242,2.3764865398406982,2.56317138671875
B9,2.453827381134033,2.1407833099365234,1.8956785202026367,1.631234049797058,1.3815100193023682,1.173660159111023,0.8079794645309448,0.9119229912757874,0.6597164273262024,0.8426662087440491,0.9389404654502869,1.0214924812316895,1.3556733131408691,1.5333210229873657,1.9034672975540161,2.4202771186828613,2.1065878868103027,1.7654476165771484,1.5206183195114136,1.1626904010772705,0.8719111084938049,0.5571212768554688,0.37709909677505493,0.0,0.39316946268081665,0.7399288415908813,0.876568078994751,1.2596135139465332,1.4922289848327637,1.8613803386688232,2.4898643493652344,2.19582200050354,1.833923578262329,1.6314276456832886,1.2606865167617798,1.0457868576049805,0.7173479795455933,0.5319573283195496,0.5337070226669312,0.5706929564476013,0.917529284954071,1.0406016111373901,1.3765676021575928,1.6208760738372803,1.9508720636367798,2.792166233062744,2.5419600009918213,2.1770763397216797,2.0280425548553467,1.6814961433410645,1.5264216661453247,1.2413065433502197,1.0517641305923462,1.0740810632705688,1.0179836750030518,1.2720668315887451,1.364893913269043,1.627917766571045,1.8613357543945312,2.1245644092559814,3.001922369003296,2.7936553955078125,2.437734842300415,2.38625168800354,2.082693099975586,2.0128161907196045,1.9066697359085083,1.5950937271118164,1.5829116106033325,1.482235312461853,1.723337173461914,1.7882051467895508,1.97833251953125,2.191864013671875,2.3679699897766113
B10,2.386125087738037,2.115832567214966,1.8287758827209473,1.629078984260559,1.332167625427246,1.2096641063690186,0.8317979574203491,0.9143977165222168,0.618162989616394,0.6011038422584534,0.5838969945907593,0.7461637854576111,1.0540555715560913,1.3006579875946045,1.6465873718261719,2.358948230743408,2.084035873413086,1.7224533557891846,1.5548152923583984,1.1823443174362183,1.0016226768493652,0.6362754106521606,0.6421999931335449,0.39316946268081665,0.0,0.38512834906578064,0.6027868390083313,0.9571862816810608,1.2511078119277954,1.5917631387710571,2.4071621894836426,2.1563825607299805,1.7787928581237793,1.6528140306472778,1.273726224899292,1.1670068502426147,0.8179563283920288,0.8086214065551758,0.7266421318054199,0.5112544298171997,0.7186633944511414,0.8442871570587158,1.1144460439682007,1.3911147117614746,1.6813596487045288,2.680447578430176,2.4726755619049072,2.100358009338379,2.01747989654541,1.671167254447937,1.5990405082702637,1.3035179376602173,1.2230217456817627,1.2167894840240479,1.0334422588348389,1.1725642681121826,1.2336504459381104,1.4179158210754395,1.6526564359664917,1.8661835193634033,2.869391679763794,2.7037291526794434,2.352752923965454,2.362354040145874,2.0741682052612305,2.075692653656006,1.9763691425323486,1.7194160223007202,1.697648048400879,1.5089335441589355,1.6679809093475342,1.69289231300354,1.8120241165161133,2.0041205883026123,2.126030206680298
B11,2.35050106048584,2.1135714054107666,1.8248289823532104,1.702236294746399,1.4176063537597656,1.3996294736862183,1.0618058443069458,1.1863653659820557,0.9274798631668091,0.7556056976318359,0.5111464262008667,0.6789587736129761,0.8574422597885132,1.134531021118164,1.4325575828552246,2.242084503173828,2.009598970413208,1.6555132865905762,1.5612660646438599,1.2170647382736206,1.139894962310791,0.8240832090377808,0.9681935906410217,0.7399288415908813,0.38512834906578064,0.0,0.37815701961517334,0.6488173007965088,0.9941822290420532,1.3036322593688965,2.2276852130889893,2.019775152206421,1.6415605545043945,1.5837668180465698,1.2161571979522705,1.2055693864822388,0.8731347918510437,1.0104424953460693,0.8785931468009949,0.5256070494651794,0.4858553409576416,0.5760114192962646,0.7678182125091553,1.0786863565444946,1.3427033424377441,2.4427053928375244,2.2708945274353027,1.8981897830963135,1.8705140352249146,1.530090093612671,1.5328174829483032,1.2395453453063965,1.2719422578811646,1.245567798614502,0.9707737565040588,0.9804562330245972,0.9873365759849548,1.0936076641082764,1.326526403427124,1.507675290107727,2.5915439128875732,2.460498094558716,2.115633964538574,2.1756432056427,1.9030725955963135,1.9700927734375,1.878282904624939,1.686672568321228,1.6654109954833984,1.4061279296875,1.4820280075073242,1.456888198852539,1.5146225690841675,1.6823954582214355,1.7690503597259521
B12,1.9974074363708496,1.7649434804916382,1.4912444353103638,1.4058738946914673,1.1622674465179443,1.2262248992919922,0.9595040082931519,1.1824666261672974,1.0317844152450562,0.8546388745307922,0.5784332752227783,0.5050163269042969,0.6113904714584351,0.800949215888977,1.1155551671981812,1.8668628931045532,1.6427247524261475,1.2884232997894287,1.2306663990020752,0.9097859859466553,0.9319406747817993,0.6959563493728638,0.976528525352478,0.876568078994751,0.6027868390083313,0.37815701961517334,0.0,0.3851211667060852,0.6522932648658752,0.9994555115699768,1.8743245601654053,1.6711864471435547,1.2930035591125488,1.2693233489990234,0.9271100759506226,1.0104097127914429,0.76884925365448,1.0102249383926392,0.9947665333747864,0.7115419507026672,0.6431547999382019,0.47742971777915955,0.625799834728241,0.8223009705543518,1.1017478704452515,2.131864070892334,1.9625740051269531,1.5960253477096558,1.591887354850769,1.2840733528137207,1.3460707664489746,1.1291768550872803,1.2218382358551025,1.2966225147247314,1.0753251314163208,1.075310468673706,0.9487348198890686,1.0341503620147705,1.1637080907821655,1.348077416419983,2.3405346870422363,2.2070674896240234,1.8795347213745117,1.9516252279281616,1.7226295471191406,1.8161181211471558,1.798814296722412,1.6318556070327759,1.6946161985397339,1.457865834236145,1.5364385843276978,1.4271854162216187,1.4937704801559448,1.5844590663909912,1.6869585514068604
B13,1.930489420890808,1.759703278541565,1.4870178699493408,1.5034029483795166,1.2856895923614502,1.4482733011245728,1.2448803186416626,1.4599559307098389,1.3423511981964111,1.0892592668533325,0.7361212968826294,0.6240646839141846,0.46269410848617554,0.6397169232368469,0.8483032584190369,1.757302165031433,1.6031793355941772,1.2737455368041992,1.328900933265686,1.0794376134872437,1.2135417461395264,1.0397930145263672,1.3480947017669678,1.2596135139465332,0.9571862816810608,0.6488173007965088,0.3851211667060852,0.0,0.3872988820075989,0.6549875140190125,1.7228710651397705,1.5916930437088013,1.2364205121994019,1.3242658376693726,1.0532490015029907,1.246814250946045,1.0742461681365967,1.3666273355484009,1.339007019996643,1.0284461975097656,0.8298422694206238,0.5853539705276489,0.46251198649406433,0.5751769542694092,0.7610065937042236,1.934618353843689,1.8262922763824463,1.4786964654922485,1.5659033060073853,1.308607578277588,1.471788763999939,1.3057615756988525,1.4858494997024536,1.5584046840667725,1.3022651672363281,1.1943399906158447,0.9861094951629639,0.9257761240005493,0.9661228060722351,1.0605088472366333,2.1279728412628174,2.0486018657684326,1.7510048151016235,1.8948771953582764,1.7176575660705566,1.8877277374267578,1.9044675827026367,1.809754490852356,1.8872021436691284,1.6115784645080566,1.6061211824417114,1.4249166250228882,1.4050978422164917,1.415109395980835,1.4519755840301514
