,A1,A2,A3,A4,A5,A6,A7,A8,A9,A10,A11,A12,A13,A14,A15,B1,B2,B3,B4,B5,B6,B7,B8,B9,B10,B11,B12,B13,B14,B15,C1,C2,C3,C4,C5,C6,C7,C8,C9,C10,C11,C12,C13,C14,C15,D1,D2,D3,D4,D5,D6,D7,D8,D9,D10,D11,D12,D13,D14,D15,E1,E2,E3,E4,E5,E6,E7,E8,E9,E10,E11,E12,E13,E14,E15
A1,0.0,0.38729363679885864,0.6127663850784302,0.9501243233680725,1.2470859289169312,1.5966436862945557,1.862157940864563,2.207285165786743,2.4789175987243652,2.444854736328125,2.383272647857666,2.007844924926758,1.9247279167175293,1.563340663909912,1.5749964714050293,0.7562412023544312,0.7661392092704773,0.9104669690132141,1.1284340620040894,1.3995449542999268,1.7091840505599976,1.9584872722625732,2.2507848739624023,2.5579915046691895,2.5409440994262695,2.5288591384887695,2.174590826034546,2.1185896396636963,1.8048814535140991,1.832938551902771,1.304308295249939,1.255975604057312,1.3294703960418701,1.4610912799835205,1.675999402999878,1.9180916547775269,2.1438286304473877,2.3789756298065186,2.6962783336639404,2.6886160373687744,2.7094039916992188,2.3862617015838623,2.3617007732391357,2.1026771068573,2.148611545562744,1.853439450263977,1.7891181707382202,1.8094383478164673,1.8775980472564697,2.0288643836975098,2.205436944961548,2.3958046436309814,2.552969217300415,2.907719373703003,2.87628436088562,2.933980941772461,2.645214796066284,2.65960431098938,2.455669641494751,2.5268054008483887,2.4213500022888184,2.332463502883911,2.3382153511047363,2.367274761199951,2.48909592628479,2.605341911315918,2.8448615074157715,2.8439576625823975,3.1931228637695312,3.1058053970336914,3.208986520767212,2.953746795654297,3.023360013961792,2.854337453842163,2.9741995334625244
A2,0.38729363679885864,0.0,0.38380706310272217,0.6235870122909546,0.966966450214386,1.2828298807144165,1.5807582139968872,1.922790765762329,2.191256523132324,2.198359251022339,2.162201404571533,1.7954537868499756,1.769851803779602,1.4294556379318237,1.5296438932418823,0.7734662294387817,0.5884965658187866,0.6560874581336975,0.7811177968978882,1.0691454410552979,1.3525115251541138,1.6293820142745972,1.913387417793274,2.228731393814087,2.2487599849700928,2.269235610961914,1.9252465963363647,1.922784686088562,1.6334991455078125,1.7378714084625244,1.2649182081222534,1.1063990592956543,1.1116987466812134,1.1621060371398926,1.3625532388687134,1.5674219131469727,1.8041266202926636,2.021817922592163,2.3525335788726807,2.376382827758789,2.4312942028045654,2.1229310035705566,2.1482841968536377,1.9179869890213013,2.02936053276062,1.7996554374694824,1.660587191581726,1.6238386631011963,1.6275086402893066,1.7482308149337769,1.8812505006790161,2.0683701038360596,2.2000300884246826,2.5634591579437256,2.556913375854492,2.6473751068115234,2.3784453868865967,2.4380245208740234,2.267072916030884,2.390958547592163,2.3475677967071533,2.2057530879974365,2.1621975898742676,2.144341468811035,2.2304329872131348,2.3069138526916504,2.5354034900665283,2.506578207015991,2.8569653034210205,2.788954257965088,2.9222028255462646,2.6908226013183594,2.7981112003326416,2.6647441387176514,2.8245067596435547
A3,0.6127663850784302,0.38380706310272217,0.0,0.3874821960926056,0.635015606880188,0.9939519762992859,1.2501972913742065,1.600878119468689,1.8665368556976318,1.8458243608474731,1.8116028308868408,1.444905400276184,1.4307326078414917,1.1099579334259033,1.2477877140045166,0.9655817747116089,0.7543576955795288,0.6088120937347412,0.712313175201416,0.8727627992630005,1.1583720445632935,1.3737714290618896,1.6532028913497925,1.963721513748169,1.9473350048065186,1.9670284986495972,1.6335761547088623,1.637107014656067,1.3823485374450684,1.5076860189437866,1.4063822031021118,1.2406944036483765,1.1311843395233154,1.1741186380386353,1.270228385925293,1.4623496532440186,1.6296085119247437,1.8321871757507324,2.149649143218994,2.1332485675811768,2.1839137077331543,1.893770456314087,1.9205560684204102,1.7313259840011597,1.8499239683151245,1.9226176738739014,1.7843925952911377,1.673147201538086,1.6812849044799805,1.7234570980072021,1.844907522201538,1.9663163423538208,2.0748839378356934,2.4194343090057373,2.3712894916534424,2.4546682834625244,2.207001209259033,2.26236629486084,2.129197120666504,2.2491512298583984,2.442871332168579,2.3100452423095703,2.2141618728637695,2.212242603302002,2.2409539222717285,2.3176538944244385,2.4949562549591064,2.4362540245056152,2.760496139526367,2.6553618907928467,2.781569242477417,2.5699055194854736,2.665623188018799,2.5626320838928223,2.705655574798584
A4,0.9501243233680725,0.6235870122909546,0.3874821960926056,0.0,0.390790194272995,0.6620252132415771,0.9798338413238525,1.3053781986236572,1.586663842201233,1.6325061321258545,1.6593884229660034,1.3230080604553223,1.409911870956421,1.1582846641540527,1.3971306085586548,1.231664776802063,0.9279713034629822,0.7016735076904297,0.5849416255950928,0.6668630838394165,0.8517781496047974,1.0902570486068726,1.327399730682373,1.665308952331543,1.7043216228485107,1.7891902923583984,1.4913071393966675,1.5825170278549194,1.3933169841766357,1.6068781614303589,1.6017757654190063,1.3570060729980469,1.1788300275802612,1.1002086400985718,1.1304069757461548,1.2281275987625122,1.381151795387268,1.5261858701705933,1.868155598640442,1.8947265148162842,2.0050532817840576,1.7552977800369263,1.8561793565750122,1.7273375988006592,1.9186607599258423,2.078538417816162,1.878273844718933,1.7122241258621216,1.6407220363616943,1.6270008087158203,1.669437289237976,1.7644926309585571,1.8119844198226929,2.1631929874420166,2.1465768814086914,2.2817201614379883,2.0773162841796875,2.1937673091888428,2.116671085357666,2.2928035259246826,2.563370943069458,2.382981777191162,2.237532615661621,2.1807076930999756,2.1583988666534424,2.1749324798583984,2.324212074279785,2.21388840675354,2.5296857357025146,2.4496209621429443,2.6197917461395264,2.4515886306762695,2.5935726165771484,2.5433409214019775,2.7259275913238525
A5,1.2470859289169312,0.966966450214386,0.635015606880188,0.390790194272995,0.0,0.38893991708755493,0.6175861954689026,0.9718034863471985,1.23458731174469,1.2485798597335815,1.281283974647522,0.9558433890342712,1.0905879735946655,0.911827802658081,1.2125517129898071,1.4683271646499634,1.1780445575714111,0.8560084700584412,0.7328802347183228,0.5910190939903259,0.7216821312904358,0.8320095539093018,1.058793067932129,1.378298044204712,1.3693665266036987,1.457339882850647,1.1850422620773315,1.3023055791854858,1.1849637031555176,1.4326337575912476,1.776998519897461,1.5414716005325317,1.284026861190796,1.2059959173202515,1.1126731634140015,1.179736614227295,1.224845051765442,1.3440057039260864,1.6536964178085327,1.6277598142623901,1.733669638633728,1.5175962448120117,1.628319501876831,1.563458800315857,1.7674566507339478,2.214322805404663,2.02119779586792,1.7951624393463135,1.7323919534683228,1.6378223896026611,1.665675163269043,1.6774462461471558,1.6970782279968262,2.011326551437378,1.943615198135376,2.0681042671203613,1.896813154220581,2.010836124420166,1.9844963550567627,2.158250331878662,2.6565475463867188,2.4879255294799805,2.2962026596069336,2.257343292236328,2.17742919921875,2.1957337856292725,2.2835640907287598,2.1460213661193848,2.4222218990325928,2.2997920513153076,2.457730293273926,2.3169031143188477,2.445338249206543,2.4330058097839355,2.597886562347412
A6,1.5966436862945557,1.2828298807144165,0.9939519762992859,0.6620252132415771,0.38893991708755493,0.0,0.37800535559654236,0.6596705317497253,0.9424119591712952,1.0599358081817627,1.1894856691360474,0.9502800703048706,1.2048002481460571,1.1361278295516968,1.485367774963379,1.79425847530365,1.4685989618301392,1.1409952640533447,0.9089516401290894,0.675894558429718,0.5729209184646606,0.6199669241905212,0.7290700674057007,1.0859988927841187,1.1496930122375488,1.3335533142089844,1.1420021057128906,1.362247347831726,1.3397670984268188,1.6465120315551758,2.056694984436035,1.7796094417572021,1.490105152130127,1.3259055614471436,1.1601580381393433,1.0991754531860352,1.0803812742233276,1.0902552604675293,1.4122446775436401,1.4311621189117432,1.6126633882522583,1.4698209762573242,1.6609227657318115,1.6742298603057861,1.934310793876648,2.4536945819854736,2.2205252647399902,1.957360863685608,1.8320553302764893,1.6801838874816895,1.621067762374878,1.5813777446746826,1.5144903659820557,1.8136979341506958,1.774275302886963,1.9560478925704956,1.8506078720092773,2.025885820388794,2.0661933422088623,2.2853243350982666,2.8556888103485107,2.653254270553589,2.421328544616699,2.337263822555542,2.20477557182312,2.1622960567474365,2.2050323486328125,2.0079877376556396,2.2560150623321533,2.156510353088379,2.358182907104492,2.275479316711426,2.446187973022461,2.4933345317840576,2.688795328140259
A7,1.862157940864563,1.5807582139968872,1.2501972913742065,0.9798338413238525,0.6175861954689026,0.37800535559654236,0.0,0.39523452520370483,0.6191069483757019,0.6842821836471558,0.8436958193778992,0.6690614223480225,0.9933640360832214,1.0438964366912842,1.4097131490707397,2.022784471511841,1.721666932106018,1.3600752353668213,1.1725635528564453,0.8587548136711121,0.7400180101394653,0.568351149559021,0.6107069253921509,0.8926629424095154,0.8665218949317932,1.0572081804275513,0.9316232800483704,1.176929235458374,1.2507628202438354,1.5627306699752808,2.244448661804199,1.991152286529541,1.6651767492294312,1.5299351215362549,1.2921243906021118,1.2258456945419312,1.0899639129638672,1.068832516670227,1.3126193284988403,1.2503652572631836,1.4147852659225464,1.3271526098251343,1.5162550210952759,1.6008414030075073,1.8542085886001587,2.606961965560913,2.3932080268859863,2.0965046882629395,1.995715618133545,1.790024995803833,1.734708547592163,1.617096185684204,1.5335485935211182,1.7698439359664917,1.6639865636825562,1.8193551301956177,1.7551558017730713,1.914456844329834,2.004406452178955,2.2073562145233154,2.969717025756836,2.7880659103393555,2.5277507305145264,2.4706809520721436,2.2977426052093506,2.269118070602417,2.254317045211792,2.0455479621887207,2.242300033569336,2.0934641361236572,2.2684922218322754,2.2137773036956787,2.358771562576294,2.439366102218628,2.606722354888916
A8,2.207285165786743,1.922790765762329,1.600878119468689,1.3053781986236572,0.9718034863471985,0.6596705317497253,0.39523452520370483,0.0,0.39003923535346985,0.6108088493347168,0.9280983209609985,0.9075506925582886,1.2730432748794556,1.3950631618499756,1.7540735006332397,2.407440423965454,2.096696138381958,1.742510199546814,1.5249179601669312,1.213378667831421,1.0055872201919556,0.7897544503211975,0.6062828898429871,0.8437785506248474,0.8694095015525818,1.158209204673767,1.158011555671692,1.4463260173797607,1.5877745151519775,1.9035404920578003,2.6302199363708496,2.363974094390869,2.0345852375030518,1.8667035102844238,1.6094200611114502,1.471710443496704,1.287523627281189,1.1455713510513306,1.3493342399597168,1.3110077381134033,1.5333203077316284,1.5385562181472778,1.7669488191604614,1.9109151363372803,2.1765267848968506,2.9817559719085693,2.753627061843872,2.4451568126678467,2.3154070377349854,2.083632707595825,1.9737688302993774,1.8157862424850464,1.6552283763885498,1.8458510637283325,1.755405068397522,1.9488009214401245,1.957208275794983,2.147782325744629,2.289362668991089,2.5054118633270264,3.3257646560668945,3.1306793689727783,2.8517231941223145,2.7710211277008057,2.5670034885406494,2.4969615936279297,2.441868782043457,2.186211109161377,2.338320016860962,2.2058205604553223,2.407562494277954,2.4110395908355713,2.575732707977295,2.7028820514678955,2.876579761505127
A9,2.4789175987243652,2.191256523132324,1.8665368556976318,1.586663842201233,1.23458731174469,0.9424119591712952,0.6191069483757019,0.39003923535346985,0.0,0.38695982098579407,0.7290752530097961,0.8547978401184082,1.2373523712158203,1.4454485177993774,1.8040921688079834,2.58737850189209,2.281336545944214,1.9091650247573853,1.6973239183425903,1.3425004482269287,1.1160435676574707,0.7978155016899109,0.5672834515571594,0.6040239334106445,0.5626235604286194,0.8874369263648987,1.0038682222366333,1.323788046836853,1.5485405921936035,1.8744136095046997,2.741058826446533,2.4793057441711426,2.121931314468384,1.955283522605896,1.6443438529968262,1.4864997863769531,1.2178995609283447,1.0476782321929932,1.1421133279800415,1.0445606708526611,1.2658008337020874,1.3516576290130615,1.5993049144744873,1.8132060766220093,2.090196371078491,3.035421848297119,2.808852434158325,2.4697773456573486,2.3423163890838623,2.0627429485321045,1.9407169818878174,1.7170573472976685,1.53937828540802,1.6549365520477295,1.5176572799682617,1.6962023973464966,1.7613730430603027,1.9571059942245483,2.1535825729370117,2.374542474746704,3.321730613708496,3.1313788890838623,2.822194814682007,2.7495334148406982,2.5040502548217773,2.4334397315979004,2.321532964706421,2.0575380325317383,2.1532504558563232,1.9876761436462402,2.1708602905273438,2.2142231464385986,2.370774030685425,2.5407304763793945,2.7068064212799072
A10,2.444854736328125,2.198359251022339,1.8458243608474731,1.6325061321258545,1.2485798597335815,1.0599358081817627,0.6842821836471558,0.6108088493347168,0.38695982098579407,0.0,0.3912277817726135,0.5977626442909241,0.9512259364128113,1.2237744331359863,1.5495694875717163,2.5328657627105713,2.2665276527404785,1.8841307163238525,1.7426787614822388,1.3807933330535889,1.2527740001678467,0.9161590337753296,0.8373039960861206,0.823452889919281,0.5748617053031921,0.7353404760360718,0.8492945432662964,1.0977776050567627,1.3548855781555176,1.6373258829116821,2.6768295764923096,2.4583563804626465,2.0976226329803467,1.9961459636688232,1.6832468509674072,1.6052266359329224,1.3287545442581177,1.2582184076309204,1.3097645044326782,1.0991554260253906,1.2040235996246338,1.2650160789489746,1.4346359968185425,1.6547839641571045,1.880753517150879,2.964923143386841,2.7798032760620117,2.44219708442688,2.3722634315490723,2.0957870483398438,2.039879083633423,1.8107044696807861,1.7035549879074097,1.8019250631332397,1.5880845785140991,1.680477261543274,1.7143056392669678,1.8386586904525757,2.023937463760376,2.1928699016571045,3.245002508163452,3.095081090927124,2.79404354095459,2.773672342300415,2.539090871810913,2.5258941650390625,2.4143290519714355,2.1956067085266113,2.2873733043670654,2.063676357269287,2.1811790466308594,2.19089674949646,2.286576986312866,2.4339137077331543,2.548830509185791
A11,2.383272647857666,2.162201404571533,1.8116028308868408,1.6593884229660034,1.281283974647522,1.1894856691360474,0.8436958193778992,0.9280983209609985,0.7290752530097961,0.3912277817726135,0.0,0.37911805510520935,0.6471561789512634,0.9803652167320251,1.2739782333374023,2.38362455368042,2.152566909790039,1.769650936126709,1.6884315013885498,1.3280435800552368,1.2868520021438599,0.953683614730835,1.015465259552002,0.9529482126235962,0.5975950956344604,0.5171059966087341,0.5905569791793823,0.7560871243476868,1.0527024269104004,1.3058356046676636,2.4769041538238525,2.2949280738830566,1.930807113647461,1.8846697807312012,1.567181944847107,1.5607502460479736,1.2823597192764282,1.3167533874511719,1.3258620500564575,1.031739354133606,1.009438395500183,1.0240923166275024,1.1163235902786255,1.342380166053772,1.5336205959320068,2.729029893875122,2.5766897201538086,2.2371013164520264,2.216125726699829,1.9389220476150513,1.9437813758850098,1.7115848064422607,1.681958794593811,1.7645622491836548,1.4899325370788574,1.4962060451507568,1.486421823501587,1.5451477766036987,1.7171306610107422,1.8487727642059326,2.9811882972717285,2.863481283187866,2.5660219192504883,2.5906901359558105,2.363597869873047,2.4040956497192383,2.2929816246032715,2.1271653175354004,2.219085216522217,1.946991205215454,2.000692844390869,1.9700654745101929,2.0129411220550537,2.136411428451538,2.214639902114868
A12,2.007844924926758,1.7954537868499756,1.444905400276184,1.3230080604553223,0.9558433890342712,0.9502800703048706,0.6690614223480225,0.9075506925582886,0.8547978401184082,0.5977626442909241,0.37911805510520935,0.0,0.3841370642185211,0.6339496970176697,0.9677886366844177,2.0166356563568115,1.792481780052185,1.4121975898742676,1.3620059490203857,1.024865984916687,1.0667294263839722,0.8056855797767639,0.9880144596099854,1.044213056564331,0.766352117061615,0.6818681359291077,0.5109629034996033,0.6161330938339233,0.7926998138427734,1.0572490692138672,2.141979932785034,1.9665011167526245,1.6160516738891602,1.5967700481414795,1.318040132522583,1.3729854822158813,1.167536973953247,1.2799667119979858,1.3771172761917114,1.1324632167816162,1.1073377132415771,0.9895973205566406,1.0467829704284668,1.1699199676513672,1.3538602590560913,2.4344916343688965,2.2889702320098877,1.971665859222412,1.969158411026001,1.7344889640808105,1.780941128730774,1.6114485263824463,1.633276343345642,1.7895774841308594,1.5491169691085815,1.5598119497299194,1.4625658988952637,1.5063034296035767,1.600106954574585,1.7269015312194824,2.7354846000671387,2.6207878589630127,2.351499080657959,2.3848609924316406,2.201286792755127,2.2655835151672363,2.2135844230651855,2.0772788524627686,2.2315099239349365,1.9794152975082397,2.0404186248779297,1.9480637311935425,1.9931137561798096,2.055992841720581,2.14363694190979
A13,1.9247279167175293,1.769851803779602,1.4307326078414917,1.409911870956421,1.0905879735946655,1.2048002481460571,0.9933640360832214,1.2730432748794556,1.2373523712158203,0.9512259364128113,0.6471561789512634,0.3841370642185211,0.0,0.38254663348197937,0.628019392490387,1.8729838132858276,1.7129074335098267,1.3564846515655518,1.408172607421875,1.127856969833374,1.282033920288086,1.085302472114563,1.3352354764938354,1.3805923461914062,1.0846754312515259,0.8818577527999878,0.6380620002746582,0.48953646421432495,0.5796011686325073,0.7338991165161133,1.9727299213409424,1.8602864742279053,1.5339851379394531,1.6041300296783447,1.3676722049713135,1.5181916952133179,1.3582079410552979,1.5523667335510254,1.6333632469177246,1.3598030805587769,1.2349389791488647,1.0427254438400269,0.959201455116272,1.0055702924728394,1.090856909751892,2.2510836124420166,2.1609058380126953,1.8678990602493286,1.9386656284332275,1.7394120693206787,1.8662705421447754,1.7285765409469604,1.8288451433181763,1.9830026626586914,1.714231014251709,1.6473487615585327,1.4846868515014648,1.433213710784912,1.4606088399887085,1.5110021829605103,2.5487160682678223,2.483158826828003,2.2428176403045654,2.3355894088745117,2.1886868476867676,2.317420721054077,2.290194034576416,2.215559720993042,2.380951166152954,2.1009907722473145,2.100297689437866,1.9508470296859741,1.9298003911972046,1.9323481321334839,1.963727593421936
A14,1.563340663909912,1.4294556379318237,1.1099579334259033,1.1582846641540527,0.911827802658081,1.1361278295516968,1.0438964366912842,1.3950631618499756,1.4454485177993774,1.2237744331359863,0.9803652167320251,0.6339496970176697,0.38254663348197937,0.0,0.3811739683151245,1.5013827085494995,1.3624248504638672,1.0259965658187866,1.1460323333740234,0.9444882869720459,1.19964599609375,1.1157898902893066,1.4305098056793213,1.549973726272583,1.3235687017440796,1.1559101343154907,0.8268769383430481,0.6584173440933228,0.49151501059532166,0.6011743545532227,1.6385713815689087,1.5429881811141968,1.2492660284042358,1.3675354719161987,1.2065682411193848,1.42709219455719,1.362667441368103,1.6111173629760742,1.7561653852462769,1.5413991212844849,1.4350546598434448,1.1627388000488281,1.061638593673706,0.9684050679206848,1.0281721353530884,1.966325044631958,1.8886170387268066,1.6343988180160522,1.7315644025802612,1.5971616506576538,1.7690867185592651,1.7079466581344604,1.8531241416931152,2.0649542808532715,1.8420542478561401,1.789208173751831,1.561384677886963,1.504679560661316,1.4422892332077026,1.4864295721054077,2.321909189224243,2.2608001232147217,2.0614147186279297,2.1627421379089355,2.0722804069519043,2.2233526706695557,2.2597575187683105,2.2175302505493164,2.4359090328216553,2.1871986389160156,2.197763442993164,1.9982351064682007,1.9855756759643555,1.925181269645691,1.9709514379501343
A15,1.5749964714050293,1.5296438932418823,1.2477877140045166,1.3971306085586548,1.2125517129898071,1.485367774963379,1.4097131490707397,1.7540735006332397,1.8040921688079834,1.5495694875717163,1.2739782333374023,0.9677886366844177,0.628019392490387,0.3811739683151245,0.0,1.4733929634094238,1.4322315454483032,1.1651531457901,1.380375862121582,1.2529438734054565,1.5498247146606445,1.4902993440628052,1.8111404180526733,1.9173290729522705,1.668844223022461,1.4542286396026611,1.13852059841156,0.8741832971572876,0.6521929502487183,0.5056235194206238,1.5953874588012695,1.5899206399917603,1.3573532104492188,1.5614997148513794,1.458513617515564,1.7309987545013428,1.6934722661972046,1.9694498777389526,2.097148895263672,1.862539291381836,1.7034354209899902,1.414884090423584,1.223009705543518,1.0632975101470947,0.9799096584320068,1.9093466997146606,1.9063913822174072,1.7019275426864624,1.872763991355896,1.78561270236969,2.0155506134033203,1.980088710784912,2.1686489582061768,2.3698477745056152,2.129563331604004,2.0253193378448486,1.7662972211837769,1.6334221363067627,1.5089908838272095,1.4591515064239502,2.263888359069824,2.2643771171569824,2.111051321029663,2.2708685398101807,2.2235751152038574,2.4263803958892822,2.482736349105835,2.4872496128082275,2.706181287765503,2.4407687187194824,2.4036059379577637,2.1673104763031006,2.095414161682129,1.9778085947036743,1.9591064453125
B1,0.7562412023544312,0.7734662294387817,0.9655817747116089,1.231664776802063,1.4683271646499634,1.79425847530365,2.022784471511841,2.407440423965454,2.58737850189209,2.5328657627105713,2.38362455368042,2.0166356563568115,1.8729838132858276,1.5013827085494995,1.4733929634094238,0.0,0.38143664598464966,0.6912001967430115,1.0114591121673584,1.3107918500900269,1.6711384057998657,1.9212636947631836,2.2813563346862793,2.5133140087127686,2.482283592224121,2.3924942016601562,2.0149049758911133,1.9026962518692017,1.5363470315933228,1.524438738822937,0.5499432682991028,0.5943694710731506,0.7980409264564514,1.059854507446289,1.3432849645614624,1.671533226966858,1.9298213720321655,2.2516486644744873,2.5117931365966797,2.4934163093566895,2.447995901107788,2.084138870239258,2.0085489749908447,1.6796774864196777,1.6976006031036377,1.0979623794555664,1.067716121673584,1.1521106958389282,1.3073229789733887,1.5290220975875854,1.7962775230407715,2.0285346508026123,2.280648946762085,2.608177423477173,2.569916009902954,2.568831205368042,2.230860710144043,2.2022955417633057,1.9314969778060913,1.987436294555664,1.6682208776474,1.5985894203186035,1.6465226411819458,1.7270946502685547,1.906282663345337,2.0949740409851074,2.3645498752593994,2.4533374309539795,2.803971529006958,2.7081518173217773,2.7570979595184326,2.4526219367980957,2.4920225143432617,2.2664995193481445,2.3862993717193604
B2,0.7661392092704773,0.5884965658187866,0.7543576955795288,0.9279713034629822,1.1780445575714111,1.4685989618301392,1.721666932106018,2.096696138381958,2.281336545944214,2.2665276527404785,2.152566909790039,1.792481780052185,1.7129074335098267,1.3624248504638672,1.4322315454483032,0.38143664598464966,0.0,0.3850328326225281,0.6434118747711182,0.973541259765625,1.3139400482177734,1.5908136367797852,1.9389772415161133,2.185612440109253,2.1910879611968994,2.142911195755005,1.7758954763412476,1.726637601852417,1.390697717666626,1.4728996753692627,0.7098117470741272,0.5202051997184753,0.5917878150939941,0.7523003220558167,1.0351325273513794,1.3308748006820679,1.6036595106124878,1.904779314994812,2.1865341663360596,2.2002599239349365,2.1986091136932373,1.8517749309539795,1.8380405902862549,1.5494208335876465,1.6510365009307861,1.2232871055603027,1.0744813680648804,1.0576828718185425,1.1142271757125854,1.2936882972717285,1.5078903436660767,1.736471176147461,1.9548747539520264,2.299536943435669,2.2865712642669678,2.32899808883667,2.0158889293670654,2.0451982021331787,1.8221137523651123,1.9446161985397339,1.7623753547668457,1.61905038356781,1.59026300907135,1.6024882793426514,1.7285237312316895,1.8629984855651855,2.119407892227173,2.1644959449768066,2.5210773944854736,2.4445388317108154,2.5354316234588623,2.2621521949768066,2.3501334190368652,2.175170660018921,2.342310667037964
B3,0.9104669690132141,0.6560874581336975,0.6088120937347412,0.7016735076904297,0.8560084700584412,1.1409952640533447,1.3600752353668213,1.742510199546814,1.9091650247573853,1.8841307163238525,1.769650936126709,1.4121975898742676,1.3564846515655518,1.0259965658187866,1.1651531457901,0.6912001967430115,0.3850328326225281,0.0,0.37745705246925354,0.6223710775375366,0.9920521974563599,1.2324283123016357,1.590665578842163,1.8294291496276855,1.815306305885315,1.7700320482254028,1.40503990650177,1.3778009414672852,1.0675735473632812,1.211057424545288,0.9270277619361877,0.698228657245636,0.5231185555458069,0.6268717646598816,0.7817931771278381,1.0758992433547974,1.2952046394348145,1.5935039520263672,1.869289755821228,1.8563728332519531,1.859485387802124,1.5232107639312744,1.529923439025879,1.2828953266143799,1.4279118776321411,1.3844269514083862,1.2104240655899048,1.066237211227417,1.092643141746521,1.1572226285934448,1.3450462818145752,1.5061787366867065,1.7003188133239746,2.0359878540039062,1.9905766248703003,2.037665843963623,1.7446236610412598,1.7891007661819458,1.6140474081039429,1.7594695091247559,1.871522068977356,1.7188431024551392,1.6060700416564941,1.6144558191299438,1.655899167060852,1.773510217666626,1.971907138824463,1.9747649431228638,2.3106184005737305,2.202277183532715,2.2987220287323,2.0501151084899902,2.143338918685913,2.0129566192626953,2.181875467300415
B4,1.1284340620040894,0.7811177968978882,0.712313175201416,0.5849416255950928,0.7328802347183228,0.9089516401290894,1.1725635528564453,1.5249179601669312,1.6973239183425903,1.7426787614822388,1.6884315013885498,1.3620059490203857,1.408172607421875,1.1460323333740234,1.380375862121582,1.0114591121673584,0.6434118747711182,0.37745705246925354,0.0,0.3794650137424469,0.6742233037948608,0.9796443581581116,1.308501958847046,1.5719351768493652,1.627143383026123,1.6518877744674683,1.3223326206207275,1.396101474761963,1.1620928049087524,1.4007303714752197,1.2023383378982544,0.8886351585388184,0.654670238494873,0.5154265761375427,0.6049638390541077,0.7904148697853088,1.038292407989502,1.2916940450668335,1.604515552520752,1.65334153175354,1.727424144744873,1.431738018989563,1.5312471389770508,1.3554226160049438,1.5854735374450684,1.60323965549469,1.3545823097229004,1.1564428806304932,1.0568262338638306,1.058452844619751,1.1391900777816772,1.2927589416503906,1.4248464107513428,1.7844517230987549,1.7883250713348389,1.9015092849731445,1.6538872718811035,1.778023362159729,1.6679377555847168,1.8818893432617188,2.0452728271484375,1.8330726623535156,1.6687188148498535,1.5964183807373047,1.5817524194717407,1.6178321838378906,1.7975592613220215,1.74175226688385,2.082409620285034,2.0128588676452637,2.1673996448516846,1.9663400650024414,2.1216654777526855,2.05171799659729,2.271068572998047
B5,1.3995449542999268,1.0691454410552979,0.8727627992630005,0.6668630838394165,0.5910190939903259,0.675894558429718,0.8587548136711121,1.213378667831421,1.3425004482269287,1.3807933330535889,1.3280435800552368,1.024865984916687,1.127856969833374,0.9444882869720459,1.2529438734054565,1.3107918500900269,0.973541259765625,0.6223710775375366,0.3794650137424469,0.0,0.388187050819397,0.617540180683136,0.9731374382972717,1.2166712284088135,1.2492667436599731,1.2839868068695068,0.9708123207092285,1.1003721952438354,0.9459183812141418,1.2539398670196533,1.4515419006347656,1.1572718620300293,0.8331393599510193,0.6773141026496887,0.5231122374534607,0.6341841816902161,0.7577235102653503,1.0009074211120605,1.297810435295105,1.3099758625030518,1.3957105875015259,1.1285717487335205,1.2691643238067627,1.173172950744629,1.447435736656189,1.7995136976242065,1.555728793144226,1.2816061973571777,1.175297498703003,1.0504404306411743,1.084492564201355,1.12593412399292,1.2151137590408325,1.5485427379608154,1.5073374509811401,1.626696228981018,1.4169714450836182,1.562699317932129,1.521982192993164,1.7548301219940186,2.1837427616119385,1.977745771408081,1.751787543296814,1.6870945692062378,1.5890105962753296,1.6088426113128662,1.7087013721466064,1.6057852506637573,1.90682852268219,1.7967451810836792,1.9535199403762817,1.789696455001831,1.9474140405654907,1.9324450492858887,2.147162437438965
B6,1.7091840505599976,1.3525115251541138,1.1583720445632935,0.8517781496047974,0.7216821312904358,0.5729209184646606,0.7400180101394653,1.0055872201919556,1.1160435676574707,1.2527740001678467,1.2868520021438599,1.0667294263839722,1.282033920288086,1.19964599609375,1.5498247146606445,1.6711384057998657,1.3139400482177734,0.9920521974563599,0.6742233037948608,0.388187050819397,0.0,0.37370604276657104,0.6481812000274658,0.9237238168716431,1.0588765144348145,1.1998158693313599,0.9804046750068665,1.2254117727279663,1.1826521158218384,1.5344854593276978,1.7954325675964355,1.4719994068145752,1.148443579673767,0.8978676199913025,0.6679753065109253,0.52814781665802,0.5690563917160034,0.6786748766899109,1.0254535675048828,1.1154252290725708,1.3022395372390747,1.1263401508331299,1.36746346950531,1.3681504726409912,1.691810965538025,2.104933023452759,1.825026035308838,1.5266327857971191,1.3429937362670898,1.1530026197433472,1.0523306131362915,1.0267316102981567,0.9907961487770081,1.3274563550949097,1.3356916904449463,1.5368804931640625,1.4104374647140503,1.63551926612854,1.6757310628890991,1.954578161239624,2.4452731609344482,2.204383134841919,1.9412354230880737,1.818231225013733,1.6590989828109741,1.592976450920105,1.6388843059539795,1.4537543058395386,1.7298517227172852,1.6561099290847778,1.87538743019104,1.7844074964523315,1.9974627494812012,2.0534682273864746,2.3016395568847656
B7,1.9584872722625732,1.6293820142745972,1.3737714290618896,1.0902570486068726,0.8320095539093018,0.6199669241905212,0.568351149559021,0.7897544503211975,0.7978155016899109,0.9161590337753296,0.953683614730835,0.8056855797767639,1.085302472114563,1.1157898902893066,1.4902993440628052,1.9212636947631836,1.5908136367797852,1.2324283123016357,0.9796443581581116,0.617540180683136,0.37370604276657104,0.0,0.3922221064567566,0.605542004108429,0.6878160834312439,0.8566627502441406,0.7032554745674133,1.0160517692565918,1.0873979330062866,1.4600104093551636,2.0190367698669434,1.7258222103118896,1.3684064149856567,1.1658560037612915,0.8555804491043091,0.7107405066490173,0.5228845477104187,0.5586181879043579,0.8261269927024841,0.8285964727401733,1.0273163318634033,0.9196571111679077,1.1908926963806152,1.2868399620056152,1.6170752048492432,2.2963292598724365,2.0402119159698486,1.7070941925048828,1.5551713705062866,1.2991360425949097,1.1975469589233398,1.0530219078063965,0.9743151664733887,1.2301706075668335,1.1560723781585693,1.3447202444076538,1.2759612798690796,1.500212550163269,1.6098573207855225,1.8804088830947876,2.5940608978271484,2.37622332572937,2.0807101726531982,1.9877815246582031,1.7773563861846924,1.722278356552124,1.6892304420471191,1.4785401821136475,1.6867226362228394,1.553145408630371,1.7520264387130737,1.7023314237594604,1.89500093460083,1.9989869594573975,2.2220051288604736
B8,2.2507848739624023,1.913387417793274,1.6532028913497925,1.327399730682373,1.058793067932129,0.7290700674057007,0.6107069253921509,0.6062828898429871,0.5672834515571594,0.8373039960861206,1.015465259552002,0.9880144596099854,1.3352354764938354,1.4305098056793213,1.8111404180526733,2.2813563346862793,1.9389772415161133,1.590665578842163,1.308501958847046,0.9731374382972717,0.6481812000274658,0.3922221064567566,0.0,0.38637682795524597,0.624907910823822,0.9454292058944702,0.9425804018974304,1.2976281642913818,1.4365642070770264,1.8068205118179321,2.3991100788116455,2.0932528972625732,1.7443159818649292,1.5100680589675903,1.2065683603286743,0.9763237237930298,0.7487872242927551,0.5409202575683594,0.7794650197029114,0.8463311195373535,1.143308162689209,1.1593226194381714,1.4701663255691528,1.6276981830596924,1.9619115591049194,2.6746249198913574,2.4041035175323486,2.068939447402954,1.8840751647949219,1.612691879272461,1.4401696920394897,1.2547659873962402,1.0553404092788696,1.2555221319198608,1.2188410758972168,1.4705557823181152,1.4968898296356201,1.7585915327072144,1.9236197471618652,2.2045109272003174,2.9581446647644043,2.724961996078491,2.416182041168213,2.292487859725952,2.0531442165374756,1.9415961503982544,1.8635903596878052,1.5883821249008179,1.7426425218582153,1.6416609287261963,1.8837260007858276,1.9082573652267456,2.1280319690704346,2.283966541290283,2.514676332473755
B9,2.5579915046691895,2.228731393814087,1.963721513748169,1.665308952331543,1.378298044204712,1.0859988927841187,0.8926629424095154,0.8437785506248474,0.6040239334106445,0.823452889919281,0.9529482126235962,1.044213056564331,1.3805923461914062,1.549973726272583,1.9173290729522705,2.5133140087127686,2.185612440109253,1.8294291496276855,1.5719351768493652,1.2166712284088135,0.9237238168716431,0.605542004108429,0.38637682795524597,0.0,0.3921763598918915,0.7409308552742004,0.874959409236908,1.2490718364715576,1.4688714742660522,1.837575078010559,2.5633435249328613,2.270416259765625,1.902330994606018,1.681376338005066,1.3331674337387085,1.0954949855804443,0.7680504322052002,0.5255593657493591,0.5408835411071777,0.5426142811775208,0.877705454826355,1.0088096857070923,1.3477507829666138,1.583260416984558,1.9254209995269775,2.775367498397827,2.511521339416504,2.149535655975342,1.9720232486724854,1.6513816118240356,1.467137336730957,1.1973406076431274,0.9727146029472351,1.0547226667404175,0.957111120223999,1.2069406509399414,1.315190076828003,1.591516375541687,1.8227933645248413,2.109990119934082,2.9927239418029785,2.767090320587158,2.427929639816284,2.314307451248169,2.0281922817230225,1.915334701538086,1.7640573978424072,1.4777147769927979,1.5534573793411255,1.4113513231277466,1.6378936767578125,1.7181438207626343,1.9342527389526367,2.143857717514038,2.368729591369629
B10,2.5409440994262695,2.2487599849700928,1.9473350048065186,1.7043216228485107,1.3693665266036987,1.1496930122375488,0.8665218949317932,0.8694095015525818,0.5626235604286194,0.5748617053031921,0.5975950956344604,0.766352117061615,1.0846754312515259,1.3235687017440796,1.668844223022461,2.482283592224121,2.1910879611968994,1.815306305885315,1.627143383026123,1.2492667436599731,1.0588765144348145,0.6878160834312439,0.624907910823822,0.3921763598918915,0.0,0.3904929757118225,0.6104527115821838,0.963204026222229,1.247196078300476,1.5884989500045776,2.52420711517334,2.274454116821289,1.8948588371276855,1.7445348501205444,1.3847070932388306,1.2449390888214111,0.9009961485862732,0.8142848014831543,0.7643585205078125,0.5275058746337891,0.7052786350250244,0.8439639210700989,1.1204569339752197,1.393263339996338,1.6955286264419556,2.7312653064727783,2.5105795860290527,2.1434900760650635,2.030926465988159,1.7070242166519165,1.6036443710327148,1.3209812641143799,1.1926509141921997,1.2410770654678345,1.0185579061508179,1.1468994617462158,1.2319211959838867,1.430858850479126,1.6699048280715942,1.9077056646347046,2.9412429332733154,2.7591562271118164,2.4231677055358887,2.3701305389404297,2.091149091720581,2.0473766326904297,1.8910173177719116,1.6600353717803955,1.7218002080917358,1.4966025352478027,1.6357983350753784,1.6834686994552612,1.8272507190704346,2.023775339126587,2.193066358566284
B11,2.5288591384887695,2.269235610961914,1.9670284986495972,1.7891902923583984,1.457339882850647,1.3335533142089844,1.0572081804275513,1.158209204673767,0.8874369263648987,0.7353404760360718,0.5171059966087341,0.6818681359291077,0.8818577527999878,1.1559101343154907,1.4542286396026611,2.3924942016601562,2.142911195755005,1.7700320482254028,1.6518877744674683,1.2839868068695068,1.1998158693313599,0.8566627502441406,0.9454292058944702,0.7409308552742004,0.3904929757118225,0.0,0.3807075321674347,0.6553061604499817,0.996326744556427,1.302937626838684,2.3827948570251465,2.176607847213745,1.7956703901290894,1.712110161781311,1.351637840270996,1.3043842315673828,0.971268355846405,1.0269719362258911,0.9268831014633179,0.5692122578620911,0.4949776530265808,0.5983201265335083,0.7915205955505371,1.1019784212112427,1.371226191520691,2.5489754676818848,2.3676419258117676,1.998051643371582,1.9453051090240479,1.6201505661010742,1.5943081378936768,1.3082298040390015,1.285538911819458,1.3055070638656616,0.9933314323425293,0.9836981892585754,1.0195246934890747,1.1343969106674194,1.3763655424118042,1.5743989944458008,2.7247865200042725,2.581554412841797,2.247828960418701,2.250504493713379,1.9783499240875244,2.0021536350250244,1.8430756330490112,1.681252360343933,1.7365211248397827,1.443634271621704,1.490565299987793,1.4909425973892212,1.5641955137252808,1.7418659925460815,1.8664274215698242
B12,2.174590826034546,1.9252465963363647,1.6335761547088623,1.4913071393966675,1.1850422620773315,1.1420021057128906,0.9316232800483704,1.158011555671692,1.0038682222366333,0.8492945432662964,0.5905569791793823,0.5109629034996033,0.6380620002746582,0.8268769383430481,1.13852059841156,2.0149049758911133,1.7758954763412476,1.40503990650177,1.3223326206207275,0.9708123207092285,0.9804046750068665,0.7032554745674133,0.9425804018974304,0.874959409236908,0.6104527115821838,0.3807075321674347,0.0,0.37436097860336304,0.6435221433639526,0.9853779077529907,2.014963150024414,1.8178341388702393,1.4404377937316895,1.391098141670227,1.0529348850250244,1.0892442464828491,0.8275884389877319,1.007200002670288,1.0180197954177856,0.7329861521720886,0.6356790661811829,0.48025837540626526,0.6135956048965454,0.8213270306587219,1.1011067628860474,2.209897994995117,2.03776478767395,1.6811144351959229,1.6562237739562988,1.3657782077789307,1.4018710851669312,1.1826008558273315,1.2424808740615845,1.3553072214126587,1.0806633234024048,1.0580222606658936,0.954624354839325,1.0328093767166138,1.179503083229065,1.3728585243225098,2.429720640182495,2.2933809757232666,1.9835615158081055,2.005280017852783,1.777488112449646,1.8414340019226074,1.7501416206359863,1.633207082748413,1.765782117843628,1.4889800548553467,1.5312494039535522,1.441701889038086,1.5047547817230225,1.604280710220337,1.7336972951889038
B13,2.1185896396636963,1.922784686088562,1.637107014656067,1.5825170278549194,1.3023055791854858,1.362247347831726,1.176929235458374,1.4463260173797607,1.323788046836853,1.0977776050567627,0.7560871243476868,0.6161330938339233,0.48953646421432495,0.6584173440933228,0.8741832971572876,1.9026962518692017,1.726637601852417,1.3778009414672852,1.396101474761963,1.1003721952438354,1.2254117727279663,1.0160517692565918,1.2976281642913818,1.2490718364715576,0.963204026222229,0.6553061604499817,0.37436097860336304,0.0,0.38223138451576233,0.6478726863861084,1.8717033863067627,1.7402790784835815,1.3855946063995361,1.4347846508026123,1.1474367380142212,1.2929567098617554,1.0980144739151,1.3444255590438843,1.3489702939987183,1.0486445426940918,0.8373028635978699,0.5976647138595581,0.47166499495506287,0.602074384689331,0.7848723530769348,2.046398401260376,1.9339144229888916,1.5995181798934937,1.659419298171997,1.409618854522705,1.5407252311706543,1.364282250404358,1.5082945823669434,1.6156854629516602,1.3162078857421875,1.1942178010940552,1.0103869438171387,0.9467851519584656,1.0151779651641846,1.117894172668457,2.2576169967651367,2.1760082244873047,1.8942060470581055,1.9862606525421143,1.7990670204162598,1.938593864440918,1.8751904964447021,1.8296033143997192,1.970033049583435,1.6640594005584717,1.6276204586029053,1.470157265663147,1.4436044692993164,1.4723243713378906,1.5313653945922852
