,A1,A2,A3,A4,A5,A6,A7,A8,A9,A10,A11,A12,A13,A14,A15,B1,B2,B3,B4,B5,B6,B7,B8,B9,B10,B11,B12,B13,B14,B15,C1,C2,C3,C4,C5,C6,C7,C8,C9,C10,C11,C12,C13,C14,C15,D1,D2,D3,D4,D5,D6,D7,D8,D9,D10,D11,D12,D13,D14,D15,E1,E2,E3,E4,E5,E6,E7,E8,E9,E10,E11,E12,E13,E14,E15
A1,0.0,0.386097252368927,0.5961820483207703,0.9215900897979736,1.2176218032836914,1.561050295829773,1.8312486410140991,2.182401657104492,2.4388294219970703,2.373042106628418,2.276930809020996,1.8939542770385742,1.7887619733810425,1.4237773418426514,1.415787935256958,0.8046861886978149,0.8251315355300903,0.9113590717315674,1.1144427061080933,1.3618803024291992,1.6826016902923584,1.9163390398025513,2.2483417987823486,2.543147087097168,2.478602647781372,2.429588794708252,2.0722908973693848,1.998591661453247,1.6833640336990356,1.6959896087646484,1.3261839151382446,1.303613543510437,1.3394137620925903,1.4646514654159546,1.6546465158462524,1.9088109731674194,2.110267162322998,2.3831677436828613,2.690673351287842,2.6618242263793945,2.6394903659820557,2.3093101978302,2.2710907459259033,2.01112699508667,2.046785593032837,1.8798224925994873,1.8382203578948975,1.8140538930892944,1.8940074443817139,2.023956298828125,2.2146964073181152,2.3762943744659424,2.564439058303833,2.9015161991119385,2.8762855529785156,2.8881382942199707,2.5876710414886475,2.5899932384490967,2.375462293624878,2.43741774559021,2.427792549133301,2.352729558944702,2.333936929702759,2.383070945739746,2.4815444946289062,2.625443935394287,2.8015286922454834,2.8418185710906982,3.1573941707611084,3.070465564727783,3.1519811153411865,2.890681266784668,2.959520101547241,2.7860348224639893,2.8951613903045654
A2,0.386097252368927,0.0,0.38405489921569824,0.6007273197174072,0.9461066126823425,1.2531745433807373,1.5526865720748901,1.893252968788147,2.142230749130249,2.1138319969177246,2.0426039695739746,1.6640267372131348,1.6197324991226196,1.2725898027420044,1.3625057935714722,0.7923544645309448,0.6310453414916992,0.6399418711662292,0.7557522654533386,1.016196370124817,1.3171226978302002,1.5776662826538086,1.9039311408996582,2.2069942951202393,2.1768264770507812,2.157580614089966,1.8074259757995605,1.788060188293457,1.4947277307510376,1.589927315711975,1.2649234533309937,1.1329842805862427,1.1083924770355225,1.1561843156814575,1.3281652927398682,1.5494617223739624,1.760607361793518,2.0201363563537598,2.340618371963501,2.342280626296997,2.3522346019744873,2.0345938205718994,2.046835422515869,1.8147046566009521,1.9184280633926392,1.8067032098770142,1.689432978630066,1.6130234003067017,1.632142186164856,1.7293299436569214,1.8802553415298462,2.0362865924835205,2.202677011489868,2.5494537353515625,2.549391984939575,2.5925045013427734,2.3098955154418945,2.357402801513672,2.1750564575195312,2.2913379669189453,2.3373849391937256,2.2074272632598877,2.142063617706299,2.1474480628967285,2.2083468437194824,2.316075563430786,2.4779489040374756,2.491706371307373,2.8105621337890625,2.745021104812622,2.855832815170288,2.6178131103515625,2.7243988513946533,2.5862674713134766,2.7354705333709717
A3,0.5961820483207703,0.38405489921569824,0.0,0.38617512583732605,0.6233980655670166,0.9798676371574402,1.2356102466583252,1.5913944244384766,1.843461036682129,1.785109519958496,1.7172532081604004,1.3406734466552734,1.302966833114624,0.9799776673316956,1.1059198379516602,1.041678786277771,0.8497312068939209,0.6687951683998108,0.7620998024940491,0.8716095089912415,1.1703662872314453,1.3562084436416626,1.6791563034057617,1.9751393795013428,1.9079440832138062,1.891405463218689,1.5561500787734985,1.5410388708114624,1.291703224182129,1.4032572507858276,1.461997389793396,1.3119142055511475,1.1796773672103882,1.2195472717285156,1.280376672744751,1.4875255823135376,1.620375394821167,1.8666563034057617,2.172104835510254,2.1361494064331055,2.1462790966033936,1.8509663343429565,1.8641629219055176,1.678726077079773,1.7856124639511108,1.9705493450164795,1.84855318069458,1.7039451599121094,1.729346513748169,1.7470234632492065,1.885908842086792,1.9712886810302734,2.117126226425171,2.4387900829315186,2.400822401046753,2.442230701446533,2.183105945587158,2.225701332092285,2.0839362144470215,2.1919963359832764,2.4679126739501953,2.342101573944092,2.227973222732544,2.2519967555999756,2.257134199142456,2.3644485473632812,2.469709873199463,2.461304187774658,2.7451069355010986,2.6492152214050293,2.75937557220459,2.5412299633026123,2.6359665393829346,2.5281927585601807,2.6540188789367676
A4,0.9215900897979736,0.6007273197174072,0.38617512583732605,0.0,0.39235877990722656,0.6547871828079224,0.9744169116020203,1.2977664470672607,1.5657072067260742,1.5750868320465088,1.5727941989898682,1.2219961881637573,1.2958027124404907,1.04466712474823,1.2819709777832031,1.2670950889587402,0.9787852764129639,0.7355733513832092,0.6242501735687256,0.6510969996452332,0.8577806949615479,1.0640876293182373,1.3526573181152344,1.6801389455795288,1.6710028648376465,1.7216969728469849,1.4193074703216553,1.49761164188385,1.3134480714797974,1.520485281944275,1.6293535232543945,1.396277666091919,1.2110587358474731,1.132490634918213,1.1295125484466553,1.2457956075668335,1.3639066219329834,1.5597139596939087,1.8925585746765137,1.905730962753296,1.9781466722488403,1.7209711074829102,1.8118257522583008,1.6850050687789917,1.867950201034546,2.1061244010925293,1.918015956878662,1.7278268337249756,1.673788070678711,1.6374585628509521,1.6994374990463257,1.758083462715149,1.846967339515686,2.1793317794799805,2.1800172328948975,2.2761716842651367,2.057879686355591,2.1642274856567383,2.0770318508148193,2.244338035583496,2.5746419429779053,2.3971426486968994,2.2381789684295654,2.2068538665771484,2.1611673831939697,2.2094390392303467,2.2851614952087402,2.224458932876587,2.5051779747009277,2.4440081119537354,2.601487874984741,2.426271438598633,2.569777488708496,2.513713836669922,2.680948257446289
A5,1.2176218032836914,0.9461066126823425,0.6233980655670166,0.39235877990722656,0.0,0.3878389894962311,0.6151273846626282,0.9688645601272583,1.228939414024353,1.2040965557098389,1.2160431146621704,0.882438600063324,1.0076351165771484,0.8473103642463684,1.1443915367126465,1.5409902334213257,1.2558205127716064,0.9299071431159973,0.8216186165809631,0.641082227230072,0.7832342982292175,0.8444487452507019,1.1168025732040405,1.4222983121871948,1.3667784929275513,1.4284647703170776,1.1622475385665894,1.2671021223068237,1.1691298484802246,1.4039827585220337,1.8501118421554565,1.6143933534622192,1.3558043241500854,1.2777682542800903,1.154723048210144,1.2373859882354736,1.2418960332870483,1.4095929861068726,1.7086156606674194,1.6752105951309204,1.7514698505401611,1.5356107950210571,1.6371841430664062,1.5805847644805908,1.7720979452133179,2.280883312225342,2.0927133560180664,1.8487348556518555,1.8029541969299316,1.6877604722976685,1.732946515083313,1.7063745260238647,1.7676713466644287,2.0566067695617676,2.0119545459747314,2.106372117996216,1.9253450632095337,2.0299911499023438,1.9971294403076172,2.158757448196411,2.7048256397247314,2.532914400100708,2.3307671546936035,2.3177552223205566,2.2168924808502197,2.2638137340545654,2.275266408920288,2.1937124729156494,2.425436019897461,2.330361843109131,2.4844272136688232,2.338045597076416,2.4688639640808105,2.451450824737549,2.5955841541290283
A6,1.561050295829773,1.2531745433807373,0.9798676371574402,0.6547871828079224,0.3878389894962311,0.0,0.3805128037929535,0.6480375528335571,0.9362244606018066,1.0176680088043213,1.1379146575927734,0.8919849395751953,1.1462925672531128,1.094883918762207,1.439845323562622,1.8410719633102417,1.5161691904067993,1.1868791580200195,0.9697287678718567,0.7047361135482788,0.6312990784645081,0.622316300868988,0.791610062122345,1.1373223066329956,1.1586142778396606,1.320595383644104,1.1340222358703613,1.345085859298706,1.3375070095062256,1.6340221166610718,2.1085078716278076,1.8265986442565918,1.5432054996490479,1.3800241947174072,1.1886653900146484,1.1468037366867065,1.088484525680542,1.1558797359466553,1.4708564281463623,1.4915783405303955,1.6476762294769287,1.5021718740463257,1.6854627132415771,1.7025171518325806,1.9513808488845825,2.5041017532348633,2.2713463306427,1.9967588186264038,1.8873704671859741,1.7167201042175293,1.6759896278381348,1.5985896587371826,1.5770578384399414,1.855595588684082,1.8481059074401855,2.0052287578582764,1.8870912790298462,2.0547444820404053,2.0863306522369385,2.2951860427856445,2.8932559490203857,2.6834888458251953,2.4447288513183594,2.385423183441162,2.2324271202087402,2.2182095050811768,2.1844842433929443,2.0415947437286377,2.250225067138672,2.1900696754455566,2.3929262161254883,2.30359148979187,2.4783899784088135,2.5186774730682373,2.694413423538208
A7,1.8312486410140991,1.5526865720748901,1.2356102466583252,0.9744169116020203,0.6151273846626282,0.3805128037929535,0.0,0.38662421703338623,0.6257506608963013,0.6492613554000854,0.8112321496009827,0.6491751074790955,0.9705871343612671,1.0484267473220825,1.4038769006729126,2.084859848022461,1.7744359970092773,1.4109407663345337,1.2362589836120605,0.8998185992240906,0.8035081028938293,0.5922560691833496,0.6903725266456604,0.9532248377799988,0.8942426443099976,1.069985032081604,0.9606503844261169,1.1938742399215698,1.2878053188323975,1.58546781539917,2.311192035675049,2.0413296222686768,1.7190512418746948,1.5812922716140747,1.3194046020507812,1.268297553062439,1.095859169960022,1.1292483806610107,1.3668339252471924,1.3172149658203125,1.466660976409912,1.3812243938446045,1.56419038772583,1.6541070938110352,1.8960012197494507,2.663912534713745,2.44236159324646,2.135467290878296,2.0477280616760254,1.8234941959381104,1.7833119630813599,1.6294525861740112,1.5914908647537231,1.8021240234375,1.7340824604034424,1.8760998249053955,1.8017925024032593,1.9560343027114868,2.039721727371216,2.2325079441070557,3.009446144104004,2.8135857582092285,2.546522378921509,2.5127832889556885,2.3207099437713623,2.3163211345672607,2.2252399921417236,2.0773959159851074,2.2260332107543945,2.1232433319091797,2.3087873458862305,2.247861862182617,2.3992316722869873,2.473688840866089,2.6192572116851807
A8,2.182401657104492,1.893252968788147,1.5913944244384766,1.2977664470672607,0.9688645601272583,0.6480375528335571,0.38662421703338623,0.0,0.39287659525871277,0.6043559312820435,0.9220715761184692,0.9133082628250122,1.2737888097763062,1.4110851287841797,1.7659454345703125,2.4452929496765137,2.1195621490478516,1.7633378505706787,1.5462919473648071,1.2049932479858398,1.0014138221740723,0.740023672580719,0.6077848672866821,0.842682421207428,0.868915855884552,1.156062364578247,1.1662273406982422,1.453962802886963,1.609645128250122,1.9222204685211182,2.660141944885254,2.3699610233306885,2.043314218521118,1.8637820482254028,1.576489806175232,1.4413458108901978,1.2164058685302734,1.1212269067764282,1.3274028301239014,1.323535680770874,1.5474402904510498,1.5521376132965088,1.7857344150543213,1.9334663152694702,2.1983134746551514,2.9949333667755127,2.750715494155884,2.430966854095459,2.305953025817871,2.05014705657959,1.9462686777114868,1.7481276988983154,1.626292109489441,1.7956937551498413,1.7560155391693115,1.951749324798584,1.950525164604187,2.146205425262451,2.2839531898498535,2.4993021488189697,3.3167648315429688,3.100019693374634,2.81174373626709,2.747960090637207,2.5194931030273438,2.4666507244110107,2.3323440551757812,2.1301093101501465,2.2370173931121826,2.165283441543579,2.388521671295166,2.387908935546875,2.566540241241455,2.6904125213623047,2.8495378494262695
A9,2.4388294219970703,2.142230749130249,1.843461036682129,1.5657072067260742,1.228939414024353,0.9362244606018066,0.6257506608963013,0.39287659525871277,0.0,0.38557469844818115,0.7376865744590759,0.8734310865402222,1.2531810998916626,1.4701961278915405,1.826567530632019,2.6040680408477783,2.276148557662964,1.9047421216964722,1.696074366569519,1.3198374509811401,1.0945665836334229,0.7451831102371216,0.5405068397521973,0.5709460377693176,0.5533642768859863,0.8879532814025879,1.0146398544311523,1.3362003564834595,1.5717746019363403,1.8970588445663452,2.749891757965088,2.455242156982422,2.1017894744873047,1.9225469827651978,1.5842325687408447,1.4252078533172607,1.119379997253418,0.9858705997467041,1.0825490951538086,1.0301910638809204,1.268230676651001,1.354257583618164,1.6120728254318237,1.8285871744155884,2.108126640319824,3.021315813064575,2.7711551189422607,2.4247324466705322,2.299217700958252,1.9961367845535278,1.8770637512207031,1.6152726411819458,1.4750382900238037,1.5664745569229126,1.4833184480667114,1.6774864196777344,1.7342485189437866,1.9401122331619263,2.134380578994751,2.358053207397461,3.2833237648010254,3.0646400451660156,2.747738838195801,2.689598798751831,2.4211177825927734,2.363741159439087,2.175509214401245,1.9699467420578003,2.0153017044067383,1.9149985313415527,2.1286497116088867,2.168189287185669,2.3423192501068115,2.5097291469573975,2.663414478302002
A10,2.373042106628418,2.1138319969177246,1.785109519958496,1.5750868320465088,1.2040965557098389,1.0176680088043213,0.6492613554000854,0.6043559312820435,0.38557469844818115,0.0,0.3902773857116699,0.6113223433494568,0.9579057693481445,1.2384717464447021,1.5633825063705444,2.527557849884033,2.2328269481658936,1.847230076789856,1.710332989692688,1.3282995223999023,1.2054362297058105,0.8451882004737854,0.8057771921157837,0.7760922312736511,0.5308448672294617,0.7067045569419861,0.8336782455444336,1.0877549648284912,1.3584922552108765,1.642443299293518,2.6620383262634277,2.4043047428131104,2.0408828258514404,1.9270187616348267,1.5864553451538086,1.512850284576416,1.2035149335861206,1.179118037223816,1.2273833751678467,1.0466843843460083,1.1694979667663574,1.2310068607330322,1.41459059715271,1.6393694877624512,1.871650218963623,2.9202842712402344,2.7083237171173096,2.3602242469787598,2.2932162284851074,1.9943032264709473,1.9453282356262207,1.6825072765350342,1.6210345029830933,1.691020131111145,1.5205516815185547,1.6274555921554565,1.6513639688491821,1.786728858947754,1.97079598903656,2.144073486328125,3.171761989593506,2.9910528659820557,2.6807432174682617,2.676273822784424,2.422149896621704,2.4244072437286377,2.240861654281616,2.0932931900024414,2.129258632659912,1.9598267078399658,2.107358455657959,2.109241008758545,2.223165988922119,2.3671114444732666,2.469527006149292
A11,2.276930809020996,2.0426039695739746,1.7172532081604004,1.5727941989898682,1.2160431146621704,1.1379146575927734,0.8112321496009827,0.9220715761184692,0.7376865744590759,0.3902773857116699,0.0,0.38517194986343384,0.6487969160079956,0.9849369525909424,1.2780694961547852,2.3546395301818848,2.090787410736084,1.704183578491211,1.6344780921936035,1.2643026113510132,1.2369240522384644,0.9044991135597229,1.0052525997161865,0.9351955056190491,0.5764758586883545,0.4968796968460083,0.574551522731781,0.7428521513938904,1.050216555595398,1.3040120601654053,2.4457476139068604,2.219921588897705,1.8508588075637817,1.7966129779815674,1.4588122367858887,1.4662548303604126,1.1714181900024414,1.2582042217254639,1.268056869506836,0.9921347498893738,0.9805080890655518,0.9883280992507935,1.0929771661758423,1.3201870918273926,1.5180493593215942,2.6679608821868896,2.4869821071624756,2.138585090637207,2.1233720779418945,1.8303271532058716,1.8487941026687622,1.5953056812286377,1.619722843170166,1.6772706508636475,1.4381206035614014,1.4535995721817017,1.4270870685577393,1.4943134784698486,1.660701036453247,1.7958725690841675,2.894432306289673,2.744657278060913,2.4403586387634277,2.4828274250030518,2.24424147605896,2.303420066833496,2.1316404342651367,2.0491833686828613,2.0862371921539307,1.8576542139053345,1.938471794128418,1.8931337594985962,1.9535175561904907,2.0687408447265625,2.1341161727905273
A12,1.8939542770385742,1.6640267372131348,1.3406734466552734,1.2219961881637573,0.882438600063324,0.8919849395751953,0.6491751074790955,0.9133082628250122,0.8734310865402222,0.6113223433494568,0.38517194986343384,0.0,0.38401272892951965,0.6344543695449829,0.9698243141174316,1.984171748161316,1.7257355451583862,1.3393622636795044,1.2964848279953003,0.9484338164329529,1.0086714029312134,0.7568079233169556,0.9905040860176086,1.044630527496338,0.7607893347740173,0.6674354076385498,0.489112913608551,0.5996330976486206,0.7847728133201599,1.053260326385498,2.109534502029419,1.8911921977996826,1.5340889692306519,1.503061294555664,1.2050516605377197,1.2780455350875854,1.0634374618530273,1.2363425493240356,1.3406422138214111,1.1161763668060303,1.0895318984985352,0.9591460824012756,1.0287355184555054,1.1485546827316284,1.341724157333374,2.3777146339416504,2.2054355144500732,1.8766928911209106,1.8782607316970825,1.6306641101837158,1.6920716762542725,1.5067660808563232,1.5843455791473389,1.7225342988967896,1.5222532749176025,1.5317811965942383,1.4144545793533325,1.4671789407730103,1.549619197845459,1.6823910474777222,2.657158374786377,2.512202739715576,2.2355258464813232,2.2844691276550293,2.091050863265991,2.1750288009643555,2.065042734146118,2.0098350048065186,2.1164681911468506,1.905989170074463,1.9877570867538452,1.8802076578140259,1.9447799921035767,1.997696042060852,2.0775372982025146
A13,1.7887619733810425,1.6197324991226196,1.302966833114624,1.2958027124404907,1.0076351165771484,1.1462925672531128,0.9705871343612671,1.2737888097763062,1.2531810998916626,0.9579057693481445,0.6487969160079956,0.38401272892951965,0.0,0.38419345021247864,0.629762589931488,1.840722680091858,1.6434773206710815,1.2782121896743774,1.3452333211898804,1.0676312446594238,1.243504285812378,1.0682448148727417,1.352606177330017,1.3966537714004517,1.0898388624191284,0.8822023868560791,0.6377375721931458,0.4891568124294281,0.5863893032073975,0.738997757434845,1.9502310752868652,1.7931956052780151,1.4561951160430908,1.520747423171997,1.2769725322723389,1.4507359266281128,1.2949285507202148,1.5374524593353271,1.6248198747634888,1.3624141216278076,1.2332230806350708,1.0313869714736938,0.9561809301376343,0.9974454641342163,1.0897525548934937,2.205761671066284,2.090254068374634,1.7859442234039307,1.864372730255127,1.6608725786209106,1.806016206741333,1.663008689880371,1.814875602722168,1.9506556987762451,1.7144967317581177,1.6427764892578125,1.4617780447006226,1.4160739183425903,1.4290944337844849,1.4818781614303589,2.4843790531158447,2.3903141021728516,2.144629955291748,2.254674196243286,2.1060431003570557,2.2553653717041016,2.1797492504119873,2.188918113708496,2.3056623935699463,2.057427406311035,2.073617696762085,1.9075863361358643,1.9040303230285645,1.8939900398254395,1.9159008264541626
A14,1.4237773418426514,1.2725898027420044,0.9799776673316956,1.04466712474823,0.8473103642463684,1.094883918762207,1.0484267473220825,1.4110851287841797,1.4701961278915405,1.2384717464447021,0.9849369525909424,0.6344543695449829,0.38419345021247864,0.0,0.3810211718082428,1.4700595140457153,1.2934913635253906,0.9462727904319763,1.0820635557174683,0.8929294347763062,1.1711018085479736,1.1153478622436523,1.4619723558425903,1.5796873569488525,1.3369710445404053,1.1573354005813599,0.8272478580474854,0.6584567427635193,0.4951397776603699,0.6042383313179016,1.620322823524475,1.4838008880615234,1.179211974143982,1.29070246219635,1.1310324668884277,1.3757892847061157,1.3224626779556274,1.615493655204773,1.7666943073272705,1.560099720954895,1.440395474433899,1.1594172716140747,1.0650614500045776,0.9654523134231567,1.0327733755111694,1.9312986135482788,1.832584023475647,1.565723180770874,1.6692169904708862,1.5360376834869385,1.7256993055343628,1.6639797687530518,1.8566582202911377,2.0532310009002686,1.8627086877822876,1.7958904504776,1.551300287246704,1.5000461339950562,1.4208831787109375,1.468819260597229,2.2714529037475586,2.185751438140869,1.9814434051513672,2.097291946411133,2.0071468353271484,2.178704023361206,2.16965651512146,2.2053732872009277,2.3806252479553223,2.1597859859466553,2.179664134979248,1.9657450914382935,1.9706352949142456,1.8981765508651733,1.93940269947052
A15,1.415787935256958,1.3625057935714722,1.1059198379516602,1.2819709777832031,1.1443915367126465,1.439845323562622,1.4038769006729126,1.7659454345703125,1.826567530632019,1.5633825063705444,1.2780694961547852,0.9698243141174316,0.629762589931488,0.3810211718082428,0.0,1.439741849899292,1.361286997795105,1.0853074789047241,1.3194410800933838,1.211974859237671,1.5267646312713623,1.4940091371536255,1.8424348831176758,1.9463063478469849,1.680456280708313,1.4561268091201782,1.1401864290237427,0.8756642937660217,0.656876802444458,0.509760320186615,1.5811916589736938,1.5353138446807861,1.2888184785842896,1.4905503988265991,1.396903395652771,1.6903456449508667,1.66598641872406,1.9787017107009888,2.111508369445801,1.8797860145568848,1.7072073221206665,1.411635160446167,1.2245910167694092,1.0591113567352295,0.9833475947380066,1.87787926197052,1.8560901880264282,1.6385823488235474,1.816978096961975,1.7368736267089844,1.9833089113235474,1.951690435409546,2.182112216949463,2.3675572872161865,2.1534297466278076,2.0346007347106934,1.7611961364746094,1.6329797506332397,1.492476463317871,1.4452614784240723,2.2173430919647217,2.1955699920654297,2.038412094116211,2.212270736694336,2.170947790145874,2.3926050662994385,2.4104678630828857,2.491241931915283,2.666198253631592,2.4212121963500977,2.391514539718628,2.140859365463257,2.085331678390503,1.955335021018982,1.9326910972595215
B1,0.8046861886978149,0.7923544645309448,1.041678786277771,1.2670950889587402,1.5409902334213257,1.8410719633102417,2.084859848022461,2.4452929496765137,2.6040680408477783,2.527557849884033,2.3546395301818848,1.984171748161316,1.840722680091858,1.4700595140457153,1.439741849899292,0.0,0.38100847601890564,0.7043266296386719,1.0033891201019287,1.3261642456054688,1.6792227029800415,1.9470818042755127,2.3209388256073,2.54182767868042,2.475376844406128,2.3524372577667236,1.9740568399429321,1.8556690216064453,1.4826823472976685,1.4697223901748657,0.5291842222213745,0.6003511548042297,0.8007684350013733,1.044248104095459,1.3453595638275146,1.6736310720443726,1.942270040512085,2.282806158065796,2.536752462387085,2.50301456451416,2.4171876907348633,2.0472941398620605,1.9671772718429565,1.632422685623169,1.6535553932189941,1.0871063470840454,1.0727055072784424,1.137213110923767,1.2877988815307617,1.519656777381897,1.7932647466659546,2.0290472507476807,2.30436110496521,2.6219542026519775,2.5944485664367676,2.548731803894043,2.2005600929260254,2.169182300567627,1.8836778402328491,1.944923996925354,1.6450129747390747,1.5801163911819458,1.6196948289871216,1.700941562652588,1.879152536392212,2.08516263961792,2.322571277618408,2.4548380374908447,2.7819976806640625,2.6850063800811768,2.709869623184204,2.4005589485168457,2.4480156898498535,2.217177629470825,2.3470122814178467
B2,0.8251315355300903,0.6310453414916992,0.8497312068939209,0.9787852764129639,1.2558205127716064,1.5161691904067993,1.7744359970092773,2.1195621490478516,2.276148557662964,2.2328269481658936,2.090787410736084,1.7257355451583862,1.6434773206710815,1.2934913635253906,1.361286997795105,0.38100847601890564,0.0,0.3879070580005646,0.629097044467926,0.9732440710067749,1.3099597692489624,1.5972015857696533,1.9622160196304321,2.1938905715942383,2.157961845397949,2.070594072341919,1.7005027532577515,1.6416288614273071,1.2971034049987793,1.380324363708496,0.677975594997406,0.5030573010444641,0.5713269710540771,0.7200947403907776,1.013354778289795,1.3165777921676636,1.5934237241744995,1.9199458360671997,2.1914262771606445,2.185992479324341,2.1392414569854736,1.783901333808899,1.7631134986877441,1.4679125547409058,1.5728102922439575,1.1965364217758179,1.0594722032546997,1.0178706645965576,1.0777877569198608,1.258072853088379,1.486387014389038,1.7106025218963623,1.9593706130981445,2.291679859161377,2.287541627883911,2.2813615798950195,1.9552475214004517,1.978971242904663,1.740576148033142,1.8673142194747925,1.7213858366012573,1.58031165599823,1.5391806364059448,1.5607045888900757,1.6769678592681885,1.8364367485046387,2.0498058795928955,2.1423001289367676,2.474074125289917,2.397364377975464,2.462263584136963,2.182859182357788,2.2768325805664062,2.0965309143066406,2.26936674118042
B3,0.9113590717315674,0.6399418711662292,0.6687951683998108,0.7355733513832092,0.9299071431159973,1.1868791580200195,1.4109407663345337,1.7633378505706787,1.9047421216964722,1.847230076789856,1.704183578491211,1.3393622636795044,1.2782121896743774,0.9462727904319763,1.0853074789047241,0.7043266296386719,0.3879070580005646,0.0,0.37806522846221924,0.6277192234992981,0.9982022047042847,1.2445021867752075,1.621863603591919,1.8450510501861572,1.7863669395446777,1.7014703750610352,1.3316951990127563,1.2921448945999146,0.9732286930084229,1.1195834875106812,0.9264710545539856,0.6945135593414307,0.5119636058807373,0.6064750552177429,0.7605417966842651,1.0703462362289429,1.288231611251831,1.618422269821167,1.8835667371749878,1.8515377044677734,1.8108879327774048,1.4655357599258423,1.4642785787582397,1.2127902507781982,1.3599010705947876,1.3743332624435425,1.2042627334594727,1.037552833557129,1.0735437870025635,1.1310566663742065,1.3373839855194092,1.487111210823059,1.718738317489624,2.0375773906707764,2.003251075744629,2.0046722888946533,1.6976416110992432,1.7353436946868896,1.546144962310791,1.692535400390625,1.8432307243347168,1.6869466304779053,1.5627959966659546,1.5876976251602173,1.6166951656341553,1.7622085809707642,1.9080114364624023,1.9681768417358398,2.2712278366088867,2.1682679653167725,2.244309902191162,1.988142728805542,2.086954355239868,1.9507684707641602,2.1181418895721436
B4,1.1144427061080933,0.7557522654533386,0.7620998024940491,0.6242501735687256,0.8216186165809631,0.9697287678718567,1.2362589836120605,1.5462919473648071,1.696074366569519,1.710332989692688,1.6344780921936035,1.2964848279953003,1.3452333211898804,1.0820635557174683,1.3194410800933838,1.0033891201019287,0.629097044467926,0.37806522846221924,0.0,0.38923951983451843,0.6849303841590881,0.9970496892929077,1.344152569770813,1.5994844436645508,1.6124720573425293,1.6018686294555664,1.2665832042694092,1.3352783918380737,1.0970900058746338,1.3414424657821655,1.1954851150512695,0.879755437374115,0.6627991199493408,0.5110589265823364,0.5982388854026794,0.7972056865692139,1.0430772304534912,1.329911231994629,1.6366372108459473,1.6721569299697876,1.7065790891647339,1.4023140668869019,1.4987378120422363,1.32094144821167,1.5526981353759766,1.6004756689071655,1.354358434677124,1.1459861993789673,1.0532362461090088,1.0469263792037964,1.1442606449127197,1.2839347124099731,1.4542388916015625,1.802700161933899,1.8255493640899658,1.8966315984725952,1.6351041793823242,1.7557569742202759,1.632765293121338,1.848240852355957,2.033217430114746,1.8155828714370728,1.6453135013580322,1.5875904560089111,1.5577055215835571,1.6206306219100952,1.7435282468795776,1.739722728729248,2.05501127243042,2.002040147781372,2.1403462886810303,1.9339441061019897,2.0974788665771484,2.0224716663360596,2.2398977279663086
B5,1.3618803024291992,1.016196370124817,0.8716095089912415,0.6510969996452332,0.641082227230072,0.7047361135482788,0.8998185992240906,1.2049932479858398,1.3198374509811401,1.3282995223999023,1.2643026113510132,0.9484338164329529,1.0676312446594238,0.8929294347763062,1.211974859237671,1.3261642456054688,0.9732440710067749,0.6277192234992981,0.38923951983451843,0.0,0.38855352997779846,0.6248728632926941,0.9951136708259583,1.2362698316574097,1.2287921905517578,1.2377641201019287,0.9229134321212769,1.057143211364746,0.912821352481842,1.2288682460784912,1.478615164756775,1.1680034399032593,0.857951819896698,0.6890493035316467,0.5201706290245056,0.6400895714759827,0.754416286945343,1.0335111618041992,1.3289798498153687,1.3352316617965698,1.3918516635894775,1.1230982542037964,1.2667874097824097,1.1782201528549194,1.45282781124115,1.825494647026062,1.5744835138320923,1.2936354875564575,1.1928470134735107,1.0550493001937866,1.1006040573120117,1.1203279495239258,1.2490452527999878,1.5678293704986572,1.55447256565094,1.6428768634796143,1.4239234924316406,1.5700606107711792,1.5224311351776123,1.7552533149719238,2.1992733478546143,1.9797080755233765,1.748522162437439,1.6987782716751099,1.5835496187210083,1.625440001487732,1.6602686643600464,1.6142127513885498,1.8808298110961914,1.7988927364349365,1.951703667640686,1.7855736017227173,1.9546009302139282,1.9373230934143066,2.1451125144958496
B6,1.6826016902923584,1.3171226978302002,1.1703662872314453,0.8577806949615479,0.7832342982292175,0.6312990784645081,0.8035081028938293,1.0014138221740723,1.0945665836334229,1.2054362297058105,1.2369240522384644,1.0086714029312134,1.243504285812378,1.1711018085479736,1.5267646312713623,1.6792227029800415,1.3099597692489624,0.9982022047042847,0.6849303841590881,0.38855352997779846,0.0,0.37851300835609436,0.669006884098053,0.9474706649780273,1.0470764636993408,1.1668423414230347,0.9492217898368835,1.2014038562774658,1.168444275856018,1.5251165628433228,1.81001615524292,1.4693495035171509,1.1639114618301392,0.9026679992675781,0.6564982533454895,0.5207983255386353,0.549852728843689,0.7105336785316467,1.057671070098877,1.1512078046798706,1.3124196529388428,1.1345765590667725,1.3791686296463013,1.383903980255127,1.7068610191345215,2.1190056800842285,1.82843816280365,1.528174877166748,1.3484607934951782,1.1431151628494263,1.052005648612976,1.0005370378494263,1.0095795392990112,1.3371270895004272,1.3842846155166626,1.559044599533081,1.4214779138565063,1.6482585668563843,1.680624008178711,1.9600014686584473,2.450942277908325,2.1935410499572754,1.9273420572280884,1.8181699514389038,1.6390693187713623,1.593520998954773,1.5704526901245117,1.437687873840332,1.6858224868774414,1.6552064418792725,1.875586748123169,1.782637596130371,2.007992744445801,2.0607171058654785,2.3017752170562744
B7,1.9163390398025513,1.5776662826538086,1.3562084436416626,1.0640876293182373,0.8444487452507019,0.622316300868988,0.5922560691833496,0.740023672580719,0.7451831102371216,0.8451882004737854,0.9044991135597229,0.7568079233169556,1.0682448148727417,1.1153478622436523,1.4940091371536255,1.9470818042755127,1.5972015857696533,1.2445021867752075,0.9970496892929077,0.6248728632926941,0.37851300835609436,0.0,0.393974244594574,0.629420280456543,0.6825550198554993,0.8503114581108093,0.7133074998855591,1.033042311668396,1.1199538707733154,1.4907078742980957,2.0605340003967285,1.7407302856445312,1.397692084312439,1.1842948198318481,0.8598338961601257,0.7165351510047913,0.5088353753089905,0.5890498757362366,0.8673559427261353,0.8905025720596313,1.0780768394470215,0.97708660364151,1.2495217323303223,1.3496465682983398,1.6740137338638306,2.3358778953552246,2.062804937362671,1.7298585176467896,1.5814690589904785,1.311973214149475,1.216848611831665,1.0454823970794678,1.0080955028533936,1.2497245073318481,1.2263104915618896,1.4040842056274414,1.3279268741607666,1.5544180870056152,1.6573814153671265,1.924843192100525,2.625948667526245,2.385859966278076,2.0887808799743652,2.0098140239715576,1.7823646068572998,1.7432023286819458,1.6403497457504272,1.487075924873352,1.6555176973342896,1.5765560865402222,1.7902590036392212,1.7395472526550293,1.9458787441253662,2.045900821685791,2.2565932273864746
B8,2.2483417987823486,1.9039311408996582,1.6791563034057617,1.3526573181152344,1.1168025732040405,0.791610062122345,0.6903725266456604,0.6077848672866821,0.5405068397521973,0.8057771921157837,1.0052525997161865,0.9905040860176086,1.352606177330017,1.4619723558425903,1.8424348831176758,2.3209388256073,1.9622160196304321,1.621863603591919,1.344152569770813,0.9951136708259583,0.669006884098053,0.393974244594574,0.0,0.3927672505378723,0.6295948624610901,0.9492377042770386,0.9646785259246826,1.3241431713104248,1.4766075611114502,1.8469569683074951,2.4371938705444336,2.104677438735962,1.7691614627838135,1.5226575136184692,1.1970534324645996,0.9589716196060181,0.6961594820022583,0.5173241496086121,0.7678316831588745,0.8787779211997986,1.1751197576522827,1.1964852809906006,1.5142734050750732,1.676774263381958,2.0107421875,2.6995134353637695,2.408809185028076,2.071753978729248,1.8869187831878662,1.5934621095657349,1.4195963144302368,1.1954033374786377,1.027051329612732,1.2119477987289429,1.2368311882019043,1.4911229610443115,1.5122205018997192,1.782390832901001,1.945347547531128,2.22829532623291,2.966043710708618,2.7074596881866455,2.393678903579712,2.2814574241638184,2.017132520675659,1.9164022207260132,1.7604621648788452,1.5320217609405518,1.6454707384109497,1.613272786140442,1.878361701965332,1.9052926301956177,2.141972541809082,2.2978620529174805,2.519012451171875
B9,2.543147087097168,2.2069942951202393,1.9751393795013428,1.6801389455795288,1.4222983121871948,1.1373223066329956,0.9532248377799988,0.842682421207428,0.5709460377693176,0.7760922312736511,0.9351955056190491,1.044630527496338,1.3966537714004517,1.5796873569488525,1.9463063478469849,2.54182767868042,2.1938905715942383,1.8450510501861572,1.5994844436645508,1.2362698316574097,0.9474706649780273,0.629420280456543,0.3927672505378723,0.0,0.39381128549575806,0.7462188601493835,0.9011775851249695,1.2756184339523315,1.5081768035888672,1.875329852104187,2.592539072036743,2.2674787044525146,1.9118013381958008,1.683901309967041,1.3174716234207153,1.0773359537124634,0.7243155837059021,0.500130295753479,0.5150948762893677,0.5692261457443237,0.9111534357070923,1.047470211982727,1.3900120258331299,1.6296981573104858,1.9694956541061401,2.786428451538086,2.498356819152832,2.1383073329925537,1.963399052619934,1.6222130060195923,1.439534306526184,1.1334173679351807,0.9427669048309326,0.9994673728942871,0.9604703783988953,1.2233229875564575,1.3266793489456177,1.6097733974456787,1.8402378559112549,2.127204179763794,2.985483407974243,2.731151580810547,2.389324903488159,2.289505958557129,1.981441855430603,1.8796262741088867,1.6539045572280884,1.4244061708450317,1.4483715295791626,1.3749628067016602,1.6304755210876465,1.7118241786956787,1.9426189661026,2.151367664337158,2.3632149696350098
B10,2.478602647781372,2.1768264770507812,1.9079440832138062,1.6710028648376465,1.3667784929275513,1.1586142778396606,0.8942426443099976,0.868915855884552,0.5533642768859863,0.5308448672294617,0.5764758586883545,0.7607893347740173,1.0898388624191284,1.3369710445404053,1.680456280708313,2.475376844406128,2.157961845397949,1.7863669395446777,1.6124720573425293,1.2287921905517578,1.0470764636993408,0.6825550198554993,0.6295948624610901,0.39381128549575806,0.0,0.3918069005012512,0.6241973042488098,0.9734468460083008,1.265885829925537,1.6047977209091187,2.5178802013397217,2.229332447052002,1.855762243270874,1.6988286972045898,1.3202341794967651,1.1856213808059692,0.8204054832458496,0.7739879488945007,0.724014401435852,0.5193526148796082,0.7165540456771851,0.8525136709213257,1.1360877752304077,1.4089275598526,1.7109723091125488,2.700829267501831,2.4525437355041504,2.0846691131591797,1.9764567613601685,1.6341444253921509,1.5390024185180664,1.2277470827102661,1.1485519409179688,1.1715443134307861,0.993237316608429,1.1375150680541992,1.2099448442459106,1.417394995689392,1.6526647806167603,1.891485571861267,2.889850378036499,2.676210403442383,2.336845636367798,2.29999041557312,2.0047662258148193,1.9763792753219604,1.753685474395752,1.5983632802963257,1.605554461479187,1.4350171089172363,1.60481595993042,1.6441473960876465,1.804297924041748,1.9954699277877808,2.1513497829437256
B11,2.429588794708252,2.157580614089966,1.891405463218689,1.7216969728469849,1.4284647703170776,1.320595383644104,1.069985032081604,1.156062364578247,0.8879532814025879,0.7067045569419861,0.4968796968460083,0.6674354076385498,0.8822023868560791,1.1573354005813599,1.4561268091201782,2.3524372577667236,2.070594072341919,1.7014703750610352,1.6018686294555664,1.2377641201019287,1.1668423414230347,0.8503114581108093,0.9492377042770386,0.7462188601493835,0.3918069005012512,0.0,0.380911260843277,0.6551002860069275,0.9993208646774292,1.306227684020996,2.346176862716675,2.0940654277801514,1.7150862216949463,1.6270071268081665,1.25344717502594,1.2196511030197144,0.8851574063301086,0.9863861203193665,0.890376627445221,0.5439335703849792,0.48662200570106506,0.5792995095252991,0.788154125213623,1.0954210758209229,1.3692255020141602,2.4843223094940186,2.2708189487457275,1.9005404710769653,1.853073239326477,1.5143123865127563,1.502952218055725,1.2023547887802124,1.2386564016342163,1.2370750904083252,0.9565535187721252,0.9597399830818176,0.9744769930839539,1.1006566286087036,1.336161732673645,1.5387953519821167,2.639413833618164,2.4607107639312744,2.1242921352386475,2.1438238620758057,1.862727165222168,1.904616117477417,1.6921170949935913,1.621502161026001,1.6231201887130737,1.3704463243484497,1.4467180967330933,1.4304192066192627,1.5227653980255127,1.6910933256149292,1.8050432205200195
B12,2.0722908973693848,1.8074259757995605,1.5561500787734985,1.4193074703216553,1.1622475385665894,1.1340222358703613,0.9606503844261169,1.1662273406982422,1.0146398544311523,0.8336782455444336,0.574551522731781,0.489112913608551,0.6377375721931458,0.8272478580474854,1.1401864290237427,1.9740568399429321,1.7005027532577515,1.3316951990127563,1.2665832042694092,0.9229134321212769,0.9492217898368835,0.7133074998855591,0.9646785259246826,0.9011775851249695,0.6241973042488098,0.380911260843277,0.0,0.37589362263679504,0.6470842361450195,0.989945113658905,1.9809298515319824,1.737194299697876,1.3591009378433228,1.3029741048812866,0.9521507024765015,1.0096547603607178,0.758304238319397,0.991854190826416,1.0132522583007812,0.7429772615432739,0.6421133279800415,0.47173553705215454,0.6204800605773926,0.8204605579376221,1.1059986352920532,2.152315616607666,1.9490888118743896,1.5888930559158325,1.5687364339828491,1.2677769660949707,1.3226690292358398,1.0975172519683838,1.2202447652816772,1.3180657625198364,1.0806392431259155,1.0547938346862793,0.9270942211151123,1.015122413635254,1.1480491161346436,1.3476718664169312,2.3553109169006348,2.1849331855773926,1.8718352317810059,1.9094640016555786,1.6756740808486938,1.7603892087936401,1.6197178363800049,1.5945643186569214,1.6800198554992676,1.4393821954727173,1.501265048980713,1.3943623304367065,1.4777164459228516,1.5655611753463745,1.6883689165115356
B13,1.998591661453247,1.788060188293457,1.5410388708114624,1.49761164188385,1.2671021223068237,1.345085859298706,1.1938742399215698,1.453962802886963,1.3362003564834595,1.0877549648284912,0.7428521513938904,0.5996330976486206,0.4891568124294281,0.6584567427635193,0.8756642937660217,1.8556690216064453,1.6416288614273071,1.2921448945999146,1.3352783918380737,1.057143211364746,1.2014038562774658,1.033042311668396,1.3241431713104248,1.2756184339523315,0.9734468460083008,0.6551002860069275,0.37589362263679504,0.0,0.38648104667663574,0.6513171792030334,1.835938572883606,1.65474534034729,1.293116569519043,1.3431934118270874,1.055367350578308,1.2287076711654663,1.0565141439437866,1.3421086072921753,1.353945255279541,1.0564647912979126,0.8370497226715088,0.5851394534111023,0.4693143665790558,0.5922548770904541,0.7843643426895142,1.9839446544647217,1.84048593044281,1.5010056495666504,1.5709147453308105,1.3197839260101318,1.4749932289123535,1.3051713705062866,1.505029320716858,1.5961024761199951,1.3230631351470947,1.193559169769287,0.9874575734138489,0.9289008975028992,0.9797286987304688,1.0871150493621826,2.177774667739868,2.0628561973571777,1.7786016464233398,1.8898736238479614,1.70566987991333,1.868129849433899,1.7667150497436523,1.8156062364578247,1.9075816869735718,1.6257416009902954,1.6034767627716064,1.426020860671997,1.4170726537704468,1.4308321475982666,1.4821619987487793
