,A1,A2,A3,A4,A5,A6,A7,A8,A9,A10,A11,A12,A13,A14,A15,B1,B2,B3,B4,B5,B6,B7,B8,B9,B10,B11,B12,B13,B14,B15,C1,C2,C3,C4,C5,C6,C7,C8,C9,C10,C11,C12,C13,C14,C15,D1,D2,D3,D4,D5,D6,D7,D8,D9,D10,D11,D12,D13,D14,D15,E1,E2,E3,E4,E5,E6,E7,E8,E9,E10,E11,E12,E13,E14,E15
A1,0.0,0.399116188287735,0.6350171566009521,0.9155318737030029,1.088341236114502,1.4380199909210205,1.6023674011230469,1.9360939264297485,2.156956434249878,2.485865354537964,2.70046329498291,3.004817008972168,3.209165096282959,3.364053249359131,3.5441479682922363,2.221513271331787,1.9917644262313843,1.6845428943634033,1.7610998153686523,1.520807147026062,1.7679033279418945,1.8676810264587402,2.1821844577789307,2.4170713424682617,2.71886944770813,2.968416452407837,3.2769811153411865,3.5113751888275146,3.840294361114502,3.9667632579803467,2.949545383453369,2.631577968597412,2.3998420238494873,2.3823721408843994,2.0644137859344482,2.1930723190307617,2.2295515537261963,2.501107692718506,2.715764284133911,2.9720122814178467,3.231152057647705,3.497053384780884,3.7637245655059814,4.083622932434082,4.258336544036865,3.600895881652832,3.2656092643737793,3.0832436084747314,2.9814765453338623,2.614230155944824,2.6651759147644043,2.6500983238220215,2.8871958255767822,3.0703136920928955,3.2715325355529785,3.526731014251709,3.7283408641815186,4.029496192932129,4.2806806564331055,4.533152103424072,4.267419815063477,3.9183402061462402,3.8052172660827637,3.63991379737854,3.2884130477905273,3.1809353828430176,3.1067633628845215,3.343432903289795,3.4740610122680664,3.6217315196990967,3.8554253578186035,3.9633820056915283,4.294856548309326,4.32837438583374,4.7173662185668945
A2,0.399116188287735,0.0,0.3971448838710785,0.6140493750572205,0.7386864423751831,1.0948444604873657,1.2178003787994385,1.5567175149917603,1.7634844779968262,2.0920732021331787,2.3032665252685547,2.6063013076782227,2.8108882904052734,2.967766046524048,3.1516411304473877,1.8909224271774292,1.642557978630066,1.36670982837677,1.4770019054412842,1.2161974906921387,1.474718451499939,1.5234891176223755,1.8338038921356201,2.0458686351776123,2.3411216735839844,2.5826964378356934,2.8863461017608643,3.118513822555542,3.4438507556915283,3.5736725330352783,2.636808395385742,2.3182249069213867,2.1216835975646973,2.1203086376190186,1.7928439378738403,1.9350537061691284,1.9251497983932495,2.1861870288848877,2.3711907863616943,2.617340087890625,2.86301589012146,3.121778964996338,3.3827574253082275,3.698070526123047,3.8738999366760254,3.2917566299438477,2.9643664360046387,2.8107717037200928,2.7299866676330566,2.3607540130615234,2.426908016204834,2.373558521270752,2.59934401512146,2.750279188156128,2.941568613052368,3.178699016571045,3.3734986782073975,3.6652204990386963,3.9128923416137695,4.163825988769531,3.9650959968566895,3.6258773803710938,3.534895420074463,3.389580249786377,3.044698476791382,2.9550838470458984,2.8485066890716553,3.07663893699646,3.174838066101074,3.316354751586914,3.5287513732910156,3.6338438987731934,3.953261375427246,3.9840281009674072,4.3706231117248535
A3,0.6350171566009521,0.3971448838710785,0.0,0.38816598057746887,0.49600574374198914,0.825751006603241,1.051272988319397,1.3669979572296143,1.6266920566558838,1.9550085067749023,2.193458080291748,2.507953405380249,2.7380361557006836,2.9353342056274414,3.130916118621826,1.8813955783843994,1.575729250907898,1.2990267276763916,1.3114211559295654,0.9955039620399475,1.1803417205810547,1.2644246816635132,1.5646758079528809,1.8291939496994019,2.131577253341675,2.4049794673919678,2.7203004360198975,2.974705457687378,3.3177871704101562,3.4576361179351807,2.5329692363739014,2.1823668479919434,1.9853779077529907,1.9155504703521729,1.5613300800323486,1.6393194198608398,1.6325714588165283,1.8809453248977661,2.1079862117767334,2.3569180965423584,2.634037494659424,2.9016005992889404,3.1837003231048584,3.5081405639648438,3.691194772720337,3.1132402420043945,2.764414072036743,2.619638204574585,2.4936883449554443,2.1128203868865967,2.129828691482544,2.069309949874878,2.279387950897217,2.4602057933807373,2.647115707397461,2.911450147628784,3.109056234359741,3.420475482940674,3.671741485595703,3.9288251399993896,3.7203993797302246,3.3683135509490967,3.286681890487671,3.1113991737365723,2.7774882316589355,2.652487277984619,2.5380806922912598,2.749835968017578,2.8679699897766113,2.998443126678467,3.2315099239349365,3.3318779468536377,3.666646957397461,3.7014594078063965,4.0912652015686035
A4,0.9155318737030029,0.6140493750572205,0.38816598057746887,0.0,0.38429316878318787,0.5914021134376526,0.8239303827285767,1.168455958366394,1.3761576414108276,1.7286800146102905,1.9271128177642822,2.2685673236846924,2.469660520553589,2.6921820640563965,2.858694076538086,1.5231457948684692,1.2101281881332397,0.9230546951293945,0.926439642906189,0.621539294719696,0.8663192987442017,0.9707444310188293,1.3119648694992065,1.5450351238250732,1.876926302909851,2.1218981742858887,2.4597227573394775,2.687185525894165,3.0407278537750244,3.1529626846313477,2.1463727951049805,1.7958223819732666,1.5991414785385132,1.5442709922790527,1.1973994970321655,1.3216723203659058,1.3232312202453613,1.6069532632827759,1.8119126558303833,2.091144561767578,2.3476500511169434,2.6398630142211914,2.8992292881011963,3.238189697265625,3.3949036598205566,2.734067916870117,2.3899993896484375,2.2430379390716553,2.137528419494629,1.7617838382720947,1.816733956336975,1.7612727880477905,1.9990036487579346,2.1628971099853516,2.3792402744293213,2.62939715385437,2.8540196418762207,3.148900270462036,3.4210503101348877,3.6554195880889893,3.3685474395751953,3.022439956665039,2.934072256088257,2.7801196575164795,2.4401557445526123,2.3468947410583496,2.2349512577056885,2.4691128730773926,2.5745975971221924,2.734086751937866,2.9597580432891846,3.090517044067383,3.421217679977417,3.48417592048645,3.8704872131347656
A5,1.088341236114502,0.7386864423751831,0.49600574374198914,0.38429316878318787,0.0,0.3758050799369812,0.5633449554443359,0.8716002702713013,1.1399694681167603,1.4630237817764282,1.7123171091079712,2.023953437805176,2.266955614089966,2.4776523113250732,2.6854636669158936,1.5927329063415527,1.244779348373413,1.0583316087722778,1.0881423950195312,0.7292920351028442,0.8671042919158936,0.8301514387130737,1.1071518659591675,1.3529844284057617,1.6422615051269531,1.9184256792068481,2.2265868186950684,2.488790273666382,2.8300421237945557,2.982194185256958,2.218965768814087,1.8655002117156982,1.7387102842330933,1.674789547920227,1.309942364692688,1.3784881830215454,1.273352861404419,1.4842466115951538,1.6692488193511963,1.8951869010925293,2.1619513034820557,2.416933298110962,2.6996562480926514,3.0177149772644043,3.2084810733795166,2.771446704864502,2.4334490299224854,2.3432555198669434,2.240039110183716,1.8625901937484741,1.8860210180282593,1.7524772882461548,1.9280378818511963,2.058690309524536,2.2209677696228027,2.4630677700042725,2.646097421646118,2.949842691421509,3.1939523220062256,3.453547954559326,3.363281488418579,3.0255391597747803,2.984436273574829,2.8336782455444336,2.5197880268096924,2.413957357406616,2.2431960105895996,2.4291419982910156,2.496372699737549,2.6082277297973633,2.8104288578033447,2.9004669189453125,3.2196028232574463,3.247349977493286,3.634848117828369
A6,1.4380199909210205,1.0948444604873657,0.825751006603241,0.5914021134376526,0.3758050799369812,0.0,0.3817897140979767,0.629907488822937,0.8993287086486816,1.222785234451294,1.464722990989685,1.793575406074524,2.036745309829712,2.2893314361572266,2.4882047176361084,1.4479948282241821,1.0656095743179321,0.9432152509689331,0.9002068638801575,0.5363226532936096,0.554815948009491,0.45945173501968384,0.7441863417625427,1.0098488330841064,1.3186665773391724,1.6015592813491821,1.927714467048645,2.1904103755950928,2.546924591064453,2.6928844451904297,1.9614800214767456,1.5951722860336304,1.5047714710235596,1.4059624671936035,1.0391652584075928,1.0700294971466064,0.912778377532959,1.111639142036438,1.296679139137268,1.5346839427947998,1.8089303970336914,2.080756187438965,2.3645732402801514,2.6946613788604736,2.8771936893463135,2.449398994445801,2.107480764389038,2.045614004135132,1.9341555833816528,1.5616700649261475,1.5722490549087524,1.4021003246307373,1.5634690523147583,1.6831774711608887,1.8497366905212402,2.094686508178711,2.2908434867858887,2.595895528793335,2.852376937866211,3.103736639022827,3.004376173019409,2.6678526401519775,2.644519805908203,2.496044158935547,2.1970629692077637,2.0936126708984375,1.896735429763794,2.0716822147369385,2.1243643760681152,2.2379674911499023,2.438542604446411,2.539628744125366,2.8616135120391846,2.9061617851257324,3.293131113052368
A7,1.6023674011230469,1.2178003787994385,1.051272988319397,0.8239303827285767,0.5633449554443359,0.3817897140979767,0.0,0.3716149628162384,0.5768182873725891,0.9108955264091492,1.149440884590149,1.466573715209961,1.7087970972061157,1.9353418350219727,2.146014928817749,1.2894656658172607,0.9261932373046875,0.9223535656929016,1.0091562271118164,0.7279874682426453,0.7958521842956543,0.5231505036354065,0.7218372821807861,0.8562982678413391,1.1258150339126587,1.3759863376617432,1.6774471998214722,1.931904673576355,2.2685604095458984,2.4247193336486816,1.8732088804244995,1.5439026355743408,1.5274602174758911,1.5085499286651611,1.1849942207336426,1.2724545001983643,1.0389573574066162,1.1854000091552734,1.2559747695922852,1.4470245838165283,1.6680731773376465,1.9076107740402222,2.172023057937622,2.4825456142425537,2.6714489459991455,2.403895139694214,2.0991225242614746,2.081812858581543,2.036383867263794,1.6918795108795166,1.7528975009918213,1.5376627445220947,1.6697635650634766,1.701850175857544,1.8355255126953125,2.021792411804199,2.190373659133911,2.4657955169677734,2.705137014389038,2.9562933444976807,2.9998741149902344,2.69311785697937,2.6991679668426514,2.6010007858276367,2.3164734840393066,2.2615976333618164,2.0321640968322754,2.1908457279205322,2.175999879837036,2.2744970321655273,2.4191534519195557,2.5067949295043945,2.793097496032715,2.819899797439575,3.198695659637451
A8,1.9360939264297485,1.5567175149917603,1.3669979572296143,1.168455958366394,0.8716002702713013,0.629907488822937,0.3716149628162384,0.0,0.3867490589618683,0.6221902370452881,0.9295517206192017,1.2077258825302124,1.4989795684814453,1.7394130229949951,1.9845114946365356,1.4532932043075562,1.1011220216751099,1.1933125257492065,1.2430387735366821,0.9934864640235901,0.9342525005340576,0.5660001635551453,0.538946807384491,0.6322648525238037,0.8162187337875366,1.1067800521850586,1.3749961853027344,1.669586420059204,1.9987232685089111,2.193004608154297,1.922305941581726,1.6082311868667603,1.665043592453003,1.621856689453125,1.3244487047195435,1.3420608043670654,1.022619366645813,1.0465480089187622,1.0602824687957764,1.1696335077285767,1.3935397863388062,1.5923575162887573,1.8805079460144043,2.1728515625,2.391573905944824,2.3576762676239014,2.069502830505371,2.116053342819214,2.0693585872650146,1.7501022815704346,1.775413990020752,1.4932875633239746,1.5438601970672607,1.5227299928665161,1.58965003490448,1.7560328245162964,1.881818413734436,2.1620192527770996,2.3773739337921143,2.6475329399108887,2.8759267330169678,2.5856101512908936,2.642414093017578,2.5512142181396484,2.3075602054595947,2.2463247776031494,1.966252088546753,2.0668752193450928,2.0040698051452637,2.0522890090942383,2.163849115371704,2.214674472808838,2.484668731689453,2.4858391284942627,2.8628196716308594
A9,2.156956434249878,1.7634844779968262,1.6266920566558838,1.3761576414108276,1.1399694681167603,0.8993287086486816,0.5768182873725891,0.3867490589618683,0.0,0.3691979646682739,0.5760278105735779,0.8999001383781433,1.1451606750488281,1.3984383344650269,1.6160463094711304,1.2149969339370728,0.9188671708106995,1.1276665925979614,1.2425236701965332,1.0992172956466675,1.087796926498413,0.7150660753250122,0.6725936532020569,0.5180749297142029,0.6727328896522522,0.8492028117179871,1.1257895231246948,1.3681633472442627,1.6946686506271362,1.8614318370819092,1.6678911447525024,1.4039453268051147,1.530020833015442,1.5617952346801758,1.3332793712615967,1.4186986684799194,1.0930207967758179,1.1167385578155518,1.0005738735198975,1.0998998880386353,1.2251430749893188,1.4239882230758667,1.6549241542816162,1.9478052854537964,2.1358642578125,2.1332802772521973,1.8884286880493164,1.9669843912124634,1.9914319515228271,1.7152636051177979,1.8071762323379517,1.5223500728607178,1.5815764665603638,1.4788280725479126,1.5553239583969116,1.6475176811218262,1.783309817314148,2.0100111961364746,2.2353546619415283,2.4734232425689697,2.7090024948120117,2.4512178897857666,2.5177714824676514,2.4850142002105713,2.250783920288086,2.2539265155792236,1.9718048572540283,2.08392596244812,1.967137336730957,2.0388617515563965,2.0993051528930664,2.1768064498901367,2.409663438796997,2.4315686225891113,2.791461944580078
A10,2.485865354537964,2.0920732021331787,1.9550085067749023,1.7286800146102905,1.4630237817764282,1.222785234451294,0.9108955264091492,0.6221902370452881,0.3691979646682739,0.0,0.37449368834495544,0.5875890254974365,0.903969943523407,1.1524641513824463,1.4168301820755005,1.4699013233184814,1.2237951755523682,1.4755301475524902,1.5810819864273071,1.451879620552063,1.3921287059783936,1.0091313123703003,0.8396164178848267,0.5994654893875122,0.5146744847297668,0.6488038897514343,0.8265836834907532,1.1071745157241821,1.4029663801193237,1.62104332447052,1.8206002712249756,1.6021345853805542,1.7892950773239136,1.8187086582183838,1.6242328882217407,1.6694526672363281,1.3089369535446167,1.2317675352096558,1.0338417291641235,1.0013436079025269,1.0640782117843628,1.173444151878357,1.4048722982406616,1.6563621759414673,1.8786203861236572,2.1943774223327637,1.990119218826294,2.1306843757629395,2.170602560043335,1.932143211364746,2.0038809776306152,1.6794432401657104,1.663597822189331,1.4908998012542725,1.4828951358795166,1.5120874643325806,1.5790331363677979,1.780895471572876,1.9650754928588867,2.2176108360290527,2.696873664855957,2.473219633102417,2.5914382934570312,2.5813798904418945,2.3918285369873047,2.4019863605499268,2.084709405899048,2.139946937561035,1.9640668630599976,1.9810749292373657,1.9806091785430908,2.013392210006714,2.202634334564209,2.1897361278533936,2.5355236530303955
A11,2.70046329498291,2.3032665252685547,2.193458080291748,1.9271128177642822,1.7123171091079712,1.464722990989685,1.149440884590149,0.9295517206192017,0.5760278105735779,0.37449368834495544,0.0,0.38663220405578613,0.5794172883033752,0.882218062877655,1.0876201391220093,1.3275105953216553,1.1681127548217773,1.4895310401916504,1.6237866878509521,1.580481767654419,1.5511252880096436,1.1976536512374878,1.0580527782440186,0.7155123949050903,0.6190666556358337,0.5125443339347839,0.679870069026947,0.8443090319633484,1.1414860486984253,1.3076456785202026,1.598080039024353,1.4491093158721924,1.6954445838928223,1.7854387760162354,1.66280996799469,1.7568917274475098,1.4200979471206665,1.3604291677474976,1.0812219381332397,1.05607271194458,0.9933977127075195,1.1050183773040771,1.2392992973327637,1.4928343296051025,1.6598228216171265,1.9755347967147827,1.8249975442886353,1.9936968088150024,2.099149227142334,1.9117351770401,2.0385570526123047,1.731780767440796,1.732408881187439,1.5018881559371948,1.5166199207305908,1.4702361822128296,1.558889389038086,1.6896554231643677,1.8907744884490967,2.0918383598327637,2.5268352031707764,2.3401970863342285,2.4619967937469482,2.5089333057403564,2.3321869373321533,2.402189016342163,2.0978171825408936,2.16818904876709,1.9541325569152832,2.0036966800689697,1.9595621824264526,2.031033992767334,2.1818103790283203,2.2044317722320557,2.5243022441864014
A12,3.004817008972168,2.6063013076782227,2.507953405380249,2.2685673236846924,2.023953437805176,1.793575406074524,1.466573715209961,1.2077258825302124,0.8999001383781433,0.5875890254974365,0.38663220405578613,0.0,0.38487252593040466,0.6169640421867371,0.9040799736976624,1.6664364337921143,1.5414586067199707,1.8673627376556396,2.010204792022705,1.9555060863494873,1.911475658416748,1.5459119081497192,1.3598397970199585,1.0297772884368896,0.8075360655784607,0.6437883973121643,0.5607214570045471,0.7106812000274658,0.9011719822883606,1.1425518989562988,1.8941558599472046,1.7892001867294312,2.06026029586792,2.152024269104004,2.039907455444336,2.1114068031311035,1.7592976093292236,1.6461522579193115,1.3424773216247559,1.2144391536712646,1.0848127603530884,1.0564115047454834,1.1498056650161743,1.3116008043289185,1.5147889852523804,2.1996805667877197,2.0946238040924072,2.302783727645874,2.41998028755188,2.2573673725128174,2.3678336143493652,2.041698932647705,1.9911962747573853,1.721396565437317,1.6600253582000732,1.5487052202224731,1.5483475923538208,1.627050518989563,1.759092926979065,1.9668481349945068,2.6791927814483643,2.5333378314971924,2.696565866470337,2.76414155960083,2.6239559650421143,2.696972131729126,2.3730220794677734,2.397703170776367,2.1415159702301025,2.137935161590576,2.031989097595215,2.050389528274536,2.139075517654419,2.1151480674743652,2.4044313430786133
A13,3.209165096282959,2.8108882904052734,2.7380361557006836,2.469660520553589,2.266955614089966,2.036745309829712,1.7087970972061157,1.4989795684814453,1.1451606750488281,0.903969943523407,0.5794172883033752,0.38487252593040466,0.0,0.3878956437110901,0.5500160455703735,1.6132240295410156,1.5776423215866089,1.9382978677749634,2.105257034301758,2.1158223152160645,2.103222608566284,1.765424370765686,1.615432858467102,1.248674750328064,1.0693116188049316,0.7928546667098999,0.6981173753738403,0.6179240942001343,0.740815281867981,0.8829222321510315,1.7627431154251099,1.7380033731460571,2.045375347137451,2.192095994949341,2.140029191970825,2.2548458576202393,1.9337838888168335,1.8493732213974,1.511145830154419,1.4133094549179077,1.2022705078125,1.1825320720672607,1.1511796712875366,1.2920972108840942,1.408017873764038,2.0693678855895996,2.0269134044647217,2.24973726272583,2.427351713180542,2.3118717670440674,2.4704904556274414,2.172344207763672,2.146332263946533,1.8471240997314453,1.8173038959503174,1.6518287658691406,1.6776121854782104,1.6798491477966309,1.8236055374145508,1.9629400968551636,2.596278190612793,2.4923465251922607,2.6502792835235596,2.7722675800323486,2.64239764213562,2.7691171169281006,2.468165874481201,2.5127758979797363,2.235982894897461,2.2679429054260254,2.131438970565796,2.189908027648926,2.2423250675201416,2.2566335201263428,2.512357473373413
A14,3.364053249359131,2.967766046524048,2.9353342056274414,2.6921820640563965,2.4776523113250732,2.2893314361572266,1.9353418350219727,1.7394130229949951,1.3984383344650269,1.1524641513824463,0.882218062877655,0.6169640421867371,0.3878956437110901,0.0,0.3840104937553406,1.8361186981201172,1.8350783586502075,2.1886203289031982,2.3996922969818115,2.398008108139038,2.417196750640869,2.0693564414978027,1.935279130935669,1.588447093963623,1.4045835733413696,1.1624566316604614,1.012388825416565,0.9234360456466675,0.896255373954773,1.041896104812622,2.0649728775024414,2.064837694168091,2.362151622772217,2.5361952781677246,2.474534511566162,2.607365846633911,2.286208391189575,2.2104973793029785,1.8847877979278564,1.7739558219909668,1.5679931640625,1.4976909160614014,1.446380853652954,1.5059125423431396,1.6247169971466064,2.4091577529907227,2.3885016441345215,2.6033618450164795,2.7968297004699707,2.677218437194824,2.8450264930725098,2.5494461059570312,2.526055097579956,2.23024320602417,2.184185266494751,2.0089006423950195,1.9953213930130005,1.9718939065933228,2.063213586807251,2.197793960571289,2.9457125663757324,2.8613932132720947,3.0201754570007324,3.1541037559509277,3.0225002765655518,3.1539413928985596,2.854891777038574,2.8980720043182373,2.6176371574401855,2.6347250938415527,2.481137990951538,2.5124306678771973,2.5331459045410156,2.513221025466919,2.74365234375
A15,3.5441479682922363,3.1516411304473877,3.130916118621826,2.858694076538086,2.6854636669158936,2.4882047176361084,2.146014928817749,1.9845114946365356,1.6160463094711304,1.4168301820755005,1.0876201391220093,0.9040799736976624,0.5500160455703735,0.3840104937553406,0.0,1.803725004196167,1.8772379159927368,2.247621774673462,2.464586019515991,2.520524263381958,2.5584490299224854,2.240532875061035,2.13224720954895,1.7627187967300415,1.6136646270751953,1.315369963645935,1.1949903964996338,0.9851222634315491,0.9208407402038574,0.917376697063446,1.9377042055130005,2.0096917152404785,2.3282248973846436,2.5421829223632812,2.5349297523498535,2.6988937854766846,2.4093379974365234,2.3577167987823486,2.0126795768737793,1.9336280822753906,1.6832678318023682,1.641587495803833,1.5109708309173584,1.5703933238983154,1.5978922843933105,2.270742654800415,2.305471897125244,2.524963140487671,2.766080141067505,2.6902308464050293,2.895681619644165,2.629702091217041,2.629221200942993,2.318307638168335,2.3056910037994385,2.1004562377929688,2.1217105388641357,2.0486507415771484,2.1627917289733887,2.234208345413208,2.843597173690796,2.794891834259033,2.9413604736328125,3.119802236557007,2.997465133666992,3.1736152172088623,2.900627851486206,2.9636178016662598,2.674734354019165,2.727597236633301,2.5600974559783936,2.6330580711364746,2.6355624198913574,2.6587400436401367,2.865753412246704
B1,2.221513271331787,1.8909224271774292,1.8813955783843994,1.5231457948684692,1.5927329063415527,1.4479948282241821,1.2894656658172607,1.4532932043075562,1.2149969339370728,1.4699013233184814,1.3275105953216553,1.6664364337921143,1.6132240295410156,1.8361186981201172,1.803725004196167,0.0,0.39194077253341675,0.6318603754043579,0.9120236039161682,1.136559009552002,1.367342233657837,1.292668104171753,1.5059386491775513,1.3417171239852905,1.613222360610962,1.5591686964035034,1.8781901597976685,1.8777729272842407,2.184105634689331,2.1313376426696777,0.9056707620620728,0.7874933481216431,0.8275437951087952,1.1553682088851929,1.1496061086654663,1.5018800497055054,1.4424306154251099,1.6901711225509644,1.5824203491210938,1.8558000326156616,1.861992597579956,2.1627142429351807,2.2234385013580322,2.5530037879943848,2.5643720626831055,1.717891812324524,1.5399863719940186,1.4627526998519897,1.6575803756713867,1.4755480289459229,1.7893399000167847,1.721903920173645,1.977135419845581,1.9085993766784668,2.1692700386047363,2.221022367477417,2.49265456199646,2.621995687484741,2.930112600326538,3.036383867263794,2.5935235023498535,2.3646013736724854,2.2814323902130127,2.3482906818389893,2.0443742275238037,2.203648805618286,2.091423988342285,2.363065719604492,2.3039698600769043,2.548945426940918,2.6320912837982178,2.858015298843384,3.0822196006774902,3.2264881134033203,3.5518336296081543
B2,1.9917644262313843,1.642557978630066,1.575729250907898,1.2101281881332397,1.244779348373413,1.0656095743179321,0.9261932373046875,1.1011220216751099,0.9188671708106995,1.2237951755523682,1.1681127548217773,1.5414586067199707,1.5776423215866089,1.8350783586502075,1.8772379159927368,0.39194077253341675,0.0,0.38123568892478943,0.6365470886230469,0.7848657369613647,0.9983599781990051,0.9053356051445007,1.1426323652267456,1.035069227218628,1.3491381406784058,1.377061128616333,1.726940631866455,1.8036000728607178,2.1438543796539307,2.1499600410461426,1.0511739253997803,0.7902156114578247,0.7928110957145691,1.0007777214050293,0.8830059766769409,1.2024097442626953,1.1070597171783447,1.3639472723007202,1.3051341772079468,1.5943059921264648,1.6678457260131836,1.9815526008605957,2.10575795173645,2.45048189163208,2.509399652481079,1.76590096950531,1.5183969736099243,1.4498813152313232,1.5560561418533325,1.302322506904602,1.5593044757843018,1.4542806148529053,1.7012505531311035,1.6686915159225464,1.9216513633728027,2.0230793952941895,2.289121389389038,2.4680776596069336,2.773677349090576,2.919369697570801,2.561347484588623,2.293323516845703,2.229732036590576,2.2368993759155273,1.9251476526260376,2.021042823791504,1.87599515914917,2.132863998413086,2.095250368118286,2.317129611968994,2.431016206741333,2.6346163749694824,2.888509511947632,3.0143375396728516,3.360225200653076
B3,1.6845428943634033,1.36670982837677,1.2990267276763916,0.9230546951293945,1.0583316087722778,0.9432152509689331,0.9223535656929016,1.1933125257492065,1.1276665925979614,1.4755301475524902,1.4895310401916504,1.8673627376556396,1.9382978677749634,2.1886203289031982,2.247621774673462,0.6318603754043579,0.38123568892478943,0.0,0.40064379572868347,0.5527456402778625,0.8720042705535889,0.9057106971740723,1.2304781675338745,1.239993691444397,1.5918715000152588,1.6826825141906738,2.045719861984253,2.154237747192383,2.5044186115264893,2.52105712890625,1.271112084388733,0.9732744693756104,0.8162364363670349,0.9629152417182922,0.7778589129447937,1.11970853805542,1.1182602643966675,1.439965844154358,1.4818000793457031,1.804683804512024,1.9367214441299438,2.266551971435547,2.422495126724243,2.7772903442382812,2.8469197750091553,1.973534345626831,1.6868900060653687,1.5438048839569092,1.5853736400604248,1.2865118980407715,1.5219813585281372,1.480910062789917,1.7717690467834473,1.8213433027267456,2.0991525650024414,2.2549636363983154,2.533958911895752,2.745656967163086,3.057705879211426,3.2162091732025146,2.7514259815216064,2.4525234699249268,2.347444772720337,2.3053715229034424,1.9619600772857666,2.0163474082946777,1.916969895362854,2.2026796340942383,2.2312357425689697,2.4657702445983887,2.629101037979126,2.8356761932373047,3.1211636066436768,3.2487480640411377,3.607340097427368
B4,1.7610998153686523,1.4770019054412842,1.3114211559295654,0.926439642906189,1.0881423950195312,0.9002068638801575,1.0091562271118164,1.2430387735366821,1.2425236701965332,1.5810819864273071,1.6237866878509521,2.010204792022705,2.105257034301758,2.3996922969818115,2.464586019515991,0.9120236039161682,0.6365470886230469,0.40064379572868347,0.0,0.38101404905319214,0.6084420680999756,0.7899658679962158,1.1190621852874756,1.2009022235870361,1.576427936553955,1.7022600173950195,2.087135076522827,2.214580774307251,2.588196277618408,2.6052565574645996,1.2686419486999512,0.9094569683074951,0.6767961382865906,0.6595145463943481,0.4085535705089569,0.7531322240829468,0.8465415835380554,1.2091916799545288,1.3263351917266846,1.6866145133972168,1.8614646196365356,2.2205650806427,2.396925926208496,2.7709383964538574,2.8369815349578857,1.8438109159469604,1.508878231048584,1.333893895149231,1.2893403768539429,0.9532365798950195,1.1553956270217896,1.1594669818878174,1.482384204864502,1.597301959991455,1.906800627708435,2.108429193496704,2.414156436920166,2.6502389907836914,2.979458808898926,3.1356561183929443,2.5458109378814697,2.2166941165924072,2.0928497314453125,2.0005385875701904,1.6465342044830322,1.6611640453338623,1.5864336490631104,1.8891304731369019,1.9699851274490356,2.2222719192504883,2.4298205375671387,2.6533031463623047,2.9667301177978516,3.116421937942505,3.4787538051605225
B5,1.520807147026062,1.2161974906921387,0.9955039620399475,0.621539294719696,0.7292920351028442,0.5363226532936096,0.7279874682426453,0.9934864640235901,1.0992172956466675,1.451879620552063,1.580481767654419,1.9555060863494873,2.1158223152160645,2.398008108139038,2.520524263381958,1.136559009552002,0.7848657369613647,0.5527456402778625,0.38101404905319214,0.0,0.3834128975868225,0.5598153471946716,0.9299787282943726,1.1090357303619385,1.4808928966522217,1.681671380996704,2.054236650466919,2.2431437969207764,2.617194652557373,2.688960313796997,1.5846742391586304,1.2121355533599854,1.0359883308410645,0.9518333077430725,0.5988139510154724,0.7789857983589172,0.7855886816978455,1.121390700340271,1.2968676090240479,1.6263575553894043,1.8565585613250732,2.1903724670410156,2.418203592300415,2.780855655670166,2.896785020828247,2.118582248687744,1.7698942422866821,1.6366184949874878,1.5417089462280273,1.1713584661483765,1.2691996097564697,1.205374002456665,1.4773811101913452,1.6182177066802979,1.8803995847702026,2.1152396202087402,2.3837852478027344,2.6569764614105225,2.961425304412842,3.159569501876831,2.752004623413086,2.4105117321014404,2.3236780166625977,2.192460775375366,1.8549071550369263,1.8012630939483643,1.6792171001434326,1.9364970922470093,2.022866725921631,2.222886085510254,2.4417507648468018,2.6186141967773438,2.945300579071045,3.0550692081451416,3.431894063949585
B6,1.7679033279418945,1.474718451499939,1.1803417205810547,0.8663192987442017,0.8671042919158936,0.554815948009491,0.7958521842956543,0.9342525005340576,1.087796926498413,1.3921287059783936,1.5511252880096436,1.911475658416748,2.103222608566284,2.417196750640869,2.5584490299224854,1.367342233657837,0.9983599781990051,0.8720042705535889,0.6084420680999756,0.3834128975868225,0.0,0.3882921636104584,0.6865476369857788,0.9444348812103271,1.3036816120147705,1.54499351978302,1.915631651878357,2.1340696811676025,2.5180811882019043,2.609727144241333,1.6412309408187866,1.2500897645950317,1.124245524406433,0.921259880065918,0.5482370853424072,0.5172091126441956,0.4645697772502899,0.7844535112380981,1.0337320566177368,1.3618651628494263,1.6371009349822998,1.973664402961731,2.2298450469970703,2.595466375350952,2.7257742881774902,2.0302364826202393,1.6605607271194458,1.568917989730835,1.4072452783584595,1.0271364450454712,1.0235346555709839,0.9018173813819885,1.137774109840393,1.3174008131027222,1.5677769184112549,1.8401403427124023,2.1067354679107666,2.4054739475250244,2.7086684703826904,2.9175283908843994,2.5506033897399902,2.195143461227417,2.1392102241516113,1.9690264463424683,1.6588516235351562,1.5510913133621216,1.3875325918197632,1.6096998453140259,1.7107280492782593,1.8884354829788208,2.1306095123291016,2.2967216968536377,2.640803337097168,2.7514336109161377,3.1313860416412354
B7,1.8676810264587402,1.5234891176223755,1.2644246816635132,0.9707444310188293,0.8301514387130737,0.45945173501968384,0.5231505036354065,0.5660001635551453,0.7150660753250122,1.0091313123703003,1.1976536512374878,1.5459119081497192,1.765424370765686,2.0693564414978027,2.240532875061035,1.292668104171753,0.9053356051445007,0.9057106971740723,0.7899658679962158,0.5598153471946716,0.3882921636104584,0.0,0.3739374876022339,0.6155800223350525,0.9656633138656616,1.228298544883728,1.5833574533462524,1.8268553018569946,2.201324462890625,2.3257369995117188,1.628288745880127,1.2595384120941162,1.2389329671859741,1.1140046119689941,0.786912202835083,0.7841808795928955,0.5172336101531982,0.701851487159729,0.8490887880325317,1.1226582527160645,1.3872220516204834,1.6916985511779785,1.960463285446167,2.3093748092651367,2.4684767723083496,2.0322794914245605,1.6938958168029785,1.6777307987213135,1.5760618448257446,1.2276322841644287,1.2458401918411255,1.0171403884887695,1.16417396068573,1.2418835163116455,1.4283391237258911,1.6614360809326172,1.886802315711975,2.1803696155548096,2.460188627243042,2.689516544342041,2.557173728942871,2.228515625,2.228818893432617,2.100574016571045,1.8231281042099,1.7463151216506958,1.512709140777588,1.6797107458114624,1.6958800554275513,1.825390338897705,2.012620210647583,2.142143964767456,2.4603989124298096,2.537205696105957,2.918867349624634
B8,2.1821844577789307,1.8338038921356201,1.5646758079528809,1.3119648694992065,1.1071518659591675,0.7441863417625427,0.7218372821807861,0.538946807384491,0.6725936532020569,0.8396164178848267,1.0580527782440186,1.3598397970199585,1.615432858467102,1.935279130935669,2.13224720954895,1.5059386491775513,1.1426323652267456,1.2304781675338745,1.1190621852874756,0.9299787282943726,0.6865476369857788,0.3739374876022339,0.0,0.390655517578125,0.6653211712837219,0.9827690124511719,1.3104573488235474,1.593546986579895,1.9632848501205444,2.122847557067871,1.7245638370513916,1.3824940919876099,1.4446324110031128,1.2993277311325073,1.0282871723175049,0.9316540956497192,0.559720516204834,0.5081235766410828,0.5994341969490051,0.7924239039421082,1.0915906429290771,1.367984652519226,1.6696131229400635,2.0061397552490234,2.194500207901001,2.0068068504333496,1.6884162425994873,1.7489755153656006,1.643061876296997,1.3365446329116821,1.3009604215621948,0.9835513830184937,1.0062427520751953,1.0207167863845825,1.12863028049469,1.3586596250534058,1.5474241971969604,1.8576816320419312,2.1193389892578125,2.369342088699341,2.428713083267212,2.1161930561065674,2.1776177883148193,2.0532259941101074,1.82978355884552,1.7405823469161987,1.4423058032989502,1.5302411317825317,1.49000084400177,1.5582633018493652,1.7177467346191406,1.8100264072418213,2.12156081199646,2.1774308681488037,2.561433792114258
B9,2.4170713424682617,2.0458686351776123,1.8291939496994019,1.5450351238250732,1.3529844284057617,1.0098488330841064,0.8562982678413391,0.6322648525238037,0.5180749297142029,0.5994654893875122,0.7155123949050903,1.0297772884368896,1.248674750328064,1.588447093963623,1.7627187967300415,1.3417171239852905,1.035069227218628,1.239993691444397,1.2009022235870361,1.1090357303619385,0.9444348812103271,0.6155800223350525,0.390655517578125,0.0,0.3785775601863861,0.6169602274894714,0.9736065864562988,1.2235945463180542,1.5986062288284302,1.7422966957092285,1.5042803287506104,1.2163738012313843,1.3741376399993896,1.3107460737228394,1.1244035959243774,1.1097878217697144,0.738235354423523,0.6581282019615173,0.4831162393093109,0.6310017108917236,0.8176797032356262,1.1006637811660767,1.3580087423324585,1.6997123956680298,1.8681080341339111,1.7894200086593628,1.5210466384887695,1.639816403388977,1.6178431510925293,1.3693770170211792,1.4101104736328125,1.0799833536148071,1.0873438119888306,0.9617522358894348,1.0538396835327148,1.1812171936035156,1.3709831237792969,1.6277049779891968,1.8971381187438965,2.122596025466919,2.25747013092041,1.9850022792816162,2.07489275932312,2.021475315093994,1.8201390504837036,1.8072824478149414,1.4948583841323853,1.5777148008346558,1.4501467943191528,1.5280569791793823,1.6103991270065308,1.7201249599456787,1.9841614961624146,2.052478313446045,2.420042037963867
B10,2.71886944770813,2.3411216735839844,2.131577253341675,1.876926302909851,1.6422615051269531,1.3186665773391724,1.1258150339126587,0.8162187337875366,0.6727328896522522,0.5146744847297668,0.6190666556358337,0.8075360655784607,1.0693116188049316,1.4045835733413696,1.6136646270751953,1.613222360610962,1.3491381406784058,1.5918715000152588,1.576427936553955,1.4808928966522217,1.3036816120147705,0.9656633138656616,0.6653211712837219,0.3785775601863861,0.0,0.37837204337120056,0.6482844352722168,0.9640663266181946,1.316137671470642,1.5174353122711182,1.715087652206421,1.4830938577651978,1.6946724653244019,1.641444206237793,1.486932396888733,1.4408364295959473,1.059491515159607,0.8664532899856567,0.5995036363601685,0.48758479952812195,0.601166307926178,0.7821905016899109,1.0720003843307495,1.3797847032546997,1.5953425168991089,1.9022347927093506,1.6856921911239624,1.8704506158828735,1.866675853729248,1.6641398668289185,1.6800990104675293,1.3192641735076904,1.227432370185852,1.0128954648971558,0.9696340560913086,1.0135955810546875,1.112371802330017,1.356292486190796,1.5841469764709473,1.835904598236084,2.2742602825164795,2.0435025691986084,2.1955502033233643,2.16675066947937,2.0213019847869873,2.0129799842834473,1.6657345294952393,1.6717313528060913,1.470577359199524,1.4681299924850464,1.4717433452606201,1.5199545621871948,1.7381856441497803,1.7647309303283691,2.1245834827423096
B11,2.968416452407837,2.5826964378356934,2.4049794673919678,2.1218981742858887,1.9184256792068481,1.6015592813491821,1.3759863376617432,1.1067800521850586,0.8492028117179871,0.6488038897514343,0.5125443339347839,0.6437883973121643,0.7928546667098999,1.1624566316604614,1.315369963645935,1.5591686964035034,1.377061128616333,1.6826825141906738,1.7022600173950195,1.681671380996704,1.54499351978302,1.228298544883728,0.9827690124511719,0.6169602274894714,0.37837204337120056,0.0,0.3904659152030945,0.6108219027519226,0.9854187369346619,1.1495693922042847,1.5566977262496948,1.4045964479446411,1.6841528415679932,1.6930973529815674,1.6147528886795044,1.6206085681915283,1.270281195640564,1.1045507192611694,0.7484115958213806,0.624061107635498,0.48254406452178955,0.6393426656723022,0.8099896311759949,1.1283894777297974,1.2958488464355469,1.7105587720870972,1.562903881072998,1.7947901487350464,1.8645281791687012,1.7250975370407104,1.798525333404541,1.4588195085525513,1.3780184984207153,1.0834170579910278,1.0470547676086426,0.9605919718742371,1.0637892484664917,1.206591010093689,1.4471189975738525,1.6451059579849243,2.1120309829711914,1.9318896532058716,2.1031394004821777,2.1436381340026855,2.0233516693115234,2.082831621170044,1.747397780418396,1.7589272260665894,1.5000139474868774,1.5222147703170776,1.4513391256332397,1.5329697132110596,1.68789541721344,1.7454125881195068,2.069779634475708
B12,3.2769811153411865,2.8863461017608643,2.7203004360198975,2.4597227573394775,2.2265868186950684,1.927714467048645,1.6774471998214722,1.3749961853027344,1.1257895231246948,0.8265836834907532,0.679870069026947,0.5607214570045471,0.6981173753738403,1.012388825416565,1.1949903964996338,1.8781901597976685,1.726940631866455,2.045719861984253,2.087135076522827,2.054236650466919,1.915631651878357,1.5833574533462524,1.3104573488235474,0.9736065864562988,0.6482844352722168,0.3904659152030945,0.0,0.3899734914302826,0.6818287372589111,0.9440919160842896,1.859398603439331,1.7551203966140747,2.0551326274871826,2.074788808822632,2.0046722888946533,1.996998906135559,1.6395189762115479,1.4334006309509277,1.0800285339355469,0.8436705470085144,0.6147820949554443,0.5034578442573547,0.6166163086891174,0.8334571719169617,1.0639426708221436,1.944258451461792,1.8524553775787354,2.1201202869415283,2.2046854496002197,2.0926525592803955,2.151664972305298,1.8020501136779785,1.6709446907043457,1.3449769020080566,1.21233332157135,1.0343748331069946,1.0025627613067627,1.0677919387817383,1.2242302894592285,1.43583345413208,2.2548696994781494,2.127357244491577,2.3440892696380615,2.408797264099121,2.331538200378418,2.3947620391845703,2.046118974685669,2.005460500717163,1.7024297714233398,1.656693696975708,1.5034841299057007,1.514396071434021,1.5852584838867188,1.5880742073059082,1.8778952360153198
B13,3.5113751888275146,3.118513822555542,2.974705457687378,2.687185525894165,2.488790273666382,2.1904103755950928,1.931904673576355,1.669586420059204,1.3681633472442627,1.1071745157241821,0.8443090319633484,0.7106812000274658,0.6179240942001343,0.9234360456466675,0.9851222634315491,1.8777729272842407,1.8036000728607178,2.154237747192383,2.214580774307251,2.2431437969207764,2.1340696811676025,1.8268553018569946,1.593546986579895,1.2235945463180542,0.9640663266181946,0.6108219027519226,0.3899734914302826,0.0,0.39063334465026855,0.5624839067459106,1.7500196695327759,1.7295135259628296,2.069681406021118,2.1387453079223633,2.13246750831604,2.165485382080078,1.8417786359786987,1.668352484703064,1.2851996421813965,1.0978198051452637,0.7756380438804626,0.6801716685295105,0.5426481366157532,0.7244431376457214,0.8311866521835327,1.7912917137145996,1.7766177654266357,2.071758985519409,2.219198226928711,2.164250612258911,2.27073073387146,1.9525846242904663,1.8460400104522705,1.4882049560546875,1.3934712409973145,1.1423211097717285,1.140438199043274,1.0812149047851562,1.246974229812622,1.359535813331604,2.125251531600952,2.0543394088745117,2.275850296020508,2.4047818183898926,2.348512887954712,2.471102476119995,2.1479318141937256,2.123959541320801,1.7942981719970703,1.7875574827194214,1.5901740789413452,1.6489815711975098,1.6628066301345825,1.713523268699646,1.9511909484863281
