,A1,A2,A3,A4,A5,A6,A7,A8,A9,A10,A11,A12,A13,A14,A15,B1,B2,B3,B4,B5,B6,B7,B8,B9,B10,B11,B12,B13,B14,B15,C1,C2,C3,C4,C5,C6,C7,C8,C9,C10,C11,C12,C13,C14,C15,D1,D2,D3,D4,D5,D6,D7,D8,D9,D10,D11,D12,D13,D14,D15,E1,E2,E3,E4,E5,E6,E7,E8,E9,E10,E11,E12,E13,E14,E15
A1,0.0,0.3788022994995117,0.6596990823745728,0.9562520384788513,1.1326158046722412,1.507413387298584,1.6754335165023804,2.0613763332366943,2.1277127265930176,2.4883151054382324,2.6149652004241943,2.9363327026367188,3.0968658924102783,3.2018086910247803,3.3739452362060547,2.0088837146759033,1.8151360750198364,1.675829529762268,1.6824136972427368,1.4411574602127075,1.7129108905792236,1.8562302589416504,2.2330009937286377,2.348353147506714,2.6856021881103516,2.865513801574707,3.1734960079193115,3.3926095962524414,3.6573562622070312,3.8496859073638916,2.717942476272583,2.4495787620544434,2.2918860912323,2.1588711738586426,1.894162893295288,2.075059652328491,2.1424551010131836,2.486262559890747,2.6183886528015137,2.9236576557159424,3.1268675327301025,3.4023518562316895,3.655134916305542,3.9164509773254395,4.17430305480957,3.3284363746643066,3.01206111907959,2.881171226501465,2.6731252670288086,2.388960599899292,2.4662177562713623,2.4857122898101807,2.7922720909118652,2.9283556938171387,3.1898531913757324,3.41084361076355,3.6457455158233643,3.928236961364746,4.157608985900879,4.464485168457031,3.92577862739563,3.584167242050171,3.513974189758301,3.2819812297821045,2.9699997901916504,2.904498338699341,2.8793349266052246,3.1583139896392822,3.2787036895751953,3.502178430557251,3.7286489009857178,3.8855862617492676,4.197337627410889,4.282154560089111,4.665969371795654
A2,0.3788022994995117,0.0,0.3897920250892639,0.5996965765953064,0.8362630605697632,1.2008023262023926,1.3280377388000488,1.7085703611373901,1.7581216096878052,2.1145052909851074,2.2404778003692627,2.5584561824798584,2.724132537841797,2.8303685188293457,3.0122156143188477,1.7068082094192505,1.482235312461853,1.376259207725525,1.3548698425292969,1.155182957649231,1.4549148082733154,1.5500736236572266,1.9111300706863403,2.003877878189087,2.329793691635132,2.5039222240448,2.8040692806243896,3.024287700653076,3.283024549484253,3.481049060821533,2.429316997528076,2.1479074954986572,2.0268547534942627,1.8763768672943115,1.652101755142212,1.8546544313430786,1.875653624534607,2.1976535320281982,2.3016865253448486,2.5914249420166016,2.782731771469116,3.04787278175354,3.2969045639038086,3.549743890762329,3.809828519821167,3.045060873031616,2.7285869121551514,2.633498430252075,2.42318058013916,2.1733269691467285,2.270740509033203,2.2497403621673584,2.533684253692627,2.6379785537719727,2.8828647136688232,3.086960554122925,3.311021089553833,3.5849175453186035,3.8056461811065674,4.111748218536377,3.6526191234588623,3.3192453384399414,3.27933406829834,3.060131549835205,2.7681875228881836,2.7250330448150635,2.6650290489196777,2.926067590713501,3.0124599933624268,3.2219016551971436,3.42700457572937,3.575099229812622,3.8738372325897217,3.9525885581970215,4.33176851272583
A3,0.6596990823745728,0.3897920250892639,0.0,0.3887719511985779,0.5945855379104614,0.9168479442596436,1.1143412590026855,1.4869083166122437,1.5331652164459229,1.9081958532333374,2.032799482345581,2.3783226013183594,2.5492615699768066,2.7059621810913086,2.891974925994873,1.498244047164917,1.2445297241210938,1.0676934719085693,1.030287504196167,0.7853571772575378,1.0881035327911377,1.2291548252105713,1.6045798063278198,1.7048192024230957,2.0553019046783447,2.235732078552246,2.5606281757354736,2.783400535583496,3.0717406272888184,3.2656962871551514,2.1317601203918457,1.8318208456039429,1.679970383644104,1.5128233432769775,1.268654227256775,1.467090368270874,1.5074504613876343,1.846243977546692,1.962066650390625,2.2740485668182373,2.4760780334472656,2.763197422027588,3.017343044281006,3.2936830520629883,3.548369884490967,2.7086987495422363,2.379451274871826,2.270314931869507,2.0458321571350098,1.7911524772644043,1.881106972694397,1.865199089050293,2.159942626953125,2.275430679321289,2.5374462604522705,2.7533066272735596,2.99570894241333,3.277111768722534,3.517507791519165,3.819915771484375,3.2935640811920166,2.9518983364105225,2.907748222351074,2.6776435375213623,2.3881325721740723,2.3377270698547363,2.2758431434631348,2.5413835048675537,2.636728048324585,2.857691526412964,3.074256181716919,3.2373201847076416,3.5461130142211914,3.643014430999756,4.025986194610596
A4,0.9562520384788513,0.5996965765953064,0.3887719511985779,0.0,0.38206368684768677,0.6561170220375061,0.7576548457145691,1.1289774179458618,1.1756460666656494,1.5439804792404175,1.6913660764694214,2.0231361389160156,2.218238115310669,2.36568546295166,2.5777747631073,1.3569527864456177,1.0424785614013672,0.9454321265220642,0.8096792101860046,0.6602634787559509,0.9634614586830139,0.9832298755645752,1.324571132659912,1.406868577003479,1.7320326566696167,1.9207079410552979,2.2246475219726562,2.4632771015167236,2.73484468460083,2.949979782104492,1.995749831199646,1.672455072402954,1.5891138315200806,1.3782079219818115,1.2135558128356934,1.4122241735458374,1.354111909866333,1.640249490737915,1.7218822240829468,1.9970101118087769,2.1914446353912354,2.45188307762146,2.7110908031463623,2.9657325744628906,3.2346930503845215,2.5664799213409424,2.2358055114746094,2.187615156173706,1.9521712064743042,1.760995626449585,1.8598101139068604,1.768403172492981,2.0109341144561768,2.0829834938049316,2.3053433895111084,2.5012314319610596,2.714966058731079,2.9903414249420166,3.207453966140747,3.5174176692962646,3.1545865535736084,2.8252081871032715,2.830916166305542,2.614544630050659,2.3636314868927,2.3332250118255615,2.2128467559814453,2.4362359046936035,2.4827370643615723,2.668257713317871,2.854663848876953,2.990819215774536,3.2817866802215576,3.356532573699951,3.733909845352173
A5,1.1326158046722412,0.8362630605697632,0.5945855379104614,0.38206368684768677,0.0,0.385532408952713,0.6128554940223694,0.9912704825401306,1.1545276641845703,1.5226812362670898,1.7393096685409546,2.066598415374756,2.312664747238159,2.4850094318389893,2.7339398860931396,1.6035250425338745,1.2507911920547485,1.1053675413131714,0.8561193943023682,0.6242429614067078,0.7619315981864929,0.7672716975212097,1.1294147968292236,1.3124396800994873,1.6417393684387207,1.8947569131851196,2.1960134506225586,2.478506326675415,2.760504961013794,3.0069220066070557,2.1162967681884766,1.7572575807571411,1.6480913162231445,1.3625563383102417,1.1719179153442383,1.2617219686508179,1.1631985902786255,1.4396040439605713,1.59219491481781,1.8606407642364502,2.1096062660217285,2.3622450828552246,2.6613106727600098,2.916015386581421,3.2097768783569336,2.6001458168029785,2.241757392883301,2.189805269241333,1.8986902236938477,1.7170543670654297,1.7371577024459839,1.6038436889648438,1.8203222751617432,1.9375383853912354,2.141608953475952,2.37809157371521,2.576596260070801,2.8850553035736084,3.0937881469726562,3.4249541759490967,3.1244919300079346,2.778963804244995,2.798285484313965,2.5423827171325684,2.3149893283843994,2.2297141551971436,2.0730061531066895,2.260849714279175,2.3297808170318604,2.4865214824676514,2.698720693588257,2.8104021549224854,3.121554136276245,3.1777875423431396,3.563825845718384
A6,1.507413387298584,1.2008023262023926,0.9168479442596436,0.6561170220375061,0.385532408952713,0.0,0.3877646028995514,0.6904125213623047,0.889228880405426,1.247955560684204,1.4894074201583862,1.81890070438385,2.087688446044922,2.2980916500091553,2.5638036727905273,1.5475431680679321,1.1693710088729858,1.0289112329483032,0.6826322078704834,0.5302670001983643,0.5187185406684875,0.3925129473209381,0.7460007071495056,0.963188111782074,1.2934150695800781,1.5737903118133545,1.8775347471237183,2.1778252124786377,2.4731369018554688,2.7307286262512207,1.9258242845535278,1.5455800294876099,1.4605528116226196,1.1225162744522095,0.995934247970581,1.0348312854766846,0.8441252112388611,1.073696494102478,1.2291301488876343,1.485724687576294,1.7526413202285767,2.0033366680145264,2.3168771266937256,2.5767266750335693,2.8767647743225098,2.336794853210449,1.9698941707611084,1.951287865638733,1.6370326280593872,1.5137196779251099,1.5148847103118896,1.3150569200515747,1.4827390909194946,1.5832345485687256,1.7659932374954224,2.006890058517456,2.198162794113159,2.5149827003479004,2.724071741104126,3.059288263320923,2.8228259086608887,2.480731725692749,2.53389048576355,2.276808500289917,2.090348958969116,2.006816864013672,1.8000173568725586,1.9468868970870972,1.9884392023086548,2.12157940864563,2.325840711593628,2.427420139312744,2.738589286804199,2.793639898300171,3.1807801723480225
A7,1.6754335165023804,1.3280377388000488,1.1143412590026855,0.7576548457145691,0.6128554940223694,0.3877646028995514,0.0,0.3891613483428955,0.6015481352806091,0.9380218386650085,1.2109061479568481,1.5065277814865112,1.797383189201355,1.9727915525436401,2.261061191558838,1.4934356212615967,1.1068511009216309,1.0985227823257446,0.7412523627281189,0.7797898054122925,0.8289768695831299,0.5395345687866211,0.7167415022850037,0.8458990454673767,1.1028072834014893,1.3740125894546509,1.6329195499420166,1.9425580501556396,2.2001044750213623,2.4779229164123535,1.9155683517456055,1.5467814207077026,1.5595020055770874,1.238055944442749,1.2230244874954224,1.3056726455688477,1.043337345123291,1.1640745401382446,1.223088026046753,1.401282548904419,1.627369999885559,1.8283551931381226,2.13248610496521,2.3525631427764893,2.6652276515960693,2.3481695652008057,2.005988597869873,2.059440851211548,1.7757428884506226,1.7194099426269531,1.7644602060317993,1.5206096172332764,1.6213366985321045,1.638633370399475,1.7593629360198975,1.9465678930282593,2.092642307281494,2.38364577293396,2.5554988384246826,2.8936409950256348,2.8572998046875,2.5451080799102783,2.645636796951294,2.428908109664917,2.275831460952759,2.2388362884521484,2.000819444656372,2.1090731620788574,2.0810983180999756,2.172978639602661,2.319920063018799,2.3878562450408936,2.6606345176696777,2.6858584880828857,3.058983564376831
A8,2.0613763332366943,1.7085703611373901,1.4869083166122437,1.1289774179458618,0.9912704825401306,0.6904125213623047,0.3891613483428955,0.0,0.38992050290107727,0.6271311044692993,0.9613221287727356,1.2205127477645874,1.5509217977523804,1.7470568418502808,2.0617878437042236,1.5684412717819214,1.1977124214172363,1.2444840669631958,0.8771362900733948,1.0229202508926392,0.9895806908607483,0.610049307346344,0.5353331565856934,0.6093305945396423,0.7668808698654175,1.0694540739059448,1.290566086769104,1.6293883323669434,1.8765393495559692,2.17901611328125,1.8566851615905762,1.4952311515808105,1.5747206211090088,1.244331955909729,1.3322046995162964,1.3800749778747559,1.0426650047302246,1.0249075889587402,1.0150781869888306,1.102610468864441,1.3180756568908691,1.4758459329605103,1.7919182777404785,1.991153597831726,2.319338083267212,2.2080652713775635,1.8818260431289673,1.9997450113296509,1.7226866483688354,1.7515467405319214,1.7933436632156372,1.4900165796279907,1.498509407043457,1.4501237869262695,1.4990782737731934,1.6530125141143799,1.7567775249481201,2.0403783321380615,2.18788743019104,2.532710552215576,2.675203561782837,2.387831449508667,2.540884256362915,2.346742868423462,2.25146222114563,2.235023021697998,1.9498380422592163,1.9946002960205078,1.9056129455566406,1.9446321725845337,2.0473287105560303,2.0811378955841064,2.32902193069458,2.333744764328003,2.698659658432007
A9,2.1277127265930176,1.7581216096878052,1.5331652164459229,1.1756460666656494,1.1545276641845703,0.889228880405426,0.6015481352806091,0.38992050290107727,0.0,0.3826395273208618,0.6139656901359558,0.9298338294029236,1.2128504514694214,1.4317713975906372,1.7176223993301392,1.2551132440567017,0.9158160090446472,1.0527852773666382,0.7557074427604675,1.0346453189849854,1.098933458328247,0.7735493183135986,0.6794089674949646,0.5005199313163757,0.6357831954956055,0.8164198398590088,1.066130518913269,1.350871205329895,1.609490156173706,1.877231478691101,1.547681212425232,1.2154954671859741,1.3692975044250488,1.1062564849853516,1.2782162427902222,1.417414903640747,1.1164226531982422,1.098071813583374,0.9585752487182617,1.0466567277908325,1.1604522466659546,1.33869206905365,1.5950508117675781,1.8086243867874146,2.1019904613494873,1.9531558752059937,1.6603606939315796,1.8159332275390625,1.602396845817566,1.6623964309692383,1.78560209274292,1.5120192766189575,1.5347129106521606,1.4085397720336914,1.476298213005066,1.5593808889389038,1.6893792152404785,1.9202384948730469,2.0889060497283936,2.3995823860168457,2.480898857116699,2.2195520401000977,2.3787200450897217,2.238138437271118,2.1420960426330566,2.194328784942627,1.9324297904968262,2.003037691116333,1.8700892925262451,1.9415441751480103,1.9995598793029785,2.071537733078003,2.2863857746124268,2.3274648189544678,2.6763710975646973
A10,2.4883151054382324,2.1145052909851074,1.9081958532333374,1.5439804792404175,1.5226812362670898,1.247955560684204,0.9380218386650085,0.6271311044692993,0.3826395273208618,0.0,0.3876188099384308,0.595727264881134,0.9387050271034241,1.1555238962173462,1.476100206375122,1.4478352069854736,1.1692266464233398,1.3620346784591675,1.1041452884674072,1.4055843353271484,1.436652421951294,1.0930169820785522,0.8807849884033203,0.6349928379058838,0.5122976303100586,0.6165226101875305,0.7504062652587891,1.055713415145874,1.2697551250457764,1.5712791681289673,1.6330207586288452,1.3497254848480225,1.5770070552825928,1.3469462394714355,1.5824782848358154,1.700881838798523,1.374395728111267,1.2545586824417114,1.037931203842163,0.9845264554023743,1.0125514268875122,1.0943245887756348,1.3271005153656006,1.4869455099105835,1.7937254905700684,1.962725043296814,1.7164415121078491,1.9425255060195923,1.7633757591247559,1.8939526081085205,2.0206358432769775,1.7189384698867798,1.6638522148132324,1.4658735990524292,1.443753719329834,1.448365569114685,1.5083342790603638,1.6936272382736206,1.8144696950912476,2.1201627254486084,2.4522347450256348,2.2363152503967285,2.448481321334839,2.348590850830078,2.3069162368774414,2.386810064315796,2.0984702110290527,2.1127068996429443,1.9157111644744873,1.9291034936904907,1.9161227941513062,1.9446645975112915,2.1037964820861816,2.1153314113616943,2.437631130218506
A11,2.6149652004241943,2.2404778003692627,2.032799482345581,1.6913660764694214,1.7393096685409546,1.4894074201583862,1.2109061479568481,0.9613221287727356,0.6139656901359558,0.3876188099384308,0.0,0.38732820749282837,0.6078250408172607,0.8894692063331604,1.1567455530166626,1.252594232559204,1.0634733438491821,1.321018099784851,1.1652504205703735,1.5237722396850586,1.6111199855804443,1.3230198621749878,1.1329652070999146,0.7903755307197571,0.6595587134361267,0.5133140683174133,0.6440843939781189,0.8159824013710022,1.0444694757461548,1.2838313579559326,1.3849968910217285,1.1714086532592773,1.4716962575912476,1.3347808122634888,1.6261659860610962,1.8055120706558228,1.5282062292099,1.4213979244232178,1.1273444890975952,1.0805079936981201,0.9804793000221252,1.0754461288452148,1.2010741233825684,1.3747988939285278,1.6191743612289429,1.7469837665557861,1.5577119588851929,1.8202588558197021,1.719365119934082,1.8773974180221558,2.0690016746520996,1.808095097541809,1.7690281867980957,1.5160585641860962,1.5156311988830566,1.44521164894104,1.5332146883010864,1.645177960395813,1.7900971174240112,2.041391372680664,2.286181926727295,2.1080470085144043,2.3224852085113525,2.283064126968384,2.2455127239227295,2.388667345046997,2.1324174404144287,2.1696503162384033,1.9408093690872192,1.9872477054595947,1.9318962097167969,2.002655506134033,2.123170852661133,2.1782679557800293,2.4744069576263428
A12,2.9363327026367188,2.5584561824798584,2.3783226013183594,2.0231361389160156,2.066598415374756,1.81890070438385,1.5065277814865112,1.2205127477645874,0.9298338294029236,0.595727264881134,0.38732820749282837,0.0,0.39730820059776306,0.6140720844268799,0.9400054216384888,1.5721614360809326,1.421939492225647,1.7017487287521362,1.5483125448226929,1.9000178575515747,1.97169029712677,1.6583983898162842,1.428086757659912,1.1092255115509033,0.8694795370101929,0.680687665939331,0.5649119019508362,0.6823652982711792,0.768267810344696,1.0546849966049194,1.6646853685379028,1.5031236410140991,1.8281549215316772,1.7044612169265747,2.0064892768859863,2.1669530868530273,1.869862675666809,1.714684009552002,1.4092497825622559,1.267425298690796,1.1063395738601685,1.0667991638183594,1.1263104677200317,1.189721941947937,1.4355257749557495,1.9571911096572876,1.81905996799469,2.1211204528808594,2.042038679122925,2.2325551509857178,2.4156298637390137,2.1366946697235107,2.0497634410858154,1.7670973539352417,1.6933366060256958,1.5608843564987183,1.5633418560028076,1.6096867322921753,1.6776707172393799,1.9091553688049316,2.44562029838562,2.315548896789551,2.5677270889282227,2.5589606761932373,2.5591514110565186,2.712667226791382,2.440222978591919,2.4353561401367188,2.1689913272857666,2.1614274978637695,2.046471357345581,2.065199375152588,2.1202809810638428,2.1327712535858154,2.386188507080078
A13,3.0968658924102783,2.724132537841797,2.5492615699768066,2.218238115310669,2.312664747238159,2.087688446044922,1.797383189201355,1.5509217977523804,1.2128504514694214,0.9387050271034241,0.6078250408172607,0.39730820059776306,0.0,0.40214085578918457,0.6019492745399475,1.5148768424987793,1.4643548727035522,1.7783839702606201,1.7091450691223145,2.0852086544036865,2.199211835861206,1.927532434463501,1.7225213050842285,1.3645001649856567,1.1576801538467407,0.8672624826431274,0.7570358514785767,0.6442524790763855,0.6740309000015259,0.8220511078834534,1.5572315454483032,1.4880973100662231,1.854089617729187,1.8148083686828613,2.141911029815674,2.3468503952026367,2.093397378921509,1.9588998556137085,1.6187334060668945,1.4996955394744873,1.2642823457717896,1.2389564514160156,1.176969051361084,1.2342463731765747,1.3776342868804932,1.865553617477417,1.7993131875991821,2.1200177669525146,2.115391492843628,2.317864418029785,2.550177812576294,2.312300682067871,2.2454891204833984,1.934589147567749,1.885796070098877,1.7024919986724854,1.730028748512268,1.7034027576446533,1.7879036664962769,1.9478861093521118,2.3860831260681152,2.3016929626464844,2.547218084335327,2.597029685974121,2.5985898971557617,2.8041138648986816,2.567300319671631,2.585277557373047,2.3025596141815186,2.325686454772949,2.1804988384246826,2.2367005348205566,2.2556779384613037,2.3077776432037354,2.528284788131714
A14,3.2018086910247803,2.8303685188293457,2.7059621810913086,2.36568546295166,2.4850094318389893,2.2980916500091553,1.9727915525436401,1.7470568418502808,1.4317713975906372,1.1555238962173462,0.8894692063331604,0.6140720844268799,0.40214085578918457,0.0,0.38606420159339905,1.7263339757919312,1.687337040901184,2.034179449081421,1.9684734344482422,2.334247589111328,2.4774460792541504,2.190075397491455,2.0075390338897705,1.6766881942749023,1.4738038778305054,1.231945276260376,1.0810937881469727,0.9869620203971863,0.8726863861083984,1.0028271675109863,1.8964794874191284,1.83619225025177,2.196437120437622,2.1549434661865234,2.4579708576202393,2.6763617992401123,2.4157369136810303,2.296340227127075,1.9768800735473633,1.8530253171920776,1.6386914253234863,1.573084831237793,1.507460594177246,1.4843734502792358,1.61847722530365,2.2489776611328125,2.191225290298462,2.502647638320923,2.495962142944336,2.676628589630127,2.911375045776367,2.6718738079071045,2.6137537956237793,2.315546989440918,2.2563023567199707,2.0777852535247803,2.0710654258728027,2.0313587188720703,2.061765670776367,2.211634635925293,2.7755050659179688,2.700960636138916,2.942744731903076,2.994014263153076,2.983246326446533,3.185493230819702,2.9502124786376953,2.9722745418548584,2.694488525390625,2.7052597999572754,2.555233955383301,2.5837717056274414,2.582683563232422,2.598144769668579,2.795549154281616
A15,3.3739452362060547,3.0122156143188477,2.891974925994873,2.5777747631073,2.7339398860931396,2.5638036727905273,2.261061191558838,2.0617878437042236,1.7176223993301392,1.476100206375122,1.1567455530166626,0.9400054216384888,0.6019492745399475,0.38606420159339905,0.0,1.754307508468628,1.7998814582824707,2.1584548950195312,2.158186435699463,2.5345284938812256,2.7071144580841064,2.453828811645508,2.2894163131713867,1.934369683265686,1.7546238899230957,1.4641332626342773,1.3347870111465454,1.1389459371566772,1.0093353986740112,0.9863125681877136,1.885630488395691,1.9030615091323853,2.2791106700897217,2.3030641078948975,2.6175198554992676,2.8673832416534424,2.6428496837615967,2.5408315658569336,2.201448917388916,2.098210573196411,1.8449883460998535,1.798887014389038,1.664954423904419,1.6474825143814087,1.6957138776779175,2.244776725769043,2.2460944652557373,2.5596840381622314,2.6112239360809326,2.7950279712677,3.065502643585205,2.8614320755004883,2.821455478668213,2.5081489086151123,2.4714972972869873,2.264704704284668,2.2815070152282715,2.196791648864746,2.244844436645508,2.33813214302063,2.787187099456787,2.7500360012054443,2.9778738021850586,3.075061559677124,3.0624358654022217,3.3035061359405518,3.1007602214813232,3.1431069374084473,2.8586230278015137,2.895789623260498,2.7293193340301514,2.7890079021453857,2.7663135528564453,2.8149783611297607,2.9890379905700684
B1,2.0088837146759033,1.7068082094192505,1.498244047164917,1.3569527864456177,1.6035250425338745,1.5475431680679321,1.4934356212615967,1.5684412717819214,1.2551132440567017,1.4478352069854736,1.252594232559204,1.5721614360809326,1.5148768424987793,1.7263339757919312,1.754307508468628,0.0,0.3880915641784668,0.6202817559242249,0.9115089178085327,1.1971492767333984,1.5153274536132812,1.5132789611816406,1.6209959983825684,1.3656330108642578,1.5796922445297241,1.4732424020767212,1.7727934122085571,1.7882734537124634,2.0684380531311035,2.1124160289764404,0.892270565032959,0.7984474897384644,0.9425401091575623,1.0810420513153076,1.2304885387420654,1.6137406826019287,1.6059750318527222,1.773090124130249,1.5838091373443604,1.8189523220062256,1.7780184745788574,2.062019109725952,2.13366961479187,2.417056083679199,2.54196834564209,1.632107138633728,1.4605063199996948,1.5057461261749268,1.5284342765808105,1.4817540645599365,1.8184127807617188,1.7964917421340942,2.0017876625061035,1.8697819709777832,2.108278751373291,2.125129222869873,2.3911924362182617,2.5167999267578125,2.785982608795166,2.974768877029419,2.353152275085449,2.129812479019165,2.142125368118286,2.1197078227996826,1.9045993089675903,2.10853910446167,2.053260564804077,2.301234245300293,2.214193820953369,2.4615743160247803,2.52200984954834,2.749037265777588,2.944056510925293,3.1172726154327393,3.4357128143310547
B2,1.8151360750198364,1.482235312461853,1.2445297241210938,1.0424785614013672,1.2507911920547485,1.1693710088729858,1.1068511009216309,1.1977124214172363,0.9158160090446472,1.1692266464233398,1.0634733438491821,1.421939492225647,1.4643548727035522,1.687337040901184,1.7998814582824707,0.3880915641784668,0.0,0.3861614465713501,0.5568677186965942,0.8725475668907166,1.185670256614685,1.1462342739105225,1.2735369205474854,1.0570682287216187,1.312182903289795,1.2883718013763428,1.61044442653656,1.709934949874878,2.004650115966797,2.1189794540405273,1.037506103515625,0.7930595278739929,0.8993661999702454,0.8863717913627625,1.0125162601470947,1.3680773973464966,1.3066469430923462,1.481523871421814,1.3308727741241455,1.578507661819458,1.6021575927734375,1.8880300521850586,2.0256056785583496,2.3083696365356445,2.4881274700164795,1.7049641609191895,1.4590637683868408,1.506798505783081,1.428402066230774,1.372406005859375,1.6533949375152588,1.5747225284576416,1.7715885639190674,1.669276475906372,1.897577166557312,1.9599511623382568,2.2119028568267822,2.3856825828552246,2.642063617706299,2.8740358352661133,2.3852884769439697,2.1242103576660156,2.162095069885254,2.0773894786834717,1.8691962957382202,2.0116963386535645,1.9043829441070557,2.1302709579467773,2.056668519973755,2.2782983779907227,2.3651654720306396,2.563202381134033,2.7848150730133057,2.928969383239746,3.267936944961548
B3,1.675829529762268,1.376259207725525,1.0676934719085693,0.9454321265220642,1.1053675413131714,1.0289112329483032,1.0985227823257446,1.2444840669631958,1.0527852773666382,1.3620346784591675,1.321018099784851,1.7017487287521362,1.7783839702606201,2.034179449081421,2.1584548950195312,0.6202817559242249,0.3861614465713501,0.0,0.39261695742607117,0.596355676651001,0.9170904159545898,0.9963247179985046,1.1982674598693848,1.067819595336914,1.3968679904937744,1.4355192184448242,1.7968422174453735,1.926196813583374,2.2574503421783447,2.3781046867370605,1.067369818687439,0.7747347950935364,0.7002818584442139,0.6558244824409485,0.6694089770317078,1.0489610433578491,1.0707368850708008,1.3245145082473755,1.254360318183899,1.572901964187622,1.659808874130249,1.9882808923721313,2.1606342792510986,2.4782862663269043,2.664335012435913,1.6747431755065918,1.3812204599380493,1.3361446857452393,1.209943413734436,1.0719736814498901,1.3371098041534424,1.3096599578857422,1.5702165365219116,1.5415304899215698,1.8260235786437988,1.9494521617889404,2.2381529808044434,2.451186180114746,2.7372889518737793,2.9795644283294678,2.3167293071746826,2.014253616333008,2.0026838779449463,1.8655641078948975,1.6159852743148804,1.7159656286239624,1.6400952339172363,1.907339334487915,1.8983079195022583,2.156975507736206,2.301384925842285,2.524200677871704,2.787184715270996,2.950779914855957,3.3076601028442383
B4,1.6824136972427368,1.3548698425292969,1.030287504196167,0.8096792101860046,0.8561193943023682,0.6826322078704834,0.7412523627281189,0.8771362900733948,0.7557074427604675,1.1041452884674072,1.1652504205703735,1.5483125448226929,1.7091450691223145,1.9684734344482422,2.158186435699463,0.9115089178085327,0.5568677186965942,0.39261695742607117,0.0,0.38640445470809937,0.6346112489700317,0.617543637752533,0.8316723704338074,0.7649950981140137,1.124594807624817,1.2542070150375366,1.6129064559936523,1.81539785861969,2.145191192626953,2.3251514434814453,1.2662975788116455,0.9035220146179199,0.85591059923172,0.6128951907157898,0.6278372406959534,0.9020740985870361,0.8014249205589294,1.0367190837860107,1.0107418298721313,1.3201555013656616,1.471683144569397,1.782590389251709,2.0126535892486572,2.3163089752197266,2.5495452880859375,1.7708275318145752,1.435187816619873,1.4302823543548584,1.2099918127059937,1.1125009059906006,1.2842533588409424,1.1534303426742554,1.3675514459609985,1.3581666946411133,1.606164813041687,1.766723394393921,2.024484157562256,2.276859998703003,2.5390753746032715,2.818275213241577,2.3523855209350586,2.0338375568389893,2.070722818374634,1.8889175653457642,1.6814929246902466,1.720186710357666,1.564680814743042,1.7757713794708252,1.7610068321228027,1.970312476158142,2.1267781257629395,2.3070220947265625,2.5853841304779053,2.712679862976074,3.0824708938598633
B5,1.4411574602127075,1.155182957649231,0.7853571772575378,0.6602634787559509,0.6242429614067078,0.5302670001983643,0.7797898054122925,1.0229202508926392,1.0346453189849854,1.4055843353271484,1.5237722396850586,1.9000178575515747,2.0852086544036865,2.334247589111328,2.5345284938812256,1.1971492767333984,0.8725475668907166,0.596355676651001,0.38640445470809937,0.0,0.4086240530014038,0.585139811038971,0.9335068464279175,1.0161021947860718,1.3977489471435547,1.5851600170135498,1.9433870315551758,2.1720142364501953,2.5056073665618896,2.69804310798645,1.5545287132263184,1.197614312171936,1.0353840589523315,0.7698700428009033,0.5659515857696533,0.7683776617050171,0.7569589614868164,1.093299388885498,1.1961928606033325,1.5358059406280518,1.7487236261367798,2.0653765201568604,2.3263421058654785,2.635521650314331,2.8821163177490234,2.019108295440674,1.6615053415298462,1.5788205862045288,1.3102163076400757,1.1171176433563232,1.2071492671966553,1.122765064239502,1.3972169160842896,1.491446614265442,1.7657227516174316,1.986995816230774,2.2512500286102295,2.5386404991149902,2.8048863410949707,3.0993995666503906,2.555201292037964,2.2074642181396484,2.2005562782287598,1.9629218578338623,1.719346523284912,1.6807206869125366,1.5546269416809082,1.79331636428833,1.8584027290344238,2.080332040786743,2.2935588359832764,2.4730165004730225,2.786102056503296,2.9090147018432617,3.2923929691314697
B6,1.7129108905792236,1.4549148082733154,1.0881035327911377,0.9634614586830139,0.7619315981864929,0.5187185406684875,0.8289768695831299,0.9895806908607483,1.098933458328247,1.436652421951294,1.6111199855804443,1.97169029712677,2.199211835861206,2.4774460792541504,2.7071144580841064,1.5153274536132812,1.185670256614685,0.9170904159545898,0.6346112489700317,0.4086240530014038,0.0,0.39186593890190125,0.7279058694839478,0.9355006217956543,1.3106151819229126,1.5607798099517822,1.912430763244629,2.1787209510803223,2.5249533653259277,2.741992473602295,1.69094717502594,1.3137483596801758,1.1285076141357422,0.7753782272338867,0.5651763081550598,0.5195860862731934,0.4345216453075409,0.7931931614875793,1.0093318223953247,1.350750207901001,1.628922700881958,1.9417811632156372,2.241600513458252,2.5559701919555664,2.8206939697265625,2.013594388961792,1.629838228225708,1.5432664155960083,1.2014521360397339,1.0395283699035645,1.0021535158157349,0.8430553674697876,1.0900031328201294,1.2550837993621826,1.5188179016113281,1.7948482036590576,2.0508320331573486,2.3749749660491943,2.640077829360962,2.951122283935547,2.452026605606079,2.087139368057251,2.097952365875244,1.8109914064407349,1.6085946559906006,1.497261643409729,1.3138442039489746,1.5052471160888672,1.6026076078414917,1.7973299026489258,2.0481975078582764,2.209591865539551,2.549612283706665,2.663475275039673,3.0558252334594727
B7,1.8562302589416504,1.5500736236572266,1.2291548252105713,0.9832298755645752,0.7672716975212097,0.3925129473209381,0.5395345687866211,0.610049307346344,0.7735493183135986,1.0930169820785522,1.3230198621749878,1.6583983898162842,1.927532434463501,2.190075397491455,2.453828811645508,1.5132789611816406,1.1462342739105225,0.9963247179985046,0.617543637752533,0.585139811038971,0.39186593890190125,0.0,0.3961750566959381,0.6503787636756897,0.9982544779777527,1.2919683456420898,1.6126339435577393,1.914812684059143,2.2364420890808105,2.488619565963745,1.7093154191970825,1.3191345930099487,1.2462114095687866,0.8664789795875549,0.8237818479537964,0.8025928139686584,0.509410560131073,0.6860363483428955,0.8465905785560608,1.1176116466522217,1.4034146070480347,1.672889232635498,1.9933449029922485,2.27481746673584,2.567901372909546,2.0269229412078857,1.6530176401138306,1.6588345766067505,1.3256460428237915,1.267474889755249,1.2538535594940186,0.9916815757751465,1.112245798110962,1.1943608522415161,1.3756405115127563,1.625529408454895,1.83042311668396,2.1546661853790283,2.382061243057251,2.712341547012329,2.4679479598999023,2.127540349960327,2.2065062522888184,1.950081706047058,1.8046948909759521,1.728772521018982,1.4786227941513062,1.5908442735671997,1.6063621044158936,1.731929063796997,1.9342221021652222,2.0451085567474365,2.361701488494873,2.4351370334625244,2.8245694637298584
B8,2.2330009937286377,1.9111300706863403,1.6045798063278198,1.324571132659912,1.1294147968292236,0.7460007071495056,0.7167415022850037,0.5353331565856934,0.6794089674949646,0.8807849884033203,1.1329652070999146,1.428086757659912,1.7225213050842285,2.0075390338897705,2.2894163131713867,1.6209959983825684,1.2735369205474854,1.1982674598693848,0.8316723704338074,0.9335068464279175,0.7279058694839478,0.3961750566959381,0.0,0.39209258556365967,0.6610924601554871,0.9995755553245544,1.2910782098770142,1.619034767150879,1.93662691116333,2.20841908454895,1.6764458417892456,1.2985022068023682,1.3065603971481323,0.9287323355674744,1.0274584293365479,0.9673506617546082,0.5833327770233154,0.49102675914764404,0.5732362866401672,0.7555209398269653,1.0636695623397827,1.3031848669052124,1.6448373794555664,1.914595603942871,2.2217910289764404,1.8916327953338623,1.5338038206100464,1.618152379989624,1.293163537979126,1.3501662015914917,1.3318480253219604,0.9898938536643982,0.9666320085525513,0.961581289768219,1.0562227964401245,1.2875279188156128,1.456047534942627,1.7854562997817993,1.9961997270584106,2.3357532024383545,2.2777774333953857,1.9630249738693237,2.106440782546997,1.8753408193588257,1.804932951927185,1.7543243169784546,1.4423646926879883,1.465543270111084,1.4016101360321045,1.4604482650756836,1.6193008422851562,1.6948524713516235,1.995188593864441,2.051771640777588,2.4385945796966553
B9,2.348353147506714,2.003877878189087,1.7048192024230957,1.406868577003479,1.3124396800994873,0.963188111782074,0.8458990454673767,0.6093305945396423,0.5005199313163757,0.6349928379058838,0.7903755307197571,1.1092255115509033,1.3645001649856567,1.6766881942749023,1.934369683265686,1.3656330108642578,1.0570682287216187,1.067819595336914,0.7649950981140137,1.0161021947860718,0.9355006217956543,0.6503787636756897,0.39209258556365967,0.0,0.38730427622795105,0.643705427646637,0.9780431985855103,1.2690136432647705,1.6027960777282715,1.849454402923584,1.3707947731018066,1.0148459672927856,1.1253094673156738,0.8132688403129578,1.0439319610595703,1.0977658033370972,0.7657448649406433,0.6468895077705383,0.45844802260398865,0.6086816787719727,0.7996047139167786,1.0655981302261353,1.3590021133422852,1.644098162651062,1.9256157875061035,1.6172821521759033,1.2915767431259155,1.445601463317871,1.1933488845825195,1.3143913745880127,1.397547960281372,1.0842387676239014,1.05308198928833,0.9091079831123352,0.997794508934021,1.1258224248886108,1.3129768371582031,1.5859547853469849,1.8129518032073975,2.1237521171569824,2.0661332607269287,1.7842386960983276,1.9548981189727783,1.791493535041809,1.7357991933822632,1.7728687524795532,1.4774038791656494,1.513843059539795,1.3713548183441162,1.4497145414352417,1.5347987413406372,1.6404736042022705,1.893641471862793,1.9793792963027954,2.3473362922668457
B10,2.6856021881103516,2.329793691635132,2.0553019046783447,1.7320326566696167,1.6417393684387207,1.2934150695800781,1.1028072834014893,0.7668808698654175,0.6357831954956055,0.5122976303100586,0.6595587134361267,0.8694795370101929,1.1576801538467407,1.4738038778305054,1.7546238899230957,1.5796922445297241,1.312182903289795,1.3968679904937744,1.124594807624817,1.3977489471435547,1.3106151819229126,0.9982544779777527,0.6610924601554871,0.38730427622795105,0.0,0.3841699957847595,0.6302121877670288,0.9710182547569275,1.279137372970581,1.5622283220291138,1.5026835203170776,1.2048381567001343,1.395474910736084,1.1348682641983032,1.4097189903259277,1.4438469409942627,1.0998072624206543,0.8683730959892273,0.5992072820663452,0.4723527133464813,0.5657190680503845,0.7288440465927124,1.0383291244506836,1.2844873666763306,1.5928579568862915,1.6560251712799072,1.3866407871246338,1.6223517656326294,1.4145543575286865,1.6089591979980469,1.6892575025558472,1.3530797958374023,1.220943808555603,0.9884007573127747,0.9319741129875183,0.9584254026412964,1.054398536682129,1.2963225841522217,1.4777799844741821,1.797849416732788,2.0477113723754883,1.8189923763275146,2.0546841621398926,1.9371010065078735,1.947664499282837,2.010514259338379,1.6877543926239014,1.6480424404144287,1.4265539646148682,1.4179892539978027,1.4125794172286987,1.4569779634475708,1.6524091958999634,1.70231032371521,2.0512988567352295
B11,2.865513801574707,2.5039222240448,2.235732078552246,1.9207079410552979,1.8947569131851196,1.5737903118133545,1.3740125894546509,1.0694540739059448,0.8164198398590088,0.6165226101875305,0.5133140683174133,0.680687665939331,0.8672624826431274,1.231945276260376,1.4641332626342773,1.4732424020767212,1.2883718013763428,1.4355192184448242,1.2542070150375366,1.5851600170135498,1.5607798099517822,1.2919683456420898,0.9995755553245544,0.643705427646637,0.3841699957847595,0.0,0.3857628107070923,0.6259616017341614,0.9748347997665405,1.2118690013885498,1.2987110614776611,1.0794378519058228,1.3583861589431763,1.1992851495742798,1.536771535873413,1.6340540647506714,1.3431591987609863,1.1325879096984863,0.7795487642288208,0.6368914842605591,0.467807799577713,0.6180936694145203,0.7962397933006287,1.064332365989685,1.3195667266845703,1.4416342973709106,1.2433960437774658,1.5433050394058228,1.4286577701568604,1.6668109893798828,1.8158949613571167,1.5235323905944824,1.4006519317626953,1.0933674573898315,1.0390851497650146,0.9334114789962769,1.038826823234558,1.17311692237854,1.3717490434646606,1.63413667678833,1.8731215000152588,1.697393774986267,1.9548275470733643,1.9131927490234375,1.9429758787155151,2.078695297241211,1.7870146036148071,1.7605986595153809,1.4886308908462524,1.5017293691635132,1.4214988946914673,1.5009485483169556,1.6300418376922607,1.7192864418029785,2.029587745666504
B12,3.1734960079193115,2.8040692806243896,2.5606281757354736,2.2246475219726562,2.1960134506225586,1.8775347471237183,1.6329195499420166,1.290566086769104,1.066130518913269,0.7504062652587891,0.6440843939781189,0.5649119019508362,0.7570358514785767,1.0810937881469727,1.3347870111465454,1.7727934122085571,1.61044442653656,1.7968422174453735,1.6129064559936523,1.9433870315551758,1.912430763244629,1.6126339435577393,1.2910782098770142,0.9780431985855103,0.6302121877670288,0.3857628107070923,0.0,0.395995557308197,0.6546465754508972,0.9632533192634583,1.5948216915130615,1.4278244972229004,1.7297340631484985,1.5842379331588745,1.9206160306930542,2.001798152923584,1.6919846534729004,1.4412437677383423,1.1041117906570435,0.8527963757514954,0.6177346706390381,0.5051648616790771,0.6043230891227722,0.7512919902801514,1.0450931787490845,1.6708905696868896,1.5345137119293213,1.8678544759750366,1.7768274545669556,2.038053274154663,2.174497365951538,1.8670434951782227,1.6955854892730713,1.370421290397644,1.2205010652542114,1.034781575202942,1.004903793334961,1.0515505075454712,1.152787446975708,1.4081476926803589,2.031013250350952,1.9137852191925049,2.211329221725464,2.20206618309021,2.2722396850585938,2.4136693477630615,2.1079397201538086,2.0327436923980713,1.7245930433273315,1.6651204824447632,1.5091018676757812,1.51313054561615,1.5570932626724243,1.5906733274459839,1.85558021068573
B13,3.3926095962524414,3.024287700653076,2.783400535583496,2.4632771015167236,2.478506326675415,2.1778252124786377,1.9425580501556396,1.6293883323669434,1.350871205329895,1.055713415145874,0.8159824013710022,0.6823652982711792,0.6442524790763855,0.9869620203971863,1.1389459371566772,1.7882734537124634,1.709934949874878,1.926196813583374,1.81539785861969,2.1720142364501953,2.1787209510803223,1.914812684059143,1.619034767150879,1.2690136432647705,0.9710182547569275,0.6259616017341614,0.395995557308197,0.0,0.39687779545783997,0.5951640009880066,1.5145955085754395,1.445654273033142,1.7921321392059326,1.7318435907363892,2.0978119373321533,2.218456983566284,1.95172917842865,1.720200777053833,1.350180983543396,1.1290972232818604,0.8013895153999329,0.6948597431182861,0.5380477905273438,0.6598131060600281,0.8166875839233398,1.5515944957733154,1.5075056552886963,1.8752583265304565,1.868472695350647,2.1536734104156494,2.337170124053955,2.0709807872772217,1.9133745431900024,1.554852843284607,1.4256749153137207,1.164307951927185,1.1510645151138306,1.0698199272155762,1.1787655353546143,1.3296124935150146,1.9179421663284302,1.8669447898864746,2.1729013919830322,2.2357707023620605,2.322711706161499,2.5209853649139404,2.2498512268066406,2.1885976791381836,1.8549134731292725,1.8202404975891113,1.6135579347610474,1.6547259092330933,1.6343220472335815,1.7123879194259644,1.9219777584075928
