,A1,A2,A3,A4,A5,A6,A7,A8,A9,A10,A11,A12,A13,A14,A15,B1,B2,B3,B4,B5,B6,B7,B8,B9,B10,B11,B12,B13,B14,B15,C1,C2,C3,C4,C5,C6,C7,C8,C9,C10,C11,C12,C13,C14,C15,D1,D2,D3,D4,D5,D6,D7,D8,D9,D10,D11,D12,D13,D14,D15,E1,E2,E3,E4,E5,E6,E7,E8,E9,E10,E11,E12,E13,E14,E15
A1,0.0,0.3804873824119568,0.6210196018218994,0.9209997653961182,1.1750566959381104,1.4974550008773804,1.6358610391616821,1.9136470556259155,1.7938812971115112,2.109027147293091,2.099391222000122,2.416524887084961,2.452017068862915,2.6281075477600098,2.654996395111084,1.2808345556259155,1.196377158164978,1.1390793323516846,1.2639636993408203,1.1776964664459229,1.5540366172790527,1.723189353942871,2.047760248184204,2.018364429473877,2.331231117248535,2.410374879837036,2.7195825576782227,2.844576120376587,3.112769842147827,3.2354822158813477,2.037182331085205,1.8600345849990845,1.7327139377593994,1.7036131620407104,1.5166196823120117,1.8446675539016724,1.9464398622512817,2.2768044471740723,2.305924654006958,2.6038734912872314,2.7341842651367188,3.0243887901306152,3.2090063095092773,3.4729795455932617,3.669367551803589,2.7352564334869385,2.493894338607788,2.3494722843170166,2.240363359451294,1.9898390769958496,2.2345335483551025,2.272052764892578,2.587339401245117,2.6457674503326416,2.914512872695923,3.077178478240967,3.3369014263153076,3.570904016494751,3.8022842407226562,4.063357353210449,3.415182113647461,3.121941328048706,2.991950273513794,2.8675103187561035,2.554487943649292,2.6645262241363525,2.652301788330078,2.9544336795806885,3.0257959365844727,3.2554562091827393,3.44144606590271,3.6424872875213623,3.917853593826294,4.051311492919922,4.38702917098999
A2,0.3804873824119568,0.0,0.38894522190093994,0.5812968611717224,0.8543694019317627,1.1975950002670288,1.3002452850341797,1.5942680835723877,1.5019571781158447,1.8243571519851685,1.8608074188232422,2.174438238143921,2.2570486068725586,2.4207208156585693,2.4960997104644775,1.2887126207351685,1.1028779745101929,1.060185194015503,1.0743064880371094,0.9861787557601929,1.3651713132858276,1.4669783115386963,1.7876664400100708,1.779619574546814,2.081972360610962,2.1952550411224365,2.4926533699035645,2.6546618938446045,2.9114584922790527,3.073396921157837,2.0318048000335693,1.8009146451950073,1.699235439300537,1.5979266166687012,1.431028127670288,1.7423597574234009,1.7696751356124878,2.076956033706665,2.1146998405456543,2.3877081871032715,2.5378639698028564,2.8073298931121826,3.0177276134490967,3.263775110244751,3.490172863006592,2.713052988052368,2.4418182373046875,2.3314833641052246,2.1785407066345215,1.9592195749282837,2.1847472190856934,2.156146287918091,2.438173294067383,2.492732524871826,2.7287542819976807,2.8974545001983643,3.1301515102386475,3.378045082092285,3.5855329036712646,3.86761212348938,3.372880458831787,3.0686662197113037,2.9783852100372314,2.8326737880706787,2.548537015914917,2.650331974029541,2.581812858581543,2.849322557449341,2.9061708450317383,3.0993404388427734,3.2793798446655273,3.4481775760650635,3.7242772579193115,3.8280844688415527,4.166572093963623
A3,0.6210196018218994,0.38894522190093994,0.0,0.3796568512916565,0.5921276807785034,0.8802011609077454,1.0430452823638916,1.3334791660308838,1.2718942165374756,1.6229931116104126,1.689081072807312,2.0331122875213623,2.1473135948181152,2.361795663833618,2.469014883041382,1.2182475328445435,0.972640872001648,0.8177691102027893,0.7736227512359619,0.6084110736846924,0.9796491265296936,1.1143449544906616,1.4542694091796875,1.4774868488311768,1.8093165159225464,1.9536384344100952,2.276254177093506,2.4605960845947266,2.7477221488952637,2.923853874206543,1.850891351699829,1.5801308155059814,1.431197166442871,1.2794857025146484,1.076183557510376,1.3643722534179688,1.3907275199890137,1.7116674184799194,1.7781801223754883,2.071592092514038,2.251283884048462,2.539645195007324,2.7702808380126953,3.0375046730041504,3.2732770442962646,2.4723286628723145,2.1736345291137695,2.0444085597991943,1.8529932498931885,1.6237181425094604,1.8219927549362183,1.7786622047424316,2.0634212493896484,2.1404733657836914,2.386967897415161,2.5806868076324463,2.8255608081817627,3.092313528060913,3.3151156902313232,3.6053426265716553,3.091994285583496,2.769907236099243,2.6788415908813477,2.5033938884735107,2.222670555114746,2.3010098934173584,2.213698148727417,2.4753682613372803,2.5471856594085693,2.741711378097534,2.941016435623169,3.114912509918213,3.4076051712036133,3.5208137035369873,3.870785713195801
A4,0.9209997653961182,0.5812968611717224,0.3796568512916565,0.0,0.3853994309902191,0.6635611653327942,0.7204272747039795,1.0204793214797974,0.9810662865638733,1.3303453922271729,1.4467495679855347,1.7745124101638794,1.9358673095703125,2.1269474029541016,2.281041383743286,1.2895792722702026,0.9713848829269409,0.8881251215934753,0.698951780796051,0.6092677712440491,0.9425097107887268,0.9377386569976807,1.2436360120773315,1.274153709411621,1.5745353698730469,1.7477383613586426,2.0443387031555176,2.262699842453003,2.526606798171997,2.7403440475463867,1.8853821754455566,1.578101396560669,1.4900708198547363,1.277122139930725,1.147952675819397,1.406856656074524,1.3256770372390747,1.5899481773376465,1.6438013315200806,1.8896350860595703,2.0767834186553955,2.3304073810577393,2.580606698989868,2.8191866874694824,3.082667827606201,2.48348331451416,2.169045925140381,2.096003770828247,1.8774232864379883,1.7106558084487915,1.8954044580459595,1.77519953250885,2.0027787685394287,2.053783416748047,2.249375104904175,2.433422565460205,2.639361619949341,2.9109342098236084,3.100632905960083,3.4082834720611572,3.081827402114868,2.761234760284424,2.721808433532715,2.5418477058410645,2.306408166885376,2.3911867141723633,2.245994806289673,2.459555149078369,2.4974703788757324,2.6437854766845703,2.820807933807373,2.9542508125305176,3.2365942001342773,3.3137624263763428,3.659701108932495
A5,1.1750566959381104,0.8543694019317627,0.5921276807785034,0.3853994309902191,0.0,0.38662925362586975,0.5822716355323792,0.9495578408241272,1.0510679483413696,1.4161357879638672,1.6111156940460205,1.9405895471572876,2.1549370288848877,2.36002254486084,2.5550715923309326,1.6086006164550781,1.2762279510498047,1.114117980003357,0.8543820381164551,0.6181638240814209,0.804966390132904,0.7895201444625854,1.137683629989624,1.282454490661621,1.597591757774353,1.841190218925476,2.141953468322754,2.4046475887298584,2.6791422367095947,2.9242725372314453,2.110421895980835,1.7751771211624146,1.6389780044555664,1.361222743988037,1.1719945669174194,1.3297126293182373,1.2093360424041748,1.4782509803771973,1.616052269935608,1.8643172979354858,2.1123108863830566,2.365387201309204,2.655721664428711,2.8984382152557373,3.1884734630584717,2.63151478767395,2.2895054817199707,2.1932544708251953,1.9192864894866943,1.734413504600525,1.8406134843826294,1.6807142496109009,1.894078254699707,2.0045251846313477,2.1913161277770996,2.423433780670166,2.6214232444763184,2.9279890060424805,3.1147642135620117,3.445718765258789,3.166050672531128,2.8240184783935547,2.7845683097839355,2.5561132431030273,2.326272487640381,2.3508057594299316,2.1708037853240967,2.35969877243042,2.4366393089294434,2.563369035720825,2.775282382965088,2.8904664516448975,3.1995370388031006,3.2632126808166504,3.6261870861053467
A6,1.4974550008773804,1.1975950002670288,0.8802011609077454,0.6635611653327942,0.38662925362586975,0.0,0.37310871481895447,0.6858887672424316,0.8755537867546082,1.231103777885437,1.4727674722671509,1.8025575876235962,2.0544180870056152,2.2912137508392334,2.520416498184204,1.6847432851791382,1.3318045139312744,1.1376184225082397,0.8041581511497498,0.5849916338920593,0.5769801139831543,0.44966137409210205,0.791563868522644,1.0085209608078003,1.3236093521118164,1.6130568981170654,1.9153623580932617,2.2068235874176025,2.494204521179199,2.7594423294067383,2.039621591567993,1.6786757707595825,1.53813636302948,1.2023242712020874,1.043526291847229,1.1134835481643677,0.9082058072090149,1.1356345415115356,1.309258222579956,1.5446020364761353,1.8284056186676025,2.0783913135528564,2.3931119441986084,2.6409738063812256,2.945401668548584,2.466536283493042,2.105642080307007,2.0231547355651855,1.7098451852798462,1.5644644498825073,1.6218641996383667,1.4003965854644775,1.5678491592407227,1.6890811920166016,1.8532330989837646,2.106353282928467,2.294994831085205,2.620035171508789,2.806509494781494,3.1484768390655518,2.9355576038360596,2.5856428146362305,2.5719845294952393,2.3192737102508545,2.1267642974853516,2.1306164264678955,1.9031122922897339,2.050199031829834,2.122422456741333,2.221200466156006,2.440060615539551,2.5395030975341797,2.8586912155151367,2.916511297225952,3.287006139755249
A7,1.6358610391616821,1.3002452850341797,1.0430452823638916,0.7204272747039795,0.5822716355323792,0.37310871481895447,0.0,0.3837360739707947,0.6007630825042725,0.9279299974441528,1.2084035873413086,1.5058132410049438,1.7872329950332642,1.9919848442077637,2.2503886222839355,1.664149284362793,1.292937994003296,1.1969311237335205,0.8310144543647766,0.787212610244751,0.8230273127555847,0.5353411436080933,0.7159443497657776,0.8701829314231873,1.1146070957183838,1.404768466949463,1.665888786315918,1.9733402729034424,2.226613998413086,2.5153186321258545,2.010162115097046,1.6459985971450806,1.590889811515808,1.25853431224823,1.2152730226516724,1.316272258758545,1.0454487800598145,1.1707431077957153,1.264517903327942,1.424314260482788,1.677808403968811,1.880702257156372,2.194582223892212,2.4054386615753174,2.725109338760376,2.4410717487335205,2.089580774307251,2.076035976409912,1.7815145254135132,1.7116351127624512,1.803576946258545,1.545659065246582,1.6487419605255127,1.6965514421463013,1.7987546920776367,2.0062239170074463,2.1496269702911377,2.4575862884521484,2.606233835220337,2.9534406661987305,2.9148240089416504,2.5848636627197266,2.6219208240509033,2.399601459503174,2.2515370845794678,2.2985470294952393,2.0463271141052246,2.154431104660034,2.1633970737457275,2.2175230979919434,2.3853647708892822,2.4472832679748535,2.7356016635894775,2.759328603744507,3.113844156265259
A8,1.9136470556259155,1.5942680835723877,1.3334791660308838,1.0204793214797974,0.9495578408241272,0.6858887672424316,0.3837360739707947,0.0,0.37705686688423157,0.6155847907066345,0.9453803896903992,1.2161890268325806,1.5321160554885864,1.7526103258132935,2.0417721271514893,1.6838486194610596,1.3199257850646973,1.2644425630569458,0.8946762084960938,0.9752877950668335,0.9420376420021057,0.57086580991745,0.5061397552490234,0.6034575700759888,0.7651916742324829,1.080167293548584,1.3151218891143799,1.6457518339157104,1.8924237489700317,2.2006192207336426,1.8933982849121094,1.527669906616211,1.530605673789978,1.1926331520080566,1.2595033645629883,1.3301715850830078,0.9995922446250916,0.999255359172821,1.0224688053131104,1.1054898500442505,1.3464152812957764,1.51743745803833,1.8399291038513184,2.036766290664673,2.3680248260498047,2.246812343597412,1.900031328201294,1.944838285446167,1.6551694869995117,1.6707829236984253,1.7625917196273804,1.4637340307235718,1.4884579181671143,1.471053123474121,1.5131981372833252,1.6880749464035034,1.799288034439087,2.1002535820007324,2.231874942779541,2.582720994949341,2.675633668899536,2.361142635345459,2.4479191303253174,2.242220163345337,2.152440071105957,2.2244644165039062,1.9411969184875488,1.9987250566482544,1.9503870010375977,1.9611845016479492,2.0881669521331787,2.1232714653015137,2.3913073539733887,2.3999125957489014,2.746311902999878
A9,1.7938812971115112,1.5019571781158447,1.2718942165374756,0.9810662865638733,1.0510679483413696,0.8755537867546082,0.6007630825042725,0.37705686688423157,0.0,0.37399572134017944,0.6109493374824524,0.9272230267524719,1.19950532913208,1.4398913383483887,1.699067234992981,1.3687500953674316,1.0182018280029297,1.0421817302703857,0.71837317943573,0.9468149542808533,1.016740322113037,0.7193495035171509,0.6463062167167664,0.5002111792564392,0.6459205150604248,0.8499690890312195,1.104956030845642,1.3871651887893677,1.6413356065750122,1.9177452325820923,1.584706425666809,1.2346338033676147,1.3054605722427368,1.0244759321212769,1.1776564121246338,1.3377902507781982,1.0655889511108398,1.076621174812317,0.9769923686981201,1.0655720233917236,1.2129933834075928,1.3981716632843018,1.6687285900115967,1.8736543655395508,2.17250919342041,1.9970197677612305,1.6742215156555176,1.7545521259307861,1.5221760272979736,1.5696995258331299,1.7398967742919922,1.4891507625579834,1.5381284952163696,1.4474303722381592,1.510157585144043,1.6198095083236694,1.7518428564071655,2.006662130355835,2.152771234512329,2.472348928451538,2.491786003112793,2.199208974838257,2.2900924682617188,2.137042284011841,2.046445369720459,2.1823787689208984,1.9381260871887207,2.0267443656921387,1.9350061416625977,1.977169156074524,2.0628437995910645,2.1305625438690186,2.3660738468170166,2.402418375015259,2.7280044555664062
A10,2.109027147293091,1.8243571519851685,1.6229931116104126,1.3303453922271729,1.4161357879638672,1.231103777885437,0.9279299974441528,0.6155847907066345,0.37399572134017944,0.0,0.378898948431015,0.6013333201408386,0.9327113032341003,1.1589003801345825,1.4625431299209595,1.5171376466751099,1.2100623846054077,1.303498387336731,1.0302176475524902,1.3027015924453735,1.3452649116516113,1.0334149599075317,0.8360927104949951,0.6051607131958008,0.5050259232521057,0.63328617811203,0.7919806241989136,1.0932751893997192,1.3063852787017822,1.6132755279541016,1.6163564920425415,1.3000999689102173,1.4571198225021362,1.2181888818740845,1.4524905681610107,1.5923560857772827,1.3039348125457764,1.213698148727417,1.0264941453933716,0.9846324324607849,1.0464813709259033,1.1482080221176147,1.3996697664260864,1.5575016736984253,1.8678659200668335,1.9568941593170166,1.6655619144439697,1.824205756187439,1.628097653388977,1.7570576667785645,1.9312267303466797,1.6652634143829346,1.6417932510375977,1.4748055934906006,1.4558454751968384,1.4879597425460815,1.5576056241989136,1.773011326789856,1.8759490251541138,2.190007209777832,2.411674976348877,2.1551220417022705,2.30477237701416,2.189889907836914,2.1606476306915283,2.3267414569854736,2.0685369968414307,2.107983112335205,1.9515793323516846,1.9423742294311523,1.959329605102539,1.9863229990005493,2.1726126670837402,2.1788361072540283,2.4765210151672363
A11,2.099391222000122,1.8608074188232422,1.689081072807312,1.4467495679855347,1.6111156940460205,1.4727674722671509,1.2084035873413086,0.9453803896903992,0.6109493374824524,0.378898948431015,0.0,0.37301144003868103,0.5958801507949829,0.8864418864250183,1.1389440298080444,1.29776930809021,1.0553234815597534,1.2274272441864014,1.0536314249038696,1.4019469022750854,1.4979894161224365,1.2550383806228638,1.0801293849945068,0.7508345246315002,0.6370247006416321,0.522264301776886,0.6708276867866516,0.8561373949050903,1.0817201137542725,1.331117033958435,1.3412054777145386,1.0748347043991089,1.3165717124938965,1.1717890501022339,1.4720796346664429,1.666731595993042,1.4444001913070679,1.3693187236785889,1.1013003587722778,1.0683000087738037,1.0062494277954102,1.115523099899292,1.2739263772964478,1.441123366355896,1.6936602592468262,1.7169829607009888,1.470747470855713,1.6729212999343872,1.5540317296981812,1.7173261642456055,1.9516699314117432,1.741776466369629,1.7387306690216064,1.5151704549789429,1.5194389820098877,1.480087399482727,1.5733221769332886,1.7235045433044434,1.8463205099105835,2.110167980194092,2.22879958152771,2.0062365531921387,2.1597976684570312,2.1068601608276367,2.0840468406677246,2.307523488998413,2.0951285362243652,2.160412311553955,1.9686310291290283,1.9927657842636108,1.9688215255737305,2.0338523387908936,2.1814067363739014,2.224482536315918,2.492983102798462
A12,2.416524887084961,2.174438238143921,2.0331122875213623,1.7745124101638794,1.9405895471572876,1.8025575876235962,1.5058132410049438,1.2161890268325806,0.9272230267524719,0.6013333201408386,0.37301144003868103,0.0,0.38785111904144287,0.5984387397766113,0.9214712381362915,1.5702557563781738,1.3723641633987427,1.5823140144348145,1.4247384071350098,1.7716166973114014,1.8584142923355103,1.5927225351333618,1.3772282600402832,1.0624563694000244,0.8390234112739563,0.6515923142433167,0.5726518034934998,0.7045153379440308,0.8066356182098389,1.091964602470398,1.552770733833313,1.3450919389724731,1.6315808296203613,1.5168224573135376,1.8356573581695557,2.0149989128112793,1.778311014175415,1.653985857963562,1.3633127212524414,1.2377671003341675,1.0978903770446777,1.0845813751220703,1.1795628070831299,1.2529757022857666,1.5022040605545044,1.8573315143585205,1.661704182624817,1.919899821281433,1.8348122835159302,2.0403473377227783,2.2688939571380615,2.0494022369384766,1.9994031190872192,1.737414836883545,1.6730223894119263,1.5630595684051514,1.5787581205368042,1.6654562950134277,1.7209382057189941,1.9625777006149292,2.3190524578094482,2.143805503845215,2.3454082012176514,2.3287391662597656,2.35215163230896,2.590686559677124,2.3710765838623047,2.3979382514953613,2.1639058589935303,2.140950918197632,2.053954601287842,2.0717833042144775,2.1573846340179443,2.1599998474121094,2.3834640979766846
A13,2.452017068862915,2.2570486068725586,2.1473135948181152,1.9358673095703125,2.1549370288848877,2.0544180870056152,1.7872329950332642,1.5321160554885864,1.19950532913208,0.9327113032341003,0.5958801507949829,0.38785111904144287,0.0,0.3991231322288513,0.5929898619651794,1.459572196006775,1.3512680530548096,1.6153631210327148,1.5465567111968994,1.926666498184204,2.0540225505828857,1.8411246538162231,1.6546409130096436,1.3031818866729736,1.1170659065246582,0.8307889103889465,0.7496486306190491,0.6678736209869385,0.731608510017395,0.8838701844215393,1.3907606601715088,1.270760178565979,1.614612340927124,1.5917203426361084,1.9376213550567627,2.156942844390869,1.9780490398406982,1.8789494037628174,1.553727149963379,1.4570845365524292,1.2440927028656006,1.243770956993103,1.2275935411453247,1.2989424467086792,1.4525593519210815,1.7202942371368408,1.5928348302841187,1.878869652748108,1.8728752136230469,2.092423677444458,2.365931272506714,2.2010793685913086,2.1767725944519043,1.8867331743240356,1.8526557683944702,1.6953665018081665,1.736850619316101,1.7575122117996216,1.8317530155181885,2.0068628787994385,2.2307755947113037,2.0999481678009033,2.295193910598755,2.3409476280212402,2.364773988723755,2.648341178894043,2.477290391921997,2.5312705039978027,2.27899169921875,2.2912397384643555,2.176905632019043,2.2327117919921875,2.2833681106567383,2.323516368865967,2.5136473178863525
A14,2.6281075477600098,2.4207208156585693,2.361795663833618,2.1269474029541016,2.36002254486084,2.2912137508392334,1.9919848442077637,1.7526103258132935,1.4398913383483887,1.1589003801345825,0.8864418864250183,0.5984387397766113,0.3991231322288513,0.0,0.39289894700050354,1.7140356302261353,1.6159896850585938,1.9161710739135742,1.8408803939819336,2.2118399143218994,2.3652703762054443,2.1303327083587646,1.955101490020752,1.629102349281311,1.430246353149414,1.1851155757904053,1.0390466451644897,0.9604606628417969,0.864509642124176,1.00384521484375,1.7398852109909058,1.6409132480621338,1.9849703311920166,1.9592468738555908,2.2856383323669434,2.517197370529175,2.3230319023132324,2.226823568344116,1.9181790351867676,1.7997995615005493,1.5951849222183228,1.5368775129318237,1.5036967992782593,1.485763430595398,1.6278445720672607,2.0889956951141357,1.9841195344924927,2.2723429203033447,2.2691762447357178,2.4769392013549805,2.752138614654541,2.577730178833008,2.5492424964904785,2.26473069190979,2.206090211868286,2.0397109985351562,2.0341908931732178,2.0294673442840576,2.0413057804107666,2.200777769088745,2.5874311923980713,2.479200601577759,2.68367600440979,2.7383389472961426,2.7626519203186035,3.045548439025879,2.8695802688598633,2.916245698928833,2.6608011722564697,2.6505537033081055,2.5187878608703613,2.5388007164001465,2.559152841567993,2.5564088821411133,2.713165044784546
A15,2.654996395111084,2.4960997104644775,2.469014883041382,2.281041383743286,2.5550715923309326,2.520416498184204,2.2503886222839355,2.0417721271514893,1.699067234992981,1.4625431299209595,1.1389440298080444,0.9214712381362915,0.5929898619651794,0.39289894700050354,0.0,1.6571117639541626,1.6449946165084839,1.9782705307006836,1.9767882823944092,2.362771511077881,2.5509684085845947,2.3619070053100586,2.216331720352173,1.868676781654358,1.7066764831542969,1.4196926355361938,1.3071672916412354,1.1343994140625,1.0418920516967773,1.0306984186172485,1.6720155477523804,1.6542280912399292,2.0218169689178467,2.0684709548950195,2.4008264541625977,2.6654181480407715,2.5211756229400635,2.454111337661743,2.1294257640838623,2.0455915927886963,1.8094209432601929,1.7803913354873657,1.6871089935302734,1.6848472356796265,1.7451649904251099,2.0521039962768555,2.0067596435546875,2.296891927719116,2.3556249141693115,2.559211254119873,2.869058132171631,2.74322772026062,2.7444353103637695,2.4496753215789795,2.4254536628723145,2.239603042602539,2.2657575607299805,2.2247941493988037,2.262354850769043,2.370544195175171,2.5923714637756348,2.5193026065826416,2.703036308288574,2.805478572845459,2.818850517272949,3.1332876682281494,3.002518653869629,3.078862428665161,2.820061683654785,2.845947504043579,2.705916166305542,2.762932777404785,2.7675747871398926,2.8008217811584473,2.938446044921875
B1,1.2808345556259155,1.2887126207351685,1.2182475328445435,1.2895792722702026,1.6086006164550781,1.6847432851791382,1.664149284362793,1.6838486194610596,1.3687500953674316,1.5171376466751099,1.29776930809021,1.5702557563781738,1.459572196006775,1.7140356302261353,1.6571117639541626,0.0,0.3721729815006256,0.6146177053451538,0.9144690632820129,1.2088842391967773,1.5116523504257202,1.587732195854187,1.6974107027053833,1.4444164037704468,1.6419317722320557,1.5273497104644775,1.8021926879882812,1.7920658588409424,2.065253973007202,2.091487169265747,0.8361189365386963,0.7633897662162781,0.8654622435569763,1.0372449159622192,1.1798728704452515,1.563876986503601,1.6445611715316772,1.8304318189620972,1.651270866394043,1.8811558485031128,1.8461782932281494,2.1197566986083984,2.1879351139068604,2.455073356628418,2.564903736114502,1.5995292663574219,1.4375361204147339,1.4272961616516113,1.4688704013824463,1.4200968742370605,1.795017123222351,1.8406622409820557,2.0713860988616943,1.9512760639190674,2.185346841812134,2.2111623287200928,2.471841812133789,2.6058390140533447,2.8511974811553955,3.035365104675293,2.338972330093384,2.116877794265747,2.0546951293945312,2.0615618228912354,1.8483049869537354,2.1198318004608154,2.118972063064575,2.3831942081451416,2.3095765113830566,2.5344183444976807,2.6070716381073,2.833611011505127,3.026737689971924,3.1996665000915527,3.4797275066375732
B2,1.196377158164978,1.1028779745101929,0.972640872001648,0.9713848829269409,1.2762279510498047,1.3318045139312744,1.292937994003296,1.3199257850646973,1.0182018280029297,1.2100623846054077,1.0553234815597534,1.3723641633987427,1.3512680530548096,1.6159896850585938,1.6449946165084839,0.3721729815006256,0.0,0.3834446370601654,0.5765062570571899,0.9043876528739929,1.2137837409973145,1.246315598487854,1.3672446012496948,1.1385809183120728,1.3643592596054077,1.3166989088058472,1.6143908500671387,1.6795654296875,1.9644237756729126,2.060572862625122,0.9778175354003906,0.7554838061332703,0.8230813145637512,0.8482393026351929,0.9789507389068604,1.3561553955078125,1.372636318206787,1.560292363166809,1.4098243713378906,1.6426454782485962,1.6614402532577515,1.9359431266784668,2.0619585514068604,2.3268322944641113,2.4904775619506836,1.6801543235778809,1.4459797143936157,1.4400479793548584,1.3846584558486938,1.3302552700042725,1.6691702604293823,1.6464964151382446,1.863783597946167,1.7658931016921997,1.9838296175003052,2.045783758163452,2.291635036468506,2.466524124145508,2.6973698139190674,2.9222772121429443,2.3763210773468018,2.117239236831665,2.0835278034210205,2.030470371246338,1.825908899307251,2.05696702003479,1.9933687448501587,2.233757734298706,2.170867919921875,2.3662798404693604,2.458674192428589,2.6565539836883545,2.87296462059021,3.0179026126861572,3.3181471824645996
B3,1.1390793323516846,1.060185194015503,0.8177691102027893,0.8881251215934753,1.114117980003357,1.1376184225082397,1.1969311237335205,1.2644425630569458,1.0421817302703857,1.303498387336731,1.2274272441864014,1.5823140144348145,1.6153631210327148,1.9161710739135742,1.9782705307006836,0.6146177053451538,0.3834446370601654,0.0,0.37782809138298035,0.6124190092086792,0.9023605585098267,1.0290123224258423,1.2099007368087769,1.0559911727905273,1.3584047555923462,1.381985068321228,1.7255935668945312,1.8310037851333618,2.155709743499756,2.2696096897125244,1.041330337524414,0.768747091293335,0.6476975083351135,0.6063365936279297,0.6210017800331116,1.011809229850769,1.0861998796463013,1.3372776508331299,1.2589761018753052,1.5583789348602295,1.6446897983551025,1.9625779390335083,2.1274938583374023,2.428307056427002,2.606468439102173,1.6617977619171143,1.3824899196624756,1.2869727611541748,1.1688241958618164,1.0316392183303833,1.3475011587142944,1.3473180532455444,1.612699270248413,1.580867886543274,1.847456932067871,1.9712178707122803,2.2515907287597656,2.4666073322296143,2.7274272441864014,2.9685616493225098,2.3131659030914307,2.015251398086548,1.9380873441696167,1.8275783061981201,1.5810216665267944,1.764835238456726,1.7067190408706665,1.974666953086853,1.9679450988769531,2.1927506923675537,2.3399620056152344,2.559633255004883,2.8163764476776123,2.980806350708008,3.3065547943115234
B4,1.2639636993408203,1.0743064880371094,0.7736227512359619,0.698951780796051,0.8543820381164551,0.8041581511497498,0.8310144543647766,0.8946762084960938,0.71837317943573,1.0302176475524902,1.0536314249038696,1.4247384071350098,1.5465567111968994,1.8408803939819336,1.9767882823944092,0.9144690632820129,0.5765062570571899,0.37782809138298035,0.0,0.39609503746032715,0.6551424264907837,0.6815199851989746,0.8737859725952148,0.769873321056366,1.1011548042297363,1.212748646736145,1.5590509176254272,1.7380915880203247,2.0580532550811768,2.2346103191375732,1.2615975141525269,0.9208047986030579,0.8251199126243591,0.5930163860321045,0.6021224856376648,0.9168529510498047,0.8606969118118286,1.094180703163147,1.0562496185302734,1.3401771783828735,1.4871368408203125,1.7886747121810913,2.0090689659118652,2.294843912124634,2.5226480960845947,1.7955567836761475,1.4720258712768555,1.4114229679107666,1.2037101984024048,1.0993471145629883,1.3405306339263916,1.233747959136963,1.4553325176239014,1.4426732063293457,1.670039415359497,1.8264533281326294,2.076423168182373,2.32783579826355,2.5635170936584473,2.841914415359497,2.383302927017212,2.0651464462280273,2.0344057083129883,1.8757764101028442,1.6673009395599365,1.8058463335037231,1.6663662195205688,1.8842195272445679,1.8774818181991577,2.0525848865509033,2.2100284099578857,2.387542247772217,2.6603050231933594,2.7881228923797607,3.1283164024353027
B5,1.1776964664459229,0.9861787557601929,0.6084110736846924,0.6092677712440491,0.6181638240814209,0.5849916338920593,0.787212610244751,0.9752877950668335,0.9468149542808533,1.3027015924453735,1.4019469022750854,1.7716166973114014,1.926666498184204,2.2118399143218994,2.362771511077881,1.2088842391967773,0.9043876528739929,0.6124190092086792,0.39609503746032715,0.0,0.40364906191825867,0.5857877731323242,0.9197279810905457,0.9742569327354431,1.3414344787597656,1.524610996246338,1.8759607076644897,2.087268590927124,2.4131603240966797,2.606355667114258,1.5742233991622925,1.2432875633239746,1.0456656217575073,0.7804051041603088,0.562350332736969,0.8005319833755493,0.7841039299964905,1.1098954677581787,1.2029975652694702,1.5218851566314697,1.7389633655548096,2.050686836242676,2.305391550064087,2.599738359451294,2.8445868492126465,2.0628483295440674,1.7236151695251465,1.5915054082870483,1.332801342010498,1.130744457244873,1.2882516384124756,1.1883474588394165,1.4568374156951904,1.5461286306381226,1.7996423244476318,2.021151304244995,2.280202865600586,2.5681984424591064,2.810959577560425,3.1078803539276123,2.604846715927124,2.261765956878662,2.191803455352783,1.9772151708602905,1.7291643619537354,1.7875546216964722,1.647594690322876,1.8829530477523804,1.9533239603042603,2.140132427215576,2.355154037475586,2.533539295196533,2.842742919921875,2.969637870788574,3.3306689262390137
B6,1.5540366172790527,1.3651713132858276,0.9796491265296936,0.9425097107887268,0.804966390132904,0.5769801139831543,0.8230273127555847,0.9420376420021057,1.016740322113037,1.3452649116516113,1.4979894161224365,1.8584142923355103,2.0540225505828857,2.3652703762054443,2.5509684085845947,1.5116523504257202,1.2137837409973145,0.9023605585098267,0.6551424264907837,0.40364906191825867,0.0,0.38779088854789734,0.7133210897445679,0.8850046396255493,1.25559401512146,1.4969061613082886,1.8499360084533691,2.0936760902404785,2.4355156421661377,2.6494803428649902,1.6980520486831665,1.3507072925567627,1.1154488325119019,0.7764072418212891,0.5324662923812866,0.5403274893760681,0.44590240716934204,0.8000630736351013,0.9984883666038513,1.330355167388916,1.609194278717041,1.9269418716430664,2.214132070541382,2.5208001136779785,2.7809736728668213,2.045517921447754,1.6809611320495605,1.5320221185684204,1.2035350799560547,1.0111020803451538,1.052443027496338,0.8796743750572205,1.1307260990142822,1.2882429361343384,1.5424574613571167,1.8172106742858887,2.078681230545044,2.398650646209717,2.650033950805664,2.960785388946533,2.4872965812683105,2.1241066455841064,2.062925338745117,1.7929548025131226,1.5718730688095093,1.563557505607605,1.3669028282165527,1.5677157640457153,1.674938440322876,1.8462507724761963,2.099842071533203,2.270994186401367,2.607867956161499,2.736281633377075,3.1127052307128906
B7,1.723189353942871,1.4669783115386963,1.1143449544906616,0.9377386569976807,0.7895201444625854,0.44966137409210205,0.5353411436080933,0.57086580991745,0.7193495035171509,1.0334149599075317,1.2550383806228638,1.5927225351333618,1.8411246538162231,2.1303327083587646,2.3619070053100586,1.587732195854187,1.246315598487854,1.0290123224258423,0.6815199851989746,0.5857877731323242,0.38779088854789734,0.0,0.39105045795440674,0.631924033164978,0.9726858735084534,1.2689567804336548,1.5922054052352905,1.8800632953643799,2.196133613586426,2.452036142349243,1.7602243423461914,1.3888102769851685,1.249813199043274,0.8763202428817749,0.7994011044502258,0.8064371943473816,0.5116335153579712,0.6958968639373779,0.864519476890564,1.1200686693191528,1.4169940948486328,1.6906503438949585,2.006274461746216,2.2793378829956055,2.5733821392059326,2.090101957321167,1.7195481061935425,1.6542069911956787,1.3204008340835571,1.235807180404663,1.2813369035720825,1.0134459733963013,1.14460027217865,1.2410801649093628,1.4097381830215454,1.667551040649414,1.875738263130188,2.203639507293701,2.4142343997955322,2.7479419708251953,2.511108875274658,2.159372091293335,2.1670501232147217,1.9106898307800293,1.7568475008010864,1.774430513381958,1.516618013381958,1.6394671201705933,1.6830856800079346,1.7801711559295654,1.9948493242263794,2.1099050045013428,2.432217836380005,2.5144784450531006,2.8877017498016357
B8,2.047760248184204,1.7876664400100708,1.4542694091796875,1.2436360120773315,1.137683629989624,0.791563868522644,0.7159443497657776,0.5061397552490234,0.6463062167167664,0.8360927104949951,1.0801293849945068,1.3772282600402832,1.6546409130096436,1.955101490020752,2.216331720352173,1.6974107027053833,1.3672446012496948,1.2099007368087769,0.8737859725952148,0.9197279810905457,0.7133210897445679,0.39105045795440674,0.0,0.379253089427948,0.64310622215271,0.9827784299850464,1.2796533107757568,1.5934734344482422,1.903899908065796,2.1806774139404297,1.7223209142684937,1.3527514934539795,1.2840875387191772,0.9116397500038147,0.9826117157936096,0.9387056827545166,0.5640197396278381,0.4934879541397095,0.5918692350387573,0.762649416923523,1.0809892416000366,1.3279777765274048,1.663779854774475,1.9261443614959717,2.235524892807007,1.947496771812439,1.5791900157928467,1.5850017070770264,1.250969648361206,1.2836297750473022,1.3148456811904907,0.9827768802642822,0.9832091927528381,1.0005193948745728,1.088899850845337,1.3296359777450562,1.5049811601638794,1.8385933637619019,2.034074306488037,2.3769760131835938,2.301729679107666,1.9637709856033325,2.0350024700164795,1.7909948825836182,1.7165114879608154,1.7567052841186523,1.4504430294036865,1.4945459365844727,1.467517375946045,1.5019690990447998,1.677666187286377,1.758472204208374,2.068512439727783,2.133333921432495,2.503978729248047
B9,2.018364429473877,1.779619574546814,1.4774868488311768,1.274153709411621,1.282454490661621,1.0085209608078003,0.8701829314231873,0.6034575700759888,0.5002111792564392,0.6051607131958008,0.7508345246315002,1.0624563694000244,1.3031818866729736,1.629102349281311,1.868676781654358,1.4444164037704468,1.1385809183120728,1.0559911727905273,0.769873321056366,0.9742569327354431,0.8850046396255493,0.631924033164978,0.379253089427948,0.0,0.3766181170940399,0.6391580700874329,0.9718927145004272,1.252364993095398,1.5772024393081665,1.8310747146606445,1.4100419282913208,1.0482498407363892,1.0684441328048706,0.7470897436141968,0.9626710414886475,1.0214976072311401,0.7257226705551147,0.6339977383613586,0.4768533408641815,0.6208693981170654,0.8308066129684448,1.0970999002456665,1.3909510374069214,1.6635977029800415,1.9487723112106323,1.6611055135726929,1.3099995851516724,1.380629301071167,1.1075894832611084,1.2145568132400513,1.3407679796218872,1.0604002475738525,1.06144380569458,0.947296679019928,1.0314719676971436,1.1772373914718628,1.3654382228851318,1.6503396034240723,1.8558721542358398,2.171963691711426,2.073683023452759,1.76031494140625,1.8578733205795288,1.6774890422821045,1.6239092350006104,1.747483253479004,1.4775354862213135,1.539140224456787,1.4350343942642212,1.486567497253418,1.5941225290298462,1.6984363794326782,1.9642513990402222,2.0495595932006836,2.3959808349609375
B10,2.331231117248535,2.081972360610962,1.8093165159225464,1.5745353698730469,1.597591757774353,1.3236093521118164,1.1146070957183838,0.7651916742324829,0.6459205150604248,0.5050259232521057,0.6370247006416321,0.8390234112739563,1.1170659065246582,1.430246353149414,1.7066764831542969,1.6419317722320557,1.3643592596054077,1.3584047555923462,1.1011548042297363,1.3414344787597656,1.25559401512146,0.9726858735084534,0.64310622215271,0.3766181170940399,0.0,0.38193437457084656,0.6368007063865662,0.9664965867996216,1.2637295722961426,1.5549392700195312,1.5097086429595947,1.1884377002716064,1.3016066551208496,1.0399521589279175,1.3131736516952515,1.3531615734100342,1.0500023365020752,0.8430962562561035,0.5934088826179504,0.479972243309021,0.5973977446556091,0.7725308537483215,1.0827487707138062,1.31807279586792,1.6301614046096802,1.6675605773925781,1.3528552055358887,1.5155106782913208,1.2876478433609009,1.4814120531082153,1.600260853767395,1.3059437274932861,1.2076292037963867,1.0013301372528076,0.9514673352241516,1.0010038614273071,1.1067873239517212,1.3668807744979858,1.5287320613861084,1.8536032438278198,2.0156350135803223,1.7423027753829956,1.9141682386398315,1.7740672826766968,1.7975506782531738,1.9455366134643555,1.6578906774520874,1.6487354040145874,1.4667201042175293,1.438636064529419,1.4610060453414917,1.5058079957962036,1.7227524518966675,1.7698322534561157,2.095874309539795
B11,2.410374879837036,2.1952550411224365,1.9536384344100952,1.7477383613586426,1.841190218925476,1.6130568981170654,1.404768466949463,1.080167293548584,0.8499690890312195,0.63328617811203,0.522264301776886,0.6515923142433167,0.8307889103889465,1.1851155757904053,1.4196926355361938,1.5273497104644775,1.3166989088058472,1.381985068321228,1.212748646736145,1.524610996246338,1.4969061613082886,1.2689567804336548,0.9827784299850464,0.6391580700874329,0.38193437457084656,0.0,0.3723277747631073,0.6140136122703552,0.9489812850952148,1.1985961198806763,1.2842482328414917,1.0232032537460327,1.2365803718566895,1.080285906791687,1.4285666942596436,1.5222671031951904,1.2898637056350708,1.101987361907959,0.7616205215454102,0.6273914575576782,0.48536261916160583,0.6392813920974731,0.8359389901161194,1.0855435132980347,1.3480286598205566,1.4201080799102783,1.1583954095840454,1.4000886678695679,1.2666985988616943,1.519882321357727,1.7002090215682983,1.467441439628601,1.378692865371704,1.0913599729537964,1.041743516921997,0.9608772397041321,1.0694255828857422,1.2337664365768433,1.407099962234497,1.677971363067627,1.8057081699371338,1.5789200067520142,1.7807679176330566,1.7195426225662231,1.7721775770187378,1.987853765487671,1.7477532625198364,1.7523584365844727,1.5124865770339966,1.5048608779907227,1.451673984527588,1.5248790979385376,1.676181674003601,1.753799557685852,2.037069082260132
B12,2.7195825576782227,2.4926533699035645,2.276254177093506,2.0443387031555176,2.141953468322754,1.9153623580932617,1.665888786315918,1.3151218891143799,1.104956030845642,0.7919806241989136,0.6708276867866516,0.5726518034934998,0.7496486306190491,1.0390466451644897,1.3071672916412354,1.8021926879882812,1.6143908500671387,1.7255935668945312,1.5590509176254272,1.8759607076644897,1.8499360084533691,1.5922054052352905,1.2796533107757568,0.9718927145004272,0.6368007063865662,0.3723277747631073,0.0,0.3840124011039734,0.6314687728881836,0.9478577971458435,1.5295624732971191,1.324520230293274,1.5786850452423096,1.4490596055984497,1.8008936643600464,1.8843578100204468,1.6358166933059692,1.408445119857788,1.0763680934906006,0.8371024131774902,0.6041809916496277,0.5160016417503357,0.6397472023963928,0.7824558615684509,1.076338768005371,1.5905580520629883,1.3910905122756958,1.6845682859420776,1.587226390838623,1.8701075315475464,2.0388777256011963,1.7968066930770874,1.658758282661438,1.344953179359436,1.203444242477417,1.0307365655899048,1.0147569179534912,1.0968466997146606,1.183623194694519,1.4440573453903198,1.8990771770477295,1.7304167747497559,1.9872032403945923,1.9636715650558472,2.0666308403015137,2.289724588394165,2.0423529148101807,1.999786376953125,1.7182766199111938,1.6452796459197998,1.511902928352356,1.5144942998886108,1.5864228010177612,1.609735369682312,1.8449981212615967
B13,2.844576120376587,2.6546618938446045,2.4605960845947266,2.262699842453003,2.4046475887298584,2.2068235874176025,1.9733402729034424,1.6457518339157104,1.3871651887893677,1.0932751893997192,0.8561373949050903,0.7045153379440308,0.6678736209869385,0.9604606628417969,1.1343994140625,1.7920658588409424,1.6795654296875,1.8310037851333618,1.7380915880203247,2.087268590927124,2.0936760902404785,1.8800632953643799,1.5934734344482422,1.252364993095398,0.9664965867996216,0.6140136122703552,0.3840124011039734,0.0,0.38573914766311646,0.5918216705322266,1.414603590965271,1.3014955520629883,1.6124610900878906,1.5731141567230225,1.9565725326538086,2.070594072341919,1.8773958683013916,1.6702830791473389,1.3053207397460938,1.0992375612258911,0.7724996209144592,0.6795977354049683,0.5655751824378967,0.6881553530693054,0.8527570962905884,1.4223361015319824,1.3091610670089722,1.6538066864013672,1.6463111639022827,1.9593770503997803,2.1666200160980225,1.9796042442321777,1.8577375411987305,1.5085240602493286,1.3905918598175049,1.142225742340088,1.1403052806854248,1.1029181480407715,1.2001771926879883,1.3622429370880127,1.740995168685913,1.6374965906143188,1.9110755920410156,1.9648220539093018,2.089686870574951,2.3610594272613525,2.1625053882598877,2.1358420848846436,1.8236465454101562,1.7789802551269531,1.5947322845458984,1.6330009698867798,1.6401716470718384,1.703935980796814,1.882521390914917
