0.000000000000000000e+00,3.726845085620880127e-01,6.196320056915283203e-01,9.203069210052490234e-01,1.178704142570495605e+00,1.502545118331909180e+00,1.612871885299682617e+00,1.834195971488952637e+00,1.664297938346862793e+00,1.947848320007324219e+00,1.909693360328674316e+00,2.232990503311157227e+00,2.287618398666381836e+00,2.557830333709716797e+00,2.575003147125244141e+00,1.143470525741577148e+00,1.061780571937561035e+00,1.004114866256713867e+00,1.136719346046447754e+00,1.126220941543579102e+00,1.522972702980041504e+00,1.668258547782897949e+00,1.948379039764404297e+00,1.865800499916076660e+00,2.156233310699462891e+00,2.203339815139770508e+00,2.512574911117553711e+00,2.639788866043090820e+00,2.915191888809204102e+00,3.038833618164062500e+00,1.838009953498840332e+00,1.669038414955139160e+00,1.560573697090148926e+00,1.556234717369079590e+00,1.426775693893432617e+00,1.786268472671508789e+00,1.876492738723754883e+00,2.174264669418334961e+00,2.147527933120727539e+00,2.424359321594238281e+00,2.516321182250976562e+00,2.805714845657348633e+00,2.975987672805786133e+00,3.226296186447143555e+00,3.417666673660278320e+00,2.489349842071533203e+00,2.269375801086425781e+00,2.150185346603393555e+00,2.074918031692504883e+00,1.856925845146179199e+00,2.142310857772827148e+00,2.175407886505126953e+00,2.471344470977783203e+00,2.480491638183593750e+00,2.735602378845214844e+00,2.857822656631469727e+00,3.119076967239379883e+00,3.326179504394531250e+00,3.554280996322631836e+00,3.814040660858154297e+00,3.161486625671386719e+00,2.895856857299804688e+00,2.780980110168457031e+00,2.699562072753906250e+00,2.394434213638305664e+00,2.522546291351318359e+00,2.530310392379760742e+00,2.825932979583740234e+00,2.853311538696289062e+00,3.081409931182861328e+00,3.227237462997436523e+00,3.442585706710815430e+00,3.677771806716918945e+00,3.833409070968627930e+00,4.128289222717285156e+00
3.726845085620880127e-01,0.000000000000000000e+00,3.921878337860107422e-01,5.839398503303527832e-01,8.744410872459411621e-01,1.209957838058471680e+00,1.278321146965026855e+00,1.511096000671386719e+00,1.362790346145629883e+00,1.659698724746704102e+00,1.670738458633422852e+00,1.997428655624389648e+00,2.103181123733520508e+00,2.366747140884399414e+00,2.434866428375244141e+00,1.165618658065795898e+00,9.742410778999328613e-01,9.324054718017578125e-01,9.429990649223327637e-01,9.411008954048156738e-01,1.335796713829040527e+00,1.411400675773620605e+00,1.684889674186706543e+00,1.621774911880493164e+00,1.904737710952758789e+00,1.989507555961608887e+00,2.289219379425048828e+00,2.455121517181396484e+00,2.716881990432739258e+00,2.880650043487548828e+00,1.841140866279602051e+00,1.616533994674682617e+00,1.536954045295715332e+00,1.454023361206054688e+00,1.342267632484436035e+00,1.683839201927185059e+00,1.698323726654052734e+00,1.972304224967956543e+00,1.955464005470275879e+00,2.209214687347412109e+00,2.324452877044677734e+00,2.594521522521972656e+00,2.791592597961425781e+00,3.022399187088012695e+00,3.244194507598876953e+00,2.475863456726074219e+00,2.225590229034423828e+00,2.143085241317749023e+00,2.021042823791503906e+00,1.832070589065551758e+00,2.095078229904174805e+00,2.060041666030883789e+00,2.323089838027954102e+00,2.331187486648559570e+00,2.554154634475708008e+00,2.685998916625976562e+00,2.921100616455078125e+00,3.144530534744262695e+00,3.349063634872436523e+00,3.631800174713134766e+00,3.133514404296875000e+00,2.855383157730102539e+00,2.780870914459228516e+00,2.674750089645385742e+00,2.396345376968383789e+00,2.513128995895385742e+00,2.462110042572021484e+00,2.722604513168334961e+00,2.739308834075927734e+00,2.930692195892333984e+00,3.074638843536376953e+00,3.258666038513183594e+00,3.498588800430297852e+00,3.626363992691040039e+00,3.930711269378662109e+00
6.196320056915283203e-01,3.921878337860107422e-01,0.000000000000000000e+00,3.791824877262115479e-01,5.947757959365844727e-01,8.858084082603454590e-01,1.028042316436767578e+00,1.277157187461853027e+00,1.180237650871276855e+00,1.520104169845581055e+00,1.577646732330322266e+00,1.936933040618896484e+00,2.078270196914672852e+00,2.380576848983764648e+00,2.484385728836059570e+00,1.175432205200195312e+00,9.177381396293640137e-01,7.398233413696289062e-01,6.716587543487548828e-01,5.649006366729736328e-01,9.515364170074462891e-01,1.066820502281188965e+00,1.375342965126037598e+00,1.362040996551513672e+00,1.687104105949401855e+00,1.818888187408447266e+00,2.149439811706542969e+00,2.348055124282836914e+00,2.639223814010620117e+00,2.827733039855957031e+00,1.734583258628845215e+00,1.459895730018615723e+00,1.319009065628051758e+00,1.171372413635253906e+00,1.003765583038330078e+00,1.316297769546508789e+00,1.331973552703857422e+00,1.630234837532043457e+00,1.658306360244750977e+00,1.942399263381958008e+00,2.102062702178955078e+00,2.396757602691650391e+00,2.625270605087280273e+00,2.880336999893188477e+00,3.123401641845703125e+00,2.309160709381103516e+00,2.021325111389160156e+00,1.910604476928710938e+00,1.737141966819763184e+00,1.525575876235961914e+00,1.751193761825561523e+00,1.700804233551025391e+00,1.973069906234741211e+00,2.017899513244628906e+00,2.257506370544433594e+00,2.427510738372802734e+00,2.678970575332641602e+00,2.931414604187011719e+00,3.153186082839965820e+00,3.451307296752929688e+00,2.924257993698120117e+00,2.619150638580322266e+00,2.538845300674438477e+00,2.391167402267456055e+00,2.109899044036865234e+00,2.190052032470703125e+00,2.118218183517456055e+00,2.376146793365478516e+00,2.420559644699096680e+00,2.616438865661621094e+00,2.791239261627197266e+00,2.982865571975708008e+00,3.249194622039794922e+00,3.387617826461791992e+00,3.709660053253173828e+00
9.203069210052490234e-01,5.839398503303527832e-01,3.791824877262115479e-01,0.000000000000000000e+00,3.869125843048095703e-01,6.585998535156250000e-01,6.961634159088134766e-01,9.566795229911804199e-01,8.920077085494995117e-01,1.241864681243896484e+00,1.364073038101196289e+00,1.712797522544860840e+00,1.909238100051879883e+00,2.192270278930664062e+00,2.347608327865600586e+00,1.293459057807922363e+00,9.672708511352539062e-01,8.622379302978515625e-01,6.353068351745605469e-01,5.930800437927246094e-01,9.126275777816772461e-01,8.833937644958496094e-01,1.158324360847473145e+00,1.164358258247375488e+00,1.462292075157165527e+00,1.635334610939025879e+00,1.941091179847717285e+00,2.178606748580932617e+00,2.444211244583129883e+00,2.672502517700195312e+00,1.808156609535217285e+00,1.498303413391113281e+00,1.418242454528808594e+00,1.200138926506042480e+00,1.095835804939270020e+00,1.362548708915710449e+00,1.264953970909118652e+00,1.505189418792724609e+00,1.532437443733215332e+00,1.769585490226745605e+00,1.946987628936767578e+00,2.206848144531250000e+00,2.458910465240478516e+00,2.683162212371826172e+00,2.955143213272094727e+00,2.352475404739379883e+00,2.048929214477539062e+00,1.994543910026550293e+00,1.787902116775512695e+00,1.634757399559020996e+00,1.833338022232055664e+00,1.700222849845886230e+00,1.913273215293884277e+00,1.942266583442687988e+00,2.129244565963745117e+00,2.298313617706298828e+00,2.509571075439453125e+00,2.772293090820312500e+00,2.960263252258300781e+00,3.279314517974853516e+00,2.945577383041381836e+00,2.639938592910766602e+00,2.611259937286376953e+00,2.451649665832519531e+00,2.214065074920654297e+00,2.292165040969848633e+00,2.156394004821777344e+00,2.362095355987548828e+00,2.381237745285034180e+00,2.525477647781372070e+00,2.685876369476318359e+00,2.834790229797363281e+00,3.097321987152099609e+00,3.199250936508178711e+00,3.525981903076171875e+00
1.178704142570495605e+00,8.744410872459411621e-01,5.947757959365844727e-01,3.869125843048095703e-01,0.000000000000000000e+00,3.922466635704040527e-01,5.826123952865600586e-01,9.396758675575256348e-01,1.023313999176025391e+00,1.396847724914550781e+00,1.594303011894226074e+00,1.943736076354980469e+00,2.181617021560668945e+00,2.469966173171997070e+00,2.659118175506591797e+00,1.624721407890319824e+00,1.291575670242309570e+00,1.107089281082153320e+00,8.289240598678588867e-01,6.117601990699768066e-01,7.857839465141296387e-01,7.657058835029602051e-01,1.104160666465759277e+00,1.234039902687072754e+00,1.555168032646179199e+00,1.798963189125061035e+00,2.109992980957031250e+00,2.387351751327514648e+00,2.657892942428588867e+00,2.916397809982299805e+00,2.064197778701782227e+00,1.728860974311828613e+00,1.593809127807617188e+00,1.315897822380065918e+00,1.132211923599243164e+00,1.299740910530090332e+00,1.177228450775146484e+00,1.439381122589111328e+00,1.560874342918395996e+00,1.812206029891967773e+00,2.054119348526000977e+00,2.318093061447143555e+00,2.609198808670043945e+00,2.837566137313842773e+00,3.137687206268310547e+00,2.545800924301147461e+00,2.213513374328613281e+00,2.128118753433227539e+00,1.865628480911254883e+00,1.680292725563049316e+00,1.799342393875122070e+00,1.636803627014160156e+00,1.849317550659179688e+00,1.947723984718322754e+00,2.136589050292968750e+00,2.359741926193237305e+00,2.569742918014526367e+00,2.869047164916992188e+00,3.056866407394409180e+00,3.398905277252197266e+00,3.084400892257690430e+00,2.753622293472290039e+00,2.716959714889526367e+00,2.506480932235717773e+00,2.265811443328857422e+00,2.278494596481323242e+00,2.114448070526123047e+00,2.306183099746704102e+00,2.375174760818481445e+00,2.509464263916015625e+00,2.712524175643920898e+00,2.852079868316650391e+00,3.146802663803100586e+00,3.242411613464355469e+00,3.590675354003906250e+00
1.502545118331909180e+00,1.209957838058471680e+00,8.858084082603454590e-01,6.585998535156250000e-01,3.922466635704040527e-01,0.000000000000000000e+00,3.774600625038146973e-01,6.975182294845581055e-01,8.857683539390563965e-01,1.250787377357482910e+00,1.500360727310180664e+00,1.844518065452575684e+00,2.115106821060180664e+00,2.417088747024536133e+00,2.641815662384033203e+00,1.728267788887023926e+00,1.374688982963562012e+00,1.167906999588012695e+00,8.241874575614929199e-01,6.133704185485839844e-01,5.742843747138977051e-01,4.388692378997802734e-01,7.766544818878173828e-01,9.952126145362854004e-01,1.317380070686340332e+00,1.614030361175537109e+00,1.924213528633117676e+00,2.232386350631713867e+00,2.509720087051391602e+00,2.793375968933105469e+00,2.031389236450195312e+00,1.670382022857666016e+00,1.533128976821899414e+00,1.194601655006408691e+00,1.034308671951293945e+00,1.101034641265869141e+00,8.899186849594116211e-01,1.111404180526733398e+00,1.282629966735839844e+00,1.523214936256408691e+00,1.809391617774963379e+00,2.069570541381835938e+00,2.389250278472900391e+00,2.621364831924438477e+00,2.942146301269531250e+00,2.422916173934936523e+00,2.069760799407958984e+00,1.997966766357421875e+00,1.691280245780944824e+00,1.542632699012756348e+00,1.601935029029846191e+00,1.373600840568542480e+00,1.538753747940063477e+00,1.658719182014465332e+00,1.824807405471801758e+00,2.077154397964477539e+00,2.277069330215454102e+00,2.599802255630493164e+00,2.785862445831298828e+00,3.142176151275634766e+00,2.896318674087524414e+00,2.554343461990356445e+00,2.543354034423828125e+00,2.302109241485595703e+00,2.098372697830200195e+00,2.083453893661499023e+00,1.866101026535034180e+00,2.012696027755737305e+00,2.086023092269897461e+00,2.190473794937133789e+00,2.408100843429565430e+00,2.530930995941162109e+00,2.841767787933349609e+00,2.930745601654052734e+00,3.290950775146484375e+00
1.612871885299682617e+00,1.278321146965026855e+00,1.028042316436767578e+00,6.961634159088134766e-01,5.826123952865600586e-01,3.774600625038146973e-01,0.000000000000000000e+00,3.866041302680969238e-01,6.131309866905212402e-01,9.516746401786804199e-01,1.244618654251098633e+00,1.558219432830810547e+00,1.860482692718505859e+00,2.132058143615722656e+00,2.386685848236083984e+00,1.711502909660339355e+00,1.341564655303955078e+00,1.235435843467712402e+00,8.638453483581542969e-01,8.233578205108642578e-01,8.322798013687133789e-01,5.332409143447875977e-01,6.944934725761413574e-01,8.564756512641906738e-01,1.105687856674194336e+00,1.408481955528259277e+00,1.676188588142395020e+00,2.000283241271972656e+00,2.242173910140991211e+00,2.546888113021850586e+00,2.010635614395141602e+00,1.651307940483093262e+00,1.601576328277587891e+00,1.267330288887023926e+00,1.220836162567138672e+00,1.316217899322509766e+00,1.035359382629394531e+00,1.145077586174011230e+00,1.239489912986755371e+00,1.399072766304016113e+00,1.658941745758056641e+00,1.869267940521240234e+00,2.187720060348510742e+00,2.380202770233154297e+00,2.712501287460327148e+00,2.403630971908569336e+00,2.064153909683227539e+00,2.063240289688110352e+00,1.776786684989929199e+00,1.704319238662719727e+00,1.795222043991088867e+00,1.526516318321228027e+00,1.620825886726379395e+00,1.669312596321105957e+00,1.767586588859558105e+00,1.976864457130432129e+00,2.127444267272949219e+00,2.434526920318603516e+00,2.580995082855224609e+00,2.943245410919189453e+00,2.882992029190063477e+00,2.563071489334106445e+00,2.604032993316650391e+00,2.391948223114013672e+00,2.232743978500366211e+00,2.261842489242553711e+00,2.016025066375732422e+00,2.117265462875366211e+00,2.127971887588500977e+00,2.181413650512695312e+00,2.349926948547363281e+00,2.429429292678833008e+00,2.711330652236938477e+00,2.762872219085693359e+00,3.112174510955810547e+00
1.834195971488952637e+00,1.511096000671386719e+00,1.277157187461853027e+00,9.566795229911804199e-01,9.396758675575256348e-01,6.975182294845581055e-01,3.866041302680969238e-01,0.000000000000000000e+00,3.768188059329986572e-01,6.307159066200256348e-01,9.680665135383605957e-01,1.252197742462158203e+00,1.579482078552246094e+00,1.848629832267761230e+00,2.131995439529418945e+00,1.688528299331665039e+00,1.325274586677551270e+00,1.277931690216064453e+00,9.116078019142150879e-01,9.995645284652709961e-01,9.624459147453308105e-01,5.874994397163391113e-01,4.969351887702941895e-01,5.912761092185974121e-01,7.542008161544799805e-01,1.079329967498779297e+00,1.319154143333435059e+00,1.662251234054565430e+00,1.893718957901000977e+00,2.216134786605834961e+00,1.873785495758056641e+00,1.518508315086364746e+00,1.536149740219116211e+00,1.202788233757019043e+00,1.268622875213623047e+00,1.342280745506286621e+00,1.005605220794677734e+00,9.857895374298095703e-01,1.003972053527832031e+00,1.082579255104064941e+00,1.327930569648742676e+00,1.504514217376708984e+00,1.829063415527343750e+00,2.006407737731933594e+00,2.348810434341430664e+00,2.201582908630371094e+00,1.871955633163452148e+00,1.933483123779296875e+00,1.657577395439147949e+00,1.671776294708251953e+00,1.766748070716857910e+00,1.459004878997802734e+00,1.472687602043151855e+00,1.453108429908752441e+00,1.487752437591552734e+00,1.662730336189270020e+00,1.778487205505371094e+00,2.077568054199218750e+00,2.205737352371215820e+00,2.571168422698974609e+00,2.645243167877197266e+00,2.343418359756469727e+00,2.434871673583984375e+00,2.241649866104125977e+00,2.139718532562255859e+00,2.200371265411376953e+00,1.923113465309143066e+00,1.971275806427001953e+00,1.922997236251831055e+00,1.929831027984619141e+00,2.056795835494995117e+00,2.105960845947265625e+00,2.367588996887207031e+00,2.401370525360107422e+00,2.744043350219726562e+00
1.664297938346862793e+00,1.362790346145629883e+00,1.180237650871276855e+00,8.920077085494995117e-01,1.023313999176025391e+00,8.857683539390563965e-01,6.131309866905212402e-01,3.768188059329986572e-01,0.000000000000000000e+00,3.785269558429718018e-01,6.330032944679260254e-01,9.599984884262084961e-01,1.251841902732849121e+00,1.540307164192199707e+00,1.793201804161071777e+00,1.364858984947204590e+00,1.013478517532348633e+00,1.050491094589233398e+00,7.332425117492675781e-01,9.637778401374816895e-01,1.039690732955932617e+00,7.383440732955932617e-01,6.416741609573364258e-01,4.882896542549133301e-01,6.276276707649230957e-01,8.442445993423461914e-01,1.104938387870788574e+00,1.404991149902343750e+00,1.650294661521911621e+00,1.940081954002380371e+00,1.570900797843933105e+00,1.235245227813720703e+00,1.319067835807800293e+00,1.044724464416503906e+00,1.193796873092651367e+00,1.358220219612121582e+00,1.079694032669067383e+00,1.069431185722351074e+00,9.610756635665893555e-01,1.036996722221374512e+00,1.186468720436096191e+00,1.374842166900634766e+00,1.650261640548706055e+00,1.837805986404418945e+00,2.146345853805541992e+00,1.954698801040649414e+00,1.652130484580993652e+00,1.747795820236206055e+00,1.531071186065673828e+00,1.576983928680419922e+00,1.750237107276916504e+00,1.489845871925354004e+00,1.524805665016174316e+00,1.429010152816772461e+00,1.478802084922790527e+00,1.584820389747619629e+00,1.716928243637084961e+00,1.969858646392822266e+00,2.111319780349731445e+00,2.446876287460327148e+00,2.459838151931762695e+00,2.182515144348144531e+00,2.278259515762329102e+00,2.138514041900634766e+00,2.035671234130859375e+00,2.160900354385375977e+00,1.923514008522033691e+00,2.000058889389038086e+00,1.904159903526306152e+00,1.937894105911254883e+00,2.018895626068115234e+00,2.093498706817626953e+00,2.318489074707031250e+00,2.372576713562011719e+00,2.689582347869873047e+00
1.947848320007324219e+00,1.659698724746704102e+00,1.520104169845581055e+00,1.241864681243896484e+00,1.396847724914550781e+00,1.250787377357482910e+00,9.516746401786804199e-01,6.307159066200256348e-01,3.785269558429718018e-01,0.000000000000000000e+00,3.820275664329528809e-01,6.214855313301086426e-01,9.597477912902832031e-01,1.221288681030273438e+00,1.515482902526855469e+00,1.471149086952209473e+00,1.167341470718383789e+00,1.289143204689025879e+00,1.032408714294433594e+00,1.313851237297058105e+00,1.370026588439941406e+00,1.059559583663940430e+00,8.451294302940368652e-01,6.019955873489379883e-01,4.862144887447357178e-01,6.155555248260498047e-01,7.808759808540344238e-01,1.092536568641662598e+00,1.298422098159790039e+00,1.611140370368957520e+00,1.574928879737854004e+00,1.281359434127807617e+00,1.457763552665710449e+00,1.231485843658447266e+00,1.463540196418762207e+00,1.612492799758911133e+00,1.322491288185119629e+00,1.213172197341918945e+00,1.014702677726745605e+00,9.559575915336608887e-01,1.013203024864196777e+00,1.115462899208068848e+00,1.366080999374389648e+00,1.507623553276062012e+00,1.820185899734497070e+00,1.895429253578186035e+00,1.631926059722900391e+00,1.807769775390625000e+00,1.632965445518493652e+00,1.760606288909912109e+00,1.940658807754516602e+00,1.668582081794738770e+00,1.631401777267456055e+00,1.457936167716979980e+00,1.423828840255737305e+00,1.449124455451965332e+00,1.515610098838806152e+00,1.726646661758422852e+00,1.825455188751220703e+00,2.153306961059570312e+00,2.368241786956787109e+00,2.130686998367309570e+00,2.284534931182861328e+00,2.184981822967529297e+00,2.142641305923461914e+00,2.304159879684448242e+00,2.053731203079223633e+00,2.079811096191406250e+00,1.918012857437133789e+00,1.897800803184509277e+00,1.908766508102416992e+00,1.938018918037414551e+00,2.113079786300659180e+00,2.133985996246337891e+00,2.425953149795532227e+00
1.909693360328674316e+00,1.670738458633422852e+00,1.577646732330322266e+00,1.364073038101196289e+00,1.594303011894226074e+00,1.500360727310180664e+00,1.244618654251098633e+00,9.680665135383605957e-01,6.330032944679260254e-01,3.820275664329528809e-01,0.000000000000000000e+00,3.784325420856475830e-01,6.204345822334289551e-01,9.352827668190002441e-01,1.178828716278076172e+00,1.237889170646667480e+00,1.001572489738464355e+00,1.212406754493713379e+00,1.061381936073303223e+00,1.415133118629455566e+00,1.529331445693969727e+00,1.287781119346618652e+00,1.095389366149902344e+00,7.585778832435607910e-01,6.234469413757324219e-01,4.961915910243988037e-01,6.493071913719177246e-01,8.498144745826721191e-01,1.080844879150390625e+00,1.332980990409851074e+00,1.301282763481140137e+00,1.065709829330444336e+00,1.325322508811950684e+00,1.195507884025573730e+00,1.492343068122863770e+00,1.694757938385009766e+00,1.470476150512695312e+00,1.374369859695434570e+00,1.093932628631591797e+00,1.036048412322998047e+00,9.608283638954162598e-01,1.065385818481445312e+00,1.223119854927062988e+00,1.379555940628051758e+00,1.631206512451171875e+00,1.652376294136047363e+00,1.439563870429992676e+00,1.658045887947082520e+00,1.562715768814086914e+00,1.726699709892272949e+00,1.965359449386596680e+00,1.749027371406555176e+00,1.728450179100036621e+00,1.495084524154663086e+00,1.478381872177124023e+00,1.425306200981140137e+00,1.509664297103881836e+00,1.652664661407470703e+00,1.770684480667114258e+00,2.048044919967651367e+00,2.174779415130615234e+00,1.975126266479492188e+00,2.134226560592651367e+00,2.097968101501464844e+00,2.064615726470947266e+00,2.285032033920288086e+00,2.080785036087036133e+00,2.129045248031616211e+00,1.926777958869934082e+00,1.935159444808959961e+00,1.898285388946533203e+00,1.958020091056823730e+00,2.087691307067871094e+00,2.137706756591796875e+00,2.392686128616333008e+00
2.232990503311157227e+00,1.997428655624389648e+00,1.936933040618896484e+00,1.712797522544860840e+00,1.943736076354980469e+00,1.844518065452575684e+00,1.558219432830810547e+00,1.252197742462158203e+00,9.599984884262084961e-01,6.214855313301086426e-01,3.784325420856475830e-01,0.000000000000000000e+00,3.838700056076049805e-01,6.099100112915039062e-01,9.258724451065063477e-01,1.502333521842956543e+00,1.321380615234375000e+00,1.568739652633666992e+00,1.438759446144104004e+00,1.793046116828918457e+00,1.893971681594848633e+00,1.632294535636901855e+00,1.397036314010620117e+00,1.073013663291931152e+00,8.286868929862976074e-01,6.175820827484130859e-01,5.239545702934265137e-01,6.518263220787048340e-01,7.699140310287475586e-01,1.045082926750183105e+00,1.494838356971740723e+00,1.326161384582519531e+00,1.632142186164855957e+00,1.535331249237060547e+00,1.854123473167419434e+00,2.039287090301513672e+00,1.802804827690124512e+00,1.655390739440917969e+00,1.351528763771057129e+00,1.198737025260925293e+00,1.038099646568298340e+00,1.009363293647766113e+00,1.089505553245544434e+00,1.151603460311889648e+00,1.386015772819519043e+00,1.768306255340576172e+00,1.614182829856872559e+00,1.890552520751953125e+00,1.832420825958251953e+00,2.042057514190673828e+00,2.274190187454223633e+00,2.050093173980712891e+00,1.980295181274414062e+00,1.707147836685180664e+00,1.618903040885925293e+00,1.490662217140197754e+00,1.490958690643310547e+00,1.563656926155090332e+00,1.613369345664978027e+00,1.863413810729980469e+00,2.238537073135375977e+00,2.091219186782836914e+00,2.299828767776489258e+00,2.301538228988647461e+00,2.317795991897583008e+00,2.557140827178955078e+00,2.345459699630737305e+00,2.352071046829223633e+00,2.105710744857788086e+00,2.063287734985351562e+00,1.960081219673156738e+00,1.966189742088317871e+00,2.030080080032348633e+00,2.034927845001220703e+00,2.246615409851074219e+00
2.287618398666381836e+00,2.103181123733520508e+00,2.078270196914672852e+00,1.909238100051879883e+00,2.181617021560668945e+00,2.115106821060180664e+00,1.860482692718505859e+00,1.579482078552246094e+00,1.251841902732849121e+00,9.597477912902832031e-01,6.204345822334289551e-01,3.838700056076049805e-01,0.000000000000000000e+00,3.879142999649047852e-01,5.872038006782531738e-01,1.416426301002502441e+00,1.330279469490051270e+00,1.626772403717041016e+00,1.584523916244506836e+00,1.967124223709106445e+00,2.102550983428955078e+00,1.891257166862487793e+00,1.676989674568176270e+00,1.319238424301147461e+00,1.102767109870910645e+00,7.905982732772827148e-01,6.820497512817382812e-01,5.749352574348449707e-01,6.761786341667175293e-01,8.081448674201965332e-01,1.346521258354187012e+00,1.273073911666870117e+00,1.630690932273864746e+00,1.623664855957031250e+00,1.972009301185607910e+00,2.188602209091186523e+00,2.006930112838745117e+00,1.876194596290588379e+00,1.535562038421630859e+00,1.400754094123840332e+00,1.157502889633178711e+00,1.130326867103576660e+00,1.087879776954650879e+00,1.152325987815856934e+00,1.279614686965942383e+00,1.617349624633789062e+00,1.539074778556823730e+00,1.845412254333496094e+00,1.866948008537292480e+00,2.098826646804809570e+00,2.369761228561401367e+00,2.197758436203002930e+00,2.144327640533447266e+00,1.837577342987060547e+00,1.770093321800231934e+00,1.583743810653686523e+00,1.600667357444763184e+00,1.597179651260375977e+00,1.663256764411926270e+00,1.840203046798706055e+00,2.113823413848876953e+00,2.018312454223632812e+00,2.227348327636718750e+00,2.293641328811645508e+00,2.320374250411987305e+00,2.605260133743286133e+00,2.440001249313354492e+00,2.465275049209594727e+00,2.192846775054931641e+00,2.177752971649169922e+00,2.036014318466186523e+00,2.071248292922973633e+00,2.088154554367065430e+00,2.123153924942016602e+00,2.288169145584106445e+00
2.557830333709716797e+00,2.366747140884399414e+00,2.380576848983764648e+00,2.192270278930664062e+00,2.469966173171997070e+00,2.417088747024536133e+00,2.132058143615722656e+00,1.848629832267761230e+00,1.540307164192199707e+00,1.221288681030273438e+00,9.352827668190002441e-01,6.099100112915039062e-01,3.879142999649047852e-01,0.000000000000000000e+00,3.959826231002807617e-01,1.729516029357910156e+00,1.662324786186218262e+00,1.981145381927490234e+00,1.933106064796447754e+00,2.311988592147827148e+00,2.455882310867309570e+00,2.221960544586181641e+00,2.000085115432739258e+00,1.660319924354553223e+00,1.414127349853515625e+00,1.127564549446105957e+00,9.253318309783935547e-01,7.795189023017883301e-01,6.686987876892089844e-01,7.531173825263977051e-01,1.693093538284301758e+00,1.650511026382446289e+00,2.013014554977416992e+00,2.008222341537475586e+00,2.349871635437011719e+00,2.567471742630004883e+00,2.370018720626831055e+00,2.225576877593994141e+00,1.891783833503723145e+00,1.720506072044372559e+00,1.468707203865051270e+00,1.361139416694641113e+00,1.268844842910766602e+00,1.217225551605224609e+00,1.297445178031921387e+00,1.938638210296630859e+00,1.896966338157653809e+00,2.217411756515502930e+00,2.250069618225097656e+00,2.486701250076293945e+00,2.754919767379760742e+00,2.573268890380859375e+00,2.502028703689575195e+00,2.189934730529785156e+00,2.085737228393554688e+00,1.873924374580383301e+00,1.829095005989074707e+00,1.776690483093261719e+00,1.767881631851196289e+00,1.907658815383911133e+00,2.395200252532958984e+00,2.337786197662353516e+00,2.567857742309570312e+00,2.652569293975830078e+00,2.696564912796020508e+00,2.985132455825805664e+00,2.814293861389160156e+00,2.820625066757202148e+00,2.534085750579833984e+00,2.487041711807250977e+00,2.312702178955078125e+00,2.303149223327636719e+00,2.271599292755126953e+00,2.257978439331054688e+00,2.377728939056396484e+00
2.575003147125244141e+00,2.434866428375244141e+00,2.484385728836059570e+00,2.347608327865600586e+00,2.659118175506591797e+00,2.641815662384033203e+00,2.386685848236083984e+00,2.131995439529418945e+00,1.793201804161071777e+00,1.515482902526855469e+00,1.178828716278076172e+00,9.258724451065063477e-01,5.872038006782531738e-01,3.959826231002807617e-01,0.000000000000000000e+00,1.674072742462158203e+00,1.692631483078002930e+00,2.040548563003540039e+00,2.064486503601074219e+00,2.456612348556518555e+00,2.636603116989135742e+00,2.448186159133911133e+00,2.256791353225708008e+00,1.895986795425415039e+00,1.689594149589538574e+00,1.364846825599670410e+00,1.210240125656127930e+00,9.773857593536376953e-01,8.987886905670166016e-01,7.977434396743774414e-01,1.626067638397216797e+00,1.666755914688110352e+00,2.046992063522338867e+00,2.113707542419433594e+00,2.461833238601684570e+00,2.711287975311279297e+00,2.563888072967529297e+00,2.449502468109130859e+00,2.099667310714721680e+00,1.965106487274169922e+00,1.682664752006530762e+00,1.611248850822448730e+00,1.459508538246154785e+00,1.437025308609008789e+00,1.420099973678588867e+00,1.890398621559143066e+00,1.913136601448059082e+00,2.232338905334472656e+00,2.328267574310302734e+00,2.562475204467773438e+00,2.864510774612426758e+00,2.732523918151855469e+00,2.690888881683349609e+00,2.367566823959350586e+00,2.299357652664184570e+00,2.066437959671020508e+00,2.056354761123657227e+00,1.964702606201171875e+00,1.986436605453491211e+00,2.065747499465942383e+00,2.376967668533325195e+00,2.360219001770019531e+00,2.569162130355834961e+00,2.704875707626342773e+00,2.740731000900268555e+00,3.061822891235351562e+00,2.938329458236694336e+00,2.974207639694213867e+00,2.681977748870849609e+00,2.672317266464233398e+00,2.486452579498291016e+00,2.514647960662841797e+00,2.462063312530517578e+00,2.484752178192138672e+00,2.573674917221069336e+00
1.143470525741577148e+00,1.165618658065795898e+00,1.175432205200195312e+00,1.293459057807922363e+00,1.624721407890319824e+00,1.728267788887023926e+00,1.711502909660339355e+00,1.688528299331665039e+00,1.364858984947204590e+00,1.471149086952209473e+00,1.237889170646667480e+00,1.502333521842956543e+00,1.416426301002502441e+00,1.729516029357910156e+00,1.674072742462158203e+00,0.000000000000000000e+00,3.706608414649963379e-01,6.261074542999267578e-01,9.248610734939575195e-01,1.232995867729187012e+00,1.540552616119384766e+00,1.603369712829589844e+00,1.674044489860534668e+00,1.397541642189025879e+00,1.565363764762878418e+00,1.427860379219055176e+00,1.703647732734680176e+00,1.707565426826477051e+00,2.004735708236694336e+00,2.042452335357666016e+00,7.592164874076843262e-01,7.073013186454772949e-01,8.283242583274841309e-01,1.016654729843139648e+00,1.196676015853881836e+00,1.573750138282775879e+00,1.641379594802856445e+00,1.789554953575134277e+00,1.575441837310791016e+00,1.774964690208435059e+00,1.710443377494812012e+00,1.981839060783386230e+00,2.047477245330810547e+00,2.314688920974731445e+00,2.426748991012573242e+00,1.452696681022644043e+00,1.315411806106567383e+00,1.325266838073730469e+00,1.396578550338745117e+00,1.382038354873657227e+00,1.764714002609252930e+00,1.800004959106445312e+00,2.000332355499267578e+00,1.846558570861816406e+00,2.058202266693115234e+00,2.051508426666259766e+00,2.308049917221069336e+00,2.424216747283935547e+00,2.668931245803833008e+00,2.857946634292602539e+00,2.165488243103027344e+00,1.969432234764099121e+00,1.921343445777893066e+00,1.958891987800598145e+00,1.755895137786865234e+00,2.031965970993041992e+00,2.043313026428222656e+00,2.286258220672607422e+00,2.178997516632080078e+00,2.391168594360351562e+00,2.430536985397338867e+00,2.657643795013427734e+00,2.815439462661743164e+00,2.998488903045654297e+00,3.236580848693847656e+00
1.061780571937561035e+00,9.742410778999328613e-01,9.177381396293640137e-01,9.672708511352539062e-01,1.291575670242309570e+00,1.374688982963562012e+00,1.341564655303955078e+00,1.325274586677551270e+00,1.013478517532348633e+00,1.167341470718383789e+00,1.001572489738464355e+00,1.321380615234375000e+00,1.330279469490051270e+00,1.662324786186218262e+00,1.692631483078002930e+00,3.706608414649963379e-01,0.000000000000000000e+00,3.893465399742126465e-01,5.845897793769836426e-01,9.280867576599121094e-01,1.237460970878601074e+00,1.258752822875976562e+00,1.339272141456604004e+00,1.083905220031738281e+00,1.286397457122802734e+00,1.220521807670593262e+00,1.526363492012023926e+00,1.609701752662658691e+00,1.913985967636108398e+00,2.023404359817504883e+00,9.029643535614013672e-01,6.885898113250732422e-01,7.738956809043884277e-01,8.144213557243347168e-01,9.825917482376098633e-01,1.355377316474914551e+00,1.361352205276489258e+00,1.512907028198242188e+00,1.327656745910644531e+00,1.537017941474914551e+00,1.532356619834899902e+00,1.810757637023925781e+00,1.938065052032470703e+00,2.201260805130004883e+00,2.370659828186035156e+00,1.542733907699584961e+00,1.326897740364074707e+00,1.339988350868225098e+00,1.308839321136474609e+00,1.281537771224975586e+00,1.630348086357116699e+00,1.598066329956054688e+00,1.789186239242553711e+00,1.661244511604309082e+00,1.861740827560424805e+00,1.897851467132568359e+00,2.144253969192504883e+00,2.306468725204467773e+00,2.538098096847534180e+00,2.771848917007446289e+00,2.222079515457153320e+00,1.983811974525451660e+00,1.961979031562805176e+00,1.934251427650451660e+00,1.733381152153015137e+00,1.964983582496643066e+00,1.913360357284545898e+00,2.136336326599121094e+00,2.045606613159179688e+00,2.231892585754394531e+00,2.298072338104248047e+00,2.501327037811279297e+00,2.689342737197875977e+00,2.849019289016723633e+00,3.116149663925170898e+00
1.004114866256713867e+00,9.324054718017578125e-01,7.398233413696289062e-01,8.622379302978515625e-01,1.107089281082153320e+00,1.167906999588012695e+00,1.235435843467712402e+00,1.277931690216064453e+00,1.050491094589233398e+00,1.289143204689025879e+00,1.212406754493713379e+00,1.568739652633666992e+00,1.626772403717041016e+00,1.981145381927490234e+00,2.040548563003540039e+00,6.261074542999267578e-01,3.893465399742126465e-01,0.000000000000000000e+00,3.786550760269165039e-01,6.201459765434265137e-01,9.239814281463623047e-01,1.043127417564392090e+00,1.199126243591308594e+00,1.028384804725646973e+00,1.319166421890258789e+00,1.335912823677062988e+00,1.687735795974731445e+00,1.815789222717285156e+00,2.150396108627319336e+00,2.284324884414672852e+00,1.005440711975097656e+00,7.313036918640136719e-01,6.088099479675292969e-01,5.785556435585021973e-01,6.254323124885559082e-01,1.017296195030212402e+00,1.085571885108947754e+00,1.312422990798950195e+00,1.207737088203430176e+00,1.494745731353759766e+00,1.567382335662841797e+00,1.892644762992858887e+00,2.065245389938354492e+00,2.362186431884765625e+00,2.555782079696655273e+00,1.573240160942077637e+00,1.302965879440307617e+00,1.215512990951538086e+00,1.113751292228698730e+00,9.912354946136474609e-01,1.320253014564514160e+00,1.314673185348510742e+00,1.563722014427185059e+00,1.509514570236206055e+00,1.767463445663452148e+00,1.873480796813964844e+00,2.159248113632202148e+00,2.366840600967407227e+00,2.628303289413452148e+00,2.881902933120727539e+00,2.208775758743286133e+00,1.924768447875976562e+00,1.853192806243896484e+00,1.763088107109069824e+00,1.512408018112182617e+00,1.690090656280517578e+00,1.648016333580017090e+00,1.907282352447509766e+00,1.880448579788208008e+00,2.103436470031738281e+00,2.231407403945922852e+00,2.462407112121582031e+00,2.696232557296752930e+00,2.878526210784912109e+00,3.172898054122924805e+00
1.136719346046447754e+00,9.429990649223327637e-01,6.716587543487548828e-01,6.353068351745605469e-01,8.289240598678588867e-01,8.241874575614929199e-01,8.638453483581542969e-01,9.116078019142150879e-01,7.332425117492675781e-01,1.032408714294433594e+00,1.061381936073303223e+00,1.438759446144104004e+00,1.584523916244506836e+00,1.933106064796447754e+00,2.064486503601074219e+00,9.248610734939575195e-01,5.845897793769836426e-01,3.786550760269165039e-01,0.000000000000000000e+00,3.955139219760894775e-01,6.702532172203063965e-01,6.943058967590332031e-01,8.664798140525817871e-01,7.500872015953063965e-01,1.078831434249877930e+00,1.191489577293395996e+00,1.547484278678894043e+00,1.749042034149169922e+00,2.071443319320678711e+00,2.267277002334594727e+00,1.238945841789245605e+00,9.000468850135803223e-01,8.061061501502990723e-01,5.768932700157165527e-01,5.976055860519409180e-01,9.185618758201599121e-01,8.593061566352844238e-01,1.074531197547912598e+00,1.017792224884033203e+00,1.296480298042297363e+00,1.437961697578430176e+00,1.748946309089660645e+00,1.977982640266418457e+00,2.255759954452514648e+00,2.499722003936767578e+00,1.731279373168945312e+00,1.417651414871215820e+00,1.365898609161376953e+00,1.170573353767395020e+00,1.069797039031982422e+00,1.320103883743286133e+00,1.207308769226074219e+00,1.418186068534851074e+00,1.391928434371948242e+00,1.614136934280395508e+00,1.760668277740478516e+00,2.017918825149536133e+00,2.265508174896240234e+00,2.501292467117309570e+00,2.794402122497558594e+00,2.313707590103149414e+00,2.007441520690917969e+00,1.980329155921936035e+00,1.837620377540588379e+00,1.619377732276916504e+00,1.745977163314819336e+00,1.620342135429382324e+00,1.832347631454467773e+00,1.814477682113647461e+00,1.989494562149047852e+00,2.135602474212646484e+00,2.327182292938232422e+00,2.583296775817871094e+00,2.732010364532470703e+00,3.049272537231445312e+00
1.126220941543579102e+00,9.411008954048156738e-01,5.649006366729736328e-01,5.930800437927246094e-01,6.117601990699768066e-01,6.133704185485839844e-01,8.233578205108642578e-01,9.995645284652709961e-01,9.637778401374816895e-01,1.313851237297058105e+00,1.415133118629455566e+00,1.793046116828918457e+00,1.967124223709106445e+00,2.311988592147827148e+00,2.456612348556518555e+00,1.232995867729187012e+00,9.280867576599121094e-01,6.201459765434265137e-01,3.955139219760894775e-01,0.000000000000000000e+00,4.073494970798492432e-01,5.941908955574035645e-01,9.149905443191528320e-01,9.582073688507080078e-01,1.327353715896606445e+00,1.510159134864807129e+00,1.870998144149780273e+00,2.101515769958496094e+00,2.426658153533935547e+00,2.639417409896850586e+00,1.547722816467285156e+00,1.213874220848083496e+00,1.011852860450744629e+00,7.457063794136047363e-01,5.293300151824951172e-01,7.801108956336975098e-01,7.690000534057617188e-01,1.087728261947631836e+00,1.165232181549072266e+00,1.486797928810119629e+00,1.698708176612854004e+00,2.021992683410644531e+00,2.283648014068603516e+00,2.569190979003906250e+00,2.831948757171630859e+00,1.996492385864257812e+00,1.662711620330810547e+00,1.535770893096923828e+00,1.285302758216857910e+00,1.080778002738952637e+00,1.249449968338012695e+00,1.149127483367919922e+00,1.416334033012390137e+00,1.495038270950317383e+00,1.751089453697204590e+00,1.964443445205688477e+00,2.235394001007080078e+00,2.518923044204711914e+00,2.763255357742309570e+00,3.073647022247314453e+00,2.533369302749633789e+00,2.198945760726928711e+00,2.129926204681396484e+00,1.930337786674499512e+00,1.671028733253479004e+00,1.713696837425231934e+00,1.591320037841796875e+00,1.828926086425781250e+00,1.892045140266418457e+00,2.086270570755004883e+00,2.292337417602539062e+00,2.492468833923339844e+00,2.786557197570800781e+00,2.940638303756713867e+00,3.279387235641479492e+00
1.522972702980041504e+00,1.335796713829040527e+00,9.515364170074462891e-01,9.126275777816772461e-01,7.857839465141296387e-01,5.742843747138977051e-01,8.322798013687133789e-01,9.624459147453308105e-01,1.039690732955932617e+00,1.370026588439941406e+00,1.529331445693969727e+00,1.893971681594848633e+00,2.102550983428955078e+00,2.455882310867309570e+00,2.636603116989135742e+00,1.540552616119384766e+00,1.237460970878601074e+00,9.239814281463623047e-01,6.702532172203063965e-01,4.073494970798492432e-01,0.000000000000000000e+00,3.914440274238586426e-01,7.203577756881713867e-01,8.926368355751037598e-01,1.265811085700988770e+00,1.511599898338317871e+00,1.870503902435302734e+00,2.134452342987060547e+00,2.466884374618530273e+00,2.706106901168823242e+00,1.695127844810485840e+00,1.343253850936889648e+00,1.112311005592346191e+00,7.709574103355407715e-01,5.253611207008361816e-01,5.314355492591857910e-01,4.383921325206756592e-01,7.929107546806335449e-01,9.871091246604919434e-01,1.323946237564086914e+00,1.603390693664550781e+00,1.930705904960632324e+00,2.228101253509521484e+00,2.522773027420043945e+00,2.808557510375976562e+00,2.016136884689331055e+00,1.654343366622924805e+00,1.513879656791687012e+00,1.189142107963562012e+00,9.931030273437500000e-01,1.035573124885559082e+00,8.578306436538696289e-01,1.109357595443725586e+00,1.265388369560241699e+00,1.522965073585510254e+00,1.795575499534606934e+00,2.068115949630737305e+00,2.387193918228149414e+00,2.637439966201782227e+00,2.964644908905029297e+00,2.457345008850097656e+00,2.099352836608886719e+00,2.040439128875732422e+00,1.780756711959838867e+00,1.549128174781799316e+00,1.518865108489990234e+00,1.333843588829040527e+00,1.536414623260498047e+00,1.644597649574279785e+00,1.823246479034423828e+00,2.073655366897583008e+00,2.267203569412231445e+00,2.593746185302734375e+00,2.749064445495605469e+00,3.106565713882446289e+00
