,A1,A2,A3,A4,A5,A6,A7,A8,A9,A10,A11,A12,A13,A14,A15,B1,B2,B3,B4,B5,B6,B7,B8,B9,B10,B11,B12,B13,B14,B15,C1,C2,C3,C4,C5,C6,C7,C8,C9,C10,C11,C12,C13,C14,C15,D1,D2,D3,D4,D5,D6,D7,D8,D9,D10,D11,D12,D13,D14,D15,E1,E2,E3,E4,E5,E6,E7,E8,E9,E10,E11,E12,E13,E14,E15
A1,0.0,0.3976793885231018,0.5948755741119385,0.9200234413146973,1.1191327571868896,1.4431122541427612,1.6419557332992554,2.0134224891662598,2.122894048690796,2.489060401916504,2.624526023864746,2.976708173751831,3.060744047164917,3.281343936920166,3.3520333766937256,1.841403603553772,1.6340101957321167,1.4647866487503052,1.5444649457931519,1.3194618225097656,1.626181721687317,1.7871984243392944,2.15201997756958,2.306513786315918,2.6420373916625977,2.8416733741760254,3.1775999069213867,3.3460400104522705,3.6667697429656982,3.797248125076294,2.682404041290283,2.36100435256958,2.199368476867676,2.0934226512908936,1.828054428100586,2.0454957485198975,2.085777759552002,2.3990046977996826,2.570876121520996,2.8585052490234375,3.0937767028808594,3.390707492828369,3.6176114082336426,3.92673921585083,4.1377644538879395,3.3941404819488525,3.037613868713379,2.8928866386413574,2.6843724250793457,2.3966846466064453,2.5137975215911865,2.4817967414855957,2.7437894344329834,2.904783010482788,3.1357898712158203,3.3872461318969727,3.630316734313965,3.905756950378418,4.1906867027282715,4.472587585449219,4.126261234283447,3.7502799034118652,3.6434433460235596,3.3823294639587402,3.072943925857544,3.008110523223877,2.92395281791687,3.159327983856201,3.2842276096343994,3.4623758792877197,3.708155870437622,3.8568687438964844,4.184847354888916,4.281913757324219,4.6628313064575195
A2,0.3976793885231018,0.0,0.3784163296222687,0.5796070694923401,0.7949913144111633,1.134953498840332,1.2853151559829712,1.6579536199569702,1.742618203163147,2.1068081855773926,2.2344021797180176,2.583399534225464,2.667243719100952,2.8849875926971436,2.9624173641204834,1.5247832536697388,1.2854093313217163,1.1575796604156494,1.2109010219573975,1.0309168100357056,1.3646676540374756,1.4720999002456665,1.8305621147155762,1.9560976028442383,2.282400608062744,2.471062183380127,2.799142360687256,2.9666576385498047,3.280158042907715,3.4171154499053955,2.410914182662964,2.0815889835357666,1.9597982168197632,1.8271739482879639,1.6008164882659912,1.8312232494354248,1.819828748703003,2.1177287101745605,2.255837917327881,2.528982400894165,2.7479116916656494,3.0333662033081055,3.255629062652588,3.5546419620513916,3.770169258117676,3.133026599884033,2.7797672748565674,2.671705722808838,2.448803424835205,2.1969425678253174,2.3281755447387695,2.2525341510772705,2.4967966079711914,2.6216814517974854,2.837261915206909,3.067589044570923,3.298273801803589,3.5652449131011963,3.8396832942962646,4.125084400177002,3.877244472503662,3.5082507133483887,3.43414044380188,3.1742637157440186,2.8889098167419434,2.842562437057495,2.7190823554992676,2.938967704772949,3.026684284210205,3.1930642127990723,3.413800001144409,3.55258846282959,3.8669989109039307,3.954868793487549,4.33148717880249
A3,0.5948755741119385,0.3784163296222687,0.0,0.39415493607521057,0.5723043084144592,0.8549298644065857,1.0916457176208496,1.45281982421875,1.5946928262710571,1.9614311456680298,2.1296958923339844,2.4871580600738525,2.6079161167144775,2.8605384826660156,2.969075918197632,1.5932292938232422,1.295304298400879,1.1038404703140259,1.0605778694152832,0.7893455624580383,1.0651264190673828,1.2038873434066772,1.5647226572036743,1.7450368404388428,2.0792644023895264,2.3067142963409424,2.645242929458618,2.83990478515625,3.1753222942352295,3.3290700912475586,2.352980375289917,1.9942259788513184,1.8345904350280762,1.6470264196395874,1.3767567873001099,1.548102617263794,1.5334597826004028,1.8246062994003296,2.006803274154663,2.2826802730560303,2.5368154048919678,2.829826831817627,3.0767223834991455,3.391281843185425,3.61771559715271,2.9975740909576416,2.6267991065979004,2.496952772140503,2.2377278804779053,1.9684858322143555,2.0498547554016113,1.9624077081680298,2.193307638168335,2.3498892784118652,2.561110258102417,2.8200488090515137,3.0530431270599365,3.341038465499878,3.623613119125366,3.914299488067627,3.671374559402466,3.290562152862549,3.213360548019409,2.926450252532959,2.6467511653900146,2.5627567768096924,2.4298110008239746,2.633366823196411,2.742227792739868,2.8969151973724365,3.138633966445923,3.2729077339172363,3.603490114212036,3.6939783096313477,4.076813220977783
A4,0.9200234413146973,0.5796070694923401,0.39415493607521057,0.0,0.3843717873096466,0.6092085838317871,0.7801571488380432,1.135206699371338,1.2277241945266724,1.5989981889724731,1.745443344116211,2.1080162525177,2.2190146446228027,2.4809820652008057,2.5879838466644287,1.2808526754379272,0.9467126131057739,0.7894547581672668,0.6952823400497437,0.49536657333374023,0.819545328617096,0.8944807648658752,1.2554030418395996,1.3874709606170654,1.7229586839675903,1.9287350177764893,2.268279552459717,2.451770305633545,2.78539776802063,2.9355804920196533,2.039735794067383,1.676912784576416,1.5615551471710205,1.3505094051361084,1.1390280723571777,1.335031270980835,1.2656456232070923,1.5471817255020142,1.6801040172576904,1.950979471206665,2.180202007293701,2.4709982872009277,2.704533815383911,3.0145492553710938,3.236443042755127,2.6887590885162354,2.3250222206115723,2.235179901123047,1.9696108102798462,1.74677574634552,1.8555470705032349,1.727240800857544,1.9461088180541992,2.055166006088257,2.259979486465454,2.4911582469940186,2.7212679386138916,2.993690013885498,3.2723240852355957,3.5590219497680664,3.3803000450134277,3.009813070297241,2.9647819995880127,2.687908887863159,2.4340052604675293,2.381974935531616,2.213271141052246,2.407578229904175,2.472449779510498,2.625276803970337,2.838184118270874,2.973482608795166,3.2876205444335938,3.3791768550872803,3.756176471710205
A5,1.1191327571868896,0.7949913144111633,0.5723043084144592,0.3843717873096466,0.0,0.3875011205673218,0.5452917218208313,0.9100559949874878,1.094875693321228,1.4443719387054443,1.6616817712783813,1.9988139867782593,2.169173002243042,2.4155800342559814,2.575786590576172,1.5304384231567383,1.1666606664657593,1.0763829946517944,0.8667747974395752,0.6782078742980957,0.8621814846992493,0.8168967962265015,1.127070426940918,1.3099191188812256,1.6020878553390503,1.8579872846603394,2.167475938796997,2.401581048965454,2.7249481678009033,2.922327756881714,2.2707295417785645,1.8995243310928345,1.8065979480743408,1.5347980260849,1.3358402252197266,1.4445276260375977,1.2895065546035767,1.4955711364746094,1.644773006439209,1.8599724769592285,2.116708278656006,2.3687691688537598,2.640179395675659,2.932262659072876,3.192270278930664,2.8644402027130127,2.499619483947754,2.4290738105773926,2.123150110244751,1.9229429960250854,1.9728410243988037,1.782519817352295,1.934966802597046,2.0422234535217285,2.1902830600738525,2.4296936988830566,2.6159863471984863,2.912719964981079,3.165273427963257,3.480602502822876,3.492587089538574,3.1222734451293945,3.1061019897460938,2.803649425506592,2.5825462341308594,2.495382308959961,2.282217025756836,2.4217116832733154,2.4730193614959717,2.5718977451324463,2.7761082649230957,2.863609552383423,3.1795616149902344,3.2322959899902344,3.61279559135437
A6,1.4431122541427612,1.134953498840332,0.8549298644065857,0.6092085838317871,0.3875011205673218,0.0,0.37436625361442566,0.6491971611976624,0.8898424506187439,1.2229112386703491,1.4707967042922974,1.8093847036361694,2.0090529918670654,2.294262170791626,2.477325439453125,1.5699236392974854,1.1881890296936035,1.0756276845932007,0.7587417960166931,0.5775656700134277,0.5854001045227051,0.4681031405925751,0.7601746916770935,0.9977260828018188,1.2926568984985352,1.5825815200805664,1.9003387689590454,2.1540956497192383,2.4968667030334473,2.7040867805480957,2.1358673572540283,1.754435420036316,1.6547080278396606,1.3277307748794556,1.141661286354065,1.1704717874526978,0.9579867124557495,1.124133825302124,1.2957264184951782,1.5047060251235962,1.7888543605804443,2.047292709350586,2.3363828659057617,2.642334222793579,2.9070162773132324,2.633594274520874,2.2651546001434326,2.197509288787842,1.859910488128662,1.68146812915802,1.6876533031463623,1.455693006515503,1.5719369649887085,1.6822807788848877,1.8167532682418823,2.0717086791992188,2.259162425994873,2.5691559314727783,2.8294243812561035,3.1452605724334717,3.1897125244140625,2.818133592605591,2.8173298835754395,2.498544454574585,2.304692029953003,2.199629545211792,1.9561911821365356,2.0659947395324707,2.110727071762085,2.1932709217071533,2.402369976043701,2.4865314960479736,2.810699462890625,2.869675636291504,3.253553867340088
A7,1.6419557332992554,1.2853151559829712,1.0916457176208496,0.7801571488380432,0.5452917218208313,0.37436625361442566,0.0,0.37470996379852295,0.576487123966217,0.9074804782867432,1.16112220287323,1.4841547012329102,1.6931126117706299,1.9527125358581543,2.152426242828369,1.4722057580947876,1.0971205234527588,1.1063942909240723,0.7837242484092712,0.7804993391036987,0.8186704516410828,0.5406479239463806,0.7172701358795166,0.845152735710144,1.0868053436279297,1.3532716035842896,1.639904499053955,1.8983991146087646,2.215296745300293,2.440659284591675,2.0928001403808594,1.7334719896316528,1.7143336534500122,1.3927785158157349,1.3056193590164185,1.3622121810913086,1.084641933441162,1.1821696758270264,1.2519094944000244,1.4012877941131592,1.6375352144241333,1.8553487062454224,2.1351842880249023,2.4103176593780518,2.688563823699951,2.612022638320923,2.2681117057800293,2.2624759674072266,1.9354760646820068,1.8245948553085327,1.8636146783828735,1.5910941362380981,1.665823221206665,1.6949561834335327,1.784840703010559,1.9838181734085083,2.1332128047943115,2.4226765632629395,2.6530914306640625,2.979168653488159,3.1952602863311768,2.846118688583374,2.889953851699829,2.5922012329101562,2.4346699714660645,2.3685173988342285,2.0908989906311035,2.174509286880493,2.1533243656158447,2.209792137145996,2.362797498703003,2.419804573059082,2.711115598678589,2.7428812980651855,3.116137742996216
A8,2.0134224891662598,1.6579536199569702,1.45281982421875,1.135206699371338,0.9100559949874878,0.6491971611976624,0.37470996379852295,0.0,0.3792671859264374,0.6103792190551758,0.9299322366714478,1.2185903787612915,1.4797741174697876,1.753356695175171,1.9939180612564087,1.6258424520492554,1.272203803062439,1.3145298957824707,0.9602054357528687,1.022748351097107,0.943403959274292,0.5743628740310669,0.5223821401596069,0.6133391261100769,0.7636720538139343,1.067624807357788,1.3234189748764038,1.6196092367172241,1.9333302974700928,2.1892902851104736,2.0980682373046875,1.7568669319152832,1.7735868692398071,1.4250171184539795,1.4032769203186035,1.392713189125061,1.0476852655410767,1.0241553783416748,1.0393871068954468,1.1060649156570435,1.340250015258789,1.520056962966919,1.8219066858291626,2.084868907928467,2.384477376937866,2.5191822052001953,2.1943891048431396,2.2257511615753174,1.8834269046783447,1.8339070081710815,1.8407899141311646,1.516290545463562,1.512063980102539,1.4897100925445557,1.5155384540557861,1.6901551485061646,1.8003578186035156,2.0947954654693604,2.306149482727051,2.64509654045105,3.0287117958068848,2.696229934692383,2.7812139987945557,2.4820713996887207,2.3768887519836426,2.3106186389923096,1.9914054870605469,2.0187907218933105,1.9503257274627686,1.959912657737732,2.077298164367676,2.1004066467285156,2.377453327178955,2.3884568214416504,2.758509635925293
A9,2.122894048690796,1.742618203163147,1.5946928262710571,1.2277241945266724,1.094875693321228,0.8898424506187439,0.576487123966217,0.3792671859264374,0.0,0.37266504764556885,0.5884065628051758,0.9215246438980103,1.1326730251312256,1.4202256202697754,1.6336623430252075,1.3780680894851685,1.067315697669983,1.1950700283050537,0.8876481056213379,1.0858511924743652,1.0672084093093872,0.715312123298645,0.6567450761795044,0.5026086568832397,0.6328060626983643,0.8187954425811768,1.0872286558151245,1.3316930532455444,1.6399091482162476,1.8705072402954102,1.8397191762924194,1.5316126346588135,1.6211705207824707,1.3132444620132446,1.3867055177688599,1.4418309926986694,1.1092512607574463,1.0997594594955444,0.9883857369422913,1.053714394569397,1.1872013807296753,1.3695926666259766,1.6143267154693604,1.8681597709655762,2.142388105392456,2.298752546310425,2.0016140937805176,2.0858347415924072,1.7821356058120728,1.7897448539733887,1.8634531497955322,1.5498610734939575,1.565322995185852,1.4641081094741821,1.505063533782959,1.6062157154083252,1.7264045476913452,1.9674274921417236,2.177384376525879,2.4942007064819336,2.8769712448120117,2.5676422119140625,2.6769368648529053,2.418741464614868,2.3282558917999268,2.3248629570007324,2.0080058574676514,2.056169271469116,1.9359720945358276,1.9735933542251587,2.041778087615967,2.0904109477996826,2.328674077987671,2.3571577072143555,2.708915948867798
A10,2.489060401916504,2.1068081855773926,1.9614311456680298,1.5989981889724731,1.4443719387054443,1.2229112386703491,0.9074804782867432,0.6103792190551758,0.37266504764556885,0.0,0.3801210820674896,0.6106181740760803,0.9031370878219604,1.179688811302185,1.4492570161819458,1.626274824142456,1.3628778457641602,1.5228521823883057,1.2285778522491455,1.4412561655044556,1.3759300708770752,1.012627363204956,0.8267675638198853,0.6014477014541626,0.48243340849876404,0.6145196557044983,0.7795842289924622,1.068297266960144,1.3442440032958984,1.6216051578521729,1.969175934791565,1.7049306631088257,1.8393933773040771,1.5383684635162354,1.6639643907546997,1.6780121326446533,1.322047472000122,1.2136205434799194,1.0261006355285645,0.9585165977478027,1.019248366355896,1.1077748537063599,1.354997992515564,1.5646804571151733,1.8678499460220337,2.334862470626831,2.0772995948791504,2.210110664367676,1.914047122001648,1.9843165874481201,2.038353443145752,1.6971012353897095,1.6397095918655396,1.471752643585205,1.4291774034500122,1.4602986574172974,1.5087225437164307,1.7275904417037964,1.8922847509384155,2.222811460494995,2.844493865966797,2.567507028579712,2.7250726222991943,2.481428623199463,2.446777105331421,2.4535980224609375,2.108884572982788,2.102060079574585,1.9238951206207275,1.9075069427490234,1.9102178812026978,1.9106879234313965,2.1061880588531494,2.098113536834717,2.432469367980957
A11,2.624526023864746,2.2344021797180176,2.1296958923339844,1.745443344116211,1.6616817712783813,1.4707967042922974,1.16112220287323,0.9299322366714478,0.5884065628051758,0.3801210820674896,0.0,0.3813466727733612,0.5544819235801697,0.8801461458206177,1.1036508083343506,1.4716670513153076,1.2860016822814941,1.503018856048584,1.278592824935913,1.5666122436523438,1.5431244373321533,1.2198631763458252,1.0679725408554077,0.7397927045822144,0.6237474679946899,0.4997863173484802,0.6436244249343872,0.8106212615966797,1.07593834400177,1.308120608329773,1.746841549873352,1.5390681028366089,1.7434296607971191,1.5036848783493042,1.7061922550201416,1.7723361253738403,1.452773928642273,1.3729753494262695,1.103843092918396,1.0519142150878906,0.9812131524085999,1.067582130432129,1.2107051610946655,1.4034818410873413,1.658438801765442,2.131404161453247,1.9150618314743042,2.100497245788574,1.8576055765151978,1.9804234504699707,2.0932726860046387,1.7804914712905884,1.7499058246612549,1.5241296291351318,1.5084859132766724,1.4619970321655273,1.5279206037521362,1.6698864698410034,1.8333768844604492,2.1224701404571533,2.704880475997925,2.4582748413085938,2.6360323429107666,2.441020965576172,2.4203665256500244,2.4876015186309814,2.158968687057495,2.1769347190856934,1.9605374336242676,1.9800702333450317,1.938180923461914,1.9748502969741821,2.124915599822998,2.145634889602661,2.4510200023651123
A12,2.976708173751831,2.583399534225464,2.4871580600738525,2.1080162525177,1.9988139867782593,1.8093847036361694,1.4841547012329102,1.2185903787612915,0.9215246438980103,0.6106181740760803,0.3813466727733612,0.0,0.38217929005622864,0.6243727207183838,0.93163001537323,1.7884243726730347,1.639060378074646,1.8759845495224,1.6599173545837402,1.9438707828521729,1.904098391532898,1.5684624910354614,1.3706376552581787,1.0554863214492798,0.8251118063926697,0.6315258741378784,0.5194574594497681,0.668115496635437,0.8143433332443237,1.1110622882843018,1.9998220205307007,1.8404607772827148,2.072465181350708,1.8470616340637207,2.068295955657959,2.11181902885437,1.7826999425888062,1.6505697965621948,1.3574285507202148,1.2110142707824707,1.06168532371521,1.0083651542663574,1.1033940315246582,1.1945700645446777,1.4721649885177612,2.305398941040039,2.137472629547119,2.360804796218872,2.135141134262085,2.2966291904449463,2.3950822353363037,2.0707788467407227,1.9914931058883667,1.7272108793258667,1.6420292854309082,1.5227315425872803,1.500872254371643,1.5895005464553833,1.677286148071289,1.9679509401321411,2.8130228519439697,2.6075356006622314,2.8261935710906982,2.6521387100219727,2.676085948944092,2.7514469623565674,2.409311532974243,2.3848328590393066,2.1267998218536377,2.0978453159332275,1.9895954132080078,1.973799228668213,2.060929536819458,2.03513765335083,2.30307674407959
A13,3.060744047164917,2.667243719100952,2.6079161167144775,2.2190146446228027,2.169173002243042,2.0090529918670654,1.6931126117706299,1.4797741174697876,1.1326730251312256,0.9031370878219604,0.5544819235801697,0.38217929005622864,0.0,0.40194472670555115,0.5927726030349731,1.6622371673583984,1.5946621894836426,1.8674705028533936,1.7208820581436157,2.0492634773254395,2.051605463027954,1.7532856464385986,1.6000959873199463,1.2457735538482666,1.077666997909546,0.7875000834465027,0.703834056854248,0.6248597502708435,0.705707848072052,0.8910114169120789,1.8194880485534668,1.724457025527954,2.0091257095336914,1.8509178161621094,2.119657278060913,2.213824510574341,1.9255802631378174,1.837253212928772,1.512220025062561,1.4154397249221802,1.1998671293258667,1.1782293319702148,1.1544827222824097,1.2242095470428467,1.4122134447097778,2.15796160697937,2.033794641494751,2.2950010299682617,2.127554178237915,2.319012403488159,2.4717931747436523,2.1845309734344482,2.1452691555023193,1.8575084209442139,1.818050742149353,1.6589115858078003,1.6749507188796997,1.693820595741272,1.7891108989715576,2.019669532775879,2.7418808937072754,2.56512713432312,2.788766622543335,2.6630401611328125,2.6865220069885254,2.8143136501312256,2.499065399169922,2.510035991668701,2.238530158996582,2.2554619312286377,2.1291255950927734,2.1597893238067627,2.2167675495147705,2.2295351028442383,2.468825101852417
A14,3.281343936920166,2.8849875926971436,2.8605384826660156,2.4809820652008057,2.4155800342559814,2.294262170791626,1.9527125358581543,1.753356695175171,1.4202256202697754,1.179688811302185,0.8801461458206177,0.6243727207183838,0.40194472670555115,0.0,0.3829202950000763,1.8963004350662231,1.8588850498199463,2.166990041732788,2.0421721935272217,2.3687398433685303,2.3989906311035156,2.088872194290161,1.945890188217163,1.6100969314575195,1.4282290935516357,1.1664402484893799,1.0115087032318115,0.923434317111969,0.8313909769058228,1.0051580667495728,2.1379990577697754,2.070352554321289,2.369861364364624,2.228456974029541,2.4900805950164795,2.598844051361084,2.3060238361358643,2.218292713165283,1.9029418230056763,1.7852879762649536,1.5672271251678467,1.4844346046447754,1.4351495504379272,1.4076184034347534,1.5828567743301392,2.4978537559509277,2.4007768630981445,2.67443585395813,2.5220866203308105,2.7118782997131348,2.8710927963256836,2.5825421810150146,2.5382869243621826,2.25018048286438,2.188349962234497,2.0118064880371094,1.9805792570114136,1.9701370000839233,2.0013489723205566,2.221327066421509,3.082763195037842,2.9307620525360107,3.1656227111816406,3.054260730743408,3.0829930305480957,3.215919017791748,2.900197744369507,2.903698682785034,2.6245975494384766,2.6218771934509277,2.4714386463165283,2.4687883853912354,2.4889254570007324,2.4612014293670654,2.666215658187866
A15,3.3520333766937256,2.9624173641204834,2.969075918197632,2.5879838466644287,2.575786590576172,2.477325439453125,2.152426242828369,1.9939180612564087,1.6336623430252075,1.4492570161819458,1.1036508083343506,0.93163001537323,0.5927726030349731,0.3829202950000763,0.0,1.8137012720108032,1.8546693325042725,2.1799075603485107,2.1185123920440674,2.4712414741516113,2.535233497619629,2.2612597942352295,2.155153751373291,1.7993221282958984,1.6659471988677979,1.364814281463623,1.2572021484375,1.0683128833770752,0.9593303799629211,0.9808275699615479,2.0068838596343994,2.0011789798736572,2.33406662940979,2.255586862564087,2.546485424041748,2.696647882461548,2.4428586959838867,2.3940043449401855,2.0646796226501465,1.9918164014816284,1.7455013990402222,1.70376718044281,1.589242935180664,1.5668917894363403,1.6560910940170288,2.3994767665863037,2.341813087463379,2.636930227279663,2.538484811782837,2.744053840637207,2.9474527835845947,2.695406436920166,2.688392400741577,2.392031192779541,2.372873306274414,2.1807329654693604,2.189941167831421,2.1392664909362793,2.1897776126861572,2.3575615882873535,3.05198073387146,2.9236629009246826,3.152719259262085,3.0834429264068604,3.105185031890869,3.28002667427063,2.9932122230529785,3.0307374000549316,2.750366449356079,2.7897350788116455,2.6370043754577637,2.6776723861694336,2.685875654220581,2.696700096130371,2.8857500553131104
B1,1.841403603553772,1.5247832536697388,1.5932292938232422,1.2808526754379272,1.5304384231567383,1.5699236392974854,1.4722057580947876,1.6258424520492554,1.3780680894851685,1.626274824142456,1.4716670513153076,1.7884243726730347,1.6622371673583984,1.8963004350662231,1.8137012720108032,0.0,0.3828344941139221,0.6275895237922668,0.8939933776855469,1.2020210027694702,1.4739245176315308,1.463266372680664,1.673871397972107,1.4879032373428345,1.7506790161132812,1.685624361038208,1.9888349771499634,1.9612369537353516,2.229512929916382,2.2242941856384277,1.1187738180160522,0.9352678060531616,1.094680666923523,1.1521135568618774,1.2979389429092407,1.6496068239212036,1.6107922792434692,1.8589414358139038,1.7360997200012207,1.994309902191162,1.9993067979812622,2.2843501567840576,2.3355376720428467,2.6042895317077637,2.6997599601745605,1.9754958152770996,1.7291146516799927,1.7964332103729248,1.7177969217300415,1.6907801628112793,2.004594326019287,1.924300193786621,2.1663856506347656,2.085146903991699,2.3229281902313232,2.3809814453125,2.6375479698181152,2.75911021232605,3.0313849449157715,3.2226295471191406,2.8945624828338623,2.6123340129852295,2.6222949028015137,2.499368906021118,2.2966275215148926,2.4516751766204834,2.307718515396118,2.547603130340576,2.4790003299713135,2.7036378383636475,2.794731616973877,2.999328374862671,3.2108187675476074,3.357212781906128,3.6738121509552
B2,1.6340101957321167,1.2854093313217163,1.295304298400879,0.9467126131057739,1.1666606664657593,1.1881890296936035,1.0971205234527588,1.272203803062439,1.067315697669983,1.3628778457641602,1.2860016822814941,1.639060378074646,1.5946621894836426,1.8588850498199463,1.8546693325042725,0.3828344941139221,0.0,0.3755364418029785,0.5448118448257446,0.8594455122947693,1.1348797082901,1.1024101972579956,1.3373548984527588,1.1980223655700684,1.4919737577438354,1.5007151365280151,1.8290506601333618,1.8738160133361816,2.1751670837402344,2.2315378189086914,1.2683559656143188,0.9821464419364929,1.0687804222106934,0.9970099925994873,1.0793423652648926,1.401199221611023,1.3189003467559814,1.5687493085861206,1.4882313013076782,1.7518054246902466,1.816736102104187,2.1087112426757812,2.2199411392211914,2.5068185329437256,2.650508165359497,2.04644513130188,1.7503421306610107,1.7851336002349854,1.6242601871490479,1.5584712028503418,1.8198046684265137,1.6965250968933105,1.9234248399734497,1.8736224174499512,2.098097324371338,2.1990158557891846,2.447364330291748,2.615492105484009,2.890800714492798,3.117513656616211,2.8909752368927,2.5779435634613037,2.5889883041381836,2.4111344814300537,2.205486536026001,2.3043177127838135,2.127828598022461,2.3460617065429688,2.2959225177764893,2.494966506958008,2.6115992069244385,2.793308734893799,3.032938003540039,3.1611547470092773,3.497941017150879
B3,1.4647866487503052,1.1575796604156494,1.1038404703140259,0.7894547581672668,1.0763829946517944,1.0756276845932007,1.1063942909240723,1.3145298957824707,1.1950700283050537,1.5228521823883057,1.503018856048584,1.8759845495224,1.8674705028533936,2.166990041732788,2.1799075603485107,0.6275895237922668,0.3755364418029785,0.0,0.38217607140541077,0.601080060005188,0.8964632749557495,0.9852761030197144,1.276466965675354,1.2199968099594116,1.5649354457855225,1.6276893615722656,1.9898757934570312,2.0577147006988525,2.3935141563415527,2.4500372409820557,1.2680965662002563,0.9299880266189575,0.8786518573760986,0.793500542640686,0.7738864421844482,1.1247047185897827,1.1210193634033203,1.4332919120788574,1.4290212392807007,1.7455707788467407,1.8654093742370605,2.196378469467163,2.332305908203125,2.65396785736084,2.7953176498413086,1.9969955682754517,1.66293466091156,1.61989426612854,1.4416377544403076,1.300131916999817,1.5537772178649902,1.4779677391052246,1.7515625953674316,1.7677090167999268,2.0343000888824463,2.1885180473327637,2.4717745780944824,2.666656732559204,2.971877098083496,3.1947202682495117,2.8037490844726562,2.4632418155670166,2.427356243133545,2.2260262966156006,1.9798277616500854,2.0498828887939453,1.9083001613616943,2.157961845397949,2.1649200916290283,2.3908326625823975,2.5582029819488525,2.7646901607513428,3.0368235111236572,3.1893317699432373,3.5392613410949707
B4,1.5444649457931519,1.2109010219573975,1.0605778694152832,0.6952823400497437,0.8667747974395752,0.7587417960166931,0.7837242484092712,0.9602054357528687,0.8876481056213379,1.2285778522491455,1.278592824935913,1.6599173545837402,1.7208820581436157,2.0421721935272217,2.1185123920440674,0.8939933776855469,0.5448118448257446,0.38217607140541077,0.0,0.37761032581329346,0.5906960964202881,0.6067513823509216,0.9006092548370361,0.8858275413513184,1.2456432580947876,1.3725281953811646,1.7415744066238403,1.8684686422348022,2.2223753929138184,2.3295416831970215,1.4076818227767944,1.033447027206421,0.9750615954399109,0.7296239137649536,0.679768443107605,0.9304368495941162,0.8231707811355591,1.1064519882202148,1.1281684637069702,1.432034969329834,1.5991274118423462,1.9235200881958008,2.107327938079834,2.435281276702881,2.615938425064087,2.019988536834717,1.665661096572876,1.6285645961761475,1.3694051504135132,1.2364519834518433,1.4118165969848633,1.2553484439849854,1.4810616970062256,1.5052679777145386,1.7398816347122192,1.920390009880066,2.184363603591919,2.413647174835205,2.7127578258514404,2.9638819694519043,2.732703447341919,2.3791332244873047,2.3704347610473633,2.12398099899292,1.908284068107605,1.9277154207229614,1.728865623474121,1.9313313961029053,1.9317302703857422,2.1175320148468018,2.291447639465332,2.4678971767425537,2.7549350261688232,2.88641619682312,3.247758150100708
B5,1.3194618225097656,1.0309168100357056,0.7893455624580383,0.49536657333374023,0.6782078742980957,0.5775656700134277,0.7804993391036987,1.022748351097107,1.0858511924743652,1.4412561655044556,1.5666122436523438,1.9438707828521729,2.0492634773254395,2.3687398433685303,2.4712414741516113,1.2020210027694702,0.8594455122947693,0.601080060005188,0.37761032581329346,0.0,0.3862624168395996,0.5711762309074402,0.9375675916671753,1.0660828351974487,1.4341000318527222,1.6325702667236328,2.0015416145324707,2.169354200363159,2.5332834720611572,2.66228985786438,1.694988489151001,1.3109923601150513,1.1563934087753296,0.8928456902503967,0.6650766134262085,0.8501174449920654,0.7983381152153015,1.1189866065979004,1.2600985765457153,1.5737133026123047,1.8083903789520264,2.135930061340332,2.359380006790161,2.6984708309173584,2.897355794906616,2.2532155513763428,1.8775705099105835,1.7729709148406982,1.4860831499099731,1.2663475275039673,1.3711031675338745,1.241003394126892,1.4814958572387695,1.5957955121994019,1.835153579711914,2.076237678527832,2.3419902324676514,2.6090831756591797,2.915224075317383,3.1796417236328125,2.8995513916015625,2.523564338684082,2.4766626358032227,2.1937077045440674,1.9468433856964111,1.8992208242416382,1.7240842580795288,1.9297864437103271,1.9976646900177002,2.176386833190918,2.4013113975524902,2.570239305496216,2.890165328979492,3.017932653427124,3.3931796550750732
B6,1.626181721687317,1.3646676540374756,1.0651264190673828,0.819545328617096,0.8621814846992493,0.5854001045227051,0.8186704516410828,0.943403959274292,1.0672084093093872,1.3759300708770752,1.5431244373321533,1.904098391532898,2.051605463027954,2.3989906311035156,2.535233497619629,1.4739245176315308,1.1348797082901,0.8964632749557495,0.5906960964202881,0.3862624168395996,0.0,0.379082053899765,0.6880738139152527,0.9031651616096497,1.2593896389007568,1.5041998624801636,1.8713613748550415,2.069443464279175,2.4500646591186523,2.597785711288452,1.7550309896469116,1.3666534423828125,1.1879026889801025,0.8439552187919617,0.599570631980896,0.5897567868232727,0.47034627199172974,0.7781740427017212,0.9962826371192932,1.310128927230835,1.5934574604034424,1.9254419803619385,2.177579402923584,2.5307776927948,2.7403388023376465,2.166700601577759,1.7823978662490845,1.663096308708191,1.321508765220642,1.1070280075073242,1.114851474761963,0.9296603798866272,1.1343936920166016,1.290197491645813,1.5201579332351685,1.800262212753296,2.0676748752593994,2.3597755432128906,2.6738603115081787,2.9422221183776855,2.6969807147979736,2.311539888381958,2.2733559608459473,1.9542200565338135,1.734330654144287,1.6357563734054565,1.4244022369384766,1.5934815406799316,1.6790107488632202,1.8373280763626099,2.0869874954223633,2.249911308288574,2.588629961013794,2.720903158187866,3.1016011238098145
B7,1.7871984243392944,1.4720999002456665,1.2038873434066772,0.8944807648658752,0.8168967962265015,0.4681031405925751,0.5406479239463806,0.5743628740310669,0.715312123298645,1.012627363204956,1.2198631763458252,1.5684624910354614,1.7532856464385986,2.088872194290161,2.2612597942352295,1.463266372680664,1.1024101972579956,0.9852761030197144,0.6067513823509216,0.5711762309074402,0.379082053899765,0.0,0.37450605630874634,0.5996323227882385,0.9374126195907593,1.2143725156784058,1.5619028806686401,1.795542597770691,2.163484811782837,2.349254846572876,1.8021212816238403,1.4247732162475586,1.339849591255188,0.9713077545166016,0.8628795742988586,0.8410675525665283,0.5452356338500977,0.6936686635017395,0.8352526426315308,1.0811985731124878,1.36259126663208,1.6567652225494385,1.931360125541687,2.2620346546173096,2.5044710636138916,2.2102203369140625,1.846116542816162,1.7991124391555786,1.4460445642471313,1.321879506111145,1.32813560962677,1.0526328086853027,1.1551144123077393,1.227526068687439,1.3827953338623047,1.6304610967636108,1.8498281240463257,2.147820472717285,2.4322052001953125,2.727635622024536,2.731722116470337,2.3653674125671387,2.386140823364258,2.072256326675415,1.9095823764801025,1.8289161920547485,1.5544215440750122,1.6571301221847534,1.6680806875228882,1.7678639888763428,1.9672619104385376,2.0823678970336914,2.4029221534729004,2.4960203170776367,2.876781463623047
B8,2.15201997756958,1.8305621147155762,1.5647226572036743,1.2554030418395996,1.127070426940918,0.7601746916770935,0.7172701358795166,0.5223821401596069,0.6567450761795044,0.8267675638198853,1.0679725408554077,1.3706376552581787,1.6000959873199463,1.945890188217163,2.155153751373291,1.673871397972107,1.3373548984527588,1.276466965675354,0.9006092548370361,0.9375675916671753,0.6880738139152527,0.37450605630874634,0.0,0.3804806172847748,0.6334462761878967,0.9638015031814575,1.2831295728683472,1.5545827150344849,1.9213913679122925,2.1368212699890137,1.8736000061035156,1.5241954326629639,1.484257698059082,1.099255919456482,1.0783565044403076,0.9652639031410217,0.5875727534294128,0.5019584894180298,0.590307891368866,0.7473864555358887,1.0598280429840088,1.3261058330535889,1.631896734237671,1.9567095041275024,2.2212610244750977,2.1615984439849854,1.8210688829421997,1.816680669784546,1.4458891153335571,1.4013164043426514,1.3572568893432617,1.0110710859298706,0.9907565712928772,1.0018028020858765,1.0774099826812744,1.3169560432434082,1.5016505718231201,1.8160182237625122,2.087019205093384,2.3973920345306396,2.587038278579712,2.2377238273620605,2.306835651397705,1.9873182773590088,1.8911184072494507,1.8042439222335815,1.4752274751663208,1.4989941120147705,1.4534929990768433,1.492754340171814,1.6607483625411987,1.7399252653121948,2.0552022457122803,2.130326509475708,2.512259006500244
B9,2.306513786315918,1.9560976028442383,1.7450368404388428,1.3874709606170654,1.3099191188812256,0.9977260828018188,0.845152735710144,0.6133391261100769,0.5026086568832397,0.6014477014541626,0.7397927045822144,1.0554863214492798,1.2457735538482666,1.6100969314575195,1.7993221282958984,1.4879032373428345,1.1980223655700684,1.2199968099594116,0.8858275413513184,1.0660828351974487,0.9031651616096497,0.5996323227882385,0.3804806172847748,0.0,0.3746905028820038,0.6174018383026123,0.9705976247787476,1.2037005424499512,1.5754014253616333,1.772843599319458,1.631988763809204,1.318053126335144,1.3675392866134644,1.0189282894134521,1.1281936168670654,1.0933301448822021,0.7379314303398132,0.6505905389785767,0.4857994616031647,0.613508403301239,0.8082786202430725,1.0860296487808228,1.344810962677002,1.666961669921875,1.913976788520813,1.9357562065124512,1.6262456178665161,1.6944994926452637,1.3617491722106934,1.4039011001586914,1.4375028610229492,1.0991030931472778,1.0825767517089844,0.9619123339653015,1.0324270725250244,1.1691843271255493,1.3566516637802124,1.617029070854187,1.884949803352356,2.1795761585235596,2.4240055084228516,2.1026225090026855,2.2127318382263184,1.9394266605377197,1.8742653131484985,1.8631585836410522,1.5286707878112793,1.5616101026535034,1.4343901872634888,1.4913127422332764,1.5849393606185913,1.6810024976730347,1.9481247663497925,2.033700466156006,2.396872043609619
B10,2.6420373916625977,2.282400608062744,2.0792644023895264,1.7229586839675903,1.6020878553390503,1.2926568984985352,1.0868053436279297,0.7636720538139343,0.6328060626983643,0.48243340849876404,0.6237474679946899,0.8251118063926697,1.077666997909546,1.4282290935516357,1.6659471988677979,1.7506790161132812,1.4919737577438354,1.5649354457855225,1.2456432580947876,1.4341000318527222,1.2593896389007568,0.9374126195907593,0.6334462761878967,0.3746905028820038,0.0,0.3837984502315521,0.6516144871711731,0.9539974927902222,1.3041813373565674,1.5535792112350464,1.8271037340164185,1.563003420829773,1.6608550548553467,1.3337002992630005,1.4804991483688354,1.4106861352920532,1.049330711364746,0.8467114567756653,0.6037923097610474,0.4764415919780731,0.5935315489768982,0.7691043615341187,1.0647215843200684,1.354219675064087,1.6423815488815308,2.032294511795044,1.7705419063568115,1.8912478685379028,1.5731618404388428,1.678654432296753,1.6846816539764404,1.324215054512024,1.2101918458938599,1.0095864534378052,0.9476639032363892,0.9979164004325867,1.093641996383667,1.3484573364257812,1.5731769800186157,1.8938050270080566,2.432079553604126,2.148082733154297,2.3136305809020996,2.055712938308716,2.0561373233795166,2.0499837398529053,1.68739652633667,1.6460330486297607,1.4496278762817383,1.426442265510559,1.439509391784668,1.4695863723754883,1.6963783502578735,1.7387624979019165,2.0923573970794678
B11,2.8416733741760254,2.471062183380127,2.3067142963409424,1.9287350177764893,1.8579872846603394,1.5825815200805664,1.3532716035842896,1.067624807357788,0.8187954425811768,0.6145196557044983,0.4997863173484802,0.6315258741378784,0.7875000834465027,1.1664402484893799,1.364814281463623,1.685624361038208,1.5007151365280151,1.6276893615722656,1.3725281953811646,1.6325702667236328,1.5041998624801636,1.2143725156784058,0.9638015031814575,0.6174018383026123,0.3837984502315521,0.0,0.3859807550907135,0.5913964509963989,0.9629507064819336,1.1798704862594604,1.6514756679534912,1.4549726247787476,1.6307035684585571,1.3691405057907104,1.6022820472717285,1.58400297164917,1.266103982925415,1.0971544981002808,0.7596783638000488,0.6294413805007935,0.48260173201560974,0.6286952495574951,0.8029218912124634,1.0860240459442139,1.3364089727401733,1.8334765434265137,1.625937819480896,1.8172142505645752,1.5593183040618896,1.7371543645858765,1.8029329776763916,1.4753124713897705,1.381186842918396,1.0996551513671875,1.0489389896392822,0.9653559923171997,1.0585806369781494,1.209181785583496,1.4253133535385132,1.7064112424850464,2.2767436504364014,2.034240484237671,2.237295389175415,2.0370872020721436,2.06870436668396,2.131211280822754,1.78396475315094,1.7578047513961792,1.5032062530517578,1.507617473602295,1.4439256191253662,1.502355933189392,1.659041404724121,1.7241424322128296,2.0394513607025146
B12,3.1775999069213867,2.799142360687256,2.645242929458618,2.268279552459717,2.167475938796997,1.9003387689590454,1.639904499053955,1.3234189748764038,1.0872286558151245,0.7795842289924622,0.6436244249343872,0.5194574594497681,0.703834056854248,1.0115087032318115,1.2572021484375,1.9888349771499634,1.8290506601333618,1.9898757934570312,1.7415744066238403,2.0015416145324707,1.8713613748550415,1.5619028806686401,1.2831295728683472,0.9705976247787476,0.6516144871711731,0.3859807550907135,0.0,0.387546569108963,0.670540988445282,0.9732462763786316,1.9341456890106201,1.7851818799972534,1.9888077974319458,1.7455215454101562,1.9867372512817383,1.9536815881729126,1.629317045211792,1.4181944131851196,1.086774230003357,0.851265549659729,0.6138982772827148,0.493983656167984,0.6167244911193848,0.7877976298332214,1.0938200950622559,2.041750192642212,1.890053153038025,2.1174402236938477,1.882624864578247,2.091137647628784,2.1409835815429688,1.8075687885284424,1.663422703742981,1.354186773300171,1.2129768133163452,1.0347280502319336,0.9924280047416687,1.0742188692092896,1.1961332559585571,1.4930942058563232,2.4014933109283447,2.2088546752929688,2.455775737762451,2.2801735401153564,2.359480381011963,2.426720380783081,2.0705347061157227,1.9951210021972656,1.699397325515747,1.638541579246521,1.4903943538665771,1.4741910696029663,1.5505865812301636,1.5561773777008057,1.8329358100891113
B13,3.3460400104522705,2.9666576385498047,2.83990478515625,2.451770305633545,2.401581048965454,2.1540956497192383,1.8983991146087646,1.6196092367172241,1.3316930532455444,1.068297266960144,0.8106212615966797,0.668115496635437,0.6248597502708435,0.923434317111969,1.0683128833770752,1.9612369537353516,1.8738160133361816,2.0577147006988525,1.8684686422348022,2.169354200363159,2.069443464279175,1.795542597770691,1.5545827150344849,1.2037005424499512,0.9539974927902222,0.5913964509963989,0.387546569108963,0.0,0.3956165313720703,0.6041711568832397,1.7779945135116577,1.7053730487823486,1.961267352104187,1.786010503768921,2.0824832916259766,2.089106321334839,1.8087427616119385,1.6350336074829102,1.2678642272949219,1.087580680847168,0.7571696043014526,0.6675194501876831,0.5379378795623779,0.6638404130935669,0.8546770811080933,1.847733497619629,1.7598387002944946,2.04009747505188,1.872045636177063,2.1294400691986084,2.2289929389953613,1.9361025094985962,1.8245831727981567,1.4809279441833496,1.3846548795700073,1.1372737884521484,1.1307668685913086,1.0880038738250732,1.2060085535049438,1.4156627655029297,2.2471208572387695,2.100203514099121,2.3693344593048096,2.2544891834259033,2.3528075218200684,2.4799680709838867,2.151913642883301,2.1039345264434814,1.7819751501083374,1.7668486833572388,1.5790671110153198,1.6149951219558716,1.633031964302063,1.6847851276397705,1.9109885692596436
