,A1,A2,A3,A4,A5,A6,A7,A8,A9,A10,A11,A12,A13,A14,A15,B1,B2,B3,B4,B5,B6,B7,B8,B9,B10,B11,B12,B13,B14,B15,C1,C2,C3,C4,C5,C6,C7,C8,C9,C10,C11,C12,C13,C14,C15,D1,D2,D3,D4,D5,D6,D7,D8,D9,D10,D11,D12,D13,D14,D15,E1,E2,E3,E4,E5,E6,E7,E8,E9,E10,E11,E12,E13,E14,E15
A1,0.0,0.36905601620674133,0.7004973888397217,0.8671605587005615,1.1932296752929688,1.2145485877990723,1.5878456830978394,1.7503408193588257,2.1187987327575684,2.312617540359497,2.703150510787964,2.6812691688537598,2.3867621421813965,2.4607901573181152,2.162315607070923,0.9105390906333923,0.6789594292640686,0.8968779444694519,0.9413689970970154,1.2998136281967163,1.3752225637435913,1.7081786394119263,1.9050251245498657,2.243452310562134,2.462437629699707,2.8452308177948,2.8769421577453613,2.6429901123046875,2.7484285831451416,2.538649559020996,1.5040539503097534,1.2657380104064941,1.4008175134658813,1.3048880100250244,1.5943784713745117,1.6695902347564697,1.9439103603363037,2.141902208328247,2.4354794025421143,2.6637933254241943,3.0278751850128174,3.1208815574645996,2.958707809448242,3.0962865352630615,2.9695587158203125,2.115072011947632,1.8891319036483765,1.9404410123825073,1.7709980010986328,1.9939756393432617,2.0472631454467773,2.2635269165039062,2.4479963779449463,2.6913554668426514,2.925203323364258,3.2579782009124756,3.4076972007751465,3.3301169872283936,3.498063325881958,3.450258255004883,2.8118815422058105,2.5848565101623535,2.5284314155578613,2.3012261390686035,2.467345952987671,2.490142345428467,2.655351400375366,2.821604013442993,3.006230354309082,3.255618095397949,3.502324104309082,3.722226619720459,3.7492406368255615,3.9611058235168457,4.043305397033691
A2,0.36905601620674133,0.0,0.38196486234664917,0.5437650084495544,0.9069794416427612,1.0175477266311646,1.3881090879440308,1.6191887855529785,1.9725677967071533,2.2162299156188965,2.6065688133239746,2.632235527038574,2.362919807434082,2.4885406494140625,2.2147717475891113,0.9787856936454773,0.7586321234703064,0.8376091718673706,0.7517272233963013,1.0813767910003662,1.2116483449935913,1.51805579662323,1.7658324241638184,2.0829663276672363,2.3439724445343018,2.724252462387085,2.8008809089660645,2.5952725410461426,2.746389865875244,2.561680555343628,1.5613327026367188,1.345649003982544,1.4011174440383911,1.2171227931976318,1.4474718570709229,1.5470843315124512,1.7781010866165161,2.0073137283325195,2.27170991897583,2.532963275909424,2.8888421058654785,3.022888422012329,2.8915317058563232,3.0687355995178223,2.968395948410034,2.1625308990478516,1.9641045331954956,1.9668360948562622,1.7362432479858398,1.8991252183914185,1.9573898315429688,2.12575101852417,2.3242533206939697,2.5326967239379883,2.7881972789764404,3.1056172847747803,3.2912304401397705,3.2462501525878906,3.4472272396087646,3.427154541015625,2.841174602508545,2.6453697681427,2.5636820793151855,2.2931783199310303,2.405531883239746,2.4237074851989746,2.5412659645080566,2.70829439163208,2.8547654151916504,3.1142539978027344,3.33388352394104,3.5802652835845947,3.639251470565796,3.87152099609375,3.980109930038452
A3,0.7004973888397217,0.38196486234664917,0.0,0.38257893919944763,0.6868929862976074,0.906845211982727,1.2583144903182983,1.5416336059570312,1.8809762001037598,2.15989351272583,2.538722515106201,2.586064100265503,2.327101945877075,2.4797303676605225,2.212283134460449,0.9865408539772034,0.7677531242370605,0.6668229699134827,0.479751318693161,0.7823458313941956,1.00380539894104,1.3006656169891357,1.6041772365570068,1.914000391960144,2.212501287460327,2.588637113571167,2.689070224761963,2.4907779693603516,2.670452356338501,2.487307548522949,1.4640318155288696,1.2637712955474854,1.2259312868118286,0.9772983193397522,1.1565814018249512,1.3059450387954712,1.516332983970642,1.791933536529541,2.0475661754608154,2.344975471496582,2.698976755142212,2.857860565185547,2.7343714237213135,2.9405863285064697,2.842801332473755,2.023149013519287,1.8443028926849365,1.7909584045410156,1.5152316093444824,1.627454400062561,1.7095162868499756,1.8488458395004272,2.0790421962738037,2.272610664367676,2.5580894947052,2.872370958328247,3.082972526550293,3.0489447116851807,3.277782440185547,3.26336669921875,2.666658639907837,2.4954488277435303,2.3828537464141846,2.0806124210357666,2.147979497909546,2.1767239570617676,2.261348247528076,2.4458909034729004,2.57120680809021,2.8520917892456055,3.061476230621338,3.330350875854492,3.4018616676330566,3.6571385860443115,3.772057056427002
A4,0.8671605587005615,0.5437650084495544,0.38257893919944763,0.0,0.38401317596435547,0.6034040451049805,0.9339682459831238,1.239708423614502,1.5589221715927124,1.8553810119628906,2.2332723140716553,2.315336227416992,2.0871760845184326,2.2793989181518555,2.054737091064453,1.01920747756958,0.9412911534309387,0.9117634296417236,0.5942767262458801,0.7323075532913208,0.8584930300712585,1.0842928886413574,1.3718600273132324,1.6468340158462524,1.947983741760254,2.3161795139312744,2.445500135421753,2.284446954727173,2.493149518966675,2.3568475246429443,1.5469930171966553,1.4346401691436768,1.4405187368392944,1.1301615238189697,1.2106441259384155,1.2674928903579712,1.4025110006332397,1.633315920829773,1.8439891338348389,2.128319501876831,2.465212345123291,2.644620418548584,2.560241460800171,2.783673048019409,2.731825828552246,2.109233856201172,1.9941813945770264,1.9816906452178955,1.6688271760940552,1.7191643714904785,1.7246086597442627,1.8056904077529907,1.9803372621536255,2.130450487136841,2.3900129795074463,2.6792304515838623,2.9000487327575684,2.9016847610473633,3.136197566986084,3.1633119583129883,2.747807741165161,2.620948314666748,2.5490646362304688,2.222740888595581,2.250149726867676,2.216996431350708,2.2610998153686523,2.3908519744873047,2.4818599224090576,2.728079080581665,2.908494472503662,3.1731414794921875,3.273521900177002,3.517674207687378,3.666438341140747
A5,1.1932296752929688,0.9069794416427612,0.6868929862976074,0.38401317596435547,0.0,0.37654435634613037,0.619678258895874,0.967780351638794,1.2568638324737549,1.5795543193817139,1.9399312734603882,2.046928882598877,1.8437447547912598,2.071479320526123,1.88051438331604,1.059112548828125,1.0883342027664185,1.0219299793243408,0.6365281343460083,0.5396530628204346,0.6021084189414978,0.7365553975105286,1.047267198562622,1.2948856353759766,1.6196563243865967,1.978461503982544,2.1329843997955322,1.9960486888885498,2.2373507022857666,2.131011486053467,1.4901199340820312,1.4655482769012451,1.4562708139419556,1.0917186737060547,1.047393560409546,1.0394935607910156,1.0915371179580688,1.308742642402649,1.4845672845840454,1.779884934425354,2.1063313484191895,2.307220935821533,2.2476000785827637,2.4967658519744873,2.473768472671509,1.9977867603302002,1.9506639242172241,1.9430925846099854,1.5913548469543457,1.5611943006515503,1.510738492012024,1.5283123254776,1.6718803644180298,1.7852421998977661,2.0409255027770996,2.3151180744171143,2.5508623123168945,2.5764169692993164,2.8279876708984375,2.8821821212768555,2.59395694732666,2.519169807434082,2.4671032428741455,2.114107370376587,2.0863497257232666,2.0067331790924072,2.004040002822876,2.0975797176361084,2.1567840576171875,2.387143611907959,2.548302412033081,2.816930055618286,2.936612367630005,3.184030532836914,3.3537652492523193
A6,1.2145485877990723,1.0175477266311646,0.906845211982727,0.6034040451049805,0.37654435634613037,0.0,0.3785157799720764,0.6403795480728149,0.9761837124824524,1.2598403692245483,1.6371632814407349,1.7151460647583008,1.4987750053405762,1.7201130390167236,1.5387440919876099,0.9073850512504578,1.0631963014602661,1.1142452955245972,0.7786303758621216,0.6790790557861328,0.5076056718826294,0.6195234656333923,0.8126668930053711,1.083417534828186,1.356999158859253,1.7278565168380737,1.8507654666900635,1.705810546875,1.9316670894622803,1.8396555185317993,1.372397780418396,1.4182705879211426,1.5017399787902832,1.16396963596344,1.124841570854187,0.9948638677597046,1.04534912109375,1.1617978811264038,1.347361445426941,1.5835237503051758,1.915329933166504,2.0809476375579834,2.014883041381836,2.239527940750122,2.2293365001678467,1.8909882307052612,1.8839224576950073,1.9527860879898071,1.6204129457473755,1.6042230129241943,1.4770177602767944,1.5071388483047485,1.57639479637146,1.7029086351394653,1.9037353992462158,2.181485414505005,2.3785934448242188,2.3937249183654785,2.614783525466919,2.6758320331573486,2.501612901687622,2.441498041152954,2.4496634006500244,2.1119980812072754,2.1041736602783203,1.9720655679702759,1.9916903972625732,2.0333282947540283,2.114616870880127,2.299715995788574,2.474759101867676,2.7035584449768066,2.8070309162139893,3.0215585231781006,3.1909821033477783
A7,1.5878456830978394,1.3881090879440308,1.2583144903182983,0.9339682459831238,0.619678258895874,0.3785157799720764,0.0,0.3853307068347931,0.6373788118362427,0.9686106443405151,1.3236688375473022,1.4572558403015137,1.300649642944336,1.5815479755401611,1.4764246940612793,1.1973899602890015,1.406172752380371,1.4388145208358765,1.0952893495559692,0.8796876072883606,0.6373436450958252,0.5014470219612122,0.6006195545196533,0.7690650820732117,1.0560383796691895,1.4059011936187744,1.5761860609054565,1.490991234779358,1.7627729177474976,1.7379251718521118,1.561942458152771,1.6806001663208008,1.756304144859314,1.404517650604248,1.2692731618881226,1.0662376880645752,0.9839547276496887,1.0109304189682007,1.1016193628311157,1.3150073289871216,1.6137397289276123,1.8107037544250488,1.800150752067566,2.052955389022827,2.1011643409729004,2.0053348541259766,2.0669658184051514,2.1465296745300293,1.7986321449279785,1.7104142904281616,1.5195436477661133,1.465321660041809,1.4581663608551025,1.5121185779571533,1.6734399795532227,1.910300850868225,2.1212708950042725,2.182389974594116,2.4153621196746826,2.5255815982818604,2.555870294570923,2.55263614654541,2.5882742404937744,2.238112211227417,2.1777846813201904,1.9916765689849854,1.954758644104004,1.9313169717788696,1.9621707201004028,2.100602865219116,2.235379695892334,2.4572904109954834,2.5936801433563232,2.7983858585357666,3.004044771194458
A8,1.7503408193588257,1.6191887855529785,1.5416336059570312,1.239708423614502,0.967780351638794,0.6403795480728149,0.3853307068347931,0.0,0.3794417381286621,0.6203948855400085,0.9984285831451416,1.090457558631897,0.9262178540229797,1.2155909538269043,1.1516062021255493,1.2332961559295654,1.5247271060943604,1.6256186962127686,1.335636019706726,1.137497067451477,0.8046872019767761,0.6489598751068115,0.49063771963119507,0.625251829624176,0.7892478704452515,1.1449902057647705,1.2682191133499146,1.1823137998580933,1.439016580581665,1.4495362043380737,1.5498305559158325,1.7365084886550903,1.8778389692306519,1.5670678615570068,1.4385913610458374,1.1541048288345337,1.0671581029891968,0.9573194980621338,1.0343201160430908,1.139758586883545,1.4287912845611572,1.5725911855697632,1.5593390464782715,1.7795113325119019,1.851881980895996,1.9555692672729492,2.0652804374694824,2.209813356399536,1.8929535150527954,1.8137449026107788,1.5599538087844849,1.514116644859314,1.4193997383117676,1.4785882234573364,1.5589430332183838,1.7882611751556396,1.9438563585281372,1.993038535118103,2.185641050338745,2.307077169418335,2.487189292907715,2.507798433303833,2.602968692779541,2.2770743370056152,2.231360912322998,1.9975504875183105,1.979696273803711,1.8977468013763428,1.9487618207931519,2.0278100967407227,2.173860788345337,2.3419692516326904,2.456470012664795,2.6189815998077393,2.8227181434631348
A9,2.1187987327575684,1.9725677967071533,1.8809762001037598,1.5589221715927124,1.2568638324737549,0.9761837124824524,0.6373788118362427,0.3794417381286621,0.0,0.37816739082336426,0.6954042315483093,0.8960446715354919,0.8620142340660095,1.214023470878601,1.2645691633224487,1.603694200515747,1.8999974727630615,1.981661081314087,1.6779944896697998,1.434085488319397,1.1148334741592407,0.8578004837036133,0.6252082586288452,0.5057299137115479,0.5902437567710876,0.8723171353340149,1.0686836242675781,1.0940966606140137,1.3948607444763184,1.4993178844451904,1.86051344871521,2.078848123550415,2.205279588699341,1.8870699405670166,1.7065184116363525,1.4040266275405884,1.2271580696105957,1.0397899150848389,0.9782923460006714,1.006980538368225,1.2149194478988647,1.3913942575454712,1.4633734226226807,1.704914927482605,1.8524237871170044,2.197636127471924,2.35319185256958,2.497271776199341,2.174722194671631,2.046006441116333,1.7601478099822998,1.6446491479873657,1.4802485704421997,1.4506787061691284,1.4634088277816772,1.6205589771270752,1.781611680984497,1.891075849533081,2.086941957473755,2.267725944519043,2.661489486694336,2.730240821838379,2.843618869781494,2.5141894817352295,2.4264144897460938,2.1566803455352783,2.0870954990386963,1.9433000087738037,1.936893343925476,1.953029990196228,2.042705774307251,2.191464900970459,2.343724489212036,2.4853954315185547,2.7303075790405273
A10,2.312617540359497,2.2162299156188965,2.15989351272583,1.8553810119628906,1.5795543193817139,1.2598403692245483,0.9686106443405151,0.6203948855400085,0.37816739082336426,0.0,0.3925474286079407,0.5362391471862793,0.5601620674133301,0.9213104248046875,1.0626932382583618,1.7320259809494019,2.0701489448547363,2.1976022720336914,1.934730887413025,1.7134464979171753,1.3608453273773193,1.135376214981079,0.8143331408500671,0.6807136535644531,0.5211591124534607,0.7256873250007629,0.8324924111366272,0.8857728242874146,1.1479226350784302,1.3126651048660278,1.9411896467208862,2.2006685733795166,2.3738670349121094,2.0943493843078613,1.9309383630752563,1.5920718908309937,1.435380220413208,1.170538067817688,1.1060326099395752,1.0015394687652588,1.1612894535064697,1.250763177871704,1.324163556098938,1.5093415975570679,1.688718557357788,2.23237681388855,2.422011137008667,2.616215229034424,2.3282206058502197,2.2154335975646973,1.89536452293396,1.798478603363037,1.5736724138259888,1.5542123317718506,1.4812484979629517,1.616658329963684,1.701125144958496,1.7932041883468628,1.9312715530395508,2.1226589679718018,2.664278745651245,2.7518527507781982,2.915578603744507,2.6160507202148438,2.5463614463806152,2.246713638305664,2.2000179290771484,2.0119411945343018,2.0277373790740967,1.9850047826766968,2.083798885345459,2.1673519611358643,2.2894489765167236,2.3778905868530273,2.6151857376098633
A11,2.703150510787964,2.6065688133239746,2.538722515106201,2.2332723140716553,1.9399312734603882,1.6371632814407349,1.3236688375473022,0.9984285831451416,0.6954042315483093,0.3925474286079407,0.0,0.38188812136650085,0.6444277167320251,0.975770890712738,1.2266645431518555,2.091498374938965,2.4382948875427246,2.5549826622009277,2.2956948280334473,2.0480589866638184,1.6987078189849854,1.4370638132095337,1.095879316329956,0.8617408871650696,0.5738796591758728,0.5324649214744568,0.6468184590339661,0.8514857888221741,1.106950044631958,1.368152379989624,2.232149839401245,2.521561861038208,2.6889147758483887,2.417146682739258,2.222472906112671,1.8704711198806763,1.6705783605575562,1.3562361001968384,1.2066363096237183,0.9946378469467163,1.0229578018188477,1.0835386514663696,1.240291953086853,1.4090653657913208,1.662942886352539,2.4467973709106445,2.67881178855896,2.880166530609131,2.601431131362915,2.457063674926758,2.112790822982788,1.9759137630462646,1.6934645175933838,1.6133979558944702,1.4537272453308105,1.504920482635498,1.548375129699707,1.6835697889328003,1.7940114736557007,2.038501739501953,2.7992725372314453,2.932283401489258,3.1213650703430176,2.832610845565796,2.7354769706726074,2.406329870223999,2.3286287784576416,2.084193468093872,2.0632505416870117,1.9462875127792358,1.9988170862197876,2.0300850868225098,2.1660544872283936,2.209853172302246,2.4748010635375977
A12,2.6812691688537598,2.632235527038574,2.586064100265503,2.315336227416992,2.046928882598877,1.7151460647583008,1.4572558403015137,1.090457558631897,0.8960446715354919,0.5362391471862793,0.38188812136650085,0.0,0.36194750666618347,0.622229278087616,0.9264573454856873,1.9991806745529175,2.370366096496582,2.5199389457702637,2.310098171234131,2.0927069187164307,1.7224078178405762,1.515243649482727,1.1407265663146973,0.9979788064956665,0.653516411781311,0.6503223180770874,0.5245025753974915,0.6298706531524658,0.7917801141738892,1.0670976638793945,2.0815725326538086,2.3966071605682373,2.601970911026001,2.375535726547241,2.2120754718780518,1.8418962955474854,1.6942307949066162,1.3540980815887451,1.2787883281707764,1.0213953256607056,1.0882376432418823,1.0215156078338623,1.087276816368103,1.1716632843017578,1.402884840965271,2.258228302001953,2.5055081844329834,2.7481272220611572,2.5095415115356445,2.3979010581970215,2.0408151149749756,1.9531655311584473,1.655401349067688,1.6397510766983032,1.4546430110931396,1.5504720211029053,1.5138707160949707,1.571023941040039,1.618019938468933,1.8229433298110962,2.596790313720703,2.7273447513580322,2.9540603160858154,2.6994056701660156,2.6370792388916016,2.300374984741211,2.271266460418701,2.02276349067688,2.060699224472046,1.93583083152771,2.045027256011963,2.031956672668457,2.1017873287200928,2.1123485565185547,2.330951690673828
A13,2.3867621421813965,2.362919807434082,2.327101945877075,2.0871760845184326,1.8437447547912598,1.4987750053405762,1.300649642944336,0.9262178540229797,0.8620142340660095,0.5601620674133301,0.6444277167320251,0.36194750666618347,0.0,0.36939170956611633,0.5843215584754944,1.667316198348999,2.046018600463867,2.212972402572632,2.034576416015625,1.8489601612091064,1.471642017364502,1.3250731229782104,0.9544827342033386,0.9351159334182739,0.6557385325431824,0.8207746744155884,0.6550907492637634,0.5387917160987854,0.6593633890151978,0.8241261839866638,1.7414121627807617,2.0556929111480713,2.2817060947418213,2.078146457672119,1.9498307704925537,1.579909324645996,1.4925940036773682,1.1741098165512085,1.2010380029678345,1.0029473304748535,1.1836482286453247,1.1023807525634766,1.0520285367965698,1.1204465627670288,1.2600101232528687,1.9446889162063599,2.173604965209961,2.4313902854919434,2.2082114219665527,2.1333751678466797,1.7862952947616577,1.7539074420928955,1.490984320640564,1.5543124675750732,1.4253953695297241,1.606075406074524,1.5746161937713623,1.5623159408569336,1.61319100856781,1.7488864660263062,2.3345465660095215,2.4313671588897705,2.657285213470459,2.411182165145874,2.3844828605651855,2.0653507709503174,2.0837724208831787,1.8768295049667358,1.971751093864441,1.9024375677108765,2.072730779647827,2.084806442260742,2.115906000137329,2.1553547382354736,2.3294715881347656
A14,2.4607901573181152,2.4885406494140625,2.4797303676605225,2.2793989181518555,2.071479320526123,1.7201130390167236,1.5815479755401611,1.2155909538269043,1.214023470878601,0.9213104248046875,0.975770890712738,0.622229278087616,0.36939170956611633,0.0,0.37978610396385193,1.701552391052246,2.0899462699890137,2.2908434867858887,2.1709773540496826,2.026754379272461,1.653324007987976,1.5688141584396362,1.2134695053100586,1.2546868324279785,0.9812673926353455,1.1126412153244019,0.8475459218025208,0.6432582139968872,0.5415134429931641,0.6520630717277527,1.7082873582839966,2.038503408432007,2.304410457611084,2.1591286659240723,2.0724596977233887,1.7058838605880737,1.6782712936401367,1.3660814762115479,1.4497098922729492,1.2357839345932007,1.4127944707870483,1.2434947490692139,1.1097123622894287,1.0608285665512085,1.1384719610214233,1.8612014055252075,2.0984156131744385,2.4011027812957764,2.232095718383789,2.1993393898010254,1.8556537628173828,1.8787493705749512,1.6188089847564697,1.7364400625228882,1.5919336080551147,1.7910648584365845,1.6924138069152832,1.6071710586547852,1.5837284326553345,1.6600695848464966,2.2281246185302734,2.315748453140259,2.5831449031829834,2.384046792984009,2.4004435539245605,2.0853898525238037,2.157332420349121,1.9562647342681885,2.103760242462158,2.0278897285461426,2.237356662750244,2.207520008087158,2.176849603652954,2.1794779300689697,2.2988648414611816
A15,2.162315607070923,2.2147717475891113,2.212283134460449,2.054737091064453,1.88051438331604,1.5387440919876099,1.4764246940612793,1.1516062021255493,1.2645691633224487,1.0626932382583618,1.2266645431518555,0.9264573454856873,0.5843215584754944,0.37978610396385193,0.0,1.3675310611724854,1.7544662952423096,1.9682260751724243,1.8899526596069336,1.7871631383895874,1.42842435836792,1.4223130941390991,1.1168321371078491,1.2705498933792114,1.0922378301620483,1.3178573846817017,1.0872706174850464,0.7907934784889221,0.6934592127799988,0.5797963738441467,1.3539814949035645,1.6778403520584106,1.9637339115142822,1.8489941358566284,1.8073338270187378,1.4594944715499878,1.5075682401657104,1.2514923810958862,1.431749701499939,1.3008204698562622,1.5571472644805908,1.4126405715942383,1.2059221267700195,1.1711076498031616,1.132733702659607,1.5460631847381592,1.7517976760864258,2.0669612884521484,1.9167078733444214,1.9296278953552246,1.6123297214508057,1.700879454612732,1.5012307167053223,1.6932564973831177,1.621289610862732,1.8862690925598145,1.8148959875106812,1.6829173564910889,1.6843546628952026,1.6893250942230225,1.9837276935577393,2.023282051086426,2.2794442176818848,2.0882580280303955,2.146167039871216,1.8633662462234497,1.9866095781326294,1.8453311920166016,2.043205976486206,2.0336320400238037,2.2893483638763428,2.2965774536132812,2.2424027919769287,2.285956382751465,2.3670899868011475
B1,0.9105390906333923,0.9787856936454773,0.9865408539772034,1.01920747756958,1.059112548828125,0.9073850512504578,1.1973899602890015,1.2332961559295654,1.603694200515747,1.7320259809494019,2.091498374938965,1.9991806745529175,1.667316198348999,1.701552391052246,1.3675310611724854,0.0,0.38880231976509094,0.6764843463897705,0.7186233401298523,0.9001046419143677,0.78879714012146,1.1301437616348267,1.2283642292022705,1.602660894393921,1.7665736675262451,2.144486427307129,2.1122796535491943,1.8298412561416626,1.9048491716384888,1.6599786281585693,0.6794494390487671,0.6444301605224609,0.9155606031417847,0.8020127415657043,1.02326238155365,0.9475083947181702,1.2570788860321045,1.3814669847488403,1.7219833135604858,1.9039915800094604,2.279524564743042,2.315505266189575,2.106994867324829,2.219318389892578,2.0674164295196533,1.3004684448242188,1.1820998191833496,1.3420560359954834,1.1483728885650635,1.3405771255493164,1.2823156118392944,1.5269006490707397,1.6528213024139404,1.939857840538025,2.135542631149292,2.489739179611206,2.588904857635498,2.469719409942627,2.614163398742676,2.5469582080841064,2.000314235687256,1.830693244934082,1.8611783981323242,1.6162433624267578,1.7699530124664307,1.7096295356750488,1.8998953104019165,2.018494129180908,2.2441465854644775,2.461303949356079,2.7442564964294434,2.9203481674194336,2.9064297676086426,3.0973877906799316,3.157839775085449
B2,0.6789594292640686,0.7586321234703064,0.7677531242370605,0.9412911534309387,1.0883342027664185,1.0631963014602661,1.406172752380371,1.5247271060943604,1.8999974727630615,2.0701489448547363,2.4382948875427246,2.370366096496582,2.046018600463867,2.0899462699890137,1.7544662952423096,0.38880231976509094,0.0,0.4015342891216278,0.5909765958786011,0.9146912097930908,0.9618621468544006,1.3353641033172607,1.5159415006637573,1.8890942335128784,2.0956807136535645,2.4775919914245605,2.469163656234741,2.1919264793395996,2.2769954204559326,2.021259307861328,0.8375572562217712,0.6045185327529907,0.779816210269928,0.7146301865577698,1.0382791757583618,1.1021720170974731,1.4367531538009644,1.6393274068832397,1.9805763959884644,2.206411838531494,2.585214853286743,2.6450417041778564,2.4376072883605957,2.5634305477142334,2.3950440883636475,1.4409340620040894,1.2275710105895996,1.2964036464691162,1.1230711936950684,1.3670718669891357,1.4148521423339844,1.677754282951355,1.8750052452087402,2.163783073425293,2.4027435779571533,2.7608935832977295,2.885377883911133,2.76692533493042,2.929556369781494,2.8468008041381836,2.134429454803467,1.9173710346221924,1.8729984760284424,1.6379921436309814,1.8140637874603271,1.8322302103042603,2.0294535160064697,2.208585739135742,2.4313158988952637,2.690192937850952,2.9718000888824463,3.176440715789795,3.1664700508117676,3.381781816482544,3.4324703216552734
B3,0.8968779444694519,0.8376091718673706,0.6668229699134827,0.9117634296417236,1.0219299793243408,1.1142452955245972,1.4388145208358765,1.6256186962127686,1.981661081314087,2.1976022720336914,2.5549826622009277,2.5199389457702637,2.212972402572632,2.2908434867858887,1.9682260751724243,0.6764843463897705,0.4015342891216278,0.0,0.39194977283477783,0.7214228510856628,0.9124404191970825,1.2780725955963135,1.533633828163147,1.8942474126815796,2.149261951446533,2.5253067016601562,2.5499954223632812,2.2846927642822266,2.4041240215301514,2.1498684883117676,0.8948138356208801,0.6322519183158875,0.5699660181999207,0.4329969882965088,0.7804057598114014,0.9721489548683167,1.3029431104660034,1.5824346542358398,1.9156368970870972,2.1919240951538086,2.5681517124176025,2.661470651626587,2.463268995285034,2.6248645782470703,2.454540252685547,1.4174110889434814,1.194673776626587,1.1391892433166504,0.9102942943572998,1.1244831085205078,1.2544200420379639,1.5010442733764648,1.764746904373169,2.0421040058135986,2.3285460472106934,2.6849429607391357,2.843823194503784,2.736642360687256,2.9357378482818604,2.853472948074341,2.0618252754211426,1.8553122282028198,1.737980842590332,1.4657374620437622,1.5998092889785767,1.6679413318634033,1.8356214761734009,2.0629138946533203,2.2654552459716797,2.5647876262664795,2.8367981910705566,3.0751876831054688,3.0788590908050537,3.3280935287475586,3.3815104961395264
B4,0.9413689970970154,0.7517272233963013,0.479751318693161,0.5942767262458801,0.6365281343460083,0.7786303758621216,1.0952893495559692,1.335636019706726,1.6779944896697998,1.934730887413025,2.2956948280334473,2.310098171234131,2.034576416015625,2.1709773540496826,1.8899526596069336,0.7186233401298523,0.5909765958786011,0.39194977283477783,0.0,0.3963342010974884,0.6308368444442749,0.9730440974235535,1.2723355293273926,1.6102745532989502,1.8996245861053467,2.275541067123413,2.347907781600952,2.123332977294922,2.2938246726989746,2.089400053024292,1.0489063262939453,0.9105616807937622,0.8560190200805664,0.5383144617080688,0.6973742842674255,0.8398171067237854,1.092751145362854,1.3803225755691528,1.6728907823562622,1.9702852964401245,2.3366575241088867,2.472644805908203,2.3212828636169434,2.522968292236328,2.40523099899292,1.5749984979629517,1.4356541633605957,1.3910359144210815,1.0804510116577148,1.1708455085754395,1.2320483922958374,1.3915016651153564,1.6294264793395996,1.85439133644104,2.143862247467041,2.477910280227661,2.670783519744873,2.611614465713501,2.838153839111328,2.8068485260009766,2.203868865966797,2.057206869125366,1.9616458415985107,1.640405297279358,1.693972110748291,1.7018678188323975,1.7971423864364624,1.9827128648757935,2.1323440074920654,2.4175546169281006,2.6526553630828857,2.9094767570495605,2.9574801921844482,3.213387966156006,3.311568021774292
B5,1.2998136281967163,1.0813767910003662,0.7823458313941956,0.7323075532913208,0.5396530628204346,0.6790790557861328,0.8796876072883606,1.137497067451477,1.434085488319397,1.7134464979171753,2.0480589866638184,2.0927069187164307,1.8489601612091064,2.026754379272461,1.7871631383895874,0.9001046419143677,0.9146912097930908,0.7214228510856628,0.3963342010974884,0.0,0.3782738745212555,0.6393879652023315,0.9833033084869385,1.2906620502471924,1.608888030052185,1.969893455505371,2.0734994411468506,1.877623200416565,2.0892677307128906,1.9201726913452148,1.0976841449737549,1.0851010084152222,0.9995790719985962,0.6095412373542786,0.5090228319168091,0.5858869552612305,0.7409902811050415,1.053419589996338,1.314675211906433,1.6381882429122925,1.993544578552246,2.1591098308563232,2.0367050170898438,2.274627923965454,2.1907472610473633,1.536595106124878,1.489678978919983,1.4397649765014648,1.0707385540008545,1.0251985788345337,1.0180538892745972,1.0871825218200684,1.3106038570404053,1.495180368423462,1.7962075471878052,2.1159963607788086,2.3336868286132812,2.304246187210083,2.5583724975585938,2.5599796772003174,2.104482650756836,2.0266776084899902,1.9481056928634644,1.5866305828094482,1.5544564723968506,1.5059962272644043,1.5316379070281982,1.6838183403015137,1.7917442321777344,2.07112455368042,2.2838144302368164,2.554351806640625,2.6287424564361572,2.8960204124450684,3.021111011505127
B6,1.3752225637435913,1.2116483449935913,1.00380539894104,0.8584930300712585,0.6021084189414978,0.5076056718826294,0.6373436450958252,0.8046872019767761,1.1148334741592407,1.3608453273773193,1.6987078189849854,1.7224078178405762,1.471642017364502,1.653324007987976,1.42842435836792,0.78879714012146,0.9618621468544006,0.9124404191970825,0.6308368444442749,0.3782738745212555,0.0,0.3764098882675171,0.6431522965431213,0.9875597953796387,1.2720891237258911,1.6457487344741821,1.7277061939239502,1.5266987085342407,1.7380852699279785,1.5885820388793945,1.0020649433135986,1.102824330329895,1.1341770887374878,0.7835002541542053,0.6606475114822388,0.4876829981803894,0.6013782620429993,0.7979615330696106,1.0750904083251953,1.3521385192871094,1.7174322605133057,1.858459234237671,1.7359040975570679,1.963117003440857,1.9015628099441528,1.4469908475875854,1.4699592590332031,1.5150481462478638,1.1635559797286987,1.1087157726287842,0.9708163738250732,1.0247551202774048,1.1430131196975708,1.3312530517578125,1.5767078399658203,1.8994914293289185,2.087134838104248,2.056917667388916,2.2897391319274902,2.3098278045654297,2.0253920555114746,1.9811391830444336,1.9784001111984253,1.6272211074829102,1.59956955909729,1.4677220582962036,1.4990746974945068,1.5733779668807983,1.6919888257980347,1.916719675064087,2.1362879276275635,2.3702287673950195,2.4384212493896484,2.675034761428833,2.8108503818511963
B7,1.7081786394119263,1.51805579662323,1.3006656169891357,1.0842928886413574,0.7365553975105286,0.6195234656333923,0.5014470219612122,0.6489598751068115,0.8578004837036133,1.135376214981079,1.4370638132095337,1.515243649482727,1.3250731229782104,1.5688141584396362,1.4223130941390991,1.1301437616348267,1.3353641033172607,1.2780725955963135,0.9730440974235535,0.6393879652023315,0.3764098882675171,0.0,0.3836999833583832,0.651829183101654,0.9840434193611145,1.3387141227722168,1.4762651920318604,1.3362175226211548,1.606454849243164,1.529056191444397,1.277279019355774,1.4396040439605713,1.4550690650939941,1.1009645462036133,0.8679762482643127,0.6256633996963501,0.4828726351261139,0.5857203006744385,0.7613730430603027,1.0570423603057861,1.4004545211791992,1.5886224508285522,1.5266103744506836,1.7983405590057373,1.8016725778579712,1.6245704889297485,1.721611499786377,1.767627477645874,1.4045418500900269,1.2549635171890259,1.0455089807510376,0.9652044177055359,0.9930617213249207,1.0868016481399536,1.311985731124878,1.5990097522735596,1.8175753355026245,1.8422319889068604,2.101475715637207,2.178147077560425,2.1215648651123047,2.144033908843994,2.1641695499420166,1.799747109413147,1.7011295557022095,1.5085278749465942,1.4559532403945923,1.4543743133544922,1.5032601356506348,1.6871986389160156,1.8617143630981445,2.10253643989563,2.2138166427612305,2.450807809829712,2.6302335262298584
B8,1.9050251245498657,1.7658324241638184,1.6041772365570068,1.3718600273132324,1.047267198562622,0.8126668930053711,0.6006195545196533,0.49063771963119507,0.6252082586288452,0.8143331408500671,1.095879316329956,1.1407265663146973,0.9544827342033386,1.2134695053100586,1.1168321371078491,1.2283642292022705,1.5159415006637573,1.533633828163147,1.2723355293273926,0.9833033084869385,0.6431522965431213,0.3836999833583832,0.0,0.3788559138774872,0.6295904517173767,1.0032976865768433,1.1071927547454834,0.9677136540412903,1.2492841482162476,1.2180228233337402,1.3274871110916138,1.5683765411376953,1.6545754671096802,1.3477933406829834,1.1315522193908691,0.7988247275352478,0.6316860318183899,0.46703267097473145,0.6000375151634216,0.7776204943656921,1.127044677734375,1.2742416858673096,1.2177674770355225,1.4767547845840454,1.519120693206787,1.6198036670684814,1.7817878723144531,1.89927077293396,1.572395920753479,1.4268978834152222,1.1351195573806763,1.0445685386657715,0.9297987222671509,1.0066018104553223,1.1259136199951172,1.4034669399261475,1.571662187576294,1.5955663919448853,1.8236796855926514,1.9261263608932495,2.082735061645508,2.1439621448516846,2.2330381870269775,1.8946601152420044,1.8028051853179932,1.5448421239852905,1.4996377229690552,1.4086933135986328,1.4658552408218384,1.5683164596557617,1.7462453842163086,1.9301766157150269,2.028501510620117,2.222851037979126,2.4119465351104736
B9,2.243452310562134,2.0829663276672363,1.914000391960144,1.6468340158462524,1.2948856353759766,1.083417534828186,0.7690650820732117,0.625251829624176,0.5057299137115479,0.6807136535644531,0.8617408871650696,0.9979788064956665,0.9351159334182739,1.2546868324279785,1.2705498933792114,1.602660894393921,1.8890942335128784,1.8942474126815796,1.6102745532989502,1.2906620502471924,0.9875597953796387,0.651829183101654,0.3788559138774872,0.0,0.38071662187576294,0.6989830136299133,0.9055518507957458,0.8938972353935242,1.236026406288147,1.3102784156799316,1.6835249662399292,1.9394443035125732,2.0087738037109375,1.6943060159683228,1.4356822967529297,1.1145732402801514,0.8496520519256592,0.6048984527587891,0.4728005528450012,0.5702779293060303,0.8449957966804504,1.061153531074524,1.1139671802520752,1.414046049118042,1.5455048084259033,1.9100697040557861,2.110767126083374,2.220993757247925,1.8912138938903809,1.6957355737686157,1.3852752447128296,1.2062909603118896,1.0081369876861572,0.9457142353057861,0.9836204051971436,1.1764024496078491,1.3720823526382446,1.4770588874816895,1.7227931022644043,1.8974895477294922,2.2925922870635986,2.4044878482818604,2.5065698623657227,2.166940212249756,2.0270254611968994,1.73692786693573,1.6232835054397583,1.4586282968521118,1.4323092699050903,1.460020899772644,1.565700888633728,1.739810585975647,1.8914226293563843,2.0718204975128174,2.31313157081604
B10,2.462437629699707,2.3439724445343018,2.212501287460327,1.947983741760254,1.6196563243865967,1.356999158859253,1.0560383796691895,0.7892478704452515,0.5902437567710876,0.5211591124534607,0.5738796591758728,0.653516411781311,0.6557385325431824,0.9812673926353455,1.0922378301620483,1.7665736675262451,2.0956807136535645,2.149261951446533,1.8996245861053467,1.608888030052185,1.2720891237258911,0.9840434193611145,0.6295904517173767,0.38071662187576294,0.0,0.38547903299331665,0.5389058589935303,0.5882174372673035,0.9400299191474915,1.1010208129882812,1.8059169054031372,2.105372667312622,2.2231485843658447,1.9475123882293701,1.7113280296325684,1.3566046953201294,1.12507164478302,0.7923160195350647,0.6465975642204285,0.4807472825050354,0.6802014112472534,0.8051745891571045,0.8867875933647156,1.1502435207366943,1.3410980701446533,1.9777987003326416,2.220146656036377,2.3830666542053223,2.09047794342041,1.9115220308303833,1.5643824338912964,1.4049906730651855,1.125903844833374,1.061584711074829,0.9607925415039062,1.1092196702957153,1.2126028537750244,1.3137775659561157,1.5028443336486816,1.7078883647918701,2.314711093902588,2.4552183151245117,2.613369941711426,2.3063385486602783,2.1821372509002686,1.8556689023971558,1.7623202800750732,1.5350492000579834,1.5253173112869263,1.4645897150039673,1.569484829902649,1.6606131792068481,1.7862324714660645,1.904557466506958,2.149796962738037
B11,2.8452308177948,2.724252462387085,2.588637113571167,2.3161795139312744,1.978461503982544,1.7278565168380737,1.4059011936187744,1.1449902057647705,0.8723171353340149,0.7256873250007629,0.5324649214744568,0.6503223180770874,0.8207746744155884,1.1126412153244019,1.3178573846817017,2.144486427307129,2.4775919914245605,2.5253067016601562,2.275541067123413,1.969893455505371,1.6457487344741821,1.3387141227722168,1.0032976865768433,0.6989830136299133,0.38547903299331665,0.0,0.3749898076057434,0.6492496132850647,0.9779449105262756,1.2364020347595215,2.1433322429656982,2.4605066776275635,2.5719735622406006,2.3038318157196045,2.045609712600708,1.693678617477417,1.430566430091858,1.080698013305664,0.8420665264129639,0.5472069978713989,0.4909907281398773,0.6077247858047485,0.8356103897094727,1.089896321296692,1.3704475164413452,2.2468366622924805,2.5231027603149414,2.688434362411499,2.406975507736206,2.2004456520080566,1.8418461084365845,1.6428990364074707,1.315591812133789,1.1699625253677368,0.9572550058364868,0.9735061526298523,1.0346335172653198,1.20927095413208,1.3766191005706787,1.6520227193832397,2.4978082180023193,2.683234453201294,2.861910343170166,2.5681040287017822,2.415590286254883,2.0666654109954834,1.936530351638794,1.6508698463439941,1.588093876838684,1.4342951774597168,1.4701584577560425,1.5007603168487549,1.6543655395507812,1.7254905700683594,2.01202654838562
B12,2.8769421577453613,2.8008809089660645,2.689070224761963,2.445500135421753,2.1329843997955322,1.8507654666900635,1.5761860609054565,1.2682191133499146,1.0686836242675781,0.8324924111366272,0.6468184590339661,0.5245025753974915,0.6550907492637634,0.8475459218025208,1.0872706174850464,2.1122796535491943,2.469163656234741,2.5499954223632812,2.347907781600952,2.0734994411468506,1.7277061939239502,1.4762651920318604,1.1071927547454834,0.9055518507957458,0.5389058589935303,0.3749898076057434,0.0,0.3669780492782593,0.6316893696784973,0.938336193561554,2.0480077266693115,2.3940553665161133,2.5435996055603027,2.322040319442749,2.0953562259674072,1.7239680290222168,1.5167198181152344,1.1378331184387207,0.991693377494812,0.6407819986343384,0.628311276435852,0.4972132444381714,0.6201171875,0.7808272242546082,1.075006127357483,2.099759817123413,2.3994574546813965,2.6084983348846436,2.369997978210449,2.19541335105896,1.8202522993087769,1.6731959581375122,1.3220653533935547,1.2517905235290527,0.9950607419013977,1.0577489137649536,0.9899789690971375,1.0664223432540894,1.1484302282333374,1.3986246585845947,2.3212087154388428,2.5136756896972656,2.736786127090454,2.4803972244262695,2.361701488494873,1.9993510246276855,1.9204097986221313,1.6210156679153442,1.6255695819854736,1.4498350620269775,1.5501266717910767,1.511565923690796,1.5818203687667847,1.6007404327392578,1.840163230895996
B13,2.6429901123046875,2.5952725410461426,2.4907779693603516,2.284446954727173,1.9960486888885498,1.705810546875,1.490991234779358,1.1823137998580933,1.0940966606140137,0.8857728242874146,0.8514857888221741,0.6298706531524658,0.5387917160987854,0.6432582139968872,0.7907934784889221,1.8298412561416626,2.1919264793395996,2.2846927642822266,2.123332977294922,1.877623200416565,1.5266987085342407,1.3362175226211548,0.9677136540412903,0.8938972353935242,0.5882174372673035,0.6492496132850647,0.3669780492782593,0.0,0.3618115186691284,0.589241623878479,1.714601755142212,2.072390079498291,2.240936517715454,2.052298069000244,1.8562054634094238,1.4788669347763062,1.3331009149551392,0.9584416151046753,0.936430037021637,0.6435810923576355,0.7988663911819458,0.626772940158844,0.5134084224700928,0.6298908591270447,0.8187100887298584,1.7549916505813599,2.054534673690796,2.284993886947632,2.0704681873321533,1.929288625717163,1.55308997631073,1.4658722877502441,1.133217453956604,1.167451024055481,0.9666084051132202,1.1485445499420166,1.0666406154632568,1.0241764783859253,1.0911824703216553,1.247999906539917,2.006692409515381,2.1772196292877197,2.4122774600982666,2.170900821685791,2.088040590286255,1.7323107719421387,1.7100738286972046,1.4438564777374268,1.528133511543274,1.4109426736831665,1.597614049911499,1.5766496658325195,1.5817533731460571,1.6247520446777344,1.7987219095230103
