,A1,A2,A3,A4,A5,A6,A7,A8,A9,A10,A11,A12,A13,A14,A15,B1,B2,B3,B4,B5,B6,B7,B8,B9,B10,B11,B12,B13,B14,B15,C1,C2,C3,C4,C5,C6,C7,C8,C9,C10,C11,C12,C13,C14,C15,D1,D2,D3,D4,D5,D6,D7,D8,D9,D10,D11,D12,D13,D14,D15,E1,E2,E3,E4,E5,E6,E7,E8,E9,E10,E11,E12,E13,E14,E15
A1,0.0,0.3876069486141205,0.6312549114227295,0.9023752212524414,1.2442158460617065,1.4530918598175049,1.807174801826477,2.046893358230591,2.4081931114196777,2.6203114986419678,3.0084779262542725,3.0324466228485107,2.724546432495117,2.8171868324279785,2.4537250995635986,1.0340465307235718,0.7352119088172913,0.8782488107681274,0.9912528991699219,1.3279788494110107,1.5644642114639282,1.884926676750183,2.164280652999878,2.492441177368164,2.7628939151763916,3.144392728805542,3.200713634490967,2.9421226978302,3.0565378665924072,2.7525269985198975,1.6661975383758545,1.3057297468185425,1.3818789720535278,1.3394819498062134,1.5954515933990479,1.8080233335494995,2.0667355060577393,2.345130443572998,2.6263718605041504,2.915571689605713,3.2892043590545654,3.3942112922668457,3.185137987136841,3.3354554176330566,3.0889711380004883,2.2648346424102783,1.913678765296936,1.9210684299468994,1.8037467002868652,1.9913408756256104,2.1569933891296387,2.3478543758392334,2.6034579277038574,2.827005386352539,3.1210222244262695,3.4724342823028564,3.630192995071411,3.488142967224121,3.673478126525879,3.4959397315979004,3.0077664852142334,2.6403918266296387,2.511618137359619,2.324031352996826,2.4623215198516846,2.5709216594696045,2.6949260234832764,2.923743724822998,3.0863187313079834,3.3920209407806396,3.629835367202759,3.9153823852539062,3.9768130779266357,4.261386394500732,4.35227108001709
A2,0.3876069486141205,0.0,0.39319369196891785,0.5424960851669312,0.9088162779808044,1.0928677320480347,1.4484012126922607,1.684088110923767,2.0400078296661377,2.25252366065979,2.641676187515259,2.67893123626709,2.383188486099243,2.501375198364258,2.1479008197784424,0.9577838182449341,0.6382617950439453,0.8134646415710449,0.7764865756034851,1.0924044847488403,1.2808358669281006,1.5828120708465576,1.8458867073059082,2.1612021923065186,2.427755832672119,2.806708574295044,2.8751237392425537,2.634746789932251,2.7707600593566895,2.490086078643799,1.6228286027908325,1.298218846321106,1.385266661643982,1.243185043334961,1.4529318809509277,1.6032507419586182,1.8297960758209229,2.078765392303467,2.339409828186035,2.6179356575012207,2.984333038330078,3.0993566513061523,2.9121315479278564,3.0775957107543945,2.858464241027832,2.254188299179077,1.9116759300231934,1.9418060779571533,1.7575865983963013,1.9059278964996338,2.0104734897613525,2.1692206859588623,2.3869152069091797,2.587240219116211,2.8640389442443848,3.2043306827545166,3.36920428276062,3.2511448860168457,3.4438722133636475,3.296903133392334,2.9904022216796875,2.6437911987304688,2.5381922721862793,2.3020496368408203,2.410463571548462,2.4634861946105957,2.5623281002044678,2.749798536300659,2.8910281658172607,3.1748404502868652,3.398071050643921,3.680375814437866,3.764601469039917,4.037806034088135,4.154955863952637
A3,0.6312549114227295,0.39319369196891785,0.0,0.37451502680778503,0.6366955041885376,0.8988741636276245,1.2229950428009033,1.5025376081466675,1.8472930192947388,2.0990536212921143,2.476583242416382,2.5400853157043457,2.254880428314209,2.3989479541778564,2.0567257404327393,0.9752044081687927,0.6054432988166809,0.593171238899231,0.4743317663669586,0.7400559186935425,0.9928262829780579,1.278670072555542,1.5849367380142212,1.8941599130630493,2.19138240814209,2.5677337646484375,2.6594014167785645,2.426227569580078,2.589812994003296,2.31540584564209,1.495966911315918,1.1863648891448975,1.177635908126831,0.9705400466918945,1.1161446571350098,1.2901701927185059,1.4917659759521484,1.7723435163497925,2.024838924407959,2.3303186893463135,2.695787191390991,2.831641674041748,2.651836395263672,2.8440423011779785,2.6318819522857666,2.105480194091797,1.7470941543579102,1.7246605157852173,1.494856595993042,1.5880897045135498,1.695015549659729,1.822473406791687,2.057145833969116,2.243889808654785,2.541668176651001,2.879817485809326,3.063347578048706,2.953509569168091,3.170707941055298,3.0307209491729736,2.775920867919922,2.4399051666259766,2.305889129638672,2.0396077632904053,2.102980852127075,2.1494922637939453,2.2161753177642822,2.4088680744171143,2.5323662757873535,2.8297274112701416,3.0441830158233643,3.3397631645202637,3.4304652214050293,3.7169249057769775,3.838222026824951
A4,0.9023752212524414,0.5424960851669312,0.37451502680778503,0.0,0.37707412242889404,0.5818462371826172,0.915286123752594,1.1859320402145386,1.5247529745101929,1.771742343902588,2.1535003185272217,2.230804443359375,1.961916208267212,2.1351730823516846,1.8091018199920654,1.0654308795928955,0.7677104473114014,0.8252891898155212,0.5476182699203491,0.715164840221405,0.8448413610458374,1.0883126258850098,1.3559805154800415,1.6440411806106567,1.9290945529937744,2.301863670349121,2.4052188396453857,2.1967084407806396,2.3817434310913086,2.1400868892669678,1.602760672569275,1.350534200668335,1.3819396495819092,1.105992317199707,1.1909576654434204,1.2581909894943237,1.4076356887817383,1.6302565336227417,1.8504985570907593,2.132455348968506,2.48626971244812,2.6302356719970703,2.4788029193878174,2.682377815246582,2.5055625438690186,2.2232372760772705,1.8935022354125977,1.9116719961166382,1.6378306150436401,1.6960761547088623,1.7218705415725708,1.810699462890625,1.9843659400939941,2.1396236419677734,2.4057304859161377,2.726983070373535,2.914001703262329,2.833422899246216,3.051561117172241,2.948467254638672,2.8885982036590576,2.578923463821411,2.4813945293426514,2.182429313659668,2.224262237548828,2.207242965698242,2.2507212162017822,2.386645555496216,2.485649824142456,2.747957229614258,2.944072723388672,3.2300682067871094,3.346461534500122,3.613671064376831,3.7644002437591553
A5,1.2442158460617065,0.9088162779808044,0.6366955041885376,0.37707412242889404,0.0,0.3763451874256134,0.6085121035575867,0.9388694763183594,1.2436906099319458,1.5360583066940308,1.899180293083191,2.0169084072113037,1.7774672508239746,1.9940518140792847,1.70122230052948,1.2674052715301514,1.0019350051879883,0.9530353546142578,0.5942071676254272,0.5324245691299438,0.6160305738449097,0.7636137008666992,1.0601588487625122,1.3154577016830444,1.6317254304885864,1.9953454732894897,2.1351473331451416,1.9548449516296387,2.1825172901153564,1.973358154296875,1.6574187278747559,1.4604735374450684,1.4289535284042358,1.0875071287155151,1.0495069026947021,1.059910774230957,1.1222206354141235,1.336382508277893,1.5158405303955078,1.81464421749115,2.1569736003875732,2.331728219985962,2.2093777656555176,2.4485626220703125,2.3036203384399414,2.2348856925964355,1.917680263519287,1.9073728322982788,1.5837270021438599,1.5609817504882812,1.5368075370788574,1.5574702024459839,1.7052496671676636,1.817868947982788,2.0864152908325195,2.391749620437622,2.6030445098876953,2.5513670444488525,2.7958598136901855,2.7233223915100098,2.8203372955322266,2.5402400493621826,2.436589479446411,2.102464437484741,2.0859782695770264,2.026125192642212,2.018026828765869,2.1214311122894287,2.181584119796753,2.4352052211761475,2.607510805130005,2.9024062156677246,3.041889190673828,3.311215877532959,3.4831314086914062
A6,1.4530918598175049,1.0928677320480347,0.8988741636276245,0.5818462371826172,0.3763451874256134,0.0,0.3769027292728424,0.6071447134017944,0.9574192762374878,1.2025372982025146,1.5798089504241943,1.6660594940185547,1.4148465394973755,1.629465103149414,1.3417199850082397,1.242280125617981,1.0782390832901,1.101854681968689,0.7382647395133972,0.6698424816131592,0.5172712802886963,0.6433834433555603,0.8206349611282349,1.0941523313522339,1.357100486755371,1.7282005548477173,1.8355731964111328,1.6507086753845215,1.8685486316680908,1.6750255823135376,1.6082803010940552,1.4788843393325806,1.51262629032135,1.1628972291946411,1.1290180683135986,1.0164185762405396,1.0715543031692505,1.185734748840332,1.3687711954116821,1.6087522506713867,1.951127052307129,2.092679262161255,1.9698903560638428,2.189680337905884,2.061594009399414,2.1764702796936035,1.9039500951766968,1.9571037292480469,1.6254382133483887,1.6138696670532227,1.5113576650619507,1.5398513078689575,1.6126620769500732,1.7317341566085815,1.9438327550888062,2.2462024688720703,2.4237236976623535,2.372842788696289,2.5903115272521973,2.5351171493530273,2.7691850662231445,2.5162436962127686,2.468770980834961,2.125566244125366,2.12392520904541,2.0087380409240723,2.0193593502044678,2.0666444301605225,2.1407597064971924,2.345468044281006,2.5278186798095703,2.7878925800323486,2.9243948459625244,3.1634931564331055,3.343846321105957
A7,1.807174801826477,1.4484012126922607,1.2229950428009033,0.915286123752594,0.6085121035575867,0.3769027292728424,0.0,0.37951919436454773,0.6365196108818054,0.949897825717926,1.2980027198791504,1.4502441883087158,1.260048508644104,1.5405213832855225,1.321955919265747,1.580541968345642,1.4318974018096924,1.4059354066848755,1.0364086627960205,0.8426806330680847,0.6221785545349121,0.5013472437858582,0.60833340883255,0.7800434827804565,1.0710073709487915,1.4218759536743164,1.5858100652694702,1.4603170156478882,1.7372208833694458,1.6098012924194336,1.8428683280944824,1.7607080936431885,1.7538297176361084,1.3808716535568237,1.2493507862091064,1.0666723251342773,0.9875571727752686,1.0264606475830078,1.113619327545166,1.3451813459396362,1.656616449356079,1.8402150869369507,1.7738991975784302,2.035835027694702,1.9663164615631104,2.355273485183716,2.1072194576263428,2.1408867835998535,1.7817232608795166,1.696682333946228,1.5341150760650635,1.4756619930267334,1.4825527667999268,1.5261578559875488,1.712178111076355,1.9774091243743896,2.1826958656311035,2.182216167449951,2.4248855113983154,2.4212794303894043,2.862760543823242,2.6470425128936768,2.601440191268921,2.235187292098999,2.1776814460754395,2.011915445327759,1.9630730152130127,1.9519497156143188,1.9691147804260254,2.1402411460876465,2.2814130783081055,2.5425620079040527,2.7153685092926025,2.9447808265686035,3.1588869094848633
A8,2.046893358230591,1.684088110923767,1.5025376081466675,1.1859320402145386,0.9388694763183594,0.6071447134017944,0.37951919436454773,0.0,0.3906039595603943,0.6033975481987,0.9740901589393616,1.0826271772384644,0.8842095136642456,1.1781277656555176,0.9942659139633179,1.6594371795654297,1.5940096378326416,1.6136584281921387,1.266169548034668,1.1003907918930054,0.7819432616233826,0.6512569785118103,0.5095547437667847,0.6508604288101196,0.8184067606925964,1.1706146001815796,1.285843849182129,1.1631075143814087,1.4307600259780884,1.340849757194519,1.8732715845108032,1.8555948734283447,1.8988386392593384,1.5419371128082275,1.4270564317703247,1.1630176305770874,1.084635853767395,0.9928724765777588,1.0665487051010132,1.1922935247421265,1.4887008666992188,1.6217776536941528,1.5602093935012817,1.7935948371887207,1.7534314393997192,2.3498964309692383,2.1538350582122803,2.2414603233337402,1.8909562826156616,1.8211525678634644,1.5970429182052612,1.5510635375976562,1.4748520851135254,1.5225757360458374,1.6271361112594604,1.8781204223632812,2.0342280864715576,2.035409927368164,2.240201234817505,2.2596755027770996,2.845738649368286,2.663039445877075,2.671618938446045,2.3080432415008545,2.266990900039673,2.054767370223999,2.027980327606201,1.9590059518814087,1.9923639297485352,2.1015148162841797,2.251570463180542,2.4643843173980713,2.628624200820923,2.8189685344696045,3.0389068126678467
A9,2.4081931114196777,2.0400078296661377,1.8472930192947388,1.5247529745101929,1.2436906099319458,0.9574192762374878,0.6365196108818054,0.3906039595603943,0.0,0.3838643729686737,0.6747757196426392,0.9035767316818237,0.8418965339660645,1.2056872844696045,1.1411375999450684,2.047208070755005,1.9785916805267334,1.9766446352005005,1.6231642961502075,1.4116753339767456,1.1047325134277344,0.8649980425834656,0.6461605429649353,0.5325221419334412,0.6343578696250916,0.909428060054779,1.1057466268539429,1.0986356735229492,1.4233269691467285,1.4350066184997559,2.215280294418335,2.220405340194702,2.23970365524292,1.875410556793213,1.7097831964492798,1.4235819578170776,1.253458023071289,1.084423303604126,1.0180341005325317,1.0756958723068237,1.290686011314392,1.467651605606079,1.4964350461959839,1.7632920742034912,1.804425835609436,2.6471269130706787,2.472303628921509,2.545586347579956,2.184497594833374,2.0665125846862793,1.807654857635498,1.6914926767349243,1.5479285717010498,1.50502347946167,1.549707055091858,1.7305002212524414,1.9073576927185059,1.9771252870559692,2.1962697505950928,2.281494617462158,3.0694806575775146,2.9212989807128906,2.932934284210205,2.5593533515930176,2.4762303829193115,2.227327585220337,2.149153709411621,2.0203773975372314,1.9912853240966797,2.0458037853240967,2.1382968425750732,2.336886405944824,2.5428457260131836,2.708422899246216,2.967724323272705
A10,2.6203114986419678,2.25252366065979,2.0990536212921143,1.771742343902588,1.5360583066940308,1.2025372982025146,0.949897825717926,0.6033975481987,0.3838643729686737,0.0,0.3920941650867462,0.5409085750579834,0.5229204297065735,0.9033445119857788,0.9262916445732117,2.1520886421203613,2.1461193561553955,2.1864426136016846,1.853797197341919,1.6800175905227661,1.3360472917556763,1.1451613903045654,0.8431252837181091,0.7410222291946411,0.6197316646575928,0.8248879909515381,0.919248104095459,0.9341959357261658,1.2163383960723877,1.2858368158340454,2.296314001083374,2.3458430767059326,2.412351608276367,2.070908546447754,1.937796711921692,1.6174449920654297,1.482269048690796,1.2464386224746704,1.1942822933197021,1.1308344602584839,1.3028478622436523,1.394535779953003,1.4267127513885498,1.6354089975357056,1.7083749771118164,2.6958744525909424,2.567243814468384,2.6891932487487793,2.3470799922943115,2.2578389644622803,1.969006896018982,1.884285807609558,1.691352367401123,1.6696476936340332,1.635596513748169,1.7950013875961304,1.9022794961929321,1.965198278427124,2.1272733211517334,2.230616331100464,3.116089344024658,2.9944779872894287,3.0549755096435547,2.6941990852355957,2.6378369331359863,2.3641061782836914,2.318915367126465,2.1541671752929688,2.1521899700164795,2.151362895965576,2.256610155105591,2.3975791931152344,2.583202362060547,2.7024779319763184,2.958420515060425
A11,3.0084779262542725,2.641676187515259,2.476583242416382,2.1535003185272217,1.899180293083191,1.5798089504241943,1.2980027198791504,0.9740901589393616,0.6747757196426392,0.3920941650867462,0.0,0.3935414254665375,0.6291543841362,0.9770553708076477,1.133347511291504,2.514143228530884,2.5208561420440674,2.5449767112731934,2.216075897216797,2.0154614448547363,1.669350266456604,1.4361793994903564,1.104437232017517,0.8928614258766174,0.6417906880378723,0.6391112804412842,0.7472748160362244,0.9102105498313904,1.198021411895752,1.3767982721328735,2.596092700958252,2.677671432495117,2.731327533721924,2.392996072769165,2.2303850650787354,1.8904261589050293,1.710523247718811,1.4198436737060547,1.2844430208206177,1.1193236112594604,1.1730444431304932,1.2515337467193604,1.370668649673462,1.5744012594223022,1.730506420135498,2.9389944076538086,2.8425111770629883,2.9620308876037598,2.6206459999084473,2.502403736114502,2.1841282844543457,2.061046838760376,1.8101338148117065,1.731369972229004,1.6171483993530273,1.6976325511932373,1.7825109958648682,1.8999383449554443,2.0459048748016357,2.2114245891571045,3.282637357711792,3.2016637325286865,3.2779414653778076,2.917479991912842,2.8354601860046387,2.52960467338562,2.4570579528808594,2.2374274730682373,2.1986961364746094,2.1300406455993652,2.191720962524414,2.2877197265625,2.492526054382324,2.5677003860473633,2.8499908447265625
A12,3.0324466228485107,2.67893123626709,2.5400853157043457,2.230804443359375,2.0169084072113037,1.6660594940185547,1.4502441883087158,1.0826271772384644,0.9035767316818237,0.5409085750579834,0.3935414254665375,0.0,0.3649250268936157,0.6263533234596252,0.8665305376052856,2.425027370452881,2.4910686016082764,2.5457777976989746,2.2481236457824707,2.0866856575012207,1.7175123691558838,1.5475513935089111,1.1858177185058594,1.070932149887085,0.7567713260650635,0.7784689664840698,0.6694861650466919,0.7513235211372375,0.9331953525543213,1.1306179761886597,2.468903064727783,2.5901336669921875,2.685727119445801,2.378727436065674,2.2571616172790527,1.9005955457687378,1.7798268795013428,1.468406319618225,1.40985107421875,1.1977109909057617,1.278505802154541,1.235324501991272,1.2839196920394897,1.3978259563446045,1.539111614227295,2.77714204788208,2.7223305702209473,2.886960506439209,2.5729026794433594,2.4954452514648438,2.1665232181549072,2.0989484786987305,1.8370240926742554,1.823717713356018,1.6795461177825928,1.7903695106506348,1.793285608291626,1.8519688844680786,1.9294371604919434,2.0703213214874268,3.130978584289551,3.0658886432647705,3.186464548110962,2.8467841148376465,2.8047897815704346,2.493689775466919,2.474264144897461,2.2523069381713867,2.272437810897827,2.187368392944336,2.2997732162475586,2.35260009765625,2.5052073001861572,2.5537915229797363,2.8016765117645264
A13,2.724546432495117,2.383188486099243,2.254880428314209,1.961916208267212,1.7774672508239746,1.4148465394973755,1.260048508644104,0.8842095136642456,0.8418965339660645,0.5229204297065735,0.6291543841362,0.3649250268936157,0.0,0.38290509581565857,0.5145682692527771,2.0718936920166016,2.1577322483062744,2.227525472640991,1.948285460472107,1.819174885749817,1.4450167417526245,1.3370853662490845,0.9870747923851013,0.993323564529419,0.7433686852455139,0.917607307434082,0.7736478447914124,0.6707757711410522,0.8107343912124634,0.8917802572250366,2.123061180114746,2.2435734272003174,2.360576629638672,2.067595958709717,1.9815311431884766,1.6313049793243408,1.5695079565048218,1.2882723808288574,1.324142575263977,1.1704864501953125,1.3532270193099976,1.2926218509674072,1.2387242317199707,1.3327916860580444,1.385252833366394,2.453925609588623,2.3922648429870605,2.574302911758423,2.2713043689727783,2.2293550968170166,1.9166909456253052,1.9006903171539307,1.677696704864502,1.7345253229141235,1.6423888206481934,1.8274505138397217,1.8260513544082642,1.817765235900879,1.8918395042419434,1.966145634651184,2.8651232719421387,2.775146245956421,2.8993711471557617,2.5672285556793213,2.558290958404541,2.269002676010132,2.2910232543945312,2.110788345336914,2.182196617126465,2.145578145980835,2.310915231704712,2.3876383304595947,2.5065221786499023,2.5878772735595703,2.80073618888855
A14,2.8171868324279785,2.501375198364258,2.3989479541778564,2.1351730823516846,1.9940518140792847,1.629465103149414,1.5405213832855225,1.1781277656555176,1.2056872844696045,0.9033445119857788,0.9770553708076477,0.6263533234596252,0.38290509581565857,0.0,0.37525278329849243,2.0543651580810547,2.2055089473724365,2.3005855083465576,2.067978858947754,1.9806861877441406,1.6088519096374512,1.5653237104415894,1.226505160331726,1.2952172756195068,1.033340573310852,1.1797069311141968,0.9213392734527588,0.7373142242431641,0.6761581897735596,0.7325026392936707,2.0456430912017822,2.213073968887329,2.3707737922668457,2.1240880489349365,2.0822157859802246,1.7328399419784546,1.732008934020996,1.4512701034545898,1.5470037460327148,1.365256428718567,1.5481866598129272,1.394313931465149,1.2712231874465942,1.2531617879867554,1.2679911851882935,2.320575475692749,2.311741590499878,2.5397658348083496,2.2767035961151123,2.2784271240234375,1.9662264585494995,2.0072262287139893,1.7837170362472534,1.8971962928771973,1.7814128398895264,1.981265902519226,1.9077179431915283,1.8407750129699707,1.8405977487564087,1.878148078918457,2.7322773933410645,2.663153886795044,2.8352577686309814,2.5339837074279785,2.567647933959961,2.2808456420898438,2.357084035873413,2.180178165435791,2.3052759170532227,2.25343656539917,2.4583699703216553,2.493807554244995,2.559814453125,2.6150388717651367,2.7869863510131836
A15,2.4537250995635986,2.1479008197784424,2.0567257404327393,1.8091018199920654,1.70122230052948,1.3417199850082397,1.321955919265747,0.9942659139633179,1.1411375999450684,0.9262916445732117,1.133347511291504,0.8665305376052856,0.5145682692527771,0.37525278329849243,0.0,1.6813290119171143,1.8365403413772583,1.9478963613510132,1.7285336256027222,1.6790329217910767,1.3197474479675293,1.3465313911437988,1.061776041984558,1.2356148958206177,1.0771188735961914,1.3264559507369995,1.1277027130126953,0.8659045100212097,0.8375949859619141,0.713499903678894,1.720105767250061,1.8629189729690552,2.0388967990875244,1.7984604835510254,1.7955305576324463,1.4711002111434937,1.53144109249115,1.3144320249557495,1.4880635738372803,1.3959205150604248,1.6568186283111572,1.5439367294311523,1.3651163578033447,1.375831127166748,1.2956767082214355,2.057569742202759,2.014324426651001,2.2483158111572266,1.988613247871399,2.0255186557769775,1.7474451065063477,1.834179401397705,1.6736562252044678,1.8388689756393433,1.797722578048706,2.0555050373077393,2.0168187618255615,1.9123800992965698,1.9433218240737915,1.9191025495529175,2.5544841289520264,2.439791440963745,2.593928813934326,2.2937839031219482,2.3555727005004883,2.1052944660186768,2.2101948261260986,2.0910122394561768,2.247258424758911,2.2591748237609863,2.493946075439453,2.573892593383789,2.6299092769622803,2.7310192584991455,2.882636070251465
B1,1.0340465307235718,0.9577838182449341,0.9752044081687927,1.0654308795928955,1.2674052715301514,1.242280125617981,1.580541968345642,1.6594371795654297,2.047208070755005,2.1520886421203613,2.514143228530884,2.425027370452881,2.0718936920166016,2.0543651580810547,1.6813290119171143,0.0,0.3816375136375427,0.6521632075309753,0.7904950976371765,1.106343388557434,1.1460779905319214,1.5200661420822144,1.6700570583343506,2.051238775253296,2.2178115844726562,2.5923140048980713,2.5363566875457764,2.2158470153808594,2.2320730686187744,1.8867524862289429,0.7645848989486694,0.5317574739456177,0.849158525466919,0.8401979804039001,1.1793577671051025,1.2536025047302246,1.6028900146484375,1.7856168746948242,2.1396257877349854,2.339463949203491,2.723241090774536,2.7216436862945557,2.4473588466644287,2.5106914043426514,2.2233171463012695,1.3963178396224976,1.1214653253555298,1.30587637424469,1.1969361305236816,1.472788691520691,1.5421931743621826,1.82919442653656,2.01474928855896,2.3192903995513916,2.5382580757141113,2.9125261306762695,2.9717888832092285,2.766986131668091,2.8744373321533203,2.661611318588257,2.2052829265594482,1.8739832639694214,1.8767224550247192,1.6825426816940308,1.8978453874588013,1.9355382919311523,2.154698371887207,2.3313987255096436,2.579068899154663,2.82352876663208,3.124630928039551,3.334669351577759,3.333707571029663,3.5733883380889893,3.6259872913360596
B2,0.7352119088172913,0.6382617950439453,0.6054432988166809,0.7677104473114014,1.0019350051879883,1.0782390832901,1.4318974018096924,1.5940096378326416,1.9785916805267334,2.1461193561553955,2.5208561420440674,2.4910686016082764,2.1577322483062744,2.2055089473724365,1.8365403413772583,0.3816375136375427,0.0,0.37835898995399475,0.5160316228866577,0.8826481699943542,1.0249749422073364,1.3954485654830933,1.6200426816940308,1.9877861738204956,2.2128024101257324,2.5952963829040527,2.5970709323883057,2.303947687149048,2.3802950382232666,2.05507755279541,0.9857683181762695,0.6695628762245178,0.8284406065940857,0.7430487275123596,1.0534014701843262,1.1970691680908203,1.5141056776046753,1.7533178329467773,2.081796646118164,2.33213472366333,2.716611862182617,2.7693116664886475,2.5253312587738037,2.642108917236328,2.3768534660339355,1.6193548440933228,1.287885069847107,1.3683351278305054,1.2100661993026733,1.429653286933899,1.5362746715545654,1.7754017114639282,1.9978469610214233,2.267670154571533,2.527574300765991,2.8955271244049072,3.0046377182006836,2.8307912349700928,2.9849398136138916,2.7933731079101562,2.376377582550049,2.0320231914520264,1.9646750688552856,1.7421395778656006,1.9034545421600342,1.9601815938949585,2.1265714168548584,2.324777603149414,2.531846761703491,2.8072524070739746,3.0810885429382324,3.328535318374634,3.359071969985962,3.6232364177703857,3.6981239318847656
B3,0.8782488107681274,0.8134646415710449,0.593171238899231,0.8252891898155212,0.9530353546142578,1.101854681968689,1.4059354066848755,1.6136584281921387,1.9766446352005005,2.1864426136016846,2.5449767112731934,2.5457777976989746,2.227525472640991,2.3005855083465576,1.9478963613510132,0.6521632075309753,0.37835898995399475,0.0,0.3738442063331604,0.673646867275238,0.915813148021698,1.264894723892212,1.5416734218597412,1.8984543085098267,2.1587393283843994,2.5346133708953857,2.5628201961517334,2.2769415378570557,2.3798067569732666,2.0579841136932373,0.9489309191703796,0.6295595765113831,0.5886971950531006,0.46124401688575745,0.7529168725013733,0.9878677725791931,1.2981061935424805,1.5930769443511963,1.918117642402649,2.204528570175171,2.5874240398406982,2.663492202758789,2.4226999282836914,2.5670928955078125,2.3007454872131348,1.5306426286697388,1.1623075008392334,1.1423016786575317,0.9492273330688477,1.1270651817321777,1.2857340574264526,1.5094331502914429,1.7792032957077026,2.04429030418396,2.338975429534912,2.707648754119873,2.83833909034729,2.6656816005706787,2.8483340740203857,2.6522841453552246,2.2057228088378906,1.858710527420044,1.7331421375274658,1.49044930934906,1.6107745170593262,1.6956548690795898,1.8370497226715088,2.0691511631011963,2.2658751010894775,2.570943832397461,2.8397626876831055,3.1064960956573486,3.136249542236328,3.423051357269287,3.492572546005249
B4,0.9912528991699219,0.7764865756034851,0.4743317663669586,0.5476182699203491,0.5942071676254272,0.7382647395133972,1.0364086627960205,1.266169548034668,1.6231642961502075,1.853797197341919,2.216075897216797,2.2481236457824707,1.948285460472107,2.067978858947754,1.7285336256027222,0.7904950976371765,0.5160316228866577,0.3738442063331604,0.0,0.3750775456428528,0.6029388308525085,0.9428879618644714,1.2328605651855469,1.5769879817962646,1.8540608882904053,2.2325403690338135,2.2918059825897217,2.0333921909332275,2.179903984069824,1.8911911249160767,1.125779390335083,0.8846209645271301,0.8537139296531677,0.5586221218109131,0.6938592791557312,0.8322165012359619,1.0807043313980103,1.3570289611816406,1.651300311088562,1.943411946296692,2.3211638927459717,2.4261257648468018,2.2199082374572754,2.398871660232544,2.172792673110962,1.7168015241622925,1.3739559650421143,1.3684982061386108,1.0913726091384888,1.1750231981277466,1.241844892501831,1.3954243659973145,1.6210156679153442,1.8437072038650513,2.130319595336914,2.4849820137023926,2.640317678451538,2.506690263748169,2.7119381427764893,2.5606162548065186,2.356215715408325,2.0411875247955322,1.9340236186981201,1.6376893520355225,1.697574257850647,1.7086387872695923,1.7947618961334229,1.9738048315048218,2.127540111541748,2.4136745929718018,2.655488967895508,2.9305200576782227,2.9985499382019043,3.278515338897705,3.386840581893921
B5,1.3279788494110107,1.0924044847488403,0.7400559186935425,0.715164840221405,0.5324245691299438,0.6698424816131592,0.8426806330680847,1.1003907918930054,1.4116753339767456,1.6800175905227661,2.0154614448547363,2.0866856575012207,1.819174885749817,1.9806861877441406,1.6790329217910767,1.106343388557434,0.8826481699943542,0.673646867275238,0.3750775456428528,0.0,0.377066969871521,0.6322699785232544,0.9718839526176453,1.2861485481262207,1.5963300466537476,1.9622936248779297,2.0586957931518555,1.8282148838043213,2.020261764526367,1.765690565109253,1.2662850618362427,1.1053009033203125,0.9862759113311768,0.6157914996147156,0.5172810554504395,0.5989304184913635,0.7526194453239441,1.0559284687042236,1.3196548223495483,1.6408092975616455,2.009641647338867,2.1482324600219727,1.9695314168930054,2.1903884410858154,1.9965022802352905,1.785253643989563,1.4621756076812744,1.4107465744018555,1.0697309970855713,1.0295500755310059,1.038296103477478,1.1060481071472168,1.322380542755127,1.505948781967163,1.8090063333511353,2.1524951457977295,2.3369147777557373,2.231306314468384,2.470618963241577,2.349926233291626,2.3173694610595703,2.037998676300049,1.9167931079864502,1.5768492221832275,1.55605149269104,1.5181939601898193,1.537763237953186,1.6899455785751343,1.802390456199646,2.090566635131836,2.3105757236480713,2.6006970405578613,2.6923019886016846,2.9805490970611572,3.1104135513305664
B6,1.5644642114639282,1.2808358669281006,0.9928262829780579,0.8448413610458374,0.6160305738449097,0.5172712802886963,0.6221785545349121,0.7819432616233826,1.1047325134277344,1.3360472917556763,1.669350266456604,1.7175123691558838,1.4450167417526245,1.6088519096374512,1.3197474479675293,1.1460779905319214,1.0249749422073364,0.915813148021698,0.6029388308525085,0.377066969871521,0.0,0.3770390748977661,0.6327160596847534,0.984428882598877,1.2569165229797363,1.632625937461853,1.704725742340088,1.4686694145202637,1.6640310287475586,1.4253506660461426,1.2634224891662598,1.1936964988708496,1.15238618850708,0.7782343029975891,0.6629514694213867,0.4992741644382477,0.612432599067688,0.7996143102645874,1.0773073434829712,1.3512672185897827,1.727034330368042,1.84061861038208,1.6631031036376953,1.8781262636184692,1.7055126428604126,1.7641569375991821,1.4974641799926758,1.5188002586364746,1.1622321605682373,1.1141166687011719,0.994244396686554,1.0462676286697388,1.1590152978897095,1.3422402143478394,1.588843822479248,1.931584358215332,2.0894339084625244,1.990779995918274,2.2125308513641357,2.1175293922424316,2.287299394607544,2.0465080738067627,1.9901984930038452,1.632718801498413,1.6133546829223633,1.4918955564498901,1.5164096355438232,1.5885546207427979,1.704909086227417,1.9373908042907715,2.1630516052246094,2.4213051795959473,2.518244981765747,2.7771456241607666,2.9239399433135986
B7,1.884926676750183,1.5828120708465576,1.278670072555542,1.0883126258850098,0.7636137008666992,0.6433834433555603,0.5013472437858582,0.6512569785118103,0.8649980425834656,1.1451613903045654,1.4361793994903564,1.5475513935089111,1.3370853662490845,1.5653237104415894,1.3465313911437988,1.5200661420822144,1.3954485654830933,1.264894723892212,0.9428879618644714,0.6322699785232544,0.3770390748977661,0.0,0.3821989595890045,0.6543412804603577,0.9822664856910706,1.3395787477493286,1.4758129119873047,1.3011772632598877,1.5668028593063354,1.4020336866378784,1.57699453830719,1.5451247692108154,1.465273380279541,1.0880117416381836,0.862545371055603,0.6287219524383545,0.4862992465496063,0.5890982747077942,0.7622910737991333,1.0638179779052734,1.4193410873413086,1.588600993156433,1.4723169803619385,1.7451491355895996,1.6395047903060913,2.0104284286499023,1.772793173789978,1.7663564682006836,1.3904536962509155,1.247467041015625,1.0573902130126953,0.9743425846099854,1.0055148601531982,1.0913275480270386,1.32853364944458,1.6396076679229736,1.83948814868927,1.7986127138137817,2.0591514110565186,2.0234375,2.4303083419799805,2.2325382232666016,2.172745704650879,1.7944422960281372,1.702185034751892,1.5223995447158813,1.4617276191711426,1.4637784957885742,1.5047173500061035,1.7092803716659546,1.8894703388214111,2.1596994400024414,2.301013708114624,2.5567874908447266,2.743189811706543
B8,2.164280652999878,1.8458867073059082,1.5849367380142212,1.3559805154800415,1.0601588487625122,0.8206349611282349,0.60833340883255,0.5095547437667847,0.6461605429649353,0.8431252837181091,1.104437232017517,1.1858177185058594,0.9870747923851013,1.226505160331726,1.061776041984558,1.6700570583343506,1.6200426816940308,1.5416734218597412,1.2328605651855469,0.9718839526176453,0.6327160596847534,0.3821989595890045,0.0,0.3843452036380768,0.6262338161468506,1.0002886056900024,1.1038247346878052,0.9326549768447876,1.2187325954437256,1.1040565967559814,1.6761716604232788,1.7153536081314087,1.6871830224990845,1.331646203994751,1.1301528215408325,0.8043754696846008,0.6416732668876648,0.48396602272987366,0.6092233657836914,0.7919568419456482,1.147524118423462,1.2784956693649292,1.174606442451477,1.4425870180130005,1.3820526599884033,2.0602831840515137,1.8840526342391968,1.9329338073730469,1.5684362649917603,1.4345265626907349,1.1623265743255615,1.072489857673645,0.9661307334899902,1.030615210533142,1.1599886417388916,1.4534794092178345,1.6101973056793213,1.5835821628570557,1.8168609142303467,1.820448637008667,2.446884870529175,2.294123649597168,2.2935619354248047,1.9172754287719727,1.8324129581451416,1.5882095098495483,1.5376354455947876,1.450252652168274,1.4922902584075928,1.6126199960708618,1.7928757667541504,2.0118660926818848,2.1551668643951416,2.3689849376678467,2.572435140609741
B9,2.492441177368164,2.1612021923065186,1.8941599130630493,1.6440411806106567,1.3154577016830444,1.0941523313522339,0.7800434827804565,0.6508604288101196,0.5325221419334412,0.7410222291946411,0.8928614258766174,1.070932149887085,0.993323564529419,1.2952172756195068,1.2356148958206177,2.051238775253296,1.9877861738204956,1.8984543085098267,1.5769879817962646,1.2861485481262207,0.984428882598877,0.6543412804603577,0.3843452036380768,0.0,0.3875396251678467,0.7037304043769836,0.9227133393287659,0.884259819984436,1.2430676221847534,1.242957592010498,2.0447044372558594,2.0935027599334717,2.043903350830078,1.6852452754974365,1.4423272609710693,1.1254035234451294,0.8637038469314575,0.6269484758377075,0.48631173372268677,0.5998533368110657,0.8782235383987427,1.0905708074569702,1.101866602897644,1.4240566492080688,1.4609934091567993,2.3879106044769287,2.2301931381225586,2.2597060203552246,1.8909912109375,1.7079306840896606,1.4141994714736938,1.2354891300201416,1.0495293140411377,0.9740223288536072,1.0330394506454468,1.2449482679367065,1.445212960243225,1.5071104764938354,1.7695282697677612,1.8517261743545532,2.694458484649658,2.577653408050537,2.5744993686676025,2.193110704421997,2.059999704360962,1.7831244468688965,1.664912462234497,1.5074223279953003,1.4609181880950928,1.5183453559875488,1.6256475448608398,1.8396284580230713,2.0381557941436768,2.231635808944702,2.4830257892608643
B10,2.7628939151763916,2.427755832672119,2.19138240814209,1.9290945529937744,1.6317254304885864,1.357100486755371,1.0710073709487915,0.8184067606925964,0.6343578696250916,0.6197316646575928,0.6417906880378723,0.7567713260650635,0.7433686852455139,1.033340573310852,1.0771188735961914,2.2178115844726562,2.2128024101257324,2.1587393283843994,1.8540608882904053,1.5963300466537476,1.2569165229797363,0.9822664856910706,0.6262338161468506,0.3875396251678467,0.0,0.3838341236114502,0.5442726612091064,0.568366527557373,0.9474958181381226,1.0446361303329468,2.1671338081359863,2.268843173980713,2.259716510772705,1.9244487285614014,1.709399938583374,1.3556983470916748,1.132287621498108,0.8052010536193848,0.6615455150604248,0.5134308934211731,0.7139543294906616,0.8354237675666809,0.8832346200942993,1.1742204427719116,1.279569149017334,2.4587390422821045,2.3564751148223877,2.4316089153289795,2.0828402042388916,1.9211918115615845,1.5882000923156738,1.4351598024368286,1.1705142259597778,1.1004151105880737,1.0203800201416016,1.1829345226287842,1.2992514371871948,1.374153733253479,1.5819951295852661,1.708451747894287,2.732057571411133,2.6565356254577637,2.706279993057251,2.338144302368164,2.223331928253174,1.9095131158828735,1.8180660009384155,1.599656581878662,1.5713411569595337,1.5377531051635742,1.6466773748397827,1.7827280759811401,1.9672492742538452,2.1022467613220215,2.3618502616882324
B11,3.144392728805542,2.806708574295044,2.5677337646484375,2.301863670349121,1.9953454732894897,1.7282005548477173,1.4218759536743164,1.1706146001815796,0.909428060054779,0.8248879909515381,0.6391112804412842,0.7784689664840698,0.917607307434082,1.1797069311141968,1.3264559507369995,2.5923140048980713,2.5952963829040527,2.5346133708953857,2.2325403690338135,1.9622936248779297,1.632625937461853,1.3395787477493286,1.0002886056900024,0.7037304043769836,0.3838341236114502,0.0,0.3935105800628662,0.6510308384895325,1.008680820465088,1.220374345779419,2.5035531520843506,2.627981662750244,2.6101691722869873,2.282217025756836,2.0486416816711426,1.6939345598220825,1.440902590751648,1.0929685831069946,0.8597368001937866,0.5795585513114929,0.5366470813751221,0.6629009246826172,0.8637570142745972,1.1513394117355347,1.3607351779937744,2.7422823905944824,2.6704299449920654,2.7415714263916016,2.399831533432007,2.2142624855041504,1.8654297590255737,1.6760327816009521,1.3616440296173096,1.2162843942642212,1.0282989740371704,1.0644251108169556,1.157576084136963,1.3169050216674805,1.5106911659240723,1.7175259590148926,2.935087203979492,2.901763677597046,2.9646244049072266,2.6029105186462402,2.462510824203491,2.123659610748291,2.0007829666137695,1.7251142263412476,1.6460723876953125,1.5251208543777466,1.5697107315063477,1.6491718292236328,1.8631935119628906,1.9461838006973267,2.242051362991333
B12,3.200713634490967,2.8751237392425537,2.6594014167785645,2.4052188396453857,2.1351473331451416,1.8355731964111328,1.5858100652694702,1.285843849182129,1.1057466268539429,0.919248104095459,0.7472748160362244,0.6694861650466919,0.7736478447914124,0.9213392734527588,1.1277027130126953,2.5363566875457764,2.5970709323883057,2.5628201961517334,2.2918059825897217,2.0586957931518555,1.704725742340088,1.4758129119873047,1.1038247346878052,0.9227133393287659,0.5442726612091064,0.3935105800628662,0.0,0.36849507689476013,0.6540001630783081,0.9337195754051208,2.393192768096924,2.5639615058898926,2.5845770835876465,2.2894856929779053,2.0955169200897217,1.7209240198135376,1.5321476459503174,1.1583493947982788,1.0299253463745117,0.6920508742332458,0.6904520392417908,0.5676611661911011,0.6763380765914917,0.8587866425514221,1.0891475677490234,2.5821988582611084,2.559682846069336,2.6760900020599365,2.363311529159546,2.217517137527466,1.8523316383361816,1.7243132591247559,1.3908990621566772,1.330265998840332,1.0954248905181885,1.1674145460128784,1.127981424331665,1.2093898057937622,1.31082022190094,1.5050694942474365,2.7664103507995605,2.758744239807129,2.871701240539551,2.531947612762451,2.4314124584198,2.0807788372039795,2.017643690109253,1.732130527496338,1.726283073425293,1.5765950679779053,1.6854149103164673,1.698859691619873,1.8429735898971558,1.8851603269577026,2.141913652420044
B13,2.9421226978302,2.634746789932251,2.426227569580078,2.1967084407806396,1.9548449516296387,1.6507086753845215,1.4603170156478882,1.1631075143814087,1.0986356735229492,0.9341959357261658,0.9102105498313904,0.7513235211372375,0.6707757711410522,0.7373142242431641,0.8659045100212097,2.2158470153808594,2.303947687149048,2.2769415378570557,2.0333921909332275,1.8282148838043213,1.4686694145202637,1.3011772632598877,0.9326549768447876,0.884259819984436,0.568366527557373,0.6510308384895325,0.36849507689476013,0.0,0.3842000365257263,0.5776841044425964,2.040593147277832,2.2278647422790527,2.266502618789673,1.9921069145202637,1.8298463821411133,1.450947880744934,1.3243621587753296,0.9604074954986572,0.958009660243988,0.6820984482765198,0.846642255783081,0.6795113682746887,0.5696596503257751,0.7028468251228333,0.8207172751426697,2.2264404296875,2.2112441062927246,2.3494925498962402,2.050807237625122,1.9396790266036987,1.5773307085037231,1.5100629329681396,1.2026232481002808,1.2431119680404663,1.0644028186798096,1.246368408203125,1.182369589805603,1.150782585144043,1.2301404476165771,1.334036111831665,2.4531819820404053,2.429532527923584,2.557044744491577,2.2252449989318848,2.1609299182891846,1.8218508958816528,1.8133203983306885,1.5653936862945557,1.6355228424072266,1.5393497943878174,1.7263731956481934,1.7602579593658447,1.8489909172058105,1.9255555868148804,2.130293607711792
