0.000000000000000000e+00,3.703261315822601318e-01,7.060474157333374023e-01,8.740815520286560059e-01,1.193148136138916016e+00,1.201056599617004395e+00,1.572901368141174316e+00,1.726365327835083008e+00,2.097288370132446289e+00,2.279422521591186523e+00,2.666729688644409180e+00,2.629213333129882812e+00,2.322016239166259766e+00,2.375897884368896484e+00,2.062854051589965820e+00,8.758258819580078125e-01,6.442446708679199219e-01,8.839631676673889160e-01,9.218568205833435059e-01,1.272368669509887695e+00,1.340044736862182617e+00,1.677132725715637207e+00,1.866596579551696777e+00,2.207658290863037109e+00,2.416744470596313477e+00,2.802115440368652344e+00,2.814949989318847656e+00,2.561799287796020508e+00,2.654730319976806641e+00,2.428363084793090820e+00,1.466668605804443359e+00,1.225529789924621582e+00,1.380049943923950195e+00,1.276001334190368652e+00,1.561240315437316895e+00,1.627382278442382812e+00,1.903758287429809570e+00,2.094145298004150391e+00,2.391872406005859375e+00,2.610350370407104492e+00,2.982556104660034180e+00,3.051775217056274414e+00,2.865635395050048828e+00,2.993413209915161133e+00,2.844324111938476562e+00,2.090868234634399414e+00,1.853274226188659668e+00,1.913491606712341309e+00,1.740707159042358398e+00,1.959792017936706543e+00,2.005383968353271484e+00,2.222893238067626953e+00,2.399419784545898438e+00,2.651232719421386719e+00,2.874319791793823242e+00,3.216523408889770508e+00,3.337340354919433594e+00,3.218945026397705078e+00,3.372854232788085938e+00,3.301374435424804688e+00,2.832705497741699219e+00,2.560221195220947266e+00,2.501406192779541016e+00,2.268589258193969727e+00,2.427297830581665039e+00,2.441095352172851562e+00,2.611970901489257812e+00,2.770226001739501953e+00,2.969249248504638672e+00,3.201633930206298828e+00,3.494730710983276367e+00,3.661158323287963867e+00,3.609942436218261719e+00,3.784620523452758789e+00,3.793959617614746094e+00
3.703261315822601318e-01,0.000000000000000000e+00,3.807635307312011719e-01,5.428794026374816895e-01,9.006172418594360352e-01,9.991821050643920898e-01,1.371536374092102051e+00,1.595759034156799316e+00,1.952866792678833008e+00,2.186972856521606445e+00,2.576915502548217773e+00,2.588861942291259766e+00,2.306601524353027344e+00,2.414486169815063477e+00,2.123477935791015625e+00,9.620137214660644531e-01,7.287839055061340332e-01,8.207096457481384277e-01,7.263929247856140137e-01,1.048243165016174316e+00,1.173853635787963867e+00,1.486250162124633789e+00,1.729594588279724121e+00,2.049595355987548828e+00,2.303497314453125000e+00,2.688731908798217773e+00,2.748472929000854492e+00,2.523732662200927734e+00,2.664709806442260742e+00,2.463961601257324219e+00,1.529042243957519531e+00,1.306207776069641113e+00,1.376444458961486816e+00,1.184812307357788086e+00,1.411051511764526367e+00,1.504257082939147949e+00,1.737860083580017090e+00,1.962482213973999023e+00,2.230997800827026367e+00,2.485120773315429688e+00,2.851374626159667969e+00,2.963971853256225586e+00,2.808438062667846680e+00,2.978488683700561523e+00,2.855703353881835938e+00,2.147384881973266602e+00,1.932166814804077148e+00,1.938047409057617188e+00,1.705408811569213867e+00,1.864120483398437500e+00,1.916682481765747070e+00,2.086058855056762695e+00,2.278373718261718750e+00,2.495484352111816406e+00,2.743164300918579102e+00,3.072631597518920898e+00,3.231721639633178711e+00,3.145965814590454102e+00,3.335868120193481445e+00,3.292752504348754883e+00,2.880556344985961914e+00,2.629684686660766602e+00,2.538475036621093750e+00,2.264041662216186523e+00,2.367874860763549805e+00,2.376572132110595703e+00,2.499317169189453125e+00,2.660395145416259766e+00,2.821877479553222656e+00,3.068852901458740234e+00,3.340964317321777344e+00,3.539051532745361328e+00,3.521537065505981445e+00,3.724108219146728516e+00,3.763393878936767578e+00
7.060474157333374023e-01,3.807635307312011719e-01,0.000000000000000000e+00,3.845786750316619873e-01,6.936495304107666016e-01,9.091624021530151367e-01,1.261262893676757812e+00,1.542548894882202148e+00,1.883583903312683105e+00,2.156443119049072266e+00,2.535294294357299805e+00,2.572941780090332031e+00,2.303265571594238281e+00,2.440122604370117188e+00,2.155621767044067383e+00,1.004729509353637695e+00,7.658911943435668945e-01,6.666337251663208008e-01,4.731834530830383301e-01,7.660040855407714844e-01,9.901544451713562012e-01,1.291076064109802246e+00,1.594295740127563477e+00,1.904415011405944824e+00,2.198951721191406250e+00,2.579737663269042969e+00,2.666816234588623047e+00,2.451978683471679688e+00,2.623321771621704102e+00,2.426030397415161133e+00,1.457069873809814453e+00,1.245695352554321289e+00,1.215842723846435547e+00,9.622043371200561523e-01,1.136612176895141602e+00,1.285303950309753418e+00,1.497231483459472656e+00,1.772430777549743652e+00,2.030097246170043945e+00,2.323266744613647461e+00,2.687407493591308594e+00,2.828023672103881836e+00,2.682447433471679688e+00,2.883697509765625000e+00,2.764866590499877930e+00,2.034862995147705078e+00,1.834641337394714355e+00,1.778003692626953125e+00,1.502554893493652344e+00,1.609906196594238281e+00,1.690277457237243652e+00,1.829342126846313477e+00,2.056423425674438477e+00,2.257286787033081055e+00,2.537866353988647461e+00,2.864565849304199219e+00,3.051058292388916016e+00,2.978030443191528320e+00,3.198274374008178711e+00,3.162651300430297852e+00,2.740642070770263672e+00,2.506473064422607422e+00,2.376958131790161133e+00,2.073116540908813477e+00,2.130364656448364258e+00,2.151166200637817383e+00,2.239095211029052734e+00,2.420590639114379883e+00,2.560318231582641602e+00,2.832659721374511719e+00,3.096854209899902344e+00,3.321089267730712891e+00,3.319945335388183594e+00,3.550779819488525391e+00,3.602320194244384766e+00
8.740815520286560059e-01,5.428794026374816895e-01,3.845786750316619873e-01,0.000000000000000000e+00,3.831611871719360352e-01,6.043865680694580078e-01,9.359158873558044434e-01,1.241427779197692871e+00,1.562242269515991211e+00,1.854333758354187012e+00,2.233945608139038086e+00,2.308379173278808594e+00,2.069930076599121094e+00,2.249951839447021484e+00,2.006925106048583984e+00,1.060089588165283203e+00,9.535868763923645020e-01,9.185590744018554688e-01,5.934196114540100098e-01,7.148041725158691406e-01,8.459701538085937500e-01,1.073831439018249512e+00,1.363314867019653320e+00,1.637683272361755371e+00,1.937318205833435059e+00,2.311746835708618164e+00,2.430206537246704102e+00,2.253225803375244141e+00,2.457174777984619141e+00,2.307956218719482422e+00,1.556736230850219727e+00,1.431772351264953613e+00,1.440482735633850098e+00,1.123551964759826660e+00,1.195638775825500488e+00,1.252411842346191406e+00,1.385302305221557617e+00,1.616820573806762695e+00,1.827818512916564941e+00,2.110260009765625000e+00,2.458329439163208008e+00,2.622684001922607422e+00,2.516942739486694336e+00,2.738950729370117188e+00,2.666664123535156250e+00,2.139709949493408203e+00,2.001506805419921875e+00,1.980177402496337891e+00,1.665008902549743652e+00,1.708223700523376465e+00,1.712655544281005859e+00,1.790583968162536621e+00,1.962016820907592773e+00,2.117342948913574219e+00,2.374189138412475586e+00,2.676247835159301758e+00,2.877165555953979492e+00,2.841683864593505859e+00,3.071310281753540039e+00,3.078423500061035156e+00,2.840938806533813477e+00,2.647936582565307617e+00,2.553598642349243164e+00,2.223344564437866211e+00,2.239392280578613281e+00,2.197855234146118164e+00,2.243945121765136719e+00,2.370640516281127930e+00,2.473063230514526367e+00,2.713289976119995117e+00,2.949124574661254883e+00,3.176118850708007812e+00,3.206237077713012695e+00,3.433091163635253906e+00,3.519416332244873047e+00
1.193148136138916016e+00,9.006172418594360352e-01,6.936495304107666016e-01,3.831611871719360352e-01,0.000000000000000000e+00,3.787114620208740234e-01,6.206622123718261719e-01,9.701548814773559570e-01,1.258964300155639648e+00,1.579072952270507812e+00,1.941510319709777832e+00,2.044336080551147461e+00,1.833441376686096191e+00,2.051843404769897461e+00,1.843578815460205078e+00,1.114812612533569336e+00,1.112484931945800781e+00,1.039775848388671875e+00,6.513261795043945312e-01,5.388143658638000488e-01,6.023875474929809570e-01,7.326179146766662598e-01,1.044749736785888672e+00,1.288483858108520508e+00,1.612839341163635254e+00,1.977480053901672363e+00,2.124250173568725586e+00,1.974567770957946777e+00,2.213614940643310547e+00,2.098081827163696289e+00,1.517056345939636230e+00,1.479467153549194336e+00,1.471659898757934570e+00,1.102777123451232910e+00,1.049466371536254883e+00,1.039587259292602539e+00,1.085121035575866699e+00,1.301560878753662109e+00,1.474268674850463867e+00,1.768115043640136719e+00,2.104980468750000000e+00,2.293700456619262695e+00,2.215581655502319336e+00,2.465760469436645508e+00,2.425259828567504883e+00,2.049792051315307617e+00,1.977902531623840332e+00,1.958730101585388184e+00,1.604601502418518066e+00,1.566920280456542969e+00,1.514447450637817383e+00,1.526285648345947266e+00,1.664474368095397949e+00,1.780308365821838379e+00,2.033433437347412109e+00,2.319596529006958008e+00,2.538101196289062500e+00,2.529699087142944336e+00,2.778795242309570312e+00,2.816272974014282227e+00,2.713286399841308594e+00,2.567705392837524414e+00,2.488652706146240234e+00,2.131480693817138672e+00,2.092208862304687500e+00,2.002428531646728516e+00,2.000623464584350586e+00,2.089679479598999023e+00,2.157728195190429688e+00,2.383047819137573242e+00,2.599065303802490234e+00,2.834706068038940430e+00,2.888757705688476562e+00,3.124450683593750000e+00,3.237230062484741211e+00
1.201056599617004395e+00,9.991821050643920898e-01,9.091624021530151367e-01,6.043865680694580078e-01,3.787114620208740234e-01,0.000000000000000000e+00,3.775167465209960938e-01,6.403542160987854004e-01,9.762716889381408691e-01,1.256373047828674316e+00,1.634502410888671875e+00,1.708035230636596680e+00,1.484064817428588867e+00,1.697285056114196777e+00,1.499297738075256348e+00,9.654592871665954590e-01,1.086629867553710938e+00,1.128866195678710938e+00,7.871766090393066406e-01,6.777735352516174316e-01,5.060880184173583984e-01,6.128836870193481445e-01,8.058207631111145020e-01,1.073987483978271484e+00,1.345947504043579102e+00,1.722174048423767090e+00,1.837123155593872070e+00,1.679318666458129883e+00,1.904404759407043457e+00,1.803913712501525879e+00,1.405307888984680176e+00,1.437426805496215820e+00,1.520862340927124023e+00,1.176237583160400391e+00,1.129481077194213867e+00,9.968231916427612305e-01,1.039617657661437988e+00,1.152511477470397949e+00,1.335202217102050781e+00,1.568487405776977539e+00,1.909771084785461426e+00,2.063022851943969727e+00,1.978899717330932617e+00,2.205397605895996094e+00,2.178279876708984375e+00,1.948980093002319336e+00,1.918232798576354980e+00,1.974538922309875488e+00,1.636322975158691406e+00,1.613001942634582520e+00,1.483424425125122070e+00,1.507361650466918945e+00,1.569725394248962402e+00,1.697937369346618652e+00,1.894379019737243652e+00,2.181745052337646484e+00,2.362249612808227539e+00,2.344610929489135742e+00,2.563443183898925781e+00,2.608315944671630859e+00,2.619609117507934570e+00,2.493473768234252930e+00,2.474983215332031250e+00,2.129444360733032227e+00,2.111091613769531250e+00,1.969818592071533203e+00,1.991121411323547363e+00,2.026519060134887695e+00,2.114172458648681641e+00,2.290871143341064453e+00,2.513421535491943359e+00,2.709200620651245117e+00,2.747374773025512695e+00,2.948347568511962891e+00,3.058661699295043945e+00
1.572901368141174316e+00,1.371536374092102051e+00,1.261262893676757812e+00,9.359158873558044434e-01,6.206622123718261719e-01,3.775167465209960938e-01,0.000000000000000000e+00,3.857921659946441650e-01,6.384785175323486328e-01,9.672267436981201172e-01,1.324758768081665039e+00,1.455882430076599121e+00,1.292895555496215820e+00,1.568464398384094238e+00,1.446076273918151855e+00,1.251402020454406738e+00,1.427207469940185547e+00,1.450530409812927246e+00,1.103224277496337891e+00,8.824642896652221680e-01,6.409951448440551758e-01,4.995148777961730957e-01,5.971985459327697754e-01,7.613331675529479980e-01,1.048472523689270020e+00,1.405002236366271973e+00,1.569623947143554688e+00,1.473152875900268555e+00,1.746692419052124023e+00,1.715556383132934570e+00,1.596683382987976074e+00,1.700338363647460938e+00,1.774249553680419922e+00,1.417195200920104980e+00,1.277018070220947266e+00,1.072972893714904785e+00,9.834131002426147461e-01,1.006752252578735352e+00,1.092917084693908691e+00,1.304709553718566895e+00,1.613603472709655762e+00,1.801160097122192383e+00,1.773720264434814453e+00,2.031029701232910156e+00,2.063392400741577148e+00,2.069651365280151367e+00,2.105161428451538086e+00,2.169309854507446289e+00,1.815509557723999023e+00,1.721842765808105469e+00,1.530014872550964355e+00,1.470110177993774414e+00,1.456124901771545410e+00,1.510630726814270020e+00,1.669296383857727051e+00,1.916277647018432617e+00,2.114582777023315430e+00,2.145344257354736328e+00,2.379143953323364258e+00,2.474668741226196289e+00,2.683844566345214844e+00,2.610648632049560547e+00,2.615199804306030273e+00,2.256909608840942383e+00,2.187573671340942383e+00,1.992579340934753418e+00,1.958116650581359863e+00,1.929039239883422852e+00,1.964234948158264160e+00,2.097336530685424805e+00,2.279723644256591797e+00,2.476980447769165039e+00,2.552404880523681641e+00,2.752054691314697266e+00,2.901980876922607422e+00
1.726365327835083008e+00,1.595759034156799316e+00,1.542548894882202148e+00,1.241427779197692871e+00,9.701548814773559570e-01,6.403542160987854004e-01,3.857921659946441650e-01,0.000000000000000000e+00,3.790504336357116699e-01,6.168777942657470703e-01,9.952651262283325195e-01,1.086824178695678711e+00,9.187354445457458496e-01,1.206126332283020020e+00,1.128124713897705078e+00,1.283584952354431152e+00,1.545617461204528809e+00,1.637145996093750000e+00,1.342379212379455566e+00,1.143143177032470703e+00,8.118897080421447754e-01,6.521031856536865234e-01,4.904181361198425293e-01,6.198771595954895020e-01,7.807747721672058105e-01,1.141343832015991211e+00,1.260427236557006836e+00,1.165665864944458008e+00,1.426984190940856934e+00,1.434411883354187012e+00,1.592808961868286133e+00,1.763717412948608398e+00,1.901960015296936035e+00,1.584013223648071289e+00,1.452558398246765137e+00,1.168095707893371582e+00,1.074159741401672363e+00,9.592384099960327148e-01,1.030721426010131836e+00,1.132024645805358887e+00,1.428017616271972656e+00,1.563500285148620605e+00,1.536132574081420898e+00,1.762156605720520020e+00,1.821035265922546387e+00,2.029743432998657227e+00,2.114233016967773438e+00,2.242340803146362305e+00,1.916498303413391113e+00,1.832880377769470215e+00,1.578839421272277832e+00,1.527290344238281250e+00,1.425543665885925293e+00,1.483406305313110352e+00,1.559013843536376953e+00,1.793987154960632324e+00,1.938838362693786621e+00,1.961271882057189941e+00,2.155169010162353516e+00,2.263851642608642578e+00,2.618044853210449219e+00,2.574386358261108398e+00,2.638588428497314453e+00,2.301199436187744141e+00,2.247917652130126953e+00,2.007097482681274414e+00,1.992189049720764160e+00,1.903497338294982910e+00,1.955158114433288574e+00,2.025195598602294922e+00,2.207618236541748047e+00,2.352421998977661133e+00,2.409288167953491211e+00,2.565120458602905273e+00,2.713177442550659180e+00
2.097288370132446289e+00,1.952866792678833008e+00,1.883583903312683105e+00,1.562242269515991211e+00,1.258964300155639648e+00,9.762716889381408691e-01,6.384785175323486328e-01,3.790504336357116699e-01,0.000000000000000000e+00,3.781234323978424072e-01,6.980138421058654785e-01,9.014331102371215820e-01,8.658000230789184570e-01,1.218239784240722656e+00,1.253782987594604492e+00,1.650834679603576660e+00,1.919746160507202148e+00,1.991745233535766602e+00,1.684848427772521973e+00,1.440384626388549805e+00,1.122146725654602051e+00,8.625983595848083496e-01,6.284022927284240723e-01,5.043968558311462402e-01,5.877502560615539551e-01,8.754625320434570312e-01,1.071348786354064941e+00,1.090403318405151367e+00,1.397639393806457520e+00,1.499983072280883789e+00,1.901122212409973145e+00,2.104259014129638672e+00,2.226767301559448242e+00,1.902556061744689941e+00,1.720026016235351562e+00,1.418048620223999023e+00,1.235959172248840332e+00,1.045564293861389160e+00,9.788322448730468750e-01,1.005751967430114746e+00,1.220609068870544434e+00,1.393428564071655273e+00,1.452933788299560547e+00,1.702813863754272461e+00,1.837254643440246582e+00,2.272155523300170898e+00,2.401693105697631836e+00,2.527852535247802734e+00,2.196467399597167969e+00,2.064372301101684570e+00,1.779081225395202637e+00,1.659022212028503418e+00,1.488977193832397461e+00,1.457558989524841309e+00,1.468544840812683105e+00,1.631682753562927246e+00,1.788067698478698730e+00,1.874374032020568848e+00,2.075020551681518555e+00,2.243788003921508789e+00,2.795772314071655273e+00,2.798314094543457031e+00,2.877829074859619141e+00,2.536907434463500977e+00,2.442841768264770508e+00,2.166489601135253906e+00,2.100620746612548828e+00,1.951484560966491699e+00,1.943683981895446777e+00,1.954941868782043457e+00,2.079318284988403320e+00,2.216628313064575195e+00,2.317649841308593750e+00,2.463303565979003906e+00,2.655946731567382812e+00
2.279422521591186523e+00,2.186972856521606445e+00,2.156443119049072266e+00,1.854333758354187012e+00,1.579072952270507812e+00,1.256373047828674316e+00,9.672267436981201172e-01,6.168777942657470703e-01,3.781234323978424072e-01,0.000000000000000000e+00,3.926791846752166748e-01,5.426732897758483887e-01,5.677955150604248047e-01,9.320183396339416504e-01,1.060310959815979004e+00,1.767436385154724121e+00,2.083137989044189453e+00,2.202017068862915039e+00,1.935920715332031250e+00,1.716956257820129395e+00,1.365005731582641602e+00,1.138785243034362793e+00,8.162463903427124023e-01,6.840024590492248535e-01,5.223057270050048828e-01,7.295247912406921387e-01,8.375875353813171387e-01,8.867515921592712402e-01,1.157461166381835938e+00,1.321187019348144531e+00,1.980264902114868164e+00,2.224782466888427734e+00,2.393996953964233398e+00,2.107297658920288086e+00,1.943877458572387695e+00,1.605710029602050781e+00,1.445524692535400391e+00,1.178269386291503906e+00,1.111595988273620605e+00,1.005513668060302734e+00,1.169031143188476562e+00,1.256361842155456543e+00,1.319871544837951660e+00,1.514080762863159180e+00,1.681547284126281738e+00,2.307191371917724609e+00,2.472161293029785156e+00,2.648645162582397461e+00,2.349490404129028320e+00,2.234956264495849609e+00,1.916001677513122559e+00,1.815952777862548828e+00,1.587094545364379883e+00,1.566239118576049805e+00,1.491316318511962891e+00,1.628944993019104004e+00,1.711354494094848633e+00,1.784347891807556152e+00,1.927565097808837891e+00,2.107772588729858398e+00,2.792813777923583984e+00,2.820730447769165039e+00,2.951669454574584961e+00,2.637918710708618164e+00,2.564058542251586914e+00,2.260103940963745117e+00,2.218421697616577148e+00,2.025489091873168945e+00,2.037833213806152344e+00,1.987734556198120117e+00,2.108930826187133789e+00,2.182519912719726562e+00,2.257937669754028320e+00,2.348384857177734375e+00,2.533669471740722656e+00
2.666729688644409180e+00,2.576915502548217773e+00,2.535294294357299805e+00,2.233945608139038086e+00,1.941510319709777832e+00,1.634502410888671875e+00,1.324758768081665039e+00,9.952651262283325195e-01,6.980138421058654785e-01,3.926791846752166748e-01,0.000000000000000000e+00,3.850015699863433838e-01,6.482484340667724609e-01,9.846111536026000977e-01,1.223247766494750977e+00,2.116265535354614258e+00,2.444744110107421875e+00,2.553690433502197266e+00,2.294282197952270508e+00,2.050734758377075195e+00,1.700395703315734863e+00,1.439865112304687500e+00,1.094979763031005859e+00,8.662362098693847656e-01,5.747528076171875000e-01,5.360421538352966309e-01,6.516848802566528320e-01,8.532697558403015137e-01,1.116897463798522949e+00,1.377478837966918945e+00,2.259392499923706055e+00,2.536705970764160156e+00,2.700870037078857422e+00,2.424377918243408203e+00,2.231359481811523438e+00,1.878824949264526367e+00,1.677934408187866211e+00,1.360119462013244629e+00,1.212004661560058594e+00,9.983685612678527832e-01,1.029976129531860352e+00,1.090773105621337891e+00,1.238592386245727539e+00,1.416517496109008789e+00,1.658863544464111328e+00,2.509128332138061523e+00,2.718554735183715820e+00,2.903239727020263672e+00,2.614400625228881836e+00,2.470149755477905273e+00,2.126274108886718750e+00,1.988676428794860840e+00,1.702128171920776367e+00,1.622536301612854004e+00,1.461762428283691406e+00,1.515009522438049316e+00,1.560987710952758789e+00,1.681074261665344238e+00,1.798316836357116699e+00,2.031645298004150391e+00,2.914177656173706055e+00,2.989940643310546875e+00,3.146504640579223633e+00,2.844080924987792969e+00,2.745343208312988281e+00,2.412105560302734375e+00,2.341712713241577148e+00,2.092891216278076172e+00,2.068152427673339844e+00,1.945387840270996094e+00,2.013207674026489258e+00,2.044222593307495117e+00,2.141727924346923828e+00,2.195635795593261719e+00,2.412501573562622070e+00
2.629213333129882812e+00,2.588861942291259766e+00,2.572941780090332031e+00,2.308379173278808594e+00,2.044336080551147461e+00,1.708035230636596680e+00,1.455882430076599121e+00,1.086824178695678711e+00,9.014331102371215820e-01,5.426732897758483887e-01,3.850015699863433838e-01,0.000000000000000000e+00,3.648979365825653076e-01,6.301569938659667969e-01,9.255465865135192871e-01,2.008032083511352539e+00,2.366337060928344727e+00,2.509797811508178711e+00,2.300413131713867188e+00,2.090659856796264648e+00,1.719718337059020996e+00,1.516008019447326660e+00,1.139051437377929688e+00,1.005835294723510742e+00,6.588540077209472656e-01,6.548011302947998047e-01,5.272774100303649902e-01,6.307686567306518555e-01,8.008816242218017578e-01,1.076389074325561523e+00,2.102911710739135742e+00,2.406353950500488281e+00,2.609377622604370117e+00,2.377566814422607422e+00,2.218164920806884766e+00,1.847826004028320312e+00,1.701244592666625977e+00,1.358417868614196777e+00,1.287775039672851562e+00,1.028806924819946289e+00,1.096295237541198730e+00,1.026608705520629883e+00,1.085386753082275391e+00,1.177160263061523438e+00,1.398128867149353027e+00,2.316120862960815430e+00,2.542330741882324219e+00,2.769728183746337891e+00,2.519357204437255859e+00,2.409899711608886719e+00,2.053823232650756836e+00,1.967258214950561523e+00,1.667253494262695312e+00,1.653685688972473145e+00,1.466365933418273926e+00,1.560852289199829102e+00,1.523605942726135254e+00,1.567156434059143066e+00,1.618169784545898438e+00,1.812903642654418945e+00,2.701330423355102539e+00,2.781584978103637695e+00,2.978251695632934570e+00,2.707743644714355469e+00,2.646096706390380859e+00,2.307974338531494141e+00,2.287656068801879883e+00,2.035450458526611328e+00,2.069627285003662109e+00,1.934650301933288574e+00,2.049232006072998047e+00,2.026340007781982422e+00,2.057105064392089844e+00,2.065479278564453125e+00,2.235296487808227539e+00
2.322016239166259766e+00,2.306601524353027344e+00,2.303265571594238281e+00,2.069930076599121094e+00,1.833441376686096191e+00,1.484064817428588867e+00,1.292895555496215820e+00,9.187354445457458496e-01,8.658000230789184570e-01,5.677955150604248047e-01,6.482484340667724609e-01,3.648979365825653076e-01,0.000000000000000000e+00,3.712879717350006104e-01,5.782938003540039062e-01,1.666011452674865723e+00,2.033720016479492188e+00,2.195463657379150391e+00,2.016325712203979492e+00,1.840104460716247559e+00,1.462797522544860840e+00,1.320924282073974609e+00,9.498912692070007324e-01,9.417058825492858887e-01,6.612435579299926758e-01,8.256084322929382324e-01,6.562980413436889648e-01,5.343448519706726074e-01,6.625574827194213867e-01,8.274792432785034180e-01,1.761380076408386230e+00,2.062274694442749023e+00,2.286303281784057617e+00,2.075530052185058594e+00,1.952228307723999023e+00,1.582975029945373535e+00,1.497236371040344238e+00,1.177529573440551758e+00,1.209635972976684570e+00,1.010266065597534180e+00,1.192081570625305176e+00,1.104201793670654297e+00,1.045231580734252930e+00,1.119286537170410156e+00,1.248131275177001953e+00,2.004687547683715820e+00,2.210891246795654297e+00,2.453456401824951172e+00,2.216828823089599609e+00,2.144669532775878906e+00,1.799595475196838379e+00,1.768283486366271973e+00,1.504717111587524414e+00,1.570371627807617188e+00,1.438525080680847168e+00,1.617583274841308594e+00,1.580210685729980469e+00,1.550342440605163574e+00,1.601973295211791992e+00,1.727251887321472168e+00,2.441351890563964844e+00,2.488000392913818359e+00,2.684241771697998047e+00,2.420708179473876953e+00,2.394545555114746094e+00,2.075565576553344727e+00,2.102367877960205078e+00,1.892265081405639648e+00,1.984347105026245117e+00,1.902483105659484863e+00,2.080369710922241211e+00,2.071708917617797852e+00,2.056146860122680664e+00,2.082137346267700195e+00,2.203322410583496094e+00
2.375897884368896484e+00,2.414486169815063477e+00,2.440122604370117188e+00,2.249951839447021484e+00,2.051843404769897461e+00,1.697285056114196777e+00,1.568464398384094238e+00,1.206126332283020020e+00,1.218239784240722656e+00,9.320183396339416504e-01,9.846111536026000977e-01,6.301569938659667969e-01,3.712879717350006104e-01,0.000000000000000000e+00,3.766269385814666748e-01,1.673131346702575684e+00,2.058056116104125977e+00,2.255127668380737305e+00,2.136489868164062500e+00,2.004799842834472656e+00,1.632407546043395996e+00,1.555633902549743652e+00,1.202011585235595703e+00,1.257679224014282227e+00,9.851596951484680176e-01,1.116905570030212402e+00,8.471454381942749023e-01,6.344898939132690430e-01,5.366729497909545898e-01,6.447592377662658691e-01,1.709376573562622070e+00,2.028240442276000977e+00,2.292813777923583984e+00,2.140347719192504883e+00,2.060884952545166016e+00,1.695402383804321289e+00,1.672089576721191406e+00,1.359928727149963379e+00,1.452506542205810547e+00,1.238737583160400391e+00,1.417210102081298828e+00,1.239899873733520508e+00,1.097530961036682129e+00,1.051602721214294434e+00,1.118212223052978516e+00,1.902103424072265625e+00,2.119879245758056641e+00,2.409176826477050781e+00,2.225046396255493164e+00,2.196942567825317383e+00,1.855809211730957031e+00,1.882201433181762695e+00,1.623948097229003906e+00,1.746219038963317871e+00,1.599316596984863281e+00,1.796036601066589355e+00,1.689924716949462891e+00,1.588022351264953613e+00,1.562867641448974609e+00,1.628130793571472168e+00,2.308024644851684570e+00,2.355567216873168945e+00,2.596590995788574219e+00,2.377471208572387695e+00,2.396825075149536133e+00,2.085121870040893555e+00,2.166756629943847656e+00,1.964008450508117676e+00,2.109367847442626953e+00,2.018946647644042969e+00,2.228232145309448242e+00,2.170983076095581055e+00,2.092801094055175781e+00,2.070553302764892578e+00,2.133940696716308594e+00
2.062854051589965820e+00,2.123477935791015625e+00,2.155621767044067383e+00,2.006925106048583984e+00,1.843578815460205078e+00,1.499297738075256348e+00,1.446076273918151855e+00,1.128124713897705078e+00,1.253782987594604492e+00,1.060310959815979004e+00,1.223247766494750977e+00,9.255465865135192871e-01,5.782938003540039062e-01,3.766269385814666748e-01,0.000000000000000000e+00,1.324282884597778320e+00,1.711721897125244141e+00,1.921513319015502930e+00,1.840570092201232910e+00,1.750165343284606934e+00,1.392629861831665039e+00,1.393591523170471191e+00,1.092067003250122070e+00,1.258922100067138672e+00,1.083470106124877930e+00,1.310826420783996582e+00,1.078701138496398926e+00,7.751333117485046387e-01,6.858217120170593262e-01,5.693696737289428711e-01,1.355503678321838379e+00,1.665491461753845215e+00,1.948751807212829590e+00,1.821587920188903809e+00,1.785964012145996094e+00,1.439396739006042480e+00,1.489861130714416504e+00,1.235242962837219238e+00,1.422427177429199219e+00,1.292834997177124023e+00,1.551592946052551270e+00,1.400246977806091309e+00,1.186357855796813965e+00,1.157105565071105957e+00,1.109497308731079102e+00,1.595349073410034180e+00,1.779130816459655762e+00,2.078249931335449219e+00,1.907965064048767090e+00,1.923531770706176758e+00,1.609235882759094238e+00,1.698045730590820312e+00,1.501149415969848633e+00,1.695358157157897949e+00,1.621031522750854492e+00,1.883463263511657715e+00,1.803080320358276367e+00,1.653252482414245605e+00,1.653223633766174316e+00,1.648802161216735840e+00,2.074549913406372070e+00,2.073771953582763672e+00,2.301331281661987305e+00,2.086008548736572266e+00,2.143719434738159180e+00,1.865143775939941406e+00,1.994136810302734375e+00,1.851037621498107910e+00,2.045474767684936523e+00,2.020180463790893555e+00,2.278658390045166016e+00,2.252341508865356445e+00,2.146709918975830078e+00,2.159921646118164062e+00,2.183645963668823242e+00
8.758258819580078125e-01,9.620137214660644531e-01,1.004729509353637695e+00,1.060089588165283203e+00,1.114812612533569336e+00,9.654592871665954590e-01,1.251402020454406738e+00,1.283584952354431152e+00,1.650834679603576660e+00,1.767436385154724121e+00,2.116265535354614258e+00,2.008032083511352539e+00,1.666011452674865723e+00,1.673131346702575684e+00,1.324282884597778320e+00,0.000000000000000000e+00,3.878302276134490967e-01,6.772342920303344727e-01,7.377988100051879883e-01,9.283649325370788574e-01,8.222014307975769043e-01,1.164173126220703125e+00,1.256443500518798828e+00,1.631387591361999512e+00,1.783005595207214355e+00,2.157083272933959961e+00,2.104402780532836914e+00,1.803168177604675293e+00,1.860235333442687988e+00,1.595089316368103027e+00,6.685966253280639648e-01,6.243683695793151855e-01,9.123609662055969238e-01,8.059255480766296387e-01,1.032573223114013672e+00,9.556956887245178223e-01,1.270495653152465820e+00,1.388396978378295898e+00,1.734496593475341797e+00,1.904964566230773926e+00,2.284200668334960938e+00,2.293925046920776367e+00,2.060825347900390625e+00,2.159747600555419922e+00,1.982194542884826660e+00,1.304486513137817383e+00,1.168619275093078613e+00,1.332351326942443848e+00,1.139737606048583984e+00,1.336677670478820801e+00,1.277698397636413574e+00,1.528829693794250488e+00,1.650375366210937500e+00,1.947970509529113770e+00,2.131847620010375977e+00,2.492049932479858398e+00,2.560184240341186523e+00,2.399409055709838867e+00,2.527538776397705078e+00,2.434412240982055664e+00,2.047030448913574219e+00,1.827419877052307129e+00,1.847525715827941895e+00,1.597478628158569336e+00,1.751307368278503418e+00,1.690253138542175293e+00,1.892036914825439453e+00,2.005917549133300781e+00,2.246495485305786133e+00,2.444966793060302734e+00,2.764369964599609375e+00,2.884729862213134766e+00,2.793879270553588867e+00,2.945035457611083984e+00,2.933416128158569336e+00
6.442446708679199219e-01,7.287839055061340332e-01,7.658911943435668945e-01,9.535868763923645020e-01,1.112484931945800781e+00,1.086629867553710938e+00,1.427207469940185547e+00,1.545617461204528809e+00,1.919746160507202148e+00,2.083137989044189453e+00,2.444744110107421875e+00,2.366337060928344727e+00,2.033720016479492188e+00,2.058056116104125977e+00,1.711721897125244141e+00,3.878302276134490967e-01,0.000000000000000000e+00,4.035477638244628906e-01,5.932513475418090820e-01,9.193713068962097168e-01,9.686362147331237793e-01,1.343377470970153809e+00,1.522227168083190918e+00,1.895157456398010254e+00,2.094497203826904297e+00,2.475141763687133789e+00,2.451636075973510742e+00,2.159460783004760742e+00,2.232389688491821289e+00,1.961860418319702148e+00,8.370973467826843262e-01,5.964766144752502441e-01,7.852615118026733398e-01,7.141690254211425781e-01,1.035901784896850586e+00,1.097669124603271484e+00,1.433570265769958496e+00,1.632710695266723633e+00,1.976237416267395020e+00,2.194198369979858398e+00,2.577652454376220703e+00,2.616024732589721680e+00,2.388314485549926758e+00,2.504980802536010742e+00,2.316044807434082031e+00,1.453862190246582031e+00,1.226043939590454102e+00,1.297820329666137695e+00,1.121212363243103027e+00,1.362345218658447266e+00,1.407741785049438477e+00,1.671351790428161621e+00,1.864737749099731445e+00,2.160282850265502930e+00,2.389676094055175781e+00,2.753917694091796875e+00,2.850465059280395508e+00,2.694001436233520508e+00,2.843185424804687500e+00,2.738678216934204102e+00,2.193724870681762695e+00,1.928853631019592285e+00,1.875240802764892578e+00,1.634000778198242188e+00,1.802659034729003906e+00,1.817379236221313477e+00,2.019187927246093750e+00,2.193106889724731445e+00,2.428280830383300781e+00,2.670157194137573242e+00,2.990462303161621094e+00,3.140672445297241211e+00,3.056993246078491211e+00,3.233842372894287109e+00,3.217163324356079102e+00
8.839631676673889160e-01,8.207096457481384277e-01,6.666337251663208008e-01,9.185590744018554688e-01,1.039775848388671875e+00,1.128866195678710938e+00,1.450530409812927246e+00,1.637145996093750000e+00,1.991745233535766602e+00,2.202017068862915039e+00,2.553690433502197266e+00,2.509797811508178711e+00,2.195463657379150391e+00,2.255127668380737305e+00,1.921513319015502930e+00,6.772342920303344727e-01,4.035477638244628906e-01,0.000000000000000000e+00,3.932899236679077148e-01,7.205334901809692383e-01,9.109979867935180664e-01,1.277132511138916016e+00,1.531394720077514648e+00,1.890748858451843262e+00,2.139674901962280273e+00,2.514696121215820312e+00,2.525758266448974609e+00,2.247024774551391602e+00,2.355301141738891602e+00,2.088405132293701172e+00,8.802379369735717773e-01,6.110494732856750488e-01,5.617081522941589355e-01,4.193090200424194336e-01,7.654640674591064453e-01,9.552188515663146973e-01,1.288568973541259766e+00,1.566110730171203613e+00,1.901033997535705566e+00,2.170419931411743164e+00,2.551777601242065430e+00,2.624812602996826172e+00,2.407351255416870117e+00,2.560966253280639648e+00,2.371706247329711914e+00,1.419776082038879395e+00,1.180898427963256836e+00,1.127300977706909180e+00,8.971522450447082520e-01,1.107289791107177734e+00,1.234229803085327148e+00,1.481948733329772949e+00,1.742656826972961426e+00,2.027188301086425781e+00,2.305265903472900391e+00,2.669288158416748047e+00,2.800322532653808594e+00,2.655507087707519531e+00,2.842456817626953125e+00,2.740218877792358398e+00,2.122895240783691406e+00,1.861285805702209473e+00,1.731510043144226074e+00,1.455988764762878418e+00,1.579781651496887207e+00,1.641792893409729004e+00,1.812854170799255371e+00,2.035924911499023438e+00,2.252759695053100586e+00,2.537684202194213867e+00,2.853318691253662109e+00,3.038433790206909180e+00,2.970951318740844727e+00,3.185770750045776367e+00,3.178251504898071289e+00
9.218568205833435059e-01,7.263929247856140137e-01,4.731834530830383301e-01,5.934196114540100098e-01,6.513261795043945312e-01,7.871766090393066406e-01,1.103224277496337891e+00,1.342379212379455566e+00,1.684848427772521973e+00,1.935920715332031250e+00,2.294282197952270508e+00,2.300413131713867188e+00,2.016325712203979492e+00,2.136489868164062500e+00,1.840570092201232910e+00,7.377988100051879883e-01,5.932513475418090820e-01,3.932899236679077148e-01,0.000000000000000000e+00,3.920729160308837891e-01,6.256833076477050781e-01,9.707997441291809082e-01,1.268803119659423828e+00,1.606103420257568359e+00,1.890353322029113770e+00,2.268185853958129883e+00,2.327950239181518555e+00,2.089174747467041016e+00,2.250923395156860352e+00,2.034421920776367188e+00,1.047135353088378906e+00,8.995843529701232910e-01,8.546172380447387695e-01,5.325015783309936523e-01,6.866106986999511719e-01,8.254345059394836426e-01,1.080404996871948242e+00,1.366319179534912109e+00,1.660567164421081543e+00,1.952271580696105957e+00,2.326462507247924805e+00,2.444016695022583008e+00,2.272720813751220703e+00,2.469184398651123047e+00,2.332526683807373047e+00,1.596332430839538574e+00,1.436172604560852051e+00,1.388241291046142578e+00,1.077053308486938477e+00,1.162617921829223633e+00,1.219915866851806641e+00,1.378982663154602051e+00,1.612579822540283203e+00,1.844563722610473633e+00,2.127247571945190430e+00,2.471431970596313477e+00,2.639157295227050781e+00,2.542616367340087891e+00,2.760143280029296875e+00,2.709886312484741211e+00,2.290431976318359375e+00,2.079507350921630859e+00,1.965112924575805664e+00,1.641293525695800781e+00,1.684831857681274414e+00,1.683808684349060059e+00,1.782657384872436523e+00,1.963660478591918945e+00,2.127158641815185547e+00,2.401150941848754883e+00,2.685767889022827148e+00,2.895544290542602539e+00,2.873624086380004883e+00,3.103344678878784180e+00,3.142485141754150391e+00
1.272368669509887695e+00,1.048243165016174316e+00,7.660040855407714844e-01,7.148041725158691406e-01,5.388143658638000488e-01,6.777735352516174316e-01,8.824642896652221680e-01,1.143143177032470703e+00,1.440384626388549805e+00,1.716956257820129395e+00,2.050734758377075195e+00,2.090659856796264648e+00,1.840104460716247559e+00,2.004799842834472656e+00,1.750165343284606934e+00,9.283649325370788574e-01,9.193713068962097168e-01,7.205334901809692383e-01,3.920729160308837891e-01,0.000000000000000000e+00,3.778425157070159912e-01,6.407247185707092285e-01,9.854856729507446289e-01,1.290633559226989746e+00,1.605967044830322266e+00,1.969545722007751465e+00,2.064033508300781250e+00,1.856801629066467285e+00,2.062482357025146484e+00,1.884858489036560059e+00,1.111023187637329102e+00,1.086507558822631836e+00,1.006105899810791016e+00,6.154140830039978027e-01,5.119817852973937988e-01,5.842403173446655273e-01,7.377731800079345703e-01,1.049315214157104492e+00,1.309759497642517090e+00,1.629183530807495117e+00,1.992578029632568359e+00,2.143146991729736328e+00,2.003423929214477539e+00,2.239115476608276367e+00,2.139078855514526367e+00,1.580592632293701172e+00,1.508426308631896973e+00,1.449906706809997559e+00,1.081086993217468262e+00,1.031768321990966797e+00,1.021260380744934082e+00,1.087529063224792480e+00,1.305554270744323730e+00,1.495121717453002930e+00,1.790736556053161621e+00,2.120890855789184570e+00,2.316576242446899414e+00,2.252693176269531250e+00,2.501060724258422852e+00,2.487087488174438477e+00,2.222182989120483398e+00,2.071405410766601562e+00,1.966508626937866211e+00,1.603149414062500000e+00,1.561426639556884766e+00,1.502715468406677246e+00,1.531050801277160645e+00,1.678475618362426758e+00,1.798421621322631836e+00,2.069183349609375000e+00,2.332909822463989258e+00,2.562056541442871094e+00,2.571556568145751953e+00,2.820153236389160156e+00,2.892841339111328125e+00
1.340044736862182617e+00,1.173853635787963867e+00,9.901544451713562012e-01,8.459701538085937500e-01,6.023875474929809570e-01,5.060880184173583984e-01,6.409951448440551758e-01,8.118897080421447754e-01,1.122146725654602051e+00,1.365005731582641602e+00,1.700395703315734863e+00,1.719718337059020996e+00,1.462797522544860840e+00,1.632407546043395996e+00,1.392629861831665039e+00,8.222014307975769043e-01,9.686362147331237793e-01,9.109979867935180664e-01,6.256833076477050781e-01,3.778425157070159912e-01,0.000000000000000000e+00,3.773371577262878418e-01,6.445934176445007324e-01,9.870276451110839844e-01,1.267849087715148926e+00,1.643233060836791992e+00,1.716373562812805176e+00,1.504113316535949707e+00,1.711351037025451660e+00,1.554207921028137207e+00,1.025575160980224609e+00,1.112490773200988770e+00,1.145729660987854004e+00,7.914642095565795898e-01,6.670575141906738281e-01,4.909774065017700195e-01,5.994561314582824707e-01,7.926146984100341797e-01,1.068983197212219238e+00,1.341280221939086914e+00,1.713952779769897461e+00,1.840334892272949219e+00,1.700723290443420410e+00,1.927484035491943359e+00,1.850222826004028320e+00,1.502035260200500488e+00,1.499354124069213867e+00,1.532744646072387695e+00,1.177212476730346680e+00,1.118752360343933105e+00,9.784472584724426270e-01,1.028079152107238770e+00,1.139267206192016602e+00,1.331247568130493164e+00,1.570180058479309082e+00,1.901372551918029785e+00,2.068406105041503906e+00,2.004868507385253906e+00,2.233286142349243164e+00,2.238620042800903320e+00,2.146796703338623047e+00,2.032375097274780273e+00,2.001299858093261719e+00,1.643761992454528809e+00,1.607494235038757324e+00,1.466808557510375977e+00,1.501481175422668457e+00,1.569388508796691895e+00,1.696637392044067383e+00,1.910524964332580566e+00,2.174796104431152344e+00,2.369257211685180664e+00,2.373174190521240234e+00,2.591780662536621094e+00,2.673598289489746094e+00
