,A1,A2,A3,A4,A5,A6,A7,A8,A9,A10,A11,A12,A13,A14,A15,B1,B2,B3,B4,B5,B6,B7,B8,B9,B10,B11,B12,B13,B14,B15,C1,C2,C3,C4,C5,C6,C7,C8,C9,C10,C11,C12,C13,C14,C15,D1,D2,D3,D4,D5,D6,D7,D8,D9,D10,D11,D12,D13,D14,D15,E1,E2,E3,E4,E5,E6,E7,E8,E9,E10,E11,E12,E13,E14,E15
A1,0.0,0.37663641571998596,0.6334429979324341,0.9028141498565674,1.253281593322754,1.4626140594482422,1.8187601566314697,2.0540733337402344,2.412433624267578,2.647409677505493,3.0183868408203125,2.9778168201446533,2.6443724632263184,2.639158248901367,2.273127794265747,0.9162535071372986,0.7152146100997925,0.8753278851509094,1.0175527334213257,1.3604586124420166,1.5893142223358154,1.9127538204193115,2.175309181213379,2.5010836124420166,2.7554211616516113,3.134643077850342,3.133202314376831,2.8453593254089355,2.890540599822998,2.583970069885254,1.5351812839508057,1.2591359615325928,1.3215690851211548,1.358076810836792,1.6321312189102173,1.838295817375183,2.10880970954895,2.3743183612823486,2.661083459854126,2.920241355895996,3.2997395992279053,3.3532683849334717,3.1100363731384277,3.2003846168518066,2.9459621906280518,2.1362416744232178,1.820232629776001,1.8208948373794556,1.7838488817214966,2.0060160160064697,2.175583839416504,2.385932445526123,2.6357598304748535,2.868023633956909,3.1374552249908447,3.50178861618042,3.6135833263397217,3.4307734966278076,3.5585970878601074,3.3696036338806152,2.7604124546051025,2.3998990058898926,2.3567049503326416,2.239624500274658,2.439587354660034,2.5739707946777344,2.7261364459991455,2.9566495418548584,3.126919984817505,3.416816234588623,3.7035555839538574,3.928302049636841,3.8617677688598633,4.099578857421875,4.063100814819336
A2,0.37663641571998596,0.0,0.3824726939201355,0.5487236976623535,0.9136930108070374,1.092635989189148,1.4516454935073853,1.6807434558868408,2.038227081298828,2.27292799949646,2.6455225944519043,2.6139822006225586,2.2871973514556885,2.3041911125183105,1.945431113243103,0.8397113680839539,0.5650081038475037,0.7410184144973755,0.752891480922699,1.0823487043380737,1.2657175064086914,1.5797592401504517,1.8276056051254272,2.146500825881958,2.396188497543335,2.776106119155884,2.78340482711792,2.507777690887451,2.5732364654541016,2.2853951454162598,1.4770636558532715,1.1678022146224976,1.2425998449325562,1.1835740804672241,1.4226574897766113,1.5730494260787964,1.8225077390670776,2.0633983612060547,2.3364663124084473,2.5861587524414062,2.9631781578063965,3.0247926712036133,2.7976932525634766,2.9039409160614014,2.673109531402588,2.0761806964874268,1.7440167665481567,1.7641100883483887,1.6586335897445679,1.8469030857086182,1.960093379020691,2.1469199657440186,2.364623546600342,2.5799357891082764,2.8341619968414307,3.1925923824310303,3.3105037212371826,3.1466104984283447,3.284489393234253,3.1224334239959717,2.6988351345062256,2.3314921855926514,2.311231851577759,2.140294313430786,2.3138177394866943,2.3955953121185303,2.528501033782959,2.722792387008667,2.87680721282959,3.147050380706787,3.425238847732544,3.6485722064971924,3.6006436347961426,3.833643674850464,3.820908784866333
A3,0.6334429979324341,0.3824726939201355,0.0,0.37749895453453064,0.6544536352157593,0.9260852336883545,1.25556218624115,1.5346190929412842,1.8771026134490967,2.15228009223938,2.5138988494873047,2.5190210342407227,2.2082912921905518,2.261601209640503,1.9133250713348389,0.9818673729896545,0.6166882514953613,0.5738102793693542,0.48688867688179016,0.7614431381225586,1.0180450677871704,1.3113677501678467,1.6086974143981934,1.9178351163864136,2.2053186893463135,2.5830047130584717,2.6221060752868652,2.3598198890686035,2.46220326423645,2.181208372116089,1.4800714254379272,1.1207269430160522,1.0862905979156494,0.9458544850349426,1.1202243566513062,1.3041571378707886,1.525038480758667,1.8029321432113647,2.0648820400238037,2.3484716415405273,2.7234604358673096,2.813185930252075,2.5981698036193848,2.7391562461853027,2.5134153366088867,2.0095393657684326,1.6461642980575562,1.600141167640686,1.4352970123291016,1.5663342475891113,1.689044713973999,1.8410918712615967,2.080860137939453,2.279264211654663,2.5606932640075684,2.9150540828704834,3.058159589767456,2.905503273010254,3.0744435787200928,2.9161531925201416,2.5754358768463135,2.193525791168213,2.130962610244751,1.9235936403274536,2.048755168914795,2.127192497253418,2.223308563232422,2.4253180027008057,2.5580239295959473,2.8458993434906006,3.1129541397094727,3.3560397624969482,3.321186065673828,3.5766780376434326,3.57601261138916
A4,0.9028141498565674,0.5487236976623535,0.37749895453453064,0.0,0.3721819818019867,0.5896856188774109,0.924797534942627,1.200355052947998,1.5369075536727905,1.8112987279891968,2.181591749191284,2.2022228240966797,1.905374526977539,1.9939134120941162,1.6649090051651,1.108526587486267,0.7805225253105164,0.79742032289505,0.5339398980140686,0.7025420069694519,0.8380115032196045,1.0919222831726074,1.3556644916534424,1.6433894634246826,1.9205236434936523,2.2998576164245605,2.354168653488159,2.1159913539886475,2.2460508346557617,2.000900983810425,1.6172908544540405,1.270544409751892,1.2795298099517822,1.0544180870056152,1.1607282161712646,1.2365422248840332,1.4066261053085327,1.631208062171936,1.8602581024169922,2.1235227584838867,2.4918484687805176,2.5948896408081055,2.408946990966797,2.5684542655944824,2.3823888301849365,2.1394331455230713,1.7848360538482666,1.7786757946014404,1.5597285032272339,1.6476770639419556,1.6851133108139038,1.7967524528503418,1.9778894186019897,2.1428487300872803,2.3949356079101562,2.7360496520996094,2.8882739543914795,2.7668297290802,2.9448556900024414,2.8276898860931396,2.7031009197235107,2.328397274017334,2.302272081375122,2.0519518852233887,2.149421215057373,2.1597464084625244,2.2299787998199463,2.3754358291625977,2.4808285236358643,2.7347633838653564,2.984866142272949,3.224900007247925,3.2186405658721924,3.462730646133423,3.4946582317352295
A5,1.253281593322754,0.9136930108070374,0.6544536352157593,0.3721819818019867,0.0,0.38797420263290405,0.6291800141334534,0.9626011252403259,1.2639132738113403,1.5788947343826294,1.9342916011810303,2.001922845840454,1.7376089096069336,1.8801746368408203,1.5866423845291138,1.3676470518112183,1.040477991104126,0.956755518913269,0.5954352617263794,0.5310031175613403,0.6193153262138367,0.780189573764801,1.0749608278274536,1.328596830368042,1.639253854751587,2.012556791305542,2.1086909770965576,1.9031062126159668,2.084120273590088,1.8735392093658447,1.7604396343231201,1.4088983535766602,1.3599342107772827,1.0477261543273926,1.0284916162490845,1.0491197109222412,1.134057641029358,1.353695034980774,1.5420362949371338,1.8261405229568481,2.1849300861358643,2.3238887786865234,2.170114278793335,2.372589588165283,2.2182557582855225,2.204303026199341,1.8452743291854858,1.808749794960022,1.5239564180374146,1.5275852680206299,1.514518141746521,1.557750940322876,1.7157870531082153,1.8373318910598755,2.095395803451538,2.4215941429138184,2.6030638217926025,2.5124924182891846,2.723684549331665,2.635603904724121,2.705415964126587,2.3329944610595703,2.2933349609375,1.997915506362915,2.0333213806152344,1.9976322650909424,2.0146777629852295,2.1274523735046387,2.1928319931030273,2.4394683837890625,2.666820526123047,2.922245979309082,2.945261240005493,3.201754331588745,3.263277292251587
A6,1.4626140594482422,1.092635989189148,0.9260852336883545,0.5896856188774109,0.38797420263290405,0.0,0.3705589473247528,0.612920343875885,0.9561603665351868,1.2304110527038574,1.5952564477920532,1.6342980861663818,1.3611502647399902,1.5080152750015259,1.2276331186294556,1.3798656463623047,1.126322865486145,1.1181331872940063,0.754539966583252,0.681756317615509,0.5206750631332397,0.6501427888870239,0.8227595090866089,1.0874652862548828,1.3443471193313599,1.7225635051727295,1.7909355163574219,1.5847049951553345,1.7619720697402954,1.5766526460647583,1.7446997165679932,1.4376126527786255,1.4621680974960327,1.1421376466751099,1.1218959093093872,1.007912278175354,1.0789721012115479,1.1938942670822144,1.3768513202667236,1.5996930599212646,1.9568578004837036,2.068263530731201,1.9197052717208862,2.107971429824829,1.9818925857543945,2.17510986328125,1.848036766052246,1.879441499710083,1.5874850749969482,1.5960947275161743,1.4958410263061523,1.5418983697891235,1.6191952228546143,1.739534616470337,1.9369423389434814,2.2584877014160156,2.4108572006225586,2.3279972076416016,2.516709566116333,2.4577724933624268,2.6816039085388184,2.3311049938201904,2.351840019226074,2.0423316955566406,2.086865186691284,1.9898297786712646,2.0223565101623535,2.075429677963257,2.148599624633789,2.3427464962005615,2.574178457260132,2.7959325313568115,2.8198299407958984,3.0427582263946533,3.115553140640259
A7,1.8187601566314697,1.4516454935073853,1.25556218624115,0.924797534942627,0.6291800141334534,0.3705589473247528,0.0,0.379966676235199,0.6351931691169739,0.9664016962051392,1.3142893314361572,1.4237233400344849,1.2127727270126343,1.4407707452774048,1.2366366386413574,1.7271429300308228,1.4802566766738892,1.4315613508224487,1.0544670820236206,0.8631880879402161,0.6283217668533325,0.5234426259994507,0.6235969662666321,0.7865762710571289,1.0676906108856201,1.4337730407714844,1.5622718334197998,1.4193140268325806,1.663847804069519,1.5479193925857544,2.022390127182007,1.727617621421814,1.7208369970321655,1.3650715351104736,1.2493001222610474,1.0628823041915894,1.00504732131958,1.0464202165603638,1.1365257501602173,1.3526661396026611,1.6844831705093384,1.8421032428741455,1.7520854473114014,1.9892501831054688,1.9220666885375977,2.3852968215942383,2.0697715282440186,2.0853402614593506,1.755021333694458,1.690406084060669,1.5277435779571533,1.4897452592849731,1.502432942390442,1.5491533279418945,1.7221397161483765,2.0101966857910156,2.1946420669555664,2.163325548171997,2.3841214179992676,2.375404119491577,2.8308961391448975,2.494189739227295,2.5115878582000732,2.1716668605804443,2.158911943435669,2.007120370864868,1.9816967248916626,1.975685954093933,1.9935699701309204,2.1540136337280273,2.3475067615509033,2.577904224395752,2.6447887420654297,2.86942195892334,2.984443426132202
A8,2.0540733337402344,1.6807434558868408,1.5346190929412842,1.200355052947998,0.9626011252403259,0.612920343875885,0.379966676235199,0.0,0.3838350772857666,0.6222816705703735,0.9823599457740784,1.0516688823699951,0.8379653692245483,1.090690016746521,0.9392527937889099,1.8209617137908936,1.6402273178100586,1.6374784708023071,1.28535795211792,1.121246337890625,0.7896363139152527,0.6656771898269653,0.521867573261261,0.6460426449775696,0.8028098344802856,1.1661368608474731,1.2526843547821045,1.1184438467025757,1.3621127605438232,1.2962454557418823,2.0665454864501953,1.8237779140472412,1.8705607652664185,1.531930923461914,1.429565191268921,1.1581575870513916,1.0950109958648682,1.0040843486785889,1.0720794200897217,1.1816825866699219,1.496438980102539,1.6112818717956543,1.5325909852981567,1.7477402687072754,1.7218055725097656,2.3965306282043457,2.122121810913086,2.1933836936950684,1.8728662729263306,1.818450689315796,1.590503215789795,1.5609239339828491,1.4876941442489624,1.532189965248108,1.6211274862289429,1.8932392597198486,2.0342161655426025,2.011723041534424,2.200169801712036,2.225698947906494,2.830479860305786,2.5238277912139893,2.5947091579437256,2.254045009613037,2.25166654586792,2.050584316253662,2.044337034225464,1.98004150390625,2.009401321411133,2.1064913272857666,2.3016672134399414,2.485807418823242,2.548840284347534,2.7308237552642822,2.8545660972595215
A9,2.412433624267578,2.038227081298828,1.8771026134490967,1.5369075536727905,1.2639132738113403,0.9561603665351868,0.6351931691169739,0.3838350772857666,0.0,0.3853243589401245,0.70002681016922,0.898091733455658,0.8247922658920288,1.1671284437179565,1.136132001876831,2.2039670944213867,2.0197606086730957,1.9974241256713867,1.6361243724822998,1.4259639978408813,1.1039173603057861,0.8736973404884338,0.6591407656669617,0.5404245853424072,0.6316981911659241,0.9336919188499451,1.1093779802322388,1.0946285724639893,1.403796911239624,1.4356986284255981,2.421632766723633,2.1858909130096436,2.212038516998291,1.8585013151168823,1.704957127571106,1.411277413368225,1.2571775913238525,1.092958927154541,1.025586724281311,1.0768619775772095,1.3205950260162354,1.4887065887451172,1.5013803243637085,1.7593092918395996,1.810793399810791,2.7068326473236084,2.4444825649261475,2.5026021003723145,2.1634039878845215,2.059910774230957,1.7966610193252563,1.6974424123764038,1.5598043203353882,1.5158740282058716,1.5511717796325684,1.7590539455413818,1.9294800758361816,1.9766972064971924,2.1900627613067627,2.2775180339813232,3.089994192123413,2.7995200157165527,2.866567850112915,2.510113000869751,2.463404893875122,2.2229909896850586,2.165221691131592,2.0420289039611816,2.0106842517852783,2.056046485900879,2.196265935897827,2.3791043758392334,2.493687868118286,2.666292190551758,2.8383355140686035
A10,2.647409677505493,2.27292799949646,2.15228009223938,1.8112987279891968,1.5788947343826294,1.2304110527038574,0.9664016962051392,0.6222816705703735,0.3853243589401245,0.0,0.3851589858531952,0.5363023281097412,0.5438149571418762,0.9192087054252625,0.9999938607215881,2.341923475265503,2.2119104862213135,2.229184865951538,1.8914376497268677,1.7142376899719238,1.3572418689727783,1.1632808446884155,0.8608772158622742,0.731983482837677,0.5901172757148743,0.8025067448616028,0.9015255570411682,0.932252049446106,1.2154300212860107,1.323250651359558,2.5258066654205322,2.3373396396636963,2.408958673477173,2.0798470973968506,1.95198655128479,1.621324062347412,1.4904500246047974,1.251430630683899,1.1791743040084839,1.1001768112182617,1.2871055603027344,1.385772466659546,1.4196125268936157,1.6316832304000854,1.7334035634994507,2.7854061126708984,2.5639607906341553,2.669677734375,2.3505234718322754,2.267545223236084,1.969915747642517,1.8926411867141724,1.6976827383041382,1.661879301071167,1.6100095510482788,1.7862555980682373,1.8956156969070435,1.9510074853897095,2.1156821250915527,2.2381374835968018,3.158679962158203,2.8996469974517822,3.013324022293091,2.6667754650115967,2.6375887393951416,2.3680520057678223,2.335888624191284,2.1718032360076904,2.1582183837890625,2.142590284347534,2.281390905380249,2.4074833393096924,2.5123417377471924,2.6320314407348633,2.8078105449676514
A11,3.0183868408203125,2.6455225944519043,2.5138988494873047,2.181591749191284,1.9342916011810303,1.5952564477920532,1.3142893314361572,0.9823599457740784,0.70002681016922,0.3851589858531952,0.0,0.3951486647129059,0.6428346037864685,0.9991120100021362,1.1948233842849731,2.6686761379241943,2.5534844398498535,2.555562973022461,2.2245774269104004,2.023240089416504,1.6589646339416504,1.4300463199615479,1.0907695293426514,0.8729351162910461,0.5894753336906433,0.5924316048622131,0.7087010145187378,0.885964035987854,1.182751178741455,1.3903181552886963,2.787888765335083,2.624619960784912,2.6889054775238037,2.3608129024505615,2.2053709030151367,1.8502421379089355,1.679749846458435,1.3798834085464478,1.2343173027038574,1.0485135316848755,1.1222453117370605,1.2088193893432617,1.3271756172180176,1.540971279144287,1.7216651439666748,2.982712745666504,2.7903411388397217,2.89915132522583,2.5771677494049072,2.466019630432129,2.134317636489868,2.023698568344116,1.766845941543579,1.6823755502700806,1.5472736358642578,1.6505558490753174,1.7369680404663086,1.844830870628357,1.9989439249038696,2.1809024810791016,3.2947452068328857,3.0666496753692627,3.1936428546905518,2.843538761138916,2.78737211227417,2.4804635047912598,2.4258203506469727,2.2052676677703857,2.1633763313293457,2.078746795654297,2.1778335571289062,2.263387680053711,2.3929736614227295,2.4752256870269775,2.6833722591400146
A12,2.9778168201446533,2.6139822006225586,2.5190210342407227,2.2022228240966797,2.001922845840454,1.6342980861663818,1.4237233400344849,1.0516688823699951,0.898091733455658,0.5363023281097412,0.3951486647129059,0.0,0.3677878975868225,0.6518656015396118,0.9231584668159485,2.5255699157714844,2.464214563369751,2.5026581287384033,2.2069056034088135,2.052678346633911,1.6690715551376343,1.5096675157546997,1.1452051401138306,1.0374194383621216,0.7108622789382935,0.7387630939483643,0.6258693337440491,0.7093468308448792,0.9044830203056335,1.1321111917495728,2.6077795028686523,2.4909822940826416,2.601470708847046,2.310025691986084,2.2015318870544434,1.8332924842834473,1.7285621166229248,1.4148145914077759,1.355430006980896,1.1296228170394897,1.2329391241073608,1.1938064098358154,1.2347462177276611,1.356322169303894,1.5256301164627075,2.789491891860962,2.634164810180664,2.79095721244812,2.5026161670684814,2.4363961219787598,2.09873628616333,2.04927659034729,1.7884601354599,1.77570378780365,1.6170620918273926,1.7550771236419678,1.7581335306167603,1.804385781288147,1.8869106769561768,2.048495292663574,3.1132380962371826,2.9087812900543213,3.0799732208251953,2.752591609954834,2.738621711730957,2.432936191558838,2.435528516769409,2.2224881649017334,2.2425198554992676,2.1504762172698975,2.2978713512420654,2.3366827964782715,2.4080066680908203,2.4504780769348145,2.6161389350891113
A13,2.6443724632263184,2.2871973514556885,2.2082912921905518,1.905374526977539,1.7376089096069336,1.3611502647399902,1.2127727270126343,0.8379653692245483,0.8247922658920288,0.5438149571418762,0.6428346037864685,0.3677878975868225,0.0,0.3798494040966034,0.565869152545929,2.161738395690918,2.1137301921844482,2.169872522354126,1.891552209854126,1.7735159397125244,1.388767957687378,1.2936407327651978,0.9476278424263,0.9638926982879639,0.7204409241676331,0.9006001353263855,0.749374508857727,0.6356644034385681,0.7762752175331116,0.8930975794792175,2.2561004161834717,2.1412363052368164,2.272418737411499,1.9977498054504395,1.9277710914611816,1.5706329345703125,1.52744460105896,1.2527130842208862,1.2893550395965576,1.130721092224121,1.3347123861312866,1.275105357170105,1.2095999717712402,1.3025107383728027,1.3834168910980225,2.4726531505584717,2.30946946144104,2.481499195098877,2.2089717388153076,2.1808741092681885,1.8654416799545288,1.868690848350525,1.6543384790420532,1.710965633392334,1.6106857061386108,1.8215516805648804,1.8188947439193726,1.7960960865020752,1.8680063486099243,1.9635456800460815,2.843942403793335,2.623570442199707,2.8004281520843506,2.4843406677246094,2.506420373916626,2.229926824569702,2.273721933364868,2.1090846061706543,2.1774072647094727,2.139157772064209,2.3376872539520264,2.394831657409668,2.423344135284424,2.488926649093628,2.6097607612609863
A14,2.639158248901367,2.3041911125183105,2.261601209640503,1.9939134120941162,1.8801746368408203,1.5080152750015259,1.4407707452774048,1.090690016746521,1.1671284437179565,0.9192087054252625,0.9991120100021362,0.6518656015396118,0.3798494040966034,0.0,0.3752533197402954,2.0453810691833496,2.062058210372925,2.1514225006103516,1.9268462657928467,1.8625633716583252,1.4867756366729736,1.4699312448501587,1.1461899280548096,1.2454265356063843,1.012647271156311,1.1711089611053467,0.9127516150474548,0.6966314315795898,0.6300950646400452,0.7004069685935974,2.0806968212127686,2.025731086730957,2.2038986682891846,1.9818605184555054,1.965159296989441,1.6154890060424805,1.6446763277053833,1.3827162981033325,1.4936130046844482,1.3222414255142212,1.531951904296875,1.3823553323745728,1.237433910369873,1.2175489664077759,1.2524635791778564,2.2735657691955566,2.1572015285491943,2.3793673515319824,2.153278350830078,2.1753921508789062,1.8685418367385864,1.9371724128723145,1.7342872619628906,1.8567724227905273,1.74610435962677,1.9781759977340698,1.9073048830032349,1.8217374086380005,1.8202935457229614,1.8771778345108032,2.6531527042388916,2.4617998600006104,2.683790683746338,2.400538921356201,2.4684295654296875,2.2040750980377197,2.3071186542510986,2.1597487926483154,2.2861790657043457,2.2466366291046143,2.4832119941711426,2.500959634780884,2.4728827476501465,2.5045180320739746,2.5756170749664307
A15,2.273127794265747,1.945431113243103,1.9133250713348389,1.6649090051651,1.5866423845291138,1.2276331186294556,1.2366366386413574,0.9392527937889099,1.136132001876831,0.9999938607215881,1.1948233842849731,0.9231584668159485,0.565869152545929,0.3752533197402954,0.0,1.6724692583084106,1.6887987852096558,1.7919296026229858,1.5833165645599365,1.5596216917037964,1.202980399131775,1.2627589702606201,1.0057365894317627,1.2104713916778564,1.089725136756897,1.34244704246521,1.1352543830871582,0.844311535358429,0.7896144390106201,0.6678683757781982,1.7450982332229614,1.6719576120376587,1.864294409751892,1.654798150062561,1.6796188354492188,1.361398696899414,1.45592200756073,1.2672544717788696,1.4565123319625854,1.377377986907959,1.6590218544006348,1.5418953895568848,1.3379700183868408,1.3338195085525513,1.2671432495117188,2.001180410385132,1.854909896850586,2.0788846015930176,1.863387107849121,1.9231500625610352,1.6569851636886597,1.7725926637649536,1.6385735273361206,1.8122228384017944,1.777705192565918,2.063648223876953,2.0208098888397217,1.8929551839828491,1.912304162979126,1.9023733139038086,2.444664478302002,2.2200355529785156,2.4288580417633057,2.1534526348114014,2.253274917602539,2.032377004623413,2.163984775543213,2.0775277614593506,2.233696937561035,2.2581844329833984,2.5260262489318848,2.580627679824829,2.5318806171417236,2.604379415512085,2.645103931427002
B1,0.9162535071372986,0.8397113680839539,0.9818673729896545,1.108526587486267,1.3676470518112183,1.3798656463623047,1.7271429300308228,1.8209617137908936,2.2039670944213867,2.341923475265503,2.6686761379241943,2.5255699157714844,2.161738395690918,2.0453810691833496,1.6724692583084106,0.0,0.37611663341522217,0.6965637803077698,0.9070905447006226,1.256961464881897,1.328790307044983,1.6970170736312866,1.8464034795761108,2.2172210216522217,2.3784542083740234,2.7324347496032715,2.6277787685394287,2.287492036819458,2.232191801071167,1.8892227411270142,0.723866879940033,0.5679284930229187,0.875947892665863,1.0004878044128418,1.3555293083190918,1.4523729085922241,1.8004488945007324,1.9823333024978638,2.3285391330718994,2.5040013790130615,2.8791184425354004,2.833176612854004,2.533292055130005,2.5332188606262207,2.2451202869415283,1.3718112707138062,1.1205111742019653,1.2944726943969727,1.3149420022964478,1.6234887838363647,1.7200912237167358,2.0188331604003906,2.208655834197998,2.5109829902648926,2.709651470184326,3.0871591567993164,3.105783700942993,2.8681414127349854,2.9149022102355957,2.700112819671631,2.0527760982513428,1.731088399887085,1.820351004600525,1.7197736501693726,1.996326208114624,2.082721471786499,2.326335906982422,2.519876480102539,2.766169548034668,3.001995325088501,3.3348350524902344,3.482189655303955,3.3533670902252197,3.53023099899292,3.4483582973480225
B2,0.7152146100997925,0.5650081038475037,0.6166882514953613,0.7805225253105164,1.040477991104126,1.126322865486145,1.4802566766738892,1.6402273178100586,2.0197606086730957,2.2119104862213135,2.5534844398498535,2.464214563369751,2.1137301921844482,2.062058210372925,1.6887987852096558,0.37611663341522217,0.0,0.38667842745780945,0.5720378756523132,0.9451396465301514,1.0867819786071777,1.4530898332595825,1.662617564201355,2.024890899658203,2.23717999458313,2.6048526763916016,2.551921844482422,2.2333617210388184,2.2400949001312256,1.911581039428711,0.9166175723075867,0.6096447110176086,0.7649630308151245,0.7885524034500122,1.1163514852523804,1.2577046155929565,1.5817203521728516,1.8089683055877686,2.1378185749053955,2.358473300933838,2.7398149967193604,2.742872953414917,2.4678990840911865,2.524080991744995,2.2523248195648193,1.5154480934143066,1.194084644317627,1.267158031463623,1.2045332193374634,1.4601318836212158,1.5750200748443604,1.832674503326416,2.0504980087280273,2.3251404762268066,2.560062885284424,2.9354851245880127,2.999511957168579,2.7879867553710938,2.8836889266967773,2.684720754623413,2.1517333984375,1.7943170070648193,1.8163681030273438,1.6647194623947144,1.8881573677062988,1.9758895635604858,2.1706900596618652,2.374774217605591,2.5862903594970703,2.846816301345825,3.1613616943359375,3.344829797744751,3.246903896331787,3.4569878578186035,3.403207302093506
B3,0.8753278851509094,0.7410184144973755,0.5738102793693542,0.79742032289505,0.956755518913269,1.1181331872940063,1.4315613508224487,1.6374784708023071,1.9974241256713867,2.229184865951538,2.555562973022461,2.5026581287384033,2.169872522354126,2.1514225006103516,1.7919296026229858,0.6965637803077698,0.38667842745780945,0.0,0.38302135467529297,0.7070392370223999,0.9490228891372681,1.2980778217315674,1.5628044605255127,1.9169522523880005,2.168985605239868,2.531043291091919,2.5083134174346924,2.2001724243164062,2.24031400680542,1.9131094217300415,0.9585868716239929,0.5846530795097351,0.5183483958244324,0.4853631258010864,0.800849974155426,1.0313640832901,1.3485718965530396,1.6323429346084595,1.9601455926895142,2.2210452556610107,2.600369691848755,2.628932237625122,2.3587684631347656,2.4473841190338135,2.169334888458252,1.4457075595855713,1.0788260698318481,1.0393949747085571,0.924307644367218,1.1435637474060059,1.3110064268112183,1.5533125400543213,1.8185575008392334,2.089623212814331,2.3624837398529053,2.7375144958496094,2.8244097232818604,2.6140432357788086,2.7405853271484375,2.5309932231903076,2.0084409713745117,1.62831449508667,1.5812771320343018,1.4017620086669922,1.5857104063034058,1.7003374099731445,1.8694761991500854,2.1058108806610107,2.3078179359436035,2.599043369293213,2.908759832382202,3.1130409240722656,3.0180962085723877,3.2564027309417725,3.203819513320923
B4,1.0175527334213257,0.752891480922699,0.48688867688179016,0.5339398980140686,0.5954352617263794,0.754539966583252,1.0544670820236206,1.28535795211792,1.6361243724822998,1.8914376497268677,2.2245774269104004,2.2069056034088135,1.891552209854126,1.9268462657928467,1.5833165645599365,0.9070905447006226,0.5720378756523132,0.38302135467529297,0.0,0.3793806731700897,0.6142996549606323,0.9530037641525269,1.2363455295562744,1.5765937566757202,1.8488231897354126,2.2185068130493164,2.231283187866211,1.9505325555801392,2.042447566986084,1.7502639293670654,1.204694151878357,0.8362423181533813,0.7741182446479797,0.5207992792129517,0.6834072470664978,0.8309335112571716,1.0929793119430542,1.3665368556976318,1.6646690368652344,1.9366178512573242,2.3162155151367188,2.379338026046753,2.1436398029327393,2.276379346847534,2.0401899814605713,1.656562328338623,1.2879942655563354,1.2534699440002441,1.0265698432922363,1.141472339630127,1.2201125621795654,1.394128441810608,1.6232179403305054,1.852262020111084,2.1224660873413086,2.4880731105804443,2.605820655822754,2.4345109462738037,2.594348907470703,2.4297401905059814,2.1866648197174072,1.8071067333221436,1.770036220550537,1.519517421722412,1.6341041326522827,1.6723488569259644,1.783880352973938,1.970600962638855,2.1285035610198975,2.4044113159179688,2.691619634628296,2.912633180618286,2.8582992553710938,3.103917121887207,3.0947842597961426
B5,1.3604586124420166,1.0823487043380737,0.7614431381225586,0.7025420069694519,0.5310031175613403,0.681756317615509,0.8631880879402161,1.121246337890625,1.4259639978408813,1.7142376899719238,2.023240089416504,2.052678346633911,1.7735159397125244,1.8625633716583252,1.5596216917037964,1.256961464881897,0.9451396465301514,0.7070392370223999,0.3793806731700897,0.0,0.387786865234375,0.642453134059906,0.9793808460235596,1.2892136573791504,1.5986838340759277,1.9579416513442993,2.0142016410827637,1.766676425933838,1.9140527248382568,1.658706545829773,1.4363411664962769,1.0850718021392822,0.9457759857177734,0.5802834630012512,0.4976663887500763,0.5948652625083923,0.7659129500389099,1.0705360174179077,1.3384724855422974,1.644612193107605,2.0163700580596924,2.1186611652374268,1.9140315055847168,2.097447633743286,1.8929553031921387,1.7783616781234741,1.4124702215194702,1.3297615051269531,1.0136903524398804,0.9970749020576477,1.0170083045959473,1.1054214239120483,1.329163908958435,1.518693208694458,1.8097786903381348,2.1648104190826416,2.3166344165802,2.175067663192749,2.3766589164733887,2.240177631378174,2.22029447555542,1.8456882238388062,1.783857822418213,1.476072907447815,1.5032767057418823,1.4879212379455566,1.5307694673538208,1.690394401550293,1.8061434030532837,2.085911273956299,2.352982521057129,2.595383644104004,2.570666551589966,2.836329221725464,2.858213186264038
B6,1.5893142223358154,1.2657175064086914,1.0180450677871704,0.8380115032196045,0.6193153262138367,0.5206750631332397,0.6283217668533325,0.7896363139152527,1.1039173603057861,1.3572418689727783,1.6589646339416504,1.6690715551376343,1.388767957687378,1.4867756366729736,1.202980399131775,1.328790307044983,1.0867819786071777,0.9490228891372681,0.6142996549606323,0.387786865234375,0.0,0.3705098330974579,0.6245890259742737,0.9687706232070923,1.2420281171798706,1.6083871126174927,1.644441843032837,1.3943287134170532,1.552008867263794,1.320695400238037,1.475769281387329,1.1762313842773438,1.1270606517791748,0.7604683637619019,0.6560409069061279,0.48733124136924744,0.6154295802116394,0.8019317984580994,1.077262043952942,1.3353430032730103,1.713964581489563,1.796442985534668,1.5972020626068115,1.7811603546142578,1.608302354812622,1.790951132774353,1.4626191854476929,1.4592313766479492,1.1281591653823853,1.0962982177734375,0.9752395153045654,1.043944239616394,1.159209966659546,1.341859221458435,1.573405146598816,1.9281011819839478,2.0581161975860596,1.9292303323745728,2.118925094604492,2.0194177627563477,2.227205991744995,1.8787676095962524,1.8860671520233154,1.5542105436325073,1.576148271560669,1.4692643880844116,1.5144267082214355,1.590633749961853,1.7045743465423584,1.9255218505859375,2.1943347454071045,2.4070780277252197,2.391026735305786,2.626521587371826,2.668820381164551
B7,1.9127538204193115,1.5797592401504517,1.3113677501678467,1.0919222831726074,0.780189573764801,0.6501427888870239,0.5234426259994507,0.6656771898269653,0.8736973404884338,1.1632808446884155,1.4300463199615479,1.5096675157546997,1.2936407327651978,1.4699312448501587,1.2627589702606201,1.6970170736312866,1.4530898332595825,1.2980778217315674,0.9530037641525269,0.642453134059906,0.3705098330974579,0.0,0.3818459212779999,0.6477228999137878,0.9772130846977234,1.3311783075332642,1.4359862804412842,1.251991868019104,1.4892488718032837,1.3352059125900269,1.8099712133407593,1.5258382558822632,1.4459196329116821,1.0640323162078857,0.8472380638122559,0.6045262813568115,0.4816541373729706,0.5913586020469666,0.7686807513237,1.059095025062561,1.4231735467910767,1.5658763647079468,1.4298045635223389,1.6801775693893433,1.573650598526001,2.0566322803497314,1.745658040046692,1.717841625213623,1.354112148284912,1.224934458732605,1.0304280519485474,0.9663481116294861,1.004049301147461,1.0931497812271118,1.3196771144866943,1.6476969718933105,1.8243285417556763,1.7531465291976929,1.9904001951217651,1.9468495845794678,2.418187141418457,2.0882201194763184,2.08361554145813,1.7227376699447632,1.6680831909179688,1.4974132776260376,1.458316683769226,1.4642654657363892,1.5056164264678955,1.6998589038848877,1.9291539192199707,2.1621952056884766,2.1965136528015137,2.4436864852905273,2.5349361896514893
B8,2.175309181213379,1.8276056051254272,1.6086974143981934,1.3556644916534424,1.0749608278274536,0.8227595090866089,0.6235969662666321,0.521867573261261,0.6591407656669617,0.8608772158622742,1.0907695293426514,1.1452051401138306,0.9476278424263,1.1461899280548096,1.0057365894317627,1.8464034795761108,1.662617564201355,1.5628044605255127,1.2363455295562744,0.9793808460235596,0.6245890259742737,0.3818459212779999,0.0,0.3763100802898407,0.6202895641326904,0.9856399893760681,1.0622954368591309,0.8869954347610474,1.153908133506775,1.0617424249649048,1.9160624742507935,1.6866953372955322,1.6657952070236206,1.3087555170059204,1.1184420585632324,0.7810099720954895,0.6359755396842957,0.4823193848133087,0.6075907945632935,0.7789973616600037,1.1444246768951416,1.2550421953201294,1.1362416744232178,1.3886831998825073,1.33855140209198,2.122007369995117,1.8580901622772217,1.8904588222503662,1.5402554273605347,1.41898775100708,1.139168620109558,1.0682106018066406,0.9661431312561035,1.0304198265075684,1.1462693214416504,1.4583410024642944,1.5968737602233887,1.545543909072876,1.761134386062622,1.7674015760421753,2.4609124660491943,2.167102098464966,2.2208828926086426,1.8587124347686768,1.8075662851333618,1.5699048042297363,1.5411180257797241,1.4587737321853638,1.4989840984344482,1.6077394485473633,1.8321243524551392,2.0170364379882812,2.057513475418091,2.2609288692474365,2.372715711593628
B9,2.5010836124420166,2.146500825881958,1.9178351163864136,1.6433894634246826,1.328596830368042,1.0874652862548828,0.7865762710571289,0.6460426449775696,0.5404245853424072,0.731983482837677,0.8729351162910461,1.0374194383621216,0.9638926982879639,1.2454265356063843,1.2104713916778564,2.2172210216522217,2.024890899658203,1.9169522523880005,1.5765937566757202,1.2892136573791504,0.9687706232070923,0.6477228999137878,0.3763100802898407,0.0,0.38733166456222534,0.7115966081619263,0.9111691117286682,0.8758347630500793,1.2225533723831177,1.2409310340881348,2.2859444618225098,2.0599942207336426,2.0221543312072754,1.6565572023391724,1.4249532222747803,1.0961897373199463,0.850868284702301,0.6176015734672546,0.4852735102176666,0.5997368693351746,0.9012460708618164,1.1004410982131958,1.0989091396331787,1.4133131504058838,1.4561084508895874,2.457749366760254,2.2060742378234863,2.2224318981170654,1.8603581190109253,1.6899938583374023,1.3874320983886719,1.2278578281402588,1.0475666522979736,0.9763630628585815,1.0283430814743042,1.2672134637832642,1.4568729400634766,1.4946188926696777,1.7496166229248047,1.8295519351959229,2.744203805923462,2.4687719345092773,2.5135796070098877,2.140815258026123,2.0400211811065674,1.7657973766326904,1.6698625087738037,1.5169888734817505,1.4725600481033325,1.5205206871032715,1.6777048110961914,1.8708748817443848,1.976849913597107,2.1770360469818115,2.3473446369171143
B10,2.7554211616516113,2.396188497543335,2.2053186893463135,1.9205236434936523,1.639253854751587,1.3443471193313599,1.0676906108856201,0.8028098344802856,0.6316981911659241,0.5901172757148743,0.5894753336906433,0.7108622789382935,0.7204409241676331,1.012647271156311,1.089725136756897,2.3784542083740234,2.23717999458313,2.168985605239868,1.8488231897354126,1.5986838340759277,1.2420281171798706,0.9772130846977234,0.6202895641326904,0.38733166456222534,0.0,0.3803212344646454,0.5417813062667847,0.588422417640686,0.9620521068572998,1.0845787525177002,2.407888412475586,2.231097459793091,2.2393412590026855,1.899888515472412,1.6986887454986572,1.3335670232772827,1.1267316341400146,0.8022986650466919,0.6589985489845276,0.5104124546051025,0.7325655221939087,0.8573565483093262,0.9028217196464539,1.1930043697357178,1.314017415046692,2.5435616970062256,2.337736129760742,2.4037835597991943,2.0639760494232178,1.9150744676589966,1.5733305215835571,1.4393795728683472,1.179882287979126,1.1102839708328247,1.0214333534240723,1.2088918685913086,1.323878526687622,1.383987307548523,1.5907877683639526,1.725648045539856,2.808115243911743,2.5704407691955566,2.665837287902832,2.304006814956665,2.2186384201049805,1.9074054956436157,1.8379313945770264,1.6269384622573853,1.598308801651001,1.5564336776733398,1.7046068906784058,1.824854850769043,1.9256595373153687,2.062793254852295,2.246377468109131
B11,3.134643077850342,2.776106119155884,2.5830047130584717,2.2998576164245605,2.012556791305542,1.7225635051727295,1.4337730407714844,1.1661368608474731,0.9336919188499451,0.8025067448616028,0.5924316048622131,0.7387630939483643,0.9006001353263855,1.1711089611053467,1.34244704246521,2.7324347496032715,2.6048526763916016,2.531043291091919,2.2185068130493164,1.9579416513442993,1.6083871126174927,1.3311783075332642,0.9856399893760681,0.7115966081619263,0.3803212344646454,0.0,0.3893303871154785,0.6609777212142944,1.0203776359558105,1.2454590797424316,2.716294527053833,2.5636024475097656,2.5679538249969482,2.235945463180542,2.0173683166503906,1.647080898284912,1.413542628288269,1.0584980249404907,0.8344084024429321,0.5409082770347595,0.5312289595603943,0.6625533103942871,0.8560373783111572,1.1519548892974854,1.370659589767456,2.7939624786376953,2.618690013885498,2.686748743057251,2.3511457443237305,2.178406000137329,1.815212607383728,1.6480988264083862,1.3306628465652466,1.1948355436325073,0.9918946027755737,1.0628108978271484,1.1536705493927002,1.2951496839523315,1.4951177835464478,1.7066876888275146,2.994342803955078,2.7912135124206543,2.897345781326294,2.538102626800537,2.42506742477417,2.0815939903259277,1.9848496913909912,1.7120219469070435,1.6429320573806763,1.5113463401794434,1.6010078191757202,1.6712194681167603,1.8091816902160645,1.9030619859695435,2.131211757659912
B12,3.133202314376831,2.78340482711792,2.6221060752868652,2.354168653488159,2.1086909770965576,1.7909355163574219,1.5622718334197998,1.2526843547821045,1.1093779802322388,0.9015255570411682,0.7087010145187378,0.6258693337440491,0.749374508857727,0.9127516150474548,1.1352543830871582,2.6277787685394287,2.551921844482422,2.5083134174346924,2.231283187866211,2.0142016410827637,1.644441843032837,1.4359862804412842,1.0622954368591309,0.9111691117286682,0.5417813062667847,0.3893303871154785,0.0,0.3723904490470886,0.6692987084388733,0.9556186199188232,2.5578842163085938,2.454977512359619,2.501384973526001,2.2065486907958984,2.0322723388671875,1.6448725461959839,1.4811294078826904,1.1062090396881104,0.9955555200576782,0.6548835635185242,0.6837588548660278,0.5689393877983093,0.662841796875,0.8574366569519043,1.0998598337173462,2.6039533615112305,2.4717068672180176,2.587820053100586,2.2861664295196533,2.156313419342041,1.7805501222610474,1.6802473068237305,1.3507980108261108,1.3060563802719116,1.0653069019317627,1.1753076314926147,1.1359766721725464,1.1974518299102783,1.30345618724823,1.507630467414856,2.800137996673584,2.627441644668579,2.7821106910705566,2.445436716079712,2.373080015182495,2.023599863052368,1.990719199180603,1.7192152738571167,1.7259795665740967,1.5775129795074463,1.7247517108917236,1.7265883684158325,1.7900116443634033,1.8270426988601685,2.008361577987671
B13,2.8453593254089355,2.507777690887451,2.3598198890686035,2.1159913539886475,1.9031062126159668,1.5847049951553345,1.4193140268325806,1.1184438467025757,1.0946285724639893,0.932252049446106,0.885964035987854,0.7093468308448792,0.6356644034385681,0.6966314315795898,0.844311535358429,2.287492036819458,2.2333617210388184,2.2001724243164062,1.9505325555801392,1.766676425933838,1.3943287134170532,1.251991868019104,0.8869954347610474,0.8758347630500793,0.588422417640686,0.6609777212142944,0.3723904490470886,0.0,0.3804665803909302,0.5936107039451599,2.1925859451293945,2.1051483154296875,2.171260356903076,1.8989547491073608,1.761077642440796,1.3724128007888794,1.2772916555404663,0.9220091104507446,0.9448554515838623,0.6814958453178406,0.8666762709617615,0.702227771282196,0.5758467316627502,0.7031469941139221,0.8384758234024048,2.2458508014678955,2.117673397064209,2.255910634994507,1.9727100133895874,1.881847858428955,1.5143678188323975,1.4802500009536743,1.187577247619629,1.2461293935775757,1.071248173713684,1.285084843635559,1.2185533046722412,1.1661957502365112,1.2371525764465332,1.3542537689208984,2.4774136543273926,2.296151638031006,2.46804141998291,2.142631769180298,2.1105499267578125,1.7809942960739136,1.8056291341781616,1.582496166229248,1.6627413034439087,1.5751409530639648,1.795006513595581,1.8078584671020508,1.804125189781189,1.8586493730545044,1.974552869796753
