,A1,A2,A3,A4,A5,A6,A7,A8,A9,A10,A11,A12,A13,A14,A15,B1,B2,B3,B4,B5,B6,B7,B8,B9,B10,B11,B12,B13,B14,B15,C1,C2,C3,C4,C5,C6,C7,C8,C9,C10,C11,C12,C13,C14,C15,D1,D2,D3,D4,D5,D6,D7,D8,D9,D10,D11,D12,D13,D14,D15,E1,E2,E3,E4,E5,E6,E7,E8,E9,E10,E11,E12,E13,E14,E15
A1,0.0,0.3685590326786041,0.64480060338974,0.8397462368011475,1.175291895866394,1.2409510612487793,1.6247010231018066,1.7851901054382324,2.155900239944458,2.3038370609283447,2.684436559677124,2.610313653945923,2.2648653984069824,2.335024833679199,1.9887089729309082,0.7403499484062195,0.5869295001029968,0.8091732859611511,0.8665725588798523,1.248741865158081,1.3846566677093506,1.7364789247512817,1.9523152112960815,2.2890512943267822,2.486095905303955,2.866201877593994,2.863618850708008,2.572880983352661,2.680790424346924,2.4004859924316406,1.376178503036499,1.2422399520874023,1.3401457071304321,1.2520848512649536,1.5448188781738281,1.6781107187271118,1.9585180282592773,2.1875534057617188,2.468090772628784,2.6979212760925293,3.068577289581299,3.150862693786621,2.9239556789398193,3.0866281986236572,2.858393669128418,2.0211427211761475,1.9007319211959839,1.932937741279602,1.7581326961517334,1.9652584791183472,2.0678067207336426,2.2710676193237305,2.4861791133880615,2.706501007080078,2.955652952194214,3.3053135871887207,3.457221508026123,3.302344799041748,3.515766143798828,3.3641750812530518,2.653186321258545,2.5244271755218506,2.4870991706848145,2.270169258117676,2.4486582279205322,2.509884834289551,2.6420536041259766,2.839731454849243,2.9834842681884766,3.2786288261413574,3.424437999725342,3.7661945819854736,3.920384168624878,4.213118076324463,4.420742988586426
A2,0.3685590326786041,0.0,0.39990007877349854,0.5439886450767517,0.9186522960662842,1.0568944215774536,1.4250152111053467,1.6454668045043945,1.994680643081665,2.1911072731018066,2.576911687850952,2.5559229850769043,2.2315680980682373,2.3606436252593994,2.0444037914276123,0.868216335773468,0.7771289944648743,0.8626584410667419,0.7755297422409058,1.1038037538528442,1.2692983150482178,1.5772534608840942,1.830910325050354,2.1378443241119385,2.375386953353882,2.750966787338257,2.7971420288085938,2.535102367401123,2.6926751136779785,2.446073532104492,1.5108391046524048,1.4230687618255615,1.4511973857879639,1.2752169370651245,1.4897379875183105,1.6204400062561035,1.841654896736145,2.086045503616333,2.3281257152557373,2.587277412414551,2.944734573364258,3.069905996322632,2.8754889965057373,3.0777535438537598,2.883049488067627,2.141967296600342,2.060425043106079,2.0527737140655518,1.820324420928955,1.9600729942321777,2.0449013710021973,2.1893608570098877,2.4026570320129395,2.5799293518066406,2.8474502563476562,3.17743182182312,3.366093873977661,3.2457616329193115,3.487910032272339,3.369364023208618,2.7449591159820557,2.6580312252044678,2.5995736122131348,2.3399035930633545,2.4641449451446533,2.504394292831421,2.5843498706817627,2.7677364349365234,2.8674559593200684,3.164302110671997,3.2719666957855225,3.6278324127197266,3.812520742416382,4.104833126068115,4.338046550750732
A3,0.64480060338974,0.39990007877349854,0.0,0.38935747742652893,0.652643084526062,0.881397008895874,1.2183990478515625,1.4853378534317017,1.8266370296478271,2.0638020038604736,2.4360647201538086,2.4430716037750244,2.1252639293670654,2.2886581420898438,1.985506534576416,0.8455595374107361,0.7407910823822021,0.6441693305969238,0.4678409993648529,0.7496374249458313,0.9889407157897949,1.281166911125183,1.5820717811584473,1.887922763824463,2.158823251724243,2.52968430519104,2.5958828926086426,2.3365089893341064,2.524043321609497,2.2825393676757812,1.3570609092712402,1.2849494218826294,1.2254652976989746,0.9902627468109131,1.142185926437378,1.3036844730377197,1.5009905099868774,1.781873106956482,2.0210835933685303,2.3094708919525146,2.6637377738952637,2.8053414821624756,2.6135618686676025,2.841672897338867,2.6524791717529297,1.9314680099487305,1.8688730001449585,1.811140775680542,1.5387699604034424,1.625539779663086,1.7170871496200562,1.8319302797317505,2.0666980743408203,2.2349703311920166,2.5261003971099854,2.8525238037109375,3.056097984313965,2.939431667327881,3.202916383743286,3.0897133350372314,2.483283758163452,2.4251394271850586,2.3395352363586426,2.050379514694214,2.132906436920166,2.17084002494812,2.2214035987854004,2.412620782852173,2.497833251953125,2.8076744079589844,2.9086060523986816,3.272386312484741,3.4564740657806396,3.758880376815796,3.9912540912628174
A4,0.8397462368011475,0.5439886450767517,0.38935747742652893,0.0,0.3921813368797302,0.5910357236862183,0.9192501306533813,1.1973243951797485,1.5184146165847778,1.765883207321167,2.144432783126831,2.1812570095062256,1.8874859809875488,2.0884664058685303,1.8232060670852661,0.8996057510375977,0.9589846730232239,0.9156323075294495,0.6010552048683167,0.7527379393577576,0.875799834728241,1.1087909936904907,1.3818694353103638,1.65180242061615,1.923235535621643,2.2885100841522217,2.3823118209838867,2.156534433364868,2.3707363605499268,2.1749000549316406,1.4517992734909058,1.4799339771270752,1.459489345550537,1.1592272520065308,1.2452956438064575,1.3028483390808105,1.4378241300582886,1.6647117137908936,1.8589221239089966,2.133394956588745,2.4734699726104736,2.6363110542297363,2.481290578842163,2.723203420639038,2.577061414718628,2.0315678119659424,2.0404484272003174,2.019554376602173,1.7096703052520752,1.760549545288086,1.771215558052063,1.8420212268829346,2.0155951976776123,2.1421470642089844,2.407597541809082,2.7146332263946533,2.9311373233795166,2.851611375808716,3.1161398887634277,3.04363751411438,2.5909955501556396,2.5820250511169434,2.5336790084838867,2.2181735038757324,2.277834177017212,2.252173662185669,2.277219295501709,2.4101181030273438,2.465770959854126,2.7412736415863037,2.816164016723633,3.1728200912475586,3.3879024982452393,3.666978359222412,3.9283645153045654
A5,1.175291895866394,0.9186522960662842,0.652643084526062,0.3921813368797302,0.0,0.37802764773368835,0.6012573838233948,0.9344051480293274,1.2273396253585815,1.5171715021133423,1.8753776550292969,1.9506686925888062,1.6810647249221802,1.927754282951355,1.7030953168869019,1.0122778415679932,1.126979947090149,0.9996862411499023,0.6107335090637207,0.5291865468025208,0.6013219356536865,0.7466463446617126,1.0500844717025757,1.2972429990768433,1.599838137626648,1.9552801847457886,2.078305721282959,1.8735216856002808,2.1265816688537598,1.9631966352462769,1.4022495746612549,1.500940203666687,1.4388480186462402,1.07722008228302,1.0474413633346558,1.0432316064834595,1.1015416383743286,1.3203494548797607,1.4852287769317627,1.776553988456726,2.1066701412200928,2.291470527648926,2.1573326587677,2.42714524269104,2.310270309448242,1.9003578424453735,1.9694304466247559,1.9335860013961792,1.582203984260559,1.5627632141113281,1.5185469388961792,1.532922387123108,1.6790709495544434,1.7740814685821533,2.041428804397583,2.3364369869232178,2.5682625770568848,2.5098178386688232,2.7903575897216797,2.744019031524658,2.4038455486297607,2.4495646953582764,2.405789852142334,2.0593764781951904,2.0705692768096924,1.9991716146469116,1.9861969947814941,2.084270477294922,2.1139473915100098,2.376328945159912,2.436917304992676,2.79268479347229,3.019865036010742,3.2934558391571045,3.5665242671966553
A6,1.2409510612487793,1.0568944215774536,0.881397008895874,0.5910357236862183,0.37802764773368835,0.0,0.384761244058609,0.6106454133987427,0.9509572386741638,1.189333438873291,1.5625009536743164,1.6043274402618408,1.323815941810608,1.5647474527359009,1.3499817848205566,0.898905873298645,1.1376585960388184,1.1006444692611694,0.732292115688324,0.6669116020202637,0.5023806691169739,0.6550236344337463,0.8325479626655579,1.0994123220443726,1.341590404510498,1.7092620134353638,1.7984814643859863,1.5889418125152588,1.8237762451171875,1.6741487979888916,1.2768055200576782,1.4589203596115112,1.479020118713379,1.124261736869812,1.1250721216201782,1.0025779008865356,1.0807902812957764,1.197784423828125,1.3721508979797363,1.5990419387817383,1.937615156173706,2.087496042251587,1.9506691694259644,2.192354679107666,2.0855400562286377,1.7850147485733032,1.9062083959579468,1.9417179822921753,1.5990186929702759,1.6142157316207886,1.499564528465271,1.5448732376098633,1.6181292533874512,1.729016900062561,1.9359277486801147,2.238715410232544,2.43375301361084,2.3717799186706543,2.6195995807647705,2.5805978775024414,2.324563980102539,2.389167308807373,2.4058837890625,2.0686588287353516,2.1124067306518555,1.9930461645126343,2.017812490463257,2.067213296890259,2.125494956970215,2.3440134525299072,2.4306440353393555,2.755974292755127,2.975843667984009,3.223500967025757,3.496258020401001
A7,1.6247010231018066,1.4250152111053467,1.2183990478515625,0.9192501306533813,0.6012573838233948,0.384761244058609,0.0,0.38370653986930847,0.6269986629486084,0.93845534324646,1.2831780910491943,1.399315595626831,1.1816155910491943,1.4921629428863525,1.363895297050476,1.23721444606781,1.4878456592559814,1.4099915027618408,1.0364986658096313,0.8343183398246765,0.5944383144378662,0.4891340136528015,0.5989753007888794,0.7686963081359863,1.0466126203536987,1.3925368785858154,1.5396713018417358,1.3884145021438599,1.6794774532318115,1.603068470954895,1.4802289009094238,1.7145347595214844,1.7073086500167847,1.3319411277770996,1.2288991212844849,1.0261887311935425,0.9700503349304199,1.006852388381958,1.0915863513946533,1.3138750791549683,1.6223986148834229,1.8113325834274292,1.7278761863708496,2.0033583641052246,1.9577527046203613,1.8835450410842896,2.0665712356567383,2.0943989753723145,1.7301185131072998,1.6741567850112915,1.490403413772583,1.4544026851654053,1.454883098602295,1.496544599533081,1.6772234439849854,1.9456239938735962,2.162771701812744,2.1485021114349365,2.409172296524048,2.4211318492889404,2.3497109413146973,2.4751806259155273,2.5031068325042725,2.1458346843719482,2.1367855072021484,1.9602006673812866,1.9350659847259521,1.9193781614303589,1.931538701057434,2.1089911460876465,2.1617929935455322,2.475780725479126,2.7231409549713135,2.949366807937622,3.2472047805786133
A8,1.7851901054382324,1.6454668045043945,1.4853378534317017,1.1973243951797485,0.9344051480293274,0.6106454133987427,0.38370653986930847,0.0,0.3838430941104889,0.5883183479309082,0.9527384042739868,1.0248533487319946,0.8024768233299255,1.1254944801330566,1.044262170791626,1.2841336727142334,1.6007280349731445,1.5823802947998047,1.25034761428833,1.0815472602844238,0.7442128658294678,0.6453566551208496,0.4976598918437958,0.646812915802002,0.791469395160675,1.1467251777648926,1.2421656847000122,1.0925769805908203,1.363187551498413,1.3220181465148926,1.452048897743225,1.7509469985961914,1.807883858680725,1.462552547454834,1.3885103464126587,1.1052887439727783,1.07108473777771,0.9753584265708923,1.058597445487976,1.1689592599868774,1.4752120971679688,1.6093770265579224,1.5259112119674683,1.7606778144836426,1.7346867322921753,1.8168107271194458,2.0499351024627686,2.141331195831299,1.801039457321167,1.7762463092803955,1.5356637239456177,1.5326440334320068,1.4525904655456543,1.5114489793777466,1.607129454612732,1.87574303150177,2.038578510284424,2.019005298614502,2.234379768371582,2.2560911178588867,2.2911605834960938,2.43717622756958,2.523847818374634,2.186210870742798,2.2067532539367676,1.9888218641281128,2.003552198410034,1.9380515813827515,1.983620285987854,2.106391668319702,2.1912806034088135,2.4607584476470947,2.6903514862060547,2.884284019470215,3.1745529174804688
A9,2.155900239944458,1.994680643081665,1.8266370296478271,1.5184146165847778,1.2273396253585815,0.9509572386741638,0.6269986629486084,0.3838430941104889,0.0,0.38408538699150085,0.6758139133453369,0.8800856471061707,0.8017697334289551,1.1800888776779175,1.221092700958252,1.6671136617660522,1.9821377992630005,1.9457200765609741,1.6044747829437256,1.3884562253952026,1.0636913776397705,0.8457964062690735,0.6187979578971863,0.5153824687004089,0.6094368100166321,0.8903939723968506,1.0696344375610352,1.0368458032608032,1.3525766134262085,1.4171007871627808,1.7861449718475342,2.1026010513305664,2.143134832382202,1.7924622297286987,1.6644028425216675,1.3558964729309082,1.2254970073699951,1.045801043510437,0.9948055744171143,1.0420228242874146,1.2726871967315674,1.4459388256072998,1.4492008686065674,1.703006386756897,1.760690689086914,2.0717239379882812,2.3421154022216797,2.428147554397583,2.0826656818389893,2.010467290878296,1.7297495603561401,1.659261703491211,1.50518798828125,1.4803458452224731,1.5160913467407227,1.7209162712097168,1.8965178728103638,1.942240834236145,2.154954195022583,2.2409863471984863,2.4745097160339355,2.666884422302246,2.7636213302612305,2.419642686843872,2.3995413780212402,2.1399738788604736,2.111030101776123,1.9798948764801025,1.975608229637146,2.0368270874023438,2.078307867050171,2.3177003860473633,2.5762925148010254,2.7323386669158936,3.0499393939971924
A10,2.3038370609283447,2.1911072731018066,2.0638020038604736,1.765883207321167,1.5171715021133423,1.189333438873291,0.93845534324646,0.5883183479309082,0.38408538699150085,0.0,0.39026227593421936,0.5168852806091309,0.5004060864448547,0.8747686147689819,1.0066778659820557,1.757068395614624,2.1084015369415283,2.124324083328247,1.8185796737670898,1.6449368000030518,1.2854372262954712,1.1260051727294922,0.8156037330627441,0.7314428687095642,0.5942699909210205,0.81892991065979,0.8930370211601257,0.8827516436576843,1.1344507932662964,1.2503697872161865,1.8323240280151367,2.1818630695343018,2.2785449028015137,1.9626702070236206,1.8760260343551636,1.5372933149337769,1.4549919366836548,1.2113585472106934,1.1839758157730103,1.1085408926010132,1.3123193979263306,1.3971283435821533,1.3977725505828857,1.5784679651260376,1.654371738433838,2.088157892227173,2.38525390625,2.527163505554199,2.213895797729492,2.181776523590088,1.877485752105713,1.8522616624832153,1.6543365716934204,1.6608413457870483,1.6184805631637573,1.8173160552978516,1.9208502769470215,1.952088475227356,2.1019608974456787,2.189986228942871,2.4992642402648926,2.695747137069702,2.8434925079345703,2.5276238918304443,2.5438485145568848,2.265662431716919,2.2819714546203613,2.1245527267456055,2.15988826751709,2.177462577819824,2.254761219024658,2.445819139480591,2.6749629974365234,2.7972731590270996,3.0968077182769775
A11,2.684436559677124,2.576911687850952,2.4360647201538086,2.144432783126831,1.8753776550292969,1.5625009536743164,1.2831780910491943,0.9527384042739868,0.6758139133453369,0.39026227593421936,0.0,0.3900749981403351,0.6298624277114868,0.9475628137588501,1.194394826889038,2.109574556350708,2.459761142730713,2.4638593196868896,2.168114423751831,1.965759515762329,1.6038060188293457,1.3998041152954102,1.052081823348999,0.8621436953544617,0.5883875489234924,0.6104702949523926,0.6847712993621826,0.8272572755813599,1.064257264137268,1.2924177646636963,2.1026387214660645,2.470496654510498,2.562380790710449,2.2580344676971436,2.1409049034118652,1.7799535989761353,1.654693603515625,1.3467509746551514,1.2459406852722168,1.0617026090621948,1.1615804433822632,1.2142986059188843,1.2921172380447388,1.4435579776763916,1.6021374464035034,2.2629857063293457,2.5951499938964844,2.744692087173462,2.4437708854675293,2.386434316635132,2.0492208003997803,1.993760108947754,1.7308388948440552,1.6937397718429565,1.565343976020813,1.70074462890625,1.7647956609725952,1.8391283750534058,1.9499558210372925,2.0916976928710938,2.5957155227661133,2.832249402999878,3.0031590461730957,2.6979470252990723,2.692903995513916,2.3793907165527344,2.3814404010772705,2.1660094261169434,2.1848082542419434,2.1315901279449463,2.1983089447021484,2.3312177658081055,2.555900812149048,2.628862142562866,2.9318456649780273
A12,2.610313653945923,2.5559229850769043,2.4430716037750244,2.1812570095062256,1.9506686925888062,1.6043274402618408,1.399315595626831,1.0248533487319946,0.8800856471061707,0.5168852806091309,0.3900749981403351,0.0,0.3686084747314453,0.584756076335907,0.890393853187561,1.9875919818878174,2.352506637573242,2.399705648422241,2.1482737064361572,1.9940978288650513,1.6155521869659424,1.489416480064392,1.1221163272857666,1.047132968902588,0.7280970811843872,0.806251049041748,0.6737436652183533,0.7079042792320251,0.8164240717887878,1.0336742401123047,1.9352959394454956,2.3162736892700195,2.4575095176696777,2.194396734237671,2.130725860595703,1.763838768005371,1.7150970697402954,1.403894066810608,1.3943969011306763,1.1818132400512695,1.3307833671569824,1.277421236038208,1.2699474096298218,1.3312474489212036,1.4401094913482666,2.0835232734680176,2.418839454650879,2.6167614459991455,2.3529744148254395,2.3498761653900146,2.016712188720703,2.031536817550659,1.7773001194000244,1.8158788681030273,1.6745829582214355,1.8567583560943604,1.8541600704193115,1.8596521615982056,1.9165045022964478,2.0066442489624023,2.448603391647339,2.6632003784179688,2.872844696044922,2.6000781059265137,2.646087169647217,2.341905355453491,2.4061520099639893,2.2100725173950195,2.2926316261291504,2.2493958473205566,2.37626314163208,2.4969964027404785,2.673539161682129,2.7511370182037354,3.0141069889068604
A13,2.2648653984069824,2.2315680980682373,2.1252639293670654,1.8874859809875488,1.6810647249221802,1.323815941810608,1.1816155910491943,0.8024768233299255,0.8017697334289551,0.5004060864448547,0.6298624277114868,0.3686084747314453,0.0,0.3845016062259674,0.5646087527275085,1.625544548034668,1.9915826320648193,2.0533154010772705,1.8201916217803955,1.6996209621429443,1.3204333782196045,1.2619990110397339,0.9179101586341858,0.9693151116371155,0.7291575074195862,0.955869734287262,0.8123977780342102,0.6674571633338928,0.7670952081680298,0.8423721790313721,1.5847584009170532,1.9614180326461792,2.1183249950408936,1.8648866415023804,1.8391656875610352,1.4857224225997925,1.5000349283218384,1.234984278678894,1.3165252208709717,1.17552649974823,1.4181575775146484,1.3700923919677734,1.272050142288208,1.3466087579727173,1.3583950996398926,1.7914316654205322,2.104013681411743,2.3090109825134277,2.0487287044525146,2.080979347229004,1.7733874320983887,1.8372504711151123,1.6361762285232544,1.7363409996032715,1.6581934690475464,1.9054497480392456,1.9185043573379517,1.8671760559082031,1.9499281644821167,1.9762433767318726,2.225691556930542,2.403588056564331,2.604599952697754,2.3330743312835693,2.410181760787964,2.1364965438842773,2.2328083515167236,2.0892951488494873,2.2072410583496094,2.2234063148498535,2.379774570465088,2.5429351329803467,2.706674814224243,2.8300716876983643,3.077603578567505
A14,2.335024833679199,2.3606436252593994,2.2886581420898438,2.0884664058685303,1.927754282951355,1.5647474527359009,1.4921629428863525,1.1254944801330566,1.1800888776779175,0.8747686147689819,0.9475628137588501,0.584756076335907,0.3845016062259674,0.0,0.38274282217025757,1.6668368577957153,2.0342705249786377,2.143902540206909,1.969800591468811,1.902404546737671,1.5334481000900269,1.5435367822647095,1.2161198854446411,1.3163706064224243,1.0566426515579224,1.242254376411438,0.9983606338500977,0.8123661875724792,0.7160999774932861,0.741203248500824,1.5655701160430908,1.9440114498138428,2.155822515487671,1.9615086317062378,1.9915536642074585,1.650874376296997,1.7311851978302002,1.4744555950164795,1.606013298034668,1.435490608215332,1.6725339889526367,1.545030117034912,1.397744059562683,1.3698046207427979,1.3319236040115356,1.7381823062896729,2.046880006790161,2.306509017944336,2.100071668624878,2.1880292892456055,1.894702434539795,2.020484447479248,1.8277498483657837,1.9786403179168701,1.877740502357483,2.137488603591919,2.089460611343384,1.9893041849136353,2.009762763977051,1.9912002086639404,2.1884114742279053,2.3394575119018555,2.5848329067230225,2.3594133853912354,2.487516403198242,2.2279880046844482,2.381004571914673,2.2514162063598633,2.4187638759613037,2.429572820663452,2.6279337406158447,2.766263008117676,2.8862595558166504,3.0008833408355713,3.2099497318267822
A15,1.9887089729309082,2.0444037914276123,1.985506534576416,1.8232060670852661,1.7030953168869019,1.3499817848205566,1.363895297050476,1.044262170791626,1.221092700958252,1.0066778659820557,1.194394826889038,0.890393853187561,0.5646087527275085,0.38274282217025757,0.0,1.3075017929077148,1.671101450920105,1.8045943975448608,1.6639450788497925,1.6485947370529175,1.3031731843948364,1.4010714292526245,1.1400635242462158,1.3450000286102295,1.1775206327438354,1.4447391033172607,1.2320231199264526,0.9591458439826965,0.8866944313049316,0.7326968312263489,1.2238857746124268,1.5897451639175415,1.8262743949890137,1.653140902519226,1.7375078201293945,1.432969093322754,1.5882329940795898,1.4041415452957153,1.6126306056976318,1.5202758312225342,1.8184680938720703,1.7143304347991943,1.5080534219741821,1.5067739486694336,1.3783684968948364,1.4846152067184448,1.75212824344635,2.0194239616394043,1.8230642080307007,1.956932783126831,1.7079118490219116,1.886372447013855,1.7628114223480225,1.9654648303985596,1.931749701499939,2.2379658222198486,2.214317798614502,2.0726613998413086,2.1250932216644287,2.04952335357666,2.019205331802368,2.118527412414551,2.347429037094116,2.127053737640381,2.2908530235290527,2.0757339000701904,2.2587203979492188,2.1909446716308594,2.385380268096924,2.4556515216827393,2.6716253757476807,2.8500120639801025,2.961989641189575,3.118989944458008,3.316190481185913
B1,0.7403499484062195,0.868216335773468,0.8455595374107361,0.8996057510375977,1.0122778415679932,0.898905873298645,1.23721444606781,1.2841336727142334,1.6671136617660522,1.757068395614624,2.109574556350708,1.9875919818878174,1.625544548034668,1.6668368577957153,1.3075017929077148,0.0,0.38939720392227173,0.6330867409706116,0.6265698671340942,0.9176635146141052,0.8839818835258484,1.2582606077194214,1.3794353008270264,1.744051218032837,1.8774737119674683,2.253387212753296,2.1970326900482178,1.8817389011383057,1.9588507413864136,1.6643260717391968,0.7189210057258606,0.7669158577919006,0.9656254649162292,0.8230447769165039,1.1203689575195312,1.1241695880889893,1.4451223611831665,1.5974594354629517,1.9113413095474243,2.082195997238159,2.4603264331817627,2.4904277324676514,2.24007248878479,2.3709356784820557,2.134585380554199,1.3866908550262451,1.367079734802246,1.4864113330841064,1.2803529500961304,1.5063855648040771,1.5135403871536255,1.756414532661438,1.907113790512085,2.162025213241577,2.356529712677002,2.7202723026275635,2.8225905895233154,2.6464998722076416,2.8276443481445312,2.671443223953247,2.051034450531006,1.9753905534744263,2.0172712802886963,1.781795859336853,1.9806145429611206,1.9675663709640503,2.1416027545928955,2.287220001220703,2.472459316253662,2.7258574962615967,2.915229082107544,3.220191717147827,3.3488101959228516,3.6198153495788574,3.813438653945923
B2,0.5869295001029968,0.7771289944648743,0.7407910823822021,0.9589846730232239,1.126979947090149,1.1376585960388184,1.4878456592559814,1.6007280349731445,1.9821377992630005,2.1084015369415283,2.459761142730713,2.352506637573242,1.9915826320648193,2.0342705249786377,1.671101450920105,0.38939720392227173,0.0,0.3833658993244171,0.5942220091819763,0.9596484899520874,1.0677484273910522,1.4511107206344604,1.6399266719818115,2.0091171264648438,2.1787333488464355,2.55415678024292,2.508838653564453,2.1858932971954346,2.2662508487701416,1.9508877992630005,0.8129502534866333,0.6614062190055847,0.7893945574760437,0.7434060573577881,1.0963051319122314,1.2263338565826416,1.5656681060791016,1.7881137132644653,2.114288330078125,2.3233189582824707,2.7036092281341553,2.7435142993927,2.479269504547119,2.618802547454834,2.357426166534424,1.439467191696167,1.317180871963501,1.3669413328170776,1.202953815460205,1.452980637550354,1.5574322938919067,1.8143733739852905,2.033250093460083,2.301115036010742,2.536280870437622,2.9047844409942627,3.0186452865600586,2.8254306316375732,3.021771192550659,2.8390564918518066,2.070390462875366,1.9400031566619873,1.91975736618042,1.7087833881378174,1.916871428489685,1.9779571294784546,2.1540651321411133,2.35984468460083,2.54949688911438,2.841400146484375,3.032498836517334,3.3544137477874756,3.4684317111968994,3.764434576034546,3.940638542175293
B3,0.8091732859611511,0.8626584410667419,0.6441693305969238,0.9156323075294495,0.9996862411499023,1.1006444692611694,1.4099915027618408,1.5823802947998047,1.9457200765609741,2.124324083328247,2.4638593196868896,2.399705648422241,2.0533154010772705,2.143902540206909,1.8045943975448608,0.6330867409706116,0.3833658993244171,0.0,0.3929249048233032,0.7081631422042847,0.9240835905075073,1.2828466892242432,1.5335729122161865,1.8934131860733032,2.1089577674865723,2.4770150184631348,2.4654059410095215,2.151893377304077,2.2744200229644775,1.9700864553451538,0.8377677202224731,0.6726208329200745,0.5939991474151611,0.4721204936504364,0.7898396253585815,1.008624792098999,1.3279470205307007,1.6099412441253662,1.930008888244629,2.1817643642425537,2.5557162761688232,2.623783826828003,2.366426706314087,2.5432751178741455,2.2894012928009033,1.3684154748916626,1.2466676235198975,1.1938438415527344,0.9746277928352356,1.1643598079681396,1.313795566558838,1.5400415658950806,1.805417537689209,2.062401533126831,2.336137056350708,2.6984264850616455,2.838212490081787,2.651465654373169,2.880436658859253,2.703291177749634,1.9250868558883667,1.8185569047927856,1.7382487058639526,1.4879714250564575,1.6433237791061401,1.726052165031433,1.8644118309020996,2.098522663116455,2.2683982849121094,2.5865204334259033,2.764141082763672,3.1018266677856445,3.21799635887146,3.531594753265381,3.708531141281128
B4,0.8665725588798523,0.7755297422409058,0.4678409993648529,0.6010552048683167,0.6107335090637207,0.732292115688324,1.0364986658096313,1.25034761428833,1.6044747829437256,1.8185796737670898,2.168114423751831,2.1482737064361572,1.8201916217803955,1.969800591468811,1.6639450788497925,0.6265698671340942,0.5942220091819763,0.3929249048233032,0.0,0.39404764771461487,0.6149365901947021,0.9599016308784485,1.2398324012756348,1.5811876058578491,1.8279449939727783,2.199188232421875,2.231550455093384,1.9485938549041748,2.1226518154144287,1.8645726442337036,0.9449543952941895,0.9359828233718872,0.8657594323158264,0.5618809461593628,0.7227706909179688,0.8574490547180176,1.1086112260818481,1.383184552192688,1.665603756904602,1.9356659650802612,2.3029980659484863,2.411107063293457,2.1925151348114014,2.4075560569763184,2.2017250061035156,1.4836069345474243,1.460939884185791,1.4190818071365356,1.117256760597229,1.2102183103561401,1.2710504531860352,1.4222148656845093,1.6494301557540894,1.8574498891830444,2.1334402561187744,2.4796934127807617,2.6526403427124023,2.5097060203552246,2.7610514163970947,2.632322311401367,2.0307846069335938,1.9968088865280151,1.93666672706604,1.6324068307876587,1.7247817516326904,1.735533356666565,1.8160810470581055,1.9988046884536743,2.1214005947113037,2.423125743865967,2.5635640621185303,2.9105823040008545,3.068032741546631,3.3689093589782715,3.5831892490386963
B5,1.248741865158081,1.1038037538528442,0.7496374249458313,0.7527379393577576,0.5291865468025208,0.6669116020202637,0.8343183398246765,1.0815472602844238,1.3884562253952026,1.6449368000030518,1.965759515762329,1.9940978288650513,1.6996209621429443,1.902404546737671,1.6485947370529175,0.9176635146141052,0.9596484899520874,0.7081631422042847,0.39404764771461487,0.0,0.3802534341812134,0.6306746602058411,0.9648255705833435,1.2780405282974243,1.5636705160140991,1.9184116125106812,1.9895120859146118,1.733927607536316,1.9579987525939941,1.7412159442901611,1.0442177057266235,1.124243974685669,0.9854754209518433,0.6019512414932251,0.51956707239151,0.5964704155921936,0.7524582147598267,1.0569301843643188,1.312290072441101,1.61479914188385,1.969539761543274,2.109379529953003,1.916168212890625,2.171788454055786,2.0018603801727295,1.452823519706726,1.5064833164215088,1.4295921325683594,1.0668638944625854,1.0375076532363892,1.0338294506072998,1.1015620231628418,1.3188005685806274,1.491188883781433,1.7855989933013916,2.1186962127685547,2.317711591720581,2.2008676528930664,2.4801106452941895,2.3835198879241943,1.9148035049438477,1.952208399772644,1.8856509923934937,1.5355616807937622,1.549631118774414,1.5067617893218994,1.5265172719955444,1.678285837173462,1.7643494606018066,2.0633881092071533,2.1830270290374756,2.536895513534546,2.711789846420288,3.0122792720794678,3.242999315261841
B6,1.3846566677093506,1.2692983150482178,0.9889407157897949,0.875799834728241,0.6013219356536865,0.5023806691169739,0.5944383144378662,0.7442128658294678,1.0636913776397705,1.2854372262954712,1.6038060188293457,1.6155521869659424,1.3204333782196045,1.5334481000900269,1.3031731843948364,0.8839818835258484,1.0677484273910522,0.9240835905075073,0.6149365901947021,0.3802534341812134,0.0,0.3848830461502075,0.6261245608329773,0.973469614982605,1.2191412448883057,1.5865910053253174,1.6374680995941162,1.379752516746521,1.6071573495864868,1.41287362575531,0.9590489268302917,1.1660786867141724,1.1235809326171875,0.7482994794845581,0.67043137550354,0.5002638101577759,0.6394442915916443,0.8184604644775391,1.0838780403137207,1.3342270851135254,1.700884222984314,1.8184312582015991,1.6290435791015625,1.873605728149414,1.7252174615859985,1.3571394681930542,1.498741626739502,1.5045135021209717,1.1423369646072388,1.1272015571594238,0.9975484609603882,1.0703240633010864,1.1795326471328735,1.3534941673278809,1.586010217666626,1.9251840114593506,2.0976502895355225,1.9884995222091675,2.244457960128784,2.168861150741577,1.8461753129959106,1.9282395839691162,1.9340544939041138,1.5845072269439697,1.615652084350586,1.4918895959854126,1.534496784210205,1.6079039573669434,1.7086013555526733,1.952634572982788,2.0881729125976562,2.4129602909088135,2.592168092727661,2.8630757331848145,3.1040005683898926
B7,1.7364789247512817,1.5772534608840942,1.281166911125183,1.1087909936904907,0.7466463446617126,0.6550236344337463,0.4891340136528015,0.6453566551208496,0.8457964062690735,1.1260051727294922,1.3998041152954102,1.489416480064392,1.2619990110397339,1.5435367822647095,1.4010714292526245,1.2582606077194214,1.4511107206344604,1.2828466892242432,0.9599016308784485,0.6306746602058411,0.3848830461502075,0.0,0.3871558904647827,0.6496372222900391,0.9640048742294312,1.3055810928344727,1.4265680313110352,1.232275366783142,1.5297964811325073,1.4182089567184448,1.2702064514160156,1.508243441581726,1.432413935661316,1.0558830499649048,0.8498008251190186,0.6041682362556458,0.48093125224113464,0.5856154561042786,0.7532292008399963,1.0419424772262573,1.3846194744110107,1.558508276939392,1.428086280822754,1.725475788116455,1.6477240324020386,1.5426609516143799,1.7427541017532349,1.7278062105178833,1.3499644994735718,1.2340295314788818,1.0262843370437622,0.9652717709541321,0.9920883178710938,1.0748987197875977,1.3046823740005493,1.6124203205108643,1.8246676921844482,1.7710248231887817,2.0557689666748047,2.039430618286133,1.9282677173614502,2.0793168544769287,2.086394786834717,1.7155975103378296,1.6705803871154785,1.482383370399475,1.4459699392318726,1.4444693326950073,1.4790157079696655,1.6897921562194824,1.7824325561523438,2.1083080768585205,2.3237268924713135,2.580057382583618,2.8524372577667236
B8,1.9523152112960815,1.830910325050354,1.5820717811584473,1.3818694353103638,1.0500844717025757,0.8325479626655579,0.5989753007888794,0.4976598918437958,0.6187979578971863,0.8156037330627441,1.052081823348999,1.1221163272857666,0.9179101586341858,1.2161198854446411,1.1400635242462158,1.3794353008270264,1.6399266719818115,1.5335729122161865,1.2398324012756348,0.9648255705833435,0.6261245608329773,0.3871558904647827,0.0,0.37838214635849,0.5989903807640076,0.961392879486084,1.0501433610916138,0.8609511256217957,1.1749858856201172,1.1183139085769653,1.3142560720443726,1.626219391822815,1.6164010763168335,1.2748488187789917,1.1030555963516235,0.7617419362068176,0.6415113806724548,0.4780779480934143,0.6125942468643188,0.771972119808197,1.1261309385299683,1.2576937675476074,1.136172890663147,1.4159704446792603,1.3772608041763306,1.5200316905975342,1.7894206047058105,1.84192955493927,1.491481900215149,1.399958848953247,1.111006736755371,1.0673854351043701,0.9556533098220825,1.0328975915908813,1.1477669477462769,1.452469825744629,1.614717721939087,1.5690457820892334,1.8151109218597412,1.8258075714111328,1.8927778005599976,2.0836660861968994,2.157270908355713,1.80624258518219,1.781671404838562,1.531144380569458,1.5265823602676392,1.4415724277496338,1.4991161823272705,1.6295223236083984,1.7473373413085938,2.02079176902771,2.2271907329559326,2.443416118621826,2.717475652694702
B9,2.2890512943267822,2.1378443241119385,1.887922763824463,1.65180242061615,1.2972429990768433,1.0994123220443726,0.7686963081359863,0.646812915802002,0.5153824687004089,0.7314428687095642,0.8621436953544617,1.047132968902588,0.9693151116371155,1.3163706064224243,1.3450000286102295,1.744051218032837,2.0091171264648438,1.8934131860733032,1.5811876058578491,1.2780405282974243,0.973469614982605,0.6496372222900391,0.37838214635849,0.0,0.38739296793937683,0.6787107586860657,0.8890495300292969,0.8379637598991394,1.2093005180358887,1.2683913707733154,1.682108759880066,1.9993717670440674,1.9748239517211914,1.6303945779800415,1.4150618314743042,1.0815950632095337,0.8525339365005493,0.6021641492843628,0.48073074221611023,0.5798255801200867,0.858279287815094,1.0663225650787354,1.0572127103805542,1.3758560419082642,1.4384938478469849,1.8244917392730713,2.12007737159729,2.162036418914795,1.811621069908142,1.6701445579528809,1.3546780347824097,1.2212668657302856,1.021506428718567,0.9676382541656494,1.013169527053833,1.2420096397399902,1.4381382465362549,1.477772831916809,1.7334238290786743,1.8230772018432617,2.1142303943634033,2.350329875946045,2.4275660514831543,2.0737123489379883,2.000171422958374,1.711177945137024,1.6452172994613647,1.4820348024368286,1.4658408164978027,1.5234941244125366,1.5822198390960693,1.8303543329238892,2.078101634979248,2.257312536239624,2.567721128463745
B10,2.486095905303955,2.375386953353882,2.158823251724243,1.923235535621643,1.599838137626648,1.341590404510498,1.0466126203536987,0.791469395160675,0.6094368100166321,0.5942699909210205,0.5883875489234924,0.7280970811843872,0.7291575074195862,1.0566426515579224,1.1775206327438354,1.8774737119674683,2.1787333488464355,2.1089577674865723,1.8279449939727783,1.5636705160140991,1.2191412448883057,0.9640048742294312,0.5989903807640076,0.38739296793937683,0.0,0.38038039207458496,0.5162268877029419,0.5234832167625427,0.8956848978996277,1.0446289777755737,1.7527128458023071,2.1096556186676025,2.1375815868377686,1.8291593790054321,1.6524145603179932,1.2839324474334717,1.111929178237915,0.7744549512863159,0.6757653951644897,0.5167880654335022,0.7486722469329834,0.8471904993057251,0.8558291792869568,1.1158884763717651,1.2301021814346313,1.8354582786560059,2.1717894077301025,2.270620346069336,1.9555848836898804,1.8501859903335571,1.501236081123352,1.4147478342056274,1.1443278789520264,1.1187855005264282,1.0293623208999634,1.2362622022628784,1.3371891975402832,1.372321367263794,1.556878924369812,1.6677067279815674,2.1082704067230225,2.3644845485687256,2.499584913253784,2.1764729022979736,2.1345677375793457,1.814931035041809,1.796044111251831,1.585568904876709,1.6118181943893433,1.595558524131775,1.6940721273422241,1.8701505661010742,2.084192991256714,2.2159717082977295,2.510127067565918
B11,2.866201877593994,2.750966787338257,2.52968430519104,2.2885100841522217,1.9552801847457886,1.7092620134353638,1.3925368785858154,1.1467251777648926,0.8903939723968506,0.81892991065979,0.6104702949523926,0.806251049041748,0.955869734287262,1.242254376411438,1.4447391033172607,2.253387212753296,2.55415678024292,2.4770150184631348,2.199188232421875,1.9184116125106812,1.5865910053253174,1.3055810928344727,0.961392879486084,0.6787107586860657,0.38038039207458496,0.0,0.3859530985355377,0.636049211025238,0.9654087424278259,1.2198677062988281,2.0902199745178223,2.4528892040252686,2.473501205444336,2.175586223602295,1.9745012521743774,1.6067286729812622,1.3954429626464844,1.032601237297058,0.8345755338668823,0.5451297163963318,0.5547970533370972,0.6461206674575806,0.8070785999298096,1.0479151010513306,1.272844910621643,2.096055030822754,2.454374074935913,2.552311897277832,2.251201629638672,2.118256092071533,1.7522872686386108,1.6252388954162598,1.297749638557434,1.1988930702209473,1.0002769231796265,1.097705364227295,1.1636475324630737,1.2772420644760132,1.4270843267440796,1.6171574592590332,2.2801451683044434,2.574028253555298,2.7228565216064453,2.4123315811157227,2.3413548469543457,1.9935531616210938,1.946273922920227,1.672685980796814,1.6617192029953003,1.5550652742385864,1.6235219240188599,1.7285655736923218,1.9478431940078735,2.0204663276672363,2.3288023471832275
B12,2.863618850708008,2.7971420288085938,2.5958828926086426,2.3823118209838867,2.078305721282959,1.7984814643859863,1.5396713018417358,1.2421656847000122,1.0696344375610352,0.8930370211601257,0.6847712993621826,0.6737436652183533,0.8123977780342102,0.9983606338500977,1.2320231199264526,2.1970326900482178,2.508838653564453,2.4654059410095215,2.231550455093384,1.9895120859146118,1.6374680995941162,1.4265680313110352,1.0501433610916138,0.8890495300292969,0.5162268877029419,0.3859530985355377,0.0,0.3657644987106323,0.6073499321937561,0.9164950847625732,1.9598289728164673,2.3404762744903564,2.403613805770874,2.1489250659942627,1.9926081895828247,1.6109226942062378,1.4749972820281982,1.0940055847167969,1.0096323490142822,0.6698400974273682,0.7397657632827759,0.607143223285675,0.6530390977859497,0.7705886960029602,0.9907175898551941,1.9130864143371582,2.2895395755767822,2.4358630180358887,2.1753005981445312,2.0906870365142822,1.7175014019012451,1.6642792224884033,1.3301489353179932,1.3245480060577393,1.0892795324325562,1.237940788269043,1.1879218816757202,1.2115291357040405,1.2760498523712158,1.4226754903793335,2.098104476928711,2.3874473571777344,2.5836572647094727,2.3088111877441406,2.285637617111206,1.9354349374771118,1.957876205444336,1.691734790802002,1.759929895401001,1.6496496200561523,1.7958106994628906,1.8682422637939453,2.0191712379455566,2.084719181060791,2.340970277786255
B13,2.572880983352661,2.535102367401123,2.3365089893341064,2.156534433364868,1.8735216856002808,1.5889418125152588,1.3884145021438599,1.0925769805908203,1.0368458032608032,0.8827516436576843,0.8272572755813599,0.7079042792320251,0.6674571633338928,0.8123661875724792,0.9591458439826965,1.8817389011383057,2.1858932971954346,2.151893377304077,1.9485938549041748,1.733927607536316,1.379752516746521,1.232275366783142,0.8609511256217957,0.8379637598991394,0.5234832167625427,0.636049211025238,0.3657644987106323,0.0,0.38240569829940796,0.5840371251106262,1.602700114250183,1.9859880208969116,2.064748764038086,1.830371379852295,1.7073132991790771,1.325294017791748,1.2582260370254517,0.8976030349731445,0.9424517154693604,0.6760662794113159,0.9009716510772705,0.7561708092689514,0.6077989935874939,0.7104759216308594,0.7839969992637634,1.5630861520767212,1.9357733726501465,2.0988667011260986,1.8492648601531982,1.8023990392684937,1.4391509294509888,1.451594352722168,1.1588184833526611,1.2509677410125732,1.0841141939163208,1.3320598602294922,1.2830901145935059,1.2066617012023926,1.2856566905975342,1.333372712135315,1.806774616241455,2.0690462589263916,2.2719480991363525,2.002842664718628,2.018907308578491,1.688960313796997,1.7639080286026,1.5507073402404785,1.6815415620803833,1.6402385234832764,1.839059591293335,1.9563640356063843,2.0782625675201416,2.196492910385132,2.4221718311309814
