,A1,A2,A3,A4,A5,A6,A7,A8,A9,A10,A11,A12,A13,A14,A15,B1,B2,B3,B4,B5,B6,B7,B8,B9,B10,B11,B12,B13,B14,B15,C1,C2,C3,C4,C5,C6,C7,C8,C9,C10,C11,C12,C13,C14,C15,D1,D2,D3,D4,D5,D6,D7,D8,D9,D10,D11,D12,D13,D14,D15,E1,E2,E3,E4,E5,E6,E7,E8,E9,E10,E11,E12,E13,E14,E15
A1,0.0,0.3573065400123596,0.670876145362854,0.8967119455337524,1.2757728099822998,1.4303348064422607,1.804503083229065,2.032672643661499,2.3796310424804688,2.624298572540283,3.0155999660491943,3.1076161861419678,2.8315000534057617,2.8804779052734375,2.5024595260620117,1.024248480796814,0.7649745345115662,0.8560596108436584,0.988265335559845,1.363104224205017,1.5385477542877197,1.8806501626968384,2.1341938972473145,2.46427583694458,2.722912311553955,3.114788055419922,3.2200818061828613,2.9806904792785645,3.0904970169067383,2.7443015575408936,1.434468388557434,1.219588279724121,1.2990208864212036,1.291655421257019,1.606981635093689,1.7706186771392822,2.064997673034668,2.3159096240997314,2.6160225868225098,2.8800837993621826,3.248579978942871,3.40840482711792,3.2308578491210938,3.384695053100586,3.060112714767456,1.9399769306182861,1.7250362634658813,1.7641494274139404,1.687069296836853,1.9442384243011475,2.0770962238311768,2.3253090381622314,2.5609865188598633,2.8228092193603516,3.094512462615967,3.421487331390381,3.6557767391204834,3.6092660427093506,3.690141439437866,3.380772829055786,2.553485155105591,2.2054033279418945,2.2015061378479004,2.0992298126220703,2.3404128551483154,2.445531129837036,2.6432878971099854,2.8578896522521973,3.050567388534546,3.3410584926605225,3.49531888961792,3.8263559341430664,3.95731258392334,4.312173366546631,4.459260940551758
A2,0.3573065400123596,0.0,0.36093610525131226,0.6159951090812683,0.9722109436988831,1.1246089935302734,1.5005725622177124,1.7321747541427612,2.083523750305176,2.338273525238037,2.724595546722412,2.8241617679595947,2.5577778816223145,2.6067652702331543,2.230278968811035,0.7266534566879272,0.5125719904899597,0.562687337398529,0.6372079253196716,1.0122897624969482,1.1853017807006836,1.533190369606018,1.7932465076446533,2.1279428005218506,2.3946704864501953,2.7856881618499756,2.8966104984283447,2.659437656402588,2.777353525161743,2.4306416511535645,1.1519299745559692,0.9942439794540405,1.0554050207138062,0.9765258431434631,1.2687513828277588,1.4174484014511108,1.707993984222412,1.9605265855789185,2.2621254920959473,2.530794620513916,2.8998515605926514,3.062415361404419,2.887721538543701,3.049748182296753,2.7277727127075195,1.6792325973510742,1.5137982368469238,1.5432183742523193,1.40761137008667,1.6327046155929565,1.7407011985778809,1.9771947860717773,2.206911563873291,2.4659006595611572,2.737928867340088,3.064863920211792,3.3005926609039307,3.257176637649536,3.346191167831421,3.041677474975586,2.318495273590088,1.9930047988891602,1.9882420301437378,1.8391084671020508,2.051332712173462,2.127572774887085,2.3111138343811035,2.5129568576812744,2.7003374099731445,2.98622465133667,3.140017032623291,3.4694252014160156,3.6018459796905518,3.955888032913208,4.105626106262207
A3,0.670876145362854,0.36093610525131226,0.0,0.38104575872421265,0.6797709465026855,0.9183295369148254,1.2616562843322754,1.5442742109298706,1.8714468479156494,2.1649508476257324,2.533761978149414,2.673647880554199,2.4431631565093994,2.524285316467285,2.1603105068206787,0.7645094394683838,0.6654232144355774,0.5308095812797546,0.3975445628166199,0.7216349840164185,0.9531365633010864,1.2657338380813599,1.5697458982467651,1.8797215223312378,2.1808018684387207,2.5574889183044434,2.707275867462158,2.499452829360962,2.654913902282715,2.321157693862915,1.1633793115615845,1.0816059112548828,1.0484793186187744,0.8496115803718567,1.0553364753723145,1.2117555141448975,1.451838731765747,1.7284834384918213,2.0001213550567627,2.2948009967803955,2.646904230117798,2.84277606010437,2.6989526748657227,2.8953306674957275,2.5897066593170166,1.6806665658950806,1.5764561891555786,1.548591136932373,1.3322914838790894,1.4787043333053589,1.5689377784729004,1.7505638599395752,1.984473466873169,2.209127426147461,2.4966485500335693,2.80261492729187,3.064988136291504,3.049116373062134,3.171639919281006,2.8851001262664795,2.3307929039001465,2.036454439163208,1.996611475944519,1.7871884107589722,1.9355508089065552,1.9836249351501465,2.1136436462402344,2.3040058612823486,2.4527084827423096,2.738738536834717,2.8632242679595947,3.2028350830078125,3.317457914352417,3.6756598949432373,3.8184831142425537
A4,0.8967119455337524,0.6159951090812683,0.38104575872421265,0.0,0.38525381684303284,0.6034500598907471,0.9392299056053162,1.232390284538269,1.5446910858154297,1.8414963483810425,2.2104392051696777,2.3641767501831055,2.1486709117889404,2.269934892654419,1.917493224143982,0.8022049069404602,0.8707042932510376,0.8280928134918213,0.5433030724525452,0.7071027159690857,0.8210209012031555,1.0726370811462402,1.3482050895690918,1.6301203966140747,1.919460415840149,2.291506290435791,2.45117449760437,2.267848014831543,2.4544596672058105,2.146317958831787,1.2787729501724243,1.2979010343551636,1.3155841827392578,1.046820044517517,1.1565682888031006,1.2023533582687378,1.3764972686767578,1.5977809429168701,1.8328561782836914,2.101693630218506,2.441199541091919,2.6435155868530273,2.5264432430267334,2.746326208114624,2.4698824882507324,1.8247591257095337,1.784682273864746,1.7960797548294067,1.5348312854766846,1.623046636581421,1.6258255243301392,1.7576709985733032,1.9295402765274048,2.1193206310272217,2.372562885284424,2.6582913398742676,2.9207122325897217,2.940199851989746,3.0685908794403076,2.8114309310913086,2.4903292655944824,2.229353427886963,2.2274835109710693,1.9831700325012207,2.0956203937530518,2.074284553527832,2.173499345779419,2.304588556289673,2.426536798477173,2.672015905380249,2.772486925125122,3.0945732593536377,3.1735990047454834,3.5405471324920654,3.6485273838043213
A5,1.2757728099822998,0.9722109436988831,0.6797709465026855,0.38525381684303284,0.0,0.38476842641830444,0.6174811124801636,0.963225781917572,1.2380242347717285,1.5703930854797363,1.9143614768981934,2.105113983154297,1.932664155960083,2.0849387645721436,1.759953498840332,0.9493349194526672,1.114417314529419,1.019696593284607,0.6396642327308655,0.5597759485244751,0.606898307800293,0.7460971474647522,1.0438580513000488,1.285880446434021,1.6015925407409668,1.9558602571487427,2.14982008934021,2.0007996559143066,2.2258472442626953,1.9438574314117432,1.341936469078064,1.4507380723953247,1.4305925369262695,1.0861833095550537,1.0592312812805176,1.0329020023345947,1.1082266569137573,1.3099478483200073,1.4977715015411377,1.774720549583435,2.093940496444702,2.3220598697662354,2.239300489425659,2.492302179336548,2.244267702102661,1.8452123403549194,1.8809247016906738,1.8713064193725586,1.550378680229187,1.5451761484146118,1.483365535736084,1.5384862422943115,1.6728296279907227,1.815398931503296,2.060500383377075,2.3208091259002686,2.5992844104766846,2.6508710384368896,2.8060004711151123,2.577568769454956,2.496724843978882,2.283824920654297,2.2754690647125244,1.9813857078552246,2.024976968765259,1.9459477663040161,1.987181305885315,2.073991060256958,2.1537272930145264,2.3752923011779785,2.44645094871521,2.7641820907592773,2.8200018405914307,3.190424919128418,3.2840394973754883
A6,1.4303348064422607,1.1246089935302734,0.9183295369148254,0.6034500598907471,0.38476842641830444,0.0,0.38810595870018005,0.6312412619590759,0.9616367816925049,1.2484065294265747,1.618233561515808,1.7682111263275146,1.5678037405014038,1.7112352848052979,1.3822057247161865,0.8713793754577637,1.1498425006866455,1.1636404991149902,0.8129902482032776,0.7127863764762878,0.5232134461402893,0.6365049481391907,0.804936945438385,1.0750256776809692,1.3307856321334839,1.7077796459197998,1.8559690713882446,1.6854777336120605,1.8986032009124756,1.622399926185608,1.2678197622299194,1.454114556312561,1.5181257724761963,1.1838057041168213,1.1435203552246094,0.9918016791343689,1.0629826784133911,1.1599234342575073,1.3613531589508057,1.5729526281356812,1.9097024202346802,2.092967987060547,1.9905953407287598,2.226560115814209,1.9871199131011963,1.7736505270004272,1.855804681777954,1.915678858757019,1.5991458892822266,1.5926886796951294,1.451901912689209,1.5164299011230469,1.5751234292984009,1.731284260749817,1.9179160594940186,2.191709280014038,2.428877353668213,2.473510265350342,2.5960240364074707,2.3762295246124268,2.4189138412475586,2.234785795211792,2.288480520248413,1.9948647022247314,2.0445806980133057,1.911851167678833,1.9755895137786865,2.009397029876709,2.1131365299224854,2.2908270359039307,2.38558030128479,2.667860269546509,2.7246851921081543,3.0919997692108154,3.1726791858673096
A7,1.804503083229065,1.5005725622177124,1.2616562843322754,0.9392299056053162,0.6174811124801636,0.38810595870018005,0.0,0.39122626185417175,0.6207274198532104,0.9632155299186707,1.297120451927185,1.503928303718567,1.3730469942092896,1.5780022144317627,1.307373046875,1.2238774299621582,1.520141839981079,1.5012972354888916,1.128575325012207,0.9145748019218445,0.6776803731918335,0.5378237366676331,0.6216686367988586,0.7722229957580566,1.0394575595855713,1.3851455450057983,1.5807207822799683,1.4735329151153564,1.7458813190460205,1.5277851819992065,1.543903112411499,1.775979995727539,1.8124178647994995,1.4495067596435547,1.3131103515625,1.09884774684906,1.0289156436920166,1.0428270101547241,1.140289306640625,1.3252886533737183,1.6195435523986816,1.832423448562622,1.7884825468063354,2.0679495334625244,1.8830809593200684,1.9907878637313843,2.128446578979492,2.1725265979766846,1.8251922130584717,1.742003083229065,1.541512131690979,1.5126920938491821,1.4994113445281982,1.57625412940979,1.722944974899292,1.948025107383728,2.196716547012329,2.293674945831299,2.443904399871826,2.2734644412994385,2.60205340385437,2.4644665718078613,2.514618396759033,2.190150737762451,2.1777358055114746,1.9893101453781128,1.9880598783493042,1.9573546648025513,2.0028364658355713,2.130143165588379,2.179330587387085,2.441093921661377,2.453293800354004,2.823805570602417,2.870025873184204
A8,2.032672643661499,1.7321747541427612,1.5442742109298706,1.232390284538269,0.963225781917572,0.6312412619590759,0.39122626185417175,0.0,0.3846883177757263,0.6241539120674133,0.9948717951774597,1.1436845064163208,0.9851125478744507,1.1902012825012207,0.9380723834037781,1.3194334506988525,1.6685012578964233,1.7153345346450806,1.3786914348602295,1.175811767578125,0.8447100520133972,0.6880654096603394,0.5223459005355835,0.6459206342697144,0.7745544910430908,1.1420133113861084,1.2690917253494263,1.1412699222564697,1.4068050384521484,1.2163554430007935,1.5889827013015747,1.874320149421692,1.9682080745697021,1.6297248601913452,1.4898072481155396,1.1962568759918213,1.1191774606704712,1.0006039142608643,1.0877782106399536,1.1601924896240234,1.4598480463027954,1.606176733970642,1.5435112714767456,1.8007121086120605,1.6407238245010376,1.9969842433929443,2.1775026321411133,2.2754976749420166,1.9436261653900146,1.8581475019454956,1.596807599067688,1.571819543838501,1.4738234281539917,1.5539733171463013,1.618248701095581,1.8473455905914307,2.0372557640075684,2.1264779567718506,2.2370731830596924,2.0864977836608887,2.572604179382324,2.472883701324463,2.5758721828460693,2.259460210800171,2.2474114894866943,2.012582302093506,2.0284736156463623,1.9407488107681274,2.0066957473754883,2.0778632164001465,2.1512796878814697,2.3634533882141113,2.3771755695343018,2.7353556156158447,2.767301082611084
A9,2.3796310424804688,2.083523750305176,1.8714468479156494,1.5446910858154297,1.2380242347717285,0.9616367816925049,0.6207274198532104,0.3846883177757263,0.0,0.3899572789669037,0.678309977054596,0.926535427570343,0.898520827293396,1.1913517713546753,1.052536129951477,1.7007546424865723,2.044781446456909,2.066779613494873,1.7121113538742065,1.4673748016357422,1.1588242053985596,0.8998475074768066,0.6872887015342712,0.5673563480377197,0.6158526539802551,0.8907888531684875,1.079158067703247,1.0660539865493774,1.3967039585113525,1.304271936416626,1.9463826417922974,2.2420225143432617,2.312826633453369,1.9589078426361084,1.772497534751892,1.4698127508163452,1.3027149438858032,1.1253783702850342,1.0764816999435425,1.0794978141784668,1.2888503074645996,1.460135579109192,1.4833605289459229,1.7806978225708008,1.6992002725601196,2.3169031143188477,2.523463010787964,2.604881525039673,2.2572412490844727,2.125525712966919,1.8395650386810303,1.7429134845733643,1.5889047384262085,1.5795254707336426,1.5853710174560547,1.738363265991211,1.9292876720428467,2.082273244857788,2.21817684173584,2.1317129135131836,2.8605263233184814,2.7921230792999268,2.8870773315429688,2.5540249347686768,2.498321294784546,2.2314772605895996,2.1918394565582275,2.0509262084960938,2.055171012878418,2.066849946975708,2.084139585494995,2.2608132362365723,2.2147841453552246,2.5687506198883057,2.550504684448242
A10,2.624298572540283,2.338273525238037,2.1649508476257324,1.8414963483810425,1.5703930854797363,1.2484065294265747,0.9632155299186707,0.6241539120674133,0.3899572789669037,0.0,0.40251171588897705,0.5519745349884033,0.5383010506629944,0.8788658976554871,0.8359581828117371,1.8874284029006958,2.254255533218384,2.32600998878479,1.9986000061035156,1.7764912843704224,1.4318230152130127,1.2049061059951782,0.9054878354072571,0.7770548462867737,0.600165605545044,0.8082773685455322,0.8715879917144775,0.8698520660400391,1.1802284717559814,1.1637074947357178,2.1042308807373047,2.424003839492798,2.5400643348693848,2.2113916873931885,2.0385067462921143,1.7020668983459473,1.5529022216796875,1.3048503398895264,1.2517577409744263,1.1326733827590942,1.3078681230545044,1.3825843334197998,1.3962939977645874,1.6514179706573486,1.617641568183899,2.4419853687286377,2.6706109046936035,2.7958478927612305,2.469590187072754,2.3482437133789062,2.0320839881896973,1.9499338865280151,1.7412564754486084,1.7361013889312744,1.6608649492263794,1.8014408349990845,1.9169590473175049,2.0616278648376465,2.1480190753936768,2.0932202339172363,2.946056365966797,2.9065675735473633,3.045283555984497,2.7282071113586426,2.680863857269287,2.3881096839904785,2.3683266639709473,2.18746280670166,2.2105460166931152,2.169670581817627,2.2068185806274414,2.325319766998291,2.2761611938476562,2.605640172958374,2.5649969577789307
A11,3.0155999660491943,2.724595546722412,2.533761978149414,2.2104392051696777,1.9143614768981934,1.618233561515808,1.297120451927185,0.9948717951774597,0.678309977054596,0.40251171588897705,0.0,0.3925851583480835,0.6512818932533264,0.9934486746788025,1.09088933467865,2.270782470703125,2.6378896236419678,2.689985752105713,2.3544843196868896,2.1000027656555176,1.7639634609222412,1.4872894287109375,1.174869418144226,0.9325913190841675,0.6637356281280518,0.6402438879013062,0.71065354347229,0.8740665912628174,1.2062815427780151,1.3061034679412842,2.4498112201690674,2.783268690109253,2.881303548812866,2.5448555946350098,2.3349757194519043,1.9896706342697144,1.7846684455871582,1.4972755908966064,1.3490692377090454,1.1485614776611328,1.197743535041809,1.2531378269195557,1.3568781614303589,1.6248488426208496,1.6830288171768188,2.7416293621063232,2.9976441860198975,3.1107399463653564,2.775566339492798,2.615811347961426,2.2790353298187256,2.144702196121216,1.8886555433273315,1.8120213747024536,1.6678357124328613,1.7246644496917725,1.8087995052337646,2.0065038204193115,2.1034226417541504,2.1214232444763184,3.202211380004883,3.1988041400909424,3.3334197998046875,3.00565242767334,2.9196925163269043,2.598944902420044,2.535754680633545,2.306021213531494,2.280362606048584,2.1741325855255127,2.1668334007263184,2.2283856868743896,2.1260900497436523,2.4316530227661133,2.3389527797698975
A12,3.1076161861419678,2.8241617679595947,2.673647880554199,2.3641767501831055,2.105113983154297,1.7682111263275146,1.503928303718567,1.1436845064163208,0.926535427570343,0.5519745349884033,0.3925851583480835,0.0,0.3828856945037842,0.681747317314148,0.8866282105445862,2.306492567062378,2.6863696575164795,2.785505533218384,2.483613967895508,2.2598111629486084,1.8949851989746094,1.6696687936782837,1.3162462711334229,1.1498748064041138,0.8113752603530884,0.8126305937767029,0.6666513085365295,0.7527227401733398,0.9921957850456238,1.1446160078048706,2.454233407974243,2.8008790016174316,2.943366289138794,2.6389524936676025,2.4562244415283203,2.09078049659729,1.93163001537323,1.614261269569397,1.522375464439392,1.2683391571044922,1.3452497720718384,1.2838486433029175,1.316312551498413,1.5023560523986816,1.5743606090545654,2.7164738178253174,2.9820141792297363,3.1386709213256836,2.8328471183776855,2.699084997177124,2.348804473876953,2.2552688121795654,1.978187918663025,1.947312355041504,1.7644098997116089,1.854259729385376,1.8620643615722656,2.007166624069214,2.034677505493164,2.052419900894165,3.1401050090789795,3.1553070545196533,3.3322818279266357,3.029406785964966,2.9673542976379395,2.638667583465576,2.6168618202209473,2.376316547393799,2.397768497467041,2.27537202835083,2.319033145904541,2.346954822540283,2.2831177711486816,2.5634331703186035,2.486440420150757
A13,2.8315000534057617,2.5577778816223145,2.4431631565093994,2.1486709117889404,1.932664155960083,1.5678037405014038,1.3730469942092896,0.9851125478744507,0.898520827293396,0.5383010506629944,0.6512818932533264,0.3828856945037842,0.0,0.38708388805389404,0.5233861207962036,2.0114521980285645,2.393585443496704,2.530796766281128,2.257819652557373,2.0769553184509277,1.6997159719467163,1.5436233282089233,1.1917619705200195,1.1419810056686401,0.847040593624115,1.0052400827407837,0.8299340009689331,0.72816002368927,0.8909797668457031,0.9457417726516724,2.1661813259124756,2.5068819522857666,2.68491268157959,2.4065182209014893,2.267299175262451,1.904014229774475,1.8119902610778809,1.5153992176055908,1.5186063051223755,1.307917833328247,1.4871370792388916,1.4121752977371216,1.3434650897979736,1.4842374324798584,1.4738200902938843,2.446429967880249,2.6938509941101074,2.881091594696045,2.5992367267608643,2.5090506076812744,2.171767234802246,2.1390702724456787,1.8923684358596802,1.936340093612671,1.7943921089172363,1.9613054990768433,1.9715410470962524,2.052729845046997,2.046414375305176,1.9980318546295166,2.8859059810638428,2.8802969455718994,3.0804784297943115,2.7997171878814697,2.780169725418091,2.472454309463501,2.5044214725494385,2.300201177597046,2.379840612411499,2.304476499557495,2.401643991470337,2.464500904083252,2.4561591148376465,2.7486214637756348,2.719961643218994
A14,2.8804779052734375,2.6067652702331543,2.524285316467285,2.269934892654419,2.0849387645721436,1.7112352848052979,1.5780022144317627,1.1902012825012207,1.1913517713546753,0.8788658976554871,0.9934486746788025,0.681747317314148,0.38708388805389404,0.0,0.38130345940589905,1.9914144277572632,2.372333526611328,2.5368266105651855,2.30977201461792,2.150721549987793,1.7650116682052612,1.6599701642990112,1.296888828277588,1.3152496814727783,1.0144720077514648,1.1846507787704468,0.9110985398292542,0.6871104836463928,0.6685881614685059,0.7237964868545532,2.068384885787964,2.42087984085083,2.627439022064209,2.389892578125,2.269282341003418,1.898102045059204,1.8498555421829224,1.5392476320266724,1.5985807180404663,1.3662176132202148,1.575488567352295,1.4195876121520996,1.2618736028671265,1.3049315214157104,1.2734200954437256,2.2849864959716797,2.5475516319274902,2.767425775527954,2.5203588008880615,2.44856595993042,2.1054301261901855,2.1115775108337402,1.854537010192871,1.9466049671173096,1.785366415977478,1.9915177822113037,1.9438612461090088,1.9556736946105957,1.8847293853759766,1.813726782798767,2.6666107177734375,2.688253164291382,2.923095703125,2.670093059539795,2.6670968532562256,2.3569321632385254,2.4284543991088867,2.2221343517303467,2.3505043983459473,2.2723653316497803,2.4238202571868896,2.4681475162506104,2.5123748779296875,2.783083915710449,2.7923083305358887
A15,2.5024595260620117,2.230278968811035,2.1603105068206787,1.917493224143982,1.759953498840332,1.3822057247161865,1.307373046875,0.9380723834037781,1.052536129951477,0.8359581828117371,1.09088933467865,0.8866282105445862,0.5233861207962036,0.38130345940589905,0.0,1.614874243736267,1.9952706098556519,2.1707911491394043,1.9538962841033936,1.8245618343353271,1.4427521228790283,1.3942350149154663,1.0673922300338745,1.1848465204238892,0.982578694820404,1.2670636177062988,1.0817108154296875,0.7983153462409973,0.8189918398857117,0.6802368760108948,1.7232450246810913,2.064366579055786,2.2807605266571045,2.0481677055358887,1.9595764875411987,1.6040558815002441,1.608139991760254,1.347523808479309,1.481882929801941,1.3359179496765137,1.6227436065673828,1.5306737422943115,1.3383278846740723,1.4103622436523438,1.277457594871521,1.9922103881835938,2.227551221847534,2.4502243995666504,2.2058422565460205,2.166240692138672,1.8479634523391724,1.8980101346969604,1.6948806047439575,1.8399169445037842,1.7528806924819946,2.0123238563537598,2.020592451095581,2.01072359085083,1.964241623878479,1.824724793434143,2.4324216842651367,2.4112558364868164,2.6390347480773926,2.389319658279419,2.4181220531463623,2.1386911869049072,2.241697072982788,2.087207078933716,2.2453246116638184,2.2310101985931396,2.4008915424346924,2.503289222717285,2.5741631984710693,2.8719868659973145,2.914268732070923
B1,1.024248480796814,0.7266534566879272,0.7645094394683838,0.8022049069404602,0.9493349194526672,0.8713793754577637,1.2238774299621582,1.3194334506988525,1.7007546424865723,1.8874284029006958,2.270782470703125,2.306492567062378,2.0114521980285645,1.9914144277572632,1.614874243736267,0.0,0.383823037147522,0.6192688941955566,0.6024243831634521,0.8226536512374878,0.7747227549552917,1.151968240737915,1.300940752029419,1.678686261177063,1.8807671070098877,2.2826762199401855,2.3259847164154053,2.043898820877075,2.109917402267456,1.748686671257019,0.5656901001930237,0.6491808295249939,0.8692865967750549,0.7312965989112854,0.9585697650909424,0.9402193427085876,1.2739380598068237,1.4386829137802124,1.787577748298645,1.9965101480484009,2.390381336212158,2.486570358276367,2.264479875564575,2.382532835006714,2.0489773750305176,1.1438462734222412,1.1048901081085205,1.2519510984420776,1.0686111450195312,1.2652883529663086,1.2508985996246338,1.5240792036056519,1.6818476915359497,1.9841375350952148,2.2023370265960693,2.5609517097473145,2.7386295795440674,2.6578869819641113,2.7021548748016357,2.390559673309326,1.8054338693618774,1.5408822298049927,1.6369723081588745,1.4469410181045532,1.649312973022461,1.6351054906845093,1.8590166568756104,2.0029869079589844,2.239027976989746,2.484691858291626,2.68841552734375,2.9777982234954834,3.1397507190704346,3.479696750640869,3.640395402908325
B2,0.7649745345115662,0.5125719904899597,0.6654232144355774,0.8707042932510376,1.114417314529419,1.1498425006866455,1.520141839981079,1.6685012578964233,2.044781446456909,2.254255533218384,2.6378896236419678,2.6863696575164795,2.393585443496704,2.372333526611328,1.9952706098556519,0.383823037147522,0.0,0.39862409234046936,0.6106082201004028,0.951794445514679,1.0437896251678467,1.4323946237564087,1.6363322734832764,2.0092787742614746,2.2386105060577393,2.637084722518921,2.6955325603485107,2.4156174659729004,2.4760515689849854,2.1091206073760986,0.6703054308891296,0.5101272463798523,0.6992859244346619,0.6957365870475769,1.03667151927948,1.1502394676208496,1.5062792301177979,1.7304754257202148,2.0811140537261963,2.322190761566162,2.712867259979248,2.8242194652557373,2.6010019779205322,2.713538408279419,2.3674516677856445,1.1936888694763184,1.0330517292022705,1.1339715719223022,1.030051589012146,1.3054540157318115,1.4004414081573486,1.7007241249084473,1.9205127954483032,2.230419158935547,2.484153985977173,2.8439409732818604,3.0365641117095947,2.9426398277282715,2.9930574893951416,2.6648075580596924,1.8309639692306519,1.5099103450775146,1.5551729202270508,1.4223743677139282,1.6736353635787964,1.746853232383728,1.9885532855987549,2.192261219024658,2.4339025020599365,2.716595411300659,2.921875,3.2321271896362305,3.408191442489624,3.7453956604003906,3.9245409965515137
B3,0.8560596108436584,0.562687337398529,0.5308095812797546,0.8280928134918213,1.019696593284607,1.1636404991149902,1.5012972354888916,1.7153345346450806,2.066779613494873,2.32600998878479,2.689985752105713,2.785505533218384,2.530796766281128,2.5368266105651855,2.1707911491394043,0.6192688941955566,0.39862409234046936,0.0,0.39499545097351074,0.7379268407821655,0.964803159236908,1.333012342453003,1.6088451147079468,1.9608352184295654,2.241569757461548,2.623589515686035,2.729438066482544,2.4770889282226562,2.5713415145874023,2.209933042526245,0.763892412185669,0.6018779873847961,0.5228564143180847,0.4397242069244385,0.7879889607429504,1.0153883695602417,1.3487424850463867,1.6418392658233643,1.9722824096679688,2.263517379760742,2.6376421451568604,2.7910120487213135,2.594717025756836,2.739131212234497,2.39823317527771,1.2122544050216675,1.0679174661636353,1.024186134338379,0.8551571369171143,1.0885621309280396,1.249592661857605,1.5162990093231201,1.7911959886550903,2.077981948852539,2.3763012886047363,2.719738245010376,2.9491193294525146,2.8698318004608154,2.961744785308838,2.6382839679718018,1.8381342887878418,1.5268795490264893,1.4746512174606323,1.2961214780807495,1.4966682195663452,1.6020838022232056,1.7970844507217407,2.0365641117095947,2.2456464767456055,2.559399366378784,2.7409486770629883,3.077608823776245,3.2523109912872314,3.5896074771881104,3.7810070514678955
B4,0.988265335559845,0.6372079253196716,0.3975445628166199,0.5433030724525452,0.6396642327308655,0.8129902482032776,1.128575325012207,1.3786914348602295,1.7121113538742065,1.9986000061035156,2.3544843196868896,2.483613967895508,2.257819652557373,2.30977201461792,1.9538962841033936,0.6024243831634521,0.6106082201004028,0.39499545097351074,0.0,0.39074575901031494,0.6404021978378296,0.9849380850791931,1.2902647256851196,1.6210784912109375,1.9234552383422852,2.299363136291504,2.438091516494751,2.2175235748291016,2.3593881130218506,2.0184881687164307,0.8689664602279663,0.8744555115699768,0.8048909306526184,0.5072874426841736,0.6696366667747498,0.8214050531387329,1.0886576175689697,1.3782790899276733,1.6752581596374512,1.9756016731262207,2.337409734725952,2.520373821258545,2.360804796218872,2.5481696128845215,2.2345919609069824,1.3564387559890747,1.3152711391448975,1.2750118970870972,0.9999815225601196,1.105667233467102,1.1722638607025146,1.361168384552002,1.6007401943206787,1.8446452617645264,2.1371638774871826,2.4581894874572754,2.7102794647216797,2.6755571365356445,2.796329975128174,2.5032906532287598,2.006478786468506,1.744984745979309,1.7053319215774536,1.4538943767547607,1.5719852447509766,1.5937234163284302,1.7232686281204224,1.9106498956680298,2.073732614517212,2.363478899002075,2.5087761878967285,2.845625638961792,2.983907699584961,3.334683895111084,3.497796058654785
B5,1.363104224205017,1.0122897624969482,0.7216349840164185,0.7071027159690857,0.5597759485244751,0.7127863764762878,0.9145748019218445,1.175811767578125,1.4673748016357422,1.7764912843704224,2.1000027656555176,2.2598111629486084,2.0769553184509277,2.150721549987793,1.8245618343353271,0.8226536512374878,0.951794445514679,0.7379268407821655,0.39074575901031494,0.0,0.38604214787483215,0.648067831993103,0.9947450160980225,1.2950739860534668,1.625905990600586,1.9808614253997803,2.1512792110443115,1.9614574909210205,2.1374120712280273,1.8201364278793335,0.9803049564361572,1.1050797700881958,0.9923506379127502,0.6050253510475159,0.5020346641540527,0.5703794956207275,0.7382276654243469,1.0476280450820923,1.3128643035888672,1.6362963914871216,1.981862187385559,2.1911580562591553,2.061800718307495,2.282588243484497,1.9936867952346802,1.392784833908081,1.4517109394073486,1.3825324773788452,1.0299142599105835,0.9909229874610901,0.9729027152061462,1.0679336786270142,1.2865945100784302,1.49027419090271,1.790346622467041,2.092799186706543,2.364927291870117,2.357794761657715,2.5103354454040527,2.2427873611450195,2.0169684886932373,1.8181766271591187,1.7677392959594727,1.4525279998779297,1.4745676517486572,1.4234557151794434,1.4795445203781128,1.6253535747528076,1.7452764511108398,2.0219006538391113,2.1422042846679688,2.482022523880005,2.605395793914795,2.959656238555908,3.1166491508483887
B6,1.5385477542877197,1.1853017807006836,0.9531365633010864,0.8210209012031555,0.606898307800293,0.5232134461402893,0.6776803731918335,0.8447100520133972,1.1588242053985596,1.4318230152130127,1.7639634609222412,1.8949851989746094,1.6997159719467163,1.7650116682052612,1.4427521228790283,0.7747227549552917,1.0437896251678467,0.964803159236908,0.6404021978378296,0.38604214787483215,0.0,0.3899468183517456,0.651960015296936,0.9966281056404114,1.28825843334198,1.6643928289413452,1.8015462160110474,1.595041036605835,1.7691580057144165,1.4551359415054321,0.936225950717926,1.174298644065857,1.168468952178955,0.8014472723007202,0.6628593802452087,0.4701634347438812,0.6021090149879456,0.790469229221344,1.0801098346710205,1.3504630327224731,1.7183679342269897,1.8930972814559937,1.7491331100463867,1.9656871557235718,1.6854581832885742,1.3549424409866333,1.486000418663025,1.5004079341888428,1.1477465629577637,1.0862804651260376,0.9322654604911804,1.0129772424697876,1.1237789392471313,1.3356449604034424,1.574981689453125,1.8913049697875977,2.1294732093811035,2.12465238571167,2.252899408340454,1.9977303743362427,1.9769692420959473,1.820158839225769,1.8430100679397583,1.5193078517913818,1.5326569080352783,1.3949272632598877,1.460779070854187,1.5263549089431763,1.661760926246643,1.883316993713379,2.0205776691436768,2.3247485160827637,2.441283702850342,2.797245979309082,2.935763120651245
B7,1.8806501626968384,1.533190369606018,1.2657338380813599,1.0726370811462402,0.7460971474647522,0.6365049481391907,0.5378237366676331,0.6880654096603394,0.8998475074768066,1.2049061059951782,1.4872894287109375,1.6696687936782837,1.5436233282089233,1.6599701642990112,1.3942350149154663,1.151968240737915,1.4323946237564087,1.333012342453003,0.9849380850791931,0.648067831993103,0.3899468183517456,0.0,0.38778597116470337,0.6470897197723389,0.989038348197937,1.3351925611495972,1.528031587600708,1.3835870027542114,1.621672511100769,1.365188717842102,1.2790696620941162,1.5461398363113403,1.5130527019500732,1.1335045099258423,0.8900898694992065,0.6342220902442932,0.4917375147342682,0.5813329219818115,0.7608788013458252,1.0456502437591553,1.3829551935195923,1.60247004032135,1.5203031301498413,1.793178677558899,1.5694432258605957,1.6225605010986328,1.8076753616333008,1.8017303943634033,1.4259779453277588,1.2690794467926025,1.0429987907409668,0.977069079875946,0.9937991499900818,1.104247808456421,1.3184123039245605,1.5900846719741821,1.855114459991455,1.9088516235351562,2.077892541885376,1.8755035400390625,2.193063735961914,2.090113401412964,2.104936122894287,1.7520785331726074,1.6861343383789062,1.4812626838684082,1.4538116455078125,1.437880277633667,1.495544672012329,1.6669691801071167,1.7520805597305298,2.0463063716888428,2.1200058460235596,2.4851324558258057,2.5953142642974854
B8,2.1341938972473145,1.7932465076446533,1.5697458982467651,1.3482050895690918,1.0438580513000488,0.804936945438385,0.6216686367988586,0.5223459005355835,0.6872887015342712,0.9054878354072571,1.174869418144226,1.3162462711334229,1.1917619705200195,1.296888828277588,1.0673922300338745,1.300940752029419,1.6363322734832764,1.6088451147079468,1.2902647256851196,0.9947450160980225,0.651960015296936,0.38778597116470337,0.0,0.38643816113471985,0.6378477215766907,1.015479326248169,1.1598657369613647,0.999313235282898,1.2485535144805908,1.0195497274398804,1.390748381614685,1.7141283750534058,1.7441469430923462,1.3952504396438599,1.1613638401031494,0.8187145590782166,0.6528244018554688,0.47876930236816406,0.6199370622634888,0.7734330892562866,1.1338309049606323,1.2974085807800293,1.2020739316940308,1.4739701747894287,1.2799986600875854,1.6885124444961548,1.9249980449676514,1.9769408702850342,1.620492935180664,1.4587780237197876,1.1550410985946655,1.0753356218338013,0.9534507989883423,1.0452595949172974,1.1477844715118408,1.4217983484268188,1.6306712627410889,1.6889081001281738,1.8266288042068481,1.65268874168396,2.2150135040283203,2.159780263900757,2.2315709590911865,1.8864389657974243,1.8132694959640503,1.5455433130264282,1.524658441543579,1.4213076829910278,1.4881935119628906,1.5787814855575562,1.681075930595398,1.9171998500823975,1.982956051826477,2.3397135734558105,2.4286606311798096
B9,2.46427583694458,2.1279428005218506,1.8797215223312378,1.6301203966140747,1.285880446434021,1.0750256776809692,0.7722229957580566,0.6459206342697144,0.5673563480377197,0.7770548462867737,0.9325913190841675,1.1498748064041138,1.1419810056686401,1.3152496814727783,1.1848465204238892,1.678686261177063,2.0092787742614746,1.9608352184295654,1.6210784912109375,1.2950739860534668,0.9966281056404114,0.6470897197723389,0.38643816113471985,0.0,0.3905300796031952,0.6928207278251648,0.9365159869194031,0.9020411968231201,1.2317804098129272,1.113784670829773,1.7706396579742432,2.093986749649048,2.1010518074035645,1.7404879331588745,1.4680323600769043,1.141692876815796,0.8734948635101318,0.6346017718315125,0.5096328854560852,0.578239381313324,0.8491727709770203,1.0742244720458984,1.0897053480148315,1.424781084060669,1.3270326852798462,2.032935857772827,2.288661479949951,2.321080446243286,1.9538905620574951,1.7457623481750488,1.4282342195510864,1.2565624713897705,1.063218593597412,1.014289140701294,1.039798378944397,1.2191773653030396,1.447097897529602,1.589033842086792,1.768406629562378,1.673153281211853,2.517819881439209,2.495612144470215,2.555452585220337,2.197376251220703,2.0751659870147705,1.7773970365524292,1.6835001707077026,1.5132980346679688,1.4916425943374634,1.505408525466919,1.5331965684890747,1.7350523471832275,1.7332415580749512,2.0946381092071533,2.1356427669525146
B10,2.722912311553955,2.3946704864501953,2.1808018684387207,1.919460415840149,1.6015925407409668,1.3307856321334839,1.0394575595855713,0.7745544910430908,0.6158526539802551,0.600165605545044,0.6637356281280518,0.8113752603530884,0.847040593624115,1.0144720077514648,0.982578694820404,1.8807671070098877,2.2386105060577393,2.241569757461548,1.9234552383422852,1.625905990600586,1.28825843334198,0.989038348197937,0.6378477215766907,0.3905300796031952,0.0,0.40472137928009033,0.5599321126937866,0.5581426620483398,0.9242497682571411,0.9034501314163208,1.9507945775985718,2.3011178970336914,2.355618476867676,2.0203654766082764,1.7670994997024536,1.4078052043914795,1.1727726459503174,0.8504195213317871,0.7143688201904297,0.5331636071205139,0.7467113733291626,0.8534318804740906,0.8759763836860657,1.1956396102905273,1.1693730354309082,2.177501916885376,2.4600918292999268,2.5382940769195557,2.1938743591308594,1.9972803592681885,1.6468404531478882,1.4918643236160278,1.224968671798706,1.169638752937317,1.062822699546814,1.2114193439483643,1.3418985605239868,1.4890494346618652,1.6185435056686401,1.5726172924041748,2.61555814743042,2.629481077194214,2.7356643676757812,2.3940043449401855,2.2776384353637695,1.9480029344558716,1.8725578784942627,1.6463496685028076,1.639656662940979,1.5729368925094604,1.6169418096542358,1.7368146181106567,1.7218506336212158,2.056131362915039,2.065403699874878
B11,3.114788055419922,2.7856881618499756,2.5574889183044434,2.291506290435791,1.9558602571487427,1.7077796459197998,1.3851455450057983,1.1420133113861084,0.8907888531684875,0.8082773685455322,0.6402438879013062,0.8126305937767029,1.0052400827407837,1.1846507787704468,1.2670636177062988,2.2826762199401855,2.637084722518921,2.623589515686035,2.299363136291504,1.9808614253997803,1.6643928289413452,1.3351925611495972,1.015479326248169,0.6928207278251648,0.40472137928009033,0.0,0.3978482782840729,0.648758590221405,1.0131019353866577,1.126267910003662,2.330095052719116,2.6849236488342285,2.7217166423797607,2.3834235668182373,2.101977586746216,1.7503151893615723,1.4694886207580566,1.1360715627670288,0.8859428763389587,0.6007751226425171,0.5599740147590637,0.6591835021972656,0.8438128232955933,1.1844791173934937,1.2804524898529053,2.513202667236328,2.8156886100769043,2.879615068435669,2.5317139625549316,2.300548553466797,1.941657304763794,1.7327996492385864,1.4248980283737183,1.2732337713241577,1.0731923580169678,1.0884538888931274,1.181781530380249,1.4103546142578125,1.563177466392517,1.6140834093093872,2.9004194736480713,2.9501760005950928,3.048827886581421,2.7012832164764404,2.545450210571289,2.19435977935791,2.0681755542755127,1.7902305126190186,1.7170131206512451,1.5646867752075195,1.544011116027832,1.588576078414917,1.5031423568725586,1.814056396484375,1.7646212577819824
B12,3.2200818061828613,2.8966104984283447,2.707275867462158,2.45117449760437,2.14982008934021,1.8559690713882446,1.5807207822799683,1.2690917253494263,1.079158067703247,0.8715879917144775,0.71065354347229,0.6666513085365295,0.8299340009689331,0.9110985398292542,1.0817108154296875,2.3259847164154053,2.6955325603485107,2.729438066482544,2.438091516494751,2.1512792110443115,1.8015462160110474,1.528031587600708,1.1598657369613647,0.9365159869194031,0.5599321126937866,0.3978482782840729,0.0,0.3727273941040039,0.6819602847099304,0.8951537013053894,2.336547374725342,2.7086715698242188,2.791156053543091,2.485982894897461,2.233015537261963,1.8574457168579102,1.6309423446655273,1.2622321844100952,1.0970191955566406,0.7456861138343811,0.7556623816490173,0.619178056716919,0.6962854862213135,0.9445458650588989,1.0857115983963013,2.481757640838623,2.7999396324157715,2.9096734523773193,2.5925493240356445,2.3878612518310547,2.0113096237182617,1.8499835729599,1.514183521270752,1.4243117570877075,1.1679531335830688,1.228200912475586,1.1977449655532837,1.3545446395874023,1.414103388786316,1.4764747619628906,2.8231966495513916,2.899350881576538,3.043959856033325,2.7220237255096436,2.5894341468811035,2.2255730628967285,2.146604537963867,1.851595163345337,1.8379665613174438,1.6607487201690674,1.70829439163208,1.7009217739105225,1.665994644165039,1.9352866411209106,1.9022682905197144
B13,2.9806904792785645,2.659437656402588,2.499452829360962,2.267848014831543,2.0007996559143066,1.6854777336120605,1.4735329151153564,1.1412699222564697,1.0660539865493774,0.8698520660400391,0.8740665912628174,0.7527227401733398,0.72816002368927,0.6871104836463928,0.7983153462409973,2.043898820877075,2.4156174659729004,2.4770889282226562,2.2175235748291016,1.9614574909210205,1.595041036605835,1.3835870027542114,0.999313235282898,0.9020411968231201,0.5581426620483398,0.648758590221405,0.3727273941040039,0.0,0.38161972165107727,0.5251551866531372,2.0241527557373047,2.4018383026123047,2.5124666690826416,2.2338573932647705,2.0115575790405273,1.6265419721603394,1.4618339538574219,1.0911778211593628,1.0424548387527466,0.7306382656097412,0.9077605605125427,0.7438960671424866,0.6156849265098572,0.7936561703681946,0.8279522657394409,2.158579111099243,2.4760003089904785,2.613598346710205,2.318387985229492,2.14603328704834,1.7687913179397583,1.666668176651001,1.3449660539627075,1.3495935201644897,1.133067011833191,1.3076549768447876,1.269747257232666,1.325224757194519,1.3302265405654907,1.3056859970092773,2.500497817993164,2.5709588527679443,2.740321397781372,2.4363760948181152,2.337235689163208,1.981858491897583,1.9595866203308105,1.6921486854553223,1.753771424293518,1.62791907787323,1.7526618242263794,1.784896731376648,1.8278312683105469,2.1038267612457275,2.1330480575561523
