,A1,A2,A3,A4,A5,A6,A7,A8,A9,A10,A11,A12,A13,A14,A15,B1,B2,B3,B4,B5,B6,B7,B8,B9,B10,B11,B12,B13,B14,B15,C1,C2,C3,C4,C5,C6,C7,C8,C9,C10,C11,C12,C13,C14,C15,D1,D2,D3,D4,D5,D6,D7,D8,D9,D10,D11,D12,D13,D14,D15,E1,E2,E3,E4,E5,E6,E7,E8,E9,E10,E11,E12,E13,E14,E15
A1,0.0,0.39635810256004333,0.5986735224723816,0.9271515011787415,1.2308250665664673,1.5386313199996948,1.8277844190597534,2.1971287727355957,2.2689170837402344,2.0087106227874756,2.2323527336120605,2.0355896949768066,2.386995792388916,2.330832004547119,1.9666653871536255,0.6533771753311157,0.7619158625602722,0.897076427936554,1.112475037574768,1.3916157484054565,1.6389179229736328,1.9370155334472656,2.292062759399414,2.411966323852539,2.2136056423187256,2.439420461654663,2.3092689514160156,2.6418352127075195,2.601513624191284,2.240647077560425,1.203801155090332,1.278270959854126,1.3373092412948608,1.4599305391311646,1.6796458959579468,1.852876901626587,2.1342623233795166,2.469386339187622,2.634065866470337,2.5047199726104736,2.747562885284424,2.6865744590759277,3.0009591579437256,2.969064950942993,2.6446807384490967,1.776210904121399,1.8156839609146118,1.8228837251663208,1.8847633600234985,2.043964385986328,2.154284954071045,2.404663324356079,2.699869155883789,2.910609722137451,2.8527655601501465,3.1082451343536377,3.1203057765960693,3.4386894702911377,3.355280876159668,3.084338665008545,2.339503288269043,2.3676843643188477,2.3240084648132324,2.3358476161956787,2.4454779624938965,2.500769853591919,2.7362759113311768,2.9285335540771484,3.2029764652252197,3.2602086067199707,3.512270450592041,3.677262544631958,3.9134974479675293,3.927347183227539,3.981137275695801
A2,0.39635810256004333,0.0,0.3827551007270813,0.609416127204895,0.9620855450630188,1.2384612560272217,1.5575122833251953,1.9051445722579956,2.0011661052703857,1.7652558088302612,2.0220160484313965,1.8595103025436401,2.2242157459259033,2.2273879051208496,1.8769358396530151,0.656872570514679,0.5471000671386719,0.6276448369026184,0.7526091933250427,1.0599424839019775,1.2810578346252441,1.6067993640899658,1.9501184225082397,2.095310926437378,1.9183982610702515,2.1789140701293945,2.0785412788391113,2.4324004650115967,2.440755844116211,2.085693836212158,1.115925669670105,1.0775682926177979,1.0789257287979126,1.124704122543335,1.3370187282562256,1.4782042503356934,1.775356650352478,2.100137710571289,2.2869348526000977,2.1791181564331055,2.4497275352478027,2.4163432121276855,2.7489922046661377,2.756068706512451,2.436201572418213,1.6414051055908203,1.6118714809417725,1.5692912340164185,1.5738190412521362,1.7078338861465454,1.7848759889602661,2.0374093055725098,2.3196702003479004,2.546811819076538,2.5102202892303467,2.783705234527588,2.819988965988159,3.1474556922912598,3.096946954727173,2.8314497470855713,2.1710612773895264,2.153529405593872,2.067676544189453,2.0388827323913574,2.1175217628479004,2.143481969833374,2.36985445022583,2.5461606979370117,2.8260295391082764,2.9007387161254883,3.155050277709961,3.336721658706665,3.5706169605255127,3.6061809062957764,3.673588275909424
A3,0.5986735224723816,0.3827551007270813,0.0,0.3803226947784424,0.6383960843086243,0.9685790538787842,1.241928219795227,1.6123310327529907,1.6738170385360718,1.420493483543396,1.6680762767791748,1.5118016004562378,1.8813414573669434,1.8930277824401855,1.542159914970398,0.7266911268234253,0.6621249318122864,0.5061794519424438,0.6422247290611267,0.8289257287979126,1.0791332721710205,1.3485424518585205,1.7094241380691528,1.8188961744308472,1.6316016912460327,1.8729197978973389,1.7852598428726196,2.129608631134033,2.146456003189087,1.802437663078308,1.1487115621566772,1.1405105590820312,1.0220947265625,1.0844274759292603,1.1960054636001587,1.3518524169921875,1.5859439373016357,1.9206602573394775,2.070018768310547,1.9558405876159668,2.197309970855713,2.1755478382110596,2.486100435256958,2.4985787868499756,2.199281930923462,1.646659255027771,1.6506869792938232,1.534454584121704,1.5632147789001465,1.624861717224121,1.7173365354537964,1.9099242687225342,2.200079917907715,2.388641357421875,2.345637559890747,2.585352897644043,2.631929874420166,2.9340944290161133,2.874875068664551,2.6367311477661133,2.1625733375549316,2.177711009979248,2.0428457260131836,2.0453946590423584,2.073273181915283,2.121652126312256,2.297635555267334,2.49153470993042,2.7318389415740967,2.7948880195617676,3.013509750366211,3.1953861713409424,3.4033093452453613,3.4183404445648193,3.5042495727539062
A4,0.9271515011787415,0.609416127204895,0.3803226947784424,0.0,0.38571542501449585,0.6301211714744568,0.9547882080078125,1.2961487770080566,1.412536859512329,1.2160550355911255,1.5213571786880493,1.4428763389587402,1.8216187953948975,1.9124059677124023,1.5923216342926025,1.0325701236724854,0.8419140577316284,0.5984804034233093,0.4871409833431244,0.5903171896934509,0.745509147644043,1.0376609563827515,1.376583456993103,1.5351940393447876,1.403424859046936,1.6949032545089722,1.676160216331482,2.0352120399475098,2.1223838329315186,1.8046354055404663,1.3493218421936035,1.2431234121322632,1.04497492313385,0.9791359901428223,1.0085617303848267,1.075916051864624,1.29611337184906,1.6010626554489136,1.7853660583496094,1.7234567403793335,1.9954445362091064,2.03238582611084,2.3513975143432617,2.422752857208252,2.147632122039795,1.7680758237838745,1.7051206827163696,1.5234460830688477,1.473040223121643,1.463807463645935,1.4877084493637085,1.6496217250823975,1.9042161703109741,2.1126790046691895,2.115729331970215,2.368332624435425,2.463463544845581,2.7633116245269775,2.7500596046447754,2.536543130874634,2.226229667663574,2.1948750019073486,2.005887746810913,1.9579371213912964,1.9249168634414673,1.923598051071167,2.0616044998168945,2.219865560531616,2.4573616981506348,2.5552597045898438,2.760615348815918,2.9745590686798096,3.164163112640381,3.2079694271087646,3.324918508529663
A5,1.2308250665664673,0.9620855450630188,0.6383960843086243,0.38571542501449585,0.0,0.3800336420536041,0.6057210564613342,0.9769086241722107,1.048507571220398,0.8426246047019958,1.157118320465088,1.1217169761657715,1.4995630979537964,1.6286590099334717,1.3349597454071045,1.2541617155075073,1.1028801202774048,0.7628893256187439,0.6421895623207092,0.48002561926841736,0.6101071238517761,0.7721720933914185,1.123437762260437,1.234039306640625,1.104181170463562,1.3790100812911987,1.3999263048171997,1.7428593635559082,1.8599727153778076,1.5742915868759155,1.5014842748641968,1.416117787361145,1.1330251693725586,1.07273268699646,0.9631080031394958,1.0219553709030151,1.1284984350204468,1.4269787073135376,1.5594451427459717,1.500922441482544,1.7355201244354248,1.7998600006103516,2.0881760120391846,2.179039478302002,1.9400429725646973,1.8565068244934082,1.8172558546066284,1.5720105171203613,1.5388246774673462,1.4430574178695679,1.4737777709960938,1.5481194257736206,1.7969555854797363,1.9529449939727783,1.9543601274490356,2.162870168685913,2.2763943672180176,2.5419509410858154,2.5281548500061035,2.353806257247925,2.2718753814697266,2.265608787536621,2.0307869911193848,2.010101795196533,1.919357419013977,1.9374070167541504,2.009462594985962,2.1794841289520264,2.3640360832214355,2.449087619781494,2.6083898544311523,2.822518825531006,2.9785661697387695,3.002824544906616,3.142899513244629
A6,1.5386313199996948,1.2384612560272217,0.9685790538787842,0.6301211714744568,0.3800336420536041,0.0,0.38016751408576965,0.6758170127868652,0.8657577633857727,0.7974602580070496,1.1693809032440186,1.2509030103683472,1.6042689085006714,1.808032751083374,1.5639784336090088,1.601565957069397,1.3991762399673462,1.0737342834472656,0.8413688540458679,0.6079140305519104,0.4821835160255432,0.5804417729377747,0.8544980883598328,1.048936367034912,1.034765362739563,1.3564172983169556,1.475345492362976,1.807998538017273,1.9974032640457153,1.7574588060379028,1.8170658349990845,1.6759238243103027,1.3727152347564697,1.217763900756836,1.0332759618759155,0.9564058184623718,0.9956910014152527,1.2143912315368652,1.3903933763504028,1.4205968379974365,1.6773298978805542,1.8200457096099854,2.0997719764709473,2.256134510040283,2.057090997695923,2.1218533515930176,2.0328474044799805,1.7534043788909912,1.6501712799072266,1.4875253438949585,1.4307667016983032,1.4464796781539917,1.6257632970809937,1.799354076385498,1.8677926063537598,2.0796563625335693,2.2544519901275635,2.504791736602783,2.5450029373168945,2.407957077026367,2.4849324226379395,2.438262701034546,2.1664535999298096,2.0967869758605957,1.9470527172088623,1.9058064222335815,1.923356056213379,2.037524700164795,2.209108352661133,2.3397789001464844,2.4727699756622314,2.725602149963379,2.8510236740112305,2.909708023071289,3.088761806488037
A7,1.8277844190597534,1.5575122833251953,1.241928219795227,0.9547882080078125,0.6057210564613342,0.38016751408576965,0.0,0.3923029601573944,0.5087420344352722,0.49783623218536377,0.871079683303833,1.040846347808838,1.3563474416732788,1.6042834520339966,1.4151862859725952,1.835639476776123,1.6689683198928833,1.3074506521224976,1.1138213872909546,0.7871851921081543,0.6653305292129517,0.5068504810333252,0.721493124961853,0.8216687440872192,0.8390204310417175,1.113612174987793,1.2933270931243896,1.5824177265167236,1.8046733140945435,1.6186509132385254,2.0056004524230957,1.891555905342102,1.5495758056640625,1.4230952262878418,1.1586345434188843,1.091497778892517,0.9923391342163086,1.171003818511963,1.2612239122390747,1.2994279861450195,1.4912149906158447,1.6660678386688232,1.8953442573547363,2.071964740753174,1.9236246347427368,2.2588706016540527,2.197427749633789,1.8827180862426758,1.8069664239883423,1.5855965614318848,1.5467288494110107,1.4720271825790405,1.6340726613998413,1.7338846921920776,1.795976996421814,1.945483684539795,2.1358416080474854,2.338547945022583,2.376878499984741,2.2883126735687256,2.5802087783813477,2.560818672180176,2.260986804962158,2.223365068435669,2.032271146774292,2.0172080993652344,1.9715733528137207,2.09737491607666,2.204622983932495,2.3136441707611084,2.3912792205810547,2.636425733566284,2.7216389179229736,2.755160093307495,2.956493377685547
A8,2.1971287727355957,1.9051445722579956,1.6123310327529907,1.2961487770080566,0.9769086241722107,0.6758170127868652,0.3923029601573944,0.0,0.3873247802257538,0.63741135597229,0.957395613193512,1.2288752794265747,1.4749647378921509,1.7859421968460083,1.6642249822616577,2.1942694187164307,1.9966938495635986,1.6399331092834473,1.400381088256836,1.0571281909942627,0.8286715745925903,0.549697756767273,0.5183957815170288,0.6537516117095947,0.8381949067115784,1.1060036420822144,1.3813931941986084,1.627979040145874,1.9166574478149414,1.7927460670471191,2.3202593326568604,2.1709909439086914,1.8150804042816162,1.638485074043274,1.3245662450790405,1.1720606088638306,0.9699071645736694,1.017111897468567,1.0992904901504517,1.2344988584518433,1.4117132425308228,1.6649982929229736,1.8616091012954712,2.1025445461273193,2.0094175338745117,2.5148158073425293,2.4209320545196533,2.0798652172088623,1.961569905281067,1.6829699277877808,1.5840613842010498,1.4276282787322998,1.5049512386322021,1.580722689628601,1.7024409770965576,1.8260167837142944,2.0741653442382812,2.2415525913238525,2.333742618560791,2.2959485054016113,2.7743005752563477,2.728062629699707,2.3975753784179688,2.3308846950531006,2.0850777626037598,2.031698703765869,1.9162044525146484,1.9930967092514038,2.0551986694335938,2.192514657974243,2.2218494415283203,2.4941515922546387,2.5348739624023438,2.5935170650482178,2.834785223007202
A9,2.2689170837402344,2.0011661052703857,1.6738170385360718,1.412536859512329,1.048507571220398,0.8657577633857727,0.5087420344352722,0.3873247802257538,0.0,0.3655276894569397,0.5952775478363037,0.9134690761566162,1.1118444204330444,1.4442964792251587,1.3726359605789185,2.1793010234832764,2.0209836959838867,1.642420768737793,1.4617547988891602,1.0821764469146729,0.9560513496398926,0.605424702167511,0.6323832273483276,0.5145760774612427,0.6114177703857422,0.7809032201766968,1.0700196027755737,1.2763926982879639,1.568261742591858,1.4820029735565186,2.2520830631256104,2.141554355621338,1.7663863897323608,1.6491055488586426,1.3071298599243164,1.2386919260025024,0.9833248257637024,1.0772316455841064,1.0260366201400757,1.0788464546203613,1.1682078838348389,1.3984389305114746,1.5528444051742554,1.7769328355789185,1.7113815546035767,2.401221990585327,2.3496885299682617,1.9958208799362183,1.93467378616333,1.642423152923584,1.6152620315551758,1.4263859987258911,1.5517114400863647,1.5418163537979126,1.5934596061706543,1.6535698175430298,1.86701500415802,2.00192928314209,2.0548007488250732,2.0376169681549072,2.6327250003814697,2.6287431716918945,2.2936601638793945,2.2827064990997314,2.0358378887176514,2.0466644763946533,1.91647207736969,2.0521843433380127,2.0683510303497314,2.142294406890869,2.1449458599090576,2.3737192153930664,2.406106472015381,2.4110851287841797,2.639536142349243
A10,2.0087106227874756,1.7652558088302612,1.420493483543396,1.2160550355911255,0.8426246047019958,0.7974602580070496,0.49783623218536377,0.63741135597229,0.3655276894569397,0.0,0.3797796368598938,0.5921273231506348,0.8692083358764648,1.1552635431289673,1.0340772867202759,1.8707594871520996,1.748415231704712,1.3635261058807373,1.2462208271026611,0.873163640499115,0.8763797879219055,0.6008127927780151,0.8099358677864075,0.6610174775123596,0.532619297504425,0.6781222224235535,0.849906861782074,1.1027592420578003,1.3290590047836304,1.1861261129379272,1.9380147457122803,1.8666653633117676,1.4952183961868286,1.4418902397155762,1.1291269063949585,1.1624445915222168,0.9765589833259583,1.1881396770477295,1.124814748764038,1.0615650415420532,1.1480519771575928,1.2829596996307373,1.4664978981018066,1.6191049814224243,1.5007051229476929,2.1047606468200684,2.0925180912017822,1.7546015977859497,1.7490770816802979,1.4996038675308228,1.547130823135376,1.418695092201233,1.6272125244140625,1.6213334798812866,1.6004568338394165,1.6740305423736572,1.8190159797668457,1.984449863433838,1.975980281829834,1.9099078178405762,2.3710758686065674,2.401902198791504,2.0905258655548096,2.1222639083862305,1.9215562343597412,1.9849436283111572,1.9104441404342651,2.102851390838623,2.147434949874878,2.1802456378936768,2.223928928375244,2.4157066345214844,2.491453170776367,2.463409900665283,2.6468002796173096
A11,2.2323527336120605,2.0220160484313965,1.6680762767791748,1.5213571786880493,1.157118320465088,1.1693809032440186,0.871079683303833,0.957395613193512,0.5952775478363037,0.3797796368598938,0.0,0.3779156804084778,0.5222613215446472,0.8527860045433044,0.8364678025245667,2.0222935676574707,1.9453045129776,1.565526008605957,1.5084837675094604,1.1487464904785156,1.2074381113052368,0.9220746159553528,1.0811940431594849,0.8118491172790527,0.6191408634185791,0.521772027015686,0.6586803197860718,0.8097608685493469,1.0275641679763794,0.9587147831916809,2.030111074447632,2.002746105194092,1.632591724395752,1.6386727094650269,1.3240653276443481,1.413770318031311,1.1938902139663696,1.3934131860733032,1.2283015251159668,1.098152756690979,1.056907057762146,1.1412880420684814,1.2440011501312256,1.3609168529510498,1.2926931381225586,2.1358842849731445,2.1703743934631348,1.8320704698562622,1.8835530281066895,1.6300687789916992,1.7332050800323486,1.5734105110168457,1.7940782308578491,1.7095534801483154,1.6287907361984253,1.6224138736724854,1.7219587564468384,1.834104061126709,1.776599407196045,1.7455350160598755,2.356595039367676,2.43326735496521,2.124645233154297,2.212275505065918,2.0125722885131836,2.1299543380737305,2.0345406532287598,2.262657642364502,2.2572107315063477,2.2338006496429443,2.240929365158081,2.3845407962799072,2.4414403438568115,2.357903003692627,2.5269336700439453
A12,2.0355896949768066,1.8595103025436401,1.5118016004562378,1.4428763389587402,1.1217169761657715,1.2509030103683472,1.040846347808838,1.2288752794265747,0.9134690761566162,0.5921273231506348,0.3779156804084778,0.0,0.38014447689056396,0.5794805884361267,0.485538125038147,1.7564926147460938,1.7268089056015015,1.3652764558792114,1.3912416696548462,1.085416555404663,1.2563594579696655,1.064716100692749,1.3087987899780273,1.0632981061935425,0.7666153311729431,0.6570945978164673,0.5555484294891357,0.7451934814453125,0.8234054446220398,0.657843828201294,1.7364068031311035,1.7602065801620483,1.4124053716659546,1.4994492530822754,1.24309504032135,1.4277549982070923,1.2867337465286255,1.5595810413360596,1.4045177698135376,1.19045090675354,1.1557998657226562,1.1169803142547607,1.2491713762283325,1.2609919309616089,1.119669795036316,1.8443464040756226,1.9290821552276611,1.6212859153747559,1.740097165107727,1.5468456745147705,1.722622036933899,1.6284675598144531,1.910329818725586,1.8373199701309204,1.6954143047332764,1.7078502178192139,1.7298610210418701,1.874748945236206,1.7521708011627197,1.659955620765686,2.0938785076141357,2.212704658508301,1.9398698806762695,2.0763652324676514,1.933996558189392,2.102663040161133,2.0652832984924316,2.338341474533081,2.361246109008789,2.3016037940979004,2.351555824279785,2.457122802734375,2.5590262413024902,2.449692487716675,2.5663797855377197
A13,2.386995792388916,2.2242157459259033,1.8813414573669434,1.8216187953948975,1.4995630979537964,1.6042689085006714,1.3563474416732788,1.4749647378921509,1.1118444204330444,0.8692083358764648,0.5222613215446472,0.38014447689056396,0.0,0.3946232199668884,0.571999192237854,2.0671324729919434,2.0553598403930664,1.708196759223938,1.7426996231079102,1.4356454610824585,1.5856794118881226,1.3504246473312378,1.529032588005066,1.2162630558013916,0.9430971145629883,0.6751968264579773,0.5535196661949158,0.5182871222496033,0.571708083152771,0.5877701640129089,1.987771987915039,2.0291495323181152,1.690031886100769,1.7911211252212524,1.5214624404907227,1.7037677764892578,1.513102650642395,1.74205482006073,1.5128265619277954,1.2797046899795532,1.1275757551193237,1.0533854961395264,1.0680811405181885,1.0416632890701294,0.994057297706604,2.015305519104004,2.1241273880004883,1.8164852857589722,1.959610939025879,1.7479444742202759,1.9401315450668335,1.7997971773147583,2.063300848007202,1.9206982851028442,1.744973063468933,1.6742796897888184,1.6625853776931763,1.7361372709274292,1.5734692811965942,1.538928747177124,2.187851905822754,2.336352825164795,2.061887264251709,2.233752965927124,2.0766849517822266,2.2747504711151123,2.1997597217559814,2.4852912425994873,2.453230857849121,2.351039171218872,2.3539109230041504,2.41711688041687,2.488213300704956,2.3302083015441895,2.438836097717285
A14,2.330832004547119,2.2273879051208496,1.8930277824401855,1.9124059677124023,1.6286590099334717,1.808032751083374,1.6042834520339966,1.7859421968460083,1.4442964792251587,1.1552635431289673,0.8527860045433044,0.5794805884361267,0.3946232199668884,0.0,0.3679615259170532,1.980156660079956,2.0407960414886475,1.7285062074661255,1.844491958618164,1.5958857536315918,1.812774658203125,1.63729727268219,1.8646727800369263,1.5778234004974365,1.2760953903198242,1.0406419038772583,0.8187834024429321,0.7707856893539429,0.585536003112793,0.5455244779586792,1.9001046419143677,2.0155489444732666,1.7222293615341187,1.9000461101531982,1.695913314819336,1.9350343942642212,1.8035439252853394,2.071720600128174,1.8611277341842651,1.5967897176742554,1.4557850360870361,1.3037784099578857,1.3137576580047607,1.1706154346466064,1.0805983543395996,1.9436821937561035,2.1207785606384277,1.8646126985549927,2.071869373321533,1.924328088760376,2.1636035442352295,2.0756006240844727,2.3722755908966064,2.2436373233795166,2.035932779312134,1.9744997024536133,1.9036000967025757,1.9845317602157593,1.7611794471740723,1.687861680984497,2.1480226516723633,2.3521106243133545,2.1290781497955322,2.3485019207000732,2.249826192855835,2.484151840209961,2.45597243309021,2.7666728496551514,2.755971670150757,2.6314408779144287,2.659954071044922,2.6921517848968506,2.7881627082824707,2.605489730834961,2.670616626739502
A15,1.9666653871536255,1.8769358396530151,1.542159914970398,1.5923216342926025,1.3349597454071045,1.5639784336090088,1.4151862859725952,1.6642249822616577,1.3726359605789185,1.0340772867202759,0.8364678025245667,0.485538125038147,0.571999192237854,0.3679615259170532,0.0,1.6412428617477417,1.7179714441299438,1.4087499380111694,1.555596113204956,1.3423776626586914,1.598198652267456,1.484907627105713,1.7685476541519165,1.5422301292419434,1.22566556930542,1.0953537225723267,0.8686432242393494,0.9717890620231628,0.8281717300415039,0.6092556118965149,1.6223646402359009,1.7519456148147583,1.4701495170593262,1.666247844696045,1.5036793947219849,1.7608500719070435,1.690718650817871,1.9986389875411987,1.8506399393081665,1.5951513051986694,1.541025996208191,1.4033727645874023,1.505403757095337,1.387802243232727,1.2117319107055664,1.7557809352874756,1.9333635568618774,1.6953692436218262,1.9016121625900269,1.792771577835083,2.0305302143096924,1.9964427947998047,2.3138341903686523,2.2448019981384277,2.057649612426758,2.0641629695892334,2.0111782550811768,2.1533682346343994,1.955379605293274,1.8271172046661377,2.04840087890625,2.2396795749664307,2.0331685543060303,2.233365058898926,2.1647162437438965,2.3824307918548584,2.3987796306610107,2.703789710998535,2.7442638874053955,2.6507174968719482,2.7237889766693115,2.786221504211426,2.9129436016082764,2.766901969909668,2.8331990242004395
B1,0.6533771753311157,0.656872570514679,0.7266911268234253,1.0325701236724854,1.2541617155075073,1.601565957069397,1.835639476776123,2.1942694187164307,2.1793010234832764,1.8707594871520996,2.0222935676574707,1.7564926147460938,2.0671324729919434,1.980156660079956,1.6412428617477417,0.0,0.39171525835990906,0.5942796468734741,0.940455436706543,1.2181220054626465,1.5492197275161743,1.8173192739486694,2.1862804889678955,2.2290706634521484,1.962095022201538,2.1353371143341064,1.9263887405395508,2.2431819438934326,2.154979944229126,1.7850518226623535,0.5611411929130554,0.7334074378013611,0.8449406623840332,1.1007871627807617,1.3590402603149414,1.6338845491409302,1.910190463066101,2.279754161834717,2.3803811073303223,2.177133798599243,2.387104034423828,2.2528505325317383,2.5658833980560303,2.4836554527282715,2.1361329555511475,1.139890193939209,1.2389657497406006,1.2806520462036133,1.436679720878601,1.6417285203933716,1.8454793691635132,2.1058151721954346,2.449709177017212,2.6091692447662354,2.4799766540527344,2.715935707092285,2.662457227706909,2.985055446624756,2.8637027740478516,2.5635058879852295,1.7124683856964111,1.7850098609924316,1.770120620727539,1.8509752750396729,2.0034749507904053,2.1382815837860107,2.3921725749969482,2.648235321044922,2.896514892578125,2.8871452808380127,3.1483774185180664,3.2589786052703857,3.519493579864502,3.497385025024414,3.50527024269104
B2,0.7619158625602722,0.5471000671386719,0.6621249318122864,0.8419140577316284,1.1028801202774048,1.3991762399673462,1.6689683198928833,1.9966938495635986,2.0209836959838867,1.748415231704712,1.9453045129776,1.7268089056015015,2.0553598403930664,2.0407960414886475,1.7179714441299438,0.39171525835990906,0.0,0.3853304088115692,0.6333308815956116,0.9743227362632751,1.270031452178955,1.5786982774734497,1.9280418157577515,2.010859966278076,1.7749665975570679,1.9978835582733154,1.8285599946975708,2.1752769947052,2.1497488021850586,1.7873157262802124,0.6043018698692322,0.5351709127426147,0.6137420535087585,0.7700371146202087,1.0678356885910034,1.307784080505371,1.6218076944351196,1.97711181640625,2.1154978275299072,1.941852331161499,2.196349859237671,2.0975372791290283,2.440242290496826,2.4089629650115967,2.063534736633301,1.0993082523345947,1.0740770101547241,1.0709753036499023,1.1395776271820068,1.3441413640975952,1.5062384605407715,1.7911975383758545,2.1191747188568115,2.311401844024658,2.2117292881011963,2.481982946395874,2.4592018127441406,2.801504611968994,2.7253212928771973,2.4254231452941895,1.6281158924102783,1.6220556497573853,1.5658447742462158,1.579140543937683,1.7113741636276245,1.802870750427246,2.0649662017822266,2.297314167022705,2.5662708282470703,2.5840258598327637,2.8597090244293213,2.994166851043701,3.2590062618255615,3.27109694480896,3.293672800064087
B3,0.897076427936554,0.6276448369026184,0.5061794519424438,0.5984804034233093,0.7628893256187439,1.0737342834472656,1.3074506521224976,1.6399331092834473,1.642420768737793,1.3635261058807373,1.565526008605957,1.3652764558792114,1.708196759223938,1.7285062074661255,1.4087499380111694,0.5942796468734741,0.3853304088115692,0.0,0.37466567754745483,0.6270614862442017,0.9599470496177673,1.2312101125717163,1.5953019857406616,1.6565015316009521,1.4161943197250366,1.6410785913467407,1.4962788820266724,1.8507453203201294,1.8573534488677979,1.5029563903808594,0.7607595324516296,0.6855767965316772,0.5161600112915039,0.6417906284332275,0.8140258193016052,1.064813494682312,1.3279577493667603,1.69448983669281,1.8096730709075928,1.639090657234192,1.8825584650039673,1.8105995655059814,2.1442558765411377,2.138493299484253,1.8130015134811401,1.1790027618408203,1.1611969470977783,1.0291469097137451,1.08833909034729,1.1852545738220215,1.344277262687683,1.5674877166748047,1.8994193077087402,2.0649125576019287,1.9721280336380005,2.219794273376465,2.2236931324005127,2.5467634201049805,2.477640390396118,2.2083137035369873,1.6686629056930542,1.6773478984832764,1.5390775203704834,1.562624454498291,1.61444091796875,1.7093170881271362,1.9108986854553223,2.1501998901367188,2.3844592571258545,2.404555559158325,2.6448209285736084,2.793095827102661,3.029313802719116,3.0326850414276123,3.084885358810425
B4,1.112475037574768,0.7526091933250427,0.6422247290611267,0.4871409833431244,0.6421895623207092,0.8413688540458679,1.1138213872909546,1.400381088256836,1.4617547988891602,1.2462208271026611,1.5084837675094604,1.3912416696548462,1.7426996231079102,1.844491958618164,1.555596113204956,0.940455436706543,0.6333308815956116,0.37466567754745483,0.0,0.38757580518722534,0.6375946998596191,0.965821385383606,1.3035706281661987,1.425860047340393,1.2459168434143066,1.5358608961105347,1.467400074005127,1.8411593437194824,1.9258960485458374,1.60173499584198,1.0537055730819702,0.8530576229095459,0.6139882802963257,0.4921340048313141,0.5937924981117249,0.7450937032699585,1.0400041341781616,1.3834036588668823,1.551993727684021,1.43966543674469,1.7333539724349976,1.72761869430542,2.079148530960083,2.141205310821533,1.8402307033538818,1.3709843158721924,1.255911946296692,1.0555247068405151,0.986376941204071,1.0085128545761108,1.0766111612319946,1.2947959899902344,1.5943294763565063,1.798989176750183,1.760406255722046,2.03851580619812,2.0976641178131104,2.4277119636535645,2.4150044918060303,2.1672117710113525,1.7834223508834839,1.723096251487732,1.5273622274398804,1.4718455076217651,1.458131194114685,1.483093023300171,1.65931236743927,1.8574020862579346,2.1051299571990967,2.1696271896362305,2.4087302684783936,2.596031904220581,2.820611000061035,2.863189935684204,2.9468603134155273
B5,1.3916157484054565,1.0599424839019775,0.8289257287979126,0.5903171896934509,0.48002561926841736,0.6079140305519104,0.7871851921081543,1.0571281909942627,1.0821764469146729,0.873163640499115,1.1487464904785156,1.085416555404663,1.4356454610824585,1.5958857536315918,1.3423776626586914,1.2181220054626465,0.9743227362632751,0.6270614862442017,0.38757580518722534,0.0,0.3700760304927826,0.6062405109405518,0.9684988856315613,1.0551434755325317,0.8762623071670532,1.1802592277526855,1.1655489206314087,1.5385982990264893,1.6746861934661865,1.3855311870574951,1.2886552810668945,1.1186058521270752,0.7824656963348389,0.6486434936523438,0.48314008116722107,0.5971514582633972,0.7640469074249268,1.1168237924575806,1.2445485591888428,1.142314076423645,1.4197536706924438,1.4584028720855713,1.7910913228988647,1.89100182056427,1.6285336017608643,1.527856707572937,1.4327659606933594,1.1478155851364136,1.0802795886993408,0.963039755821228,1.0157885551452637,1.1194465160369873,1.4118337631225586,1.5689390897750854,1.5398869514465332,1.7816585302352905,1.874948263168335,2.1746838092803955,2.174487352371216,1.9703553915023804,1.8780773878097534,1.8368326425552368,1.5776021480560303,1.5406709909439087,1.4393895864486694,1.4710114002227783,1.5587624311447144,1.761380672454834,1.9530234336853027,2.0143346786499023,2.2038047313690186,2.4023032188415527,2.5899462699890137,2.6209168434143066,2.7370994091033936
B6,1.6389179229736328,1.2810578346252441,1.0791332721710205,0.745509147644043,0.6101071238517761,0.4821835160255432,0.6653305292129517,0.8286715745925903,0.9560513496398926,0.8763797879219055,1.2074381113052368,1.2563594579696655,1.5856794118881226,1.812774658203125,1.598198652267456,1.5492197275161743,1.270031452178955,0.9599470496177673,0.6375946998596191,0.3700760304927826,0.0,0.386329710483551,0.6817438006401062,0.8826054334640503,0.8370327353477478,1.2016767263412476,1.294865369796753,1.6538336277008057,1.8620704412460327,1.6207315921783447,1.6272026300430298,1.410367488861084,1.08621346950531,0.8465875387191772,0.6100780963897705,0.4742497205734253,0.5805764198303223,0.8570460677146912,1.0637811422348022,1.0727763175964355,1.3902353048324585,1.519885540008545,1.845017433166504,2.015768527984619,1.7971752882003784,1.8304377794265747,1.6827211380004883,1.3777506351470947,1.2207086086273193,1.0281152725219727,0.9485996961593628,0.9886557459831238,1.2011289596557617,1.3985642194747925,1.4548293352127075,1.7130799293518066,1.8784650564193726,2.166229009628296,2.2287728786468506,2.0636520385742188,2.1263527870178223,2.0372512340545654,1.7455285787582397,1.6435457468032837,1.4755419492721558,1.4238011837005615,1.452177882194519,1.5854361057281494,1.7753962278366089,1.8962000608444214,2.065293550491333,2.311802625656128,2.4712424278259277,2.545980453491211,2.7037131786346436
B7,1.9370155334472656,1.6067993640899658,1.3485424518585205,1.0376609563827515,0.7721720933914185,0.5804417729377747,0.5068504810333252,0.549697756767273,0.605424702167511,0.6008127927780151,0.9220746159553528,1.064716100692749,1.3504246473312378,1.63729727268219,1.484907627105713,1.8173192739486694,1.5786982774734497,1.2312101125717163,0.965821385383606,0.6062405109405518,0.386329710483551,0.0,0.38035348057746887,0.5134302973747253,0.5307281017303467,0.9003686308860779,1.0837448835372925,1.4071581363677979,1.6701502799987793,1.4901336431503296,1.8591668605804443,1.6735835075378418,1.3115370273590088,1.112735390663147,0.7792894840240479,0.6488267779350281,0.4856996238231659,0.7021316885948181,0.8152586221694946,0.8566655516624451,1.1259444952011108,1.3163387775421143,1.597103238105774,1.8090909719467163,1.648653507232666,2.005554676055908,1.88572096824646,1.5406243801116943,1.4124901294708252,1.1388609409332275,1.0695675611495972,0.9655848741531372,1.1423373222351074,1.2509781122207642,1.314587116241455,1.507578730583191,1.7080072164535522,1.9467967748641968,2.0218405723571777,1.91372549533844,2.247450590133667,2.1840062141418457,1.8565776348114014,1.7864583730697632,1.5591483116149902,1.5302633047103882,1.4657695293426514,1.6030185222625732,1.7110316753387451,1.8149274587631226,1.9164204597473145,2.1645376682281494,2.276618719100952,2.332106590270996,2.522425889968872
B8,2.292062759399414,1.9501184225082397,1.7094241380691528,1.376583456993103,1.123437762260437,0.8544980883598328,0.721493124961853,0.5183957815170288,0.6323832273483276,0.8099358677864075,1.0811940431594849,1.3087987899780273,1.529032588005066,1.8646727800369263,1.7685476541519165,2.1862804889678955,1.9280418157577515,1.5953019857406616,1.3035706281661987,0.9684988856315613,0.6817438006401062,0.38035348057746887,0.0,0.38326749205589294,0.6404243111610413,0.9742026925086975,1.2490242719650269,1.5176568031311035,1.839950442314148,1.7228991985321045,2.203683614730835,1.9909931421279907,1.6322728395462036,1.392997145652771,1.0423697233200073,0.8156751990318298,0.5295335650444031,0.4989732503890991,0.6328626275062561,0.8310653567314148,1.0888750553131104,1.3699462413787842,1.6124212741851807,1.8920124769210815,1.7916147708892822,2.300447940826416,2.149684429168701,1.7909504175186157,1.6180635690689087,1.29487144947052,1.1458739042282104,0.93834388256073,0.9877132177352905,1.0768028497695923,1.2290022373199463,1.399906039237976,1.6723893880844116,1.874160885810852,2.014747381210327,1.9615349769592285,2.479215145111084,2.385913848876953,2.0341367721557617,1.9282445907592773,1.6439632177352905,1.5621533393859863,1.4123872518539429,1.4810250997543335,1.5382821559906006,1.6841450929641724,1.7333903312683105,2.019563913345337,2.084744691848755,2.176875352859497,2.411862373352051
B9,2.411966323852539,2.095310926437378,1.8188961744308472,1.5351940393447876,1.234039306640625,1.048936367034912,0.8216687440872192,0.6537516117095947,0.5145760774612427,0.6610174775123596,0.8118491172790527,1.0632981061935425,1.2162630558013916,1.5778234004974365,1.5422301292419434,2.2290706634521484,2.010859966278076,1.6565015316009521,1.425860047340393,1.0551434755325317,0.8826054334640503,0.5134302973747253,0.38326749205589294,0.0,0.3648178279399872,0.619093656539917,0.9401116371154785,1.1640955209732056,1.510245442390442,1.44406259059906,2.192115068435669,2.0185163021087646,1.6391563415527344,1.464007019996643,1.0812019109725952,0.9607381224632263,0.6066915392875671,0.6315199136734009,0.5118098258972168,0.6163550019264221,0.7713542580604553,1.0648338794708252,1.2646055221557617,1.5510090589523315,1.4902560710906982,2.234584331512451,2.126575469970703,1.7505310773849487,1.6398011445999146,1.294469952583313,1.2327226400375366,0.9725096821784973,1.0735944509506226,1.0286580324172974,1.0949424505233765,1.1780674457550049,1.428648829460144,1.590185523033142,1.7022576332092285,1.681519865989685,2.3735949993133545,2.323716163635254,1.961515188217163,1.9175046682357788,1.624204158782959,1.618362545967102,1.439725637435913,1.575878381729126,1.5630626678466797,1.630366325378418,1.6345393657684326,1.8735932111740112,1.9204907417297363,1.9536197185516357,2.1842994689941406
B10,2.2136056423187256,1.9183982610702515,1.6316016912460327,1.403424859046936,1.104181170463562,1.034765362739563,0.8390204310417175,0.8381949067115784,0.6114177703857422,0.532619297504425,0.6191408634185791,0.7666153311729431,0.9430971145629883,1.2760953903198242,1.22566556930542,1.962095022201538,1.7749665975570679,1.4161943197250366,1.2459168434143066,0.8762623071670532,0.8370327353477478,0.5307281017303467,0.6404243111610413,0.3648178279399872,0.0,0.3792012929916382,0.6090656518936157,0.8959506154060364,1.2010568380355835,1.0945051908493042,1.8903687000274658,1.7508485317230225,1.3658849000930786,1.2561734914779663,0.8803912997245789,0.8896705508232117,0.6036601662635803,0.8054911494255066,0.6514173150062561,0.5294207334518433,0.6611328125,0.8389840126037598,1.0813144445419312,1.3001594543457031,1.186813235282898,1.9209215641021729,1.8519681692123413,1.4785794019699097,1.4322724342346191,1.1154190301895142,1.1576977968215942,0.9597917199134827,1.178123950958252,1.119713544845581,1.0696313381195068,1.1529672145843506,1.3117350339889526,1.505630612373352,1.5417344570159912,1.4692460298538208,2.0755257606506348,2.0650863647460938,1.7168067693710327,1.728951334953308,1.4775633811950684,1.5476040840148926,1.428303599357605,1.644001841545105,1.654374122619629,1.6576192378997803,1.7035530805587769,1.8872755765914917,1.981344223022461,1.9641512632369995,2.1414220333099365
B11,2.439420461654663,2.1789140701293945,1.8729197978973389,1.6949032545089722,1.3790100812911987,1.3564172983169556,1.113612174987793,1.1060036420822144,0.7809032201766968,0.6781222224235535,0.521772027015686,0.6570945978164673,0.6751968264579773,1.0406419038772583,1.0953537225723267,2.1353371143341064,1.9978835582733154,1.6410785913467407,1.5358608961105347,1.1802592277526855,1.2016767263412476,0.9003686308860779,0.9742026925086975,0.619093656539917,0.3792012929916382,0.0,0.38100287318229675,0.5484708547592163,0.8974170088768005,0.8897089958190918,2.0185506343841553,1.9292393922805786,1.5511789321899414,1.511443853378296,1.155862808227539,1.2282031774520874,0.9437539577484131,1.104610562324524,0.8418710827827454,0.6444300413131714,0.5369643568992615,0.6563147306442261,0.7930707335472107,0.9995713233947754,0.9576063752174377,1.9925804138183594,1.9763450622558594,1.6088346242904663,1.6295840740203857,1.3226343393325806,1.4268531799316406,1.2056182622909546,1.419908046722412,1.2656713724136353,1.1418652534484863,1.1048022508621216,1.2066926956176758,1.3274143934249878,1.3070943355560303,1.2856545448303223,2.0972323417663574,2.138409376144409,1.7964084148406982,1.873321771621704,1.628455638885498,1.7587705850601196,1.616923213005066,1.864245891571045,1.8129637241363525,1.7497732639312744,1.7436730861663818,1.8674201965332031,1.9330335855484009,1.8470274209976196,2.011817693710327
B12,2.3092689514160156,2.0785412788391113,1.7852598428726196,1.676160216331482,1.3999263048171997,1.475345492362976,1.2933270931243896,1.3813931941986084,1.0700196027755737,0.849906861782074,0.6586803197860718,0.5555484294891357,0.5535196661949158,0.8187834024429321,0.8686432242393494,1.9263887405395508,1.8285599946975708,1.4962788820266724,1.467400074005127,1.1655489206314087,1.294865369796753,1.0837448835372925,1.2490242719650269,0.9401116371154785,0.6090656518936157,0.38100287318229675,0.0,0.3763209879398346,0.6021471619606018,0.5273704528808594,1.7528338432312012,1.7077622413635254,1.350907325744629,1.3948816061019897,1.0965800285339355,1.2780835628509521,1.0844529867172241,1.3253674507141113,1.0856207609176636,0.7867898344993591,0.6794530153274536,0.5637478232383728,0.7390839457511902,0.7945958375930786,0.6537463665008545,1.6907395124435425,1.7249605655670166,1.3807737827301025,1.4821133613586426,1.2359319925308228,1.4346615076065063,1.288801670074463,1.5733846426010132,1.4289180040359497,1.2212016582489014,1.1969337463378906,1.179497241973877,1.335249423980713,1.218429684638977,1.1185752153396606,1.7956260442733765,1.886169195175171,1.5747376680374146,1.7181625366210938,1.5345193147659302,1.7359483242034912,1.6587660312652588,1.9618898630142212,1.9373395442962646,1.8227710723876953,1.8635271787643433,1.9307316541671753,2.0477185249328613,1.9224331378936768,2.0185227394104004
B13,2.6418352127075195,2.4324004650115967,2.129608631134033,2.0352120399475098,1.7428593635559082,1.807998538017273,1.5824177265167236,1.627979040145874,1.2763926982879639,1.1027592420578003,0.8097608685493469,0.7451934814453125,0.5182871222496033,0.7707856893539429,0.9717890620231628,2.2431819438934326,2.1752769947052,1.8507453203201294,1.8411593437194824,1.5385982990264893,1.6538336277008057,1.4071581363677979,1.5176568031311035,1.1640955209732056,0.8959506154060364,0.5484708547592163,0.3763209879398346,0.0,0.39874282479286194,0.5796592831611633,2.0451080799102783,2.030022621154785,1.6906235218048096,1.7549433708190918,1.4617257118225098,1.630663514137268,1.4016238451004028,1.586591124534607,1.2872201204299927,1.0051389932632446,0.7534976601600647,0.6031380891799927,0.5555641651153564,0.5599090456962585,0.5916844606399536,1.9321306943893433,1.99784517288208,1.6698986291885376,1.7950793504714966,1.5469765663146973,1.7478013038635254,1.5626212358474731,1.8112363815307617,1.599208950996399,1.368987798690796,1.2372604608535767,1.17948579788208,1.2288230657577515,1.055795431137085,1.0462497472763062,1.9702547788619995,2.0942444801330566,1.793755292892456,1.970415472984314,1.7799566984176636,2.0013718605041504,1.8863998651504517,2.189258098602295,2.1061065196990967,1.9508777856826782,1.9316089153289795,1.9495432376861572,2.02351450920105,1.8388737440109253,1.9277431964874268
