0.000000000000000000e+00,3.846645057201385498e-01,6.064074039459228516e-01,9.554688930511474609e-01,1.247022390365600586e+00,1.581284165382385254e+00,1.852935791015625000e+00,2.229200363159179688e+00,2.297458410263061523e+00,2.054409503936767578e+00,2.259726047515869141e+00,2.073080301284790039e+00,2.406820058822631836e+00,2.374129295349121094e+00,2.004140138626098633e+00,5.286965370178222656e-01,6.697920560836791992e-01,8.446842432022094727e-01,1.116595506668090820e+00,1.388758659362792969e+00,1.685186386108398438e+00,1.962833642959594727e+00,2.331389427185058594e+00,2.434876918792724609e+00,2.239659070968627930e+00,2.454001665115356445e+00,2.315220117568969727e+00,2.611025810241699219e+00,2.563339233398437500e+00,2.192747831344604492e+00,1.020887732505798340e+00,1.118937134742736816e+00,1.230243206024169922e+00,1.426636338233947754e+00,1.648474693298339844e+00,1.895480275154113770e+00,2.158521175384521484e+00,2.512015819549560547e+00,2.641978263854980469e+00,2.483754873275756836e+00,2.693274497985839844e+00,2.584978103637695312e+00,2.848196506500244141e+00,2.801709413528442383e+00,2.450060844421386719e+00,1.509142637252807617e+00,1.595597982406616211e+00,1.667463779449462891e+00,1.816237211227416992e+00,1.989757537841796875e+00,2.189433097839355469e+00,2.429500341415405273e+00,2.763319253921508789e+00,2.910105943679809570e+00,2.793686151504516602e+00,2.991096973419189453e+00,2.912894010543823242e+00,3.146322011947631836e+00,3.095445156097412109e+00,2.763141155242919922e+00,1.992714881896972656e+00,2.085153579711914062e+00,2.124350309371948242e+00,2.231451272964477539e+00,2.378242254257202148e+00,2.537890434265136719e+00,2.756911993026733398e+00,3.060474634170532227e+00,3.229080915451049805e+00,3.164319515228271484e+00,3.353857040405273438e+00,3.302967309951782227e+00,3.509822607040405273e+00,3.438287019729614258e+00,3.121686697006225586e+00
3.846645057201385498e-01,0.000000000000000000e+00,3.826017081737518311e-01,6.401011347770690918e-01,9.884015917778015137e-01,1.283047795295715332e+00,1.594503164291381836e+00,1.953858256340026855e+00,2.065345764160156250e+00,1.862728714942932129e+00,2.113956212997436523e+00,1.977146029472351074e+00,2.334469318389892578e+00,2.363329648971557617e+00,2.005574703216552734e+00,6.116158962249755859e-01,5.023941993713378906e-01,6.247065067291259766e-01,8.028444647789001465e-01,1.105279445648193359e+00,1.362390398979187012e+00,1.671961188316345215e+00,2.028933286666870117e+00,2.173876762390136719e+00,2.018598794937133789e+00,2.275930404663085938e+00,2.185226202011108398e+00,2.515094995498657227e+00,2.523006200790405273e+00,2.157901048660278320e+00,1.033821463584899902e+00,9.920151829719543457e-01,1.049273371696472168e+00,1.159137010574340820e+00,1.380832672119140625e+00,1.581883430480957031e+00,1.863709926605224609e+00,2.202974796295166016e+00,2.369682788848876953e+00,2.250460863113403320e+00,2.497378587722778320e+00,2.434297084808349609e+00,2.731521844863891602e+00,2.735691785812377930e+00,2.386055469512939453e+00,1.493712663650512695e+00,1.485434651374816895e+00,1.511702060699462891e+00,1.588619709014892578e+00,1.745519638061523438e+00,1.897795796394348145e+00,2.144605875015258789e+00,2.460094690322875977e+00,2.637416839599609375e+00,2.558332204818725586e+00,2.785490512847900391e+00,2.749058961868286133e+00,3.012681961059570312e+00,3.006908416748046875e+00,2.674921751022338867e+00,1.963068246841430664e+00,1.985316276550292969e+00,1.984195113182067871e+00,2.031301021575927734e+00,2.154615879058837891e+00,2.269169569015502930e+00,2.487417697906494141e+00,2.768736600875854492e+00,2.960678577423095703e+00,2.931466341018676758e+00,3.141762971878051758e+00,3.128533840179443359e+00,3.359383106231689453e+00,3.326572418212890625e+00,3.011977195739746094e+00
6.064074039459228516e-01,3.826017081737518311e-01,0.000000000000000000e+00,3.783163726329803467e-01,6.431059837341308594e-01,9.815255999565124512e-01,1.253042936325073242e+00,1.625681400299072266e+00,1.707080721855163574e+00,1.490606188774108887e+00,1.738901972770690918e+00,1.612089991569519043e+00,1.976601481437683105e+00,2.027642250061035156e+00,1.676645994186401367e+00,7.384191751480102539e-01,6.273723244667053223e-01,4.954707920551300049e-01,6.403384804725646973e-01,8.334795832633972168e-01,1.109566450119018555e+00,1.370006084442138672e+00,1.735303044319152832e+00,1.849812626838684082e+00,1.685080885887145996e+00,1.932205080986022949e+00,1.852544188499450684e+00,2.181974887847900391e+00,2.210272550582885742e+00,1.857006072998046875e+00,1.117143273353576660e+00,1.065411806106567383e+00,9.862731695175170898e-01,1.067665934562683105e+00,1.189990401268005371e+00,1.390358924865722656e+00,1.616638660430908203e+00,1.955867648124694824e+00,2.090828418731689453e+00,1.966647148132324219e+00,2.194259166717529297e+00,2.141775608062744141e+00,2.429831743240356445e+00,2.451799154281616211e+00,2.119741439819335938e+00,1.554563403129577637e+00,1.539203405380249023e+00,1.473530650138854980e+00,1.533834338188171387e+00,1.611217737197875977e+00,1.757926464080810547e+00,1.949218988418579102e+00,2.259225130081176758e+00,2.403358459472656250e+00,2.321917295455932617e+00,2.522804737091064453e+00,2.495507001876831055e+00,2.743021011352539062e+00,2.753760099411010742e+00,2.443710327148437500e+00,2.007789850234985352e+00,2.026076555252075195e+00,1.957468748092651367e+00,1.998336672782897949e+00,2.057843685150146484e+00,2.168699979782104492e+00,2.334925413131713867e+00,2.611035585403442383e+00,2.769293308258056641e+00,2.736189126968383789e+00,2.916299104690551758e+00,2.910842657089233398e+00,3.120226860046386719e+00,3.104153871536254883e+00,2.815119743347167969e+00
9.554688930511474609e-01,6.401011347770690918e-01,3.783163726329803467e-01,0.000000000000000000e+00,3.883567154407501221e-01,6.432098746299743652e-01,9.675772786140441895e-01,1.316936850547790527e+00,1.457789301872253418e+00,1.306570887565612793e+00,1.611950159072875977e+00,1.563151121139526367e+00,1.942883014678955078e+00,2.066574335098266602e+00,1.746852397918701172e+00,1.049533963203430176e+00,8.231356143951416016e-01,5.990878939628601074e-01,4.947564005851745605e-01,6.181319952011108398e-01,7.973540425300598145e-01,1.079286575317382812e+00,1.424146294593811035e+00,1.590885162353515625e+00,1.489428877830505371e+00,1.784364461898803711e+00,1.776346445083618164e+00,2.132850885391235352e+00,2.228384017944335938e+00,1.900216221809387207e+00,1.344569444656372070e+00,1.191121101379394531e+00,1.034584999084472656e+00,9.798994064331054688e-01,1.037118196487426758e+00,1.144609808921813965e+00,1.362115502357482910e+00,1.670730471611022949e+00,1.845206618309020996e+00,1.779392600059509277e+00,2.042006015777587891e+00,2.052968740463256836e+00,2.367685079574584961e+00,2.450586318969726562e+00,2.138287782669067383e+00,1.724634647369384766e+00,1.628944754600524902e+00,1.502858400344848633e+00,1.471576571464538574e+00,1.493465304374694824e+00,1.563699245452880859e+00,1.733478426933288574e+00,2.007260322570800781e+00,2.178399562835693359e+00,2.148775339126586914e+00,2.372130632400512695e+00,2.399911642074584961e+00,2.669685125350952148e+00,2.734777688980102539e+00,2.440676450729370117e+00,2.141341924667358398e+00,2.095990419387817383e+00,1.977158188819885254e+00,1.950076222419738770e+00,1.960766196250915527e+00,2.009639978408813477e+00,2.151508092880249023e+00,2.390431642532348633e+00,2.564761638641357422e+00,2.576385498046875000e+00,2.767422914505004883e+00,2.809265375137329102e+00,3.034144878387451172e+00,3.065800189971923828e+00,2.792823553085327148e+00
1.247022390365600586e+00,9.884015917778015137e-01,6.431059837341308594e-01,3.883567154407501221e-01,0.000000000000000000e+00,3.820111751556396484e-01,6.118709444999694824e-01,9.834774136543273926e-01,1.082147598266601562e+00,9.235599637031555176e-01,1.239947080612182617e+00,1.230194807052612305e+00,1.612908244132995605e+00,1.778534889221191406e+00,1.488717675209045410e+00,1.293317317962646484e+00,1.103950977325439453e+00,7.816832065582275391e-01,6.389987468719482422e-01,4.987474083900451660e-01,6.379311084747314453e-01,7.982987165451049805e-01,1.144882678985595703e+00,1.266900300979614258e+00,1.164603590965270996e+00,1.449689388275146484e+00,1.473598718643188477e+00,1.826069355010986328e+00,1.957528710365295410e+00,1.660761952400207520e+00,1.538443207740783691e+00,1.396343827247619629e+00,1.148630976676940918e+00,1.065580129623413086e+00,9.797934293746948242e-01,1.057755351066589355e+00,1.169618964195251465e+00,1.460537672042846680e+00,1.587613582611083984e+00,1.524302363395690918e+00,1.758757829666137695e+00,1.793502449989318848e+00,2.093018770217895508e+00,2.204684019088745117e+00,1.925872445106506348e+00,1.876060724258422852e+00,1.782140493392944336e+00,1.581843733787536621e+00,1.534267544746398926e+00,1.461518645286560059e+00,1.514458298683166504e+00,1.599825978279113770e+00,1.852727293968200684e+00,1.976639986038208008e+00,1.949044942855834961e+00,2.135416984558105469e+00,2.179833412170410156e+00,2.426709890365600586e+00,2.515997886657714844e+00,2.256483554840087891e+00,2.258919239044189453e+00,2.212705850601196289e+00,2.035139322280883789e+00,2.002661466598510742e+00,1.942904829978942871e+00,1.983553528785705566e+00,2.056621313095092773e+00,2.280246973037719727e+00,2.409336805343627930e+00,2.418085336685180664e+00,2.569366931915283203e+00,2.622937679290771484e+00,2.819855690002441406e+00,2.874016284942626953e+00,2.636790990829467773e+00
1.581284165382385254e+00,1.283047795295715332e+00,9.815255999565124512e-01,6.432098746299743652e-01,3.820111751556396484e-01,0.000000000000000000e+00,3.817276954650878906e-01,6.841139793395996094e-01,8.978646993637084961e-01,8.773118257522583008e-01,1.247686982154846191e+00,1.345950841903686523e+00,1.714230895042419434e+00,1.948365449905395508e+00,1.707786083221435547e+00,1.636401057243347168e+00,1.398254513740539551e+00,1.084756016731262207e+00,8.332254290580749512e-01,6.241985559463500977e-01,5.106030106544494629e-01,6.146178841590881348e-01,8.861470818519592285e-01,1.088721513748168945e+00,1.102390170097351074e+00,1.429693222045898438e+00,1.548047661781311035e+00,1.906823158264160156e+00,2.105237007141113281e+00,1.851560115814208984e+00,1.849706292152404785e+00,1.652652263641357422e+00,1.383628129959106445e+00,1.204733371734619141e+00,1.056755304336547852e+00,9.941949844360351562e-01,1.052019119262695312e+00,1.265558004379272461e+00,1.438751935958862305e+00,1.465498685836791992e+00,1.727531075477600098e+00,1.841145992279052734e+00,2.153798341751098633e+00,2.327641725540161133e+00,2.083179712295532227e+00,2.148799419403076172e+00,2.000951051712036133e+00,1.769719958305358887e+00,1.645482063293457031e+00,1.520326733589172363e+00,1.477996945381164551e+00,1.518396854400634766e+00,1.704202055931091309e+00,1.853830456733703613e+00,1.896197915077209473e+00,2.098108768463134766e+00,2.207598447799682617e+00,2.467994689941406250e+00,2.613996982574462891e+00,2.381631135940551758e+00,2.498335361480712891e+00,2.402920007705688477e+00,2.192339420318603516e+00,2.098731756210327148e+00,1.992318511009216309e+00,1.961949348449707031e+00,1.997850656509399414e+00,2.164905071258544922e+00,2.306231021881103516e+00,2.369633913040161133e+00,2.525805711746215820e+00,2.633358716964721680e+00,2.839913845062255859e+00,2.945325851440429688e+00,2.732676506042480469e+00
1.852935791015625000e+00,1.594503164291381836e+00,1.253042936325073242e+00,9.675772786140441895e-01,6.118709444999694824e-01,3.817276954650878906e-01,0.000000000000000000e+00,3.867107033729553223e-01,5.318148136138916016e-01,5.603837966918945312e-01,9.378051161766052246e-01,1.111306071281433105e+00,1.453490376472473145e+00,1.731824874877929688e+00,1.544433712959289551e+00,1.884477019309997559e+00,1.684124946594238281e+00,1.335272431373596191e+00,1.116767764091491699e+00,8.106264472007751465e-01,6.835696101188659668e-01,5.413607358932495117e-01,7.372632026672363281e-01,8.485372662544250488e-01,8.839712738990783691e-01,1.173304796218872070e+00,1.340178012847900391e+00,1.671050429344177246e+00,1.906169772148132324e+00,1.704356431961059570e+00,2.072733163833618164e+00,1.901654005050659180e+00,1.591813921928405762e+00,1.425620079040527344e+00,1.191697120666503906e+00,1.118577361106872559e+00,1.041121363639831543e+00,1.200968027114868164e+00,1.293190717697143555e+00,1.326372742652893066e+00,1.533000230789184570e+00,1.673933744430541992e+00,1.951833724975585938e+00,2.152599573135375977e+00,1.957189083099365234e+00,2.343626022338867188e+00,2.212334156036376953e+00,1.939442515373229980e+00,1.821393132209777832e+00,1.629097938537597656e+00,1.582730174064636230e+00,1.531242251396179199e+00,1.681732535362243652e+00,1.763279318809509277e+00,1.804570436477661133e+00,1.950417399406433105e+00,2.074272155761718750e+00,2.296822309494018555e+00,2.464126110076904297e+00,2.277683019638061523e+00,2.665103197097778320e+00,2.580387115478515625e+00,2.332373142242431641e+00,2.246969938278198242e+00,2.086746692657470703e+00,2.057931661605834961e+00,2.023875474929809570e+00,2.170942068099975586e+00,2.254070043563842773e+00,2.308610200881958008e+00,2.412705898284912109e+00,2.527723312377929688e+00,2.695387601852416992e+00,2.820665597915649414e+00,2.651609182357788086e+00
2.229200363159179688e+00,1.953858256340026855e+00,1.625681400299072266e+00,1.316936850547790527e+00,9.834774136543273926e-01,6.841139793395996094e-01,3.867107033729553223e-01,0.000000000000000000e+00,3.907914757728576660e-01,6.603524088859558105e-01,9.954180717468261719e-01,1.266725182533264160e+00,1.550074815750122070e+00,1.883171558380126953e+00,1.762171506881713867e+00,2.242734909057617188e+00,2.019745588302612305e+00,1.669173836708068848e+00,1.411781907081604004e+00,1.084994196891784668e+00,8.527575135231018066e-01,5.920388698577880859e-01,5.562069416046142578e-01,6.902918815612792969e-01,8.789364695549011230e-01,1.157179832458496094e+00,1.416768193244934082e+00,1.722024321556091309e+00,2.016831159591674805e+00,1.874624967575073242e+00,2.394646644592285156e+00,2.194736242294311523e+00,1.866685748100280762e+00,1.653095960617065430e+00,1.373459696769714355e+00,1.210245370864868164e+00,1.039218068122863770e+00,1.071866989135742188e+00,1.158885240554809570e+00,1.285582304000854492e+00,1.482869029045104980e+00,1.700663566589355469e+00,1.967746019363403320e+00,2.226307392120361328e+00,2.081065177917480469e+00,2.624018907546997070e+00,2.460406780242919922e+00,2.159493207931518555e+00,1.994457840919494629e+00,1.752085924148559570e+00,1.636208534240722656e+00,1.512759089469909668e+00,1.576481461524963379e+00,1.645050168037414551e+00,1.749469757080078125e+00,1.882475852966308594e+00,2.067337036132812500e+00,2.283888816833496094e+00,2.505172014236450195e+00,2.360879421234130859e+00,2.905987262725830078e+00,2.788248300552368164e+00,2.508369922637939453e+00,2.382398843765258789e+00,2.172955989837646484e+00,2.090681076049804688e+00,1.998812317848205566e+00,2.082805156707763672e+00,2.147917747497558594e+00,2.245691061019897461e+00,2.331863164901733398e+00,2.495541334152221680e+00,2.655961513519287109e+00,2.831491470336914062e+00,2.700978994369506836e+00
2.297458410263061523e+00,2.065345764160156250e+00,1.707080721855163574e+00,1.457789301872253418e+00,1.082147598266601562e+00,8.978646993637084961e-01,5.318148136138916016e-01,3.907914757728576660e-01,0.000000000000000000e+00,3.699434101581573486e-01,6.297868490219116211e-01,9.439486861228942871e-01,1.185902118682861328e+00,1.538600444793701172e+00,1.465403079986572266e+00,2.265248537063598633e+00,2.087875843048095703e+00,1.714250206947326660e+00,1.512782692909240723e+00,1.145834207534790039e+00,1.005906343460083008e+00,6.681465506553649902e-01,6.581529378890991211e-01,5.480357408523559570e-01,6.452645063400268555e-01,8.326599001884460449e-01,1.099360466003417969e+00,1.368587255477905273e+00,1.673311352729797363e+00,1.571685910224914551e+00,2.386512756347656250e+00,2.227706909179687500e+00,1.876727223396301270e+00,1.711062192916870117e+00,1.392751693725585938e+00,1.298321008682250977e+00,1.061443328857421875e+00,1.114907741546630859e+00,1.067914247512817383e+00,1.118969559669494629e+00,1.229671001434326172e+00,1.426489949226379395e+00,1.649251103401184082e+00,1.904523611068725586e+00,1.795043826103210449e+00,2.590559244155883789e+00,2.462801456451416016e+00,2.140195608139038086e+00,2.016520977020263672e+00,1.744069218635559082e+00,1.682824134826660156e+00,1.510463833808898926e+00,1.595667004585266113e+00,1.573101520538330078e+00,1.617080926895141602e+00,1.678991079330444336e+00,1.833434104919433594e+00,2.003144502639770508e+00,2.213663339614868164e+00,2.101774215698242188e+00,2.850312709808349609e+00,2.763609886169433594e+00,2.466473817825317383e+00,2.379892587661743164e+00,2.148326396942138672e+00,2.112994670867919922e+00,1.982795476913452148e+00,2.091587543487548828e+00,2.089589834213256836e+00,2.134206295013427734e+00,2.164474010467529297e+00,2.296536922454833984e+00,2.412247180938720703e+00,2.575288772583007812e+00,2.473777532577514648e+00
2.054409503936767578e+00,1.862728714942932129e+00,1.490606188774108887e+00,1.306570887565612793e+00,9.235599637031555176e-01,8.773118257522583008e-01,5.603837966918945312e-01,6.603524088859558105e-01,3.699434101581573486e-01,0.000000000000000000e+00,3.798801898956298828e-01,6.065593361854553223e-01,9.092012047767639160e-01,1.224938154220581055e+00,1.110866069793701172e+00,1.996161222457885742e+00,1.862854480743408203e+00,1.484581589698791504e+00,1.350011110305786133e+00,9.872220754623413086e-01,9.751999974250793457e-01,6.940085291862487793e-01,8.462525010108947754e-01,6.814681291580200195e-01,5.542742609977722168e-01,6.981906890869140625e-01,8.525187373161315918e-01,1.140530943870544434e+00,1.391878604888916016e+00,1.248075246810913086e+00,2.115120410919189453e+00,2.000824928283691406e+00,1.653074145317077637e+00,1.551596522331237793e+00,1.249593853950500488e+00,1.259314775466918945e+00,1.067505836486816406e+00,1.228115200996398926e+00,1.144560337066650391e+00,1.072922110557556152e+00,1.153572201728820801e+00,1.255889415740966797e+00,1.471291184425354004e+00,1.667505502700805664e+00,1.523895263671875000e+00,2.328239917755126953e+00,2.243736743927001953e+00,1.931633949279785156e+00,1.866527557373046875e+00,1.618954300880432129e+00,1.639483928680419922e+00,1.504564046859741211e+00,1.668898701667785645e+00,1.624800324440002441e+00,1.586030602455139160e+00,1.631130576133728027e+00,1.711099147796630859e+00,1.867207407951354980e+00,2.020210027694702148e+00,1.881762862205505371e+00,2.601338386535644531e+00,2.555435180664062500e+00,2.274672746658325195e+00,2.240022897720336914e+00,2.037594079971313477e+00,2.067475795745849609e+00,1.968488454818725586e+00,2.139297723770141602e+00,2.126960754394531250e+00,2.111345052719116211e+00,2.136189937591552734e+00,2.208805322647094727e+00,2.313564300537109375e+00,2.423395872116088867e+00,2.298217058181762695e+00
2.259726047515869141e+00,2.113956212997436523e+00,1.738901972770690918e+00,1.611950159072875977e+00,1.239947080612182617e+00,1.247686982154846191e+00,9.378051161766052246e-01,9.954180717468261719e-01,6.297868490219116211e-01,3.798801898956298828e-01,0.000000000000000000e+00,3.695093095302581787e-01,5.591312050819396973e-01,9.132609367370605469e-01,8.943257331848144531e-01,2.163430690765380859e+00,2.078473806381225586e+00,1.703353643417358398e+00,1.623030662536621094e+00,1.266648292541503906e+00,1.303555607795715332e+00,1.010967254638671875e+00,1.120518922805786133e+00,8.429852128028869629e-01,6.351816058158874512e-01,5.458533167839050293e-01,6.450479626655578613e-01,8.362426161766052246e-01,1.091848850250244141e+00,1.023808121681213379e+00,2.246507167816162109e+00,2.176298141479492188e+00,1.825132489204406738e+00,1.770603775978088379e+00,1.457356095314025879e+00,1.511930823326110840e+00,1.282597661018371582e+00,1.425736069679260254e+00,1.241675734519958496e+00,1.101777553558349609e+00,1.052988290786743164e+00,1.102607607841491699e+00,1.229610085487365723e+00,1.407986998558044434e+00,1.325588583946228027e+00,2.423850059509277344e+00,2.377130031585693359e+00,2.055571556091308594e+00,2.030323505401611328e+00,1.765605211257934570e+00,1.826982378959655762e+00,1.652439594268798828e+00,1.814336657524108887e+00,1.689819693565368652e+00,1.595267534255981445e+00,1.552251100540161133e+00,1.587263464927673340e+00,1.670115590095520020e+00,1.801280140876770020e+00,1.713652372360229492e+00,2.662967443466186523e+00,2.648712635040283203e+00,2.357729434967041016e+00,2.360686779022216797e+00,2.141307592391967773e+00,2.209083080291748047e+00,2.073867797851562500e+00,2.253021001815795898e+00,2.176635026931762695e+00,2.111050844192504883e+00,2.071716308593750000e+00,2.106306552886962891e+00,2.151352405548095703e+00,2.243245124816894531e+00,2.160049200057983398e+00
2.073080301284790039e+00,1.977146029472351074e+00,1.612089991569519043e+00,1.563151121139526367e+00,1.230194807052612305e+00,1.345950841903686523e+00,1.111306071281433105e+00,1.266725182533264160e+00,9.439486861228942871e-01,6.065593361854553223e-01,3.695093095302581787e-01,0.000000000000000000e+00,3.832831978797912598e-01,6.256456375122070312e-01,5.346953272819519043e-01,1.941897034645080566e+00,1.910770893096923828e+00,1.553568720817565918e+00,1.551585674285888672e+00,1.238420844078063965e+00,1.378592491149902344e+00,1.161798477172851562e+00,1.354556679725646973e+00,1.095260977745056152e+00,7.912194132804870605e-01,6.733298301696777344e-01,5.455085635185241699e-01,7.216408252716064453e-01,8.546866774559020996e-01,7.141709923744201660e-01,2.010798215866088867e+00,1.994381546974182129e+00,1.663482666015625000e+00,1.682570338249206543e+00,1.410281062126159668e+00,1.556086063385009766e+00,1.386169672012329102e+00,1.600645899772644043e+00,1.415836572647094727e+00,1.189748287200927734e+00,1.122874379158020020e+00,1.047017335891723633e+00,1.151510119438171387e+00,1.229717373847961426e+00,1.098647952079772949e+00,2.187241315841674805e+00,2.191061019897460938e+00,1.892392635345458984e+00,1.932145595550537109e+00,1.707411646842956543e+00,1.844535350799560547e+00,1.716995120048522949e+00,1.939989924430847168e+00,1.811954975128173828e+00,1.648881316184997559e+00,1.598965525627136230e+00,1.548624634742736816e+00,1.614830374717712402e+00,1.665983319282531738e+00,1.543879628181457520e+00,2.432371854782104492e+00,2.463992118835449219e+00,2.198848724365234375e+00,2.257699966430664062e+00,2.077340602874755859e+00,2.206950664520263672e+00,2.109820127487182617e+00,2.340406179428100586e+00,2.263676643371582031e+00,2.145381689071655273e+00,2.108663320541381836e+00,2.079701662063598633e+00,2.116336822509765625e+00,2.142800807952880859e+00,2.029949188232421875e+00
2.406820058822631836e+00,2.334469318389892578e+00,1.976601481437683105e+00,1.942883014678955078e+00,1.612908244132995605e+00,1.714230895042419434e+00,1.453490376472473145e+00,1.550074815750122070e+00,1.185902118682861328e+00,9.092012047767639160e-01,5.591312050819396973e-01,3.832831978797912598e-01,0.000000000000000000e+00,3.946452736854553223e-01,5.623117089271545410e-01,2.246595144271850586e+00,2.240139245986938477e+00,1.892802834510803223e+00,1.904586434364318848e+00,1.590457677841186523e+00,1.718244433403015137e+00,1.468865990638732910e+00,1.604187130928039551e+00,1.285023927688598633e+00,9.918218255043029785e-01,7.264919281005859375e-01,5.550176501274108887e-01,4.909010529518127441e-01,6.082951426506042480e-01,6.468731760978698730e-01,2.273679018020629883e+00,2.280390024185180664e+00,1.951026439666748047e+00,1.984264969825744629e+00,1.698634147644042969e+00,1.842240810394287109e+00,1.630503773689270020e+00,1.802497744560241699e+00,1.548879265785217285e+00,1.301927924156188965e+00,1.120374798774719238e+00,1.003815650939941406e+00,9.745646119117736816e-01,1.026244878768920898e+00,1.007325172424316406e+00,2.400717735290527344e+00,2.424699783325195312e+00,2.118172883987426758e+00,2.172944307327270508e+00,1.927263379096984863e+00,2.072353124618530273e+00,1.900871396064758301e+00,2.097308635711669922e+00,1.903161883354187012e+00,1.709491491317749023e+00,1.573388099670410156e+00,1.488205432891845703e+00,1.462567448616027832e+00,1.493265867233276367e+00,1.450809597969055176e+00,2.595641613006591797e+00,2.644068479537963867e+00,2.366769552230834961e+00,2.444569349288940430e+00,2.240639686584472656e+00,2.385270833969116211e+00,2.245933055877685547e+00,2.464776277542114258e+00,2.328742980957031250e+00,2.175318956375122070e+00,2.072322607040405273e+00,2.013707637786865234e+00,1.981602072715759277e+00,1.996487140655517578e+00,1.944142222404479980e+00
2.374129295349121094e+00,2.363329648971557617e+00,2.027642250061035156e+00,2.066574335098266602e+00,1.778534889221191406e+00,1.948365449905395508e+00,1.731824874877929688e+00,1.883171558380126953e+00,1.538600444793701172e+00,1.224938154220581055e+00,9.132609367370605469e-01,6.256456375122070312e-01,3.946452736854553223e-01,0.000000000000000000e+00,3.725100457668304443e-01,2.197677850723266602e+00,2.256828546524047852e+00,1.945393681526184082e+00,2.029632806777954102e+00,1.766141891479492188e+00,1.958954334259033203e+00,1.762195825576782227e+00,1.943416476249694824e+00,1.642729282379150391e+00,1.319075584411621094e+00,1.072049379348754883e+00,8.012442588806152344e-01,6.676246523857116699e-01,5.140035152435302734e-01,5.389934778213500977e-01,2.216739892959594727e+00,2.289551019668579102e+00,1.998486280441284180e+00,2.101690292358398438e+00,1.865343809127807617e+00,2.070655584335327148e+00,1.906656026840209961e+00,2.119095802307128906e+00,1.872986555099487305e+00,1.585207223892211914e+00,1.397553443908691406e+00,1.189235925674438477e+00,1.103633999824523926e+00,1.005236387252807617e+00,9.728662371635437012e-01,2.340072631835937500e+00,2.426310300827026367e+00,2.157164573669433594e+00,2.276258468627929688e+00,2.076209783554077148e+00,2.278476476669311523e+00,2.146891832351684570e+00,2.380821943283081055e+00,2.186618089675903320e+00,1.947967052459716797e+00,1.802201867103576660e+00,1.641479969024658203e+00,1.576179027557373047e+00,1.504942774772644043e+00,1.452551484107971191e+00,2.533156633377075195e+00,2.637882709503173828e+00,2.397068500518798828e+00,2.532448768615722656e+00,2.370462179183959961e+00,2.566733121871948242e+00,2.459876298904418945e+00,2.713548421859741211e+00,2.575327157974243164e+00,2.379336118698120117e+00,2.271224737167358398e+00,2.151081085205078125e+00,2.094025611877441406e+00,2.034394025802612305e+00,1.969714999198913574e+00
2.004140138626098633e+00,2.005574703216552734e+00,1.676645994186401367e+00,1.746852397918701172e+00,1.488717675209045410e+00,1.707786083221435547e+00,1.544433712959289551e+00,1.762171506881713867e+00,1.465403079986572266e+00,1.110866069793701172e+00,8.943257331848144531e-01,5.346953272819519043e-01,5.623117089271545410e-01,3.725100457668304443e-01,0.000000000000000000e+00,1.844506740570068359e+00,1.917472481727600098e+00,1.617553353309631348e+00,1.733059048652648926e+00,1.505873084068298340e+00,1.742255926132202148e+00,1.604727745056152344e+00,1.846160173416137695e+00,1.601607918739318848e+00,1.263569831848144531e+00,1.115980505943298340e+00,8.357504606246948242e-01,8.664891123771667480e-01,7.343091368675231934e-01,5.334133505821228027e-01,1.901781201362609863e+00,1.988045930862426758e+00,1.715917944908142090e+00,1.845054626464843750e+00,1.649949789047241211e+00,1.887077212333679199e+00,1.782939910888671875e+00,2.044343471527099609e+00,1.856393456459045410e+00,1.569180488586425781e+00,1.466141462326049805e+00,1.260649681091308594e+00,1.278993606567382812e+00,1.183293223381042480e+00,1.027649641036987305e+00,2.075697660446166992e+00,2.173335075378417969e+00,1.929817795753479004e+00,2.067029953002929688e+00,1.909188032150268555e+00,2.130517244338989258e+00,2.055262565612792969e+00,2.326176881790161133e+00,2.187535762786865234e+00,1.957557916641235352e+00,1.881354093551635742e+00,1.727354645729064941e+00,1.736554622650146484e+00,1.661976695060729980e+00,1.524903774261474609e+00,2.321809530258178711e+00,2.435824394226074219e+00,2.223015546798706055e+00,2.366435289382934570e+00,2.245341777801513672e+00,2.450047492980957031e+00,2.394774436950683594e+00,2.672487735748291016e+00,2.585749149322509766e+00,2.405341148376464844e+00,2.355040550231933594e+00,2.242524862289428711e+00,2.243489503860473633e+00,2.174987792968750000e+00,2.045463562011718750e+00
5.286965370178222656e-01,6.116158962249755859e-01,7.384191751480102539e-01,1.049533963203430176e+00,1.293317317962646484e+00,1.636401057243347168e+00,1.884477019309997559e+00,2.242734909057617188e+00,2.265248537063598633e+00,1.996161222457885742e+00,2.163430690765380859e+00,1.941897034645080566e+00,2.246595144271850586e+00,2.197677850723266602e+00,1.844506740570068359e+00,0.000000000000000000e+00,3.829330205917358398e-01,6.157402992248535156e-01,9.656805992126464844e-01,1.245369911193847656e+00,1.586947917938232422e+00,1.858036875724792480e+00,2.229074716567993164e+00,2.294934749603271484e+00,2.059782505035400391e+00,2.252322673797607422e+00,2.073016405105590820e+00,2.361435174942016602e+00,2.290886402130126953e+00,1.913104772567749023e+00,4.956735968589782715e-01,6.628442406654357910e-01,8.203063607215881348e-01,1.107107281684875488e+00,1.361801743507385254e+00,1.671187520027160645e+00,1.942073345184326172e+00,2.313747406005859375e+00,2.413610935211181641e+00,2.212266206741333008e+00,2.411882400512695312e+00,2.264675617218017578e+00,2.528952121734619141e+00,2.458479881286621094e+00,2.089823961257934570e+00,9.852475523948669434e-01,1.104357481002807617e+00,1.198127627372741699e+00,1.409170985221862793e+00,1.615883946418762207e+00,1.874610304832458496e+00,2.129493951797485352e+00,2.489466667175292969e+00,2.614063739776611328e+00,2.456163406372070312e+00,2.651726484298706055e+00,2.538306236267089844e+00,2.776520967483520508e+00,2.700673103332519531e+00,2.349036455154418945e+00,1.468692898750305176e+00,1.580636024475097656e+00,1.632595062255859375e+00,1.782757759094238281e+00,1.955680131912231445e+00,2.164472341537475586e+00,2.397746801376342773e+00,2.729726314544677734e+00,2.882435560226440430e+00,2.781044483184814453e+00,2.973785877227783203e+00,2.891380310058593750e+00,3.104846000671386719e+00,3.007464408874511719e+00,2.671988010406494141e+00
6.697920560836791992e-01,5.023941993713378906e-01,6.273723244667053223e-01,8.231356143951416016e-01,1.103950977325439453e+00,1.398254513740539551e+00,1.684124946594238281e+00,2.019745588302612305e+00,2.087875843048095703e+00,1.862854480743408203e+00,2.078473806381225586e+00,1.910770893096923828e+00,2.240139245986938477e+00,2.256828546524047852e+00,1.917472481727600098e+00,3.829330205917358398e-01,0.000000000000000000e+00,3.816712796688079834e-01,6.517676115036010742e-01,9.907458424568176270e-01,1.294860124588012695e+00,1.606834173202514648e+00,1.964751124382019043e+00,2.077356815338134766e+00,1.885466217994689941e+00,2.127464771270751953e+00,2.001179218292236328e+00,2.328139781951904297e+00,2.318980455398559570e+00,1.948447942733764648e+00,5.870710015296936035e-01,4.905826151371002197e-01,6.067362427711486816e-01,8.024054765701293945e-01,1.093201041221618652e+00,1.361929893493652344e+00,1.668100833892822266e+00,2.028172492980957031e+00,2.172876834869384766e+00,2.013900756835937500e+00,2.260401248931884766e+00,2.163694381713867188e+00,2.469049692153930664e+00,2.455508708953857422e+00,2.088636636734008789e+00,1.008408427238464355e+00,9.843519926071166992e-01,1.032701611518859863e+00,1.155965566635131836e+00,1.365062594413757324e+00,1.576381683349609375e+00,1.854167342185974121e+00,2.199383258819580078e+00,2.364176988601684570e+00,2.247465610504150391e+00,2.483115673065185547e+00,2.416729211807250977e+00,2.693239688873291016e+00,2.668185710906982422e+00,2.314621210098266602e+00,1.467792391777038574e+00,1.484064459800720215e+00,1.494960308074951172e+00,1.569967627525329590e+00,1.728673577308654785e+00,1.888152956962585449e+00,2.133427619934082031e+00,2.445026397705078125e+00,2.630840778350830078e+00,2.569893360137939453e+00,2.792911529541015625e+00,2.752964496612548828e+00,2.998363494873046875e+00,2.943982124328613281e+00,2.607153415679931641e+00
8.446842432022094727e-01,6.247065067291259766e-01,4.954707920551300049e-01,5.990878939628601074e-01,7.816832065582275391e-01,1.084756016731262207e+00,1.335272431373596191e+00,1.669173836708068848e+00,1.714250206947326660e+00,1.484581589698791504e+00,1.703353643417358398e+00,1.553568720817565918e+00,1.892802834510803223e+00,1.945393681526184082e+00,1.617553353309631348e+00,6.157402992248535156e-01,3.816712796688079834e-01,0.000000000000000000e+00,3.703883588314056396e-01,6.344233155250549316e-01,9.730667471885681152e-01,1.251668810844421387e+00,1.618615627288818359e+00,1.709412693977355957e+00,1.511383295059204102e+00,1.756816625595092773e+00,1.648928403854370117e+00,1.988690733909606934e+00,2.013328075408935547e+00,1.652146100997924805e+00,7.699085474014282227e-01,6.344871520996093750e-01,4.910582304000854492e-01,6.227064132690429688e-01,8.057769536972045898e-01,1.084198832511901855e+00,1.347729563713073730e+00,1.714063048362731934e+00,1.836269497871398926e+00,1.675931572914123535e+00,1.917630195617675781e+00,1.840089559555053711e+00,2.150691986083984375e+00,2.167957067489624023e+00,1.814233064651489258e+00,1.130333781242370605e+00,1.071887016296386719e+00,9.784470796585083008e-01,1.055916666984558105e+00,1.163849711418151855e+00,1.363540649414062500e+00,1.588738679885864258e+00,1.931488633155822754e+00,2.071129798889160156e+00,1.957950830459594727e+00,2.178277492523193359e+00,2.130448579788208008e+00,2.402573347091674805e+00,2.405791997909545898e+00,2.070612430572509766e+00,1.553993105888366699e+00,1.546558737754821777e+00,1.462433099746704102e+00,1.511268258094787598e+00,1.587298035621643066e+00,1.732123494148254395e+00,1.922451376914978027e+00,2.227264404296875000e+00,2.385209083557128906e+00,2.327966451644897461e+00,2.527420282363891602e+00,2.504558801651000977e+00,2.736585378646850586e+00,2.708932876586914062e+00,2.396303176879882812e+00
1.116595506668090820e+00,8.028444647789001465e-01,6.403384804725646973e-01,4.947564005851745605e-01,6.389987468719482422e-01,8.332254290580749512e-01,1.116767764091491699e+00,1.411781907081604004e+00,1.512782692909240723e+00,1.350011110305786133e+00,1.623030662536621094e+00,1.551585674285888672e+00,1.904586434364318848e+00,2.029632806777954102e+00,1.733059048652648926e+00,9.656805992126464844e-01,6.517676115036010742e-01,3.703883588314056396e-01,0.000000000000000000e+00,3.846133649349212646e-01,6.437664628028869629e-01,9.738414883613586426e-01,1.321492314338684082e+00,1.471681594848632812e+00,1.340246677398681641e+00,1.641958713531494141e+00,1.611277103424072266e+00,1.980833768844604492e+00,2.076440572738647461e+00,1.743546485900878906e+00,1.073358535766601562e+00,8.267018198966979980e-01,6.028938293457031250e-01,4.852056801319122314e-01,6.043300628662109375e-01,7.820712327957153320e-01,1.071210741996765137e+00,1.416609883308410645e+00,1.592030644416809082e+00,1.495845437049865723e+00,1.785991907119750977e+00,1.779810309410095215e+00,2.123308897018432617e+00,2.207306146621704102e+00,1.875856161117553711e+00,1.355437517166137695e+00,1.196791052818298340e+00,1.034720301628112793e+00,9.769937396049499512e-01,1.021467804908752441e+00,1.126609325408935547e+00,1.346994280815124512e+00,1.658840417861938477e+00,1.839256048202514648e+00,1.785095572471618652e+00,2.040291309356689453e+00,2.055539608001708984e+00,2.357304334640502930e+00,2.420979499816894531e+00,2.102445125579833984e+00,1.724756717681884766e+00,1.637761950492858887e+00,1.498030543327331543e+00,1.455578088760375977e+00,1.476988077163696289e+00,1.544681549072265625e+00,1.718415021896362305e+00,1.986136317253112793e+00,2.171341180801391602e+00,2.166538000106811523e+00,2.386370420455932617e+00,2.417717218399047852e+00,2.672199010848999023e+00,2.697479009628295898e+00,2.400338172912597656e+00
1.388758659362792969e+00,1.105279445648193359e+00,8.334795832633972168e-01,6.181319952011108398e-01,4.987474083900451660e-01,6.241985559463500977e-01,8.106264472007751465e-01,1.084994196891784668e+00,1.145834207534790039e+00,9.872220754623413086e-01,1.266648292541503906e+00,1.238420844078063965e+00,1.590457677841186523e+00,1.766141891479492188e+00,1.505873084068298340e+00,1.245369911193847656e+00,9.907458424568176270e-01,6.344233155250549316e-01,3.846133649349212646e-01,0.000000000000000000e+00,3.769195973873138428e-01,6.182311177253723145e-01,9.844902753829956055e-01,1.097996115684509277e+00,9.640244245529174805e-01,1.277624845504760742e+00,1.287897229194641113e+00,1.666981697082519531e+00,1.810701608657836914e+00,1.509858012199401855e+00,1.327035307884216309e+00,1.110026121139526367e+00,7.908033132553100586e-01,6.276727914810180664e-01,4.814935028553009033e-01,6.102234125137329102e-01,7.840299010276794434e-01,1.131482839584350586e+00,1.267007708549499512e+00,1.174853086471557617e+00,1.456401824951171875e+00,1.485444068908691406e+00,1.828743577003479004e+00,1.954408168792724609e+00,1.655219316482543945e+00,1.560296177864074707e+00,1.405239224433898926e+00,1.152267694473266602e+00,1.061105966567993164e+00,9.634200334548950195e-01,1.032377600669860840e+00,1.147898077964782715e+00,1.441972255706787109e+00,1.578009605407714844e+00,1.531173467636108398e+00,1.758702278137207031e+00,1.801235675811767578e+00,2.090374708175659180e+00,2.189555883407592773e+00,1.905053734779357910e+00,1.883360385894775391e+00,1.791154980659484863e+00,1.578325152397155762e+00,1.519637227058410645e+00,1.444901823997497559e+00,1.491958022117614746e+00,1.580306768417358398e+00,1.829415678977966309e+00,1.969002008438110352e+00,1.967252135276794434e+00,2.149973630905151367e+00,2.201835632324218750e+00,2.433788299560546875e+00,2.490673303604125977e+00,2.230519533157348633e+00
1.685186386108398438e+00,1.362390398979187012e+00,1.109566450119018555e+00,7.973540425300598145e-01,6.379311084747314453e-01,5.106030106544494629e-01,6.835696101188659668e-01,8.527575135231018066e-01,1.005906343460083008e+00,9.751999974250793457e-01,1.303555607795715332e+00,1.378592491149902344e+00,1.718244433403015137e+00,1.958954334259033203e+00,1.742255926132202148e+00,1.586947917938232422e+00,1.294860124588012695e+00,9.730667471885681152e-01,6.437664628028869629e-01,3.769195973873138428e-01,0.000000000000000000e+00,3.847416341304779053e-01,6.914280056953430176e-01,9.144647121429443359e-01,9.149441719055175781e-01,1.280811071395874023e+00,1.394610524177551270e+00,1.777402758598327637e+00,1.988882422447204590e+00,1.734343767166137695e+00,1.664364218711853027e+00,1.401546835899353027e+00,1.091017246246337891e+00,8.249884843826293945e-01,6.158769130706787109e-01,4.838637113571166992e-01,6.049924492835998535e-01,8.766738772392272949e-01,1.091588258743286133e+00,1.114133596420288086e+00,1.437719345092773438e+00,1.559385299682617188e+00,1.916288018226623535e+00,2.108232975006103516e+00,1.849117159843444824e+00,1.865212678909301758e+00,1.656807184219360352e+00,1.385202050209045410e+00,1.200137495994567871e+00,1.040948033332824707e+00,9.678770303726196289e-01,1.031387925148010254e+00,1.247586011886596680e+00,1.429318189620971680e+00,1.471715688705444336e+00,1.725935101509094238e+00,1.846238970756530762e+00,2.152276754379272461e+00,2.313969373703002930e+00,2.061154603958129883e+00,2.150873899459838867e+00,2.005345344543457031e+00,1.763258457183837891e+00,1.629089236259460449e+00,1.500430941581726074e+00,1.451955318450927734e+00,1.498753190040588379e+00,1.680428624153137207e+00,1.843619942665100098e+00,1.910522580146789551e+00,2.105371952056884766e+00,2.221345186233520508e+00,2.467285871505737305e+00,2.581459760665893555e+00,2.348716259002685547e+00
