,A1,A2,A3,A4,A5,A6,A7,A8,A9,A10,A11,A12,A13,A14,A15,B1,B2,B3,B4,B5,B6,B7,B8,B9,B10,B11,B12,B13,B14,B15,C1,C2,C3,C4,C5,C6,C7,C8,C9,C10,C11,C12,C13,C14,C15,D1,D2,D3,D4,D5,D6,D7,D8,D9,D10,D11,D12,D13,D14,D15,E1,E2,E3,E4,E5,E6,E7,E8,E9,E10,E11,E12,E13,E14,E15
A1,0.0,0.39230772852897644,0.6435598134994507,0.9809901714324951,1.3020817041397095,1.616186261177063,1.927959680557251,2.299686908721924,2.355271100997925,2.1014323234558105,2.298255443572998,2.1040194034576416,2.402409315109253,2.361973524093628,1.9886236190795898,0.5479875802993774,0.7001867890357971,0.8722938299179077,1.1208686828613281,1.4121769666671753,1.691097617149353,1.9865541458129883,2.361778974533081,2.451523542404175,2.2469096183776855,2.450878143310547,2.308302402496338,2.5767242908477783,2.549311399459839,2.181881904602051,1.0578099489212036,1.1505316495895386,1.2494736909866333,1.424382209777832,1.6533796787261963,1.8882277011871338,2.1482994556427,2.517106294631958,2.6345038414001465,2.477623701095581,2.675177574157715,2.5688905715942383,2.814687728881836,2.782771348953247,2.436969041824341,1.5576632022857666,1.6314914226531982,1.6817359924316406,1.80878484249115,1.9889166355133057,2.1791529655456543,2.4042932987213135,2.7473392486572266,2.8895862102508545,2.79455304145813,2.978029727935791,2.9050092697143555,3.1202962398529053,3.0638179779052734,2.7349531650543213,2.042123794555664,2.1277353763580322,2.1370651721954346,2.230337381362915,2.3764772415161133,2.5196380615234375,2.7357163429260254,2.98089599609375,3.2049973011016846,3.211339235305786,3.448944568634033,3.5019235610961914,3.757706642150879,3.807626247406006,3.6968839168548584
A2,0.39230772852897644,0.0,0.37881115078926086,0.6322084665298462,0.9914915561676025,1.2726101875305176,1.6093168258666992,1.9654213190078735,2.0530917644500732,1.8329252004623413,2.0706470012664795,1.92642080783844,2.2598416805267334,2.280726194381714,1.9159458875656128,0.6333867907524109,0.5406198501586914,0.6310772895812988,0.781201183795929,1.082996129989624,1.3266832828521729,1.6409599781036377,2.006463050842285,2.1279044151306152,1.9580880403518677,2.2009127140045166,2.1064062118530273,2.4118692874908447,2.440044641494751,2.078152656555176,1.075302004814148,1.03298020362854,1.0555206537246704,1.1414936780929565,1.3491778373718262,1.5416020154953003,1.8069250583648682,2.1636722087860107,2.308682680130005,2.1865999698638916,2.4159719944000244,2.3543543815612793,2.6336443424224854,2.6521341800689697,2.3091888427734375,1.5472933053970337,1.5280704498291016,1.5156086683273315,1.571098804473877,1.7172247171401978,1.8636274337768555,2.0812954902648926,2.4071497917175293,2.570697546005249,2.5099599361419678,2.7166881561279297,2.685086488723755,2.9276154041290283,2.9160449504852295,2.5875868797302246,2.014421224594116,2.0317745208740234,1.9881671667099,2.0242955684661865,2.1323204040527344,2.2344586849212646,2.433964252471924,2.6535446643829346,2.885344982147217,2.921865463256836,3.1643145084381104,3.249354362487793,3.501821517944336,3.5822882652282715,3.4899399280548096
A3,0.6435598134994507,0.37881115078926086,0.0,0.38468995690345764,0.661004364490509,0.9936484694480896,1.2906087636947632,1.662577748298645,1.713587760925293,1.4728765487670898,1.7009562253952026,1.5589196681976318,1.897883415222168,1.938607096672058,1.5795551538467407,0.7745885848999023,0.6692607998847961,0.5201168060302734,0.6374152302742004,0.8268000483512878,1.0989913940429688,1.3608512878417969,1.7389113903045654,1.8220633268356323,1.6346116065979004,1.860655426979065,1.76987624168396,2.0728659629821777,2.1167819499969482,1.7671546936035156,1.1617951393127441,1.106878399848938,0.9980977177619934,1.0638452768325806,1.1710615158081055,1.371613621711731,1.5765173435211182,1.9377338886260986,2.0430233478546143,1.9089305400848389,2.1131505966186523,2.0565481185913086,2.3239002227783203,2.355220317840576,2.0308430194854736,1.6017955541610718,1.5731937885284424,1.4725582599639893,1.5201008319854736,1.5886075496673584,1.7389954328536987,1.8980073928833008,2.2226202487945557,2.3463406562805176,2.2760555744171143,2.451932430267334,2.424802541732788,2.647789716720581,2.6485767364501953,2.3429479598999023,2.0417487621307373,2.054138660430908,1.946049451828003,1.9859516620635986,2.0343687534332275,2.145261287689209,2.2927749156951904,2.520428419113159,2.7120521068573,2.7393100261688232,2.948377847671509,3.0366601943969727,3.260737657546997,3.3409652709960938,3.27886700630188
A4,0.9809901714324951,0.6322084665298462,0.38468995690345764,0.0,0.39127784967422485,0.6412168741226196,0.9819489121437073,1.3341797590255737,1.4426658153533936,1.2653142213821411,1.5555434226989746,1.4992996454238892,1.870780348777771,1.9879951477050781,1.6588003635406494,1.097093939781189,0.8754519820213318,0.6545504927635193,0.525463879108429,0.621854841709137,0.7892859578132629,1.0586570501327515,1.4184365272521973,1.5519084930419922,1.4292744398117065,1.7061855792999268,1.6938966512680054,2.0317344665527344,2.1448490619659424,1.8220891952514648,1.4112120866775513,1.257924199104309,1.0786882638931274,1.0076607465744019,1.0356093645095825,1.1391839981079102,1.321987271308899,1.6528077125549316,1.795296549797058,1.7218940258026123,1.9610323905944824,1.9729256629943848,2.270603656768799,2.364605188369751,2.0610947608947754,1.7992933988571167,1.6913241147994995,1.5315990447998047,1.4869855642318726,1.4909772872924805,1.5640406608581543,1.6902967691421509,1.9766371250152588,2.1245241165161133,2.1082680225372314,2.3054497241973877,2.337494134902954,2.5838844776153564,2.641162872314453,2.3503642082214355,2.20383882522583,2.152569532394409,1.9940457344055176,1.9662116765975952,1.9587838649749756,2.0087971687316895,2.1197946071624756,2.3030714988708496,2.4972801208496094,2.5687105655670166,2.774643659591675,2.90714168548584,3.1171936988830566,3.2361900806427,3.204239845275879
A5,1.3020817041397095,0.9914915561676025,0.661004364490509,0.39127784967422485,0.0,0.3829846680164337,0.6311565637588501,1.0045077800750732,1.0664780139923096,0.8778796792030334,1.1790640354156494,1.1645931005477905,1.5456610918045044,1.711761713027954,1.4166746139526367,1.360185146331787,1.1560510396957397,0.8386817574501038,0.6689449548721313,0.5090265870094299,0.6373335123062134,0.7773759365081787,1.1414752006530762,1.2246391773223877,1.0974656343460083,1.3631761074066162,1.3848298788070679,1.7227545976638794,1.8744816780090332,1.5874582529067993,1.6144554615020752,1.4594005346298218,1.1920832395553589,1.0918993949890137,0.9783914089202881,1.0535087585449219,1.1240521669387817,1.4380823373794556,1.5278700590133667,1.4552847146987915,1.6641701459884644,1.7020504474639893,1.9865503311157227,2.111058473587036,1.84424889087677,1.9505119323730469,1.8340802192687988,1.6017998456954956,1.5410650968551636,1.4502885341644287,1.5088094472885132,1.5472580194473267,1.8128348588943481,1.9093055725097656,1.892217993736267,2.050962209701538,2.101391077041626,2.3252956867218018,2.409069538116455,2.1548004150390625,2.310286521911621,2.249948740005493,2.032951831817627,2.001868724822998,1.9250937700271606,1.973950743675232,2.015260696411133,2.1956851482391357,2.3369855880737305,2.402369737625122,2.5645692348480225,2.706068515777588,2.8782238960266113,3.0024185180664062,3.0097804069519043
A6,1.616186261177063,1.2726101875305176,0.9936484694480896,0.6412168741226196,0.3829846680164337,0.0,0.38607725501060486,0.7020826935768127,0.8815927505493164,0.835228681564331,1.1996722221374512,1.3022217750549316,1.6840041875839233,1.9168591499328613,1.6686058044433594,1.693617820739746,1.440696120262146,1.1409226655960083,0.8711690902709961,0.6522440314292908,0.5320242047309875,0.5969785451889038,0.8888477683067322,1.0552970170974731,1.0513873100280762,1.3649888038635254,1.4878274202346802,1.8393934965133667,2.0544753074645996,1.810114860534668,1.9241605997085571,1.7161197662353516,1.4367146492004395,1.2454540729522705,1.0738775730133057,1.0092717409133911,1.01937997341156,1.2544130086898804,1.3925561904907227,1.415037751197815,1.654711365699768,1.7759487628936768,2.078444719314575,2.2634148597717285,2.0296595096588135,2.229386568069458,2.060746669769287,1.804345726966858,1.6690937280654907,1.5267654657363892,1.4910374879837036,1.4810161590576172,1.6766163110733032,1.799949288368225,1.855636715888977,2.0327658653259277,2.151892900466919,2.392972707748413,2.5338785648345947,2.303400754928589,2.5614099502563477,2.45268177986145,2.207587242126465,2.115708351135254,1.9916855096817017,1.9710749387741089,1.9682408571243286,2.0850954055786133,2.224560499191284,2.3438947200775146,2.4973320960998535,2.68847393989563,2.839923858642578,3.006563901901245,3.0470364093780518
A7,1.927959680557251,1.6093168258666992,1.2906087636947632,0.9819489121437073,0.6311565637588501,0.38607725501060486,0.0,0.39052465558052063,0.5137312412261963,0.537711501121521,0.9121959209442139,1.1038110256195068,1.4626425504684448,1.748245358467102,1.5612566471099854,1.9773131608963013,1.7481509447097778,1.4109375476837158,1.1640278100967407,0.8529521226882935,0.7110128402709961,0.5320250988006592,0.7338436245918274,0.8136816024780273,0.8460695147514343,1.1219040155410767,1.304879903793335,1.631713628768921,1.8878350257873535,1.7032051086425781,2.1760811805725098,1.9811675548553467,1.6608422994613647,1.474934458732605,1.2208175659179688,1.1370853185653687,1.0106089115142822,1.1795209646224976,1.2377405166625977,1.276485800743103,1.461144208908081,1.6200522184371948,1.8906363248825073,2.107849597930908,1.9293545484542847,2.4449548721313477,2.281433582305908,1.9836218357086182,1.849199652671814,1.6390948295593262,1.5933376550674438,1.4899802207946777,1.6416820287704468,1.6963939666748047,1.7548283338546753,1.8768049478530884,2.018653631210327,2.2239983081817627,2.39351749420166,2.213615655899048,2.7393147945404053,2.63095760345459,2.34761381149292,2.2605059146881104,2.0818839073181152,2.062596559524536,1.988967776298523,2.095487594604492,2.1695210933685303,2.280280351638794,2.3773205280303955,2.5762503147125244,2.678399085998535,2.8495476245880127,2.9353489875793457
A8,2.299686908721924,1.9654213190078735,1.662577748298645,1.3341797590255737,1.0045077800750732,0.7020826935768127,0.39052465558052063,0.0,0.38473960757255554,0.6608947515487671,0.9913080334663391,1.2811522483825684,1.5970686674118042,1.9325194358825684,1.8068876266479492,2.3281238079071045,2.072255849838257,1.7359380722045898,1.4527745246887207,1.1215513944625854,0.8811842799186707,0.5887441635131836,0.5481889247894287,0.6584838628768921,0.856141209602356,1.1250486373901367,1.4024467468261719,1.7124842405319214,2.022000312805176,1.8935596942901611,2.4878652095794678,2.2612404823303223,1.9262443780899048,1.6941509246826172,1.3968088626861572,1.2251421213150024,1.0082277059555054,1.0409104824066162,1.0976266860961914,1.2363308668136597,1.41706120967865,1.6561472415924072,1.923007845878601,2.195585250854492,2.064145803451538,2.7140960693359375,2.515532970428467,2.1934351921081543,2.012599468231201,1.7527437210083008,1.6380398273468018,1.4636516571044922,1.5229873657226562,1.5653302669525146,1.6883476972579956,1.8026267290115356,2.0095434188842773,2.2152984142303467,2.440251588821411,2.2986676692962646,2.967752695083618,2.823124408721924,2.511241912841797,2.3829476833343506,2.154649019241333,2.0842230319976807,1.9486720561981201,1.994545817375183,2.0331497192382812,2.1819028854370117,2.246549606323242,2.48663592338562,2.552020788192749,2.759925127029419,2.8862497806549072
A9,2.355271100997925,2.0530917644500732,1.713587760925293,1.4426658153533936,1.0664780139923096,0.8815927505493164,0.5137312412261963,0.38473960757255554,0.0,0.37488871812820435,0.6309967637062073,0.9617344737052917,1.242609977722168,1.597677230834961,1.519106388092041,2.3339614868164062,2.115753650665283,1.7501323223114014,1.5204765796661377,1.1504696607589722,1.0057421922683716,0.6554110050201416,0.6539682745933533,0.5196040272712708,0.6185033321380615,0.7960241436958313,1.0814405679702759,1.3588368892669678,1.6783491373062134,1.5905307531356812,2.460726737976074,2.2684144973754883,1.9085371494293213,1.723690152168274,1.3925611972808838,1.2923294305801392,1.021497130393982,1.081170678138733,1.0010740756988525,1.057705044746399,1.1506891250610352,1.3698270320892334,1.5947171449661255,1.865234375,1.76998770236969,2.6580069065093994,2.4897499084472656,2.1464803218841553,2.0078508853912354,1.722159504890442,1.6646572351455688,1.4501607418060303,1.53683602809906,1.4865494966506958,1.5415878295898438,1.5839810371398926,1.7595765590667725,1.919344425201416,2.1352248191833496,2.027423620223999,2.8842639923095703,2.7659027576446533,2.437551259994507,2.3508880138397217,2.10578989982605,2.087791681289673,1.9253435134887695,2.019890069961548,2.0007214546203613,2.08921480178833,2.108304500579834,2.3111612796783447,2.3484442234039307,2.5248448848724365,2.666877031326294
A10,2.1014323234558105,1.8329252004623413,1.4728765487670898,1.2653142213821411,0.8778796792030334,0.835228681564331,0.537711501121521,0.6608947515487671,0.37488871812820435,0.0,0.3777543902397156,0.6203092336654663,0.9505807161331177,1.2732865810394287,1.1571600437164307,2.0547142028808594,1.8773359060287476,1.5009052753448486,1.335106611251831,0.9697473645210266,0.9546752572059631,0.6751094460487366,0.8458828926086426,0.661984920501709,0.5200962424278259,0.6514440178871155,0.8220571875572205,1.1136009693145752,1.3876492977142334,1.2591034173965454,2.181206703186035,2.030517339706421,1.6708959341049194,1.5486817359924316,1.2368680238723755,1.2415175437927246,1.0242422819137573,1.200446367263794,1.0870929956436157,1.012846827507019,1.0739476680755615,1.1933587789535522,1.407544732093811,1.6220489740371704,1.4930697679519653,2.3881828784942627,2.2614316940307617,1.9273552894592285,1.846949577331543,1.5901365280151367,1.614940881729126,1.4449944496154785,1.6178653240203857,1.54989755153656,1.5191891193389893,1.5438529253005981,1.6397289037704468,1.7828425168991089,1.939802885055542,1.806800127029419,2.627835273742676,2.5497097969055176,2.2368714809417725,2.203068733215332,1.9919509887695312,2.0389623641967773,1.9187325239181519,2.081836223602295,2.073831796646118,2.1060802936553955,2.140538454055786,2.289301633834839,2.3537864685058594,2.482696056365967,2.5889570713043213
A11,2.298255443572998,2.0706470012664795,1.7009562253952026,1.5555434226989746,1.1790640354156494,1.1996722221374512,0.9121959209442139,0.9913080334663391,0.6309967637062073,0.3777543902397156,0.0,0.3813572824001312,0.6116223335266113,0.973991870880127,0.9523339867591858,2.207552909851074,2.074467182159424,1.694008708000183,1.5872502326965332,1.2297258377075195,1.2730560302734375,0.9925370216369629,1.1209642887115479,0.831541895866394,0.6067233681678772,0.48986726999282837,0.5997128486633301,0.7977398037910461,1.0806134939193726,1.0303196907043457,2.2945451736450195,2.1839327812194824,1.818184733390808,1.74666428565979,1.4277318716049194,1.4833333492279053,1.2399083375930786,1.3984956741333008,1.1862775087356567,1.0360960960388184,0.960841715335846,1.0217716693878174,1.1458232402801514,1.3445500135421753,1.2799965143203735,2.461519718170166,2.3694756031036377,2.026346206665039,1.9896942377090454,1.7194160223007202,1.7892426252365112,1.588868260383606,1.7618916034698486,1.6127976179122925,1.5165972709655762,1.4499322175979614,1.495840072631836,1.5633295774459839,1.6999648809432983,1.622340440750122,2.6618852615356445,2.6124050617218018,2.2904858589172363,2.298654079437256,2.0754268169403076,2.166642189025879,2.0202274322509766,2.2130796909332275,2.148258686065674,2.123070001602173,2.1039977073669434,2.2074527740478516,2.233474016189575,2.3218941688537598,2.4474594593048096
A12,2.1040194034576416,1.92642080783844,1.5589196681976318,1.4992996454238892,1.1645931005477905,1.3022217750549316,1.1038110256195068,1.2811522483825684,0.9617344737052917,0.6203092336654663,0.3813572824001312,0.0,0.38562557101249695,0.6573099493980408,0.5759875178337097,1.979292869567871,1.901901125907898,1.5327014923095703,1.5104061365127563,1.201562762260437,1.355034351348877,1.1624141931533813,1.3753480911254883,1.1071501970291138,0.7887890934944153,0.6458067893981934,0.49913492798805237,0.6585068106651306,0.8249338865280151,0.7062050104141235,2.0556697845458984,2.000251293182373,1.6529618501663208,1.659717321395874,1.388624668121338,1.5394821166992188,1.3657350540161133,1.5986992120742798,1.3912571668624878,1.1538383960723877,1.060705304145813,0.9811131358146667,1.0691921710968018,1.1628103256225586,1.050894021987915,2.223984956741333,2.1848926544189453,1.8654441833496094,1.8979600667953491,1.6746100187301636,1.822266697883606,1.6778266429901123,1.9154858589172363,1.7676637172698975,1.602205753326416,1.5283082723617554,1.4794925451278687,1.5231218338012695,1.5724910497665405,1.463615894317627,2.432068109512329,2.431518793106079,2.136979579925537,2.2050750255584717,2.027972936630249,2.1812989711761475,2.084010362625122,2.331237316131592,2.2842962741851807,2.2111458778381348,2.2133302688598633,2.2601325511932373,2.3182637691497803,2.354961395263672,2.4338176250457764
A13,2.402409315109253,2.2598416805267334,1.897883415222168,1.870780348777771,1.5456610918045044,1.6840041875839233,1.4626425504684448,1.5970686674118042,1.242609977722168,0.9505807161331177,0.6116223335266113,0.38562557101249695,0.0,0.39077404141426086,0.5530633330345154,2.251204252243042,2.211094856262207,1.853908896446228,1.8645665645599365,1.5661625862121582,1.7234011888504028,1.5113463401794434,1.680174469947815,1.3653022050857544,1.057002305984497,0.7890186309814453,0.5812889337539673,0.47711697220802307,0.5764257311820984,0.6320815086364746,2.292179822921753,2.2720096111297607,1.933372139930725,1.9717971086502075,1.7017748355865479,1.864620327949524,1.6674319505691528,1.866869330406189,1.6024378538131714,1.3404673337936401,1.14141845703125,1.0022904872894287,0.9427059888839722,0.977249264717102,0.9773028492927551,2.4172677993774414,2.4101767539978027,2.093456983566284,2.156897783279419,1.9267845153808594,2.094007730484009,1.9238097667694092,2.1434130668640137,1.9370425939559937,1.7313129901885986,1.5749528408050537,1.4755014181137085,1.4193775653839111,1.4294006824493408,1.4029932022094727,2.579404354095459,2.6056864261627197,2.310556650161743,2.411618947982788,2.2256314754486084,2.4061436653137207,2.283858299255371,2.5423779487609863,2.446181297302246,2.3284847736358643,2.277517795562744,2.2797608375549316,2.293032646179199,2.284348964691162,2.383803606033325
A14,2.361973524093628,2.280726194381714,1.938607096672058,1.9879951477050781,1.711761713027954,1.9168591499328613,1.748245358467102,1.9325194358825684,1.597677230834961,1.2732865810394287,0.973991870880127,0.6573099493980408,0.39077404141426086,0.0,0.3739030063152313,2.188549280166626,2.2146642208099365,1.8897883892059326,1.9759999513626099,1.733461856842041,1.9541476964950562,1.7985169887542725,2.010096549987793,1.7124760150909424,1.3752270936965942,1.1265901327133179,0.8305641412734985,0.6601994633674622,0.49015453457832336,0.528532087802887,2.2181332111358643,2.2635066509246826,1.9623631238937378,2.0722427368164062,1.856082797050476,2.0789294242858887,1.9330127239227295,2.1715798377990723,1.9171217679977417,1.6173114776611328,1.4185954332351685,1.1919506788253784,1.0783642530441284,0.9634531736373901,0.9477207064628601,2.3365330696105957,2.3922746181488037,2.1141762733459473,2.242729425430298,2.0627458095550537,2.2846245765686035,2.1591265201568604,2.4158132076263428,2.213684320449829,1.9663236141204834,1.8055521249771118,1.6312812566757202,1.5385479927062988,1.4465540647506714,1.4121549129486084,2.4954631328582764,2.578824758529663,2.3223469257354736,2.4815361499786377,2.3424928188323975,2.5710744857788086,2.4888358116149902,2.782440423965454,2.698333978652954,2.5444602966308594,2.505782127380371,2.4576947689056396,2.490257978439331,2.43068528175354,2.4888455867767334
A15,1.9886236190795898,1.9159458875656128,1.5795551538467407,1.6588003635406494,1.4166746139526367,1.6686058044433594,1.5612566471099854,1.8068876266479492,1.519106388092041,1.1571600437164307,0.9523339867591858,0.5759875178337097,0.5530633330345154,0.3739030063152313,0.0,1.830688714981079,1.867854356765747,1.5519198179244995,1.6656630039215088,1.4607959985733032,1.7211939096450806,1.625414252281189,1.8938628435134888,1.6489088535308838,1.2977831363677979,1.1438963413238525,0.8415772318840027,0.8352250456809998,0.7099159955978394,0.5117290019989014,1.898722767829895,1.954179286956787,1.668821096420288,1.7998719215393066,1.6237269639968872,1.8743489980697632,1.784925937652588,2.0715723037719727,1.8729299306869507,1.5758402347564697,1.4602402448654175,1.2413890361785889,1.2363030910491943,1.1385107040405273,0.9927571415901184,2.0687992572784424,2.132875680923462,1.8762913942337036,2.0173981189727783,1.8779035806655884,2.114539384841919,2.0408058166503906,2.3328683376312256,2.1860105991363525,1.9538946151733398,1.8628736734390259,1.7009339332580566,1.6868553161621094,1.597825050354004,1.472707986831665,2.2837178707122803,2.3745651245117188,2.141615629196167,2.302854537963867,2.201472520828247,2.43114972114563,2.396043539047241,2.6971213817596436,2.665778636932373,2.5360684394836426,2.5527539253234863,2.5245580673217773,2.608011245727539,2.5712852478027344,2.593081474304199
B1,0.5479875802993774,0.6333867907524109,0.7745885848999023,1.097093939781189,1.360185146331787,1.693617820739746,1.9773131608963013,2.3281238079071045,2.3339614868164062,2.0547142028808594,2.207552909851074,1.979292869567871,2.251204252243042,2.188549280166626,1.830688714981079,0.0,0.3940553665161133,0.630338728427887,0.9768508076667786,1.2805702686309814,1.6108078956604004,1.905500054359436,2.2786645889282227,2.3286306858062744,2.083787679672241,2.262951374053955,2.078047037124634,2.3352837562561035,2.283191204071045,1.9058425426483154,0.513415515422821,0.676609992980957,0.8311952352523804,1.1061147451400757,1.3778876066207886,1.679001808166504,1.9550762176513672,2.3386318683624268,2.4256393909454346,2.2229392528533936,2.4098775386810303,2.260127067565918,2.504448652267456,2.4464545249938965,2.080538511276245,1.0135763883590698,1.1215622425079346,1.203161358833313,1.3987832069396973,1.6212843656539917,1.8729807138442993,2.122131109237671,2.49188232421875,2.611685037612915,2.471235990524292,2.6530017852783203,2.539609909057617,2.7594594955444336,2.674860954284668,2.324702024459839,1.4968881607055664,1.6030446290969849,1.6337171792984009,1.7733551263809204,1.955032229423523,2.1496429443359375,2.3904294967651367,2.6760480403900146,2.8904426097869873,2.8511650562286377,3.0976295471191406,3.1099371910095215,3.3885068893432617,3.411222457885742,3.263892889022827
B2,0.7001867890357971,0.5406198501586914,0.6692607998847961,0.8754519820213318,1.1560510396957397,1.440696120262146,1.7481509447097778,2.072255849838257,2.115753650665283,1.8773359060287476,2.074467182159424,1.901901125907898,2.211094856262207,2.2146642208099365,1.867854356765747,0.3940553665161133,0.0,0.38180842995643616,0.6461910605430603,0.9980743527412415,1.2912486791610718,1.6188081502914429,1.9763867855072021,2.0671510696411133,1.8627560138702393,2.090294361114502,1.9593383073806763,2.2610647678375244,2.2713191509246826,1.8996789455413818,0.5968462824821472,0.4926629066467285,0.5910874009132385,0.7715249061584473,1.0712981224060059,1.3352104425430298,1.6412779092788696,2.0136210918426514,2.1410579681396484,1.9777384996414185,2.2106637954711914,2.1111934185028076,2.4004108905792236,2.4001312255859375,2.0333845615386963,1.0274078845977783,0.9882751703262329,1.0111510753631592,1.1157211065292358,1.331813931465149,1.539079189300537,1.8049333095550537,2.161196708679199,2.317042350769043,2.2161712646484375,2.4369356632232666,2.3706791400909424,2.6309235095977783,2.597482442855835,2.240793228149414,1.4846086502075195,1.4929159879684448,1.4727362394332886,1.535219430923462,1.6926108598709106,1.8390721082687378,2.0819523334503174,2.3408727645874023,2.5777835845947266,2.5739662647247314,2.838880777359009,2.8869690895080566,3.1725077629089355,3.23122501373291,3.0953903198242188
B3,0.8722938299179077,0.6310772895812988,0.5201168060302734,0.6545504927635193,0.8386817574501038,1.1409226655960083,1.4109375476837158,1.7359380722045898,1.7501323223114014,1.5009052753448486,1.694008708000183,1.5327014923095703,1.853908896446228,1.8897883892059326,1.5519198179244995,0.630338728427887,0.38180842995643616,0.0,0.37673938274383545,0.6531578302383423,0.9896078109741211,1.2805238962173462,1.6500375270843506,1.7107256650924683,1.4919085502624512,1.7159287929534912,1.5958560705184937,1.9094845056533813,1.948599934577942,1.585071086883545,0.7851190567016602,0.6428384184837341,0.47800639271736145,0.6052352786064148,0.7924841046333313,1.077341914176941,1.3345444202423096,1.7179498672485352,1.8139091730117798,1.6412473917007446,1.862949252128601,1.776199460029602,2.0686113834381104,2.093806743621826,1.7394355535507202,1.1474976539611816,1.0728991031646729,0.9527844190597534,1.0226508378982544,1.1353579759597778,1.3430583477020264,1.55012047290802,1.9091352224349976,2.0317699909210205,1.9267663955688477,2.1266682147979736,2.0737907886505127,2.3262245655059814,2.316249132156372,1.977034330368042,1.5580310821533203,1.542628526687622,1.42722749710083,1.4764763116836548,1.5522196292877197,1.698936104774475,1.8831961154937744,2.147810935974121,2.3476650714874268,2.3418147563934326,2.5769331455230713,2.636991024017334,2.895989179611206,2.96270751953125,2.8611056804656982
B4,1.1208686828613281,0.781201183795929,0.6374152302742004,0.525463879108429,0.6689449548721313,0.8711690902709961,1.1640278100967407,1.4527745246887207,1.5204765796661377,1.335106611251831,1.5872502326965332,1.5104061365127563,1.8645665645599365,1.9759999513626099,1.6656630039215088,0.9768508076667786,0.6461910605430603,0.37673938274383545,0.0,0.38567426800727844,0.6452226638793945,0.9807630777359009,1.3334378004074097,1.4518394470214844,1.299408197402954,1.5849448442459106,1.5484062433242798,1.9020819664001465,2.014033555984497,1.678788423538208,1.1002956628799438,0.849759578704834,0.6139735579490662,0.48231634497642517,0.5843874216079712,0.7683113813400269,1.0427714586257935,1.4087668657302856,1.5567669868469238,1.4493802785873413,1.721984624862671,1.7116899490356445,2.0429434776306152,2.136941909790039,1.8045685291290283,1.3935619592666626,1.220260739326477,1.032371997833252,0.9621304869651794,0.9980217218399048,1.1099040508270264,1.3014370203018188,1.6302193403244019,1.7921230792999268,1.7486836910247803,1.984115719795227,1.9988644123077393,2.2838335037231445,2.3368630409240723,2.0117099285125732,1.7534797191619873,1.6583833694458008,1.4863944053649902,1.4420135021209717,1.4530333280563354,1.5221343040466309,1.676243543624878,1.8944743871688843,2.109152317047119,2.1551425457000732,2.3967530727386475,2.5073635578155518,2.7579591274261475,2.869065761566162,2.796320676803589
B5,1.4121769666671753,1.082996129989624,0.8268000483512878,0.621854841709137,0.5090265870094299,0.6522440314292908,0.8529521226882935,1.1215513944625854,1.1504696607589722,0.9697473645210266,1.2297258377075195,1.201562762260437,1.5661625862121582,1.733461856842041,1.4607959985733032,1.2805702686309814,0.9980743527412415,0.6531578302383423,0.38567426800727844,0.0,0.3795367181301117,0.6277695894241333,0.9986310005187988,1.0778775215148926,0.921264111995697,1.2205443382263184,1.229304313659668,1.5988826751708984,1.7618516683578491,1.4618202447891235,1.3752261400222778,1.1415894031524658,0.8150263428688049,0.6369786858558655,0.46974411606788635,0.6014535427093506,0.7518290281295776,1.122994065284729,1.2276793718338013,1.1240205764770508,1.3886348009109497,1.4176698923110962,1.752893328666687,1.89109206199646,1.5933228731155396,1.6127398014068604,1.4323172569274902,1.1564104557037354,1.0519176721572876,0.9423004388809204,1.0188592672348022,1.098628044128418,1.4103443622589111,1.5249565839767456,1.4882075786590576,1.6959582567214966,1.7417117357254028,2.0158627033233643,2.1074862480163574,1.8171353340148926,1.9167327880859375,1.8073347806930542,1.5625640153884888,1.5034128427505493,1.4177314043045044,1.4731372594833374,1.5383188724517822,1.749173641204834,1.9093806743621826,1.9572218656539917,2.1562373638153076,2.285771131515503,2.4989113807678223,2.6235969066619873,2.59525465965271
B6,1.691097617149353,1.3266832828521729,1.0989913940429688,0.7892859578132629,0.6373335123062134,0.5320242047309875,0.7110128402709961,0.8811842799186707,1.0057421922683716,0.9546752572059631,1.2730560302734375,1.355034351348877,1.7234011888504028,1.9541476964950562,1.7211939096450806,1.6108078956604004,1.2912486791610718,0.9896078109741211,0.6452226638793945,0.3795367181301117,0.0,0.3844458758831024,0.7013238072395325,0.8940669894218445,0.8789281249046326,1.2389858961105347,1.357775092124939,1.7395883798599243,1.9660611152648926,1.7110695838928223,1.70499849319458,1.4260973930358887,1.115498423576355,0.8374724984169006,0.6119788885116577,0.4776955842971802,0.5662468075752258,0.8663637638092041,1.055484652519226,1.0727311372756958,1.3853480815887451,1.5120658874511719,1.8667033910751343,2.068943738937378,1.809591293334961,1.9161041975021362,1.6835886240005493,1.3959424495697021,1.198561668395996,1.0270919799804688,0.9601102471351624,0.9823781847953796,1.214443325996399,1.3784325122833252,1.435481309890747,1.6751141548156738,1.8030388355255127,2.0990164279937744,2.25356388092041,1.9910389184951782,2.188833713531494,2.026621103286743,1.7579803466796875,1.6221156120300293,1.480533480644226,1.4402750730514526,1.4543145895004272,1.5868337154388428,1.7561079263687134,1.8727854490280151,2.0699915885925293,2.259148120880127,2.454102039337158,2.6282858848571777,2.633934259414673
B7,1.9865541458129883,1.6409599781036377,1.3608512878417969,1.0586570501327515,0.7773759365081787,0.5969785451889038,0.5320250988006592,0.5887441635131836,0.6554110050201416,0.6751094460487366,0.9925370216369629,1.1624141931533813,1.5113463401794434,1.7985169887542725,1.625414252281189,1.905500054359436,1.6188081502914429,1.2805238962173462,0.9807630777359009,0.6277695894241333,0.3844458758831024,0.0,0.3867095112800598,0.5254980325698853,0.5783368945121765,0.948543906211853,1.1507238149642944,1.5217185020446777,1.8006197214126587,1.6060200929641724,1.9858670234680176,1.7305760383605957,1.383954644203186,1.1313409805297852,0.813939094543457,0.655947208404541,0.47949928045272827,0.6914637088775635,0.7964251041412354,0.8537644743919373,1.1329245567321777,1.3218568563461304,1.657784342765808,1.9060771465301514,1.704020380973816,2.1660120487213135,1.944833755493164,1.615799069404602,1.4249119758605957,1.1683416366577148,1.0809627771377563,0.9595798254013062,1.1267304420471191,1.2101304531097412,1.2834116220474243,1.4703006744384766,1.6384631395339966,1.9060157537460327,2.101712465286255,1.8925654888153076,2.3991034030914307,2.2389774322509766,1.9284814596176147,1.7977217435836792,1.5868128538131714,1.542063593864441,1.458375096321106,1.570851445198059,1.6600942611694336,1.774929165840149,1.9085946083068848,2.116227388381958,2.2577006816864014,2.444873571395874,2.5034372806549072
B8,2.361778974533081,2.006463050842285,1.7389113903045654,1.4184365272521973,1.1414752006530762,0.8888477683067322,0.7338436245918274,0.5481889247894287,0.6539682745933533,0.8458828926086426,1.1209642887115479,1.3753480911254883,1.680174469947815,2.010096549987793,1.8938628435134888,2.2786645889282227,1.9763867855072021,1.6500375270843506,1.3334378004074097,0.9986310005187988,0.7013238072395325,0.3867095112800598,0.0,0.3813035488128662,0.6702687740325928,1.0072689056396484,1.3016033172607422,1.6437453031539917,1.9706196784973145,1.8356080055236816,2.331773281097412,2.0539968013763428,1.7074980735778809,1.4220045804977417,1.087497353553772,0.8349368572235107,0.5445355176925659,0.4932141602039337,0.624765932559967,0.8438462615013123,1.1189125776290894,1.3998554944992065,1.725320816040039,2.028754472732544,1.8803755044937134,2.471621513366699,2.2204716205596924,1.8773866891860962,1.6421760320663452,1.3406500816345215,1.1653001308441162,0.9488584995269775,0.975530743598938,1.0514646768569946,1.2201191186904907,1.4041287899017334,1.6522735357284546,1.9204955101013184,2.176229953765869,2.0117220878601074,2.660815715789795,2.465155839920044,2.131204843521118,1.9555447101593018,1.6913645267486572,1.58061683177948,1.417856216430664,1.4469873905181885,1.4941425323486328,1.6621339321136475,1.7611597776412964,2.0216026306152344,2.1240553855895996,2.3561809062957764,2.4585764408111572
B9,2.451523542404175,2.1279044151306152,1.8220633268356323,1.5519084930419922,1.2246391773223877,1.0552970170974731,0.8136816024780273,0.6584838628768921,0.5196040272712708,0.661984920501709,0.831541895866394,1.1071501970291138,1.3653022050857544,1.7124760150909424,1.6489088535308838,2.3286306858062744,2.0671510696411133,1.7107256650924683,1.4518394470214844,1.0778775215148926,0.8940669894218445,0.5254980325698853,0.3813035488128662,0.0,0.3785560727119446,0.6507071852684021,0.9834073781967163,1.2974989414215088,1.6447519063949585,1.557392954826355,2.3530216217041016,2.1134042739868164,1.7406837940216064,1.5103957653045654,1.1392624378204346,0.9841443300247192,0.6297601461410522,0.6143739819526672,0.4820258319377899,0.6095553040504456,0.7937201857566833,1.0879526138305664,1.38142991065979,1.699156641960144,1.593665361404419,2.4637155532836914,2.2460825443267822,1.878717303276062,1.6925222873687744,1.358577013015747,1.256183385848999,0.9813662767410278,1.0356996059417725,0.9676501750946045,1.0528579950332642,1.1463329792022705,1.377864956855774,1.6026942729949951,1.8635804653167725,1.739182949066162,2.622509479522705,2.4550750255584717,2.100226402282715,1.9717669486999512,1.6836251020431519,1.6359021663665771,1.4323720932006836,1.5187655687332153,1.4820311069488525,1.5756988525390625,1.610532283782959,1.8346911668777466,1.8988804817199707,2.1029977798461914,2.2313427925109863
B10,2.2469096183776855,1.9580880403518677,1.6346116065979004,1.4292744398117065,1.0974656343460083,1.0513873100280762,0.8460695147514343,0.856141209602356,0.6185033321380615,0.5200962424278259,0.6067233681678772,0.7887890934944153,1.057002305984497,1.3752270936965942,1.2977831363677979,2.083787679672241,1.8627560138702393,1.4919085502624512,1.299408197402954,0.921264111995697,0.8789281249046326,0.5783368945121765,0.6702687740325928,0.3785560727119446,0.0,0.37560510635375977,0.6313916444778442,0.980171263217926,1.3005932569503784,1.1844764947891235,2.090501070022583,1.8921151161193848,1.5097005367279053,1.3462884426116943,0.977167010307312,0.9548922181129456,0.6588916182518005,0.8171795606613159,0.6219576597213745,0.4928254783153534,0.6169992685317993,0.8048674464225769,1.104824185371399,1.3810853958129883,1.2445098161697388,2.1961488723754883,2.020137071609497,1.6503815650939941,1.5293490886688232,1.2116488218307495,1.2180111408233643,0.9889343976974487,1.161163091659546,1.0504769086837769,0.9992055296897888,1.0503524541854858,1.1821420192718506,1.3881850242614746,1.5930567979812622,1.4440662860870361,2.357379913330078,2.231234550476074,1.8821181058883667,1.8160449266433716,1.555602788925171,1.5942782163619995,1.4339412450790405,1.6122689247131348,1.5770118236541748,1.5881149768829346,1.629355788230896,1.7809598445892334,1.8695697784423828,2.0139267444610596,2.107332944869995
B11,2.450878143310547,2.2009127140045166,1.860655426979065,1.7061855792999268,1.3631761074066162,1.3649888038635254,1.1219040155410767,1.1250486373901367,0.7960241436958313,0.6514440178871155,0.48986726999282837,0.6458067893981934,0.7890186309814453,1.1265901327133179,1.1438963413238525,2.262951374053955,2.090294361114502,1.7159287929534912,1.5849448442459106,1.2205443382263184,1.2389858961105347,0.948543906211853,1.0072689056396484,0.6507071852684021,0.37560510635375977,0.0,0.3805013597011566,0.6477033495903015,1.0058964490890503,0.9827456474304199,2.244999408721924,2.093153953552246,1.7109107971191406,1.6079005002975464,1.2509995698928833,1.2874482870101929,0.9958226084709167,1.114032506942749,0.818972110748291,0.6041340827941895,0.47101932764053345,0.5981569886207581,0.8007630705833435,1.0905437469482422,1.0354808568954468,2.318319797515869,2.1838226318359375,1.811274528503418,1.743566870689392,1.424649953842163,1.4823812246322632,1.2315753698349,1.3882341384887695,1.180057406425476,1.0470627546310425,0.9601355195045471,1.031847596168518,1.1433836221694946,1.3407320976257324,1.2626286745071411,2.441948890686035,2.3499271869659424,1.995254397392273,1.978541374206543,1.7103254795074463,1.798161268234253,1.6100717782974243,1.8135195970535278,1.7089834213256836,1.652593731880188,1.6201732158660889,1.7179449796676636,1.7530125379562378,1.8519327640533447,1.9756461381912231
B12,2.308302402496338,2.1064062118530273,1.76987624168396,1.6938966512680054,1.3848298788070679,1.4878274202346802,1.304879903793335,1.4024467468261719,1.0814405679702759,0.8220571875572205,0.5997128486633301,0.49913492798805237,0.5812889337539673,0.8305641412734985,0.8415772318840027,2.078047037124634,1.9593383073806763,1.5958560705184937,1.5484062433242798,1.229304313659668,1.357775092124939,1.1507238149642944,1.3016033172607422,0.9834073781967163,0.6313916444778442,0.3805013597011566,0.0,0.3830900490283966,0.6702048778533936,0.6044390201568604,2.0345568656921387,1.937962293624878,1.5703874826431274,1.5508954524993896,1.2407238483428955,1.3845487833023071,1.1728070974349976,1.3730368614196777,1.0981950759887695,0.7875449657440186,0.6201902031898499,0.4821518063545227,0.6256934404373169,0.8050836324691772,0.7003850340843201,2.0938148498535156,2.013930082321167,1.6594223976135254,1.6701116561889648,1.3979312181472778,1.5496007204055786,1.3635766506195068,1.5923060178756714,1.3859175443649292,1.1634281873703003,1.0527502298355103,0.9804890751838684,1.0451257228851318,1.134386658668518,1.0244126319885254,2.212303876876831,2.1719613075256348,1.839455485343933,1.8940081596374512,1.6727899312973022,1.8379533290863037,1.7040542364120483,1.9705408811569214,1.8818731307983398,1.763292670249939,1.748029351234436,1.7689265012741089,1.8347108364105225,1.8637720346450806,1.9359536170959473
B13,2.5767242908477783,2.4118692874908447,2.0728659629821777,2.0317344665527344,1.7227545976638794,1.8393934965133667,1.631713628768921,1.7124842405319214,1.3588368892669678,1.1136009693145752,0.7977398037910461,0.6585068106651306,0.47711697220802307,0.6601994633674622,0.8352250456809998,2.3352837562561035,2.2610647678375244,1.9094845056533813,1.9020819664001465,1.5988826751708984,1.7395883798599243,1.5217185020446777,1.6437453031539917,1.2974989414215088,0.980171263217926,0.6477033495903015,0.3830900490283966,0.0,0.3847391903400421,0.5507217645645142,2.27384090423584,2.221529245376587,1.8710516691207886,1.892301082611084,1.600144863128662,1.7576748132705688,1.538304328918457,1.7054588794708252,1.3911131620407104,1.083007574081421,0.8073630928993225,0.5946340560913086,0.46572014689445496,0.5648481845855713,0.6321032643318176,2.302492380142212,2.264327049255371,1.9243299961090088,1.9744975566864014,1.7126837968826294,1.8837096691131592,1.6848446130752563,1.8899341821670532,1.632236361503601,1.3755542039871216,1.16781485080719,1.0250351428985596,0.9426224827766418,0.972969651222229,0.977395236492157,2.3813865184783936,2.376755714416504,2.0542755126953125,2.1488022804260254,1.9307140111923218,2.123467206954956,1.9719531536102295,2.244508981704712,2.108039140701294,1.9432896375656128,1.867473840713501,1.8330296277999878,1.8442655801773071,1.814720630645752,1.9100457429885864
