,A1,A2,A3,A4,A5,A6,A7,A8,A9,A10,A11,A12,A13,A14,A15,B1,B2,B3,B4,B5,B6,B7,B8,B9,B10,B11,B12,B13,B14,B15,C1,C2,C3,C4,C5,C6,C7,C8,C9,C10,C11,C12,C13,C14,C15,D1,D2,D3,D4,D5,D6,D7,D8,D9,D10,D11,D12,D13,D14,D15,E1,E2,E3,E4,E5,E6,E7,E8,E9,E10,E11,E12,E13,E14,E15
A1,0.0,0.3842937648296356,0.6090083122253418,0.9571732878684998,1.251089096069336,1.5882675647735596,1.86363685131073,2.239757776260376,2.3054885864257812,2.0562996864318848,2.2562756538391113,2.062791109085083,2.400263786315918,2.373162269592285,2.0052971839904785,0.5305511951446533,0.6691663265228271,0.8500530123710632,1.1197235584259033,1.397294282913208,1.6930214166641235,1.9768093824386597,2.3447251319885254,2.449080228805542,2.250638008117676,2.457662582397461,2.3117010593414307,2.617872953414917,2.566657066345215,2.193770408630371,1.0244077444076538,1.1208676099777222,1.2343357801437378,1.4280457496643066,1.6553517580032349,1.900099754333496,2.1702098846435547,2.5213398933410645,2.658437728881836,2.508397102355957,2.7218587398529053,2.613283395767212,2.883782386779785,2.8171157836914062,2.4597361087799072,1.5177019834518433,1.603166937828064,1.6732134819030762,1.8183860778808594,1.9969125986099243,2.191716432571411,2.4375953674316406,2.766782283782959,2.9304654598236084,2.835808277130127,3.03759503364563,2.971581220626831,3.2236924171447754,3.1133642196655273,2.7721073627471924,2.0077731609344482,2.101797580718994,2.1382100582122803,2.236238956451416,2.3885209560394287,2.5384905338287354,2.774484634399414,3.0360167026519775,3.265733003616333,3.281707763671875,3.5378835201263428,3.6319708824157715,3.911552906036377,3.858245611190796,3.8271734714508057
A2,0.3842937648296356,0.0,0.3839440941810608,0.6401181221008301,0.988755464553833,1.286482572555542,1.6003745794296265,1.9598662853240967,2.067929744720459,1.8573302030563354,2.1033108234405518,1.957313895225525,2.3166418075561523,2.351335287094116,1.9959765672683716,0.6154739856719971,0.5042880177497864,0.6311222314834595,0.8066468238830566,1.1116771697998047,1.3679817914962769,1.6820367574691772,2.038567066192627,2.183243989944458,2.022657632827759,2.272787570953369,2.172523260116577,2.5099666118621826,2.5146872997283936,2.147829055786133,1.0364990234375,0.9941707849502563,1.0531777143478394,1.1590765714645386,1.3845341205596924,1.583870768547058,1.8719292879104614,2.2085297107696533,2.3809092044830322,2.26839280128479,2.5174062252044678,2.45194673538208,2.75395131111145,2.737069606781006,2.381647825241089,1.4993337392807007,1.4910175800323486,1.513626217842102,1.5869191884994507,1.747421383857727,1.8958942890167236,2.1477949619293213,2.45833158493042,2.651031970977783,2.5925400257110596,2.8224658966064453,2.795856475830078,3.071052074432373,3.0041937828063965,2.6642847061157227,1.9727097749710083,1.9978764057159424,1.9926601648330688,2.0313327312469482,2.15792179107666,2.2637579441070557,2.496567487716675,2.731590986251831,2.9776806831359863,3.025771379470825,3.2900922298431396,3.412689447402954,3.69490385055542,3.6738474369049072,3.652322292327881
A3,0.6090083122253418,0.3839440941810608,0.0,0.3788132071495056,0.644042432308197,0.9869588017463684,1.2602622509002686,1.6332844495773315,1.7101762294769287,1.4852073192596436,1.7273398637771606,1.591468095779419,1.9574681520462036,2.0126051902770996,1.662874460220337,0.7352741360664368,0.6239750981330872,0.49646419286727905,0.6406991481781006,0.8388626575469971,1.1157407760620117,1.3815572261810303,1.746580719947815,1.8598843812942505,1.6903884410858154,1.9294564723968506,1.8416988849639893,2.176814317703247,2.20037841796875,1.8446987867355347,1.1147971153259277,1.0641272068023682,0.9872193932533264,1.066022515296936,1.1930711269378662,1.3929349184036255,1.6264830827713013,1.9637202024459839,2.103942394256592,1.9878023862838745,2.2165169715881348,2.162945508956909,2.4529147148132324,2.4534459114074707,2.1147637367248535,1.5559200048446655,1.5415390729904175,1.4731611013412476,1.5325636863708496,1.6142669916152954,1.758687138557434,1.9561015367507935,2.2613120079040527,2.421186923980713,2.361778736114502,2.5656137466430664,2.552457809448242,2.8058767318725586,2.7531940937042236,2.4347920417785645,2.010411262512207,2.035061836242676,1.9632644653320312,1.9993541240692139,2.063831329345703,2.169414520263672,2.3516740798950195,2.5875778198242188,2.7986562252044678,2.8435475826263428,3.077481985092163,3.2114293575286865,3.468505382537842,3.445091724395752,3.4557368755340576
A4,0.9571732878684998,0.6401181221008301,0.3788132071495056,0.0,0.3867241442203522,0.6467527747154236,0.9718886613845825,1.3221813440322876,1.4577583074569702,1.296182632446289,1.5968997478485107,1.538191556930542,1.9174256324768066,2.0456416606903076,1.7272034883499146,1.0470681190490723,0.8196026086807251,0.5984477996826172,0.4932427406311035,0.6199452877044678,0.8008266687393188,1.0878325700759888,1.4329904317855835,1.597344160079956,1.4892244338989258,1.777560830116272,1.7604618072509766,2.1192514896392822,2.2109999656677246,1.8807685375213623,1.340111494064331,1.187244176864624,1.0331053733825684,0.9739609956741333,1.034719705581665,1.1426820755004883,1.368350863456726,1.674972653388977,1.853550910949707,1.7948601245880127,2.056992769241333,2.0655741691589355,2.3793511390686035,2.441385269165039,2.1219265460968018,1.7213499546051025,1.6262868642807007,1.496275782585144,1.4637458324432373,1.4888720512390137,1.5582427978515625,1.734739065170288,2.003335475921631,2.1894257068634033,2.181144952774048,2.4068191051483154,2.447805643081665,2.7144758701324463,2.715968608856201,2.414184093475342,2.136413097381592,2.0977416038513184,1.9747382402420044,1.9436689615249634,1.9574428796768188,2.00272274017334,2.1586244106292725,2.353853464126587,2.5720345973968506,2.6580169200897217,2.888223648071289,3.060001850128174,3.3084590435028076,3.3221120834350586,3.3542213439941406
A5,1.251089096069336,0.988755464553833,0.644042432308197,0.3867241442203522,0.0,0.3867759704589844,0.6182169914245605,0.9902449250221252,1.083734393119812,0.9149333834648132,1.2271956205368042,1.209336757659912,1.5904381275177002,1.7595820426940918,1.4701186418533325,1.2900364398956299,1.0992636680603027,0.7784477472305298,0.6326290965080261,0.496666818857193,0.63881516456604,0.8081080913543701,1.154742956161499,1.2746449708938599,1.1677316427230835,1.4464497566223145,1.4645403623580933,1.8162672519683838,1.9432554244995117,1.6441199779510498,1.5334482192993164,1.3915855884552002,1.1461889743804932,1.0585439205169678,0.9764809012413025,1.0548630952835083,1.1770048141479492,1.4664843082427979,1.598334550857544,1.5448930263519287,1.7782644033432007,1.812901258468628,2.108039379119873,2.199655771255493,1.9129141569137573,1.8719556331634521,1.7782319784164429,1.5749597549438477,1.5275852680206299,1.4585641622543335,1.5113779306411743,1.6050572395324707,1.852548599243164,1.9925203323364258,1.9883736371994019,2.178158760070801,2.2411155700683594,2.4777626991271973,2.5024354457855225,2.235079526901245,2.250323534011841,2.2125308513641357,2.0315301418304443,1.997864007949829,1.9428147077560425,1.9830687046051025,2.071833848953247,2.2598085403442383,2.4302480220794678,2.5127761363983154,2.7021913528442383,2.8870849609375,3.1023330688476562,3.1158015727996826,3.1855390071868896
A6,1.5882675647735596,1.286482572555542,0.9869588017463684,0.6467527747154236,0.3867759704589844,0.0,0.38272374868392944,0.6862570643424988,0.8959594964981079,0.8663235306739807,1.2362390756607056,1.3287562131881714,1.6920043230056763,1.930314540863037,1.690887689590454,1.638571858406067,1.3987677097320557,1.0873898267745972,0.8328163027763367,0.6241468787193298,0.5087522268295288,0.621304452419281,0.8930329084396362,1.0929384231567383,1.102179765701294,1.426520824432373,1.5404090881347656,1.8939136266708374,2.0900354385375977,1.8353546857833862,1.849157452583313,1.6517891883850098,1.3855268955230713,1.2001161575317383,1.053239345550537,0.9890682697296143,1.0571388006210327,1.2681270837783813,1.4453198909759521,1.4822537899017334,1.7418242692947388,1.8556264638900757,2.1609413623809814,2.3176774978637695,2.065828323364258,2.147197723388672,1.9986928701400757,1.763584852218628,1.6379092931747437,1.5142827033996582,1.471429705619812,1.5199185609817505,1.6986112594604492,1.8636207580566406,1.9292590618133545,2.1345293521881104,2.2625060081481934,2.502899408340454,2.5877230167388916,2.349268913269043,2.489853620529175,2.4018945693969727,2.1867427825927734,2.0914721488952637,1.9868632555007935,1.9565293788909912,2.0046379566192627,2.1320672035217285,2.3022639751434326,2.4350552558898926,2.6110968589782715,2.839287519454956,3.0369389057159424,3.093461036682129,3.1891930103302
A7,1.86363685131073,1.6003745794296265,1.2602622509002686,0.9718886613845825,0.6182169914245605,0.38272374868392944,0.0,0.38687029480934143,0.5286538600921631,0.5517261624336243,0.929951012134552,1.102400541305542,1.4362504482269287,1.7172365188598633,1.5307179689407349,1.8879544734954834,1.6857168674468994,1.3380407094955444,1.1155263185501099,0.8095434904098511,0.6799512505531311,0.5461974143981934,0.7422227263450623,0.8514096736907959,0.8873116970062256,1.174342155456543,1.3421595096588135,1.6629948616027832,1.8953180313110352,1.6928821802139282,2.0737409591674805,1.902078628540039,1.5944912433624268,1.4222317934036255,1.1891676187515259,1.1139130592346191,1.0462908744812012,1.2041202783584595,1.3007551431655884,1.3476386070251465,1.5512409210205078,1.6956288814544678,1.9621697664260864,2.147908926010132,1.9450088739395142,2.3434720039367676,2.2111804485321045,1.935135006904602,1.8168729543685913,1.6262842416763306,1.579810380935669,1.5370064973831177,1.6802260875701904,1.7775654792785645,1.8438321352005005,1.994611382484436,2.142859935760498,2.3381974697113037,2.445181369781494,2.2530736923217773,2.65594482421875,2.579864740371704,2.3277692794799805,2.2430200576782227,2.085975170135498,2.060055732727051,2.0395493507385254,2.157790422439575,2.2666561603546143,2.388108015060425,2.511604070663452,2.7473275661468506,2.9025800228118896,2.9550514221191406,3.0910181999206543
A8,2.239757776260376,1.9598662853240967,1.6332844495773315,1.3221813440322876,0.9902449250221252,0.6862570643424988,0.38687029480934143,0.0,0.38961708545684814,0.6564420461654663,0.9926351308822632,1.2623285055160522,1.5337796211242676,1.8685580492019653,1.7489991188049316,2.246736526489258,2.021981954574585,1.6726677417755127,1.4120523929595947,1.0848225355148315,0.8501248955726624,0.5942173600196838,0.5605080723762512,0.691604733467102,0.8811637163162231,1.1603776216506958,1.421036720275879,1.711057186126709,2.0042402744293213,1.8625848293304443,2.3956804275512695,2.1953322887420654,1.869911789894104,1.6505581140518188,1.370966911315918,1.205963373184204,1.0435372591018677,1.0748261213302612,1.16440749168396,1.303699254989624,1.4962798357009888,1.7173696756362915,1.9695674180984497,2.21620512008667,2.0643177032470703,2.622771978378296,2.4581336975097656,2.1542279720306396,1.9892916679382324,1.747678279876709,1.632857084274292,1.5178526639938354,1.5742326974868774,1.6564569473266602,1.7837061882019043,1.9215360879898071,2.1303865909576416,2.309148073196411,2.4749600887298584,2.327256679534912,2.893645763397217,2.78468918800354,2.5006165504455566,2.376582145690918,2.1690189838409424,2.0920937061309814,2.0110878944396973,2.0701904296875,2.146620035171509,2.3025898933410645,2.3898751735687256,2.660705804824829,2.781898260116577,2.871263265609741,3.0403285026550293
A9,2.3054885864257812,2.067929744720459,1.7101762294769287,1.4577583074569702,1.083734393119812,0.8959594964981079,0.5286538600921631,0.38961708545684814,0.0,0.3699328303337097,0.6293553113937378,0.9434992074966431,1.1715692281723022,1.5242247581481934,1.4519436359405518,2.264813184738159,2.085620403289795,1.7124258279800415,1.5071467161178589,1.1407334804534912,0.9998195767402649,0.6672683954238892,0.6607757210731506,0.5510752201080322,0.6534916162490845,0.8410142660140991,1.1119859218597412,1.362852692604065,1.6636786460876465,1.5620638132095337,2.3840830326080322,2.224958658218384,1.876161813735962,1.7060370445251465,1.3889411687850952,1.293768286705017,1.0659390687942505,1.121006965637207,1.078826904296875,1.1446120738983154,1.251854658126831,1.453254222869873,1.6587104797363281,1.9011330604553223,1.7841088771820068,2.5869555473327637,2.458505392074585,2.1343231201171875,2.0129270553588867,1.7430843114852905,1.6840710639953613,1.5219013690948486,1.6023935079574585,1.595139741897583,1.662684679031372,1.7316999435424805,1.914477825164795,2.045464515686035,2.197514533996582,2.0810890197753906,2.835286855697632,2.7592320442199707,2.459376335144043,2.3775794506073,2.151489019393921,2.124436140060425,2.009925127029419,2.108686923980713,2.1267809867858887,2.2282402515411377,2.2747151851654053,2.517035484313965,2.6107208728790283,2.6635396480560303,2.8521029949188232
A10,2.0562996864318848,1.8573302030563354,1.4852073192596436,1.296182632446289,0.9149333834648132,0.8663235306739807,0.5517261624336243,0.6564420461654663,0.3699328303337097,0.0,0.3806733787059784,0.606635570526123,0.8990135788917542,1.215088129043579,1.0999808311462402,1.9873366355895996,1.85068678855896,1.4720436334609985,1.3317389488220215,0.97002112865448,0.957923948764801,0.684598982334137,0.8420432209968567,0.681865930557251,0.5625867247581482,0.706864058971405,0.8677251935005188,1.1428661346435547,1.387787103652954,1.2411607503890991,2.104454278945923,1.9885227680206299,1.6421865224838257,1.535852313041687,1.2361981868743896,1.2449716329574585,1.0638047456741333,1.2274342775344849,1.152953028678894,1.09885835647583,1.1817972660064697,1.290499210357666,1.4932684898376465,1.672865867614746,1.5191330909729004,2.317453145980835,2.2313737869262695,1.9183597564697266,1.8555372953414917,1.6123796701431274,1.6340129375457764,1.5106881856918335,1.671576738357544,1.646554708480835,1.6344177722930908,1.6896660327911377,1.8010514974594116,1.930497646331787,2.019418716430664,1.8727988004684448,2.5805253982543945,2.5451934337615967,2.2626760005950928,2.2324092388153076,2.0383899211883545,2.0750911235809326,1.9963396787643433,2.159360885620117,2.1836040019989014,2.2330944538116455,2.2981081008911133,2.4951908588409424,2.6113736629486084,2.6162424087524414,2.778778553009033
A11,2.2562756538391113,2.1033108234405518,1.7273398637771606,1.5968997478485107,1.2271956205368042,1.2362390756607056,0.929951012134552,0.9926351308822632,0.6293553113937378,0.3806733787059784,0.0,0.371479868888855,0.5473624467849731,0.897960364818573,0.8764949440956116,2.145965814590454,2.058551549911499,1.6822930574417114,1.5979641675949097,1.2438238859176636,1.2839781045913696,0.9985816478729248,1.1139329671859741,0.8393592834472656,0.6389321088790894,0.5522167682647705,0.6657295823097229,0.8419570326805115,1.0855118036270142,1.0123831033706665,2.226684808731079,2.1556355953216553,1.805052399635315,1.748386025428772,1.4380261898040771,1.4941718578338623,1.2740987539291382,1.423236608505249,1.2477834224700928,1.1240900754928589,1.0819075107574463,1.140832543373108,1.2553797960281372,1.4158216714859009,1.3209774494171143,2.403890609741211,2.3564112186431885,2.0350747108459473,2.014777660369873,1.7556208372116089,1.8199771642684937,1.6574870347976685,1.8192439079284668,1.7138561010360718,1.6445173025131226,1.6154836416244507,1.6872634887695312,1.7467507123947144,1.812139630317688,1.713999629020691,2.6320581436157227,2.6303489208221436,2.3389334678649902,2.349539279937744,2.141505479812622,2.2191264629364014,2.107476234436035,2.2932066917419434,2.2603652477264404,2.257446527481079,2.274876117706299,2.436171531677246,2.516162395477295,2.4804301261901855,2.663243293762207
A12,2.062791109085083,1.957313895225525,1.591468095779419,1.538191556930542,1.209336757659912,1.3287562131881714,1.102400541305542,1.2623285055160522,0.9434992074966431,0.606635570526123,0.371479868888855,0.0,0.3820466995239258,0.6202861666679382,0.5224215984344482,1.9116135835647583,1.8759170770645142,1.5164878368377686,1.5099815130233765,1.200473666191101,1.3465136289596558,1.139644742012024,1.3387362957000732,1.083916425704956,0.7828986048698425,0.6658135652542114,0.5520161986351013,0.7310680747032166,0.8504500985145569,0.6978152394294739,1.974779486656189,1.95561683177948,1.6234185695648193,1.6411229372024536,1.3723211288452148,1.5214049816131592,1.3614364862442017,1.5833399295806885,1.408393383026123,1.1960701942443848,1.1410908699035645,1.076871395111084,1.1803510189056396,1.2387574911117554,1.0910524129867554,2.149725914001465,2.151353359222412,1.8527195453643799,1.897695779800415,1.6794530153274536,1.8194715976715088,1.7041407823562622,1.9288184642791748,1.8212454319000244,1.683393955230713,1.649683952331543,1.6378527879714966,1.6990597248077393,1.682886004447937,1.5457932949066162,2.3840487003326416,2.4274344444274902,2.162167549133301,2.2282450199127197,2.061264753341675,2.199432849884033,2.128621816635132,2.367121458053589,2.3467774391174316,2.2978477478027344,2.3394083976745605,2.451772451400757,2.558866024017334,2.476933002471924,2.622361898422241
A13,2.400263786315918,2.3166418075561523,1.9574681520462036,1.9174256324768066,1.5904381275177002,1.6920043230056763,1.4362504482269287,1.5337796211242676,1.1715692281723022,0.8990135788917542,0.5473624467849731,0.3820466995239258,0.0,0.3934496343135834,0.5570433139801025,2.219059467315674,2.2065467834472656,1.8564544916152954,1.8617976903915405,1.55028235912323,1.6803324222564697,1.4365066289901733,1.574378252029419,1.2568501234054565,0.9686930179595947,0.6999192237854004,0.5527852773666382,0.4962625503540039,0.6022497415542603,0.6304498314857483,2.2391529083251953,2.2415056228637695,1.9097790718078613,1.940410852432251,1.6563951969146729,1.8007597923278809,1.5944244861602783,1.7720627784729004,1.525436282157898,1.29127037525177,1.1211068630218506,1.0223253965377808,0.9956721067428589,1.0348751544952393,0.9987653493881226,2.3626999855041504,2.3829047679901123,2.0760555267333984,2.135247230529785,1.8941099643707275,2.040776014328003,1.8785662651062012,2.076535701751709,1.9005228281021118,1.7306362390518188,1.6124897003173828,1.573175311088562,1.5471210479736328,1.517273187637329,1.458699345588684,2.543761730194092,2.6033072471618652,2.3253345489501953,2.4110827445983887,2.219900131225586,2.373826742172241,2.259920120239258,2.4980928897857666,2.4198899269104004,2.3315632343292236,2.317599296569824,2.3994064331054688,2.459275245666504,2.344236373901367,2.516510009765625
A14,2.373162269592285,2.351335287094116,2.0126051902770996,2.0456416606903076,1.7595820426940918,1.930314540863037,1.7172365188598633,1.8685580492019653,1.5242247581481934,1.215088129043579,0.897960364818573,0.6202861666679382,0.3934496343135834,0.0,0.37151339650154114,2.1757755279541016,2.2300195693969727,1.9151691198349,1.9939993619918823,1.7340527772903442,1.9292871952056885,1.7379462718963623,1.9202635288238525,1.6213440895080566,1.304432988166809,1.0520137548446655,0.802006721496582,0.6826966404914856,0.5210965871810913,0.5354830622673035,2.1900017261505127,2.259432315826416,1.9654005765914917,2.0677874088287354,1.8341100215911865,2.0397744178771973,1.8807071447372437,2.0973238945007324,1.8583672046661377,1.583736777305603,1.4066338539123535,1.217383623123169,1.1399524211883545,1.033864140510559,0.9868718981742859,2.3121840953826904,2.3956308364868164,2.127152681350708,2.251387357711792,2.056661605834961,2.2591073513031006,2.135650634765625,2.3704373836517334,2.193979024887085,1.979262113571167,1.849365234375,1.7349201440811157,1.6844375133514404,1.5610936880111694,1.4920566082000732,2.4938321113586426,2.6105785369873047,2.3701984882354736,2.513472318649292,2.365544557571411,2.568923234939575,2.4879865646362305,2.760951042175293,2.6886043548583984,2.562708616256714,2.5583841800689697,2.592024326324463,2.66113018989563,2.498443841934204,2.6397640705108643
A15,2.0052971839904785,1.9959765672683716,1.662874460220337,1.7272034883499146,1.4701186418533325,1.690887689590454,1.5307179689407349,1.7489991188049316,1.4519436359405518,1.0999808311462402,0.8764949440956116,0.5224215984344482,0.5570433139801025,0.37151339650154114,0.0,1.82720947265625,1.8956941366195679,1.5917752981185913,1.702125072479248,1.478719711303711,1.7178301811218262,1.5867546796798706,1.8295375108718872,1.5876643657684326,1.2564200162887573,1.103436827659607,0.8408868312835693,0.8851613402366638,0.7476927638053894,0.5417741537094116,1.8830482959747314,1.966225028038025,1.6910500526428223,1.8191592693328857,1.6274731159210205,1.8642914295196533,1.766403317451477,2.031012535095215,1.8518400192260742,1.5800992250442505,1.4876967668533325,1.300669550895691,1.3257602453231812,1.2191716432571411,1.053775668144226,2.059396505355835,2.154449224472046,1.9114787578582764,2.052698850631714,1.9006857872009277,2.120466709136963,2.053589105606079,2.323690176010132,2.2043564319610596,2.001349687576294,1.9391838312149048,1.8282090425491333,1.8517274856567383,1.7214267253875732,1.5713212490081787,2.2981836795806885,2.4235548973083496,2.2110753059387207,2.359693765640259,2.2521979808807373,2.460559129714966,2.430765151977539,2.7163445949554443,2.696843147277832,2.593369483947754,2.641705274581909,2.689603090286255,2.805333375930786,2.6603028774261475,2.7690157890319824
B1,0.5305511951446533,0.6154739856719971,0.7352741360664368,1.0470681190490723,1.2900364398956299,1.638571858406067,1.8879544734954834,2.246736526489258,2.264813184738159,1.9873366355895996,2.145965814590454,1.9116135835647583,2.219059467315674,2.1757755279541016,1.82720947265625,0.0,0.3844219744205475,0.6160545945167542,0.9660606980323792,1.24922776222229,1.5921378135681152,1.8657238483428955,2.2367758750915527,2.3021955490112305,2.060683250427246,2.2427494525909424,2.0506389141082764,2.3496248722076416,2.2744736671447754,1.8959691524505615,0.49911853671073914,0.6683683395385742,0.82289057970047,1.1105921268463135,1.3676822185516357,1.6764620542526245,1.9499536752700806,2.320446729660034,2.4249629974365234,2.2276275157928467,2.4293344020843506,2.2775208950042725,2.549633502960205,2.4556193351745605,2.0834548473358154,0.994509220123291,1.1159156560897827,1.206365942955017,1.416688084602356,1.6257156133651733,1.8810197114944458,2.1374876499176025,2.494865894317627,2.632275104522705,2.4918766021728516,2.68772554397583,2.5801658630371094,2.8406260013580322,2.704263687133789,2.3460395336151123,1.4841259717941284,1.6012483835220337,1.6498569250106812,1.7938743829727173,1.9713834524154663,2.1726322174072266,2.420673131942749,2.718867301940918,2.934126853942871,2.9074954986572266,3.171133518218994,3.2272799015045166,3.5208356380462646,3.4464797973632812,3.3855996131896973
B2,0.6691663265228271,0.5042880177497864,0.6239750981330872,0.8196026086807251,1.0992636680603027,1.3987677097320557,1.6857168674468994,2.021981954574585,2.085620403289795,1.85068678855896,2.058551549911499,1.8759170770645142,2.2065467834472656,2.2300195693969727,1.8956941366195679,0.3844219744205475,0.0,0.3820847272872925,0.6520020365715027,0.9932548403739929,1.298532485961914,1.612035870552063,1.9702658653259277,2.082139492034912,1.881601333618164,2.1141815185546875,1.9723669290542603,2.3077995777130127,2.2951676845550537,1.9242451190948486,0.5851709842681885,0.49146151542663574,0.60695880651474,0.8024508953094482,1.0952702760696411,1.3642263412475586,1.6727702617645264,2.0314626693725586,2.1799559593200684,2.023068904876709,2.270606756210327,2.1666340827941895,2.4783289432525635,2.44062876701355,2.069483518600464,1.0098726749420166,0.9890230894088745,1.0332112312316895,1.1559501886367798,1.3672407865524292,1.5766505002975464,1.855973482131958,2.1985929012298584,2.3750531673431396,2.274251699447632,2.5091259479522705,2.4450254440307617,2.7374157905578613,2.6502583026885986,2.2902400493621826,1.4735976457595825,1.4958670139312744,1.5028616189956665,1.5720298290252686,1.7337443828582764,1.886576533317566,2.1447553634643555,2.416964530944824,2.6586995124816895,2.66837739944458,2.948871374130249,3.035940408706665,3.338341474533081,3.301485776901245,3.246018171310425
B3,0.8500530123710632,0.6311222314834595,0.49646419286727905,0.5984477996826172,0.7784477472305298,1.0873898267745972,1.3380407094955444,1.6726677417755127,1.7124258279800415,1.4720436334609985,1.6822930574417114,1.5164878368377686,1.8564544916152954,1.9151691198349,1.5917752981185913,0.6160545945167542,0.3820847272872925,0.0,0.37014642357826233,0.6377125978469849,0.9782992005348206,1.258259654045105,1.6255019903182983,1.7147657871246338,1.5078901052474976,1.7431833744049072,1.619990348815918,1.9664816856384277,1.9868435859680176,1.6247016191482544,0.766539990901947,0.6342366337776184,0.49117711186408997,0.6229396462440491,0.808563232421875,1.0879708528518677,1.3542879819869995,1.7194617986679077,1.8449105024337769,1.6877429485321045,1.929134726524353,1.8450278043746948,2.1588854789733887,2.1514370441436768,1.792410969734192,1.1289397478103638,1.073846697807312,0.9771623611450195,1.0569117069244385,1.1675877571105957,1.3667454719543457,1.5942132472991943,1.934004783630371,2.085561513900757,1.9900157451629639,2.2092020511627197,2.1677420139312744,2.4482786655426025,2.3862664699554443,2.0443153381347656,1.5523074865341187,1.5543124675750732,1.4671574831008911,1.51414155960083,1.594668984413147,1.7364121675491333,1.9407168626785278,2.2106263637542725,2.4220244884490967,2.436253309249878,2.6901822090148926,2.796839714050293,3.0766680240631104,3.0453991889953613,3.0250020027160645
B4,1.1197235584259033,0.8066468238830566,0.6406991481781006,0.4932427406311035,0.6326290965080261,0.8328163027763367,1.1155263185501099,1.4120523929595947,1.5071467161178589,1.3317389488220215,1.5979641675949097,1.5099815130233765,1.8617976903915405,1.9939993619918823,1.702125072479248,0.9660606980323792,0.6520020365715027,0.37014642357826233,0.0,0.383747398853302,0.6469285488128662,0.9765162467956543,1.3255480527877808,1.4730372428894043,1.329917073249817,1.6235064268112183,1.5764110088348389,1.9495736360549927,2.0426454544067383,1.7094573974609375,1.06906259059906,0.8245792984962463,0.60158771276474,0.48077231645584106,0.6006391048431396,0.7821807861328125,1.0741654634475708,1.4185967445373535,1.5956536531448364,1.5007814168930054,1.7890836000442505,1.774598240852356,2.1189346313476562,2.179344654083252,1.842059850692749,1.3502087593078613,1.1940908432006836,1.0267826318740845,0.9706138372421265,1.0163053274154663,1.1236127614974976,1.3465663194656372,1.6554138660430908,1.8464384078979492,1.808609127998352,2.061692237854004,2.081446647644043,2.382335662841797,2.3811399936676025,2.056345224380493,1.7162673473358154,1.6384073495864868,1.4941400289535522,1.4506072998046875,1.4738783836364746,1.5407500267028809,1.7259392738342285,1.9537949562072754,2.182793378829956,2.244894504547119,2.5026514530181885,2.6517012119293213,2.9275126457214355,2.9388856887817383,2.9382197856903076
B5,1.397294282913208,1.1116771697998047,0.8388626575469971,0.6199452877044678,0.496666818857193,0.6241468787193298,0.8095434904098511,1.0848225355148315,1.1407334804534912,0.97002112865448,1.2438238859176636,1.200473666191101,1.55028235912323,1.7340527772903442,1.478719711303711,1.24922776222229,0.9932548403739929,0.6377125978469849,0.383747398853302,0.0,0.37892305850982666,0.6212920546531677,0.9881860613822937,1.099913239479065,0.9555313587188721,1.2620484828948975,1.2588075399398804,1.6388275623321533,1.781022548675537,1.4804452657699585,1.3270440101623535,1.1109733581542969,0.793900191783905,0.6261392831802368,0.48014920949935913,0.6103801131248474,0.7890374660491943,1.1347510814666748,1.2727926969528198,1.185397744178772,1.4638804197311401,1.4870564937591553,1.827376365661621,1.930922269821167,1.6256017684936523,1.558508038520813,1.4045038223266602,1.1478163003921509,1.0586644411087036,0.962318480014801,1.0331008434295654,1.1526744365692139,1.4421439170837402,1.5901986360549927,1.563052773475647,1.7888127565383911,1.8418195247650146,2.12052321434021,2.153765916824341,1.8635109663009644,1.8742444515228271,1.7920923233032227,1.5754042863845825,1.5181199312210083,1.4466338157653809,1.4959702491760254,1.597130298614502,1.8134816884994507,1.9930665493011475,2.05820631980896,2.2752792835235596,2.445773124694824,2.688884973526001,2.7064905166625977,2.747854232788086
B6,1.6930214166641235,1.3679817914962769,1.1157407760620117,0.8008266687393188,0.63881516456604,0.5087522268295288,0.6799512505531311,0.8501248955726624,0.9998195767402649,0.957923948764801,1.2839781045913696,1.3465136289596558,1.6803324222564697,1.9292871952056885,1.7178301811218262,1.5921378135681152,1.298532485961914,0.9782992005348206,0.6469285488128662,0.37892305850982666,0.0,0.3844012916088104,0.6933292150497437,0.9144463539123535,0.9036399126052856,1.26685631275177,1.3689144849777222,1.7475546598434448,1.959682822227478,1.7068493366241455,1.6655365228652954,1.4031914472579956,1.0957322120666504,0.8240053653717041,0.6129800081253052,0.4805040955543518,0.6081960201263428,0.8773031234741211,1.0937285423278809,1.1203137636184692,1.4397878646850586,1.5557587146759033,1.9070196151733398,2.080350875854492,1.815805435180664,1.863278865814209,1.6550666093826294,1.3792797327041626,1.194139003753662,1.0339946746826172,0.9629783034324646,1.0312339067459106,1.2415883541107178,1.434693694114685,1.4957975149154663,1.7484556436538696,1.8783537149429321,2.1639082431793213,2.264322280883789,2.007585048675537,2.13979172706604,2.002851963043213,1.7559393644332886,1.6224048137664795,1.4936225414276123,1.4483067989349365,1.5040674209594727,1.6475679874420166,1.8365859985351562,1.96478271484375,2.1733109951019287,2.3947081565856934,2.6224167346954346,2.6903116703033447,2.757551431655884
B7,1.9768093824386597,1.6820367574691772,1.3815572261810303,1.0878325700759888,0.8081080913543701,0.621304452419281,0.5461974143981934,0.5942173600196838,0.6672683954238892,0.684598982334137,0.9985816478729248,1.139644742012024,1.4365066289901733,1.7379462718963623,1.5867546796798706,1.8657238483428955,1.612035870552063,1.258259654045105,0.9765162467956543,0.6212920546531677,0.3844012916088104,0.0,0.3773301839828491,0.5384253859519958,0.5835198163986206,0.9563791751861572,1.1373428106307983,1.4949036836624146,1.7607100009918213,1.5660455226898193,1.921826958656311,1.690443515777588,1.3457849025726318,1.102266550064087,0.7903466820716858,0.6362303495407104,0.5007809996604919,0.6938180923461914,0.824925422668457,0.8848483562469482,1.1688950061798096,1.3415251970291138,1.6668548583984375,1.8877195119857788,1.6770888566970825,2.088679790496826,1.8983937501907349,1.5792603492736816,1.4023888111114502,1.1540042161941528,1.0659164190292358,0.9919008612632751,1.145525336265564,1.2590519189834595,1.3345049619674683,1.5348635911941528,1.703617811203003,1.948662519454956,2.0870273113250732,1.882015347480774,2.3268375396728516,2.199784517288208,1.9096397161483765,1.7836793661117554,1.5847947597503662,1.5354772806167603,1.4946290254592896,1.618187665939331,1.7319492101669312,1.8548270463943481,2.0036158561706543,2.2427635192871094,2.4248344898223877,2.4966297149658203,2.6108970642089844
B8,2.3447251319885254,2.038567066192627,1.746580719947815,1.4329904317855835,1.154742956161499,0.8930329084396362,0.7422227263450623,0.5605080723762512,0.6607757210731506,0.8420432209968567,1.1139329671859741,1.3387362957000732,1.574378252029419,1.9202635288238525,1.8295375108718872,2.2367758750915527,1.9702658653259277,1.6255019903182983,1.3255480527877808,0.9881860613822937,0.6933292150497437,0.3773301839828491,0.0,0.38391590118408203,0.655734658241272,0.996326744556427,1.2710901498794556,1.5850552320480347,1.9072068929672241,1.7766541242599487,2.2715046405792236,2.0209782123565674,1.6748011112213135,1.3992927074432373,1.0705980062484741,0.8227763175964355,0.5639078617095947,0.5147925019264221,0.6579899191856384,0.8674123287200928,1.138540267944336,1.4022427797317505,1.7064013481140137,1.990423560142517,1.8382772207260132,2.4012203216552734,2.1841814517974854,1.848788857460022,1.628307819366455,1.3356781005859375,1.1622390747070312,0.9916631579399109,1.0146324634552002,1.114502191543579,1.278184413909912,1.4672008752822876,1.7107784748077393,1.9373714923858643,2.142167329788208,1.9891088008880615,2.5961315631866455,2.4373064041137695,2.120868682861328,1.9529577493667603,1.701174259185791,1.5873279571533203,1.469983696937561,1.513593316078186,1.5887231826782227,1.7586191892623901,1.8667889833450317,2.1501224040985107,2.2954628467559814,2.412855863571167,2.562485933303833
B9,2.449080228805542,2.183243989944458,1.8598843812942505,1.597344160079956,1.2746449708938599,1.0929384231567383,0.8514096736907959,0.691604733467102,0.5510752201080322,0.681865930557251,0.8393592834472656,1.083916425704956,1.2568501234054565,1.6213440895080566,1.5876643657684326,2.3021955490112305,2.082139492034912,1.7147657871246338,1.4730372428894043,1.099913239479065,0.9144463539123535,0.5384253859519958,0.38391590118408203,0.0,0.3707062005996704,0.6409763097763062,0.9604340195655823,1.2362632751464844,1.5828776359558105,1.5035871267318726,2.309741497039795,2.102886199951172,1.7337688207626343,1.5144662857055664,1.1479887962341309,0.9946064352989197,0.6587947607040405,0.6366942524909973,0.5283034443855286,0.6552073359489441,0.829199492931366,1.105882167816162,1.3693149089813232,1.669682502746582,1.562250018119812,2.4133265018463135,2.2347376346588135,1.8770908117294312,1.705933928489685,1.3796344995498657,1.2759811878204346,1.03840172290802,1.0826340913772583,1.0451442003250122,1.1370795965194702,1.2368929386138916,1.4681669473648071,1.6429297924041748,1.8490991592407227,1.7365672588348389,2.581188917160034,2.456688165664673,2.1206963062286377,1.9995406866073608,1.722488284111023,1.6669572591781616,1.5008037090301514,1.587714672088623,1.5796525478363037,1.6833698749542236,1.7336190938949585,1.9904534816741943,2.0989925861358643,2.1806702613830566,2.3600175380706787
B10,2.250638008117676,2.022657632827759,1.6903884410858154,1.4892244338989258,1.1677316427230835,1.102179765701294,0.8873116970062256,0.8811637163162231,0.6534916162490845,0.5625867247581482,0.6389321088790894,0.7828986048698425,0.9686930179595947,1.304432988166809,1.2564200162887573,2.060683250427246,1.881601333618164,1.5078901052474976,1.329917073249817,0.9555313587188721,0.9036399126052856,0.5835198163986206,0.655734658241272,0.3707062005996704,0.0,0.377208948135376,0.616015613079071,0.9389113187789917,1.2515615224838257,1.1406853199005127,2.0464484691619873,1.8810826539993286,1.5052636861801147,1.351131558418274,0.9841864705085754,0.9583778977394104,0.6692181825637817,0.8121564388275146,0.6426580548286438,0.5370328426361084,0.666012167930603,0.8374552130699158,1.1147587299346924,1.3641902208328247,1.2212767601013184,2.143057346343994,2.0059871673583984,1.6478769779205322,1.5401453971862793,1.2270838022232056,1.2276214361190796,1.027392864227295,1.1825894117355347,1.105244755744934,1.0732295513153076,1.1412054300308228,1.283191204071045,1.4553334712982178,1.5959773063659668,1.452001690864563,2.313486337661743,2.230640411376953,1.9022574424743652,1.8404531478881836,1.588665246963501,1.6157516241073608,1.4845436811447144,1.6564304828643799,1.6456589698791504,1.6745779514312744,1.739261269569397,1.9367642402648926,2.0669875144958496,2.0874109268188477,2.241814136505127
B11,2.457662582397461,2.272787570953369,1.9294564723968506,1.777560830116272,1.4464497566223145,1.426520824432373,1.174342155456543,1.1603776216506958,0.8410142660140991,0.706864058971405,0.5522167682647705,0.6658135652542114,0.6999192237854004,1.0520137548446655,1.103436827659607,2.2427494525909424,2.1141815185546875,1.7431833744049072,1.6235064268112183,1.2620484828948975,1.26685631275177,0.9563791751861572,0.996326744556427,0.6409763097763062,0.377208948135376,0.0,0.3749144375324249,0.5958539843559265,0.9519817233085632,0.9378737211227417,2.2047972679138184,2.0888731479644775,1.7158640623092651,1.6204298734664917,1.2635124921798706,1.2936233282089233,1.0000065565109253,1.1066776514053345,0.8296499848365784,0.6390489935874939,0.5300543308258057,0.6471002101898193,0.8184224963188171,1.0796796083450317,1.0168414115905762,2.2715561389923096,2.1784584522247314,1.8189407587051392,1.7624295949935913,1.4459810256958008,1.495654582977295,1.2633274793624878,1.405416488647461,1.228514552116394,1.1235105991363525,1.0643779039382935,1.1592251062393188,1.238228678703308,1.364264965057373,1.2861522436141968,2.4071044921875,2.3622381687164307,2.0287320613861084,2.014277696609497,1.752759575843811,1.8254649639129639,1.658373236656189,1.8483108282089233,1.7667741775512695,1.7321161031723022,1.730924367904663,1.8853882551193237,1.9666908979415894,1.9394886493682861,2.1241886615753174
B12,2.3117010593414307,2.172523260116577,1.8416988849639893,1.7604618072509766,1.4645403623580933,1.5404090881347656,1.3421595096588135,1.421036720275879,1.1119859218597412,0.8677251935005188,0.6657295823097229,0.5520161986351013,0.5527852773666382,0.802006721496582,0.8408868312835693,2.0506389141082764,1.9723669290542603,1.619990348815918,1.5764110088348389,1.2588075399398804,1.3689144849777222,1.1373428106307983,1.2710901498794556,0.9604340195655823,0.616015613079071,0.3749144375324249,0.0,0.3837650716304779,0.639249861240387,0.5717076063156128,1.9810078144073486,1.91732919216156,1.5605741739273071,1.5443217754364014,1.2292375564575195,1.3651679754257202,1.145577073097229,1.3362226486206055,1.078632116317749,0.7825759053230286,0.6470619440078735,0.5253512859344482,0.6741247177124023,0.8095771074295044,0.6832481026649475,2.0297935009002686,1.9881259202957153,1.6466158628463745,1.6646405458450317,1.389564037322998,1.5322638750076294,1.3568166494369507,1.5728583335876465,1.3949168920516968,1.197772741317749,1.1209756135940552,1.0878180265426636,1.1579524278640747,1.1730042695999146,1.0485907793045044,2.1588947772979736,2.1633081436157227,1.8516329526901245,1.9040533304214478,1.6851463317871094,1.8342647552490234,1.7134307622909546,1.9663456678390503,1.8963608741760254,1.8006935119628906,1.8233675956726074,1.910552740097046,2.01932692527771,1.928882122039795,2.070876359939575
B13,2.617872953414917,2.5099666118621826,2.176814317703247,2.1192514896392822,1.8162672519683838,1.8939136266708374,1.6629948616027832,1.711057186126709,1.362852692604065,1.1428661346435547,0.8419570326805115,0.7310680747032166,0.4962625503540039,0.6826966404914856,0.8851613402366638,2.3496248722076416,2.3077995777130127,1.9664816856384277,1.9495736360549927,1.6388275623321533,1.7475546598434448,1.4949036836624146,1.5850552320480347,1.2362632751464844,0.9389113187789917,0.5958539843559265,0.3837650716304779,0.0,0.3971030116081238,0.5788903832435608,2.2647855281829834,2.2376091480255127,1.894757628440857,1.9060595035552979,1.5995742082595825,1.7348735332489014,1.493204951286316,1.6380804777145386,1.3290375471115112,1.041852593421936,0.7762665152549744,0.6067737340927124,0.5003740191459656,0.5998287200927734,0.655577540397644,2.284238338470459,2.275810718536377,1.9438971281051636,1.9881278276443481,1.7129515409469604,1.8624801635742188,1.6569609642028809,1.8391873836517334,1.5991220474243164,1.3754700422286987,1.193896770477295,1.1163885593414307,1.05425226688385,1.038051962852478,1.0272232294082642,2.3727331161499023,2.4057817459106445,2.0970659255981445,2.177889585494995,1.950546383857727,2.1161153316497803,1.960850477218628,2.207571506500244,2.07981276512146,1.941738247871399,1.8985636234283447,1.9440606832504272,1.993249773979187,1.8566206693649292,2.0298447608947754
