,A1,A2,A3,A4,A5,A6,A7,A8,A9,A10,A11,A12,A13,A14,A15,B1,B2,B3,B4,B5,B6,B7,B8,B9,B10,B11,B12,B13,B14,B15,C1,C2,C3,C4,C5,C6,C7,C8,C9,C10,C11,C12,C13,C14,C15,D1,D2,D3,D4,D5,D6,D7,D8,D9,D10,D11,D12,D13,D14,D15,E1,E2,E3,E4,E5,E6,E7,E8,E9,E10,E11,E12,E13,E14,E15
A1,0.0,0.39031705260276794,0.6341984272003174,0.9733859300613403,1.2971607446670532,1.621071219444275,1.9138784408569336,2.285775899887085,2.386934995651245,2.1793980598449707,2.3963449001312256,2.2357065677642822,2.558469295501709,2.5011203289031982,2.128843307495117,0.6095899343490601,0.719150960445404,0.8833308815956116,1.1187642812728882,1.4241582155227661,1.6996294260025024,2.003033399581909,2.3649749755859375,2.508680820465088,2.36141300201416,2.5833866596221924,2.486647844314575,2.769378423690796,2.751528739929199,2.3907556533813477,1.1451058387756348,1.2042417526245117,1.2779927253723145,1.4271987676620483,1.6727418899536133,1.8895699977874756,2.1730329990386963,2.511542558670044,2.6905517578125,2.6060025691986084,2.834156036376953,2.7875072956085205,3.0456197261810303,3.0458462238311768,2.7145450115203857,1.658470630645752,1.7024953365325928,1.7256561517715454,1.8229608535766602,2.007988214492798,2.17332124710083,2.429216146469116,2.7242543697357178,2.934325695037842,2.919306993484497,3.147448778152466,3.1507318019866943,3.38455867767334,3.38966703414917,3.0930802822113037,2.1950252056121826,2.237372636795044,2.216587781906128,2.27148175239563,2.409358501434326,2.5177550315856934,2.7592272758483887,2.9569132328033447,3.218323230743408,3.292137384414673,3.5530052185058594,3.685330867767334,3.9423067569732666,3.9700958728790283,3.96500563621521
A2,0.39031705260276794,0.0,0.37764453887939453,0.6324544548988342,0.994074285030365,1.2858680486679077,1.6039257049560547,1.9600237607955933,2.090285062789917,1.9134430885314941,2.1669561862945557,2.047056198120117,2.395080804824829,2.393110513687134,2.0278942584991455,0.6734814047813416,0.5623873472213745,0.6402071714401245,0.7779203653335571,1.09572434425354,1.3382374048233032,1.6617203950881958,2.0116429328918457,2.1839165687561035,2.0680630207061768,2.3232734203338623,2.265373706817627,2.5796358585357666,2.610067129135132,2.2542550563812256,1.138628602027893,1.0767414569854736,1.0753332376480103,1.1377395391464233,1.3618555068969727,1.5379900932312012,1.8281145095825195,2.1516754627227783,2.354201316833496,2.3006176948547363,2.5553624629974365,2.545422315597534,2.8319168090820312,2.8747544288635254,2.547623872756958,1.6191349029541016,1.5821056365966797,1.5441492795944214,1.5737345218658447,1.7222100496292114,1.8463144302368164,2.0950465202331543,2.370387315750122,2.5965170860290527,2.6107475757598877,2.856971025466919,2.894015073776245,3.1486973762512207,3.190840482711792,2.8997652530670166,2.129373788833618,2.115933418273926,2.043818235397339,2.048366069793701,2.145416498184204,2.2178955078125,2.4402825832366943,2.6144165992736816,2.879941940307617,2.9781298637390137,3.2413995265960693,3.398667573928833,3.651888608932495,3.705643892288208,3.7161128520965576
A3,0.6341984272003174,0.37764453887939453,0.0,0.3798484206199646,0.663789689540863,1.0011669397354126,1.2811917066574097,1.6548746824264526,1.7552177906036377,1.563977837562561,1.8112218379974365,1.7001092433929443,2.0524075031280518,2.0679900646209717,1.7050843238830566,0.7526175379753113,0.6693916916847229,0.5196124315261841,0.6376243829727173,0.8479183912277222,1.1147834062576294,1.3897939920425415,1.7527321577072144,1.891951084136963,1.7651361227035522,2.0061097145080566,1.9588770866394043,2.2679216861724854,2.3152847290039062,1.9728144407272339,1.1876755952835083,1.1391470432281494,1.017693281173706,1.071349024772644,1.197658658027649,1.3827271461486816,1.6163806915283203,1.945369005203247,2.111487865447998,2.048952341079712,2.280797243118286,2.2801899909973145,2.552105188369751,2.6097640991210938,2.303662061691284,1.644024133682251,1.619400978088379,1.5028729438781738,1.5365597009658813,1.610098123550415,1.7439453601837158,1.9381287097930908,2.21555495262146,2.40347957611084,2.407339334487915,2.6242966651916504,2.6671829223632812,2.898770570755005,2.9542276859283447,2.6898391246795654,2.1253583431243896,2.1301372051239014,2.0023794174194336,2.0228936672210693,2.0655055046081543,2.1549582481384277,2.330007314682007,2.5148732662200928,2.7412683963775635,2.826009511947632,3.056917667388916,3.216351270675659,3.4424967765808105,3.4897308349609375,3.5280985832214355
A4,0.9733859300613403,0.6324544548988342,0.3798484206199646,0.0,0.392194926738739,0.6540411114692688,0.9787180423736572,1.3295806646347046,1.4820926189422607,1.3500434160232544,1.650814175605774,1.6122636795043945,1.9867407083511353,2.074533700942993,1.7362478971481323,1.0695232152938843,0.8717013001441956,0.6327264308929443,0.5078639388084412,0.623952329158783,0.7970791459083557,1.084536075592041,1.4240459203720093,1.607771396636963,1.539671778678894,1.8236238956451416,1.8420294523239136,2.1813645362854004,2.292182207107544,1.972306251525879,1.4122806787490845,1.2711998224258423,1.0736027956008911,0.9972081184387207,1.037592887878418,1.132758378982544,1.3463983535766602,1.6406506299972534,1.836341381072998,1.8271883726119995,2.087613344192505,2.144773483276367,2.442888021469116,2.5566256046295166,2.26997447013855,1.8077760934829712,1.7117671966552734,1.532728910446167,1.4812346696853638,1.4824925661087036,1.5458251237869263,1.7056405544281006,1.942298173904419,2.144803285598755,2.193944215774536,2.425567150115967,2.5178334712982178,2.766024589538574,2.870732069015503,2.625126838684082,2.241305351257324,2.1931748390197754,2.012361764907837,1.9748908281326294,1.9555678367614746,1.9937241077423096,2.1264431476593018,2.2714650630950928,2.4936044216156006,2.6127769947052,2.836716890335083,3.0310044288635254,3.242772102355957,3.3230278491973877,3.388000965118408
A5,1.2971607446670532,0.994074285030365,0.663789689540863,0.392194926738739,0.0,0.38105887174606323,0.6176882386207581,0.9934590458869934,1.1054524183273315,0.9674527049064636,1.277334451675415,1.277908205986023,1.6568050384521484,1.788522720336914,1.476124882698059,1.298364281654358,1.132361650466919,0.8004264831542969,0.6419487595558167,0.4930209517478943,0.6309136152267456,0.8003122806549072,1.1461817026138306,1.2829641103744507,1.2132813930511475,1.485852599143982,1.537008285522461,1.8723704814910889,2.019078254699707,1.7308746576309204,1.573944091796875,1.4451526403427124,1.1643153429031372,1.070404291152954,0.9677524566650391,1.0425509214401245,1.149837613105774,1.4324088096618652,1.5751140117645264,1.563359260559082,1.7949631214141846,1.8755699396133423,2.1575348377227783,2.2996985912323,2.047973871231079,1.9130589962005615,1.8240721225738525,1.578303575515747,1.523584008216858,1.431613802909851,1.4917197227478027,1.5682380199432373,1.7928365468978882,1.9414782524108887,1.982101559638977,2.175764560699463,2.281750440597534,2.5030055046081543,2.6307594776153564,2.4226646423339844,2.292280435562134,2.2553791999816895,2.0223827362060547,1.9955161809921265,1.9118984937667847,1.961686372756958,2.029926300048828,2.1797220706939697,2.348297595977783,2.4515116214752197,2.6329591274261475,2.8305389881134033,3.007593870162964,3.08414888381958,3.1823248863220215
A6,1.621071219444275,1.2858680486679077,1.0011669397354126,0.6540411114692688,0.38105887174606323,0.0,0.37695056200027466,0.6830087900161743,0.9010103940963745,0.8921141624450684,1.2575054168701172,1.3624887466430664,1.736863613128662,1.9412927627563477,1.6751426458358765,1.6472846269607544,1.4306368827819824,1.1086153984069824,0.8478482365608215,0.6162392497062683,0.5028077960014343,0.6006823182106018,0.8663995265960693,1.0747650861740112,1.115108609199524,1.4304133653640747,1.5710452795028687,1.921286702156067,2.1334593296051025,1.885699987411499,1.885541558265686,1.7029304504394531,1.4031169414520264,1.218092679977417,1.0386186838150024,0.9755266308784485,1.0139520168304443,1.211740493774414,1.3878765106201172,1.4600727558135986,1.7161363363265991,1.871114730834961,2.170609474182129,2.372661828994751,2.1537017822265625,2.1818857192993164,2.041710615158081,1.765170931816101,1.637748122215271,1.4792793989181519,1.4487919807434082,1.465765118598938,1.6169416904449463,1.7752455472946167,1.8774746656417847,2.0801923274993896,2.2465853691101074,2.478999614715576,2.661224603652954,2.481621026992798,2.5181021690368652,2.436523675918579,2.168957233428955,2.0871245861053467,1.9446461200714111,1.93325936794281,1.9442521333694458,2.035881519317627,2.190371513366699,2.3355350494384766,2.500976085662842,2.7387943267822266,2.892592430114746,3.0082082748413086,3.1377015113830566
A7,1.9138784408569336,1.6039257049560547,1.2811917066574097,0.9787180423736572,0.6176882386207581,0.37695056200027466,0.0,0.38977518677711487,0.5358181595802307,0.5706495642662048,0.9437144994735718,1.1219604015350342,1.4746190309524536,1.728535771369934,1.5136754512786865,1.880389928817749,1.6967484951019287,1.3417108058929443,1.1122039556503296,0.7852400541305542,0.657436728477478,0.506242036819458,0.7070290446281433,0.8173146843910217,0.8739354610443115,1.1560587882995605,1.3460426330566406,1.6736276149749756,1.9237098693847656,1.7265156507492065,2.0744059085845947,1.9152109622955322,1.578357458114624,1.4096890687942505,1.1459943056106567,1.0786038637161255,0.9812591671943665,1.1344488859176636,1.2195329666137695,1.287798285484314,1.4910913705825806,1.6732666492462158,1.9413539171218872,2.171653985977173,2.0010201930999756,2.3250808715820312,2.202061653137207,1.888769507408142,1.7750318050384521,1.551560878753662,1.527716040611267,1.4555426836013794,1.5842136144638062,1.6652967929840088,1.750579833984375,1.8974134922027588,2.0746233463287354,2.2678515911102295,2.471771240234375,2.3389508724212646,2.6111724376678467,2.546886682510376,2.246629476547241,2.183875799179077,1.9933804273605347,2.000102996826172,1.9480321407318115,2.045562505722046,2.133547306060791,2.252279043197632,2.3638393878936768,2.5978317260742188,2.7090566158294678,2.816539764404297,2.980409622192383
A8,2.285775899887085,1.9600237607955933,1.6548746824264526,1.3295806646347046,0.9934590458869934,0.6830087900161743,0.38977518677711487,0.0,0.3892248570919037,0.658275306224823,0.998289942741394,1.272831916809082,1.5778661966323853,1.891766905784607,1.7405165433883667,2.246546745300293,2.037017345428467,1.6862965822219849,1.4200873374938965,1.0776896476745605,0.8452070355415344,0.5757437944412231,0.525570809841156,0.6494324803352356,0.858862042427063,1.134635090827942,1.4135524034500122,1.7248148918151855,2.0322039127349854,1.8919669389724731,2.4032647609710693,2.2145516872406006,1.8674046993255615,1.654217004776001,1.345613718032837,1.188900113105774,0.9935898184776306,1.0084426403045654,1.0728245973587036,1.2288963794708252,1.4215328693389893,1.6776150465011597,1.9404362440109253,2.226402997970581,2.1043121814727783,2.6099777221679688,2.4556498527526855,2.1211929321289062,1.9638032913208008,1.6871659755706787,1.596258521080017,1.4452468156814575,1.483333945274353,1.5333765745162964,1.6699028015136719,1.7979179620742798,2.032078742980957,2.2179677486419678,2.4747273921966553,2.384977340698242,2.8468544483184814,2.752931594848633,2.4255824089050293,2.3271889686584473,2.0835835933685303,2.045616865158081,1.9238311052322388,1.9664798974990845,2.009382963180542,2.1531636714935303,2.2251765727996826,2.490635395050049,2.562047243118286,2.703505039215088,2.904540777206421
A9,2.386934995651245,2.090285062789917,1.7552177906036377,1.4820926189422607,1.1054524183273315,0.9010103940963745,0.5358181595802307,0.3892248570919037,0.0,0.3640064001083374,0.634563684463501,0.9514771103858948,1.2187752723693848,1.5570615530014038,1.4551886320114136,2.269426107406616,2.1007137298583984,1.7301503419876099,1.5177507400512695,1.1392863988876343,0.9947066903114319,0.6518407464027405,0.6406229138374329,0.508514940738678,0.6183084845542908,0.8054957389831543,1.0957094430923462,1.3721864223480225,1.691335678100586,1.5918376445770264,2.3786449432373047,2.228498935699463,1.8622877597808838,1.6982008218765259,1.3565070629119873,1.2699296474456787,1.0141078233718872,1.0641603469848633,0.989957332611084,1.0569769144058228,1.1625970602035522,1.3989490270614624,1.6171094179153442,1.901790738105774,1.8154699802398682,2.54440975189209,2.4254698753356934,2.0742902755737305,1.9626444578170776,1.6627099514007568,1.6318405866622925,1.4407620429992676,1.5176479816436768,1.4776384830474854,1.538820743560791,1.5962750911712646,1.79631507396698,1.933266520500183,2.179328441619873,2.121950387954712,2.7403061389923096,2.681668996810913,2.3422844409942627,2.2901268005371094,2.0346055030822754,2.0525460243225098,1.9101464748382568,2.0048699378967285,1.9924405813217163,2.070845365524292,2.099318265914917,2.3259706497192383,2.3721508979797363,2.474336624145508,2.6868011951446533
A10,2.1793980598449707,1.9134430885314941,1.563977837562561,1.3500434160232544,0.9674527049064636,0.8921141624450684,0.5706495642662048,0.658275306224823,0.3640064001083374,0.0,0.37824517488479614,0.6149023175239563,0.9312016367912292,1.233920693397522,1.1002261638641357,2.0065529346466064,1.8776437044143677,1.5013946294784546,1.3515647649765015,0.9759836196899414,0.9537723660469055,0.6625568270683289,0.8196315765380859,0.6381458640098572,0.5154696702957153,0.6543431282043457,0.8430235981941223,1.1300013065338135,1.4032330513000488,1.267100214958191,2.098041296005249,1.9889072179794312,1.6220290660858154,1.519181489944458,1.193221926689148,1.209453821182251,0.9984239935874939,1.1653716564178467,1.0645663738250732,1.00849449634552,1.0851837396621704,1.2308670282363892,1.437037467956543,1.6675605773925781,1.549734354019165,2.2615180015563965,2.18290638923645,1.838424801826477,1.7841447591781616,1.5119085311889648,1.5627806186676025,1.4144337177276611,1.5784355401992798,1.5302734375,1.513789176940918,1.5604398250579834,1.6884804964065552,1.8135720491409302,2.0036075115203857,1.9188061952590942,2.464634895324707,2.445150136947632,2.119755506515503,2.1186959743499756,1.8983017206192017,1.9785133600234985,1.8818647861480713,2.0424671173095703,2.044243574142456,2.073542594909668,2.120574474334717,2.3008663654327393,2.3754031658172607,2.430474042892456,2.6101393699645996
A11,2.3963449001312256,2.1669561862945557,1.8112218379974365,1.650814175605774,1.277334451675415,1.2575054168701172,0.9437144994735718,0.998289942741394,0.634563684463501,0.37824517488479614,0.0,0.37264347076416016,0.5854615569114685,0.9323173761367798,0.8950433135032654,2.1630494594573975,2.080719232559204,1.7101327180862427,1.6176342964172363,1.2553130388259888,1.2855050563812256,0.9935279488563538,1.1151524782180786,0.8291528224945068,0.6127788424491882,0.509162962436676,0.6383166909217834,0.827064573764801,1.105553388595581,1.0431569814682007,2.2055552005767822,2.1417996883392334,1.7776228189468384,1.7281908988952637,1.402133584022522,1.4684803485870361,1.2320349216461182,1.3915259838104248,1.194772481918335,1.0534417629241943,0.9977700710296631,1.0812499523162842,1.1956146955490112,1.4070234298706055,1.3479946851730347,2.3202645778656006,2.2835066318511963,1.9381624460220337,1.9331058263778687,1.6557109355926514,1.7544506788253784,1.5787489414215088,1.7556264400482178,1.6312896013259888,1.5418245792388916,1.5015225410461426,1.5735939741134644,1.6229283809661865,1.7866284847259521,1.7495179176330566,2.471726655960083,2.4928104877471924,2.166426420211792,2.2141594886779785,1.990992546081543,2.1193084716796875,2.0046749114990234,2.199498176574707,2.149078607559204,2.115872859954834,2.113450527191162,2.24444317817688,2.285897731781006,2.2927746772766113,2.4818639755249023
A12,2.2357065677642822,2.047056198120117,1.7001092433929443,1.6122636795043945,1.277908205986023,1.3624887466430664,1.1219604015350342,1.272831916809082,0.9514771103858948,0.6149023175239563,0.37264347076416016,0.0,0.3812011182308197,0.6237291693687439,0.5344222187995911,1.9395678043365479,1.9049327373504639,1.5522340536117554,1.536118745803833,1.2193849086761475,1.3517314195632935,1.13704252243042,1.3431000709533691,1.0804656744003296,0.7703845500946045,0.636841893196106,0.5282244682312012,0.6880515217781067,0.8523428440093994,0.7226183414459229,1.948079228401184,1.9348703622817993,1.588870882987976,1.6135385036468506,1.333114504814148,1.4923886060714722,1.3200082778930664,1.5558640956878662,1.368852138519287,1.1447736024856567,1.075811743736267,1.0301496982574463,1.1179063320159912,1.23032808303833,1.12157142162323,2.048450231552124,2.0608811378479004,1.7368839979171753,1.7991960048675537,1.569569706916809,1.7452067136764526,1.6242789030075073,1.8677809238433838,1.7527496814727783,1.6019372940063477,1.5633490085601807,1.5509175062179565,1.5906018018722534,1.6731597185134888,1.5954630374908447,2.200108766555786,2.267249584197998,1.967101812362671,2.072206974029541,1.898067593574524,2.085115432739258,2.0235304832458496,2.271304130554199,2.2424983978271484,2.1690642833709717,2.1930429935455322,2.2755796909332275,2.3525638580322266,2.3134818077087402,2.4559712409973145
A13,2.558469295501709,2.395080804824829,2.0524075031280518,1.9867407083511353,1.6568050384521484,1.736863613128662,1.4746190309524536,1.5778661966323853,1.2187752723693848,0.9312016367912292,0.5854615569114685,0.3812011182308197,0.0,0.39449214935302734,0.5627135038375854,2.2276833057403564,2.223651170730591,1.886644959449768,1.8947713375091553,1.5865691900253296,1.7140918970108032,1.4764152765274048,1.6342107057571411,1.3193204402923584,1.0144226551055908,0.7485414147377014,0.5781644582748413,0.4884147047996521,0.6128453016281128,0.6515117287635803,2.190946578979492,2.2095932960510254,1.877783179283142,1.9282183647155762,1.6489769220352173,1.8121161460876465,1.6106653213500977,1.812832236289978,1.564257025718689,1.3078347444534302,1.1295359134674072,1.0237817764282227,0.9724612832069397,1.0394874811172485,1.032949447631836,2.2356815338134766,2.2793924808502197,1.9638367891311646,2.0542895793914795,1.8193299770355225,2.009653329849243,1.8580447435379028,2.088108777999878,1.9123481512069702,1.7145578861236572,1.5935306549072266,1.5281164646148682,1.4743216037750244,1.5202738046646118,1.5123891830444336,2.321920871734619,2.421165704727173,2.1257524490356445,2.264547348022461,2.084062337875366,2.2971560955047607,2.210014820098877,2.4705333709716797,2.3914761543273926,2.268322467803955,2.239239454269409,2.273916721343994,2.309453248977661,2.2228589057922363,2.3755877017974854
A14,2.5011203289031982,2.393110513687134,2.0679900646209717,2.074533700942993,1.788522720336914,1.9412927627563477,1.728535771369934,1.891766905784607,1.5570615530014038,1.233920693397522,0.9323173761367798,0.6237291693687439,0.39449214935302734,0.0,0.3734534978866577,2.131174087524414,2.1917483806610107,1.890230417251587,1.9741544723510742,1.7227641344070435,1.919057011604309,1.7404145002365112,1.9497634172439575,1.6610586643218994,1.3287101984024048,1.0915011167526245,0.8265504240989685,0.6840507984161377,0.5464408993721008,0.5446391105651855,2.0741424560546875,2.1609225273132324,1.869234561920166,1.994364619255066,1.7753223180770874,2.0026206970214844,1.8581104278564453,2.1064364910125732,1.8785676956176758,1.5891753435134888,1.420209288597107,1.2288912534713745,1.1378170251846313,1.0613237619400024,1.020810842514038,2.1092653274536133,2.2195911407470703,1.9468966722488403,2.1066911220550537,1.9319812059402466,2.1788039207458496,2.0789246559143066,2.351069927215576,2.1917014122009277,1.9602288007736206,1.8458806276321411,1.7122994661331177,1.6406755447387695,1.590430498123169,1.5518925189971924,2.1958985328674316,2.3564867973327637,2.106332778930664,2.304842710494995,2.182544469833374,2.441439390182495,2.4040725231170654,2.699427843093872,2.6417293548583984,2.491691827774048,2.483607769012451,2.47556734085083,2.53640079498291,2.407395124435425,2.5138227939605713
A15,2.128843307495117,2.0278942584991455,1.7050843238830566,1.7362478971481323,1.476124882698059,1.6751426458358765,1.5136754512786865,1.7405165433883667,1.4551886320114136,1.1002261638641357,0.8950433135032654,0.5344222187995911,0.5627135038375854,0.3734534978866577,0.0,1.7747868299484253,1.8454179763793945,1.5459197759628296,1.655286431312561,1.4352622032165527,1.6730157136917114,1.551047921180725,1.8172886371612549,1.587011456489563,1.2520222663879395,1.1138018369674683,0.8597565293312073,0.8802299499511719,0.7855280637741089,0.5829704999923706,1.7640513181686401,1.8587455749511719,1.5730048418045044,1.717603325843811,1.5349302291870117,1.7901813983917236,1.7022614479064941,1.994047999382019,1.8277884721755981,1.5561537742614746,1.473441243171692,1.305716633796692,1.3198621273040771,1.2655266523361206,1.116989254951477,1.8641250133514404,1.9781136512756348,1.7176324129104614,1.8862969875335693,1.7487796545028687,2.007154703140259,1.9592957496643066,2.2574567794799805,2.157841682434082,1.9563446044921875,1.913002848625183,1.8062727451324463,1.8111718893051147,1.7752121686935425,1.6630152463912964,2.030524492263794,2.1872010231018066,1.952373743057251,2.1447715759277344,2.0553739070892334,2.3082151412963867,2.315420627593994,2.6108920574188232,2.6068263053894043,2.4931695461273193,2.5386221408843994,2.5616915225982666,2.666145086288452,2.5685737133026123,2.655535936355591
B1,0.6095899343490601,0.6734814047813416,0.7526175379753113,1.0695232152938843,1.298364281654358,1.6472846269607544,1.880389928817749,2.246546745300293,2.269426107406616,2.0065529346466064,2.1630494594573975,1.9395678043365479,2.2276833057403564,2.131174087524414,1.7747868299484253,0.0,0.40024328231811523,0.6006106734275818,0.956873893737793,1.243872046470642,1.5852035284042358,1.857182264328003,2.2345046997070312,2.311586618423462,2.097104787826538,2.2746939659118652,2.1118223667144775,2.3707523345947266,2.3067679405212402,1.935596227645874,0.5545522570610046,0.7119316458702087,0.8157326579093933,1.0887327194213867,1.3564220666885376,1.658738136291504,1.9330239295959473,2.3060600757598877,2.4312493801116943,2.2787668704986572,2.475646734237671,2.3672444820404053,2.607915163040161,2.562299966812134,2.2138986587524414,1.070841670036316,1.1709474325180054,1.2105615139007568,1.3957760334014893,1.6126246452331543,1.8578001260757446,2.11934232711792,2.460881471633911,2.629145622253418,2.5506646633148193,2.757877826690674,2.705857276916504,2.9291207790374756,2.8898401260375977,2.575183629989624,1.6051232814788818,1.6877901554107666,1.6814149618148804,1.7999898195266724,1.9694761037826538,2.145808219909668,2.404458522796631,2.659789562225342,2.896494150161743,2.912048578262329,3.169430732727051,3.253936529159546,3.5242903232574463,3.5162227153778076,3.4794037342071533
B2,0.719150960445404,0.5623873472213745,0.6693916916847229,0.8717013001441956,1.132361650466919,1.4306368827819824,1.6967484951019287,2.037017345428467,2.1007137298583984,1.8776437044143677,2.080719232559204,1.9049327373504639,2.223651170730591,2.1917483806610107,1.8454179763793945,0.40024328231811523,0.0,0.3766641914844513,0.6457660794258118,0.9927801489830017,1.296406865119934,1.6080687046051025,1.967990517616272,2.0882935523986816,1.9125715494155884,2.1377413272857666,2.0187153816223145,2.3213140964508057,2.3133859634399414,1.9447579383850098,0.6206687688827515,0.5171981453895569,0.5846424698829651,0.7597540020942688,1.0682255029678345,1.3322287797927856,1.6435445547103882,2.0021069049835205,2.1689062118530273,2.054161548614502,2.295748472213745,2.2284934520721436,2.513662815093994,2.5168724060058594,2.164414882659912,1.0664485692977905,1.023754358291626,1.0183933973312378,1.1097590923309326,1.328072428703308,1.527235984802246,1.811979055404663,2.135774612426758,2.340191602706909,2.2991549968719482,2.5442121028900146,2.530956745147705,2.793121576309204,2.795069932937622,2.4739267826080322,1.570563793182373,1.559084415435791,1.5111557245254517,1.5524089336395264,1.701278567314148,1.828867793083191,2.0926241874694824,2.320338487625122,2.5814621448516846,2.630814790725708,2.908719539642334,3.0224099159240723,3.302900791168213,3.3298070430755615,3.2984778881073
B3,0.8833308815956116,0.6402071714401245,0.5196124315261841,0.6327264308929443,0.8004264831542969,1.1086153984069824,1.3417108058929443,1.6862965822219849,1.7301503419876099,1.5013946294784546,1.7101327180862427,1.5522340536117554,1.886644959449768,1.890230417251587,1.5459197759628296,0.6006106734275818,0.3766641914844513,0.0,0.374855101108551,0.6487505435943604,0.986653208732605,1.266357660293579,1.6389070749282837,1.7385398149490356,1.5585614442825317,1.7860122919082642,1.6879591941833496,2.0028023719787598,2.0290257930755615,1.6694875955581665,0.7934163212776184,0.6743314862251282,0.4983747899532318,0.6148422956466675,0.8080207705497742,1.0830074548721313,1.349637746810913,1.7163878679275513,1.8593326807022095,1.744698405265808,1.9787465333938599,1.9334826469421387,2.2198729515075684,2.254207134246826,1.9195929765701294,1.1774675846099854,1.1196368932724,0.9833878874778748,1.0437766313552856,1.1561022996902466,1.3521673679351807,1.5817391872406006,1.9050450325012207,2.081271171569824,2.0415263175964355,2.268219232559204,2.274515390396118,2.524831771850586,2.554802656173706,2.2597501277923584,1.6293362379074097,1.6172665357589722,1.483199954032898,1.518714427947998,1.5868881940841675,1.7164862155914307,1.923913598060608,2.153420925140381,2.3801450729370117,2.4280686378479004,2.677154779434204,2.8051528930664062,3.0590639114379883,3.0903995037078857,3.093658447265625
B4,1.1187642812728882,0.7779203653335571,0.6376243829727173,0.5078639388084412,0.6419487595558167,0.8478482365608215,1.1122039556503296,1.4200873374938965,1.5177507400512695,1.3515647649765015,1.6176342964172363,1.536118745803833,1.8947713375091553,1.9741544723510742,1.655286431312561,0.956873893737793,0.6457660794258118,0.374855101108551,0.0,0.38860273361206055,0.6516388058662415,0.9802632927894592,1.3312656879425049,1.4874526262283325,1.3710782527923584,1.6550666093826294,1.6295125484466553,1.9824730157852173,2.0785470008850098,1.743575930595398,1.1006419658660889,0.8685671091079712,0.623777449131012,0.489353746175766,0.5980405807495117,0.7734707593917847,1.0616625547409058,1.4035364389419556,1.5950186252593994,1.5417263507843018,1.8217718601226807,1.8425755500793457,2.166403293609619,2.264003276824951,1.948052167892456,1.4052093029022217,1.2509183883666992,1.0483931303024292,0.9735919833183289,1.00477933883667,1.108254313468933,1.3243581056594849,1.6107633113861084,1.8205502033233643,1.836679220199585,2.094153642654419,2.1585021018981934,2.4372055530548096,2.5229849815368652,2.2433879375457764,1.7947500944137573,1.709367036819458,1.5185744762420654,1.4677945375442505,1.466629981994629,1.525084376335144,1.6984044313430786,1.8827029466629028,2.1205716133117676,2.213923931121826,2.467791795730591,2.637930393218994,2.8846044540405273,2.956780433654785,2.984361171722412
B5,1.4241582155227661,1.09572434425354,0.8479183912277222,0.623952329158783,0.4930209517478943,0.6162392497062683,0.7852400541305542,1.0776896476745605,1.1392863988876343,0.9759836196899414,1.2553130388259888,1.2193849086761475,1.5865691900253296,1.7227641344070435,1.4352622032165527,1.243872046470642,0.9927801489830017,0.6487505435943604,0.38860273361206055,0.0,0.3730579912662506,0.6183769106864929,0.9910244941711426,1.1119706630706787,0.9957094192504883,1.291631817817688,1.3099137544631958,1.6757527589797974,1.8225955963134766,1.5198414325714111,1.3466079235076904,1.1402392387390137,0.8083241581916809,0.6375445127487183,0.4749603867530823,0.6031245589256287,0.7736883163452148,1.1201764345169067,1.269245982170105,1.2201776504516602,1.490591049194336,1.5487781763076782,1.8721343278884888,2.0128540992736816,1.7316222190856934,1.5849308967590332,1.4356646537780762,1.1502217054367065,1.0535939931869507,0.9389192461967468,1.0180010795593262,1.1274257898330688,1.4005907773971558,1.5606869459152222,1.577860713005066,1.806797981262207,1.89817476272583,2.1597726345062256,2.2814548015594482,2.040519952774048,1.9037946462631226,1.8234617710113525,1.5651041269302368,1.5136233568191528,1.419374942779541,1.477574110031128,1.5660425424575806,1.7482936382293701,1.930199146270752,2.0158119201660156,2.2276580333709717,2.4112863540649414,2.6228973865509033,2.6998345851898193,2.7666540145874023
B6,1.6996294260025024,1.3382374048233032,1.1147834062576294,0.7970791459083557,0.6309136152267456,0.5028077960014343,0.657436728477478,0.8452070355415344,0.9947066903114319,0.9537723660469055,1.2855050563812256,1.3517314195632935,1.7140918970108032,1.919057011604309,1.6730157136917114,1.5852035284042358,1.296406865119934,0.986653208732605,0.6516388058662415,0.3730579912662506,0.0,0.3807719051837921,0.6898787021636963,0.9132533669471741,0.9235124588012695,1.2757518291473389,1.3919636011123657,1.77238130569458,1.9855315685272217,1.7264273166656494,1.6829063892364502,1.4297910928726196,1.1093153953552246,0.8406763672828674,0.6031683087348938,0.4728517532348633,0.5784294009208679,0.8436949253082275,1.0632816553115845,1.1214470863342285,1.4350308179855347,1.5796667337417603,1.925545334815979,2.130136251449585,1.884770393371582,1.8869773149490356,1.6853193044662476,1.3837411403656006,1.196399450302124,1.005841612815857,0.9462577700614929,0.9891619682312012,1.176969051361084,1.369853138923645,1.4686201810836792,1.7216395139694214,1.885131597518921,2.1656975746154785,2.3472707271575928,2.135425090789795,2.161907434463501,2.030548334121704,1.7430890798568726,1.6205084323883057,1.4590688943862915,1.430845856666565,1.4549468755722046,1.5644917488098145,1.7440482378005981,1.8866157531738281,2.0909483432769775,2.3239901065826416,2.516697406768799,2.6406710147857666,2.7381091117858887
B7,2.003033399581909,1.6617203950881958,1.3897939920425415,1.084536075592041,0.8003122806549072,0.6006823182106018,0.506242036819458,0.5757437944412231,0.6518407464027405,0.6625568270683289,0.9935279488563538,1.13704252243042,1.4764152765274048,1.7404145002365112,1.551047921180725,1.857182264328003,1.6080687046051025,1.266357660293579,0.9802632927894592,0.6183769106864929,0.3807719051837921,0.0,0.3854244649410248,0.5423763990402222,0.6008931398391724,0.9635807275772095,1.1536589860916138,1.524986743927002,1.7913825511932373,1.5880075693130493,1.9254721403121948,1.7022478580474854,1.3490996360778809,1.1115525960922241,0.7792771458625793,0.6342652440071106,0.47554874420166016,0.6697631478309631,0.792425811290741,0.8719943165779114,1.1542763710021973,1.3522869348526,1.6804091930389404,1.930221676826477,1.7381116151809692,2.0842177867889404,1.9018112421035767,1.5621920824050903,1.3900309801101685,1.1142103672027588,1.048340916633606,0.9499627947807312,1.0924961566925049,1.1929240226745605,1.2881230115890503,1.4877628087997437,1.6813205480575562,1.9297420978546143,2.1484086513519287,1.9888864755630493,2.301579236984253,2.1860954761505127,1.860387921333313,1.7544478178024292,1.5272588729858398,1.5104478597640991,1.4422482252120972,1.546955943107605,1.643173336982727,1.76470148563385,1.9072819948196411,2.1476969718933105,2.2930092811584473,2.4181289672851562,2.5585896968841553
B8,2.3649749755859375,2.0116429328918457,1.7527321577072144,1.4240459203720093,1.1461817026138306,0.8663995265960693,0.7070290446281433,0.525570809841156,0.6406229138374329,0.8196315765380859,1.1151524782180786,1.3431000709533691,1.6342107057571411,1.9497634172439575,1.8172886371612549,2.2345046997070312,1.967990517616272,1.6389070749282837,1.3312656879425049,0.9910244941711426,0.6898787021636963,0.3854244649410248,0.0,0.38626497983932495,0.6667985916137695,1.0073810815811157,1.2866437435150146,1.6323823928833008,1.951889991760254,1.807782530784607,2.2823853492736816,2.036332845687866,1.6878513097763062,1.4167091846466064,1.071467399597168,0.8284054398536682,0.5541925430297852,0.4832228422164917,0.6109694838523865,0.8399061560630798,1.1179473400115967,1.4032044410705566,1.7244967222213745,2.031456470489502,1.8923746347427368,2.4038944244384766,2.1929726600646973,1.8442641496658325,1.6287565231323242,1.3091329336166382,1.1545456647872925,0.955407977104187,0.9583960175514221,1.0304192304611206,1.2078804969787598,1.3960230350494385,1.6624960899353027,1.9081921577453613,2.185635566711426,2.072482109069824,2.5724036693573,2.4256205558776855,2.079662322998047,1.9322465658187866,1.6503595113754272,1.571903944015503,1.417155146598816,1.4433518648147583,1.4887433052062988,1.6509056091308594,1.75326406955719,2.0371243953704834,2.1421544551849365,2.3121891021728516,2.491487979888916
B9,2.508680820465088,2.1839165687561035,1.891951084136963,1.607771396636963,1.2829641103744507,1.0747650861740112,0.8173146843910217,0.6494324803352356,0.508514940738678,0.6381458640098572,0.8291528224945068,1.0804656744003296,1.3193204402923584,1.6610586643218994,1.587011456489563,2.311586618423462,2.0882935523986816,1.7385398149490356,1.4874526262283325,1.1119706630706787,0.9132533669471741,0.5423763990402222,0.38626497983932495,0.0,0.37000730633735657,0.6493916511535645,0.9704045057296753,1.286515712738037,1.6312726736068726,1.537704348564148,2.315958261489868,2.11110258102417,1.7429918050765991,1.5270311832427979,1.1473920345306396,0.9959880113601685,0.6493316888809204,0.621329665184021,0.481662392616272,0.6097944974899292,0.7954195141792297,1.0953930616378784,1.3815183639526367,1.705804705619812,1.6115294694900513,2.3940274715423584,2.2203171253204346,1.8522793054580688,1.6873811483383179,1.3378905057907104,1.2558921575546265,0.9968650937080383,1.0397249460220337,0.9696266651153564,1.0532807111740112,1.1498148441314697,1.3972725868225098,1.5939894914627075,1.8768638372421265,1.8054885864257812,2.5145962238311768,2.4042091369628906,2.0415940284729004,1.9445245265960693,1.6425840854644775,1.628832459449768,1.4387565851211548,1.5237749814987183,1.4868727922439575,1.567852258682251,1.6067392826080322,1.8529173135757446,1.9216747283935547,2.055023670196533,2.256923198699951
B10,2.36141300201416,2.0680630207061768,1.7651361227035522,1.539671778678894,1.2132813930511475,1.115108609199524,0.8739354610443115,0.858862042427063,0.6183084845542908,0.5154696702957153,0.6127788424491882,0.7703845500946045,1.0144226551055908,1.3287101984024048,1.2520222663879395,2.097104787826538,1.9125715494155884,1.5585614442825317,1.3710782527923584,0.9957094192504883,0.9235124588012695,0.6008931398391724,0.6667985916137695,0.37000730633735657,0.0,0.369806170463562,0.6212417483329773,0.9686961770057678,1.2865809202194214,1.1702855825424194,2.063549518585205,1.898880124092102,1.5249226093292236,1.372806429862976,0.9941652417182922,0.9666920900344849,0.6623263359069824,0.8043660521507263,0.610373854637146,0.49325844645500183,0.6199687719345093,0.8222843408584595,1.1096827983856201,1.393084168434143,1.2714869976043701,2.119384527206421,1.985755443572998,1.6149815320968628,1.5128161907196045,1.1770405769348145,1.200547456741333,0.9810051918029785,1.1433223485946655,1.0425306558609009,0.9988378882408142,1.0611587762832642,1.2165071964263916,1.3960168361663818,1.6241374015808105,1.5282557010650635,2.228726863861084,2.1594736576080322,1.801315188407898,1.7645022869110107,1.4899927377700806,1.559471607208252,1.415419340133667,1.5895345211029053,1.556711196899414,1.5620172023773193,1.6108648777008057,1.7930247783660889,1.8877214193344116,1.9594836235046387,2.1294453144073486
B11,2.5833866596221924,2.3232734203338623,2.0061097145080566,1.8236238956451416,1.485852599143982,1.4304133653640747,1.1560587882995605,1.134635090827942,0.8054957389831543,0.6543431282043457,0.509162962436676,0.636841893196106,0.7485414147377014,1.0915011167526245,1.1138018369674683,2.2746939659118652,2.1377413272857666,1.7860122919082642,1.6550666093826294,1.291631817817688,1.2757518291473389,0.9635807275772095,1.0073810815811157,0.6493916511535645,0.369806170463562,0.0,0.3729323446750641,0.638606071472168,0.9975693225860596,0.9723585247993469,2.205322027206421,2.088771104812622,1.7205631732940674,1.6275626420974731,1.2642102241516113,1.2940349578857422,0.9958854913711548,1.1118420362472534,0.8246908187866211,0.6085731983184814,0.4887518882751465,0.6249526739120483,0.8129891157150269,1.1088436841964722,1.0634105205535889,2.2177889347076416,2.1292738914489746,1.7620389461517334,1.7155898809432983,1.3861979246139526,1.462175726890564,1.2242375612258911,1.3861740827560425,1.1952848434448242,1.0605859756469727,0.9928957223892212,1.080855369567871,1.1652939319610596,1.3801939487457275,1.3475096225738525,2.274106502532959,2.248128652572632,1.8912668228149414,1.9085606336593628,1.6351795196533203,1.7564239501953125,1.592894196510315,1.7971402406692505,1.7005946636199951,1.6316852569580078,1.6121376752853394,1.7354097366333008,1.7842423915863037,1.801149606704712,1.98965322971344
B12,2.486647844314575,2.265373706817627,1.9588770866394043,1.8420294523239136,1.537008285522461,1.5710452795028687,1.3460426330566406,1.4135524034500122,1.0957094430923462,0.8430235981941223,0.6383166909217834,0.5282244682312012,0.5781644582748413,0.8265504240989685,0.8597565293312073,2.1118223667144775,2.0187153816223145,1.6879591941833496,1.6295125484466553,1.3099137544631958,1.3919636011123657,1.1536589860916138,1.2866437435150146,0.9704045057296753,0.6212417483329773,0.3729323446750641,0.0,0.3839375972747803,0.6672462224960327,0.6055263876914978,1.991336464881897,1.9227854013442993,1.5730541944503784,1.5553562641143799,1.2365418672561646,1.3671090602874756,1.1414819955825806,1.3399770259857178,1.0767449140548706,0.7674893140792847,0.615470290184021,0.502244234085083,0.641387403011322,0.8288230299949646,0.7317262887954712,1.9671266078948975,1.9270838499069214,1.5771514177322388,1.604478359222412,1.3210164308547974,1.4886873960494995,1.3117871284484863,1.5488154888153076,1.3665231466293335,1.1486347913742065,1.0676727294921875,1.0236315727233887,1.0791524648666382,1.1896651983261108,1.1148080825805664,1.9998589754104614,2.0224385261535645,1.686055064201355,1.7718855142593384,1.5471018552780151,1.743253469467163,1.6371283531188965,1.9047447443008423,1.8266633749008179,1.7012279033660889,1.7045634984970093,1.7580326795578003,1.8427135944366455,1.7947062253952026,1.9291181564331055
B13,2.769378423690796,2.5796358585357666,2.2679216861724854,2.1813645362854004,1.8723704814910889,1.921286702156067,1.6736276149749756,1.7248148918151855,1.3721864223480225,1.1300013065338135,0.827064573764801,0.6880515217781067,0.4884147047996521,0.6840507984161377,0.8802299499511719,2.3707523345947266,2.3213140964508057,2.0028023719787598,1.9824730157852173,1.6757527589797974,1.77238130569458,1.524986743927002,1.6323823928833008,1.286515712738037,0.9686961770057678,0.638606071472168,0.3839375972747803,0.0,0.3932020962238312,0.5615790486335754,2.226571559906006,2.2041563987731934,1.87483549118042,1.8984074592590332,1.6002808809280396,1.7451496124267578,1.5140408277511597,1.6834596395492554,1.3811100721359253,1.0693926811218262,0.807184636592865,0.6108912229537964,0.48594850301742554,0.5981599688529968,0.6590560674667358,2.1647260189056396,2.1704587936401367,1.8421739339828491,1.9115707874298096,1.6461178064346313,1.8320919275283813,1.6438933610916138,1.8634860515594482,1.6315771341323853,1.3735498189926147,1.1965906620025635,1.0753246545791626,0.9915636777877808,1.0389492511749268,1.059288501739502,2.1438255310058594,2.211420774459839,1.8943660259246826,2.0244719982147217,1.8117964267730713,2.0354092121124268,1.915594458580017,2.1913938522338867,2.067519426345825,1.8907959461212158,1.8346326351165771,1.8262568712234497,1.8609637022018433,1.7491027116775513,1.8916618824005127
