,A1,A2,A3,A4,A5,A6,A7,A8,A9,A10,A11,A12,A13,A14,A15,B1,B2,B3,B4,B5,B6,B7,B8,B9,B10,B11,B12,B13,B14,B15,C1,C2,C3,C4,C5,C6,C7,C8,C9,C10,C11,C12,C13,C14,C15,D1,D2,D3,D4,D5,D6,D7,D8,D9,D10,D11,D12,D13,D14,D15,E1,E2,E3,E4,E5,E6,E7,E8,E9,E10,E11,E12,E13,E14,E15
A1,0.0,0.3917529284954071,0.6186047196388245,0.9643718004226685,1.2576769590377808,1.5923974514007568,1.8753020763397217,2.2501649856567383,2.322185516357422,2.0778512954711914,2.262995719909668,2.0746092796325684,2.399322032928467,2.232849597930908,1.8616156578063965,0.4858457148075104,0.6875600218772888,0.8544988632202148,1.1250128746032715,1.4029994010925293,1.6868232488632202,1.9788029193878174,2.3500516414642334,2.4560537338256836,2.266960382461548,2.4691240787506104,2.3495097160339355,2.650921106338501,2.4918911457061768,2.1526939868927,1.065824270248413,1.185770034790039,1.2627789974212646,1.4425853490829468,1.666016697883606,1.8877718448638916,2.165628433227539,2.5204508304595947,2.669297456741333,2.5366339683532715,2.747931718826294,2.673942804336548,2.958613157272339,2.836549758911133,2.531949281692505,1.5974493026733398,1.6966228485107422,1.7240997552871704,1.8438695669174194,2.013904333114624,2.179175853729248,2.4365477561950684,2.7600598335266113,2.9414992332458496,2.8683083057403564,3.0809075832366943,3.063739061355591,3.3282272815704346,3.243084192276001,2.996588945388794,2.1720144748687744,2.238903284072876,2.2232606410980225,2.2986652851104736,2.4270386695861816,2.5431301593780518,2.7847139835357666,3.058533191680908,3.274756669998169,3.2841334342956543,3.502040386199951,3.586040496826172,3.7996296882629395,3.8277995586395264,3.859625816345215
A2,0.3917529284954071,0.0,0.38722535967826843,0.6422291398048401,0.9892334938049316,1.2856965065002441,1.6037774085998535,1.9585429430007935,2.06992244720459,1.864056944847107,2.093813419342041,1.954516887664795,2.3082797527313232,2.2030587196350098,1.8311700820922852,0.5866639614105225,0.527137279510498,0.6317272186279297,0.8041187524795532,1.106083869934082,1.3496685028076172,1.6704479455947876,2.0286481380462646,2.1730735301971436,2.02116060256958,2.266024112701416,2.192415475845337,2.5272669792175293,2.419619560241699,2.081347942352295,1.0872471332550049,1.0714836120605469,1.0836416482925415,1.1731770038604736,1.385328769683838,1.5588053464889526,1.8510828018188477,2.1899402141571045,2.3724443912506104,2.276487112045288,2.5238542556762695,2.491765260696411,2.80610990524292,2.7295637130737305,2.4295151233673096,1.589705228805542,1.5986965894699097,1.5704729557037354,1.617761492729187,1.7579090595245361,1.8742005825042725,2.130507230758667,2.4329891204833984,2.6405601501464844,2.6027333736419678,2.84205961227417,2.8631181716918945,3.149256944656372,3.1044294834136963,2.8641910552978516,2.1430630683898926,2.146005868911743,2.0815043449401855,2.1006815433502197,2.1920742988586426,2.2639942169189453,2.493215799331665,2.741781234741211,2.972153425216675,3.013927459716797,3.2434093952178955,3.3593430519104004,3.5776000022888184,3.6379294395446777,3.679170846939087
A3,0.6186047196388245,0.38722535967826843,0.0,0.3731660842895508,0.6403940320014954,0.9786637425422668,1.2597851753234863,1.631858468055725,1.7167367935180664,1.4988375902175903,1.7283943891525269,1.603197455406189,1.9635313749313354,1.8797557353973389,1.514281153678894,0.7330271005630493,0.6656979322433472,0.517752468585968,0.6604604721069336,0.8483033180236816,1.1089341640472412,1.3806475400924683,1.749574899673462,1.8658252954483032,1.7083343267440796,1.9442301988601685,1.8876206874847412,2.217794418334961,2.1330063343048096,1.8174324035644531,1.1694273948669434,1.1494436264038086,1.0298789739608765,1.105156660079956,1.2147495746612549,1.3909707069396973,1.625473141670227,1.9675449132919312,2.118891954421997,2.02142071723938,2.248964786529541,2.2323155403137207,2.532205581665039,2.4761056900024414,2.2059946060180664,1.6327024698257446,1.6450098752975464,1.5319408178329468,1.5805577039718628,1.6435214281082153,1.764546513557434,1.9642781019210815,2.2660422325134277,2.4391770362854004,2.4001152515411377,2.6113226413726807,2.6448006629943848,2.9075164794921875,2.8787426948547363,2.673715353012085,2.1590960025787354,2.1718873977661133,2.0490148067474365,2.0809454917907715,2.114840030670166,2.198031425476074,2.376939296722412,2.628960371017456,2.821615695953369,2.8554129600524902,3.04961895942688,3.168383836746216,3.3547074794769287,3.4183919429779053,3.4934771060943604
A4,0.9643718004226685,0.6422291398048401,0.3731660842895508,0.0,0.38435691595077515,0.643587589263916,0.9719477891921997,1.3189140558242798,1.457809329032898,1.3008546829223633,1.5875970125198364,1.5391744375228882,1.919538140296936,1.9116841554641724,1.5690975189208984,1.043108344078064,0.8520845770835876,0.6128261685371399,0.5187673568725586,0.6252009868621826,0.7917565703392029,1.0808486938476562,1.4302486181259155,1.5945197343826294,1.4954997301101685,1.7800962924957275,1.7918387651443481,2.147245168685913,2.1287362575531006,1.8357435464859009,1.3862929344177246,1.267083764076233,1.0695310831069946,1.0188016891479492,1.0515013933181763,1.1390126943588257,1.3579740524291992,1.6703698635101318,1.8565750122070312,1.813040852546692,2.07442045211792,2.116039991378784,2.4368207454681396,2.438293933868408,2.1909170150756836,1.7897839546203613,1.7271910905838013,1.550516963005066,1.5173771381378174,1.5136682987213135,1.5649693012237549,1.7333984375,1.998996615409851,2.1924455165863037,2.200666904449463,2.4308619499206543,2.513796806335449,2.7880074977874756,2.808701992034912,2.6255037784576416,2.2707722187042236,2.228994131088257,2.0525782108306885,2.0283424854278564,2.0037217140197754,2.0345938205718994,2.176779270172119,2.392667055130005,2.5882668495178223,2.6596858501434326,2.853287935256958,3.0091428756713867,3.187772512435913,3.287792921066284,3.3829286098480225
A5,1.2576769590377808,0.9892334938049316,0.6403940320014954,0.38435691595077515,0.0,0.38245463371276855,0.6204695105552673,0.9935232400894165,1.0916814804077148,0.9270247220993042,1.226141333580017,1.2195594310760498,1.6021872758865356,1.640449047088623,1.3294968605041504,1.287463665008545,1.1208295822143555,0.7841140627861023,0.6550664305686951,0.5091169476509094,0.6428617238998413,0.8125418424606323,1.167158842086792,1.2873938083648682,1.1892235279083252,1.4642912149429321,1.5109268426895142,1.856512427330017,1.877968430519104,1.6266846656799316,1.5579960346221924,1.4458730220794678,1.162133812904358,1.0974807739257812,0.9936280846595764,1.0648233890533447,1.1788122653961182,1.4798990488052368,1.617904543876648,1.5770295858383179,1.8098065853118896,1.8763097524642944,2.1757445335388184,2.2082955837249756,2.0044665336608887,1.900351881980896,1.842401146888733,1.5987614393234253,1.567163348197937,1.4766095876693726,1.5278714895248413,1.614683747291565,1.8682647943496704,2.0120105743408203,2.0193841457366943,2.2113051414489746,2.3102707862854004,2.5538065433502197,2.596512794494629,2.4575228691101074,2.332486629486084,2.299694061279297,2.0737192630767822,2.0625662803649902,1.9778845310211182,2.0201165676116943,2.099194049835205,2.313138723373413,2.458921194076538,2.5188074111938477,2.668135166168213,2.8254475593566895,2.965784788131714,3.069971799850464,3.2013626098632812
A6,1.5923974514007568,1.2856965065002441,0.9786637425422668,0.643587589263916,0.38245463371276855,0.0,0.3814718425273895,0.6867319941520691,0.8967918753623962,0.8681614398956299,1.228967308998108,1.3332010507583618,1.705607533454895,1.8235563039779663,1.5601950883865356,1.6364388465881348,1.4213846921920776,1.0945854187011719,0.8570581674575806,0.6345565319061279,0.520909309387207,0.6232309341430664,0.904543399810791,1.102087140083313,1.1165714263916016,1.4389020204544067,1.5779558420181274,1.9281352758407593,2.023737907409668,1.8138959407806396,1.8781156539916992,1.7109897136688232,1.4058564901351929,1.2483856678009033,1.0730020999908447,1.0091009140014648,1.057220458984375,1.2806252241134644,1.4594675302505493,1.5048376321792603,1.76566481590271,1.9066740274429321,2.213348865509033,2.311255693435669,2.1438071727752686,2.18254017829895,2.0719921588897705,1.794851303100586,1.6920301914215088,1.5382494926452637,1.5012331008911133,1.5297449827194214,1.7149230241775513,1.8757061958312988,1.9487897157669067,2.152744770050049,2.3116321563720703,2.556863307952881,2.65624737739563,2.548912286758423,2.5736167430877686,2.496534585952759,2.2338802814483643,2.1696395874023438,2.028301239013672,2.0091004371643066,2.035869598388672,2.1940219402313232,2.3352127075195312,2.441939115524292,2.5819172859191895,2.7819554805755615,2.9052634239196777,3.0511202812194824,3.2070226669311523
A7,1.8753020763397217,1.6037774085998535,1.2597851753234863,0.9719477891921997,0.6204695105552673,0.3814718425273895,0.0,0.39252573251724243,0.5332210659980774,0.5544422268867493,0.9274133443832397,1.1115922927856445,1.4549223184585571,1.631880521774292,1.4307845830917358,1.8860423564910889,1.6975739002227783,1.3340461254119873,1.123390793800354,0.8042426109313965,0.6788366436958313,0.5363993048667908,0.7502965331077576,0.8593907356262207,0.8975043296813965,1.1869386434555054,1.377243995666504,1.6949682235717773,1.8395814895629883,1.6914806365966797,2.0784380435943604,1.929502248764038,1.5838662385940552,1.4409846067428589,1.1816028356552124,1.1161344051361084,1.0301467180252075,1.2083467245101929,1.30575430393219,1.3565583229064941,1.565304160118103,1.734998106956482,2.003098964691162,2.13621187210083,2.0251870155334473,2.332150936126709,2.2349255084991455,1.918905258178711,1.8305808305740356,1.6142287254333496,1.586445689201355,1.5267118215560913,1.6874232292175293,1.7774722576141357,1.8450257778167725,1.9937020540237427,2.166228771209717,2.367947578430176,2.4901130199432373,2.4348225593566895,2.6750564575195312,2.6123032569885254,2.317408561706543,2.2727200984954834,2.0853757858276367,2.0838069915771484,2.0472278594970703,2.20064640045166,2.280081272125244,2.367418050765991,2.4522016048431396,2.647576093673706,2.7240869998931885,2.871062994003296,3.064605236053467
A8,2.2501649856567383,1.9585429430007935,1.631858468055725,1.3189140558242798,0.9935232400894165,0.6867319941520691,0.39252573251724243,0.0,0.3895622193813324,0.6566914916038513,0.9964874982833862,1.2767268419265747,1.5677415132522583,1.8186122179031372,1.679104208946228,2.244081735610962,2.0250327587127686,1.6633305549621582,1.408470869064331,1.0699583292007446,0.8363478779792786,0.5669361352920532,0.5443381667137146,0.6833012700080872,0.875886082649231,1.1666533946990967,1.4458849430084229,1.7399708032608032,1.958456039428711,1.8634734153747559,2.392878770828247,2.2081551551818848,1.8475875854492188,1.6538994312286377,1.346572756767273,1.1916558742523193,1.004620909690857,1.054133415222168,1.1443734169006348,1.2864711284637451,1.4924575090408325,1.7354308366775513,1.9902276992797852,2.19038724899292,2.1274123191833496,2.598181962966919,2.4634087085723877,2.120973587036133,1.9862430095672607,1.7150462865829468,1.6224631071090698,1.4825385808944702,1.557934284210205,1.6276315450668335,1.7535980939865112,1.889669418334961,2.118321418762207,2.3051321506500244,2.4852216243743896,2.472022294998169,2.8876800537109375,2.791947364807129,2.4656176567077637,2.384553909301758,2.1435256004333496,2.0975241661071777,1.9939258098602295,2.0902538299560547,2.136932611465454,2.2568678855895996,2.311964511871338,2.5415382385253906,2.5876049995422363,2.7728688716888428,2.994145393371582
A9,2.322185516357422,2.06992244720459,1.7167367935180664,1.457809329032898,1.0916814804077148,0.8967918753623962,0.5332210659980774,0.3895622193813324,0.0,0.36978641152381897,0.6369715332984924,0.9613472819328308,1.2099473476409912,1.4953352212905884,1.411653995513916,2.26483416557312,2.080080509185791,1.6956356763839722,1.4938175678253174,1.1186752319335938,0.9812651872634888,0.6385526657104492,0.6454662084579468,0.5366849303245544,0.6396652460098267,0.843510091304779,1.1321691274642944,1.3875653743743896,1.625643253326416,1.5788884162902832,2.35939621925354,2.2089126110076904,1.827912449836731,1.6841462850570679,1.3436421155929565,1.2645479440689087,1.0175201892852783,1.0968035459518433,1.05207359790802,1.1159007549285889,1.2369869947433472,1.4610329866409302,1.671150803565979,1.8730061054229736,1.8498064279556274,2.5183303356170654,2.415834665298462,2.056731939315796,1.969283938407898,1.6771719455718994,1.648593783378601,1.4705702066421509,1.580350637435913,1.5610766410827637,1.621500849723816,1.6880137920379639,1.8859716653823853,2.0273585319519043,2.1950721740722656,2.2153072357177734,2.7683660984039307,2.7055275440216064,2.3694398403167725,2.3351588249206543,2.0848312377929688,2.0961828231811523,1.9702390432357788,2.1069507598876953,2.0960776805877686,2.155102014541626,2.16154408454895,2.3512625694274902,2.3641152381896973,2.519230842590332,2.759629964828491
A10,2.0778512954711914,1.864056944847107,1.4988375902175903,1.3008546829223633,0.9270247220993042,0.8681614398956299,0.5544422268867493,0.6566914916038513,0.36978641152381897,0.0,0.3760848343372345,0.6211094856262207,0.9249148368835449,1.1625779867172241,1.0469474792480469,1.9909141063690186,1.844941258430481,1.4542375802993774,1.3183256387710571,0.9488945603370667,0.9427057504653931,0.6654358506202698,0.8397937417030334,0.6777865290641785,0.5568414926528931,0.7091391682624817,0.8932418823242188,1.1663399934768677,1.339426040649414,1.260480523109436,2.072171926498413,1.9642714262008667,1.5857274532318115,1.5077677965164185,1.1888951063156128,1.2167912721633911,1.0257930755615234,1.216922640800476,1.1418755054473877,1.0857868194580078,1.1757309436798096,1.3104946613311768,1.5191090106964111,1.6535497903823853,1.5985841751098633,2.233710527420044,2.1742844581604004,1.8273760080337524,1.8000611066818237,1.5422857999801636,1.5957366228103638,1.4685477018356323,1.6610848903656006,1.6305209398269653,1.6122803688049316,1.6663841009140015,1.7950809001922607,1.9359314441680908,2.0411505699157715,2.0323917865753174,2.49985408782959,2.477410078048706,2.1616945266723633,2.1786019802093506,1.9684292078018188,2.0415475368499756,1.9626985788345337,2.1620428562164307,2.1592140197753906,2.166459321975708,2.184673547744751,2.3263721466064453,2.359412908554077,2.4662020206451416,2.6834733486175537
A11,2.262995719909668,2.093813419342041,1.7283943891525269,1.5875970125198364,1.226141333580017,1.228967308998108,0.9274133443832397,0.9964874982833862,0.6369715332984924,0.3760848343372345,0.0,0.37537673115730286,0.5739990472793579,0.8730654120445251,0.8655825853347778,2.1309492588043213,2.025080919265747,1.6393133401870728,1.560563087463379,1.2045612335205078,1.2572557926177979,0.9768205881118774,1.1127432584762573,0.8381832242012024,0.6242111921310425,0.547518253326416,0.6718171834945679,0.8531036972999573,1.042009711265564,1.0460118055343628,2.151557445526123,2.0839271545410156,1.7070472240447998,1.682717204093933,1.362077236175537,1.4469987154006958,1.2277801036834717,1.4102181196212769,1.23481023311615,1.099244236946106,1.0637638568878174,1.141303539276123,1.2682137489318848,1.3889507055282593,1.3923219442367554,2.2548651695251465,2.2328925132751465,1.8842628002166748,1.9074448347091675,1.644896388053894,1.7527620792388916,1.5983495712280273,1.8025414943695068,1.6945255994796753,1.6105965375900269,1.5814592838287354,1.6593265533447266,1.7349867820739746,1.8139101266860962,1.8477145433425903,2.467092752456665,2.4822847843170166,2.166693925857544,2.232964038848877,2.021817207336426,2.1468310356140137,2.048456907272339,2.2733399868011475,2.216794490814209,2.1642189025878906,2.1304872035980225,2.221353054046631,2.2159321308135986,2.28143572807312,2.5150997638702393
A12,2.0746092796325684,1.954516887664795,1.603197455406189,1.5391744375228882,1.2195594310760498,1.3332010507583618,1.1115922927856445,1.2767268419265747,0.9613472819328308,0.6211094856262207,0.37537673115730286,0.0,0.38429445028305054,0.5512213706970215,0.49777767062187195,1.9019379615783691,1.8437703847885132,1.4771778583526611,1.4794267416000366,1.174438238143921,1.334826946258545,1.1388729810714722,1.3554434776306152,1.1002445220947266,0.793490469455719,0.6758204102516174,0.5733350515365601,0.7452864646911621,0.7903539538383484,0.738377571105957,1.8904722929000854,1.8755509853363037,1.52147376537323,1.5758720636367798,1.3073064088821411,1.4873087406158447,1.338472604751587,1.5910676717758179,1.4192395210266113,1.199918270111084,1.1451058387756348,1.1004441976547241,1.2171339988708496,1.2287687063217163,1.1811212301254272,1.9828654527664185,2.013028383255005,1.6922210454940796,1.7850611209869385,1.5762100219726562,1.7605022192001343,1.6658107042312622,1.9312139749526978,1.827605962753296,1.679014801979065,1.6479575634002686,1.6451098918914795,1.723482608795166,1.720470905303955,1.7100783586502075,2.203152894973755,2.265861749649048,1.9832208156585693,2.106036901473999,1.9479907751083374,2.131075620651245,2.0854196548461914,2.360126495361328,2.319056510925293,2.2229557037353516,2.2098684310913086,2.251309871673584,2.2752954959869385,2.2888662815093994,2.484528064727783
A13,2.399322032928467,2.3082797527313232,1.9635313749313354,1.919538140296936,1.6021872758865356,1.705607533454895,1.4549223184585571,1.5677415132522583,1.2099473476409912,0.9249148368835449,0.5739990472793579,0.38429445028305054,0.0,0.39308759570121765,0.6108804941177368,2.20455265045166,2.173065185546875,1.8214924335479736,1.8432949781417847,1.5437654256820679,1.6947088241577148,1.467737078666687,1.6297922134399414,1.3181908130645752,1.022867202758789,0.7661710977554321,0.611866295337677,0.549616813659668,0.6005361676216125,0.7323612570762634,2.1444222927093506,2.1567440032958984,1.8158314228057861,1.8915106058120728,1.6200621128082275,1.8024877309799194,1.6168296337127686,1.830148458480835,1.5918642282485962,1.3477948904037476,1.1815712451934814,1.0893946886062622,1.0752202272415161,1.0689263343811035,1.1244696378707886,2.174872875213623,2.2312047481536865,1.9167487621307373,2.035663366317749,1.8180174827575684,2.0187995433807373,1.8876663446426392,2.1344220638275146,1.9668571949005127,1.7810331583023071,1.666332721710205,1.6200978755950928,1.6104705333709717,1.5829068422317505,1.6386924982070923,2.3245482444763184,2.416682720184326,2.137108087539673,2.2927980422973633,2.1262803077697754,2.336890459060669,2.260042905807495,2.536269426345825,2.441908597946167,2.301039934158325,2.2293286323547363,2.2237329483032227,2.1961169242858887,2.1688244342803955,2.386134386062622
A14,2.232849597930908,2.2030587196350098,1.8797557353973389,1.9116841554641724,1.640449047088623,1.8235563039779663,1.631880521774292,1.8186122179031372,1.4953352212905884,1.1625779867172241,0.8730654120445251,0.5512213706970215,0.39308759570121765,0.0,0.3737209141254425,2.0271008014678955,2.0609610080718994,1.7456988096237183,1.8468272686004639,1.608727216720581,1.832505464553833,1.6753966808319092,1.899183988571167,1.6240286827087402,1.2983791828155518,1.0869404077529907,0.8390534520149231,0.7844614386558533,0.6069647073745728,0.6542271375656128,1.9670095443725586,2.048781633377075,1.752393364906311,1.9032864570617676,1.6984269618988037,1.9441468715667725,1.8266533613204956,2.0910484790802,1.8834655284881592,1.6083959341049194,1.4661387205123901,1.2993834018707275,1.2865265607833862,1.1580747365951538,1.145583987236023,2.0109670162200928,2.1344032287597656,1.8695529699325562,2.0538430213928223,1.9025942087173462,2.1549434661865234,2.0858778953552246,2.375264883041382,2.233722448348999,2.0182156562805176,1.9234325885772705,1.8207476139068604,1.8219045400619507,1.7148503065109253,1.716850757598877,2.188847303390503,2.3388588428497314,2.1105294227600098,2.3172144889831543,2.213264226913452,2.4630630016326904,2.441790819168091,2.751051902770996,2.684678316116333,2.523890495300293,2.4812076091766357,2.4430198669433594,2.4462459087371826,2.3780159950256348,2.5530972480773926
A15,1.8616156578063965,1.8311700820922852,1.514281153678894,1.5690975189208984,1.3294968605041504,1.5601950883865356,1.4307845830917358,1.679104208946228,1.411653995513916,1.0469474792480469,0.8655825853347778,0.49777767062187195,0.6108804941177368,0.3737209141254425,0.0,1.6612930297851562,1.698407530784607,1.3870424032211304,1.5137239694595337,1.3112208843231201,1.576459527015686,1.4839428663253784,1.764553427696228,1.5494599342346191,1.2156555652618408,1.1077282428741455,0.8658041954040527,0.9678872227668762,0.7846778631210327,0.633823037147522,1.6402602195739746,1.7260626554489136,1.4375050067901611,1.606938362121582,1.4413739442825317,1.712327241897583,1.65702223777771,1.9650086164474487,1.819319725036621,1.5532536506652832,1.4978171586990356,1.3447661399841309,1.4343006610870361,1.3032090663909912,1.1846027374267578,1.7476627826690674,1.8722264766693115,1.6216844320297241,1.8106056451797485,1.6972062587738037,1.9560128450393677,1.942180871963501,2.258744955062866,2.176020622253418,1.9792568683624268,1.9556325674057007,1.8711977005004883,1.9479206800460815,1.8455528020858765,1.7767257690429688,2.004239082336426,2.1455225944519043,1.9328501224517822,2.1284189224243164,2.0560462474823,2.2964463233947754,2.3216142654418945,2.6396114826202393,2.6256682872772217,2.494168996810913,2.508390188217163,2.499086856842041,2.554314613342285,2.5105485916137695,2.656277656555176
B1,0.4858457148075104,0.5866639614105225,0.7330271005630493,1.043108344078064,1.287463665008545,1.6364388465881348,1.8860423564910889,2.244081735610962,2.26483416557312,1.9909141063690186,2.1309492588043213,1.9019379615783691,2.20455265045166,2.0271008014678955,1.6612930297851562,0.0,0.3947848677635193,0.6277220845222473,0.9729974269866943,1.2621451616287231,1.59505033493042,1.8752150535583496,2.2490720748901367,2.311174154281616,2.0784032344818115,2.249819278717041,2.082937240600586,2.3770012855529785,2.190629482269287,1.8311221599578857,0.580999493598938,0.7512465715408325,0.878045916557312,1.138892650604248,1.4000149965286255,1.6841504573822021,1.9679927825927734,2.3409860134124756,2.4545655250549316,2.2753965854644775,2.4688422679901123,2.3513858318328857,2.634777307510376,2.4830846786499023,2.1538493633270264,1.112099051475525,1.2346512079238892,1.2905997037887573,1.4640756845474243,1.6729069948196411,1.8941432237625122,2.1678900718688965,2.519498348236084,2.6753623485565186,2.558152675628662,2.762255907058716,2.7061996459960938,2.9751601219177246,2.8617613315582275,2.589409828186035,1.6868470907211304,1.7682112455368042,1.7720519304275513,1.8829978704452515,2.0439250469207764,2.2051031589508057,2.466033697128296,2.771773338317871,2.9751415252685547,2.9462902545928955,3.168323278427124,3.220806837081909,3.4512414932250977,3.455842971801758,3.4591751098632812
B2,0.6875600218772888,0.527137279510498,0.6656979322433472,0.8520845770835876,1.1208295822143555,1.4213846921920776,1.6975739002227783,2.0250327587127686,2.080080509185791,1.844941258430481,2.025080919265747,1.8437703847885132,2.173065185546875,2.0609610080718994,1.698407530784607,0.3947848677635193,0.0,0.3909425437450409,0.6537837386131287,0.9975478053092957,1.297759771347046,1.612133264541626,1.9694323539733887,2.0680277347564697,1.8685656785964966,2.084320545196533,1.9599649906158447,2.2919416427612305,2.158679246902466,1.7965576648712158,0.6183249950408936,0.544660747051239,0.6266134977340698,0.7994644045829773,1.0946846008300781,1.3447707891464233,1.6610158681869507,2.021787405014038,2.171217679977417,2.023644208908081,2.2601962089538574,2.181138038635254,2.5023090839385986,2.3963429927825928,2.0643017292022705,1.082956075668335,1.0723762512207031,1.076324701309204,1.1652450561523438,1.3698676824569702,1.5489331483840942,1.8418030738830566,2.179299831390381,2.3671212196350098,2.281163454055786,2.521726608276367,2.50105619430542,2.8015639781951904,2.728010416030884,2.4521608352661133,1.625842809677124,1.6206132173538208,1.5766980648040771,1.6188629865646362,1.7557497024536133,1.8728009462356567,2.137805223464966,2.423558473587036,2.6496388912200928,2.652024984359741,2.896693706512451,2.980346441268921,3.226085901260376,3.2633774280548096,3.266636848449707
B3,0.8544988632202148,0.6317272186279297,0.517752468585968,0.6128261685371399,0.7841140627861023,1.0945854187011719,1.3340461254119873,1.6633305549621582,1.6956356763839722,1.4542375802993774,1.6393133401870728,1.4771778583526611,1.8214924335479736,1.7456988096237183,1.3870424032211304,0.6277220845222473,0.3909425437450409,0.0,0.37286537885665894,0.6385781168937683,0.9757831692695618,1.2554906606674194,1.6249768733978271,1.701573133468628,1.4966285228729248,1.7164974212646484,1.6146903038024902,1.9577715396881104,1.8586844205856323,1.511925220489502,0.7930917739868164,0.6858910918235779,0.5121931433677673,0.6392138004302979,0.8165589570999146,1.079816460609436,1.3499833345413208,1.720741868019104,1.846779227256775,1.700165033340454,1.9303561449050903,1.8747820854187012,2.1953492164611816,2.1206798553466797,1.8151713609695435,1.1776995658874512,1.1466786861419678,1.0145596265792847,1.0811209678649902,1.1814444065093994,1.3593084812164307,1.595753788948059,1.9351780414581299,2.0952951908111572,2.014058828353882,2.2359020709991455,2.2372376918792725,2.5233917236328125,2.4761290550231934,2.2357866764068604,1.6732244491577148,1.662703037261963,1.5318639278411865,1.5722905397415161,1.6288459300994873,1.747786045074463,1.9556671380996704,2.242398977279663,2.434020757675171,2.4359190464019775,2.6489689350128174,2.7444674968719482,2.9606857299804688,3.0098700523376465,3.0508646965026855
B4,1.1250128746032715,0.8041187524795532,0.6604604721069336,0.5187673568725586,0.6550664305686951,0.8570581674575806,1.123390793800354,1.408470869064331,1.4938175678253174,1.3183256387710571,1.560563087463379,1.4794267416000366,1.8432949781417847,1.8468272686004639,1.5137239694595337,0.9729974269866943,0.6537837386131287,0.37286537885665894,0.0,0.38454189896583557,0.6443929076194763,0.9731964468955994,1.3217353820800781,1.4554016590118408,1.3132823705673218,1.5941556692123413,1.5685155391693115,1.9427402019500732,1.917348861694336,1.5965330600738525,1.0934443473815918,0.868047297000885,0.616804301738739,0.5002413392066956,0.5999289155006409,0.7633947730064392,1.057953119277954,1.4079067707061768,1.5850261449813843,1.4987167119979858,1.7800685167312622,1.7914491891860962,2.142583131790161,2.1332907676696777,1.8508319854736328,1.3971723318099976,1.2658425569534302,1.0623281002044678,0.9994033575057983,1.0219141244888306,1.107435703277588,1.3316625356674194,1.639321208000183,1.8364719152450562,1.810804009437561,2.0674290657043457,2.126568078994751,2.434396505355835,2.4437220096588135,2.2226011753082275,1.8275429010391235,1.7434569597244263,1.5527178049087524,1.510589599609375,1.4995800256729126,1.5472041368484497,1.725637674331665,1.9739426374435425,2.181835651397705,2.2309679985046387,2.4550247192382812,2.5955233573913574,2.8118441104888916,2.90399169921875,2.961590528488159
B5,1.4029994010925293,1.106083869934082,0.8483033180236816,0.6252009868621826,0.5091169476509094,0.6345565319061279,0.8042426109313965,1.0699583292007446,1.1186752319335938,0.9488945603370667,1.2045612335205078,1.174438238143921,1.5437654256820679,1.608727216720581,1.3112208843231201,1.2621451616287231,0.9975478053092957,0.6385781168937683,0.38454189896583557,0.0,0.3765466809272766,0.61772221326828,0.9870817065238953,1.0865494012832642,0.945665717124939,1.2425671815872192,1.2659519910812378,1.647117018699646,1.677291750907898,1.3984891176223755,1.3439216613769531,1.1405808925628662,0.7966899871826172,0.6483548879623413,0.48514166474342346,0.6060696840286255,0.7811680436134338,1.1368132829666138,1.2749812602996826,1.1976101398468018,1.4700813293457031,1.521979570388794,1.8659154176712036,1.9024666547775269,1.6660363674163818,1.5780894756317139,1.4494866132736206,1.1607520580291748,1.0835635662078857,0.9684953093528748,1.0340750217437744,1.1510374546051025,1.446221113204956,1.5970464944839478,1.5801633596420288,1.8069140911102295,1.89621102809906,2.1807403564453125,2.224823236465454,2.052316427230835,1.943879246711731,1.8630952835083008,1.607079267501831,1.5686925649642944,1.4697908163070679,1.5173053741455078,1.6119409799575806,1.8522390127182007,2.0078837871551514,2.0537242889404297,2.2332797050476074,2.385704755783081,2.563504934310913,2.6692657470703125,2.7689714431762695
B6,1.6868232488632202,1.3496685028076172,1.1089341640472412,0.7917565703392029,0.6428617238998413,0.520909309387207,0.6788366436958313,0.8363478779792786,0.9812651872634888,0.9427057504653931,1.2572557926177979,1.334826946258545,1.6947088241577148,1.832505464553833,1.576459527015686,1.59505033493042,1.297759771347046,0.9757831692695618,0.6443929076194763,0.3765466809272766,0.0,0.38390761613845825,0.694360077381134,0.9059109091758728,0.8996904492378235,1.258528470993042,1.3849025964736938,1.7684680223464966,1.874342441558838,1.641281247138977,1.6855602264404297,1.4368568658828735,1.1049094200134277,0.8544859290122986,0.6243293285369873,0.48874759674072266,0.6012235283851624,0.8803695440292358,1.0974262952804565,1.1323192119598389,1.4517271518707275,1.5916805267333984,1.9455450773239136,2.0527987480163574,1.8563807010650635,1.8937747478485107,1.7123531103134155,1.4055043458938599,1.2384241819381714,1.052219271659851,0.9814034700393677,1.032513976097107,1.2468388080596924,1.4382473230361938,1.5076346397399902,1.76126229763031,1.9226418733596802,2.214559555053711,2.3219752311706543,2.1817662715911865,2.2174031734466553,2.086867570877075,1.7995436191558838,1.692064642906189,1.5290720462799072,1.489490032196045,1.525909185409546,1.6973469257354736,1.8606784343719482,1.9689269065856934,2.1481080055236816,2.353541374206543,2.519280195236206,2.6739377975463867,2.7960915565490723
B7,1.9788029193878174,1.6704479455947876,1.3806475400924683,1.0808486938476562,0.8125418424606323,0.6232309341430664,0.5363993048667908,0.5669361352920532,0.6385526657104492,0.6654358506202698,0.9768205881118774,1.1388729810714722,1.467737078666687,1.6753966808319092,1.4839428663253784,1.8752150535583496,1.612133264541626,1.2554906606674194,0.9731964468955994,0.61772221326828,0.38390761613845825,0.0,0.3831554055213928,0.5359240174293518,0.5888893604278564,0.9605390429496765,1.1659637689590454,1.5287458896636963,1.7005834579467773,1.5338400602340698,1.9311102628707886,1.7072221040725708,1.3387199640274048,1.1172338724136353,0.7885384559631348,0.6440102458000183,0.4945916533470154,0.7063327431678772,0.8374372720718384,0.9031261205673218,1.1904209852218628,1.3854385614395142,1.711189866065979,1.871339201927185,1.7380211353302002,2.0877487659454346,1.9209293127059937,1.572543978691101,1.4209989309310913,1.151458978652954,1.0799920558929443,0.9916262626647949,1.1615698337554932,1.269237756729126,1.347354531288147,1.5471627712249756,1.7407599687576294,1.9931646585464478,2.13847017288208,2.0576045513153076,2.354747772216797,2.236532211303711,1.9107072353363037,1.8206100463867188,1.5946085453033447,1.5670698881149292,1.512369155883789,1.6680035591125488,1.7559086084365845,1.8509167432785034,1.9679583311080933,2.1795153617858887,2.2950632572174072,2.461341619491577,2.6279456615448
B8,2.3500516414642334,2.0286481380462646,1.749574899673462,1.4302486181259155,1.167158842086792,0.904543399810791,0.7502965331077576,0.5443381667137146,0.6454662084579468,0.8397937417030334,1.1127432584762573,1.3554434776306152,1.6297922134399414,1.899183988571167,1.764553427696228,2.2490720748901367,1.9694323539733887,1.6249768733978271,1.3217353820800781,0.9870817065238953,0.694360077381134,0.3831554055213928,0.0,0.3859015107154846,0.6641585230827332,1.0104831457138062,1.3024379014968872,1.6279587745666504,1.869763970375061,1.7606468200683594,2.2801342010498047,2.0317275524139404,1.6652402877807617,1.4076496362686157,1.0625982284545898,0.8236154317855835,0.5462571978569031,0.5102729797363281,0.6565027832984924,0.8698654174804688,1.1556556224822998,1.435449242591858,1.7413825988769531,1.9716076850891113,1.8919479846954346,2.3952300548553467,2.196662664413452,1.834457516670227,1.6386773586273193,1.3219925165176392,1.1681818962097168,0.9739258885383606,1.0145807266235352,1.103062391281128,1.2670501470565796,1.4577358961105347,1.7205877304077148,1.9574792385101318,2.1675751209259033,2.132801055908203,2.607381820678711,2.457038640975952,2.1062073707580566,1.9760478734970093,1.694254994392395,1.6089038848876953,1.4702671766281128,1.548081398010254,1.5985066890716553,1.7394812107086182,1.8258095979690552,2.081714391708374,2.1664960384368896,2.378892421722412,2.5733256340026855
B9,2.4560537338256836,2.1730735301971436,1.8658252954483032,1.5945197343826294,1.2873938083648682,1.102087140083313,0.8593907356262207,0.6833012700080872,0.5366849303245544,0.6777865290641785,0.8381832242012024,1.1002445220947266,1.3181908130645752,1.6240286827087402,1.5494599342346191,2.311174154281616,2.0680277347564697,1.701573133468628,1.4554016590118408,1.0865494012832642,0.9059109091758728,0.5359240174293518,0.3859015107154846,0.0,0.3701225519180298,0.6526979207992554,0.9840573072433472,1.2749497890472412,1.5520551204681396,1.4973570108413696,2.289649486541748,2.0775153636932373,1.6904361248016357,1.4894260168075562,1.1096323728561401,0.9720235466957092,0.623780369758606,0.6262264251708984,0.5154833197593689,0.6375868916511536,0.8336626291275024,1.124721646308899,1.3931224346160889,1.643843173980713,1.6122406721115112,2.3536782264709473,2.1882314682006836,1.806361198425293,1.6631481647491455,1.3188960552215576,1.245206356048584,0.9944330453872681,1.0732728242874146,1.0247348546981812,1.1068669557571411,1.2090858221054077,1.4531241655349731,1.6433298587799072,1.8546222448349,1.8621324300765991,2.5182406902313232,2.401226043701172,2.0359621047973633,1.9573308229446411,1.659148931503296,1.6422455310821533,1.468108892440796,1.5917540788650513,1.560745358467102,1.626457929611206,1.6470013856887817,1.8630766868591309,1.9064686298370361,2.093583106994629,2.3156931400299072
B10,2.266960382461548,2.02116060256958,1.7083343267440796,1.4954997301101685,1.1892235279083252,1.1165714263916016,0.8975043296813965,0.875886082649231,0.6396652460098267,0.5568414926528931,0.6242111921310425,0.793490469455719,1.022867202758789,1.2983791828155518,1.2156555652618408,2.0784032344818115,1.8685656785964966,1.4966285228729248,1.3132823705673218,0.945665717124939,0.8996904492378235,0.5888893604278564,0.6641585230827332,0.3701225519180298,0.0,0.37710773944854736,0.6392032504081726,0.9720800518989563,1.2073373794555664,1.1290732622146606,2.017986536026001,1.842821717262268,1.4501361846923828,1.314671277999878,0.9378816485404968,0.9326471090316772,0.6420883536338806,0.8120946884155273,0.6414082646369934,0.5290675163269043,0.6693176031112671,0.8624759912490845,1.1451308727264404,1.3386626243591309,1.2786973714828491,2.0609869956970215,1.9341975450515747,1.5520952939987183,1.4735480546951294,1.1490036249160767,1.1842288970947266,0.9854885935783386,1.1792830228805542,1.0981714725494385,1.055862307548523,1.1262775659561157,1.282811164855957,1.4716795682907104,1.6179578304290771,1.5988359451293945,2.2225940227508545,2.145407199859619,1.789931058883667,1.7712324857711792,1.5066457986831665,1.5729966163635254,1.4477365016937256,1.654553771018982,1.6216598749160767,1.6107680797576904,1.6349221467971802,1.7863287925720215,1.8475713729858398,1.9758647680282593,2.1772594451904297
B11,2.4691240787506104,2.266024112701416,1.9442301988601685,1.7800962924957275,1.4642912149429321,1.4389020204544067,1.1869386434555054,1.1666533946990967,0.843510091304779,0.7091391682624817,0.547518253326416,0.6758204102516174,0.7661710977554321,1.0869404077529907,1.1077282428741455,2.249819278717041,2.084320545196533,1.7164974212646484,1.5941556692123413,1.2425671815872192,1.258528470993042,0.9605390429496765,1.0104831457138062,0.6526979207992554,0.37710773944854736,0.0,0.37716707587242126,0.6223996877670288,0.91901695728302,0.943280041217804,2.1417758464813232,2.0126466751098633,1.6277382373809814,1.5558735132217407,1.1975713968276978,1.2573719024658203,0.9728468656539917,1.1090428829193115,0.8312358260154724,0.6191465854644775,0.5163580179214478,0.6454095244407654,0.832504391670227,1.0430824756622314,1.0657614469528198,2.1291048526763916,2.045027494430542,1.66706383228302,1.6486163139343262,1.33170485496521,1.4290000200271606,1.2096108198165894,1.399828553199768,1.2209644317626953,1.0932106971740723,1.0345579385757446,1.1274746656417847,1.2299830913543701,1.3585089445114136,1.4011188745498657,2.231013536453247,2.1956870555877686,1.8426929712295532,1.8814351558685303,1.6195158958435059,1.7452157735824585,1.5967692136764526,1.8245009183883667,1.722702980041504,1.637250542640686,1.5873538255691528,1.6750621795654297,1.6824337244033813,1.7643526792526245,1.993270993232727
B12,2.3495097160339355,2.192415475845337,1.8876206874847412,1.7918387651443481,1.5109268426895142,1.5779558420181274,1.377243995666504,1.4458849430084229,1.1321691274642944,0.8932418823242188,0.6718171834945679,0.5733350515365601,0.611866295337677,0.8390534520149231,0.8658041954040527,2.082937240600586,1.9599649906158447,1.6146903038024902,1.5685155391693115,1.2659519910812378,1.3849025964736938,1.1659637689590454,1.3024379014968872,0.9840573072433472,0.6392032504081726,0.37716707587242126,0.0,0.39003419876098633,0.5741724967956543,0.5725883841514587,1.9206087589263916,1.8399298191070557,1.4772875308990479,1.4866211414337158,1.180411458015442,1.3463382720947266,1.1430549621582031,1.3548444509506226,1.0950008630752563,0.7872800230979919,0.6394344568252563,0.5277102589607239,0.6897079944610596,0.7630522847175598,0.7382573485374451,1.86892831325531,1.8348942995071411,1.4790592193603516,1.5402535200119019,1.2774248123168945,1.470405101776123,1.319732666015625,1.5783615112304688,1.4017724990844727,1.1858336925506592,1.1080210208892822,1.0732229948043823,1.1648236513137817,1.181999683380127,1.1794344186782837,1.9513508081436157,1.9665696620941162,1.640516996383667,1.7503880262374878,1.543694019317627,1.7467107772827148,1.6562551259994507,1.9428505897521973,1.8520251512527466,1.7049731016159058,1.6706161499023438,1.6848264932632446,1.7204357385635376,1.7289209365844727,1.9154051542282104
B13,2.650921106338501,2.5272669792175293,2.217794418334961,2.147245168685913,1.856512427330017,1.9281352758407593,1.6949682235717773,1.7399708032608032,1.3875653743743896,1.1663399934768677,0.8531036972999573,0.7452864646911621,0.549616813659668,0.7844614386558533,0.9678872227668762,2.3770012855529785,2.2919416427612305,1.9577715396881104,1.9427402019500732,1.647117018699646,1.7684680223464966,1.5287458896636963,1.6279587745666504,1.2749497890472412,0.9720800518989563,0.6223996877670288,0.39003419876098633,0.0,0.3932107090950012,0.6391797065734863,2.1910665035247803,2.1508219242095947,1.8092800378799438,1.8516273498535156,1.5606098175048828,1.728981375694275,1.5072438716888428,1.676870584487915,1.3688989877700806,1.0686085224151611,0.796457827091217,0.6219685077667236,0.5272331237792969,0.575137197971344,0.7276272773742676,2.0965263843536377,2.1015846729278564,1.7676640748977661,1.8633824586868286,1.6121437549591064,1.8161743879318237,1.6415739059448242,1.8704782724380493,1.634989619255066,1.3893780708312988,1.2065459489822388,1.1091735363006592,1.065721869468689,1.0426092147827148,1.1385650634765625,2.1167778968811035,2.171581983566284,1.8631283044815063,2.0116918087005615,1.810187816619873,2.0376033782958984,1.9209263324737549,2.2005279064178467,2.0546658039093018,1.8601154088974,1.7536853551864624,1.7056013345718384,1.6723597049713135,1.6236484050750732,1.8384308815002441
