,A1,A2,A3,A4,A5,A6,A7,A8,A9,A10,A11,A12,A13,A14,A15,B1,B2,B3,B4,B5,B6,B7,B8,B9,B10,B11,B12,B13,B14,B15,C1,C2,C3,C4,C5,C6,C7,C8,C9,C10,C11,C12,C13,C14,C15,D1,D2,D3,D4,D5,D6,D7,D8,D9,D10,D11,D12,D13,D14,D15,E1,E2,E3,E4,E5,E6,E7,E8,E9,E10,E11,E12,E13,E14,E15
A1,0.0,0.3834262788295746,0.5976679921150208,0.9418137073516846,1.1405466794967651,1.4350494146347046,1.3660531044006348,1.7351850271224976,1.7671624422073364,2.155885696411133,2.255453109741211,2.001418113708496,2.257059097290039,2.011512517929077,2.1975977420806885,0.8233396410942078,0.8570159077644348,0.9352307319641113,1.1574128866195679,1.4632424116134644,1.6689426898956299,1.6520086526870728,1.96884286403656,2.0572867393493652,2.4155426025390625,2.5549681186676025,2.3491578102111816,2.5958304405212402,2.458364725112915,2.6601765155792236,1.4282503128051758,1.379499912261963,1.3986707925796509,1.5449533462524414,1.7784759998321533,1.9867596626281738,2.015918254852295,2.2941155433654785,2.4058358669281006,2.729647636413574,2.866464376449585,2.716344118118286,2.971928834915161,2.889676570892334,3.11556339263916,1.999268651008606,1.9032154083251953,1.8914073705673218,1.9854753017425537,2.1498682498931885,2.362257480621338,2.4319658279418945,2.6750497817993164,2.798616647720337,3.086829662322998,3.1744916439056396,3.080103874206543,3.3506596088409424,3.311824083328247,3.5613510608673096,2.547431468963623,2.4259960651397705,2.3870527744293213,2.4530069828033447,2.550875425338745,2.794009208679199,2.8946075439453125,3.1180195808410645,3.234898567199707,3.4662914276123047,3.5603199005126953,3.496593475341797,3.8188157081604004,3.859863758087158,4.1335577964782715
A2,0.3834262788295746,0.0,0.3964679539203644,0.638573944568634,0.7710697054862976,1.0709866285324097,1.0096319913864136,1.3808262348175049,1.4530822038650513,1.8335384130477905,1.9682888984680176,1.754700779914856,2.049985647201538,1.8572310209274292,2.0940663814544678,0.8852943181991577,0.749860942363739,0.8239088654518127,0.9249172210693359,1.232661247253418,1.3878437280654907,1.3682531118392944,1.6599664688110352,1.7732858657836914,2.114675998687744,2.2807586193084717,2.113564968109131,2.387376546859741,2.2997946739196777,2.5375945568084717,1.453426718711853,1.3122180700302124,1.336598515510559,1.3916807174682617,1.6178175210952759,1.7711617946624756,1.7889328002929688,2.0305986404418945,2.1534528732299805,2.4529736042022705,2.6084418296813965,2.495306968688965,2.768585205078125,2.730625629425049,2.9812583923339844,1.9995676279067993,1.8445135354995728,1.8489608764648438,1.8753366470336914,2.039457321166992,2.198719024658203,2.2516582012176514,2.454061508178711,2.5795066356658936,2.8388900756835938,2.9356541633605957,2.8760221004486084,3.1554503440856934,3.1552677154541016,3.4187772274017334,2.5309178829193115,2.3681819438934326,2.3564937114715576,2.3719658851623535,2.4824111461639404,2.6797842979431152,2.7613883018493652,2.9445831775665283,3.057129383087158,3.2555975914001465,3.3483383655548096,3.31459903717041,3.6365678310394287,3.706218957901001,3.9752197265625
A3,0.5976679921150208,0.3964679539203644,0.0,0.3742414116859436,0.6758649945259094,0.9853484034538269,1.0618895292282104,1.4445205926895142,1.5962798595428467,1.9546643495559692,2.1500649452209473,1.9827691316604614,2.310587167739868,2.1504745483398438,2.4167850017547607,1.0376137495040894,0.8515086770057678,0.7334644794464111,0.7967584729194641,0.9997125864028931,1.2318027019500732,1.3198331594467163,1.6424129009246826,1.8315919637680054,2.1730220317840576,2.393315315246582,2.2624313831329346,2.5756802558898926,2.516702175140381,2.787111282348633,1.5440473556518555,1.3521486520767212,1.2632495164871216,1.2750208377838135,1.4137861728668213,1.6046518087387085,1.7028273344039917,1.9657566547393799,2.154813051223755,2.4592132568359375,2.665884256362915,2.583676338195801,2.8950676918029785,2.884596109390259,3.166762351989746,2.0523977279663086,1.852468490600586,1.7807344198226929,1.7663547992706299,1.858909249305725,2.0320749282836914,2.1441779136657715,2.356151580810547,2.537501335144043,2.7980895042419434,2.9448158740997314,2.9140095710754395,3.227644205093384,3.25543475151062,3.549915075302124,2.5528013706207275,2.3507769107818604,2.2890591621398926,2.264348268508911,2.3194589614868164,2.5168845653533936,2.643305540084839,2.8205385208129883,2.979255437850952,3.170541763305664,3.305083751678467,3.3011138439178467,3.646432638168335,3.7447729110717773,4.0377888679504395
A4,0.9418137073516846,0.638573944568634,0.3742414116859436,0.0,0.36836129426956177,0.6578980088233948,0.8342500925064087,1.1936911344528198,1.416583776473999,1.738571286201477,1.9849631786346436,1.8794208765029907,2.239450454711914,2.140528440475464,2.4472320079803467,1.2334305047988892,0.9460423588752747,0.7921903729438782,0.6688376069068909,0.7897164225578308,0.9681140780448914,1.0997552871704102,1.389874815940857,1.6303080320358276,1.9427767992019653,2.203463554382324,2.1259076595306396,2.4676904678344727,2.463299512863159,2.767073631286621,1.6572353839874268,1.3910152912139893,1.2875947952270508,1.187721610069275,1.2785362005233765,1.4043011665344238,1.5131951570510864,1.7334668636322021,1.9525470733642578,2.226466655731201,2.4648683071136475,2.430095911026001,2.763089656829834,2.8012776374816895,3.1088666915893555,2.1103384494781494,1.85640549659729,1.7865135669708252,1.6946160793304443,1.7644888162612915,1.8761487007141113,1.9831253290176392,2.149132490158081,2.3455607891082764,2.572669506072998,2.741535186767578,2.7535619735717773,3.080338716506958,3.1513795852661133,3.4626498222351074,2.5724852085113525,2.329482316970825,2.284872531890869,2.202594518661499,2.2568206787109375,2.4015567302703857,2.5160439014434814,2.647218704223633,2.81091046333313,2.964648962020874,3.1076674461364746,3.1410067081451416,3.487992763519287,3.6196298599243164,3.911407709121704
A5,1.1405466794967651,0.7710697054862976,0.6758649945259094,0.36836129426956177,0.0,0.37990301847457886,0.5549188852310181,0.8799039721488953,1.1389433145523071,1.4365235567092896,1.6984446048736572,1.6334717273712158,2.006408929824829,1.9563359022140503,2.2828445434570312,1.3674607276916504,1.0355570316314697,0.9768296480178833,0.7525603771209717,0.8895885348320007,0.9151443243026733,0.9787728786468506,1.187901258468628,1.421090006828308,1.6956562995910645,1.9589028358459473,1.9161583185195923,2.257749319076538,2.29413104057312,2.607208728790283,1.7580186128616333,1.4655752182006836,1.4304945468902588,1.2731921672821045,1.3907628059387207,1.4181331396102905,1.4622472524642944,1.6094868183135986,1.8009535074234009,2.0318660736083984,2.2619731426239014,2.256927967071533,2.5814359188079834,2.6520912647247314,2.9607043266296387,2.1862332820892334,1.9181923866271973,1.9058808088302612,1.7782976627349854,1.8823670148849487,1.924888014793396,1.9759875535964966,2.0828845500946045,2.245502471923828,2.4320685863494873,2.5815892219543457,2.6178061962127686,2.929394006729126,3.024843454360962,3.327932119369507,2.634091377258301,2.3839077949523926,2.3918185234069824,2.2889926433563232,2.3832876682281494,2.4795525074005127,2.546750068664551,2.6357290744781494,2.765568256378174,2.8843541145324707,3.0005578994750977,3.049506425857544,3.3780441284179688,3.5214946269989014,3.7915761470794678
A6,1.4350494146347046,1.0709866285324097,0.9853484034538269,0.6578980088233948,0.37990301847457886,0.0,0.37997016310691833,0.6077547073364258,0.9244261384010315,1.1660281419754028,1.474421501159668,1.4724771976470947,1.8617141246795654,1.870688557624817,2.2279417514801025,1.4707387685775757,1.0976934432983398,1.0380345582962036,0.708899199962616,0.778569757938385,0.6512486338615417,0.6945432424545288,0.8410821557044983,1.1149331331253052,1.3625911474227905,1.659567952156067,1.6632695198059082,2.028153657913208,2.1115474700927734,2.452972412109375,1.741734504699707,1.404484510421753,1.3797906637191772,1.140897274017334,1.2406529188156128,1.1730365753173828,1.183048129081726,1.2735891342163086,1.4745745658874512,1.679673433303833,1.9311972856521606,1.9622929096221924,2.3031458854675293,2.4133424758911133,2.742821216583252,2.0898094177246094,1.7872003316879272,1.7948211431503296,1.610095500946045,1.718194603919983,1.6913235187530518,1.7075105905532837,1.7660343647003174,1.9224807024002075,2.0816380977630615,2.2405471801757812,2.306011438369751,2.624589443206787,2.752855062484741,3.0685245990753174,2.4853248596191406,2.209848165512085,2.2470624446868896,2.104363441467285,2.2179336547851562,2.261068820953369,2.295712947845459,2.344855785369873,2.4610064029693604,2.5516088008880615,2.6635830402374268,2.7347750663757324,3.0591118335723877,3.224320888519287,3.491302251815796
A7,1.3660531044006348,1.0096319913864136,1.0618895292282104,0.8342500925064087,0.5549188852310181,0.37997016310691833,0.0,0.3855348229408264,0.592380702495575,0.906279444694519,1.1596879959106445,1.1104989051818848,1.4952658414840698,1.4926118850708008,1.8490893840789795,1.3029359579086304,0.9428490996360779,1.0190155506134033,0.748012900352478,0.9635009169578552,0.7955774068832397,0.6419839859008789,0.7542667388916016,0.9045841097831726,1.17910897731781,1.4130685329437256,1.3686401844024658,1.7103837728500366,1.7735308408737183,2.101314067840576,1.561777949333191,1.2526229619979858,1.3331199884414673,1.1441892385482788,1.3505830764770508,1.2654999494552612,1.167823314666748,1.2447092533111572,1.3499014377593994,1.5640335083007812,1.7508931159973145,1.7384244203567505,2.046661376953125,2.1306793689727783,2.4387173652648926,1.92054283618927,1.6528719663619995,1.7372881174087524,1.5975269079208374,1.7864669561386108,1.7587321996688843,1.706257700920105,1.7658337354660034,1.8506267070770264,2.0196533203125,2.116334915161133,2.141126871109009,2.4264965057373047,2.5243113040924072,2.8141372203826904,2.3371472358703613,2.0973329544067383,2.1862902641296387,2.0869853496551514,2.25957989692688,2.310333251953125,2.2968251705169678,2.3621175289154053,2.4245073795318604,2.5328755378723145,2.5961880683898926,2.6269454956054688,2.9282386302948,3.0604896545410156,3.306147336959839
A8,1.7351850271224976,1.3808262348175049,1.4445205926895142,1.1936911344528198,0.8799039721488953,0.6077547073364258,0.3855348229408264,0.0,0.38261327147483826,0.564980149269104,0.879994809627533,0.9472779631614685,1.336641788482666,1.4329192638397217,1.8078198432922363,1.607979655265808,1.2566592693328857,1.3518664836883545,1.0551865100860596,1.2075021266937256,0.9318912625312805,0.7170569896697998,0.6123449206352234,0.7144057154655457,0.8863769769668579,1.1319222450256348,1.1672265529632568,1.5096731185913086,1.6482526063919067,1.9906165599822998,1.7790106534957886,1.464408278465271,1.5778316259384155,1.3459528684616089,1.5336557626724243,1.3542879819869995,1.189975619316101,1.1440552473068237,1.1952825784683228,1.3260172605514526,1.500524640083313,1.5431534051895142,1.839716911315918,1.979566216468811,2.292008399963379,2.0589468479156494,1.7833386659622192,1.9093437194824219,1.7313073873519897,1.9295278787612915,1.8258925676345825,1.7135661840438843,1.690367341041565,1.7266478538513184,1.8310877084732056,1.9031480550765991,1.966540813446045,2.23038911819458,2.3678672313690186,2.64992618560791,2.4185495376586914,2.1725196838378906,2.3088865280151367,2.1817679405212402,2.381618022918701,2.372821807861328,2.308115243911743,2.317197322845459,2.338456630706787,2.397970676422119,2.429105281829834,2.48336124420166,2.757188081741333,2.908249616622925,3.1276934146881104
A9,1.7671624422073364,1.4530822038650513,1.5962798595428467,1.416583776473999,1.1389433145523071,0.9244261384010315,0.592380702495575,0.38261327147483826,0.0,0.3914458155632019,0.5701712369918823,0.5690562725067139,0.9603409171104431,1.0607777833938599,1.4397597312927246,1.5249459743499756,1.2225542068481445,1.411475419998169,1.1839786767959595,1.4102448225021362,1.1437026262283325,0.8290904760360718,0.7111667990684509,0.5955467820167542,0.7813319563865662,0.903657078742981,0.8606781959533691,1.1698448657989502,1.2867873907089233,1.617133617401123,1.6408336162567139,1.3744585514068604,1.5763510465621948,1.401655673980713,1.6608322858810425,1.4839932918548584,1.2407188415527344,1.1920382976531982,1.1254016160964966,1.2637550830841064,1.3429008722305298,1.3209302425384521,1.5695658922195435,1.67430579662323,1.9608988761901855,1.8986862897872925,1.6700762510299683,1.8669178485870361,1.7381702661514282,1.9998663663864136,1.9028277397155762,1.7327429056167603,1.7181594371795654,1.67719304561615,1.7955667972564697,1.7936009168624878,1.801293969154358,2.0211968421936035,2.118265151977539,2.3691391944885254,2.2589356899261475,2.0565989017486572,2.241858959197998,2.160548686981201,2.4101314544677734,2.41036057472229,2.3021316528320312,2.331681251525879,2.298823595046997,2.3816940784454346,2.362016201019287,2.3664097785949707,2.611722230911255,2.7218785285949707,2.9180853366851807
A10,2.155885696411133,1.8335384130477905,1.9546643495559692,1.738571286201477,1.4365235567092896,1.1660281419754028,0.906279444694519,0.564980149269104,0.3914458155632019,0.0,0.3829963803291321,0.636544406414032,0.9643493294715881,1.1932787895202637,1.5624321699142456,1.8923933506011963,1.5893745422363281,1.7538938522338867,1.493393063545227,1.6558685302734375,1.3316000699996948,1.028598666191101,0.7621684074401855,0.5936801433563232,0.5535672903060913,0.663214921951294,0.7716981768608093,1.0613309144973755,1.2867722511291504,1.6230859756469727,1.9400343894958496,1.667488932609558,1.8627126216888428,1.6473146677017212,1.8662241697311401,1.621326208114624,1.3490718603134155,1.1852108240127563,1.0640058517456055,1.077587366104126,1.1305943727493286,1.1920889616012573,1.4180138111114502,1.6007440090179443,1.8896756172180176,2.1151504516601562,1.877525806427002,2.0885169506073,1.9199661016464233,2.1686882972717285,2.005422830581665,1.7932802438735962,1.693960428237915,1.6062663793563843,1.6418260335922241,1.6116565465927124,1.6716076135635376,1.862039566040039,2.012261390686035,2.253770112991333,2.4029035568237305,2.1919407844543457,2.408700942993164,2.2941997051239014,2.5544445514678955,2.4959716796875,2.3456404209136963,2.313992977142334,2.2433743476867676,2.2680392265319824,2.2159616947174072,2.2517757415771484,2.4628565311431885,2.5982608795166016,2.764350175857544
A11,2.255453109741211,1.9682888984680176,2.1500649452209473,1.9849631786346436,1.6984446048736572,1.474421501159668,1.1596879959106445,0.879994809627533,0.5701712369918823,0.3829963803291321,0.0,0.3796158730983734,0.611025333404541,0.9040579795837402,1.2472871541976929,1.9415899515151978,1.694284200668335,1.9239667654037476,1.7201095819473267,1.934936285018921,1.6336948871612549,1.2939106225967407,1.0658812522888184,0.7885639667510986,0.7365583181381226,0.6204066276550293,0.6304261684417725,0.7962284088134766,1.0154293775558472,1.3106696605682373,1.9597402811050415,1.7473982572555542,2.005464553833008,1.8458147048950195,2.111915349960327,1.8854107856750488,1.5766657590866089,1.4287344217300415,1.220919132232666,1.2267534732818604,1.1549086570739746,1.1428401470184326,1.2691184282302856,1.409730315208435,1.6442170143127441,2.117535352706909,1.937875509262085,2.2026619911193848,2.0846328735351562,2.376314878463745,2.2288875579833984,1.9819637537002563,1.8956317901611328,1.7424147129058838,1.7823759317398071,1.6707035303115845,1.6707086563110352,1.7891030311584473,1.889984369277954,2.076754093170166,2.4012465476989746,2.2424869537353516,2.4978830814361572,2.4298131465911865,2.725236415863037,2.6798369884490967,2.4976515769958496,2.485158920288086,2.365947723388672,2.4083852767944336,2.3040318489074707,2.2892274856567383,2.457301378250122,2.544532299041748,2.672300338745117
A12,2.001418113708496,1.754700779914856,1.9827691316604614,1.8794208765029907,1.6334717273712158,1.4724771976470947,1.1104989051818848,0.9472779631614685,0.5690562725067139,0.636544406414032,0.3796158730983734,0.0,0.3920345902442932,0.5578668117523193,0.9272176027297974,1.65626859664917,1.4580812454223633,1.7408995628356934,1.603812575340271,1.8814669847488403,1.6352777481079102,1.2783007621765137,1.1555454730987549,0.8664480447769165,0.9629674553871155,0.833017110824585,0.653591513633728,0.780704140663147,0.8492323160171509,1.1193093061447144,1.6945984363555908,1.532223105430603,1.8315526247024536,1.738729476928711,2.0541515350341797,1.8861671686172485,1.580816388130188,1.5198520421981812,1.3156203031539917,1.4179526567459106,1.333962082862854,1.2180988788604736,1.3282902240753174,1.3641444444656372,1.5700358152389526,1.9008550643920898,1.7660818099975586,2.0500893592834473,1.9928841590881348,2.3151822090148926,2.225358247756958,1.9926973581314087,1.9774110317230225,1.8324633836746216,1.943618893623352,1.8272984027862549,1.7564473152160645,1.8743540048599243,1.90122389793396,2.0735702514648438,2.2389862537384033,2.1176273822784424,2.368006944656372,2.3523247241973877,2.6570346355438232,2.6637070178985596,2.4987127780914307,2.544999361038208,2.434476137161255,2.5344772338867188,2.4367244243621826,2.3724443912506104,2.5536880493164062,2.596539258956909,2.7373604774475098
A13,2.257059097290039,2.049985647201538,2.310587167739868,2.239450454711914,2.006408929824829,1.8617141246795654,1.4952658414840698,1.336641788482666,0.9603409171104431,0.9643493294715881,0.611025333404541,0.3920345902442932,0.0,0.3879830837249756,0.6588529348373413,1.869947910308838,1.7337000370025635,2.047194242477417,1.949576497077942,2.240726947784424,2.0015223026275635,1.6352277994155884,1.5071769952774048,1.177734613418579,1.2187085151672363,0.9737288951873779,0.7556818723678589,0.6660411357879639,0.6754628419876099,0.8364483714103699,1.8574481010437012,1.7608058452606201,2.0961592197418213,2.042314052581787,2.3745884895324707,2.2092318534851074,1.881973147392273,1.811241865158081,1.5505223274230957,1.6200997829437256,1.4456608295440674,1.2845842838287354,1.2741421461105347,1.2540545463562012,1.3702222108840942,2.0151267051696777,1.9425092935562134,2.265305995941162,2.2451584339141846,2.590520143508911,2.501701831817627,2.239588499069214,2.2189571857452393,2.019737720489502,2.116774559020996,1.9344558715820312,1.8197436332702637,1.8564823865890503,1.8328602313995361,1.9334031343460083,2.3193764686584473,2.2530057430267334,2.5371792316436768,2.5575063228607178,2.8877041339874268,2.8937325477600098,2.696770429611206,2.7473995685577393,2.5911781787872314,2.694866895675659,2.5492660999298096,2.4449241161346436,2.5748581886291504,2.5710413455963135,2.665128707885742
A14,2.011512517929077,1.8572310209274292,2.1504745483398438,2.140528440475464,1.9563359022140503,1.870688557624817,1.4926118850708008,1.4329192638397217,1.0607777833938599,1.1932787895202637,0.9040579795837402,0.5578668117523193,0.3879830837249756,0.0,0.3837282359600067,1.6032975912094116,1.5325533151626587,1.882068395614624,1.8540066480636597,2.1878273487091064,2.007080078125,1.6487648487091064,1.6105929613113403,1.3060165643692017,1.446649193763733,1.2438828945159912,0.9490970373153687,0.8884873986244202,0.7232451438903809,0.8194318413734436,1.6167410612106323,1.5819510221481323,1.9406298398971558,1.9538925886154175,2.317079782485962,2.2115280628204346,1.9052741527557373,1.9121897220611572,1.6793041229248047,1.8262972831726074,1.6758966445922852,1.4556156396865845,1.4624688625335693,1.3512017726898193,1.4431978464126587,1.8295811414718628,1.8057284355163574,2.130317211151123,2.169106960296631,2.5292983055114746,2.49826717376709,2.2633166313171387,2.3082497119903564,2.134932279586792,2.293123960494995,2.1296777725219727,1.96897554397583,2.0247156620025635,1.9418190717697144,2.0401673316955566,2.1904351711273193,2.159597635269165,2.4236555099487305,2.492400884628296,2.8189473152160645,2.8767924308776855,2.7074472904205322,2.8121187686920166,2.6777522563934326,2.831526517868042,2.706789493560791,2.568977117538452,2.721431016921997,2.685861110687256,2.802960157394409
A15,2.1975977420806885,2.0940663814544678,2.4167850017547607,2.4472320079803467,2.2828445434570312,2.2279417514801025,1.8490893840789795,1.8078198432922363,1.4397597312927246,1.5624321699142456,1.2472871541976929,0.9272176027297974,0.6588529348373413,0.3837282359600067,0.0,1.7933785915374756,1.7921172380447388,2.160447359085083,2.1767537593841553,2.52629017829895,2.3679797649383545,2.0131564140319824,1.9893381595611572,1.678015112876892,1.8060050010681152,1.567097544670105,1.2653294801712036,1.110373854637146,0.8754357099533081,0.7901936769485474,1.796248435974121,1.8323663473129272,2.206461191177368,2.264370918273926,2.6396102905273438,2.5553395748138428,2.249173164367676,2.268373966217041,2.018699884414673,2.1602649688720703,1.971723198890686,1.724244475364685,1.6601535081863403,1.4869379997253418,1.4814119338989258,1.9938336610794067,2.0345733165740967,2.3729119300842285,2.454620599746704,2.826169729232788,2.81535267829895,2.5760748386383057,2.6346871852874756,2.440699815750122,2.6021623611450195,2.407374143600464,2.212914228439331,2.217341184616089,2.081033229827881,2.114464282989502,2.3424389362335205,2.367203950881958,2.638929605484009,2.7483255863189697,3.0837526321411133,3.159228801727295,2.9819414615631104,3.104663372039795,2.9502429962158203,3.1181654930114746,2.9702200889587402,2.7988905906677246,2.9192099571228027,2.83916974067688,2.924358367919922
B1,0.8233396410942078,0.8852943181991577,1.0376137495040894,1.2334305047988892,1.3674607276916504,1.4707387685775757,1.3029359579086304,1.607979655265808,1.5249459743499756,1.8923933506011963,1.9415899515151978,1.65626859664917,1.869947910308838,1.6032975912094116,1.7933785915374756,0.0,0.3822406530380249,0.6303088665008545,0.9357390999794006,1.290919303894043,1.4294817447662354,1.3071452379226685,1.6282683610916138,1.6251238584518433,2.0069403648376465,2.090257406234741,1.8251066207885742,2.0495457649230957,1.8623045682907104,2.06402587890625,0.610137939453125,0.6454573273658752,0.799323558807373,1.0540601015090942,1.3916730880737305,1.5767983198165894,1.5205793380737305,1.8259541988372803,1.8692588806152344,2.230250597000122,2.3180105686187744,2.1032330989837646,2.3393828868865967,2.207339286804199,2.4286441802978516,1.186768889427185,1.1381391286849976,1.2012697458267212,1.3732329607009888,1.6333370208740234,1.8451859951019287,1.8493973016738892,2.125962257385254,2.195401668548584,2.5235249996185303,2.5730202198028564,2.4166691303253174,2.670880079269409,2.5865819454193115,2.832411527633667,1.7430839538574219,1.658722996711731,1.6637803316116333,1.7876732349395752,1.958477258682251,2.2052252292633057,2.2524397373199463,2.5117218494415283,2.582960605621338,2.8569962978363037,2.921295166015625,2.802999496459961,3.1128368377685547,3.1155905723571777,3.392791271209717
B2,0.8570159077644348,0.749860942363739,0.8515086770057678,0.9460423588752747,1.0355570316314697,1.0976934432983398,0.9428490996360779,1.2566592693328857,1.2225542068481445,1.5893745422363281,1.694284200668335,1.4580812454223633,1.7337000370025635,1.5325533151626587,1.7921172380447388,0.3822406530380249,0.0,0.3849806487560272,0.5856615304946899,0.9682599902153015,1.0701067447662354,0.9492337703704834,1.2790943384170532,1.322526454925537,1.7062089443206787,1.838507890701294,1.6202120780944824,1.8977994918823242,1.777135968208313,2.0357751846313477,0.7491545081138611,0.5656754374504089,0.6842762231826782,0.807579517364502,1.1459461450576782,1.285730242729187,1.2311240434646606,1.5196759700775146,1.5973690748214722,1.947601079940796,2.0750491619110107,1.9073805809020996,2.1838529109954834,2.112678050994873,2.3769924640655518,1.2614918947219849,1.1006122827529907,1.154778242111206,1.2210404872894287,1.468807339668274,1.6287086009979248,1.6306418180465698,1.872437596321106,1.9636808633804321,2.2686657905578613,2.3450963497161865,2.2353508472442627,2.516592025756836,2.4866292476654053,2.761617422103882,1.7852964401245117,1.6286100149154663,1.648800253868103,1.6936296224594116,1.8630589246749878,2.0611183643341064,2.1023690700531006,2.318002700805664,2.4007184505462646,2.6398167610168457,2.716771364212036,2.6409549713134766,2.962897300720215,3.0083703994750977,3.290140390396118
B3,0.9352307319641113,0.8239088654518127,0.7334644794464111,0.7921903729438782,0.9768296480178833,1.0380345582962036,1.0190155506134033,1.3518664836883545,1.411475419998169,1.7538938522338867,1.9239667654037476,1.7408995628356934,2.047194242477417,1.882068395614624,2.160447359085083,0.6303088665008545,0.3849806487560272,0.0,0.3786739408969879,0.6771953105926514,0.8955993056297302,0.9139276146888733,1.2920026779174805,1.4311391115188599,1.8108060359954834,2.005194902420044,1.8339087963104248,2.1498513221740723,2.0640578269958496,2.3489274978637695,0.9022417664527893,0.6568717956542969,0.534151554107666,0.613950252532959,0.8635225892066956,1.0815834999084473,1.1394230127334595,1.470258116722107,1.6342283487319946,1.9915655851364136,2.179464340209961,2.0500519275665283,2.3673484325408936,2.328126907348633,2.622157335281372,1.3463071584701538,1.1259106397628784,1.0535188913345337,1.0699726343154907,1.2300665378570557,1.4275226593017578,1.5121381282806396,1.7789479494094849,1.9432334899902344,2.2543630599975586,2.3909833431243896,2.3145904541015625,2.6349027156829834,2.636193037033081,2.943445920944214,1.8255932331085205,1.618900179862976,1.5636744499206543,1.5602445602416992,1.6591906547546387,1.8705483675003052,1.9730863571166992,2.191098928451538,2.3332622051239014,2.5697107315063477,2.6978542804718018,2.6551167964935303,3.005378007888794,3.082489252090454,3.391793966293335
B4,1.1574128866195679,0.9249172210693359,0.7967584729194641,0.6688376069068909,0.7525603771209717,0.708899199962616,0.748012900352478,1.0551865100860596,1.1839786767959595,1.493393063545227,1.7201095819473267,1.603812575340271,1.949576497077942,1.8540066480636597,2.1767537593841553,0.9357390999794006,0.5856615304946899,0.3786739408969879,0.0,0.39726489782333374,0.5374616980552673,0.596977949142456,0.9732264280319214,1.1800010204315186,1.5384641885757446,1.7829848527908325,1.6730749607086182,2.0260965824127197,2.0074145793914795,2.3306772708892822,1.1368074417114258,0.8024435043334961,0.6919782161712646,0.5358625054359436,0.7324652075767517,0.8464611172676086,0.9078998565673828,1.195495367050171,1.4005600214004517,1.7293318510055542,1.9569443464279175,1.8844062089920044,2.23009991645813,2.2518088817596436,2.575422525405884,1.4995225667953491,1.210375189781189,1.1565407514572144,1.0483729839324951,1.1843434572219849,1.2883687019348145,1.357476830482483,1.5637537240982056,1.7455418109893799,2.0185327529907227,2.1798956394195557,2.156182289123535,2.4932861328125,2.5484044551849365,2.8741440773010254,1.925503134727478,1.6677473783493042,1.6456586122512817,1.5619982481002808,1.665920615196228,1.8036264181137085,1.884684443473816,2.0415916442871094,2.1861228942871094,2.375978946685791,2.510852098464966,2.513533353805542,2.8663477897644043,2.9838902950286865,3.289194107055664
B5,1.4632424116134644,1.232661247253418,0.9997125864028931,0.7897164225578308,0.8895885348320007,0.778569757938385,0.9635009169578552,1.2075021266937256,1.4102448225021362,1.6558685302734375,1.934936285018921,1.8814669847488403,2.240726947784424,2.1878273487091064,2.52629017829895,1.290919303894043,0.9682599902153015,0.6771953105926514,0.39726489782333374,0.0,0.3852345943450928,0.6758841872215271,1.0123541355133057,1.3060005903244019,1.619845986366272,1.9185220003128052,1.8695296049118042,2.246150016784668,2.269923686981201,2.6146860122680664,1.4140801429748535,1.0653043985366821,0.8425847291946411,0.5723093152046204,0.5191559195518494,0.6406700015068054,0.8522409200668335,1.1306214332580566,1.4249238967895508,1.7287819385528564,2.0158448219299316,1.9973570108413696,2.372852087020874,2.4367432594299316,2.7851200103759766,1.6827210187911987,1.3519741296768188,1.2144691944122314,1.012595295906067,1.0208015441894531,1.0966070890426636,1.2458572387695312,1.4363820552825928,1.6928404569625854,1.9456820487976074,2.170280933380127,2.1956822872161865,2.5629518032073975,2.6605777740478516,3.0130207538604736,2.03074312210083,1.7265045642852783,1.6570487022399902,1.496872067451477,1.5290448665618896,1.630768060684204,1.7583541870117188,1.8824462890625,2.082979679107666,2.2458384037017822,2.4310803413391113,2.4818389415740967,2.8533289432525635,3.011338949203491,3.3351004123687744
B6,1.6689426898956299,1.3878437280654907,1.2318027019500732,0.9681140780448914,0.9151443243026733,0.6512486338615417,0.7955774068832397,0.9318912625312805,1.1437026262283325,1.3316000699996948,1.6336948871612549,1.6352777481079102,2.0015223026275635,2.007080078125,2.3679797649383545,1.4294817447662354,1.0701067447662354,0.8955993056297302,0.5374616980552673,0.3852345943450928,0.0,0.3762657046318054,0.6457619667053223,0.9747186899185181,1.2566848993301392,1.5780898332595825,1.5754358768463135,1.965187430381775,2.039785861968994,2.404409646987915,1.4887540340423584,1.1103593111038208,0.9897447824478149,0.6438256502151489,0.6501906514167786,0.5229311585426331,0.6165474057197571,0.8043901324272156,1.102137804031372,1.3742351531982422,1.674390435218811,1.6950440406799316,2.0782625675201416,2.1861536502838135,2.5473432540893555,1.6975222826004028,1.3445794582366943,1.2900340557098389,1.030814290046692,1.0970580577850342,1.0421322584152222,1.093859076499939,1.1977930068969727,1.4233076572418213,1.6365047693252563,1.8540256023406982,1.9122899770736694,2.2763547897338867,2.409564733505249,2.7640960216522217,2.006136894226074,1.687522053718567,1.6923922300338745,1.4986588954925537,1.5926626920700073,1.6137709617614746,1.666365146636963,1.728885531425476,1.8863075971603394,2.0076115131378174,2.1664915084838867,2.239354133605957,2.5968241691589355,2.7747013568878174,3.0812270641326904
B7,1.6520086526870728,1.3682531118392944,1.3198331594467163,1.0997552871704102,0.9787728786468506,0.6945432424545288,0.6419839859008789,0.7170569896697998,0.8290904760360718,1.028598666191101,1.2939106225967407,1.2783007621765137,1.6352277994155884,1.6487648487091064,2.0131564140319824,1.3071452379226685,0.9492337703704834,0.9139276146888733,0.596977949142456,0.6758841872215271,0.3762657046318054,0.0,0.3853595554828644,0.6311935782432556,0.9620541334152222,1.244762897491455,1.209581971168518,1.5958303213119507,1.6675021648406982,2.033137559890747,1.3224071264266968,0.9503892660140991,0.9667495489120483,0.6666027307510376,0.8454720377922058,0.6691195964813232,0.5264918804168701,0.6680867671966553,0.8533059358596802,1.147567629814148,1.3941526412963867,1.3796323537826538,1.7478196620941162,1.8449032306671143,2.1986758708953857,1.5224939584732056,1.1896487474441528,1.2444686889648438,1.026734471321106,1.2133533954620361,1.1342631578445435,1.0653679370880127,1.1461890935897827,1.2730873823165894,1.492287039756775,1.642183780670166,1.6658271551132202,2.0043258666992188,2.1188719272613525,2.4562392234802246,1.8469663858413696,1.5571613311767578,1.6399123668670654,1.4889509677886963,1.6679768562316895,1.681986927986145,1.6584352254867554,1.7248966693878174,1.8073441982269287,1.938619613647461,2.036529064178467,2.0714704990386963,2.4055557250976562,2.556539297103882,2.841182231903076
B8,1.96884286403656,1.6599664688110352,1.6424129009246826,1.389874815940857,1.187901258468628,0.8410821557044983,0.7542667388916016,0.6123449206352234,0.7111667990684509,0.7621684074401855,1.0658812522888184,1.1555454730987549,1.5071769952774048,1.6105929613113403,1.9893381595611572,1.6282683610916138,1.2790943384170532,1.2920026779174805,0.9732264280319214,1.0123541355133057,0.6457619667053223,0.3853595554828644,0.0,0.3836062550544739,0.614163875579834,0.9491005539894104,1.0132060050964355,1.4086482524871826,1.5633630752563477,1.9445611238479614,1.6026875972747803,1.249224066734314,1.3143411874771118,1.0095378160476685,1.1470131874084473,0.8680810332298279,0.638965368270874,0.531766951084137,0.6490969061851501,0.845041036605835,1.1069974899291992,1.1697745323181152,1.538726568222046,1.7059297561645508,2.068495512008667,1.7317652702331543,1.407004714012146,1.5136350393295288,1.2671895027160645,1.4526311159133911,1.2782515287399292,1.1280488967895508,1.0781059265136719,1.138448715209961,1.2716094255447388,1.4012314081192017,1.4811060428619385,1.8033738136291504,1.9709253311157227,2.3037917613983154,1.9906727075576782,1.7014000415802002,1.8409655094146729,1.661818265914917,1.8678507804870605,1.807097315788269,1.7185465097427368,1.7066582441329956,1.73589289188385,1.8012207746505737,1.861425757408142,1.9305353164672852,2.2357866764068604,2.4137277603149414,2.6704232692718506
B9,2.0572867393493652,1.7732858657836914,1.8315919637680054,1.6303080320358276,1.421090006828308,1.1149331331253052,0.9045841097831726,0.7144057154655457,0.5955467820167542,0.5936801433563232,0.7885639667510986,0.8664480447769165,1.177734613418579,1.3060165643692017,1.678015112876892,1.6251238584518433,1.322526454925537,1.4311391115188599,1.1800010204315186,1.3060005903244019,0.9747186899185181,0.6311935782432556,0.3836062550544739,0.0,0.3878592550754547,0.6138373017311096,0.6297761797904968,1.02552330493927,1.1898044347763062,1.5728496313095093,1.5348732471466064,1.2325819730758667,1.3999125957489014,1.1645972728729248,1.3813284635543823,1.1176247596740723,0.7946979403495789,0.6585997343063354,0.5298905372619629,0.7164095640182495,0.8526050448417664,0.8539681434631348,1.1942545175552368,1.3508453369140625,1.7031539678573608,1.6210428476333618,1.3465474843978882,1.5451431274414062,1.3557336330413818,1.6152312755584717,1.4438132047653198,1.2114830017089844,1.1510040760040283,1.0824391841888428,1.2131552696228027,1.2356631755828857,1.258196473121643,1.533334732055664,1.672884464263916,1.9800596237182617,1.8660213947296143,1.6241780519485474,1.833390235900879,1.704513430595398,1.9726104736328125,1.9127130508422852,1.7608200311660767,1.7598074674606323,1.7084095478057861,1.7880796194076538,1.7742516994476318,1.7893632650375366,2.056542158126831,2.195326805114746,2.422670364379883
B10,2.4155426025390625,2.114675998687744,2.1730220317840576,1.9427767992019653,1.6956562995910645,1.3625911474227905,1.17910897731781,0.8863769769668579,0.7813319563865662,0.5535672903060913,0.7365583181381226,0.9629674553871155,1.2187085151672363,1.446649193763733,1.8060050010681152,2.0069403648376465,1.7062089443206787,1.8108060359954834,1.5384641885757446,1.619845986366272,1.2566848993301392,0.9620541334152222,0.614163875579834,0.3878592550754547,0.0,0.38766926527023315,0.632184624671936,0.9764230847358704,1.2486616373062134,1.6215771436691284,1.8982332944869995,1.607842206954956,1.7700682878494263,1.5148495435714722,1.6851857900619507,1.3724955320358276,1.0551798343658447,0.7860506772994995,0.5862720012664795,0.5245312452316284,0.6299079060554504,0.7748814821243286,1.0802429914474487,1.333300232887268,1.6783313751220703,1.9277966022491455,1.6630847454071045,1.8690425157546997,1.6534875631332397,1.8869054317474365,1.6544660329818726,1.3886172771453857,1.2204482555389404,1.0878764390945435,1.090651512145996,1.07077956199646,1.1720064878463745,1.4055073261260986,1.6135934591293335,1.9047820568084717,2.101670742034912,1.8634612560272217,2.0992958545684814,1.9426528215408325,2.212568759918213,2.0921664237976074,1.897318720817566,1.8209714889526367,1.722176194190979,1.7232985496520996,1.6654151678085327,1.7225831747055054,1.9437342882156372,2.113740921020508,2.302391529083252
B11,2.5549681186676025,2.2807586193084717,2.393315315246582,2.203463554382324,1.9589028358459473,1.659567952156067,1.4130685329437256,1.1319222450256348,0.903657078742981,0.663214921951294,0.6204066276550293,0.833017110824585,0.9737288951873779,1.2438828945159912,1.567097544670105,2.090257406234741,1.838507890701294,2.005194902420044,1.7829848527908325,1.9185220003128052,1.5780898332595825,1.244762897491455,0.9491005539894104,0.6138373017311096,0.38766926527023315,0.0,0.37206941843032837,0.6214327216148376,0.9442129731178284,1.2951523065567017,1.9377899169921875,1.7065696716308594,1.9338372945785522,1.735202431678772,1.9543836116790771,1.6642873287200928,1.3130912780761719,1.0767625570297241,0.7688917517662048,0.6825716495513916,0.5356747508049011,0.5878795981407166,0.7795302271842957,1.0343997478485107,1.3463618755340576,1.929506778717041,1.726419448852539,1.9938548803329468,1.8322029113769531,2.1112024784088135,1.8948934078216553,1.5888773202896118,1.4341652393341064,1.2091319561004639,1.2047744989395142,1.0550614595413208,1.0780967473983765,1.2137258052825928,1.3827391862869263,1.6226387023925781,2.080388069152832,1.9000238180160522,2.185488224029541,2.078502655029297,2.3886706829071045,2.2770683765411377,2.04002046585083,1.9800167083740234,1.8138599395751953,1.8293044567108154,1.6962889432907104,1.6907801628112793,1.8515598773956299,1.969088077545166,2.1106972694396973
B12,2.3491578102111816,2.113564968109131,2.2624313831329346,2.1259076595306396,1.9161583185195923,1.6632695198059082,1.3686401844024658,1.1672265529632568,0.8606781959533691,0.7716981768608093,0.6304261684417725,0.653591513633728,0.7556818723678589,0.9490970373153687,1.2653294801712036,1.8251066207885742,1.6202120780944824,1.8339087963104248,1.6730749607086182,1.8695296049118042,1.5754358768463135,1.209581971168518,1.0132060050964355,0.6297761797904968,0.632184624671936,0.37206941843032837,0.0,0.39619526267051697,0.616552472114563,0.9924547672271729,1.648703932762146,1.4657299518585205,1.7442009449005127,1.6107977628707886,1.8878604173660278,1.6522046327590942,1.2883018255233765,1.1516106128692627,0.8320066928863525,0.8991580605506897,0.7301055788993835,0.5653483867645264,0.7195949554443359,0.8341888189315796,1.1376503705978394,1.6530652046203613,1.4970752000808716,1.8038842678070068,1.7065892219543457,2.03047776222229,1.8715909719467163,1.568037748336792,1.4982329607009888,1.2713090181350708,1.3655651807785034,1.1998957395553589,1.1065442562103271,1.2294127941131592,1.2922974824905396,1.5158113241195679,1.8463858366012573,1.7091741561889648,2.00779390335083,1.9604721069335938,2.293519973754883,2.2353882789611816,2.0066041946411133,2.0166430473327637,1.8507157564163208,1.940186858177185,1.8074805736541748,1.7296704053878784,1.9004652500152588,1.955377221107483,2.108525514602661
B13,2.5958304405212402,2.387376546859741,2.5756802558898926,2.4676904678344727,2.257749319076538,2.028153657913208,1.7103837728500366,1.5096731185913086,1.1698448657989502,1.0613309144973755,0.7962284088134766,0.780704140663147,0.6660411357879639,0.8884873986244202,1.110373854637146,2.0495457649230957,1.8977994918823242,2.1498513221740723,2.0260965824127197,2.246150016784668,1.965187430381775,1.5958303213119507,1.4086482524871826,1.02552330493927,0.9764230847358704,0.6214327216148376,0.39619526267051697,0.0,0.38009464740753174,0.6824195384979248,1.8445219993591309,1.729237675666809,2.0433571338653564,1.9535497426986694,2.2477915287017822,2.0248053073883057,1.6556016206741333,1.5207215547561646,1.172724962234497,1.1871089935302734,0.9091575145721436,0.6976572871208191,0.609088122844696,0.6482996344566345,0.8486324548721313,1.8091745376586914,1.7249337434768677,2.0666472911834717,2.0128369331359863,2.3545539379119873,2.2036795616149902,1.8811606168746948,1.8084070682525635,1.5300719738006592,1.596300482749939,1.348787546157837,1.201154351234436,1.1945786476135254,1.1889315843582153,1.3156112432479858,1.9636216163635254,1.8927994966506958,2.2235827445983887,2.217618942260742,2.5716166496276855,2.5152082443237305,2.256559133529663,2.269747495651245,2.0533480644226074,2.1410651206970215,1.9496471881866455,1.8241498470306396,1.9215348958969116,1.9168717861175537,2.006049633026123
