,A1,A2,A3,A4,A5,A6,A7,A8,A9,A10,A11,A12,A13,A14,A15,B1,B2,B3,B4,B5,B6,B7,B8,B9,B10,B11,B12,B13,B14,B15,C1,C2,C3,C4,C5,C6,C7,C8,C9,C10,C11,C12,C13,C14,C15,D1,D2,D3,D4,D5,D6,D7,D8,D9,D10,D11,D12,D13,D14,D15,E1,E2,E3,E4,E5,E6,E7,E8,E9,E10,E11,E12,E13,E14,E15
A1,0.0,0.3838249742984772,0.5383191704750061,0.864270806312561,1.1074094772338867,1.329014778137207,1.5478283166885376,1.8236336708068848,1.986966848373413,2.299741744995117,2.3044066429138184,2.1519558429718018,2.292647361755371,2.5990548133850098,2.454655885696411,3.0953800678253174,3.2471086978912354,3.5204310417175293,3.5111279487609863,3.5077033042907715,3.7771527767181396,3.899442195892334,3.8239142894744873,4.103684425354004,4.333730220794678,4.256244659423828,4.257284641265869,4.567691802978516,4.767014503479004,4.752876281738281,5.174292087554932,4.829352378845215,4.710330963134766,4.580183506011963,4.829465389251709,4.831766605377197,4.510906219482422,4.70156192779541,4.847657680511475,5.050966262817383,5.186021327972412,5.314939022064209,5.488930702209473,5.770070552825928,5.938188076019287,5.864555358886719,5.488768577575684,5.358856201171875,5.163827419281006,5.395875930786133,5.422907829284668,5.12024450302124,5.392651557922363,5.594457149505615,5.802183628082275,6.015039920806885,6.235516548156738,6.406031608581543,6.443533897399902,6.755582809448242,6.601032733917236,6.3770856857299805,6.03499698638916,5.717853546142578,5.799607753753662,5.4810380935668945,5.201853275299072,5.154374122619629,5.300671100616455,4.974132061004639,4.976253509521484,5.3386993408203125,5.2897748947143555,5.140437126159668,5.435307025909424
A2,0.3838249742984772,0.0,0.3818792402744293,0.562323808670044,0.8739912509918213,1.1216896772384644,1.2716258764266968,1.5900181531906128,1.750577688217163,2.054659605026245,2.009697675704956,1.8635406494140625,2.0520167350769043,2.32867431640625,2.1810271739959717,2.801699638366699,2.931028127670288,3.2218592166900635,3.2258241176605225,3.1997170448303223,3.461792230606079,3.606461763381958,3.5320005416870117,3.7953646183013916,4.041197776794434,3.9787709712982178,3.9634127616882324,4.263139247894287,4.479917526245117,4.472924709320068,4.895142555236816,4.555980682373047,4.4587721824646,4.332364082336426,4.596786022186279,4.597270488739014,4.289202690124512,4.502060413360596,4.640073776245117,4.8654704093933105,5.011704444885254,5.121886253356934,5.288491249084473,5.585694313049316,5.7549309730529785,5.61830997467041,5.24772834777832,5.117959499359131,4.942013740539551,5.183135032653809,5.197003364562988,4.90356969833374,5.188754081726074,5.3749494552612305,5.598381519317627,5.823207855224609,6.033294677734375,6.189003944396973,6.231844425201416,6.548688888549805,6.322641372680664,6.092196464538574,5.745522499084473,5.435954570770264,5.507063865661621,5.180610179901123,4.911834239959717,4.8657941818237305,5.000829219818115,4.671335697174072,4.691464424133301,5.052192687988281,4.99149227142334,4.857161521911621,5.156692981719971
A3,0.5383191704750061,0.3818792402744293,0.0,0.37841489911079407,0.5780768990516663,0.8499155640602112,1.0743279457092285,1.3479069471359253,1.5666594505310059,1.8385268449783325,1.843746542930603,1.752874732017517,1.9153854846954346,2.211463451385498,2.1220953464508057,2.7026755809783936,2.870335817337036,3.1574857234954834,3.116980791091919,3.0859904289245605,3.3769519329071045,3.50040864944458,3.3912293910980225,3.6653168201446533,3.907712459564209,3.812138080596924,3.7911181449890137,4.110154628753662,4.313657283782959,4.279640197753906,4.771684169769287,4.432999610900879,4.325119972229004,4.223894119262695,4.492744445800781,4.521774768829346,4.221954822540283,4.433233261108398,4.6012492179870605,4.832024097442627,4.953345775604248,5.050106525421143,5.242005825042725,5.533851146697998,5.681058883666992,5.60520076751709,5.232688903808594,5.128572463989258,4.955370903015137,5.2141571044921875,5.247861862182617,4.969365119934082,5.262529373168945,5.460803031921387,5.699558258056641,5.910820484161377,6.10398006439209,6.268703460693359,6.333402633666992,6.640906810760498,6.415026664733887,6.168769836425781,5.825027942657471,5.525490760803223,5.611408710479736,5.277885437011719,5.0214948654174805,5.001206398010254,5.146432399749756,4.826906204223633,4.868683338165283,5.233572959899902,5.179717063903809,5.068120002746582,5.381397247314453
A4,0.864270806312561,0.562323808670044,0.37841489911079407,0.0,0.3528071641921997,0.6532201766967773,0.7727584838867188,1.0948132276535034,1.3161156177520752,1.567643404006958,1.5204105377197266,1.4498239755630493,1.66266930103302,1.9238382577896118,1.8444180488586426,2.3895227909088135,2.5401928424835205,2.8435778617858887,2.8095343112945557,2.7545325756073,3.0420608520507812,3.1844749450683594,3.072070360183716,3.330970525741577,3.588151693344116,3.504328966140747,3.466912031173706,3.777183771133423,3.996131658554077,3.967471122741699,4.4652099609375,4.13271427154541,4.045595645904541,3.9513609409332275,4.235185146331787,4.265958309173584,3.9813904762268066,4.2139387130737305,4.377202033996582,4.629746437072754,4.75838565826416,4.8343377113342285,5.021450996398926,5.327503204345703,5.472677230834961,5.343373775482178,4.9766926765441895,4.877087593078613,4.723642826080322,4.993088722229004,5.017212390899658,4.75150203704834,5.057070732116699,5.241653919219971,5.497236728668213,5.7167067527771,5.896350860595703,6.047966480255127,6.121392726898193,6.430857181549072,6.138819217681885,5.884155750274658,5.537633419036865,5.247942924499512,5.326900005340576,4.985758304595947,4.74251651763916,4.729525566101074,4.8665266036987305,4.548366546630859,4.61155891418457,4.974279403686523,4.912475109100342,4.820868015289307,5.140779495239258
A5,1.1074094772338867,0.8739912509918213,0.5780768990516663,0.3528071641921997,0.0,0.3707021474838257,0.5736064910888672,0.8200573325157166,1.1038825511932373,1.3131279945373535,1.3267375230789185,1.317344307899475,1.4913476705551147,1.7667587995529175,1.7515519857406616,2.245041608810425,2.436127185821533,2.7273831367492676,2.64862060546875,2.594806432723999,2.9081921577453613,3.024122476577759,2.8810665607452393,3.152273416519165,3.40059232711792,3.285694122314453,3.248392105102539,3.5762412548065186,3.77850079536438,3.7274105548858643,4.279814720153809,3.9480786323547363,3.849254846572876,3.7777481079101562,4.063197135925293,4.120068073272705,3.844550609588623,4.073897361755371,4.264176845550537,4.5202741622924805,4.625282287597656,4.68815803527832,4.897636890411377,5.197438716888428,5.321986675262451,5.25090217590332,4.883785724639893,4.809091567993164,4.6582350730896,4.942720413208008,4.986374378204346,4.736469268798828,5.047473907470703,5.243427753448486,5.512067794799805,5.716819763183594,5.879408359527588,6.039700508117676,6.134037971496582,6.432892322540283,6.148708820343018,5.880346775054932,5.539117336273193,5.259675979614258,5.355180263519287,5.010401248931885,4.779246807098389,4.792801380157471,4.942347526550293,4.637941837310791,4.719549179077148,5.084909439086914,5.0345916748046875,4.9649882316589355,5.297816276550293
A6,1.329014778137207,1.1216896772384644,0.8499155640602112,0.6532201766967773,0.3707021474838257,0.0,0.36883917450904846,0.5078204274177551,0.7721268534660339,1.0043751001358032,1.0875447988510132,1.0613963603973389,1.1687663793563843,1.4736555814743042,1.4848963022232056,1.9781283140182495,2.2067272663116455,2.4691920280456543,2.366952896118164,2.3462917804718018,2.6687135696411133,2.750511884689331,2.609881639480591,2.904062271118164,3.1273632049560547,3.001124858856201,2.992846965789795,3.3285415172576904,3.507350444793701,3.4612185955047607,3.987738609313965,3.650080919265747,3.531385898590088,3.4584898948669434,3.7345027923583984,3.798783540725708,3.5196821689605713,3.7388200759887695,3.942964792251587,4.193393707275391,4.2852959632873535,4.348858833312988,4.569194793701172,4.861359119415283,4.978293418884277,4.956775665283203,4.58672571182251,4.524852275848389,4.3667497634887695,4.656411170959473,4.717733383178711,4.475185871124268,4.7851667404174805,4.994912147521973,5.267472267150879,5.457086086273193,5.610606670379639,5.782280445098877,5.890028953552246,6.178945541381836,5.937420845031738,5.6636576652526855,5.329963684082031,5.052685260772705,5.169483661651611,4.8285369873046875,4.598865985870361,4.634827613830566,4.805838108062744,4.517978191375732,4.603466510772705,4.973267555236816,4.946586608886719,4.88978910446167,5.235611915588379
A7,1.5478283166885376,1.2716258764266968,1.0743279457092285,0.7727584838867188,0.5736064910888672,0.36883917450904846,0.0,0.377225786447525,0.581302285194397,0.8007965683937073,0.7722741961479187,0.7504259347915649,0.9501822590827942,1.197847604751587,1.2064517736434937,1.6717240810394287,1.8727823495864868,2.1566834449768066,2.076073408126831,2.030787467956543,2.3428568840026855,2.4530086517333984,2.322031021118164,2.598874568939209,2.8403260707855225,2.7406463623046875,2.7184574604034424,3.038501501083374,3.239579677581787,3.2120823860168457,3.714858293533325,3.3820533752441406,3.2898030281066895,3.214346408843994,3.5061404705047607,3.56187105178833,3.2964138984680176,3.5402333736419678,3.728581190109253,4.001081943511963,4.109684467315674,4.155256748199463,4.361400127410889,4.670752048492432,4.79339599609375,4.694220542907715,4.330438137054443,4.265304088592529,4.127293586730957,4.4229512214660645,4.468394756317139,4.23523473739624,4.55568265914917,4.747729301452637,5.033178329467773,5.234719753265381,5.379055976867676,5.534686088562012,5.645188808441162,5.938472747802734,5.631276607513428,5.3531880378723145,5.0159077644348145,4.7457275390625,4.852574348449707,4.505903244018555,4.286348819732666,4.324561595916748,4.486146926879883,4.198907852172852,4.300765037536621,4.666947841644287,4.632843494415283,4.591553688049316,4.940653324127197
A8,1.8236336708068848,1.5900181531906128,1.3479069471359253,1.0948132276535034,0.8200573325157166,0.5078204274177551,0.377225786447525,0.0,0.38277408480644226,0.5006728172302246,0.6457692980766296,0.720855712890625,0.7914509177207947,1.0573735237121582,1.169110655784607,1.5416032075881958,1.8034504652023315,2.050572156906128,1.9081952571868896,1.88275945186615,2.222658395767212,2.2843282222747803,2.1212034225463867,2.4209835529327393,2.6380293369293213,2.4987094402313232,2.491650342941284,2.8330698013305664,3.0037636756896973,2.954617977142334,3.5013039112091064,3.167741060256958,3.053680896759033,3.0020222663879395,3.2894186973571777,3.3751707077026367,3.1188530921936035,3.352433443069458,3.572925329208374,3.843696117401123,3.9224917888641357,3.955927610397339,4.187986373901367,4.486026763916016,4.585062503814697,4.56564998626709,4.202051162719727,4.166364669799805,4.027865409851074,4.3369903564453125,4.407958984375,4.193539619445801,4.514983654022217,4.722108364105225,5.01751184463501,5.198179721832275,5.323710918426514,5.491549968719482,5.624624729156494,5.903041362762451,5.625091075897217,5.334903240203857,5.007679462432861,4.748972415924072,4.878249645233154,4.533318996429443,4.326391696929932,4.395349979400635,4.574502468109131,4.307978630065918,4.423946857452393,4.790302276611328,4.774877071380615,4.754782676696777,5.11499547958374
A9,1.986966848373413,1.750577688217163,1.5666594505310059,1.3161156177520752,1.1038825511932373,0.7721268534660339,0.581302285194397,0.38277408480644226,0.0,0.389376163482666,0.5360544919967651,0.4495553970336914,0.415427029132843,0.7266084551811218,0.8208972811698914,1.2511889934539795,1.5291712284088135,1.745105266571045,1.6189792156219482,1.646352767944336,1.9681169986724854,2.009701728820801,1.891096591949463,2.2099173069000244,2.400301933288574,2.2870280742645264,2.324150323867798,2.6512067317962646,2.809053421020508,2.798856496810913,3.2360777854919434,2.892788887023926,2.767279624938965,2.686696767807007,2.9640462398529053,3.031566858291626,2.7621707916259766,2.993065357208252,3.204240083694458,3.471759796142578,3.5599677562713623,3.60213303565979,3.8251264095306396,4.1247148513793945,4.235034942626953,4.2090744972229,3.8415355682373047,3.7998456954956055,3.653196096420288,3.959275960922241,4.033804893493652,3.8175792694091797,4.13694953918457,4.349394798278809,4.643292427062988,4.819360256195068,4.945037841796875,5.117222309112549,5.251669883728027,5.527369499206543,5.28428840637207,4.9971418380737305,4.674314975738525,4.410816669464111,4.553414821624756,4.215350151062012,4.002209663391113,4.08078145980835,4.2771501541137695,4.022767543792725,4.132608890533447,4.501365661621094,4.5072712898254395,4.4905171394348145,4.857572555541992
A10,2.299741744995117,2.054659605026245,1.8385268449783325,1.567643404006958,1.3131279945373535,1.0043751001358032,0.8007965683937073,0.5006728172302246,0.389376163482666,0.0,0.3993924856185913,0.591435432434082,0.5453605055809021,0.6955239772796631,0.946232795715332,1.1261014938354492,1.432938814163208,1.6424109935760498,1.4509773254394531,1.4368971586227417,1.7914247512817383,1.818315029144287,1.6385358572006226,1.952128529548645,2.151451826095581,2.001823902130127,2.011165142059326,2.356128215789795,2.511713981628418,2.4700255393981934,3.0087597370147705,2.677128553390503,2.564082384109497,2.5298304557800293,2.8258442878723145,2.9311156272888184,2.698500633239746,2.9444665908813477,3.179234266281128,3.4677751064300537,3.5337915420532227,3.5377519130706787,3.779198408126831,4.081546783447266,4.164164066314697,4.148623466491699,3.792280435562134,3.7831003665924072,3.663187265396118,3.989039421081543,4.071025848388672,3.8862764835357666,4.215409755706787,4.420431137084961,4.735340118408203,4.904238224029541,5.0017852783203125,5.1667704582214355,5.324310302734375,5.590138912200928,5.289917469024658,4.985714912414551,4.668056011199951,4.428046226501465,4.573056697845459,4.228734493255615,4.044308662414551,4.147994518280029,4.338553428649902,4.098740100860596,4.240612983703613,4.600912570953369,4.602416515350342,4.617397785186768,4.989528656005859
A11,2.3044066429138184,2.009697675704956,1.843746542930603,1.5204105377197266,1.3267375230789185,1.0875447988510132,0.7722741961479187,0.6457692980766296,0.5360544919967651,0.3993924856185913,0.0,0.4024192690849304,0.6122362017631531,0.6154391765594482,0.8087987303733826,0.9717653393745422,1.1978179216384888,1.4769994020462036,1.3550124168395996,1.2736445665359497,1.6054452657699585,1.7125420570373535,1.558510422706604,1.8280723094940186,2.077367067337036,1.986478328704834,1.9552983045578003,2.2679107189178467,2.476871967315674,2.465146064758301,2.967247247695923,2.6444668769836426,2.5819690227508545,2.5338215827941895,2.8518991470336914,2.929453134536743,2.7096455097198486,2.98905348777771,3.1849169731140137,3.4972596168518066,3.5989465713500977,3.5911312103271484,3.8005454540252686,4.126927852630615,4.229119777679443,4.079715251922607,3.731008291244507,3.7000317573547363,3.6038565635681152,3.9272549152374268,3.9751837253570557,3.788884401321411,4.128127098083496,4.304009914398193,4.625734806060791,4.820602893829346,4.920907020568848,5.0608673095703125,5.2064056396484375,5.486446380615234,5.093664646148682,4.791431427001953,4.4622697830200195,4.223453521728516,4.341542720794678,3.987860918045044,3.8080101013183594,3.8942711353302,4.061061859130859,3.8075144290924072,3.960378646850586,4.316032886505127,4.294804096221924,4.313575744628906,4.680904865264893
A12,2.1519558429718018,1.8635406494140625,1.752874732017517,1.4498239755630493,1.317344307899475,1.0613963603973389,0.7504259347915649,0.720855712890625,0.4495553970336914,0.591435432434082,0.4024192690849304,0.0,0.39588454365730286,0.485534131526947,0.4909640848636627,0.9507665038108826,1.1568065881729126,1.4177591800689697,1.3673127889633179,1.3645646572113037,1.648800253868103,1.7515004873275757,1.680338740348816,1.965781569480896,2.184499740600586,2.136896848678589,2.1594057083129883,2.447554588317871,2.644862174987793,2.6793668270111084,3.0328547954559326,2.695402145385742,2.6142678260803223,2.5109822750091553,2.806718587875366,2.8420963287353516,2.584665536880493,2.850647211074829,3.020308017730713,3.3140547275543213,3.440115213394165,3.4680376052856445,3.6564149856567383,3.981548309326172,4.112814426422119,3.949970245361328,3.5896337032318115,3.5272915363311768,3.4044480323791504,3.7096002101898193,3.7522408962249756,3.5380687713623047,3.86869740486145,4.053011417388916,4.356747150421143,4.5560431480407715,4.680113792419434,4.828064918518066,4.954763889312744,5.242100238800049,4.915980815887451,4.629963397979736,4.298527717590332,4.036313533782959,4.159860610961914,3.815117597579956,3.606165885925293,3.6758615970611572,3.857797861099243,3.597794771194458,3.7193169593811035,4.084490776062012,4.0791449546813965,4.07200813293457,4.4394378662109375
A13,2.292647361755371,2.0520167350769043,1.9153854846954346,1.66266930103302,1.4913476705551147,1.1687663793563843,0.9501822590827942,0.7914509177207947,0.415427029132843,0.5453605055809021,0.6122362017631531,0.39588454365730286,0.0,0.3809949457645416,0.4866754710674286,0.924619734287262,1.220885157585144,1.3877025842666626,1.2774757146835327,1.3677080869674683,1.6609331369400024,1.6762568950653076,1.6104334592819214,1.9424713850021362,2.1005241870880127,2.020366907119751,2.1035518646240234,2.4073779582977295,2.5509626865386963,2.584552764892578,2.9010696411132812,2.5510551929473877,2.4195470809936523,2.311048746109009,2.581688404083252,2.6320152282714844,2.3563601970672607,2.5922186374664307,2.7935478687286377,3.066153049468994,3.1645307540893555,3.205767869949341,3.4188015460968018,3.7241530418395996,3.8432435989379883,3.797405481338501,3.428377866744995,3.385830879211426,3.238530397415161,3.5467135906219482,3.624549150466919,3.414818048477173,3.7358877658843994,3.9501161575317383,4.2492170333862305,4.420258522033691,4.538330554962158,4.711404323577881,4.853061676025391,5.124203681945801,4.898479461669922,4.610550880432129,4.293623924255371,4.0309739112854,4.188268184661865,3.8565313816070557,3.644437313079834,3.740586042404175,3.9541354179382324,3.718445062637329,3.8305294513702393,4.19831657409668,4.226850509643555,4.223567008972168,4.598597049713135
A14,2.5990548133850098,2.32867431640625,2.211463451385498,1.9238382577896118,1.7667587995529175,1.4736555814743042,1.197847604751587,1.0573735237121582,0.7266084551811218,0.6955239772796631,0.6154391765594482,0.485534131526947,0.3809949457645416,0.0,0.37692075967788696,0.5453724265098572,0.8481764793395996,1.0216940641403198,0.9212355613708496,0.9975294470787048,1.2814702987670898,1.3178045749664307,1.2693437337875366,1.5864624977111816,1.758015513420105,1.714128017425537,1.7901064157485962,2.0706050395965576,2.2344563007354736,2.2956156730651855,2.575294256210327,2.231085777282715,2.134617328643799,2.0292534828186035,2.3245153427124023,2.372102975845337,2.125345468521118,2.3973941802978516,2.5838730335235596,2.8889944553375244,3.000706672668457,3.0085537433624268,3.2081472873687744,3.53351092338562,3.651515007019043,3.5193614959716797,3.1601526737213135,3.124805212020874,3.0093350410461426,3.330726385116577,3.3943891525268555,3.207829475402832,3.5425562858581543,3.735302209854126,4.054919242858887,4.234212398529053,4.331973552703857,4.4861907958984375,4.639257907867432,4.910254955291748,4.604307651519775,4.305819988250732,3.98787260055542,3.7403485774993896,3.892357110977173,3.5539262294769287,3.3625547885894775,3.4748475551605225,3.681387424468994,3.457261562347412,3.5968430042266846,3.956474781036377,3.982215404510498,4.007755279541016,4.387433052062988
A15,2.454655885696411,2.1810271739959717,2.1220953464508057,1.8444180488586426,1.7515519857406616,1.4848963022232056,1.2064517736434937,1.169110655784607,0.8208972811698914,0.946232795715332,0.8087987303733826,0.4909640848636627,0.4866754710674286,0.37692075967788696,0.0,0.728566586971283,0.9062328338623047,1.0901284217834473,1.1145459413528442,1.2119109630584717,1.4222540855407715,1.4976147413253784,1.528165340423584,1.818164348602295,1.9856228828430176,1.9964865446090698,2.084115505218506,2.329350709915161,2.5048224925994873,2.6018588542938232,2.763183116912842,2.41856050491333,2.328955888748169,2.172515630722046,2.4476845264434814,2.4422006607055664,2.1660232543945312,2.4313583374023438,2.5720374584198,2.862783908843994,3.012476921081543,3.0536270141601562,3.21810245513916,3.5482635498046875,3.7013888359069824,3.5048155784606934,3.1395761966705322,3.061190605163574,2.927863836288452,3.2263340950012207,3.2682061195373535,3.049206495285034,3.3783717155456543,3.5668625831604004,3.868988275527954,4.0654449462890625,4.191186904907227,4.342605113983154,4.469013214111328,4.7546772956848145,4.4737725257873535,4.193702220916748,3.8677401542663574,3.5965495109558105,3.738588571548462,3.404716730117798,3.1845319271087646,3.267238140106201,3.4753007888793945,3.23449969291687,3.3453152179718018,3.713070869445801,3.7405240535736084,3.738203287124634,4.114206790924072
B1,3.0953800678253174,2.801699638366699,2.7026755809783936,2.3895227909088135,2.245041608810425,1.9781283140182495,1.6717240810394287,1.5416032075881958,1.2511889934539795,1.1261014938354492,0.9717653393745422,0.9507665038108826,0.924619734287262,0.5453724265098572,0.728566586971283,0.0,0.38284555077552795,0.5181475281715393,0.43357405066490173,0.49128666520118713,0.7373102307319641,0.8053363561630249,0.8113406896591187,1.0897819995880127,1.2725368738174438,1.3049200773239136,1.3778735399246216,1.6030064821243286,1.7926409244537354,1.907557487487793,2.100590229034424,1.770272970199585,1.7358977794647217,1.6397746801376343,1.9686012268066406,2.0138590335845947,1.8270353078842163,2.147749423980713,2.3092780113220215,2.6578149795532227,2.782827138900757,2.736231565475464,2.9143526554107666,3.263824224472046,3.3752198219299316,3.121579170227051,2.7826812267303467,2.765718460083008,2.7037620544433594,3.0427703857421875,3.088688373565674,2.946382522583008,3.2958946228027344,3.4559268951416016,3.804335594177246,3.989079713821411,4.051140785217285,4.177860736846924,4.351472854614258,4.616596698760986,4.199280261993408,3.8839197158813477,3.5694661140441895,3.350806713104248,3.499190092086792,3.1549124717712402,3.002317190170288,3.1469335556030273,3.3448760509490967,3.1487412452697754,3.331122398376465,3.672478437423706,3.699697971343994,3.7732365131378174,4.157153606414795
B2,3.2471086978912354,2.931028127670288,2.870335817337036,2.5401928424835205,2.436127185821533,2.2067272663116455,1.8727823495864868,1.8034504652023315,1.5291712284088135,1.432938814163208,1.1978179216384888,1.1568065881729126,1.220885157585144,0.8481764793395996,0.9062328338623047,0.38284555077552795,0.0,0.3795537054538727,0.5584002733230591,0.49921977519989014,0.5627339482307434,0.7872638702392578,0.8905694484710693,1.0498679876327515,1.2692701816558838,1.4019278287887573,1.4359755516052246,1.5826430320739746,1.821132779121399,1.9822970628738403,2.069772720336914,1.7665375471115112,1.8024044036865234,1.6865284442901611,2.0206081867218018,2.0224640369415283,1.866040587425232,2.2128286361694336,2.315345287322998,2.682295083999634,2.8460540771484375,2.785200595855713,2.9174249172210693,3.2872121334075928,3.419116497039795,3.005479335784912,2.683035373687744,2.6404659748077393,2.613619089126587,2.9444572925567627,2.9486489295959473,2.8129987716674805,3.17043137550354,3.2924764156341553,3.648977041244507,3.8595290184020996,3.9192702770233154,4.015435218811035,4.178170680999756,4.455317497253418,3.9339683055877686,3.6194896697998047,3.293949842453003,3.0798583030700684,3.2011687755584717,2.8467793464660645,2.7045609951019287,2.839242935180664,3.0152056217193604,2.8140053749084473,3.015573501586914,3.3487672805786133,3.3598148822784424,3.4483258724212646,3.8298404216766357
B3,3.5204310417175293,3.2218592166900635,3.1574857234954834,2.8435778617858887,2.7273831367492676,2.4691920280456543,2.1566834449768066,2.050572156906128,1.745105266571045,1.6424109935760498,1.4769994020462036,1.4177591800689697,1.3877025842666626,1.0216940641403198,1.0901284217834473,0.5181475281715393,0.3795537054538727,0.0,0.38446399569511414,0.5320478081703186,0.44898608326911926,0.5273967385292053,0.7699788808822632,0.9356733560562134,1.0487827062606812,1.2245075702667236,1.3442140817642212,1.4509974718093872,1.633377194404602,1.8421803712844849,1.7627288103103638,1.4483544826507568,1.4697719812393188,1.3233944177627563,1.649929404258728,1.6433525085449219,1.4975855350494385,1.8513290882110596,1.9541029930114746,2.3287010192871094,2.4868953227996826,2.412893772125244,2.5453827381134033,2.9156494140625,3.0435729026794434,2.6507153511047363,2.325019121170044,2.302819013595581,2.278543710708618,2.6206560134887695,2.6456446647644043,2.533473014831543,2.88957142829895,3.0226619243621826,3.387446403503418,3.5769035816192627,3.6171207427978516,3.7229740619659424,3.9063234329223633,4.168014049530029,3.697624683380127,3.3763604164123535,3.066419839859009,2.860996723175049,3.016771078109741,2.676875591278076,2.545037269592285,2.71952486038208,2.9261481761932373,2.7649664878845215,2.966888666152954,3.2922210693359375,3.3410890102386475,3.4478142261505127,3.8340647220611572
B4,3.5111279487609863,3.2258241176605225,3.116980791091919,2.8095343112945557,2.64862060546875,2.366952896118164,2.076073408126831,1.9081952571868896,1.6189792156219482,1.4509773254394531,1.3550124168395996,1.3673127889633179,1.2774757146835327,0.9212355613708496,1.1145459413528442,0.43357405066490173,0.5584002733230591,0.38446399569511414,0.0,0.3724818527698517,0.5094981789588928,0.3996090590953827,0.4856743812561035,0.7786301970481873,0.8753719925880432,0.9412449598312378,1.0860077142715454,1.2723219394683838,1.4188206195831299,1.5773075819015503,1.6712849140167236,1.3375025987625122,1.309949278831482,1.2320938110351562,1.5766608715057373,1.6494345664978027,1.5136890411376953,1.84871244430542,2.0248641967773438,2.3909482955932617,2.4942665100097656,2.4048640727996826,2.5925803184509277,2.9426193237304688,3.030428171157837,2.79075026512146,2.464733600616455,2.490732431411743,2.4562506675720215,2.812026023864746,2.876835346221924,2.7806146144866943,3.1290314197540283,3.2868270874023438,3.651473045349121,3.813685178756714,3.8392958641052246,3.9646759033203125,4.1681342124938965,4.412164211273193,3.9903078079223633,3.6605119705200195,3.365469217300415,3.175356864929199,3.347775936126709,3.0149574279785156,2.896165370941162,3.0857889652252197,3.2973132133483887,3.1448230743408203,3.3482866287231445,3.6718859672546387,3.7232449054718018,3.832240343093872,4.218502998352051
B5,3.5077033042907715,3.1997170448303223,3.0859904289245605,2.7545325756073,2.594806432723999,2.3462917804718018,2.030787467956543,1.88275945186615,1.646352767944336,1.4368971586227417,1.2736445665359497,1.3645646572113037,1.3677080869674683,0.9975294470787048,1.2119109630584717,0.49128666520118713,0.49921977519989014,0.5320478081703186,0.3724818527698517,0.0,0.3776824176311493,0.5021123290061951,0.42314255237579346,0.6169024705886841,0.870151937007904,0.9402251839637756,0.9452985525131226,1.1363623142242432,1.3711153268814087,1.4973316192626953,1.7587370872497559,1.4633727073669434,1.5105552673339844,1.4898512363433838,1.851757287979126,1.93563711643219,1.8413130044937134,2.1875150203704834,2.3476271629333496,2.725224733352661,2.8338143825531006,2.7223002910614014,2.8985745906829834,3.255866050720215,3.335850238800049,3.014944314956665,2.7103841304779053,2.735030174255371,2.734816312789917,3.089038610458374,3.126180410385132,3.0390851497650146,3.394162654876709,3.5226657390594482,3.8952839374542236,4.076646327972412,4.096704483032227,4.197141170501709,4.395770072937012,4.647658348083496,4.109015941619873,3.773164987564087,3.468493700027466,3.294297695159912,3.4321935176849365,3.0839428901672363,2.9866182804107666,3.1617722511291504,3.3365225791931152,3.1682257652282715,3.3977744579315186,3.713050365447998,3.728140354156494,3.8497655391693115,4.229956150054932
B6,3.7771527767181396,3.461792230606079,3.3769519329071045,3.0420608520507812,2.9081921577453613,2.6687135696411133,2.3428568840026855,2.222658395767212,1.9681169986724854,1.7914247512817383,1.6054452657699585,1.648800253868103,1.6609331369400024,1.2814702987670898,1.4222540855407715,0.7373102307319641,0.5627339482307434,0.44898608326911926,0.5094981789588928,0.3776824176311493,0.0,0.3814176321029663,0.545764684677124,0.5501524806022644,0.7608193755149841,0.9814968705177307,1.0083106756210327,1.0677286386489868,1.3140400648117065,1.5223382711410522,1.5587799549102783,1.2884310483932495,1.4030656814575195,1.3525446653366089,1.7102243900299072,1.7533501386642456,1.7005877494812012,2.0659468173980713,2.175309419631958,2.5682213306427,2.7035880088806152,2.5716071128845215,2.707550048828125,3.0796236991882324,3.173060417175293,2.7244319915771484,2.437560558319092,2.4556522369384766,2.4916470050811768,2.8423571586608887,2.85553240776062,2.791806697845459,3.1490976810455322,3.2494711875915527,3.631843328475952,3.8213372230529785,3.826418161392212,3.904860734939575,4.106321334838867,4.357753753662109,3.7549445629119873,3.4152672290802,3.111910820007324,2.9516382217407227,3.0845487117767334,2.737478494644165,2.6614043712615967,2.852177381515503,3.022597074508667,2.8765060901641846,3.123748779296875,3.4237418174743652,3.446072816848755,3.5924742221832275,3.970996141433716
B7,3.899442195892334,3.606461763381958,3.50040864944458,3.1844749450683594,3.024122476577759,2.750511884689331,2.4530086517333984,2.2843282222747803,2.009701728820801,1.818315029144287,1.7125420570373535,1.7515004873275757,1.6762568950653076,1.3178045749664307,1.4976147413253784,0.8053363561630249,0.7872638702392578,0.5273967385292053,0.3996090590953827,0.5021123290061951,0.3814176321029663,0.0,0.382334440946579,0.5089690685272217,0.5268314480781555,0.7230121493339539,0.885621964931488,0.9685299396514893,1.1109585762023926,1.3354579210281372,1.3054393529891968,0.9928902983665466,1.0481820106506348,1.009274959564209,1.3740745782852173,1.4605071544647217,1.416013479232788,1.7692803144454956,1.9249978065490723,2.3119866847991943,2.409825563430786,2.2662577629089355,2.4381587505340576,2.7956430912017822,2.865163803100586,2.549264907836914,2.2531421184539795,2.312936782836914,2.33172345161438,2.6953442096710205,2.7531723976135254,2.7073137760162354,3.0551598072052,3.1865086555480957,3.5681490898132324,3.7234981060028076,3.7126717567443848,3.817193031311035,4.041851043701172,4.271794319152832,3.7744908332824707,3.4307336807250977,3.149549961090088,2.995539903640747,3.16957688331604,2.8429648876190186,2.7683167457580566,2.9898948669433594,3.1931889057159424,3.076139450073242,3.309330940246582,3.6085777282714844,3.665193557739258,3.8123905658721924,4.194796085357666
B8,3.8239142894744873,3.5320005416870117,3.3912293910980225,3.072070360183716,2.8810665607452393,2.609881639480591,2.322031021118164,2.1212034225463867,1.891096591949463,1.6385358572006226,1.558510422706604,1.680338740348816,1.6104334592819214,1.2693437337875366,1.528165340423584,0.8113406896591187,0.8905694484710693,0.7699788808822632,0.4856743812561035,0.42314255237579346,0.545764684677124,0.382334440946579,0.0,0.3779657483100891,0.5197814106941223,0.5189026594161987,0.6005300879478455,0.8169997334480286,0.9835145473480225,1.1112037897109985,1.4256794452667236,1.1326857805252075,1.1708033084869385,1.2287765741348267,1.5941516160964966,1.7422280311584473,1.7038164138793945,2.0346693992614746,2.2351553440093994,2.610598087310791,2.672419548034668,2.5215845108032227,2.729525566101074,3.069721221923828,3.108147382736206,2.8830313682556152,2.5944488048553467,2.6752731800079346,2.690178155899048,3.056652784347534,3.126861572265625,3.080920457839966,3.4267187118530273,3.5654871463775635,3.9456732273101807,4.095256328582764,4.081914901733398,4.191349029541016,4.420432090759277,4.646169662475586,4.138431072235107,3.790532350540161,3.511115789413452,3.36610746383667,3.530630350112915,3.1988773345947266,3.1309428215026855,3.3440756797790527,3.532813787460327,3.4017746448516846,3.6415445804595947,3.9428842067718506,3.9796805381774902,4.124341011047363,4.505100727081299
B9,4.103684425354004,3.7953646183013916,3.6653168201446533,3.330970525741577,3.152273416519165,2.904062271118164,2.598874568939209,2.4209835529327393,2.2099173069000244,1.952128529548645,1.8280723094940186,1.965781569480896,1.9424713850021362,1.5864624977111816,1.818164348602295,1.0897819995880127,1.0498679876327515,0.9356733560562134,0.7786301970481873,0.6169024705886841,0.5501524806022644,0.5089690685272217,0.3779657483100891,0.0,0.38155484199523926,0.547341525554657,0.4828491806983948,0.5332051515579224,0.8034498691558838,0.9831459522247314,1.2745311260223389,1.0506566762924194,1.2075474262237549,1.304312825202942,1.6674646139144897,1.8071174621582031,1.8380060195922852,2.181187868118286,2.343970537185669,2.733630895614624,2.8059661388397217,2.617501974105835,2.7954225540161133,3.144104480743408,3.1753382682800293,2.830296516418457,2.577589511871338,2.6692142486572266,2.735806941986084,3.0992937088012695,3.1435904502868652,3.130950689315796,3.4778668880462646,3.5802695751190186,3.9723823070526123,4.130953788757324,4.094237804412842,4.1732587814331055,4.408774375915527,4.63112735748291,4.00698709487915,3.6504080295562744,3.3758721351623535,3.263335704803467,3.4066226482391357,3.0739309787750244,3.046139717102051,3.268778085708618,3.4309399127960205,3.3166494369506836,3.5865824222564697,3.865034341812134,3.8872294425964355,4.062901020050049,4.435647010803223
B10,4.333730220794678,4.041197776794434,3.907712459564209,3.588151693344116,3.40059232711792,3.1273632049560547,2.8403260707855225,2.6380293369293213,2.400301933288574,2.151451826095581,2.077367067337036,2.184499740600586,2.1005241870880127,1.758015513420105,1.9856228828430176,1.2725368738174438,1.2692701816558838,1.0487827062606812,0.8753719925880432,0.870151937007904,0.7608193755149841,0.5268314480781555,0.5197814106941223,0.38155484199523926,0.0,0.3843308091163635,0.554427444934845,0.5126100182533264,0.5919592380523682,0.8646607995033264,0.9253166317939758,0.6789756417274475,0.8383036851882935,0.9762992262840271,1.3271589279174805,1.4994672536849976,1.5759873390197754,1.9004347324371338,2.079397678375244,2.461186408996582,2.5054845809936523,2.2925093173980713,2.484051465988159,2.8196303844451904,2.829130172729492,2.5558278560638428,2.3109943866729736,2.4421799182891846,2.5126078128814697,2.879960060119629,2.9534525871276855,2.970128059387207,3.3043277263641357,3.4198379516601562,3.8119866847991943,3.941434860229492,3.8822264671325684,3.973961591720581,4.2310872077941895,4.431407928466797,3.8785295486450195,3.5188000202178955,3.26833438873291,3.1697442531585693,3.3467583656311035,3.0365278720855713,3.0195398330688477,3.273470163345337,3.461747646331787,3.3825201988220215,3.6448974609375,3.915264129638672,3.971107244491577,4.155900478363037,4.530271530151367
B11,4.256244659423828,3.9787709712982178,3.812138080596924,3.504328966140747,3.285694122314453,3.001124858856201,2.7406463623046875,2.4987094402313232,2.2870280742645264,2.001823902130127,1.986478328704834,2.136896848678589,2.020366907119751,1.714128017425537,1.9964865446090698,1.3049200773239136,1.4019278287887573,1.2245075702667236,0.9412449598312378,0.9402251839637756,0.9814968705177307,0.7230121493339539,0.5189026594161987,0.547341525554657,0.3843308091163635,0.0,0.3821867108345032,0.5645428895950317,0.538967490196228,0.6559845805168152,1.1056245565414429,0.8625931143760681,0.900820255279541,1.1059662103652954,1.4382749795913696,1.6704635620117188,1.7204277515411377,2.0112452507019043,2.249305486679077,2.609257221221924,2.609604597091675,2.4053258895874023,2.6458804607391357,2.9553284645080566,2.934468984603882,2.825761556625366,2.5720925331115723,2.721421957015991,2.761540651321411,3.1321516036987305,3.2353999614715576,3.2415976524353027,3.5703933238983154,3.7130560874938965,4.097823619842529,4.210698127746582,4.155358791351318,4.26929235458374,4.531886577606201,4.7244086265563965,4.238735675811768,3.880345344543457,3.634882688522339,3.530303478240967,3.717097520828247,3.4081308841705322,3.3786165714263916,3.6282057762145996,3.8237788677215576,3.733233690261841,3.985609292984009,4.2669572830200195,4.321810245513916,4.4930033683776855,4.87078332901001
B12,4.257284641265869,3.9634127616882324,3.7911181449890137,3.466912031173706,3.248392105102539,2.992846965789795,2.7184574604034424,2.491650342941284,2.324150323867798,2.011165142059326,1.9552983045578003,2.1594057083129883,2.1035518646240234,1.7901064157485962,2.084115505218506,1.3778735399246216,1.4359755516052246,1.3442140817642212,1.0860077142715454,0.9452985525131226,1.0083106756210327,0.885621964931488,0.6005300879478455,0.4828491806983948,0.554427444934845,0.3821867108345032,0.0,0.3875521421432495,0.5635061264038086,0.5691106915473938,1.314799427986145,1.1367117166519165,1.2504786252975464,1.4566371440887451,1.7945979833602905,2.010368824005127,2.0674948692321777,2.373460292816162,2.5910582542419434,2.961479425430298,2.976898193359375,2.767031669616699,2.9911868572235107,3.308830738067627,3.2895379066467285,3.09717059135437,2.8589861392974854,2.996023178100586,3.0587666034698486,3.4275119304656982,3.5040810108184814,3.5093095302581787,3.8466637134552,3.966043710708618,4.35714054107666,4.490235805511475,4.435467720031738,4.52800989151001,4.782982349395752,4.985566139221191,4.395784854888916,4.0335259437561035,3.777956962585449,3.6846213340759277,3.839364528656006,3.5165305137634277,3.5024476051330566,3.7366225719451904,3.9003493785858154,3.794459104537964,4.066869258880615,4.3419413566589355,4.364554405212402,4.544521331787109,4.916257381439209
B13,4.567691802978516,4.263139247894287,4.110154628753662,3.777183771133423,3.5762412548065186,3.3285415172576904,3.038501501083374,2.8330698013305664,2.6512067317962646,2.356128215789795,2.2679107189178467,2.447554588317871,2.4073779582977295,2.0706050395965576,2.329350709915161,1.6030064821243286,1.5826430320739746,1.4509974718093872,1.2723219394683838,1.1363623142242432,1.0677286386489868,0.9685299396514893,0.8169997334480286,0.5332051515579224,0.5126100182533264,0.5645428895950317,0.3875521421432495,0.0,0.3865649104118347,0.5635340213775635,1.077882170677185,0.9842286705970764,1.2054797410964966,1.4248260259628296,1.7453362941741943,1.9431335926055908,2.0630991458892822,2.3743231296539307,2.5518388748168945,2.9298975467681885,2.9563467502593994,2.7135629653930664,2.903988838195801,3.226578712463379,3.203784227371216,2.9041950702667236,2.7022054195404053,2.852609157562256,2.9600894451141357,3.3221821784973145,3.3806138038635254,3.420992136001587,3.7534408569335938,3.8428146839141846,4.241328239440918,4.375185489654541,4.2956461906433105,4.363328456878662,4.626858711242676,4.8206095695495605,4.153335094451904,3.7860560417175293,3.543794631958008,3.482407808303833,3.6283326148986816,3.315599203109741,3.338128089904785,3.5882110595703125,3.738093137741089,3.6602015495300293,3.952085494995117,4.203191757202148,4.227156162261963,4.435257911682129,4.799076080322266
