0.000000000000000000e+00,3.804529905319213867e-01,5.983130335807800293e-01,9.097498655319213867e-01,1.238442063331604004e+00,1.410012006759643555e+00,1.334405660629272461e+00,1.689680218696594238e+00,1.723396539688110352e+00,2.119615793228149414e+00,2.218133449554443359e+00,1.959672689437866211e+00,2.174122810363769531e+00,1.955077528953552246e+00,2.132739782333374023e+00,6.199842691421508789e-01,6.828497648239135742e-01,7.916518449783325195e-01,1.055821537971496582e+00,1.367990970611572266e+00,1.573833823204040527e+00,1.552168250083923340e+00,1.877672076225280762e+00,1.964281678199768066e+00,2.324385881423950195e+00,2.486439228057861328e+00,2.280027627944946289e+00,2.493874788284301758e+00,2.353832006454467773e+00,2.539889335632324219e+00,1.175418019294738770e+00,1.155911803245544434e+00,1.205361127853393555e+00,1.380867600440979004e+00,1.642067074775695801e+00,1.849902629852294922e+00,1.870080590248107910e+00,2.156645774841308594e+00,2.266691446304321289e+00,2.589672803878784180e+00,2.768760681152343750e+00,2.606168985366821289e+00,2.828637123107910156e+00,2.731287717819213867e+00,2.929140806198120117e+00,1.698850750923156738e+00,1.644389748573303223e+00,1.666074514389038086e+00,1.785466313362121582e+00,1.984236359596252441e+00,2.190707445144653320e+00,2.251207351684570312e+00,2.495803594589233398e+00,2.617416143417358398e+00,2.902951478958129883e+00,3.073665142059326172e+00,2.947379112243652344e+00,3.180122137069702148e+00,3.105251550674438477e+00,3.314155101776123047e+00,2.235893011093139648e+00,2.159482955932617188e+00,2.171917200088500977e+00,2.262173414230346680e+00,2.396080493927001953e+00,2.613543987274169922e+00,2.723388671875000000e+00,2.927015542984008789e+00,3.044941186904907227e+00,3.275797367095947266e+00,3.427827835083007812e+00,3.315314292907714844e+00,3.572258472442626953e+00,3.544109106063842773e+00,3.769953966140747070e+00
3.804529905319213867e-01,0.000000000000000000e+00,3.917790055274963379e-01,5.829649567604064941e-01,9.542655944824218750e-01,1.077722549438476562e+00,9.885016679763793945e-01,1.342140078544616699e+00,1.402576804161071777e+00,1.797168731689453125e+00,1.930211067199707031e+00,1.709513068199157715e+00,1.960981845855712891e+00,1.794662356376647949e+00,2.019291400909423828e+00,7.400066256523132324e-01,5.981721878051757812e-01,7.186052203178405762e-01,8.504504561424255371e-01,1.176655888557434082e+00,1.324755191802978516e+00,1.288989901542663574e+00,1.587386012077331543e+00,1.689242243766784668e+00,2.032937288284301758e+00,2.221479415893554688e+00,2.054858684539794922e+00,2.294604539871215820e+00,2.205168247222900391e+00,2.427098035812377930e+00,1.248063683509826660e+00,1.121342897415161133e+00,1.188283681869506836e+00,1.262383103370666504e+00,1.522835135459899902e+00,1.669871687889099121e+00,1.673328638076782227e+00,1.919062614440917969e+00,2.034151792526245117e+00,2.330735921859741211e+00,2.527287721633911133e+00,2.403085470199584961e+00,2.642995119094848633e+00,2.591155052185058594e+00,2.816180467605590820e+00,1.752554893493652344e+00,1.627705693244934082e+00,1.671035289764404297e+00,1.715282678604125977e+00,1.914626955986022949e+00,2.063914775848388672e+00,2.103776454925537109e+00,2.302851676940917969e+00,2.421076297760009766e+00,2.673991918563842773e+00,2.855126380920410156e+00,2.765172243118286133e+00,3.008486032485961914e+00,2.974366903305053711e+00,3.204908132553100586e+00,2.277639865875244141e+00,2.150390386581420898e+00,2.187561511993408203e+00,2.219715833663940430e+00,2.361455202102661133e+00,2.528699636459350586e+00,2.616886615753173828e+00,2.775963306427001953e+00,2.885697126388549805e+00,3.079832077026367188e+00,3.232930421829223633e+00,3.151700973510742188e+00,3.411877870559692383e+00,3.418844223022460938e+00,3.648516654968261719e+00
5.983130335807800293e-01,3.917790055274963379e-01,0.000000000000000000e+00,3.758039474487304688e-01,6.499533057212829590e-01,8.854369521141052246e-01,9.323789477348327637e-01,1.318591594696044922e+00,1.473188042640686035e+00,1.859376668930053711e+00,2.053790569305419922e+00,1.875642180442810059e+00,2.174506187438964844e+00,2.048966407775878906e+00,2.313352108001708984e+00,8.998878598213195801e-01,6.859955191612243652e-01,5.776442885398864746e-01,6.557825803756713867e-01,8.875743746757507324e-01,1.105045437812805176e+00,1.178642868995666504e+00,1.508511900901794434e+00,1.693806529045104980e+00,2.043121576309204102e+00,2.287240028381347656e+00,2.157957077026367188e+00,2.445505142211914062e+00,2.388857126235961914e+00,2.649913549423217773e+00,1.336071610450744629e+00,1.142291069030761719e+00,1.084290981292724609e+00,1.103133559226989746e+00,1.279267549514770508e+00,1.458848953247070312e+00,1.544040322303771973e+00,1.808006167411804199e+00,1.993188261985778809e+00,2.296825170516967773e+00,2.545282602310180664e+00,2.454417943954467773e+00,2.739094495773315430e+00,2.717344999313354492e+00,2.979783535003662109e+00,1.799314379692077637e+00,1.619005918502807617e+00,1.580433487892150879e+00,1.576525211334228516e+00,1.705028653144836426e+00,1.865314722061157227e+00,1.965190529823303223e+00,2.170650959014892578e+00,2.346569061279296875e+00,2.602517604827880859e+00,2.831835746765136719e+00,2.772676229476928711e+00,3.055970907211303711e+00,3.050469398498535156e+00,3.316603899002075195e+00,2.287397623062133789e+00,2.115347623825073242e+00,2.096650123596191406e+00,2.089356660842895508e+00,2.174770116806030273e+00,2.340396881103515625e+00,2.471704006195068359e+00,2.624630212783813477e+00,2.780809402465820312e+00,2.970934391021728516e+00,3.166640996932983398e+00,3.117833375930786133e+00,3.411731481552124023e+00,3.448838472366333008e+00,3.710163593292236328e+00
9.097498655319213867e-01,5.829649567604064941e-01,3.758039474487304688e-01,0.000000000000000000e+00,3.916980922222137451e-01,5.388695001602172852e-01,6.113143563270568848e-01,9.890746474266052246e-01,1.196590185165405273e+00,1.563313484191894531e+00,1.800771713256835938e+00,1.676982283592224121e+00,2.008284330368041992e+00,1.944591403007507324e+00,2.246665000915527344e+00,1.111937522888183594e+00,7.986214756965637207e-01,7.180034518241882324e-01,5.796197056770324707e-01,7.807517647743225098e-01,8.900164365768432617e-01,9.535241127014160156e-01,1.235356450080871582e+00,1.446232438087463379e+00,1.766701817512512207e+00,2.041403532028198242e+00,1.962683439254760742e+00,2.273627281188964844e+00,2.271875858306884766e+00,2.563191175460815430e+00,1.473929166793823242e+00,1.206282258033752441e+00,1.175373196601867676e+00,1.076592922210693359e+00,1.235781669616699219e+00,1.323056697845458984e+00,1.384763121604919434e+00,1.588615298271179199e+00,1.779595613479614258e+00,2.046480178833007812e+00,2.313593387603759766e+00,2.268184900283813477e+00,2.567872285842895508e+00,2.594314575195312500e+00,2.879962205886840820e+00,1.893902063369750977e+00,1.658695936203002930e+00,1.648248195648193359e+00,1.566277146339416504e+00,1.692366719245910645e+00,1.777330398559570312e+00,1.847661852836608887e+00,1.994087934494018555e+00,2.163203954696655273e+00,2.378073215484619141e+00,2.617151975631713867e+00,2.598882436752319336e+00,2.889938116073608398e+00,2.926993846893310547e+00,3.211478948593139648e+00,2.353631734848022461e+00,2.139492511749267578e+00,2.150040149688720703e+00,2.084610700607299805e+00,2.180012226104736328e+00,2.284853935241699219e+00,2.386136770248413086e+00,2.486500501632690430e+00,2.629821062088012695e+00,2.777036905288696289e+00,2.971562385559082031e+00,2.956858158111572266e+00,3.250632524490356445e+00,3.323576450347900391e+00,3.586004018783569336e+00
1.238442063331604004e+00,9.542655944824218750e-01,6.499533057212829590e-01,3.916980922222137451e-01,0.000000000000000000e+00,3.852305710315704346e-01,6.766992211341857910e-01,1.003530263900756836e+00,1.298313736915588379e+00,1.618378400802612305e+00,1.909173607826232910e+00,1.840178251266479492e+00,2.202970027923583984e+00,2.185051918029785156e+00,2.517274379730224609e+00,1.377895355224609375e+00,1.045787572860717773e+00,8.445944786071777344e-01,5.922917723655700684e-01,5.675672888755798340e-01,6.849588155746459961e-01,8.886476159095764160e-01,1.156499266624450684e+00,1.451538801193237305e+00,1.750602245330810547e+00,2.075921535491943359e+00,2.046967506408691406e+00,2.395609617233276367e+00,2.433418273925781250e+00,2.757349729537963867e+00,1.650343894958496094e+00,1.335737824440002441e+00,1.215594887733459473e+00,1.025497078895568848e+00,1.061560392379760742e+00,1.129155993461608887e+00,1.271822333335876465e+00,1.460013389587402344e+00,1.720104694366455078e+00,1.973016142845153809e+00,2.289378166198730469e+00,2.289111137390136719e+00,2.626508712768554688e+00,2.690747261047363281e+00,3.009280443191528320e+00,2.001957654953002930e+00,1.716287732124328613e+00,1.644692778587341309e+00,1.491282582283020020e+00,1.536506772041320801e+00,1.593387603759765625e+00,1.712041020393371582e+00,1.837379336357116699e+00,2.059619426727294922e+00,2.259310960769653320e+00,2.544739007949829102e+00,2.568154335021972656e+00,2.893457651138305664e+00,2.967284679412841797e+00,3.284127235412597656e+00,2.402998685836791992e+00,2.143175125122070312e+00,2.113498449325561523e+00,1.991242051124572754e+00,2.032979249954223633e+00,2.106865882873535156e+00,2.236374855041503906e+00,2.308710336685180664e+00,2.491630315780639648e+00,2.618496894836425781e+00,2.852452039718627930e+00,2.879769563674926758e+00,3.201281547546386719e+00,3.311405897140502930e+00,3.600302457809448242e+00
1.410012006759643555e+00,1.077722549438476562e+00,8.854369521141052246e-01,5.388695001602172852e-01,3.852305710315704346e-01,0.000000000000000000e+00,3.707708120346069336e-01,6.307319402694702148e-01,9.563025236129760742e-01,1.247787714004516602e+00,1.558771848678588867e+00,1.531516194343566895e+00,1.908478975296020508e+00,1.940757513046264648e+00,2.295574426651000977e+00,1.450664162635803223e+00,1.079823732376098633e+00,9.745795130729675293e-01,6.356724500656127930e-01,6.639559268951416016e-01,5.493151545524597168e-01,6.408002376556396484e-01,8.255465626716613770e-01,1.117262840270996094e+00,1.388065457344055176e+00,1.723389506340026855e+00,1.729045867919921875e+00,2.085351228713989258e+00,2.164000034332275391e+00,2.504076957702636719e+00,1.656019210815429688e+00,1.309952378273010254e+00,1.268257617950439453e+00,1.015213251113891602e+00,1.097508430480957031e+00,1.037511110305786133e+00,1.086636424064636230e+00,1.196252942085266113e+00,1.425126194953918457e+00,1.642197608947753906e+00,1.955054521560668945e+00,1.982613205909729004e+00,2.318821907043457031e+00,2.416513204574584961e+00,2.744241476058959961e+00,1.965807676315307617e+00,1.656783819198608398e+00,1.651119828224182129e+00,1.455726027488708496e+00,1.547708630561828613e+00,1.520738005638122559e+00,1.563095450401306152e+00,1.624854445457458496e+00,1.805186986923217773e+00,1.966809511184692383e+00,2.237768411636352539e+00,2.283181667327880859e+00,2.599652767181396484e+00,2.700474262237548828e+00,3.021004915237426758e+00,2.343725681304931641e+00,2.067392349243164062e+00,2.094635248184204102e+00,1.941591262817382812e+00,2.030822277069091797e+00,2.046365261077880859e+00,2.114369630813598633e+00,2.141024589538574219e+00,2.281067132949829102e+00,2.372524499893188477e+00,2.581275463104248047e+00,2.621412515640258789e+00,2.927144289016723633e+00,3.055528402328491211e+00,3.332988977432250977e+00
1.334405660629272461e+00,9.885016679763793945e-01,9.323789477348327637e-01,6.113143563270568848e-01,6.766992211341857910e-01,3.707708120346069336e-01,0.000000000000000000e+00,3.878115117549896240e-01,6.235938668251037598e-01,9.672427773475646973e-01,1.236400365829467773e+00,1.176244020462036133e+00,1.546300649642944336e+00,1.573895335197448730e+00,1.928679585456848145e+00,1.300718426704406738e+00,9.302561283111572266e-01,9.608183503150939941e-01,6.621220707893371582e-01,8.532168269157409668e-01,6.814280152320861816e-01,5.454795360565185547e-01,6.924507021903991699e-01,8.750510811805725098e-01,1.165270209312438965e+00,1.454091668128967285e+00,1.425542712211608887e+00,1.760288834571838379e+00,1.828259944915771484e+00,2.157907485961914062e+00,1.488281250000000000e+00,1.158169031143188477e+00,1.227823138236999512e+00,1.012160301208496094e+00,1.208751916885375977e+00,1.116636395454406738e+00,1.041029214859008789e+00,1.128701329231262207e+00,1.263811945915222168e+00,1.482585191726684570e+00,1.742948532104492188e+00,1.737257122993469238e+00,2.042648792266845703e+00,2.124524593353271484e+00,2.434101104736328125e+00,1.804214596748352051e+00,1.519867181777954102e+00,1.598806142807006836e+00,1.438362836837768555e+00,1.617527484893798828e+00,1.577102899551391602e+00,1.538530826568603516e+00,1.592669129371643066e+00,1.698706746101379395e+00,1.860977172851562500e+00,2.078218221664428711e+00,2.091363906860351562e+00,2.374054908752441406e+00,2.455132961273193359e+00,2.752578735351562500e+00,2.203232288360595703e+00,1.953776240348815918e+00,2.043804168701171875e+00,1.920904159545898438e+00,2.077429771423339844e+00,2.091196775436401367e+00,2.104099988937377930e+00,2.137143135070800781e+00,2.219328403472900391e+00,2.317082643508911133e+00,2.476007699966430664e+00,2.480340719223022461e+00,2.753935575485229492e+00,2.857117891311645508e+00,3.108101367950439453e+00
1.689680218696594238e+00,1.342140078544616699e+00,1.318591594696044922e+00,9.890746474266052246e-01,1.003530263900756836e+00,6.307319402694702148e-01,3.878115117549896240e-01,0.000000000000000000e+00,3.789379000663757324e-01,6.187597513198852539e-01,9.449427723884582520e-01,9.873855710029602051e-01,1.370910286903381348e+00,1.488769888877868652e+00,1.863855481147766113e+00,1.602179527282714844e+00,1.242601394653320312e+00,1.306785106658935547e+00,9.932152032852172852e-01,1.128964662551879883e+00,8.473866581916809082e-01,6.283896565437316895e-01,5.312365889549255371e-01,6.527191400527954102e-01,8.483437299728393555e-01,1.157472729682922363e+00,1.207138299942016602e+00,1.549080014228820801e+00,1.689440608024597168e+00,2.037041902542114258e+00,1.712350606918334961e+00,1.379188776016235352e+00,1.488209128379821777e+00,1.233154296875000000e+00,1.411124348640441895e+00,1.217741489410400391e+00,1.062882184982299805e+00,1.015008091926574707e+00,1.086820602416992188e+00,1.220084071159362793e+00,1.471820354461669922e+00,1.523577570915222168e+00,1.823780775070190430e+00,1.962961912155151367e+00,2.283430814743041992e+00,1.957444429397583008e+00,1.660484313964843750e+00,1.783047080039978027e+00,1.582039952278137207e+00,1.768805742263793945e+00,1.646401762962341309e+00,1.538816809654235840e+00,1.501588106155395508e+00,1.550822854042053223e+00,1.641819357872009277e+00,1.837875366210937500e+00,1.893975615501403809e+00,2.162391424179077148e+00,2.288691997528076172e+00,2.591053485870361328e+00,2.302663564682006836e+00,2.038540124893188477e+00,2.172165393829345703e+00,2.012527227401733398e+00,2.192888021469116211e+00,2.141624450683593750e+00,2.095582246780395508e+00,2.066075563430786133e+00,2.100512981414794922e+00,2.141468286514282227e+00,2.269983291625976562e+00,2.302425384521484375e+00,2.553958892822265625e+00,2.688647270202636719e+00,2.925201892852783203e+00
1.723396539688110352e+00,1.402576804161071777e+00,1.473188042640686035e+00,1.196590185165405273e+00,1.298313736915588379e+00,9.563025236129760742e-01,6.235938668251037598e-01,3.789379000663757324e-01,0.000000000000000000e+00,3.974319994449615479e-01,6.135032176971435547e-01,6.110225319862365723e-01,9.922496676445007324e-01,1.123710632324218750e+00,1.501350164413452148e+00,1.559213638305664062e+00,1.242896795272827148e+00,1.405455470085144043e+00,1.156618833541870117e+00,1.369551658630371094e+00,1.099398851394653320e+00,7.813246250152587891e-01,6.526832580566406250e-01,5.334115028381347656e-01,7.142069935798645020e-01,9.124901294708251953e-01,9.073556065559387207e-01,1.211716771125793457e+00,1.344388842582702637e+00,1.678973317146301270e+00,1.624123811721801758e+00,1.336318850517272949e+00,1.537184238433837891e+00,1.336440563201904297e+00,1.585698127746582031e+00,1.391403079032897949e+00,1.148194193840026855e+00,1.085545778274536133e+00,1.024800181388854980e+00,1.145814418792724609e+00,1.302399516105651855e+00,1.302886486053466797e+00,1.550776124000549316e+00,1.668650627136230469e+00,1.962952852249145508e+00,1.847678065299987793e+00,1.593404650688171387e+00,1.793014764785766602e+00,1.637141704559326172e+00,1.889636158943176270e+00,1.767066121101379395e+00,1.591842889785766602e+00,1.554144740104675293e+00,1.515330791473388672e+00,1.605455160140991211e+00,1.723061203956604004e+00,1.732506632804870605e+00,1.949658513069152832e+00,2.047905921936035156e+00,2.317436456680297852e+00,2.193572998046875000e+00,1.967951416969299316e+00,2.160683631896972656e+00,2.037787437438964844e+00,2.274626493453979492e+00,2.227100372314453125e+00,2.130768775939941406e+00,2.113727569580078125e+00,2.085988283157348633e+00,2.137583255767822266e+00,2.204841375350952148e+00,2.190549612045288086e+00,2.397937059402465820e+00,2.498072624206542969e+00,2.700022935867309570e+00
2.119615793228149414e+00,1.797168731689453125e+00,1.859376668930053711e+00,1.563313484191894531e+00,1.618378400802612305e+00,1.247787714004516602e+00,9.672427773475646973e-01,6.187597513198852539e-01,3.974319994449615479e-01,0.000000000000000000e+00,3.858004808425903320e-01,6.209785938262939453e-01,9.536294937133789062e-01,1.205031991004943848e+00,1.574525356292724609e+00,1.934448003768920898e+00,1.626253247261047363e+00,1.778507471084594727e+00,1.508411169052124023e+00,1.670169234275817871e+00,1.350705504417419434e+00,1.040266752243041992e+00,7.719100117683410645e-01,5.690834522247314453e-01,4.935227036476135254e-01,6.636465191841125488e-01,8.028564453125000000e-01,1.086143255233764648e+00,1.320262670516967773e+00,1.659514069557189941e+00,1.942780733108520508e+00,1.658600091934204102e+00,1.859777569770812988e+00,1.629714369773864746e+00,1.843104004859924316e+00,1.586380004882812500e+00,1.311120510101318359e+00,1.131770849227905273e+00,9.953244924545288086e-01,9.756208658218383789e-01,1.087479710578918457e+00,1.171718120574951172e+00,1.393870592117309570e+00,1.588195562362670898e+00,1.885878324508666992e+00,2.095844984054565430e+00,1.836692929267883301e+00,2.052224636077880859e+00,1.863377213478088379e+00,2.102742433547973633e+00,1.916693806648254395e+00,1.694041728973388672e+00,1.567981243133544922e+00,1.466085433959960938e+00,1.460821032524108887e+00,1.536559700965881348e+00,1.600803971290588379e+00,1.788300275802612305e+00,1.943225502967834473e+00,2.212023735046386719e+00,2.375029087066650391e+00,2.139667510986328125e+00,2.359152078628540039e+00,2.202893733978271484e+00,2.447527885437011719e+00,2.341522932052612305e+00,2.194732904434204102e+00,2.114035606384277344e+00,2.036025285720825195e+00,2.020473241806030273e+00,2.046432733535766602e+00,2.065980672836303711e+00,2.239377260208129883e+00,2.376498222351074219e+00,2.557060241699218750e+00
2.218133449554443359e+00,1.930211067199707031e+00,2.053790569305419922e+00,1.800771713256835938e+00,1.909173607826232910e+00,1.558771848678588867e+00,1.236400365829467773e+00,9.449427723884582520e-01,6.135032176971435547e-01,3.858004808425903320e-01,0.000000000000000000e+00,3.684999346733093262e-01,6.035903096199035645e-01,9.129900336265563965e-01,1.260802745819091797e+00,1.974601030349731445e+00,1.718775987625122070e+00,1.932889461517333984e+00,1.716791152954101562e+00,1.926576018333435059e+00,1.627025842666625977e+00,1.277179718017578125e+00,1.042056918144226074e+00,7.259396314620971680e-01,6.261230111122131348e-01,5.355635881423950195e-01,5.899637341499328613e-01,7.639508247375488281e-01,1.007602691650390625e+00,1.317572951316833496e+00,1.937587261199951172e+00,1.710121035575866699e+00,1.972774863243103027e+00,1.794815659523010254e+00,2.054025650024414062e+00,1.811308741569519043e+00,1.490576505661010742e+00,1.325626254081726074e+00,1.089949607849121094e+00,1.057744145393371582e+00,1.025753498077392578e+00,1.035691380500793457e+00,1.158937573432922363e+00,1.326094508171081543e+00,1.579235434532165527e+00,2.057052135467529297e+00,1.851255774497985840e+00,2.124308347702026367e+00,1.982319951057434082e+00,2.267365932464599609e+00,2.091777801513671875e+00,1.824923038482666016e+00,1.711438298225402832e+00,1.533699512481689453e+00,1.530778408050537109e+00,1.509073734283447266e+00,1.511928796768188477e+00,1.621851801872253418e+00,1.738521337509155273e+00,1.957883000373840332e+00,2.321320533752441406e+00,2.132842779159545898e+00,2.400244712829589844e+00,2.283582210540771484e+00,2.571126222610473633e+00,2.474472522735595703e+00,2.288514852523803711e+00,2.226255655288696289e+00,2.091689109802246094e+00,2.091339111328125000e+00,2.050577402114868164e+00,2.014763355255126953e+00,2.129594802856445312e+00,2.221717596054077148e+00,2.355513572692871094e+00
1.959672689437866211e+00,1.709513068199157715e+00,1.875642180442810059e+00,1.676982283592224121e+00,1.840178251266479492e+00,1.531516194343566895e+00,1.176244020462036133e+00,9.873855710029602051e-01,6.110225319862365723e-01,6.209785938262939453e-01,3.684999346733093262e-01,0.000000000000000000e+00,3.904789388179779053e-01,5.893270373344421387e-01,9.680215716361999512e-01,1.675482988357543945e+00,1.461525201797485352e+00,1.722000956535339355e+00,1.566549539566040039e+00,1.831608176231384277e+00,1.581385016441345215e+00,1.212629556655883789e+00,1.077874898910522461e+00,7.516564726829528809e-01,8.205400109291076660e-01,7.155453562736511230e-01,5.493062734603881836e-01,6.901974678039550781e-01,7.956421971321105957e-01,1.096550822257995605e+00,1.633267998695373535e+00,1.449060916900634766e+00,1.753716707229614258e+00,1.636630535125732422e+00,1.945198774337768555e+00,1.755479216575622559e+00,1.430459618568420410e+00,1.354212522506713867e+00,1.121955752372741699e+00,1.201426982879638672e+00,1.160651206970214844e+00,1.050011277198791504e+00,1.154811859130859375e+00,1.215296387672424316e+00,1.443091273307800293e+00,1.776678323745727539e+00,1.613140821456909180e+00,1.913754105567932129e+00,1.829391121864318848e+00,2.151482582092285156e+00,2.029080629348754883e+00,1.770954132080078125e+00,1.732900500297546387e+00,1.565738797187805176e+00,1.647158741950988770e+00,1.622013449668884277e+00,1.542325139045715332e+00,1.645876407623291016e+00,1.682172060012817383e+00,1.877532958984375000e+00,2.083443164825439453e+00,1.933709621429443359e+00,2.210971355438232422e+00,2.146460056304931641e+00,2.454256772994995117e+00,2.408408164978027344e+00,2.239042043685913086e+00,2.239566087722778320e+00,2.116669654846191406e+00,2.183446645736694336e+00,2.148206949234008789e+00,2.053328990936279297e+00,2.172894239425659180e+00,2.205305814743041992e+00,2.338226556777954102e+00
2.174122810363769531e+00,1.960981845855712891e+00,2.174506187438964844e+00,2.008284330368041992e+00,2.202970027923583984e+00,1.908478975296020508e+00,1.546300649642944336e+00,1.370910286903381348e+00,9.922496676445007324e-01,9.536294937133789062e-01,6.035903096199035645e-01,3.904789388179779053e-01,0.000000000000000000e+00,3.765297234058380127e-01,6.718439459800720215e-01,1.867243289947509766e+00,1.715980291366577148e+00,2.015655517578125000e+00,1.904819488525390625e+00,2.191066503524780273e+00,1.956451416015625000e+00,1.584167718887329102e+00,1.456021904945373535e+00,1.108928203582763672e+00,1.122534275054931641e+00,8.936483860015869141e-01,6.855232119560241699e-01,5.806389451026916504e-01,6.222043633460998535e-01,8.151137828826904297e-01,1.798427462577819824e+00,1.684485435485839844e+00,2.024823427200317383e+00,1.953092336654663086e+00,2.280446052551269531e+00,2.102501869201660156e+00,1.762853980064392090e+00,1.686739325523376465e+00,1.407861709594726562e+00,1.453028798103332520e+00,1.310465335845947266e+00,1.152005672454833984e+00,1.119381308555603027e+00,1.121444582939147949e+00,1.251307725906372070e+00,1.909258842468261719e+00,1.812034726142883301e+00,2.149304151535034180e+00,2.107390403747558594e+00,2.451693296432495117e+00,2.337441205978393555e+00,2.055455923080444336e+00,2.018881082534790039e+00,1.801532745361328125e+00,1.867253422737121582e+00,1.763391971588134766e+00,1.639840960502624512e+00,1.650726556777954102e+00,1.638533353805541992e+00,1.754692554473876953e+00,2.192441701889038086e+00,2.098818063735961914e+00,2.410176038742065430e+00,2.382493734359741211e+00,2.716109037399291992e+00,2.676162481307983398e+00,2.478294610977172852e+00,2.487075090408325195e+00,2.319676876068115234e+00,2.387465476989746094e+00,2.294621944427490234e+00,2.158728122711181641e+00,2.212019920349121094e+00,2.196959018707275391e+00,2.268022060394287109e+00
1.955077528953552246e+00,1.794662356376647949e+00,2.048966407775878906e+00,1.944591403007507324e+00,2.185051918029785156e+00,1.940757513046264648e+00,1.573895335197448730e+00,1.488769888877868652e+00,1.123710632324218750e+00,1.205031991004943848e+00,9.129900336265563965e-01,5.893270373344421387e-01,3.765297234058380127e-01,0.000000000000000000e+00,3.919681906700134277e-01,1.624462485313415527e+00,1.538844943046569824e+00,1.876335024833679199e+00,1.835406541824340820e+00,2.161851644515991211e+00,1.983732461929321289e+00,1.620917916297912598e+00,1.579595685005187988e+00,1.262869477272033691e+00,1.374249219894409180e+00,1.184766173362731934e+00,8.976165056228637695e-01,7.988848090171813965e-01,6.434178352355957031e-01,7.472986578941345215e-01,1.565720200538635254e+00,1.519204020500183105e+00,1.887569546699523926e+00,1.884840607643127441e+00,2.244903326034545898e+00,2.125394105911254883e+00,1.803903937339782715e+00,1.805807471275329590e+00,1.556038737297058105e+00,1.679719805717468262e+00,1.559357166290283203e+00,1.335068345069885254e+00,1.303347468376159668e+00,1.198573946952819824e+00,1.280096888542175293e+00,1.711488366127014160e+00,1.674846053123474121e+00,2.024477243423461914e+00,2.046030282974243164e+00,2.411734104156494141e+00,2.354299068450927734e+00,2.096650123596191406e+00,2.127989292144775391e+00,1.937282919883728027e+00,2.068351507186889648e+00,1.979522705078125000e+00,1.801924228668212891e+00,1.816940069198608398e+00,1.731440544128417969e+00,1.817957520484924316e+00,2.042422533035278320e+00,1.998131632804870605e+00,2.305582046508789062e+00,2.333728075027465820e+00,2.674436807632446289e+00,2.687244176864624023e+00,2.516107797622680664e+00,2.581855297088623047e+00,2.436655282974243164e+00,2.559659719467163086e+00,2.482941389083862305e+00,2.306178569793701172e+00,2.369981050491333008e+00,2.303419589996337891e+00,2.375640392303466797e+00
2.132739782333374023e+00,2.019291400909423828e+00,2.313352108001708984e+00,2.246665000915527344e+00,2.517274379730224609e+00,2.295574426651000977e+00,1.928679585456848145e+00,1.863855481147766113e+00,1.501350164413452148e+00,1.574525356292724609e+00,1.260802745819091797e+00,9.680215716361999512e-01,6.718439459800720215e-01,3.919681906700134277e-01,0.000000000000000000e+00,1.811113834381103516e+00,1.794030189514160156e+00,2.154977560043334961e+00,2.159832239151000977e+00,2.504069566726684570e+00,2.350870132446289062e+00,1.994473338127136230e+00,1.969676256179809570e+00,1.652639031410217285e+00,1.750117540359497070e+00,1.525038957595825195e+00,1.236604571342468262e+00,1.043854236602783203e+00,8.212760090827941895e-01,7.205610275268554688e-01,1.757615566253662109e+00,1.783548712730407715e+00,2.165396928787231445e+00,2.208582639694213867e+00,2.580758810043334961e+00,2.485213279724121094e+00,2.167299270629882812e+00,2.183291912078857422e+00,1.922710061073303223e+00,2.038412094116210938e+00,1.877738356590270996e+00,1.631122589111328125e+00,1.523221254348754883e+00,1.358280777931213379e+00,1.325964331626892090e+00,1.894920110702514648e+00,1.926842808723449707e+00,2.288047552108764648e+00,2.353793621063232422e+00,2.730232715606689453e+00,2.694865942001342773e+00,2.436070919036865234e+00,2.482242345809936523e+00,2.275021076202392578e+00,2.406547546386718750e+00,2.280246019363403320e+00,2.073022127151489258e+00,2.029527664184570312e+00,1.893653392791748047e+00,1.900793671607971191e+00,2.216588735580444336e+00,2.231216192245483398e+00,2.548971891403198242e+00,2.617974281311035156e+00,2.969353199005126953e+00,3.002029657363891602e+00,2.825157165527343750e+00,2.909015655517578125e+00,2.745919227600097656e+00,2.879363536834716797e+00,2.773222446441650391e+00,2.565661907196044922e+00,2.586328029632568359e+00,2.473324775695800781e+00,2.495059251785278320e+00
6.199842691421508789e-01,7.400066256523132324e-01,8.998878598213195801e-01,1.111937522888183594e+00,1.377895355224609375e+00,1.450664162635803223e+00,1.300718426704406738e+00,1.602179527282714844e+00,1.559213638305664062e+00,1.934448003768920898e+00,1.974601030349731445e+00,1.675482988357543945e+00,1.867243289947509766e+00,1.624462485313415527e+00,1.811113834381103516e+00,0.000000000000000000e+00,3.779578804969787598e-01,6.232537627220153809e-01,9.283976554870605469e-01,1.273392200469970703e+00,1.422491312026977539e+00,1.319126963615417480e+00,1.640276789665222168e+00,1.662267923355102539e+00,2.036975860595703125e+00,2.146931886672973633e+00,1.888234257698059082e+00,2.084431648254394531e+00,1.902441620826721191e+00,2.086508512496948242e+00,5.603209733963012695e-01,6.226183176040649414e-01,7.840667366981506348e-01,1.042247056961059570e+00,1.378251194953918457e+00,1.564634203910827637e+00,1.515130281448364258e+00,1.822114586830139160e+00,1.881107330322265625e+00,2.231626987457275391e+00,2.369127511978149414e+00,2.154449939727783203e+00,2.360267162322998047e+00,2.222261428833007812e+00,2.413650274276733398e+00,1.088082432746887207e+00,1.074959635734558105e+00,1.161729574203491211e+00,1.342653512954711914e+00,1.615825295448303223e+00,1.819220066070556641e+00,1.826666116714477539e+00,2.099513769149780273e+00,2.181722164154052734e+00,2.499845504760742188e+00,2.635416269302368164e+00,2.460153341293334961e+00,2.676822662353515625e+00,2.564711809158325195e+00,2.763424396514892578e+00,1.632778525352478027e+00,1.585677266120910645e+00,1.640748262405395508e+00,1.772143721580505371e+00,1.965893745422363281e+00,2.187638759613037109e+00,2.256907939910888672e+00,2.491017580032348633e+00,2.575857877731323242e+00,2.841578960418701172e+00,2.966315269470214844e+00,2.810082435607910156e+00,3.052826642990112305e+00,2.990560770034790039e+00,3.213452100753784180e+00
6.828497648239135742e-01,5.981721878051757812e-01,6.859955191612243652e-01,7.986214756965637207e-01,1.045787572860717773e+00,1.079823732376098633e+00,9.302561283111572266e-01,1.242601394653320312e+00,1.242896795272827148e+00,1.626253247261047363e+00,1.718775987625122070e+00,1.461525201797485352e+00,1.715980291366577148e+00,1.538844943046569824e+00,1.794030189514160156e+00,3.779578804969787598e-01,0.000000000000000000e+00,3.858016431331634521e-01,5.859721899032592773e-01,9.619408249855041504e-01,1.072232127189636230e+00,9.661546945571899414e-01,1.293803453445434570e+00,1.355784177780151367e+00,1.734173417091369629e+00,1.891724228858947754e+00,1.678236126899719238e+00,1.926556944847106934e+00,1.808000087738037109e+00,2.049804210662841797e+00,6.953478455543518066e-01,5.239289999008178711e-01,6.649429798126220703e-01,7.949301004409790039e-01,1.137225627899169922e+00,1.277516007423400879e+00,1.228377342224121094e+00,1.517429471015930176e+00,1.606564879417419434e+00,1.947089791297912598e+00,2.123524188995361328e+00,1.954274296760559082e+00,2.200859546661376953e+00,2.120775699615478516e+00,2.359003543853759766e+00,1.169167995452880859e+00,1.031027436256408691e+00,1.109785556793212891e+00,1.184932231903076172e+00,1.446964263916015625e+00,1.599437236785888672e+00,1.603892803192138672e+00,1.841502428054809570e+00,1.942076683044433594e+00,2.237567901611328125e+00,2.403139352798461914e+00,2.272310256958007812e+00,2.519223690032958984e+00,2.459414005279541016e+00,2.697241067886352539e+00,1.684696435928344727e+00,1.555868387222290039e+00,1.616375446319580078e+00,1.667427659034729004e+00,1.853198051452636719e+00,2.025660753250122070e+00,2.088482379913330078e+00,2.279292583465576172e+00,2.373305082321166992e+00,2.605816125869750977e+00,2.748291254043579102e+00,2.632751941680908203e+00,2.894741058349609375e+00,2.879325628280639648e+00,3.120206832885742188e+00
7.916518449783325195e-01,7.186052203178405762e-01,5.776442885398864746e-01,7.180034518241882324e-01,8.445944786071777344e-01,9.745795130729675293e-01,9.608183503150939941e-01,1.306785106658935547e+00,1.405455470085144043e+00,1.778507471084594727e+00,1.932889461517333984e+00,1.722000956535339355e+00,2.015655517578125000e+00,1.876335024833679199e+00,2.154977560043334961e+00,6.232537627220153809e-01,3.858016431331634521e-01,0.000000000000000000e+00,3.772289156913757324e-01,6.646957993507385254e-01,8.870191574096679688e-01,9.202959537506103516e-01,1.294675827026367188e+00,1.453198671340942383e+00,1.835410356521606445e+00,2.050737142562866211e+00,1.878473043441772461e+00,2.170524120330810547e+00,2.083932399749755859e+00,2.355124711990356445e+00,8.530840873718261719e-01,6.205861568450927734e-01,5.073726773262023926e-01,6.015034914016723633e-01,8.550267815589904785e-01,1.073789954185485840e+00,1.139001131057739258e+00,1.467855095863342285e+00,1.643432855606079102e+00,1.995236515998840332e+00,2.227972745895385742e+00,2.093561172485351562e+00,2.384969711303710938e+00,2.333220005035400391e+00,2.603902578353881836e+00,1.257617950439453125e+00,1.060665845870971680e+00,1.004097580909729004e+00,1.034578561782836914e+00,1.209187865257263184e+00,1.402784347534179688e+00,1.493487954139709473e+00,1.756101369857788086e+00,1.930287361145019531e+00,2.236503124237060547e+00,2.456459045410156250e+00,2.356028318405151367e+00,2.645656108856201172e+00,2.612175941467285156e+00,2.883737564086914062e+00,1.721778869628906250e+00,1.546156883239746094e+00,1.521811008453369141e+00,1.536916375160217285e+00,1.649979472160339355e+00,1.839973092079162598e+00,1.965257763862609863e+00,2.163058042526245117e+00,2.317079544067382812e+00,2.554262638092041016e+00,2.747060060501098633e+00,2.663489103317260742e+00,2.963607549667358398e+00,2.976365327835083008e+00,3.251132488250732422e+00
1.055821537971496582e+00,8.504504561424255371e-01,6.557825803756713867e-01,5.796197056770324707e-01,5.922917723655700684e-01,6.356724500656127930e-01,6.621220707893371582e-01,9.932152032852172852e-01,1.156618833541870117e+00,1.508411169052124023e+00,1.716791152954101562e+00,1.566549539566040039e+00,1.904819488525390625e+00,1.835406541824340820e+00,2.159832239151000977e+00,9.283976554870605469e-01,5.859721899032592773e-01,3.772289156913757324e-01,0.000000000000000000e+00,3.922319710254669189e-01,5.287472605705261230e-01,5.939809679985046387e-01,9.678670167922973633e-01,1.186498999595642090e+00,1.553373575210571289e+00,1.816947340965270996e+00,1.703212857246398926e+00,2.035529613494873047e+00,2.013766765594482422e+00,2.326638698577880859e+00,1.081817865371704102e+00,7.496667504310607910e-01,6.502093076705932617e-01,4.969925582408905029e-01,7.074595689773559570e-01,8.229082226753234863e-01,8.918403387069702148e-01,1.179946660995483398e+00,1.393136858940124512e+00,1.720222711563110352e+00,1.991575598716735840e+00,1.911712408065795898e+00,2.235201597213745117e+00,2.242373704910278320e+00,2.548479080200195312e+00,1.409832477569580078e+00,1.130659818649291992e+00,1.088632822036743164e+00,9.867705106735229492e-01,1.135054230690002441e+00,1.237054228782653809e+00,1.313152551651000977e+00,1.517263054847717285e+00,1.707187414169311523e+00,1.977981090545654297e+00,2.226064205169677734e+00,2.176219463348388672e+00,2.488732337951660156e+00,2.508534908294677734e+00,2.810455322265625000e+00,1.821301102638244629e+00,1.582340717315673828e+00,1.578467369079589844e+00,1.505405426025390625e+00,1.613305330276489258e+00,1.729033112525939941e+00,1.833194375038146973e+00,1.971406817436218262e+00,2.127366542816162109e+00,2.320806980133056641e+00,2.527230978012084961e+00,2.488231658935546875e+00,2.800516605377197266e+00,2.860059976577758789e+00,3.145789623260498047e+00
1.367990970611572266e+00,1.176655888557434082e+00,8.875743746757507324e-01,7.807517647743225098e-01,5.675672888755798340e-01,6.639559268951416016e-01,8.532168269157409668e-01,1.128964662551879883e+00,1.369551658630371094e+00,1.670169234275817871e+00,1.926576018333435059e+00,1.831608176231384277e+00,2.191066503524780273e+00,2.161851644515991211e+00,2.504069566726684570e+00,1.273392200469970703e+00,9.619408249855041504e-01,6.646957993507385254e-01,3.922319710254669189e-01,0.000000000000000000e+00,3.784452974796295166e-01,6.739685535430908203e-01,1.010498642921447754e+00,1.314854860305786133e+00,1.647581577301025391e+00,1.958130836486816406e+00,1.897446632385253906e+00,2.259232044219970703e+00,2.274839401245117188e+00,2.610974073410034180e+00,1.362335920333862305e+00,1.022762537002563477e+00,8.016265630722045898e-01,5.433652400970458984e-01,4.942142069339752197e-01,6.306508183479309082e-01,8.550672531127929688e-01,1.134074449539184570e+00,1.433930873870849609e+00,1.743042588233947754e+00,2.065466642379760742e+00,2.033941507339477539e+00,2.392069816589355469e+00,2.435739994049072266e+00,2.769237756729125977e+00,1.604976534843444824e+00,1.286575913429260254e+00,1.148859620094299316e+00,9.583581686019897461e-01,9.693415164947509766e-01,1.055900454521179199e+00,1.221106886863708496e+00,1.413826584815979004e+00,1.678119659423828125e+00,1.936285257339477539e+00,2.237811326980590820e+00,2.232329845428466797e+00,2.580468416213989258e+00,2.636632919311523438e+00,2.968850135803222656e+00,1.936229348182678223e+00,1.651670575141906738e+00,1.582456588745117188e+00,1.442212939262390137e+00,1.465848445892333984e+00,1.555976033210754395e+00,1.711927890777587891e+00,1.827278375625610352e+00,2.041375875473022461e+00,2.218945980072021484e+00,2.475418806076049805e+00,2.482184648513793945e+00,2.826469659805297852e+00,2.923939228057861328e+00,3.238218784332275391e+00
1.573833823204040527e+00,1.324755191802978516e+00,1.105045437812805176e+00,8.900164365768432617e-01,6.849588155746459961e-01,5.493151545524597168e-01,6.814280152320861816e-01,8.473866581916809082e-01,1.099398851394653320e+00,1.350705504417419434e+00,1.627025842666625977e+00,1.581385016441345215e+00,1.956451416015625000e+00,1.983732461929321289e+00,2.350870132446289062e+00,1.422491312026977539e+00,1.072232127189636230e+00,8.870191574096679688e-01,5.287472605705261230e-01,3.784452974796295166e-01,0.000000000000000000e+00,3.774361610412597656e-01,6.510659456253051758e-01,9.879153966903686523e-01,1.293337702751159668e+00,1.625420928001403809e+00,1.609171032905578613e+00,1.988499760627746582e+00,2.053670406341552734e+00,2.412837743759155273e+00,1.449183344841003418e+00,1.074046730995178223e+00,9.534904956817626953e-01,6.075455546379089355e-01,6.082131266593933105e-01,4.884411394596099854e-01,6.100879907608032227e-01,8.053148388862609863e-01,1.111254096031188965e+00,1.390820145606994629e+00,1.728476405143737793e+00,1.736189246177673340e+00,2.106243371963500977e+00,2.194079399108886719e+00,2.545836925506591797e+00,1.637393355369567871e+00,1.284933805465698242e+00,1.225512266159057617e+00,9.645583033561706543e-01,1.022708654403686523e+00,9.717903137207031250e-01,1.044647812843322754e+00,1.153028845787048340e+00,1.392305612564086914e+00,1.611674785614013672e+00,1.915926098823547363e+00,1.944575667381286621e+00,2.295999288558959961e+00,2.390717029571533203e+00,2.736230850219726562e+00,1.931491017341613770e+00,1.618467450141906738e+00,1.614280581474304199e+00,1.421379804611206055e+00,1.494946599006652832e+00,1.497392177581787109e+00,1.580798864364624023e+00,1.631039500236511230e+00,1.807224273681640625e+00,1.941285490989685059e+00,2.183560132980346680e+00,2.215316534042358398e+00,2.552730083465576172e+00,2.680154800415039062e+00,2.989858150482177734e+00
