,A1,A2,A3,A4,A5,A6,A7,A8,A9,A10,A11,A12,A13,A14,A15,B1,B2,B3,B4,B5,B6,B7,B8,B9,B10,B11,B12,B13,B14,B15,C1,C2,C3,C4,C5,C6,C7,C8,C9,C10,C11,C12,C13,C14,C15,D1,D2,D3,D4,D5,D6,D7,D8,D9,D10,D11,D12,D13,D14,D15,E1,E2,E3,E4,E5,E6,E7,E8,E9,E10,E11,E12,E13,E14,E15
A1,0.0,0.38104766607284546,0.5781015753746033,0.922222375869751,1.0705149173736572,1.3635330200195312,1.2242298126220703,1.5674322843551636,1.5292119979858398,1.9069056510925293,1.9090806245803833,1.6027052402496338,1.8152101039886475,1.532261848449707,1.740844488143921,0.6792136430740356,0.7593243718147278,0.8872219920158386,1.137516736984253,1.461628794670105,1.6346498727798462,1.572975993156433,1.86265230178833,1.8895882368087769,2.254169225692749,2.2494771480560303,1.9946080446243286,2.2405457496643066,2.066236972808838,2.301671266555786,1.2564760446548462,1.250986099243164,1.2903854846954346,1.4896900653839111,1.7390116453170776,1.9422249794006348,1.9509127140045166,2.221647262573242,2.304492950439453,2.6435556411743164,2.63885498046875,2.4274680614471436,2.6955783367156982,2.562173843383789,2.8180344104766846,1.7661420106887817,1.7227904796600342,1.7283741235733032,1.892956256866455,2.0732483863830566,2.3067524433135986,2.3839223384857178,2.640946865081787,2.7733163833618164,3.0834107398986816,3.0804483890533447,2.9334545135498047,3.2330195903778076,3.1293785572052,3.4200119972229004,2.2939372062683105,2.2187771797180176,2.19999098777771,2.3284285068511963,2.339609384536743,2.6363868713378906,2.8483829498291016,2.9935481548309326,3.2968404293060303,3.4081690311431885,3.5925180912017822,3.8200178146362305,4.052591323852539,4.0363688468933105,4.376102447509766
A2,0.38104766607284546,0.0,0.39499425888061523,0.628055989742279,0.7023129463195801,0.9937198758125305,0.8636322617530823,1.2128379344940186,1.2254092693328857,1.594836711883545,1.622785210609436,1.352066993713379,1.6204705238342285,1.392890214920044,1.66591477394104,0.7803335785865784,0.6692172884941101,0.7793728709220886,0.9076709747314453,1.226848840713501,1.3501001596450806,1.2970173358917236,1.5657800436019897,1.6311969757080078,1.9782997369766235,1.981094479560852,1.7646310329437256,2.041346788406372,1.9209619760513306,2.192878484725952,1.3077157735824585,1.2003717422485352,1.2395858764648438,1.344560146331787,1.5811854600906372,1.7322134971618652,1.7416249513626099,1.9774036407470703,2.084848165512085,2.3982560634613037,2.3930108547210693,2.2175986766815186,2.498263120651245,2.4066991806030273,2.6830971240997314,1.7946149110794067,1.687548279762268,1.7101417779922485,1.804809331893921,1.9811216592788696,2.16379451751709,2.23275089263916,2.4501023292541504,2.597134590148926,2.87872052192688,2.8681559562683105,2.7556252479553223,3.0565807819366455,2.9869284629821777,3.2881252765655518,2.311039924621582,2.193514108657837,2.206437349319458,2.284158706665039,2.3197824954986572,2.5774173736572266,2.763108730316162,2.8738834857940674,3.1639564037323,3.253322124481201,3.406385660171509,3.634305238723755,3.841728448867798,3.797086477279663,4.127908229827881
A3,0.5781015753746033,0.39499425888061523,0.0,0.3743934631347656,0.6502045392990112,0.9449081420898438,0.9556054472923279,1.3281185626983643,1.4232126474380493,1.771422028541565,1.8686715364456177,1.6436816453933716,1.94805109500885,1.7545559406280518,2.0474579334259033,0.9066026210784912,0.754727303981781,0.6565553545951843,0.7721845507621765,1.0052928924560547,1.2179948091506958,1.2720688581466675,1.5896350145339966,1.7310665845870972,2.072158098220825,2.142781972885132,1.967081904411316,2.2836225032806396,2.1983399391174316,2.499739646911621,1.4028723239898682,1.2430596351623535,1.158715844154358,1.2265143394470215,1.3811700344085693,1.5805586576461792,1.6739743947982788,1.9410942792892456,2.1125710010528564,2.4215126037597656,2.4768154621124268,2.3364827632904053,2.655531883239746,2.601141929626465,2.9078023433685303,1.8650922775268555,1.7066417932510376,1.6439319849014282,1.6958757638931274,1.8004844188690186,2.002250909805298,2.1338515281677246,2.362461566925049,2.5620152950286865,2.835768938064575,2.875680923461914,2.7940168380737305,3.125189781188965,3.088890790939331,3.41544246673584,2.3539841175079346,2.1902263164520264,2.1488406658172607,2.1798102855682373,2.1611545085906982,2.3986659049987793,2.617570638656616,2.6958565711975098,3.011536121368408,3.066837787628174,3.2377827167510986,3.4943273067474365,3.6953396797180176,3.6695175170898438,3.9877285957336426
A4,0.922222375869751,0.628055989742279,0.3743934631347656,0.0,0.372104674577713,0.6335920691490173,0.7684600949287415,1.118969440460205,1.3055226802825928,1.610779881477356,1.755066990852356,1.595226526260376,1.9414434432983398,1.8134263753890991,2.1457021236419678,1.1627819538116455,0.9068107008934021,0.7560332417488098,0.674651563167572,0.8136667609214783,0.9829676151275635,1.1023107767105103,1.3944554328918457,1.604027509689331,1.9080742597579956,2.0073142051696777,1.8916677236557007,2.235867738723755,2.211789608001709,2.5410661697387695,1.5805809497833252,1.342931866645813,1.2376636266708374,1.1859081983566284,1.2815332412719727,1.4222068786621094,1.5446006059646606,1.770869255065918,1.986522912979126,2.2568142414093018,2.3296473026275635,2.2416179180145264,2.5750226974487305,2.5719592571258545,2.897400140762329,1.9963972568511963,1.7806059122085571,1.7179958820343018,1.6868295669555664,1.7611054182052612,1.9038887023925781,2.041626453399658,2.2235493659973145,2.4504992961883545,2.6859445571899414,2.732205867767334,2.6968841552734375,3.0314981937408447,3.0379321575164795,3.37540340423584,2.4535131454467773,2.247382879257202,2.2248308658599854,2.1956188678741455,2.188598155975342,2.3739137649536133,2.568966865539551,2.600268602371216,2.9036505222320557,2.9246346950531006,3.064596652984619,3.3274762630462646,3.497593641281128,3.4465198516845703,3.749110698699951
A5,1.0705149173736572,0.7023129463195801,0.6502045392990112,0.372104674577713,0.0,0.3741512596607208,0.5079203248023987,0.818540632724762,1.048961877822876,1.3280295133590698,1.4547160863876343,1.3287158012390137,1.6893354654312134,1.6049493551254272,1.953191876411438,1.3063267469406128,1.0140858888626099,0.9681678414344788,0.7986330389976501,0.9527590870857239,0.9773821830749512,1.0380789041519165,1.247007966041565,1.4523361921310425,1.7230935096740723,1.7824827432632446,1.6926827430725098,2.0277791023254395,2.0350866317749023,2.3625357151031494,1.6948096752166748,1.4428935050964355,1.4148454666137695,1.318688154220581,1.4442710876464844,1.494336724281311,1.5589410066604614,1.7151882648468018,1.9097542762756348,2.1461968421936035,2.176013231277466,2.1067850589752197,2.4175353050231934,2.430116653442383,2.7447423934936523,2.095731735229492,1.879004955291748,1.8818763494491577,1.8294084072113037,1.9412894248962402,2.025221109390259,2.1118052005767822,2.2436890602111816,2.4453303813934326,2.653181314468384,2.657621145248413,2.6364519596099854,2.9459030628204346,2.9608805179595947,3.2848076820373535,2.550445556640625,2.3503546714782715,2.383443593978882,2.3499157428741455,2.3932409286499023,2.5591988563537598,2.709636926651001,2.7327797412872314,3.003467321395874,3.026120185852051,3.1242055892944336,3.3660953044891357,3.5143275260925293,3.423342704772949,3.7220816612243652
A6,1.3635330200195312,0.9937198758125305,0.9449081420898438,0.6335920691490173,0.3741512596607208,0.0,0.37755587697029114,0.5780743360519409,0.8868575692176819,1.0947542190551758,1.3008126020431519,1.2590644359588623,1.6411359310150146,1.6364588737487793,2.013399600982666,1.4478495121002197,1.1024138927459717,1.0449358224868774,0.7532540559768677,0.8307220339775085,0.7222108244895935,0.7893002033233643,0.9378037452697754,1.1965751647949219,1.4235092401504517,1.5217938423156738,1.494727373123169,1.8526254892349243,1.9222561120986938,2.275192975997925,1.7246601581573486,1.4205818176269531,1.3984349966049194,1.2120507955551147,1.311442494392395,1.2725728750228882,1.3199366331100464,1.4188445806503296,1.6334404945373535,1.8320732116699219,1.8749853372573853,1.8513762950897217,2.1718180179595947,2.232996940612793,2.563732385635376,2.0560450553894043,1.799278736114502,1.8209342956542969,1.7054470777511597,1.815488576889038,1.8317806720733643,1.8916782140731812,1.9737390279769897,2.1776578426361084,2.3522379398345947,2.352250099182129,2.3647615909576416,2.6703975200653076,2.719756603240967,3.0490293502807617,2.463599681854248,2.2357563972473145,2.299541473388672,2.223883628845215,2.2996630668640137,2.4216370582580566,2.5300045013427734,2.5276219844818115,2.7695796489715576,2.782071113586426,2.846280097961426,3.0762057304382324,3.205353260040283,3.0923964977264404,3.386559009552002
A7,1.2242298126220703,0.8636322617530823,0.9556054472923279,0.7684600949287415,0.5079203248023987,0.37755587697029114,0.0,0.37354230880737305,0.5549170970916748,0.8436475396156311,1.0057952404022217,0.9104554057121277,1.287405252456665,1.2729743719100952,1.654067039489746,1.2381619215011597,0.9035835266113281,0.9759723544120789,0.7471112608909607,0.9656274318695068,0.8242421746253967,0.7107389569282532,0.832370936870575,0.976905107498169,1.2471911907196045,1.2791204452514648,1.1881496906280518,1.5292333364486694,1.5662561655044556,1.9109361171722412,1.4918161630630493,1.2202141284942627,1.296034812927246,1.1684825420379639,1.370485544204712,1.322829246520996,1.2701891660690308,1.3656821250915527,1.4960498809814453,1.7263069152832031,1.7082831859588623,1.6265645027160645,1.9209036827087402,1.9385762214660645,2.251966714859009,1.8305100202560425,1.6150394678115845,1.706721305847168,1.6460915803909302,1.8318809270858765,1.8575254678726196,1.8566365242004395,1.9531147480010986,2.095998525619507,2.299572706222534,2.252577781677246,2.215027093887329,2.4984521865844727,2.504805326461792,2.8152852058410645,2.2591729164123535,2.072765350341797,2.178683280944824,2.155635118484497,2.2761518955230713,2.433474540710449,2.5210788249969482,2.5690081119537354,2.793705701828003,2.8557982444763184,2.921515941619873,3.1212375164031982,3.27549409866333,3.1633312702178955,3.4796807765960693
A8,1.5674322843551636,1.2128379344940186,1.3281185626983643,1.118969440460205,0.818540632724762,0.5780743360519409,0.37354230880737305,0.0,0.3842846751213074,0.5239933729171753,0.7383844256401062,0.7763211131095886,1.1549444198608398,1.249674677848816,1.6368438005447388,1.5348535776138306,1.2037907838821411,1.3001940250396729,1.034349799156189,1.194718360900879,0.9437867403030396,0.778104305267334,0.7149540781974792,0.8395990133285522,1.0176386833190918,1.0123188495635986,0.9996216297149658,1.3303855657577515,1.443299651145935,1.7895262241363525,1.7046496868133545,1.426859974861145,1.5420372486114502,1.367738962173462,1.557193636894226,1.4198920726776123,1.3101950883865356,1.2993521690368652,1.396246075630188,1.5602747201919556,1.4960960149765015,1.4592307806015015,1.722671627998352,1.782981038093567,2.0866758823394775,1.9776289463043213,1.7573922872543335,1.8955007791519165,1.799086332321167,1.9977946281433105,1.9556611776351929,1.9018503427505493,1.9300535917282104,2.039952039718628,2.1973929405212402,2.1069717407226562,2.0967676639556885,2.345214366912842,2.3747451305389404,2.668449878692627,2.3611650466918945,2.17500901222229,2.3297884464263916,2.2871553897857666,2.4499449729919434,2.571802854537964,2.6076722145080566,2.6394076347351074,2.820166826248169,2.8804407119750977,2.8983917236328125,3.069298505783081,3.196838855743408,3.0452282428741455,3.3531746864318848
A9,1.5292119979858398,1.2254092693328857,1.4232126474380493,1.3055226802825928,1.048961877822876,0.8868575692176819,0.5549170970916748,0.3842846751213074,0.0,0.37891894578933716,0.5080379247665405,0.46763601899147034,0.8291717767715454,0.9350210428237915,1.3227906227111816,1.4019105434417725,1.1163564920425415,1.3118703365325928,1.1212899684906006,1.3599642515182495,1.1223981380462646,0.8419438004493713,0.7593079805374146,0.6911599636077881,0.9134227633476257,0.8097333312034607,0.686634361743927,0.9948537349700928,1.0673829317092896,1.4115999937057495,1.5085926055908203,1.2822617292404175,1.4869779348373413,1.3764113187789917,1.6398133039474487,1.509258508682251,1.3165841102600098,1.3093059062957764,1.3015522956848145,1.4998494386672974,1.3683321475982666,1.2512421607971191,1.4755859375,1.4766236543655396,1.7596473693847656,1.7615476846694946,1.5939433574676514,1.799387812614441,1.7593445777893066,2.020033121109009,1.9912513494491577,1.8828221559524536,1.9300931692123413,1.9726905822753906,2.1618707180023193,2.0272305011749268,1.9559438228607178,2.1762588024139404,2.1528666019439697,2.423030376434326,2.149062156677246,2.0117430686950684,2.2064855098724365,2.217047691345215,2.4184629917144775,2.571479082107544,2.5883519649505615,2.6704955101013184,2.834043502807617,2.9435250759124756,2.96921968460083,3.1100168228149414,3.266237735748291,3.1256494522094727,3.454174041748047
A10,1.9069056510925293,1.594836711883545,1.771422028541565,1.610779881477356,1.3280295133590698,1.0947542190551758,0.8436475396156311,0.5239933729171753,0.37891894578933716,0.0,0.3804236352443695,0.6074091196060181,0.8894021511077881,1.1228282451629639,1.482405662536621,1.7586761713027954,1.4671052694320679,1.6368709802627563,1.4009246826171875,1.5747407674789429,1.2703557014465332,0.9972237944602966,0.7644407749176025,0.6772158145904541,0.7269654870033264,0.5621142387390137,0.6042241454124451,0.8779590129852295,1.074548363685608,1.4076980352401733,1.798506259918213,1.559309482574463,1.760948657989502,1.5983558893203735,1.8256915807724,1.6232424974441528,1.4017165899276733,1.2883129119873047,1.2505055665969849,1.3555315732955933,1.174778938293457,1.1298671960830688,1.3098995685577393,1.381003737449646,1.6514410972595215,1.9775315523147583,1.7962651252746582,2.0201709270477295,1.9341996908187866,2.186450481414795,2.0930891036987305,1.9450912475585938,1.9192266464233398,1.932813286781311,2.062883138656616,1.8878264427185059,1.8564844131469727,2.0349371433258057,2.0480613708496094,2.299060106277466,2.3011748790740967,2.1553592681884766,2.384382486343384,2.362959623336792,2.5933663845062256,2.703098773956299,2.6717469692230225,2.7290244102478027,2.8479063510894775,2.9483439922332764,2.9254097938537598,3.0373334884643555,3.162210464477539,2.9831809997558594,3.298201322555542
A11,1.9090806245803833,1.622785210609436,1.8686715364456177,1.755066990852356,1.4547160863876343,1.3008126020431519,1.0057952404022217,0.7383844256401062,0.5080379247665405,0.3804236352443695,0.0,0.36515459418296814,0.566853404045105,0.8495795130729675,1.1765482425689697,1.8187530040740967,1.5781949758529663,1.808267593383789,1.6291143894195557,1.8548262119293213,1.5882550477981567,1.3074307441711426,1.1231476068496704,0.9787628650665283,1.0433897972106934,0.7700729966163635,0.7069304585456848,0.8374321460723877,0.9678812623023987,1.232554316520691,1.899368405342102,1.7206987142562866,1.9655566215515137,1.8622875213623047,2.12479305267334,1.9571995735168457,1.7284115552902222,1.6404359340667725,1.5610255002975464,1.6764277219772339,1.444551944732666,1.3476910591125488,1.4481544494628906,1.4468644857406616,1.6488940715789795,2.111783266067505,1.9874597787857056,2.2392899990081787,2.205756902694702,2.4824531078338623,2.419799327850342,2.2654950618743896,2.260714530944824,2.245349884033203,2.389385223388672,2.1864426136016846,2.118567943572998,2.259709358215332,2.2259912490844727,2.436004400253296,2.464404821395874,2.3663597106933594,2.6057705879211426,2.6297385692596436,2.8640010356903076,3.0050601959228516,2.9823498725891113,3.065427541732788,3.1865758895874023,3.304727792739868,3.288609504699707,3.3909549713134766,3.522876262664795,3.342203140258789,3.65812611579895
A12,1.6027052402496338,1.352066993713379,1.6436816453933716,1.595226526260376,1.3287158012390137,1.2590644359588623,0.9104554057121277,0.7763211131095886,0.46763601899147034,0.6074091196060181,0.36515459418296814,0.0,0.3840920329093933,0.5279539227485657,0.8970504999160767,1.530853271484375,1.3337550163269043,1.6090022325515747,1.4982553720474243,1.782629132270813,1.5779743194580078,1.288036584854126,1.203035593032837,1.041340708732605,1.2179957628250122,0.9758287668228149,0.774869441986084,0.9086114168167114,0.8944031000137329,1.1496922969818115,1.6601409912109375,1.52703857421875,1.7934459447860718,1.7562503814697266,2.055756092071533,1.9492897987365723,1.731066346168518,1.7201592922210693,1.6411709785461426,1.8289207220077515,1.620427131652832,1.4534257650375366,1.5751084089279175,1.49751615524292,1.695900797843933,1.9289336204528809,1.842786431312561,2.093724012374878,2.1162023544311523,2.4092652797698975,2.402547836303711,2.268894672393799,2.3239870071411133,2.3153297901153564,2.5107123851776123,2.3294427394866943,2.216635227203369,2.3819215297698975,2.3041882514953613,2.520306348800659,2.332509756088257,2.2618818283081055,2.480759620666504,2.5475072860717773,2.764305353164673,2.9480504989624023,2.960519790649414,3.075016736984253,3.2272727489471436,3.3631348609924316,3.387402057647705,3.505927085876465,3.6688053607940674,3.5209312438964844,3.8520476818084717
A13,1.8152101039886475,1.6204705238342285,1.94805109500885,1.9414434432983398,1.6893354654312134,1.6411359310150146,1.287405252456665,1.1549444198608398,0.8291717767715454,0.8894021511077881,0.566853404045105,0.3840920329093933,0.0,0.37705302238464355,0.6275172829627991,1.718184232711792,1.585227370262146,1.8998525142669678,1.8308651447296143,2.1327764987945557,1.9318333864212036,1.6180340051651,1.5144191980361938,1.2839215993881226,1.4219121932983398,1.111682415008545,0.8780668377876282,0.8399738669395447,0.7490366697311401,0.8863134980201721,1.801305890083313,1.7341299057006836,2.043595314025879,2.045224189758301,2.367764949798584,2.261204481124878,2.008964776992798,1.9840686321258545,1.8421021699905396,2.016965627670288,1.7556475400924683,1.5527926683425903,1.585259199142456,1.446567177772522,1.562022089958191,2.035266876220703,2.0098764896392822,2.3007662296295166,2.3599462509155273,2.68023419380188,2.6754181385040283,2.508132219314575,2.560856819152832,2.5011494159698486,2.697942018508911,2.4781441688537598,2.3301496505737305,2.4440677165985107,2.3223111629486084,2.487304449081421,2.4176137447357178,2.4005448818206787,2.6474688053131104,2.7523021697998047,2.992427110671997,3.1900370121002197,3.1840054988861084,3.326169490814209,3.4573702812194824,3.6211235523223877,3.639944553375244,3.73107647895813,3.9022974967956543,3.751878261566162,4.087626934051514
A14,1.532261848449707,1.392890214920044,1.7545559406280518,1.8134263753890991,1.6049493551254272,1.6364588737487793,1.2729743719100952,1.249674677848816,0.9350210428237915,1.1228282451629639,0.8495795130729675,0.5279539227485657,0.37705302238464355,0.0,0.39090386033058167,1.4807848930358887,1.409761667251587,1.7520155906677246,1.7531102895736694,2.0931806564331055,1.955847978591919,1.6578826904296875,1.6395692825317383,1.428876280784607,1.6437091827392578,1.381787896156311,1.0941001176834106,1.1002155542373657,0.9037429094314575,1.0153753757476807,1.6327484846115112,1.6182975769042969,1.9292689561843872,1.993536353111267,2.334878921508789,2.2888710498809814,2.0633816719055176,2.106423854827881,1.9855631589889526,2.214704751968384,1.9898624420166016,1.7511123418807983,1.8198084831237793,1.637039065361023,1.75813627243042,1.9313870668411255,1.9422523975372314,2.2144227027893066,2.3236334323883057,2.6453657150268555,2.694577932357788,2.558605432510376,2.6640241146087646,2.6240041255950928,2.8608219623565674,2.6715235710144043,2.497452974319458,2.6415655612945557,2.493368625640869,2.6707637310028076,2.3636703491210938,2.36811900138855,2.581479787826538,2.7216637134552,2.9335970878601074,3.168447732925415,3.2017822265625,3.3652873039245605,3.5293593406677246,3.7003889083862305,3.756629228591919,3.8686697483062744,4.063250541687012,3.9416987895965576,4.287164688110352
A15,1.740844488143921,1.66591477394104,2.0474579334259033,2.1457021236419678,1.953191876411438,2.013399600982666,1.654067039489746,1.6368438005447388,1.3227906227111816,1.482405662536621,1.1765482425689697,0.8970504999160767,0.6275172829627991,0.39090386033058167,0.0,1.7080378532409668,1.7049294710159302,2.0645320415496826,2.1059839725494385,2.458355665206909,2.3365235328674316,2.034027099609375,2.0162808895111084,1.7798869609832764,1.978575348854065,1.6895215511322021,1.3949275016784668,1.3105947971343994,1.058815836906433,1.0245780944824219,1.8474421501159668,1.8975168466567993,2.225841999053955,2.328644037246704,2.682443141937256,2.6503524780273438,2.414085626602173,2.459698438644409,2.3084168434143066,2.5346367359161377,2.2852368354797363,2.0252628326416016,2.038551092147827,1.8093831539154053,1.8560993671417236,2.1302216053009033,2.197969913482666,2.485196113586426,2.631037712097168,2.965961217880249,3.0297257900238037,2.8815689086914062,2.995439291000366,2.9273197650909424,3.1705188751220703,2.962564706802368,2.762061834335327,2.8731539249420166,2.688244581222534,2.8235249519348145,2.5499842166900635,2.6031978130340576,2.822739839553833,2.9991252422332764,3.2160091400146484,3.4692561626434326,3.500851631164551,3.687314033508301,3.844700336456299,4.034999847412109,4.095684051513672,4.1938982009887695,4.397862434387207,4.27960729598999,4.628807067871094
B1,0.6792136430740356,0.7803335785865784,0.9066026210784912,1.1627819538116455,1.3063267469406128,1.4478495121002197,1.2381619215011597,1.5348535776138306,1.4019105434417725,1.7586761713027954,1.8187530040740967,1.530853271484375,1.718184232711792,1.4807848930358887,1.7080378532409668,0.0,0.37066638469696045,0.6214098930358887,0.9378436803817749,1.2914856672286987,1.4306575059890747,1.2837285995483398,1.5779664516448975,1.5285487174987793,1.908890724182129,1.9400991201400757,1.6583305597305298,1.899585485458374,1.7107723951339722,1.9643694162368774,0.5780687928199768,0.6378225684165955,0.766554594039917,1.0582581758499146,1.383311152458191,1.5758094787597656,1.5130984783172607,1.8086422681808472,1.8314629793167114,2.2018611431121826,2.211042642593384,1.9593063592910767,2.2292704582214355,2.075658082962036,2.341461181640625,1.0877337455749512,1.0746431350708008,1.1238046884536743,1.3529739379882812,1.6034218072891235,1.8400375843048096,1.8637535572052002,2.149538040161133,2.2328879833221436,2.574997901916504,2.5721781253814697,2.380807638168335,2.6788365840911865,2.548847198486328,2.839406728744507,1.6161576509475708,1.5617197751998901,1.565087914466858,1.7387571334838867,1.800742268562317,2.1200642585754395,2.3000545501708984,2.497941732406616,2.776790142059326,2.941549777984619,3.13584041595459,3.331068515777588,3.597510814666748,3.608503818511963,3.9685146808624268
B2,0.7593243718147278,0.6692172884941101,0.754727303981781,0.9068107008934021,1.0140858888626099,1.1024138927459717,0.9035835266113281,1.2037907838821411,1.1163564920425415,1.4671052694320679,1.5781949758529663,1.3337550163269043,1.585227370262146,1.409761667251587,1.7049294710159302,0.37066638469696045,0.0,0.3784153163433075,0.5975624918937683,0.9721686840057373,1.0741462707519531,0.9298630356788635,1.2353988885879517,1.2359652519226074,1.6147035360336304,1.6763819456100464,1.4366929531097412,1.7299286127090454,1.607017993927002,1.91242516040802,0.6914845705032349,0.5313166975975037,0.6325205564498901,0.805452287197113,1.1322990655899048,1.2813584804534912,1.2260640859603882,1.5065116882324219,1.5698837041854858,1.9254273176193237,1.9502631425857544,1.7386085987091064,2.0403480529785156,1.9408860206604004,2.2421157360076904,1.1448709964752197,1.0184253454208374,1.0685967206954956,1.1977336406707764,1.4394954442977905,1.626490592956543,1.6521841287612915,1.904365062713623,2.0168652534484863,2.3341267108917236,2.334479570388794,2.183850049972534,2.4964640140533447,2.410902261734009,2.723287582397461,1.649008870124817,1.5248764753341675,1.555193305015564,1.653745412826538,1.7344075441360474,2.0073678493499756,2.166268825531006,2.3221657276153564,2.595163583755493,2.7326228618621826,2.899829149246216,3.1026253700256348,3.345334768295288,3.331831216812134,3.6845321655273438
B3,0.8872219920158386,0.7793728709220886,0.6565553545951843,0.7560332417488098,0.9681678414344788,1.0449358224868774,0.9759723544120789,1.3001940250396729,1.3118703365325928,1.6368709802627563,1.808267593383789,1.6090022325515747,1.8998525142669678,1.7520155906677246,2.0645320415496826,0.6214098930358887,0.3784153163433075,0.0,0.38189131021499634,0.6863181591033936,0.9025074243545532,0.8905946016311646,1.2545419931411743,1.3540774583816528,1.7149462699890137,1.8480467796325684,1.6644535064697266,1.9948991537094116,1.9174681901931763,2.2451894283294678,0.8839181661605835,0.6489871740341187,0.5048829913139343,0.617226243019104,0.8562535047531128,1.0790725946426392,1.1341828107833862,1.4567261934280396,1.6034141778945923,1.9478517770767212,2.0419578552246094,1.8795009851455688,2.2199652194976807,2.1687090396881104,2.4972622394561768,1.2740858793258667,1.072279691696167,0.9926124811172485,1.0534228086471558,1.2074296474456787,1.4234322309494019,1.5294716358184814,1.7970819473266602,1.976363182067871,2.2824885845184326,2.3413238525390625,2.2316277027130127,2.577228307723999,2.534518003463745,2.872953414916992,1.7284516096115112,1.5409495830535889,1.500659704208374,1.5326420068740845,1.5476216077804565,1.7989968061447144,1.9986926317214966,2.116652727127075,2.422159433364868,2.521798610687256,2.709226608276367,2.9452555179595947,3.181243419647217,3.1867260932922363,3.5271353721618652
B4,1.137516736984253,0.9076709747314453,0.7721845507621765,0.674651563167572,0.7986330389976501,0.7532540559768677,0.7471112608909607,1.034349799156189,1.1212899684906006,1.4009246826171875,1.6291143894195557,1.4982553720474243,1.8308651447296143,1.7531102895736694,2.1059839725494385,0.9378436803817749,0.5975624918937683,0.38189131021499634,0.0,0.38468340039253235,0.5304412841796875,0.5743386149406433,0.9444257020950317,1.126927137374878,1.4561246633529663,1.626816987991333,1.5090739727020264,1.8741267919540405,1.867688775062561,2.2267327308654785,1.1165739297866821,0.790702760219574,0.6617584228515625,0.5254340171813965,0.7061423063278198,0.8282880187034607,0.9050589203834534,1.1859194040298462,1.3880228996276855,1.6956835985183716,1.8082284927368164,1.703373908996582,2.0638275146484375,2.07258939743042,2.4232277870178223,1.430393099784851,1.158901572227478,1.1044888496398926,1.035709261894226,1.1643900871276855,1.2872713804244995,1.386113166809082,1.5930007696151733,1.8020676374435425,2.0668296813964844,2.1258535385131836,2.067885398864746,2.4180994033813477,2.424286365509033,2.775209426879883,1.8360249996185303,1.5997291803359985,1.6009021997451782,1.5542588233947754,1.600361943244934,1.7815152406692505,1.9395647048950195,2.0036323070526123,2.28926944732666,2.356022357940674,2.5026872158050537,2.7416257858276367,2.9458205699920654,2.9184789657592773,3.2488017082214355
B5,1.461628794670105,1.226848840713501,1.0052928924560547,0.8136667609214783,0.9527590870857239,0.8307220339775085,0.9656274318695068,1.194718360900879,1.3599642515182495,1.5747407674789429,1.8548262119293213,1.782629132270813,2.1327764987945557,2.0931806564331055,2.458355665206909,1.2914856672286987,0.9721686840057373,0.6863181591033936,0.38468340039253235,0.0,0.38193753361701965,0.6544438600540161,0.9933056235313416,1.2672303915023804,1.5350520610809326,1.7725409269332886,1.7250276803970337,2.1068737506866455,2.1503987312316895,2.523886203765869,1.4144830703735352,1.069130539894104,0.8472379446029663,0.5780745148658752,0.5183838605880737,0.6326437592506409,0.8572640419006348,1.1248468160629272,1.414412260055542,1.674713134765625,1.856004238128662,1.8188005685806274,2.200427532196045,2.2651431560516357,2.6333541870117188,1.6523323059082031,1.333262324333191,1.2062699794769287,1.0267438888549805,1.035412073135376,1.1143196821212769,1.2855042219161987,1.4623903036117554,1.739904761314392,1.9643077850341797,2.0787558555603027,2.0802230834960938,2.4488887786865234,2.5089111328125,2.8767788410186768,1.9849698543548584,1.6967756748199463,1.6622257232666016,1.5273327827453613,1.5311387777328491,1.6413397789001465,1.805446982383728,1.802073359489441,2.099226474761963,2.1117889881134033,2.2550389766693115,2.523019313812256,2.7041900157928467,2.682302713394165,2.9935786724090576
B6,1.6346498727798462,1.3501001596450806,1.2179948091506958,0.9829676151275635,0.9773821830749512,0.7222108244895935,0.8242421746253967,0.9437867403030396,1.1223981380462646,1.2703557014465332,1.5882550477981567,1.5779743194580078,1.9318333864212036,1.955847978591919,2.3365235328674316,1.4306575059890747,1.0741462707519531,0.9025074243545532,0.5304412841796875,0.38193753361701965,0.0,0.37453144788742065,0.6405239701271057,0.9637309312820435,1.1879241466522217,1.4426660537719727,1.4479020833969116,1.8365918397903442,1.9335806369781494,2.317986488342285,1.4891265630722046,1.1191215515136719,1.0034136772155762,0.6717724204063416,0.6762000322341919,0.5538364052772522,0.670453667640686,0.8361978530883789,1.1361942291259766,1.358577013015747,1.5253010988235474,1.5268316268920898,1.9058119058609009,2.010044813156128,2.382270097732544,1.6773980855941772,1.3452653884887695,1.3085395097732544,1.0875892639160156,1.1569005250930786,1.119148850440979,1.1975849866867065,1.2915399074554443,1.5442370176315308,1.7325104475021362,1.8069603443145752,1.835567593574524,2.187422752380371,2.2720887660980225,2.635463237762451,1.9813408851623535,1.6906017065048218,1.7338804006576538,1.5835680961608887,1.6664750576019287,1.7371835708618164,1.8234705924987793,1.8070123195648193,2.0492074489593506,2.068162202835083,2.151862382888794,2.389051675796509,2.5472004413604736,2.479051351547241,2.793704032897949
B7,1.572975993156433,1.2970173358917236,1.2720688581466675,1.1023107767105103,1.0380789041519165,0.7893002033233643,0.7107389569282532,0.778104305267334,0.8419438004493713,0.9972237944602966,1.3074307441711426,1.288036584854126,1.6180340051651,1.6578826904296875,2.034027099609375,1.2837285995483398,0.9298630356788635,0.8905946016311646,0.5743386149406433,0.6544438600540161,0.37453144788742065,0.0,0.37809813022613525,0.6148152351379395,0.8989192247390747,1.121225118637085,1.0875993967056274,1.4738496541976929,1.5630959272384644,1.9481315612792969,1.2762551307678223,0.9150733947753906,0.929182231426239,0.6521005630493164,0.8292104601860046,0.6703994870185852,0.561708390712738,0.6965596675872803,0.8901354074478149,1.1583406925201416,1.257714867591858,1.2044389247894287,1.5743592977523804,1.6522687673568726,2.020002603530884,1.4466824531555176,1.1402548551559448,1.2083384990692139,1.0427985191345215,1.2292490005493164,1.1840656995773315,1.1530237197875977,1.2463593482971191,1.4116748571395874,1.6304371356964111,1.636929988861084,1.612790584564209,1.944023847579956,1.9904930591583252,2.3410050868988037,1.7655080556869507,1.5114686489105225,1.6247223615646362,1.5318388938903809,1.6874351501464844,1.7939910888671875,1.8383865356445312,1.8815609216690063,2.088352680206299,2.167433500289917,2.237464666366577,2.4297666549682617,2.6087000370025635,2.5289065837860107,2.8654556274414062
B8,1.86265230178833,1.5657800436019897,1.5896350145339966,1.3944554328918457,1.247007966041565,0.9378037452697754,0.832370936870575,0.7149540781974792,0.7593079805374146,0.7644407749176025,1.1231476068496704,1.203035593032837,1.5144191980361938,1.6395692825317383,2.0162808895111084,1.5779664516448975,1.2353988885879517,1.2545419931411743,0.9444257020950317,0.9933056235313416,0.6405239701271057,0.37809813022613525,0.0,0.38721081614494324,0.5560182929039001,0.8106027245521545,0.8797319531440735,1.2616175413131714,1.4329129457473755,1.8194308280944824,1.5207453966140747,1.1835559606552124,1.261609435081482,0.9850888252258301,1.1348109245300293,0.8759424090385437,0.6747093796730042,0.5862255692481995,0.7224054336547852,0.9036257266998291,0.9547567963600159,0.9662777185440063,1.3196064233779907,1.4577473402023315,1.8225256204605103,1.626244068145752,1.3365224599838257,1.4691017866134644,1.2821398973464966,1.4796867370605469,1.349204421043396,1.2369004487991333,1.2234411239624023,1.3331513404846191,1.4899882078170776,1.4335957765579224,1.4451786279678345,1.7382643222808838,1.8162965774536133,2.152026891708374,1.8893312215805054,1.647939920425415,1.8238273859024048,1.7173957824707031,1.9230599403381348,1.9868545532226562,1.9629085063934326,1.9876986742019653,2.132344961166382,2.211991786956787,2.2195723056793213,2.3719215393066406,2.519953489303589,2.391223430633545,2.7225236892700195
B9,1.8895882368087769,1.6311969757080078,1.7310665845870972,1.604027509689331,1.4523361921310425,1.1965751647949219,0.976905107498169,0.8395990133285522,0.6911599636077881,0.6772158145904541,0.9787628650665283,1.041340708732605,1.2839215993881226,1.428876280784607,1.7798869609832764,1.5285487174987793,1.2359652519226074,1.3540774583816528,1.126927137374878,1.2672303915023804,0.9637309312820435,0.6148152351379395,0.38721081614494324,0.0,0.38074734807014465,0.542839527130127,0.5320112109184265,0.9061945080757141,1.0719259977340698,1.4569147825241089,1.388837456703186,1.109706163406372,1.295533537864685,1.1032145023345947,1.3380118608474731,1.1059118509292603,0.8001207709312439,0.7015447616577148,0.6128233075141907,0.8386471271514893,0.7632352709770203,0.6570385098457336,0.990013837814331,1.0839532613754272,1.4454991817474365,1.446764349937439,1.2165544033050537,1.4435455799102783,1.3271229267120361,1.6011618375778198,1.4860212802886963,1.294242024421692,1.2938518524169922,1.2918452024459839,1.4817140102386475,1.347853660583496,1.2766504287719727,1.5290937423706055,1.5459356307983398,1.8590576648712158,1.6993250846862793,1.5160136222839355,1.754774808883667,1.7130458354949951,1.9715224504470825,2.0687763690948486,2.013993740081787,2.099168300628662,2.212588310241699,2.3508379459381104,2.358464241027832,2.4659030437469482,2.6401236057281494,2.516359329223633,2.864412784576416
B10,2.254169225692749,1.9782997369766235,2.072158098220825,1.9080742597579956,1.7230935096740723,1.4235092401504517,1.2471911907196045,1.0176386833190918,0.9134227633476257,0.7269654870033264,1.0433897972106934,1.2179957628250122,1.4219121932983398,1.6437091827392578,1.978575348854065,1.908890724182129,1.6147035360336304,1.7149462699890137,1.4561246633529663,1.5350520610809326,1.1879241466522217,0.8989192247390747,0.5560182929039001,0.38074734807014465,0.0,0.3822445273399353,0.6142598390579224,0.9062792658805847,1.1804845333099365,1.5371119976043701,1.7439974546432495,1.4707977771759033,1.6400995254516602,1.4104771614074707,1.5878630876541138,1.2917859554290771,0.9875007271766663,0.7375569343566895,0.6023524403572083,0.6341890096664429,0.479065865278244,0.5418017506599426,0.826901912689209,1.0401315689086914,1.3846691846847534,1.7401995658874512,1.5106371641159058,1.7382417917251587,1.5771076679229736,1.8217500448226929,1.6349095106124878,1.4045804738998413,1.299151062965393,1.2554473876953125,1.3523914813995361,1.1610356569290161,1.1573011875152588,1.3555022478103638,1.435123324394226,1.7286252975463867,1.9131219387054443,1.7263697385787964,1.9905080795288086,1.9106677770614624,2.1899938583374023,2.2322981357574463,2.121239423751831,2.171111583709717,2.2256810665130615,2.349783420562744,2.296177864074707,2.365777015686035,2.5013506412506104,2.33211088180542,2.6661336421966553
B11,2.2494771480560303,1.981094479560852,2.142781972885132,2.0073142051696777,1.7824827432632446,1.5217938423156738,1.2791204452514648,1.0123188495635986,0.8097333312034607,0.5621142387390137,0.7700729966163635,0.9758287668228149,1.111682415008545,1.381787896156311,1.6895215511322021,1.9400991201400757,1.6763819456100464,1.8480467796325684,1.626816987991333,1.7725409269332886,1.4426660537719727,1.121225118637085,0.8106027245521545,0.542839527130127,0.3822445273399353,0.0,0.36713582277297974,0.5821733474731445,0.8993472456932068,1.231867790222168,1.8052175045013428,1.5842876434326172,1.8166403770446777,1.6454347372055054,1.8738375902175903,1.6149280071258545,1.3046326637268066,1.1027613878250122,0.9194416999816895,0.9607763290405273,0.6805013418197632,0.6304841637611389,0.7618619203567505,0.9043003916740417,1.1940315961837769,1.8353233337402344,1.6678335666656494,1.9422194957733154,1.8420395851135254,2.1216742992401123,1.9710063934326172,1.734696388244629,1.6559464931488037,1.5711673498153687,1.6773216724395752,1.436379075050354,1.3805842399597168,1.5060800313949585,1.5200318098068237,1.7553154230117798,2.044647216796875,1.916428565979004,2.203904151916504,2.179187297821045,2.468217134475708,2.546933889389038,2.443463087081909,2.5223469734191895,2.5756235122680664,2.7183008193969727,2.6658902168273926,2.719034194946289,2.8548929691314697,2.6750621795654297,3.0037574768066406
B12,1.9946080446243286,1.7646310329437256,1.967081904411316,1.8916677236557007,1.6926827430725098,1.494727373123169,1.1881496906280518,0.9996216297149658,0.686634361743927,0.6042241454124451,0.7069304585456848,0.774869441986084,0.8780668377876282,1.0941001176834106,1.3949275016784668,1.6583305597305298,1.4366929531097412,1.6644535064697266,1.5090739727020264,1.7250276803970337,1.4479020833969116,1.0875993967056274,0.8797319531440735,0.5320112109184265,0.6142598390579224,0.36713582277297974,0.0,0.38938966393470764,0.5899865031242371,0.961529016494751,1.5212689638137817,1.3494757413864136,1.6330169439315796,1.5345371961593628,1.821632742881775,1.624105453491211,1.3032780885696411,1.19902503490448,0.9921121001243591,1.1516039371490479,0.8964892625808716,0.6867074966430664,0.816947877407074,0.7999136447906494,1.0870929956436157,1.583389401435852,1.4662455320358276,1.7710295915603638,1.7408589124679565,2.0588536262512207,1.9695558547973633,1.741377353668213,1.7391250133514404,1.6460535526275635,1.8249871730804443,1.6008414030075073,1.465879201889038,1.6083779335021973,1.5412523746490479,1.772071361541748,1.8463033437728882,1.7614151239395142,2.04888916015625,2.0842204093933105,2.3705174922943115,2.5026023387908936,2.4313764572143555,2.557222604751587,2.64180064201355,2.8146653175354004,2.808002233505249,2.873319387435913,3.0476088523864746,2.9048848152160645,3.250653028488159
B13,2.2405457496643066,2.041346788406372,2.2836225032806396,2.235867738723755,2.0277791023254395,1.8526254892349243,1.5292333364486694,1.3303855657577515,0.9948537349700928,0.8779590129852295,0.8374321460723877,0.9086114168167114,0.8399738669395447,1.1002155542373657,1.3105947971343994,1.899585485458374,1.7299286127090454,1.9948991537094116,1.8741267919540405,2.1068737506866455,1.8365918397903442,1.4738496541976929,1.2616175413131714,0.9061945080757141,0.9062792658805847,0.5821733474731445,0.38938966393470764,0.0,0.37245121598243713,0.6539830565452576,1.7300355434417725,1.6250284910202026,1.9436312913894653,1.8827897310256958,2.1835358142852783,1.9888546466827393,1.6504780054092407,1.528975248336792,1.2636818885803223,1.3756344318389893,1.0515649318695068,0.8191074132919312,0.7553828358650208,0.6443203687667847,0.8128959536552429,1.7501919269561768,1.700646996498108,2.040881395339966,2.045677423477173,2.3822500705718994,2.2916879653930664,2.03196382522583,2.016934633255005,1.8626452684402466,2.0253384113311768,1.750225305557251,1.58021879196167,1.6349126100540161,1.5140084028244019,1.6671518087387085,1.9728957414627075,1.9499027729034424,2.267869710922241,2.339292526245117,2.6480846405029297,2.7872209548950195,2.6912052631378174,2.840254545211792,2.893645763397217,3.091893196105957,3.070930242538452,3.0997350215911865,3.2744884490966797,3.1232962608337402,3.4665606021881104
