,A1,A2,A3,A4,A5,A6,A7,A8,A9,A10,A11,A12,A13,A14,A15,B1,B2,B3,B4,B5,B6,B7,B8,B9,B10,B11,B12,B13,B14,B15,C1,C2,C3,C4,C5,C6,C7,C8,C9,C10,C11,C12,C13,C14,C15,D1,D2,D3,D4,D5,D6,D7,D8,D9,D10,D11,D12,D13,D14,D15,E1,E2,E3,E4,E5,E6,E7,E8,E9,E10,E11,E12,E13,E14,E15
A1,0.0,0.3840876519680023,0.5880874395370483,0.9124183058738708,1.142322301864624,1.4847580194473267,1.7088502645492554,2.0669820308685303,2.341801166534424,2.5845906734466553,2.838395595550537,2.6285483837127686,2.897045135498047,2.689375638961792,2.8988749980926514,1.5114740133285522,1.5228520631790161,1.3579647541046143,1.4721335172653198,1.6432305574417114,1.8858344554901123,2.058563232421875,2.4062681198120117,2.7385878562927246,2.8976733684539795,3.1849706172943115,3.039421558380127,3.318343162536621,3.221301555633545,3.4792213439941406,2.440822124481201,2.3349380493164062,2.238518238067627,2.2621424198150635,2.2162070274353027,2.454237461090088,2.510117530822754,2.8059139251708984,3.1241984367370605,3.2024827003479004,3.5169761180877686,3.423689842224121,3.71399188041687,3.694444179534912,3.9655134677886963,3.1649112701416016,3.020420789718628,2.937283992767334,2.9217522144317627,2.885186195373535,3.018256664276123,3.0137577056884766,3.275449514389038,3.591214656829834,3.5712099075317383,3.921778917312622,3.903461456298828,4.199617862701416,4.283737659454346,4.600220680236816,4.168149471282959,3.920520067214966,3.9171111583709717,3.7632408142089844,3.91043758392334,4.004818439483643,3.950629711151123,4.104297637939453,4.2117018699646,4.167106628417969,4.436394691467285,4.599754810333252,4.766834735870361,5.032083034515381,5.260210990905762
A2,0.3840876519680023,0.0,0.38825106620788574,0.5957483649253845,0.8874594569206238,1.190049648284912,1.4395991563796997,1.7808343172073364,2.0550878047943115,2.33097505569458,2.60241436958313,2.4228014945983887,2.7195498943328857,2.5454001426696777,2.7984938621520996,1.3915458917617798,1.3141125440597534,1.1087841987609863,1.1500742435455322,1.3067381381988525,1.5207306146621704,1.718654990196228,2.0609850883483887,2.4079465866088867,2.595797061920166,2.9014086723327637,2.781552314758301,3.0844106674194336,3.016650676727295,3.3033430576324463,2.2598648071289062,2.1018459796905518,1.9873830080032349,1.9637435674667358,1.889248251914978,2.104407787322998,2.1633400917053223,2.450382947921753,2.780982732772827,2.876434326171875,3.2065839767456055,3.137040615081787,3.4454705715179443,3.4525911808013916,3.745148181915283,2.9583427906036377,2.7767367362976074,2.6870920658111572,2.6335034370422363,2.5818185806274414,2.6876986026763916,2.674453020095825,2.9233717918395996,3.2457196712493896,3.2350618839263916,3.5924618244171143,3.5943827629089355,3.899238348007202,4.004298686981201,4.330549716949463,3.9251596927642822,3.6582958698272705,3.658048629760742,3.4785079956054688,3.6168901920318604,3.688375473022461,3.616466522216797,3.7596421241760254,3.860269069671631,3.821126699447632,4.084323883056641,4.260990619659424,4.428380012512207,4.705584526062012,4.9375081062316895
A3,0.5880874395370483,0.38825106620788574,0.0,0.382246196269989,0.5544174313545227,0.9026626944541931,1.1281667947769165,1.4818440675735474,1.7712619304656982,2.0103533267974854,2.283268451690674,2.1022469997406006,2.397993803024292,2.235563039779663,2.486302614212036,1.3218190670013428,1.2099190950393677,1.1163971424102783,1.1473344564437866,1.2027943134307861,1.4289817810058594,1.5464473962783813,1.8753738403320312,2.2029974460601807,2.3463592529296875,2.64556884765625,2.5267341136932373,2.818964719772339,2.7628235816955566,3.0436627864837646,2.228816270828247,2.0633997917175293,2.0152716636657715,1.9559401273727417,1.9254467487335205,2.0985565185546875,2.0855555534362793,2.340989112854004,2.643781900405884,2.688849449157715,3.003020763397217,2.932499647140503,3.2222936153411865,3.235935926437378,3.5151946544647217,2.9272007942199707,2.749554395675659,2.71317458152771,2.6421635150909424,2.6338510513305664,2.7098305225372314,2.641092538833618,2.861818552017212,3.1546223163604736,3.0985467433929443,3.4367945194244385,3.4363901615142822,3.718644618988037,3.82656192779541,4.138537406921387,3.895451307296753,3.6397995948791504,3.6804733276367188,3.4981555938720703,3.667175054550171,3.721731424331665,3.625060796737671,3.738676071166992,3.8051719665527344,3.7290821075439453,3.973026990890503,4.134091854095459,4.274445056915283,4.541025161743164,4.75161600112915
A4,0.9124183058738708,0.5957483649253845,0.382246196269989,0.0,0.37049931287765503,0.6039822697639465,0.9033412337303162,1.2147983312606812,1.5257132053375244,1.7973438501358032,2.103907346725464,1.975878357887268,2.3069581985473633,2.199226140975952,2.495285987854004,1.4196771383285522,1.2053526639938354,1.091426134109497,0.9982500076293945,0.9772936701774597,1.1279457807540894,1.263207197189331,1.5664260387420654,1.9177219867706299,2.093289613723755,2.4221298694610596,2.3486478328704834,2.669471025466919,2.6602776050567627,2.972669839859009,2.216820001602173,1.991215467453003,1.9292725324630737,1.799106478691101,1.7294294834136963,1.8486744165420532,1.8244520425796509,2.0478782653808594,2.364454746246338,2.421738386154175,2.756488084793091,2.726200580596924,3.035043954849243,3.0897984504699707,3.3915505409240723,2.868041515350342,2.6474177837371826,2.608321189880371,2.48488712310791,2.4577748775482178,2.486865997314453,2.396881580352783,2.5862185955047607,2.8826422691345215,2.830949068069458,3.173769474029541,3.206813335418701,3.4944543838500977,3.6344828605651855,3.9547853469848633,3.778623104095459,3.501600503921509,3.5489583015441895,3.3338732719421387,3.4898033142089844,3.5095114707946777,3.38433575630188,3.47688889503479,3.5264716148376465,3.4533677101135254,3.6805169582366943,3.8612060546875,3.9936046600341797,4.277087211608887,4.486363887786865
A5,1.142322301864624,0.8874594569206238,0.5544174313545227,0.37049931287765503,0.0,0.3762853145599365,0.5875808000564575,0.9312010407447815,1.2415382862091064,1.4731311798095703,1.7708861827850342,1.6334422826766968,1.9606345891952515,1.8626902103424072,2.158113479614258,1.350079894065857,1.1175333261489868,1.131921648979187,1.0592663288116455,0.9362707734107971,1.1109267473220825,1.1250615119934082,1.411418080329895,1.7224777936935425,1.8394594192504883,2.1507198810577393,2.067819595336914,2.3723995685577393,2.368058919906616,2.6711270809173584,2.142066717147827,1.9231808185577393,1.9338483810424805,1.7867482900619507,1.7798975706100464,1.864989161491394,1.7634986639022827,1.9566937685012817,2.2299325466156006,2.229602098464966,2.5381977558135986,2.495680809020996,2.7804596424102783,2.8330843448638916,3.117868185043335,2.781759262084961,2.5759222507476807,2.592569351196289,2.4658281803131104,2.4908981323242188,2.502143621444702,2.361074924468994,2.527405023574829,2.7854175567626953,2.685575246810913,3.003974199295044,3.0233447551727295,3.285728931427002,3.4191534519195557,3.722766637802124,3.6900269985198975,3.431720733642578,3.518641233444214,3.3116650581359863,3.501298189163208,3.5138766765594482,3.374101161956787,3.4419353008270264,3.461756467819214,3.3497118949890137,3.5625600814819336,3.718071222305298,3.826984167098999,4.0924506187438965,4.282206058502197
A6,1.4847580194473267,1.190049648284912,0.9026626944541931,0.6039822697639465,0.3762853145599365,0.0,0.38254013657569885,0.6226953864097595,0.9732485413551331,1.2271991968154907,1.5649561882019043,1.5006368160247803,1.859573245048523,1.8339375257492065,2.1675944328308105,1.5503430366516113,1.2493211030960083,1.272528052330017,1.1027685403823853,0.8703548312187195,0.9279187321662903,0.8946118354797363,1.1153481006622314,1.4359081983566284,1.568178653717041,1.9089384078979492,1.8834025859832764,2.2111904621124268,2.264775037765503,2.593860387802124,2.206064224243164,1.9387980699539185,1.9549669027328491,1.7374342679977417,1.7091360092163086,1.7171651124954224,1.5746393203735352,1.7066051959991455,1.9743378162384033,1.9646756649017334,2.28586745262146,2.2896792888641357,2.5846869945526123,2.6843366622924805,2.9849491119384766,2.779893636703491,2.539344072341919,2.5683107376098633,2.3899052143096924,2.41011905670166,2.3650779724121094,2.1855955123901367,2.302739143371582,2.5472335815429688,2.4352078437805176,2.7470273971557617,2.801546335220337,3.058845281600952,3.2262520790100098,3.531245231628418,3.6154725551605225,3.3435161113739014,3.4472968578338623,3.2116100788116455,3.3947370052337646,3.3684792518615723,3.194978713989258,3.230698585510254,3.22103214263916,3.0996954441070557,3.2861533164978027,3.455165386199951,3.545671224594116,3.8237111568450928,4.004298210144043
A7,1.7088502645492554,1.4395991563796997,1.1281667947769165,0.9033412337303162,0.5875808000564575,0.38254013657569885,0.0,0.3809543550014496,0.6591213345527649,0.8961179852485657,1.2050325870513916,1.1200276613235474,1.4793848991394043,1.4641692638397217,1.8105394840240479,1.4435433149337769,1.13618803024292,1.2735728025436401,1.1425576210021973,0.8508503437042236,0.9505346417427063,0.7644746899604797,0.9667724967002869,1.2112030982971191,1.2730069160461426,1.582887053489685,1.5307059288024902,1.844020962715149,1.8946106433868408,2.2189273834228516,2.026823043823242,1.7732150554656982,1.8622102737426758,1.6435155868530273,1.6915253400802612,1.680105447769165,1.4649893045425415,1.5777287483215332,1.7857862710952759,1.7180540561676025,2.0041327476501465,1.9790682792663574,2.2508254051208496,2.338249683380127,2.625014066696167,2.570894718170166,2.350883722305298,2.4349253177642822,2.2645323276519775,2.3428244590759277,2.293829917907715,2.0730197429656982,2.179070234298706,2.3793768882751465,2.222306728363037,2.5084750652313232,2.5341005325317383,2.769277811050415,2.9189226627349854,3.2096312046051025,3.3965957164764404,3.1479861736297607,3.287874698638916,3.0693886280059814,3.2876737117767334,3.2649412155151367,3.089453935623169,3.10951566696167,3.0800955295562744,2.921938180923462,3.105687141418457,3.2397239208221436,3.3176653385162354,3.5708720684051514,3.7400877475738525
A8,2.0669820308685303,1.7808343172073364,1.4818440675735474,1.2147983312606812,0.9312010407447815,0.6226953864097595,0.3809543550014496,0.0,0.4012501537799835,0.6314778923988342,0.9945998787879944,1.0285457372665405,1.405289649963379,1.488939881324768,1.8560830354690552,1.7495180368423462,1.4181417226791382,1.5583620071411133,1.3743146657943726,1.029467225074768,1.0050513744354248,0.7368812561035156,0.7763134241104126,0.972620964050293,1.008829116821289,1.3450665473937988,1.3738571405410767,1.6991695165634155,1.8251776695251465,2.165282964706421,2.1961848735809326,1.91322660446167,2.016068696975708,1.7428594827651978,1.780598521232605,1.6860792636871338,1.4169116020202637,1.432420253753662,1.6000117063522339,1.4909864664077759,1.7728790044784546,1.8041460514068604,2.0714833736419678,2.214921712875366,2.5075650215148926,2.6561405658721924,2.412916660308838,2.5189406871795654,2.3034188747406006,2.3859941959381104,2.27803635597229,2.0105035305023193,2.04844331741333,2.2118771076202393,2.0238969326019287,2.2854082584381104,2.3482306003570557,2.5631673336029053,2.7491238117218018,3.0315515995025635,3.3899178504943848,3.1368308067321777,3.301055669784546,3.0599558353424072,3.275472402572632,3.2118005752563477,3.0003888607025146,2.978159189224243,2.906895637512207,2.7270021438598633,2.8719496726989746,3.011080265045166,3.0574941635131836,3.317122459411621,3.4671237468719482
A9,2.341801166534424,2.0550878047943115,1.7712619304656982,1.5257132053375244,1.2415382862091064,0.9732485413551331,0.6591213345527649,0.4012501537799835,0.0,0.4025140702724457,0.6894488334655762,0.7667542695999146,1.1383886337280273,1.270561933517456,1.6603047847747803,1.751099944114685,1.4191927909851074,1.6156730651855469,1.446753978729248,1.0866618156433105,1.0616984367370605,0.6919434666633606,0.6387868523597717,0.6772671937942505,0.6293145418167114,0.9490127563476562,0.9794259667396545,1.3149371147155762,1.4677222967147827,1.8221558332443237,2.0271637439727783,1.7468938827514648,1.9033682346343994,1.620393991470337,1.7169989347457886,1.5878773927688599,1.2551472187042236,1.228226900100708,1.314096212387085,1.145702600479126,1.3950319290161133,1.4112452268600464,1.6705986261367798,1.822003960609436,2.118705987930298,2.4060556888580322,2.1705260276794434,2.32327938079834,2.1032111644744873,2.233973503112793,2.1106226444244385,1.8040595054626465,1.8184202909469604,1.929451823234558,1.7006703615188599,1.9364292621612549,1.9771031141281128,2.177150249481201,2.3555092811584473,2.63246750831604,3.082293748855591,2.846473217010498,3.0429039001464844,2.8120508193969727,3.052546977996826,2.9842488765716553,2.768927812576294,2.7280988693237305,2.637521982192993,2.4256725311279297,2.5691516399383545,2.676178216934204,2.7173540592193604,2.957141399383545,3.105248212814331
A10,2.5845906734466553,2.33097505569458,2.0103533267974854,1.7973438501358032,1.4731311798095703,1.2271991968154907,0.8961179852485657,0.6314778923988342,0.4025140702724457,0.0,0.38919898867607117,0.5726974606513977,0.9093068242073059,1.1257328987121582,1.4821540117263794,1.9964553117752075,1.704505443572998,1.9486428499221802,1.8170088529586792,1.4671943187713623,1.462834119796753,1.093761920928955,1.0018802881240845,0.9316974878311157,0.7043728828430176,0.9083850979804993,0.95333331823349,1.2072991132736206,1.3942440748214722,1.7048619985580444,2.2809693813323975,2.0390381813049316,2.2398788928985596,1.977247953414917,2.1027705669403076,1.969015121459961,1.617426872253418,1.5485622882843018,1.5567922592163086,1.2983510494232178,1.4545152187347412,1.4644988775253296,1.6426414251327515,1.7975232601165771,2.041341781616211,2.6334471702575684,2.4326982498168945,2.628028392791748,2.422729969024658,2.584972381591797,2.456181764602661,2.1282618045806885,2.108720541000366,2.1603310108184814,1.8774561882019043,2.045694589614868,2.073173761367798,2.208756446838379,2.3771955966949463,2.6096723079681396,3.2797319889068604,3.075526237487793,3.3052217960357666,3.0918006896972656,3.352708339691162,3.2784488201141357,3.054708480834961,2.9856905937194824,2.859320640563965,2.6080210208892822,2.7121527194976807,2.783209800720215,2.7753443717956543,2.9820210933685303,3.0855910778045654
A11,2.838395595550537,2.60241436958313,2.283268451690674,2.103907346725464,1.7708861827850342,1.5649561882019043,1.2050325870513916,0.9945998787879944,0.6894488334655762,0.38919898867607117,0.0,0.370684415102005,0.5981703400611877,0.8981024622917175,1.2344310283660889,2.0699310302734375,1.8147376775741577,2.1087586879730225,2.0179224014282227,1.6855040788650513,1.7134371995925903,1.3242563009262085,1.226679801940918,1.0458252429962158,0.7021064758300781,0.7197907567024231,0.705232560634613,0.8714683055877686,1.073532223701477,1.3561714887619019,2.2419698238372803,2.04058837890625,2.2963578701019287,2.0613322257995605,2.243006944656372,2.111877202987671,1.7379604578018188,1.659534215927124,1.582730770111084,1.2615387439727783,1.3137717247009277,1.2653448581695557,1.3686414957046509,1.497417688369751,1.7015318870544434,2.526944398880005,2.3661656379699707,2.612248182296753,2.4321370124816895,2.644252061843872,2.5247466564178467,2.1819186210632324,2.1550936698913574,2.146620988845825,1.8232513666152954,1.934073805809021,1.90959894657135,1.9966212511062622,2.126706838607788,2.326516628265381,3.1290581226348877,2.963261604309082,3.2268877029418945,3.0441696643829346,3.3347220420837402,3.2710559368133545,3.0580339431762695,2.9780402183532715,2.837581157684326,2.552351713180542,2.6511435508728027,2.6682562828063965,2.644803762435913,2.8061671257019043,2.8915860652923584
A12,2.6285483837127686,2.4228014945983887,2.1022469997406006,1.975878357887268,1.6334422826766968,1.5006368160247803,1.1200276613235474,1.0285457372665405,0.7667542695999146,0.5726974606513977,0.370684415102005,0.0,0.37913963198661804,0.560785710811615,0.9286693930625916,1.7846455574035645,1.5734108686447144,1.9071168899536133,1.8769241571426392,1.5816082954406738,1.691311240196228,1.3187776803970337,1.3259400129318237,1.2022919654846191,0.9170185923576355,0.9278448224067688,0.7547462582588196,0.8903006315231323,0.9520405530929565,1.215359091758728,2.0157880783081055,1.8586721420288086,2.138615131378174,1.9565551280975342,2.17429518699646,2.1051998138427734,1.7549909353256226,1.7578794956207275,1.7151899337768555,1.4342173337936401,1.4961612224578857,1.362094521522522,1.464311122894287,1.500504732131958,1.6879464387893677,2.364041566848755,2.2412710189819336,2.492964506149292,2.3620235919952393,2.592573404312134,2.5265116691589355,2.2141313552856445,2.2507944107055664,2.271710157394409,1.972279667854309,2.1097700595855713,2.0326104164123535,2.1397018432617188,2.2151331901550293,2.4195356369018555,3.0617194175720215,2.9118032455444336,3.165532350540161,3.01375675201416,3.3204751014709473,3.2993977069854736,3.121772527694702,3.0805399417877197,2.978679656982422,2.7079861164093018,2.8500404357910156,2.854534387588501,2.8659915924072266,3.0137057304382324,3.119525194168091
A13,2.897045135498047,2.7195498943328857,2.397993803024292,2.3069581985473633,1.9606345891952515,1.859573245048523,1.4793848991394043,1.405289649963379,1.1383886337280273,0.9093068242073059,0.5981703400611877,0.37913963198661804,0.0,0.3829154670238495,0.6542689800262451,1.9571529626846313,1.8019609451293945,2.167123556137085,2.1776251792907715,1.9067100286483765,2.037860870361328,1.6666767597198486,1.6687337160110474,1.4967377185821533,1.1692150831222534,1.054511547088623,0.8282296061515808,0.7882764935493469,0.786379873752594,0.9461293816566467,2.1147348880767822,2.015352487564087,2.336275339126587,2.192059278488159,2.447430372238159,2.3888089656829834,2.0354294776916504,2.0343739986419678,1.9384193420410156,1.6262493133544922,1.600298523902893,1.4131721258163452,1.4170341491699219,1.3906720876693726,1.4960331916809082,2.40781307220459,2.3392553329467773,2.6316280364990234,2.5355050563812256,2.8032681941986084,2.752375841140747,2.4385976791381836,2.47244930267334,2.4482507705688477,2.1258487701416016,2.2088534832000732,2.083188772201538,2.1351521015167236,2.1576669216156006,2.3134422302246094,3.070624828338623,2.966355085372925,3.2467610836029053,3.1315455436706543,3.462244749069214,3.455893039703369,3.2928597927093506,3.2455008029937744,3.134573459625244,2.8401918411254883,2.973794937133789,2.9296932220458984,2.9239020347595215,3.022961139678955,3.104314088821411
A14,2.689375638961792,2.5454001426696777,2.235563039779663,2.199226140975952,1.8626902103424072,1.8339375257492065,1.4641692638397217,1.488939881324768,1.270561933517456,1.1257328987121582,0.8981024622917175,0.560785710811615,0.3829154670238495,0.0,0.4010433554649353,1.6859840154647827,1.5922573804855347,1.982365608215332,2.054447650909424,1.8335586786270142,2.0313596725463867,1.6948127746582031,1.7793837785720825,1.6635797023773193,1.3973468542099,1.319644808769226,1.0258477926254272,1.0015885829925537,0.8499715924263,0.9670149087905884,1.905998706817627,1.859358787536621,2.1915111541748047,2.1058244705200195,2.384793519973755,2.386458158493042,2.0681679248809814,2.1382603645324707,2.0832390785217285,1.820785641670227,1.8249467611312866,1.5891393423080444,1.6155997514724731,1.5130867958068848,1.6107079982757568,2.2683265209198,2.2387523651123047,2.524000644683838,2.4784462451934814,2.7534167766571045,2.754794120788574,2.4785356521606445,2.570685625076294,2.582108974456787,2.2936387062072754,2.4106788635253906,2.2520461082458496,2.334818124771118,2.316483497619629,2.4844472408294678,3.0282468795776367,2.93548846244812,3.1958343982696533,3.109473705291748,3.4475932121276855,3.4822170734405518,3.3542377948760986,3.346435070037842,3.2757551670074463,3.0042293071746826,3.178227663040161,3.1343400478363037,3.1658341884613037,3.263364315032959,3.3701865673065186
A15,2.8988749980926514,2.7984938621520996,2.486302614212036,2.495285987854004,2.158113479614258,2.1675944328308105,1.8105394840240479,1.8560830354690552,1.6603047847747803,1.4821540117263794,1.2344310283660889,0.9286693930625916,0.6542689800262451,0.4010433554649353,0.0,1.8975389003753662,1.8720037937164307,2.273638963699341,2.3868868350982666,2.1937286853790283,2.4137773513793945,2.0876998901367188,2.18036150932312,2.0578484535217285,1.7750657796859741,1.6562026739120483,1.35850989818573,1.2440186738967896,1.0389249324798584,1.0004593133926392,2.120537042617798,2.1357622146606445,2.4841578006744385,2.440044641494751,2.736412286758423,2.7591655254364014,2.4499123096466064,2.527235507965088,2.455946683883667,2.1829044818878174,2.1459414958953857,1.8869287967681885,1.8499506711959839,1.694430947303772,1.7052334547042847,2.4654505252838135,2.491184711456299,2.7933554649353027,2.786576986312866,3.0794730186462402,3.102898120880127,2.8367199897766113,2.9359097480773926,2.9291772842407227,2.633694648742676,2.7204511165618896,2.5323753356933594,2.5773820877075195,2.514425039291382,2.6372127532958984,3.2186925411224365,3.1669068336486816,3.436533212661743,3.3856611251831055,3.7379629611968994,3.792495012283325,3.6819512844085693,3.6776952743530273,3.6074891090393066,3.3260104656219482,3.4959213733673096,3.4215972423553467,3.4417529106140137,3.503330707550049,3.5894463062286377
B1,1.5114740133285522,1.3915458917617798,1.3218190670013428,1.4196771383285522,1.350079894065857,1.5503430366516113,1.4435433149337769,1.7495180368423462,1.751099944114685,1.9964553117752075,2.0699310302734375,1.7846455574035645,1.9571529626846313,1.6859840154647827,1.8975389003753662,0.0,0.38591694831848145,0.6102127432823181,0.9475870728492737,1.0933212041854858,1.468475341796875,1.4700329303741455,1.8252208232879639,1.991109013557434,2.0815157890319824,2.231605291366577,1.9698967933654785,2.1799397468566895,1.9810514450073242,2.2056477069854736,1.0072693824768066,1.0104877948760986,1.110870122909546,1.253647804260254,1.4653518199920654,1.7318809032440186,1.6966297626495361,2.0358645915985107,2.2286369800567627,2.272493600845337,2.490006685256958,2.277062177658081,2.5204763412475586,2.401082754135132,2.64517879486084,1.7481672763824463,1.688868522644043,1.7259749174118042,1.8037227392196655,1.9406623840332031,2.1324210166931152,2.0886378288269043,2.3955800533294678,2.6252617835998535,2.5704948902130127,2.875035524368286,2.7420895099639893,3.0167479515075684,3.0065255165100098,3.3032588958740234,2.799617290496826,2.61798357963562,2.6798839569091797,2.604290723800659,2.8526053428649902,3.0013489723205566,2.9904112815856934,3.1501994132995605,3.2618050575256348,3.1660726070404053,3.47773814201355,3.543579578399658,3.737119436264038,3.92865252494812,4.169594764709473
B2,1.5228520631790161,1.3141125440597534,1.2099190950393677,1.2053526639938354,1.1175333261489868,1.2493211030960083,1.13618803024292,1.4181417226791382,1.4191927909851074,1.704505443572998,1.8147376775741577,1.5734108686447144,1.8019609451293945,1.5922573804855347,1.8720037937164307,0.38591694831848145,0.0,0.4073753356933594,0.6393786072731018,0.7175391316413879,1.0911719799041748,1.0860930681228638,1.4460195302963257,1.6342191696166992,1.7573208808898926,1.9470300674438477,1.7262136936187744,1.9851731061935425,1.8459621667861938,2.1244399547576904,1.040940761566162,0.8978320956230164,0.9806382656097412,1.004602313041687,1.1914137601852417,1.4144165515899658,1.3525197505950928,1.6815824508666992,1.895833134651184,1.9496421813964844,2.1998653411865234,2.0270845890045166,2.3043034076690674,2.2385261058807373,2.519665241241455,1.7337753772735596,1.5944797992706299,1.6300071477890015,1.6244456768035889,1.7428038120269775,1.8801079988479614,1.8010371923446655,2.0847206115722656,2.3260483741760254,2.2685089111328125,2.588428497314453,2.492673873901367,2.780475616455078,2.8134241104125977,3.126749038696289,2.730393886566162,2.511969566345215,2.587007999420166,2.460017681121826,2.6981441974639893,2.803305149078369,2.753187894821167,2.8892908096313477,2.9803712368011475,2.8818790912628174,3.1793932914733887,3.2690393924713135,3.453308343887329,3.6681973934173584,3.908125400543213
B3,1.3579647541046143,1.1087841987609863,1.1163971424102783,1.091426134109497,1.131921648979187,1.272528052330017,1.2735728025436401,1.5583620071411133,1.6156730651855469,1.9486428499221802,2.1087586879730225,1.9071168899536133,2.167123556137085,1.982365608215332,2.273638963699341,0.6102127432823181,0.4073753356933594,0.0,0.3716360926628113,0.6501705050468445,0.993022620677948,1.134539008140564,1.509069561958313,1.7622967958450317,1.9617869853973389,2.195201873779297,2.018251419067383,2.308649778366089,2.1983134746551514,2.495152711868286,1.1804648637771606,0.9945530891418457,0.9073669910430908,0.9349238872528076,1.0045157670974731,1.284926414489746,1.3319169282913208,1.6931785345077515,1.9712600708007812,2.097388982772827,2.3903982639312744,2.258357286453247,2.5698728561401367,2.532331943511963,2.838075876235962,1.8534870147705078,1.6710946559906006,1.6086369752883911,1.5870928764343262,1.6162585020065308,1.771844744682312,1.7596572637557983,2.0674216747283936,2.3624489307403564,2.3665237426757812,2.718449354171753,2.65741229057312,2.975831985473633,3.033604621887207,3.3674983978271484,2.820891857147217,2.5674045085906982,2.5865840911865234,2.435000419616699,2.622065305709839,2.7278037071228027,2.688645124435425,2.852114200592041,2.9762885570526123,2.9273717403411865,3.2359559535980225,3.3643951416015625,3.571927070617676,3.8153600692749023,4.075583457946777
B4,1.4721335172653198,1.1500742435455322,1.1473344564437866,0.9982500076293945,1.0592663288116455,1.1027685403823853,1.1425576210021973,1.3743146657943726,1.446753978729248,1.8170088529586792,2.0179224014282227,1.8769241571426392,2.1776251792907715,2.054447650909424,2.3868868350982666,0.9475870728492737,0.6393786072731018,0.3716360926628113,0.0,0.3704570531845093,0.648373007774353,0.8694049119949341,1.2326486110687256,1.5282493829727173,1.7819336652755737,2.058222532272339,1.9405664205551147,2.269286632537842,2.2198941707611084,2.552910089492798,1.3599905967712402,1.0795344114303589,0.9468201994895935,0.8259298801422119,0.7892270088195801,1.0123368501663208,1.0716160535812378,1.4175751209259033,1.7363418340682983,1.89368736743927,2.223644256591797,2.1471381187438965,2.4881677627563477,2.5061404705047607,2.8402228355407715,1.9478108882904053,1.6986916065216064,1.6184488534927368,1.508242130279541,1.4885767698287964,1.5771106481552124,1.5449299812316895,1.8232399225234985,2.1413960456848145,2.1609084606170654,2.5294346809387207,2.51650071144104,2.847789764404297,2.9507346153259277,3.297835111618042,2.8306121826171875,2.5428566932678223,2.563178062438965,2.3600916862487793,2.520714282989502,2.5786733627319336,2.5008249282836914,2.6430318355560303,2.751995325088501,2.7140629291534424,3.0062735080718994,3.1673777103424072,3.3686299324035645,3.6390609741210938,3.90010404586792
B5,1.6432305574417114,1.3067381381988525,1.2027943134307861,0.9772936701774597,0.9362707734107971,0.8703548312187195,0.8508503437042236,1.029467225074768,1.0866618156433105,1.4671943187713623,1.6855040788650513,1.5816082954406738,1.9067100286483765,1.8335586786270142,2.1937286853790283,1.0933212041854858,0.7175391316413879,0.6501705050468445,0.3704570531845093,0.0,0.37985071539878845,0.5088236927986145,0.8828387260437012,1.1887341737747192,1.4370145797729492,1.736158013343811,1.6508656740188599,1.9982545375823975,1.9950031042099,2.3479106426239014,1.4639179706573486,1.1459147930145264,1.1030727624893188,0.8746066689491272,0.8679065704345703,0.9544153213500977,0.8873862624168396,1.176081657409668,1.4835344552993774,1.5991932153701782,1.9378176927566528,1.889017939567566,2.2323355674743652,2.287893056869507,2.6282410621643066,1.9994568824768066,1.730412244796753,1.7133831977844238,1.5449649095535278,1.5622975826263428,1.571703553199768,1.4504941701889038,1.6684961318969727,1.9589192867279053,1.9300317764282227,2.2883355617523193,2.2975287437438965,2.6137752532958984,2.744027614593506,3.08565616607666,2.8325655460357666,2.5446126461029053,2.612104654312134,2.3859076499938965,2.5662150382995605,2.5805439949035645,2.4557859897613525,2.55017352104187,2.6103484630584717,2.534743070602417,2.7973837852478027,2.957906484603882,3.1281754970550537,3.4022207260131836,3.6437671184539795
B6,1.8858344554901123,1.5207306146621704,1.4289817810058594,1.1279457807540894,1.1109267473220825,0.9279187321662903,0.9505346417427063,1.0050513744354248,1.0616984367370605,1.462834119796753,1.7134371995925903,1.691311240196228,2.037860870361328,2.0313596725463867,2.4137773513793945,1.468475341796875,1.0911719799041748,0.993022620677948,0.648373007774353,0.37985071539878845,0.0,0.39403578639030457,0.6649507284164429,1.0240585803985596,1.3456171751022339,1.6843782663345337,1.680405616760254,2.0531599521636963,2.115553140640259,2.490939140319824,1.7162376642227173,1.356785535812378,1.2779455184936523,0.9612687230110168,0.84778892993927,0.7949662804603577,0.7236372828483582,0.9407086372375488,1.294182300567627,1.4522744417190552,1.8271514177322388,1.8521027565002441,2.217910051345825,2.333883762359619,2.6951992511749268,2.154116153717041,1.8378493785858154,1.8023953437805176,1.5593153238296509,1.5260177850723267,1.4506211280822754,1.3035120964050293,1.4612833261489868,1.7691582441329956,1.7622251510620117,2.13154935836792,2.2007017135620117,2.5252673625946045,2.704301357269287,3.0544183254241943,2.876432418823242,2.5612316131591797,2.626356363296509,2.3546602725982666,2.5009942054748535,2.461876630783081,2.2953169345855713,2.3601529598236084,2.3993139266967773,2.338634490966797,2.576657295227051,2.774883985519409,2.9369802474975586,3.240018844604492,3.481778860092163
B7,2.058563232421875,1.718654990196228,1.5464473962783813,1.263207197189331,1.1250615119934082,0.8946118354797363,0.7644746899604797,0.7368812561035156,0.6919434666633606,1.093761920928955,1.3242563009262085,1.3187776803970337,1.6666767597198486,1.6948127746582031,2.0876998901367188,1.4700329303741455,1.0860930681228638,1.134539008140564,0.8694049119949341,0.5088236927986145,0.39403578639030457,0.0,0.38158005475997925,0.7011788487434387,0.9730508327484131,1.3117443323135376,1.3085765838623047,1.6834049224853516,1.7689030170440674,2.148183584213257,1.6825844049453735,1.3356311321258545,1.370351791381836,1.0473147630691528,1.0597987174987793,0.9540722370147705,0.7085277438163757,0.8397073745727539,1.1092286109924316,1.1696529388427734,1.5242540836334229,1.5391130447387695,1.888423204421997,2.014256238937378,2.3664004802703857,2.0902652740478516,1.7949274778366089,1.8447834253311157,1.602086067199707,1.65424644947052,1.553918719291687,1.3199635744094849,1.4273676872253418,1.6641184091567993,1.5728172063827515,1.9110721349716187,1.9640581607818604,2.259042501449585,2.436487913131714,2.7706825733184814,2.7993597984313965,2.510714292526245,2.632883310317993,2.37520694732666,2.5683906078338623,2.5189292430877686,2.332149028778076,2.3566977977752686,2.347795248031616,2.225419282913208,2.441453695297241,2.6042234897613525,2.7333078384399414,3.0151729583740234,3.233135223388672
B8,2.4062681198120117,2.0609850883483887,1.8753738403320312,1.5664260387420654,1.411418080329895,1.1153481006622314,0.9667724967002869,0.7763134241104126,0.6387868523597717,1.0018802881240845,1.226679801940918,1.3259400129318237,1.6687337160110474,1.7793837785720825,2.18036150932312,1.8252208232879639,1.4460195302963257,1.509069561958313,1.2326486110687256,0.8828387260437012,0.6649507284164429,0.38158005475997925,0.0,0.397909551858902,0.735020637512207,1.1057952642440796,1.2071424722671509,1.5892828702926636,1.754087209701538,2.142700433731079,1.9295891523361206,1.573256254196167,1.6254711151123047,1.2656093835830688,1.2632347345352173,1.045569658279419,0.730964720249176,0.6625939607620239,0.8799171447753906,0.9064518809318542,1.2785462141036987,1.3763986825942993,1.7272083759307861,1.920855164527893,2.2796123027801514,2.231854200363159,1.9186285734176636,1.9939347505569458,1.7030855417251587,1.7579309940338135,1.5786999464035034,1.2824585437774658,1.2817330360412598,1.469478726387024,1.3416705131530762,1.6592508554458618,1.7671133279800415,2.0447616577148438,2.2698307037353516,2.5974655151367188,2.8178622722625732,2.5261549949645996,2.675610303878784,2.392528533935547,2.5782904624938965,2.4761569499969482,2.2431118488311768,2.2117936611175537,2.148977041244507,2.000856399536133,2.171793222427368,2.3471384048461914,2.444279670715332,2.7400026321411133,2.942034959793091
B9,2.7385878562927246,2.4079465866088867,2.2029974460601807,1.9177219867706299,1.7224777936935425,1.4359081983566284,1.2112030982971191,0.972620964050293,0.6772671937942505,0.9316974878311157,1.0458252429962158,1.2022919654846191,1.4967377185821533,1.6635797023773193,2.0578484535217285,1.991109013557434,1.6342191696166992,1.7622967958450317,1.5282493829727173,1.1887341737747192,1.0240585803985596,0.7011788487434387,0.397909551858902,0.0,0.40442419052124023,0.7437000870704651,0.9056471586227417,1.2768495082855225,1.4929245710372925,1.8797484636306763,1.954425573348999,1.619746208190918,1.7397842407226562,1.3893228769302368,1.4585782289505005,1.2094295024871826,0.8301091194152832,0.6402170062065125,0.6542461514472961,0.5414727330207825,0.89207923412323,1.0169038772583008,1.3571323156356812,1.5870399475097656,1.9439525604248047,2.151228427886963,1.8552504777908325,1.9953176975250244,1.701802134513855,1.8190726041793823,1.6135326623916626,1.259141445159912,1.1884043216705322,1.270472526550293,1.0553312301635742,1.3259047269821167,1.4275580644607544,1.6763665676116943,1.9116450548171997,2.226879119873047,2.64336895942688,2.377370595932007,2.575498104095459,2.3042778968811035,2.5205764770507812,2.4016499519348145,2.152661085128784,2.0781359672546387,1.967603325843811,1.761130928993225,1.9078669548034668,2.0429766178131104,2.11382794380188,2.3885035514831543,2.576101779937744
B10,2.8976733684539795,2.595797061920166,2.3463592529296875,2.093289613723755,1.8394594192504883,1.568178653717041,1.2730069160461426,1.008829116821289,0.6293145418167114,0.7043728828430176,0.7021064758300781,0.9170185923576355,1.1692150831222534,1.3973468542099,1.7750657796859741,2.0815157890319824,1.7573208808898926,1.9617869853973389,1.7819336652755737,1.4370145797729492,1.3456171751022339,0.9730508327484131,0.735020637512207,0.40442419052124023,0.0,0.3931489586830139,0.6060678362846375,0.9502301812171936,1.2162842750549316,1.5856406688690186,2.0556640625,1.7705637216567993,1.9632450342178345,1.6538193225860596,1.785782814025879,1.5697245597839355,1.178209662437439,1.0072441101074219,0.8997277617454529,0.5964840650558472,0.7816604375839233,0.8648739457130432,1.12750244140625,1.364128828048706,1.6835919618606567,2.2365574836730957,1.9926002025604248,2.1969475746154785,1.9418690204620361,2.115922689437866,1.931878685951233,1.5648385286331177,1.483167052268982,1.478503704071045,1.1763365268707275,1.3480021953582764,1.4004602432250977,1.572249174118042,1.7843397855758667,2.0577595233917236,2.7209761142730713,2.500711679458618,2.7437148094177246,2.5079922676086426,2.7617061138153076,2.6536648273468018,2.410733699798584,2.3137621879577637,2.1689364910125732,1.905961513519287,2.017195701599121,2.0887293815612793,2.1075425148010254,2.333390474319458,2.4770097732543945
B11,3.1849706172943115,2.9014086723327637,2.64556884765625,2.4221298694610596,2.1507198810577393,1.9089384078979492,1.582887053489685,1.3450665473937988,0.9490127563476562,0.9083850979804993,0.7197907567024231,0.9278448224067688,1.054511547088623,1.319644808769226,1.6562026739120483,2.231605291366577,1.9470300674438477,2.195201873779297,2.058222532272339,1.736158013343811,1.6843782663345337,1.3117443323135376,1.1057952642440796,0.7437000870704651,0.3931489586830139,0.0,0.37476056814193726,0.622907817363739,0.9512397646903992,1.2931323051452637,2.0922133922576904,1.8548797369003296,2.1012518405914307,1.828942894935608,2.014954090118408,1.8091893196105957,1.4149267673492432,1.2424458265304565,1.0227422714233398,0.6380016207695007,0.5958104729652405,0.6061971187591553,0.7751064300537109,1.0279572010040283,1.3220247030258179,2.1808712482452393,1.9827460050582886,2.243804693222046,2.018598794937134,2.2457826137542725,2.072415351867676,1.6970489025115967,1.600367546081543,1.5063202381134033,1.1481167078018188,1.2185032367706299,1.2025620937347412,1.3027368783950806,1.481566309928894,1.7213220596313477,2.5867533683776855,2.412384033203125,2.6975975036621094,2.497122049331665,2.7819111347198486,2.681666135787964,2.4501185417175293,2.3341064453125,2.1661434173583984,1.8578908443450928,1.9524437189102173,1.9515436887741089,1.9439945220947266,2.113577127456665,2.2341628074645996
B12,3.039421558380127,2.781552314758301,2.5267341136932373,2.3486478328704834,2.067819595336914,1.8834025859832764,1.5307059288024902,1.3738571405410767,0.9794259667396545,0.95333331823349,0.705232560634613,0.7547462582588196,0.8282296061515808,1.0258477926254272,1.35850989818573,1.9698967933654785,1.7262136936187744,2.018251419067383,1.9405664205551147,1.6508656740188599,1.680405616760254,1.3085765838623047,1.2071424722671509,0.9056471586227417,0.6060678362846375,0.37476056814193726,0.0,0.3830825984477997,0.6138548851013184,0.9861234426498413,1.8173056840896606,1.6272821426391602,1.92026686668396,1.703271508216858,1.9462506771087646,1.80485999584198,1.4248807430267334,1.350830078125,1.1671276092529297,0.8435569405555725,0.7992627024650574,0.6091367602348328,0.7469878792762756,0.8533331751823425,1.141832947731018,1.9383269548416138,1.7872111797332764,2.077984094619751,1.909584641456604,2.1763105392456055,2.064227342605591,1.7169997692108154,1.6996084451675415,1.632302165031433,1.3017457723617554,1.3946715593338013,1.2828316688537598,1.3946739435195923,1.4807460308074951,1.7191799879074097,2.4416987895965576,2.2941527366638184,2.5829813480377197,2.4242897033691406,2.7393295764923096,2.690711736679077,2.502955675125122,2.4313628673553467,2.308363914489746,2.012462854385376,2.15960693359375,2.1287755966186523,2.1599795818328857,2.2965729236602783,2.4334657192230225
B13,3.318343162536621,3.0844106674194336,2.818964719772339,2.669471025466919,2.3723995685577393,2.2111904621124268,1.844020962715149,1.6991695165634155,1.3149371147155762,1.2072991132736206,0.8714683055877686,0.8903006315231323,0.7882764935493469,1.0015885829925537,1.2440186738967896,2.1799397468566895,1.9851731061935425,2.308649778366089,2.269286632537842,1.9982545375823975,2.0531599521636963,1.6834049224853516,1.5892828702926636,1.2768495082855225,0.9502301812171936,0.622907817363739,0.3830825984477997,0.0,0.385305255651474,0.6752573251724243,1.9712014198303223,1.8443539142608643,2.1737704277038574,1.9992411136627197,2.2722132205963135,2.1458144187927246,1.7745715379714966,1.6994516849517822,1.4716731309890747,1.1313350200653076,0.9602988958358765,0.7098264098167419,0.6319400072097778,0.6464369893074036,0.8348402380943298,2.023019313812256,1.9360802173614502,2.268529176712036,2.1404807567596436,2.4410789012908936,2.345505475997925,2.0052053928375244,1.9806530475616455,1.8587104082107544,1.509195327758789,1.5150127410888672,1.3412258625030518,1.358755111694336,1.3711825609207153,1.540408968925476,2.4616363048553467,2.371551990509033,2.692487955093384,2.576761484146118,2.914588689804077,2.879270315170288,2.7077815532684326,2.625115156173706,2.4877214431762695,2.1652021408081055,2.291102409362793,2.197070598602295,2.1986606121063232,2.269541025161743,2.370887517929077
