,A1,A2,A3,A4,A5,A6,A7,A8,A9,A10,A11,A12,A13,A14,A15,B1,B2,B3,B4,B5,B6,B7,B8,B9,B10,B11,B12,B13,B14,B15,C1,C2,C3,C4,C5,C6,C7,C8,C9,C10,C11,C12,C13,C14,C15,D1,D2,D3,D4,D5,D6,D7,D8,D9,D10,D11,D12,D13,D14,D15,E1,E2,E3,E4,E5,E6,E7,E8,E9,E10,E11,E12,E13,E14,E15
A1,0.0,0.37771907448768616,0.6307995915412903,0.9659126400947571,1.294320821762085,1.5028778314590454,1.4800173044204712,1.8320202827453613,1.9077752828598022,2.2999393939971924,2.4072768688201904,2.1292858123779297,2.2832136154174805,2.0546112060546875,2.187358856201172,0.5598816275596619,0.6043657064437866,0.7316761016845703,1.046543002128601,1.3379762172698975,1.5845823287963867,1.612822413444519,1.9514920711517334,2.068347454071045,2.4366860389709473,2.6159324645996094,2.396822452545166,2.573002576828003,2.4155893325805664,2.587580919265747,1.0768840312957764,1.0512750148773193,1.1003361940383911,1.3215208053588867,1.5458056926727295,1.7928318977355957,1.8646565675735474,2.1722002029418945,2.321959972381592,2.6564700603485107,2.8489859104156494,2.687603712081909,2.886162042617798,2.776521682739258,2.9833741188049316,1.590958595275879,1.5319998264312744,1.549661636352539,1.6938121318817139,1.8602232933044434,2.0901710987091064,2.1997556686401367,2.4680421352386475,2.6369245052337646,2.9264745712280273,3.1237215995788574,3.002769708633423,3.2206287384033203,3.1562397480010986,3.3949127197265625,2.199450731277466,2.076228141784668,2.053439140319824,2.141538143157959,2.2505173683166504,2.4601473808288574,2.6047518253326416,2.827705144882202,3.009841203689575,3.2382054328918457,3.4568986892700195,3.3976166248321533,3.661783218383789,3.6775429248809814,3.945371150970459
A2,0.37771907448768616,0.0,0.3861401677131653,0.6359374523162842,0.9990289807319641,1.1712430715560913,1.1349446773529053,1.4860825538635254,1.5805270671844482,1.9728333950042725,2.1103079319000244,1.8617242574691772,2.050631523132324,1.8692386150360107,2.044090747833252,0.7040268778800964,0.5222470760345459,0.6312279105186462,0.8248384594917297,1.1323186159133911,1.3270827531814575,1.3391411304473877,1.656315803527832,1.78434419631958,2.140078544616699,2.3408262729644775,2.156013011932373,2.358321189880371,2.2469282150268555,2.453423023223877,1.1652283668518066,1.0230876207351685,1.0739765167236328,1.1951067447662354,1.422498345375061,1.6097694635391235,1.661300778388977,1.9318734407424927,2.0824732780456543,2.392688274383545,2.5995538234710693,2.472810745239258,2.6879191398620605,2.620342493057251,2.851781129837036,1.6509952545166016,1.5183537006378174,1.5531688928604126,1.6236015558242798,1.7967734336853027,1.9677633047103882,2.0513856410980225,2.276609420776367,2.4371654987335205,2.6954855918884277,2.9003114700317383,2.8124046325683594,3.039614200592041,3.013252019882202,3.2664244174957275,2.240913152694702,2.0679116249084473,2.0729715824127197,2.1060664653778076,2.2310917377471924,2.3873212337493896,2.5021727085113525,2.6810457706451416,2.8492581844329834,3.0425171852111816,3.2593934535980225,3.2314469814300537,3.492060899734497,3.538550853729248,3.8054988384246826
A3,0.6307995915412903,0.3861401677131653,0.0,0.37969574332237244,0.6654519438743591,0.9153881669044495,0.988606333732605,1.3661798238754272,1.5425273180007935,1.93345308303833,2.126533269882202,1.9132840633392334,2.160078287124634,2.020554542541504,2.252645254135132,0.907616376876831,0.6374508738517761,0.49376702308654785,0.5882833003997803,0.8044025897979736,1.0487017631530762,1.1541661024093628,1.4919594526290894,1.6932839155197144,2.0540695190429688,2.3048181533813477,2.15519380569458,2.4097588062286377,2.334773063659668,2.589571475982666,1.2757489681243896,1.0534306764602661,0.9733600616455078,1.0048314332962036,1.1479511260986328,1.3471449613571167,1.4667106866836548,1.7429494857788086,1.9535702466964722,2.2661800384521484,2.51969575881958,2.4270198345184326,2.688068389892578,2.6544029712677,2.9277467727661133,1.7025339603424072,1.5062729120254517,1.4607439041137695,1.460005521774292,1.5665791034698486,1.7272465229034424,1.8555065393447876,2.074201822280884,2.2808916568756104,2.5368127822875977,2.7841696739196777,2.728515863418579,2.9950039386749268,2.9999821186065674,3.2877211570739746,2.240762233734131,2.021710157394409,1.980396032333374,1.955571174621582,2.033736228942871,2.1664159297943115,2.3083271980285645,2.469081163406372,2.671358108520508,2.8541247844696045,3.105112314224243,3.108616828918457,3.3975727558135986,3.474205255508423,3.767502546310425
A4,0.9659126400947571,0.6359374523162842,0.37969574332237244,0.0,0.38769790530204773,0.551982045173645,0.6368788480758667,1.0130550861358643,1.2313108444213867,1.610784888267517,1.842969536781311,1.6746151447296143,1.9616529941558838,1.8824946880340576,2.1576333045959473,1.1434191465377808,0.7899762988090515,0.6471351981163025,0.48767828941345215,0.6674994826316833,0.7947641015052795,0.8830975890159607,1.1821963787078857,1.4063555002212524,1.7456389665603638,2.023416042327881,1.919272780418396,2.2034218311309814,2.182246685028076,2.471074104309082,1.427585482597351,1.1301921606063843,1.059383511543274,0.9604852199554443,1.0888301134109497,1.1847388744354248,1.2717739343643188,1.4898245334625244,1.7019383907318115,1.9811373949050903,2.251659631729126,2.2014241218566895,2.480397939682007,2.494067907333374,2.7911665439605713,1.7939971685409546,1.5397440195083618,1.5152497291564941,1.4329606294631958,1.5432418584823608,1.6209832429885864,1.7098333835601807,1.8693287372589111,2.0629360675811768,2.279395580291748,2.534325361251831,2.5169100761413574,2.792250394821167,2.83854603767395,3.1392953395843506,2.28666615486145,2.0264313220977783,2.017024517059326,1.9358415603637695,2.032299041748047,2.0992796421051025,2.1998136043548584,2.306300163269043,2.488023042678833,2.6292452812194824,2.8756747245788574,2.9131627082824707,3.196007490158081,3.30462384223938,3.595271348953247
A5,1.294320821762085,0.9990289807319641,0.6654519438743591,0.38769790530204773,0.0,0.3847300410270691,0.679218590259552,1.009036898612976,1.3138058185577393,1.6539862155914307,1.9405632019042969,1.8271337747573853,2.1556954383850098,2.123586654663086,2.4349985122680664,1.4664058685302734,1.1120554208755493,0.8684343099594116,0.6001922488212585,0.520898163318634,0.6319793462753296,0.8557267785072327,1.1223864555358887,1.425384521484375,1.7381799221038818,2.063809394836426,2.012350559234619,2.338343381881714,2.360135793685913,2.684044599533081,1.689529299736023,1.3615069389343262,1.2024147510528564,1.0019899606704712,0.9949542880058289,1.0511813163757324,1.2115914821624756,1.3961714506149292,1.6693742275238037,1.9256057739257812,2.2425148487091064,2.2414467334747314,2.5593783855438232,2.6141130924224854,2.944058418273926,1.992151141166687,1.6972143650054932,1.6081676483154297,1.4459148645401,1.4716150760650635,1.5051718950271606,1.6317907571792603,1.7556716203689575,1.9923574924468994,2.185649871826172,2.4833569526672363,2.5114572048187256,2.8210318088531494,2.9058139324188232,3.23445200920105,2.417466878890991,2.121469736099243,2.074697971343994,1.9292103052139282,1.974314570426941,1.9951725006103516,2.1123409271240234,2.1786770820617676,2.389148712158203,2.502349615097046,2.7810680866241455,2.861362934112549,3.1665525436401367,3.3112282752990723,3.6220791339874268
A6,1.5028778314590454,1.1712430715560913,0.9153881669044495,0.551982045173645,0.3847300410270691,0.0,0.3649052679538727,0.637237548828125,0.9679837822914124,1.2848073244094849,1.5900287628173828,1.5143730640411377,1.8650823831558228,1.8833976984024048,2.2222092151641846,1.5776530504226685,1.1938296556472778,1.018315076828003,0.6667560338973999,0.6356669664382935,0.49417608976364136,0.5986009240150452,0.7828725576400757,1.0851811170578003,1.3719199895858765,1.7077034711837769,1.690777063369751,2.030128240585327,2.0945303440093994,2.4370269775390625,1.729495882987976,1.3699558973312378,1.2689048051834106,1.0062297582626343,1.0449624061584473,0.9657713174819946,1.0248395204544067,1.1274458169937134,1.3684122562408447,1.588104009628296,1.903045415878296,1.9310461282730103,2.250765562057495,2.3407814502716064,2.6799533367156982,1.9767537117004395,1.6551158428192139,1.6210222244262695,1.4181890487670898,1.4913047552108765,1.4393925666809082,1.4842195510864258,1.5424684286117554,1.734275460243225,1.8875187635421753,2.1713831424713135,2.222571611404419,2.524627447128296,2.6377501487731934,2.9659786224365234,2.3610668182373047,2.0468873977661133,2.0549569129943848,1.883878469467163,1.9778438806533813,1.9429584741592407,1.9927997589111328,2.011303424835205,2.1751952171325684,2.251811981201172,2.505284070968628,2.6020288467407227,2.887134313583374,3.049046039581299,3.346137762069702
A7,1.4800173044204712,1.1349446773529053,0.988606333732605,0.6368788480758667,0.679218590259552,0.3649052679538727,0.0,0.37915417551994324,0.6357381343841553,0.9924290776252747,1.2634673118591309,1.1642917394638062,1.5069279670715332,1.530030608177185,1.8690471649169922,1.4750388860702515,1.0915114879608154,1.0289031267166138,0.7072985172271729,0.837604284286499,0.6367069482803345,0.4993649423122406,0.6335844397544861,0.8342491388320923,1.132852554321289,1.4307953119277954,1.3900196552276611,1.7078266143798828,1.7707942724227905,2.103482961654663,1.596890926361084,1.2430877685546875,1.2433019876480103,1.0146808624267578,1.1680545806884766,1.0535953044891357,0.9830923080444336,1.0560922622680664,1.2047960758209229,1.418841004371643,1.6860045194625854,1.6894173622131348,1.9775794744491577,2.0596423149108887,2.3808839321136475,1.8358436822891235,1.527523159980774,1.5779285430908203,1.408778190612793,1.569198727607727,1.5034677982330322,1.4670132398605347,1.5131841897964478,1.6323293447494507,1.778404951095581,2.011046886444092,2.0369203090667725,2.303773880004883,2.4045419692993164,2.7102932929992676,2.2315821647644043,1.933556318283081,2.0062289237976074,1.8675007820129395,2.027752161026001,1.9949877262115479,1.9905638694763184,2.0126736164093018,2.120936393737793,2.198253631591797,2.4050073623657227,2.4746103286743164,2.726491928100586,2.8693652153015137,3.140544891357422
A8,1.8320202827453613,1.4860825538635254,1.3661798238754272,1.0130550861358643,1.009036898612976,0.637237548828125,0.37915417551994324,0.0,0.37354734539985657,0.6484084129333496,0.9711365699768066,0.9657970070838928,1.336329698562622,1.4487310647964478,1.8114720582962036,1.779699683189392,1.4073688983917236,1.3748739957809448,1.045097827911377,1.1342631578445435,0.8372986912727356,0.6108253002166748,0.4913789629936218,0.6170454621315002,0.8210751414299011,1.1362112760543823,1.1730015277862549,1.505392074584961,1.6415445804595947,1.9920215606689453,1.840010404586792,1.4869012832641602,1.5177583694458008,1.2582381963729858,1.3995935916900635,1.1911725997924805,1.034901738166809,0.9698425531387329,1.0425773859024048,1.1660341024398804,1.4220237731933594,1.4830714464187622,1.7678018808364868,1.907593011856079,2.2362613677978516,2.011340379714966,1.6940374374389648,1.7793306112289429,1.5771210193634033,1.7476825714111328,1.6059412956237793,1.4956130981445312,1.450627326965332,1.5033276081085205,1.5749304294586182,1.782202959060669,1.8501378297805786,2.1021652221679688,2.247042655944824,2.548729419708252,2.340853214263916,2.0336101055145264,2.1489858627319336,1.9831411838531494,2.1688103675842285,2.0784881114959717,2.0101733207702637,1.969763994216919,2.021359920501709,2.0416409969329834,2.212636709213257,2.3109562397003174,2.5329978466033936,2.7025105953216553,2.953740358352661
A9,1.9077752828598022,1.5805270671844482,1.5425273180007935,1.2313108444213867,1.3138058185577393,0.9679837822914124,0.6357381343841553,0.37354734539985657,0.0,0.39544713497161865,0.6301318407058716,0.6005851030349731,0.9671353697776794,1.109282374382019,1.473302960395813,1.7792688608169556,1.4419647455215454,1.497627854347229,1.2223786115646362,1.3898054361343384,1.10318922996521,0.7850026488304138,0.6263992786407471,0.5041608214378357,0.6643587946891785,0.8805257081985474,0.8839259743690491,1.1761982440948486,1.3205450773239136,1.656078577041626,1.7934720516204834,1.4739457368850708,1.5905189514160156,1.3805180788040161,1.5925294160842896,1.3819819688796997,1.1398112773895264,1.0531246662139893,0.9923897981643677,1.0878252983093262,1.2506521940231323,1.274202823638916,1.5030851364135742,1.6336133480072021,1.9340829849243164,1.9344342947006226,1.6489423513412476,1.8105684518814087,1.6511152982711792,1.8854838609695435,1.7435213327407837,1.5679247379302979,1.5169882774353027,1.4831733703613281,1.5426565408706665,1.6716148853302002,1.7024096250534058,1.8996784687042236,2.0262153148651123,2.2941970825195312,2.2524585723876953,1.9744731187820435,2.15109920501709,2.0235400199890137,2.2629244327545166,2.1801328659057617,2.0641541481018066,2.032482862472534,2.0237276554107666,2.047518491744995,2.1582534313201904,2.2187345027923584,2.3953683376312256,2.5373620986938477,2.7536489963531494
A10,2.2999393939971924,1.9728333950042725,1.93345308303833,1.610784888267517,1.6539862155914307,1.2848073244094849,0.9924290776252747,0.6484084129333496,0.39544713497161865,0.0,0.38645339012145996,0.5946521759033203,0.9302020072937012,1.1891576051712036,1.5454062223434448,2.152461290359497,1.826116919517517,1.8814764022827148,1.5938422679901123,1.7227438688278198,1.396996021270752,1.0830788612365723,0.8081955313682556,0.5953606963157654,0.4848356246948242,0.6456034779548645,0.7949415445327759,1.0665204524993896,1.3102624416351318,1.6435933113098145,2.1257729530334473,1.8156747817993164,1.93588125705719,1.7057220935821533,1.8920857906341553,1.629554033279419,1.3538912534713745,1.1624757051467896,1.0150686502456665,0.9630603194236755,1.0654207468032837,1.1697200536727905,1.3670148849487305,1.5713462829589844,1.8642611503601074,2.207855224609375,1.9250894784927368,2.099656820297241,1.9168413877487183,2.1433377265930176,1.947551965713501,1.7229464054107666,1.590345859527588,1.4833353757858276,1.4458009004592896,1.5205594301223755,1.6015307903289795,1.7628120183944702,1.9409513473510742,2.191873073577881,2.4534974098205566,2.1764473915100098,2.3808465003967285,2.2316536903381348,2.4813597202301025,2.3506667613983154,2.181987762451172,2.0905840396881104,2.0208489894866943,1.9793915748596191,2.0372886657714844,2.1273491382598877,2.2576217651367188,2.4268743991851807,2.6110291481018066
A11,2.4072768688201904,2.1103079319000244,2.126533269882202,1.842969536781311,1.9405632019042969,1.5900287628173828,1.2634673118591309,0.9711365699768066,0.6301318407058716,0.38645339012145996,0.0,0.36390674114227295,0.5996178984642029,0.919219434261322,1.2537500858306885,2.1917028427124023,1.9103339910507202,2.024951696395874,1.7856502532958984,1.9642523527145386,1.6564033031463623,1.3045328855514526,1.060412049293518,0.7412173748016357,0.6002951264381409,0.5014342665672302,0.5849229097366333,0.743535578250885,1.0089133977890015,1.3090529441833496,2.114083766937256,1.8494209051132202,2.0304081439971924,1.8482908010482788,2.0819168090820312,1.83188796043396,1.511134386062622,1.3339660167694092,1.0927355289459229,1.0283523797988892,0.9890127778053284,1.0244550704956055,1.1207829713821411,1.3063911199569702,1.5520457029342651,2.1541757583618164,1.9145536422729492,2.147233486175537,2.009152412414551,2.281259536743164,2.0967390537261963,1.8302463293075562,1.7102739810943604,1.5329654216766357,1.4976953268051147,1.4768187999725342,1.4992667436599731,1.5818814039230347,1.7271146774291992,1.9286763668060303,2.371087074279785,2.1338236331939697,2.388396978378296,2.280829668045044,2.5714385509490967,2.4553589820861816,2.2519114017486572,2.1801321506500244,2.0586085319519043,2.032987117767334,2.0268924236297607,2.0635488033294678,2.139457941055298,2.2670059204101562,2.4075136184692383
A12,2.1292858123779297,1.8617242574691772,1.9132840633392334,1.6746151447296143,1.8271337747573853,1.5143730640411377,1.1642917394638062,0.9657970070838928,0.6005851030349731,0.5946521759033203,0.36390674114227295,0.0,0.38397619128227234,0.6011987328529358,0.9735649824142456,1.8710094690322876,1.6181832551956177,1.7712417840957642,1.5809321403503418,1.811937689781189,1.547580599784851,1.1784923076629639,1.02706778049469,0.699142575263977,0.7401328086853027,0.6536964178085327,0.5057145953178406,0.6395477652549744,0.7795915007591248,1.0842782258987427,1.777267336845398,1.5381699800491333,1.7583801746368408,1.6268218755722046,1.9067201614379883,1.7034152746200562,1.3789035081863403,1.2863341569900513,1.0569185018539429,1.1151264905929565,1.0831702947616577,0.9979619979858398,1.0858790874481201,1.170801043510437,1.4071472883224487,1.8285092115402222,1.6143605709075928,1.8774855136871338,1.7881457805633545,2.0949935913085938,1.9588210582733154,1.7039774656295776,1.6572363376617432,1.5020378828048706,1.5561721324920654,1.5453907251358032,1.4887309074401855,1.5740455389022827,1.6458239555358887,1.8443528413772583,2.0862786769866943,1.8715941905975342,2.1365115642547607,2.073190212249756,2.3812997341156006,2.3127074241638184,2.13137149810791,2.1218461990356445,2.024996042251587,2.06744384765625,2.080505847930908,2.0620388984680176,2.1596505641937256,2.238922119140625,2.393775224685669
A13,2.2832136154174805,2.050631523132324,2.160078287124634,1.9616529941558838,2.1556954383850098,1.8650823831558228,1.5069279670715332,1.336329698562622,0.9671353697776794,0.9302020072937012,0.5996178984642029,0.38397619128227234,0.0,0.37336716055870056,0.6640737056732178,1.9845227003097534,1.792320728302002,2.0031685829162598,1.8676897287368774,2.1337568759918213,1.8959347009658813,1.5254467725753784,1.4003156423568726,1.0617188215255737,1.0678956508636475,0.865135669708252,0.668112576007843,0.551613450050354,0.6182932257652283,0.8053664565086365,1.8666692972183228,1.6951007843017578,1.9695974588394165,1.895147681236267,2.205111503601074,2.026123285293579,1.6922173500061035,1.6183744668960571,1.352907657623291,1.3942264318466187,1.2682814598083496,1.1253424882888794,1.0782667398452759,1.095652461051941,1.2274982929229736,1.8961929082870483,1.748046875,2.059373617172241,2.0240132808685303,2.3593084812164307,2.2449376583099365,1.9746546745300293,1.9443566799163818,1.7496713399887085,1.8020216226577759,1.7186774015426636,1.6111809015274048,1.6077240705490112,1.624140977859497,1.7447824478149414,2.1396689414978027,1.982585072517395,2.2857561111450195,2.2722127437591553,2.606111526489258,2.5597431659698486,2.3616011142730713,2.372924327850342,2.241527795791626,2.295884847640991,2.25752854347229,2.191912889480591,2.2338898181915283,2.2628073692321777,2.363478660583496
A14,2.0546112060546875,1.8692386150360107,2.020554542541504,1.8824946880340576,2.123586654663086,1.8833976984024048,1.530030608177185,1.4487310647964478,1.109282374382019,1.1891576051712036,0.919219434261322,0.6011987328529358,0.37336716055870056,0.0,0.40024030208587646,1.7099984884262085,1.5732965469360352,1.828059434890747,1.760582447052002,2.0684986114501953,1.8867011070251465,1.5287182331085205,1.491974949836731,1.1878252029418945,1.297777771949768,1.1363413333892822,0.8498287796974182,0.727875828742981,0.5799273252487183,0.6916258931159973,1.575052261352539,1.459209680557251,1.776310682296753,1.7706528902053833,2.115511417388916,1.9937230348587036,1.6780979633331299,1.685210108757019,1.4525244235992432,1.5803316831588745,1.4773564338684082,1.2605180740356445,1.2127069234848022,1.1162389516830444,1.2107568979263306,1.6198015213012695,1.524195909500122,1.8646130561828613,1.8930972814559937,2.2525975704193115,2.1942636966705322,1.9491288661956787,1.98951256275177,1.826356291770935,1.9503506422042847,1.884448766708374,1.718428611755371,1.7202439308166504,1.6616142988204956,1.76993989944458,1.9117552042007446,1.7958804368972778,2.1028316020965576,2.144609212875366,2.4869611263275146,2.4934120178222656,2.325244188308716,2.397174596786499,2.2948825359344482,2.4081993103027344,2.3910136222839355,2.280282497406006,2.3434462547302246,2.3260254859924316,2.439018964767456
A15,2.187358856201172,2.044090747833252,2.252645254135132,2.1576333045959473,2.4349985122680664,2.2222092151641846,1.8690471649169922,1.8114720582962036,1.473302960395813,1.5454062223434448,1.2537500858306885,0.9735649824142456,0.6640737056732178,0.40024030208587646,0.0,1.8359566926956177,1.7705447673797607,2.073523759841919,2.0612874031066895,2.3957972526550293,2.2461047172546387,1.8992927074432373,1.8853005170822144,1.5874868631362915,1.6849581003189087,1.4933418035507202,1.2161955833435059,1.0087116956710815,0.8057219386100769,0.6975619196891785,1.7167693376541138,1.6801398992538452,2.031663656234741,2.0818705558776855,2.4437599182128906,2.354400157928467,2.0500056743621826,2.0776784420013428,1.8427428007125854,1.9640846252441406,1.827601432800293,1.5942177772521973,1.4756637811660767,1.3244050741195679,1.300613522529602,1.7751727104187012,1.7555042505264282,2.1178975105285645,2.1986851692199707,2.5697474479675293,2.5421502590179443,2.3046891689300537,2.365089178085327,2.1937780380249023,2.320021390914917,2.222235679626465,2.030421733856201,1.9779889583587646,1.8714220523834229,1.9055639505386353,2.0774500370025635,2.024876594543457,2.3429858684539795,2.4332618713378906,2.782806396484375,2.819105625152588,2.6557984352111816,2.7503061294555664,2.638284683227539,2.763317346572876,2.7213807106018066,2.5805530548095703,2.608928680419922,2.549288034439087,2.6183290481567383
B1,0.5598816275596619,0.7040268778800964,0.907616376876831,1.1434191465377808,1.4664058685302734,1.5776530504226685,1.4750388860702515,1.779699683189392,1.7792688608169556,2.152461290359497,2.1917028427124023,1.8710094690322876,1.9845227003097534,1.7099984884262085,1.8359566926956177,0.0,0.3872736394405365,0.6646826267242432,1.0002418756484985,1.3429884910583496,1.5282607078552246,1.4710924625396729,1.797523021697998,1.8450990915298462,2.217349052429199,2.3405873775482178,2.069188356399536,2.207637310028076,2.000270366668701,2.150319814682007,0.5308067202568054,0.604671061038971,0.7880604267120361,1.0945767164230347,1.4034113883972168,1.6248680353164673,1.6224478483200073,1.9415874481201172,2.035480260848999,2.388733386993408,2.53307843208313,2.3191287517547607,2.485574245452881,2.3296170234680176,2.5141260623931885,1.0554399490356445,1.0504121780395508,1.1467218399047852,1.3645020723342896,1.6108282804489136,1.840972900390625,1.8958088159561157,2.186511754989624,2.3124680519104004,2.62727952003479,2.782637119293213,2.6122958660125732,2.8017630577087402,2.6952013969421387,2.914231300354004,1.6783579587936401,1.5916651487350464,1.6163270473480225,1.7602903842926025,1.9309319257736206,2.1559927463531494,2.261554479598999,2.514539957046509,2.662099599838257,2.9208717346191406,3.106945276260376,2.9998645782470703,3.2457144260406494,3.223193645477295,3.4791924953460693
B2,0.6043657064437866,0.5222470760345459,0.6374508738517761,0.7899762988090515,1.1120554208755493,1.1938296556472778,1.0915114879608154,1.4073688983917236,1.4419647455215454,1.826116919517517,1.9103339910507202,1.6181832551956177,1.792320728302002,1.5732965469360352,1.7705447673797607,0.3872736394405365,0.0,0.38546982407569885,0.6450693607330322,1.016020655632019,1.1694960594177246,1.110708236694336,1.4415429830551147,1.5215466022491455,1.8984664678573608,2.0613853931427,1.826419711112976,2.0155906677246094,1.8640047311782837,2.073870897293091,0.6792951226234436,0.5035437941551208,0.6388550996780396,0.8331804275512695,1.1486910581588745,1.3279916048049927,1.3239682912826538,1.626409888267517,1.7438446283340454,2.0875470638275146,2.26501202583313,2.090878486633301,2.29592227935791,2.192392587661743,2.4228827953338623,1.1368910074234009,1.0018848180770874,1.0796974897384644,1.1952787637710571,1.4355545043945312,1.6139006614685059,1.660799264907837,1.918433427810669,2.0562641620635986,2.349377393722534,2.530231475830078,2.399764060974121,2.617506742477417,2.559143304824829,2.8100407123565674,1.7223314046859741,1.556309461593628,1.5878653526306152,1.6516549587249756,1.8225629329681396,1.9924601316452026,2.082643985748291,2.2927396297454834,2.4428486824035645,2.6699860095977783,2.869884490966797,2.8024632930755615,3.0596187114715576,3.0782148838043213,3.346820592880249
B3,0.7316761016845703,0.6312279105186462,0.49376702308654785,0.6471351981163025,0.8684343099594116,1.018315076828003,1.0289031267166138,1.3748739957809448,1.497627854347229,1.8814764022827148,2.024951696395874,1.7712417840957642,2.0031685829162598,1.828059434890747,2.073523759841919,0.6646826267242432,0.38546982407569885,0.0,0.38640084862709045,0.6843196153640747,0.9227936863899231,0.9803557991981506,1.3497321605682373,1.5163145065307617,1.9024370908737183,2.120366334915161,1.922447919845581,2.1668460369110107,2.052208185195923,2.3077094554901123,0.8601769804954529,0.6067962050437927,0.4816417694091797,0.5982666611671448,0.8291298747062683,1.0648914575576782,1.1589127779006958,1.490364670753479,1.6850768327713013,2.0398058891296387,2.2709152698516846,2.13104510307312,2.387355327606201,2.316845417022705,2.5898659229278564,1.2329800128936768,1.0280914306640625,0.9710607528686523,1.0122253894805908,1.1687438488006592,1.365875482559204,1.4840006828308105,1.7544333934783936,1.9558250904083252,2.2570533752441406,2.488947868347168,2.3898842334747314,2.653557538986206,2.6248421669006348,2.9131741523742676,1.7527048587799072,1.5376513004302979,1.4928345680236816,1.4957098960876465,1.6014806032180786,1.7645368576049805,1.9030479192733765,2.1083946228027344,2.3081867694854736,2.534553289413452,2.7781786918640137,2.7410426139831543,3.0346198081970215,3.082456588745117,3.3829591274261475
B4,1.046543002128601,0.8248384594917297,0.5882833003997803,0.48767828941345215,0.6001922488212585,0.6667560338973999,0.7072985172271729,1.045097827911377,1.2223786115646362,1.5938422679901123,1.7856502532958984,1.5809321403503418,1.8676897287368774,1.760582447052002,2.0612874031066895,1.0002418756484985,0.6450693607330322,0.38640084862709045,0.0,0.39132049679756165,0.5479118824005127,0.6308019161224365,1.002083659172058,1.2214117050170898,1.5985029935836792,1.8588941097259521,1.711809754371643,2.0036327838897705,1.9517099857330322,2.255297899246216,1.1141070127487183,0.7707487344741821,0.6228337287902832,0.4730382561683655,0.6580402851104736,0.78699791431427,0.8799342513084412,1.175340175628662,1.402527093887329,1.7366687059402466,2.0032427310943604,1.91310453414917,2.2053184509277344,2.19181227684021,2.502593517303467,1.3919662237167358,1.1040531396865845,1.0434931516647339,0.9458181262016296,1.0792423486709595,1.1778830289840698,1.2734465599060059,1.4877854585647583,1.6990447044372559,1.9680827856063843,2.2256546020507812,2.1732442378997803,2.461897134780884,2.48417592048645,2.7979817390441895,1.8354747295379639,1.5603104829788208,1.5349953174591064,1.4491517543792725,1.5570327043533325,1.6381983757019043,1.7439672946929932,1.8888070583343506,2.0834925174713135,2.2688193321228027,2.5230538845062256,2.5293266773223877,2.829256534576416,2.918839931488037,3.2269303798675537
B5,1.3379762172698975,1.1323186159133911,0.8044025897979736,0.6674994826316833,0.520898163318634,0.6356669664382935,0.837604284286499,1.1342631578445435,1.3898054361343384,1.7227438688278198,1.9642523527145386,1.811937689781189,2.1337568759918213,2.0684986114501953,2.3957972526550293,1.3429884910583496,1.016020655632019,0.6843196153640747,0.39132049679756165,0.0,0.3817497193813324,0.6822317838668823,1.018832802772522,1.32234787940979,1.670759677886963,1.9770160913467407,1.8813726902008057,2.211507558822632,2.198631525039673,2.531212568283081,1.420238971710205,1.0803136825561523,0.8239821195602417,0.5585318803787231,0.47432100772857666,0.603005051612854,0.842845618724823,1.1192291975021362,1.427087664604187,1.742911458015442,2.059142827987671,2.016909122467041,2.348989486694336,2.3731882572174072,2.714273691177368,1.6268362998962402,1.311197280883789,1.1537376642227173,0.9577231407165527,0.95140141248703,1.016809105873108,1.190349817276001,1.3827219009399414,1.6595802307128906,1.914842128753662,2.223252296447754,2.2151572704315186,2.542503595352173,2.600419044494629,2.942873954772949,1.9843323230743408,1.67653489112854,1.5894280672073364,1.4273622035980225,1.4543238878250122,1.4924229383468628,1.6386902332305908,1.7512524127960205,1.994194746017456,2.1607210636138916,2.4583933353424072,2.5065512657165527,2.8364834785461426,2.960763454437256,3.29384708404541
B6,1.5845823287963867,1.3270827531814575,1.0487017631530762,0.7947641015052795,0.6319793462753296,0.49417608976364136,0.6367069482803345,0.8372986912727356,1.10318922996521,1.396996021270752,1.6564033031463623,1.547580599784851,1.8959347009658813,1.8867011070251465,2.2461047172546387,1.5282607078552246,1.1694960594177246,0.9227936863899231,0.5479118824005127,0.3817497193813324,0.0,0.3751661479473114,0.6548805236816406,0.9880365133285522,1.3130606412887573,1.6386467218399048,1.5845078229904175,1.9388214349746704,1.9764829874038696,2.335738182067871,1.543113350868225,1.1695475578308105,0.9886852502822876,0.6410134434700012,0.6086775064468384,0.4717242121696472,0.5986136198043823,0.7884912490844727,1.099204182624817,1.3859399557113647,1.7167418003082275,1.7130014896392822,2.060213327407837,2.1295549869537354,2.489272117614746,1.685081124305725,1.334415316581726,1.2399303913116455,0.9774761199951172,1.0189104080200195,0.9454772472381592,1.0184118747711182,1.1240772008895874,1.3710623979568481,1.5861953496932983,1.896757960319519,1.9226391315460205,2.254554033279419,2.351447343826294,2.702075719833374,1.985816478729248,1.649975061416626,1.624429702758789,1.4171018600463867,1.4957945346832275,1.4490299224853516,1.5135278701782227,1.5576694011688232,1.7573134899139404,1.879373550415039,2.1621458530426025,2.2383856773376465,2.5556282997131348,2.707545757293701,3.032727003097534
B7,1.612822413444519,1.3391411304473877,1.1541661024093628,0.8830975890159607,0.8557267785072327,0.5986009240150452,0.4993649423122406,0.6108253002166748,0.7850026488304138,1.0830788612365723,1.3045328855514526,1.1784923076629639,1.5254467725753784,1.5287182331085205,1.8992927074432373,1.4710924625396729,1.110708236694336,0.9803557991981506,0.6308019161224365,0.6822317838668823,0.3751661479473114,0.0,0.3763773441314697,0.6404640078544617,0.9981299638748169,1.2959609031677246,1.2195651531219482,1.568637490272522,1.6131387948989868,1.9760377407073975,1.435115933418274,1.0571210384368896,0.9953392148017883,0.6801064014434814,0.8156975507736206,0.614266037940979,0.483730673789978,0.6165040731430054,0.8283228278160095,1.1247198581695557,1.4178096055984497,1.3920847177505493,1.7216683626174927,1.7919387817382812,2.1457622051239014,1.5479850769042969,1.1976927518844604,1.2100974321365356,0.9767795205116272,1.1391935348510742,1.0283808708190918,0.9677038192749023,1.0383151769638062,1.1913015842437744,1.3973991870880127,1.6580934524536133,1.6618436574935913,1.9654229879379272,2.0579233169555664,2.3937180042266846,1.84688401222229,1.518367052078247,1.5784145593643188,1.4002196788787842,1.5677446126937866,1.5095770359039307,1.4913215637207031,1.5257694721221924,1.6505908966064453,1.7658990621566772,1.996112585067749,2.048128604888916,2.331606149673462,2.4700276851654053,2.7710983753204346
B8,1.9514920711517334,1.656315803527832,1.4919594526290894,1.1821963787078857,1.1223864555358887,0.7828725576400757,0.6335844397544861,0.4913789629936218,0.6263992786407471,0.8081955313682556,1.060412049293518,1.02706778049469,1.4003156423568726,1.491974949836731,1.8853005170822144,1.797523021697998,1.4415429830551147,1.3497321605682373,1.002083659172058,1.018832802772522,0.6548805236816406,0.3763773441314697,0.0,0.3749937117099762,0.6589701771736145,0.9998373985290527,1.0127109289169312,1.3911370038986206,1.5177152156829834,1.903186559677124,1.7298614978790283,1.362919807434082,1.3406391143798828,1.0227923393249512,1.1240785121917725,0.8305723667144775,0.6046268343925476,0.478506863117218,0.6086679697036743,0.8112061619758606,1.1245579719543457,1.1746084690093994,1.5181132555007935,1.6597055196762085,2.0287132263183594,1.7851076126098633,1.4358315467834473,1.4857838153839111,1.225738525390625,1.3820880651474,1.1796904802322388,1.0277695655822754,0.9594340920448303,1.0320767164230347,1.1465791463851929,1.397526741027832,1.4598907232284546,1.7603249549865723,1.9104541540145874,2.24910569190979,2.0102827548980713,1.675391435623169,1.7802128791809082,1.570605754852295,1.7573277950286865,1.6269150972366333,1.5317630767822266,1.4790570735931396,1.5371264219284058,1.5789272785186768,1.7772685289382935,1.8712321519851685,2.1287639141082764,2.3047540187835693,2.5897395610809326
B9,2.068347454071045,1.78434419631958,1.6932839155197144,1.4063555002212524,1.425384521484375,1.0851811170578003,0.8342491388320923,0.6170454621315002,0.5041608214378357,0.5953606963157654,0.7412173748016357,0.699142575263977,1.0617188215255737,1.1878252029418945,1.5874868631362915,1.8450990915298462,1.5215466022491455,1.5163145065307617,1.2214117050170898,1.32234787940979,0.9880365133285522,0.6404640078544617,0.3749937117099762,0.0,0.38894951343536377,0.6564638018608093,0.6419352889060974,1.0197389125823975,1.1725225448608398,1.5607995986938477,1.7263184785842896,1.3937151432037354,1.4628361463546753,1.2032816410064697,1.3806344270706177,1.0997241735458374,0.7814006805419922,0.6140494346618652,0.4883958399295807,0.6438877582550049,0.8563944101333618,0.8731433749198914,1.1823915243148804,1.3330148458480835,1.690712571144104,1.7375131845474243,1.4199687242507935,1.5573982000350952,1.3462210893630981,1.5731096267700195,1.3704241514205933,1.1337862014770508,1.042494297027588,0.9795735478401184,1.0633600950241089,1.2161450386047363,1.2426774501800537,1.4904844760894775,1.6341389417648315,1.9473456144332886,1.9349164962768555,1.6288931369781494,1.8088440895080566,1.640020728111267,1.8889689445495605,1.7616722583770752,1.6017905473709106,1.5489174127578735,1.5209827423095703,1.5558245182037354,1.675882339477539,1.7314479351043701,1.9365382194519043,2.0899240970611572,2.339634895324707
B10,2.4366860389709473,2.140078544616699,2.0540695190429688,1.7456389665603638,1.7381799221038818,1.3719199895858765,1.132852554321289,0.8210751414299011,0.6643587946891785,0.4848356246948242,0.6002951264381409,0.7401328086853027,1.0678956508636475,1.297777771949768,1.6849581003189087,2.217349052429199,1.8984664678573608,1.9024370908737183,1.5985029935836792,1.670759677886963,1.3130606412887573,0.9981299638748169,0.6589701771736145,0.38894951343536377,0.0,0.3853038251399994,0.5912705659866333,0.9485459923744202,1.209902286529541,1.5902252197265625,2.08756160736084,1.76876962184906,1.8461793661117554,1.5792107582092285,1.7266496419906616,1.4108392000198364,1.093371033668518,0.8194224834442139,0.5947270393371582,0.4790133237838745,0.6293031573295593,0.7823527455329895,1.0639771223068237,1.3094333410263062,1.6585806608200073,2.062822103500366,1.758367896080017,1.9062362909317017,1.681668996810913,1.889503836631775,1.6398835182189941,1.366698145866394,1.1770753860473633,1.023355484008789,0.9626294374465942,1.0501714944839478,1.1542168855667114,1.3643848896026611,1.57752525806427,1.8737155199050903,2.1964797973632812,1.8994132280349731,2.1021623611450195,1.915454626083374,2.165207862854004,1.989465355873108,1.7779322862625122,1.6517175436019897,1.5514861345291138,1.498424768447876,1.5553309917449951,1.6545891761779785,1.8067069053649902,1.9984252452850342,2.2140133380889893
B11,2.6159324645996094,2.3408262729644775,2.3048181533813477,2.023416042327881,2.063809394836426,1.7077034711837769,1.4307953119277954,1.1362112760543823,0.8805257081985474,0.6456034779548645,0.5014342665672302,0.6536964178085327,0.865135669708252,1.1363413333892822,1.4933418035507202,2.3405873775482178,2.0613853931427,2.120366334915161,1.8588941097259521,1.9770160913467407,1.6386467218399048,1.2959609031677246,0.9998373985290527,0.6564638018608093,0.3853038251399994,0.0,0.36740270256996155,0.6299710273742676,0.9519506692886353,1.3063753843307495,2.164126396179199,1.8897794485092163,2.02463960647583,1.8045169115066528,1.9941531419754028,1.6942737102508545,1.3425310850143433,1.0923771858215332,0.7697449922561646,0.6089156866073608,0.4889625012874603,0.5893288254737854,0.7558512687683105,1.0298717021942139,1.3442728519439697,2.0917861461639404,1.8317053318023682,2.036724090576172,1.8566317558288574,2.1056153774261475,1.8662261962890625,1.5512733459472656,1.3691374063491821,1.1238147020339966,1.0395593643188477,0.9783174395561218,1.0252768993377686,1.1324623823165894,1.3354814052581787,1.5834227800369263,2.1805922985076904,1.925597071647644,2.182447910308838,2.0363118648529053,2.325981855392456,2.1598165035247803,1.9059247970581055,1.7908703088760376,1.619749665260315,1.5679916143417358,1.5321999788284302,1.5770107507705688,1.6525813341140747,1.8088977336883545,1.9715180397033691
B12,2.396822452545166,2.156013011932373,2.15519380569458,1.919272780418396,2.012350559234619,1.690777063369751,1.3900196552276611,1.1730015277862549,0.8839259743690491,0.7949415445327759,0.5849229097366333,0.5057145953178406,0.668112576007843,0.8498287796974182,1.2161955833435059,2.069188356399536,1.826419711112976,1.922447919845581,1.711809754371643,1.8813726902008057,1.5845078229904175,1.2195651531219482,1.0127109289169312,0.6419352889060974,0.5912705659866333,0.36740270256996155,0.0,0.38829895853996277,0.623151421546936,1.0060698986053467,1.8555837869644165,1.6140047311782837,1.7904560565948486,1.6230510473251343,1.8631149530410767,1.6079052686691284,1.2395678758621216,1.079525113105774,0.7474822998046875,0.7601321935653687,0.6325910687446594,0.4940224289894104,0.6240307688713074,0.7791903018951416,1.0988980531692505,1.7660651206970215,1.5358504056930542,1.7821201086044312,1.6546740531921387,1.9486048221588135,1.7567713260650635,1.4399412870407104,1.340243935585022,1.103251576423645,1.1364266872406006,1.0681616067886353,0.9876854419708252,1.076134204864502,1.1793700456619263,1.419847846031189,1.8710345029830933,1.6430588960647583,1.9273347854614258,1.8319246768951416,2.1520042419433594,2.035165309906006,1.7932085990905762,1.750837802886963,1.5953160524368286,1.6288855075836182,1.60245680809021,1.5659292936325073,1.6540253162384033,1.7415846586227417,1.9113011360168457
B13,2.573002576828003,2.358321189880371,2.4097588062286377,2.2034218311309814,2.338343381881714,2.030128240585327,1.7078266143798828,1.505392074584961,1.1761982440948486,1.0665204524993896,0.743535578250885,0.6395477652549744,0.551613450050354,0.727875828742981,1.0087116956710815,2.207637310028076,2.0155906677246094,2.1668460369110107,2.0036327838897705,2.211507558822632,1.9388214349746704,1.568637490272522,1.3911370038986206,1.0197389125823975,0.9485459923744202,0.6299710273742676,0.38829895853996277,0.0,0.37024548649787903,0.6808621287345886,1.9692115783691406,1.7897984981536865,2.0202882289886475,1.9083460569381714,2.179919481277466,1.9517971277236938,1.5814024209976196,1.4494318962097168,1.1064939498901367,1.09537935256958,0.8589521050453186,0.6577719449996948,0.5286506414413452,0.6006313562393188,0.8087316751480103,1.8527963161468506,1.6900373697280884,1.9856675863265991,1.9145249128341675,2.2359423637390137,2.0690560340881348,1.742968201637268,1.6639972925186157,1.3922734260559082,1.4157295227050781,1.2538946866989136,1.110742449760437,1.0615463256835938,1.0933383703231812,1.2334786653518677,1.9317349195480347,1.7681835889816284,2.0940699577331543,2.052299737930298,2.3973724842071533,2.303999662399292,2.045586109161377,2.0249006748199463,1.8299237489700317,1.872044324874878,1.7787481546401978,1.6851743459701538,1.6943185329437256,1.7187920808792114,1.8167035579681396
