,A1,A2,A3,A4,A5,A6,A7,A8,A9,A10,A11,A12,A13,A14,A15,B1,B2,B3,B4,B5,B6,B7,B8,B9,B10,B11,B12,B13,B14,B15,C1,C2,C3,C4,C5,C6,C7,C8,C9,C10,C11,C12,C13,C14,C15,D1,D2,D3,D4,D5,D6,D7,D8,D9,D10,D11,D12,D13,D14,D15,E1,E2,E3,E4,E5,E6,E7,E8,E9,E10,E11,E12,E13,E14,E15
A1,0.0,0.37368708848953247,0.6275941729545593,0.9316234588623047,1.2370465993881226,1.5354753732681274,1.797248125076294,2.0563676357269287,2.124894618988037,2.5058982372283936,2.6442835330963135,2.979379892349243,3.1770472526550293,3.467104196548462,3.691711902618408,2.5771141052246094,2.2661705017089844,2.1323115825653076,2.0285587310791016,1.940641164779663,2.0762827396392822,2.2639291286468506,2.493222951889038,2.6283817291259766,2.9253883361816406,3.094139814376831,3.384085178375244,3.5400664806365967,3.817478656768799,4.042636394500732,3.3034021854400635,3.0289571285247803,2.966724157333374,2.836712598800659,2.7561118602752686,2.816884756088257,2.9101333618164062,3.032562494277954,3.0996296405792236,3.340710163116455,3.481673240661621,3.724498748779297,3.891979694366455,4.182496547698975,4.42302131652832,3.991389274597168,3.7735729217529297,3.770203113555908,3.6587984561920166,3.6423115730285645,3.778517246246338,3.732311725616455,3.7967214584350586,3.781467914581299,4.015844821929932,4.097626686096191,4.318621635437012,4.433363914489746,4.7384867668151855,4.964024066925049,4.693532466888428,4.627801895141602,4.513890743255615,4.495387554168701,4.347586631774902,4.453794002532959,4.336080074310303,4.399640083312988,4.38753604888916,4.606260299682617,4.626657962799072,4.864865303039551,4.94234037399292,5.144023895263672,5.312750339508057
A2,0.37368708848953247,0.0,0.3964993357658386,0.6343997716903687,0.9177383780479431,1.2397065162658691,1.4771531820297241,1.7316416501998901,1.832243800163269,2.203666925430298,2.3722362518310547,2.6939213275909424,2.9204771518707275,3.206907033920288,3.455170154571533,2.488335371017456,2.1572649478912354,2.058574914932251,1.90152907371521,1.8315736055374146,1.9070395231246948,2.102736234664917,2.288339853286743,2.413980484008789,2.6829593181610107,2.8607170581817627,3.1282224655151367,3.3048410415649414,3.5668370723724365,3.812946319580078,3.2264223098754883,2.9493696689605713,2.9245638847351074,2.7657997608184814,2.708850860595703,2.724595546722412,2.8210325241088867,2.898862361907959,2.943739175796509,3.152275562286377,3.2852416038513184,3.502255916595459,3.677100419998169,3.9489002227783203,4.20390510559082,3.9134578704833984,3.7033894062042236,3.735194683074951,3.6091270446777344,3.6167502403259277,3.7227046489715576,3.675584077835083,3.7032902240753174,3.6636736392974854,3.8710031509399414,3.938117265701294,4.133987903594971,4.247403144836426,4.533978462219238,4.768619537353516,4.623501777648926,4.569462776184082,4.484400749206543,4.460976600646973,4.332435607910156,4.420362949371338,4.298283576965332,4.332945346832275,4.293123245239258,4.490444660186768,4.48775577545166,4.706377029418945,4.7661566734313965,4.9470672607421875,5.101023197174072
A3,0.6275941729545593,0.3964993357658386,0.0,0.3931035101413727,0.6302257776260376,0.9308295845985413,1.1815619468688965,1.4579696655273438,1.5472317934036255,1.929474115371704,2.099133014678955,2.440253734588623,2.6497037410736084,2.963390827178955,3.2045090198516846,2.2359447479248047,1.8859822750091553,1.7591017484664917,1.5694470405578613,1.4654364585876465,1.5262454748153687,1.7080851793289185,1.9017040729522705,2.04233717918396,2.320425033569336,2.509714126586914,2.7902991771698,2.9711081981658936,3.251779317855835,3.4964563846588135,2.910025119781494,2.6144769191741943,2.5862314701080322,2.404679298400879,2.3404994010925293,2.338663339614868,2.4302632808685303,2.5026040077209473,2.5512173175811768,2.7626471519470215,2.9049148559570312,3.1293554306030273,3.3118927478790283,3.5943057537078857,3.8521158695220947,3.5703320503234863,3.348285436630249,3.3841195106506348,3.2420754432678223,3.249488592147827,3.341498613357544,3.2910351753234863,3.310528516769409,3.2694756984710693,3.4750442504882812,3.546241521835327,3.7447152137756348,3.864501476287842,4.156354904174805,4.394865989685059,4.268573760986328,4.205694675445557,4.126540184020996,4.091913223266602,3.965646505355835,4.043161392211914,3.918229341506958,3.944932460784912,3.8998448848724365,4.094801902770996,4.091461658477783,4.310904502868652,4.3736467361450195,4.558467388153076,4.718067646026611
A4,0.9316234588623047,0.6343997716903687,0.3931035101413727,0.0,0.39441677927970886,0.6223142147064209,0.9191287755966187,1.1336272954940796,1.201103687286377,1.5780431032180786,1.7445498704910278,2.073579788208008,2.298004388809204,2.597637176513672,2.850832223892212,2.0125539302825928,1.6597696542739868,1.600124716758728,1.379736065864563,1.352067232131958,1.3634037971496582,1.599830150604248,1.7354485988616943,1.8202835321426392,2.076709270477295,2.240633249282837,2.4996864795684814,2.67684268951416,2.9339351654052734,3.1859614849090576,2.729581594467163,2.454744815826416,2.481553554534912,2.2982494831085205,2.291747808456421,2.2633817195892334,2.3951375484466553,2.4217488765716553,2.4155144691467285,2.599945545196533,2.7031612396240234,2.9049017429351807,3.068655252456665,3.328627824783325,3.584136486053467,3.4078872203826904,3.2142014503479004,3.292381763458252,3.161158561706543,3.214235782623291,3.292755365371704,3.2694852352142334,3.2582480907440186,3.174410104751587,3.36234450340271,3.3956198692321777,3.574537515640259,3.6686718463897705,3.941204071044922,4.1714186668396,4.124643802642822,4.092004776000977,4.045276165008545,4.029183387756348,3.9377312660217285,4.017119407653809,3.910942792892456,3.9197452068328857,3.837994337081909,4.023591995239258,3.9838314056396484,4.192873001098633,4.222262382507324,4.395221710205078,4.527456760406494
A5,1.2370465993881226,0.9177383780479431,0.6302257776260376,0.39441677927970886,0.0,0.38704225420951843,0.5614085793495178,0.8457625508308411,1.0086324214935303,1.367658019065857,1.6024692058563232,1.9218302965164185,2.1730968952178955,2.491664409637451,2.7677783966064453,2.1091203689575195,1.7416454553604126,1.6802090406417847,1.3904002904891968,1.3227587938308716,1.2304701805114746,1.411507248878479,1.4941986799240112,1.6103814840316772,1.8250566720962524,2.033839225769043,2.2721505165100098,2.492584705352783,2.7505650520324707,3.030332088470459,2.7369987964630127,2.4425251483917236,2.483126163482666,2.251260757446289,2.2354984283447266,2.142897844314575,2.2395644187927246,2.218348741531372,2.2170355319976807,2.3593568801879883,2.4831435680389404,2.6576714515686035,2.8532891273498535,3.102686643600464,3.385037899017334,3.3634867668151855,3.157569646835327,3.2564468383789062,3.089265823364258,3.141587734222412,3.1740200519561768,3.126621961593628,3.0766735076904297,2.987861394882202,3.1395647525787354,3.1803345680236816,3.3314833641052246,3.446995735168457,3.7047183513641357,3.957453966140747,4.05649995803833,4.012997627258301,3.9875333309173584,3.943605899810791,3.8560335636138916,3.899522304534912,3.772449493408203,3.7469122409820557,3.6497316360473633,3.804492712020874,3.7570600509643555,3.9407927989959717,3.9697325229644775,4.119323253631592,4.252159118652344
A6,1.5354753732681274,1.2397065162658691,0.9308295845985413,0.6223142147064209,0.38704225420951843,0.0,0.3872624337673187,0.5555636286735535,0.6368837952613831,1.0108269453048706,1.2261223793029785,1.5583168268203735,1.7939482927322388,2.1232645511627197,2.3931379318237305,1.819043755531311,1.4547390937805176,1.4322975873947144,1.1117258071899414,1.100918173789978,0.9541762471199036,1.1834144592285156,1.2152236700057983,1.2720797061920166,1.4836044311523438,1.6654506921768188,1.903754711151123,2.112300395965576,2.3686702251434326,2.644655704498291,2.4215683937072754,2.1399383544921875,2.2209696769714355,1.9864542484283447,2.019451379776001,1.9067652225494385,2.043997049331665,1.9893780946731567,1.9359177350997925,2.065805435180664,2.1531496047973633,2.322082042694092,2.49710750579834,2.740595579147339,3.0146782398223877,3.042635917663574,2.8560357093811035,2.986135959625244,2.8277428150177,2.917526960372925,2.94071102142334,2.922494411468506,2.8528244495391846,2.7277517318725586,2.8729207515716553,2.8806567192077637,3.0259218215942383,3.116905689239502,3.3677377700805664,3.6087403297424316,3.740766763687134,3.7178001403808594,3.716768503189087,3.687819242477417,3.6299285888671875,3.677903413772583,3.572625160217285,3.5381815433502197,3.412307024002075,3.5669169425964355,3.4911444187164307,3.6752004623413086,3.6785807609558105,3.830280065536499,3.944892644882202
A7,1.797248125076294,1.4771531820297241,1.1815619468688965,0.9191287755966187,0.5614085793495178,0.3872624337673187,0.0,0.37457266449928284,0.6620542407035828,0.9415246844291687,1.2520506381988525,1.538213849067688,1.8130146265029907,2.143296957015991,2.4408867359161377,2.0951108932495117,1.7388248443603516,1.7206683158874512,1.3695083856582642,1.3222970962524414,1.081871747970581,1.2142819166183472,1.158714771270752,1.2503498792648315,1.3768552541732788,1.6145373582839966,1.805690884590149,2.0705888271331787,2.3123931884765625,2.622617483139038,2.6081676483154297,2.3182015419006348,2.410482406616211,2.1367900371551514,2.1566004753112793,1.9795682430267334,2.0680453777313232,1.9559612274169922,1.909745454788208,1.9745709896087646,2.0841145515441895,2.2060744762420654,2.419508695602417,2.6387813091278076,2.9452083110809326,3.166572332382202,2.9724724292755127,3.121544361114502,2.9290976524353027,3.0144803524017334,2.987804412841797,2.940500020980835,2.8271992206573486,2.698993444442749,2.794806480407715,2.8105852603912354,2.9149701595306396,3.0308308601379395,3.2564070224761963,3.523765802383423,3.8313140869140625,3.7983317375183105,3.8195114135742188,3.7614362239837646,3.7067315578460693,3.7150228023529053,3.5858659744262695,3.5127627849578857,3.3713459968566895,3.4858312606811523,3.4009857177734375,3.54971981048584,3.550791025161743,3.6683151721954346,3.7801005840301514
A8,2.0563676357269287,1.7316416501998901,1.4579696655273438,1.1336272954940796,0.8457625508308411,0.5555636286735535,0.37457266449928284,0.0,0.38133010268211365,0.5866160988807678,0.9243207573890686,1.1794885396957397,1.479772925376892,1.7919707298278809,2.1050379276275635,1.9685570001602173,1.6406068801879883,1.6978297233581543,1.351148009300232,1.3948709964752197,1.1268532276153564,1.3055552244186401,1.16978919506073,1.152285099029541,1.2217446565628052,1.4045294523239136,1.551802635192871,1.8085705041885376,2.0130162239074707,2.3318843841552734,2.4892737865448,2.2364792823791504,2.385382652282715,2.127209186553955,2.2099480628967285,2.021433115005493,2.1549134254455566,2.0030245780944824,1.8870712518692017,1.9142578840255737,1.9599865674972534,2.0464508533477783,2.22513747215271,2.4100489616394043,2.708146095275879,3.049259901046753,2.8935599327087402,3.083691120147705,2.9124555587768555,3.0446596145629883,3.0106773376464844,2.9989874362945557,2.8618948459625244,2.68829607963562,2.765045404434204,2.7311575412750244,2.8118484020233154,2.8889806270599365,3.0881075859069824,3.3388149738311768,3.721886396408081,3.724029541015625,3.7779223918914795,3.7443628311157227,3.7275171279907227,3.7433409690856934,3.6410207748413086,3.5567214488983154,3.3802285194396973,3.4872422218322754,3.3625032901763916,3.500755548477173,3.4610424041748047,3.566915512084961,3.643265962600708
A9,2.124894618988037,1.832243800163269,1.5472317934036255,1.201103687286377,1.0086324214935303,0.6368837952613831,0.6620542407035828,0.38133010268211365,0.0,0.3900541067123413,0.6048204898834229,0.9258285760879517,1.1764849424362183,1.5049915313720703,1.7916529178619385,1.6094460487365723,1.299584150314331,1.4035457372665405,1.0769317150115967,1.2066445350646973,0.9653969407081604,1.2224476337432861,1.0927200317382812,0.9735116958618164,1.087255597114563,1.1835896968841553,1.3623713254928589,1.559261441230774,1.7719124555587769,2.061201810836792,2.1518959999084473,1.9253329038619995,2.105828046798706,1.8794543743133545,2.0149025917053223,1.8556418418884277,2.0508294105529785,1.9116159677505493,1.7449309825897217,1.8018068075180054,1.7920818328857422,1.9043604135513306,2.0304794311523438,2.2257306575775146,2.4899892807006836,2.7424263954162598,2.61289119720459,2.817316770553589,2.679694175720215,2.8457884788513184,2.8373849391937256,2.869800090789795,2.7477495670318604,2.547865629196167,2.651369094848633,2.5824434757232666,2.6858389377593994,2.721580743789673,2.931429862976074,3.1508069038391113,3.437875509262085,3.4654126167297363,3.525212049484253,3.52459454536438,3.5307185649871826,3.5767507553100586,3.5092875957489014,3.4449849128723145,3.2577569484710693,3.391245126724243,3.2506446838378906,3.413034439086914,3.35398006439209,3.485938787460327,3.5488829612731934
A10,2.5058982372283936,2.203666925430298,1.929474115371704,1.5780431032180786,1.367658019065857,1.0108269453048706,0.9415246844291687,0.5866160988807678,0.3900541067123413,0.0,0.3897510766983032,0.6009540557861328,0.9039310812950134,1.2142897844314575,1.5307310819625854,1.7327743768692017,1.4782377481460571,1.6329401731491089,1.3250497579574585,1.4825655221939087,1.205952525138855,1.4174903631210327,1.1963850259780884,1.0015186071395874,0.981982409954071,1.0233687162399292,1.1039201021194458,1.3160979747772217,1.4716565608978271,1.7883919477462769,2.1890060901641846,2.001173734664917,2.230337619781494,2.0049359798431396,2.179349422454834,1.9835983514785767,2.1820197105407715,1.9862480163574219,1.7680211067199707,1.7502927780151367,1.6846933364868164,1.7281079292297363,1.831316590309143,1.9713773727416992,2.2401952743530273,2.7224247455596924,2.6273114681243896,2.875073194503784,2.7402381896972656,2.94100284576416,2.8991427421569824,2.946925640106201,2.784205436706543,2.5464673042297363,2.603632926940918,2.492213726043701,2.5486607551574707,2.557222366333008,2.723912477493286,2.9373908042907715,3.3918261528015137,3.445335626602173,3.5466792583465576,3.5515849590301514,3.5931155681610107,3.623616933822632,3.568474292755127,3.475348472595215,3.2516252994537354,3.355689525604248,3.1755852699279785,3.3080837726593018,3.2096524238586426,3.3124210834503174,3.3390376567840576
A11,2.6442835330963135,2.3722362518310547,2.099133014678955,1.7445498704910278,1.6024692058563232,1.2261223793029785,1.2520506381988525,0.9243207573890686,0.6048204898834229,0.3897510766983032,0.0,0.3811250329017639,0.5736181139945984,0.9080865383148193,1.1895078420639038,1.442750334739685,1.2468397617340088,1.4650695323944092,1.217138409614563,1.4555846452713013,1.2325979471206665,1.4885566234588623,1.2881957292556763,1.004093050956726,1.0140939950942993,0.9148914217948914,1.0065189599990845,1.1101057529449463,1.2541439533233643,1.5249345302581787,1.8989410400390625,1.7614761590957642,2.03269362449646,1.8554550409317017,2.0882363319396973,1.9291211366653442,2.18376088142395,2.0047733783721924,1.7383967638015747,1.7459436655044556,1.6104484796524048,1.6727213859558105,1.6988646984100342,1.8373161554336548,2.0546340942382812,2.4543700218200684,2.400681972503662,2.6681439876556396,2.5767579078674316,2.816293954849243,2.8006138801574707,2.8967201709747314,2.7503244876861572,2.486377239227295,2.5671160221099854,2.414266586303711,2.4900734424591064,2.4458391666412354,2.6162140369415283,2.787041425704956,3.1419100761413574,3.2298166751861572,3.342266321182251,3.386326789855957,3.4569594860076904,3.519235134124756,3.503608226776123,3.430990219116211,3.1963107585906982,3.3248796463012695,3.1270384788513184,3.2811760902404785,3.1592226028442383,3.2865452766418457,3.294098377227783
A12,2.979379892349243,2.6939213275909424,2.440253734588623,2.073579788208008,1.9218302965164185,1.5583168268203735,1.538213849067688,1.1794885396957397,0.9258285760879517,0.6009540557861328,0.3811250329017639,0.0,0.3950994610786438,0.6208716630935669,0.9628353714942932,1.6866509914398193,1.5500677824020386,1.8014694452285767,1.5792031288146973,1.8254032135009766,1.5930495262145996,1.8198270797729492,1.5781774520874023,1.276493787765503,1.186867594718933,1.0330567359924316,0.9846848249435425,1.062164306640625,1.0833473205566406,1.3699513673782349,2.0839133262634277,1.9972152709960938,2.3008511066436768,2.1380789279937744,2.393658399581909,2.2180588245391846,2.468799114227295,2.2558836936950684,1.9615707397460938,1.908451795578003,1.7240945100784302,1.7112189531326294,1.6960694789886475,1.7534761428833008,1.956070899963379,2.583164930343628,2.5724127292633057,2.872831106185913,2.793583393096924,3.059566020965576,3.0217654705047607,3.130995750427246,2.9561102390289307,2.665496349334717,2.704880952835083,2.513028621673584,2.5405502319335938,2.4616706371307373,2.5776584148406982,2.730228900909424,3.2383899688720703,3.3577463626861572,3.5070621967315674,3.5624840259552,3.665060520172119,3.717839002609253,3.7153360843658447,3.6213388442993164,3.3584213256835938,3.4601595401763916,3.2276570796966553,3.3511123657226562,3.188948392868042,3.2838950157165527,3.2480993270874023
A13,3.1770472526550293,2.9204771518707275,2.6497037410736084,2.298004388809204,2.1730968952178955,1.7939482927322388,1.8130146265029907,1.479772925376892,1.1764849424362183,0.9039310812950134,0.5736181139945984,0.3950994610786438,0.0,0.4005264937877655,0.639129102230072,1.514106035232544,1.4529449939727783,1.7219208478927612,1.5571049451828003,1.8299614191055298,1.6320197582244873,1.8542362451553345,1.6233716011047363,1.2742177248001099,1.1939644813537598,0.9286466836929321,0.8786335587501526,0.8137302994728088,0.8191297650337219,1.0393245220184326,1.7942088842391968,1.7602075338363647,2.0953125953674316,1.9713807106018066,2.268611431121826,2.113919258117676,2.3968894481658936,2.192004919052124,1.861791968345642,1.8193694353103638,1.5745515823364258,1.5736212730407715,1.4807881116867065,1.5362505912780762,1.6808393001556396,2.2586617469787598,2.2872071266174316,2.608163356781006,2.5616164207458496,2.859866142272949,2.832240581512451,2.9812958240509033,2.8148040771484375,2.5025250911712646,2.553861379623413,2.3251640796661377,2.3665571212768555,2.239518880844116,2.358067512512207,2.4691104888916016,2.905221462249756,3.0522472858428955,3.2182836532592773,3.301722764968872,3.4338221549987793,3.505657911300659,3.53763747215271,3.456043243408203,3.1819305419921875,3.299328088760376,3.0511302947998047,3.1908915042877197,3.0092179775238037,3.127838134765625,3.0784480571746826
A14,3.467104196548462,3.206907033920288,2.963390827178955,2.597637176513672,2.491664409637451,2.1232645511627197,2.143296957015991,1.7919707298278809,1.5049915313720703,1.2142897844314575,0.9080865383148193,0.6208716630935669,0.4005264937877655,0.0,0.3767193555831909,1.7330487966537476,1.730364203453064,2.0364794731140137,1.908069133758545,2.204305648803711,2.0239970684051514,2.254218339920044,2.0218636989593506,1.6721103191375732,1.569027304649353,1.2899905443191528,1.169088363647461,1.051190733909607,0.9054359197616577,1.0587071180343628,2.0182178020477295,2.0464160442352295,2.400423526763916,2.3124170303344727,2.628922462463379,2.4880452156066895,2.7787537574768066,2.5705833435058594,2.2293808460235596,2.1669960021972656,1.8927184343338013,1.8493683338165283,1.706624984741211,1.684590458869934,1.774345874786377,2.454214334487915,2.535658597946167,2.8730738162994385,2.858734130859375,3.178802967071533,3.1546859741210938,3.323953866958618,3.1528143882751465,2.826200246810913,2.8606724739074707,2.601630210876465,2.614943742752075,2.4468910694122314,2.516840934753418,2.5869948863983154,3.073441982269287,3.260808229446411,3.451051712036133,3.5620155334472656,3.7224695682525635,3.8035366535186768,3.857250452041626,3.773353338241577,3.484438419342041,3.5920467376708984,3.320467948913574,3.4433765411376953,3.2279629707336426,3.326457977294922,3.234961986541748
A15,3.691711902618408,3.455170154571533,3.2045090198516846,2.850832223892212,2.7677783966064453,2.3931379318237305,2.4408867359161377,2.1050379276275635,1.7916529178619385,1.5307310819625854,1.1895078420639038,0.9628353714942932,0.639129102230072,0.3767193555831909,0.0,1.6986498832702637,1.772933840751648,2.0851101875305176,2.0137994289398193,2.3236279487609863,2.1789331436157227,2.4043092727661133,2.1901519298553467,1.8241055011749268,1.7373747825622559,1.407842993736267,1.296678900718689,1.0709353685379028,0.8931262493133545,0.9022543430328369,1.868905782699585,1.9638046026229858,2.334648370742798,2.294159412384033,2.638671636581421,2.5255751609802246,2.8374156951904297,2.6443979740142822,2.2860159873962402,2.2370078563690186,1.9245731830596924,1.891603946685791,1.6804653406143188,1.6447216272354126,1.6529688835144043,2.2538537979125977,2.3863022327423096,2.7357115745544434,2.7620115280151367,3.1077401638031006,3.0980401039123535,3.303377866744995,3.1456081867218018,2.806978464126587,2.852370023727417,2.56427264213562,2.5885982513427734,2.373830795288086,2.43737530708313,2.454281806945801,2.8477213382720947,3.069915771484375,3.275908946990967,3.420024871826172,3.6099328994750977,3.71213698387146,3.8008737564086914,3.7318665981292725,3.4372200965881348,3.558518171310425,3.2757062911987305,3.41115403175354,3.178074598312378,3.2956175804138184,3.1878573894500732
B1,2.5771141052246094,2.488335371017456,2.2359447479248047,2.0125539302825928,2.1091203689575195,1.819043755531311,2.0951108932495117,1.9685570001602173,1.6094460487365723,1.7327743768692017,1.442750334739685,1.6866509914398193,1.514106035232544,1.7330487966537476,1.6986498832702637,0.0,0.373994916677475,0.6373716592788696,0.8749933838844299,1.2192752361297607,1.3824613094329834,1.7027276754379272,1.7811483144760132,1.5485763549804688,1.8200836181640625,1.6367106437683105,1.9117305278778076,1.7686586380004883,1.9997315406799316,2.0097646713256836,0.9779173135757446,0.9623525738716125,1.1767208576202393,1.278757095336914,1.5780338048934937,1.7049157619476318,2.08150315284729,2.1270360946655273,1.9070569276809692,2.1505062580108643,2.0108048915863037,2.2681314945220947,2.1790733337402344,2.4365735054016113,2.4843597412109375,1.7726895809173584,1.7581030130386353,1.910441279411316,1.9943817853927612,2.241408586502075,2.4231667518615723,2.6321372985839844,2.6673457622528076,2.460224151611328,2.722494602203369,2.5883431434631348,2.833164930343628,2.7328603267669678,3.0144834518432617,3.0740697383880615,2.541473627090454,2.6501102447509766,2.6535894870758057,2.8161017894744873,2.8754003047943115,3.0902795791625977,3.1757161617279053,3.2564198970794678,3.1083505153656006,3.3804380893707275,3.2556447982788086,3.539217233657837,3.4706125259399414,3.733930826187134,3.792701482772827
B2,2.2661705017089844,2.1572649478912354,1.8859822750091553,1.6597696542739868,1.7416454553604126,1.4547390937805176,1.7388248443603516,1.6406068801879883,1.299584150314331,1.4782377481460571,1.2468397617340088,1.5500677824020386,1.4529449939727783,1.730364203453064,1.772933840751648,0.373994916677475,0.0,0.3797360062599182,0.5306522250175476,0.8976607322692871,1.0553507804870605,1.402866005897522,1.4983311891555786,1.302372694015503,1.6058461666107178,1.4880664348602295,1.7917667627334595,1.7219774723052979,1.9868911504745483,2.06318736076355,1.1670483350753784,1.026324987411499,1.1976648569107056,1.2000501155853271,1.4491750001907349,1.5390468835830688,1.8922607898712158,1.9320985078811646,1.7410885095596313,1.9895902872085571,1.8998585939407349,2.1634953022003174,2.134953498840332,2.4109854698181152,2.515185594558716,1.9384135007858276,1.859195590019226,1.9999727010726929,2.016558885574341,2.2250144481658936,2.3807387351989746,2.5424227714538574,2.563708782196045,2.3743321895599365,2.6287882328033447,2.5295119285583496,2.7687714099884033,2.71425724029541,3.00478196144104,3.109673500061035,2.705291748046875,2.7720022201538086,2.765610694885254,2.8788087368011475,2.9030561447143555,3.0849175453186035,3.1266121864318848,3.188991069793701,3.0490777492523193,3.307156801223755,3.1976542472839355,3.4712650775909424,3.424257278442383,3.674412727355957,3.753221273422241
B3,2.1323115825653076,2.058574914932251,1.7591017484664917,1.600124716758728,1.6802090406417847,1.4322975873947144,1.7206683158874512,1.6978297233581543,1.4035457372665405,1.6329401731491089,1.4650695323944092,1.8014694452285767,1.7219208478927612,2.0364794731140137,2.0851101875305176,0.6373716592788696,0.3797360062599182,0.0,0.37178468704223633,0.6250535845756531,0.8877841234207153,1.1976852416992188,1.3768500089645386,1.2620168924331665,1.6144276857376099,1.5592727661132812,1.9041112661361694,1.8659577369689941,2.177431583404541,2.259082794189453,1.1745836734771729,0.9395636916160583,0.994487464427948,0.9713304042816162,1.1517544984817505,1.2866063117980957,1.6232717037200928,1.7214055061340332,1.5920625925064087,1.8921104669570923,1.8646856546401978,2.169301986694336,2.181854486465454,2.498243570327759,2.6180295944213867,1.9032113552093506,1.75652015209198,1.8366127014160156,1.822003960609436,1.9769909381866455,2.151444435119629,2.2877743244171143,2.3441977500915527,2.199742078781128,2.4852828979492188,2.4361023902893066,2.707080602645874,2.693399667739868,3.016014337539673,3.1404073238372803,2.6478288173675537,2.662562608718872,2.613693952560425,2.695657253265381,2.6765153408050537,2.856323003768921,2.877229928970337,2.9591312408447266,2.855504274368286,3.1305134296417236,3.0619146823883057,3.3533811569213867,3.348158359527588,3.6167774200439453,3.73323392868042
B4,2.0285587310791016,1.90152907371521,1.5694470405578613,1.379736065864563,1.3904002904891968,1.1117258071899414,1.3695083856582642,1.351148009300232,1.0769317150115967,1.3250497579574585,1.217138409614563,1.5792031288146973,1.5571049451828003,1.908069133758545,2.0137994289398193,0.8749933838844299,0.5306522250175476,0.37178468704223633,0.0,0.3848362863063812,0.5479972958564758,0.9008108973503113,1.0535565614700317,0.9579441547393799,1.317695140838623,1.3199827671051025,1.6691950559616089,1.69683837890625,2.0206332206726074,2.158942699432373,1.3587819337844849,1.0771113634109497,1.1557949781417847,1.0101709365844727,1.1552995443344116,1.1833829879760742,1.486556887626648,1.5301538705825806,1.4029052257537842,1.672134518623352,1.6748844385147095,1.960871696472168,2.0220298767089844,2.3356006145477295,2.5040524005889893,2.032186269760132,1.8603391647338867,1.9710596799850464,1.8912571668624878,2.034966230392456,2.1484954357147217,2.2414469718933105,2.2497963905334473,2.0985238552093506,2.347632884979248,2.3109538555145264,2.5534508228302,2.5708518028259277,2.882629871368408,3.0448591709136963,2.7627594470977783,2.760941505432129,2.736175775527954,2.7751920223236084,2.749300479888916,2.8811867237091064,2.863706111907959,2.903752326965332,2.7834038734436035,3.0251708030700684,2.9486501216888428,3.2141966819763184,3.209965229034424,3.452150821685791,3.5711870193481445
B5,1.940641164779663,1.8315736055374146,1.4654364585876465,1.352067232131958,1.3227587938308716,1.100918173789978,1.3222970962524414,1.3948709964752197,1.2066445350646973,1.4825655221939087,1.4555846452713013,1.8254032135009766,1.8299614191055298,2.204305648803711,2.3236279487609863,1.2192752361297607,0.8976607322692871,0.6250535845756531,0.3848362863063812,0.0,0.3753080368041992,0.6330320835113525,0.8988507986068726,0.9421896934509277,1.3235844373703003,1.4152361154556274,1.7813483476638794,1.8572063446044922,2.2114830017089844,2.3657610416412354,1.5352046489715576,1.1932696104049683,1.1694890260696411,0.9495453238487244,0.9642481207847595,0.9746765494346619,1.214196801185608,1.3016564846038818,1.264216661453247,1.5656646490097046,1.6531974077224731,1.9612152576446533,2.080002546310425,2.4205057621002197,2.6154799461364746,2.1207616329193115,1.8863518238067627,1.9479156732559204,1.8100496530532837,1.8850723505020142,1.9834717512130737,2.021988868713379,2.045149803161621,1.9459551572799683,2.2053635120391846,2.2300093173980713,2.4872806072235107,2.558931350708008,2.8913750648498535,3.0837604999542236,2.8050649166107178,2.748490810394287,2.6940362453460693,2.682555675506592,2.6100003719329834,2.7142250537872314,2.655917167663574,2.6959176063537598,2.608853340148926,2.8495607376098633,2.814365863800049,3.083369016647339,3.1231579780578613,3.3699817657470703,3.526745319366455
B6,2.0762827396392822,1.9070395231246948,1.5262454748153687,1.3634037971496582,1.2304701805114746,0.9541762471199036,1.081871747970581,1.1268532276153564,0.9653969407081604,1.205952525138855,1.2325979471206665,1.5930495262145996,1.6320197582244873,2.0239970684051514,2.1789331436157227,1.3824613094329834,1.0553507804870605,0.8877841234207153,0.5479972958564758,0.3753080368041992,0.0,0.3863176107406616,0.554009735584259,0.6177641153335571,0.9863800406455994,1.1352577209472656,1.4885141849517822,1.6214911937713623,1.975517988204956,2.1727890968322754,1.6450319290161133,1.305077075958252,1.3443547487258911,1.0596832036972046,1.092754602432251,0.9642238020896912,1.164353370666504,1.1442104578018188,1.0754320621490479,1.3134739398956299,1.4136738777160645,1.6876299381256104,1.8442808389663696,2.1701033115386963,2.403507709503174,2.1728599071502686,1.9427919387817383,2.0553088188171387,1.8766376972198486,1.9704042673110962,1.9970715045928955,2.0110645294189453,1.9649680852890015,1.8358029127120972,2.039951801300049,2.055813789367676,2.2716851234436035,2.3599438667297363,2.6703853607177734,2.8908190727233887,2.837416172027588,2.7841429710388184,2.7714061737060547,2.733964443206787,2.6800894737243652,2.738593578338623,2.6587371826171875,2.646789312362671,2.5239365100860596,2.7221405506134033,2.660226345062256,2.8957414627075195,2.920029401779175,3.1357104778289795,3.2825334072113037
B7,2.2639291286468506,2.102736234664917,1.7080851793289185,1.599830150604248,1.411507248878479,1.1834144592285156,1.2142819166183472,1.3055552244186401,1.2224476337432861,1.4174903631210327,1.4885566234588623,1.8198270797729492,1.8542362451553345,2.254218339920044,2.4043092727661133,1.7027276754379272,1.402866005897522,1.1976852416992188,0.9008108973503113,0.6330320835113525,0.3863176107406616,0.0,0.3721877634525299,0.6356806755065918,0.9515452980995178,1.1795350313186646,1.521280288696289,1.6899573802947998,2.0621025562286377,2.2630693912506104,1.7885360717773438,1.423553466796875,1.4096521139144897,1.0681215524673462,1.0030953884124756,0.7792125940322876,0.8680212497711182,0.8250283002853394,0.8486651182174683,1.088702917098999,1.2818938493728638,1.5629606246948242,1.777028203010559,2.1196529865264893,2.3743581771850586,2.1936416625976562,1.9195728302001953,2.0095369815826416,1.7693102359771729,1.8130395412445068,1.7861385345458984,1.7430667877197266,1.6755672693252563,1.582840919494629,1.7715133428573608,1.84311044216156,2.0594289302825928,2.202465534210205,2.523895263671875,2.773834705352783,2.7895612716674805,2.6903843879699707,2.672065496444702,2.5808091163635254,2.5005667209625244,2.5126469135284424,2.3927431106567383,2.3563873767852783,2.246346950531006,2.42588210105896,2.3913416862487793,2.6190860271453857,2.6792497634887695,2.8928375244140625,3.0724751949310303
B8,2.493222951889038,2.288339853286743,1.9017040729522705,1.7354485988616943,1.4941986799240112,1.2152236700057983,1.158714771270752,1.16978919506073,1.0927200317382812,1.1963850259780884,1.2881957292556763,1.5781774520874023,1.6233716011047363,2.0218636989593506,2.1901519298553467,1.7811483144760132,1.4983311891555786,1.3768500089645386,1.0535565614700317,0.8988507986068726,0.554009735584259,0.3721877634525299,0.0,0.37081822752952576,0.6017777323722839,0.8855831027030945,1.1949193477630615,1.4104968309402466,1.7699016332626343,2.0029215812683105,1.8351216316223145,1.5022753477096558,1.565880537033081,1.219351887702942,1.2300655841827393,0.9369497895240784,1.02340829372406,0.8347525596618652,0.7525258660316467,0.869155764579773,1.0391877889633179,1.2669931650161743,1.5052458047866821,1.8218209743499756,2.1061055660247803,2.1969547271728516,1.9547010660171509,2.106191873550415,1.8604098558425903,1.952073335647583,1.8690361976623535,1.8359519243240356,1.6937968730926514,1.5419971942901611,1.6591720581054688,1.687960147857666,1.8493942022323608,1.9862326383590698,2.2748289108276367,2.5410261154174805,2.77761173248291,2.703497886657715,2.7365856170654297,2.644690990447998,2.6053993701934814,2.5891122817993164,2.473926305770874,2.388731002807617,2.2262043952941895,2.360665798187256,2.2764036655426025,2.4661266803741455,2.4879016876220703,2.6676721572875977,2.8202714920043945
B9,2.6283817291259766,2.413980484008789,2.04233717918396,1.8202835321426392,1.6103814840316772,1.2720797061920166,1.2503498792648315,1.152285099029541,0.9735116958618164,1.0015186071395874,1.004093050956726,1.276493787765503,1.2742177248001099,1.6721103191375732,1.8241055011749268,1.5485763549804688,1.302372694015503,1.2620168924331665,0.9579441547393799,0.9421896934509277,0.6177641153335571,0.6356806755065918,0.37081822752952576,0.0,0.38297370076179504,0.5533835291862488,0.8969451785087585,1.0739338397979736,1.434406042098999,1.6605039834976196,1.605432391166687,1.3165552616119385,1.4647791385650635,1.1561862230300903,1.281066656112671,1.0178282260894775,1.207537055015564,1.0041251182556152,0.7786129713058472,0.8606520891189575,0.8865030407905579,1.1033058166503906,1.273024082183838,1.577013611793518,1.8411486148834229,1.9984723329544067,1.8084163665771484,2.014768600463867,1.8146159648895264,1.978645920753479,1.9109400510787964,1.9454402923583984,1.7941187620162964,1.5761768817901611,1.6884205341339111,1.633941888809204,1.7836534976959229,1.8513603210449219,2.123335123062134,2.358240842819214,2.614780902862549,2.5913171768188477,2.659440279006958,2.6137592792510986,2.6246652603149414,2.637014865875244,2.5698299407958984,2.4886019229888916,2.2874131202697754,2.4286177158355713,2.2940282821655273,2.4849367141723633,2.4525856971740723,2.633490800857544,2.742530107498169
B10,2.9253883361816406,2.6829593181610107,2.320425033569336,2.076709270477295,1.8250566720962524,1.4836044311523438,1.3768552541732788,1.2217446565628052,1.087255597114563,0.981982409954071,1.0140939950942993,1.186867594718933,1.1939644813537598,1.569027304649353,1.7373747825622559,1.8200836181640625,1.6058461666107178,1.6144276857376099,1.317695140838623,1.3235844373703003,0.9863800406455994,0.9515452980995178,0.6017777323722839,0.38297370076179504,0.0,0.3752289414405823,0.6031897664070129,0.8756614327430725,1.2050975561141968,1.4758754968643188,1.8110525608062744,1.5660024881362915,1.7495100498199463,1.4468796253204346,1.5827747583389282,1.2783691883087158,1.4180989265441895,1.1319483518600464,0.8715649247169495,0.7732541561126709,0.7473170161247253,0.8415612578392029,1.04881751537323,1.3025891780853271,1.6108148097991943,2.110870122909546,1.9508461952209473,2.1976194381713867,1.9862496852874756,2.169581174850464,2.0440170764923096,2.070620536804199,1.855491280555725,1.602556586265564,1.6257898807525635,1.5331913232803345,1.6037516593933105,1.6690250635147095,1.8902535438537598,2.1475322246551514,2.672187089920044,2.6633925437927246,2.7780601978302,2.7192819118499756,2.7603399753570557,2.7348241806030273,2.6633214950561523,2.5332753658294678,2.290860652923584,2.3763720989227295,2.198056936264038,2.3379857540130615,2.2677664756774902,2.40315318107605,2.4826297760009766
B11,3.094139814376831,2.8607170581817627,2.509714126586914,2.240633249282837,2.033839225769043,1.6654506921768188,1.6145373582839966,1.4045294523239136,1.1835896968841553,1.0233687162399292,0.9148914217948914,1.0330567359924316,0.9286466836929321,1.2899905443191528,1.407842993736267,1.6367106437683105,1.4880664348602295,1.5592727661132812,1.3199827671051025,1.4152361154556274,1.1352577209472656,1.1795350313186646,0.8855831027030945,0.5533835291862488,0.3752289414405823,0.0,0.3761753439903259,0.5293571352958679,0.886596143245697,1.1275854110717773,1.577527642250061,1.3963501453399658,1.6455574035644531,1.3988618850708008,1.6171388626098633,1.3579550981521606,1.5704712867736816,1.3082245588302612,0.9755352735519409,0.8938202261924744,0.7007200717926025,0.7828242778778076,0.8505358695983887,1.0917972326278687,1.3518084287643433,1.8777869939804077,1.7764286994934082,2.067003011703491,1.9076411724090576,2.1508634090423584,2.049116611480713,2.1404643058776855,1.9367291927337646,1.6387443542480469,1.675242304801941,1.5048787593841553,1.5785993337631226,1.5562248229980469,1.764436960220337,1.9702001810073853,2.4598395824432373,2.5011231899261475,2.6450212001800537,2.6343164443969727,2.721217155456543,2.729205846786499,2.708134412765503,2.594611167907715,2.3281993865966797,2.432263135910034,2.217005968093872,2.3696401119232178,2.2521677017211914,2.402379035949707,2.4405300617218018
B12,3.384085178375244,3.1282224655151367,2.7902991771698,2.4996864795684814,2.2721505165100098,1.903754711151123,1.805690884590149,1.551802635192871,1.3623713254928589,1.1039201021194458,1.0065189599990845,0.9846848249435425,0.8786335587501526,1.169088363647461,1.296678900718689,1.9117305278778076,1.7917667627334595,1.9041112661361694,1.6691950559616089,1.7813483476638794,1.4885141849517822,1.521280288696289,1.1949193477630615,0.8969451785087585,0.6031897664070129,0.3761753439903259,0.0,0.3776756525039673,0.6195238828659058,0.9305946826934814,1.8340437412261963,1.7042796611785889,1.9767593145370483,1.7470552921295166,1.971851110458374,1.6997897624969482,1.8850419521331787,1.5875765085220337,1.2548067569732666,1.0719376802444458,0.8308204412460327,0.7334474921226501,0.7592492699623108,0.8698381185531616,1.1615557670593262,2.06141996383667,2.004612445831299,2.324535608291626,2.172593832015991,2.432219982147217,2.297358751296997,2.389202356338501,2.146796226501465,1.827758550643921,1.7916786670684814,1.577750325202942,1.5640263557434082,1.5075534582138062,1.6343891620635986,1.838997483253479,2.58717679977417,2.6558330059051514,2.8422276973724365,2.8330373764038086,2.9508121013641357,2.9361274242401123,2.9203293323516846,2.7733006477355957,2.475168228149414,2.531687021255493,2.274113893508911,2.3743903636932373,2.2066292762756348,2.304643154144287,2.2911226749420166
B13,3.5400664806365967,3.3048410415649414,2.9711081981658936,2.67684268951416,2.492584705352783,2.112300395965576,2.0705888271331787,1.8085705041885376,1.559261441230774,1.3160979747772217,1.1101057529449463,1.062164306640625,0.8137302994728088,1.051190733909607,1.0709353685379028,1.7686586380004883,1.7219774723052979,1.8659577369689941,1.69683837890625,1.8572063446044922,1.6214911937713623,1.6899573802947998,1.4104968309402466,1.0739338397979736,0.8756614327430725,0.5293571352958679,0.3776756525039673,0.0,0.39183691143989563,0.6012194752693176,1.598952293395996,1.5398515462875366,1.8513855934143066,1.681579351425171,1.9600456953048706,1.735085129737854,1.9701950550079346,1.7066216468811035,1.3410258293151855,1.2065625190734863,0.8817630410194397,0.8235546350479126,0.668896496295929,0.7652612924575806,0.9479667544364929,1.7965035438537598,1.798488974571228,2.146836996078491,2.047351598739624,2.3513619899749756,2.2443501949310303,2.392524242401123,2.1740946769714355,1.8308990001678467,1.8240232467651367,1.556396722793579,1.568854570388794,1.4271974563598633,1.5542092323303223,1.6876788139343262,2.327125072479248,2.440901041030884,2.6480801105499268,2.6847212314605713,2.8405935764312744,2.8607330322265625,2.8927853107452393,2.7706894874572754,2.4630916118621826,2.547630548477173,2.271510362625122,2.397061586380005,2.200423002243042,2.329686164855957,2.290020227432251
