,A1,A2,A3,A4,A5,A6,A7,A8,A9,A10,A11,A12,A13,A14,A15,B1,B2,B3,B4,B5,B6,B7,B8,B9,B10,B11,B12,B13,B14,B15,C1,C2,C3,C4,C5,C6,C7,C8,C9,C10,C11,C12,C13,C14,C15,D1,D2,D3,D4,D5,D6,D7,D8,D9,D10,D11,D12,D13,D14,D15,E1,E2,E3,E4,E5,E6,E7,E8,E9,E10,E11,E12,E13,E14,E15
A1,0.0,0.38279789686203003,0.6172393560409546,0.8843578696250916,1.1723921298980713,1.4610692262649536,1.7012652158737183,1.8572927713394165,1.976500153541565,2.321683883666992,2.507831335067749,2.780757188796997,3.0072972774505615,3.3195247650146484,3.633943557739258,4.17567777633667,4.308905601501465,4.069034576416016,3.8792014122009277,4.013469696044922,3.708386182785034,3.8796768188476562,4.015435695648193,3.6733930110931396,3.6342782974243164,3.7883729934692383,3.9495010375976562,3.918519973754883,3.767637014389038,3.757277727127075,3.180424451828003,3.1944730281829834,2.8202965259552,2.89029860496521,2.6959826946258545,2.743882417678833,2.630854845046997,2.9715116024017334,3.1025984287261963,2.967608690261841,2.8501834869384766,3.002060890197754,2.734616279602051,2.792813777923584,2.6096129417419434,2.239449977874756,2.4667856693267822,2.269301652908325,2.390260696411133,2.3802502155303955,2.3442938327789307,2.4733967781066895,2.801039695739746,2.7342731952667236,2.7140440940856934,3.0814337730407715,3.2706146240234375,3.1519362926483154,3.3309717178344727,3.406053304672241,2.5212366580963135,2.282567024230957,2.3097541332244873,2.2680511474609375,2.0458695888519287,2.2146949768066406,2.0770082473754883,1.8806246519088745,2.1013426780700684,2.2305808067321777,2.1440372467041016,2.3124942779541016,2.332753896713257,2.3806724548339844,2.5989696979522705
A2,0.38279789686203003,0.0,0.3842669725418091,0.6123285889625549,0.8583573698997498,1.1728330850601196,1.3806871175765991,1.5188626050949097,1.6768908500671387,2.0082743167877197,2.218644142150879,2.4674437046051025,2.717849016189575,3.010404109954834,3.3349742889404297,3.9715065956115723,4.114350318908691,3.8904666900634766,3.7284512519836426,3.869022846221924,3.5780587196350098,3.736001968383789,3.904447317123413,3.5653693675994873,3.4942948818206787,3.6583011150360107,3.790097236633301,3.7600297927856445,3.607710838317871,3.621189594268799,3.120541572570801,3.1612701416015625,2.7910690307617188,2.8736460208892822,2.725121021270752,2.782041072845459,2.717602014541626,3.0643234252929688,3.1856565475463867,3.0900955200195312,2.9880847930908203,3.1166093349456787,2.849893808364868,2.953021764755249,2.806662082672119,2.4960172176361084,2.6889290809631348,2.468222141265869,2.5398638248443604,2.5126230716705322,2.420609474182129,2.541080951690674,2.8471689224243164,2.738912582397461,2.691129207611084,3.045619487762451,3.204500436782837,3.0467002391815186,3.2119312286376953,3.2480366230010986,2.256162166595459,2.056790828704834,2.1022591590881348,2.1144447326660156,1.9052824974060059,2.1305580139160156,2.004340171813965,1.8726142644882202,2.1318652629852295,2.2814533710479736,2.2543742656707764,2.435629367828369,2.5085268020629883,2.5656607151031494,2.822726249694824
A3,0.6172393560409546,0.3842669725418091,0.0,0.3922368586063385,0.5764668583869934,0.8954674601554871,1.1010349988937378,1.304850459098816,1.4462388753890991,1.764494776725769,1.9917293787002563,2.262233018875122,2.511540651321411,2.805006980895996,3.134225368499756,3.713588237762451,3.833853006362915,3.593778133392334,3.437638759613037,3.5557303428649902,3.25532865524292,3.395311117172241,3.5648481845855713,3.219575881958008,3.1372852325439453,3.2887375354766846,3.418283224105835,3.3807756900787354,3.2253689765930176,3.2371323108673096,2.7569046020507812,2.8165292739868164,2.4515483379364014,2.5596871376037598,2.426422357559204,2.515133857727051,2.467632532119751,2.8034279346466064,2.941169023513794,2.8748717308044434,2.7607333660125732,2.854196786880493,2.5779829025268555,2.7080769538879395,2.597501516342163,2.4498252868652344,2.628302812576294,2.431702136993408,2.4615464210510254,2.476400852203369,2.348179817199707,2.515561580657959,2.7919366359710693,2.6441478729248047,2.632175922393799,2.9844911098480225,3.109400749206543,2.9349076747894287,3.1332900524139404,3.1587064266204834,2.224536657333374,2.0464236736297607,2.158588171005249,2.1732423305511475,2.023542642593384,2.2608466148376465,2.1927146911621094,2.074415445327759,2.3075613975524902,2.505660057067871,2.473006010055542,2.692176580429077,2.753142833709717,2.849433422088623,3.101707696914673
A4,0.8843578696250916,0.6123285889625549,0.3922368586063385,0.0,0.3854769170284271,0.583824098110199,0.8681915402412415,0.9992497563362122,1.0952916145324707,1.439164638519287,1.6330642700195312,1.9088261127471924,2.1437604427337646,2.448894739151001,2.7698843479156494,3.3680949211120605,3.507028102874756,3.286043643951416,3.1360361576080322,3.2797739505767822,3.0000908374786377,3.157625198364258,3.3450772762298584,3.0151758193969727,2.9337432384490967,3.1224002838134766,3.244826078414917,3.2419257164001465,3.117415189743042,3.17092227935791,2.6541059017181396,2.697460174560547,2.3354527950286865,2.409883499145508,2.322308301925659,2.3768932819366455,2.3830292224884033,2.7326436042785645,2.8295233249664307,2.793017864227295,2.7238569259643555,2.8254668712615967,2.583486795425415,2.761545181274414,2.6762595176696777,2.46689510345459,2.592766046524048,2.3619043827056885,2.341681957244873,2.3263447284698486,2.1490859985351562,2.2989630699157715,2.5509581565856934,2.3741953372955322,2.337923049926758,2.6758577823638916,2.780426263809204,2.585113048553467,2.7741715908050537,2.7829229831695557,1.8497779369354248,1.6778236627578735,1.8203823566436768,1.845504879951477,1.7361016273498535,1.993172287940979,1.9698766469955444,1.893937587738037,2.123767614364624,2.3588666915893555,2.363035202026367,2.6118905544281006,2.704629898071289,2.8377721309661865,3.1185142993927
A5,1.1723921298980713,0.8583573698997498,0.5764668583869934,0.3854769170284271,0.0,0.3889179825782776,0.5291593074798584,0.7453308701515198,0.9256052374839783,1.2087600231170654,1.4758250713348389,1.724402666091919,1.9995512962341309,2.2672345638275146,2.6080031394958496,3.2762341499328613,3.4013020992279053,3.1819522380828857,3.0691614151000977,3.1906442642211914,2.9157183170318604,3.0331950187683105,3.2493855953216553,2.9165310859680176,2.788623332977295,2.95908260345459,3.04498553276062,3.020096778869629,2.8769431114196777,2.9371516704559326,2.5584404468536377,2.6524300575256348,2.309765577316284,2.4287028312683105,2.3812787532806396,2.478421926498413,2.5149147510528564,2.8436756134033203,2.9577419757843018,2.9593491554260254,2.8770596981048584,2.9313979148864746,2.6760268211364746,2.8769402503967285,2.829965829849243,2.7739245891571045,2.8935792446136475,2.6799476146698,2.631049633026123,2.6353650093078613,2.4277093410491943,2.5929696559906006,2.8145599365234375,2.6006953716278076,2.569079875946045,2.887448310852051,2.9498393535614014,2.719597816467285,2.911048173904419,2.8780179023742676,1.8834177255630493,1.7838351726531982,1.9653104543685913,2.045212745666504,1.9678113460540771,2.258864641189575,2.2495930194854736,2.2162601947784424,2.457808494567871,2.6972243785858154,2.7246532440185547,2.971961498260498,3.0793721675872803,3.207500696182251,3.494483232498169
A6,1.4610692262649536,1.1728330850601196,0.8954674601554871,0.583824098110199,0.3889179825782776,0.0,0.38013991713523865,0.5145765542984009,0.5695652961730957,0.8800610303878784,1.1100448369979858,1.3898037672042847,1.6390604972839355,1.926491618156433,2.2574281692504883,2.8885722160339355,3.0190680027008057,2.807932138442993,2.699824810028076,2.8352789878845215,2.57595157623291,2.705293893814087,2.934279203414917,2.6161093711853027,2.4904515743255615,2.693157434463501,2.7766499519348145,2.7872812747955322,2.6794095039367676,2.7787394523620605,2.3551156520843506,2.434319257736206,2.1037986278533936,2.1956002712249756,2.1980302333831787,2.272975206375122,2.362687826156616,2.6902379989624023,2.7715368270874023,2.8092637062072754,2.7632150650024414,2.812333106994629,2.591243028640747,2.836139678955078,2.821237325668335,2.7680323123931885,2.8393845558166504,2.6162004470825195,2.5143446922302246,2.513650894165039,2.260497570037842,2.427961826324463,2.6085751056671143,2.3589539527893066,2.328305244445801,2.6247284412384033,2.6518030166625977,2.401444911956787,2.6015262603759766,2.5524752140045166,1.6415704488754272,1.5617542266845703,1.8014260530471802,1.8790606260299683,1.8715389966964722,2.1608641147613525,2.2139668464660645,2.2099673748016357,2.4223456382751465,2.7004435062408447,2.7437832355499268,3.0213463306427,3.138028621673584,3.305912733078003,3.603034019470215
A7,1.7012652158737183,1.3806871175765991,1.1010349988937378,0.8681915402412415,0.5291593074798584,0.38013991713523865,0.0,0.37669655680656433,0.5983989238739014,0.7541956305503845,1.0897974967956543,1.3014848232269287,1.604486107826233,1.8290194272994995,2.1813058853149414,2.917680025100708,3.0357344150543213,2.834376811981201,2.7724244594573975,2.883852005004883,2.6367504596710205,2.718312978744507,2.977891445159912,2.662196636199951,2.484074354171753,2.6617484092712402,2.697824001312256,2.680149793624878,2.5484707355499268,2.6543166637420654,2.4067249298095703,2.5393149852752686,2.2362899780273438,2.3713560104370117,2.4053280353546143,2.517805576324463,2.623410940170288,2.9280035495758057,3.0266008377075195,3.0894737243652344,3.0281035900115967,3.0386295318603516,2.804069757461548,3.0560920238494873,3.065690517425537,3.1188502311706543,3.1960508823394775,2.9849960803985596,2.8763535022735596,2.885143995285034,2.622544527053833,2.791743755340576,2.9564952850341797,2.689598321914673,2.654792070388794,2.931699514389038,2.9289746284484863,2.6533162593841553,2.8417797088623047,2.752552032470703,1.7685002088546753,1.7636544704437256,2.0102102756500244,2.1404805183410645,2.1384823322296143,2.4537429809570312,2.4974892139434814,2.5242772102355957,2.756711721420288,3.0232784748077393,3.0863020420074463,3.35166597366333,3.482961654663086,3.634321451187134,3.937647819519043
A8,1.8572927713394165,1.5188626050949097,1.304850459098816,0.9992497563362122,0.7453308701515198,0.5145765542984009,0.37669655680656433,0.0,0.3737361431121826,0.5343349575996399,0.8443023562431335,1.0133707523345947,1.3314175605773926,1.5544114112854004,1.9061319828033447,2.761540651321411,2.91778826713562,2.7572124004364014,2.7102103233337402,2.862401247024536,2.652631998062134,2.757115125656128,3.0362420082092285,2.747598886489868,2.574904203414917,2.7932095527648926,2.8160693645477295,2.836690902709961,2.7391488552093506,2.883591890335083,2.6088297367095947,2.715183734893799,2.420206308364868,2.509702205657959,2.573605537414551,2.6399850845336914,2.7777366638183594,3.0944862365722656,3.151322364807129,3.2229111194610596,3.2017550468444824,3.2361080646514893,3.032137632369995,3.300581932067871,3.307281494140625,3.242821216583252,3.28979754447937,3.045013427734375,2.918294668197632,2.8827085494995117,2.598966121673584,2.724438190460205,2.8735835552215576,2.599748373031616,2.518237590789795,2.769080877304077,2.7539243698120117,2.457988977432251,2.6074447631835938,2.488490343093872,1.4237146377563477,1.4628759622573853,1.7162424325942993,1.8852919340133667,1.9084875583648682,2.241042137145996,2.302400827407837,2.3792967796325684,2.617638111114502,2.8860034942626953,2.989902973175049,3.254990339279175,3.4199938774108887,3.5786547660827637,3.903857946395874
A9,1.976500153541565,1.6768908500671387,1.4462388753890991,1.0952916145324707,0.9256052374839783,0.5695652961730957,0.5983989238739014,0.3737361431121826,0.0,0.38149723410606384,0.552964448928833,0.8261870741844177,1.0746564865112305,1.3622795343399048,1.6909147500991821,2.430475950241089,2.5926671028137207,2.430640697479248,2.366335153579712,2.537923574447632,2.3365089893341064,2.4702394008636475,2.743286609649658,2.468658208847046,2.3230624198913574,2.575706958770752,2.6193552017211914,2.68162202835083,2.624983072280884,2.793424606323242,2.4094085693359375,2.4806089401245117,2.1935646533966064,2.243021011352539,2.334956407546997,2.3700103759765625,2.540928602218628,2.855879783630371,2.8812806606292725,2.9719624519348145,2.982771635055542,3.024196147918701,2.8545398712158203,3.147580862045288,3.1700360774993896,3.0856971740722656,3.095012903213501,2.8485257625579834,2.6850907802581787,2.649574041366577,2.3394007682800293,2.4696767330169678,2.5850934982299805,2.2899889945983887,2.2199442386627197,2.455293893814087,2.4172325134277344,2.116196632385254,2.285144567489624,2.171269416809082,1.2755452394485474,1.2971984148025513,1.6037501096725464,1.7322146892547607,1.819176197052002,2.122676134109497,2.2416772842407227,2.3165223598480225,2.512016534805298,2.8138587474823,2.910522937774658,3.202996015548706,3.3581466674804688,3.5541751384735107,3.8757948875427246
A10,2.321683883666992,2.0082743167877197,1.764494776725769,1.439164638519287,1.2087600231170654,0.8800610303878784,0.7541956305503845,0.5343349575996399,0.38149723410606384,0.0,0.3942762613296509,0.5613365769386292,0.863423764705658,1.0790811777114868,1.4280072450637817,2.2660582065582275,2.419271945953369,2.279661178588867,2.2719063758850098,2.4272899627685547,2.2573134899139404,2.348712682723999,2.6573100090026855,2.4034829139709473,2.211927890777588,2.459615468978882,2.4532105922698975,2.516188383102417,2.467151165008545,2.6666958332061768,2.4196760654449463,2.5257375240325928,2.2795450687408447,2.3491687774658203,2.4902665615081787,2.5455331802368164,2.7489287853240967,3.037278175354004,3.061755418777466,3.1884610652923584,3.2017393112182617,3.208479642868042,3.0460076332092285,3.3586747646331787,3.4130070209503174,3.4171996116638184,3.4141054153442383,3.17877459526062,2.9926986694335938,2.9667887687683105,2.638869285583496,2.7714028358459473,2.8523013591766357,2.534151554107666,2.466533660888672,2.6652491092681885,2.58040714263916,2.254242181777954,2.4114959239959717,2.250180244445801,1.395251989364624,1.5056122541427612,1.826209306716919,1.9904686212539673,2.1082944869995117,2.418184280395508,2.5507900714874268,2.6549885272979736,2.8497257232666016,3.1521151065826416,3.265442371368408,3.556975841522217,3.7227988243103027,3.9198179244995117,4.246737480163574
A11,2.507831335067749,2.218644142150879,1.9917293787002563,1.6330642700195312,1.4758250713348389,1.1100448369979858,1.0897974967956543,0.8443023562431335,0.552964448928833,0.3942762613296509,0.0,0.3744898736476898,0.533511757850647,0.8462411761283875,1.1546776294708252,1.9380645751953125,2.123617172241211,2.011955738067627,1.9970653057098389,2.196796178817749,2.062934398651123,2.1957759857177734,2.502155303955078,2.283069372177124,2.1276779174804688,2.422273874282837,2.4310131072998047,2.5496740341186523,2.5536136627197266,2.7824432849884033,2.427717924118042,2.4859373569488525,2.256941318511963,2.2666845321655273,2.439957857131958,2.444100856781006,2.68369460105896,2.9699883460998535,2.947389841079712,3.0904829502105713,3.148470401763916,3.1735992431640625,3.0550220012664795,3.3864309787750244,3.448099374771118,3.380258321762085,3.334756374359131,3.0872960090637207,2.8680665493011475,2.8214914798736572,2.4705750942230225,2.5809216499328613,2.6204397678375244,2.287194013595581,2.2067270278930664,2.367603302001953,2.251147508621216,1.9118117094039917,2.0607945919036865,1.8835813999176025,1.2080165147781372,1.3303364515304565,1.68290114402771,1.8232922554016113,2.0049736499786377,2.284790515899658,2.468797445297241,2.5904200077056885,2.747591257095337,3.069753885269165,3.1928536891937256,3.4999794960021973,3.669802188873291,3.895838737487793,4.224996089935303
A12,2.780757188796997,2.4674437046051025,2.262233018875122,1.9088261127471924,1.724402666091919,1.3898037672042847,1.3014848232269287,1.0133707523345947,0.8261870741844177,0.5613365769386292,0.3744898736476898,0.0,0.376781702041626,0.5459070801734924,0.8927871584892273,1.9450584650039673,2.1511452198028564,2.096874952316284,2.140313148498535,2.344212532043457,2.258446455001831,2.3632075786590576,2.6953234672546387,2.506162643432617,2.3221523761749268,2.612413167953491,2.5748379230499268,2.694742202758789,2.703939914703369,2.9544107913970947,2.71252179145813,2.7892277240753174,2.5837278366088867,2.598769187927246,2.79168438911438,2.7964975833892822,3.047334671020508,3.325676918029785,3.29581880569458,3.4496610164642334,3.5140864849090576,3.531944751739502,3.4162955284118652,3.7514469623565674,3.8186702728271484,3.742964267730713,3.693263530731201,3.4358367919921875,3.2148659229278564,3.149301052093506,2.795016050338745,2.8774900436401367,2.904616594314575,2.5723178386688232,2.4599361419677734,2.5858702659606934,2.4473729133605957,2.091745376586914,2.1877474784851074,1.9572807550430298,1.2141733169555664,1.4322432279586792,1.7625718116760254,1.9583295583724976,2.1468663215637207,2.442051887512207,2.620255947113037,2.784942150115967,2.9576635360717773,3.2638676166534424,3.4201695919036865,3.7129995822906494,3.9094300270080566,4.1240129470825195,4.467133045196533
A13,3.0072972774505615,2.717849016189575,2.511540651321411,2.1437604427337646,1.9995512962341309,1.6390604972839355,1.604486107826233,1.3314175605773926,1.0746564865112305,0.863423764705658,0.533511757850647,0.376781702041626,0.0,0.3943944275379181,0.6363207101821899,1.6038309335708618,1.8378030061721802,1.8186265230178833,1.8678873777389526,2.1049537658691406,2.063497304916382,2.195066452026367,2.521854877471924,2.373302459716797,2.2203259468078613,2.5431225299835205,2.5149614810943604,2.682420015335083,2.7394444942474365,3.0130972862243652,2.697589635848999,2.738011598587036,2.5600879192352295,2.5299081802368164,2.754570245742798,2.7232553958892822,3.0054080486297607,3.2695276737213135,3.201878547668457,3.376180648803711,3.4760451316833496,3.4994637966156006,3.4233157634735107,3.774247884750366,3.8552589416503906,3.75427508354187,3.6674814224243164,3.411109685897827,3.1592350006103516,3.0871026515960693,2.7167909145355225,2.787261486053467,2.7673380374908447,2.4224982261657715,2.3123955726623535,2.3919098377227783,2.211583375930786,1.8491641283035278,1.9390995502471924,1.6882702112197876,1.2424012422561646,1.4560459852218628,1.801320195198059,1.959589958190918,2.2032828330993652,2.458843946456909,2.6826059818267822,2.8521432876586914,2.983898878097534,3.307034730911255,3.4628539085388184,3.769796371459961,3.961271286010742,4.202704906463623,4.541512489318848
A14,3.3195247650146484,3.010404109954834,2.805006980895996,2.448894739151001,2.2672345638275146,1.926491618156433,1.8290194272994995,1.5544114112854004,1.3622795343399048,1.0790811777114868,0.8462411761283875,0.5459070801734924,0.3943944275379181,0.0,0.36577361822128296,1.643061637878418,1.8705962896347046,1.9051145315170288,2.0249738693237305,2.239387273788452,2.241389036178589,2.32460618019104,2.6750524044036865,2.554616689682007,2.3643081188201904,2.668184995651245,2.5874733924865723,2.748720645904541,2.808922290802002,3.101512908935547,2.923046350479126,2.9929020404815674,2.8432695865631104,2.8336684703826904,3.0783307552337646,3.064730167388916,3.3556339740753174,3.6043741703033447,3.541692018508911,3.7317113876342773,3.8271024227142334,3.829923152923584,3.7511425018310547,4.107343673706055,4.20210075378418,4.144444465637207,4.059159278869629,3.8052046298980713,3.5512330532073975,3.4790823459625244,3.107464551925659,3.1713404655456543,3.141566514968872,2.796060562133789,2.6780710220336914,2.7329788208007812,2.5326435565948486,2.1676502227783203,2.223606824874878,1.9368817806243896,1.4806140661239624,1.7506935596466064,2.070009469985962,2.2656846046447754,2.504006862640381,2.7710726261138916,2.9838953018188477,3.178206205368042,3.3235256671905518,3.633934497833252,3.808694362640381,4.104894161224365,4.311699867248535,4.542641639709473,4.889435768127441
A15,3.633943557739258,3.3349742889404297,3.134225368499756,2.7698843479156494,2.6080031394958496,2.2574281692504883,2.1813058853149414,1.9061319828033447,1.6909147500991821,1.4280072450637817,1.1546776294708252,0.8927871584892273,0.6363207101821899,0.36577361822128296,0.0,1.4410840272903442,1.69606614112854,1.800644874572754,1.9528292417526245,2.1864383220672607,2.248725652694702,2.3380868434906006,2.6825506687164307,2.611292839050293,2.441406726837158,2.759889602661133,2.671919584274292,2.867736339569092,2.966136932373047,3.2779250144958496,3.0817630290985107,3.129110813140869,3.0091068744659424,2.9687294960021973,3.2377192974090576,3.198540449142456,3.5112524032592773,3.7443056106567383,3.6519463062286377,3.8584933280944824,3.981194019317627,3.985898733139038,3.9376697540283203,4.303911209106445,4.409690856933594,4.331201553344727,4.218156814575195,3.9640471935272217,3.6896607875823975,3.607914924621582,3.2290711402893066,3.274744987487793,3.20633602142334,2.8595290184020996,2.73637318611145,2.741345167160034,2.5051169395446777,2.14479923248291,2.1707394123077393,1.8579758405685425,1.6438281536102295,1.919803500175476,2.2285923957824707,2.4076220989227295,2.6791553497314453,2.9171104431152344,3.1566872596740723,3.364159107208252,3.4829695224761963,3.7971572875976562,3.9800093173980713,4.279715061187744,4.489643096923828,4.735592365264893,5.081789970397949
B1,4.17567777633667,3.9715065956115723,3.713588237762451,3.3680949211120605,3.2762341499328613,2.8885722160339355,2.917680025100708,2.761540651321411,2.430475950241089,2.2660582065582275,1.9380645751953125,1.9450584650039673,1.6038309335708618,1.643061637878418,1.4410840272903442,0.0,0.3582541346549988,0.6230742335319519,0.8087977766990662,1.0674501657485962,1.3213367462158203,1.4659643173217773,1.6976501941680908,1.8054378032684326,1.7955162525177002,2.147688865661621,2.139833450317383,2.4660720825195312,2.7094075679779053,3.0331506729125977,2.595557451248169,2.5296683311462402,2.5525872707366943,2.4056921005249023,2.7541310787200928,2.6570699214935303,3.0312893390655518,3.1484322547912598,2.9773738384246826,3.261474132537842,3.452643632888794,3.4210972785949707,3.49833345413208,3.8879752159118652,4.063159942626953,4.126525402069092,3.9265010356903076,3.7592484951019287,3.4082911014556885,3.405663251876831,3.029013156890869,3.133573293685913,2.9284045696258545,2.572514533996582,2.602212429046631,2.5146663188934326,2.1791226863861084,1.9285341501235962,2.078617811203003,1.8950130939483643,2.550060749053955,2.6604437828063965,2.996598482131958,3.0038833618164062,3.335775852203369,3.453662395477295,3.773738384246826,3.890127182006836,3.883897304534912,4.250149250030518,4.343681335449219,4.692533493041992,4.8151445388793945,5.136948108673096,5.42436408996582
B2,4.308905601501465,4.114350318908691,3.833853006362915,3.507028102874756,3.4013020992279053,3.0190680027008057,3.0357344150543213,2.91778826713562,2.5926671028137207,2.419271945953369,2.123617172241211,2.1511452198028564,1.8378030061721802,1.8705962896347046,1.69606614112854,0.3582541346549988,0.0,0.38416990637779236,0.6717619895935059,0.8218629360198975,1.1321264505386353,1.2201422452926636,1.4360305070877075,1.593230962753296,1.5867774486541748,1.9137743711471558,1.8973828554153442,2.238218069076538,2.5082404613494873,2.832566261291504,2.4374868869781494,2.3808722496032715,2.4534854888916016,2.3234097957611084,2.6902103424072266,2.620964765548706,2.9979262351989746,3.0756044387817383,2.918578624725342,3.2253453731536865,3.4031355381011963,3.335482120513916,3.42187237739563,3.813737154006958,4.015132904052734,4.191356658935547,3.9940037727355957,3.8584723472595215,3.5034632682800293,3.538025140762329,3.1688640117645264,3.3074445724487305,3.0985121726989746,2.7420952320098877,2.8147261142730713,2.7417893409729004,2.4111015796661377,2.182704448699951,2.367889642715454,2.2122533321380615,2.8426976203918457,2.9410853385925293,3.2868950366973877,3.2863101959228516,3.6085426807403564,3.7283592224121094,4.044064998626709,4.139978408813477,4.131227016448975,4.503499984741211,4.57648229598999,4.931493759155273,5.0357255935668945,5.360604286193848,5.636931896209717
B3,4.069034576416016,3.8904666900634766,3.593778133392334,3.286043643951416,3.1819522380828857,2.807932138442993,2.834376811981201,2.7572124004364014,2.430640697479248,2.279661178588867,2.011955738067627,2.096874952316284,1.8186265230178833,1.9051145315170288,1.800644874572754,0.6230742335319519,0.38416990637779236,0.0,0.36988675594329834,0.4669940173625946,0.7507122755050659,0.855646550655365,1.0811470746994019,1.2130639553070068,1.2219480276107788,1.5626918077468872,1.5856577157974243,1.9304935932159424,2.1995952129364014,2.509777784347534,2.055903434753418,1.9980995655059814,2.0793464183807373,1.960688591003418,2.3328778743743896,2.2869880199432373,2.6612327098846436,2.7279486656188965,2.592118263244629,2.9055159091949463,3.064016103744507,2.9782052040100098,3.0577290058135986,3.450227737426758,3.6607725620269775,3.9107673168182373,3.7266502380371094,3.612652063369751,3.2621710300445557,3.329699993133545,2.9673104286193848,3.1438651084899902,2.952113628387451,2.5917060375213623,2.7038674354553223,2.6732757091522217,2.3671648502349854,2.1474664211273193,2.386146306991577,2.2684762477874756,2.824512004852295,2.889704465866089,3.2458994388580322,3.228867769241333,3.5324690341949463,3.655524969100952,3.9606196880340576,4.026492118835449,4.019284248352051,4.397022724151611,4.444310188293457,4.804681777954102,4.888248443603516,5.2117509841918945,5.476510047912598
B4,3.8792014122009277,3.7284512519836426,3.437638759613037,3.1360361576080322,3.0691614151000977,2.699824810028076,2.7724244594573975,2.7102103233337402,2.366335153579712,2.2719063758850098,1.9970653057098389,2.140313148498535,1.8678873777389526,2.0249738693237305,1.9528292417526245,0.8087977766990662,0.6717619895935059,0.36988675594329834,0.0,0.37632328271865845,0.5698094964027405,0.8296560049057007,0.9728623628616333,1.0738378763198853,1.1809407472610474,1.5446803569793701,1.650776982307434,1.99138343334198,2.2489676475524902,2.5289576053619385,1.8939918279647827,1.7773784399032593,1.8438862562179565,1.675729751586914,2.040661334991455,1.9607402086257935,2.338524580001831,2.4060895442962646,2.2484164237976074,2.5589375495910645,2.7350640296936035,2.6694366931915283,2.769890069961548,3.159432888031006,3.3617212772369385,3.5778441429138184,3.382180690765381,3.2777302265167236,2.922271251678467,3.0003981590270996,2.646315336227417,2.834505319595337,2.6347784996032715,2.2812373638153076,2.4253344535827637,2.4033799171447754,2.1106817722320557,1.9225172996520996,2.198373556137085,2.1323556900024414,2.7580692768096924,2.7758517265319824,3.125927209854126,3.0706117153167725,3.370365858078003,3.468043327331543,3.7776522636413574,3.8172924518585205,3.7877862453460693,4.169133186340332,4.1940836906433105,4.558828353881836,4.622490882873535,4.954843044281006,5.205194473266602
B5,4.013469696044922,3.869022846221924,3.5557303428649902,3.2797739505767822,3.1906442642211914,2.8352789878845215,2.883852005004883,2.862401247024536,2.537923574447632,2.4272899627685547,2.196796178817749,2.344212532043457,2.1049537658691406,2.239387273788452,2.1864383220672607,1.0674501657485962,0.8218629360198975,0.4669940173625946,0.37632328271865845,0.0,0.376725971698761,0.5180937647819519,0.6377236843109131,0.8136240243911743,0.92657870054245,1.251900553703308,1.3578777313232422,1.7112245559692383,1.995792031288147,2.2716293334960938,1.704974889755249,1.6153199672698975,1.7500810623168945,1.6267077922821045,2.00701642036438,1.981890320777893,2.349910020828247,2.368664264678955,2.2463366985321045,2.578186511993408,2.7229905128479004,2.6056885719299316,2.704895496368408,3.093618154525757,3.3269219398498535,3.6892998218536377,3.5080764293670654,3.4389164447784424,3.090147018432617,3.207916736602783,2.868110418319702,3.0893380641937256,2.9001972675323486,2.552891731262207,2.7274773120880127,2.7268478870391846,2.4485058784484863,2.2724695205688477,2.5622451305389404,2.503248691558838,3.056990385055542,3.075359582901001,3.4320545196533203,3.3816888332366943,3.6661746501922607,3.7743825912475586,4.072149753570557,4.095995903015137,4.073511123657227,4.455724239349365,4.464105129241943,4.830379009246826,4.879110336303711,5.207528114318848,5.448240756988525
B6,3.708386182785034,3.5780587196350098,3.25532865524292,3.0000908374786377,2.9157183170318604,2.57595157623291,2.6367504596710205,2.652631998062134,2.3365089893341064,2.2573134899139404,2.062934398651123,2.258446455001831,2.063497304916382,2.241389036178589,2.248725652694702,1.3213367462158203,1.1321264505386353,0.7507122755050659,0.5698094964027405,0.376725971698761,0.0,0.38043180108070374,0.49881723523139954,0.505243718624115,0.6649141907691956,1.0190922021865845,1.1976115703582764,1.5235919952392578,1.77678382396698,2.0250020027160645,1.3482608795166016,1.255886435508728,1.3757981061935425,1.2718955278396606,1.653992772102356,1.6624763011932373,2.022158145904541,2.047776699066162,1.9598660469055176,2.2874436378479004,2.4033255577087402,2.274113655090332,2.350585460662842,2.7412922382354736,2.97507643699646,3.3922648429870605,3.2333316802978516,3.1771628856658936,2.8420093059539795,2.9856107234954834,2.6554555892944336,2.908576011657715,2.751943826675415,2.406578540802002,2.6047847270965576,2.65352463722229,2.4127068519592285,2.2397069931030273,2.5615570545196533,2.528719663619995,2.9697301387786865,2.959418535232544,3.3169517517089844,3.2574143409729004,3.5168023109436035,3.6313605308532715,3.911550998687744,3.9102888107299805,3.895972728729248,4.277153968811035,4.265873908996582,4.631925106048584,4.666035175323486,4.986721992492676,5.219236850738525
B7,3.8796768188476562,3.736001968383789,3.395311117172241,3.157625198364258,3.0331950187683105,2.705293893814087,2.718312978744507,2.757115125656128,2.4702394008636475,2.348712682723999,2.1957759857177734,2.3632075786590576,2.195066452026367,2.32460618019104,2.3380868434906006,1.4659643173217773,1.2201422452926636,0.855646550655365,0.8296560049057007,0.5180937647819519,0.38043180108070374,0.0,0.38316330313682556,0.4364573061466217,0.432569295167923,0.7358260750770569,0.857130229473114,1.20425546169281,1.4898362159729004,1.7574572563171387,1.2994166612625122,1.2987321615219116,1.473037600517273,1.4578380584716797,1.8349571228027344,1.9098920822143555,2.2470662593841553,2.2440385818481445,2.203437328338623,2.5355584621429443,2.6112992763519287,2.434495449066162,2.4850921630859375,2.870223045349121,3.12688946723938,3.6634140014648438,3.5265889167785645,3.484934091567993,3.161942481994629,3.320643186569214,2.9949443340301514,3.2589316368103027,3.1169538497924805,2.77020525932312,2.9634850025177,3.02140474319458,2.7799272537231445,2.591336250305176,2.903176784515381,2.8456192016601562,3.1942362785339355,3.2100987434387207,3.57493257522583,3.5417449474334717,3.7913055419921875,3.929551124572754,4.197153091430664,4.200923442840576,4.207229137420654,4.585818290710449,4.577587604522705,4.94085693359375,4.977972984313965,5.288191318511963,5.523537635803223
B8,4.015435695648193,3.904447317123413,3.5648481845855713,3.3450772762298584,3.2493855953216553,2.934279203414917,2.977891445159912,3.0362420082092285,2.743286609649658,2.6573100090026855,2.502155303955078,2.6953234672546387,2.521854877471924,2.6750524044036865,2.6825506687164307,1.6976501941680908,1.4360305070877075,1.0811470746994019,0.9728623628616333,0.6377236843109131,0.49881723523139954,0.38316330313682556,0.0,0.3724484145641327,0.6172762513160706,0.802565336227417,1.0180046558380127,1.3428078889846802,1.6353485584259033,1.8515030145645142,1.2528527975082397,1.1784956455230713,1.4231349229812622,1.3707467317581177,1.739640474319458,1.804274082183838,2.130648612976074,2.069406032562256,2.0178136825561523,2.364856481552124,2.448150157928467,2.253208875656128,2.348605155944824,2.7233195304870605,2.998265504837036,3.5899064540863037,3.438966751098633,3.4344685077667236,3.1085729598999023,3.2965924739837646,2.994694948196411,3.2745542526245117,3.115518569946289,2.7904417514801025,3.023625612258911,3.0755763053894043,2.8432838916778564,2.6993155479431152,3.029024600982666,3.0111918449401855,3.454847574234009,3.439457654953003,3.796440839767456,3.7310163974761963,3.9790308475494385,4.090071201324463,4.36290168762207,4.341256141662598,4.32124137878418,4.7013258934021,4.666997909545898,5.033423900604248,5.044245719909668,5.3647356033325195,5.578585624694824
B9,3.6733930110931396,3.5653693675994873,3.219575881958008,3.0151758193969727,2.9165310859680176,2.6161093711853027,2.662196636199951,2.747598886489868,2.468658208847046,2.4034829139709473,2.283069372177124,2.506162643432617,2.373302459716797,2.554616689682007,2.611292839050293,1.8054378032684326,1.593230962753296,1.2130639553070068,1.0738378763198853,0.8136240243911743,0.505243718624115,0.4364573061466217,0.3724484145641327,0.0,0.38552141189575195,0.6184790134429932,0.9069943428039551,1.1865105628967285,1.428281545639038,1.6250107288360596,0.9169002175331116,0.8721161484718323,1.0852241516113281,1.0845013856887817,1.4511070251464844,1.562618374824524,1.876307487487793,1.8449596166610718,1.8381608724594116,2.1691653728485107,2.2171244621276855,2.0170934200286865,2.0679924488067627,2.448704481124878,2.7161049842834473,3.336153984069824,3.2134151458740234,3.206094741821289,2.897839307785034,3.0958099365234375,2.7976415157318115,3.0959205627441406,2.9745876789093018,2.648148775100708,2.8821702003479004,2.9773001670837402,2.7759335041046143,2.619842052459717,2.963653564453125,2.9527580738067627,3.2686333656311035,3.2386646270751953,3.5945253372192383,3.5324127674102783,3.756929397583008,3.8815479278564453,4.135130405426025,4.100697994232178,4.097339153289795,4.47321891784668,4.431527614593506,4.794368267059326,4.802187919616699,5.110414505004883,5.3242998123168945
B10,3.6342782974243164,3.4942948818206787,3.1372852325439453,2.9337432384490967,2.788623332977295,2.4904515743255615,2.484074354171753,2.574904203414917,2.3230624198913574,2.211927890777588,2.1276779174804688,2.3221523761749268,2.2203259468078613,2.3643081188201904,2.441406726837158,1.7955162525177002,1.5867774486541748,1.2219480276107788,1.1809407472610474,0.92657870054245,0.6649141907691956,0.432569295167923,0.6172762513160706,0.38552141189575195,0.0,0.3904137909412384,0.5879905819892883,0.874147891998291,1.1157728433609009,1.3622386455535889,0.9456789493560791,1.0461033582687378,1.2094409465789795,1.3002675771713257,1.6488878726959229,1.804282784461975,2.1032159328460693,2.1055004596710205,2.135690212249756,2.4485573768615723,2.4648818969726562,2.2565062046051025,2.250823497772217,2.628418445587158,2.8895034790039062,3.5311129093170166,3.4356930255889893,3.407606601715088,3.112826108932495,3.295731544494629,2.984591484069824,3.276327133178711,3.180205821990967,2.838787317276001,3.039113998413086,3.147864580154419,2.9438669681549072,2.7471108436584473,3.0735840797424316,3.0233054161071777,3.198545217514038,3.2028632164001465,3.5667760372161865,3.543429136276245,3.7588090896606445,3.9182991981506348,4.157103538513184,4.142236709594727,4.172405242919922,4.543911457061768,4.522211074829102,4.879539489746094,4.9080095291137695,5.200056076049805,5.430863857269287
B11,3.7883729934692383,3.6583011150360107,3.2887375354766846,3.1224002838134766,2.95908260345459,2.693157434463501,2.6617484092712402,2.7932095527648926,2.575706958770752,2.459615468978882,2.422273874282837,2.612413167953491,2.5431225299835205,2.668184995651245,2.759889602661133,2.147688865661621,1.9137743711471558,1.5626918077468872,1.5446803569793701,1.251900553703308,1.0190922021865845,0.7358260750770569,0.802565336227417,0.6184790134429932,0.3904137909412384,0.0,0.36662331223487854,0.5787642002105713,0.8402721881866455,1.0522792339324951,0.874358057975769,1.0660585165023804,1.2899526357650757,1.4564712047576904,1.7659406661987305,1.979734182357788,2.236443042755127,2.1937148571014404,2.2743897438049316,2.582418203353882,2.5535826683044434,2.2958157062530518,2.2701961994171143,2.6251564025878906,2.9097440242767334,3.6935338973999023,3.621154308319092,3.624349355697632,3.3475377559661865,3.55855655670166,3.267271041870117,3.5781095027923584,3.4958808422088623,3.165588855743408,3.3810763359069824,3.5045008659362793,3.3124516010284424,3.123633861541748,3.455507755279541,3.4096174240112305,3.529728412628174,3.533160448074341,3.8950271606445312,3.8764286041259766,4.074110507965088,4.241354465484619,4.464916706085205,4.436173915863037,4.474538326263428,4.841211795806885,4.805459499359131,5.158998966217041,5.174404144287109,5.457143306732178,5.677387237548828
B12,3.9495010375976562,3.790097236633301,3.418283224105835,3.244826078414917,3.04498553276062,2.7766499519348145,2.697824001312256,2.8160693645477295,2.6193552017211914,2.4532105922698975,2.4310131072998047,2.5748379230499268,2.5149614810943604,2.5874733924865723,2.671919584274292,2.139833450317383,1.8973828554153442,1.5856577157974243,1.650776982307434,1.3578777313232422,1.1976115703582764,0.857130229473114,1.0180046558380127,0.9069943428039551,0.5879905819892883,0.36662331223487854,0.0,0.3629371225833893,0.6897518038749695,0.9847469329833984,1.1907575130462646,1.4191094636917114,1.6124582290649414,1.790839672088623,2.100884437561035,2.3138012886047363,2.5751261711120605,2.5498085021972656,2.629580497741699,2.935171604156494,2.905092239379883,2.6503748893737793,2.606539249420166,2.9577672481536865,3.236806869506836,4.008195877075195,3.9422447681427,3.927154302597046,3.6503958702087402,3.843214750289917,3.537614107131958,3.8342854976654053,3.754058837890625,3.410973072052002,3.599245309829712,3.713923454284668,3.5060126781463623,3.2901461124420166,3.6009063720703125,3.519727945327759,3.579671859741211,3.620131254196167,3.9870214462280273,4.000226020812988,4.201135158538818,4.390839099884033,4.610835075378418,4.605986595153809,4.66457986831665,5.029082775115967,5.014931678771973,5.36517858505249,5.400689601898193,5.67549991607666,5.910983562469482
B13,3.918519973754883,3.7600297927856445,3.3807756900787354,3.2419257164001465,3.020096778869629,2.7872812747955322,2.680149793624878,2.836690902709961,2.68162202835083,2.516188383102417,2.5496740341186523,2.694742202758789,2.682420015335083,2.748720645904541,2.867736339569092,2.4660720825195312,2.238218069076538,1.9304935932159424,1.99138343334198,1.7112245559692383,1.5235919952392578,1.20425546169281,1.3428078889846802,1.1865105628967285,0.874147891998291,0.5787642002105713,0.3629371225833893,0.0,0.3463859260082245,0.641582727432251,1.2080029249191284,1.5086851119995117,1.683585524559021,1.9255632162094116,2.192561626434326,2.451200246810913,2.6739442348480225,2.646106243133545,2.772404432296753,3.0577220916748047,2.9846715927124023,2.7085447311401367,2.6225216388702393,2.9504129886627197,3.2295801639556885,4.0825605392456055,4.0483078956604,4.044455528259277,3.791396141052246,3.997382640838623,3.7053325176239014,4.014473915100098,3.9624600410461426,3.625890016555786,3.814269542694092,3.9552853107452393,3.767514944076538,3.547084093093872,3.8607401847839355,3.779888391494751,3.7270009517669678,3.7664897441864014,4.128280162811279,4.153487682342529,4.329253673553467,4.534879684448242,4.732000827789307,4.717636585235596,4.795215606689453,5.150927543640137,5.129919528961182,5.47238302230835,5.503413677215576,5.7615966796875,5.9933366775512695
