0.000000000000000000e+00,3.695192635059356689e-01,7.059125900268554688e-01,1.007158160209655762e+00,1.231913328170776367e+00,1.566401720046997070e+00,1.742859363555908203e+00,2.056141376495361328e+00,2.153094768524169922e+00,2.367419242858886719e+00,2.683449506759643555e+00,3.056985855102539062e+00,3.375475883483886719e+00,3.604881048202514648e+00,3.758638381958007812e+00,2.837922334671020508e+00,2.651031494140625000e+00,2.657196998596191406e+00,2.291940450668334961e+00,2.341392040252685547e+00,2.249822616577148438e+00,2.343205451965332031e+00,2.011063337326049805e+00,2.073790073394775391e+00,2.318001270294189453e+00,2.378280639648437500e+00,2.482346296310424805e+00,2.838239669799804688e+00,3.151643514633178711e+00,3.404173612594604492e+00,3.528700828552246094e+00,3.242372989654541016e+00,3.307595729827880859e+00,3.000908613204956055e+00,3.082020282745361328e+00,3.063812255859375000e+00,3.170451164245605469e+00,2.843279838562011719e+00,2.848918199539184570e+00,3.152511119842529297e+00,3.048760175704956055e+00,2.960284471511840820e+00,3.244197607040405273e+00,3.493193149566650391e+00,3.848813056945800781e+00,4.436617374420166016e+00,4.414156913757324219e+00,4.291035175323486328e+00,3.963100194931030273e+00,4.202418327331542969e+00,3.925329446792602539e+00,4.220010757446289062e+00,4.026198863983154297e+00,3.767421245574951172e+00,4.060146808624267578e+00,4.188011169433593750e+00,4.011194705963134766e+00,4.119142055511474609e+00,4.478998184204101562e+00,4.768694877624511719e+00,5.541657924652099609e+00,5.498086452484130859e+00,5.525146484375000000e+00,5.243416786193847656e+00,5.506319522857666016e+00,5.269170761108398438e+00,5.598566532135009766e+00,5.474842071533203125e+00,5.185402870178222656e+00,5.456444263458251953e+00,5.263622760772705078e+00,5.385390758514404297e+00,5.237544059753417969e+00,5.475823402404785156e+00,5.690561771392822266e+00
3.695192635059356689e-01,0.000000000000000000e+00,3.627512454986572266e-01,6.784260869026184082e-01,8.930423855781555176e-01,1.217548251152038574e+00,1.402213096618652344e+00,1.718768596649169922e+00,1.797515034675598145e+00,2.006368398666381836e+00,2.318719387054443359e+00,2.692093133926391602e+00,3.013884544372558594e+00,3.247923374176025391e+00,3.411960363388061523e+00,2.558814764022827148e+00,2.405610322952270508e+00,2.428798675537109375e+00,2.070372819900512695e+00,2.173427581787109375e+00,2.096047878265380859e+00,2.241044759750366211e+00,1.940189123153686523e+00,2.010150671005249023e+00,2.297216176986694336e+00,2.379832983016967773e+00,2.531829595565795898e+00,2.879808187484741211e+00,3.189411163330078125e+00,3.412844657897949219e+00,3.397166252136230469e+00,3.090873956680297852e+00,3.134752273559570312e+00,2.807014703750610352e+00,2.870810031890869141e+00,2.817352056503295898e+00,2.915977239608764648e+00,2.575580358505249023e+00,2.559747219085693359e+00,2.846692323684692383e+00,2.730455875396728516e+00,2.621940612792968750e+00,2.899527311325073242e+00,3.141514778137207031e+00,3.499763965606689453e+00,4.141948223114013672e+00,4.124606609344482422e+00,4.023034095764160156e+00,3.705658912658691406e+00,3.965009927749633789e+00,3.706555128097534180e+00,4.015517711639404297e+00,3.828923225402832031e+00,3.587672710418701172e+00,3.899751663208007812e+00,4.034252166748046875e+00,3.885767936706542969e+00,4.007871627807617188e+00,4.372650623321533203e+00,4.648356437683105469e+00,5.349797725677490234e+00,5.302881717681884766e+00,5.308745384216308594e+00,5.023967742919921875e+00,5.277652740478515625e+00,5.026469707489013672e+00,5.349936962127685547e+00,5.228359222412109375e+00,4.927289962768554688e+00,5.185502529144287109e+00,4.993486404418945312e+00,5.099727153778076172e+00,4.937097072601318359e+00,5.168768882751464844e+00,5.371966361999511719e+00
7.059125900268554688e-01,3.627512454986572266e-01,0.000000000000000000e+00,3.754899799823760986e-01,5.311663150787353516e-01,8.682075142860412598e-01,1.044784426689147949e+00,1.357522249221801758e+00,1.453721165657043457e+00,1.664700865745544434e+00,1.984163045883178711e+00,2.357496976852416992e+00,2.672963380813598633e+00,2.899380445480346680e+00,3.056011199951171875e+00,2.207747459411621094e+00,2.071300983428955078e+00,2.104119062423706055e+00,1.754240870475769043e+00,1.895366907119750977e+00,1.838866233825683594e+00,2.020365715026855469e+00,1.756231904029846191e+00,1.844314455986022949e+00,2.158561468124389648e+00,2.273411035537719727e+00,2.461935997009277344e+00,2.800811052322387695e+00,3.096357345581054688e+00,3.293385505676269531e+00,3.161773681640625000e+00,2.838461160659790039e+00,2.877008914947509766e+00,2.533996105194091797e+00,2.599884748458862305e+00,2.516210794448852539e+00,2.627126932144165039e+00,2.285384416580200195e+00,2.239231348037719727e+00,2.523765325546264648e+00,2.420261859893798828e+00,2.296067714691162109e+00,2.560494184494018555e+00,2.814116716384887695e+00,3.175109863281250000e+00,3.842670917510986328e+00,3.843739748001098633e+00,3.757773876190185547e+00,3.446068286895751953e+00,3.718863964080810547e+00,3.475979566574096680e+00,3.787997722625732422e+00,3.594068765640258789e+00,3.376115083694458008e+00,3.705112457275390625e+00,3.830110549926757812e+00,3.704321622848510742e+00,3.825654506683349609e+00,4.190572261810302734e+00,4.450502395629882812e+00,5.081635475158691406e+00,5.042287349700927734e+00,5.035132408142089844e+00,4.755878448486328125e+00,5.009939193725585938e+00,4.753980159759521484e+00,5.078796863555908203e+00,4.970322608947753906e+00,4.663911342620849609e+00,4.917289257049560547e+00,4.738463878631591797e+00,4.838835239410400391e+00,4.662607192993164062e+00,4.898399829864501953e+00,5.091551780700683594e+00
1.007158160209655762e+00,6.784260869026184082e-01,3.754899799823760986e-01,0.000000000000000000e+00,3.862417042255401611e-01,5.928421616554260254e-01,8.736040592193603516e-01,1.116115331649780273e+00,1.172351479530334473e+00,1.442006945610046387e+00,1.749098062515258789e+00,2.110912322998046875e+00,2.408527851104736328e+00,2.655987501144409180e+00,2.824386835098266602e+00,2.026393413543701172e+00,1.914381504058837891e+00,1.911252260208129883e+00,1.561270713806152344e+00,1.742734432220458984e+00,1.649030208587646484e+00,1.886906623840332031e+00,1.654584050178527832e+00,1.698508620262145996e+00,2.048022270202636719e+00,2.146526336669921875e+00,2.380680799484252930e+00,2.692911863327026367e+00,2.990725755691528320e+00,3.152650594711303711e+00,2.907607793807983398e+00,2.582470655441284180e+00,2.585602760314941406e+00,2.236910104751586914e+00,2.271353721618652344e+00,2.180902481079101562e+00,2.269977569580078125e+00,1.921822190284729004e+00,1.889524936676025391e+00,2.169209003448486328e+00,2.058494806289672852e+00,1.954713106155395508e+00,2.238471984863281250e+00,2.492714643478393555e+00,2.847294330596923828e+00,3.474205970764160156e+00,3.470443248748779297e+00,3.382776021957397461e+00,3.072233915328979492e+00,3.348284244537353516e+00,3.110994100570678711e+00,3.428638696670532227e+00,3.243152141571044922e+00,3.030914068222045898e+00,3.367048501968383789e+00,3.500575542449951172e+00,3.392835378646850586e+00,3.529422760009765625e+00,3.896350145339965820e+00,4.148459434509277344e+00,4.754440784454345703e+00,4.703802108764648438e+00,4.687715530395507812e+00,4.402327060699462891e+00,4.649072170257568359e+00,4.388053417205810547e+00,4.709293842315673828e+00,4.597709655761718750e+00,4.289767265319824219e+00,4.542312145233154297e+00,4.363174438476562500e+00,4.465619564056396484e+00,4.292486667633056641e+00,4.532400131225585938e+00,4.731060028076171875e+00
1.231913328170776367e+00,8.930423855781555176e-01,5.311663150787353516e-01,3.862417042255401611e-01,0.000000000000000000e+00,3.853481113910675049e-01,5.230470895767211914e-01,8.275645971298217773e-01,9.584923982620239258e-01,1.165185689926147461e+00,1.494547486305236816e+00,1.864827990531921387e+00,2.169106006622314453e+00,2.382246971130371094e+00,2.529204607009887695e+00,1.718875646591186523e+00,1.629849433898925781e+00,1.688548803329467773e+00,1.370171308517456055e+00,1.594033837318420410e+00,1.583607912063598633e+00,1.828862547874450684e+00,1.648390293121337891e+00,1.759979009628295898e+00,2.103052139282226562e+00,2.262026071548461914e+00,2.499888658523559570e+00,2.812883377075195312e+00,3.079953432083129883e+00,3.230529546737670898e+00,2.902518510818481445e+00,2.554530858993530273e+00,2.578261137008666992e+00,2.212763786315917969e+00,2.275426387786865234e+00,2.131320238113403320e+00,2.258402347564697266e+00,1.917914867401123047e+00,1.810041189193725586e+00,2.079166173934936523e+00,1.995051622390747070e+00,1.835473418235778809e+00,2.069923639297485352e+00,2.339597225189208984e+00,2.704199314117431641e+00,3.428536415100097656e+00,3.459723949432373047e+00,3.405395746231079102e+00,3.109483003616333008e+00,3.405260086059570312e+00,3.194679737091064453e+00,3.510809898376464844e+00,3.310880899429321289e+00,3.136012554168701172e+00,3.489158391952514648e+00,3.600356817245483398e+00,3.516424417495727539e+00,3.638229370117187500e+00,3.999276161193847656e+00,4.230299472808837891e+00,4.736252307891845703e+00,4.707414150238037109e+00,4.675507545471191406e+00,4.405316829681396484e+00,4.655737876892089844e+00,4.390323162078857422e+00,4.713462829589843750e+00,4.625287532806396484e+00,4.309640884399414062e+00,4.550425529479980469e+00,4.392116069793701172e+00,4.478417873382568359e+00,4.278620243072509766e+00,4.516879081726074219e+00,4.690583705902099609e+00
1.566401720046997070e+00,1.217548251152038574e+00,8.682075142860412598e-01,5.928421616554260254e-01,3.853481113910675049e-01,0.000000000000000000e+00,3.840282261371612549e-01,5.492873191833496094e-01,5.926162004470825195e-01,8.609327673912048340e-01,1.172142744064331055e+00,1.531874418258666992e+00,1.825331449508666992e+00,2.063831567764282227e+00,2.234011411666870117e+00,1.564993023872375488e+00,1.542919516563415527e+00,1.587551593780517578e+00,1.303737521171569824e+00,1.594149827957153320e+00,1.569585800170898438e+00,1.874323010444641113e+00,1.749936461448669434e+00,1.824494004249572754e+00,2.189704656600952148e+00,2.336626529693603516e+00,2.613568544387817383e+00,2.894310951232910156e+00,3.155092477798461914e+00,3.264986753463745117e+00,2.785101175308227539e+00,2.432747840881347656e+00,2.410405635833740234e+00,2.035973072052001953e+00,2.053915500640869141e+00,1.871971368789672852e+00,1.968277931213378906e+00,1.617834925651550293e+00,1.493895769119262695e+00,1.731273889541625977e+00,1.626081705093383789e+00,1.454946875572204590e+00,1.697091817855834961e+00,1.959577083587646484e+00,2.323070287704467773e+00,3.070794582366943359e+00,3.101209878921508789e+00,3.065771818161010742e+00,2.784261465072631836e+00,3.096371650695800781e+00,2.909241676330566406e+00,3.236729621887207031e+00,3.054185390472412109e+00,2.900037527084350586e+00,3.264924526214599609e+00,3.387256383895874023e+00,3.337718248367309570e+00,3.479332923889160156e+00,3.838810205459594727e+00,4.052614212036132812e+00,4.489641666412353516e+00,4.448487758636474609e+00,4.394536018371582031e+00,4.118211746215820312e+00,4.353228092193603516e+00,4.074231147766113281e+00,4.387233257293701172e+00,4.296907424926757812e+00,3.972521543502807617e+00,4.200451850891113281e+00,4.041359901428222656e+00,4.115479469299316406e+00,3.907107353210449219e+00,4.140916347503662109e+00,4.309224128723144531e+00
1.742859363555908203e+00,1.402213096618652344e+00,1.044784426689147949e+00,8.736040592193603516e-01,5.230470895767211914e-01,3.840282261371612549e-01,0.000000000000000000e+00,3.784668445587158203e-01,5.944191217422485352e-01,7.025584578514099121e-01,1.042828440666198730e+00,1.405884861946105957e+00,1.703144431114196777e+00,1.884338736534118652e+00,2.017206192016601562e+00,1.305255055427551270e+00,1.309201121330261230e+00,1.438222646713256836e+00,1.206959486007690430e+00,1.518976330757141113e+00,1.589530825614929199e+00,1.873186945915222168e+00,1.793159842491149902e+00,1.934869647026062012e+00,2.275697946548461914e+00,2.476333379745483398e+00,2.740257978439331055e+00,3.025656461715698242e+00,3.255912780761718750e+00,3.364362478256225586e+00,2.851105213165283203e+00,2.483989000320434570e+00,2.496441841125488281e+00,2.117998361587524414e+00,2.178277492523193359e+00,1.955618143081665039e+00,2.100016593933105469e+00,1.777102231979370117e+00,1.577720999717712402e+00,1.800523638725280762e+00,1.740210413932800293e+00,1.513368964195251465e+00,1.678087949752807617e+00,1.956611156463623047e+00,2.324034214019775391e+00,3.160592555999755859e+00,3.229861974716186523e+00,3.224371433258056641e+00,2.958605527877807617e+00,3.280099391937255859e+00,3.116009712219238281e+00,3.432462930679321289e+00,3.232031345367431641e+00,3.111912965774536133e+00,3.484169244766235352e+00,3.578680753707885742e+00,3.542600393295288086e+00,3.661549568176269531e+00,4.011632919311523438e+00,4.207389354705810547e+00,4.557797431945800781e+00,4.543701171875000000e+00,4.480252265930175781e+00,4.224422931671142578e+00,4.466236114501953125e+00,4.189558982849121094e+00,4.505241394042968750e+00,4.441521644592285156e+00,4.115147590637207031e+00,4.332954406738281250e+00,4.198398590087890625e+00,4.259333133697509766e+00,4.027458190917968750e+00,4.259541511535644531e+00,4.401486873626708984e+00
2.056141376495361328e+00,1.718768596649169922e+00,1.357522249221801758e+00,1.116115331649780273e+00,8.275645971298217773e-01,5.492873191833496094e-01,3.784668445587158203e-01,0.000000000000000000e+00,3.781763017177581787e-01,5.303800702095031738e-01,8.336211442947387695e-01,1.158596396446228027e+00,1.412257790565490723e+00,1.596033334732055664e+00,1.722540259361267090e+00,1.069251656532287598e+00,1.136268734931945801e+00,1.237040042877197266e+00,1.061661124229431152e+00,1.423509716987609863e+00,1.489551901817321777e+00,1.813498258590698242e+00,1.798199295997619629e+00,1.912983536720275879e+00,2.257515192031860352e+00,2.455384016036987305e+00,2.747501611709594727e+00,2.998172760009765625e+00,3.210992097854614258e+00,3.279016494750976562e+00,2.629414319992065430e+00,2.261032819747924805e+00,2.244770288467407227e+00,1.865892529487609863e+00,1.905869722366333008e+00,1.645513892173767090e+00,1.789084076881408691e+00,1.483596801757812500e+00,1.243231177330017090e+00,1.447003602981567383e+00,1.414795279502868652e+00,1.182114601135253906e+00,1.327749013900756836e+00,1.631103992462158203e+00,1.992097020149230957e+00,2.807175874710083008e+00,2.894743919372558594e+00,2.901967048645019531e+00,2.647653579711914062e+00,2.975078344345092773e+00,2.833361864089965820e+00,3.144947290420532227e+00,2.945405721664428711e+00,2.855739831924438477e+00,3.234686851501464844e+00,3.320832967758178711e+00,3.314287900924682617e+00,3.435988664627075195e+00,3.778002500534057617e+00,3.953040599822998047e+00,4.229847908020019531e+00,4.216208934783935547e+00,4.138942718505859375e+00,3.887472152709960938e+00,4.124734878540039062e+00,3.845439434051513672e+00,4.159102916717529297e+00,4.106935501098632812e+00,3.780150890350341797e+00,3.993808507919311523e+00,3.874414205551147461e+00,3.934593200683593750e+00,3.696615219116210938e+00,3.936568737030029297e+00,4.074436664581298828e+00
2.153094768524169922e+00,1.797515034675598145e+00,1.453721165657043457e+00,1.172351479530334473e+00,9.584923982620239258e-01,5.926162004470825195e-01,5.944191217422485352e-01,3.781763017177581787e-01,0.000000000000000000e+00,3.873581588268280029e-01,6.286602616310119629e-01,9.599057435989379883e-01,1.237598896026611328e+00,1.496100544929504395e+00,1.696518898010253906e+00,1.351239681243896484e+00,1.469134449958801270e+00,1.540005326271057129e+00,1.373264431953430176e+00,1.738155841827392578e+00,1.750090003013610840e+00,2.099012613296508789e+00,2.071031093597412109e+00,2.134464979171752930e+00,2.498021602630615234e+00,2.654036283493041992e+00,2.963623046875000000e+00,3.201597690582275391e+00,3.432945966720581055e+00,3.486993074417114258e+00,2.782232761383056641e+00,2.426184415817260742e+00,2.352216958999633789e+00,1.977766036987304688e+00,1.944109559059143066e+00,1.673954129219055176e+00,1.736375212669372559e+00,1.404560804367065430e+00,1.196906685829162598e+00,1.330245375633239746e+00,1.205824255943298340e+00,9.485126733779907227e-01,1.139458775520324707e+00,1.390783667564392090e+00,1.759266376495361328e+00,2.639905452728271484e+00,2.693805217742919922e+00,2.719208955764770508e+00,2.482423067092895508e+00,2.827539443969726562e+00,2.703151702880859375e+00,3.038546323776245117e+00,2.880660772323608398e+00,2.787110805511474609e+00,3.167775392532348633e+00,3.290449142456054688e+00,3.306272268295288086e+00,3.463650703430175781e+00,3.808836460113525391e+00,3.981450319290161133e+00,4.245640754699707031e+00,4.200439453125000000e+00,4.101864337921142578e+00,3.829780101776123047e+00,4.038736343383789062e+00,3.737798452377319336e+00,4.030784130096435547e+00,3.953059673309326172e+00,3.612430810928344727e+00,3.806404829025268555e+00,3.660746812820434570e+00,3.699890375137329102e+00,3.458789348602294922e+00,3.678849697113037109e+00,3.816853761672973633e+00
2.367419242858886719e+00,2.006368398666381836e+00,1.664700865745544434e+00,1.442006945610046387e+00,1.165185689926147461e+00,8.609327673912048340e-01,7.025584578514099121e-01,5.303800702095031738e-01,3.873581588268280029e-01,0.000000000000000000e+00,3.406021595001220703e-01,7.093936800956726074e-01,1.031694173812866211e+00,1.247282743453979492e+00,1.451443433761596680e+00,1.304654717445373535e+00,1.494497060775756836e+00,1.648548126220703125e+00,1.545800328254699707e+00,1.921308755874633789e+00,2.000016212463378906e+00,2.330962181091308594e+00,2.327970504760742188e+00,2.432934999465942383e+00,2.781743049621582031e+00,2.968575000762939453e+00,3.268529653549194336e+00,3.511991024017333984e+00,3.725857496261596680e+00,3.778981685638427734e+00,3.038723230361938477e+00,2.676138639450073242e+00,2.617248058319091797e+00,2.245988845825195312e+00,2.228407859802246094e+00,1.922847509384155273e+00,1.999863505363464355e+00,1.697562813758850098e+00,1.438551425933837891e+00,1.511368632316589355e+00,1.399941205978393555e+00,1.073565840721130371e+00,1.146134018898010254e+00,1.361808180809020996e+00,1.728057742118835449e+00,2.767402648925781250e+00,2.846234798431396484e+00,2.918241739273071289e+00,2.714298486709594727e+00,3.072177410125732422e+00,2.981710433959960938e+00,3.313156604766845703e+00,3.159574747085571289e+00,3.096566438674926758e+00,3.480150222778320312e+00,3.592138767242431641e+00,3.627940416336059570e+00,3.777772426605224609e+00,4.114075660705566406e+00,4.268481254577636719e+00,4.435792922973632812e+00,4.404659748077392578e+00,4.284670829772949219e+00,4.026747703552246094e+00,4.225705146789550781e+00,3.917623043060302734e+00,4.198376655578613281e+00,4.136373996734619141e+00,3.788472175598144531e+00,3.955311059951782227e+00,3.822569608688354492e+00,3.830367803573608398e+00,3.560689687728881836e+00,3.759851932525634766e+00,3.861221313476562500e+00
2.683449506759643555e+00,2.318719387054443359e+00,1.984163045883178711e+00,1.749098062515258789e+00,1.494547486305236816e+00,1.172142744064331055e+00,1.042828440666198730e+00,8.336211442947387695e-01,6.286602616310119629e-01,3.406021595001220703e-01,0.000000000000000000e+00,3.774074316024780273e-01,7.224554419517517090e-01,9.707480669021606445e-01,1.228975892066955566e+00,1.431096553802490234e+00,1.681832909584045410e+00,1.833559393882751465e+00,1.780618071556091309e+00,2.164904117584228516e+00,2.242170810699462891e+00,2.584356307983398438e+00,2.608226776123046875e+00,2.697505474090576172e+00,3.045810937881469727e+00,3.224684238433837891e+00,3.536707401275634766e+00,3.761510610580444336e+00,3.967708587646484375e+00,3.997240304946899414e+00,3.167984724044799805e+00,2.814527273178100586e+00,2.724456310272216797e+00,2.366553068161010742e+00,2.313553333282470703e+00,1.981507658958435059e+00,2.020987749099731445e+00,1.743978738784790039e+00,1.473368883132934570e+00,1.457218885421752930e+00,1.322303771972656250e+00,9.597859382629394531e-01,9.541421532630920410e-01,1.105731725692749023e+00,1.460809588432312012e+00,2.607220888137817383e+00,2.689819574356079102e+00,2.803610324859619141e+00,2.637197971343994141e+00,3.007242918014526367e+00,2.956387281417846680e+00,3.289632797241210938e+00,3.162198066711425781e+00,3.128093719482421875e+00,3.510880947113037109e+00,3.629929065704345703e+00,3.699322938919067383e+00,3.861994504928588867e+00,4.188316345214843750e+00,4.321887493133544922e+00,4.399716854095458984e+00,4.359662055969238281e+00,4.212173461914062500e+00,3.955231666564941406e+00,4.130001544952392578e+00,3.808375597000122070e+00,4.068076610565185547e+00,4.007200241088867188e+00,3.651124238967895508e+00,3.789092779159545898e+00,3.658414125442504883e+00,3.637295246124267578e+00,3.348937273025512695e+00,3.528315782546997070e+00,3.606469392776489258e+00
3.056985855102539062e+00,2.692093133926391602e+00,2.357496976852416992e+00,2.110912322998046875e+00,1.864827990531921387e+00,1.531874418258666992e+00,1.405884861946105957e+00,1.158596396446228027e+00,9.599057435989379883e-01,7.093936800956726074e-01,3.774074316024780273e-01,0.000000000000000000e+00,3.655598163604736328e-01,6.461696028709411621e-01,9.614692330360412598e-01,1.545374631881713867e+00,1.848522663116455078e+00,1.995161294937133789e+00,2.001029491424560547e+00,2.386993646621704102e+00,2.470433712005615234e+00,2.817153453826904297e+00,2.877148628234863281e+00,2.956277847290039062e+00,3.296796083450317383e+00,3.473811864852905273e+00,3.795695066452026367e+00,3.997620105743408203e+00,4.187962532043457031e+00,4.189607143402099609e+00,3.265085220336914062e+00,2.924535274505615234e+00,2.809837579727172852e+00,2.473337411880493164e+00,2.395081281661987305e+00,2.038873195648193359e+00,2.052259206771850586e+00,1.821799039840698242e+00,1.536682486534118652e+00,1.429178833961486816e+00,1.303778767585754395e+00,9.334627389907836914e-01,7.956959605216979980e-01,8.621863126754760742e-01,1.181685805320739746e+00,2.428349256515502930e+00,2.529032230377197266e+00,2.690017700195312500e+00,2.568474769592285156e+00,2.943944692611694336e+00,2.939522266387939453e+00,3.263526439666748047e+00,3.157135486602783203e+00,3.162673711776733398e+00,3.540905475616455078e+00,3.656108856201171875e+00,3.762010812759399414e+00,3.929289817810058594e+00,4.239597797393798828e+00,4.345786094665527344e+00,4.310076713562011719e+00,4.268091678619384766e+00,4.092126846313476562e+00,3.844449043273925781e+00,3.996083498001098633e+00,3.665840864181518555e+00,3.904053211212158203e+00,3.854548692703247070e+00,3.494874715805053711e+00,3.602011919021606445e+00,3.485828161239624023e+00,3.436166048049926758e+00,3.126210451126098633e+00,3.288571357727050781e+00,3.336783647537231445e+00
3.375475883483886719e+00,3.013884544372558594e+00,2.672963380813598633e+00,2.408527851104736328e+00,2.169106006622314453e+00,1.825331449508666992e+00,1.703144431114196777e+00,1.412257790565490723e+00,1.237598896026611328e+00,1.031694173812866211e+00,7.224554419517517090e-01,3.655598163604736328e-01,0.000000000000000000e+00,3.814003765583038330e-01,7.260969281196594238e-01,1.599120259284973145e+00,1.932852625846862793e+00,2.057155370712280273e+00,2.118304967880249023e+00,2.497238636016845703e+00,2.582209348678588867e+00,2.929116010665893555e+00,3.028491735458374023e+00,3.095515966415405273e+00,3.422834873199462891e+00,3.597966670989990234e+00,3.927804470062255859e+00,4.102360248565673828e+00,4.272356510162353516e+00,4.243646144866943359e+00,3.230537414550781250e+00,2.906973838806152344e+00,2.772938013076782227e+00,2.463759660720825195e+00,2.369324445724487305e+00,1.997308373451232910e+00,1.997263908386230469e+00,1.825193405151367188e+00,1.528491854667663574e+00,1.347832202911376953e+00,1.267387986183166504e+00,9.296793341636657715e-01,6.574672460556030273e-01,6.605067253112792969e-01,9.164196848869323730e-01,2.193840742111206055e+00,2.325147628784179688e+00,2.521301031112670898e+00,2.437490224838256836e+00,2.808814525604248047e+00,2.844953775405883789e+00,3.149816513061523438e+00,3.053645849227905273e+00,3.100821733474731445e+00,3.471408128738403320e+00,3.572633266448974609e+00,3.710581541061401367e+00,3.874227762222290039e+00,4.165575027465820312e+00,4.243766307830810547e+00,4.100941658020019531e+00,4.062796115875244141e+00,3.865595340728759766e+00,3.631943464279174805e+00,3.768926858901977539e+00,3.438020944595336914e+00,3.662626504898071289e+00,3.632471323013305664e+00,3.275910615921020508e+00,3.363421678543090820e+00,3.272608757019042969e+00,3.209434986114501953e+00,2.884508848190307617e+00,3.045519590377807617e+00,3.072245836257934570e+00
3.604881048202514648e+00,3.247923374176025391e+00,2.899380445480346680e+00,2.655987501144409180e+00,2.382246971130371094e+00,2.063831567764282227e+00,1.884338736534118652e+00,1.596033334732055664e+00,1.496100544929504395e+00,1.247282743453979492e+00,9.707480669021606445e-01,6.461696028709411621e-01,3.814003765583038330e-01,0.000000000000000000e+00,3.690953850746154785e-01,1.547050356864929199e+00,1.913238167762756348e+00,2.074645280838012695e+00,2.195389747619628906e+00,2.561297178268432617e+00,2.693870306015014648e+00,3.017198085784912109e+00,3.149441242218017578e+00,3.246551275253295898e+00,3.551577806472778320e+00,3.754997491836547852e+00,4.074980735778808594e+00,4.244831562042236328e+00,4.388451576232910156e+00,4.352041244506835938e+00,3.314224720001220703e+00,2.992708683013916016e+00,2.886707782745361328e+00,2.591788530349731445e+00,2.534106492996215820e+00,2.151107072830200195e+00,2.195116519927978516e+00,2.063051462173461914e+00,1.734407663345336914e+00,1.561228394508361816e+00,1.555039525032043457e+00,1.238876819610595703e+00,9.172106981277465820e-01,9.420006275177001953e-01,1.111418962478637695e+00,2.336212635040283203e+00,2.513404846191406250e+00,2.727091312408447266e+00,2.660498619079589844e+00,3.019433259963989258e+00,3.072897672653198242e+00,3.352817058563232422e+00,3.238357305526733398e+00,3.315652132034301758e+00,3.682458162307739258e+00,3.752665996551513672e+00,3.899247407913208008e+00,4.038207530975341797e+00,4.314710617065429688e+00,4.372873306274414062e+00,4.135830402374267578e+00,4.127869129180908203e+00,3.923458576202392578e+00,3.720027685165405273e+00,3.861902475357055664e+00,3.544749736785888672e+00,3.767677545547485352e+00,3.772458553314208984e+00,3.427403211593627930e+00,3.504088163375854492e+00,3.450565814971923828e+00,3.380908489227294922e+00,3.043128728866577148e+00,3.202482223510742188e+00,3.197225570678710938e+00
3.758638381958007812e+00,3.411960363388061523e+00,3.056011199951171875e+00,2.824386835098266602e+00,2.529204607009887695e+00,2.234011411666870117e+00,2.017206192016601562e+00,1.722540259361267090e+00,1.696518898010253906e+00,1.451443433761596680e+00,1.228975892066955566e+00,9.614692330360412598e-01,7.260969281196594238e-01,3.690953850746154785e-01,0.000000000000000000e+00,1.427309155464172363e+00,1.807563185691833496e+00,1.985032439231872559e+00,2.164404153823852539e+00,2.507058382034301758e+00,2.677662372589111328e+00,2.974160671234130859e+00,3.142159223556518555e+00,3.261806011199951172e+00,3.539658546447753906e+00,3.766698360443115234e+00,4.075717449188232422e+00,4.234987258911132812e+00,4.349731922149658203e+00,4.303030967712402344e+00,3.249057292938232422e+00,2.933570384979248047e+00,2.857908010482788086e+00,2.581685543060302734e+00,2.564112901687622070e+00,2.179404973983764648e+00,2.271990299224853516e+00,2.180951118469238281e+00,1.828526377677917480e+00,1.678179264068603516e+00,1.749220132827758789e+00,1.463054180145263672e+00,1.126131534576416016e+00,1.207853198051452637e+00,1.335764408111572266e+00,2.423638582229614258e+00,2.644334077835083008e+00,2.853333711624145508e+00,2.787867069244384766e+00,3.128782272338867188e+00,3.186798810958862305e+00,3.438693284988403320e+00,3.297262668609619141e+00,3.399350404739379883e+00,3.760835170745849609e+00,3.795696020126342773e+00,3.943972349166870117e+00,4.053798675537109375e+00,4.315233230590820312e+00,4.356652736663818359e+00,4.051702976226806641e+00,4.076985836029052734e+00,3.877046585083007812e+00,3.703911542892456055e+00,3.861569881439208984e+00,3.565599203109741211e+00,3.797869443893432617e+00,3.838107585906982422e+00,3.509762287139892578e+00,3.593119382858276367e+00,3.577542543411254883e+00,3.521428585052490234e+00,3.184287548065185547e+00,3.359619617462158203e+00,3.343549728393554688e+00
2.837922334671020508e+00,2.558814764022827148e+00,2.207747459411621094e+00,2.026393413543701172e+00,1.718875646591186523e+00,1.564993023872375488e+00,1.305255055427551270e+00,1.069251656532287598e+00,1.351239681243896484e+00,1.304654717445373535e+00,1.431096553802490234e+00,1.545374631881713867e+00,1.599120259284973145e+00,1.547050356864929199e+00,1.427309155464172363e+00,0.000000000000000000e+00,3.821712136268615723e-01,6.509189605712890625e-01,8.658231496810913086e-01,1.151490569114685059e+00,1.421280026435852051e+00,1.643320202827453613e+00,1.828102827072143555e+00,2.027996063232421875e+00,2.254436969757080078e+00,2.545660018920898438e+00,2.806705713272094727e+00,2.997849225997924805e+00,3.094122886657714844e+00,3.104716062545776367e+00,2.317890644073486328e+00,1.959538340568542480e+00,2.044357299804687500e+00,1.733647942543029785e+00,1.907421708106994629e+00,1.613747119903564453e+00,1.905823588371276855e+00,1.782130241394042969e+00,1.438939094543457031e+00,1.614766836166381836e+00,1.808134078979492188e+00,1.619115591049194336e+00,1.551713943481445312e+00,1.900294065475463867e+00,2.170318841934204102e+00,2.823866605758666992e+00,3.032768964767456055e+00,3.063510179519653320e+00,2.843028306961059570e+00,3.130217313766479492e+00,3.036534786224365234e+00,3.262305259704589844e+00,2.994992494583129883e+00,3.010018110275268555e+00,3.371394157409667969e+00,3.346254825592041016e+00,3.369733810424804688e+00,3.401978254318237305e+00,3.689774751663208008e+00,3.799822330474853516e+00,3.841421842575073242e+00,3.920266628265380859e+00,3.847888469696044922e+00,3.679558753967285156e+00,3.954096794128417969e+00,3.725754022598266602e+00,4.058568477630615234e+00,4.103321552276611328e+00,3.814450025558471680e+00,4.031873226165771484e+00,4.014875411987304688e+00,4.092080593109130859e+00,3.837269783020019531e+00,4.110062122344970703e+00,4.208221912384033203e+00
2.651031494140625000e+00,2.405610322952270508e+00,2.071300983428955078e+00,1.914381504058837891e+00,1.629849433898925781e+00,1.542919516563415527e+00,1.309201121330261230e+00,1.136268734931945801e+00,1.469134449958801270e+00,1.494497060775756836e+00,1.681832909584045410e+00,1.848522663116455078e+00,1.932852625846862793e+00,1.913238167762756348e+00,1.807563185691833496e+00,3.821712136268615723e-01,0.000000000000000000e+00,3.827602863311767578e-01,5.863553881645202637e-01,8.058008551597595215e-01,1.122309088706970215e+00,1.298592090606689453e+00,1.487982869148254395e+00,1.718923449516296387e+00,1.919505000114440918e+00,2.231816053390502930e+00,2.471759557723999023e+00,2.673290252685546875e+00,2.763874530792236328e+00,2.796571493148803711e+00,2.132354021072387695e+00,1.772482514381408691e+00,1.914402723312377930e+00,1.609850525856018066e+00,1.841869831085205078e+00,1.609428286552429199e+00,1.937795519828796387e+00,1.814129471778869629e+00,1.516115665435791016e+00,1.764500141143798828e+00,1.968131899833679199e+00,1.823204874992370605e+00,1.818493485450744629e+00,2.183909177780151367e+00,2.462738037109375000e+00,3.005455255508422852e+00,3.202687978744506836e+00,3.189343452453613281e+00,2.937361001968383789e+00,3.200144767761230469e+00,3.067699670791625977e+00,3.279618263244628906e+00,2.986039400100708008e+00,2.972940683364868164e+00,3.323172092437744141e+00,3.282361030578613281e+00,3.265962839126586914e+00,3.274354457855224609e+00,3.565392971038818359e+00,3.696168422698974609e+00,3.846470355987548828e+00,3.935565233230590820e+00,3.899633169174194336e+00,3.734072685241699219e+00,4.032464504241943359e+00,3.825397729873657227e+00,4.176234722137451172e+00,4.219153881072998047e+00,3.945205211639404297e+00,4.190872669219970703e+00,4.172175884246826172e+00,4.279326438903808594e+00,4.047947406768798828e+00,4.337855339050292969e+00,4.460521221160888672e+00
2.657196998596191406e+00,2.428798675537109375e+00,2.104119062423706055e+00,1.911252260208129883e+00,1.688548803329467773e+00,1.587551593780517578e+00,1.438222646713256836e+00,1.237040042877197266e+00,1.540005326271057129e+00,1.648548126220703125e+00,1.833559393882751465e+00,1.995161294937133789e+00,2.057155370712280273e+00,2.074645280838012695e+00,1.985032439231872559e+00,6.509189605712890625e-01,3.827602863311767578e-01,0.000000000000000000e+00,3.815097510814666748e-01,5.564849376678466797e-01,8.204725980758666992e-01,1.021041512489318848e+00,1.256855249404907227e+00,1.439860224723815918e+00,1.634115338325500488e+00,1.928316831588745117e+00,2.185774087905883789e+00,2.358087539672851562e+00,2.445250272750854492e+00,2.454743146896362305e+00,1.754035830497741699e+00,1.391813874244689941e+00,1.542218804359436035e+00,1.246711611747741699e+00,1.508028507232666016e+00,1.317804574966430664e+00,1.671608209609985352e+00,1.583190083503723145e+00,1.327158093452453613e+00,1.615804076194763184e+00,1.854700207710266113e+00,1.781520605087280273e+00,1.817578434944152832e+00,2.194542884826660156e+00,2.456337928771972656e+00,2.827552318572998047e+00,3.018629312515258789e+00,2.966998100280761719e+00,2.696872711181640625e+00,2.932756900787353516e+00,2.780732631683349609e+00,2.973399162292480469e+00,2.663367748260498047e+00,2.644601345062255859e+00,2.984431028366088867e+00,2.929864645004272461e+00,2.901682615280151367e+00,2.899779081344604492e+00,3.189860343933105469e+00,3.326218843460083008e+00,3.537536382675170898e+00,3.623305559158325195e+00,3.609354019165039062e+00,3.441552639007568359e+00,3.753841876983642578e+00,3.562739610671997070e+00,3.925625562667846680e+00,3.967805147171020508e+00,3.709512472152709961e+00,3.978395700454711914e+00,3.964253187179565430e+00,4.100891113281250000e+00,3.895276784896850586e+00,4.204747676849365234e+00,4.352880001068115234e+00
2.291940450668334961e+00,2.070372819900512695e+00,1.754240870475769043e+00,1.561270713806152344e+00,1.370171308517456055e+00,1.303737521171569824e+00,1.206959486007690430e+00,1.061661124229431152e+00,1.373264431953430176e+00,1.545800328254699707e+00,1.780618071556091309e+00,2.001029491424560547e+00,2.118304967880249023e+00,2.195389747619628906e+00,2.164404153823852539e+00,8.658231496810913086e-01,5.863553881645202637e-01,3.815097510814666748e-01,0.000000000000000000e+00,3.865976631641387939e-01,5.758786797523498535e-01,8.421148657798767090e-01,9.838113188743591309e-01,1.164489626884460449e+00,1.413782000541687012e+00,1.693791508674621582e+00,1.960756182670593262e+00,2.172327995300292969e+00,2.309591531753540039e+00,2.359544754028320312e+00,1.790089368820190430e+00,1.420800209045410156e+00,1.556241750717163086e+00,1.225993394851684570e+00,1.468068599700927734e+00,1.320068359375000000e+00,1.643981695175170898e+00,1.490947484970092773e+00,1.287015676498413086e+00,1.624680280685424805e+00,1.807877302169799805e+00,1.743789911270141602e+00,1.854332089424133301e+00,2.230004549026489258e+00,2.521411418914794922e+00,2.909450769424438477e+00,3.059221029281616211e+00,2.981702089309692383e+00,2.684974670410156250e+00,2.924183368682861328e+00,2.736052513122558594e+00,2.952600002288818359e+00,2.651389837265014648e+00,2.579896450042724609e+00,2.923061847686767578e+00,2.900486707687377930e+00,2.839337825775146484e+00,2.858539342880249023e+00,3.173029661178588867e+00,3.345298051834106445e+00,3.691940784454345703e+00,3.749223947525024414e+00,3.748185634613037109e+00,3.552471399307250977e+00,3.862156152725219727e+00,3.661818981170654297e+00,4.026328563690185547e+00,4.035932540893554688e+00,3.770516633987426758e+00,4.050189971923828125e+00,4.002693653106689453e+00,4.146282196044921875e+00,3.954165935516357422e+00,4.260762214660644531e+00,4.429975509643554688e+00
2.341392040252685547e+00,2.173427581787109375e+00,1.895366907119750977e+00,1.742734432220458984e+00,1.594033837318420410e+00,1.594149827957153320e+00,1.518976330757141113e+00,1.423509716987609863e+00,1.738155841827392578e+00,1.921308755874633789e+00,2.164904117584228516e+00,2.386993646621704102e+00,2.497238636016845703e+00,2.561297178268432617e+00,2.507058382034301758e+00,1.151490569114685059e+00,8.058008551597595215e-01,5.564849376678466797e-01,3.865976631641387939e-01,0.000000000000000000e+00,3.915100395679473877e-01,4.964892864227294922e-01,7.111225724220275879e-01,9.432048201560974121e-01,1.113981962203979492e+00,1.435774922370910645e+00,1.666254043579101562e+00,1.874159574508666992e+00,1.983067035675048828e+00,2.049268245697021484e+00,1.637603878974914551e+00,1.294237136840820312e+00,1.513040184974670410e+00,1.241104125976562500e+00,1.549152135848999023e+00,1.484517812728881836e+00,1.829881191253662109e+00,1.719997167587280273e+00,1.566449642181396484e+00,1.919100761413574219e+00,2.124338626861572266e+00,2.096672296524047852e+00,2.213527202606201172e+00,2.590459823608398438e+00,2.868665933609008789e+00,3.142490386962890625e+00,3.295679807662963867e+00,3.185968160629272461e+00,2.876463890075683594e+00,3.078468799591064453e+00,2.867299318313598633e+00,3.049149274826049805e+00,2.721730470657348633e+00,2.640216112136840820e+00,2.956109046936035156e+00,2.899745702743530273e+00,2.801326274871826172e+00,2.778554677963256836e+00,3.080264091491699219e+00,3.261749982833862305e+00,3.681208610534667969e+00,3.760837554931640625e+00,3.796561956405639648e+00,3.619894266128540039e+00,3.951515913009643555e+00,3.782892704010009766e+00,4.159845352172851562e+00,4.181847572326660156e+00,3.940702199935913086e+00,4.241121292114257812e+00,4.207911014556884766e+00,4.377845287322998047e+00,4.206317424774169922e+00,4.527555465698242188e+00,4.709491729736328125e+00
2.249822616577148438e+00,2.096047878265380859e+00,1.838866233825683594e+00,1.649030208587646484e+00,1.583607912063598633e+00,1.569585800170898438e+00,1.589530825614929199e+00,1.489551901817321777e+00,1.750090003013610840e+00,2.000016212463378906e+00,2.242170810699462891e+00,2.470433712005615234e+00,2.582209348678588867e+00,2.693870306015014648e+00,2.677662372589111328e+00,1.421280026435852051e+00,1.122309088706970215e+00,8.204725980758666992e-01,5.758786797523498535e-01,3.915100395679473877e-01,0.000000000000000000e+00,3.852385878562927246e-01,5.329083204269409180e-01,6.229103803634643555e-01,8.628199696540832520e-01,1.125218272209167480e+00,1.404541015625000000e+00,1.601743578910827637e+00,1.755552530288696289e+00,1.816156983375549316e+00,1.432060599327087402e+00,1.097656369209289551e+00,1.283063650131225586e+00,1.011392474174499512e+00,1.302988409996032715e+00,1.314869046211242676e+00,1.630537748336791992e+00,1.519632458686828613e+00,1.448538064956665039e+00,1.825500488281250000e+00,2.014331102371215820e+00,2.045351743698120117e+00,2.216501712799072266e+00,2.584306955337524414e+00,2.855530261993408203e+00,3.016202211380004883e+00,3.137363910675048828e+00,2.989396810531616211e+00,2.659548997879028320e+00,2.840277194976806641e+00,2.598626375198364258e+00,2.779109239578247070e+00,2.454140424728393555e+00,2.336348533630371094e+00,2.643037319183349609e+00,2.601933002471923828e+00,2.478833436965942383e+00,2.469902753829956055e+00,2.787083864212036133e+00,2.993748664855957031e+00,3.530786752700805664e+00,3.582481384277343750e+00,3.635230064392089844e+00,3.437978029251098633e+00,3.769428014755249023e+00,3.604420900344848633e+00,3.983876705169677734e+00,3.983539104461669922e+00,3.750106811523437500e+00,4.067222118377685547e+00,4.017084598541259766e+00,4.207791328430175781e+00,4.063074111938476562e+00,4.391428470611572266e+00,4.600047111511230469e+00
