,A1,A2,A3,A4,A5,A6,A7,A8,A9,A10,A11,A12,A13,A14,A15,B1,B2,B3,B4,B5,B6,B7,B8,B9,B10,B11,B12,B13,B14,B15,C1,C2,C3,C4,C5,C6,C7,C8,C9,C10,C11,C12,C13,C14,C15,D1,D2,D3,D4,D5,D6,D7,D8,D9,D10,D11,D12,D13,D14,D15,E1,E2,E3,E4,E5,E6,E7,E8,E9,E10,E11,E12,E13,E14,E15
A1,0.0,0.36950674653053284,0.612824559211731,0.918239414691925,1.1998848915100098,1.5101823806762695,1.7289079427719116,1.9330193996429443,2.074798583984375,2.443995952606201,2.6788625717163086,2.999856472015381,3.223797559738159,3.575169801712036,3.7316720485687256,2.4016010761260986,2.2779736518859863,1.8990538120269775,1.7121435403823853,1.7158586978912354,1.8312537670135498,2.1573705673217773,2.452394962310791,2.523780345916748,2.8973333835601807,3.0477964878082275,3.4121029376983643,3.5884339809417725,3.9166862964630127,4.088988304138184,3.382331132888794,3.1454787254333496,2.8095054626464844,2.4426324367523193,2.2062418460845947,2.023181915283203,2.2852959632873535,2.592153549194336,2.6040313243865967,2.9812521934509277,3.1084799766540527,3.477935791015625,3.627549886703491,3.9949727058410645,4.171154022216797,3.0396676063537598,2.9016735553741455,2.5417542457580566,2.2736690044403076,1.898262858390808,1.7494359016418457,1.805818796157837,2.152259588241577,2.339344024658203,2.630711317062378,2.8740036487579346,3.2190089225769043,3.4187662601470947,3.756451368331909,4.104151725769043,3.1073222160339355,2.92759370803833,2.555422782897949,2.2010741233825684,1.8543410301208496,1.6307175159454346,1.7237677574157715,2.085111141204834,2.3252930641174316,2.5982887744903564,2.852572202682495,3.164583444595337,3.3757596015930176,3.7365427017211914,4.017994403839111
A2,0.36950674653053284,0.0,0.38863933086395264,0.6155073046684265,0.884786069393158,1.206503987312317,1.416590690612793,1.5950233936309814,1.7614561319351196,2.125014543533325,2.379387378692627,2.68564510345459,2.9298877716064453,3.272815227508545,3.4361085891723633,2.131840944290161,2.0507283210754395,1.679858684539795,1.5410747528076172,1.609558343887329,1.7618682384490967,2.0850350856781006,2.3416497707366943,2.3632194995880127,2.7440154552459717,2.856299638748169,3.2291250228881836,3.378955125808716,3.721372365951538,3.8999247550964355,3.359635353088379,3.152894973754883,2.8408143520355225,2.477266311645508,2.246846914291382,2.0206236839294434,2.27422833442688,2.5471253395080566,2.50602388381958,2.8798739910125732,2.9639101028442383,3.3392136096954346,3.4547715187072754,3.831331491470337,3.9943935871124268,2.983452081680298,2.8649418354034424,2.5264129638671875,2.2375521659851074,1.8557567596435547,1.6417032480239868,1.6572524309158325,1.9702364206314087,2.1409518718719482,2.406470537185669,2.64316987991333,2.9774417877197266,3.1662709712982178,3.502812385559082,3.852782726287842,2.9373836517333984,2.762193202972412,2.4043588638305664,2.0409467220306396,1.678061842918396,1.3992844820022583,1.4412236213684082,1.7870278358459473,2.0298590660095215,2.278170347213745,2.5392532348632812,2.835524559020996,3.051389455795288,3.4051856994628906,3.6878671646118164
A3,0.612824559211731,0.38863933086395264,0.0,0.38530251383781433,0.6085930466651917,0.9149711728096008,1.1280410289764404,1.355160117149353,1.4920412302017212,1.8527212142944336,2.095177412033081,2.419557809829712,2.64567232131958,2.989750862121582,3.1315526962280273,1.7980015277862549,1.7001712322235107,1.329512119293213,1.1633002758026123,1.2262250185012817,1.388910174369812,1.7166439294815063,1.965657353401184,1.991546392440796,2.3753662109375,2.4978599548339844,2.871098756790161,3.036463975906372,3.380594253540039,3.574667453765869,3.1113357543945312,2.931020498275757,2.628538131713867,2.2722678184509277,2.0134732723236084,1.7455108165740967,1.963678002357483,2.2238521575927734,2.170159339904785,2.5485079288482666,2.6299970149993896,3.0069820880889893,3.1276755332946777,3.5075323581695557,3.6891658306121826,2.7619171142578125,2.688119888305664,2.3565356731414795,2.0938847064971924,1.7217215299606323,1.4779856204986572,1.5534266233444214,1.8475184440612793,1.9557169675827026,2.242765426635742,2.4346866607666016,2.7866413593292236,2.9426395893096924,3.2946436405181885,3.62939715385437,2.813291549682617,2.685682773590088,2.34023380279541,1.9903541803359985,1.6520289182662964,1.3521482944488525,1.438725233078003,1.7686129808425903,1.9494184255599976,2.2001686096191406,2.4182465076446533,2.719639539718628,2.896357297897339,3.258155345916748,3.5173161029815674
A4,0.918239414691925,0.6155073046684265,0.38530251383781433,0.0,0.38777920603752136,0.6109767556190491,0.8921842575073242,1.0432953834533691,1.1586488485336304,1.5317715406417847,1.7680959701538086,2.0826404094696045,2.316744327545166,2.6632492542266846,2.8299360275268555,1.6256228685379028,1.6092725992202759,1.2735435962677002,1.1516839265823364,1.255846619606018,1.4009572267532349,1.6812469959259033,1.8758772611618042,1.8334649801254272,2.2114689350128174,2.2846407890319824,2.6601827144622803,2.7872159481048584,3.136676549911499,3.319343328475952,2.981677770614624,2.828270435333252,2.558438539505005,2.214611768722534,1.9900633096694946,1.7036107778549194,1.9279104471206665,2.140563488006592,2.0309934616088867,2.392261505126953,2.4277257919311523,2.8048155307769775,2.888862371444702,3.271481990814209,3.42765212059021,2.588020086288452,2.5230014324188232,2.222299337387085,1.9387476444244385,1.5748622417449951,1.2743682861328125,1.297597050666809,1.5476884841918945,1.6431488990783691,1.9029871225357056,2.0960726737976074,2.435924768447876,2.5932090282440186,2.9399116039276123,3.2798688411712646,2.5082204341888428,2.385662794113159,2.058642864227295,1.7107425928115845,1.3746556043624878,1.0371017456054688,1.1022433042526245,1.4120569229125977,1.5744119882583618,1.8202459812164307,2.0334110260009766,2.335455894470215,2.512972116470337,2.875509023666382,3.1380796432495117
A5,1.1998848915100098,0.884786069393158,0.6085930466651917,0.38777920603752136,0.0,0.382397323846817,0.534364640712738,0.7558653950691223,0.9432034492492676,1.2779061794281006,1.5624210834503174,1.8649400472640991,2.1222002506256104,2.445282459259033,2.5814592838287354,1.2757712602615356,1.2717127799987793,0.9488344192504883,0.9165753722190857,1.124454379081726,1.348667025566101,1.633276343345642,1.7799049615859985,1.7061471939086914,2.088576078414917,2.1371233463287354,2.5181796550750732,2.640169620513916,3.007997751235962,3.2230300903320312,3.1054210662841797,2.992194175720215,2.7436060905456543,2.4166526794433594,2.171391248703003,1.8431873321533203,2.0044734477996826,2.1805949211120605,2.0289194583892822,2.383317470550537,2.3797593116760254,2.7561135292053223,2.8140718936920166,3.205223560333252,3.3729910850524902,2.7332162857055664,2.7178406715393066,2.4406986236572266,2.1792643070220947,1.8380308151245117,1.5078643560409546,1.5402411222457886,1.7274383306503296,1.7505288124084473,1.9829998016357422,2.118851900100708,2.4498307704925537,2.5557003021240234,2.909515142440796,3.232454538345337,2.6510889530181885,2.5650634765625,2.27018141746521,1.9401218891143799,1.6263846158981323,1.2609589099884033,1.2645844221115112,1.5047115087509155,1.6253973245620728,1.8081835508346558,1.9975582361221313,2.2596259117126465,2.4124488830566406,2.7602620124816895,3.001856565475464
A6,1.5101823806762695,1.206503987312317,0.9149711728096008,0.6109767556190491,0.382397323846817,0.0,0.3810780942440033,0.5072756409645081,0.5821750164031982,0.9386887550354004,1.1921210289001465,1.5083019733428955,1.749771237373352,2.082719326019287,2.2306365966796875,1.083219051361084,1.1635515689849854,0.9192535281181335,0.9018245935440063,1.0978741645812988,1.2699611186981201,1.4829798936843872,1.5655184984207153,1.4289875030517578,1.7963111400604248,1.8054107427597046,2.184382200241089,2.2822558879852295,2.651287317276001,2.8609766960144043,2.871199607849121,2.7940449714660645,2.5819809436798096,2.2805278301239014,2.059244394302368,1.7160762548446655,1.8546062707901,1.975206971168518,1.7737226486206055,2.104290723800659,2.0607025623321533,2.4323740005493164,2.4643635749816895,2.855827808380127,3.0124287605285645,2.489257574081421,2.5063133239746094,2.266103982925415,2.018285036087036,1.7130942344665527,1.3555247783660889,1.3876818418502808,1.506683588027954,1.4652937650680542,1.6817388534545898,1.7778176069259644,2.1072442531585693,2.1907095909118652,2.5485408306121826,2.863264322280884,2.3789947032928467,2.332353353500366,2.070225238800049,1.7715920209884644,1.5063083171844482,1.152129888534546,1.180114507675171,1.3621906042099,1.3991841077804565,1.5770986080169678,1.712954044342041,1.9809435606002808,2.0974225997924805,2.452463150024414,2.6775527000427246
A7,1.7289079427719116,1.416590690612793,1.1280410289764404,0.8921842575073242,0.534364640712738,0.3810780942440033,0.0,0.3763652741909027,0.6020357608795166,0.833543598651886,1.159691572189331,1.436614990234375,1.7098089456558228,1.9996346235275269,2.1035501956939697,0.7889706492424011,0.8973323702812195,0.6992759108543396,0.8351074457168579,1.1347699165344238,1.3845385313034058,1.6030268669128418,1.6420611143112183,1.4885644912719727,1.8454844951629639,1.8301362991333008,2.204463481903076,2.2967562675476074,2.6804096698760986,2.9246890544891357,3.1329238414764404,3.083465099334717,2.8832242488861084,2.594017505645752,2.3539304733276367,1.992256760597229,2.077234983444214,2.1739959716796875,1.9513180255889893,2.26723575592041,2.191725015640259,2.5524637699127197,2.5590248107910156,2.9517662525177,3.119540214538574,2.7795259952545166,2.8296315670013428,2.603412628173828,2.3731915950775146,2.080399751663208,1.722904086112976,1.7556214332580566,1.8425427675247192,1.7633864879608154,1.9433106184005737,1.9904764890670776,2.295405149459839,2.3273167610168457,2.6809380054473877,2.9734318256378174,2.6674938201904297,2.6408255100250244,2.4033451080322266,2.1167099475860596,1.8588480949401855,1.4954838752746582,1.4622679948806763,1.5911749601364136,1.615160584449768,1.7157373428344727,1.836134672164917,2.0439529418945312,2.1400089263916016,2.465484857559204,2.667231798171997
A8,1.9330193996429443,1.5950233936309814,1.355160117149353,1.0432953834533691,0.7558653950691223,0.5072756409645081,0.3763652741909027,0.0,0.3773551881313324,0.586650013923645,0.93858802318573,1.1729063987731934,1.4825208187103271,1.7677191495895386,1.9183992147445679,0.9243625402450562,1.1532479524612427,1.038123369216919,1.1802959442138672,1.4513741731643677,1.6507954597473145,1.8169735670089722,1.810826063156128,1.5926880836486816,1.916386365890503,1.8323767185211182,2.1937758922576904,2.223853349685669,2.6064252853393555,2.8272502422332764,3.1523189544677734,3.120692729949951,2.9509470462799072,2.6767070293426514,2.4802610874176025,2.13185715675354,2.23496413230896,2.293440818786621,2.0320098400115967,2.313581705093384,2.1881282329559326,2.535797357559204,2.49320912361145,2.879847526550293,3.0062448978424072,2.754856824874878,2.799572229385376,2.60833740234375,2.3610215187072754,2.0890090465545654,1.7145830392837524,1.6795384883880615,1.7000471353530884,1.612357258796692,1.7266594171524048,1.773558259010315,2.0412521362304688,2.0749077796936035,2.4111101627349854,2.7115390300750732,2.466634511947632,2.437406539916992,2.2336108684539795,1.965856909751892,1.7309480905532837,1.371683120727539,1.2798781394958496,1.3308212757110596,1.3223121166229248,1.3737338781356812,1.4884634017944336,1.6755419969558716,1.781716227531433,2.1021156311035156,2.316039800643921
A9,2.074798583984375,1.7614561319351196,1.4920412302017212,1.1586488485336304,0.9432034492492676,0.5821750164031982,0.6020357608795166,0.3773551881313324,0.0,0.3880769908428192,0.6315557956695557,0.9290028810501099,1.1891558170318604,1.514719009399414,1.6891263723373413,0.9549102187156677,1.2099058628082275,1.1430085897445679,1.2193470001220703,1.4198009967803955,1.540764570236206,1.6353391408920288,1.5862411260604858,1.3266685009002686,1.6238343715667725,1.5145783424377441,1.8704705238342285,1.8865827322006226,2.2625908851623535,2.4678802490234375,2.8263375759124756,2.818624258041382,2.678084373474121,2.4295594692230225,2.259056568145752,1.9163538217544556,2.0054147243499756,2.0210821628570557,1.7325873374938965,1.987605333328247,1.8401901721954346,2.182058334350586,2.130300521850586,2.515235662460327,2.6347341537475586,2.4291841983795166,2.4983837604522705,2.337604284286499,2.113084554672241,1.8818315267562866,1.5110204219818115,1.4958651065826416,1.464420199394226,1.313218593597412,1.4271697998046875,1.4310590028762817,1.7121913433074951,1.732139229774475,2.0812411308288574,2.3769164085388184,2.1695971488952637,2.182934284210205,2.0042831897735596,1.7746200561523438,1.598257064819336,1.2860548496246338,1.2695245742797852,1.2948073148727417,1.1914318799972534,1.278570532798767,1.314376711845398,1.539222240447998,1.5928581953048706,1.9374473094940186,2.132521390914917
A10,2.443995952606201,2.125014543533325,1.8527212142944336,1.5317715406417847,1.2779061794281006,0.9386887550354004,0.833543598651886,0.586650013923645,0.3880769908428192,0.0,0.3877510130405426,0.6039444208145142,0.9057220220565796,1.1849350929260254,1.3407648801803589,0.8749274611473083,1.2181754112243652,1.267913579940796,1.4155948162078857,1.638169527053833,1.7658414840698242,1.8159141540527344,1.6941697597503662,1.3871675729751587,1.6233720779418945,1.441376805305481,1.7646183967590332,1.7304030656814575,2.110948324203491,2.334109306335449,2.974900245666504,3.012485980987549,2.9088518619537354,2.6913387775421143,2.530172109603882,2.18410587310791,2.2247769832611084,2.1872544288635254,1.8632973432540894,2.0665383338928223,1.8578699827194214,2.165151357650757,2.0566601753234863,2.4292120933532715,2.536433458328247,2.6005494594573975,2.7105953693389893,2.590625047683716,2.392209529876709,2.1977744102478027,1.835276484489441,1.8154817819595337,1.72531259059906,1.520296573638916,1.5658349990844727,1.4877833127975464,1.7114348411560059,1.6535604000091553,1.9834636449813843,2.242072105407715,2.3031513690948486,2.3577330112457275,2.232348918914795,2.044264078140259,1.9089199304580688,1.618962049484253,1.569989800453186,1.5203770399093628,1.3611313104629517,1.3524497747421265,1.313666820526123,1.455008864402771,1.4423038959503174,1.7479153871536255,1.8976833820343018
A11,2.6788625717163086,2.379387378692627,2.095177412033081,1.7680959701538086,1.5624210834503174,1.1921210289001465,1.159691572189331,0.93858802318573,0.6315557956695557,0.3877510130405426,0.0,0.3692627251148224,0.5602757930755615,0.8963380455970764,1.0900516510009766,1.0962597131729126,1.427232265472412,1.514453649520874,1.6107220649719238,1.767362356185913,1.820588231086731,1.7902840375900269,1.612608551979065,1.2640835046768188,1.4256144762039185,1.1836988925933838,1.472713828086853,1.3912380933761597,1.7609716653823853,1.9650835990905762,2.7316932678222656,2.807121515274048,2.747547149658203,2.5702552795410156,2.4452171325683594,2.118945360183716,2.134680986404419,2.0385189056396484,1.6866971254348755,1.830236792564392,1.5754530429840088,1.8536605834960938,1.7091331481933594,2.071337938308716,2.1604764461517334,2.368381977081299,2.5124950408935547,2.440885543823242,2.2776072025299072,2.141000986099243,1.8033437728881836,1.7974345684051514,1.6453694105148315,1.372642159461975,1.38371741771698,1.2223446369171143,1.4261658191680908,1.3178799152374268,1.6520097255706787,1.8895246982574463,2.0866756439208984,2.1975443363189697,2.1193015575408936,1.989088535308838,1.925050973892212,1.6977494955062866,1.7018226385116577,1.621677041053772,1.3821425437927246,1.3842371702194214,1.245688557624817,1.3941112756729126,1.2979453802108765,1.60719895362854,1.715775728225708
A12,2.999856472015381,2.68564510345459,2.419557809829712,2.0826404094696045,1.8649400472640991,1.5083019733428955,1.436614990234375,1.1729063987731934,0.9290028810501099,0.6039444208145142,0.3692627251148224,0.0,0.3742177188396454,0.6101699471473694,0.8517985939979553,1.3039377927780151,1.6695280075073242,1.7993991374969482,1.9369364976882935,2.1142568588256836,2.1777894496917725,2.1352548599243164,1.9307271242141724,1.5703661441802979,1.6758959293365479,1.3809289932250977,1.6059812307357788,1.4458611011505127,1.790536642074585,1.980342984199524,2.97204852104187,3.074510335922241,3.044670343399048,2.887702226638794,2.783660650253296,2.467663288116455,2.4747607707977295,2.352165937423706,1.9890886545181274,2.085970878601074,1.7891180515289307,2.0180821418762207,1.810524344444275,2.1382460594177246,2.183349847793579,2.6072521209716797,2.7602782249450684,2.723818063735962,2.563969135284424,2.4488208293914795,2.116100549697876,2.0738370418548584,1.878554344177246,1.603646993637085,1.533010721206665,1.3369909524917603,1.444923996925354,1.2782509326934814,1.5582246780395508,1.7610059976577759,2.1998560428619385,2.3245179653167725,2.296903133392334,2.198723077774048,2.1597352027893066,1.9466688632965088,1.9031753540039062,1.7573662996292114,1.49192476272583,1.4015778303146362,1.2086457014083862,1.2540161609649658,1.0949634313583374,1.3463395833969116,1.4121335744857788
A13,3.223797559738159,2.9298877716064453,2.64567232131958,2.316744327545166,2.1222002506256104,1.749771237373352,1.7098089456558228,1.4825208187103271,1.1891558170318604,0.9057220220565796,0.5602757930755615,0.3742177188396454,0.0,0.38335222005844116,0.6530178189277649,1.5002317428588867,1.8385611772537231,1.9952292442321777,2.0957529544830322,2.222245216369629,2.2315237522125244,2.1248295307159424,1.8757320642471313,1.5037535429000854,1.523587942123413,1.1844013929367065,1.3418657779693604,1.1256914138793945,1.4463176727294922,1.6228737831115723,2.7784245014190674,2.921102285385132,2.9328267574310303,2.8179097175598145,2.7390859127044678,2.443589925765991,2.415726661682129,2.241615056991577,1.868150234222412,1.8987512588500977,1.5644309520721436,1.7434381246566772,1.4961568117141724,1.8005574941635132,1.8332566022872925,2.450676679611206,2.6439123153686523,2.650956153869629,2.5359339714050293,2.473361015319824,2.1734156608581543,2.1613986492156982,1.935160756111145,1.6117511987686157,1.528794288635254,1.2510133981704712,1.3269761800765991,1.0824497938156128,1.3515510559082031,1.50153648853302,2.1245203018188477,2.3078994750976562,2.3193607330322266,2.2717337608337402,2.2875635623931885,2.1231424808502197,2.13173508644104,1.9885021448135376,1.6838690042495728,1.6238110065460205,1.3701419830322266,1.4237945079803467,1.189245343208313,1.4153356552124023,1.412500023841858
A14,3.575169801712036,3.272815227508545,2.989750862121582,2.6632492542266846,2.445282459259033,2.082719326019287,1.9996346235275269,1.7677191495895386,1.514719009399414,1.1849350929260254,0.8963380455970764,0.6101699471473694,0.38335222005844116,0.0,0.3670862317085266,1.698611855506897,2.048903703689575,2.251297950744629,2.3872697353363037,2.53098201751709,2.5548505783081055,2.4391300678253174,2.1651148796081543,1.7961478233337402,1.7698206901550293,1.4093669652938843,1.4923866987228394,1.2241438627243042,1.4944655895233154,1.669301986694336,3.060405731201172,3.231013298034668,3.2658753395080566,3.1699624061584473,3.0951929092407227,2.801677942276001,2.750606060028076,2.5555174350738525,2.1809639930725098,2.1744301319122314,1.818549633026123,1.9415528774261475,1.6500202417373657,1.9016432762145996,1.9064545631408691,2.7603349685668945,2.9713470935821533,3.0017614364624023,2.8997726440429688,2.8503530025482178,2.554553985595703,2.534552812576294,2.2945141792297363,1.9719277620315552,1.854806900024414,1.5602339506149292,1.5646312236785889,1.2689671516418457,1.4565433263778687,1.5270390510559082,2.40448260307312,2.6026878356933594,2.6471385955810547,2.618542194366455,2.6441617012023926,2.480527400970459,2.461949110031128,2.2894551753997803,1.9823068380355835,1.8663378953933716,1.5924148559570312,1.557650089263916,1.2736560106277466,1.3995355367660522,1.3083341121673584
A15,3.7316720485687256,3.4361085891723633,3.1315526962280273,2.8299360275268555,2.5814592838287354,2.2306365966796875,2.1035501956939697,1.9183992147445679,1.6891263723373413,1.3407648801803589,1.0900516510009766,0.8517985939979553,0.6530178189277649,0.3670862317085266,0.0,1.6656967401504517,1.9956908226013184,2.2500734329223633,2.405808448791504,2.5515708923339844,2.587313652038574,2.4604263305664062,2.160385847091675,1.8069148063659668,1.745857834815979,1.3907060623168945,1.432137370109558,1.1853961944580078,1.443698763847351,1.6713917255401611,3.1858513355255127,3.374110698699951,3.4100499153137207,3.322822093963623,3.223470449447632,2.918522834777832,2.8240373134613037,2.6164910793304443,2.2481279373168945,2.2283787727355957,1.874635934829712,1.9726909399032593,1.6880477666854858,1.9216622114181519,1.9679840803146362,2.941866636276245,3.182126998901367,3.206402063369751,3.1273324489593506,3.0758461952209473,2.7825794219970703,2.798463821411133,2.5827746391296387,2.2499313354492188,2.169623851776123,1.86505126953125,1.8932372331619263,1.5828237533569336,1.7662029266357422,1.7913340330123901,2.720385789871216,2.9310109615325928,2.9625244140625,2.9237582683563232,2.9353675842285156,2.7541182041168213,2.7445874214172363,2.5963826179504395,2.305475950241089,2.1977124214172363,1.9425535202026367,1.90493905544281,1.6285524368286133,1.7298587560653687,1.608215093612671
B1,2.4016010761260986,2.131840944290161,1.7980015277862549,1.6256228685379028,1.2757712602615356,1.083219051361084,0.7889706492424011,0.9243625402450562,0.9549102187156677,0.8749274611473083,1.0962597131729126,1.3039377927780151,1.5002317428588867,1.698611855506897,1.6656967401504517,0.0,0.3917240500450134,0.6297547817230225,0.9091541767120361,1.202903389930725,1.4487974643707275,1.5628836154937744,1.4611804485321045,1.2752500772476196,1.5458439588546753,1.496151328086853,1.8229570388793945,1.9303748607635498,2.312147617340088,2.6212289333343506,3.2092578411102295,3.239521026611328,3.090381145477295,2.859827995300293,2.602468252182007,2.220639705657959,2.1688077449798584,2.1735050678253174,1.9124822616577148,2.1605453491210938,2.030902147293091,2.3416240215301514,2.3184328079223633,2.691859483718872,2.9006025791168213,2.956820487976074,3.1053738594055176,2.92958664894104,2.778062105178833,2.5522708892822266,2.2169559001922607,2.314276933670044,2.3340723514556885,2.138227939605713,2.2913296222686768,2.2015061378479004,2.476372718811035,2.3859004974365234,2.731956958770752,2.9454538822174072,3.010632038116455,3.0759315490722656,2.896785020828247,2.670757293701172,2.483623504638672,2.159832715988159,2.1579527854919434,2.219867467880249,2.1406404972076416,2.177898406982422,2.181609630584717,2.3189780712127686,2.2972710132598877,2.572826862335205,2.677860975265503
B2,2.2779736518859863,2.0507283210754395,1.7001712322235107,1.6092725992202759,1.2717127799987793,1.1635515689849854,0.8973323702812195,1.1532479524612427,1.2099058628082275,1.2181754112243652,1.427232265472412,1.6695280075073242,1.8385611772537231,2.048903703689575,1.9956908226013184,0.3917240500450134,0.0,0.38175809383392334,0.6625985503196716,0.9562445282936096,1.2491039037704468,1.409932017326355,1.3632529973983765,1.2770854234695435,1.569323182106018,1.6101324558258057,1.9358065128326416,2.1093344688415527,2.4769203662872314,2.7959554195404053,3.2214298248291016,3.2302169799804688,3.052032232284546,2.811262369155884,2.517338991165161,2.1355366706848145,2.0617127418518066,2.107083320617676,1.9006810188293457,2.1778054237365723,2.111037254333496,2.4278523921966553,2.4616730213165283,2.8327014446258545,3.077069044113159,3.0134127140045166,3.1596455574035645,2.9528422355651855,2.817854642868042,2.578397750854492,2.2678565979003906,2.41194748878479,2.4847168922424316,2.3091297149658203,2.512099266052246,2.440734386444092,2.746199607849121,2.6727490425109863,3.0306854248046875,3.245610237121582,3.2126047611236572,3.2709434032440186,3.061115264892578,2.8182103633880615,2.612109661102295,2.288898468017578,2.322324752807617,2.43857479095459,2.3915412425994873,2.471066474914551,2.497929573059082,2.665001153945923,2.6567373275756836,2.94632625579834,3.057753324508667
B3,1.8990538120269775,1.679858684539795,1.329512119293213,1.2735435962677002,0.9488344192504883,0.9192535281181335,0.6992759108543396,1.038123369216919,1.1430085897445679,1.267913579940796,1.514453649520874,1.7993991374969482,1.9952292442321777,2.251297950744629,2.2500734329223633,0.6297547817230225,0.38175809383392334,0.0,0.36913302540779114,0.7337698936462402,1.0785900354385376,1.3252583742141724,1.374423623085022,1.3334197998046875,1.6805299520492554,1.7608425617218018,2.114266872406006,2.299086570739746,2.668527126312256,2.9635071754455566,3.1653199195861816,3.130078077316284,2.9164042472839355,2.6437571048736572,2.339085817337036,1.96188223361969,1.9417774677276611,2.048492193222046,1.8781142234802246,2.200505018234253,2.178598165512085,2.523542642593384,2.5883872509002686,2.9707138538360596,3.20916485786438,2.929166555404663,3.033172607421875,2.791288137435913,2.6308534145355225,2.3577544689178467,2.050532102584839,2.194597005844116,2.316704750061035,2.1924383640289307,2.426706314086914,2.4127562046051025,2.7425456047058105,2.7218101024627686,3.089341640472412,3.3377737998962402,3.120713710784912,3.1412112712860107,2.8966023921966553,2.624943256378174,2.386326551437378,2.054008722305298,2.0970473289489746,2.2604963779449463,2.2614638805389404,2.380572557449341,2.454936981201172,2.6585676670074463,2.6964008808135986,3.011385679244995,3.1622447967529297
B4,1.7121435403823853,1.5410747528076172,1.1633002758026123,1.1516839265823364,0.9165753722190857,0.9018245935440063,0.8351074457168579,1.1802959442138672,1.2193470001220703,1.4155948162078857,1.6107220649719238,1.9369364976882935,2.0957529544830322,2.3872697353363037,2.405808448791504,0.9091541767120361,0.6625985503196716,0.36913302540779114,0.0,0.3754681944847107,0.7336755990982056,1.0261144638061523,1.1513800621032715,1.1846909523010254,1.5525048971176147,1.6981010437011719,2.054701328277588,2.2769811153411865,2.629373550415039,2.9060134887695312,2.8974416255950928,2.838190793991089,2.6043059825897217,2.324359655380249,2.004689931869507,1.6336421966552734,1.619887113571167,1.7651251554489136,1.641451358795166,1.9900240898132324,2.0254483222961426,2.3797600269317627,2.493285894393921,2.8729851245880127,3.1247849464416504,2.6810302734375,2.774658203125,2.5127172470092773,2.3681578636169434,2.0959911346435547,1.8203468322753906,2.0114800930023193,2.1700103282928467,2.0598952770233154,2.3385658264160156,2.342405319213867,2.698629379272461,2.7051472663879395,3.080709457397461,3.3363234996795654,2.991544246673584,3.0114145278930664,2.7470271587371826,2.476388454437256,2.2450737953186035,1.9427155256271362,2.0501809120178223,2.255746841430664,2.2597639560699463,2.435102701187134,2.5096187591552734,2.757582187652588,2.7985496520996094,3.137730836868286,3.2981503009796143
B5,1.7158586978912354,1.609558343887329,1.2262250185012817,1.255846619606018,1.124454379081726,1.0978741645812988,1.1347699165344238,1.4513741731643677,1.4198009967803955,1.638169527053833,1.767362356185913,2.1142568588256836,2.222245216369629,2.53098201751709,2.5515708923339844,1.202903389930725,0.9562445282936096,0.7337698936462402,0.3754681944847107,0.0,0.3814513087272644,0.7165559530258179,0.9267135262489319,1.063644528388977,1.4195556640625,1.6372004747390747,1.976083517074585,2.2400057315826416,2.563724994659424,2.8245561122894287,2.6275315284729004,2.55472731590271,2.308140277862549,2.034792423248291,1.6959569454193115,1.3349077701568604,1.2951328754425049,1.4717885255813599,1.4094351530075073,1.770480990409851,1.869911551475525,2.2186713218688965,2.384894371032715,2.751417636871338,3.0225090980529785,2.4577033519744873,2.5568997859954834,2.284426689147949,2.17801833152771,1.9277982711791992,1.702759027481079,1.953222393989563,2.1337621212005615,2.0217411518096924,2.337329149246216,2.3389437198638916,2.7123160362243652,2.7300286293029785,3.107342004776001,3.3556599617004395,2.9330828189849854,2.9678914546966553,2.696115732192993,2.4426984786987305,2.238072156906128,1.9828206300735474,2.1566314697265625,2.386683225631714,2.3769140243530273,2.5953691005706787,2.652583599090576,2.9318628311157227,2.9597508907318115,3.3129539489746094,3.4685444831848145
B6,1.8312537670135498,1.7618682384490967,1.388910174369812,1.4009572267532349,1.348667025566101,1.2699611186981201,1.3845385313034058,1.6507954597473145,1.540764570236206,1.7658414840698242,1.820588231086731,2.1777894496917725,2.2315237522125244,2.5548505783081055,2.587313652038574,1.4487974643707275,1.2491039037704468,1.0785900354385376,0.7336755990982056,0.3814513087272644,0.0,0.37973201274871826,0.6850870847702026,0.904793918132782,1.229695200920105,1.4999042749404907,1.8148869276046753,2.102801561355591,2.3939990997314453,2.628403425216675,2.269064426422119,2.193859815597534,1.9493257999420166,1.6924651861190796,1.3496378660202026,0.9928103685379028,0.9176607728004456,1.1083216667175293,1.0955314636230469,1.46251380443573,1.6173714399337769,1.9579126834869385,2.167318344116211,2.5182788372039795,2.7976057529449463,2.13552188873291,2.2483510971069336,1.9813294410705566,1.9186885356903076,1.709805965423584,1.535549521446228,1.8359447717666626,2.012418746948242,1.884945034980774,2.2234387397766113,2.2133407592773438,2.594261646270752,2.6196413040161133,2.992471218109131,3.230334520339966,2.7550487518310547,2.8140745162963867,2.5497629642486572,2.3283393383026123,2.1690585613250732,1.9710947275161743,2.204512596130371,2.4369025230407715,2.396526336669922,2.6481516361236572,2.6760032176971436,2.9803380966186523,2.9884989261627197,3.3510401248931885,3.498187303543091
B7,2.1573705673217773,2.0850350856781006,1.7166439294815063,1.6812469959259033,1.633276343345642,1.4829798936843872,1.6030268669128418,1.8169735670089722,1.6353391408920288,1.8159141540527344,1.7902840375900269,2.1352548599243164,2.1248295307159424,2.4391300678253174,2.4604263305664062,1.5628836154937744,1.409932017326355,1.3252583742141724,1.0261144638061523,0.7165559530258179,0.37973201274871826,0.0,0.3680093288421631,0.6704171895980835,0.9243305325508118,1.2390422821044922,1.516055703163147,1.827808141708374,2.0869624614715576,2.3115499019622803,1.9741084575653076,1.9427450895309448,1.741387963294983,1.5386686325073242,1.2217135429382324,0.8770272135734558,0.6823235750198364,0.7817862629890442,0.7668980360031128,1.1113520860671997,1.290978193283081,1.6117346286773682,1.8481074571609497,2.182074785232544,2.476914167404175,1.8948471546173096,2.061466932296753,1.8387539386749268,1.8355424404144287,1.6973775625228882,1.5560972690582275,1.8778598308563232,2.003889799118042,1.8230243921279907,2.152724504470825,2.091083526611328,2.4617841243743896,2.4595351219177246,2.822861433029175,3.03096342086792,2.637066125869751,2.7446088790893555,2.5156097412109375,2.34281587600708,2.242771863937378,2.0890896320343018,2.3484909534454346,2.5491878986358643,2.456268548965454,2.7074315547943115,2.6849799156188965,2.988553524017334,2.955430746078491,3.3117752075195312,3.430753231048584
B8,2.452394962310791,2.3416497707366943,1.965657353401184,1.8758772611618042,1.7799049615859985,1.5655184984207153,1.6420611143112183,1.810826063156128,1.5862411260604858,1.6941697597503662,1.612608551979065,1.9307271242141724,1.8757320642471313,2.1651148796081543,2.160385847091675,1.4611804485321045,1.3632529973983765,1.374423623085022,1.1513800621032715,0.9267135262489319,0.6850870847702026,0.3680093288421631,0.0,0.37224680185317993,0.5693971514701843,0.8972260355949402,1.1616361141204834,1.484787940979004,1.7450183629989624,1.9917919635772705,1.9423502683639526,1.980817198753357,1.8445481061935425,1.6933836936950684,1.4271234273910522,1.0969284772872925,0.8583055138587952,0.7898690104484558,0.6448690891265869,0.9207451343536377,1.0285184383392334,1.3371142148971558,1.5479260683059692,1.8843380212783813,2.1906423568725586,1.8791173696517944,2.1011862754821777,1.9376171827316284,1.9539116621017456,1.8576877117156982,1.6951717138290405,1.9911751747131348,2.0502734184265137,1.8086432218551636,2.0981645584106445,1.9719836711883545,2.3191144466400146,2.265115261077881,2.621220350265503,2.7980804443359375,2.5921943187713623,2.742393732070923,2.556577444076538,2.416534185409546,2.3506007194519043,2.1986305713653564,2.4384822845458984,2.591083526611328,2.4504568576812744,2.6681435108184814,2.599668502807617,2.8773245811462402,2.80198335647583,3.1405386924743652,3.22653865814209
B9,2.523780345916748,2.3632194995880127,1.991546392440796,1.8334649801254272,1.7061471939086914,1.4289875030517578,1.4885644912719727,1.5926880836486816,1.3266685009002686,1.3871675729751587,1.2640835046768188,1.5703661441802979,1.5037535429000854,1.7961478233337402,1.8069148063659668,1.2752500772476196,1.2770854234695435,1.3334197998046875,1.1846909523010254,1.063644528388977,0.904793918132782,0.6704171895980835,0.37224680185317993,0.0,0.38974517583847046,0.5952567458152771,0.9279553890228271,1.1994259357452393,1.505409836769104,1.7622509002685547,1.989351749420166,2.0603766441345215,1.9620201587677002,1.816298246383667,1.5977809429168701,1.2596746683120728,1.0872794389724731,0.961287260055542,0.674181342124939,0.9024181962013245,0.8678545355796814,1.202824592590332,1.3323806524276733,1.7000492811203003,1.977447509765625,1.8528367280960083,2.0833330154418945,1.9561737775802612,1.9408700466156006,1.849417805671692,1.6390496492385864,1.8851128816604614,1.8857117891311646,1.605078935623169,1.8518157005310059,1.6908453702926636,2.0217556953430176,1.9415374994277954,2.2997074127197266,2.4767634868621826,2.388392448425293,2.5524420738220215,2.3964266777038574,2.269285202026367,2.2183477878570557,2.0566823482513428,2.2661993503570557,2.373122215270996,2.1985180377960205,2.3853538036346436,2.289562702178955,2.5480611324310303,2.4538042545318604,2.7838687896728516,2.860429525375366
B10,2.8973333835601807,2.7440154552459717,2.3753662109375,2.2114689350128174,2.088576078414917,1.7963111400604248,1.8454844951629639,1.916386365890503,1.6238343715667725,1.6233720779418945,1.4256144762039185,1.6758959293365479,1.523587942123413,1.7698206901550293,1.745857834815979,1.5458439588546753,1.569323182106018,1.6805299520492554,1.5525048971176147,1.4195556640625,1.229695200920105,0.9243305325508118,0.5693971514701843,0.38974517583847046,0.0,0.3763507604598999,0.5927627682685852,0.9240386486053467,1.1788663864135742,1.4441485404968262,1.8668771982192993,2.005213975906372,1.972684383392334,1.897800087928772,1.7241106033325195,1.4384127855300903,1.2052472829818726,0.9678784012794495,0.6730469465255737,0.7208892107009888,0.6269628405570984,0.8911747336387634,1.0320210456848145,1.3728545904159546,1.6817353963851929,1.8089979887008667,2.0979249477386475,2.0332586765289307,2.076387882232666,2.051952362060547,1.8808172941207886,2.127542018890381,2.0824778079986572,1.764294981956482,1.9744691848754883,1.7508831024169922,2.041522979736328,1.9107059240341187,2.2406954765319824,2.3629889488220215,2.4398131370544434,2.6548500061035156,2.544851064682007,2.4688875675201416,2.4691758155822754,2.345630407333374,2.5635569095611572,2.640054941177368,2.4258084297180176,2.5966763496398926,2.451470375061035,2.6902029514312744,2.5474202632904053,2.853445529937744,2.887005567550659
B11,3.0477964878082275,2.856299638748169,2.4978599548339844,2.2846407890319824,2.1371233463287354,1.8054107427597046,1.8301362991333008,1.8323767185211182,1.5145783424377441,1.441376805305481,1.1836988925933838,1.3809289932250977,1.1844013929367065,1.4093669652938843,1.3907060623168945,1.496151328086853,1.6101324558258057,1.7608425617218018,1.6981010437011719,1.6372004747390747,1.4999042749404907,1.2390422821044922,0.8972260355949402,0.5952567458152771,0.3763507604598999,0.0,0.38120222091674805,0.6070032715797424,0.9331222772598267,1.219373345375061,2.0099937915802,2.1773741245269775,2.1806323528289795,2.113320827484131,1.9786865711212158,1.6938903331756592,1.5111291408538818,1.2643345594406128,0.920435905456543,0.9054205417633057,0.6418176889419556,0.8678478598594666,0.8587234020233154,1.2232849597930908,1.4889917373657227,1.8914177417755127,2.182421922683716,2.1578874588012695,2.1748528480529785,2.1587870121002197,1.9551234245300293,2.1461572647094727,2.0409493446350098,1.6916600465774536,1.8354653120040894,1.5640689134597778,1.8121747970581055,1.6326199769973755,1.95219087600708,2.0577728748321533,2.322948455810547,2.5558722019195557,2.486660957336426,2.431666374206543,2.4512970447540283,2.3247227668762207,2.505366086959839,2.5290865898132324,2.279357671737671,2.406050443649292,2.22334623336792,2.4274556636810303,2.2520084381103516,2.5363733768463135,2.5461490154266357
B12,3.4121029376983643,3.2291250228881836,2.871098756790161,2.6601827144622803,2.5181796550750732,2.184382200241089,2.204463481903076,2.1937758922576904,1.8704705238342285,1.7646183967590332,1.472713828086853,1.6059812307357788,1.3418657779693604,1.4923866987228394,1.432137370109558,1.8229570388793945,1.9358065128326416,2.114266872406006,2.054701328277588,1.976083517074585,1.8148869276046753,1.516055703163147,1.1616361141204834,0.9279553890228271,0.5927627682685852,0.38120222091674805,0.0,0.3823910653591156,0.6043165326118469,0.9191126227378845,1.9924958944320679,2.2175371646881104,2.2786002159118652,2.2704713344573975,2.171302318572998,1.9293712377548218,1.7109659910202026,1.4099516868591309,1.1028692722320557,0.9501504302024841,0.6516910791397095,0.6932904124259949,0.6347425580024719,0.9352781772613525,1.2329058647155762,1.9513771533966064,2.2834527492523193,2.312664031982422,2.3770079612731934,2.411923885345459,2.243138551712036,2.435594081878662,2.302328109741211,1.9376089572906494,2.0475573539733887,1.7348078489303589,1.9291021823883057,1.7038785219192505,1.975386381149292,2.011730432510376,2.4523212909698486,2.725878953933716,2.6978540420532227,2.6857833862304688,2.7443931102752686,2.648663282394409,2.8359291553497314,2.8393073081970215,2.5649259090423584,2.6771552562713623,2.457916259765625,2.638410806655884,2.4224369525909424,2.673945665359497,2.6385462284088135
B13,3.5884339809417725,3.378955125808716,3.036463975906372,2.7872159481048584,2.640169620513916,2.2822558879852295,2.2967562675476074,2.223853349685669,1.8865827322006226,1.7304030656814575,1.3912380933761597,1.4458611011505127,1.1256914138793945,1.2241438627243042,1.1853961944580078,1.9303748607635498,2.1093344688415527,2.299086570739746,2.2769811153411865,2.2400057315826416,2.102801561355591,1.827808141708374,1.484787940979004,1.1994259357452393,0.9240386486053467,0.6070032715797424,0.3823910653591156,0.0,0.3901255130767822,0.6998485922813416,2.133631944656372,2.376966953277588,2.4694833755493164,2.4697773456573486,2.4088218212127686,2.1749837398529053,1.999622106552124,1.6984461545944214,1.3675919771194458,1.1981067657470703,0.8345583081245422,0.8183372616767883,0.5635591149330139,0.8341259360313416,1.0383104085922241,2.036179304122925,2.3601460456848145,2.4295663833618164,2.4744856357574463,2.5243189334869385,2.3408238887786865,2.4819142818450928,2.2945821285247803,1.9150092601776123,1.9524765014648438,1.6008883714675903,1.727471113204956,1.4508790969848633,1.6862070560455322,1.6864274740219116,2.3391175270080566,2.63069486618042,2.6498286724090576,2.667764902114868,2.7533764839172363,2.6695940494537354,2.8268229961395264,2.780205011367798,2.474259614944458,2.5453763008117676,2.2868728637695312,2.429070472717285,2.1770756244659424,2.3958492279052734,2.328754186630249
