,A1,A2,A3,A4,A5,A6,A7,A8,A9,A10,A11,A12,A13,A14,A15,B1,B2,B3,B4,B5,B6,B7,B8,B9,B10,B11,B12,B13,B14,B15,C1,C2,C3,C4,C5,C6,C7,C8,C9,C10,C11,C12,C13,C14,C15,D1,D2,D3,D4,D5,D6,D7,D8,D9,D10,D11,D12,D13,D14,D15,E1,E2,E3,E4,E5,E6,E7,E8,E9,E10,E11,E12,E13,E14,E15
A1,0.0,0.3818276524543762,0.5799993872642517,0.8793779015541077,1.1486846208572388,1.426491379737854,1.6407866477966309,1.933521032333374,2.013892412185669,2.376187562942505,2.541843891143799,2.877230167388916,3.0423245429992676,3.379082202911377,3.641298770904541,2.279313325881958,1.9980120658874512,1.8152661323547363,1.639593482017517,1.557293176651001,1.747235655784607,1.8935636281967163,2.1665842533111572,2.332921028137207,2.6382131576538086,2.8451197147369385,3.145263910293579,3.3376846313476562,3.6402273178100586,3.957188606262207,2.8046576976776123,2.634986400604248,2.5173373222351074,2.2920849323272705,2.2210423946380615,2.2680654525756836,2.4033336639404297,2.5650150775909424,2.7068395614624023,2.952810525894165,3.1562323570251465,3.4159207344055176,3.6294212341308594,3.917025089263916,4.263354778289795,3.4534714221954346,3.3730850219726562,3.3084380626678467,3.0216405391693115,2.9875121116638184,2.9003121852874756,2.9997689723968506,3.075916051864624,3.1742148399353027,3.3698949813842773,3.5538179874420166,3.774217128753662,4.011600971221924,4.266676425933838,4.620580196380615,4.2849507331848145,4.263591289520264,4.270156383514404,3.910414218902588,3.8681843280792236,3.6255030632019043,3.7053916454315186,3.6578257083892822,3.7136716842651367,3.8683478832244873,4.009592056274414,4.1670660972595215,4.391368865966797,4.456448554992676,4.801713943481445
A2,0.3818276524543762,0.0,0.39175090193748474,0.5867275595664978,0.864624559879303,1.1468287706375122,1.3788721561431885,1.6473543643951416,1.7462615966796875,2.0905261039733887,2.275514602661133,2.591850519180298,2.7846553325653076,3.1098430156707764,3.3937835693359375,2.1368019580841064,1.8948962688446045,1.7567235231399536,1.5248072147369385,1.4763963222503662,1.592673659324646,1.7410311698913574,1.9672383069992065,2.1300363540649414,2.401634931564331,2.6149022579193115,2.891225814819336,3.10483980178833,3.394369125366211,3.7276840209960938,2.7146050930023193,2.5925464630126953,2.508340358734131,2.2520596981048584,2.2024598121643066,2.1871984004974365,2.3112401962280273,2.4209840297698975,2.5462863445281982,2.7534291744232178,2.950418472290039,3.182276964187622,3.4078428745269775,3.6767890453338623,4.035152435302734,3.365187168121338,3.323719024658203,3.2861344814300537,2.9844822883605957,2.9727816581726074,2.8424642086029053,2.9348807334899902,2.964052677154541,3.042393207550049,3.200589895248413,3.371246099472046,3.562213897705078,3.802603244781494,4.034384727478027,4.396841049194336,4.192250728607178,4.2031331062316895,4.224443435668945,3.8632349967956543,3.843313455581665,3.576524496078491,3.653679609298706,3.5676329135894775,3.602053642272949,3.72359561920166,3.8459396362304688,3.9746298789978027,4.18882942199707,4.226215362548828,4.563541889190674
A3,0.5799993872642517,0.39175090193748474,0.0,0.3815852403640747,0.5775020122528076,0.8678799867630005,1.060820460319519,1.3604806661605835,1.467306137084961,1.8305132389068604,2.0288310050964355,2.3670902252197266,2.5568931102752686,2.9047844409942627,3.1737115383148193,1.8668771982192993,1.6526554822921753,1.470748782157898,1.2063419818878174,1.1097720861434937,1.221671462059021,1.3581573963165283,1.6044996976852417,1.7812081575393677,2.074155330657959,2.3005897998809814,2.596743106842041,2.8105690479278564,3.1208012104034424,3.444427490234375,2.374633550643921,2.264456272125244,2.1609485149383545,1.8856195211410522,1.822467565536499,1.7977696657180786,1.920831561088562,2.0378243923187256,2.171135425567627,2.3946001529693604,2.6040165424346924,2.8533496856689453,3.082252264022827,3.3689427375793457,3.719898223876953,2.997748851776123,2.9630444049835205,2.9153311252593994,2.6050095558166504,2.5884010791778564,2.4516825675964355,2.544609785079956,2.57603120803833,2.6576011180877686,2.8266170024871826,3.0061187744140625,3.211343765258789,3.456275224685669,3.7038867473602295,4.062191963195801,3.809173583984375,3.821448802947998,3.837043285369873,3.4741554260253906,3.454209804534912,3.1854023933410645,3.2659950256347656,3.1804306507110596,3.213902473449707,3.3431477546691895,3.4704644680023193,3.611086130142212,3.831238031387329,3.884951591491699,4.229155540466309
A4,0.8793779015541077,0.5867275595664978,0.3815852403640747,0.0,0.38593998551368713,0.5694292187690735,0.8572187423706055,1.0869088172912598,1.1598764657974243,1.5080522298812866,1.6964986324310303,2.020141124725342,2.2184481620788574,2.553945302963257,2.836500644683838,1.6293050050735474,1.449853777885437,1.3444077968597412,1.0490952730178833,1.0516895055770874,1.087175726890564,1.2787840366363525,1.4463578462600708,1.5723731517791748,1.8285205364227295,2.0325865745544434,2.3048479557037354,2.5208821296691895,2.811427116394043,3.1467843055725098,2.2226758003234863,2.1543989181518555,2.111877202987671,1.8322134017944336,1.83078134059906,1.7542258501052856,1.9016292095184326,1.9505953788757324,2.028637647628784,2.2103757858276367,2.385819435119629,2.607588529586792,2.828197717666626,3.0915586948394775,3.4514822959899902,2.8706188201904297,2.865262269973755,2.8640148639678955,2.558687210083008,2.5906734466552734,2.4253733158111572,2.540625810623169,2.520533800125122,2.5541763305664062,2.687751293182373,2.8304603099823,3.0088815689086914,3.2369673252105713,3.4598915576934814,3.8224854469299316,3.7019214630126953,3.738055944442749,3.7856855392456055,3.432455539703369,3.4523730278015137,3.173100233078003,3.2748188972473145,3.153127670288086,3.144314765930176,3.2464122772216797,3.335920572280884,3.4535322189331055,3.6469383239746094,3.676325559616089,4.004364967346191
A5,1.1486846208572388,0.864624559879303,0.5775020122528076,0.38593998551368713,0.0,0.378370076417923,0.5167179107666016,0.8051007986068726,0.9818699359893799,1.3204972743988037,1.5764826536178589,1.8958373069763184,2.131789445877075,2.477050304412842,2.7639987468719482,1.6334599256515503,1.5338057279586792,1.4030389785766602,1.0458931922912598,0.9744383692741394,0.8954571485519409,0.9968665242195129,1.147026777267456,1.3335729837417603,1.575162649154663,1.8301690816879272,2.0998103618621826,2.3521909713745117,2.658447504043579,2.9972598552703857,2.127955198287964,2.1112637519836426,2.0462422370910645,1.7220168113708496,1.682931900024414,1.541535496711731,1.630303978919983,1.6527080535888672,1.762735366821289,1.925335168838501,2.1365156173706055,2.351421594619751,2.605700731277466,2.876875638961792,3.238992691040039,2.7044801712036133,2.7385447025299072,2.7228355407714844,2.391648530960083,2.403679132461548,2.196929454803467,2.2719244956970215,2.2259180545806885,2.2769885063171387,2.3879809379577637,2.553509473800659,2.720170021057129,2.975332736968994,3.1985316276550293,3.5659992694854736,3.4768803119659424,3.539804220199585,3.570496082305908,3.2097554206848145,3.22192645072937,2.919922351837158,2.994926691055298,2.8512790203094482,2.850949287414551,2.930821418762207,3.032353401184082,3.1352555751800537,3.345048666000366,3.3685193061828613,3.7064990997314453
A6,1.426491379737854,1.1468287706375122,0.8678799867630005,0.5694292187690735,0.378370076417923,0.0,0.3853429853916168,0.5274621248245239,0.6158348321914673,0.9660290479660034,1.2010308504104614,1.5284295082092285,1.7545888423919678,2.1035265922546387,2.386249303817749,1.311936855316162,1.2662932872772217,1.1989787817001343,0.8315328359603882,0.8665330410003662,0.7095413208007812,0.8995383381843567,0.9511471390724182,1.048811674118042,1.2694655656814575,1.4892462491989136,1.753517985343933,1.9933594465255737,2.2921080589294434,2.6323463916778564,1.852919578552246,1.8739126920700073,1.8674440383911133,1.5540205240249634,1.5880330801010132,1.4135046005249023,1.5512179136276245,1.5102335214614868,1.541968584060669,1.676784873008728,1.8423997163772583,2.046401023864746,2.2792422771453857,2.539212465286255,2.9030630588531494,2.450725555419922,2.503872871398926,2.5335867404937744,2.2186172008514404,2.285609006881714,2.0679328441619873,2.1843793392181396,2.0983216762542725,2.0894196033477783,2.180525064468384,2.301140308380127,2.4573400020599365,2.6850922107696533,2.897155284881592,3.2629597187042236,3.2499728202819824,3.3247199058532715,3.3899664878845215,3.0447933673858643,3.1000800132751465,2.8016257286071777,2.912919759750366,2.746539831161499,2.697166681289673,2.7659454345703125,2.8253724575042725,2.9221725463867188,3.1006181240081787,3.1171634197235107,3.439708709716797
A7,1.6407866477966309,1.3788721561431885,1.060820460319519,0.8572187423706055,0.5167179107666016,0.3853429853916168,0.0,0.36995062232017517,0.6451115608215332,0.9447852373123169,1.2539379596710205,1.5652484893798828,1.8204365968704224,2.1749324798583984,2.4486730098724365,1.4572149515151978,1.4803931713104248,1.3648029565811157,0.9807102084159851,0.9011857509613037,0.629585325717926,0.6460361480712891,0.6717743277549744,0.882079541683197,1.092134952545166,1.387037754058838,1.6534209251403809,1.9314457178115845,2.2521626949310303,2.585747718811035,1.8302991390228271,1.8964344263076782,1.8470346927642822,1.4939426183700562,1.4680827856063843,1.2281317710876465,1.2822774648666382,1.2165539264678955,1.3044333457946777,1.426873803138733,1.6512216329574585,1.8570762872695923,2.1324615478515625,2.409566879272461,2.769317626953125,2.324878692626953,2.414577007293701,2.414430618286133,2.0722858905792236,2.1038331985473633,1.8455634117126465,1.908656358718872,1.8014024496078491,1.8247215747833252,1.8981698751449585,2.058366060256958,2.210401773452759,2.475940227508545,2.697760581970215,3.0664713382720947,3.0451087951660156,3.1432626247406006,3.180718421936035,2.8259084224700928,2.8629987239837646,2.5422754287719727,2.619019031524658,2.435296058654785,2.4047508239746094,2.455188751220703,2.5389678478240967,2.6268677711486816,2.832946300506592,2.8522236347198486,3.1921584606170654
A8,1.933521032333374,1.6473543643951416,1.3604806661605835,1.0869088172912598,0.8051007986068726,0.5274621248245239,0.36995062232017517,0.0,0.37712186574935913,0.591729462146759,0.9326353073120117,1.2144179344177246,1.4942994117736816,1.8349379301071167,2.1202027797698975,1.3388768434524536,1.4422290325164795,1.4137367010116577,1.0534884929656982,1.079260230064392,0.7513529658317566,0.8137678503990173,0.6523575782775879,0.732300341129303,0.8343102335929871,1.1062127351760864,1.3312698602676392,1.625306487083435,1.924805760383606,2.272113084793091,1.745766043663025,1.8736414909362793,1.8924956321716309,1.5591243505477905,1.6026798486709595,1.3220876455307007,1.3958536386489868,1.2330137491226196,1.2233734130859375,1.2600898742675781,1.4284430742263794,1.586915135383606,1.8564984798431396,2.1037487983703613,2.474571466445923,2.229666233062744,2.359849691390991,2.4125263690948486,2.0898678302764893,2.1756296157836914,1.8960652351379395,1.9814279079437256,1.8117257356643677,1.7661510705947876,1.78157377243042,1.884871006011963,1.9944336414337158,2.2371749877929688,2.426011800765991,2.7995569705963135,2.9462730884552,3.073986291885376,3.1468656063079834,2.812260866165161,2.89497709274292,2.5722789764404297,2.67161226272583,2.4505014419555664,2.366180419921875,2.3786232471466064,2.409623622894287,2.465104818344116,2.6337473392486572,2.622281551361084,2.9411416053771973
A9,2.013892412185669,1.7462615966796875,1.467306137084961,1.1598764657974243,0.9818699359893799,0.6158348321914673,0.6451115608215332,0.37712186574935913,0.0,0.3821799159049988,0.6158179044723511,0.9539595246315002,1.181554913520813,1.5420820713043213,1.8123892545700073,0.9961813688278198,1.1351996660232544,1.1816051006317139,0.8719254732131958,1.021039605140686,0.732947826385498,0.9367124438285828,0.756047248840332,0.6415838003158569,0.746739387512207,0.9028121829032898,1.1461564302444458,1.384196162223816,1.6777740716934204,2.0216028690338135,1.501054048538208,1.6326286792755127,1.719786286354065,1.4324969053268433,1.5647060871124268,1.317889928817749,1.484067678451538,1.3144114017486572,1.201885461807251,1.245069146156311,1.3234308958053589,1.4908690452575684,1.6977561712265015,1.93776535987854,2.304654836654663,2.0587072372436523,2.173185110092163,2.2755160331726074,1.9899247884750366,2.137002468109131,1.8891609907150269,2.0448241233825684,1.877507209777832,1.767145037651062,1.7980180978775024,1.838025450706482,1.9602352380752563,2.1466217041015625,2.3345658779144287,2.6974477767944336,2.847806692123413,2.959313154220581,3.0736849308013916,2.760075569152832,2.883239984512329,2.587571859359741,2.7403564453125,2.5287294387817383,2.3998076915740967,2.4321351051330566,2.4192144870758057,2.4930224418640137,2.6193723678588867,2.6193361282348633,2.915731191635132
A10,2.376187562942505,2.0905261039733887,1.8305132389068604,1.5080522298812866,1.3204972743988037,0.9660290479660034,0.9447852373123169,0.591729462146759,0.3821799159049988,0.0,0.38137710094451904,0.6263763308525085,0.9157208800315857,1.2474538087844849,1.535514235496521,1.1270761489868164,1.3542267084121704,1.4646469354629517,1.202309489250183,1.3673114776611328,1.0567011833190918,1.2016398906707764,0.9208113551139832,0.7277759909629822,0.6208235025405884,0.7050639390945435,0.845001220703125,1.117258906364441,1.3740432262420654,1.7371116876602173,1.5749961137771606,1.7793645858764648,1.9144350290298462,1.6503249406814575,1.808314323425293,1.5255366563796997,1.662609577178955,1.4162598848342896,1.2366628646850586,1.1624363660812378,1.1673418283462524,1.2481719255447388,1.449829339981079,1.641174554824829,2.0197699069976807,2.0554425716400146,2.2240240573883057,2.368398904800415,2.1039986610412598,2.282802104949951,2.0110602378845215,2.158538818359375,1.9322510957717896,1.7694265842437744,1.7242097854614258,1.7040631771087646,1.760986566543579,1.922393798828125,2.0614025592803955,2.42720627784729,2.788794994354248,2.940091133117676,3.0802903175354004,2.790952444076538,2.9498696327209473,2.6506102085113525,2.8064754009246826,2.5569887161254883,2.385063648223877,2.3666858673095703,2.3026390075683594,2.3301453590393066,2.4163858890533447,2.3755176067352295,2.6449203491210938
A11,2.541843891143799,2.275514602661133,2.0288310050964355,1.6964986324310303,1.5764826536178589,1.2010308504104614,1.2539379596710205,0.9326353073120117,0.6158179044723511,0.38137710094451904,0.0,0.3836640417575836,0.5672274231910706,0.9296432137489319,1.199547290802002,0.9314566254615784,1.2097420692443848,1.4075069427490234,1.234793782234192,1.4789329767227173,1.226974606513977,1.439534306526184,1.175301432609558,0.8839528560638428,0.7725691795349121,0.6546615362167358,0.7550361156463623,0.9138873219490051,1.1350971460342407,1.4910428524017334,1.4436308145523071,1.6566314697265625,1.865899682044983,1.666688323020935,1.8957668542861938,1.6544917821884155,1.8531895875930786,1.6134867668151855,1.3611923456192017,1.2895216941833496,1.1868984699249268,1.253723382949829,1.356735110282898,1.5168228149414062,1.8797345161437988,1.967517614364624,2.121976613998413,2.32100248336792,2.106685161590576,2.340424060821533,2.105452299118042,2.3079349994659424,2.088794708251953,1.8723042011260986,1.8377591371536255,1.7487800121307373,1.8081175088882446,1.894804835319519,2.01971435546875,2.3625450134277344,2.7495474815368652,2.885767698287964,3.069279432296753,2.8096742630004883,3.007859706878662,2.7402584552764893,2.941572904586792,2.7037618160247803,2.4928412437438965,2.490020990371704,2.3813366889953613,2.4221909046173096,2.4583704471588135,2.4264700412750244,2.66133451461792
A12,2.877230167388916,2.591850519180298,2.3670902252197266,2.020141124725342,1.8958373069763184,1.5284295082092285,1.5652484893798828,1.2144179344177246,0.9539595246315002,0.6263763308525085,0.3836640417575836,0.0,0.37778910994529724,0.6305903792381287,0.9500816464424133,1.2446919679641724,1.5405939817428589,1.77118718624115,1.6166237592697144,1.8606033325195312,1.5955989360809326,1.7750663757324219,1.4744211435317993,1.186028003692627,0.9681900143623352,0.7861325740814209,0.6882967352867126,0.8264736533164978,0.9274121522903442,1.3027626276016235,1.6980524063110352,1.9486333131790161,2.1854641437530518,2.0051658153533936,2.2397141456604004,1.9810431003570557,2.152449369430542,1.873613715171814,1.598066806793213,1.442704439163208,1.2764877080917358,1.2299753427505493,1.2945330142974854,1.3576974868774414,1.7198548316955566,2.1392905712127686,2.3316566944122314,2.5620007514953613,2.3706321716308594,2.6206679344177246,2.3732948303222656,2.5620133876800537,2.3052544593811035,2.058978319168091,1.9605048894882202,1.8167695999145508,1.8002638816833496,1.8438268899917603,1.8944932222366333,2.2268998622894287,2.850478172302246,3.019895553588867,3.226045608520508,2.993342876434326,3.2178845405578613,2.951491117477417,3.149857759475708,2.884950876235962,2.644347667694092,2.5951669216156006,2.4403648376464844,2.430670738220215,2.4182345867156982,2.3366196155548096,2.526637554168701
A13,3.0423245429992676,2.7846553325653076,2.5568931102752686,2.2184481620788574,2.131789445877075,1.7545888423919678,1.8204365968704224,1.4942994117736816,1.181554913520813,0.9157208800315857,0.5672274231910706,0.37778910994529724,0.0,0.3939655125141144,0.6345583200454712,1.1485917568206787,1.472123622894287,1.747361183166504,1.6739157438278198,1.9538395404815674,1.7356092929840088,1.951878309249878,1.6703097820281982,1.3311792612075806,1.1469391584396362,0.860369861125946,0.7625274062156677,0.7133220434188843,0.7521830797195435,1.0843433141708374,1.571664810180664,1.8230139017105103,2.1133289337158203,1.9965097904205322,2.2797276973724365,2.061340808868408,2.2777020931243896,2.0146682262420654,1.6945757865905762,1.5636987686157227,1.328490138053894,1.2951509952545166,1.2511178255081177,1.2916145324707031,1.611185908317566,2.0208632946014404,2.193192958831787,2.466381788253784,2.326497793197632,2.617816686630249,2.409792184829712,2.643428087234497,2.4032070636749268,2.1204416751861572,2.0464282035827637,1.8546198606491089,1.8588612079620361,1.8312865495681763,1.883988857269287,2.179595708847046,2.762153387069702,2.9094326496124268,3.151454448699951,2.949424982070923,3.204770803451538,2.9731218814849854,3.2114360332489014,2.9659154415130615,2.6976940631866455,2.67360782623291,2.488741636276245,2.505650043487549,2.454528331756592,2.400726318359375,2.5618481636047363
A14,3.379082202911377,3.1098430156707764,2.9047844409942627,2.553945302963257,2.477050304412842,2.1035265922546387,2.1749324798583984,1.8349379301071167,1.5420820713043213,1.2474538087844849,0.9296432137489319,0.6305903792381287,0.3939655125141144,0.0,0.37904098629951477,1.5039246082305908,1.8145720958709717,2.115041732788086,2.0569677352905273,2.345114231109619,2.1262495517730713,2.334214687347412,2.0391552448272705,1.7062534093856812,1.4837466478347778,1.1890608072280884,0.9927446842193604,0.892054557800293,0.7432500123977661,1.024241328239441,1.9007272720336914,2.1599719524383545,2.470669746398926,2.3743741512298584,2.663942337036133,2.443021774291992,2.6483826637268066,2.3683061599731445,2.0394158363342285,1.8674001693725586,1.5990192890167236,1.4891424179077148,1.3935315608978271,1.3226721286773682,1.600730538368225,2.289721965789795,2.476919174194336,2.77490234375,2.6612706184387207,2.965198278427124,2.7576284408569336,2.9861178398132324,2.727262020111084,2.426938533782959,2.3151769638061523,2.084001302719116,2.031647205352783,1.9528906345367432,1.9305682182312012,2.1919708251953125,2.968134880065918,3.1331589221954346,3.3978121280670166,3.224815607070923,3.5015926361083984,3.2789430618286133,3.5189337730407715,3.2596776485443115,2.9704294204711914,2.916365623474121,2.6949076652526855,2.674361228942871,2.5746355056762695,2.481518507003784,2.5864670276641846
A15,3.641298770904541,3.3937835693359375,3.1737115383148193,2.836500644683838,2.7639987468719482,2.386249303817749,2.4486730098724365,2.1202027797698975,1.8123892545700073,1.535514235496521,1.199547290802002,0.9500816464424133,0.6345583200454712,0.37904098629951477,0.0,1.6036529541015625,1.932275414466858,2.2354114055633545,2.230185031890869,2.5192646980285645,2.3216311931610107,2.5301291942596436,2.238229751586914,1.880049467086792,1.6636842489242554,1.3209372758865356,1.1191253662109375,0.8922243714332581,0.6511989235877991,0.7985111474990845,1.8752299547195435,2.145577907562256,2.483983039855957,2.4390134811401367,2.752378463745117,2.5544626712799072,2.7746615409851074,2.4983069896698,2.1397480964660645,1.9709447622299194,1.654294729232788,1.5395722389221191,1.3519442081451416,1.2410582304000854,1.4445120096206665,2.195063352584839,2.3791167736053467,2.708941698074341,2.645787239074707,2.976891040802002,2.797961950302124,3.0492966175079346,2.796311855316162,2.466636896133423,2.3604013919830322,2.0863356590270996,2.0373661518096924,1.8900701999664307,1.856835961341858,2.0669660568237305,2.838723659515381,2.994412899017334,3.2889230251312256,3.154674768447876,3.459796190261841,3.2700350284576416,3.5367136001586914,3.2895755767822266,2.9743893146514893,2.9301421642303467,2.6774396896362305,2.670541286468506,2.529648780822754,2.4590024948120117,2.5279994010925293
B1,2.279313325881958,2.1368019580841064,1.8668771982192993,1.6293050050735474,1.6334599256515503,1.311936855316162,1.4572149515151978,1.3388768434524536,0.9961813688278198,1.1270761489868164,0.9314566254615784,1.2446919679641724,1.1485917568206787,1.5039246082305908,1.6036529541015625,0.0,0.3876401484012604,0.6334277391433716,0.7282529473304749,1.0597172975540161,1.0515544414520264,1.3954161405563354,1.328360915184021,1.0394196510314941,1.22261381149292,1.096964955329895,1.3764292001724243,1.3461105823516846,1.616317629814148,1.8426556587219238,0.8833135366439819,0.9036230444908142,1.1659376621246338,1.0988202095031738,1.4273537397384644,1.375244140625,1.724049687385559,1.6474239826202393,1.4100993871688843,1.5637342929840088,1.4853593111038208,1.726130485534668,1.7353965044021606,1.9867944717407227,2.2673346996307373,1.648296594619751,1.6310445070266724,1.8216384649276733,1.6715564727783203,1.9369277954101562,1.8419100046157837,2.155412435531616,2.0763425827026367,1.8820983171463013,2.0246787071228027,1.9710536003112793,2.182910919189453,2.233039379119873,2.4664371013641357,2.757721185684204,2.606837749481201,2.616502046585083,2.8051795959472656,2.550981283187866,2.735246181488037,2.5453641414642334,2.8186540603637695,2.6896653175354004,2.5070013999938965,2.641085624694824,2.579063653945923,2.748129367828369,2.8081443309783936,2.8958420753479004,3.151390552520752
B2,1.9980120658874512,1.8948962688446045,1.6526554822921753,1.449853777885437,1.5338057279586792,1.2662932872772217,1.4803931713104248,1.4422290325164795,1.1351996660232544,1.3542267084121704,1.2097420692443848,1.5405939817428589,1.472123622894287,1.8145720958709717,1.932275414466858,0.3876401484012604,0.0,0.3954891264438629,0.599442183971405,0.958625316619873,1.0735067129135132,1.452885389328003,1.4787304401397705,1.2663532495498657,1.5111461877822876,1.445073127746582,1.7373915910720825,1.7298091650009155,1.9950350522994995,2.2239201068878174,1.1184637546539307,1.0037750005722046,1.2018753290176392,1.1491646766662598,1.445238471031189,1.4668490886688232,1.8297443389892578,1.8232985734939575,1.651041865348816,1.8542797565460205,1.8253940343856812,2.0841822624206543,2.114231586456299,2.3721566200256348,2.6542210578918457,1.9098975658416748,1.832011103630066,1.9763176441192627,1.82236909866333,2.0479116439819336,1.9905322790145874,2.3013792037963867,2.2743096351623535,2.1289587020874023,2.309394598007202,2.29634952545166,2.527398109436035,2.598335027694702,2.8430159091949463,3.1370482444763184,2.88403058052063,2.859168291091919,3.0247552394866943,2.757112741470337,2.9056949615478516,2.7256298065185547,2.9896793365478516,2.893656015396118,2.7496731281280518,2.9113595485687256,2.8845460414886475,3.0700011253356934,3.154144287109375,3.2508890628814697,3.519310235977173
B3,1.8152661323547363,1.7567235231399536,1.470748782157898,1.3444077968597412,1.4030389785766602,1.1989787817001343,1.3648029565811157,1.4137367010116577,1.1816051006317139,1.4646469354629517,1.4075069427490234,1.77118718624115,1.747361183166504,2.115041732788086,2.2354114055633545,0.6334277391433716,0.3954891264438629,0.0,0.3847696781158447,0.6453021168708801,0.8636996150016785,1.2227367162704468,1.336240530014038,1.2012547254562378,1.5203803777694702,1.529596209526062,1.868078351020813,1.8955268859863281,2.2052314281463623,2.429029941558838,1.0722525119781494,0.8881237506866455,0.9558397531509399,0.8646777272224426,1.113296389579773,1.1921625137329102,1.560179591178894,1.6245663166046143,1.5194437503814697,1.7897050380706787,1.829756498336792,2.134645938873291,2.2025094032287598,2.5035996437072754,2.7820968627929688,1.829568862915039,1.7214244604110718,1.7909218072891235,1.6032564640045166,1.7753568887710571,1.739168643951416,2.039351224899292,2.0639758110046387,1.9731550216674805,2.2023847103118896,2.2480244636535645,2.517956018447876,2.6284024715423584,2.911264419555664,3.2081847190856934,2.7848622798919678,2.738325595855713,2.859543800354004,2.567281723022461,2.6714985370635986,2.491520881652832,2.7388250827789307,2.6748032569885254,2.5744788646698,2.7688796520233154,2.7910618782043457,3.005497932434082,3.131481885910034,3.2581989765167236,3.5557773113250732
B4,1.639593482017517,1.5248072147369385,1.2063419818878174,1.0490952730178833,1.0458931922912598,0.8315328359603882,0.9807102084159851,1.0534884929656982,0.8719254732131958,1.202309489250183,1.234793782234192,1.6166237592697144,1.6739157438278198,2.0569677352905273,2.230185031890869,0.7282529473304749,0.599442183971405,0.3847696781158447,0.0,0.38279008865356445,0.5255262851715088,0.9070361256599426,1.0264543294906616,0.9529414176940918,1.288797378540039,1.376754641532898,1.7207790613174438,1.8228731155395508,2.1502699851989746,2.415602207183838,1.1962534189224243,1.1086176633834839,1.1221425533294678,0.897163987159729,1.0632154941558838,1.0423074960708618,1.3616812229156494,1.4022393226623535,1.3418912887573242,1.5964113473892212,1.690206527709961,1.984732985496521,2.1138973236083984,2.419139862060547,2.729039192199707,1.9002584218978882,1.856321930885315,1.9009970426559448,1.6483157873153687,1.7790063619613647,1.670125126838684,1.9159328937530518,1.9080328941345215,1.8466523885726929,2.0456695556640625,2.1259076595306396,2.3740732669830322,2.5309226512908936,2.8045105934143066,3.127721071243286,2.8096835613250732,2.8060901165008545,2.9022903442382812,2.582989454269409,2.667318105697632,2.440312147140503,2.6445937156677246,2.5473408699035645,2.4654085636138916,2.627171516418457,2.668139696121216,2.854344129562378,3.005223035812378,3.1060523986816406,3.4201459884643555
B5,1.557293176651001,1.4763963222503662,1.1097720861434937,1.0516895055770874,0.9744383692741394,0.8665330410003662,0.9011857509613037,1.079260230064392,1.021039605140686,1.3673114776611328,1.4789329767227173,1.8606033325195312,1.9538395404815674,2.345114231109619,2.5192646980285645,1.0597172975540161,0.958625316619873,0.6453021168708801,0.38279008865356445,0.0,0.3808070719242096,0.662174642086029,0.9074006080627441,0.9641640782356262,1.341532826423645,1.5075002908706665,1.869344711303711,2.0057008266448975,2.359816312789917,2.6188201904296875,1.2969846725463867,1.2001068592071533,1.0831643342971802,0.7853941321372986,0.8111897706985474,0.806838870048523,1.0869638919830322,1.207045316696167,1.2485116720199585,1.5532505512237549,1.7238237857818604,2.0445919036865234,2.2141778469085693,2.548105239868164,2.8520467281341553,1.9000924825668335,1.8533793687820435,1.8209868669509888,1.52489173412323,1.5762380361557007,1.46249520778656,1.6645535230636597,1.7017147541046143,1.71222984790802,1.944881796836853,2.0904059410095215,2.3624649047851562,2.5620765686035156,2.8619818687438965,3.186211347579956,2.746591329574585,2.7369863986968994,2.7827236652374268,2.438674211502075,2.471867561340332,2.23258113861084,2.4007203578948975,2.3261361122131348,2.296325922012329,2.47754168510437,2.5714848041534424,2.774771213531494,2.9688384532928467,3.09069561958313,3.4303300380706787
B6,1.747235655784607,1.592673659324646,1.221671462059021,1.087175726890564,0.8954571485519409,0.7095413208007812,0.629585325717926,0.7513529658317566,0.732947826385498,1.0567011833190918,1.226974606513977,1.5955989360809326,1.7356092929840088,2.1262495517730713,2.3216311931610107,1.0515544414520264,1.0735067129135132,0.8636996150016785,0.5255262851715088,0.3808070719242096,0.0,0.38949787616729736,0.5427446961402893,0.6288213729858398,0.9966447353363037,1.2135851383209229,1.5652011632919312,1.7490675449371338,2.1080071926116943,2.3874807357788086,1.2742820978164673,1.2930307388305664,1.2189357280731201,0.8716896176338196,0.8980720639228821,0.7185809016227722,0.93642657995224,0.9505602717399597,0.9796960353851318,1.237707257270813,1.4298707246780396,1.729262113571167,1.9360783100128174,2.2638208866119385,2.584993600845337,1.8152884244918823,1.846585988998413,1.8390856981277466,1.5151978731155396,1.5800156593322754,1.3818799257278442,1.5467240810394287,1.5043987035751343,1.4950764179229736,1.6724716424942017,1.8177534341812134,2.05824875831604,2.279909610748291,2.562533378601074,2.9020743370056152,2.6159331798553467,2.658726453781128,2.7098381519317627,2.3621692657470703,2.4150006771087646,2.1370391845703125,2.285377025604248,2.154874801635742,2.1030702590942383,2.236034393310547,2.3152849674224854,2.4838597774505615,2.6781980991363525,2.7725722789764404,3.114145517349243
B7,1.8935636281967163,1.7410311698913574,1.3581573963165283,1.2787840366363525,0.9968665242195129,0.8995383381843567,0.6460361480712891,0.8137678503990173,0.9367124438285828,1.2016398906707764,1.439534306526184,1.7750663757324219,1.951878309249878,2.334214687347412,2.5301291942596436,1.3954161405563354,1.452885389328003,1.2227367162704468,0.9070361256599426,0.662174642086029,0.38949787616729736,0.0,0.3803066909313202,0.6748268008232117,1.0042176246643066,1.300569772720337,1.635252594947815,1.85971999168396,2.2294275760650635,2.501330852508545,1.4468669891357422,1.5051355361938477,1.3638396263122559,0.9841067790985107,0.8775691390037537,0.6055064797401428,0.6532315611839294,0.6813881397247314,0.8510576486587524,1.1131199598312378,1.3925564289093018,1.6900516748428345,1.9465460777282715,2.2872931957244873,2.6005892753601074,1.8344486951828003,1.9036242961883545,1.8414266109466553,1.4796972274780273,1.4694346189498901,1.2173106670379639,1.2909635305404663,1.2419294118881226,1.3074771165847778,1.478498101234436,1.6926935911178589,1.9323384761810303,2.2042031288146973,2.4974982738494873,2.838015556335449,2.5204784870147705,2.586822271347046,2.5912699699401855,2.225217819213867,2.2378220558166504,1.9280744791030884,2.020543336868286,1.8778166770935059,1.8702104091644287,1.9901773929595947,2.117142915725708,2.280431032180786,2.517505645751953,2.6178503036499023,2.9814586639404297
B8,2.1665842533111572,1.9672383069992065,1.6044996976852417,1.4463578462600708,1.147026777267456,0.9511471390724182,0.6717743277549744,0.6523575782775879,0.756047248840332,0.9208113551139832,1.175301432609558,1.4744211435317993,1.6703097820281982,2.0391552448272705,2.238229751586914,1.328360915184021,1.4787304401397705,1.336240530014038,1.0264543294906616,0.9074006080627441,0.5427446961402893,0.3803066909313202,0.0,0.3828156590461731,0.6415534615516663,0.9713907241821289,1.2822177410125732,1.5357311964035034,1.8989202976226807,2.180849075317383,1.376356601715088,1.5275537967681885,1.4645332098007202,1.1039843559265137,1.0864912271499634,0.7402516603469849,0.7696741819381714,0.5875150561332703,0.6368144750595093,0.7989851832389832,1.069329023361206,1.336032748222351,1.6123816967010498,1.9386712312698364,2.2645249366760254,1.7195831537246704,1.8567876815795898,1.852638602256775,1.504826545715332,1.5560834407806396,1.254590392112732,1.3316943645477295,1.1736518144607544,1.1564329862594604,1.2442233562469482,1.4169514179229736,1.6157729625701904,1.8873753547668457,2.1566576957702637,2.5085620880126953,2.3802716732025146,2.494410276412964,2.5319700241088867,2.184147357940674,2.247648000717163,1.9226614236831665,2.0271685123443604,1.8233766555786133,1.7535052299499512,1.8158314228057861,1.891272783279419,2.015178680419922,2.226881980895996,2.296372413635254,2.6502130031585693
B9,2.332921028137207,2.1300363540649414,1.7812081575393677,1.5723731517791748,1.3335729837417603,1.048811674118042,0.882079541683197,0.732300341129303,0.6415838003158569,0.7277759909629822,0.8839528560638428,1.186028003692627,1.3311792612075806,1.7062534093856812,1.880049467086792,1.0394196510314941,1.2663532495498657,1.2012547254562378,0.9529414176940918,0.9641640782356262,0.6288213729858398,0.6748268008232117,0.3828156590461731,0.0,0.3861415386199951,0.6270419359207153,0.974005401134491,1.1861628293991089,1.5546996593475342,1.8323465585708618,1.0992083549499512,1.3039089441299438,1.3344637155532837,1.0266906023025513,1.1387572288513184,0.8221831321716309,0.9714035987854004,0.7438360452651978,0.5634382367134094,0.6790140867233276,0.8237671256065369,1.1022436618804932,1.3247684240341187,1.648972988128662,1.9768736362457275,1.4992012977600098,1.6505987644195557,1.7214964628219604,1.4180082082748413,1.5631376504898071,1.2868989706039429,1.4504308700561523,1.2644914388656616,1.1302443742752075,1.2000495195388794,1.2724038362503052,1.4696630239486694,1.6800880432128906,1.9426554441452026,2.2898223400115967,2.234990358352661,2.3505780696868896,2.4450111389160156,2.1270549297332764,2.253793716430664,1.9565012454986572,2.123910665512085,1.91289222240448,1.769559621810913,1.8305435180664062,1.8332834243774414,1.9596199989318848,2.113504409790039,2.181922197341919,2.5085110664367676
B10,2.6382131576538086,2.401634931564331,2.074155330657959,1.8285205364227295,1.575162649154663,1.2694655656814575,1.092134952545166,0.8343102335929871,0.746739387512207,0.6208235025405884,0.7725691795349121,0.9681900143623352,1.1469391584396362,1.4837466478347778,1.6636842489242554,1.22261381149292,1.5111461877822876,1.5203803777694702,1.288797378540039,1.341532826423645,0.9966447353363037,1.0042176246643066,0.6415534615516663,0.3861415386199951,0.0,0.37702324986457825,0.6422246694564819,0.9242780804634094,1.2730551958084106,1.5687958002090454,1.271982192993164,1.548689365386963,1.6317356824874878,1.3590830564498901,1.485101580619812,1.1496872901916504,1.2331836223602295,0.9172592759132385,0.670699417591095,0.5434786677360535,0.6005571484565735,0.7807796597480774,1.0407905578613281,1.3309475183486938,1.6807361841201782,1.5612096786499023,1.7833256721496582,1.899271011352539,1.6241719722747803,1.7940266132354736,1.4906532764434814,1.6214017868041992,1.3567899465560913,1.1624044179916382,1.1063876152038574,1.1050809621810913,1.2146399021148682,1.4186052083969116,1.6331459283828735,1.995943307876587,2.207587718963623,2.3785088062286377,2.497485637664795,2.207606554031372,2.370603322982788,2.065319776535034,2.2225098609924316,1.9601832628250122,1.7689262628555298,1.753942608833313,1.695966362953186,1.757973074913025,1.8738758563995361,1.8919048309326172,2.200324296951294
B11,2.8451197147369385,2.6149022579193115,2.3005897998809814,2.0325865745544434,1.8301690816879272,1.4892462491989136,1.387037754058838,1.1062127351760864,0.9028121829032898,0.7050639390945435,0.6546615362167358,0.7861325740814209,0.860369861125946,1.1890608072280884,1.3209372758865356,1.096964955329895,1.445073127746582,1.529596209526062,1.376754641532898,1.5075002908706665,1.2135851383209229,1.300569772720337,0.9713907241821289,0.6270419359207153,0.37702324986457825,0.0,0.3746734857559204,0.5670444369316101,0.9301503896713257,1.2203575372695923,1.1349118947982788,1.4527016878128052,1.6213475465774536,1.4224166870117188,1.6287882328033447,1.3403091430664062,1.4886475801467896,1.1873160600662231,0.8544905185699463,0.7082663774490356,0.5351512432098389,0.6676055788993835,0.8019618391990662,1.0734730958938599,1.4209632873535156,1.436648964881897,1.6673457622528076,1.8563973903656006,1.643733024597168,1.8831520080566406,1.6207576990127563,1.81087327003479,1.5493420362472534,1.2803404331207275,1.2163419723510742,1.0976414680480957,1.1886484622955322,1.2896413803100586,1.4823719263076782,1.8267368078231812,2.1254167556762695,2.2932326793670654,2.4678094387054443,2.2183871269226074,2.4348268508911133,2.16675066947937,2.3740384578704834,2.119374990463257,1.874089002609253,1.8632084131240845,1.7359552383422852,1.7997963428497314,1.8432024717330933,1.8614799976348877,2.1254444122314453
B12,3.145263910293579,2.891225814819336,2.596743106842041,2.3048479557037354,2.0998103618621826,1.753517985343933,1.6534209251403809,1.3312698602676392,1.1461564302444458,0.845001220703125,0.7550361156463623,0.6882967352867126,0.7625274062156677,0.9927446842193604,1.1191253662109375,1.3764292001724243,1.7373915910720825,1.868078351020813,1.7207790613174438,1.869344711303711,1.5652011632919312,1.635252594947815,1.2822177410125732,0.974005401134491,0.6422246694564819,0.3746734857559204,0.0,0.3755389153957367,0.6523211598396301,0.9757965803146362,1.4306215047836304,1.7696791887283325,1.9661091566085815,1.7875466346740723,1.9942628145217896,1.6967012882232666,1.810787558555603,1.4788057804107666,1.1505799293518066,0.9009039998054504,0.6474332809448242,0.548229992389679,0.6392651200294495,0.7978832125663757,1.1747703552246094,1.6373355388641357,1.9068034887313843,2.1259708404541016,1.9422993659973145,2.19059681892395,1.9196382761001587,2.08432674407959,1.7847861051559448,1.4931079149246216,1.3408948183059692,1.148585319519043,1.120282769203186,1.165974497795105,1.2650878429412842,1.6129090785980225,2.2202415466308594,2.429863214492798,2.6269612312316895,2.4113142490386963,2.6532647609710693,2.388367176055908,2.584949016571045,2.300046682357788,2.0245985984802246,1.9513778686523438,1.7661402225494385,1.7599676847457886,1.7419553995132446,1.6960318088531494,1.9138439893722534
B13,3.3376846313476562,3.10483980178833,2.8105690479278564,2.5208821296691895,2.3521909713745117,1.9933594465255737,1.9314457178115845,1.625306487083435,1.384196162223816,1.117258906364441,0.9138873219490051,0.8264736533164978,0.7133220434188843,0.892054557800293,0.8922243714332581,1.3461105823516846,1.7298091650009155,1.8955268859863281,1.8228731155395508,2.0057008266448975,1.7490675449371338,1.85971999168396,1.5357311964035034,1.1861628293991089,0.9242780804634094,0.5670444369316101,0.3755389153957367,0.0,0.38320866227149963,0.6565192937850952,1.3221994638442993,1.6747090816497803,1.9260669946670532,1.8182647228240967,2.074859619140625,1.8233896493911743,1.9842517375946045,1.6773428916931152,1.3080875873565674,1.1027799844741821,0.7655092477798462,0.6855791807174683,0.546504020690918,0.6629924178123474,0.9875441193580627,1.5010440349578857,1.7614779472351074,2.034848928451538,1.9151684045791626,2.211585521697998,1.9872649908065796,2.2007458209991455,1.9230775833129883,1.590104341506958,1.4683672189712524,1.2082372903823853,1.201676845550537,1.1305289268493652,1.224730134010315,1.5197499990463257,2.1053731441497803,2.2961859703063965,2.5395615100860596,2.3650999069213867,2.646913528442383,2.42490291595459,2.6665806770324707,2.404928684234619,2.0959970951080322,2.050166368484497,1.823564052581787,1.8467319011688232,1.7713289260864258,1.7581961154937744,1.930283546447754
