0.000000000000000000e+00,3.948955833911895752e-01,5.721275806427001953e-01,8.867989778518676758e-01,1.117990732192993164e+00,1.140364170074462891e+00,1.496106028556823730e+00,1.623493790626525879e+00,1.973581671714782715e+00,2.113483905792236328e+00,2.465256929397583008e+00,2.622449398040771484e+00,2.976539850234985352e+00,2.984302043914794922e+00,3.138087511062622070e+00,1.434742212295532227e+00,1.272061228752136230e+00,1.116842150688171387e+00,1.173526406288146973e+00,1.338339805603027344e+00,1.450433731079101562e+00,1.749498248100280762e+00,1.895348906517028809e+00,2.215113162994384766e+00,2.362678766250610352e+00,2.705054759979248047e+00,2.878924846649169922e+00,3.233251094818115234e+00,3.327648401260375977e+00,3.429759263992309570e+00,1.924642801284790039e+00,1.836270332336425781e+00,1.705396533012390137e+00,1.765454053878784180e+00,1.848857879638671875e+00,1.890427470207214355e+00,2.127844572067260742e+00,2.237206459045410156e+00,2.510003328323364258e+00,2.652627944946289062e+00,2.976006031036376953e+00,3.155883073806762695e+00,3.493557929992675781e+00,3.623306512832641602e+00,3.727076768875122070e+00,2.457778453826904297e+00,2.412709951400756836e+00,2.303122043609619141e+00,2.380835294723510742e+00,2.408750534057617188e+00,2.379226922988891602e+00,2.568806886672973633e+00,2.629804611206054688e+00,2.857798337936401367e+00,2.983378887176513672e+00,3.277701377868652344e+00,3.453825950622558594e+00,3.771641969680786133e+00,3.913833141326904297e+00,4.084322452545166016e+00,3.038367033004760742e+00,3.041762351989746094e+00,2.947500467300415039e+00,3.051795244216918945e+00,3.029251575469970703e+00,2.918782472610473633e+00,3.097644329071044922e+00,3.085762977600097656e+00,3.284161567687988281e+00,3.361350059509277344e+00,3.614369153976440430e+00,3.780805826187133789e+00,3.988135576248168945e+00,4.253584384918212891e+00,4.557294368743896484e+00
3.948955833911895752e-01,0.000000000000000000e+00,3.851298391819000244e-01,5.507525205612182617e-01,8.608098030090332031e-01,9.812176823616027832e-01,1.348730444908142090e+00,1.534872174263000488e+00,1.896046042442321777e+00,2.072540760040283203e+00,2.436150312423706055e+00,2.629194021224975586e+00,2.999812364578247070e+00,3.036498785018920898e+00,3.179538726806640625e+00,1.416723608970642090e+00,1.210370779037475586e+00,9.669965505599975586e-01,9.069262146949768066e-01,1.032968640327453613e+00,1.215719223022460938e+00,1.513599157333374023e+00,1.719611167907714844e+00,2.055085659027099609e+00,2.245730161666870117e+00,2.604993581771850586e+00,2.816021919250488281e+00,3.184887886047363281e+00,3.297578811645507812e+00,3.394068479537963867e+00,1.805256724357604980e+00,1.691792964935302734e+00,1.492846250534057617e+00,1.491072416305541992e+00,1.534853935241699219e+00,1.615306377410888672e+00,1.846207618713378906e+00,2.007111787796020508e+00,2.294613838195800781e+00,2.480300426483154297e+00,2.822086095809936523e+00,3.037975311279296875e+00,3.388952255249023438e+00,3.537093162536621094e+00,3.634231567382812500e+00,2.289827108383178711e+00,2.232975006103515625e+00,2.070968389511108398e+00,2.108968496322631836e+00,2.101527690887451172e+00,2.092875480651855469e+00,2.269724369049072266e+00,2.369854927062988281e+00,2.605943918228149414e+00,2.770671844482421875e+00,3.079171895980834961e+00,3.288878917694091797e+00,3.616885185241699219e+00,3.776601314544677734e+00,3.935968637466430664e+00,2.842301130294799805e+00,2.840725898742675781e+00,2.705493927001953125e+00,2.783483266830444336e+00,2.730866432189941406e+00,2.629319667816162109e+00,2.792885303497314453e+00,2.809334278106689453e+00,3.007851123809814453e+00,3.119008302688598633e+00,3.378175497055053711e+00,3.574847221374511719e+00,3.781462192535400391e+00,4.067452430725097656e+00,4.370074272155761719e+00
5.721275806427001953e-01,3.851298391819000244e-01,0.000000000000000000e+00,3.949158489704132080e-01,5.603714585304260254e-01,6.042543649673461914e-01,9.735344052314758301e-01,1.151652336120605469e+00,1.511440634727478027e+00,1.696568131446838379e+00,2.057796478271484375e+00,2.263214826583862305e+00,2.631968975067138672e+00,2.686730146408081055e+00,2.843823671340942383e+00,1.151050329208374023e+00,1.024770379066467285e+00,7.428386211395263672e-01,7.836136817932128906e-01,8.259172439575195312e-01,9.126101136207580566e-01,1.187542676925659180e+00,1.368043303489685059e+00,1.691160559654235840e+00,1.880975246429443359e+00,2.233800172805786133e+00,2.449861764907836914e+00,2.813401460647583008e+00,2.939970493316650391e+00,3.056195735931396484e+00,1.570343732833862305e+00,1.531276106834411621e+00,1.330281376838684082e+00,1.405031204223632812e+00,1.395795583724975586e+00,1.392236709594726562e+00,1.585408210754394531e+00,1.705199599266052246e+00,1.968047380447387695e+00,2.141772508621215820e+00,2.469938516616821289e+00,2.683389663696289062e+00,3.025248527526855469e+00,3.184035539627075195e+00,3.301386117935180664e+00,2.084348440170288086e+00,2.088575839996337891e+00,1.937893748283386230e+00,2.034780263900756836e+00,1.991744756698608398e+00,1.917034983634948730e+00,2.058090209960937500e+00,2.112658977508544922e+00,2.319381237030029297e+00,2.463088989257812500e+00,2.752400398254394531e+00,2.953344345092773438e+00,3.269391059875488281e+00,3.437248945236206055e+00,3.616598367691040039e+00,2.656844139099121094e+00,2.703623533248901367e+00,2.582707643508911133e+00,2.707949399948120117e+00,2.631737947463989258e+00,2.479999780654907227e+00,2.614536046981811523e+00,2.587326526641845703e+00,2.758613109588623047e+00,2.841600894927978516e+00,3.079943180084228516e+00,3.258424997329711914e+00,3.452495336532592773e+00,3.732927560806274414e+00,4.029089927673339844e+00
8.867989778518676758e-01,5.507525205612182617e-01,3.949158489704132080e-01,0.000000000000000000e+00,3.741801381111145020e-01,6.349267959594726562e-01,9.525573849678039551e-01,1.214103817939758301e+00,1.557925105094909668e+00,1.790472388267517090e+00,2.147103071212768555e+00,2.391988277435302734e+00,2.764811992645263672e+00,2.854916572570800781e+00,3.005677461624145508e+00,1.340064644813537598e+00,1.188007473945617676e+00,8.395035266876220703e-01,7.132722735404968262e-01,6.196696758270263672e-01,8.084204792976379395e-01,1.039514064788818359e+00,1.311161518096923828e+00,1.634077072143554688e+00,1.882433533668518066e+00,2.241922616958618164e+00,2.501467466354370117e+00,2.870122671127319336e+00,3.022119760513305664e+00,3.138207197189331055e+00,1.620579361915588379e+00,1.561076641082763672e+00,1.281682014465332031e+00,1.270490050315856934e+00,1.178725481033325195e+00,1.221174120903015137e+00,1.378293275833129883e+00,1.572269320487976074e+00,1.839619398117065430e+00,2.072428464889526367e+00,2.412611484527587891e+00,2.669852256774902344e+00,3.017667770385742188e+00,3.202307224273681641e+00,3.318183422088623047e+00,2.057617902755737305e+00,2.052990913391113281e+00,1.838456392288208008e+00,1.882037162780761719e+00,1.780183434486389160e+00,1.728010773658752441e+00,1.834175705909729004e+00,1.940509438514709473e+00,2.145662069320678711e+00,2.341872930526733398e+00,2.639645099639892578e+00,2.882580518722534180e+00,3.202685356140136719e+00,3.396115779876708984e+00,3.567136764526367188e+00,2.583911418914794922e+00,2.627899885177612305e+00,2.456466913223266602e+00,2.547158956527709961e+00,2.426487207412719727e+00,2.283287286758422852e+00,2.386232852935791016e+00,2.394354343414306641e+00,2.555781602859497070e+00,2.682607412338256836e+00,2.919934034347534180e+00,3.134875297546386719e+00,3.319334268569946289e+00,3.625422954559326172e+00,3.913925647735595703e+00
1.117990732192993164e+00,8.608098030090332031e-01,5.603714585304260254e-01,3.741801381111145020e-01,0.000000000000000000e+00,3.717055320739746094e-01,6.013129353523254395e-01,9.076761007308959961e-01,1.226256251335144043e+00,1.496280193328857422e+00,1.836836099624633789e+00,2.109316587448120117e+00,2.470078706741333008e+00,2.594103813171386719e+00,2.768396615982055664e+00,1.270751595497131348e+00,1.222013592720031738e+00,8.716237545013427734e-01,8.472593426704406738e-01,6.164877414703369141e-01,6.385560035705566406e-01,7.618645429611206055e-01,1.029531002044677734e+00,1.317267537117004395e+00,1.588542699813842773e+00,1.932007074356079102e+00,2.210089683532714844e+00,2.564863920211791992e+00,2.745426893234252930e+00,2.893524646759033203e+00,1.552254438400268555e+00,1.580337166786193848e+00,1.305215239524841309e+00,1.364668846130371094e+00,1.198318719863891602e+00,1.133751392364501953e+00,1.201974511146545410e+00,1.352275490760803223e+00,1.570080876350402832e+00,1.804022669792175293e+00,2.120067596435546875e+00,2.384856700897216797e+00,2.714974164962768555e+00,2.923635721206665039e+00,3.071473121643066406e+00,1.996292471885681152e+00,2.061225652694702148e+00,1.856982111930847168e+00,1.953652381896972656e+00,1.803854107856750488e+00,1.677988529205322266e+00,1.718610286712646484e+00,1.773462414741516113e+00,1.926962375640869141e+00,2.107115030288696289e+00,2.373070716857910156e+00,2.614087820053100586e+00,2.913236856460571289e+00,3.127060413360595703e+00,3.326858758926391602e+00,2.526609420776367188e+00,2.624523162841796875e+00,2.464251995086669922e+00,2.597797393798828125e+00,2.445154428482055664e+00,2.248882770538330078e+00,2.303775072097778320e+00,2.264430761337280273e+00,2.380878210067749023e+00,2.480083465576171875e+00,2.682655572891235352e+00,2.880379676818847656e+00,3.039252281188964844e+00,3.344767332077026367e+00,3.618734598159790039e+00
1.140364170074462891e+00,9.812176823616027832e-01,6.042543649673461914e-01,6.349267959594726562e-01,3.717055320739746094e-01,0.000000000000000000e+00,3.833490908145904541e-01,5.837618112564086914e-01,9.354439377784729004e-01,1.164059638977050781e+00,1.517509460449218750e+00,1.766813039779663086e+00,2.133537292480468750e+00,2.238243103027343750e+00,2.412111043930053711e+00,9.632458090782165527e-01,1.003751158714294434e+00,7.068424820899963379e-01,8.517480492591857910e-01,6.855644583702087402e-01,5.230698585510253906e-01,6.693048477172851562e-01,8.092552423477172852e-01,1.101700544357299805e+00,1.316370844841003418e+00,1.660129666328430176e+00,1.906726598739624023e+00,2.263481855392456055e+00,2.425730705261230469e+00,2.574881076812744141e+00,1.318267226219177246e+00,1.413317203521728516e+00,1.203301668167114258e+00,1.370877027511596680e+00,1.248045563697814941e+00,1.093979835510253906e+00,1.175790429115295410e+00,1.222954273223876953e+00,1.427569866180419922e+00,1.597073674201965332e+00,1.902101635932922363e+00,2.128990411758422852e+00,2.457254648208618164e+00,2.645215272903442383e+00,2.796118259429931641e+00,1.819199562072753906e+00,1.927860975265502930e+00,1.782849669456481934e+00,1.953846693038940430e+00,1.837060570716857910e+00,1.657498836517333984e+00,1.712873697280883789e+00,1.693307042121887207e+00,1.836513757705688477e+00,1.955084800720214844e+00,2.208819866180419922e+00,2.408365488052368164e+00,2.704312086105346680e+00,2.895495891571044922e+00,3.104850769042968750e+00,2.385930061340332031e+00,2.512553930282592773e+00,2.402106761932373047e+00,2.588695764541625977e+00,2.463235139846801758e+00,2.235530138015747070e+00,2.305119514465332031e+00,2.211666584014892578e+00,2.326584339141845703e+00,2.370944738388061523e+00,2.568939924240112305e+00,2.726232528686523438e+00,2.895077228546142578e+00,3.173832416534423828e+00,3.456707239151000977e+00
1.496106028556823730e+00,1.348730444908142090e+00,9.735344052314758301e-01,9.525573849678039551e-01,6.013129353523254395e-01,3.833490908145904541e-01,0.000000000000000000e+00,3.673245310783386230e-01,6.316670179367065430e-01,9.388957619667053223e-01,1.254627108573913574e+00,1.551768898963928223e+00,1.895722389221191406e+00,2.054556846618652344e+00,2.257561206817626953e+00,1.126466274261474609e+00,1.260258436203002930e+00,1.002258539199829102e+00,1.154136538505554199e+00,9.073913693428039551e-01,6.422588825225830078e-01,5.512215495109558105e-01,6.278412342071533203e-01,8.205597996711730957e-01,1.074482560157775879e+00,1.384079098701477051e+00,1.663336634635925293e+00,1.996411681175231934e+00,2.202747583389282227e+00,2.394400119781494141e+00,1.414537549018859863e+00,1.588449716567993164e+00,1.386736035346984863e+00,1.578986406326293945e+00,1.388263106346130371e+00,1.157061576843261719e+00,1.114685297012329102e+00,1.099341273307800293e+00,1.211275100708007812e+00,1.380286335945129395e+00,1.641458272933959961e+00,1.882264971733093262e+00,2.182458400726318359e+00,2.406781911849975586e+00,2.598995447158813477e+00,1.872317910194396973e+00,2.046312808990478516e+00,1.905605435371398926e+00,2.104809045791625977e+00,1.937488794326782227e+00,1.701029181480407715e+00,1.674292802810668945e+00,1.601738333702087402e+00,1.669378757476806641e+00,1.768551826477050781e+00,1.972623705863952637e+00,2.172381877899169922e+00,2.436788320541381836e+00,2.657880306243896484e+00,2.901128292083740234e+00,2.410372734069824219e+00,2.588769912719726562e+00,2.482268333435058594e+00,2.696779727935791016e+00,2.534858942031860352e+00,2.264180421829223633e+00,2.273962020874023438e+00,2.137295484542846680e+00,2.192919015884399414e+00,2.209008932113647461e+00,2.357867717742919922e+00,2.496081829071044922e+00,2.627775907516479492e+00,2.907534599304199219e+00,3.168513059616088867e+00
1.623493790626525879e+00,1.534872174263000488e+00,1.151652336120605469e+00,1.214103817939758301e+00,9.076761007308959961e-01,5.837618112564086914e-01,3.673245310783386230e-01,0.000000000000000000e+00,3.677700459957122803e-01,5.920552611351013184e-01,9.352408647537231445e-01,1.203924536705017090e+00,1.562906026840209961e+00,1.698404431343078613e+00,1.894554376602172852e+00,9.265211224555969238e-01,1.160876512527465820e+00,1.000971198081970215e+00,1.251715183258056641e+00,1.075418591499328613e+00,7.375796437263488770e-01,6.714918017387390137e-01,5.245790481567382812e-01,6.741156578063964844e-01,8.140035271644592285e-01,1.119389295578002930e+00,1.353758335113525391e+00,1.693492889404296875e+00,1.874081015586853027e+00,2.062985181808471680e+00,1.236121416091918945e+00,1.480110645294189453e+00,1.357758879661560059e+00,1.630110979080200195e+00,1.488085985183715820e+00,1.201061725616455078e+00,1.178053736686706543e+00,1.047358155250549316e+00,1.131318092346191406e+00,1.201565980911254883e+00,1.441033124923706055e+00,1.628031611442565918e+00,1.927117943763732910e+00,2.121862411499023438e+00,2.312802791595458984e+00,1.719233393669128418e+00,1.936437845230102539e+00,1.859958887100219727e+00,2.120852231979370117e+00,1.990451097488403320e+00,1.716157555580139160e+00,1.708459615707397461e+00,1.563360691070556641e+00,1.619352459907531738e+00,1.641547083854675293e+00,1.827897310256958008e+00,1.973185181617736816e+00,2.234001398086547852e+00,2.423047065734863281e+00,2.671427011489868164e+00,2.274006128311157227e+00,2.478947877883911133e+00,2.424562692642211914e+00,2.685086011886596680e+00,2.553555727005004883e+00,2.261376857757568359e+00,2.288256883621215820e+00,2.102517843246459961e+00,2.158772468566894531e+00,2.115439414978027344e+00,2.259866476058959961e+00,2.350833892822265625e+00,2.497199296951293945e+00,2.742407083511352539e+00,3.014771223068237305e+00
1.973581671714782715e+00,1.896046042442321777e+00,1.511440634727478027e+00,1.557925105094909668e+00,1.226256251335144043e+00,9.354439377784729004e-01,6.316670179367065430e-01,3.677700459957122803e-01,0.000000000000000000e+00,3.765893876552581787e-01,6.292298436164855957e-01,9.528462290763854980e-01,1.276908874511718750e+00,1.471423983573913574e+00,1.699176788330078125e+00,1.180208802223205566e+00,1.463707208633422852e+00,1.341479659080505371e+00,1.589874148368835449e+00,1.388627767562866211e+00,1.034202456474304199e+00,8.592264056205749512e-01,6.197661161422729492e-01,5.416307449340820312e-01,6.246179342269897461e-01,8.396508097648620605e-01,1.086489915847778320e+00,1.388821959495544434e+00,1.613393306732177734e+00,1.852730035781860352e+00,1.413284301757812500e+00,1.712076902389526367e+00,1.616618752479553223e+00,1.903522253036499023e+00,1.733679533004760742e+00,1.407375454902648926e+00,1.302303552627563477e+00,1.096250653266906738e+00,1.057332992553710938e+00,1.066506266593933105e+00,1.218597888946533203e+00,1.386130809783935547e+00,1.640740990638732910e+00,1.864143610000610352e+00,2.102275848388671875e+00,1.834094524383544922e+00,2.104988813400268555e+00,2.050050258636474609e+00,2.335517883300781250e+00,2.181107997894287109e+00,1.868018031120300293e+00,1.801115870475769043e+00,1.596777439117431641e+00,1.571646928787231445e+00,1.539312243461608887e+00,1.652071356773376465e+00,1.766452431678771973e+00,1.981997609138488770e+00,2.188548088073730469e+00,2.474675416946411133e+00,2.346190214157104492e+00,2.596313476562500000e+00,2.560610771179199219e+00,2.848389148712158203e+00,2.699061155319213867e+00,2.375416517257690430e+00,2.356951713562011719e+00,2.125307321548461914e+00,2.124726295471191406e+00,2.033032655715942383e+00,2.119888782501220703e+00,2.167612791061401367e+00,2.275940895080566406e+00,2.503458499908447266e+00,2.753440380096435547e+00
2.113483905792236328e+00,2.072540760040283203e+00,1.696568131446838379e+00,1.790472388267517090e+00,1.496280193328857422e+00,1.164059638977050781e+00,9.388957619667053223e-01,5.920552611351013184e-01,3.765893876552581787e-01,0.000000000000000000e+00,3.736330568790435791e-01,6.181713342666625977e-01,9.861761331558227539e-01,1.130093216896057129e+00,1.332805871963500977e+00,1.084884405136108398e+00,1.426376461982727051e+00,1.399154424667358398e+00,1.698808670043945312e+00,1.562657237052917480e+00,1.196292519569396973e+00,1.083264589309692383e+00,7.563085556030273438e-01,6.623716950416564941e-01,5.094435811042785645e-01,6.749460697174072266e-01,8.118905425071716309e-01,1.132568478584289551e+00,1.300895690917968750e+00,1.522806048393249512e+00,1.290186882019042969e+00,1.634862184524536133e+00,1.621381759643554688e+00,1.959716081619262695e+00,1.844931602478027344e+00,1.500441431999206543e+00,1.437980771064758301e+00,1.160538434982299805e+00,1.116909742355346680e+00,1.000620603561401367e+00,1.117250084877014160e+00,1.190757632255554199e+00,1.446588277816772461e+00,1.611877322196960449e+00,1.832839250564575195e+00,1.703470587730407715e+00,2.003036737442016602e+00,2.015255212783813477e+00,2.346452951431274414e+00,2.237572193145751953e+00,1.909199357032775879e+00,1.876907110214233398e+00,1.622358083724975586e+00,1.603490948677062988e+00,1.490365028381347656e+00,1.588893413543701172e+00,1.628880023956298828e+00,1.844240665435791016e+00,1.995267033576965332e+00,2.272812604904174805e+00,2.214087009429931641e+00,2.479869127273559570e+00,2.498999834060668945e+00,2.822707653045654297e+00,2.711863994598388672e+00,2.381921052932739258e+00,2.391644954681396484e+00,2.125792026519775391e+00,2.139274597167968750e+00,1.992777466773986816e+00,2.085251808166503906e+00,2.082205533981323242e+00,2.217945098876953125e+00,2.399215936660766602e+00,2.666790246963500977e+00
2.465256929397583008e+00,2.436150312423706055e+00,2.057796478271484375e+00,2.147103071212768555e+00,1.836836099624633789e+00,1.517509460449218750e+00,1.254627108573913574e+00,9.352408647537231445e-01,6.292298436164855957e-01,3.736330568790435791e-01,0.000000000000000000e+00,3.663202226161956787e-01,6.591131687164306641e-01,8.872644901275634766e-01,1.134807109832763672e+00,1.422691702842712402e+00,1.777389764785766602e+00,1.768966794013977051e+00,2.065206527709960938e+00,1.915797710418701172e+00,1.546599388122558594e+00,1.387295722961425781e+00,1.052890419960021973e+00,8.438106179237365723e-01,6.164842844009399414e-01,5.417152047157287598e-01,5.903158783912658691e-01,8.204181790351867676e-01,1.036066055297851562e+00,1.330219030380249023e+00,1.575374364852905273e+00,1.941761374473571777e+00,1.949805498123168945e+00,2.291281223297119141e+00,2.163084506988525391e+00,1.804065465927124023e+00,1.695099949836730957e+00,1.383653998374938965e+00,1.248537063598632812e+00,1.061978459358215332e+00,1.042231440544128418e+00,1.037484288215637207e+00,1.205680847167968750e+00,1.383794307708740234e+00,1.661805510520935059e+00,1.920132994651794434e+00,2.252438545227050781e+00,2.287199735641479492e+00,2.632007598876953125e+00,2.511691331863403320e+00,2.163224935531616211e+00,2.091335535049438477e+00,1.797648668289184570e+00,1.711301684379577637e+00,1.538549900054931641e+00,1.545436978340148926e+00,1.521880865097045898e+00,1.666790127754211426e+00,1.817096471786499023e+00,2.134208202362060547e+00,2.375153779983520508e+00,2.674028873443603516e+00,2.715739488601684570e+00,3.059061050415039062e+00,2.940472602844238281e+00,2.591935396194458008e+00,2.567848682403564453e+00,2.267059803009033203e+00,2.231153488159179688e+00,2.034531831741333008e+00,2.064342260360717773e+00,2.000323534011840820e+00,2.093253374099731445e+00,2.234760522842407227e+00,2.473645448684692383e+00
2.622449398040771484e+00,2.629194021224975586e+00,2.263214826583862305e+00,2.391988277435302734e+00,2.109316587448120117e+00,1.766813039779663086e+00,1.551768898963928223e+00,1.203924536705017090e+00,9.528462290763854980e-01,6.181713342666625977e-01,3.663202226161956787e-01,0.000000000000000000e+00,4.002059400081634521e-01,5.306292772293090820e-01,7.786943912506103516e-01,1.480517745018005371e+00,1.856363773345947266e+00,1.917341113090515137e+00,2.244651794433593750e+00,2.146842241287231445e+00,1.781980156898498535e+00,1.672650694847106934e+00,1.318914890289306641e+00,1.145670771598815918e+00,8.445740342140197754e-01,7.206510901451110840e-01,5.516001582145690918e-01,7.121909856796264648e-01,8.124911785125732422e-01,1.093963742256164551e+00,1.624293684959411621e+00,2.002372980117797852e+00,2.076158285140991211e+00,2.445518255233764648e+00,2.365714788436889648e+00,2.009428024291992188e+00,1.942159533500671387e+00,1.608083367347717285e+00,1.491629123687744141e+00,1.238257646560668945e+00,1.184518694877624512e+00,1.062650918960571289e+00,1.190584182739257812e+00,1.273441195487976074e+00,1.526620626449584961e+00,1.952506661415100098e+00,2.291112899780273438e+00,2.383815765380859375e+00,2.755262374877929688e+00,2.678361892700195312e+00,2.331693649291992188e+00,2.295178651809692383e+00,1.980568647384643555e+00,1.909847378730773926e+00,1.684712290763854980e+00,1.677724480628967285e+00,1.576230049133300781e+00,1.702136278152465820e+00,1.778599381446838379e+00,2.078893661499023438e+00,2.393074035644531250e+00,2.693935155868530273e+00,2.785836458206176758e+00,3.151564598083496094e+00,3.071425914764404297e+00,2.728204011917114258e+00,2.733118057250976562e+00,2.415965795516967773e+00,2.396997213363647461e+00,2.162480354309082031e+00,2.196627616882324219e+00,2.084902763366699219e+00,2.197581291198730469e+00,2.283413887023925781e+00,2.529057264328002930e+00
2.976539850234985352e+00,2.999812364578247070e+00,2.631968975067138672e+00,2.764811992645263672e+00,2.470078706741333008e+00,2.133537292480468750e+00,1.895722389221191406e+00,1.562906026840209961e+00,1.276908874511718750e+00,9.861761331558227539e-01,6.591131687164306641e-01,4.002059400081634521e-01,0.000000000000000000e+00,3.773907721042633057e-01,7.068849802017211914e-01,1.869189262390136719e+00,2.248658418655395508e+00,2.314712285995483398e+00,2.643146991729736328e+00,2.536325216293334961e+00,2.169263362884521484e+00,2.035230875015258789e+00,1.686137676239013672e+00,1.468865871429443359e+00,1.175341606140136719e+00,9.485356807708740234e-01,7.099977731704711914e-01,6.260795593261718750e-01,7.250691652297973633e-01,1.078060150146484375e+00,2.005897045135498047e+00,2.387235403060913086e+00,2.470393180847167969e+00,2.839296579360961914e+00,2.751168489456176758e+00,2.389577388763427734e+00,2.296013832092285156e+00,1.953611373901367188e+00,1.790272831916809082e+00,1.516813755035400391e+00,1.370890617370605469e+00,1.181192517280578613e+00,1.173800349235534668e+00,1.236738324165344238e+00,1.536056876182556152e+00,2.295279264450073242e+00,2.645775794982910156e+00,2.752088785171508789e+00,3.128184318542480469e+00,3.044959068298339844e+00,2.689814329147338867e+00,2.628650665283203125e+00,2.297369241714477539e+00,2.183857202529907227e+00,1.928155183792114258e+00,1.847835063934326172e+00,1.689559340476989746e+00,1.726877093315124512e+00,1.785386204719543457e+00,2.113021373748779297e+00,2.690903663635253906e+00,3.008537292480468750e+00,3.117422103881835938e+00,3.493016004562377930e+00,3.409509897232055664e+00,3.057556152343750000e+00,3.039384841918945312e+00,2.703455924987792969e+00,2.648303270339965820e+00,2.381788730621337891e+00,2.361424922943115234e+00,2.195410013198852539e+00,2.259822607040405273e+00,2.293720483779907227e+00,2.496447086334228516e+00
2.984302043914794922e+00,3.036498785018920898e+00,2.686730146408081055e+00,2.854916572570800781e+00,2.594103813171386719e+00,2.238243103027343750e+00,2.054556846618652344e+00,1.698404431343078613e+00,1.471423983573913574e+00,1.130093216896057129e+00,8.872644901275634766e-01,5.306292772293090820e-01,3.773907721042633057e-01,0.000000000000000000e+00,3.975076377391815186e-01,1.813505887985229492e+00,2.194209575653076172e+00,2.318522214889526367e+00,2.669571399688720703e+00,2.616522550582885742e+00,2.260352134704589844e+00,2.184037208557128906e+00,1.825434088706970215e+00,1.664628624916076660e+00,1.338204264640808105e+00,1.166187167167663574e+00,8.690887093544006348e-01,8.299934864044189453e-01,7.437532544136047363e-01,9.836739897727966309e-01,1.953127861022949219e+00,2.326196193695068359e+00,2.463374853134155273e+00,2.850905418395996094e+00,2.814673423767089844e+00,2.465674877166748047e+00,2.426303386688232422e+00,2.079514265060424805e+00,1.964894413948059082e+00,1.667161822319030762e+00,1.559874057769775391e+00,1.328671574592590332e+00,1.352215409278869629e+00,1.311847686767578125e+00,1.530641913414001465e+00,2.244030475616455078e+00,2.579876661300659180e+00,2.732916831970214844e+00,3.124400615692138672e+00,3.089082956314086914e+00,2.747588634490966797e+00,2.735864162445068359e+00,2.404357433319091797e+00,2.334188699722290039e+00,2.061669349670410156e+00,2.016692638397216797e+00,1.828343272209167480e+00,1.894069194793701172e+00,1.881520032882690430e+00,2.160228490829467773e+00,2.642545700073242188e+00,2.942494392395019531e+00,3.091173887252807617e+00,3.476787805557250977e+00,3.436023235321044922e+00,3.100461006164550781e+00,3.125808238983154297e+00,2.792528390884399414e+00,2.777051687240600586e+00,2.501601696014404297e+00,2.518710851669311523e+00,2.344299793243408203e+00,2.453238964080810547e+00,2.460569620132446289e+00,2.688281059265136719e+00
3.138087511062622070e+00,3.179538726806640625e+00,2.843823671340942383e+00,3.005677461624145508e+00,2.768396615982055664e+00,2.412111043930053711e+00,2.257561206817626953e+00,1.894554376602172852e+00,1.699176788330078125e+00,1.332805871963500977e+00,1.134807109832763672e+00,7.786943912506103516e-01,7.068849802017211914e-01,3.975076377391815186e-01,0.000000000000000000e+00,1.857250928878784180e+00,2.217923164367675781e+00,2.385737419128417969e+00,2.728406190872192383e+00,2.705392599105834961e+00,2.361294269561767578e+00,2.309131860733032227e+00,1.940811157226562500e+00,1.800226211547851562e+00,1.440512418746948242e+00,1.275924801826477051e+00,9.271929264068603516e-01,8.960357308387756348e-01,6.395810842514038086e-01,7.118576169013977051e-01,1.893770098686218262e+00,2.259904146194458008e+00,2.442502498626708984e+00,2.834394693374633789e+00,2.830047130584716797e+00,2.488505125045776367e+00,2.473449945449829102e+00,2.114192485809326172e+00,2.016384124755859375e+00,1.682345628738403320e+00,1.575935482978820801e+00,1.290575146675109863e+00,1.322818398475646973e+00,1.174049496650695801e+00,1.298774123191833496e+00,2.104951620101928711e+00,2.440332889556884766e+00,2.636729717254638672e+00,3.039940595626831055e+00,3.036470890045166016e+00,2.701523303985595703e+00,2.713962078094482422e+00,2.371399879455566406e+00,2.318566322326660156e+00,2.014349460601806641e+00,1.976586937904357910e+00,1.743521094322204590e+00,1.821798682212829590e+00,1.731613397598266602e+00,1.953875541687011719e+00,2.447802782058715820e+00,2.746423244476318359e+00,2.934918165206909180e+00,3.333138942718505859e+00,3.323431491851806641e+00,2.998213291168212891e+00,3.044924736022949219e+00,2.704865694046020508e+00,2.708369016647338867e+00,2.411095380783081055e+00,2.446178436279296875e+00,2.249980926513671875e+00,2.397563695907592773e+00,2.367955207824707031e+00,2.618764400482177734e+00
1.434742212295532227e+00,1.416723608970642090e+00,1.151050329208374023e+00,1.340064644813537598e+00,1.270751595497131348e+00,9.632458090782165527e-01,1.126466274261474609e+00,9.265211224555969238e-01,1.180208802223205566e+00,1.084884405136108398e+00,1.422691702842712402e+00,1.480517745018005371e+00,1.869189262390136719e+00,1.813505887985229492e+00,1.857250928878784180e+00,0.000000000000000000e+00,3.866225183010101318e-01,5.784833431243896484e-01,9.605716466903686523e-01,1.094931364059448242e+00,8.934442400932312012e-01,1.149875879287719727e+00,1.008708715438842773e+00,1.286215901374816895e+00,1.238019347190856934e+00,1.562528729438781738e+00,1.641434669494628906e+00,2.017691850662231445e+00,2.025778055191040039e+00,2.050860643386840820e+00,6.521793007850646973e-01,8.143753409385681152e-01,8.971911668777465820e-01,1.259008049964904785e+00,1.362189412117004395e+00,1.167927265167236328e+00,1.402328133583068848e+00,1.283327221870422363e+00,1.528695106506347656e+00,1.504884600639343262e+00,1.808798670768737793e+00,1.896483778953552246e+00,2.250651597976684570e+00,2.299068689346313477e+00,2.345706224441528320e+00,1.259561896324157715e+00,1.375283837318420410e+00,1.423420310020446777e+00,1.725640773773193359e+00,1.779272437095642090e+00,1.581574678421020508e+00,1.776048421859741211e+00,1.659267902374267578e+00,1.868087291717529297e+00,1.850002765655517578e+00,2.129320621490478516e+00,2.211962938308715820e+00,2.540673017501831055e+00,2.604192495346069336e+00,2.744186639785766602e+00,1.880927681922912598e+00,1.994437217712402344e+00,2.023862838745117188e+00,2.293222904205322266e+00,2.299624681472778320e+00,2.079945802688598633e+00,2.263685703277587891e+00,2.113998413085937500e+00,2.305424213409423828e+00,2.258165597915649414e+00,2.512167692184448242e+00,2.597016096115112305e+00,2.851340532302856445e+00,3.048696517944335938e+00,3.383530855178833008e+00
1.272061228752136230e+00,1.210370779037475586e+00,1.024770379066467285e+00,1.188007473945617676e+00,1.222013592720031738e+00,1.003751158714294434e+00,1.260258436203002930e+00,1.160876512527465820e+00,1.463707208633422852e+00,1.426376461982727051e+00,1.777389764785766602e+00,1.856363773345947266e+00,2.248658418655395508e+00,2.194209575653076172e+00,2.217923164367675781e+00,3.866225183010101318e-01,0.000000000000000000e+00,3.668720722198486328e-01,6.851958036422729492e-01,9.366141557693481445e-01,8.698145747184753418e-01,1.211043834686279297e+00,1.175358653068542480e+00,1.506198167800903320e+00,1.516791820526123047e+00,1.866369009017944336e+00,1.973559260368347168e+00,2.360844135284423828e+00,2.367175102233886719e+00,2.363312959671020508e+00,6.827080249786376953e-01,6.382791399955749512e-01,6.837545633316040039e-01,9.865865707397460938e-01,1.167487144470214844e+00,1.077079653739929199e+00,1.392047286033630371e+00,1.366742730140686035e+00,1.674106121063232422e+00,1.709032058715820312e+00,2.050943136215209961e+00,2.172466278076171875e+00,2.546051979064941406e+00,2.594475507736206055e+00,2.609125137329101562e+00,1.237489104270935059e+00,1.243703126907348633e+00,1.250083446502685547e+00,1.491859436035156250e+00,1.588071465492248535e+00,1.466108560562133789e+00,1.721422076225280762e+00,1.683023691177368164e+00,1.949266552925109863e+00,1.988393783569335938e+00,2.309893131256103516e+00,2.429378986358642578e+00,2.782061338424682617e+00,2.846487283706665039e+00,2.951904296875000000e+00,1.843414306640625000e+00,1.886974334716796875e+00,1.880790114402770996e+00,2.097734689712524414e+00,2.126561641693115234e+00,1.960525155067443848e+00,2.187290906906127930e+00,2.100653171539306641e+00,2.337229490280151367e+00,2.345256567001342773e+00,2.637003660202026367e+00,2.765287637710571289e+00,3.038580179214477539e+00,3.256258249282836914e+00,3.600785493850708008e+00
1.116842150688171387e+00,9.669965505599975586e-01,7.428386211395263672e-01,8.395035266876220703e-01,8.716237545013427734e-01,7.068424820899963379e-01,1.002258539199829102e+00,1.000971198081970215e+00,1.341479659080505371e+00,1.399154424667358398e+00,1.768966794013977051e+00,1.917341113090515137e+00,2.314712285995483398e+00,2.318522214889526367e+00,2.385737419128417969e+00,5.784833431243896484e-01,3.668720722198486328e-01,0.000000000000000000e+00,3.984595537185668945e-01,5.962607860565185547e-01,5.749117732048034668e-01,9.477875232696533203e-01,1.009792923927307129e+00,1.370200395584106445e+00,1.469886779785156250e+00,1.841456770896911621e+00,2.013536691665649414e+00,2.405769824981689453e+00,2.467512607574462891e+00,2.506047010421752930e+00,8.410277962684631348e-01,7.978495955467224121e-01,6.521309018135070801e-01,8.742964863777160645e-01,9.602376818656921387e-01,8.886304497718811035e-01,1.183094620704650879e+00,1.229473114013671875e+00,1.546243786811828613e+00,1.656190514564514160e+00,2.013674497604370117e+00,2.192227840423583984e+00,2.567230701446533203e+00,2.667099952697753906e+00,2.716903924942016602e+00,1.358565449714660645e+00,1.371818661689758301e+00,1.276655673980712891e+00,1.462767601013183594e+00,1.480272531509399414e+00,1.363239169120788574e+00,1.576386809349060059e+00,1.582288503646850586e+00,1.839266538619995117e+00,1.936135768890380859e+00,2.260842561721801758e+00,2.429873466491699219e+00,2.779671192169189453e+00,2.891749382019042969e+00,3.019828081130981445e+00,1.947439551353454590e+00,2.001111268997192383e+00,1.927622914314270020e+00,2.110632658004760742e+00,2.079033374786376953e+00,1.906549930572509766e+00,2.092402696609497070e+00,2.030984163284301758e+00,2.246806621551513672e+00,2.295489788055419922e+00,2.575572490692138672e+00,2.737876176834106445e+00,2.986676931381225586e+00,3.238461017608642578e+00,3.568884611129760742e+00
1.173526406288146973e+00,9.069262146949768066e-01,7.836136817932128906e-01,7.132722735404968262e-01,8.472593426704406738e-01,8.517480492591857910e-01,1.154136538505554199e+00,1.251715183258056641e+00,1.589874148368835449e+00,1.698808670043945312e+00,2.065206527709960938e+00,2.244651794433593750e+00,2.643146991729736328e+00,2.669571399688720703e+00,2.728406190872192383e+00,9.605716466903686523e-01,6.851958036422729492e-01,3.984595537185668945e-01,0.000000000000000000e+00,3.903500437736511230e-01,6.159756779670715332e-01,9.842582941055297852e-01,1.161518216133117676e+00,1.530607104301452637e+00,1.690681695938110352e+00,2.070098400115966797e+00,2.279637813568115234e+00,2.676536560058593750e+00,2.754326105117797852e+00,2.782063007354736328e+00,1.036901950836181641e+00,8.828116655349731445e-01,6.052638292312622070e-01,6.234491467475891113e-01,6.986442208290100098e-01,7.785549759864807129e-01,1.104052424430847168e+00,1.267284870147705078e+00,1.614248991012573242e+00,1.792240858078002930e+00,2.170492172241210938e+00,2.391844987869262695e+00,2.776563167572021484e+00,2.893349885940551758e+00,2.928182601928710938e+00,1.422705531120300293e+00,1.363964796066284180e+00,1.174249291419982910e+00,1.252950668334960938e+00,1.246611475944519043e+00,1.211653590202331543e+00,1.441348791122436523e+00,1.541986227035522461e+00,1.830687165260314941e+00,1.996522307395935059e+00,2.346280574798583984e+00,2.561462402343750000e+00,2.923502683639526367e+00,3.052920103073120117e+00,3.157906532287597656e+00,1.946623444557189941e+00,1.954692363739013672e+00,1.812818765640258789e+00,1.926327109336853027e+00,1.871589303016662598e+00,1.745321989059448242e+00,1.935911536216735840e+00,1.945150494575500488e+00,2.181556463241577148e+00,2.295420169830322266e+00,2.594758749008178711e+00,2.805482149124145508e+00,3.056584596633911133e+00,3.335413455963134766e+00,3.664413452148437500e+00
1.338339805603027344e+00,1.032968640327453613e+00,8.259172439575195312e-01,6.196696758270263672e-01,6.164877414703369141e-01,6.855644583702087402e-01,9.073913693428039551e-01,1.075418591499328613e+00,1.388627767562866211e+00,1.562657237052917480e+00,1.915797710418701172e+00,2.146842241287231445e+00,2.536325216293334961e+00,2.616522550582885742e+00,2.705392599105834961e+00,1.094931364059448242e+00,9.366141557693481445e-01,5.962607860565185547e-01,3.903500437736511230e-01,0.000000000000000000e+00,3.700245320796966553e-01,6.630771756172180176e-01,9.278045296669006348e-01,1.280223488807678223e+00,1.508354544639587402e+00,1.882831335067749023e+00,2.141588687896728516e+00,2.529641866683959961e+00,2.655206203460693359e+00,2.721521615982055664e+00,1.136830568313598633e+00,1.080775022506713867e+00,7.480390667915344238e-01,7.556620240211486816e-01,6.006283760070800781e-01,6.049475073814392090e-01,8.236379623413085938e-01,1.035535216331481934e+00,1.356117725372314453e+00,1.591072797775268555e+00,1.961982607841491699e+00,2.225865602493286133e+00,2.599251985549926758e+00,2.760982751846313477e+00,2.832198381423950195e+00,1.484183430671691895e+00,1.496311306953430176e+00,1.259232640266418457e+00,1.337393283843994141e+00,1.209957838058471680e+00,1.116109848022460938e+00,1.243684172630310059e+00,1.349163174629211426e+00,1.594225883483886719e+00,1.796351432800292969e+00,2.127763271331787109e+00,2.377509593963623047e+00,2.724224090576171875e+00,2.896147489547729492e+00,3.028724908828735352e+00,1.981075644493103027e+00,2.042022705078125000e+00,1.865207195281982422e+00,1.986301064491271973e+00,1.854449748992919922e+00,1.681450963020324707e+00,1.793556213378906250e+00,1.789998054504394531e+00,1.976398468017578125e+00,2.105392694473266602e+00,2.373420476913452148e+00,2.600079298019409180e+00,2.818869590759277344e+00,3.120685815811157227e+00,3.430407524108886719e+00
1.450433731079101562e+00,1.215719223022460938e+00,9.126101136207580566e-01,8.084204792976379395e-01,6.385560035705566406e-01,5.230698585510253906e-01,6.422588825225830078e-01,7.375796437263488770e-01,1.034202456474304199e+00,1.196292519569396973e+00,1.546599388122558594e+00,1.781980156898498535e+00,2.169263362884521484e+00,2.260352134704589844e+00,2.361294269561767578e+00,8.934442400932312012e-01,8.698145747184753418e-01,5.749117732048034668e-01,6.159756779670715332e-01,3.700245320796966553e-01,0.000000000000000000e+00,3.841763734817504883e-01,5.726715326309204102e-01,9.349006414413452148e-01,1.149355292320251465e+00,1.524520754814147949e+00,1.781777143478393555e+00,2.167351007461547852e+00,2.301429748535156250e+00,2.389216661453247070e+00,9.662066102027893066e-01,1.040068387985229492e+00,7.727726697921752930e-01,9.388558864593505859e-01,7.732239961624145508e-01,5.721946954727172852e-01,7.070060372352600098e-01,7.949335575103759766e-01,1.084951400756835938e+00,1.284937500953674316e+00,1.643575429916381836e+00,1.894800901412963867e+00,2.261203765869140625e+00,2.428385972976684570e+00,2.524102449417114258e+00,1.369089126586914062e+00,1.473565936088562012e+00,1.294110774993896484e+00,1.470238566398620605e+00,1.333214282989501953e+00,1.135270714759826660e+00,1.211136102676391602e+00,1.211505770683288574e+00,1.409514665603637695e+00,1.558979392051696777e+00,1.865122795104980469e+00,2.090724945068359375e+00,2.425428390502929688e+00,2.599590778350830078e+00,2.760413169860839844e+00,1.901059985160827637e+00,2.025482416152954102e+00,1.894293665885925293e+00,2.083882093429565430e+00,1.948148250579833984e+00,1.712922692298889160e+00,1.793784260749816895e+00,1.711640357971191406e+00,1.860146164894104004e+00,1.929776787757873535e+00,2.170559167861938477e+00,2.360084295272827148e+00,2.568663358688354492e+00,2.855877161026000977e+00,3.162909746170043945e+00
