,A1,A2,A3,A4,A5,A6,A7,A8,A9,A10,A11,A12,A13,A14,A15,B1,B2,B3,B4,B5,B6,B7,B8,B9,B10,B11,B12,B13,B14,B15,C1,C2,C3,C4,C5,C6,C7,C8,C9,C10,C11,C12,C13,C14,C15,D1,D2,D3,D4,D5,D6,D7,D8,D9,D10,D11,D12,D13,D14,D15,E1,E2,E3,E4,E5,E6,E7,E8,E9,E10,E11,E12,E13,E14,E15
A1,0.0,0.3917050063610077,0.6108216047286987,0.8383268117904663,1.0132622718811035,1.2439930438995361,1.5245660543441772,1.786125898361206,2.032400369644165,2.308919906616211,2.598231077194214,2.8537352085113525,3.1503188610076904,3.3312926292419434,3.2638425827026367,1.8126014471054077,2.138068914413452,2.219843864440918,2.4134325981140137,2.6581780910491943,2.813506603240967,3.076404094696045,3.299722194671631,3.5162549018859863,3.77095103263855,4.049762725830078,4.284914493560791,4.593033313751221,4.770959854125977,4.7895708084106445,3.2362616062164307,3.0614964962005615,2.7513105869293213,2.6699905395507812,2.350146532058716,2.179769992828369,1.9176690578460693,1.7920126914978027,1.4205243587493896,1.382126808166504,1.2306474447250366,0.9947443008422852,0.8394424915313721,1.1667743921279907,1.3698309659957886,2.31028413772583,2.5340518951416016,2.7532663345336914,2.989671230316162,3.0743956565856934,3.1641016006469727,3.5151257514953613,3.5920608043670654,3.91625714302063,4.022917747497559,4.397193431854248,4.461282730102539,4.848229885101318,4.992767810821533,5.074880123138428,4.022305488586426,4.068965911865234,3.7630605697631836,3.9114534854888916,3.585223913192749,3.397082805633545,3.4366743564605713,3.0927531719207764,3.1213393211364746,2.849015712738037,2.925097703933716,2.628580093383789,2.808535575866699,2.649801254272461,2.394822597503662
A2,0.3917050063610077,0.0,0.3899511694908142,0.5148674249649048,0.7992055416107178,1.046424150466919,1.2784984111785889,1.56647789478302,1.81510329246521,2.0810368061065674,2.3633198738098145,2.609243392944336,2.8875458240509033,3.0437326431274414,2.955003499984741,1.5368497371673584,1.8906878232955933,2.0052413940429688,2.164161443710327,2.3910722732543945,2.581151008605957,2.8188912868499756,3.0645246505737305,3.2592523097991943,3.5175750255584717,3.7876052856445312,4.041057109832764,4.333252429962158,4.52312707901001,4.542655944824219,3.0269856452941895,2.888848066329956,2.5733695030212402,2.538323163986206,2.200887680053711,2.012035369873047,1.8038523197174072,1.6769298315048218,1.3001437187194824,1.3603395223617554,1.3090075254440308,1.1543242931365967,1.1080906391143799,1.464666485786438,1.6629453897476196,2.324023485183716,2.537978172302246,2.7244277000427246,2.9694466590881348,3.0078368186950684,3.0763511657714844,3.427879571914673,3.47929048538208,3.7925946712493896,3.893228054046631,4.263796806335449,4.315280437469482,4.701916217803955,4.855041027069092,4.958533763885498,4.017077445983887,4.091290473937988,3.786364793777466,3.9701852798461914,3.666473865509033,3.465503692626953,3.5448951721191406,3.199662208557129,3.2700297832489014,2.9968760013580322,3.1161673069000244,2.8370466232299805,3.054885149002075,2.926074981689453,2.6988284587860107
A3,0.6108216047286987,0.3899511694908142,0.0,0.38993120193481445,0.595796525478363,0.7273819446563721,1.0224997997283936,1.2513962984085083,1.5417969226837158,1.7731682062149048,2.086021900177002,2.3081159591674805,2.611395835876465,2.765106439590454,2.6764533519744873,1.2117676734924316,1.5483514070510864,1.6679255962371826,1.8642665147781372,2.077410936355591,2.24155330657959,2.5022389888763428,2.7250218391418457,2.924107551574707,3.191523551940918,3.457833766937256,3.704953670501709,4.007900714874268,4.200677394866943,4.236038684844971,2.751542806625366,2.595853805541992,2.3033597469329834,2.247659921646118,1.895661473274231,1.750720500946045,1.5327799320220947,1.4778351783752441,1.1189852952957153,1.2433634996414185,1.2000924348831177,1.1504372358322144,1.1210448741912842,1.4508873224258423,1.5792337656021118,2.0842626094818115,2.330918073654175,2.479099750518799,2.757427930831909,2.796151638031006,2.8274223804473877,3.190948486328125,3.2137985229492188,3.5381743907928467,3.6105403900146484,3.9858999252319336,4.01563835144043,4.401297092437744,4.537242412567139,4.6302876472473145,3.731675148010254,3.8291163444519043,3.5418758392333984,3.738291025161743,3.4427945613861084,3.263375997543335,3.3683841228485107,3.041961669921875,3.138389825820923,2.8964593410491943,3.040527820587158,2.795628070831299,3.0332136154174805,2.9432637691497803,2.747396945953369
A4,0.8383268117904663,0.5148674249649048,0.38993120193481445,0.0,0.3826465308666229,0.6285380721092224,0.7840926647186279,1.0955129861831665,1.3286476135253906,1.5933738946914673,1.8628721237182617,2.1101064682006836,2.377497911453247,2.535320520401001,2.459131956100464,1.1965895891189575,1.566923975944519,1.7563976049423218,1.9213690757751465,2.0807297229766846,2.2795400619506836,2.515463352203369,2.7494194507598877,2.9045300483703613,3.1933321952819824,3.431161880493164,3.7072272300720215,3.990994453430176,4.210635185241699,4.262639999389648,2.863744020462036,2.7477426528930664,2.4633259773254395,2.449982166290283,2.083329200744629,1.9393497705459595,1.7793508768081665,1.735740303993225,1.3913358449935913,1.5713118314743042,1.5720267295837402,1.5220963954925537,1.4922009706497192,1.8250646591186523,1.94749116897583,2.406862258911133,2.6489765644073486,2.7697768211364746,3.05458927154541,3.060600996017456,3.0697312355041504,3.4312682151794434,3.4261794090270996,3.7399725914001465,3.79801869392395,4.1682562828063965,4.176851749420166,4.559017658233643,4.693710803985596,4.79998779296875,4.010565757751465,4.130679607391357,3.851107120513916,4.066111087799072,3.783364772796631,3.604090690612793,3.727020263671875,3.403353691101074,3.5134358406066895,3.271526336669922,3.424398899078369,3.179500102996826,3.419098138809204,3.3233866691589355,3.118288040161133
A5,1.0132622718811035,0.7992055416107178,0.595796525478363,0.3826465308666229,0.0,0.37041783332824707,0.5225051641464233,0.8353615999221802,1.0327255725860596,1.3349050283432007,1.5948355197906494,1.8697794675827026,2.14933705329895,2.352456569671631,2.329468250274658,1.238419771194458,1.5740094184875488,1.7958201169967651,2.0105557441711426,2.122274875640869,2.282503604888916,2.5475494861602783,2.7386348247528076,2.877028226852417,3.1936140060424805,3.4057352542877197,3.6831092834472656,3.9763166904449463,4.213385105133057,4.298748970031738,2.977220296859741,2.8406386375427246,2.591856002807617,2.546419382095337,2.171192169189453,2.0894291400909424,1.9111814498901367,1.9376834630966187,1.614838719367981,1.7970441579818726,1.7542074918746948,1.7216846942901611,1.6331292390823364,1.9207221269607544,1.9707027673721313,2.5065672397613525,2.7865865230560303,2.8814830780029297,3.195779800415039,3.2201321125030518,3.1970367431640625,3.5685665607452393,3.537553071975708,3.86425518989563,3.887726068496704,4.26209020614624,4.242074012756348,4.620174407958984,4.726142406463623,4.8105340003967285,4.049895763397217,4.186132907867432,3.930014133453369,4.1381516456604,3.8512794971466064,3.7061381340026855,3.8299925327301025,3.52702260017395,3.6329662799835205,3.419801950454712,3.562307357788086,3.3314337730407715,3.555417060852051,3.461527109146118,3.2511796951293945
A6,1.2439930438995361,1.046424150466919,0.7273819446563721,0.6285380721092224,0.37041783332824707,0.0,0.38877904415130615,0.5434014797210693,0.8321318030357361,1.068084478378296,1.3817408084869385,1.6160842180252075,1.9322412014007568,2.1258132457733154,2.0972697734832764,0.9873005151748657,1.278426170349121,1.5084151029586792,1.7569878101348877,1.8439019918441772,1.9705884456634521,2.2563517093658447,2.4190914630889893,2.560788154602051,2.8839828968048096,3.091799020767212,3.360046863555908,3.663296937942505,3.900407075881958,3.9993982315063477,2.723161220550537,2.5732953548431396,2.355257034301758,2.2930550575256348,1.9160444736480713,1.8854632377624512,1.7144527435302734,1.8092342615127563,1.532425045967102,1.752825140953064,1.7254143953323364,1.76971435546875,1.7085059881210327,1.9667112827301025,1.9681236743927002,2.316168785095215,2.614089250564575,2.6687068939208984,3.004887819290161,3.0263423919677734,2.9685699939727783,3.343329668045044,3.2853195667266846,3.616694927215576,3.613370180130005,3.987673044204712,3.9475419521331787,4.321533679962158,4.411366939544678,4.486399173736572,3.777776002883911,3.9351775646209717,3.6984305381774902,3.917496919631958,3.6443886756896973,3.5191359519958496,3.6661672592163086,3.3846004009246826,3.514012575149536,3.330188274383545,3.4941956996917725,3.2965047359466553,3.5366835594177246,3.4786758422851562,3.3004260063171387
A7,1.5245660543441772,1.2784984111785889,1.0224997997283936,0.7840926647186279,0.5225051641464233,0.38877904415130615,0.0,0.3846668004989624,0.5454798936843872,0.8325145244598389,1.0855376720428467,1.3534244298934937,1.6285845041275024,1.8322275876998901,1.8274204730987549,1.0647670030593872,1.3516974449157715,1.6422765254974365,1.8490183353424072,1.8681108951568604,2.021303176879883,2.2736570835113525,2.437915086746216,2.525439739227295,2.869046211242676,3.039165496826172,3.3348681926727295,3.6151123046875,3.8801376819610596,3.999659299850464,2.8398990631103516,2.730919122695923,2.5287797451019287,2.5072133541107178,2.1283586025238037,2.1009209156036377,1.9858721494674683,2.0838863849639893,1.821341872215271,2.0762603282928467,2.082973003387451,2.1247148513793945,2.072556734085083,2.3433587551116943,2.3514010906219482,2.6408746242523193,2.9291625022888184,2.9585158824920654,3.2966246604919434,3.287555456161499,3.208353042602539,3.5768556594848633,3.4907970428466797,3.8084781169891357,3.7883615493774414,4.153583526611328,4.090098857879639,4.456380844116211,4.5419416427612305,4.628846168518066,4.042590618133545,4.2220563888549805,3.995220422744751,4.231784820556641,3.973996639251709,3.8491311073303223,4.013801574707031,3.7360475063323975,3.8795576095581055,3.6960999965667725,3.8705530166625977,3.6743202209472656,3.9198930263519287,3.860522747039795,3.677983522415161
A8,1.786125898361206,1.56647789478302,1.2513962984085083,1.0955129861831665,0.8353615999221802,0.5434014797210693,0.3846668004989624,0.0,0.3778965175151825,0.5256016850471497,0.8604010343551636,1.0738242864608765,1.4010010957717896,1.6045970916748047,1.6112767457962036,0.9748480319976807,1.166031837463379,1.4655470848083496,1.705004334449768,1.67572820186615,1.7778077125549316,2.0512681007385254,2.168694257736206,2.248533248901367,2.6050333976745605,2.7590973377227783,3.0449318885803223,3.3354742527008057,3.604980945587158,3.7473480701446533,2.6727166175842285,2.550601005554199,2.393453598022461,2.3518900871276855,1.9824507236480713,2.0193676948547363,1.916706919670105,2.0832326412200928,1.8740345239639282,2.148078441619873,2.159457206726074,2.258114814758301,2.2179465293884277,2.454695463180542,2.4150490760803223,2.549562692642212,2.853273391723633,2.8387322425842285,3.1962168216705322,3.187108039855957,3.0691676139831543,3.4365322589874268,3.3188672065734863,3.6390457153320312,3.5844504833221436,3.9463303089141846,3.855797052383423,4.213767051696777,4.275751113891602,4.34827184677124,3.8319549560546875,4.034452438354492,3.8340020179748535,4.077472686767578,3.835486650466919,3.7373998165130615,3.921825885772705,3.671025276184082,3.832948923110962,3.6826975345611572,3.8716964721679688,3.7083592414855957,3.9620838165283203,3.933448314666748,3.7780096530914307
A9,2.032400369644165,1.81510329246521,1.5417969226837158,1.3286476135253906,1.0327255725860596,0.8321318030357361,0.5454798936843872,0.3778965175151825,0.0,0.38588008284568787,0.5725448727607727,0.8776835799217224,1.1589207649230957,1.4245246648788452,1.5120738744735718,1.3056761026382446,1.475366473197937,1.7931724786758423,2.011929512023926,1.9326653480529785,2.0325286388397217,2.283250331878662,2.3792128562927246,2.408982753753662,2.782475471496582,2.8916072845458984,3.1921401023864746,3.4644014835357666,3.7585933208465576,3.9283337593078613,2.971754550933838,2.867741823196411,2.728809118270874,2.6979312896728516,2.3337819576263428,2.3794503211975098,2.2906606197357178,2.4569671154022217,2.2433440685272217,2.5153918266296387,2.518397569656372,2.5946123600006104,2.528970718383789,2.762503147125244,2.7121007442474365,2.919584274291992,3.226942777633667,3.2038521766662598,3.564765453338623,3.551175355911255,3.4211909770965576,3.7850093841552734,3.6508138179779053,3.9649658203125,3.892845630645752,4.247535228729248,4.13578462600708,4.484013557434082,4.531272888183594,4.599864959716797,4.156590938568115,4.370307445526123,4.182557582855225,4.425554275512695,4.186065196990967,4.09945011138916,4.283670902252197,4.038646697998047,4.196245193481445,4.04998779296875,4.230925559997559,4.063510894775391,4.306449890136719,4.265773773193359,4.095393657684326
A10,2.308919906616211,2.0810368061065674,1.7731682062149048,1.5933738946914673,1.3349050283432007,1.068084478378296,0.8325145244598389,0.5256016850471497,0.38588008284568787,0.0,0.38764068484306335,0.5533179640769958,0.8971245288848877,1.1296429634094238,1.2100982666015625,1.2520546913146973,1.3255925178527832,1.6468867063522339,1.8552632331848145,1.7150356769561768,1.7819911241531372,2.0221400260925293,2.0813863277435303,2.0831499099731445,2.464806318283081,2.54905366897583,2.848285675048828,3.117210626602173,3.4194910526275635,3.6082489490509033,2.7703182697296143,2.6784474849700928,2.5824108123779297,2.559394359588623,2.214505195617676,2.3034071922302246,2.2549426555633545,2.4644463062286377,2.3040082454681396,2.6030666828155518,2.635089635848999,2.761727809906006,2.7293877601623535,2.9510624408721924,2.8839077949523926,2.885262966156006,3.187509059906006,3.119682550430298,3.4868857860565186,3.454371213912964,3.2887229919433594,3.6417412757873535,3.4739110469818115,3.7775042057037354,3.6759262084960938,4.01922082901001,3.881092071533203,4.217011451721191,4.249189853668213,4.316822052001953,3.990305185317993,4.229437828063965,4.064432144165039,4.323834419250488,4.110295295715332,4.037619590759277,4.248626232147217,4.025667190551758,4.209436893463135,4.086796760559082,4.291049003601074,4.153470039367676,4.413542747497559,4.4045186042785645,4.263664722442627
A11,2.598231077194214,2.3633198738098145,2.086021900177002,1.8628721237182617,1.5948355197906494,1.3817408084869385,1.0855376720428467,0.8604010343551636,0.5725448727607727,0.38764068484306335,0.0,0.37309786677360535,0.6008685827255249,0.9165241122245789,1.1060607433319092,1.5955719947814941,1.6647642850875854,1.9940038919448853,2.1719162464141846,1.9922939538955688,2.0646164417266846,2.2681307792663574,2.31190824508667,2.258441925048828,2.64581298828125,2.6797690391540527,2.9923112392425537,3.232654094696045,3.558208703994751,3.7715487480163574,3.066631317138672,2.999810218811035,2.918212652206421,2.9130985736846924,2.5752668380737305,2.663306474685669,2.632549285888672,2.8357255458831787,2.6711184978485107,2.9738471508026123,3.0071017742156982,3.1179757118225098,3.073214530944824,3.2990024089813232,3.2307636737823486,3.2704644203186035,3.5705032348632812,3.4949491024017334,3.861506938934326,3.818681478500366,3.6433775424957275,3.989661693572998,3.8064723014831543,4.099135398864746,3.983395576477051,4.315585136413574,4.158082485198975,4.481337070465088,4.502196788787842,4.570867538452148,4.332866191864014,4.583034992218018,4.428528308868408,4.691218852996826,4.483794212341309,4.416985511779785,4.631271839141846,4.411801338195801,4.595760345458984,4.473947048187256,4.675753116607666,4.534631729125977,4.790062427520752,4.772744655609131,4.62123441696167
A12,2.8537352085113525,2.609243392944336,2.3081159591674805,2.1101064682006836,1.8697794675827026,1.6160842180252075,1.3534244298934937,1.0738242864608765,0.8776835799217224,0.5533179640769958,0.37309786677360535,0.0,0.38878995180130005,0.636184573173523,0.8342096209526062,1.6249507665634155,1.6119194030761719,1.9271141290664673,2.0813896656036377,1.847430944442749,1.8883920907974243,2.0654330253601074,2.0709052085876465,1.9790658950805664,2.3672077655792236,2.367431640625,2.678091287612915,2.907804250717163,3.2419497966766357,3.474222183227539,2.9078781604766846,2.858755350112915,2.81839919090271,2.825169086456299,2.5132880210876465,2.6339190006256104,2.6416852474212646,2.874115467071533,2.7555201053619385,3.0769028663635254,3.1357595920562744,3.2856945991516113,3.2701892852783203,3.488351583480835,3.4112253189086914,3.2740118503570557,3.5632050037384033,3.449441432952881,3.8154850006103516,3.75333833694458,3.5482635498046875,3.879246234893799,3.6663687229156494,3.9437341690063477,3.801835536956787,4.118447780609131,3.936469078063965,4.2441487312316895,4.251439571380615,4.321376800537109,4.20621919631958,4.478152751922607,4.34483003616333,4.622021198272705,4.440924644470215,4.384757995605469,4.622340202331543,4.422731399536133,4.629525184631348,4.527271270751953,4.749472141265869,4.634054183959961,4.904558181762695,4.914531230926514,4.788974285125732
A13,3.1503188610076904,2.8875458240509033,2.611395835876465,2.377497911453247,2.14933705329895,1.9322412014007568,1.6285845041275024,1.4010010957717896,1.1589207649230957,0.8971245288848877,0.6008685827255249,0.38878995180130005,0.0,0.38794392347335815,0.7263195514678955,1.9257851839065552,1.9184646606445312,2.2387874126434326,2.3504443168640137,2.087308406829834,2.1483025550842285,2.274296283721924,2.280452013015747,2.133570432662964,2.511894702911377,2.463047504425049,2.7875165939331055,2.9754395484924316,3.3290200233459473,3.5765156745910645,3.147541046142578,3.13425350189209,3.1020054817199707,3.1385838985443115,2.8349103927612305,2.943397045135498,2.978149652481079,3.197141170501709,3.0783753395080566,3.41013240814209,3.4836161136627197,3.6250510215759277,3.613084554672241,3.844391345977783,3.778966188430786,3.6343352794647217,3.912432909011841,3.7916476726531982,4.150992393493652,4.069065570831299,3.8579859733581543,4.178027153015137,3.952082633972168,4.211781024932861,4.062876224517822,4.364168167114258,4.168188571929932,4.461539268493652,4.466615200042725,4.547874450683594,4.533664226531982,4.815488815307617,4.687129497528076,4.973780155181885,4.803257942199707,4.743150234222412,4.988922595977783,4.788536548614502,5.00183629989624,4.894979476928711,5.122488498687744,5.00368070602417,5.277933120727539,5.2841291427612305,5.153350353240967
A14,3.3312926292419434,3.0437326431274414,2.765106439590454,2.535320520401001,2.352456569671631,2.1258132457733154,1.8322275876998901,1.6045970916748047,1.4245246648788452,1.1296429634094238,0.9165241122245789,0.636184573173523,0.38794392347335815,0.0,0.3956390619277954,1.9398330450057983,1.8911586999893188,2.197762966156006,2.2531847953796387,1.9510127305984497,2.022094488143921,2.0883078575134277,2.095310688018799,1.901755928993225,2.263654947280884,2.1846659183502197,2.5216004848480225,2.6775596141815186,3.039695978164673,3.2879276275634766,2.982029914855957,3.01017165184021,2.997987747192383,3.0720632076263428,2.7921900749206543,2.899169445037842,2.9834423065185547,3.201399564743042,3.116760492324829,3.4684576988220215,3.579488515853882,3.7458508014678955,3.7711427211761475,4.013280391693115,3.964812994003296,3.661524534225464,3.9139676094055176,3.7697014808654785,4.115373611450195,4.001213550567627,3.7762811183929443,4.076323509216309,3.8318324089050293,4.0664591789245605,3.9108238220214844,4.192840576171875,3.986520528793335,4.266233921051025,4.278318881988525,4.38063907623291,4.483237266540527,4.77839469909668,4.655578136444092,4.961813449859619,4.816565990447998,4.747063159942627,5.014557838439941,4.819808483123779,5.05572509765625,4.9508490562438965,5.200798511505127,5.095469951629639,5.389059066772461,5.414417743682861,5.303395748138428
A15,3.2638425827026367,2.955003499984741,2.6764533519744873,2.459131956100464,2.329468250274658,2.0972697734832764,1.8274204730987549,1.6112767457962036,1.5120738744735718,1.2100982666015625,1.1060607433319092,0.8342096209526062,0.7263195514678955,0.3956390619277954,0.0,1.7397801876068115,1.6693559885025024,1.9631458520889282,1.965126395225525,1.6477205753326416,1.7509852647781372,1.7706223726272583,1.8132340908050537,1.6097091436386108,1.958665132522583,1.8982924222946167,2.2528302669525146,2.3999319076538086,2.756410598754883,2.9790761470794678,2.6605148315429688,2.7217588424682617,2.706901788711548,2.8172271251678467,2.5513596534729004,2.6411967277526855,2.7663471698760986,2.9716296195983887,2.913100481033325,3.2792413234710693,3.4259729385375977,3.6116461753845215,3.6754159927368164,3.9304144382476807,3.90722918510437,3.4712576866149902,3.6966490745544434,3.544400930404663,3.8735592365264893,3.7324209213256836,3.508801221847534,3.796006441116333,3.5500171184539795,3.768238067626953,3.6251659393310547,3.899941921234131,3.7040109634399414,3.9855284690856934,4.021366119384766,4.149343967437744,4.280854225158691,4.576336860656738,4.444026947021484,4.765907287597656,4.635632038116455,4.546396732330322,4.827610015869141,4.628723621368408,4.881069660186768,4.76909875869751,5.037418365478516,4.938411712646484,5.249573230743408,5.289033889770508,5.195073127746582
B1,1.8126014471054077,1.5368497371673584,1.2117676734924316,1.1965895891189575,1.238419771194458,0.9873005151748657,1.0647670030593872,0.9748480319976807,1.3056761026382446,1.2520546913146973,1.5955719947814941,1.6249507665634155,1.9257851839065552,1.9398330450057983,1.7397801876068115,0.0,0.38705143332481384,0.6401138305664062,0.7908461689949036,0.8920451998710632,1.0893723964691162,1.3232303857803345,1.5558055639266968,1.7244610786437988,1.9999966621398926,2.253554105758667,2.517014741897583,2.8065879344940186,3.016690492630005,3.0748350620269775,1.782833456993103,1.697383165359497,1.486219882965088,1.5248295068740845,1.157181978225708,1.1216834783554077,1.1369799375534058,1.2855647802352905,1.1785026788711548,1.539738416671753,1.7005789279937744,1.9104491472244263,2.037358283996582,2.3030076026916504,2.344949722290039,1.9118236303329468,2.1376559734344482,2.1003568172454834,2.421478509902954,2.3423736095428467,2.235339641571045,2.586609363555908,2.4821338653564453,2.7793900966644287,2.7735745906829834,3.131446361541748,3.087885618209839,3.458982467651367,3.581974983215332,3.707087755203247,3.1986186504364014,3.3971705436706543,3.1646504402160645,3.4536192417144775,3.252876043319702,3.0954744815826416,3.3259172439575195,3.0626778602600098,3.2832834720611572,3.1166915893554688,3.373093843460083,3.2410900592803955,3.5590217113494873,3.5911014080047607,3.507155656814575
B2,2.138068914413452,1.8906878232955933,1.5483514070510864,1.566923975944519,1.5740094184875488,1.278426170349121,1.3516974449157715,1.166031837463379,1.475366473197937,1.3255925178527832,1.6647642850875854,1.6119194030761719,1.9184646606445312,1.8911586999893188,1.6693559885025024,0.38705143332481384,0.0,0.3512541353702545,0.5526323914527893,0.5849015116691589,0.7145647406578064,0.9887478351593018,1.1856380701065063,1.3782541751861572,1.650769829750061,1.9130394458770752,2.15811824798584,2.4631989002227783,2.665802001953125,2.734729290008545,1.507323980331421,1.411407470703125,1.2663319110870361,1.2957955598831177,0.9544318914413452,1.0253466367721558,1.0981413125991821,1.3350956439971924,1.3312318325042725,1.687827467918396,1.857682228088379,2.120124340057373,2.261960029602051,2.489309787750244,2.4943671226501465,1.8257538080215454,2.0482215881347656,1.9450836181640625,2.2790446281433105,2.1851327419281006,2.0248279571533203,2.3679401874542236,2.2199466228485107,2.515012502670288,2.4710161685943604,2.8248090744018555,2.753910779953003,3.1192126274108887,3.2259063720703125,3.345842123031616,2.9331326484680176,3.160454511642456,2.9561352729797363,3.2615208625793457,3.090219736099243,2.9560093879699707,3.216099262237549,2.986548900604248,3.2345988750457764,3.1060073375701904,3.3833675384521484,3.2931344509124756,3.6215479373931885,3.6908762454986572,3.642025947570801
B3,2.219843864440918,2.0052413940429688,1.6679255962371826,1.7563976049423218,1.7958201169967651,1.5084151029586792,1.6422765254974365,1.4655470848083496,1.7931724786758423,1.6468867063522339,1.9940038919448853,1.9271141290664673,2.2387874126434326,2.197762966156006,1.9631458520889282,0.6401138305664062,0.3512541353702545,0.0,0.37950214743614197,0.5706780552864075,0.6137736439704895,0.9043734669685364,1.09603750705719,1.3660577535629272,1.5747480392456055,1.8844603300094604,2.081395149230957,2.4012928009033203,2.5591392517089844,2.594336748123169,1.234015941619873,1.0910738706588745,0.9408566951751709,0.9447705149650574,0.6090824007987976,0.7314487099647522,0.8381311893463135,1.1191649436950684,1.2044016122817993,1.5422016382217407,1.732365369796753,2.0386009216308594,2.216754913330078,2.4165287017822266,2.420686960220337,1.5329163074493408,1.7350658178329468,1.6086589097976685,1.9397408962249756,1.8422527313232422,1.6747300624847412,2.0202417373657227,1.879375696182251,2.183622360229492,2.1513442993164062,2.513146162033081,2.4639499187469482,2.837581157684326,2.9561026096343994,3.0761055946350098,2.6022908687591553,2.8247509002685547,2.6157422065734863,2.9282875061035156,2.7691357135772705,2.629342555999756,2.9024150371551514,2.682802677154541,2.9478919506073,2.8329761028289795,3.127382755279541,3.063175678253174,3.4037373065948486,3.50209641456604,3.486454963684082
B4,2.4134325981140137,2.164161443710327,1.8642665147781372,1.9213690757751465,2.0105557441711426,1.7569878101348877,1.8490183353424072,1.705004334449768,2.011929512023926,1.8552632331848145,2.1719162464141846,2.0813896656036377,2.3504443168640137,2.2531847953796387,1.965126395225525,0.7908461689949036,0.5526323914527893,0.37950214743614197,0.0,0.3847281336784363,0.577864944934845,0.7069021463394165,1.0041786432266235,1.2556980848312378,1.4119518995285034,1.7405587434768677,1.9479422569274902,2.233919143676758,2.38073992729187,2.3802614212036133,0.996279776096344,0.9661638140678406,0.7943642139434814,0.9518781900405884,0.69808429479599,0.7182419300079346,0.9752317070960999,1.1744722127914429,1.3042972087860107,1.6589263677597046,1.9099334478378296,2.214444398880005,2.434145212173462,2.656660318374634,2.700906276702881,1.6943691968917847,1.824750542640686,1.6845524311065674,1.9666266441345215,1.7993108034133911,1.6330503225326538,1.9433314800262451,1.7909785509109497,2.0528178215026855,2.041876792907715,2.382997751235962,2.344200372695923,2.7125606536865234,2.86555814743042,3.0281858444213867,2.6770498752593994,2.9036123752593994,2.6883504390716553,3.0254011154174805,2.899413824081421,2.730217218399048,3.0231971740722656,2.800715208053589,3.0873122215270996,2.9591996669769287,3.2756621837615967,3.215920925140381,3.5742368698120117,3.6823887825012207,3.680483102798462
B5,2.6581780910491943,2.3910722732543945,2.077410936355591,2.0807297229766846,2.122274875640869,1.8439019918441772,1.8681108951568604,1.67572820186615,1.9326653480529785,1.7150356769561768,1.9922939538955688,1.847430944442749,2.087308406829834,1.9510127305984497,1.6477205753326416,0.8920451998710632,0.5849015116691589,0.5706780552864075,0.3847281336784363,0.0,0.36032575368881226,0.43601036071777344,0.7353292107582092,0.9186566472053528,1.1315841674804688,1.421197533607483,1.668283224105835,1.94680655002594,2.137172222137451,2.184081554412842,1.0921930074691772,1.1190778017044067,1.0602744817733765,1.216437578201294,1.001645803451538,1.0923045873641968,1.3300302028656006,1.5534418821334839,1.6605933904647827,2.0213663578033447,2.253377914428711,2.5483570098876953,2.74143385887146,2.964305877685547,2.983834981918335,2.0134384632110596,2.158658027648926,1.9822453260421753,2.2726941108703613,2.096864938735962,1.8859968185424805,2.1738922595977783,1.9660680294036865,2.204745292663574,2.136331081390381,2.4556121826171875,2.359541893005371,2.7073895931243896,2.8319079875946045,2.99511456489563,2.8384618759155273,3.098947763442993,2.9193387031555176,3.2640321254730225,3.1576719284057617,3.016724109649658,3.3226115703582764,3.1230297088623047,3.4152464866638184,3.3072457313537598,3.62280535697937,3.572359800338745,3.9257400035858154,4.034809112548828,4.0277533531188965
B6,2.813506603240967,2.581151008605957,2.24155330657959,2.2795400619506836,2.282503604888916,1.9705884456634521,2.021303176879883,1.7778077125549316,2.0325286388397217,1.7819911241531372,2.0646164417266846,1.8883920907974243,2.1483025550842285,2.022094488143921,1.7509852647781372,1.0893723964691162,0.7145647406578064,0.6137736439704895,0.577864944934845,0.36032575368881226,0.0,0.3782404661178589,0.48685240745544434,0.7608799338340759,0.9734959602355957,1.2740215063095093,1.473449945449829,1.7949318885803223,1.9707741737365723,2.0433971881866455,1.0377742052078247,0.9919070601463318,1.0372768640518188,1.1121459007263184,0.9488816261291504,1.1552376747131348,1.358959674835205,1.6480602025985718,1.791253924369812,2.124234199523926,2.3259334564208984,2.645014524459839,2.8242275714874268,3.008470058441162,2.986083745956421,1.9304708242416382,2.0924103260040283,1.8706132173538208,2.179626941680908,2.0272042751312256,1.7710380554199219,2.0561764240264893,1.81364107131958,2.066093921661377,1.9473060369491577,2.2704765796661377,2.14225172996521,2.4869322776794434,2.5770585536956787,2.712231397628784,2.590012788772583,2.8722002506256104,2.725368022918701,3.067861318588257,2.9757437705993652,2.8715102672576904,3.1877012252807617,3.022498369216919,3.3213562965393066,3.252239227294922,3.568081855773926,3.548804759979248,3.8962018489837646,4.027309417724609,4.039991855621338
B7,3.076404094696045,2.8188912868499756,2.5022389888763428,2.515463352203369,2.5475494861602783,2.2563517093658447,2.2736570835113525,2.0512681007385254,2.283250331878662,2.0221400260925293,2.2681307792663574,2.0654330253601074,2.274296283721924,2.0883078575134277,1.7706223726272583,1.3232303857803345,0.9887478351593018,0.9043734669685364,0.7069021463394165,0.43601036071777344,0.3782404661178589,0.0,0.3819742500782013,0.5836719274520874,0.7107206583023071,1.0353264808654785,1.25278639793396,1.5322158336639404,1.7049922943115234,1.7525625228881836,0.9046341776847839,1.0005292892456055,1.0805344581604004,1.2585583925247192,1.166435718536377,1.3157894611358643,1.5913629531860352,1.8332139253616333,2.001396417617798,2.3426713943481445,2.5818064212799072,2.900730848312378,3.1068315505981445,3.3066225051879883,3.309457778930664,2.167965888977051,2.2775373458862305,2.0407137870788574,2.305799961090088,2.0984370708465576,1.8360105752944946,2.072394371032715,1.8061927556991577,2.0015296936035156,1.8823195695877075,2.168346881866455,2.0302975177764893,2.356160879135132,2.4706292152404785,2.6487796306610107,2.7077274322509766,2.998274326324463,2.857901096343994,3.219669818878174,3.1629037857055664,3.0420618057250977,3.375814914703369,3.216150999069214,3.5327656269073486,3.459517002105713,3.792370080947876,3.7809195518493652,4.1412034034729,4.282407283782959,4.30731725692749
B8,3.299722194671631,3.0645246505737305,2.7250218391418457,2.7494194507598877,2.7386348247528076,2.4190914630889893,2.437915086746216,2.168694257736206,2.3792128562927246,2.0813863277435303,2.31190824508667,2.0709052085876465,2.280452013015747,2.095310688018799,1.8132340908050537,1.5558055639266968,1.1856380701065063,1.09603750705719,1.0041786432266235,0.7353292107582092,0.48685240745544434,0.3819742500782013,0.0,0.3677840530872345,0.5121841430664062,0.8149657845497131,0.9873996376991272,1.3179705142974854,1.4971269369125366,1.6042536497116089,1.0545216798782349,1.0895811319351196,1.2691559791564941,1.3671499490737915,1.3184235095977783,1.5466252565383911,1.7809239625930786,2.070242166519165,2.2492763996124268,2.572214365005493,2.7800381183624268,3.110952377319336,3.295679807662964,3.465409994125366,3.427671432495117,2.2595086097717285,2.387906074523926,2.1131227016448975,2.391502857208252,2.209779977798462,1.9057681560516357,2.12666654586792,1.820346713066101,2.0139153003692627,1.8260772228240967,2.0976157188415527,1.90285062789917,2.2081069946289062,2.2697129249572754,2.416341543197632,2.5975780487060547,2.916011333465576,2.820894718170166,3.17676043510437,3.138749599456787,3.0616891384124756,3.4027631282806396,3.2804388999938965,3.5993783473968506,3.564528226852417,3.8931005001068115,3.9082634449005127,4.258978366851807,4.4159464836120605,4.453086853027344
B9,3.5162549018859863,3.2592523097991943,2.924107551574707,2.9045300483703613,2.877028226852417,2.560788154602051,2.525439739227295,2.248533248901367,2.408982753753662,2.0831499099731445,2.258441925048828,1.9790658950805664,2.133570432662964,1.901755928993225,1.6097091436386108,1.7244610786437988,1.3782541751861572,1.3660577535629272,1.2556980848312378,0.9186566472053528,0.7608799338340759,0.5836719274520874,0.3677840530872345,0.0,0.3894396126270294,0.5385799407958984,0.81582111120224,1.102982521057129,1.357704520225525,1.5256178379058838,1.3395498991012573,1.4320316314697266,1.6032792329788208,1.7282092571258545,1.662966251373291,1.8667809963226318,2.106731414794922,2.3826236724853516,2.5367019176483154,2.876063346862793,3.0863540172576904,3.4031729698181152,3.5774893760681152,3.762333631515503,3.725029230117798,2.6202027797698975,2.7516138553619385,2.4799132347106934,2.7536635398864746,2.5604019165039062,2.256737470626831,2.459855318069458,2.142195463180542,2.3039066791534424,2.1004059314727783,2.335505962371826,2.1091082096099854,2.3772897720336914,2.4204261302948,2.574995994567871,2.922394037246704,3.251037836074829,3.170727491378784,3.527527093887329,3.498047113418579,3.426274299621582,3.7689454555511475,3.648192882537842,3.966660499572754,3.929008722305298,4.256398677825928,4.264834403991699,4.61475133895874,4.763545513153076,4.789339542388916
B10,3.77095103263855,3.5175750255584717,3.191523551940918,3.1933321952819824,3.1936140060424805,2.8839828968048096,2.869046211242676,2.6050333976745605,2.782475471496582,2.464806318283081,2.64581298828125,2.3672077655792236,2.511894702911377,2.263654947280884,1.958665132522583,1.9999966621398926,1.650769829750061,1.5747480392456055,1.4119518995285034,1.1315841674804688,0.9734959602355957,0.7107206583023071,0.5121841430664062,0.3894396126270294,0.0,0.38576093316078186,0.5483304262161255,0.8281472325325012,1.020229697227478,1.1471607685089111,1.204211950302124,1.355284333229065,1.5822153091430664,1.7371821403503418,1.7529032230377197,1.9505183696746826,2.226698160171509,2.487208127975464,2.6873881816864014,3.01237154006958,3.24385666847229,3.577434778213501,3.779507637023926,3.955253839492798,3.9277007579803467,2.6795949935913086,2.763453960418701,2.4663965702056885,2.6985669136047363,2.474273443222046,2.157900810241699,2.306962251663208,1.9681378602981567,2.0764694213867188,1.857900619506836,2.0502851009368896,1.8103704452514648,2.054492950439453,2.1127243041992188,2.299802303314209,2.800809383392334,3.1349620819091797,3.0715112686157227,3.439805746078491,3.4510324001312256,3.376032590866089,3.734985828399658,3.635664701461792,3.971529245376587,3.947997570037842,4.290729522705078,4.324272632598877,4.683425426483154,4.856410026550293,4.91030216217041
B11,4.049762725830078,3.7876052856445312,3.457833766937256,3.431161880493164,3.4057352542877197,3.091799020767212,3.039165496826172,2.7590973377227783,2.8916072845458984,2.54905366897583,2.6797690391540527,2.367431640625,2.463047504425049,2.1846659183502197,1.8982924222946167,2.253554105758667,1.9130394458770752,1.8844603300094604,1.7405587434768677,1.421197533607483,1.2740215063095093,1.0353264808654785,0.8149657845497131,0.5385799407958984,0.38576093316078186,0.0,0.37353113293647766,0.5767451524734497,0.8819853663444519,1.1200976371765137,1.5848889350891113,1.7368664741516113,1.9663177728652954,2.1116621494293213,2.1134490966796875,2.316410779953003,2.5813822746276855,2.8482134342193604,3.0300636291503906,3.3631398677825928,3.585742235183716,3.9118950366973877,4.0982279777526855,4.276564121246338,4.236352443695068,3.0390231609344482,3.1358861923217773,2.8346140384674072,3.071547269821167,2.852315664291382,2.5294313430786133,2.66709566116333,2.317793846130371,2.4066264629364014,2.1625475883483887,2.3184914588928223,2.0420095920562744,2.2366631031036377,2.2532553672790527,2.4271297454833984,3.0915462970733643,3.4382920265197754,3.399993658065796,3.7629973888397217,3.783000946044922,3.726529836654663,4.085888862609863,3.9977500438690186,4.331612586975098,4.316746234893799,4.655580043792725,4.690316677093506,5.045042037963867,5.215031147003174,5.262218475341797
B12,4.284914493560791,4.041057109832764,3.704953670501709,3.7072272300720215,3.6831092834472656,3.360046863555908,3.3348681926727295,3.0449318885803223,3.1921401023864746,2.848285675048828,2.9923112392425537,2.678091287612915,2.7875165939331055,2.5216004848480225,2.2528302669525146,2.517014741897583,2.15811824798584,2.081395149230957,1.9479422569274902,1.668283224105835,1.473449945449829,1.25278639793396,0.9873996376991272,0.81582111120224,0.5483304262161255,0.37353113293647766,0.0,0.3808954358100891,0.5870137214660645,0.8630707859992981,1.619688630104065,1.7567400932312012,2.039288282394409,2.1598167419433594,2.221285104751587,2.448829412460327,2.7116036415100098,2.9889180660247803,3.203739881515503,3.5157470703125,3.734278917312622,4.07686185836792,4.270809650421143,4.425482749938965,4.371971607208252,3.0808401107788086,3.1567327976226807,2.8297712802886963,3.0438992977142334,2.8268368244171143,2.4864938259124756,2.5826966762542725,2.2154057025909424,2.270660877227783,1.989565372467041,2.1027514934539795,1.7929471731185913,1.9468889236450195,1.933111548423767,2.101707935333252,2.9230854511260986,3.2792980670928955,3.2759928703308105,3.6353707313537598,3.6896004676818848,3.6544923782348633,4.021698951721191,3.966970682144165,4.308411598205566,4.322402000427246,4.665217399597168,4.729622840881348,5.082611083984375,5.275928020477295,5.348448276519775
B13,4.593033313751221,4.333252429962158,4.007900714874268,3.990994453430176,3.9763166904449463,3.663296937942505,3.6151123046875,3.3354742527008057,3.4644014835357666,3.117210626602173,3.232654094696045,2.907804250717163,2.9754395484924316,2.6775596141815186,2.3999319076538086,2.8065879344940186,2.4631989002227783,2.4012928009033203,2.233919143676758,1.94680655002594,1.7949318885803223,1.5322158336639404,1.3179705142974854,1.102982521057129,0.8281472325325012,0.5767451524734497,0.3808954358100891,0.0,0.3797307312488556,0.7137197256088257,1.864017367362976,2.0503177642822266,2.324361801147461,2.4788005352020264,2.5480241775512695,2.7499728202819824,3.034060001373291,3.290924310684204,3.5070230960845947,3.825928211212158,4.060296058654785,4.399529933929443,4.603205680847168,4.769597053527832,4.728555202484131,3.4201202392578125,3.476170778274536,3.149996042251587,3.341660499572754,3.1018965244293213,2.7694575786590576,2.8347065448760986,2.4687860012054443,2.4782493114471436,2.206005096435547,2.267514944076538,1.9562257528305054,2.0556676387786865,2.047389268875122,2.2423911094665527,3.214613199234009,3.5686326026916504,3.5722692012786865,3.935675859451294,4.0092082023620605,3.966458559036255,4.338789463043213,4.286648750305176,4.6343092918396,4.644608974456787,4.99414587020874,5.0599188804626465,5.418618679046631,5.614455223083496,5.6899495124816895
