,A1,A2,A3,A4,A5,A6,A7,A8,A9,A10,A11,A12,A13,A14,A15,B1,B2,B3,B4,B5,B6,B7,B8,B9,B10,B11,B12,B13,B14,B15,C1,C2,C3,C4,C5,C6,C7,C8,C9,C10,C11,C12,C13,C14,C15,D1,D2,D3,D4,D5,D6,D7,D8,D9,D10,D11,D12,D13,D14,D15,E1,E2,E3,E4,E5,E6,E7,E8,E9,E10,E11,E12,E13,E14,E15
A1,0.0,0.3976157009601593,0.611242413520813,0.8985095024108887,1.1639363765716553,1.316225528717041,1.6596037149429321,1.891404151916504,2.2297229766845703,2.4134881496429443,2.7542498111724854,2.8996963500976562,3.225306749343872,3.1916348934173584,3.1481988430023193,1.4548081159591675,1.3698374032974243,1.2931478023529053,1.2966761589050293,1.4595996141433716,1.6816891431808472,1.9425019025802612,2.187157154083252,2.5010416507720947,2.688300371170044,3.0392937660217285,3.1951904296875,3.5546159744262695,3.622730255126953,3.645512580871582,2.2257497310638428,2.1035444736480713,1.946779489517212,1.9344357252120972,1.9512568712234497,2.1019837856292725,2.3009192943573,2.507319450378418,2.788816452026367,2.977346897125244,3.3077468872070312,3.490231990814209,3.8517773151397705,3.9368999004364014,3.9897618293762207,2.7582273483276367,2.7237932682037354,2.530090093612671,2.5379772186279297,2.4798924922943115,2.5807878971099854,2.7480082511901855,2.903798818588257,3.1393327713012695,3.3261444568634033,3.6178290843963623,3.8258750438690186,4.177426338195801,4.317607879638672,4.448712348937988,3.480404853820801,3.522291660308838,3.2404990196228027,3.2773427963256836,3.1389963626861572,3.1677682399749756,3.3321056365966797,3.3870911598205566,3.582087993621826,3.722119092941284,3.934826612472534,4.141702651977539,4.341089248657227,4.667476177215576,4.849539756774902
A2,0.3976157009601593,0.0,0.3834887146949768,0.531392514705658,0.8370964527130127,1.062013864517212,1.399912714958191,1.6677985191345215,2.012629747390747,2.2107527256011963,2.558992624282837,2.728930711746216,3.0699732303619385,3.067622423171997,3.024245262145996,1.3456207513809204,1.2173854112625122,1.050998330116272,0.9879649877548218,1.106368064880371,1.360642671585083,1.6094664335250854,1.887897253036499,2.207062244415283,2.4149086475372314,2.7739739418029785,2.9512124061584473,3.320756196975708,3.4013869762420654,3.4271271228790283,2.0167253017425537,1.8763151168823242,1.6667343378067017,1.6224653720855713,1.5968571901321411,1.753530502319336,1.9366596937179565,2.16617488861084,2.4498097896575928,2.659839630126953,2.997194528579712,3.1987643241882324,3.5671582221984863,3.6641035079956055,3.715477466583252,2.4969944953918457,2.4549379348754883,2.2248482704162598,2.2168216705322266,2.125380516052246,2.2215898036956787,2.372044801712036,2.5401461124420166,2.77406644821167,2.9787795543670654,3.2746715545654297,3.4981517791748047,3.854886054992676,4.002025127410889,4.127439498901367,3.1670777797698975,3.2081940174102783,2.90775990486145,2.942354679107666,2.781189203262329,2.801457166671753,2.951108455657959,3.010289430618286,3.199763774871826,3.352159023284912,3.564823627471924,3.784810781478882,3.985304117202759,4.317707538604736,4.5087666511535645
A3,0.611242413520813,0.3834887146949768,0.0,0.3926132917404175,0.5853530764579773,0.7132322788238525,1.068780541419983,1.3057984113693237,1.654953956604004,1.8401039838790894,2.1887903213500977,2.3506295680999756,2.689887046813965,2.6847479343414307,2.6474053859710693,1.0187687873840332,0.9621952772140503,0.768679678440094,0.8297365307807922,0.9120444655418396,1.084270715713501,1.340012550354004,1.5759172439575195,1.8930952548980713,2.0810012817382812,2.435067653656006,2.6001358032226562,2.9645094871520996,3.0441455841064453,3.07989239692688,1.7654502391815186,1.6882256269454956,1.4724125862121582,1.510880708694458,1.465402603149414,1.550225019454956,1.7305817604064941,1.9099478721618652,2.186002254486084,2.3683595657348633,2.696683168411255,2.88149356842041,3.2433347702026367,3.3361518383026123,3.3995652198791504,2.282076835632324,2.294743061065674,2.070807933807373,2.1274378299713135,2.0276339054107666,2.06695294380188,2.215013027191162,2.334660768508911,2.5587637424468994,2.7311782836914062,3.0159058570861816,3.2196602821350098,3.568162679672241,3.712202787399292,3.8532238006591797,3.0000252723693848,3.0841853618621826,2.795056104660034,2.8795039653778076,2.7171828746795654,2.691605806350708,2.8378121852874756,2.8525190353393555,3.0360074043273926,3.150597333908081,3.35630202293396,3.5482351779937744,3.7485225200653076,4.068603515625,4.248684883117676
A4,0.8985095024108887,0.531392514705658,0.3926132917404175,0.0,0.3726828396320343,0.6547447443008423,0.9708086252212524,1.254210114479065,1.6008158922195435,1.7979954481124878,2.1502490043640137,2.3384413719177246,2.692639112472534,2.7228126525878906,2.6802122592926025,1.1238106489181519,0.9926499724388123,0.69319087266922,0.6064997315406799,0.5969842672348022,0.8476353287696838,1.0869064331054688,1.3840430974960327,1.7101141214370728,1.92603600025177,2.290389060974121,2.481823444366455,2.8577823638916016,2.949042558670044,2.981549024581909,1.663864016532898,1.547704815864563,1.2678853273391724,1.243262767791748,1.1391184329986572,1.2473008632659912,1.4098403453826904,1.6366329193115234,1.9219242334365845,2.1380691528320312,2.4793741703033447,2.6903650760650635,3.062340497970581,3.167485237121582,3.2221927642822266,2.0919179916381836,2.079979181289673,1.811276912689209,1.8329133987426758,1.6928489208221436,1.7381659746170044,1.867634892463684,2.016549825668335,2.245163917541504,2.4481685161590576,2.744079113006592,2.9708869457244873,3.3292434215545654,3.4797070026397705,3.60693097114563,2.7277159690856934,2.799266815185547,2.4868600368499756,2.557131767272949,2.369413375854492,2.343968391418457,2.4752185344696045,2.5064022541046143,2.6879489421844482,2.827524423599243,3.03855562210083,3.2544186115264893,3.459336996078491,3.7891616821289062,3.985172748565674
A5,1.1639363765716553,0.8370964527130127,0.5853530764579773,0.3726828396320343,0.0,0.37524545192718506,0.6166830658912659,0.9371721148490906,1.2603764533996582,1.4933606386184692,1.8282592296600342,2.0477044582366943,2.391343832015991,2.455852746963501,2.4500539302825928,1.1042917966842651,1.0733990669250488,0.7199615836143494,0.7486841082572937,0.5583089590072632,0.6488298773765564,0.8027551174163818,1.0850590467453003,1.3820186853408813,1.6226868629455566,1.9738582372665405,2.18890118598938,2.5585010051727295,2.680267333984375,2.7507803440093994,1.6494083404541016,1.6058861017227173,1.2919620275497437,1.3315339088439941,1.145941972732544,1.138914704322815,1.2271062135696411,1.39858877658844,1.6435911655426025,1.8644063472747803,2.1842098236083984,2.407758951187134,2.768988847732544,2.8993723392486572,2.9889073371887207,2.063527822494507,2.1102356910705566,1.8229799270629883,1.8939971923828125,1.7050635814666748,1.6678231954574585,1.7438715696334839,1.8351062536239624,2.0214807987213135,2.2123212814331055,2.479379415512085,2.7085318565368652,3.0514438152313232,3.2233898639678955,3.380617618560791,2.6884543895721436,2.804605007171631,2.488631010055542,2.6009459495544434,2.385209321975708,2.299856662750244,2.390756845474243,2.3703653812408447,2.515700578689575,2.6249074935913086,2.8048391342163086,2.999560594558716,3.1836819648742676,3.512610673904419,3.688483476638794
A6,1.316225528717041,1.062013864517212,0.7132322788238525,0.6547447443008423,0.37524545192718506,0.0,0.3807142674922943,0.6102870106697083,0.9625018835067749,1.1621711254119873,1.507948398590088,1.703126072883606,2.047457695007324,2.092996835708618,2.087841749191284,0.850164532661438,0.9341110587120056,0.6194322109222412,0.8291231393814087,0.6700616478919983,0.564486026763916,0.7327651977539062,0.894466757774353,1.192259430885315,1.3811637163162231,1.7271981239318848,1.9100584983825684,2.2728445529937744,2.3820040225982666,2.4578795433044434,1.4734632968902588,1.5154852867126465,1.2381783723831177,1.3875970840454102,1.231014370918274,1.1353660821914673,1.236140251159668,1.312500238418579,1.547166347503662,1.7061958312988281,2.0124456882476807,2.1976711750030518,2.5495989322662354,2.6625938415527344,2.7613751888275146,1.9429965019226074,2.0534508228302,1.8037974834442139,1.9517165422439575,1.7892662286758423,1.6983178853988647,1.7892613410949707,1.8127989768981934,1.991135597229004,2.122800588607788,2.375817060470581,2.565744638442993,2.897284984588623,3.0549733638763428,3.2277283668518066,2.6405770778656006,2.8002212047576904,2.5149688720703125,2.6778268814086914,2.4847450256347656,2.3627030849456787,2.464517116546631,2.3957326412200928,2.5423471927642822,2.5980122089385986,2.774688959121704,2.926858901977539,3.115509510040283,3.4218757152557373,3.584263801574707
A7,1.6596037149429321,1.399912714958191,1.068780541419983,0.9708086252212524,0.6166830658912659,0.3807142674922943,0.0,0.37268978357315063,0.6472201347351074,0.9202484488487244,1.2274532318115234,1.479227900505066,1.8052984476089478,1.9105849266052246,1.9571105241775513,1.1039925813674927,1.2360855340957642,0.9262856245040894,1.1182224750518799,0.8602558970451355,0.6203093528747559,0.5750877261161804,0.6563634276390076,0.875970721244812,1.1081730127334595,1.4272245168685913,1.6516833305358887,2.003448486328125,2.158531427383423,2.284726619720459,1.6039994955062866,1.6978362798690796,1.3985891342163086,1.5653201341629028,1.340340256690979,1.1474249362945557,1.1378371715545654,1.1324201822280884,1.2907724380493164,1.4560579061508179,1.7250367403030396,1.932041883468628,2.2670681476593018,2.417182445526123,2.5587456226348877,2.0035431385040283,2.157817840576172,1.8901067972183228,2.06215500831604,1.852029800415039,1.6876957416534424,1.7076224088668823,1.6672606468200684,1.7832143306732178,1.9013696908950806,2.1119093894958496,2.3078575134277344,2.61733078956604,2.8035480976104736,3.008615732192993,2.6382699012756348,2.833376884460449,2.545044422149658,2.7365195751190186,2.514559030532837,2.3392603397369385,2.3901686668395996,2.272174835205078,2.3710570335388184,2.396003246307373,2.531435966491699,2.661175012588501,2.8218393325805664,3.127302885055542,3.2671875953674316
A8,1.891404151916504,1.6677985191345215,1.3057984113693237,1.254210114479065,0.9371721148490906,0.6102870106697083,0.37268978357315063,0.0,0.3748723566532135,0.5637630224227905,0.898444414138794,1.1174888610839844,1.4546712636947632,1.5428611040115356,1.5852491855621338,1.0250146389007568,1.2348837852478027,1.0045149326324463,1.2727237939834595,1.0626542568206787,0.7390550971031189,0.7020502090454102,0.5702647566795349,0.7496513724327087,0.8720408082008362,1.176882028579712,1.3512146472930908,1.6955937147140503,1.8312889337539673,1.9605170488357544,1.4719213247299194,1.647984504699707,1.4009150266647339,1.6479297876358032,1.4617156982421875,1.210215449333191,1.217376470565796,1.107086181640625,1.2432643175125122,1.3133565187454224,1.5584927797317505,1.708498477935791,2.0302841663360596,2.1533634662628174,2.2994370460510254,1.8861106634140015,2.100017547607422,1.878259301185608,2.114562749862671,1.9378610849380493,1.733046531677246,1.7713959217071533,1.6660903692245483,1.7742927074432373,1.8180443048477173,2.0112850666046143,2.1539409160614014,2.448715925216675,2.6105926036834717,2.825326681137085,2.5651965141296387,2.7994518280029297,2.548701763153076,2.784332275390625,2.590853214263916,2.387127161026001,2.4519169330596924,2.291962146759033,2.3959479331970215,2.364572286605835,2.5007898807525635,2.58278226852417,2.7534890174865723,3.027411699295044,3.1575515270233154
A9,2.2297229766845703,2.012629747390747,1.654953956604004,1.6008158922195435,1.2603764533996582,0.9625018835067749,0.6472201347351074,0.3748723566532135,0.0,0.377615362405777,0.5922436118125916,0.8894688487052917,1.182015061378479,1.3434993028640747,1.4621211290359497,1.3546721935272217,1.588966727256775,1.373335838317871,1.6305664777755737,1.3906679153442383,1.0456715822219849,0.8963308334350586,0.654463529586792,0.6233312487602234,0.7201364636421204,0.9312960505485535,1.1326143741607666,1.4404197931289673,1.6298480033874512,1.826063632965088,1.7168935537338257,1.9324755668640137,1.6926686763763428,1.9471715688705444,1.7333812713623047,1.433469295501709,1.3611133098602295,1.1620122194290161,1.1837680339813232,1.212803840637207,1.3755605220794678,1.5202643871307373,1.800413966178894,1.9583524465560913,2.159210205078125,2.067180871963501,2.318619966506958,2.101290464401245,2.3561582565307617,2.1571760177612305,1.9019830226898193,1.8838427066802979,1.7117761373519897,1.7460362911224365,1.7477104663848877,1.8736943006515503,1.997799038887024,2.2502822875976562,2.4357240200042725,2.6902823448181152,2.685533046722412,2.9523367881774902,2.7126781940460205,2.973029375076294,2.7661807537078857,2.52083683013916,2.5429418087005615,2.3346240520477295,2.389183282852173,2.3117306232452393,2.3974876403808594,2.435354709625244,2.5704450607299805,2.8282573223114014,2.923200845718384
A10,2.4134881496429443,2.2107527256011963,1.8401039838790894,1.7979954481124878,1.4933606386184692,1.1621711254119873,0.9202484488487244,0.5637630224227905,0.377615362405777,0.0,0.3788311779499054,0.5638808608055115,0.9116127490997314,1.0284373760223389,1.1030352115631104,1.3155086040496826,1.569844126701355,1.426598310470581,1.7129216194152832,1.5219484567642212,1.1560275554656982,1.0632622241973877,0.7399711608886719,0.7119717597961426,0.5996758937835693,0.7812272906303406,0.8672847151756287,1.1761678457260132,1.310621976852417,1.4835599660873413,1.547141432762146,1.8223223686218262,1.6428065299987793,1.9505729675292969,1.78610360622406,1.4668419361114502,1.4392356872558594,1.1869006156921387,1.2218509912490845,1.1375174522399902,1.2863205671310425,1.3407975435256958,1.6126540899276733,1.712202787399292,1.8911798000335693,1.8866289854049683,2.1817069053649902,2.017821788787842,2.321094274520874,2.167116165161133,1.8973702192306519,1.917405605316162,1.710182785987854,1.763698697090149,1.6924132108688354,1.820618987083435,1.8779187202453613,2.124633312225342,2.261462926864624,2.5040159225463867,2.537440776824951,2.830702066421509,2.6337575912475586,2.9269464015960693,2.7584640979766846,2.503194808959961,2.554853677749634,2.3259170055389404,2.4057395458221436,2.285353899002075,2.3940675258636475,2.3938746452331543,2.558457374572754,2.7785332202911377,2.8810877799987793
A11,2.7542498111724854,2.558992624282837,2.1887903213500977,2.1502490043640137,1.8282592296600342,1.507948398590088,1.2274532318115234,0.898444414138794,0.5922436118125916,0.3788311779499054,0.0,0.37065428495407104,0.6106148958206177,0.8416553139686584,1.0266870260238647,1.6750580072402954,1.9429423809051514,1.8051058053970337,2.085930585861206,1.8769551515579224,1.506512999534607,1.3597123622894287,1.0165668725967407,0.8506693243980408,0.6908383965492249,0.668930172920227,0.7279565930366516,0.9430282115936279,1.1394031047821045,1.3976796865463257,1.8638683557510376,2.1593210697174072,1.989452838897705,2.295889139175415,2.1154563426971436,1.7745956182479858,1.6956274509429932,1.3952600955963135,1.3322415351867676,1.1981512308120728,1.2307459115982056,1.2467294931411743,1.4416056871414185,1.567987084388733,1.8083014488220215,2.1453700065612793,2.464388132095337,2.310640811920166,2.622969388961792,2.456357955932617,2.1557157039642334,2.132887840270996,1.8772387504577637,1.8636270761489868,1.7454931735992432,1.794743299484253,1.8139798641204834,1.9986389875411987,2.1496260166168213,2.4321374893188477,2.7309422492980957,3.049253463745117,2.868460178375244,3.1794071197509766,3.004488229751587,2.719165802001953,2.735603094100952,2.4681482315063477,2.5026426315307617,2.3362526893615723,2.393012046813965,2.3388454914093018,2.463979482650757,2.653773546218872,2.713728427886963
A12,2.8996963500976562,2.728930711746216,2.3506295680999756,2.3384413719177246,2.0477044582366943,1.703126072883606,1.479227900505066,1.1174888610839844,0.8894688487052917,0.5638808608055115,0.37065428495407104,0.0,0.38358956575393677,0.5036740303039551,0.6598804593086243,1.687294363975525,1.9720137119293213,1.902626872062683,2.2083144187927246,2.050665855407715,1.6839245557785034,1.5973018407821655,1.243283748626709,1.1308125257492065,0.8783679604530334,0.8290266990661621,0.7051298022270203,0.855216383934021,0.9446218609809875,1.167775273323059,1.8063105344772339,2.1434874534606934,2.0381052494049072,2.3811466693878174,2.253241539001465,1.9201881885528564,1.893142580986023,1.5855311155319214,1.556356430053711,1.352943778038025,1.377221703529358,1.292669415473938,1.4550198316574097,1.4962661266326904,1.7009172439575195,2.0937607288360596,2.4408750534057617,2.344738721847534,2.689894199371338,2.5716195106506348,2.2784156799316406,2.2992119789123535,2.036254405975342,2.051347494125366,1.8837906122207642,1.940118670463562,1.8939992189407349,2.0644187927246094,2.1551947593688965,2.4165356159210205,2.7190358638763428,3.0518431663513184,2.913727045059204,3.2447376251220703,3.1098642349243164,2.830066680908203,2.8806755542755127,2.60966157913208,2.6730644702911377,2.480520009994507,2.561764717102051,2.478607177734375,2.628908395767212,2.779675006866455,2.8442161083221436
A13,3.225306749343872,3.0699732303619385,2.689887046813965,2.692639112472534,2.391343832015991,2.047457695007324,1.8052984476089478,1.4546712636947632,1.182015061378479,0.9116127490997314,0.6106148958206177,0.38358956575393677,0.0,0.3793039917945862,0.7060419321060181,2.0387117862701416,2.3394510746002197,2.2768914699554443,2.587456226348877,2.42331600189209,2.055013656616211,1.9447665214538574,1.5882915258407593,1.421859860420227,1.1768524646759033,1.0196624994277954,0.8640950918197632,0.8433478474617004,0.9532114863395691,1.2392102479934692,2.166471242904663,2.513469934463501,2.418121814727783,2.7614779472351074,2.6275556087493896,2.28682279586792,2.2347123622894287,1.9090319871902466,1.8277764320373535,1.605696439743042,1.546721339225769,1.423779845237732,1.4882166385650635,1.5327569246292114,1.7801504135131836,2.4281930923461914,2.786997079849243,2.702779769897461,3.052461862564087,2.930072546005249,2.623101234436035,2.620318651199341,2.3329241275787354,2.3055503368377686,2.109617233276367,2.1040782928466797,2.0207152366638184,2.1230533123016357,2.213358163833618,2.501755952835083,3.0123963356018066,3.359762668609619,3.237476348876953,3.5786798000335693,3.4431207180023193,3.147301435470581,3.176486015319824,2.8827574253082275,2.9145467281341553,2.6902575492858887,2.7299227714538574,2.6005899906158447,2.7129597663879395,2.8269636631011963,2.8464114665985107
A14,3.1916348934173584,3.067622423171997,2.6847479343414307,2.7228126525878906,2.455852746963501,2.092996835708618,1.9105849266052246,1.5428611040115356,1.3434993028640747,1.0284373760223389,0.8416553139686584,0.5036740303039551,0.3793039917945862,0.0,0.3910546898841858,1.9305912256240845,2.246001958847046,2.245225191116333,2.579930067062378,2.470048666000366,2.1173689365386963,2.0729784965515137,1.7275961637496948,1.6341547966003418,1.366544246673584,1.2769354581832886,1.0628129243850708,1.0632612705230713,1.0425232648849487,1.2256016731262207,2.0628623962402344,2.429527521133423,2.3889636993408203,2.757253646850586,2.675217390060425,2.3591115474700928,2.366893768310547,2.0626964569091797,2.0416717529296875,1.806165337562561,1.7958000898361206,1.638592004776001,1.7224674224853516,1.6929978132247925,1.8745380640029907,2.3720335960388184,2.7362618446350098,2.6977620124816895,3.064103364944458,2.987549066543579,2.707321882247925,2.756403684616089,2.4903128147125244,2.512003183364868,2.310131311416626,2.3462488651275635,2.2427823543548584,2.365952253341675,2.4080822467803955,2.659353733062744,3.028287172317505,3.3705904483795166,3.2747068405151367,3.6187283992767334,3.518209218978882,3.2456374168395996,3.3178114891052246,3.0426979064941406,3.115683078765869,2.898009777069092,2.9774742126464844,2.8563201427459717,3.0016748905181885,3.106844425201416,3.147284984588623
A15,3.1481988430023193,3.024245262145996,2.6474053859710693,2.6802122592926025,2.4500539302825928,2.087841749191284,1.9571105241775513,1.5852491855621338,1.4621211290359497,1.1030352115631104,1.0266870260238647,0.6598804593086243,0.7060419321060181,0.3910546898841858,0.0,1.7906339168548584,2.080369472503662,2.1296470165252686,2.459228038787842,2.3931028842926025,2.0566205978393555,2.064553737640381,1.7278337478637695,1.6969010829925537,1.3932689428329468,1.3595930337905884,1.0911474227905273,1.133851408958435,0.9936241507530212,1.045379877090454,1.802267074584961,2.183598756790161,2.196207046508789,2.5797252655029297,2.545710563659668,2.249418258666992,2.308231830596924,2.0202574729919434,2.0531179904937744,1.7937610149383545,1.830565333366394,1.6386007070541382,1.7558857202529907,1.6538063287734985,1.7543845176696777,2.103156566619873,2.4726593494415283,2.480419158935547,2.861534833908081,2.830085277557373,2.5706021785736084,2.6661620140075684,2.416884422302246,2.4860358238220215,2.271775722503662,2.35316801071167,2.2290444374084473,2.3842153549194336,2.3746626377105713,2.576925039291382,2.791562795639038,3.129345655441284,3.0643064975738525,3.412888765335083,3.3494713306427,3.0961623191833496,3.208056688308716,2.9504239559173584,3.0657896995544434,2.8532934188842773,2.979358196258545,2.870850086212158,3.0610899925231934,3.159813165664673,3.2386679649353027
B1,1.4548081159591675,1.3456207513809204,1.0187687873840332,1.1238106489181519,1.1042917966842651,0.850164532661438,1.1039925813674927,1.0250146389007568,1.3546721935272217,1.3155086040496826,1.6750580072402954,1.687294363975525,2.0387117862701416,1.9305912256240845,1.7906339168548584,0.0,0.385367751121521,0.5450379848480225,0.9158135652542114,1.0658848285675049,0.9846203327178955,1.2976540327072144,1.3086528778076172,1.6304868459701538,1.6284223794937134,1.9609054327011108,1.9880585670471191,2.3280375003814697,2.3068132400512695,2.2709033489227295,0.9999671578407288,1.116000771522522,1.0674172639846802,1.3553484678268433,1.4257489442825317,1.377457618713379,1.6403061151504517,1.6685651540756226,1.9633537530899048,1.982125163078308,2.2979774475097656,2.357449531555176,2.701241970062256,2.697709083557129,2.7117578983306885,1.6444079875946045,1.781218409538269,1.6890056133270264,1.919153094291687,1.9233535528182983,1.8811097145080566,2.1080305576324463,2.119547128677368,2.3720202445983887,2.4083077907562256,2.6955559253692627,2.7893261909484863,3.1263418197631836,3.188833713531494,3.3101084232330322,2.5267598628997803,2.690018892288208,2.4978721141815186,2.6924703121185303,2.6156206130981445,2.5330042839050293,2.740182638168335,2.678180694580078,2.9052906036376953,2.9159536361694336,3.157297134399414,3.268289566040039,3.5170443058013916,3.7705748081207275,3.9555728435516357
B2,1.3698374032974243,1.2173854112625122,0.9621952772140503,0.9926499724388123,1.0733990669250488,0.9341110587120056,1.2360855340957642,1.2348837852478027,1.588966727256775,1.569844126701355,1.9429423809051514,1.9720137119293213,2.3394510746002197,2.246001958847046,2.080369472503662,0.385367751121521,0.0,0.37958022952079773,0.6372223496437073,0.8974642753601074,0.9351761937141418,1.300585150718689,1.389446496963501,1.7483891248703003,1.770267128944397,2.1273353099823,2.1698031425476074,2.5269412994384766,2.496042013168335,2.4256510734558105,0.8772311806678772,0.859346866607666,0.8152404427528381,1.046525239944458,1.182439923286438,1.2271593809127808,1.5443947315216064,1.648423194885254,1.986449956893921,2.036027193069458,2.384460687637329,2.462263345718384,2.8263680934906006,2.8158180713653564,2.7926297187805176,1.4865349531173706,1.5458611249923706,1.4471356868743896,1.628656268119812,1.6660627126693726,1.6907129287719727,1.9571964740753174,2.03096866607666,2.323620080947876,2.393796443939209,2.716120958328247,2.829564094543457,3.189955234527588,3.2418594360351562,3.3268327713012695,2.341170310974121,2.457702159881592,2.256396770477295,2.4134292602539062,2.3526906967163086,2.316953420639038,2.553541660308838,2.5408074855804443,2.798827648162842,2.8499019145965576,3.1220338344573975,3.268803358078003,3.538548231124878,3.802781105041504,4.016635417938232
B3,1.2931478023529053,1.050998330116272,0.768679678440094,0.69319087266922,0.7199615836143494,0.6194322109222412,0.9262856245040894,1.0045149326324463,1.373335838317871,1.426598310470581,1.8051058053970337,1.902626872062683,2.2768914699554443,2.245225191116333,2.1296470165252686,0.5450379848480225,0.37958022952079773,0.0,0.3892262876033783,0.543283998966217,0.5985412001609802,0.9667739272117615,1.1201297044754028,1.488089919090271,1.576682209968567,1.9486197233200073,2.0518782138824463,2.425166130065918,2.4460160732269287,2.4207308292388916,1.0055568218231201,0.9686599373817444,0.7604866623878479,0.9368900656700134,0.9517503380775452,0.9762454032897949,1.2529425621032715,1.3876423835754395,1.7190355062484741,1.8240113258361816,2.1782732009887695,2.3072516918182373,2.680730104446411,2.7167911529541016,2.7271409034729004,1.5280996561050415,1.5845519304275513,1.3942346572875977,1.5451116561889648,1.4952691793441772,1.493455410003662,1.7108813524246216,1.7937721014022827,2.066646099090576,2.177199125289917,2.493480920791626,2.6472668647766113,3.0106358528137207,3.1006381511688232,3.2059037685394287,2.3023829460144043,2.423210620880127,2.173264265060425,2.322303533554077,2.2034060955047607,2.144688606262207,2.3388686180114746,2.322401523590088,2.5524983406066895,2.6233794689178467,2.8748815059661865,3.041045665740967,3.2914693355560303,3.5779199600219727,3.7866830825805664
B4,1.2966761589050293,0.9879649877548218,0.8297365307807922,0.6064997315406799,0.7486841082572937,0.8291231393814087,1.1182224750518799,1.2727237939834595,1.6305664777755737,1.7129216194152832,2.085930585861206,2.2083144187927246,2.587456226348877,2.579930067062378,2.459228038787842,0.9158135652542114,0.6372223496437073,0.3892262876033783,0.0,0.3855544328689575,0.6609402298927307,1.012442946434021,1.2566030025482178,1.628484845161438,1.7552871704101562,2.134449005126953,2.26499342918396,2.646481990814209,2.6741440296173096,2.635038375854492,1.121764063835144,0.9523138999938965,0.6847840547561646,0.6835232973098755,0.7035064101219177,0.8679412603378296,1.1650021076202393,1.3969852924346924,1.7495477199554443,1.9029868841171265,2.2754697799682617,2.435434103012085,2.8203632831573486,2.865306854248047,2.8542420864105225,1.519580364227295,1.4865139722824097,1.2493727207183838,1.3053112030029297,1.2449332475662231,1.3210748434066772,1.5510276556015015,1.7119381427764893,2.009582996368408,2.171135187149048,2.510789632797241,2.6962480545043945,3.0751945972442627,3.168100357055664,3.24509334564209,2.190779447555542,2.2580485343933105,1.9779894351959229,2.0727145671844482,1.942503809928894,1.9317853450775146,2.1347806453704834,2.175827741622925,2.4222233295440674,2.545903205871582,2.8155293464660645,3.0239756107330322,3.282998561859131,3.5851664543151855,3.8171091079711914
B5,1.4595996141433716,1.106368064880371,0.9120444655418396,0.5969842672348022,0.5583089590072632,0.6700616478919983,0.8602558970451355,1.0626542568206787,1.3906679153442383,1.5219484567642212,1.8769551515579224,2.050665855407715,2.42331600189209,2.470048666000366,2.3931028842926025,1.0658848285675049,0.8974642753601074,0.543283998966217,0.3855544328689575,0.0,0.37735745310783386,0.6638285517692566,0.964961051940918,1.319838047027588,1.5005911588668823,1.8758082389831543,2.055100202560425,2.438791036605835,2.511892080307007,2.51735782623291,1.246756911277771,1.1405225992202759,0.786285400390625,0.7866242527961731,0.5971594452857971,0.6511786580085754,0.8569467663764954,1.099425196647644,1.4277936220169067,1.6261942386627197,1.990475058555603,2.1911158561706543,2.574319362640381,2.6611242294311523,2.687032699584961,1.5663994550704956,1.575209140777588,1.2732963562011719,1.3373892307281494,1.1672295331954956,1.1602673530578613,1.3091710805892944,1.4479295015335083,1.7086937427520752,1.8963648080825806,2.2175674438476562,2.432668685913086,2.8050856590270996,2.932978391647339,3.0364394187927246,2.1555962562561035,2.253908634185791,1.9417980909347534,2.0566742420196533,1.864366888999939,1.7959530353546143,1.9376455545425415,1.9461113214492798,2.151033878326416,2.274557590484619,2.514198064804077,2.727189064025879,2.963671922683716,3.2798573970794678,3.5003201961517334
B6,1.6816891431808472,1.360642671585083,1.084270715713501,0.8476353287696838,0.6488298773765564,0.564486026763916,0.6203093528747559,0.7390550971031189,1.0456715822219849,1.1560275554656982,1.506512999534607,1.6839245557785034,2.055013656616211,2.1173689365386963,2.0566205978393555,0.9846203327178955,0.9351761937141418,0.5985412001609802,0.6609402298927307,0.37735745310783386,0.0,0.3771253228187561,0.6026362776756287,0.9697962999343872,1.1318637132644653,1.5082746744155884,1.686265230178833,2.0691721439361572,2.1533126831054688,2.1830029487609863,1.1453611850738525,1.157400131225586,0.8128330111503601,0.9542746543884277,0.7372391223907471,0.5736721158027649,0.7162506580352783,0.8379052877426147,1.149583101272583,1.312703251838684,1.667049527168274,1.8556947708129883,2.234011173248291,2.326449394226074,2.377986431121826,1.4735596179962158,1.5736209154129028,1.2871878147125244,1.445038914680481,1.2599477767944336,1.1381803750991821,1.2494853734970093,1.2882189750671387,1.5164340734481812,1.6557494401931763,1.9551280736923218,2.149017810821533,2.5100491046905518,2.642777681350708,2.7743499279022217,2.0937881469726562,2.2546913623809814,1.9633373022079468,2.1423048973083496,1.9468601942062378,1.8073294162750244,1.9229683876037598,1.8578215837478638,2.0374646186828613,2.102891683578491,2.3221380710601807,2.495274782180786,2.725166082382202,3.027712345123291,3.230834722518921
B7,1.9425019025802612,1.6094664335250854,1.340012550354004,1.0869064331054688,0.8027551174163818,0.7327651977539062,0.5750877261161804,0.7020502090454102,0.8963308334350586,1.0632622241973877,1.3597123622894287,1.5973018407821655,1.9447665214538574,2.0729784965515137,2.064553737640381,1.2976540327072144,1.300585150718689,0.9667739272117615,1.012442946434021,0.6638285517692566,0.3771253228187561,0.0,0.37654706835746765,0.675740659236908,0.9252399802207947,1.278257131576538,1.5204849243164062,1.8941763639450073,2.034224033355713,2.1177761554718018,1.4071738719940186,1.4542615413665771,1.100250482559204,1.214229941368103,0.9113466143608093,0.6472206115722656,0.5636523365974426,0.6124428510665894,0.8467950820922852,1.0692356824874878,1.3982136249542236,1.6381396055221558,2.0057857036590576,2.150010585784912,2.247279167175293,1.633543610572815,1.7624022960662842,1.4481016397476196,1.60140860080719,1.344643473625183,1.1403586864471436,1.1329814195632935,1.1090316772460938,1.2610005140304565,1.4190455675125122,1.6807650327682495,1.9063321352005005,2.252162456512451,2.4264159202575684,2.590191602706909,2.1374785900115967,2.3250763416290283,2.0193076133728027,2.2130866050720215,1.971380591392517,1.775132417678833,1.8156046867370605,1.702839970588684,1.8206441402435303,1.8716397285461426,2.045300006866455,2.2142040729522705,2.4136955738067627,2.728835105895996,2.9154293537139893
B8,2.187157154083252,1.887897253036499,1.5759172439575195,1.3840430974960327,1.0850590467453003,0.894466757774353,0.6563634276390076,0.5702647566795349,0.654463529586792,0.7399711608886719,1.0165668725967407,1.243283748626709,1.5882915258407593,1.7275961637496948,1.7278337478637695,1.3086528778076172,1.389446496963501,1.1201297044754028,1.2566030025482178,0.964961051940918,0.6026362776756287,0.37654706835746765,0.0,0.37597015500068665,0.558033287525177,0.9216400980949402,1.1494659185409546,1.5238956212997437,1.666725516319275,1.7714205980300903,1.3565399646759033,1.4996988773345947,1.200513243675232,1.4048291444778442,1.147599220275879,0.8104206919670105,0.7159548401832581,0.5397087335586548,0.7008880376815796,0.8144363164901733,1.1219987869262695,1.3239049911499023,1.684930443763733,1.821769118309021,1.9416720867156982,1.5750482082366943,1.7817747592926025,1.5153533220291138,1.7442035675048828,1.5185171365737915,1.2508960962295532,1.237909197807312,1.1002486944198608,1.2092081308364868,1.2705461978912354,1.498569130897522,1.6739739179611206,2.0029959678649902,2.1674506664276123,2.3568081855773926,2.1054580211639404,2.3471436500549316,2.0823662281036377,2.33039927482605,2.11301589012146,1.871112585067749,1.9069114923477173,1.7272228002548218,1.8282650709152222,1.8010550737380981,1.957308053970337,2.0655179023742676,2.2653262615203857,2.5506184101104736,2.719552993774414
B9,2.5010416507720947,2.207062244415283,1.8930952548980713,1.7101141214370728,1.3820186853408813,1.192259430885315,0.875970721244812,0.7496513724327087,0.6233312487602234,0.7119717597961426,0.8506693243980408,1.1308125257492065,1.421859860420227,1.6341547966003418,1.6969010829925537,1.6304868459701538,1.7483891248703003,1.488089919090271,1.628484845161438,1.319838047027588,0.9697962999343872,0.675740659236908,0.37597015500068665,0.0,0.37125539779663086,0.6388357877731323,0.9465593099594116,1.2884800434112549,1.4997910261154175,1.675899624824524,1.6564439535140991,1.8312349319458008,1.5463796854019165,1.7456581592559814,1.467612385749817,1.1103359460830688,0.9156918525695801,0.6324449777603149,0.5634272694587708,0.646212637424469,0.8551489114761353,1.0924409627914429,1.4198429584503174,1.614369511604309,1.7990484237670898,1.806984543800354,2.043621063232422,1.784212350845337,2.0185353755950928,1.7685587406158447,1.4545279741287231,1.3585882186889648,1.1370456218719482,1.1279546022415161,1.144219160079956,1.2846001386642456,1.4586180448532104,1.7474219799041748,1.952477216720581,2.1894114017486572,2.2434847354888916,2.5150792598724365,2.261582612991333,2.5284056663513184,2.292936086654663,2.006451368331909,1.9807132482528687,1.743835687637329,1.773051142692566,1.6928592920303345,1.7819116115570068,1.8457828760147095,2.0041699409484863,2.282529830932617,2.418400526046753
B10,2.688300371170044,2.4149086475372314,2.0810012817382812,1.92603600025177,1.6226868629455566,1.3811637163162231,1.1081730127334595,0.8720408082008362,0.7201364636421204,0.5996758937835693,0.6908383965492249,0.8783679604530334,1.1768524646759033,1.366544246673584,1.3932689428329468,1.6284223794937134,1.770267128944397,1.576682209968567,1.7552871704101562,1.5005911588668823,1.1318637132644653,0.9252399802207947,0.558033287525177,0.37125539779663086,0.0,0.37920308113098145,0.6018701195716858,0.9694183468818665,1.1421685218811035,1.3063342571258545,1.5334912538528442,1.7706212997436523,1.5490682125091553,1.806369423866272,1.5851906538009644,1.2120493650436401,1.0826033353805542,0.7379835844039917,0.6818969249725342,0.5399127006530762,0.7176903486251831,0.8372522592544556,1.1707112789154053,1.3110687732696533,1.485356092453003,1.6575751304626465,1.9477863311767578,1.747501254081726,2.0380749702453613,1.8396751880645752,1.5086708068847656,1.4588674306869507,1.1879472732543945,1.1952810287475586,1.096483826637268,1.2271628379821777,1.3079334497451782,1.5888868570327759,1.7425684928894043,1.976717472076416,2.121469259262085,2.4294400215148926,2.225497245788574,2.5324599742889404,2.3402507305145264,2.0398693084716797,2.0458312034606934,1.7794057130813599,1.8334136009216309,1.6908212900161743,1.7998989820480347,1.8061076402664185,1.9944005012512207,2.2240114212036133,2.362211227416992
B11,3.0392937660217285,2.7739739418029785,2.435067653656006,2.290389060974121,1.9738582372665405,1.7271981239318848,1.4272245168685913,1.176882028579712,0.9312960505485535,0.7812272906303406,0.668930172920227,0.8290266990661621,1.0196624994277954,1.2769354581832886,1.3595930337905884,1.9609054327011108,2.1273353099823,1.9486197233200073,2.134449005126953,1.8758082389831543,1.5082746744155884,1.278257131576538,0.9216400980949402,0.6388357877731323,0.37920308113098145,0.0,0.3704172372817993,0.6583768129348755,0.9170281887054443,1.170957326889038,1.8400987386703491,2.1015167236328125,1.9029607772827148,2.1620407104492188,1.9391162395477295,1.5604004859924316,1.3952336311340332,1.0265083312988281,0.8481541275978088,0.6193239092826843,0.5655672550201416,0.6156651377677917,0.8693664073944092,1.0581977367401123,1.3127013444900513,1.9081284999847412,2.221673011779785,2.044666290283203,2.343109130859375,2.1429052352905273,1.789502739906311,1.6981548070907593,1.3773772716522217,1.296822428703308,1.1212334632873535,1.1333200931549072,1.1494113206863403,1.35601806640625,1.5271061658859253,1.8117812871932983,2.2886881828308105,2.62268328666687,2.4462759494781494,2.77117657661438,2.5802087783813477,2.250960350036621,2.2185635566711426,1.90882408618927,1.907751441001892,1.700951099395752,1.7455757856369019,1.6761027574539185,1.824830412864685,2.0143606662750244,2.1115975379943848
B12,3.1951904296875,2.9512124061584473,2.6001358032226562,2.481823444366455,2.18890118598938,1.9100584983825684,1.6516833305358887,1.3512146472930908,1.1326143741607666,0.8672847151756287,0.7279565930366516,0.7051298022270203,0.8640950918197632,1.0628129243850708,1.0911474227905273,1.9880585670471191,2.1698031425476074,2.0518782138824463,2.26499342918396,2.055100202560425,1.686265230178833,1.5204849243164062,1.1494659185409546,0.9465593099594116,0.6018701195716858,0.3704172372817993,0.0,0.3840138018131256,0.5586591958999634,0.815169095993042,1.7839523553848267,2.089829921722412,1.9559752941131592,2.2547614574432373,2.0865120887756348,1.715467095375061,1.6125370264053345,1.2440208196640015,1.1252208948135376,0.8168877363204956,0.749941349029541,0.5909909009933472,0.787272036075592,0.8530377745628357,1.0841648578643799,1.8390017747879028,2.18890643119812,2.075099229812622,2.4119088649749756,2.264775514602661,1.9189258813858032,1.8795299530029297,1.5533134937286377,1.5112930536270142,1.2699944972991943,1.2857331037521362,1.1962608098983765,1.3742289543151855,1.4605649709701538,1.725247859954834,2.2508182525634766,2.6070518493652344,2.4815948009490967,2.8320608139038086,2.6865224838256836,2.3618853092193604,2.3682057857513428,2.0540666580200195,2.086709976196289,1.8455121517181396,1.917637586593628,1.805159568786621,1.9814382791519165,2.114229917526245,2.212982177734375
B13,3.5546159744262695,3.320756196975708,2.9645094871520996,2.8577823638916016,2.5585010051727295,2.2728445529937744,2.003448486328125,1.6955937147140503,1.4404197931289673,1.1761678457260132,0.9430282115936279,0.855216383934021,0.8433478474617004,1.0632612705230713,1.133851408958435,2.3280375003814697,2.5269412994384766,2.425166130065918,2.646481990814209,2.438791036605835,2.0691721439361572,1.8941763639450073,1.5238956212997437,1.2884800434112549,0.9694183468818665,0.6583768129348755,0.3840138018131256,0.0,0.3732229173183441,0.7520334124565125,2.1108009815216064,2.4314560890197754,2.3207461833953857,2.622927188873291,2.4599802494049072,2.088188886642456,1.9718354940414429,1.5965784788131714,1.432982087135315,1.1118499040603638,0.9283444881439209,0.6781469583511353,0.6623509526252747,0.702438235282898,1.0060722827911377,2.1300740242004395,2.491910457611084,2.4047489166259766,2.7470338344573975,2.60721492767334,2.2534642219543457,2.1962714195251465,1.8495110273361206,1.7625939846038818,1.47947359085083,1.4085516929626465,1.241174340248108,1.3101699352264404,1.3719230890274048,1.6673400402069092,2.4777772426605225,2.8492591381073,2.755535364151001,3.11765193939209,2.9824116230010986,2.6439120769500732,2.630352020263672,2.29337477684021,2.2923054695129395,2.0069427490234375,2.0313119888305664,1.8495792150497437,1.9878289699554443,2.0575177669525146,2.1100847721099854
