,A1,A2,A3,A4,A5,A6,A7,A8,A9,A10,A11,A12,A13,A14,A15,B1,B2,B3,B4,B5,B6,B7,B8,B9,B10,B11,B12,B13,B14,B15,C1,C2,C3,C4,C5,C6,C7,C8,C9,C10,C11,C12,C13,C14,C15,D1,D2,D3,D4,D5,D6,D7,D8,D9,D10,D11,D12,D13,D14,D15,E1,E2,E3,E4,E5,E6,E7,E8,E9,E10,E11,E12,E13,E14,E15
A1,0.0,0.3947944939136505,0.6095441579818726,0.8980177044868469,1.1624785661697388,1.266361951828003,1.6456071138381958,1.8332375288009644,2.1951904296875,2.390303373336792,2.748713731765747,2.9818055629730225,3.353013753890991,3.456382989883423,3.2677419185638428,1.477035641670227,1.1945134401321411,1.1629047393798828,0.9220436215400696,1.14308762550354,1.4080878496170044,1.7216984033584595,1.9843450784683228,2.3171803951263428,2.55013370513916,2.9120843410491943,3.136608123779297,3.522660255432129,3.635073184967041,3.5666182041168213,2.003882646560669,1.8528358936309814,1.6446211338043213,1.6493275165557861,1.6249418258666992,1.7593889236450195,2.001274347305298,2.229980230331421,2.5080983638763428,2.758852958679199,3.0859010219573975,3.3153076171875,3.6955325603485107,3.820826292037964,3.8503518104553223,2.5287091732025146,2.464343786239624,2.237159013748169,2.3064563274383545,2.181168556213379,2.2336111068725586,2.466546058654785,2.6229281425476074,2.862898111343384,3.0769152641296387,3.3599114418029785,3.582000255584717,3.9269521236419678,4.068090915679932,4.142378330230713,3.1167588233947754,3.1506507396698,2.9268300533294678,3.0404000282287598,2.811164140701294,2.7537031173706055,3.0207011699676514,3.0334818363189697,3.3037524223327637,3.417438268661499,3.6825788021087646,3.8421809673309326,4.040269374847412,4.163301467895508,4.56641960144043
A2,0.3947944939136505,0.0,0.3780418336391449,0.5288639664649963,0.839383602142334,1.026535153388977,1.3760687112808228,1.6177823543548584,1.9638314247131348,2.1869306564331055,2.5437543392181396,2.808046817779541,3.1765003204345703,3.3116989135742188,3.162692070007324,1.4630528688430786,1.217248797416687,1.0635526180267334,0.7866679430007935,0.8862339854240417,1.164014458656311,1.423537015914917,1.7258989810943604,2.034142255783081,2.3032240867614746,2.654785633087158,2.9110958576202393,3.2935163974761963,3.437837839126587,3.4021048545837402,1.9262607097625732,1.8172472715377808,1.5504003763198853,1.5636354684829712,1.450744867324829,1.5474464893341064,1.7316019535064697,1.9704303741455078,2.2162768840789795,2.4914627075195312,2.8020150661468506,3.054316997528076,3.4267308712005615,3.5801925659179688,3.6385557651519775,2.4182322025299072,2.3967933654785156,2.1368093490600586,2.2289626598358154,2.0470471382141113,2.0509257316589355,2.2381768226623535,2.3821842670440674,2.587538003921509,2.8101933002471924,3.069380283355713,3.302800416946411,3.633793354034424,3.7974655628204346,3.897981643676758,2.9888689517974854,3.0632338523864746,2.8235130310058594,2.968306541442871,2.7109951972961426,2.6076273918151855,2.8393146991729736,2.821471691131592,3.064525842666626,3.1604831218719482,3.400728702545166,3.545515298843384,3.7235443592071533,3.8339877128601074,4.233029365539551
A3,0.6095441579818726,0.3780418336391449,0.0,0.39797407388687134,0.5814486742019653,0.6736811995506287,1.0450083017349243,1.2537169456481934,1.6091431379318237,1.8199803829193115,2.1780757904052734,2.434752941131592,2.804290294647217,2.9350132942199707,2.7855849266052246,1.1274031400680542,0.9399420619010925,0.7709963917732239,0.6046277284622192,0.6623674035072327,0.8542364835739136,1.1468766927719116,1.4068055152893066,1.7245012521743774,1.9735063314437866,2.3248047828674316,2.565171957015991,2.9462945461273193,3.0826494693756104,3.048339605331421,1.644421100616455,1.5939223766326904,1.342513084411621,1.4472920894622803,1.329159140586853,1.3463144302368164,1.547667145729065,1.7282061576843262,1.976518988609314,2.219979763031006,2.5254199504852295,2.7533206939697266,3.1239047050476074,3.263674020767212,3.3246474266052246,2.1905977725982666,2.213737726211548,1.9815070629119873,2.1371853351593018,1.970868468284607,1.9238171577453613,2.1286706924438477,2.2165329456329346,2.423250913619995,2.6053783893585205,2.8586437702178955,3.061718225479126,3.3910396099090576,3.535609483718872,3.6384105682373047,2.818249464035034,2.921440601348877,2.7141880989074707,2.8995096683502197,2.666210651397705,2.5339975357055664,2.775974988937378,2.717013120651245,2.9695324897766113,3.0276718139648438,3.2766857147216797,3.3943395614624023,3.5913963317871094,3.6795809268951416,4.08217191696167
A4,0.8980177044868469,0.5288639664649963,0.39797407388687134,0.0,0.36443254351615906,0.6553992629051208,0.9273377060890198,1.2245761156082153,1.5369024276733398,1.7877659797668457,2.1330673694610596,2.428550958633423,2.7872467041015625,2.9578418731689453,2.8590595722198486,1.3721933364868164,1.228456974029541,0.956746518611908,0.7623929977416992,0.6190392374992371,0.8095230460166931,0.9745230078697205,1.3004294633865356,1.5676980018615723,1.871457576751709,2.2016441822052,2.48628568649292,2.8580660820007324,3.0365021228790283,3.0439300537109375,1.7667409181594849,1.7497546672821045,1.4448152780532837,1.5264148712158203,1.312192678451538,1.29389488697052,1.3956527709960938,1.5972356796264648,1.7910058498382568,2.0735678672790527,2.352814197540283,2.6158509254455566,2.9732112884521484,3.1525464057922363,3.249723434448242,2.2374141216278076,2.2958896160125732,2.0267152786254883,2.183499813079834,1.9549363851547241,1.864593267440796,1.9995628595352173,2.082876205444336,2.2384984493255615,2.439884662628174,2.6596384048461914,2.8838977813720703,3.192967653274536,3.3712899684906006,3.5067553520202637,2.813387632369995,2.9518778324127197,2.7212207317352295,2.924586296081543,2.6581995487213135,2.485792398452759,2.6780335903167725,2.5945401191711426,2.806615114212036,2.851813554763794,3.064033031463623,3.168705940246582,3.3332531452178955,3.410050868988037,3.8053171634674072
A5,1.1624785661697388,0.839383602142334,0.5814486742019653,0.36443254351615906,0.0,0.3720581829547882,0.5804994106292725,0.9066561460494995,1.1969434022903442,1.4776766300201416,1.8050808906555176,2.1137490272521973,2.461071491241455,2.6503939628601074,2.573213815689087,1.2694313526153564,1.2348259687423706,0.9704936742782593,0.9192710518836975,0.702971875667572,0.7051178812980652,0.8161149621009827,1.087653398513794,1.3233587741851807,1.6275005340576172,1.9352701902389526,2.2163021564483643,2.575542449951172,2.765052318572998,2.8002192974090576,1.7132490873336792,1.7760074138641357,1.4958412647247314,1.6596711874008179,1.4343342781066895,1.3185288906097412,1.392288088798523,1.5107128620147705,1.6673487424850464,1.9165033102035522,2.1638453006744385,2.4041330814361572,2.7459640502929688,2.9258525371551514,3.0492398738861084,2.221301317214966,2.3367698192596436,2.097235679626465,2.310948610305786,2.091123342514038,1.9436562061309814,2.0697133541107178,2.085324287414551,2.214738607406616,2.368861436843872,2.557661294937134,2.7472479343414307,3.037876605987549,3.206775188446045,3.3638105392456055,2.838538885116577,3.013476610183716,2.813875913619995,3.0552282333374023,2.807896137237549,2.6039373874664307,2.78875994682312,2.6582651138305664,2.8613429069519043,2.8590755462646484,3.060720920562744,3.1246917247772217,3.291337490081787,3.3313279151916504,3.7228810787200928
A6,1.266361951828003,1.026535153388977,0.6736811995506287,0.6553992629051208,0.3720581829547882,0.0,0.38977494835853577,0.5996860861778259,0.9397218227386475,1.1852575540542603,1.5258241891860962,1.807783603668213,2.165188789367676,2.3298466205596924,2.2275397777557373,0.9539773464202881,1.0090250968933105,0.7981342673301697,0.9016276001930237,0.7299615740776062,0.5773057341575623,0.76442950963974,0.9135359525680542,1.1810542345046997,1.4242788553237915,1.7411108016967773,1.979106068611145,2.342284917831421,2.500976085662842,2.5162723064422607,1.4768776893615723,1.590012788772583,1.3656229972839355,1.6094679832458496,1.4338573217391968,1.2662185430526733,1.3947315216064453,1.4340509176254272,1.614752173423767,1.8016966581344604,2.053574562072754,2.2462785243988037,2.591413974761963,2.7349185943603516,2.8409390449523926,2.053819417953491,2.193211317062378,2.0030901432037354,2.2620909214019775,2.090137481689453,1.9263554811477661,2.0959386825561523,2.0645930767059326,2.2181923389434814,2.321455955505371,2.519801139831543,2.666766881942749,2.9643361568450928,3.095184564590454,3.2350850105285645,2.7326908111572266,2.9127097129821777,2.7549822330474854,3.01562762260437,2.80731201171875,2.6046130657196045,2.8180453777313232,2.6697421073913574,2.897789478302002,2.8714494705200195,3.0976004600524902,3.145587921142578,3.344961404800415,3.373173236846924,3.768165111541748
A7,1.6456071138381958,1.3760687112808228,1.0450083017349243,0.9273377060890198,0.5804994106292725,0.38977494835853577,0.0,0.37871596217155457,0.6172206401824951,0.9212914705276489,1.2291007041931152,1.5493661165237427,1.8868355751037598,2.0933239459991455,2.0500473976135254,1.1597195863723755,1.2972712516784668,1.0672343969345093,1.207887053489685,0.9547602534294128,0.693307101726532,0.6807794570922852,0.7437416911125183,0.9083529114723206,1.1714707612991333,1.441652774810791,1.7003960609436035,2.042684316635132,2.236830234527588,2.3037683963775635,1.564837098121643,1.7515439987182617,1.5327301025390625,1.8027234077453613,1.5855118036270142,1.3409488201141357,1.3813228607177734,1.3430063724517822,1.4431273937225342,1.603437900543213,1.799906849861145,1.9839829206466675,2.302419424057007,2.4666314125061035,2.615863800048828,2.088972806930542,2.2894396781921387,2.1103148460388184,2.4028661251068115,2.212733507156372,1.9899481534957886,2.1098856925964355,2.017625331878662,2.1162049770355225,2.1797544956207275,2.3269975185394287,2.4475936889648438,2.713498115539551,2.8502161502838135,3.0244171619415283,2.7487311363220215,2.973761796951294,2.8324742317199707,3.1268985271453857,2.9213905334472656,2.6786587238311768,2.855992555618286,2.660020351409912,2.8553879261016846,2.781559944152832,2.9769699573516846,2.981546640396118,3.166456699371338,3.156611204147339,3.5405113697052
A8,1.8332375288009644,1.6177823543548584,1.2537169456481934,1.2245761156082153,0.9066561460494995,0.5996860861778259,0.37871596217155457,0.0,0.37545037269592285,0.5912451148033142,0.92735356092453,1.212416172027588,1.5680017471313477,1.7443103790283203,1.678435206413269,0.985827624797821,1.2236390113830566,1.0621674060821533,1.3117375373840332,1.1079109907150269,0.7681648135185242,0.7919176816940308,0.6623548865318298,0.8264878988265991,0.9733546376228333,1.242159128189087,1.4378547668457031,1.7830004692077637,1.9386491775512695,1.9835703372955322,1.3793127536773682,1.6276201009750366,1.4792371988296509,1.8102948665618896,1.6438425779342651,1.360836386680603,1.4414520263671875,1.3160685300827026,1.4299542903900146,1.5039373636245728,1.6954549551010132,1.8149744272232056,2.131479501724243,2.2497141361236572,2.3774805068969727,1.9387379884719849,2.1684441566467285,2.0467844009399414,2.378005266189575,2.2367265224456787,2.000436782836914,2.153859853744507,2.0139734745025635,2.131582736968994,2.1366612911224365,2.2892072200775146,2.3584794998168945,2.627410411834717,2.7184033393859863,2.8707540035247803,2.6411116123199463,2.872622013092041,2.777914524078369,3.089672803878784,2.925950527191162,2.6854896545410156,2.883791446685791,2.671363353729248,2.8861169815063477,2.787646532058716,3.0044260025024414,2.9923746585845947,3.209648609161377,3.1893155574798584,3.5718748569488525
A9,2.1951904296875,1.9638314247131348,1.6091431379318237,1.5369024276733398,1.1969434022903442,0.9397218227386475,0.6172206401824951,0.37545037269592285,0.0,0.3836732506752014,0.6176363825798035,0.9541321992874146,1.273932695388794,1.5032919645309448,1.512528419494629,1.3030757904052734,1.575441598892212,1.4176262617111206,1.6684178113937378,1.4342024326324463,1.0807439088821411,0.9910688996315002,0.7793259620666504,0.7670814990997314,0.8631830811500549,1.0264321565628052,1.212837815284729,1.5151199102401733,1.7043086290359497,1.8138282299041748,1.6007853746414185,1.8954269886016846,1.7644569873809814,2.1026175022125244,1.9176982641220093,1.597763180732727,1.6119797229766846,1.4198615550994873,1.4458355903625488,1.4621193408966064,1.570789098739624,1.6506636142730713,1.9200595617294312,2.0472984313964844,2.222686767578125,2.0952751636505127,2.3706791400909424,2.2688724994659424,2.6195287704467773,2.472490072250366,2.1988024711608887,2.311124086380005,2.119438886642456,2.1843338012695312,2.139831781387329,2.233301877975464,2.258481979370117,2.4838593006134033,2.5681324005126953,2.753135919570923,2.7672715187072754,3.0329906940460205,2.9601728916168213,3.2952685356140137,3.1405832767486572,2.8737502098083496,3.04136323928833,2.79144024848938,2.975038528442383,2.8316526412963867,3.0170884132385254,2.958935499191284,3.161871910095215,3.0993123054504395,3.4636495113372803
A10,2.390303373336792,2.1869306564331055,1.8199803829193115,1.7877659797668457,1.4776766300201416,1.1852575540542603,0.9212914705276489,0.5912451148033142,0.3836732506752014,0.0,0.38493776321411133,0.6477206349372864,1.0118988752365112,1.1905313730239868,1.185847282409668,1.277382493019104,1.5866265296936035,1.4646470546722412,1.7680994272232056,1.5630581378936768,1.1856608390808105,1.1101242303848267,0.7849979996681213,0.7526297569274902,0.6665812134742737,0.8128315806388855,0.9084123969078064,1.2264820337295532,1.3665539026260376,1.4433245658874512,1.4295188188552856,1.7708921432495117,1.7017395496368408,2.0687482357025146,1.9237563610076904,1.5819066762924194,1.6162453889846802,1.3548822402954102,1.389072060585022,1.3129476308822632,1.4163697957992554,1.424071192741394,1.6946405172348022,1.7672626972198486,1.9090489149093628,1.890243411064148,2.1937124729156494,2.145322322845459,2.521263599395752,2.4161736965179443,2.131638288497925,2.2628440856933594,2.0300538539886475,2.109529495239258,2.0095908641815186,2.110434055328369,2.0864694118499756,2.318049907684326,2.3531699180603027,2.5065436363220215,2.5673577785491943,2.8405003547668457,2.811814546585083,3.1606223583221436,3.04561185836792,2.7804360389709473,2.9581642150878906,2.695047616958618,2.8915281295776367,2.727736473083496,2.932685136795044,2.8641560077667236,3.100125789642334,3.0369441509246826,3.398329496383667
A11,2.748713731765747,2.5437543392181396,2.1780757904052734,2.1330673694610596,1.8050808906555176,1.5258241891860962,1.2291007041931152,0.92735356092453,0.6176363825798035,0.38493776321411133,0.0,0.3701035678386688,0.665191650390625,0.915136992931366,1.014914631843567,1.618092656135559,1.9498765468597412,1.84701406955719,2.152122974395752,1.9403671026229858,1.563677430152893,1.453317642211914,1.124776005744934,0.9934219717979431,0.8460572361946106,0.8105342388153076,0.8104993104934692,1.0230144262313843,1.176199197769165,1.3314099311828613,1.7531070709228516,2.1127426624298096,2.06565260887146,2.4346811771392822,2.287954568862915,1.9356898069381714,1.9365586042404175,1.6438161134719849,1.6143419742584229,1.481217622756958,1.4898654222488403,1.4245498180389404,1.6145228147506714,1.6701955795288086,1.8551514148712158,2.1636369228363037,2.4909439086914062,2.4676289558410645,2.852031946182251,2.75219988822937,2.451082944869995,2.556812286376953,2.2905194759368896,2.3297817707061768,2.18385910987854,2.2275569438934326,2.148160934448242,2.324787139892578,2.336125135421753,2.512941837310791,2.8069403171539307,3.0991880893707275,3.096428394317627,3.4576308727264404,3.3572821617126465,3.080024242401123,3.2371535301208496,2.9499757289886475,3.12160325050354,2.9217145442962646,3.0987350940704346,2.9877893924713135,3.210470676422119,3.1062326431274414,3.4422810077667236
A12,2.9818055629730225,2.808046817779541,2.434752941131592,2.428550958633423,2.1137490272521973,1.807783603668213,1.5493661165237427,1.212416172027588,0.9541321992874146,0.6477206349372864,0.3701035678386688,0.0,0.38934198021888733,0.5537532567977905,0.6646317839622498,1.7231515645980835,2.0791749954223633,2.0266504287719727,2.3636603355407715,2.1873934268951416,1.8094099760055542,1.732968807220459,1.3746767044067383,1.2633899450302124,1.0238776206970215,0.9454251527786255,0.7830554246902466,0.9211981296539307,0.9662362337112427,1.0877948999404907,1.799747109413147,2.177034854888916,2.190749406814575,2.5751540660858154,2.4712541103363037,2.121635675430298,2.150780200958252,1.830540657043457,1.816280484199524,1.6202667951583862,1.6152310371398926,1.4671268463134766,1.6209908723831177,1.596074104309082,1.738366961479187,2.185429811477661,2.5196197032928467,2.5504279136657715,2.9456374645233154,2.889116048812866,2.594470739364624,2.7217273712158203,2.4353272914886475,2.4899916648864746,2.3027615547180176,2.349299907684326,2.2205398082733154,2.387718439102173,2.3418400287628174,2.481984853744507,2.8250205516815186,3.1112992763519287,3.1531190872192383,3.516601800918579,3.455683469772339,3.190877914428711,3.361070156097412,3.0721569061279297,3.255418300628662,3.0436155796051025,3.2348380088806152,3.115347385406494,3.3612568378448486,3.2539639472961426,3.5789589881896973
A13,3.353013753890991,3.1765003204345703,2.804290294647217,2.7872467041015625,2.461071491241455,2.165188789367676,1.8868355751037598,1.5680017471313477,1.273932695388794,1.0118988752365112,0.665191650390625,0.38934198021888733,0.0,0.3688250184059143,0.6831304430961609,2.097893714904785,2.46118426322937,2.4154868125915527,2.7509047985076904,2.567079544067383,2.1882994174957275,2.0890822410583496,1.7330834865570068,1.5761348009109497,1.3292694091796875,1.155474066734314,0.9333003759384155,0.9003115892410278,0.9212740659713745,1.1201757192611694,2.1640641689300537,2.5459394454956055,2.570021867752075,2.9525463581085205,2.845284938812256,2.4897685050964355,2.495283365249634,2.1605846881866455,2.105391263961792,1.880231499671936,1.8066405057907104,1.6058510541915894,1.6683815717697144,1.6169233322143555,1.7886152267456055,2.505716562271118,2.851515293121338,2.8986659049987793,3.2961864471435547,3.2426540851593018,2.9376380443573,3.0444092750549316,2.7372031211853027,2.760873317718506,2.5424575805664062,2.5423734188079834,2.3695240020751953,2.481265068054199,2.410055637359619,2.564284563064575,3.1057095527648926,3.40356707572937,3.4657843112945557,3.836033582687378,3.7872045040130615,3.5145506858825684,3.6668407917022705,3.3615033626556396,3.5228655338287354,3.2842445373535156,3.450028896331787,3.2964367866516113,3.5281777381896973,3.3870232105255127,3.6833794116973877
A14,3.456382989883423,3.3116989135742188,2.9350132942199707,2.9578418731689453,2.6503939628601074,2.3298466205596924,2.0933239459991455,1.7443103790283203,1.5032919645309448,1.1905313730239868,0.915136992931366,0.5537532567977905,0.3688250184059143,0.0,0.39596089720726013,2.107501745223999,2.4772520065307617,2.4751110076904297,2.8336217403411865,2.6875686645507812,2.3135759830474854,2.2552175521850586,1.8826383352279663,1.7689820528030396,1.4757351875305176,1.3352806568145752,1.0424481630325317,1.0020678043365479,0.8780065178871155,0.9639899730682373,2.1231322288513184,2.5052919387817383,2.582292079925537,2.9722225666046143,2.909212589263916,2.565856456756592,2.6092140674591064,2.265949010848999,2.2473888397216797,1.9914928674697876,1.9450340270996094,1.705021858215332,1.7714563608169556,1.645309567451477,1.7392127513885498,2.448594093322754,2.7849180698394775,2.878389358520508,3.2777278423309326,3.267228126525879,2.979334592819214,3.116279125213623,2.806459426879883,2.8611385822296143,2.624316692352295,2.651834011077881,2.4574978351593018,2.585047960281372,2.4672152996063232,2.56778883934021,3.0482208728790283,3.3273346424102783,3.4260661602020264,3.7894723415374756,3.7767460346221924,3.52498722076416,3.698385238647461,3.4042794704437256,3.587099075317383,3.354076862335205,3.5457561016082764,3.403898239135742,3.6641087532043457,3.5399329662323,3.8367388248443604
A15,3.2677419185638428,3.162692070007324,2.7855849266052246,2.8590595722198486,2.573213815689087,2.2275397777557373,2.0500473976135254,1.678435206413269,1.512528419494629,1.185847282409668,1.014914631843567,0.6646317839622498,0.6831304430961609,0.39596089720726013,0.0,1.8612438440322876,2.23700213432312,2.288275957107544,2.665034532546997,2.567662000656128,2.207988739013672,2.215869665145874,1.850267767906189,1.8152196407318115,1.5245966911315918,1.4801491498947144,1.206322431564331,1.2656652927398682,1.0992183685302734,1.043657660484314,1.9154918193817139,2.2833919525146484,2.40057373046875,2.79878830909729,2.780423641204834,2.4623591899871826,2.5644564628601074,2.2422103881835938,2.2886767387390137,2.0500333309173584,2.0757133960723877,1.8596413135528564,1.98969566822052,1.8456374406814575,1.8696180582046509,2.2995264530181885,2.604912042617798,2.722337007522583,3.1168997287750244,3.1407878398895264,2.884833335876465,3.0687196254730225,2.7850849628448486,2.8910322189331055,2.67602276802063,2.7597854137420654,2.591160297393799,2.767548084259033,2.6441283226013184,2.7015817165374756,2.946962833404541,3.1916606426239014,3.299617052078247,3.6456151008605957,3.649716854095459,3.4278295040130615,3.6388425827026367,3.3736207485198975,3.5930702686309814,3.39174747467041,3.621257781982422,3.5162715911865234,3.8013763427734375,3.712247133255005,4.030191898345947
B1,1.477035641670227,1.4630528688430786,1.1274031400680542,1.3721933364868164,1.2694313526153564,0.9539773464202881,1.1597195863723755,0.985827624797821,1.3030757904052734,1.277382493019104,1.618092656135559,1.7231515645980835,2.097893714904785,2.107501745223999,1.8612438440322876,0.0,0.3967948853969574,0.6005702018737793,0.9661836624145508,1.0738675594329834,0.912971556186676,1.2473657131195068,1.1795655488967896,1.5129892826080322,1.5364025831222534,1.8792961835861206,1.9625022411346436,2.33207368850708,2.3478503227233887,2.2174885272979736,0.9054147601127625,1.0149232149124146,1.0269074440002441,1.3725813627243042,1.4246306419372559,1.295872688293457,1.606900691986084,1.5671355724334717,1.860039472579956,1.9152190685272217,2.222324848175049,2.306442975997925,2.671322822570801,2.6906912326812744,2.6701793670654297,1.6302279233932495,1.718134880065918,1.6727252006530762,1.9624322652816772,1.9591866731643677,1.8610060214996338,2.167224168777466,2.116138219833374,2.3781399726867676,2.4124903678894043,2.687598466873169,2.7694056034088135,3.1113977432250977,3.1406807899475098,3.1737139225006104,2.4058213233947754,2.518481492996216,2.4552645683288574,2.6974971294403076,2.5993077754974365,2.4702394008636475,2.777967929840088,2.665688991546631,2.9758780002593994,2.9635653495788574,3.273381233215332,3.3473637104034424,3.6318724155426025,3.6931397914886475,4.095555782318115
B2,1.1945134401321411,1.217248797416687,0.9399420619010925,1.228456974029541,1.2348259687423706,1.0090250968933105,1.2972712516784668,1.2236390113830566,1.575441598892212,1.5866265296936035,1.9498765468597412,2.0791749954223633,2.46118426322937,2.4772520065307617,2.23700213432312,0.3967948853969574,0.0,0.39294371008872986,0.6739164590835571,0.8998419642448425,0.8851954340934753,1.2682849168777466,1.3033920526504517,1.669448971748352,1.7415239810943604,2.1111907958984375,2.231307029724121,2.6160149574279785,2.643209457397461,2.5008392333984375,0.9226360321044922,0.8756445050239563,0.8375272154808044,1.1052563190460205,1.197136402130127,1.1706147193908691,1.5221461057662964,1.57379150390625,1.9035907983779907,2.014329671859741,2.3562464714050293,2.484809160232544,2.8685243129730225,2.905351400375366,2.8684263229370117,1.591055154800415,1.5990768671035767,1.506927251815796,1.7362302541732788,1.730991244316101,1.6963410377502441,2.0225212574005127,2.041869878768921,2.332367181777954,2.42191219329834,2.7288782596588135,2.856255054473877,3.2180211544036865,3.2687017917633057,3.286780834197998,2.3219153881073,2.3919460773468018,2.2874338626861572,2.4892866611480713,2.369798421859741,2.275477647781372,2.598463773727417,2.534860610961914,2.8577353954315186,2.894517660140991,3.2156660556793213,3.331265449523926,3.612147569656372,3.709620714187622,4.118229389190674
B3,1.1629047393798828,1.0635526180267334,0.7709963917732239,0.956746518611908,0.9704936742782593,0.7981342673301697,1.0672343969345093,1.0621674060821533,1.4176262617111206,1.4646470546722412,1.84701406955719,2.0266504287719727,2.4154868125915527,2.4751110076904297,2.288275957107544,0.6005702018737793,0.39294371008872986,0.0,0.391533225774765,0.5208863019943237,0.527033805847168,0.912627100944519,1.0162982940673828,1.3895801305770874,1.5196717977523804,1.9012969732284546,2.0771965980529785,2.472320795059204,2.544506311416626,2.43875789642334,0.8770958185195923,0.8528659343719482,0.6564277410507202,0.914150595664978,0.8939164876937866,0.8372030854225159,1.1627434492111206,1.2522705793380737,1.5760931968688965,1.7354077100753784,2.0825140476226807,2.2568013668060303,2.646857500076294,2.724301815032959,2.7164664268493652,1.469897985458374,1.5128443241119385,1.3458924293518066,1.5827383995056152,1.4991977214813232,1.4226537942886353,1.710892915725708,1.7366507053375244,2.0059802532196045,2.1240267753601074,2.422531843185425,2.5803778171539307,2.9399776458740234,3.0242600440979004,3.067624807357788,2.1645925045013428,2.2722418308258057,2.1269290447235107,2.351126194000244,2.1854937076568604,2.0481936931610107,2.337965726852417,2.255204439163208,2.5562796592712402,2.590172529220581,2.8928165435791016,3.008056640625,3.270972728729248,3.3692283630371094,3.778897523880005
B4,0.9220436215400696,0.7866679430007935,0.6046277284622192,0.7623929977416992,0.9192710518836975,0.9016276001930237,1.207887053489685,1.3117375373840332,1.6684178113937378,1.7680994272232056,2.152122974395752,2.3636603355407715,2.7509047985076904,2.8336217403411865,2.665034532546997,0.9661836624145508,0.6739164590835571,0.391533225774765,0.0,0.37521857023239136,0.6472232937812805,0.9885526895523071,1.2144869565963745,1.572873830795288,1.7643367052078247,2.1456549167633057,2.3632147312164307,2.7600371837615967,2.859060764312744,2.7682666778564453,1.164094090461731,1.0445597171783447,0.7651055455207825,0.8454105257987976,0.7766972184181213,0.8532187342643738,1.1466920375823975,1.3492305278778076,1.6657905578613281,1.8921029567718506,2.2452077865600586,2.467615842819214,2.8602232933044434,2.9695472717285156,2.971400499343872,1.6364036798477173,1.62376868724823,1.3859775066375732,1.5389033555984497,1.4010080099105835,1.3789077997207642,1.6399173736572266,1.7457997798919678,2.009984016418457,2.193174362182617,2.497398614883423,2.7043871879577637,3.065647840499878,3.1850345134735107,3.2357263565063477,2.2415812015533447,2.3243865966796875,2.121413469314575,2.3060059547424316,2.091933012008667,1.9725786447525024,2.2471418380737305,2.2066893577575684,2.495389223098755,2.574338674545288,2.864729404449463,3.01265811920166,3.250808000564575,3.37514591217041,3.784881830215454
B5,1.14308762550354,0.8862339854240417,0.6623674035072327,0.6190392374992371,0.702971875667572,0.7299615740776062,0.9547602534294128,1.1079109907150269,1.4342024326324463,1.5630581378936768,1.9403671026229858,2.1873934268951416,2.567079544067383,2.6875686645507812,2.567662000656128,1.0738675594329834,0.8998419642448425,0.5208863019943237,0.37521857023239136,0.0,0.3794485926628113,0.6441582441329956,0.9336992502212524,1.2656704187393188,1.5061371326446533,1.8756667375564575,2.132446050643921,2.524165391921997,2.662205457687378,2.6152875423431396,1.198775053024292,1.1732721328735352,0.8447560667991638,0.959815502166748,0.7432036995887756,0.6961236000061035,0.8907953500747681,1.091821551322937,1.3666914701461792,1.6237335205078125,1.9565118551254272,2.2052245140075684,2.589365005493164,2.73236083984375,2.773940324783325,1.6209850311279297,1.681809425354004,1.4186444282531738,1.611036777496338,1.406221628189087,1.295981764793396,1.4881374835968018,1.5549516677856445,1.7696946859359741,1.9533486366271973,2.224900245666504,2.4396564960479736,2.784332275390625,2.928605556488037,3.0153379440307617,2.205937147140503,2.3458776473999023,2.13513445854187,2.3612892627716064,2.123203754425049,1.9423856735229492,2.1675963401794434,2.07588529586792,2.3288490772247314,2.3732516765594482,2.633420944213867,2.754530668258667,2.9727909564971924,3.0749564170837402,3.482628107070923
B6,1.4080878496170044,1.164014458656311,0.8542364835739136,0.8095230460166931,0.7051178812980652,0.5773057341575623,0.693307101726532,0.7681648135185242,1.0807439088821411,1.1856608390808105,1.563677430152893,1.8094099760055542,2.1882994174957275,2.3135759830474854,2.207988739013672,0.912971556186676,0.8851954340934753,0.527033805847168,0.6472232937812805,0.3794485926628113,0.0,0.3933885395526886,0.5861154198646545,0.937679648399353,1.1581240892410278,1.5281195640563965,1.7740163803100586,2.16489577293396,2.3037784099578857,2.2718310356140137,1.042453646659851,1.1414334774017334,0.8661532998085022,1.1104118824005127,0.9049127101898193,0.6920225620269775,0.8558790683746338,0.9171834588050842,1.171125054359436,1.3758803606033325,1.6909875869750977,1.9084551334381104,2.2874951362609863,2.4207956790924072,2.4785475730895996,1.5201923847198486,1.6612310409545898,1.4495123624801636,1.7198389768600464,1.5406248569488525,1.3553327322006226,1.5402714014053345,1.5104631185531616,1.7021125555038452,1.8186169862747192,2.0648741722106934,2.234208583831787,2.5680201053619385,2.692246198654175,2.7929794788360596,2.165250539779663,2.3498804569244385,2.186147689819336,2.4586377143859863,2.2536468505859375,2.038137674331665,2.255784511566162,2.106698513031006,2.353123188018799,2.3393585681915283,2.594958543777466,2.670802116394043,2.9018609523773193,2.966815233230591,3.372499942779541
B7,1.7216984033584595,1.423537015914917,1.1468766927719116,0.9745230078697205,0.8161149621009827,0.76442950963974,0.6807794570922852,0.7919176816940308,0.9910688996315002,1.1101242303848267,1.453317642211914,1.732968807220459,2.0890822410583496,2.2552175521850586,2.215869665145874,1.2473657131195068,1.2682849168777466,0.912627100944519,0.9885526895523071,0.6441582441329956,0.3933885395526886,0.0,0.3899882137775421,0.6425460577011108,0.9434897899627686,1.2821484804153442,1.5837196111679077,1.9596381187438965,2.147547483444214,2.1687891483306885,1.2311162948608398,1.382184624671936,1.0966427326202393,1.3099764585494995,1.0255780220031738,0.7361119389533997,0.7025244235992432,0.7113991975784302,0.8653989434242249,1.1085470914840698,1.3872108459472656,1.6434818506240845,2.00787091255188,2.185518264770508,2.289046049118042,1.5744681358337402,1.773866891860962,1.547340750694275,1.8278776407241821,1.5986902713775635,1.342531681060791,1.4319336414337158,1.3487656116485596,1.463521957397461,1.5711429119110107,1.7684149742126465,1.9460529088974,2.256649971008301,2.4118497371673584,2.5530102252960205,2.1460628509521484,2.381793260574341,2.2129106521606445,2.5145273208618164,2.2923738956451416,2.0257606506347656,2.181753158569336,1.9822243452072144,2.1790597438812256,2.1239426136016846,2.338956594467163,2.381484031677246,2.5888521671295166,2.628466844558716,3.029198408126831
B8,1.9843450784683228,1.7258989810943604,1.4068055152893066,1.3004294633865356,1.087653398513794,0.9135359525680542,0.7437416911125183,0.6623548865318298,0.7793259620666504,0.7849979996681213,1.124776005744934,1.3746767044067383,1.7330834865570068,1.8826383352279663,1.850267767906189,1.1795655488967896,1.3033920526504517,1.0162982940673828,1.2144869565963745,0.9336992502212524,0.5861154198646545,0.3899882137775421,0.0,0.37379446625709534,0.5816315412521362,0.9444854259490967,1.2136107683181763,1.5984406471252441,1.767918586730957,1.7853260040283203,1.0873818397521973,1.3380879163742065,1.1372730731964111,1.4310277700424194,1.2070105075836182,0.8549737334251404,0.8449505567550659,0.6592205762863159,0.7858073711395264,0.8974048495292664,1.1612071990966797,1.353080153465271,1.7195720672607422,1.8636438846588135,1.9632272720336914,1.4446706771850586,1.7079182863235474,1.5530803203582764,1.890647292137146,1.7157000303268433,1.4255210161209106,1.5345971584320068,1.3615553379058838,1.472059726715088,1.483822226524353,1.664744257926941,1.7717664241790771,2.077739715576172,2.1880416870117188,2.322326898574829,2.062920093536377,2.3264148235321045,2.216674566268921,2.549957752227783,2.3765664100646973,2.099993944168091,2.264672040939331,2.027479887008667,2.2311623096466064,2.125683307647705,2.3505191802978516,2.353532075881958,2.5901288986206055,2.600102186203003,2.994798421859741
B9,2.3171803951263428,2.034142255783081,1.7245012521743774,1.5676980018615723,1.3233587741851807,1.1810542345046997,0.9083529114723206,0.8264878988265991,0.7670814990997314,0.7526297569274902,0.9934219717979431,1.2633899450302124,1.5761348009109497,1.7689820528030396,1.8152196407318115,1.5129892826080322,1.669448971748352,1.3895801305770874,1.572873830795288,1.2656704187393188,0.937679648399353,0.6425460577011108,0.37379446625709534,0.0,0.38079771399497986,0.6507363319396973,0.9849951863288879,1.3389430046081543,1.565881609916687,1.656085729598999,1.3743692636489868,1.6548843383789062,1.4686012268066406,1.7446017265319824,1.4963573217391968,1.131615400314331,1.0078426599502563,0.7478416562080383,0.6858459711074829,0.7371361255645752,0.8934640884399414,1.0899951457977295,1.424217939376831,1.610364317893982,1.7736369371414185,1.6251572370529175,1.9323469400405884,1.790798306465149,2.1324446201324463,1.940802812576294,1.6118751764297485,1.645256519317627,1.411110758781433,1.430431842803955,1.3862673044204712,1.4830421209335327,1.555230736732483,1.8167757987976074,1.9419313669204712,2.125713348388672,2.169158935546875,2.4737792015075684,2.3792152404785156,2.733433485031128,2.5621254444122314,2.253265142440796,2.3654394149780273,2.082841157913208,2.2344417572021484,2.0734620094299316,2.2501373291015625,2.1977286338806152,2.411632537841797,2.375033378601074,2.7549808025360107
B10,2.55013370513916,2.3032240867614746,1.9735063314437866,1.871457576751709,1.6275005340576172,1.4242788553237915,1.1714707612991333,0.9733546376228333,0.8631830811500549,0.6665812134742737,0.8460572361946106,1.0238776206970215,1.3292694091796875,1.4757351875305176,1.5245966911315918,1.5364025831222534,1.7415239810943604,1.5196717977523804,1.7643367052078247,1.5061371326446533,1.1581240892410278,0.9434897899627686,0.5816315412521362,0.38079771399497986,0.0,0.38641250133514404,0.643366277217865,1.0251420736312866,1.2103266716003418,1.2767888307571411,1.2895301580429077,1.624344825744629,1.5177559852600098,1.8305296897888184,1.6408162117004395,1.2648509740829468,1.1880991458892822,0.8442040681838989,0.79305499792099,0.6508650183677673,0.7745568752288818,0.8464218974113464,1.1888927221298218,1.3107763528823853,1.446808934211731,1.5007046461105347,1.8475217819213867,1.7772756814956665,2.1499691009521484,2.0147197246551514,1.6795400381088257,1.7407338619232178,1.4527084827423096,1.4874485731124878,1.3533035516738892,1.446909785270691,1.4344401359558105,1.6956677436828613,1.7528046369552612,1.9059607982635498,2.0565311908721924,2.373781204223633,2.3376235961914062,2.708808660507202,2.5877552032470703,2.2839348316192627,2.4095802307128906,2.1103968620300293,2.275594472885132,2.0833852291107178,2.2792038917541504,2.2040622234344482,2.4544684886932373,2.405749559402466,2.7747840881347656
B11,2.9120843410491943,2.654785633087158,2.3248047828674316,2.2016441822052,1.9352701902389526,1.7411108016967773,1.441652774810791,1.242159128189087,1.0264321565628052,0.8128315806388855,0.8105342388153076,0.9454251527786255,1.155474066734314,1.3352806568145752,1.4801491498947144,1.8792961835861206,2.1111907958984375,1.9012969732284546,2.1456549167633057,1.8756667375564575,1.5281195640563965,1.2821484804153442,0.9444854259490967,0.6507363319396973,0.38641250133514404,0.0,0.3816995322704315,0.6941708922386169,0.9547581672668457,1.1275557279586792,1.6326587200164795,1.9805264472961426,1.8921183347702026,2.1978952884674072,2.002453088760376,1.625955581665039,1.5034489631652832,1.1468451023101807,0.9912998676300049,0.7676628232002258,0.6867433786392212,0.64399653673172,0.8978763818740845,1.0406993627548218,1.2613401412963867,1.7735862731933594,2.142395257949829,2.0956056118011475,2.4675779342651367,2.332827091217041,1.981972098350525,1.9970120191574097,1.6720294952392578,1.636501669883728,1.4383249282836914,1.433362364768982,1.3409442901611328,1.5253652334213257,1.5641274452209473,1.7639613151550293,2.256171464920044,2.598511219024658,2.588397979736328,2.970928430557251,2.8634066581726074,2.5438363552093506,2.6310367584228516,2.301746129989624,2.4221038818359375,2.1801586151123047,2.3284850120544434,2.1929967403411865,2.4220879077911377,2.318885326385498,2.657486915588379
B12,3.136608123779297,2.9110958576202393,2.565171957015991,2.48628568649292,2.2163021564483643,1.979106068611145,1.7003960609436035,1.4378547668457031,1.212837815284729,0.9084123969078064,0.8104993104934692,0.7830554246902466,0.9333003759384155,1.0424481630325317,1.206322431564331,1.9625022411346436,2.231307029724121,2.0771965980529785,2.3632147312164307,2.132446050643921,1.7740163803100586,1.5837196111679077,1.2136107683181763,0.9849951863288879,0.643366277217865,0.3816995322704315,0.0,0.39801064133644104,0.5834400653839111,0.7648966908454895,1.6869745254516602,2.060058355331421,2.0388619899749756,2.3690834045410156,2.223780870437622,1.8524906635284424,1.7787023782730103,1.4031381607055664,1.290209174156189,0.9985624551773071,0.9030748605728149,0.6902469396591187,0.8637687563896179,0.8717957139015198,1.055762767791748,1.8153162002563477,2.195199728012085,2.21233868598938,2.5988762378692627,2.5152335166931152,2.176034927368164,2.223461627960205,1.881143569946289,1.870257019996643,1.6221028566360474,1.6191333532333374,1.4507347345352173,1.6114482879638672,1.5630775690078735,1.7177237272262573,2.3018581867218018,2.6387412548065186,2.6824381351470947,3.068119525909424,3.0061938762664795,2.702981948852539,2.808290958404541,2.4796626567840576,2.614746570587158,2.3598687648773193,2.523467540740967,2.3756601810455322,2.6288938522338867,2.5177905559539795,2.836153984069824
B13,3.522660255432129,3.2935163974761963,2.9462945461273193,2.8580660820007324,2.575542449951172,2.342284917831421,2.042684316635132,1.7830004692077637,1.5151199102401733,1.2264820337295532,1.0230144262313843,0.9211981296539307,0.9003115892410278,1.0020678043365479,1.2656652927398682,2.33207368850708,2.6160149574279785,2.472320795059204,2.7600371837615967,2.524165391921997,2.16489577293396,1.9596381187438965,1.5984406471252441,1.3389430046081543,1.0251420736312866,0.6941708922386169,0.39801064133644104,0.0,0.37012726068496704,0.7285093665122986,2.0590627193450928,2.4345457553863525,2.4278104305267334,2.7536091804504395,2.608391761779785,2.23747181892395,2.141684055328369,1.7629653215408325,1.6072365045547485,1.2955950498580933,1.101540207862854,0.805679202079773,0.7813286185264587,0.7322239875793457,0.986873209476471,2.1394150257110596,2.52524733543396,2.5630674362182617,2.9460413455963135,2.8684098720550537,2.523353338241577,2.544330596923828,2.1839654445648193,2.1321468353271484,1.8465887308120728,1.7745240926742554,1.5391489267349243,1.6087454557418823,1.51611328125,1.6918238401412964,2.5610125064849854,2.908055543899536,2.9774374961853027,3.366670608520508,3.3214097023010254,3.0124199390411377,3.0915400981903076,2.7469491958618164,2.8493053913116455,2.561840295791626,2.687493324279785,2.494199275970459,2.727280378341675,2.5724353790283203,2.8491761684417725
