,A1,A2,A3,A4,A5,A6,A7,A8,A9,A10,A11,A12,A13,A14,A15,B1,B2,B3,B4,B5,B6,B7,B8,B9,B10,B11,B12,B13,B14,B15,C1,C2,C3,C4,C5,C6,C7,C8,C9,C10,C11,C12,C13,C14,C15,D1,D2,D3,D4,D5,D6,D7,D8,D9,D10,D11,D12,D13,D14,D15,E1,E2,E3,E4,E5,E6,E7,E8,E9,E10,E11,E12,E13,E14,E15
A1,0.0,0.39375919103622437,0.5758334994316101,0.8845518231391907,1.120756983757019,1.1532481908798218,1.512856364250183,1.657924771308899,2.0076920986175537,2.1677327156066895,2.5198473930358887,2.685572862625122,3.0399997234344482,3.062870502471924,3.183171272277832,1.4774709939956665,1.3023569583892822,1.1344424486160278,1.1723076105117798,1.3276474475860596,1.462341547012329,1.7600715160369873,1.926540732383728,2.2455825805664062,2.4127564430236816,2.756330728530884,2.9418962001800537,3.2979073524475098,3.4012069702148438,3.4748828411102295,1.9756577014923096,1.8793164491653442,1.7365115880966187,1.7785418033599854,1.860106348991394,1.910031795501709,2.1438944339752197,2.269325017929077,2.541074752807617,2.697256326675415,3.0240790843963623,3.2181150913238525,3.555567741394043,3.6886186599731445,3.784553289413452,2.5052483081817627,2.4600911140441895,2.3453526496887207,2.4274961948394775,2.4381659030914307,2.4216463565826416,2.606092929840088,2.675259828567505,2.902623414993286,3.039454460144043,3.3344476222991943,3.5292577743530273,3.8410897254943848,4.007442951202393,4.1370744705200195,3.061861038208008,3.065974235534668,2.9801361560821533,3.0973753929138184,3.0530638694763184,2.978593111038208,3.1492252349853516,3.142610549926758,3.336778402328491,3.431438684463501,3.675389528274536,3.8499643802642822,4.024810791015625,4.31409215927124,4.504510879516602
A2,0.39375919103622437,0.0,0.3872312605381012,0.5470318794250488,0.8583401441574097,0.9907968044281006,1.3557270765304565,1.559226632118225,1.9162851572036743,2.114823818206787,2.4750638008117676,2.677666425704956,3.045530319213867,3.0986530780792236,3.2113544940948486,1.4642436504364014,1.2614079713821411,1.0056036710739136,0.9331926703453064,1.0336936712265015,1.233067274093628,1.5201294422149658,1.745033621788025,2.075113296508789,2.2856082916259766,2.642362117767334,2.8645405769348145,3.2322306632995605,3.355597734451294,3.427304983139038,1.866950273513794,1.7555489540100098,1.5458943843841553,1.5282686948776245,1.5610814094543457,1.643926978111267,1.8630667924880981,2.0375356674194336,2.3183679580688477,2.5171303749084473,2.858168840408325,3.0873165130615234,3.435134172439575,3.5888864994049072,3.679105281829834,2.3499300479888916,2.2998569011688232,2.133085012435913,2.1794514656066895,2.149402379989624,2.148378372192383,2.3122010231018066,2.4168310165405273,2.646937847137451,2.821296453475952,3.12699556350708,3.3540539741516113,3.673203468322754,3.8590080738067627,3.979506731033325,2.8795828819274902,2.8852880001068115,2.7578635215759277,2.8539953231811523,2.7747862339019775,2.704756021499634,2.853740930557251,2.8707525730133057,3.0591373443603516,3.1844303607940674,3.428908348083496,3.630248546600342,3.7990314960479736,4.106503963470459,4.2982988357543945
A3,0.5758334994316101,0.3872312605381012,0.0,0.3936048150062561,0.5634754300117493,0.6125494837760925,0.9843969345092773,1.172529697418213,1.530177116394043,1.7296411991119385,2.0888187885284424,2.2981314659118652,2.6656038761138916,2.7304909229278564,2.8526930809020996,1.1623389720916748,1.0328035354614258,0.7448221445083618,0.7747310400009155,0.809452474117279,0.9158414006233215,1.1908507347106934,1.386304497718811,1.7075976133346558,1.9113339185714722,2.2629289627075195,2.4855735301971436,2.8495893478393555,2.9810359477996826,3.067824602127075,1.5987882614135742,1.5561113357543945,1.3492016792297363,1.409818172454834,1.4029626846313477,1.4038896560668945,1.5950790643692017,1.725284218788147,1.9863731861114502,2.168351650238037,2.4979140758514404,2.7210335731506348,3.0617895126342773,3.220790147781372,3.3269035816192627,2.1116082668304443,2.1181235313415527,1.9670078754425049,2.073138952255249,2.016732931137085,1.9520835876464844,2.0903472900390625,2.1477246284484863,2.3536765575408936,2.503596782684326,2.7927143573760986,3.0078704357147217,3.3173086643218994,3.5056872367858887,3.643498659133911,2.6609442234039307,2.71146297454834,2.602391004562378,2.7467732429504395,2.6524341106414795,2.534151792526245,2.662895441055298,2.6357197761535645,2.8027589321136475,2.8972809314727783,3.126025915145874,3.3062474727630615,3.468520402908325,3.76617431640625,3.951981782913208
A4,0.8845518231391907,0.5470318794250488,0.3936048150062561,0.0,0.3718736469745636,0.6385772824287415,0.9507315754890442,1.2219586372375488,1.5596506595611572,1.8087146282196045,2.159520387649536,2.410191774368286,2.778855323791504,2.8810842037200928,3.0016930103302,1.3564438819885254,1.2179441452026367,0.8669605255126953,0.7466198205947876,0.6310728192329407,0.8236387968063354,1.040839433670044,1.3233330249786377,1.6387193202972412,1.9009604454040527,2.255000114440918,2.5210869312286377,2.887526035308838,3.046708106994629,3.1384198665618896,1.66168212890625,1.6099897623062134,1.3291126489639282,1.3091199398040771,1.2123520374298096,1.2496721744537354,1.3941553831100464,1.592919111251831,1.8511500358581543,2.0909574031829834,2.4274606704711914,2.6935787200927734,3.0372796058654785,3.22503399848938,3.331064462661743,2.1012020111083984,2.106527805328369,1.8935985565185547,1.9520549774169922,1.8334720134735107,1.7840734720230103,1.8783906698226929,1.9810913801193237,2.178708791732788,2.3781707286834717,2.671586513519287,2.926769495010376,3.2370691299438477,3.452895402908325,3.585503101348877,2.606678009033203,2.6619179248809814,2.5024681091308594,2.6190507411956787,2.47652006149292,2.3610994815826416,2.4515507221221924,2.4525508880615234,2.6024277210235596,2.7352938652038574,2.956124782562256,3.1673529148101807,3.3133740425109863,3.6324074268341064,3.812662124633789
A5,1.120756983757019,0.8583401441574097,0.5634754300117493,0.3718736469745636,0.0,0.37081336975097656,0.5969408750534058,0.9077088832855225,1.2205181121826172,1.5015828609466553,1.8366061449050903,2.111698865890503,2.4693005084991455,2.601740598678589,2.745266914367676,1.2610641717910767,1.2267082929611206,0.8762853145599365,0.8599472641944885,0.6212342381477356,0.6442285180091858,0.7611632943153381,1.0343866348266602,1.315953016281128,1.5962010622024536,1.9340568780899048,2.2159318923950195,2.569735288619995,2.753974199295044,2.876683235168457,1.5721104145050049,1.6066091060638428,1.3323678970336914,1.3853379487991333,1.2230867147445679,1.1537957191467285,1.2165002822875977,1.3659833669662476,1.5771087408065796,1.8131518363952637,2.125988721847534,2.397233724594116,2.724447727203369,2.9329168796539307,3.0687990188598633,2.0200557708740234,2.0933446884155273,1.893304705619812,2.005711078643799,1.8459274768829346,1.7233562469482422,1.7603386640548706,1.8082002401351929,1.9572834968566895,2.1366560459136963,2.3992605209350586,2.6494624614715576,2.939742088317871,3.1715035438537598,3.332824945449829,2.529874801635742,2.6381313800811768,2.49237322807312,2.6534817218780518,2.485543727874756,2.3167214393615723,2.3661913871765137,2.3175458908081055,2.4261434078216553,2.5270652770996094,2.7161872386932373,2.9046742916107178,3.028517723083496,3.339998245239258,3.5031421184539795
A6,1.1532481908798218,0.9907968044281006,0.6125494837760925,0.6385772824287415,0.37081336975097656,0.0,0.3853469491004944,0.5899026393890381,0.9389368891716003,1.1772586107254028,1.5274931192398071,1.7771344184875488,2.1417739391326904,2.252683162689209,2.3940300941467285,0.9467601776123047,0.9975481629371643,0.700130045413971,0.8486906290054321,0.6801906824111938,0.5245601534843445,0.6747709512710571,0.8229041695594788,1.1115827560424805,1.334320306777954,1.6745637655258179,1.9235366582870483,2.2801101207733154,2.4444265365600586,2.5660290718078613,1.3351417779922485,1.4310648441314697,1.2196272611618042,1.3790628910064697,1.2644344568252563,1.1111949682235718,1.1939257383346558,1.2436426877975464,1.4459201097488403,1.6171659231185913,1.9215693473815918,2.1541130542755127,2.48042368888855,2.666004180908203,2.8053078651428223,1.8396222591400146,1.9523255825042725,1.81070876121521,1.9933302402496338,1.868634581565857,1.696825623512268,1.7554489374160767,1.7331193685531616,1.8759493827819824,1.9951106309890747,2.247102737426758,2.456371545791626,2.7446701526641846,2.9523303508758545,3.1223666667938232,2.384476661682129,2.5168585777282715,2.4213144779205322,2.630657196044922,2.4934024810791016,2.295916795730591,2.365382194519043,2.267690420150757,2.3800456523895264,2.4295430183410645,2.6192774772644043,2.7703897953033447,2.910046339035034,3.197711706161499,3.3680269718170166
A7,1.512856364250183,1.3557270765304565,0.9843969345092773,0.9507315754890442,0.5969408750534058,0.3853469491004944,0.0,0.3686041831970215,0.6285768747329712,0.9415968656539917,1.2536166906356812,1.5503756999969482,1.8929811716079712,2.056339740753174,2.2293620109558105,1.102369785308838,1.251173973083496,0.9949225187301636,1.151738166809082,0.9050032496452332,0.6403323411941528,0.5558936595916748,0.6366984248161316,0.8258714079856873,1.083940863609314,1.3887985944747925,1.669592022895813,2.003527879714966,2.210214376449585,2.3762216567993164,1.4233477115631104,1.6000663042068481,1.3974374532699585,1.5833635330200195,1.401811957359314,1.1703521013259888,1.1316367387771606,1.1147159337997437,1.2259070873260498,1.3930367231369019,1.6531304121017456,1.8987598419189453,2.197704553604126,2.4182238578796387,2.597865104675293,1.884919285774231,2.06349515914917,1.9264189004898071,2.137274742126465,1.964542031288147,1.7342554330825806,1.7147215604782104,1.6371257305145264,1.7062963247299194,1.803536057472229,2.006221294403076,2.2136197090148926,2.4705846309661865,2.704753875732422,2.9104068279266357,2.4012467861175537,2.586556911468506,2.4948790073394775,2.733522653579712,2.5631134510040283,2.319892406463623,2.333317518234253,2.1902472972869873,2.2450828552246094,2.262295961380005,2.404764413833618,2.5304806232452393,2.6347103118896484,2.9146759510040283,3.059447765350342
A8,1.657924771308899,1.559226632118225,1.172529697418213,1.2219586372375488,0.9077088832855225,0.5899026393890381,0.3686041831970215,0.0,0.36809659004211426,0.5960277318954468,0.9383158087730408,1.204553484916687,1.5633306503295898,1.7017438411712646,1.8654059171676636,0.8998234272003174,1.1485700607299805,0.9919688701629639,1.2437137365341187,1.0683717727661133,0.7295852303504944,0.6700630187988281,0.5287774801254272,0.6781650185585022,0.8227514624595642,1.1264373064041138,1.361559510231018,1.7028101682662964,1.882752776145935,2.043896436691284,1.2374387979507446,1.4823986291885376,1.356918454170227,1.624077320098877,1.491144061088562,1.2044113874435425,1.186318278312683,1.0562453269958496,1.1432431936264038,1.2126575708389282,1.454182744026184,1.645980715751648,1.944624662399292,2.1340320110321045,2.3132009506225586,1.7222424745559692,1.942376732826233,1.868375301361084,2.1382932662963867,2.0024373531341553,1.735023856163025,1.7377749681472778,1.5905755758285522,1.6506046056747437,1.6731899976730347,1.859503984451294,2.014010190963745,2.2685999870300293,2.4701552391052246,2.6804752349853516,2.253615140914917,2.4629416465759277,2.423220157623291,2.7040345668792725,2.56592059135437,2.3008415699005127,2.334122896194458,2.14579701423645,2.2051079273223877,2.166651725769043,2.3096933364868164,2.392782211303711,2.518179416656494,2.7682619094848633,2.9246323108673096
A9,2.0076920986175537,1.9162851572036743,1.530177116394043,1.5596506595611572,1.2205181121826172,0.9389368891716003,0.6285768747329712,0.36809659004211426,0.0,0.37708204984664917,0.6296509504318237,0.9516820311546326,1.2760859727859497,1.4728435277938843,1.6736241579055786,1.1618828773498535,1.4579027891159058,1.3374353647232056,1.5850802659988403,1.3842949867248535,1.029195785522461,0.8589520454406738,0.6250972151756287,0.5488501787185669,0.6354571580886841,0.848042368888855,1.0961265563964844,1.40055513381958,1.6238819360733032,1.8393423557281494,1.4194815158843994,1.7189383506774902,1.6189680099487305,1.8999630212783813,1.7379522323608398,1.4125438928604126,1.3121262788772583,1.1061931848526,1.072414755821228,1.080518126487732,1.2352073192596436,1.4082974195480347,1.662774682044983,1.880187749862671,2.1075122356414795,1.841207504272461,2.1142916679382324,2.060210704803467,2.3524858951568604,2.193148374557495,1.8860540390014648,1.8311842679977417,1.625048279762268,1.6056435108184814,1.5744253396987915,1.6879807710647583,1.8115262985229492,2.021085262298584,2.2374725341796875,2.4888620376586914,2.3298308849334717,2.5841140747070312,2.5613067150115967,2.8680288791656494,2.714085817337036,2.4146652221679688,2.4049296379089355,2.170778512954712,2.1751694679260254,2.087158441543579,2.1759724617004395,2.2122621536254883,2.303063154220581,2.528416872024536,2.6577508449554443
A10,2.1677327156066895,2.114823818206787,1.7296411991119385,1.8087146282196045,1.5015828609466553,1.1772586107254028,0.9415968656539917,0.5960277318954468,0.37708204984664917,0.0,0.37325620651245117,0.6144190430641174,0.9807767271995544,1.12803053855896,1.3039476871490479,1.083679437637329,1.4346506595611572,1.4091429710388184,1.704771876335144,1.5683972835540771,1.201080560684204,1.0893617868423462,0.7668890357017517,0.6705566048622131,0.5232534408569336,0.6861447691917419,0.822857141494751,1.1416270732879639,1.3107925653457642,1.509769320487976,1.3057613372802734,1.6500921249389648,1.6306090354919434,1.9641534090042114,1.8558090925216675,1.5121355056762695,1.45204496383667,1.1754239797592163,1.1351505517959595,1.0191148519515991,1.137961506843567,1.2162550687789917,1.468904972076416,1.6286360025405884,1.8436199426651,1.7170006036758423,2.018218517303467,2.030517816543579,2.3662302494049072,2.2515735626220703,1.9287279844284058,1.9083054065704346,1.6532435417175293,1.6385269165039062,1.5280059576034546,1.625214695930481,1.6756155490875244,1.8836718797683716,2.0461246967315674,2.29105281829834,2.2021024227142334,2.470442771911621,2.5024795532226562,2.8413326740264893,2.726803779602051,2.4193027019500732,2.437922954559326,2.1720938682556152,2.1915249824523926,2.051870346069336,2.148696184158325,2.1401357650756836,2.263394355773926,2.4502265453338623,2.5991899967193604
A11,2.5198473930358887,2.4750638008117676,2.0888187885284424,2.159520387649536,1.8366061449050903,1.5274931192398071,1.2536166906356812,0.9383158087730408,0.6296509504318237,0.37325620651245117,0.0,0.36794257164001465,0.6573209166526794,0.8897079229354858,1.1197043657302856,1.427558183670044,1.789292812347412,1.7798583507537842,2.0708842277526855,1.9198380708694458,1.5495649576187134,1.3901423215866089,1.0600600242614746,0.8491014242172241,0.6272057890892029,0.5549999475479126,0.6096312403678894,0.8373709321022034,1.0541266202926636,1.330855369567871,1.5939245223999023,1.959479570388794,1.9594446420669556,2.2952523231506348,2.17163348197937,1.8135828971862793,1.705742597579956,1.394795298576355,1.263688087463379,1.0790618658065796,1.0641934871673584,1.0685875415802002,1.2349293231964111,1.4078209400177002,1.682235598564148,1.936065912246704,2.2691991329193115,2.301729679107666,2.648847818374634,2.522351026535034,2.1784040927886963,2.1181859970092773,1.8241376876831055,1.7424203157424927,1.573909044265747,1.5809907913208008,1.5698655843734741,1.709051251411438,1.8686810731887817,2.1584959030151367,2.36606764793396,2.666757583618164,2.718729019165039,3.075103282928467,2.9538540840148926,2.62460994720459,2.6103758811950684,2.309804677963257,2.2811098098754883,2.0910069942474365,2.129384756088257,2.059166669845581,2.1454851627349854,2.287548542022705,2.404478073120117
A12,2.685572862625122,2.677666425704956,2.2981314659118652,2.410191774368286,2.111698865890503,1.7771344184875488,1.5503756999969482,1.204553484916687,0.9516820311546326,0.6144190430641174,0.36794257164001465,0.0,0.39687633514404297,0.5312735438346863,0.7635595798492432,1.490019679069519,1.8696057796478271,1.9295302629470825,2.25048828125,2.151228189468384,1.7849185466766357,1.6752179861068726,1.3246821165084839,1.1495532989501953,0.8517606854438782,0.7342291474342346,0.5748153924942017,0.7327842712402344,0.8370891809463501,1.100911259651184,1.6417710781097412,2.01812481880188,2.083350658416748,2.4486823081970215,2.3733365535736084,2.0178639888763428,1.9516806602478027,1.618410348892212,1.5060635805130005,1.2550098896026611,1.208365559577942,1.0964840650558472,1.2234348058700562,1.3020308017730713,1.557186245918274,1.9666924476623535,2.305222988128662,2.3955633640289307,2.7680437564849854,2.6851909160614014,2.3429620265960693,2.3188631534576416,2.0047240257263184,1.938522219657898,1.7182799577713013,1.711554765701294,1.6237229108810425,1.745600938796997,1.832457184791565,2.1087253093719482,2.3825228214263916,2.6826958656311035,2.7851130962371826,3.160403251647949,3.0790624618530273,2.7540299892425537,2.769742727279663,2.454913377761841,2.4449174404144287,2.219670295715332,2.2658443450927734,2.1554133892059326,2.268141031265259,2.364365339279175,2.4936623573303223
A13,3.0399997234344482,3.045530319213867,2.6656038761138916,2.778855323791504,2.4693005084991455,2.1417739391326904,1.8929811716079712,1.5633306503295898,1.2760859727859497,0.9807767271995544,0.6573209166526794,0.39687633514404297,0.0,0.37655773758888245,0.708506166934967,1.8766720294952393,2.2589926719665527,2.323802947998047,2.645808458328247,2.5375077724456787,2.1690826416015625,2.0349392890930176,1.6886608600616455,1.4699413776397705,1.1770399808883667,0.9555220603942871,0.7262008786201477,0.650987446308136,0.7529487013816833,1.0950888395309448,2.018695831298828,2.398519992828369,2.473267078399658,2.838146448135376,2.754279851913452,2.3934683799743652,2.300976276397705,1.9583594799041748,1.7993546724319458,1.5267449617385864,1.3884365558624268,1.2093744277954102,1.2068079710006714,1.2655377388000488,1.5697718858718872,2.3036012649536133,2.653923988342285,2.7576239109039307,3.134073495864868,3.0454211235046387,2.6940507888793945,2.6455414295196533,2.313913106918335,2.2051644325256348,1.9533814191818237,1.8742624521255493,1.728759527206421,1.7657229900360107,1.8304344415664673,2.1417040824890137,2.675002098083496,2.9912664890289307,3.1096911430358887,3.493687868118286,3.4105000495910645,3.074570894241333,3.068241834640503,2.734035015106201,2.688918352127075,2.4298627376556396,2.4252607822418213,2.2596371173858643,2.332118034362793,2.372300624847412,2.4604198932647705
A14,3.062870502471924,3.0986530780792236,2.7304909229278564,2.8810842037200928,2.601740598678589,2.252683162689209,2.056339740753174,1.7017438411712646,1.4728435277938843,1.12803053855896,0.8897079229354858,0.5312735438346863,0.37655773758888245,0.0,0.3956761956214905,1.830702304840088,2.2112820148468018,2.3343505859375,2.6774098873138428,2.622309684753418,2.264341354370117,2.1864683628082275,1.8298259973526,1.6659971475601196,1.339751958847046,1.172465443611145,0.8805076479911804,0.8423272371292114,0.7646517753601074,0.9952763915061951,1.9676845073699951,2.338858127593994,2.4675869941711426,2.8524749279022217,2.81990909576416,2.4711573123931885,2.431812286376953,2.084932804107666,1.9731383323669434,1.6758050918579102,1.5748158693313599,1.3509798049926758,1.3757315874099731,1.332451581954956,1.562707781791687,2.251194953918457,2.586956739425659,2.7379066944122314,3.1292049884796143,3.0880608558654785,2.7502658367156982,2.750678777694702,2.4191393852233887,2.3522896766662598,2.083082914352417,2.037148952484131,1.8604578971862793,1.9245737791061401,1.9205212593078613,2.183911085128784,2.623830556869507,2.920927047729492,3.080289602279663,3.4716949462890625,3.4316225051879883,3.1119303703308105,3.148519277572632,2.818465232849121,2.812990427017212,2.5471174716949463,2.579702138900757,2.412027597427368,2.53047251701355,2.5562520027160645,2.6770153045654297
A15,3.183171272277832,3.2113544940948486,2.8526930809020996,3.0016930103302,2.745266914367676,2.3940300941467285,2.2293620109558105,1.8654059171676636,1.6736241579055786,1.3039476871490479,1.1197043657302856,0.7635595798492432,0.708506166934967,0.3956761956214905,0.0,1.8417974710464478,2.2009758949279785,2.3674705028533936,2.700948476791382,2.677651882171631,2.3320348262786865,2.280510187149048,1.9133803844451904,1.7746472358703613,1.4146398305892944,1.2646147012710571,0.9207190871238708,0.9029353857040405,0.6619249582290649,0.7260051965713501,1.8712388277053833,2.235281229019165,2.409148693084717,2.799638032913208,2.799680709838867,2.4594874382019043,2.4473164081573486,2.089630603790283,1.9992647171020508,1.667749047279358,1.5760399103164673,1.300512671470642,1.3437645435333252,1.197991967201233,1.3370461463928223,2.079172372817993,2.4125826358795166,2.6056909561157227,3.006540536880493,2.998936176300049,2.668510913848877,2.6963255405426025,2.3564982414245605,2.311042308807373,2.013235092163086,1.9809213876724243,1.764371395111084,1.8498156070709229,1.7740510702133179,1.9805179834365845,2.4029133319854736,2.695087194442749,2.8921096324920654,3.291677236557007,3.2846219539642334,2.9741618633270264,3.0352554321289062,2.7023138999938965,2.7206945419311523,2.4385132789611816,2.4959707260131836,2.319324493408203,2.4839980602264404,2.4915220737457275,2.6517598628997803
B1,1.4774709939956665,1.4642436504364014,1.1623389720916748,1.3564438819885254,1.2610641717910767,0.9467601776123047,1.102369785308838,0.8998234272003174,1.1618828773498535,1.083679437637329,1.427558183670044,1.490019679069519,1.8766720294952393,1.830702304840088,1.8417974710464478,0.0,0.38734129071235657,0.5709869861602783,0.9458669424057007,1.0765470266342163,0.874238908290863,1.1316614151000977,0.9979665875434875,1.2769250869750977,1.2432234287261963,1.5731984376907349,1.6569420099258423,2.0313079357147217,2.047523260116577,2.0463433265686035,0.6732354164123535,0.8302888870239258,0.8960971832275391,1.254328966140747,1.3595575094223022,1.1655625104904175,1.3994039297103882,1.289260745048523,1.534799337387085,1.519578456878662,1.8275742530822754,1.9223182201385498,2.2732717990875244,2.323354959487915,2.3677241802215576,1.2818771600723267,1.3989659547805786,1.4428343772888184,1.7480806112289429,1.7882797718048096,1.5992677211761475,1.7980080842971802,1.6861056089401245,1.8943922519683838,1.8837918043136597,2.1610825061798096,2.2588114738464355,2.5805561542510986,2.667769432067871,2.771233320236206,1.8800554275512695,1.993041753768921,2.0346693992614746,2.3140316009521484,2.3077380657196045,2.1168019771575928,2.300699472427368,2.156742811203003,2.3493173122406006,2.3186564445495605,2.5695066452026367,2.66572642326355,2.8994743824005127,3.129708766937256,3.362602472305298
B2,1.3023569583892822,1.2614079713821411,1.0328035354614258,1.2179441452026367,1.2267082929611206,0.9975481629371643,1.251173973083496,1.1485700607299805,1.4579027891159058,1.4346506595611572,1.789292812347412,1.8696057796478271,2.2589926719665527,2.2112820148468018,2.2009758949279785,0.38734129071235657,0.0,0.3674153685569763,0.67842698097229,0.931210994720459,0.8673887848854065,1.2093479633331299,1.179685354232788,1.5107014179229736,1.5324435234069824,1.8854786157608032,1.9937199354171753,2.3782973289489746,2.390263557434082,2.3583970069885254,0.7082604765892029,0.6634233593940735,0.6967733502388,0.9951350092887878,1.1797822713851929,1.0907161235809326,1.4048510789871216,1.3880038261413574,1.6935279369354248,1.7346446514129639,2.078770399093628,2.2038686275482178,2.573655128479004,2.6222751140594482,2.6321306228637695,1.2689590454101562,1.277817964553833,1.2841510772705078,1.5304301977157593,1.613561749458313,1.5015697479248047,1.7584489583969116,1.724162220954895,1.9884666204452515,2.032761335372925,2.3517394065856934,2.483598232269287,2.8291783332824707,2.9169209003448486,2.983860492706299,1.8543673753738403,1.8972561359405518,1.9058372974395752,2.1334269046783447,2.1483078002929688,2.0135087966918945,2.237973690032959,2.1565134525299072,2.392507553100586,2.416118621826172,2.701824426651001,2.8416478633880615,3.0918610095977783,3.344351053237915,3.5933597087860107
B3,1.1344424486160278,1.0056036710739136,0.7448221445083618,0.8669605255126953,0.8762853145599365,0.700130045413971,0.9949225187301636,0.9919688701629639,1.3374353647232056,1.4091429710388184,1.7798583507537842,1.9295302629470825,2.323802947998047,2.3343505859375,2.3674705028533936,0.5709869861602783,0.3674153685569763,0.0,0.3936489224433899,0.5906261205673218,0.574505627155304,0.947205126285553,1.0159294605255127,1.3751660585403442,1.485602855682373,1.8579461574554443,2.0311174392700195,2.4210972785949707,2.487398862838745,2.497663974761963,0.8646491169929504,0.8244364857673645,0.6749036908149719,0.887904167175293,0.9778143763542175,0.9068546891212463,1.1982474327087402,1.251497745513916,1.5645742416381836,1.6794037818908691,2.037353515625,2.21966290473938,2.5910987854003906,2.6907248497009277,2.732227325439453,1.3885397911071777,1.406456470489502,1.314032793045044,1.5085742473602295,1.5132838487625122,1.4055981636047363,1.6175652742385864,1.624672293663025,1.8785351514816284,1.9786546230316162,2.300546169281006,2.4807491302490234,2.8228697776794434,2.956836462020874,3.0449790954589844,1.9570015668869019,2.0138750076293945,1.9553943872451782,2.155027389526367,2.1081230640411377,1.9674983024597168,2.1490578651428223,2.0887651443481445,2.301360845565796,2.361785411834717,2.632962226867676,2.8009378910064697,3.0227065086364746,3.30159854888916,3.533601760864258
B4,1.1723076105117798,0.9331926703453064,0.7747310400009155,0.7466198205947876,0.8599472641944885,0.8486906290054321,1.151738166809082,1.2437137365341187,1.5850802659988403,1.704771876335144,2.0708842277526855,2.25048828125,2.645808458328247,2.6774098873138428,2.700948476791382,0.9458669424057007,0.67842698097229,0.3936489224433899,0.0,0.39029258489608765,0.6171849966049194,0.9837326407432556,1.1626702547073364,1.5311639308929443,1.698819875717163,2.0783822536468506,2.287109613418579,2.6820061206817627,2.7625389099121094,2.760859966278076,1.0440415143966675,0.8967529535293579,0.6236736178398132,0.6390422582626343,0.7187210321426392,0.7933818101882935,1.115643858909607,1.2823150157928467,1.6251976490020752,1.8059405088424683,2.184013843536377,2.4072365760803223,2.7888901233673096,2.9047539234161377,2.927415609359741,1.4414886236190796,1.3903872966766357,1.2076423168182373,1.3018481731414795,1.2835578918457031,1.2544652223587036,1.4789937734603882,1.5770260095596313,1.8619197607040405,2.0284502506256104,2.3761825561523438,2.60040545463562,2.9554924964904785,3.106116771697998,3.169236660003662,1.9502300024032593,1.9648728370666504,1.839116096496582,1.9747813940048218,1.9027488231658936,1.8074190616607666,1.990302562713623,1.9965394735336304,2.227297067642212,2.3497843742370605,2.6375293731689453,2.852238178253174,3.073913097381592,3.3785622119903564,3.616896867752075
B5,1.3276474475860596,1.0336936712265015,0.809452474117279,0.6310728192329407,0.6212342381477356,0.6801906824111938,0.9050032496452332,1.0683717727661133,1.3842949867248535,1.5683972835540771,1.9198380708694458,2.151228189468384,2.5375077724456787,2.622309684753418,2.677651882171631,1.0765470266342163,0.931210994720459,0.5906261205673218,0.39029258489608765,0.0,0.3713887631893158,0.6630982756614685,0.9292016625404358,1.2810394763946533,1.5160325765609741,1.8890348672866821,2.1470656394958496,2.5336501598358154,2.661224365234375,2.69958233833313,1.1448919773101807,1.096144199371338,0.76763916015625,0.7687840461730957,0.6244513392448425,0.624681293964386,0.8396759033203125,1.0517469644546509,1.367405652999878,1.6037828922271729,1.9733226299285889,2.2392988204956055,2.609956979751587,2.770695686340332,2.8275699615478516,1.5034183263778687,1.522839903831482,1.2921441793441772,1.3856122493743896,1.2510783672332764,1.1637444496154785,1.2878365516662598,1.387279748916626,1.6282395124435425,1.8290214538574219,2.158294439315796,2.4158272743225098,2.755239486694336,2.946641206741333,3.037655830383301,1.9848142862319946,2.054508924484253,1.8926695585250854,2.0394654273986816,1.8928675651550293,1.7502782344818115,1.8565431833267212,1.846096158027649,2.025604724884033,2.1587753295898438,2.413769483566284,2.637972116470337,2.825093984603882,3.1444687843322754,3.3612375259399414
B6,1.462341547012329,1.233067274093628,0.9158414006233215,0.8236387968063354,0.6442285180091858,0.5245601534843445,0.6403323411941528,0.7295852303504944,1.029195785522461,1.201080560684204,1.5495649576187134,1.7849185466766357,2.1690826416015625,2.264341354370117,2.3320348262786865,0.874238908290863,0.8673887848854065,0.574505627155304,0.6171849966049194,0.3713887631893158,0.0,0.3828972578048706,0.5732713937759399,0.9343530535697937,1.1557203531265259,1.5292733907699585,1.7857325077056885,2.1700615882873535,2.305859088897705,2.3659017086029053,0.9743814468383789,1.0543290376663208,0.787206768989563,0.9446492195129395,0.7878757119178772,0.5881918668746948,0.7219229340553284,0.8105348348617554,1.0959476232528687,1.2965447902679443,1.6540192365646362,1.9075158834457397,2.271256923675537,2.4367451667785645,2.518725872039795,1.384761095046997,1.4949495792388916,1.319417953491211,1.5063968896865845,1.3623114824295044,1.1729991436004639,1.2514748573303223,1.2479848861694336,1.443329095840454,1.5915886163711548,1.8951120376586914,2.128753423690796,2.4558181762695312,2.6482462882995605,2.768031120300293,1.8970866203308105,2.0289647579193115,1.9119524955749512,2.12451171875,1.9769392013549805,1.7716805934906006,1.851353645324707,1.7647327184677124,1.9092673063278198,1.983543038368225,2.2140579223632812,2.3996102809906006,2.5794360637664795,2.881894826889038,3.0904502868652344
B7,1.7600715160369873,1.5201294422149658,1.1908507347106934,1.040839433670044,0.7611632943153381,0.6747709512710571,0.5558936595916748,0.6700630187988281,0.8589520454406738,1.0893617868423462,1.3901423215866089,1.6752179861068726,2.0349392890930176,2.1864683628082275,2.280510187149048,1.1316614151000977,1.2093479633331299,0.947205126285553,0.9837326407432556,0.6630982756614685,0.3828972578048706,0.0,0.37172195315361023,0.6537782549858093,0.959467887878418,1.3043043613433838,1.6122095584869385,1.9759483337402344,2.1604878902435303,2.262143611907959,1.1666686534881592,1.320726752281189,1.0624321699142456,1.2052929401397705,0.9487362504005432,0.6753724813461304,0.5759903192520142,0.624565601348877,0.8180865049362183,1.0709024667739868,1.3998006582260132,1.6949173212051392,2.037545680999756,2.2494072914123535,2.3689005374908447,1.4940028190612793,1.6698999404907227,1.4823391437530518,1.674293041229248,1.4553874731063843,1.206154704093933,1.1601178646087646,1.110440969467163,1.2180997133255005,1.3776510953903198,1.6406859159469604,1.899459719657898,2.2010817527770996,2.433790445327759,2.586014986038208,1.9508856534957886,2.138097047805786,2.007185459136963,2.2361903190612793,2.03582763671875,1.7826874256134033,1.7802400588989258,1.653567910194397,1.7258836030960083,1.7858951091766357,1.9669990539550781,2.146355152130127,2.2862935066223145,2.596116065979004,2.780458927154541
B8,1.926540732383728,1.745033621788025,1.386304497718811,1.3233330249786377,1.0343866348266602,0.8229041695594788,0.6366984248161316,0.5287774801254272,0.6250972151756287,0.7668890357017517,1.0600600242614746,1.3246821165084839,1.6886608600616455,1.8298259973526,1.9133803844451904,0.9979665875434875,1.179685354232788,1.0159294605255127,1.1626702547073364,0.9292016625404358,0.5732713937759399,0.37172195315361023,0.0,0.3691299557685852,0.6022548675537109,0.9651764035224915,1.251298427581787,1.6241600513458252,1.7945066690444946,1.8983993530273438,1.0106478929519653,1.2633459568023682,1.0966472625732422,1.3400921821594238,1.1439152956008911,0.7996241450309753,0.7049093246459961,0.5283440351486206,0.6556680202484131,0.7950477600097656,1.1147406101226807,1.371023178100586,1.7175554037094116,1.9110474586486816,2.039573907852173,1.352876901626587,1.59749436378479,1.4850066900253296,1.7522592544555664,1.5709911584854126,1.2661409378051758,1.2277604341506958,1.0641124248504639,1.133243441581726,1.1920342445373535,1.4288685321807861,1.6355427503585815,1.9335780143737793,2.143465757369995,2.311600685119629,1.8249253034591675,2.0555927753448486,1.984960675239563,2.269089460372925,2.09926176071167,1.8105201721191406,1.8165655136108398,1.6207367181777954,1.6799793243408203,1.6618860960006714,1.830912470817566,1.956276774406433,2.11112380027771,2.3900485038757324,2.5811715126037598
B9,2.2455825805664062,2.075113296508789,1.7075976133346558,1.6387193202972412,1.315953016281128,1.1115827560424805,0.8258714079856873,0.6781650185585022,0.5488501787185669,0.6705566048622131,0.8491014242172241,1.1495532989501953,1.4699413776397705,1.6659971475601196,1.7746472358703613,1.2769250869750977,1.5107014179229736,1.3751660585403442,1.5311639308929443,1.2810394763946533,0.9343530535697937,0.6537782549858093,0.3691299557685852,0.0,0.3745794892311096,0.6619511842727661,0.999771773815155,1.3397835493087769,1.5603183507919312,1.7161369323730469,1.2593553066253662,1.5583781003952026,1.4237734079360962,1.6692289113998413,1.4482612609863281,1.0902340412139893,0.892167866230011,0.6285288333892822,0.5245575308799744,0.5989484786987305,0.8285755515098572,1.1022804975509644,1.4138251543045044,1.6511577367782593,1.8310749530792236,1.5244864225387573,1.8214004039764404,1.730751395225525,2.0112178325653076,1.8038945198059082,1.4648348093032837,1.3466851711273193,1.1120736598968506,1.0592682361602783,1.0536843538284302,1.2008416652679443,1.3913687467575073,1.6466771364212036,1.8868415355682373,2.101793050765991,1.933701992034912,2.2133071422576904,2.1582188606262207,2.464246988296509,2.274010419845581,1.9499177932739258,1.8968219757080078,1.6477974653244019,1.6298770904541016,1.5531295537948608,1.6521776914596558,1.7298333644866943,1.8431962728500366,2.105806827545166,2.2700741291046143
B10,2.4127564430236816,2.2856082916259766,1.9113339185714722,1.9009604454040527,1.5962010622024536,1.334320306777954,1.083940863609314,0.8227514624595642,0.6354571580886841,0.5232534408569336,0.6272057890892029,0.8517606854438782,1.1770399808883667,1.339751958847046,1.4146398305892944,1.2432234287261963,1.5324435234069824,1.485602855682373,1.698819875717163,1.5160325765609741,1.1557203531265259,0.959467887878418,0.6022548675537109,0.3745794892311096,0.0,0.37957924604415894,0.6530777215957642,1.024285078048706,1.2051105499267578,1.349867343902588,1.1868025064468384,1.5405933856964111,1.4938650131225586,1.7976527214050293,1.638437271118164,1.2668124437332153,1.1276274919509888,0.7862235903739929,0.6636433601379395,0.49690738320350647,0.6600179076194763,0.8262842893600464,1.1504942178726196,1.3401029109954834,1.5188905000686646,1.4322603940963745,1.7707825899124146,1.7566345930099487,2.08730411529541,1.9302667379379272,1.574185848236084,1.495535135269165,1.1971197128295898,1.1373897790908813,1.0072791576385498,1.1148546934127808,1.2075207233428955,1.4597692489624023,1.6474360227584839,1.8682066202163696,1.8339974880218506,2.1387782096862793,2.1474573612213135,2.4925835132598877,2.34521746635437,2.0095391273498535,1.9847997426986694,1.692694067955017,1.6835137605667114,1.5316393375396729,1.6283090114593506,1.6394567489624023,1.784447431564331,1.9981536865234375,2.1793439388275146
B11,2.756330728530884,2.642362117767334,2.2629289627075195,2.255000114440918,1.9340568780899048,1.6745637655258179,1.3887985944747925,1.1264373064041138,0.848042368888855,0.6861447691917419,0.5549999475479126,0.7342291474342346,0.9555220603942871,1.172465443611145,1.2646147012710571,1.5731984376907349,1.8854786157608032,1.8579461574554443,2.0783822536468506,1.8890348672866821,1.5292733907699585,1.3043043613433838,0.9651764035224915,0.6619511842727661,0.37957924604415894,0.0,0.3744761049747467,0.6805502772331238,0.925876259803772,1.1454936265945435,1.5057944059371948,1.8741263151168823,1.852939486503601,2.1574418544769287,1.9906957149505615,1.617337942123413,1.4395151138305664,1.087247371673584,0.8617199659347534,0.6047678589820862,0.5096325278282166,0.5757471323013306,0.8200206160545349,1.0496069192886353,1.3031742572784424,1.6842259168624878,2.0483717918395996,2.0597925186157227,2.397307872772217,2.2332589626312256,1.8644829988479614,1.7451589107513428,1.4121323823928833,1.2670624256134033,1.0572539567947388,1.0272635221481323,1.0333412885665894,1.2043631076812744,1.3996371030807495,1.6796743869781494,2.0148868560791016,2.351268768310547,2.383883237838745,2.743795394897461,2.5923352241516113,2.2382922172546387,2.1762094497680664,1.8478442430496216,1.7776533365249634,1.5607119798660278,1.57793128490448,1.5065958499908447,1.6077040433883667,1.7703531980514526,1.920456051826477
B12,2.9418962001800537,2.8645405769348145,2.4855735301971436,2.5210869312286377,2.2159318923950195,1.9235366582870483,1.669592022895813,1.361559510231018,1.0961265563964844,0.822857141494751,0.6096312403678894,0.5748153924942017,0.7262008786201477,0.8805076479911804,0.9207190871238708,1.6569420099258423,1.9937199354171753,2.0311174392700195,2.287109613418579,2.1470656394958496,1.7857325077056885,1.6122095584869385,1.251298427581787,0.999771773815155,0.6530777215957642,0.3744761049747467,0.0,0.3980800211429596,0.5632773041725159,0.8018441200256348,1.5795809030532837,1.9643256664276123,2.010727643966675,2.3480067253112793,2.23083233833313,1.8602148294448853,1.7300115823745728,1.3607206344604492,1.1693167686462402,0.8452116847038269,0.6943271160125732,0.5223057270050049,0.6939504742622375,0.8114659190177917,1.074372410774231,1.7360919713974,2.1117711067199707,2.187013626098633,2.5528922080993652,2.434819221496582,2.0682060718536377,1.9885263442993164,1.635646939277649,1.5083484649658203,1.233221173286438,1.1697418689727783,1.0508036613464355,1.1818428039550781,1.2828826904296875,1.5636733770370483,2.044203042984009,2.38639497756958,2.476454973220825,2.858931064605713,2.74984073638916,2.3992931842803955,2.3677403926849365,2.022179126739502,1.9689500331878662,1.7051359415054321,1.7214937210083008,1.5871492624282837,1.7127413749694824,1.8073326349258423,1.9656219482421875
B13,3.2979073524475098,3.2322306632995605,2.8495893478393555,2.887526035308838,2.569735288619995,2.2801101207733154,2.003527879714966,1.7028101682662964,1.40055513381958,1.1416270732879639,0.8373709321022034,0.7327842712402344,0.650987446308136,0.8423272371292114,0.9029353857040405,2.0313079357147217,2.3782973289489746,2.4210972785949707,2.6820061206817627,2.5336501598358154,2.1700615882873535,1.9759483337402344,1.6241600513458252,1.3397835493087769,1.024285078048706,0.6805502772331238,0.3980800211429596,0.0,0.3770201504230499,0.7540881037712097,1.9648274183273315,2.3502938747406006,2.4062142372131348,2.741602659225464,2.616668701171875,2.2449874877929688,2.090571880340576,1.7227147817611694,1.4890929460525513,1.1658539772033691,0.906776487827301,0.6443710327148438,0.5576624274253845,0.6605262160301208,1.018938660621643,2.086759567260742,2.468290090560913,2.5563976764678955,2.9220104217529297,2.7983107566833496,2.4273695945739746,2.3217506408691406,1.9587340354919434,1.7846965789794922,1.4826847314834595,1.3219053745269775,1.1218721866607666,1.11917245388031,1.1915454864501953,1.5270334482192993,2.340332269668579,2.6956839561462402,2.8013153076171875,3.188605546951294,3.0773332118988037,2.7189571857452393,2.661097526550293,2.2994093894958496,2.203275680541992,1.9031697511672974,1.8509315252304077,1.6433266401290894,1.7128832340240479,1.7310903072357178,1.8396083116531372
