,A1,A2,A3,A4,A5,A6,A7,A8,A9,A10,A11,A12,A13,A14,A15,B1,B2,B3,B4,B5,B6,B7,B8,B9,B10,B11,B12,B13,B14,B15,C1,C2,C3,C4,C5,C6,C7,C8,C9,C10,C11,C12,C13,C14,C15,D1,D2,D3,D4,D5,D6,D7,D8,D9,D10,D11,D12,D13,D14,D15,E1,E2,E3,E4,E5,E6,E7,E8,E9,E10,E11,E12,E13,E14,E15
A1,0.0,0.394133597612381,0.5865761637687683,0.9079163074493408,1.1730879545211792,1.4852187633514404,1.7208796739578247,2.02113938331604,2.3597865104675293,2.407109022140503,2.6435492038726807,2.428510904312134,2.0670602321624756,1.9681402444839478,1.6144834756851196,0.7503628730773926,0.7681841254234314,0.9199394583702087,1.1296886205673218,1.384675145149231,1.6712086200714111,1.9272446632385254,2.242880344390869,2.6016929149627686,2.658308267593384,2.839756488800049,2.6586053371429443,2.2835943698883057,2.1746809482574463,1.8416749238967896,1.2726776599884033,1.2488853931427002,1.3348772525787354,1.474743366241455,1.6791149377822876,1.9059371948242188,2.143301010131836,2.4499313831329346,2.8091795444488525,2.928985595703125,3.0749404430389404,2.852515935897827,2.4994149208068848,2.4390833377838135,2.146603584289551,1.757237195968628,1.7174012660980225,1.768036961555481,1.873578429222107,2.024240493774414,2.206759452819824,2.415663957595825,2.6962835788726807,3.0556297302246094,3.1184399127960205,3.3414058685302734,3.1312899589538574,2.789757490158081,2.772467613220215,2.5193979740142822,2.2787046432495117,2.229857921600342,2.2392935752868652,2.327526807785034,2.42647385597229,2.5746357440948486,2.759913921356201,2.990290403366089,3.309089422225952,3.5549843311309814,3.324986696243286,3.4557723999023438,3.1359918117523193,3.2294533252716064,3.0239830017089844
A2,0.394133597612381,0.0,0.38128918409347534,0.5916619896888733,0.9197325110435486,1.2038754224777222,1.4691009521484375,1.7847241163253784,2.114598274230957,2.20904541015625,2.442457675933838,2.253326654434204,1.890656590461731,1.8402358293533325,1.4818342924118042,0.7568547129631042,0.5724970102310181,0.6679302453994751,0.7815508246421814,1.0618948936462402,1.3197927474975586,1.6085388660430908,1.9147050380706787,2.2780332565307617,2.3704404830932617,2.5777318477630615,2.4247632026672363,2.051236867904663,1.9911900758743286,1.664360523223877,1.2075047492980957,1.0669835805892944,1.0982391834259033,1.157544493675232,1.3537453413009644,1.5465829372406006,1.8034486770629883,2.0980618000030518,2.4642386436462402,2.611025810241699,2.7873101234436035,2.594416618347168,2.244882345199585,2.230773448944092,1.9511151313781738,1.6689807176589966,1.5460467338562012,1.5464078187942505,1.586857795715332,1.713218331336975,1.858845829963684,2.073131561279297,2.3378093242645264,2.705213785171509,2.793797016143799,3.0408527851104736,2.860300302505493,2.5254077911376953,2.5514209270477295,2.317668914794922,2.173614025115967,2.062058925628662,2.0284781455993652,2.064866304397583,2.133133888244629,2.246354579925537,2.4231820106506348,2.631863594055176,2.957937717437744,3.222186326980591,3.0147762298583984,3.172642230987549,2.8685460090637207,2.9976930618286133,2.818509101867676
A3,0.5865761637687683,0.38128918409347534,0.0,0.3774327337741852,0.5924561023712158,0.9248397946357727,1.1411010026931763,1.459947943687439,1.7852721214294434,1.850039005279541,2.0856165885925293,1.8943638801574707,1.5327688455581665,1.4925428628921509,1.143904685974121,0.9026750326156616,0.7012836337089539,0.5839464664459229,0.6931459307670593,0.8485344648361206,1.1256893873214722,1.355095624923706,1.6668771505355835,2.0243144035339355,2.077881097793579,2.274515390396118,2.1207268238067627,1.7533819675445557,1.6987314224243164,1.3974968194961548,1.3165898323059082,1.1648515462875366,1.0745548009872437,1.1328651905059814,1.2282750606536865,1.424735188484192,1.6154907941818237,1.9074060916900635,2.266679286956787,2.380951166152954,2.539142608642578,2.339481830596924,2.004694700241089,1.9941720962524414,1.74880051612854,1.753033995628357,1.6268842220306396,1.5476561784744263,1.5965982675552368,1.6472722291946411,1.7965630292892456,1.9480401277542114,2.2051243782043457,2.558326005935669,2.6151435375213623,2.854987621307373,2.6619138717651367,2.34533953666687,2.3687069416046143,2.169464111328125,2.2436633110046387,2.1322286128997803,2.0405964851379395,2.0924787521362305,2.1039774417877197,2.2305827140808105,2.3524839878082275,2.562734365463257,2.8620107173919678,3.1181442737579346,2.9030373096466064,3.0398495197296143,2.7501015663146973,2.8679721355438232,2.716233015060425
A4,0.9079163074493408,0.5916619896888733,0.3774327337741852,0.0,0.37805163860321045,0.6153813004493713,0.901264488697052,1.2101682424545288,1.538735032081604,1.6706660985946655,1.9226568937301636,1.7879821062088013,1.440172791481018,1.4883557558059692,1.1689541339874268,1.171389102935791,0.8707749247550964,0.6738060116767883,0.5579344630241394,0.6414955258369446,0.8218428492546082,1.0856839418411255,1.359999656677246,1.7329148054122925,1.8342032432556152,2.0781068801879883,1.9795266389846802,1.6294403076171875,1.656631588935852,1.395524024963379,1.5083465576171875,1.270012617111206,1.1119765043258667,1.042629361152649,1.0690159797668457,1.1778677701950073,1.365545630455017,1.616844654083252,1.9903810024261475,2.14113712310791,2.344839096069336,2.193880319595337,1.8807882070541382,1.9406644105911255,1.7365996837615967,1.9019513130187988,1.7051037549972534,1.567836880683899,1.5294275283813477,1.520430564880371,1.5977298021316528,1.7299593687057495,1.9440014362335205,2.305476427078247,2.3967947959899902,2.6736369132995605,2.5235443115234375,2.2301766872406006,2.3121633529663086,2.1540865898132324,2.359466552734375,2.190713882446289,2.051205635070801,2.0390238761901855,1.9983761310577393,2.0692529678344727,2.160318374633789,2.3266334533691406,2.628624439239502,2.9135096073150635,2.735219717025757,2.904693603515625,2.6454992294311523,2.8055992126464844,2.6956701278686523
A5,1.1730879545211792,0.9197325110435486,0.5924561023712158,0.37805163860321045,0.0,0.3749886751174927,0.552609384059906,0.879750669002533,1.197829008102417,1.2993329763412476,1.5546269416809082,1.4270352125167847,1.0863286256790161,1.175441861152649,0.8979718685150146,1.3898601531982422,1.1128166913986206,0.816031813621521,0.7043578028678894,0.5658904910087585,0.7185802459716797,0.8605191111564636,1.1300722360610962,1.4877651929855347,1.5382201671600342,1.7714320421218872,1.680143117904663,1.3473260402679443,1.3987705707550049,1.1937922239303589,1.683692455291748,1.4545835256576538,1.212811827659607,1.1467552185058594,1.0509108304977417,1.1447428464889526,1.2273179292678833,1.4607594013214111,1.8148640394210815,1.9229587316513062,2.1044280529022217,1.9522089958190918,1.6671913862228394,1.7398284673690796,1.590948224067688,2.039424419403076,1.84886634349823,1.6486058235168457,1.6198596954345703,1.5314435958862305,1.6060675382614136,1.6562581062316895,1.8513811826705933,2.1855506896972656,2.2379302978515625,2.503107786178589,2.343778133392334,2.0799620151519775,2.1621079444885254,2.050985813140869,2.469402551651001,2.3055310249328613,2.1169588565826416,2.119919776916504,2.0233852863311768,2.1055591106414795,2.1333281993865967,2.296522855758667,2.560657024383545,2.8309285640716553,2.6478641033172607,2.7920093536376953,2.5548288822174072,2.7016103267669678,2.625459671020508
A6,1.4852187633514404,1.2038754224777222,0.9248397946357727,0.6153813004493713,0.3749886751174927,0.0,0.3873932361602783,0.6179614663124084,0.9562616944313049,1.1500011682510376,1.4414260387420654,1.4095890522003174,1.1216120719909668,1.3187642097473145,1.1182397603988647,1.730818271636963,1.4213138818740845,1.1275445222854614,0.9131193161010742,0.7027347087860107,0.6429727077484131,0.7465896010398865,0.9013903141021729,1.2705610990524292,1.370955467224121,1.6651265621185303,1.6572538614273071,1.3754637241363525,1.5209320783615112,1.3875670433044434,1.999997615814209,1.7321523427963257,1.4688314199447632,1.3183691501617432,1.1555765867233276,1.128319501876831,1.1605472564697266,1.3029186725616455,1.6586883068084717,1.800068736076355,2.029284715652466,1.942236304283142,1.7061744928359985,1.8518798351287842,1.7627432346343994,2.330411672592163,2.100731134414673,1.8690752983093262,1.7738832235336304,1.629331350326538,1.6211857795715332,1.6268967390060425,1.7488523721694946,2.0754265785217285,2.16025972366333,2.4612832069396973,2.3525683879852295,2.1308846473693848,2.268582344055176,2.208595037460327,2.733557939529419,2.533177614212036,2.3127355575561523,2.263551712036133,2.118584632873535,2.1420845985412598,2.1249840259552,2.2285242080688477,2.481313943862915,2.7783308029174805,2.6407997608184814,2.811955690383911,2.616641044616699,2.798513174057007,2.7682816982269287
A7,1.7208796739578247,1.4691009521484375,1.1411010026931763,0.901264488697052,0.552609384059906,0.3873932361602783,0.0,0.3868527114391327,0.6478435397148132,0.7889929413795471,1.0590077638626099,1.0272420644760132,0.762874960899353,1.0172399282455444,0.9034984707832336,1.8810840845108032,1.5954550504684448,1.2509406805038452,1.0768706798553467,0.7596908807754517,0.7020066976547241,0.5969698429107666,0.7415050268173218,1.0548951625823975,1.0661275386810303,1.3284777402877808,1.318785548210144,1.0668143033981323,1.2392244338989258,1.1835700273513794,2.0974533557891846,1.8469098806381226,1.530739188194275,1.4064699411392212,1.161855936050415,1.1458677053451538,1.0587238073349,1.1877022981643677,1.4955254793167114,1.5680546760559082,1.7535172700881958,1.6566368341445923,1.4560009241104126,1.6066608428955078,1.578939437866211,2.3827288150787354,2.167402505874634,1.891182541847229,1.8197733163833618,1.6175498962402344,1.6263772249221802,1.5520435571670532,1.6657718420028687,1.9479320049285889,1.974763035774231,2.245922327041626,2.1197519302368164,1.9301369190216064,2.057805299758911,2.043921709060669,2.7504591941833496,2.5621418952941895,2.3049440383911133,2.2805957794189453,2.09472393989563,2.1433937549591064,2.0709214210510254,2.185581922531128,2.3910486698150635,2.6559174060821533,2.5037474632263184,2.6376900672912598,2.4620234966278076,2.6205005645751953,2.6195156574249268
A8,2.02113938331604,1.7847241163253784,1.459947943687439,1.2101682424545288,0.879750669002533,0.6179614663124084,0.3868527114391327,0.0,0.3939230442047119,0.6084752082824707,0.9557843804359436,1.0579516887664795,0.9050137996673584,1.2266091108322144,1.2003417015075684,2.249297857284546,1.9658883810043335,1.630696415901184,1.4437768459320068,1.1316730976104736,0.9994113445281982,0.8446547985076904,0.8145843744277954,1.060451865196228,1.0621417760849,1.3514429330825806,1.428504467010498,1.2653539180755615,1.4857993125915527,1.5006389617919922,2.4826998710632324,2.230591297149658,1.9148046970367432,1.7721819877624512,1.5091779232025146,1.4348912239074707,1.296423077583313,1.3235760927200317,1.5889027118682861,1.6547448635101318,1.8505644798278809,1.809121012687683,1.678238034248352,1.8625073432922363,1.8906347751617432,2.7685890197753906,2.5490028858184814,2.2646255493164062,2.173992395401001,1.9461036920547485,1.9114900827407837,1.7942181825637817,1.8396185636520386,2.0869765281677246,2.1178596019744873,2.39723801612854,2.3054182529449463,2.167734384536743,2.317622661590576,2.3484890460968018,3.128983974456787,2.934252977371216,2.6640443801879883,2.622631788253784,2.40995454788208,2.427943468093872,2.3159117698669434,2.3834645748138428,2.5600976943969727,2.8315465450286865,2.713892936706543,2.849774122238159,2.71402645111084,2.880244493484497,2.9150655269622803
A9,2.3597865104675293,2.114598274230957,1.7852721214294434,1.538735032081604,1.197829008102417,0.9562616944313049,0.6478435397148132,0.3939230442047119,0.0,0.3824484050273895,0.655676543712616,0.871448278427124,0.8516033887863159,1.2235007286071777,1.298933744430542,2.509647846221924,2.2247705459594727,1.8678556680679321,1.6742753982543945,1.3200933933258057,1.1502020359039307,0.8807641267776489,0.7446306943893433,0.8454713225364685,0.771108090877533,1.0472722053527832,1.1959564685821533,1.1339201927185059,1.4136905670166016,1.522316575050354,2.683303117752075,2.426335334777832,2.0783846378326416,1.924424648284912,1.607179880142212,1.5012015104293823,1.2697770595550537,1.2253718376159668,1.40730619430542,1.418358564376831,1.5902760028839111,1.5918570756912231,1.53879714012146,1.75956130027771,1.8643895387649536,2.9167065620422363,2.690225839614868,2.370244026184082,2.268906354904175,1.9899499416351318,1.9339687824249268,1.7435054779052734,1.7409199476242065,1.925985336303711,1.920573115348816,2.1804697513580322,2.1101481914520264,2.03202486038208,2.200512647628784,2.293043613433838,3.2287299633026123,3.0261495113372803,2.721501350402832,2.673346757888794,2.416688919067383,2.425976514816284,2.2550854682922363,2.3007383346557617,2.4232237339019775,2.6698415279388428,2.567657232284546,2.683436155319214,2.5915019512176514,2.7544565200805664,2.8361172676086426
A10,2.407109022140503,2.20904541015625,1.850039005279541,1.6706660985946655,1.2993329763412476,1.1500011682510376,0.7889929413795471,0.6084752082824707,0.3824484050273895,0.0,0.3901316821575165,0.5918545722961426,0.6556075811386108,1.0115635395050049,1.17107093334198,2.5378053188323975,2.296698808670044,1.9319335222244263,1.8065742254257202,1.450272798538208,1.367439866065979,1.0751690864562988,1.0294177532196045,1.0872324705123901,0.8815425038337708,1.0221128463745117,1.0995632410049438,1.065560221672058,1.2853951454162598,1.4380985498428345,2.708873987197876,2.494473934173584,2.142648458480835,2.050567626953125,1.7372199296951294,1.7007215023040771,1.4542434215545654,1.4641069173812866,1.6107230186462402,1.5400899648666382,1.6199167966842651,1.5619004964828491,1.5228136777877808,1.6824878454208374,1.8087278604507446,2.9347376823425293,2.7493937015533447,2.4309635162353516,2.3853001594543457,2.113337755203247,2.1147940158843994,1.9132543802261353,1.951493263244629,2.110480546951294,2.0394551753997803,2.2410576343536377,2.1186935901641846,2.046602487564087,2.1585030555725098,2.2576987743377686,3.24247670173645,3.077824354171753,2.776576280593872,2.778770923614502,2.5317721366882324,2.5913753509521484,2.418767213821411,2.506521224975586,2.6062192916870117,2.8109166622161865,2.6698191165924072,2.7339625358581543,2.632023811340332,2.7453367710113525,2.819132089614868
A11,2.6435492038726807,2.442457675933838,2.0856165885925293,1.9226568937301636,1.5546269416809082,1.4414260387420654,1.0590077638626099,0.9557843804359436,0.655676543712616,0.3901316821575165,0.0,0.39159342646598816,0.6538580656051636,0.9748803377151489,1.2245498895645142,2.677987813949585,2.448374032974243,2.073943614959717,1.963052749633789,1.592275619506836,1.518234372138977,1.1737687587738037,1.123922348022461,1.0652865171432495,0.7500837445259094,0.7448946237564087,0.8241857290267944,0.9090442061424255,1.1407219171524048,1.383399248123169,2.782543420791626,2.5780577659606934,2.2074477672576904,2.1274569034576416,1.7872494459152222,1.7589428424835205,1.458361029624939,1.4549909830093384,1.5167475938796997,1.3612959384918213,1.3602879047393799,1.3001487255096436,1.3332728147506714,1.490850806236267,1.6867263317108154,2.9502553939819336,2.7730069160461426,2.432246208190918,2.3977558612823486,2.0975632667541504,2.1093461513519287,1.8591909408569336,1.888875126838684,1.9859633445739746,1.8532320261001587,2.001121759414673,1.868701457977295,1.8453835248947144,1.9452892541885376,2.095266580581665,3.2052724361419678,3.0472536087036133,2.7239842414855957,2.738781690597534,2.467555046081543,2.5427470207214355,2.332533836364746,2.4284608364105225,2.477562189102173,2.635965585708618,2.4849677085876465,2.507946252822876,2.433936834335327,2.521862745285034,2.6277573108673096
A12,2.428510904312134,2.253326654434204,1.8943638801574707,1.7879821062088013,1.4270352125167847,1.4095890522003174,1.0272420644760132,1.0579516887664795,0.871448278427124,0.5918545722961426,0.39159342646598816,0.0,0.36439183354377747,0.6056011915206909,0.9012137055397034,2.4017488956451416,2.2069787979125977,1.8367522954940796,1.785035490989685,1.432931661605835,1.4482131004333496,1.1253939867019653,1.200806736946106,1.1996501684188843,0.8812323808670044,0.8017060160636902,0.6855629086494446,0.6777746677398682,0.8078171014785767,1.0532163381576538,2.4859466552734375,2.3157382011413574,1.9512298107147217,1.9276485443115234,1.61111581325531,1.6612008810043335,1.3904963731765747,1.4840365648269653,1.573212742805481,1.3977952003479004,1.3436028957366943,1.1751257181167603,1.1377127170562744,1.2119883298873901,1.3808931112289429,2.6427063941955566,2.498542547225952,2.1694681644439697,2.186521053314209,1.913940668106079,1.991539716720581,1.7710105180740356,1.8757601976394653,1.9943617582321167,1.8306950330734253,1.942110300064087,1.7405109405517578,1.664746880531311,1.7020916938781738,1.8153680562973022,2.89729905128479,2.7703564167022705,2.4623634815216064,2.522937297821045,2.2818758487701416,2.4102766513824463,2.2343173027038574,2.390223741531372,2.4567947387695312,2.591588258743286,2.3878045082092285,2.381268262863159,2.2599878311157227,2.30930233001709,2.3743796348571777
A13,2.0670602321624756,1.890656590461731,1.5327688455581665,1.440172791481018,1.0863286256790161,1.1216120719909668,0.762874960899353,0.9050137996673584,0.8516033887863159,0.6556075811386108,0.6538580656051636,0.36439183354377747,0.0,0.37730568647384644,0.5707153081893921,2.0496840476989746,1.8520914316177368,1.4834017753601074,1.4462852478027344,1.1091835498809814,1.1780399084091187,0.9080910682678223,1.0799000263214111,1.1879183053970337,0.9531795978546143,0.9708325862884521,0.8068664073944092,0.6075863838195801,0.6848866939544678,0.8101819753646851,2.161658525466919,1.9895060062408447,1.6350247859954834,1.624919056892395,1.3373810052871704,1.4275975227355957,1.218689203262329,1.3841363191604614,1.5534616708755493,1.4424891471862793,1.4452941417694092,1.2430285215377808,1.0929467678070068,1.1434193849563599,1.2166005373001099,2.354666233062744,2.2095234394073486,1.8986725807189941,1.9260882139205933,1.68827223777771,1.7917593717575073,1.6290391683578491,1.7838659286499023,1.9658939838409424,1.8438600301742554,1.9911479949951172,1.7750133275985718,1.6241554021835327,1.6556587219238281,1.6979897022247314,2.65016770362854,2.5232765674591064,2.237434148788452,2.303300142288208,2.0960025787353516,2.236140489578247,2.110869884490967,2.2919228076934814,2.411492347717285,2.5752217769622803,2.3561201095581055,2.379594087600708,2.2100119590759277,2.274279832839966,2.2905964851379395
A14,1.9681402444839478,1.8402358293533325,1.4925428628921509,1.4883557558059692,1.175441861152649,1.3187642097473145,1.0172399282455444,1.2266091108322144,1.2235007286071777,1.0115635395050049,0.9748803377151489,0.6056011915206909,0.37730568647384644,0.0,0.3654996156692505,1.874758243560791,1.7380279302597046,1.3915799856185913,1.4479765892028809,1.1692886352539062,1.3409960269927979,1.1299076080322266,1.3751041889190674,1.4935420751571655,1.259284496307373,1.2073014974594116,0.9363616704940796,0.692926824092865,0.545638918876648,0.6143958568572998,1.9614940881729126,1.847400188446045,1.5153332948684692,1.590925693511963,1.3569622039794922,1.5362505912780762,1.376012921333313,1.6094398498535156,1.7758840322494507,1.64299476146698,1.588092565536499,1.308698296546936,1.108122706413269,1.031046748161316,1.0467826128005981,2.139092206954956,2.047694444656372,1.7630562782287598,1.8637293577194214,1.6733688116073608,1.850839614868164,1.7261154651641846,1.9419907331466675,2.124511241912842,1.9713718891143799,2.067859172821045,1.793296217918396,1.6018720865249634,1.5492466688156128,1.54071044921875,2.4316797256469727,2.352626323699951,2.0939087867736816,2.2208619117736816,2.057229518890381,2.2559421062469482,2.168771266937256,2.403032064437866,2.527372121810913,2.656782388687134,2.3917641639709473,2.3763835430145264,2.1657373905181885,2.1771957874298096,2.1454076766967773
A15,1.6144834756851196,1.4818342924118042,1.143904685974121,1.1689541339874268,0.8979718685150146,1.1182397603988647,0.9034984707832336,1.2003417015075684,1.298933744430542,1.17107093334198,1.2245498895645142,0.9012137055397034,0.5707153081893921,0.3654996156692505,0.0,1.5216295719146729,1.3791288137435913,1.0370515584945679,1.1252799034118652,0.8954583406448364,1.1405787467956543,1.0262689590454102,1.339677333831787,1.5382353067398071,1.3855171203613281,1.409752607345581,1.1534897089004517,0.821408212184906,0.6665811538696289,0.511567234992981,1.644111156463623,1.5246944427490234,1.2105143070220947,1.3077315092086792,1.1297223567962646,1.3544081449508667,1.2810487747192383,1.5679701566696167,1.7974947690963745,1.730668544769287,1.73475980758667,1.4585130214691162,1.180922031402588,1.1019291877746582,0.9975250959396362,1.870459794998169,1.7739437818527222,1.5175060033798218,1.6275298595428467,1.4887142181396484,1.68855619430542,1.63511323928833,1.889146327972412,2.1259939670562744,2.0223569869995117,2.1560473442077637,1.8886233568191528,1.637566328048706,1.5940003395080566,1.5092158317565918,2.2138097286224365,2.130143404006958,1.9018288850784302,2.027609348297119,1.9067035913467407,2.1090447902679443,2.0788915157318115,2.3280627727508545,2.502617597579956,2.6617066860198975,2.394094705581665,2.4158360958099365,2.166982650756836,2.2026174068450928,2.124587297439575
B1,0.7503628730773926,0.7568547129631042,0.9026750326156616,1.171389102935791,1.3898601531982422,1.730818271636963,1.8810840845108032,2.249297857284546,2.509647846221924,2.5378053188323975,2.677987813949585,2.4017488956451416,2.0496840476989746,1.874758243560791,1.5216295719146729,0.0,0.38686397671699524,0.6778744459152222,1.005508542060852,1.3035635948181152,1.6474641561508179,1.8831079006195068,2.246716260910034,2.554733991622925,2.591886043548584,2.7049243450164795,2.4635050296783447,2.0847787857055664,1.9112191200256348,1.541769027709961,0.5272175073623657,0.6166849732398987,0.8244346380233765,1.0987365245819092,1.3851414918899536,1.6969417333602905,1.9534991979599,2.311690330505371,2.624718427658081,2.7116525173187256,2.806394100189209,2.5463497638702393,2.17010235786438,2.0479416847229004,1.7004456520080566,1.0119545459747314,1.0277782678604126,1.1531933546066284,1.354623556137085,1.5856618881225586,1.8522688150405884,2.0945889949798584,2.432443141937256,2.762749433517456,2.790133237838745,2.954983949661255,2.716402769088745,2.347153663635254,2.280301094055176,1.9717204570770264,1.5345873832702637,1.5209602117538452,1.5790581703186035,1.7313265800476074,1.8975554704666138,2.11323618888855,2.342411518096924,2.6337459087371826,2.9381484985351562,3.127523183822632,2.856741189956665,2.9549965858459473,2.6035118103027344,2.6617283821105957,2.408322811126709
B2,0.7681841254234314,0.5724970102310181,0.7012836337089539,0.8707749247550964,1.1128166913986206,1.4213138818740845,1.5954550504684448,1.9658883810043335,2.2247705459594727,2.296698808670044,2.448374032974243,2.2069787979125977,1.8520914316177368,1.7380279302597046,1.3791288137435913,0.38686397671699524,0.0,0.37638628482818604,0.6364661455154419,0.9690762162208557,1.2892413139343262,1.555208444595337,1.9066771268844604,2.224551200866699,2.2968804836273193,2.4454190731048584,2.2410166263580322,1.8617300987243652,1.7495965957641602,1.3896540403366089,0.6657891273498535,0.5009950399398804,0.6003879904747009,0.7774255871772766,1.063507318496704,1.3445732593536377,1.6215866804122925,1.966732382774353,2.294800281524658,2.4125280380249023,2.5463624000549316,2.3209567070007324,1.9487756490707397,1.8875175714492798,1.5615944862365723,1.1045805215835571,0.9801170825958252,1.010324239730835,1.117864966392517,1.3121223449707031,1.5359846353530884,1.782081961631775,2.1013197898864746,2.4475512504577637,2.5055923461914062,2.70732045173645,2.502291202545166,2.141691207885742,2.1323559284210205,1.8555511236190796,1.6032227277755737,1.4969394207000732,1.4814385175704956,1.5599968433380127,1.6757394075393677,1.846709132194519,2.060117483139038,2.3239502906799316,2.6405107975006104,2.8607633113861084,2.6178433895111084,2.751600742340088,2.4203968048095703,2.5262539386749268,2.312793016433716
B3,0.9199394583702087,0.6679302453994751,0.5839464664459229,0.6738060116767883,0.816031813621521,1.1275445222854614,1.2509406805038452,1.630696415901184,1.8678556680679321,1.9319335222244263,2.073943614959717,1.8367522954940796,1.4834017753601074,1.3915799856185913,1.0370515584945679,0.6778744459152222,0.37638628482818604,0.0,0.37850698828697205,0.6261026859283447,0.9793559312820435,1.2062233686447144,1.5689729452133179,1.880775809288025,1.9324051141738892,2.078960418701172,1.8800170421600342,1.4998886585235596,1.4094302654266357,1.062760591506958,0.8733041286468506,0.6501340866088867,0.49111029505729675,0.6195322871208191,0.7893655300140381,1.0822417736053467,1.3102211952209473,1.659656047821045,1.9865952730178833,2.085024356842041,2.2148470878601074,1.9912009239196777,1.6259316205978394,1.5873210430145264,1.292335033416748,1.2403780221939087,1.074331521987915,0.9643719792366028,1.0424470901489258,1.1298145055770874,1.3468058109283447,1.5330204963684082,1.845544695854187,2.1857495307922363,2.2236499786376953,2.431072235107422,2.2235400676727295,1.8778690099716187,1.8862080574035645,1.6506282091140747,1.70003080368042,1.5654871463775635,1.4571619033813477,1.52495276927948,1.556687831878662,1.726203441619873,1.8773682117462158,2.1360015869140625,2.431778907775879,2.6545071601867676,2.411715269088745,2.5378239154815674,2.225193500518799,2.3375203609466553,2.164196014404297
B4,1.1296886205673218,0.7815508246421814,0.6931459307670593,0.5579344630241394,0.7043578028678894,0.9131193161010742,1.0768706798553467,1.4437768459320068,1.6742753982543945,1.8065742254257202,1.963052749633789,1.785035490989685,1.4462852478027344,1.4479765892028809,1.1252799034118652,1.005508542060852,0.6364661455154419,0.37850698828697205,0.0,0.37973183393478394,0.6547157168388367,0.9487636685371399,1.2820525169372559,1.6099019050598145,1.7219244241714478,1.921866536140442,1.7841867208480835,1.4210540056228638,1.4277687072753906,1.1311724185943604,1.1529444456100464,0.8377137184143066,0.6149645447731018,0.48477110266685486,0.5805420875549316,0.7776946425437927,1.042330265045166,1.3617074489593506,1.712319254875183,1.861407995223999,2.0492734909057617,1.8827264308929443,1.5380860567092896,1.5879932641983032,1.3436564207077026,1.4625076055526733,1.2104251384735107,1.0353114604949951,0.9717356562614441,0.9854835271835327,1.1079422235488892,1.29375159740448,1.5669854879379272,1.9283932447433472,2.01485013961792,2.271080493927002,2.116338014602661,1.7934155464172363,1.8774490356445312,1.6905752420425415,1.873866319656372,1.6683743000030518,1.5074125528335571,1.4813718795776367,1.4508112668991089,1.5446220636367798,1.6705814599990845,1.8805820941925049,2.191141128540039,2.4535562992095947,2.2543883323669434,2.4263570308685303,2.147141933441162,2.315419912338257,2.1905972957611084
B5,1.384675145149231,1.0618948936462402,0.8485344648361206,0.6414955258369446,0.5658904910087585,0.7027347087860107,0.7596908807754517,1.1316730976104736,1.3200933933258057,1.450272798538208,1.592275619506836,1.432931661605835,1.1091835498809814,1.1692886352539062,0.8954583406448364,1.3035635948181152,0.9690762162208557,0.6261026859283447,0.37973183393478394,0.0,0.37762022018432617,0.587868869304657,0.9432718753814697,1.265125036239624,1.3515043258666992,1.5570820569992065,1.4392406940460205,1.0864031314849854,1.151801347732544,0.9185340404510498,1.4234869480133057,1.1250654458999634,0.8065601587295532,0.6498608589172363,0.48586219549179077,0.6245284676551819,0.7679972052574158,1.0809353590011597,1.4285281896591187,1.5508908033370972,1.7373324632644653,1.5829336643218994,1.2627203464508057,1.3586431741714478,1.1853350400924683,1.68303382396698,1.4316316843032837,1.1719387769699097,1.0912669897079468,0.9677733182907104,1.0529603958129883,1.1272698640823364,1.371485948562622,1.714890718460083,1.7733803987503052,2.0358169078826904,1.8845336437225342,1.5951015949249268,1.7051016092300415,1.5841482877731323,2.0505990982055664,1.8393826484680176,1.6104201078414917,1.580206274986267,1.4607234001159668,1.5448445081710815,1.5816839933395386,1.7733772993087769,2.0461809635162354,2.306077241897583,2.1129183769226074,2.27140736579895,2.0247459411621094,2.1959903240203857,2.12288236618042
B6,1.6712086200714111,1.3197927474975586,1.1256893873214722,0.8218428492546082,0.7185802459716797,0.6429727077484131,0.7020066976547241,0.9994113445281982,1.1502020359039307,1.367439866065979,1.518234372138977,1.4482131004333496,1.1780399084091187,1.3409960269927979,1.1405787467956543,1.6474641561508179,1.2892413139343262,0.9793559312820435,0.6547157168388367,0.37762022018432617,0.0,0.37497183680534363,0.6386436223983765,0.9843012690544128,1.1561667919158936,1.4322212934494019,1.4081171751022339,1.1149202585220337,1.2935281991958618,1.149928331375122,1.752172589302063,1.4215673208236694,1.1081857681274414,0.8489024043083191,0.601670503616333,0.4869306981563568,0.5787010788917542,0.795643150806427,1.1722244024276733,1.3558863401412964,1.612982153892517,1.5414435863494873,1.2788561582565308,1.4710243940353394,1.3739603757858276,1.9798222780227661,1.6881084442138672,1.404331088066101,1.231521487236023,1.0329595804214478,0.9819754958152771,0.9997327923774719,1.1526092290878296,1.5044126510620117,1.6157442331314087,1.9303258657455444,1.8469146490097046,1.60747492313385,1.7929961681365967,1.7354109287261963,2.3075673580169678,2.054111957550049,1.7928916215896606,1.6896944046020508,1.5080362558364868,1.505414605140686,1.485644817352295,1.6008051633834839,1.8697057962417603,2.168447732925415,2.032740354537964,2.2320868968963623,2.036929130554199,2.25667142868042,2.2396247386932373
B7,1.9272446632385254,1.6085388660430908,1.355095624923706,1.0856839418411255,0.8605191111564636,0.7465896010398865,0.5969698429107666,0.8446547985076904,0.8807641267776489,1.0751690864562988,1.1737687587738037,1.1253939867019653,0.9080910682678223,1.1299076080322266,1.0262689590454102,1.8831079006195068,1.555208444595337,1.2062233686447144,0.9487636685371399,0.587868869304657,0.37497183680534363,0.0,0.3803311288356781,0.6831664443016052,0.7917263507843018,1.0639618635177612,1.0641621351242065,0.811069667339325,1.0624266862869263,1.0225319862365723,1.9578231573104858,1.6534913778305054,1.2968262434005737,1.0822572708129883,0.7446027994155884,0.6296870708465576,0.46411848068237305,0.629996657371521,0.9595108032226562,1.0749269723892212,1.3091932535171509,1.247623085975647,1.0339086055755615,1.2668030261993408,1.258813500404358,2.1451573371887207,1.8729453086853027,1.5455461740493774,1.3998923301696777,1.126104712486267,1.078391194343567,0.9616947770118713,1.0744538307189941,1.3681833744049072,1.4179507493972778,1.7155482769012451,1.6263726949691772,1.434732437133789,1.6295372247695923,1.6406986713409424,2.434675693511963,2.194309711456299,1.8921912908554077,1.8117179870605469,1.5739542245864868,1.588030457496643,1.4833364486694336,1.5922216176986694,1.7970657348632812,2.0667574405670166,1.9263859987258911,2.090664863586426,1.9298642873764038,2.1332242488861084,2.1621789932250977
B8,2.242880344390869,1.9147050380706787,1.6668771505355835,1.359999656677246,1.1300722360610962,0.9013903141021729,0.7415050268173218,0.8145843744277954,0.7446306943893433,1.0294177532196045,1.123922348022461,1.200806736946106,1.0799000263214111,1.3751041889190674,1.339677333831787,2.246716260910034,1.9066771268844604,1.5689729452133179,1.2820525169372559,0.9432718753814697,0.6386436223983765,0.3803311288356781,0.0,0.3840180039405823,0.6201177835464478,0.9832943081855774,1.1198991537094116,0.9861697554588318,1.3109915256500244,1.3481899499893188,2.324237585067749,2.0061464309692383,1.6558572053909302,1.4056633710861206,1.0650023221969604,0.8438479900360107,0.6077144742012024,0.5149011015892029,0.8018070459365845,0.9597484469413757,1.2585266828536987,1.3043767213821411,1.1922961473464966,1.4894710779190063,1.55167555809021,2.4986114501953125,2.2087743282318115,1.8738491535186768,1.6855998039245605,1.3809841871261597,1.2448445558547974,1.0623059272766113,1.03838050365448,1.28669011592865,1.37195885181427,1.704591989517212,1.6896190643310547,1.574137568473816,1.8211625814437866,1.8934645652770996,2.7634499073028564,2.5019850730895996,2.182950258255005,2.060500383377075,1.7833424806594849,1.7323659658432007,1.5667015314102173,1.5882655382156372,1.7556332349777222,2.046494960784912,1.9700406789779663,2.156529664993286,2.0591466426849365,2.291408061981201,2.3743746280670166
B9,2.6016929149627686,2.2780332565307617,2.0243144035339355,1.7329148054122925,1.4877651929855347,1.2705610990524292,1.0548951625823975,1.060451865196228,0.8454713225364685,1.0872324705123901,1.0652865171432495,1.1996501684188843,1.1879183053970337,1.4935420751571655,1.5382353067398071,2.554733991622925,2.224551200866699,1.880775809288025,1.6099019050598145,1.265125036239624,0.9843012690544128,0.6831664443016052,0.3840180039405823,0.0,0.37979796528816223,0.7417857050895691,0.9820820093154907,0.9824645519256592,1.3526694774627686,1.4787178039550781,2.5813605785369873,2.2689876556396484,1.9035868644714355,1.6580390930175781,1.2909185886383057,1.0579197406768799,0.7313421964645386,0.4924042224884033,0.5732479095458984,0.671333909034729,0.9837359189987183,1.1205010414123535,1.1206480264663696,1.4640240669250488,1.6104185581207275,2.701768398284912,2.4119768142700195,2.0525763034820557,1.8584553003311157,1.5113463401794434,1.3501847982406616,1.0748741626739502,0.9602670073509216,1.0996510982513428,1.1455703973770142,1.467622995376587,1.5013996362686157,1.4706246852874756,1.7495884895324707,1.8952159881591797,2.9106521606445312,2.644254446029663,2.2959063053131104,2.164663076400757,1.8426660299301147,1.775129795074463,1.5335192680358887,1.5142720937728882,1.6017147302627563,1.8630177974700928,1.8171018362045288,1.986670970916748,1.951812744140625,2.1870033740997314,2.3285763263702393
B10,2.658308267593384,2.3704404830932617,2.077881097793579,1.8342032432556152,1.5382201671600342,1.370955467224121,1.0661275386810303,1.0621417760849,0.771108090877533,0.8815425038337708,0.7500837445259094,0.8812323808670044,0.9531795978546143,1.259284496307373,1.3855171203613281,2.591886043548584,2.2968804836273193,1.9324051141738892,1.7219244241714478,1.3515043258666992,1.1561667919158936,0.7917263507843018,0.6201177835464478,0.37979796528816223,0.0,0.39346230030059814,0.6643919944763184,0.7529617547988892,1.1293293237686157,1.3335620164871216,2.612215518951416,2.3373115062713623,1.9553889036178589,1.7724568843841553,1.393653154373169,1.2484948635101318,0.8906927108764648,0.7684802412986755,0.7720719575881958,0.6697524785995483,0.8311826586723328,0.9145151376724243,0.9680852890014648,1.2819832563400269,1.4854199886322021,2.7209067344665527,2.469417095184326,2.1003024578094482,1.9667904376983643,1.6161690950393677,1.5297421216964722,1.2303409576416016,1.17824387550354,1.261267066001892,1.1884342432022095,1.4262492656707764,1.3949460983276367,1.39066481590271,1.618432879447937,1.796342372894287,2.9209721088409424,2.6909875869750977,2.3359179496765137,2.2613182067871094,1.940765619277954,1.9373233318328857,1.6843429803848267,1.7209484577178955,1.7648940086364746,1.9623066186904907,1.8669102191925049,1.9653629064559937,1.9289636611938477,2.108131170272827,2.256948947906494
B11,2.839756488800049,2.5777318477630615,2.274515390396118,2.0781068801879883,1.7714320421218872,1.6651265621185303,1.3284777402877808,1.3514429330825806,1.0472722053527832,1.0221128463745117,0.7448946237564087,0.8017060160636902,0.9708325862884521,1.2073014974594116,1.409752607345581,2.7049243450164795,2.4454190731048584,2.078960418701172,1.921866536140442,1.5570820569992065,1.4322212934494019,1.0639618635177612,0.9832943081855774,0.7417857050895691,0.39346230030059814,0.0,0.38571906089782715,0.6632102131843567,0.9997112154960632,1.2894198894500732,2.6780965328216553,2.438228130340576,2.050715684890747,1.9188669919967651,1.5423431396484375,1.460707187652588,1.0928341150283813,1.0292271375656128,0.9362934827804565,0.6730855703353882,0.6199926733970642,0.6576071381568909,0.8227140307426453,1.0997589826583862,1.3794974088668823,2.7384510040283203,2.519608736038208,2.1426963806152344,2.0550777912139893,1.7006871700286865,1.6672570705413818,1.3412153720855713,1.3225229978561401,1.32627272605896,1.1390893459320068,1.268129825592041,1.1857513189315796,1.237923502922058,1.4203745126724243,1.6511813402175903,2.892944812774658,2.6919076442718506,2.327251672744751,2.294780731201172,1.9692503213882446,2.0136897563934326,1.7390975952148438,1.8154395818710327,1.800344705581665,1.9204827547073364,1.7861340045928955,1.809518575668335,1.7911567687988281,1.9159724712371826,2.0893025398254395
B12,2.6586053371429443,2.4247632026672363,2.1207268238067627,1.9795266389846802,1.680143117904663,1.6572538614273071,1.318785548210144,1.428504467010498,1.1959564685821533,1.0995632410049438,0.8241857290267944,0.6855629086494446,0.8068664073944092,0.9363616704940796,1.1534897089004517,2.4635050296783447,2.2410166263580322,1.8800170421600342,1.7841867208480835,1.4392406940460205,1.4081171751022339,1.0641621351242065,1.1198991537094116,0.9820820093154907,0.6643919944763184,0.38571906089782715,0.0,0.3818976581096649,0.6448429226875305,0.9713460206985474,2.4110639095306396,2.2080676555633545,1.824552297592163,1.7548892498016357,1.4011704921722412,1.4126760959625244,1.081242561340332,1.1472551822662354,1.1098906993865967,0.8412806987762451,0.6892342567443848,0.4939050078392029,0.5696119666099548,0.7584419846534729,1.0494221448898315,2.454195499420166,2.271413803100586,1.9021070003509521,1.8747193813323975,1.5470514297485352,1.5974555015563965,1.3069416284561157,1.391746997833252,1.4278665781021118,1.1972907781600952,1.2625800371170044,1.065023422241211,1.0456675291061401,1.1439820528030396,1.349955439567566,2.6037750244140625,2.4373326301574707,2.0839102268218994,2.10780668258667,1.8134067058563232,1.9279333353042603,1.6945507526397705,1.8506699800491333,1.8583054542541504,1.944517970085144,1.7366232872009277,1.7130141258239746,1.6316344738006592,1.7019093036651611,1.8314517736434937
B13,2.2835943698883057,2.051236867904663,1.7533819675445557,1.6294403076171875,1.3473260402679443,1.3754637241363525,1.0668143033981323,1.2653539180755615,1.1339201927185059,1.065560221672058,0.9090442061424255,0.6777746677398682,0.6075863838195801,0.692926824092865,0.821408212184906,2.0847787857055664,1.8617300987243652,1.4998886585235596,1.4210540056228638,1.0864031314849854,1.1149202585220337,0.811069667339325,0.9861697554588318,0.9824645519256592,0.7529617547988892,0.6632102131843567,0.3818976581096649,0.0,0.3792547881603241,0.6264130473136902,2.052802085876465,1.848363995552063,1.4650964736938477,1.4134455919265747,1.0751843452453613,1.145538568496704,0.8707839846611023,1.0495214462280273,1.1326278448104858,0.9643605351448059,0.9170825481414795,0.6681485772132874,0.488992840051651,0.6283640265464783,0.8004087209701538,2.1320345401763916,1.9491076469421387,1.589726448059082,1.580839991569519,1.2828425168991089,1.3790055513381958,1.1550856828689575,1.3220428228378296,1.4538097381591797,1.2830427885055542,1.4001582860946655,1.1724728345870972,1.0241082906723022,1.0982862710952759,1.2009410858154297,2.3306262493133545,2.1666259765625,1.832316279411316,1.871408462524414,1.6142202615737915,1.7558289766311646,1.5873603820800781,1.7867908477783203,1.8687551021575928,1.9948022365570068,1.7596855163574219,1.7723044157028198,1.6153414249420166,1.6972436904907227,1.7542593479156494
