,A1,A2,A3,A4,A5,A6,A7,A8,A9,A10,A11,A12,A13,A14,A15,B1,B2,B3,B4,B5,B6,B7,B8,B9,B10,B11,B12,B13,B14,B15,C1,C2,C3,C4,C5,C6,C7,C8,C9,C10,C11,C12,C13,C14,C15,D1,D2,D3,D4,D5,D6,D7,D8,D9,D10,D11,D12,D13,D14,D15,E1,E2,E3,E4,E5,E6,E7,E8,E9,E10,E11,E12,E13,E14,E15
A1,0.0,0.37731966376304626,0.6037330031394958,0.9226639270782471,1.2237130403518677,1.5620750188827515,1.8186616897583008,2.162240743637085,2.4745607376098633,2.5551974773406982,2.2703142166137695,2.205101728439331,1.8282442092895508,1.6972867250442505,1.3316164016723633,0.44049733877182007,0.6210594177246094,0.8049721717834473,1.0436172485351562,1.3271465301513672,1.623538851737976,1.9029327630996704,2.253899097442627,2.5557096004486084,2.645383834838867,2.3185975551605225,2.296964406967163,1.9274765253067017,1.841141939163208,1.519335150718689,0.9856536388397217,1.0602036714553833,1.1754578351974487,1.334566354751587,1.5613571405410767,1.8120753765106201,2.0790765285491943,2.413923740386963,2.692741632461548,2.8072316646575928,2.4773879051208496,2.4953389167785645,2.1533191204071045,2.1151199340820312,1.8515037298202515,1.4808067083358765,1.5292977094650269,1.5934187173843384,1.7118185758590698,1.874382734298706,2.0840070247650146,2.325801372528076,2.6307260990142822,2.8775272369384766,3.016510486602783,2.6942012310028076,2.7587544918060303,2.4469430446624756,2.4623470306396484,2.2495875358581543,1.9667733907699585,2.011603593826294,2.0336382389068604,2.1356687545776367,2.245516777038574,2.416348457336426,2.6033663749694824,2.888204336166382,3.136765241622925,3.317201614379883,3.024387836456299,3.149179697036743,2.857964515686035,2.953706741333008,2.796410083770752
A2,0.37731966376304626,0.0,0.3847140073776245,0.6049286127090454,0.9522979855537415,1.2603709697723389,1.545819640159607,1.8874695301055908,2.199824333190918,2.321157217025757,2.074214458465576,2.0453577041625977,1.6728967428207397,1.6123144626617432,1.2667875289916992,0.5614435076713562,0.48793742060661316,0.5878318548202515,0.7217646837234497,1.0212980508804321,1.2839587926864624,1.5910805463790894,1.930050253868103,2.2480852603912354,2.374302625656128,2.0751595497131348,2.101008176803589,1.7407978773117065,1.721801996231079,1.4242711067199707,1.011922836303711,0.9648230075836182,1.0033022165298462,1.0685410499572754,1.2730803489685059,1.483292818069458,1.7621325254440308,2.081118583679199,2.379725456237793,2.528008222579956,2.2215805053710938,2.2867095470428467,1.9583125114440918,1.9814554452896118,1.745098352432251,1.4787554740905762,1.4485934972763062,1.4491961002349854,1.492905855178833,1.6177960634231567,1.7830567359924316,2.019564628601074,2.3029980659484863,2.5676774978637695,2.7381491661071777,2.4373011589050293,2.5456302165985107,2.2527694702148438,2.3218414783477783,2.141033411026001,1.947767972946167,1.9369394779205322,1.9072376489639282,1.9503724575042725,2.01766300201416,2.14738130569458,2.3150341510772705,2.575136184692383,2.8327829837799072,3.040571928024292,2.770909547805786,2.9321463108062744,2.6634302139282227,2.800384044647217,2.6789772510528564
A3,0.6037330031394958,0.3847140073776245,0.0,0.3718286454677582,0.6234179735183716,0.9733904600143433,1.2154772281646729,1.5650694370269775,1.871559977531433,1.9642715454101562,1.7004425525665283,1.6719017028808594,1.2981539964675903,1.2544898986816406,0.927021861076355,0.6838480830192566,0.6381846070289612,0.4799288511276245,0.6071027517318726,0.7814716100692749,1.071640133857727,1.3193422555923462,1.6664409637451172,1.968123197555542,2.0620930194854736,1.7437957525253296,1.766291618347168,1.4167453050613403,1.413248896598816,1.1557027101516724,1.0726033449172974,1.0544846057891846,0.9552360773086548,1.0212639570236206,1.1207146644592285,1.3393759727478027,1.5514384508132935,1.8714115619659424,2.143245220184326,2.2629666328430176,1.9416078329086304,2.0026180744171143,1.6952979564666748,1.7286783456802368,1.5396060943603516,1.5160202980041504,1.5150479078292847,1.428810715675354,1.4793078899383545,1.523891806602478,1.6948540210723877,1.8682727813720703,2.148872137069702,2.376415252685547,2.5264992713928223,2.215301036834717,2.3149030208587646,2.0477256774902344,2.1189463138580322,1.9827368259429932,1.9680428504943848,1.9873228073120117,1.8943170309066772,1.9498074054718018,1.9574050903320312,2.100046396255493,2.210843801498413,2.4738340377807617,2.6927599906921387,2.8895158767700195,2.6106839179992676,2.7607650756835938,2.516078233718872,2.6431448459625244,2.5592336654663086
A4,0.9226639270782471,0.6049286127090454,0.3718286454677582,0.0,0.3804771900177002,0.655519962310791,0.9607593417167664,1.2881802320480347,1.60931396484375,1.760446310043335,1.551735281944275,1.5938358306884766,1.2447022199630737,1.311977505683899,1.0545015335083008,1.0115214586257935,0.8507627248764038,0.6216893196105957,0.5060222148895264,0.5870358943939209,0.7788839936256409,1.050310730934143,1.3660595417022705,1.6990314722061157,1.8448710441589355,1.568571925163269,1.669034719467163,1.356412410736084,1.4518085718154907,1.2598296403884888,1.3248926401138306,1.219111680984497,1.0483739376068115,0.9808167815208435,0.995293915271759,1.1213252544403076,1.3185244798660278,1.598432183265686,1.8962059020996094,2.0628037452697754,1.7786808013916016,1.9094418287277222,1.6412005424499512,1.7550787925720215,1.6203651428222656,1.7179946899414062,1.6514084339141846,1.5056718587875366,1.4662821292877197,1.441922664642334,1.535687804222107,1.6760286092758179,1.910672903060913,2.1550028324127197,2.3485212326049805,2.0718142986297607,2.2290022373199463,2.001831293106079,2.1365084648132324,2.0497610569000244,2.1359241008758545,2.105304002761841,1.9635796546936035,1.952811598777771,1.9011396169662476,1.984225869178772,2.0529606342315674,2.27184796333313,2.493720293045044,2.7274186611175537,2.4836208820343018,2.677513360977173,2.4709997177124023,2.6420741081237793,2.6054928302764893
A5,1.2237130403518677,0.9522979855537415,0.6234179735183716,0.3804771900177002,0.0,0.37374818325042725,0.6020389199256897,0.9434658885002136,1.2574703693389893,1.3859866857528687,1.1737090349197388,1.2425315380096436,0.9126672148704529,1.0562593936920166,0.8877888917922974,1.2603243589401245,1.127216100692749,0.8029361963272095,0.6700747609138489,0.5034282803535461,0.6488960385322571,0.7919979691505432,1.1004430055618286,1.4104671478271484,1.523522138595581,1.236267328262329,1.3580812215805054,1.0859085321426392,1.2359310388565063,1.1341336965560913,1.5074317455291748,1.423209309577942,1.1642704010009766,1.088330626487732,0.9693548083305359,1.066384196281433,1.1505974531173706,1.4084975719451904,1.6669083833694458,1.8037272691726685,1.515891671180725,1.6576489210128784,1.4371278285980225,1.5813322067260742,1.5218409299850464,1.852964162826538,1.8062115907669067,1.5926518440246582,1.551537275314331,1.4395909309387207,1.5200214385986328,1.5726908445358276,1.785723090171814,1.9803410768508911,2.152930974960327,1.8777748346328735,2.0331804752349854,1.8515490293502808,1.9979456663131714,1.9718132019042969,2.2342355251312256,2.224436044692993,2.0283360481262207,2.021623134613037,1.9075263738632202,1.9922772645950317,1.9919352531433105,2.2005083560943604,2.3734211921691895,2.5950422286987305,2.3520667552948,2.5368216037750244,2.3675897121429443,2.531745672225952,2.54219388961792
A6,1.5620750188827515,1.2603709697723389,0.9733904600143433,0.655519962310791,0.37374818325042725,0.0,0.3896018862724304,0.6463392972946167,0.9840430617332458,1.1933518648147583,1.0749036073684692,1.2456717491149902,0.9963361024856567,1.2489298582077026,1.1720672845840454,1.6134775876998901,1.438719630241394,1.1168031692504883,0.8903448581695557,0.6386675238609314,0.5518319606781006,0.613305926322937,0.8225210905075073,1.1647955179214478,1.3379813432693481,1.1240715980529785,1.3469735383987427,1.1604223251342773,1.4030125141143799,1.3791882991790771,1.831429123878479,1.7036845684051514,1.418285846710205,1.2600443363189697,1.0612484216690063,1.0303062200546265,1.0385602712631226,1.2066829204559326,1.4743390083312988,1.6576989889144897,1.430746078491211,1.6502238512039185,1.500625491142273,1.717706561088562,1.7205939292907715,2.1402370929718018,2.0537242889404297,1.8044875860214233,1.6975513696670532,1.5205687284469604,1.5142711400985718,1.5014382600784302,1.6389498710632324,1.8305786848068237,2.043436288833618,1.8193634748458862,2.030451774597168,1.9090021848678589,2.1103944778442383,2.1384427547454834,2.4878132343292236,2.4441030025482178,2.212580919265747,2.1532623767852783,1.983112096786499,2.0072362422943115,1.948046326637268,2.0967636108398438,2.254533052444458,2.5085678100585938,2.3103725910186768,2.532851219177246,2.4143974781036377,2.6135077476501465,2.6740291118621826
A7,1.8186616897583008,1.545819640159607,1.2154772281646729,0.9607593417167664,0.6020389199256897,0.3896018862724304,0.0,0.3949624300003052,0.6566099524497986,0.816742479801178,0.710063636302948,0.9034050107002258,0.7315652370452881,1.0613608360290527,1.1014171838760376,1.8065654039382935,1.6518357992172241,1.28635573387146,1.0941798686981201,0.7495273947715759,0.6571424603462219,0.4705926477909088,0.6404657959938049,0.896568238735199,0.9961903691291809,0.766001284122467,1.0131093263626099,0.905241072177887,1.1996173858642578,1.2770441770553589,1.9521164894104004,1.8479537963867188,1.5115993022918701,1.3748929500579834,1.0953433513641357,1.0634506940841675,0.9355441927909851,1.0751245021820068,1.2587963342666626,1.3784263134002686,1.1461217403411865,1.3629388809204102,1.2784243822097778,1.5163840055465698,1.5968149900436401,2.20470929145813,2.1414635181427,1.8464103937149048,1.755732536315918,1.5174027681350708,1.518563985824585,1.418455719947815,1.5422203540802002,1.656829833984375,1.8213272094726562,1.5966492891311646,1.7880959510803223,1.717458724975586,1.919044017791748,2.005575656890869,2.5062708854675293,2.486379384994507,2.214770555496216,2.1712148189544678,1.9559085369110107,1.9966298341751099,1.877455711364746,2.0268545150756836,2.1219892501831055,2.341850757598877,2.1383275985717773,2.334977388381958,2.252624988555908,2.433444023132324,2.535728931427002
A8,2.162240743637085,1.8874695301055908,1.5650694370269775,1.2881802320480347,0.9434658885002136,0.6463392972946167,0.3949624300003052,0.0,0.39446771144866943,0.648227334022522,0.6931798458099365,1.018214464187622,0.9710575938224792,1.3405026197433472,1.440721869468689,2.1845266819000244,2.0309839248657227,1.6735813617706299,1.462742567062378,1.1240922212600708,0.9515935182571411,0.7091221809387207,0.6488495469093323,0.848667562007904,0.9675129652023315,0.8580760359764099,1.176289439201355,1.1844085454940796,1.5042452812194824,1.6349222660064697,2.3467180728912354,2.236467123031616,1.8992451429367065,1.738993763923645,1.4402289390563965,1.3398674726486206,1.147145390510559,1.160111904144287,1.2980931997299194,1.4296913146972656,1.281861424446106,1.5423133373260498,1.5441988706588745,1.8085811138153076,1.9373189210891724,2.5949296951293945,2.5232646465301514,2.217966079711914,2.1025428771972656,1.8351318836212158,1.7824625968933105,1.6239497661590576,1.6627675294876099,1.7414979934692383,1.9206217527389526,1.7568237781524658,1.9742153882980347,1.9703174829483032,2.1935012340545654,2.3238320350646973,2.8827733993530273,2.854302167892456,2.5672130584716797,2.500659465789795,2.253326416015625,2.25459361076355,2.0845396518707275,2.173948287963867,2.2339580059051514,2.4678561687469482,2.309807538986206,2.521437406539917,2.4918010234832764,2.683274030685425,2.826488733291626
A9,2.4745607376098633,2.199824333190918,1.871559977531433,1.60931396484375,1.2574703693389893,0.9840430617332458,0.6566099524497986,0.39446771144866943,0.0,0.38418927788734436,0.6389800310134888,0.9589167237281799,1.0470997095108032,1.4318490028381348,1.6061913967132568,2.445554494857788,2.2811367511749268,1.9079058170318604,1.6964325904846191,1.327709674835205,1.1350473165512085,0.7955577373504639,0.6120060682296753,0.6119495630264282,0.6601747274398804,0.6755498051643372,1.0330779552459717,1.1641641855239868,1.5154553651809692,1.7194161415100098,2.536882162094116,2.4217238426208496,2.056562900543213,1.8894935846328735,1.5457453727722168,1.4177100658416748,1.129809021949768,1.062512993812561,1.088122844696045,1.166053295135498,1.0851190090179443,1.3641176223754883,1.4610817432403564,1.7542449235916138,1.9496946334838867,2.723271608352661,2.648339033126831,2.3105599880218506,2.1854372024536133,1.8715400695800781,1.7971209287643433,1.561384916305542,1.5516382455825806,1.5488982200622559,1.6903445720672607,1.5691677331924438,1.7863675355911255,1.8549659252166748,2.0947000980377197,2.283362627029419,2.9558465480804443,2.9262382984161377,2.6063520908355713,2.530622720718384,2.241201877593994,2.231276273727417,2.002113103866577,2.0635554790496826,2.0593881607055664,2.266225576400757,2.132223129272461,2.3323724269866943,2.3567569255828857,2.545786142349243,2.7377989292144775
A10,2.5551974773406982,2.321157217025757,1.9642715454101562,1.760446310043335,1.3859866857528687,1.1933518648147583,0.816742479801178,0.648227334022522,0.38418927788734436,0.0,0.38776737451553345,0.6905085444450378,0.8975090980529785,1.2655819654464722,1.515189290046692,2.496891736984253,2.3770296573638916,1.9920449256896973,1.84083890914917,1.4672127962112427,1.3569034337997437,1.002691388130188,0.911396324634552,0.8180118799209595,0.6581493020057678,0.594808042049408,0.8530588150024414,1.060191035270691,1.3731757402420044,1.6354143619537354,2.5651438236236572,2.4968252182006836,2.123720645904541,2.0152666568756104,1.6726089715957642,1.6123918294906616,1.3097814321517944,1.2945400476455688,1.242748498916626,1.1942869424819946,1.0675419569015503,1.2527015209197998,1.3879889249801636,1.6324845552444458,1.867958426475525,2.732365608215332,2.7035160064697266,2.3617823123931885,2.2895498275756836,1.9782055616378784,1.9614360332489014,1.7154779434204102,1.7476091384887695,1.683510184288025,1.7368711233139038,1.5825026035308838,1.7209875583648682,1.8065369129180908,1.994490146636963,2.205707311630249,2.947545289993286,2.9623663425445557,2.6394803524017334,2.6116747856140137,2.3282039165496826,2.3692800998687744,2.1378109455108643,2.238220691680908,2.193125009536743,2.339712381362915,2.1714649200439453,2.3100976943969727,2.3371291160583496,2.474344491958618,2.6720383167266846
A11,2.2703142166137695,2.074214458465576,1.7004425525665283,1.551735281944275,1.1737090349197388,1.0749036073684692,0.710063636302948,0.6931798458099365,0.6389800310134888,0.38776737451553345,0.0,0.38938191533088684,0.5534324645996094,0.9117200374603271,1.1712894439697266,2.210832357406616,2.136044502258301,1.7539403438568115,1.6620763540267944,1.3102601766586304,1.2958077192306519,0.9940444827079773,1.0476257801055908,1.0441540479660034,0.8779134750366211,0.6237279772758484,0.7501608729362488,0.8627385497093201,1.1147730350494385,1.3591148853302002,2.302147626876831,2.277104377746582,1.9188590049743652,1.8687797784805298,1.563326120376587,1.5853238105773926,1.3435522317886353,1.4345929622650146,1.4325129985809326,1.366679072380066,1.133470058441162,1.233406901359558,1.2835726737976074,1.460533618927002,1.6599849462509155,2.498227119445801,2.5099141597747803,2.191500663757324,2.1727497577667236,1.9031877517700195,1.9544379711151123,1.7669998407363892,1.8784528970718384,1.8483085632324219,1.881353497505188,1.6548030376434326,1.7391095161437988,1.7540150880813599,1.886303424835205,2.053189754486084,2.744283437728882,2.7955923080444336,2.498821258544922,2.5187220573425293,2.2782645225524902,2.372323751449585,2.193936347961426,2.3546688556671143,2.3422200679779053,2.4722747802734375,2.250697374343872,2.357307195663452,2.325939178466797,2.4281435012817383,2.5775394439697266
A12,2.205101728439331,2.0453577041625977,1.6719017028808594,1.5938358306884766,1.2425315380096436,1.2456717491149902,0.9034050107002258,1.018214464187622,0.9589167237281799,0.6905085444450378,0.38938191533088684,0.0,0.3772194981575012,0.6372157335281372,0.9637857675552368,2.08170223236084,2.0356056690216064,1.6577986478805542,1.629258155822754,1.3002279996871948,1.3714615106582642,1.0957890748977661,1.2340260744094849,1.1975618600845337,0.9581479430198669,0.6223627924919128,0.5203511118888855,0.6225072145462036,0.7931469082832336,1.0852588415145874,2.108717918395996,2.121096134185791,1.7639206647872925,1.7742162942886353,1.4885908365249634,1.58444082736969,1.3609379529953003,1.5199394226074219,1.4876550436019897,1.3454934358596802,1.0456697940826416,1.02065110206604,1.0440481901168823,1.1476199626922607,1.3629193305969238,2.2618393898010254,2.311795473098755,1.9965219497680664,2.0314629077911377,1.780772089958191,1.8964229822158813,1.727616548538208,1.8989583253860474,1.8446227312088013,1.809739112854004,1.5325056314468384,1.5343399047851562,1.520401954650879,1.5912988185882568,1.7536060810089111,2.4792840480804443,2.5673904418945312,2.275557518005371,2.3428375720977783,2.1238441467285156,2.2726657390594482,2.1178205013275146,2.329890251159668,2.305753707885742,2.382939577102661,2.116389274597168,2.166123151779175,2.1060872077941895,2.160048246383667,2.2899062633514404
A13,1.8282442092895508,1.6728967428207397,1.2981539964675903,1.2447022199630737,0.9126672148704529,0.9963361024856567,0.7315652370452881,0.9710575938224792,1.0470997095108032,0.8975090980529785,0.5534324645996094,0.3772194981575012,0.0,0.38591763377189636,0.6269111037254333,1.7170671224594116,1.6792551279067993,1.305802345275879,1.302045464515686,1.0043463706970215,1.1437859535217285,0.9555391073226929,1.1926169395446777,1.2654130458831787,1.122768759727478,0.7399841547012329,0.6668382883071899,0.5254852771759033,0.655606746673584,0.8373737335205078,1.785548448562622,1.8034194707870483,1.4636746644973755,1.4943592548370361,1.2526309490203857,1.3964996337890625,1.2573329210281372,1.4869810342788696,1.5422406196594238,1.46996009349823,1.1278644800186157,1.120368480682373,1.0126211643218994,1.0930988788604736,1.211004376411438,1.990898609161377,2.0426719188690186,1.7539010047912598,1.8033808469772339,1.5983883142471313,1.743996500968933,1.6474721431732178,1.8656377792358398,1.883799433708191,1.8955330848693848,1.585411787033081,1.609007477760315,1.5095025300979614,1.5759968757629395,1.663115382194519,2.2619009017944336,2.3473563194274902,2.085268974304199,2.1613831520080566,1.9841840267181396,2.146672487258911,2.0495612621307373,2.2897956371307373,2.325810670852661,2.4329559803009033,2.147554636001587,2.2205810546875,2.102902412414551,2.1720104217529297,2.246685028076172
A14,1.6972867250442505,1.6123144626617432,1.2544898986816406,1.311977505683899,1.0562593936920166,1.2489298582077026,1.0613608360290527,1.3405026197433472,1.4318490028381348,1.2655819654464722,0.9117200374603271,0.6372157335281372,0.38591763377189636,0.0,0.37226632237434387,1.539048433303833,1.5696508884429932,1.2318845987319946,1.3341991901397705,1.1198071241378784,1.3547569513320923,1.2398099899291992,1.5258127450942993,1.6002358198165894,1.4396214485168457,1.0491113662719727,0.8538907766342163,0.6281259059906006,0.5079081058502197,0.6211840510368347,1.5791785717010498,1.667523741722107,1.366245985031128,1.4927902221679688,1.3256756067276,1.553865671157837,1.4768022298812866,1.758837342262268,1.8145639896392822,1.7106199264526367,1.3380333185195923,1.229069471359253,1.0481107234954834,0.9917430877685547,1.0431336164474487,1.7780948877334595,1.893331527709961,1.6443263292312622,1.773581624031067,1.632043719291687,1.8506397008895874,1.8082886934280396,2.0795810222625732,2.101017951965332,2.072859764099121,1.7260875701904297,1.6761386394500732,1.5157374143600464,1.493200421333313,1.5203858613967896,2.0544707775115967,2.1937031745910645,1.9692442417144775,2.110785722732544,1.9906055927276611,2.211430549621582,2.1664345264434814,2.4534943103790283,2.4993958473205566,2.5689618587493896,2.2454123497009277,2.267531394958496,2.100111484527588,2.114652395248413,2.1329452991485596
A15,1.3316164016723633,1.2667875289916992,0.927021861076355,1.0545015335083008,0.8877888917922974,1.1720672845840454,1.1014171838760376,1.440721869468689,1.6061913967132568,1.515189290046692,1.1712894439697266,0.9637857675552368,0.6269111037254333,0.37226632237434387,0.0,1.1702362298965454,1.223829984664917,0.9119875431060791,1.0778789520263672,0.9550736546516418,1.2602146863937378,1.2548611164093018,1.5942548513412476,1.7396305799484253,1.6497117280960083,1.261284351348877,1.1120796203613281,0.7899003028869629,0.6405779719352722,0.5137386918067932,1.2576333284378052,1.3627029657363892,1.1036790609359741,1.2716259956359863,1.1881505250930786,1.4627232551574707,1.4812028408050537,1.8064839839935303,1.927587628364563,1.8806637525558472,1.501495599746704,1.419224739074707,1.154691219329834,1.08271324634552,1.0059375762939453,1.5231091976165771,1.6433244943618774,1.4415040016174316,1.5926436185836792,1.5199337005615234,1.765121579170227,1.8006047010421753,2.103543281555176,2.1860530376434326,2.1975040435791016,1.8399275541305542,1.8137645721435547,1.5880537033081055,1.5652025938034058,1.5090028047561646,1.8615838289260864,1.9957348108291626,1.815840721130371,1.9664099216461182,1.9011059999465942,2.1307270526885986,2.14784574508667,2.4530580043792725,2.552358865737915,2.646284818649292,2.316094398498535,2.360138416290283,2.145388603210449,2.176500082015991,2.1389219760894775
B1,0.44049733877182007,0.5614435076713562,0.6838480830192566,1.0115214586257935,1.2603243589401245,1.6134775876998901,1.8065654039382935,2.1845266819000244,2.445554494857788,2.496891736984253,2.210832357406616,2.08170223236084,1.7170671224594116,1.539048433303833,1.1702362298965454,0.0,0.3789547085762024,0.600597620010376,0.9308645725250244,1.2188606262207031,1.5585901737213135,1.8178144693374634,2.1917576789855957,2.4510159492492676,2.506310224533081,2.1736345291137695,2.098715305328369,1.7154614925384521,1.5808111429214478,1.225419044494629,0.5502382516860962,0.6897909045219421,0.8362938165664673,1.084936261177063,1.3437559604644775,1.6499476432800293,1.917514681816101,2.2810146808624268,2.5281991958618164,2.6044039726257324,2.2629706859588623,2.233149766921997,1.868949055671692,1.788949966430664,1.4895012378692627,1.0471642017364502,1.1317033767700195,1.2110122442245483,1.3911888599395752,1.58541738986969,1.8492404222488403,2.1031763553619385,2.442805290222168,2.6661605834960938,2.7635657787323,2.4255101680755615,2.450214385986328,2.114370107650757,2.096679925918579,1.8541252613067627,1.533520221710205,1.6035205125808716,1.6337707042694092,1.7784167528152466,1.9152803421020508,2.1313421726226807,2.33807373046875,2.657247543334961,2.8916821479797363,3.03269100189209,2.718231678009033,2.8095808029174805,2.4970364570617676,2.56851863861084,2.386796236038208
B2,0.6210594177246094,0.48793742060661316,0.6381846070289612,0.8507627248764038,1.127216100692749,1.438719630241394,1.6518357992172241,2.0309839248657227,2.2811367511749268,2.3770296573638916,2.136044502258301,2.0356056690216064,1.6792551279067993,1.5696508884429932,1.223829984664917,0.3789547085762024,0.0,0.3879028260707855,0.636640727519989,0.9798330068588257,1.2885715961456299,1.5863633155822754,1.95024836063385,2.2201545238494873,2.3169801235198975,2.0191423892974854,1.9877148866653442,1.6093846559524536,1.541911244392395,1.202349305152893,0.5686686635017395,0.47840654850006104,0.5969021320343018,0.758452296257019,1.053324818611145,1.3329960107803345,1.6381607055664062,1.9930610656738281,2.2625856399536133,2.3766884803771973,2.063016653060913,2.0785648822784424,1.717828631401062,1.7011332511901855,1.4138296842575073,1.0034548044204712,0.9627654552459717,0.9977172017097473,1.0950216054916382,1.2903186082839966,1.5201547145843506,1.7978320121765137,2.1262619495391846,2.3771791458129883,2.5074920654296875,2.1924681663513184,2.2627511024475098,1.933789849281311,1.9744040966033936,1.7494829893112183,1.4658335447311401,1.451650857925415,1.4432584047317505,1.517926812171936,1.6355271339416504,1.8121641874313354,2.025766611099243,2.3273377418518066,2.583644390106201,2.7508339881896973,2.4596962928771973,2.5908079147338867,2.2900075912475586,2.4102554321289062,2.252939224243164
B3,0.8049721717834473,0.5878318548202515,0.4799288511276245,0.6216893196105957,0.8029361963272095,1.1168031692504883,1.28635573387146,1.6735813617706299,1.9079058170318604,1.9920449256896973,1.7539403438568115,1.6577986478805542,1.305802345275879,1.2318845987319946,0.9119875431060791,0.600597620010376,0.3879028260707855,0.0,0.3658526837825775,0.6273927688598633,0.9716994166374207,1.2305580377578735,1.604432463645935,1.8623133897781372,1.9423539638519287,1.635898232460022,1.6134761571884155,1.2390333414077759,1.2090258598327637,0.9036075472831726,0.7245433330535889,0.633052408695221,0.47568100690841675,0.5941482186317444,0.7710954546928406,1.0660734176635742,1.3208017349243164,1.6813664436340332,1.9348944425582886,2.0345263481140137,1.7104682922363281,1.738032579421997,1.392107367515564,1.4105585813522339,1.1740339994430542,1.0968832969665527,1.0599690675735474,0.9493573307991028,1.0167335271835327,1.1001789569854736,1.3254352807998657,1.5417853593826294,1.8670661449432373,2.0915729999542236,2.214686870574951,1.89239501953125,1.971883773803711,1.6690542697906494,1.7355706691741943,1.5671721696853638,1.523319125175476,1.5209362506866455,1.4153051376342773,1.4766459465026855,1.5065170526504517,1.6815502643585205,1.829146146774292,2.1281113624572754,2.3519821166992188,2.520357370376587,2.2256476879119873,2.3616535663604736,2.090810775756836,2.2194573879241943,2.114832639694214
B4,1.0436172485351562,0.7217646837234497,0.6071027517318726,0.5060222148895264,0.6700747609138489,0.8903448581695557,1.0941798686981201,1.462742567062378,1.6964325904846191,1.84083890914917,1.6620763540267944,1.629258155822754,1.302045464515686,1.3341991901397705,1.0778789520263672,0.9308645725250244,0.636640727519989,0.3658526837825775,0.0,0.3803763687610626,0.6523349285125732,0.9691420793533325,1.3209837675094604,1.6085456609725952,1.7489197254180908,1.4905954599380493,1.5483582019805908,1.2089236974716187,1.2882766723632812,1.0577830076217651,1.031725287437439,0.8336313962936401,0.6085440516471863,0.47522300481796265,0.5651648640632629,0.7694571018218994,1.052533507347107,1.387622594833374,1.6788700819015503,1.8362455368041992,1.5531712770462036,1.659739375114441,1.350527048110962,1.4651259183883667,1.2897921800613403,1.3325304985046387,1.2066243886947632,1.0306140184402466,0.9609552621841431,0.9645542502403259,1.0968048572540283,1.301543951034546,1.5893853902816772,1.8465547561645508,2.023345470428467,1.7380708456039429,1.8877226114273071,1.6237640380859375,1.768543004989624,1.6536670923233032,1.7076891660690308,1.636885166168213,1.4790672063827515,1.4482576847076416,1.4108667373657227,1.5107340812683105,1.6240774393081665,1.8800865411758423,2.1202480792999268,2.333728790283203,2.077331781387329,2.268477201461792,2.035771369934082,2.220543384552002,2.166156530380249
B5,1.3271465301513672,1.0212980508804321,0.7814716100692749,0.5870358943939209,0.5034282803535461,0.6386675238609314,0.7495273947715759,1.1240922212600708,1.327709674835205,1.4672127962112427,1.3102601766586304,1.3002279996871948,1.0043463706970215,1.1198071241378784,0.9550736546516418,1.2188606262207031,0.9798330068588257,0.6273927688598633,0.3803763687610626,0.0,0.37104541063308716,0.6075077652931213,0.9773516058921814,1.251287579536438,1.3782110214233398,1.1193640232086182,1.2140206098556519,0.9088422656059265,1.0751161575317383,0.9471166729927063,1.2876076698303223,1.1232554912567139,0.8010132312774658,0.6407607793807983,0.4667392075061798,0.6092446446418762,0.770124077796936,1.1005305051803589,1.3688730001449585,1.5130846500396729,1.2268474102020264,1.3677939176559448,1.1054049730300903,1.2830843925476074,1.2006794214248657,1.5344302654266357,1.4275468587875366,1.1662514209747314,1.0749292373657227,0.938171923160553,1.0290783643722534,1.1201227903366089,1.3832241296768188,1.5986944437026978,1.76869535446167,1.486241340637207,1.654948115348816,1.4439234733581543,1.623923420906067,1.5872883796691895,1.8606343269348145,1.8059101104736328,1.578284502029419,1.5367282629013062,1.4073177576065063,1.4920248985290527,1.512205719947815,1.7491899728775024,1.9405734539031982,2.153721570968628,1.9032562971115112,2.099576711654663,1.9141474962234497,2.1056883335113525,2.113835334777832
B6,1.623538851737976,1.2839587926864624,1.071640133857727,0.7788839936256409,0.6488960385322571,0.5518319606781006,0.6571424603462219,0.9515935182571411,1.1350473165512085,1.3569034337997437,1.2958077192306519,1.3714615106582642,1.1437859535217285,1.3547569513320923,1.2602146863937378,1.5585901737213135,1.2885715961456299,0.9716994166374207,0.6523349285125732,0.37104541063308716,0.0,0.3830026686191559,0.6808905601501465,1.00275719165802,1.219280481338501,1.0521122217178345,1.2555465698242188,1.0420947074890137,1.3013103008270264,1.2512456178665161,1.627290964126587,1.4198893308639526,1.103743314743042,0.8468918800354004,0.5913420915603638,0.4806644916534424,0.5761607885360718,0.8209759593009949,1.137569785118103,1.3602383136749268,1.1510711908340454,1.3912572860717773,1.2091736793518066,1.4697145223617554,1.4523184299468994,1.841224193572998,1.686948299407959,1.4038528203964233,1.224263072013855,1.0138194561004639,0.9661543369293213,0.9859740138053894,1.1603407859802246,1.4006783962249756,1.6360480785369873,1.4177640676498413,1.6641687154769897,1.5206724405288696,1.768599033355713,1.7881118059158325,2.1286730766296387,2.0290064811706543,1.7718874216079712,1.6582996845245361,1.4657349586486816,1.460758924484253,1.415643334388733,1.5780081748962402,1.769662857055664,2.0322813987731934,1.8383309841156006,2.0892395973205566,1.960254192352295,2.19927978515625,2.260178565979004
B7,1.9029327630996704,1.5910805463790894,1.3193422555923462,1.050310730934143,0.7919979691505432,0.613305926322937,0.4705926477909088,0.7091221809387207,0.7955577373504639,1.002691388130188,0.9940444827079773,1.0957890748977661,0.9555391073226929,1.2398099899291992,1.2548611164093018,1.8178144693374634,1.5863633155822754,1.2305580377578735,0.9691420793533325,0.6075077652931213,0.3830026686191559,0.0,0.38264986872673035,0.657037615776062,0.8450937271118164,0.6961361169815063,0.9620004296302795,0.8468968868255615,1.1797505617141724,1.242614984512329,1.8544931411743164,1.6832337379455566,1.3252180814743042,1.1093554496765137,0.7704543471336365,0.6443348526954651,0.47008925676345825,0.6431127190589905,0.8797867894172668,1.062328577041626,0.860512912273407,1.1399509906768799,1.0475069284439087,1.3528181314468384,1.431259274482727,2.0282013416290283,1.9045218229293823,1.5784573554992676,1.4199944734573364,1.1345267295837402,1.0775350332260132,0.9556249976158142,1.0811294317245483,1.2294337749481201,1.4306628704071045,1.2232470512390137,1.4725252389907837,1.4027494192123413,1.6658257246017456,1.761018991470337,2.273942708969116,2.201549530029297,1.9023810625076294,1.8034021854400635,1.5522723197937012,1.5528615713119507,1.417009711265564,1.5583076477050781,1.6712863445281982,1.909955620765686,1.7220226526260376,1.9576517343521118,1.8826277256011963,2.1099374294281006,2.2276415824890137
B8,2.253899097442627,1.930050253868103,1.6664409637451172,1.3660595417022705,1.1004430055618286,0.8225210905075073,0.6404657959938049,0.6488495469093323,0.6120060682296753,0.911396324634552,1.0476257801055908,1.2340260744094849,1.1926169395446777,1.5258127450942993,1.5942548513412476,2.1917576789855957,1.95024836063385,1.604432463645935,1.3209837675094604,0.9773516058921814,0.6808905601501465,0.38264986872673035,0.0,0.38569995760917664,0.7051153779029846,0.7386681437492371,1.0957282781600952,1.1053383350372314,1.471002459526062,1.5883792638778687,2.2301087379455566,2.0430121421813965,1.6875172853469849,1.4416486024856567,1.0944467782974243,0.8727828860282898,0.6033723950386047,0.5161704421043396,0.7147592902183533,0.9627345204353333,0.8970773220062256,1.251717448234558,1.2671482563018799,1.6098970174789429,1.7417508363723755,2.384368896484375,2.241069793701172,1.904327154159546,1.7080281972885132,1.3890886306762695,1.2467801570892334,1.036421537399292,1.0211427211761475,1.1301339864730835,1.3733099699020386,1.260324239730835,1.5614088773727417,1.5785682201385498,1.8786762952804565,2.0258920192718506,2.6006767749786377,2.507270336151123,2.1891698837280273,2.0512189865112305,1.7576818466186523,1.6942059993743896,1.4858980178833008,1.5355794429779053,1.6062489748001099,1.8731746673583984,1.7535544633865356,2.0210981369018555,2.016125202178955,2.2679858207702637,2.437546730041504
B9,2.5557096004486084,2.2480852603912354,1.968123197555542,1.6990314722061157,1.4104671478271484,1.1647955179214478,0.896568238735199,0.848667562007904,0.6119495630264282,0.8180118799209595,1.0441540479660034,1.1975618600845337,1.2654130458831787,1.6002358198165894,1.7396305799484253,2.4510159492492676,2.2201545238494873,1.8623133897781372,1.6085456609725952,1.251287579536438,1.00275719165802,0.657037615776062,0.38569995760917664,0.0,0.3909396827220917,0.6130800247192383,0.973818838596344,1.1073702573776245,1.4838873147964478,1.6746766567230225,2.4288995265960693,2.255171060562134,1.8796019554138184,1.6550031900405884,1.2811778783798218,1.0743496417999268,0.7106195092201233,0.5234740376472473,0.4793926775455475,0.6515375375747681,0.6892985105514526,1.0666453838348389,1.1949812173843384,1.555914044380188,1.7588284015655518,2.523366928100586,2.391803026199341,2.028837203979492,1.8429151773452759,1.4854122400283813,1.341904878616333,1.0386139154434204,0.9682825803756714,0.9411633014678955,1.1236450672149658,1.0609830617904663,1.3587369918823242,1.4638352394104004,1.7741682529449463,1.9852882623672485,2.6819112300872803,2.599313259124756,2.251680850982666,2.1184213161468506,1.785611867904663,1.7241063117980957,1.4471206665039062,1.4720509052276611,1.4505976438522339,1.6739428043365479,1.5753809213638306,1.8223551511764526,1.879919409751892,2.121725082397461,2.3443825244903564
B10,2.645383834838867,2.374302625656128,2.0620930194854736,1.8448710441589355,1.523522138595581,1.3379813432693481,0.9961903691291809,0.9675129652023315,0.6601747274398804,0.6581493020057678,0.8779134750366211,0.9581479430198669,1.122768759727478,1.4396214485168457,1.6497117280960083,2.506310224533081,2.3169801235198975,1.9423539638519287,1.7489197254180908,1.3782110214233398,1.219280481338501,0.8450937271118164,0.7051153779029846,0.3909396827220917,0.0,0.39218997955322266,0.696397602558136,0.9459348320960999,1.3040657043457031,1.5658189058303833,2.4516756534576416,2.324450969696045,1.9349550008773804,1.7736989259719849,1.3960620164871216,1.2759771347045898,0.8998057246208191,0.8159180283546448,0.6362678408622742,0.5395619869232178,0.5189896821975708,0.8206213712692261,1.0353466272354126,1.3671749830245972,1.6313164234161377,2.5171620845794678,2.4328248500823975,2.0593976974487305,1.9321553707122803,1.572373867034912,1.5028501749038696,1.1852803230285645,1.1767818927764893,1.0464279651641846,1.0840092897415161,0.976276159286499,1.181268572807312,1.3305584192276,1.5963150262832642,1.8501049280166626,2.648561716079712,2.6125123500823975,2.254944324493408,2.174863576889038,1.8430778980255127,1.8450723886489868,1.5609257221221924,1.6362342834472656,1.5506854057312012,1.6865735054016113,1.5440196990966797,1.7138928174972534,1.7862663269042969,1.9720790386199951,2.214939594268799
B11,2.3185975551605225,2.0751595497131348,1.7437957525253296,1.568571925163269,1.236267328262329,1.1240715980529785,0.766001284122467,0.8580760359764099,0.6755498051643372,0.594808042049408,0.6237279772758484,0.6223627924919128,0.7399841547012329,1.0491113662719727,1.261284351348877,2.1736345291137695,2.0191423892974854,1.635898232460022,1.4905954599380493,1.1193640232086182,1.0521122217178345,0.6961361169815063,0.7386681437492371,0.6130800247192383,0.39218997955322266,0.0,0.3889959752559662,0.5843328237533569,0.9464799761772156,1.2079952955245972,2.137148857116699,2.0472207069396973,1.658705711364746,1.5510526895523071,1.1925238370895386,1.1668740510940552,0.8498119711875916,0.9312500953674316,0.8663413524627686,0.7679601311683655,0.5142139792442322,0.7039890289306641,0.8112356066703796,1.1021199226379395,1.3428406715393066,2.2339799404144287,2.1880548000335693,1.8278496265411377,1.7553153038024902,1.430496335029602,1.445561408996582,1.2016221284866333,1.3095186948776245,1.244681715965271,1.262930989265442,1.0373802185058594,1.1693681478500366,1.219739556312561,1.4304580688476562,1.6404528617858887,2.403878688812256,2.4052000045776367,2.068077325820923,2.04044771194458,1.7523568868637085,1.8212050199508667,1.6044764518737793,1.7619037628173828,1.7284621000289917,1.8490848541259766,1.6326825618743896,1.7642040252685547,1.7571330070495605,1.904750943183899,2.0925278663635254
B12,2.296964406967163,2.101008176803589,1.766291618347168,1.669034719467163,1.3580812215805054,1.3469735383987427,1.0131093263626099,1.176289439201355,1.0330779552459717,0.8530588150024414,0.7501608729362488,0.5203511118888855,0.6668382883071899,0.8538907766342163,1.1120796203613281,2.098715305328369,1.9877148866653442,1.6134761571884155,1.5483582019805908,1.2140206098556519,1.2555465698242188,0.9620004296302795,1.0957282781600952,0.973818838596344,0.696397602558136,0.3889959752559662,0.0,0.3849130868911743,0.6564380526542664,0.9848905205726624,2.005653142929077,1.9666659832000732,1.5846590995788574,1.5575858354568481,1.2358039617538452,1.3109116554260254,1.0445363521575928,1.2060085535049438,1.1117697954177856,0.9073218107223511,0.5723710656166077,0.5031812191009521,0.5951940417289734,0.7947919368743896,1.0799739360809326,2.0596749782562256,2.0656046867370605,1.7121737003326416,1.7129571437835693,1.4188964366912842,1.5223809480667114,1.3134584426879883,1.4941531419754028,1.3979394435882568,1.316605806350708,1.0232020616531372,1.0175765752792358,1.0344388484954834,1.1583397388458252,1.376138687133789,2.199068784713745,2.250711679458618,1.920401930809021,1.9578673839569092,1.7001080513000488,1.843137264251709,1.6604210138320923,1.880547046661377,1.8294624090194702,1.8764337301254272,1.6015067100524902,1.648197889328003,1.6059497594833374,1.6836154460906982,1.8520253896713257
B13,1.9274765253067017,1.7407978773117065,1.4167453050613403,1.356412410736084,1.0859085321426392,1.1604223251342773,0.905241072177887,1.1844085454940796,1.1641641855239868,1.060191035270691,0.8627385497093201,0.6225072145462036,0.5254852771759033,0.6281259059906006,0.7899003028869629,1.7154614925384521,1.6093846559524536,1.2390333414077759,1.2089236974716187,0.9088422656059265,1.0420947074890137,0.8468968868255615,1.1053383350372314,1.1073702573776245,0.9459348320960999,0.5843328237533569,0.3849130868911743,0.0,0.37832266092300415,0.6306114792823792,1.6286537647247314,1.597778558731079,1.2214065790176392,1.229354739189148,0.9478697776794434,1.1068159341812134,0.944141685962677,1.2125455141067505,1.2253434658050537,1.1085739135742188,0.7251037955284119,0.6558197736740112,0.48808929324150085,0.6365612745285034,0.8113821744918823,1.7165679931640625,1.730800747871399,1.3948177099227905,1.426206111907959,1.1810306310653687,1.3457343578338623,1.2310545444488525,1.4881036281585693,1.4799904823303223,1.4473140239715576,1.104529857635498,1.1058824062347412,0.9850761294364929,1.0829112529754639,1.2016690969467163,1.9057267904281616,1.963193655014038,1.6596107482910156,1.7210673093795776,1.5141535997390747,1.693084716796875,1.5874615907669067,1.8568319082260132,1.8779206275939941,1.9504919052124023,1.6428278684616089,1.7040016651153564,1.5776854753494263,1.6605101823806763,1.753092885017395
