0.000000000000000000e+00,3.898679912090301514e-01,5.979303717613220215e-01,9.191486239433288574e-01,1.215457916259765625e+00,1.544278979301452637e+00,1.827877283096313477e+00,2.197926759719848633e+00,2.408306121826171875e+00,2.807917356491088867e+00,2.788111209869384766e+00,2.703431606292724609e+00,2.318308830261230469e+00,2.234906911849975586e+00,1.859538555145263672e+00,6.422181725502014160e-01,7.638470530509948730e-01,8.805126547813415527e-01,1.084357023239135742e+00,1.342797398567199707e+00,1.646493673324584961e+00,1.916659712791442871e+00,2.271074771881103516e+00,2.545045614242553711e+00,2.930209636688232422e+00,2.981614589691162109e+00,2.917672872543334961e+00,2.550050258636474609e+00,2.464607000350952148e+00,2.125420331954956055e+00,1.196288108825683594e+00,1.256698250770568848e+00,1.309637308120727539e+00,1.444637775421142578e+00,1.638867497444152832e+00,1.891827225685119629e+00,2.128627300262451172e+00,2.462521076202392578e+00,2.726679801940917969e+00,3.104001522064208984e+00,3.203374624252319336e+00,3.091204881668090820e+00,2.746923208236694336e+00,2.677510261535644531e+00,2.371683359146118164e+00,1.712340831756591797e+00,1.760944366455078125e+00,1.783845901489257812e+00,1.870669484138488770e+00,2.004904270172119141e+00,2.209218740463256836e+00,2.408974885940551758e+00,2.712405443191528320e+00,2.959901094436645508e+00,3.323323726654052734e+00,3.439971208572387695e+00,3.316069602966308594e+00,3.001734972000122070e+00,2.947699785232543945e+00,2.682795763015747070e+00,2.231704950332641602e+00,2.276497364044189453e+00,2.264932394027709961e+00,2.323417425155639648e+00,2.409705400466918945e+00,2.578125476837158203e+00,2.742819309234619141e+00,3.014336347579956055e+00,3.240667104721069336e+00,3.596235275268554688e+00,3.725884914398193359e+00,3.591857194900512695e+00,3.296917200088500977e+00,3.271378040313720703e+00,3.039721965789794922e+00
3.898679912090301514e-01,0.000000000000000000e+00,3.778796792030334473e-01,5.993171334266662598e-01,9.429360628128051758e-01,1.243460536003112793e+00,1.555302977561950684e+00,1.914472222328186035e+00,2.155350446701049805e+00,2.555000782012939453e+00,2.565645217895507812e+00,2.486954689025878906e+00,2.104320764541625977e+00,2.065838336944580078e+00,1.699927091598510742e+00,6.710048317909240723e-01,5.930669307708740234e-01,6.190345883369445801e-01,7.296670079231262207e-01,1.008653879165649414e+00,1.292718648910522461e+00,1.591942429542541504e+00,1.940899014472961426e+00,2.238069295883178711e+00,2.619935035705566406e+00,2.697748661041259766e+00,2.650295495986938477e+00,2.287398815155029297e+00,2.241764545440673828e+00,1.908851146697998047e+00,1.139426946640014648e+00,1.090399861335754395e+00,1.068222641944885254e+00,1.123904228210449219e+00,1.306376814842224121e+00,1.532467484474182129e+00,1.786997795104980469e+00,2.114270925521850586e+00,2.397364139556884766e+00,2.771380901336669922e+00,2.893828630447387695e+00,2.801635742187500000e+00,2.461992263793945312e+00,2.429640293121337891e+00,2.129417419433593750e+00,1.617849588394165039e+00,1.590177059173583984e+00,1.556485176086425781e+00,1.579961299896240234e+00,1.690070629119873047e+00,1.861828565597534180e+00,2.067111968994140625e+00,2.359139442443847656e+00,2.620263576507568359e+00,2.979565382003784180e+00,3.117896318435668945e+00,3.013714075088500977e+00,2.705655574798583984e+00,2.685860633850097656e+00,2.430877208709716797e+00,2.116147756576538086e+00,2.102199554443359375e+00,2.046076536178588867e+00,2.053094387054443359e+00,2.112311363220214844e+00,2.247326135635375977e+00,2.408839941024780273e+00,2.664020538330078125e+00,2.899127006530761719e+00,3.248630285263061523e+00,3.397987127304077148e+00,3.282905578613281250e+00,2.996451616287231445e+00,3.002931356430053711e+00,2.787994384765625000e+00
5.979303717613220215e-01,3.778796792030334473e-01,0.000000000000000000e+00,3.773039281368255615e-01,6.232481002807617188e-01,9.704880714416503906e-01,1.237485170364379883e+00,1.612999796867370605e+00,1.822715640068054199e+00,2.222342014312744141e+00,2.211864233016967773e+00,2.134716033935546875e+00,1.750894188880920410e+00,1.711728811264038086e+00,1.349735975265502930e+00,7.506683468818664551e-01,7.318896651268005371e-01,5.542582869529724121e-01,6.502001881599426270e-01,7.965012788772583008e-01,1.088404774665832520e+00,1.329506039619445801e+00,1.682515501976013184e+00,1.948154687881469727e+00,2.333505868911743164e+00,2.386462926864624023e+00,2.337214946746826172e+00,1.977599263191223145e+00,1.927301287651062012e+00,1.606690287590026855e+00,1.193565368652343750e+00,1.182125687599182129e+00,1.048852562904357910e+00,1.096756458282470703e+00,1.175712108612060547e+00,1.389425516128540039e+00,1.579749107360839844e+00,1.898790121078491211e+00,2.146080493927001953e+00,2.520029544830322266e+00,2.620687723159790039e+00,2.527215719223022461e+00,2.198024272918701172e+00,2.161121368408203125e+00,1.884765028953552246e+00,1.659047365188598633e+00,1.655667901039123535e+00,1.547225117683410645e+00,1.571714639663696289e+00,1.604462504386901855e+00,1.764742851257324219e+00,1.908584117889404297e+00,2.186354875564575195e+00,2.408908128738403320e+00,2.764120817184448242e+00,2.881076574325561523e+00,2.778533220291137695e+00,2.486206054687500000e+00,2.462232828140258789e+00,2.235677480697631836e+00,2.145578145980834961e+00,2.147763729095458984e+00,2.036484479904174805e+00,2.050570964813232422e+00,2.049943447113037109e+00,2.182156801223754883e+00,2.287893056869506836e+00,2.530408859252929688e+00,2.725570678710937500e+00,3.069510459899902344e+00,3.197172403335571289e+00,3.086612701416015625e+00,2.819341897964477539e+00,2.820144176483154297e+00,2.633314847946166992e+00
9.191486239433288574e-01,5.993171334266662598e-01,3.773039281368255615e-01,0.000000000000000000e+00,3.801233768463134766e-01,6.442299485206604004e-01,9.686087369918823242e-01,1.317342042922973633e+00,1.573853611946105957e+00,1.971968889236450195e+00,2.015169620513916016e+00,1.974724650382995605e+00,1.603762269020080566e+00,1.645625948905944824e+00,1.321813702583312988e+00,1.060099959373474121e+00,9.234327077865600586e-01,6.627271175384521484e-01,5.289342403411865234e-01,5.804141163825988770e-01,7.802139520645141602e-01,1.046701669692993164e+00,1.374495267868041992e+00,1.665940403938293457e+00,2.042887687683105469e+00,2.140437126159667969e+00,2.136010169982910156e+00,1.796768426895141602e+00,1.816201925277709961e+00,1.527803778648376465e+00,1.409615278244018555e+00,1.307380437850952148e+00,1.094664454460144043e+00,1.011932134628295898e+00,1.014709234237670898e+00,1.140557050704956055e+00,1.324659466743469238e+00,1.610159993171691895e+00,1.871526718139648438e+00,2.232949018478393555e+00,2.372163057327270508e+00,2.323770999908447266e+00,2.016770601272583008e+00,2.041524171829223633e+00,1.795864343643188477e+00,1.814042687416076660e+00,1.738676667213439941e+00,1.567234992980957031e+00,1.503284573554992676e+00,1.475673556327819824e+00,1.562220692634582520e+00,1.686072945594787598e+00,1.924149870872497559e+00,2.150682926177978516e+00,2.490250110626220703e+00,2.640836000442504883e+00,2.579920768737792969e+00,2.311642408370971680e+00,2.341660976409912109e+00,2.147355556488037109e+00,2.260660886764526367e+00,2.204033851623535156e+00,2.042599678039550781e+00,1.990270376205444336e+00,1.939889550209045410e+00,2.011850357055664062e+00,2.092874288558959961e+00,2.294358253479003906e+00,2.487318992614746094e+00,2.813118934631347656e+00,2.968874692916870117e+00,2.896209716796875000e+00,2.654359817504882812e+00,2.702333688735961914e+00,2.551852226257324219e+00
1.215457916259765625e+00,9.429360628128051758e-01,6.232481002807617188e-01,3.801233768463134766e-01,0.000000000000000000e+00,3.817149400711059570e-01,6.163677573204040527e-01,9.910655617713928223e-01,1.212490200996398926e+00,1.612214326858520508e+00,1.638048171997070312e+00,1.603751540184020996e+00,1.235478401184082031e+00,1.305123209953308105e+00,1.012968301773071289e+00,1.273013830184936523e+00,1.175678491592407227e+00,8.370807766914367676e-01,6.950278878211975098e-01,5.090149641036987305e-01,6.359137892723083496e-01,7.783136367797851562e-01,1.098988533020019531e+00,1.347002863883972168e+00,1.726936578750610352e+00,1.798664331436157227e+00,1.798818826675415039e+00,1.470207333564758301e+00,1.503331780433654785e+00,1.248925328254699707e+00,1.564157247543334961e+00,1.489127755165100098e+00,1.202883124351501465e+00,1.108721494674682617e+00,9.810083508491516113e-01,1.057012200355529785e+00,1.134216547012329102e+00,1.390749573707580566e+00,1.600808024406433105e+00,1.957083702087402344e+00,2.073033332824707031e+00,2.030181407928466797e+00,1.743985414505004883e+00,1.776951789855957031e+00,1.574748277664184570e+00,1.926180362701416016e+00,1.867525100708007812e+00,1.633768081665039062e+00,1.565873026847839355e+00,1.451125264167785645e+00,1.508464694023132324e+00,1.547476649284362793e+00,1.753602743148803711e+00,1.927361965179443359e+00,2.255423545837402344e+00,2.382715225219726562e+00,2.329910516738891602e+00,2.087895631790161133e+00,2.122509717941284180e+00,1.971845984458923340e+00,2.339136600494384766e+00,2.292358636856079102e+00,2.080399036407470703e+00,2.030275821685791016e+00,1.915162086486816406e+00,1.974454283714294434e+00,1.986649751663208008e+00,2.163127183914184570e+00,2.305041313171386719e+00,2.617741584777832031e+00,2.749629497528076172e+00,2.687306165695190430e+00,2.474021673202514648e+00,2.522020339965820312e+00,2.411167621612548828e+00
1.544278979301452637e+00,1.243460536003112793e+00,9.704880714416503906e-01,6.442299485206604004e-01,3.817149400711059570e-01,0.000000000000000000e+00,3.862232267856597900e-01,6.804059147834777832e-01,9.737914204597473145e-01,1.361956715583801270e+00,1.468596935272216797e+00,1.502787351608276367e+00,1.178977012634277344e+00,1.359201669692993164e+00,1.154467701911926270e+00,1.631181240081787109e+00,1.486337542533874512e+00,1.147231817245483398e+00,9.083544015884399414e-01,6.496325135231018066e-01,5.323462486267089844e-01,6.053487062454223633e-01,8.297274708747863770e-01,1.091928839683532715e+00,1.449547529220581055e+00,1.583072185516357422e+00,1.657290339469909668e+00,1.379418969154357910e+00,1.507517695426940918e+00,1.324807882308959961e+00,1.886099815368652344e+00,1.761171698570251465e+00,1.446225404739379883e+00,1.264356255531311035e+00,1.064379930496215820e+00,1.002822279930114746e+00,1.019442081451416016e+00,1.185775160789489746e+00,1.386355996131896973e+00,1.710152745246887207e+00,1.874382853507995605e+00,1.900300741195678711e+00,1.663228750228881836e+00,1.773890614509582520e+00,1.631190299987792969e+00,2.204637289047241211e+00,2.098318815231323242e+00,1.827376365661621094e+00,1.688907146453857422e+00,1.514391779899597168e+00,1.477507114410400391e+00,1.466447353363037109e+00,1.595346689224243164e+00,1.750316977500915527e+00,2.042994022369384766e+00,2.207878112792968750e+00,2.214838743209838867e+00,2.018677234649658203e+00,2.116951704025268555e+00,2.018230676651000977e+00,2.579183578491210938e+00,2.488633632659912109e+00,2.240264177322387695e+00,2.132997035980224609e+00,1.967666983604431152e+00,1.956839680671691895e+00,1.926173806190490723e+00,2.038054227828979492e+00,2.159425497055053711e+00,2.437297821044921875e+00,2.597366571426391602e+00,2.586829900741577148e+00,2.416261434555053711e+00,2.516317367553710938e+00,2.455320835113525391e+00
1.827877283096313477e+00,1.555302977561950684e+00,1.237485170364379883e+00,9.686087369918823242e-01,6.163677573204040527e-01,3.862232267856597900e-01,0.000000000000000000e+00,3.920033276081085205e-01,6.073355078697204590e-01,1.003621816635131836e+00,1.083270072937011719e+00,1.128220319747924805e+00,8.259190917015075684e-01,1.064128398895263672e+00,9.480379819869995117e-01,1.846249341964721680e+00,1.735864043235778809e+00,1.367977857589721680e+00,1.166642189025878906e+00,8.293946385383605957e-01,6.777358651161193848e-01,5.056316852569580078e-01,6.456993818283081055e-01,7.996081113815307617e-01,1.157144665718078613e+00,1.244031906127929688e+00,1.324395895004272461e+00,1.074440002441406250e+00,1.227523565292358398e+00,1.116175413131713867e+00,2.052515506744384766e+00,1.958785295486450195e+00,1.609893441200256348e+00,1.447874188423156738e+00,1.172081589698791504e+00,1.080513834953308105e+00,9.588596820831298828e-01,1.061387300491333008e+00,1.165794968605041504e+00,1.472215771675109863e+00,1.594382166862487793e+00,1.624639987945556641e+00,1.424742341041564941e+00,1.542993664741516113e+00,1.466086745262145996e+00,2.329852104187011719e+00,2.247076272964477539e+00,1.939204335212707520e+00,1.815114974975585938e+00,1.578486680984497070e+00,1.525291562080383301e+00,1.420420169830322266e+00,1.505038976669311523e+00,1.580886602401733398e+00,1.851068139076232910e+00,1.976236224174499512e+00,1.988991856575012207e+00,1.830339908599853516e+00,1.928056001663208008e+00,1.884132981300354004e+00,2.667303085327148438e+00,2.593502998352050781e+00,2.310782670974731445e+00,2.217674970626831055e+00,2.001926422119140625e+00,1.987618684768676758e+00,1.886119127273559570e+00,1.970555424690246582e+00,2.025596380233764648e+00,2.283174276351928711e+00,2.405778884887695312e+00,2.402791500091552734e+00,2.267524242401123047e+00,2.360473632812500000e+00,2.343306779861450195e+00
2.197926759719848633e+00,1.914472222328186035e+00,1.612999796867370605e+00,1.317342042922973633e+00,9.910655617713928223e-01,6.804059147834777832e-01,3.920033276081085205e-01,0.000000000000000000e+00,3.686001002788543701e-01,7.055729031562805176e-01,9.086511731147766113e-01,1.061701536178588867e+00,8.793816566467285156e-01,1.215749263763427734e+00,1.212203621864318848e+00,2.231425762176513672e+00,2.100744009017944336e+00,1.734223365783691406e+00,1.498294711112976074e+00,1.154243826866149902e+00,9.063425064086914062e-01,6.554785966873168945e-01,5.407385826110839844e-01,5.844735503196716309e-01,8.659240603446960449e-01,1.021341085433959961e+00,1.210253596305847168e+00,1.068300247192382812e+00,1.317610383033752441e+00,1.308271169662475586e+00,2.416758537292480469e+00,2.299251317977905273e+00,1.938068628311157227e+00,1.735246896743774414e+00,1.426387667655944824e+00,1.245244264602661133e+00,1.048599004745483398e+00,1.003969073295593262e+00,1.028843879699707031e+00,1.254964828491210938e+00,1.415207624435424805e+00,1.533979415893554688e+00,1.421845793724060059e+00,1.614020347595214844e+00,1.618150949478149414e+00,2.661800861358642578e+00,2.553355693817138672e+00,2.223275899887084961e+00,2.058905124664306641e+00,1.781124949455261230e+00,1.654826164245605469e+00,1.487584233283996582e+00,1.470012903213500977e+00,1.484961152076721191e+00,1.687273263931274414e+00,1.835035562515258789e+00,1.918569803237915039e+00,1.831183195114135742e+00,1.986704349517822266e+00,2.008980512619018555e+00,2.964309215545654297e+00,2.864101886749267578e+00,2.555270433425903320e+00,2.425555229187011719e+00,2.168395042419433594e+00,2.096215248107910156e+00,1.941740036010742188e+00,1.949950218200683594e+00,1.956486225128173828e+00,2.158103704452514648e+00,2.293428182601928711e+00,2.348943471908569336e+00,2.273996591567993164e+00,2.411390781402587891e+00,2.452976465225219727e+00
2.408306121826171875e+00,2.155350446701049805e+00,1.822715640068054199e+00,1.573853611946105957e+00,1.212490200996398926e+00,9.737914204597473145e-01,6.073355078697204590e-01,3.686001002788543701e-01,0.000000000000000000e+00,4.006738662719726562e-01,5.458490848541259766e-01,7.540399432182312012e-01,6.590707302093505859e-01,1.029002547264099121e+00,1.130908012390136719e+00,2.401057004928588867e+00,2.310433387756347656e+00,1.933565735816955566e+00,1.743049383163452148e+00,1.379902958869934082e+00,1.177476644515991211e+00,8.614122867584228516e-01,7.256299853324890137e-01,5.672194361686706543e-01,7.765405774116516113e-01,8.147294521331787109e-01,1.003107190132141113e+00,9.249349832534790039e-01,1.166060209274291992e+00,1.238610506057739258e+00,2.564576387405395508e+00,2.486540079116821289e+00,2.116626977920532227e+00,1.952869057655334473e+00,1.622768163681030273e+00,1.467173218727111816e+00,1.206985592842102051e+00,1.135504007339477539e+00,1.043430209159851074e+00,1.223497509956359863e+00,1.299124717712402344e+00,1.405403852462768555e+00,1.343947410583496094e+00,1.512721538543701172e+00,1.580531597137451172e+00,2.789509773254394531e+00,2.715732574462890625e+00,2.374257564544677734e+00,2.243497610092163086e+00,1.943595051765441895e+00,1.835952281951904297e+00,1.615232348442077637e+00,1.579655170440673828e+00,1.513410568237304688e+00,1.684145689010620117e+00,1.765172839164733887e+00,1.838942766189575195e+00,1.790299534797668457e+00,1.920695900917053223e+00,1.989204883575439453e+00,3.070420265197753906e+00,2.999350547790527344e+00,2.678128004074096680e+00,2.578995227813720703e+00,2.300717592239379883e+00,2.247744083404541016e+00,2.048817396163940430e+00,2.049174785614013672e+00,1.992940187454223633e+00,2.173455953598022461e+00,2.253850936889648438e+00,2.303550004959106445e+00,2.259485244750976562e+00,2.370151996612548828e+00,2.443483591079711914e+00
2.807917356491088867e+00,2.555000782012939453e+00,2.222342014312744141e+00,1.971968889236450195e+00,1.612214326858520508e+00,1.361956715583801270e+00,1.003621816635131836e+00,7.055729031562805176e-01,4.006738662719726562e-01,0.000000000000000000e+00,3.938823640346527100e-01,7.324882149696350098e-01,8.403223752975463867e-01,1.215684652328491211e+00,1.412845730781555176e+00,2.785605907440185547e+00,2.693465232849121094e+00,2.314249992370605469e+00,2.119184732437133789e+00,1.748967170715332031e+00,1.522783279418945312e+00,1.181966066360473633e+00,9.533071517944335938e-01,6.628105044364929199e-01,6.500766277313232422e-01,6.481657624244689941e-01,9.303906559944152832e-01,1.011348605155944824e+00,1.289206624031066895e+00,1.458561897277832031e+00,2.921243429183959961e+00,2.841229438781738281e+00,2.462768077850341797e+00,2.290417432785034180e+00,1.940846204757690430e+00,1.752965688705444336e+00,1.447149276733398438e+00,1.286150932312011719e+00,1.087132930755615234e+00,1.140023231506347656e+00,1.181811451911926270e+00,1.353356361389160156e+00,1.402338862419128418e+00,1.603452563285827637e+00,1.753545284271240234e+00,3.112413406372070312e+00,3.034620761871337891e+00,2.677766323089599609e+00,2.536604642868041992e+00,2.209518671035766602e+00,2.069061756134033203e+00,1.797688126564025879e+00,1.688798785209655762e+00,1.539433956146240234e+00,1.623320698738098145e+00,1.676025748252868652e+00,1.800302982330322266e+00,1.833668828010559082e+00,1.989823102951049805e+00,2.126098155975341797e+00,3.356225728988647461e+00,3.278878927230834961e+00,2.938648462295532227e+00,2.829385995864868164e+00,2.520657539367675781e+00,2.439678668975830078e+00,2.191587686538696289e+00,2.135044813156127930e+00,2.011986255645751953e+00,2.128537654876708984e+00,2.183429241180419922e+00,2.275531530380249023e+00,2.297271251678466797e+00,2.425103187561035156e+00,2.555917501449584961e+00
2.788111209869384766e+00,2.565645217895507812e+00,2.211864233016967773e+00,2.015169620513916016e+00,1.638048171997070312e+00,1.468596935272216797e+00,1.083270072937011719e+00,9.086511731147766113e-01,5.458490848541259766e-01,3.938823640346527100e-01,0.000000000000000000e+00,3.966491222381591797e-01,6.013191938400268555e-01,9.250883460044860840e-01,1.193414449691772461e+00,2.708193778991699219e+00,2.657152891159057617e+00,2.277712583541870117e+00,2.137434720993041992e+00,1.764956235885620117e+00,1.606419444084167480e+00,1.251187086105346680e+00,1.108045339584350586e+00,8.095006942749023438e-01,8.547928929328918457e-01,6.613432168960571289e-01,7.842218279838562012e-01,8.549653291702270508e-01,1.046785235404968262e+00,1.254659056663513184e+00,2.817226171493530273e+00,2.782129526138305664e+00,2.407574653625488281e+00,2.288485288619995117e+00,1.940501928329467773e+00,1.812038421630859375e+00,1.494265198707580566e+00,1.394396185874938965e+00,1.172889351844787598e+00,1.265219330787658691e+00,1.191999554634094238e+00,1.258751273155212402e+00,1.291117906570434570e+00,1.412634134292602539e+00,1.581468820571899414e+00,2.992386341094970703e+00,2.957903623580932617e+00,2.605155944824218750e+00,2.514451980590820312e+00,2.191234111785888672e+00,2.104225158691406250e+00,1.823908805847167969e+00,1.764115929603576660e+00,1.593952894210815430e+00,1.708075404167175293e+00,1.678928613662719727e+00,1.729267716407775879e+00,1.745849490165710449e+00,1.834510207176208496e+00,1.975213289260864258e+00,3.223638057708740234e+00,3.186431646347045898e+00,2.850866079330444336e+00,2.789522409439086914e+00,2.486219167709350586e+00,2.455223798751831055e+00,2.201082944869995117e+00,2.188267946243286133e+00,2.046576738357543945e+00,2.189084529876708984e+00,2.182080745697021484e+00,2.218926191329956055e+00,2.224682092666625977e+00,2.293928861618041992e+00,2.417063236236572266e+00
2.703431606292724609e+00,2.486954689025878906e+00,2.134716033935546875e+00,1.974724650382995605e+00,1.603751540184020996e+00,1.502787351608276367e+00,1.128220319747924805e+00,1.061701536178588867e+00,7.540399432182312012e-01,7.324882149696350098e-01,3.966491222381591797e-01,0.000000000000000000e+00,3.856093883514404297e-01,6.274968981742858887e-01,9.547346830368041992e-01,2.536725282669067383e+00,2.495709180831909180e+00,2.122044563293457031e+00,2.018327236175537109e+00,1.650810837745666504e+00,1.543931841850280762e+00,1.187817335128784180e+00,1.117660760879516602e+00,8.477290868759155273e-01,9.583470821380615234e-01,6.654772758483886719e-01,5.659466981887817383e-01,5.715833306312561035e-01,6.789383292198181152e-01,9.310581088066101074e-01,2.582546710968017578e+00,2.566189289093017578e+00,2.194082498550415039e+00,2.110302925109863281e+00,1.763396978378295898e+00,1.680127859115600586e+00,1.355747699737548828e+00,1.312008976936340332e+00,1.091866016387939453e+00,1.240541696548461914e+00,1.084542036056518555e+00,1.027578830718994141e+00,1.011494278907775879e+00,1.061900973320007324e+00,1.242406725883483887e+00,2.713737964630126953e+00,2.699444770812988281e+00,2.346288681030273438e+00,2.289291620254516602e+00,1.967345714569091797e+00,1.921730875968933105e+00,1.636471271514892578e+00,1.624831080436706543e+00,1.453045129776000977e+00,1.612613916397094727e+00,1.523899912834167480e+00,1.491491794586181641e+00,1.469958782196044922e+00,1.501547932624816895e+00,1.637525200843811035e+00,2.912960767745971680e+00,2.895305633544921875e+00,2.559930562973022461e+00,2.530835866928100586e+00,2.230762481689453125e+00,2.239030361175537109e+00,1.983724236488342285e+00,2.014291524887084961e+00,1.870938539505004883e+00,2.050720930099487305e+00,2.000728368759155273e+00,1.976962804794311523e+00,1.951183080673217773e+00,1.973485827445983887e+00,2.082125186920166016e+00
2.318308830261230469e+00,2.104320764541625977e+00,1.750894188880920410e+00,1.603762269020080566e+00,1.235478401184082031e+00,1.178977012634277344e+00,8.259190917015075684e-01,8.793816566467285156e-01,6.590707302093505859e-01,8.403223752975463867e-01,6.013191938400268555e-01,3.856093883514404297e-01,0.000000000000000000e+00,3.891031146049499512e-01,6.127276420593261719e-01,2.159778118133544922e+00,2.122932195663452148e+00,1.749077439308166504e+00,1.658186793327331543e+00,1.298571825027465820e+00,1.234982371330261230e+00,9.112932682037353516e-01,9.516865611076354980e-01,8.010174036026000977e-01,1.055536389350891113e+00,8.643042445182800293e-01,7.609136104583740234e-01,5.446298122406005859e-01,5.891098380088806152e-01,6.870976686477661133e-01,2.234133720397949219e+00,2.221955537796020508e+00,1.855407238006591797e+00,1.785494923591613770e+00,1.457779049873352051e+00,1.417351603507995605e+00,1.141552805900573730e+00,1.193171620368957520e+00,1.080508708953857422e+00,1.333571434020996094e+00,1.246214270591735840e+00,1.158450484275817871e+00,1.012913227081298828e+00,1.028903722763061523e+00,1.092428445816040039e+00,2.404797792434692383e+00,2.395470142364501953e+00,2.055962562561035156e+00,2.011791706085205078e+00,1.717883825302124023e+00,1.709928274154663086e+00,1.479374647140502930e+00,1.542558312416076660e+00,1.458872795104980469e+00,1.694866299629211426e+00,1.656087160110473633e+00,1.591592311859130859e+00,1.481191992759704590e+00,1.491752982139587402e+00,1.541607499122619629e+00,2.649241209030151367e+00,2.637648344039916992e+00,2.320935010910034180e+00,2.302034854888916016e+00,2.034176826477050781e+00,2.071399450302124023e+00,1.869568824768066406e+00,1.955615520477294922e+00,1.884329676628112793e+00,2.121352672576904297e+00,2.111418962478637695e+00,2.057081460952758789e+00,1.963085174560546875e+00,1.975232243537902832e+00,2.017055273056030273e+00
2.234906911849975586e+00,2.065838336944580078e+00,1.711728811264038086e+00,1.645625948905944824e+00,1.305123209953308105e+00,1.359201669692993164e+00,1.064128398895263672e+00,1.215749263763427734e+00,1.029002547264099121e+00,1.215684652328491211e+00,9.250883460044860840e-01,6.274968981742858887e-01,3.891031146049499512e-01,0.000000000000000000e+00,3.817223012447357178e-01,2.007811069488525391e+00,2.024458885192871094e+00,1.673169374465942383e+00,1.663965702056884766e+00,1.345775842666625977e+00,1.385258436203002930e+00,1.121810078620910645e+00,1.255342841148376465e+00,1.154594182968139648e+00,1.416331291198730469e+00,1.188171744346618652e+00,9.810951948165893555e-01,7.202677130699157715e-01,5.244259834289550781e-01,5.408540964126586914e-01,2.050906896591186523e+00,2.098407745361328125e+00,1.758279085159301758e+00,1.767485380172729492e+00,1.480713009834289551e+00,1.532018899917602539e+00,1.302627563476562500e+00,1.435280084609985352e+00,1.353951215744018555e+00,1.629062294960021973e+00,1.491517186164855957e+00,1.308981895446777344e+00,1.108129858970642090e+00,9.851595759391784668e-01,9.929375648498535156e-01,2.209908246994018555e+00,2.258383989334106445e+00,1.944495439529418945e+00,1.972344994544982910e+00,1.716318368911743164e+00,1.787311434745788574e+00,1.592024922370910645e+00,1.725406646728515625e+00,1.662350535392761230e+00,1.927802562713623047e+00,1.841470956802368164e+00,1.698250651359558105e+00,1.538876295089721680e+00,1.452613830566406250e+00,1.455749988555908203e+00,2.451375246047973633e+00,2.493011713027954102e+00,2.201225519180297852e+00,2.246752262115478516e+00,2.013718366622924805e+00,2.118485212326049805e+00,1.945809960365295410e+00,2.092464923858642578e+00,2.035706281661987305e+00,2.303264856338500977e+00,2.253381252288818359e+00,2.134804010391235352e+00,1.998251318931579590e+00,1.936647653579711914e+00,1.932058334350585938e+00
1.859538555145263672e+00,1.699927091598510742e+00,1.349735975265502930e+00,1.321813702583312988e+00,1.012968301773071289e+00,1.154467701911926270e+00,9.480379819869995117e-01,1.212203621864318848e+00,1.130908012390136719e+00,1.412845730781555176e+00,1.193414449691772461e+00,9.547346830368041992e-01,6.127276420593261719e-01,3.817223012447357178e-01,0.000000000000000000e+00,1.629998564720153809e+00,1.659067511558532715e+00,1.314549684524536133e+00,1.341788172721862793e+00,1.061299681663513184e+00,1.183139324188232422e+00,1.009629368782043457e+00,1.249567627906799316e+00,1.260285258293151855e+00,1.588384151458740234e+00,1.432044267654418945e+00,1.251292943954467773e+00,9.168953299522399902e-01,7.272670865058898926e-01,5.193511247634887695e-01,1.707450032234191895e+00,1.767025709152221680e+00,1.442880988121032715e+00,1.484370708465576172e+00,1.244967579841613770e+00,1.363879442214965820e+00,1.220735430717468262e+00,1.441482543945312500e+00,1.458181977272033691e+00,1.788503527641296387e+00,1.708239197731018066e+00,1.526008725166320801e+00,1.252222180366516113e+00,1.120138645172119141e+00,9.965829253196716309e-01,1.918391942977905273e+00,1.977217435836791992e+00,1.689605951309204102e+00,1.740978002548217773e+00,1.535333395004272461e+00,1.655458331108093262e+00,1.536478519439697266e+00,1.737439632415771484e+00,1.756191849708557129e+00,2.068646907806396484e+00,2.028002977371215820e+00,1.872750639915466309e+00,1.650552392005920410e+00,1.555565237998962402e+00,1.469272613525390625e+00,2.216046810150146484e+00,2.266708850860595703e+00,2.005341529846191406e+00,2.065604686737060547e+00,1.880736589431762695e+00,2.017208576202392578e+00,1.910450696945190430e+00,2.105741739273071289e+00,2.117666482925415039e+00,2.423968315124511719e+00,2.412245750427246094e+00,2.275963544845581055e+00,2.085241794586181641e+00,2.020471096038818359e+00,1.949114680290222168e+00
6.422181725502014160e-01,6.710048317909240723e-01,7.506683468818664551e-01,1.060099959373474121e+00,1.273013830184936523e+00,1.631181240081787109e+00,1.846249341964721680e+00,2.231425762176513672e+00,2.401057004928588867e+00,2.785605907440185547e+00,2.708193778991699219e+00,2.536725282669067383e+00,2.159778118133544922e+00,2.007811069488525391e+00,1.629998564720153809e+00,0.000000000000000000e+00,3.876822590827941895e-01,5.832025408744812012e-01,9.346243143081665039e-01,1.197879910469055176e+00,1.562449932098388672e+00,1.805339574813842773e+00,2.186402082443237305e+00,2.443311691284179688e+00,2.830423593521118164e+00,2.828422546386718750e+00,2.687871456146240234e+00,2.302762985229492188e+00,2.155112028121948242e+00,1.792632460594177246e+00,5.683811902999877930e-01,7.327429056167602539e-01,8.385524749755859375e-01,1.109371662139892578e+00,1.340656518936157227e+00,1.673254489898681641e+00,1.908096790313720703e+00,2.280866384506225586e+00,2.535616397857666016e+00,2.925497055053710938e+00,2.972498178482055664e+00,2.793947458267211914e+00,2.423459768295288086e+00,2.295276641845703125e+00,1.955399394035339355e+00,1.091867208480834961e+00,1.203861117362976074e+00,1.255361199378967285e+00,1.437739968299865723e+00,1.610373735427856445e+00,1.891611814498901367e+00,2.101875066757202148e+00,2.451793909072875977e+00,2.696291685104370117e+00,3.077674627304077148e+00,3.147258281707763672e+00,2.964277029037475586e+00,2.619971275329589844e+00,2.511569976806640625e+00,2.210356473922729492e+00,1.614106416702270508e+00,1.703445672988891602e+00,1.711548209190368652e+00,1.839712142944335938e+00,1.958384633064270020e+00,2.193377971649169922e+00,2.372676610946655273e+00,2.691919803619384766e+00,2.917623281478881836e+00,3.293615579605102539e+00,3.382560491561889648e+00,3.196421384811401367e+00,2.871224880218505859e+00,2.796659469604492188e+00,2.527965545654296875e+00
7.638470530509948730e-01,5.930669307708740234e-01,7.318896651268005371e-01,9.234327077865600586e-01,1.175678491592407227e+00,1.486337542533874512e+00,1.735864043235778809e+00,2.100744009017944336e+00,2.310433387756347656e+00,2.693465232849121094e+00,2.657152891159057617e+00,2.495709180831909180e+00,2.122932195663452148e+00,2.024458885192871094e+00,1.659067511558532715e+00,3.876822590827941895e-01,0.000000000000000000e+00,3.812794387340545654e-01,6.582718491554260254e-01,9.891526103019714355e-01,1.330397129058837891e+00,1.619476437568664551e+00,1.991272330284118652e+00,2.282343626022338867e+00,2.663111448287963867e+00,2.698960065841674805e+00,2.578516006469726562e+00,2.198315143585205078e+00,2.099246978759765625e+00,1.741315245628356934e+00,5.837126374244689941e-01,5.053859353065490723e-01,5.890971422195434570e-01,7.891725301742553711e-01,1.074096679687500000e+00,1.392483115196228027e+00,1.674756765365600586e+00,2.045061111450195312e+00,2.334192752838134766e+00,2.720065355300903320e+00,2.800739765167236328e+00,2.645187139511108398e+00,2.275545120239257812e+00,2.192681074142456055e+00,1.849506735801696777e+00,1.031412482261657715e+00,1.011079311370849609e+00,1.032577276229858398e+00,1.140488624572753906e+00,1.334319949150085449e+00,1.592821598052978516e+00,1.841232538223266602e+00,2.188211917877197266e+00,2.465036630630493164e+00,2.844205617904663086e+00,2.946516275405883789e+00,2.784651279449462891e+00,2.439783334732055664e+00,2.373167276382446289e+00,2.070052146911621094e+00,1.527556777000427246e+00,1.527015328407287598e+00,1.509184956550598145e+00,1.570903658866882324e+00,1.692636132240295410e+00,1.895485520362854004e+00,2.101313591003417969e+00,2.411605119705200195e+00,2.666377305984497070e+00,3.039315938949584961e+00,3.159684181213378906e+00,2.992310762405395508e+00,2.666872978210449219e+00,2.632182598114013672e+00,2.369105100631713867e+00
8.805126547813415527e-01,6.190345883369445801e-01,5.542582869529724121e-01,6.627271175384521484e-01,8.370807766914367676e-01,1.147231817245483398e+00,1.367977857589721680e+00,1.734223365783691406e+00,1.933565735816955566e+00,2.314249992370605469e+00,2.277712583541870117e+00,2.122044563293457031e+00,1.749077439308166504e+00,1.673169374465942383e+00,1.314549684524536133e+00,5.832025408744812012e-01,3.812794387340545654e-01,0.000000000000000000e+00,3.700237870216369629e-01,6.297427415847778320e-01,9.901238679885864258e-01,1.253345727920532227e+00,1.630500912666320801e+00,1.910317540168762207e+00,2.293764114379882812e+00,2.324450492858886719e+00,2.212657928466796875e+00,1.834033608436584473e+00,1.752508282661437988e+00,1.401752829551696777e+00,7.601482272148132324e-01,6.707267165184020996e-01,4.954966604709625244e-01,6.163859367370605469e-01,7.893415093421936035e-01,1.099426627159118652e+00,1.343314051628112793e+00,1.711343526840209961e+00,1.984375834465026855e+00,2.372112274169921875e+00,2.449243783950805664e+00,2.304760217666625977e+00,1.942519426345825195e+00,1.877135515213012695e+00,1.552581667900085449e+00,1.153360724449157715e+00,1.112941980361938477e+00,9.949896931648254395e-01,1.049787759780883789e+00,1.137213945388793945e+00,1.367017865180969238e+00,1.563759446144104004e+00,1.896516561508178711e+00,2.150208473205566406e+00,2.527272701263427734e+00,2.626004934310913086e+00,2.478255987167358398e+00,2.148262500762939453e+00,2.099139928817749023e+00,1.825887322425842285e+00,1.615984439849853516e+00,1.596661448478698730e+00,1.485792160034179688e+00,1.515783309936523438e+00,1.551190018653869629e+00,1.728158712387084961e+00,1.877366423606872559e+00,2.167577505111694336e+00,2.392820358276367188e+00,2.760135173797607422e+00,2.875423669815063477e+00,2.724962234497070312e+00,2.420908927917480469e+00,2.401908397674560547e+00,2.175575494766235352e+00
1.084357023239135742e+00,7.296670079231262207e-01,6.502001881599426270e-01,5.289342403411865234e-01,6.950278878211975098e-01,9.083544015884399414e-01,1.166642189025878906e+00,1.498294711112976074e+00,1.743049383163452148e+00,2.119184732437133789e+00,2.137434720993041992e+00,2.018327236175537109e+00,1.658186793327331543e+00,1.663965702056884766e+00,1.341788172721862793e+00,9.346243143081665039e-01,6.582718491554260254e-01,3.700237870216369629e-01,0.000000000000000000e+00,3.794991075992584229e-01,6.788991093635559082e-01,9.993574023246765137e-01,1.356289148330688477e+00,1.671465873718261719e+00,2.046188831329345703e+00,2.126509666442871094e+00,2.060650348663330078e+00,1.701168298721313477e+00,1.695837974548339844e+00,1.377724647521972656e+00,1.074429273605346680e+00,8.758767843246459961e-01,6.168959736824035645e-01,4.858327805995941162e-01,5.843858122825622559e-01,8.123099207878112793e-01,1.089003562927246094e+00,1.435706734657287598e+00,1.738646030426025391e+00,2.117078065872192383e+00,2.239883661270141602e+00,2.143335103988647461e+00,1.800601959228515625e+00,1.806358695030212402e+00,1.512113571166992188e+00,1.385962605476379395e+00,1.250323772430419922e+00,1.060592651367187500e+00,9.790426492691040039e-01,9.982847571372985840e-01,1.140591859817504883e+00,1.338447451591491699e+00,1.638909935951232910e+00,1.912125825881958008e+00,2.277884006500244141e+00,2.418870210647583008e+00,2.316118717193603516e+00,2.007519483566284180e+00,2.022505521774291992e+00,1.781598925590515137e+00,1.792061090469360352e+00,1.696641087532043457e+00,1.530824542045593262e+00,1.468089938163757324e+00,1.448694705963134766e+00,1.550596952438354492e+00,1.685551404953002930e+00,1.935812592506408691e+00,2.171529054641723633e+00,2.524125099182128906e+00,2.676519155502319336e+00,2.567238330841064453e+00,2.286548614501953125e+00,2.324609041213989258e+00,2.136185169219970703e+00
1.342797398567199707e+00,1.008653879165649414e+00,7.965012788772583008e-01,5.804141163825988770e-01,5.090149641036987305e-01,6.496325135231018066e-01,8.293946385383605957e-01,1.154243826866149902e+00,1.379902958869934082e+00,1.748967170715332031e+00,1.764956235885620117e+00,1.650810837745666504e+00,1.298571825027465820e+00,1.345775842666625977e+00,1.061299681663513184e+00,1.197879910469055176e+00,9.891526103019714355e-01,6.297427415847778320e-01,3.794991075992584229e-01,0.000000000000000000e+00,3.727633953094482422e-01,6.328780651092529297e-01,1.004019379615783691e+00,1.301674246788024902e+00,1.681568622589111328e+00,1.751353979110717773e+00,1.695238232612609863e+00,1.342034816741943359e+00,1.369132161140441895e+00,1.081006169319152832e+00,1.311635851860046387e+00,1.151269555091857910e+00,8.085396885871887207e-01,6.369227766990661621e-01,4.747652709484100342e-01,6.123624444007873535e-01,7.878544926643371582e-01,1.124347925186157227e+00,1.397950887680053711e+00,1.779106140136718750e+00,1.892753601074218750e+00,1.809731006622314453e+00,1.482442855834960938e+00,1.515610575675964355e+00,1.263301730155944824e+00,1.574803352355957031e+00,1.452257752418518066e+00,1.179368853569030762e+00,1.068549275398254395e+00,9.473591446876525879e-01,1.026530027389526367e+00,1.122895598411560059e+00,1.390002250671386719e+00,1.620882868766784668e+00,1.980774998664855957e+00,2.111433982849121094e+00,2.025643587112426758e+00,1.742434859275817871e+00,1.779333233833312988e+00,1.587746739387512207e+00,1.935328602790832520e+00,1.841019630432128906e+00,1.606897711753845215e+00,1.528185367584228516e+00,1.414149522781372070e+00,1.481139183044433594e+00,1.530322194099426270e+00,1.745917916297912598e+00,1.932918787002563477e+00,2.273857593536376953e+00,2.413182497024536133e+00,2.323368310928344727e+00,2.074465513229370117e+00,2.127635717391967773e+00,1.989001154899597168e+00
1.646493673324584961e+00,1.292718648910522461e+00,1.088404774665832520e+00,7.802139520645141602e-01,6.359137892723083496e-01,5.323462486267089844e-01,6.777358651161193848e-01,9.063425064086914062e-01,1.177476644515991211e+00,1.522783279418945312e+00,1.606419444084167480e+00,1.543931841850280762e+00,1.234982371330261230e+00,1.385258436203002930e+00,1.183139324188232422e+00,1.562449932098388672e+00,1.330397129058837891e+00,9.901238679885864258e-01,6.788991093635559082e-01,3.727633953094482422e-01,0.000000000000000000e+00,3.756060004234313965e-01,6.876633167266845703e-01,1.027033209800720215e+00,1.389022707939147949e+00,1.519725084304809570e+00,1.529195547103881836e+00,1.223212361335754395e+00,1.353032708168029785e+00,1.144188642501831055e+00,1.663505077362060547e+00,1.465499877929687500e+00,1.114216804504394531e+00,8.517021536827087402e-01,5.906309485435485840e-01,4.718256890773773193e-01,5.762562155723571777e-01,8.357453346252441406e-01,1.128676414489746094e+00,1.489905834197998047e+00,1.657051920890808105e+00,1.642338514328002930e+00,1.361950635910034180e+00,1.486118912696838379e+00,1.303753972053527832e+00,1.881248831748962402e+00,1.713532090187072754e+00,1.406578540802001953e+00,1.211383104324340820e+00,1.007163047790527344e+00,9.472225308418273926e-01,9.762560129165649414e-01,1.158754706382751465e+00,1.383660793304443359e+00,1.716971635818481445e+00,1.892176508903503418e+00,1.868644356727600098e+00,1.631784319877624512e+00,1.744456052780151367e+00,1.614328503608703613e+00,2.192679405212402344e+00,2.052529096603393555e+00,1.779029607772827148e+00,1.631885886192321777e+00,1.452334523200988770e+00,1.427121281623840332e+00,1.420919656753540039e+00,1.562352180480957031e+00,1.732599020004272461e+00,2.042667388916015625e+00,2.216037273406982422e+00,2.181238889694213867e+00,1.977315306663513184e+00,2.091928482055664062e+00,2.011708021163940430e+00
