,A1,A2,A3,A4,A5,A6,A7,A8,A9,A10,A11,A12,A13,A14,A15,B1,B2,B3,B4,B5,B6,B7,B8,B9,B10,B11,B12,B13,B14,B15,C1,C2,C3,C4,C5,C6,C7,C8,C9,C10,C11,C12,C13,C14,C15,D1,D2,D3,D4,D5,D6,D7,D8,D9,D10,D11,D12,D13,D14,D15,E1,E2,E3,E4,E5,E6,E7,E8,E9,E10,E11,E12,E13,E14,E15
A1,0.0,0.4043174088001251,0.6018499135971069,0.9455302953720093,1.220569133758545,1.5455553531646729,1.8105885982513428,2.141054630279541,2.322495460510254,2.660885810852051,2.5429062843322754,2.5153841972351074,2.140812873840332,2.0795493125915527,1.717559576034546,0.595657229423523,0.7706217169761658,0.9326533675193787,1.145155906677246,1.4095450639724731,1.6688438653945923,1.9489989280700684,2.220567226409912,2.499861240386963,2.8270938396453857,2.819262981414795,2.7122116088867188,2.344395875930786,2.2954161167144775,1.968488097190857,1.2362468242645264,1.3749921321868896,1.3877947330474854,1.5317751169204712,1.7095061540603638,1.9127804040908813,2.1702888011932373,2.415231466293335,2.692426919937134,2.947117328643799,3.118481159210205,2.9540553092956543,2.6098806858062744,2.6096723079681396,2.3320600986480713,1.8397159576416016,1.9212315082550049,1.895267128944397,1.9997857809066772,2.122544050216675,2.283053159713745,2.499300241470337,2.7543978691101074,3.0233800411224365,3.282160520553589,3.390882730484009,3.245206832885742,2.9245693683624268,2.97383975982666,2.72745943069458,2.3837544918060303,2.4474036693573,2.4013280868530273,2.478119373321533,2.5527184009552,2.6556901931762695,2.8215107917785645,2.9275295734405518,3.047950506210327,3.0520451068878174,3.3168399333953857,3.303985118865967,3.595015287399292,3.640753746032715,3.96962571144104
A2,0.4043174088001251,0.0,0.3856581747531891,0.6212086081504822,0.9561866521835327,1.2533172369003296,1.5392451286315918,1.870700716972351,2.081801176071167,2.418560266494751,2.3385558128356934,2.3144590854644775,1.9528918266296387,1.9336161613464355,1.5756160020828247,0.6127024292945862,0.5805593729019165,0.6729789972305298,0.7865098714828491,1.0742809772491455,1.3049945831298828,1.614711880683899,1.8809983730316162,2.1792874336242676,2.514765739440918,2.535576820373535,2.445176124572754,2.0842323303222656,2.078888177871704,1.7598823308944702,1.1450881958007812,1.1744228601455688,1.1325303316116333,1.199799656867981,1.3643593788146973,1.5346543788909912,1.8077958822250366,2.039416551589966,2.332754373550415,2.6029696464538574,2.7991726398468018,2.659816026687622,2.3225653171539307,2.3640758991241455,2.099433660507202,1.7018495798110962,1.717023253440857,1.6446093320846558,1.6906079053878784,1.7877227067947388,1.914821982383728,2.1341168880462646,2.373119831085205,2.6574761867523193,2.9281041622161865,3.0559427738189697,2.9361555576324463,2.6256165504455566,2.7127537727355957,2.4853367805480957,2.21769118309021,2.2373569011688232,2.1493070125579834,2.182302236557007,2.2251508235931396,2.297954559326172,2.450864791870117,2.5377743244171143,2.6537487506866455,2.6497440338134766,2.9182615280151367,2.906386613845825,3.2041726112365723,3.258220911026001,3.5936100482940674
A3,0.6018499135971069,0.3856581747531891,0.0,0.3841373920440674,0.6214925646781921,0.961472749710083,1.2117599248886108,1.5509458780288696,1.734729528427124,2.0717990398406982,1.976636528968811,1.9681328535079956,1.6029785871505737,1.605187177658081,1.260784387588501,0.6688929796218872,0.7066249847412109,0.5835787057876587,0.701286256313324,0.8648457527160645,1.1094858646392822,1.363912582397461,1.6296359300613403,1.9010827541351318,2.2310965061187744,2.2363648414611816,2.1592745780944824,1.8052067756652832,1.8131399154663086,1.524357795715332,1.2550362348556519,1.2979519367218018,1.1427124738693237,1.205444097518921,1.2642381191253662,1.4321792125701904,1.6389942169189453,1.8682100772857666,2.1287083625793457,2.3893001079559326,2.571141004562378,2.4349091053009033,2.1136302947998047,2.163414478302002,1.9356907606124878,1.773153305053711,1.816868543624878,1.6710021495819092,1.7229177951812744,1.7449414730072021,1.87398099899292,2.031442403793335,2.262502670288086,2.518411874771118,2.803753137588501,2.892733335494995,2.769540309906006,2.479238510131836,2.5674731731414795,2.3751964569091797,2.265883207321167,2.3185477256774902,2.1785480976104736,2.228764295578003,2.217966079711914,2.3036298751831055,2.4026646614074707,2.4979355335235596,2.5690338611602783,2.5815577507019043,2.813375949859619,2.8081395626068115,3.0747482776641846,3.1287708282470703,3.4413187503814697
A4,0.9455302953720093,0.6212086081504822,0.3841373920440674,0.0,0.3781636357307434,0.6354141235351562,0.9324750304222107,1.2543303966522217,1.4832055568695068,1.8276116847991943,1.7918215990066528,1.814513921737671,1.4780189990997314,1.5591633319854736,1.252825140953064,0.9757589101791382,0.8819248676300049,0.6526060700416565,0.5453934073448181,0.6205673813819885,0.7697089910507202,1.051535725593567,1.2843773365020752,1.580840826034546,1.931864857673645,1.9846330881118774,1.9523954391479492,1.6225165128707886,1.705992579460144,1.4583009481430054,1.422803521156311,1.366099238395691,1.1435803174972534,1.086958408355713,1.0655064582824707,1.1494563817977905,1.3419524431228638,1.5279072523117065,1.803993821144104,2.094221830368042,2.3133068084716797,2.22279691696167,1.9267781972885132,2.040435314178467,1.8529678583145142,1.8605842590332031,1.8394501209259033,1.636693000793457,1.6099692583084106,1.5685174465179443,1.6344366073608398,1.7669304609298706,1.9563827514648438,2.228346109390259,2.5414609909057617,2.6440072059631348,2.561216115951538,2.2987377643585205,2.4382894039154053,2.2867355346679688,2.3017709255218506,2.311025619506836,2.1197025775909424,2.115992784500122,2.0484607219696045,2.087144613265991,2.1451056003570557,2.202528238296509,2.2423787117004395,2.2333433628082275,2.4521114826202393,2.43389892578125,2.695452928543091,2.7449047565460205,3.057722568511963
A5,1.220569133758545,0.9561866521835327,0.6214925646781921,0.3781636357307434,0.0,0.385628879070282,0.591164767742157,0.9349146485328674,1.1256190538406372,1.4690792560577393,1.4211853742599487,1.466676115989685,1.1363708972930908,1.2667535543441772,1.0082467794418335,1.1730929613113403,1.1275697946548462,0.8056304454803467,0.7091315388679504,0.5603550672531128,0.6778802871704102,0.8328012228012085,1.055450439453125,1.305789589881897,1.6454286575317383,1.6797690391540527,1.6690824031829834,1.3585283756256104,1.4707536697387695,1.282076120376587,1.60506272315979,1.5641008615493774,1.2709203958511353,1.2159610986709595,1.0776383876800537,1.1446948051452637,1.2292166948318481,1.4019885063171387,1.6228190660476685,1.89323890209198,2.09153413772583,2.009002685546875,1.7420908212661743,1.8688987493515015,1.7359614372253418,1.985983967781067,1.9904776811599731,1.7328985929489136,1.7142332792282104,1.5975154638290405,1.6620867252349854,1.7144612073898315,1.8874162435531616,2.1152842044830322,2.437201976776123,2.492936372756958,2.4087603092193604,2.1768205165863037,2.316835403442383,2.210644006729126,2.387716770172119,2.426845073699951,2.1933891773223877,2.207533836364746,2.0890910625457764,2.141773223876953,2.139735460281372,2.20764422416687,2.1967673301696777,2.211881160736084,2.3827707767486572,2.3781700134277344,2.59849214553833,2.6526594161987305,2.934506416320801
A6,1.5455553531646729,1.2533172369003296,0.961472749710083,0.6354141235351562,0.385628879070282,0.0,0.38621237874031067,0.6293107867240906,0.9034557938575745,1.2689889669418335,1.3187254667282104,1.44004487991333,1.177452802658081,1.4088695049285889,1.2308870553970337,1.542775273323059,1.453902244567871,1.1319725513458252,0.9307168126106262,0.704031765460968,0.5942570567131042,0.6920539736747742,0.7813674211502075,1.0511178970336914,1.4253572225570679,1.5359654426574707,1.6116029024124146,1.3643501996994019,1.569014310836792,1.4546782970428467,1.9288554191589355,1.8342349529266357,1.523281455039978,1.3832826614379883,1.1761023998260498,1.1198033094406128,1.1391288042068481,1.207114815711975,1.425210952758789,1.7336581945419312,1.9769830703735352,1.9651087522506714,1.7527967691421509,1.9497584104537964,1.8765051364898682,2.262035608291626,2.2202606201171875,1.9331011772155762,1.8472299575805664,1.6713649034500122,1.6553897857666016,1.6585341691970825,1.7545784711837769,1.9895657300949097,2.3459925651550293,2.4072160720825195,2.37772274017334,2.194354772567749,2.3863611221313477,2.3326330184936523,2.6196463108062744,2.6230549812316895,2.3542821407318115,2.317702054977417,2.1443934440612793,2.1404502391815186,2.0808162689208984,2.091113567352295,2.021756410598755,1.996882438659668,2.1282479763031006,2.08978533744812,2.2835683822631836,2.3118438720703125,2.5816457271575928
A7,1.8105885982513428,1.5392451286315918,1.2117599248886108,0.9324750304222107,0.591164767742157,0.38621237874031067,0.0,0.3853626847267151,0.561566948890686,0.9021092057228088,0.9388020634651184,1.0689916610717773,0.8455820083618164,1.136560082435608,1.0480177402496338,1.7121915817260742,1.6407750844955444,1.2751870155334473,1.104820966720581,0.7758226990699768,0.6713497638702393,0.5403347015380859,0.6143097877502441,0.7762683629989624,1.1134110689163208,1.1858491897583008,1.277582049369812,1.0667028427124023,1.304395318031311,1.2702362537384033,2.042895793914795,1.9584871530532837,1.6043031215667725,1.4806636571884155,1.1972371339797974,1.1484638452529907,1.0466837882995605,1.1148312091827393,1.2400107383728027,1.4981502294540405,1.701177954673767,1.6904737949371338,1.5157471895217896,1.7198370695114136,1.7074518203735352,2.3065013885498047,2.287163734436035,1.9615294933319092,1.8926302194595337,1.6604604721069336,1.6585241556167603,1.5816371440887451,1.6720889806747437,1.8402748107910156,2.185741662979126,2.1923868656158447,2.153877019882202,2.003518581390381,2.187656879425049,2.1800150871276855,2.6135077476501465,2.644890069961548,2.344947099685669,2.332327127456665,2.1215736865997314,2.1445071697235107,2.035038709640503,2.0753817558288574,1.9698312282562256,1.995888113975525,2.0807735919952393,2.084617853164673,2.23549485206604,2.2938826084136963,2.52699875831604
A8,2.141054630279541,1.870700716972351,1.5509458780288696,1.2543303966522217,0.9349146485328674,0.6293107867240906,0.3853626847267151,0.0,0.35363104939460754,0.7115311622619629,0.8877403736114502,1.1310886144638062,1.0207229852676392,1.3749842643737793,1.3647273778915405,2.08713436126709,2.0127460956573486,1.6531726121902466,1.4555058479309082,1.1272125244140625,0.9317355155944824,0.7419717311859131,0.5921410322189331,0.6593124866485596,0.9912834167480469,1.144433856010437,1.3475767374038696,1.2396280765533447,1.5345624685287476,1.57283616065979,2.4227452278137207,2.321460008621216,1.9651657342910767,1.8077034950256348,1.5004124641418457,1.3787267208099365,1.2143144607543945,1.1628327369689941,1.2327618598937988,1.496172308921814,1.7199914455413818,1.784398078918457,1.685423493385315,1.9331786632537842,1.9795544147491455,2.6686208248138428,2.6302714347839355,2.2925102710723877,2.1895298957824707,1.923396348953247,1.865785002708435,1.7385958433151245,1.748400330543518,1.8953922986984253,2.259504795074463,2.2514309883117676,2.263347864151001,2.1724436283111572,2.3876216411590576,2.4305522441864014,2.948246479034424,2.963582754135132,2.6441051959991455,2.602691411972046,2.354480743408203,2.3373539447784424,2.1746344566345215,2.1650567054748535,1.9939727783203125,1.9847813844680786,2.003864049911499,1.9719465970993042,2.064361333847046,2.0862669944763184,2.2800092697143555
A9,2.322495460510254,2.081801176071167,1.734729528427124,1.4832055568695068,1.1256190538406372,0.9034557938575745,0.561566948890686,0.35363104939460754,0.0,0.3979223966598511,0.5540473461151123,0.853490948677063,0.8196093440055847,1.2019833326339722,1.2814819812774658,2.2141590118408203,2.172584295272827,1.7968077659606934,1.6474266052246094,1.293274164199829,1.1582167148590088,0.8875059485435486,0.7778809666633606,0.6837877631187439,0.8936111927032471,0.9623416662216187,1.1752159595489502,1.1215543746948242,1.406345248222351,1.5125811100006104,2.5336546897888184,2.460965871810913,2.088019371032715,1.968780279159546,1.6396020650863647,1.558780312538147,1.338853120803833,1.3157720565795898,1.2951635122299194,1.476717233657837,1.629845380783081,1.678404688835144,1.616979718208313,1.83986234664917,1.9318128824234009,2.7453324794769287,2.74112606048584,2.3898205757141113,2.321410894393921,2.036933422088623,2.0128514766693115,1.8417009115219116,1.865077257156372,1.9449889659881592,2.279893398284912,2.2129015922546387,2.2011892795562744,2.135948896408081,2.321035623550415,2.394131660461426,2.9977786540985107,3.048384666442871,2.7198450565338135,2.7135050296783447,2.4559383392333984,2.475299119949341,2.291868209838867,2.3199691772460938,2.1371688842773438,2.175816535949707,2.1640336513519287,2.1709959506988525,2.226579427719116,2.2720494270324707,2.4258718490600586
A10,2.660885810852051,2.418560266494751,2.0717990398406982,1.8276116847991943,1.4690792560577393,1.2689889669418335,0.9021092057228088,0.7115311622619629,0.3979223966598511,0.0,0.380327045917511,0.6954558491706848,0.8441210985183716,1.2233002185821533,1.4039764404296875,2.4935901165008545,2.445160388946533,2.060352087020874,1.9164347648620605,1.5426284074783325,1.409433126449585,1.0724232196807861,0.943020224571228,0.6944995522499084,0.7071593999862671,0.7139695286750793,0.9851564168930054,1.0588366985321045,1.3589013814926147,1.55846107006073,2.7460083961486816,2.6674301624298096,2.2806501388549805,2.163053512573242,1.804381251335144,1.7197577953338623,1.4314415454864502,1.3891322612762451,1.2598755359649658,1.3448528051376343,1.431398868560791,1.5061874389648438,1.526928424835205,1.7540236711502075,1.9188728332519531,2.886085033416748,2.8858420848846436,2.5161020755767822,2.449941396713257,2.131861925125122,2.1063342094421387,1.8737144470214844,1.8731952905654907,1.8738962411880493,2.1754767894744873,2.051353693008423,2.046705722808838,2.0399487018585205,2.2183074951171875,2.348689556121826,3.0769002437591553,3.1380252838134766,2.7897369861602783,2.7917826175689697,2.5058484077453613,2.5363659858703613,2.31036376953125,2.355027198791504,2.142716407775879,2.2239081859588623,2.16317081451416,2.212285041809082,2.219318389892578,2.297377586364746,2.4044182300567627
A11,2.5429062843322754,2.3385558128356934,1.976636528968811,1.7918215990066528,1.4211853742599487,1.3187254667282104,0.9388020634651184,0.8877403736114502,0.5540473461151123,0.380327045917511,0.0,0.38682037591934204,0.5503461360931396,0.9024712443351746,1.1331267356872559,2.3290109634399414,2.322477102279663,1.9398956298828125,1.8632811307907104,1.4996683597564697,1.4614568948745728,1.1363312005996704,1.1322616338729858,0.9296554923057556,0.9294397234916687,0.7783676981925964,0.9046595692634583,0.92485511302948,1.1392930746078491,1.3460077047348022,2.5821917057037354,2.5495705604553223,2.1657168865203857,2.1101765632629395,1.7707040309906006,1.7657722234725952,1.5009703636169434,1.5532485246658325,1.4353373050689697,1.4767094850540161,1.4917608499526978,1.4718477725982666,1.4499070644378662,1.6006743907928467,1.751041054725647,2.7215094566345215,2.769472360610962,2.40970516204834,2.4014854431152344,2.107851982116699,2.1485774517059326,1.9355593919754028,2.005791187286377,1.9907934665679932,2.2569947242736816,2.106328248977661,2.0335452556610107,1.989851951599121,2.106912136077881,2.212622880935669,2.9208459854125977,3.0267083644866943,2.695911169052124,2.750308036804199,2.4957478046417236,2.581993579864502,2.390939950942993,2.4925951957702637,2.3255066871643066,2.4462969303131104,2.4228358268737793,2.5019047260284424,2.538966655731201,2.6391239166259766,2.7626614570617676
A12,2.5153841972351074,2.3144590854644775,1.9681328535079956,1.814513921737671,1.466676115989685,1.44004487991333,1.0689916610717773,1.1310886144638062,0.853490948677063,0.6954558491706848,0.38682037591934204,0.0,0.37828415632247925,0.6296228766441345,0.9272286891937256,2.2163913249969482,2.204328775405884,1.828173041343689,1.7860901355743408,1.4334454536437988,1.4603703022003174,1.1340688467025757,1.228371500968933,1.0377329587936401,0.9821953177452087,0.7038421630859375,0.6538679599761963,0.6522573828697205,0.7947032451629639,1.049460530281067,2.3842613697052,2.361091375350952,1.9783962965011597,1.9579038619995117,1.6251791715621948,1.6767189502716064,1.4119387865066528,1.5399458408355713,1.4043916463851929,1.378188133239746,1.3189175128936768,1.2136307954788208,1.1684967279434204,1.261101245880127,1.4243566989898682,2.461486577987671,2.530475616455078,2.1712636947631836,2.1984307765960693,1.9116421937942505,2.0013914108276367,1.786347508430481,1.910773754119873,1.8594955205917358,2.077277898788452,1.9020618200302124,1.7729110717773438,1.7078218460083008,1.7788842916488647,1.8815500736236572,2.6226108074188232,2.7532706260681152,2.4267563819885254,2.516918182373047,2.2769205570220947,2.4097964763641357,2.2372193336486816,2.3954241275787354,2.269350528717041,2.4448587894439697,2.450410842895508,2.5809528827667236,2.6460282802581787,2.7932939529418945,2.9351003170013428
A13,2.140812873840332,1.9528918266296387,1.6029785871505737,1.4780189990997314,1.1363708972930908,1.177452802658081,0.8455820083618164,1.0207229852676392,0.8196093440055847,0.8441210985183716,0.5503461360931396,0.37828415632247925,0.0,0.38870730996131897,0.5887225866317749,1.8494173288345337,1.8560527563095093,1.4826979637145996,1.4728913307189941,1.1416339874267578,1.2326140403747559,0.9706632494926453,1.1503726243972778,1.0701243877410889,1.143283486366272,0.9325412511825562,0.8384952545166016,0.6439839601516724,0.725897490978241,0.8469163179397583,2.0659682750701904,2.0652401447296143,1.6907442808151245,1.6991599798202515,1.4004913568496704,1.4991859197616577,1.3060426712036133,1.4911212921142578,1.4455918073654175,1.4941068887710571,1.4927347898483276,1.350228190422058,1.1978224515914917,1.263150691986084,1.3260043859481812,2.2075321674346924,2.291271209716797,1.9501140117645264,2.000114917755127,1.7547725439071655,1.8752565383911133,1.7252683639526367,1.8968961238861084,1.9124493598937988,2.151799201965332,2.0300164222717285,1.8814774751663208,1.7429050207138062,1.80583655834198,1.8331432342529297,2.4341013431549072,2.5701606273651123,2.2678043842315674,2.369612216949463,2.168840169906616,2.31265926361084,2.193030595779419,2.3571250438690186,2.2734744548797607,2.4288578033447266,2.486691474914551,2.596879482269287,2.709622621536255,2.8431754112243652,3.026435613632202
A14,2.0795493125915527,1.9336161613464355,1.605187177658081,1.5591633319854736,1.2667535543441772,1.4088695049285889,1.136560082435608,1.3749842643737793,1.2019833326339722,1.2233002185821533,0.9024712443351746,0.6296228766441345,0.38870730996131897,0.0,0.372234970331192,1.7094470262527466,1.7516180276870728,1.409989833831787,1.4868608713150024,1.2162197828292847,1.4053623676300049,1.2014650106430054,1.4535220861434937,1.4034216403961182,1.4552088975906372,1.1956316232681274,0.9818545579910278,0.7331646680831909,0.5950193405151367,0.6562354564666748,1.8720864057540894,1.922625184059143,1.5720570087432861,1.6613237857818604,1.4167006015777588,1.6023610830307007,1.4582117795944214,1.7138242721557617,1.6807752847671509,1.6897143125534058,1.6334267854690552,1.4055304527282715,1.2001405954360962,1.1447882652282715,1.1535972356796265,1.9857903718948364,2.125155210494995,1.810537338256836,1.9320522546768188,1.7344753742218018,1.9261305332183838,1.8114559650421143,2.0451667308807373,2.046480894088745,2.2350172996520996,2.1040141582489014,1.8919986486434937,1.7076085805892944,1.6913822889328003,1.6699687242507935,2.2089333534240723,2.394496440887451,2.124110221862793,2.285722494125366,2.1336467266082764,2.3353464603424072,2.2629265785217285,2.4800944328308105,2.4483909606933594,2.6377034187316895,2.728961706161499,2.8672311305999756,3.005466938018799,3.1619365215301514,3.3598556518554688
A15,1.717559576034546,1.5756160020828247,1.260784387588501,1.252825140953064,1.0082467794418335,1.2308870553970337,1.0480177402496338,1.3647273778915405,1.2814819812774658,1.4039764404296875,1.1331267356872559,0.9272286891937256,0.5887225866317749,0.372234970331192,0.0,1.338318109512329,1.3875328302383423,1.0539934635162354,1.174306035041809,0.9587498903274536,1.220351219177246,1.1135669946670532,1.4235618114471436,1.4654481410980225,1.5998609066009521,1.401174783706665,1.1953887939453125,0.8620849847793579,0.7219288945198059,0.5705462098121643,1.5387157201766968,1.6053853034973145,1.2686872482299805,1.3898987770080566,1.2009871006011963,1.432837724685669,1.3753904104232788,1.6690428256988525,1.715010404586792,1.7857028245925903,1.7870910167694092,1.5562214851379395,1.2796485424041748,1.2252799272537231,1.1232131719589233,1.725006341934204,1.8687106370925903,1.5787181854248047,1.7169623374938965,1.5720220804214478,1.7858550548553467,1.742376446723938,2.0085864067077637,2.0723299980163574,2.2783870697021484,2.2051925659179688,1.9949125051498413,1.7547383308410645,1.74854576587677,1.654220461845398,2.020432710647583,2.1973230838775635,1.9550637006759644,2.116834878921509,2.007103443145752,2.2091214656829834,2.190045118331909,2.404071092605591,2.4131104946136475,2.579885721206665,2.7173547744750977,2.837517261505127,3.0173442363739014,3.1636881828308105,3.397146701812744
B1,0.595657229423523,0.6127024292945862,0.6688929796218872,0.9757589101791382,1.1730929613113403,1.542775273323059,1.7121915817260742,2.08713436126709,2.2141590118408203,2.4935901165008545,2.3290109634399414,2.2163913249969482,1.8494173288345337,1.7094470262527466,1.338318109512329,0.0,0.38511893153190613,0.5635915994644165,0.9119211435317993,1.169095516204834,1.5125315189361572,1.7451558113098145,2.0811169147491455,2.3222649097442627,2.5959155559539795,2.5274035930633545,2.350835084915161,1.9699413776397705,1.8526997566223145,1.4975228309631348,0.7157697081565857,0.9269454479217529,0.9204654693603516,1.1726670265197754,1.3647524118423462,1.6547201871871948,1.8951250314712524,2.206693649291992,2.4449024200439453,2.6392648220062256,2.7557666301727295,2.5402486324310303,2.177342653274536,2.1196236610412598,1.8146010637283325,1.3021790981292725,1.4444924592971802,1.4086649417877197,1.5904366970062256,1.7267584800720215,1.9605987071990967,2.166196584701538,2.474553346633911,2.696523666381836,2.9068517684936523,2.990377902984619,2.8009114265441895,2.4606266021728516,2.462768077850342,2.193667411804199,1.8423833847045898,1.9559423923492432,1.909883737564087,2.0490105152130127,2.1420953273773193,2.312844753265381,2.4904944896698,2.666163444519043,2.8137731552124023,2.890838384628296,3.1600594520568848,3.2145609855651855,3.5068275928497314,3.6117308139801025,3.935638427734375
B2,0.7706217169761658,0.5805593729019165,0.7066249847412109,0.8819248676300049,1.1275697946548462,1.453902244567871,1.6407750844955444,2.0127460956573486,2.172584295272827,2.445160388946533,2.322477102279663,2.204328775405884,1.8560527563095093,1.7516180276870728,1.3875328302383423,0.38511893153190613,0.0,0.3866710364818573,0.6496105790138245,0.9782290458679199,1.2984840869903564,1.5703881978988647,1.9069808721542358,2.1707332134246826,2.4479637145996094,2.4096474647521973,2.239177942276001,1.8628745079040527,1.7826852798461914,1.4232134819030762,0.5797137022018433,0.6293120384216309,0.6285375356674194,0.8315212726593018,1.079817533493042,1.3581207990646362,1.6421390771865845,1.951733112335205,2.2137069702148438,2.419886350631714,2.5622448921203613,2.36611008644104,2.000673770904541,1.9790178537368774,1.6668620109558105,1.1231582164764404,1.1723687648773193,1.1248984336853027,1.2544387578964233,1.4120886325836182,1.6271820068359375,1.8670625686645508,2.1727254390716553,2.4169397354125977,2.625793695449829,2.745426654815674,2.5793044567108154,2.2361655235290527,2.27390456199646,2.0038459300994873,1.645430088043213,1.6943280696868896,1.63100266456604,1.723068118095398,1.8169306516647339,1.9629853963851929,2.1590664386749268,2.3239352703094482,2.4937429428100586,2.5667519569396973,2.855944871902466,2.9175596237182617,3.2283427715301514,3.3472647666931152,3.6845359802246094
B3,0.9326533675193787,0.6729789972305298,0.5835787057876587,0.6526060700416565,0.8056304454803467,1.1319725513458252,1.2751870155334473,1.6531726121902466,1.7968077659606934,2.060352087020874,1.9398956298828125,1.828173041343689,1.4826979637145996,1.409989833831787,1.0539934635162354,0.5635915994644165,0.3866710364818573,0.0,0.38099274039268494,0.6226615309715271,0.9743691086769104,1.2096138000488281,1.5556480884552002,1.802785038948059,2.07623291015625,2.0340054035186768,1.8771588802337646,1.5020567178726196,1.4523133039474487,1.1128618717193604,0.8015479445457458,0.7910572290420532,0.56982421875,0.7069964408874512,0.8211184740066528,1.0994906425476074,1.3325458765029907,1.644917368888855,1.8857394456863403,2.0906577110290527,2.2322866916656494,2.0475993156433105,1.6931565999984741,1.7016022205352783,1.427783727645874,1.2275043725967407,1.2675178050994873,1.0972034931182861,1.1920382976531982,1.2434862852096558,1.445839285850525,1.625888705253601,1.9212530851364136,2.148094654083252,2.380502939224243,2.472731351852417,2.314504623413086,1.9920634031295776,2.0527570247650146,1.8274922370910645,1.6938923597335815,1.7530626058578491,1.6053376197814941,1.688126564025879,1.7016922235488892,1.843612790107727,1.9768637418746948,2.1405279636383057,2.2648673057556152,2.349701404571533,2.607811450958252,2.6758177280426025,2.962327718734741,3.084663152694702,3.4048280715942383
B4,1.145155906677246,0.7865098714828491,0.701286256313324,0.5453934073448181,0.7091315388679504,0.9307168126106262,1.104820966720581,1.4555058479309082,1.6474266052246094,1.9164347648620605,1.8632811307907104,1.7860901355743408,1.4728913307189941,1.4868608713150024,1.174306035041809,0.9119211435317993,0.6496105790138245,0.38099274039268494,0.0,0.3806379735469818,0.652931272983551,0.952368438243866,1.2728443145751953,1.555485486984253,1.852825403213501,1.8696898221969604,1.76142156124115,1.4116276502609253,1.4533357620239258,1.161183476448059,1.061231017112732,0.9101496934890747,0.639860987663269,0.543891966342926,0.5859249234199524,0.7743080854415894,1.0428340435028076,1.320663332939148,1.598128080368042,1.8443272113800049,2.0383987426757812,1.9078413248062134,1.576128363609314,1.6666048765182495,1.4344974756240845,1.388703465461731,1.325356125831604,1.1004092693328857,1.0677173137664795,1.0556554794311523,1.1755142211914062,1.35824453830719,1.6150282621383667,1.8789465427398682,2.1452770233154297,2.2704262733459473,2.1631062030792236,1.8657336235046387,1.9950248003005981,1.8110878467559814,1.7894287109375,1.7767622470855713,1.576568365097046,1.575076699256897,1.5290313959121704,1.6040747165679932,1.708245038986206,1.825440526008606,1.9328057765960693,1.9896860122680664,2.2508554458618164,2.3047382831573486,2.598825216293335,2.7178022861480713,3.046177625656128
B5,1.4095450639724731,1.0742809772491455,0.8648457527160645,0.6205673813819885,0.5603550672531128,0.704031765460968,0.7758226990699768,1.1272125244140625,1.293274164199829,1.5426284074783325,1.4996683597564697,1.4334454536437988,1.1416339874267578,1.2162197828292847,0.9587498903274536,1.169095516204834,0.9782290458679199,0.6226615309715271,0.3806379735469818,0.0,0.3799157738685608,0.5925219058990479,0.9372155666351318,1.1935032606124878,1.4855549335479736,1.4994887113571167,1.4157670736312866,1.079284906387329,1.1819320917129517,0.9558249711990356,1.3333171606063843,1.195422649383545,0.8472954034805298,0.7168785333633423,0.5181474685668945,0.6416979432106018,0.7830252051353455,1.0573580265045166,1.2954342365264893,1.5377956628799438,1.7298130989074707,1.6194636821746826,1.3151228427886963,1.4505462646484375,1.2884985208511353,1.5810441970825195,1.530870795249939,1.2313294410705566,1.177375316619873,1.0374881029129028,1.1250678300857544,1.201619029045105,1.431679129600525,1.6607725620269775,1.9521008729934692,2.036849021911621,1.941406488418579,1.6807422637939453,1.8344646692276,1.7137120962142944,1.9172343015670776,1.9234780073165894,1.6612586975097656,1.6588140726089478,1.5295413732528687,1.5997599363327026,1.6177598237991333,1.7324423789978027,1.7748711109161377,1.851138710975647,2.0635812282562256,2.129369020462036,2.386420726776123,2.512098550796509,2.814856767654419
B6,1.6688438653945923,1.3049945831298828,1.1094858646392822,0.7697089910507202,0.6778802871704102,0.5942570567131042,0.6713497638702393,0.9317355155944824,1.1582167148590088,1.409433126449585,1.4614568948745728,1.4603703022003174,1.2326140403747559,1.4053623676300049,1.220351219177246,1.5125315189361572,1.2984840869903564,0.9743691086769104,0.652931272983551,0.3799157738685608,0.0,0.3796093165874481,0.6301010251045227,0.9422954320907593,1.2751483917236328,1.3798822164535522,1.3860359191894531,1.1199601888656616,1.3306525945663452,1.192093849182129,1.6713110208511353,1.4818990230560303,1.1477690935134888,0.9118609428405762,0.6452645063400269,0.5257838368415833,0.6044290661811829,0.7610450983047485,1.0410537719726562,1.3485386371612549,1.6092389822006226,1.584112286567688,1.3413540124893188,1.5659103393554688,1.4733667373657227,1.8800368309020996,1.7723063230514526,1.4565638303756714,1.3092610836029053,1.100812554359436,1.0611571073532104,1.08672034740448,1.2222518920898438,1.4841909408569336,1.824510097503662,1.9321002960205078,1.9062578678131104,1.6998974084854126,1.9218114614486694,1.8602092266082764,2.166252613067627,2.122875213623047,1.82863450050354,1.7539277076721191,1.5600712299346924,1.5466954708099365,1.4986484050750732,1.536984920501709,1.5205661058425903,1.5501960515975952,1.739808440208435,1.7762311697006226,2.0257389545440674,2.137136697769165,2.441408395767212
B7,1.9489989280700684,1.614711880683899,1.363912582397461,1.051535725593567,0.8328012228012085,0.6920539736747742,0.5403347015380859,0.7419717311859131,0.8875059485435486,1.0724232196807861,1.1363312005996704,1.1340688467025757,0.9706632494926453,1.2014650106430054,1.1135669946670532,1.7451558113098145,1.5703881978988647,1.2096138000488281,0.952368438243866,0.5925219058990479,0.3796093165874481,0.0,0.38058534264564514,0.6049413084983826,0.913436233997345,1.0032260417938232,1.040421724319458,0.8213497400283813,1.1032744646072388,1.0686684846878052,1.8854079246520996,1.7180423736572266,1.3472727537155151,1.1438285112380981,0.7932872772216797,0.6718107461929321,0.5068148970603943,0.6314847469329834,0.7937629222869873,1.0672062635421753,1.3059067726135254,1.3011959791183472,1.1094640493392944,1.3700910806655884,1.3624191284179688,2.0302846431732178,1.949047327041626,1.5943949222564697,1.4653947353363037,1.182571530342102,1.1441553831100464,1.0420933961868286,1.1457570791244507,1.3263943195343018,1.6705573797225952,1.715712070465088,1.6935135126113892,1.5356580018997192,1.7649260759353638,1.7689950466156006,2.2597923278808594,2.2456109523773193,1.915137529373169,1.8623913526535034,1.6156604290008545,1.62253999710083,1.4963161945343018,1.5544395446777344,1.4727504253387451,1.5500569343566895,1.6704329252243042,1.7419626712799072,1.9350416660308838,2.0680789947509766,2.330662965774536
B8,2.220567226409912,1.8809983730316162,1.6296359300613403,1.2843773365020752,1.055450439453125,0.7813674211502075,0.6143097877502441,0.5921410322189331,0.7778809666633606,0.943020224571228,1.1322616338729858,1.228371500968933,1.1503726243972778,1.4535220861434937,1.4235618114471436,2.0811169147491455,1.9069808721542358,1.5556480884552002,1.2728443145751953,0.9372155666351318,0.6301010251045227,0.38058534264564514,0.0,0.35580024123191833,0.7361459136009216,0.9599169492721558,1.133057951927185,1.0320813655853271,1.3735548257827759,1.4071235656738281,2.2514986991882324,2.0684683322906494,1.708200454711914,1.4707108736038208,1.1249104738235474,0.9075462222099304,0.686803936958313,0.5709789991378784,0.6878237724304199,1.0145894289016724,1.3099539279937744,1.4090962409973145,1.310867428779602,1.6221401691436768,1.6740429401397705,2.3951478004455566,2.2897093296051025,1.9343163967132568,1.7632280588150024,1.4571409225463867,1.3367427587509155,1.182137131690979,1.1594685316085815,1.3330575227737427,1.7121230363845825,1.7561559677124023,1.8061041831970215,1.7199198007583618,1.9902490377426147,2.0473949909210205,2.603080987930298,2.56410551071167,2.2205588817596436,2.126434326171875,1.8425155878067017,1.786790370941162,1.5978639125823975,1.5757030248641968,1.4074232578277588,1.4267970323562622,1.476547360420227,1.502936601638794,1.64860200881958,1.751009464263916,1.992043375968933
B9,2.499861240386963,2.1792874336242676,1.9010827541351318,1.580840826034546,1.305789589881897,1.0511178970336914,0.7762683629989624,0.6593124866485596,0.6837877631187439,0.6944995522499084,0.9296554923057556,1.0377329587936401,1.0701243877410889,1.4034216403961182,1.4654481410980225,2.3222649097442627,2.1707332134246826,1.802785038948059,1.555485486984253,1.1935032606124878,0.9422954320907593,0.6049413084983826,0.35580024123191833,0.0,0.39581790566444397,0.6572182774543762,0.9164651036262512,0.9298487305641174,1.305600881576538,1.4332499504089355,2.471616506576538,2.3041114807128906,1.9268510341644287,1.7145037651062012,1.3413680791854858,1.1511303186416626,0.8422501683235168,0.7081269025802612,0.6245708465576172,0.8521811962127686,1.1020586490631104,1.2422754764556885,1.2285263538360596,1.552457332611084,1.6804542541503906,2.567739963531494,2.4824302196502686,2.108485698699951,1.9560898542404175,1.616966724395752,1.5091193914413452,1.276461124420166,1.2241965532302856,1.2959537506103516,1.6527570486068726,1.6279956102371216,1.6875864267349243,1.6627476215362549,1.9281597137451172,2.044328212738037,2.7299067974090576,2.7134339809417725,2.35101580619812,2.2766311168670654,1.9647186994552612,1.9288992881774902,1.6894572973251343,1.6872912645339966,1.4727635383605957,1.5382534265518188,1.5144721269607544,1.578559398651123,1.6529170274734497,1.7767401933670044,1.9596034288406372
B10,2.8270938396453857,2.514765739440918,2.2310965061187744,1.931864857673645,1.6454286575317383,1.4253572225570679,1.1134110689163208,0.9912834167480469,0.8936111927032471,0.7071593999862671,0.9294397234916687,0.9821953177452087,1.143283486366272,1.4552088975906372,1.5998609066009521,2.5959155559539795,2.4479637145996094,2.07623291015625,1.852825403213501,1.4855549335479736,1.2751483917236328,0.913436233997345,0.7361459136009216,0.39581790566444397,0.0,0.38026946783065796,0.727890133857727,0.9027932286262512,1.2803689241409302,1.498454213142395,2.684904098510742,2.5193278789520264,2.1353189945220947,1.9389187097549438,1.551609754562378,1.3819745779037476,1.0197665691375732,0.891743540763855,0.6344220042228699,0.66884845495224,0.831233561038971,1.028978705406189,1.1300991773605347,1.4605077505111694,1.6699820756912231,2.7078120708465576,2.631115674972534,2.2446539402008057,2.103146553039551,1.7373470067977905,1.6383373737335205,1.3369336128234863,1.2593907117843628,1.2096424102783203,1.5155971050262451,1.4149572849273682,1.4894274473190308,1.5420022010803223,1.8022069931030273,1.9857641458511353,2.8022866249084473,2.7988967895507812,2.420166492462158,2.35921311378479,2.0213944911956787,2.0040571689605713,1.7185389995574951,1.7441341876983643,1.5012691020965576,1.6295933723449707,1.5461769104003906,1.671684980392456,1.6869920492172241,1.8556896448135376,1.9825944900512695
B11,2.819262981414795,2.535576820373535,2.2363648414611816,1.9846330881118774,1.6797690391540527,1.5359654426574707,1.1858491897583008,1.144433856010437,0.9623416662216187,0.7139695286750793,0.7783676981925964,0.7038421630859375,0.9325412511825562,1.1956316232681274,1.401174783706665,2.5274035930633545,2.4096474647521973,2.0340054035186768,1.8696898221969604,1.4994887113571167,1.3798822164535522,1.0032260417938232,0.9599169492721558,0.6572182774543762,0.38026946783065796,0.0,0.3914142847061157,0.6564989686012268,0.9972332715988159,1.2776764631271362,2.58793044090271,2.458897590637207,2.069383144378662,1.931225299835205,1.5477283000946045,1.4637624025344849,1.10406494140625,1.1011234521865845,0.8414303064346313,0.745461106300354,0.7304418683052063,0.8150232434272766,0.9274150133132935,1.2010221481323242,1.447435736656189,2.5777313709259033,2.5460102558135986,2.1580874919891357,2.074726104736328,1.7173138856887817,1.6941272020339966,1.3902373313903809,1.3989812135696411,1.2911598682403564,1.5297106504440308,1.3590672016143799,1.3473905324935913,1.3891311883926392,1.5865346193313599,1.781171202659607,2.651496648788452,2.6949682235717773,2.321467161178589,2.318263292312622,1.9996984004974365,2.0520217418670654,1.790827751159668,1.894882082939148,1.702062726020813,1.890366554260254,1.837263584136963,2.0029101371765137,2.033311128616333,2.2236521244049072,2.346904754638672
B12,2.7122116088867188,2.445176124572754,2.1592745780944824,1.9523954391479492,1.6690824031829834,1.6116029024124146,1.277582049369812,1.3475767374038696,1.1752159595489502,0.9851564168930054,0.9046595692634583,0.6538679599761963,0.8384952545166016,0.9818545579910278,1.1953887939453125,2.350835084915161,2.239177942276001,1.8771588802337646,1.76142156124115,1.4157670736312866,1.3860359191894531,1.040421724319458,1.133057951927185,0.9164651036262512,0.727890133857727,0.3914142847061157,0.0,0.3819131851196289,0.6517131924629211,0.9712856411933899,2.3423454761505127,2.2327492237091064,1.8500045537948608,1.7609407901763916,1.397836685180664,1.3981214761734009,1.0695611238479614,1.1909276247024536,0.9689454436302185,0.8150273561477661,0.6835364103317261,0.5702396035194397,0.6187795996665955,0.8294462561607361,1.093541145324707,2.2819557189941406,2.279562473297119,1.896795392036438,1.8631393909454346,1.5246598720550537,1.5764893293380737,1.2924655675888062,1.3983365297317505,1.2678784132003784,1.4422346353530884,1.248771071434021,1.134159803390503,1.1186933517456055,1.2549470663070679,1.4360849857330322,2.3284451961517334,2.404634714126587,2.0404975414276123,2.086885929107666,1.796505331993103,1.9157394170761108,1.6976723670959473,1.879654884338379,1.7584460973739624,1.9998624324798584,2.0033133029937744,2.2083678245544434,2.285024642944336,2.505192279815674,2.6568686962127686
B13,2.344395875930786,2.0842323303222656,1.8052067756652832,1.6225165128707886,1.3585283756256104,1.3643501996994019,1.0667028427124023,1.2396280765533447,1.1215543746948242,1.0588366985321045,0.92485511302948,0.6522573828697205,0.6439839601516724,0.7331646680831909,0.8620849847793579,1.9699413776397705,1.8628745079040527,1.5020567178726196,1.4116276502609253,1.079284906387329,1.1199601888656616,0.8213497400283813,1.0320813655853271,0.9298487305641174,0.9027932286262512,0.6564989686012268,0.3819131851196289,0.0,0.3843420743942261,0.6221336722373962,1.9739118814468384,1.8795506954193115,1.493691325187683,1.4333575963974,1.0864399671554565,1.154394507408142,0.8914143443107605,1.1152011156082153,1.009141445159912,0.9673188328742981,0.9275482892990112,0.7382940053939819,0.5608108639717102,0.7188989520072937,0.8627581596374512,1.9564653635025024,1.9707539081573486,1.593406319618225,1.5901602506637573,1.2845332622528076,1.3904649019241333,1.1796596050262451,1.3680905103683472,1.325681447982788,1.5249311923980713,1.4029496908187866,1.246187686920166,1.1099284887313843,1.2213479280471802,1.301147222518921,2.0640146732330322,2.1526074409484863,1.805859923362732,1.875511884689331,1.6269832849502563,1.7749989032745361,1.6240875720977783,1.828428030014038,1.7660075426101685,1.9913629293441772,2.061432361602783,2.2464797496795654,2.37968373298645,2.5857560634613037,2.7833216190338135
