,A1,A2,A3,A4,A5,A6,A7,A8,A9,A10,A11,A12,A13,A14,A15,B1,B2,B3,B4,B5,B6,B7,B8,B9,B10,B11,B12,B13,B14,B15,C1,C2,C3,C4,C5,C6,C7,C8,C9,C10,C11,C12,C13,C14,C15,D1,D2,D3,D4,D5,D6,D7,D8,D9,D10,D11,D12,D13,D14,D15,E1,E2,E3,E4,E5,E6,E7,E8,E9,E10,E11,E12,E13,E14,E15
A1,0.0,0.4032575488090515,0.6425926089286804,0.9700900316238403,1.2436727285385132,1.524775505065918,1.801946759223938,2.0826292037963867,2.360337018966675,2.642667531967163,2.876091480255127,3.199754238128662,3.3798415660858154,3.7224996089935303,3.7974295616149902,4.013908863067627,3.737225294113159,3.4470558166503906,3.2320191860198975,2.9865989685058594,2.6436030864715576,2.5771420001983643,2.2317142486572266,2.4155795574188232,2.1339356899261475,2.432229518890381,2.4173285961151123,2.784348964691162,2.876971960067749,3.2281384468078613,4.336705207824707,4.472795009613037,4.20710563659668,4.271412372589111,3.9040334224700928,3.9972615242004395,3.618807315826416,3.5302205085754395,3.1694564819335938,3.035047769546509,2.7502384185791016,2.7183003425598145,2.8835842609405518,2.876270294189453,3.2109899520874023,4.374716281890869,4.626551628112793,4.396936893463135,4.637015342712402,4.321410179138184,4.523172855377197,4.22417688369751,4.266844272613525,3.913288116455078,3.9584360122680664,3.587127208709717,3.512590169906616,3.3946354389190674,3.3950767517089844,3.5776476860046387,4.603272914886475,4.9453606605529785,4.863945007324219,5.1319708824157715,4.923867702484131,5.2389326095581055,5.042067527770996,5.270510673522949,5.038450241088867,5.329878807067871,5.123778343200684,5.321239948272705,5.089727401733398,5.376710414886475,5.271761894226074
A2,0.4032575488090515,0.0,0.3877182900905609,0.6034213304519653,0.9376541376113892,1.183846116065979,1.4902938604354858,1.737247347831726,2.03861403465271,2.3066964149475098,2.558748722076416,2.876716136932373,3.0762240886688232,3.404052495956421,3.492807626724243,3.7397994995117188,3.448500156402588,3.1755659580230713,2.9875354766845703,2.748452663421631,2.3927483558654785,2.376131296157837,2.0477969646453857,2.2806947231292725,2.0466468334198,2.3777260780334473,2.417179584503174,2.7744626998901367,2.916682481765747,3.2498624324798584,4.330556392669678,4.4461517333984375,4.157464027404785,4.2001953125,3.823702096939087,3.8835160732269287,3.5030651092529297,3.3864781856536865,3.037867546081543,2.9068119525909424,2.655897617340088,2.6667122840881348,2.8636062145233154,2.903742790222168,3.242579221725464,4.411120891571045,4.644899368286133,4.388734340667725,4.607140064239502,4.27345085144043,4.447714805603027,4.144780158996582,4.154886722564697,3.8001515865325928,3.841463327407837,3.47359299659729,3.4306795597076416,3.3472392559051514,3.3809216022491455,3.5875728130340576,4.654421329498291,4.982423782348633,4.871082782745361,5.119656562805176,4.88569450378418,5.181574821472168,4.962296485900879,5.167788982391357,4.913234710693359,5.184841156005859,4.9575605392456055,5.135223388671875,4.884405136108398,5.152644157409668,5.0273756980896
A3,0.6425926089286804,0.3877182900905609,0.0,0.39537209272384644,0.6087058782577515,0.8924643993377686,1.1603020429611206,1.446810245513916,1.7186832427978516,2.003018856048584,2.234015464782715,2.5576364994049072,2.7396299839019775,3.0807814598083496,3.163494110107422,3.4570674896240234,3.1824042797088623,2.9154603481292725,2.705463171005249,2.4945483207702637,2.138636827468872,2.1280946731567383,1.806459665298462,2.0597891807556152,1.84654700756073,2.1921823024749756,2.224548578262329,2.5780656337738037,2.7273900508880615,3.050739288330078,4.105158805847168,4.19575834274292,3.904636859893799,3.920907735824585,3.5426721572875977,3.584702730178833,3.2021541595458984,3.0651156902313232,2.7188992500305176,2.563493490219116,2.327749490737915,2.3322415351867676,2.555959463119507,2.60324764251709,2.9523165225982666,4.138128757476807,4.353686809539795,4.087015151977539,4.288333892822266,3.9465956687927246,4.107733726501465,3.7949981689453125,3.7948241233825684,3.436368942260742,3.465785026550293,3.0972206592559814,3.0539517402648926,2.9838032722473145,3.0228686332702637,3.243352174758911,4.345167636871338,4.662909507751465,4.536941051483154,4.781286239624023,4.54105806350708,4.831771373748779,4.603301525115967,4.807285785675049,4.550495624542236,4.82145357131958,4.591506004333496,4.775335788726807,4.525227069854736,4.798123836517334,4.673985004425049
A4,0.9700900316238403,0.6034213304519653,0.39537209272384644,0.0,0.39883530139923096,0.5979729294776917,0.9108187556266785,1.1388963460922241,1.445426106452942,1.7119088172912598,1.9659922122955322,2.2840371131896973,2.4895920753479004,2.8084914684295654,2.9050002098083496,3.2173731327056885,2.923884630203247,2.6779794692993164,2.506744861602783,2.301624059677124,1.9359627962112427,1.9887109994888306,1.6992106437683105,2.000422239303589,1.8502603769302368,2.215367078781128,2.30832839012146,2.640011787414551,2.837425470352173,3.1359317302703857,4.149299621582031,4.222360610961914,3.9097914695739746,3.9081928730010986,3.5249881744384766,3.5327420234680176,3.1538515090942383,2.991448402404785,2.665375232696533,2.524662733078003,2.3321354389190674,2.390730381011963,2.6358916759490967,2.7348153591156006,3.075735330581665,4.241331577301025,4.439810752868652,4.149569034576416,4.32949686050415,3.9736618995666504,4.105807304382324,3.7957019805908203,3.7614943981170654,3.4076731204986572,3.4379985332489014,3.079585313796997,3.0770671367645264,3.0430045127868652,3.1209118366241455,3.357936143875122,4.475354194641113,4.777510166168213,4.624020099639893,4.845057487487793,4.579600811004639,4.847682952880859,4.599077224731445,4.77569055557251,4.495996475219727,4.742888450622559,4.491629123687744,4.649811267852783,4.379341125488281,4.628759860992432,4.482985019683838
A5,1.2436727285385132,0.9376541376113892,0.6087058782577515,0.39883530139923096,0.0,0.3867764174938202,0.5670651793479919,0.877895176410675,1.1217750310897827,1.4288969039916992,1.6391781568527222,1.9758784770965576,2.1487624645233154,2.483597993850708,2.5604655742645264,2.8950371742248535,2.621459484100342,2.3790433406829834,2.182206869125366,2.0084986686706543,1.6474690437316895,1.7074052095413208,1.436183214187622,1.7567131519317627,1.6439605951309204,2.0136873722076416,2.1060194969177246,2.4212985038757324,2.6293816566467285,2.9086673259735107,3.8800714015960693,3.9275166988372803,3.6123554706573486,3.5846540927886963,3.2016701698303223,3.189871311187744,2.8114888668060303,2.629209280014038,2.3091976642608643,2.1506853103637695,1.9809445142745972,2.0475974082946777,2.3163723945617676,2.4350624084472656,2.776092290878296,3.9392387866973877,4.118377685546875,3.8167476654052734,3.9787731170654297,3.6159486770629883,3.7335119247436523,3.418415069580078,3.373077392578125,3.018716812133789,3.045222520828247,2.689458131790161,2.6992359161376953,2.6786506175994873,2.775615930557251,3.020099639892578,4.152597427368164,4.442312717437744,4.272990703582764,4.484638214111328,4.210529327392578,4.470595359802246,4.214186191558838,4.38593864440918,4.103092670440674,4.348124980926514,4.095433712005615,4.257138252258301,3.9885714054107666,4.243375301361084,4.102852821350098
A6,1.524775505065918,1.183846116065979,0.8924643993377686,0.5979729294776917,0.3867764174938202,0.0,0.38626694679260254,0.5616222620010376,0.881216287612915,1.123590350151062,1.3936394453048706,1.6956430673599243,1.9174119234085083,2.236273765563965,2.361513137817383,2.8407411575317383,2.5623674392700195,2.3656928539276123,2.20455265045166,2.074465751647949,1.7178208827972412,1.853696346282959,1.6362577676773071,1.9883655309677124,1.9328330755233765,2.303114175796509,2.4178225994110107,2.7125344276428223,2.938575029373169,3.1974406242370605,4.118707656860352,4.139040470123291,3.8142571449279785,3.754340171813965,3.3732523918151855,3.320143222808838,2.9504191875457764,2.728045701980591,2.437411069869995,2.260805130004883,2.151160717010498,2.2325429916381836,2.534543752670288,2.6700146198272705,3.01149582862854,4.165052890777588,4.3179121017456055,4.000338077545166,4.130447864532471,3.7557272911071777,3.8370022773742676,3.511842966079712,3.4262800216674805,3.0730860233306885,3.0673513412475586,2.722705841064453,2.7454590797424316,2.778135061264038,2.8816702365875244,3.1583762168884277,4.337235450744629,4.606317520141602,4.411476135253906,4.608658790588379,4.319014072418213,4.557623863220215,4.2762370109558105,4.427099227905273,4.126010894775391,4.347446441650391,4.07008171081543,4.216886043548584,3.926388740539551,4.157985210418701,3.9852142333984375
A7,1.801946759223938,1.4902938604354858,1.1603020429611206,0.9108187556266785,0.5670651793479919,0.38626694679260254,0.0,0.38822585344314575,0.559812605381012,0.8779416680335999,1.0745333433151245,1.410240650177002,1.5862829685211182,1.920870065689087,2.015900135040283,2.5010550022125244,2.2430012226104736,2.0539073944091797,1.8743891716003418,1.783102035522461,1.4434415102005005,1.5976673364639282,1.4239308834075928,1.7835848331451416,1.781427264213562,2.139580011367798,2.2622382640838623,2.526834487915039,2.7663862705230713,2.9966554641723633,3.858079671859741,3.853107213973999,3.5250887870788574,3.440040111541748,3.062732219696045,2.9857144355773926,2.6223912239074707,2.379473924636841,2.1054117679595947,1.9214251041412354,1.851190447807312,1.9565577507019043,2.274095058441162,2.439786434173584,2.7682859897613525,3.8935413360595703,4.025777816772461,3.696075201034546,3.8062026500701904,3.426011085510254,3.4884870052337646,3.1644644737243652,3.0632410049438477,2.7146716117858887,2.7117128372192383,2.376337766647339,2.4271528720855713,2.4776527881622314,2.6132590770721436,2.890895128250122,4.062145233154297,4.315844535827637,4.103487968444824,4.284724712371826,3.9831817150115967,4.208714008331299,3.9195377826690674,4.059252738952637,3.7520344257354736,3.967055559158325,3.686784029006958,3.8308658599853516,3.5404205322265625,3.7742397785186768,3.606898307800293
A8,2.0826292037963867,1.737247347831726,1.446810245513916,1.1388963460922241,0.877895176410675,0.5616222620010376,0.38822585344314575,0.0,0.3871128559112549,0.575763463973999,0.8655354976654053,1.154569387435913,1.3976387977600098,1.692793607711792,1.8409067392349243,2.4450948238372803,2.1755478382110596,2.0412449836730957,1.9233282804489136,1.868377923965454,1.547780156135559,1.7766931056976318,1.6604511737823486,2.034221887588501,2.080536127090454,2.4332916736602783,2.587432861328125,2.830411672592163,3.091423511505127,3.3009533882141113,4.1114501953125,4.087183475494385,3.748774766921997,3.641854763031006,3.2707021236419678,3.156191349029541,2.8096864223480225,2.5394704341888428,2.3046927452087402,2.1300365924835205,2.1164987087249756,2.2487070560455322,2.5756418704986572,2.762782096862793,3.0799105167388916,4.1720404624938965,4.283266067504883,3.940037250518799,4.022541522979736,3.636028289794922,3.663081645965576,3.3417677879333496,3.20127010345459,2.8653438091278076,2.84317684173584,2.5315797328948975,2.6091196537017822,2.7058563232421875,2.8561506271362305,3.1506154537200928,4.331363677978516,4.565099716186523,4.330265045166016,4.490759372711182,4.172884464263916,4.371955394744873,4.062180042266846,4.172830104827881,3.8463776111602783,4.029743194580078,3.725097417831421,3.8416879177093506,3.527689218521118,3.727604627609253,3.52532696723938
A9,2.360337018966675,2.03861403465271,1.7186832427978516,1.445426106452942,1.1217750310897827,0.881216287612915,0.559812605381012,0.3871128559112549,0.0,0.38516923785209656,0.5212262868881226,0.8660587072372437,1.0475302934646606,1.3656277656555176,1.481654405593872,2.1299350261688232,1.8906701803207397,1.7788777351379395,1.647518515586853,1.6542991399765015,1.3749934434890747,1.6232112646102905,1.5692309141159058,1.930496335029602,2.0300047397613525,2.3570423126220703,2.512944221496582,2.7192721366882324,2.9869577884674072,3.163341999053955,3.897606611251831,3.844308376312256,3.5061533451080322,3.3694894313812256,3.007995843887329,2.8634891510009766,2.5314886569976807,2.236548900604248,2.0331227779388428,1.8521792888641357,1.8956165313720703,2.049075126647949,2.3847453594207764,2.597656011581421,2.8942766189575195,3.940520763397217,4.026409149169922,3.672783851623535,3.729396104812622,3.339797258377075,3.3413217067718506,3.0229852199554443,2.8604774475097656,2.5344278812408447,2.5098624229431152,2.216977119445801,2.327564239501953,2.450315475463867,2.6320362091064453,2.9252660274505615,4.087597370147705,4.301267147064209,4.047725677490234,4.189022541046143,3.8595995903015137,4.040931701660156,3.72168231010437,3.8172807693481445,3.483685255050659,3.6562349796295166,3.346146821975708,3.4580554962158203,3.1418817043304443,3.34161376953125,3.141519546508789
A10,2.642667531967163,2.3066964149475098,2.003018856048584,1.7119088172912598,1.4288969039916992,1.123590350151062,0.8779416680335999,0.575763463973999,0.38516923785209656,0.0,0.39065441489219666,0.5866717100143433,0.8791710138320923,1.149155616760254,1.3560692071914673,2.2081024646759033,1.9818227291107178,1.9387164115905762,1.8589363098144531,1.9125053882598877,1.666861653327942,1.9495728015899658,1.9286247491836548,2.2879724502563477,2.406294345855713,2.7275493144989014,2.888888359069824,3.083845376968384,3.3544087409973145,3.5182788372039795,4.207027435302734,4.1324310302734375,3.7940075397491455,3.632272958755493,3.2827107906341553,3.106227397918701,2.7950823307037354,2.4766409397125244,2.3120336532592773,2.1233999729156494,2.2115588188171387,2.3600594997406006,2.706359386444092,2.917708396911621,3.2096707820892334,4.231684684753418,4.293769836425781,3.9339168071746826,3.9602038860321045,3.5690078735351562,3.5355217456817627,3.215182065963745,3.016613483428955,2.7045347690582275,2.6427955627441406,2.377142906188965,2.492527484893799,2.662867307662964,2.8386974334716797,3.152449131011963,4.333968639373779,4.525799751281738,4.253443717956543,4.379763603210449,4.042596817016602,4.199336051940918,3.8605949878692627,3.932739496231079,3.587398052215576,3.7295799255371094,3.3979732990264893,3.490586280822754,3.1553165912628174,3.321472406387329,3.0833537578582764
A11,2.876091480255127,2.558748722076416,2.234015464782715,1.9659922122955322,1.6391781568527222,1.3936394453048706,1.0745333433151245,0.8655354976654053,0.5212262868881226,0.39065441489219666,0.0,0.38635656237602234,0.5349141359329224,0.8473532199859619,0.9961564540863037,1.8872172832489014,1.700337529182434,1.6840367317199707,1.5956389904022217,1.7130619287490845,1.524876356124878,1.81106698513031,1.8499176502227783,2.1824753284454346,2.346257448196411,2.63523006439209,2.7982141971588135,2.9540629386901855,3.228743314743042,3.357851982116699,3.9648046493530273,3.8643171787261963,3.5283703804016113,3.341155529022217,3.0056004524230957,2.801398754119873,2.5112857818603516,2.1753084659576416,2.050778388977051,1.8693658113479614,2.013927936553955,2.18548583984375,2.5257883071899414,2.762295961380005,3.025665521621704,3.9846489429473877,4.023416519165039,3.655865430831909,3.658163547515869,3.2679312229156494,3.2096734046936035,2.8994243144989014,2.680368423461914,2.38531231880188,2.329740524291992,2.091838836669922,2.2488839626312256,2.438464641571045,2.6497817039489746,2.950867176055908,4.088890552520752,4.260968208312988,3.9727330207824707,4.0769853591918945,3.7288572788238525,3.866248607635498,3.5215649604797363,3.5760297775268555,3.2239291667938232,3.353839159011841,3.0184009075164795,3.103048801422119,2.7662465572357178,2.93277645111084,2.7005395889282227
A12,3.199754238128662,2.876716136932373,2.5576364994049072,2.2840371131896973,1.9758784770965576,1.6956430673599243,1.410240650177002,1.154569387435913,0.8660587072372437,0.5866717100143433,0.38635656237602234,0.0,0.381796270608902,0.5936658382415771,0.8750709295272827,1.9995241165161133,1.8480912446975708,1.9019520282745361,1.8555138111114502,2.01615571975708,1.8637536764144897,2.1626741886138916,2.224128484725952,2.5491814613342285,2.7250661849975586,3.0056474208831787,3.166740655899048,3.310239553451538,3.582261323928833,3.6972999572753906,4.249533653259277,4.1250739097595215,3.794588327407837,3.5805397033691406,3.2630960941314697,3.0292444229125977,2.7664597034454346,2.413583517074585,2.330716133117676,2.1418943405151367,2.324960708618164,2.4845235347747803,2.830116033554077,3.060763359069824,3.3155806064605713,4.238490581512451,4.249739170074463,3.879641056060791,3.8479983806610107,3.461331605911255,3.3656816482543945,3.0573744773864746,2.803466558456421,2.5306622982025146,2.4345757961273193,2.234825372695923,2.393622636795044,2.628763437271118,2.8317935466766357,3.1474223136901855,4.289566516876221,4.435391426086426,4.128843307495117,4.215338230133057,3.862786054611206,3.971684217453003,3.6096181869506836,3.638380527496338,3.2790310382843018,3.3744919300079346,3.0205090045928955,3.085543394088745,2.733937978744507,2.863001585006714,2.5920746326446533
A13,3.3798415660858154,3.0762240886688232,2.7396299839019775,2.4895920753479004,2.1487624645233154,1.9174119234085083,1.5862829685211182,1.3976387977600098,1.0475302934646606,0.8791710138320923,0.5349141359329224,0.381796270608902,0.0,0.3905825614929199,0.5566750168800354,1.7432829141616821,1.649651288986206,1.7263362407684326,1.6633070707321167,1.881463885307312,1.7885732650756836,2.068934440612793,2.175361156463623,2.465104579925537,2.671544313430786,2.9176816940307617,3.0720555782318115,3.1793887615203857,3.447391986846924,3.5303263664245605,4.001811981201172,3.8533716201782227,3.530522346496582,3.2929275035858154,2.9936139583587646,2.736677646636963,2.4993886947631836,2.1355209350585938,2.0959601402282715,1.9152350425720215,2.147616147994995,2.31925630569458,2.651254415512085,2.897996425628662,3.1222710609436035,3.9765825271606445,3.965301275253296,3.5917768478393555,3.536987066268921,3.1548941135406494,3.035850763320923,2.7391138076782227,2.467139482498169,2.2153449058532715,2.1241936683654785,1.9588123559951782,2.1561169624328613,2.4057140350341797,2.638826847076416,2.9363882541656494,4.024947643280029,4.151433944702148,3.832357406616211,3.8982362747192383,3.5380306243896484,3.6288392543792725,3.263110399246216,3.2764194011688232,2.9128026962280273,2.9983580112457275,2.642335891723633,2.7038192749023438,2.352670907974243,2.488455295562744,2.227870225906372
A14,3.7224996089935303,3.404052495956421,3.0807814598083496,2.8084914684295654,2.483597993850708,2.236273765563965,1.920870065689087,1.692793607711792,1.3656277656555176,1.149155616760254,0.8473532199859619,0.5936658382415771,0.3905825614929199,0.0,0.3922765254974365,1.6958962678909302,1.6304057836532593,1.7865561246871948,1.7985351085662842,2.0457217693328857,1.9975782632827759,2.302842617034912,2.447226047515869,2.727545976638794,2.963366746902466,3.195302963256836,3.3719537258148193,3.45530104637146,3.737291097640991,3.7961273193359375,4.196918964385986,4.03093147277832,3.706857442855835,3.454286813735962,3.1765427589416504,2.890568494796753,2.690019369125366,2.327092409133911,2.3368537425994873,2.1935043334960938,2.4536068439483643,2.6472461223602295,2.962613582611084,3.226292848587036,3.427630662918091,4.2127461433410645,4.180785655975342,3.8028573989868164,3.7213263511657715,3.3487606048583984,3.195108413696289,2.925546407699585,2.625204086303711,2.415220022201538,2.327177047729492,2.212714195251465,2.438194990158081,2.7041730880737305,2.952047109603882,3.238555669784546,4.274465084075928,4.377024173736572,4.04249382019043,4.077163219451904,3.706913709640503,3.7603189945220947,3.3870673179626465,3.3577466011047363,2.983980894088745,3.0197677612304688,2.648961067199707,2.6600379943847656,2.292365312576294,2.3670766353607178,2.066951274871826
A15,3.7974295616149902,3.492807626724243,3.163494110107422,2.9050002098083496,2.5604655742645264,2.361513137817383,2.015900135040283,1.8409067392349243,1.481654405593872,1.3560692071914673,0.9961564540863037,0.8750709295272827,0.5566750168800354,0.3922765254974365,0.0,1.345680832862854,1.3316831588745117,1.5078492164611816,1.5206565856933594,1.81002938747406,1.8238939046859741,2.1106960773468018,2.29944109916687,2.541943073272705,2.8084967136383057,3.004831552505493,3.1870203018188477,3.2334163188934326,3.5189526081085205,3.54622745513916,3.8756699562072754,3.6972763538360596,3.37501859664917,3.113497495651245,2.8509297370910645,2.548938035964966,2.373929023742676,2.0153050422668457,2.067111015319824,1.96332848072052,2.2537925243377686,2.4759514331817627,2.761643409729004,3.0497851371765137,3.2164976596832275,3.9269204139709473,3.885568618774414,3.504467725753784,3.4145848751068115,3.048696517944336,2.8842504024505615,2.640059471130371,2.3351547718048096,2.1519508361816406,2.1059587001800537,2.0225436687469482,2.2944176197052,2.5444140434265137,2.829202890396118,3.081667900085449,4.035874843597412,4.129738807678223,3.7912800312042236,3.805328607559204,3.426203489303589,3.466536283493042,3.1001229286193848,3.054499626159668,2.675466299057007,2.7043399810791016,2.3376526832580566,2.3330628871917725,1.9658278226852417,2.0494022369384766,1.7742270231246948
B1,4.013908863067627,3.7397994995117188,3.4570674896240234,3.2173731327056885,2.8950371742248535,2.8407411575317383,2.5010550022125244,2.4450948238372803,2.1299350261688232,2.2081024646759033,1.8872172832489014,1.9995241165161133,1.7432829141616821,1.6958962678909302,1.345680832862854,0.0,0.37127476930618286,0.6300103068351746,0.8407076597213745,1.143705129623413,1.4145338535308838,1.615562915802002,1.9486092329025269,2.0332744121551514,2.3978841304779053,2.4598634243011475,2.7169392108917236,2.6338179111480713,2.962557554244995,2.88633394241333,3.0126612186431885,2.8535728454589844,2.511422634124756,2.3066463470458984,2.0902531147003174,1.790902018547058,1.7146968841552734,1.4987839460372925,1.660522222518921,1.825077772140503,2.086195945739746,2.4319939613342285,2.555267810821533,2.9287872314453125,2.9750101566314697,3.414789915084839,3.4022464752197266,3.027796745300293,2.9819350242614746,2.6667160987854004,2.541240692138672,2.444740056991577,2.22361159324646,2.145707845687866,2.3288519382476807,2.2988533973693848,2.6585159301757812,2.7611823081970215,3.1324479579925537,3.2436020374298096,3.852337121963501,3.9574756622314453,3.653343439102173,3.611691474914551,3.2256014347076416,3.247239112854004,2.9663007259368896,2.879641532897949,2.525911808013916,2.5447134971618652,2.270533800125122,2.177410364151001,1.8972522020339966,1.9776127338409424,1.8863807916641235
B2,3.737225294113159,3.448500156402588,3.1824042797088623,2.923884630203247,2.621459484100342,2.5623674392700195,2.2430012226104736,2.1755478382110596,1.8906701803207397,1.9818227291107178,1.700337529182434,1.8480912446975708,1.649651288986206,1.6304057836532593,1.3316831588745117,0.37127476930618286,0.0,0.36923933029174805,0.6908267736434937,0.926586389541626,1.1533253192901611,1.4084457159042358,1.7264224290847778,1.8542373180389404,2.211911916732788,2.312561511993408,2.59580659866333,2.550886392593384,2.899317741394043,2.8616576194763184,3.114121437072754,2.9940032958984375,2.635166883468628,2.4695394039154053,2.2126638889312744,1.9540823698043823,1.8157380819320679,1.5999423265457153,1.6829538345336914,1.834805965423584,2.0486929416656494,2.4039103984832764,2.5468239784240723,2.9193685054779053,3.0017054080963135,3.5442447662353516,3.5664496421813965,3.1912691593170166,3.1824419498443604,2.851743459701538,2.7635486125946045,2.636590003967285,2.4345085620880127,2.307821273803711,2.4824154376983643,2.3980729579925537,2.7347192764282227,2.825399875640869,3.1831321716308594,3.3147971630096436,3.9999194145202637,4.134873867034912,3.843817949295044,3.832515239715576,3.450993537902832,3.504951000213623,3.2231855392456055,3.166797161102295,2.812778949737549,2.8598685264587402,2.579758644104004,2.512566328048706,2.2217659950256348,2.314700126647949,2.1969711780548096
B3,3.4470558166503906,3.1755659580230713,2.9154603481292725,2.6779794692993164,2.3790433406829834,2.3656928539276123,2.0539073944091797,2.0412449836730957,1.7788777351379395,1.9387164115905762,1.6840367317199707,1.9019520282745361,1.7263362407684326,1.7865561246871948,1.5078492164611816,0.6300103068351746,0.36923933029174805,0.0,0.3902866542339325,0.5613811016082764,0.819491446018219,1.048413872718811,1.3750059604644775,1.4890927076339722,1.8491185903549194,1.9479947090148926,2.2392501831054688,2.202683448791504,2.5580201148986816,2.5366058349609375,2.872060775756836,2.7844271659851074,2.41583251953125,2.2869277000427246,1.9983727931976318,1.7857824563980103,1.6004918813705444,1.413228988647461,1.43831205368042,1.615180492401123,1.7791013717651367,2.1458117961883545,2.2719011306762695,2.6465137004852295,2.7352285385131836,3.3247733116149902,3.38034725189209,3.010324478149414,3.043269634246826,2.7083420753479004,2.6684086322784424,2.531710386276245,2.3737406730651855,2.2181756496429443,2.420106887817383,2.2975244522094727,2.616180658340454,2.6637701988220215,3.0164268016815186,3.1345412731170654,3.821646213531494,3.9853556156158447,3.716683864593506,3.7319746017456055,3.3617124557495117,3.452847957611084,3.189446210861206,3.172027349472046,2.8331310749053955,2.9267830848693848,2.668957233428955,2.644070625305176,2.375180244445801,2.518303155899048,2.4323484897613525
B4,3.2320191860198975,2.9875354766845703,2.705463171005249,2.506744861602783,2.182206869125366,2.20455265045166,1.8743891716003418,1.9233282804489136,1.647518515586853,1.8589363098144531,1.5956389904022217,1.8555138111114502,1.6633070707321167,1.7985351085662842,1.5206565856933594,0.8407076597213745,0.6908267736434937,0.3902866542339325,0.0,0.3721996545791626,0.6346924304962158,0.789099931716919,1.115517020225525,1.2168831825256348,1.570107102394104,1.669297456741333,1.9272485971450806,1.900802731513977,2.2416021823883057,2.234341621398926,2.6293835639953613,2.5438177585601807,2.1762940883636475,2.0428943634033203,1.7239235639572144,1.5303993225097656,1.2917871475219727,1.0849575996398926,1.0640257596969604,1.232261061668396,1.3891549110412598,1.755875587463379,1.8857914209365845,2.258561611175537,2.355647563934326,3.001734495162964,3.067368268966675,2.6964163780212402,2.746457576751709,2.3987526893615723,2.386268138885498,2.2234416007995605,2.0909197330474854,1.9049423933029175,2.1160941123962402,1.9670608043670654,2.2724084854125977,2.2968177795410156,2.6465888023376465,2.759028911590576,3.471662998199463,3.6502015590667725,3.3905832767486572,3.4299800395965576,3.0676686763763428,3.1896088123321533,2.9308321475982666,2.9515023231506348,2.623671293258667,2.7624869346618652,2.5183651447296143,2.5463953018188477,2.2945759296417236,2.494455337524414,2.434741497039795
B5,2.9865989685058594,2.748452663421631,2.4945483207702637,2.301624059677124,2.0084986686706543,2.074465751647949,1.783102035522461,1.868377923965454,1.6542991399765015,1.9125053882598877,1.7130619287490845,2.01615571975708,1.881463885307312,2.0457217693328857,1.81002938747406,1.143705129623413,0.926586389541626,0.5613811016082764,0.3721996545791626,0.0,0.3673035800457001,0.4901444911956787,0.8290935158729553,0.9302882552146912,1.287980318069458,1.4017648696899414,1.6993343830108643,1.6974915266036987,2.059722423553467,2.0837759971618652,2.5940330028533936,2.5618340969085693,2.1884968280792236,2.120112895965576,1.7811603546142578,1.6611144542694092,1.3900275230407715,1.2543846368789673,1.147390604019165,1.3357453346252441,1.3905236721038818,1.7602787017822266,1.8659015893936157,2.2319095134735107,2.343233108520508,3.037944793701172,3.1473488807678223,2.791253089904785,2.8901760578155518,2.550658702850342,2.588606595993042,2.427398920059204,2.3402175903320312,2.135535478591919,2.360011100769043,2.17462420463562,2.4467434883117676,2.4273226261138916,2.758039712905884,2.8602077960968018,3.5695223808288574,3.779033899307251,3.5478742122650146,3.611180067062378,3.2652485370635986,3.416091203689575,3.1797757148742676,3.2261605262756348,2.915374279022217,3.0768511295318604,2.850656747817993,2.8911948204040527,2.6524221897125244,2.859445810317993,2.8063666820526123
B6,2.6436030864715576,2.3927483558654785,2.138636827468872,1.9359627962112427,1.6474690437316895,1.7178208827972412,1.4434415102005005,1.547780156135559,1.3749934434890747,1.666861653327942,1.524876356124878,1.8637536764144897,1.7885732650756836,1.9975782632827759,1.8238939046859741,1.4145338535308838,1.1533253192901611,0.819491446018219,0.6346924304962158,0.3673035800457001,0.0,0.38063374161720276,0.5993257164955139,0.8393946886062622,1.1375409364700317,1.3428393602371216,1.6331292390823364,1.7112880945205688,2.0660924911499023,2.1539015769958496,2.7995710372924805,2.790471315383911,2.422804594039917,2.3682148456573486,2.0078656673431396,1.9165754318237305,1.602994441986084,1.4463804960250854,1.2596979141235352,1.3650901317596436,1.3614487648010254,1.7010825872421265,1.8520582914352417,2.1897084712982178,2.3561453819274902,3.1769509315490723,3.306399345397949,2.9552512168884277,3.072404623031616,2.719716787338257,2.777592182159424,2.576125144958496,2.494684934616089,2.2459940910339355,2.4331700801849365,2.2000606060028076,2.4308359622955322,2.4115099906921387,2.7105720043182373,2.845048189163208,3.658372163772583,3.8889968395233154,3.666952610015869,3.7622454166412354,3.4252662658691406,3.601881742477417,3.3566174507141113,3.4300386905670166,3.1187713146209717,3.299734592437744,3.0613276958465576,3.1274499893188477,2.8744146823883057,3.091858148574829,3.0125057697296143
B7,2.5771420001983643,2.376131296157837,2.1280946731567383,1.9887109994888306,1.7074052095413208,1.853696346282959,1.5976673364639282,1.7766931056976318,1.6232112646102905,1.9495728015899658,1.81106698513031,2.1626741886138916,2.068934440612793,2.302842617034912,2.1106960773468018,1.615562915802002,1.4084457159042358,1.048413872718811,0.789099931716919,0.4901444911956787,0.38063374161720276,0.0,0.35591816902160645,0.4727519154548645,0.806472897529602,0.9719071388244629,1.264729380607605,1.3312933444976807,1.6888341903686523,1.7807083129882812,2.4814209938049316,2.501322031021118,2.140251636505127,2.125703811645508,1.7563774585723877,1.7279988527297974,1.3963426351547241,1.3115675449371338,1.0765438079833984,1.2282379865646362,1.1462574005126953,1.4876176118850708,1.5795516967773438,1.9175068140029907,2.063748836517334,2.876680374145508,3.034045934677124,2.698772430419922,2.853644609451294,2.5158987045288086,2.61995267868042,2.433166027069092,2.4061331748962402,2.1607046127319336,2.384263277053833,2.1452043056488037,2.3575022220611572,2.2800636291503906,2.574246406555176,2.667133092880249,3.4102015495300293,3.6600759029388428,3.4652364253997803,3.57498836517334,3.257194995880127,3.4587574005126953,3.245227575302124,3.3461387157440186,3.062800884246826,3.2749099731445312,3.072622776031494,3.1643121242523193,2.946986436843872,3.1954116821289062,3.1586861610412598
B8,2.2317142486572266,2.0477969646453857,1.806459665298462,1.6992106437683105,1.436183214187622,1.6362577676773071,1.4239308834075928,1.6604511737823486,1.5692309141159058,1.9286247491836548,1.8499176502227783,2.224128484725952,2.175361156463623,2.447226047515869,2.29944109916687,1.9486092329025269,1.7264224290847778,1.3750059604644775,1.115517020225525,0.8290935158729553,0.5993257164955139,0.35591816902160645,0.0,0.37937790155410767,0.5586992502212524,0.8374340534210205,1.103070855140686,1.2645150423049927,1.5971934795379639,1.7603025436401367,2.5980873107910156,2.6505584716796875,2.30595326423645,2.3189094066619873,1.9410020112991333,1.9578334093093872,1.6026699542999268,1.529150128364563,1.2334353923797607,1.3156818151474,1.1429930925369263,1.4264894723892212,1.5322394371032715,1.8249285221099854,2.0166900157928467,2.9333815574645996,3.119259834289551,2.8011250495910645,2.98508358001709,2.64806866645813,2.785062789916992,2.573235034942627,2.5719637870788574,2.2964441776275635,2.496525764465332,2.2188568115234375,2.379173755645752,2.2771542072296143,2.530714750289917,2.6343486309051514,3.4353673458099365,3.7109436988830566,3.538543224334717,3.682131767272949,3.3837780952453613,3.6152803897857666,3.4086501598358154,3.541372299194336,3.27055025100708,3.507093667984009,3.3091189861297607,3.4281442165374756,3.212778091430664,3.47709584236145,3.4341771602630615
B9,2.4155795574188232,2.2806947231292725,2.0597891807556152,2.000422239303589,1.7567131519317627,1.9883655309677124,1.7835848331451416,2.034221887588501,1.930496335029602,2.2879724502563477,2.1824753284454346,2.5491814613342285,2.465104579925537,2.727545976638794,2.541943073272705,2.0332744121551514,1.8542373180389404,1.4890927076339722,1.2168831825256348,0.9302882552146912,0.8393946886062622,0.4727519154548645,0.37937790155410767,0.0,0.3773144483566284,0.5037420392036438,0.8133655190467834,0.9146691560745239,1.2695778608322144,1.4084242582321167,2.2549521923065186,2.334902286529541,1.997490406036377,2.0554251670837402,1.6869213581085205,1.7613492012023926,1.422380805015564,1.4375020265579224,1.1487501859664917,1.3101600408554077,1.0987904071807861,1.3854848146438599,1.3936697244644165,1.695288062095642,1.8303049802780151,2.6619873046875,2.8693153858184814,2.5684542655944824,2.7821271419525146,2.4715332984924316,2.6419684886932373,2.468467950820923,2.512542247772217,2.2666573524475098,2.512218713760376,2.258042097091675,2.4224767684936523,2.272745132446289,2.5346598625183105,2.581803560256958,3.2508742809295654,3.533914089202881,3.3847837448120117,3.524094581604004,3.241117000579834,3.4799790382385254,3.308415651321411,3.4489564895629883,3.2041335105895996,3.452838659286499,3.290996789932251,3.4137682914733887,3.2331459522247314,3.5101253986358643,3.5085482597351074
B10,2.1339356899261475,2.0466468334198,1.84654700756073,1.8502603769302368,1.6439605951309204,1.9328330755233765,1.781427264213562,2.080536127090454,2.0300047397613525,2.406294345855713,2.346257448196411,2.7250661849975586,2.671544313430786,2.963366746902466,2.8084967136383057,2.3978841304779053,2.211911916732788,1.8491185903549194,1.570107102394104,1.287980318069458,1.1375409364700317,0.806472897529602,0.5586992502212524,0.3773144483566284,0.0,0.37290433049201965,0.5975719690322876,0.837212324142456,1.132865071296692,1.3608864545822144,2.346479892730713,2.464876413345337,2.157111644744873,2.2481489181518555,1.8850643634796143,2.0084915161132812,1.6623420715332031,1.6954092979431152,1.3698201179504395,1.4703600406646729,1.1788959503173828,1.379197597503662,1.3721550703048706,1.605305790901184,1.7738527059555054,2.6861443519592285,2.9266719818115234,2.6540379524230957,2.901228666305542,2.6023824214935303,2.810213565826416,2.6213419437408447,2.6990437507629395,2.433767557144165,2.660949230194092,2.3790197372436523,2.4886696338653564,2.304342269897461,2.5188419818878174,2.560742139816284,3.2497124671936035,3.5599422454833984,3.4425265789031982,3.616009473800659,3.3603532314300537,3.6296517848968506,3.4740748405456543,3.6474380493164062,3.4223926067352295,3.6957578659057617,3.5458760261535645,3.695417881011963,3.523672342300415,3.8173840045928955,3.817580223083496
B11,2.432229518890381,2.3777260780334473,2.1921823024749756,2.215367078781128,2.0136873722076416,2.303114175796509,2.139580011367798,2.4332916736602783,2.3570423126220703,2.7275493144989014,2.63523006439209,3.0056474208831787,2.9176816940307617,3.195302963256836,3.004831552505493,2.4598634243011475,2.312561511993408,1.9479947090148926,1.669297456741333,1.4017648696899414,1.3428393602371216,0.9719071388244629,0.8374340534210205,0.5037420392036438,0.37290433049201965,0.0,0.37627068161964417,0.4999685287475586,0.830764889717102,1.0238581895828247,2.012687921524048,2.16027569770813,1.8663406372070312,2.0047268867492676,1.664567470550537,1.842625617980957,1.531248927116394,1.6460227966308594,1.3526363372802734,1.521166205406189,1.2293126583099365,1.427703619003296,1.3201992511749268,1.5575692653656006,1.6494170427322388,2.435722589492798,2.694411516189575,2.442112922668457,2.7140276432037354,2.4473302364349365,2.6812028884887695,2.5363035202026367,2.65183424949646,2.4231948852539062,2.6900854110717773,2.4401748180389404,2.5610365867614746,2.3425872325897217,2.568589925765991,2.554579019546509,3.0918850898742676,3.4031877517700195,3.3069703578948975,3.4695498943328857,3.2289772033691406,3.498506784439087,3.37746262550354,3.5519368648529053,3.352074146270752,3.6302437782287598,3.51420259475708,3.661792755126953,3.522312879562378,3.8220012187957764,3.8587160110473633
B12,2.4173285961151123,2.417179584503174,2.224548578262329,2.30832839012146,2.1060194969177246,2.4178225994110107,2.2622382640838623,2.587432861328125,2.512944221496582,2.888888359069824,2.7982141971588135,3.166740655899048,3.0720555782318115,3.3719537258148193,3.1870203018188477,2.7169392108917236,2.59580659866333,2.2392501831054688,1.9272485971450806,1.6993343830108643,1.6331292390823364,1.264729380607605,1.103070855140686,0.8133655190467834,0.5975719690322876,0.37627068161964417,0.0,0.370650976896286,0.5501803755760193,0.8391270041465759,1.9271079301834106,2.0891976356506348,1.838159441947937,1.9873201847076416,1.6633840799331665,1.8854897022247314,1.5788074731826782,1.7148823738098145,1.4060052633285522,1.5259983539581299,1.1849474906921387,1.2888261079788208,1.1253741979599,1.2922571897506714,1.3806800842285156,2.2164385318756104,2.498457431793213,2.2760848999023438,2.575650691986084,2.3274333477020264,2.5984995365142822,2.4470713138580322,2.605088233947754,2.3727757930755615,2.630621910095215,2.374638080596924,2.4486372470855713,2.1884026527404785,2.3764824867248535,2.3321621417999268,2.837501049041748,3.1685497760772705,3.103201389312744,3.2944729328155518,3.085111379623413,3.3825736045837402,3.2848846912384033,3.4935245513916016,3.3236846923828125,3.629117250442505,3.537609100341797,3.7181622982025146,3.602243423461914,3.9257659912109375,3.9805526733398438
B13,2.784348964691162,2.7744626998901367,2.5780656337738037,2.640011787414551,2.4212985038757324,2.7125344276428223,2.526834487915039,2.830411672592163,2.7192721366882324,3.083845376968384,2.9540629386901855,3.310239553451538,3.1793887615203857,3.45530104637146,3.2334163188934326,2.6338179111480713,2.550886392593384,2.202683448791504,1.900802731513977,1.6974915266036987,1.7112880945205688,1.3312933444976807,1.2645150423049927,0.9146691560745239,0.837212324142456,0.4999685287475586,0.370650976896286,0.0,0.38164180517196655,0.5261232256889343,1.5727035999298096,1.7460644245147705,1.4960793256759644,1.679877519607544,1.3809692859649658,1.640600323677063,1.3805358409881592,1.5866684913635254,1.3343064785003662,1.5296080112457275,1.2373714447021484,1.376237392425537,1.1416021585464478,1.346556305885315,1.334458351135254,1.9811732769012451,2.2634501457214355,2.046159505844116,2.3530490398406982,2.131838798522949,2.4092087745666504,2.3078954219818115,2.484478235244751,2.297088146209717,2.594439744949341,2.3820343017578125,2.4903676509857178,2.2231829166412354,2.443157434463501,2.3552863597869873,2.7067933082580566,3.0224192142486572,2.959624767303467,3.12235164642334,2.9139187335968018,3.195810556411743,3.122685670852661,3.316493034362793,3.1619153022766113,3.45941162109375,3.393770933151245,3.5608928203582764,3.4709019660949707,3.7908778190612793,3.8760123252868652
