,A1,A2,A3,A4,A5,A6,A7,A8,A9,A10,A11,A12,A13,A14,A15,B1,B2,B3,B4,B5,B6,B7,B8,B9,B10,B11,B12,B13,B14,B15,C1,C2,C3,C4,C5,C6,C7,C8,C9,C10,C11,C12,C13,C14,C15,D1,D2,D3,D4,D5,D6,D7,D8,D9,D10,D11,D12,D13,D14,D15,E1,E2,E3,E4,E5,E6,E7,E8,E9,E10,E11,E12,E13,E14,E15
A1,0.0,0.3855969309806824,0.6025676727294922,0.9252964854240417,1.2240521907806396,1.5554713010787964,1.8380062580108643,2.214670419692993,2.410717248916626,2.80374813079834,2.7302772998809814,2.608078718185425,2.2263524532318115,2.0757272243499756,1.7061570882797241,0.6963931918144226,0.7168242335319519,0.8674626350402832,1.0802793502807617,1.3494027853012085,1.659388780593872,1.9242982864379883,2.291391134262085,2.546959400177002,2.9294683933258057,2.9149532318115234,2.777153491973877,2.407214403152466,2.266063928604126,1.9304730892181396,1.1843700408935547,1.1849193572998047,1.2839127779006958,1.4262791872024536,1.636919379234314,1.8933607339859009,2.1222970485687256,2.4740030765533447,2.7131481170654297,3.092331886291504,3.135978937149048,2.951606512069702,2.6072254180908203,2.4919278621673584,2.199747085571289,1.6663366556167603,1.6622893810272217,1.7359956502914429,1.8380613327026367,1.9877368211746216,2.2008559703826904,2.3896596431732178,2.714709997177124,2.9344873428344727,3.3020436763763428,3.366205930709839,3.186976194381714,2.871314525604248,2.7874197959899902,2.536755084991455,2.158151865005493,2.146976947784424,2.1933743953704834,2.2772858142852783,2.3772363662719727,2.558424234390259,2.709777593612671,3.007352352142334,3.208603858947754,3.5668108463287354,3.6557250022888184,3.486673593521118,3.191732883453369,3.1454293727874756,2.923128128051758
A2,0.3855969309806824,0.0,0.37703511118888855,0.6059048175811768,0.9508395791053772,1.2546056509017944,1.567118525505066,1.9327893257141113,2.160356283187866,2.554853677749634,2.514075756072998,2.4026787281036377,2.0187199115753174,1.916018009185791,1.554909586906433,0.7445611953735352,0.5494288206100464,0.6113147735595703,0.7313985228538513,1.0205515623092651,1.3112889528274536,1.6058480739593506,1.9703270196914673,2.251662254333496,2.6335699558258057,2.6488964557647705,2.530198335647583,2.1608493328094482,2.062623977661133,1.7340784072875977,1.1457087993621826,1.0204651355743408,1.0463415384292603,1.1097277402877808,1.3112412691116333,1.5411874055862427,1.7893028259277344,2.1378490924835205,2.399526834487915,2.7784152030944824,2.8492860794067383,2.68426513671875,2.341723680496216,2.266979932785034,1.9840457439422607,1.5880109071731567,1.4976167678833008,1.5143669843673706,1.5519250631332397,1.6800869703292847,1.8611669540405273,2.0580289363861084,2.375278949737549,2.6128318309783936,2.978991985321045,3.0687739849090576,2.9090325832366943,2.5979719161987305,2.552166223526001,2.316232919692993,2.059908628463745,1.983158826828003,1.983336329460144,2.0143203735351562,2.0887856483459473,2.236541986465454,2.387889862060547,2.671877861022949,2.8860366344451904,3.2400686740875244,3.352362871170044,3.2018189430236816,2.913970947265625,2.902975082397461,2.69856595993042
A3,0.6025676727294922,0.37703511118888855,0.0,0.37697306275367737,0.628670871257782,0.9760621786117554,1.2445175647735596,1.6235296726226807,1.8212939500808716,2.2143115997314453,2.1544766426086426,2.044557809829712,1.6606554985046387,1.5594300031661987,1.204150676727295,0.8944517374038696,0.6894436478614807,0.5308384299278259,0.6267663836479187,0.7917984127998352,1.0910183191299438,1.3296643495559692,1.694237470626831,1.9451215267181396,2.327603816986084,2.3221323490142822,2.205409526824951,1.8423022031784058,1.7456399202346802,1.435692548751831,1.2455989122390747,1.1094245910644531,1.0116372108459473,1.0619838237762451,1.1619616746902466,1.3797625303268433,1.5646636486053467,1.900879979133606,2.127817153930664,2.5033717155456543,2.556828260421753,2.3973889350891113,2.0689566135406494,1.9970780611038208,1.7441129684448242,1.6578818559646606,1.5615752935409546,1.4964954853057861,1.5296404361724854,1.5796411037445068,1.7468012571334839,1.8818943500518799,2.1797726154327393,2.3793609142303467,2.7378695011138916,2.811716079711914,2.6608035564422607,2.3696672916412354,2.3271799087524414,2.125039577484131,2.1104931831359863,2.031860589981079,1.9706015586853027,2.003307819366455,2.015202045440674,2.1561050415039062,2.25020694732666,2.5155484676361084,2.6904807090759277,3.0353646278381348,3.1307411193847656,2.9920003414154053,2.7273683547973633,2.716865301132202,2.546257972717285
A4,0.9252964854240417,0.6059048175811768,0.37697306275367737,0.0,0.37912654876708984,0.6488149762153625,0.9742234349250793,1.3304328918457031,1.5764377117156982,1.9712069034576416,1.9678922891616821,1.9014077186584473,1.5248092412948608,1.5114496946334839,1.199233889579773,1.1924511194229126,0.895198404788971,0.651017963886261,0.5070162415504456,0.5754666924476624,0.7855983376502991,1.0509905815124512,1.3977547883987427,1.6798202991485596,2.0597877502441406,2.1036527156829834,2.0359342098236084,1.6893483400344849,1.6698769330978394,1.4001590013504028,1.470277190208435,1.2445567846298218,1.0638383626937866,0.9798158407211304,1.0051969289779663,1.1361910104751587,1.3178033828735352,1.6275473833084106,1.875629186630249,2.2438113689422607,2.341931104660034,2.227658748626709,1.9193334579467773,1.9159884452819824,1.7017240524291992,1.826926827430725,1.655737042427063,1.5244799852371216,1.4655570983886719,1.4574075937271118,1.5508546829223633,1.6705597639083862,1.9346946477890015,2.1457326412200928,2.49261212348938,2.6064400672912598,2.4976470470428467,2.2295987606048584,2.2469022274017334,2.08390212059021,2.2426979541778564,2.102283239364624,1.9878116846084595,1.951123595237732,1.9148294925689697,1.9947137832641602,2.0693328380584717,2.2974071502685547,2.477193832397461,2.806452989578247,2.935330867767334,2.8345162868499756,2.5940027236938477,2.6347873210906982,2.5018694400787354
A5,1.2240521907806396,0.9508395791053772,0.628670871257782,0.37912654876708984,0.0,0.3764682114124298,0.6188082098960876,0.995070219039917,1.2100085020065308,1.6052435636520386,1.5905160903930664,1.5367741584777832,1.1646474599838257,1.190110206604004,0.9223353266716003,1.4396663904190063,1.1625295877456665,0.8356863856315613,0.6754083037376404,0.4997139573097229,0.6303862929344177,0.7752181887626648,1.1081775426864624,1.3502976894378662,1.7299357652664185,1.7571628093719482,1.7044492959976196,1.3750197887420654,1.384325385093689,1.1664232015609741,1.666977047920227,1.445300579071045,1.1823534965515137,1.0811336040496826,0.9718226194381714,1.0484269857406616,1.1228249073028564,1.3956339359283447,1.5952759981155396,1.9538295269012451,2.037997007369995,1.9418339729309082,1.661781668663025,1.6805589199066162,1.5221478939056396,1.9788119792938232,1.8058249950408936,1.606201171875,1.5372612476348877,1.439239263534546,1.4977256059646606,1.5314122438430786,1.754573941230774,1.9145357608795166,2.244750499725342,2.345027208328247,2.2562296390533447,2.0217201709747314,2.05531644821167,1.944319725036621,2.3591229915618896,2.2164385318756104,2.0455710887908936,2.004819631576538,1.9006222486495972,1.9615397453308105,1.9655842781066895,2.159332275390625,2.2895352840423584,2.6005313396453857,2.7133538722991943,2.633561849594116,2.427647590637207,2.4771509170532227,2.390772581100464
A6,1.5554713010787964,1.2546056509017944,0.9760621786117554,0.6488149762153625,0.3764682114124298,0.0,0.38472744822502136,0.6919411420822144,0.9793061017990112,1.366798996925354,1.4357504844665527,1.456864356994629,1.1258151531219482,1.2709699869155884,1.0975823402404785,1.782262921333313,1.4716628789901733,1.1426527500152588,0.8891083598136902,0.6324417591094971,0.5181110501289368,0.5965108275413513,0.8487520217895508,1.1152441501617432,1.480432391166687,1.5753241777420044,1.6010899543762207,1.320620059967041,1.4322813749313354,1.2931231260299683,1.977970004081726,1.7139431238174438,1.41969633102417,1.2314215898513794,1.0473617315292358,0.9887455105781555,1.0066819190979004,1.1996581554412842,1.4020005464553833,1.7347431182861328,1.8745428323745728,1.8472652435302734,1.6146024465560913,1.7168605327606201,1.6218481063842773,2.2513153553009033,2.033759117126465,1.7936617136001587,1.6529086828231812,1.4958099126815796,1.4612778425216675,1.4509285688400269,1.6042486429214478,1.756751298904419,2.0566110610961914,2.2023839950561523,2.173551082611084,1.983293056488037,2.0844452381134033,2.0280497074127197,2.5970406532287598,2.4118878841400146,2.201387405395508,2.1018764972686768,1.948789119720459,1.939947485923767,1.9076234102249146,2.0410568714141846,2.160374402999878,2.4397530555725098,2.5869624614715576,2.558387279510498,2.392760753631592,2.4967775344848633,2.458843469619751
A7,1.8380062580108643,1.567118525505066,1.2445175647735596,0.9742234349250793,0.6188082098960876,0.38472744822502136,0.0,0.3874291479587555,0.605848491191864,0.9993749260902405,1.051475167274475,1.097928762435913,0.7975543737411499,1.0179659128189087,0.9509879350662231,2.0184223651885986,1.7338138818740845,1.3734642267227173,1.1577304601669312,0.8246868848800659,0.6711153984069824,0.5007345676422119,0.6490890979766846,0.8132318258285522,1.1712092161178589,1.235361099243164,1.2861692905426025,1.0498229265213013,1.20563805103302,1.1572624444961548,2.177244186401367,1.9323352575302124,1.599555253982544,1.431073784828186,1.1693028211593628,1.07827627658844,0.9559149146080017,1.0682331323623657,1.1764883995056152,1.4830142259597778,1.5944997072219849,1.5915783643722534,1.4090136289596558,1.534292459487915,1.5144495964050293,2.4132065773010254,2.2087864875793457,1.9283206462860107,1.7999367713928223,1.5791670083999634,1.5244903564453125,1.4183158874511719,1.5129327774047852,1.586293339729309,1.8548359870910645,1.9732861518859863,1.9669677019119263,1.8242396116256714,1.9365344047546387,1.9401155710220337,2.7242937088012695,2.5492260456085205,2.3003571033477783,2.211310625076294,2.0057501792907715,1.9886244535446167,1.883100152015686,1.9766143560409546,2.0293478965759277,2.2808244228363037,2.399275541305542,2.3918583393096924,2.2690250873565674,2.3741278648376465,2.385498285293579
A8,2.214670419692993,1.9327893257141113,1.6235296726226807,1.3304328918457031,0.995070219039917,0.6919411420822144,0.3874291479587555,0.0,0.3660071790218353,0.703742504119873,0.8830363750457764,1.042125940322876,0.8626084923744202,1.1875121593475342,1.2276443243026733,2.392925262451172,2.0946338176727295,1.7325308322906494,1.486199975013733,1.1396484375,0.8912007808685303,0.6304186582565308,0.5242757201194763,0.5978197455406189,0.8912471532821655,1.0348126888275146,1.199962854385376,1.0712453126907349,1.3255436420440674,1.3730906248092651,2.5270004272460938,2.2630703449249268,1.9134297370910645,1.7067492008209229,1.4056708812713623,1.2269110679626465,1.0257002115249634,0.9927800893783569,1.0352977514266968,1.2689028978347778,1.4293347597122192,1.5185461044311523,1.4220341444015503,1.6249204874038696,1.682613730430603,2.729856491088867,2.502466917037964,2.1943552494049072,2.0264077186584473,1.76090669631958,1.634368896484375,1.4662145376205444,1.4603538513183594,1.483049750328064,1.6877450942993164,1.8391752243041992,1.9064441919326782,1.8336083889007568,2.006244659423828,2.0749356746673584,3.006331205368042,2.806807279586792,2.526291608810425,2.400250196456909,2.1512467861175537,2.0770673751831055,1.92076575756073,1.9384673833847046,1.9502696990966797,2.1478593349456787,2.285773754119873,2.338226795196533,2.2740392684936523,2.4251978397369385,2.493710517883301
A9,2.410717248916626,2.160356283187866,1.8212939500808716,1.5764377117156982,1.2100085020065308,0.9793061017990112,0.605848491191864,0.3660071790218353,0.0,0.3971930742263794,0.5239711999893188,0.7463749647140503,0.6666967272758484,1.0314960479736328,1.1760863065719604,2.559598445892334,2.2938218116760254,1.920057773590088,1.720591425895691,1.3576833009719849,1.1575404405593872,0.8339462876319885,0.6881489753723145,0.5442888140678406,0.7615368962287903,0.809002161026001,0.9944269061088562,0.9446762204170227,1.2033954858779907,1.333362340927124,2.6767587661743164,2.4438576698303223,2.0828304290771484,1.9169601202011108,1.5946179628372192,1.4437142610549927,1.178183674812317,1.103766679763794,1.0223597288131714,1.2010362148284912,1.2882620096206665,1.3868474960327148,1.3500906229019165,1.5402039289474487,1.6590269804000854,2.8609280586242676,2.6614201068878174,2.340259075164795,2.206888198852539,1.9187344312667847,1.8116079568862915,1.5879528522491455,1.5524083375930786,1.4889652729034424,1.6538854837417603,1.746832251548767,1.8196289539337158,1.7919718027114868,1.9467140436172485,2.0593931674957275,3.117191791534424,2.942890167236328,2.6480154991149902,2.551994800567627,2.2809674739837646,2.2254161834716797,2.0220603942871094,2.0226495265960693,1.9682048559188843,2.138779401779175,2.2263412475585938,2.2841429710388184,2.255638360977173,2.3845112323760986,2.4865894317626953
A10,2.80374813079834,2.554853677749634,2.2143115997314453,1.9712069034576416,1.6052435636520386,1.366798996925354,0.9993749260902405,0.703742504119873,0.3971930742263794,0.0,0.39401331543922424,0.7454005479812622,0.861290693283081,1.2378696203231812,1.4647979736328125,2.931285858154297,2.6684019565582275,2.2906439304351807,2.0903713703155518,1.7194349765777588,1.4987094402313232,1.1498926877975464,0.9077097177505493,0.6250820159912109,0.6150067448616028,0.657619833946228,0.9553951621055603,1.0585589408874512,1.3561164140701294,1.5688303709030151,3.02173113822937,2.7891626358032227,2.416687250137329,2.245623826980591,1.9017058610916138,1.7215814590454102,1.4095079898834229,1.2396265268325806,1.0522319078445435,1.1006369590759277,1.1716538667678833,1.3531931638717651,1.4251233339309692,1.6520029306411743,1.8440430164337158,3.1731531620025635,2.971027374267578,2.6309196949005127,2.4891505241394043,2.1721017360687256,2.0342161655426025,1.759649395942688,1.6457270383834839,1.5019760131835938,1.5770800113677979,1.654775857925415,1.7894079685211182,1.843908667564392,2.027714967727661,2.2034735679626465,3.3938310146331787,3.2150444984436035,2.8968563079833984,2.791105031967163,2.488320827484131,2.4059014320373535,2.1538243293762207,2.0930233001708984,1.974402904510498,2.078967809677124,2.148437976837158,2.2556769847869873,2.2933592796325684,2.441570281982422,2.59945011138916
A11,2.7302772998809814,2.514075756072998,2.1544766426086426,1.9678922891616821,1.5905160903930664,1.4357504844665527,1.051475167274475,0.8830363750457764,0.5239711999893188,0.39401331543922424,0.0,0.4015005826950073,0.6095828413963318,0.9427773356437683,1.2310012578964233,2.810889720916748,2.5870354175567627,2.2087149620056152,2.065626382827759,1.6976008415222168,1.5500357151031494,1.1932563781738281,1.038252830505371,0.7388668656349182,0.7813064455986023,0.6102257370948792,0.7672595381736755,0.8726444840431213,1.0998142957687378,1.3464796543121338,2.8849728107452393,2.6921212673187256,2.3229711055755615,2.207693338394165,1.8688390254974365,1.7532588243484497,1.4334241151809692,1.323599934577942,1.105038046836853,1.1894809007644653,1.1367095708847046,1.2259774208068848,1.2855186462402344,1.4403854608535767,1.6452223062515259,3.0256547927856445,2.862349271774292,2.5277161598205566,2.438826560974121,2.128586769104004,2.0482311248779297,1.7665126323699951,1.6993769407272339,1.5286515951156616,1.6320505142211914,1.6230249404907227,1.6902488470077515,1.7292823791503906,1.8489208221435547,2.0230112075805664,3.2382314205169678,3.0971639156341553,2.7854788303375244,2.7289936542510986,2.434170961380005,2.404392719268799,2.1464152336120605,2.1275854110717773,1.986470341682434,2.1168148517608643,2.122284173965454,2.1784355640411377,2.200233221054077,2.2909202575683594,2.4393973350524902
A12,2.608078718185425,2.4026787281036377,2.044557809829712,1.9014077186584473,1.5367741584777832,1.456864356994629,1.097928762435913,1.042125940322876,0.7463749647140503,0.7454005479812622,0.4015005826950073,0.0,0.38413166999816895,0.6402335166931152,0.9788720011711121,2.599987030029297,2.3997793197631836,2.0254361629486084,1.9251207113265991,1.567257285118103,1.4805645942687988,1.132745623588562,1.0565974712371826,0.7869115471839905,0.8898252248764038,0.5945674777030945,0.5131510496139526,0.5733774304389954,0.7310920357704163,1.017573595046997,2.6262667179107666,2.456721544265747,2.0880937576293945,2.0139222145080566,1.6793065071105957,1.6171711683273315,1.2968701124191284,1.2450355291366577,1.0226930379867554,1.1620501279830933,1.0126315355300903,0.9776120781898499,0.9941712617874146,1.0823723077774048,1.2967298030853271,2.730952739715576,2.5900015830993652,2.2547595500946045,2.204441547393799,1.8985439538955688,1.866132140159607,1.582480549812317,1.5635089874267578,1.3865892887115479,1.5352537631988525,1.4577397108078003,1.4422105550765991,1.444472074508667,1.5078383684158325,1.6741787195205688,2.917252540588379,2.798069477081299,2.4870669841766357,2.4660751819610596,2.177442789077759,2.191505193710327,1.9334660768508911,1.958223581314087,1.812285304069519,1.9807738065719604,1.938942790031433,1.9344571828842163,1.924451470375061,1.9672001600265503,2.0997774600982666
A13,2.2263524532318115,2.0187199115753174,1.6606554985046387,1.5248092412948608,1.1646474599838257,1.1258151531219482,0.7975543737411499,0.8626084923744202,0.6666967272758484,0.861290693283081,0.6095828413963318,0.38413166999816895,0.0,0.38812917470932007,0.6409809589385986,2.2337698936462402,2.028489589691162,1.6538236141204834,1.5600799322128296,1.2103086709976196,1.164591670036316,0.8534756302833557,0.8946144580841064,0.7549706101417542,1.0080280303955078,0.8094285130500793,0.6915579438209534,0.504963755607605,0.5967954397201538,0.7596157193183899,2.2871925830841064,2.1143064498901367,1.75288987159729,1.6866759061813354,1.3729463815689087,1.3501150608062744,1.0813086032867432,1.1318299770355225,1.022181510925293,1.2718441486358643,1.1846750974655151,1.0933467149734497,0.9726550579071045,1.0194727182388306,1.1290082931518555,2.4291305541992188,2.2874629497528076,1.9691963195800781,1.9271514415740967,1.6511019468307495,1.652721643447876,1.4253158569335938,1.4866547584533691,1.3995553255081177,1.6292983293533325,1.5943233966827393,1.5321980714797974,1.4413396120071411,1.4803004264831543,1.5655518770217896,2.6579482555389404,2.5395731925964355,2.251748561859131,2.2381811141967773,1.9831169843673706,2.0229885578155518,1.818963885307312,1.9036428928375244,1.8301820755004883,2.058506488800049,2.0527002811431885,2.009368896484375,1.9291465282440186,1.9609609842300415,2.0281598567962646
A14,2.0757272243499756,1.916018009185791,1.5594300031661987,1.5114496946334839,1.190110206604004,1.2709699869155884,1.0179659128189087,1.1875121593475342,1.0314960479736328,1.2378696203231812,0.9427773356437683,0.6402335166931152,0.38812917470932007,0.0,0.37564221024513245,2.024064540863037,1.875658631324768,1.5232353210449219,1.517883539199829,1.2208211421966553,1.2896666526794434,1.0558935403823853,1.1975291967391968,1.112101435661316,1.3695300817489624,1.1326059103012085,0.9056104421615601,0.6587682962417603,0.4901411831378937,0.5623601078987122,2.0651185512542725,1.9493387937545776,1.615669846534729,1.6333869695663452,1.369863510131836,1.4465625286102295,1.2369325160980225,1.373396396636963,1.2965046167373657,1.5668613910675049,1.4249788522720337,1.2370413541793823,1.0521693229675293,0.9524765014648438,0.990474283695221,2.2072393894195557,2.120216131210327,1.8322921991348267,1.8653866052627563,1.6344349384307861,1.7196507453918457,1.5349678993225098,1.6685043573379517,1.6021889448165894,1.8618019819259644,1.774825930595398,1.6325526237487793,1.4867924451828003,1.425431728363037,1.45071280002594,2.442314863204956,2.3750526905059814,2.1178884506225586,2.169642925262451,1.9552892446517944,2.0647218227386475,1.8940000534057617,2.0403027534484863,1.9813990592956543,2.2416210174560547,2.194572925567627,2.0868258476257324,1.9605506658554077,1.918044090270996,1.9332584142684937
A15,1.7061570882797241,1.554909586906433,1.204150676727295,1.199233889579773,0.9223353266716003,1.0975823402404785,0.9509879350662231,1.2276443243026733,1.1760863065719604,1.4647979736328125,1.2310012578964233,0.9788720011711121,0.6409809589385986,0.37564221024513245,0.0,1.655855655670166,1.5141433477401733,1.1706438064575195,1.2060163021087646,0.9588266015052795,1.1187008619308472,0.9895133972167969,1.2395340204238892,1.2648844718933105,1.5833531618118286,1.4074040651321411,1.1911391019821167,0.8653913140296936,0.6661602854728699,0.494174599647522,1.7294975519180298,1.6223162412643433,1.311244010925293,1.3636322021484375,1.158526062965393,1.3057153224945068,1.1907721757888794,1.4200537204742432,1.4396731853485107,1.7634660005569458,1.6684205532073975,1.4615380764007568,1.198010802268982,1.0669755935668945,0.9700449705123901,1.9195842742919922,1.842618465423584,1.589402198791504,1.6478935480117798,1.4744359254837036,1.6098285913467407,1.5050400495529175,1.7117879390716553,1.7254722118377686,2.0328989028930664,1.9805678129196167,1.8113617897033691,1.5979340076446533,1.514508843421936,1.4488089084625244,2.206109046936035,2.148155927658081,1.9297847747802734,1.9988296031951904,1.8372091054916382,1.9794366359710693,1.8761613368988037,2.077009916305542,2.0847740173339844,2.385063648223877,2.367901086807251,2.2316300868988037,2.0482356548309326,1.9947664737701416,1.941158413887024
B1,0.6963931918144226,0.7445611953735352,0.8944517374038696,1.1924511194229126,1.4396663904190063,1.782262921333313,2.0184223651885986,2.392925262451172,2.559598445892334,2.931285858154297,2.810889720916748,2.599987030029297,2.2337698936462402,2.024064540863037,1.655855655670166,0.0,0.3929370045661926,0.6929687261581421,1.031720757484436,1.3336591720581055,1.692394733428955,1.9492624998092651,2.328601598739624,2.5724306106567383,2.942960739135742,2.884843349456787,2.671117067337036,2.288855791091919,2.087117910385132,1.7197133302688599,0.4992719292640686,0.6331754922866821,0.8640117645263672,1.146685242652893,1.4257049560546875,1.759560465812683,2.007164716720581,2.387794017791748,2.623300790786743,3.004981756210327,3.00093150138855,2.7515664100646973,2.380239725112915,2.2035953998565674,1.8609730005264282,0.9873129725456238,1.0573538541793823,1.2128818035125732,1.4213871955871582,1.6421302556991577,1.9362986087799072,2.1557633876800537,2.5226621627807617,2.7470715045928955,3.1268818378448486,3.145930290222168,2.9059367179870605,2.5546858310699463,2.4121463298797607,2.1055963039398193,1.4815592765808105,1.520504355430603,1.6233837604522705,1.7834352254867554,1.9457365274429321,2.1976780891418457,2.383275032043457,2.7278783321380615,2.937821626663208,3.314088821411133,3.3655030727386475,3.1401777267456055,2.807192325592041,2.7090260982513428,2.4332101345062256
B2,0.7168242335319519,0.5494288206100464,0.6894436478614807,0.895198404788971,1.1625295877456665,1.4716628789901733,1.7338138818740845,2.0946338176727295,2.2938218116760254,2.6684019565582275,2.5870354175567627,2.3997793197631836,2.028489589691162,1.875658631324768,1.5141433477401733,0.3929370045661926,0.0,0.38180166482925415,0.6630231142044067,0.9996775984764099,1.3409982919692993,1.628813624382019,2.0046539306640625,2.276050090789795,2.64758563041687,2.6258509159088135,2.4417905807495117,2.059575080871582,1.9109686613082886,1.5513702630996704,0.6205673813819885,0.48054948449134827,0.6075158715248108,0.8049726486206055,1.0946894884109497,1.406795620918274,1.6799839735031128,2.0587501525878906,2.3205292224884033,2.7034122943878174,2.7347030639648438,2.5136613845825195,2.1445233821868896,2.0200977325439453,1.689908742904663,1.0404542684555054,0.9619432091712952,1.0301347970962524,1.1487624645233154,1.3493287563323975,1.6086584329605103,1.841306209564209,2.2010834217071533,2.4474191665649414,2.827077627182007,2.8804666996002197,2.6687264442443848,2.323796272277832,2.231987237930298,1.9464857578277588,1.5108869075775146,1.4492684602737427,1.4838085174560547,1.567487359046936,1.696463704109192,1.9062659740447998,2.0932836532592773,2.422405242919922,2.6488826274871826,3.021476984024048,3.1047146320343018,2.9064691066741943,2.5834667682647705,2.533175230026245,2.28318452835083
B3,0.8674626350402832,0.6113147735595703,0.5308384299278259,0.651017963886261,0.8356863856315613,1.1426527500152588,1.3734642267227173,1.7325308322906494,1.920057773590088,2.2906439304351807,2.2087149620056152,2.0254361629486084,1.6538236141204834,1.5232353210449219,1.1706438064575195,0.6929687261581421,0.38180166482925415,0.0,0.37230390310287476,0.6411254405975342,1.0013337135314941,1.2616268396377563,1.6401746273040771,1.900113582611084,2.2727203369140625,2.2474210262298584,2.0719516277313232,1.6907860040664673,1.5621886253356934,1.213321328163147,0.8409096598625183,0.6267174482345581,0.4821261167526245,0.6093357801437378,0.796887218952179,1.1045981645584106,1.339293122291565,1.7149075269699097,1.961443543434143,2.3451762199401855,2.375124931335449,2.166356325149536,1.804785132408142,1.7020838260650635,1.3965967893600464,1.1800364255905151,1.0451408624649048,0.9671935439109802,1.0333819389343262,1.1333638429641724,1.3671679496765137,1.549195647239685,1.8945337533950806,2.119256019592285,2.495889902114868,2.5491158962249756,2.353832244873047,2.0250611305236816,1.9562351703643799,1.707493543624878,1.6064711809158325,1.5062601566314697,1.4416260719299316,1.4918358325958252,1.5359171628952026,1.7204368114471436,1.8520147800445557,2.1601598262786865,2.359365701675415,2.7251980304718018,2.8066463470458984,2.6283910274505615,2.328221559524536,2.298030138015747,2.089500665664673
B4,1.0802793502807617,0.7313985228538513,0.6267663836479187,0.5070162415504456,0.6754083037376404,0.8891083598136902,1.1577304601669312,1.486199975013733,1.720591425895691,2.0903713703155518,2.065626382827759,1.9251207113265991,1.5600799322128296,1.517883539199829,1.2060163021087646,1.031720757484436,0.6630231142044067,0.37230390310287476,0.0,0.3782598674297333,0.6828323602676392,0.9997889399528503,1.3664720058441162,1.666474461555481,2.0372278690338135,2.065537452697754,1.939889669418335,1.5728843212127686,1.5286809206008911,1.2222672700881958,1.1455068588256836,0.8410001993179321,0.6041969656944275,0.47502365708351135,0.5889043807983398,0.816109299659729,1.0836236476898193,1.4464662075042725,1.7287967205047607,2.1093978881835938,2.190356969833374,2.028532028198242,1.6838164329528809,1.6601603031158447,1.3964474201202393,1.417289137840271,1.1922454833984375,1.0357238054275513,0.9614520072937012,0.9944507479667664,1.1418206691741943,1.3276090621948242,1.6483473777770996,1.898872971534729,2.269005537033081,2.369814872741699,2.2191202640533447,1.9108816385269165,1.912724494934082,1.706626296043396,1.7934929132461548,1.6177477836608887,1.4929184913635254,1.4475990533828735,1.4374783039093018,1.5470662117004395,1.6685680150985718,1.9421228170394897,2.157790184020996,2.5119075775146484,2.6348812580108643,2.4970126152038574,2.219158411026001,2.25026798248291,2.0823416709899902
B5,1.3494027853012085,1.0205515623092651,0.7917984127998352,0.5754666924476624,0.4997139573097229,0.6324417591094971,0.8246868848800659,1.1396484375,1.3576833009719849,1.7194349765777588,1.6976008415222168,1.567257285118103,1.2103086709976196,1.2208211421966553,0.9588266015052795,1.3336591720581055,0.9996775984764099,0.6411254405975342,0.3782598674297333,0.0,0.3714315891265869,0.6312808394432068,1.0064419507980347,1.2922779321670532,1.6658456325531006,1.6917930841445923,1.5838369131088257,1.2262173891067505,1.229665756225586,0.972389280796051,1.4184010028839111,1.1285719871520996,0.8000316619873047,0.6224755644798279,0.4741959869861603,0.6090115904808044,0.7769106030464172,1.1252027750015259,1.3823760747909546,1.763084888458252,1.8436999320983887,1.7044211626052856,1.3803863525390625,1.3991378545761108,1.1947847604751587,1.6390506029129028,1.4084420204162598,1.162239670753479,1.0508567094802856,0.9427977800369263,1.0221456289291382,1.1076455116271973,1.3894165754318237,1.601486325263977,1.9625179767608643,2.062697172164917,1.938530445098877,1.6620231866836548,1.6988195180892944,1.5544347763061523,1.9676135778427124,1.7806533575057983,1.581154465675354,1.5123951435089111,1.4058984518051147,1.4744023084640503,1.5107922554016113,1.7426724433898926,1.9135446548461914,2.252249002456665,2.370410203933716,2.261061668395996,2.0202279090881348,2.075850009918213,1.9654347896575928
B6,1.659388780593872,1.3112889528274536,1.0910183191299438,0.7855983376502991,0.6303862929344177,0.5181110501289368,0.6711153984069824,0.8912007808685303,1.1575404405593872,1.4987094402313232,1.5500357151031494,1.4805645942687988,1.164591670036316,1.2896666526794434,1.1187008619308472,1.692394733428955,1.3409982919692993,1.0013337135314941,0.6828323602676392,0.3714315891265869,0.0,0.375326931476593,0.7019431591033936,1.036188006401062,1.3975132703781128,1.4920958280563354,1.4579533338546753,1.1486248970031738,1.2663145065307617,1.1030759811401367,1.7624526023864746,1.444678783416748,1.105687141418457,0.8396600484848022,0.5888006687164307,0.4713818430900574,0.5713966488838196,0.8526811599731445,1.1386195421218872,1.5036386251449585,1.6461683511734009,1.577565312385559,1.3023134469985962,1.4212501049041748,1.2969928979873657,1.9441425800323486,1.67440927028656,1.3904181718826294,1.19318425655365,1.0028390884399414,0.9442148208618164,0.9692079424858093,1.1736894845962524,1.3902091979980469,1.7277292013168335,1.880966305732727,1.8211488723754883,1.5924769639968872,1.7109975814819336,1.6343357563018799,2.2294347286224365,1.999940037727356,1.7570492029190063,1.6175471544265747,1.4470535516738892,1.423194169998169,1.411520004272461,1.5729886293411255,1.7367122173309326,2.0461997985839844,2.2051827907562256,2.1516616344451904,1.9552935361862183,2.075906991958618,2.023937463760376
B7,1.9242982864379883,1.6058480739593506,1.3296643495559692,1.0509905815124512,0.7752181887626648,0.5965108275413513,0.5007345676422119,0.6304186582565308,0.8339462876319885,1.1498926877975464,1.1932563781738281,1.132745623588562,0.8534756302833557,1.0558935403823853,0.9895133972167969,1.9492624998092651,1.628813624382019,1.2616268396377563,0.9997889399528503,0.6312808394432068,0.375326931476593,0.0,0.38036802411079407,0.6720707416534424,1.0437957048416138,1.1210142374038696,1.1103622913360596,0.8339148759841919,1.0247802734375,0.9637852907180786,1.9996591806411743,1.709596872329712,1.3402020931243896,1.11411714553833,0.7854626774787903,0.6207404136657715,0.4566422700881958,0.6311662197113037,0.8333165645599365,1.1939138174057007,1.320176601409912,1.2809561491012573,1.0529958009719849,1.2197272777557373,1.1872851848602295,2.1504509449005127,1.900050401687622,1.5775188207626343,1.3995559215545654,1.1325476169586182,1.0383341312408447,0.9198282361030579,1.0393412113189697,1.166192650794983,1.4791127443313599,1.6134999990463257,1.5838942527770996,1.4079669713974,1.5532596111297607,1.5517773628234863,2.4007418155670166,2.1841886043548584,1.9003124237060547,1.7720284461975098,1.5368610620498657,1.495216965675354,1.3855042457580566,1.490219235420227,1.5755795240402222,1.856298565864563,1.991275429725647,1.966644048690796,1.820507526397705,1.9516775608062744,1.9612433910369873
B8,2.291391134262085,1.9703270196914673,1.694237470626831,1.3977547883987427,1.1081775426864624,0.8487520217895508,0.6490890979766846,0.5242757201194763,0.6881489753723145,0.9077097177505493,1.038252830505371,1.0565974712371826,0.8946144580841064,1.1975291967391968,1.2395340204238892,2.328601598739624,2.0046539306640625,1.6401746273040771,1.3664720058441162,1.0064419507980347,0.7019431591033936,0.38036802411079407,0.0,0.36987078189849854,0.7042909264564514,0.8721994757652283,0.9763529896736145,0.8257872462272644,1.1299629211425781,1.1851640939712524,2.3626937866210938,2.0650062561035156,1.6892420053482056,1.4416682720184326,1.0934165716171265,0.8431226015090942,0.5668390393257141,0.4691389501094818,0.5880836248397827,0.8918521404266357,1.0844486951828003,1.1519612073898315,1.0315078496932983,1.2937895059585571,1.3606486320495605,2.481947183609009,2.2175192832946777,1.8736666440963745,1.6639877557754517,1.353936791419983,1.1758185625076294,0.9665778279304504,0.9365847110748291,0.9914624691009521,1.2374767065048218,1.4143953323364258,1.4714758396148682,1.3825058937072754,1.6007707118988037,1.681074857711792,2.6934313774108887,2.45817494392395,2.1440579891204834,1.981188416481018,1.6978024244308472,1.5893112421035767,1.4097405672073364,1.414481282234192,1.4434298276901245,1.6639964580535889,1.8216813802719116,1.8662941455841064,1.7913997173309326,1.9760428667068481,2.055481195449829
B9,2.546959400177002,2.251662254333496,1.9451215267181396,1.6798202991485596,1.3502976894378662,1.1152441501617432,0.8132318258285522,0.5978197455406189,0.5442888140678406,0.6250820159912109,0.7388668656349182,0.7869115471839905,0.7549706101417542,1.112101435661316,1.2648844718933105,2.5724306106567383,2.276050090789795,1.900113582611084,1.666474461555481,1.2922779321670532,1.036188006401062,0.6720707416534424,0.36987078189849854,0.0,0.38270074129104614,0.5163390040397644,0.7033390998840332,0.6852532625198364,1.0436007976531982,1.2095630168914795,2.594413995742798,2.3245837688446045,1.9389632940292358,1.7299368381500244,1.366019606590271,1.147773265838623,0.8100023865699768,0.6171457767486572,0.4832818806171417,0.6929154396057129,0.8334563374519348,0.9600858688354492,0.9460234642028809,1.2304015159606934,1.388947606086731,2.694310188293457,2.4546902179718018,2.0970983505249023,1.9188323020935059,1.5848811864852905,1.4194462299346924,1.1389192342758179,1.0361818075180054,0.9512947797775269,1.1224349737167358,1.2483090162277222,1.3441407680511475,1.3344852924346924,1.5571362972259521,1.7070728540420532,2.8808114528656006,2.6668498516082764,2.334695816040039,2.1965346336364746,1.8846778869628906,1.7839237451553345,1.5402988195419312,1.4983965158462524,1.4314404726028442,1.6000266075134277,1.709517240524292,1.7833669185638428,1.7696080207824707,1.946774959564209,2.081125497817993
B10,2.9294683933258057,2.6335699558258057,2.327603816986084,2.0597877502441406,1.7299357652664185,1.480432391166687,1.1712092161178589,0.8912471532821655,0.7615368962287903,0.6150067448616028,0.7813064455986023,0.8898252248764038,1.0080280303955078,1.3695300817489624,1.5833531618118286,2.942960739135742,2.64758563041687,2.2727203369140625,2.0372278690338135,1.6658456325531006,1.3975132703781128,1.0437957048416138,0.7042909264564514,0.38270074129104614,0.0,0.3782486617565155,0.7215034365653992,0.8843663930892944,1.2604353427886963,1.4944243431091309,2.9423372745513916,2.6714775562286377,2.2818875312805176,2.0671560764312744,1.6962366104125977,1.4540867805480957,1.1001230478286743,0.8074802160263062,0.5384557843208313,0.49310627579689026,0.664534866809845,0.932098388671875,1.0617984533309937,1.3864102363586426,1.6150217056274414,3.0103516578674316,2.7661774158477783,2.39593768119812,2.2065725326538086,1.8531831502914429,1.6532500982284546,1.3312602043151855,1.1258280277252197,0.9384352564811707,0.9722310900688171,1.1031463146209717,1.2947595119476318,1.3911936283111572,1.655728816986084,1.8726145029067993,3.1589438915252686,2.9373226165771484,2.585635185241699,2.4323625564575195,2.092806577682495,1.956048607826233,1.664186716079712,1.5394859313964844,1.396485686302185,1.4747953414916992,1.5773465633392334,1.7215090990066528,1.7900899648666382,1.999851107597351,2.196760416030884
B11,2.9149532318115234,2.6488964557647705,2.3221323490142822,2.1036527156829834,1.7571628093719482,1.5753241777420044,1.235361099243164,1.0348126888275146,0.809002161026001,0.657619833946228,0.6102257370948792,0.5945674777030945,0.8094285130500793,1.1326059103012085,1.4074040651321411,2.884843349456787,2.6258509159088135,2.2474210262298584,2.065537452697754,1.6917930841445923,1.4920958280563354,1.1210142374038696,0.8721994757652283,0.5163390040397644,0.3782486617565155,0.0,0.39387619495391846,0.661785900592804,1.006620168685913,1.3013261556625366,2.865321397781372,2.632343292236328,2.2420108318328857,2.082171678543091,1.7108678817749023,1.5347671508789062,1.164833903312683,0.9438638091087341,0.6182698011398315,0.6095082759857178,0.5353999137878418,0.7170443534851074,0.8823225498199463,1.154877781867981,1.4268096685409546,2.91793155670166,2.7113261222839355,2.341374635696411,2.205658197402954,1.8529913425445557,1.7136554718017578,1.3745625019073486,1.218851089477539,0.9768825769424438,1.0306538343429565,1.0261256694793701,1.1488341093063354,1.253160834312439,1.4583966732025146,1.6967830657958984,3.0528013706207275,2.8680901527404785,2.5169475078582764,2.414457321166992,2.076211452484131,1.995316743850708,1.6868141889572144,1.6037304401397705,1.4167567491531372,1.5143018960952759,1.526540994644165,1.6199382543563843,1.6869935989379883,1.8372690677642822,2.04128098487854
B12,2.777153491973877,2.530198335647583,2.205409526824951,2.0359342098236084,1.7044492959976196,1.6010899543762207,1.2861692905426025,1.199962854385376,0.9944269061088562,0.9553951621055603,0.7672595381736755,0.5131510496139526,0.6915579438209534,0.9056104421615601,1.1911391019821167,2.671117067337036,2.4417905807495117,2.0719516277313232,1.939889669418335,1.5838369131088257,1.4579533338546753,1.1103622913360596,0.9763529896736145,0.7033390998840332,0.7215034365653992,0.39387619495391846,0.0,0.38312193751335144,0.6683914661407471,1.0008587837219238,2.6111159324645996,2.4074156284332275,2.0224661827087402,1.9119689464569092,1.5520514249801636,1.4450182914733887,1.0867875814437866,0.9619090557098389,0.6680065393447876,0.7683022022247314,0.5396807789802551,0.4704780578613281,0.5823327898979187,0.7885538935661316,1.0860555171966553,2.632662534713745,2.454202890396118,2.0873637199401855,1.999056100845337,1.6556578874588013,1.5798362493515015,1.2450945377349854,1.1661146879196167,0.9280312657356262,1.0597096681594849,0.9498320817947388,0.9381860494613647,0.9866465330123901,1.120924472808838,1.356258511543274,2.7451541423797607,2.588029146194458,2.240417718887329,2.182432174682617,1.8542426824569702,1.8317925930023193,1.5274220705032349,1.510037899017334,1.3229221105575562,1.4802452325820923,1.4263166189193726,1.4307550191879272,1.4500205516815186,1.5363630056381226,1.720913290977478
B13,2.407214403152466,2.1608493328094482,1.8423022031784058,1.6893483400344849,1.3750197887420654,1.320620059967041,1.0498229265213013,1.0712453126907349,0.9446762204170227,1.0585589408874512,0.8726444840431213,0.5733774304389954,0.504963755607605,0.6587682962417603,0.8653913140296936,2.288855791091919,2.059575080871582,1.6907860040664673,1.5728843212127686,1.2262173891067505,1.1486248970031738,0.8339148759841919,0.8257872462272644,0.6852532625198364,0.8843663930892944,0.661785900592804,0.38312193751335144,0.0,0.38036036491394043,0.6463272571563721,2.2370262145996094,2.0334153175354004,1.6498491764068604,1.554245114326477,1.2047985792160034,1.1476212739944458,0.824594259262085,0.8331974744796753,0.6798315644264221,0.943402886390686,0.8044601678848267,0.6268506646156311,0.4699757695198059,0.6014982461929321,0.7994608879089355,2.2816433906555176,2.105422019958496,1.747491478919983,1.6754648685455322,1.3524878025054932,1.3255103826522827,1.0399113893508911,1.0758154392242432,0.953310489654541,1.2036391496658325,1.137205719947815,1.0379501581192017,0.939871072769165,1.0196467638015747,1.1582365036010742,2.4290966987609863,2.27659273147583,1.9463955163955688,1.9052640199661255,1.6066957712173462,1.626585841178894,1.3774120807647705,1.4477092027664185,1.3495467901229858,1.5908669233322144,1.569078803062439,1.5077518224716187,1.4278416633605957,1.4826608896255493,1.585007667541504
