,A1,A2,A3,A4,A5,A6,A7,A8,A9,A10,A11,A12,A13,A14,A15,B1,B2,B3,B4,B5,B6,B7,B8,B9,B10,B11,B12,B13,B14,B15,C1,C2,C3,C4,C5,C6,C7,C8,C9,C10,C11,C12,C13,C14,C15,D1,D2,D3,D4,D5,D6,D7,D8,D9,D10,D11,D12,D13,D14,D15,E1,E2,E3,E4,E5,E6,E7,E8,E9,E10,E11,E12,E13,E14,E15
A1,0.0,0.3819907605648041,0.6213036179542542,0.9655976891517639,1.2895176410675049,1.5229700803756714,1.821720838546753,2.043592929840088,2.3252110481262207,2.4719576835632324,2.7006680965423584,2.85497784614563,3.0667736530303955,3.4152019023895264,3.564483404159546,4.833506107330322,4.949529647827148,5.249077320098877,5.393095970153809,5.590590953826904,5.795661926269531,5.681600570678711,5.874042987823486,5.676027774810791,5.447995185852051,5.547704219818115,5.581743240356445,5.368311882019043,5.550420761108398,5.307642459869385,5.060595512390137,5.134483814239502,5.203228950500488,5.450560569763184,5.546607971191406,5.798208713531494,6.159482002258301,6.335732936859131,6.651585102081299,6.596151828765869,6.939414024353027,6.917176246643066,7.003790378570557,7.124881744384766,7.03443717956543,6.059029579162598,5.947454929351807,5.791916847229004,5.93219518661499,5.696037292480469,5.730814456939697,5.948948383331299,5.985233306884766,6.334453582763672,6.536593437194824,6.750397682189941,7.049832344055176,7.164799690246582,7.50385856628418,7.597030162811279,7.341423034667969,7.252773761749268,7.065502166748047,6.758450508117676,6.817056655883789,6.657962799072266,6.417768955230713,6.448406219482422,6.150063991546631,6.267197608947754,5.9454193115234375,6.118746280670166,5.876052379608154,5.975533962249756,5.959770202636719
A2,0.3819907605648041,0.0,0.3727836608886719,0.6947594285011292,0.9866341948509216,1.234828233718872,1.540777564048767,1.7691869735717773,2.071406126022339,2.238072156906128,2.4970829486846924,2.663724899291992,2.9049386978149414,3.2474727630615234,3.4231173992156982,4.625096797943115,4.720975875854492,5.015073776245117,5.152975559234619,5.334132194519043,5.536416053771973,5.4098920822143555,5.60617208480835,5.40637731552124,5.192678451538086,5.295637130737305,5.350680828094482,5.144463062286377,5.3468337059021,5.121359825134277,4.917499542236328,4.972192287445068,5.057519912719727,5.285766124725342,5.390034198760986,5.625000476837158,5.991645812988281,6.149617671966553,6.465912342071533,6.399195671081543,6.742795467376709,6.728217601776123,6.801367282867432,6.934314250946045,6.837313652038574,5.93186092376709,5.831140518188477,5.695639610290527,5.847169399261475,5.630876541137695,5.6722564697265625,5.909154891967773,5.9414472579956055,6.290018558502197,6.472733974456787,6.687607288360596,6.974364280700684,7.070955276489258,7.407179355621338,7.482088565826416,7.219031810760498,7.147796154022217,6.961913585662842,6.66696310043335,6.736523628234863,6.595531940460205,6.361452102661133,6.413578510284424,6.123227119445801,6.261390209197998,5.95167875289917,6.145328521728516,5.919722557067871,6.038835525512695,6.042154788970947
A3,0.6213036179542542,0.3727836608886719,0.0,0.3675316870212555,0.7094159722328186,1.0064034461975098,1.257735013961792,1.531728982925415,1.8018686771392822,2.0071942806243896,2.242964744567871,2.446953296661377,2.6711535453796387,3.0272765159606934,3.18576979637146,4.331936359405518,4.440516948699951,4.7245330810546875,4.880166053771973,5.058290004730225,5.2758307456970215,5.164857387542725,5.376547813415527,5.194980144500732,4.98807954788208,5.113592147827148,5.169370174407959,4.982943058013916,5.187525749206543,4.972165584564209,4.679197788238525,4.716175079345703,4.787725925445557,5.008626461029053,5.097559452056885,5.328948497772217,5.693012714385986,5.853813648223877,6.1775641441345215,6.122791290283203,6.473126411437988,6.472745895385742,6.555387020111084,6.700167655944824,6.617604732513428,5.742836952209473,5.627284049987793,5.5053791999816895,5.64262580871582,5.432217121124268,5.457090854644775,5.694895267486572,5.708427906036377,6.049498558044434,6.227100372314453,6.429213523864746,6.715242385864258,6.805117607116699,7.147661209106445,7.220403671264648,7.023880481719971,6.961175441741943,6.790430068969727,6.4955034255981445,6.583487033843994,6.44178581237793,6.224016189575195,6.2770538330078125,6.000101089477539,6.140036582946777,5.840958595275879,6.047709941864014,5.8221917152404785,5.96053409576416,5.9598708152771
A4,0.9655976891517639,0.6947594285011292,0.3675316870212555,0.0,0.3575068712234497,0.6743459701538086,0.892789363861084,1.184454321861267,1.4441584348678589,1.6708866357803345,1.90768563747406,2.131071090698242,2.360630512237549,2.7160556316375732,2.88067889213562,3.9783222675323486,4.082011699676514,4.363028526306152,4.5196123123168945,4.693763732910156,4.913639068603516,4.804808139801025,5.021658897399902,4.8466477394104,4.645391941070557,4.781389236450195,4.842630386352539,4.668235778808594,4.879743576049805,4.676151752471924,4.365789890289307,4.388402938842773,4.464677333831787,4.67445182800293,4.765010356903076,4.9879984855651855,5.353846073150635,5.506927490234375,5.831326961517334,5.774046897888184,6.1255011558532715,6.131184101104736,6.211385250091553,6.363820552825928,6.283788681030273,5.4515910148620605,5.336065292358398,5.229965686798096,5.367754936218262,5.171411991119385,5.1949076652526855,5.443760871887207,5.449934959411621,5.78784704208374,5.951580047607422,6.15150785446167,6.428948879241943,6.506688594818115,6.848155975341797,6.910431385040283,6.7298173904418945,6.67894983291626,6.515223503112793,6.227100849151611,6.328182697296143,6.196199893951416,5.989424705505371,6.054676055908203,5.789160251617432,5.941688060760498,5.655807018280029,5.879983425140381,5.666441917419434,5.8253583908081055,5.835824966430664
A5,1.2895176410675049,0.9866341948509216,0.7094159722328186,0.3575068712234497,0.0,0.3623300790786743,0.5664653778076172,0.8577846884727478,1.134583830833435,1.3760558366775513,1.6396652460098267,1.8696775436401367,2.12443470954895,2.466200351715088,2.655313730239868,3.6957435607910156,3.7802071571350098,4.0605669021606445,4.207242965698242,4.372740268707275,4.586882591247559,4.4688286781311035,4.685519218444824,4.5086750984191895,4.315361022949219,4.453768253326416,4.527752876281738,4.360221862792969,4.584915637969971,4.395718574523926,4.1227545738220215,4.131411552429199,4.224926948547363,4.418928146362305,4.521197319030762,4.730569362640381,5.100564479827881,5.237608909606934,5.558825969696045,5.4896039962768555,5.838859558105469,5.846963882446289,5.915760517120361,6.074704170227051,5.988803863525391,5.212052345275879,5.1070556640625,5.018390655517578,5.166433334350586,4.989290714263916,5.0208740234375,5.285937786102295,5.291690826416016,5.628357410430908,5.773305892944336,5.976564884185791,6.240662097930908,6.302799224853516,6.6386799812316895,6.685120582580566,6.489274024963379,6.452591896057129,6.290260314941406,6.013594627380371,6.1235032081604,6.007882118225098,5.80783748626709,5.891827583312988,5.635554790496826,5.806248188018799,5.533936500549316,5.775634288787842,5.5800957679748535,5.756842613220215,5.78573751449585
A6,1.5229700803756714,1.234828233718872,1.0064034461975098,0.6743459701538086,0.3623300790786743,0.0,0.38245877623558044,0.536745548248291,0.8576391339302063,1.0472990274429321,1.3417706489562988,1.5417087078094482,1.821592926979065,2.1470935344696045,2.3612258434295654,3.4380240440368652,3.507817268371582,3.802452325820923,3.9285755157470703,4.104153156280518,4.30271053314209,4.1764607429504395,4.378983020782471,4.190894603729248,3.987104892730713,4.11464262008667,4.183187007904053,4.007867336273193,4.230892658233643,4.03952169418335,3.821094036102295,3.838331460952759,3.951046943664551,4.146059036254883,4.269046306610107,4.478006839752197,4.851799964904785,4.98167610168457,5.293153285980225,5.209606170654297,5.551790714263916,5.547158718109131,5.6075639724731445,5.758142948150635,5.662482738494873,4.883172512054443,4.790517330169678,4.703622817993164,4.8652472496032715,4.6966986656188965,4.74351167678833,5.01950740814209,5.037559986114502,5.378690719604492,5.514057636260986,5.729650497436523,5.985234260559082,6.043209075927734,6.370473861694336,6.4101409912109375,6.163769245147705,6.129242420196533,5.96071720123291,5.689547538757324,5.796724319458008,5.6905198097229,5.488376617431641,5.583786964416504,5.32895040512085,5.511596202850342,5.245636463165283,5.496307373046875,5.315038204193115,5.500370502471924,5.546136856079102
A7,1.821720838546753,1.540777564048767,1.257735013961792,0.892789363861084,0.5664653778076172,0.38245877623558044,0.0,0.38353580236434937,0.5849920511245728,0.8853412866592407,1.1366193294525146,1.405759334564209,1.6606204509735107,1.9907877445220947,2.186467170715332,3.1378653049468994,3.2161107063293457,3.4949283599853516,3.6421923637390137,3.807525873184204,4.025074481964111,3.9150469303131104,4.13883113861084,3.9748928546905518,3.786445379257202,3.944171905517578,4.020505905151367,3.8751940727233887,4.105546474456787,3.9351747035980225,3.6195247173309326,3.6057417392730713,3.706500291824341,3.883348226547241,3.989650011062622,4.186976432800293,4.558928966522217,4.68535041809082,5.005833148956299,4.933155059814453,5.283282279968262,5.298669338226318,5.366090774536133,5.534631252288818,5.454735279083252,4.7397356033325195,4.633274555206299,4.570134162902832,4.716582775115967,4.562995433807373,4.591710567474365,4.872018337249756,4.866626739501953,5.196098804473877,5.318483829498291,5.5182600021362305,5.767775058746338,5.811882019042969,6.144486427307129,6.175864219665527,6.006172180175781,5.986789226531982,5.837207317352295,5.571358680725098,5.702013969421387,5.6007585525512695,5.420605182647705,5.521723747253418,5.286521911621094,5.474360466003418,5.225952625274658,5.492577075958252,5.3172454833984375,5.524792194366455,5.569590091705322
A8,2.043592929840088,1.7691869735717773,1.531728982925415,1.184454321861267,0.8577846884727478,0.536745548248291,0.38353580236434937,0.0,0.36757776141166687,0.5525450110435486,0.8738478422164917,1.0883431434631348,1.3886162042617798,1.6884921789169312,1.9255149364471436,2.9268672466278076,2.9813449382781982,3.279970169067383,3.396239757537842,3.5738277435302734,3.767963409423828,3.643332004547119,3.846362829208374,3.664104461669922,3.4615845680236816,3.6017329692840576,3.6727869510650635,3.514185667037964,3.7441999912261963,3.570368528366089,3.344085454940796,3.3434510231018066,3.4725193977355957,3.6505892276763916,3.7863874435424805,3.9825022220611572,4.35915994644165,4.474950790405273,4.781540393829346,4.688257217407227,5.028207778930664,5.025594234466553,5.080047607421875,5.23679256439209,5.141666412353516,4.421584129333496,4.333847522735596,4.2715840339660645,4.4379706382751465,4.295042514801025,4.345760822296143,4.639456748962402,4.652310371398926,4.987880229949951,5.098833084106445,5.315536975860596,5.554208278656006,5.5938873291015625,5.914535045623779,5.937469005584717,5.693968772888184,5.676473617553711,5.516632080078125,5.258038520812988,5.382561683654785,5.293721675872803,5.10845422744751,5.224112033843994,4.9888129234313965,5.191336631774902,4.949466228485107,5.224730968475342,5.067155838012695,5.281522274017334,5.347104072570801
A9,2.3252110481262207,2.071406126022339,1.8018686771392822,1.4441584348678589,1.134583830833435,0.8576391339302063,0.5849920511245728,0.36757776141166687,0.0,0.3850230276584625,0.5922378301620483,0.8879790306091309,1.1398870944976807,1.445023536682129,1.6539541482925415,2.5818521976470947,2.6542859077453613,2.947942018508911,3.0831470489501953,3.266986131668091,3.4775147438049316,3.376910448074341,3.5946757793426514,3.4365291595458984,3.2363388538360596,3.4043221473693848,3.4667651653289795,3.3348166942596436,3.5586626529693604,3.3967604637145996,3.051161050796509,3.0305275917053223,3.1456127166748047,3.316629409790039,3.4395668506622314,3.634000539779663,4.00922155380249,4.1294941902160645,4.44240665435791,4.36109733581543,4.707552433013916,4.716725826263428,4.783665657043457,4.949924468994141,4.871937274932861,4.179905414581299,4.075201034545898,4.029435157775879,4.179063320159912,4.045799732208252,4.079596519470215,4.374861240386963,4.36909818649292,4.695478916168213,4.797883033752441,5.003080368041992,5.2385430335998535,5.270736217498779,5.595953941345215,5.616454124450684,5.43900203704834,5.42989444732666,5.2874650955200195,5.030031204223633,5.174335956573486,5.08542537689209,4.920413970947266,5.036740779876709,4.819602012634277,5.0231828689575195,4.797384738922119,5.08522891998291,4.932186126708984,5.166321277618408,5.229652404785156
A10,2.4719576835632324,2.238072156906128,2.0071942806243896,1.6708866357803345,1.3760558366775513,1.0472990274429321,0.8853412866592407,0.5525450110435486,0.3850230276584625,0.0,0.3799610733985901,0.5450106263160706,0.8618353009223938,1.1386280059814453,1.3941285610198975,2.4705801010131836,2.527804374694824,2.850219964981079,2.9487905502319336,3.159688949584961,3.3406822681427,3.230457067489624,3.4171102046966553,3.2363803386688232,3.007021903991699,3.148237466812134,3.1877851486206055,3.031346321105957,3.240651845932007,3.0595297813415527,2.799381732940674,2.8119454383850098,2.953063726425171,3.1412453651428223,3.2969484329223633,3.502227783203125,3.87984299659729,3.999302625656128,4.294492244720459,4.194762706756592,4.528293609619141,4.509644985198975,4.569003582000732,4.712759494781494,4.619300842285156,3.8701066970825195,3.781750202178955,3.7232320308685303,3.8929407596588135,3.7594058513641357,3.8178277015686035,4.121182918548584,4.141017913818359,4.4777512550354,4.578273296356201,4.805053234100342,5.035800933837891,5.0738019943237305,5.387104511260986,5.408266067504883,5.142010688781738,5.124561786651611,4.967395305633545,4.710101127624512,4.840950012207031,4.756356239318848,4.579963684082031,4.70317268371582,4.479600429534912,4.691656112670898,4.465671062469482,4.756025314331055,4.615027904510498,4.84977912902832,4.929707050323486
A11,2.7006680965423584,2.4970829486846924,2.242964744567871,1.90768563747406,1.6396652460098267,1.3417706489562988,1.1366193294525146,0.8738478422164917,0.5922378301620483,0.3799610733985901,0.0,0.37492215633392334,0.550226628780365,0.8676562309265137,1.0638107061386108,2.1760354042053223,2.2726950645446777,2.597994804382324,2.718202829360962,2.953204393386841,3.1498022079467773,3.076773166656494,3.271249532699585,3.1180930137634277,2.8785266876220703,3.044253349304199,3.0541234016418457,2.920862913131714,3.104330062866211,2.921868324279785,2.4883651733398438,2.4978630542755127,2.613556385040283,2.814152240753174,2.9547276496887207,3.1746511459350586,3.5492115020751953,3.687819242477417,3.988333225250244,3.907660961151123,4.247295379638672,4.233058929443359,4.3152852058410645,4.459100723266602,4.387759208679199,3.613205671310425,3.498197317123413,3.4437308311462402,3.5899417400360107,3.453711986541748,3.491417169570923,3.7900540828704834,3.793821096420288,4.1252264976501465,4.227832317352295,4.445663928985596,4.68131160736084,4.72272253036499,5.043307304382324,5.072861671447754,4.874819755554199,4.85537052154541,4.715142250061035,4.450445175170898,4.597134590148926,4.501781463623047,4.343315124511719,4.456679821014404,4.247885227203369,4.452264308929443,4.237328052520752,4.534640312194824,4.391006946563721,4.641564846038818,4.712589740753174
A12,2.85497784614563,2.663724899291992,2.446953296661377,2.131071090698242,1.8696775436401367,1.5417087078094482,1.405759334564209,1.0883431434631348,0.8879790306091309,0.5450106263160706,0.37492215633392334,0.0,0.37825703620910645,0.6111369729042053,0.8920905590057373,2.167527914047241,2.238161563873291,2.588855743408203,2.662057638168335,2.920287609100342,3.0790345668792725,2.991337537765503,3.147573709487915,2.967379331588745,2.697849988937378,2.8280155658721924,2.8131144046783447,2.649106025695801,2.8158373832702637,2.6100709438323975,2.302680492401123,2.354668140411377,2.504945993423462,2.7220466136932373,2.9020395278930664,3.129411220550537,3.503262519836426,3.6365365982055664,3.9139561653137207,3.810192108154297,4.132323265075684,4.086141586303711,4.1562113761901855,4.274008274078369,4.182365894317627,3.345705986022949,3.253819704055786,3.183741807937622,3.3572654724121094,3.221787214279175,3.292097568511963,3.6006414890289307,3.63677978515625,3.9796106815338135,4.078839302062988,4.3219428062438965,4.550317287445068,4.597287654876709,4.902266502380371,4.930936336517334,4.62293815612793,4.59441614151001,4.4351277351379395,4.17167329788208,4.301045894622803,4.212352275848389,4.038569927215576,4.161772727966309,3.9439451694488525,4.159847736358643,3.943932056427002,4.24400520324707,4.1154327392578125,4.36531400680542,4.456976890563965
A13,3.0667736530303955,2.9049386978149414,2.6711535453796387,2.360630512237549,2.12443470954895,1.821592926979065,1.6606204509735107,1.3886162042617798,1.1398870944976807,0.8618353009223938,0.550226628780365,0.37825703620910645,0.0,0.3876868188381195,0.5441215634346008,1.9578781127929688,2.077988862991333,2.429342269897461,2.522967576980591,2.8099842071533203,2.9810330867767334,2.9363975524902344,3.0949370861053467,2.945115089416504,2.6638166904449463,2.8140218257904053,2.7595744132995605,2.6187403202056885,2.746609926223755,2.534144163131714,2.0158584117889404,2.0792088508605957,2.195629835128784,2.4383938312530518,2.6020636558532715,2.853123664855957,3.2204766273498535,3.3804008960723877,3.6605048179626465,3.579709768295288,3.905782699584961,3.859616279602051,3.957650899887085,4.069554805755615,4.002772808074951,3.1113600730895996,2.986420154571533,2.9122564792633057,3.0576677322387695,2.9114434719085693,2.9588961601257324,3.259614944458008,3.281961679458618,3.622519016265869,3.730111837387085,3.9665791988372803,4.204392433166504,4.261188983917236,4.574490070343018,4.617608070373535,4.377859115600586,4.3413472175598145,4.198864936828613,3.9232020378112793,4.066161155700684,3.960454225540161,3.803621768951416,3.910780668258667,3.70619535446167,3.909430742263794,3.702148675918579,4.0064544677734375,3.871554136276245,4.135710716247559,4.2151103019714355
A14,3.4152019023895264,3.2474727630615234,3.0272765159606934,2.7160556316375732,2.466200351715088,2.1470935344696045,1.9907877445220947,1.6884921789169312,1.445023536682129,1.1386280059814453,0.8676562309265137,0.6111369729042053,0.3876868188381195,0.0,0.3794711232185364,1.7615925073623657,1.8482729196548462,2.2155556678771973,2.264486074447632,2.569553852081299,2.7078897953033447,2.6601085662841797,2.789592981338501,2.631709575653076,2.331533670425415,2.468609571456909,2.392102003097534,2.2500569820404053,2.364830732345581,2.1532444953918457,1.6976609230041504,1.7768185138702393,1.9376764297485352,2.1748569011688232,2.3798670768737793,2.622091293334961,2.9881951808929443,3.1311604976654053,3.389524459838867,3.2850632667541504,3.596583366394043,3.5303308963775635,3.6158628463745117,3.7153096199035645,3.6361284255981445,2.7530245780944824,2.648009777069092,2.588155746459961,2.7568700313568115,2.638258695602417,2.712207555770874,3.034337282180786,3.073582649230957,3.4132189750671387,3.495225191116333,3.748012065887451,3.9647536277770996,4.008788585662842,4.305355072021484,4.333299160003662,4.023958683013916,3.996452808380127,3.8492140769958496,3.5857884883880615,3.7329165935516357,3.647540330886841,3.4967200756073,3.6279819011688232,3.436725616455078,3.6631009578704834,3.4787027835845947,3.8012735843658447,3.6977779865264893,3.9798338413238525,4.086362361907959
A15,3.564483404159546,3.4231173992156982,3.18576979637146,2.88067889213562,2.655313730239868,2.3612258434295654,2.186467170715332,1.9255149364471436,1.6539541482925415,1.3941285610198975,1.0638107061386108,0.8920905590057373,0.5441215634346008,0.3794711232185364,0.0,1.6473575830459595,1.8036454916000366,2.1567416191101074,2.240898847579956,2.568894386291504,2.7278614044189453,2.7319791316986084,2.870034694671631,2.752701759338379,2.4527266025543213,2.6135077476501465,2.5004665851593018,2.39070725440979,2.4609720706939697,2.2481441497802734,1.4978506565093994,1.589493751525879,1.6892149448394775,1.9632196426391602,2.1354737281799316,2.4100472927093506,2.7657673358917236,2.945970296859741,3.2115767002105713,3.1424076557159424,3.460714817047119,3.4003782272338867,3.5230891704559326,3.6184635162353516,3.573683023452759,2.6294920444488525,2.4760453701019287,2.408982038497925,2.5330233573913574,2.3949239253997803,2.4310247898101807,2.738757371902466,2.755033016204834,3.0920634269714355,3.1899735927581787,3.4305522441864014,3.664057970046997,3.7229490280151367,4.034168720245361,4.083330154418945,3.8782763481140137,3.839402198791504,3.7153055667877197,3.4351303577423096,3.5983591079711914,3.4876251220703125,3.358090400695801,3.4632508754730225,3.287128210067749,3.49129056930542,3.3139681816101074,3.6358554363250732,3.518281936645508,3.812056541442871,3.897019386291504
B1,4.833506107330322,4.625096797943115,4.331936359405518,3.9783222675323486,3.6957435607910156,3.4380240440368652,3.1378653049468994,2.9268672466278076,2.5818521976470947,2.4705801010131836,2.1760354042053223,2.167527914047241,1.9578781127929688,1.7615925073623657,1.6473575830459595,0.0,0.38307487964630127,0.5713863968849182,0.8182477355003357,1.1089457273483276,1.3797564506530762,1.5540478229522705,1.8043078184127808,1.904904842376709,1.7813498973846436,2.1234943866729736,2.0942976474761963,2.2486767768859863,2.3654818534851074,2.397615432739258,1.352463722229004,1.0189855098724365,1.089016079902649,0.9810355305671692,1.0799870491027832,1.1278064250946045,1.4990496635437012,1.5586909055709839,1.8785983324050903,1.8290375471115112,2.200993776321411,2.2942304611206055,2.4216208457946777,2.6641759872436523,2.710066080093384,2.556631326675415,2.3940508365631104,2.574589490890503,2.6154110431671143,2.687936305999756,2.6420342922210693,2.9604222774505615,2.838524341583252,3.032017946243286,2.9546830654144287,3.0814049243927,3.1916685104370117,3.0906546115875244,3.3860116004943848,3.3125109672546387,3.5202090740203857,3.6276931762695312,3.629124402999878,3.462536334991455,3.755969285964966,3.747023344039917,3.7702646255493164,3.944915533065796,3.91860294342041,4.160247802734375,4.126617431640625,4.494570732116699,4.464402675628662,4.823886394500732,4.931145668029785
B2,4.949529647827148,4.720975875854492,4.440516948699951,4.082011699676514,3.7802071571350098,3.507817268371582,3.2161107063293457,2.9813449382781982,2.6542859077453613,2.527804374694824,2.2726950645446777,2.238161563873291,2.077988862991333,1.8482729196548462,1.8036454916000366,0.38307487964630127,0.0,0.37708497047424316,0.49455928802490234,0.7936904430389404,1.0392276048660278,1.1790523529052734,1.4362974166870117,1.5352635383605957,1.4388539791107178,1.7975423336029053,1.8105882406234741,1.9911943674087524,2.145509719848633,2.223158121109009,1.456108808517456,1.1241843700408936,1.2937530279159546,1.133569598197937,1.3036540746688843,1.2773512601852417,1.6283087730407715,1.602749228477478,1.882849097251892,1.7631727457046509,2.1142005920410156,2.1998214721679688,2.2700135707855225,2.5265378952026367,2.535055160522461,2.535844564437866,2.42806077003479,2.633768320083618,2.717047929763794,2.8237364292144775,2.81834077835083,3.1542069911956787,3.0598084926605225,3.2518742084503174,3.146674871444702,3.289529323577881,3.3677186965942383,3.2420661449432373,3.506821393966675,3.3980679512023926,3.486522912979126,3.6196060180664062,3.6076819896698,3.4714250564575195,3.760153293609619,3.7876029014587402,3.8065366744995117,4.013611793518066,3.990112781524658,4.257160663604736,4.234221458435059,4.61012077331543,4.604796409606934,4.964812755584717,5.097218036651611
B3,5.249077320098877,5.015073776245117,4.7245330810546875,4.363028526306152,4.0605669021606445,3.802452325820923,3.4949283599853516,3.279970169067383,2.947942018508911,2.850219964981079,2.597994804382324,2.588855743408203,2.429342269897461,2.2155556678771973,2.1567416191101074,0.5713863968849182,0.37708497047424316,0.0,0.3895370364189148,0.5656201243400574,0.8852370977401733,1.114930510520935,1.406251311302185,1.591148018836975,1.57550847530365,1.9519174098968506,1.9868468046188354,2.2177703380584717,2.366945743560791,2.4863715171813965,1.6954957246780396,1.3285479545593262,1.443429946899414,1.1970653533935547,1.297835111618042,1.173305869102478,1.4806742668151855,1.3992156982421875,1.6866785287857056,1.5868946313858032,1.9433766603469849,2.0894691944122314,2.1621406078338623,2.46047306060791,2.504023551940918,2.7068450450897217,2.5942821502685547,2.8352365493774414,2.8893072605133057,3.0247738361358643,2.9957938194274902,3.3159453868865967,3.1920125484466553,3.346292495727539,3.2111175060272217,3.3172852993011475,3.3670477867126465,3.207115888595581,3.4631240367889404,3.3281259536743164,3.547818899154663,3.7092623710632324,3.730081796646118,3.618605613708496,3.9279367923736572,3.96886944770813,4.018492221832275,4.2274603843688965,4.231271266937256,4.49465799331665,4.4944610595703125,4.871294975280762,4.874771595001221,5.241916656494141,5.370885372161865
B4,5.393095970153809,5.152975559234619,4.880166053771973,4.5196123123168945,4.207242965698242,3.9285755157470703,3.6421923637390137,3.396239757537842,3.0831470489501953,2.9487905502319336,2.718202829360962,2.662057638168335,2.522967576980591,2.264486074447632,2.240898847579956,0.8182477355003357,0.49455928802490234,0.3895370364189148,0.0,0.38004201650619507,0.564014732837677,0.7860389351844788,1.03652822971344,1.227006435394287,1.22036874294281,1.5955034494400024,1.6365411281585693,1.8958548307418823,2.049407482147217,2.2073981761932373,1.6499757766723633,1.3062744140625,1.503454327583313,1.2440942525863647,1.431162714958191,1.2879747152328491,1.5713433027267456,1.4330120086669922,1.651548981666565,1.467485785484314,1.7864866256713867,1.892187237739563,1.9100369215011597,2.200974702835083,2.2033421993255615,2.509633779525757,2.447683334350586,2.7077150344848633,2.7997453212738037,2.9667088985443115,2.9790308475494385,3.314100742340088,3.224531412124634,3.381643056869507,3.2237918376922607,3.3571701049804688,3.3797361850738525,3.20767879486084,3.430418014526367,3.270587682723999,3.3344013690948486,3.5127005577087402,3.518465280532837,3.433413028717041,3.7352824211120605,3.8082451820373535,3.855409860610962,4.092043399810791,4.101949214935303,4.386545658111572,4.401016712188721,4.78338623046875,4.814273834228516,5.182163715362549,5.336430072784424
B5,5.590590953826904,5.334132194519043,5.058290004730225,4.693763732910156,4.372740268707275,4.104153156280518,3.807525873184204,3.5738277435302734,3.266986131668091,3.159688949584961,2.953204393386841,2.920287609100342,2.8099842071533203,2.569553852081299,2.568894386291504,1.1089457273483276,0.7936904430389404,0.5656201243400574,0.38004201650619507,0.0,0.37692955136299133,0.6335411667823792,0.9515122771263123,1.2095363140106201,1.3155556917190552,1.6943883895874023,1.8023964166641235,2.0883448123931885,2.2725131511688232,2.4691855907440186,2.0259945392608643,1.6791822910308838,1.85867440700531,1.5724213123321533,1.7173306941986084,1.5186258554458618,1.7536382675170898,1.5548794269561768,1.7518718242645264,1.563047170639038,1.8549357652664185,2.007538318634033,1.9866364002227783,2.3130877017974854,2.3161070346832275,2.8210883140563965,2.7773966789245605,3.053671360015869,3.1444461345672607,3.3266875743865967,3.336268901824951,3.6657235622406006,3.566164255142212,3.7047040462493896,3.529270887374878,3.641946792602539,3.642185688018799,3.4440724849700928,3.6512136459350586,3.4638969898223877,3.5696778297424316,3.773577928543091,3.7908735275268555,3.7317917346954346,4.037740707397461,4.1296586990356445,4.18649959564209,4.433116912841797,4.452319622039795,4.7419114112854,4.764839172363281,5.148197650909424,5.186134338378906,5.554609298706055,5.712419033050537
B6,5.795661926269531,5.536416053771973,5.2758307456970215,4.913639068603516,4.586882591247559,4.30271053314209,4.025074481964111,3.767963409423828,3.4775147438049316,3.3406822681427,3.1498022079467773,3.0790345668792725,2.9810330867767334,2.7078897953033447,2.7278614044189453,1.3797564506530762,1.0392276048660278,0.8852370977401733,0.564014732837677,0.37692955136299133,0.0,0.3770419657230377,0.6110984683036804,0.9228290319442749,1.0799835920333862,1.4356077909469604,1.5545477867126465,1.8743462562561035,2.053506374359131,2.293766498565674,2.071131467819214,1.7547472715377808,1.978833794593811,1.6879074573516846,1.8814903497695923,1.6720056533813477,1.8747161626815796,1.6356678009033203,1.7587358951568604,1.5011394023895264,1.7347636222839355,1.849125623703003,1.7651664018630981,2.0828754901885986,2.0463459491729736,2.6924843788146973,2.696575403213501,2.9896864891052246,3.107539176940918,3.3191564083099365,3.360959529876709,3.6963717937469482,3.6239047050476074,3.7581024169921875,3.560863494873047,3.691699504852295,3.6640617847442627,3.453573703765869,3.625918388366699,3.4146318435668945,3.3879947662353516,3.6107211112976074,3.6191959381103516,3.5912134647369385,3.889630079269409,4.013206958770752,4.072913646697998,4.342763900756836,4.372684955596924,4.678199291229248,4.718828201293945,5.104362964630127,5.168835163116455,5.537110805511475,5.716455459594727
B7,5.681600570678711,5.4098920822143555,5.164857387542725,4.804808139801025,4.4688286781311035,4.1764607429504395,3.9150469303131104,3.643332004547119,3.376910448074341,3.230457067489624,3.076773166656494,2.991337537765503,2.9363975524902344,2.6601085662841797,2.7319791316986084,1.5540478229522705,1.1790523529052734,1.114930510520935,0.7860389351844788,0.6335411667823792,0.3770419657230377,0.0,0.37683871388435364,0.6197259426116943,0.841618001461029,1.1888535022735596,1.3877381086349487,1.6877012252807617,1.9234545230865479,2.1759228706359863,2.2032523155212402,1.9237054586410522,2.192194938659668,1.9424816370010376,2.170927047729492,1.9967541694641113,2.221672534942627,1.9968494176864624,2.1107289791107178,1.8311737775802612,2.038515090942383,2.110177755355835,1.982532262802124,2.2692036628723145,2.173068046569824,2.7841806411743164,2.8269643783569336,3.100245952606201,3.259160280227661,3.461045265197754,3.5350968837738037,3.8846278190612793,3.840975046157837,3.999068260192871,3.8139865398406982,3.9703569412231445,3.9503822326660156,3.752411365509033,3.9178364276885986,3.7087178230285645,3.5326998233795166,3.7494688034057617,3.724250555038452,3.699646234512329,3.9738733768463135,4.109582901000977,4.140905380249023,4.4262471199035645,4.434529781341553,4.754779815673828,4.781036376953125,5.1665754318237305,5.2353363037109375,5.59446907043457,5.787872791290283
B8,5.874042987823486,5.60617208480835,5.376547813415527,5.021658897399902,4.685519218444824,4.378983020782471,4.13883113861084,3.846362829208374,3.5946757793426514,3.4171102046966553,3.271249532699585,3.147573709487915,3.0949370861053467,2.789592981338501,2.870034694671631,1.8043078184127808,1.4362974166870117,1.406251311302185,1.03652822971344,0.9515122771263123,0.6110984683036804,0.37683871388435364,0.0,0.3787688910961151,0.6628310084342957,0.9407084584236145,1.1398274898529053,1.4713340997695923,1.6889666318893433,1.9831331968307495,2.2304699420928955,1.9912112951278687,2.288116216659546,2.046072483062744,2.3094658851623535,2.1379616260528564,2.337583541870117,2.0983283519744873,2.153085947036743,1.8296916484832764,1.9778611660003662,1.9951884746551514,1.813735842704773,2.066226005554199,1.921512246131897,2.6255033016204834,2.715373992919922,2.9968152046203613,3.1805100440979004,3.4056882858276367,3.5103189945220947,3.8612313270568848,3.8454394340515137,4.000169277191162,3.7997701168060303,3.9748342037200928,3.9331328868865967,3.7312862873077393,3.864783763885498,3.6415855884552,3.321610689163208,3.5495479106903076,3.5118091106414795,3.5151968002319336,3.7769882678985596,3.940932512283325,3.973048210144043,4.277904987335205,4.2958502769470215,4.628599643707275,4.671786308288574,5.056430339813232,5.150594711303711,5.50742769241333,5.720473289489746
B9,5.676027774810791,5.40637731552124,5.194980144500732,4.8466477394104,4.5086750984191895,4.190894603729248,3.9748928546905518,3.664104461669922,3.4365291595458984,3.2363803386688232,3.1180930137634277,2.967379331588745,2.945115089416504,2.631709575653076,2.752701759338379,1.904904842376709,1.5352635383605957,1.591148018836975,1.227006435394287,1.2095363140106201,0.9228290319442749,0.6197259426116943,0.3787688910961151,0.0,0.3780185878276825,0.6126291751861572,0.8932104706764221,1.179850459098816,1.4524245262145996,1.7406926155090332,2.225817918777466,2.0359995365142822,2.3687589168548584,2.1792006492614746,2.4761881828308105,2.35219407081604,2.5815751552581787,2.376018762588501,2.4385979175567627,2.1103031635284424,2.2567477226257324,2.2252249717712402,2.0375306606292725,2.2401058673858643,2.0468297004699707,2.58722186088562,2.707390069961548,2.956282138824463,3.1792171001434326,3.385006904602051,3.5213630199432373,3.8836233615875244,3.899749517440796,4.0829596519470215,3.903799533843994,4.1089067459106445,4.0850911140441895,3.9079694747924805,4.043071269989014,3.837338447570801,3.3673171997070312,3.5728373527526855,3.4955801963806152,3.488295793533325,3.720787525177002,3.8857839107513428,3.8836097717285156,4.197007656097412,4.1882004737854,4.531257152557373,4.555700778961182,4.937501907348633,5.032341480255127,5.377819538116455,5.602290153503418
B10,5.447995185852051,5.192678451538086,4.98807954788208,4.645391941070557,4.315361022949219,3.987104892730713,3.786445379257202,3.4615845680236816,3.2363388538360596,3.007021903991699,2.8785266876220703,2.697849988937378,2.6638166904449463,2.331533670425415,2.4527266025543213,1.7813498973846436,1.4388539791107178,1.57550847530365,1.22036874294281,1.3155556917190552,1.0799835920333862,0.841618001461029,0.6628310084342957,0.3780185878276825,0.0,0.38583120703697205,0.5963196754455566,0.8540758490562439,1.1341662406921387,1.390673041343689,1.9366358518600464,1.7911744117736816,2.147479295730591,2.0080995559692383,2.334944486618042,2.262728214263916,2.5168724060058594,2.3580150604248047,2.4330899715423584,2.1124444007873535,2.275578498840332,2.200427770614624,2.0454604625701904,2.2058298587799072,2.002495527267456,2.304706573486328,2.4265565872192383,2.648689031600952,2.890537977218628,3.0771896839141846,3.2298359870910645,3.598069190979004,3.634897470474243,3.8401079177856445,3.6824769973754883,3.91133189201355,3.9094908237457275,3.7608184814453125,3.906958818435669,3.728863000869751,3.183932304382324,3.3593573570251465,3.258641481399536,3.224302291870117,3.4435558319091797,3.5925240516662598,3.5696702003479004,3.8783650398254395,3.85212779045105,4.1953535079956055,4.206273555755615,4.586970329284668,4.676203727722168,5.017862796783447,5.243041038513184
B11,5.547704219818115,5.295637130737305,5.113592147827148,4.781389236450195,4.453768253326416,4.11464262008667,3.944171905517578,3.6017329692840576,3.4043221473693848,3.148237466812134,3.044253349304199,2.8280155658721924,2.8140218257904053,2.468609571456909,2.6135077476501465,2.1234943866729736,1.7975423336029053,1.9519174098968506,1.5955034494400024,1.6943883895874023,1.4356077909469604,1.1888535022735596,0.9407084584236145,0.6126291751861572,0.38583120703697205,0.0,0.38915589451789856,0.5958584547042847,0.9034523963928223,1.1959948539733887,2.0963082313537598,2.011749505996704,2.3828916549682617,2.273144483566284,2.6192409992218018,2.563333511352539,2.8042244911193848,2.6482491493225098,2.689152956008911,2.3510541915893555,2.470233678817749,2.345019817352295,2.1566686630249023,2.2601864337921143,2.0031254291534424,2.2693443298339844,2.4471728801727295,2.6496784687042236,2.9283602237701416,3.1189463138580322,3.309802293777466,3.6775166988372803,3.7510132789611816,3.9636409282684326,3.806887149810791,4.059310436248779,4.049221992492676,3.910423994064331,4.031418800354004,3.852982997894287,3.1294496059417725,3.2978785037994385,3.1643900871276855,3.1487512588500977,3.335233688354492,3.5076093673706055,3.4646854400634766,3.7918848991394043,3.7582015991210938,4.114722728729248,4.129007339477539,4.503640651702881,4.614109039306641,4.944467067718506,5.190975189208984
B12,5.581743240356445,5.350680828094482,5.169370174407959,4.842630386352539,4.527752876281738,4.183187007904053,4.020505905151367,3.6727869510650635,3.4667651653289795,3.1877851486206055,3.0541234016418457,2.8131144046783447,2.7595744132995605,2.392102003097534,2.5004665851593018,2.0942976474761963,1.8105882406234741,1.9868468046188354,1.6365411281585693,1.8023964166641235,1.5545477867126465,1.3877381086349487,1.1398274898529053,0.8932104706764221,0.5963196754455566,0.38915589451789856,0.0,0.37932446599006653,0.5603364109992981,0.8777577877044678,1.8355721235275269,1.7989212274551392,2.173152208328247,2.091261386871338,2.454394817352295,2.4260616302490234,2.65541410446167,2.5272645950317383,2.5486257076263428,2.2143914699554443,2.319784641265869,2.146998405456543,1.9812582731246948,2.0349843502044678,1.7724438905715942,1.8878051042556763,2.081066846847534,2.2795042991638184,2.5676820278167725,2.765503168106079,2.971083164215088,3.3352367877960205,3.4263832569122314,3.6396090984344482,3.484292984008789,3.752051830291748,3.7422449588775635,3.618730306625366,3.732177257537842,3.568549156188965,2.774914264678955,2.9279356002807617,2.7856905460357666,2.7627005577087402,2.9473347663879395,3.1185736656188965,3.0784857273101807,3.4070870876312256,3.3813297748565674,3.738368272781372,3.7640767097473145,4.139368057250977,4.259714126586914,4.593756198883057,4.8440093994140625
B13,5.368311882019043,5.144463062286377,4.982943058013916,4.668235778808594,4.360221862792969,4.007867336273193,3.8751940727233887,3.514185667037964,3.3348166942596436,3.031346321105957,2.920862913131714,2.649106025695801,2.6187403202056885,2.2500569820404053,2.39070725440979,2.2486767768859863,1.9911943674087524,2.2177703380584717,1.8958548307418823,2.0883448123931885,1.8743462562561035,1.6877012252807617,1.4713340997695923,1.179850459098816,0.8540758490562439,0.5958584547042847,0.37932446599006653,0.0,0.39289721846580505,0.6177341341972351,1.8813806772232056,1.909281611442566,2.2904255390167236,2.268944025039673,2.641160011291504,2.6583826541900635,2.9081430435180664,2.815422773361206,2.852415084838867,2.5327463150024414,2.6469075679779053,2.454219341278076,2.306950807571411,2.3256216049194336,2.053367853164673,1.9070677757263184,2.116595506668091,2.2558035850524902,2.578098773956299,2.7382521629333496,2.972393751144409,3.3388864994049072,3.462233781814575,3.703953266143799,3.5802600383758545,3.8726892471313477,3.8877549171447754,3.796114921569824,3.9162397384643555,3.779897451400757,2.8816399574279785,2.9945597648620605,2.8104135990142822,2.7617688179016113,2.9054951667785645,3.06266188621521,2.9773201942443848,3.3042304515838623,3.241515874862671,3.6030189990997314,3.6012277603149414,3.9690239429473877,4.0843377113342285,4.402635097503662,4.661162853240967
B14,5.550420761108398,5.3468337059021,5.187525749206543,4.879743576049805,4.584915637969971,4.230892658233643,4.105546474456787,3.7441999912261963,3.5586626529693604,3.240651845932007,3.104330062866211,2.8158373832702637,2.746609926223755,2.364830732345581,2.4609720706939697,2.3654818534851074,2.145509719848633,2.366945743560791,2.049407482147217,2.2725131511688232,2.053506374359131,1.9234545230865479,1.6889666318893433,1.4524245262145996,1.1341662406921387,0.9034523963928223,0.5603364109992981,0.39289721846580505,0.0,0.3781030476093292,1.7731529474258423,1.854811429977417,2.222386360168457,2.2211365699768066,2.5983872413635254,2.631354808807373,2.852970600128174,2.7778916358947754,2.7814927101135254,2.466726779937744,2.5485188961029053,2.308953285217285,2.174776792526245,2.133314609527588,1.8539561033248901,1.567835807800293,1.8151274919509888,1.9490324258804321,2.2850232124328613,2.462184429168701,2.7181811332702637,3.0741770267486572,3.2210781574249268,3.454857349395752,3.3257479667663574,3.632341146469116,3.6372671127319336,3.5574755668640137,3.6568710803985596,3.5301904678344727,2.5274276733398438,2.626561164855957,2.4290771484375,2.3861145973205566,2.521007537841797,2.690166711807251,2.6110105514526367,2.9475784301757812,2.9015438556671143,3.267387628555298,3.2887651920318604,3.655895948410034,3.7931201457977295,4.114826679229736,4.38330078125
