,A1,A2,A3,A4,A5,A6,A7,A8,A9,A10,A11,A12,A13,A14,A15,B1,B2,B3,B4,B5,B6,B7,B8,B9,B10,B11,B12,B13,B14,B15,C1,C2,C3,C4,C5,C6,C7,C8,C9,C10,C11,C12,C13,C14,C15,D1,D2,D3,D4,D5,D6,D7,D8,D9,D10,D11,D12,D13,D14,D15,E1,E2,E3,E4,E5,E6,E7,E8,E9,E10,E11,E12,E13,E14,E15
A1,0.0,0.38588249683380127,0.6223904490470886,0.945999264717102,1.2362884283065796,1.3670861721038818,1.7116559743881226,1.6451925039291382,2.0186986923217773,1.9295430183410645,2.283710479736328,2.2999801635742188,2.5438101291656494,2.804657220840454,2.79520320892334,1.576032042503357,1.5537484884262085,1.3022987842559814,1.5073437690734863,1.6612807512283325,1.6221328973770142,1.9516571760177612,1.964145541191101,2.291661262512207,2.3256261348724365,2.6442065238952637,2.735633373260498,2.9813406467437744,3.2502381801605225,3.2289042472839355,2.0113325119018555,1.9493860006332397,1.7565690279006958,1.951003074645996,1.9889546632766724,1.9388408660888672,2.2369418144226074,2.286130428314209,2.5855329036712646,2.670267343521118,2.9712393283843994,3.1125874519348145,3.368330478668213,3.6337802410125732,3.6028225421905518,2.4751808643341064,2.3873214721679688,2.254467487335205,2.4557201862335205,2.418224573135376,2.3308842182159424,2.5914218425750732,2.6466989517211914,2.9107584953308105,3.0254242420196533,3.3029561042785645,3.4959874153137207,3.7624497413635254,4.033167362213135,4.0299506187438965,2.9550859928131104,2.8459160327911377,2.762958526611328,2.981851816177368,2.9094185829162598,2.778128147125244,3.0207650661468506,3.0580427646636963,3.279066562652588,3.4109878540039062,3.6327905654907227,3.8724961280822754,3.9564874172210693,4.3093438148498535,4.35413122177124
A2,0.38588249683380127,0.0,0.38586607575416565,0.6906062364578247,0.907610297203064,0.9992464184761047,1.3517165184020996,1.2842296361923218,1.658827543258667,1.5953457355499268,1.9506691694259644,2.0076160430908203,2.262223482131958,2.5504846572875977,2.58483624458313,1.463557243347168,1.4117271900177002,1.2118854522705078,1.4640687704086304,1.5616196393966675,1.4407535791397095,1.7256460189819336,1.7062715291976929,2.006136178970337,2.0472841262817383,2.348264217376709,2.4631295204162598,2.6967620849609375,2.989902973175049,2.99448823928833,1.9331696033477783,1.8606785535812378,1.7265574932098389,1.9449201822280884,1.9368213415145874,1.819952130317688,2.0695557594299316,2.0858116149902344,2.349360942840576,2.4322261810302734,2.708951473236084,2.8650283813476562,3.10308575630188,3.3886396884918213,3.374250888824463,2.4161105155944824,2.3296873569488525,2.25142765045166,2.4672176837921143,2.3974673748016357,2.2535948753356934,2.4682486057281494,2.4903481006622314,2.7158331871032715,2.822213649749756,3.071807622909546,3.2747066020965576,3.5217678546905518,3.8114969730377197,3.8173508644104004,2.908504009246826,2.8075332641601562,2.775738477706909,2.999411106109619,2.90598726272583,2.727236270904541,2.9316508769989014,2.9354991912841797,3.1200482845306396,3.2352747917175293,3.426525831222534,3.6572062969207764,3.7105965614318848,4.0609941482543945,4.086143493652344
A3,0.6223904490470886,0.38586607575416565,0.0,0.38098272681236267,0.655758798122406,0.8744756579399109,1.240548849105835,1.2857182025909424,1.6649235486984253,1.6887569427490234,2.056094169616699,2.168879985809326,2.4526865482330322,2.758124589920044,2.8371593952178955,1.6437286138534546,1.503868818283081,1.264791488647461,1.4428558349609375,1.445288896560669,1.34177565574646,1.6096009016036987,1.6588400602340698,1.9638662338256836,2.0745480060577393,2.3846426010131836,2.5549519062042236,2.806894302368164,3.1270430088043213,3.177309036254883,2.089456558227539,1.9507076740264893,1.796317219734192,1.9529839754104614,1.8697285652160645,1.7679855823516846,1.9893401861190796,2.0540518760681152,2.3093178272247314,2.4464640617370605,2.725487232208252,2.9277453422546387,3.1777877807617188,3.491042375564575,3.5191192626953125,2.556831121444702,2.419219493865967,2.330068826675415,2.4964706897735596,2.3668770790100098,2.2299771308898926,2.4124913215637207,2.4699623584747314,2.6788363456726074,2.828198194503784,3.072979688644409,3.3134617805480957,3.569739580154419,3.8825502395629883,3.927029609680176,3.040572166442871,2.899629592895508,2.868239641189575,3.050482988357544,2.908212184906006,2.727914571762085,2.89786696434021,2.9266319274902344,3.085613965988159,3.2318668365478516,3.403733968734741,3.6587040424346924,3.699296236038208,4.060474872589111,4.09829568862915
A4,0.945999264717102,0.6906062364578247,0.38098272681236267,0.0,0.3744354248046875,0.667479932308197,0.9853336215019226,1.1212691068649292,1.487083911895752,1.5766217708587646,1.9535895586013794,2.095479726791382,2.4156033992767334,2.71734356880188,2.839045286178589,1.5814790725708008,1.3650702238082886,1.1356754302978516,1.2705626487731934,1.1840145587921143,1.0546106100082397,1.2869420051574707,1.3786848783493042,1.6825745105743408,1.8457974195480347,2.1639597415924072,2.3764429092407227,2.6507205963134766,2.9863483905792236,3.081315517425537,1.9931330680847168,1.8022407293319702,1.6658693552017212,1.7880209684371948,1.6403075456619263,1.5161747932434082,1.6938011646270752,1.7793315649032593,2.019489288330078,2.1942999362945557,2.473217725753784,2.709867477416992,2.972186803817749,3.3041651248931885,3.372274160385132,2.4387412071228027,2.26556396484375,2.196103096008301,2.3342061042785645,2.157058000564575,1.998253345489502,2.1377131938934326,2.2042884826660156,2.390212297439575,2.5656652450561523,2.8026554584503174,3.0692946910858154,3.3319969177246094,3.6602652072906494,3.738384962081909,2.909438133239746,2.7441980838775635,2.7371742725372314,2.8917734622955322,2.71281361579895,2.5108485221862793,2.6408469676971436,2.671147584915161,2.801576614379883,2.9622113704681396,3.1153078079223633,3.384091854095459,3.4157001972198486,3.7827677726745605,3.8328986167907715
A5,1.2362884283065796,0.907610297203064,0.655758798122406,0.3744354248046875,0.0,0.3618869483470917,0.6688570976257324,0.8663665056228638,1.2028894424438477,1.3567242622375488,1.7118360996246338,1.9089584350585938,2.2283895015716553,2.5509228706359863,2.7177698612213135,1.6453919410705566,1.4213976860046387,1.2814044952392578,1.4480313062667847,1.3110036849975586,1.0866098403930664,1.212928056716919,1.255897045135498,1.4954413175582886,1.6727938652038574,1.9527430534362793,2.194993734359741,2.4453628063201904,2.803219795227051,2.9267780780792236,2.0588533878326416,1.8741878271102905,1.8092118501663208,1.9514487981796265,1.7731460332870483,1.5806853771209717,1.6791728734970093,1.7158132791519165,1.8921864032745361,2.0609400272369385,2.2974958419799805,2.5490310192108154,2.7823195457458496,3.132842540740967,3.218738555908203,2.5018813610076904,2.3424782752990723,2.3313190937042236,2.4827966690063477,2.2877116203308105,2.075864553451538,2.1550259590148926,2.1767983436584473,2.3057303428649902,2.4652457237243652,2.6596498489379883,2.933135747909546,3.1663520336151123,3.512265682220459,3.59851336479187,2.969414710998535,2.8216922283172607,2.8647682666778564,3.0243921279907227,2.8356473445892334,2.591820240020752,2.677309274673462,2.666750192642212,2.7503628730773926,2.8857011795043945,2.9977259635925293,3.250070571899414,3.2424654960632324,3.6017045974731445,3.6261188983917236
A6,1.3670861721038818,0.9992464184761047,0.8744756579399109,0.667479932308197,0.3618869483470917,0.0,0.38336268067359924,0.5125646591186523,0.850925862789154,1.0042823553085327,1.3516560792922974,1.5630934238433838,1.8797527551651,2.208496570587158,2.394205093383789,1.5023542642593384,1.3144046068191528,1.274619698524475,1.50986647605896,1.4050780534744263,1.1003693342208862,1.1636080741882324,1.0952905416488647,1.2780170440673828,1.408493995666504,1.6562292575836182,1.887376070022583,2.113365650177002,2.4758052825927734,2.5990800857543945,1.9244240522384644,1.7808407545089722,1.789599061012268,1.985701084136963,1.834624171257019,1.5778076648712158,1.6386380195617676,1.593822717666626,1.7263522148132324,1.845717430114746,2.0490496158599854,2.2806262969970703,2.486255407333374,2.8356170654296875,2.910839319229126,2.3719322681427,2.253520965576172,2.299253463745117,2.492360830307007,2.3224761486053467,2.0625462532043457,2.1187312602996826,2.076323986053467,2.173463821411133,2.286165475845337,2.4518015384674072,2.70379376411438,2.909395217895508,3.2545294761657715,3.3225936889648438,2.8411526679992676,2.7317981719970703,2.817899703979492,3.0071489810943604,2.842180013656616,2.564558267593384,2.6394708156585693,2.5770888328552246,2.6433980464935303,2.734649181365967,2.8301804065704346,3.0517640113830566,3.0246810913085938,3.37142014503479,3.368119716644287
A7,1.7116559743881226,1.3517165184020996,1.240548849105835,0.9853336215019226,0.6688570976257324,0.38336268067359924,0.0,0.3836202025413513,0.5892099142074585,0.8501351475715637,1.1645054817199707,1.4109392166137695,1.7491613626480103,2.0625977516174316,2.2975351810455322,1.5153295993804932,1.303329348564148,1.349172830581665,1.5677506923675537,1.4217268228530884,1.0655442476272583,1.0005682706832886,0.8770710229873657,0.9692560434341431,1.1283942461013794,1.3440300226211548,1.6177875995635986,1.844674825668335,2.2216176986694336,2.3917458057403564,1.8797821998596191,1.7263675928115845,1.801709771156311,1.9915348291397095,1.8142707347869873,1.507638931274414,1.4803460836410522,1.3877081871032715,1.4482580423355103,1.5670814514160156,1.7331007719039917,1.9872082471847534,2.1808245182037354,2.546954870223999,2.657238006591797,2.2884535789489746,2.170663833618164,2.2702817916870117,2.4585134983062744,2.2719082832336426,1.9701995849609375,1.9612547159194946,1.877468228340149,1.9160927534103394,2.0165672302246094,2.144319772720337,2.4061169624328613,2.594242572784424,2.953233242034912,3.043081521987915,2.7315051555633545,2.6291117668151855,2.7624475955963135,2.9418928623199463,2.7656054496765137,2.4541287422180176,2.480227470397949,2.381760835647583,2.401855707168579,2.4717414379119873,2.5309386253356934,2.740962505340576,2.6875412464141846,3.029306411743164,3.0177252292633057
A8,1.6451925039291382,1.2842296361923218,1.2857182025909424,1.1212691068649292,0.8663665056228638,0.5125646591186523,0.3836202025413513,0.0,0.38269853591918945,0.5013045072555542,0.8535454869270325,1.0668801069259644,1.3979953527450562,1.7181540727615356,1.9336622953414917,1.3157987594604492,1.192868709564209,1.3075928688049316,1.6038974523544312,1.5495740175247192,1.180917739868164,1.1569809913635254,0.9229597449302673,0.9953222274780273,1.019300937652588,1.2129855155944824,1.4139989614486694,1.6121490001678467,1.9756089448928833,2.1004116535186768,1.7111703157424927,1.6325461864471436,1.750208854675293,2.0066680908203125,1.9013621807098389,1.5753498077392578,1.583435297012329,1.419932246208191,1.484355092048645,1.5140215158462524,1.6668564081192017,1.8573133945465088,2.026876211166382,2.3682210445404053,2.427720546722412,2.1415576934814453,2.0848801136016846,2.2121880054473877,2.455026149749756,2.326843500137329,2.0115580558776855,2.0363683700561523,1.9026422500610352,1.9559334516525269,1.9921773672103882,2.1179628372192383,2.3293938636779785,2.497999906539917,2.834789514541626,2.875612497329712,2.5979299545288086,2.544879674911499,2.691277265548706,2.9161131381988525,2.7888591289520264,2.472174882888794,2.5328145027160645,2.398627996444702,2.444348096847534,2.4691884517669678,2.546858310699463,2.7207348346710205,2.6757442951202393,3.0020899772644043,2.9657976627349854
A9,2.0186986923217773,1.658827543258667,1.6649235486984253,1.487083911895752,1.2028894424438477,0.850925862789154,0.5892099142074585,0.38269853591918945,0.0,0.3803062438964844,0.5926505923271179,0.8857621550559998,1.2064307928085327,1.521768569946289,1.7995609045028687,1.4932036399841309,1.391516089439392,1.5789352655410767,1.8646141290664673,1.793872594833374,1.407145619392395,1.288572072982788,0.9945232272148132,0.9124950170516968,0.8873552680015564,0.9651193618774414,1.1832826137542725,1.330311894416809,1.713029146194458,1.8774292469024658,1.8262710571289062,1.7715469598770142,1.9552983045578003,2.2140350341796875,2.103485345840454,1.7458523511886597,1.679320216178894,1.452883243560791,1.4178216457366943,1.3973768949508667,1.4649304151535034,1.6457221508026123,1.7611913681030273,2.1131317615509033,2.1903328895568848,2.210833787918091,2.181781053543091,2.3662831783294678,2.6143548488616943,2.4874989986419678,2.1399106979370117,2.1075150966644287,1.9178156852722168,1.8996306657791138,1.8888698816299438,1.9486171007156372,2.142971992492676,2.2624454498291016,2.6070735454559326,2.6486423015594482,2.633753776550293,2.610177755355835,2.8060147762298584,3.032076120376587,2.9096121788024902,2.5647995471954346,2.5828638076782227,2.4002721309661865,2.396359443664551,2.3743643760681152,2.4042952060699463,2.5393543243408203,2.4514107704162598,2.755894422531128,2.6838862895965576
A10,1.9295430183410645,1.5953457355499268,1.6887569427490234,1.5766217708587646,1.3567242622375488,1.0042823553085327,0.8501351475715637,0.5013045072555542,0.3803062438964844,0.0,0.3927328586578369,0.5682257413864136,0.9044989347457886,1.21946120262146,1.4565201997756958,1.2847304344177246,1.2782455682754517,1.5087428092956543,1.8447391986846924,1.856099009513855,1.4822129011154175,1.4257569313049316,1.088531732559204,1.0460147857666016,0.8915805220603943,0.9701318740844727,1.0652815103530884,1.1922028064727783,1.5398029088974,1.633675217628479,1.6338697671890259,1.6534907817840576,1.8596574068069458,2.1689093112945557,2.1274030208587646,1.7732808589935303,1.7596062421798706,1.499302625656128,1.5023002624511719,1.4069586992263794,1.4876233339309692,1.5888186693191528,1.6959433555603027,2.005373954772949,2.016617774963379,2.033862352371216,2.0617663860321045,2.2568953037261963,2.5492570400238037,2.4798855781555176,2.1368749141693115,2.152095079421997,1.9377044439315796,1.9582839012145996,1.8982396125793457,1.9790784120559692,2.1188106536865234,2.234945058822632,2.544538736343384,2.531862735748291,2.467311143875122,2.4869468212127686,2.680800676345825,2.946357011795044,2.8721446990966797,2.536332130432129,2.5990419387817383,2.400240898132324,2.438587188720703,2.38775634765625,2.4548370838165283,2.564460515975952,2.5072407722473145,2.7990834712982178,2.7199573516845703
A11,2.283710479736328,1.9506691694259644,2.056094169616699,1.9535895586013794,1.7118360996246338,1.3516560792922974,1.1645054817199707,0.8535454869270325,0.5926505923271179,0.3927328586578369,0.0,0.38794299960136414,0.6288981437683105,0.9615676999092102,1.2660541534423828,1.5731675624847412,1.6064784526824951,1.8721177577972412,2.2061643600463867,2.2172763347625732,1.8390755653381348,1.7397176027297974,1.381171464920044,1.2442870140075684,1.0331836938858032,0.9576301574707031,0.9876132607460022,0.981412947177887,1.3233933448791504,1.4183696508407593,1.86906898021698,1.9300376176834106,2.1779839992523193,2.4943151473999023,2.4616146087646484,2.0950050354003906,2.0420308113098145,1.7421624660491943,1.6729202270507812,1.5160436630249023,1.4993277788162231,1.544297218322754,1.5587314367294312,1.8480854034423828,1.8386791944503784,2.2236111164093018,2.2943456172943115,2.530646562576294,2.834075450897217,2.7794740200042725,2.4207513332366943,2.4037389755249023,2.1461780071258545,2.113417863845825,1.9965342283248901,2.0095489025115967,2.102609395980835,2.1488308906555176,2.444946765899658,2.4026310443878174,2.6202521324157715,2.682609796524048,2.912660837173462,3.188190221786499,3.132068395614624,2.781836748123169,2.8205792903900146,2.580773115158081,2.5844919681549072,2.4811410903930664,2.507803201675415,2.5623841285705566,2.464822769165039,2.7175259590148926,2.5866243839263916
A12,2.2999801635742188,2.0076160430908203,2.168879985809326,2.095479726791382,1.9089584350585938,1.5630934238433838,1.4109392166137695,1.0668801069259644,0.8857621550559998,0.5682257413864136,0.38794299960136414,0.0,0.39030611515045166,0.6525738835334778,0.9165274500846863,1.4012726545333862,1.5152121782302856,1.8218711614608765,2.1718225479125977,2.2456717491149902,1.8897247314453125,1.8239363431930542,1.4451473951339722,1.3348495960235596,1.038586974143982,0.9712280035018921,0.8567601442337036,0.8394306898117065,1.1100716590881348,1.1229006052017212,1.655134916305542,1.7847752571105957,2.0607330799102783,2.406085252761841,2.432918071746826,2.0751588344573975,2.0534815788269043,1.728685736656189,1.685986042022705,1.4663759469985962,1.4637218713760376,1.4247958660125732,1.441160798072815,1.6729477643966675,1.5969665050506592,1.9877105951309204,2.1140284538269043,2.367727041244507,2.701291799545288,2.6997969150543213,2.3483150005340576,2.3627383708953857,2.082819700241089,2.079747200012207,1.9174304008483887,1.951086163520813,1.9874564409255981,2.0368356704711914,2.2896225452423096,2.197355031967163,2.371342182159424,2.477224826812744,2.7121076583862305,3.0160441398620605,3.0056378841400146,2.665717363357544,2.736422300338745,2.480527400970459,2.519418716430664,2.388493776321411,2.4513461589813232,2.4823479652404785,2.424708127975464,2.6645851135253906,2.5414764881134033
A13,2.5438101291656494,2.262223482131958,2.4526865482330322,2.4156033992767334,2.2283895015716553,1.8797527551651,1.7491613626480103,1.3979953527450562,1.2064307928085327,0.9044989347457886,0.6288981437683105,0.39030611515045166,0.0,0.39489516615867615,0.6764453053474426,1.7071453332901,1.8665193319320679,2.1712582111358643,2.5325865745544434,2.6250274181365967,2.2735815048217773,2.21421480178833,1.835008978843689,1.7102221250534058,1.4040294885635376,1.2782697677612305,1.1024818420410156,0.950279176235199,1.128521203994751,1.0511705875396729,1.9450262784957886,2.1180341243743896,2.3983068466186523,2.7568132877349854,2.8056538105010986,2.453124523162842,2.4360597133636475,2.103416919708252,2.0448174476623535,1.7970216274261475,1.7470951080322266,1.64927339553833,1.5856938362121582,1.7547887563705444,1.611796259880066,2.2530529499053955,2.4217417240142822,2.683584690093994,3.0325403213500977,3.0562615394592285,2.7091007232666016,2.727759838104248,2.433894395828247,2.418761730194092,2.2230122089385986,2.223297595977783,2.2099359035491943,2.203305721282959,2.4174675941467285,2.271326780319214,2.610292911529541,2.757282018661499,2.9982497692108154,3.3195908069610596,3.3368000984191895,3.0019009113311768,3.078094244003296,2.80578351020813,2.8405885696411133,2.6775925159454346,2.726630449295044,2.714083671569824,2.6395368576049805,2.8391287326812744,2.674377679824829
A14,2.804657220840454,2.5504846572875977,2.758124589920044,2.71734356880188,2.5509228706359863,2.208496570587158,2.0625977516174316,1.7181540727615356,1.521768569946289,1.21946120262146,0.9615676999092102,0.6525738835334778,0.39489516615867615,0.0,0.39981529116630554,1.7946467399597168,1.991699457168579,2.329148530960083,2.6779046058654785,2.7974085807800293,2.463240623474121,2.3959407806396484,2.0085151195526123,1.8651952743530273,1.5179023742675781,1.3552254438400269,1.0799533128738403,0.8653866648674011,0.9001256823539734,0.7172806859016418,1.9426157474517822,2.1611757278442383,2.474036455154419,2.835399627685547,2.9187870025634766,2.571979284286499,2.5474209785461426,2.1926486492156982,2.117769241333008,1.8188657760620117,1.7371726036071777,1.5560276508331299,1.448926568031311,1.534085988998413,1.3219093084335327,2.1787922382354736,2.396164894104004,2.687556743621826,3.046037197113037,3.107346296310425,2.7631046772003174,2.7780685424804688,2.456707715988159,2.432589530944824,2.1868972778320312,2.167708396911621,2.0874125957489014,2.0473854541778564,2.206496000289917,2.0078933238983154,2.4806618690490723,2.6751723289489746,2.9382388591766357,3.270491361618042,3.3246383666992188,2.994513511657715,3.071436643600464,2.772953748703003,2.8102097511291504,2.6058309078216553,2.6585500240325928,2.601085662841797,2.5425775051116943,2.7064082622528076,2.532270908355713
A15,2.79520320892334,2.58483624458313,2.8371593952178955,2.839045286178589,2.7177698612213135,2.394205093383789,2.2975351810455322,1.9336622953414917,1.7995609045028687,1.4565201997756958,1.2660541534423828,0.9165274500846863,0.6764453053474426,0.39981529116630554,0.0,1.7932956218719482,2.053717613220215,2.3807156085968018,2.738896131515503,2.9105660915374756,2.60526704788208,2.5874032974243164,2.210458755493164,2.1195287704467773,1.7630971670150757,1.6557505130767822,1.3522671461105347,1.1893582344055176,1.1460850238800049,0.8457345366477966,1.9247132539749146,2.196719169616699,2.4933905601501465,2.872027635574341,3.006007194519043,2.6859538555145264,2.7096192836761475,2.367389678955078,2.3414306640625,2.0363988876342773,1.9984530210494995,1.7871497869491577,1.7103445529937744,1.735809087753296,1.4568393230438232,2.1493401527404785,2.4092350006103516,2.6814351081848145,3.0602080821990967,3.1684608459472656,2.851045608520508,2.91232967376709,2.602731704711914,2.624966859817505,2.374178647994995,2.3938047885894775,2.2854464054107666,2.2664504051208496,2.37868332862854,2.1357171535491943,2.4411463737487793,2.6683483123779297,2.9052414894104004,3.2621142864227295,3.3588438034057617,3.0568747520446777,3.177459716796875,2.8911349773406982,2.9733705520629883,2.770911931991577,2.8656280040740967,2.807216167449951,2.7915263175964355,2.9501500129699707,2.795517921447754
B1,1.576032042503357,1.463557243347168,1.6437286138534546,1.5814790725708008,1.6453919410705566,1.5023542642593384,1.5153295993804932,1.3157987594604492,1.4932036399841309,1.2847304344177246,1.5731675624847412,1.4012726545333862,1.7071453332901,1.7946467399597168,1.7932956218719482,0.0,0.38023966550827026,0.6524075269699097,0.9818128943443298,1.2512052059173584,1.0836451053619385,1.263582706451416,1.0728569030761719,1.3153172731399536,1.172998070716858,1.485836148262024,1.4531432390213013,1.7599961757659912,1.936021089553833,1.9254145622253418,0.49810266494750977,0.5975468158721924,0.7431600689888,1.1356829404830933,1.307480812072754,1.0802767276763916,1.3012362718582153,1.1482410430908203,1.422032356262207,1.3561972379684448,1.6661925315856934,1.706687092781067,1.9976756572723389,2.1965925693511963,2.1634814739227295,0.9937507510185242,1.0176957845687866,1.1075685024261475,1.4608099460601807,1.5338612794876099,1.2930271625518799,1.51725172996521,1.3988131284713745,1.658424735069275,1.6469225883483887,1.9354795217514038,2.042189836502075,2.3184690475463867,2.533487558364868,2.5112507343292236,1.4911911487579346,1.472326636314392,1.5478214025497437,1.8575137853622437,1.8687081336975098,1.6264612674713135,1.8594452142715454,1.756812334060669,1.992234468460083,2.0216972827911377,2.276524066925049,2.456381320953369,2.5919060707092285,2.9158263206481934,2.9802849292755127
B2,1.5537484884262085,1.4117271900177002,1.503868818283081,1.3650702238082886,1.4213976860046387,1.3144046068191528,1.303329348564148,1.192868709564209,1.391516089439392,1.2782455682754517,1.6064784526824951,1.5152121782302856,1.8665193319320679,1.991699457168579,2.053717613220215,0.38023966550827026,0.0,0.38893264532089233,0.6897212862968445,0.8943795561790466,0.7088688611984253,0.9004120230674744,0.7735785245895386,1.0817605257034302,1.0443506240844727,1.4094403982162476,1.471629023551941,1.8194998502731323,2.042038917541504,2.101911783218384,0.6441695094108582,0.49018827080726624,0.5835275053977966,0.9193934202194214,0.9966402649879456,0.7326663136482239,0.959794282913208,0.8633875250816345,1.1814663410186768,1.2101269960403442,1.5573616027832031,1.6798782348632812,2.003952980041504,2.2497098445892334,2.2834956645965576,1.086076021194458,0.9771490097045898,1.0385721921920776,1.3234364986419678,1.3023910522460938,1.0368449687957764,1.2396546602249146,1.1694070100784302,1.437253475189209,1.502260684967041,1.8076781034469604,1.9808019399642944,2.2844879627227783,2.5376057624816895,2.5756430625915527,1.5670742988586426,1.4634071588516235,1.536057949066162,1.7832307815551758,1.7150020599365234,1.4523104429244995,1.6483031511306763,1.5806580781936646,1.795456051826477,1.8793483972549438,2.121697425842285,2.347714424133301,2.4750587940216064,2.8238515853881836,2.9124202728271484
B3,1.3022987842559814,1.2118854522705078,1.264791488647461,1.1356754302978516,1.2814044952392578,1.274619698524475,1.349172830581665,1.3075928688049316,1.5789352655410767,1.5087428092956543,1.8721177577972412,1.8218711614608765,2.1712582111358643,2.329148530960083,2.3807156085968018,0.6524075269699097,0.38893264532089233,0.0,0.3986119031906128,0.6622883081436157,0.6003745794296265,0.9289636015892029,0.948771595954895,1.3161128759384155,1.3606846332550049,1.7392909526824951,1.8391988277435303,2.1860272884368896,2.423905611038208,2.482861042022705,0.9195458889007568,0.705560564994812,0.548595666885376,0.7964949607849121,0.845698356628418,0.6989392638206482,1.023415207862854,1.0672187805175781,1.42257559299469,1.5258089303970337,1.8857237100601196,2.041883707046509,2.3734705448150635,2.629624605178833,2.671860456466675,1.3315483331680298,1.156973958015442,1.0851178169250488,1.3004741668701172,1.2398964166641235,1.062932014465332,1.3195098638534546,1.3589096069335938,1.658215880393982,1.789107322692871,2.1108145713806152,2.313770055770874,2.633371353149414,2.892669200897217,2.9480011463165283,1.7959179878234863,1.6351553201675415,1.6225745677947998,1.826209306716919,1.7226946353912354,1.5196534395217896,1.740660548210144,1.7560704946517944,1.9891176223754883,2.131863594055176,2.3823554515838623,2.642019510269165,2.7768778800964355,3.1374146938323975,3.2446253299713135
B4,1.5073437690734863,1.4640687704086304,1.4428558349609375,1.2705626487731934,1.4480313062667847,1.50986647605896,1.5677506923675537,1.6038974523544312,1.8646141290664673,1.8447391986846924,2.2061643600463867,2.1718225479125977,2.5325865745544434,2.6779046058654785,2.738896131515503,0.9818128943443298,0.6897212862968445,0.3986119031906128,0.0,0.4003400504589081,0.5867160558700562,0.9236375093460083,1.081644892692566,1.4556721448898315,1.5666190385818481,1.9527058601379395,2.0817954540252686,2.4517059326171875,2.6829166412353516,2.769657850265503,1.0951296091079712,0.788033127784729,0.5002317428588867,0.517920196056366,0.497254341840744,0.5192369222640991,0.8993292450904846,1.0781813859939575,1.4597195386886597,1.6309680938720703,2.0103137493133545,2.196791172027588,2.5562336444854736,2.811746835708618,2.8901567459106445,1.3976402282714844,1.130090594291687,0.968026340007782,1.0651739835739136,0.9348220229148865,0.8415998220443726,1.1296663284301758,1.2787541151046753,1.6096320152282715,1.8073290586471558,2.1535885334014893,2.383937120437622,2.734278678894043,2.990138292312622,3.085716485977173,1.8020648956298828,1.5654863119125366,1.5004736185073853,1.6266170740127563,1.4654126167297363,1.3078628778457642,1.5300909280776978,1.6275336742401123,1.8762891292572021,2.0819098949432373,2.3471944332122803,2.644519567489624,2.8063433170318604,3.1756064891815186,3.3255467414855957
B5,1.6612807512283325,1.5616196393966675,1.445288896560669,1.1840145587921143,1.3110036849975586,1.4050780534744263,1.4217268228530884,1.5495740175247192,1.793872594833374,1.856099009513855,2.2172763347625732,2.2456717491149902,2.6250274181365967,2.7974085807800293,2.9105660915374756,1.2512052059173584,0.8943795561790466,0.6622883081436157,0.4003400504589081,0.0,0.38972437381744385,0.6793490648269653,0.9618076682090759,1.3264689445495605,1.5288347005844116,1.909429669380188,2.1066431999206543,2.4815306663513184,2.7469046115875244,2.8856418132781982,1.3728957176208496,1.02614164352417,0.8297305703163147,0.7490509748458862,0.4732021689414978,0.4552062451839447,0.7242562174797058,0.9908984899520874,1.338744044303894,1.5876574516296387,1.9526655673980713,2.199183940887451,2.557563066482544,2.8489773273468018,2.9766178131103516,1.6490081548690796,1.347800850868225,1.2333056926727295,1.2524982690811157,0.9986085891723633,0.8732381463050842,1.0427910089492798,1.2332653999328613,1.5100170373916626,1.766176462173462,2.0876240730285645,2.368238687515259,2.715580463409424,3.004549503326416,3.1448616981506348,2.025998592376709,1.7631897926330566,1.7373685836791992,1.803186058998108,1.5653502941131592,1.3781867027282715,1.5051723718643188,1.617315411567688,1.800257682800293,2.0396010875701904,2.2603847980499268,2.5833189487457275,2.714324474334717,3.094184160232544,3.2495720386505127
B6,1.6221328973770142,1.4407535791397095,1.34177565574646,1.0546106100082397,1.0866098403930664,1.1003693342208862,1.0655442476272583,1.180917739868164,1.407145619392395,1.4822129011154175,1.8390755653381348,1.8897247314453125,2.2735815048217773,2.463240623474121,2.60526704788208,1.0836451053619385,0.7088688611984253,0.6003745794296265,0.5867160558700562,0.38972437381744385,0.0,0.3839515745639801,0.6026908159255981,0.980179488658905,1.1846706867218018,1.5628986358642578,1.7783557176589966,2.1415958404541016,2.4307806491851807,2.581777334213257,1.2768441438674927,0.9651697278022766,0.9022796154022217,0.968115508556366,0.7506165504455566,0.49682217836380005,0.6479117274284363,0.786180853843689,1.099155306816101,1.3273438215255737,1.6723370552062988,1.9271351099014282,2.2637336254119873,2.576289176940918,2.7034201622009277,1.6081193685531616,1.3603713512420654,1.3488231897354126,1.453263282775879,1.2333437204360962,0.9921653866767883,1.0877844095230103,1.1614662408828735,1.3805251121520996,1.5957612991333008,1.8830711841583252,2.1645946502685547,2.4834561347961426,2.7939889430999756,2.9227302074432373,2.020134210586548,1.8102052211761475,1.858505129814148,1.9763052463531494,1.7661086320877075,1.508763313293457,1.5991649627685547,1.6204556226730347,1.757798433303833,1.9431676864624023,2.1287896633148193,2.4257309436798096,2.515892267227173,2.8938791751861572,3.0112550258636475
B7,1.9516571760177612,1.7256460189819336,1.6096009016036987,1.2869420051574707,1.212928056716919,1.1636080741882324,1.0005682706832886,1.1569809913635254,1.288572072982788,1.4257569313049316,1.7397176027297974,1.8239363431930542,2.21421480178833,2.3959407806396484,2.5874032974243164,1.263582706451416,0.9004120230674744,0.9289636015892029,0.9236375093460083,0.6793490648269653,0.3839515745639801,0.0,0.39057356119155884,0.6894757151603699,0.975572407245636,1.3251363039016724,1.5930335521697998,1.9562467336654663,2.258953809738159,2.4624297618865967,1.398969054222107,1.0925085544586182,1.1397291421890259,1.189972162246704,0.9313986897468567,0.6108928322792053,0.4983071982860565,0.5802069902420044,0.7992310523986816,1.0805257558822632,1.3946950435638428,1.6946437358856201,2.0234925746917725,2.3588707447052,2.5323619842529297,1.6749680042266846,1.4325801134109497,1.5029816627502441,1.5913108587265015,1.3399851322174072,1.0358487367630005,0.9882119297981262,1.0025302171707153,1.1257926225662231,1.3560396432876587,1.6015535593032837,1.9147613048553467,2.2195816040039062,2.553891658782959,2.7172420024871826,2.047436237335205,1.8468899726867676,1.9625332355499268,2.0599746704101562,1.826899528503418,1.519324541091919,1.5174102783203125,1.4880306720733643,1.5455824136734009,1.7174979448318481,1.8510148525238037,2.1488051414489746,2.205108642578125,2.5850672721862793,2.6986541748046875
B8,1.964145541191101,1.7062715291976929,1.6588400602340698,1.3786848783493042,1.255897045135498,1.0952905416488647,0.8770710229873657,0.9229597449302673,0.9945232272148132,1.088531732559204,1.381171464920044,1.4451473951339722,1.835008978843689,2.0085151195526123,2.210458755493164,1.0728569030761719,0.7735785245895386,0.948771595954895,1.081644892692566,0.9618076682090759,0.6026908159255981,0.39057356119155884,0.0,0.3875449597835541,0.6035383343696594,0.9683557152748108,1.2211703062057495,1.57883620262146,1.8879903554916382,2.0848934650421143,1.2346093654632568,1.0101195573806763,1.1695772409439087,1.3307582139968872,1.1703720092773438,0.7943652868270874,0.6864489912986755,0.5130321979522705,0.6572386622428894,0.8265131115913391,1.1224981546401978,1.3931772708892822,1.7015631198883057,2.0398635864257812,2.1901841163635254,1.540557622909546,1.3780827522277832,1.5289562940597534,1.7006385326385498,1.523222804069519,1.1707295179367065,1.12631356716156,1.00356924533844,1.0839065313339233,1.2097368240356445,1.4242619276046753,1.700303554534912,1.9741941690444946,2.310013771057129,2.4370906352996826,1.9348074197769165,1.8033472299575806,1.9719218015670776,2.1304421424865723,1.9556130170822144,1.614784836769104,1.6260194778442383,1.5075205564498901,1.5555806159973145,1.6425971984863281,1.763971209526062,2.010709047317505,2.044748544692993,2.412156343460083,2.483675718307495
B9,2.291661262512207,2.006136178970337,1.9638662338256836,1.6825745105743408,1.4954413175582886,1.2780170440673828,0.9692560434341431,0.9953222274780273,0.9124950170516968,1.0460147857666016,1.2442870140075684,1.3348495960235596,1.7102221250534058,1.8651952743530273,2.1195287704467773,1.3153172731399536,1.0817605257034302,1.3161128759384155,1.4556721448898315,1.3264689445495605,0.980179488658905,0.6894757151603699,0.3875449597835541,0.0,0.37728825211524963,0.6528105139732361,0.972856879234314,1.3114583492279053,1.6363376379013062,1.887938141822815,1.4265198707580566,1.2553579807281494,1.48529052734375,1.648489236831665,1.4906930923461914,1.1112929582595825,0.8993962407112122,0.6261943578720093,0.5140631794929504,0.6227242350578308,0.8171891570091248,1.124375820159912,1.3976598978042603,1.762939453125,1.9524033069610596,1.673591136932373,1.5553289651870728,1.7748037576675415,1.9493218660354614,1.778931736946106,1.4021142721176147,1.2692675590515137,1.0583369731903076,1.0001643896102905,1.0590698719024658,1.1795763969421387,1.46016263961792,1.6884472370147705,2.0487427711486816,2.192413330078125,2.020012378692627,1.9287840127944946,2.158076286315918,2.315204381942749,2.148416757583618,1.7786797285079956,1.724312663078308,1.5355573892593384,1.4992661476135254,1.5201491117477417,1.568785309791565,1.7765947580337524,1.7545239925384521,2.1111342906951904,2.1511082649230957
B10,2.3256261348724365,2.0472841262817383,2.0745480060577393,1.8457974195480347,1.6727938652038574,1.408493995666504,1.1283942461013794,1.019300937652588,0.8873552680015564,0.8915805220603943,1.0331836938858032,1.038586974143982,1.4040294885635376,1.5179023742675781,1.7630971670150757,1.172998070716858,1.0443506240844727,1.3606846332550049,1.5666190385818481,1.5288347005844116,1.1846706867218018,0.975572407245636,0.6035383343696594,0.37728825211524963,0.0,0.3873182237148285,0.6233029365539551,0.9809798002243042,1.2926228046417236,1.5199297666549683,1.2655566930770874,1.1939959526062012,1.4909149408340454,1.7228683233261108,1.6489914655685425,1.2645970582962036,1.111396312713623,0.7604649662971497,0.6512919664382935,0.5206804275512695,0.6729812622070312,0.8765741586685181,1.1340043544769287,1.4797638654708862,1.6222862005233765,1.5107184648513794,1.478384017944336,1.748042345046997,1.9841846227645874,1.8867697715759277,1.501891016960144,1.4114201068878174,1.1302539110183716,1.0839804410934448,1.0152266025543213,1.116833209991455,1.3120746612548828,1.510993242263794,1.8470731973648071,1.932513952255249,1.860231876373291,1.8389863967895508,2.0981943607330322,2.3072996139526367,2.202511787414551,1.8285164833068848,1.8121951818466187,1.5702720880508423,1.5623167753219604,1.5049973726272583,1.5722262859344482,1.7166905403137207,1.7028471231460571,2.0336177349090576,2.0390408039093018
B11,2.6442065238952637,2.348264217376709,2.3846426010131836,2.1639597415924072,1.9527430534362793,1.6562292575836182,1.3440300226211548,1.2129855155944824,0.9651193618774414,0.9701318740844727,0.9576301574707031,0.9712280035018921,1.2782697677612305,1.3552254438400269,1.6557505130767822,1.485836148262024,1.4094403982162476,1.7392909526824951,1.9527058601379395,1.909429669380188,1.5628986358642578,1.3251363039016724,0.9683557152748108,0.6528105139732361,0.3873182237148285,0.0,0.3851383626461029,0.670808732509613,1.0079361200332642,1.297629475593567,1.5495914220809937,1.5291975736618042,1.8522971868515015,2.087002754211426,2.0176522731781006,1.6353563070297241,1.4459357261657715,1.0851489305496216,0.8650512099266052,0.6420960426330566,0.5455974340438843,0.6908532977104187,0.8370181918144226,1.21002197265625,1.376344084739685,1.7418726682662964,1.759004831314087,2.0653905868530273,2.3054234981536865,2.2206485271453857,1.8314534425735474,1.7000731229782104,1.3801449537277222,1.2432729005813599,1.088786244392395,1.0577670335769653,1.1962920427322388,1.2987374067306519,1.6450539827346802,1.7188442945480347,2.0380053520202637,2.065258741378784,2.363238573074341,2.5756239891052246,2.4878592491149902,2.104844570159912,2.0508923530578613,1.7625864744186401,1.6937448978424072,1.5614749193191528,1.554099678993225,1.6212269067764282,1.539064884185791,1.8305562734603882,1.773748517036438
B12,2.735633373260498,2.4631295204162598,2.5549519062042236,2.3764429092407227,2.194993734359741,1.887376070022583,1.6177875995635986,1.4139989614486694,1.1832826137542725,1.0652815103530884,0.9876132607460022,0.8567601442337036,1.1024818420410156,1.0799533128738403,1.3522671461105347,1.4531432390213013,1.471629023551941,1.8391988277435303,2.0817954540252686,2.1066431999206543,1.7783557176589966,1.5930335521697998,1.2211703062057495,0.972856879234314,0.6233029365539551,0.3851383626461029,0.0,0.3935450613498688,0.6693557500839233,0.9266591668128967,1.4684522151947021,1.5397133827209473,1.896925687789917,2.1701905727386475,2.1690704822540283,1.7988706827163696,1.6555378437042236,1.2743419408798218,1.0987540483474731,0.7783665060997009,0.6602934002876282,0.5707783699035645,0.6545275449752808,0.957487940788269,1.042220115661621,1.6239591836929321,1.7235112190246582,2.0592920780181885,2.3396689891815186,2.3197615146636963,1.9399378299713135,1.848244547843933,1.4986611604690552,1.3940390348434448,1.1548644304275513,1.120905876159668,1.136684775352478,1.19855797290802,1.4841198921203613,1.4745272397994995,1.8946857452392578,1.9917242527008057,2.3069190979003906,2.5581817626953125,2.5294809341430664,2.1570615768432617,2.1397781372070312,1.8224245309829712,1.7903610467910767,1.600662112236023,1.6248124837875366,1.6282496452331543,1.5777587890625,1.8264087438583374,1.745667576789856
B13,2.9813406467437744,2.6967620849609375,2.806894302368164,2.6507205963134766,2.4453628063201904,2.113365650177002,1.844674825668335,1.6121490001678467,1.330311894416809,1.1922028064727783,0.981412947177887,0.8394306898117065,0.950279176235199,0.8653866648674011,1.1893582344055176,1.7599961757659912,1.8194998502731323,2.1860272884368896,2.4517059326171875,2.4815306663513184,2.1415958404541016,1.9562467336654663,1.57883620262146,1.3114583492279053,0.9809798002243042,0.670808732509613,0.3935450613498688,0.0,0.39591777324676514,0.6911400556564331,1.7945870161056519,1.9054428339004517,2.2633776664733887,2.5516929626464844,2.5589499473571777,2.1877310276031494,2.0444347858428955,1.6645965576171875,1.4675490856170654,1.1490994691848755,0.9478743076324463,0.7820057272911072,0.6421571373939514,0.8751811385154724,0.8951176404953003,1.9402856826782227,2.0795016288757324,2.4216701984405518,2.714531183242798,2.708733081817627,2.3308608531951904,2.235774517059326,1.879785418510437,1.748923659324646,1.4830069541931152,1.3777912855148315,1.3250526189804077,1.2687138319015503,1.5134739875793457,1.4399902820587158,2.1830592155456543,2.3216187953948975,2.6458613872528076,2.909700393676758,2.9008026123046875,2.531291961669922,2.508472442626953,2.175915479660034,2.1217942237854004,1.8939862251281738,1.874476671218872,1.8095508813858032,1.7067381143569946,1.8897454738616943,1.7305818796157837
