,A1,A2,A3,A4,A5,A6,A7,A8,A9,A10,A11,A12,A13,A14,A15,B1,B2,B3,B4,B5,B6,B7,B8,B9,B10,B11,B12,B13,B14,B15,C1,C2,C3,C4,C5,C6,C7,C8,C9,C10,C11,C12,C13,C14,C15,D1,D2,D3,D4,D5,D6,D7,D8,D9,D10,D11,D12,D13,D14,D15,E1,E2,E3,E4,E5,E6,E7,E8,E9,E10,E11,E12,E13,E14,E15
A1,0.0,0.39142024517059326,0.6261698007583618,0.8920698165893555,1.1777383089065552,1.2944666147232056,1.6706572771072388,1.7184231281280518,2.0726354122161865,2.1202268600463867,2.4837353229522705,2.6482932567596436,2.8802201747894287,3.1506123542785645,3.1675801277160645,1.9387781620025635,1.8004282712936401,1.5248992443084717,1.6321022510528564,1.6537928581237793,1.682873249053955,2.021406888961792,2.0763866901397705,2.401831865310669,2.4781086444854736,2.798339366912842,2.978365421295166,3.1981873512268066,3.5378105640411377,3.592787981033325,2.4668166637420654,2.3221302032470703,2.1358273029327393,2.2494442462921143,2.192509412765503,2.165524482727051,2.4554715156555176,2.5206804275512695,2.7924904823303223,2.890446424484253,3.1754488945007324,3.3827054500579834,3.5976004600524902,3.9354898929595947,3.9660704135894775,2.978896379470825,2.824981689453125,2.700704574584961,2.7953550815582275,2.7502050399780273,2.6772866249084473,2.9590775966644287,2.9823107719421387,3.1969411373138428,3.3060293197631836,3.547091007232666,3.793433904647827,3.9972498416900635,4.337676048278809,4.378979206085205,3.577529191970825,3.4644522666931152,3.45279598236084,3.4648308753967285,3.6483752727508545,3.4506940841674805,3.70923113822937,3.6454198360443115,3.7631711959838867,3.8960964679718018,4.022904872894287,4.295732498168945,4.356296062469482,4.734498023986816,4.829880237579346
A2,0.39142024517059326,0.0,0.39942342042922974,0.6300438642501831,0.8559642434120178,0.9254788756370544,1.3063631057739258,1.3469414710998535,1.6924264430999756,1.7549691200256348,2.1126043796539307,2.2980451583862305,2.535839319229126,2.820488214492798,2.8642609119415283,1.782996654510498,1.6373369693756104,1.430002212524414,1.5922353267669678,1.5836960077285767,1.5245741605758667,1.8333008289337158,1.8380064964294434,2.136047124862671,2.1973185539245605,2.49404239654541,2.684530019760132,2.882561445236206,3.233661413192749,3.300992250442505,2.3483023643493652,2.2161011695861816,2.09197735786438,2.2390806674957275,2.169339895248413,2.074531316757202,2.335428237915039,2.3515188694000244,2.591642379760742,2.667517900466919,2.9244439601898193,3.1333367824554443,3.321956157684326,3.6666362285614014,3.7013490200042725,2.880471706390381,2.7454192638397217,2.67378568649292,2.7916479110717773,2.7437527179718018,2.620712995529175,2.8804564476013184,2.8577072620391846,3.0424258708953857,3.1268348693847656,3.3384385108947754,3.582043409347534,3.7582221031188965,4.1042022705078125,4.145204067230225,3.491163492202759,3.399627685546875,3.428724527359009,3.455676555633545,3.64009952545166,3.4167842864990234,3.654470920562744,3.5509395599365234,3.6516501903533936,3.7521719932556152,3.857548236846924,4.109716892242432,4.145040035247803,4.518448829650879,4.58966588973999
A3,0.6261698007583618,0.39942342042922974,0.0,0.3862360119819641,0.5855743288993835,0.8075864315032959,1.141228199005127,1.2944154739379883,1.6219367980957031,1.7593052387237549,2.118716239929199,2.3086438179016113,2.589540958404541,2.8623595237731934,2.948727607727051,1.840738296508789,1.6185309886932373,1.418076992034912,1.5127161741256714,1.4078963994979858,1.336373209953308,1.602992057800293,1.6564316749572754,1.9335752725601196,2.056926727294922,2.349203586578369,2.5863187313079834,2.805943250656128,3.16922664642334,3.281888961791992,2.3680365085601807,2.181331157684326,2.0709660053253174,2.16839599609375,2.031329393386841,1.9143084287643433,2.1303372383117676,2.1713263988494873,2.3830578327178955,2.5024733543395996,2.7491276264190674,2.997614622116089,3.1970362663269043,3.5583715438842773,3.634565591812134,2.8781967163085938,2.7039923667907715,2.6490509510040283,2.7260749340057373,2.6255507469177246,2.472726821899414,2.6936728954315186,2.6825971603393555,2.835352897644043,2.951125383377075,3.146894693374634,3.420849561691284,3.6016907691955566,3.962233304977417,4.039401054382324,3.4710593223571777,3.350963592529297,3.4020140171051025,3.394598960876465,3.541226387023926,3.2880446910858154,3.494173765182495,3.386403799057007,3.4506397247314453,3.561263084411621,3.638450860977173,3.901954174041748,3.920562505722046,4.294998645782471,4.377035140991211
A4,0.8920698165893555,0.6300438642501831,0.3862360119819641,0.0,0.372391015291214,0.5740830302238464,0.8766647577285767,1.034291386604309,1.3738139867782593,1.503963828086853,1.8758224248886108,2.02518367767334,2.329338550567627,2.5723674297332764,2.666130542755127,1.5327733755111694,1.2798782587051392,1.123963475227356,1.2349779605865479,1.1126850843429565,0.9803647398948669,1.2394981384277344,1.2717839479446411,1.5559277534484863,1.6765773296356201,1.9790887832641602,2.214236259460449,2.449204683303833,2.808319330215454,2.929670572280884,2.043074607849121,1.8480234146118164,1.777701735496521,1.887903094291687,1.7461413145065308,1.584626317024231,1.7879271507263184,1.8007935285568237,2.0086634159088135,2.1177501678466797,2.3658859729766846,2.6120283603668213,2.8162953853607178,3.177164316177368,3.2588393688201904,2.5471062660217285,2.374361753463745,2.3528411388397217,2.4389772415161133,2.338613986968994,2.155249834060669,2.3661177158355713,2.327502965927124,2.4735426902770996,2.574993133544922,2.7675299644470215,3.036893129348755,3.216418743133545,3.576169490814209,3.6542599201202393,3.135495901107788,3.0213491916656494,3.0976643562316895,3.0957188606262207,3.2410271167755127,2.9747517108917236,3.1702053546905518,3.041092872619629,3.1040453910827637,3.1980555057525635,3.2753114700317383,3.530179262161255,3.550041913986206,3.9239563941955566,4.0026535987854
A5,1.1777383089065552,0.8559642434120178,0.5855743288993835,0.372391015291214,0.0,0.3761178255081177,0.5900646448135376,0.8457105159759521,1.1279884576797485,1.3366285562515259,1.6791032552719116,1.8721050024032593,2.1894471645355225,2.450725793838501,2.5936806201934814,1.6956493854522705,1.4380536079406738,1.3687710762023926,1.4920514822006226,1.319201111793518,1.1022056341171265,1.2599806785583496,1.2467563152313232,1.4532744884490967,1.586426854133606,1.8371703624725342,2.1105246543884277,2.3155295848846436,2.6925272941589355,2.846409559249878,2.20403790473938,2.0164437294006348,2.00716495513916,2.1222035884857178,1.953922986984253,1.7349467277526855,1.871899962425232,1.842260479927063,1.9839367866516113,2.0857925415039062,2.2824435234069824,2.547384262084961,2.716500997543335,3.0897819995880127,3.1925482749938965,2.702255964279175,2.5415265560150146,2.56860089302063,2.657228469848633,2.5397026538848877,2.3114070892333984,2.4760799407958984,2.400023937225342,2.4919872283935547,2.579817533493042,2.723914861679077,3.0013930797576904,3.1458804607391357,3.5154647827148438,3.607917308807373,3.2816548347473145,3.180659532546997,3.294600009918213,3.293985366821289,3.4241349697113037,3.132279634475708,3.292696952819824,3.1291418075561523,3.156270742416382,3.2211432456970215,3.2585983276367188,3.493274450302124,3.473405361175537,3.8387696743011475,3.893141031265259
A6,1.2944666147232056,0.9254788756370544,0.8075864315032959,0.5740830302238464,0.3761178255081177,0.0,0.3863964378833771,0.49688249826431274,0.8178232312202454,0.9807541370391846,1.3324378728866577,1.531436562538147,1.8323770761489868,2.1084766387939453,2.2449090480804443,1.5198423862457275,1.3234094381332397,1.330498218536377,1.5422272682189941,1.4381752014160156,1.1686362028121948,1.3238879442214966,1.2011727094650269,1.3915576934814453,1.4364210367202759,1.6665351390838623,1.902159571647644,2.069788694381714,2.4460301399230957,2.573047399520874,2.0658011436462402,1.9379445314407349,1.9756946563720703,2.1534926891326904,2.038867235183716,1.7914129495620728,1.9388993978500366,1.8391939401626587,1.9755436182022095,2.0086467266082764,2.186866521835327,2.4108004570007324,2.5465614795684814,2.9085676670074463,2.978109836578369,2.584596633911133,2.4749815464019775,2.533836603164673,2.672342538833618,2.600407838821411,2.3632164001464844,2.540715456008911,2.41525936126709,2.510544776916504,2.543349266052246,2.6755402088165283,2.9172072410583496,3.033276319503784,3.3911759853363037,3.450031042098999,3.177730083465576,3.119389772415161,3.247987747192383,3.287555456161499,3.448267936706543,3.166259527206421,3.335421562194824,3.1452317237854004,3.192819118499756,3.2197141647338867,3.267247200012207,3.470960855484009,3.448498010635376,3.806140661239624,3.8309905529022217
A7,1.6706572771072388,1.3063631057739258,1.141228199005127,0.8766647577285767,0.5900646448135376,0.3863964378833771,0.0,0.39174938201904297,0.5649393796920776,0.8376660346984863,1.1415700912475586,1.343400478363037,1.6769611835479736,1.9360578060150146,2.1287713050842285,1.615329623222351,1.4025723934173584,1.4932224750518799,1.6865932941436768,1.5375165939331055,1.2080179452896118,1.2479277849197388,1.0756607055664062,1.1645092964172363,1.2176964282989502,1.3868210315704346,1.6616511344909668,1.8103300333023071,2.197791814804077,2.367870330810547,2.1054532527923584,1.9747717380523682,2.0764882564544678,2.24530291557312,2.105285167694092,1.8061046600341797,1.880475640296936,1.7354341745376587,1.799548864364624,1.8202794790267944,1.9431726932525635,2.182650566101074,2.2880899906158447,2.659160614013672,2.757206916809082,2.5910325050354004,2.4872474670410156,2.598780632019043,2.7313194274902344,2.641038417816162,2.3604259490966797,2.486109972000122,2.321373701095581,2.3611950874328613,2.3758273124694824,2.4587082862854004,2.703613758087158,2.7873594760894775,3.151263952255249,3.227938413619995,3.1558902263641357,3.1062021255493164,3.2759861946105957,3.3119924068450928,3.4515748023986816,3.1455087661743164,3.274994373321533,3.0504515171051025,3.0636327266693115,3.0584795475006104,3.069519519805908,3.249796152114868,3.193481922149658,3.5403048992156982,3.544174909591675
A8,1.7184231281280518,1.3469414710998535,1.2944154739379883,1.034291386604309,0.8457105159759521,0.49688249826431274,0.39174938201904297,0.0,0.37675443291664124,0.4910004734992981,0.8450227379798889,1.038451075553894,1.3454663753509521,1.623885154724121,1.7866613864898682,1.4287413358688354,1.3029932975769043,1.4455572366714478,1.7153414487838745,1.651777982711792,1.3206249475479126,1.4007765054702759,1.1500757932662964,1.2545720338821411,1.1869174242019653,1.3472795486450195,1.5428794622421265,1.6506623029708862,2.026400566101074,2.1431589126586914,1.9536738395690918,1.8937299251556396,2.021002769470215,2.250121831893921,2.176285982131958,1.8799558877944946,1.9916590452194214,1.7985849380493164,1.886334776878357,1.8330700397491455,1.9561458826065063,2.1324126720428467,2.211107015609741,2.5587515830993652,2.603745222091675,2.459566116333008,2.4112701416015625,2.5358030796051025,2.7188303470611572,2.683544874191284,2.4173014163970947,2.5744123458862305,2.3785958290100098,2.4459004402160645,2.407705783843994,2.4987130165100098,2.6962544918060303,2.7621970176696777,3.1048786640167236,3.1342341899871826,3.039466142654419,3.033003330230713,3.200942277908325,3.2797136306762695,3.457213878631592,3.1751649379730225,3.3282852172851562,3.0935213565826416,3.1439037322998047,3.11242938041687,3.1520845890045166,3.3070735931396484,3.2664413452148438,3.6059939861297607,3.5883560180664062
A9,2.0726354122161865,1.6924264430999756,1.6219367980957031,1.3738139867782593,1.1279884576797485,0.8178232312202454,0.5649393796920776,0.37675443291664124,0.0,0.38268524408340454,0.5886629223823547,0.8468742966651917,1.158100962638855,1.4472426176071167,1.677288293838501,1.6800575256347656,1.5713303089141846,1.7649786472320557,2.025853157043457,1.9407497644424438,1.5843621492385864,1.5859935283660889,1.3007842302322388,1.295351266860962,1.1987526416778564,1.2486886978149414,1.4520041942596436,1.4881973266601562,1.8686957359313965,2.0134575366973877,2.1552650928497314,2.114922523498535,2.2904977798461914,2.519221067428589,2.43635630607605,2.1103382110595703,2.167184829711914,1.9338769912719727,1.9515656232833862,1.8665761947631836,1.9154398441314697,2.081723213195801,2.0999414920806885,2.44286847114563,2.4981391429901123,2.6280548572540283,2.602442502975464,2.7697913646698,2.9561192989349365,2.916135549545288,2.622450828552246,2.738835573196411,2.5066635608673096,2.52360200881958,2.454759359359741,2.4887967109680176,2.671261787414551,2.6864235401153564,3.0240609645843506,3.0554230213165283,3.1783599853515625,3.1935372352600098,3.3944175243377686,3.48006010055542,3.6465444564819336,3.351520299911499,3.472562789916992,3.206583261489868,3.229907989501953,3.160107374191284,3.1652743816375732,3.284550666809082,3.20585036277771,3.525453805923462,3.4719059467315674
A10,2.1202268600463867,1.7549691200256348,1.7593052387237549,1.503963828086853,1.3366285562515259,0.9807541370391846,0.8376660346984863,0.4910004734992981,0.38268524408340454,0.0,0.38740694522857666,0.5747160911560059,0.8571889996528625,1.1583952903747559,1.3396849632263184,1.4861350059509277,1.4627443552017212,1.6934895515441895,2.0038442611694336,1.9913558959960938,1.6482630968093872,1.6892696619033813,1.3639171123504639,1.3931143283843994,1.2004635334014893,1.2610352039337158,1.3620846271514893,1.3683786392211914,1.7213292121887207,1.7976181507110596,1.9673973321914673,1.9924832582473755,2.1850697994232178,2.45969295501709,2.436638832092285,2.1235270500183105,2.216942071914673,1.9549967050552368,2.0064704418182373,1.8627822399139404,1.9272583723068237,2.0271501541137695,2.033369779586792,2.3451781272888184,2.3422000408172607,2.4467365741729736,2.4712376594543457,2.644880771636963,2.872509479522705,2.8827192783355713,2.6096856594085693,2.7570204734802246,2.5068039894104004,2.5580852031707764,2.447678327560425,2.5019335746765137,2.638129949569702,2.648768663406372,2.9610233306884766,2.9443588256835938,3.003540277481079,3.0562331676483154,3.2498552799224854,3.372723340988159,3.5728342533111572,3.304924249649048,3.450645685195923,3.183593511581421,3.2465851306915283,3.1608519554138184,3.2014665603637695,3.3038995265960693,3.252377510070801,3.566843032836914,3.504012107849121
A11,2.4837353229522705,2.1126043796539307,2.118716239929199,1.8758224248886108,1.6791032552719116,1.3324378728866577,1.1415700912475586,0.8450227379798889,0.5886629223823547,0.38740694522857666,0.0,0.3947119414806366,0.6001843214035034,0.9373559951782227,1.1866252422332764,1.7837715148925781,1.7907541990280151,2.051917314529419,2.3614706993103027,2.3456552028656006,1.9918806552886963,1.9892935752868652,1.6451919078826904,1.601108431816101,1.3757802248001099,1.32974112033844,1.3902286291122437,1.2901262044906616,1.6164734363555908,1.688704252243042,2.213824987411499,2.2714316844940186,2.4990761280059814,2.7801082134246826,2.7627174854278564,2.434727430343628,2.494264841079712,2.2012948989868164,2.2025132179260254,2.020907402038574,2.017690658569336,2.080935001373291,2.01525616645813,2.299093723297119,2.281463623046875,2.655975580215454,2.7145907878875732,2.9213719367980957,3.159792184829712,3.1784214973449707,2.8918590545654297,3.012586832046509,2.7319493293762207,2.7481071949005127,2.6013333797454834,2.6067557334899902,2.710116147994995,2.665762186050415,2.9571492671966553,2.923520088195801,3.1788976192474365,3.262784481048584,3.480201005935669,3.618983030319214,3.8178369998931885,3.548795223236084,3.672614812850952,3.380735158920288,3.4298670291900635,3.3056890964508057,3.323672294616699,3.384932041168213,3.304438829421997,3.5927164554595947,3.4891982078552246
A12,2.6482932567596436,2.2980451583862305,2.3086438179016113,2.02518367767334,1.8721050024032593,1.531436562538147,1.343400478363037,1.038451075553894,0.8468742966651917,0.5747160911560059,0.3947119414806366,0.0,0.37886950373649597,0.6010411977767944,0.8561081290245056,1.6210744380950928,1.670759677886963,1.9832426309585571,2.2943766117095947,2.3115391731262207,1.963549017906189,1.941934585571289,1.5704758167266846,1.5100308656692505,1.2134873867034912,1.1422615051269531,1.1029554605484009,0.9722847938537598,1.268819808959961,1.3055342435836792,1.972067952156067,2.0697858333587646,2.3377912044525146,2.632739543914795,2.6484227180480957,2.3188705444335938,2.369419574737549,2.0434374809265137,2.040313482284546,1.8052040338516235,1.7914563417434692,1.794306993484497,1.712579607963562,1.9684042930603027,1.9170929193496704,2.372377872467041,2.4671671390533447,2.703866720199585,2.9600963592529297,3.006342649459839,2.722447633743286,2.838301181793213,2.5317742824554443,2.5523600578308105,2.363882541656494,2.3678553104400635,2.4279985427856445,2.373067855834961,2.641552448272705,2.5779595375061035,2.86600661277771,2.9779179096221924,3.209508180618286,3.368846893310547,3.5765020847320557,3.321485996246338,3.4425463676452637,3.139620065689087,3.2068769931793213,3.058079242706299,3.0944900512695312,3.132765531539917,3.07078218460083,3.3495466709136963,3.2394890785217285
A13,2.8802201747894287,2.535839319229126,2.589540958404541,2.329338550567627,2.1894471645355225,1.8323770761489868,1.6769611835479736,1.3454663753509521,1.158100962638855,0.8571889996528625,0.6001843214035034,0.37886950373649597,0.0,0.39768147468566895,0.625194251537323,1.8309617042541504,1.9424638748168945,2.254833221435547,2.5876123905181885,2.6389455795288086,2.303907871246338,2.30120587348938,1.9275543689727783,1.8741421699523926,1.5583902597427368,1.4676681756973267,1.3610937595367432,1.15939462184906,1.3695682287216187,1.3198918104171753,2.164558172225952,2.315575361251831,2.585775136947632,2.904370069503784,2.954413414001465,2.6387135982513428,2.7040693759918213,2.3704891204833984,2.3728692531585693,2.110384225845337,2.081792116165161,2.0306007862091064,1.9068832397460938,2.1070616245269775,1.9968477487564087,2.5457756519317627,2.6873199939727783,2.9262473583221436,3.2084708213806152,3.2876880168914795,3.0203068256378174,3.1474456787109375,2.832223653793335,2.8613617420196533,2.6453890800476074,2.6423990726470947,2.6595098972320557,2.5759828090667725,2.806709051132202,2.69805908203125,3.0198168754577637,3.1706361770629883,3.3968608379364014,3.5864369869232178,3.8152995109558105,3.582548141479492,3.7123773097991943,3.407172203063965,3.492112636566162,3.3241381645202637,3.370959997177124,3.3820550441741943,3.322749614715576,3.5805954933166504,3.4453115463256836
A14,3.1506123542785645,2.820488214492798,2.8623595237731934,2.5723674297332764,2.450725793838501,2.1084766387939453,1.9360578060150146,1.623885154724121,1.4472426176071167,1.1583952903747559,0.9373559951782227,0.6010411977767944,0.39768147468566895,0.0,0.38355833292007446,1.8642531633377075,1.9995447397232056,2.3471713066101074,2.663559913635254,2.7296459674835205,2.402808666229248,2.36808443069458,1.9870697259902954,1.9018834829330444,1.551527738571167,1.4176154136657715,1.2157725095748901,0.9585554003715515,1.0723382234573364,0.9625265002250671,2.087618827819824,2.270268201828003,2.577949285507202,2.895049571990967,2.966252565383911,2.650378942489624,2.6908557415008545,2.3331589698791504,2.3129851818084717,2.007395029067993,1.9467077255249023,1.827762246131897,1.6655827760696411,1.8111581802368164,1.6599745750427246,2.396538496017456,2.5738937854766846,2.8465394973754883,3.135986804962158,3.2343950271606445,2.967604160308838,3.0743753910064697,2.7352962493896484,2.7526495456695557,2.4956986904144287,2.4730634689331055,2.438002109527588,2.326305389404297,2.519653797149658,2.3776695728302,2.8130548000335693,2.9948699474334717,3.241347312927246,3.447246789932251,3.6750197410583496,3.4550492763519287,3.5689055919647217,3.250084161758423,3.3416459560394287,3.141855239868164,3.194791316986084,3.1708168983459473,3.119497537612915,3.3547868728637695,3.2029919624328613
A15,3.1675801277160645,2.8642609119415283,2.948727607727051,2.666130542755127,2.5936806201934814,2.2449090480804443,2.1287713050842285,1.7866613864898682,1.677288293838501,1.3396849632263184,1.1866252422332764,0.8561081290245056,0.625194251537323,0.38355833292007446,0.0,1.7793999910354614,1.9831321239471436,2.3238229751586914,2.6575253009796143,2.777470827102661,2.4820241928100586,2.490283489227295,2.116191864013672,2.0842535495758057,1.7174525260925293,1.6430319547653198,1.3924089670181274,1.1860986948013306,1.237224817276001,1.0137077569961548,1.975499153137207,2.213970899581909,2.50956654548645,2.8514459133148193,2.9722535610198975,2.688279390335083,2.768608570098877,2.4189651012420654,2.4462504386901855,2.1271138191223145,2.1115760803222656,1.95193612575531,1.8209738731384277,1.9256653785705566,1.7098469734191895,2.2717814445495605,2.4924209117889404,2.7489094734191895,3.066541910171509,3.208811044692993,2.9772801399230957,3.118159055709839,2.7887113094329834,2.8504040241241455,2.5824196338653564,2.600611448287964,2.535360336303711,2.4487435817718506,2.6125996112823486,2.425619602203369,2.6837079524993896,2.8959217071533203,3.1171600818634033,3.35414457321167,3.6126255989074707,3.427976131439209,3.5723323822021484,3.272151470184326,3.405463218688965,3.2131431102752686,3.3081107139587402,3.2875618934631348,3.276447296142578,3.512336492538452,3.374793529510498
B1,1.9387781620025635,1.782996654510498,1.840738296508789,1.5327733755111694,1.6956493854522705,1.5198423862457275,1.615329623222351,1.4287413358688354,1.6800575256347656,1.4861350059509277,1.7837715148925781,1.6210744380950928,1.8309617042541504,1.8642531633377075,1.7793999910354614,0.0,0.383638858795166,0.6298072934150696,0.9573341012001038,1.2152897119522095,1.0965564250946045,1.3112916946411133,1.126828908920288,1.415354609489441,1.2425118684768677,1.5650947093963623,1.5073789358139038,1.7568999528884888,1.9652338027954102,1.9237823486328125,0.6206957697868347,0.6996721625328064,0.8169507384300232,1.1823019981384277,1.354038119316101,1.1963189840316772,1.4730724096298218,1.3052078485488892,1.6022261381149292,1.480338454246521,1.7834532260894775,1.8052010536193848,2.0256922245025635,2.2689361572265625,2.2083778381347656,1.1789703369140625,1.1883124113082886,1.256296992301941,1.5435370206832886,1.6764596700668335,1.5407360792160034,1.8360751867294312,1.675145149230957,1.9350231885910034,1.8555225133895874,2.119412899017334,2.216635227203369,2.406680107116699,2.670471668243408,2.6152729988098145,1.8042939901351929,1.81853187084198,1.9078468084335327,2.056314706802368,2.326695680618286,2.1523985862731934,2.4168484210968018,2.2548720836639404,2.4664831161499023,2.474985122680664,2.6820132732391357,2.8616514205932617,2.985938549041748,3.331728935241699,3.3913004398345947
B2,1.8004282712936401,1.6373369693756104,1.6185309886932373,1.2798782587051392,1.4380536079406738,1.3234094381332397,1.4025723934173584,1.3029932975769043,1.5713303089141846,1.4627443552017212,1.7907541990280151,1.670759677886963,1.9424638748168945,1.9995447397232056,1.9831321239471436,0.383638858795166,0.0,0.38876107335090637,0.6745942831039429,0.8596097230911255,0.7140771746635437,0.9411718845367432,0.8054965734481812,1.1405731439590454,1.0579793453216553,1.4232693910598755,1.4545246362686157,1.7522436380386353,2.00112247467041,2.0338737964630127,0.7685158848762512,0.6360957622528076,0.7275176048278809,1.0153915882110596,1.0858073234558105,0.8798976540565491,1.156326174736023,1.0235542058944702,1.336920976638794,1.2904473543167114,1.6181519031524658,1.7187323570251465,1.9734385013580322,2.259263038635254,2.2651784420013428,1.2847659587860107,1.1823251247406006,1.2444682121276855,1.4546327590942383,1.4998201131820679,1.3174813985824585,1.5950802564620972,1.4575330018997192,1.7027993202209473,1.6823270320892334,1.9498987197875977,2.109370708465576,2.322373867034912,2.6217803955078125,2.6235857009887695,1.891729474067688,1.8382664918899536,1.944350004196167,2.027465343475342,2.247072219848633,2.0244221687316895,2.2643399238586426,2.103224754333496,2.274698495864868,2.3129725456237793,2.49290132522583,2.7056190967559814,2.814842939376831,3.1766340732574463,3.257781982421875
B3,1.5248992443084717,1.430002212524414,1.418076992034912,1.123963475227356,1.3687710762023926,1.330498218536377,1.4932224750518799,1.4455572366714478,1.7649786472320557,1.6934895515441895,2.051917314529419,1.9832426309585571,2.254833221435547,2.3471713066101074,2.3238229751586914,0.6298072934150696,0.38876107335090637,0.0,0.39124777913093567,0.663047730922699,0.6700683236122131,1.0102463960647583,1.0055830478668213,1.3806158304214478,1.3773884773254395,1.7546693086624146,1.8246362209320068,2.1278557777404785,2.386254072189331,2.422255754470825,0.9908826351165771,0.7979854941368103,0.6817302107810974,0.9054758548736572,0.9604986310005188,0.8642295002937317,1.2127532958984375,1.201277494430542,1.548675537109375,1.5781885385513306,1.9254378080368042,2.058255434036255,2.3330721855163574,2.6234569549560547,2.6405792236328125,1.4774750471115112,1.316106915473938,1.264990210533142,1.423723816871643,1.4442741870880127,1.326446533203125,1.6446151733398438,1.597067952156067,1.87278413772583,1.9178651571273804,2.2119388580322266,2.3996405601501465,2.641554594039917,2.944538116455078,2.963104009628296,2.072026014328003,1.9698169231414795,2.0137081146240234,2.0595672130584717,2.2709014415740967,2.065492630004883,2.3334410190582275,2.2296693325042725,2.4063000679016113,2.5007903575897217,2.6902644634246826,2.939452648162842,3.063295602798462,3.4335858821868896,3.5435800552368164
B4,1.6321022510528564,1.5922353267669678,1.5127161741256714,1.2349779605865479,1.4920514822006226,1.5422272682189941,1.6865932941436768,1.7153414487838745,2.025853157043457,2.0038442611694336,2.3614706993103027,2.2943766117095947,2.5876123905181885,2.663559913635254,2.6575253009796143,0.9573341012001038,0.6745942831039429,0.39124777913093567,0.0,0.39237624406814575,0.6098551154136658,0.9311443567276001,1.0654714107513428,1.4344063997268677,1.5138906240463257,1.8955895900726318,1.9955761432647705,2.332489013671875,2.5812573432922363,2.6485865116119385,1.1330457925796509,0.8315450549125671,0.616346001625061,0.658088743686676,0.621475875377655,0.6216222047805786,0.9982675909996033,1.1072946786880493,1.4745469093322754,1.5845195055007935,1.9525028467178345,2.119506359100342,2.433053970336914,2.723999261856079,2.7794458866119385,1.515748143196106,1.2639282941818237,1.157617449760437,1.2146070003509521,1.1601663827896118,1.0673319101333618,1.3915531635284424,1.4265248775482178,1.7193622589111328,1.8337390422821045,2.1526501178741455,2.3719236850738525,2.652883529663086,2.958529233932495,3.0148162841796875,2.052002191543579,1.8810464143753052,1.903952956199646,1.883101463317871,2.0485942363739014,1.831524133682251,2.096585988998413,2.0363662242889404,2.201840877532959,2.3492825031280518,2.5424413681030273,2.8282876014709473,2.970703125,3.3459906578063965,3.495001792907715
B5,1.6537928581237793,1.5836960077285767,1.4078963994979858,1.1126850843429565,1.319201111793518,1.4381752014160156,1.5375165939331055,1.651777982711792,1.9407497644424438,1.9913558959960938,2.3456552028656006,2.3115391731262207,2.6389455795288086,2.7296459674835205,2.777470827102661,1.2152897119522095,0.8596097230911255,0.663047730922699,0.39237624406814575,0.0,0.38008034229278564,0.6604176163673401,0.9073182344436646,1.2533642053604126,1.4256960153579712,1.7956430912017822,1.96621835231781,2.313575267791748,2.588284969329834,2.7117807865142822,1.398758888244629,1.0577726364135742,0.9285717010498047,0.8740830421447754,0.6427487730979919,0.5405310392379761,0.8222530484199524,0.9885208010673523,1.3096991777420044,1.4957895278930664,1.8431485891342163,2.0748367309570312,2.389923334121704,2.7099015712738037,2.8176207542419434,1.751756191253662,1.4674994945526123,1.4109995365142822,1.3996678590774536,1.2399853467941284,1.0697734355926514,1.3102843761444092,1.3590366840362549,1.5894919633865356,1.7571133375167847,2.044435739517212,2.315396785736084,2.5924458503723145,2.924722909927368,3.02844500541687,2.2544033527374268,2.0573320388793945,2.1198887825012207,2.052440881729126,2.155296564102173,1.8852696418762207,2.0918219089508057,2.0148420333862305,2.1135716438293457,2.2726125717163086,2.415400266647339,2.718287706375122,2.8272876739501953,3.2084507942199707,3.36460542678833
B6,1.682873249053955,1.5245741605758667,1.336373209953308,0.9803647398948669,1.1022056341171265,1.1686362028121948,1.2080179452896118,1.3206249475479126,1.5843621492385864,1.6482630968093872,1.9918806552886963,1.963549017906189,2.303907871246338,2.402808666229248,2.4820241928100586,1.0965564250946045,0.7140771746635437,0.6700683236122131,0.6098551154136658,0.38008034229278564,0.0,0.38865235447883606,0.5556723475456238,0.91550213098526,1.0846705436706543,1.451215147972107,1.6481462717056274,1.9825862646102905,2.2811567783355713,2.4243197441101074,1.3538622856140137,1.0516043901443481,1.0513248443603516,1.095798134803772,0.9006393551826477,0.634580135345459,0.8215268850326538,0.8488869071006775,1.1213337182998657,1.2708452939987183,1.5889999866485596,1.8344087600708008,2.119115114212036,2.4597551822662354,2.573615789413452,1.7514300346374512,1.5157420635223389,1.5480167865753174,1.5937224626541138,1.4580295085906982,1.211490511894226,1.401327133178711,1.348530650138855,1.521286964416504,1.6398193836212158,1.881511926651001,2.1539454460144043,2.391035795211792,2.739621162414551,2.8410849571228027,2.2789480686187744,2.126744270324707,2.244558095932007,2.2127511501312256,2.3253962993621826,2.0304982662200928,2.2040114402770996,2.0611484050750732,2.1333179473876953,2.2344136238098145,2.3430111408233643,2.6140966415405273,2.683387041091919,3.0634498596191406,3.1830906867980957
B7,2.021406888961792,1.8333008289337158,1.602992057800293,1.2394981384277344,1.2599806785583496,1.3238879442214966,1.2479277849197388,1.4007765054702759,1.5859935283660889,1.6892696619033813,1.9892935752868652,1.941934585571289,2.30120587348938,2.36808443069458,2.490283489227295,1.3112916946411133,0.9411718845367432,1.0102463960647583,0.9311443567276001,0.6604176163673401,0.38865235447883606,0.0,0.38128072023391724,0.6286364197731018,0.8946795463562012,1.2231194972991943,1.4638397693634033,1.8115733861923218,2.1046509742736816,2.2996609210968018,1.4708030223846436,1.1607130765914917,1.2513526678085327,1.2549711465835571,1.0089670419692993,0.6633170247077942,0.6422549486160278,0.6200406551361084,0.7957186102867126,1.0013455152511597,1.2875280380249023,1.5811723470687866,1.8679271936416626,2.2207846641540527,2.3838906288146973,1.7946910858154297,1.5521042346954346,1.655031442642212,1.6700797080993652,1.4898632764816284,1.1716420650482178,1.2546378374099731,1.1540586948394775,1.2417621612548828,1.3738882541656494,1.5722932815551758,1.876845121383667,2.1041455268859863,2.467642068862915,2.6081318855285645,2.2647817134857178,2.10766339302063,2.278538703918457,2.2263033390045166,2.2936737537384033,1.959092378616333,2.0673859119415283,1.8820799589157104,1.8965201377868652,1.9739301204681396,2.0365428924560547,2.3023462295532227,2.3424177169799805,2.722160577774048,2.8403480052948
B8,2.0763866901397705,1.8380064964294434,1.6564316749572754,1.2717839479446411,1.2467563152313232,1.2011727094650269,1.0756607055664062,1.1500757932662964,1.3007842302322388,1.3639171123504639,1.6451919078826904,1.5704758167266846,1.9275543689727783,1.9870697259902954,2.116191864013672,1.126828908920288,0.8054965734481812,1.0055830478668213,1.0654714107513428,0.9073182344436646,0.5556723475456238,0.38128072023391724,0.0,0.3831889033317566,0.5432260036468506,0.8982195854187012,1.1254204511642456,1.4592719078063965,1.768315315246582,1.9541629552841187,1.334325909614563,1.1046035289764404,1.2848364114761353,1.3910490274429321,1.2361891269683838,0.866758406162262,0.8677579760551453,0.6617385745048523,0.7884377837181091,0.8486698865890503,1.105696201324463,1.363271713256836,1.6101033687591553,1.9702643156051636,2.105792284011841,1.6991583108901978,1.5315608978271484,1.6935917139053345,1.7848972082138062,1.674147605895996,1.3485472202301025,1.4427902698516846,1.2481991052627563,1.3189661502838135,1.3462008237838745,1.508444905281067,1.7688367366790771,1.9484432935714722,2.310596227645874,2.4147424697875977,2.1983566284179688,2.103625774383545,2.304311752319336,2.308814287185669,2.4166977405548096,2.0947625637054443,2.207435131072998,1.9758687019348145,2.00946044921875,2.0189974308013916,2.081331253051758,2.29550838470459,2.3165457248687744,2.686516761779785,2.757800579071045
B9,2.401831865310669,2.136047124862671,1.9335752725601196,1.5559277534484863,1.4532744884490967,1.3915576934814453,1.1645092964172363,1.2545720338821411,1.295351266860962,1.3931143283843994,1.601108431816101,1.5100308656692505,1.8741421699523926,1.9018834829330444,2.0842535495758057,1.415354609489441,1.1405731439590454,1.3806158304214478,1.4344063997268677,1.2533642053604126,0.91550213098526,0.6286364197731018,0.3831889033317566,0.0,0.37944361567497253,0.6145356893539429,0.9193003177642822,1.2421473264694214,1.5530555248260498,1.800935983657837,1.5578254461288452,1.3599849939346313,1.5957083702087402,1.6867313385009766,1.5181224346160889,1.135526180267334,1.012648344039917,0.7427999973297119,0.6656415462493896,0.6932217478752136,0.8334856033325195,1.139630675315857,1.3486517667770386,1.7281835079193115,1.9123797416687012,1.8555943965911865,1.7126952409744263,1.9318480491638184,2.01297926902771,1.8874082565307617,1.5283619165420532,1.533268690109253,1.2822922468185425,1.242283821105957,1.2311934232711792,1.29863440990448,1.5698450803756714,1.7003624439239502,2.0774178504943848,2.211594343185425,2.2941975593566895,2.217874526977539,2.465087890625,2.4671788215637207,2.544870138168335,2.2023277282714844,2.2538065910339355,1.9759997129440308,1.9536985158920288,1.909395456314087,1.9116874933242798,2.088801145553589,2.05810546875,2.417435646057129,2.4604592323303223
B10,2.4781086444854736,2.1973185539245605,2.056926727294922,1.6765773296356201,1.586426854133606,1.4364210367202759,1.2176964282989502,1.1869174242019653,1.1987526416778564,1.2004635334014893,1.3757802248001099,1.2134873867034912,1.5583902597427368,1.551527738571167,1.7174525260925293,1.2425118684768677,1.0579793453216553,1.3773884773254395,1.5138906240463257,1.4256960153579712,1.0846705436706543,0.8946795463562012,0.5432260036468506,0.37944361567497253,0.0,0.38269275426864624,0.5921825170516968,0.9192054271697998,1.2351828813552856,1.4490121603012085,1.3836930990219116,1.277421474456787,1.569679617881775,1.7360961437225342,1.6504613161087036,1.276187777519226,1.2132099866867065,0.8730828166007996,0.8325826525688171,0.6710100173950195,0.782825767993927,0.9751462936401367,1.1404225826263428,1.5083509683609009,1.635344386100769,1.6960588693618774,1.6308711767196655,1.8866785764694214,2.0333099365234375,1.9780701398849487,1.6374297142028809,1.6804523468017578,1.3802728652954102,1.3733590841293335,1.2606178522109985,1.3222827911376953,1.5104386806488037,1.6007118225097656,1.9548395872116089,2.027799367904663,2.1511433124542236,2.136173725128174,2.3955602645874023,2.453064441680908,2.575864315032959,2.2620725631713867,2.3371365070343018,2.0391440391540527,2.0633561611175537,1.970558762550354,2.0052056312561035,2.133446216583252,2.1146411895751953,2.4567832946777344,2.4610676765441895
B11,2.798339366912842,2.49404239654541,2.349203586578369,1.9790887832641602,1.8371703624725342,1.6665351390838623,1.3868210315704346,1.3472795486450195,1.2486886978149414,1.2610352039337158,1.32974112033844,1.1422615051269531,1.4676681756973267,1.4176154136657715,1.6430319547653198,1.5650947093963623,1.4232693910598755,1.7546693086624146,1.8955895900726318,1.7956430912017822,1.451215147972107,1.2231194972991943,0.8982195854187012,0.6145356893539429,0.38269275426864624,0.0,0.39401862025260925,0.6459367275238037,0.9745089411735535,1.259857177734375,1.6695736646652222,1.6043040752410889,1.9226757287979126,2.0867207050323486,1.9996761083602905,1.623024821281433,1.5062237977981567,1.153513789176941,0.9983634948730469,0.7839221358299255,0.697311520576477,0.8576992750167847,0.9056886434555054,1.2849172353744507,1.4436936378479004,1.9251660108566284,1.898328185081482,2.1902549266815186,2.337996006011963,2.283533811569214,1.9313784837722778,1.921079397201538,1.5886809825897217,1.503174901008606,1.3380705118179321,1.290372610092163,1.4411284923553467,1.4410661458969116,1.7908344268798828,1.8696541786193848,2.3199939727783203,2.3372902870178223,2.629284620285034,2.6961581707000732,2.8033599853515625,2.4855856895446777,2.5160765647888184,2.184272289276123,2.170318365097046,2.018707275390625,2.0013842582702637,2.068297863006592,1.9938075542449951,2.3064684867858887,2.258230209350586
B12,2.978365421295166,2.684530019760132,2.5863187313079834,2.214236259460449,2.1105246543884277,1.902159571647644,1.6616511344909668,1.5428794622421265,1.4520041942596436,1.3620846271514893,1.3902286291122437,1.1029554605484009,1.3610937595367432,1.2157725095748901,1.3924089670181274,1.5073789358139038,1.4545246362686157,1.8246362209320068,1.9955761432647705,1.96621835231781,1.6481462717056274,1.4638397693634033,1.1254204511642456,0.9193003177642822,0.5921825170516968,0.39401862025260925,0.0,0.3806306719779968,0.6443154215812683,0.8883781433105469,1.5294870138168335,1.5477279424667358,1.9048470258712769,2.10739803314209,2.0886244773864746,1.7345380783081055,1.6474422216415405,1.2666987180709839,1.1491729021072388,0.8285689949989319,0.7332190275192261,0.6937381029129028,0.6843619346618652,1.0166246891021729,1.1001228094100952,1.7349989414215088,1.781815767288208,2.1059515476226807,2.2962610721588135,2.3011460304260254,1.9738432168960571,1.983017086982727,1.6212090253829956,1.5681655406951904,1.32192862033844,1.2818292379379272,1.3272098302841187,1.2957209348678589,1.5989967584609985,1.6048352718353271,2.0988264083862305,2.1735947132110596,2.4773802757263184,2.5895814895629883,2.7277042865753174,2.4434781074523926,2.4876606464385986,2.1452412605285645,2.1770899295806885,1.9856871366500854,2.010742664337158,2.032606840133667,1.992127537727356,2.2814865112304688,2.210190534591675
B13,3.1981873512268066,2.882561445236206,2.805943250656128,2.449204683303833,2.3155295848846436,2.069788694381714,1.8103300333023071,1.6506623029708862,1.4881973266601562,1.3683786392211914,1.2901262044906616,0.9722847938537598,1.15939462184906,0.9585554003715515,1.1860986948013306,1.7568999528884888,1.7522436380386353,2.1278557777404785,2.332489013671875,2.313575267791748,1.9825862646102905,1.8115733861923218,1.4592719078063965,1.2421473264694214,0.9192054271697998,0.6459367275238037,0.3806306719779968,0.0,0.3917160630226135,0.6670663952827454,1.8090184926986694,1.877559781074524,2.236638069152832,2.462916612625122,2.459670305252075,2.1074750423431396,2.0270743370056152,1.6470527648925781,1.514321208000183,1.1947516202926636,1.0342801809310913,0.9313470721244812,0.7565488815307617,1.009841799736023,1.0370192527770996,2.009333848953247,2.103285312652588,2.4332141876220703,2.6448981761932373,2.669127941131592,2.3484842777252197,2.3557746410369873,1.9879316091537476,1.9172327518463135,1.6494145393371582,1.558505654335022,1.549103856086731,1.4299372434616089,1.6844922304153442,1.6457470655441284,2.348496198654175,2.46555495262146,2.773731231689453,2.911057949066162,3.059979200363159,2.788977861404419,2.8252358436584473,2.4731788635253906,2.49916672706604,2.275318145751953,2.2788586616516113,2.2490837574005127,2.173922538757324,2.42224383354187,2.2929444313049316
