,A1,A2,A3,A4,A5,A6,A7,A8,A9,A10,A11,A12,A13,A14,A15,B1,B2,B3,B4,B5,B6,B7,B8,B9,B10,B11,B12,B13,B14,B15,C1,C2,C3,C4,C5,C6,C7,C8,C9,C10,C11,C12,C13,C14,C15,D1,D2,D3,D4,D5,D6,D7,D8,D9,D10,D11,D12,D13,D14,D15,E1,E2,E3,E4,E5,E6,E7,E8,E9,E10,E11,E12,E13,E14,E15
A1,0.0,0.37327682971954346,0.6762065291404724,1.0088368654251099,1.293948769569397,1.6347684860229492,1.9592336416244507,2.2512638568878174,2.578463554382324,2.9080076217651367,3.13962721824646,3.4613425731658936,3.6328272819519043,3.926859140396118,4.139798164367676,3.647582530975342,3.6718521118164062,3.627650260925293,3.7651798725128174,3.5683178901672363,3.7455480098724365,3.6238672733306885,3.870149612426758,3.8428328037261963,4.153659343719482,4.210061550140381,4.594067573547363,4.687160491943359,5.082739353179932,5.236262321472168,5.382574558258057,5.1695685386657715,5.337811470031738,5.281768798828125,5.378086090087891,5.511821269989014,5.4091267585754395,5.531888961791992,5.577497959136963,5.480014324188232,5.776276588439941,5.9280524253845215,5.914693832397461,6.179617881774902,6.085560321807861,6.145617485046387,5.991565704345703,6.094446659088135,6.072874546051025,6.2278571128845215,6.353049278259277,6.703269958496094,6.8053717613220215,7.173379421234131,7.158169746398926,7.527999401092529,7.491831302642822,7.823873043060303,7.841338634490967,7.9447503089904785,7.0742878913879395,6.8406453132629395,6.936581134796143,6.7895989418029785,6.960021495819092,6.995296478271484,7.21032190322876,7.437143802642822,7.769673824310303,8.007347106933594,8.364656448364258,8.546208381652832,8.910361289978027,9.084939956665039,9.367165565490723
A2,0.37327682971954346,0.0,0.38528555631637573,0.6628515720367432,0.9805444478988647,1.3111631870269775,1.648205041885376,1.9246833324432373,2.2649006843566895,2.581204652786255,2.815876007080078,3.127452850341797,3.283898115158081,3.5777580738067627,3.781719923019409,3.2821552753448486,3.309682607650757,3.2775115966796875,3.4199249744415283,3.2385010719299316,3.422490358352661,3.3048675060272217,3.5496065616607666,3.5131397247314453,3.814473867416382,3.8722198009490967,4.253671646118164,4.338870525360107,4.733865737915039,4.879148483276367,5.028975009918213,4.824365615844727,4.998740196228027,4.953510284423828,5.060680866241455,5.2053422927856445,5.115273952484131,5.243748188018799,5.2905802726745605,5.186305046081543,5.481945037841797,5.620671272277832,5.608031272888184,5.863151550292969,5.76118278503418,5.792732238769531,5.6447319984436035,5.746005058288574,5.733686447143555,5.891671180725098,6.026278972625732,6.38054895401001,6.48890495300293,6.85662841796875,6.840718746185303,7.209222316741943,7.16756010055542,7.500896453857422,7.511109828948975,7.6162872314453125,6.717075824737549,6.483193397521973,6.574791431427002,6.429880142211914,6.598999977111816,6.639196395874023,6.853949546813965,7.085648059844971,7.4171953201293945,7.656789779663086,8.012041091918945,8.191253662109375,8.557050704956055,8.729324340820312,9.01406478881836
A3,0.6762065291404724,0.38528555631637573,0.0,0.3611281216144562,0.632457435131073,0.9675037860870361,1.3119291067123413,1.584010362625122,1.9227200746536255,2.241851329803467,2.4648361206054688,2.7861485481262207,2.964120626449585,3.2591896057128906,3.483132839202881,3.1417384147644043,3.1896398067474365,3.2012925148010254,3.3536646366119385,3.210970878601074,3.397230863571167,3.2712044715881348,3.4934186935424805,3.418353796005249,3.697826385498047,3.728095531463623,4.104063034057617,4.158700466156006,4.553549766540527,4.68556547164917,4.927472114562988,4.747889518737793,4.94148588180542,4.919336318969727,5.0515618324279785,5.213956832885742,5.14315938949585,5.273865222930908,5.312737464904785,5.188620567321777,5.473356246948242,5.586219787597656,5.559600830078125,5.795095920562744,5.66951322555542,5.687549114227295,5.561430931091309,5.66170597076416,5.674714088439941,5.839809894561768,5.995846271514893,6.357609748840332,6.478697776794434,6.8446550369262695,6.825415134429932,7.189449787139893,7.133200645446777,7.465944766998291,7.4574761390686035,7.559420585632324,6.589068412780762,6.361459255218506,6.440903663635254,6.3070478439331055,6.470704555511475,6.5274505615234375,6.736891746520996,6.984143257141113,7.309391021728516,7.558023452758789,7.905442714691162,8.080373764038086,8.450902938842773,8.61727523803711,8.910225868225098
A4,1.0088368654251099,0.6628515720367432,0.3611281216144562,0.0,0.3771236538887024,0.6685575246810913,1.0345817804336548,1.275005578994751,1.6326851844787598,1.9311492443084717,2.1568164825439453,2.465003252029419,2.624981641769409,2.9203600883483887,3.134718179702759,2.7999892234802246,2.8538107872009277,2.884810447692871,3.042689800262451,2.9234845638275146,3.115727424621582,2.9951331615448,3.2112629413604736,3.1228251457214355,3.3872323036193848,3.4167802333831787,3.7876856327056885,3.8306829929351807,4.223928928375244,4.345270156860352,4.596304416656494,4.428311824798584,4.629209995269775,4.62044095993042,4.765324592590332,4.939614295959473,4.883687496185303,5.019839286804199,5.059455394744873,4.927867412567139,5.210028171539307,5.307235240936279,5.280930519104004,5.504107475280762,5.369266033172607,5.35514497756958,5.237118721008301,5.3353590965271,5.359747409820557,5.528027534484863,5.694741725921631,6.060084342956543,6.187933921813965,6.5524797439575195,6.53239631652832,6.8939690589904785,6.8315324783325195,7.164922714233398,7.148204803466797,7.251731872558594,6.24943733215332,6.02213191986084,6.096223831176758,5.965313911437988,6.127147674560547,6.189932823181152,6.3986406326293945,6.651451587677002,6.975027561187744,7.225688934326172,7.570284366607666,7.742365837097168,8.11445140838623,8.278038024902344,8.57361888885498
A5,1.293948769569397,0.9805444478988647,0.632457435131073,0.3771236538887024,0.0,0.3442712128162384,0.6818987727165222,0.9584304094314575,1.2909529209136963,1.6145350933074951,1.85456383228302,2.182535171508789,2.372384786605835,2.683720111846924,2.923271894454956,2.768784284591675,2.8203916549682617,2.901273012161255,3.043444871902466,2.955519199371338,3.125722646713257,2.97865629196167,3.156580924987793,3.0247676372528076,3.2710752487182617,3.26064133644104,3.6259467601776123,3.6441590785980225,4.036367416381836,4.157336235046387,4.5430989265441895,4.396505355834961,4.623495578765869,4.625932693481445,4.799339771270752,4.977999687194824,4.929879665374756,5.054090976715088,5.0730085372924805,4.916291236877441,5.17900276184082,5.2536773681640625,5.203860282897949,5.41116189956665,5.254141330718994,5.286673069000244,5.194788455963135,5.304746627807617,5.353794097900391,5.538822650909424,5.72209358215332,6.094846248626709,6.224690914154053,6.582074165344238,6.548455715179443,6.901332855224609,6.818363666534424,7.144621849060059,7.107667922973633,7.198401927947998,6.148987293243408,5.936956405639648,6.0088982582092285,5.897917747497559,6.06405782699585,6.148868083953857,6.3606109619140625,6.627735614776611,6.948422908782959,7.2008056640625,7.538536548614502,7.697933673858643,8.07387924194336,8.224446296691895,8.523858070373535
A6,1.6347684860229492,1.3111631870269775,0.9675037860870361,0.6685575246810913,0.3442712128162384,0.0,0.3908664286136627,0.6169028878211975,0.9664849042892456,1.2747080326080322,1.5146845579147339,1.8400222063064575,2.031193971633911,2.3463075160980225,2.591805934906006,2.553786277770996,2.617875814437866,2.738412380218506,2.8835394382476807,2.8351597785949707,3.0039260387420654,2.85772967338562,3.013195276260376,2.8516881465911865,3.0698819160461426,3.041234254837036,3.3950634002685547,3.3866724967956543,3.7745962142944336,3.880436658859253,4.326424598693848,4.202303409576416,4.442999839782715,4.465270519256592,4.658420562744141,4.850853443145752,4.821374893188477,4.947984218597412,4.96250581741333,4.7923054695129395,5.045081615447998,5.096121311187744,5.039217948913574,5.227065086364746,5.052674770355225,5.060861587524414,4.986955165863037,5.0955328941345215,5.1648969650268555,5.355341911315918,5.554732322692871,5.931224822998047,6.070000648498535,6.423260688781738,6.386839389801025,6.733968257904053,6.6398138999938965,6.9643707275390625,6.912962913513184,7.002139568328857,5.901453495025635,5.6945295333862305,5.757164001464844,5.655263900756836,5.817630767822266,5.915240287780762,6.123772144317627,6.4012956619262695,6.716892719268799,6.97353982925415,7.304590702056885,7.458759307861328,7.837003707885742,7.981857776641846,8.285940170288086
A7,1.9592336416244507,1.648205041885376,1.3119291067123413,1.0345817804336548,0.6818987727165222,0.3908664286136627,0.0,0.3734421730041504,0.6228682994842529,0.9750123620033264,1.2636233568191528,1.6022366285324097,1.8147363662719727,2.1532790660858154,2.415442943572998,2.5388574600219727,2.5829200744628906,2.75012469291687,2.863063335418701,2.8415818214416504,2.975320339202881,2.799159526824951,2.9077770709991455,2.7035646438598633,2.9010138511657715,2.8281567096710205,3.1725049018859863,3.1430680751800537,3.5270447731018066,3.6386923789978027,4.228846073150635,4.123523712158203,4.390737056732178,4.417401313781738,4.638309478759766,4.827683925628662,4.801449775695801,4.910262107849121,4.899989128112793,4.704434394836426,4.93370246887207,4.963260173797607,4.880923748016357,5.0535383224487305,4.859338283538818,4.938459873199463,4.8914103507995605,5.017515182495117,5.10903263092041,5.319730281829834,5.531028747558594,5.912990570068359,6.047441005706787,6.389874458312988,6.335604667663574,6.671296119689941,6.5550947189331055,6.868937015533447,6.797895431518555,6.870556354522705,5.741738796234131,5.55433988571167,5.620913028717041,5.5426740646362305,5.714731216430664,5.835201740264893,6.051507949829102,6.340045928955078,6.654597282409668,6.907116413116455,7.231974124908447,7.368912696838379,7.7492804527282715,7.877700328826904,8.181899070739746
A8,2.2512638568878174,1.9246833324432373,1.584010362625122,1.275005578994751,0.9584304094314575,0.6169028878211975,0.3734421730041504,0.0,0.3949057161808014,0.6581393480300903,0.9176481366157532,1.2449889183044434,1.453619122505188,1.7854523658752441,2.0525472164154053,2.3188610076904297,2.3975203037261963,2.600264072418213,2.735384702682495,2.763533353805542,2.913151264190674,2.7621359825134277,2.8595974445343018,2.636517286300659,2.792203187942505,2.7145516872406006,3.037524700164795,2.971781015396118,3.3458809852600098,3.424701452255249,4.0281243324279785,3.9508249759674072,4.221096992492676,4.277851581573486,4.510616779327393,4.722295761108398,4.723965644836426,4.846991062164307,4.845842361450195,4.647063732147217,4.87310791015625,4.8778204917907715,4.80056619644165,4.9492950439453125,4.73987340927124,4.731909275054932,4.698767185211182,4.810023784637451,4.920817852020264,5.125532627105713,5.354218006134033,5.736077785491943,5.88723087310791,6.228170394897461,6.181490898132324,6.513652324676514,6.394236087799072,6.710890293121338,6.62922477722168,6.7097392082214355,5.517176151275635,5.326847076416016,5.374212265014648,5.29667854309082,5.454775810241699,5.581725597381592,5.786081790924072,6.0839152336120605,6.389049053192139,6.650837421417236,6.967328071594238,7.10664176940918,7.4884467124938965,7.617938041687012,7.929298400878906
A9,2.578463554382324,2.2649006843566895,1.9227200746536255,1.6326851844787598,1.2909529209136963,0.9664849042892456,0.6228682994842529,0.3949057161808014,0.0,0.3894495368003845,0.7139506936073303,1.0520375967025757,1.3000240325927734,1.649253487586975,1.9397886991500854,2.430232286453247,2.4911422729492188,2.737391710281372,2.839909315109253,2.896446943283081,3.009718179702759,2.833535671234131,2.879534959793091,2.6137969493865967,2.7378344535827637,2.6078546047210693,2.9100327491760254,2.812620162963867,3.175058126449585,3.2545034885406494,4.023288249969482,3.97046160697937,4.265556812286377,4.329214572906494,4.588507652282715,4.796919822692871,4.803465843200684,4.908493995666504,4.8827104568481445,4.659305572509766,4.858463287353516,4.838523864746094,4.734173774719238,4.862907409667969,4.630928993225098,4.692775726318359,4.690796375274658,4.817665100097656,4.953065872192383,5.176033020019531,5.4171061515808105,5.80197811126709,5.949783802032471,6.2779998779296875,6.21433162689209,6.532917499542236,6.3909525871276855,6.695313453674316,6.592099189758301,6.6553826332092285,5.42888069152832,5.260939121246338,5.309108734130859,5.258027076721191,5.423010349273682,5.574611663818359,5.78360652923584,6.09302282333374,6.393820285797119,6.652052879333496,6.95934534072876,7.0807785987854,7.463799476623535,7.575896263122559,7.887796878814697
A10,2.9080076217651367,2.581204652786255,2.241851329803467,1.9311492443084717,1.6145350933074951,1.2747080326080322,0.9750123620033264,0.6581393480300903,0.3894495368003845,0.0,0.37912777066230774,0.674120306968689,0.9178542494773865,1.268156886100769,1.5646002292633057,2.2562849521636963,2.3431508541107178,2.6278107166290283,2.7405452728271484,2.849074125289917,2.96746563911438,2.815340518951416,2.8411715030670166,2.5570578575134277,2.629483222961426,2.490037202835083,2.759322166442871,2.6194496154785156,2.9639904499053955,3.00679874420166,3.809727191925049,3.789822578430176,4.089890480041504,4.183298587799072,4.456732749938965,4.683978080749512,4.718144416809082,4.8329362869262695,4.812414646148682,4.584197044372559,4.774768352508545,4.726850509643555,4.625175952911377,4.726218223571777,4.477827548980713,4.461667060852051,4.478954315185547,4.593728065490723,4.75152587890625,4.971235752105713,5.229680061340332,5.612937927246094,5.77485466003418,6.0976057052612305,6.0382184982299805,6.349677085876465,6.201395034790039,6.505300045013428,6.388912677764893,6.45708703994751,5.16830587387085,5.001811981201172,5.031561374664307,4.9861836433410645,5.13888692855835,5.300836086273193,5.499307155609131,5.818401336669922,6.109017372131348,6.373896598815918,6.671144962310791,6.790859699249268,7.1745734214782715,7.284230709075928,7.602053642272949
A11,3.13962721824646,2.815876007080078,2.4648361206054688,2.1568164825439453,1.85456383228302,1.5146845579147339,1.2636233568191528,0.9176481366157532,0.7139506936073303,0.37912777066230774,0.0,0.3730558454990387,0.707443118095398,1.0072910785675049,1.3464810848236084,2.312709331512451,2.4496777057647705,2.7513413429260254,2.895669937133789,3.0417959690093994,3.1817917823791504,3.0607528686523438,3.086442708969116,2.8007025718688965,2.835491180419922,2.6976375579833984,2.934976577758789,2.7562544345855713,3.0762903690338135,3.0744993686676025,3.874180555343628,3.8862791061401367,4.17941427230835,4.305428981781006,4.581479072570801,4.830808162689209,4.891690254211426,5.023036956787109,5.01604700088501,4.791482925415039,4.9803853034973145,4.912201881408691,4.818192958831787,4.895506858825684,4.634787082672119,4.512911319732666,4.54394006729126,4.634528636932373,4.81074333190918,5.015295505523682,5.2902655601501465,5.668765068054199,5.851151943206787,6.172793865203857,6.127016544342041,6.4348225593566895,6.287890911102295,6.594905853271484,6.46949577331543,6.548209190368652,5.190873622894287,5.0205159187316895,5.021815299987793,4.974875450134277,5.103254795074463,5.269336700439453,5.445700645446777,5.774561882019043,6.048860549926758,6.327943325042725,6.612179279327393,6.738860607147217,7.1226806640625,7.236577033996582,7.5638861656188965
A12,3.4613425731658936,3.127452850341797,2.7861485481262207,2.465003252029419,2.182535171508789,1.8400222063064575,1.6022366285324097,1.2449889183044434,1.0520375967025757,0.674120306968689,0.3730558454990387,0.0,0.37846770882606506,0.6478129029273987,0.9974390864372253,2.195474863052368,2.3514599800109863,2.6811788082122803,2.828495979309082,3.0192818641662598,3.1586177349090576,3.061600923538208,3.068145275115967,2.7745702266693115,2.7605152130126953,2.6201462745666504,2.8183116912841797,2.603482723236084,2.896453380584717,2.855386734008789,3.6713662147521973,3.716207981109619,4.010579586029053,4.163576602935791,4.450449466705322,4.714426517486572,4.800418376922607,4.938979625701904,4.936611175537109,4.709903240203857,4.8890156745910645,4.795572757720947,4.705869197845459,4.756598472595215,4.483790874481201,4.284820556640625,4.334594249725342,4.4128336906433105,4.609632968902588,4.810050010681152,5.09964656829834,5.474042892456055,5.668060302734375,5.982114315032959,5.9399919509887695,6.239096164703369,6.086696624755859,6.391582489013672,6.2544426918029785,6.337540149688721,4.928913593292236,4.7607903480529785,4.744139671325684,4.70318603515625,4.819161415100098,4.994871616363525,5.160799980163574,5.497547149658203,5.7613067626953125,6.045021057128906,6.3189005851745605,6.442842960357666,6.82623291015625,6.937108039855957,7.268849849700928
A13,3.6328272819519043,3.283898115158081,2.964120626449585,2.624981641769409,2.372384786605835,2.031193971633911,1.8147363662719727,1.453619122505188,1.3000240325927734,0.9178542494773865,0.707443118095398,0.37846770882606506,0.0,0.3672601878643036,0.6536283493041992,1.9091072082519531,2.0740957260131836,2.4216806888580322,2.5698933601379395,2.795445203781128,2.936809778213501,2.8677780628204346,2.8676726818084717,2.580893039703369,2.5312860012054443,2.410646915435791,2.582972764968872,2.3552956581115723,2.633539915084839,2.564085006713867,3.324240207672119,3.3854031562805176,3.6764678955078125,3.8464624881744385,4.137058734893799,4.411433219909668,4.515740871429443,4.663049697875977,4.670038223266602,4.448374271392822,4.627083778381348,4.520898818969727,4.445052146911621,4.482230186462402,4.209898948669434,3.931429624557495,3.9843409061431885,4.053202152252197,4.257431983947754,4.454188346862793,4.750126838684082,5.122015476226807,5.322057723999023,5.632987022399902,5.595165729522705,5.8915181159973145,5.74055814743042,6.047240734100342,5.909083843231201,6.000203609466553,4.574704170227051,4.399875640869141,4.376010417938232,4.33083438873291,4.442657470703125,4.618025302886963,4.782634735107422,5.120088577270508,5.383236885070801,5.666899681091309,5.9404377937316895,6.065045356750488,6.448432922363281,6.561103820800781,6.893406391143799
A14,3.926859140396118,3.5777580738067627,3.2591896057128906,2.9203600883483887,2.683720111846924,2.3463075160980225,2.1532790660858154,1.7854523658752441,1.649253487586975,1.268156886100769,1.0072910785675049,0.6478129029273987,0.3672601878643036,0.0,0.37423649430274963,1.9694201946258545,2.1728339195251465,2.5260391235351562,2.6943249702453613,2.9549646377563477,3.109043598175049,3.0736489295959473,3.070711374282837,2.7927029132843018,2.7048819065093994,2.595534324645996,2.7268667221069336,2.4703943729400635,2.7098162174224854,2.5899219512939453,3.3069703578948975,3.4044101238250732,3.682586431503296,3.8859329223632812,4.176353454589844,4.46992826461792,4.602730751037598,4.764828681945801,4.785749435424805,4.571085453033447,4.745364189147949,4.618309020996094,4.554336071014404,4.565435886383057,4.285971164703369,3.8860385417938232,3.9536449909210205,3.9951260089874268,4.218019008636475,4.397193431854248,4.708232879638672,5.070998191833496,5.2902398109436035,5.595743179321289,5.571652889251709,5.860773086547852,5.711978912353516,6.019481182098389,5.873034477233887,5.975712776184082,4.491113662719727,4.31247091293335,4.25789737701416,4.210907936096191,4.295807838439941,4.47461462020874,4.615527629852295,4.96096658706665,5.205949306488037,5.501564979553223,5.760516166687012,5.8907246589660645,6.272541046142578,6.388828754425049,6.729043006896973
A15,4.139798164367676,3.781719923019409,3.483132839202881,3.134718179702759,2.923271894454956,2.591805934906006,2.415442943572998,2.0525472164154053,1.9397886991500854,1.5646002292633057,1.3464810848236084,0.9974390864372253,0.6536283493041992,0.37423649430274963,0.0,1.78533136844635,1.9980746507644653,2.358973503112793,2.5266520977020264,2.8218436241149902,2.9761478900909424,2.9739885330200195,2.9643807411193848,2.701848030090332,2.5758910179138184,2.4919233322143555,2.586796760559082,2.320450782775879,2.5303568840026855,2.3728959560394287,3.004540205001831,3.125962018966675,3.395224094390869,3.620759963989258,3.912456512451172,4.217507362365723,4.372353553771973,4.544183254241943,4.576409816741943,4.369784832000732,4.541653633117676,4.400042533874512,4.352592468261719,4.346355438232422,4.069139003753662,3.567105531692505,3.640129804611206,3.666109323501587,3.8992013931274414,4.070590972900391,4.389617919921875,4.746942043304443,4.974682331085205,5.275141716003418,5.25764799118042,5.542051792144775,5.395613670349121,5.704319477081299,5.55623197555542,5.6687421798706055,4.162607192993164,3.9762790203094482,3.908669948577881,3.8564600944519043,3.9319169521331787,4.110527038574219,4.246012210845947,4.593209743499756,4.834716320037842,5.131893634796143,5.3883957862854,5.52016544342041,5.901670455932617,6.0204572677612305,6.362178802490234
B1,3.647582530975342,3.2821552753448486,3.1417384147644043,2.7999892234802246,2.768784284591675,2.553786277770996,2.5388574600219727,2.3188610076904297,2.430232286453247,2.2562849521636963,2.312709331512451,2.195474863052368,1.9091072082519531,1.9694201946258545,1.78533136844635,0.0,0.3823193907737732,0.6089253425598145,0.8986780047416687,1.1913408041000366,1.461303472518921,1.628236174583435,1.786388874053955,1.7484859228134155,1.7253140211105347,1.9282844066619873,2.1026875972747803,2.0910346508026123,2.3557629585266113,2.3071682453155518,1.9563153982162476,1.8848434686660767,2.0649547576904297,2.212737560272217,2.413621425628662,2.714128017425537,2.8376243114471436,3.065711498260498,3.183178186416626,3.0716521739959717,3.3498051166534424,3.3227856159210205,3.39676833152771,3.500610113143921,3.35671329498291,2.7220354080200195,2.6091854572296143,2.6332476139068604,2.7132937908172607,2.862705707550049,3.0998804569244385,3.4714059829711914,3.663105010986328,4.016796112060547,4.026986598968506,4.373859882354736,4.308706760406494,4.661230564117432,4.6204962730407715,4.781954288482666,3.626110553741455,3.3493616580963135,3.3739500045776367,3.2060587406158447,3.340465784072876,3.3957674503326416,3.599663257598877,3.8603317737579346,4.18207311630249,4.434713363647461,4.774094104766846,4.945528984069824,5.318791389465332,5.487525463104248,5.790591239929199
B2,3.6718521118164062,3.309682607650757,3.1896398067474365,2.8538107872009277,2.8203916549682617,2.617875814437866,2.5829200744628906,2.3975203037261963,2.4911422729492188,2.3431508541107178,2.4496777057647705,2.3514599800109863,2.0740957260131836,2.1728339195251465,1.9980746507644653,0.3823193907737732,0.0,0.39558687806129456,0.5525187253952026,0.8711958527565002,1.0988309383392334,1.2619527578353882,1.4115403890609741,1.3981128931045532,1.3867450952529907,1.6283648014068604,1.8128808736801147,1.8555407524108887,2.1283669471740723,2.125438690185547,1.7694352865219116,1.6490702629089355,1.858821153640747,1.9575438499450684,2.176129102706909,2.447608709335327,2.542555332183838,2.7469985485076904,2.843106269836426,2.7189486026763916,2.997291088104248,2.983377456665039,3.051536798477173,3.1758110523223877,3.044546604156494,2.543588876724243,2.4209799766540527,2.4927501678466797,2.5558016300201416,2.7420265674591064,2.959662914276123,3.3399741649627686,3.4987375736236572,3.846893072128296,3.8290257453918457,4.175134658813477,4.097748279571533,4.442610740661621,4.404935359954834,4.548776149749756,3.4708921909332275,3.207756519317627,3.274153232574463,3.1217010021209717,3.29549241065979,3.3569462299346924,3.5948705673217773,3.8435630798339844,4.182900905609131,4.409729957580566,4.759284973144531,4.910071849822998,5.2810564041137695,5.434671401977539,5.7238688468933105
B3,3.627650260925293,3.2775115966796875,3.2012925148010254,2.884810447692871,2.901273012161255,2.738412380218506,2.75012469291687,2.600264072418213,2.737391710281372,2.6278107166290283,2.7513413429260254,2.6811788082122803,2.4216806888580322,2.5260391235351562,2.358973503112793,0.6089253425598145,0.39558687806129456,0.0,0.39253246784210205,0.6271398067474365,0.9434327483177185,1.1931182146072388,1.424879789352417,1.513024926185608,1.5558332204818726,1.8525364398956299,2.0444860458374023,2.142487049102783,2.40462589263916,2.4209890365600586,1.816530704498291,1.629705786705017,1.7738065719604492,1.8316493034362793,1.9902026653289795,2.253087043762207,2.331124782562256,2.5598788261413574,2.6934587955474854,2.6144168376922607,2.927578926086426,2.957746982574463,3.065584182739258,3.2211735248565674,3.1352899074554443,2.600255012512207,2.4214820861816406,2.479191303253174,2.483060359954834,2.6440179347991943,2.8243284225463867,3.196564197540283,3.3446505069732666,3.7067947387695312,3.7056000232696533,4.0674824714660645,4.022252559661865,4.376609802246094,4.37367057800293,4.533420562744141,3.5717856884002686,3.2904880046844482,3.3705971240997314,3.1879708766937256,3.3610918521881104,3.3820996284484863,3.621650218963623,3.8396871089935303,4.187498092651367,4.403130531311035,4.765520095825195,4.930363178253174,5.292799472808838,5.4619059562683105,5.739993572235107
B4,3.7651798725128174,3.4199249744415283,3.3536646366119385,3.042689800262451,3.043444871902466,2.8835394382476807,2.863063335418701,2.735384702682495,2.839909315109253,2.7405452728271484,2.895669937133789,2.828495979309082,2.5698933601379395,2.6943249702453613,2.5266520977020264,0.8986780047416687,0.5525187253952026,0.39253246784210205,0.0,0.39376288652420044,0.5962472558021545,0.8632098436355591,1.0685511827468872,1.1992100477218628,1.24242103099823,1.5765020847320557,1.7594325542449951,1.9102776050567627,2.163776397705078,2.22111439704895,1.6390351057052612,1.4080638885498047,1.5917267799377441,1.5918537378311157,1.7819342613220215,2.0066890716552734,2.0541863441467285,2.2487053871154785,2.3502376079559326,2.2493503093719482,2.5568783283233643,2.5938665866851807,2.6923511028289795,2.8640215396881104,2.788820743560791,2.4054019451141357,2.2278130054473877,2.3402726650238037,2.336198091506958,2.5414063930511475,2.705092430114746,3.083855390548706,3.195669174194336,3.5444719791412354,3.5079121589660645,3.8626480102539062,3.797131299972534,4.139151573181152,4.132415294647217,4.269802570343018,3.379298210144043,3.1187260150909424,3.2393226623535156,3.080871343612671,3.292585849761963,3.3279731273651123,3.5995841026306152,3.8093745708465576,4.170060157775879,4.359073638916016,4.7262468338012695,4.864957809448242,5.2245683670043945,5.373397350311279,5.637916088104248
B5,3.5683178901672363,3.2385010719299316,3.210970878601074,2.9234845638275146,2.955519199371338,2.8351597785949707,2.8415818214416504,2.763533353805542,2.896446943283081,2.849074125289917,3.0417959690093994,3.0192818641662598,2.795445203781128,2.9549646377563477,2.8218436241149902,1.1913408041000366,0.8711958527565002,0.6271398067474365,0.39376288652420044,0.0,0.3814261555671692,0.6720213890075684,0.9865113496780396,1.2025632858276367,1.3507418632507324,1.695678472518921,1.9212768077850342,2.1252002716064453,2.3962759971618652,2.500730514526367,1.9258571863174438,1.6435986757278442,1.7942742109298706,1.7161614894866943,1.8551779985427856,2.02398681640625,2.0047361850738525,2.181119203567505,2.280357599258423,2.2001821994781494,2.531182050704956,2.626007080078125,2.7288310527801514,2.948080539703369,2.908041000366211,2.6673126220703125,2.462966203689575,2.592738151550293,2.5430984497070312,2.744551181793213,2.864675760269165,3.2328476905822754,3.312948703765869,3.663403272628784,3.6203219890594482,3.9811851978302,3.9301493167877197,4.267431735992432,4.285332679748535,4.414633274078369,3.64962100982666,3.3957276344299316,3.5413477420806885,3.3807499408721924,3.604196071624756,3.622533082962036,3.902059555053711,4.089949131011963,4.4570817947387695,4.630276679992676,5.0051093101501465,5.14314603805542,5.494951248168945,5.644921779632568,5.896043300628662
B6,3.7455480098724365,3.422490358352661,3.397230863571167,3.115727424621582,3.125722646713257,3.0039260387420654,2.975320339202881,2.913151264190674,3.009718179702759,2.96746563911438,3.1817917823791504,3.1586177349090576,2.936809778213501,3.109043598175049,2.9761478900909424,1.461303472518921,1.0988309383392334,0.9434327483177185,0.5962472558021545,0.3814261555671692,0.0,0.37894758582115173,0.6605343818664551,0.950264036655426,1.1129769086837769,1.477137565612793,1.6896214485168457,1.9452154636383057,2.2015812397003174,2.348489284515381,1.856468677520752,1.5524266958236694,1.7387617826461792,1.6030913591384888,1.772789478302002,1.8875995874404907,1.8273932933807373,1.9496021270751953,1.9984463453292847,1.8848050832748413,2.2030375003814697,2.3069546222686768,2.3902604579925537,2.628857374191284,2.598856210708618,2.548931360244751,2.357790946960449,2.5396625995635986,2.489790678024292,2.7310400009155273,2.8366072177886963,3.204827308654785,3.248875379562378,3.57918381690979,3.4983108043670654,3.845715284347534,3.770411491394043,4.090037822723389,4.100046634674072,4.202116012573242,3.508181571960449,3.2815675735473633,3.4628283977508545,3.3313992023468018,3.587063789367676,3.6231021881103516,3.9276654720306396,4.110090732574463,4.48432731628418,4.633429050445557,5.008209228515625,5.119381427764893,5.467404365539551,5.595444202423096,5.833684921264648
B7,3.6238672733306885,3.3048675060272217,3.2712044715881348,2.9951331615448,2.97865629196167,2.85772967338562,2.799159526824951,2.7621359825134277,2.833535671234131,2.815340518951416,3.0607528686523438,3.061600923538208,2.8677780628204346,3.0736489295959473,2.9739885330200195,1.628236174583435,1.2619527578353882,1.1931182146072388,0.8632098436355591,0.6720213890075684,0.37894758582115173,0.0,0.3794853687286377,0.6699559688568115,0.9341462254524231,1.2580069303512573,1.5214229822158813,1.8026303052902222,2.0891315937042236,2.285724401473999,2.0716822147369385,1.789913296699524,2.0209391117095947,1.873408555984497,2.071349620819092,2.1514129638671875,2.0574209690093994,2.1216628551483154,2.106086015701294,1.9428157806396484,2.2259092330932617,2.32985258102417,2.355172872543335,2.608156204223633,2.5578956604003906,2.7312734127044678,2.5770885944366455,2.7931156158447266,2.766428232192993,3.0331881046295166,3.1427717208862305,3.5118062496185303,3.539389133453369,3.853999376296997,3.7456274032592773,4.078415870666504,3.9767580032348633,4.278009414672852,4.269832134246826,4.341010570526123,3.648693323135376,3.4522173404693604,3.648293972015381,3.5493521690368652,3.821112632751465,3.884171724319458,4.198024272918701,4.391845703125,4.765477657318115,4.909764289855957,5.2792816162109375,5.372227668762207,5.7221269607543945,5.832079887390137,6.068088531494141
B8,3.870149612426758,3.5496065616607666,3.4934186935424805,3.2112629413604736,3.156580924987793,3.013195276260376,2.9077770709991455,2.8595974445343018,2.879534959793091,2.8411715030670166,3.086442708969116,3.068145275115967,2.8676726818084717,3.070711374282837,2.9643807411193848,1.786388874053955,1.4115403890609741,1.424879789352417,1.0685511827468872,0.9865113496780396,0.6605343818664551,0.3794853687286377,0.0,0.3859667181968689,0.631227433681488,0.9477874636650085,1.1890161037445068,1.50424325466156,1.7754608392715454,2.0058820247650146,1.9839096069335938,1.7311859130859375,2.01023530960083,1.8618286848068237,2.109225273132324,2.169858694076538,2.078745126724243,2.0951874256134033,2.0202059745788574,1.7987436056137085,2.032320022583008,2.099573850631714,2.0773568153381348,2.3182663917541504,2.2426047325134277,2.5850751399993896,2.473172426223755,2.7274346351623535,2.73218035697937,3.0325357913970947,3.1535725593566895,3.523637533187866,3.5375473499298096,3.8288183212280273,3.6889536380767822,4.000506401062012,3.8641726970672607,4.146240234375,4.110954761505127,4.154410362243652,3.4500608444213867,3.2851860523223877,3.4988250732421875,3.436527967453003,3.7287354469299316,3.82202410697937,4.149808406829834,4.352577209472656,4.724669933319092,4.857017517089844,5.21824312210083,5.285272598266602,5.635256290435791,5.72183895111084,5.953845024108887
B9,3.8428328037261963,3.5131397247314453,3.418353796005249,3.1228251457214355,3.0247676372528076,2.8516881465911865,2.7035646438598633,2.636517286300659,2.6137969493865967,2.5570578575134277,2.8007025718688965,2.7745702266693115,2.580893039703369,2.7927029132843018,2.701848030090332,1.7484859228134155,1.3981128931045532,1.513024926185608,1.1992100477218628,1.2025632858276367,0.950264036655426,0.6699559688568115,0.3859667181968689,0.0,0.3809979557991028,0.6060352325439453,0.9171053171157837,1.2019853591918945,1.5175117254257202,1.7621115446090698,2.051656723022461,1.8611937761306763,2.18319034576416,2.0862205028533936,2.3720972537994385,2.459348201751709,2.3987550735473633,2.411109447479248,2.315380334854126,2.060166358947754,2.2482352256774902,2.2616569995880127,2.187753915786743,2.3871397972106934,2.2518937587738037,2.6420395374298096,2.5817456245422363,2.8385472297668457,2.8926737308502197,3.2036571502685547,3.3584978580474854,3.735320568084717,3.7673373222351074,4.051318645477295,3.905560255050659,4.2046990394592285,4.043583393096924,4.31807279586792,4.2506022453308105,4.28048038482666,3.458392858505249,3.3120193481445312,3.5097436904907227,3.473813772201538,3.761962652206421,3.887631416320801,4.209208011627197,4.438193321228027,4.801168441772461,4.946857929229736,5.296306610107422,5.354665756225586,5.712233543395996,5.787417411804199,6.03083610534668
B10,4.153659343719482,3.814473867416382,3.697826385498047,3.3872323036193848,3.2710752487182617,3.0698819160461426,2.9010138511657715,2.792203187942505,2.7378344535827637,2.629483222961426,2.835491180419922,2.7605152130126953,2.5312860012054443,2.7048819065093994,2.5758910179138184,1.7253140211105347,1.3867450952529907,1.5558332204818726,1.24242103099823,1.3507418632507324,1.1129769086837769,0.9341462254524231,0.631227433681488,0.3809979557991028,0.0,0.38785383105278015,0.5936031341552734,0.8759850263595581,1.1651520729064941,1.3948649168014526,1.7804149389266968,1.6414073705673218,1.9959595203399658,1.939619779586792,2.2655296325683594,2.3743085861206055,2.35902738571167,2.374342441558838,2.273306131362915,1.997876763343811,2.1523139476776123,2.1021335124969482,2.0187320709228516,2.1654365062713623,1.9917995929718018,2.3357644081115723,2.31392502784729,2.578429698944092,2.6708810329437256,2.9956626892089844,3.174896240234375,3.5524463653564453,3.5953445434570312,3.866037607192993,3.7135472297668457,3.998814105987549,3.8174054622650146,4.087296962738037,3.9949467182159424,4.02245569229126,3.1181135177612305,2.982023000717163,3.1743876934051514,3.1577587127685547,3.449110984802246,3.596552848815918,3.9195773601531982,4.160007953643799,4.516833305358887,4.662235736846924,5.0024003982543945,5.048953533172607,5.408688545227051,5.4734272956848145,5.721183776855469
B11,4.210061550140381,3.8722198009490967,3.728095531463623,3.4167802333831787,3.26064133644104,3.041234254837036,2.8281567096710205,2.7145516872406006,2.6078546047210693,2.490037202835083,2.6976375579833984,2.6201462745666504,2.410646915435791,2.595534324645996,2.4919233322143555,1.9282844066619873,1.6283648014068604,1.8525364398956299,1.5765020847320557,1.695678472518921,1.477137565612793,1.2580069303512573,0.9477874636650085,0.6060352325439453,0.38785383105278015,0.0,0.38902193307876587,0.6282368898391724,0.9676976203918457,1.2447562217712402,2.0248618125915527,1.939160943031311,2.3109796047210693,2.2757272720336914,2.6170380115509033,2.7224814891815186,2.709352493286133,2.7016615867614746,2.5686697959899902,2.266061544418335,2.370962381362915,2.2871694564819336,2.144563674926758,2.25816011428833,2.035842180252075,2.520981788635254,2.55086612701416,2.8235089778900146,2.951228141784668,3.285193681716919,3.4805405139923096,3.8556387424468994,3.9002325534820557,4.155285358428955,3.988424062728882,4.254671096801758,4.047676086425781,4.299304485321045,4.1781487464904785,4.180604457855225,3.217740058898926,3.115790367126465,3.3014001846313477,3.3210878372192383,3.612339496612549,3.791395425796509,4.110313892364502,4.368204593658447,4.714262962341309,4.862294673919678,5.18826150894165,5.21798849105835,5.57956075668335,5.625885963439941,5.87708044052124
B12,4.594067573547363,4.253671646118164,4.104063034057617,3.7876856327056885,3.6259467601776123,3.3950634002685547,3.1725049018859863,3.037524700164795,2.9100327491760254,2.759322166442871,2.934976577758789,2.8183116912841797,2.582972764968872,2.7268667221069336,2.586796760559082,2.1026875972747803,1.8128808736801147,2.0444860458374023,1.7594325542449951,1.9212768077850342,1.6896214485168457,1.5214229822158813,1.1890161037445068,0.9171053171157837,0.5936031341552734,0.38902193307876587,0.0,0.38659417629241943,0.6191831827163696,0.9280650019645691,1.8586150407791138,1.822959065437317,2.2074666023254395,2.190635919570923,2.5551233291625977,2.6561076641082764,2.669322967529297,2.6456656455993652,2.4944891929626465,2.174403190612793,2.2305054664611816,2.0879194736480713,1.9246689081192017,1.9829168319702148,1.723896861076355,2.2614376544952393,2.3363077640533447,2.6266567707061768,2.7835705280303955,3.1326916217803955,3.337155818939209,3.7030651569366455,3.7427115440368652,3.9733951091766357,3.7898173332214355,4.033198833465576,3.8019206523895264,4.037697792053223,3.8920044898986816,3.880429267883301,2.887580633163452,2.812676429748535,3.0067765712738037,3.0580339431762695,3.360593557357788,3.5618369579315186,3.8871781826019287,4.146835803985596,4.486156940460205,4.62106466293335,4.935975551605225,4.944189071655273,5.302284240722656,5.330451011657715,5.577447414398193
B13,4.687160491943359,4.338870525360107,4.158700466156006,3.8306829929351807,3.6441590785980225,3.3866724967956543,3.1430680751800537,2.971781015396118,2.812620162963867,2.6194496154785156,2.7562544345855713,2.603482723236084,2.3552956581115723,2.4703943729400635,2.320450782775879,2.0910346508026123,1.8555407524108887,2.142487049102783,1.9102776050567627,2.1252002716064453,1.9452154636383057,1.8026303052902222,1.50424325466156,1.2019853591918945,0.8759850263595581,0.6282368898391724,0.38659417629241943,0.0,0.3966710865497589,0.6467191576957703,1.911180853843689,1.947113275527954,2.3377315998077393,2.3808364868164062,2.757655620574951,2.895146369934082,2.9468629360198975,2.946246385574341,2.812384605407715,2.498474359512329,2.5435421466827393,2.3638505935668945,2.1997008323669434,2.2016983032226562,1.902665615081787,2.292253255844116,2.4121856689453125,2.675074577331543,2.876763343811035,3.215388298034668,3.4525833129882812,3.8179454803466797,3.8863754272460938,4.113622665405273,3.9421439170837402,4.176344871520996,3.9358999729156494,4.171082973480225,4.00037145614624,3.99369215965271,2.855433464050293,2.7878801822662354,2.9433047771453857,3.011204481124878,3.2917637825012207,3.5186145305633545,3.8246240615844727,4.108792781829834,4.431543827056885,4.585019588470459,4.883902072906494,4.891513347625732,5.25537633895874,5.27971076965332,5.541628837585449
B14,5.082739353179932,4.733865737915039,4.553549766540527,4.223928928375244,4.036367416381836,3.7745962142944336,3.5270447731018066,3.3458809852600098,3.175058126449585,2.9639904499053955,3.0762903690338135,2.896453380584717,2.633539915084839,2.7098162174224854,2.5303568840026855,2.3557629585266113,2.1283669471740723,2.40462589263916,2.163776397705078,2.3962759971618652,2.2015812397003174,2.0891315937042236,1.7754608392715454,1.5175117254257202,1.1651520729064941,0.9676976203918457,0.6191831827163696,0.3966710865497589,0.0,0.3763582706451416,1.847371220588684,1.936064600944519,2.3216898441314697,2.379363536834717,2.7663004398345947,2.893169641494751,2.9662013053894043,2.9481332302093506,2.7985401153564453,2.4772579669952393,2.4720699787139893,2.238924026489258,2.0584235191345215,1.994621992111206,1.6616562604904175,2.0975608825683594,2.270183563232422,2.5460171699523926,2.775336980819702,3.123662233352661,3.365201234817505,3.714731216430664,3.775420904159546,3.972939968109131,3.7844347953796387,3.990140199661255,3.7248473167419434,3.9386041164398193,3.741069793701172,3.7170064449310303,2.552173376083374,2.522433280944824,2.6854989528656006,2.7936289310455322,3.084176540374756,3.3353142738342285,3.645693302154541,3.928752899169922,4.241143703460693,4.377621173858643,4.661854267120361,4.643762588500977,5.0015974044799805,5.00408411026001,5.25963830947876
