,A1,A2,A3,A4,A5,A6,A7,A8,A9,A10,A11,A12,A13,A14,A15,B1,B2,B3,B4,B5,B6,B7,B8,B9,B10,B11,B12,B13,B14,B15,C1,C2,C3,C4,C5,C6,C7,C8,C9,C10,C11,C12,C13,C14,C15,D1,D2,D3,D4,D5,D6,D7,D8,D9,D10,D11,D12,D13,D14,D15,E1,E2,E3,E4,E5,E6,E7,E8,E9,E10,E11,E12,E13,E14,E15
A1,0.0,0.38732969760894775,0.6239475607872009,0.9534372687339783,1.2475149631500244,1.5659626722335815,1.820052981376648,2.1588799953460693,2.4883081912994385,2.72016978263855,3.0550379753112793,3.2697691917419434,3.5297913551330566,3.7667932510375977,3.9404850006103516,2.626767635345459,2.2944681644439697,2.0680370330810547,1.832159399986267,1.5686653852462769,1.5711355209350586,1.6563174724578857,1.8982421159744263,2.0749919414520264,2.364835500717163,2.603173017501831,2.920259952545166,3.1625330448150635,3.5142574310302734,3.7390220165252686,3.128618001937866,2.7817070484161377,2.7344753742218018,2.4206089973449707,2.3653693199157715,2.1673052310943604,2.174621820449829,2.326134204864502,2.3947811126708984,2.6919357776641846,2.8438892364501953,3.1978065967559814,3.397352933883667,3.7729403972625732,3.9939370155334473,3.580782651901245,3.2434847354888916,3.266752243041992,2.951688528060913,2.896451473236084,2.6466119289398193,2.629610776901245,2.7457468509674072,2.7311534881591797,3.037360429763794,3.1180715560913086,3.498910665512085,3.6596672534942627,4.043336868286133,4.259395122528076,4.0892014503479,3.7802181243896484,3.8827834129333496,3.57380747795105,3.5783064365386963,3.2759971618652344,3.283609628677368,3.2664310932159424,3.1070618629455566,3.277273654937744,3.12880802154541,3.4204483032226562,3.282163619995117,3.6131815910339355,3.641313314437866
A2,0.38732969760894775,0.0,0.3886362314224243,0.6114879250526428,0.9552277326583862,1.2378175258636475,1.5328656435012817,1.8483963012695312,2.1652650833129883,2.40499210357666,2.7242581844329834,2.9521842002868652,3.1940109729766846,3.441847085952759,3.602681875228882,2.2815444469451904,1.966275691986084,1.7215416431427002,1.5125888586044312,1.2907522916793823,1.3215553760528564,1.4836056232452393,1.701102375984192,1.9346832036972046,2.183130979537964,2.456381320953369,2.746000051498413,2.984217643737793,3.335859775543213,3.531066417694092,2.8309524059295654,2.4968631267547607,2.4376883506774902,2.146263837814331,2.1374263763427734,1.9589606523513794,2.02921986579895,2.1752917766571045,2.300171136856079,2.5735292434692383,2.764145612716675,3.095623254776001,3.301948070526123,3.674373149871826,3.8660707473754883,3.3309574127197266,2.9991555213928223,3.0044548511505127,2.7042102813720703,2.6854588985443115,2.4565622806549072,2.4911344051361084,2.6187734603881836,2.657254695892334,2.9570024013519287,3.0801782608032227,3.4493744373321533,3.6226987838745117,4.002839088439941,4.194783687591553,3.8839762210845947,3.5753567218780518,3.656914234161377,3.355473518371582,3.386155605316162,3.106668472290039,3.151087999343872,3.161970853805542,3.041299819946289,3.2368967533111572,3.1320016384124756,3.4460268020629883,3.345984935760498,3.6973907947540283,3.744249105453491
A3,0.6239475607872009,0.3886362314224243,0.0,0.3847368657588959,0.6278425455093384,0.9654989838600159,1.207385540008545,1.5421137809753418,1.8785289525985718,2.1290314197540283,2.4599499702453613,2.6918044090270996,2.956686019897461,3.214308977127075,3.406646251678467,2.2122557163238525,1.8926032781600952,1.695745587348938,1.5510118007659912,1.343756079673767,1.2891550064086914,1.4761890172958374,1.6148053407669067,1.8450475931167603,2.0648319721221924,2.3145439624786377,2.6122183799743652,2.810147285461426,3.1778056621551514,3.365696668624878,2.8071045875549316,2.5017995834350586,2.487853765487671,2.229410171508789,2.2704381942749023,2.0591368675231934,2.1579153537750244,2.242764949798584,2.3685433864593506,2.6014299392700195,2.77398681640625,3.0961546897888184,3.265476942062378,3.644943952560425,3.816936492919922,3.3598384857177734,3.055340528488159,3.0875303745269775,2.818614959716797,2.84554386138916,2.60381817817688,2.674727201461792,2.76363468170166,2.8187079429626465,3.0870652198791504,3.206005573272705,3.56779146194458,3.711780548095703,4.0968804359436035,4.263613224029541,3.9720211029052734,3.6868534088134766,3.7803146839141846,3.5036165714263916,3.572998523712158,3.2966504096984863,3.3777406215667725,3.3763787746429443,3.28420352935791,3.463836431503296,3.3758015632629395,3.679771900177002,3.5754027366638184,3.9272029399871826,3.949939489364624
A4,0.9534372687339783,0.6114879250526428,0.3847368657588959,0.0,0.3828085660934448,0.6356736421585083,0.9465234279632568,1.2422384023666382,1.5596632957458496,1.8186553716659546,2.1301214694976807,2.3770081996917725,2.6198861598968506,2.8892974853515625,3.066620349884033,1.876943826675415,1.5829217433929443,1.376002550125122,1.2868196964263916,1.1512774229049683,1.1209800243377686,1.3903765678405762,1.48311185836792,1.7686700820922852,1.9296860694885254,2.212155818939209,2.470533609390259,2.660233974456787,3.0219061374664307,3.1741034984588623,2.5247886180877686,2.2418689727783203,2.2200894355773926,1.997979998588562,2.0943663120269775,1.9087307453155518,2.0715556144714355,2.1435134410858154,2.322948694229126,2.523221015930176,2.731369972229004,3.023240566253662,3.1969363689422607,3.567171573638916,3.706448793411255,3.126683473587036,2.8344361782073975,2.8493518829345703,2.6042890548706055,2.6728971004486084,2.457554578781128,2.580824851989746,2.6762311458587646,2.7824714183807373,3.037555456161499,3.1954774856567383,3.5396957397460938,3.6940088272094727,4.07065486907959,4.211798667907715,3.781412363052368,3.501378297805786,3.573198080062866,3.3098974227905273,3.407575845718384,3.158514976501465,3.276561975479126,3.3010928630828857,3.2486684322357178,3.4480135440826416,3.4021377563476562,3.7218146324157715,3.6537113189697266,4.019824981689453,4.05979061126709
A5,1.2475149631500244,0.9552277326583862,0.6278425455093384,0.3828085660934448,0.0,0.37636828422546387,0.5883512496948242,0.9144584536552429,1.2547909021377563,1.519634485244751,1.8461670875549316,2.0918326377868652,2.361257314682007,2.636613368988037,2.8482744693756104,1.8310914039611816,1.5442008972167969,1.414821982383728,1.4044649600982666,1.2948201894760132,1.1769447326660156,1.4483988285064697,1.4449167251586914,1.7150453329086304,1.8291330337524414,2.0798490047454834,2.334327459335327,2.475712299346924,2.847626209259033,2.986772060394287,2.503161907196045,2.260089635848999,2.290776252746582,2.1106319427490234,2.250075101852417,2.0378174781799316,2.2195076942443848,2.229130983352661,2.404698133468628,2.557548761367798,2.7448012828826904,3.018508195877075,3.1525189876556396,3.52294921875,3.6380813121795654,3.1458029747009277,2.8885133266448975,2.9335033893585205,2.726357936859131,2.837202548980713,2.612544059753418,2.7656145095825195,2.8206429481506348,2.940178871154785,3.159924030303955,3.312208652496338,3.6432228088378906,3.7677690982818604,4.144089698791504,4.257786273956299,3.8503336906433105,3.598736047744751,3.6836302280426025,3.4499058723449707,3.58425235748291,3.3401854038238525,3.491081714630127,3.501391887664795,3.476299524307251,3.6571812629699707,3.6279499530792236,3.93509578704834,3.864917755126953,4.229049205780029,4.247504234313965
A6,1.5659626722335815,1.2378175258636475,0.9654989838600159,0.6356736421585083,0.37636828422546387,0.0,0.3855557143688202,0.6237083077430725,0.9275588393211365,1.1867505311965942,1.49898099899292,1.75148606300354,2.002432107925415,2.2836198806762695,2.4834718704223633,1.5111448764801025,1.258732557296753,1.1622178554534912,1.2385799884796143,1.2134828567504883,1.1023119688034058,1.4215688705444336,1.35332453250885,1.65791916847229,1.6979228258132935,1.9691894054412842,2.173232078552246,2.2990896701812744,2.657978057861328,2.757948875427246,2.2218806743621826,2.0153229236602783,2.056427478790283,1.9273244142532349,2.1218552589416504,1.931401014328003,2.164889335632324,2.1481213569641113,2.364650249481201,2.4747378826141357,2.6870903968811035,2.9235620498657227,3.0545904636383057,3.4100797176361084,3.4899120330810547,2.9071316719055176,2.6736745834350586,2.712749719619751,2.5414693355560303,2.6970436573028564,2.496285915374756,2.6968271732330322,2.7449800968170166,2.9082541465759277,3.104355812072754,3.2869133949279785,3.5946590900421143,3.7218897342681885,4.0858025550842285,4.1710052490234375,3.6508748531341553,3.4139792919158936,3.4842989444732666,3.2736010551452637,3.440079927444458,3.2226510047912598,3.410752534866333,3.4369943141937256,3.452413320541382,3.6415042877197266,3.651935338973999,3.9652493000030518,3.926435947418213,4.298648357391357,4.328047752380371
A7,1.820052981376648,1.5328656435012817,1.207385540008545,0.9465234279632568,0.5883512496948242,0.3855557143688202,0.0,0.37512311339378357,0.7170822620391846,0.9700804948806763,1.3083711862564087,1.5473402738571167,1.8413623571395874,2.12192440032959,2.3703603744506836,1.651009440422058,1.4165012836456299,1.4129891395568848,1.5308483839035034,1.5006464719772339,1.3185662031173706,1.5938609838485718,1.4477612972259521,1.7023813724517822,1.7007910013198853,1.914273738861084,2.116122245788574,2.180222272872925,2.546433210372925,2.6374871730804443,2.3383677005767822,2.1749112606048584,2.2711734771728516,2.1745455265045166,2.3854494094848633,2.1676292419433594,2.3936235904693604,2.3228018283843994,2.51572585105896,2.584458112716675,2.7613823413848877,2.981937885284424,3.066497802734375,3.419469118118286,3.479712724685669,3.036346912384033,2.8406083583831787,2.9150960445404053,2.7771642208099365,2.9574146270751953,2.74310302734375,2.952833652496338,2.9610066413879395,3.120600700378418,3.284026861190796,3.4486563205718994,3.744640588760376,3.8378043174743652,4.200277805328369,4.262827396392822,3.809570074081421,3.603198528289795,3.692357301712036,3.5095772743225098,3.701551675796509,3.4829342365264893,3.68961501121521,3.695112466812134,3.7248122692108154,3.890319347381592,3.9050238132476807,4.200953483581543,4.151180267333984,4.516146183013916,4.520599842071533
A8,2.1588799953460693,1.8483963012695312,1.5421137809753418,1.2422384023666382,0.9144584536552429,0.6237083077430725,0.37512311339378357,0.0,0.3596074879169464,0.6814733743667603,0.9726473093032837,1.256039023399353,1.5267165899276733,1.8402109146118164,2.088597059249878,1.5584962368011475,1.4051108360290527,1.4357109069824219,1.6346683502197266,1.6822069883346558,1.5291681289672852,1.8259366750717163,1.6404775381088257,1.9057447910308838,1.835199236869812,2.047466993331909,2.191028594970703,2.217982053756714,2.5618932247161865,2.5997731685638428,2.280982494354248,2.1739962100982666,2.271613359451294,2.23537278175354,2.4932641983032227,2.309077739715576,2.5738940238952637,2.4886059761047363,2.7115557193756104,2.7433974742889404,2.936560869216919,3.1193885803222656,3.1944315433502197,3.5277316570281982,3.548968553543091,3.0203371047973633,2.856682538986206,2.9163217544555664,2.8190536499023438,3.0388143062591553,2.8572731018066406,3.1047396659851074,3.1138062477111816,3.3083109855651855,3.453038215637207,3.6417510509490967,3.915694236755371,4.010329246520996,4.358804702758789,4.394436359405518,3.82796049118042,3.638296604156494,3.704996347427368,3.546361207962036,3.764956474304199,3.578721046447754,3.814006805419922,3.8400206565856934,3.9010541439056396,4.077147960662842,4.121881008148193,4.423563003540039,4.398288249969482,4.7680182456970215,4.782489776611328
A9,2.4883081912994385,2.1652650833129883,1.8785289525985718,1.5596632957458496,1.2547909021377563,0.9275588393211365,0.7170822620391846,0.3596074879169464,0.0,0.38387179374694824,0.616425096988678,0.9261966943740845,1.1765379905700684,1.5070189237594604,1.7559103965759277,1.4508873224258423,1.3759554624557495,1.4663584232330322,1.7267123460769653,1.830034852027893,1.6878093481063843,1.9825854301452637,1.7561604976654053,2.0165388584136963,1.8799738883972168,2.082798480987549,2.165372848510742,2.15762996673584,2.471909761428833,2.459254741668701,2.158867120742798,2.1126301288604736,2.2276620864868164,2.2509076595306396,2.5452959537506104,2.3844635486602783,2.6755993366241455,2.5654709339141846,2.8079967498779297,2.797309637069702,2.999002695083618,3.1407761573791504,3.2025578022003174,3.5125718116760254,3.4953739643096924,2.9182844161987305,2.793789863586426,2.8523247241973877,2.800682544708252,3.0573172569274902,2.9007887840270996,3.180281400680542,3.1775734424591064,3.401240587234497,3.518620014190674,3.7251768112182617,3.9727327823638916,4.062727451324463,4.394488334655762,4.400798797607422,3.7509653568267822,3.5857529640197754,3.64017653465271,3.512583017349243,3.7598233222961426,3.6013288497924805,3.8657805919647217,3.9014170169830322,3.9959628582000732,4.17233943939209,4.2478928565979,4.548042297363281,4.545788288116455,4.916845321655273,4.9365315437316895
A10,2.72016978263855,2.40499210357666,2.1290314197540283,1.8186553716659546,1.519634485244751,1.1867505311965942,0.9700804948806763,0.6814733743667603,0.38387179374694824,0.0,0.38834765553474426,0.5799145698547363,0.8839566111564636,1.1673487424850464,1.4441009759902954,1.3613080978393555,1.3151534795761108,1.5024381875991821,1.7811180353164673,1.891625165939331,1.7201839685440063,1.9753775596618652,1.6957687139511108,1.9200615882873535,1.7203723192214966,1.890523910522461,1.9204514026641846,1.87369704246521,2.16286563873291,2.1193485260009766,1.9707690477371216,1.975048542022705,2.144655466079712,2.2068660259246826,2.513160467147827,2.343724012374878,2.6344594955444336,2.4779486656188965,2.714755058288574,2.653876781463623,2.84230899810791,2.945312023162842,2.980178117752075,3.2691612243652344,3.221651554107666,2.7137956619262695,2.632830858230591,2.725487232208252,2.7154242992401123,2.9969093799591064,2.8384690284729004,3.133258819580078,3.093414783477783,3.3280162811279297,3.4056296348571777,3.611117124557495,3.831249713897705,3.900285005569458,4.216784477233887,4.194044589996338,3.558372974395752,3.4276864528656006,3.498548984527588,3.4064433574676514,3.6809802055358887,3.529651403427124,3.818275213241577,3.8374502658843994,3.960531711578369,4.115827560424805,4.214295864105225,4.4984636306762695,4.5072407722473145,4.872282028198242,4.882582187652588
A11,3.0550379753112793,2.7242581844329834,2.4599499702453613,2.1301214694976807,1.8461670875549316,1.49898099899292,1.3083711862564087,0.9726473093032837,0.616425096988678,0.38834765553474426,0.0,0.3871747851371765,0.5716909766197205,0.9277361035346985,1.188134789466858,1.441677212715149,1.4972785711288452,1.686264157295227,2.0051214694976807,2.1675002574920654,2.0337677001953125,2.299713611602783,2.0205979347229004,2.2490923404693604,2.018054962158203,2.1847379207611084,2.161405324935913,2.0890440940856934,2.333444833755493,2.2295591831207275,2.033097982406616,2.1005499362945557,2.254486083984375,2.372328281402588,2.70699143409729,2.578561544418335,2.8928444385528564,2.7383065223693848,2.996121644973755,2.9128246307373047,3.1149613857269287,3.183774471282959,3.215390920639038,3.4776737689971924,3.3939590454101562,2.7866034507751465,2.7411766052246094,2.809035301208496,2.839789628982544,3.1489715576171875,3.029438018798828,3.3495430946350098,3.3179373741149902,3.578857898712158,3.643608331680298,3.8695313930511475,4.067895889282227,4.142276763916016,4.440931797027588,4.395506381988525,3.6419858932495117,3.528949737548828,3.5706653594970703,3.503878593444824,3.797025680541992,3.6824076175689697,3.9907288551330566,4.032580852508545,4.180528163909912,4.347138404846191,4.470260143280029,4.759269714355469,4.790704727172852,5.157944202423096,5.180577278137207
A12,3.2697691917419434,2.9521842002868652,2.6918044090270996,2.3770081996917725,2.0918326377868652,1.75148606300354,1.5473402738571167,1.256039023399353,0.9261966943740845,0.5799145698547363,0.3871747851371765,0.0,0.384527325630188,0.6125504374504089,0.9395595788955688,1.4949555397033691,1.5602463483810425,1.8209244012832642,2.132274627685547,2.282975435256958,2.120417594909668,2.339355945587158,2.0231809616088867,2.2039384841918945,1.925695538520813,2.0451226234436035,1.969496488571167,1.8499023914337158,2.0556135177612305,1.9160284996032715,1.9414297342300415,2.0566904544830322,2.2650229930877686,2.4088175296783447,2.740156412124634,2.598626136779785,2.899326801300049,2.7017674446105957,2.942194700241089,2.8121955394744873,2.9910998344421387,3.0213065147399902,3.0198416709899902,3.256824254989624,3.1428146362304688,2.6499569416046143,2.6518993377685547,2.7599971294403076,2.828387498855591,3.1519229412078857,3.025570869445801,3.349987506866455,3.279219150543213,3.541339159011841,3.5659022331237793,3.782607078552246,3.9531476497650146,4.001645565032959,4.283425807952881,4.209428310394287,3.5028810501098633,3.428555727005005,3.4927098751068115,3.4619619846343994,3.776921272277832,3.664769411087036,3.9902923107147217,4.010168075561523,4.180451393127441,4.321258068084717,4.4609761238098145,4.729801654815674,4.766695976257324,5.124185085296631,5.133565902709961
A13,3.5297913551330566,3.1940109729766846,2.956686019897461,2.6198861598968506,2.361257314682007,2.002432107925415,1.8413623571395874,1.5267165899276733,1.1765379905700684,0.8839566111564636,0.5716909766197205,0.384527325630188,0.0,0.40307772159576416,0.6406065225601196,1.5123051404953003,1.6688002347946167,1.9197474718093872,2.2585699558258057,2.4585745334625244,2.341184616088867,2.574204683303833,2.2723515033721924,2.470102071762085,2.1759941577911377,2.3146414756774902,2.1945669651031494,2.084564208984375,2.2426090240478516,2.0522263050079346,1.9205912351608276,2.0916454792022705,2.2727110385894775,2.4677765369415283,2.820951461791992,2.7271955013275146,3.050429105758667,2.8656058311462402,3.1317460536956787,2.989219903945923,3.192125082015991,3.1919736862182617,3.204339027404785,3.4136464595794678,3.270749568939209,2.6246256828308105,2.6562209129333496,2.7308874130249023,2.837226629257202,3.1827962398529053,3.1004726886749268,3.447417736053467,3.391859292984009,3.681353807449341,3.698294162750244,3.940380811691284,4.089395523071289,4.153238296508789,4.4150848388671875,4.324179172515869,3.474151611328125,3.412505626678467,3.441962480545044,3.4342546463012695,3.762887954711914,3.6904988288879395,4.032315731048584,4.078690528869629,4.27325963973999,4.42873477935791,4.594655513763428,4.870368003845215,4.93487548828125,5.294967174530029,5.323690891265869
A14,3.7667932510375977,3.441847085952759,3.214308977127075,2.8892974853515625,2.636613368988037,2.2836198806762695,2.12192440032959,1.8402109146118164,1.5070189237594604,1.1673487424850464,0.9277361035346985,0.6125504374504089,0.40307772159576416,0.0,0.38728687167167664,1.624419093132019,1.7897148132324219,2.090836524963379,2.4146881103515625,2.605356216430664,2.4726500511169434,2.660755157470703,2.3380184173583984,2.4912238121032715,2.1608171463012695,2.257298231124878,2.078216075897217,1.9328646659851074,2.028378963470459,1.7890349626541138,1.8549916744232178,2.0783770084381104,2.303539991378784,2.524775981903076,2.8687446117401123,2.7719616889953613,3.0791704654693604,2.859569549560547,3.109065532684326,2.921708822250366,3.104325771331787,3.0587308406829834,3.0429461002349854,3.2161574363708496,3.0374510288238525,2.4853663444519043,2.572051525115967,2.681889533996582,2.830026865005493,3.1862175464630127,3.105135917663574,3.4540209770202637,3.3633804321289062,3.654930353164673,3.6306662559509277,3.8660335540771484,3.981266736984253,4.022634029388428,4.260653495788574,4.1386213302612305,3.3166894912719727,3.298682451248169,3.3461365699768066,3.3794617652893066,3.7278947830200195,3.6644105911254883,4.02177619934082,4.049549579620361,4.2682881355285645,4.399115085601807,4.584622383117676,4.839483737945557,4.914292812347412,5.262824058532715,5.282636642456055
A15,3.9404850006103516,3.602681875228882,3.406646251678467,3.066620349884033,2.8482744693756104,2.4834718704223633,2.3703603744506836,2.088597059249878,1.7559103965759277,1.4441009759902954,1.188134789466858,0.9395595788955688,0.6406065225601196,0.38728687167167664,0.0,1.5943163633346558,1.8304826021194458,2.1212692260742188,2.4536633491516113,2.682624101638794,2.594144105911255,2.7862744331359863,2.4850192070007324,2.6529836654663086,2.316279888153076,2.439751386642456,2.224865198135376,2.114367961883545,2.1666934490203857,1.8969999551773071,1.7378137111663818,2.0120370388031006,2.2095389366149902,2.476196765899658,2.830066204071045,2.7815818786621094,3.102992296218872,2.898960828781128,3.1708381175994873,2.974928617477417,3.183659315109253,3.1095187664031982,3.1180098056793213,3.2627127170562744,3.063662052154541,2.335440158843994,2.4514150619506836,2.529186487197876,2.715378761291504,3.0866005420684814,3.0495760440826416,3.4147226810455322,3.3381760120391846,3.653881788253784,3.621375560760498,3.88161039352417,3.9734156131744385,4.034295082092285,4.249889373779297,4.115424633026123,3.1474456787109375,3.1419191360473633,3.1564443111419678,3.2143373489379883,3.57300066947937,3.5486135482788086,3.918851613998413,3.9701623916625977,4.212761402130127,4.355185031890869,4.567241191864014,4.8260955810546875,4.930416584014893,5.278994083404541,5.320399761199951
B1,2.626767635345459,2.2815444469451904,2.2122557163238525,1.876943826675415,1.8310914039611816,1.5111448764801025,1.651009440422058,1.5584962368011475,1.4508873224258423,1.3613080978393555,1.441677212715149,1.4949555397033691,1.5123051404953003,1.624419093132019,1.5943163633346558,0.0,0.39093658328056335,0.5849758982658386,0.901225209236145,1.198003888130188,1.258041262626648,1.5154759883880615,1.375669240951538,1.6843236684799194,1.50001859664917,1.8363569974899292,1.7701666355133057,1.9436532258987427,2.1380093097686768,2.0943355560302734,0.8275232315063477,0.7795500755310059,0.8237956762313843,0.9843832850456238,1.3538978099822998,1.3477002382278442,1.7189006805419922,1.6526967287063599,2.003591775894165,1.9655745029449463,2.2897684574127197,2.351447105407715,2.5359115600585938,2.7816176414489746,2.7503509521484375,1.5963932275772095,1.4413858652114868,1.4270727634429932,1.419764757156372,1.7331987619400024,1.6749999523162842,2.0296342372894287,2.0636446475982666,2.3829188346862793,2.480374574661255,2.7823619842529297,2.969459056854248,3.1406726837158203,3.4205105304718018,3.4186906814575195,2.401951789855957,2.2099506855010986,2.2142157554626465,2.097099781036377,2.3698394298553467,2.2725865840911865,2.585268020629883,2.671729326248169,2.844484567642212,3.052593231201172,3.2201192378997803,3.535951614379883,3.6356310844421387,4.013082504272461,4.106598377227783
B2,2.2944681644439697,1.966275691986084,1.8926032781600952,1.5829217433929443,1.5442008972167969,1.258732557296753,1.4165012836456299,1.4051108360290527,1.3759554624557495,1.3151534795761108,1.4972785711288452,1.5602463483810425,1.6688002347946167,1.7897148132324219,1.8304826021194458,0.39093658328056335,0.0,0.3878081738948822,0.6380660533905029,0.862966775894165,0.87367844581604,1.1375043392181396,1.002610683441162,1.332545280456543,1.1947044134140015,1.554550051689148,1.5557349920272827,1.7645021677017212,2.006230592727661,2.0298101902008057,0.9686874747276306,0.7845547199249268,0.8799272179603577,0.8920095562934875,1.2110793590545654,1.1104789972305298,1.461107611656189,1.3872774839401245,1.7202842235565186,1.718135952949524,2.0298051834106445,2.1431448459625244,2.3307442665100098,2.6141839027404785,2.6282641887664795,1.6749528646469116,1.4704093933105469,1.5131070613861084,1.429563283920288,1.689092993736267,1.5507057905197144,1.867119550704956,1.8844776153564453,2.1664059162139893,2.2856316566467285,2.5592684745788574,2.7820873260498047,2.943101406097412,3.2513694763183594,3.278107166290283,2.4544358253479004,2.2444727420806885,2.3003153800964355,2.1484718322753906,2.3903465270996094,2.2302563190460205,2.512242317199707,2.559650421142578,2.6939315795898438,2.8850648403167725,3.0157275199890137,3.3276052474975586,3.3930091857910156,3.7716915607452393,3.8460495471954346
B3,2.0680370330810547,1.7215416431427002,1.695745587348938,1.376002550125122,1.414821982383728,1.1622178554534912,1.4129891395568848,1.4357109069824219,1.4663584232330322,1.5024381875991821,1.686264157295227,1.8209244012832642,1.9197474718093872,2.090836524963379,2.1212692260742188,0.5849758982658386,0.3878081738948822,0.0,0.36686745285987854,0.6884915828704834,0.8385146260261536,1.1626789569854736,1.1420570611953735,1.5052353143692017,1.4530730247497559,1.8303780555725098,1.8793504238128662,2.11126708984375,2.3665122985839844,2.4088404178619385,1.2162545919418335,0.9741670489311218,0.9147573113441467,0.8435293436050415,1.1368303298950195,1.0916547775268555,1.4473494291305542,1.4722459316253662,1.8145328760147095,1.8863506317138672,2.2150766849517822,2.3668229579925537,2.589357614517212,2.88321590423584,2.9279778003692627,1.8776319026947021,1.6171786785125732,1.5845056772232056,1.4313790798187256,1.6413323879241943,1.527681827545166,1.8210564851760864,1.9117008447647095,2.1832127571105957,2.3602960109710693,2.6419453620910645,2.891397476196289,3.0873494148254395,3.4035208225250244,3.465575933456421,2.5990352630615234,2.3420329093933105,2.3617420196533203,2.1578516960144043,2.35213303565979,2.192535161972046,2.437622308731079,2.520955801010132,2.6200337409973145,2.849130630493164,2.957988739013672,3.2949135303497314,3.3594508171081543,3.745798110961914,3.843693971633911
B4,1.832159399986267,1.5125888586044312,1.5510118007659912,1.2868196964263916,1.4044649600982666,1.2385799884796143,1.5308483839035034,1.6346683502197266,1.7267123460769653,1.7811180353164673,2.0051214694976807,2.132274627685547,2.2585699558258057,2.4146881103515625,2.4536633491516113,0.901225209236145,0.6380660533905029,0.36686745285987854,0.0,0.37022390961647034,0.6420139670372009,0.9374463558197021,1.0300734043121338,1.3851432800292969,1.4174423217773438,1.8026981353759766,1.8953421115875244,2.173750400543213,2.434394121170044,2.524923324584961,1.3550922870635986,1.0304081439971924,0.9417456984519958,0.723703145980835,0.9121481776237488,0.8380329608917236,1.1630752086639404,1.2510955333709717,1.581089735031128,1.7160334587097168,2.0477001667022705,2.239276647567749,2.4924561977386475,2.799081325531006,2.8887979984283447,1.9034165143966675,1.5917967557907104,1.5665494203567505,1.3366962671279907,1.4686967134475708,1.312060832977295,1.5558891296386719,1.6708732843399048,1.9109761714935303,2.126894950866699,2.3968303203582764,2.672612428665161,2.8851571083068848,3.213336944580078,3.311476469039917,2.5478293895721436,2.261061191558838,2.303156852722168,2.0584323406219482,2.2052500247955322,2.0019233226776123,2.2055697441101074,2.2734477519989014,2.334192991256714,2.5652129650115967,2.646284818649292,2.9887208938598633,3.0396549701690674,3.4275832176208496,3.5300538539886475
B5,1.5686653852462769,1.2907522916793823,1.343756079673767,1.1512774229049683,1.2948201894760132,1.2134828567504883,1.5006464719772339,1.6822069883346558,1.830034852027893,1.891625165939331,2.1675002574920654,2.282975435256958,2.4585745334625244,2.605356216430664,2.682624101638794,1.198003888130188,0.862966775894165,0.6884915828704834,0.37022390961647034,0.0,0.3692362606525421,0.6295033097267151,0.8187136650085449,1.1528409719467163,1.27499258518219,1.6459708213806152,1.802669644355774,2.10148286819458,2.384024143218994,2.5277881622314453,1.5682071447372437,1.2145940065383911,1.188739538192749,0.9004960656166077,0.9629620313644409,0.7658731341362,0.9975549578666687,1.091001272201538,1.3666491508483887,1.5534597635269165,1.8531289100646973,2.095790386199951,2.3464725017547607,2.6781277656555176,2.810331106185913,2.0423333644866943,1.7192966938018799,1.7505279779434204,1.487648844718933,1.5545616149902344,1.320058822631836,1.4889074563980103,1.5751359462738037,1.7523915767669678,1.9878076314926147,2.2145426273345947,2.5230276584625244,2.720014810562134,3.0702321529388428,3.195882558822632,2.6407663822174072,2.3544509410858154,2.4452168941497803,2.1884124279022217,2.304793357849121,2.047020196914673,2.2101078033447266,2.2268142700195312,2.2423362731933594,2.443345785140991,2.479457139968872,2.8094499111175537,2.8196401596069336,3.2042245864868164,3.283411979675293
B6,1.5711355209350586,1.3215553760528564,1.2891550064086914,1.1209800243377686,1.1769447326660156,1.1023119688034058,1.3185662031173706,1.5291681289672852,1.6878093481063843,1.7201839685440063,2.0337677001953125,2.120417594909668,2.341184616088867,2.4726500511169434,2.594144105911255,1.258041262626648,0.87367844581604,0.8385146260261536,0.6420139670372009,0.3692362606525421,0.0,0.37943607568740845,0.48918014764785767,0.8347873687744141,0.9748364090919495,1.3293901681900024,1.5283796787261963,1.810805320739746,2.120387077331543,2.29030442237854,1.6107054948806763,1.2857921123504639,1.366738200187683,1.1173691749572754,1.1899166107177734,0.9005584716796875,1.0789483785629272,1.058543086051941,1.2804280519485474,1.4324679374694824,1.6846625804901123,1.9417756795883179,2.1479101181030273,2.500229597091675,2.634794235229492,2.0963621139526367,1.8112620115280151,1.9137425422668457,1.6887247562408447,1.778171420097351,1.4992815256118774,1.6573306322097778,1.6635361909866333,1.8105638027191162,2.004702568054199,2.1909005641937256,2.5015621185302734,2.650783061981201,3.014122724533081,3.1255438327789307,2.7281575202941895,2.478628396987915,2.612861156463623,2.3886220455169678,2.531013011932373,2.2550384998321533,2.4302735328674316,2.3986499309539795,2.4181716442108154,2.5720767974853516,2.596418857574463,2.8963887691497803,2.8753974437713623,3.2500271797180176,3.2882750034332275
B7,1.6563174724578857,1.4836056232452393,1.4761890172958374,1.3903765678405762,1.4483988285064697,1.4215688705444336,1.5938609838485718,1.8259366750717163,1.9825854301452637,1.9753775596618652,2.299713611602783,2.339355945587158,2.574204683303833,2.660755157470703,2.7862744331359863,1.5154759883880615,1.1375043392181396,1.1626789569854736,0.9374463558197021,0.6295033097267151,0.37943607568740845,0.0,0.375545859336853,0.5795706510543823,0.8263417482376099,1.1412553787231445,1.3728986978530884,1.6913350820541382,1.9852538108825684,2.203691005706787,1.6980712413787842,1.3642266988754272,1.4921648502349854,1.2181023359298706,1.1988874673843384,0.8389738202095032,0.8897855877876282,0.8161658048629761,0.9568331241607666,1.1353790760040283,1.352179765701294,1.6439493894577026,1.8534272909164429,2.2158944606781006,2.3888301849365234,2.0607972145080566,1.7800604104995728,1.9391086101531982,1.7079079151153564,1.752585530281067,1.4202361106872559,1.5167059898376465,1.460923671722412,1.552380084991455,1.7300397157669067,1.874701976776123,2.196779251098633,2.3249735832214355,2.6988298892974854,2.8253464698791504,2.624199628829956,2.3893866539001465,2.5732133388519287,2.3568525314331055,2.484140634536743,2.1709835529327393,2.3253653049468994,2.2369329929351807,2.241365909576416,2.3479154109954834,2.353872060775757,2.6259281635284424,2.5817601680755615,2.946782350540161,2.9607365131378174
B8,1.8982421159744263,1.701102375984192,1.6148053407669067,1.48311185836792,1.4449167251586914,1.35332453250885,1.4477612972259521,1.6404775381088257,1.7561604976654053,1.6957687139511108,2.0205979347229004,2.0231809616088867,2.2723515033721924,2.3380184173583984,2.4850192070007324,1.375669240951538,1.002610683441162,1.1420570611953735,1.0300734043121338,0.8187136650085449,0.48918014764785767,0.375545859336853,0.0,0.3751574158668518,0.500266969203949,0.84176105260849,1.0648562908172607,1.3536779880523682,1.6681042909622192,1.8742743730545044,1.558976173400879,1.2843647003173828,1.4920443296432495,1.297349452972412,1.3635444641113281,1.012270450592041,1.1228978633880615,0.9384139180183411,1.0856012105941772,1.142430067062378,1.3348817825317383,1.578428030014038,1.7309083938598633,2.0937063694000244,2.223527193069458,1.9817814826965332,1.7563556432724,1.9535340070724487,1.7865064144134521,1.9002892971038818,1.5835766792297363,1.7366631031036377,1.633076786994934,1.7590748071670532,1.871177315711975,2.0169785022735596,2.302732229232788,2.3908989429473877,2.7546446323394775,2.8342549800872803,2.6207590103149414,2.428025245666504,2.6206321716308594,2.449234962463379,2.6274352073669434,2.338581085205078,2.5394363403320312,2.448162317276001,2.4972386360168457,2.5868003368377686,2.6245648860931396,2.878772020339966,2.844248056411743,3.200730085372925,3.1956231594085693
B9,2.0749919414520264,1.9346832036972046,1.8450475931167603,1.7686700820922852,1.7150453329086304,1.65791916847229,1.7023813724517822,1.9057447910308838,2.0165388584136963,1.9200615882873535,2.2490923404693604,2.2039384841918945,2.470102071762085,2.4912238121032715,2.6529836654663086,1.6843236684799194,1.332545280456543,1.5052353143692017,1.3851432800292969,1.1528409719467163,0.8347873687744141,0.5795706510543823,0.3751574158668518,0.0,0.37690016627311707,0.5811110734939575,0.8739057779312134,1.1764782667160034,1.4807260036468506,1.7456011772155762,1.7386584281921387,1.4899382591247559,1.7409721612930298,1.5516828298568726,1.5668811798095703,1.1922458410263062,1.2020267248153687,0.944518506526947,0.963878333568573,0.9757694602012634,1.071723461151123,1.3352468013763428,1.444091558456421,1.8226993083953857,1.981824278831482,2.0524489879608154,1.8599616289138794,2.1126134395599365,1.9626142978668213,2.0523793697357178,1.7071171998977661,1.812284231185913,1.6388484239578247,1.7081109285354614,1.769777774810791,1.855114221572876,2.1324453353881836,2.169182538986206,2.5378785133361816,2.614187479019165,2.6341845989227295,2.475961208343506,2.715219259262085,2.5677692890167236,2.742551803588867,2.4325008392333984,2.6210105419158936,2.476853609085083,2.520501136779785,2.5543594360351562,2.578213930130005,2.790175676345825,2.7290334701538086,3.064260959625244,3.020745277404785
B10,2.364835500717163,2.183130979537964,2.0648319721221924,1.9296860694885254,1.8291330337524414,1.6979228258132935,1.7007910013198853,1.835199236869812,1.8799738883972168,1.7203723192214966,2.018054962158203,1.925695538520813,2.1759941577911377,2.1608171463012695,2.316279888153076,1.50001859664917,1.1947044134140015,1.4530730247497559,1.4174423217773438,1.27499258518219,0.9748364090919495,0.8263417482376099,0.500266969203949,0.37690016627311707,0.0,0.386445552110672,0.566381573677063,0.8654418587684631,1.171539545059204,1.4003283977508545,1.5013753175735474,1.3209761381149292,1.6288642883300781,1.5185699462890625,1.604361891746521,1.2650514841079712,1.3487341403961182,1.0435384511947632,1.1262332201004028,1.0194578170776367,1.1365058422088623,1.3000004291534424,1.3697097301483154,1.7216640710830688,1.811945915222168,1.8531379699707031,1.7161966562271118,1.990231990814209,1.904102087020874,2.0576553344726562,1.7456231117248535,1.914536476135254,1.723422646522522,1.852834939956665,1.8634247779846191,1.9836018085479736,2.210984230041504,2.2345824241638184,2.5767133235931396,2.599540948867798,2.5021188259124756,2.3804728984832764,2.613798141479492,2.5094103813171387,2.731698751449585,2.457350492477417,2.694276809692383,2.566622257232666,2.6628875732421875,2.701010227203369,2.7727153301239014,2.9830546379089355,2.957096576690674,3.2909467220306396,3.254732847213745
B11,2.603173017501831,2.456381320953369,2.3145439624786377,2.212155818939209,2.0798490047454834,1.9691894054412842,1.914273738861084,2.047466993331909,2.082798480987549,1.890523910522461,2.1847379207611084,2.0451226234436035,2.3146414756774902,2.257298231124878,2.439751386642456,1.8363569974899292,1.554550051689148,1.8303780555725098,1.8026981353759766,1.6459708213806152,1.3293901681900024,1.1412553787231445,0.84176105260849,0.5811110734939575,0.386445552110672,0.0,0.3869965970516205,0.6209474205970764,0.9353064298629761,1.232026219367981,1.7730612754821777,1.6395295858383179,1.9727935791015625,1.878960371017456,1.9455465078353882,1.6017870903015137,1.6317979097366333,1.2964669466018677,1.283837080001831,1.119004487991333,1.1081236600875854,1.2390738725662231,1.2019386291503906,1.5524482727050781,1.6413675546646118,2.0483593940734863,1.9623074531555176,2.273545265197754,2.214350938796997,2.3604469299316406,2.040144443511963,2.1798431873321533,1.9417071342468262,2.0282106399536133,1.9857760667800903,2.0469532012939453,2.2465076446533203,2.2039387226104736,2.5356640815734863,2.5343170166015625,2.6546735763549805,2.57841420173645,2.8439443111419678,2.770671844482422,2.9974939823150635,2.7174694538116455,2.9490807056427,2.7847092151641846,2.880812883377075,2.8730580806732178,2.935378313064575,3.104430913925171,3.0553300380706787,3.3629889488220215,3.286896228790283
B12,2.920259952545166,2.746000051498413,2.6122183799743652,2.470533609390259,2.334327459335327,2.173232078552246,2.116122245788574,2.191028594970703,2.165372848510742,1.9204514026641846,2.161405324935913,1.969496488571167,2.1945669651031494,2.078216075897217,2.224865198135376,1.7701666355133057,1.5557349920272827,1.8793504238128662,1.8953421115875244,1.802669644355774,1.5283796787261963,1.3728986978530884,1.0648562908172607,0.8739057779312134,0.566381573677063,0.3869965970516205,0.0,0.3830591142177582,0.6138671040534973,0.883205235004425,1.5737566947937012,1.5144076347351074,1.8834527730941772,1.8564481735229492,1.9531199932098389,1.6525644063949585,1.7145681381225586,1.3537527322769165,1.3789526224136353,1.1239116191864014,1.1366710662841797,1.144860863685608,1.0798348188400269,1.3743786811828613,1.3847942352294922,1.8000984191894531,1.7793556451797485,2.114223003387451,2.1173157691955566,2.3019707202911377,2.016284465789795,2.193810224533081,1.93535578250885,2.06634259223938,1.9713246822357178,2.063563346862793,2.205561399459839,2.1560394763946533,2.4508919715881348,2.39684796333313,2.4216208457946777,2.3894524574279785,2.6563141345977783,2.6304376125335693,2.892063856124878,2.645845651626587,2.9134929180145264,2.7570738792419434,2.9019956588745117,2.8905229568481445,3.0003116130828857,3.1624069213867188,3.1531383991241455,3.456348419189453,3.393810749053955
B13,3.1625330448150635,2.984217643737793,2.810147285461426,2.660233974456787,2.475712299346924,2.2990896701812744,2.180222272872925,2.217982053756714,2.15762996673584,1.87369704246521,2.0890440940856934,1.8499023914337158,2.084564208984375,1.9328646659851074,2.114367961883545,1.9436532258987427,1.7645021677017212,2.11126708984375,2.173750400543213,2.10148286819458,1.810805320739746,1.6913350820541382,1.3536779880523682,1.1764782667160034,0.8654418587684631,0.6209474205970764,0.3830591142177582,0.0,0.38844066858291626,0.6502746343612671,1.781343936920166,1.7838234901428223,2.162167549133301,2.1722607612609863,2.301934003829956,2.0119471549987793,2.0928022861480713,1.7350084781646729,1.757509469985962,1.4952929019927979,1.4701738357543945,1.4403795003890991,1.2941851615905762,1.536915898323059,1.4836978912353516,2.038971185684204,2.067723035812378,2.3997480869293213,2.4367947578430176,2.6472480297088623,2.3779566287994385,2.569610834121704,2.3105428218841553,2.4433913230895996,2.3320844173431396,2.410398483276367,2.5290629863739014,2.4463212490081787,2.718740701675415,2.629413604736328,2.679562568664551,2.6821913719177246,2.9415459632873535,2.9434666633605957,3.2245490550994873,2.996666669845581,3.277040481567383,3.124138355255127,3.278738260269165,3.261204481124878,3.3741397857666016,3.5249903202056885,3.5103888511657715,3.8028371334075928,3.7236359119415283
