0.000000000000000000e+00,3.932565152645111084e-01,6.320170760154724121e-01,9.463936090469360352e-01,1.171318173408508301e+00,1.498398184776306152e+00,1.649885892868041992e+00,1.965894579887390137e+00,2.110387086868286133e+00,2.452214956283569336e+00,2.584362745285034180e+00,2.959450006484985352e+00,3.168308973312377930e+00,3.187947511672973633e+00,2.868276357650756836e+00,1.009410142898559570e+00,7.965692281723022461e-01,9.742921590805053711e-01,1.296333789825439453e+00,1.577050924301147461e+00,1.938370704650878906e+00,1.942532062530517578e+00,2.309662342071533203e+00,2.342392444610595703e+00,2.704724073410034180e+00,2.747022867202758789e+00,3.081764459609985352e+00,3.329132556915283203e+00,3.230551004409790039e+00,3.053934574127197266e+00,1.251476168632507324e+00,1.051892757415771484e+00,1.216799855232238770e+00,1.499007701873779297e+00,1.750951766967773438e+00,2.084014654159545898e+00,2.094524860382080078e+00,2.442497491836547852e+00,2.514992237091064453e+00,2.858323574066162109e+00,2.940110445022583008e+00,3.221858501434326172e+00,3.503247499465942383e+00,3.370028495788574219e+00,3.210822820663452148e+00,1.608931303024291992e+00,1.433774709701538086e+00,1.558539152145385742e+00,1.800814628601074219e+00,2.008279561996459961e+00,2.306430339813232422e+00,2.317166090011596680e+00,2.643809318542480469e+00,2.762979745864868164e+00,3.079024076461791992e+00,3.219723939895629883e+00,3.386421442031860352e+00,3.722232580184936523e+00,3.542779684066772461e+00,3.413833618164062500e+00,2.002421140670776367e+00,1.846634864807128906e+00,1.949221491813659668e+00,2.167940378189086914e+00,2.316247701644897461e+00,2.583319425582885742e+00,2.606516122817993164e+00,2.912021636962890625e+00,3.088170528411865234e+00,3.359617471694946289e+00,3.628104448318481445e+00,3.668771266937255859e+00,3.951171636581420898e+00,3.728001356124877930e+00,3.660331964492797852e+00
3.932565152645111084e-01,0.000000000000000000e+00,3.879093229770660400e-01,6.049190759658813477e-01,9.003729224205017090e-01,1.188755869865417480e+00,1.317279338836669922e+00,1.662382364273071289e+00,1.794378161430358887e+00,2.153265714645385742e+00,2.289376497268676758e+00,2.659566879272460938e+00,2.895580053329467773e+00,2.953014373779296875e+00,2.661458730697631836e+00,9.306106567382812500e-01,7.970662117004394531e-01,1.045890808105468750e+00,1.283262372016906738e+00,1.583398818969726562e+00,1.904166817665100098e+00,1.854645848274230957e+00,2.199124336242675781e+00,2.204011678695678711e+00,2.546122789382934570e+00,2.569042444229125977e+00,2.875809669494628906e+00,3.139235496520996094e+00,3.041893720626831055e+00,2.890877723693847656e+00,1.297976970672607422e+00,1.180917978286743164e+00,1.381128787994384766e+00,1.588824391365051270e+00,1.845125794410705566e+00,2.132922172546386719e+00,2.094944715499877930e+00,2.410032987594604492e+00,2.455170392990112305e+00,2.769922018051147461e+00,2.832000255584716797e+00,3.077110290527343750e+00,3.368080139160156250e+00,3.232100009918212891e+00,3.096999883651733398e+00,1.721315026283264160e+00,1.614824295043945312e+00,1.769027948379516602e+00,1.952944040298461914e+00,2.162626028060913086e+00,2.418406724929809570e+00,2.384666681289672852e+00,2.677245616912841797e+00,2.768193483352661133e+00,3.052799940109252930e+00,3.179259538650512695e+00,3.302836179733276367e+00,3.635659456253051758e+00,3.450751304626464844e+00,3.346275568008422852e+00,2.152175426483154297e+00,2.056515693664550781e+00,2.184132099151611328e+00,2.359535217285156250e+00,2.512909173965454102e+00,2.743086099624633789e+00,2.725470781326293945e+00,3.000509262084960938e+00,3.146934509277343750e+00,3.388212442398071289e+00,3.649166107177734375e+00,3.648710250854492188e+00,3.914219617843627930e+00,3.683981418609619141e+00,3.636546373367309570e+00
6.320170760154724121e-01,3.879093229770660400e-01,0.000000000000000000e+00,3.862561881542205811e-01,5.468118786811828613e-01,8.814264535903930664e-01,1.087381720542907715e+00,1.397884488105773926e+00,1.595595955848693848e+00,1.932313084602355957e+00,2.120976209640502930e+00,2.480491399765014648e+00,2.723317861557006836e+00,2.782699108123779297e+00,2.493219375610351562e+00,7.858427762985229492e-01,5.983491539955139160e-01,8.020947575569152832e-01,9.665822982788085938e-01,1.250189781188964844e+00,1.546684622764587402e+00,1.494420528411865234e+00,1.837496757507324219e+00,1.865189194679260254e+00,2.211070537567138672e+00,2.265414714813232422e+00,2.575474977493286133e+00,2.860062122344970703e+00,2.800970077514648438e+00,2.684612989425659180e+00,1.194225549697875977e+00,1.066005706787109375e+00,1.214919447898864746e+00,1.349542975425720215e+00,1.573405861854553223e+00,1.823035597801208496e+00,1.778551220893859863e+00,2.079282760620117188e+00,2.140755653381347656e+00,2.448201656341552734e+00,2.534883975982666016e+00,2.774453401565551758e+00,3.086093187332153320e+00,2.983781814575195312e+00,2.883897542953491211e+00,1.641533493995666504e+00,1.536675810813903809e+00,1.650713086128234863e+00,1.769734382629394531e+00,1.943818926811218262e+00,2.156372070312500000e+00,2.113475799560546875e+00,2.383046865463256836e+00,2.482945919036865234e+00,2.751332044601440430e+00,2.898124456405639648e+00,3.010385751724243164e+00,3.356933832168579102e+00,3.200174570083618164e+00,3.130734920501708984e+00,2.088403940200805664e+00,2.005197763442993164e+00,2.099891185760498047e+00,2.217860698699951172e+00,2.338895082473754883e+00,2.524929046630859375e+00,2.496438741683959961e+00,2.742186069488525391e+00,2.888082265853881836e+00,3.104439496994018555e+00,3.377933740615844727e+00,3.366760730743408203e+00,3.641796350479125977e+00,3.433607816696166992e+00,3.421177625656127930e+00
9.463936090469360352e-01,6.049190759658813477e-01,3.862561881542205811e-01,0.000000000000000000e+00,3.906746506690979004e-01,5.931370258331298828e-01,7.285803556442260742e-01,1.074864149093627930e+00,1.242396593093872070e+00,1.596332311630249023e+00,1.778351068496704102e+00,2.133636236190795898e+00,2.396075010299682617e+00,2.487885951995849609e+00,2.228166818618774414e+00,8.020378947257995605e-01,7.903613448143005371e-01,1.050527334213256836e+00,1.102968454360961914e+00,1.400969862937927246e+00,1.628198981285095215e+00,1.492402791976928711e+00,1.784738063812255859e+00,1.753801345825195312e+00,2.062754869461059570e+00,2.075048685073852539e+00,2.349605321884155273e+00,2.637452363967895508e+00,2.566377162933349609e+00,2.468306541442871094e+00,1.271815896034240723e+00,1.257003188133239746e+00,1.453930854797363281e+00,1.518709063529968262e+00,1.756757855415344238e+00,1.954113602638244629e+00,1.841806650161743164e+00,2.092102289199829102e+00,2.101263999938964844e+00,2.368133068084716797e+00,2.414589405059814453e+00,2.611366510391235352e+00,2.919018268585205078e+00,2.801761388778686523e+00,2.717995643615722656e+00,1.741262555122375488e+00,1.719179630279541016e+00,1.878106951713562012e+00,1.949924230575561523e+00,2.142390727996826172e+00,2.316321134567260742e+00,2.216283082962036133e+00,2.444104433059692383e+00,2.496099710464477539e+00,2.727205038070678711e+00,2.841179609298706055e+00,2.906737327575683594e+00,3.237871646881103516e+00,3.065319299697875977e+00,3.011483192443847656e+00,2.199461460113525391e+00,2.183128356933593750e+00,2.316542625427246094e+00,2.402583599090576172e+00,2.545667409896850586e+00,2.703057765960693359e+00,2.624424934387207031e+00,2.840223312377929688e+00,2.942299604415893555e+00,3.130343675613403320e+00,3.380966663360595703e+00,3.325923919677734375e+00,3.572033405303955078e+00,3.348607301712036133e+00,3.345605134963989258e+00
1.171318173408508301e+00,9.003729224205017090e-01,5.468118786811828613e-01,3.906746506690979004e-01,0.000000000000000000e+00,3.702226281166076660e-01,6.764128804206848145e-01,9.239274263381958008e-01,1.196489691734313965e+00,1.498403549194335938e+00,1.749954819679260254e+00,2.081399917602539062e+00,2.343699693679809570e+00,2.430233240127563477e+00,2.173131942749023438e+00,8.530996441841125488e-01,7.874365448951721191e-01,9.345991611480712891e-01,8.711050152778625488e-01,1.112155675888061523e+00,1.288515925407409668e+00,1.152782082557678223e+00,1.438920974731445312e+00,1.448062658309936523e+00,1.763479709625244141e+00,1.827082037925720215e+00,2.108675956726074219e+00,2.423390388488769531e+00,2.405961036682128906e+00,2.351166248321533203e+00,1.286704659461975098e+00,1.247592091560363770e+00,1.365456223487854004e+00,1.346709012985229492e+00,1.526251077651977539e+00,1.668195009231567383e+00,1.556149363517761230e+00,1.783618330955505371e+00,1.820793151855468750e+00,2.078338146209716797e+00,2.163406848907470703e+00,2.356786012649536133e+00,2.690378904342651367e+00,2.620242357254028320e+00,2.579329490661621094e+00,1.740339756011962891e+00,1.706463694572448730e+00,1.808262944221496582e+00,1.813971161842346191e+00,1.954465270042419434e+00,2.075702905654907227e+00,1.974578857421875000e+00,2.172508478164672852e+00,2.241374015808105469e+00,2.453275918960571289e+00,2.597003936767578125e+00,2.654574155807495117e+00,3.003180503845214844e+00,2.870167493820190430e+00,2.857403039932250977e+00,2.191483974456787109e+00,2.174662113189697266e+00,2.262920618057250977e+00,2.292424917221069336e+00,2.392187356948852539e+00,2.500553369522094727e+00,2.419226884841918945e+00,2.600281476974487305e+00,2.706936597824096680e+00,2.866518974304199219e+00,3.133639097213745117e+00,3.073373317718505859e+00,3.334268093109130859e+00,3.142287731170654297e+00,3.179745435714721680e+00
1.498398184776306152e+00,1.188755869865417480e+00,8.814264535903930664e-01,5.931370258331298828e-01,3.702226281166076660e-01,0.000000000000000000e+00,3.738164007663726807e-01,5.925322771072387695e-01,8.830569386482238770e-01,1.175971627235412598e+00,1.450501680374145508e+00,1.761051416397094727e+00,2.046724796295166016e+00,2.170566797256469727e+00,1.954476118087768555e+00,1.040548563003540039e+00,1.086176276206970215e+00,1.251478075981140137e+00,1.112242460250854492e+00,1.329457283020019531e+00,1.415281772613525391e+00,1.201849102973937988e+00,1.402805685997009277e+00,1.351371526718139648e+00,1.608995437622070312e+00,1.635909557342529297e+00,1.869234919548034668e+00,2.194818019866943359e+00,2.182188034057617188e+00,2.165075540542602539e+00,1.469465851783752441e+00,1.510476231575012207e+00,1.650103092193603516e+00,1.574190020561218262e+00,1.747705101966857910e+00,1.827798366546630859e+00,1.656932830810546875e+00,1.814939975738525391e+00,1.800861358642578125e+00,2.000976562500000000e+00,2.049255609512329102e+00,2.187250137329101562e+00,2.519934415817260742e+00,2.448513507843017578e+00,2.439812898635864258e+00,1.914173603057861328e+00,1.943554520606994629e+00,2.069792985916137695e+00,2.031684398651123047e+00,2.175690412521362305e+00,2.252051830291748047e+00,2.102279663085937500e+00,2.247082710266113281e+00,2.269485235214233398e+00,2.432258844375610352e+00,2.545802354812622070e+00,2.549278497695922852e+00,2.880920171737670898e+00,2.743719816207885742e+00,2.759639501571655273e+00,2.358953952789306641e+00,2.396038532257080078e+00,2.507140159606933594e+00,2.503302335739135742e+00,2.613078594207763672e+00,2.687408208847045898e+00,2.563011407852172852e+00,2.705526113510131836e+00,2.768800258636474609e+00,2.890917539596557617e+00,3.134460210800170898e+00,3.028865337371826172e+00,3.259942054748535156e+00,3.062602519989013672e+00,3.119877815246582031e+00
1.649885892868041992e+00,1.317279338836669922e+00,1.087381720542907715e+00,7.285803556442260742e-01,6.764128804206848145e-01,3.738164007663726807e-01,0.000000000000000000e+00,3.911311030387878418e-01,5.498732328414916992e-01,8.953690528869628906e-01,1.120991468429565430e+00,1.446895480155944824e+00,1.740489363670349121e+00,1.885587453842163086e+00,1.692204833030700684e+00,1.094523549079895020e+00,1.258122801780700684e+00,1.493983149528503418e+00,1.362758159637451172e+00,1.620557188987731934e+00,1.692625999450683594e+00,1.423506736755371094e+00,1.572852611541748047e+00,1.433433413505554199e+00,1.638803958892822266e+00,1.580276489257812500e+00,1.774008750915527344e+00,2.069406032562255859e+00,2.005582571029663086e+00,1.974149227142333984e+00,1.515329837799072266e+00,1.643246173858642578e+00,1.846778273582458496e+00,1.771853327751159668e+00,1.989726781845092773e+00,2.068244457244873047e+00,1.847044706344604492e+00,1.974350690841674805e+00,1.891351342201232910e+00,2.057238340377807617e+00,2.036866188049316406e+00,2.140307664871215820e+00,2.440229892730712891e+00,2.322393417358398438e+00,2.297987222671508789e+00,1.950186610221862793e+00,2.047069072723388672e+00,2.230775833129882812e+00,2.193604946136474609e+00,2.382118701934814453e+00,2.462300062179565430e+00,2.268826246261596680e+00,2.396590948104858398e+00,2.363632202148437500e+00,2.505747556686401367e+00,2.564770698547363281e+00,2.536978483200073242e+00,2.835821866989135742e+00,2.658843278884887695e+00,2.659286975860595703e+00,2.387158155441284180e+00,2.477246761322021484e+00,2.638438463211059570e+00,2.638764381408691406e+00,2.791428089141845703e+00,2.872764825820922852e+00,2.709340095520019531e+00,2.848058700561523438e+00,2.868563175201416016e+00,2.986278057098388672e+00,3.192590236663818359e+00,3.057094097137451172e+00,3.249491930007934570e+00,3.019707679748535156e+00,3.056143760681152344e+00
1.965894579887390137e+00,1.662382364273071289e+00,1.397884488105773926e+00,1.074864149093627930e+00,9.239274263381958008e-01,5.925322771072387695e-01,3.911311030387878418e-01,0.000000000000000000e+00,3.802431523799896240e-01,5.886971950531005859e-01,8.992786407470703125e-01,1.185153365135192871e+00,1.467969298362731934e+00,1.610452175140380859e+00,1.439632296562194824e+00,1.262135386466979980e+00,1.451852679252624512e+00,1.643191576004028320e+00,1.430690526962280273e+00,1.644792675971984863e+00,1.631214022636413574e+00,1.309499025344848633e+00,1.365901470184326172e+00,1.173789978027343750e+00,1.314930200576782227e+00,1.232876181602478027e+00,1.394862294197082520e+00,1.700531721115112305e+00,1.665296673774719238e+00,1.683263063430786133e+00,1.610369205474853516e+00,1.775173306465148926e+00,1.952280044555664062e+00,1.804046630859375000e+00,1.992756128311157227e+00,2.003164052963256836e+00,1.736491084098815918e+00,1.790775895118713379e+00,1.666630744934082031e+00,1.774737715721130371e+00,1.731624841690063477e+00,1.792373299598693848e+00,2.094366312026977539e+00,1.996656060218811035e+00,2.016317367553710938e+00,1.998438000679016113e+00,2.133400678634643555e+00,2.304139852523803711e+00,2.204184532165527344e+00,2.373843669891357422e+00,2.397909641265869141e+00,2.164826154708862305e+00,2.233961582183837891e+00,2.163325309753417969e+00,2.255789995193481445e+00,2.295310258865356445e+00,2.225719690322875977e+00,2.513244628906250000e+00,2.350792646408081055e+00,2.390115737915039062e+00,2.405953645706176758e+00,2.535349130630493164e+00,2.688974380493164062e+00,2.635670900344848633e+00,2.778311014175415039e+00,2.811961889266967773e+00,2.611779928207397461e+00,2.703532218933105469e+00,2.686145544052124023e+00,2.763425111770629883e+00,2.949953079223632812e+00,2.780690193176269531e+00,2.952882766723632812e+00,2.733326911926269531e+00,2.800493717193603516e+00
2.110387086868286133e+00,1.794378161430358887e+00,1.595595955848693848e+00,1.242396593093872070e+00,1.196489691734313965e+00,8.830569386482238770e-01,5.498732328414916992e-01,3.802431523799896240e-01,0.000000000000000000e+00,3.857308626174926758e-01,5.753982067108154297e-01,8.988735675811767578e-01,1.195340037345886230e+00,1.370822191238403320e+00,1.236359238624572754e+00,1.392893791198730469e+00,1.652541041374206543e+00,1.898675799369812012e+00,1.719819188117980957e+00,1.971110224723815918e+00,1.974429488182067871e+00,1.637846350669860840e+00,1.676391720771789551e+00,1.430426597595214844e+00,1.521130323410034180e+00,1.349605679512023926e+00,1.455480098724365234e+00,1.702662229537963867e+00,1.593239545822143555e+00,1.582899689674377441e+00,1.723539590835571289e+00,1.947650313377380371e+00,2.177401065826416016e+00,2.052070617675781250e+00,2.280266761779785156e+00,2.308175086975097656e+00,2.018594741821289062e+00,2.063294410705566406e+00,1.888594746589660645e+00,1.970554709434509277e+00,1.858433365821838379e+00,1.885390639305114746e+00,2.135597705841064453e+00,1.978596806526184082e+00,1.969717860221862793e+00,2.093507766723632812e+00,2.278981685638427734e+00,2.499125242233276367e+00,2.416671752929687500e+00,2.626797914505004883e+00,2.668187141418457031e+00,2.410617351531982422e+00,2.476868152618408203e+00,2.362998962402343750e+00,2.443481445312500000e+00,2.427742958068847656e+00,2.334833860397338867e+00,2.579278469085693359e+00,2.370555877685546875e+00,2.382786512374877930e+00,2.486078023910522461e+00,2.656053304672241211e+00,2.854976654052734375e+00,2.818166255950927734e+00,3.000538825988769531e+00,3.051595211029052734e+00,2.826781749725341797e+00,2.924434185028076172e+00,2.873801946640014648e+00,2.954685926437377930e+00,3.103234052658081055e+00,2.912927627563476562e+00,3.043594598770141602e+00,2.789207458496093750e+00,2.824893474578857422e+00
2.452214956283569336e+00,2.153265714645385742e+00,1.932313084602355957e+00,1.596332311630249023e+00,1.498403549194335938e+00,1.175971627235412598e+00,8.953690528869628906e-01,5.886971950531005859e-01,3.857308626174926758e-01,0.000000000000000000e+00,3.811509013175964355e-01,6.030385494232177734e-01,8.890962600708007812e-01,1.081283926963806152e+00,1.010117173194885254e+00,1.654746413230895996e+00,1.923625826835632324e+00,2.137364864349365234e+00,1.910147309303283691e+00,2.124337196350097656e+00,2.063385009765625000e+00,1.700107932090759277e+00,1.650644302368164062e+00,1.359540224075317383e+00,1.352029204368591309e+00,1.126525282859802246e+00,1.149151802062988281e+00,1.377244949340820312e+00,1.279645919799804688e+00,1.333217740058898926e+00,1.921617269515991211e+00,2.169948816299438477e+00,2.378515243530273438e+00,2.202763557434082031e+00,2.405297040939331055e+00,2.378282070159912109e+00,2.057006359100341797e+00,2.030782699584960938e+00,1.812640905380249023e+00,1.820707917213439941e+00,1.665665745735168457e+00,1.624094605445861816e+00,1.851479172706604004e+00,1.703096151351928711e+00,1.743651151657104492e+00,2.239903688430786133e+00,2.456793785095214844e+00,2.666639804840087891e+00,2.536487579345703125e+00,2.730693578720092773e+00,2.724936485290527344e+00,2.435215711593627930e+00,2.443861961364746094e+00,2.287521839141845703e+00,2.310343265533447266e+00,2.259454011917114258e+00,2.113109111785888672e+00,2.325463294982910156e+00,2.124200105667114258e+00,2.176143169403076172e+00,2.594513177871704102e+00,2.800123214721679688e+00,2.994360208511352539e+00,2.914045095443725586e+00,3.089503049850463867e+00,3.099613666534423828e+00,2.841857910156250000e+00,2.893746852874755859e+00,2.800487995147705078e+00,2.838693857192993164e+00,2.955147027969360352e+00,2.725974798202514648e+00,2.820751428604125977e+00,2.572851896286010742e+00,2.635354280471801758e+00
2.584362745285034180e+00,2.289376497268676758e+00,2.120976209640502930e+00,1.778351068496704102e+00,1.749954819679260254e+00,1.450501680374145508e+00,1.120991468429565430e+00,8.992786407470703125e-01,5.753982067108154297e-01,3.811509013175964355e-01,0.000000000000000000e+00,3.801738619804382324e-01,6.364088058471679688e-01,8.519811630249023438e-01,8.288040757179260254e-01,1.781943917274475098e+00,2.098890066146850586e+00,2.353124856948852539e+00,2.158294677734375000e+00,2.407400131225585938e+00,2.372663736343383789e+00,2.004417896270751953e+00,1.963383913040161133e+00,1.645527124404907227e+00,1.623767137527465820e+00,1.340611457824707031e+00,1.332522273063659668e+00,1.468091487884521484e+00,1.274667501449584961e+00,1.268907189369201660e+00,2.018207788467407227e+00,2.311228513717651367e+00,2.561763525009155273e+00,2.410763263702392578e+00,2.649518013000488281e+00,2.646984577178955078e+00,2.313317060470581055e+00,2.293747425079345703e+00,2.041712045669555664e+00,2.043673038482666016e+00,1.833554029464721680e+00,1.780946850776672363e+00,1.940898537635803223e+00,1.724382996559143066e+00,1.715355634689331055e+00,2.307578802108764648e+00,2.565574407577514648e+00,2.817003011703491211e+00,2.706838369369506836e+00,2.938476800918579102e+00,2.955274581909179688e+00,2.649844408035278320e+00,2.665864467620849609e+00,2.476942062377929688e+00,2.500639915466308594e+00,2.399582862854003906e+00,2.248450040817260742e+00,2.413614988327026367e+00,2.162515878677368164e+00,2.171255588531494141e+00,2.638101100921630859e+00,2.878025054931640625e+00,3.112169504165649414e+00,3.050368070602416992e+00,3.263215065002441406e+00,3.294706344604492188e+00,3.019293546676635742e+00,3.083621978759765625e+00,2.964613676071166992e+00,3.015514850616455078e+00,3.095382690429687500e+00,2.858038902282714844e+00,2.913798332214355469e+00,2.630141019821166992e+00,2.649148702621459961e+00
2.959450006484985352e+00,2.659566879272460938e+00,2.480491399765014648e+00,2.133636236190795898e+00,2.081399917602539062e+00,1.761051416397094727e+00,1.446895480155944824e+00,1.185153365135192871e+00,8.988735675811767578e-01,6.030385494232177734e-01,3.801738619804382324e-01,0.000000000000000000e+00,3.795093297958374023e-01,7.223534584045410156e-01,8.746725320816040039e-01,2.147724628448486328e+00,2.458590984344482422e+00,2.695031404495239258e+00,2.475690603256225586e+00,2.696889400482177734e+00,2.621331453323364258e+00,2.246640205383300781e+00,2.149541378021240234e+00,1.821947813034057617e+00,1.721743941307067871e+00,1.416819930076599121e+00,1.299267888069152832e+00,1.387981295585632324e+00,1.209201216697692871e+00,1.284782052040100098e+00,2.365370988845825195e+00,2.661945819854736328e+00,2.897568464279174805e+00,2.720951557159423828e+00,2.937247991561889648e+00,2.897667407989501953e+00,2.552717924118041992e+00,2.483589649200439453e+00,2.212688684463500977e+00,2.150471210479736328e+00,1.912688016891479492e+00,1.781391739845275879e+00,1.900683879852294922e+00,1.697881221771240234e+00,1.744805455207824707e+00,2.629631042480468750e+00,2.899408578872680664e+00,3.141351461410522461e+00,3.005192756652832031e+00,3.220619440078735352e+00,3.204357862472534180e+00,2.884273767471313477e+00,2.857082843780517578e+00,2.642644166946411133e+00,2.613982200622558594e+00,2.484652280807495117e+00,2.279092788696289062e+00,2.398497581481933594e+00,2.160528898239135742e+00,2.210995197296142578e+00,2.935307025909423828e+00,3.193559408187866211e+00,3.422696352005004883e+00,3.335282802581787109e+00,3.539020299911499023e+00,3.541072607040405273e+00,3.247644901275634766e+00,3.275252580642700195e+00,3.125477075576782227e+00,3.135905027389526367e+00,3.185801506042480469e+00,2.912257671356201172e+00,2.925781250000000000e+00,2.654093265533447266e+00,2.698626995086669922e+00
3.168308973312377930e+00,2.895580053329467773e+00,2.723317861557006836e+00,2.396075010299682617e+00,2.343699693679809570e+00,2.046724796295166016e+00,1.740489363670349121e+00,1.467969298362731934e+00,1.195340037345886230e+00,8.890962600708007812e-01,6.364088058471679688e-01,3.795093297958374023e-01,0.000000000000000000e+00,3.863781392574310303e-01,6.695439815521240234e-01,2.297988891601562500e+00,2.631688833236694336e+00,2.864507198333740234e+00,2.639564514160156250e+00,2.860754013061523438e+00,2.773751974105834961e+00,2.391281127929687500e+00,2.266741275787353516e+00,1.913112998008728027e+00,1.774523258209228516e+00,1.427696943283081055e+00,1.278779864311218262e+00,1.256564021110534668e+00,1.007566928863525391e+00,1.063319325447082520e+00,2.448234319686889648e+00,2.774560928344726562e+00,3.013873577117919922e+00,2.824002265930175781e+00,3.045426130294799805e+00,2.994802951812744141e+00,2.632314443588256836e+00,2.536935329437255859e+00,2.229495286941528320e+00,2.135288715362548828e+00,1.847266435623168945e+00,1.693054199218750000e+00,1.735412836074829102e+00,1.489015936851501465e+00,1.520250678062438965e+00,2.652295827865600586e+00,2.956168174743652344e+00,3.208253622055053711e+00,3.055908918380737305e+00,3.281849861145019531e+00,3.254954099655151367e+00,2.912977933883666992e+00,2.862600088119506836e+00,2.608712196350097656e+00,2.556002140045166016e+00,2.375454187393188477e+00,2.154127836227416992e+00,2.217724561691284180e+00,1.951500177383422852e+00,1.986932396888732910e+00,2.908784389495849609e+00,3.202208518981933594e+00,3.444578170776367188e+00,3.340822696685791016e+00,3.560238838195800781e+00,3.552490711212158203e+00,3.233616590499877930e+00,3.245000600814819336e+00,3.057619810104370117e+00,3.057828903198242188e+00,3.063090801239013672e+00,2.774498462677001953e+00,2.743023157119750977e+00,2.453543901443481445e+00,2.477874517440795898e+00
3.187947511672973633e+00,2.953014373779296875e+00,2.782699108123779297e+00,2.487885951995849609e+00,2.430233240127563477e+00,2.170566797256469727e+00,1.885587453842163086e+00,1.610452175140380859e+00,1.370822191238403320e+00,1.081283926963806152e+00,8.519811630249023438e-01,7.223534584045410156e-01,3.863781392574310303e-01,0.000000000000000000e+00,3.969358801841735840e-01,2.261610984802246094e+00,2.608913421630859375e+00,2.830983161926269531e+00,2.605189085006713867e+00,2.826889514923095703e+00,2.738956212997436523e+00,2.356803655624389648e+00,2.223193407058715820e+00,1.853314161300659180e+00,1.708777189254760742e+00,1.338034749031066895e+00,1.220626950263977051e+00,1.105795383453369141e+00,7.698280811309814453e-01,7.412431240081787109e-01,2.336993455886840820e+00,2.684371709823608398e+00,2.921087741851806641e+00,2.721496820449829102e+00,2.948226451873779297e+00,2.895388841629028320e+00,2.522702217102050781e+00,2.416778564453125000e+00,2.082127571105957031e+00,1.981715559959411621e+00,1.656911849975585938e+00,1.523704171180725098e+00,1.505110144615173340e+00,1.203095436096191406e+00,1.184007525444030762e+00,2.477725982666015625e+00,2.807172536849975586e+00,3.063242912292480469e+00,2.897697925567626953e+00,3.133486747741699219e+00,3.103304862976074219e+00,2.746499538421630859e+00,2.686102151870727539e+00,2.402969837188720703e+00,2.347092390060424805e+00,2.127178668975830078e+00,1.919354200363159180e+00,1.950084328651428223e+00,1.647454261779785156e+00,1.645755887031555176e+00,2.685397386550903320e+00,3.005330801010131836e+00,3.254628896713256836e+00,3.137034416198730469e+00,3.370124340057373047e+00,3.358638525009155273e+00,3.021691799163818359e+00,3.027635335922241211e+00,2.814509391784667969e+00,2.820640802383422852e+00,2.794134855270385742e+00,2.509323596954345703e+00,2.455407142639160156e+00,2.142392635345458984e+00,2.135323762893676758e+00
2.868276357650756836e+00,2.661458730697631836e+00,2.493219375610351562e+00,2.228166818618774414e+00,2.173131942749023438e+00,1.954476118087768555e+00,1.692204833030700684e+00,1.439632296562194824e+00,1.236359238624572754e+00,1.010117173194885254e+00,8.288040757179260254e-01,8.746725320816040039e-01,6.695439815521240234e-01,3.969358801841735840e-01,0.000000000000000000e+00,1.916119456291198730e+00,2.268499612808227539e+00,2.488642930984497070e+00,2.275090217590332031e+00,2.511196374893188477e+00,2.448575735092163086e+00,2.072448015213012695e+00,1.973425269126892090e+00,1.603014349937438965e+00,1.518406510353088379e+00,1.155183196067810059e+00,1.157460927963256836e+00,1.078293919563293457e+00,7.186010479927062988e-01,5.299107432365417480e-01,1.956751465797424316e+00,2.310885190963745117e+00,2.550889730453491211e+00,2.359241724014282227e+00,2.601682662963867188e+00,2.572119474411010742e+00,2.201860427856445312e+00,2.128013610839843750e+00,1.794432044029235840e+00,1.747703313827514648e+00,1.432682752609252930e+00,1.390906333923339844e+00,1.408512830734252930e+00,1.079827666282653809e+00,9.734642505645751953e-01,2.082263469696044922e+00,2.415763616561889648e+00,2.676615238189697266e+00,2.518518686294555664e+00,2.768821716308593750e+00,2.759575366973876953e+00,2.405654191970825195e+00,2.374825000762939453e+00,2.100117683410644531e+00,2.090861558914184570e+00,1.885398507118225098e+00,1.737920999526977539e+00,1.817052364349365234e+00,1.491878032684326172e+00,1.434244394302368164e+00,2.289938449859619141e+00,2.608584403991699219e+00,2.861179828643798828e+00,2.751960515975952148e+00,2.995810270309448242e+00,3.003053665161132812e+00,2.671374797821044922e+00,2.704844474792480469e+00,2.508873939514160156e+00,2.553885221481323242e+00,2.549217224121093750e+00,2.300474166870117188e+00,2.290001869201660156e+00,1.958459496498107910e+00,1.920307278633117676e+00
1.009410142898559570e+00,9.306106567382812500e-01,7.858427762985229492e-01,8.020378947257995605e-01,8.530996441841125488e-01,1.040548563003540039e+00,1.094523549079895020e+00,1.262135386466979980e+00,1.392893791198730469e+00,1.654746413230895996e+00,1.781943917274475098e+00,2.147724628448486328e+00,2.297988891601562500e+00,2.261610984802246094e+00,1.916119456291198730e+00,0.000000000000000000e+00,3.976791799068450928e-01,7.384439706802368164e-01,7.960622310638427734e-01,1.181365251541137695e+00,1.431815266609191895e+00,1.266975879669189453e+00,1.563193440437316895e+00,1.483769297599792480e+00,1.818545579910278320e+00,1.803801774978637695e+00,2.146846771240234375e+00,2.355999708175659180e+00,2.240013122558593750e+00,2.053046703338623047e+00,4.748110175132751465e-01,5.942884087562561035e-01,9.079304337501525879e-01,9.687276482582092285e-01,1.316125035285949707e+00,1.559013485908508301e+00,1.402446746826171875e+00,1.684798002243041992e+00,1.649217605590820312e+00,1.964328408241271973e+00,1.984381198883056641e+00,2.260812759399414062e+00,2.517014741897583008e+00,2.364411354064941406e+00,2.203208923339843750e+00,9.444925785064697266e-01,9.873083829879760742e-01,1.226519107818603516e+00,1.294263601303100586e+00,1.578199744224548340e+00,1.793791890144348145e+00,1.652131319046020508e+00,1.916008830070495605e+00,1.935035109519958496e+00,2.216361522674560547e+00,2.298112392425537109e+00,2.434390783309936523e+00,2.750129222869873047e+00,2.548673391342163086e+00,2.424650907516479492e+00,1.402613282203674316e+00,1.427317619323730469e+00,1.611533045768737793e+00,1.695618748664855957e+00,1.908504366874694824e+00,2.098601818084716797e+00,1.982949256896972656e+00,2.236810207366943359e+00,2.320419549942016602e+00,2.561034202575683594e+00,2.784540891647338867e+00,2.770591974258422852e+00,3.016578435897827148e+00,2.768664836883544922e+00,2.707447528839111328e+00
7.965692281723022461e-01,7.970662117004394531e-01,5.983491539955139160e-01,7.903613448143005371e-01,7.874365448951721191e-01,1.086176276206970215e+00,1.258122801780700684e+00,1.451852679252624512e+00,1.652541041374206543e+00,1.923625826835632324e+00,2.098890066146850586e+00,2.458590984344482422e+00,2.631688833236694336e+00,2.608913421630859375e+00,2.268499612808227539e+00,3.976791799068450928e-01,0.000000000000000000e+00,3.832665979862213135e-01,5.801103711128234863e-01,9.415314197540283203e-01,1.263264894485473633e+00,1.202837467193603516e+00,1.557099580764770508e+00,1.572959780693054199e+00,1.941075444221496582e+00,1.998313426971435547e+00,2.355735540390014648e+00,2.595893859863281250e+00,2.527094125747680664e+00,2.369143247604370117e+00,6.496237516403198242e-01,4.849802553653717041e-01,6.760372519493103027e-01,8.110181689262390137e-01,1.110771417617797852e+00,1.399093031883239746e+00,1.336434364318847656e+00,1.668220162391662598e+00,1.719825148582458496e+00,2.063684940338134766e+00,2.152073860168457031e+00,2.446877479553222656e+00,2.732071638107299805e+00,2.625393152236938477e+00,2.490300655364990234e+00,1.071273446083068848e+00,9.594657421112060547e-01,1.088755726814270020e+00,1.194356322288513184e+00,1.416690468788146973e+00,1.655821561813354492e+00,1.594303727149963379e+00,1.892261981964111328e+00,1.986510276794433594e+00,2.289983987808227539e+00,2.431185245513916016e+00,2.594465017318725586e+00,2.937408685684204102e+00,2.778421163558959961e+00,2.676761150360107422e+00,1.512326240539550781e+00,1.433130621910095215e+00,1.531987190246582031e+00,1.633441925048828125e+00,1.783951282501220703e+00,1.984091401100158691e+00,1.937736868858337402e+00,2.206456899642944336e+00,2.350803852081298828e+00,2.598879337310791016e+00,2.863903760910034180e+00,2.885241031646728516e+00,3.168891668319702148e+00,2.958346366882324219e+00,2.921166896820068359e+00
9.742921590805053711e-01,1.045890808105468750e+00,8.020947575569152832e-01,1.050527334213256836e+00,9.345991611480712891e-01,1.251478075981140137e+00,1.493983149528503418e+00,1.643191576004028320e+00,1.898675799369812012e+00,2.137364864349365234e+00,2.353124856948852539e+00,2.695031404495239258e+00,2.864507198333740234e+00,2.830983161926269531e+00,2.488642930984497070e+00,7.384439706802368164e-01,3.832665979862213135e-01,0.000000000000000000e+00,3.766362071037292480e-01,6.413366794586181641e-01,1.010200500488281250e+00,1.058766841888427734e+00,1.438676238059997559e+00,1.540229201316833496e+00,1.924213886260986328e+00,2.048667192459106445e+00,2.420555830001831055e+00,2.673299789428710938e+00,2.653477191925048828e+00,2.522339105606079102e+00,8.411133885383605957e-01,5.420926213264465332e-01,4.684857130050659180e-01,5.888327360153198242e-01,8.001149892807006836e-01,1.111756682395935059e+00,1.138212323188781738e+00,1.500091195106506348e+00,1.629569649696350098e+00,1.991677641868591309e+00,2.143237829208374023e+00,2.458461761474609375e+00,2.760641574859619141e+00,2.703763723373413086e+00,2.595802068710327148e+00,1.161219000816345215e+00,9.527837634086608887e-01,9.351969361305236816e-01,1.010843515396118164e+00,1.145629286766052246e+00,1.378805398941040039e+00,1.385265469551086426e+00,1.699167728424072266e+00,1.858530759811401367e+00,2.174798965454101562e+00,2.369009494781494141e+00,2.560283422470092773e+00,2.923351287841796875e+00,2.811589479446411133e+00,2.735189676284790039e+00,1.553758859634399414e+00,1.410260915756225586e+00,1.409067511558532715e+00,1.477040648460388184e+00,1.551433324813842773e+00,1.731340765953063965e+00,1.737741827964782715e+00,2.002830505371093750e+00,2.195497751235961914e+00,2.441815137863159180e+00,2.740491867065429688e+00,2.794759035110473633e+00,3.111395359039306641e+00,2.942703723907470703e+00,2.933843374252319336e+00
1.296333789825439453e+00,1.283262372016906738e+00,9.665822982788085938e-01,1.102968454360961914e+00,8.711050152778625488e-01,1.112242460250854492e+00,1.362758159637451172e+00,1.430690526962280273e+00,1.719819188117980957e+00,1.910147309303283691e+00,2.158294677734375000e+00,2.475690603256225586e+00,2.639564514160156250e+00,2.605189085006713867e+00,2.275090217590332031e+00,7.960622310638427734e-01,5.801103711128234863e-01,3.766362071037292480e-01,0.000000000000000000e+00,3.855134248733520508e-01,6.854143142700195312e-01,6.830849647521972656e-01,1.062510371208190918e+00,1.177381277084350586e+00,1.562304615974426270e+00,1.713240265846252441e+00,2.084290266036987305e+00,2.349465847015380859e+00,2.364539861679077148e+00,2.270693063735961914e+00,9.042491316795349121e-01,7.294273376464843750e-01,6.418584585189819336e-01,5.064620375633239746e-01,6.612020134925842285e-01,8.666222095489501953e-01,8.275404572486877441e-01,1.163363814353942871e+00,1.294726014137268066e+00,1.644641399383544922e+00,1.813590168952941895e+00,2.117916822433471680e+00,2.436608076095581055e+00,2.410174369812011719e+00,2.341303110122680664e+00,1.213106870651245117e+00,1.084979772567749023e+00,1.057118535041809082e+00,9.926978945732116699e-01,1.085647344589233398e+00,1.221056580543518066e+00,1.168328762054443359e+00,1.432121515274047852e+00,1.578867197036743164e+00,1.866095185279846191e+00,2.070954084396362305e+00,2.238464832305908203e+00,2.611197948455810547e+00,2.523091793060302734e+00,2.486377716064453125e+00,1.598098516464233398e+00,1.519789218902587891e+00,1.511970639228820801e+00,1.485636234283447266e+00,1.536165595054626465e+00,1.636313319206237793e+00,1.591416835784912109e+00,1.802277684211730957e+00,1.968877196311950684e+00,2.176136016845703125e+00,2.478261947631835938e+00,2.503859281539916992e+00,2.820275306701660156e+00,2.667620182037353516e+00,2.697020053863525391e+00
1.577050924301147461e+00,1.583398818969726562e+00,1.250189781188964844e+00,1.400969862937927246e+00,1.112155675888061523e+00,1.329457283020019531e+00,1.620557188987731934e+00,1.644792675971984863e+00,1.971110224723815918e+00,2.124337196350097656e+00,2.407400131225585938e+00,2.696889400482177734e+00,2.860754013061523438e+00,2.826889514923095703e+00,2.511196374893188477e+00,1.181365251541137695e+00,9.415314197540283203e-01,6.413366794586181641e-01,3.855134248733520508e-01,0.000000000000000000e+00,3.884411156177520752e-01,5.954142808914184570e-01,9.596359133720397949e-01,1.188978314399719238e+00,1.559761404991149902e+00,1.785454034805297852e+00,2.148129701614379883e+00,2.427553892135620117e+00,2.501528024673461914e+00,2.450391530990600586e+00,1.246383309364318848e+00,1.037721276283264160e+00,8.198447823524475098e-01,6.136664748191833496e-01,5.103148818016052246e-01,6.162477731704711914e-01,7.058821916580200195e-01,1.028625249862670898e+00,1.259851694107055664e+00,1.597510457038879395e+00,1.836992144584655762e+00,2.138733386993408203e+00,2.474875688552856445e+00,2.509497642517089844e+00,2.484405040740966797e+00,1.481478571891784668e+00,1.314240097999572754e+00,1.176764011383056641e+00,1.047212243080139160e+00,9.945991039276123047e-01,1.045349955558776855e+00,1.064885973930358887e+00,1.298533797264099121e+00,1.515785336494445801e+00,1.786279201507568359e+00,2.049601078033447266e+00,2.225697994232177734e+00,2.613849163055419922e+00,2.584732770919799805e+00,2.590344667434692383e+00,1.809451937675476074e+00,1.699448227882385254e+00,1.607680797576904297e+00,1.524359941482543945e+00,1.476729273796081543e+00,1.508497714996337891e+00,1.509995341300964355e+00,1.677640795707702637e+00,1.884688854217529297e+00,2.061598539352416992e+00,2.397479534149169922e+00,2.443280220031738281e+00,2.787358760833740234e+00,2.687823057174682617e+00,2.760867834091186523e+00
1.938370704650878906e+00,1.904166817665100098e+00,1.546684622764587402e+00,1.628198981285095215e+00,1.288515925407409668e+00,1.415281772613525391e+00,1.692625999450683594e+00,1.631214022636413574e+00,1.974429488182067871e+00,2.063385009765625000e+00,2.372663736343383789e+00,2.621331453323364258e+00,2.773751974105834961e+00,2.738956212997436523e+00,2.448575735092163086e+00,1.431815266609191895e+00,1.263264894485473633e+00,1.010200500488281250e+00,6.854143142700195312e-01,3.884411156177520752e-01,0.000000000000000000e+00,3.836224079132080078e-01,6.532694697380065918e-01,9.601356983184814453e-01,1.294828295707702637e+00,1.575175523757934570e+00,1.917593002319335938e+00,2.205974340438842773e+00,2.334711313247680664e+00,2.335954666137695312e+00,1.488268256187438965e+00,1.349860310554504395e+00,1.148342013359069824e+00,8.553876280784606934e-01,6.729057431221008301e-01,5.208435654640197754e-01,5.552368164062500000e-01,7.610331773757934570e-01,1.034477233886718750e+00,1.326135993003845215e+00,1.608258247375488281e+00,1.884712934494018555e+00,2.236095666885375977e+00,2.323920726776123047e+00,2.353661537170410156e+00,1.690475940704345703e+00,1.579334020614624023e+00,1.439310550689697266e+00,1.221424937248229980e+00,1.111483454704284668e+00,1.020002841949462891e+00,9.898921847343444824e-01,1.114398598670959473e+00,1.329595327377319336e+00,1.541221261024475098e+00,1.830710172653198242e+00,1.976755380630493164e+00,2.371665477752685547e+00,2.389127969741821289e+00,2.449218273162841797e+00,1.985923767089843750e+00,1.923674225807189941e+00,1.822943568229675293e+00,1.664056420326232910e+00,1.581631660461425781e+00,1.515960812568664551e+00,1.474981665611267090e+00,1.554496169090270996e+00,1.733451485633850098e+00,1.846155166625976562e+00,2.187961816787719727e+00,2.206686735153198242e+00,2.552634000778198242e+00,2.490010261535644531e+00,2.614745140075683594e+00
