,A1,A2,A3,A4,A5,A6,A7,A8,A9,A10,A11,A12,A13,A14,A15,B1,B2,B3,B4,B5,B6,B7,B8,B9,B10,B11,B12,B13,B14,B15,C1,C2,C3,C4,C5,C6,C7,C8,C9,C10,C11,C12,C13,C14,C15,D1,D2,D3,D4,D5,D6,D7,D8,D9,D10,D11,D12,D13,D14,D15,E1,E2,E3,E4,E5,E6,E7,E8,E9,E10,E11,E12,E13,E14,E15
A1,0.0,0.3862398564815521,0.6958657503128052,0.8892428874969482,1.2231425046920776,1.5110740661621094,1.774856448173523,2.019092082977295,2.3226916790008545,2.565213680267334,2.875406503677368,3.1898107528686523,3.3930647373199463,3.4169230461120605,3.7725095748901367,5.1497297286987305,5.48459529876709,5.482565879821777,5.8379292488098145,6.135003566741943,6.314128875732422,6.309467315673828,6.551507472991943,6.5952677726745605,6.793499946594238,7.0412116050720215,7.130004405975342,7.1219024658203125,6.906824588775635,6.716334819793701,5.714945316314697,5.634896755218506,5.9335737228393555,6.2811384201049805,6.431766033172607,6.469773769378662,6.633945941925049,6.640045166015625,6.875695705413818,6.777864456176758,7.086651802062988,6.9600934982299805,6.849454402923584,6.538548946380615,6.350909233093262,4.967674732208252,4.668127536773682,4.338427543640137,4.231193542480469,4.235839366912842,4.337159156799316,4.627264022827148,4.7171149253845215,5.083948135375977,5.167128086090088,5.549929618835449,5.6934967041015625,5.750482082366943,5.635085582733154,5.38068151473999,3.9566192626953125,3.670480489730835,3.4708127975463867,3.119567632675171,2.840041160583496,2.736349582672119,2.8170361518859863,2.5491702556610107,2.7641654014587402,2.501621961593628,2.7291219234466553,2.702080488204956,2.6396565437316895,2.9468846321105957,2.8808090686798096
A2,0.3862398564815521,0.0,0.35944807529449463,0.6147904992103577,0.891399621963501,1.2194464206695557,1.4840015172958374,1.7619153261184692,2.0600993633270264,2.325425624847412,2.634007692337036,2.9460039138793945,3.1759145259857178,3.2350375652313232,3.594512939453125,4.95180082321167,5.281444072723389,5.259805202484131,5.610629081726074,5.905880451202393,6.079703330993652,6.067590713500977,6.320477485656738,6.353787422180176,6.561949253082275,6.802487850189209,6.893024921417236,6.890243053436279,6.675462245941162,6.500090599060059,5.49699068069458,5.4068474769592285,5.6942572593688965,6.047021865844727,6.206440448760986,6.235625743865967,6.414024353027344,6.414258003234863,6.662296772003174,6.565041542053223,6.88291072845459,6.7641496658325195,6.670757293701172,6.370731353759766,6.196898937225342,4.7987494468688965,4.517940044403076,4.180553436279297,4.053276062011719,4.074328422546387,4.153334140777588,4.45637321472168,4.5264997482299805,4.899425983428955,4.976818084716797,5.3616533279418945,5.511794090270996,5.587064743041992,5.4918599128723145,5.257269859313965,3.8114943504333496,3.546926975250244,3.3190057277679443,2.9822561740875244,2.6800756454467773,2.5348310470581055,2.6158905029296875,2.3201894760131836,2.5265142917633057,2.267699718475342,2.477476119995117,2.4878342151641846,2.4129586219787598,2.7388691902160645,2.6950995922088623
A3,0.6958657503128052,0.35944807529449463,0.0,0.39275071024894714,0.5742692947387695,0.9031283259391785,1.1370487213134766,1.4368033409118652,1.7178138494491577,1.9975013732910156,2.3106629848480225,2.6115803718566895,2.854464530944824,2.932769536972046,3.2946789264678955,4.6264495849609375,4.951857566833496,4.9207563400268555,5.271302700042725,5.563140869140625,5.732423305511475,5.716193675994873,5.970958232879639,6.000816345214844,6.21130895614624,6.450200080871582,6.542243480682373,6.542733192443848,6.330516338348389,6.160928249359131,5.152342796325684,5.061508655548096,5.346843242645264,5.701972961425781,5.867251396179199,5.898289203643799,6.083366394042969,6.087596893310547,6.342105865478516,6.252061367034912,6.575741767883301,6.466972827911377,6.383240222930908,6.089874267578125,5.917928695678711,4.490349769592285,4.219637393951416,3.8825509548187256,3.7529468536376953,3.792593002319336,3.8690881729125977,4.183528900146484,4.253355026245117,4.629221439361572,4.716758728027344,5.101250648498535,5.266186237335205,5.358785629272461,5.2816290855407715,5.059650897979736,3.5723516941070557,3.316258192062378,3.066041946411133,2.7457997798919678,2.440883159637451,2.2814247608184814,2.391847610473633,2.094231128692627,2.322977304458618,2.098219156265259,2.322580575942993,2.385016918182373,2.337862968444824,2.6876108646392822,2.6910083293914795
A4,0.8892428874969482,0.6147904992103577,0.39275071024894714,0.0,0.3901996314525604,0.637863278388977,0.9546161890029907,1.1815484762191772,1.5108120441436768,1.7513545751571655,2.0461838245391846,2.375234842300415,2.5981056690216064,2.6607139110565186,3.0168817043304443,4.392556190490723,4.725718021392822,4.70937967300415,5.053698539733887,5.358972072601318,5.547675132751465,5.552790641784668,5.817009449005127,5.866627216339111,6.090624809265137,6.341818332672119,6.454660415649414,6.476171493530273,6.283320426940918,6.124018669128418,5.070209980010986,5.003665447235107,5.296052932739258,5.658817768096924,5.8453192710876465,5.896183967590332,6.09419584274292,6.119183540344238,6.384575843811035,6.316522121429443,6.649381637573242,6.561429977416992,6.488710880279541,6.202883243560791,6.022802352905273,4.519870758056641,4.256083011627197,3.9331507682800293,3.8248109817504883,3.899655342102051,3.991060972213745,4.320564270019531,4.402975082397461,4.78005838394165,4.889153480529785,5.271073341369629,5.4575910568237305,5.569385528564453,5.509922981262207,5.2965850830078125,3.7591774463653564,3.5018513202667236,3.232630968093872,2.933380603790283,2.6426234245300293,2.4845352172851562,2.634899616241455,2.342801570892334,2.5886270999908447,2.39343523979187,2.613860845565796,2.7116198539733887,2.662233352661133,3.0189387798309326,3.031362533569336
A5,1.2231425046920776,0.891399621963501,0.5742692947387695,0.3901996314525604,0.0,0.37449365854263306,0.6534737944602966,0.9440063834190369,1.240839958190918,1.517276406288147,1.8097363710403442,2.1219921112060547,2.380275249481201,2.4904847145080566,2.84749174118042,4.173584461212158,4.497334957122803,4.45690393447876,4.7971367835998535,5.096266269683838,5.274755954742432,5.268248081207275,5.540511131286621,5.576625823974609,5.80750846862793,6.049647808074951,6.161319255828857,6.185577869415283,5.991850852966309,5.8465776443481445,4.798839092254639,4.720398902893066,5.000253200531006,5.366262435913086,5.559272766113281,5.600954055786133,5.811220645904541,5.83046817779541,6.106347560882568,6.039379119873047,6.379550457000732,6.299788475036621,6.243717670440674,5.969742298126221,5.803358554840088,4.295593738555908,4.05373477935791,3.726574420928955,3.5992939472198486,3.691678047180176,3.76074481010437,4.100402355194092,4.164531230926514,4.543898582458496,4.6496477127075195,5.030066013336182,5.224387168884277,5.35473108291626,5.316791534423828,5.124598503112793,3.5776472091674805,3.346194267272949,3.051989793777466,2.778080463409424,2.4761126041412354,2.2823843955993652,2.439955472946167,2.1361117362976074,2.375349998474121,2.208033561706543,2.4126672744750977,2.558284282684326,2.515826463699341,2.883341073989868,2.9317989349365234
A6,1.5110740661621094,1.2194464206695557,0.9031283259391785,0.637863278388977,0.37449365854263306,0.0,0.37562522292137146,0.5798279047012329,0.9065766930580139,1.1564533710479736,1.44332754611969,1.7668942213058472,2.0146098136901855,2.1219215393066406,2.477019786834717,3.81504225730896,4.142133712768555,4.110274314880371,4.448792457580566,4.754131317138672,4.9429850578308105,4.949536323547363,5.22466516494751,5.274956226348877,5.512080669403076,5.763691425323486,5.889273643493652,5.927734851837158,5.7491912841796875,5.609524726867676,4.529631614685059,4.471695899963379,4.758768558502197,5.128775596618652,5.336863994598389,5.397366523742676,5.615231990814209,5.654496192932129,5.936918258666992,5.8909454345703125,6.237101078033447,6.1767401695251465,6.129130840301514,5.862460136413574,5.687343597412109,4.11754035949707,3.883887767791748,3.572913646697998,3.4680910110473633,3.593815326690674,3.6796576976776123,4.030357360839844,4.110808849334717,4.487316608428955,4.618138790130615,4.992654800415039,5.209835052490234,5.358715057373047,5.339151382446289,5.156103134155273,3.566131114959717,3.3358685970306396,3.0266568660736084,2.781374931335449,2.5045132637023926,2.324728012084961,2.5285656452178955,2.251335859298706,2.5160741806030273,2.39766001701355,2.615067958831787,2.797940969467163,2.782707691192627,3.1567370891571045,3.2337582111358643
A7,1.774856448173523,1.4840015172958374,1.1370487213134766,0.9546161890029907,0.6534737944602966,0.37562522292137146,0.0,0.3907706141471863,0.5972480177879333,0.9071620106697083,1.2156633138656616,1.494420051574707,1.7704660892486572,1.9129623174667358,2.2707712650299072,3.541857957839966,3.859945297241211,3.8121399879455566,4.1554741859436035,4.449891567230225,4.62462043762207,4.617709636688232,4.888147830963135,4.928393363952637,5.160263538360596,5.407190322875977,5.5261993408203125,5.559536933898926,5.3772783279418945,5.237332820892334,4.165647506713867,4.100982189178467,4.386473655700684,4.755812168121338,4.962278842926025,5.02174186706543,5.24019193649292,5.280426025390625,5.564215660095215,5.521568298339844,5.8694586753845215,5.814508438110352,5.771977424621582,5.510182857513428,5.336883544921875,3.7581193447113037,3.534475326538086,3.224780797958374,3.117462635040283,3.257664203643799,3.3414506912231445,3.6975038051605225,3.7796356678009033,4.154158115386963,4.2950119972229,4.665510654449463,4.894227981567383,5.055310249328613,5.050124168395996,4.87824010848999,3.2727389335632324,3.05519437789917,2.732318639755249,2.514148235321045,2.250657320022583,2.0710856914520264,2.304556131362915,2.0527665615081787,2.3345048427581787,2.2681968212127686,2.499354839324951,2.7198712825775146,2.7455179691314697,3.1241695880889893,3.2440645694732666
A8,2.019092082977295,1.7619153261184692,1.4368033409118652,1.1815484762191772,0.9440063834190369,0.5798279047012329,0.3907706141471863,0.0,0.377979040145874,0.577186644077301,0.8747988939285278,1.1948162317276,1.4368250370025635,1.5568633079528809,1.9125266075134277,3.2353086471557617,3.5632219314575195,3.5371923446655273,3.8769068717956543,4.1850972175598145,4.381161212921143,4.399425029754639,4.6742143630981445,4.739890098571777,4.981105804443359,5.243603229522705,5.384105682373047,5.43835973739624,5.278865337371826,5.145392417907715,4.02938985824585,3.9982409477233887,4.294565677642822,4.667473316192627,4.893431186676025,4.979671478271484,5.205499172210693,5.272548198699951,5.561751842498779,5.545456409454346,5.897849082946777,5.86519193649292,5.829826354980469,5.575570583343506,5.389713764190674,3.744741439819336,3.528207540512085,3.244903802871704,3.1733756065368652,3.3481147289276123,3.456105947494507,3.817854166030884,3.9213032722473145,4.288183212280273,4.455520153045654,4.816804885864258,5.0664825439453125,5.242081642150879,5.251150131225586,5.084865093231201,3.4534571170806885,3.233360767364502,2.907301902770996,2.7165913581848145,2.4875595569610596,2.3350255489349365,2.5998969078063965,2.3759868144989014,2.669433832168579,2.6294314861297607,2.8638713359832764,3.0965921878814697,3.129387378692627,3.5079290866851807,3.6324760913848877
A9,2.3226916790008545,2.0600993633270264,1.7178138494491577,1.5108120441436768,1.240839958190918,0.9065766930580139,0.5972480177879333,0.377979040145874,0.0,0.35353168845176697,0.6631886959075928,0.9024990200996399,1.1878260374069214,1.3644392490386963,1.7149807214736938,2.945972204208374,3.2631232738494873,3.217611789703369,3.5613059997558594,3.858771800994873,4.0411200523376465,4.046642303466797,4.319227695465088,4.375637054443359,4.614564895629883,4.873025417327881,5.009959697723389,5.062779903411865,4.902790546417236,4.772887229919434,3.6588213443756104,3.623986005783081,3.9180006980895996,4.29160213470459,4.520473957061768,4.608129978179932,4.8380303382873535,4.9090728759765625,5.202149391174316,5.193369388580322,5.548891544342041,5.526353359222412,5.500166416168213,5.254669666290283,5.071939945220947,3.4124107360839844,3.2135469913482666,2.9378786087036133,2.867511510848999,3.065845012664795,3.170541763305664,3.5369925498962402,3.6412453651428223,4.002248764038086,4.181633949279785,4.534836292266846,4.798452377319336,4.989796161651611,5.017904758453369,4.867524147033691,3.2333579063415527,3.0335466861724854,2.6954610347747803,2.545511484146118,2.340453624725342,2.192531108856201,2.481534481048584,2.291330337524414,2.5892391204833984,2.6020567417144775,2.8384995460510254,3.1035614013671875,3.169168710708618,3.545483112335205,3.7062196731567383
A10,2.565213680267334,2.325425624847412,1.9975013732910156,1.7513545751571655,1.517276406288147,1.1564533710479736,0.9071620106697083,0.577186644077301,0.35353168845176697,0.0,0.3379872143268585,0.628039538860321,0.8657014966011047,1.024586796760559,1.374184012413025,2.6587629318237305,2.9862351417541504,2.9641642570495605,3.3043034076690674,3.6153793334960938,3.8192386627197266,3.8507301807403564,4.126242160797119,4.2087907791137695,4.455777168273926,4.72934103012085,4.887135982513428,4.9603142738342285,4.823638916015625,4.700271129608154,3.548182249069214,3.5486438274383545,3.8517818450927734,4.226078033447266,4.472616195678711,4.5865678787231445,4.821725368499756,4.918689727783203,5.214832305908203,5.231423377990723,5.588985919952393,5.5875043869018555,5.567753791809082,5.330491065979004,5.136752128601074,3.428657293319702,3.239415168762207,2.994356870651245,2.960325241088867,3.1871018409729004,3.313042163848877,3.6790621280670166,3.801989793777466,4.15192985534668,4.35365629196167,4.695551872253418,4.975844383239746,5.178290367126465,5.218213081359863,5.073063850402832,3.4319305419921875,3.231940269470215,2.8979244232177734,2.772491931915283,2.5989670753479004,2.4760117530822754,2.7821919918060303,2.613551378250122,2.916656494140625,2.9442014694213867,3.1824257373809814,3.452273368835449,3.521444082260132,3.8973002433776855,4.059343338012695
A11,2.875406503677368,2.634007692337036,2.3106629848480225,2.0461838245391846,1.8097363710403442,1.44332754611969,1.2156633138656616,0.8747988939285278,0.6631886959075928,0.3379872143268585,0.0,0.3832421600818634,0.5948188900947571,0.801256000995636,1.1197528839111328,2.395972967147827,2.724200963973999,2.7055320739746094,3.0340352058410645,3.355546474456787,3.5749218463897705,3.624953269958496,3.9121475219726562,4.0098724365234375,4.272059917449951,4.552044868469238,4.729795932769775,4.82548189163208,4.7109055519104,4.6064019203186035,3.430178642272949,3.454185962677002,3.7521584033966064,4.12800931930542,4.3953857421875,4.524493217468262,4.773231506347656,4.887235641479492,5.19260311126709,5.230735778808594,5.593402862548828,5.614412307739258,5.611323356628418,5.389829158782959,5.198166847229004,3.4664340019226074,3.303849697113037,3.0847418308258057,3.066067934036255,3.3212673664093018,3.445507764816284,3.812023162841797,3.934385061264038,4.273650646209717,4.486249923706055,4.81595516204834,5.10984468460083,5.3291473388671875,5.388704299926758,5.25969123840332,3.6295580863952637,3.4468789100646973,3.109193801879883,3.014622449874878,2.85794734954834,2.7347919940948486,3.044870138168335,2.885754108428955,3.1788346767425537,3.2230608463287354,3.4467804431915283,3.7316763401031494,3.7980313301086426,4.170951843261719,4.339760780334473
A12,3.1898107528686523,2.9460039138793945,2.6115803718566895,2.375234842300415,2.1219921112060547,1.7668942213058472,1.494420051574707,1.1948162317276,0.9024990200996399,0.628039538860321,0.3832421600818634,0.0,0.364875853061676,0.6953026056289673,0.9570541977882385,2.070827007293701,2.3877696990966797,2.3494250774383545,2.6837785243988037,2.9962871074676514,3.205087661743164,3.247082233428955,3.5327675342559814,3.6272706985473633,3.8890929222106934,4.168909549713135,4.34829044342041,4.447834014892578,4.339522361755371,4.241086483001709,3.0588643550872803,3.090785264968872,3.387516975402832,3.7627649307250977,4.0378031730651855,4.1759233474731445,4.4292893409729,4.554563522338867,4.863114833831787,4.915968894958496,5.280271530151367,5.317088603973389,5.324954986572266,5.116038799285889,4.926191329956055,3.184908151626587,3.048722505569458,2.8530099391937256,2.8475236892700195,3.1294994354248047,3.253305435180664,3.6164705753326416,3.742525339126587,4.067161560058594,4.294609546661377,4.609106063842773,4.917505741119385,5.15220832824707,5.231911659240723,5.120292663574219,3.5120763778686523,3.3528456687927246,3.0149197578430176,2.966374397277832,2.8431882858276367,2.734531879425049,3.057222604751587,2.9349849224090576,3.224794864654541,3.3118631839752197,3.534315824508667,3.8393895626068115,3.9321789741516113,4.2990007400512695,4.494985103607178
A13,3.3930647373199463,3.1759145259857178,2.854464530944824,2.5981056690216064,2.380275249481201,2.0146098136901855,1.7704660892486572,1.4368250370025635,1.1878260374069214,0.8657014966011047,0.5948188900947571,0.364875853061676,0.0,0.366436243057251,0.5921825766563416,1.81135094165802,2.146908760070801,2.1560239791870117,2.4888710975646973,2.8163344860076904,3.0521228313446045,3.1288645267486572,3.406073570251465,3.536447286605835,3.7970070838928223,4.095766067504883,4.294435024261475,4.410924434661865,4.327601432800293,4.227195739746094,3.0193583965301514,3.0964529514312744,3.4059548377990723,3.7729411125183105,4.057199954986572,4.22610330581665,4.473565101623535,4.626986503601074,4.9291157722473145,5.006149768829346,5.36544132232666,5.418522357940674,5.4240007400512695,5.2186970710754395,5.012476921081543,3.2449474334716797,3.109562635421753,2.9496946334838867,2.987974166870117,3.2822930812835693,3.4346532821655273,3.7886345386505127,3.9397385120391846,4.250567436218262,4.499203681945801,4.802042484283447,5.121313095092773,5.357402801513672,5.439141750335693,5.324321746826172,3.7184417247772217,3.549595355987549,3.226609706878662,3.188145399093628,3.0932133197784424,3.015223264694214,3.3508667945861816,3.24653697013855,3.5483784675598145,3.639045238494873,3.874333143234253,4.1734843254089355,4.2729082107543945,4.641628265380859,4.834826469421387
A14,3.4169230461120605,3.2350375652313232,2.932769536972046,2.6607139110565186,2.4904847145080566,2.1219215393066406,1.9129623174667358,1.5568633079528809,1.3644392490386963,1.024586796760559,0.801256000995636,0.6953026056289673,0.366436243057251,0.0,0.3645380139350891,1.7924772500991821,2.1455838680267334,2.2161459922790527,2.5468907356262207,2.8818962574005127,3.1384170055389404,3.2437946796417236,3.501293182373047,3.6624529361724854,3.9100165367126465,4.224812030792236,4.431352615356445,4.551352024078369,4.480910778045654,4.364992141723633,3.1493048667907715,3.258680582046509,3.584993362426758,3.9412992000579834,4.220381736755371,4.411823749542236,4.643152236938477,4.814962387084961,5.103612899780273,5.191457271575928,5.5418314933776855,5.596301078796387,5.586699962615967,5.3732008934021,5.146520137786865,3.3646528720855713,3.207845449447632,3.067641258239746,3.1427783966064453,3.4299089908599854,3.6149909496307373,3.960116147994995,4.13860559463501,4.443881034851074,4.707223892211914,5.007701873779297,5.328919410705566,5.554283618927002,5.623298645019531,5.492228031158447,3.8770391941070557,3.6837048530578613,3.379047155380249,3.3278720378875732,3.2502315044403076,3.2032244205474854,3.5488979816436768,3.4534480571746826,3.773136854171753,3.8529610633850098,4.108674049377441,4.390871047973633,4.49409818649292,4.866983413696289,5.0487847328186035
A15,3.7725095748901367,3.594512939453125,3.2946789264678955,3.0168817043304443,2.84749174118042,2.477019786834717,2.2707712650299072,1.9125266075134277,1.7149807214736938,1.374184012413025,1.1197528839111328,0.9570541977882385,0.5921825766563416,0.3645380139350891,0.0,1.4908655881881714,1.848131775856018,1.9531515836715698,2.267345905303955,2.611360549926758,2.8895134925842285,3.0256919860839844,3.280888319015503,3.470100164413452,3.7230112552642822,4.048309803009033,4.275786876678467,4.418283939361572,4.376631736755371,4.274426460266113,3.051565170288086,3.1985113620758057,3.520225763320923,3.8665146827697754,4.160153388977051,4.374495983123779,4.609225273132324,4.804268836975098,5.093012809753418,5.206401348114014,5.554618835449219,5.632095813751221,5.633695602416992,5.435517311096191,5.206051826477051,3.4256627559661865,3.2944865226745605,3.1915197372436523,3.2913362979888916,3.5968573093414307,3.7868974208831787,4.123020648956299,4.307900428771973,4.595951557159424,4.872647285461426,5.156421184539795,5.489128589630127,5.725616931915283,5.8096418380737305,5.690608501434326,4.101135730743408,3.920734405517578,3.622701406478882,3.5979678630828857,3.541426658630371,3.5037147998809814,3.8532049655914307,3.7721729278564453,4.088082790374756,4.18277645111084,4.434138774871826,4.72477388381958,4.832657337188721,5.2034478187561035,5.392451286315918
B1,5.1497297286987305,4.95180082321167,4.6264495849609375,4.392556190490723,4.173584461212158,3.81504225730896,3.541857957839966,3.2353086471557617,2.945972204208374,2.6587629318237305,2.395972967147827,2.070827007293701,1.81135094165802,1.7924772500991821,1.4908655881881714,0.0,0.3589117228984833,0.5803694128990173,0.8514600992202759,1.1740318536758423,1.4789024591445923,1.689843773841858,1.9121965169906616,2.1777286529541016,2.431090831756592,2.775899887084961,3.0585381984710693,3.2686281204223633,3.3267412185668945,3.286879539489746,2.1406919956207275,2.41194224357605,2.675940990447998,2.9545490741729736,3.2854561805725098,3.5689103603363037,3.8081815242767334,4.07750129699707,4.357517242431641,4.562833786010742,4.891696453094482,5.058621883392334,5.116220951080322,4.997004985809326,4.78447961807251,3.1570327281951904,3.173617362976074,3.2208638191223145,3.381507158279419,3.7397103309631348,3.9102954864501953,4.185211658477783,4.368486404418945,4.563922882080078,4.87630033493042,5.0716233253479,5.438830852508545,5.7209367752075195,5.878190040588379,5.831457614898682,4.449235439300537,4.361118316650391,4.099373817443848,4.209170818328857,4.245372295379639,4.241754055023193,4.587965965270996,4.593867301940918,4.874917507171631,5.062336444854736,5.289203643798828,5.620819091796875,5.778903007507324,6.12434720993042,6.373565673828125
B2,5.48459529876709,5.281444072723389,4.951857566833496,4.725718021392822,4.497334957122803,4.142133712768555,3.859945297241211,3.5632219314575195,3.2631232738494873,2.9862351417541504,2.724200963973999,2.3877696990966797,2.146908760070801,2.1455838680267334,1.848131775856018,0.3589117228984833,0.0,0.37022992968559265,0.5442364811897278,0.8379346132278442,1.1529487371444702,1.396732211112976,1.6042366027832031,1.8956067562103271,2.148862361907959,2.4944071769714355,2.79439377784729,3.0267045497894287,3.1172425746917725,3.1020374298095703,2.017427682876587,2.3152475357055664,2.5472631454467773,2.7970311641693115,3.134068489074707,3.430713176727295,3.6698014736175537,3.9547340869903564,4.2302350997924805,4.457996368408203,4.778737545013428,4.968599319458008,5.042757987976074,4.947020530700684,4.744091987609863,3.1911048889160156,3.2464253902435303,3.325577735900879,3.491863965988159,3.853912353515625,4.0132598876953125,4.269845962524414,4.446680068969727,4.617768287658691,4.932518482208252,5.104350566864014,5.475399971008301,5.766706466674805,5.941092014312744,5.913233757019043,4.5940423011779785,4.528689384460449,4.2767252922058105,4.41229248046875,4.4640655517578125,4.464218616485596,4.804655075073242,4.825829029083252,5.095840930938721,5.299701690673828,5.518136024475098,5.856546401977539,6.022446632385254,6.360653877258301,6.620919227600098
B3,5.482565879821777,5.259805202484131,4.9207563400268555,4.70937967300415,4.45690393447876,4.110274314880371,3.8121399879455566,3.5371923446655273,3.217611789703369,2.9641642570495605,2.7055320739746094,2.3494250774383545,2.1560239791870117,2.2161459922790527,1.9531515836715698,0.5803694128990173,0.37022992968559265,0.0,0.3771930932998657,0.6676379442214966,0.9408949613571167,1.1332331895828247,1.3967467546463013,1.6441125869750977,1.930611252784729,2.261155843734741,2.5580813884735107,2.7923572063446045,2.8715033531188965,2.8802995681762695,1.7948715686798096,2.0663328170776367,2.2736406326293945,2.535501003265381,2.8872647285461426,3.1651926040649414,3.4257915019989014,3.69685697555542,3.9883735179901123,4.211060523986816,4.541227340698242,4.7351274490356445,4.828078746795654,4.745005130767822,4.563991546630859,3.0403642654418945,3.126224994659424,3.197309732437134,3.335355281829834,3.703129529953003,3.832340717315674,4.088571548461914,4.240738391876221,4.407606601715088,4.710602283477783,4.876670837402344,5.246970176696777,5.549609661102295,5.739078044891357,5.7298078536987305,4.442117691040039,4.402678489685059,4.14319372177124,4.296128273010254,4.3430376052856445,4.326678276062012,4.6548380851745605,4.678525924682617,4.929846286773682,5.14638614654541,5.346989154815674,5.695250988006592,5.86189079284668,6.191218376159668,6.461750030517578
B4,5.8379292488098145,5.610629081726074,5.271302700042725,5.053698539733887,4.7971367835998535,4.448792457580566,4.1554741859436035,3.8769068717956543,3.5613059997558594,3.3043034076690674,3.0340352058410645,2.6837785243988037,2.4888710975646973,2.5468907356262207,2.267345905303955,0.8514600992202759,0.5442364811897278,0.3771930932998657,0.0,0.3683033287525177,0.714104413986206,0.9901556968688965,1.2522584199905396,1.5343540906906128,1.8337169885635376,2.153338670730591,2.480295419692993,2.7518696784973145,2.876997232437134,2.926572799682617,1.9422768354415894,2.2268829345703125,2.385922908782959,2.611901044845581,2.969736337661743,3.2535603046417236,3.517336130142212,3.7992496490478516,4.087581634521484,4.331430435180664,4.652992248535156,4.870418071746826,4.982944965362549,4.924592971801758,4.756175994873047,3.3088626861572266,3.4215798377990723,3.511101245880127,3.648240089416504,4.016261577606201,4.133491516113281,4.377806663513184,4.519704341888428,4.669572830200195,4.969211578369141,5.1172003746032715,5.488143444061279,5.798938751220703,6.002803325653076,6.009528636932373,4.766355514526367,4.741064071655273,4.484908580780029,4.648508548736572,4.6974687576293945,4.676161766052246,4.9985432624816895,5.022311210632324,5.26411247253418,5.484586715698242,5.674344539642334,6.027803897857666,6.190515995025635,6.515902996063232,6.789030075073242
B5,6.135003566741943,5.905880451202393,5.563140869140625,5.358972072601318,5.096266269683838,4.754131317138672,4.449891567230225,4.1850972175598145,3.858771800994873,3.6153793334960938,3.355546474456787,2.9962871074676514,2.8163344860076904,2.8818962574005127,2.611360549926758,1.1740318536758423,0.8379346132278442,0.6676379442214966,0.3683033287525177,0.0,0.3690621554851532,0.6970418095588684,0.9241442680358887,1.22995924949646,1.5210243463516235,1.8341476917266846,2.1744024753570557,2.464948892593384,2.622708320617676,2.697355270385742,1.8244290351867676,2.1229288578033447,2.2393534183502197,2.4227983951568604,2.776454210281372,3.069736957550049,3.3262641429901123,3.621084690093994,3.89902400970459,4.163196563720703,4.4718804359436035,4.709890365600586,4.836623191833496,4.801963806152344,4.644326210021973,3.2982845306396484,3.4462807178497314,3.5663247108459473,3.7089099884033203,4.07349157333374,4.1805195808410645,4.401205539703369,4.53771448135376,4.659601211547852,4.960079669952393,5.081728458404541,5.453210830688477,5.769345760345459,5.987866401672363,6.012540340423584,4.846427917480469,4.843257904052734,4.6021504402160645,4.790679454803467,4.858691692352295,4.8466057777404785,5.161905288696289,5.205781936645508,5.437207221984863,5.674951076507568,5.859315872192383,6.215700149536133,6.390507221221924,6.706698417663574,6.991542816162109
B6,6.314128875732422,6.079703330993652,5.732423305511475,5.547675132751465,5.274755954742432,4.9429850578308105,4.62462043762207,4.381161212921143,4.0411200523376465,3.8192386627197266,3.5749218463897705,3.205087661743164,3.0521228313446045,3.1384170055389404,2.8895134925842285,1.4789024591445923,1.1529487371444702,0.9408949613571167,0.714104413986206,0.3690621554851532,0.0,0.3598877489566803,0.5724343061447144,0.8708100914955139,1.1672801971435547,1.4699530601501465,1.8147852420806885,2.115466833114624,2.2897560596466064,2.389507532119751,1.6268768310546875,1.91920804977417,1.9883993864059448,2.1362321376800537,2.4866783618927,2.7795839309692383,3.03432559967041,3.333200454711914,3.6060874462127686,3.882413387298584,4.182835578918457,4.435763359069824,4.577571868896484,4.564393997192383,4.422530651092529,3.179344892501831,3.3638360500335693,3.5051331520080566,3.6426234245300293,4.001628875732422,4.091095924377441,4.289414405822754,4.41430139541626,4.5105109214782715,4.807114601135254,4.904767990112305,5.27466344833374,5.596272945404053,5.829420566558838,5.873357772827148,4.787337779998779,4.8101325035095215,4.582294464111328,4.7960333824157715,4.879968166351318,4.873315811157227,5.177514553070068,5.24140739440918,5.458461761474609,5.714408874511719,5.890400409698486,6.249435901641846,6.436696529388428,6.741182804107666,7.038789749145508
B7,6.309467315673828,6.067590713500977,5.716193675994873,5.552790641784668,5.268248081207275,4.949536323547363,4.617709636688232,4.399425029754639,4.046642303466797,3.8507301807403564,3.624953269958496,3.247082233428955,3.1288645267486572,3.2437946796417236,3.0256919860839844,1.689843773841858,1.396732211112976,1.1332331895828247,0.9901556968688965,0.6970418095588684,0.3598877489566803,0.0,0.37767478823661804,0.5537583827972412,0.8912281394004822,1.1795886754989624,1.5100528001785278,1.8019968271255493,1.9600027799606323,2.0765204429626465,1.3712778091430664,1.6343719959259033,1.6639955043792725,1.802310585975647,2.157837152481079,2.4386789798736572,2.7032458782196045,2.994239568710327,3.2735040187835693,3.548153877258301,3.851076364517212,4.107549667358398,4.261529922485352,4.260153770446777,4.135269641876221,2.9606242179870605,3.174626350402832,3.3209774494171143,3.442249059677124,3.7958860397338867,3.8634281158447266,4.047549724578857,4.156459331512451,4.237207889556885,4.526150703430176,4.609847545623779,4.977262020111084,5.304060459136963,5.54833459854126,5.60785436630249,4.581204414367676,4.627992630004883,4.407504558563232,4.640890121459961,4.7332444190979,4.7262396812438965,5.0175862312316895,5.096459865570068,5.298092842102051,5.5689191818237305,5.735132694244385,6.096034049987793,6.292905330657959,6.585880756378174,6.894156455993652
B8,6.551507472991943,6.320477485656738,5.970958232879639,5.817009449005127,5.540511131286621,5.22466516494751,4.888147830963135,4.6742143630981445,4.319227695465088,4.126242160797119,3.9121475219726562,3.5327675342559814,3.406073570251465,3.501293182373047,3.280888319015503,1.9121965169906616,1.6042366027832031,1.3967467546463013,1.2522584199905396,0.9241442680358887,0.5724343061447144,0.37767478823661804,0.0,0.38228797912597656,0.602038562297821,0.9222873449325562,1.2628542184829712,1.5640443563461304,1.766025424003601,1.8790910243988037,1.3408552408218384,1.6324280500411987,1.6380425691604614,1.7041211128234863,2.0282695293426514,2.3373172283172607,2.5657095909118652,2.8829731941223145,3.13175106048584,3.431196689605713,3.7095181941986084,3.9823200702667236,4.133471965789795,4.146816253662109,4.016604423522949,2.9481754302978516,3.1792073249816895,3.3642752170562744,3.510241746902466,3.851991653442383,3.929946184158325,4.085148811340332,4.207252025604248,4.258421897888184,4.556705951690674,4.614682197570801,4.981344699859619,5.302554607391357,5.549618721008301,5.614306926727295,4.6588616371154785,4.712675094604492,4.516805171966553,4.76617431640625,4.884531021118164,4.901178359985352,5.192264556884766,5.294299602508545,5.497787952423096,5.779699802398682,5.954276084899902,6.309627532958984,6.522185802459717,6.810339450836182,7.12513542175293
B9,6.5952677726745605,6.353787422180176,6.000816345214844,5.866627216339111,5.576625823974609,5.274956226348877,4.928393363952637,4.739890098571777,4.375637054443359,4.2087907791137695,4.0098724365234375,3.6272706985473633,3.536447286605835,3.6624529361724854,3.470100164413452,2.1777286529541016,1.8956067562103271,1.6441125869750977,1.5343540906906128,1.22995924949646,0.8708100914955139,0.5537583827972412,0.38228797912597656,0.0,0.374376118183136,0.6307058930397034,0.9567657709121704,1.2593657970428467,1.4499057531356812,1.6080371141433716,1.2173433303833008,1.4433506727218628,1.3726998567581177,1.4086729288101196,1.7369548082351685,2.0212790966033936,2.2665112018585205,2.5691776275634766,2.8280603885650635,3.1259653568267822,3.4071154594421387,3.687579870223999,3.8602049350738525,3.8933603763580322,3.7906863689422607,2.8250508308410645,3.08980131149292,3.2735884189605713,3.392930746078491,3.7256429195404053,3.7719016075134277,3.9109787940979004,4.007492542266846,4.040579319000244,4.324204921722412,4.364632606506348,4.725981712341309,5.054757595062256,5.31710147857666,5.4031982421875,4.5211663246154785,4.603871822357178,4.413819789886475,4.681926250457764,4.803558349609375,4.813643455505371,5.086961269378662,5.2000956535339355,5.382658004760742,5.6778388023376465,5.836523056030273,6.1942572593688965,6.412381649017334,6.686562538146973,7.011135101318359
B10,6.793499946594238,6.561949253082275,6.21130895614624,6.090624809265137,5.80750846862793,5.512080669403076,5.160263538360596,4.981105804443359,4.614564895629883,4.455777168273926,4.272059917449951,3.8890929222106934,3.7970070838928223,3.9100165367126465,3.7230112552642822,2.431090831756592,2.148862361907959,1.930611252784729,1.8337169885635376,1.5210243463516235,1.1672801971435547,0.8912281394004822,0.602038562297821,0.374376118183136,0.0,0.3614253103733063,0.6689771413803101,0.968445897102356,1.205525279045105,1.3580496311187744,1.2208298444747925,1.4467463493347168,1.345314860343933,1.287294864654541,1.563157320022583,1.8718152046203613,2.0712525844573975,2.398120880126953,2.6213018894195557,2.942301034927368,3.1960413455963135,3.491136074066162,3.66045880317688,3.7094855308532715,3.604771852493286,2.774646520614624,3.0573978424072266,3.2764103412628174,3.414702892303467,3.729998826980591,3.782374858856201,3.888747453689575,3.9952714443206787,3.996088743209839,4.285752296447754,4.29826545715332,4.655951976776123,4.977328777313232,5.242011070251465,5.334578037261963,4.53795862197876,4.630709171295166,4.467529296875,4.75193452835083,4.89912223815918,4.9321746826171875,5.201533317565918,5.338902950286865,5.520373821258545,5.826841831207275,5.992198944091797,6.34274959564209,6.577153205871582,6.844094276428223,7.175380229949951
B11,7.0412116050720215,6.802487850189209,6.450200080871582,6.341818332672119,6.049647808074951,5.763691425323486,5.407190322875977,5.243603229522705,4.873025417327881,4.72934103012085,4.552044868469238,4.168909549713135,4.095766067504883,4.224812030792236,4.048309803009033,2.775899887084961,2.4944071769714355,2.261155843734741,2.153338670730591,1.8341476917266846,1.4699530601501465,1.1795886754989624,0.9222873449325562,0.6307058930397034,0.3614253103733063,0.0,0.3680519461631775,0.7240284085273743,1.0184578895568848,1.2558097839355469,1.4183562994003296,1.5718634128570557,1.385580062866211,1.2477184534072876,1.4810984134674072,1.7523471117019653,1.9440594911575317,2.25679874420166,2.4682841300964355,2.7995235919952393,3.035881280899048,3.351041555404663,3.54752516746521,3.6313364505767822,3.559134006500244,2.8970139026641846,3.207211494445801,3.430422067642212,3.548893690109253,3.84918212890625,3.873774528503418,3.956491708755493,4.0387701988220215,4.012523174285889,4.285049915313721,4.269431114196777,4.617018222808838,4.942876815795898,5.224095821380615,5.341244220733643,4.6420817375183105,4.761116981506348,4.608399391174316,4.90837287902832,5.059946060180664,5.0889129638671875,5.341334342956543,5.4881792068481445,5.650228500366211,5.966917037963867,6.116934299468994,6.468380451202393,6.706304550170898,6.959603309631348,7.298558235168457
B12,7.130004405975342,6.893024921417236,6.542243480682373,6.454660415649414,6.161319255828857,5.889273643493652,5.5261993408203125,5.384105682373047,5.009959697723389,4.887135982513428,4.729795932769775,4.34829044342041,4.294435024261475,4.431352615356445,4.275786876678467,3.0585381984710693,2.79439377784729,2.5580813884735107,2.480295419692993,2.1744024753570557,1.8147852420806885,1.5100528001785278,1.2628542184829712,0.9567657709121704,0.6689771413803101,0.3680519461631775,0.0,0.36803022027015686,0.6993246078491211,0.9789080619812012,1.456990122795105,1.545471429824829,1.3047417402267456,1.075527548789978,1.2348309755325317,1.4859137535095215,1.6454895734786987,1.956459879875183,2.145183801651001,2.486182928085327,2.704045057296753,3.0300111770629883,3.2362661361694336,3.341606616973877,3.287856101989746,2.79416561126709,3.1271791458129883,3.3639187812805176,3.474456787109375,3.7523388862609863,3.761106014251709,3.8121581077575684,3.8841018676757812,3.826812505722046,4.0908732414245605,4.047309398651123,4.385876655578613,4.708412170410156,4.997456073760986,5.129933834075928,4.533437252044678,4.674141883850098,4.5431671142578125,4.860166072845459,5.027644634246826,5.067163467407227,5.304698467254639,5.472038269042969,5.6208367347717285,5.9495158195495605,6.094781398773193,6.4400434494018555,6.69062614440918,6.930311679840088,7.277103900909424
B13,7.1219024658203125,6.890243053436279,6.542733192443848,6.476171493530273,6.185577869415283,5.927734851837158,5.559536933898926,5.43835973739624,5.062779903411865,4.9603142738342285,4.82548189163208,4.447834014892578,4.410924434661865,4.551352024078369,4.418283939361572,3.2686281204223633,3.0267045497894287,2.7923572063446045,2.7518696784973145,2.464948892593384,2.115466833114624,1.8019968271255493,1.5640443563461304,1.2593657970428467,0.968445897102356,0.7240284085273743,0.36803022027015686,0.0,0.3786727488040924,0.6735239028930664,1.46142578125,1.4884370565414429,1.2200864553451538,0.9085444808006287,0.9649531841278076,1.2032259702682495,1.3155964612960815,1.6329569816589355,1.7957282066345215,2.1455559730529785,2.3485443592071533,2.678807258605957,2.8847217559814453,3.0014491081237793,2.9572203159332275,2.6146199703216553,2.9639430046081543,3.2140438556671143,3.321049690246582,3.574859380722046,3.574500560760498,3.5946271419525146,3.663331985473633,3.5779173374176025,3.83815598487854,3.771315097808838,4.102570533752441,4.418552875518799,4.70991849899292,4.850881099700928,4.343958377838135,4.501011371612549,4.39349889755249,4.724523544311523,4.909449100494385,4.96355676651001,5.188622951507568,5.37717866897583,5.517070770263672,5.85563850402832,6.001103401184082,6.337534427642822,6.601944923400879,6.830054759979248,7.182775020599365
B14,6.906824588775635,6.675462245941162,6.330516338348389,6.283320426940918,5.991850852966309,5.7491912841796875,5.3772783279418945,5.278865337371826,4.902790546417236,4.823638916015625,4.7109055519104,4.339522361755371,4.327601432800293,4.480910778045654,4.376631736755371,3.3267412185668945,3.1172425746917725,2.8715033531188965,2.876997232437134,2.622708320617676,2.2897560596466064,1.9600027799606323,1.766025424003601,1.4499057531356812,1.205525279045105,1.0184578895568848,0.6993246078491211,0.3786727488040924,0.0,0.3874857723712921,1.351702332496643,1.2918809652328491,0.9943937659263611,0.6311805248260498,0.6047466993331909,0.8270343542098999,0.9475041031837463,1.2655704021453857,1.4513956308364868,1.7905110120773315,2.01754093170166,2.335306406021118,2.540837287902832,2.649435043334961,2.614079713821411,2.323312282562256,2.6863045692443848,2.929581642150879,3.01827335357666,3.256688356399536,3.239870309829712,3.246156930923462,3.3047523498535156,3.2095539569854736,3.4650280475616455,3.3936715126037598,3.7240841388702393,4.040761470794678,4.33383321762085,4.4788360595703125,4.008641719818115,4.180245399475098,4.082509517669678,4.422321319580078,4.613039493560791,4.670782089233398,4.88355016708374,5.084181308746338,5.214260578155518,5.559163570404053,5.701590538024902,6.032285690307617,6.304538249969482,6.523695468902588,6.880125999450684
