,A1,A2,A3,A4,A5,A6,A7,A8,A9,A10,A11,A12,A13,A14,A15,B1,B2,B3,B4,B5,B6,B7,B8,B9,B10,B11,B12,B13,B14,B15,C1,C2,C3,C4,C5,C6,C7,C8,C9,C10,C11,C12,C13,C14,C15,D1,D2,D3,D4,D5,D6,D7,D8,D9,D10,D11,D12,D13,D14,D15,E1,E2,E3,E4,E5,E6,E7,E8,E9,E10,E11,E12,E13,E14,E15
A1,0.0,0.3664163649082184,0.7186074256896973,1.029831886291504,1.3051632642745972,1.664815068244934,1.9582040309906006,2.195890188217163,2.3332595825195312,2.5066871643066406,2.455277681350708,2.6299219131469727,2.5782909393310547,2.5951087474823,2.5645463466644287,2.8123226165771484,3.0547895431518555,3.393350601196289,3.638920545578003,3.9020800590515137,3.9722187519073486,4.098626613616943,3.9460151195526123,4.041714191436768,3.975005865097046,3.8730790615081787,4.165411472320557,4.176645278930664,4.240947723388672,4.078487873077393,3.977684497833252,4.039259433746338,4.32387638092041,4.5870680809021,4.887755870819092,5.098019123077393,5.156717300415039,4.835229396820068,4.826478004455566,4.847802639007568,4.579190254211426,4.753242015838623,4.671051025390625,4.9196953773498535,5.141164302825928,5.932631492614746,6.194062232971191,6.5445475578308105,6.866622447967529,7.055918216705322,7.085441589355469,6.88897180557251,6.864222049713135,6.545775413513184,6.467660427093506,6.09959077835083,5.964626312255859,5.814091205596924,5.692290306091309,5.797208786010742,6.379838943481445,6.624571800231934,6.625940799713135,6.832075595855713,7.164460182189941,7.514534950256348,7.666265487670898,7.965446949005127,8.18550968170166,8.358179092407227,8.658446311950684,8.72903060913086,9.088778495788574,9.206141471862793,9.595632553100586
A2,0.3664163649082184,0.0,0.38003048300743103,0.6690667867660522,0.9407006502151489,1.3004957437515259,1.6025866270065308,1.8432655334472656,1.9975178241729736,2.1928024291992188,2.165349006652832,2.36997389793396,2.357334852218628,2.413161516189575,2.420441150665283,2.716097116470337,2.9457621574401855,3.2762858867645264,3.4950485229492188,3.7357594966888428,3.7758870124816895,3.893162727355957,3.7182204723358154,3.818471908569336,3.730207681655884,3.637850761413574,3.928175449371338,3.9568560123443604,4.048018932342529,3.9130828380584717,3.8800458908081055,3.9693188667297363,4.269077777862549,4.553137302398682,4.862733840942383,5.06686544418335,5.104233741760254,4.777929782867432,4.754015922546387,4.7473835945129395,4.474599361419678,4.6288838386535645,4.545374393463135,4.802134990692139,5.044683456420898,5.87397575378418,6.150979042053223,6.495043754577637,6.807959079742432,6.984506130218506,6.996159076690674,6.78613805770874,6.743055820465088,6.415696144104004,6.321317672729492,5.948164463043213,5.8009843826293945,5.647655963897705,5.534029960632324,5.6486945152282715,6.328262805938721,6.587853908538818,6.606937885284424,6.822561740875244,7.161312580108643,7.503835201263428,7.64996862411499,7.939530372619629,8.15796184539795,8.315293312072754,8.619343757629395,8.677410125732422,9.03097152709961,9.146632194519043,9.53408145904541
A3,0.7186074256896973,0.38003048300743103,0.0,0.4028889536857605,0.6386882066726685,0.9779930710792542,1.2605936527252197,1.5364333391189575,1.7312800884246826,1.9481383562088013,1.9789930582046509,2.2123427391052246,2.2405846118927,2.324301242828369,2.3504581451416016,2.537281036376953,2.7388875484466553,3.0550293922424316,3.243821620941162,3.468425989151001,3.489185333251953,3.6112284660339355,3.428140878677368,3.547384738922119,3.4543344974517822,3.3880841732025146,3.6873693466186523,3.7453863620758057,3.8613903522491455,3.7504477500915527,3.6977691650390625,3.8025596141815186,4.107973098754883,4.408567428588867,4.72956657409668,4.936384677886963,4.961825847625732,4.640289783477783,4.61379861831665,4.586073875427246,4.321725368499756,4.466958045959473,4.397483825683594,4.670533180236816,4.93174409866333,5.743419170379639,6.030035972595215,6.365850925445557,6.672464370727539,6.8422980308532715,6.841903209686279,6.624118328094482,6.562499046325684,6.2255024909973145,6.122555732727051,5.748494625091553,5.599617958068848,5.455174446105957,5.360039234161377,5.494137763977051,6.251373291015625,6.527425765991211,6.556521415710449,6.772444248199463,7.119223594665527,7.452581405639648,7.5853657722473145,7.869465351104736,8.078577995300293,8.221817016601562,8.523529052734375,8.565580368041992,8.914501190185547,9.021459579467773,9.404939651489258
A4,1.029831886291504,0.6690667867660522,0.4028889536857605,0.0,0.3776019215583801,0.6950069069862366,1.0365327596664429,1.3030223846435547,1.528408169746399,1.7934378385543823,1.8413983583450317,2.11952543258667,2.2060060501098633,2.348345994949341,2.434551954269409,2.7590651512145996,2.9442787170410156,3.2443604469299316,3.398529529571533,3.591221809387207,3.5713751316070557,3.6769824028015137,3.461906671524048,3.580751419067383,3.4506618976593018,3.390867233276367,3.6749372482299805,3.7475404739379883,3.8969454765319824,3.8229172229766846,3.8903417587280273,4.023563385009766,4.340664386749268,4.656846046447754,4.981380462646484,5.178369998931885,5.181715488433838,4.8554863929748535,4.809859275817871,4.752669334411621,4.481101989746094,4.598323345184326,4.518773078918457,4.790534019470215,5.0704665184021,5.942762851715088,6.243789196014404,6.572612762451172,6.867809772491455,7.022045135498047,7.00191593170166,6.769279956817627,6.689907073974609,6.346357822418213,6.2228593826293945,5.843872547149658,5.676759243011475,5.523260116577148,5.431118965148926,5.567383766174316,6.423980712890625,6.709286689758301,6.758119583129883,6.986630916595459,7.335187911987305,7.662031650543213,7.794997692108154,8.067176818847656,8.279125213623047,8.408096313476562,8.715691566467285,8.748946189880371,9.090204238891602,9.199405670166016,9.580889701843262
A5,1.3051632642745972,0.9407006502151489,0.6386882066726685,0.3776019215583801,0.0,0.36336517333984375,0.693265974521637,0.9338280558586121,1.1548041105270386,1.4225698709487915,1.497076392173767,1.7885040044784546,1.9044080972671509,2.071892738342285,2.1847658157348633,2.586864948272705,2.7689476013183594,3.0582218170166016,3.1942760944366455,3.359661102294922,3.3111190795898438,3.3931591510772705,3.1568729877471924,3.2631633281707764,3.11303448677063,3.0500142574310303,3.3257782459259033,3.4044125080108643,3.5692644119262695,3.5159451961517334,3.6761162281036377,3.8377954959869385,4.168211460113525,4.497568607330322,4.819855690002441,5.000481128692627,4.979946136474609,4.64786958694458,4.5832200050354,4.502368927001953,4.225112438201904,4.3214263916015625,4.236466407775879,4.5085320472717285,4.801397323608398,5.714521884918213,6.027670383453369,6.350022315979004,6.634527683258057,6.77516508102417,6.739828109741211,6.49671745300293,6.406421661376953,6.06013298034668,5.923608303070068,5.542057037353516,5.364029884338379,5.205361843109131,5.115725040435791,5.255146503448486,6.1783905029296875,6.472890853881836,6.537085056304932,6.773894786834717,7.124824523925781,7.4439592361450195,7.573988437652588,7.835895538330078,8.048019409179688,8.164416313171387,8.475720405578613,8.501226425170898,8.836069107055664,8.946869850158691,9.326519966125488
A6,1.664815068244934,1.3004957437515259,0.9779930710792542,0.6950069069862366,0.36336517333984375,0.0,0.37064000964164734,0.6304625272750854,0.9205540418624878,1.228783369064331,1.3772693872451782,1.700461983680725,1.8760696649551392,2.0837156772613525,2.231581687927246,2.613628625869751,2.765037775039673,3.027857542037964,3.1233322620391846,3.254669427871704,3.1695778369903564,3.2400848865509033,2.982600212097168,3.0970449447631836,2.924283742904663,2.8838605880737305,3.152627944946289,3.2591471672058105,3.456245183944702,3.4398210048675537,3.650692939758301,3.835649013519287,4.171118259429932,4.513961315155029,4.839774131774902,5.013169288635254,4.972963333129883,4.644674777984619,4.568443775177002,4.459757328033447,4.187674045562744,4.261988162994385,4.182371139526367,4.461030006408691,4.771838665008545,5.6951799392700195,6.019309997558594,6.330667972564697,6.603363037109375,6.73077917098999,6.678046703338623,6.423984050750732,6.313833236694336,5.960575103759766,5.8090338706970215,5.427132606506348,5.2400736808776855,5.083950996398926,5.0089616775512695,5.161475658416748,6.175764083862305,6.483368396759033,6.562880516052246,6.804258823394775,7.159125328063965,7.467457294464111,7.588290691375732,7.839670658111572,8.046232223510742,8.146228790283203,8.457663536071777,8.468745231628418,8.795655250549316,8.901866912841797,9.27685260772705
A7,1.9582040309906006,1.6025866270065308,1.2605936527252197,1.0365327596664429,0.693265974521637,0.37064000964164734,0.0,0.383973628282547,0.7295095324516296,1.0265467166900635,1.2663228511810303,1.5857017040252686,1.7921029329299927,2.008117914199829,2.1609034538269043,2.449202299118042,2.5725367069244385,2.8097360134124756,2.872779369354248,2.975114107131958,2.863369941711426,2.9236955642700195,2.654636859893799,2.7765121459960938,2.5963871479034424,2.5790162086486816,2.8506202697753906,2.9837570190429688,3.200901508331299,3.2088265419006348,3.4267537593841553,3.6305572986602783,3.9688382148742676,4.321699142456055,4.648349285125732,4.814156532287598,4.757558345794678,4.434874057769775,4.35149621963501,4.221862316131592,3.958836317062378,4.019664764404297,3.951960802078247,4.240139961242676,4.563654899597168,5.4707560539245605,5.8020501136779785,6.1033196449279785,6.36669397354126,6.485083103179932,6.420724868774414,6.16055154800415,6.035816192626953,5.677523612976074,5.518366813659668,5.138035297393799,4.949522972106934,4.801198959350586,4.742427349090576,4.910483360290527,5.984024524688721,6.303506374359131,6.3921732902526855,6.63292121887207,6.9918437004089355,7.289696216583252,7.398890018463135,7.643036365509033,7.841341972351074,7.9282355308532715,8.23705005645752,8.235077857971191,8.556215286254883,8.656128883361816,9.026694297790527
A8,2.195890188217163,1.8432655334472656,1.5364333391189575,1.3030223846435547,0.9338280558586121,0.6304625272750854,0.383973628282547,0.0,0.3712101876735687,0.6945109367370605,0.9555665850639343,1.2896400690078735,1.5431630611419678,1.800899624824524,2.0037384033203125,2.537242889404297,2.6732873916625977,2.8997676372528076,2.9535348415374756,3.020781993865967,2.8738958835601807,2.886742115020752,2.5843453407287598,2.663862705230713,2.440065622329712,2.392727851867676,2.6301472187042236,2.750227928161621,2.983816146850586,3.019542932510376,3.437619924545288,3.673351526260376,4.024796962738037,4.383249282836914,4.696877479553223,4.835263252258301,4.749882221221924,4.415706157684326,4.302289962768555,4.14771842956543,3.8682477474212646,3.8951499462127686,3.803057909011841,4.074921131134033,4.407162666320801,5.406694412231445,5.750380516052246,6.04626989364624,6.29548978805542,6.39486837387085,6.312460899353027,6.039248943328857,5.908559799194336,5.553205966949463,5.375125408172607,4.991013526916504,4.780915260314941,4.613269805908203,4.542759895324707,4.698369979858398,5.838575839996338,6.159693241119385,6.268527030944824,6.524522304534912,6.879802227020264,7.1717634201049805,7.287980079650879,7.5177998542785645,7.724905490875244,7.800968170166016,8.118584632873535,8.116195678710938,8.429173469543457,8.539301872253418,8.909512519836426
A9,2.3332595825195312,1.9975178241729736,1.7312800884246826,1.528408169746399,1.1548041105270386,0.9205540418624878,0.7295095324516296,0.3712101876735687,0.0,0.34693804383277893,0.6004055142402649,0.9354246854782104,1.2163546085357666,1.5009881258010864,1.7413551807403564,2.5311734676361084,2.6933271884918213,2.9198880195617676,2.9851465225219727,3.034139633178711,2.8734939098358154,2.842756509780884,2.5217647552490234,2.5488882064819336,2.296957015991211,2.200246810913086,2.4057559967041016,2.492543935775757,2.7225451469421387,2.7658817768096924,3.367374897003174,3.6255595684051514,3.9879136085510254,4.345379829406738,4.642669200897217,4.754578590393066,4.64773416519165,4.300220966339111,4.160787105560303,3.9938695430755615,3.695204019546509,3.6979997158050537,3.5784785747528076,3.8307034969329834,4.163198471069336,5.2503886222839355,5.601451396942139,5.8966546058654785,6.136751174926758,6.223072528839111,6.13110876083374,5.850507736206055,5.724529266357422,5.376284599304199,5.187677383422852,4.800234317779541,4.573814868927002,4.385476589202881,4.295078277587891,4.431647300720215,5.593423843383789,5.9108357429504395,6.0329999923706055,6.301826000213623,6.651965141296387,6.942242622375488,7.068814754486084,7.289001941680908,7.506891250610352,7.579495429992676,7.905567169189453,7.909332275390625,8.217950820922852,8.340307235717773,8.71235466003418
A10,2.5066871643066406,2.1928024291992188,1.9481383562088013,1.7934378385543823,1.4225698709487915,1.228783369064331,1.0265467166900635,0.6945109367370605,0.34693804383277893,0.0,0.387083500623703,0.6520708799362183,0.9487118124961853,1.2367099523544312,1.4922658205032349,2.419391632080078,2.5936496257781982,2.811211585998535,2.880980968475342,2.9109530448913574,2.7403905391693115,2.6729586124420166,2.3424925804138184,2.3256402015686035,2.058680772781372,1.9228949546813965,2.1078197956085205,2.1709060668945312,2.396059036254883,2.4448647499084473,3.1759350299835205,3.453310251235962,3.821913957595825,4.177921295166016,4.460566997528076,4.549831867218018,4.424155235290527,4.069406986236572,3.910215139389038,3.731779098510742,3.4224042892456055,3.4068191051483154,3.271857976913452,3.5131988525390625,3.847226619720459,4.984130859375,5.3405046463012695,5.63297700881958,5.865177154541016,5.941761016845703,5.842909812927246,5.557816505432129,5.434746265411377,5.091611385345459,4.897314071655273,4.508495330810547,4.273297309875488,4.073504447937012,3.9722115993499756,4.099689960479736,5.27754020690918,5.595129489898682,5.726463794708252,6.001988887786865,6.349703788757324,6.6362528800964355,6.766046047210693,6.9792094230651855,7.201462268829346,7.270024299621582,7.600243091583252,7.605936527252197,7.911297798156738,8.040050506591797,8.412616729736328
A11,2.455277681350708,2.165349006652832,1.9789930582046509,1.8413983583450317,1.497076392173767,1.3772693872451782,1.2663228511810303,0.9555665850639343,0.6004055142402649,0.387083500623703,0.0,0.357036292552948,0.6580220460891724,0.9848813414573669,1.287571668624878,2.547330379486084,2.7638638019561768,3.0027434825897217,3.1091628074645996,3.153665781021118,3.0015532970428467,2.9175798892974854,2.5941803455352783,2.536086082458496,2.2694485187530518,2.076340675354004,2.227993965148926,2.2268872261047363,2.4152889251708984,2.438096761703491,3.302743673324585,3.5779974460601807,3.9506893157958984,4.295312404632568,4.562727928161621,4.636606216430664,4.508947372436523,4.139591217041016,3.9665637016296387,3.8002665042877197,3.4682862758636475,3.4471304416656494,3.277421474456787,3.4890947341918945,3.807063341140747,5.029672145843506,5.383981227874756,5.684530735015869,5.9172515869140625,5.991411209106445,5.896450042724609,5.612577438354492,5.50887393951416,5.178561210632324,4.985103607177734,4.5947489738464355,4.350276470184326,4.127288818359375,3.9926013946533203,4.085903167724609,5.213407039642334,5.515230178833008,5.649061679840088,5.935972690582275,6.274754524230957,6.569355010986328,6.7189860343933105,6.930379390716553,7.169384956359863,7.247415542602539,7.586720943450928,7.610111713409424,7.916778564453125,8.061602592468262,8.4392671585083
A12,2.6299219131469727,2.36997389793396,2.2123427391052246,2.11952543258667,1.7885040044784546,1.700461983680725,1.5857017040252686,1.2896400690078735,0.9354246854782104,0.6520708799362183,0.357036292552948,0.0,0.3550853133201599,0.6963449120521545,1.031031847000122,2.503727912902832,2.7386655807495117,2.9720447063446045,3.0930850505828857,3.127624034881592,2.978980541229248,2.8630716800689697,2.5447421073913574,2.4377551078796387,2.171412229537964,1.9276463985443115,2.0463428497314453,1.9941006898880005,2.153409481048584,2.1647655963897705,3.175018072128296,3.4614663124084473,3.8362393379211426,4.172221660614014,4.41991662979126,4.469141006469727,4.326318264007568,3.948716163635254,3.7560157775878906,3.5868337154388428,3.2407338619232178,3.203643798828125,3.0096757411956787,3.1998653411865234,3.51066255569458,4.795923709869385,5.151922225952148,5.452123641967773,5.678407669067383,5.74458122253418,5.64697265625,5.361815929412842,5.268889427185059,4.9488019943237305,4.753867149353027,4.364011764526367,4.112381458282471,3.873934030532837,3.718437671661377,3.79152774810791,4.903743743896484,5.199943542480469,5.340854167938232,5.635721206665039,5.969361782073975,6.263260841369629,6.42119836807251,6.6268486976623535,6.873962879180908,6.952467918395996,7.297107696533203,7.328035354614258,7.632795810699463,7.7873148918151855,8.166747093200684
A13,2.5782909393310547,2.357334852218628,2.2405846118927,2.2060060501098633,1.9044080972671509,1.8760696649551392,1.7921029329299927,1.5431630611419678,1.2163546085357666,0.9487118124961853,0.6580220460891724,0.3550853133201599,0.0,0.3511216938495636,0.7023956179618835,2.390134334564209,2.657799243927002,2.905987501144409,3.06439471244812,3.119818925857544,3.003788471221924,2.885911464691162,2.594205617904663,2.463846206665039,2.231609344482422,1.9532867670059204,2.0711913108825684,1.9679535627365112,2.0672125816345215,2.0229666233062744,3.048976182937622,3.3238749504089355,3.6965668201446533,4.017960548400879,4.251760005950928,4.292242050170898,4.1562089920043945,3.7703912258148193,3.5766494274139404,3.430817127227783,3.072772741317749,3.050541400909424,2.841074228286743,3.0162124633789062,3.305948257446289,4.610701560974121,4.958761692047119,5.268328666687012,5.501814842224121,5.575977802276611,5.49285888671875,5.217482566833496,5.147755146026611,4.838822364807129,4.65897798538208,4.270895481109619,4.027861595153809,3.7834115028381348,3.6061863899230957,3.659043788909912,4.672390937805176,4.9559431076049805,5.0864386558532715,5.381322383880615,5.7107977867126465,6.013952732086182,6.182741641998291,6.395489692687988,6.650453567504883,6.743168354034424,7.08986759185791,7.135894298553467,7.447028160095215,7.609037399291992,7.993246078491211
A14,2.5951087474823,2.413161516189575,2.324301242828369,2.348345994949341,2.071892738342285,2.0837156772613525,2.008117914199829,1.800899624824524,1.5009881258010864,1.2367099523544312,0.9848813414573669,0.6963449120521545,0.3511216938495636,0.0,0.36451590061187744,2.2301299571990967,2.5222089290618896,2.776750326156616,2.966601848602295,3.038120746612549,2.953814744949341,2.8341987133026123,2.5735132694244385,2.4233434200286865,2.231532573699951,1.929829716682434,2.0510828495025635,1.9077287912368774,1.9453120231628418,1.8423659801483154,2.8534181118011475,3.1168181896209717,3.4850406646728516,3.7915940284729004,4.01111364364624,4.042775630950928,3.912753105163574,3.5217249393463135,3.328843355178833,3.2056384086608887,2.8404436111450195,2.8358328342437744,2.618588447570801,2.784404754638672,3.053964138031006,4.356039047241211,4.695958137512207,5.013131618499756,5.253636360168457,5.336623191833496,5.2682204246521,5.003541946411133,4.954633712768555,4.655483722686768,4.492609024047852,4.1079182624816895,3.8777658939361572,3.6337287425994873,3.4419782161712646,3.482097625732422,4.396602630615234,4.671182155609131,4.789475917816162,5.080957889556885,5.4087114334106445,5.71928071975708,5.893767833709717,6.114591598510742,6.373048782348633,6.4782915115356445,6.824543476104736,6.881877422332764,7.1994171142578125,7.365072727203369,7.752921104431152
A15,2.5645463466644287,2.420441150665283,2.3504581451416016,2.434551954269409,2.1847658157348633,2.231581687927246,2.1609034538269043,2.0037384033203125,1.7413551807403564,1.4922658205032349,1.287571668624878,1.031031847000122,0.7023956179618835,0.36451590061187744,0.0,1.9965025186538696,2.3109235763549805,2.5741970539093018,2.7976057529449463,2.893548011779785,2.8492913246154785,2.74220609664917,2.521115779876709,2.369619846343994,2.231519937515259,1.9290014505386353,2.0732789039611816,1.9138517379760742,1.892920732498169,1.722799301147461,2.608654260635376,2.851644277572632,3.213247776031494,3.505647659301758,3.717298984527588,3.7507200241088867,3.636317491531372,3.2434587478637695,3.0636911392211914,2.971712827682495,2.6073760986328125,2.6375529766082764,2.4297914505004883,2.6003992557525635,2.8483691215515137,4.096617221832275,4.425205230712891,4.7519097328186035,5.005208969116211,5.1045355796813965,5.056740760803223,4.8070149421691895,4.7778849601745605,4.485012054443359,4.34576940536499,3.965869903564453,3.758366107940674,3.5267646312713623,3.332279682159424,3.372067451477051,4.168182373046875,4.436456680297852,4.533730506896973,4.813982009887695,5.143779277801514,5.463026523590088,5.6371169090271,5.871984481811523,6.1279120445251465,6.2479939460754395,6.589340686798096,6.655043601989746,6.981813907623291,7.1449360847473145,7.535930156707764
B1,2.8123226165771484,2.716097116470337,2.537281036376953,2.7590651512145996,2.586864948272705,2.613628625869751,2.449202299118042,2.537242889404297,2.5311734676361084,2.419391632080078,2.547330379486084,2.503727912902832,2.390134334564209,2.2301299571990967,1.9965025186538696,0.0,0.3689325749874115,0.70029217004776,1.0449334383010864,1.322427749633789,1.518183708190918,1.6467134952545166,1.6938588619232178,1.7865855693817139,1.9685633182525635,1.9627842903137207,2.3013458251953125,2.368581771850586,2.3362388610839844,2.1260478496551514,1.185709834098816,1.2666552066802979,1.587263822555542,1.9118881225585938,2.2341480255126953,2.4306957721710205,2.449716329574585,2.1590662002563477,2.1892054080963135,2.2048237323760986,2.0419669151306152,2.2917559146881104,2.37371826171875,2.709895372390747,2.9314348697662354,3.304448127746582,3.575993776321411,3.897188425064087,4.210681438446045,4.404643535614014,4.434351444244385,4.2539448738098145,4.207700729370117,3.8795738220214844,3.84934139251709,3.5144121646881104,3.4672367572784424,3.4220809936523438,3.401048183441162,3.6051745414733887,4.1631855964660645,4.470324993133545,4.462738990783691,4.617048740386963,4.985686779022217,5.28498649597168,5.346493244171143,5.642331123352051,5.792511940002441,5.92363166809082,6.188570976257324,6.197202682495117,6.550667762756348,6.6174187660217285,6.990259170532227
B2,3.0547895431518555,2.9457621574401855,2.7388875484466553,2.9442787170410156,2.7689476013183594,2.765037775039673,2.5725367069244385,2.6732873916625977,2.6933271884918213,2.5936496257781982,2.7638638019561768,2.7386655807495117,2.657799243927002,2.5222089290618896,2.3109235763549805,0.3689325749874115,0.0,0.35427945852279663,0.6982138752937317,1.0109925270080566,1.253000020980835,1.439671277999878,1.5466281175613403,1.6981531381607056,1.9268182516098022,1.990549921989441,2.3366482257843018,2.450563907623291,2.4384093284606934,2.2609975337982178,1.0780056715011597,1.1362704038619995,1.429284930229187,1.7692724466323853,2.1139018535614014,2.3348448276519775,2.3605825901031494,2.110537052154541,2.170968532562256,2.175356149673462,2.067530870437622,2.3203558921813965,2.451510429382324,2.804630994796753,3.0310261249542236,3.2586569786071777,3.524421215057373,3.8281545639038086,4.137111186981201,4.333727836608887,4.3615336418151855,4.185876369476318,4.1200737953186035,3.783355236053467,3.760465145111084,3.43802547454834,3.412642002105713,3.402160167694092,3.421064853668213,3.6563634872436523,4.244051933288574,4.562337398529053,4.552366256713867,4.689360618591309,5.0613627433776855,5.3451056480407715,5.381440162658691,5.675031661987305,5.803013324737549,5.921749114990234,6.172607421875,6.160699844360352,6.509994029998779,6.557168960571289,6.92149543762207
B3,3.393350601196289,3.2762858867645264,3.0550293922424316,3.2443604469299316,3.0582218170166016,3.027857542037964,2.8097360134124756,2.8997676372528076,2.9198880195617676,2.811211585998535,3.0027434825897217,2.9720447063446045,2.905987501144409,2.776750326156616,2.5741970539093018,0.70029217004776,0.35427945852279663,0.0,0.3875041604042053,0.7140405178070068,1.0170307159423828,1.2342466115951538,1.4184058904647827,1.5951343774795532,1.8762372732162476,1.989932656288147,2.3238601684570312,2.4649529457092285,2.4536092281341553,2.2992358207702637,0.9130560159683228,0.9622190594673157,1.2250111103057861,1.5771650075912476,1.9279310703277588,2.152554750442505,2.1703379154205322,1.9576606750488281,2.0378775596618652,2.029273271560669,1.976353406906128,2.229017734527588,2.406534194946289,2.768171787261963,2.9923455715179443,3.085667371749878,3.347933769226074,3.633376359939575,3.934293031692505,4.129448413848877,4.153639316558838,3.982255697250366,3.901209831237793,3.560166597366333,3.545975923538208,3.2381322383880615,3.235971212387085,3.258735418319702,3.312971830368042,3.5733742713928223,4.174065113067627,4.5018157958984375,4.491917133331299,4.613955020904541,4.987680912017822,5.254475116729736,5.267742156982422,5.556224346160889,5.664570331573486,5.770076751708984,6.009033203125,5.978765487670898,6.32289981842041,6.354418754577637,6.711101531982422
B4,3.638920545578003,3.4950485229492188,3.243821620941162,3.398529529571533,3.1942760944366455,3.1233322620391846,2.872779369354248,2.9535348415374756,2.9851465225219727,2.880980968475342,3.1091628074645996,3.0930850505828857,3.06439471244812,2.966601848602295,2.7976057529449463,1.0449334383010864,0.6982138752937317,0.3875041604042053,0.0,0.3665004372596741,0.7006708979606628,0.9823051691055298,1.2154169082641602,1.4531275033950806,1.75619375705719,1.9403290748596191,2.2683115005493164,2.459404945373535,2.485389471054077,2.384375810623169,1.0439461469650269,1.1292955875396729,1.347780466079712,1.698689579963684,2.0418598651885986,2.255490303039551,2.245178461074829,2.0687808990478516,2.141253709793091,2.084564447402954,2.0681252479553223,2.2841241359710693,2.487727403640747,2.8575572967529297,3.1002488136291504,3.1393327713012695,3.4080581665039062,3.6665916442871094,3.9472808837890625,4.12644100189209,4.129261493682861,3.948784589767456,3.8341639041900635,3.480902910232544,3.4537036418914795,3.1537420749664307,3.1550474166870117,3.2019529342651367,3.294605255126953,3.5835232734680176,4.287440776824951,4.629615306854248,4.634889125823975,4.753705024719238,5.128597259521484,5.375730037689209,5.369132041931152,5.6436638832092285,5.735873699188232,5.8184404373168945,6.049677848815918,5.99510383605957,6.327788352966309,6.344855785369873,6.6914849281311035
B5,3.9020800590515137,3.7357594966888428,3.468425989151001,3.591221809387207,3.359661102294922,3.254669427871704,2.975114107131958,3.020781993865967,3.034139633178711,2.9109530448913574,3.153665781021118,3.127624034881592,3.119818925857544,3.038120746612549,2.893548011779785,1.322427749633789,1.0109925270080566,0.7140405178070068,0.3665004372596741,0.0,0.37977999448776245,0.6687411665916443,0.9612559676170349,1.2148876190185547,1.5434156656265259,1.7741029262542725,2.078392267227173,2.3002495765686035,2.3470680713653564,2.2925033569335938,1.0930579900741577,1.247140884399414,1.454092025756836,1.8027961254119873,2.11781644821167,2.289501667022705,2.227757215499878,2.0646777153015137,2.103970527648926,1.989978551864624,1.9929711818695068,2.1631710529327393,2.3820905685424805,2.7530155181884766,3.0125980377197266,3.0589284896850586,3.3438286781311035,3.5796520709991455,3.836026906967163,3.990576982498169,3.9654459953308105,3.768749475479126,3.6250438690185547,3.2617061138153076,3.2139408588409424,2.9153363704681396,2.9103362560272217,2.970140218734741,3.0905323028564453,3.399747371673584,4.209672451019287,4.565301418304443,4.592494487762451,4.717096328735352,5.092010498046875,5.321137428283691,5.303074836730957,5.559621334075928,5.644832611083984,5.704192638397217,5.935515403747559,5.862690448760986,6.1832475662231445,6.196098804473877,6.536394119262695
B6,3.9722187519073486,3.7758870124816895,3.489185333251953,3.5713751316070557,3.3111190795898438,3.1695778369903564,2.863369941711426,2.8738958835601807,2.8734939098358154,2.7403905391693115,3.0015532970428467,2.978980541229248,3.003788471221924,2.953814744949341,2.8492913246154785,1.518183708190918,1.253000020980835,1.0170307159423828,0.7006708979606628,0.37977999448776245,0.0,0.3621070981025696,0.6309651136398315,0.9354491829872131,1.2444576025009155,1.5252567529678345,1.8196372985839844,2.0822298526763916,2.1780130863189697,2.1824512481689453,1.3170300722122192,1.5394173860549927,1.767314076423645,2.117682933807373,2.4121134281158447,2.5456161499023438,2.4369895458221436,2.2590200901031494,2.2456746101379395,2.0702710151672363,2.0471930503845215,2.1539299488067627,2.3503847122192383,2.7193710803985596,3.010389566421509,3.186659574508667,3.494708776473999,3.7168281078338623,3.9489688873291016,4.072773456573486,4.012785911560059,3.7897698879241943,3.6171817779541016,3.243068218231201,3.155137777328491,2.843607187271118,2.8025858402252197,2.846721649169922,2.9752445220947266,3.293287992477417,4.25852632522583,4.62578821182251,4.682929039001465,4.827908039093018,5.202373027801514,5.421999931335449,5.407293796539307,5.644445896148682,5.7360663414001465,5.774820327758789,6.015744209289551,5.932488918304443,6.240575790405273,6.259518623352051,6.596776008605957
B7,4.098626613616943,3.893162727355957,3.6112284660339355,3.6769824028015137,3.3931591510772705,3.2400848865509033,2.9236955642700195,2.886742115020752,2.842756509780884,2.6729586124420166,2.9175798892974854,2.8630716800689697,2.885911464691162,2.8341987133026123,2.74220609664917,1.6467134952545166,1.439671277999878,1.2342466115951538,0.9823051691055298,0.6687411665916443,0.3621070981025696,0.0,0.3819403648376465,0.6118266582489014,0.9532281756401062,1.239306926727295,1.501133680343628,1.7684333324432373,1.8688626289367676,1.9063631296157837,1.3203797340393066,1.6059831380844116,1.8538118600845337,2.2014005184173584,2.4636542797088623,2.545619487762451,2.3860414028167725,2.1871018409729004,2.1196675300598145,1.893237829208374,1.848862648010254,1.9027469158172607,2.084991693496704,2.4471018314361572,2.7546370029449463,3.0444834232330322,3.374298095703125,3.58990478515625,3.8032314777374268,3.9012370109558105,3.8155550956726074,3.5713894367218018,3.3876616954803467,3.0096428394317627,2.893183946609497,2.566927909851074,2.4974112510681152,2.5240375995635986,2.650700569152832,2.9706826210021973,4.028428554534912,4.402703762054443,4.483644008636475,4.64605712890625,5.018678665161133,5.231192588806152,5.222969055175781,5.444394588470459,5.545853137969971,5.5715813636779785,5.824073791503906,5.739654064178467,6.04014778137207,6.071475505828857,6.410533428192139
B8,3.9460151195526123,3.7182204723358154,3.428140878677368,3.461906671524048,3.1568729877471924,2.982600212097168,2.654636859893799,2.5843453407287598,2.5217647552490234,2.3424925804138184,2.5941803455352783,2.5447421073913574,2.594205617904663,2.5735132694244385,2.521115779876709,1.6938588619232178,1.5466281175613403,1.4184058904647827,1.2154169082641602,0.9612559676170349,0.6309651136398315,0.3819403648376465,0.0,0.3795281946659088,0.6207746267318726,0.9405118227005005,1.2251362800598145,1.5245059728622437,1.6854681968688965,1.767313838005066,1.5518238544464111,1.8673254251480103,2.1517834663391113,2.5089476108551025,2.77156925201416,2.8411381244659424,2.6671230792999268,2.432546615600586,2.3252458572387695,2.075859785079956,1.9686614274978638,1.9776465892791748,2.0990962982177734,2.4524307250976562,2.7884323596954346,3.2769620418548584,3.6232831478118896,3.8454034328460693,4.0508036613464355,4.1309733390808105,4.026191234588623,3.761977434158325,3.5734517574310303,3.1951050758361816,3.0442311763763428,2.697946071624756,2.5783398151397705,2.557044267654419,2.6535489559173584,2.9561607837677,4.127444744110107,4.503116130828857,4.606335639953613,4.794780731201172,5.165968894958496,5.384405612945557,5.396023750305176,5.607572078704834,5.728693962097168,5.750131130218506,6.018570423126221,5.941295623779297,6.236881732940674,6.284816265106201,6.6274614334106445
B9,4.041714191436768,3.818471908569336,3.547384738922119,3.580751419067383,3.2631633281707764,3.0970449447631836,2.7765121459960938,2.663862705230713,2.5488882064819336,2.3256402015686035,2.536086082458496,2.4377551078796387,2.463846206665039,2.4233434200286865,2.369619846343994,1.7865855693817139,1.6981531381607056,1.5951343774795532,1.4531275033950806,1.2148876190185547,0.9354491829872131,0.6118266582489014,0.3795281946659088,0.0,0.38589003682136536,0.6440067291259766,0.8900290131568909,1.1718206405639648,1.3200039863586426,1.4248225688934326,1.5359740257263184,1.8887739181518555,2.186772584915161,2.5333571434020996,2.763455629348755,2.7866060733795166,2.5746216773986816,2.3149259090423584,2.1567769050598145,1.8739221096038818,1.7301276922225952,1.6879167556762695,1.7773813009262085,2.1185665130615234,2.4669344425201416,3.0932111740112305,3.4555563926696777,3.678575038909912,3.871574878692627,3.9323787689208984,3.8118412494659424,3.5323264598846436,3.349019765853882,2.9754531383514404,2.8039371967315674,2.4413516521453857,2.2899227142333984,2.235069990158081,2.3083627223968506,2.600023031234741,3.82817006111145,4.205222129821777,4.327314376831055,4.53350305557251,4.9012322425842285,5.1181559562683105,5.142486095428467,5.342877388000488,5.478727340698242,5.495766639709473,5.777428150177002,5.708254337310791,6.000431060791016,6.065489768981934,6.413078308105469
B10,3.975005865097046,3.730207681655884,3.4543344974517822,3.4506618976593018,3.11303448677063,2.924283742904663,2.5963871479034424,2.440065622329712,2.296957015991211,2.058680772781372,2.2694485187530518,2.171412229537964,2.231609344482422,2.231532573699951,2.231519937515259,1.9685633182525635,1.9268182516098022,1.8762372732162476,1.75619375705719,1.5434156656265259,1.2444576025009155,0.9532281756401062,0.6207746267318726,0.38589003682136536,0.0,0.3868201673030853,0.6349548101425171,0.9708683490753174,1.213571548461914,1.3885951042175293,1.8659013509750366,2.225022554397583,2.539747714996338,2.889103889465332,3.118075132369995,3.1325438022613525,2.9119820594787598,2.6331281661987305,2.4478819370269775,2.1536712646484375,1.9658758640289307,1.8784234523773193,1.900611162185669,2.2139039039611816,2.5816707611083984,3.379426956176758,3.7511708736419678,3.974353551864624,4.155696392059326,4.197481632232666,4.058037757873535,3.762397050857544,3.5735790729522705,3.2055561542510986,3.003120183944702,2.6323485374450684,2.435614824295044,2.334498167037964,2.376382827758789,2.6422839164733887,3.9794721603393555,4.354299068450928,4.499314785003662,4.72885274887085,5.091575622558594,5.310229301452637,5.35190486907959,5.53923225402832,5.691874980926514,5.701943874359131,5.996710300445557,5.932409286499023,6.216629505157471,6.296264171600342,6.644490718841553
B11,3.8730790615081787,3.637850761413574,3.3880841732025146,3.390867233276367,3.0500142574310303,2.8838605880737305,2.5790162086486816,2.392727851867676,2.200246810913086,1.9228949546813965,2.076340675354004,1.9276463985443115,1.9532867670059204,1.929829716682434,1.9290014505386353,1.9627842903137207,1.990549921989441,1.989932656288147,1.9403290748596191,1.7741029262542725,1.5252567529678345,1.239306926727295,0.9405118227005005,0.6440067291259766,0.3868201673030853,0.0,0.37429946660995483,0.6340458989143372,0.8825111389160156,1.0601756572723389,1.8953779935836792,2.2651515007019043,2.5992538928985596,2.9407944679260254,3.1529626846313477,3.1445133686065674,2.9146218299865723,2.602168560028076,2.3840298652648926,2.094386339187622,1.8487261533737183,1.7382656335830688,1.6920361518859863,1.9832863807678223,2.3570308685302734,3.3293025493621826,3.7077126502990723,3.946141481399536,4.1297760009765625,4.166778087615967,4.0287394523620605,3.7282094955444336,3.5646815299987793,3.210390329360962,3.0027353763580322,2.6189684867858887,2.395284652709961,2.243494749069214,2.2262728214263916,2.451369285583496,3.7850821018218994,4.151270866394043,4.305730819702148,4.555502414703369,4.9139533042907715,5.144404888153076,5.210787296295166,5.396766662597656,5.572474956512451,5.5928053855896,5.903025150299072,5.859829425811768,6.147496223449707,6.248905658721924,6.6061015129089355
B12,4.165411472320557,3.928175449371338,3.6873693466186523,3.6749372482299805,3.3257782459259033,3.152627944946289,2.8506202697753906,2.6301472187042236,2.4057559967041016,2.1078197956085205,2.227993965148926,2.0463428497314453,2.0711913108825684,2.0510828495025635,2.0732789039611816,2.3013458251953125,2.3366482257843018,2.3238601684570312,2.2683115005493164,2.078392267227173,1.8196372985839844,1.501133680343628,1.2251362800598145,0.8900290131568909,0.6349548101425171,0.37429946660995483,0.0,0.3749198317527771,0.6980792880058289,0.9918995499610901,2.128972291946411,2.5050883293151855,2.825385093688965,3.149258852005005,3.3302717208862305,3.2827556133270264,3.0202829837799072,2.7128024101257324,2.4587223529815674,2.1389153003692627,1.890161156654358,1.7071212530136108,1.6214154958724976,1.8646340370178223,2.244523525238037,3.322455406188965,3.70845365524292,3.9290552139282227,4.0848002433776855,4.090618133544922,3.9252028465270996,3.6083028316497803,3.4349708557128906,3.0917420387268066,2.8539388179779053,2.471790075302124,2.2105493545532227,2.025160551071167,1.9934062957763672,2.2040810585021973,3.6541450023651123,4.021152496337891,4.204120635986328,4.4693684577941895,4.818408012390137,5.034265041351318,5.105091094970703,5.268067359924316,5.450908660888672,5.453369617462158,5.771695137023926,5.7252092361450195,5.9990315437316895,6.111619472503662,6.465329170227051
B13,4.176645278930664,3.9568560123443604,3.7453863620758057,3.7475404739379883,3.4044125080108643,3.2591471672058105,2.9837570190429688,2.750227928161621,2.492543935775757,2.1709060668945312,2.2268872261047363,1.9941006898880005,1.9679535627365112,1.9077287912368774,1.9138517379760742,2.368581771850586,2.450563907623291,2.4649529457092285,2.459404945373535,2.3002495765686035,2.0822298526763916,1.7684333324432373,1.5245059728622437,1.1718206405639648,0.9708683490753174,0.6340458989143372,0.3749198317527771,0.0,0.37356290221214294,0.7077027559280396,2.179624557495117,2.5524420738220215,2.875741720199585,3.182041645050049,3.338616132736206,3.264535427093506,2.993438482284546,2.6653389930725098,2.383394956588745,2.0744824409484863,1.7844843864440918,1.5753939151763916,1.416885495185852,1.6168276071548462,1.993120789527893,3.2269341945648193,3.61383318901062,3.8440914154052734,3.9984006881713867,3.9984776973724365,3.836202621459961,3.5188910961151123,3.374253988265991,3.05096697807312,2.8150100708007812,2.429614305496216,2.1513733863830566,1.9196182489395142,1.822513222694397,1.9824445247650146,3.409280300140381,3.7656843662261963,3.9579405784606934,4.240569114685059,4.582911491394043,4.807006359100342,4.899824619293213,5.0598907470703125,5.263105869293213,5.274991035461426,5.606190204620361,5.580006122589111,5.856207370758057,5.988884925842285,6.349870204925537
B14,4.240947723388672,4.048018932342529,3.8613903522491455,3.8969454765319824,3.5692644119262695,3.456245183944702,3.200901508331299,2.983816146850586,2.7225451469421387,2.396059036254883,2.4152889251708984,2.153409481048584,2.0672125816345215,1.9453120231628418,1.892920732498169,2.3362388610839844,2.4384093284606934,2.4536092281341553,2.485389471054077,2.3470680713653564,2.1780130863189697,1.8688626289367676,1.6854681968688965,1.3200039863586426,1.213571548461914,0.8825111389160156,0.6980792880058289,0.37356290221214294,0.0,0.3819844424724579,2.0485634803771973,2.410944700241089,2.7235851287841797,3.0057733058929443,3.1336188316345215,3.0331027507781982,2.7546069622039795,2.416559934616089,2.115022659301758,1.818616271018982,1.5046963691711426,1.2811776399612427,1.0767699480056763,1.2588945627212524,1.6317437887191772,2.936872959136963,3.321446657180786,3.5606205463409424,3.7192814350128174,3.723757743835449,3.574378490447998,3.264690399169922,3.150484085083008,2.842371940612793,2.625298261642456,2.2395925521850586,1.9706954956054688,1.7220308780670166,1.5808779001235962,1.7146060466766357,3.0562829971313477,3.40849232673645,3.596292018890381,3.8822178840637207,4.223906517028809,4.455188751220703,4.557240009307861,4.72337532043457,4.935266494750977,4.9598708152771,5.295723915100098,5.284732341766357,5.568687438964844,5.7108564376831055,6.078695297241211
