,A1,A2,A3,A4,A5,A6,A7,A8,A9,A10,A11,A12,A13,A14,A15,B1,B2,B3,B4,B5,B6,B7,B8,B9,B10,B11,B12,B13,B14,B15,C1,C2,C3,C4,C5,C6,C7,C8,C9,C10,C11,C12,C13,C14,C15,D1,D2,D3,D4,D5,D6,D7,D8,D9,D10,D11,D12,D13,D14,D15,E1,E2,E3,E4,E5,E6,E7,E8,E9,E10,E11,E12,E13,E14,E15
A1,0.0,0.38843420147895813,0.6412028074264526,0.9360092282295227,1.1903839111328125,1.4943443536758423,1.5948902368545532,1.953410029411316,2.033109664916992,2.396953821182251,2.4849965572357178,2.8595168590545654,3.0527145862579346,3.035449743270874,2.7994308471679688,0.9478927850723267,0.724131166934967,0.9077301621437073,1.188688039779663,1.4622575044631958,1.8067538738250732,1.8146119117736816,2.1829264163970947,2.2359986305236816,2.5982155799865723,2.653867483139038,2.9662938117980957,3.220409631729126,3.1251447200775146,2.972994327545166,1.2623441219329834,1.0787619352340698,1.236640214920044,1.4706904888153076,1.7108827829360962,2.019545555114746,2.0249595642089844,2.3643417358398438,2.4455885887145996,2.7827703952789307,2.872190237045288,3.131366491317749,3.4191200733184814,3.283433675765991,3.1576905250549316,1.6635860204696655,1.50666344165802,1.6300889253616333,1.8284685611724854,2.026761531829834,2.2930243015289307,2.293823719024658,2.607499122619629,2.7242555618286133,3.0349273681640625,3.1810340881347656,3.3246910572052,3.659594774246216,3.4839799404144287,3.3886451721191406,2.0816497802734375,1.9501721858978271,2.059429168701172,2.2456953525543213,2.3737852573394775,2.608443021774292,2.620176315307617,2.909632921218872,3.0670344829559326,3.306410789489746,3.5725555419921875,3.5988199710845947,3.9694156646728516,3.951636552810669,4.102596282958984
A2,0.38843420147895813,0.0,0.386738121509552,0.5983625650405884,0.9018393754959106,1.1738348007202148,1.2710974216461182,1.6475543975830078,1.7386114597320557,2.1149590015411377,2.2243683338165283,2.5995144844055176,2.8268609046936035,2.852278709411621,2.6574149131774902,0.9626154899597168,0.7644046545028687,0.9458542466163635,1.1208562850952148,1.376001000404358,1.671302318572998,1.6521413326263428,1.999218225479126,2.05234432220459,2.398514747619629,2.4631714820861816,2.7504899501800537,3.032423973083496,2.9620509147644043,2.8532793521881104,1.3653202056884766,1.2248387336730957,1.366384744644165,1.5135785341262817,1.7241986989974976,1.976142168045044,1.9551646709442139,2.260645627975464,2.337557315826416,2.647937536239624,2.7422187328338623,2.9673495292663574,3.275747776031494,3.157959461212158,3.0732035636901855,1.8103961944580078,1.6923799514770508,1.8074740171432495,1.9380816221237183,2.109278440475464,2.3211700916290283,2.2962100505828857,2.5723557472229004,2.6803395748138428,2.9590108394622803,3.112159490585327,3.2175965309143066,3.558579206466675,3.3954594135284424,3.339465379714966,2.2541470527648926,2.160144805908203,2.266787528991699,2.399437665939331,2.5093250274658203,2.6953814029693604,2.6816139221191406,2.933516263961792,3.076352119445801,3.279344081878662,3.547243356704712,3.535346746444702,3.9024698734283447,3.8791463375091553,4.053011894226074
A3,0.6412028074264526,0.386738121509552,0.0,0.38875627517700195,0.5573705434799194,0.8836668729782104,1.0628361701965332,1.4072612524032593,1.5661753416061401,1.9273273944854736,2.0907769203186035,2.4661176204681396,2.703862190246582,2.7521169185638428,2.5629982948303223,0.9140456318855286,0.6447139382362366,0.7066586017608643,0.8051077127456665,1.0156790018081665,1.296061635017395,1.3022023439407349,1.6550211906433105,1.7495110034942627,2.1054575443267822,2.213465929031372,2.5147035121917725,2.812650203704834,2.7839388847351074,2.7035024166107178,1.2833901643753052,1.1093096733093262,1.1722466945648193,1.2509888410568237,1.4120720624923706,1.6306637525558472,1.623172640800476,1.921708106994629,2.0294201374053955,2.3408455848693848,2.4707653522491455,2.702958106994629,3.0295794010162354,2.9503607749938965,2.895944595336914,1.715520977973938,1.5806769132614136,1.6411892175674438,1.7132986783981323,1.8385056257247925,2.0110533237457275,1.9927215576171875,2.252023220062256,2.38114333152771,2.652054786682129,2.8336639404296875,2.9424405097961426,3.299936294555664,3.170294761657715,3.145150661468506,2.1569132804870605,2.0573558807373047,2.123232841491699,2.2036972045898438,2.2757747173309326,2.420663833618164,2.4080281257629395,2.634978771209717,2.7886972427368164,2.970250129699707,3.253811836242676,3.2385408878326416,3.6110286712646484,3.609567642211914,3.808384895324707
A4,0.9360092282295227,0.5983625650405884,0.38875627517700195,0.0,0.39013445377349854,0.5810145139694214,0.6951106190681458,1.064444899559021,1.2066023349761963,1.5782034397125244,1.7449430227279663,2.1175718307495117,2.3775222301483154,2.457181692123413,2.3076157569885254,0.9534063935279846,0.8235577344894409,0.9443544745445251,0.8967157602310181,1.1075904369354248,1.2895125150680542,1.2053910493850708,1.5052032470703125,1.5556732416152954,1.8784750699996948,1.9668283462524414,2.233196258544922,2.546513795852661,2.525824785232544,2.4805362224578857,1.371731162071228,1.2970153093338013,1.3974645137786865,1.388206958770752,1.5498220920562744,1.6959211826324463,1.6180223226547241,1.8584367036819458,1.9228483438491821,2.191373348236084,2.2972605228424072,2.484464168548584,2.8176612854003906,2.7389633655548096,2.715938091278076,1.8232797384262085,1.7634855508804321,1.8575233221054077,1.8696658611297607,2.0005760192871094,2.118910789489746,2.0426948070526123,2.2515876293182373,2.3392226696014404,2.5673813819885254,2.729396343231201,2.7887465953826904,3.136972665786743,3.003530740737915,3.0069997310638428,2.2740466594696045,2.236860752105713,2.332571506500244,2.37016224861145,2.4556543827056885,2.560192346572876,2.4973366260528564,2.6851041316986084,2.7981085777282715,2.946025848388672,3.209730625152588,3.1486780643463135,3.506939172744751,3.4821295738220215,3.688218116760254
A5,1.1903839111328125,0.9018393754959106,0.5573705434799194,0.39013445377349854,0.0,0.3701806366443634,0.6675856113433838,0.9412468075752258,1.1912657022476196,1.5211650133132935,1.7582446336746216,2.1180803775787354,2.3858985900878906,2.4913668632507324,2.35084867477417,1.1038436889648438,0.9235121011734009,0.8959395289421082,0.734783411026001,0.8258751034736633,0.9470428228378296,0.9073119163513184,1.205404281616211,1.3287625312805176,1.6599743366241455,1.8146387338638306,2.095064401626587,2.4268908500671387,2.4618258476257324,2.451735019683838,1.4376966953277588,1.3246617317199707,1.3280913829803467,1.2410502433776855,1.3168987035751343,1.402238130569458,1.3503344058990479,1.5711989402770996,1.684624433517456,1.9501276016235352,2.1084182262420654,2.3033478260040283,2.6583874225616455,2.632018566131592,2.6461551189422607,1.8433597087860107,1.7581846714019775,1.783767580986023,1.73531174659729,1.7995953559875488,1.8637208938598633,1.804437279701233,1.985966682434082,2.1054985523223877,2.321011781692505,2.522599935531616,2.588144302368164,2.9560248851776123,2.8681814670562744,2.9084925651550293,2.2712485790252686,2.2189254760742188,2.262809991836548,2.247826099395752,2.2828102111816406,2.337765693664551,2.2846920490264893,2.4389867782592773,2.5692644119262695,2.688607692718506,2.9730913639068604,2.911479949951172,3.2755112648010254,3.2817702293395996,3.518071174621582
A6,1.4943443536758423,1.1738348007202148,0.8836668729782104,0.5810145139694214,0.3701806366443634,0.0,0.37303441762924194,0.6011640429496765,0.8841056227684021,1.2013717889785767,1.4675124883651733,1.8130125999450684,2.1069588661193848,2.2547359466552734,2.1637234687805176,1.2771010398864746,1.194196343421936,1.2093148231506348,0.9764149785041809,1.0464214086532593,1.0394036769866943,0.9011884331703186,1.0953428745269775,1.1728515625,1.4495097398757935,1.5953415632247925,1.8306937217712402,2.1830976009368896,2.241773843765259,2.2804694175720215,1.6160167455673218,1.577729344367981,1.6070595979690552,1.4588624238967896,1.525744080543518,1.5321903228759766,1.414172649383545,1.5523197650909424,1.6198183298110962,1.824442744255066,1.9625694751739502,2.1022496223449707,2.4655518531799316,2.4522438049316406,2.5089967250823975,2.0156235694885254,1.9901759624481201,2.038318157196045,1.9415909051895142,2.0044853687286377,2.0130674839019775,1.9022729396820068,2.021507740020752,2.0980842113494873,2.259133815765381,2.4422855377197266,2.4532744884490967,2.80981183052063,2.728219747543335,2.8057861328125,2.4368977546691895,2.4356014728546143,2.4997549057006836,2.4467434883117676,2.4891157150268555,2.503232479095459,2.405926465988159,2.5145022869110107,2.6032943725585938,2.6815342903137207,2.9435698986053467,2.834554433822632,3.1797068119049072,3.1665749549865723,3.413533926010132
A7,1.5948902368545532,1.2710974216461182,1.0628361701965332,0.6951106190681458,0.6675856113433838,0.37303441762924194,0.0,0.3946998715400696,0.5504249334335327,0.9101173281669617,1.1316391229629517,1.4867826700210571,1.7842875719070435,1.9341444969177246,1.8651212453842163,1.2513169050216675,1.2830160856246948,1.3940236568450928,1.163305640220642,1.3110629320144653,1.29311203956604,1.05778968334198,1.1903094053268433,1.148952603340149,1.375791311264038,1.4397640228271484,1.6363040208816528,1.977829933166504,2.0003395080566406,2.0409936904907227,1.613316535949707,1.6639198064804077,1.7682069540023804,1.6160231828689575,1.743405818939209,1.7486376762390137,1.5592224597930908,1.6621050834655762,1.6459593772888184,1.8119301795959473,1.8805128335952759,1.9790855646133423,2.3219656944274902,2.2690582275390625,2.3221452236175537,2.02207350730896,2.0665700435638428,2.176943063735962,2.0776023864746094,2.1922683715820312,2.2035939693450928,2.036353588104248,2.1357176303863525,2.148946523666382,2.283950090408325,2.4131667613983154,2.3834311962127686,2.711120843887329,2.592496156692505,2.6633706092834473,2.44529390335083,2.5005462169647217,2.616873025894165,2.565356492996216,2.6544458866119385,2.675382614135742,2.531648874282837,2.634673833847046,2.674389362335205,2.7504935264587402,2.9737188816070557,2.834136962890625,3.1587836742401123,3.10304856300354,3.327585458755493
A8,1.953410029411316,1.6475543975830078,1.4072612524032593,1.064444899559021,0.9412468075752258,0.6011640429496765,0.3946998715400696,0.0,0.3773651719093323,0.6113942265510559,0.9228020906448364,1.2399803400039673,1.5462939739227295,1.7389851808547974,1.7129970788955688,1.488358497619629,1.5494977235794067,1.621299386024475,1.3241491317749023,1.4120758771896362,1.2855983972549438,0.9974584579467773,0.9953433871269226,0.909913182258606,1.0563316345214844,1.1336780786514282,1.2932217121124268,1.6566462516784668,1.7334589958190918,1.8366098403930664,1.778220295906067,1.860784649848938,1.938232421875,1.7171964645385742,1.8042725324630737,1.727161169052124,1.4942352771759033,1.5045074224472046,1.4526718854904175,1.5474721193313599,1.611017107963562,1.6602703332901,2.0137078762054443,2.0004169940948486,2.1097936630249023,2.1336538791656494,2.2112510204315186,2.3059628009796143,2.1452677249908447,2.2325851917266846,2.1787567138671875,1.9745337963104248,2.0035808086395264,1.9831647872924805,2.0583977699279785,2.1791346073150635,2.1044249534606934,2.42441463470459,2.334439992904663,2.4544434547424316,2.5217301845550537,2.610319137573242,2.7172865867614746,2.611708879470825,2.6874353885650635,2.6551191806793213,2.476699113845825,2.5245370864868164,2.5290539264678955,2.55781888961792,2.7611136436462402,2.5829243659973145,2.8878042697906494,2.827864170074463,3.0705220699310303
A9,2.033109664916992,1.7386114597320557,1.5661753416061401,1.2066023349761963,1.1912657022476196,0.8841056227684021,0.5504249334335327,0.3773651719093323,0.0,0.3863598108291626,0.5882915258407593,0.936851441860199,1.2426711320877075,1.4277706146240234,1.4242615699768066,1.494818925857544,1.6437281370162964,1.7918016910552979,1.523194670677185,1.680736780166626,1.5877043008804321,1.2611699104309082,1.2492843866348267,1.05963134765625,1.147809386253357,1.0989383459091187,1.203713297843933,1.5307692289352417,1.5414801836013794,1.6319472789764404,1.7931599617004395,1.947245717048645,2.0908381938934326,1.8889354467391968,2.0352065563201904,1.9843217134475708,1.7104038000106812,1.715190052986145,1.5892319679260254,1.6556624174118042,1.6323801279067993,1.6423031091690063,1.9538577795028687,1.879178524017334,1.9679946899414062,2.1490111351013184,2.2850635051727295,2.43727445602417,2.291645050048828,2.4313924312591553,2.399583578109741,2.15775990486145,2.1867570877075195,2.1105146408081055,2.172419548034668,2.2299695014953613,2.12339448928833,2.40256404876709,2.2615766525268555,2.358535051345825,2.5328409671783447,2.6690077781677246,2.8256406784057617,2.735161304473877,2.8577969074249268,2.846623659133911,2.6352498531341553,2.691903591156006,2.6550369262695312,2.6951122283935547,2.8572213649749756,2.660886287689209,2.94232439994812,2.8356564044952393,3.0428624153137207
A10,2.396953821182251,2.1149590015411377,1.9273273944854736,1.5782034397125244,1.5211650133132935,1.2013717889785767,0.9101173281669617,0.6113942265510559,0.3863598108291626,0.0,0.3787413537502289,0.6362718939781189,0.9512976408004761,1.1952831745147705,1.2643622159957886,1.782069444656372,1.9543596506118774,2.082970142364502,1.7825777530670166,1.907194972038269,1.7515913248062134,1.402072548866272,1.2829225063323975,1.03466796875,0.9865018725395203,0.8812219500541687,0.8811156749725342,1.211187720298767,1.263566493988037,1.4316734075546265,2.018878698348999,2.2032129764556885,2.3348348140716553,2.0916171073913574,2.2154457569122314,2.109579086303711,1.8031121492385864,1.7268391847610474,1.5491318702697754,1.5250194072723389,1.4572209119796753,1.384791374206543,1.679673194885254,1.6274604797363281,1.775120496749878,2.3209550380706787,2.4917047023773193,2.639704704284668,2.4520230293273926,2.5783116817474365,2.4996159076690674,2.224142551422119,2.189817190170288,2.0664806365966797,2.0613951683044434,2.0835695266723633,1.91690993309021,2.1630361080169678,2.036442279815674,2.1788172721862793,2.664015531539917,2.8363089561462402,2.9933114051818848,2.8628084659576416,2.983241081237793,2.9325003623962402,2.686673402786255,2.6948697566986084,2.613067626953125,2.610060930252075,2.7343127727508545,2.495579242706299,2.741848945617676,2.6140992641448975,2.8245909214019775
A11,2.4849965572357178,2.2243683338165283,2.0907769203186035,1.7449430227279663,1.7582446336746216,1.4675124883651733,1.1316391229629517,0.9228020906448364,0.5882915258407593,0.3787413537502289,0.0,0.37695521116256714,0.6629337668418884,0.8833798766136169,0.987311601638794,1.8245428800582886,2.0607924461364746,2.245603322982788,1.976523995399475,2.155022382736206,2.0375423431396484,1.6719162464141846,1.5767004489898682,1.280943512916565,1.219830870628357,1.0050960779190063,0.954601526260376,1.1891719102859497,1.133776307106018,1.266906499862671,2.053833246231079,2.2932262420654297,2.477724075317383,2.25917387008667,2.4324822425842285,2.3590283393859863,2.0309274196624756,1.968900203704834,1.7435002326965332,1.7132803201675415,1.5675746202468872,1.473824381828308,1.7002540826797485,1.5685256719589233,1.674866795539856,2.344651937484741,2.562929391860962,2.759303331375122,2.5921292304992676,2.7645297050476074,2.713562250137329,2.414801597595215,2.3924765586853027,2.2280216217041016,2.2232470512390137,2.184962034225464,2.0031075477600098,2.199216842651367,2.014016628265381,2.116799831390381,2.674736261367798,2.8867716789245605,3.087222099304199,2.9761972427368164,3.1390275955200195,3.1139578819274902,2.8457107543945312,2.8699967861175537,2.7565484046936035,2.7734758853912354,2.8593404293060303,2.616527557373047,2.8386666774749756,2.666386365890503,2.830718755722046
A12,2.8595168590545654,2.5995144844055176,2.4661176204681396,2.1175718307495117,2.1180803775787354,1.8130125999450684,1.4867826700210571,1.2399803400039673,0.936851441860199,0.6362718939781189,0.37695521116256714,0.0,0.3839985132217407,0.7264503240585327,0.9750879406929016,2.1793172359466553,2.4268088340759277,2.605970621109009,2.3256030082702637,2.4864466190338135,2.3377559185028076,1.9689031839370728,1.8194142580032349,1.5081557035446167,1.356077790260315,1.1018362045288086,0.913875937461853,1.0758676528930664,1.0318464040756226,1.2436139583587646,2.3794548511505127,2.6360480785369873,2.817518472671509,2.5819554328918457,2.7425622940063477,2.6391708850860596,2.2984724044799805,2.187588691711426,1.9335460662841797,1.8329856395721436,1.6444571018218994,1.4641554355621338,1.6334956884384155,1.5081889629364014,1.6629966497421265,2.636005401611328,2.8772571086883545,3.07478928565979,2.8875815868377686,3.0529778003692627,2.974806785583496,2.6582131385803223,2.5933971405029297,2.394911050796509,2.334960460662842,2.2568788528442383,2.018883466720581,2.157865285873413,1.9783759117126465,2.114579200744629,2.933988571166992,3.1724419593811035,3.377368688583374,3.245107889175415,3.409048080444336,3.3601534366607666,3.069918632507324,3.0598931312561035,2.910261869430542,2.8930835723876953,2.938389301300049,2.6601622104644775,2.836578845977783,2.635946750640869,2.7881877422332764
A13,3.0527145862579346,2.8268609046936035,2.703862190246582,2.3775222301483154,2.3858985900878906,2.1069588661193848,1.7842875719070435,1.5462939739227295,1.2426711320877075,0.9512976408004761,0.6629337668418884,0.3839985132217407,0.0,0.38948318362236023,0.726824164390564,2.2982664108276367,2.582829475402832,2.774085521697998,2.50008487701416,2.6775102615356445,2.5329673290252686,2.1524293422698975,1.9914244413375854,1.645455241203308,1.4642709493637085,1.1429188251495361,0.9257158637046814,0.9392043948173523,0.7947975397109985,0.9957901835441589,2.4396302700042725,2.7350878715515137,2.9340288639068604,2.6957459449768066,2.8752965927124023,2.7736427783966064,2.4119768142700195,2.2859349250793457,1.987652063369751,1.8603205680847168,1.6046741008758545,1.4014525413513184,1.4811968803405762,1.2956998348236084,1.429031252861023,2.6418509483337402,2.923572301864624,3.142001152038574,2.948106050491333,3.1351046562194824,3.0573136806488037,2.715667963027954,2.6364197731018066,2.3931665420532227,2.3130574226379395,2.173527956008911,1.917664647102356,1.9942224025726318,1.7747159004211426,1.8886018991470337,2.8941123485565186,3.1714670658111572,3.398125648498535,3.2580935955047607,3.4475924968719482,3.399293899536133,3.0817837715148926,3.063743829727173,2.8736960887908936,2.8589067459106445,2.856196880340576,2.571580171585083,2.711911916732788,2.472013473510742,2.5796236991882324
A14,3.035449743270874,2.852278709411621,2.7521169185638428,2.457181692123413,2.4913668632507324,2.2547359466552734,1.9341444969177246,1.7389851808547974,1.4277706146240234,1.1952831745147705,0.8833798766136169,0.7264503240585327,0.38948318362236023,0.0,0.40162962675094604,2.2247939109802246,2.5465614795684814,2.760648727416992,2.512032985687256,2.7231690883636475,2.6114602088928223,2.2265193462371826,2.0954227447509766,1.7289711236953735,1.581941843032837,1.2225699424743652,1.07949697971344,0.9935123324394226,0.6975100636482239,0.7527862787246704,2.315009355545044,2.646857976913452,2.8738999366760254,2.6536147594451904,2.8680005073547363,2.7960927486419678,2.423891067504883,2.320913553237915,1.995614767074585,1.8935656547546387,1.5929231643676758,1.4379690885543823,1.4518474340438843,1.1737414598464966,1.2090942859649658,2.473224639892578,2.7902157306671143,3.038285493850708,2.858767032623291,3.0809805393218994,3.029693603515625,2.6745798587799072,2.6147725582122803,2.3450350761413574,2.287216901779175,2.1022579669952393,1.8751076459884644,1.9179503917694092,1.635202407836914,1.6748011112213135,2.690213680267334,2.9983694553375244,3.253634452819824,3.1269614696502686,3.3509182929992676,3.327045440673828,2.9952521324157715,2.998377561569214,2.7879700660705566,2.8070554733276367,2.7766427993774414,2.5163156986236572,2.648327589035034,2.3817384243011475,2.4361190795898438
A15,2.7994308471679688,2.6574149131774902,2.5629982948303223,2.3076157569885254,2.35084867477417,2.1637234687805176,1.8651212453842163,1.7129970788955688,1.4242615699768066,1.2643622159957886,0.987311601638794,0.9750879406929016,0.726824164390564,0.40162962675094604,0.0,1.940187931060791,2.2801313400268555,2.5009000301361084,2.274428367614746,2.510084867477417,2.4330973625183105,2.053395986557007,1.9645198583602905,1.5951857566833496,1.513074278831482,1.1525064706802368,1.1365714073181152,1.047714352607727,0.6866989731788635,0.526609480381012,1.9803110361099243,2.331327199935913,2.572209596633911,2.3675894737243652,2.60858416557312,2.5686774253845215,2.196244239807129,2.130342960357666,1.7987650632858276,1.7519785165786743,1.4445587396621704,1.3850651979446411,1.4001895189285278,1.0664597749710083,0.9835173487663269,2.1060125827789307,2.4402801990509033,2.7042505741119385,2.5382771492004395,2.7865846157073975,2.764172315597534,2.4074442386627197,2.380751371383667,2.1083834171295166,2.098325252532959,1.9058973789215088,1.7409836053848267,1.807258129119873,1.483004093170166,1.4437642097473145,2.3062634468078613,2.6258699893951416,2.8956854343414307,2.7826411724090576,3.0291097164154053,3.031203508377075,2.6990597248077393,2.7335922718048096,2.5279176235198975,2.591201066970825,2.5670297145843506,2.3486874103546143,2.5085277557373047,2.249481678009033,2.2827625274658203
B1,0.9478927850723267,0.9626154899597168,0.9140456318855286,0.9534063935279846,1.1038436889648438,1.2771010398864746,1.2513169050216675,1.488358497619629,1.494818925857544,1.782069444656372,1.8245428800582886,2.1793172359466553,2.2982664108276367,2.2247939109802246,1.940187931060791,0.0,0.3977891504764557,0.7464168667793274,0.8012313842773438,1.1896547079086304,1.4375338554382324,1.2814130783081055,1.5906504392623901,1.5256766080856323,1.8641786575317383,1.850396752357483,2.1796531677246094,2.3768091201782227,2.2468011379241943,2.058095932006836,0.47199881076812744,0.5977204442024231,0.9234066009521484,0.9811509251594543,1.3346593379974365,1.5785486698150635,1.4267711639404297,1.718462347984314,1.688601016998291,2.007434129714966,2.026550531387329,2.2937066555023193,2.5407564640045166,2.372218608856201,2.2192800045013428,0.9440416097640991,0.9905211329460144,1.2441506385803223,1.3114198446273804,1.6043637990951538,1.8165663480758667,1.6763346195220947,1.9481961727142334,1.9656133651733398,2.255922794342041,2.3357129096984863,2.465360164642334,2.771515369415283,2.564560890197754,2.450408935546875,1.4001010656356812,1.4275689125061035,1.6353126764297485,1.7241206169128418,1.9373137950897217,2.126035213470459,2.0110580921173096,2.2705013751983643,2.3385913372039795,2.575873374938965,2.786924123764038,2.7849535942077637,3.134509325027466,3.0759928226470947,3.199856996536255
B2,0.724131166934967,0.7644046545028687,0.6447139382362366,0.8235577344894409,0.9235121011734009,1.194196343421936,1.2830160856246948,1.5494977235794067,1.6437281370162964,1.9543596506118774,2.0607924461364746,2.4268088340759277,2.582829475402832,2.5465614795684814,2.2801313400268555,0.3977891504764557,0.0,0.3898129463195801,0.57685387134552,0.9394850134849548,1.2578439712524414,1.2061957120895386,1.5684272050857544,1.5979012250900269,1.968860149383545,2.027038812637329,2.3722968101501465,2.6035075187683105,2.522066116333008,2.364811420440674,0.6513230800628662,0.4912905991077423,0.6938056945800781,0.8209711313247681,1.1249423027038574,1.4119508266448975,1.3527936935424805,1.6891486644744873,1.745379090309143,2.0922276973724365,2.179544448852539,2.4654080867767334,2.743715524673462,2.6222431659698486,2.4982407093048096,1.0765711069107056,0.9672994613647461,1.111092209815979,1.2120906114578247,1.4428627490997314,1.6761468648910522,1.615078091621399,1.9172468185424805,2.008789300918579,2.320681095123291,2.459650993347168,2.616156578063965,2.9525232315063477,2.788543462753296,2.7000536918640137,1.5202440023422241,1.44294011592865,1.564409852027893,1.667192816734314,1.8157622814178467,2.0102763175964355,1.9628220796585083,2.234423875808716,2.3639016151428223,2.599776268005371,2.854921579360962,2.8780570030212402,3.2473106384277344,3.2314960956573486,3.38559889793396
B3,0.9077301621437073,0.9458542466163635,0.7066586017608643,0.9443544745445251,0.8959395289421082,1.2093148231506348,1.3940236568450928,1.621299386024475,1.7918016910552979,2.082970142364502,2.245603322982788,2.605970621109009,2.774085521697998,2.760648727416992,2.5009000301361084,0.7464168667793274,0.3898129463195801,0.0,0.3770129978656769,0.6369282007217407,1.0057293176651,1.0653330087661743,1.4494751691818237,1.564024567604065,1.9504283666610718,2.074486017227173,2.437830924987793,2.6831130981445312,2.651110887527466,2.5200459957122803,0.840893030166626,0.5349727869033813,0.4709697961807251,0.5916104912757874,0.8075377941131592,1.1207873821258545,1.1526129245758057,1.5170633792877197,1.6511168479919434,2.01680850982666,2.1667306423187256,2.475489616394043,2.7717440128326416,2.7010891437530518,2.604123115539551,1.1601409912109375,0.9474639892578125,0.9445058703422546,1.0187625885009766,1.1634550094604492,1.393186330795288,1.4020603895187378,1.7196447849273682,1.8766891956329346,2.2026712894439697,2.3942532539367676,2.5810039043426514,2.9403553009033203,2.824280261993408,2.7621495723724365,1.558276653289795,1.410431146621704,1.432440161705017,1.5029336214065552,1.5760743618011475,1.7498637437820435,1.7556029558181763,2.023728609085083,2.2041475772857666,2.4324111938476562,2.7235753536224365,2.7724437713623047,3.155163049697876,3.1832664012908936,3.365208625793457
B4,1.188688039779663,1.1208562850952148,0.8051077127456665,0.8967157602310181,0.734783411026001,0.9764149785041809,1.163305640220642,1.3241491317749023,1.523194670677185,1.7825777530670166,1.976523995399475,2.3256030082702637,2.50008487701416,2.512032985687256,2.274428367614746,0.8012313842773438,0.57685387134552,0.3770129978656769,0.0,0.38847923278808594,0.6838428378105164,0.6898227334022522,1.0734955072402954,1.197795033454895,1.5849469900131226,1.7327702045440674,2.0959739685058594,2.354754686355591,2.3564422130584717,2.2626986503601074,0.8988866209983826,0.7180303931236267,0.64321368932724,0.5083739757537842,0.6728420853614807,0.8796531558036804,0.844498872756958,1.1828621625900269,1.3155661821365356,1.669421911239624,1.835304617881775,2.132517099380493,2.445751190185547,2.4034981727600098,2.3458871841430664,1.2071681022644043,1.0762386322021484,1.0663502216339111,1.0022926330566406,1.1074966192245483,1.2395224571228027,1.1884733438491821,1.4566242694854736,1.5999890565872192,1.897705316543579,2.1004416942596436,2.2623448371887207,2.631833553314209,2.5371553897857666,2.51523494720459,1.5991346836090088,1.5154681205749512,1.5364795923233032,1.5142159461975098,1.5692973136901855,1.664252519607544,1.6172362565994263,1.8316333293914795,1.9865676164627075,2.1757638454437256,2.4669294357299805,2.4811792373657227,2.862664222717285,2.8906497955322266,3.0961384773254395
B5,1.4622575044631958,1.376001000404358,1.0156790018081665,1.1075904369354248,0.8258751034736633,1.0464214086532593,1.3110629320144653,1.4120758771896362,1.680736780166626,1.907194972038269,2.155022382736206,2.4864466190338135,2.6775102615356445,2.7231690883636475,2.510084867477417,1.1896547079086304,0.9394850134849548,0.6369282007217407,0.38847923278808594,0.0,0.38984373211860657,0.6065870523452759,0.96873939037323,1.2055482864379883,1.5790640115737915,1.8012547492980957,2.159855365753174,2.4359617233276367,2.4973461627960205,2.4467570781707764,1.24393892288208,1.0252816677093506,0.8121634125709534,0.6105186343193054,0.5140030384063721,0.627692699432373,0.7231504917144775,1.0456151962280273,1.2775176763534546,1.6204725503921509,1.8572062253952026,2.1540424823760986,2.486863613128662,2.5064473152160645,2.4931118488311768,1.4767435789108276,1.302535057067871,1.1791805028915405,1.0522568225860596,1.0113286972045898,1.0622973442077637,1.0861185789108276,1.323507308959961,1.5381555557250977,1.8206703662872314,2.0825321674346924,2.2547826766967773,2.6431610584259033,2.607006072998047,2.6284265518188477,1.8136579990386963,1.6935428380966187,1.6294000148773193,1.5511796474456787,1.5101945400238037,1.5369904041290283,1.5366554260253906,1.7080745697021484,1.9078326225280762,2.0596492290496826,2.386458396911621,2.4096219539642334,2.797226905822754,2.870429754257202,3.112050771713257
B6,1.8067538738250732,1.671302318572998,1.296061635017395,1.2895125150680542,0.9470428228378296,1.0394036769866943,1.29311203956604,1.2855983972549438,1.5877043008804321,1.7515913248062134,2.0375423431396484,2.3377559185028076,2.5329673290252686,2.6114602088928223,2.4330973625183105,1.4375338554382324,1.2578439712524414,1.0057293176651,0.6838428378105164,0.38984373211860657,0.0,0.38496044278144836,0.65191251039505,0.9617558121681213,1.3013644218444824,1.5767030715942383,1.9184839725494385,2.20658278465271,2.322866678237915,2.3254001140594482,1.4827181100845337,1.335911750793457,1.140264630317688,0.8489170670509338,0.6720144748687744,0.5271971821784973,0.5646448135375977,0.7719674110412598,1.0421741008758545,1.3414530754089355,1.6203089952468872,1.8926507234573364,2.2427523136138916,2.314589500427246,2.3566770553588867,1.6822174787521362,1.5656216144561768,1.4400626420974731,1.2242131233215332,1.1252713203430176,1.034885048866272,1.0082288980484009,1.138178825378418,1.3503170013427734,1.5756558179855347,1.8647308349609375,2.0065577030181885,2.403634548187256,2.411602735519409,2.488003730773926,1.987036108970642,1.9142409563064575,1.8431898355484009,1.6892740726470947,1.6182971000671387,1.5496348142623901,1.5053837299346924,1.589982509613037,1.7643390893936157,1.8507589101791382,2.180187940597534,2.1657323837280273,2.5464391708374023,2.6331846714019775,2.9073331356048584
B7,1.8146119117736816,1.6521413326263428,1.3022023439407349,1.2053910493850708,0.9073119163513184,0.9011884331703186,1.05778968334198,0.9974584579467773,1.2611699104309082,1.402072548866272,1.6719162464141846,1.9689031839370728,2.1524293422698975,2.2265193462371826,2.053395986557007,1.2814130783081055,1.2061957120895386,1.0653330087661743,0.6898227334022522,0.6065870523452759,0.38496044278144836,0.0,0.38793614506721497,0.6089428663253784,0.9759878516197205,1.2168219089508057,1.564834475517273,1.8537695407867432,1.9529849290847778,1.959309697151184,1.3478024005889893,1.306269884109497,1.2153520584106445,0.8951989412307739,0.863024115562439,0.7309838533401489,0.5316212177276611,0.6669870018959045,0.8100697994232178,1.097276210784912,1.324568748474121,1.5807899236679077,1.9338634014129639,1.9782637357711792,2.0239648818969727,1.571078896522522,1.5464218854904175,1.51060950756073,1.278090000152588,1.2760419845581055,1.1888086795806885,1.0333887338638306,1.1211949586868286,1.2288594245910645,1.4250383377075195,1.6612746715545654,1.7586522102355957,2.1470677852630615,2.1204917430877686,2.199512243270874,1.8944193124771118,1.8988069295883179,1.9006364345550537,1.740016222000122,1.7435455322265625,1.6818605661392212,1.5503648519515991,1.6209754943847656,1.716537356376648,1.796146035194397,2.0817174911499023,2.018644094467163,2.3883543014526367,2.4269726276397705,2.688081979751587
B8,2.1829264163970947,1.999218225479126,1.6550211906433105,1.5052032470703125,1.205404281616211,1.0953428745269775,1.1903094053268433,0.9953433871269226,1.2492843866348267,1.2829225063323975,1.5767004489898682,1.8194142580032349,1.9914244413375854,2.0954227447509766,1.9645198583602905,1.5906504392623901,1.5684272050857544,1.4494751691818237,1.0734955072402954,0.96873939037323,0.65191251039505,0.38793614506721497,0.0,0.37461599707603455,0.6561412811279297,0.9663311243057251,1.2871801853179932,1.5815914869308472,1.7448060512542725,1.8147408962249756,1.634543538093567,1.6460490226745605,1.563612461090088,1.2154980897903442,1.1486272811889648,0.9065955877304077,0.6525331735610962,0.5382726788520813,0.6239627599716187,0.8014191389083862,1.0621758699417114,1.2747037410736084,1.6453912258148193,1.748317003250122,1.8603992462158203,1.8120940923690796,1.837189793586731,1.8037567138671875,1.5223190784454346,1.4917973279953003,1.3148690462112427,1.106229305267334,1.057974934577942,1.106926679611206,1.2035342454910278,1.4424149990081787,1.4838581085205078,1.8733198642730713,1.8910579681396484,2.0331969261169434,2.0910985469818115,2.141303539276123,2.143894672393799,1.9302891492843628,1.9218140840530396,1.7907438278198242,1.6110159158706665,1.5923973321914673,1.6313225030899048,1.6346068382263184,1.8961786031723022,1.7765707969665527,2.1270880699157715,2.165590524673462,2.4553112983703613
B9,2.2359986305236816,2.05234432220459,1.7495110034942627,1.5556732416152954,1.3287625312805176,1.1728515625,1.148952603340149,0.909913182258606,1.05963134765625,1.03466796875,1.280943512916565,1.5081557035446167,1.645455241203308,1.7289711236953735,1.5951857566833496,1.5256766080856323,1.5979012250900269,1.564024567604065,1.197795033454895,1.2055482864379883,0.9617558121681213,0.6089428663253784,0.37461599707603455,0.0,0.3873828947544098,0.6151488423347473,0.966276228427887,1.2479491233825684,1.3798942565917969,1.446950078010559,1.5653226375579834,1.6679097414016724,1.6662057638168335,1.3269526958465576,1.3559662103652954,1.1645119190216064,0.8288845419883728,0.6941576600074768,0.5529543161392212,0.6644673347473145,0.8035662174224854,0.996139645576477,1.3608331680297852,1.417141079902649,1.5263230800628662,1.7381538152694702,1.8440560102462769,1.8834202289581299,1.607229471206665,1.6551697254180908,1.5077491998672485,1.2249447107315063,1.1620216369628906,1.0903247594833374,1.1500859260559082,1.2953436374664307,1.2825474739074707,1.648869276046753,1.6132872104644775,1.7489022016525269,2.0127387046813965,2.1313395500183105,2.196315288543701,1.9886767864227295,2.0460617542266846,1.9374884366989136,1.6969828605651855,1.6809066534042358,1.6428358554840088,1.6531826257705688,1.852117896080017,1.6909027099609375,2.0187935829162598,1.9957352876663208,2.2568795680999756
B10,2.5982155799865723,2.398514747619629,2.1054575443267822,1.8784750699996948,1.6599743366241455,1.4495097398757935,1.375791311264038,1.0563316345214844,1.147809386253357,0.9865018725395203,1.219830870628357,1.356077790260315,1.4642709493637085,1.581941843032837,1.513074278831482,1.8641786575317383,1.968860149383545,1.9504283666610718,1.5849469900131226,1.5790640115737915,1.3013644218444824,0.9759878516197205,0.6561412811279297,0.3873828947544098,0.0,0.37392693758010864,0.6477133631706238,0.9365760684013367,1.1535974740982056,1.3133872747421265,1.8965896368026733,2.033106565475464,2.041154623031616,1.695436954498291,1.708914875984192,1.4766261577606201,1.1445631980895996,0.9048051238059998,0.6896698474884033,0.5602279305458069,0.6269099712371826,0.6817193031311035,1.069120168685913,1.1881195306777954,1.3883955478668213,2.0385663509368896,2.181116819381714,2.228351354598999,1.932676911354065,1.9688241481781006,1.7781873941421509,1.4747129678726196,1.3226559162139893,1.1798830032348633,1.1105451583862305,1.200325608253479,1.0777546167373657,1.4145615100860596,1.4139984846115112,1.6249586343765259,2.2749218940734863,2.4316413402557373,2.5043413639068604,2.268845796585083,2.3247287273406982,2.17633318901062,1.904079556465149,1.8216243982315063,1.720113754272461,1.6583895683288574,1.7998266220092773,1.565982699394226,1.8460099697113037,1.796223759651184,2.0739800930023193
B11,2.653867483139038,2.4631714820861816,2.213465929031372,1.9668283462524414,1.8146387338638306,1.5953415632247925,1.4397640228271484,1.1336780786514282,1.0989383459091187,0.8812219500541687,1.0050960779190063,1.1018362045288086,1.1429188251495361,1.2225699424743652,1.1525064706802368,1.850396752357483,2.027038812637329,2.074486017227173,1.7327702045440674,1.8012547492980957,1.5767030715942383,1.2168219089508057,0.9663311243057251,0.6151488423347473,0.37392693758010864,0.0,0.3937331736087799,0.6399851441383362,0.7923861742019653,0.9568062424659729,1.8783656358718872,2.083341121673584,2.155621290206909,1.8334376811981201,1.9158750772476196,1.7324488162994385,1.3700621128082275,1.1711313724517822,0.8745091557502747,0.7340359687805176,0.5820545554161072,0.5520652532577515,0.8837447762489319,0.9035148620605469,1.096342921257019,2.0119476318359375,2.2169077396392822,2.3242223262786865,2.048896551132202,2.147610664367676,1.9958713054656982,1.658567190170288,1.5278894901275635,1.3147474527359009,1.2388875484466553,1.2139803171157837,1.0382213592529297,1.3093904256820679,1.2205204963684082,1.4078513383865356,2.2379279136657715,2.4488046169281006,2.575453519821167,2.3589847087860107,2.470456838607788,2.3545844554901123,2.0488710403442383,1.9875736236572266,1.834965467453003,1.798641324043274,1.8772292137145996,1.6241453886032104,1.8667794466018677,1.7440732717514038,1.969258189201355
B12,2.9662938117980957,2.7504899501800537,2.5147035121917725,2.233196258544922,2.095064401626587,1.8306937217712402,1.6363040208816528,1.2932217121124268,1.203713297843933,0.8811156749725342,0.954601526260376,0.913875937461853,0.9257158637046814,1.07949697971344,1.1365714073181152,2.1796531677246094,2.3722968101501465,2.437830924987793,2.0959739685058594,2.159855365753174,1.9184839725494385,1.564834475517273,1.2871801853179932,0.966276228427887,0.6477133631706238,0.3937331736087799,0.0,0.3911803960800171,0.6601834297180176,0.9711846113204956,2.2360808849334717,2.456235408782959,2.5412685871124268,2.2231454849243164,2.2995471954345703,2.100865602493286,1.747496485710144,1.5202841758728027,1.2328499555587769,1.0125675201416016,0.8216458559036255,0.5749331116676331,0.8299797177314758,0.8786489367485046,1.1645911931991577,2.3770439624786377,2.598445177078247,2.7161359786987305,2.4417455196380615,2.5356292724609375,2.368441581726074,2.032381534576416,1.8696359395980835,1.6397665739059448,1.495977520942688,1.4262876510620117,1.1560380458831787,1.338701605796814,1.264937400817871,1.5094016790390015,2.5948846340179443,2.8247711658477783,2.9615232944488525,2.7414042949676514,2.8525166511535645,2.721529722213745,2.4082248210906982,2.316288709640503,2.1353747844696045,2.054302453994751,2.0869526863098145,1.7837125062942505,1.9609103202819824,1.8013434410095215,2.0198256969451904
B13,3.220409631729126,3.032423973083496,2.812650203704834,2.546513795852661,2.4268908500671387,2.1830976009368896,1.977829933166504,1.6566462516784668,1.5307692289352417,1.211187720298767,1.1891719102859497,1.0758676528930664,0.9392043948173523,0.9935123324394226,1.047714352607727,2.3768091201782227,2.6035075187683105,2.6831130981445312,2.354754686355591,2.4359617233276367,2.20658278465271,1.8537695407867432,1.5815914869308472,1.2479491233825684,0.9365760684013367,0.6399851441383362,0.3911803960800171,0.0,0.4011545181274414,0.7653774619102478,2.378244161605835,2.6342413425445557,2.735896110534668,2.4201910495758057,2.5141797065734863,2.320343255996704,1.954884648323059,1.7152334451675415,1.3854440450668335,1.12862229347229,0.8352172374725342,0.519696056842804,0.5678604245185852,0.5663117170333862,0.9040709137916565,2.459163188934326,2.7200286388397217,2.8564059734344482,2.5761258602142334,2.6895174980163574,2.5215542316436768,2.162957191467285,1.9791245460510254,1.6934442520141602,1.5105829238891602,1.3455201387405396,1.0277185440063477,1.1008027791976929,0.9853859543800354,1.2446085214614868,2.6209938526153564,2.891059160232544,3.047086000442505,2.815964937210083,2.9514963626861572,2.817192554473877,2.474179983139038,2.365220546722412,2.1300108432769775,2.0418267250061035,2.0022947788238525,1.6805837154388428,1.7968254089355469,1.5783439874649048,1.7486604452133179
