,A1,A2,A3,A4,A5,A6,A7,A8,A9,A10,A11,A12,A13,A14,A15,B1,B2,B3,B4,B5,B6,B7,B8,B9,B10,B11,B12,B13,B14,B15,C1,C2,C3,C4,C5,C6,C7,C8,C9,C10,C11,C12,C13,C14,C15,D1,D2,D3,D4,D5,D6,D7,D8,D9,D10,D11,D12,D13,D14,D15,E1,E2,E3,E4,E5,E6,E7,E8,E9,E10,E11,E12,E13,E14,E15
A1,0.0,0.393644779920578,0.6400976777076721,0.9477959871292114,1.2607109546661377,1.5386141538619995,1.877563238143921,2.162060022354126,2.4507434368133545,2.576310873031616,2.656463146209717,2.439663887023926,2.6135318279266357,2.515686511993408,2.624483346939087,2.270589590072632,2.301163911819458,1.9810972213745117,1.9989330768585205,1.9410301446914673,1.9149041175842285,2.1766905784606934,2.1951398849487305,2.5193607807159424,2.837512969970703,2.7705538272857666,3.0428202152252197,2.892643451690674,3.0943243503570557,3.1095380783081055,3.7475662231445312,3.4548380374908447,3.630455255508423,3.3896851539611816,3.4539103507995605,3.3748857975006104,3.2928667068481445,3.3744688034057617,3.152255058288574,3.364051342010498,3.237565755844116,3.48820424079895,3.4311821460723877,3.6111502647399902,3.7124335765838623,4.698999404907227,4.365871429443359,4.512450695037842,4.240872859954834,4.31010103225708,4.2223029136657715,4.151375770568848,4.232548713684082,3.9824166297912598,4.045703411102295,3.8721652030944824,4.110016822814941,4.064429759979248,4.207435607910156,4.328137397766113,5.492767810821533,5.303288459777832,5.3489274978637695,5.094583034515381,5.270896911621094,5.181773662567139,5.18288516998291,5.203620910644531,4.979363918304443,4.941967010498047,4.683279991149902,4.840469837188721,4.762220859527588,4.797690391540527,4.896331310272217
A2,0.393644779920578,0.0,0.3921574354171753,0.6143655776977539,0.9669063091278076,1.247151494026184,1.5574445724487305,1.8596739768981934,2.1239213943481445,2.2630956172943115,2.3438215255737305,2.1493985652923584,2.329148054122925,2.276275396347046,2.39445424079895,2.1374030113220215,2.105823040008545,1.7702454328536987,1.7360743284225464,1.632593035697937,1.5730552673339844,1.810889482498169,1.810852289199829,2.1370222568511963,2.4508540630340576,2.3906280994415283,2.673835277557373,2.5437841415405273,2.7607336044311523,2.8009121417999268,3.526106357574463,3.217482805252075,3.3803529739379883,3.1162283420562744,3.177701473236084,3.0703845024108887,2.9875662326812744,3.0448176860809326,2.8052659034729004,3.0005416870117188,2.870405435562134,3.120100259780884,3.078212022781372,3.2610936164855957,3.383100986480713,4.423645973205566,4.085781574249268,4.228665828704834,3.9417226314544678,4.0130133628845215,3.9044737815856934,3.8354787826538086,3.897550344467163,3.6378467082977295,3.684525489807129,3.50650691986084,3.740288257598877,3.7055246829986572,3.8456239700317383,3.9815189838409424,5.174779415130615,4.978750705718994,5.030743598937988,4.7664055824279785,4.941941738128662,4.838743686676025,4.841187000274658,4.848815441131592,4.6209516525268555,4.571944713592529,4.309757232666016,4.461916923522949,4.39033317565918,4.421404838562012,4.529224872589111
A3,0.6400976777076721,0.3921574354171753,0.0,0.3880571722984314,0.6344559788703918,0.9597712159156799,1.2710950374603271,1.58901047706604,1.885898470878601,2.0627341270446777,2.1986539363861084,2.0514113903045654,2.2875545024871826,2.2617173194885254,2.4389357566833496,2.3745226860046387,2.316795825958252,1.998622179031372,1.8938229084014893,1.7784925699234009,1.6336438655853271,1.8397572040557861,1.7583098411560059,2.039964199066162,2.375044107437134,2.3745310306549072,2.6855103969573975,2.5917959213256836,2.8511765003204346,2.909526824951172,3.6587483882904053,3.327167510986328,3.449589729309082,3.162186861038208,3.179185152053833,3.0400116443634033,2.9125564098358154,2.9369421005249023,2.682415723800659,2.8850176334381104,2.7991740703582764,3.0809390544891357,3.083601713180542,3.299257755279541,3.4478464126586914,4.519201278686523,4.166248798370361,4.27810525894165,3.971437692642212,4.0105509757995605,3.8747341632843018,3.772110939025879,3.80877685546875,3.5265791416168213,3.57450532913208,3.429291009902954,3.686232566833496,3.6904144287109375,3.852968692779541,4.018646717071533,5.238578796386719,5.020351409912109,5.057623863220215,4.7732625007629395,4.923154354095459,4.798194408416748,4.773632526397705,4.761786937713623,4.510289192199707,4.458024978637695,4.215877056121826,4.386982440948486,4.347990989685059,4.393698215484619,4.532711029052734
A4,0.9477959871292114,0.6143655776977539,0.3880571722984314,0.0,0.392199844121933,0.6441165804862976,0.9434892535209656,1.2526582479476929,1.524607539176941,1.6933398246765137,1.8215008974075317,1.687525987625122,1.9312416315078735,1.9386247396469116,2.1316399574279785,2.205991744995117,2.103835344314575,1.8036843538284302,1.6358684301376343,1.5130770206451416,1.3120362758636475,1.507421851158142,1.4036612510681152,1.6688891649246216,2.0150978565216064,2.029869318008423,2.3413279056549072,2.253812313079834,2.5350844860076904,2.5967774391174316,3.3699545860290527,3.025068521499634,3.126027822494507,2.8235630989074707,2.827507734298706,2.671003580093384,2.537665843963623,2.551820755004883,2.294473171234131,2.4987568855285645,2.418745517730713,2.7091848850250244,2.721670389175415,2.953244924545288,3.10819935798645,4.1912360191345215,3.8320953845977783,3.930957794189453,3.615049362182617,3.6460394859313965,3.4992740154266357,3.392402172088623,3.4225850105285645,3.1386783123016357,3.1878106594085693,3.046786069869995,3.310581922531128,3.321472406387329,3.4966323375701904,3.6685805320739746,4.8916521072387695,4.663902759552002,4.6949968338012695,4.404160022735596,4.546760559082031,4.417016506195068,4.3881354331970215,4.375051498413086,4.123124122619629,4.0745930671691895,3.8353817462921143,4.01365852355957,3.9774320125579834,4.0349297523498535,4.179810047149658
A5,1.2607109546661377,0.9669063091278076,0.6344559788703918,0.392199844121933,0.0,0.3883468210697174,0.6502426266670227,0.9880697727203369,1.295980453491211,1.5198345184326172,1.7192968130111694,1.6587966680526733,1.9589097499847412,2.00512433052063,2.252694606781006,2.5044798851013184,2.38029408454895,2.103816509246826,1.8846396207809448,1.7529391050338745,1.484951138496399,1.6236388683319092,1.4292793273925781,1.6197421550750732,1.9757479429244995,2.061328172683716,2.393540859222412,2.352001667022705,2.6685476303100586,2.750753879547119,3.541936159133911,3.180436849594116,3.238133668899536,2.91577410697937,2.87296986579895,2.6807734966278076,2.5003573894500732,2.4702727794647217,2.1970269680023193,2.4016475677490234,2.3757455348968506,2.6951754093170166,2.759305953979492,3.0199482440948486,3.2024953365325928,4.30755090713501,3.937882423400879,4.004091262817383,3.6702754497528076,3.667896270751953,3.490652561187744,3.349170207977295,3.346862316131592,3.039278745651245,3.0856547355651855,2.9834647178649902,3.268007755279541,3.323272466659546,3.518510580062866,3.7214958667755127,4.962342739105225,4.713618278503418,4.730844020843506,4.4206862449646,4.535268306732178,4.381239891052246,4.324070930480957,4.287473201751709,4.010883808135986,3.9567577838897705,3.7412917613983154,3.9375720024108887,3.938328981399536,4.009667873382568,4.187343597412109
A6,1.5386141538619995,1.247151494026184,0.9597712159156799,0.6441165804862976,0.3883468210697174,0.0,0.3863029479980469,0.63204026222229,0.9567831158638,1.1521022319793701,1.3635540008544922,1.3217685222625732,1.6507771015167236,1.7099847793579102,1.9949923753738403,2.427729368209839,2.2901649475097656,2.0623223781585693,1.7920808792114258,1.702523946762085,1.3848772048950195,1.5228838920593262,1.3098170757293701,1.4331797361373901,1.8084666728973389,1.9266740083694458,2.2410314083099365,2.193655252456665,2.53359055519104,2.5940325260162354,3.3250789642333984,2.953538417816162,2.9748117923736572,2.648320436477661,2.569214105606079,2.3715806007385254,2.1641764640808105,2.1364872455596924,1.881861686706543,2.117006540298462,2.1256792545318604,2.46828556060791,2.542475700378418,2.8343470096588135,3.0070838928222656,4.069904804229736,3.6916890144348145,3.729097843170166,3.3924479484558105,3.3617546558380127,3.182321548461914,3.0187764167785645,3.02113676071167,2.717252492904663,2.790659189224243,2.715601682662964,3.023674488067627,3.088228940963745,3.3153927326202393,3.5169546604156494,4.7299933433532715,4.466468334197998,4.460392475128174,4.145641326904297,4.239434719085693,4.088066577911377,4.012592792510986,3.9847607612609863,3.7055563926696777,3.6737749576568604,3.4764530658721924,3.6976888179779053,3.704387903213501,3.8070228099823,3.991011619567871
A7,1.877563238143921,1.5574445724487305,1.2710950374603271,0.9434892535209656,0.6502426266670227,0.3863029479980469,0.0,0.39741867780685425,0.6681331396102905,0.9529607892036438,1.2191017866134644,1.2847057580947876,1.6290336847305298,1.7684297561645508,2.0663044452667236,2.61820387840271,2.43280291557312,2.2184765338897705,1.9080644845962524,1.7784544229507446,1.4211931228637695,1.4676759243011475,1.1753565073013306,1.2131595611572266,1.5721601247787476,1.7516613006591797,2.0784637928009033,2.0898420810699463,2.4507405757904053,2.548676013946533,3.35349702835083,2.973588705062866,2.962517023086548,2.6132776737213135,2.5111241340637207,2.264662265777588,2.0359199047088623,1.9421240091323853,1.6546987295150757,1.8579025268554688,1.9015446901321411,2.2535059452056885,2.3792307376861572,2.681821346282959,2.8897578716278076,3.9987735748291016,3.6198108196258545,3.638875722885132,3.283674716949463,3.2407310009002686,3.023277997970581,2.8470864295959473,2.80442476272583,2.476444959640503,2.522528648376465,2.466848850250244,2.7773098945617676,2.8813977241516113,3.110852003097534,3.3438870906829834,4.580419540405273,4.304388046264648,4.300701141357422,3.969399929046631,4.048488616943359,3.869131326675415,3.7821404933929443,3.7248075008392334,3.42887020111084,3.3776371479034424,3.1899046897888184,3.412574052810669,3.448476552963257,3.550795793533325,3.761171817779541
A8,2.162060022354126,1.8596739768981934,1.58901047706604,1.2526582479476929,0.9880697727203369,0.63204026222229,0.39741867780685425,0.0,0.37750664353370667,0.6193786263465881,0.9340008497238159,1.0563572645187378,1.4295177459716797,1.5794973373413086,1.9163668155670166,2.6471023559570312,2.4629955291748047,2.305100440979004,1.9645320177078247,1.8912022113800049,1.5153559446334839,1.56321382522583,1.2820210456848145,1.2241394519805908,1.577826738357544,1.7902036905288696,2.0785892009735107,2.081050157546997,2.4555819034576416,2.521855115890503,3.2253639698028564,2.8410630226135254,2.7840120792388916,2.4386119842529297,2.285874128341675,2.0373902320861816,1.766995906829834,1.6733479499816895,1.422660231590271,1.6695663928985596,1.7722159624099731,2.1474382877349854,2.2849273681640625,2.6205217838287354,2.8101184368133545,3.8449251651763916,3.459138870239258,3.439913749694824,3.0859336853027344,3.002483367919922,2.784477949142456,2.5745272636413574,2.537260055541992,2.2157607078552246,2.3029518127441406,2.293173313140869,2.633031129837036,2.750218152999878,3.018526792526245,3.2460169792175293,4.433243274688721,4.140458583831787,4.105471134185791,3.7705795764923096,3.8197860717773438,3.644840717315674,3.5305981636047363,3.484592914581299,3.1841347217559814,3.164797067642212,3.006971597671509,3.2630155086517334,3.3089818954467773,3.451463222503662,3.6683852672576904
A9,2.4507434368133545,2.1239213943481445,1.885898470878601,1.524607539176941,1.295980453491211,0.9567831158638,0.6681331396102905,0.37750664353370667,0.0,0.3694051504135132,0.6997485756874084,0.9390207529067993,1.284315824508667,1.5128806829452515,1.8371058702468872,2.6709046363830566,2.446960210800171,2.320603132247925,1.9516353607177734,1.8684641122817993,1.4814915657043457,1.4601716995239258,1.1615341901779175,0.998396635055542,1.3156278133392334,1.5673296451568604,1.831750750541687,1.867833137512207,2.250431776046753,2.3310062885284424,3.0625669956207275,2.677659749984741,2.5904765129089355,2.2319400310516357,2.0626375675201416,1.7754509449005127,1.496382236480713,1.3477308750152588,1.0772793292999268,1.3091001510620117,1.4449965953826904,1.8258382081985474,1.995217204093933,2.3420732021331787,2.5457191467285156,3.588449001312256,3.205106496810913,3.169947624206543,2.805093288421631,2.7137820720672607,2.46958589553833,2.2558727264404297,2.189946413040161,1.856632947921753,1.9317529201507568,1.9349794387817383,2.280073404312134,2.4181313514709473,2.6961164474487305,2.936673164367676,4.120258808135986,3.819023847579956,3.7829067707061768,3.4392447471618652,3.4794154167175293,3.290489435195923,3.1726438999176025,3.1150968074798584,2.811082363128662,2.7876105308532715,2.6332271099090576,2.894789934158325,2.9505398273468018,3.10331130027771,3.330533266067505
A10,2.576310873031616,2.2630956172943115,2.0627341270446777,1.6933398246765137,1.5198345184326172,1.1521022319793701,0.9529607892036438,0.6193786263465881,0.3694051504135132,0.0,0.36662301421165466,0.6497015953063965,0.9894236326217651,1.2208476066589355,1.5585912466049194,2.5136818885803223,2.298369884490967,2.2274599075317383,1.8491950035095215,1.831449270248413,1.4588578939437866,1.469985008239746,1.2445831298828125,1.062263011932373,1.3609942197799683,1.5808430910110474,1.7851181030273438,1.7731389999389648,2.1481595039367676,2.177342414855957,2.784331798553467,2.4010612964630127,2.2867188453674316,1.9400948286056519,1.7400939464569092,1.4717873334884644,1.1712713241577148,1.0722260475158691,0.873170793056488,1.1794748306274414,1.3288698196411133,1.7124402523040771,1.847725510597229,2.21368145942688,2.3742899894714355,3.3223941326141357,2.934824228286743,2.8793294429779053,2.5249075889587402,2.41133975982666,2.1899654865264893,1.963199257850647,1.9393352270126343,1.6364858150482178,1.7721256017684937,1.7896301746368408,2.152761697769165,2.263890504837036,2.572824001312256,2.781500816345215,3.9018607139587402,3.5961861610412598,3.5349249839782715,3.2003893852233887,3.230764627456665,3.0679690837860107,2.943807601928711,2.923203706741333,2.637634754180908,2.658545970916748,2.51455020904541,2.797839641571045,2.8296895027160645,3.0166163444519043,3.222977876663208
A11,2.656463146209717,2.3438215255737305,2.1986539363861084,1.8215008974075317,1.7192968130111694,1.3635540008544922,1.2191017866134644,0.9340008497238159,0.6997485756874084,0.36662301421165466,0.0,0.38480937480926514,0.6519339680671692,0.9307330250740051,1.243070363998413,2.2728941440582275,2.0473554134368896,2.02497935295105,1.641539216041565,1.6685643196105957,1.325242280960083,1.3472446203231812,1.2067973613739014,1.026509165763855,1.2901769876480103,1.4543194770812988,1.5962804555892944,1.5353773832321167,1.8946142196655273,1.8831284046173096,2.424515962600708,2.042602062225342,1.9204401969909668,1.5751299858093262,1.376181960105896,1.1180676221847534,0.8343273997306824,0.8075181245803833,0.6738116145133972,1.0261040925979614,1.131998896598816,1.4979913234710693,1.582070231437683,1.9524542093276978,2.074355125427246,2.969578742980957,2.5805625915527344,2.528360366821289,2.1805315017700195,2.0758533477783203,1.8785659074783325,1.6729761362075806,1.6978110074996948,1.4331769943237305,1.6026337146759033,1.5901062488555908,1.9495092630386353,2.0145177841186523,2.3350796699523926,2.509026527404785,3.590975284576416,3.2909300327301025,3.2246310710906982,2.902531623840332,2.9472997188568115,2.812434196472168,2.7081663608551025,2.7245616912841797,2.4708943367004395,2.5185434818267822,2.358534097671509,2.6395256519317627,2.6303720474243164,2.8305492401123047,3.005403757095337
A12,2.439663887023926,2.1493985652923584,2.0514113903045654,1.687525987625122,1.6587966680526733,1.3217685222625732,1.2847057580947876,1.0563572645187378,0.9390207529067993,0.6497015953063965,0.38480937480926514,0.0,0.3846634328365326,0.5805959105491638,0.9115868210792542,1.9208389520645142,1.7256193161010742,1.7193104028701782,1.3515136241912842,1.4460941553115845,1.139351487159729,1.2591367959976196,1.2148473262786865,1.1467829942703247,1.434293270111084,1.5106607675552368,1.6350854635238647,1.4878782033920288,1.8197426795959473,1.752103567123413,2.2046046257019043,1.8225579261779785,1.7464866638183594,1.4229339361190796,1.2716630697250366,1.102951169013977,0.8972516655921936,1.0188616514205933,0.9460151791572571,1.288666009902954,1.3032135963439941,1.6325719356536865,1.6290696859359741,1.9759551286697388,2.0458734035491943,2.8859755992889404,2.4966413974761963,2.477851152420044,2.1563680171966553,2.0838544368743896,1.9503843784332275,1.7864789962768555,1.8848915100097656,1.6719101667404175,1.85825777053833,1.7967681884765625,2.1312317848205566,2.1298916339874268,2.43546462059021,2.5620808601379395,3.6120517253875732,3.333040714263916,3.2702088356018066,2.975046396255493,3.049572467803955,2.957035779953003,2.8818564414978027,2.9392616748809814,2.7195162773132324,2.7841219902038574,2.6031060218811035,2.8664534091949463,2.8113338947296143,3.001600980758667,3.135533332824707
A13,2.6135318279266357,2.329148054122925,2.2875545024871826,1.9312416315078735,1.9589097499847412,1.6507771015167236,1.6290336847305298,1.4295177459716797,1.284315824508667,0.9894236326217651,0.6519339680671692,0.3846634328365326,0.0,0.38288864493370056,0.6017895340919495,1.710709571838379,1.4997000694274902,1.5662331581115723,1.2095545530319214,1.3629125356674194,1.130030632019043,1.2491463422775269,1.3081951141357422,1.2513622045516968,1.4695647954940796,1.4748250246047974,1.5149037837982178,1.3064932823181152,1.5939520597457886,1.4666082859039307,1.8221015930175781,1.4401390552520752,1.365151286125183,1.0454503297805786,0.925386905670166,0.8126372694969177,0.7155610918998718,0.95146244764328,0.9701896905899048,1.2816029787063599,1.2308661937713623,1.498136281967163,1.418013334274292,1.7466033697128296,1.7587472200393677,2.521583080291748,2.1337151527404785,2.1290132999420166,1.8232531547546387,1.7771412134170532,1.687786340713501,1.5732994079589844,1.7306702136993408,1.5800403356552124,1.7815598249435425,1.6818126440048218,1.9865169525146484,1.9244199991226196,2.227437734603882,2.305708408355713,3.2974369525909424,3.0309903621673584,2.9676427841186523,2.6936423778533936,2.7905380725860596,2.7337050437927246,2.689091682434082,2.7856593132019043,2.608469247817993,2.69477915763855,2.498298168182373,2.7466013431549072,2.6455087661743164,2.8412630558013916,2.93485164642334
A14,2.515686511993408,2.276275396347046,2.2617173194885254,1.9386247396469116,2.00512433052063,1.7099847793579102,1.7684297561645508,1.5794973373413086,1.5128806829452515,1.2208476066589355,0.9307330250740051,0.5805959105491638,0.38288864493370056,0.0,0.389146089553833,1.5223400592803955,1.3916771411895752,1.4934591054916382,1.190381646156311,1.4328458309173584,1.2568050622940063,1.4651659727096558,1.565880537033081,1.5728329420089722,1.8156542778015137,1.790342092514038,1.8291041851043701,1.5748860836029053,1.8209595680236816,1.6381587982177734,1.779291033744812,1.4173463582992554,1.37747323513031,1.1344859600067139,1.0401570796966553,1.0610644817352295,0.9966899752616882,1.2900598049163818,1.3427238464355469,1.6620798110961914,1.60704505443573,1.8552613258361816,1.7345749139785767,2.0351369380950928,1.9972881078720093,2.622880458831787,2.2444026470184326,2.248260974884033,1.9888097047805786,1.9419455528259277,1.919967770576477,1.81337571144104,2.021683931350708,1.9087975025177002,2.136514186859131,2.0428197383880615,2.337385654449463,2.2459471225738525,2.5413196086883545,2.581150770187378,3.494418144226074,3.2437028884887695,3.1650383472442627,2.9198174476623535,3.0185115337371826,2.999551773071289,2.956979274749756,3.0858020782470703,2.926776647567749,3.037363290786743,2.8498265743255615,3.09906268119812,2.980875253677368,3.1801881790161133,3.2497684955596924
A15,2.624483346939087,2.39445424079895,2.4389357566833496,2.1316399574279785,2.252694606781006,1.9949923753738403,2.0663044452667236,1.9163668155670166,1.8371058702468872,1.5585912466049194,1.243070363998413,0.9115868210792542,0.6017895340919495,0.389146089553833,0.0,1.2469589710235596,1.1135683059692383,1.2976856231689453,1.0454182624816895,1.3469626903533936,1.2719210386276245,1.484639048576355,1.6733723878860474,1.7144923210144043,1.9070502519607544,1.810671091079712,1.7870087623596191,1.4776617288589478,1.6517724990844727,1.4068177938461304,1.4202932119369507,1.0681108236312866,1.092761754989624,0.8984366655349731,0.9226978421211243,1.0441310405731201,1.1152507066726685,1.4445782899856567,1.5246586799621582,1.7960666418075562,1.674430012702942,1.8522355556488037,1.6557738780975342,1.9045692682266235,1.8053016662597656,2.343263626098633,1.9787702560424805,2.0272603034973145,1.8038743734359741,1.815179467201233,1.8517217636108398,1.8180279731750488,2.067579746246338,2.006587028503418,2.220841884613037,2.08048939704895,2.327906608581543,2.1738901138305664,2.439840316772461,2.4263968467712402,3.277040958404541,3.0539681911468506,2.9898412227630615,2.7773189544677734,2.9126572608947754,2.931591033935547,2.9319427013397217,3.091683864593506,2.975635528564453,3.09126615524292,2.8815956115722656,3.1006786823272705,2.936272144317627,3.121307373046875,3.145113229751587
B1,2.270589590072632,2.1374030113220215,2.3745226860046387,2.205991744995117,2.5044798851013184,2.427729368209839,2.61820387840271,2.6471023559570312,2.6709046363830566,2.5136818885803223,2.2728941440582275,1.9208389520645142,1.710709571838379,1.5223400592803955,1.2469589710235596,0.0,0.38891175389289856,0.6076794862747192,0.8485985398292542,1.1889946460723877,1.4403599500656128,1.7326152324676514,2.0691945552825928,2.310225009918213,2.478612184524536,2.232820987701416,2.2134485244750977,1.8504233360290527,1.8433853387832642,1.5960569381713867,1.646832823753357,1.4822067022323608,1.7888767719268799,1.7355589866638184,1.9800971746444702,2.122480630874634,2.282170057296753,2.5547585487365723,2.5390000343322754,2.7309741973876953,2.485433340072632,2.5680181980133057,2.2848353385925293,2.3634743690490723,2.226011037826538,2.733858108520508,2.468754768371582,2.6868529319763184,2.553061008453369,2.719477653503418,2.810260534286499,2.8917765617370605,3.1317429542541504,3.074176788330078,3.201944351196289,2.956815242767334,3.104433298110962,2.8680622577667236,2.994223117828369,2.9148411750793457,3.722443103790283,3.603756904602051,3.634843349456787,3.495988368988037,3.732269287109375,3.7889394760131836,3.8832082748413086,4.046098232269287,3.9728667736053467,4.034094333648682,3.7558178901672363,3.8816628456115723,3.65080189704895,3.7294609546661377,3.6722774505615234
B2,2.301163911819458,2.105823040008545,2.316795825958252,2.103835344314575,2.38029408454895,2.2901649475097656,2.43280291557312,2.4629955291748047,2.446960210800171,2.298369884490967,2.0473554134368896,1.7256193161010742,1.4997000694274902,1.3916771411895752,1.1135683059692383,0.38891175389289856,0.0,0.38599440455436707,0.5536125302314758,0.8782352805137634,1.1460599899291992,1.3973388671875,1.7535358667373657,1.9850369691848755,2.1239511966705322,1.8628126382827759,1.830113172531128,1.4671521186828613,1.4585529565811157,1.2285571098327637,1.5197417736053467,1.3085589408874512,1.6105329990386963,1.502233862876892,1.7658278942108154,1.8622876405715942,2.038097620010376,2.2792508602142334,2.2434725761413574,2.4052176475524902,2.138239860534668,2.203514814376831,1.9196398258209229,1.9908115863800049,1.8757834434509277,2.5197062492370605,2.239476442337036,2.4656760692596436,2.2982943058013916,2.481999158859253,2.538431167602539,2.6321113109588623,2.8451223373413086,2.7750179767608643,2.8754069805145264,2.61222243309021,2.7467687129974365,2.512787342071533,2.628302812576294,2.565847158432007,3.447765588760376,3.319361686706543,3.3687644004821777,3.2108137607574463,3.455488681793213,3.489204168319702,3.59144926071167,3.7344605922698975,3.6566824913024902,3.698054075241089,3.4079999923706055,3.5216245651245117,3.292774200439453,3.3595168590545654,3.310007095336914
B3,1.9810972213745117,1.7702454328536987,1.998622179031372,1.8036843538284302,2.103816509246826,2.0623223781585693,2.2184765338897705,2.305100440979004,2.320603132247925,2.2274599075317383,2.02497935295105,1.7193104028701782,1.5662331581115723,1.4934591054916382,1.2976856231689453,0.6076794862747192,0.38599440455436707,0.0,0.3919592499732971,0.6163021326065063,0.930379331111908,1.2038731575012207,1.5527267456054688,1.8397526741027832,2.001723527908325,1.7412282228469849,1.7746140956878662,1.4485398530960083,1.4791781902313232,1.340649962425232,1.8752498626708984,1.6399519443511963,1.9175255298614502,1.753626823425293,1.9888060092926025,2.020170211791992,2.1540017127990723,2.3469111919403076,2.250422954559326,2.40366530418396,2.133479595184326,2.22367787361145,1.9801501035690308,2.057569980621338,2.0102598667144775,2.8130195140838623,2.524845838546753,2.7492899894714355,2.5469093322753906,2.725414514541626,2.7344141006469727,2.80780029296875,2.9796783924102783,2.8632709980010986,2.934272527694702,2.6643691062927246,2.8061649799346924,2.604982852935791,2.706362724304199,2.6900432109832764,3.674347400665283,3.5387520790100098,3.607530117034912,3.4252071380615234,3.669862747192383,3.668267011642456,3.7635040283203125,3.8715038299560547,3.7652037143707275,3.774416923522949,3.4734597206115723,3.580035924911499,3.3744869232177734,3.4160192012786865,3.393265724182129
B4,1.9989330768585205,1.7360743284225464,1.8938229084014893,1.6358684301376343,1.8846396207809448,1.7920808792114258,1.9080644845962524,1.9645320177078247,1.9516353607177734,1.8491950035095215,1.641539216041565,1.3515136241912842,1.2095545530319214,1.190381646156311,1.0454182624816895,0.8485985398292542,0.5536125302314758,0.3919592499732971,0.0,0.39311307668685913,0.5976132750511169,0.8885716199874878,1.2219079732894897,1.480198621749878,1.6614151000976562,1.4328335523605347,1.4885491132736206,1.1707919836044312,1.2863821983337402,1.171554684638977,1.8247014284133911,1.5283654928207397,1.745307207107544,1.519925594329834,1.7117727994918823,1.6956559419631958,1.8002979755401611,1.9735429286956787,1.8645706176757812,2.0284297466278076,1.7751160860061646,1.900465965270996,1.688145399093628,1.820230484008789,1.8100546598434448,2.705719470977783,2.3848586082458496,2.571155309677124,2.328709602355957,2.4754300117492676,2.447331428527832,2.4913923740386963,2.6433348655700684,2.5049896240234375,2.579566240310669,2.325507640838623,2.496116876602173,2.3258864879608154,2.462275266647339,2.482640504837036,3.5311715602874756,3.3625218868255615,3.4150917530059814,3.2020676136016846,3.4236066341400146,3.396855592727661,3.4681458473205566,3.5602879524230957,3.432382106781006,3.4409608840942383,3.149754285812378,3.278193473815918,3.0968499183654785,3.159409523010254,3.1696205139160156
B5,1.9410301446914673,1.632593035697937,1.7784925699234009,1.5130770206451416,1.7529391050338745,1.702523946762085,1.7784544229507446,1.8912022113800049,1.8684641122817993,1.831449270248413,1.6685643196105957,1.4460941553115845,1.3629125356674194,1.4328458309173584,1.3469626903533936,1.1889946460723877,0.8782352805137634,0.6163021326065063,0.39311307668685913,0.0,0.3878825902938843,0.6020554900169373,0.9549353718757629,1.265696406364441,1.4255563020706177,1.1772092580795288,1.2873382568359375,1.0326966047286987,1.1705533266067505,1.1760936975479126,2.0851142406463623,1.7864397764205933,1.9865894317626953,1.7218767404556274,1.9051284790039062,1.8164845705032349,1.9038095474243164,2.002599000930786,1.8291816711425781,1.9431068897247314,1.669368028640747,1.7866380214691162,1.6158946752548218,1.7281686067581177,1.7919422388076782,2.846409320831299,2.5304014682769775,2.724600315093994,2.453629732131958,2.613161563873291,2.5343899726867676,2.5804696083068848,2.677800416946411,2.5020220279693604,2.523226737976074,2.2492148876190186,2.4013071060180664,2.259206771850586,2.3615822792053223,2.4264562129974365,3.568661689758301,3.399275302886963,3.4829494953155518,3.2505245208740234,3.480050563812256,3.416182518005371,3.4941511154174805,3.5459494590759277,3.400588035583496,3.3665175437927246,3.0582098960876465,3.162193775177002,2.9986183643341064,3.02414608001709,3.0550129413604736
B6,1.9149041175842285,1.5730552673339844,1.6336438655853271,1.3120362758636475,1.484951138496399,1.3848772048950195,1.4211931228637695,1.5153559446334839,1.4814915657043457,1.4588578939437866,1.325242280960083,1.139351487159729,1.130030632019043,1.2568050622940063,1.2719210386276245,1.4403599500656128,1.1460599899291992,0.930379331111908,0.5976132750511169,0.3878825902938843,0.0,0.3752587139606476,0.6380491852760315,0.9384225010871887,1.1675477027893066,1.0013872385025024,1.1866124868392944,0.9911121726036072,1.2441716194152832,1.2853143215179443,2.2084732055664062,1.869660496711731,2.000627279281616,1.6891064643859863,1.7983251810073853,1.651863932609558,1.6725051403045654,1.7320935726165771,1.5243926048278809,1.662825345993042,1.4336155652999878,1.6212472915649414,1.5202635526657104,1.7066484689712524,1.8196091651916504,2.925414562225342,2.582719326019287,2.7276194095611572,2.4218103885650635,2.531724452972412,2.4106597900390625,2.406789541244507,2.4742937088012695,2.2607710361480713,2.2885119915008545,2.048907518386841,2.2473480701446533,2.1604559421539307,2.307420015335083,2.4210727214813232,3.611800193786621,3.40814471244812,3.468348741531372,3.2043306827545166,3.3993704319000244,3.3057003021240234,3.3469741344451904,3.376441478729248,3.1972458362579346,3.1614885330200195,2.8717589378356934,3.007728099822998,2.884796619415283,2.9359993934631348,3.0127367973327637
B7,2.1766905784606934,1.810889482498169,1.8397572040557861,1.507421851158142,1.6236388683319092,1.5228838920593262,1.4676759243011475,1.56321382522583,1.4601716995239258,1.469985008239746,1.3472446203231812,1.2591367959976196,1.2491463422775269,1.4651659727096558,1.484639048576355,1.7326152324676514,1.3973388671875,1.2038731575012207,0.8885716199874878,0.6020554900169373,0.3752587139606476,0.0,0.39363420009613037,0.683704137802124,0.8365825414657593,0.6411176919937134,0.8685817718505859,0.7637712955474854,1.051167368888855,1.1946814060211182,2.289313316345215,1.9536044597625732,2.058523654937744,1.7228729724884033,1.8294302225112915,1.6233803033828735,1.6523278951644897,1.6380043029785156,1.389582633972168,1.451122522354126,1.1916906833648682,1.3516812324523926,1.2930861711502075,1.4652591943740845,1.643798589706421,2.8615734577178955,2.5263147354125977,2.669984817504883,2.342876434326172,2.4649462699890137,2.3000707626342773,2.309675455093384,2.326486110687256,2.094282627105713,2.067002296447754,1.804908037185669,1.9768967628479004,1.913576364517212,2.0348987579345703,2.1873154640197754,3.440368175506592,3.2326221466064453,3.3158111572265625,3.0363779067993164,3.2355597019195557,3.1112773418426514,3.1620688438415527,3.158994674682617,2.974221706390381,2.903938055038452,2.599656820297241,2.712207794189453,2.601206064224243,2.6276650428771973,2.7219290733337402
B8,2.1951398849487305,1.810852289199829,1.7583098411560059,1.4036612510681152,1.4292793273925781,1.3098170757293701,1.1753565073013306,1.2820210456848145,1.1615341901779175,1.2445831298828125,1.2067973613739014,1.2148473262786865,1.3081951141357422,1.565880537033081,1.6733723878860474,2.0691945552825928,1.7535358667373657,1.5527267456054688,1.2219079732894897,0.9549353718757629,0.6380491852760315,0.39363420009613037,0.0,0.3871890902519226,0.6460980772972107,0.634526789188385,0.96849125623703,0.993565559387207,1.3293201923370361,1.507383108139038,2.5886855125427246,2.2357964515686035,2.288609266281128,1.928278923034668,1.9653708934783936,1.7027629613876343,1.6535911560058594,1.5628492832183838,1.2533867359161377,1.3085060119628906,1.1230463981628418,1.353278636932373,1.40372633934021,1.6233383417129517,1.8561819791793823,3.1037802696228027,2.7573580741882324,2.859550714492798,2.5072503089904785,2.5839483737945557,2.37129807472229,2.3304224014282227,2.294525384902954,2.0121772289276123,1.967162847518921,1.7496378421783447,1.9575546979904175,1.971899151802063,2.1174368858337402,2.327172040939331,3.6168997287750244,3.3837811946868896,3.4539387226104736,3.146336078643799,3.311224937438965,3.148096799850464,3.162950038909912,3.1208419799804688,2.8954904079437256,2.80513072013855,2.521210193634033,2.6549324989318848,2.600101947784424,2.6354331970214844,2.7831203937530518
B9,2.5193607807159424,2.1370222568511963,2.039964199066162,1.6688891649246216,1.6197421550750732,1.4331797361373901,1.2131595611572266,1.2241394519805908,0.998396635055542,1.062263011932373,1.026509165763855,1.1467829942703247,1.2513622045516968,1.5728329420089722,1.7144923210144043,2.310225009918213,1.9850369691848755,1.8397526741027832,1.480198621749878,1.265696406364441,0.9384225010871887,0.683704137802124,0.3871890902519226,0.0,0.38341641426086426,0.576709508895874,0.8891111612319946,1.0000669956207275,1.3695487976074219,1.5562150478363037,2.6059961318969727,2.245668888092041,2.2358782291412354,1.8591078519821167,1.840346097946167,1.5254286527633667,1.4382197856903076,1.2735031843185425,0.9328423738479614,0.952339231967926,0.8210641741752625,1.101838231086731,1.239396572113037,1.5088852643966675,1.7722039222717285,3.014404058456421,2.6617305278778076,2.7199466228485107,2.3483967781066895,2.387955665588379,2.1342499256134033,2.0640206336975098,1.9845802783966064,1.677127480506897,1.6179592609405518,1.432474970817566,1.6705520153045654,1.7409409284591675,1.9232505559921265,2.169374704360962,3.460470676422119,3.2019424438476562,3.253965377807617,2.924971580505371,3.0587663650512695,2.8693082332611084,2.8584961891174316,2.7945616245269775,2.5489912033081055,2.4554178714752197,2.188753843307495,2.3472909927368164,2.326885461807251,2.3909313678741455,2.5745415687561035
B10,2.837512969970703,2.4508540630340576,2.375044107437134,2.0150978565216064,1.9757479429244995,1.8084666728973389,1.5721601247787476,1.577826738357544,1.3156278133392334,1.3609942197799683,1.2901769876480103,1.434293270111084,1.4695647954940796,1.8156542778015137,1.9070502519607544,2.478612184524536,2.1239511966705322,2.001723527908325,1.6614151000976562,1.4255563020706177,1.1675477027893066,0.8365825414657593,0.6460980772972107,0.38341641426086426,0.0,0.36904463171958923,0.6406984925270081,0.8838738203048706,1.2172127962112427,1.4675692319869995,2.6012604236602783,2.263690233230591,2.2472434043884277,1.8768036365509033,1.8836796283721924,1.5506870746612549,1.5180120468139648,1.3099597692489624,0.986740231513977,0.8608643412590027,0.6599552035331726,0.8421100378036499,1.029660940170288,1.2557902336120605,1.5702327489852905,2.867326498031616,2.53642201423645,2.603625774383545,2.2298216819763184,2.2980151176452637,2.019592761993408,1.9911952018737793,1.8706649541854858,1.5744901895523071,1.4401882886886597,1.2065929174423218,1.3840709924697876,1.4676239490509033,1.6084682941436768,1.8846769332885742,3.2057008743286133,2.953347682952881,3.0339784622192383,2.7022316455841064,2.850407838821411,2.641216516494751,2.6572163105010986,2.5691003799438477,2.337951183319092,2.2075655460357666,1.9136441946029663,2.0314719676971436,2.007373571395874,2.0399558544158936,2.2300002574920654
B11,2.7705538272857666,2.3906280994415283,2.3745310306549072,2.029869318008423,2.061328172683716,1.9266740083694458,1.7516613006591797,1.7902036905288696,1.5673296451568604,1.5808430910110474,1.4543194770812988,1.5106607675552368,1.4748250246047974,1.790342092514038,1.810671091079712,2.232820987701416,1.8628126382827759,1.7412282228469849,1.4328335523605347,1.1772092580795288,1.0013872385025024,0.6411176919937134,0.634526789188385,0.576709508895874,0.36904463171958923,0.0,0.37257084250450134,0.5883203744888306,0.8919664025306702,1.170786738395691,2.3863484859466553,2.067479133605957,2.104764938354492,1.7527869939804077,1.834194302558899,1.5481542348861694,1.5945930480957031,1.4614489078521729,1.1904568672180176,1.085170030593872,0.7809135317802429,0.8498120903968811,0.9042520523071289,1.0589849948883057,1.354486107826233,2.685080051422119,2.367877960205078,2.486675262451172,2.1331498622894287,2.2592673301696777,2.023606300354004,2.055021286010742,1.9845385551452637,1.7392030954360962,1.6155366897583008,1.3197752237319946,1.4367539882659912,1.4257463216781616,1.515615463256836,1.7429170608520508,3.067042827606201,2.8445284366607666,2.952713966369629,2.647818088531494,2.8409857749938965,2.666562795639038,2.728404998779297,2.6742284297943115,2.4869933128356934,2.3666164875030518,2.043304681777954,2.1212010383605957,2.03200364112854,2.0330514907836914,2.1642773151397705
B12,3.0428202152252197,2.673835277557373,2.6855103969573975,2.3413279056549072,2.393540859222412,2.2410314083099365,2.0784637928009033,2.0785892009735107,1.831750750541687,1.7851181030273438,1.5962804555892944,1.6350854635238647,1.5149037837982178,1.8291041851043701,1.7870087623596191,2.2134485244750977,1.830113172531128,1.7746140956878662,1.4885491132736206,1.2873382568359375,1.1866124868392944,0.8685817718505859,0.96849125623703,0.8891111612319946,0.6406984925270081,0.37257084250450134,0.0,0.38028115034103394,0.6107757091522217,0.9120113253593445,2.141787528991699,1.8506138324737549,1.885174036026001,1.5560803413391113,1.6770541667938232,1.4138692617416382,1.537867546081543,1.4326192140579224,1.2372604608535767,1.0906492471694946,0.7281877398490906,0.6365116834640503,0.5937125086784363,0.6895490884780884,0.9943294525146484,2.3428032398223877,2.0415360927581787,2.176853656768799,1.8348658084869385,1.9993427991867065,1.7794179916381836,1.8685052394866943,1.8163330554962158,1.6282694339752197,1.4963728189468384,1.1523118019104004,1.2038859128952026,1.1201919317245483,1.1848394870758057,1.3825916051864624,2.7018961906433105,2.489135503768921,2.6117241382598877,2.320427179336548,2.538780450820923,2.383941173553467,2.481667995452881,2.4515221118927,2.307798385620117,2.2003235816955566,1.858459711074829,1.9099526405334473,1.7667909860610962,1.7668029069900513,1.8557389974594116
B13,2.892643451690674,2.5437841415405273,2.5917959213256836,2.253812313079834,2.352001667022705,2.193655252456665,2.0898420810699463,2.081050157546997,1.867833137512207,1.7731389999389648,1.5353773832321167,1.4878782033920288,1.3064932823181152,1.5748860836029053,1.4776617288589478,1.8504233360290527,1.4671521186828613,1.4485398530960083,1.1707919836044312,1.0326966047286987,0.9911121726036072,0.7637712955474854,0.993565559387207,1.0000669956207275,0.8838738203048706,0.5883203744888306,0.38028115034103394,0.0,0.3839089870452881,0.5869970321655273,1.8172290325164795,1.5195820331573486,1.5973457098007202,1.2804508209228516,1.4546072483062744,1.2570208311080933,1.429201602935791,1.424443006515503,1.2846430540084839,1.233412742614746,0.871728241443634,0.8237805962562561,0.6136912107467651,0.7185607552528381,0.8844301104545593,2.165109634399414,1.8498852252960205,2.0136358737945557,1.6926971673965454,1.8782143592834473,1.722840428352356,1.8293848037719727,1.8585381507873535,1.7122743129730225,1.6560673713684082,1.3219996690750122,1.4012266397476196,1.2392566204071045,1.3340791463851929,1.437741756439209,2.678807497024536,2.4794299602508545,2.583937883377075,2.3198132514953613,2.553933620452881,2.452178955078125,2.557753562927246,2.5839452743530273,2.465567111968994,2.40909481048584,2.078819990158081,2.1524360179901123,1.9690626859664917,2.000344753265381,2.0377445220947266
