,A1,A2,A3,A4,A5,A6,A7,A8,A9,A10,A11,A12,A13,A14,A15,B1,B2,B3,B4,B5,B6,B7,B8,B9,B10,B11,B12,B13,B14,B15,C1,C2,C3,C4,C5,C6,C7,C8,C9,C10,C11,C12,C13,C14,C15,D1,D2,D3,D4,D5,D6,D7,D8,D9,D10,D11,D12,D13,D14,D15,E1,E2,E3,E4,E5,E6,E7,E8,E9,E10,E11,E12,E13,E14,E15
A1,0.0,0.3851117789745331,0.6236061453819275,0.9371516108512878,1.2216262817382812,1.56308114528656,1.8962440490722656,2.2225542068481445,2.522662878036499,2.682985305786133,2.4866743087768555,2.3847296237945557,2.013077735900879,1.9767264127731323,1.6284915208816528,0.8164552450180054,0.7644758224487305,0.8552766442298889,1.1290632486343384,1.3430660963058472,1.662675142288208,1.973218560218811,2.2758617401123047,2.5710415840148926,2.785374164581299,2.565586566925049,2.5027403831481934,2.1565794944763184,2.1408276557922363,1.856289029121399,1.3850725889205933,1.2469534873962402,1.3140745162963867,1.4765831232070923,1.6253175735473633,1.9004865884780884,2.1216228008270264,2.5008537769317627,2.637784481048584,2.883666515350342,2.679138660430908,2.6834847927093506,2.3763656616210938,2.3950815200805664,2.161895990371704,1.9699724912643433,1.8024169206619263,1.7936694622039795,1.8971188068389893,1.989107608795166,2.2065956592559814,2.419485569000244,2.6977124214172363,2.847587823867798,3.125498056411743,2.947692394256592,2.959632396697998,2.6811721324920654,2.7212610244750977,2.5293824672698975,2.5584168434143066,2.3158583641052246,2.316793203353882,2.3739683628082275,2.4416041374206543,2.6567130088806152,2.758012533187866,3.0981173515319824,3.108578681945801,3.395998239517212,3.191695213317871,3.2658331394195557,3.000307559967041,3.0635948181152344,2.8760721683502197
A2,0.3851117789745331,0.0,0.38854509592056274,0.6003339290618896,0.9265611171722412,1.2338248491287231,1.5850605964660645,1.897262454032898,2.1768147945404053,2.33408784866333,2.1243937015533447,2.03259539604187,1.6642764806747437,1.6416629552841187,1.3145424127578735,0.8632580637931824,0.6658234596252441,0.7785762548446655,0.9280312657356262,1.14462411403656,1.4094057083129883,1.7228285074234009,1.9957860708236694,2.269280433654785,2.47745943069458,2.2417995929718018,2.19236159324646,1.8582350015640259,1.8557716608047485,1.6068142652511597,1.443637490272522,1.2309626340866089,1.3005080223083496,1.3630739450454712,1.5038673877716064,1.719435214996338,1.9365617036819458,2.2962353229522705,2.386507511138916,2.6235270500183105,2.4015684127807617,2.4191410541534424,2.132002115249634,2.158890962600708,1.9652507305145264,2.014906167984009,1.7978335618972778,1.8049312829971313,1.8340181112289429,1.9200716018676758,2.0799472332000732,2.2800350189208984,2.5195670127868652,2.637958288192749,2.902757406234741,2.709953546524048,2.736889123916626,2.4820480346679688,2.5266451835632324,2.373159885406494,2.589848041534424,2.3188693523406982,2.3406925201416016,2.3393988609313965,2.4112236499786377,2.5786447525024414,2.672761917114258,2.986198663711548,2.9535648822784424,3.2191693782806396,3.0003058910369873,3.0825579166412354,2.8390867710113525,2.9003963470458984,2.7466886043548584
A3,0.6236061453819275,0.38854509592056274,0.0,0.37835273146629333,0.5997368693351746,0.9529412388801575,1.2763394117355347,1.6065045595169067,1.9182158708572388,2.090536594390869,1.9297157526016235,1.8715153932571411,1.5232431888580322,1.581089735031128,1.2948452234268188,1.0114001035690308,0.7069219946861267,0.6236165761947632,0.7099231481552124,0.8180791139602661,1.0980584621429443,1.3802456855773926,1.6834269762039185,1.9603818655014038,2.196925163269043,2.0034313201904297,1.9945796728134155,1.6841278076171875,1.7537726163864136,1.5472736358642578,1.4931849241256714,1.2075849771499634,1.1667568683624268,1.1725045442581177,1.2277336120605469,1.4267148971557617,1.5991809368133545,1.9618169069290161,2.0599467754364014,2.324721097946167,2.1401052474975586,2.1998722553253174,1.9377834796905518,2.0275635719299316,1.8740817308425903,2.0162320137023926,1.745889663696289,1.6833032369613647,1.6628494262695312,1.6806269884109497,1.8159123659133911,1.9720293283462524,2.2198128700256348,2.3161439895629883,2.604717493057251,2.446957588195801,2.513679265975952,2.285264730453491,2.38354754447937,2.266740083694458,2.550598382949829,2.2419049739837646,2.21437931060791,2.1717216968536377,2.1924405097961426,2.3315932750701904,2.3834025859832764,2.690854072570801,2.6419310569763184,2.922581434249878,2.731417655944824,2.851308822631836,2.635154962539673,2.7420108318328857,2.62172794342041
A4,0.9371516108512878,0.6003339290618896,0.37835273146629333,0.0,0.3867693245410919,0.6444495916366577,1.0133540630340576,1.3024406433105469,1.596397042274475,1.7460486888885498,1.5620813369750977,1.501317024230957,1.1552883386611938,1.235122561454773,0.9896479845046997,1.1302825212478638,0.767422080039978,0.7239971160888672,0.6006613969802856,0.7045836448669434,0.868833601474762,1.1634011268615723,1.4124550819396973,1.6713773012161255,1.8856678009033203,1.6652182340621948,1.660814642906189,1.363374948501587,1.4484304189682007,1.292432427406311,1.5685142278671265,1.2430840730667114,1.2201378345489502,1.1115237474441528,1.1659563779830933,1.2744908332824707,1.4513353109359741,1.77875816822052,1.8210700750350952,2.0618696212768555,1.8490251302719116,1.9136685132980347,1.6740370988845825,1.767985463142395,1.6625690460205078,2.050086259841919,1.7481149435043335,1.715188980102539,1.6197819709777832,1.6432656049728394,1.7072442770004272,1.855727195739746,2.0479724407196045,2.1156067848205566,2.3774752616882324,2.1949658393859863,2.268805742263794,2.065716505050659,2.1619441509246826,2.0871901512145996,2.5551917552948,2.231222152709961,2.2345266342163086,2.136286973953247,2.172243356704712,2.258629322052002,2.313708543777466,2.584982395172119,2.493529796600342,2.7407028675079346,2.527539014816284,2.6460824012756348,2.452059745788574,2.548891305923462,2.4636406898498535
A5,1.2216262817382812,0.9265611171722412,0.5997368693351746,0.3867693245410919,0.0,0.3806236982345581,0.6774311065673828,1.0153377056121826,1.3344218730926514,1.5291118621826172,1.4222394227981567,1.44072425365448,1.155434250831604,1.3460670709609985,1.1910395622253418,1.45708167552948,1.081679105758667,0.9196954369544983,0.7312841415405273,0.6086319088935852,0.6970421075820923,0.8861770033836365,1.1648674011230469,1.3930675983428955,1.6624130010604858,1.5072323083877563,1.5850507020950317,1.3510903120040894,1.5312831401824951,1.452988862991333,1.8285413980484009,1.473536729812622,1.3592641353607178,1.1928871870040894,1.1227654218673706,1.1636922359466553,1.2401518821716309,1.5473352670669556,1.566665530204773,1.8506444692611694,1.6938689947128296,1.831982135772705,1.6504530906677246,1.821692943572998,1.7812392711639404,2.259676694869995,1.9256888628005981,1.8299134969711304,1.683778166770935,1.6217514276504517,1.634192705154419,1.7028836011886597,1.886023998260498,1.8972071409225464,2.187807321548462,2.0562076568603516,2.1932265758514404,2.04190993309021,2.2004425525665283,2.179628372192383,2.7173025608062744,2.3674304485321045,2.3225221633911133,2.1810269355773926,2.1558313369750977,2.1966142654418945,2.189101457595825,2.4387331008911133,2.310837507247925,2.5691535472869873,2.3954355716705322,2.566629648208618,2.419689655303955,2.5673093795776367,2.5295238494873047
A6,1.56308114528656,1.2338248491287231,0.9529412388801575,0.6444495916366577,0.3806236982345581,0.0,0.39125946164131165,0.6646783947944641,0.968088686466217,1.1527841091156006,1.051365852355957,1.113562822341919,0.8839478492736816,1.1509265899658203,1.105449914932251,1.704207420349121,1.3203105926513672,1.1889253854751587,0.9008334279060364,0.7492582201957703,0.6223451495170593,0.730819582939148,0.9067215323448181,1.0789121389389038,1.3389145135879517,1.1765267848968506,1.3022559881210327,1.1305607557296753,1.360870122909546,1.3767201900482178,2.0287961959838867,1.6604690551757812,1.5558969974517822,1.3082023859024048,1.2188969850540161,1.1393916606903076,1.1775277853012085,1.408990502357483,1.3404985666275024,1.6011112928390503,1.4326246976852417,1.604157567024231,1.4820895195007324,1.6772899627685547,1.7125866413116455,2.4085214138031006,2.05679988861084,1.9795175790786743,1.7696118354797363,1.6994940042495728,1.6283421516418457,1.6625474691390991,1.7699068784713745,1.7263365983963013,1.9854739904403687,1.8440358638763428,2.008049726486206,1.9080848693847656,2.0775296688079834,2.1169466972351074,2.822730541229248,2.4647555351257324,2.439451217651367,2.246020793914795,2.223788261413574,2.2024967670440674,2.1839187145233154,2.382277011871338,2.201291561126709,2.418492078781128,2.2351391315460205,2.4166440963745117,2.311255931854248,2.458070755004883,2.469841480255127
A7,1.8962440490722656,1.5850605964660645,1.2763394117355347,1.0133540630340576,0.6774311065673828,0.39125946164131165,0.0,0.4039798080921173,0.7094641923904419,0.9703740477561951,1.000662922859192,1.179293155670166,1.068758249282837,1.4021583795547485,1.4333950281143188,2.072817087173462,1.6872414350509644,1.5116395950317383,1.223441481590271,0.9771516919136047,0.7748640179634094,0.6666675806045532,0.7908114194869995,0.8447517156600952,1.176390528678894,1.1185505390167236,1.35213041305542,1.284505844116211,1.580174207687378,1.6636930704116821,2.364835739135742,1.9878607988357544,1.8363994359970093,1.5662518739700317,1.3971898555755615,1.2488559484481812,1.1631994247436523,1.316766619682312,1.1832218170166016,1.4773682355880737,1.387762427330017,1.6415483951568604,1.6030559539794922,1.8562461137771606,1.9523203372955322,2.7075181007385254,2.341841459274292,2.2261788845062256,1.9845592975616455,1.8513829708099365,1.7272330522537231,1.672767162322998,1.742985725402832,1.6171934604644775,1.888273000717163,1.8095635175704956,2.0407748222351074,2.008729934692383,2.227356433868408,2.319749593734741,3.079350471496582,2.709052562713623,2.6504430770874023,2.4239883422851562,2.3524951934814453,2.281963586807251,2.201946496963501,2.359257936477661,2.132075309753418,2.3427553176879883,2.2061924934387207,2.43831467628479,2.3916947841644287,2.579092502593994,2.6399378776550293
A8,2.2225542068481445,1.897262454032898,1.6065045595169067,1.3024406433105469,1.0153377056121826,0.6646783947944641,0.4039798080921173,0.0,0.3957309126853943,0.5841537714004517,0.6956573724746704,0.9288890361785889,0.9466335773468018,1.3216772079467773,1.4543780088424683,2.2904675006866455,1.9078775644302368,1.7492642402648926,1.410703420639038,1.176621675491333,0.8629775047302246,0.6770932078361511,0.5804938077926636,0.5004168748855591,0.806336522102356,0.779120683670044,1.082072138786316,1.1219918727874756,1.4563220739364624,1.6285464763641357,2.517840623855591,2.139354944229126,1.9954524040222168,1.6731436252593994,1.5019713640213013,1.2603914737701416,1.1488771438598633,1.1877779960632324,0.949395477771759,1.1867115497589111,1.0995497703552246,1.3893110752105713,1.432831883430481,1.70669424533844,1.8772766590118408,2.795966386795044,2.4229588508605957,2.323746681213379,2.0332512855529785,1.8997567892074585,1.702029824256897,1.6185888051986694,1.597054123878479,1.4177948236465454,1.6335369348526,1.5495725870132446,1.8055815696716309,1.8361270427703857,2.0645620822906494,2.2174792289733887,3.1109914779663086,2.741069793701172,2.700071096420288,2.4298434257507324,2.364591360092163,2.2345945835113525,2.1515560150146484,2.2478573322296143,1.9742376804351807,2.128782033920288,1.9846495389938354,2.2208683490753174,2.2222721576690674,2.4077646732330322,2.5199227333068848
A9,2.522662878036499,2.1768147945404053,1.9182158708572388,1.596397042274475,1.3344218730926514,0.968088686466217,0.7094641923904419,0.3957309126853943,0.0,0.38523241877555847,0.5901075601577759,0.9468238949775696,1.077560305595398,1.4453171491622925,1.6475802659988403,2.606902599334717,2.2283568382263184,2.105158567428589,1.7623361349105835,1.559259295463562,1.2423261404037476,1.0618336200714111,0.8862199783325195,0.6454962491989136,0.8590694665908813,0.8508409261703491,1.1976847648620605,1.3197195529937744,1.63419508934021,1.8572523593902588,2.8534820079803467,2.4810991287231445,2.363954782485962,2.0351169109344482,1.884028434753418,1.6255759000778198,1.5101426839828491,1.4865046739578247,1.1781941652297974,1.3436557054519653,1.2620773315429688,1.557256817817688,1.6611011028289795,1.9121767282485962,2.1228387355804443,3.130242347717285,2.762086868286133,2.686948776245117,2.3870885372161865,2.267620325088501,2.0468502044677734,1.9524636268615723,1.8768513202667236,1.6529157161712646,1.810429334640503,1.7264031171798706,1.9905681610107422,2.0685462951660156,2.278176784515381,2.465104341506958,3.4369893074035645,3.073798656463623,3.05385422706604,2.7713305950164795,2.717486619949341,2.5627028942108154,2.4773170948028564,2.5336132049560547,2.2276859283447266,2.332357883453369,2.189831495285034,2.421311855316162,2.4599313735961914,2.6259329319000244,2.768562078475952
A10,2.682985305786133,2.33408784866333,2.090536594390869,1.7460486888885498,1.5291118621826172,1.1527841091156006,0.9703740477561951,0.5841537714004517,0.38523241877555847,0.0,0.38375183939933777,0.716558575630188,0.9630060195922852,1.3167388439178467,1.5832377672195435,2.6522469520568848,2.2869129180908203,2.1829519271850586,1.8131459951400757,1.6416940689086914,1.282943606376648,1.1230924129486084,0.8345416784286499,0.5795590877532959,0.5976637005805969,0.5572488903999329,0.9156433343887329,1.126077651977539,1.4383081197738647,1.720304012298584,2.833909273147583,2.4711520671844482,2.3710954189300537,2.0143864154815674,1.8862037658691406,1.5841928720474243,1.4970076084136963,1.411577820777893,1.067240595817566,1.1250213384628296,1.0037260055541992,1.279677152633667,1.4387794733047485,1.6791996955871582,1.9388558864593506,3.051265239715576,2.6877970695495605,2.6377718448638916,2.3112995624542236,2.2138335704803467,1.9536430835723877,1.8714492321014404,1.7297621965408325,1.5071585178375244,1.5899574756622314,1.4676859378814697,1.7157399654388428,1.8298898935317993,2.0248446464538574,2.2499332427978516,3.3093786239624023,2.956566333770752,2.962345600128174,2.6561191082000732,2.6259822845458984,2.438793659210205,2.378671646118164,2.3954436779022217,2.076698064804077,2.1256601810455322,1.9539231061935425,2.1585912704467773,2.2198383808135986,2.3642501831054688,2.5373029708862305
A11,2.4866743087768555,2.1243937015533447,1.9297157526016235,1.5620813369750977,1.4222394227981567,1.051365852355957,1.000662922859192,0.6956573724746704,0.5901075601577759,0.38375183939933777,0.0,0.3903675675392151,0.6411439776420593,0.9678654074668884,1.2592211961746216,2.413508653640747,2.063706159591675,2.017347812652588,1.6464906930923462,1.5546669960021973,1.218031406402588,1.1784982681274414,0.9331347942352295,0.8293440937995911,0.8038592338562012,0.5493946671485901,0.7715363502502441,0.9128996133804321,1.1653530597686768,1.4428561925888062,2.6152184009552,2.2680723667144775,2.2225136756896973,1.8751333951950073,1.8174610137939453,1.5494964122772217,1.5570423603057861,1.5386996269226074,1.249185562133789,1.2838876247406006,1.0492579936981201,1.2262506484985352,1.3148397207260132,1.4858826398849487,1.7195850610733032,2.853728771209717,2.5059220790863037,2.5047104358673096,2.1963727474212646,2.160325050354004,1.9315022230148315,1.9261868000030518,1.8085858821868896,1.6601917743682861,1.7309194803237915,1.5272217988967896,1.6990909576416016,1.752506136894226,1.885635256767273,2.077484130859375,3.1429479122161865,2.8046886920928955,2.854032516479492,2.5695960521698,2.591597557067871,2.4397828578948975,2.4378819465637207,2.488070487976074,2.2053420543670654,2.256175994873047,2.0276949405670166,2.174567699432373,2.1806814670562744,2.2715494632720947,2.40728497505188
A12,2.3847296237945557,2.03259539604187,1.8715153932571411,1.501317024230957,1.44072425365448,1.113562822341919,1.179293155670166,0.9288890361785889,0.9468238949775696,0.716558575630188,0.3903675675392151,0.0,0.38210269808769226,0.6439745426177979,0.9761300683021545,2.1942050457000732,1.8716177940368652,1.8639580011367798,1.4901092052459717,1.4716123342514038,1.1514981985092163,1.2113374471664429,0.9781729578971863,1.0080519914627075,0.8982421159744263,0.522551953792572,0.5120901465415955,0.5994221568107605,0.7941251397132874,1.0979907512664795,2.3460984230041504,2.0198311805725098,2.0138847827911377,1.6651338338851929,1.6698354482650757,1.4152718782424927,1.5104000568389893,1.5178775787353516,1.2893723249435425,1.2675021886825562,0.9424787163734436,0.9986886382102966,1.031065583229065,1.1382249593734741,1.3693186044692993,2.551560640335083,2.2192366123199463,2.2598280906677246,1.954572081565857,1.9734983444213867,1.7555818557739258,1.8175199031829834,1.698671579360962,1.6270380020141602,1.6636093854904175,1.3867781162261963,1.4763462543487549,1.481566309928894,1.560869812965393,1.7367634773254395,2.827876091003418,2.5062432289123535,2.5938360691070557,2.316826105117798,2.386289596557617,2.2501111030578613,2.3056867122650146,2.3675851821899414,2.1219582557678223,2.159274101257324,1.8794039487838745,1.9653152227401733,1.927671194076538,1.9715845584869385,2.0846385955810547
A13,2.013077735900879,1.6642764806747437,1.5232431888580322,1.1552883386611938,1.155434250831604,0.8839478492736816,1.068758249282837,0.9466335773468018,1.077560305595398,0.9630060195922852,0.6411439776420593,0.38210269808769226,0.0,0.38026681542396545,0.6264802813529968,1.821683645248413,1.4984934329986572,1.5143510103225708,1.1527494192123413,1.1927732229232788,0.9333756566047668,1.1041011810302734,0.9887290596961975,1.134913444519043,1.1176379919052124,0.7513560652732849,0.6664719581604004,0.5019738078117371,0.6411919593811035,0.8355597853660583,2.0127146244049072,1.6856756210327148,1.702908992767334,1.3799915313720703,1.4303520917892456,1.2443538904190063,1.4073718786239624,1.512536644935608,1.367258906364441,1.4134385585784912,1.079177737236023,1.094907522201538,0.9921661615371704,1.0652706623077393,1.1964191198349,2.272007942199707,1.9431846141815186,1.9947559833526611,1.7250475883483887,1.7754465341567993,1.6199078559875488,1.7378787994384766,1.697766900062561,1.6907153129577637,1.7852678298950195,1.5011545419692993,1.5552884340286255,1.4684977531433105,1.5277020931243896,1.6237032413482666,2.6075785160064697,2.285053014755249,2.3773205280303955,2.1383345127105713,2.226228713989258,2.148197650909424,2.230552911758423,2.353193521499634,2.155242681503296,2.2469685077667236,1.9588757753372192,2.031759262084961,1.9263554811477661,1.9634714126586914,2.0094175338745117
A14,1.9767264127731323,1.6416629552841187,1.581089735031128,1.235122561454773,1.3460670709609985,1.1509265899658203,1.4021583795547485,1.3216772079467773,1.4453171491622925,1.3167388439178467,0.9678654074668884,0.6439745426177979,0.38026681542396545,0.0,0.38453924655914307,1.6817079782485962,1.4136557579040527,1.5174239873886108,1.1968319416046143,1.3489598035812378,1.1645617485046387,1.4083268642425537,1.3226394653320312,1.5005241632461548,1.4443495273590088,1.061431646347046,0.856468915939331,0.6159922480583191,0.5028828978538513,0.6274386048316956,1.8583892583847046,1.5776634216308594,1.6773695945739746,1.3934420347213745,1.5384690761566162,1.410099983215332,1.6475098133087158,1.7782007455825806,1.6769816875457764,1.6850292682647705,1.3191357851028442,1.2275035381317139,1.0539966821670532,0.9892908334732056,1.0504443645477295,2.113218069076538,1.8230665922164917,1.9461668729782104,1.7133591175079346,1.8431193828582764,1.729854941368103,1.917421817779541,1.8889384269714355,1.942564845085144,2.005873680114746,1.6783666610717773,1.6459603309631348,1.5006293058395386,1.4657520055770874,1.5053136348724365,2.463261365890503,2.17474102973938,2.3250958919525146,2.119924545288086,2.270000457763672,2.228182554244995,2.3702704906463623,2.5080795288085938,2.351223945617676,2.4282443523406982,2.1047792434692383,2.1104319095611572,1.9553900957107544,1.9218937158584595,1.919347882270813
A15,1.6284915208816528,1.3145424127578735,1.2948452234268188,0.9896479845046997,1.1910395622253418,1.105449914932251,1.4333950281143188,1.4543780088424683,1.6475802659988403,1.5832377672195435,1.2592211961746216,0.9761300683021545,0.6264802813529968,0.38453924655914307,0.0,1.3026559352874756,1.0486513376235962,1.2002720832824707,0.9304797053337097,1.17156982421875,1.096459984779358,1.4185965061187744,1.4338690042495728,1.6784496307373047,1.6811274290084839,1.3234905004501343,1.120829701423645,0.7872390747070312,0.6366332173347473,0.5079768300056458,1.5227611064910889,1.2513612508773804,1.3911864757537842,1.1646174192428589,1.3703804016113281,1.337209701538086,1.6257109642028809,1.8328328132629395,1.805540919303894,1.8638050556182861,1.5160653591156006,1.4140777587890625,1.154311180114746,1.0696650743484497,0.9945345520973206,1.8426530361175537,1.5656344890594482,1.7030991315841675,1.5276585817337036,1.6933143138885498,1.6577553749084473,1.892408847808838,1.9385933876037598,2.044792652130127,2.154419183731079,1.8398306369781494,1.7876949310302734,1.5720999240875244,1.5267910957336426,1.4750914573669434,2.258741855621338,1.97576904296875,2.127443790435791,1.974031925201416,2.140000343322754,2.162247896194458,2.326307773590088,2.518146514892578,2.410604238510132,2.5349223613739014,2.2179512977600098,2.2171692848205566,2.007664442062378,1.9754753112792969,1.903896450996399
B1,0.8164552450180054,0.8632580637931824,1.0114001035690308,1.1302825212478638,1.45708167552948,1.704207420349121,2.072817087173462,2.2904675006866455,2.606902599334717,2.6522469520568848,2.413508653640747,2.1942050457000732,1.821683645248413,1.6817079782485962,1.3026559352874756,0.0,0.3859919607639313,0.6772943735122681,0.9309383034706116,1.2879574298858643,1.5683057308197021,1.944908857345581,2.1802961826324463,2.530524253845215,2.6405763626098633,2.3789496421813965,2.1990678310394287,1.8186259269714355,1.6991925239562988,1.3416199684143066,0.6197649240493774,0.5692692399024963,0.836209237575531,1.0470185279846191,1.3516199588775635,1.63673734664917,1.966720461845398,2.3213260173797607,2.494779586791992,2.6519806385040283,2.3996951580047607,2.293426275253296,1.934592604637146,1.8597909212112427,1.5496137142181396,1.2124242782592773,1.0876353979110718,1.2056602239608765,1.3515169620513916,1.5776927471160889,1.8174391984939575,2.1284191608428955,2.3764090538024902,2.609539747238159,2.8181843757629395,2.583003044128418,2.496406078338623,2.163059949874878,2.123288869857788,1.8653687238693237,1.8147988319396973,1.6072571277618408,1.700190782546997,1.7872406244277954,1.958920955657959,2.1980435848236084,2.399622917175293,2.7296340465545654,2.7892229557037354,3.0316805839538574,2.777094841003418,2.7646982669830322,2.4474291801452637,2.4419517517089844,2.2004308700561523
B2,0.7644758224487305,0.6658234596252441,0.7069219946861267,0.767422080039978,1.081679105758667,1.3203105926513672,1.6872414350509644,1.9078775644302368,2.2283568382263184,2.2869129180908203,2.063706159591675,1.8716177940368652,1.4984934329986572,1.4136557579040527,1.0486513376235962,0.3859919607639313,0.0,0.38119953870773315,0.5701124668121338,0.9317305684089661,1.2032740116119385,1.5791019201278687,1.8192814588546753,2.1609013080596924,2.290560245513916,2.038736581802368,1.8942574262619019,1.522159218788147,1.4598422050476074,1.1407920122146606,0.8275741934776306,0.5760892629623413,0.7265796661376953,0.8219117522239685,1.084686040878296,1.338356375694275,1.6494190692901611,2.0050151348114014,2.153877019882202,2.3308143615722656,2.0858428478240967,2.0203864574432373,1.6820300817489624,1.6610653400421143,1.4038770198822021,1.3688695430755615,1.1396565437316895,1.1923714876174927,1.2377495765686035,1.4059098958969116,1.5971786975860596,1.8745805025100708,2.11183500289917,2.3085696697235107,2.533250093460083,2.308964729309082,2.265716552734375,1.9622284173965454,1.9701482057571411,1.7681634426116943,1.9337469339370728,1.6636710166931152,1.7207173109054565,1.7293956279754639,1.8578681945800781,2.047844409942627,2.209786891937256,2.5267741680145264,2.542706251144409,2.7891533374786377,2.5422534942626953,2.5692806243896484,2.284475088119507,2.3167197704315186,2.125617504119873
B3,0.8552766442298889,0.7785762548446655,0.6236165761947632,0.7239971160888672,0.9196954369544983,1.1889253854751587,1.5116395950317383,1.7492642402648926,2.105158567428589,2.1829519271850586,2.017347812652588,1.8639580011367798,1.5143510103225708,1.5174239873886108,1.2002720832824707,0.6772943735122681,0.38119953870773315,0.0,0.3840641975402832,0.643895149230957,0.9812844395637512,1.3273398876190186,1.6147493124008179,1.970379114151001,2.1337637901306152,1.9365437030792236,1.8358993530273438,1.4887027740478516,1.511799693107605,1.2406389713287354,0.9487150311470032,0.6252656579017639,0.5457804203033447,0.6273649334907532,0.7893821597099304,1.0831973552703857,1.3567582368850708,1.7335807085037231,1.9185442924499512,2.132406234741211,1.9386407136917114,1.9191251993179321,1.601883888244629,1.6600176095962524,1.4412981271743774,1.4184279441833496,1.134657382965088,1.062354564666748,1.0763943195343018,1.1526459455490112,1.3551446199417114,1.593300461769104,1.868006944656372,2.0578525066375732,2.3196780681610107,2.1434900760650635,2.143338441848755,1.8605300188064575,1.9377448558807373,1.767397403717041,1.9342514276504517,1.623117208480835,1.596230387687683,1.577004075050354,1.6334779262542725,1.8167991638183594,1.9314031600952148,2.261638641357422,2.2794153690338135,2.558255195617676,2.3501477241516113,2.4216761589050293,2.1590967178344727,2.2526111602783203,2.0893402099609375
B4,1.1290632486343384,0.9280312657356262,0.7099231481552124,0.6006613969802856,0.7312841415405273,0.9008334279060364,1.223441481590271,1.410703420639038,1.7623361349105835,1.8131459951400757,1.6464906930923462,1.4901092052459717,1.1527494192123413,1.1968319416046143,0.9304797053337097,0.9309383034706116,0.5701124668121338,0.3840641975402832,0.0,0.3911944031715393,0.6389981508255005,1.0144034624099731,1.2630369663238525,1.6169663667678833,1.7623807191848755,1.553593635559082,1.4594918489456177,1.1210036277770996,1.186631679534912,0.9738126397132874,1.1429561376571655,0.768238365650177,0.6760798096656799,0.5109390616416931,0.6320999264717102,0.8135243058204651,1.0981645584106445,1.4500118494033813,1.590185523033142,1.789991021156311,1.5769490003585815,1.5718674659729004,1.2739547491073608,1.3648353815078735,1.2092125415802002,1.532472848892212,1.1961783170700073,1.1366710662841797,1.0191278457641602,1.068682312965393,1.1684623956680298,1.386991262435913,1.6086758375167847,1.7663730382919312,2.012960433959961,1.819510579109192,1.8398798704147339,1.586652398109436,1.685757040977478,1.5750997066497803,1.9922541379928589,1.6515897512435913,1.6433626413345337,1.5359113216400146,1.5880582332611084,1.6946982145309448,1.7956968545913696,2.0861706733703613,2.0501949787139893,2.302731990814209,2.0777108669281006,2.16312837600708,1.9308782815933228,2.0330259799957275,1.9208589792251587
B5,1.3430660963058472,1.14462411403656,0.8180791139602661,0.7045836448669434,0.6086319088935852,0.7492582201957703,0.9771516919136047,1.176621675491333,1.559259295463562,1.6416940689086914,1.5546669960021973,1.4716123342514038,1.1927732229232788,1.3489598035812378,1.17156982421875,1.2879574298858643,0.9317305684089661,0.643895149230957,0.3911944031715393,0.0,0.3818451762199402,0.6864084601402283,1.002012014389038,1.3537896871566772,1.5539175271987915,1.4213175773620605,1.41241455078125,1.1437093019485474,1.3223117589950562,1.2057422399520874,1.4604295492172241,1.0828577280044556,0.8698395490646362,0.6487305760383606,0.5142443776130676,0.6212331056594849,0.7922777533531189,1.1604255437850952,1.309186577796936,1.5666720867156982,1.4233150482177734,1.5037941932678223,1.2720215320587158,1.4635685682296753,1.3897968530654907,1.7890996932983398,1.4297339916229248,1.279441237449646,1.1030895709991455,1.0133038759231567,1.0516915321350098,1.167590856552124,1.4035344123840332,1.5095751285552979,1.803515076637268,1.6742256879806519,1.7709790468215942,1.5769115686416626,1.758461594581604,1.7128781080245972,2.1861793994903564,1.8207240104675293,1.7422057390213013,1.5852880477905273,1.5472168922424316,1.6016892194747925,1.6196755170822144,1.8976603746414185,1.826465368270874,2.106157064437866,1.930570363998413,2.0829572677612305,1.9043059349060059,2.074503183364868,2.0180633068084717
B6,1.662675142288208,1.4094057083129883,1.0980584621429443,0.868833601474762,0.6970421075820923,0.6223451495170593,0.7748640179634094,0.8629775047302246,1.2423261404037476,1.282943606376648,1.218031406402588,1.1514981985092163,0.9333756566047668,1.1645617485046387,1.096459984779358,1.5683057308197021,1.2032740116119385,0.9812844395637512,0.6389981508255005,0.3818451762199402,0.0,0.38948875665664673,0.635416567325592,0.9925482869148254,1.174592137336731,1.0458967685699463,1.0743950605392456,0.8639688491821289,1.1237623691558838,1.1187621355056763,1.706507921218872,1.3241305351257324,1.1398037672042847,0.8216126561164856,0.6572312116622925,0.5170795917510986,0.6257072687149048,0.9168855547904968,0.9831844568252563,1.228235125541687,1.0726414918899536,1.1980305910110474,1.0289087295532227,1.2754732370376587,1.30018150806427,1.9727803468704224,1.5972447395324707,1.4720778465270996,1.211355447769165,1.102500081062317,1.0061670541763306,1.0633296966552734,1.2037912607192993,1.2467968463897705,1.5189560651779175,1.3787860870361328,1.5163921117782593,1.382654070854187,1.5944786071777344,1.6280577182769775,2.3116633892059326,1.9380406141281128,1.8809572458267212,1.655292272567749,1.6144158840179443,1.580193281173706,1.5762330293655396,1.7894043922424316,1.6483631134033203,1.8874093294143677,1.699749231338501,1.8739756345748901,1.7461961507797241,1.9269145727157593,1.9349747896194458
B7,1.973218560218811,1.7228285074234009,1.3802456855773926,1.1634011268615723,0.8861770033836365,0.730819582939148,0.6666675806045532,0.6770932078361511,1.0618336200714111,1.1230924129486084,1.1784982681274414,1.2113374471664429,1.1041011810302734,1.4083268642425537,1.4185965061187744,1.944908857345581,1.5791019201278687,1.3273398876190186,1.0144034624099731,0.6864084601402283,0.38948875665664673,0.0,0.38489431142807007,0.7035713791847229,0.9594032168388367,0.959951639175415,1.1100128889083862,1.0301378965377808,1.360084891319275,1.4348233938217163,2.0657474994659424,1.6854915618896484,1.460054636001587,1.1436645984649658,0.8862295150756836,0.6492235064506531,0.5008065104484558,0.6890239715576172,0.6939907073974609,1.0145366191864014,0.9693338871002197,1.2077760696411133,1.1538461446762085,1.4693509340286255,1.569068431854248,2.2919962406158447,1.911271095275879,1.7442373037338257,1.4566773176193237,1.26426100730896,1.0927070379257202,1.006523609161377,1.0976608991622925,1.0289846658706665,1.3382477760314941,1.28399658203125,1.5139206647872925,1.4710407257080078,1.7453705072402954,1.8446427583694458,2.5772347450256348,2.196394443511963,2.0985710620880127,1.836830973625183,1.7295799255371094,1.6284207105636597,1.5373684167861938,1.6979100704193115,1.4947816133499146,1.7359552383422852,1.608975887298584,1.8529846668243408,1.8013651371002197,2.035254955291748,2.1044492721557617
B8,2.2758617401123047,1.9957860708236694,1.6834269762039185,1.4124550819396973,1.1648674011230469,0.9067215323448181,0.7908114194869995,0.5804938077926636,0.8862199783325195,0.8345416784286499,0.9331347942352295,0.9781729578971863,0.9887290596961975,1.3226394653320312,1.4338690042495728,2.1802961826324463,1.8192814588546753,1.6147493124008179,1.2630369663238525,1.002012014389038,0.635416567325592,0.38489431142807007,0.0,0.39433029294013977,0.5768058896064758,0.6153131127357483,0.8285672664642334,0.8744320273399353,1.244605302810669,1.4184707403182983,2.266528844833374,1.8929468393325806,1.7033741474151611,1.3468540906906128,1.1309443712234497,0.8053279519081116,0.6625895500183105,0.639351487159729,0.4477740526199341,0.7041599750518799,0.6444241404533386,0.9463726282119751,0.9991409778594971,1.3377618789672852,1.5262831449508667,2.4407143592834473,2.0606751441955566,1.9310883283615112,1.6007059812545776,1.4329804182052612,1.1782655715942383,1.068925142288208,1.0176469087600708,0.8695673942565918,1.1043306589126587,1.0269769430160522,1.2940558195114136,1.3296838998794556,1.6108148097991943,1.7821831703186035,2.6752474308013916,2.3012948036193848,2.2370765209198,1.933311939239502,1.848117709159851,1.6798863410949707,1.5957938432693481,1.6764802932739258,1.4103587865829468,1.5746625661849976,1.4254732131958008,1.6729695796966553,1.6779766082763672,1.902388334274292,2.031226396560669
B9,2.5710415840148926,2.269280433654785,1.9603818655014038,1.6713773012161255,1.3930675983428955,1.0789121389389038,0.8447517156600952,0.5004168748855591,0.6454962491989136,0.5795590877532959,0.8293440937995911,1.0080519914627075,1.134913444519043,1.5005241632461548,1.6784496307373047,2.530524253845215,2.1609013080596924,1.970379114151001,1.6169663667678833,1.3537896871566772,0.9925482869148254,0.7035713791847229,0.39433029294013977,0.0,0.3938121199607849,0.5964511632919312,0.946645200252533,1.1101313829421997,1.482720136642456,1.7125757932662964,2.6470751762390137,2.272719621658325,2.092989444732666,1.7376680374145508,1.5215400457382202,1.1959202289581299,1.0060101747512817,0.8797935843467712,0.5375372171401978,0.7361398339271545,0.7602832317352295,1.1221754550933838,1.2734686136245728,1.6027706861495972,1.8396278619766235,2.825420618057251,2.446951389312744,2.3240013122558594,1.988771915435791,1.81429123878479,1.539559006690979,1.3823124170303345,1.2657268047332764,1.0113554000854492,1.1895514726638794,1.164027214050293,1.479356288909912,1.5946305990219116,1.8735620975494385,2.089784860610962,3.047823190689087,2.67743182182312,2.6165668964385986,2.300341844558716,2.2041995525360107,2.00256609916687,1.8844859600067139,1.9068657159805298,1.5877267122268677,1.6989610195159912,1.5873146057128906,1.8592005968093872,1.9299863576889038,2.1534273624420166,2.3263180255889893
B10,2.785374164581299,2.47745943069458,2.196925163269043,1.8856678009033203,1.6624130010604858,1.3389145135879517,1.176390528678894,0.806336522102356,0.8590694665908813,0.5976637005805969,0.8038592338562012,0.8982421159744263,1.1176379919052124,1.4443495273590088,1.6811274290084839,2.6405763626098633,2.290560245513916,2.1337637901306152,1.7623807191848755,1.5539175271987915,1.174592137336731,0.9594032168388367,0.5768058896064758,0.3938121199607849,0.0,0.39102017879486084,0.7212597727775574,0.9981534481048584,1.3520091772079468,1.64249849319458,2.69667911529541,2.3395023345947266,2.1893184185028076,1.8129018545150757,1.6385129690170288,1.2789216041564941,1.1466572284698486,0.9441503286361694,0.5757579207420349,0.5324234962463379,0.5032908320426941,0.8588135242462158,1.1017881631851196,1.4155153036117554,1.7115763425827026,2.811903715133667,2.4443516731262207,2.3569700717926025,1.9975438117980957,1.8584964275360107,1.541898488998413,1.4088106155395508,1.196458101272583,0.9473218321800232,0.9940652847290039,0.9104007482528687,1.2150331735610962,1.3902891874313354,1.6518522500991821,1.9184974431991577,2.9793853759765625,2.6250216960906982,2.5987582206726074,2.2580206394195557,2.1955244541168213,1.9553921222686768,1.873940348625183,1.8408044576644897,1.5051581859588623,1.530625820159912,1.376367449760437,1.6143072843551636,1.7213934659957886,1.9176217317581177,2.132371664047241
B11,2.565586566925049,2.2417995929718018,2.0034313201904297,1.6652182340621948,1.5072323083877563,1.1765267848968506,1.1185505390167236,0.779120683670044,0.8508409261703491,0.5572488903999329,0.5493946671485901,0.522551953792572,0.7513560652732849,1.061431646347046,1.3234905004501343,2.3789496421813965,2.038736581802368,1.9365437030792236,1.553593635559082,1.4213175773620605,1.0458967685699463,0.959951639175415,0.6153131127357483,0.5964511632919312,0.39102017879486084,0.0,0.3922569751739502,0.6649916768074036,1.0016686916351318,1.309672236442566,2.4568164348602295,2.1089065074920654,2.013990640640259,1.6367865800857544,1.5376607179641724,1.2060925960540771,1.192225456237793,1.0941033363342285,0.8091678619384766,0.7630348205566406,0.5016776919364929,0.7264781594276428,0.8950252532958984,1.150881052017212,1.4383659362792969,2.5980613231658936,2.2402729988098145,2.2058935165405273,1.8589214086532593,1.7897859811782837,1.5058223009109497,1.4717937707901,1.2973333597183228,1.1537961959838867,1.1908286809921265,0.9791327118873596,1.179090142250061,1.2768820524215698,1.470595359802246,1.7092727422714233,2.8047549724578857,2.4604079723358154,2.4839744567871094,2.163341522216797,2.1626811027526855,1.965004563331604,1.955342173576355,1.9692589044570923,1.6800779104232788,1.7114750146865845,1.4794236421585083,1.6410951614379883,1.6763235330581665,1.8080588579177856,1.9829350709915161
B12,2.5027403831481934,2.19236159324646,1.9945796728134155,1.660814642906189,1.5850507020950317,1.3022559881210327,1.35213041305542,1.082072138786316,1.1976847648620605,0.9156433343887329,0.7715363502502441,0.5120901465415955,0.6664719581604004,0.856468915939331,1.120829701423645,2.1990678310394287,1.8942574262619019,1.8358993530273438,1.4594918489456177,1.41241455078125,1.0743950605392456,1.1100128889083862,0.8285672664642334,0.946645200252533,0.7212597727775574,0.3922569751739502,0.0,0.3829624056816101,0.6620997190475464,1.0029728412628174,2.218496799468994,1.8981542587280273,1.8489365577697754,1.4742954969406128,1.4516292810440063,1.144270896911621,1.243782877922058,1.1872087717056274,1.004556655883789,0.8879093527793884,0.510047435760498,0.48682355880737305,0.590497612953186,0.7795863747596741,1.0883874893188477,2.3164710998535156,1.977742075920105,1.9931347370147705,1.6490774154663086,1.6489567756652832,1.379061222076416,1.4347882270812988,1.2604553699493408,1.2278498411178589,1.212609887123108,0.8959183692932129,0.9647182822227478,0.999104917049408,1.1263227462768555,1.359428882598877,2.5034286975860596,2.1786086559295654,2.2490732669830322,1.9352149963378906,1.9946626424789429,1.8153111934661865,1.880470633506775,1.9079898595809937,1.6702762842178345,1.6803934574127197,1.379375696182251,1.45331609249115,1.4311668872833252,1.5011426210403442,1.6547269821166992
B13,2.1565794944763184,1.8582350015640259,1.6841278076171875,1.363374948501587,1.3510903120040894,1.1305607557296753,1.284505844116211,1.1219918727874756,1.3197195529937744,1.126077651977539,0.9128996133804321,0.5994221568107605,0.5019738078117371,0.6159922480583191,0.7872390747070312,1.8186259269714355,1.522159218788147,1.4887027740478516,1.1210036277770996,1.1437093019485474,0.8639688491821289,1.0301378965377808,0.8744320273399353,1.1101313829421997,0.9981534481048584,0.6649916768074036,0.3829624056816101,0.0,0.3759676218032837,0.6487380862236023,1.8520785570144653,1.5317537784576416,1.5116815567016602,1.150391936302185,1.1921464204788208,0.9525709748268127,1.1556638479232788,1.2190955877304077,1.1383411884307861,1.1098493337631226,0.7413751482963562,0.6458683609962463,0.49069416522979736,0.6143971681594849,0.8164318203926086,1.9921175241470337,1.6533920764923096,1.6912171840667725,1.3751394748687744,1.4258222579956055,1.2236124277114868,1.3650528192520142,1.2871266603469849,1.3438647985458374,1.3967924118041992,1.0733588933944702,1.0747085809707642,0.9665382504463196,1.0483906269073486,1.180479645729065,2.239905595779419,1.9123631715774536,1.9994438886642456,1.7230136394500732,1.8171837329864502,1.7063086032867432,1.8163868188858032,1.9174741506576538,1.741881012916565,1.8136546611785889,1.4988532066345215,1.5424063205718994,1.4246582984924316,1.4711651802062988,1.5373518466949463
