,A1,A2,A3,A4,A5,A6,A7,A8,A9,A10,A11,A12,A13,A14,A15,B1,B2,B3,B4,B5,B6,B7,B8,B9,B10,B11,B12,B13,B14,B15,C1,C2,C3,C4,C5,C6,C7,C8,C9,C10,C11,C12,C13,C14,C15,D1,D2,D3,D4,D5,D6,D7,D8,D9,D10,D11,D12,D13,D14,D15,E1,E2,E3,E4,E5,E6,E7,E8,E9,E10,E11,E12,E13,E14,E15
A1,0.0,0.37472277879714966,0.5875442624092102,0.9158017635345459,1.192493200302124,1.5316132307052612,1.8593101501464844,2.2078068256378174,2.4664993286132812,2.4433231353759766,2.194002628326416,2.078110456466675,1.7031809091567993,1.6886082887649536,1.3566211462020874,0.7240064144134521,0.7662660479545593,0.9887009263038635,1.2498993873596191,1.392247200012207,1.7642525434494019,1.955941915512085,2.342487096786499,2.515634059906006,2.6320230960845947,2.3856160640716553,2.368393898010254,2.0242316722869873,2.038302421569824,1.7877888679504395,1.5911887884140015,1.696468472480774,1.7006460428237915,1.796355962753296,1.9078819751739502,2.19395112991333,2.330933094024658,2.7039992809295654,2.8529653549194336,2.9675192832946777,2.696448564529419,2.709894895553589,2.420269727706909,2.4331889152526855,2.254359722137451,2.534463882446289,2.4295012950897217,2.4892358779907227,2.5022387504577637,2.638200283050537,2.7830471992492676,2.9209957122802734,3.236401319503784,3.254091501235962,3.3548200130462646,3.0634593963623047,3.1198415756225586,2.8830935955047607,2.897336721420288,2.775838851928711,3.254103422164917,3.0982024669647217,3.174694776535034,3.1844422817230225,3.3159525394439697,3.4587090015411377,3.502460241317749,3.7805466651916504,3.7351138591766357,3.8358421325683594,3.5667293071746826,3.676696538925171,3.4730894565582275,3.5020768642425537,3.4303436279296875
A2,0.37472277879714966,0.0,0.39677685499191284,0.6170171499252319,0.9479652643203735,1.2517447471618652,1.6020101308822632,1.9500845670700073,2.1749019622802734,2.1175992488861084,1.8493103981018066,1.713201880455017,1.3367016315460205,1.3157237768173218,0.993527889251709,0.7134180665016174,0.6133612990379333,0.8739759922027588,1.0357518196105957,1.2031581401824951,1.5386370420455933,1.7114589214324951,2.0935566425323486,2.226900577545166,2.315624952316284,2.0476787090301514,2.0199990272521973,1.6809589862823486,1.691385269165039,1.468888759613037,1.525791049003601,1.567110538482666,1.566245675086975,1.593758225440979,1.712904453277588,1.9624582529067993,2.088677167892456,2.4522922039031982,2.5675177574157715,2.656745672225952,2.3715858459472656,2.37843656539917,2.100717306137085,2.1077492237091064,1.9586513042449951,2.394416570663452,2.2520201206207275,2.3264904022216797,2.292597532272339,2.4348766803741455,2.5406603813171387,2.681687355041504,2.9788553714752197,2.9683618545532227,3.0477867126464844,2.746547222137451,2.7988271713256836,2.5775363445281982,2.585426092147827,2.491452932357788,3.0814950466156006,2.902616024017334,2.994102954864502,2.968243360519409,3.1048662662506104,3.2175769805908203,3.262861728668213,3.52278208732605,3.4548168182373047,3.535785436630249,3.2603063583374023,3.3662164211273193,3.1768150329589844,3.1968064308166504,3.1457362174987793
A3,0.5875442624092102,0.39677685499191284,0.0,0.3748438060283661,0.6051807999610901,0.9521366953849792,1.2718759775161743,1.6248189210891724,1.8845683336257935,1.883686900138855,1.6576281785964966,1.599735140800476,1.2520262002944946,1.3435766696929932,1.1003785133361816,0.999517560005188,0.7826610207557678,0.8696350455284119,0.9641590118408203,0.9997451305389404,1.3286631107330322,1.4449310302734375,1.8297699689865112,1.9862477779388428,2.1297476291656494,1.9033212661743164,1.9506691694259644,1.6561757326126099,1.7501310110092163,1.5917311906814575,1.7567108869552612,1.7281901836395264,1.6395632028579712,1.615820288658142,1.6462117433547974,1.8609062433242798,1.9217033386230469,2.270280122756958,2.3823907375335693,2.5136706829071045,2.26578950881958,2.3359320163726807,2.1033637523651123,2.172724485397339,2.0781941413879395,2.58551287651062,2.3963680267333984,2.4167027473449707,2.342233180999756,2.4260458946228027,2.5021939277648926,2.5883240699768066,2.8641061782836914,2.8376314640045166,2.9515132904052734,2.680921792984009,2.7859745025634766,2.6055431365966797,2.66160249710083,2.6131858825683594,3.261521816253662,3.045032024383545,3.099133253097534,3.04079008102417,3.1348094940185547,3.220184326171875,3.219968318939209,3.4598889350891113,3.3678600788116455,3.473214864730835,3.2266170978546143,3.3735389709472656,3.22175931930542,3.275468587875366,3.265097141265869
A4,0.9158017635345459,0.6170171499252319,0.3748438060283661,0.0,0.37545326352119446,0.635625422000885,0.9978477954864502,1.3356260061264038,1.5627127885818481,1.5284861326217651,1.2984206676483154,1.2354214191436768,0.8940312266349792,1.0376529693603516,0.8612443804740906,1.1301456689834595,0.819040834903717,0.8582941889762878,0.7932083606719971,0.8141126036643982,1.0696552991867065,1.152653455734253,1.5287983417510986,1.6465483903884888,1.7693666219711304,1.5329132080078125,1.5904353857040405,1.3182121515274048,1.4459024667739868,1.345083475112915,1.756278395652771,1.6526035070419312,1.538130760192871,1.4322876930236816,1.4432262182235718,1.6018223762512207,1.636183500289917,1.9685293436050415,2.0473408699035645,2.1619644165039062,1.9105961322784424,1.9915999174118042,1.7855583429336548,1.8739769458770752,1.8271921873092651,2.475278615951538,2.2436819076538086,2.2599895000457764,2.132417917251587,2.204416036605835,2.234365940093994,2.310102701187134,2.562047243118286,2.5077016353607178,2.609335422515869,2.338886022567749,2.4543051719665527,2.3001444339752197,2.368412494659424,2.3587446212768555,3.105954647064209,2.8613295555114746,2.915931463241577,2.8179471492767334,2.9036927223205566,2.954470157623291,2.9452178478240967,3.1630923748016357,3.0476009845733643,3.1411385536193848,2.8973217010498047,3.051272392272949,2.9224066734313965,2.980762243270874,3.000044584274292
A5,1.192493200302124,0.9479652643203735,0.6051807999610901,0.37545326352119446,0.0,0.3761123716831207,0.6669052243232727,1.0250396728515625,1.2891662120819092,1.3317657709121704,1.1612868309020996,1.213896632194519,0.9577565789222717,1.2064169645309448,1.1340415477752686,1.478640079498291,1.155747652053833,1.1008238792419434,0.9807780981063843,0.8453688025474548,1.0268715620040894,0.9914472699165344,1.3498321771621704,1.4753719568252563,1.6611984968185425,1.4799736738204956,1.6263712644577026,1.4304399490356445,1.6261074542999268,1.5975487232208252,2.079461097717285,1.9393188953399658,1.7704612016677856,1.624276041984558,1.5519071817398071,1.6514641046524048,1.59977126121521,1.893383264541626,1.9500340223312378,2.1037628650665283,1.9005674123764038,2.0479307174682617,1.904719352722168,2.0431406497955322,2.0536749362945557,2.7561264038085938,2.494677782058716,2.4712417125701904,2.308318614959717,2.3260135650634766,2.317301034927368,2.333448648452759,2.5486927032470703,2.466968059539795,2.597275495529175,2.3641622066497803,2.5295560359954834,2.426084280014038,2.5319929122924805,2.568593740463257,3.3638107776641846,3.0929949283599854,3.119720220565796,2.991422176361084,3.039050340652466,3.0571630001068115,3.004303216934204,3.192643404006958,3.04687237739563,3.1576037406921387,2.946066379547119,3.135446310043335,3.0491960048675537,3.1321239471435547,3.190927267074585
A6,1.5316132307052612,1.2517447471618652,0.9521366953849792,0.635625422000885,0.3761123716831207,0.0,0.39187851548194885,0.7041873335838318,0.9365842342376709,0.9655562043190002,0.8366048336029053,0.9457280039787292,0.7770102620124817,1.1092605590820312,1.148901343345642,1.7096245288848877,1.3516260385513306,1.254931926727295,1.0214663743972778,0.8444843292236328,0.8702275156974792,0.7292287945747375,1.0471174716949463,1.121823787689209,1.3084934949874878,1.1489895582199097,1.3481963872909546,1.224843978881836,1.4772950410842896,1.5302085876464844,2.190908908843994,1.9897091388702393,1.7936116456985474,1.575448989868164,1.4616504907608032,1.4756183624267578,1.363953948020935,1.6136499643325806,1.6239749193191528,1.7735008001327515,1.591573715209961,1.7763258218765259,1.6904280185699463,1.866043210029602,1.9399734735488892,2.7477853298187256,2.4492342472076416,2.4094982147216797,2.194312572479248,2.1820106506347656,2.1167609691619873,2.101492404937744,2.27616548538208,2.1589889526367188,2.2867255210876465,2.072314739227295,2.265265941619873,2.207449197769165,2.3394181728363037,2.4253530502319336,3.2979896068573,2.999805450439453,3.016268491744995,2.846454620361328,2.8727784156799316,2.8488450050354004,2.7740790843963623,2.929966688156128,2.7546026706695557,2.859922409057617,2.665283441543579,2.872504472732544,2.8228836059570312,2.9202399253845215,3.0175905227661133
A7,1.8593101501464844,1.6020101308822632,1.2718759775161743,0.9978477954864502,0.6669052243232727,0.39187851548194885,0.0,0.3954665958881378,0.6603932976722717,0.8250859379768372,0.8145173192024231,1.0684505701065063,1.032442569732666,1.3914587497711182,1.4954655170440674,2.0916671752929688,1.7359349727630615,1.6135644912719727,1.3748053312301636,1.1354420185089111,1.0804864168167114,0.8074700832366943,1.017607569694519,1.058363437652588,1.3043197393417358,1.2261329889297485,1.5048424005508423,1.4745053052902222,1.7542167901992798,1.8627227544784546,2.5708000659942627,2.3537063598632812,2.133707284927368,1.8951183557510376,1.7318825721740723,1.6862138509750366,1.4933156967163086,1.6681621074676514,1.630435824394226,1.8062245845794678,1.688294529914856,1.9294161796569824,1.915736198425293,2.118659496307373,2.2418253421783447,3.091989755630493,2.7762131690979004,2.71323823928833,2.471578598022461,2.417728900909424,2.311466693878174,2.2399566173553467,2.360645055770874,2.2055866718292236,2.3506247997283936,2.182711124420166,2.415940523147583,2.414952039718628,2.570138931274414,2.6988978385925293,3.612265110015869,3.297053575515747,3.2958433628082275,3.098862886428833,3.0941169261932373,3.033931255340576,2.9208290576934814,3.0366249084472656,2.8261616230010986,2.9385018348693848,2.780693292617798,3.014641046524048,3.011751413345337,3.123607873916626,3.2583978176116943
A8,2.2078068256378174,1.9500845670700073,1.6248189210891724,1.3356260061264038,1.0250396728515625,0.7041873335838318,0.3954665958881378,0.0,0.38593435287475586,0.6707196235656738,0.8441476225852966,1.1556501388549805,1.2171659469604492,1.595871090888977,1.74884831905365,2.37532639503479,2.002842664718628,1.8301957845687866,1.547381043434143,1.2707597017288208,1.0966901779174805,0.7339653372764587,0.7867657542228699,0.7915829420089722,1.0919252634048462,1.127366542816162,1.4730098247528076,1.5315749645233154,1.8576560020446777,2.013720750808716,2.7615318298339844,2.5009379386901855,2.2465755939483643,1.9722687005996704,1.7547813653945923,1.6326203346252441,1.3656820058822632,1.456289529800415,1.3822269439697266,1.5898990631103516,1.549347162246704,1.8480356931686401,1.9032478332519531,2.1544508934020996,2.3224527835845947,3.185967445373535,2.8441696166992188,2.7447900772094727,2.4704270362854004,2.3652937412261963,2.215015411376953,2.0858469009399414,2.1530675888061523,1.9747720956802368,2.14542555809021,2.033994197845459,2.312401056289673,2.3638720512390137,2.561976909637451,2.7296841144561768,3.6550304889678955,3.3165879249572754,3.2848989963531494,3.057432174682617,3.012178421020508,2.915325403213501,2.761751651763916,2.839900493621826,2.6061649322509766,2.7352166175842285,2.6206305027008057,2.887669086456299,2.9288010597229004,3.0733299255371094,3.2446045875549316
A9,2.4664993286132812,2.1749019622802734,1.8845683336257935,1.5627127885818481,1.2891662120819092,0.9365842342376709,0.6603932976722717,0.38593435287475586,0.0,0.3835890293121338,0.6706190705299377,1.0327003002166748,1.215801477432251,1.580601453781128,1.8098649978637695,2.598104238510132,2.224818468093872,2.0854332447052,1.769240379333496,1.5424810647964478,1.321141004562378,0.9608199596405029,0.9159563779830933,0.7440837621688843,0.9526258111000061,0.9981478452682495,1.3569769859313965,1.5018693208694458,1.8145949840545654,2.037428855895996,2.9372220039367676,2.6597166061401367,2.427442789077759,2.117931365966797,1.9229450225830078,1.7454955577850342,1.4662444591522217,1.4884089231491089,1.3135744333267212,1.4537951946258545,1.4262863397598267,1.726694107055664,1.8474410772323608,2.085470199584961,2.3085310459136963,3.2768349647521973,2.923807382583618,2.8459949493408203,2.537860870361328,2.4410367012023926,2.2371597290039062,2.1065962314605713,2.1175336837768555,1.8792051076889038,2.002674102783203,1.901072382926941,2.176010847091675,2.278883934020996,2.4644620418548584,2.677518367767334,3.684990644454956,3.339796543121338,3.3268396854400635,3.066713571548462,3.0266530513763428,2.8864200115203857,2.735804319381714,2.7707340717315674,2.4976322650909424,2.586520195007324,2.4783339500427246,2.7361092567443848,2.814823865890503,2.9425318241119385,3.1465134620666504
A10,2.4433231353759766,2.1175992488861084,1.883686900138855,1.5284861326217651,1.3317657709121704,0.9655562043190002,0.8250859379768372,0.6707196235656738,0.3835890293121338,0.0,0.3817718029022217,0.7109957337379456,0.97176194190979,1.3084200620651245,1.5874543190002441,2.499549388885498,2.131589412689209,2.0325472354888916,1.690400242805481,1.5394136905670166,1.3039617538452148,1.0031708478927612,0.9730052947998047,0.7004562020301819,0.7466777563095093,0.6956138610839844,1.0251585245132446,1.2081174850463867,1.4985859394073486,1.7621963024139404,2.777928113937378,2.4931750297546387,2.296191930770874,1.9651968479156494,1.819501280784607,1.6246711015701294,1.3880250453948975,1.4157284498214722,1.1942346096038818,1.2415282726287842,1.1512771844863892,1.4126142263412476,1.5472055673599243,1.7580268383026123,2.0076591968536377,3.050511360168457,2.6980350017547607,2.6554994583129883,2.3321659564971924,2.2722511291503906,2.046727180480957,1.9604655504226685,1.9695487022399902,1.7081105709075928,1.7696219682693481,1.624587893486023,1.865044355392456,1.9723176956176758,2.130532741546631,2.359325885772705,3.420555830001831,3.0802626609802246,3.0976760387420654,2.8260393142700195,2.8152661323547363,2.6633265018463135,2.547762393951416,2.5804357528686523,2.3012354373931885,2.346036672592163,2.2040841579437256,2.431819438934326,2.505542755126953,2.606377601623535,2.81354022026062
A11,2.194002628326416,1.8493103981018066,1.6576281785964966,1.2984206676483154,1.1612868309020996,0.8366048336029053,0.8145173192024231,0.8441476225852966,0.6706190705299377,0.3817718029022217,0.0,0.3871830403804779,0.6527484059333801,0.968674898147583,1.2624599933624268,2.2557449340820312,1.9068763256072998,1.8732686042785645,1.5513371229171753,1.470458984375,1.3099920749664307,1.0863711833953857,1.1744358539581299,0.9545266032218933,0.9387585520744324,0.7176145911216736,0.9315173029899597,1.0304756164550781,1.2590793371200562,1.5104665756225586,2.5757601261138916,2.323577404022217,2.1741204261779785,1.8615996837615967,1.7840789556503296,1.6463885307312012,1.4873764514923096,1.5928630828857422,1.4080175161361694,1.4068678617477417,1.2144389152526855,1.3876453638076782,1.4509329795837402,1.5946683883666992,1.8169318437576294,2.8970088958740234,2.567091941833496,2.5739591121673584,2.2724368572235107,2.273880958557129,2.0809054374694824,2.0629312992095947,2.1222634315490723,1.8831707239151,1.9024300575256348,1.6864780187606812,1.8614466190338135,1.9145268201828003,2.013892889022827,2.2126383781433105,3.2948174476623535,2.977480173110962,3.0366199016571045,2.7876429557800293,2.8258988857269287,2.703756093978882,2.6385819911956787,2.7057816982269287,2.4501736164093018,2.4651498794555664,2.2700412273406982,2.45047926902771,2.477447032928467,2.532471179962158,2.705059289932251
A12,2.078110456466675,1.713201880455017,1.599735140800476,1.2354214191436768,1.213896632194519,0.9457280039787292,1.0684505701065063,1.1556501388549805,1.0327003002166748,0.7109957337379456,0.3871830403804779,0.0,0.389112651348114,0.6256967782974243,0.9626085162162781,2.0484533309936523,1.7199090719223022,1.737512469291687,1.4167988300323486,1.4343549013137817,1.3041244745254517,1.1870954036712646,1.3173466920852661,1.112527847290039,0.9969603419303894,0.654629647731781,0.696049690246582,0.7287461757659912,0.8929784297943115,1.1598422527313232,2.307884931564331,2.0641040802001953,1.9634264707565308,1.6542497873306274,1.6494197845458984,1.537813663482666,1.4631073474884033,1.6103042364120483,1.4485751390457153,1.381191611289978,1.1010303497314453,1.172706961631775,1.1760016679763794,1.2594329118728638,1.4706047773361206,2.591381072998047,2.2760121822357178,2.327078104019165,2.0353894233703613,2.0924742221832275,1.9158480167388916,1.9659703969955444,2.0596728324890137,1.8440752029418945,1.8142602443695068,1.5367159843444824,1.6436599493026733,1.6487640142440796,1.700321078300476,1.8782497644424438,2.97806453704834,2.677358627319336,2.7716352939605713,2.5348358154296875,2.615304470062256,2.512164831161499,2.4974822998046875,2.590832471847534,2.3623712062835693,2.3464503288269043,2.103858709335327,2.238694190979004,2.2229719161987305,2.2437584400177,2.3881218433380127
A13,1.7031809091567993,1.3367016315460205,1.2520262002944946,0.8940312266349792,0.9577565789222717,0.7770102620124817,1.032442569732666,1.2171659469604492,1.215801477432251,0.97176194190979,0.6527484059333801,0.389112651348114,0.0,0.3798600137233734,0.6167498230934143,1.662550926208496,1.3384455442428589,1.385914921760559,1.0971356630325317,1.1689393520355225,1.1319310665130615,1.1085878610610962,1.340113878250122,1.241127610206604,1.183307409286499,0.8368255496025085,0.8198057413101196,0.6484238505363464,0.7827110886573792,0.9281327724456787,1.9749572277069092,1.7615000009536743,1.6770379543304443,1.4085332155227661,1.4440490007400513,1.4194749593734741,1.4137985706329346,1.6465991735458374,1.574536919593811,1.5518378019332886,1.244439721107483,1.2807987928390503,1.1638749837875366,1.2261266708374023,1.3379987478256226,2.3656532764434814,2.0729520320892334,2.1351025104522705,1.8894155025482178,1.9782830476760864,1.8715496063232422,1.9609507322311401,2.125077724456787,1.9727305173873901,1.9731383323669434,1.670796275138855,1.7553257942199707,1.6760845184326172,1.7153984308242798,1.816585898399353,2.8294694423675537,2.5480120182037354,2.646507978439331,2.455141067504883,2.5568151473999023,2.5112147331237793,2.51914381980896,2.666747570037842,2.4863579273223877,2.4979047775268555,2.2343170642852783,2.3594555854797363,2.2837026119232178,2.3052492141723633,2.393488883972168
A14,1.6886082887649536,1.3157237768173218,1.3435766696929932,1.0376529693603516,1.2064169645309448,1.1092605590820312,1.3914587497711182,1.595871090888977,1.580601453781128,1.3084200620651245,0.968674898147583,0.6256967782974243,0.3798600137233734,0.0,0.3844875991344452,1.573398232460022,1.3089135885238647,1.4505001306533813,1.2120726108551025,1.386677622795105,1.3980807065963745,1.4433915615081787,1.6786288022994995,1.5744273662567139,1.458857536315918,1.0825881958007812,0.9279355406761169,0.6847788095474243,0.610055148601532,0.7137992978096008,1.8446086645126343,1.6719809770584106,1.6717714071273804,1.4382045269012451,1.567642331123352,1.5820716619491577,1.6510663032531738,1.8960249423980713,1.8300323486328125,1.7513900995254517,1.402120590209961,1.332101583480835,1.1531721353530884,1.0957475900650024,1.1588727235794067,2.2130753993988037,1.9575902223587036,2.0879557132720947,1.871781349182129,2.0303499698638916,1.9484795331954956,2.1029324531555176,2.285227060317993,2.148922920227051,2.0979301929473877,1.756320595741272,1.7580891847610474,1.6297706365585327,1.5869158506393433,1.646960735321045,2.664036989212036,2.416900396347046,2.56748104095459,2.3992741107940674,2.5539145469665527,2.529501438140869,2.592931032180786,2.7565877437591553,2.5998289585113525,2.572380781173706,2.2707302570343018,2.335597038269043,2.2171013355255127,2.1827268600463867,2.229799509048462
A15,1.3566211462020874,0.993527889251709,1.1003785133361816,0.8612443804740906,1.1340415477752686,1.148901343345642,1.4954655170440674,1.74884831905365,1.8098649978637695,1.5874543190002441,1.2624599933624268,0.9626085162162781,0.6167498230934143,0.3844875991344452,0.0,1.2011975049972534,0.9689652323722839,1.177773356437683,1.0207637548446655,1.2657086849212646,1.3774558305740356,1.5045127868652344,1.7970633506774902,1.770493507385254,1.699880838394165,1.3451112508773804,1.1913307905197144,0.857335090637207,0.756632924079895,0.6435969471931458,1.537637710571289,1.420174479484558,1.4570293426513672,1.2975775003433228,1.477116584777832,1.5832573175430298,1.7127182483673096,2.013417959213257,2.0180506706237793,1.9784458875656128,1.6306190490722656,1.5497958660125732,1.2920976877212524,1.2225892543792725,1.1624207496643066,2.037905216217041,1.8216791152954102,1.965335726737976,1.813314437866211,2.0013186931610107,1.9935965538024902,2.1772079467773438,2.4139559268951416,2.333202838897705,2.3114562034606934,1.9659773111343384,1.9561611413955688,1.7630856037139893,1.7147786617279053,1.6908875703811646,2.569256544113159,2.351118326187134,2.50323224067688,2.389251708984375,2.561189889907837,2.5942649841308594,2.6760575771331787,2.8847293853759766,2.7725021839141846,2.7717599868774414,2.462580442428589,2.521519660949707,2.354374885559082,2.325309991836548,2.3164138793945312
B1,0.7240064144134521,0.7134180665016174,0.999517560005188,1.1301456689834595,1.478640079498291,1.7096245288848877,2.0916671752929688,2.37532639503479,2.598104238510132,2.499549388885498,2.2557449340820312,2.0484533309936523,1.662550926208496,1.573398232460022,1.2011975049972534,0.0,0.38508641719818115,0.7060461640357971,0.9957525730133057,1.2992677688598633,1.6340649127960205,1.9303287267684937,2.286895275115967,2.450814962387085,2.493089437484741,2.2373299598693848,2.131092071533203,1.7470245361328125,1.7098151445388794,1.3744111061096191,0.8704115748405457,1.0224759578704834,1.1197429895401,1.2947205305099487,1.5125665664672852,1.840343952178955,2.0792980194091797,2.462891101837158,2.645624876022339,2.717818021774292,2.427431583404541,2.369811773300171,2.023789405822754,2.006136178970337,1.748145580291748,1.8271961212158203,1.7605520486831665,1.851566195487976,1.9234304428100586,2.1146557331085205,2.3122191429138184,2.516422748565674,2.8646371364593506,2.934964895248413,3.0095651149749756,2.7044100761413574,2.7072982788085938,2.414210319519043,2.412611961364746,2.225739002227783,2.5580599308013916,2.428828001022339,2.5164031982421875,2.568854331970215,2.73176646232605,2.9176573753356934,3.0107808113098145,3.320666551589966,3.329869270324707,3.421144485473633,3.1348745822906494,3.2094972133636475,2.9581778049468994,2.9863340854644775,2.866528272628784
B2,0.7662660479545593,0.6133612990379333,0.7826610207557678,0.819040834903717,1.155747652053833,1.3516260385513306,1.7359349727630615,2.002842664718628,2.224818468093872,2.131589412689209,1.9068763256072998,1.7199090719223022,1.3384455442428589,1.3089135885238647,0.9689652323722839,0.38508641719818115,0.0,0.3997547924518585,0.6286189556121826,0.9339364767074585,1.2607262134552002,1.5479168891906738,1.905621886253357,2.068214178085327,2.1227028369903564,1.8788150548934937,1.8048721551895142,1.4338887929916382,1.457817792892456,1.1656723022460938,0.9749827980995178,0.9711988568305969,0.9616363644599915,1.0446033477783203,1.2147419452667236,1.5186821222305298,1.7272343635559082,2.109644889831543,2.2826333045959473,2.368812322616577,2.0892813205718994,2.067152738571167,1.7448288202285767,1.775899052619934,1.56894052028656,1.8317201137542725,1.6846165657043457,1.7342020273208618,1.7368797063827515,1.889129400253296,2.047316551208496,2.2205936908721924,2.5542027950286865,2.604163408279419,2.6929688453674316,2.398247241973877,2.4367785453796387,2.17366361618042,2.2103233337402344,2.0725274085998535,2.5382349491119385,2.35475754737854,2.418532133102417,2.419104814529419,2.5517401695251465,2.7013299465179443,2.762019634246826,3.0532922744750977,3.035221576690674,3.1359305381774902,2.8629283905029297,2.9679558277130127,2.748495578765869,2.8016693592071533,2.7255938053131104
B3,0.9887009263038635,0.8739759922027588,0.8696350455284119,0.8582941889762878,1.1008238792419434,1.254931926727295,1.6135644912719727,1.8301957845687866,2.0854332447052,2.0325472354888916,1.8732686042785645,1.737512469291687,1.385914921760559,1.4505001306533813,1.177773356437683,0.7060461640357971,0.3997547924518585,0.0,0.3860068917274475,0.6241720914840698,0.9714296460151672,1.293126106262207,1.6399627923965454,1.8577086925506592,1.9563190937042236,1.7751275300979614,1.75780189037323,1.4223697185516357,1.5407383441925049,1.2946600914001465,1.0791250467300415,0.9727427959442139,0.8085169196128845,0.8747447729110718,0.9378520846366882,1.259913682937622,1.450236439704895,1.8372184038162231,2.0548369884490967,2.192763566970825,1.9607865810394287,1.9941718578338623,1.6993964910507202,1.8123447895050049,1.6387500762939453,1.8564172983169556,1.6636134386062622,1.621597170829773,1.607144832611084,1.6852059364318848,1.8519374132156372,1.9772264957427979,2.3164753913879395,2.392129898071289,2.5304946899414062,2.275630474090576,2.365786552429199,2.1248741149902344,2.2295143604278564,2.117328643798828,2.5543155670166016,2.3343253135681152,2.3343069553375244,2.320565700531006,2.39788556098938,2.5444788932800293,2.560086250305176,2.852389097213745,2.841101884841919,2.9846744537353516,2.746199607849121,2.8958680629730225,2.6998984813690186,2.8067259788513184,2.7582647800445557
B4,1.2498993873596191,1.0357518196105957,0.9641590118408203,0.7932083606719971,0.9807780981063843,1.0214663743972778,1.3748053312301636,1.547381043434143,1.769240379333496,1.690400242805481,1.5513371229171753,1.4167988300323486,1.0971356630325317,1.2120726108551025,1.0207637548446655,0.9957525730133057,0.6286189556121826,0.3860068917274475,0.0,0.38907915353775024,0.6449401378631592,0.971200704574585,1.3043451309204102,1.4928101301193237,1.5727342367172241,1.3947150707244873,1.3922265768051147,1.0810600519180298,1.2597770690917969,1.0835846662521362,1.2333492040634155,1.0135459899902344,0.7929946184158325,0.6826776266098022,0.687763512134552,0.9442421793937683,1.1088100671768188,1.4923380613327026,1.6838281154632568,1.8130906820297241,1.5813862085342407,1.6366053819656372,1.3700395822525024,1.5256500244140625,1.4142791032791138,1.8359618186950684,1.576037883758545,1.5192420482635498,1.4159489870071411,1.4662013053894043,1.568338394165039,1.67417573928833,1.990574836730957,2.0353410243988037,2.169236421585083,1.9165091514587402,2.029576063156128,1.8207145929336548,1.9531397819519043,1.8933093547821045,2.471113443374634,2.2080180644989014,2.203895092010498,2.1305553913116455,2.1904451847076416,2.2891135215759277,2.28511643409729,2.551730155944824,2.5087811946868896,2.6455368995666504,2.412346839904785,2.5795469284057617,2.414163827896118,2.5341856479644775,2.5269265174865723
B5,1.392247200012207,1.2031581401824951,0.9997451305389404,0.8141126036643982,0.8453688025474548,0.8444843292236328,1.1354420185089111,1.2707597017288208,1.5424810647964478,1.5394136905670166,1.470458984375,1.4343549013137817,1.1689393520355225,1.386677622795105,1.2657086849212646,1.2992677688598633,0.9339364767074585,0.6241720914840698,0.38907915353775024,0.0,0.39514079689979553,0.6831600069999695,1.034440040588379,1.2878350019454956,1.4569822549819946,1.3540092706680298,1.457908034324646,1.2266552448272705,1.4856911897659302,1.3881447315216064,1.590573787689209,1.359566569328308,1.0774023532867432,0.9345722198486328,0.7696509957313538,0.9437131285667419,0.9822138547897339,1.3467646837234497,1.5498340129852295,1.7496259212493896,1.5816051959991455,1.7246309518814087,1.530822992324829,1.7497293949127197,1.7032417058944702,2.1598620414733887,1.876312017440796,1.7607462406158447,1.622839331626892,1.5858983993530273,1.6476994752883911,1.6648101806640625,1.9486854076385498,1.9779902696609497,2.1643385887145996,1.9612582921981812,2.1411871910095215,1.9896552562713623,2.171252965927124,2.161421298980713,2.7683863639831543,2.480170488357544,2.4337756633758545,2.3313395977020264,2.3355607986450195,2.4016001224517822,2.33650279045105,2.575294017791748,2.505413770675659,2.676713705062866,2.4858901500701904,2.7009971141815186,2.582822799682617,2.737251043319702,2.771843910217285
B6,1.7642525434494019,1.5386370420455933,1.3286631107330322,1.0696552991867065,1.0268715620040894,0.8702275156974792,1.0804864168167114,1.0966901779174805,1.321141004562378,1.3039617538452148,1.3099920749664307,1.3041244745254517,1.1319310665130615,1.3980807065963745,1.3774558305740356,1.6340649127960205,1.2607262134552002,0.9714296460151672,0.6449401378631592,0.39514079689979553,0.0,0.38642123341560364,0.6748633980751038,0.9302496314048767,1.1033029556274414,1.0665595531463623,1.2227858304977417,1.0812937021255493,1.4094630479812622,1.4012060165405273,1.7989152669906616,1.501592993736267,1.1924917697906494,0.9441783428192139,0.6822499632835388,0.6883013248443604,0.618302583694458,0.9638506174087524,1.159332275390625,1.3817200660705566,1.2574915885925293,1.4556210041046143,1.33042311668396,1.61174476146698,1.6383196115493774,2.1993415355682373,1.8701344728469849,1.7223559617996216,1.5110770463943481,1.4131311178207397,1.3981302976608276,1.357962727546692,1.6031774282455444,1.608616590499878,1.8142259120941162,1.6447255611419678,1.8697998523712158,1.7712334394454956,2.000056505203247,2.046985387802124,2.728302001953125,2.4048030376434326,2.3354594707489014,2.1792094707489014,2.144742250442505,2.158771276473999,2.055400848388672,2.2602765560150146,2.1616601943969727,2.3429157733917236,2.179206609725952,2.426117181777954,2.351243257522583,2.535529375076294,2.615520715713501
B7,1.955941915512085,1.7114589214324951,1.4449310302734375,1.152653455734253,0.9914472699165344,0.7292287945747375,0.8074700832366943,0.7339653372764587,0.9608199596405029,1.0031708478927612,1.0863711833953857,1.1870954036712646,1.1085878610610962,1.4433915615081787,1.5045127868652344,1.9303287267684937,1.5479168891906738,1.293126106262207,0.971200704574585,0.6831600069999695,0.38642123341560364,0.0,0.3871926963329315,0.643608570098877,0.9125354290008545,0.9393391013145447,1.2050448656082153,1.1655123233795166,1.525152564048767,1.5997326374053955,2.1615920066833496,1.8663629293441772,1.5709840059280396,1.298390507698059,1.0366847515106201,0.9373078942298889,0.7139411568641663,0.9389582276344299,1.0380468368530273,1.2908457517623901,1.2177890539169312,1.4879319667816162,1.4535713195800781,1.7493172883987427,1.848314642906189,2.539783477783203,2.1963374614715576,2.055138111114502,1.8042347431182861,1.681588888168335,1.5908937454223633,1.4876817464828491,1.6508203744888306,1.5806536674499512,1.7937105894088745,1.659229040145874,1.9281795024871826,1.9017395973205566,2.1388635635375977,2.2456839084625244,3.0288186073303223,2.6907410621643066,2.6248676776885986,2.429213523864746,2.3751699924468994,2.3334860801696777,2.1940321922302246,2.342541217803955,2.1855883598327637,2.3597190380096436,2.2248497009277344,2.4955809116363525,2.475985288619995,2.6597707271575928,2.78576922416687
B8,2.342487096786499,2.0935566425323486,1.8297699689865112,1.5287983417510986,1.3498321771621704,1.0471174716949463,1.017607569694519,0.7867657542228699,0.9159563779830933,0.9730052947998047,1.1744358539581299,1.3173466920852661,1.340113878250122,1.6786288022994995,1.7970633506774902,2.286895275115967,1.905621886253357,1.6399627923965454,1.3043451309204102,1.034440040588379,0.6748633980751038,0.3871926963329315,0.0,0.3864218294620514,0.7202621102333069,0.9052824974060059,1.2258695363998413,1.298507571220398,1.6805862188339233,1.813025951385498,2.4343888759613037,2.106193780899048,1.7964458465576172,1.4934355020523071,1.1945304870605469,0.9804515838623047,0.6410183310508728,0.6962152123451233,0.7488873600959778,1.0603303909301758,1.0979872941970825,1.4326040744781494,1.4899301528930664,1.8260419368743896,1.9796102046966553,2.6920182704925537,2.3269736766815186,2.1545205116271973,1.865301489830017,1.6838276386260986,1.526624321937561,1.3434343338012695,1.426820993423462,1.323773980140686,1.572756290435791,1.5123395919799805,1.8330836296081543,1.874391794204712,2.153730630874634,2.3078904151916504,3.1073570251464844,2.7477896213531494,2.6527962684631348,2.418828248977661,2.3183224201202393,2.225853204727173,2.037051200866699,2.1348817348480225,1.9464892148971558,2.1401901245117188,2.05754017829895,2.3650968074798584,2.3995018005371094,2.616166830062866,2.784585475921631
B9,2.515634059906006,2.226900577545166,1.9862477779388428,1.6465483903884888,1.4753719568252563,1.121823787689209,1.058363437652588,0.7915829420089722,0.7440837621688843,0.7004562020301819,0.9545266032218933,1.112527847290039,1.241127610206604,1.5744273662567139,1.770493507385254,2.450814962387085,2.068214178085327,1.8577086925506592,1.4928101301193237,1.2878350019454956,0.9302496314048767,0.643608570098877,0.3864218294620514,0.0,0.3877699673175812,0.6382781863212585,1.0056174993515015,1.182370901107788,1.5576070547103882,1.7667462825775146,2.579683780670166,2.242631435394287,1.9720498323440552,1.63132905960083,1.3864482641220093,1.1195875406265259,0.7947764992713928,0.7492398023605347,0.593646764755249,0.8191697001457214,0.8645776510238647,1.2241817712783813,1.362640142440796,1.6865651607513428,1.906169056892395,2.762784004211426,2.3875269889831543,2.2544329166412354,1.9253203868865967,1.771475076675415,1.5438507795333862,1.3738985061645508,1.3842453956604004,1.1838213205337524,1.370031714439392,1.3057796955108643,1.6309616565704346,1.7320175170898438,1.9959995746612549,2.2038190364837646,3.116940975189209,2.751455307006836,2.6887829303741455,2.4164390563964844,2.333219051361084,2.188328981399536,2.011542558670044,2.059407949447632,1.8155182600021362,1.9561580419540405,1.868678331375122,2.1674704551696777,2.241692066192627,2.436145067214966,2.641124725341797
B10,2.6320230960845947,2.315624952316284,2.1297476291656494,1.7693666219711304,1.6611984968185425,1.3084934949874878,1.3043197393417358,1.0919252634048462,0.9526258111000061,0.7466777563095093,0.9387585520744324,0.9969603419303894,1.183307409286499,1.458857536315918,1.699880838394165,2.493089437484741,2.1227028369903564,1.9563190937042236,1.5727342367172241,1.4569822549819946,1.1033029556274414,0.9125354290008545,0.7202621102333069,0.3877699673175812,0.0,0.38629117608070374,0.7143897414207458,0.9859076142311096,1.337113380432129,1.5999574661254883,2.538052797317505,2.188419818878174,1.9594038724899292,1.5923361778259277,1.4089499711990356,1.1043550968170166,0.8491023778915405,0.7658149600028992,0.48409125208854675,0.5153486728668213,0.5153996348381042,0.8791396021842957,1.085176706314087,1.4001853466033936,1.668680191040039,2.6104273796081543,2.230928659439087,2.1332592964172363,1.7750331163406372,1.6553987264633179,1.3759127855300903,1.2507438659667969,1.2258780002593994,0.9674710035324097,1.065757393836975,0.9643471240997314,1.2775565385818481,1.415352463722229,1.6696913242340088,1.9145970344543457,2.8960490226745605,2.5294253826141357,2.4956226348876953,2.1956896781921387,2.1364033222198486,1.9573568105697632,1.8132340908050537,1.8387088775634766,1.5710704326629639,1.6552833318710327,1.538773775100708,1.8179882764816284,1.907248854637146,2.0852675437927246,2.3110194206237793
B11,2.3856160640716553,2.0476787090301514,1.9033212661743164,1.5329132080078125,1.4799736738204956,1.1489895582199097,1.2261329889297485,1.127366542816162,0.9981478452682495,0.6956138610839844,0.7176145911216736,0.654629647731781,0.8368255496025085,1.0825881958007812,1.3451112508773804,2.2373299598693848,1.8788150548934937,1.7751275300979614,1.3947150707244873,1.3540092706680298,1.0665595531463623,0.9393391013145447,0.9052824974060059,0.6382781863212585,0.38629117608070374,0.0,0.38908496499061584,0.6488506197929382,0.9839762449264526,1.267290472984314,2.3124799728393555,1.986722469329834,1.8080836534500122,1.4440562725067139,1.3430975675582886,1.102962851524353,0.9555866122245789,1.0070900917053223,0.8058280348777771,0.7377468943595886,0.5039511919021606,0.7371750473976135,0.8674051761627197,1.125463843345642,1.3916881084442139,2.428353786468506,2.0643808841705322,2.028477430343628,1.6835962533950806,1.6469364166259766,1.4025861024856567,1.3805475234985352,1.4269810914993286,1.198613166809082,1.2147009372711182,0.992045521736145,1.2109702825546265,1.2846869230270386,1.4708963632583618,1.6974891424179077,2.7450110912323,2.398110866546631,2.418734312057495,2.13816237449646,2.144575834274292,1.9983869791030884,1.9241615533828735,1.9912163019180298,1.7501862049102783,1.7820817232131958,1.5884385108947754,1.8028767108917236,1.836779236793518,1.9559919834136963,2.1498138904571533
B12,2.368393898010254,2.0199990272521973,1.9506691694259644,1.5904353857040405,1.6263712644577026,1.3481963872909546,1.5048424005508423,1.4730098247528076,1.3569769859313965,1.0251585245132446,0.9315173029899597,0.696049690246582,0.8198057413101196,0.9279355406761169,1.1913307905197144,2.131092071533203,1.8048721551895142,1.75780189037323,1.3922265768051147,1.457908034324646,1.2227858304977417,1.2050448656082153,1.2258695363998413,1.0056174993515015,0.7143897414207458,0.38908496499061584,0.0,0.39325445890426636,0.6544072031974792,0.9788516759872437,2.1191768646240234,1.8001625537872314,1.6848304271697998,1.3254872560501099,1.3231079578399658,1.1173444986343384,1.0958397388458252,1.1874805688858032,1.0265425443649292,0.8515276908874512,0.489383727312088,0.48124852776527405,0.5481225848197937,0.7479791641235352,1.041489839553833,2.155489921569824,1.8044898509979248,1.8267472982406616,1.484967589378357,1.525000810623169,1.291821837425232,1.3707669973373413,1.451532244682312,1.2555350065231323,1.1812301874160767,0.8636588454246521,0.9662671685218811,0.9830139875411987,1.1124478578567505,1.3367242813110352,2.4378461837768555,2.106004476547241,2.1738171577453613,1.897815465927124,1.960831642150879,1.8288357257843018,1.8261542320251465,1.9182701110839844,1.7100743055343628,1.6870183944702148,1.426369547843933,1.5733097791671753,1.556959867477417,1.6315146684646606,1.8022581338882446
B13,2.0242316722869873,1.6809589862823486,1.6561757326126099,1.3182121515274048,1.4304399490356445,1.224843978881836,1.4745053052902222,1.5315749645233154,1.5018693208694458,1.2081174850463867,1.0304756164550781,0.7287461757659912,0.6484238505363464,0.6847788095474243,0.857335090637207,1.7470245361328125,1.4338887929916382,1.4223697185516357,1.0810600519180298,1.2266552448272705,1.0812937021255493,1.1655123233795166,1.298507571220398,1.182370901107788,0.9859076142311096,0.6488506197929382,0.39325445890426636,0.0,0.3841709494590759,0.6199653744697571,1.7519097328186035,1.455193042755127,1.3704493045806885,1.0381617546081543,1.1113231182098389,1.0143455266952515,1.0968984365463257,1.3046293258666992,1.25299870967865,1.1490710973739624,0.7863551378250122,0.7099279165267944,0.517906129360199,0.6458816528320312,0.8087762594223022,1.8901032209396362,1.5592817068099976,1.6134061813354492,1.3205467462539673,1.424068808555603,1.2861982583999634,1.4334102869033813,1.6090123653411865,1.494300365447998,1.4544347524642944,1.1143934726715088,1.1577256917953491,1.0372979640960693,1.1173324584960938,1.232190728187561,2.266274929046631,1.9578593969345093,2.0467140674591064,1.8267682790756226,1.9321779012680054,1.877023458480835,1.9152493476867676,2.0763368606567383,1.929945707321167,1.9306633472442627,1.6421936750411987,1.7565183639526367,1.654817819595337,1.7084561586380005,1.7998685836791992
