,A1,A2,A3,A4,A5,A6,A7,A8,A9,A10,A11,A12,A13,A14,A15,B1,B2,B3,B4,B5,B6,B7,B8,B9,B10,B11,B12,B13,B14,B15,C1,C2,C3,C4,C5,C6,C7,C8,C9,C10,C11,C12,C13,C14,C15,D1,D2,D3,D4,D5,D6,D7,D8,D9,D10,D11,D12,D13,D14,D15,E1,E2,E3,E4,E5,E6,E7,E8,E9,E10,E11,E12,E13,E14,E15
A1,0.0,0.39078330993652344,0.625633955001831,0.9200425148010254,1.2174780368804932,1.4925146102905273,1.8360316753387451,2.101175546646118,2.382427453994751,2.497417449951172,2.2860403060913086,2.4895753860473633,2.554692029953003,2.629143714904785,2.870765209197998,3.2894351482391357,3.362682819366455,3.225062608718872,3.105436086654663,3.183627128601074,3.0287137031555176,3.1899192333221436,2.9883129596710205,3.088456153869629,2.944769859313965,3.0751683712005615,3.3912484645843506,3.314500570297241,3.6019411087036133,3.6224098205566406,3.995218276977539,3.7377774715423584,3.615701913833618,3.495589017868042,3.2646408081054688,3.28387713432312,3.0270302295684814,3.150404930114746,3.1756513118743896,3.522681951522827,3.5097768306732178,3.8136396408081055,3.7142419815063477,3.936772108078003,3.9489567279815674,3.924208641052246,3.5580697059631348,3.5377049446105957,3.299222946166992,3.138826608657837,3.036968469619751,2.8116419315338135,2.9137089252471924,2.73909854888916,2.8269894123077393,3.0865180492401123,3.3687796592712402,3.5164635181427,3.7827305793762207,3.8981056213378906,4.497226238250732,4.388852596282959,4.202053070068359,3.9348347187042236,3.824664831161499,3.487180471420288,3.425468683242798,3.0483591556549072,2.901362657546997,2.532414197921753,2.3714330196380615,2.0823545455932617,2.2345635890960693,2.034052610397339,2.2639710903167725
A2,0.39078330993652344,0.0,0.3936723470687866,0.5900009870529175,0.9305137395858765,1.1921437978744507,1.5317561626434326,1.8148436546325684,2.063546895980835,2.168867826461792,1.950893759727478,2.1517183780670166,2.2493152618408203,2.322352647781372,2.591146230697632,2.9799306392669678,3.030076503753662,2.8753724098205566,2.742913246154785,2.8058958053588867,2.644257068634033,2.8013792037963867,2.6034653186798096,2.7152392864227295,2.578659772872925,2.721914768218994,3.0382466316223145,2.975126028060913,3.261644124984741,3.3038201332092285,3.768000364303589,3.4910738468170166,3.381915330886841,3.23417592048645,3.0089614391326904,3.009321928024292,2.7457330226898193,2.868999719619751,2.867734670639038,3.2042484283447266,3.1749722957611084,3.4801201820373535,3.386707067489624,3.600620746612549,3.627586841583252,3.6767516136169434,3.3111765384674072,3.3053412437438965,3.0481059551239014,2.9135704040527344,2.7946975231170654,2.587977170944214,2.679476499557495,2.490643262863159,2.5374844074249268,2.7824060916900635,3.074272394180298,3.215804100036621,3.4704535007476807,3.589811086654663,4.136850357055664,4.030412197113037,3.8336315155029297,3.573866367340088,3.4569311141967773,3.1263248920440674,3.071153163909912,2.6956756114959717,2.572972297668457,2.211803913116455,2.06547212600708,1.771761178970337,1.927512764930725,1.7668306827545166,2.006082773208618
A3,0.625633955001831,0.3936723470687866,0.0,0.3744904696941376,0.5978800654411316,0.9137598276138306,1.2273032665252686,1.5236127376556396,1.8003453016281128,1.9596574306488037,1.8020962476730347,2.063107490539551,2.195558547973633,2.3311688899993896,2.6212828159332275,3.099172353744507,3.1013331413269043,2.9428982734680176,2.760485887527466,2.803187847137451,2.5894482135772705,2.7045907974243164,2.4603424072265625,2.530705690383911,2.4119057655334473,2.570131778717041,2.9124298095703125,2.8870527744293213,3.2040188312530518,3.273735761642456,3.7833104133605957,3.4852147102355957,3.343947172164917,3.167652130126953,2.910395383834839,2.8679518699645996,2.5724270343780518,2.6489808559417725,2.635432243347168,2.9786376953125,2.98852276802063,3.3165788650512695,3.2623400688171387,3.5046818256378174,3.566920518875122,3.7070670127868652,3.332641124725342,3.292604446411133,3.003220796585083,2.8436503410339355,2.6776814460754395,2.438615560531616,2.477292776107788,2.249136209487915,2.3003952503204346,2.5754997730255127,2.8904881477355957,3.0730459690093994,3.3536901473999023,3.5146427154541016,4.091019153594971,3.951692581176758,3.73814058303833,3.4583640098571777,3.3120718002319336,2.9618964195251465,2.8636622428894043,2.4764628410339355,2.3160994052886963,1.9514622688293457,1.834466576576233,1.5919520854949951,1.8199201822280884,1.7083760499954224,2.0080745220184326
A4,0.9200425148010254,0.5900009870529175,0.3744904696941376,0.0,0.38829854130744934,0.6064122915267944,0.9454357624053955,1.2310715913772583,1.4770455360412598,1.607319951057434,1.4342244863510132,1.6928880214691162,1.8426152467727661,1.9865212440490723,2.2921030521392822,2.786621570587158,2.7646515369415283,2.609815835952759,2.4087061882019043,2.456594228744507,2.234126329421997,2.355988025665283,2.1178345680236816,2.1847097873687744,2.048563003540039,2.200286865234375,2.539440393447876,2.5151166915893555,2.833073854446411,2.912022829055786,3.4743151664733887,3.1632869243621826,3.029573440551758,2.8347480297088623,2.583249092102051,2.531034469604492,2.2364144325256348,2.323737859725952,2.3002123832702637,2.637173652648926,2.62941837310791,2.9527251720428467,2.895066022872925,3.13319993019104,3.200852870941162,3.387648105621338,3.014822483062744,2.981008291244507,2.6789257526397705,2.53902006149292,2.362990140914917,2.1441946029663086,2.182981491088867,1.9559533596038818,1.976394534111023,2.2333853244781494,2.5477330684661865,2.7199695110321045,2.9920897483825684,3.15364408493042,3.7196919918060303,3.5774545669555664,3.365457773208618,3.0849947929382324,2.9443442821502686,2.596351385116577,2.512847423553467,2.131378650665283,1.989274024963379,1.6262985467910767,1.4990288019180298,1.2404556274414062,1.4654059410095215,1.388127326965332,1.6967796087265015
A5,1.2174780368804932,0.9305137395858765,0.5978800654411316,0.38829854130744934,0.0,0.3879973590373993,0.6339879035949707,0.9613955020904541,1.2284492254257202,1.437364101409912,1.3577625751495361,1.6805096864700317,1.878334403038025,2.0817372798919678,2.4050610065460205,2.952489137649536,2.8808488845825195,2.7175004482269287,2.4699110984802246,2.4849765300750732,2.2095494270324707,2.274413585662842,1.9854353666305542,2.0053768157958984,1.903709053993225,2.080817461013794,2.4457547664642334,2.4734928607940674,2.8179264068603516,2.9335100650787354,3.5585856437683105,3.2274129390716553,3.0674030780792236,2.8388512134552,2.5597496032714844,2.452742576599121,2.1229300498962402,2.147094249725342,2.0944128036499023,2.4315478801727295,2.4675021171569824,2.8163068294525146,2.8091847896575928,3.072408676147461,3.183689594268799,3.4825022220611572,3.1086130142211914,3.0457968711853027,2.712757110595703,2.5571653842926025,2.328547477722168,2.0841903686523438,2.051970958709717,1.7716050148010254,1.7782307863235474,2.065575361251831,2.4090933799743652,2.6263949871063232,2.919794797897339,3.1266372203826904,3.6931753158569336,3.519097089767456,3.285651445388794,2.990328073501587,2.812272548675537,2.44858717918396,2.3123810291290283,1.919277548789978,1.7382384538650513,1.3790788650512695,1.31273353099823,1.145414113998413,1.4577804803848267,1.4626368284225464,1.8167067766189575
A6,1.4925146102905273,1.1921437978744507,0.9137598276138306,0.6064122915267944,0.3879973590373993,0.0,0.3890839219093323,0.6247183084487915,0.8940253853797913,1.0698214769363403,0.9969623684883118,1.3405147790908813,1.5380303859710693,1.7796794176101685,2.1012520790100098,2.733898878097534,2.633382797241211,2.49922251701355,2.223323106765747,2.2644147872924805,1.973567008972168,2.046712636947632,1.7604995965957642,1.7396842241287231,1.5918900966644287,1.7349882125854492,2.0987401008605957,2.1212100982666016,2.476642370223999,2.5904297828674316,3.2224693298339844,2.8826093673706055,2.712756872177124,2.4710335731506348,2.1857006549835205,2.0670268535614014,1.7350801229476929,1.7661552429199219,1.7265270948410034,2.0697174072265625,2.1036617755889893,2.4475162029266357,2.4370927810668945,2.7116808891296387,2.8251302242279053,3.1535301208496094,2.780627965927124,2.7029733657836914,2.357260227203369,2.2020273208618164,1.9566795825958252,1.7187201976776123,1.679548740386963,1.4032278060913086,1.4023560285568237,1.6845905780792236,2.022827625274658,2.24137020111084,2.5413706302642822,2.757319927215576,3.3766512870788574,3.1860039234161377,2.9656271934509277,2.6543257236480713,2.4906697273254395,2.117795944213867,1.9922046661376953,1.609232783317566,1.4169236421585083,1.0450328588485718,0.9334388375282288,0.7651114463806152,1.1017186641693115,1.1504849195480347,1.5231958627700806
A7,1.8360316753387451,1.5317561626434326,1.2273032665252686,0.9454357624053955,0.6339879035949707,0.3890839219093323,0.0,0.4017934799194336,0.6177663803100586,0.9030126929283142,0.9684106707572937,1.3485249280929565,1.6102125644683838,1.8855876922607422,2.2223610877990723,2.8403732776641846,2.688995361328125,2.537654399871826,2.2234067916870117,2.2173469066619873,1.8796170949935913,1.8840610980987549,1.5517114400863647,1.4829517602920532,1.3898394107818604,1.5740455389022827,1.95698082447052,2.04825758934021,2.417445182800293,2.5807607173919678,3.313612461090088,2.954782724380493,2.777961254119873,2.4957478046417236,2.2014734745025635,2.017765760421753,1.6571385860443115,1.6120027303695679,1.5073388814926147,1.8331266641616821,1.9018275737762451,2.2700185775756836,2.31958270072937,2.6055920124053955,2.771139621734619,3.2412288188934326,2.879596471786499,2.7916715145111084,2.4207417964935303,2.278154134750366,1.9847620725631714,1.7526859045028687,1.6314386129379272,1.2964526414871216,1.2269172668457031,1.5194464921951294,1.8908404111862183,2.1459267139434814,2.4489634037017822,2.7068123817443848,3.269296407699585,3.0537848472595215,2.8062872886657715,2.491788387298584,2.283763885498047,1.9054763317108154,1.7244441509246826,1.331929087638855,1.115225911140442,0.764222264289856,0.7871146202087402,0.7859991192817688,1.1769002676010132,1.3387681245803833,1.7103219032287598
A8,2.101175546646118,1.8148436546325684,1.5236127376556396,1.2310715913772583,0.9613955020904541,0.6247183084487915,0.4017934799194336,0.0,0.3824670612812042,0.6529578566551208,0.8113335967063904,1.204209804534912,1.4315786361694336,1.762574553489685,2.0699028968811035,2.8133785724639893,2.6363022327423096,2.5334856510162354,2.1945934295654297,2.2271246910095215,1.8805843591690063,1.8881070613861084,1.5663729906082153,1.4168319702148438,1.2618237733840942,1.3734655380249023,1.748498558998108,1.8351894617080688,2.2204296588897705,2.371574640274048,3.0583109855651855,2.6975555419921875,2.490297555923462,2.200911045074463,1.8854271173477173,1.6773078441619873,1.3060072660446167,1.2339268922805786,1.1671347618103027,1.5146925449371338,1.6191943883895874,1.983468770980835,2.0422542095184326,2.358130693435669,2.527036190032959,3.0130889415740967,2.655313491821289,2.5286295413970947,2.1477317810058594,1.9818485975265503,1.6593672037124634,1.4132862091064453,1.2494604587554932,0.8994839191436768,0.8527716994285583,1.1741269826889038,1.538999080657959,1.82219398021698,2.151750326156616,2.4338715076446533,3.105687141418457,2.859316110610962,2.635927200317383,2.293116331100464,2.1050281524658203,1.7112772464752197,1.5250966548919678,1.1629869937896729,0.8791121244430542,0.5134512186050415,0.46538951992988586,0.6016228795051575,1.0015654563903809,1.202865719795227,1.5755345821380615
A9,2.382427453994751,2.063546895980835,1.8003453016281128,1.4770455360412598,1.2284492254257202,0.8940253853797913,0.6177663803100586,0.3824670612812042,0.0,0.38622862100601196,0.6757397651672363,1.0388121604919434,1.3300602436065674,1.6547694206237793,1.9746497869491577,2.6519017219543457,2.4324657917022705,2.3188376426696777,1.9559106826782227,1.9582054615020752,1.5894911289215088,1.5605010986328125,1.2342778444290161,1.047756314277649,0.9031277298927307,1.0424830913543701,1.4253020286560059,1.5660874843597412,1.94855797290802,2.145643472671509,2.9593753814697266,2.5837886333465576,2.4034690856933594,2.0763742923736572,1.7875571250915527,1.535295009613037,1.1661150455474854,1.0683560371398926,0.9031508564949036,1.2170231342315674,1.2964521646499634,1.6726113557815552,1.7630640268325806,2.066763401031494,2.273587942123413,2.8891730308532715,2.5517115592956543,2.4479146003723145,2.055612325668335,1.9466532468795776,1.6097766160964966,1.4327973127365112,1.2443031072616577,0.901903510093689,0.6877944469451904,0.943065881729126,1.3307191133499146,1.6041215658187866,1.905116081237793,2.2020576000213623,2.7805216312408447,2.5276038646698,2.28576922416687,1.9490978717803955,1.737975001335144,1.3463300466537476,1.1495649814605713,0.7810113430023193,0.525858998298645,0.15145885944366455,0.3487798571586609,0.6249520778656006,0.9639930725097656,1.2702908515930176,1.5937683582305908
A10,2.497417449951172,2.168867826461792,1.9596574306488037,1.607319951057434,1.437364101409912,1.0698214769363403,0.9030126929283142,0.6529578566551208,0.38622862100601196,0.0,0.3917735815048218,0.6950975060462952,0.9809249043464661,1.313055157661438,1.6202830076217651,2.3330066204071045,2.103086233139038,2.0274157524108887,1.6604779958724976,1.7137421369552612,1.371233582496643,1.4014471769332886,1.1488038301467896,0.9680510759353638,0.6926884651184082,0.7280623912811279,1.0973689556121826,1.1943268775939941,1.5799810886383057,1.7622039318084717,2.5915966033935547,2.212735414505005,2.0509541034698486,1.7157013416290283,1.4496231079101562,1.2102762460708618,0.86655592918396,0.8636572957038879,0.7309427261352539,1.039376139640808,1.0339899063110352,1.3822715282440186,1.4178988933563232,1.7159899473190308,1.8999735116958618,2.511320114135742,2.1803717613220215,2.0901119709014893,1.6979731321334839,1.6270302534103394,1.3049150705337524,1.1950271129608154,1.063283085823059,0.8127961754798889,0.538688600063324,0.6841964721679688,1.0445626974105835,1.266854166984558,1.553287386894226,1.829958200454712,2.4560739994049072,2.2087039947509766,1.9966533184051514,1.6506024599075317,1.4948205947875977,1.1049549579620361,1.0069184303283691,0.6987926959991455,0.5664141178131104,0.36055150628089905,0.2568894624710083,0.48545917868614197,0.682431161403656,1.0479027032852173,1.3138954639434814
A11,2.2860403060913086,1.950893759727478,1.8020962476730347,1.4342244863510132,1.3577625751495361,0.9969623684883118,0.9684106707572937,0.8113335967063904,0.6757397651672363,0.3917735815048218,0.0,0.3942795395851135,0.6844013333320618,0.9842060208320618,1.3165194988250732,2.023387908935547,1.8361554145812988,1.7696459293365479,1.4352948665618896,1.5454224348068237,1.2598103284835815,1.3915507793426514,1.2096359729766846,1.1397459506988525,0.8195187449455261,0.8180813193321228,1.1396117210388184,1.1251115798950195,1.4865684509277344,1.6170443296432495,2.4066126346588135,2.036808729171753,1.9095252752304077,1.6073477268218994,1.3739807605743408,1.231829285621643,0.9506511092185974,1.0932368040084839,1.0428223609924316,1.33027982711792,1.2386000156402588,1.5295934677124023,1.4639095067977905,1.7198728322982788,1.8327925205230713,2.304638147354126,1.9583662748336792,1.9090242385864258,1.5370665788650513,1.4916667938232422,1.237797498703003,1.16291344165802,1.1644890308380127,1.0054749250411987,0.8284386992454529,0.9165633320808411,1.1982313394546509,1.32675302028656,1.5780682563781738,1.7795014381408691,2.4162888526916504,2.2160282135009766,2.0321881771087646,1.709097146987915,1.6162277460098267,1.260796070098877,1.2675235271453857,0.985883355140686,0.9437465667724609,0.7130568027496338,0.48154857754707336,0.3187379837036133,0.35770928859710693,0.7284461259841919,0.9743757247924805
A12,2.4895753860473633,2.1517183780670166,2.063107490539551,1.6928880214691162,1.6805096864700317,1.3405147790908813,1.3485249280929565,1.204209804534912,1.0388121604919434,0.6950975060462952,0.3942795395851135,0.0,0.39536845684051514,0.6335436701774597,0.9732199907302856,1.6615773439407349,1.4640060663223267,1.438796043395996,1.1138198375701904,1.2949928045272827,1.0804941654205322,1.2936173677444458,1.2269796133041382,1.204634189605713,0.8394719362258911,0.7312417030334473,0.9434162974357605,0.8278674483299255,1.1524505615234375,1.257080316543579,2.1035375595092773,1.7340657711029053,1.6641805171966553,1.3649770021438599,1.2075401544570923,1.127078652381897,0.955919086933136,1.1954457759857178,1.16899573802948,1.3846569061279297,1.1924235820770264,1.4017455577850342,1.2492963075637817,1.4499437808990479,1.5141851902008057,1.9669623374938965,1.6349071264266968,1.6389964818954468,1.2880197763442993,1.3333420753479004,1.150412678718567,1.1947381496429443,1.280595064163208,1.2300646305084229,1.0421916246414185,0.9949594736099243,1.1704849004745483,1.1784663200378418,1.355381727218628,1.4884703159332275,2.1062450408935547,1.9376978874206543,1.7914860248565674,1.4913039207458496,1.4763590097427368,1.1791696548461914,1.3067859411239624,1.1199662685394287,1.1841859817504883,1.0451377630233765,0.8336714506149292,0.66791832447052,0.4085676074028015,0.7415090799331665,0.8156390190124512
A13,2.554692029953003,2.2493152618408203,2.195558547973633,1.8426152467727661,1.878334403038025,1.5380303859710693,1.6102125644683838,1.4315786361694336,1.3300602436065674,0.9809249043464661,0.6844013333320618,0.39536845684051514,0.0,0.39404478669166565,0.6480448246002197,1.5771849155426025,1.4273591041564941,1.5005416870117188,1.2367411851882935,1.5086352825164795,1.3749719858169556,1.6284643411636353,1.6051990985870361,1.5733431577682495,1.1929512023925781,0.9992411136627197,1.111221432685852,0.8647716045379639,1.1356922388076782,1.1130821704864502,1.7568068504333496,1.3997600078582764,1.3244425058364868,1.0739940404891968,0.9413304328918457,0.9828136563301086,0.9174420833587646,1.2517002820968628,1.3363419771194458,1.5469235181808472,1.352406620979309,1.4873687028884888,1.2499330043792725,1.4389938116073608,1.4055395126342773,1.6422293186187744,1.2882401943206787,1.2800359725952148,0.9475628733634949,0.998379111289978,0.9012055397033691,1.007527470588684,1.2085087299346924,1.2750835418701172,1.1843663454055786,1.1100130081176758,1.1762869358062744,1.1122839450836182,1.279333472251892,1.3444428443908691,2.148322582244873,1.9930622577667236,1.9203379154205322,1.6232908964157104,1.6914249658584595,1.4279319047927856,1.5938960313796997,1.4542789459228516,1.484647274017334,1.339280366897583,1.0539623498916626,0.8475764989852905,0.4524643123149872,0.6017895936965942,0.5157721042633057
A14,2.629143714904785,2.322352647781372,2.3311688899993896,1.9865212440490723,2.0817372798919678,1.7796794176101685,1.8855876922607422,1.762574553489685,1.6547694206237793,1.313055157661438,0.9842060208320618,0.6335436701774597,0.39404478669166565,0.0,0.38018038868904114,1.199823021888733,1.0956984758377075,1.2058053016662598,1.0204994678497314,1.35494863986969,1.3286384344100952,1.6465805768966675,1.7062861919403076,1.7477777004241943,1.3894069194793701,1.2112641334533691,1.2445955276489258,0.9415417909622192,1.091476321220398,1.0108462572097778,1.660082221031189,1.333447813987732,1.3636373281478882,1.172908067703247,1.1570481061935425,1.2707493305206299,1.2760348320007324,1.618817687034607,1.6816381216049194,1.851516604423523,1.6027668714523315,1.6815812587738037,1.391194462776184,1.4836817979812622,1.3788334131240845,1.4834975004196167,1.1525570154190063,1.2603464126586914,1.017914056777954,1.1719757318496704,1.1868476867675781,1.347687005996704,1.5854154825210571,1.6690384149551392,1.5648974180221558,1.461327314376831,1.4920036792755127,1.3491723537445068,1.4171161651611328,1.3752390146255493,2.0422487258911133,1.9565354585647583,1.9141197204589844,1.6781086921691895,1.7963736057281494,1.5991368293762207,1.8253451585769653,1.7115776538848877,1.8020594120025635,1.6688920259475708,1.4108526706695557,1.1691511869430542,0.782232403755188,0.8267916440963745,0.5779226422309875
A15,2.870765209197998,2.591146230697632,2.6212828159332275,2.2921030521392822,2.4050610065460205,2.1012520790100098,2.2223610877990723,2.0699028968811035,1.9746497869491577,1.6202830076217651,1.3165194988250732,0.9732199907302856,0.6480448246002197,0.38018038868904114,0.0,1.1723705530166626,1.1161593198776245,1.336499810218811,1.2238413095474243,1.5983277559280396,1.627597689628601,1.9509668350219727,2.0424914360046387,2.067004442214966,1.6999046802520752,1.4699559211730957,1.428109884262085,1.06533944606781,1.1220299005508423,0.9092747569084167,1.3088968992233276,1.0127524137496948,1.0964916944503784,0.9928800463676453,1.0724624395370483,1.2877658605575562,1.3951218128204346,1.7704235315322876,1.8880311250686646,2.030327320098877,1.7746000289916992,1.781805157661438,1.436868667602539,1.4882148504257202,1.2866493463516235,1.13021719455719,0.7970779538154602,0.9533711671829224,0.8060182332992554,1.028264045715332,1.1634687185287476,1.3930100202560425,1.6866142749786377,1.8486272096633911,1.786393165588379,1.6481119394302368,1.592454433441162,1.3820706605911255,1.3987115621566772,1.2669312953948975,2.042062759399414,1.9774746894836426,2.00801157951355,1.7924326658248901,1.9781317710876465,1.8217397928237915,2.078033685684204,2.010385751724243,2.0951695442199707,1.9804415702819824,1.701364517211914,1.4747263193130493,1.071069598197937,1.0401781797409058,0.6932892203330994
B1,3.2894351482391357,2.9799306392669678,3.099172353744507,2.786621570587158,2.952489137649536,2.733898878097534,2.8403732776641846,2.8133785724639893,2.6519017219543457,2.3330066204071045,2.023387908935547,1.6615773439407349,1.5771849155426025,1.199823021888733,1.1723705530166626,0.0,0.3938058018684387,0.6072567701339722,0.8994919061660767,1.217117190361023,1.5228679180145264,1.8879947662353516,2.1545839309692383,2.3473427295684814,2.106473922729492,1.993711233139038,1.8738341331481934,1.606589674949646,1.4511115550994873,1.3565036058425903,2.0188586711883545,1.835052490234375,2.090395212173462,1.9948979616165161,2.1567413806915283,2.2958414554595947,2.3745481967926025,2.6923344135284424,2.6753313541412354,2.7399888038635254,2.3995003700256348,2.3661751747131348,2.050794839859009,1.906882882118225,1.720113754272461,1.6941508054733276,1.5896477699279785,1.9227523803710938,1.8816802501678467,2.178438901901245,2.2899844646453857,2.518237352371216,2.7526447772979736,2.8312859535217285,2.6576273441314697,2.491529941558838,2.4817209243774414,2.2349319458007812,2.1027796268463135,1.8828662633895874,1.847762107849121,1.9975992441177368,2.0204620361328125,2.0105996131896973,2.2078800201416016,2.20721173286438,2.5308010578155518,2.5005178451538086,2.725388526916504,2.6579554080963135,2.4918479919433594,2.2590012550354004,1.9262397289276123,1.958762526512146,1.6730966567993164
B2,3.362682819366455,3.030076503753662,3.1013331413269043,2.7646515369415283,2.8808488845825195,2.633382797241211,2.688995361328125,2.6363022327423096,2.4324657917022705,2.103086233139038,1.8361554145812988,1.4640060663223267,1.4273591041564941,1.0956984758377075,1.1161593198776245,0.3938058018684387,0.0,0.3934537172317505,0.5962602496147156,0.9293332099914551,1.2268294095993042,1.5753052234649658,1.8610615730285645,2.03356671333313,1.8017100095748901,1.6781865358352661,1.5244580507278442,1.2843458652496338,1.1058192253112793,1.07988703250885,1.9716283082962036,1.7393901348114014,1.9768747091293335,1.8204959630966187,1.9765822887420654,2.0648818016052246,2.140024423599243,2.432159662246704,2.385586977005005,2.4168646335601807,2.0633676052093506,2.0172808170318604,1.7206878662109375,1.5600252151489258,1.4174600839614868,1.6471484899520874,1.5365374088287354,1.8415225744247437,1.7500460147857666,2.0612380504608154,2.1258652210235596,2.36564564704895,2.558171510696411,2.6237897872924805,2.4127862453460693,2.217602491378784,2.2032926082611084,1.9531638622283936,1.7993947267532349,1.6032925844192505,1.4927455186843872,1.6233431100845337,1.6288764476776123,1.6243704557418823,1.8244084119796753,1.8487598896026611,2.1873559951782227,2.1929211616516113,2.4442272186279297,2.4201323986053467,2.286586284637451,2.1042466163635254,1.7843395471572876,1.8927171230316162,1.642498254776001
B3,3.225062608718872,2.8753724098205566,2.9428982734680176,2.609815835952759,2.7175004482269287,2.49922251701355,2.537654399871826,2.5334856510162354,2.3188376426696777,2.0274157524108887,1.7696459293365479,1.438796043395996,1.5005416870117188,1.2058053016662598,1.336499810218811,0.6072567701339722,0.3934537172317505,0.0,0.39601680636405945,0.6209614872932434,0.9689920544624329,1.3173328638076782,1.617665410041809,1.8470505475997925,1.6703448295593262,1.6266456842422485,1.5276353359222412,1.3698817491531372,1.2567753791809082,1.3344430923461914,2.3274855613708496,2.0678393840789795,2.267162561416626,2.0694222450256348,2.1726698875427246,2.208505153656006,2.219944715499878,2.475205898284912,2.3767101764678955,2.417532444000244,2.0730104446411133,2.081425428390503,1.8421326875686646,1.7091988325119019,1.6505646705627441,2.0145199298858643,1.870520830154419,2.144874095916748,2.0003488063812256,2.2764272689819336,2.286365032196045,2.4832851886749268,2.6382174491882324,2.6450304985046387,2.4030115604400635,2.237776041030884,2.2867543697357178,2.0871798992156982,1.9679665565490723,1.8384052515029907,1.598369836807251,1.7207386493682861,1.6418325901031494,1.6468485593795776,1.7705165147781372,1.785096526145935,2.094095230102539,2.067821502685547,2.3404810428619385,2.313201904296875,2.2246201038360596,2.0457680225372314,1.7811291217803955,1.9230554103851318,1.7371512651443481
B4,3.105436086654663,2.742913246154785,2.760485887527466,2.4087061882019043,2.4699110984802246,2.223323106765747,2.2234067916870117,2.1945934295654297,1.9559106826782227,1.6604779958724976,1.4352948665618896,1.1138198375701904,1.2367411851882935,1.0204994678497314,1.2238413095474243,0.8994919061660767,0.5962602496147156,0.39601680636405945,0.0,0.3981674015522003,0.633488118648529,0.9944674968719482,1.2696950435638428,1.4688414335250854,1.276975154876709,1.2351025342941284,1.159000039100647,1.0414294004440308,1.0019363164901733,1.1598663330078125,2.272455930709839,1.9661133289337158,2.1111857891082764,1.860623836517334,1.9194107055664062,1.9035096168518066,1.882755160331726,2.112072229385376,1.9926235675811768,2.034006118774414,1.6965746879577637,1.7369043827056885,1.5297589302062988,1.4450758695602417,1.4542912244796753,1.989112138748169,1.8031229972839355,2.0202417373657227,1.813137173652649,2.0628952980041504,2.0170905590057373,2.1965746879577637,2.3124117851257324,2.2962756156921387,2.0327675342559814,1.8659706115722656,1.9374370574951172,1.7691198587417603,1.6826108694076538,1.6207698583602905,1.4932758808135986,1.5306116342544556,1.3998215198516846,1.3418323993682861,1.4270215034484863,1.4038927555084229,1.7032392024993896,1.67411470413208,1.9498900175094604,1.9400153160095215,1.8705878257751465,1.7296674251556396,1.488750696182251,1.692563533782959,1.5598483085632324
B5,3.183627128601074,2.8058958053588867,2.803187847137451,2.456594228744507,2.4849765300750732,2.2644147872924805,2.2173469066619873,2.2271246910095215,1.9582054615020752,1.7137421369552612,1.5454224348068237,1.2949928045272827,1.5086352825164795,1.35494863986969,1.5983277559280396,1.217117190361023,0.9293332099914551,0.6209614872932434,0.3981674015522003,0.0,0.40624552965164185,0.7097892165184021,1.042719841003418,1.3053193092346191,1.219649314880371,1.2749671936035156,1.231473684310913,1.2380565404891968,1.2250906229019165,1.4639054536819458,2.6427817344665527,2.3267297744750977,2.454118251800537,2.1736154556274414,2.203518867492676,2.13020920753479,2.063584089279175,2.2335727214813232,2.0493690967559814,2.0678629875183105,1.7437604665756226,1.816333293914795,1.6883901357650757,1.6061142683029175,1.6961337327957153,2.362342596054077,2.1816964149475098,2.3806471824645996,2.1474757194519043,2.3777029514312744,2.284559965133667,2.4342284202575684,2.4967586994171143,2.425891637802124,2.1214218139648438,1.9696404933929443,2.0870542526245117,1.9623162746429443,1.8835057020187378,1.873716950416565,1.5429686307907104,1.5811189413070679,1.371268630027771,1.3565890789031982,1.3544808626174927,1.3614041805267334,1.6255581378936768,1.5977627038955688,1.9138448238372803,1.9368212223052979,1.9430060386657715,1.8448230028152466,1.6800072193145752,1.9274768829345703,1.858364224433899
B6,3.0287137031555176,2.644257068634033,2.5894482135772705,2.234126329421997,2.2095494270324707,1.973567008972168,1.8796170949935913,1.8805843591690063,1.5894911289215088,1.371233582496643,1.2598103284835815,1.0804941654205322,1.3749719858169556,1.3286384344100952,1.627597689628601,1.5228679180145264,1.2268294095993042,0.9689920544624329,0.633488118648529,0.40624552965164185,0.0,0.38010212779045105,0.6515126824378967,0.907738447189331,0.8406767249107361,0.9653206467628479,1.0129553079605103,1.1113495826721191,1.2151881456375122,1.504459261894226,2.7053472995758057,2.357748508453369,2.422805070877075,2.104172706604004,2.071754217147827,1.9398953914642334,1.8152767419815063,1.9364336729049683,1.7170300483703613,1.7515217065811157,1.4617037773132324,1.604073405265808,1.5420050621032715,1.5407624244689941,1.7023899555206299,2.4614782333374023,2.241403818130493,2.378632068634033,2.0915284156799316,2.2712855339050293,2.1162352561950684,2.2228550910949707,2.233612298965454,2.117809534072876,1.7921795845031738,1.6663864850997925,1.8360066413879395,1.7774401903152466,1.7615364789962769,1.838483214378357,1.6643420457839966,1.608221173286438,1.3405287265777588,1.239431619644165,1.141396164894104,1.0661245584487915,1.2739133834838867,1.2083210945129395,1.5261476039886475,1.561305046081543,1.6096141338348389,1.5600707530975342,1.461033821105957,1.7619658708572388,1.7698783874511719
B7,3.1899192333221436,2.8013792037963867,2.7045907974243164,2.355988025665283,2.274413585662842,2.046712636947632,1.8840610980987549,1.8881070613861084,1.5605010986328125,1.4014471769332886,1.3915507793426514,1.2936173677444458,1.6284643411636353,1.6465805768966675,1.9509668350219727,1.8879947662353516,1.5753052234649658,1.3173328638076782,0.9944674968719482,0.7097892165184021,0.38010212779045105,0.0,0.3986777067184448,0.6756465435028076,0.7735907435417175,0.9863061308860779,1.0603578090667725,1.275957465171814,1.4022445678710938,1.740188479423523,2.9762425422668457,2.618457317352295,2.6576154232025146,2.312323570251465,2.2539584636688232,2.0636613368988037,1.906388521194458,1.9527273178100586,1.672920823097229,1.6681420803070068,1.4141672849655151,1.5847663879394531,1.6166017055511475,1.6337592601776123,1.8683207035064697,2.7467246055603027,2.5319936275482178,2.6389379501342773,2.3297131061553955,2.4883930683135986,2.2879762649536133,2.3705692291259766,2.318267583847046,2.158881664276123,1.7986202239990234,1.6802215576171875,1.878785490989685,1.8681399822235107,1.8637727499008179,1.9979634284973145,1.7364206314086914,1.641999363899231,1.3135883808135986,1.2228138446807861,1.0166438817977905,0.9597741365432739,1.0964444875717163,1.0576510429382324,1.4118289947509766,1.5130112171173096,1.6486141681671143,1.6783852577209473,1.6541175842285156,1.9933596849441528,2.052183151245117
B8,2.9883129596710205,2.6034653186798096,2.4603424072265625,2.1178345680236816,1.9854353666305542,1.7604995965957642,1.5517114400863647,1.5663729906082153,1.2342778444290161,1.1488038301467896,1.2096359729766846,1.2269796133041382,1.6051990985870361,1.7062861919403076,2.0424914360046387,2.1545839309692383,1.8610615730285645,1.617665410041809,1.2696950435638428,1.042719841003418,0.6515126824378967,0.3986777067184448,0.0,0.37624192237854004,0.5818006992340088,0.9066158533096313,1.1118147373199463,1.3666962385177612,1.5849964618682861,1.9157261848449707,3.0993456840515137,2.725865364074707,2.7096831798553467,2.351156711578369,2.2305195331573486,2.0021119117736816,1.7796776294708252,1.7708981037139893,1.4648491144180298,1.5073052644729614,1.3310637474060059,1.5875706672668457,1.674525260925293,1.7763862609863281,2.0363383293151855,2.9035890102386475,2.6526525020599365,2.7090718746185303,2.3650169372558594,2.463080883026123,2.215120315551758,2.2376413345336914,2.1387484073638916,1.9236968755722046,1.562028169631958,1.5085994005203247,1.7742266654968262,1.8457633256912231,1.919893741607666,2.118914842605591,2.0425891876220703,1.89108145236969,1.5552774667739868,1.3869963884353638,1.1133874654769897,0.932140588760376,0.9266944527626038,0.7758035659790039,1.09732186794281,1.189225435256958,1.382260799407959,1.4585180282592773,1.5251052379608154,1.8822510242462158,2.016312837600708
B9,3.088456153869629,2.7152392864227295,2.530705690383911,2.1847097873687744,2.0053768157958984,1.7396842241287231,1.4829517602920532,1.4168319702148438,1.047756314277649,0.9680510759353638,1.1397459506988525,1.204634189605713,1.5733431577682495,1.7477777004241943,2.067004442214966,2.3473427295684814,2.03356671333313,1.8470505475997925,1.4688414335250854,1.3053193092346191,0.907738447189331,0.6756465435028076,0.37624192237854004,0.0,0.3915672302246094,0.7203184962272644,0.9650110602378845,1.278780460357666,1.543188214302063,1.881206750869751,3.032759189605713,2.6512439250946045,2.593672037124634,2.2178146839141846,2.0672340393066406,1.7914814949035645,1.5505144596099854,1.4804224967956543,1.143301010131836,1.1650499105453491,1.039337158203125,1.3356666564941406,1.4892256259918213,1.647046685218811,1.9466688632965088,2.8705339431762695,2.6161959171295166,2.6235382556915283,2.2601611614227295,2.328322172164917,2.04244065284729,2.0503275394439697,1.8988173007965088,1.6720002889633179,1.290138602256775,1.2281389236450195,1.504809856414795,1.6252390146255493,1.734890341758728,1.9925967454910278,2.049827814102173,1.832862377166748,1.5009301900863647,1.269715428352356,0.952897310256958,0.6945356130599976,0.5778344869613647,0.4275820851325989,0.7816725969314575,0.9642959237098694,1.2013511657714844,1.3709737062454224,1.468563199043274,1.8544851541519165,2.0159120559692383
B10,2.944769859313965,2.578659772872925,2.4119057655334473,2.048563003540039,1.903709053993225,1.5918900966644287,1.3898394107818604,1.2618237733840942,0.9031277298927307,0.6926884651184082,0.8195187449455261,0.8394719362258911,1.1929512023925781,1.3894069194793701,1.6999046802520752,2.106473922729492,1.8017100095748901,1.6703448295593262,1.276975154876709,1.219649314880371,0.8406767249107361,0.7735907435417175,0.5818006992340088,0.3915672302246094,0.0,0.3654988706111908,0.6876797676086426,0.9458022117614746,1.2577489614486694,1.5615127086639404,2.6646406650543213,2.2811388969421387,2.214726686477661,1.8437169790267944,1.68953275680542,1.43430757522583,1.2039450407028198,1.2002620697021484,0.9191232323646545,0.9965240359306335,0.8189204335212708,1.1219546794891357,1.2038750648498535,1.3962217569351196,1.6573830842971802,2.513517379760742,2.2445662021636963,2.2415881156921387,1.8748764991760254,1.9415912628173828,1.6663439273834229,1.6928397417068481,1.5804485082626343,1.3987449407577515,1.02800714969635,0.9330214858055115,1.1971876621246338,1.2960563898086548,1.4296801090240479,1.6797417402267456,1.932151198387146,1.705464243888855,1.426053524017334,1.1349589824676514,0.9098437428474426,0.5684516429901123,0.5739738345146179,0.3990144729614258,0.702652633190155,0.8215009570121765,0.9474414587020874,1.0848214626312256,1.1187567710876465,1.5109466314315796,1.6515313386917114
B11,3.0751683712005615,2.721914768218994,2.570131778717041,2.200286865234375,2.080817461013794,1.7349882125854492,1.5740455389022827,1.3734655380249023,1.0424830913543701,0.7280623912811279,0.8180813193321228,0.7312417030334473,0.9992411136627197,1.2112641334533691,1.4699559211730957,1.993711233139038,1.6781865358352661,1.6266456842422485,1.2351025342941284,1.2749671936035156,0.9653206467628479,0.9863061308860779,0.9066158533096313,0.7203184962272644,0.3654988706111908,0.0,0.3877362906932831,0.6219553351402283,0.9669685363769531,1.2519627809524536,2.3301730155944824,1.946352481842041,1.8760769367218018,1.4979698657989502,1.3626171350479126,1.1087795495986938,0.9365938901901245,0.99260413646698,0.7788577079772949,0.8262619972229004,0.5648718476295471,0.8252410292625427,0.8533121943473816,1.0758962631225586,1.325481653213501,2.1926021575927734,1.9333901405334473,1.9149212837219238,1.5510436296463013,1.6393561363220215,1.3768106698989868,1.4601683616638184,1.3761570453643799,1.2783920764923096,0.9251842498779297,0.720731794834137,0.8981989622116089,0.9422769546508789,1.068540334701538,1.3252474069595337,1.7420704364776611,1.4892555475234985,1.2689963579177856,0.927702009677887,0.8059722185134888,0.4575420022010803,0.6144420504570007,0.6004350185394287,0.8265218138694763,0.9504954814910889,0.9668910503387451,1.095199465751648,1.0265363454818726,1.4128599166870117,1.49835205078125
B12,3.3912484645843506,3.0382466316223145,2.9124298095703125,2.539440393447876,2.4457547664642334,2.0987401008605957,1.95698082447052,1.748498558998108,1.4253020286560059,1.0973689556121826,1.1396117210388184,0.9434162974357605,1.111221432685852,1.2445955276489258,1.428109884262085,1.8738341331481934,1.5244580507278442,1.5276353359222412,1.159000039100647,1.231473684310913,1.0129553079605103,1.0603578090667725,1.1118147373199463,0.9650110602378845,0.6876797676086426,0.3877362906932831,0.0,0.39133894443511963,0.645855188369751,0.9783360362052917,2.139469861984253,1.7677501440048218,1.7484897375106812,1.3712844848632812,1.3258377313613892,1.1037719249725342,1.0622225999832153,1.1611604690551758,0.9964095950126648,0.9211653470993042,0.5535784363746643,0.6097730398178101,0.5673205852508545,0.7087547183036804,0.9892561435699463,1.9814523458480835,1.7749755382537842,1.7888758182525635,1.4648785591125488,1.6319211721420288,1.4253113269805908,1.5966745615005493,1.5510133504867554,1.5350366830825806,1.2071460485458374,0.9169599413871765,0.9343441724777222,0.8327022790908813,0.8147804141044617,1.0303553342819214,1.376103401184082,1.11138916015625,0.9287010431289673,0.5752022862434387,0.5907933712005615,0.420640766620636,0.7629576921463013,0.9144147038459778,1.1688323020935059,1.3287121057510376,1.3220404386520386,1.4246690273284912,1.274456262588501,1.6275140047073364,1.6266851425170898
B13,3.314500570297241,2.975126028060913,2.8870527744293213,2.5151166915893555,2.4734928607940674,2.1212100982666016,2.04825758934021,1.8351894617080688,1.5660874843597412,1.1943268775939941,1.1251115798950195,0.8278674483299255,0.8647716045379639,0.9415417909622192,1.06533944606781,1.606589674949646,1.2843458652496338,1.3698817491531372,1.0414294004440308,1.2380565404891968,1.1113495826721191,1.275957465171814,1.3666962385177612,1.278780460357666,0.9458022117614746,0.6219553351402283,0.39133894443511963,0.0,0.39153075218200684,0.63077312707901,1.7761878967285156,1.403947114944458,1.4149733781814575,1.0584430694580078,1.0696563720703125,0.9518969655036926,1.0022133588790894,1.2246631383895874,1.1755648851394653,1.1634272336959839,0.8181580901145935,0.7923629879951477,0.526638925075531,0.6274576783180237,0.7480449676513672,1.6074402332305908,1.3906313180923462,1.4301918745040894,1.1263495683670044,1.3435715436935425,1.2104063034057617,1.4414758682250977,1.4927738904953003,1.556462287902832,1.2998651266098022,1.0141339302062988,0.9534395933151245,0.737467885017395,0.6793612241744995,0.7804131507873535,1.3629145622253418,1.1502492427825928,1.0790940523147583,0.7745093703269958,0.9339928030967712,0.8110804557800293,1.1310886144638062,1.2182167768478394,1.4152920246124268,1.4943251609802246,1.3874439001083374,1.4023723602294922,1.1498252153396606,1.4424827098846436,1.360569953918457
