0.000000000000000000e+00,3.871251344680786133e-01,6.318698525428771973e-01,9.377708435058593750e-01,1.228600978851318359e+00,1.550817251205444336e+00,1.903874158859252930e+00,2.178327322006225586e+00,2.540763616561889648e+00,2.723555803298950195e+00,2.576431274414062500e+00,2.476504325866699219e+00,2.103011369705200195e+00,2.058558702468872070e+00,1.706195712089538574e+00,8.340017795562744141e-01,8.009328842163085938e-01,8.978669643402099609e-01,1.158961653709411621e+00,1.361780047416687012e+00,1.671539902687072754e+00,1.976341724395751953e+00,2.268024921417236328e+00,2.581124544143676758e+00,2.815171480178833008e+00,2.638985395431518555e+00,2.583081245422363281e+00,2.237110614776611328e+00,2.221467494964599609e+00,1.928320527076721191e+00,1.449604868888854980e+00,1.311209321022033691e+00,1.373912572860717773e+00,1.517420530319213867e+00,1.647230029106140137e+00,1.907637834548950195e+00,2.140715599060058594e+00,2.446704864501953125e+00,2.668724775314331055e+00,2.917325496673583984e+00,2.758463382720947266e+00,2.770805835723876953e+00,2.460699796676635742e+00,2.480193614959716797e+00,2.238006830215454102e+00,2.015553951263427734e+00,1.859865307807922363e+00,1.857390880584716797e+00,1.948103904724121094e+00,2.026815652847290039e+00,2.240410566329956055e+00,2.446407794952392578e+00,2.733193397521972656e+00,2.865318059921264648e+00,3.162621021270751953e+00,3.023436784744262695e+00,3.047679901123046875e+00,2.773396968841552734e+00,2.802861690521240234e+00,2.596594572067260742e+00,2.643965721130371094e+00,2.393944978713989258e+00,2.399536132812500000e+00,2.433128595352172852e+00,2.493911743164062500e+00,2.687033891677856445e+00,2.810504913330078125e+00,3.130608320236206055e+00,3.152247428894042969e+00,3.452450752258300781e+00,3.271288394927978516e+00,3.348354339599609375e+00,3.099600553512573242e+00,3.156326770782470703e+00,2.982609033584594727e+00
3.871251344680786133e-01,0.000000000000000000e+00,3.917183279991149902e-01,5.962323546409606934e-01,9.243196249008178711e-01,1.211522579193115234e+00,1.580372810363769531e+00,1.833285331726074219e+00,2.192455291748046875e+00,2.374356269836425781e+00,2.214944601058959961e+00,2.128082513809204102e+00,1.757292628288269043e+00,1.730101346969604492e+00,1.399196743965148926e+00,8.810240030288696289e-01,6.985861659049987793e-01,8.178403377532958984e-01,9.573956131935119629e-01,1.159515619277954102e+00,1.413930177688598633e+00,1.719370007514953613e+00,1.979487538337707520e+00,2.275019407272338867e+00,2.507452487945556641e+00,2.316076993942260742e+00,2.275454282760620117e+00,1.941415071487426758e+00,1.941239714622497559e+00,1.682789802551269531e+00,1.506370902061462402e+00,1.291246771812438965e+00,1.358577728271484375e+00,1.404804110527038574e+00,1.526046037673950195e+00,1.724743962287902832e+00,1.950726032257080078e+00,2.221276521682739258e+00,2.413193464279174805e+00,2.655545711517333984e+00,2.479671001434326172e+00,2.507411718368530273e+00,2.216981172561645508e+00,2.247044086456298828e+00,2.043526887893676758e+00,2.061164617538452148e+00,1.855090618133544922e+00,1.868807315826416016e+00,1.886075377464294434e+00,1.960041284561157227e+00,2.116731166839599609e+00,2.311050653457641602e+00,2.560227870941162109e+00,2.657634019851684570e+00,2.942743301391601562e+00,2.787923812866210938e+00,2.825829505920410156e+00,2.575247287750244141e+00,2.611303091049194336e+00,2.442547559738159180e+00,2.678752899169921875e+00,2.398878812789916992e+00,2.424714803695678711e+00,2.400233745574951172e+00,2.465155601501464844e+00,2.609274148941040039e+00,2.725013732910156250e+00,3.015118598937988281e+00,2.996474742889404297e+00,3.275457859039306641e+00,3.079246282577514648e+00,3.165057897567749023e+00,2.939732074737548828e+00,2.998219013214111328e+00,2.859193086624145508e+00
6.318698525428771973e-01,3.917183279991149902e-01,0.000000000000000000e+00,3.776498436927795410e-01,5.999150276184082031e-01,9.392457008361816406e-01,1.277344822883605957e+00,1.567811608314514160e+00,1.927570819854736328e+00,2.121524095535278320e+00,2.011793851852416992e+00,1.953092098236083984e+00,1.601152658462524414e+00,1.646430134773254395e+00,1.348710417747497559e+00,9.946544170379638672e-01,7.025949954986572266e-01,6.368453502655029297e-01,7.221595048904418945e-01,8.213679790496826172e-01,1.093868255615234375e+00,1.369895935058593750e+00,1.660764098167419434e+00,1.958444118499755859e+00,2.211794853210449219e+00,2.062911510467529297e+00,2.057359457015991211e+00,1.745407700538635254e+00,1.811475634574890137e+00,1.589978814125061035e+00,1.521077990531921387e+00,1.237438559532165527e+00,1.201181054115295410e+00,1.194825768470764160e+00,1.234954476356506348e+00,1.417238354682922363e+00,1.602917075157165527e+00,1.887654304504394531e+00,2.071696758270263672e+00,2.338773488998413086e+00,2.200462102890014648e+00,2.264941692352294922e+00,1.997188806533813477e+00,2.085636854171752930e+00,1.917086362838745117e+00,2.029005289077758789e+00,1.770647287368774414e+00,1.719532847404479980e+00,1.689507246017456055e+00,1.699805736541748047e+00,1.830676078796386719e+00,1.984192013740539551e+00,2.239130020141601562e+00,2.318198919296264648e+00,2.623688936233520508e+00,2.502083778381347656e+00,2.576882123947143555e+00,2.349931001663208008e+00,2.436195373535156250e+00,2.300398826599121094e+00,2.606248855590820312e+00,2.293091773986816406e+00,2.273037195205688477e+00,2.210008621215820312e+00,2.227118492126464844e+00,2.343023777008056641e+00,2.419670104980468750e+00,2.706127643585205078e+00,2.668621778488159180e+00,2.960147142410278320e+00,2.790737628936767578e+00,2.911196470260620117e+00,2.711279392242431641e+00,2.813208818435668945e+00,2.705452680587768555e+00
9.377708435058593750e-01,5.962323546409606934e-01,3.776498436927795410e-01,0.000000000000000000e+00,3.882529139518737793e-01,6.258051395416259766e-01,1.003698229789733887e+00,1.244616866111755371e+00,1.614200234413146973e+00,1.786608695983886719e+00,1.649910449981689453e+00,1.589283943176269531e+00,1.237250089645385742e+00,1.299692988395690918e+00,1.036254644393920898e+00,1.106819033622741699e+00,7.491071820259094238e-01,7.314606308937072754e-01,6.135518550872802734e-01,7.179680466651916504e-01,8.734242320060729980e-01,1.163328409194946289e+00,1.395902514457702637e+00,1.682219982147216797e+00,1.916131019592285156e+00,1.736009478569030762e+00,1.733092069625854492e+00,1.431123018264770508e+00,1.508181691169738770e+00,1.331550002098083496e+00,1.587902545928955078e+00,1.262223005294799805e+00,1.252529621124267578e+00,1.137827277183532715e+00,1.185074925422668457e+00,1.276592850685119629e+00,1.465626955032348633e+00,1.691973209381103516e+00,1.848602056503295898e+00,2.091216325759887695e+00,1.920289516448974609e+00,1.988254666328430176e+00,1.739751338958740234e+00,1.829706311225891113e+00,1.705073714256286621e+00,2.060645818710327148e+00,1.771076202392578125e+00,1.754270553588867188e+00,1.652560830116271973e+00,1.675652384757995605e+00,1.738525748252868652e+00,1.890026450157165527e+00,2.090139865875244141e+00,2.138598680496215820e+00,2.416394233703613281e+00,2.265452384948730469e+00,2.342170715332031250e+00,2.138125181198120117e+00,2.220509767532348633e+00,2.123615980148315430e+00,2.612838029861450195e+00,2.283951520919799805e+00,2.297400474548339844e+00,2.181220293045043945e+00,2.217321157455444336e+00,2.281454086303710938e+00,2.363100528717041016e+00,2.609218120574951172e+00,2.535145044326782227e+00,2.793109655380249023e+00,2.598144292831420898e+00,2.715139150619506836e+00,2.536350250244140625e+00,2.628908872604370117e+00,2.554561138153076172e+00
1.228600978851318359e+00,9.243196249008178711e-01,5.999150276184082031e-01,3.882529139518737793e-01,0.000000000000000000e+00,3.753232359886169434e-01,6.779984831809997559e-01,9.894728064537048340e-01,1.337523818016052246e+00,1.552335143089294434e+00,1.493024587631225586e+00,1.505210995674133301e+00,1.207475304603576660e+00,1.378905057907104492e+00,1.201220512390136719e+00,1.426748633384704590e+00,1.054279804229736328e+00,9.127441048622131348e-01,7.256550788879394531e-01,6.073611378669738770e-01,6.880937218666076660e-01,8.731718659400939941e-01,1.131290435791015625e+00,1.385436654090881348e+00,1.667723536491394043e+00,1.552894115447998047e+00,1.627112984657287598e+00,1.385538339614868164e+00,1.556508421897888184e+00,1.456763744354248047e+00,1.832773327827453613e+00,1.477232933044433594e+00,1.377064824104309082e+00,1.204017400741577148e+00,1.131473898887634277e+00,1.152236104011535645e+00,1.244174599647521973e+00,1.461991071701049805e+00,1.567529082298278809e+00,1.852973461151123047e+00,1.737671375274658203e+00,1.875256299972534180e+00,1.682856798171997070e+00,1.849336266517639160e+00,1.788748025894165039e+00,2.252729177474975586e+00,1.928875446319580078e+00,1.851211071014404297e+00,1.697394132614135742e+00,1.638518571853637695e+00,1.645395398139953613e+00,1.719889163970947266e+00,1.906117081642150879e+00,1.899937987327575684e+00,2.202035427093505859e+00,2.098496198654174805e+00,2.236192941665649414e+00,2.082140207290649414e+00,2.226454496383666992e+00,2.183444738388061523e+00,2.754230976104736328e+00,2.401874303817749023e+00,2.369520664215087891e+00,2.211118221282958984e+00,2.188944816589355469e+00,2.206042289733886719e+00,2.227190971374511719e+00,2.454021692276000977e+00,2.337304115295410156e+00,2.602305889129638672e+00,2.444849014282226562e+00,2.612385272979736328e+00,2.479881048202514648e+00,2.623152971267700195e+00,2.595841646194458008e+00
1.550817251205444336e+00,1.211522579193115234e+00,9.392457008361816406e-01,6.258051395416259766e-01,3.753232359886169434e-01,0.000000000000000000e+00,3.936793208122253418e-01,6.313523650169372559e-01,9.932639002799987793e-01,1.191711068153381348e+00,1.121975064277648926e+00,1.165203809738159180e+00,9.043807983398437500e-01,1.142922520637512207e+00,1.063742160797119141e+00,1.648364424705505371e+00,1.265209555625915527e+00,1.162392258644104004e+00,8.739223480224609375e-01,7.462462186813354492e-01,6.173936128616333008e-01,7.402889132499694824e-01,8.840602636337280273e-01,1.097511887550354004e+00,1.364683866500854492e+00,1.227510452270507812e+00,1.335716962814331055e+00,1.142375230789184570e+00,1.353867769241333008e+00,1.340865373611450195e+00,2.003900051116943359e+00,1.633860111236572266e+00,1.553502917289733887e+00,1.303035616874694824e+00,1.227466821670532227e+00,1.133697390556335449e+00,1.195480942726135254e+00,1.317506790161132812e+00,1.364122629165649414e+00,1.620582938194274902e+00,1.479745268821716309e+00,1.640950322151184082e+00,1.497705101966857910e+00,1.680690884590148926e+00,1.689708948135375977e+00,2.377801656723022461e+00,2.036689758300781250e+00,1.985067248344421387e+00,1.771101951599121094e+00,1.716915130615234375e+00,1.646265149116516113e+00,1.700157880783081055e+00,1.811759352684020996e+00,1.755842447280883789e+00,2.020982980728149414e+00,1.894930005073547363e+00,2.047228574752807617e+00,1.936838984489440918e+00,2.086389780044555664e+00,2.098615646362304688e+00,2.839745283126831055e+00,2.479933500289916992e+00,2.473148107528686523e+00,2.266823530197143555e+00,2.256000041961669922e+00,2.215361595153808594e+00,2.231804609298706055e+00,2.405948162078857422e+00,2.244204759597778320e+00,2.466142892837524414e+00,2.290097713470458984e+00,2.460893630981445312e+00,2.364421606063842773e+00,2.504074811935424805e+00,2.521430015563964844e+00
1.903874158859252930e+00,1.580372810363769531e+00,1.277344822883605957e+00,1.003698229789733887e+00,6.779984831809997559e-01,3.936793208122253418e-01,0.000000000000000000e+00,3.868299424648284912e-01,6.790871620178222656e-01,9.327429533004760742e-01,9.868775010108947754e-01,1.136797428131103516e+00,9.962378144264221191e-01,1.321554303169250488e+00,1.336852073669433594e+00,2.006402730941772461e+00,1.621105909347534180e+00,1.468607664108276367e+00,1.167524218559265137e+00,9.365700483322143555e-01,7.067258358001708984e-01,6.032330989837646484e-01,6.724044084548950195e-01,7.776942253112792969e-01,1.104956388473510742e+00,1.062572836875915527e+00,1.277817606925964355e+00,1.193484663963317871e+00,1.485008358955383301e+00,1.555713891983032227e+00,2.307813405990600586e+00,1.927785396575927734e+00,1.797631621360778809e+00,1.513886332511901855e+00,1.358135700225830078e+00,1.180227398872375488e+00,1.117980122566223145e+00,1.169664502143859863e+00,1.111679434776306152e+00,1.399435520172119141e+00,1.327186822891235352e+00,1.571101307868957520e+00,1.515971302986145020e+00,1.765176296234130859e+00,1.846438646316528320e+00,2.630978107452392578e+00,2.271795749664306641e+00,2.182862758636474609e+00,1.927665591239929199e+00,1.812189102172851562e+00,1.675013065338134766e+00,1.642997622489929199e+00,1.704686045646667480e+00,1.568570375442504883e+00,1.835901379585266113e+00,1.760806798934936523e+00,1.978706359863281250e+00,1.938698649406433105e+00,2.142227172851562500e+00,2.216034889221191406e+00,3.037744760513305664e+00,2.666366815567016602e+00,2.629196643829345703e+00,2.384573936462402344e+00,2.328068971633911133e+00,2.231322288513183594e+00,2.188934803009033203e+00,2.320128679275512695e+00,2.103903055191040039e+00,2.310771465301513672e+00,2.173471450805664062e+00,2.392411708831787109e+00,2.356005907058715820e+00,2.538228750228881836e+00,2.609166860580444336e+00
2.178327322006225586e+00,1.833285331726074219e+00,1.567811608314514160e+00,1.244616866111755371e+00,9.894728064537048340e-01,6.313523650169372559e-01,3.868299424648284912e-01,0.000000000000000000e+00,3.990661501884460449e-01,5.679490566253662109e-01,6.067706942558288574e-01,8.103095889091491699e-01,7.744640707969665527e-01,1.144931316375732422e+00,1.270030975341796875e+00,2.185321092605590820e+00,1.805277705192565918e+00,1.696173548698425293e+00,1.350515127182006836e+00,1.170650959014892578e+00,8.544113636016845703e-01,7.417653203010559082e-01,5.913813114166259766e-01,5.967366099357604980e-01,8.449954986572265625e-01,7.502122521400451660e-01,1.006471872329711914e+00,1.006514787673950195e+00,1.316203236579895020e+00,1.475047349929809570e+00,2.441110849380493164e+00,2.063695192337036133e+00,1.967578053474426270e+00,1.642370820045471191e+00,1.519015312194824219e+00,1.271562337875366211e+00,1.216455936431884766e+00,1.148812294006347656e+00,1.033629775047302246e+00,1.235741496086120605e+00,1.112250566482543945e+00,1.362421154975891113e+00,1.368827104568481445e+00,1.612032294273376465e+00,1.760132193565368652e+00,2.720797061920166016e+00,2.360126972198486328e+00,2.308595657348632812e+00,2.016477108001708984e+00,1.929448127746582031e+00,1.737367987632751465e+00,1.709773421287536621e+00,1.687396883964538574e+00,1.517918705940246582e+00,1.713897824287414551e+00,1.596458554267883301e+00,1.808944582939147949e+00,1.813816070556640625e+00,2.003850698471069336e+00,2.128221511840820312e+00,3.088714361190795898e+00,2.721944570541381836e+00,2.720029592514038086e+00,2.443107843399047852e+00,2.414158821105957031e+00,2.273474693298339844e+00,2.246450901031494141e+00,2.321535825729370117e+00,2.075430154800415039e+00,2.221153974533081055e+00,2.052436351776123047e+00,2.254675149917602539e+00,2.250337123870849609e+00,2.412340641021728516e+00,2.522124052047729492e+00
2.540763616561889648e+00,2.192455291748046875e+00,1.927570819854736328e+00,1.614200234413146973e+00,1.337523818016052246e+00,9.932639002799987793e-01,6.790871620178222656e-01,3.990661501884460449e-01,0.000000000000000000e+00,3.913646638393402100e-01,6.207969784736633301e-01,9.611713290214538574e-01,1.058700799942016602e+00,1.435303092002868652e+00,1.619196414947509766e+00,2.582946777343750000e+00,2.202352285385131836e+00,2.086923360824584961e+00,1.745420336723327637e+00,1.541227936744689941e+00,1.219962716102600098e+00,1.022379040718078613e+00,8.032466173171997070e-01,5.793047547340393066e-01,8.133825659751892090e-01,8.273465037345886230e-01,1.172654509544372559e+00,1.284012913703918457e+00,1.605644822120666504e+00,1.816739320755004883e+00,2.835164546966552734e+00,2.457335948944091797e+00,2.350037097930908203e+00,2.018242120742797852e+00,1.868561744689941406e+00,1.592350959777832031e+00,1.469401597976684570e+00,1.333896994590759277e+00,1.102986216545104980e+00,1.278966426849365234e+00,1.218786716461181641e+00,1.521954894065856934e+00,1.616465926170349121e+00,1.877333402633666992e+00,2.075847625732421875e+00,3.096539497375488281e+00,2.732532739639282227e+00,2.671170234680175781e+00,2.363173961639404297e+00,2.250957012176513672e+00,2.023314476013183594e+00,1.940574407577514648e+00,1.864895939826965332e+00,1.622151017189025879e+00,1.781624913215637207e+00,1.704702854156494141e+00,1.960030674934387207e+00,2.034647703170776367e+00,2.244718074798583984e+00,2.416373252868652344e+00,3.434955596923828125e+00,3.067438840866088867e+00,3.056514739990234375e+00,2.759882688522338867e+00,2.709478855133056641e+00,2.531023025512695312e+00,2.465413808822631836e+00,2.493956804275512695e+00,2.201434373855590820e+00,2.308413267135620117e+00,2.171614885330200195e+00,2.401157855987548828e+00,2.454626321792602539e+00,2.632789373397827148e+00,2.785937547683715820e+00
2.723555803298950195e+00,2.374356269836425781e+00,2.121524095535278320e+00,1.786608695983886719e+00,1.552335143089294434e+00,1.191711068153381348e+00,9.327429533004760742e-01,5.679490566253662109e-01,3.913646638393402100e-01,0.000000000000000000e+00,3.886882364749908447e-01,7.200517654418945312e-01,9.426504373550415039e-01,1.307995796203613281e+00,1.561582565307617188e+00,2.649316072463989258e+00,2.281511306762695312e+00,2.184158802032470703e+00,1.816907644271850586e+00,1.645753145217895508e+00,1.284047603607177734e+00,1.109322190284729004e+00,7.839627265930175781e-01,5.515285134315490723e-01,5.675899982452392578e-01,5.270781517028808594e-01,8.873897790908813477e-01,1.092542886734008789e+00,1.412825584411621094e+00,1.688046693801879883e+00,2.829071283340454102e+00,2.460703372955322266e+00,2.371363401412963867e+00,2.013431310653686523e+00,1.888674139976501465e+00,1.570657730102539062e+00,1.469162702560424805e+00,1.250523090362548828e+00,1.019180417060852051e+00,1.073260903358459473e+00,9.579260349273681641e-01,1.242485761642456055e+00,1.395732164382934570e+00,1.646480441093444824e+00,1.898092031478881836e+00,3.031671524047851562e+00,2.671575546264648438e+00,2.635687828063964844e+00,2.301530122756958008e+00,2.213754415512084961e+00,1.947869300842285156e+00,1.879407882690429688e+00,1.736793160438537598e+00,1.494282126426696777e+00,1.574315428733825684e+00,1.451193809509277344e+00,1.685772061347961426e+00,1.798048377037048340e+00,1.994767546653747559e+00,2.207976102828979492e+00,3.317861795425415039e+00,2.960148811340332031e+00,2.975072860717773438e+00,2.654851436614990234e+00,2.628682374954223633e+00,2.417268753051757812e+00,2.373660802841186523e+00,2.355443239212036133e+00,2.055500507354736328e+00,2.105098009109497070e+00,1.935228943824768066e+00,2.137878417968750000e+00,2.215368747711181641e+00,2.374428033828735352e+00,2.559054851531982422e+00
2.576431274414062500e+00,2.214944601058959961e+00,2.011793851852416992e+00,1.649910449981689453e+00,1.493024587631225586e+00,1.121975064277648926e+00,9.868775010108947754e-01,6.067706942558288574e-01,6.207969784736633301e-01,3.886882364749908447e-01,0.000000000000000000e+00,3.892545402050018311e-01,6.345178484916687012e-01,9.697333574295043945e-01,1.260601997375488281e+00,2.452719211578369141e+00,2.100816965103149414e+00,2.064140796661376953e+00,1.691440224647521973e+00,1.602380156517028809e+00,1.254307270050048828e+00,1.198636770248413086e+00,9.041532874107360840e-01,8.303221464157104492e-01,7.972638607025146484e-01,5.358932018280029297e-01,7.479054927825927734e-01,8.936932086944580078e-01,1.148548841476440430e+00,1.428830862045288086e+00,2.645060777664184570e+00,2.291509389877319336e+00,2.260454416275024414e+00,1.907267451286315918e+00,1.854684710502624512e+00,1.563755273818969727e+00,1.558246970176696777e+00,1.372064352035522461e+00,1.239817500114440918e+00,1.255133152008056641e+00,1.020961642265319824e+00,1.198266267776489258e+00,1.286409974098205566e+00,1.461579203605651855e+00,1.694899201393127441e+00,2.863105773925781250e+00,2.519480228424072266e+00,2.536544561386108398e+00,2.216627359390258789e+00,2.192792177200317383e+00,1.955839991569519043e+00,1.964228868484497070e+00,1.840674400329589844e+00,1.667937636375427246e+00,1.729954600334167480e+00,1.524730324745178223e+00,1.677353143692016602e+00,1.734734177589416504e+00,1.863806009292602539e+00,2.049258947372436523e+00,3.176226615905761719e+00,2.831700086593627930e+00,2.894079923629760742e+00,2.590108394622802734e+00,2.618657112121582031e+00,2.436906337738037109e+00,2.454328775405883789e+00,2.457421064376831055e+00,2.198403596878051758e+00,2.244061470031738281e+00,2.014674663543701172e+00,2.154957294464111328e+00,2.182738065719604492e+00,2.283338308334350586e+00,2.436914205551147461e+00
2.476504325866699219e+00,2.128082513809204102e+00,1.953092098236083984e+00,1.589283943176269531e+00,1.505210995674133301e+00,1.165203809738159180e+00,1.136797428131103516e+00,8.103095889091491699e-01,9.611713290214538574e-01,7.200517654418945312e-01,3.892545402050018311e-01,0.000000000000000000e+00,3.827701508998870850e-01,6.479266285896301270e-01,9.798642992973327637e-01,2.238022327423095703e+00,1.912777066230773926e+00,1.911496520042419434e+00,1.536733865737915039e+00,1.518284082412719727e+00,1.185133337974548340e+00,1.227608919143676758e+00,9.566575884819030762e-01,1.019805073738098145e+00,9.117590188980102539e-01,5.326278805732727051e-01,5.020537972450256348e-01,5.870208144187927246e-01,7.801888585090637207e-01,1.087746977806091309e+00,2.375314474105834961e+00,2.041689157485961914e+00,2.049473762512207031e+00,1.695844054222106934e+00,1.704109549522399902e+00,1.427292704582214355e+00,1.505408525466918945e+00,1.330210566520690918e+00,1.301716804504394531e+00,1.258624196052551270e+00,9.320774078369140625e-01,9.833238124847412109e-01,1.009530544281005859e+00,1.117887377738952637e+00,1.348226904869079590e+00,2.562190532684326172e+00,2.233593463897705078e+00,2.291487932205200195e+00,1.975223302841186523e+00,2.006082773208618164e+00,1.783069133758544922e+00,1.858231782913208008e+00,1.737328290939331055e+00,1.640257835388183594e+00,1.673200964927673340e+00,1.397295355796813965e+00,1.465175747871398926e+00,1.471594929695129395e+00,1.544805407524108887e+00,1.713257789611816406e+00,2.862226963043212891e+00,2.532275199890136719e+00,2.631892681121826172e+00,2.334528684616088867e+00,2.409571647644042969e+00,2.243684291839599609e+00,2.317176103591918945e+00,2.327709674835205078e+00,2.113822937011718750e+00,2.150314569473266602e+00,1.869365334510803223e+00,1.948596000671386719e+00,1.931487679481506348e+00,1.984934687614440918e+00,2.115792512893676758e+00
2.103011369705200195e+00,1.757292628288269043e+00,1.601152658462524414e+00,1.237250089645385742e+00,1.207475304603576660e+00,9.043807983398437500e-01,9.962378144264221191e-01,7.744640707969665527e-01,1.058700799942016602e+00,9.426504373550415039e-01,6.345178484916687012e-01,3.827701508998870850e-01,0.000000000000000000e+00,3.828994035720825195e-01,6.308169960975646973e-01,1.868605017662048340e+00,1.542045235633850098e+00,1.564908266067504883e+00,1.199519753456115723e+00,1.234920144081115723e+00,9.521029591560363770e-01,1.101338505744934082e+00,9.417814016342163086e-01,1.121603012084960938e+00,1.113546609878540039e+00,7.577888965606689453e-01,6.695684790611267090e-01,5.017949938774108887e-01,6.388702392578125000e-01,8.331850767135620117e-01,2.051853179931640625e+00,1.715665698051452637e+00,1.746311068534851074e+00,1.414677739143371582e+00,1.463883042335510254e+00,1.248862028121948242e+00,1.397159099578857422e+00,1.319237232208251953e+00,1.373375415802001953e+00,1.403740406036376953e+00,1.082497119903564453e+00,1.100119352340698242e+00,9.907897114753723145e-01,1.064778804779052734e+00,1.191599845886230469e+00,2.294331073760986328e+00,1.969312787055969238e+00,2.038081645965576172e+00,1.755100965499877930e+00,1.813676834106445312e+00,1.651073813438415527e+00,1.777600884437561035e+00,1.735403060913085938e+00,1.698270678520202637e+00,1.795480489730834961e+00,1.522785544395446777e+00,1.564926266670227051e+00,1.480996727943420410e+00,1.532149195671081543e+00,1.618209719657897949e+00,2.658989906311035156e+00,2.326430320739746094e+00,2.430333852767944336e+00,2.167961359024047852e+00,2.259312868118286133e+00,2.149583816528320312e+00,2.250848293304443359e+00,2.323760271072387695e+00,2.154663801193237305e+00,2.249004364013671875e+00,1.965416550636291504e+00,2.034653663635253906e+00,1.950992226600646973e+00,1.994636535644531250e+00,2.059851646423339844e+00
2.058558702468872070e+00,1.730101346969604492e+00,1.646430134773254395e+00,1.299692988395690918e+00,1.378905057907104492e+00,1.142922520637512207e+00,1.321554303169250488e+00,1.144931316375732422e+00,1.435303092002868652e+00,1.307995796203613281e+00,9.697333574295043945e-01,6.479266285896301270e-01,3.828994035720825195e-01,0.000000000000000000e+00,3.857536315917968750e-01,1.721718907356262207e+00,1.447376847267150879e+00,1.551974296569824219e+00,1.222514510154724121e+00,1.368441820144653320e+00,1.158341288566589355e+00,1.389714002609252930e+00,1.273419976234436035e+00,1.489644408226013184e+00,1.448139429092407227e+00,1.073531389236450195e+00,8.650010228157043457e-01,6.142600178718566895e-01,4.958726465702056885e-01,6.164618134498596191e-01,1.881682395935058594e+00,1.587616920471191406e+00,1.698511958122253418e+00,1.402361631393432617e+00,1.545407772064208984e+00,1.390058040618896484e+00,1.617351531982421875e+00,1.569435715675354004e+00,1.685245871543884277e+00,1.679620742797851562e+00,1.324676156044006348e+00,1.233846187591552734e+00,1.048654437065124512e+00,9.835346341133117676e-01,1.038180708885192871e+00,2.119748830795288086e+00,1.831633448600769043e+00,1.969637393951416016e+00,1.722200870513916016e+00,1.859184741973876953e+00,1.742426395416259766e+00,1.939330339431762695e+00,1.914185047149658203e+00,1.941390395164489746e+00,2.012741565704345703e+00,1.697841167449951172e+00,1.653154373168945312e+00,1.507568120956420898e+00,1.464788436889648438e+00,1.492694854736328125e+00,2.498840093612670898e+00,2.195508241653442383e+00,2.355815410614013672e+00,2.124879598617553711e+00,2.277922630310058594e+00,2.206232070922851562e+00,2.367721557617187500e+00,2.454771995544433594e+00,2.335186719894409180e+00,2.419513702392578125e+00,2.099790096282958984e+00,2.101523637771606445e+00,1.964906096458435059e+00,1.937688469886779785e+00,1.953455924987792969e+00
1.706195712089538574e+00,1.399196743965148926e+00,1.348710417747497559e+00,1.036254644393920898e+00,1.201220512390136719e+00,1.063742160797119141e+00,1.336852073669433594e+00,1.270030975341796875e+00,1.619196414947509766e+00,1.561582565307617188e+00,1.260601997375488281e+00,9.798642992973327637e-01,6.308169960975646973e-01,3.857536315917968750e-01,0.000000000000000000e+00,1.340163707733154297e+00,1.077638149261474609e+00,1.225155353546142578e+00,9.381076097488403320e-01,1.169061422348022461e+00,1.061707735061645508e+00,1.376355528831481934e+00,1.365833520889282227e+00,1.648212909698486328e+00,1.667167067527770996e+00,1.327000975608825684e+00,1.124788880348205566e+00,7.839177846908569336e-01,6.333156228065490723e-01,4.952075481414794922e-01,1.545013904571533203e+00,1.256157517433166504e+00,1.403399109840393066e+00,1.156910181045532227e+00,1.356271624565124512e+00,1.292907714843750000e+00,1.577818036079406738e+00,1.620666265487670898e+00,1.798736929893493652e+00,1.845993638038635254e+00,1.518332719802856445e+00,1.420370817184448242e+00,1.150971174240112305e+00,1.068477034568786621e+00,9.857761263847351074e-01,1.846949338912963867e+00,1.570531725883483887e+00,1.720585942268371582e+00,1.526311755180358887e+00,1.694450020790100098e+00,1.653405666351318359e+00,1.894076347351074219e+00,1.944202780723571777e+00,2.024367809295654297e+00,2.146252870559692383e+00,1.851494431495666504e+00,1.795180320739746094e+00,1.581090092658996582e+00,1.528273463249206543e+00,1.464496493339538574e+00,2.295199632644653320e+00,1.994857788085937500e+00,2.154520750045776367e+00,1.971343517303466797e+00,2.137494564056396484e+00,2.128811120986938477e+00,2.313061714172363281e+00,2.457741260528564453e+00,2.384586572647094727e+00,2.519123077392578125e+00,2.210670232772827148e+00,2.208878278732299805e+00,2.018130302429199219e+00,1.990120291709899902e+00,1.938141226768493652e+00
8.340017795562744141e-01,8.810240030288696289e-01,9.946544170379638672e-01,1.106819033622741699e+00,1.426748633384704590e+00,1.648364424705505371e+00,2.006402730941772461e+00,2.185321092605590820e+00,2.582946777343750000e+00,2.649316072463989258e+00,2.452719211578369141e+00,2.238022327423095703e+00,1.868605017662048340e+00,1.721718907356262207e+00,1.340163707733154297e+00,0.000000000000000000e+00,3.853430151939392090e-01,6.601159572601318359e-01,9.087958931922912598e-01,1.258050203323364258e+00,1.530878782272338867e+00,1.905969500541687012e+00,2.141063690185546875e+00,2.511445999145507812e+00,2.639537096023559570e+00,2.413324356079101562e+00,2.241696596145629883e+00,1.861478567123413086e+00,1.745393037796020508e+00,1.384136915206909180e+00,6.584854722023010254e-01,5.874788761138916016e-01,8.348532915115356445e-01,1.028810143470764160e+00,1.315825939178466797e+00,1.593909740447998047e+00,1.931041717529296875e+00,2.201546192169189453e+00,2.503288030624389648e+00,2.657813310623168945e+00,2.443872213363647461e+00,2.346497297286987305e+00,1.984937548637390137e+00,1.913513183593750000e+00,1.599177002906799316e+00,1.233805179595947266e+00,1.113426923751831055e+00,1.228116989135742188e+00,1.357545852661132812e+00,1.567973613739013672e+00,1.808990836143493652e+00,2.114609956741333008e+00,2.374439239501953125e+00,2.590230226516723633e+00,2.821077823638916016e+00,2.622879743576049805e+00,2.550993680953979492e+00,2.222300767898559570e+00,2.174948453903198242e+00,1.906893610954284668e+00,1.876303076744079590e+00,1.651536941528320312e+00,1.742363929748535156e+00,1.799702763557434082e+00,1.960277795791625977e+00,2.178728580474853516e+00,2.397704601287841797e+00,2.702219486236572266e+00,2.784809112548828125e+00,3.045411109924316406e+00,2.813061952590942383e+00,2.806939601898193359e+00,2.505761146545410156e+00,2.496038436889648438e+00,2.270558834075927734e+00
8.009328842163085938e-01,6.985861659049987793e-01,7.025949954986572266e-01,7.491071820259094238e-01,1.054279804229736328e+00,1.265209555625915527e+00,1.621105909347534180e+00,1.805277705192565918e+00,2.202352285385131836e+00,2.281511306762695312e+00,2.100816965103149414e+00,1.912777066230773926e+00,1.542045235633850098e+00,1.447376847267150879e+00,1.077638149261474609e+00,3.853430151939392090e-01,0.000000000000000000e+00,3.779723942279815674e-01,5.506451129913330078e-01,9.069841504096984863e-01,1.167157173156738281e+00,1.542151927947998047e+00,1.777826905250549316e+00,2.140562057495117188e+00,2.286747932434082031e+00,2.070459604263305664e+00,1.932786226272583008e+00,1.561099410057067871e+00,1.498936772346496582e+00,1.173297882080078125e+00,8.626009821891784668e-01,6.033019423484802246e-01,7.461081147193908691e-01,8.163129687309265137e-01,1.060992956161499023e+00,1.300216078758239746e+00,1.619976878166198730e+00,1.883377552032470703e+00,2.160775899887084961e+00,2.334070682525634766e+00,2.127595901489257812e+00,2.069494247436523438e+00,1.728101849555969238e+00,1.707684516906738281e+00,1.442930698394775391e+00,1.387744426727294922e+00,1.166231036186218262e+00,1.226096987724304199e+00,1.253259897232055664e+00,1.409619212150573730e+00,1.597110033035278320e+00,1.870904684066772461e+00,2.116377830505371094e+00,2.293392896652221680e+00,2.537641525268554688e+00,2.348223686218261719e+00,2.316769361495971680e+00,2.017672777175903320e+00,2.014940261840820312e+00,1.799768328666687012e+00,1.994614601135253906e+00,1.712516188621520996e+00,1.773846864700317383e+00,1.753218173980712891e+00,1.874205350875854492e+00,2.038758277893066406e+00,2.220821857452392578e+00,2.509443759918212891e+00,2.545588731765747070e+00,2.806977272033691406e+00,2.580626010894775391e+00,2.611651182174682617e+00,2.344312667846679688e+00,2.371737718582153320e+00,2.197294950485229492e+00
8.978669643402099609e-01,8.178403377532958984e-01,6.368453502655029297e-01,7.314606308937072754e-01,9.127441048622131348e-01,1.162392258644104004e+00,1.468607664108276367e+00,1.696173548698425293e+00,2.086923360824584961e+00,2.184158802032470703e+00,2.064140796661376953e+00,1.911496520042419434e+00,1.564908266067504883e+00,1.551974296569824219e+00,1.225155353546142578e+00,6.601159572601318359e-01,3.779723942279815674e-01,0.000000000000000000e+00,3.802601695060729980e-01,6.289001107215881348e-01,9.591230750083923340e-01,1.302634119987487793e+00,1.588518619537353516e+00,1.958819746971130371e+00,2.130887269973754883e+00,1.971930742263793945e+00,1.874194025993347168e+00,1.527878880500793457e+00,1.545557618141174316e+00,1.262850046157836914e+00,9.625836610794067383e-01,6.442629098892211914e-01,5.660239458084106445e-01,6.272327899932861328e-01,7.679322361946105957e-01,1.049749493598937988e+00,1.335147857666015625e+00,1.641654610633850098e+00,1.927571415901184082e+00,2.134828567504882812e+00,1.982358574867248535e+00,1.965238690376281738e+00,1.644007325172424316e+00,1.697605371475219727e+00,1.465422749519348145e+00,1.417985916137695312e+00,1.145090818405151367e+00,1.085161924362182617e+00,1.085156440734863281e+00,1.151393890380859375e+00,1.348429322242736816e+00,1.583675265312194824e+00,1.864452481269836426e+00,2.039220333099365234e+00,2.317897319793701172e+00,2.177304029464721680e+00,2.188090562820434570e+00,1.907342791557312012e+00,1.969836473464965820e+00,1.781883835792541504e+00,1.975475907325744629e+00,1.659948587417602539e+00,1.640760183334350586e+00,1.596809029579162598e+00,1.647478938102722168e+00,1.805763006210327148e+00,1.942910075187683105e+00,2.249548912048339844e+00,2.282605648040771484e+00,2.574370861053466797e+00,2.388247013092041016e+00,2.461515188217163086e+00,2.214610815048217773e+00,2.300163030624389648e+00,2.150614261627197266e+00
1.158961653709411621e+00,9.573956131935119629e-01,7.221595048904418945e-01,6.135518550872802734e-01,7.256550788879394531e-01,8.739223480224609375e-01,1.167524218559265137e+00,1.350515127182006836e+00,1.745420336723327637e+00,1.816907644271850586e+00,1.691440224647521973e+00,1.536733865737915039e+00,1.199519753456115723e+00,1.222514510154724121e+00,9.381076097488403320e-01,9.087958931922912598e-01,5.506451129913330078e-01,3.802601695060729980e-01,0.000000000000000000e+00,3.885811269283294678e-01,6.230968832969665527e-01,9.981098771095275879e-01,1.242946505546569824e+00,1.615030169486999512e+00,1.769952535629272461e+00,1.595122814178466797e+00,1.502707839012145996e+00,1.162775397300720215e+00,1.217376112937927246e+00,9.860960841178894043e-01,1.147676587104797363e+00,7.731820940971374512e-01,6.968236565589904785e-01,5.244612097740173340e-01,6.325114369392395020e-01,7.932223677635192871e-01,1.087978959083557129e+00,1.345954656600952148e+00,1.613181948661804199e+00,1.805067539215087891e+00,1.629929900169372559e+00,1.625771522521972656e+00,1.321400761604309082e+00,1.403512358665466309e+00,1.228738307952880859e+00,1.530920028686523438e+00,1.205555438995361328e+00,1.165453553199768066e+00,1.039224028587341309e+00,1.088513016700744629e+00,1.183152079582214355e+00,1.403329968452453613e+00,1.629049658775329590e+00,1.767559409141540527e+00,2.029341220855712891e+00,1.867283344268798828e+00,1.893971085548400879e+00,1.640834927558898926e+00,1.722058296203613281e+00,1.589760065078735352e+00,2.036426305770874023e+00,1.692379951477050781e+00,1.695734858512878418e+00,1.567849516868591309e+00,1.619053959846496582e+00,1.700025916099548340e+00,1.825313806533813477e+00,2.086983442306518555e+00,2.070215225219726562e+00,2.334523439407348633e+00,2.128377676010131836e+00,2.213301181793212891e+00,1.996647596359252930e+00,2.091185092926025391e+00,1.991559267044067383e+00
1.361780047416687012e+00,1.159515619277954102e+00,8.213679790496826172e-01,7.179680466651916504e-01,6.073611378669738770e-01,7.462462186813354492e-01,9.365700483322143555e-01,1.170650959014892578e+00,1.541227936744689941e+00,1.645753145217895508e+00,1.602380156517028809e+00,1.518284082412719727e+00,1.234920144081115723e+00,1.368441820144653320e+00,1.169061422348022461e+00,1.258050203323364258e+00,9.069841504096984863e-01,6.289001107215881348e-01,3.885811269283294678e-01,0.000000000000000000e+00,3.781298100948333740e-01,6.769748926162719727e-01,9.910721182823181152e-01,1.353472471237182617e+00,1.556561827659606934e+00,1.460494756698608398e+00,1.449604988098144531e+00,1.176578283309936523e+00,1.342084407806396484e+00,1.204236626625061035e+00,1.456015586853027344e+00,1.081587076187133789e+00,8.823125362396240234e-01,6.626603007316589355e-01,5.244883894920349121e-01,6.087995767593383789e-01,7.916823625564575195e-01,1.086511850357055664e+00,1.326481819152832031e+00,1.575909495353698730e+00,1.473188042640686035e+00,1.550147533416748047e+00,1.308758854866027832e+00,1.489860296249389648e+00,1.393337488174438477e+00,1.778572559356689453e+00,1.429208755493164062e+00,1.298099398612976074e+00,1.116902470588684082e+00,1.031278014183044434e+00,1.062248349189758301e+00,1.182161927223205566e+00,1.418651223182678223e+00,1.507929563522338867e+00,1.814308166503906250e+00,1.715543746948242188e+00,1.817223191261291504e+00,1.619854450225830078e+00,1.782761812210083008e+00,1.713321447372436523e+00,2.219393014907836914e+00,1.854811072349548340e+00,1.789356112480163574e+00,1.617800593376159668e+00,1.581647157669067383e+00,1.611677169799804688e+00,1.656072974205017090e+00,1.910439848899841309e+00,1.851024866104125977e+00,2.139451026916503906e+00,1.983132839202880859e+00,2.132959842681884766e+00,1.967972040176391602e+00,2.129935264587402344e+00,2.083191394805908203e+00
1.671539902687072754e+00,1.413930177688598633e+00,1.093868255615234375e+00,8.734242320060729980e-01,6.880937218666076660e-01,6.173936128616333008e-01,7.067258358001708984e-01,8.544113636016845703e-01,1.219962716102600098e+00,1.284047603607177734e+00,1.254307270050048828e+00,1.185133337974548340e+00,9.521029591560363770e-01,1.158341288566589355e+00,1.061707735061645508e+00,1.530878782272338867e+00,1.167157173156738281e+00,9.591230750083923340e-01,6.230968832969665527e-01,3.781298100948333740e-01,0.000000000000000000e+00,3.898359835147857666e-01,6.299715042114257812e-01,1.002880811691284180e+00,1.185797214508056641e+00,1.084947705268859863e+00,1.105363011360168457e+00,8.805112838745117188e-01,1.122360229492187500e+00,1.090930700302124023e+00,1.689651370048522949e+00,1.306715488433837891e+00,1.140488505363464355e+00,8.258062601089477539e-01,6.724429726600646973e-01,5.166507959365844727e-01,6.350134611129760742e-01,8.190653920173645020e-01,1.015523195266723633e+00,1.248336315155029297e+00,1.126448750495910645e+00,1.241942882537841797e+00,1.054567933082580566e+00,1.286674141883850098e+00,1.283710479736328125e+00,1.954016685485839844e+00,1.586669445037841797e+00,1.483923554420471191e+00,1.221056461334228516e+00,1.126823782920837402e+00,1.029324889183044434e+00,1.101917743682861328e+00,1.242219209671020508e+00,1.266738533973693848e+00,1.546949625015258789e+00,1.429108023643493652e+00,1.562777400016784668e+00,1.419802069664001465e+00,1.610380411148071289e+00,1.616696476936340332e+00,2.338382244110107422e+00,1.964879393577575684e+00,1.923480033874511719e+00,1.687085509300231934e+00,1.653613686561584473e+00,1.598361611366271973e+00,1.623136401176452637e+00,1.809831023216247559e+00,1.686700820922851562e+00,1.932987332344055176e+00,1.759252667427062988e+00,1.926822781562805176e+00,1.809787750244140625e+00,1.982787489891052246e+00,1.997280955314636230e+00
