,A1,A2,A3,A4,A5,A6,A7,A8,A9,A10,A11,A12,A13,A14,A15,B1,B2,B3,B4,B5,B6,B7,B8,B9,B10,B11,B12,B13,B14,B15,C1,C2,C3,C4,C5,C6,C7,C8,C9,C10,C11,C12,C13,C14,C15,D1,D2,D3,D4,D5,D6,D7,D8,D9,D10,D11,D12,D13,D14,D15,E1,E2,E3,E4,E5,E6,E7,E8,E9,E10,E11,E12,E13,E14,E15
A1,0.0,0.38492897152900696,0.6061675548553467,0.9196326732635498,1.1807401180267334,1.5306798219680786,1.8456966876983643,2.189383029937744,2.5292792320251465,2.670799970626831,2.4876935482025146,2.3666574954986572,1.993625521659851,1.9341318607330322,1.5759766101837158,0.7493373155593872,0.7064570784568787,0.8550068140029907,1.0982143878936768,1.3061021566390991,1.6132850646972656,1.9077435731887817,2.214737892150879,2.6042377948760986,2.7794666290283203,2.551889419555664,2.495102882385254,2.145272731781006,2.1269893646240234,1.822857141494751,1.3573732376098633,1.2123597860336304,1.3209813833236694,1.470871090888977,1.6184602975845337,1.8841723203659058,2.124255418777466,2.412327527999878,2.7011401653289795,2.910020351409912,2.731055736541748,2.699540615081787,2.377957344055176,2.392590284347534,2.1427242755889893,1.9141321182250977,1.7487468719482422,1.7973148822784424,1.894018292427063,1.9870731830596924,2.209538698196411,2.4096009731292725,2.7019498348236084,2.891617774963379,3.1391899585723877,2.9701621532440186,2.970735788345337,2.6927523612976074,2.7297985553741455,2.521245002746582,2.4604380130767822,2.2740204334259033,2.2917470932006836,2.352092981338501,2.406607151031494,2.6265335083007812,2.719329595565796,3.050354480743408,3.1026246547698975,3.381816864013672,3.211787223815918,3.2876415252685547,3.0249383449554443,3.100148916244507,2.911867141723633
A2,0.38492897152900696,0.0,0.37818267941474915,0.5830625891685486,0.8883594274520874,1.2037004232406616,1.5417712926864624,1.8669248819351196,2.1894640922546387,2.331636905670166,2.1356897354125977,2.0260918140411377,1.6558842658996582,1.6079959869384766,1.268833875656128,0.8476990461349487,0.6476702690124512,0.8245516419410706,0.9315102100372314,1.1480960845947266,1.3894833326339722,1.6879510879516602,1.957259178161621,2.337885856628418,2.4968459606170654,2.251372814178467,2.2073211669921875,1.8694440126419067,1.860912799835205,1.5920782089233398,1.4405226707458496,1.219955563545227,1.3307920694351196,1.3805007934570312,1.5237159729003906,1.7248499393463135,1.9583698511123657,2.20422625541687,2.4728498458862305,2.668149948120117,2.474013566970825,2.457869291305542,2.1546308994293213,2.17568039894104,1.965589165687561,1.9824048280715942,1.7642276287078857,1.8275425434112549,1.847856044769287,1.938894271850586,2.103715181350708,2.29412841796875,2.5477371215820312,2.7085323333740234,2.9376955032348633,2.7556796073913574,2.771568536758423,2.5154879093170166,2.5549333095550537,2.383979082107544,2.5160629749298096,2.292097806930542,2.3366763591766357,2.339630603790283,2.401442050933838,2.573671340942383,2.6576855182647705,2.958911895751953,2.9701385498046875,3.2262933254241943,3.040776491165161,3.1265475749969482,2.88371205329895,2.956204652786255,2.797739028930664
A3,0.6061675548553467,0.37818267941474915,0.0,0.3787282407283783,0.5774146318435669,0.9373566508293152,1.2437790632247925,1.589296579360962,1.9381190538406372,2.0873076915740967,1.9353986978530884,1.8551164865493774,1.5041214227676392,1.5322860479354858,1.2292617559432983,0.9789847135543823,0.6697670221328735,0.6630347967147827,0.7059212923049927,0.8242262601852417,1.0744154453277588,1.342973232269287,1.634146809577942,2.0173630714416504,2.2078957557678223,2.0012900829315186,1.9968191385269165,1.6838890314102173,1.7439721822738647,1.5155963897705078,1.4840216636657715,1.1918920278549194,1.1941436529159546,1.187808632850647,1.2516673803329468,1.435550332069397,1.6280605792999268,1.8869667053222656,2.1430890560150146,2.366424560546875,2.208418369293213,2.2296645641326904,1.9511715173721313,2.0314011573791504,1.8604146242141724,1.9726768732070923,1.7023205757141113,1.694817066192627,1.670074462890625,1.6965280771255493,1.8345701694488525,1.9831902980804443,2.2418317794799805,2.382967233657837,2.635472059249878,2.486701488494873,2.5391793251037598,2.3102853298187256,2.399848222732544,2.2655272483825684,2.4728171825408936,2.2070260047912598,2.206559896469116,2.1666336059570312,2.180104970932007,2.3217060565948486,2.36574125289917,2.6609129905700684,2.653026819229126,2.923469066619873,2.7653660774230957,2.885718822479248,2.6695306301116943,2.783374547958374,2.659289836883545
A4,0.9196326732635498,0.5830625891685486,0.3787282407283783,0.0,0.3745270371437073,0.6353619694709778,0.9939426183700562,1.2921782732009888,1.6231476068496704,1.7540758848190308,1.5762996673583984,1.4957995414733887,1.1461057662963867,1.1919485330581665,0.9277093410491943,1.1402313709259033,0.7757353186607361,0.8023984432220459,0.6523846983909607,0.7773414254188538,0.8956858515739441,1.1748216152191162,1.4024394750595093,1.7728309631347656,1.928857684135437,1.691699504852295,1.6909998655319214,1.3917672634124756,1.4607324600219727,1.283496618270874,1.5845816135406494,1.254245638847351,1.2715867757797241,1.156664490699768,1.2250465154647827,1.315054178237915,1.5063990354537964,1.7005079984664917,1.937713623046875,2.1302573680877686,1.9449373483657837,1.9736607074737549,1.7162479162216187,1.7968475818634033,1.6743221282958984,2.035613536834717,1.7317986488342285,1.7511790990829468,1.6505122184753418,1.6877566576004028,1.7564934492111206,1.9024800062179565,2.105729579925537,2.220048666000366,2.4389195442199707,2.266664505004883,2.3263533115386963,2.120518684387207,2.2045483589172363,2.1112635135650635,2.5087027549743652,2.2181649208068848,2.2539286613464355,2.1610488891601562,2.1940345764160156,2.2843880653381348,2.3305492401123047,2.5859711170196533,2.538858652114868,2.7736642360687256,2.5911457538604736,2.7116143703460693,2.514733076095581,2.616813898086548,2.522672176361084
A5,1.1807401180267334,0.8883594274520874,0.5774146318435669,0.3745270371437073,0.0,0.3832237124443054,0.6672013401985168,1.0192116498947144,1.3713442087173462,1.5438591241836548,1.4405078887939453,1.4371103048324585,1.1451399326324463,1.3014427423477173,1.124565839767456,1.44407320022583,1.0665861368179321,0.9694153666496277,0.767684280872345,0.6973904967308044,0.7419430613517761,0.9180150032043457,1.1482133865356445,1.5066406726837158,1.7160730361938477,1.5403285026550293,1.6205735206604004,1.3846842050552368,1.544031023979187,1.4416197538375854,1.8381131887435913,1.479844331741333,1.4049469232559204,1.2379539012908936,1.1921995878219604,1.221824288368225,1.318772315979004,1.5045313835144043,1.6920700073242188,1.9295827150344849,1.8019163608551025,1.8999590873718262,1.6983097791671753,1.8525516986846924,1.7929993867874146,2.2409451007843018,1.9071216583251953,1.859017014503479,1.7146304845809937,1.6697744131088257,1.6870087385177612,1.7567192316055298,1.948943018913269,2.0111210346221924,2.259425640106201,2.138549566268921,2.258359670639038,2.1035397052764893,2.246382713317871,2.2060770988464355,2.6764893531799316,2.356236696243286,2.3459410667419434,2.210297107696533,2.1846230030059814,2.228719472885132,2.213963508605957,2.4493048191070557,2.361083507537842,2.6085853576660156,2.466496467590332,2.6378073692321777,2.486093282699585,2.635258436203003,2.588317394256592
A6,1.5306798219680786,1.2037004232406616,0.9373566508293152,0.6353619694709778,0.3832237124443054,0.0,0.38476091623306274,0.6640720367431641,1.0011966228485107,1.171485424041748,1.073511004447937,1.1206470727920532,0.8853161931037903,1.1203455924987793,1.057599425315857,1.7222976684570312,1.3338669538497925,1.252966046333313,0.9625263214111328,0.866703987121582,0.7223712801933289,0.8222222328186035,0.9278406500816345,1.2438048124313354,1.425806999206543,1.2417888641357422,1.369100570678711,1.1974767446517944,1.3997397422790527,1.3931119441986084,2.061657428741455,1.6888885498046875,1.6149121522903442,1.3704742193222046,1.3059357404708862,1.2200565338134766,1.2707667350769043,1.3582717180252075,1.4898622035980225,1.6997709274291992,1.565803050994873,1.7013564109802246,1.5576194524765015,1.7336957454681396,1.75098717212677,2.4175546169281006,2.063450336456299,2.0254039764404297,1.8164681196212769,1.7641197443008423,1.7000033855438232,1.739425778388977,1.8578144311904907,1.8673455715179443,2.0797836780548096,1.9538791179656982,2.101797103881836,1.9961833953857422,2.1483891010284424,2.168429374694824,2.813629150390625,2.4745447635650635,2.485029935836792,2.2987685203552246,2.277620553970337,2.2608253955841064,2.23213791847229,2.4138753414154053,2.273535966873169,2.479954481124878,2.327706813812256,2.512568712234497,2.3999342918395996,2.5480403900146484,2.5468668937683105
A7,1.8456966876983643,1.5417712926864624,1.2437790632247925,0.9939426183700562,0.6672013401985168,0.38476091623306274,0.0,0.41698136925697327,0.7586795091629028,0.9989730715751648,1.0310049057006836,1.1908560991287231,1.0695505142211914,1.3762073516845703,1.3856549263000488,2.0669047832489014,1.6765180826187134,1.540761113166809,1.2510993480682373,1.0534837245941162,0.8451924324035645,0.7585939764976501,0.7851284742355347,1.0268080234527588,1.2709885835647583,1.1865384578704834,1.4157036542892456,1.3423024415969849,1.611382246017456,1.6697535514831543,2.378281593322754,1.9960739612579346,1.8680895566940308,1.6017361879348755,1.4564200639724731,1.3101049661636353,1.2424253225326538,1.2818028926849365,1.316002607345581,1.5679031610488892,1.5142297744750977,1.7304260730743408,1.665216088294983,1.9009668827056885,1.9773285388946533,2.697023868560791,2.328900098800659,2.2437329292297363,2.006554126739502,1.8888661861419678,1.7714112997055054,1.7250676155090332,1.808313250541687,1.7418586015701294,1.9723167419433594,1.9111526012420654,2.1242191791534424,2.0833561420440674,2.2854177951812744,2.3576550483703613,3.057497024536133,2.7009694576263428,2.676053285598755,2.4562792778015137,2.3855655193328857,2.319352865219116,2.2294976711273193,2.3740458488464355,2.1827034950256348,2.3881213665008545,2.283824920654297,2.519564151763916,2.462531566619873,2.650886297225952,2.69834041595459
A8,2.189383029937744,1.8669248819351196,1.589296579360962,1.2921782732009888,1.0192116498947144,0.6640720367431641,0.41698136925697327,0.0,0.3915950655937195,0.5846980214118958,0.6834235191345215,0.9233838319778442,0.9369557499885559,1.2948745489120483,1.417779564857483,2.320352077484131,1.9284182786941528,1.8048679828643799,1.4665073156356812,1.282860517501831,0.9725017547607422,0.8319005370140076,0.6556658744812012,0.7690683007240295,0.9458500742912292,0.8746983408927917,1.16696298122406,1.2001805305480957,1.5011544227600098,1.6552844047546387,2.5655908584594727,2.1802361011505127,2.0562756061553955,1.7380033731460571,1.593459963798523,1.3556402921676636,1.255251407623291,1.1650478839874268,1.1221122741699219,1.3098660707473755,1.2540408372879028,1.5089412927627563,1.5239272117614746,1.7748035192489624,1.9295207262039185,2.8271875381469727,2.449493169784546,2.3764994144439697,2.0884153842926025,1.9745982885360718,1.7845498323440552,1.7176549434661865,1.7087910175323486,1.5891351699829102,1.756786823272705,1.6893727779388428,1.9258949756622314,1.9448000192642212,2.1514596939086914,2.2861969470977783,3.1377646923065186,2.770890235900879,2.7678797245025635,2.5049562454223633,2.446026563644409,2.3216588497161865,2.2294304370880127,2.3096659183502197,2.071901559829712,2.217349052429199,2.0995283126831055,2.3397200107574463,2.3276305198669434,2.5094387531280518,2.605285406112671
A9,2.5292792320251465,2.1894640922546387,1.9381190538406372,1.6231476068496704,1.3713442087173462,1.0011966228485107,0.7586795091629028,0.3915950655937195,0.0,0.3911571204662323,0.610320508480072,0.9684475660324097,1.1026636362075806,1.4568804502487183,1.6509257555007935,2.6670022010803223,2.2781481742858887,2.179810047149658,1.8342504501342773,1.6694971323013306,1.3464059829711914,1.1916481256484985,0.9410086274147034,0.899395227432251,0.9915845394134521,0.9564382433891296,1.2846004962921143,1.4032859802246094,1.6911464929580688,1.9010344743728638,2.9116523265838623,2.530649423599243,2.423907518386841,2.093881130218506,1.9593473672866821,1.6933369636535645,1.5740079879760742,1.411889672279358,1.285073161125183,1.4107012748718262,1.3708609342575073,1.6500455141067505,1.7318063974380493,1.9704128503799438,2.1723403930664062,3.162515163421631,2.78627347946167,2.7288691997528076,2.424064874649048,2.317080020904541,2.095456123352051,2.01072359085083,1.9418071508407593,1.769214153289795,1.8810538053512573,1.823456048965454,2.0767276287078857,2.146667957305908,2.342895746231079,2.518099546432495,3.4556407928466797,3.088932514190674,3.102792263031006,2.822622060775757,2.770970106124878,2.615349531173706,2.5151920318603516,2.5490145683288574,2.273569107055664,2.3687431812286377,2.2538187503814697,2.4971201419830322,2.525979995727539,2.694814443588257,2.824338436126709
A10,2.670799970626831,2.331636905670166,2.0873076915740967,1.7540758848190308,1.5438591241836548,1.171485424041748,0.9989730715751648,0.5846980214118958,0.3911571204662323,0.0,0.38108065724372864,0.7282099723815918,0.9750316143035889,1.3256639242172241,1.5838079452514648,2.701303482055664,2.3212640285491943,2.226423978805542,1.8558473587036133,1.7133846282958984,1.3498798608779907,1.212052345275879,0.8886061310768127,0.7767577767372131,0.7161708474159241,0.651068925857544,0.9847624897956848,1.1856558322906494,1.477448582649231,1.7484585046768188,2.869641065597534,2.495779037475586,2.3932504653930664,2.0351696014404297,1.9164458513259888,1.6047320365905762,1.5006446838378906,1.2623651027679443,1.131386160850525,1.1545206308364868,1.073547601699829,1.3456580638885498,1.4799959659576416,1.7140153646469116,1.9663225412368774,3.0608973503112793,2.6861958503723145,2.6423227787017822,2.308128595352173,2.219362735748291,1.9590318202972412,1.8888002634048462,1.75821053981781,1.5862982273101807,1.6262195110321045,1.5329822301864624,1.774131417274475,1.8761423826217651,2.062530994415283,2.276548147201538,3.305586814880371,2.9391088485717773,2.9744157791137695,2.670173168182373,2.64078688621521,2.4538817405700684,2.376612424850464,2.3702330589294434,2.087961196899414,2.129544496536255,1.9820671081542969,2.202871322631836,2.2508535385131836,2.401902437210083,2.5587358474731445
A11,2.4876935482025146,2.1356897354125977,1.9353986978530884,1.5762996673583984,1.4405078887939453,1.073511004447937,1.0310049057006836,0.6834235191345215,0.610320508480072,0.38108065724372864,0.0,0.38866862654685974,0.6508365273475647,0.97455894947052,1.2633875608444214,2.4709718227386475,2.105062246322632,2.0630879402160645,1.6878135204315186,1.6220309734344482,1.2746843099594116,1.2484101057052612,0.9810018539428711,0.9919643998146057,0.8778809309005737,0.6209562420845032,0.820378303527832,0.9555808305740356,1.1880828142166138,1.4587222337722778,2.6395013332366943,2.2802631855010986,2.230050563812256,1.8773980140686035,1.827385663986206,1.5409048795700073,1.5323596000671387,1.3264745473861694,1.3027591705322266,1.2843871116638184,1.0848296880722046,1.2580913305282593,1.324326753616333,1.491782784461975,1.722174882888794,2.84527587890625,2.483856439590454,2.4908456802368164,2.1677494049072266,2.141510248184204,1.9118226766586304,1.9194250106811523,1.8122930526733398,1.7161037921905518,1.734153389930725,1.5551409721374512,1.7205820083618164,1.762393832206726,1.889074683189392,2.0717012882232666,3.1087772846221924,2.7574517726898193,2.836670398712158,2.5527865886688232,2.5757882595062256,2.423663854598999,2.405688524246216,2.4286553859710693,2.191314220428467,2.2292540073394775,2.0214767456054688,2.183371067047119,2.176988124847412,2.2770655155181885,2.395357847213745
A12,2.3666574954986572,2.0260918140411377,1.8551164865493774,1.4957995414733887,1.4371103048324585,1.1206470727920532,1.1908560991287231,0.9233838319778442,0.9684475660324097,0.7282099723815918,0.38866862654685974,0.0,0.3837796747684479,0.6515828967094421,0.9810861349105835,2.2455708980560303,1.9031322002410889,1.889749526977539,1.512939691543579,1.5138777494430542,1.1842412948608398,1.2538481950759888,1.0374634265899658,1.124266505241394,0.9552325010299683,0.5785598158836365,0.5681340098381042,0.6369953155517578,0.8147098422050476,1.1094810962677002,2.3580634593963623,2.0175483226776123,2.0003433227539062,1.6469619274139404,1.65646493434906,1.3833006620407104,1.4618550539016724,1.2740859985351562,1.3505555391311646,1.278100609779358,0.9790187478065491,1.0345463752746582,1.0368307828903198,1.14312744140625,1.3674118518829346,2.5353193283081055,2.186924695968628,2.2318365573883057,1.9099478721618652,1.9390734434127808,1.7265758514404297,1.8055533170700073,1.706320881843567,1.687453269958496,1.6746773719787598,1.418792724609375,1.5031771659851074,1.4900410175323486,1.5652157068252563,1.7273932695388794,2.7857656478881836,2.4470462799072266,2.5623433589935303,2.288198709487915,2.358487606048584,2.227294921875,2.2672650814056396,2.3050620555877686,2.115778684616089,2.1425116062164307,1.8806493282318115,1.9818922281265259,1.927016019821167,1.9831699132919312,2.0719716548919678
A13,1.993625521659851,1.6558842658996582,1.5041214227676392,1.1461057662963867,1.1451399326324463,0.8853161931037903,1.0695505142211914,0.9369557499885559,1.1026636362075806,0.9750316143035889,0.6508365273475647,0.3837796747684479,0.0,0.3712460398674011,0.6215168237686157,1.8720027208328247,1.5300172567367554,1.5435075759887695,1.177109956741333,1.2350034713745117,0.9618245959281921,1.1343270540237427,1.0350807905197144,1.2465696334838867,1.1673437356948853,0.7931460738182068,0.7155689597129822,0.547935426235199,0.6674421429634094,0.8458214402198792,2.0237441062927246,1.6822177171707153,1.693386197090149,1.3654488325119019,1.4214717149734497,1.2170565128326416,1.3712854385375977,1.2852104902267456,1.4494907855987549,1.4436042308807373,1.1389578580856323,1.141973853111267,1.0106605291366577,1.0800693035125732,1.1983181238174438,2.2543399333953857,1.9100111722946167,1.9744279384613037,1.6885809898376465,1.7503598928451538,1.6043341159820557,1.7364144325256348,1.718781590461731,1.764920711517334,1.8109139204025269,1.5458167791366577,1.5926200151443481,1.4901195764541626,1.5441389083862305,1.6220080852508545,2.5600063800811768,2.229593276977539,2.3501944541931152,2.115722179412842,2.2029576301574707,2.132131814956665,2.1997177600860596,2.301028251647949,2.162097692489624,2.243407964706421,1.9778629541397095,2.0631370544433594,1.9432709217071533,1.9931597709655762,2.0154621601104736
A14,1.9341318607330322,1.6079959869384766,1.5322860479354858,1.1919485330581665,1.3014427423477173,1.1203455924987793,1.3762073516845703,1.2948745489120483,1.4568804502487183,1.3256639242172241,0.97455894947052,0.6515828967094421,0.3712460398674011,0.0,0.3839772641658783,1.7238860130310059,1.4300190210342407,1.5225383043289185,1.1942614316940308,1.3580085039138794,1.1614420413970947,1.4098176956176758,1.3617857694625854,1.591705322265625,1.4869391918182373,1.0958216190338135,0.9028539061546326,0.6468122005462646,0.539101243019104,0.6388698816299438,1.851905345916748,1.552220106124878,1.6432297229766846,1.354637861251831,1.504433274269104,1.361251711845398,1.5939382314682007,1.5420480966567993,1.754859209060669,1.717040777206421,1.3729665279388428,1.2764345407485962,1.072076678276062,1.0115879774093628,1.053549885749817,2.087111711502075,1.7775083780288696,1.9131755828857422,1.6623448133468628,1.803953766822815,1.7078088521957397,1.9101148843765259,1.9115865230560303,2.0143380165100098,2.0353591442108154,1.7246708869934082,1.689902424812317,1.5243762731552124,1.4902936220169067,1.5060639381408691,2.405376434326172,2.1078083515167236,2.283320426940918,2.0864851474761963,2.2347824573516846,2.2066078186035156,2.333765745162964,2.45436954498291,2.362969398498535,2.4330132007598877,2.130817413330078,2.151597023010254,1.9800156354904175,1.9653129577636719,1.932692050933838
A15,1.5759766101837158,1.268833875656128,1.2292617559432983,0.9277093410491943,1.124565839767456,1.057599425315857,1.3856549263000488,1.417779564857483,1.6509257555007935,1.5838079452514648,1.2633875608444214,0.9810861349105835,0.6215168237686157,0.3839772641658783,0.0,1.346307635307312,1.0621531009674072,1.199975848197937,0.9170366525650024,1.1616894006729126,1.072084665298462,1.3933191299438477,1.448728322982788,1.7479742765426636,1.7092697620391846,1.343988299369812,1.1583740711212158,0.8156496286392212,0.6825800538063049,0.538958728313446,1.5230472087860107,1.2283945083618164,1.3614107370376587,1.130028486251831,1.3358395099639893,1.2907342910766602,1.5775202512741089,1.619136095046997,1.8848295211791992,1.9016937017440796,1.5788819789886475,1.4688149690628052,1.1866523027420044,1.112536907196045,1.0199497938156128,1.8263072967529297,1.5291870832443237,1.6842291355133057,1.4923213720321655,1.6645474433898926,1.6486557722091675,1.889395833015442,1.9667655229568481,2.117107391357422,2.189528226852417,1.892184853553772,1.8407561779022217,1.6128507852554321,1.5736135244369507,1.4998563528060913,2.207797050476074,1.9258955717086792,2.097794532775879,1.9536174535751343,2.1115026473999023,2.148124933242798,2.2946536540985107,2.47232723236084,2.4278554916381836,2.5468931198120117,2.2571518421173096,2.272582769393921,2.0534684658050537,2.0441784858703613,1.9496726989746094
B1,0.7493373155593872,0.8476990461349487,0.9789847135543823,1.1402313709259033,1.44407320022583,1.7222976684570312,2.0669047832489014,2.320352077484131,2.6670022010803223,2.701303482055664,2.4709718227386475,2.2455708980560303,1.8720027208328247,1.7238860130310059,1.346307635307312,0.0,0.39289921522140503,0.662534236907959,0.9287503957748413,1.2597930431365967,1.5509144067764282,1.9105420112609863,2.19557785987854,2.583200454711914,2.6798040866851807,2.415828227996826,2.252803087234497,1.8684061765670776,1.7623777389526367,1.3937642574310303,0.6296708583831787,0.5756964683532715,0.8455975651741028,1.0708376169204712,1.3544542789459229,1.6472687721252441,1.9821048974990845,2.254011869430542,2.6069071292877197,2.7374141216278076,2.5059142112731934,2.3755195140838623,2.0066654682159424,1.9395891427993774,1.6159709692001343,1.2024351358413696,1.084800362586975,1.2388288974761963,1.3884495496749878,1.6013797521591187,1.8645952939987183,2.1601874828338623,2.4372479915618896,2.702768564224243,2.891416311264038,2.666332721710205,2.5769760608673096,2.2442445755004883,2.212660312652588,1.938498616218567,1.7591873407363892,1.60940682888031,1.6987420320510864,1.8034166097640991,1.951340913772583,2.209709882736206,2.3969523906707764,2.724863052368164,2.84005069732666,3.080813407897949,2.8617584705352783,2.856853485107422,2.5430285930633545,2.559133529663086,2.315418004989624
B2,0.7064570784568787,0.6476702690124512,0.6697670221328735,0.7757353186607361,1.0665861368179321,1.3338669538497925,1.6765180826187134,1.9284182786941528,2.2781481742858887,2.3212640285491943,2.105062246322632,1.9031322002410889,1.5300172567367554,1.4300190210342407,1.0621531009674072,0.39289921522140503,0.0,0.3815557062625885,0.565784215927124,0.9078898429870605,1.181335687637329,1.5421264171600342,1.8213332891464233,2.210564613342285,2.3191540241241455,2.061720609664917,1.9315685033798218,1.5569912195205688,1.5015957355499268,1.1677985191345215,0.833922266960144,0.5734642744064331,0.7386059165000916,0.841124415397644,1.0885380506515503,1.3433926105499268,1.6612123250961304,1.9214332103729248,2.257843017578125,2.4024765491485596,2.1801939010620117,2.0868167877197266,1.736962080001831,1.7179503440856934,1.4449574947357178,1.3463599681854248,1.117546796798706,1.2127044200897217,1.259539246559143,1.422228455543518,1.6328489780426025,1.8983193635940552,2.160691738128662,2.3943357467651367,2.5925841331481934,2.3786230087280273,2.3291707038879395,2.02583909034729,2.0360424518585205,1.8161048889160156,1.8715870380401611,1.6469885110855103,1.7137829065322876,1.7352157831192017,1.8457221984863281,2.050305128097534,2.1991028785705566,2.5099589824676514,2.5803472995758057,2.8219072818756104,2.609837770462036,2.6424312591552734,2.359257221221924,2.4082860946655273,2.212549924850464
B3,0.8550068140029907,0.8245516419410706,0.6630347967147827,0.8023984432220459,0.9694153666496277,1.252966046333313,1.540761113166809,1.8048679828643799,2.179810047149658,2.226423978805542,2.0630879402160645,1.889749526977539,1.5435075759887695,1.5225383043289185,1.199975848197937,0.662534236907959,0.3815557062625885,0.0,0.3830426335334778,0.6186390519142151,0.9577290415763855,1.287371277809143,1.6073493957519531,1.9994006156921387,2.1457643508911133,1.941630244255066,1.8485276699066162,1.501189112663269,1.5242058038711548,1.233821988105774,0.9290072917938232,0.6024036407470703,0.5348196625709534,0.6288129091262817,0.7814180850982666,1.0806269645690918,1.3681693077087402,1.6716877222061157,2.010211229324341,2.1894986629486084,2.01566743850708,1.955958604812622,1.6264251470565796,1.6789300441741943,1.4395315647125244,1.3491520881652832,1.0679317712783813,1.0364903211593628,1.0620567798614502,1.1387466192245483,1.361127257347107,1.591724157333374,1.8873584270477295,2.120375156402588,2.354321241378784,2.1843721866607666,2.16906476020813,1.8861029148101807,1.959490418434143,1.7686450481414795,1.829074501991272,1.5624220371246338,1.548365831375122,1.5395729541778564,1.581648588180542,1.778533697128296,1.8876373767852783,2.213066339492798,2.286142349243164,2.5578114986419678,2.3841099739074707,2.452505588531494,2.1897966861724854,2.293208599090576,2.1262850761413574
B4,1.0982143878936768,0.9315102100372314,0.7059212923049927,0.6523846983909607,0.767684280872345,0.9625263214111328,1.2510993480682373,1.4665073156356812,1.8342504501342773,1.8558473587036133,1.6878135204315186,1.512939691543579,1.177109956741333,1.1942614316940308,0.9170366525650024,0.9287503957748413,0.565784215927124,0.3830426335334778,0.0,0.38289201259613037,0.6221688985824585,0.9867803454399109,1.2689000368118286,1.6586315631866455,1.7833808660507202,1.5635876655578613,1.4782710075378418,1.138885259628296,1.2007747888565063,0.965492844581604,1.1321707963943481,0.7494654059410095,0.6628438830375671,0.5077517032623291,0.6281756162643433,0.8130237460136414,1.1084823608398438,1.3633830547332764,1.6939287185668945,1.8552579879760742,1.6636866331100464,1.6201341152191162,1.307424545288086,1.3898382186889648,1.211828589439392,1.4800783395767212,1.1396872997283936,1.113765001296997,1.0020390748977661,1.058068037033081,1.1795986890792847,1.3967819213867188,1.6414152383804321,1.8458139896392822,2.059312343597412,1.8739192485809326,1.879518747329712,1.6238808631896973,1.7163325548171997,1.5835694074630737,1.9095064401626587,1.5968880653381348,1.6091872453689575,1.51104736328125,1.553304672241211,1.672419548034668,1.7654386758804321,2.0480093955993652,2.0699334144592285,2.3146092891693115,2.1227867603302,2.207317590713501,1.9716603755950928,2.082540273666382,1.961575984954834
B5,1.3061021566390991,1.1480960845947266,0.8242262601852417,0.7773414254188538,0.6973904967308044,0.866703987121582,1.0534837245941162,1.282860517501831,1.6694971323013306,1.7133846282958984,1.6220309734344482,1.5138777494430542,1.2350034713745117,1.3580085039138794,1.1616894006729126,1.2597930431365967,0.9078898429870605,0.6186390519142151,0.38289201259613037,0.0,0.3844926953315735,0.670921802520752,1.0091866254806519,1.4000612497329712,1.5870126485824585,1.4437886476516724,1.4402191638946533,1.1716924905776978,1.3402048349380493,1.196489691734314,1.4335585832595825,1.0541038513183594,0.839393675327301,0.6338614821434021,0.5020371675491333,0.6321597099304199,0.820048451423645,1.1166284084320068,1.4208905696868896,1.6417922973632812,1.523072600364685,1.5555624961853027,1.3055977821350098,1.4844403266906738,1.384276270866394,1.7161366939544678,1.3571412563323975,1.2265009880065918,1.0652161836624146,0.9787070155143738,1.0420849323272705,1.1607303619384766,1.4229103326797485,1.5864267349243164,1.8498473167419434,1.7302712202072144,1.8059922456741333,1.607791781425476,1.7797337770462036,1.7097581624984741,2.0897579193115234,1.7490098476409912,1.688345193862915,1.5399754047393799,1.4902937412261963,1.5566916465759277,1.568110466003418,1.8436533212661743,1.83000648021698,2.1060996055603027,1.96756911277771,2.1150872707366943,1.9299408197402954,2.1058075428009033,2.040091037750244
B6,1.6132850646972656,1.3894833326339722,1.0744154453277588,0.8956858515739441,0.7419430613517761,0.7223712801933289,0.8451924324035645,0.9725017547607422,1.3464059829711914,1.3498798608779907,1.2746843099594116,1.1842412948608398,0.9618245959281921,1.1614420413970947,1.072084665298462,1.5509144067764282,1.181335687637329,0.9577290415763855,0.6221688985824585,0.3844926953315735,0.0,0.3827097713947296,0.6509134769439697,1.0429314374923706,1.2094080448150635,1.0648306608200073,1.09999680519104,0.8879377245903015,1.1344791650772095,1.1028101444244385,1.6855862140655518,1.296850323677063,1.1055822372436523,0.7929477691650391,0.6306204795837402,0.5026423931121826,0.622471809387207,0.8164700269699097,1.097609519958496,1.3009450435638428,1.1740026473999023,1.2512125968933105,1.0582551956176758,1.291210412979126,1.290498971939087,1.9123965501785278,1.5322626829147339,1.4186184406280518,1.1632906198501587,1.0587453842163086,0.9813332557678223,1.0494800806045532,1.219884991645813,1.328028678894043,1.5645071268081665,1.4374710321426392,1.5539937019348145,1.412131905555725,1.6133084297180176,1.6229974031448364,2.2326290607452393,1.8686002492904663,1.8335051536560059,1.6136788129806519,1.5651789903640747,1.5397064685821533,1.525727391242981,1.732588529586792,1.6498242616653442,1.8860763311386108,1.7337822914123535,1.9066804647445679,1.7680563926696777,1.9545323848724365,1.949187994003296
B7,1.9077435731887817,1.6879510879516602,1.342973232269287,1.1748216152191162,0.9180150032043457,0.8222222328186035,0.7585939764976501,0.8319005370140076,1.1916481256484985,1.212052345275879,1.2484101057052612,1.2538481950759888,1.1343270540237427,1.4098176956176758,1.3933191299438477,1.9105420112609863,1.5421264171600342,1.287371277809143,0.9867803454399109,0.670921802520752,0.3827097713947296,0.0,0.37990257143974304,0.7508169412612915,1.0074119567871094,0.9889609813690186,1.1431485414505005,1.057961344718933,1.3738701343536377,1.4207313060760498,2.036491632461548,1.6517237424850464,1.4164304733276367,1.109358549118042,0.8507549166679382,0.6327203512191772,0.4862736761569977,0.6278098821640015,0.810649037361145,1.0951052904129028,1.079350471496582,1.264697790145874,1.1821388006210327,1.485448956489563,1.5596518516540527,2.2252562046051025,1.8424855470657349,1.6773780584335327,1.4005597829818726,1.2058302164077759,1.0473259687423706,0.9681577086448669,1.0941102504730225,1.102458119392395,1.3842220306396484,1.346649408340454,1.5527232885360718,1.499239444732666,1.7634856700897217,1.8392462730407715,2.4996628761291504,2.1241016387939453,2.0450665950775146,1.788557767868042,1.6712749004364014,1.575951099395752,1.470909833908081,1.6296451091766357,1.4777649641036987,1.7252689599990845,1.6375705003738403,1.8810170888900757,1.8157100677490234,2.05499267578125,2.1112654209136963
B8,2.214737892150879,1.957259178161621,1.634146809577942,1.4024394750595093,1.1482133865356445,0.9278406500816345,0.7851284742355347,0.6556658744812012,0.9410086274147034,0.8886061310768127,0.9810018539428711,1.0374634265899658,1.0350807905197144,1.3617857694625854,1.448728322982788,2.19557785987854,1.8213332891464233,1.6073493957519531,1.2689000368118286,1.0091866254806519,0.6509134769439697,0.37990257143974304,0.0,0.39509397745132446,0.641262948513031,0.6738319993019104,0.9218045473098755,0.9637079238891602,1.32256281375885,1.4712576866149902,2.2988383769989014,1.9147237539291382,1.7076842784881592,1.362605333328247,1.136914849281311,0.8266853094100952,0.6367620825767517,0.5190840363502502,0.5620899796485901,0.8118271231651306,0.812854528427124,1.0786412954330444,1.1029261350631714,1.4320169687271118,1.5969361066818237,2.453437089920044,2.066667079925537,1.9279536008834839,1.6072418689727783,1.4300428628921509,1.1878759860992432,1.0737580060958862,1.060597538948059,0.9707840085029602,1.1891688108444214,1.1542201042175293,1.411082148551941,1.4378710985183716,1.7124810218811035,1.8621081113815308,2.6882035732269287,2.306529998779297,2.2565808296203613,1.9599571228027344,1.8591371774673462,1.6965347528457642,1.5820770263671875,1.6549608707427979,1.4301148653030396,1.607308268547058,1.5087025165557861,1.7722827196121216,1.7666442394256592,2.0022997856140137,2.11641788482666
B9,2.6042377948760986,2.337885856628418,2.0173630714416504,1.7728309631347656,1.5066406726837158,1.2438048124313354,1.0268080234527588,0.7690683007240295,0.899395227432251,0.7767577767372131,0.9919643998146057,1.124266505241394,1.2465696334838867,1.591705322265625,1.7479742765426636,2.583200454711914,2.210564613342285,1.9994006156921387,1.6586315631866455,1.4000612497329712,1.0429314374923706,0.7508169412612915,0.39509397745132446,0.0,0.38506174087524414,0.6404643058776855,0.981097936630249,1.1620303392410278,1.5310492515563965,1.748883605003357,2.6604719161987305,2.281471014022827,2.069589376449585,1.7151941061019897,1.4801892042160034,1.1381862163543701,0.8856728672981262,0.6196877956390381,0.3874182403087616,0.6061661839485168,0.7404569983482361,1.098136305809021,1.2509183883666992,1.5965391397476196,1.8309860229492188,2.774203300476074,2.3892438411712646,2.243302583694458,1.9008828401565552,1.7053760290145874,1.4081556797027588,1.2257695198059082,1.0974087715148926,0.8762283325195312,1.037028431892395,1.0778191089630127,1.4042608737945557,1.532870888710022,1.8291354179382324,2.0455117225646973,2.9606828689575195,2.5765631198883057,2.5228216648101807,2.195678949356079,2.077570915222168,1.852307915687561,1.6973878145217896,1.682371735572815,1.3829299211502075,1.4962950944900513,1.438550353050232,1.7423990964889526,1.8200736045837402,2.071396827697754,2.2485673427581787
B10,2.7794666290283203,2.4968459606170654,2.2078957557678223,1.928857684135437,1.7160730361938477,1.425806999206543,1.2709885835647583,0.9458500742912292,0.9915845394134521,0.7161708474159241,0.8778809309005737,0.9552325010299683,1.1673437356948853,1.4869391918182373,1.7092697620391846,2.6798040866851807,2.3191540241241455,2.1457643508911133,1.7833808660507202,1.5870126485824585,1.2094080448150635,1.0074119567871094,0.641262948513031,0.38506174087524414,0.0,0.4003908336162567,0.7346068024635315,1.0223395824432373,1.372880458831787,1.6572489738464355,2.7066800594329834,2.3414762020111084,2.164529323577881,1.7887892723083496,1.6076159477233887,1.2355561256408691,1.0583972930908203,0.7074241042137146,0.522606611251831,0.4387423098087311,0.47414061427116394,0.8456628918647766,1.0828943252563477,1.4063211679458618,1.7013731002807617,2.77736759185791,2.4006662368774414,2.2949743270874023,1.9276472330093384,1.782668948173523,1.454020380973816,1.324288010597229,1.1083123683929443,0.9044551253318787,0.910699188709259,0.867158830165863,1.1777243614196777,1.3540928363800049,1.6231545209884644,1.8879833221435547,2.924525022506714,2.547191619873047,2.537715435028076,2.1915805339813232,2.1216046810150146,1.8698862791061401,1.7651081085205078,1.6990710496902466,1.3968702554702759,1.4143121242523193,1.288130760192871,1.5510890483856201,1.6523401737213135,1.8658138513565063,2.075364589691162
B11,2.551889419555664,2.251372814178467,2.0012900829315186,1.691699504852295,1.5403285026550293,1.2417888641357422,1.1865384578704834,0.8746983408927917,0.9564382433891296,0.651068925857544,0.6209562420845032,0.5785598158836365,0.7931460738182068,1.0958216190338135,1.343988299369812,2.415828227996826,2.061720609664917,1.941630244255066,1.5635876655578613,1.4437886476516724,1.0648306608200073,0.9889609813690186,0.6738319993019104,0.6404643058776855,0.4003908336162567,0.0,0.3921920955181122,0.6727409362792969,1.0077669620513916,1.3105894327163696,2.4538161754608154,2.0951805114746094,1.9741895198822021,1.5935745239257812,1.4891968965530396,1.1364864110946655,1.0883581638336182,0.798115611076355,0.8032820820808411,0.7037355303764343,0.46613410115242004,0.6986033320426941,0.8520514369010925,1.1219792366027832,1.4098358154296875,2.5517752170562744,2.180933952331543,2.133629083633423,1.7719225883483887,1.7022459506988525,1.410857915878296,1.389996886253357,1.2237176895141602,1.1385130882263184,1.1268515586853027,0.9382220506668091,1.1367371082305908,1.2259265184402466,1.4266681671142578,1.6611239910125732,2.732412576675415,2.365018844604492,2.408550500869751,2.083653450012207,2.0786943435668945,1.8752732276916504,1.8472037315368652,1.8319135904312134,1.5929725170135498,1.6145460605621338,1.4016802310943604,1.5823941230773926,1.604349136352539,1.7534030675888062,1.9156569242477417
B12,2.495102882385254,2.2073211669921875,1.9968191385269165,1.6909998655319214,1.6205735206604004,1.369100570678711,1.4157036542892456,1.16696298122406,1.2846004962921143,0.9847624897956848,0.820378303527832,0.5681340098381042,0.7155689597129822,0.9028539061546326,1.1583740711212158,2.252803087234497,1.9315685033798218,1.8485276699066162,1.4782710075378418,1.4402191638946533,1.09999680519104,1.1431485414505005,0.9218045473098755,0.981097936630249,0.7346068024635315,0.3921920955181122,0.0,0.39113104343414307,0.6715522408485413,1.0128440856933594,2.2243266105651855,1.892819881439209,1.813217043876648,1.4355189800262451,1.4087624549865723,1.0802638530731201,1.1528774499893188,0.9072057604789734,1.0424360036849976,0.8745622634887695,0.498394250869751,0.46653664112091064,0.5453422665596008,0.7502018213272095,1.0637909173965454,2.281984806060791,1.9287643432617188,1.9298888444900513,1.5672920942306519,1.5722342729568481,1.301985263824463,1.3815546035766602,1.2239826917648315,1.249311923980713,1.1827579736709595,0.8763489127159119,0.9357553124427795,0.9517790079116821,1.0839389562606812,1.3126362562179565,2.440092086791992,2.087672233581543,2.1797564029693604,1.863232970237732,1.922966480255127,1.7433969974517822,1.7953875064849854,1.7945579290390015,1.6222398281097412,1.6185790300369263,1.3280116319656372,1.4139999151229858,1.3716164827346802,1.4567795991897583,1.590734601020813
B13,2.145272731781006,1.8694440126419067,1.6838890314102173,1.3917672634124756,1.3846842050552368,1.1974767446517944,1.3423024415969849,1.2001805305480957,1.4032859802246094,1.1856558322906494,0.9555808305740356,0.6369953155517578,0.547935426235199,0.6468122005462646,0.8156496286392212,1.8684061765670776,1.5569912195205688,1.501189112663269,1.138885259628296,1.1716924905776978,0.8879377245903015,1.057961344718933,0.9637079238891602,1.1620303392410278,1.0223395824432373,0.6727409362792969,0.39113104343414307,0.0,0.3699337840080261,0.6427826285362244,1.851234793663025,1.5199087858200073,1.4746044874191284,1.1089199781417847,1.1524298191070557,0.8930445313453674,1.0868570804595947,0.9713633060455322,1.216902494430542,1.1378639936447144,0.7825329899787903,0.6612858772277832,0.463480144739151,0.5857155919075012,0.7810989022254944,1.9508167505264282,1.597363829612732,1.6322396993637085,1.2966281175613403,1.360284686088562,1.1680787801742554,1.3372331857681274,1.2850292921066284,1.4005764722824097,1.4045642614364624,1.0896962881088257,1.0745526552200317,0.942574143409729,1.019640326499939,1.1347249746322632,2.1660540103912354,1.8193140029907227,1.9326391220092773,1.657080054283142,1.7544043064117432,1.6504948139190674,1.7522128820419312,1.831279993057251,1.7282012701034546,1.7870194911956787,1.4876751899719238,1.5358657836914062,1.3965245485305786,1.4542174339294434,1.4941974878311157
