,A1,A2,A3,A4,A5,A6,A7,A8,A9,A10,A11,A12,A13,A14,A15,B1,B2,B3,B4,B5,B6,B7,B8,B9,B10,B11,B12,B13,B14,B15,C1,C2,C3,C4,C5,C6,C7,C8,C9,C10,C11,C12,C13,C14,C15,D1,D2,D3,D4,D5,D6,D7,D8,D9,D10,D11,D12,D13,D14,D15,E1,E2,E3,E4,E5,E6,E7,E8,E9,E10,E11,E12,E13,E14,E15
A1,0.0,0.37673312425613403,0.6569814085960388,0.9064668416976929,1.2228626012802124,1.4398021697998047,1.6004432439804077,1.4876811504364014,1.8318204879760742,1.8664110898971558,2.1359403133392334,2.3543031215667725,2.620093822479248,2.869980812072754,3.0769922733306885,2.63430118560791,2.551194906234741,2.391834259033203,2.2133467197418213,2.1889164447784424,1.9722352027893066,2.04427170753479,1.9651669263839722,2.236011505126953,2.360020875930786,2.5057644844055176,2.7809062004089355,2.9730749130249023,3.285930871963501,3.506110906600952,3.5865085124969482,3.5813381671905518,3.3222482204437256,3.2174549102783203,3.030933141708374,2.7275216579437256,2.5986311435699463,2.458580255508423,2.614482879638672,2.7836148738861084,2.825791358947754,3.114375114440918,3.2270214557647705,3.5707309246063232,3.741964101791382,4.114445209503174,4.158523082733154,3.874476432800293,3.790306568145752,3.5877580642700195,3.2711737155914307,3.04302978515625,2.8382294178009033,2.883049726486206,3.0923514366149902,3.047254800796509,3.3512346744537354,3.3791983127593994,3.76007080078125,3.8870491981506348,4.324178218841553,4.3852620124816895,4.115818977355957,4.048877716064453,3.796196937561035,3.542372703552246,3.2825684547424316,3.0081260204315186,3.035768985748291,3.2031896114349365,3.0937228202819824,3.369317054748535,3.2732880115509033,3.625217914581299,3.6334474086761475
A2,0.37673312425613403,0.0,0.3785838484764099,0.6474093794822693,0.9865109324455261,1.263811707496643,1.4842323064804077,1.435003399848938,1.804109811782837,1.8573062419891357,2.1708462238311768,2.3781962394714355,2.681584596633911,2.9107260704040527,3.1525309085845947,2.5536537170410156,2.417605400085449,2.243654727935791,2.0178167819976807,1.9694801568984985,1.7514928579330444,1.8569092750549316,1.841436505317688,2.1543540954589844,2.2933292388916016,2.4908857345581055,2.7663848400115967,3.000241756439209,3.3007607460021973,3.5530242919921875,3.484787702560425,3.4404306411743164,3.1720261573791504,3.0306172370910645,2.8321847915649414,2.5156893730163574,2.4102370738983154,2.3164188861846924,2.518979787826538,2.7040038108825684,2.7962305545806885,3.092052459716797,3.2475786209106445,3.5854690074920654,3.789677858352661,4.038040637969971,4.050145149230957,3.7525041103363037,3.6363000869750977,3.4221351146698,3.0905048847198486,2.8770768642425537,2.7085952758789062,2.800722122192383,3.0289247035980225,3.0301835536956787,3.3452956676483154,3.4150547981262207,3.7960124015808105,3.9549949169158936,4.296955108642578,4.329543113708496,4.052345275878906,3.953916072845459,3.69580078125,3.4153852462768555,3.1647939682006836,2.9201083183288574,2.994399309158325,3.1823575496673584,3.1173388957977295,3.409290075302124,3.354717254638672,3.720996379852295,3.7603838443756104
A3,0.6569814085960388,0.3785838484764099,0.0,0.37059107422828674,0.6284107565879822,0.9331157207489014,1.1539201736450195,1.1271754503250122,1.5000348091125488,1.5671145915985107,1.9055979251861572,2.1120517253875732,2.439711570739746,2.662525177001953,2.9345240592956543,2.2733571529388428,2.1189939975738525,1.9132559299468994,1.6753195524215698,1.6004515886306763,1.37315034866333,1.4854985475540161,1.4857146739959717,1.814769983291626,1.958099365234375,2.183095693588257,2.459350824356079,2.718587875366211,3.012890577316284,3.287763833999634,3.13686203956604,3.079206943511963,2.8036704063415527,2.655416250228882,2.453944206237793,2.138545513153076,2.042443037033081,1.9550074338912964,2.175541877746582,2.360114574432373,2.4778494834899902,2.774242401123047,2.9554598331451416,3.287773370742798,3.5138754844665527,3.6892082691192627,3.6896204948425293,3.38958477973938,3.2658395767211914,3.054971933364868,2.7241733074188232,2.523632764816284,2.3600308895111084,2.473127603530884,2.69950270652771,2.725383996963501,3.040442705154419,3.1358859539031982,3.5131165981292725,3.692981243133545,3.982071876525879,4.004605770111084,3.7313458919525146,3.623109817504883,3.3750693798065186,3.085160970687866,2.852574586868286,2.6147706508636475,2.714401960372925,2.897115707397461,2.859923839569092,3.151947259902954,3.1254379749298096,3.4980647563934326,3.5581724643707275
A4,0.9064668416976929,0.6474093794822693,0.37059107422828674,0.0,0.3993723690509796,0.6596102118492126,0.9516294598579407,1.041368007659912,1.4231640100479126,1.5750608444213867,1.9206717014312744,2.1672019958496094,2.505784511566162,2.749676465988159,3.0476927757263184,2.3926286697387695,2.221754789352417,1.9616055488586426,1.7033958435058594,1.5411403179168701,1.2470459938049316,1.2927426099777222,1.343957543373108,1.6784982681274414,1.8844091892242432,2.1245639324188232,2.433485269546509,2.7102718353271484,3.018822193145752,3.315443754196167,3.093360424041748,3.014965534210205,2.7074062824249268,2.5403382778167725,2.2938268184661865,1.9505740404129028,1.8152207136154175,1.7626150846481323,1.9897476434707642,2.2212278842926025,2.35963773727417,2.684187412261963,2.8872194290161133,3.229889392852783,3.480039358139038,3.559539794921875,3.534669876098633,3.2140040397644043,3.07572340965271,2.832693099975586,2.4887759685516357,2.2632696628570557,2.126034736633301,2.2491676807403564,2.511115550994873,2.5615904331207275,2.8995680809020996,3.0227315425872803,3.4049484729766846,3.612025260925293,3.794604778289795,3.7905404567718506,3.498077392578125,3.370973825454712,3.1009066104888916,2.8049051761627197,2.555661916732788,2.3384735584259033,2.4550580978393555,2.6705472469329834,2.659928321838379,2.975586414337158,2.982760429382324,3.365219831466675,3.4606494903564453
A5,1.2228626012802124,0.9865109324455261,0.6284107565879822,0.3993723690509796,0.0,0.36556148529052734,0.646129310131073,0.790569543838501,1.145230770111084,1.3130406141281128,1.6738076210021973,1.9089603424072266,2.265667676925659,2.495124340057373,2.8202829360961914,2.1170544624328613,1.9339669942855835,1.6378268003463745,1.377813458442688,1.1720702648162842,0.8554927706718445,0.898554265499115,0.9777317047119141,1.3320587873458862,1.5406359434127808,1.8133212327957153,2.115649938583374,2.418558359146118,2.713594913482666,3.0317306518554688,2.7190937995910645,2.6281960010528564,2.3141322135925293,2.1431872844696045,1.895150899887085,1.5554817914962769,1.4323209524154663,1.3834083080291748,1.6356194019317627,1.8612446784973145,2.032106399536133,2.351233720779419,2.5832552909851074,2.9139068126678467,3.186131715774536,3.185879945755005,3.150482177734375,2.8299906253814697,2.6857707500457764,2.451786994934082,2.1113829612731934,1.9062094688415527,1.7697911262512207,1.9211235046386719,2.17374324798584,2.2548601627349854,2.5863747596740723,2.738560199737549,3.1113088130950928,3.3390700817108154,3.4699764251708984,3.45816707611084,3.175318717956543,3.040065288543701,2.788987398147583,2.482820987701416,2.263451099395752,2.052171230316162,2.2006795406341553,2.399663209915161,2.423157215118408,2.730318069458008,2.7689483165740967,3.1524593830108643,3.266883611679077
A6,1.4398021697998047,1.263811707496643,0.9331157207489014,0.6596102118492126,0.36556148529052734,0.0,0.35797104239463806,0.642231822013855,0.95731520652771,1.215909481048584,1.5486425161361694,1.8295522928237915,2.1737654209136963,2.433467149734497,2.7683165073394775,2.178729772567749,2.0252153873443604,1.6883761882781982,1.4684104919433594,1.2040125131607056,0.8362799882888794,0.719097375869751,0.7787342667579651,1.0940907001495361,1.3672486543655396,1.6202312707901,1.9565781354904175,2.2540085315704346,2.5685460567474365,2.892529010772705,2.59688663482666,2.5177085399627686,2.179234027862549,2.0281050205230713,1.7476513385772705,1.4009530544281006,1.2033798694610596,1.134570598602295,1.351624846458435,1.6171470880508423,1.7779932022094727,2.1224679946899414,2.3551506996154785,2.6979870796203613,2.9792916774749756,2.9504234790802,2.913883924484253,2.5839927196502686,2.4542036056518555,2.201704502105713,1.8650715351104736,1.6219332218170166,1.4695812463760376,1.5954418182373047,1.8697729110717773,1.949973225593567,2.2981820106506348,2.459876537322998,2.8365230560302734,3.0782132148742676,3.1546061038970947,3.1369333267211914,2.8433117866516113,2.712895154953003,2.450709581375122,2.1563642024993896,1.9212332963943481,1.6985076665878296,1.8393276929855347,2.049926519393921,2.0812132358551025,2.4003050327301025,2.4580113887786865,2.8451342582702637,2.982975482940674
A7,1.6004432439804077,1.4842323064804077,1.1539201736450195,0.9516294598579407,0.646129310131073,0.35797104239463806,0.0,0.3799118995666504,0.6190284490585327,0.9209970831871033,1.2283772230148315,1.5281933546066284,1.8610444068908691,2.1350338459014893,2.4723997116088867,1.9922878742218018,1.8863972425460815,1.5362308025360107,1.3858493566513062,1.1356570720672607,0.7943770289421082,0.5901896953582764,0.4943462908267975,0.7612829208374023,1.044058918952942,1.2725995779037476,1.621395468711853,1.9095450639724731,2.233083486557007,2.5545365810394287,2.323394298553467,2.2802512645721436,1.945978045463562,1.844725489616394,1.5859532356262207,1.278097152709961,1.0573972463607788,0.8899949789047241,1.0521429777145386,1.2983136177062988,1.4310030937194824,1.7767961025238037,1.99947988986969,2.346220016479492,2.6239709854125977,2.6455130577087402,2.6370320320129395,2.3220021724700928,2.229386568069458,2.0044264793395996,1.6977065801620483,1.4575421810150146,1.2381314039230347,1.3198394775390625,1.5622754096984863,1.616977572441101,1.9571523666381836,2.1089961528778076,2.4856016635894775,2.723065137863159,2.8465840816497803,2.854325771331787,2.5774271488189697,2.477191925048828,2.2424216270446777,1.9720910787582397,1.7588971853256226,1.4934366941452026,1.6065932512283325,1.7721291780471802,1.7885140180587769,2.0877084732055664,2.138871192932129,2.5225274562835693,2.655465602874756
A8,1.4876811504364014,1.435003399848938,1.1271754503250122,1.041368007659912,0.790569543838501,0.642231822013855,0.3799118995666504,0.0,0.38447514176368713,0.6070709824562073,0.9240978360176086,1.2270612716674805,1.5528303384780884,1.8380331993103027,2.154858350753784,1.7676995992660522,1.718544602394104,1.4061135053634644,1.3211629390716553,1.1742042303085327,0.918254017829895,0.8075217008590698,0.5511542558670044,0.7512590885162354,0.9230184555053711,1.0989766120910645,1.430316686630249,1.6871166229248047,2.0175461769104004,2.312417984008789,2.241586208343506,2.251171588897705,1.9565227031707764,1.9090876579284668,1.7169418334960938,1.4640852212905884,1.2913092374801636,1.0425547361373901,1.1438419818878174,1.2981525659561157,1.362673282623291,1.674533724784851,1.8509328365325928,2.198302984237671,2.440502166748047,2.6383442878723145,2.6807796955108643,2.401277780532837,2.3508553504943848,2.1785812377929688,1.9079676866531372,1.700494647026062,1.4273643493652344,1.4554364681243896,1.6242399215698242,1.6125297546386719,1.9162037372589111,2.01283860206604,2.388944387435913,2.5850439071655273,2.881298780441284,2.937774896621704,2.692517042160034,2.6361775398254395,2.4387810230255127,2.1987245082855225,2.009939193725586,1.7073283195495605,1.7655588388442993,1.8662354946136475,1.8231163024902344,2.079871416091919,2.0715138912200928,2.4417781829833984,2.5246694087982178
A9,1.8318204879760742,1.804109811782837,1.5000348091125488,1.4231640100479126,1.145230770111084,0.95731520652771,0.6190284490585327,0.38447514176368713,0.0,0.37970057129859924,0.6166749596595764,0.9452409744262695,1.2538981437683105,1.5519750118255615,1.8796875476837158,1.6333483457565308,1.6418699026107788,1.3248697519302368,1.332340121269226,1.2055354118347168,1.0183049440383911,0.8593871593475342,0.49433887004852295,0.4831516444683075,0.6003198027610779,0.7199256420135498,1.0676182508468628,1.3183327913284302,1.657350778579712,1.9567562341690063,1.9421015977859497,1.9935287237167358,1.7125329971313477,1.72798752784729,1.5735329389572144,1.3885927200317383,1.2194033861160278,0.8923711180686951,0.8960119485855103,0.9803281426429749,0.9976911544799805,1.297868013381958,1.4668523073196411,1.814271330833435,2.0594067573547363,2.29506516456604,2.367764949798584,2.1126437187194824,2.105543613433838,1.9746450185775757,1.7528470754623413,1.571706771850586,1.2489030361175537,1.2252733707427979,1.3251724243164062,1.2836577892303467,1.5599498748779297,1.6497375965118408,2.018587589263916,2.2151572704315186,2.5510196685791016,2.6334590911865234,2.4157350063323975,2.391439199447632,2.2366843223571777,2.028541326522827,1.8828692436218262,1.559984564781189,1.5932639837265015,1.6247408390045166,1.5758394002914429,1.7907757759094238,1.7842367887496948,2.1420609951019287,2.2237372398376465
A10,1.8664110898971558,1.8573062419891357,1.5671145915985107,1.5750608444213867,1.3130406141281128,1.215909481048584,0.9209970831871033,0.6070709824562073,0.37970057129859924,0.0,0.37490811944007874,0.6205862164497375,0.9609330296516418,1.2311780452728271,1.555713415145874,1.3136322498321533,1.376114010810852,1.1160749197006226,1.2000343799591064,1.192224144935608,1.1148381233215332,1.0706843137741089,0.7171702980995178,0.7032886147499084,0.5930779576301575,0.6739928722381592,0.9156473278999329,1.1515527963638306,1.4594446420669556,1.7408616542816162,1.8126957416534424,1.901070475578308,1.6789052486419678,1.7312994003295898,1.658392310142517,1.5309852361679077,1.4438905715942383,1.115609884262085,1.1279441118240356,1.0937392711639404,1.0845340490341187,1.2916529178619385,1.4291605949401855,1.7406779527664185,1.9545778036117554,2.31099009513855,2.4186856746673584,2.205655097961426,2.217834711074829,2.145724296569824,1.9540321826934814,1.8308030366897583,1.5090270042419434,1.4955846071243286,1.520277976989746,1.4584059715270996,1.6641733646392822,1.7161675691604614,2.0555636882781982,2.2128429412841797,2.68589448928833,2.800727128982544,2.6234290599823,2.6197621822357178,2.5083706378936768,2.3091259002685547,2.202524185180664,1.8854527473449707,1.9141764640808105,1.895391583442688,1.8291950225830078,1.9883885383605957,1.9454081058502197,2.271604299545288,2.304635763168335
A11,2.1359403133392334,2.1708462238311768,1.9055979251861572,1.9206717014312744,1.6738076210021973,1.5486425161361694,1.2283772230148315,0.9240978360176086,0.6166749596595764,0.37490811944007874,0.0,0.3943573534488678,0.6436596512794495,0.975068986415863,1.27590811252594,1.3688867092132568,1.522225260734558,1.3084840774536133,1.472577452659607,1.4937118291854858,1.4490827322006226,1.371212124824524,1.0027916431427002,0.8518869876861572,0.658850908279419,0.5181393623352051,0.699993371963501,0.8377582430839539,1.1721926927566528,1.4171034097671509,1.7313438653945923,1.892985224723816,1.7127116918563843,1.840624451637268,1.8120723962783813,1.7446650266647339,1.6520590782165527,1.2925183773040771,1.201050877571106,1.082728624343872,0.9549388885498047,1.0926408767700195,1.1461122035980225,1.4536359310150146,1.6256002187728882,2.163961887359619,2.3268561363220215,2.1586365699768066,2.2315056324005127,2.204848289489746,2.0685980319976807,1.9596208333969116,1.6086561679840088,1.522011160850525,1.4661386013031006,1.3295458555221558,1.4702732563018799,1.457428216934204,1.7783697843551636,1.8953405618667603,2.508906126022339,2.6699180603027344,2.529073476791382,2.576383352279663,2.505701780319214,2.3564047813415527,2.2756381034851074,1.9414901733398438,1.9152642488479614,1.8268390893936157,1.7175626754760742,1.8123900890350342,1.7280406951904297,2.019719123840332,2.016758680343628
A12,2.3543031215667725,2.3781962394714355,2.1120517253875732,2.1672019958496094,1.9089603424072266,1.8295522928237915,1.5281933546066284,1.2270612716674805,0.9452409744262695,0.6205862164497375,0.3943573534488678,0.0,0.3815252482891083,0.6122583150863647,0.9476577639579773,1.0654789209365845,1.2922636270523071,1.1589645147323608,1.4078917503356934,1.5200555324554443,1.573910117149353,1.5666594505310059,1.2298052310943604,1.0907351970672607,0.7838227152824402,0.6590074300765991,0.6032928228378296,0.7145227193832397,0.9476692080497742,1.1824408769607544,1.5269672870635986,1.7243105173110962,1.6189641952514648,1.7849665880203247,1.8404463529586792,1.83852219581604,1.8212934732437134,1.4807193279266357,1.4135088920593262,1.2094500064849854,1.1050118207931519,1.11849844455719,1.161039113998413,1.3829149007797241,1.5308781862258911,2.1108245849609375,2.296264886856079,2.175704002380371,2.2600362300872803,2.2942399978637695,2.1926422119140625,2.1469438076019287,1.8145971298217773,1.7607499361038208,1.6481291055679321,1.5356463193893433,1.5993342399597168,1.5820096731185913,1.842212200164795,1.9327675104141235,2.60705828666687,2.783721446990967,2.686530828475952,2.739870309829712,2.7153480052948,2.5674843788146973,2.533723831176758,2.221949338912964,2.218714475631714,2.096951961517334,2.009981393814087,2.0574722290039062,1.9773839712142944,2.2278990745544434,2.199288845062256
A13,2.620093822479248,2.681584596633911,2.439711570739746,2.505784511566162,2.265667676925659,2.1737654209136963,1.8610444068908691,1.5528303384780884,1.2538981437683105,0.9609330296516418,0.6436596512794495,0.3815252482891083,0.0,0.396167516708374,0.6433363556861877,1.2683039903640747,1.5609838962554932,1.4833694696426392,1.7632761001586914,1.8900558948516846,1.9501410722732544,1.9231921434402466,1.5772831439971924,1.3894983530044556,1.0853155851364136,0.8525071740150452,0.6949641108512878,0.5842599868774414,0.772520899772644,0.8975401520729065,1.6066088676452637,1.8718070983886719,1.8195990324020386,2.039057970046997,2.1263487339019775,2.1600027084350586,2.1352574825286865,1.7840187549591064,1.658044457435608,1.4158037900924683,1.228198766708374,1.1520084142684937,1.0730009078979492,1.2410597801208496,1.2980363368988037,2.117406129837036,2.3578989505767822,2.289987802505493,2.426605224609375,2.4992642402648926,2.441749095916748,2.4042296409606934,2.059800863265991,1.9544448852539062,1.786813735961914,1.615248441696167,1.6027936935424805,1.5063796043395996,1.716031789779663,1.7361760139465332,2.5792086124420166,2.8020522594451904,2.7454476356506348,2.8461029529571533,2.8572657108306885,2.754089593887329,2.73745059967041,2.4174304008483887,2.3685109615325928,2.195730209350586,2.069629430770874,2.0520236492156982,1.9257088899612427,2.1204898357391357,2.0392727851867676
A14,2.869980812072754,2.9107260704040527,2.662525177001953,2.749676465988159,2.495124340057373,2.433467149734497,2.1350338459014893,1.8380331993103027,1.5519750118255615,1.2311780452728271,0.975068986415863,0.6122583150863647,0.396167516708374,0.0,0.3914964497089386,1.0878957509994507,1.433802604675293,1.4422314167022705,1.772660732269287,1.9600900411605835,2.092242956161499,2.115285634994507,1.801912546157837,1.6317226886749268,1.2825262546539307,1.1048282384872437,0.8315487504005432,0.7278817296028137,0.7035698890686035,0.7854273915290833,1.4621158838272095,1.7505332231521606,1.7786493301391602,2.0210864543914795,2.17825984954834,2.264812469482422,2.3013710975646973,1.9765141010284424,1.8802589178085327,1.5945899486541748,1.4539755582809448,1.3002034425735474,1.2419421672821045,1.3014723062515259,1.3379921913146973,2.112011432647705,2.359769105911255,2.3363213539123535,2.4735448360443115,2.596365213394165,2.5668253898620605,2.5833053588867188,2.2640442848205566,2.1962015628814697,1.9993476867675781,1.8684003353118896,1.8082219362258911,1.7340799570083618,1.8809806108474731,1.889931559562683,2.719496011734009,2.942831516265869,2.922229051589966,3.0175235271453857,3.0649874210357666,2.957037925720215,2.979379177093506,2.68428111076355,2.665496826171875,2.479135274887085,2.3860039710998535,2.345566749572754,2.2428269386291504,2.4092845916748047,2.324491500854492
A15,3.0769922733306885,3.1525309085845947,2.9345240592956543,3.0476927757263184,2.8202829360961914,2.7683165073394775,2.4723997116088867,2.154858350753784,1.8796875476837158,1.555713415145874,1.27590811252594,0.9476577639579773,0.6433363556861877,0.3914964497089386,0.0,1.3596562147140503,1.7327615022659302,1.7921078205108643,2.1252572536468506,2.3345251083374023,2.4664371013641357,2.4918830394744873,2.1687557697296143,1.9955989122390747,1.6580843925476074,1.4480900764465332,1.1807162761688232,0.984047532081604,0.903601884841919,0.8017135858535767,1.7561537027359009,2.071708917617798,2.135610580444336,2.3933537006378174,2.563657283782959,2.655961275100708,2.686943769454956,2.3557236194610596,2.240567207336426,1.9534374475479126,1.7747797966003418,1.594970941543579,1.4603592157363892,1.4699783325195312,1.401773452758789,2.3578951358795166,2.638481855392456,2.650451898574829,2.813617706298828,2.953749895095825,2.9405150413513184,2.9543702602386475,2.627650499343872,2.533209800720215,2.3199918270111084,2.1521382331848145,2.0562238693237305,1.922825813293457,2.0260796546936035,1.9614415168762207,2.927292585372925,3.1830811500549316,3.1889069080352783,3.3146841526031494,3.3781630992889404,3.294902801513672,3.3173065185546875,3.0128910541534424,2.963033437728882,2.7553670406341553,2.627866268157959,2.551276683807373,2.4046900272369385,2.52510142326355,2.3863441944122314
B1,2.63430118560791,2.5536537170410156,2.2733571529388428,2.3926286697387695,2.1170544624328613,2.178729772567749,1.9922878742218018,1.7676995992660522,1.6333483457565308,1.3136322498321533,1.3688867092132568,1.0654789209365845,1.2683039903640747,1.0878957509994507,1.3596562147140503,0.0,0.3894226551055908,0.6284012794494629,0.9636204242706299,1.3053265810012817,1.5872634649276733,1.7954494953155518,1.6327364444732666,1.6630947589874268,1.3466540575027466,1.4770866632461548,1.3121286630630493,1.5209243297576904,1.499925971031189,1.7353429794311523,1.440344214439392,1.5076463222503662,1.5360817909240723,1.6139230728149414,1.8064173460006714,1.8749841451644897,2.051757335662842,1.851922631263733,1.9639917612075806,1.7537494897842407,1.8496556282043457,1.8045260906219482,1.967028021812439,2.053744316101074,2.2342231273651123,2.4410221576690674,2.543757915496826,2.4489645957946777,2.434936046600342,2.52213191986084,2.414393901824951,2.4916296005249023,2.272327423095703,2.3823869228363037,2.2926642894744873,2.328684091567993,2.3765499591827393,2.459444284439087,2.6553006172180176,2.7797110080718994,3.2632501125335693,3.378361701965332,3.3041434288024902,3.2786099910736084,3.279752731323242,3.05989670753479,3.084367275238037,2.854984998703003,2.9714648723602295,2.8927156925201416,2.9056589603424072,2.9754552841186523,2.967898368835449,3.2174291610717773,3.2156753540039062
B2,2.551194906234741,2.417605400085449,2.1189939975738525,2.221754789352417,1.9339669942855835,2.0252153873443604,1.8863972425460815,1.718544602394104,1.6418699026107788,1.376114010810852,1.522225260734558,1.2922636270523071,1.5609838962554932,1.433802604675293,1.7327615022659302,0.3894226551055908,0.0,0.39287522435188293,0.6548681259155273,1.0312999486923218,1.3571255207061768,1.6210697889328003,1.5352810621261597,1.635558843612671,1.3738148212432861,1.5923843383789062,1.490759015083313,1.763903021812439,1.7735719680786133,2.051159143447876,1.5219495296478271,1.4885783195495605,1.4726005792617798,1.4607349634170532,1.6286064386367798,1.6707088947296143,1.8857110738754272,1.746673345565796,1.9282667636871338,1.7683848142623901,1.935947060585022,1.9409936666488647,2.1614668369293213,2.2717413902282715,2.497035503387451,2.526773691177368,2.5719242095947266,2.43829607963562,2.3668627738952637,2.420550584793091,2.278146505355835,2.3648743629455566,2.1904220581054688,2.3576834201812744,2.315582752227783,2.405088186264038,2.494866371154785,2.626347541809082,2.843073844909668,3.0083518028259277,3.3599853515625,3.4329066276550293,3.331669807434082,3.2630105018615723,3.239154577255249,2.9840381145477295,3.002916097640991,2.802818536758423,2.963115692138672,2.926769495010376,2.9765915870666504,3.0855183601379395,3.113298177719116,3.3900668621063232,3.4231185913085938
B3,2.391834259033203,2.243654727935791,1.9132559299468994,1.9616055488586426,1.6378268003463745,1.6883761882781982,1.5362308025360107,1.4061135053634644,1.3248697519302368,1.1160749197006226,1.3084840774536133,1.1589645147323608,1.4833694696426392,1.4422314167022705,1.7921078205108643,0.6284012794494629,0.39287522435188293,0.0,0.3735920190811157,0.6814795136451721,0.9935769438743591,1.2355750799179077,1.160685420036316,1.2735261917114258,1.047911524772644,1.3210002183914185,1.2888602018356323,1.6145917177200317,1.68648362159729,2.0104634761810303,1.4156899452209473,1.3523149490356445,1.2405879497528076,1.1950743198394775,1.2986431121826172,1.3030660152435303,1.498313546180725,1.3594114780426025,1.5607008934020996,1.43583083152771,1.6379001140594482,1.6962673664093018,1.9549076557159424,2.108196496963501,2.3728585243225098,2.322384834289551,2.3438849449157715,2.1670289039611816,2.0788328647613525,2.091890335083008,1.922999620437622,1.9869563579559326,1.8123325109481812,1.9924275875091553,1.9802497625350952,2.0915420055389404,2.2185823917388916,2.3796944618225098,2.6235580444335938,2.8225207328796387,3.088879346847534,3.141239881515503,3.0125839710235596,2.92872953414917,2.8813090324401855,2.615708827972412,2.621070623397827,2.423771619796753,2.5963234901428223,2.581031322479248,2.6480376720428467,2.7825400829315186,2.8344502449035645,3.1314682960510254,3.1955606937408447
B4,2.2133467197418213,2.0178167819976807,1.6753195524215698,1.7033958435058594,1.377813458442688,1.4684104919433594,1.3858493566513062,1.3211629390716553,1.332340121269226,1.2000343799591064,1.472577452659607,1.4078917503356934,1.7632761001586914,1.772660732269287,2.1252572536468506,0.9636204242706299,0.6548681259155273,0.3735920190811157,0.0,0.402931809425354,0.7361695170402527,1.0543670654296875,1.07552969455719,1.287834882736206,1.1650245189666748,1.4932777881622314,1.543234944343567,1.8914352655410767,2.0054514408111572,2.3423821926116943,1.6904796361923218,1.5651265382766724,1.391502857208252,1.248968482017517,1.2623796463012695,1.178336262702942,1.3758875131607056,1.3041343688964844,1.5767430067062378,1.5376882553100586,1.7825933694839478,1.9059075117111206,2.1897692680358887,2.377631902694702,2.662588596343994,2.5276877880096436,2.5049450397491455,2.2832388877868652,2.144977331161499,2.097271203994751,1.8738489151000977,1.9120993614196777,1.7787210941314697,2.002889633178711,2.0584001541137695,2.2014100551605225,2.38010311126709,2.5669567584991455,2.8385655879974365,3.061394453048706,3.239335298538208,3.2570009231567383,3.091750383377075,2.971343755722046,2.881293773651123,2.5827691555023193,2.5578596591949463,2.381007671356201,2.5843489170074463,2.62309193611145,2.7090375423431396,2.8883156776428223,2.9584131240844727,3.2816224098205566,3.369208335876465
B5,2.1889164447784424,1.9694801568984985,1.6004515886306763,1.5411403179168701,1.1720702648162842,1.2040125131607056,1.1356570720672607,1.1742042303085327,1.2055354118347168,1.192224144935608,1.4937118291854858,1.5200555324554443,1.8900558948516846,1.9600900411605835,2.3345251083374023,1.3053265810012817,1.0312999486923218,0.6814795136451721,0.402931809425354,0.0,0.38483160734176636,0.702464759349823,0.8277347087860107,1.0802562236785889,1.065817952156067,1.4345273971557617,1.5599011182785034,1.933259129524231,2.0896434783935547,2.4527769088745117,1.7354307174682617,1.571950912475586,1.3125263452529907,1.10932195186615,1.0044318437576294,0.831782877445221,1.0092307329177856,0.9953790307044983,1.3181759119033813,1.356611967086792,1.6470446586608887,1.8288631439208984,2.1460719108581543,2.363880157470703,2.6812801361083984,2.4269917011260986,2.3641841411590576,2.0962204933166504,1.9249471426010132,1.8168402910232544,1.5522513389587402,1.5625275373458862,1.4617481231689453,1.7217106819152832,1.8308378458023071,2.0134053230285645,2.234022855758667,2.458432674407959,2.7477846145629883,3.006119966506958,3.054701328277588,3.037121534347534,2.8397507667541504,2.6902146339416504,2.56809663772583,2.2500510215759277,2.2090470790863037,2.055104970932007,2.2880656719207764,2.36517596244812,2.4839041233062744,2.6959073543548584,2.8027164936065674,3.1430368423461914,3.2696962356567383
B6,1.9722352027893066,1.7514928579330444,1.37315034866333,1.2470459938049316,0.8554927706718445,0.8362799882888794,0.7943770289421082,0.918254017829895,1.0183049440383911,1.1148381233215332,1.4490827322006226,1.573910117149353,1.9501410722732544,2.092242956161499,2.4664371013641357,1.5872634649276733,1.3571255207061768,0.9935769438743591,0.7361695170402527,0.38483160734176636,0.0,0.37908244132995605,0.5893863439559937,0.9205069541931152,1.035378336906433,1.4004408121109009,1.6157550811767578,1.9819926023483276,2.1991312503814697,2.562263250350952,1.9542665481567383,1.8108839988708496,1.4999799728393555,1.30078125,1.088331699371338,0.7994830012321472,0.8355218172073364,0.8245837092399597,1.1655656099319458,1.3032989501953125,1.581279993057251,1.8337311744689941,2.1427688598632812,2.4081032276153564,2.7280869483947754,2.503864049911499,2.437345266342163,2.133535861968994,1.963266134262085,1.7880487442016602,1.4782090187072754,1.3997856378555298,1.2895522117614746,1.5387556552886963,1.7154207229614258,1.888514518737793,2.1616551876068115,2.384647846221924,2.706570625305176,2.9736907482147217,2.9921367168426514,2.9638330936431885,2.7282302379608154,2.5727128982543945,2.400911331176758,2.0758609771728516,1.9781770706176758,1.810738444328308,2.038648843765259,2.1619455814361572,2.2730226516723633,2.524445056915283,2.6325299739837646,2.9931161403656006,3.1356048583984375
B7,2.04427170753479,1.8569092750549316,1.4854985475540161,1.2927426099777222,0.898554265499115,0.719097375869751,0.5901896953582764,0.8075217008590698,0.8593871593475342,1.0706843137741089,1.371212124824524,1.5666594505310059,1.9231921434402466,2.115285634994507,2.4918830394744873,1.7954494953155518,1.6210697889328003,1.2355750799179077,1.0543670654296875,0.702464759349823,0.37908244132995605,0.0,0.3759842813014984,0.6756439208984375,0.9108065962791443,1.249766230583191,1.5244046449661255,1.8791399002075195,2.132478713989258,2.498257875442505,1.9511587619781494,1.8309732675552368,1.4797008037567139,1.3126728534698486,1.0321067571640015,0.705355703830719,0.5734542012214661,0.5255270004272461,0.8589423298835754,1.076911211013794,1.349184513092041,1.6491779088974,1.9581279754638672,2.2488322257995605,2.5780630111694336,2.3355298042297363,2.267927646636963,1.9416930675506592,1.788540244102478,1.5722905397415161,1.250411033630371,1.1012907028198242,0.9615782499313354,1.1947438716888428,1.4132381677627563,1.5903712511062622,1.89509916305542,2.1300601959228516,2.464357614517212,2.7478392124176025,2.7047836780548096,2.668267250061035,2.4107677936553955,2.2581698894500732,2.062812328338623,1.7450532913208008,1.621341347694397,1.438704490661621,1.6646350622177124,1.8057917356491089,1.9275832176208496,2.1975064277648926,2.326040029525757,2.693244457244873,2.8613293170928955
B8,1.9651669263839722,1.841436505317688,1.4857146739959717,1.343957543373108,0.9777317047119141,0.7787342667579651,0.4943462908267975,0.5511542558670044,0.49433887004852295,0.7171702980995178,1.0027916431427002,1.2298052310943604,1.5772831439971924,1.801912546157837,2.1687557697296143,1.6327364444732666,1.5352810621261597,1.160685420036316,1.07552969455719,0.8277347087860107,0.5893863439559937,0.3759842813014984,0.0,0.3776845633983612,0.6102149486541748,0.9185380935668945,1.2234746217727661,1.5571374893188477,1.8403428792953491,2.1899454593658447,1.8323243856430054,1.7875173091888428,1.4599109888076782,1.3843016624450684,1.1692687273025513,0.9275022149085999,0.7778252959251404,0.5230925679206848,0.7238587737083435,0.888228714466095,1.0854939222335815,1.3921399116516113,1.6635042428970337,1.975415825843811,2.2805404663085938,2.2174105644226074,2.211637020111084,1.9145846366882324,1.8293594121932983,1.659031629562378,1.3873258829116821,1.2289537191390991,0.9783725142478943,1.1042795181274414,1.2683966159820557,1.3687334060668945,1.6642276048660278,1.853365421295166,2.2009658813476562,2.45640230178833,2.5628769397735596,2.578278064727783,2.3404910564422607,2.2440192699432373,2.0735175609588623,1.8018442392349243,1.6775120496749878,1.4237996339797974,1.5747888088226318,1.6617425680160522,1.7236262559890747,1.9691386222839355,2.052645683288574,2.4165024757385254,2.5539886951446533
B9,2.236011505126953,2.1543540954589844,1.814769983291626,1.6784982681274414,1.3320587873458862,1.0940907001495361,0.7612829208374023,0.7512590885162354,0.4831516444683075,0.7032886147499084,0.8518869876861572,1.0907351970672607,1.3894983530044556,1.6317226886749268,1.9955989122390747,1.6630947589874268,1.635558843612671,1.2735261917114258,1.287834882736206,1.0802562236785889,0.9205069541931152,0.6756439208984375,0.3776845633983612,0.0,0.37669041752815247,0.6124683022499084,0.9456266760826111,1.262318730354309,1.5589056015014648,1.9080908298492432,1.632338285446167,1.6413010358810425,1.3199790716171265,1.3300577402114868,1.1488960981369019,0.9991281628608704,0.8220176696777344,0.4555007815361023,0.4420238733291626,0.553439736366272,0.7100908160209656,1.034165382385254,1.3045005798339844,1.624002456665039,1.9351747035980225,1.9031368494033813,1.9315391778945923,1.6530739068984985,1.6273260116577148,1.4926124811172485,1.2836534976959229,1.1333303451538086,0.8060581088066101,0.8387498259544373,0.9338989853858948,1.0052523612976074,1.2885243892669678,1.4799540042877197,1.8242243528366089,2.0865533351898193,2.210475206375122,2.2522077560424805,2.0341591835021973,1.9772651195526123,1.8434756994247437,1.6174252033233643,1.5276930332183838,1.2425708770751953,1.3512128591537476,1.3691117763519287,1.4254047870635986,1.6351743936538696,1.7276414632797241,2.07888126373291,2.2236292362213135
B10,2.360020875930786,2.2933292388916016,1.958099365234375,1.8844091892242432,1.5406359434127808,1.3672486543655396,1.044058918952942,0.9230184555053711,0.6003198027610779,0.5930779576301575,0.658850908279419,0.7838227152824402,1.0853155851364136,1.2825262546539307,1.6580843925476074,1.3466540575027466,1.3738148212432861,1.047911524772644,1.1650245189666748,1.065817952156067,1.035378336906433,0.9108065962791443,0.6102149486541748,0.37669041752815247,0.0,0.3764825463294983,0.6173648238182068,0.9695980548858643,1.2329145669937134,1.5907353162765503,1.3460849523544312,1.4063061475753784,1.1437032222747803,1.2265890836715698,1.1605312824249268,1.113382339477539,1.0504701137542725,0.7029764652252197,0.668400764465332,0.5346765518188477,0.6456963419914246,0.852655291557312,1.1193777322769165,1.4013762474060059,1.7027827501296997,1.7654955387115479,1.8400827646255493,1.616844892501831,1.6285266876220703,1.582265853881836,1.43312668800354,1.368988037109375,1.0505424737930298,1.0728074312210083,1.0400030612945557,1.0761709213256836,1.2624210119247437,1.4223138093948364,1.731541395187378,1.9651440382003784,2.2216527462005615,2.303633213043213,2.1408138275146484,2.1160378456115723,2.0467443466186523,1.8458119630813599,1.8137500286102295,1.5385481119155884,1.6268329620361328,1.570870041847229,1.6046627759933472,1.7420860528945923,1.802579402923584,2.118356466293335,2.221745729446411
B11,2.5057644844055176,2.4908857345581055,2.183095693588257,2.1245639324188232,1.8133212327957153,1.6202312707901,1.2725995779037476,1.0989766120910645,0.7199256420135498,0.6739928722381592,0.5181393623352051,0.6590074300765991,0.8525071740150452,1.1048282384872437,1.4480900764465332,1.4770866632461548,1.5923843383789062,1.3210002183914185,1.4932777881622314,1.4345273971557617,1.4004408121109009,1.249766230583191,0.9185380935668945,0.6124683022499084,0.3764825463294983,0.0,0.3910922408103943,0.6543151140213013,0.9808931946754456,1.3075294494628906,1.3764761686325073,1.5291846990585327,1.3183257579803467,1.482240915298462,1.4521065950393677,1.4445769786834717,1.34894597530365,0.9836467504501343,0.8078362345695496,0.5988151431083679,0.46276476979255676,0.6189970970153809,0.7926335334777832,1.1086171865463257,1.3766374588012695,1.673802375793457,1.820392370223999,1.645967960357666,1.736789345741272,1.7295541763305664,1.6388611793518066,1.563598394393921,1.2104480266571045,1.1139562129974365,0.9924493432044983,0.9035874009132385,1.029784917831421,1.112858533859253,1.4249826669692993,1.6238086223602295,2.0456531047821045,2.185041666030884,2.0535495281219482,2.0941286087036133,2.057607412338257,1.9206011295318604,1.895554542541504,1.5884329080581665,1.593971610069275,1.4651832580566406,1.4338761568069458,1.5097278356552124,1.5219563245773315,1.8119821548461914,1.8842822313308716
B12,2.7809062004089355,2.7663848400115967,2.459350824356079,2.433485269546509,2.115649938583374,1.9565781354904175,1.621395468711853,1.430316686630249,1.0676182508468628,0.9156473278999329,0.699993371963501,0.6032928228378296,0.6949641108512878,0.8315487504005432,1.1807162761688232,1.3121286630630493,1.490759015083313,1.2888602018356323,1.543234944343567,1.5599011182785034,1.6157550811767578,1.5244046449661255,1.2234746217727661,0.9456266760826111,0.6173648238182068,0.3910922408103943,0.0,0.3841456472873688,0.6183631420135498,0.9755795001983643,1.0966262817382812,1.3232835531234741,1.2060078382492065,1.4450676441192627,1.518349289894104,1.5992640256881714,1.5800760984420776,1.2450103759765625,1.0863759517669678,0.7743929028511047,0.6452493071556091,0.5429438352584839,0.6800459623336792,0.8850394487380981,1.142965316772461,1.5124694108963013,1.7061285972595215,1.6048827171325684,1.7332662343978882,1.8117257356643677,1.782468557357788,1.7818042039871216,1.456604242324829,1.380071759223938,1.1756417751312256,1.0968414545059204,1.0911517143249512,1.1481589078903198,1.372828483581543,1.5385618209838867,2.0483105182647705,2.2172813415527344,2.1490273475646973,2.2121927738189697,2.240936040878296,2.125562906265259,2.1587440967559814,1.8802212476730347,1.8924819231033325,1.714117407798767,1.693698525428772,1.6966058015823364,1.7022411823272705,1.9324405193328857,1.972219467163086
B13,2.9730749130249023,3.000241756439209,2.718587875366211,2.7102718353271484,2.418558359146118,2.2540085315704346,1.9095450639724731,1.6871166229248047,1.3183327913284302,1.1515527963638306,0.8377582430839539,0.7145227193832397,0.5842599868774414,0.7278817296028137,0.984047532081604,1.5209243297576904,1.763903021812439,1.6145917177200317,1.8914352655410767,1.933259129524231,1.9819926023483276,1.8791399002075195,1.5571374893188477,1.262318730354309,0.9695980548858643,0.6543151140213013,0.3841456472873688,0.0,0.391510933637619,0.6584211587905884,1.2744125127792358,1.5703654289245605,1.5107396841049194,1.7868406772613525,1.877909779548645,1.9710965156555176,1.9318866729736328,1.5876657962799072,1.3778175115585327,1.0701977014541626,0.8275878429412842,0.6256186366081238,0.5189388990402222,0.6764665842056274,0.8301216959953308,1.5627905130386353,1.8262368440628052,1.785776138305664,1.973070502281189,2.081021785736084,2.0901238918304443,2.0810067653656006,1.743930697441101,1.6017403602600098,1.3528388738632202,1.1823605298995972,1.0842958688735962,1.018449068069458,1.190181016921997,1.2721298933029175,2.0135550498962402,2.242208480834961,2.2166659832000732,2.339277982711792,2.3993656635284424,2.3378241062164307,2.375269651412964,2.0821845531463623,2.0319783687591553,1.8017938137054443,1.7219821214675903,1.6512306928634644,1.59464693069458,1.7647885084152222,1.7470976114273071
