,A1,A2,A3,A4,A5,A6,A7,A8,A9,A10,A11,A12,A13,A14,A15,B1,B2,B3,B4,B5,B6,B7,B8,B9,B10,B11,B12,B13,B14,B15,C1,C2,C3,C4,C5,C6,C7,C8,C9,C10,C11,C12,C13,C14,C15,D1,D2,D3,D4,D5,D6,D7,D8,D9,D10,D11,D12,D13,D14,D15,E1,E2,E3,E4,E5,E6,E7,E8,E9,E10,E11,E12,E13,E14,E15
A1,0.0,0.40123695135116577,0.6128317713737488,0.9629311561584473,1.2574433088302612,1.40603506565094,1.5454225540161133,1.321615219116211,1.4982662200927734,1.2839488983154297,1.5024713277816772,1.4685192108154297,1.71880042552948,1.802573323249817,1.9941511154174805,1.4290227890014648,1.3971247673034668,1.3579694032669067,1.3103967905044556,1.6279672384262085,1.5979535579681396,1.8796839714050293,1.6922404766082764,1.8851449489593506,1.7719361782073975,1.9264159202575684,1.9569555521011353,2.140261173248291,2.278252363204956,2.4404077529907227,2.21014666557312,2.215404748916626,2.1163485050201416,2.0451643466949463,2.2631313800811768,2.092780828475952,2.324416399002075,2.1438188552856445,2.326953887939453,2.260298252105713,2.362156629562378,2.4195168018341064,2.5421063899993896,2.7128100395202637,2.8212685585021973,2.8510727882385254,2.898754119873047,2.767716884613037,2.687162399291992,2.8501877784729004,2.614527940750122,2.792531967163086,2.6296298503875732,2.7962045669555664,2.7597174644470215,2.822547197341919,2.9016218185424805,2.974764823913574,3.1887145042419434,3.2648258209228516,3.489522695541382,3.5943543910980225,3.4877660274505615,3.424081802368164,3.535317897796631,3.2383615970611572,3.343224048614502,3.1526732444763184,3.316270112991333,3.2634189128875732,3.2944295406341553,3.386880397796631,3.3842036724090576,3.60954213142395,3.6027581691741943
A2,0.40123695135116577,0.0,0.3913399875164032,0.6716088652610779,0.9746431708335876,1.1923937797546387,1.4019808769226074,1.2723388671875,1.5275137424468994,1.386946678161621,1.678330898284912,1.6859811544418335,1.98639714717865,2.0841596126556396,2.318657159805298,1.5669224262237549,1.4373348951339722,1.3478615283966064,1.1873948574066162,1.4530583620071411,1.408502221107483,1.7217390537261963,1.6098347902297974,1.872360110282898,1.8241243362426758,2.0440547466278076,2.1162452697753906,2.350908041000366,2.509669780731201,2.7147369384765625,2.313037157058716,2.254077911376953,2.115795373916626,1.9739570617675781,2.1443819999694824,1.9470218420028687,2.1823642253875732,2.059765338897705,2.2981491088867188,2.2879323959350586,2.444272518157959,2.543013334274292,2.7132086753845215,2.9077718257904053,3.0577456951141357,2.9441332817077637,2.9425296783447266,2.777252435684204,2.6455483436584473,2.765704393386841,2.50368332862854,2.669764518737793,2.5512845516204834,2.762894868850708,2.7752020359039307,2.8830931186676025,3.001084804534912,3.114696741104126,3.3526957035064697,3.4659152030944824,3.566070556640625,3.6332926750183105,3.495382308959961,3.3925201892852783,3.4700422286987305,3.1481666564941406,3.2393972873687744,3.0821428298950195,3.2808053493499756,3.2716143131256104,3.33573842048645,3.4662787914276123,3.494058609008789,3.750478506088257,3.775951385498047
A3,0.6128317713737488,0.3913399875164032,0.0,0.3932265341281891,0.6446711421012878,0.8282405734062195,1.0125781297683716,0.8982917070388794,1.1773860454559326,1.092816710472107,1.4257962703704834,1.492867350578308,1.8273884057998657,1.9716291427612305,2.2499327659606934,1.4609462022781372,1.3169224262237549,1.1311566829681396,0.9482265114784241,1.1664090156555176,1.059160590171814,1.3487499952316284,1.2315109968185425,1.5089906454086304,1.504347801208496,1.748538613319397,1.8690253496170044,2.13078236579895,2.32936429977417,2.5678794384002686,2.1248865127563477,2.0573959350585938,1.8672337532043457,1.7233703136444092,1.8561004400253296,1.6213657855987549,1.8262497186660767,1.6945503950119019,1.9358301162719727,1.9574675559997559,2.1257927417755127,2.262305974960327,2.452279806137085,2.6790413856506348,2.8562211990356445,2.7082605361938477,2.699216604232788,2.500275135040283,2.369640827178955,2.4623210430145264,2.1775524616241455,2.316863536834717,2.188275098800659,2.398491144180298,2.4336767196655273,2.548065185546875,2.694220781326294,2.8213229179382324,3.083244800567627,3.2176177501678467,3.286433219909668,3.3500161170959473,3.187883138656616,3.086843967437744,3.1427175998687744,2.8124828338623047,2.8819632530212402,2.7166080474853516,2.9122157096862793,2.919370412826538,2.9849138259887695,3.135867118835449,3.170872926712036,3.4470574855804443,3.489323377609253
A4,0.9629311561584473,0.6716088652610779,0.3932265341281891,0.0,0.39080557227134705,0.5628899335861206,0.8596795201301575,0.8767690062522888,1.2327280044555664,1.2685877084732056,1.6255533695220947,1.7604572772979736,2.104860544204712,2.286175012588501,2.5790328979492188,1.7777522802352905,1.5984450578689575,1.3537241220474243,1.0984174013137817,1.1950281858444214,0.9937821626663208,1.252807855606079,1.2098453044891357,1.5368975400924683,1.6289914846420288,1.8992063999176025,2.0799381732940674,2.3586766719818115,2.59346079826355,2.850320339202881,2.3657684326171875,2.266319751739502,2.026463508605957,1.8405190706253052,1.8948909044265747,1.6042253971099854,1.758853554725647,1.6729031801223755,1.9438830614089966,2.0419061183929443,2.2326016426086426,2.423759937286377,2.6322319507598877,2.893726348876953,3.091142177581787,2.8982536792755127,2.8618133068084717,2.6211659908294678,2.4629454612731934,2.4951963424682617,2.1710846424102783,2.258497476577759,2.156104564666748,2.3866326808929443,2.4831650257110596,2.6157150268554688,2.809722661972046,2.9525692462921143,3.2454354763031006,3.3993077278137207,3.4214394092559814,3.4645512104034424,3.2639787197113037,3.143019437789917,3.150475025177002,2.7962520122528076,2.821812629699707,2.672700881958008,2.8802926540374756,2.9382331371307373,3.0118799209594727,3.2042882442474365,3.2466487884521484,3.5526599884033203,3.6101346015930176
A5,1.2574433088302612,0.9746431708335876,0.6446711421012878,0.39080557227134705,0.0,0.38414466381073,0.6457520723342896,0.8046735525131226,1.1481153964996338,1.2442870140075684,1.6234962940216064,1.7717151641845703,2.141350507736206,2.3226139545440674,2.654050827026367,1.7451797723770142,1.5208293199539185,1.2238595485687256,0.9196585416793823,0.9006659984588623,0.6553102731704712,0.9147657752037048,0.9624837040901184,1.3297942876815796,1.47446608543396,1.7919248342514038,1.9945461750030518,2.3116331100463867,2.552820920944214,2.848483085632324,2.224386215209961,2.082573175430298,1.805506944656372,1.5825655460357666,1.578740119934082,1.2654329538345337,1.407561182975769,1.373035192489624,1.6822075843811035,1.8233544826507568,2.061098337173462,2.277740716934204,2.5285727977752686,2.7994327545166016,3.0370066165924072,2.707627534866333,2.633552074432373,2.365396499633789,2.1780946254730225,2.17111873626709,1.832532525062561,1.906882882118225,1.8394967317581177,2.1025304794311523,2.2325196266174316,2.4068779945373535,2.6248836517333984,2.8078553676605225,3.109931707382202,3.301236391067505,3.193307638168335,3.2055068016052246,2.9822959899902344,2.836878538131714,2.8193464279174805,2.4548356533050537,2.4733402729034424,2.3508172035217285,2.5849180221557617,2.6712284088134766,2.7792186737060547,2.995534658432007,3.074491024017334,3.3985488414764404,3.4940922260284424
A6,1.40603506565094,1.1923937797546387,0.8282405734062195,0.5628899335861206,0.38414466381073,0.0,0.36641618609428406,0.5818386077880859,0.9486088752746582,1.1457256078720093,1.5033032894134521,1.7264270782470703,2.0767054557800293,2.3123037815093994,2.6389763355255127,1.877060890197754,1.7071659564971924,1.371282935142517,1.1360706090927124,1.0836963653564453,0.7390055656433105,0.8456847071647644,0.8328461050987244,1.169942855834961,1.3806461095809937,1.6628022193908691,1.9223105907440186,2.217385768890381,2.5026535987854004,2.790548801422119,2.2921786308288574,2.1888325214385986,1.8814961910247803,1.7080925703048706,1.6720564365386963,1.318372130393982,1.365525722503662,1.2770872116088867,1.5392121076583862,1.719347357749939,1.9177075624465942,2.1758384704589844,2.402381181716919,2.7082130908966064,2.9365055561065674,2.7120308876037598,2.666126251220703,2.3758928775787354,2.227607250213623,2.1977992057800293,1.8379069566726685,1.8479106426239014,1.73091721534729,1.949544072151184,2.103214740753174,2.240386962890625,2.4871132373809814,2.644914388656616,2.9725069999694824,3.1539015769958496,3.1348352432250977,3.17156982421875,2.930129051208496,2.816361665725708,2.776318311691284,2.4123833179473877,2.382079601287842,2.219874382019043,2.414677143096924,2.5133209228515625,2.583860158920288,2.815844774246216,2.865945339202881,3.202252149581909,3.284424304962158
A7,1.5454225540161133,1.4019808769226074,1.0125781297683716,0.8596795201301575,0.6457520723342896,0.36641618609428406,0.0,0.37984347343444824,0.6636972427368164,0.9315977096557617,1.2687896490097046,1.5217987298965454,1.866924524307251,2.120216131210327,2.462679862976074,1.7512043714523315,1.6144533157348633,1.2478923797607422,1.0856651067733765,1.0004932880401611,0.6317552924156189,0.6028663516044617,0.5082871913909912,0.819632351398468,1.0728838443756104,1.3515403270721436,1.639866590499878,1.9391236305236816,2.2412309646606445,2.5429587364196777,2.0603463649749756,1.9773588180541992,1.6492193937301636,1.5221799612045288,1.472740650177002,1.1142055988311768,1.1100413799285889,0.9594319462776184,1.1877403259277344,1.3799256086349487,1.5709826946258545,1.8493468761444092,2.0811493396759033,2.400251865386963,2.641861915588379,2.4199161529541016,2.3871562480926514,2.0861501693725586,1.9697269201278687,1.938476800918579,1.5807750225067139,1.5719656944274902,1.4095038175582886,1.5999932289123535,1.7503000497817993,1.8785085678100586,2.134829521179199,2.296130418777466,2.631331205368042,2.8233227729797363,2.8026249408721924,2.8508851528167725,2.6054162979125977,2.5144994258880615,2.476877450942993,2.124037981033325,2.0872068405151367,1.89437735080719,2.068678140640259,2.1559865474700928,2.218257427215576,2.450984001159668,2.503679037094116,2.8442254066467285,2.9370834827423096
A8,1.321615219116211,1.2723388671875,0.8982917070388794,0.8767690062522888,0.8046735525131226,0.5818386077880859,0.37984347343444824,0.0,0.38313862681388855,0.6050164699554443,0.9352563619613647,1.2000559568405151,1.530311107635498,1.7993465662002563,2.1225790977478027,1.5432454347610474,1.4783729314804077,1.1401584148406982,1.0739421844482422,1.1119235754013062,0.821266233921051,0.8396638631820679,0.5663566589355469,0.7611611485481262,0.9063073992729187,1.1248778104782104,1.3953839540481567,1.6605970859527588,1.9656164646148682,2.2394282817840576,1.912576675415039,1.893172025680542,1.6032683849334717,1.5482925176620483,1.5837482213974,1.2748581171035767,1.3112748861312866,1.067219853401184,1.2154589891433716,1.31186842918396,1.4348721504211426,1.6747233867645264,1.8605784177780151,2.1713950634002686,2.3774302005767822,2.309813976287842,2.3322882652282715,2.068976402282715,2.007211446762085,2.042553663253784,1.722093105316162,1.7538635730743408,1.5311483144760132,1.66208016872406,1.7356469631195068,1.8041861057281494,2.016080856323242,2.130814552307129,2.4512784481048584,2.6054844856262207,2.7346889972686768,2.8283231258392334,2.620638370513916,2.57297945022583,2.5848727226257324,2.260782480239868,2.2548139095306396,2.019620418548584,2.150864839553833,2.1737849712371826,2.1922061443328857,2.3779940605163574,2.390551805496216,2.7025809288024902,2.75647234916687
A9,1.4982662200927734,1.5275137424468994,1.1773860454559326,1.2327280044555664,1.1481153964996338,0.9486088752746582,0.6636972427368164,0.38313862681388855,0.0,0.38343486189842224,0.6289341449737549,0.937654435634613,1.2442177534103394,1.5364781618118286,1.8673263788223267,1.42117178440094,1.4286259412765503,1.1027352809906006,1.158722996711731,1.208166241645813,0.9803276062011719,0.9162967801094055,0.5429282784461975,0.5168092250823975,0.6019747853279114,0.7562556266784668,1.0549005270004272,1.3067234754562378,1.6322931051254272,1.9105596542358398,1.6769731044769287,1.7124035358428955,1.4326550960540771,1.4672024250030518,1.5277315378189087,1.26799738407135,1.276768445968628,0.9489637613296509,0.9852843284606934,1.0165799856185913,1.079691767692566,1.3159191608428955,1.4836004972457886,1.804506778717041,2.010883092880249,2.016591787338257,2.08031964302063,1.8317065238952637,1.8334286212921143,1.9002063274383545,1.6180191040039062,1.6538914442062378,1.369809865951538,1.4296507835388184,1.4457223415374756,1.4681575298309326,1.6593998670578003,1.754464030265808,2.0735280513763428,2.223012924194336,2.41658616065979,2.542837619781494,2.3538315296173096,2.3508448600769043,2.390928030014038,2.1013412475585938,2.108264923095703,1.8322103023529053,1.917888879776001,1.8902350664138794,1.878741979598999,2.0348753929138184,2.032668113708496,2.332184076309204,2.381258249282837
A10,1.2839488983154297,1.386946678161621,1.092816710472107,1.2685877084732056,1.2442870140075684,1.1457256078720093,0.9315977096557617,0.6050164699554443,0.38343486189842224,0.0,0.38178595900535583,0.5962790250778198,0.9394364356994629,1.1975990533828735,1.5324938297271729,1.0911043882369995,1.1582204103469849,0.8967705965042114,1.045323133468628,1.208061695098877,1.0873832702636719,1.1222889423370361,0.7578878998756409,0.7173430919647217,0.5665351748466492,0.6792160272598267,0.8548139333724976,1.1015795469284058,1.380857229232788,1.6474591493606567,1.449052333831787,1.5250768661499023,1.3119322061538696,1.3889596462249756,1.5446149110794067,1.356661081314087,1.4532603025436401,1.1273751258850098,1.1591168642044067,1.0640461444854736,1.1053396463394165,1.235431432723999,1.3824564218521118,1.649351954460144,1.832525372505188,1.8817301988601685,1.9752217531204224,1.7840445041656494,1.8060001134872437,1.9469209909439087,1.715126633644104,1.826612949371338,1.5511590242385864,1.6111127138137817,1.5446381568908691,1.5568383932113647,1.6677167415618896,1.7463181018829346,2.0155205726623535,2.1399378776550293,2.3764493465423584,2.5201992988586426,2.382077217102051,2.389369010925293,2.487626552581787,2.223428726196289,2.2908108234405518,2.0235438346862793,2.1131885051727295,2.027989387512207,2.020918607711792,2.11807918548584,2.113982677459717,2.3683078289031982,2.3984062671661377
A11,1.5024713277816772,1.678330898284912,1.4257962703704834,1.6255533695220947,1.6234962940216064,1.5033032894134521,1.2687896490097046,0.9352563619613647,0.6289341449737549,0.38178595900535583,0.0,0.37941598892211914,0.6186366677284241,0.9396846294403076,1.2491036653518677,1.1529372930526733,1.3267947435379028,1.1352407932281494,1.3628547191619873,1.53489089012146,1.441184639930725,1.4319835901260376,1.0542305707931519,0.8829021453857422,0.645154595375061,0.5207558870315552,0.6402366757392883,0.7813995480537415,1.0877039432525635,1.3175251483917236,1.4093267917633057,1.5759917497634888,1.4146583080291748,1.5825649499893188,1.7622103691101074,1.6216120719909668,1.690091848373413,1.329195261001587,1.2528311014175415,1.0744941234588623,0.9857954978942871,1.0492275953292847,1.103018045425415,1.3624242544174194,1.4992927312850952,1.7795213460922241,1.9439870119094849,1.7967828512191772,1.8967304229736328,2.072486639022827,1.888572096824646,1.9950166940689087,1.6784542798995972,1.6549798250198364,1.5177887678146362,1.443507432937622,1.4937751293182373,1.5014580488204956,1.7470463514328003,1.8255572319030762,2.2484233379364014,2.44484543800354,2.3443989753723145,2.4108591079711914,2.54144287109375,2.3227686882019043,2.3959615230560303,2.0944812297821045,2.1223692893981934,1.977738380432129,1.9146640300750732,1.9543061256408691,1.9021295309066772,2.1152987480163574,2.105268716812134
A12,1.4685192108154297,1.6859811544418335,1.492867350578308,1.7604572772979736,1.7717151641845703,1.7264270782470703,1.5217987298965454,1.2000559568405151,0.937654435634613,0.5962790250778198,0.37941598892211914,0.0,0.3865562975406647,0.6025891900062561,0.9509432911872864,0.8632135391235352,1.1173008680343628,1.0315922498703003,1.3330625295639038,1.5668920278549194,1.5649683475494385,1.612012505531311,1.2634419202804565,1.1126079559326172,0.7776397466659546,0.6645624041557312,0.5502443313598633,0.6723737716674805,0.861283004283905,1.090522289276123,1.1725751161575317,1.382239818572998,1.3080065250396729,1.513833999633789,1.7647491693496704,1.6973055601119995,1.8293821811676025,1.4924566745758057,1.4317857027053833,1.1756800413131714,1.1039925813674927,1.0427632331848145,1.090733289718628,1.2519696950912476,1.3740200996398926,1.6275888681411743,1.811568260192871,1.7303357124328613,1.8432296514511108,2.0803191661834717,1.9505927562713623,2.1197657585144043,1.8288867473602295,1.8213739395141602,1.6274272203445435,1.5723278522491455,1.544293761253357,1.5591201782226562,1.7335542440414429,1.8002265691757202,2.187723398208618,2.386568307876587,2.3376338481903076,2.4042210578918457,2.58575701713562,2.3939895629882812,2.5231778621673584,2.245109796524048,2.289794683456421,2.1061599254608154,2.069705009460449,2.0604381561279297,2.031543254852295,2.1977827548980713,2.189763307571411
A13,1.71880042552948,1.98639714717865,1.8273884057998657,2.104860544204712,2.141350507736206,2.0767054557800293,1.866924524307251,1.530311107635498,1.2442177534103394,0.9394364356994629,0.6186366677284241,0.3865562975406647,0.0,0.3803509473800659,0.6403366327285767,1.1071516275405884,1.4218409061431885,1.3913514614105225,1.7104297876358032,1.9467846155166626,1.9462250471115112,1.9714025259017944,1.613351583480835,1.4139355421066284,1.080272912979126,0.8476940989494324,0.6557276844978333,0.5347965359687805,0.6651658415794373,0.777682363986969,1.3132437467575073,1.5959720611572266,1.5778056383132935,1.8327839374542236,2.091454029083252,2.048415184020996,2.159464120864868,1.808121681213379,1.6874600648880005,1.3971097469329834,1.2299717664718628,1.091066837310791,1.0046718120574951,1.1008490324020386,1.120766043663025,1.6866048574447632,1.936967134475708,1.9085382223129272,2.08074688911438,2.3389780521392822,2.2455055713653564,2.4057586193084717,2.0933637619018555,2.0270936489105225,1.7875498533248901,1.6593884229660034,1.5638689994812012,1.4929888248443604,1.6103793382644653,1.6011040210723877,2.2094624042510986,2.457362413406372,2.4522223472595215,2.570392370223999,2.7776806354522705,2.6268112659454346,2.7573444843292236,2.4586572647094727,2.452599048614502,2.2239482402801514,2.1368863582611084,2.066897392272949,1.9863296747207642,2.090391159057617,2.0276589393615723
A14,1.802573323249817,2.0841596126556396,1.9716291427612305,2.286175012588501,2.3226139545440674,2.3123037815093994,2.120216131210327,1.7993465662002563,1.5364781618118286,1.1975990533828735,0.9396846294403076,0.6025891900062561,0.3803509473800659,0.0,0.3981824815273285,0.9807304739952087,1.3446567058563232,1.4154624938964844,1.7686470746994019,2.0356740951538086,2.1039366722106934,2.165555953979492,1.8360832929611206,1.6564351320266724,1.2861230373382568,1.0981664657592773,0.8022967576980591,0.6860091090202332,0.5862780809402466,0.6545584797859192,1.17672598361969,1.4902359247207642,1.5628405809402466,1.8377350568771362,2.1426165103912354,2.1612260341644287,2.317042112350464,1.9935500621795654,1.89158034324646,1.5628881454467773,1.4297267198562622,1.2112669944763184,1.1391936540603638,1.1129640340805054,1.1138114929199219,1.6013942956924438,1.861188530921936,1.9013234376907349,2.078965187072754,2.3821723461151123,2.338503360748291,2.546086549758911,2.2629334926605225,2.2153420448303223,1.9424841403961182,1.8436484336853027,1.6921088695526123,1.642145037651062,1.6844438314437866,1.6708067655563354,2.1944377422332764,2.434985399246216,2.4796855449676514,2.5932321548461914,2.8419406414031982,2.7176477909088135,2.8943443298339844,2.6227660179138184,2.6353156566619873,2.382769823074341,2.3273520469665527,2.222825527191162,2.1742382049560547,2.237544298171997,2.1882011890411377
A15,1.9941511154174805,2.318657159805298,2.2499327659606934,2.5790328979492188,2.654050827026367,2.6389763355255127,2.462679862976074,2.1225790977478027,1.8673263788223267,1.5324938297271729,1.2491036653518677,0.9509432911872864,0.6403366327285767,0.3981824815273285,0.0,1.3118627071380615,1.6855156421661377,1.7886420488357544,2.1341991424560547,2.418159246444702,2.481344699859619,2.548513412475586,2.20955228805542,2.0258500576019287,1.6658819913864136,1.4449421167373657,1.1613047122955322,0.9512268304824829,0.792574942111969,0.6376312971115112,1.5116971731185913,1.8425229787826538,1.9465110301971436,2.226044178009033,2.53761625289917,2.558682918548584,2.7114903926849365,2.3816962242126465,2.263979196548462,1.93352210521698,1.7616606950759888,1.524205207824707,1.3735324144363403,1.2876135110855103,1.167529582977295,1.8872411251068115,2.176858901977539,2.2520852088928223,2.4501912593841553,2.7623653411865234,2.7310240268707275,2.934521436691284,2.6428632736206055,2.5718801021575928,2.285790205001831,2.148184299468994,1.9652420282363892,1.8549731969833374,1.845629096031189,1.7540704011917114,2.4464125633239746,2.7139976024627686,2.790897846221924,2.9308955669403076,3.1931111812591553,3.0887534618377686,3.264345645904541,2.9832382202148438,2.96958065032959,2.697634220123291,2.609254837036133,2.468874216079712,2.37915301322937,2.389482021331787,2.2863502502441406
B1,1.4290227890014648,1.5669224262237549,1.4609462022781372,1.7777522802352905,1.7451797723770142,1.877060890197754,1.7512043714523315,1.5432454347610474,1.42117178440094,1.0911043882369995,1.1529372930526733,0.8632135391235352,1.1071516275405884,0.9807304739952087,1.3118627071380615,0.0,0.3796870708465576,0.6123809218406677,0.9615683555603027,1.271423101425171,1.4769834280014038,1.6567820310592651,1.4542962312698364,1.4476181268692017,1.1199467182159424,1.2416143417358398,1.0411736965179443,1.2793325185775757,1.249934434890747,1.5171072483062744,0.8269641995429993,0.8916123509407043,0.968250036239624,1.0931235551834106,1.4549399614334106,1.5229119062423706,1.80286705493927,1.6009665727615356,1.6802366971969604,1.4241931438446045,1.5432859659194946,1.4266811609268188,1.614946722984314,1.6528723239898682,1.844413161277771,1.524247407913208,1.5836944580078125,1.5705747604370117,1.5696004629135132,1.8681026697158813,1.8078488111495972,2.1004879474639893,1.9383074045181274,2.058793783187866,1.873073697090149,1.9716614484786987,1.9198471307754517,2.060886859893799,2.1679036617279053,2.3067612648010254,2.2479255199432373,2.342090368270874,2.3293533325195312,2.295243501663208,2.519428014755249,2.328935384750366,2.556981325149536,2.3871607780456543,2.5420162677764893,2.380401372909546,2.472433567047119,2.471957206726074,2.559157371520996,2.7200047969818115,2.792055130004883
B2,1.3971247673034668,1.4373348951339722,1.3169224262237549,1.5984450578689575,1.5208293199539185,1.7071659564971924,1.6144533157348633,1.4783729314804077,1.4286259412765503,1.1582204103469849,1.3267947435379028,1.1173008680343628,1.4218409061431885,1.3446567058563232,1.6855156421661377,0.3796870708465576,0.0,0.38360926508903503,0.6589446067810059,0.96979159116745,1.2336686849594116,1.4613395929336548,1.3369070291519165,1.4149763584136963,1.1597397327423096,1.3835777044296265,1.2603360414505005,1.5592936277389526,1.571689486503601,1.8688504695892334,0.960578441619873,0.8646833300590515,0.8754008412361145,0.8630203604698181,1.216610074043274,1.2848780155181885,1.6084191799163818,1.4756395816802979,1.6355395317077637,1.4466474056243896,1.6499978303909302,1.5966377258300781,1.845603585243225,1.9195847511291504,2.152129650115967,1.6411995887756348,1.6127790212631226,1.5494160652160645,1.4562135934829712,1.715832233428955,1.6286218166351318,1.9368282556533813,1.8328559398651123,2.0206336975097656,1.8927745819091797,2.056924343109131,2.0572879314422607,2.2497591972351074,2.3881771564483643,2.567621946334839,2.347404956817627,2.3849120140075684,2.33260440826416,2.2379207611083984,2.428452968597412,2.2034530639648438,2.432755470275879,2.3065154552459717,2.5130228996276855,2.4018499851226807,2.5400378704071045,2.5865602493286133,2.710958957672119,2.908928632736206,3.015209674835205
B3,1.3579694032669067,1.3478615283966064,1.1311566829681396,1.3537241220474243,1.2238595485687256,1.371282935142517,1.2478923797607422,1.1401584148406982,1.1027352809906006,0.8967705965042114,1.1352407932281494,1.0315922498703003,1.3913514614105225,1.4154624938964844,1.7886420488357544,0.6123809218406677,0.38360926508903503,0.0,0.385817289352417,0.6648677587509155,0.875098466873169,1.0848416090011597,0.95659339427948,1.0676978826522827,0.8722010254859924,1.163496971130371,1.141853928565979,1.4866966009140015,1.5888370275497437,1.9170289039611816,1.0434484481811523,0.9270833730697632,0.7726328372955322,0.7080029249191284,0.9945096373558044,0.9718837738037109,1.2741200923919678,1.1261128187179565,1.3167343139648438,1.1875489950180054,1.4252687692642212,1.454838514328003,1.7331929206848145,1.879920482635498,2.139383554458618,1.6415451765060425,1.5997315645217896,1.44996976852417,1.3374227285385132,1.535787582397461,1.3761537075042725,1.645150065422058,1.5252577066421509,1.7296926975250244,1.652024507522583,1.8301408290863037,1.8927778005599976,2.1000077724456787,2.2936441898345947,2.4940836429595947,2.2787859439849854,2.3136823177337646,2.204948663711548,2.1036016941070557,2.2453651428222656,1.9816508293151855,2.1677448749542236,2.0260188579559326,2.238485097885132,2.1648294925689697,2.3014185428619385,2.392632246017456,2.5160655975341797,2.7547543048858643,2.871556043624878
B4,1.3103967905044556,1.1873948574066162,0.9482265114784241,1.0984174013137817,0.9196585416793823,1.1360706090927124,1.0856651067733765,1.0739421844482422,1.158722996711731,1.045323133468628,1.3628547191619873,1.3330625295639038,1.7104297876358032,1.7686470746994019,2.1341991424560547,0.9615683555603027,0.6589446067810059,0.385817289352417,0.0,0.3856161832809448,0.6177250742912292,0.9242081642150879,0.905391275882721,1.1439088582992554,1.0743976831436157,1.4153655767440796,1.4674582481384277,1.821428894996643,1.9568065404891968,2.2848079204559326,1.3943253755569458,1.213967204093933,1.008548378944397,0.7950371503829956,0.9724736213684082,0.8638611435890198,1.1868988275527954,1.1247299909591675,1.4054832458496094,1.3798158168792725,1.65958571434021,1.7535126209259033,2.047762632369995,2.2272090911865234,2.494947910308838,1.9522751569747925,1.8608253002166748,1.6652107238769531,1.4795547723770142,1.5987416505813599,1.3774493932724,1.618899941444397,1.5568217039108276,1.8218761682510376,1.8231539726257324,2.0370030403137207,2.154573678970337,2.3801684379577637,2.6049082279205322,2.8195383548736572,2.5467824935913086,2.5452723503112793,2.3945505619049072,2.247056722640991,2.3345394134521484,2.0280678272247314,2.182568311691284,2.077345132827759,2.3293514251708984,2.318044900894165,2.476606845855713,2.6157681941986084,2.750357151031494,3.021155834197998,3.149794578552246
B5,1.6279672384262085,1.4530583620071411,1.1664090156555176,1.1950281858444214,0.9006659984588623,1.0836963653564453,1.0004932880401611,1.1119235754013062,1.208166241645813,1.208061695098877,1.53489089012146,1.5668920278549194,1.9467846155166626,2.0356740951538086,2.418159246444702,1.271423101425171,0.96979159116745,0.6648677587509155,0.3856161832809448,0.0,0.3892013728618622,0.6618205308914185,0.7932719588279724,1.070886492729187,1.1115286350250244,1.4880955219268799,1.5982539653778076,1.9737684726715088,2.1377382278442383,2.491727590560913,1.5203430652618408,1.286912202835083,1.0047582387924194,0.7069129347801208,0.723847508430481,0.5395214557647705,0.8667865991592407,0.905228853225708,1.2458521127700806,1.3098098039627075,1.6414053440093994,1.7909901142120361,2.121392250061035,2.3284785747528076,2.6307613849639893,1.9708889722824097,1.8267649412155151,1.5735417604446411,1.3344502449035645,1.3661400079727173,1.0967395305633545,1.310237169265747,1.307043194770813,1.6217317581176758,1.6904709339141846,1.9532784223556519,2.1195740699768066,2.3837363719940186,2.632528066635132,2.8834753036499023,2.483916997909546,2.44161057472229,2.2445266246795654,2.0595109462738037,2.093202829360962,1.758080005645752,1.8872720003128052,1.8194336891174316,2.1065995693206787,2.149280548095703,2.3437278270721436,2.526073455810547,2.6935174465179443,2.9934444427490234,3.1577301025390625
B6,1.5979535579681396,1.408502221107483,1.059160590171814,0.9937821626663208,0.6553102731704712,0.7390055656433105,0.6317552924156189,0.821266233921051,0.9803276062011719,1.0873832702636719,1.441184639930725,1.5649683475494385,1.9462250471115112,2.1039366722106934,2.481344699859619,1.4769834280014038,1.2336686849594116,0.875098466873169,0.6177250742912292,0.3892013728618622,0.0,0.37437009811401367,0.5373270511627197,0.8956595063209534,1.0509783029556274,1.4225746393203735,1.6166324615478516,1.9789284467697144,2.204371452331543,2.549140214920044,1.7402961254119873,1.5591174364089966,1.2358626127243042,1.0010625123977661,0.9435467720031738,0.6147302389144897,0.7911049723625183,0.7849689722061157,1.1359999179840088,1.2832623720169067,1.5878334045410156,1.8049824237823486,2.1136209964752197,2.372987747192383,2.6634929180145264,2.142472982406616,2.0314059257507324,1.7404693365097046,1.538170337677002,1.5168100595474243,1.181233525276184,1.2887612581253052,1.2376843690872192,1.5346490144729614,1.6598666906356812,1.891577124595642,2.1089346408843994,2.348242998123169,2.63901686668396,2.8787810802459717,2.591827869415283,2.5751218795776367,2.343801498413086,2.184318780899048,2.1721930503845215,1.813576579093933,1.8661563396453857,1.7586779594421387,2.02111554145813,2.099693775177002,2.2578699588775635,2.4745113849639893,2.6099512577056885,2.9359893798828125,3.0839576721191406
B7,1.8796839714050293,1.7217390537261963,1.3487499952316284,1.252807855606079,0.9147657752037048,0.8456847071647644,0.6028663516044617,0.8396638631820679,0.9162967801094055,1.1222889423370361,1.4319835901260376,1.612012505531311,1.9714025259017944,2.165555953979492,2.548513412475586,1.6567820310592651,1.4613395929336548,1.0848416090011597,0.9242081642150879,0.6618205308914185,0.37437009811401367,0.0,0.3847176134586334,0.6926061511039734,0.9601268172264099,1.3140462636947632,1.564249873161316,1.919659972190857,2.1785929203033447,2.532566547393799,1.7735313177108765,1.6129319667816162,1.2487424612045288,1.0689910650253296,0.9211419820785522,0.5409070253372192,0.5242089033126831,0.49786999821662903,0.8506101369857788,1.087052822113037,1.3927295207977295,1.664109468460083,1.9775722026824951,2.267522096633911,2.572934865951538,2.059690475463867,1.9523415565490723,1.6223667860031128,1.448070764541626,1.368067979812622,0.9978858828544617,1.0141334533691406,0.9293080568313599,1.2180246114730835,1.3976240158081055,1.633105993270874,1.8942954540252686,2.1421849727630615,2.457326889038086,2.713784694671631,2.4119455814361572,2.397000789642334,2.13193678855896,1.9884546995162964,1.9361026287078857,1.5701006650924683,1.5693894624710083,1.4369200468063354,1.6874265670776367,1.7979673147201538,1.9532582759857178,2.201136350631714,2.3422558307647705,2.689131736755371,2.854311227798462
B8,1.6922404766082764,1.6098347902297974,1.2315109968185425,1.2098453044891357,0.9624837040901184,0.8328461050987244,0.5082871913909912,0.5663566589355469,0.5429282784461975,0.7578878998756409,1.0542305707931519,1.2634419202804565,1.613351583480835,1.8360832929611206,2.20955228805542,1.4542962312698364,1.3369070291519165,0.95659339427948,0.905391275882721,0.7932719588279724,0.5373270511627197,0.3847176134586334,0.0,0.3838331699371338,0.6400412917137146,0.9739133715629578,1.2463154792785645,1.5833280086517334,1.8653961420059204,2.2024986743927,1.6088752746582031,1.5272456407546997,1.182603359222412,1.1087055206298828,1.0714353322982788,0.7568199634552002,0.7620225548744202,0.5086683630943298,0.7344039678573608,0.8917840719223022,1.1328874826431274,1.4002783298492432,1.6776503324508667,1.9808977842330933,2.2600767612457275,1.920616626739502,1.8839499950408936,1.5815839767456055,1.4888715744018555,1.486812949180603,1.1581900119781494,1.1967841386795044,0.9914649128913879,1.181265115737915,1.2846729755401611,1.4464125633239746,1.6839879751205444,1.885732650756836,2.2045042514801025,2.428706407546997,2.3032376766204834,2.348557233810425,2.1153995990753174,2.034939765930176,2.032299280166626,1.700477123260498,1.7134971618652344,1.5044280290603638,1.6857718229293823,1.7286622524261475,1.8221344947814941,2.0335910320281982,2.1270341873168945,2.45853328704834,2.5862486362457275
B9,1.8851449489593506,1.872360110282898,1.5089906454086304,1.5368975400924683,1.3297942876815796,1.169942855834961,0.819632351398468,0.7611611485481262,0.5168092250823975,0.7173430919647217,0.8829021453857422,1.1126079559326172,1.4139355421066284,1.6564351320266724,2.0258500576019287,1.4476181268692017,1.4149763584136963,1.0676978826522827,1.1439088582992554,1.070886492729187,0.8956595063209534,0.6926061511039734,0.3838331699371338,0.0,0.39049866795539856,0.6571090221405029,0.9714908599853516,1.2883328199386597,1.5928096771240234,1.9308332204818726,1.4580607414245605,1.4457169771194458,1.1135889291763306,1.1627501249313354,1.1502364873886108,0.9180511832237244,0.8577749729156494,0.48311489820480347,0.4745575189590454,0.5759228467941284,0.7610750794410706,1.0570790767669678,1.3235491514205933,1.6461524963378906,1.9291478395462036,1.6747785806655884,1.6895129680633545,1.3957806825637817,1.3927648067474365,1.4208524227142334,1.1446666717529297,1.165513277053833,0.86123126745224,0.9346223473548889,0.9754447340965271,1.083543062210083,1.3188837766647339,1.5060760974884033,1.8336641788482666,2.0581772327423096,2.005722999572754,2.0927112102508545,1.8724652528762817,1.852941870689392,1.8761364221572876,1.5878726243972778,1.6015452146530151,1.3289413452148438,1.4424384832382202,1.4288620948791504,1.4825717210769653,1.6717902421951294,1.7499231100082397,2.0766537189483643,2.203218698501587
B10,1.7719361782073975,1.8241243362426758,1.504347801208496,1.6289914846420288,1.47446608543396,1.3806461095809937,1.0728838443756104,0.9063073992729187,0.6019747853279114,0.5665351748466492,0.645154595375061,0.7776397466659546,1.080272912979126,1.2861230373382568,1.6658819913864136,1.1199467182159424,1.1597397327423096,0.8722010254859924,1.0743976831436157,1.1115286350250244,1.0509783029556274,0.9601268172264099,0.6400412917137146,0.39049866795539856,0.0,0.38197028636932373,0.61058509349823,0.9596445560455322,1.2325758934020996,1.5795146226882935,1.126616358757019,1.1792221069335938,0.9092767238616943,1.0564320087432861,1.1669539213180542,1.0408726930618286,1.0877500772476196,0.7279993295669556,0.6686719655990601,0.5023161172866821,0.6304473280906677,0.805057168006897,1.0706439018249512,1.3517879247665405,1.6290326118469238,1.4171814918518066,1.483210563659668,1.2550702095031738,1.3071221113204956,1.4406557083129883,1.2454755306243896,1.3613250255584717,1.0618839263916016,1.0983781814575195,0.996489942073822,1.0648722648620605,1.1922328472137451,1.359822154045105,1.6389696598052979,1.8438984155654907,1.8529971837997437,1.9745844602584839,1.8189313411712646,1.8303768634796143,1.933390736579895,1.6913714408874512,1.7798959016799927,1.5091943740844727,1.6032336950302124,1.498792290687561,1.5406752824783325,1.6470412015914917,1.7158739566802979,1.9905741214752197,2.09700345993042
B11,1.9264159202575684,2.0440547466278076,1.748538613319397,1.8992063999176025,1.7919248342514038,1.6628022193908691,1.3515403270721436,1.1248778104782104,0.7562556266784668,0.6792160272598267,0.5207558870315552,0.6645624041557312,0.8476940989494324,1.0981664657592773,1.4449421167373657,1.2416143417358398,1.3835777044296265,1.163496971130371,1.4153655767440796,1.4880955219268799,1.4225746393203735,1.3140462636947632,0.9739133715629578,0.6571090221405029,0.38197028636932373,0.0,0.3769289255142212,0.6342933773994446,0.9650372862815857,1.2836580276489258,1.1731224060058594,1.3341377973556519,1.136452078819275,1.3658180236816406,1.4968960285186768,1.4039725065231323,1.414013147354126,1.0386966466903687,0.8530072569847107,0.6029457449913025,0.4689640700817108,0.5811023116111755,0.7422879338264465,1.0543235540390015,1.296223521232605,1.3747793436050415,1.5336403846740723,1.3597168922424316,1.507086992263794,1.6694533824920654,1.5248817205429077,1.6150093078613281,1.274075984954834,1.1944540739059448,1.0099600553512573,0.9376171827316284,0.9976302981376648,1.0736323595046997,1.349163293838501,1.510290503501892,1.7625035047531128,1.9541581869125366,1.8388705253601074,1.9268429279327393,2.058548927307129,1.8702715635299683,1.9491153955459595,1.6355218887329102,1.6428148746490479,1.469862461090088,1.4266819953918457,1.4680676460266113,1.470462679862976,1.70991849899292,1.772425651550293
B12,1.9569555521011353,2.1162452697753906,1.8690253496170044,2.0799381732940674,1.9945461750030518,1.9223105907440186,1.639866590499878,1.3953839540481567,1.0549005270004272,0.8548139333724976,0.6402366757392883,0.5502443313598633,0.6557276844978333,0.8022967576980591,1.1613047122955322,1.0411736965179443,1.2603360414505005,1.141853928565979,1.4674582481384277,1.5982539653778076,1.6166324615478516,1.564249873161316,1.2463154792785645,0.9714908599853516,0.61058509349823,0.3769289255142212,0.0,0.3833834230899811,0.6233388185501099,0.97525554895401,0.9044795036315918,1.1488206386566162,1.0574496984481812,1.354567050933838,1.5628446340560913,1.5537605285644531,1.6265946626663208,1.2813748121261597,1.1140638589859009,0.7739149332046509,0.6390736103057861,0.4965462386608124,0.6204687356948853,0.8154304027557373,1.0549983978271484,1.1585557460784912,1.3712538480758667,1.2875640392303467,1.4771907329559326,1.716630220413208,1.645033359527588,1.8005176782608032,1.4891411066055298,1.4145362377166748,1.1523371934890747,1.0800371170043945,1.0087707042694092,1.0675804615020752,1.2449029684066772,1.3843159675598145,1.6492894887924194,1.8626813888549805,1.8187223672866821,1.9252110719680786,2.122572422027588,1.9784049987792969,2.1185741424560547,1.8291642665863037,1.8397835493087769,1.610818862915039,1.5827001333236694,1.5459305047988892,1.5596086978912354,1.7275831699371338,1.7801895141601562
B13,2.140261173248291,2.350908041000366,2.13078236579895,2.3586766719818115,2.3116331100463867,2.217385768890381,1.9391236305236816,1.6605970859527588,1.3067234754562378,1.1015795469284058,0.7813995480537415,0.6723737716674805,0.5347965359687805,0.6860091090202332,0.9512268304824829,1.2793325185775757,1.5592936277389526,1.4866966009140015,1.821428894996643,1.9737684726715088,1.9789284467697144,1.919659972190857,1.5833280086517334,1.2883328199386597,0.9596445560455322,0.6342933773994446,0.3833834230899811,0.0,0.38456881046295166,0.6540620923042297,1.1306300163269043,1.439054012298584,1.4050323963165283,1.7235422134399414,1.9372384548187256,1.93320894241333,1.9863433837890625,1.6305006742477417,1.4188541173934937,1.0828344821929932,0.8348018527030945,0.6148555278778076,0.47485053539276123,0.6063704490661621,0.7325767874717712,1.2893564701080322,1.5760141611099243,1.550334095954895,1.7914224863052368,2.0406007766723633,1.9945743083953857,2.1304397583007812,1.8007980585098267,1.6656334400177002,1.3725171089172363,1.2010129690170288,1.0506163835525513,0.9742648601531982,1.0876281261444092,1.130289912223816,1.712802767753601,1.986472725868225,1.9891024827957153,2.1534454822540283,2.3688337802886963,2.2654435634613037,2.395045280456543,2.0840396881103516,2.03415846824646,1.7631943225860596,1.6640033721923828,1.5562703609466553,1.4937403202056885,1.5891977548599243,1.5716853141784668
