,A1,A2,A3,A4,A5,A6,A7,A8,A9,A10,A11,A12,A13,A14,A15,B1,B2,B3,B4,B5,B6,B7,B8,B9,B10,B11,B12,B13,B14,B15,C1,C2,C3,C4,C5,C6,C7,C8,C9,C10,C11,C12,C13,C14,C15,D1,D2,D3,D4,D5,D6,D7,D8,D9,D10,D11,D12,D13,D14,D15,E1,E2,E3,E4,E5,E6,E7,E8,E9,E10,E11,E12,E13,E14,E15
A1,0.0,0.3885916471481323,0.6127468943595886,0.9775126576423645,1.2427942752838135,1.4568618535995483,1.5302613973617554,1.2768683433532715,1.219634771347046,0.855022668838501,0.9817456603050232,0.7772139310836792,1.0564488172531128,1.0525487661361694,1.3760145902633667,0.6793087720870972,0.8023534417152405,0.8530505299568176,1.0727133750915527,1.422481656074524,1.4761039018630981,1.6592144966125488,1.3791669607162476,1.4128302335739136,1.1217634677886963,1.2532695531845093,1.1552363634109497,1.3721431493759155,1.4494822025299072,1.6985626220703125,1.31355619430542,1.4106076955795288,1.3814564943313599,1.5056307315826416,1.8049246072769165,1.7483829259872437,1.9380944967269897,1.6545659303665161,1.7480283975601196,1.5367069244384766,1.6496624946594238,1.6038661003112793,1.7683957815170288,1.873017430305481,2.0696616172790527,1.9872146844863892,2.09183406829834,1.9915746450424194,2.0579049587249756,2.2813198566436768,2.131286144256592,2.283940315246582,2.0311965942382812,2.158451557159424,2.008218765258789,2.093003988265991,2.0868849754333496,2.205202341079712,2.3439295291900635,2.4752774238586426,2.582698345184326,2.7373523712158203,2.6400539875030518,2.730269193649292,2.8642079830169678,2.693566083908081,2.7257189750671387,2.488276958465576,2.6426475048065186,2.5074594020843506,2.5786383152008057,2.5980074405670166,2.665306568145752,2.837277889251709,2.863494396209717
A2,0.3885916471481323,0.0,0.38636916875839233,0.6694573760032654,0.9582678079605103,1.212734341621399,1.3659077882766724,1.1791350841522217,1.2355180978775024,0.9397806525230408,1.18466317653656,1.0795512199401855,1.4020246267318726,1.4339778423309326,1.7628287076950073,0.8774725794792175,0.8256440162658691,0.8088964819908142,0.8849388957023621,1.2448512315750122,1.272686243057251,1.5195316076278687,1.2959200143814087,1.4357935190200806,1.2227665185928345,1.441931128501892,1.422629475593567,1.687288761138916,1.7985304594039917,2.069488763809204,1.5085663795471191,1.5161381959915161,1.429697036743164,1.455852746963501,1.7283464670181274,1.6196849346160889,1.842849612236023,1.6104464530944824,1.7854934930801392,1.6447229385375977,1.818129539489746,1.838219165802002,2.045367479324341,2.1868693828582764,2.4094598293304443,2.1870086193084717,2.2357678413391113,2.087756633758545,2.0889410972595215,2.271979331970215,2.0714690685272217,2.2295384407043457,2.0228164196014404,2.209960699081421,2.120400905609131,2.24623441696167,2.2972700595855713,2.4485983848571777,2.6245577335357666,2.780449390411377,2.774446725845337,2.891549587249756,2.752872943878174,2.798485279083252,2.89797043800354,2.6813013553619385,2.7045814990997314,2.5043840408325195,2.7025363445281982,2.6192026138305664,2.715209484100342,2.783264398574829,2.869403123855591,3.077889919281006,3.123865842819214
A3,0.6127468943595886,0.38636916875839233,0.0,0.38409411907196045,0.6482383608818054,0.8524730801582336,0.9826369881629944,0.8008784651756287,0.9051014184951782,0.6850829124450684,1.009896159172058,1.0332304239273071,1.3965634107589722,1.5212876796722412,1.872815489768982,0.998229444026947,0.9210209846496582,0.7302297353744507,0.7507168054580688,1.0338168144226074,0.9706545472145081,1.1887139081954956,0.9524083733558655,1.1370744705200195,1.0012370347976685,1.2556853294372559,1.337396502494812,1.6298414468765259,1.8166389465332031,2.1095688343048096,1.5318965911865234,1.5297825336456299,1.3496540784835815,1.3600504398345947,1.561394453048706,1.387299656867981,1.5650578737258911,1.327163815498352,1.5229897499084473,1.4456555843353271,1.6234172582626343,1.7185178995132446,1.938288927078247,2.1421942710876465,2.379349708557129,2.1474599838256836,2.191875457763672,1.9881922006607056,1.9890166521072388,2.1160387992858887,1.8761051893234253,1.9828675985336304,1.771876573562622,1.9629979133605957,1.9215476512908936,2.0382790565490723,2.1445541381835938,2.297294855117798,2.522181749343872,2.6872801780700684,2.6791839599609375,2.7961018085479736,2.6175403594970703,2.6652510166168213,2.718975305557251,2.488154411315918,2.4653375148773193,2.2585642337799072,2.453352212905884,2.404698371887207,2.484929084777832,2.591463804244995,2.6677606105804443,2.9103403091430664,2.960803508758545
A4,0.9775126576423645,0.6694573760032654,0.38409411907196045,0.0,0.389803946018219,0.5798893570899963,0.8349789381027222,0.7693944573402405,1.021674394607544,0.9336323738098145,1.2919209003448486,1.3835833072662354,1.74749755859375,1.8973740339279175,2.244786024093628,1.3423736095428467,1.1931676864624023,0.9579257965087891,0.8185243010520935,1.016892671585083,0.8592391014099121,1.1190268993377686,0.9696329236030579,1.2594834566116333,1.2328627109527588,1.5197160243988037,1.6622295379638672,1.9645191431045532,2.1775028705596924,2.474104642868042,1.8400832414627075,1.7865381240844727,1.5593042373657227,1.4886374473571777,1.6232624053955078,1.3780322074890137,1.5532816648483276,1.3819741010665894,1.6431918144226074,1.6499067544937134,1.8536847829818726,2.005361557006836,2.23887038230896,2.4728217124938965,2.7172744274139404,2.426248550415039,2.434513807296753,2.190378189086914,2.14333438873291,2.2131762504577637,1.923133134841919,2.0061094760894775,1.8449430465698242,2.0773870944976807,2.102728843688965,2.236565113067627,2.3942923545837402,2.5586323738098145,2.8149261474609375,2.9887301921844482,2.926154851913452,3.0169591903686523,2.8008782863616943,2.8155739307403564,2.824225902557373,2.555534839630127,2.5052435398101807,2.3337643146514893,2.5554697513580322,2.5619213581085205,2.648624897003174,2.799851179122925,2.878925323486328,3.1514296531677246,3.2097530364990234
A5,1.2427942752838135,0.9582678079605103,0.6482383608818054,0.389803946018219,0.0,0.3831581175327301,0.6246898174285889,0.7381261587142944,0.9998462200164795,1.0248520374298096,1.4041945934295654,1.5420589447021484,1.9228614568710327,2.087836265563965,2.458233594894409,1.4384331703186035,1.2286221981048584,0.9226377010345459,0.6777993440628052,0.7318567037582397,0.5071223378181458,0.7982720732688904,0.7634177207946777,1.1198574304580688,1.186707854270935,1.5229860544204712,1.7153832912445068,2.05312180519104,2.284376621246338,2.6137495040893555,1.8251689672470093,1.7165945768356323,1.4320051670074463,1.2978248596191406,1.3542659282684326,1.0616663694381714,1.232127070426941,1.1280280351638794,1.444687008857727,1.5252363681793213,1.7764488458633423,1.9799153804779053,2.2537684440612793,2.5125317573547363,2.792015314102173,2.3457396030426025,2.309675931930542,2.0238540172576904,1.9357346296310425,1.9498066902160645,1.627605676651001,1.693750023841858,1.5794358253479004,1.851899266242981,1.9348827600479126,2.1071228981018066,2.3127479553222656,2.515113592147827,2.7979300022125244,3.0076329708099365,2.7994418144226074,2.854804277420044,2.603083372116089,2.5850765705108643,2.5558767318725586,2.261871814727783,2.1974003314971924,2.060783624649048,2.3124594688415527,2.3660638332366943,2.4808084964752197,2.6734514236450195,2.782797336578369,3.0832302570343018,3.1778640747070312
A6,1.4568618535995483,1.212734341621399,0.8524730801582336,0.5798893570899963,0.3831581175327301,0.0,0.3698106110095978,0.5546078681945801,0.9105802178382874,1.049877643585205,1.409312129020691,1.6282100677490234,1.9898513555526733,2.2127883434295654,2.5684807300567627,1.7020765542984009,1.5426819324493408,1.2059719562530518,1.0128929615020752,0.9849982857704163,0.6468279957771301,0.7872154712677002,0.7392579913139343,1.1041646003723145,1.2560659646987915,1.5492665767669678,1.8040574789047241,2.1140003204345703,2.392587184906006,2.7038817405700684,2.051462173461914,1.9784773588180542,1.663235068321228,1.5606566667556763,1.5540522336959839,1.2179086208343506,1.2832094430923462,1.1706366539001465,1.4608956575393677,1.597817301750183,1.7994111776351929,2.049159288406372,2.2903103828430176,2.5877645015716553,2.8455886840820312,2.514758348464966,2.5039379596710205,2.1965882778167725,2.1372275352478027,2.1067757606506348,1.7682512998580933,1.7541478872299194,1.626028060913086,1.863695740699768,1.9851104021072388,2.109076738357544,2.3483798503875732,2.515981435775757,2.828826904296875,3.016364812850952,2.9101548194885254,2.985226631164551,2.7150213718414307,2.719357490539551,2.6498613357543945,2.3619987964630127,2.236769676208496,2.0816853046417236,2.2991318702697754,2.378647565841675,2.447143316268921,2.6621885299682617,2.733086347579956,3.050658702850342,3.1234853267669678
A7,1.5302613973617554,1.3659077882766724,0.9826369881629944,0.8349789381027222,0.6246898174285889,0.3698106110095978,0.0,0.3836251497268677,0.6693337559700012,0.9235289096832275,1.2471181154251099,1.5213747024536133,1.8678067922592163,2.124777317047119,2.4809863567352295,1.686321496963501,1.5669742822647095,1.1955339908599854,1.0716359615325928,0.9704499840736389,0.6172630190849304,0.5706652402877808,0.4773569405078888,0.814913272857666,1.0464587211608887,1.3154302835464478,1.6196657419204712,1.9225069284439087,2.2302262783050537,2.545363187789917,1.9332473278045654,1.8860552310943604,1.542711853981018,1.485826849937439,1.4319629669189453,1.0970083475112915,1.0664992332458496,0.9147586226463318,1.1642895936965942,1.3418586254119873,1.5171558856964111,1.8052949905395508,2.0399491786956787,2.3636586666107178,2.624403715133667,2.3143303394317627,2.320526123046875,1.998921513557434,1.9757317304611206,1.9206384420394897,1.593051552772522,1.52150297164917,1.3579994440078735,1.5568610429763794,1.696528673171997,1.7946577072143555,2.0587940216064453,2.2189176082611084,2.5516269207000732,2.7428205013275146,2.651211977005005,2.7389073371887207,2.45998477935791,2.489823818206787,2.4024622440338135,2.137695074081421,1.9780749082565308,1.7918145656585693,1.9776307344436646,2.062152624130249,2.1078455448150635,2.3352842330932617,2.396919012069702,2.725977897644043,2.8041205406188965
A8,1.2768683433532715,1.1791350841522217,0.8008784651756287,0.7693944573402405,0.7381261587142944,0.5546078681945801,0.3836251497268677,0.0,0.39530953764915466,0.6095104217529297,0.9151740670204163,1.2024694681167603,1.5324833393096924,1.807453989982605,2.146470069885254,1.509726643562317,1.4684638977050781,1.1266179084777832,1.1117628812789917,1.1246895790100098,0.8470738530158997,0.8221611380577087,0.538897693157196,0.7468791007995605,0.8766193985939026,1.0832927227020264,1.3699063062667847,1.638195514678955,1.9522449970245361,2.2407774925231934,1.8056316375732422,1.8274621963500977,1.5246144533157349,1.550379753112793,1.5735045671463013,1.295792818069458,1.2798292636871338,1.025564432144165,1.1851255893707275,1.2682676315307617,1.376879096031189,1.6225075721740723,1.8121135234832764,2.1269960403442383,2.3552229404449463,2.222926616668701,2.286257266998291,2.0040831565856934,2.0410215854644775,2.0474352836608887,1.7631274461746216,1.7124536037445068,1.4776372909545898,1.6133803129196167,1.6750965118408203,1.7181122303009033,1.9308269023895264,2.045142412185669,2.358323097229004,2.5133392810821533,2.5927252769470215,2.727221727371216,2.487816572189331,2.5658533573150635,2.523267984390259,2.298149347305298,2.1565136909484863,1.917173981666565,2.0560226440429688,2.073864459991455,2.080059766769409,2.255913734436035,2.279844284057617,2.579813003540039,2.619081735610962
A9,1.219634771347046,1.2355180978775024,0.9051014184951782,1.021674394607544,0.9998462200164795,0.9105802178382874,0.6693337559700012,0.39530953764915466,0.0,0.3848402798175812,0.6041201949119568,0.929019570350647,1.2389665842056274,1.5313102006912231,1.8713687658309937,1.3336982727050781,1.364166021347046,1.0383707284927368,1.1430892944335938,1.1617697477340698,0.9766043424606323,0.8737037181854248,0.504693865776062,0.47096461057662964,0.5521484017372131,0.6974472403526306,1.0121631622314453,1.273867130279541,1.603806972503662,1.898411750793457,1.532684326171875,1.609052300453186,1.3226572275161743,1.435859203338623,1.4770756959915161,1.271224021911621,1.2187355756759644,0.8852885961532593,0.9264594912528992,0.945980966091156,1.0000784397125244,1.2399523258209229,1.4191362857818604,1.7421225309371948,1.9746108055114746,1.8949776887893677,1.9980535507202148,1.7383140325546265,1.837178349494934,1.8741199970245361,1.644708514213562,1.589733362197876,1.2916436195373535,1.3558809757232666,1.3587119579315186,1.3639209270477295,1.5512627363204956,1.6539345979690552,1.9633574485778809,2.1207566261291504,2.2472715377807617,2.4113035202026367,2.196967840194702,2.317732810974121,2.3038675785064697,2.1263210773468018,1.99580979347229,1.7094712257385254,1.8029087781906128,1.7672827243804932,1.7536107301712036,1.8961931467056274,1.9145952463150024,2.2009589672088623,2.2417588233947754
A10,0.855022668838501,0.9397806525230408,0.6850829124450684,0.9336323738098145,1.0248520374298096,1.049877643585205,0.9235289096832275,0.6095104217529297,0.3848402798175812,0.0,0.37936100363731384,0.5993814468383789,0.9516469240188599,1.2048289775848389,1.557503342628479,1.021173119544983,1.1085978746414185,0.8535632491111755,1.045349359512329,1.1879178285598755,1.0928690433502197,1.094905138015747,0.7255905270576477,0.6751924157142639,0.502038836479187,0.6306378245353699,0.8134320378303528,1.08137845993042,1.3644417524337769,1.6573920249938965,1.3275234699249268,1.4413491487503052,1.2264662981033325,1.3809760808944702,1.5224666595458984,1.3773515224456787,1.4107664823532104,1.0646920204162598,1.098580241203308,0.9860876798629761,1.0418206453323364,1.167439579963684,1.3387882709503174,1.6030458211898804,1.8269398212432861,1.7959944009780884,1.922324538230896,1.71705162525177,1.8301987648010254,1.9436966180801392,1.7503364086151123,1.7698893547058105,1.4644056558609009,1.5336437225341797,1.4525854587554932,1.471195101737976,1.5731337070465088,1.672052264213562,1.9245930910110474,2.0696070194244385,2.2383246421813965,2.4165518283843994,2.2484118938446045,2.3766093254089355,2.4230217933654785,2.259016990661621,2.1870124340057373,1.9007147550582886,2.003110885620117,1.9104957580566406,1.9176990985870361,2.000448226928711,2.0283830165863037,2.2687857151031494,2.2971813678741455
A11,0.9817456603050232,1.18466317653656,1.009896159172058,1.2919209003448486,1.4041945934295654,1.409312129020691,1.2471181154251099,0.9151740670204163,0.6041201949119568,0.37936100363731384,0.0,0.3823668658733368,0.6373069882392883,0.9545918107032776,1.2736170291900635,1.0965652465820312,1.2904776334762573,1.1053211688995361,1.3657517433166504,1.5080074071884155,1.44123375415802,1.3937969207763672,1.0199577808380127,0.8344273567199707,0.6005402207374573,0.47159990668296814,0.5957529544830322,0.7607407569885254,1.0761200189590454,1.3314719200134277,1.313552975654602,1.516859531402588,1.358373999595642,1.591546893119812,1.7437539100646973,1.6500803232192993,1.644705057144165,1.273094892501831,1.1917669773101807,1.0055804252624512,0.9262361526489258,0.978026270866394,1.0557122230529785,1.3133946657180786,1.4923444986343384,1.7118035554885864,1.907300591468811,1.7523401975631714,1.9366389513015747,2.077711343765259,1.939607858657837,1.942578911781311,1.5989874601364136,1.5796222686767578,1.4310646057128906,1.3649556636810303,1.397498607635498,1.4245628118515015,1.6490490436553955,1.7494243383407593,2.1244659423828125,2.3529794216156006,2.2290446758270264,2.411853790283203,2.4852912425994873,2.376375198364258,2.30487322807312,1.9804844856262207,2.0155131816864014,1.8636680841445923,1.8174184560775757,1.8386156558990479,1.8197126388549805,2.018784284591675,2.0078136920928955
A12,0.7772139310836792,1.0795512199401855,1.0332304239273071,1.3835833072662354,1.5420589447021484,1.6282100677490234,1.5213747024536133,1.2024694681167603,0.929019570350647,0.5993814468383789,0.3823668658733368,0.0,0.38633978366851807,0.6073748469352722,0.9632568359375,0.8487151265144348,1.1248042583465576,1.0563443899154663,1.3775538206100464,1.5926820039749146,1.6044518947601318,1.615799903869629,1.2609080076217651,1.0860459804534912,0.7518963813781738,0.6354724168777466,0.5017684102058411,0.6384086608886719,0.8392800688743591,1.0987675189971924,1.1264406442642212,1.3727543354034424,1.3102866411209106,1.5760701894760132,1.8027701377868652,1.7714128494262695,1.8263500928878784,1.4640836715698242,1.386387586593628,1.1171892881393433,1.0609335899353027,0.9779689908027649,1.0482707023620605,1.200960636138916,1.373901128768921,1.6062023639678955,1.8190295696258545,1.7303838729858398,1.9239599704742432,2.130711793899536,2.0346462726593018,2.0995893478393555,1.7639576196670532,1.7543164491653442,1.5443732738494873,1.5082155466079712,1.4567621946334839,1.494156002998352,1.6396186351776123,1.7361867427825928,2.0977275371551514,2.3298916816711426,2.2558066844940186,2.4389302730560303,2.5683534145355225,2.4757163524627686,2.4600579738616943,2.1467111110687256,2.1947402954101562,2.0006279945373535,1.9877104759216309,1.9567238092422485,1.9639568328857422,2.112103223800659,2.1046037673950195
A13,1.0564488172531128,1.4020246267318726,1.3965634107589722,1.74749755859375,1.9228614568710327,1.9898513555526733,1.8678067922592163,1.5324833393096924,1.2389665842056274,0.9516469240188599,0.6373069882392883,0.38633978366851807,0.0,0.37890416383743286,0.6400259733200073,1.1055476665496826,1.4336774349212646,1.4156880378723145,1.7529423236846924,1.9653527736663818,1.9820630550384521,1.9689393043518066,1.6100568771362305,1.3884530067443848,1.0658265352249146,0.8335211873054504,0.6122899651527405,0.48750025033950806,0.6267581582069397,0.775240957736969,1.287907361984253,1.5959930419921875,1.5901503562927246,1.893517255783081,2.122738838195801,2.1196129322052,2.1511948108673096,1.7818578481674194,1.6437748670578003,1.3466391563415527,1.1964067220687866,1.0252007246017456,0.957240104675293,1.033766269683838,1.1092778444290161,1.6758384704589844,1.9474334716796875,1.9171768426895142,2.159315824508667,2.3852593898773193,2.3307385444641113,2.384406328201294,2.0324060916900635,1.9627760648727417,1.7090309858322144,1.60553777217865,1.4759247303009033,1.428125262260437,1.5037529468536377,1.5271409749984741,2.128129482269287,2.4030983448028564,2.3802499771118164,2.6056478023529053,2.7597219944000244,2.7130448818206787,2.700357437133789,2.3663835525512695,2.361382007598877,2.121969699859619,2.0641002655029297,1.967800498008728,1.9273459911346436,2.011127233505249,1.9531245231628418
A14,1.0525487661361694,1.4339778423309326,1.5212876796722412,1.8973740339279175,2.087836265563965,2.2127883434295654,2.124777317047119,1.807453989982605,1.5313102006912231,1.2048289775848389,0.9545918107032776,0.6073748469352722,0.37890416383743286,0.0,0.3947872519493103,1.0136524438858032,1.3805233240127563,1.4642775058746338,1.8235418796539307,2.075993776321411,2.1522316932678223,2.1789169311523438,1.841199278831482,1.6338764429092407,1.2729939222335815,1.0897170305252075,0.7712457180023193,0.6534637808799744,0.54976886510849,0.6647416949272156,1.2012267112731934,1.5265414714813232,1.6108659505844116,1.9232771396636963,2.201767921447754,2.249086380004883,2.325840950012207,1.9736377000808716,1.84804105758667,1.5117831230163574,1.4029793739318848,1.1563022136688232,1.1075360774993896,1.0582283735275269,1.1265554428100586,1.6310100555419922,1.9028162956237793,1.936594009399414,2.17484450340271,2.449798107147217,2.431793212890625,2.5354793071746826,2.200138807296753,2.146566390991211,1.858966588973999,1.7955129146575928,1.6132529973983765,1.5936397314071655,1.5934474468231201,1.6249617338180542,2.141500949859619,2.406017541885376,2.428391695022583,2.644108533859253,2.8442113399505615,2.8101043701171875,2.8463499546051025,2.5307741165161133,2.543475389480591,2.280303955078125,2.261183261871338,2.132727861404419,2.12846040725708,2.1723225116729736,2.1328721046447754
A15,1.3760145902633667,1.7628287076950073,1.872815489768982,2.244786024093628,2.458233594894409,2.5684807300567627,2.4809863567352295,2.146470069885254,1.8713687658309937,1.557503342628479,1.2736170291900635,0.9632568359375,0.6400259733200073,0.3947872519493103,0.0,1.3797327280044556,1.7510160207748413,1.8557463884353638,2.213301181793213,2.4706051349639893,2.540506601333618,2.5600974559783936,2.2146718502044678,1.9944926500320435,1.6453180313110352,1.4208946228027344,1.108238697052002,0.8803451657295227,0.6986562609672546,0.5659419298171997,1.5293772220611572,1.8706778287887573,1.9841500520706177,2.305654525756836,2.5853161811828613,2.6402952671051025,2.7064578533172607,2.349869728088379,2.2000129222869873,1.860615849494934,1.7058309316635132,1.4300330877304077,1.2909895181655884,1.1650524139404297,1.1031825542449951,1.8828116655349731,2.1839640140533447,2.258155584335327,2.518277406692505,2.8022470474243164,2.804793357849121,2.901306629180908,2.558842182159424,2.4741504192352295,2.169342279434204,2.06447696685791,1.8388490676879883,1.7539186477661133,1.686295509338379,1.6373428106307983,2.348816394805908,2.638334035873413,2.700937271118164,2.9409961700439453,3.1565442085266113,3.1507153511047363,3.1878416538238525,2.862093210220337,2.8418476581573486,2.5545966625213623,2.503000497817993,2.3305952548980713,2.2864701747894287,2.2715349197387695,2.1832756996154785
B1,0.6793087720870972,0.8774725794792175,0.998229444026947,1.3423736095428467,1.4384331703186035,1.7020765542984009,1.686321496963501,1.509726643562317,1.3336982727050781,1.021173119544983,1.0965652465820312,0.8487151265144348,1.1055476665496826,1.0136524438858032,1.3797327280044556,0.0,0.3759717643260956,0.5988191962242126,0.949247419834137,1.246925711631775,1.4465159177780151,1.5817410945892334,1.3578448295593262,1.291754126548767,0.9502642154693604,1.0975043773651123,0.907233715057373,1.1897010803222656,1.1841920614242554,1.5175881385803223,0.6666296124458313,0.7589080333709717,0.8400087356567383,1.0447317361831665,1.3957339525222778,1.4779235124588013,1.6818432807922363,1.420888900756836,1.4592748880386353,1.1760952472686768,1.3451896905899048,1.2324272394180298,1.4779618978500366,1.5271012783050537,1.8062222003936768,1.3756890296936035,1.4503024816513062,1.401425838470459,1.481418251991272,1.7679786682128906,1.7074261903762817,1.9164237976074219,1.6751433610916138,1.7891590595245361,1.5829477310180664,1.7331359386444092,1.6839931011199951,1.88010573387146,1.9807312488555908,2.186833143234253,2.011181116104126,2.133384943008423,2.068661689758301,2.1488378047943115,2.3364994525909424,2.204744815826416,2.3048720359802246,2.084815740585327,2.247556209564209,2.077519416809082,2.2139387130737305,2.2083630561828613,2.351806640625,2.506356716156006,2.603348970413208
B2,0.8023534417152405,0.8256440162658691,0.9210209846496582,1.1931676864624023,1.2286221981048584,1.5426819324493408,1.5669742822647095,1.4684638977050781,1.364166021347046,1.1085978746414185,1.2904776334762573,1.1248042583465576,1.4336774349212646,1.3805233240127563,1.7510160207748413,0.3759717643260956,0.0,0.3853108882904053,0.6490892767906189,0.9658711552619934,1.215618371963501,1.4075610637664795,1.2589792013168335,1.282885193824768,1.0169609785079956,1.2696822881698608,1.170092225074768,1.5000213384628296,1.5315675735473633,1.8805896043777466,0.8139867782592773,0.7206854224205017,0.729774534702301,0.798261284828186,1.1635633707046509,1.2358434200286865,1.4995009899139404,1.3036365509033203,1.4316717386245728,1.2223808765411377,1.4780014753341675,1.4411802291870117,1.7385072708129883,1.8245909214019775,2.1317834854125977,1.4982705116271973,1.4810484647750854,1.3743950128555298,1.3569656610488892,1.613747000694275,1.5111559629440308,1.7550302743911743,1.5730338096618652,1.7631574869155884,1.6215412616729736,1.8362447023391724,1.8505384922027588,2.093545436859131,2.23058819770813,2.4693334102630615,2.1189124584198,2.182939052581787,2.0718936920166016,2.0885581970214844,2.2477757930755615,2.064877986907959,2.1769745349884033,2.0072436332702637,2.228635549545288,2.114262104034424,2.294528007507324,2.341810941696167,2.51883602142334,2.7105259895324707,2.838427782058716
B3,0.8530505299568176,0.8088964819908142,0.7302297353744507,0.9579257965087891,0.9226377010345459,1.2059719562530518,1.1955339908599854,1.1266179084777832,1.0383707284927368,0.8535632491111755,1.1053211688995361,1.0563443899154663,1.4156880378723145,1.4642775058746338,1.8557463884353638,0.5988191962242126,0.3853108882904053,0.0,0.3808022141456604,0.6566510200500488,0.8568432927131653,1.0295906066894531,0.8773790597915649,0.9423574805259705,0.7431389689445496,1.0676419734954834,1.086497187614441,1.454524040222168,1.5795196294784546,1.9452656507492065,0.9250988960266113,0.8286731243133545,0.6411876678466797,0.6701993942260742,0.954483687877655,0.9354293942451477,1.1719903945922852,0.9588472247123718,1.1315051317214966,0.9924808144569397,1.2767555713653564,1.3367220163345337,1.6531846523284912,1.8179919719696045,2.1360340118408203,1.5260465145111084,1.506839632987976,1.309792399406433,1.286220908164978,1.4660274982452393,1.2936737537384033,1.4852796792984009,1.2910290956497192,1.503915548324585,1.4218122959136963,1.6354382038116455,1.721597671508789,1.9680434465408325,2.16689395904541,2.4120304584503174,2.081234931945801,2.1485226154327393,1.9798698425292969,1.9981050491333008,2.0967507362365723,1.884513020515442,1.9395084381103516,1.7580841779708862,1.9868823289871216,1.9153177738189697,2.0808937549591064,2.177402973175049,2.3429994583129883,2.577556848526001,2.7069079875946045
B4,1.0727133750915527,0.8849388957023621,0.7507168054580688,0.8185243010520935,0.6777993440628052,1.0128929615020752,1.0716359615325928,1.1117628812789917,1.1430892944335938,1.045349359512329,1.3657517433166504,1.3775538206100464,1.7529423236846924,1.8235418796539307,2.213301181793213,0.949247419834137,0.6490892767906189,0.3808022141456604,0.0,0.390685111284256,0.6081759333610535,0.8848848938941956,0.8517639636993408,1.0555901527404785,0.9836669564247131,1.3483569622039795,1.4324524402618408,1.8054630756378174,1.953743815422058,2.3185875415802,1.2609913349151611,1.0857634544372559,0.8485907912254333,0.6928170323371887,0.8907310962677002,0.7760815620422363,1.0719033479690552,0.9603402614593506,1.2414458990097046,1.2128300666809082,1.5321999788284302,1.6541621685028076,1.9821956157684326,2.1735520362854004,2.4965226650238037,1.813768982887268,1.7367908954620361,1.4930486679077148,1.3820912837982178,1.4878137111663818,1.2425925731658936,1.4361059665679932,1.3207467794418335,1.6060484647750854,1.6085633039474487,1.8533109426498413,1.9967949390411377,2.2593319416046143,2.487671375274658,2.74307918548584,2.3301913738250732,2.3549976348876953,2.1426563262939453,2.1055257320404053,2.153926134109497,1.8853760957717896,1.925428032875061,1.800496220588684,2.0781548023223877,2.0739798545837402,2.259857416152954,2.407039165496826,2.583616256713867,2.8490636348724365,2.99102520942688
B5,1.422481656074524,1.2448512315750122,1.0338168144226074,1.016892671585083,0.7318567037582397,0.9849982857704163,0.9704499840736389,1.1246895790100098,1.1617697477340698,1.1879178285598755,1.5080074071884155,1.5926820039749146,1.9653527736663818,2.075993776321411,2.4706051349639893,1.246925711631775,0.9658711552619934,0.6566510200500488,0.390685111284256,0.0,0.38076353073120117,0.6085841655731201,0.7315754294395447,0.9676222801208496,1.0269055366516113,1.4059380292892456,1.5611389875411987,1.943481683731079,2.126924991607666,2.5056815147399902,1.3979870080947876,1.1864047050476074,0.863764226436615,0.6244996190071106,0.6349268555641174,0.4122132360935211,0.7241350412368774,0.7182162404060364,1.0627247095108032,1.1450082063674927,1.4953985214233398,1.6872859001159668,2.0364739894866943,2.264406681060791,2.6068577766418457,1.8222476243972778,1.7035032510757446,1.397782564163208,1.2418618202209473,1.249316930770874,0.9431322813034058,1.1042671203613281,1.0490128993988037,1.3824889659881592,1.4673781394958496,1.7423280477523804,1.948148488998413,2.23616361618042,2.4992780685424805,2.7795376777648926,2.252796173095703,2.243250608444214,1.980920433998108,1.9111454486846924,1.899429202079773,1.5972737073898315,1.6058722734451294,1.5181320905685425,1.8270183801651,1.884664535522461,2.09098219871521,2.288984537124634,2.485901117324829,2.782958745956421,2.953779935836792
B6,1.4761039018630981,1.272686243057251,0.9706545472145081,0.8592391014099121,0.5071223378181458,0.6468279957771301,0.6172630190849304,0.8470738530158997,0.9766043424606323,1.0928690433502197,1.44123375415802,1.6044518947601318,1.9820630550384521,2.1522316932678223,2.540506601333618,1.4465159177780151,1.215618371963501,0.8568432927131653,0.6081759333610535,0.38076353073120117,0.0,0.3661445379257202,0.5246506929397583,0.8732713460922241,1.0306828022003174,1.3970593214035034,1.6240131855010986,1.9894431829452515,2.2272164821624756,2.5893571376800537,1.6468496322631836,1.4932594299316406,1.1472216844558716,0.9735518097877502,0.9173784852027893,0.5793856978416443,0.7321174144744873,0.7008525729179382,1.0668994188308716,1.2214399576187134,1.524361252784729,1.7713425159454346,2.0884017944335938,2.3616557121276855,2.680356979370117,2.053130626678467,1.974349856376648,1.6476211547851562,1.5323538780212402,1.4876717329025269,1.1449693441390991,1.1920232772827148,1.113879680633545,1.4242229461669922,1.558398962020874,1.778692603111267,2.025149345397949,2.274402379989624,2.573887825012207,2.827554941177368,2.440399646759033,2.4599215984344482,2.176706314086914,2.1342413425445557,2.0739362239837646,1.7685177326202393,1.6964224576950073,1.5841178894042969,1.8642040491104126,1.9543099403381348,2.1081161499023438,2.3341851234436035,2.4870834350585938,2.8070356845855713,2.949956178665161
B7,1.6592144966125488,1.5195316076278687,1.1887139081954956,1.1190268993377686,0.7982720732688904,0.7872154712677002,0.5706652402877808,0.8221611380577087,0.8737037181854248,1.094905138015747,1.3937969207763672,1.615799903869629,1.9689393043518066,2.1789169311523438,2.5600974559783936,1.5817410945892334,1.4075610637664795,1.0295906066894531,0.8848848938941956,0.6085841655731201,0.3661445379257202,0.0,0.37812960147857666,0.6716208457946777,0.9454795718193054,1.2742271423339844,1.5587050914764404,1.9080504179000854,2.1800620555877686,2.5396475791931152,1.667889952659607,1.5479624271392822,1.1689376831054688,1.056335687637329,0.9070526957511902,0.5605433583259583,0.5031821727752686,0.45448365807533264,0.8069785833358765,1.050801157951355,1.3269068002700806,1.6285958290100098,1.9356505870819092,2.2417171001434326,2.5595452785491943,1.9622366428375244,1.9003652334213257,1.5474056005477905,1.4727845191955566,1.3727506399154663,1.0299652814865112,0.9702123403549194,0.8596248030662537,1.1415845155715942,1.3278948068618774,1.5243710279464722,1.8143301010131836,2.056420087814331,2.3836636543273926,2.640202522277832,2.2652761936187744,2.295161247253418,1.9898581504821777,1.9725275039672852,1.871982216835022,1.584612250328064,1.4506218433380127,1.3072021007537842,1.5605188608169556,1.678252935409546,1.8091585636138916,2.064023017883301,2.207951545715332,2.547210216522217,2.697300910949707
B8,1.3791669607162476,1.2959200143814087,0.9524083733558655,0.9696329236030579,0.7634177207946777,0.7392579913139343,0.4773569405078888,0.538897693157196,0.504693865776062,0.7255905270576477,1.0199577808380127,1.2609080076217651,1.6100568771362305,1.841199278831482,2.2146718502044678,1.3578448295593262,1.2589792013168335,0.8773790597915649,0.8517639636993408,0.7315754294395447,0.5246506929397583,0.37812960147857666,0.0,0.39101073145866394,0.6341307759284973,0.9493141174316406,1.2445908784866333,1.5799647569656372,1.8689508438110352,2.2132620811462402,1.4957078695297241,1.454289197921753,1.1011592149734497,1.0990227460861206,1.060707449913025,0.7946435809135437,0.7584302425384521,0.4931355118751526,0.727083683013916,0.8754604458808899,1.0957385301589966,1.3788195848464966,1.654953122138977,1.9660224914550781,2.2606117725372314,1.839585542678833,1.8467729091644287,1.5295108556747437,1.5353879928588867,1.5133116245269775,1.226319432258606,1.1841779947280884,0.9583821892738342,1.1498914957046509,1.2470580339431763,1.3796417713165283,1.6298468112945557,1.8302602767944336,2.1504087448120117,2.376209259033203,2.1838648319244385,2.271987199783325,2.006483316421509,2.052114248275757,2.001307725906372,1.764081597328186,1.641844630241394,1.4212247133255005,1.6097601652145386,1.651005744934082,1.7307251691818237,1.9380297660827637,2.040816307067871,2.360125780105591,2.4724931716918945
B9,1.4128302335739136,1.4357935190200806,1.1370744705200195,1.2594834566116333,1.1198574304580688,1.1041646003723145,0.814913272857666,0.7468791007995605,0.47096461057662964,0.6751924157142639,0.8344273567199707,1.0860459804534912,1.3884530067443848,1.6338764429092407,1.9944926500320435,1.291754126548767,1.282885193824768,0.9423574805259705,1.0555901527404785,0.9676222801208496,0.8732713460922241,0.6716208457946777,0.39101073145866394,0.0,0.3825836777687073,0.6213166117668152,0.9511606097221375,1.2684870958328247,1.572710633277893,1.9154027700424194,1.3006014823913574,1.331416368484497,1.0008083581924438,1.1208629608154297,1.099509358406067,0.9446591734886169,0.8390329480171204,0.47092732787132263,0.45991283655166626,0.5482883453369141,0.7104094624519348,1.0159670114517212,1.2842206954956055,1.6100705862045288,1.9067273139953613,1.553999662399292,1.6145074367523193,1.3192205429077148,1.4146486520767212,1.423986792564392,1.2156851291656494,1.1495141983032227,0.8291032314300537,0.9008384943008423,0.9285396933555603,1.0102388858795166,1.2491534948349,1.439422845840454,1.7638760805130005,1.9923983812332153,1.8614366054534912,1.990159511566162,1.7494901418685913,1.8558493852615356,1.8329702615737915,1.6611255407333374,1.5400387048721313,1.2501144409179688,1.3680044412612915,1.345168113708496,1.3928651809692383,1.5696614980697632,1.663723111152649,1.9739770889282227,2.088028907775879
B10,1.1217634677886963,1.2227665185928345,1.0012370347976685,1.2328627109527588,1.186707854270935,1.2560659646987915,1.0464587211608887,0.8766193985939026,0.5521484017372131,0.502038836479187,0.6005402207374573,0.7518963813781738,1.0658265352249146,1.2729939222335815,1.6453180313110352,0.9502642154693604,1.0169609785079956,0.7431389689445496,0.9836669564247131,1.0269055366516113,1.0306828022003174,0.9454795718193054,0.6341307759284973,0.3825836777687073,0.0,0.38053011894226074,0.6153461933135986,0.9694509506225586,1.2393689155578613,1.5944281816482544,0.9963850975036621,1.0931230783462524,0.8371388912200928,1.0494530200958252,1.1563811302185059,1.09113347530365,1.0870516300201416,0.717491865158081,0.6611150503158569,0.48771804571151733,0.6273074746131897,0.7994552850723267,1.076037049293518,1.3540410995483398,1.6540956497192383,1.3554997444152832,1.4615930318832397,1.2340962886810303,1.373653531074524,1.4863630533218384,1.3395543098449707,1.3618221282958984,1.0295606851577759,1.0749588012695312,0.9644986391067505,1.0386103391647339,1.1617271900177002,1.344284176826477,1.6116477251052856,1.8312160968780518,1.7672326564788818,1.9262303113937378,1.7470710277557373,1.8788257837295532,1.93430495262146,1.7948870658874512,1.7435550689697266,1.4464294910430908,1.5515233278274536,1.4418628215789795,1.4978665113449097,1.590504765510559,1.6862341165542603,1.9425926208496094,2.0404579639434814
B11,1.2532695531845093,1.441931128501892,1.2556853294372559,1.5197160243988037,1.5229860544204712,1.5492665767669678,1.3154302835464478,1.0832927227020264,0.6974472403526306,0.6306378245353699,0.47159990668296814,0.6354724168777466,0.8335211873054504,1.0897170305252075,1.4208946228027344,1.0975043773651123,1.2696822881698608,1.0676419734954834,1.3483569622039795,1.4059380292892456,1.3970593214035034,1.2742271423339844,0.9493141174316406,0.6213166117668152,0.38053011894226074,0.0,0.3823571801185608,0.6491385102272034,0.9762629270553589,1.299896478652954,1.0627061128616333,1.2655375003814697,1.0848582983016968,1.3635587692260742,1.471426010131836,1.4397730827331543,1.386131763458252,1.0119065046310425,0.822698175907135,0.5811796188354492,0.45859432220458984,0.5626918077468872,0.7424948811531067,1.0509684085845947,1.31624436378479,1.3157559633255005,1.511250615119934,1.3441169261932373,1.5673234462738037,1.6983678340911865,1.6090893745422363,1.5965508222579956,1.232008457183838,1.156831979751587,0.9693143367767334,0.9068173170089722,0.9525662064552307,1.047532558441162,1.3068755865097046,1.4860491752624512,1.6744438409805298,1.8990991115570068,1.7682521343231201,1.9683557748794556,2.044841766357422,1.9700382947921753,1.9061051607131958,1.5658575296401978,1.5789412260055542,1.4017443656921387,1.3771557807922363,1.400937795639038,1.4349721670150757,1.656624436378479,1.7131849527359009
B12,1.1552363634109497,1.422629475593567,1.337396502494812,1.6622295379638672,1.7153832912445068,1.8040574789047241,1.6196657419204712,1.3699063062667847,1.0121631622314453,0.8134320378303528,0.5957529544830322,0.5017684102058411,0.6122899651527405,0.7712457180023193,1.108238697052002,0.907233715057373,1.170092225074768,1.086497187614441,1.4324524402618408,1.5611389875411987,1.6240131855010986,1.5587050914764404,1.2445908784866333,0.9511606097221375,0.6153461933135986,0.3823571801185608,0.0,0.38446909189224243,0.6259093284606934,0.9826282858848572,0.8428184390068054,1.1302417516708374,1.0706697702407837,1.402822494506836,1.590293288230896,1.6298068761825562,1.6351938247680664,1.2763545513153076,1.0932282209396362,0.7571530938148499,0.6425520181655884,0.4806975722312927,0.6247124075889587,0.8106642365455627,1.0836178064346313,1.155153512954712,1.3993321657180786,1.3257699012756348,1.5801512002944946,1.789957046508789,1.7592406272888184,1.810194969177246,1.4572744369506836,1.3798129558563232,1.1102904081344604,1.0631049871444702,0.969787061214447,1.0524977445602417,1.204084038734436,1.3729628324508667,1.601787805557251,1.847234845161438,1.7875185012817383,2.0025453567504883,2.147869348526001,2.1051623821258545,2.102358818054199,1.7730332612991333,1.7846497297286987,1.5485714673995972,1.5478187799453735,1.4900094270706177,1.5389902591705322,1.685675859451294,1.734728455543518
B13,1.3721431493759155,1.687288761138916,1.6298414468765259,1.9645191431045532,2.05312180519104,2.1140003204345703,1.9225069284439087,1.638195514678955,1.273867130279541,1.08137845993042,0.7607407569885254,0.6384086608886719,0.48750025033950806,0.6534637808799744,0.8803451657295227,1.1897010803222656,1.5000213384628296,1.454524040222168,1.8054630756378174,1.943481683731079,1.9894431829452515,1.9080504179000854,1.5799647569656372,1.2684870958328247,0.9694509506225586,0.6491385102272034,0.38446909189224243,0.0,0.3831786811351776,0.6531350612640381,1.1026546955108643,1.4371051788330078,1.427896499633789,1.7742997407913208,1.9590727090835571,2.0051462650299072,1.9861116409301758,1.6238429546356201,1.3977411985397339,1.072103500366211,0.8444494009017944,0.5970171689987183,0.47566428780555725,0.585433840751648,0.7536534667015076,1.2995458841323853,1.606995701789856,1.593703031539917,1.8885012865066528,2.105111837387085,2.104853868484497,2.1345393657684326,1.7715060710906982,1.633105993270874,1.3363910913467407,1.1940230131149292,1.0102529525756836,0.9577203392982483,1.0295357704162598,1.1063222885131836,1.6749521493911743,1.972282886505127,1.9669511318206787,2.2274906635284424,2.3885152339935303,2.391618490219116,2.3809778690338135,2.0327064990997314,1.9815219640731812,1.704396367073059,1.6368026733398438,1.5038069486618042,1.480270504951477,1.552812933921814,1.5355310440063477
