,A1,A2,A3,A4,A5,A6,A7,A8,A9,A10,A11,A12,A13,A14,A15,B1,B2,B3,B4,B5,B6,B7,B8,B9,B10,B11,B12,B13,B14,B15,C1,C2,C3,C4,C5,C6,C7,C8,C9,C10,C11,C12,C13,C14,C15,D1,D2,D3,D4,D5,D6,D7,D8,D9,D10,D11,D12,D13,D14,D15,E1,E2,E3,E4,E5,E6,E7,E8,E9,E10,E11,E12,E13,E14,E15
A1,0.0,0.3814534842967987,0.614749014377594,0.9564883708953857,1.2256890535354614,1.601645827293396,1.7192234992980957,1.5232738256454468,1.4583379030227661,1.0965471267700195,1.1590393781661987,0.9162499904632568,1.1373846530914307,1.1030325889587402,1.3739265203475952,0.720376193523407,0.8721201419830322,0.8590033054351807,1.18733811378479,1.3207688331604004,1.6706645488739014,1.8458133935928345,1.6375483274459839,1.6364271640777588,1.3365097045898438,1.4247896671295166,1.2799181938171387,1.4640690088272095,1.4977740049362183,1.7135263681411743,1.3699767589569092,1.4534300565719604,1.377685785293579,1.5930649042129517,1.658360242843628,1.8780499696731567,2.0705392360687256,1.872799277305603,1.9280307292938232,1.6976232528686523,1.791767954826355,1.69790780544281,1.8577381372451782,1.9279102087020874,2.1133229732513428,1.9415541887283325,2.0257649421691895,1.921817660331726,2.0734710693359375,2.1091928482055664,2.1876981258392334,2.3595809936523438,2.183579683303833,2.280620574951172,2.1045334339141846,2.2000367641448975,2.1438729763031006,2.2824454307556152,2.395451784133911,2.537888288497925,2.4632418155670166,2.5620510578155518,2.518458604812622,2.574850559234619,2.676753282546997,2.5726633071899414,2.716672420501709,2.5571415424346924,2.692814588546753,2.534247636795044,2.6544172763824463,2.63935923576355,2.740887403488159,2.902780294418335,2.9857096672058105
A2,0.3814534842967987,0.0,0.3950291574001312,0.6477305293083191,0.9736211895942688,1.3334729671478271,1.5198795795440674,1.398680567741394,1.4291226863861084,1.1232616901397705,1.3030686378479004,1.1471052169799805,1.4354705810546875,1.4475079774856567,1.7435081005096436,0.8579031825065613,0.8394609689712524,0.754882276058197,0.9819417595863342,1.1146835088729858,1.4191954135894775,1.6510106325149536,1.5080139636993408,1.5980448722839355,1.3609739542007446,1.5432982444763184,1.4711490869522095,1.7177834510803223,1.7949635982513428,2.047708749771118,1.5033918619155884,1.4924973249435425,1.3640130758285522,1.4872958660125732,1.5260576009750366,1.6758285760879517,1.9018714427947998,1.7620233297348022,1.8947268724441528,1.725023627281189,1.8910179138183594,1.859178900718689,2.071735382080078,2.183602809906006,2.4066662788391113,2.0707406997680664,2.090122938156128,1.9383268356323242,2.01796817779541,2.022005081176758,2.033374071121216,2.2187817096710205,2.0936760902404785,2.2550628185272217,2.135064125061035,2.284712314605713,2.282921075820923,2.4626734256744385,2.6147847175598145,2.7923853397369385,2.583658218383789,2.6352877616882324,2.547614812850952,2.5492517948150635,2.6178431510925293,2.461381196975708,2.6020138263702393,2.4870011806488037,2.674431800842285,2.566678047180176,2.7245688438415527,2.7587380409240723,2.886873483657837,3.0873944759368896,3.193966865539551
A3,0.614749014377594,0.3950291574001312,0.0,0.3853670060634613,0.6293948888778687,1.0084818601608276,1.1618520021438599,1.0194085836410522,1.0919697284698486,0.8317480087280273,1.0853012800216675,1.0463621616363525,1.3814924955368042,1.4956746101379395,1.820342779159546,1.06324303150177,1.017818808555603,0.7754025459289551,0.923893928527832,0.9102380275726318,1.1848610639572144,1.3657537698745728,1.191675066947937,1.3150601387023926,1.136735439300537,1.349980115890503,1.372113585472107,1.6402473449707031,1.7999372482299805,2.072380781173706,1.6162034273147583,1.5968666076660156,1.3780490159988403,1.4645121097564697,1.3993099927902222,1.5143728256225586,1.6793522834777832,1.5112210512161255,1.6629340648651123,1.5469393730163574,1.7180100679397583,1.7566214799880981,1.973608136177063,2.150449275970459,2.3833181858062744,2.128108501434326,2.1505823135375977,1.941036343574524,2.0020313262939453,1.9298473596572876,1.9153225421905518,2.038654088973999,1.8887125253677368,2.0580692291259766,1.9801714420318604,2.1209280490875244,2.1714556217193604,2.343269109725952,2.543910026550293,2.7239205837249756,2.596829891204834,2.6601803302764893,2.526465892791748,2.5321967601776123,2.5459954738616943,2.3678596019744873,2.4514811038970947,2.3162312507629395,2.5043814182281494,2.4271321296691895,2.565207004547119,2.634660243988037,2.7404778003692627,2.971082925796509,3.063359498977661
A4,0.9564883708953857,0.6477305293083191,0.3853670060634613,0.0,0.3640938103199005,0.6930725574493408,0.9359574913978577,0.9283157587051392,1.1103639602661133,0.9654915928840637,1.3001959323883057,1.327237606048584,1.691028118133545,1.8216387033462524,2.1677229404449463,1.2558032274246216,1.0939215421676636,0.7965261936187744,0.7633611559867859,0.6926117539405823,0.8753328323364258,1.1166719198226929,1.0443142652511597,1.2737126350402832,1.1893287897109985,1.4852277040481567,1.5692328214645386,1.8826626539230347,2.0672874450683594,2.372443675994873,1.742230772972107,1.6423492431640625,1.376179575920105,1.3551701307296753,1.2420481443405151,1.262918472290039,1.4500244855880737,1.3584285974502563,1.5936782360076904,1.554577112197876,1.794972538948059,1.8924936056137085,2.155992269515991,2.3636887073516846,2.6323134899139404,2.2172539234161377,2.179204225540161,1.9247816801071167,1.9097105264663696,1.7950596809387207,1.706986665725708,1.831218957901001,1.7412363290786743,1.9757689237594604,1.9632850885391235,2.158010721206665,2.2627809047698975,2.474811315536499,2.708019495010376,2.9242568016052246,2.657174587249756,2.6744515895843506,2.495678424835205,2.448733329772949,2.420926570892334,2.1925415992736816,2.26292085647583,2.1762967109680176,2.414264440536499,2.3942153453826904,2.569368600845337,2.6890335083007812,2.823633909225464,3.089494228363037,3.2100305557250977
A5,1.2256890535354614,0.9736211895942688,0.6293948888778687,0.3640938103199005,0.0,0.38255175948143005,0.5788694620132446,0.6098257899284363,0.876130223274231,0.8565230965614319,1.2353440523147583,1.365492820739746,1.7384990453720093,1.9328068494796753,2.2912051677703857,1.4837015867233276,1.3246787786483765,0.966946542263031,0.8626441359519958,0.6150602698326111,0.6993306875228882,0.8491508364677429,0.765396237373352,1.0545674562454224,1.071916937828064,1.3903812170028687,1.5603622198104858,1.8806099891662598,2.1220757961273193,2.4385147094726562,1.8747363090515137,1.7723582983016968,1.4496885538101196,1.3934226036071777,1.1789525747299194,1.1512781381607056,1.2499951124191284,1.1398285627365112,1.3999165296554565,1.4342873096466064,1.679219126701355,1.8446033000946045,2.109147787094116,2.3662636280059814,2.6421713829040527,2.2814152240753174,2.2445623874664307,1.9484106302261353,1.9146337509155273,1.7283793687820435,1.6160237789154053,1.6649000644683838,1.5558840036392212,1.7978847026824951,1.8371455669403076,2.024777412414551,2.18158221244812,2.387423515319824,2.6599929332733154,2.88047456741333,2.667161703109741,2.691479206085205,2.473773956298828,2.430689811706543,2.3496041297912598,2.106435537338257,2.1147851943969727,2.01192307472229,2.2483267784118652,2.2644803524017334,2.421480894088745,2.577263355255127,2.694368600845337,2.9863903522491455,3.098864793777466
A6,1.601645827293396,1.3334729671478271,1.0084818601608276,0.6930725574493408,0.38255175948143005,0.0,0.3848811984062195,0.6554354429244995,1.0017200708389282,1.1114575862884521,1.4996081590652466,1.6794054508209229,2.053985595703125,2.2676994800567627,2.6348509788513184,1.7949470281600952,1.5911259651184082,1.2256476879119873,1.0111548900604248,0.6943502426147461,0.5461964011192322,0.6620566844940186,0.7271099090576172,1.1059225797653198,1.2406182289123535,1.5867035388946533,1.80959153175354,2.1428797245025635,2.4080727100372314,2.739597797393799,2.112703800201416,1.9665968418121338,1.61494779586792,1.4749338626861572,1.195428729057312,1.0483940839767456,1.0976989269256592,1.0714924335479736,1.3989261388778687,1.5291600227355957,1.8079503774642944,2.0296082496643066,2.3129847049713135,2.5985424518585205,2.892486572265625,2.459951400756836,2.3848259449005127,2.0534090995788574,1.957016110420227,1.7125678062438965,1.528136968612671,1.5290896892547607,1.474554419517517,1.7650920152664185,1.8820292949676514,2.098238468170166,2.309574842453003,2.533504009246826,2.835683822631836,3.076725721359253,2.794891595840454,2.7889938354492188,2.528101682662964,2.447874069213867,2.3106534481048584,2.0259201526641846,1.9876221418380737,1.9245020151138306,2.1945507526397705,2.275308609008789,2.4474990367889404,2.6527209281921387,2.7801270484924316,3.1015942096710205,3.228299140930176
A7,1.7192234992980957,1.5198795795440674,1.1618520021438599,0.9359574913978577,0.5788694620132446,0.3848811984062195,0.0,0.3969697952270508,0.737966775894165,0.9658522009849548,1.3338978290557861,1.5836211442947388,1.9421887397766113,2.200199604034424,2.568343162536621,1.8726569414138794,1.710028886795044,1.3225973844528198,1.1462675333023071,0.7656175494194031,0.6505739092826843,0.5126295685768127,0.4587056636810303,0.8320111036300659,1.0531041622161865,1.3756486177444458,1.658411979675293,1.9766210317611694,2.2810146808624268,2.6117517948150635,2.1033434867858887,1.99004328250885,1.6142922639846802,1.5033692121505737,1.166159987449646,1.0618191957473755,0.9742459058761597,0.8543596863746643,1.1434941291809082,1.321000337600708,1.568566918373108,1.8360706567764282,2.10129451751709,2.420227527618408,2.709472417831421,2.383439540863037,2.3382132053375244,1.9925237894058228,1.9235169887542725,1.6363295316696167,1.4922045469284058,1.4041454792022705,1.2761353254318237,1.5231853723526,1.6614426374435425,1.8414546251296997,2.083369493484497,2.2848479747772217,2.6111299991607666,2.845099925994873,2.6661174297332764,2.690251588821411,2.415499448776245,2.373457431793213,2.208170175552368,1.9517031908035278,1.8550711870193481,1.7342455387115479,1.9636715650558472,2.049755096435547,2.181722640991211,2.4005239009857178,2.498824119567871,2.8307547569274902,2.942141532897949
A8,1.5232738256454468,1.398680567741394,1.0194085836410522,0.9283157587051392,0.6098257899284363,0.6554354429244995,0.3969697952270508,0.0,0.4039347767829895,0.6377407312393188,0.9826568961143494,1.2666935920715332,1.604163646697998,1.8912858963012695,2.243421792984009,1.7351356744766235,1.651117205619812,1.2695772647857666,1.2138680219650269,0.8663657307624817,0.9239924550056458,0.7770093083381653,0.48468348383903503,0.6913579702377319,0.8443432450294495,1.0990914106369019,1.386976718902588,1.6683812141418457,1.9887815713882446,2.294682502746582,1.984473466873169,1.941811442375183,1.583975911140442,1.5713204145431519,1.2672845125198364,1.283575177192688,1.189177393913269,0.938562273979187,1.1051654815673828,1.203717589378357,1.3713607788085938,1.615716814994812,1.8340802192687988,2.1545917987823486,2.4122660160064697,2.280609130859375,2.2982728481292725,1.9813859462738037,1.9911372661590576,1.7371710538864136,1.6790344715118408,1.592484951019287,1.3729690313339233,1.530379295349121,1.5957874059677124,1.7046306133270264,1.9088462591171265,2.0617129802703857,2.377304792404175,2.5744664669036865,2.5800647735595703,2.6586248874664307,2.4200050830841064,2.439037799835205,2.3112988471984863,2.1099705696105957,2.0247764587402344,1.8339214324951172,1.9974031448364258,2.017575740814209,2.0954511165618896,2.2680559158325195,2.322385787963867,2.6291444301605225,2.702346086502075
A9,1.4583379030227661,1.4291226863861084,1.0919697284698486,1.1103639602661133,0.876130223274231,1.0017200708389282,0.737966775894165,0.4039347767829895,0.0,0.3853704035282135,0.6492418646812439,0.9743288159370422,1.2864201068878174,1.5933648347854614,1.9449654817581177,1.5868018865585327,1.5671617984771729,1.2111924886703491,1.2452895641326904,0.9481268525123596,1.1172171831130981,0.9279822707176208,0.5307825803756714,0.4506209194660187,0.5334962606430054,0.7128652334213257,1.0290311574935913,1.2924836874008179,1.631654143333435,1.9373064041137695,1.7509944438934326,1.7658253908157349,1.425883173942566,1.4944568872451782,1.2195734977722168,1.3496102094650269,1.2276084423065186,0.8772093057632446,0.893657922744751,0.9144482016563416,1.0074034929275513,1.244803547859192,1.4389907121658325,1.7686679363250732,2.021078586578369,2.0030112266540527,2.071089267730713,1.7783985137939453,1.8568696975708008,1.6290736198425293,1.6634448766708374,1.5678844451904297,1.267906904220581,1.3267416954040527,1.3224910497665405,1.3712795972824097,1.5478870868682861,1.6737382411956787,1.9854824542999268,2.172670602798462,2.28340744972229,2.405547618865967,2.194024085998535,2.271423101425171,2.1726555824279785,2.0355300903320312,1.9580196142196655,1.7025877237319946,1.7974746227264404,1.7566815614700317,1.7923001050949097,1.9270119667053223,1.958541750907898,2.2490017414093018,2.311694622039795
A10,1.0965471267700195,1.1232616901397705,0.8317480087280273,0.9654915928840637,0.8565230965614319,1.1114575862884521,0.9658522009849548,0.6377407312393188,0.3853704035282135,0.0,0.38880643248558044,0.6301068067550659,0.9770121574401855,1.2552821636199951,1.613059639930725,1.2622541189193726,1.2982546091079712,0.9802225828170776,1.125821828842163,0.9315221905708313,1.2108057737350464,1.134048581123352,0.7682230472564697,0.6638432741165161,0.4838729202747345,0.6124736666679382,0.8054989576339722,1.0723594427108765,1.3700299263000488,1.6703184843063354,1.508087396621704,1.565476417541504,1.272879719734192,1.4183430671691895,1.2342373132705688,1.4331228733062744,1.4065147638320923,1.0727900266647339,1.0662347078323364,0.9488884806632996,1.0157394409179688,1.1393805742263794,1.3227466344833374,1.5981431007385254,1.8382097482681274,1.843015193939209,1.9399313926696777,1.69399893283844,1.8217545747756958,1.6704388856887817,1.7455980777740479,1.730422019958496,1.441558599472046,1.4877349138259888,1.395390272140503,1.4383260011672974,1.527091145515442,1.6475831270217896,1.9064030647277832,2.0779266357421875,2.1965982913970947,2.3338875770568848,2.17356276512146,2.2673659324645996,2.2334625720977783,2.1207115650177,2.1112029552459717,1.8622031211853027,1.9519697427749634,1.8501547574996948,1.8981515169143677,1.9709299802780151,2.013721227645874,2.2618675231933594,2.3231911659240723
A11,1.1590393781661987,1.3030686378479004,1.0853012800216675,1.3001959323883057,1.2353440523147583,1.4996081590652466,1.3338978290557861,0.9826568961143494,0.6492418646812439,0.38880643248558044,0.0,0.3842889070510864,0.6403328776359558,0.9708261489868164,1.3031233549118042,1.291988730430603,1.4276463985443115,1.184190034866333,1.4081553220748901,1.270267128944397,1.5744500160217285,1.4746404886245728,1.0936542749404907,0.8681143522262573,0.6124367117881775,0.46816539764404297,0.5812860131263733,0.7411360740661621,1.060230016708374,1.3254538774490356,1.4723351001739502,1.6184132099151611,1.3861385583877563,1.6129642724990845,1.4780428409576416,1.7351641654968262,1.6903326511383057,1.3232436180114746,1.2038218975067139,1.0031315088272095,0.9227224588394165,0.9620484709739685,1.0475586652755737,1.306320071220398,1.5000251531600952,1.7704702615737915,1.9403364658355713,1.748732566833496,1.9497826099395752,1.8395494222640991,1.9835891723632812,1.961119294166565,1.6297214031219482,1.5835689306259155,1.4166558980941772,1.364102840423584,1.3784843683242798,1.4237476587295532,1.6469740867614746,1.7686892747879028,2.109360933303833,2.304774761199951,2.1930134296417236,2.3489022254943848,2.3506758213043213,2.2993805408477783,2.2954843044281006,2.0023305416107178,2.019789457321167,1.8536312580108643,1.8390328884124756,1.8445862531661987,1.837224006652832,2.037513494491577,2.0580484867095947
A12,0.9162499904632568,1.1471052169799805,1.0463621616363525,1.327237606048584,1.365492820739746,1.6794054508209229,1.5836211442947388,1.2666935920715332,0.9743288159370422,0.6301068067550659,0.3842889070510864,0.0,0.38401076197624207,0.6255304217338562,0.9885416626930237,1.0024815797805786,1.2167588472366333,1.067185401916504,1.3780386447906494,1.3480267524719238,1.7061893939971924,1.678929090499878,1.3361934423446655,1.1249308586120605,0.7817893624305725,0.6353458762168884,0.4870554804801941,0.6156550049781799,0.8178067207336426,1.0840544700622559,1.230198621749878,1.4282053709030151,1.276227593421936,1.5675606727600098,1.5280137062072754,1.8292043209075928,1.8551665544509888,1.5197362899780273,1.4008044004440308,1.1218438148498535,1.045647382736206,0.9478560090065002,1.0229778289794922,1.1774718761444092,1.360824704170227,1.5994412899017334,1.7943401336669922,1.6653839349746704,1.9071528911590576,1.8755624294281006,2.052682399749756,2.0973362922668457,1.7909473180770874,1.7441354990005493,1.5176600217819214,1.4796943664550781,1.4074844121932983,1.4614421129226685,1.6085474491119385,1.722828984260559,2.003871202468872,2.2046635150909424,2.148974895477295,2.3145153522491455,2.378584623336792,2.353072166442871,2.410529136657715,2.135282516479492,2.153968095779419,1.944402813911438,1.955166220664978,1.9069712162017822,1.9285199642181396,2.082223415374756,2.1190295219421387
A13,1.1373846530914307,1.4354705810546875,1.3814924955368042,1.691028118133545,1.7384990453720093,2.053985595703125,1.9421887397766113,1.604163646697998,1.2864201068878174,0.9770121574401855,0.6403328776359558,0.38401076197624207,0.0,0.3795352578163147,0.6665615439414978,1.207108974456787,1.4888557195663452,1.4048738479614258,1.738198161125183,1.7268530130386353,2.0861291885375977,2.0415852069854736,1.6865637302398682,1.4332488775253296,1.0992987155914307,0.8440346717834473,0.6151060461997986,0.48115333914756775,0.6015349626541138,0.7596079707145691,1.3633548021316528,1.6324942111968994,1.546064019203186,1.8751503229141235,1.863690733909607,2.185744285583496,2.1965959072113037,1.8461328744888306,1.6723442077636719,1.3680680990219116,1.1955326795578003,1.0155552625656128,0.9500427842140198,1.021715760231018,1.1052056550979614,1.6784015893936157,1.9358210563659668,1.8670612573623657,2.1562469005584717,2.155816078186035,2.3715670108795166,2.408078193664551,2.0808539390563965,1.976367712020874,1.7091652154922485,1.5966295003890991,1.452302098274231,1.418506145477295,1.494064450263977,1.5294418334960938,2.055788516998291,2.306084156036377,2.301819324493408,2.5145304203033447,2.6073524951934814,2.6275508403778076,2.686908006668091,2.386469841003418,2.351698160171509,2.098477840423584,2.0554611682891846,1.9426883459091187,1.9134483337402344,2.000474214553833,1.9877235889434814
A14,1.1030325889587402,1.4475079774856567,1.4956746101379395,1.8216387033462524,1.9328068494796753,2.2676994800567627,2.200199604034424,1.8912858963012695,1.5933648347854614,1.2552821636199951,0.9708261489868164,0.6255304217338562,0.3795352578163147,0.0,0.395385205745697,1.0721381902694702,1.4119579792022705,1.4303559064865112,1.802549958229065,1.870862364768982,2.2545552253723145,2.2582333087921143,1.9357411861419678,1.695086121559143,1.3297474384307861,1.109604001045227,0.7870305776596069,0.6477522850036621,0.5162255764007568,0.6165813207626343,1.223473310470581,1.5351873636245728,1.5403308868408203,1.9039344787597656,1.9699708223342896,2.3155136108398438,2.376659631729126,2.0570898056030273,1.889206051826477,1.5486739873886108,1.3990994691848755,1.1400220394134521,1.078856110572815,1.0187804698944092,1.0772945880889893,1.574211835861206,1.848272442817688,1.8491522073745728,2.163904905319214,2.2319271564483643,2.4704980850219727,2.5583746433258057,2.2582550048828125,2.157080888748169,1.8561973571777344,1.765824794769287,1.5620633363723755,1.5453401803970337,1.5410454273223877,1.5720144510269165,1.9948058128356934,2.242274761199951,2.2944908142089844,2.5111541748046875,2.6580092906951904,2.7025094032287598,2.811870813369751,2.5327250957489014,2.500566005706787,2.22011399269104,2.203644275665283,2.0517046451568604,2.0556998252868652,2.099848747253418,2.1111679077148438
A15,1.3739265203475952,1.7435081005096436,1.820342779159546,2.1677229404449463,2.2912051677703857,2.6348509788513184,2.568343162536621,2.243421792984009,1.9449654817581177,1.613059639930725,1.3031233549118042,0.9885416626930237,0.6665615439414978,0.395385205745697,0.0,1.387784719467163,1.749159574508667,1.803558111190796,2.183717966079712,2.260985851287842,2.644376039505005,2.647625207901001,2.3166489601135254,2.0683341026306152,1.7112807035446167,1.4608598947525024,1.145693063735962,0.9160803556442261,0.703270673751831,0.550378143787384,1.5243043899536133,1.8603696823120117,1.9078813791275024,2.2805745601654053,2.361579656600952,2.709982395172119,2.7695086002349854,2.444175958633423,2.259960889816284,1.916979432106018,1.729929804801941,1.4483264684677124,1.3066757917404175,1.1673245429992676,1.0939772129058838,1.8351136445999146,2.137584686279297,2.183248519897461,2.516209602355957,2.604555368423462,2.855957269668579,2.9437079429626465,2.6370246410369873,2.5128114223480225,2.197927951812744,2.0701053142547607,1.8306505680084229,1.7536790370941162,1.681796908378601,1.6292942762374878,2.228656530380249,2.5010547637939453,2.594510555267334,2.8337466716766357,3.001446008682251,3.0690407752990723,3.1825544834136963,2.8945982456207275,2.836092233657837,2.534881114959717,2.4865572452545166,2.293890953063965,2.2609732151031494,2.245056629180908,2.2107434272766113
B1,0.720376193523407,0.8579031825065613,1.06324303150177,1.2558032274246216,1.4837015867233276,1.7949470281600952,1.8726569414138794,1.7351356744766235,1.5868018865585327,1.2622541189193726,1.291988730430603,1.0024815797805786,1.207108974456787,1.0721381902694702,1.387784719467163,0.0,0.37688741087913513,0.6121622920036316,0.9865549802780151,1.2479959726333618,1.633676290512085,1.799364686012268,1.6420412063598633,1.5644971132278442,1.2267131805419922,1.316780686378479,1.0842736959457397,1.3160719871520996,1.2619179487228394,1.5512398481369019,0.6880061030387878,0.7719901204109192,0.8259334564208984,1.1225181818008423,1.3264192342758179,1.6355777978897095,1.8585363626480103,1.6963261365890503,1.6951395273208618,1.4032690525054932,1.526183009147644,1.3620150089263916,1.5855042934417725,1.5928237438201904,1.8493684530258179,1.2867480516433716,1.3464772701263428,1.307942509651184,1.5009697675704956,1.6399627923965454,1.8007999658584595,2.0297489166259766,1.8785269260406494,1.941170573234558,1.7122772932052612,1.8493386507034302,1.743851661682129,1.9477720260620117,2.018303871154785,2.227341890335083,1.833698034286499,1.900328516960144,1.900336503982544,1.9627087116241455,2.131906270980835,2.09081768989563,2.301360845565796,2.158355474472046,2.2764346599578857,2.0821869373321533,2.250189781188965,2.208300828933716,2.381608009338379,2.5286755561828613,2.6859216690063477
B2,0.8721201419830322,0.8394609689712524,1.017818808555603,1.0939215421676636,1.3246787786483765,1.5911259651184082,1.710028886795044,1.651117205619812,1.5671617984771729,1.2982546091079712,1.4276463985443115,1.2167588472366333,1.4888557195663452,1.4119579792022705,1.749159574508667,0.37688741087913513,0.0,0.389326274394989,0.6795351505279541,1.0087218284606934,1.3651188611984253,1.5820833444595337,1.5025759935379028,1.497444987297058,1.2202197313308716,1.411189317703247,1.2603113651275635,1.557625651359558,1.5576773881912231,1.879997968673706,0.7888036370277405,0.6817924976348877,0.6629435420036316,0.8500272631645203,1.0779805183410645,1.3440402746200562,1.6186860799789429,1.5281031131744385,1.6000312566757202,1.3677723407745361,1.5799809694290161,1.4873021841049194,1.7728149890899658,1.8280525207519531,2.124774932861328,1.3443137407302856,1.3001327514648438,1.1970688104629517,1.2958999872207642,1.421260118484497,1.524319052696228,1.7907581329345703,1.7029083967208862,1.833984375,1.6628011465072632,1.8717083930969238,1.827904224395752,2.084473133087158,2.1974921226501465,2.448711395263672,1.8680195808410645,1.8655128479003906,1.8110696077346802,1.8013529777526855,1.9427924156188965,1.8494795560836792,2.0756266117095947,1.9872666597366333,2.164163112640381,2.024608850479126,2.2452828884124756,2.2591323852539062,2.470689535140991,2.6598398685455322,2.8495824337005615
B3,0.8590033054351807,0.754882276058197,0.7754025459289551,0.7965261936187744,0.966946542263031,1.2256476879119873,1.3225973844528198,1.2695772647857666,1.2111924886703491,0.9802225828170776,1.184190034866333,1.067185401916504,1.4048738479614258,1.4303559064865112,1.803558111190796,0.6121622920036316,0.389326274394989,0.0,0.3959105908870697,0.6435497999191284,1.0225965976715088,1.2177362442016602,1.122804045677185,1.1544888019561768,0.9171327948570251,1.1760613918304443,1.1238420009613037,1.4666478633880615,1.562544822692871,1.9097840785980225,0.9632783532142639,0.8490854501724243,0.6297522187232971,0.745293378829956,0.829213559627533,1.0736511945724487,1.312929630279541,1.1967633962631226,1.3082033395767212,1.1269596815109253,1.3752632141113281,1.3679474592208862,1.674822211265564,1.8104596138000488,2.1215713024139404,1.4506171941757202,1.4091323614120483,1.2064653635025024,1.266861081123352,1.2791624069213867,1.3381856679916382,1.549727201461792,1.436851978302002,1.5979247093200684,1.4762589931488037,1.6937888860702515,1.7171300649642944,1.975313425064087,2.1506166458129883,2.4076857566833496,1.9251285791397095,1.9358866214752197,1.812512993812561,1.7990014553070068,1.864740252494812,1.7271093130111694,1.8912278413772583,1.7828656435012817,1.9779375791549683,1.8775289058685303,2.087218999862671,2.1486880779266357,2.340961456298828,2.5712525844573975,2.7474427223205566
B4,1.18733811378479,0.9819417595863342,0.923893928527832,0.7633611559867859,0.8626441359519958,1.0111548900604248,1.1462675333023071,1.2138680219650269,1.2452895641326904,1.125821828842163,1.4081553220748901,1.3780386447906494,1.738198161125183,1.802549958229065,2.183717966079712,0.9865549802780151,0.6795351505279541,0.3959105908870697,0.0,0.3907398581504822,0.6933267712593079,0.9563722014427185,0.989216148853302,1.1286479234695435,1.0163062810897827,1.3540024757385254,1.390202522277832,1.7589329481124878,1.8941117525100708,2.2577385902404785,1.2251180410385132,1.009189248085022,0.719240128993988,0.6056594252586365,0.6044377088546753,0.7330270409584045,1.0314966440200806,1.0228530168533325,1.2393741607666016,1.1675198078155518,1.4915434122085571,1.5654622316360474,1.9069838523864746,2.0831756591796875,2.4184365272521973,1.622622013092041,1.5017520189285278,1.2320083379745483,1.168535590171814,1.1090465784072876,1.060694932937622,1.2889056205749512,1.258579134941101,1.507095217704773,1.476159930229187,1.7560902833938599,1.8513641357421875,2.1447932720184326,2.35970139503479,2.6467769145965576,2.037292003631592,1.9899228811264038,1.802008032798767,1.715227723121643,1.718660593032837,1.5083816051483154,1.6590925455093384,1.614419937133789,1.8757120370864868,1.8518203496932983,2.1036906242370605,2.2286574840545654,2.44689679145813,2.7169435024261475,2.9169561862945557
B5,1.3207688331604004,1.1146835088729858,0.9102380275726318,0.6926117539405823,0.6150602698326111,0.6943502426147461,0.7656175494194031,0.8663657307624817,0.9481268525123596,0.9315221905708313,1.270267128944397,1.3480267524719238,1.7268530130386353,1.870862364768982,2.260985851287842,1.2479959726333618,1.0087218284606934,0.6435497999191284,0.3907398581504822,0.0,0.39813122153282166,0.595434844493866,0.6206542253494263,0.8430600762367249,0.8416939377784729,1.2202417850494385,1.3609827756881714,1.7339574098587036,1.9422439336776733,2.308082342147827,1.4559895992279053,1.2812731266021729,0.9250697493553162,0.7964534163475037,0.5715343356132507,0.6101598143577576,0.7928193211555481,0.7398953437805176,1.016716718673706,1.0381845235824585,1.3697198629379272,1.5293002128601074,1.862935185432434,2.1022024154663086,2.433912754058838,1.790953278541565,1.6975077390670776,1.3777329921722412,1.3055603504180908,1.126444697380066,1.0340571403503418,1.1458539962768555,1.0717285871505737,1.342753529548645,1.3774927854537964,1.6420304775238037,1.8018234968185425,2.077059507369995,2.341726303100586,2.6213343143463135,2.148170232772827,2.1273655891418457,1.8932831287384033,1.8234074115753174,1.7515180110931396,1.5151664018630981,1.5717580318450928,1.4927560091018677,1.7557018995285034,1.7741094827651978,1.994933843612671,2.162036895751953,2.3475875854492188,2.648508310317993,2.8264546394348145
B6,1.6706645488739014,1.4191954135894775,1.1848610639572144,0.8753328323364258,0.6993306875228882,0.5461964011192322,0.6505739092826843,0.9239924550056458,1.1172171831130981,1.2108057737350464,1.5744500160217285,1.7061893939971924,2.0861291885375977,2.2545552253723145,2.644376039505005,1.633676290512085,1.3651188611984253,1.0225965976715088,0.6933267712593079,0.39813122153282166,0.0,0.3986786901950836,0.6598228216171265,0.9982448220252991,1.1277202367782593,1.513993501663208,1.7082594633102417,2.0790157318115234,2.311591625213623,2.679396629333496,1.8144992589950562,1.6022729873657227,1.242246150970459,1.0131738185882568,0.7202800512313843,0.5073794722557068,0.6534093022346497,0.7573005557060242,1.1293652057647705,1.2695612907409668,1.619210958480835,1.834631323814392,2.1717944145202637,2.4376518726348877,2.7751643657684326,2.096450090408325,1.9624027013778687,1.6144561767578125,1.4593207836151123,1.2099130153656006,0.9934818744659424,1.051278829574585,1.0729116201400757,1.4153825044631958,1.5482779741287231,1.8366514444351196,2.0532896518707275,2.3365142345428467,2.6291685104370117,2.919585704803467,2.3997409343719482,2.3433148860931396,2.063814640045166,1.94196617603302,1.8007084131240845,1.4998706579208374,1.500671148300171,1.4872257709503174,1.800122618675232,1.9001649618148804,2.135749101638794,2.3565266132354736,2.5465784072875977,2.875666618347168,3.060534954071045
B7,1.8458133935928345,1.6510106325149536,1.3657537698745728,1.1166719198226929,0.8491508364677429,0.6620566844940186,0.5126295685768127,0.7770093083381653,0.9279822707176208,1.134048581123352,1.4746404886245728,1.678929090499878,2.0415852069854736,2.2582333087921143,2.647625207901001,1.799364686012268,1.5820833444595337,1.2177362442016602,0.9563722014427185,0.595434844493866,0.3986786901950836,0.0,0.4016869366168976,0.7443776726722717,0.9928769469261169,1.358432650566101,1.622068166732788,1.9770865440368652,2.253850221633911,2.620410919189453,1.8913391828536987,1.7182520627975464,1.3313241004943848,1.1391491889953613,0.761532187461853,0.5995895862579346,0.46493974328041077,0.47227153182029724,0.8556002378463745,1.087066411972046,1.4152330160140991,1.6930444240570068,2.0141098499298096,2.320350408554077,2.6543185710906982,2.0909621715545654,1.9888746738433838,1.6194257736206055,1.4901758432388306,1.1701899766921997,0.993124783039093,0.899072527885437,0.8328314423561096,1.153019666671753,1.3392101526260376,1.5989803075790405,1.8644689321517944,2.128382682800293,2.4534356594085693,2.7396671772003174,2.325985908508301,2.3006322383880615,1.9956820011138916,1.9140191078186035,1.7234604358673096,1.4475351572036743,1.3549129962921143,1.2751222848892212,1.555294394493103,1.6814955472946167,1.8782373666763306,2.128624677658081,2.290699005126953,2.6388354301452637,2.810685634613037
B8,1.6375483274459839,1.5080139636993408,1.191675066947937,1.0443142652511597,0.765396237373352,0.7271099090576172,0.4587056636810303,0.48468348383903503,0.5307825803756714,0.7682230472564697,1.0936542749404907,1.3361934423446655,1.6865637302398682,1.9357411861419678,2.3166489601135254,1.6420412063598633,1.5025759935379028,1.122804045677185,0.989216148853302,0.6206542253494263,0.6598228216171265,0.4016869366168976,0.0,0.40224891901016235,0.6628210544586182,1.004523515701294,1.2980563640594482,1.632381796836853,1.9354089498519897,2.2865066528320312,1.7505978345870972,1.6546831130981445,1.2703866958618164,1.1990286111831665,0.8474753499031067,0.8689185976982117,0.7254575490951538,0.4573981761932373,0.6961495876312256,0.8660115003585815,1.1315367221832275,1.4114115238189697,1.6983191967010498,2.0198113918304443,2.3306214809417725,1.9679384231567383,1.938794493675232,1.5918742418289185,1.5611203908920288,1.2739834785461426,1.2156257629394531,1.1124885082244873,0.8957549333572388,1.0970969200134277,1.205833077430725,1.390438437461853,1.6330441236495972,1.8530815839767456,2.1802632808685303,2.4354827404022217,2.2218384742736816,2.261977434158325,1.9919662475585938,1.9869147539138794,1.836413860321045,1.6301237344741821,1.5417373180389404,1.3604285717010498,1.5552514791488647,1.6064354181289673,1.738759994506836,1.94841730594635,2.0630528926849365,2.395394802093506,2.5297391414642334
B9,1.6364271640777588,1.5980448722839355,1.3150601387023926,1.2737126350402832,1.0545674562454224,1.1059225797653198,0.8320111036300659,0.6913579702377319,0.4506209194660187,0.6638432741165161,0.8681143522262573,1.1249308586120605,1.4332488775253296,1.695086121559143,2.0683341026306152,1.5644971132278442,1.497444987297058,1.1544888019561768,1.1286479234695435,0.8430600762367249,0.9982448220252991,0.7443776726722717,0.40224891901016235,0.0,0.3822897672653198,0.6559813022613525,0.9848555326461792,1.2990273237228394,1.6187502145767212,1.9681804180145264,1.5674524307250977,1.537764310836792,1.1754258871078491,1.2045133113861084,0.8989515900611877,1.0635621547698975,0.8867961764335632,0.4907679259777069,0.44551652669906616,0.5407844185829163,0.7415686249732971,1.0439802408218384,1.3152254819869995,1.6526483297348022,1.9615286588668823,1.7192245721817017,1.7492475509643555,1.42664635181427,1.4811615943908691,1.222533941268921,1.286975383758545,1.1630280017852783,0.831134021282196,0.8817487955093384,0.9088091850280762,1.025728464126587,1.2576463222503662,1.4563215970993042,1.7890747785568237,2.039418935775757,1.9401835203170776,2.033159017562866,1.7890255451202393,1.8579779863357544,1.7365878820419312,1.6134294271469116,1.525444746017456,1.254820466041565,1.3548550605773926,1.3339136838912964,1.4130563735961914,1.589845061302185,1.6806329488754272,2.0038928985595703,2.1303164958953857
B10,1.3365097045898438,1.3609739542007446,1.136735439300537,1.1893287897109985,1.071916937828064,1.2406182289123535,1.0531041622161865,0.8443432450294495,0.5334962606430054,0.4838729202747345,0.6124367117881775,0.7817893624305725,1.0992987155914307,1.3297474384307861,1.7112807035446167,1.2267131805419922,1.2202197313308716,0.9171327948570251,1.0163062810897827,0.8416939377784729,1.1277202367782593,0.9928769469261169,0.6628210544586182,0.3822897672653198,0.0,0.3871919512748718,0.63747239112854,0.9842541217803955,1.2756375074386597,1.6340821981430054,1.2500660419464111,1.277724027633667,0.9555137753486633,1.099250078201294,0.904965877532959,1.1753395795822144,1.1104809045791626,0.7473052740097046,0.64141845703125,0.46677365899086,0.6133638620376587,0.7961931228637695,1.0762654542922974,1.3736222982406616,1.6834536790847778,1.4697833061218262,1.5462456941604614,1.273627758026123,1.4084151983261108,1.2461296319961548,1.3818769454956055,1.3524019718170166,1.0299310684204102,1.0330485105514526,0.9162420630455017,1.002610683441162,1.122771143913269,1.3162152767181396,1.5999161005020142,1.840147852897644,1.7677556276321411,1.8915936946868896,1.7087152004241943,1.8143346309661865,1.7742012739181519,1.6960316896438599,1.6880500316619873,1.4146254062652588,1.4862695932388306,1.37300443649292,1.451231598854065,1.5444480180740356,1.6411981582641602,1.9174772500991821,2.0413284301757812
B11,1.4247896671295166,1.5432982444763184,1.349980115890503,1.4852277040481567,1.3903812170028687,1.5867035388946533,1.3756486177444458,1.0990914106369019,0.7128652334213257,0.6124736666679382,0.46816539764404297,0.6353458762168884,0.8440346717834473,1.109604001045227,1.4608598947525024,1.316780686378479,1.411189317703247,1.1760613918304443,1.3540024757385254,1.2202417850494385,1.513993501663208,1.358432650566101,1.004523515701294,0.6559813022613525,0.3871919512748718,0.0,0.38001805543899536,0.6445352435112,0.9832050800323486,1.3172414302825928,1.2745285034179688,1.4040462970733643,1.156162977218628,1.3822070360183716,1.241593360900879,1.5422359704971313,1.4525465965270996,1.0696849822998047,0.843336284160614,0.5880469679832458,0.4557732939720154,0.5581905245780945,0.7395493984222412,1.0588009357452393,1.335925817489624,1.4378323554992676,1.6036490201950073,1.3957403898239136,1.6119253635406494,1.4927501678466797,1.6917020082473755,1.6427903175354004,1.280983805656433,1.1665291786193848,0.9635168313980103,0.8993976712226868,0.9349815249443054,1.0355753898620605,1.3036384582519531,1.4994856119155884,1.7052452564239502,1.9026882648468018,1.773056983947754,1.953177571296692,1.9463303089141846,1.9366647005081177,1.9227707386016846,1.6003029346466064,1.5778827667236328,1.3905237913131714,1.3762176036834717,1.391811728477478,1.4199923276901245,1.6534037590026855,1.7319177389144897
B12,1.2799181938171387,1.4711490869522095,1.372113585472107,1.5692328214645386,1.5603622198104858,1.80959153175354,1.658411979675293,1.386976718902588,1.0290311574935913,0.8054989576339722,0.5812860131263733,0.4870554804801941,0.6151060461997986,0.7870305776596069,1.145693063735962,1.0842736959457397,1.2603113651275635,1.1238420009613037,1.390202522277832,1.3609827756881714,1.7082594633102417,1.622068166732788,1.2980563640594482,0.9848555326461792,0.63747239112854,0.38001805543899536,0.0,0.38115090131759644,0.638558566570282,1.0014457702636719,1.0128811597824097,1.2245203256607056,1.073051929473877,1.3857637643814087,1.3531856536865234,1.7026962041854858,1.6835256814956665,1.3362349271774292,1.1162484884262085,0.7764036655426025,0.626213788986206,0.4618309736251831,0.6050751805305481,0.8098851442337036,1.0903328657150269,1.2233844995498657,1.4441779851913452,1.318190574645996,1.5997849702835083,1.575114130973816,1.819517970085144,1.8393625020980835,1.5050642490386963,1.38016676902771,1.099407434463501,1.0290656089782715,0.9237905144691467,1.0103211402893066,1.1772780418395996,1.3586891889572144,1.5596684217453003,1.7834365367889404,1.7279720306396484,1.936207890510559,2.004654884338379,2.035993814468384,2.0872485637664795,1.7804173231124878,1.744997501373291,1.4969148635864258,1.4950058460235596,1.4268579483032227,1.4733502864837646,1.6374967098236084,1.7230556011199951
B13,1.4640690088272095,1.7177834510803223,1.6402473449707031,1.8826626539230347,1.8806099891662598,2.1428797245025635,1.9766210317611694,1.6683812141418457,1.2924836874008179,1.0723594427108765,0.7411360740661621,0.6156550049781799,0.48115333914756775,0.6477522850036621,0.9160803556442261,1.3160719871520996,1.557625651359558,1.4666478633880615,1.7589329481124878,1.7339574098587036,2.0790157318115234,1.9770865440368652,1.632381796836853,1.2990273237228394,0.9842541217803955,0.6445352435112,0.38115090131759644,0.0,0.3836727440357208,0.6752291321754456,1.2223708629608154,1.5000255107879639,1.4111456871032715,1.745875358581543,1.7286953926086426,2.080517292022705,2.0432558059692383,1.6818827390670776,1.4239873886108398,1.0938409566879272,0.8358567357063293,0.5952132344245911,0.46982234716415405,0.5934520363807678,0.7710090279579163,1.3720797300338745,1.6586158275604248,1.5957168340682983,1.9138087034225464,1.9112451076507568,2.1785778999328613,2.1824095249176025,1.8305847644805908,1.6523334980010986,1.3478646278381348,1.179709553718567,0.9936673045158386,0.9407652616500854,1.0259182453155518,1.1083810329437256,1.662217617034912,1.943403720855713,1.9409899711608887,2.1962811946868896,2.285975217819214,2.3577945232391357,2.400968313217163,2.0706067085266113,1.9778326749801636,1.6919584274291992,1.6156182289123535,1.4733517169952393,1.441851258277893,1.5273520946502686,1.54497492313385
