,A1,A2,A3,A4,A5,A6,A7,A8,A9,A10,A11,A12,A13,A14,A15,B1,B2,B3,B4,B5,B6,B7,B8,B9,B10,B11,B12,B13,B14,B15,C1,C2,C3,C4,C5,C6,C7,C8,C9,C10,C11,C12,C13,C14,C15,D1,D2,D3,D4,D5,D6,D7,D8,D9,D10,D11,D12,D13,D14,D15,E1,E2,E3,E4,E5,E6,E7,E8,E9,E10,E11,E12,E13,E14,E15
A1,0.0,0.3776695728302002,0.4706498682498932,0.6553244590759277,0.7107065916061401,1.0550557374954224,1.2248802185058594,1.5914500951766968,1.8216392993927002,2.127657413482666,2.430370330810547,2.628657817840576,2.9011378288269043,2.8377139568328857,3.1043574810028076,1.627583384513855,1.4971323013305664,1.1307061910629272,0.8195312023162842,0.6928348541259766,0.9754313826560974,1.1516767740249634,1.5261667966842651,1.7807780504226685,2.1137571334838867,2.421142816543579,2.6715474128723145,2.986459493637085,2.946532964706421,3.2798702716827393,1.7499393224716187,1.6441255807876587,1.2984198331832886,0.9308487772941589,0.7929479479789734,1.0143427848815918,1.182767629623413,1.5543086528778076,1.8093451261520386,2.152341842651367,2.4509034156799316,2.731003522872925,3.051882266998291,3.044794797897339,3.349517345428467,1.8520793914794922,1.8011921644210815,1.4768614768981934,1.0950249433517456,0.9679038524627686,1.117309331893921,1.3149406909942627,1.6631709337234497,1.8692468404769897,2.2264957427978516,2.4753968715667725,2.8120744228363037,3.103257179260254,3.1752233505249023,3.2965428829193115,1.6732898950576782,1.6138277053833008,1.2479033470153809,0.9653729200363159,0.9368512630462646,1.2441604137420654,1.30819833278656,1.7049860954284668,1.891294240951538,2.249706745147705,2.5142605304718018,2.836792469024658,3.128303050994873,3.2715775966644287,3.6586949825286865
A2,0.3776695728302002,0.0,0.3813778758049011,0.6674847602844238,0.8890424966812134,1.2262769937515259,1.4554252624511719,1.8280107975006104,2.0822269916534424,2.404916286468506,2.7150492668151855,2.9356935024261475,3.220043659210205,3.178666353225708,3.457559108734131,1.9948174953460693,1.843531847000122,1.462939977645874,1.151200294494629,1.057917594909668,1.3256900310516357,1.4855576753616333,1.866412878036499,2.1019928455352783,2.4507713317871094,2.743485689163208,3.0128345489501953,3.3201727867126465,3.2921228408813477,3.6284475326538086,2.093383550643921,1.95268714427948,1.587833285331726,1.244214653968811,1.1344802379608154,1.375775933265686,1.5055080652236938,1.8889153003692627,2.111837387084961,2.4670677185058594,2.7460274696350098,3.0341637134552,3.337451696395874,3.3276479244232178,3.6326277256011963,2.098905324935913,2.002054452896118,1.6755740642547607,1.291512131690979,1.1884360313415527,1.3934502601623535,1.5500600337982178,1.9239445924758911,2.1047825813293457,2.471891403198242,2.705970048904419,3.038447618484497,3.308558940887451,3.35526442527771,3.4707210063934326,1.7855329513549805,1.6596099138259888,1.289028525352478,0.9793938398361206,0.9929603934288025,1.3332667350769043,1.4459631443023682,1.8307870626449585,2.053105592727661,2.3849682807922363,2.6748931407928467,2.9658007621765137,3.28202223777771,3.41481614112854,3.798259735107422
A3,0.4706498682498932,0.3813778758049011,0.0,0.3651523292064667,0.6510983109474182,1.0125585794448853,1.3089278936386108,1.6403254270553589,1.941413402557373,2.23250412940979,2.5696771144866943,2.771801471710205,3.080476760864258,3.0400264263153076,3.338866949081421,1.909605860710144,1.79119074344635,1.4290118217468262,1.0664809942245483,0.9598258137702942,1.2008429765701294,1.4210418462753296,1.771672010421753,2.0444936752319336,2.3818304538726807,2.6929874420166016,2.9666526317596436,3.2961113452911377,3.293242931365967,3.6408801078796387,2.172773838043213,2.073002576828003,1.72020423412323,1.3460477590560913,1.2422971725463867,1.4155105352401733,1.5592535734176636,1.919633150100708,2.1489315032958984,2.5054726600646973,2.782848358154297,3.0918707847595215,3.406623125076294,3.434291362762451,3.7533373832702637,2.3224446773529053,2.2632808685302734,1.9306408166885376,1.5472849607467651,1.430704116821289,1.5686497688293457,1.721228837966919,2.0699985027313232,2.2279715538024902,2.5965638160705566,2.8089206218719482,3.165540933609009,3.4312260150909424,3.519914388656616,3.665116786956787,2.0876569747924805,2.0015218257904053,1.6334500312805176,1.318865418434143,1.267931342124939,1.5594687461853027,1.5844521522521973,1.9698916673660278,2.131758689880371,2.4724085330963135,2.728557825088501,3.022923469543457,3.3243470191955566,3.421736001968384,3.8153269290924072
A4,0.6553244590759277,0.6674847602844238,0.3651523292064667,0.0,0.3757072985172272,0.6847215890884399,1.0239191055297852,1.3310734033584595,1.6553531885147095,1.9434709548950195,2.2887392044067383,2.504608392715454,2.8281850814819336,2.8188631534576416,3.1407058238983154,1.9012818336486816,1.8560936450958252,1.5356669425964355,1.1571260690689087,0.948984682559967,1.073880672454834,1.2654900550842285,1.591323971748352,1.8509730100631714,2.1925313472747803,2.4918954372406006,2.7886364459991455,3.1204183101654053,3.157585620880127,3.5197396278381348,2.24090576171875,2.2036285400390625,1.8852503299713135,1.5003925561904907,1.3287928104400635,1.4018467664718628,1.483242154121399,1.820268154144287,2.011202812194824,2.374091148376465,2.625037908554077,2.9590721130371094,3.265028476715088,3.3333029747009277,3.668402910232544,2.4255917072296143,2.421293020248413,2.1159727573394775,1.7376976013183594,1.5536608695983887,1.6083033084869385,1.7001662254333496,2.0232553482055664,2.1275501251220703,2.4962806701660156,2.670457363128662,3.0459768772125244,3.291677236557007,3.4145700931549072,3.5925748348236084,2.1871001720428467,2.157074451446533,1.8135960102081299,1.4756110906600952,1.3307111263275146,1.5465527772903442,1.4826655387878418,1.8479598760604858,1.9546102285385132,2.28837251663208,2.5161356925964355,2.802553176879883,3.0935192108154297,3.1610267162323,3.558515787124634
A5,0.7107065916061401,0.8890424966812134,0.6510983109474182,0.3757072985172272,0.0,0.3874770998954773,0.6846298575401306,0.9910171031951904,1.3048419952392578,1.5861926078796387,1.9294780492782593,2.1376500129699707,2.4568045139312744,2.444244146347046,2.7662758827209473,1.632096290588379,1.6493701934814453,1.3783966302871704,1.0177363157272339,0.7208351492881775,0.7382813692092896,0.917896032333374,1.223354458808899,1.4904731512069702,1.824031114578247,2.1286473274230957,2.422257900238037,2.7591121196746826,2.8044543266296387,3.169679880142212,2.0123438835144043,2.0340280532836914,1.7608191967010498,1.381862998008728,1.1642605066299438,1.14201021194458,1.200697660446167,1.5038647651672363,1.6938711404800415,2.0473413467407227,2.298893690109253,2.6358444690704346,2.949228048324585,3.0352554321289062,3.374494791030884,2.2640697956085205,2.3154819011688232,2.036754846572876,1.6804618835449219,1.4585785865783691,1.4281766414642334,1.5058664083480835,1.7854444980621338,1.8787859678268433,2.234116554260254,2.4015653133392334,2.7843871116638184,3.0373716354370117,3.190885305404663,3.3834266662597656,2.1124179363250732,2.147275686264038,1.8268271684646606,1.5076191425323486,1.3118690252304077,1.4640979766845703,1.3287088871002197,1.6834253072738647,1.7360528707504272,2.0861940383911133,2.2807233333587646,2.591282606124878,2.856221914291382,2.926520824432373,3.326939821243286
A6,1.0550557374954224,1.2262769937515259,1.0125585794448853,0.6847215890884399,0.3874770998954773,0.0,0.3898277282714844,0.6534191370010376,0.9882012009620667,1.2792322635650635,1.6221866607666016,1.8612401485443115,2.19132661819458,2.2282004356384277,2.5739102363586426,1.746436357498169,1.84244966506958,1.6299054622650146,1.3014757633209229,0.9556769132614136,0.8022746443748474,0.8604804873466492,1.0964692831039429,1.307806372642517,1.6417205333709717,1.9132270812988281,2.2370104789733887,2.565011739730835,2.6608500480651855,3.038294792175293,2.1501998901367188,2.2332208156585693,2.0060036182403564,1.6458886861801147,1.377187967300415,1.2512922286987305,1.2054513692855835,1.4503642320632935,1.5662436485290527,1.9153063297271729,2.120622158050537,2.4820611476898193,2.77494740486145,2.9069619178771973,3.2596280574798584,2.3956544399261475,2.499631643295288,2.261922836303711,1.9266375303268433,1.65292489528656,1.5422966480255127,1.5347660779953003,1.7635647058486938,1.7807096242904663,2.121516466140747,2.2351608276367188,2.631185293197632,2.854495048522949,3.0438575744628906,3.270408868789673,2.229548454284668,2.3181629180908203,2.0371170043945312,1.7149370908737183,1.4503432512283325,1.5045719146728516,1.274374008178711,1.5713233947753906,1.5460915565490723,1.8748328685760498,2.027106761932373,2.324928045272827,2.572380781173706,2.6107261180877686,3.0124351978302
A7,1.2248802185058594,1.4554252624511719,1.3089278936386108,1.0239191055297852,0.6846298575401306,0.3898277282714844,0.0,0.4008917212486267,0.6414644718170166,0.9784312844276428,1.2905508279800415,1.5534406900405884,1.8616206645965576,1.9135318994522095,2.253466844558716,1.6398388147354126,1.7959434986114502,1.641435980796814,1.375423789024353,0.9946707487106323,0.7163622975349426,0.6069915294647217,0.7890356183052063,0.9383595585823059,1.2819068431854248,1.5334272384643555,1.8692396879196167,2.187009572982788,2.2960195541381836,2.676907777786255,1.9869667291641235,2.1268045902252197,1.9579237699508667,1.6362440586090088,1.3233795166015625,1.1002156734466553,0.9642581939697266,1.1436470746994019,1.2126803398132324,1.5519026517868042,1.7407225370407104,2.1071062088012695,2.395939826965332,2.5438921451568604,2.8998262882232666,2.2216293811798096,2.3807270526885986,2.1916885375976562,1.896429419517517,1.5874831676483154,1.3914707899093628,1.3304228782653809,1.4922791719436646,1.4732139110565186,1.79084312915802,1.887675404548645,2.2857158184051514,2.510223388671875,2.7233707904815674,2.9617154598236084,2.106660842895508,2.2588160037994385,2.0228660106658936,1.7339940071105957,1.4344581365585327,1.4030548334121704,1.1073200702667236,1.3551417589187622,1.2656595706939697,1.6008446216583252,1.7182114124298096,2.0408995151519775,2.262126922607422,2.3179640769958496,2.7182693481445312
A8,1.5914500951766968,1.8280107975006104,1.6403254270553589,1.3310734033584595,0.9910171031951904,0.6534191370010376,0.4008917212486267,0.0,0.3846307694911957,0.632478654384613,0.9777434468269348,1.2285112142562866,1.5646156072616577,1.6485040187835693,2.015192985534668,1.7156493663787842,1.9379258155822754,1.8504294157028198,1.6128240823745728,1.257204532623291,0.9178297519683838,0.8102397918701172,0.7948157787322998,0.9065295457839966,1.1696031093597412,1.3992661237716675,1.7325950860977173,2.0551421642303467,2.2141168117523193,2.595977306365967,2.1646921634674072,2.3552513122558594,2.227905511856079,1.9250671863555908,1.633754014968872,1.3574116230010986,1.2169607877731323,1.2849128246307373,1.3079020977020264,1.5880182981491089,1.7331608533859253,2.1032915115356445,2.3810153007507324,2.5813119411468506,2.9389584064483643,2.490201234817505,2.6845784187316895,2.512873649597168,2.2395198345184326,1.9381983280181885,1.7047696113586426,1.6308839321136475,1.7206413745880127,1.6581470966339111,1.9250710010528564,1.9707461595535278,2.3668057918548584,2.5678367614746094,2.830667734146118,3.096849203109741,2.4454009532928467,2.62549090385437,2.4035284519195557,2.1265339851379395,1.8228256702423096,1.7582780122756958,1.4280130863189697,1.6094672679901123,1.4324651956558228,1.7257637977600098,1.760323166847229,2.0681474208831787,2.2365894317626953,2.244701623916626,2.6389269828796387
A9,1.8216392993927002,2.0822269916534424,1.941413402557373,1.6553531885147095,1.3048419952392578,0.9882012009620667,0.6414644718170166,0.3846307694911957,0.0,0.39695093035697937,0.6553238034248352,0.960586428642273,1.2591792345046997,1.3812669515609741,1.739279866218567,1.7543410062789917,2.019563913345337,1.9829283952713013,1.80312979221344,1.4467014074325562,1.0720425844192505,0.8431262969970703,0.7037497758865356,0.6523732542991638,0.8771089911460876,1.0468908548355103,1.400248408317566,1.7013295888900757,1.8900656700134277,2.273002862930298,2.1184468269348145,2.3566625118255615,2.286567449569702,2.029245376586914,1.7179075479507446,1.3859063386917114,1.1725547313690186,1.134464144706726,1.0704808235168457,1.3011468648910522,1.399528980255127,1.770683765411377,2.032463312149048,2.259810209274292,2.6173253059387207,2.413149356842041,2.654493808746338,2.5344486236572266,2.30497145652771,1.986362338066101,1.6945194005966187,1.5698339939117432,1.5739613771438599,1.461146593093872,1.6743746995925903,1.6829801797866821,2.0692851543426514,2.2603793144226074,2.5519368648529053,2.830850124359131,2.4111573696136475,2.6421093940734863,2.467331886291504,2.2252357006073,1.90715754032135,1.7747834920883179,1.414671778678894,1.5183826684951782,1.2726999521255493,1.5379300117492676,1.5126729011535645,1.8336890935897827,1.9584192037582397,1.9810073375701904,2.3655495643615723
A10,2.127657413482666,2.404916286468506,2.23250412940979,1.9434709548950195,1.5861926078796387,1.2792322635650635,0.9784312844276428,0.632478654384613,0.39695093035697937,0.0,0.37750381231307983,0.6038138270378113,0.9448468685150146,1.0803810358047485,1.462250828742981,1.7924880981445312,2.105257034301758,2.132385492324829,1.986703872680664,1.6679550409317017,1.2806029319763184,1.1063870191574097,0.8464093208312988,0.8016098737716675,0.8512269854545593,0.9967111945152283,1.2926126718521118,1.6001312732696533,1.8215283155441284,2.1891770362854004,2.2496514320373535,2.5242502689361572,2.4911727905273438,2.2549943923950195,1.9797999858856201,1.6270878314971924,1.4572129249572754,1.3439358472824097,1.287685751914978,1.4284276962280273,1.4999457597732544,1.8374003171920776,2.093522787094116,2.3544223308563232,2.6974809169769287,2.653599262237549,2.9150805473327637,2.8015010356903076,2.5921690464019775,2.2976181507110596,1.9935240745544434,1.8965219259262085,1.8549286127090454,1.7481309175491333,1.9064157009124756,1.8931103944778442,2.2544474601745605,2.4351773262023926,2.7617416381835938,3.0485801696777344,2.7460265159606934,2.9883909225463867,2.8134429454803467,2.5852081775665283,2.2810232639312744,2.1549999713897705,1.7988625764846802,1.885756254196167,1.613525390625,1.8462975025177002,1.7598093748092651,2.062377691268921,2.1254730224609375,2.114440441131592,2.4756553173065186
A11,2.430370330810547,2.7150492668151855,2.5696771144866943,2.2887392044067383,1.9294780492782593,1.6221866607666016,1.2905508279800415,0.9777434468269348,0.6553238034248352,0.37750381231307983,0.0,0.3905641436576843,0.6473395228385925,0.8831258416175842,1.2458189725875854,1.985818862915039,2.321791172027588,2.3856148719787598,2.2787599563598633,1.9647139310836792,1.5735002756118774,1.3464831113815308,1.0442283153533936,0.8709615468978882,0.7954721450805664,0.7954235076904297,1.0735386610031128,1.3296233415603638,1.6065099239349365,1.9601598978042603,2.363302707672119,2.671444892883301,2.684779405593872,2.4863085746765137,2.203805923461914,1.828728199005127,1.61835777759552,1.4284658432006836,1.2939530611038208,1.3443012237548828,1.3345471620559692,1.6444939374923706,1.8610655069351196,2.1608645915985107,2.4924795627593994,2.7327370643615723,3.0287623405456543,2.9597911834716797,2.787200927734375,2.485224962234497,2.149015188217163,2.0148122310638428,1.9032264947891235,1.7519299983978271,1.8380943536758423,1.7728097438812256,2.1005699634552,2.2528233528137207,2.609839677810669,2.908529281616211,2.855137586593628,3.1331450939178467,2.997859239578247,2.7958292961120605,2.4845023155212402,2.3119001388549805,1.9461158514022827,1.9646735191345215,1.648077130317688,1.825656533241272,1.6707656383514404,1.9552744626998901,1.9543370008468628,1.9402282238006592,2.272209882736206
A12,2.628657817840576,2.9356935024261475,2.771801471710205,2.504608392715454,2.1376500129699707,1.8612401485443115,1.5534406900405884,1.2285112142562866,0.960586428642273,0.6038138270378113,0.3905641436576843,0.0,0.37293413281440735,0.5597448945045471,0.9405010938644409,1.9377973079681396,2.3021597862243652,2.4245100021362305,2.358948230743408,2.0892868041992188,1.704729676246643,1.5303566455841064,1.1736395359039307,1.059974193572998,0.8605771660804749,0.8788840770721436,1.0196924209594727,1.2854284048080444,1.5468343496322632,1.8674486875534058,2.384781837463379,2.7160587310791016,2.763174295425415,2.590428352355957,2.35052227973938,1.9697611331939697,1.816580891609192,1.587234616279602,1.5059092044830322,1.4928058385849,1.5043634176254272,1.7538297176361084,1.9819920063018799,2.27653169631958,2.5811965465545654,2.8670573234558105,3.171010732650757,3.101667642593384,2.9498348236083984,2.6809637546539307,2.3443217277526855,2.2575998306274414,2.1249139308929443,2.016939163208008,2.0733001232147217,2.0306403636932373,2.329272985458374,2.4968903064727783,2.861658811569214,3.145975351333618,3.095606803894043,3.3743669986724854,3.2309746742248535,3.0466291904449463,2.7592356204986572,2.6112940311431885,2.263037919998169,2.3024606704711914,1.9990352392196655,2.1857550144195557,2.024062395095825,2.3101630210876465,2.2793362140655518,2.2662692070007324,2.5732762813568115
A13,2.9011378288269043,3.220043659210205,3.080476760864258,2.8281850814819336,2.4568045139312744,2.19132661819458,1.8616206645965576,1.5646156072616577,1.2591792345046997,0.9448468685150146,0.6473395228385925,0.37293413281440735,0.0,0.39013227820396423,0.6793167591094971,2.0941474437713623,2.469294786453247,2.6282570362091064,2.6051082611083984,2.3495166301727295,1.9708901643753052,1.7683532238006592,1.3954538106918335,1.2208242416381836,0.931847333908081,0.8281163573265076,0.8490501046180725,1.03849196434021,1.3300321102142334,1.6111246347427368,2.4582271575927734,2.8153305053710938,2.909698247909546,2.7789347171783447,2.5452880859375,2.1546952724456787,1.9880107641220093,1.7024811506271362,1.5857065916061401,1.4815870523452759,1.4389182329177856,1.6198036670684814,1.8125770092010498,2.1221539974212646,2.3973662853240967,2.9242076873779297,3.2542216777801514,3.2245874404907227,3.1124699115753174,2.850311517715454,2.4941015243530273,2.3952503204345703,2.2061173915863037,2.0868234634399414,2.0754740238189697,2.0099542140960693,2.2582132816314697,2.4117863178253174,2.7904915809631348,3.0682952404022217,3.207738161087036,3.512345790863037,3.4014060497283936,3.247756242752075,2.9664742946624756,2.7930586338043213,2.451950788497925,2.4513401985168457,2.1349241733551025,2.287339210510254,2.0885062217712402,2.3619277477264404,2.2787561416625977,2.2824289798736572,2.5502514839172363
A14,2.8377139568328857,3.178666353225708,3.0400264263153076,2.8188631534576416,2.444244146347046,2.2282004356384277,1.9135318994522095,1.6485040187835693,1.3812669515609741,1.0803810358047485,0.8831258416175842,0.5597448945045471,0.39013227820396423,0.0,0.39177724719047546,1.830938458442688,2.2149224281311035,2.4190433025360107,2.441924571990967,2.232882022857666,1.877541184425354,1.718644618988037,1.325827717781067,1.2194552421569824,0.8790178298950195,0.8759167194366455,0.7762096524238586,1.0241745710372925,1.212962031364441,1.4735151529312134,2.2239253520965576,2.59026837348938,2.7117621898651123,2.610642671585083,2.4209043979644775,2.0375025272369385,1.9324655532836914,1.6290483474731445,1.5900596380233765,1.4638444185256958,1.4987961053848267,1.6366225481033325,1.8794056177139282,2.136404037475586,2.3914551734924316,2.788566827774048,3.1137304306030273,3.0782310962677,2.987064838409424,2.7637619972229004,2.417336940765381,2.3766934871673584,2.1855626106262207,2.1339271068573,2.1246302127838135,2.1222474575042725,2.3616158962249756,2.563345432281494,2.9199419021606445,3.1662745475769043,3.173159599304199,3.467968225479126,3.345452070236206,3.214705467224121,2.9670400619506836,2.8293447494506836,2.5189547538757324,2.560269355773926,2.2816710472106934,2.476567506790161,2.3162970542907715,2.623302459716797,2.562234878540039,2.603365421295166,2.87931227684021
A15,3.1043574810028076,3.457559108734131,3.338866949081421,3.1407058238983154,2.7662758827209473,2.5739102363586426,2.253466844558716,2.015192985534668,1.739279866218567,1.462250828742981,1.2458189725875854,0.9405010938644409,0.6793167591094971,0.39177724719047546,0.0,1.9588897228240967,2.339526653289795,2.5868141651153564,2.6609225273132324,2.484262704849243,2.1511175632476807,1.9911648035049438,1.6013667583465576,1.4810353517532349,1.1043357849121094,1.0483543872833252,0.7962802648544312,0.9432797431945801,1.0718473196029663,1.2448599338531494,2.2715344429016113,2.6546971797943115,2.827329158782959,2.7766828536987305,2.6136474609375,2.2368156909942627,2.146779775619507,1.8075947761535645,1.7712839841842651,1.571107268333435,1.5903671979904175,1.634970784187317,1.8548433780670166,2.087885618209839,2.2938263416290283,2.8493051528930664,3.189150333404541,3.187021493911743,3.140334367752075,2.94217848777771,2.591583013534546,2.5640201568603516,2.3322370052337646,2.2991058826446533,2.2357099056243896,2.2401962280273438,2.424877166748047,2.6294453144073486,2.9799437522888184,3.201813220977783,3.3169753551483154,3.6252479553222656,3.526818037033081,3.4314279556274414,3.204176902770996,3.0615339279174805,2.7721500396728516,2.7972564697265625,2.5271623134613037,2.7074966430664062,2.5366103649139404,2.839752674102783,2.7487576007843018,2.8146438598632812,3.0593647956848145
B1,1.627583384513855,1.9948174953460693,1.909605860710144,1.9012818336486816,1.632096290588379,1.746436357498169,1.6398388147354126,1.7156493663787842,1.7543410062789917,1.7924880981445312,1.985818862915039,1.9377973079681396,2.0941474437713623,1.830938458442688,1.9588897228240967,0.0,0.38726431131362915,0.6829591989517212,0.8967940807342529,0.9803016781806946,0.964984118938446,1.144653558731079,1.0936294794082642,1.4005348682403564,1.427753210067749,1.7870101928710938,1.8039450645446777,2.1454505920410156,2.0012710094451904,2.254168748855591,0.9025529026985168,1.0913277864456177,1.1200655698776245,1.0485620498657227,1.1154587268829346,0.9658025503158569,1.2686108350753784,1.2365646362304688,1.599733591079712,1.7008298635482788,2.0547423362731934,2.2049381732940674,2.5903427600860596,2.5915987491607666,2.836394786834717,1.787192463874817,1.9326099157333374,1.7378196716308594,1.6288810968399048,1.6123288869857788,1.4682658910751343,1.742423176765442,1.7693614959716797,2.0313963890075684,2.2065389156341553,2.4728012084960938,2.752678155899048,3.1051924228668213,3.2844412326812744,3.4046242237091064,2.3242032527923584,2.456782102584839,2.21964168548584,2.14682936668396,2.0937721729278564,2.2003607749938965,2.1077725887298584,2.3857667446136475,2.3737306594848633,2.736083507537842,2.8305811882019043,3.224069595336914,3.3617610931396484,3.517777919769287,3.8776354789733887
B2,1.4971323013305664,1.843531847000122,1.79119074344635,1.8560936450958252,1.6493701934814453,1.84244966506958,1.7959434986114502,1.9379258155822754,2.019563913345337,2.105257034301758,2.321791172027588,2.3021597862243652,2.469294786453247,2.2149224281311035,2.339526653289795,0.38726431131362915,0.0,0.3956151008605957,0.7260622978210449,0.9475109577178955,1.0813735723495483,1.311340570449829,1.3625539541244507,1.6774797439575195,1.755368947982788,2.112070322036743,2.142935276031494,2.4725406169891357,2.303837299346924,2.5436344146728516,0.8566668629646301,0.8995980620384216,0.8609665036201477,0.8151431679725647,1.0076504945755005,1.0031917095184326,1.3722989559173584,1.4234898090362549,1.8091181516647339,1.9404321908950806,2.3091766834259033,2.4524290561676025,2.8362154960632324,2.797044515609741,3.030120849609375,1.7069098949432373,1.7769302129745483,1.535935878753662,1.4266911745071411,1.4919911623001099,1.4399555921554565,1.774721622467041,1.8574787378311157,2.163895845413208,2.3626415729522705,2.660306215286255,2.9324240684509277,3.295581102371216,3.435337543487549,3.5274763107299805,2.241389513015747,2.3181164264678955,2.0587644577026367,2.0106141567230225,2.022819995880127,2.1897048950195312,2.16286563873291,2.4731664657592773,2.5193583965301514,2.8914170265197754,3.027881383895874,3.4203805923461914,3.5872480869293213,3.7589879035949707,4.123866558074951
B3,1.1307061910629272,1.462939977645874,1.4290118217468262,1.5356669425964355,1.3783966302871704,1.6299054622650146,1.641435980796814,1.8504294157028198,1.9829283952713013,2.132385492324829,2.3856148719787598,2.4245100021362305,2.6282570362091064,2.4190433025360107,2.5868141651153564,0.6829591989517212,0.3956151008605957,0.0,0.38419148325920105,0.6824159622192383,0.9414387345314026,1.2122644186019897,1.3744159936904907,1.7027496099472046,1.8627578020095825,2.2228145599365234,2.3162648677825928,2.6496529579162598,2.50675630569458,2.7745141983032227,0.9895479679107666,0.9237257242202759,0.71501624584198,0.5255626440048218,0.7521805167198181,0.867638111114502,1.2609992027282715,1.419906735420227,1.8043805360794067,2.002958059310913,2.3713459968566895,2.551994562149048,2.9288833141326904,2.887097120285034,3.139411687850952,1.6476341485977173,1.660808801651001,1.36067533493042,1.1724170446395874,1.2421060800552368,1.2638441324234009,1.6157541275024414,1.7780345678329468,2.088000774383545,2.336066722869873,2.6389310359954834,2.930187225341797,3.2860500812530518,3.4019858837127686,3.494123935699463,2.0406570434570312,2.070765733718872,1.7730953693389893,1.6955126523971558,1.7288334369659424,1.9436993598937988,1.952502727508545,2.296370267868042,2.386875629425049,2.7667076587677,2.9430782794952393,3.3262972831726074,3.529711961746216,3.7001683712005615,4.075406551361084
B4,0.8195312023162842,1.151200294494629,1.0664809942245483,1.1571260690689087,1.0177363157272339,1.3014757633209229,1.375423789024353,1.6128240823745728,1.80312979221344,1.986703872680664,2.2787599563598633,2.358948230743408,2.6051082611083984,2.441924571990967,2.6609225273132324,0.8967940807342529,0.7260622978210449,0.38419148325920105,0.0,0.38917285203933716,0.7327359914779663,1.0602487325668335,1.2890992164611816,1.6366360187530518,1.8561521768569946,2.220130681991577,2.373943328857422,2.7202742099761963,2.6284782886505127,2.930492401123047,1.2764760255813599,1.2219704389572144,0.9484502673149109,0.6185775399208069,0.7076997756958008,0.8316735625267029,1.1872156858444214,1.4187270402908325,1.776224136352539,2.032855987548828,2.3832755088806152,2.6144073009490967,2.9827322959899902,2.9742283821105957,3.2555184364318848,1.802261233329773,1.8089911937713623,1.4863213300704956,1.210410714149475,1.204590916633606,1.2406151294708252,1.5506432056427002,1.7705334424972534,2.0394680500030518,2.331163167953491,2.6085197925567627,2.931981325149536,3.267023801803589,3.3905341625213623,3.5084691047668457,2.0256710052490234,2.038473606109619,1.7069064378738403,1.5530107021331787,1.5478941202163696,1.780717134475708,1.7702447175979614,2.137892007827759,2.2316434383392334,2.6147470474243164,2.8046250343322754,3.174466609954834,3.400179862976074,3.545915365219116,3.9324355125427246
B5,0.6928348541259766,1.057917594909668,0.9598258137702942,0.948984682559967,0.7208351492881775,0.9556769132614136,0.9946707487106323,1.257204532623291,1.4467014074325562,1.6679550409317017,1.9647139310836792,2.0892868041992188,2.3495166301727295,2.232882022857666,2.484262704849243,0.9803016781806946,0.9475109577178955,0.6824159622192383,0.38917285203933716,0.0,0.39128538966178894,0.708548903465271,0.9894957542419434,1.3241451978683472,1.5900297164916992,1.9422857761383057,2.1441938877105713,2.4894373416900635,2.440727949142456,2.7704343795776367,1.3362717628479004,1.3543477058410645,1.1088740825653076,0.7515798211097717,0.6186766624450684,0.6188656687736511,0.8951889276504517,1.1576040983200073,1.4797977209091187,1.7724915742874146,2.1015138626098633,2.368687629699707,2.7254927158355713,2.748944044113159,3.0537617206573486,1.763343334197998,1.8224267959594727,1.5350027084350586,1.2325674295425415,1.102067232131958,1.0598840713500977,1.297237515449524,1.523744821548462,1.7443119287490845,2.0551538467407227,2.304543972015381,2.6494767665863037,2.966479539871216,3.1070663928985596,3.2520971298217773,1.8856925964355469,1.9434093236923218,1.6277598142623901,1.4226083755493164,1.328584909439087,1.5100065469741821,1.4416887760162354,1.803725242614746,1.8730683326721191,2.2556424140930176,2.4394710063934326,2.8046200275421143,3.0332436561584473,3.168330192565918,3.557746171951294
B6,0.9754313826560974,1.3256900310516357,1.2008429765701294,1.073880672454834,0.7382813692092896,0.8022746443748474,0.7163622975349426,0.9178297519683838,1.0720425844192505,1.2806029319763184,1.5735002756118774,1.704729676246643,1.9708901643753052,1.877541184425354,2.1511175632476807,0.964984118938446,1.0813735723495483,0.9414387345314026,0.7327359914779663,0.39128538966178894,0.0,0.38859692215919495,0.6216081380844116,0.9714046120643616,1.2395081520080566,1.5922610759735107,1.815779447555542,2.168647527694702,2.161489248275757,2.5097100734710693,1.3882111310958862,1.5086859464645386,1.3442436456680298,1.0345240831375122,0.8145371079444885,0.6011946201324463,0.7454177141189575,0.9329784512519836,1.2170640230178833,1.5064501762390137,1.8131190538406372,2.1043338775634766,2.4573349952697754,2.526467800140381,2.8474574089050293,1.8371211290359497,1.9710805416107178,1.7399227619171143,1.4692519903182983,1.2646199464797974,1.1023331880569458,1.2471972703933716,1.4071414470672607,1.5650917291641235,1.859579086303711,2.0696754455566406,2.430607795715332,2.7329466342926025,2.9159576892852783,3.093838691711426,1.969252347946167,2.0945301055908203,1.8207474946975708,1.6061036586761475,1.4300256967544556,1.5148835182189941,1.3494739532470703,1.6673656702041626,1.659676194190979,2.036249876022339,2.1745240688323975,2.5439140796661377,2.745748281478882,2.863212823867798,3.2522897720336914
B7,1.1516767740249634,1.4855576753616333,1.4210418462753296,1.2654900550842285,0.917896032333374,0.8604804873466492,0.6069915294647217,0.8102397918701172,0.8431262969970703,1.1063870191574097,1.3464831113815308,1.5303566455841064,1.7683532238006592,1.718644618988037,1.9911648035049438,1.144653558731079,1.311340570449829,1.2122644186019897,1.0602487325668335,0.708548903465271,0.38859692215919495,0.0,0.39406514167785645,0.6413165330886841,0.9683561325073242,1.2846837043762207,1.5463048219680786,1.8769468069076538,1.8926713466644287,2.25483775138855,1.3888531923294067,1.561875581741333,1.4516265392303467,1.189202070236206,0.8796097040176392,0.5542123913764954,0.47090771794319153,0.621532678604126,0.8469536304473877,1.1614536046981812,1.4489821195602417,1.7590755224227905,2.0989084243774414,2.1824147701263428,2.515698194503784,1.7071295976638794,1.8973610401153564,1.7302262783050537,1.4922813177108765,1.2150907516479492,0.956520140171051,0.9939023852348328,1.099806785583496,1.206606388092041,1.4955275058746338,1.687218189239502,2.0543291568756104,2.349055290222168,2.542806625366211,2.734675884246826,1.7977677583694458,1.9844906330108643,1.766373872756958,1.5633691549301147,1.3280152082443237,1.3142492771148682,1.08884596824646,1.3556712865829468,1.3090015649795532,1.6813523769378662,1.8051536083221436,2.1826581954956055,2.3749866485595703,2.509814739227295,2.8933231830596924
B8,1.5261667966842651,1.866412878036499,1.771672010421753,1.591323971748352,1.223354458808899,1.0964692831039429,0.7890356183052063,0.7948157787322998,0.7037497758865356,0.8464093208312988,1.0442283153533936,1.1736395359039307,1.3954538106918335,1.325827717781067,1.6013667583465576,1.0936294794082642,1.3625539541244507,1.3744159936904907,1.2890992164611816,0.9894957542419434,0.6216081380844116,0.39406514167785645,0.0,0.38909199833869934,0.6229809522628784,0.9753336906433105,1.213470220565796,1.5675362348556519,1.6072123050689697,1.973795771598816,1.4295494556427002,1.6830891370773315,1.6518218517303467,1.4428530931472778,1.1790248155593872,0.8048135638237,0.712145209312439,0.621626079082489,0.7953851819038391,1.0146329402923584,1.284286379814148,1.5845447778701782,1.9322267770767212,2.0580835342407227,2.388543128967285,1.8659762144088745,2.107456922531128,1.979219675064087,1.7906798124313354,1.533879041671753,1.2316317558288574,1.2449686527252197,1.2344270944595337,1.2972698211669922,1.5098985433578491,1.663122296333313,2.0190000534057617,2.307615280151367,2.550687313079834,2.7612829208374023,2.0711593627929688,2.2967798709869385,2.108109712600708,1.9324249029159546,1.6950068473815918,1.6365883350372314,1.3739492893218994,1.5673030614852905,1.4344773292541504,1.7743653059005737,1.8200093507766724,2.2005043029785156,2.334894895553589,2.453274965286255,2.8249905109405518
B9,1.7807780504226685,2.1019928455352783,2.0444936752319336,1.8509730100631714,1.4904731512069702,1.307806372642517,0.9383595585823059,0.9065295457839966,0.6523732542991638,0.8016098737716675,0.8709615468978882,1.059974193572998,1.2208242416381836,1.2194552421569824,1.4810353517532349,1.4005348682403564,1.6774797439575195,1.7027496099472046,1.6366360187530518,1.3241451978683472,0.9714046120643616,0.6413165330886841,0.38909199833869934,0.0,0.38715213537216187,0.6485863327980042,0.9531449675559998,1.2710825204849243,1.3576761484146118,1.7391117811203003,1.5729649066925049,1.8566890954971313,1.8683520555496216,1.6978110074996948,1.3976787328720093,1.012132167816162,0.7765868306159973,0.5601992011070251,0.5262221097946167,0.7109212279319763,0.9223400950431824,1.2510724067687988,1.5774517059326172,1.7387092113494873,2.082170009613037,1.8718072175979614,2.1586883068084717,2.0937139987945557,1.9414550065994263,1.6474989652633667,1.2962274551391602,1.202054738998413,1.0967700481414795,1.0636582374572754,1.2223937511444092,1.3247014284133911,1.6794341802597046,1.9504870176315308,2.2194385528564453,2.45060658454895,2.039937973022461,2.315931558609009,2.1851613521575928,2.0279688835144043,1.757288932800293,1.612243890762329,1.310039758682251,1.4063664674758911,1.2066205739974976,1.5069178342819214,1.5043350458145142,1.8864145278930664,1.989722728729248,2.123669385910034,2.4822957515716553
B10,2.1137571334838867,2.4507713317871094,2.3818304538726807,2.1925313472747803,1.824031114578247,1.6417205333709717,1.2819068431854248,1.1696031093597412,0.8771089911460876,0.8512269854545593,0.7954721450805664,0.8605771660804749,0.931847333908081,0.8790178298950195,1.1043357849121094,1.427753210067749,1.755368947982788,1.8627578020095825,1.8561521768569946,1.5900297164916992,1.2395081520080566,0.9683561325073242,0.6229809522628784,0.38715213537216187,0.0,0.38193008303642273,0.600605309009552,0.9549091458320618,1.0529248714447021,1.4306660890579224,1.6205775737762451,1.9561604261398315,2.0345840454101562,1.9145464897155762,1.659419298171997,1.2656314373016357,1.0847325325012207,0.7729471921920776,0.7248128652572632,0.6994022727012634,0.8666308522224426,1.125565528869629,1.4559913873672485,1.6445417404174805,1.9645675420761108,2.0143353939056396,2.3324496746063232,2.2987711429595947,2.1924734115600586,1.931670904159546,1.570173740386963,1.4994653463363647,1.3211727142333984,1.2896493673324585,1.3480331897735596,1.422993540763855,1.726508378982544,1.9927881956100464,2.2941601276397705,2.5231595039367676,2.3047432899475098,2.6005749702453613,2.489624261856079,2.3640830516815186,2.1127655506134033,1.9627395868301392,1.6715480089187622,1.730986475944519,1.5030510425567627,1.7577505111694336,1.6910210847854614,2.05906081199646,2.0964159965515137,2.2244181632995605,2.553457260131836
B11,2.421142816543579,2.743485689163208,2.6929874420166016,2.4918954372406006,2.1286473274230957,1.9132270812988281,1.5334272384643555,1.3992661237716675,1.0468908548355103,0.9967111945152283,0.7954235076904297,0.8788840770721436,0.8281163573265076,0.8759167194366455,1.0483543872833252,1.7870101928710938,2.112070322036743,2.2228145599365234,2.220130681991577,1.9422857761383057,1.5922610759735107,1.2846837043762207,0.9753336906433105,0.6485863327980042,0.38193008303642273,0.0,0.3961787521839142,0.6600630879402161,0.866730809211731,1.244374394416809,1.8827050924301147,2.228301763534546,2.3328661918640137,2.2351601123809814,1.9623992443084717,1.5736486911773682,1.3346492052078247,1.0018296241760254,0.8092195391654968,0.6580770015716553,0.6469716429710388,0.8893718123435974,1.164975881576538,1.4181302785873413,1.7375319004058838,2.166400909423828,2.511291742324829,2.525972366333008,2.4465432167053223,2.167525291442871,1.789185643196106,1.6513173580169678,1.410908818244934,1.2937889099121094,1.261387586593628,1.2504446506500244,1.5155709981918335,1.7412772178649902,2.078517436981201,2.3280537128448486,2.4243111610412598,2.752257823944092,2.686925172805786,2.575420379638672,2.3059239387512207,2.099830150604248,1.7927360534667969,1.7670326232910156,1.489533543586731,1.6707390546798706,1.5344364643096924,1.8757351636886597,1.8540279865264893,1.9862557649612427,2.2836902141571045
B12,2.6715474128723145,3.0128345489501953,2.9666526317596436,2.7886364459991455,2.422257900238037,2.2370104789733887,1.8692396879196167,1.7325950860977173,1.400248408317566,1.2926126718521118,1.0735386610031128,1.0196924209594727,0.8490501046180725,0.7762096524238586,0.7962802648544312,1.8039450645446777,2.142935276031494,2.3162648677825928,2.373943328857422,2.1441938877105713,1.815779447555542,1.5463048219680786,1.213470220565796,0.9531449675559998,0.600605309009552,0.3961787521839142,0.0,0.3812107443809509,0.5385599732398987,0.8973647356033325,1.8639137744903564,2.238636016845703,2.4032516479492188,2.3598806858062744,2.133070468902588,1.750768780708313,1.5670933723449707,1.1942874193191528,1.0645837783813477,0.8039456009864807,0.8008405566215515,0.869221568107605,1.1416583061218262,1.3657976388931274,1.6303739547729492,2.2200896739959717,2.581289291381836,2.6233623027801514,2.591573476791382,2.353584051132202,1.9773648977279663,1.8840304613113403,1.6056666374206543,1.5406134128570557,1.4440542459487915,1.457705020904541,1.6463271379470825,1.8828850984573364,2.2132747173309326,2.429988145828247,2.6071369647979736,2.9425103664398193,2.8916397094726562,2.8180065155029297,2.580705404281616,2.389899969100952,2.1146600246429443,2.0928986072540283,1.8378866910934448,2.0087053775787354,1.8644740581512451,2.1939949989318848,2.1354126930236816,2.2810280323028564,2.5424880981445312
B13,2.986459493637085,3.3201727867126465,3.2961113452911377,3.1204183101654053,2.7591121196746826,2.565011739730835,2.187009572982788,2.0551421642303467,1.7013295888900757,1.6001312732696533,1.3296233415603638,1.2854284048080444,1.03849196434021,1.0241745710372925,0.9432797431945801,2.1454505920410156,2.4725406169891357,2.6496529579162598,2.7202742099761963,2.4894373416900635,2.168647527694702,1.8769468069076538,1.5675362348556519,1.2710825204849243,0.9549091458320618,0.6600630879402161,0.3812107443809509,0.0,0.3970932066440582,0.6776116490364075,2.1052091121673584,2.4799447059631348,2.6720736026763916,2.6576104164123535,2.4260976314544678,2.0542590618133545,1.842995285987854,1.4644533395767212,1.2754958868026733,0.9514987468719482,0.8185271620750427,0.7476978898048401,0.9146304726600647,1.170962929725647,1.3937689065933228,2.3625435829162598,2.740622043609619,2.829612970352173,2.8315587043762207,2.591578245162964,2.2103710174560547,2.0814974308013916,1.7599515914916992,1.6552603244781494,1.4749506711959839,1.432750940322876,1.5364476442337036,1.7324185371398926,2.07297945022583,2.2836177349090576,2.7450344562530518,3.1027257442474365,3.0948636531829834,3.045534372329712,2.8075733184814453,2.582348585128784,2.3146920204162598,2.2351880073547363,1.9685550928115845,2.078019618988037,1.8936889171600342,2.185960531234741,2.072652578353882,2.234497547149658,2.4455761909484863
