,A1,A2,A3,A4,A5,A6,A7,A8,A9,A10,A11,A12,A13,A14,A15,B1,B2,B3,B4,B5,B6,B7,B8,B9,B10,B11,B12,B13,B14,B15,C1,C2,C3,C4,C5,C6,C7,C8,C9,C10,C11,C12,C13,C14,C15,D1,D2,D3,D4,D5,D6,D7,D8,D9,D10,D11,D12,D13,D14,D15,E1,E2,E3,E4,E5,E6,E7,E8,E9,E10,E11,E12,E13,E14,E15
A1,0.0,0.39286139607429504,0.5563907623291016,0.7784057259559631,0.7944645881652832,1.0699163675308228,1.0237948894500732,1.380963921546936,1.446190595626831,1.8073420524597168,1.9160094261169434,2.2330539226531982,2.5159220695495605,2.4681856632232666,2.697744131088257,1.1756178140640259,0.982589602470398,0.9296876192092896,0.800385057926178,0.8808724880218506,1.214251160621643,1.2838560342788696,1.5982307195663452,1.7430074214935303,2.0626237392425537,2.242899179458618,2.5314040184020996,2.828573703765869,2.7632219791412354,3.0262386798858643,1.6974856853485107,1.6289451122283936,1.4054994583129883,1.4407248497009277,1.3481899499893188,1.5972092151641846,1.6646761894226074,1.916237711906433,2.086265802383423,2.353729486465454,2.5791540145874023,2.8354549407958984,3.148193836212158,3.1262667179107666,3.3781614303588867,2.178250312805176,2.1582584381103516,1.9105150699615479,1.946386456489563,1.8360227346420288,2.039734125137329,2.0863704681396484,2.286661386489868,2.45915150642395,2.676313638687134,2.941103219985962,3.1940813064575195,3.4705920219421387,3.6018710136413574,3.7336068153381348,2.6259825229644775,2.678950309753418,2.4005465507507324,2.496203660964966,2.344153642654419,2.5432465076446533,2.560290813446045,2.699531316757202,2.8713786602020264,2.993565797805786,3.2838480472564697,3.3785274028778076,3.7334201335906982,3.7971925735473633,4.174766540527344
A2,0.39286139607429504,0.0,0.3821088969707489,0.6674942970275879,0.8646189570426941,1.1914796829223633,1.257059931755066,1.6272695064544678,1.7428994178771973,2.1152284145355225,2.2434773445129395,2.579921245574951,2.856961488723755,2.8196189403533936,3.034635543823242,1.397702693939209,1.1305004358291626,0.9693905115127563,0.7580317854881287,0.8919481039047241,1.2536866664886475,1.4270724058151245,1.7606390714645386,1.957513689994812,2.2973315715789795,2.498605251312256,2.8133554458618164,3.106142520904541,3.0499889850616455,3.303041934967041,1.812488079071045,1.67270827293396,1.399857521057129,1.3503602743148804,1.3007851839065552,1.5814694166183472,1.7362608909606934,2.0114340782165527,2.233307361602783,2.5248420238494873,2.7721645832061768,3.0569498538970947,3.3672430515289307,3.3584017753601074,3.6005611419677734,2.2410943508148193,2.1648409366607666,1.8770066499710083,1.847400188446045,1.7616711854934692,1.9897304773330688,2.1072781085968018,2.3271541595458984,2.5489211082458496,2.7884151935577393,3.0730953216552734,3.3531837463378906,3.62298321723938,3.7801125049591064,3.8976073265075684,2.6366775035858154,2.6461780071258545,2.3354544639587402,2.38200044631958,2.250993013381958,2.468369722366333,2.5438339710235596,2.6947920322418213,2.9122204780578613,3.0498502254486084,3.3672850131988525,3.4818015098571777,3.8482484817504883,3.9459822177886963,4.326687812805176
A3,0.5563907623291016,0.3821088969707489,0.0,0.3648304343223572,0.5859171152114868,0.9553571939468384,1.1082444190979004,1.4727768898010254,1.6648904085159302,2.026075601577759,2.21321439743042,2.5481655597686768,2.8544890880584717,2.8662002086639404,3.1111719608306885,1.5733976364135742,1.3650799989700317,1.1627395153045654,0.8673254251480103,0.835859477519989,1.1231857538223267,1.3334370851516724,1.625803828239441,1.8752096891403198,2.190871238708496,2.4388444423675537,2.745729684829712,3.065302848815918,3.0580761432647705,3.3398561477661133,1.9567890167236328,1.8568936586380005,1.550288438796997,1.4424934387207031,1.300686001777649,1.5032027959823608,1.6679327487945557,1.8916435241699219,2.145510196685791,2.4047088623046875,2.687288999557495,2.9589457511901855,3.2919580936431885,3.3271706104278564,3.597827196121216,2.3463892936706543,2.303943395614624,1.991836428642273,1.9206383228302002,1.7658318281173706,1.9285410642623901,2.046116352081299,2.2140800952911377,2.454085111618042,2.6579270362854004,2.968709707260132,3.2349910736083984,3.5276546478271484,3.7123234272003174,3.8602116107940674,2.700667142868042,2.7434277534484863,2.41902494430542,2.4282634258270264,2.2457833290100098,2.4107980728149414,2.4805121421813965,2.5815062522888184,2.8017868995666504,2.898071050643921,3.2215960025787354,3.307405471801758,3.6784756183624268,3.773137331008911,4.147389888763428
A4,0.7784057259559631,0.6674942970275879,0.3648304343223572,0.0,0.3761136531829834,0.6899417042732239,0.9356660842895508,1.2751647233963013,1.5179013013839722,1.8724467754364014,2.0917017459869385,2.4432125091552734,2.746293783187866,2.7998902797698975,3.044692039489746,1.5554813146591187,1.3936878442764282,1.1376848220825195,0.7933850884437561,0.6216100454330444,0.824662446975708,1.0844987630844116,1.352927565574646,1.6451752185821533,1.9561233520507812,2.2307064533233643,2.5498147010803223,2.871086359024048,2.8969898223876953,3.185497760772705,1.8465155363082886,1.7756645679473877,1.4451626539230347,1.2902932167053223,1.0746135711669922,1.2096011638641357,1.389292597770691,1.585671067237854,1.8685396909713745,2.120457649230957,2.4236130714416504,2.702989339828491,3.039215087890625,3.1025664806365967,3.3809425830841064,2.17696475982666,2.160485029220581,1.833715558052063,1.73369300365448,1.5242761373519897,1.6353322267532349,1.7527738809585571,1.8922659158706665,2.1485800743103027,2.3414928913116455,2.666337490081787,2.9357407093048096,3.232120990753174,3.4382688999176025,3.5945873260498047,2.4842336177825928,2.5537919998168945,2.2252414226531982,2.2117040157318115,1.9896763563156128,2.115623950958252,2.177593231201172,2.2516634464263916,2.4757046699523926,2.557744026184082,2.8874621391296387,2.970743417739868,3.3449249267578125,3.451815128326416,3.8249003887176514
A5,0.7944645881652832,0.8646189570426941,0.5859171152114868,0.3761136531829834,0.0,0.3831723630428314,0.605283796787262,0.937139093875885,1.2004464864730835,1.5385738611221313,1.781576156616211,2.116828680038452,2.4390175342559814,2.5143399238586426,2.7837908267974854,1.4711304903030396,1.3958241939544678,1.205685019493103,0.9164409637451172,0.6506901979446411,0.7523466348648071,0.9021463394165039,1.1192797422409058,1.3959392309188843,1.6737107038497925,1.9588673114776611,2.2510554790496826,2.591287612915039,2.636441946029663,2.947471857070923,1.8151084184646606,1.819979190826416,1.525521159172058,1.4331471920013428,1.1585081815719604,1.2219339609146118,1.3016647100448608,1.440781831741333,1.6852409839630127,1.894743800163269,2.196720600128174,2.442641019821167,2.7940378189086914,2.8678929805755615,3.1690948009490967,2.1682639122009277,2.214841365814209,1.920196771621704,1.8704582452774048,1.6219723224639893,1.6820443868637085,1.719689130783081,1.8121765851974487,2.022310495376587,2.1737477779388428,2.4913365840911865,2.7272348403930664,3.041872024536133,3.2360448837280273,3.4200663566589355,2.5043015480041504,2.625694751739502,2.3261032104492188,2.348567247390747,2.093998432159424,2.1818296909332275,2.178805112838745,2.2192885875701904,2.3938310146331787,2.4406983852386475,2.7441835403442383,2.7938060760498047,3.1592156887054443,3.2304232120513916,3.599074363708496
A6,1.0699163675308228,1.1914796829223633,0.9553571939468384,0.6899417042732239,0.3831723630428314,0.0,0.37983959913253784,0.6222640872001648,0.9379773139953613,1.2512089014053345,1.5243486166000366,1.8662322759628296,2.1809747219085693,2.3001933097839355,2.5702826976776123,1.4286532402038574,1.4409818649291992,1.2641239166259766,1.018431305885315,0.6664971709251404,0.5670701861381531,0.627434492111206,0.763703465461731,1.0628950595855713,1.318042278289795,1.6257787942886353,1.9177101850509644,2.2614004611968994,2.339406728744507,2.6606576442718506,1.6986175775527954,1.7705669403076172,1.5006436109542847,1.4258003234863281,1.090635895729065,1.0448709726333618,1.0438652038574219,1.1142358779907227,1.345645546913147,1.526078701019287,1.8379110097885132,2.075422763824463,2.4325051307678223,2.5284526348114014,2.842458486557007,2.0046305656433105,2.1082234382629395,1.8372856378555298,1.8073675632476807,1.5121619701385498,1.5010626316070557,1.4733386039733887,1.5143749713897705,1.6957117319107056,1.8170604705810547,2.134084939956665,2.355677366256714,2.678257703781128,2.8771448135375977,3.0772385597229004,2.317397117614746,2.487661838531494,2.214163303375244,2.2498362064361572,1.9588152170181274,1.9966498613357544,1.939337968826294,1.9451115131378174,2.08280611038208,2.105311155319214,2.3928041458129883,2.428443193435669,2.7894842624664307,2.8511600494384766,3.2194621562957764
A7,1.0237948894500732,1.257059931755066,1.1082444190979004,0.9356660842895508,0.605283796787262,0.37983959913253784,0.0,0.3712286353111267,0.5962794423103333,0.9383717179298401,1.1810619831085205,1.5219870805740356,1.8396751880645752,1.9379234313964844,2.2158308029174805,1.1943267583847046,1.2807127237319946,1.201600432395935,1.0564693212509155,0.7694903016090393,0.718148410320282,0.5695746541023254,0.6976755857467651,0.8717753291130066,1.1236783266067505,1.3867647647857666,1.6606159210205078,2.004840612411499,2.0517466068267822,2.377042531967163,1.5500339269638062,1.676231861114502,1.4699076414108276,1.4930133819580078,1.1881229877471924,1.1728713512420654,1.0629205703735352,1.137832522392273,1.2686949968338013,1.438771367073059,1.7011672258377075,1.914353847503662,2.2656216621398926,2.32327938079834,2.6368699073791504,1.9168477058410645,2.057600736618042,1.83829927444458,1.8863812685012817,1.6190682649612427,1.6321477890014648,1.5339237451553345,1.5894100666046143,1.6956456899642944,1.8132563829421997,2.086704730987549,2.285161256790161,2.6014950275421143,2.7556777000427246,2.9546620845794678,2.2984466552734375,2.4894795417785645,2.2544119358062744,2.352349042892456,2.07999587059021,2.1364247798919678,2.0297739505767822,2.0581657886505127,2.143561601638794,2.1773643493652344,2.4268152713775635,2.459239959716797,2.8016200065612793,2.827408790588379,3.195551872253418
A8,1.380963921546936,1.6272695064544678,1.4727768898010254,1.2751647233963013,0.937139093875885,0.6222640872001648,0.3712286353111267,0.0,0.38280922174453735,0.6334773302078247,0.9385378956794739,1.262102484703064,1.5842320919036865,1.7428042888641357,2.034137010574341,1.34320068359375,1.5118826627731323,1.464621901512146,1.3603084087371826,1.0592691898345947,0.894119918346405,0.6351184844970703,0.5526614189147949,0.6521872878074646,0.8080983757972717,1.0965572595596313,1.3376411199569702,1.700362205505371,1.7944328784942627,2.1420140266418457,1.6300275325775146,1.8244537115097046,1.6605111360549927,1.7038581371307373,1.3783884048461914,1.2740620374679565,1.0698128938674927,1.031164288520813,1.0853931903839111,1.1716817617416382,1.4261823892593384,1.595216989517212,1.9594156742095947,2.043947219848633,2.3815643787384033,1.944484829902649,2.1452229022979736,1.9648784399032593,2.0351552963256836,1.7428394556045532,1.6884018182754517,1.5161174535751343,1.4993815422058105,1.5388991832733154,1.5926592350006104,1.8460440635681152,2.0007810592651367,2.3305532932281494,2.4776766300201416,2.7060818672180176,2.300800085067749,2.540802001953125,2.3427603244781494,2.4543650150299072,2.158087730407715,2.1619017124176025,1.9953601360321045,1.9786779880523682,2.0030434131622314,1.9942203760147095,2.2034990787506104,2.201063871383667,2.525686025619507,2.5187580585479736,2.8790576457977295
A9,1.446190595626831,1.7428994178771973,1.6648904085159302,1.5179013013839722,1.2004464864730835,0.9379773139953613,0.5962794423103333,0.38280922174453735,0.0,0.3797962963581085,0.587658703327179,0.9407340288162231,1.2460713386535645,1.3721412420272827,1.6597827672958374,1.1526083946228027,1.3977574110031128,1.4415409564971924,1.4339860677719116,1.208431363105774,1.097408652305603,0.7577766180038452,0.7023398280143738,0.5799281597137451,0.7182992696762085,0.8892061710357666,1.1147058010101318,1.4569709300994873,1.493402361869812,1.8351808786392212,1.4775177240371704,1.720388650894165,1.6310425996780396,1.7579444646835327,1.4816893339157104,1.4186468124389648,1.1515671014785767,1.1444841623306274,1.0846388339996338,1.173889398574829,1.3376723527908325,1.486286997795105,1.820772409439087,1.8421965837478638,2.1636857986450195,1.831947922706604,2.0612401962280273,1.9403502941131592,2.0804216861724854,1.8300971984863281,1.8099315166473389,1.5921622514724731,1.609757661819458,1.5782054662704468,1.647111415863037,1.8363163471221924,1.9749529361724854,2.277200222015381,2.367609739303589,2.577101707458496,2.246014356613159,2.4954609870910645,2.340426206588745,2.508854627609253,2.2437660694122314,2.274871587753296,2.076218605041504,2.0975847244262695,2.0803754329681396,2.1032917499542236,2.2737085819244385,2.2876596450805664,2.5863442420959473,2.554903745651245,2.912139892578125
A10,1.8073420524597168,2.1152284145355225,2.026075601577759,1.8724467754364014,1.5385738611221313,1.2512089014053345,0.9383717179298401,0.6334773302078247,0.3797962963581085,0.0,0.3707946538925171,0.6415371298789978,0.9666702151298523,1.1729384660720825,1.4856607913970947,1.4409750699996948,1.727099895477295,1.7966651916503906,1.8063435554504395,1.5739067792892456,1.4205873012542725,1.0686527490615845,0.9028248190879822,0.6869827508926392,0.6067200303077698,0.7163341641426086,0.8228327035903931,1.189462661743164,1.2761802673339844,1.6456503868103027,1.7143689393997192,2.000042676925659,1.9481332302093506,2.087283134460449,1.807228446006775,1.6973611116409302,1.3878505229949951,1.2961925268173218,1.1492112874984741,1.1191834211349487,1.2222400903701782,1.2741025686264038,1.607244610786438,1.644016146659851,1.9889107942581177,2.0192034244537354,2.291686773300171,2.2100110054016113,2.3666019439697266,2.108306407928467,2.0442070960998535,1.7787623405456543,1.736371397972107,1.632751703262329,1.6261231899261475,1.7653871774673462,1.8320153951644897,2.1369991302490234,2.1978700160980225,2.439067840576172,2.407334089279175,2.6922879219055176,2.5750575065612793,2.7550253868103027,2.4799387454986572,2.471461296081543,2.2275986671447754,2.2105045318603516,2.130464553833008,2.109584331512451,2.2214195728302,2.191756248474121,2.4535250663757324,2.370260715484619,2.7069897651672363
A11,1.9160094261169434,2.2434773445129395,2.21321439743042,2.0917017459869385,1.781576156616211,1.5243486166000366,1.1810619831085205,0.9385378956794739,0.587658703327179,0.3707946538925171,0.0,0.39626628160476685,0.6588796377182007,0.8160470724105835,1.1198365688323975,1.3492978811264038,1.6820670366287231,1.819339394569397,1.901938557624817,1.7313306331634521,1.6197757720947266,1.247023344039917,1.1313040256500244,0.8276427388191223,0.7611123323440552,0.6779755353927612,0.737095296382904,1.0292645692825317,1.0165520906448364,1.3672798871994019,1.620671033859253,1.9352951049804688,1.951577067375183,2.1515941619873047,1.9210374355316162,1.8497698307037354,1.517716884613037,1.4686477184295654,1.2569330930709839,1.250747799873352,1.2526689767837524,1.2889207601547241,1.5592937469482422,1.510161280632019,1.8185372352600098,1.9425636529922485,2.229447603225708,2.204105854034424,2.4143760204315186,2.2000763416290283,2.1704068183898926,1.8848187923431396,1.8822649717330933,1.7339366674423218,1.755495548248291,1.831299066543579,1.8909249305725098,2.1509199142456055,2.1504509449005127,2.3571081161499023,2.3707284927368164,2.653668165206909,2.5772974491119385,2.802537679672241,2.5625061988830566,2.582578420639038,2.3237786293029785,2.347229480743408,2.2431929111480713,2.2615864276885986,2.3443403244018555,2.34244441986084,2.577975273132324,2.4846882820129395,2.81402850151062
A12,2.2330539226531982,2.579921245574951,2.5481655597686768,2.4432125091552734,2.116828680038452,1.8662322759628296,1.5219870805740356,1.262102484703064,0.9407340288162231,0.6415371298789978,0.39626628160476685,0.0,0.39454472064971924,0.6222259998321533,0.9742491841316223,1.6857688426971436,2.0260305404663086,2.192382335662842,2.2839457988739014,2.1166419982910156,2.0053927898406982,1.6354159116744995,1.4932712316513062,1.1893665790557861,1.0333079099655151,0.8920798897743225,0.75916588306427,0.9965503215789795,0.9913147687911987,1.334331750869751,1.9674590826034546,2.2922563552856445,2.3321173191070557,2.5440425872802734,2.3172659873962402,2.238593816757202,1.8995064496994019,1.8197671175003052,1.5799123048782349,1.5038552284240723,1.4500672817230225,1.3819026947021484,1.611307978630066,1.5510977506637573,1.853128433227539,2.2758727073669434,2.5763864517211914,2.5767836570739746,2.7993743419647217,2.588581085205078,2.5469491481781006,2.2461838722229004,2.216155529022217,2.032505989074707,2.0045723915100098,2.0351204872131348,2.025874137878418,2.2707858085632324,2.2247378826141357,2.4481000900268555,2.6960251331329346,2.990506410598755,2.9389193058013916,3.1744446754455566,2.9360148906707764,2.9414403438568115,2.663221836090088,2.666703462600708,2.5262081623077393,2.5145628452301025,2.549974203109741,2.510619640350342,2.7040297985076904,2.557831287384033,2.853757858276367
A13,2.5159220695495605,2.856961488723755,2.8544890880584717,2.746293783187866,2.4390175342559814,2.1809747219085693,1.8396751880645752,1.5842320919036865,1.2460713386535645,0.9666702151298523,0.6588796377182007,0.39454472064971924,0.0,0.3857010304927826,0.6562173366546631,1.807612419128418,2.1723549365997314,2.3634538650512695,2.4991300106048584,2.360506057739258,2.2451395988464355,1.8652124404907227,1.7211894989013672,1.3722351789474487,1.1987494230270386,0.9408918619155884,0.7374452948570251,0.8088820576667786,0.7114377021789551,1.0074167251586914,2.002601385116577,2.3512394428253174,2.446528673171997,2.6890695095062256,2.4937283992767334,2.4138476848602295,2.053975820541382,1.9749679565429688,1.6811842918395996,1.5949759483337402,1.4480845928192139,1.3436847925186157,1.4825431108474731,1.3471455574035645,1.5995103120803833,2.261380672454834,2.5825424194335938,2.6390633583068848,2.8952219486236572,2.712653160095215,2.671755790710449,2.3462071418762207,2.322566032409668,2.089322090148926,2.0617055892944336,2.0216686725616455,1.986594557762146,2.176161050796509,2.066547393798828,2.2584586143493652,2.6681671142578125,2.9713261127471924,2.9696223735809326,3.23435640335083,3.0199477672576904,3.0255656242370605,2.7240166664123535,2.7433276176452637,2.5657126903533936,2.5740773677825928,2.5660347938537598,2.5443801879882812,2.6987128257751465,2.54069447517395,2.818405866622925
A14,2.4681856632232666,2.8196189403533936,2.8662002086639404,2.7998902797698975,2.5143399238586426,2.3001933097839355,1.9379234313964844,1.7428042888641357,1.3721412420272827,1.1729384660720825,0.8160470724105835,0.6222259998321533,0.3857010304927826,0.0,0.37975820899009705,1.6992065906524658,2.062633752822876,2.3060972690582275,2.4864015579223633,2.4038138389587402,2.3466925621032715,1.9741986989974976,1.8974521160125732,1.54987633228302,1.4578375816345215,1.1956937313079834,1.0741190910339355,1.1021296977996826,0.8767690658569336,1.0735366344451904,1.9437519311904907,2.2771682739257812,2.4102067947387695,2.691856622695923,2.5416362285614014,2.518704414367676,2.175605297088623,2.1593809127807617,1.8793535232543945,1.8594896793365479,1.712048888206482,1.6595561504364014,1.7716182470321655,1.5734997987747192,1.7636394500732422,2.2536568641662598,2.549431562423706,2.6300058364868164,2.9162087440490723,2.7760794162750244,2.7872226238250732,2.4809114933013916,2.511981248855591,2.2958643436431885,2.3211781978607178,2.281704902648926,2.28352952003479,2.4484798908233643,2.3182260990142822,2.46201753616333,2.710963249206543,2.98240065574646,2.990034341812134,3.281493902206421,3.10286283493042,3.153958559036255,2.8726587295532227,2.9377384185791016,2.7832860946655273,2.83439040184021,2.845379590988159,2.857555627822876,3.0210864543914795,2.882981300354004,3.166598320007324
A15,2.697744131088257,3.034635543823242,3.1111719608306885,3.044692039489746,2.7837908267974854,2.5702826976776123,2.2158308029174805,2.034137010574341,1.6597827672958374,1.4856607913970947,1.1198365688323975,0.9742491841316223,0.6562173366546631,0.37975820899009705,0.0,1.802492618560791,2.1696648597717285,2.4298899173736572,2.649317502975464,2.6002891063690186,2.5486550331115723,2.179668426513672,2.1158289909362793,1.7507505416870117,1.6720554828643799,1.359121322631836,1.246744155883789,1.157640814781189,0.8361015319824219,0.8898862600326538,1.9569737911224365,2.295232057571411,2.4801981449127197,2.78717041015625,2.675823211669922,2.6630144119262695,2.316493272781372,2.3166286945343018,2.0112226009368896,2.007162094116211,1.804734230041504,1.757905125617981,1.792965054512024,1.5243300199508667,1.6318740844726562,2.2193405628204346,2.517526626586914,2.650970458984375,2.9656996726989746,2.8621394634246826,2.8856935501098633,2.5719313621520996,2.6230738162994385,2.3813722133636475,2.4260213375091553,2.3383026123046875,2.341162919998169,2.450873374938965,2.2730371952056885,2.364008903503418,2.664127826690674,2.927718162536621,2.9807791709899902,3.2981815338134766,3.1522908210754395,3.2148380279541016,2.926330804824829,3.0174059867858887,2.8461389541625977,2.9281184673309326,2.9159748554229736,2.9576117992401123,3.0968551635742188,2.9676437377929688,3.2403719425201416
B1,1.1756178140640259,1.397702693939209,1.5733976364135742,1.5554813146591187,1.4711304903030396,1.4286532402038574,1.1943267583847046,1.34320068359375,1.1526083946228027,1.4409750699996948,1.3492978811264038,1.6857688426971436,1.807612419128418,1.6992065906524658,1.802492618560791,0.0,0.3766338527202606,0.6486039757728577,0.9362545609474182,1.0653347969055176,1.2340091466903687,1.0565255880355835,1.3249115943908691,1.2302743196487427,1.5547062158584595,1.5520561933517456,1.860302448272705,2.0327391624450684,1.8562699556350708,2.028460741043091,0.6854464411735535,0.7973688244819641,0.8485480546951294,1.1637141704559326,1.1563453674316406,1.3707530498504639,1.2385014295578003,1.5196027755737305,1.503958821296692,1.8102346658706665,1.8856412172317505,2.16046142578125,2.373697519302368,2.2383952140808105,2.406497001647949,1.2479513883590698,1.3261820077896118,1.2636449337005615,1.5171899795532227,1.4798743724822998,1.6940919160842896,1.5899180173873901,1.8459272384643555,1.8741207122802734,2.1406807899475098,2.2828636169433594,2.5400543212890625,2.7321062088012695,2.774395704269409,2.8305559158325195,1.807569146156311,1.9112396240234375,1.768027424812317,2.02376651763916,1.9221538305282593,2.1400647163391113,2.0450150966644287,2.2597625255584717,2.3316688537597656,2.5333337783813477,2.7490789890289307,2.906996011734009,3.2132890224456787,3.271083354949951,3.6471166610717773
B2,0.982589602470398,1.1305004358291626,1.3650799989700317,1.3936878442764282,1.3958241939544678,1.4409818649291992,1.2807127237319946,1.5118826627731323,1.3977574110031128,1.727099895477295,1.6820670366287231,2.0260305404663086,2.1723549365997314,2.062633752822876,2.1696648597717285,0.3766338527202606,0.0,0.37958207726478577,0.7090529203414917,0.957510232925415,1.2248656749725342,1.1618179082870483,1.4901173114776611,1.4806122779846191,1.8341866731643677,1.8771624565124512,2.2024078369140625,2.3891725540161133,2.2255771160125732,2.3938534259796143,0.8174323439598083,0.7474140524864197,0.7123134136199951,0.9937839508056641,1.060519814491272,1.3614095449447632,1.335144281387329,1.6629668474197388,1.7222552299499512,2.0561697483062744,2.1707332134246826,2.46921706199646,2.6929049491882324,2.574336528778076,2.7378523349761963,1.3539515733718872,1.3298214673995972,1.2030036449432373,1.406079649925232,1.4137325286865234,1.688709020614624,1.6692451238632202,1.9604361057281494,2.0529110431671143,2.3451578617095947,2.519857406616211,2.8041880130767822,2.9992828369140625,3.068248748779297,3.1144840717315674,1.8817205429077148,1.919057846069336,1.726486325263977,1.9465110301971436,1.8769084215164185,2.137904405593872,2.110182046890259,2.346635341644287,2.473933219909668,2.6914331912994385,2.942342519760132,3.114983081817627,3.439392328262329,3.5246894359588623,3.906794309616089
B3,0.9296876192092896,0.9693905115127563,1.1627395153045654,1.1376848220825195,1.205685019493103,1.2641239166259766,1.201600432395935,1.464621901512146,1.4415409564971924,1.7966651916503906,1.819339394569397,2.192382335662842,2.3634538650512695,2.3060972690582275,2.4298899173736572,0.6486039757728577,0.37958207726478577,0.0,0.3683112561702728,0.670753538608551,0.9658053517341614,1.0096797943115234,1.3679457902908325,1.4462497234344482,1.8239933252334595,1.9254498481750488,2.281780481338501,2.488555669784546,2.3727855682373047,2.5576906204223633,0.8573841452598572,0.7112795114517212,0.49087950587272644,0.6611782312393188,0.7282651662826538,1.0712714195251465,1.1352412700653076,1.488839864730835,1.6242443323135376,1.979522943496704,2.1427688598632812,2.4705076217651367,2.7108850479125977,2.6357743740081787,2.8130428791046143,1.299722671508789,1.2355031967163086,1.0108487606048584,1.1277912855148315,1.1119287014007568,1.4027016162872314,1.4482907056808472,1.7512032985687256,1.9056991338729858,2.212594509124756,2.4259371757507324,2.7363529205322266,2.9413487911224365,3.0546939373016357,3.1072256565093994,1.754256010055542,1.775307059288025,1.5237399339675903,1.685353398323059,1.5961668491363525,1.8606774806976318,1.8788700103759766,2.1125922203063965,2.286576509475708,2.5061910152435303,2.790282726287842,2.972313165664673,3.314379930496216,3.4313693046569824,3.8179965019226074
B4,0.800385057926178,0.7580317854881287,0.8673254251480103,0.7933850884437561,0.9164409637451172,1.018431305885315,1.0564693212509155,1.3603084087371826,1.4339860677719116,1.8063435554504395,1.901938557624817,2.2839457988739014,2.4991300106048584,2.4864015579223633,2.649317502975464,0.9362545609474182,0.7090529203414917,0.3683112561702728,0.0,0.3823447823524475,0.741291880607605,0.905173659324646,1.2721980810165405,1.4439641237258911,1.8210980892181396,1.9900450706481934,2.351138114929199,2.596574544906616,2.5333025455474854,2.7531540393829346,1.1312123537063599,1.0001167058944702,0.6835423707962036,0.6433202028274536,0.5895202159881592,0.9233518242835999,1.071484088897705,1.4054564237594604,1.6153569221496582,1.9574294090270996,2.177466630935669,2.5060572624206543,2.7791383266448975,2.755054473876953,2.9652438163757324,1.5002464056015015,1.440103530883789,1.1451706886291504,1.147355079650879,1.0517301559448242,1.3054519891738892,1.4031320810317993,1.6725646257400513,1.882883906364441,2.1696300506591797,2.429088592529297,2.7410318851470947,2.974686861038208,3.128631591796875,3.211183786392212,1.88083016872406,1.9112961292266846,1.6121906042099,1.6959221363067627,1.5559642314910889,1.787194848060608,1.8375416994094849,2.030367851257324,2.2390530109405518,2.426539897918701,2.737942695617676,2.900413751602173,3.2594592571258545,3.386430025100708,3.773345470428467
B5,0.8808724880218506,0.8919481039047241,0.835859477519989,0.6216100454330444,0.6506901979446411,0.6664971709251404,0.7694903016090393,1.0592691898345947,1.208431363105774,1.5739067792892456,1.7313306331634521,2.1166419982910156,2.360506057739258,2.4038138389587402,2.6002891063690186,1.0653347969055176,0.957510232925415,0.670753538608551,0.3823447823524475,0.0,0.38880306482315063,0.6112908720970154,0.9591280817985535,1.1966861486434937,1.5580459833145142,1.7803962230682373,2.1374003887176514,2.413546323776245,2.405170202255249,2.66055965423584,1.241996169090271,1.2055398225784302,0.8888230919837952,0.7947402000427246,0.5358445644378662,0.7202228903770447,0.8506147265434265,1.1289355754852295,1.3754843473434448,1.6872345209121704,1.9481756687164307,2.264350175857544,2.565519332885742,2.588632106781006,2.8350327014923096,1.5614947080612183,1.5736539363861084,1.2714166641235352,1.2408212423324585,1.0272897481918335,1.1718378067016602,1.235440731048584,1.438134789466858,1.6598232984542847,1.906916856765747,2.195723295211792,2.49168062210083,2.754561185836792,2.934401750564575,3.055250883102417,1.8995847702026367,1.9922956228256226,1.6931004524230957,1.746864914894104,1.5279721021652222,1.6818838119506836,1.6966595649719238,1.8267889022827148,2.0244975090026855,2.1650266647338867,2.4798519611358643,2.610851287841797,2.976431369781494,3.0942165851593018,3.4786505699157715
B6,1.214251160621643,1.2536866664886475,1.1231857538223267,0.824662446975708,0.7523466348648071,0.5670701861381531,0.718148410320282,0.894119918346405,1.097408652305603,1.4205873012542725,1.6197757720947266,2.0053927898406982,2.2451395988464355,2.3466925621032715,2.5486550331115723,1.2340091466903687,1.2248656749725342,0.9658053517341614,0.741291880607605,0.38880306482315063,0.0,0.3813331127166748,0.6502118110656738,0.9545422792434692,1.291822910308838,1.5529096126556396,1.9131596088409424,2.1943466663360596,2.238516092300415,2.5084383487701416,1.2920386791229248,1.3332847356796265,1.0417369604110718,0.923485517501831,0.5552826523780823,0.4891848564147949,0.5708005428314209,0.7773188352584839,1.0661859512329102,1.3566592931747437,1.6492952108383179,1.9660887718200684,2.276782751083374,2.343109369277954,2.608431577682495,1.512093424797058,1.5903297662734985,1.3012751340866089,1.252790927886963,0.9470646381378174,0.9597307443618774,0.9691081643104553,1.10199773311615,1.3316819667816162,1.5506322383880615,1.8603025674819946,2.1510660648345947,2.4274749755859375,2.6331427097320557,2.776921033859253,1.7815296649932861,1.933600664138794,1.6511375904083252,1.6852458715438843,1.4001874923706055,1.4705069065093994,1.4374390840530396,1.5111174583435059,1.6921132802963257,1.8004169464111328,2.116316318511963,2.2335615158081055,2.6023824214935303,2.724064826965332,3.1070070266723633
B7,1.2838560342788696,1.4270724058151245,1.3334370851516724,1.0844987630844116,0.9021463394165039,0.627434492111206,0.5695746541023254,0.6351184844970703,0.7577766180038452,1.0686527490615845,1.247023344039917,1.6354159116744995,1.8652124404907227,1.9741986989974976,2.179668426513672,1.0565255880355835,1.1618179082870483,1.0096797943115234,0.905173659324646,0.6112908720970154,0.3813331127166748,0.0,0.3689325451850891,0.5944857597351074,0.9506912231445312,1.1909058094024658,1.5491161346435547,1.8330564498901367,1.8703906536102295,2.152371406555176,1.1505262851715088,1.293578028678894,1.0884243249893188,1.0960190296173096,0.7636551856994629,0.670404314994812,0.4964788556098938,0.6472400426864624,0.8200652599334717,1.0987555980682373,1.3602772951126099,1.6593551635742188,1.9737294912338257,2.0207557678222656,2.2983181476593018,1.410826325416565,1.5672788619995117,1.350906252861023,1.4006593227386475,1.1119390726089478,1.1003828048706055,0.9729782342910767,1.0739433765411377,1.1981796026229858,1.3927106857299805,1.6655994653701782,1.928022861480713,2.209352493286133,2.3796589374542236,2.5363008975982666,1.7428364753723145,1.9477595090866089,1.7227569818496704,1.827010154724121,1.5457619428634644,1.5982460975646973,1.4762420654296875,1.54193115234375,1.6407318115234375,1.7373090982437134,2.006652593612671,2.1072051525115967,2.4583981037139893,2.539893388748169,2.923384666442871
B8,1.5982307195663452,1.7606390714645386,1.625803828239441,1.352927565574646,1.1192797422409058,0.763703465461731,0.6976755857467651,0.5526614189147949,0.7023398280143738,0.9028248190879822,1.1313040256500244,1.4932712316513062,1.7211894989013672,1.8974521160125732,2.1158289909362793,1.3249115943908691,1.4901173114776611,1.3679457902908325,1.2721980810165405,0.9591280817985535,0.6502118110656738,0.3689325451850891,0.0,0.38096627593040466,0.6523702144622803,0.9557757377624512,1.294769048690796,1.596513032913208,1.7024445533752441,2.009352207183838,1.3635205030441284,1.5655674934387207,1.3982174396514893,1.4023956060409546,1.0575867891311646,0.8435628414154053,0.5749334692955017,0.47938254475593567,0.5954092741012573,0.7819302082061768,1.0808852910995483,1.3517539501190186,1.6905131340026855,1.789642095565796,2.1004977226257324,1.5420334339141846,1.759021520614624,1.5793170928955078,1.6284865140914917,1.3075677156448364,1.1899172067642212,0.9794647097587585,0.9498976469039917,1.0089136362075806,1.1186044216156006,1.39876389503479,1.6239368915557861,1.9327380657196045,2.1174185276031494,2.3149261474609375,1.8139305114746094,2.073603630065918,1.884516954421997,1.9812612533569336,1.6650488376617432,1.6352778673171997,1.4469733238220215,1.4333997964859009,1.4670395851135254,1.498827576637268,1.7382475137710571,1.797389030456543,2.142282009124756,2.2003612518310547,2.5802268981933594
B9,1.7430074214935303,1.957513689994812,1.8752096891403198,1.6451752185821533,1.3959392309188843,1.0628950595855713,0.8717753291130066,0.6521872878074646,0.5799281597137451,0.6869827508926392,0.8276427388191223,1.1893665790557861,1.3722351789474487,1.54987633228302,1.7507505416870117,1.2302743196487427,1.4806122779846191,1.4462497234344482,1.4439641237258911,1.1966861486434937,0.9545422792434692,0.5944857597351074,0.38096627593040466,0.0,0.38295528292655945,0.6007789969444275,0.9609283804893494,1.2460551261901855,1.325696349143982,1.635570764541626,1.2580513954162598,1.5343197584152222,1.4553914070129395,1.5497767925262451,1.2584586143493652,1.0854204893112183,0.7344021201133728,0.6421951651573181,0.506001889705658,0.6553550362586975,0.8468731641769409,1.0998092889785767,1.421738862991333,1.4720045328140259,1.7831370830535889,1.448548674583435,1.7218188047409058,1.6197867393493652,1.7491989135742188,1.4726133346557617,1.377153992652893,1.0935548543930054,1.0752242803573608,1.0024163722991943,1.0965825319290161,1.2886264324188232,1.4804743528366089,1.7690649032592773,1.8946483135223389,2.086967945098877,1.770442247390747,2.0604965686798096,1.932035207748413,2.0925347805023193,1.8063585758209229,1.788400411605835,1.544629454612732,1.5555299520492554,1.5112786293029785,1.558780312538147,1.7322900295257568,1.793313980102539,2.1021082401275635,2.1212234497070312,2.496466636657715
B10,2.0626237392425537,2.2973315715789795,2.190871238708496,1.9561233520507812,1.6737107038497925,1.318042278289795,1.1236783266067505,0.8080983757972717,0.7182992696762085,0.6067200303077698,0.7611123323440552,1.0333079099655151,1.1987494230270386,1.4578375816345215,1.6720554828643799,1.5547062158584595,1.8341866731643677,1.8239933252334595,1.8210980892181396,1.5580459833145142,1.291822910308838,0.9506912231445312,0.6523702144622803,0.38295528292655945,0.0,0.3734867572784424,0.6531713604927063,0.9757190942764282,1.1511050462722778,1.4939377307891846,1.5756784677505493,1.8800042867660522,1.8265104293823242,1.9212197065353394,1.6243032217025757,1.4107146263122559,1.055138349533081,0.8501197099685669,0.6184033751487732,0.5141847133636475,0.6535611152648926,0.7942231297492981,1.151512861251831,1.2563223838806152,1.6120319366455078,1.7144935131072998,2.0226292610168457,1.9533441066741943,2.085007667541504,1.799363136291504,1.6519209146499634,1.3340415954589844,1.2217531204223633,1.0613218545913696,1.0242879390716553,1.1637225151062012,1.2615858316421509,1.5741806030273438,1.685115098953247,1.9300602674484253,1.9889105558395386,2.313258409500122,2.2208189964294434,2.379376173019409,2.0806329250335693,2.0089797973632812,1.7213338613510132,1.6678863763809204,1.5458377599716187,1.518910527229309,1.6205925941467285,1.617790937423706,1.8914752006530762,1.8532606363296509,2.2137959003448486
B11,2.242899179458618,2.498605251312256,2.4388444423675537,2.2307064533233643,1.9588673114776611,1.6257787942886353,1.3867647647857666,1.0965572595596313,0.8892061710357666,0.7163341641426086,0.6779755353927612,0.8920798897743225,0.9408918619155884,1.1956937313079834,1.359121322631836,1.5520561933517456,1.8771624565124512,1.9254498481750488,1.9900450706481934,1.7803962230682373,1.5529096126556396,1.1909058094024658,0.9557757377624512,0.6007789969444275,0.3734867572784424,0.0,0.39328208565711975,0.6461167931556702,0.7799860239028931,1.121023178100586,1.5310512781143188,1.875543236732483,1.8955918550491333,2.0497186183929443,1.8017984628677368,1.62217378616333,1.2429596185684204,1.0848925113677979,0.762050449848175,0.6643470525741577,0.5782305002212524,0.6634389758110046,0.9467498064041138,0.9589747786521912,1.3026634454727173,1.6530866622924805,1.9927605390548706,1.9927924871444702,2.1815507411956787,1.9409029483795166,1.820614218711853,1.4737014770507812,1.3968863487243652,1.1611437797546387,1.1387083530426025,1.1630700826644897,1.2260676622390747,1.4799644947052002,1.5085233449935913,1.7272993326187134,1.9509638547897339,2.287370204925537,2.2512707710266113,2.458634376525879,2.195814847946167,2.143542766571045,1.828980565071106,1.8128657341003418,1.6436278820037842,1.6537141799926758,1.6964008808135986,1.7168322801589966,1.941909909248352,1.8787119388580322,2.2238729000091553
B12,2.5314040184020996,2.8133554458618164,2.745729684829712,2.5498147010803223,2.2510554790496826,1.9177101850509644,1.6606159210205078,1.3376411199569702,1.1147058010101318,0.8228327035903931,0.737095296382904,0.75916588306427,0.7374452948570251,1.0741190910339355,1.246744155883789,1.860302448272705,2.2024078369140625,2.281780481338501,2.351138114929199,2.1374003887176514,1.9131596088409424,1.5491161346435547,1.294769048690796,0.9609283804893494,0.6531713604927063,0.39328208565711975,0.0,0.39194363355636597,0.6477869153022766,1.0177010297775269,1.8812757730484009,2.2357985973358154,2.274120330810547,2.439269781112671,2.18996524810791,2.0065114498138428,1.6297563314437866,1.4440715312957764,1.121206283569336,0.9264075756072998,0.7690496444702148,0.6282422542572021,0.8644639849662781,0.885819137096405,1.250364065170288,2.0023679733276367,2.3522863388061523,2.3743033409118652,2.571723699569702,2.3323798179626465,2.199751615524292,1.846505045890808,1.7349598407745361,1.4694650173187256,1.3695427179336548,1.3307783603668213,1.278207540512085,1.5163159370422363,1.4859930276870728,1.7421910762786865,2.287851572036743,2.6341989040374756,2.6223106384277344,2.83520245552063,2.5728273391723633,2.501152276992798,2.170506715774536,2.123378038406372,1.9117259979248047,1.8723680973052979,1.8478666543960571,1.8087315559387207,1.9745110273361206,1.8365061283111572,2.142028570175171
B13,2.828573703765869,3.106142520904541,3.065302848815918,2.871086359024048,2.591287612915039,2.2614004611968994,2.004840612411499,1.700362205505371,1.4569709300994873,1.189462661743164,1.0292645692825317,0.9965503215789795,0.8088820576667786,1.1021296977996826,1.157640814781189,2.0327391624450684,2.3891725540161133,2.488555669784546,2.596574544906616,2.413546323776245,2.1943466663360596,1.8330564498901367,1.596513032913208,1.2460551261901855,0.9757190942764282,0.6461167931556702,0.39194363355636597,0.0,0.39646124839782715,0.6987606883049011,1.9673107862472534,2.336944818496704,2.4268083572387695,2.6168224811553955,2.403064012527466,2.2232346534729004,1.8394367694854736,1.664984941482544,1.3039915561676025,1.115660309791565,0.8363460302352905,0.640731692314148,0.6796752214431763,0.5790757536888123,0.9099993705749512,2.021104335784912,2.3884379863739014,2.468087673187256,2.694187879562378,2.4874672889709473,2.356196403503418,1.9858067035675049,1.8832331895828247,1.5675718784332275,1.4695134162902832,1.3298561573028564,1.235973834991455,1.3845168352127075,1.2619218826293945,1.4840197563171387,2.272902488708496,2.6278398036956787,2.6718740463256836,2.910308599472046,2.676389455795288,2.602299928665161,2.2505667209625244,2.219942808151245,1.9659174680709839,1.9506388902664185,1.8672749996185303,1.8523813486099243,1.9603595733642578,1.8112720251083374,2.0884017944335938
