,A1,A2,A3,A4,A5,A6,A7,A8,A9,A10,A11,A12,A13,A14,A15,B1,B2,B3,B4,B5,B6,B7,B8,B9,B10,B11,B12,B13,B14,B15,C1,C2,C3,C4,C5,C6,C7,C8,C9,C10,C11,C12,C13,C14,C15,D1,D2,D3,D4,D5,D6,D7,D8,D9,D10,D11,D12,D13,D14,D15,E1,E2,E3,E4,E5,E6,E7,E8,E9,E10,E11,E12,E13,E14,E15
A1,0.0,0.32347163558006287,0.22586926817893982,0.5687313079833984,0.7448210120201111,1.1120374202728271,1.4365074634552002,1.7133986949920654,2.0569887161254883,2.3090736865997314,2.6795008182525635,2.873278856277466,3.128448963165283,3.1305220127105713,3.355766773223877,1.6399378776550293,1.3898565769195557,1.116965413093567,0.8042562007904053,0.9075224995613098,1.0951687097549438,1.4531104564666748,1.7264940738677979,2.0803091526031494,2.3799972534179688,2.754347324371338,2.991284132003784,3.3171253204345703,3.271699905395508,3.5460305213928223,1.8335976600646973,1.6829808950424194,1.3906992673873901,1.1506767272949219,1.073989748954773,1.2576764822006226,1.6043747663497925,1.808036208152771,2.1808524131774902,2.4689176082611084,2.8464834690093994,3.125715732574463,3.432868719100952,3.3853795528411865,3.6709487438201904,2.0293490886688232,1.9467310905456543,1.634846806526184,1.4211041927337646,1.287347435951233,1.5218842029571533,1.7838765382766724,1.956931710243225,2.3162169456481934,2.58807110786438,2.9270424842834473,3.2463669776916504,3.535334587097168,3.5431277751922607,3.8172807693481445,2.126311779022217,2.004979372024536,1.6281836032867432,1.2849130630493164,1.0668690204620361,1.2359108924865723,1.450026273727417,1.6813017129898071,2.024299383163452,2.2754974365234375,2.6404716968536377,2.8690223693847656,3.2488577365875244,3.4167096614837646,3.8034250736236572
A2,0.32347163558006287,0.0,0.38002291321754456,0.6673408150672913,0.8959118723869324,1.2680014371871948,1.5854132175445557,1.903478741645813,2.2392666339874268,2.523131847381592,2.890529155731201,3.1050937175750732,3.3565733432769775,3.3698112964630127,3.585300922393799,1.8534083366394043,1.589802622795105,1.2664260864257812,0.9239887595176697,1.0701305866241455,1.2398005723953247,1.5710077285766602,1.8853421211242676,2.214653968811035,2.5436692237854004,2.9031383991241455,3.1581084728240967,3.474194288253784,3.4400975704193115,3.70621657371521,1.9617749452590942,1.7841296195983887,1.449496865272522,1.1516352891921997,1.1296825408935547,1.297062873840332,1.65846586227417,1.8909659385681152,2.251875400543213,2.568014144897461,2.9345438480377197,3.235283851623535,3.533220052719116,3.4970006942749023,3.7744460105895996,2.089214563369751,1.9783329963684082,1.6326409578323364,1.360534429550171,1.248307228088379,1.4804142713546753,1.7863831520080566,1.9635133743286133,2.3376057147979736,2.6185142993927,2.9586856365203857,3.2987797260284424,3.5750844478607178,3.5964457988739014,3.8567044734954834,2.1296327114105225,1.9870171546936035,1.6060601472854614,1.233538269996643,1.077624797821045,1.2673135995864868,1.5428873300552368,1.757851481437683,2.1240599155426025,2.362738609313965,2.7417774200439453,2.9692530632019043,3.3513436317443848,3.544149160385132,3.921037435531616
A3,0.22586926817893982,0.38002291321754456,0.0,0.3598182797431946,0.6199634075164795,0.9692699909210205,1.3186829090118408,1.6060640811920166,1.9635454416275024,2.2305965423583984,2.610633134841919,2.827389717102051,3.1019606590270996,3.1308135986328125,3.3742318153381348,1.7476314306259155,1.5351418256759644,1.2773898839950562,0.9399198293685913,0.9637091159820557,1.0717215538024902,1.4242002964019775,1.6857408285140991,2.0348494052886963,2.3433454036712646,2.713925838470459,2.9743082523345947,3.311664581298828,3.291715383529663,3.5824472904205322,1.9591481685638428,1.8415659666061401,1.5541000366210938,1.2889100313186646,1.1608046293258667,1.277861475944519,1.616151213645935,1.7833908796310425,2.156689167022705,2.433507204055786,2.8130507469177246,3.1075282096862793,3.42852783203125,3.4059700965881348,3.706990957260132,2.15378999710083,2.1000728607177734,1.79182767868042,1.5559146404266357,1.3780133724212646,1.5656414031982422,1.8148750066757202,1.9491442441940308,2.3113889694213867,2.5601954460144043,2.9096360206604004,3.231619358062744,3.534011125564575,3.5659096240997314,3.8536465167999268,2.243407964706421,2.1504549980163574,1.7811188697814941,1.4232696294784546,1.1734139919281006,1.2790005207061768,1.4748609066009521,1.6581202745437622,1.999708890914917,2.217820167541504,2.5850892066955566,2.7863929271698,3.1712112426757812,3.330798387527466,3.7170026302337646
A4,0.5687313079833984,0.6673408150672913,0.3598182797431946,0.0,0.39369815587997437,0.6753859519958496,1.0426431894302368,1.344448447227478,1.7099767923355103,2.0002520084381104,2.386489152908325,2.6367084980010986,2.933108329772949,3.002734422683716,3.2679455280303955,1.810141921043396,1.668514609336853,1.4434841871261597,1.0887330770492554,0.9845094680786133,0.9549311399459839,1.2763549089431763,1.5084859132766724,1.8413410186767578,2.1578011512756348,2.517421245574951,2.8094370365142822,3.160003900527954,3.1790874004364014,3.4924426078796387,2.0418643951416016,1.9882808923721313,1.7231782674789429,1.438415765762329,1.2238531112670898,1.2295970916748047,1.5324790477752686,1.6316896677017212,1.9976568222045898,2.2493972778320312,2.627854347229004,2.939643144607544,3.27888560295105,3.293491840362549,3.616687297821045,2.2371749877929688,2.2416741847991943,1.955345869064331,1.7055740356445312,1.456252098083496,1.5597202777862549,1.7654964923858643,1.8335729837417603,2.187852621078491,2.395559787750244,2.7555034160614014,3.0741829872131348,3.3960535526275635,3.4620959758758545,3.771158456802368,2.3236875534057617,2.288795232772827,1.9431160688400269,1.5815091133117676,1.276638150215149,1.2689229249954224,1.4123146533966064,1.5139682292938232,1.8400543928146362,2.00614333152771,2.370105504989624,2.5324795246124268,2.920783281326294,3.068480968475342,3.452174186706543
A5,0.7448210120201111,0.8959118723869324,0.6199634075164795,0.39369815587997437,0.0,0.3829399645328522,0.7009533643722534,1.011459231376648,1.3579367399215698,1.652613878250122,2.0291616916656494,2.2763447761535645,2.5603835582733154,2.630950689315796,2.89033579826355,1.5143651962280273,1.4383878707885742,1.2596510648727417,0.9289224743843079,0.7020550966262817,0.5829787850379944,0.8985814452171326,1.115835189819336,1.4550737142562866,1.7670950889587402,2.130037784576416,2.416564464569092,2.766718626022339,2.7874412536621094,3.1045799255371094,1.7587254047393799,1.768195390701294,1.5501939058303833,1.2945090532302856,0.9983048439025879,0.9434593319892883,1.204564094543457,1.267717957496643,1.636492133140564,1.8734689950942993,2.256063461303711,2.55686092376709,2.898237466812134,2.9115281105041504,3.240304946899414,1.9729375839233398,2.0353240966796875,1.7951610088348389,1.5823688507080078,1.2839564085006714,1.3378552198410034,1.4798256158828735,1.5264941453933716,1.860536813735962,2.0582218170166016,2.413726568222046,2.717374563217163,3.045293092727661,3.10599422454834,3.4249820709228516,2.0851337909698486,2.1053829193115234,1.793541431427002,1.4663574695587158,1.1039648056030273,1.0059257745742798,1.0725687742233276,1.1568375825881958,1.464380145072937,1.642080307006836,1.999477505683899,2.1792681217193604,2.5644872188568115,2.7139930725097656,3.1010582447052
A6,1.1120374202728271,1.2680014371871948,0.9692699909210205,0.6753859519958496,0.3829399645328522,0.0,0.38543543219566345,0.6770918369293213,1.0410093069076538,1.34684419631958,1.7311416864395142,2.008690595626831,2.320115804672241,2.4351398944854736,2.72301983833313,1.618208408355713,1.6297398805618286,1.519463062286377,1.2315540313720703,0.9222393035888672,0.6574934124946594,0.8584889769554138,0.9583285450935364,1.2708743810653687,1.5600727796554565,1.9103349447250366,2.2211153507232666,2.5883398056030273,2.6494088172912598,2.992528200149536,1.906546711921692,1.9868285655975342,1.8177978992462158,1.5872043371200562,1.2432355880737305,1.0937461853027344,1.2595981359481812,1.2023452520370483,1.5417441129684448,1.7131844758987427,2.090847969055176,2.392171859741211,2.755079984664917,2.804880380630493,3.1576485633850098,2.138946771621704,2.2614970207214355,2.0631463527679443,1.8705394268035889,1.5377411842346191,1.5141397714614868,1.575173020362854,1.5399209260940552,1.831638216972351,1.9645558595657349,2.319371223449707,2.5982704162597656,2.949399471282959,3.039081573486328,3.383105516433716,2.2665560245513916,2.3439011573791504,2.066861152648926,1.7654101848602295,1.3817588090896606,1.1902045011520386,1.1478193998336792,1.119994878768921,1.3577748537063599,1.462334394454956,1.7925279140472412,1.9188120365142822,2.30245041847229,2.4190540313720703,2.8081092834472656
A7,1.4365074634552002,1.5854132175445557,1.3186829090118408,1.0426431894302368,0.7009533643722534,0.38543543219566345,0.0,0.38806912302970886,0.6905096769332886,1.0366897583007812,1.40055251121521,1.701563835144043,2.0049729347229004,2.1485838890075684,2.4343771934509277,1.5703970193862915,1.6676796674728394,1.6088151931762695,1.3688249588012695,1.0038058757781982,0.6451218128204346,0.6679167151451111,0.6561097502708435,0.9210366010665894,1.2052175998687744,1.53997004032135,1.8681485652923584,2.2370314598083496,2.326902151107788,2.680665969848633,1.8380801677703857,1.990718960762024,1.8745840787887573,1.6741690635681152,1.2936772108078003,1.0593454837799072,1.110308289527893,0.9455189108848572,1.2441343069076538,1.365569829940796,1.7365387678146362,2.0354504585266113,2.4065117835998535,2.4793500900268555,2.844329833984375,2.060615062713623,2.2468297481536865,2.101651430130005,1.939489722251892,1.5795341730117798,1.4781211614608765,1.4467456340789795,1.3444199562072754,1.581972360610962,1.665757417678833,2.0106654167175293,2.2665984630584717,2.628659248352051,2.733008861541748,3.091434955596924,2.194077491760254,2.3356399536132812,2.110314130783081,1.8527262210845947,1.459768295288086,1.1790220737457275,1.0297796726226807,0.8972863554954529,1.0561270713806152,1.1128482818603516,1.4225926399230957,1.5387568473815918,1.9201823472976685,2.0362658500671387,2.4260644912719727
A8,1.7133986949920654,1.903478741645813,1.6060640811920166,1.344448447227478,1.011459231376648,0.6770918369293213,0.38806912302970886,0.0,0.3891289532184601,0.676869809627533,1.0612609386444092,1.3599941730499268,1.6914390325546265,1.8569684028625488,2.173663377761841,1.5979958772659302,1.7641112804412842,1.7873762845993042,1.61325204372406,1.2334574460983276,0.9040602445602417,0.8691045045852661,0.6656994223594666,0.882652997970581,1.0470372438430786,1.3764094114303589,1.6804078817367554,2.064849615097046,2.164994478225708,2.537053346633911,1.939780354499817,2.1406972408294678,2.08428692817688,1.9423381090164185,1.5579794645309448,1.3427115678787231,1.32902991771698,1.0945268869400024,1.3329823017120361,1.3483757972717285,1.700093150138855,1.9482574462890625,2.329129457473755,2.4054994583129883,2.781853199005127,2.21097469329834,2.4323055744171143,2.3333048820495605,2.221208333969116,1.8720732927322388,1.7694000005722046,1.681118130683899,1.5594009160995483,1.7286053895950317,1.7611240148544312,2.073775291442871,2.273552656173706,2.6457419395446777,2.7427172660827637,3.116211175918579,2.388218879699707,2.5560038089752197,2.3554885387420654,2.136470079421997,1.7402461767196655,1.4580368995666504,1.2324856519699097,1.0872586965560913,1.1234973669052124,1.1395268440246582,1.3634098768234253,1.4377561807632446,1.7921420335769653,1.8425906896591187,2.240898609161377
A9,2.0569887161254883,2.2392666339874268,1.9635454416275024,1.7099767923355103,1.3579367399215698,1.0410093069076538,0.6905096769332886,0.3891289532184601,0.0,0.3925108313560486,0.7196610569953918,1.055488109588623,1.3746837377548218,1.5839099884033203,1.897421956062317,1.674896240234375,1.9096806049346924,1.9759953022003174,1.8469451665878296,1.4600236415863037,1.1247954368591309,0.9651042222976685,0.6405625939369202,0.6875354647636414,0.7469993829727173,1.0307888984680176,1.3434288501739502,1.728361964225769,1.866511344909668,2.249237060546875,1.98103928565979,2.2403416633605957,2.234581470489502,2.1255815029144287,1.7373837232589722,1.4850094318389893,1.373375415802002,1.0582425594329834,1.1933391094207764,1.1028164625167847,1.4160598516464233,1.6336934566497803,2.0184988975524902,2.12064790725708,2.506319522857666,2.234809160232544,2.5071234703063965,2.4606056213378906,2.3806967735290527,2.027963399887085,1.8740352392196655,1.7089084386825562,1.5362169742584229,1.6198523044586182,1.5844368934631348,1.8586281538009644,2.008867025375366,2.3856494426727295,2.4933090209960938,2.8779168128967285,2.415440082550049,2.6356582641601562,2.487133026123047,2.312988519668579,1.9280797243118286,1.604146122932434,1.313136100769043,1.0991995334625244,1.0006256103515625,0.9374397397041321,1.0691218376159668,1.1120195388793945,1.4416892528533936,1.4697043895721436,1.8702484369277954
A10,2.3090736865997314,2.523131847381592,2.2305965423583984,2.0002520084381104,1.652613878250122,1.34684419631958,1.0366897583007812,0.676869809627533,0.3925108313560486,0.0,0.3984484076499939,0.6990214586257935,1.0551310777664185,1.2789226770401,1.6260783672332764,1.7299593687057495,2.010263204574585,2.144603729248047,2.0744593143463135,1.6961002349853516,1.407799482345581,1.2601292133331299,0.8919119834899902,0.9035335183143616,0.779079258441925,1.0149468183517456,1.23484206199646,1.617138147354126,1.7422771453857422,2.1297852993011475,2.092578411102295,2.379263162612915,2.4253175258636475,2.370868444442749,1.9939204454421997,1.7809425592422485,1.6506860256195068,1.339185118675232,1.4308949708938599,1.2650185823440552,1.528289794921875,1.6562927961349487,2.0257270336151123,2.107557773590088,2.4870615005493164,2.3886451721191406,2.6769394874572754,2.669797658920288,2.637167453765869,2.305910110473633,2.172633647918701,1.984019160270691,1.8288962841033936,1.8654059171676636,1.8100746870040894,2.0360841751098633,2.122532844543457,2.4886531829833984,2.567561149597168,2.9522531032562256,2.60992169380188,2.838226556777954,2.708735227584839,2.569714069366455,2.1903600692749023,1.888395071029663,1.5680516958236694,1.394918441772461,1.2357112169265747,1.1855944395065308,1.2118918895721436,1.2315255403518677,1.4872543811798096,1.4312877655029297,1.8232547044754028
A11,2.6795008182525635,2.890529155731201,2.610633134841919,2.386489152908325,2.0291616916656494,1.7311416864395142,1.40055251121521,1.0612609386444092,0.7196610569953918,0.3984484076499939,0.0,0.39062145352363586,0.7265155911445618,1.024294376373291,1.3664617538452148,1.9205906391143799,2.243504762649536,2.411659002304077,2.3789148330688477,2.0072524547576904,1.729161024093628,1.5298415422439575,1.1420025825500488,1.0357041358947754,0.7682361602783203,0.856860876083374,1.000549554824829,1.3553019762039185,1.5158604383468628,1.9023772478103638,2.246413230895996,2.5713400840759277,2.661132335662842,2.638331890106201,2.2699148654937744,2.046491861343384,1.860154628753662,1.523646354675293,1.5227265357971191,1.2645764350891113,1.4384961128234863,1.4833487272262573,1.829081654548645,1.9266140460968018,2.2999000549316406,2.5251824855804443,2.8470053672790527,2.886103868484497,2.884592056274414,2.561332941055298,2.4012529850006104,2.16414737701416,1.9857887029647827,1.946045160293579,1.834774136543274,1.9970638751983643,2.0102431774139404,2.3610777854919434,2.437216281890869,2.821355104446411,2.7501184940338135,3.014122247695923,2.9293875694274902,2.830188035964966,2.4671499729156494,2.1507408618927,1.8018336296081543,1.60650634765625,1.3635133504867554,1.26630699634552,1.165477991104126,1.1412017345428467,1.302048683166504,1.1795823574066162,1.548472285270691
A12,2.873278856277466,3.1050937175750732,2.827389717102051,2.6367084980010986,2.2763447761535645,2.008690595626831,1.701563835144043,1.3599941730499268,1.055488109588623,0.6990214586257935,0.39062145352363586,0.0,0.3918673098087311,0.6762966513633728,1.0428791046142578,1.9226179122924805,2.274203062057495,2.497215747833252,2.5236010551452637,2.1733624935150146,1.9455050230026245,1.758708119392395,1.3710147142410278,1.2781672477722168,0.944861650466919,0.9949646592140198,0.9723808765411377,1.276810646057129,1.3756656646728516,1.7401196956634521,2.2697741985321045,2.6101224422454834,2.7493507862091064,2.781520128250122,2.434971809387207,2.2538986206054688,2.059199571609497,1.7517486810684204,1.7368888854980469,1.4670392274856567,1.6028872728347778,1.5543689727783203,1.8528245687484741,1.8950543403625488,2.238675117492676,2.5756750106811523,2.90315318107605,2.982333183288574,3.029860734939575,2.735971212387085,2.6013293266296387,2.35202956199646,2.2085611820220947,2.142225980758667,2.0458624362945557,2.1656901836395264,2.1312692165374756,2.4513261318206787,2.475404977798462,2.8421213626861572,2.8344192504882812,3.0984437465667725,3.036893129348755,2.978546142578125,2.631913185119629,2.3433990478515625,1.9810398817062378,1.8375604152679443,1.57667875289917,1.5353858470916748,1.3993382453918457,1.4188677072525024,1.5145975351333618,1.3657037019729614,1.6909854412078857
A13,3.128448963165283,3.3565733432769775,3.1019606590270996,2.933108329772949,2.5603835582733154,2.320115804672241,2.0049729347229004,1.6914390325546265,1.3746837377548218,1.0551310777664185,0.7265155911445618,0.3918673098087311,0.0,0.3819417655467987,0.6951826214790344,1.9985182285308838,2.3755741119384766,2.627017021179199,2.698316812515259,2.369201183319092,2.170123815536499,1.9551342725753784,1.57917058467865,1.4382847547531128,1.0561374425888062,1.0080969333648682,0.8248805999755859,1.036549687385559,1.1013920307159424,1.434773564338684,2.2911877632141113,2.6555633544921875,2.839855909347534,2.912712812423706,2.5891895294189453,2.4192402362823486,2.1880834102630615,1.8942193984985352,1.8223543167114258,1.5235244035720825,1.5858564376831055,1.439645528793335,1.6753520965576172,1.6820218563079834,1.991837978363037,2.575855255126953,2.9227142333984375,3.050276279449463,3.1378676891326904,2.8673431873321533,2.725522518157959,2.4445815086364746,2.310412883758545,2.1890954971313477,2.0808815956115723,2.1381688117980957,2.042813539505005,2.322819471359253,2.307961940765381,2.6538660526275635,2.8399996757507324,3.125586986541748,3.1103034019470215,3.1001851558685303,2.781242609024048,2.4978110790252686,2.12276554107666,1.9930557012557983,1.6916433572769165,1.6660796403884888,1.4692243337631226,1.5209784507751465,1.540018916130066,1.395145297050476,1.6653354167938232
A14,3.1305220127105713,3.3698112964630127,3.1308135986328125,3.002734422683716,2.630950689315796,2.4351398944854736,2.1485838890075684,1.8569684028625488,1.5839099884033203,1.2789226770401,1.024294376373291,0.6762966513633728,0.3819417655467987,0.0,0.3891676366329193,1.847442865371704,2.2329907417297363,2.523564100265503,2.649397134780884,2.3543031215667725,2.2129979133605957,2.021000862121582,1.6718469858169556,1.5728651285171509,1.2035101652145386,1.2018851041793823,0.937692403793335,1.0884079933166504,1.0149205923080444,1.2966920137405396,2.1417713165283203,2.50481915473938,2.728942632675171,2.8525819778442383,2.5613203048706055,2.441744565963745,2.2188618183135986,1.9753025770187378,1.9201940298080444,1.6619704961776733,1.7342432737350464,1.5523358583450317,1.7421826124191284,1.6614986658096313,1.927917718887329,2.4468648433685303,2.7836081981658936,2.942472219467163,3.07497239112854,2.841428518295288,2.7352051734924316,2.460278272628784,2.3772616386413574,2.2582778930664062,2.198634624481201,2.2422406673431396,2.1444647312164307,2.392393112182617,2.313405752182007,2.630985975265503,2.739562749862671,3.0100221633911133,3.0120084285736084,3.040419816970825,2.7465291023254395,2.502110481262207,2.1318106651306152,2.066788673400879,1.7822316884994507,1.8339691162109375,1.6672015190124512,1.7928715944290161,1.8232841491699219,1.7231391668319702,1.9826370477676392
A15,3.355766773223877,3.585300922393799,3.3742318153381348,3.2679455280303955,2.89033579826355,2.72301983833313,2.4343771934509277,2.173663377761841,1.897421956062317,1.6260783672332764,1.3664617538452148,1.0428791046142578,0.6951826214790344,0.3891676366329193,0.0,1.9468547105789185,2.337433338165283,2.641674757003784,2.8056910037994385,2.5397679805755615,2.428419351577759,2.218600273132324,1.8976871967315674,1.7703633308410645,1.4021790027618408,1.344856858253479,0.9894654750823975,1.0024499893188477,0.8321534395217896,1.0197112560272217,2.162597894668579,2.535715103149414,2.7981069087982178,2.9582741260528564,2.6984331607818604,2.5937228202819824,2.346489429473877,2.129985809326172,2.032975435256958,1.7761484384536743,1.7899433374404907,1.5364042520523071,1.642425537109375,1.5014910697937012,1.7051334381103516,2.4316046237945557,2.776872396469116,2.981419086456299,3.151204824447632,2.947417974472046,2.838798761367798,2.5441648960113525,2.4782161712646484,2.317295551300049,2.2602765560150146,2.24800181388855,2.1051676273345947,2.299306631088257,2.16933274269104,2.4496283531188965,2.7211108207702637,3.0050528049468994,3.0546371936798096,3.131319761276245,2.8730556964874268,2.6413509845733643,2.2740345001220703,2.2274646759033203,1.926173448562622,1.9979608058929443,1.8039515018463135,1.9632813930511475,1.947977900505066,1.8773243427276611,2.088881731033325
B1,1.6399378776550293,1.8534083366394043,1.7476314306259155,1.810141921043396,1.5143651962280273,1.618208408355713,1.5703970193862915,1.5979958772659302,1.674896240234375,1.7299593687057495,1.9205906391143799,1.9226179122924805,1.9985182285308838,1.847442865371704,1.9468547105789185,0.0,0.3925993740558624,0.7175618410110474,0.9815746545791626,0.8965952396392822,1.087966799736023,1.142655611038208,1.1806145906448364,1.4219297170639038,1.4966586828231812,1.8253912925720215,1.8461778163909912,2.0844221115112305,1.8974308967590332,2.1000096797943115,0.5919634103775024,0.7783955335617065,0.962334156036377,1.1690322160720825,1.0176825523376465,1.178833246231079,1.187270164489746,1.3152672052383423,1.5413132905960083,1.701661229133606,2.007150888442993,2.0939319133758545,2.3189127445220947,2.1342530250549316,2.361921548843384,1.0509380102157593,1.2022900581359863,1.257760763168335,1.4271721839904785,1.3171775341033936,1.439933180809021,1.381538987159729,1.580525517463684,1.7195219993591309,1.9754890203475952,2.1819968223571777,2.3585774898529053,2.595416784286499,2.4611799716949463,2.7156782150268555,1.3941447734832764,1.4655897617340088,1.340355634689331,1.3690097332000732,1.1479852199554443,1.1443142890930176,0.9746583700180054,1.2829889059066772,1.3619675636291504,1.7324539422988892,1.9362298250198364,2.282721996307373,2.557133436203003,2.7058348655700684,3.065797805786133
B2,1.3898565769195557,1.589802622795105,1.5351418256759644,1.668514609336853,1.4383878707885742,1.6297398805618286,1.6676796674728394,1.7641112804412842,1.9096806049346924,2.010263204574585,2.243504762649536,2.274203062057495,2.3755741119384766,2.2329907417297363,2.337433338165283,0.3925993740558624,0.0,0.38898253440856934,0.7323830127716064,0.7997701168060303,1.1081606149673462,1.259164571762085,1.395617961883545,1.6775658130645752,1.815251350402832,2.157299757003784,2.2112388610839844,2.451871633529663,2.270130157470703,2.4596269130706787,0.6490592956542969,0.6078912615776062,0.7001879811286926,0.9281952977180481,0.8756858110427856,1.152822732925415,1.267127275466919,1.480549693107605,1.7503150701522827,1.9704582691192627,2.290985107421875,2.4143881797790527,2.637716770172119,2.45601749420166,2.669630289077759,1.05126953125,1.0698152780532837,1.0402069091796875,1.2016700506210327,1.1595648527145386,1.3791576623916626,1.4228912591934204,1.6789730787277222,1.8790616989135742,2.176112651824951,2.40497088432312,2.6206846237182617,2.8484039306640625,2.7179932594299316,2.951979398727417,1.3563647270202637,1.3209545612335205,1.12183678150177,1.1265186071395874,0.9552616477012634,1.0851151943206787,1.0494709014892578,1.4158105850219727,1.583162546157837,1.9623644351959229,2.2133421897888184,2.559638738632202,2.857781410217285,3.0248146057128906,3.39044189453125
B3,1.116965413093567,1.2664260864257812,1.2773898839950562,1.4434841871261597,1.2596510648727417,1.519463062286377,1.6088151931762695,1.7873762845993042,1.9759953022003174,2.144603729248047,2.411659002304077,2.497215747833252,2.627017021179199,2.523564100265503,2.641674757003784,0.7175618410110474,0.38898253440856934,0.0,0.3966321051120758,0.6213215589523315,0.991510808467865,1.1940712928771973,1.4299402236938477,1.7251299619674683,1.938022255897522,2.284271001815796,2.3940696716308594,2.643925905227661,2.496471643447876,2.6933257579803467,0.7668494582176208,0.5925787091255188,0.4487951397895813,0.5757083296775818,0.5927622318267822,0.9466854929924011,1.1508841514587402,1.433034896850586,1.7338035106658936,2.0139877796173096,2.346803903579712,2.523972988128662,2.7556471824645996,2.603449583053589,2.822526693344116,1.0316706895828247,0.9699840545654297,0.8064883351325989,0.8771330714225769,0.8485476970672607,1.1314390897750854,1.2686487436294556,1.555322527885437,1.8140321969985962,2.1394081115722656,2.3959176540374756,2.657985210418701,2.886164426803589,2.785670280456543,3.0140066146850586,1.2479383945465088,1.1525202989578247,0.8656592965126038,0.7806555032730103,0.6207239627838135,0.8541854023933411,0.9533364176750183,1.3404573202133179,1.5884723663330078,1.961795687675476,2.260716676712036,2.602853298187256,2.9251697063446045,3.122502565383911,3.4892971515655518
B4,0.8042562007904053,0.9239887595176697,0.9399198293685913,1.0887330770492554,0.9289224743843079,1.2315540313720703,1.3688249588012695,1.61325204372406,1.8469451665878296,2.0744593143463135,2.3789148330688477,2.5236010551452637,2.698316812515259,2.649397134780884,2.8056910037994385,0.9815746545791626,0.7323830127716064,0.3966321051120758,0.0,0.3871329724788666,0.7566632032394409,1.0234954357147217,1.3237273693084717,1.63883638381958,1.9140666723251343,2.2693705558776855,2.4452035427093506,2.7235794067382812,2.6296658515930176,2.860347032546997,1.0414282083511353,0.9089158177375793,0.6443194150924683,0.47769004106521606,0.37979549169540405,0.7213551998138428,1.0202223062515259,1.3062611818313599,1.6460065841674805,1.9544185400009155,2.307755947113037,2.541015625,2.8031928539276123,2.7030253410339355,2.9529643058776855,1.230423927307129,1.1846632957458496,0.9299919009208679,0.8199364542961121,0.6795094013214111,0.9555560350418091,1.1622806787490845,1.416835069656372,1.7330087423324585,2.050346612930298,2.346625566482544,2.6446924209594727,2.8976354598999023,2.8500375747680664,3.099275588989258,1.366371750831604,1.2863991260528564,0.9485265016555786,0.6938049793243408,0.4070131182670593,0.6426771283149719,0.840301513671875,1.1901291608810425,1.5043705701828003,1.8422554731369019,2.181974411010742,2.493863105773926,2.842651844024658,3.0484256744384766,3.4207608699798584
B5,0.9075224995613098,1.0701305866241455,0.9637091159820557,0.9845094680786133,0.7020550966262817,0.9222393035888672,1.0038058757781982,1.2334574460983276,1.4600236415863037,1.6961002349853516,2.0072524547576904,2.1733624935150146,2.369201183319092,2.3543031215667725,2.5397679805755615,0.8965952396392822,0.7997701168060303,0.6213215589523315,0.3871329724788666,0.0,0.385901540517807,0.6743743419647217,0.9525254964828491,1.2875415086746216,1.5670524835586548,1.9330511093139648,2.1345479488372803,2.438255786895752,2.37866473197937,2.644653081893921,1.0633816719055176,1.0742021799087524,0.9033242464065552,0.7482571005821228,0.4228202998638153,0.549092173576355,0.8052773475646973,1.0071027278900146,1.3679732084274292,1.6459294557571411,2.0162932872772217,2.2597193717956543,2.5517523288726807,2.48406720161438,2.7687740325927734,1.2998076677322388,1.3680826425552368,1.1794226169586182,1.0720223188400269,0.8090206980705261,0.9393255710601807,1.0526416301727295,1.2273553609848022,1.5335946083068848,1.8099315166473389,2.122751235961914,2.410170316696167,2.6954405307769775,2.6770708560943604,2.9619812965393066,1.4622395038604736,1.4843052625656128,1.2015917301177979,0.9653140306472778,0.5835842490196228,0.542891800403595,0.594455897808075,0.8958215713500977,1.1968942880630493,1.5153602361679077,1.8536370992660522,2.1458287239074707,2.500924825668335,2.6894991397857666,3.068722724914551
B6,1.0951687097549438,1.2398005723953247,1.0717215538024902,0.9549311399459839,0.5829787850379944,0.6574934124946594,0.6451218128204346,0.9040602445602417,1.1247954368591309,1.407799482345581,1.729161024093628,1.9455050230026245,2.170123815536499,2.2129979133605957,2.428419351577759,1.087966799736023,1.1081606149673462,0.991510808467865,0.7566632032394409,0.385901540517807,0.0,0.3671751618385315,0.6503993272781372,0.9890864491462708,1.3046244382858276,1.6675058603286743,1.922498106956482,2.2497575283050537,2.2476871013641357,2.5482051372528076,1.2703704833984375,1.369295358657837,1.2301740646362305,1.0420597791671753,0.659512996673584,0.5140440464019775,0.6825481653213501,0.7524837851524353,1.1284412145614624,1.3812282085418701,1.7639009952545166,2.0396082401275635,2.362543821334839,2.3486804962158203,2.667426824569702,1.4821083545684814,1.6239135265350342,1.4634909629821777,1.3236621618270874,0.9869565963745117,0.9709547162055969,1.0047885179519653,1.062325358390808,1.3618452548980713,1.5821480751037598,1.9176048040390015,2.205625057220459,2.5219814777374268,2.552304267883301,2.868372917175293,1.6219494342803955,1.7189384698867798,1.4764184951782227,1.233903408050537,0.8368780016899109,0.5992098450660706,0.5156524777412415,0.6450597047805786,0.9439850449562073,1.2046421766281128,1.5551633834838867,1.8114221096038818,2.1798529624938965,2.3620078563690186,2.7440295219421387
B7,1.4531104564666748,1.5710077285766602,1.4242002964019775,1.2763549089431763,0.8985814452171326,0.8584889769554138,0.6679167151451111,0.8691045045852661,0.9651042222976685,1.2601292133331299,1.5298415422439575,1.758708119392395,1.9551342725753784,2.021000862121582,2.218600273132324,1.142655611038208,1.259164571762085,1.1940712928771973,1.0234954357147217,0.6743743419647217,0.3671751618385315,0.0,0.3903883397579193,0.6551508903503418,1.002126693725586,1.34013831615448,1.6126360893249512,1.9306005239486694,1.9567949771881104,2.2621352672576904,1.248986840248108,1.4336353540420532,1.3542351722717285,1.1962270736694336,0.8102509379386902,0.5246718525886536,0.46787911653518677,0.39584416151046753,0.7672744989395142,1.0167044401168823,1.3979578018188477,1.6836583614349365,2.009685516357422,2.018662214279175,2.3487210273742676,1.415135383605957,1.634727120399475,1.5376782417297363,1.4243099689483643,1.0656071901321411,0.9259243011474609,0.8257399797439575,0.7922155261039734,1.0425060987472534,1.2320561408996582,1.5648987293243408,1.8452064990997314,2.170081853866577,2.21728777885437,2.5471057891845703,1.541396975517273,1.7208523750305176,1.550790786743164,1.3649003505706787,0.993899941444397,0.6421029567718506,0.3809131681919098,0.3107919991016388,0.5793219804763794,0.8477640151977539,1.198582410812378,1.4775551557540894,1.8383170366287231,2.043105125427246,2.4157626628875732
B8,1.7264940738677979,1.8853421211242676,1.6857408285140991,1.5084859132766724,1.115835189819336,0.9583285450935364,0.6561097502708435,0.6656994223594666,0.6405625939369202,0.8919119834899902,1.1420025825500488,1.3710147142410278,1.57917058467865,1.6718469858169556,1.8976871967315674,1.1806145906448364,1.395617961883545,1.4299402236938477,1.3237273693084717,0.9525254964828491,0.6503993272781372,0.3903883397579193,0.0,0.381246954202652,0.6609629988670349,1.0297317504882812,1.3035913705825806,1.6528284549713135,1.7029409408569336,2.041961669921875,1.3829892873764038,1.6368517875671387,1.6299830675125122,1.5345113277435303,1.1542582511901855,0.9049952030181885,0.763241171836853,0.5070886611938477,0.7558046579360962,0.8477912545204163,1.2316679954528809,1.4774656295776367,1.83053719997406,1.8561092615127563,2.2125470638275146,1.6050995588302612,1.8738253116607666,1.8337416648864746,1.7716811895370483,1.4299039840698242,1.2823339700698853,1.1087570190429688,1.0083986520767212,1.1430492401123047,1.2373641729354858,1.538582444190979,1.7548377513885498,2.1032016277313232,2.1545515060424805,2.5112056732177734,1.7784671783447266,1.9958561658859253,1.8605259656906128,1.7150954008102417,1.347297191619873,1.012636661529541,0.6847705245018005,0.5301110744476318,0.5159462690353394,0.711807131767273,0.9855731725692749,1.2398018836975098,1.5879520177841187,1.7442561388015747,2.1302244663238525
B9,2.0803091526031494,2.214653968811035,2.0348494052886963,1.8413410186767578,1.4550737142562866,1.2708743810653687,0.9210366010665894,0.882652997970581,0.6875354647636414,0.9035335183143616,1.0357041358947754,1.2781672477722168,1.4382847547531128,1.5728651285171509,1.7703633308410645,1.4219297170639038,1.6775658130645752,1.7251299619674683,1.63883638381958,1.2875415086746216,0.9890864491462708,0.6551508903503418,0.381246954202652,0.0,0.3967120349407196,0.6956114768981934,1.019355297088623,1.356348991394043,1.465938687324524,1.81172513961792,1.5358543395996094,1.8348674774169922,1.8611990213394165,1.7763861417770386,1.4125875234603882,1.1161681413650513,0.8656535744667053,0.49936121702194214,0.5299986004829407,0.48798680305480957,0.8637450933456421,1.1241356134414673,1.4904394149780273,1.5644868612289429,1.9377555847167969,1.693853735923767,2.0108582973480225,2.016366481781006,1.966455340385437,1.6241134405136108,1.4031882286071777,1.1456081867218018,0.9510911107063293,0.9633455872535706,0.9580137133598328,1.230271577835083,1.4145296812057495,1.7769681215286255,1.8604211807250977,2.2341132164001465,1.8375234603881836,2.114436149597168,2.039731979370117,1.9323073625564575,1.595293641090393,1.2254685163497925,0.8810850977897644,0.6030730605125427,0.33961692452430725,0.3901852071285248,0.6064010858535767,0.8904542326927185,1.2244796752929688,1.410759449005127,1.7839206457138062
B10,2.3799972534179688,2.5436692237854004,2.3433454036712646,2.1578011512756348,1.7670950889587402,1.5600727796554565,1.2052175998687744,1.0470372438430786,0.7469993829727173,0.779079258441925,0.7682361602783203,0.944861650466919,1.0561374425888062,1.2035101652145386,1.4021790027618408,1.4966586828231812,1.815251350402832,1.938022255897522,1.9140666723251343,1.5670524835586548,1.3046244382858276,1.002126693725586,0.6609629988670349,0.3967120349407196,0.0,0.392730176448822,0.6640835404396057,1.0333423614501953,1.1560070514678955,1.5287747383117676,1.6546924114227295,1.997309923171997,2.0884816646575928,2.0646491050720215,1.7150908708572388,1.4613025188446045,1.1972097158432007,0.8599393963813782,0.7923518419265747,0.5578361749649048,0.8184804916381836,0.9456997513771057,1.3137093782424927,1.3784990310668945,1.7616511583328247,1.8491355180740356,2.1949222087860107,2.2550048828125,2.259551525115967,1.9430567026138306,1.7403628826141357,1.454858422279358,1.2768229246139526,1.2008417844772339,1.1329623460769653,1.3119595050811768,1.3887168169021606,1.7426034212112427,1.7983276844024658,2.1801273822784424,2.034522533416748,2.331711530685425,2.2914857864379883,2.2290425300598145,1.9025096893310547,1.5572357177734375,1.1881821155548096,0.9706109762191772,0.6504049897193909,0.6402437686920166,0.5998896360397339,0.847154974937439,1.0943584442138672,1.2116659879684448,1.5830481052398682
B11,2.754347324371338,2.9031383991241455,2.713925838470459,2.517421245574951,2.130037784576416,1.9103349447250366,1.53997004032135,1.3764094114303589,1.0307888984680176,1.0149468183517456,0.856860876083374,0.9949646592140198,1.0080969333648682,1.2018851041793823,1.344856858253479,1.8253912925720215,2.157299757003784,2.284271001815796,2.2693705558776855,1.9330511093139648,1.6675058603286743,1.34013831615448,1.0297317504882812,0.6956114768981934,0.392730176448822,0.0,0.41662710905075073,0.7471728324890137,0.9807710647583008,1.3490722179412842,1.9199320077896118,2.28143572807312,2.39322829246521,2.376277446746826,2.0409014225006104,1.7665940523147583,1.46355140209198,1.1176056861877441,0.9209564924240112,0.5553538203239441,0.6080638766288757,0.6437280178070068,1.0158839225769043,1.1538240909576416,1.5457788705825806,2.0613017082214355,2.431298017501831,2.524364948272705,2.5382134914398193,2.2277565002441406,1.9864329099655151,1.663334846496582,1.4414048194885254,1.2675774097442627,1.0950355529785156,1.1780731678009033,1.158292531967163,1.506346583366394,1.593384027481079,1.9835455417633057,2.2191061973571777,2.5524635314941406,2.5581135749816895,2.522825002670288,2.2197017669677734,1.8613818883895874,1.4993577003479004,1.245248794555664,0.8775150775909424,0.7414869666099548,0.47300985455513,0.6563513278961182,0.7829762101173401,0.9053035378456116,1.2428481578826904
B12,2.991284132003784,3.1581084728240967,2.9743082523345947,2.8094370365142822,2.416564464569092,2.2211153507232666,1.8681485652923584,1.6804078817367554,1.3434288501739502,1.23484206199646,1.000549554824829,0.9723808765411377,0.8248805999755859,0.937692403793335,0.9894654750823975,1.8461778163909912,2.2112388610839844,2.3940696716308594,2.4452035427093506,2.1345479488372803,1.922498106956482,1.6126360893249512,1.3035913705825806,1.019355297088623,0.6640835404396057,0.41662710905075073,0.0,0.38834813237190247,0.5938079953193665,0.9739428758621216,1.9320392608642578,2.3175649642944336,2.490581750869751,2.537898063659668,2.2323687076568604,2.006927490234375,1.69597589969635,1.3996708393096924,1.1969761848449707,0.8611206412315369,0.8192390203475952,0.6256917119026184,0.8902983665466309,0.93717360496521,1.302724838256836,2.086379051208496,2.4699225425720215,2.6193127632141113,2.6930928230285645,2.420959711074829,2.2071657180786133,1.8698804378509521,1.6982711553573608,1.4869893789291382,1.3414275646209717,1.3383338451385498,1.2245405912399292,1.5061558485031128,1.5086201429367065,1.874329686164856,2.2774860858917236,2.6191587448120117,2.6652567386627197,2.685256004333496,2.408172130584717,2.082892894744873,1.7103394269943237,1.5250725746154785,1.1562542915344238,1.1109719276428223,0.8435426950454712,1.0254284143447876,1.0313034057617188,1.0925205945968628,1.3577371835708618
B13,3.3171253204345703,3.474194288253784,3.311664581298828,3.160003900527954,2.766718626022339,2.5883398056030273,2.2370314598083496,2.064849615097046,1.728361964225769,1.617138147354126,1.3553019762039185,1.276810646057129,1.036549687385559,1.0884079933166504,1.0024499893188477,2.0844221115112305,2.451871633529663,2.643925905227661,2.7235794067382812,2.438255786895752,2.2497575283050537,1.9306005239486694,1.6528284549713135,1.356348991394043,1.0333423614501953,0.7471728324890137,0.38834813237190247,0.0,0.38751259446144104,0.6859484910964966,2.0982837677001953,2.490643262863159,2.6941781044006348,2.7688074111938477,2.492988109588623,2.2773377895355225,1.9458664655685425,1.6792778968811035,1.426443338394165,1.1000114679336548,0.933918297290802,0.5855715274810791,0.6694751381874084,0.6858282685279846,1.0064181089401245,2.203301191329956,2.596590280532837,2.7883007526397705,2.891110897064209,2.645695447921753,2.422159194946289,2.065303087234497,1.9011468887329102,1.6321743726730347,1.465408444404602,1.36231529712677,1.1485964059829712,1.348935604095459,1.308569073677063,1.6436665058135986,2.376788854598999,2.738454580307007,2.8353259563446045,2.8988020420074463,2.6569831371307373,2.342216968536377,1.9805240631103516,1.8078255653381348,1.4340662956237793,1.3892542123794556,1.0862457752227783,1.2532514333724976,1.1550925970077515,1.2236642837524414,1.387406826019287
