,A1,A2,A3,A4,A5,A6,A7,A8,A9,A10,A11,A12,A13,A14,A15,B1,B2,B3,B4,B5,B6,B7,B8,B9,B10,B11,B12,B13,B14,B15,C1,C2,C3,C4,C5,C6,C7,C8,C9,C10,C11,C12,C13,C14,C15,D1,D2,D3,D4,D5,D6,D7,D8,D9,D10,D11,D12,D13,D14,D15,E1,E2,E3,E4,E5,E6,E7,E8,E9,E10,E11,E12,E13,E14,E15
A1,0.0,0.38617759943008423,0.5495083928108215,0.8642357587814331,1.1179863214492798,1.4684849977493286,1.6925591230392456,2.024240732192993,2.3083548545837402,2.613982677459717,2.9082019329071045,3.1905524730682373,3.488417148590088,3.7253835201263428,4.016943454742432,4.272733688354492,3.9355928897857666,3.9099485874176025,3.5843770503997803,3.2928805351257324,3.0092689990997314,2.6787023544311523,2.4787063598632812,2.097689151763916,1.9513216018676758,1.589534044265747,1.5084307193756104,1.1664363145828247,1.1092818975448608,1.1788686513900757,1.4098960161209106,1.4386802911758423,1.5230978727340698,1.6147832870483398,1.7810218334197998,2.0178136825561523,2.0792195796966553,2.437856912612915,2.5790584087371826,2.9491281509399414,3.1336231231689453,3.482048749923706,3.697481155395508,3.9674956798553467,4.257030963897705,4.3325419425964355,4.026616096496582,4.025933265686035,3.690302848815918,3.4606387615203857,3.2346746921539307,2.8898165225982666,2.8170125484466553,2.4479477405548096,2.4633893966674805,2.1413798332214355,2.238229990005493,1.9725208282470703,2.060703754425049,2.177664279937744,2.162085771560669,2.31565260887146,2.1544642448425293,2.3008408546447754,2.3203930854797363,2.495194435119629,2.4377529621124268,2.7641565799713135,2.752742290496826,3.1229987144470215,3.18182110786438,3.522568464279175,3.6749253273010254,3.755319595336914,4.127852439880371
A2,0.38617759943008423,0.0,0.38970309495925903,0.5960662364959717,0.8246073722839355,1.1611727476119995,1.3457305431365967,1.6937838792800903,1.9540820121765137,2.2737395763397217,2.5521750450134277,2.846071243286133,3.1321470737457275,3.376124143600464,3.6681787967681885,3.894934892654419,3.562760829925537,3.536407947540283,3.216329574584961,2.9272618293762207,2.6534032821655273,2.317420244216919,2.1384568214416504,1.753092885017395,1.6450340747833252,1.2888596057891846,1.2728686332702637,0.9732080698013306,0.9959596991539001,1.1728132963180542,1.4192487001419067,1.376440167427063,1.3950165510177612,1.4262182712554932,1.5428149700164795,1.7347296476364136,1.7579371929168701,2.1087751388549805,2.224522829055786,2.5964386463165283,2.7656452655792236,3.118436336517334,3.3240127563476562,3.599292039871216,3.8862009048461914,3.948917865753174,3.644333600997925,3.649829387664795,3.317950487136841,3.0882482528686523,2.874091148376465,2.5274643898010254,2.47517728805542,2.112717866897583,2.159932851791382,1.8613415956497192,1.9981353282928467,1.7771530151367188,1.898571491241455,2.0706064701080322,2.0873167514801025,2.186847686767578,1.9946067333221436,2.0909087657928467,2.080099105834961,2.2116646766662598,2.1312010288238525,2.43900465965271,2.407832622528076,2.773597240447998,2.8189074993133545,3.164337158203125,3.307480812072754,3.398484945297241,3.767122745513916
A3,0.5495083928108215,0.38970309495925903,0.0,0.3750743269920349,0.593468427658081,0.9412959814071655,1.204594612121582,1.509651780128479,1.8239703178405762,2.1126344203948975,2.4266223907470703,2.701465368270874,3.0107920169830322,3.255455493927002,3.529580593109131,3.842057943344116,3.495370626449585,3.502035617828369,3.1765782833099365,2.860558032989502,2.5860016345977783,2.2443127632141113,2.035039186477661,1.6549043655395508,1.486262321472168,1.1413898468017578,1.025558590888977,0.7274121642112732,0.641271710395813,0.8577693104743958,1.3104873895645142,1.1922563314437866,1.2898271083831787,1.2586007118225098,1.4504529237747192,1.6273354291915894,1.7204368114471436,2.0577690601348877,2.215585947036743,2.5819547176361084,2.7696404457092285,3.12982439994812,3.344261407852173,3.642343521118164,3.9019744396209717,4.007689952850342,3.6967127323150635,3.7410686016082764,3.4173247814178467,3.160245180130005,2.9612863063812256,2.5965282917022705,2.5392284393310547,2.167263984680176,2.188472032546997,1.8850412368774414,1.971382975578308,1.746333360671997,1.7928931713104248,1.9903991222381592,2.171069622039795,2.238571882247925,2.097931385040283,2.1563949584960938,2.1984691619873047,2.310791015625,2.272167682647705,2.565171003341675,2.5516581535339355,2.914543867111206,2.9569218158721924,3.3179333209991455,3.4475152492523193,3.57133150100708,3.9282455444335938
A4,0.8642357587814331,0.5960662364959717,0.3750743269920349,0.0,0.3851730525493622,0.6385495662689209,0.9281111359596252,1.228524088859558,1.5413087606430054,1.844894528388977,2.1496710777282715,2.445181369781494,2.7412233352661133,3.011211395263672,3.266186237335205,3.5568454265594482,3.2200348377227783,3.250359535217285,2.9407339096069336,2.6147050857543945,2.370392084121704,2.0104429721832275,1.8383432626724243,1.456275224685669,1.3339933156967163,1.0281729698181152,0.9602476954460144,0.7815978527069092,0.7149820923805237,1.0490919351577759,1.5683393478393555,1.3798688650131226,1.4398800134658813,1.3151285648345947,1.466521143913269,1.5570021867752075,1.6156237125396729,1.9212294816970825,2.0413734912872314,2.403934955596924,2.5589654445648193,2.9299368858337402,3.1183643341064453,3.4346837997436523,3.6789169311523438,3.7371320724487305,3.4402036666870117,3.50673508644104,3.200047016143799,2.9485816955566406,2.7859113216400146,2.4210667610168457,2.409229278564453,2.0567357540130615,2.1254501342773438,1.865883708000183,1.9885269403457642,1.8248239755630493,1.8812379837036133,2.1358211040496826,2.3685317039489746,2.3853018283843994,2.225015640258789,2.2256076335906982,2.2375333309173584,2.2881410121917725,2.219285488128662,2.4724295139312744,2.4194817543029785,2.7639365196228027,2.7681875228881836,3.130007028579712,3.226701498031616,3.357410430908203,3.699596881866455
A5,1.1179863214492798,0.8246073722839355,0.593468427658081,0.3851730525493622,0.0,0.3803962171077728,0.6285041570663452,0.9173562526702881,1.2406240701675415,1.520439863204956,1.8405449390411377,2.113027811050415,2.424720525741577,2.6749050617218018,2.940194606781006,3.280876398086548,2.9279515743255615,2.9555554389953613,2.6328470706939697,2.301286220550537,2.0390329360961914,1.6901154518127441,1.485403299331665,1.1106823682785034,0.9543135166168213,0.656622588634491,0.5998908281326294,0.519378662109375,0.585136353969574,0.9528257846832275,1.4238049983978271,1.1714391708374023,1.1934230327606201,0.9983406066894531,1.1362966299057007,1.1922246217727661,1.2808865308761597,1.5755538940429688,1.7301664352416992,2.0850749015808105,2.2671499252319336,2.6332521438598633,2.8427510261535645,3.1620101928710938,3.3937320709228516,3.532451868057251,3.21600079536438,3.299670696258545,2.9902379512786865,2.709749937057495,2.5407934188842773,2.165905714035034,2.131624460220337,1.7749249935150146,1.818756341934204,1.5674675703048706,1.6682989597320557,1.5337985754013062,1.5719106197357178,1.8630881309509277,2.188197374343872,2.152961015701294,2.0156033039093018,1.9666246175765991,2.0050153732299805,2.0300614833831787,1.9997893571853638,2.2386810779571533,2.2188239097595215,2.561056137084961,2.587458848953247,2.960810661315918,3.0698065757751465,3.2388365268707275,3.5755844116210938
A6,1.4684849977493286,1.1611727476119995,0.9412959814071655,0.6385495662689209,0.3803962171077728,0.0,0.38585248589515686,0.6007419228553772,0.9470174908638,1.22342050075531,1.5448813438415527,1.8296992778778076,2.133491277694702,2.4088754653930664,2.64640212059021,2.995900869369507,2.64875864982605,2.7128615379333496,2.4078962802886963,2.0592775344848633,1.8354156017303467,1.4728376865386963,1.3076400756835938,0.9591528177261353,0.8569626808166504,0.6912235021591187,0.6879291534423828,0.7944160103797913,0.8394415974617004,1.2222042083740234,1.7321277856826782,1.43595290184021,1.4407693147659302,1.1681320667266846,1.2621415853500366,1.2019002437591553,1.2663471698760986,1.4920052289962769,1.6122204065322876,1.9455106258392334,2.094949245452881,2.4670016765594482,2.650195837020874,2.99202299118042,3.1947569847106934,3.3069443702697754,3.003477096557617,3.123605251312256,2.8385069370269775,2.556558609008789,2.4339098930358887,2.0631282329559326,2.07507586479187,1.7530560493469238,1.8353712558746338,1.646636724472046,1.7622302770614624,1.6993297338485718,1.7249482870101929,2.058023452758789,2.448801279067993,2.3650379180908203,2.2281594276428223,2.1199758052825928,2.1423401832580566,2.100820779800415,2.0565345287323,2.239907741546631,2.1895506381988525,2.5006556510925293,2.4894981384277344,2.861151933670044,2.932783603668213,3.120677947998047,3.4338157176971436
A7,1.6925591230392456,1.3457305431365967,1.204594612121582,0.9281111359596252,0.6285041570663452,0.38585248589515686,0.0,0.37192651629447937,0.6205148696899414,0.9370014071464539,1.2271019220352173,1.5263595581054688,1.8165667057037354,2.086012601852417,2.346555471420288,2.654477119445801,2.3048009872436523,2.346452474594116,2.0364878177642822,1.6968696117401123,1.4677706956863403,1.1012611389160156,0.9600535035133362,0.6055604219436646,0.621690034866333,0.5565252900123596,0.7484849691390991,0.9379808306694031,1.1111762523651123,1.4636085033416748,1.8210335969924927,1.5252838134765625,1.4378933906555176,1.1448372602462769,1.1231189966201782,0.9747505784034729,0.9601544737815857,1.1498076915740967,1.2353980541229248,1.5670549869537354,1.7096227407455444,2.0821940898895264,2.2676713466644287,2.607112169265747,2.8137402534484863,2.9522547721862793,2.637118339538574,2.7562015056610107,2.468489408493042,2.177375555038452,2.056422233581543,1.6862552165985107,1.7095367908477783,1.4071433544158936,1.5203397274017334,1.3848950862884521,1.5417219400405884,1.5525485277175903,1.625624656677246,1.98350191116333,2.3526129722595215,2.222669839859009,2.0661611557006836,1.9081416130065918,1.899478554725647,1.8057339191436768,1.7516019344329834,1.8996851444244385,1.8461451530456543,2.1439507007598877,2.1361403465270996,2.5101237297058105,2.5876777172088623,2.7966864109039307,3.1057956218719482
A8,2.024240732192993,1.6937838792800903,1.509651780128479,1.228524088859558,0.9173562526702881,0.6007419228553772,0.37192651629447937,0.0,0.39197129011154175,0.6230045557022095,0.9555686712265015,1.2302919626235962,1.5380243062973022,1.8138561248779297,2.045872926712036,2.4384167194366455,2.079986095428467,2.166691541671753,1.8669739961624146,1.5028643608093262,1.304906964302063,0.9540001153945923,0.8212004899978638,0.5859969258308411,0.6063379049301147,0.7331506609916687,0.8680403828620911,1.153029203414917,1.2937657833099365,1.629996657371521,2.020507574081421,1.6878445148468018,1.6162950992584229,1.2728384733200073,1.252839207649231,1.0200169086456299,1.0443693399429321,1.127380609512329,1.2216312885284424,1.4966936111450195,1.632248878479004,1.9925674200057983,2.1690595149993896,2.527351140975952,2.688462495803833,2.869565963745117,2.5580267906188965,2.7252731323242188,2.465327262878418,2.1572139263153076,2.077138900756836,1.7193137407302856,1.756919503211975,1.4984426498413086,1.598302960395813,1.5170637369155884,1.6318714618682861,1.69198477268219,1.712365746498108,2.0902481079101562,2.561195135116577,2.3902556896209717,2.269660234451294,2.0649020671844482,2.081282615661621,1.9450832605361938,1.9223499298095703,2.0183398723602295,1.974560260772705,2.233613967895508,2.2131876945495605,2.5803282260894775,2.6323866844177246,2.875048875808716,3.1540491580963135
A9,2.3083548545837402,1.9540820121765137,1.8239703178405762,1.5413087606430054,1.2406240701675415,0.9470174908638,0.6205148696899414,0.39197129011154175,0.0,0.37289565801620483,0.6090152263641357,0.931452214717865,1.2014226913452148,1.4915398359298706,1.73672616481781,2.0595037937164307,1.703942060470581,1.7822046279907227,1.4907265901565552,1.1298209428787231,0.965778112411499,0.6066974401473999,0.6021402478218079,0.5066121220588684,0.7299816608428955,0.9450376629829407,1.1748902797698975,1.4631657600402832,1.6540119647979736,1.9788483381271362,2.2736778259277344,1.955691933631897,1.8223768472671509,1.4897537231445312,1.3750243186950684,1.0705325603485107,0.9860901832580566,0.9579612016677856,0.9544583559036255,1.1865413188934326,1.2752470970153809,1.6336342096328735,1.789331316947937,2.15427303314209,2.306514263153076,2.487950086593628,2.174177408218384,2.3550148010253906,2.1088171005249023,1.799290418624878,1.7529072761535645,1.4155398607254028,1.4992839097976685,1.3081680536270142,1.4607714414596558,1.4718132019042969,1.6294984817504883,1.76941978931427,1.8351070880889893,2.2182371616363525,2.6459906101226807,2.4375486373901367,2.296491861343384,2.0473947525024414,2.020204544067383,1.8179327249526978,1.771836280822754,1.7993896007537842,1.7324625253677368,1.947840690612793,1.9078980684280396,2.264490842819214,2.3012232780456543,2.5662100315093994,2.8263070583343506
A10,2.613982677459717,2.2737395763397217,2.1126344203948975,1.844894528388977,1.520439863204956,1.22342050075531,0.9370014071464539,0.6230045557022095,0.37289565801620483,0.0,0.37900906801223755,0.6080889105796814,0.92579185962677,1.1969507932662964,1.4244446754455566,1.8852649927139282,1.511511206626892,1.6298848390579224,1.3448851108551025,0.9676803946495056,0.8358204364776611,0.5800936222076416,0.573936402797699,0.6899323463439941,0.8489046692848206,1.1524735689163208,1.335523247718811,1.6690707206726074,1.8514906167984009,2.14560604095459,2.428553581237793,2.0915658473968506,1.9659173488616943,1.6118876934051514,1.498710036277771,1.1539981365203857,1.123443603515625,0.992779552936554,1.0242693424224854,1.1570099592208862,1.257585048675537,1.5720462799072266,1.7326868772506714,2.100555181503296,2.1985576152801514,2.4796314239501953,2.1642208099365234,2.38779354095459,2.170356273651123,1.8415477275848389,1.8226735591888428,1.5147227048873901,1.5802876949310303,1.4380743503570557,1.5440376996994019,1.5976532697677612,1.6968532800674438,1.8741716146469116,1.89041006565094,2.2754645347595215,2.788027763366699,2.5441904067993164,2.445749521255493,2.1612911224365234,2.1695728302001953,1.9446479082107544,1.9487227201461792,1.936936616897583,1.9073280096054077,2.0835773944854736,2.0564258098602295,2.39629864692688,2.4249675273895264,2.7235662937164307,2.9527978897094727
A11,2.9082019329071045,2.5521750450134277,2.4266223907470703,2.1496710777282715,1.8405449390411377,1.5448813438415527,1.2271019220352173,0.9555686712265015,0.6090152263641357,0.37900906801223755,0.0,0.37777698040008545,0.5932978391647339,0.9070141911506653,1.1341296434402466,1.5078978538513184,1.1376571655273438,1.2697912454605103,1.0144972801208496,0.6410397887229919,0.6372230052947998,0.4907229244709015,0.6917392015457153,0.9120444655418396,1.1539661884307861,1.457926869392395,1.6842743158340454,2.006657123565674,2.20942759513855,2.50618577003479,2.740361452102661,2.417937755584717,2.2573535442352295,1.9206560850143433,1.7556029558181763,1.3917429447174072,1.2826956510543823,1.0682822465896606,0.9825463891029358,1.0116716623306274,1.0200392007827759,1.3028231859207153,1.4158042669296265,1.7912839651107788,1.8603047132492065,2.1325130462646484,1.8255661725997925,2.0768375396728516,1.893036127090454,1.5757689476013184,1.617777943611145,1.3634577989578247,1.4870163202285767,1.439205527305603,1.5909528732299805,1.7251102924346924,1.8573734760284424,2.08632493019104,2.138847589492798,2.5166099071502686,2.9783976078033447,2.71242356300354,2.595923900604248,2.2855873107910156,2.252269744873047,1.9757070541381836,1.9531304836273193,1.868492603302002,1.8103811740875244,1.921471357345581,1.8642033338546753,2.1746773719787598,2.1737029552459717,2.491407632827759,2.6872918605804443
A12,3.1905524730682373,2.846071243286133,2.701465368270874,2.445181369781494,2.113027811050415,1.8296992778778076,1.5263595581054688,1.2302919626235962,0.931452214717865,0.6080889105796814,0.37777698040008545,0.0,0.37172433733940125,0.5961463451385498,0.8290807008743286,1.4065442085266113,1.0196812152862549,1.17633056640625,0.9359255433082581,0.603020191192627,0.6452699303627014,0.6977525353431702,0.8313558101654053,1.142632007598877,1.3275097608566284,1.670139193534851,1.8676578998565674,2.2122199535369873,2.4185118675231934,2.6819705963134766,2.878542900085449,2.5509116649627686,2.3905515670776367,2.0513882637023926,1.883817434310913,1.5088610649108887,1.4445774555206299,1.170135736465454,1.1338567733764648,1.0602606534957886,1.0975338220596313,1.2940722703933716,1.4225513935089111,1.7733913660049438,1.7814040184020996,2.1993277072906494,1.8911420106887817,2.167834997177124,2.0110819339752197,1.6814888715744019,1.7311643362045288,1.5172059535980225,1.5972580909729004,1.5901857614517212,1.6832301616668701,1.8472111225128174,1.9226480722427368,2.179244041442871,2.193566083908081,2.5592427253723145,3.0800468921661377,2.7846124172210693,2.709441661834717,2.373666763305664,2.375051736831665,2.0894126892089844,2.1202425956726074,2.010378122329712,2.002438545227051,2.0821354389190674,2.056485176086426,2.3440120220184326,2.351849317550659,2.6948022842407227,2.863948345184326
A13,3.488417148590088,3.1321470737457275,3.0107920169830322,2.7412233352661133,2.424720525741577,2.133491277694702,1.8165667057037354,1.5380243062973022,1.2014226913452148,0.92579185962677,0.5932978391647339,0.37172433733940125,0.0,0.3797866702079773,0.5592937469482422,1.0420701503753662,0.6641662120819092,0.880516767501831,0.7339588403701782,0.5012063980102539,0.7448229789733887,0.8914585113525391,1.1188653707504272,1.434998869895935,1.6634801626205444,1.9951633214950562,2.2166671752929688,2.5522122383117676,2.7645106315612793,3.0381059646606445,3.2188351154327393,2.9003939628601074,2.72198486328125,2.394017457962036,2.2010204792022705,1.8239681720733643,1.7103564739227295,1.408939003944397,1.2881722450256348,1.1328223943710327,1.0606096982955933,1.1795610189437866,1.2250663042068481,1.5670067071914673,1.5173835754394531,1.9161255359649658,1.6356828212738037,1.9480259418487549,1.8464192152023315,1.5511093139648438,1.6747270822525024,1.5347514152526855,1.6683051586151123,1.7413127422332764,1.871527075767517,2.085066795349121,2.1882894039154053,2.4706406593322754,2.512308359146118,2.8703436851501465,3.344498634338379,3.039151191711426,2.946990966796875,2.6002676486968994,2.5655405521392822,2.2468817234039307,2.2486743927001953,2.0805842876434326,2.0413265228271484,2.053208589553833,1.992455244064331,2.2348577976226807,2.2032954692840576,2.555659294128418,2.6797945499420166
A14,3.7253835201263428,3.376124143600464,3.255455493927002,3.011211395263672,2.6749050617218018,2.4088754653930664,2.086012601852417,1.8138561248779297,1.4915398359298706,1.1969507932662964,0.9070141911506653,0.5961463451385498,0.3797866702079773,0.0,0.3914013206958771,1.032205581665039,0.6751234531402588,0.8230467438697815,0.701505720615387,0.618938684463501,0.8304874897003174,1.093835473060608,1.2721196413040161,1.6346547603607178,1.8366144895553589,2.1841259002685547,2.4023807048797607,2.7428293228149414,2.9754586219787598,3.217576265335083,3.3279786109924316,3.0200202465057373,2.8256754875183105,2.5132291316986084,2.301358461380005,1.927381992340088,1.8294001817703247,1.4901241064071655,1.3995622396469116,1.1649043560028076,1.1277297735214233,1.140229344367981,1.2146199941635132,1.4971373081207275,1.395877718925476,1.9825656414031982,1.6942963600158691,1.9990531206130981,1.91226327419281,1.6101934909820557,1.7183573246002197,1.623281717300415,1.7054367065429688,1.8201861381530762,1.9002156257629395,2.1450741291046143,2.209218740463257,2.518364906311035,2.5467708110809326,2.881761074066162,3.3685970306396484,3.038540840148926,2.9767541885375977,2.6113858222961426,2.5969748497009277,2.271740674972534,2.3187289237976074,2.1273322105407715,2.140566110610962,2.124521017074585,2.109052896499634,2.326348066329956,2.322878360748291,2.692793130874634,2.8001182079315186
A15,4.016943454742432,3.6681787967681885,3.529580593109131,3.266186237335205,2.940194606781006,2.64640212059021,2.346555471420288,2.045872926712036,1.73672616481781,1.4244446754455566,1.1341296434402466,0.8290807008743286,0.5592937469482422,0.3914013206958771,0.0,0.9666610956192017,0.7120677828788757,0.9799418449401855,0.9898357391357422,0.9434311985969543,1.1996127367019653,1.4214208126068115,1.6078369617462158,1.9512882232666016,2.141211748123169,2.490373373031616,2.683030366897583,3.0327847003936768,3.2355895042419434,3.486388683319092,3.652637243270874,3.330227851867676,3.1596333980560303,2.8318893909454346,2.645624876022339,2.2704765796661377,2.18977427482605,1.8622492551803589,1.768641471862793,1.544638752937317,1.4685157537460327,1.4599080085754395,1.461245059967041,1.724591612815857,1.5516345500946045,2.05810546875,1.8306167125701904,2.17331862449646,2.14363169670105,1.8823914527893066,2.0405080318450928,1.9694231748580933,2.0801808834075928,2.199291229248047,2.2887399196624756,2.5254952907562256,2.583664894104004,2.8830482959747314,2.8907315731048584,3.2293124198913574,3.7471539974212646,3.4182257652282715,3.3620352745056152,2.998196601867676,2.986471176147461,2.660865545272827,2.696913719177246,2.4975037574768066,2.4864165782928467,2.447855234146118,2.396618604660034,2.5872881412506104,2.538222074508667,2.90139102935791,2.968057155609131
B1,4.272733688354492,3.894934892654419,3.842057943344116,3.5568454265594482,3.280876398086548,2.995900869369507,2.654477119445801,2.4384167194366455,2.0595037937164307,1.8852649927139282,1.5078978538513184,1.4065442085266113,1.0420701503753662,1.032205581665039,0.9666610956192017,0.0,0.39948025345802307,0.5631996989250183,0.890302300453186,1.0849069356918335,1.4524974822998047,1.6690382957458496,1.9896069765090942,2.2832515239715576,2.5834670066833496,2.879209280014038,3.1565990447998047,3.4609999656677246,3.6967790126800537,3.989919424057007,4.113131523132324,3.8262531757354736,3.60090970993042,3.3091812133789062,3.059526205062866,2.694071054458618,2.4827330112457275,2.1661376953125,1.9059101343154907,1.647627830505371,1.3707467317581177,1.256487488746643,1.0146411657333374,1.197831392288208,0.9620266556739807,1.1557657718658447,1.03691828250885,1.4151020050048828,1.5231598615646362,1.4165059328079224,1.720668077468872,1.8028823137283325,2.038553237915039,2.273469924926758,2.476219654083252,2.773618698120117,2.9423182010650635,3.265043258666992,3.3791842460632324,3.713736057281494,4.041988849639893,3.728527545928955,3.588184118270874,3.2369089126586914,3.110663652420044,2.7401461601257324,2.6645398139953613,2.377275228500366,2.260305643081665,2.0929641723632812,1.9447803497314453,2.014075756072998,1.8691784143447876,2.2078018188476562,2.1789474487304688
B2,3.9355928897857666,3.562760829925537,3.495370626449585,3.2200348377227783,2.9279515743255615,2.64875864982605,2.3048009872436523,2.079986095428467,1.703942060470581,1.511511206626892,1.1376571655273438,1.0196812152862549,0.6641662120819092,0.6751234531402588,0.7120677828788757,0.39948025345802307,0.0,0.3823207914829254,0.5737990140914917,0.703842282295227,1.0722606182098389,1.2963773012161255,1.6027582883834839,1.909913420677185,2.1981213092803955,2.503558874130249,2.774339199066162,3.085062026977539,3.3239006996154785,3.608020544052124,3.7285563945770264,3.4372806549072266,3.2171578407287598,2.920419692993164,2.677044630050659,2.3081250190734863,2.1141610145568848,1.793362021446228,1.5596592426300049,1.3102977275848389,1.0753237009048462,1.021049976348877,0.8767545819282532,1.1511435508728027,0.9989312291145325,1.3521925210952759,1.124892234802246,1.4808158874511719,1.4895716905593872,1.2892343997955322,1.534488558769226,1.5477949380874634,1.7545675039291382,1.9537192583084106,2.137722969055176,2.4208016395568848,2.5744526386260986,2.891897201538086,2.992509603500366,3.331575870513916,3.6929712295532227,3.3790547847747803,3.2512874603271484,2.8977622985839844,2.795527696609497,2.434473991394043,2.3840672969818115,2.1258368492126465,2.038357973098755,1.926944375038147,1.81632661819458,1.9562592506408691,1.8658812046051025,2.2240285873413086,2.2652764320373535
B3,3.9099485874176025,3.536407947540283,3.502035617828369,3.250359535217285,2.9555554389953613,2.7128615379333496,2.346452474594116,2.166691541671753,1.7822046279907227,1.6298848390579224,1.2697912454605103,1.17633056640625,0.880516767501831,0.8230467438697815,0.9799418449401855,0.5631996989250183,0.3823207914829254,0.0,0.37168365716934204,0.686792254447937,1.0067036151885986,1.282181978225708,1.5868979692459106,1.8979723453521729,2.2028629779815674,2.4930367469787598,2.7947418689727783,3.085932970046997,3.358934164047241,3.6289522647857666,3.667206048965454,3.4030520915985107,3.149261713027954,2.8842763900756836,2.6039042472839355,2.2497384548187256,2.0191078186035156,1.689204216003418,1.4240926504135132,1.1267317533493042,0.8625455498695374,0.703863263130188,0.53252112865448,0.7772297263145447,0.6518844962120056,1.194662094116211,0.9018911123275757,1.2128361463546753,1.200987458229065,0.9916127920150757,1.232209324836731,1.30801522731781,1.5048290491104126,1.760109305381775,1.945898413658142,2.2621724605560303,2.4314849376678467,2.76729154586792,2.902989625930786,3.2212603092193604,3.5109646320343018,3.19245982170105,3.0535871982574463,2.6986019611358643,2.571709632873535,2.1985723972320557,2.145564317703247,1.8544776439666748,1.784111499786377,1.6348280906677246,1.5579898357391357,1.6753524541854858,1.627410888671875,2.0005674362182617,2.052065134048462
B4,3.5843770503997803,3.216329574584961,3.1765782833099365,2.9407339096069336,2.6328470706939697,2.4078962802886963,2.0364878177642822,1.8669739961624146,1.4907265901565552,1.3448851108551025,1.0144972801208496,0.9359255433082581,0.7339588403701782,0.701505720615387,0.9898357391357422,0.890302300453186,0.5737990140914917,0.37168365716934204,0.0,0.37765663862228394,0.6446694135665894,0.9471777081489563,1.2325116395950317,1.5534789562225342,1.851452350616455,2.1429927349090576,2.446948766708374,2.736332654953003,3.019648313522339,3.2785630226135254,3.2981677055358887,3.036290407180786,2.7797939777374268,2.51780104637146,2.234342336654663,1.8810491561889648,1.6550239324569702,1.3196378946304321,1.0711286067962646,0.7700645327568054,0.5565951466560364,0.48715490102767944,0.5231155157089233,0.845382571220398,0.8618200421333313,1.4378314018249512,1.0875872373580933,1.3392391204833984,1.2200417518615723,0.9147146344184875,1.056357741355896,1.0459258556365967,1.2030348777770996,1.4248729944229126,1.594721794128418,1.9023101329803467,2.06493878364563,2.3983097076416016,2.532078981399536,2.8526010513305664,3.157166004180908,2.8394806385040283,2.70706844329834,2.3505351543426514,2.241330623626709,1.8759095668792725,1.846917748451233,1.5866433382034302,1.5523439645767212,1.4697335958480835,1.4436345100402832,1.6350529193878174,1.6506500244140625,2.027479648590088,2.147228717803955
B5,3.2928805351257324,2.9272618293762207,2.860558032989502,2.6147050857543945,2.301286220550537,2.0592775344848633,1.6968696117401123,1.5028643608093262,1.1298209428787231,0.9676803946495056,0.6410397887229919,0.603020191192627,0.5012063980102539,0.618938684463501,0.9434311985969543,1.0849069356918335,0.703842282295227,0.686792254447937,0.37765663862228394,0.0,0.37383365631103516,0.6195763349533081,0.9147984981536865,1.2345919609069824,1.5256534814834595,1.8279790878295898,2.1151230335235596,2.416856288909912,2.6815474033355713,2.9501705169677734,3.0301835536956787,2.7477524280548096,2.5169918537139893,2.229351043701172,1.9754570722579956,1.609415888786316,1.4119104146957397,1.0921906232833862,0.8817250728607178,0.6762692332267761,0.5600193738937378,0.715358555316925,0.8233765363693237,1.181128978729248,1.2350573539733887,1.681932806968689,1.3382031917572021,1.5885823965072632,1.4263720512390137,1.0949280261993408,1.1796314716339111,1.0432403087615967,1.1872165203094482,1.3082740306854248,1.4754999876022339,1.73288893699646,1.8877441883087158,2.194809675216675,2.303908109664917,2.647939443588257,3.012237548828125,2.707636833190918,2.580777883529663,2.2330925464630127,2.1523661613464355,1.8113216161727905,1.7894786596298218,1.5937811136245728,1.55631685256958,1.5605995655059814,1.5293365716934204,1.784916639328003,1.8028185367584229,2.163088798522949,2.322862148284912
B6,3.0092689990997314,2.6534032821655273,2.5860016345977783,2.370392084121704,2.0390329360961914,1.8354156017303467,1.4677706956863403,1.304906964302063,0.965778112411499,0.8358204364776611,0.6372230052947998,0.6452699303627014,0.7448229789733887,0.8304874897003174,1.1996127367019653,1.4524974822998047,1.0722606182098389,1.0067036151885986,0.6446694135665894,0.37383365631103516,0.0,0.3789115250110626,0.5919190645217896,0.9364377856254578,1.2119886875152588,1.514224648475647,1.8094829320907593,2.1043519973754883,2.391334295272827,2.638753652572632,2.6721534729003906,2.398524761199951,2.1562652587890625,1.8794809579849243,1.612593412399292,1.2494220733642578,1.0569216012954712,0.723558247089386,0.5698928833007812,0.4158225953578949,0.5226731896400452,0.7697893977165222,1.0066806077957153,1.3347446918487549,1.4592633247375488,1.9554073810577393,1.5848990678787231,1.7731876373291016,1.5439437627792358,1.1747546195983887,1.1370704174041748,0.9094520807266235,0.9583232998847961,1.0067576169967651,1.1334991455078125,1.3736903667449951,1.5160187482833862,1.8219810724258423,1.9333229064941406,2.27581787109375,2.647939682006836,2.3438222408294678,2.226902961730957,1.879185438156128,1.8239493370056152,1.502105712890625,1.5208600759506226,1.3782113790512085,1.4008558988571167,1.483546257019043,1.5214765071868896,1.8238097429275513,1.9076076745986938,2.2559125423431396,2.4665205478668213
B7,2.6787023544311523,2.317420244216919,2.2443127632141113,2.0104429721832275,1.6901154518127441,1.4728376865386963,1.1012611389160156,0.9540001153945923,0.6066974401473999,0.5800936222076416,0.4907229244709015,0.6977525353431702,0.8914585113525391,1.093835473060608,1.4214208126068115,1.6690382957458496,1.2963773012161255,1.282181978225708,0.9471777081489563,0.6195763349533081,0.3789115250110626,0.0,0.36846768856048584,0.6194483041763306,0.9386311769485474,1.217091679573059,1.520552396774292,1.8072527647018433,2.0783772468566895,2.3539021015167236,2.45870041847229,2.174290895462036,1.954223394393921,1.6610815525054932,1.424311637878418,1.0665106773376465,0.8668428659439087,0.6310880184173584,0.49338772892951965,0.6018109321594238,0.7047357559204102,1.0457440614700317,1.2468663454055786,1.5957046747207642,1.7547268867492676,2.0940778255462646,1.738276481628418,1.9114073514938354,1.6580491065979004,1.3074262142181396,1.2510251998901367,0.9445583820343018,1.0202223062515259,0.9485317468643188,1.1169846057891846,1.2745870351791382,1.451255440711975,1.7039270401000977,1.8204989433288574,2.184562921524048,2.5551583766937256,2.287198066711426,2.145791530609131,1.8324776887893677,1.7727296352386475,1.4879894256591797,1.4658087491989136,1.3945033550262451,1.3706728219985962,1.5243974924087524,1.5307570695877075,1.8712654113769531,1.9443570375442505,2.25986385345459,2.503164291381836
B8,2.4787063598632812,2.1384568214416504,2.035039186477661,1.8383432626724243,1.485403299331665,1.3076400756835938,0.9600535035133362,0.8212004899978638,0.6021402478218079,0.573936402797699,0.6917392015457153,0.8313558101654053,1.1188653707504272,1.2721196413040161,1.6078369617462158,1.9896069765090942,1.6027582883834839,1.5868979692459106,1.2325116395950317,0.9147984981536865,0.5919190645217896,0.36846768856048584,0.0,0.38961315155029297,0.6203104257583618,0.9358240962028503,1.2177276611328125,1.5195119380950928,1.802968144416809,2.0477232933044434,2.1301252841949463,1.8367822170257568,1.6250249147415161,1.3201900720596313,1.0969035625457764,0.7261305451393127,0.6169635653495789,0.4196392893791199,0.5457466840744019,0.739113986492157,0.9756471514701843,1.2919409275054932,1.5482373237609863,1.870598554611206,2.036803960800171,2.4482290744781494,2.082765817642212,2.2353196144104004,1.9596614837646484,1.5968869924545288,1.4723540544509888,1.1342743635177612,1.0952556133270264,0.9154337644577026,0.9750260710716248,1.0549038648605347,1.168747901916504,1.3978476524353027,1.475533127784729,1.847273826599121,2.289762020111084,2.0229127407073975,1.9189298152923584,1.6119292974472046,1.6192976236343384,1.3887308835983276,1.4392869472503662,1.4479470252990723,1.4982181787490845,1.7115670442581177,1.775551199913025,2.131382465362549,2.2447433471679688,2.5499017238616943,2.8161351680755615
B9,2.097689151763916,1.753092885017395,1.6549043655395508,1.456275224685669,1.1106823682785034,0.9591528177261353,0.6055604219436646,0.5859969258308411,0.5066121220588684,0.6899323463439941,0.9120444655418396,1.142632007598877,1.434998869895935,1.6346547603607178,1.9512882232666016,2.2832515239715576,1.909913420677185,1.8979723453521729,1.5534789562225342,1.2345919609069824,0.9364377856254578,0.6194483041763306,0.38961315155029297,0.0,0.37367090582847595,0.5984890460968018,0.9211931824684143,1.189389705657959,1.4747142791748047,1.7459251880645752,1.8777375221252441,1.5881062746047974,1.3927416801452637,1.0907094478607178,0.9033792614936829,0.5943353772163391,0.48789867758750916,0.557712197303772,0.6932873725891113,1.0063854455947876,1.2174416780471802,1.5678426027297974,1.8070652484893799,2.128945827484131,2.3321263790130615,2.637223720550537,2.2824647426605225,2.403265953063965,2.1051321029663086,1.7671422958374023,1.6159627437591553,1.2443143129348755,1.210555911064148,0.9328828454017639,1.0150893926620483,0.9758160710334778,1.1305259466171265,1.2715978622436523,1.3724937438964844,1.7483834028244019,2.1460676193237305,1.9312770366668701,1.795862078666687,1.546324610710144,1.5447123050689697,1.3769468069076538,1.3867294788360596,1.4786354303359985,1.498304009437561,1.772411823272705,1.8254809379577637,2.2004663944244385,2.319162607192993,2.5840389728546143,2.8819594383239746
B10,1.9513216018676758,1.6450340747833252,1.486262321472168,1.3339933156967163,0.9543135166168213,0.8569626808166504,0.621690034866333,0.6063379049301147,0.7299816608428955,0.8489046692848206,1.1539661884307861,1.3275097608566284,1.6634801626205444,1.8366144895553589,2.141211748123169,2.5834670066833496,2.1981213092803955,2.2028629779815674,1.851452350616455,1.5256534814834595,1.2119886875152588,0.9386311769485474,0.6203104257583618,0.37367090582847595,0.0,0.36521676182746887,0.5980649590492249,0.9107181429862976,1.1907974481582642,1.427782654762268,1.5881280899047852,1.2684475183486938,1.119519829750061,0.7753325700759888,0.6807264685630798,0.42265191674232483,0.5790312886238098,0.7377292513847351,0.9995104670524597,1.291664481163025,1.5479824542999268,1.8776618242263794,2.140007972717285,2.4533779621124268,2.645294189453125,3.0008058547973633,2.6428372859954834,2.766296625137329,2.4648494720458984,2.1193764209747314,1.9465537071228027,1.574757695198059,1.4828227758407593,1.1668598651885986,1.1425987482070923,1.0029724836349487,1.047411322593689,1.108324646949768,1.1224660873413086,1.5054266452789307,2.013249158859253,1.8156235218048096,1.7359521389007568,1.5171107053756714,1.5993610620498657,1.5062222480773926,1.5812323093414307,1.7285655736923218,1.7972090244293213,2.093010663986206,2.1743104457855225,2.5507938861846924,2.6845009326934814,2.9450125694274902,3.249666452407837
B11,1.589534044265747,1.2888596057891846,1.1413898468017578,1.0281729698181152,0.656622588634491,0.6912235021591187,0.5565252900123596,0.7331506609916687,0.9450376629829407,1.1524735689163208,1.457926869392395,1.670139193534851,1.9951633214950562,2.1841259002685547,2.490373373031616,2.879209280014038,2.503558874130249,2.4930367469787598,2.1429927349090576,1.8279790878295898,1.514224648475647,1.217091679573059,0.9358240962028503,0.5984890460968018,0.36521676182746887,0.0,0.3848404288291931,0.5944177508354187,0.9132329225540161,1.162089467048645,1.3339289426803589,1.0373756885528564,0.9024267196655273,0.6024184226989746,0.5826278924942017,0.5385302305221558,0.6780085563659668,0.9652073979377747,1.1996276378631592,1.534986972808838,1.7805696725845337,2.1214849948883057,2.37941312789917,2.6818346977233887,2.9058871269226074,3.201606273651123,2.8487467765808105,2.938206911087036,2.6186630725860596,2.2942075729370117,2.0945911407470703,1.715280294418335,1.6162419319152832,1.2561224699020386,1.236154556274414,1.0057505369186401,1.075002670288086,1.0270462036132812,1.0753899812698364,1.4281445741653442,1.8521679639816284,1.7172315120697021,1.6107383966445923,1.466012716293335,1.5415133237838745,1.5206196308135986,1.5690414905548096,1.7822922468185425,1.839919924736023,2.173128604888916,2.2586581707000732,2.639014482498169,2.7867586612701416,3.0116426944732666,3.3406283855438232
B12,1.5084307193756104,1.2728686332702637,1.025558590888977,0.9602476954460144,0.5998908281326294,0.6879291534423828,0.7484849691390991,0.8680403828620911,1.1748902797698975,1.335523247718811,1.6842743158340454,1.8676578998565674,2.2166671752929688,2.4023807048797607,2.683030366897583,3.1565990447998047,2.774339199066162,2.7947418689727783,2.446948766708374,2.1151230335235596,1.8094829320907593,1.520552396774292,1.2177276611328125,0.9211931824684143,0.5980649590492249,0.3848404288291931,0.0,0.36920905113220215,0.6053465008735657,0.8355255722999573,1.1741749048233032,0.8285201787948608,0.8396167755126953,0.5175195336341858,0.7251306772232056,0.7769370079040527,1.0239704847335815,1.2866333723068237,1.5552529096603394,1.870939016342163,2.1263785362243652,2.461984157562256,2.722334623336792,3.032106876373291,3.2374002933502197,3.5472939014434814,3.198564291000366,3.304990291595459,2.992227554321289,2.6635239124298096,2.4708268642425537,2.092222213745117,1.983535647392273,1.6235672235488892,1.56179940700531,1.3020844459533691,1.282840371131897,1.1572619676589966,1.0889891386032104,1.4137085676193237,1.9424477815628052,1.841588020324707,1.792988896369934,1.6884844303131104,1.8225904703140259,1.8458300828933716,1.9248905181884766,2.1526236534118652,2.2227678298950195,2.5571768283843994,2.6415977478027344,3.0221314430236816,3.162761688232422,3.3861896991729736,3.712764263153076
B13,1.1664363145828247,0.9732080698013306,0.7274121642112732,0.7815978527069092,0.519378662109375,0.7944160103797913,0.9379808306694031,1.153029203414917,1.4631657600402832,1.6690707206726074,2.006657123565674,2.2122199535369873,2.5522122383117676,2.7428293228149414,3.0327847003936768,3.4609999656677246,3.085062026977539,3.085932970046997,2.736332654953003,2.416856288909912,2.1043519973754883,1.8072527647018433,1.5195119380950928,1.189389705657959,0.9107181429862976,0.5944177508354187,0.36920905113220215,0.0,0.3880831301212311,0.5909309387207031,0.9399678707122803,0.654961884021759,0.7238782644271851,0.5631285309791565,0.8214762806892395,1.003053069114685,1.2117209434509277,1.528400182723999,1.7799230813980103,2.117769241333008,2.3697350025177,2.708197593688965,2.9691498279571533,3.265181064605713,3.4973998069763184,3.771111011505127,3.4247567653656006,3.499826669692993,3.1725270748138428,2.8611578941345215,2.6445260047912598,2.267437219619751,2.1480355262756348,1.7679493427276611,1.7042028903961182,1.3948159217834473,1.388244390487671,1.1782609224319458,1.1428338289260864,1.3993295431137085,1.8151955604553223,1.7867355346679688,1.7225350141525269,1.697760820388794,1.826678991317749,1.9147957563400269,1.97731351852417,2.2515363693237305,2.3194479942321777,2.6764988899230957,2.7701306343078613,3.147707223892212,3.3040716648101807,3.496805429458618,3.842048406600952
