0.000000000000000000e+00,3.931168615818023682e-01,5.553998351097106934e-01,7.126913070678710938e-01,6.119159460067749023e-01,8.106410503387451172e-01,7.752078771591186523e-01,1.146231055259704590e+00,1.248291134834289551e+00,1.627682924270629883e+00,1.778858065605163574e+00,2.124585390090942383e+00,2.421344518661499023e+00,2.421554327011108398e+00,2.683894395828247070e+00,9.817301034927368164e-01,8.182218074798583984e-01,9.039637446403503418e-01,7.808710336685180664e-01,6.682511568069458008e-01,9.418335556983947754e-01,9.868522286415100098e-01,1.296391844749450684e+00,1.469473361968994141e+00,1.800479412078857422e+00,2.013235569000244141e+00,2.331289768218994141e+00,2.630573272705078125e+00,2.591682910919189453e+00,2.885282516479492188e+00,1.444103360176086426e+00,1.437869310379028320e+00,1.276849031448364258e+00,1.317335486412048340e+00,1.092893004417419434e+00,1.291248202323913574e+00,1.343978524208068848e+00,1.575291752815246582e+00,1.760565876960754395e+00,2.036754369735717773e+00,2.276332855224609375e+00,2.551684856414794922e+00,2.858055830001831055e+00,2.804624080657958984e+00,3.114929676055908203e+00,1.903136014938354492e+00,1.953014373779296875e+00,1.766588449478149414e+00,1.790183663368225098e+00,1.555915951728820801e+00,1.712365984916687012e+00,1.755667448043823242e+00,1.928769111633300781e+00,2.104523181915283203e+00,2.317724466323852539e+00,2.577033996582031250e+00,2.802776336669921875e+00,3.117330551147460938e+00,3.046269178390502930e+00,3.363783836364746094e+00,2.365701675415039062e+00,2.457718849182128906e+00,2.254497528076171875e+00,2.273131370544433594e+00,2.029184579849243164e+00,2.172369003295898438e+00,2.203850746154785156e+00,2.331572055816650391e+00,2.502274513244628906e+00,2.653212308883666992e+00,2.941308021545410156e+00,3.138132333755493164e+00,3.469235897064208984e+00,3.418287992477416992e+00,3.743943214416503906e+00
3.931168615818023682e-01,0.000000000000000000e+00,3.839562237262725830e-01,6.742820143699645996e-01,7.761138677597045898e-01,1.066846847534179688e+00,1.127774477005004883e+00,1.504984021186828613e+00,1.627492427825927734e+00,2.010388851165771484e+00,2.154565095901489258e+00,2.506199121475219727e+00,2.790598869323730469e+00,2.773450851440429688e+00,3.016293048858642578e+00,1.183293581008911133e+00,9.073173403739929199e-01,8.717793226242065430e-01,6.942120194435119629e-01,7.607287168502807617e-01,1.117183566093444824e+00,1.260932087898254395e+00,1.595423817634582520e+00,1.798928380012512207e+00,2.146844625473022461e+00,2.361392498016357422e+00,2.694074392318725586e+00,2.980381965637207031e+00,2.926501750946044922e+00,3.201391696929931641e+00,1.564610242843627930e+00,1.464968323707580566e+00,1.241199851036071777e+00,1.247355222702026367e+00,1.126410007476806641e+00,1.401618719100952148e+00,1.543576478958129883e+00,1.810340046882629395e+00,2.037069082260131836e+00,2.338422298431396484e+00,2.588367462158203125e+00,2.885437965393066406e+00,3.181543588638305664e+00,3.115956068038940430e+00,3.410798311233520508e+00,1.989007234573364258e+00,1.969890356063842773e+00,1.734136700630187988e+00,1.730346798896789551e+00,1.569254517555236816e+00,1.786862730979919434e+00,1.905286788940429688e+00,2.111317634582519531e+00,2.333311796188354492e+00,2.573381423950195312e+00,2.850014448165893555e+00,3.101580858230590820e+00,3.411428928375244141e+00,3.328561305999755859e+00,3.635721445083618164e+00,2.427480936050415039e+00,2.467533826828002930e+00,2.221675157546997070e+00,2.221768856048583984e+00,2.033883333206176758e+00,2.224296092987060547e+00,2.318791866302490234e+00,2.470391988754272461e+00,2.686841011047363281e+00,2.859590768814086914e+00,3.167777538299560547e+00,3.389882326126098633e+00,3.720364332199096680e+00,3.666891574859619141e+00,3.987377882003784180e+00
5.553998351097106934e-01,3.839562237262725830e-01,0.000000000000000000e+00,3.758941292762756348e-01,5.586619973182678223e-01,9.227509498596191406e-01,1.094899535179138184e+00,1.460183143615722656e+00,1.666927814483642578e+00,2.040106058120727539e+00,2.242394447326660156e+00,2.597050905227661133e+00,2.899509191513061523e+00,2.928824186325073242e+00,3.186680078506469727e+00,1.395268917083740234e+00,1.175005078315734863e+00,1.066577911376953125e+00,7.649005055427551270e-01,7.431262731552124023e-01,1.052271962165832520e+00,1.262839436531066895e+00,1.553064823150634766e+00,1.818362832069396973e+00,2.145230531692504883e+00,2.409013986587524414e+00,2.739521980285644531e+00,3.048624992370605469e+00,3.039323568344116211e+00,3.332600831985473633e+00,1.748030424118041992e+00,1.685576677322387695e+00,1.416235804557800293e+00,1.316583752632141113e+00,1.164319872856140137e+00,1.380306124687194824e+00,1.556077599525451660e+00,1.770075082778930664e+00,2.038708925247192383e+00,2.310841321945190430e+00,2.601409196853637695e+00,2.892230987548828125e+00,3.213148355484008789e+00,3.189969062805175781e+00,3.504361629486083984e+00,2.133261442184448242e+00,2.143800973892211914e+00,1.874097466468811035e+00,1.792492032051086426e+00,1.613638281822204590e+00,1.781535267829895020e+00,1.917627215385437012e+00,2.071227312088012695e+00,2.319961071014404297e+00,2.524980783462524414e+00,2.833886861801147461e+00,3.073867797851562500e+00,3.409176111221313477e+00,3.365746974945068359e+00,3.693087577819824219e+00,2.537206649780273438e+00,2.604843616485595703e+00,2.333623647689819336e+00,2.271934509277343750e+00,2.072479009628295898e+00,2.221072912216186523e+00,2.326499700546264648e+00,2.427125930786132812e+00,2.657613277435302734e+00,2.790544033050537109e+00,3.120753049850463867e+00,3.326306581497192383e+00,3.676578760147094727e+00,3.664259672164916992e+00,4.003489971160888672e+00
7.126913070678710938e-01,6.742820143699645996e-01,3.758941292762756348e-01,0.000000000000000000e+00,3.730168044567108154e-01,6.883518099784851074e-01,9.666203260421752930e-01,1.297301530838012695e+00,1.556955456733703613e+00,1.916818857192993164e+00,2.145754575729370117e+00,2.511765241622924805e+00,2.802587270736694336e+00,2.863924264907836914e+00,3.112514972686767578e+00,1.361022233963012695e+00,1.211749196052551270e+00,1.048229217529296875e+00,6.929798722267150879e-01,5.617203712463378906e-01,7.863911390304565430e-01,1.060456037521362305e+00,1.315837383270263672e+00,1.627238869667053223e+00,1.944942355155944824e+00,2.235982656478881836e+00,2.574984073638916016e+00,2.882517099380493164e+00,2.900743484497070312e+00,3.194458484649658203e+00,1.653142452239990234e+00,1.641746997833251953e+00,1.354019403457641602e+00,1.177459836006164551e+00,9.764871001243591309e-01,1.118384242057800293e+00,1.317596077919006348e+00,1.493186831474304199e+00,1.795950531959533691e+00,2.056034088134765625e+00,2.371690511703491211e+00,2.669328689575195312e+00,2.994593143463134766e+00,2.996690273284912109e+00,3.315984725952148438e+00,1.988337635993957520e+00,2.039981842041015625e+00,1.759880781173706055e+00,1.624475955963134766e+00,1.411040186882019043e+00,1.520792603492736816e+00,1.660997867584228516e+00,1.775674343109130859e+00,2.044732093811035156e+00,2.232947826385498047e+00,2.562489986419677734e+00,2.805115938186645508e+00,3.149170398712158203e+00,3.127402782440185547e+00,3.462923288345336914e+00,2.356064558029174805e+00,2.459717512130737305e+00,2.184506654739379883e+00,2.081002473831176758e+00,1.855357050895690918e+00,1.957381367683410645e+00,2.059180021286010742e+00,2.122365474700927734e+00,2.360196590423583984e+00,2.471587657928466797e+00,2.814453363418579102e+00,3.016676425933837891e+00,3.374258756637573242e+00,3.385149717330932617e+00,3.733043193817138672e+00
6.119159460067749023e-01,7.761138677597045898e-01,5.586619973182678223e-01,3.730168044567108154e-01,0.000000000000000000e+00,3.851467370986938477e-01,6.333905458450317383e-01,9.578796029090881348e-01,1.232330679893493652e+00,1.581862568855285645e+00,1.833261966705322266e+00,2.186258554458618164e+00,2.495967864990234375e+00,2.579401254653930664e+00,2.851497888565063477e+00,1.264107584953308105e+00,1.200835227966308594e+00,1.145634412765502930e+00,8.656917810440063477e-01,5.852099657058715820e-01,6.954637765884399414e-01,8.597586154937744141e-01,1.069607853889465332e+00,1.364821076393127441e+00,1.656132817268371582e+00,1.956491827964782715e+00,2.274874448776245117e+00,2.602984905242919922e+00,2.642206430435180664e+00,2.958131790161132812e+00,1.628491640090942383e+00,1.690543413162231445e+00,1.464829087257385254e+00,1.346589326858520508e+00,1.059053301811218262e+00,1.121853351593017578e+00,1.216242671012878418e+00,1.340623736381530762e+00,1.600481033325195312e+00,1.824550509452819824e+00,2.135840654373168945e+00,2.405088663101196289e+00,2.748007774353027344e+00,2.767740488052368164e+00,3.105941057205200195e+00,2.001104831695556641e+00,2.109482288360595703e+00,1.879603385925292969e+00,1.786391735076904297e+00,1.510591387748718262e+00,1.563196182250976562e+00,1.619201540946960449e+00,1.693071484565734863e+00,1.909213423728942871e+00,2.060733318328857422e+00,2.374542713165283203e+00,2.583870649337768555e+00,2.938410282135009766e+00,2.933540582656860352e+00,3.282252073287963867e+00,2.396589994430541992e+00,2.543307304382324219e+00,2.311192274093627930e+00,2.236643075942993164e+00,1.962312698364257812e+00,2.021906137466430664e+00,2.055949687957763672e+00,2.092789411544799805e+00,2.278269290924072266e+00,2.360961675643920898e+00,2.682816028594970703e+00,2.853002786636352539e+00,3.214875221252441406e+00,3.231269836425781250e+00,3.586381196975708008e+00
8.106410503387451172e-01,1.066846847534179688e+00,9.227509498596191406e-01,6.883518099784851074e-01,3.851467370986938477e-01,0.000000000000000000e+00,3.806290030479431152e-01,6.269174814224243164e-01,9.368110299110412598e-01,1.264636993408203125e+00,1.531406402587890625e+00,1.888157010078430176e+00,2.184423446655273438e+00,2.295203208923339844e+00,2.562134742736816406e+00,1.153144001960754395e+00,1.209393739700317383e+00,1.194717168807983398e+00,9.853699207305908203e-01,6.148942112922668457e-01,5.003246665000915527e-01,5.649477243423461914e-01,6.979593038558959961e-01,1.009778976440429688e+00,1.285374522209167480e+00,1.600962400436401367e+00,1.919623136520385742e+00,2.247787475585937500e+00,2.309076786041259766e+00,2.630347967147827148e+00,1.490012884140014648e+00,1.636517882347106934e+00,1.461703658103942871e+00,1.357479095458984375e+00,1.005419850349426270e+00,9.464927315711975098e-01,9.482872486114501953e-01,1.004778504371643066e+00,1.244858741760253906e+00,1.445521116256713867e+00,1.762673020362854004e+00,2.026473283767700195e+00,2.374228954315185547e+00,2.411372661590576172e+00,2.757970571517944336e+00,1.838707208633422852e+00,2.011104345321655273e+00,1.825174570083618164e+00,1.744559884071350098e+00,1.414884328842163086e+00,1.386727690696716309e+00,1.368599414825439453e+00,1.392740130424499512e+00,1.572435498237609863e+00,1.697631835937500000e+00,2.005820274353027344e+00,2.203157186508178711e+00,2.561786413192749023e+00,2.570218324661254883e+00,2.926718235015869141e+00,2.222275257110595703e+00,2.418279409408569336e+00,2.226081609725952148e+00,2.159601211547851562e+00,1.841049075126647949e+00,1.842955589294433594e+00,1.816995501518249512e+00,1.821337342262268066e+00,1.965861797332763672e+00,2.027076959609985352e+00,2.334629058837890625e+00,2.489275455474853516e+00,2.851319789886474609e+00,2.872935295104980469e+00,3.232409477233886719e+00
7.752078771591186523e-01,1.127774477005004883e+00,1.094899535179138184e+00,9.666203260421752930e-01,6.333905458450317383e-01,3.806290030479431152e-01,0.000000000000000000e+00,3.775617480278015137e-01,5.989502668380737305e-01,9.559919834136962891e-01,1.200998306274414062e+00,1.553807377815246582e+00,1.864245414733886719e+00,1.960637569427490234e+00,2.246160268783569336e+00,9.961259365081787109e-01,1.121263146400451660e+00,1.231403350830078125e+00,1.127576708793640137e+00,7.749352455139160156e-01,6.772909164428710938e-01,5.099579095840454102e-01,6.277214884757995605e-01,8.134293556213378906e-01,1.086181044578552246e+00,1.362197875976562500e+00,1.665230512619018555e+00,2.000440359115600586e+00,2.043416261672973633e+00,2.376584291458129883e+00,1.414122939109802246e+00,1.598727822303771973e+00,1.503722310066223145e+00,1.497632384300231934e+00,1.134884834289550781e+00,1.085741639137268066e+00,9.693343043327331543e-01,1.030737757682800293e+00,1.162542104721069336e+00,1.352260708808898926e+00,1.617432832717895508e+00,1.856776118278503418e+00,2.200655221939086914e+00,2.215992927551269531e+00,2.566311120986938477e+00,1.816018104553222656e+00,2.009339332580566406e+00,1.884600162506103516e+00,1.880944967269897461e+00,1.536739587783813477e+00,1.515458822250366211e+00,1.422715067863464355e+00,1.463176369667053223e+00,1.562648296356201172e+00,1.685484290122985840e+00,1.940516352653503418e+00,2.114334344863891602e+00,2.457309007644653320e+00,2.445531845092773438e+00,2.796455144882202148e+00,2.241415739059448242e+00,2.446217775344848633e+00,2.302617073059082031e+00,2.296372413635253906e+00,1.963137269020080566e+00,1.971924066543579102e+00,1.892261862754821777e+00,1.921615123748779297e+00,2.009705305099487305e+00,2.082511901855468750e+00,2.346452474594116211e+00,2.486027240753173828e+00,2.830326795578002930e+00,2.820387125015258789e+00,3.168300867080688477e+00
1.146231055259704590e+00,1.504984021186828613e+00,1.460183143615722656e+00,1.297301530838012695e+00,9.578796029090881348e-01,6.269174814224243164e-01,3.775617480278015137e-01,0.000000000000000000e+00,3.821581900119781494e-01,6.463441252708435059e-01,9.531947970390319824e-01,1.284602284431457520e+00,1.597837209701538086e+00,1.750896573066711426e+00,2.046803712844848633e+00,1.182162761688232422e+00,1.395359158515930176e+00,1.524811744689941406e+00,1.450864076614379883e+00,1.086388468742370605e+00,8.773300051689147949e-01,6.166441440582275391e-01,4.928857684135437012e-01,5.973600149154663086e-01,7.675713896751403809e-01,1.074495315551757812e+00,1.345970392227172852e+00,1.702513217926025391e+00,1.796108603477478027e+00,2.148984909057617188e+00,1.545822620391845703e+00,1.797809362411499023e+00,1.747633814811706543e+00,1.743380784988403320e+00,1.364624500274658203e+00,1.219847559928894043e+00,1.010391712188720703e+00,9.441689252853393555e-01,9.875369668006896973e-01,1.083480596542358398e+00,1.342111349105834961e+00,1.537762999534606934e+00,1.901690959930419922e+00,1.958026647567749023e+00,2.327305793762207031e+00,1.902240633964538574e+00,2.151350498199462891e+00,2.069857835769653320e+00,2.070028543472290039e+00,1.701026916503906250e+00,1.602315902709960938e+00,1.432089686393737793e+00,1.392016410827636719e+00,1.414553284645080566e+00,1.464656352996826172e+00,1.693317174911499023e+00,1.818612337112426758e+00,2.171528339385986328e+00,2.194156169891357422e+00,2.558184623718261719e+00,2.297172784805297852e+00,2.547246932983398438e+00,2.444427728652954102e+00,2.439510345458984375e+00,2.079551935195922852e+00,2.026096820831298828e+00,1.882748126983642578e+00,1.860420942306518555e+00,1.882483720779418945e+00,1.905170321464538574e+00,2.135624885559082031e+00,2.230878591537475586e+00,2.574235200881958008e+00,2.582643747329711914e+00,2.936248540878295898e+00
1.248291134834289551e+00,1.627492427825927734e+00,1.666927814483642578e+00,1.556955456733703613e+00,1.232330679893493652e+00,9.368110299110412598e-01,5.989502668380737305e-01,3.821581900119781494e-01,0.000000000000000000e+00,3.859975934028625488e-01,6.054280996322631836e-01,9.573040604591369629e-01,1.268294572830200195e+00,1.388423919677734375e+00,1.693030595779418945e+00,1.076853513717651367e+00,1.350676774978637695e+00,1.564817070960998535e+00,1.582199335098266602e+00,1.257650494575500488e+00,1.081404566764831543e+00,7.363824248313903809e-01,6.463941931724548340e-01,5.097868442535400391e-01,6.590332984924316406e-01,8.507702350616455078e-01,1.111142516136169434e+00,1.452886939048767090e+00,1.502156257629394531e+00,1.856817603111267090e+00,1.455983877182006836e+00,1.734631657600402832e+00,1.762967824935913086e+00,1.839601635932922363e+00,1.476529598236083984e+00,1.354781627655029297e+00,1.077798008918762207e+00,1.047575831413269043e+00,9.682545661926269531e-01,1.066893458366394043e+00,1.226711034774780273e+00,1.402123689651489258e+00,1.734499454498291016e+00,1.743379592895507812e+00,2.102284193038940430e+00,1.833856463432312012e+00,2.093356847763061523e+00,2.074592351913452148e+00,2.144241571426391602e+00,1.780145049095153809e+00,1.699059844017028809e+00,1.479218840599060059e+00,1.476942062377929688e+00,1.424991130828857422e+00,1.495344758033752441e+00,1.648874521255493164e+00,1.762871384620666504e+00,2.075037717819213867e+00,2.054850816726684570e+00,2.398088932037353516e+00,2.252243995666503906e+00,2.501315832138061523e+00,2.448578834533691406e+00,2.501560926437377930e+00,2.141431093215942383e+00,2.103711605072021484e+00,1.922299265861511230e+00,1.940595030784606934e+00,1.916350960731506348e+00,1.971589803695678711e+00,2.150650262832641602e+00,2.246187686920166016e+00,2.555093050003051758e+00,2.514263391494750977e+00,2.843354463577270508e+00
1.627682924270629883e+00,2.010388851165771484e+00,2.040106058120727539e+00,1.916818857192993164e+00,1.581862568855285645e+00,1.264636993408203125e+00,9.559919834136962891e-01,6.463441252708435059e-01,3.859975934028625488e-01,0.000000000000000000e+00,3.755344450473785400e-01,6.468359231948852539e-01,9.726765751838684082e-01,1.171582460403442383e+00,1.494766592979431152e+00,1.394036173820495605e+00,1.701288461685180664e+00,1.924172401428222656e+00,1.954411745071411133e+00,1.625262737274169922e+00,1.409252166748046875e+00,1.058709859848022461e+00,8.605484962463378906e-01,6.197047233581542969e-01,5.185342431068420410e-01,6.408993005752563477e-01,7.953872084617614746e-01,1.166870832443237305e+00,1.276797533035278320e+00,1.654332756996154785e+00,1.715268611907958984e+00,2.028941869735717773e+00,2.091307640075683594e+00,2.171721696853637695e+00,1.808465361595153809e+00,1.639765501022338867e+00,1.322579264640808105e+00,1.206718683242797852e+00,1.026189088821411133e+00,9.908698201179504395e-01,1.075339555740356445e+00,1.152910709381103516e+00,1.491374135017395020e+00,1.540630817413330078e+00,1.912466168403625488e+00,2.043759346008300781e+00,2.337576627731323242e+00,2.357961177825927734e+00,2.435024738311767578e+00,2.064442157745361328e+00,1.935757517814636230e+00,1.665066838264465332e+00,1.601594567298889160e+00,1.464699268341064453e+00,1.453010439872741699e+00,1.538261771202087402e+00,1.574331164360046387e+00,1.874168395996093750e+00,1.885882258415222168e+00,2.229869127273559570e+00,2.426134824752807617e+00,2.705067873001098633e+00,2.692502975463867188e+00,2.752333402633666992e+00,2.380939960479736328e+00,2.298989295959472656e+00,2.067231893539428711e+00,2.045665740966796875e+00,1.950762391090393066e+00,1.957867383956909180e+00,2.079139471054077148e+00,2.117687702178955078e+00,2.406956672668457031e+00,2.375445365905761719e+00,2.697181224822998047e+00
1.778858065605163574e+00,2.154565095901489258e+00,2.242394447326660156e+00,2.145754575729370117e+00,1.833261966705322266e+00,1.531406402587890625e+00,1.200998306274414062e+00,9.531947970390319824e-01,6.054280996322631836e-01,3.755344450473785400e-01,0.000000000000000000e+00,3.898568749427795410e-01,6.649094223976135254e-01,8.068954944610595703e-01,1.131090521812438965e+00,1.369072914123535156e+00,1.707898974418640137e+00,1.975381970405578613e+00,2.075680255889892578e+00,1.786912918090820312e+00,1.594059467315673828e+00,1.220756053924560547e+00,1.074049115180969238e+00,7.437531352043151855e-01,6.540603637695312500e-01,5.441026091575622559e-01,6.579768061637878418e-01,9.588516950607299805e-01,9.860370159149169922e-01,1.354363083839416504e+00,1.651207327842712402e+00,1.976164579391479492e+00,2.104374408721923828e+00,2.244016170501708984e+00,1.907707214355468750e+00,1.759875059127807617e+00,1.415301322937011719e+00,1.343144059181213379e+00,1.091752409934997559e+00,1.081261634826660156e+00,1.044141054153442383e+00,1.105453729629516602e+00,1.368949890136718750e+00,1.342883229255676270e+00,1.685762405395507812e+00,1.968218564987182617e+00,2.262983322143554688e+00,2.340985059738159180e+00,2.473678827285766602e+00,2.119723558425903320e+00,2.008926630020141602e+00,1.712022185325622559e+00,1.690177798271179199e+00,1.503804206848144531e+00,1.527381062507629395e+00,1.535786390304565430e+00,1.575261712074279785e+00,1.809750318527221680e+00,1.760530948638916016e+00,2.067259073257446289e+00,2.352118253707885742e+00,2.623401880264282227e+00,2.658785343170166016e+00,2.767988204956054688e+00,2.406596422195434570e+00,2.341017484664916992e+00,2.085830926895141602e+00,2.106767654418945312e+00,1.980339884757995605e+00,2.029146432876586914e+00,2.102122306823730469e+00,2.154060602188110352e+00,2.397974491119384766e+00,2.308298587799072266e+00,2.594809770584106445e+00
2.124585390090942383e+00,2.506199121475219727e+00,2.597050905227661133e+00,2.511765241622924805e+00,2.186258554458618164e+00,1.888157010078430176e+00,1.553807377815246582e+00,1.284602284431457520e+00,9.573040604591369629e-01,6.468359231948852539e-01,3.898568749427795410e-01,0.000000000000000000e+00,3.929577767848968506e-01,6.260734200477600098e-01,9.851280450820922852e-01,1.732612967491149902e+00,2.069051027297973633e+00,2.353430509567260742e+00,2.460897445678710938e+00,2.172155380249023438e+00,1.978577136993408203e+00,1.606954693794250488e+00,1.435682535171508789e+00,1.104439735412597656e+00,9.200868010520935059e-01,7.301959395408630371e-01,6.142869591712951660e-01,8.626751899719238281e-01,9.221426844596862793e-01,1.283508419990539551e+00,2.000600337982177734e+00,2.327295541763305664e+00,2.477428913116455078e+00,2.629067659378051758e+00,2.296215534210205078e+00,2.141769170761108398e+00,1.790232896804809570e+00,1.690315842628479004e+00,1.406715869903564453e+00,1.319077372550964355e+00,1.204986095428466797e+00,1.142785429954528809e+00,1.356861829757690430e+00,1.348664879798889160e+00,1.668671965599060059e+00,2.295577287673950195e+00,2.595775604248046875e+00,2.700234174728393555e+00,2.846015453338623047e+00,2.495259523391723633e+00,2.372576236724853516e+00,2.058710575103759766e+00,2.012031078338623047e+00,1.782329797744750977e+00,1.753084897994995117e+00,1.694852948188781738e+00,1.655566215515136719e+00,1.844787120819091797e+00,1.813200473785400391e+00,2.091797590255737305e+00,2.658034563064575195e+00,2.935454845428466797e+00,2.999847412109375000e+00,3.122018575668334961e+00,2.761464595794677734e+00,2.680631875991821289e+00,2.402204036712646484e+00,2.405855178833007812e+00,2.235508203506469727e+00,2.253486394882202148e+00,2.272022724151611328e+00,2.272788286209106445e+00,2.480866909027099609e+00,2.389214277267456055e+00,2.649322271347045898e+00
2.421344518661499023e+00,2.790598869323730469e+00,2.899509191513061523e+00,2.802587270736694336e+00,2.495967864990234375e+00,2.184423446655273438e+00,1.864245414733886719e+00,1.597837209701538086e+00,1.268294572830200195e+00,9.726765751838684082e-01,6.649094223976135254e-01,3.929577767848968506e-01,0.000000000000000000e+00,3.708221912384033203e-01,6.551191806793212891e-01,1.894730091094970703e+00,2.253515481948852539e+00,2.536564826965332031e+00,2.682205915451049805e+00,2.414558887481689453e+00,2.206201314926147461e+00,1.833002090454101562e+00,1.656688570976257324e+00,1.293932795524597168e+00,1.088352203369140625e+00,7.811016440391540527e-01,5.664171576499938965e-01,6.150571703910827637e-01,6.142490506172180176e-01,9.404320120811462402e-01,2.074924945831298828e+00,2.416603565216064453e+00,2.609293699264526367e+00,2.780947923660278320e+00,2.470450878143310547e+00,2.300805091857910156e+00,1.932736754417419434e+00,1.827140450477600098e+00,1.494487762451171875e+00,1.386585593223571777e+00,1.167992591857910156e+00,1.054096937179565430e+00,1.154303193092346191e+00,1.094608306884765625e+00,1.366027355194091797e+00,2.305539608001708984e+00,2.617667198181152344e+00,2.771046638488769531e+00,2.941608428955078125e+00,2.605942487716674805e+00,2.467748641967773438e+00,2.128399610519409180e+00,2.080707311630249023e+00,1.800067186355590820e+00,1.765624642372131348e+00,1.625033617019653320e+00,1.562500357627868652e+00,1.669480562210083008e+00,1.599340081214904785e+00,1.828939437866210938e+00,2.623172760009765625e+00,2.907393455505371094e+00,3.021020174026489258e+00,3.168354988098144531e+00,2.816767215728759766e+00,2.721137523651123047e+00,2.413328170776367188e+00,2.424281120300292969e+00,2.209043979644775391e+00,2.237097263336181641e+00,2.193655490875244141e+00,2.185599327087402344e+00,2.337407112121582031e+00,2.203511476516723633e+00,2.421392202377319336e+00
2.421554327011108398e+00,2.773450851440429688e+00,2.928824186325073242e+00,2.863924264907836914e+00,2.579401254653930664e+00,2.295203208923339844e+00,1.960637569427490234e+00,1.750896573066711426e+00,1.388423919677734375e+00,1.171582460403442383e+00,8.068954944610595703e-01,6.260734200477600098e-01,3.708221912384033203e-01,0.000000000000000000e+00,3.834312558174133301e-01,1.816261410713195801e+00,2.165334224700927734e+00,2.476214408874511719e+00,2.668809413909912109e+00,2.442318439483642578e+00,2.274866819381713867e+00,1.902974605560302734e+00,1.792026162147521973e+00,1.422887921333312988e+00,1.304048299789428711e+00,9.800295233726501465e-01,8.685070276260375977e-01,8.353781104087829590e-01,6.469845175743103027e-01,8.790684342384338379e-01,1.978531599044799805e+00,2.297236204147338867e+00,2.530258893966674805e+00,2.748953819274902344e+00,2.469564199447631836e+00,2.343112945556640625e+00,1.983950853347778320e+00,1.943163037300109863e+00,1.617510080337524414e+00,1.586545228958129883e+00,1.356919407844543457e+00,1.309212207794189453e+00,1.349944114685058594e+00,1.186844587326049805e+00,1.389422535896301270e+00,2.215509653091430664e+00,2.499256849288940430e+00,2.685113191604614258e+00,2.900073528289794922e+00,2.590189695358276367e+00,2.494217634201049805e+00,2.167209625244140625e+00,2.180056333541870117e+00,1.912538051605224609e+00,1.944499373435974121e+00,1.798409342765808105e+00,1.789718508720397949e+00,1.856878161430358887e+00,1.713393449783325195e+00,1.894818186759948730e+00,2.547218561172485352e+00,2.799710273742675781e+00,2.936616659164428711e+00,3.124925374984741211e+00,2.794954299926757812e+00,2.739296197891235352e+00,2.444300889968872070e+00,2.510053157806396484e+00,2.312273263931274414e+00,2.396816968917846680e+00,2.353855133056640625e+00,2.390074253082275391e+00,2.519437074661254883e+00,2.333650112152099609e+00,2.519445419311523438e+00
2.683894395828247070e+00,3.016293048858642578e+00,3.186680078506469727e+00,3.112514972686767578e+00,2.851497888565063477e+00,2.562134742736816406e+00,2.246160268783569336e+00,2.046803712844848633e+00,1.693030595779418945e+00,1.494766592979431152e+00,1.131090521812438965e+00,9.851280450820922852e-01,6.551191806793212891e-01,3.834312558174133301e-01,0.000000000000000000e+00,1.973489284515380859e+00,2.327571868896484375e+00,2.626101255416870117e+00,2.851585626602172852e+00,2.652407646179199219e+00,2.479762554168701172e+00,2.119031667709350586e+00,2.015685558319091797e+00,1.642059087753295898e+00,1.531185984611511230e+00,1.170305252075195312e+00,1.058325886726379395e+00,8.774866461753845215e-01,5.759870409965515137e-01,6.259695887565612793e-01,2.042047739028930664e+00,2.359517574310302734e+00,2.628179550170898438e+00,2.863258361816406250e+00,2.615002632141113281e+00,2.484041929244995117e+00,2.125675201416015625e+00,2.092971563339233398e+00,1.748847007751464844e+00,1.724435091018676758e+00,1.437814235687255859e+00,1.387382984161376953e+00,1.316983699798583984e+00,1.076062202453613281e+00,1.175146222114562988e+00,2.206883668899536133e+00,2.488029241561889648e+00,2.719164371490478516e+00,2.957149982452392578e+00,2.672749519348144531e+00,2.572403192520141602e+00,2.237362623214721680e+00,2.261904239654541016e+00,1.969056844711303711e+00,2.015205383300781250e+00,1.813634157180786133e+00,1.811509847640991211e+00,1.797375202178955078e+00,1.596925616264343262e+00,1.705358505249023438e+00,2.486629247665405273e+00,2.733005285263061523e+00,2.917063713073730469e+00,3.131055831909179688e+00,2.820585727691650391e+00,2.760742664337158203e+00,2.451739549636840820e+00,2.535253524780273438e+00,2.312223672866821289e+00,2.419952630996704102e+00,2.330643177032470703e+00,2.377263784408569336e+00,2.451211452484130859e+00,2.216336965560913086e+00,2.349653005599975586e+00
9.817301034927368164e-01,1.183293581008911133e+00,1.395268917083740234e+00,1.361022233963012695e+00,1.264107584953308105e+00,1.153144001960754395e+00,9.961259365081787109e-01,1.182162761688232422e+00,1.076853513717651367e+00,1.394036173820495605e+00,1.369072914123535156e+00,1.732612967491149902e+00,1.894730091094970703e+00,1.816261410713195801e+00,1.973489284515380859e+00,0.000000000000000000e+00,3.848046660423278809e-01,6.625630855560302734e-01,9.143955111503601074e-01,8.446344137191772461e-01,9.000424146652221680e-01,7.464631199836730957e-01,1.052879214286804199e+00,1.040682911872863770e+00,1.406002998352050781e+00,1.473172068595886230e+00,1.825944185256958008e+00,2.012134790420532227e+00,1.877104640007019043e+00,2.094313144683837891e+00,5.451962947845458984e-01,6.959037780761718750e-01,7.877310514450073242e-01,1.030896902084350586e+00,8.140206933021545410e-01,9.395822882652282715e-01,8.276736140251159668e-01,1.144282221794128418e+00,1.201646804809570312e+00,1.552502155303955078e+00,1.677965164184570312e+00,1.998127102851867676e+00,2.206051349639892578e+00,2.056944847106933594e+00,2.303445577621459961e+00,1.049151778221130371e+00,1.168000459671020508e+00,1.146347284317016602e+00,1.331655502319335938e+00,1.066881179809570312e+00,1.203703761100769043e+00,1.132241725921630859e+00,1.398950099945068359e+00,1.487844824790954590e+00,1.787878751754760742e+00,1.957975149154663086e+00,2.234181404113769531e+00,2.463807582855224609e+00,2.299895763397216797e+00,2.561497449874877930e+00,1.551808714866638184e+00,1.674280166625976562e+00,1.592124938964843750e+00,1.730964779853820801e+00,1.453105926513671875e+00,1.595501303672790527e+00,1.541602611541748047e+00,1.759470939636230469e+00,1.870600104331970215e+00,2.111826896667480469e+00,2.331861019134521484e+00,2.576792478561401367e+00,2.842456340789794922e+00,2.701138973236083984e+00,2.977339506149291992e+00
8.182218074798583984e-01,9.073173403739929199e-01,1.175005078315734863e+00,1.211749196052551270e+00,1.200835227966308594e+00,1.209393739700317383e+00,1.121263146400451660e+00,1.395359158515930176e+00,1.350676774978637695e+00,1.701288461685180664e+00,1.707898974418640137e+00,2.069051027297973633e+00,2.253515481948852539e+00,2.165334224700927734e+00,2.327571868896484375e+00,3.848046660423278809e-01,0.000000000000000000e+00,3.970450758934020996e-01,6.880106925964355469e-01,7.604355216026306152e-01,9.709910154342651367e-01,9.494849443435668945e-01,1.307362675666809082e+00,1.369318485260009766e+00,1.745012044906616211e+00,1.843521952629089355e+00,2.196138858795166016e+00,2.394311428070068359e+00,2.258657217025756836e+00,2.470051527023315430e+00,7.197833061218261719e-01,6.542033553123474121e-01,6.334534883499145508e-01,8.938461542129516602e-01,7.698634862899780273e-01,1.034018278121948242e+00,1.055727124214172363e+00,1.402662038803100586e+00,1.528745770454406738e+00,1.887277007102966309e+00,2.042583942413330078e+00,2.368438482284545898e+00,2.584777593612670898e+00,2.438044071197509766e+00,2.677380561828613281e+00,1.197518825531005859e+00,1.202735543251037598e+00,1.098540902137756348e+00,1.268332600593566895e+00,1.077546000480651855e+00,1.311501979827880859e+00,1.344623208045959473e+00,1.637908101081848145e+00,1.788810014724731445e+00,2.099398612976074219e+00,2.299392461776733398e+00,2.587026596069335938e+00,2.825547218322753906e+00,2.663777112960815430e+00,2.920986175537109375e+00,1.686877489089965820e+00,1.737051367759704590e+00,1.591388106346130371e+00,1.716320514678955078e+00,1.496924400329589844e+00,1.706891894340515137e+00,1.733643651008605957e+00,1.970543861389160156e+00,2.136836528778076172e+00,2.387193679809570312e+00,2.635938644409179688e+00,2.895630598068237305e+00,3.170224428176879883e+00,3.036767005920410156e+00,3.312807083129882812e+00
9.039637446403503418e-01,8.717793226242065430e-01,1.066577911376953125e+00,1.048229217529296875e+00,1.145634412765502930e+00,1.194717168807983398e+00,1.231403350830078125e+00,1.524811744689941406e+00,1.564817070960998535e+00,1.924172401428222656e+00,1.975381970405578613e+00,2.353430509567260742e+00,2.536564826965332031e+00,2.476214408874511719e+00,2.626101255416870117e+00,6.625630855560302734e-01,3.970450758934020996e-01,0.000000000000000000e+00,3.856284916400909424e-01,6.121127009391784668e-01,8.686400055885314941e-01,9.945756196975708008e-01,1.361297607421875000e+00,1.506757140159606934e+00,1.892345547676086426e+00,2.033874750137329102e+00,2.406542301177978516e+00,2.605587959289550781e+00,2.493414878845214844e+00,2.696836948394775391e+00,7.755759954452514648e-01,6.243218183517456055e-01,3.780272305011749268e-01,5.297369360923767090e-01,4.995706379413604736e-01,8.537899255752563477e-01,1.014363050460815430e+00,1.377202868461608887e+00,1.584866881370544434e+00,1.957533836364746094e+00,2.155124425888061523e+00,2.506220579147338867e+00,2.726827383041381836e+00,2.600386857986450195e+00,2.836308002471923828e+00,1.142246484756469727e+00,1.099013209342956543e+00,8.788561820983886719e-01,9.583167433738708496e-01,8.114389777183532715e-01,1.102945685386657715e+00,1.241688132286071777e+00,1.548325657844543457e+00,1.773967862129211426e+00,2.098461151123046875e+00,2.340186595916748047e+00,2.654333829879760742e+00,2.903046369552612305e+00,2.755285501480102539e+00,3.015369176864624023e+00,1.573859572410583496e+00,1.598958611488342285e+00,1.376701474189758301e+00,1.437373876571655273e+00,1.249074935913085938e+00,1.489944338798522949e+00,1.594078302383422852e+00,1.831998944282531738e+00,2.060456991195678711e+00,2.316847801208496094e+00,2.601499557495117188e+00,2.883651733398437500e+00,3.168333530426025391e+00,3.056868314743041992e+00,3.339903116226196289e+00
7.808710336685180664e-01,6.942120194435119629e-01,7.649005055427551270e-01,6.929798722267150879e-01,8.656917810440063477e-01,9.853699207305908203e-01,1.127576708793640137e+00,1.450864076614379883e+00,1.582199335098266602e+00,1.954411745071411133e+00,2.075680255889892578e+00,2.460897445678710938e+00,2.682205915451049805e+00,2.668809413909912109e+00,2.851585626602172852e+00,9.143955111503601074e-01,6.880106925964355469e-01,3.856284916400909424e-01,0.000000000000000000e+00,3.802913725376129150e-01,7.155569195747375488e-01,9.606618881225585938e-01,1.314962387084960938e+00,1.545005559921264648e+00,1.921481251716613770e+00,2.127026319503784180e+00,2.499730348587036133e+00,2.737748146057128906e+00,2.674721002578735352e+00,2.909427404403686523e+00,1.079963207244873047e+00,9.825636744499206543e-01,6.717195510864257812e-01,5.678377151489257812e-01,4.711691439151763916e-01,8.070588111877441406e-01,1.046160340309143066e+00,1.361560583114624023e+00,1.634428143501281738e+00,1.981474399566650391e+00,2.234361171722412109e+00,2.579403638839721680e+00,2.838578701019287109e+00,2.760252237319946289e+00,3.026049137115478516e+00,1.404567122459411621e+00,1.390268921852111816e+00,1.110116362571716309e+00,1.051908850669860840e+00,8.861162066459655762e-01,1.128982186317443848e+00,1.310557603836059570e+00,1.557495474815368652e+00,1.828103780746459961e+00,2.115615844726562500e+00,2.403292417526245117e+00,2.704888105392456055e+00,2.990732431411743164e+00,2.888602018356323242e+00,3.177307844161987305e+00,1.791862964630126953e+00,1.841157555580139160e+00,1.572382092475891113e+00,1.540476918220520020e+00,1.345695972442626953e+00,1.545013785362243652e+00,1.677205920219421387e+00,1.854207277297973633e+00,2.110471725463867188e+00,2.322059154510498047e+00,2.641327381134033203e+00,2.906397581100463867e+00,3.220689296722412109e+00,3.156430959701538086e+00,3.465305089950561523e+00
6.682511568069458008e-01,7.607287168502807617e-01,7.431262731552124023e-01,5.617203712463378906e-01,5.852099657058715820e-01,6.148942112922668457e-01,7.749352455139160156e-01,1.086388468742370605e+00,1.257650494575500488e+00,1.625262737274169922e+00,1.786912918090820312e+00,2.172155380249023438e+00,2.414558887481689453e+00,2.442318439483642578e+00,2.652407646179199219e+00,8.446344137191772461e-01,7.604355216026306152e-01,6.121127009391784668e-01,3.802913725376129150e-01,0.000000000000000000e+00,3.812805712223052979e-01,6.319640278816223145e-01,9.699510931968688965e-01,1.231235146522521973e+00,1.594162344932556152e+00,1.833887219429016113e+00,2.198863506317138672e+00,2.464828968048095703e+00,2.441128253936767578e+00,2.706795930862426758e+00,1.097356438636779785e+00,1.130927324295043945e+00,8.900051712989807129e-01,7.862114906311035156e-01,4.887855947017669678e-01,6.580510139465332031e-01,8.247739076614379883e-01,1.085112929344177246e+00,1.361259341239929199e+00,1.678792357444763184e+00,1.955150246620178223e+00,2.282946348190307617e+00,2.571162700653076172e+00,2.528798103332519531e+00,2.824825525283813477e+00,1.447652101516723633e+00,1.529623508453369141e+00,1.295313477516174316e+00,1.229162931442260742e+00,9.570585489273071289e-01,1.079034209251403809e+00,1.179554462432861328e+00,1.358776092529296875e+00,1.606343746185302734e+00,1.851770997047424316e+00,2.150096178054809570e+00,2.424628496170043945e+00,2.735641956329345703e+00,2.667548894882202148e+00,2.982589244842529297e+00,1.846426486968994141e+00,1.968415498733520508e+00,1.736193299293518066e+00,1.691786050796508789e+00,1.425106525421142578e+00,1.538808465003967285e+00,1.602309346199035645e+00,1.720122218132019043e+00,1.939210057258605957e+00,2.105958223342895508e+00,2.424687623977661133e+00,2.657611846923828125e+00,2.989720582962036133e+00,2.951606512069702148e+00,3.280607700347900391e+00
9.418335556983947754e-01,1.117183566093444824e+00,1.052271962165832520e+00,7.863911390304565430e-01,6.954637765884399414e-01,5.003246665000915527e-01,6.772909164428710938e-01,8.773300051689147949e-01,1.081404566764831543e+00,1.409252166748046875e+00,1.594059467315673828e+00,1.978577136993408203e+00,2.206201314926147461e+00,2.274866819381713867e+00,2.479762554168701172e+00,9.000424146652221680e-01,9.709910154342651367e-01,8.686400055885314941e-01,7.155569195747375488e-01,3.812805712223052979e-01,0.000000000000000000e+00,3.756796419620513916e-01,6.411920785903930664e-01,9.472985863685607910e-01,1.290625572204589844e+00,1.556301593780517578e+00,1.922374725341796875e+00,2.188560009002685547e+00,2.201226472854614258e+00,2.474064111709594727e+00,1.085328698158264160e+00,1.232065320014953613e+00,1.046455979347229004e+00,9.176082611083984375e-01,5.456196665763854980e-01,4.514437317848205566e-01,5.397030711174011230e-01,7.251672148704528809e-01,1.027980208396911621e+00,1.326709628105163574e+00,1.626712799072265625e+00,1.954446434974670410e+00,2.251368522644042969e+00,2.240853786468505859e+00,2.549767255783081055e+00,1.375212430953979492e+00,1.543702006340026855e+00,1.350147008895874023e+00,1.261498928070068359e+00,9.185540080070495605e-01,8.993173837661743164e-01,9.238196015357971191e-01,1.029601931571960449e+00,1.269513368606567383e+00,1.486943006515502930e+00,1.799528598785400391e+00,2.067029476165771484e+00,2.390231370925903320e+00,2.348774194717407227e+00,2.678875684738159180e+00,1.738132596015930176e+00,1.927749037742614746e+00,1.730574846267700195e+00,1.665173292160034180e+00,1.342370629310607910e+00,1.363787651062011719e+00,1.365818977355957031e+00,1.425801992416381836e+00,1.617467999458312988e+00,1.752144336700439453e+00,2.072376728057861328e+00,2.290549278259277344e+00,2.631499290466308594e+00,2.614679574966430664e+00,2.956414937973022461e+00
