,A1,A2,A3,A4,A5,A6,A7,A8,A9,A10,A11,A12,A13,A14,A15,B1,B2,B3,B4,B5,B6,B7,B8,B9,B10,B11,B12,B13,B14,B15,C1,C2,C3,C4,C5,C6,C7,C8,C9,C10,C11,C12,C13,C14,C15,D1,D2,D3,D4,D5,D6,D7,D8,D9,D10,D11,D12,D13,D14,D15,E1,E2,E3,E4,E5,E6,E7,E8,E9,E10,E11,E12,E13,E14,E15
A1,0.0,0.3834308981895447,0.561045229434967,0.8359891772270203,0.8287417888641357,0.9740585684776306,0.806692361831665,1.1391489505767822,1.1814732551574707,1.5406111478805542,1.7192084789276123,2.047234058380127,2.3626785278320312,2.392920970916748,2.6988091468811035,0.9850314259529114,0.8107706308364868,0.6136163473129272,0.7811750173568726,0.8209856152534485,1.1013062000274658,1.042296290397644,1.335071086883545,1.448595643043518,1.7514064311981201,1.9802688360214233,2.267784595489502,2.5963187217712402,2.614687442779541,2.93532133102417,1.4005582332611084,1.3325508832931519,1.1325477361679077,1.2952101230621338,1.201588749885559,1.4392926692962646,1.4226784706115723,1.652693271636963,1.783327579498291,2.033738136291504,2.2785067558288574,2.5227549076080322,2.857309341430664,2.8595693111419678,3.1844875812530518,1.8435245752334595,1.8344576358795166,1.6360355615615845,1.7880868911743164,1.6656780242919922,1.8615823984146118,1.852452039718628,2.0316851139068604,2.157618761062622,2.362638235092163,2.6147055625915527,2.8245601654052734,3.1443464756011963,3.15470552444458,3.4887008666992188,2.2935240268707275,2.3189611434936523,2.1273279190063477,2.281907320022583,2.145019292831421,2.3312625885009766,2.3185858726501465,2.4508392810821533,2.5890915393829346,2.7280540466308594,3.001042604446411,3.1337711811065674,3.493499279022217,3.5989460945129395,3.9853272438049316
A2,0.3834308981895447,0.0,0.38141483068466187,0.6886579394340515,0.85353684425354,1.105604887008667,1.0599150657653809,1.4274019002914429,1.5222407579421997,1.8908859491348267,2.081432580947876,2.42021107673645,2.7315614223480225,2.7631032466888428,3.0597167015075684,1.2582643032073975,0.9980994462966919,0.7336475253105164,0.7050297260284424,0.808688223361969,1.17516028881073,1.2303754091262817,1.5638244152069092,1.7306393384933472,2.054863929748535,2.3007142543792725,2.6076555252075195,2.9326562881469727,2.9579017162323,3.271062135696411,1.5909711122512817,1.4439963102340698,1.179689645767212,1.238727331161499,1.1775612831115723,1.4769338369369507,1.5518150329589844,1.8240790367126465,2.0082221031188965,2.285285711288452,2.552298069000244,2.8202292919158936,3.154278039932251,3.1678342819213867,3.4897353649139404,1.9853227138519287,1.9138131141662598,1.6614314317703247,1.739690899848938,1.636053204536438,1.8763065338134766,1.9414469003677368,2.1561317443847656,2.333866596221924,2.5646820068359375,2.8420073986053467,3.0772438049316406,3.3971331119537354,3.423286199569702,3.75766658782959,2.3996729850769043,2.37894606590271,2.1376936435699463,2.2378859519958496,2.115171432495117,2.3332908153533936,2.3820338249206543,2.538330554962158,2.724820375442505,2.882514715194702,3.1837475299835205,3.3363585472106934,3.7022528648376465,3.838541269302368,4.226307392120361
A3,0.561045229434967,0.38141483068466187,0.0,0.3780963718891144,0.5459375977516174,0.8826634883880615,0.9453297257423401,1.320823311805725,1.5079060792922974,1.8627935647964478,2.113373279571533,2.4442050457000732,2.7739477157592773,2.8559763431549072,3.1709132194519043,1.4394077062606812,1.236513614654541,0.9110977649688721,0.8206475377082825,0.7390496730804443,1.0526264905929565,1.1798502206802368,1.480482578277588,1.7136409282684326,2.012113094329834,2.305385112762451,2.5988059043884277,2.941668748855591,3.0160775184631348,3.3500075340270996,1.7491129636764526,1.6475987434387207,1.344504714012146,1.3450570106506348,1.1762949228286743,1.4076207876205444,1.5255268812179565,1.7536824941635132,1.9819737672805786,2.22741436958313,2.531405448913574,2.78149151802063,3.1346380710601807,3.1944825649261475,3.5374231338500977,2.1141700744628906,2.0799996852874756,1.7975984811782837,1.8331886529922485,1.6524735689163208,1.8320835828781128,1.9232170581817627,2.091264486312866,2.2975759506225586,2.4942104816436768,2.800136089324951,3.0173792839050293,3.357574939727783,3.4255120754241943,3.7777040004730225,2.501422882080078,2.5170438289642334,2.255138874053955,2.317761182785034,2.1354784965515137,2.3044445514678955,2.3674259185791016,2.475548505783081,2.675990343093872,2.7939565181732178,3.1085243225097656,3.2335450649261475,3.607971429824829,3.755178213119507,4.137896537780762
A4,0.8359891772270203,0.6886579394340515,0.3780963718891144,0.0,0.3821260631084442,0.7140954732894897,0.9192394018173218,1.2782750129699707,1.5328959226608276,1.8809877634048462,2.1593549251556396,2.504814386367798,2.8236355781555176,2.9440765380859375,3.2506816387176514,1.5289002656936646,1.348257303237915,0.9787747263908386,0.791903018951416,0.5737026333808899,0.8289353251457214,1.063051700592041,1.3513997793197632,1.6475820541381836,1.944507360458374,2.2668182849884033,2.574018955230713,2.9114036560058594,3.023008108139038,3.3565030097961426,1.7435402870178223,1.6563316583633423,1.3142881393432617,1.2338387966156006,0.9880276322364807,1.1656572818756104,1.3509148359298706,1.5648893117904663,1.8458770513534546,2.089210271835327,2.4221293926239014,2.6834375858306885,3.037249803543091,3.133476495742798,3.481776237487793,2.039827585220337,2.017885208129883,1.7021828889846802,1.6811474561691284,1.4431395530700684,1.5786046981811523,1.7129400968551636,1.8622186183929443,2.1096668243408203,2.3007752895355225,2.633190631866455,2.8596115112304688,3.2035491466522217,3.306748867034912,3.6656737327575684,2.375225782394409,2.407815933227539,2.1206347942352295,2.137845754623413,1.9114528894424438,2.045257806777954,2.1357879638671875,2.2196149826049805,2.4478330612182617,2.55330753326416,2.8872764110565186,3.0133135318756104,3.390989065170288,3.566051959991455,3.944427728652954
A5,0.8287417888641357,0.85353684425354,0.5459375977516174,0.3821260631084442,0.0,0.39394503831863403,0.6213599443435669,0.9510684609413147,1.2460834980010986,1.5663120746612549,1.8755404949188232,2.2007455825805664,2.5303966999053955,2.680363178253174,3.0013267993927,1.4348865747451782,1.3456871509552002,1.008055329322815,0.9494091868400574,0.6319808959960938,0.7247456312179565,0.8859534859657288,1.1004877090454102,1.400770902633667,1.6552871465682983,1.9952102899551392,2.2733044624328613,2.623595714569092,2.7595067024230957,3.10921573638916,1.6875559091567993,1.6837040185928345,1.3832409381866455,1.3763526678085327,1.0719059705734253,1.1423919200897217,1.2500503063201904,1.3864045143127441,1.6440140008926392,1.8378651142120361,2.1747663021087646,2.4009127616882324,2.767355442047119,2.8814480304718018,3.2434895038604736,2.00541615486145,2.053835153579712,1.776949167251587,1.8099708557128906,1.5308289527893066,1.5904288291931152,1.6568878889083862,1.7395659685134888,1.9500174522399902,2.0922603607177734,2.417985677719116,2.607609748840332,2.964712142944336,3.0773675441741943,3.4455935955047607,2.3579084873199463,2.447840929031372,2.1999635696411133,2.2553064823150635,1.9955142736434937,2.074270009994507,2.106361150741577,2.138543128967285,2.3230719566345215,2.3849899768829346,2.698105573654175,2.7866740226745605,3.1646525859832764,3.314830780029297,3.6898701190948486
A6,0.9740585684776306,1.105604887008667,0.8826634883880615,0.7140954732894897,0.39394503831863403,0.0,0.38214975595474243,0.626525342464447,0.9623940587043762,1.260720133781433,1.580772876739502,1.912231206893921,2.2246787548065186,2.403989553451538,2.7150635719299316,1.2826296091079712,1.284495234489441,0.992174506187439,1.010472059249878,0.6405962705612183,0.5078699588775635,0.5925101041793823,0.7268914580345154,1.0504730939865112,1.2865471839904785,1.639973521232605,1.9200502634048462,2.2646114826202393,2.423246145248413,2.7731542587280273,1.4852839708328247,1.5587396621704102,1.3007400035858154,1.3366611003875732,0.9900648593902588,0.9390233755111694,0.9692808389663696,1.0350925922393799,1.281732439994812,1.4512758255004883,1.7944848537445068,2.0158743858337402,2.382965087890625,2.5127744674682617,2.879021167755127,1.7749725580215454,1.8868155479431152,1.646894097328186,1.7175620794296265,1.4055392742156982,1.3885900974273682,1.3892483711242676,1.4176734685897827,1.5992045402526855,1.7151436805725098,2.0371384620666504,2.216247081756592,2.575963258743286,2.6965548992156982,3.0683774948120117,2.115138530731201,2.2569656372070312,2.046316385269165,2.1303746700286865,1.8438540697097778,1.8705809116363525,1.8473793268203735,1.8418936729431152,1.9899190664291382,2.029979705810547,2.3285505771636963,2.4059581756591797,2.7825863361358643,2.9242067337036133,3.2995893955230713
A7,0.806692361831665,1.0599150657653809,0.9453297257423401,0.9192394018173218,0.6213599443435669,0.38214975595474243,0.0,0.380093514919281,0.6260587573051453,0.9619284868240356,1.2562390565872192,1.5937645435333252,1.914367914199829,2.0642738342285156,2.3827250003814697,0.9875742197036743,1.0530247688293457,0.8448689579963684,1.01209557056427,0.743167519569397,0.6643629670143127,0.5086522102355957,0.631428062915802,0.8356138467788696,1.0821014642715454,1.3993470668792725,1.674829363822937,2.025564193725586,2.1451683044433594,2.4981589317321777,1.2830500602722168,1.398321270942688,1.212459921836853,1.3598289489746094,1.079062819480896,1.0669050216674805,0.9696980714797974,1.0363519191741943,1.1799479722976685,1.349270224571228,1.6455432176589966,1.856618046760559,2.2203800678253174,2.3046820163726807,2.6662867069244385,1.6464478969573975,1.7831157445907593,1.6035963296890259,1.7580581903457642,1.4980018138885498,1.5123655796051025,1.4309849739074707,1.4721370935440063,1.5755192041397095,1.694642424583435,1.968988060951233,2.135622024536133,2.4853439331054688,2.557706117630005,2.9207701683044434,2.0455641746520996,2.1952767372131348,2.034940719604492,2.1859967708587646,1.9400880336761475,1.9913915395736694,1.9114139080047607,1.9297170639038086,2.022939682006836,2.078962802886963,2.339465856552124,2.4179110527038574,2.7836313247680664,2.8847553730010986,3.264770746231079
A8,1.1391489505767822,1.4274019002914429,1.320823311805725,1.2782750129699707,0.9510684609413147,0.626525342464447,0.380093514919281,0.0,0.39003708958625793,0.6351431608200073,0.9723318219184875,1.288520336151123,1.6044225692749023,1.8010939359664917,2.122112989425659,1.0669045448303223,1.245866298675537,1.1216739416122437,1.3295698165893555,1.0607444047927856,0.8629323244094849,0.6119805574417114,0.4870411455631256,0.6093536615371704,0.7529423832893372,1.0889360904693604,1.3291149139404297,1.6889957189559937,1.8430958986282349,2.2086727619171143,1.3222092390060425,1.5285580158233643,1.4127503633499146,1.5931956768035889,1.3072630167007446,1.1950469017028809,1.0059045553207397,0.9391258358955383,0.9975777864456177,1.0756653547286987,1.3569645881652832,1.5212972164154053,1.8936665058135986,1.9979733228683472,2.3708198070526123,1.6528029441833496,1.8626025915145874,1.7410235404968262,1.9283530712127686,1.6560416221618652,1.5947338342666626,1.4381310939788818,1.3941887617111206,1.4239894151687622,1.4729782342910767,1.7171201705932617,1.83610999584198,2.1914315223693848,2.26937198638916,2.6371874809265137,2.033210515975952,2.240536689758301,2.1324970722198486,2.31011700630188,2.0486931800842285,2.0421950817108154,1.8998684883117676,1.8632181882858276,1.8908237218856812,1.8987587690353394,2.1176440715789795,2.1565141677856445,2.51218843460083,2.581113815307617,2.9552268981933594
A9,1.1814732551574707,1.5222407579421997,1.5079060792922974,1.5328959226608276,1.2460834980010986,0.9623940587043762,0.6260587573051453,0.39003708958625793,0.0,0.3822565972805023,0.6302647590637207,0.9814572930335999,1.29120671749115,1.4436777830123901,1.7645468711853027,0.8524540662765503,1.120712399482727,1.1208362579345703,1.4193023443222046,1.2457181215286255,1.097641110420227,0.7527569532394409,0.6382544040679932,0.5029853582382202,0.631890058517456,0.8603403568267822,1.102808952331543,1.4535897970199585,1.5449894666671753,1.90631103515625,1.1561956405639648,1.4094388484954834,1.3891440629959106,1.6521505117416382,1.4414112567901611,1.3666582107543945,1.0962837934494019,1.0463697910308838,0.9726950526237488,1.0516194105148315,1.2388581037521362,1.395991325378418,1.7434356212615967,1.779236078262329,2.136286497116089,1.5306721925735474,1.762485384941101,1.7152374982833862,1.9709279537200928,1.7591931819915771,1.7294338941574097,1.5108624696731567,1.4914488792419434,1.4392205476760864,1.5012619495391846,1.6736385822296143,1.7856454849243164,2.11055326461792,2.12334942817688,2.4709091186523438,1.9498136043548584,2.159527540206909,2.109827756881714,2.345581531524658,2.132350206375122,2.150944948196411,1.9627747535705566,1.9591755867004395,1.9347529411315918,1.9715440273284912,2.144399642944336,2.197144031524658,2.529280424118042,2.5584027767181396,2.932206869125366
A10,1.5406111478805542,1.8908859491348267,1.8627935647964478,1.8809877634048462,1.5663120746612549,1.260720133781433,0.9619284868240356,0.6351431608200073,0.3822565972805023,0.0,0.38348451256752014,0.6551818251609802,0.9759296178817749,1.194222092628479,1.5272364616394043,1.1496851444244385,1.4605226516723633,1.4959181547164917,1.7965896129608154,1.6100095510482788,1.4167933464050293,1.077471375465393,0.8548703193664551,0.6356115937232971,0.5141964554786682,0.6683531403541565,0.792120099067688,1.160892128944397,1.2869350910186768,1.6672426462173462,1.403477668762207,1.7040352821350098,1.727401614189148,1.996238112449646,1.780824899673462,1.6540203094482422,1.355243444442749,1.2130030393600464,1.0550192594528198,0.999545156955719,1.112688660621643,1.1669338941574097,1.510083794593811,1.555911660194397,1.9195356369018555,1.7283310890197754,2.0073277950286865,2.005472183227539,2.27361798286438,2.056802988052368,1.977217674255371,1.718220829963684,1.6290589570999146,1.505395531654358,1.4814962148666382,1.591576099395752,1.6247694492340088,1.940806269645691,1.94748854637146,2.28977108001709,2.1134018898010254,2.3643980026245117,2.3597352504730225,2.6092169284820557,2.3887760639190674,2.363022565841675,2.1322736740112305,2.0798110961914062,1.9912787675857544,1.9745440483093262,2.087266206741333,2.0865583419799805,2.392568349838257,2.370363712310791,2.727809429168701
A11,1.7192084789276123,2.081432580947876,2.113373279571533,2.1593549251556396,1.8755404949188232,1.580772876739502,1.2562390565872192,0.9723318219184875,0.6302647590637207,0.38348451256752014,0.0,0.40252095460891724,0.6663640737533569,0.830726146697998,1.1552023887634277,1.1369414329528809,1.4919599294662476,1.6180617809295654,1.9563318490982056,1.8337070941925049,1.6642359495162964,1.2939467430114746,1.0980496406555176,0.7732583284378052,0.6384265422821045,0.5506880879402161,0.6315431594848633,0.9449950456619263,0.9749330878257751,1.3443610668182373,1.3584024906158447,1.6868348121643066,1.7930400371551514,2.106578826904297,1.9512121677398682,1.8447861671447754,1.5054315328598022,1.3812904357910156,1.136046051979065,1.0820989608764648,1.0680451393127441,1.1041330099105835,1.3842641115188599,1.3396223783493042,1.6716551780700684,1.6716978549957275,1.9655121564865112,2.035060167312622,2.3472208976745605,2.18300199508667,2.1222596168518066,1.8229024410247803,1.7537821531295776,1.5656723976135254,1.5541566610336304,1.58205246925354,1.6072547435760498,1.8704640865325928,1.802320957183838,2.1102516651153564,2.0590522289276123,2.3107569217681885,2.365161418914795,2.6567978858947754,2.480426549911499,2.4697813987731934,2.2042272090911865,2.179147481918335,2.045635223388672,2.0568857192993164,2.120687246322632,2.1379454135894775,2.4090185165405273,2.349700689315796,2.6983354091644287
A12,2.047234058380127,2.42021107673645,2.4442050457000732,2.504814386367798,2.2007455825805664,1.912231206893921,1.5937645435333252,1.288520336151123,0.9814572930335999,0.6551818251609802,0.40252095460891724,0.0,0.3780781626701355,0.6140665411949158,0.9669992327690125,1.5112038850784302,1.8655400276184082,2.0022709369659424,2.346240758895874,2.216158866882324,2.0412330627441406,1.679630160331726,1.457643747329712,1.1473479270935059,0.9260814785957336,0.7696314454078674,0.6098911166191101,0.8611676096916199,0.8798699975013733,1.2428827285766602,1.7387772798538208,2.070364236831665,2.1914243698120117,2.5088415145874023,2.3498263359069824,2.230987548828125,1.89217209815979,1.7347511053085327,1.4720147848129272,1.3409174680709839,1.260202169418335,1.1700153350830078,1.3974422216415405,1.337558627128601,1.6413215398788452,2.0321033000946045,2.336460590362549,2.4271676540374756,2.7440152168273926,2.579049587249756,2.5008904933929443,2.1918585300445557,2.089001417160034,1.8702311515808105,1.7993934154510498,1.771672010421753,1.7147845029830933,1.9452382326126099,1.857763648033142,2.1352474689483643,2.396571159362793,2.6616547107696533,2.7414402961730957,3.0396528244018555,2.8631041049957275,2.8328957557678223,2.550292730331421,2.4968199729919434,2.326291799545288,2.2968146800994873,2.308074712753296,2.273669719696045,2.506655693054199,2.388120412826538,2.7049031257629395
A13,2.3626785278320312,2.7315614223480225,2.7739477157592773,2.8236355781555176,2.5303966999053955,2.2246787548065186,1.914367914199829,1.6044225692749023,1.29120671749115,0.9759296178817749,0.6663640737533569,0.3780781626701355,0.0,0.3874717950820923,0.6555682420730591,1.714571237564087,2.0829193592071533,2.2553305625915527,2.601029634475708,2.490274667739868,2.298880100250244,1.9305930137634277,1.6942322254180908,1.3498586416244507,1.1026629209518433,0.8266838192939758,0.571463406085968,0.642166793346405,0.571117639541626,0.9022272229194641,1.8602744340896606,2.210561513900757,2.3785650730133057,2.7038533687591553,2.570401906967163,2.434238910675049,2.0739309787750244,1.8988748788833618,1.5859073400497437,1.4246487617492676,1.2420870065689087,1.0977116823196411,1.225756287574768,1.0964361429214478,1.3494116067886353,2.0890767574310303,2.412661552429199,2.554327964782715,2.8857171535491943,2.7451493740081787,2.651336669921875,2.313180685043335,2.196423053741455,1.9262088537216187,1.8346619606018066,1.7277458906173706,1.6358307600021362,1.80070161819458,1.657270908355713,1.8888481855392456,2.408669948577881,2.688711643218994,2.818912982940674,3.134995698928833,2.979637861251831,2.934027671813965,2.620269775390625,2.5624637603759766,2.3445115089416504,2.3132705688476562,2.266132116317749,2.2276244163513184,2.4129886627197266,2.252439022064209,2.5452282428741455
A14,2.392920970916748,2.7631032466888428,2.8559763431549072,2.9440765380859375,2.680363178253174,2.403989553451538,2.0642738342285156,1.8010939359664917,1.4436777830123901,1.194222092628479,0.830726146697998,0.6140665411949158,0.3874717950820923,0.0,0.38003888726234436,1.6934430599212646,2.054219961166382,2.2817063331604004,2.650442123413086,2.5964226722717285,2.4537312984466553,2.073361396789551,1.8927589654922485,1.5292705297470093,1.3574820756912231,1.062882423400879,0.9042600989341736,0.9173293709754944,0.6742221117019653,0.8965051770210266,1.854748010635376,2.183152914047241,2.395376443862915,2.7498254776000977,2.6679723262786865,2.5809273719787598,2.21585750579834,2.0957446098327637,1.7765613794326782,1.680058479309082,1.4827656745910645,1.397362232208252,1.4823187589645386,1.264506220817566,1.4452401399612427,2.104405403137207,2.3992152214050293,2.575831413269043,2.9330554008483887,2.84100604057312,2.7940497398376465,2.4551515579223633,2.3897106647491455,2.1193947792053223,2.0812768936157227,1.9626458883285522,1.9121379852294922,2.0424153804779053,1.8406126499176025,2.0280232429504395,2.4452667236328125,2.6903011798858643,2.845139980316162,3.187152862548828,3.076266050338745,3.0721383094787598,2.761037826538086,2.751387119293213,2.5405778884887695,2.557020664215088,2.5129265785217285,2.5143232345581055,2.690401792526245,2.531609058380127,2.8205180168151855
A15,2.6988091468811035,3.0597167015075684,3.1709132194519043,3.2506816387176514,3.0013267993927,2.7150635719299316,2.3827250003814697,2.122112989425659,1.7645468711853027,1.5272364616394043,1.1552023887634277,0.9669992327690125,0.6555682420730591,0.38003888726234436,0.0,1.9209681749343872,2.278651714324951,2.5332610607147217,2.897515058517456,2.8658852577209473,2.7166824340820312,2.3364577293395996,2.155294418334961,1.7776740789413452,1.6066603660583496,1.2631473541259766,1.0992441177368164,0.9783692359924316,0.6342525482177734,0.6764078736305237,2.0048720836639404,2.3338236808776855,2.585545778274536,2.9418962001800537,2.8897340297698975,2.7963197231292725,2.4211461544036865,2.2992496490478516,1.9529917240142822,1.8527463674545288,1.5927834510803223,1.496282935142517,1.4851438999176025,1.1937038898468018,1.273018479347229,2.1891531944274902,2.486055850982666,2.708613395690918,3.0744662284851074,3.0127463340759277,2.9610724449157715,2.6053266525268555,2.540457248687744,2.2380478382110596,2.198798656463623,2.0214219093322754,1.9613099098205566,2.0215885639190674,1.7614099979400635,1.8811997175216675,2.4812357425689697,2.725982904434204,2.927452802658081,3.283181667327881,3.2008841037750244,3.1914749145507812,2.8606929779052734,2.858536958694458,2.61600399017334,2.643785238265991,2.5558407306671143,2.568099021911621,2.69942569732666,2.514937162399292,2.776937484741211
B1,0.9850314259529114,1.2582643032073975,1.4394077062606812,1.5289002656936646,1.4348865747451782,1.2826296091079712,0.9875742197036743,1.0669045448303223,0.8524540662765503,1.1496851444244385,1.1369414329528809,1.5112038850784302,1.714571237564087,1.6934430599212646,1.9209681749343872,0.0,0.37229999899864197,0.632026195526123,1.0057494640350342,1.096574068069458,1.1481268405914307,0.8465250134468079,1.0288079977035522,0.8948686718940735,1.2129346132278442,1.2872519493103027,1.623268961906433,1.869803547859192,1.8123066425323486,2.0776636600494385,0.5405964255332947,0.6709384918212891,0.7726616263389587,1.1469781398773193,1.1513580083847046,1.2733080387115479,1.0290191173553467,1.2263325452804565,1.1683313846588135,1.4483973979949951,1.569772481918335,1.8528400659561157,2.117398738861084,2.0363402366638184,2.3145573139190674,1.0429447889328003,1.1402077674865723,1.138175368309021,1.4655400514602661,1.4196337461471558,1.5650497674942017,1.3783845901489258,1.5591139793395996,1.5417088270187378,1.7772406339645386,1.926461100578308,2.1589972972869873,2.414259433746338,2.342367649078369,2.6362152099609375,1.540589690208435,1.6229203939437866,1.580428957939148,1.8701422214508057,1.7884094715118408,1.9493963718414307,1.802585244178772,1.963822841644287,1.9946932792663574,2.182298421859741,2.381685495376587,2.5569984912872314,2.874389410018921,2.945128917694092,3.3283851146698
B2,0.8107706308364868,0.9980994462966919,1.236513614654541,1.348257303237915,1.3456871509552002,1.284495234489441,1.0530247688293457,1.245866298675537,1.120712399482727,1.4605226516723633,1.4919599294662476,1.8655400276184082,2.0829193592071533,2.054219961166382,2.278651714324951,0.37229999899864197,0.0,0.3788464367389679,0.7306810617446899,0.9370600581169128,1.1118128299713135,0.9170369505882263,1.2030985355377197,1.1705573797225952,1.5210773944854736,1.6353906393051147,1.9818419218063354,2.2334656715393066,2.1806631088256836,2.436922550201416,0.6670360565185547,0.5733168721199036,0.5674372315406799,0.9221018552780151,0.9977068901062012,1.232054352760315,1.089833378791809,1.3718278408050537,1.3995106220245361,1.717725157737732,1.8767544031143188,2.182011842727661,2.4512035846710205,2.3813209533691406,2.65375018119812,1.129292368888855,1.1061103343963623,1.0218210220336914,1.3046982288360596,1.3003281354904175,1.529757022857666,1.4274674654006958,1.6723436117172241,1.726644515991211,2.0002167224884033,2.185811758041382,2.4473438262939453,2.7063539028167725,2.6500327587127686,2.9425888061523438,1.607652187347412,1.6126315593719482,1.5024311542510986,1.754379391670227,1.701980471611023,1.9232677221298218,1.8458335399627686,2.050776481628418,2.1436002254486084,2.3595991134643555,2.596378803253174,2.795152425765991,3.1233723163604736,3.226083993911743,3.612781286239624
B3,0.6136163473129272,0.7336475253105164,0.9110977649688721,0.9787747263908386,1.008055329322815,0.992174506187439,0.8448689579963684,1.1216739416122437,1.1208362579345703,1.4959181547164917,1.6180617809295654,2.0022709369659424,2.2553305625915527,2.2817063331604004,2.5332610607147217,0.632026195526123,0.3788464367389679,0.0,0.395346075296402,0.5727707147598267,0.8187126517295837,0.729522168636322,1.0807231664657593,1.1713721752166748,1.5381914377212524,1.7332172393798828,2.0866589546203613,2.369774580001831,2.3750133514404297,2.6584081649780273,0.861416220664978,0.7497703433036804,0.5232551693916321,0.7495768666267395,0.7289378643035889,1.0002360343933105,0.9550554156303406,1.2614341974258423,1.3875236511230469,1.709391713142395,1.9367022514343262,2.2458720207214355,2.546623945236206,2.5329031944274902,2.8332715034484863,1.258910894393921,1.2271878719329834,1.0258187055587769,1.2132595777511597,1.1291862726211548,1.3584736585617065,1.3303368091583252,1.5718815326690674,1.6998071670532227,1.9678270816802979,2.2102389335632324,2.475800037384033,2.7649872303009033,2.7614004611968994,3.0791075229644775,1.6950455904006958,1.706347942352295,1.5183892250061035,1.6977487802505493,1.5863031148910522,1.797013759613037,1.7732776403427124,1.956379771232605,2.10124135017395,2.2973380088806152,2.574160099029541,2.7626473903656006,3.1117660999298096,3.2443411350250244,3.6340982913970947
B4,0.7811750173568726,0.7050297260284424,0.8206475377082825,0.791903018951416,0.9494091868400574,1.010472059249878,1.01209557056427,1.3295698165893555,1.4193023443222046,1.7965896129608154,1.9563318490982056,2.346240758895874,2.601029634475708,2.650442123413086,2.897515058517456,1.0057494640350342,0.7306810617446899,0.395346075296402,0.0,0.40179911255836487,0.7559095025062561,0.854124903678894,1.2310798168182373,1.411193609237671,1.7830075025558472,2.013479709625244,2.3793604373931885,2.661813259124756,2.695385456085205,2.9753804206848145,1.099493145942688,0.9130582213401794,0.5601741075515747,0.5422335267066956,0.516855001449585,0.8825010657310486,0.990880012512207,1.3339614868164062,1.544786810874939,1.8816723823547363,2.146096706390381,2.4738714694976807,2.7768735885620117,2.794919729232788,3.096522092819214,1.3841197490692139,1.2881417274475098,0.987973690032959,1.0433931350708008,0.9416709542274475,1.2187647819519043,1.3031095266342163,1.5761314630508423,1.7812962532043457,2.0678842067718506,2.3486390113830566,2.637566089630127,2.9302756786346436,2.9612503051757812,3.283008575439453,1.7445950508117676,1.7151758670806885,1.449017882347107,1.5404052734375,1.4158134460449219,1.6522622108459473,1.7118319272994995,1.9103604555130005,2.1207728385925293,2.3278636932373047,2.641888380050659,2.8468077182769775,3.203413486480713,3.376505136489868,3.7644870281219482
B5,0.8209856152534485,0.808688223361969,0.7390496730804443,0.5737026333808899,0.6319808959960938,0.6405962705612183,0.743167519569397,1.0607444047927856,1.2457181215286255,1.6100095510482788,1.8337070941925049,2.216158866882324,2.490274667739868,2.5964226722717285,2.8658852577209473,1.096574068069458,0.9370600581169128,0.5727707147598267,0.40179911255836487,0.0,0.4067879617214203,0.6122455596923828,0.9662392735481262,1.230385184288025,1.5759282112121582,1.862253189086914,2.212869882583618,2.517164707183838,2.6062679290771484,2.9129207134246826,1.2027246952056885,1.1297060251235962,0.7886731624603271,0.7458672523498535,0.4663088917732239,0.6792552471160889,0.8226127624511719,1.103360891342163,1.3677537441253662,1.665951132774353,1.9751213788986206,2.2804136276245117,2.6083297729492188,2.6778857707977295,3.0066158771514893,1.4678000211715698,1.4597883224487305,1.1576316356658936,1.1883583068847656,0.9494115114212036,1.1032291650772095,1.1886929273605347,1.3853676319122314,1.6152448654174805,1.8552554845809937,2.1688337326049805,2.4325337409973145,2.752440929412842,2.8282368183135986,3.1730518341064453,1.8057525157928467,1.8500051498413086,1.5859365463256836,1.6516995429992676,1.433209776878357,1.5814108848571777,1.628716230392456,1.7520345449447632,1.963674545288086,2.116590738296509,2.442023992538452,2.6106314659118652,2.9796860218048096,3.1569011211395264,3.542232036590576
B6,1.1013062000274658,1.17516028881073,1.0526264905929565,0.8289353251457214,0.7247456312179565,0.5078699588775635,0.6643629670143127,0.8629323244094849,1.097641110420227,1.4167933464050293,1.6642359495162964,2.0412330627441406,2.298880100250244,2.4537312984466553,2.7166824340820312,1.1481268405914307,1.1118128299713135,0.8187126517295837,0.7559095025062561,0.4067879617214203,0.0,0.38289377093315125,0.6476036310195923,0.9751678109169006,1.2900736331939697,1.603875756263733,1.9501093626022339,2.2483553886413574,2.3830249309539795,2.6941871643066406,1.1740455627441406,1.2109256982803345,0.9267871975898743,0.9023676514625549,0.5260161757469177,0.4400564134120941,0.5476093292236328,0.7432796955108643,1.0500880479812622,1.3197237253189087,1.655985951423645,1.954194188117981,2.286201000213623,2.3963522911071777,2.7360434532165527,1.371402382850647,1.4535802602767944,1.1855133771896362,1.2270889282226562,0.9009904265403748,0.8988882303237915,0.9321624040603638,1.0450472831726074,1.28090500831604,1.486297369003296,1.8185864686965942,2.0708234310150146,2.4009976387023926,2.5098283290863037,2.8659608364105225,1.6669137477874756,1.7878340482711792,1.5550580024719238,1.6243343353271484,1.3376550674438477,1.3877732753753662,1.3863167762756348,1.4397339820861816,1.6322836875915527,1.7462681531906128,2.0725910663604736,2.2223777770996094,2.5953357219696045,2.7771263122558594,3.1595723628997803
B7,1.042296290397644,1.2303754091262817,1.1798502206802368,1.063051700592041,0.8859534859657288,0.5925101041793823,0.5086522102355957,0.6119805574417114,0.7527569532394409,1.077471375465393,1.2939467430114746,1.679630160331726,1.9305930137634277,2.073361396789551,2.3364577293395996,0.8465250134468079,0.9170369505882263,0.729522168636322,0.854124903678894,0.6122455596923828,0.38289377093315125,0.0,0.37714117765426636,0.6238060593605042,0.9682818055152893,1.2584490776062012,1.6107921600341797,1.9115190505981445,2.023411273956299,2.339205741882324,0.9204917550086975,1.051703691482544,0.8698070645332336,1.0019243955612183,0.7159881591796875,0.6303154826164246,0.4644206464290619,0.6119935512542725,0.8025582432746887,1.076053261756897,1.3786588907241821,1.671886682510376,2.005084991455078,2.08270263671875,2.424182415008545,1.19204580783844,1.3412284851074219,1.1610238552093506,1.3189467191696167,1.0499458312988281,1.0418494939804077,0.9295658469200134,1.0156272649765015,1.143163800239563,1.3378071784973145,1.625119924545288,1.8610631227493286,2.187836170196533,2.256927251815796,2.6108880043029785,1.555057168006897,1.7144145965576172,1.5559800863265991,1.7119507789611816,1.4618223905563354,1.5083731412887573,1.4130030870437622,1.464938759803772,1.5747263431549072,1.6877045631408691,1.9682979583740234,2.1088736057281494,2.4729931354522705,2.611422300338745,2.999236822128296
B8,1.335071086883545,1.5638244152069092,1.480482578277588,1.3513997793197632,1.1004877090454102,0.7268914580345154,0.631428062915802,0.4870411455631256,0.6382544040679932,0.8548703193664551,1.0980496406555176,1.457643747329712,1.6942322254180908,1.8927589654922485,2.155294418334961,1.0288079977035522,1.2030985355377197,1.0807231664657593,1.2310798168182373,0.9662392735481262,0.6476036310195923,0.37714117765426636,0.0,0.38423413038253784,0.6449810862541199,0.9799715280532837,1.3089475631713867,1.614609718322754,1.778799057006836,2.108189582824707,1.0698843002319336,1.2968212366104126,1.1865544319152832,1.3291165828704834,1.0359257459640503,0.8228499293327332,0.5734133720397949,0.4533175826072693,0.5724148154258728,0.7486602067947388,1.0769625902175903,1.336112141609192,1.686285376548767,1.8050884008407593,2.1651227474212646,1.2827582359313965,1.516969919204712,1.3978829383850098,1.5692434310913086,1.2791688442230225,1.1593893766403198,0.9665132164955139,0.9101561903953552,0.9605021476745605,1.0645159482955933,1.3457655906677246,1.537682056427002,1.883012294769287,1.9773510694503784,2.345526695251465,1.603435754776001,1.834302544593811,1.7294937372207642,1.8970354795455933,1.618806004524231,1.5798693895339966,1.4173898696899414,1.3809984922409058,1.4194116592407227,1.4633138179779053,1.711469292640686,1.8063931465148926,2.1701607704162598,2.28627347946167,2.6712589263916016
B9,1.448595643043518,1.7306393384933472,1.7136409282684326,1.6475820541381836,1.400770902633667,1.0504730939865112,0.8356138467788696,0.6093536615371704,0.5029853582382202,0.6356115937232971,0.7732583284378052,1.1473479270935059,1.3498586416244507,1.5292705297470093,1.7776740789413452,0.8948686718940735,1.1705573797225952,1.1713721752166748,1.411193609237671,1.230385184288025,0.9751678109169006,0.6238060593605042,0.38423413038253784,0.0,0.3810862600803375,0.6348413825035095,0.9939466714859009,1.2880364656448364,1.4134283065795898,1.7415306568145752,0.9342260360717773,1.2425349950790405,1.2469127178192139,1.4773651361465454,1.2642667293548584,1.0908063650131226,0.7509358525276184,0.6194406747817993,0.471014142036438,0.6124611496925354,0.8350090980529785,1.0926227569580078,1.4273158311843872,1.489735722541809,1.8447928428649902,1.1715600490570068,1.459104299545288,1.4370741844177246,1.6858733892440796,1.4618597030639648,1.3626999855041504,1.0854947566986084,1.0287458896636963,0.9392880201339722,1.027275562286377,1.2123370170593262,1.384282112121582,1.7040821313858032,1.7353662252426147,2.0911190509796143,1.5260862112045288,1.78193199634552,1.756093978881836,1.9900892972946167,1.7615894079208374,1.7332170009613037,1.5039334297180176,1.485055923461914,1.437288761138916,1.4937021732330322,1.6724241971969604,1.767377257347107,2.103243112564087,2.168341636657715,2.553055763244629
B10,1.7514064311981201,2.054863929748535,2.012113094329834,1.944507360458374,1.6552871465682983,1.2865471839904785,1.0821014642715454,0.7529423832893372,0.631890058517456,0.5141964554786682,0.6384265422821045,0.9260814785957336,1.1026629209518433,1.3574820756912231,1.6066603660583496,1.2129346132278442,1.5210773944854736,1.5381914377212524,1.7830075025558472,1.5759282112121582,1.2900736331939697,0.9682818055152893,0.6449810862541199,0.3810862600803375,0.0,0.38363295793533325,0.6654521822929382,0.9832843542098999,1.1815580129623413,1.5325806140899658,1.2584068775177002,1.5940406322479248,1.624377727508545,1.8509973287582397,1.6236692667007446,1.405949592590332,1.0751349925994873,0.8365068435668945,0.6086310148239136,0.4863264262676239,0.6408247947692871,0.7835391163825989,1.1459215879440308,1.2516242265701294,1.6297606229782104,1.4460936784744263,1.770702600479126,1.7835915088653564,2.0303549766540527,1.7952651977539062,1.6418479681015015,1.3425452709197998,1.1903280019760132,1.020833969116211,0.9697033762931824,1.087174415588379,1.1578172445297241,1.4885096549987793,1.5338237285614014,1.897932767868042,1.7488117218017578,2.045724391937256,2.0593349933624268,2.2943339347839355,2.0530660152435303,1.9704087972640991,1.7048641443252563,1.614912748336792,1.4931912422180176,1.466750144958496,1.5762803554534912,1.598381757736206,1.9141982793807983,1.9277199506759644,2.3010451793670654
B11,1.9802688360214233,2.3007142543792725,2.305385112762451,2.2668182849884033,1.9952102899551392,1.639973521232605,1.3993470668792725,1.0889360904693604,0.8603403568267822,0.6683531403541565,0.5506880879402161,0.7696314454078674,0.8266838192939758,1.062882423400879,1.2631473541259766,1.2872519493103027,1.6353906393051147,1.7332172393798828,2.013479709625244,1.862253189086914,1.603875756263733,1.2584490776062012,0.9799715280532837,0.6348413825035095,0.38363295793533325,0.0,0.39993125200271606,0.655167818069458,0.806128203868866,1.1511834859848022,1.2876942157745361,1.6555119752883911,1.7689340114593506,2.036316156387329,1.8668549060821533,1.6697262525558472,1.3064712285995483,1.0919438600540161,0.7654359340667725,0.6192153692245483,0.5193859338760376,0.6097546219825745,0.9054254293441772,0.9217658638954163,1.2890605926513672,1.4403170347213745,1.7904694080352783,1.8830485343933105,2.171919107437134,1.9901548624038696,1.8503793478012085,1.5093886852264404,1.370505928993225,1.113337755203247,1.0534718036651611,1.0361759662628174,1.0715792179107666,1.3366395235061646,1.295202374458313,1.6314051151275635,1.7270267009735107,2.036548614501953,2.1209824085235596,2.3982455730438232,2.2017195224761963,2.125502586364746,1.8176453113555908,1.7471134662628174,1.559085488319397,1.5506502389907837,1.5815330743789673,1.6098932027816772,1.874987006187439,1.8336758613586426,2.194835901260376
B12,2.267784595489502,2.6076555252075195,2.5988059043884277,2.574018955230713,2.2733044624328613,1.9200502634048462,1.674829363822937,1.3291149139404297,1.102808952331543,0.792120099067688,0.6315431594848633,0.6098911166191101,0.571463406085968,0.9042600989341736,1.0992441177368164,1.623268961906433,1.9818419218063354,2.0866589546203613,2.3793604373931885,2.212869882583618,1.9501093626022339,1.6107921600341797,1.3089475631713867,0.9939466714859009,0.6654521822929382,0.39993125200271606,0.0,0.3771234154701233,0.6266742944717407,0.9967274069786072,1.6692209243774414,2.037612199783325,2.1580047607421875,2.4304380416870117,2.249793291091919,2.042984962463379,1.6895750761032104,1.4462639093399048,1.132542610168457,0.8960992097854614,0.7252593040466309,0.5631916522979736,0.8042320609092712,0.8295906186103821,1.189548373222351,1.8216526508331299,2.1758079528808594,2.281378746032715,2.571216106414795,2.3831992149353027,2.226069211959839,1.8861113786697388,1.70991051197052,1.434678316116333,1.2926594018936157,1.206949234008789,1.1110759973526,1.3394192457199097,1.2861419916152954,1.5950679779052734,2.085644006729126,2.4053170680999756,2.509409189224243,2.787630081176758,2.586785316467285,2.487947702407837,2.1697838306427,2.061793565750122,1.8370041847229004,1.7682137489318848,1.7321981191635132,1.6830865144729614,1.9006928205490112,1.7833186388015747,2.109623670578003
B13,2.5963187217712402,2.9326562881469727,2.941668748855591,2.9114036560058594,2.623595714569092,2.2646114826202393,2.025564193725586,1.6889957189559937,1.4535897970199585,1.160892128944397,0.9449950456619263,0.8611676096916199,0.642166793346405,0.9173293709754944,0.9783692359924316,1.869803547859192,2.2334656715393066,2.369774580001831,2.661813259124756,2.517164707183838,2.2483553886413574,1.9115190505981445,1.614609718322754,1.2880364656448364,0.9832843542098999,0.655167818069458,0.3771234154701233,0.0,0.3910444676876068,0.6887845396995544,1.844519019126892,2.220480442047119,2.3826260566711426,2.657977342605591,2.5056662559509277,2.288405179977417,1.9251859188079834,1.6766598224639893,1.3298369646072388,1.0813193321228027,0.7904791831970215,0.5500413775444031,0.5861218571662903,0.5192527174949646,0.8446135520935059,1.9249106645584106,2.2910189628601074,2.4453132152557373,2.7436134815216064,2.583240032196045,2.4129929542541504,2.0518929958343506,1.8656646013259888,1.542535424232483,1.3791872262954712,1.1884788274765015,1.0401612520217896,1.1662579774856567,1.0385042428970337,1.296986699104309,2.128749132156372,2.461137533187866,2.6164262294769287,2.907491683959961,2.7308685779571533,2.6154556274414062,2.269407272338867,2.15669584274292,1.8804479837417603,1.8084431886672974,1.6964353322982788,1.6411174535751343,1.7916767597198486,1.6205273866653442,1.9170145988464355
