,A1,A2,A3,A4,A5,A6,A7,A8,A9,A10,A11,A12,A13,A14,A15,B1,B2,B3,B4,B5,B6,B7,B8,B9,B10,B11,B12,B13,B14,B15,C1,C2,C3,C4,C5,C6,C7,C8,C9,C10,C11,C12,C13,C14,C15,D1,D2,D3,D4,D5,D6,D7,D8,D9,D10,D11,D12,D13,D14,D15,E1,E2,E3,E4,E5,E6,E7,E8,E9,E10,E11,E12,E13,E14,E15
A1,0.0,0.36486613750457764,0.7218141555786133,1.0212185382843018,1.3444348573684692,1.6484992504119873,2.001260280609131,2.2906858921051025,2.6127729415893555,2.7718944549560547,2.6991777420043945,3.0215744972229004,2.920020580291748,3.1996426582336426,3.052203416824341,1.3613685369491577,1.1500641107559204,1.2745226621627808,1.4637118577957153,1.8089412450790405,1.992459774017334,2.3691093921661377,2.5880939960479736,2.9258480072021484,3.173588752746582,3.1172919273376465,3.4312233924865723,3.3171541690826416,3.5329203605651855,3.3387651443481445,1.631635069847107,1.379921793937683,1.4823356866836548,1.559033989906311,1.920059084892273,2.0839810371398926,2.463683605194092,2.6911215782165527,3.038165807723999,3.352058172225952,3.3669545650482178,3.654041051864624,3.5966808795928955,3.7901735305786133,3.6031858921051025,1.8486673831939697,1.53261137008667,1.5148345232009888,1.6255466938018799,1.9188811779022217,2.09143328666687,2.4405553340911865,2.67500901222229,3.0177342891693115,3.323413133621216,3.344073534011841,3.6991045475006104,3.6669743061065674,3.8722074031829834,3.6548969745635986,1.8164080381393433,1.4942797422409058,1.279227375984192,1.4429121017456055,1.6180393695831299,1.8451875448226929,2.158745527267456,2.4220643043518066,2.7757186889648438,3.0396032333374023,3.330620288848877,3.6558949947357178,3.850154161453247,4.176061153411865,4.361330986022949
A2,0.36486613750457764,0.0,0.3638811707496643,0.6911625862121582,0.9876255989074707,1.3090205192565918,1.6521573066711426,1.9541422128677368,2.2875781059265137,2.4728686809539795,2.4259755611419678,2.765113115310669,2.7016570568084717,2.995549440383911,2.8788979053497314,1.3668595552444458,1.0930193662643433,1.1107419729232788,1.2344058752059937,1.5615543127059937,1.699386715888977,2.0772602558135986,2.270573854446411,2.623015880584717,2.878246545791626,2.851804733276367,3.179598093032837,3.097273826599121,3.3297390937805176,3.1631157398223877,1.60882568359375,1.3071993589401245,1.3322070837020874,1.3279166221618652,1.6727421283721924,1.7886888980865479,2.1702258586883545,2.371899366378784,2.7321834564208984,3.0445895195007324,3.0851805210113525,3.3825926780700684,3.3532984256744385,3.5602712631225586,3.4005889892578125,1.8000046014785767,1.446200966835022,1.3602509498596191,1.3928865194320679,1.6666311025619507,1.7924915552139282,2.1440110206604004,2.353161573410034,2.7090954780578613,3.008171796798706,3.051274299621582,3.412937641143799,3.4009759426116943,3.6233582496643066,3.42954158782959,1.7493730783462524,1.413818597793579,1.1299666166305542,1.2007126808166504,1.3530534505844116,1.5330097675323486,1.8525890111923218,2.092156410217285,2.4559412002563477,2.7037181854248047,2.999492645263672,3.3200435638427734,3.50793719291687,3.8350672721862793,4.031435966491699
A3,0.7218141555786133,0.3638811707496643,0.0,0.3816453218460083,0.6318240165710449,0.975675642490387,1.3022801876068115,1.6230015754699707,1.9588325023651123,2.1677043437957764,2.136998414993286,2.4871890544891357,2.4627392292022705,2.761883020401001,2.672183036804199,1.374866247177124,1.0574334859848022,0.9539966583251953,0.9948295950889587,1.2864774465560913,1.3779220581054688,1.7519630193710327,1.9252893924713135,2.2870841026306152,2.5512640476226807,2.5498476028442383,2.886408567428589,2.8349056243896484,3.078028917312622,2.9372169971466064,1.5681123733520508,1.2353867292404175,1.1802393198013306,1.0817029476165771,1.401284098625183,1.465557336807251,1.847255825996399,2.0263423919677734,2.3955001831054688,2.7034032344818115,2.7628870010375977,3.068880796432495,3.062415599822998,3.2821855545043945,3.1486387252807617,1.735993504524231,1.3652538061141968,1.2242894172668457,1.161673903465271,1.4190057516098022,1.4884305000305176,1.8473930358886719,2.028872489929199,2.396763324737549,2.6816577911376953,2.739215612411499,3.106017827987671,3.105909585952759,3.3466217517852783,3.1774449348449707,1.6926367282867432,1.3732187747955322,1.0529801845550537,1.0037060976028442,1.150414228439331,1.25877046585083,1.596244215965271,1.8032935857772827,2.18060040473938,2.4057085514068604,2.6978776454925537,3.016888380050659,3.1869664192199707,3.5201520919799805,3.726273536682129
A4,1.0212185382843018,0.6911625862121582,0.3816453218460083,0.0,0.3857324421405792,0.6343813538551331,0.988595724105835,1.2803497314453125,1.6004904508590698,1.7916314601898193,1.7603155374526978,2.1135780811309814,2.0971672534942627,2.4075028896331787,2.3416101932525635,1.3100873231887817,1.0235847234725952,0.8715048432350159,0.7630610466003418,1.054182529449463,1.078268051147461,1.4622318744659424,1.615373134613037,1.9759894609451294,2.212463855743408,2.2128355503082275,2.558974266052246,2.50976300239563,2.775322437286377,2.6594526767730713,1.5438108444213867,1.243865966796875,1.1862397193908691,0.9849783778190613,1.2973517179489136,1.2902069091796875,1.677340030670166,1.8217439651489258,2.196260929107666,2.4696848392486572,2.532992362976074,2.861145496368408,2.8581557273864746,3.1096770763397217,3.0031697750091553,1.807311773300171,1.464763879776001,1.3435670137405396,1.189936876296997,1.4569242000579834,1.443171739578247,1.8171426057815552,1.9440088272094727,2.327565908432007,2.570331335067749,2.636838436126709,3.008051872253418,3.002143144607544,3.2744462490081787,3.138758897781372,1.8601224422454834,1.5929996967315674,1.297309160232544,1.159531593322754,1.3145219087600708,1.3173866271972656,1.6619211435317993,1.7993626594543457,2.1897804737091064,2.3632569313049316,2.652923107147217,2.95818829536438,3.0944271087646484,3.4340670108795166,3.6646687984466553
A5,1.3444348573684692,0.9876255989074707,0.6318240165710449,0.3857324421405792,0.0,0.39816126227378845,0.6754905581474304,1.0189248323440552,1.3657089471817017,1.6230204105377197,1.6514148712158203,2.0227534770965576,2.080526828765869,2.397059440612793,2.379385232925415,1.6164504289627075,1.311083197593689,1.0620309114456177,0.8757266998291016,1.0372612476348877,0.9441578984260559,1.292570948600769,1.378088116645813,1.7639638185501099,2.0212011337280273,2.0835065841674805,2.442122459411621,2.4533779621124268,2.7303264141082764,2.65641713142395,1.766900658607483,1.4462890625,1.29000985622406,1.002305030822754,1.2110422849655151,1.0989774465560913,1.4582666158676147,1.5438588857650757,1.93599271774292,2.2109625339508057,2.3230786323547363,2.655724048614502,2.7026782035827637,2.9599175453186035,2.8930165767669678,1.932295322418213,1.581555724143982,1.3830891847610474,1.1377962827682495,1.3133556842803955,1.2076495885849,1.5537687540054321,1.6295489072799683,2.024104595184326,2.2583389282226562,2.363797664642334,2.7374143600463867,2.769274950027466,3.0545616149902344,2.9506733417510986,1.925573468208313,1.664614200592041,1.3381247520446777,1.0919342041015625,1.1668468713760376,1.0645064115524292,1.3829455375671387,1.466274380683899,1.8574117422103882,2.0034213066101074,2.295060634613037,2.590665817260742,2.721470355987549,3.0591797828674316,3.2995612621307373
A6,1.6484992504119873,1.3090205192565918,0.975675642490387,0.6343813538551331,0.39816126227378845,0.0,0.3808399736881256,0.6489816904067993,0.9892695546150208,1.2340625524520874,1.2911537885665894,1.6707907915115356,1.7516990900039673,2.0867385864257812,2.11365008354187,1.705353856086731,1.4591667652130127,1.2155810594558716,0.914124608039856,1.0237631797790527,0.8024717569351196,1.1230155229568481,1.1407033205032349,1.521416425704956,1.7255133390426636,1.8037643432617188,2.175452709197998,2.195542812347412,2.5041370391845703,2.4701080322265625,1.8979741334915161,1.6296063661575317,1.4963799715042114,1.1577969789505005,1.3275885581970215,1.1296964883804321,1.4559605121612549,1.4730844497680664,1.858742594718933,2.0750160217285156,2.198843002319336,2.5551538467407227,2.610821008682251,2.903770923614502,2.873131513595581,2.1500542163848877,1.8374640941619873,1.6736171245574951,1.3880928754806519,1.5564149618148804,1.3762023448944092,1.7037549018859863,1.703565001487732,2.098409652709961,2.2730093002319336,2.393979787826538,2.7629330158233643,2.7926297187805176,3.1087238788604736,3.0456488132476807,2.2237491607666016,2.0033345222473145,1.704589605331421,1.4360668659210205,1.5099419355392456,1.3374496698379517,1.622170090675354,1.6206533908843994,1.9999017715454102,2.076227903366089,2.360633611679077,2.625680446624756,2.717839241027832,3.0528628826141357,3.3225135803222656
A7,2.001260280609131,1.6521573066711426,1.3022801876068115,0.988595724105835,0.6754905581474304,0.3808399736881256,0.0,0.3946349620819092,0.7305454611778259,1.055418610572815,1.1789575815200806,1.5543235540390015,1.7210193872451782,2.0421957969665527,2.11975359916687,1.9942872524261475,1.7447221279144287,1.4519623517990112,1.1249030828475952,1.1030930280685425,0.7722133994102478,0.9792774319648743,0.8832314610481262,1.272733211517334,1.4834126234054565,1.6323045492172241,2.005991220474243,2.0923454761505127,2.405639886856079,2.4201130867004395,2.117353916168213,1.85262131690979,1.6641477346420288,1.2864278554916382,1.3450971841812134,1.047180414199829,1.2951233386993408,1.2217066287994385,1.6038258075714111,1.793050765991211,1.9640873670578003,2.323678493499756,2.4266345500946045,2.7287511825561523,2.744468927383423,2.3045101165771484,2.008801221847534,1.8133140802383423,1.4745404720306396,1.5631060600280762,1.2966482639312744,1.5675190687179565,1.4884611368179321,1.8738552331924438,2.006100654602051,2.159174680709839,2.5199317932128906,2.576881170272827,2.9096670150756836,2.888685464859009,2.3598029613494873,2.1685593128204346,1.8781028985977173,1.553134799003601,1.5832760334014893,1.3261237144470215,1.558646559715271,1.4763097763061523,1.830031156539917,1.8480224609375,2.1111812591552734,2.355238914489746,2.4146883487701416,2.748373508453369,3.0302608013153076
A8,2.2906858921051025,1.9541422128677368,1.6230015754699707,1.2803497314453125,1.0189248323440552,0.6489816904067993,0.3946349620819092,0.0,0.39276471734046936,0.7254111766815186,0.9466001987457275,1.3141860961914062,1.5171189308166504,1.8554835319519043,1.9945342540740967,2.1905109882354736,1.9934797286987305,1.7326483726501465,1.3687371015548706,1.337166666984558,0.9639238119125366,1.0905187129974365,0.897885799407959,1.2290621995925903,1.3364564180374146,1.5141441822052002,1.890088677406311,1.986960530281067,2.3321330547332764,2.394373893737793,2.3625006675720215,2.1397721767425537,1.9851257801055908,1.604517936706543,1.6557774543762207,1.3369221687316895,1.5331825017929077,1.3967188596725464,1.7385551929473877,1.8476316928863525,2.0302484035491943,2.4010932445526123,2.512700080871582,2.8427441120147705,2.8936808109283447,2.6208584308624268,2.3489818572998047,2.181161642074585,1.8410834074020386,1.933361291885376,1.6463910341262817,1.888718605041504,1.7561907768249512,2.119920015335083,2.194478750228882,2.3632912635803223,2.7068114280700684,2.7656803131103516,3.1174302101135254,3.132802963256836,2.7262425422668457,2.549238920211792,2.266813278198242,1.946526050567627,1.972860336303711,1.7008821964263916,1.9003111124038696,1.7667155265808105,2.090949296951294,2.0482780933380127,2.3026363849639893,2.5016732215881348,2.5297019481658936,2.8451011180877686,3.154728651046753
A9,2.6127729415893555,2.2875781059265137,1.9588325023651123,1.6004904508590698,1.3657089471817017,0.9892695546150208,0.7305454611778259,0.39276471734046936,0.0,0.3925497233867645,0.6790492534637451,1.0023897886276245,1.2738068103790283,1.5870862007141113,1.7792940139770508,2.3369946479797363,2.1795401573181152,1.9208635091781616,1.5360060930252075,1.440603256225586,1.0467528104782104,1.051317811012268,0.7873031497001648,1.0154149532318115,1.0249730348587036,1.2301379442214966,1.5935595035552979,1.7182031869888306,2.074842691421509,2.1860384941101074,2.4885048866271973,2.311202049255371,2.166613817214966,1.7826471328735352,1.790935754776001,1.4547899961471558,1.5820064544677734,1.4034148454666138,1.6811225414276123,1.7065212726593018,1.8787627220153809,2.250847101211548,2.3621702194213867,2.7130343914031982,2.7979538440704346,2.7745814323425293,2.545072555541992,2.407456636428833,2.0574610233306885,2.147883176803589,1.8432493209838867,2.0604593753814697,1.892585277557373,2.2195329666137695,2.227262020111084,2.379817008972168,2.6990249156951904,2.737882614135742,3.1047608852386475,3.1543095111846924,2.939131021499634,2.805502414703369,2.557985782623291,2.2336366176605225,2.2863378524780273,2.0015201568603516,2.1953368186950684,2.0358214378356934,2.333534002304077,2.2491371631622314,2.4607086181640625,2.6365349292755127,2.60896372795105,2.9185163974761963,3.2318577766418457
A10,2.7718944549560547,2.4728686809539795,2.1677043437957764,1.7916314601898193,1.6230204105377197,1.2340625524520874,1.055418610572815,0.7254111766815186,0.3925497233867645,0.0,0.39573347568511963,0.6647616028785706,0.9376751780509949,1.2559103965759277,1.488416075706482,2.3385088443756104,2.2437615394592285,2.029672622680664,1.636884093284607,1.5526412725448608,1.1955589056015015,1.173871636390686,0.9597581624984741,1.0722554922103882,0.9472182989120483,1.079824447631836,1.4206006526947021,1.4983364343643188,1.8754820823669434,2.0071001052856445,2.5273287296295166,2.40670108795166,2.3139798641204834,1.950059175491333,1.9820410013198853,1.6815022230148315,1.8049160242080688,1.6531143188476562,1.8836166858673096,1.8537311553955078,1.9706640243530273,2.339313507080078,2.4070496559143066,2.7742953300476074,2.858738899230957,2.899543046951294,2.7057411670684814,2.6197316646575928,2.2890870571136475,2.4227664470672607,2.1427652835845947,2.377838611602783,2.224658489227295,2.5370991230010986,2.518850564956665,2.63716459274292,2.941922426223755,2.9420735836029053,3.3130366802215576,3.3664019107818604,3.141188859939575,3.031602621078491,2.811099052429199,2.5121657848358154,2.6063902378082275,2.3452234268188477,2.5633130073547363,2.4194247722625732,2.7208282947540283,2.6359264850616455,2.8357810974121094,3.006598711013794,2.957735776901245,3.2632508277893066,3.5759825706481934
A11,2.6991777420043945,2.4259755611419678,2.136998414993286,1.7603155374526978,1.6514148712158203,1.2911537885665894,1.1789575815200806,0.9466001987457275,0.6790492534637451,0.39573347568511963,0.0,0.38406917452812195,0.6019294857978821,0.9156275391578674,1.1086961030960083,2.083312511444092,2.0282022953033447,1.8373011350631714,1.453762412071228,1.3554539680480957,1.0591202974319458,1.0222525596618652,0.9217574000358582,0.9719445109367371,0.8335792422294617,0.8221750259399414,1.160062313079834,1.1623015403747559,1.541603446006775,1.6435354948043823,2.2552895545959473,2.1836888790130615,2.1279613971710205,1.7920693159103394,1.8377469778060913,1.590950608253479,1.7229042053222656,1.6386630535125732,1.8401072025299072,1.8087735176086426,1.846680998802185,2.2103028297424316,2.2142035961151123,2.5829288959503174,2.636347532272339,2.6752593517303467,2.523353338241577,2.4907948970794678,2.1851444244384766,2.3644561767578125,2.126214027404785,2.3903138637542725,2.2830564975738525,2.5858306884765625,2.568767786026001,2.628384828567505,2.929570436477661,2.875185489654541,3.2392148971557617,3.2701661586761475,2.9888501167297363,2.9168131351470947,2.741694450378418,2.4730687141418457,2.6283464431762695,2.4045944213867188,2.666768789291382,2.5679233074188232,2.886549711227417,2.8359124660491943,3.019751787185669,3.222317934036255,3.163918972015381,3.4876937866210938,3.7768492698669434
A12,3.0215744972229004,2.765113115310669,2.4871890544891357,2.1135780811309814,2.0227534770965576,1.6707907915115356,1.5543235540390015,1.3141860961914062,1.0023897886276245,0.6647616028785706,0.38406917452812195,0.0,0.4045150876045227,0.611961305141449,0.8943496942520142,2.2770941257476807,2.267977476119995,2.0993776321411133,1.733357310295105,1.608083963394165,1.3528196811676025,1.2457751035690308,1.1558659076690674,1.072555661201477,0.8065885305404663,0.7086161971092224,0.9556276798248291,0.928297221660614,1.312699794769287,1.4675614833831787,2.4302878379821777,2.410261392593384,2.3763723373413086,2.062831163406372,2.0858399868011475,1.8570505380630493,1.9412816762924194,1.8530842065811157,1.9868334531784058,1.8878339529037476,1.8816412687301636,2.220294713973999,2.1957619190216064,2.5698719024658203,2.6414597034454346,2.875059127807617,2.767036199569702,2.767029047012329,2.471071720123291,2.652843952178955,2.419374465942383,2.6671788692474365,2.5511128902435303,2.8223955631256104,2.7639925479888916,2.7972939014434814,3.069995403289795,2.9869143962860107,3.350515127182007,3.4009146690368652,3.2397520542144775,3.202883720397949,3.0584912300109863,2.7982423305511475,2.9722182750701904,2.7494494915008545,3.010936737060547,2.9051218032836914,3.210397243499756,3.1428732872009277,3.300541639328003,3.4909050464630127,3.399425745010376,3.716395139694214,4.000699520111084
A13,2.920020580291748,2.7016570568084717,2.4627392292022705,2.0971672534942627,2.080526828765869,1.7516990900039673,1.7210193872451782,1.5171189308166504,1.2738068103790283,0.9376751780509949,0.6019294857978821,0.4045150876045227,0.0,0.3897837996482849,0.6016764640808105,2.0686497688293457,2.123678207397461,2.022563934326172,1.6838829517364502,1.6214834451675415,1.4467216730117798,1.409937858581543,1.4160091876983643,1.363625168800354,1.1469231843948364,0.9418737292289734,1.135636568069458,0.9545931816101074,1.3145549297332764,1.3963258266448975,2.279130458831787,2.3095858097076416,2.3427422046661377,2.072809934616089,2.1565840244293213,1.9927390813827515,2.1257760524749756,2.101969003677368,2.2488901615142822,2.1814801692962646,2.1261372566223145,2.455801248550415,2.3726682662963867,2.735602378845215,2.759500503540039,2.815047025680542,2.728804588317871,2.779724597930908,2.5254576206207275,2.7611799240112305,2.576458215713501,2.8625664710998535,2.7929275035858154,3.0784566402435303,3.0494391918182373,3.0551888942718506,3.3364646434783936,3.222832441329956,3.5744481086730957,3.5910496711730957,3.236234426498413,3.2040491104125977,3.0798540115356445,2.8630175590515137,3.074669599533081,2.8956103324890137,3.190366744995117,3.125128746032715,3.4539642333984375,3.420243501663208,3.5951335430145264,3.806759834289551,3.7353708744049072,4.061821937561035,4.340818881988525
A14,3.1996426582336426,2.995549440383911,2.761883020401001,2.4075028896331787,2.397059440612793,2.0867385864257812,2.0421957969665527,1.8554835319519043,1.5870862007141113,1.2559103965759277,0.9156275391578674,0.611961305141449,0.3897837996482849,0.0,0.3765220642089844,2.2259304523468018,2.3110599517822266,2.2182459831237793,1.9089807271957397,1.804303526878357,1.6720036268234253,1.5728607177734375,1.6034913063049316,1.4612282514572144,1.2053766250610352,0.9217828512191772,0.9800492525100708,0.7211806178092957,1.035993218421936,1.1459054946899414,2.3770201206207275,2.4562065601348877,2.4998979568481445,2.257800817489624,2.3087658882141113,2.1697866916656494,2.256849527359009,2.244703531265259,2.3292670249938965,2.218040943145752,2.1081430912017822,2.401803731918335,2.2777819633483887,2.6316235065460205,2.659588575363159,2.9065890312194824,2.8712992668151855,2.9539713859558105,2.712524175643921,2.9465901851654053,2.7736690044403076,3.043858289718628,2.9774763584136963,3.22987961769104,3.169510841369629,3.137986660003662,3.3908798694610596,3.241111993789673,3.5834672451019287,3.609276533126831,3.3737359046936035,3.385615348815918,3.3016319274902344,3.0943450927734375,3.32952618598938,3.1557960510253906,3.454549551010132,3.39255952835083,3.7106940746307373,3.6725471019744873,3.8180553913116455,4.030153274536133,3.9299354553222656,4.25653600692749,4.520229339599609
A15,3.052203416824341,2.8788979053497314,2.672183036804199,2.3416101932525635,2.379385232925415,2.11365008354187,2.11975359916687,1.9945342540740967,1.7792940139770508,1.488416075706482,1.1086961030960083,0.8943496942520142,0.6016764640808105,0.3765220642089844,0.0,1.9688619375228882,2.092620849609375,2.0389201641082764,1.775810956954956,1.6903032064437866,1.6441175937652588,1.5774492025375366,1.695979356765747,1.5738128423690796,1.3941426277160645,1.0535011291503906,1.0916943550109863,0.7350170612335205,0.9699742794036865,0.9570823907852173,2.1040663719177246,2.2298903465270996,2.3156545162200928,2.1224935054779053,2.199510335922241,2.1259922981262207,2.2356584072113037,2.2875635623931885,2.371814250946045,2.29866361618042,2.1402578353881836,2.418869733810425,2.2405669689178467,2.572821855545044,2.5488905906677246,2.6700141429901123,2.6690821647644043,2.79699444770813,2.595334053039551,2.863492012023926,2.7389063835144043,3.0305168628692627,3.0109410285949707,3.2624928951263428,3.2271578311920166,3.1589057445526123,3.4148659706115723,3.231994390487671,3.5561749935150146,3.54659104347229,3.1829490661621094,3.217618703842163,3.1696176528930664,3.0002973079681396,3.273270606994629,3.139768123626709,3.4651432037353516,3.4442145824432373,3.775592088699341,3.773040294647217,3.919119119644165,4.158524036407471,4.071114540100098,4.411426067352295,4.657387733459473
B1,1.3613685369491577,1.3668595552444458,1.374866247177124,1.3100873231887817,1.6164504289627075,1.705353856086731,1.9942872524261475,2.1905109882354736,2.3369946479797363,2.3385088443756104,2.083312511444092,2.2770941257476807,2.0686497688293457,2.2259304523468018,1.9688619375228882,0.0,0.3896748125553131,0.7456856369972229,0.9313865900039673,1.2168179750442505,1.530953049659729,1.816331148147583,2.142890214920044,2.3355228900909424,2.5089075565338135,2.3020637035369873,2.5239388942718506,2.298624277114868,2.4421849250793457,2.1814463138580322,0.6221563220024109,0.7291867733001709,1.0821456909179688,1.1989281177520752,1.5569130182266235,1.7846230268478394,2.1161928176879883,2.3963279724121094,2.641284227371216,2.8607022762298584,2.7365527153015137,3.0059216022491455,2.8235106468200684,3.0344574451446533,2.8147737979888916,1.3544671535491943,1.2794626951217651,1.5257104635238647,1.5872716903686523,1.9985047578811646,2.1381547451019287,2.526451349258423,2.7352986335754395,3.0423099994659424,3.234131097793579,3.144148588180542,3.469935178756714,3.307483196258545,3.5388283729553223,3.3407154083251953,1.8123769760131836,1.7593860626220703,1.7648006677627563,1.8371440172195435,2.1972427368164062,2.310943841934204,2.7060110569000244,2.8998796939849854,3.276139974594116,3.4670863151550293,3.684147596359253,4.021963119506836,4.092630386352539,4.457930088043213,4.645737171173096
B2,1.1500641107559204,1.0930193662643433,1.0574334859848022,1.0235847234725952,1.311083197593689,1.4591667652130127,1.7447221279144287,1.9934797286987305,2.1795401573181152,2.2437615394592285,2.0282022953033447,2.267977476119995,2.123678207397461,2.3110599517822266,2.092620849609375,0.3896748125553131,0.0,0.39933133125305176,0.67879718542099,0.9819706678390503,1.30948007106781,1.6203668117523193,1.9445574283599854,2.1771576404571533,2.401043176651001,2.2427585124969482,2.493274211883545,2.3248724937438965,2.482771158218384,2.245417833328247,0.5829971432685852,0.4559633135795593,0.7506405711174011,0.8648163676261902,1.2458839416503906,1.484785556793213,1.8338714838027954,2.1219213008880615,2.3887312412261963,2.6443166732788086,2.5521371364593506,2.8240408897399902,2.6791203022003174,2.8828470706939697,2.672625780105591,1.139962911605835,0.9735314846038818,1.166187047958374,1.2188559770584106,1.62897789478302,1.7797377109527588,2.168917417526245,2.3917136192321777,2.7026560306549072,2.9179041385650635,2.842221260070801,3.1768572330474854,3.0404930114746094,3.268709182739258,3.06661319732666,1.5078407526016235,1.4163001775741577,1.3899534940719604,1.447887897491455,1.8085386753082275,1.929585576057434,2.3247499465942383,2.5313940048217773,2.9041991233825684,3.1086275577545166,3.3253231048583984,3.6688239574432373,3.7525525093078613,4.116329669952393,4.2960734367370605
B3,1.2745226621627808,1.1107419729232788,0.9539966583251953,0.8715048432350159,1.0620309114456177,1.2155810594558716,1.4519623517990112,1.7326483726501465,1.9208635091781616,2.029672622680664,1.8373011350631714,2.0993776321411133,2.022563934326172,2.2182459831237793,2.0389201641082764,0.7456856369972229,0.39933133125305176,0.0,0.39284035563468933,0.6383535265922546,0.978394627571106,1.2851972579956055,1.610349416732788,1.8588306903839111,2.1220364570617676,2.0033459663391113,2.2695086002349854,2.157676935195923,2.324700117111206,2.1192984580993652,0.7057642936706543,0.41973239183425903,0.47442731261253357,0.47063592076301575,0.8602274656295776,1.088671326637268,1.4426625967025757,1.7317218780517578,2.006112813949585,2.2777934074401855,2.208237409591675,2.4851157665252686,2.3739864826202393,2.582462787628174,2.3966355323791504,1.0434672832489014,0.8137553930282593,0.9127191305160522,0.8702019453048706,1.2737343311309814,1.3933743238449097,1.7837754487991333,1.9970977306365967,2.3081111907958984,2.5197532176971436,2.452345609664917,2.792473077774048,2.672607660293579,2.9120962619781494,2.7261600494384766,1.3468170166015625,1.2553045749664307,1.1940356492996216,1.1619499921798706,1.5236362218856812,1.6001092195510864,1.9969096183776855,2.1858716011047363,2.5541458129882812,2.7475645542144775,2.9498281478881836,3.2941088676452637,3.3660192489624023,3.731926441192627,3.908585548400879
B4,1.4637118577957153,1.2344058752059937,0.9948295950889587,0.7630610466003418,0.8757266998291016,0.914124608039856,1.1249030828475952,1.3687371015548706,1.5360060930252075,1.636884093284607,1.453762412071228,1.733357310295105,1.6838829517364502,1.9089807271957397,1.775810956954956,0.9313865900039673,0.67879718542099,0.39284035563468933,0.0,0.3926750421524048,0.6372087597846985,0.9791641235351562,1.2759076356887817,1.539916753768921,1.780320405960083,1.6822080612182617,1.9788907766342163,1.887412190437317,2.101461887359619,1.9440035820007324,1.0005652904510498,0.7888778448104858,0.758547306060791,0.5207102298736572,0.8453845977783203,0.9269809126853943,1.291091799736023,1.517930269241333,1.8144515752792358,2.052297592163086,2.012629747390747,2.3256101608276367,2.244645357131958,2.498291254043579,2.363830089569092,1.366218090057373,1.1437208652496338,1.1634992361068726,0.989068865776062,1.340143084526062,1.343682050704956,1.735076665878296,1.8772495985031128,2.2119715213775635,2.387791156768799,2.3564701080322266,2.705960988998413,2.607330083847046,2.885549306869507,2.7476398944854736,1.6515507698059082,1.549377679824829,1.4236760139465332,1.2875806093215942,1.5907145738601685,1.572594404220581,1.956539511680603,2.0799918174743652,2.4559924602508545,2.6021318435668945,2.813087224960327,3.1365890502929688,3.1892688274383545,3.5540530681610107,3.7594947814941406
B5,1.8089412450790405,1.5615543127059937,1.2864774465560913,1.054182529449463,1.0372612476348877,1.0237631797790527,1.1030930280685425,1.337166666984558,1.440603256225586,1.5526412725448608,1.3554539680480957,1.608083963394165,1.6214834451675415,1.804303526878357,1.6903032064437866,1.2168179750442505,0.9819706678390503,0.6383535265922546,0.3926750421524048,0.0,0.4068586528301239,0.6501884460449219,0.9967741370201111,1.222414255142212,1.502590537071228,1.4141395092010498,1.6953521966934204,1.652601718902588,1.844968318939209,1.7089112997055054,1.1190252304077148,0.93177729845047,0.7832748293876648,0.4604150950908661,0.5927632451057434,0.6270407438278198,0.9450317025184631,1.1856545209884644,1.4479243755340576,1.6784863471984863,1.6230769157409668,1.9329956769943237,1.8583614826202393,2.117032766342163,2.0022335052490234,1.3478872776031494,1.1736493110656738,1.1651650667190552,0.9152045845985413,1.2061378955841064,1.1559336185455322,1.518744945526123,1.6358811855316162,1.9415229558944702,2.0784425735473633,2.022812604904175,2.3624110221862793,2.247802734375,2.5376665592193604,2.4218053817749023,1.6389580965042114,1.6027156114578247,1.5134309530258179,1.316435694694519,1.6127671003341675,1.5379407405853271,1.904152274131775,1.993235468864441,2.346569776535034,2.4655535221099854,2.633805990219116,2.955705165863037,2.9682457447052,3.337986707687378,3.5316059589385986
B6,1.992459774017334,1.699386715888977,1.3779220581054688,1.078268051147461,0.9441578984260559,0.8024717569351196,0.7722133994102478,0.9639238119125366,1.0467528104782104,1.1955589056015015,1.0591202974319458,1.3528196811676025,1.4467216730117798,1.6720036268234253,1.6441175937652588,1.530953049659729,1.30948007106781,0.978394627571106,0.6372087597846985,0.4068586528301239,0.0,0.38940349221229553,0.6400403380393982,0.9355144500732422,1.2114317417144775,1.2047570943832397,1.5366114377975464,1.5598160028457642,1.8106558322906494,1.7547025680541992,1.5156663656234741,1.3207576274871826,1.1475558280944824,0.7720420360565186,0.8020036220550537,0.5967049598693848,0.8774718642234802,0.9857572913169861,1.2916674613952637,1.4871972799301147,1.5077166557312012,1.8569518327713013,1.8516947031021118,2.1495203971862793,2.106114625930786,1.7317792177200317,1.530063271522522,1.447009563446045,1.127366542816162,1.3242695331573486,1.1488994359970093,1.479067325592041,1.5013893842697144,1.8310943841934204,1.9336179494857788,1.9418307542800903,2.2893483638763428,2.2246265411376953,2.5490331649780273,2.48858904838562,1.9522870779037476,1.8794636726379395,1.723905324935913,1.4539443254470825,1.6642746925354004,1.497837781906128,1.8239130973815918,1.8365478515625,2.18578839302063,2.251269817352295,2.4301888942718506,2.723896026611328,2.7230255603790283,3.0864007472991943,3.3110570907592773
B7,2.3691093921661377,2.0772602558135986,1.7519630193710327,1.4622318744659424,1.292570948600769,1.1230155229568481,0.9792774319648743,1.0905187129974365,1.051317811012268,1.173871636390686,1.0222525596618652,1.2457751035690308,1.409937858581543,1.5728607177734375,1.5774492025375366,1.816331148147583,1.6203668117523193,1.2851972579956055,0.9791641235351562,0.6501884460449219,0.38940349221229553,0.0,0.38685184717178345,0.5807991027832031,0.9045612812042236,0.9215603470802307,1.231884479522705,1.3263237476348877,1.557200312614441,1.5492644309997559,1.7224355936050415,1.5683687925338745,1.36892569065094,1.0147359371185303,0.8970650434494019,0.6280300617218018,0.7214368581771851,0.7643098831176758,0.994161069393158,1.132199764251709,1.1393394470214844,1.4993046522140503,1.510832667350769,1.8301434516906738,1.8326693773269653,1.8756093978881836,1.7294118404388428,1.649287462234497,1.3129879236221313,1.4379303455352783,1.2144372463226318,1.471328616142273,1.4363492727279663,1.7133135795593262,1.7416512966156006,1.7277063131332397,2.0511233806610107,1.9687254428863525,2.311894178390503,2.29409122467041,2.1121723651885986,2.0958356857299805,1.9780522584915161,1.6868705749511719,1.8820234537124634,1.6757649183273315,1.9626545906066895,1.9295822381973267,2.2396819591522217,2.2609660625457764,2.3877763748168945,2.664757251739502,2.609318494796753,2.9713001251220703,3.1876564025878906
B8,2.5880939960479736,2.270573854446411,1.9252893924713135,1.615373134613037,1.378088116645813,1.1407033205032349,0.8832314610481262,0.897885799407959,0.7873031497001648,0.9597581624984741,0.9217574000358582,1.1558659076690674,1.4160091876983643,1.6034913063049316,1.695979356765747,2.142890214920044,1.9445574283599854,1.610349416732788,1.2759076356887817,0.9967741370201111,0.6400403380393982,0.38685184717178345,0.0,0.3990808129310608,0.7105274200439453,0.885424792766571,1.2207976579666138,1.400405764579773,1.6690107583999634,1.7407344579696655,2.0956621170043945,1.924298882484436,1.7102762460708618,1.3347511291503906,1.2021862268447876,0.8508915305137634,0.8656158447265625,0.7182995676994324,0.9558799862861633,1.024742603302002,1.144104242324829,1.5192320346832275,1.6158860921859741,1.9516746997833252,2.0237667560577393,2.2373316287994385,2.0660529136657715,1.939401388168335,1.5751172304153442,1.632478952407837,1.3333401679992676,1.529395580291748,1.396917462348938,1.6734062433242798,1.6562772989273071,1.715100646018982,2.030679225921631,2.008038282394409,2.372166872024536,2.40897798538208,2.418037176132202,2.372814893722534,2.21108078956604,1.8802549839019775,2.002692222595215,1.7331047058105469,1.96283757686615,1.8546242713928223,2.140054941177368,2.1001243591308594,2.226334810256958,2.4644980430603027,2.389110803604126,2.7381560802459717,2.9833579063415527
B9,2.9258480072021484,2.623015880584717,2.2870841026306152,1.9759894609451294,1.7639638185501099,1.521416425704956,1.272733211517334,1.2290621995925903,1.0154149532318115,1.0722554922103882,0.9719445109367371,1.072555661201477,1.363625168800354,1.4612282514572144,1.5738128423690796,2.3355228900909424,2.1771576404571533,1.8588306903839111,1.539916753768921,1.222414255142212,0.9355144500732422,0.5807991027832031,0.3990808129310608,0.0,0.4043712913990021,0.6002399921417236,0.878338634967804,1.1304432153701782,1.3699026107788086,1.4972524642944336,2.2458271980285645,2.1291017532348633,1.9318608045578003,1.5878406763076782,1.4134907722473145,1.105411410331726,1.0115770101547241,0.8521334528923035,0.9184690117835999,0.8402817845344543,0.8995388150215149,1.2708511352539062,1.3560487031936646,1.7164500951766968,1.8323352336883545,2.3899543285369873,2.277667760848999,2.18947172164917,1.8406686782836914,1.8909945487976074,1.6054081916809082,1.7571194171905518,1.608365774154663,1.8143001794815063,1.7186455726623535,1.7304363250732422,1.997613787651062,1.9322446584701538,2.30251145362854,2.3763675689697266,2.626239061355591,2.6336512565612793,2.516857147216797,2.1983306407928467,2.3419189453125,2.0770974159240723,2.2950875759124756,2.1759378910064697,2.4293017387390137,2.362327814102173,2.438964366912842,2.6565918922424316,2.5272810459136963,2.866065263748169,3.0971240997314453
B10,3.173588752746582,2.878246545791626,2.5512640476226807,2.212463855743408,2.0212011337280273,1.7255133390426636,1.4834126234054565,1.3364564180374146,1.0249730348587036,0.9472182989120483,0.8335792422294617,0.8065885305404663,1.1469231843948364,1.2053766250610352,1.3941426277160645,2.5089075565338135,2.401043176651001,2.1220364570617676,1.780320405960083,1.502590537071228,1.2114317417144775,0.9045612812042236,0.7105274200439453,0.4043712913990021,0.0,0.38760414719581604,0.6505054235458374,0.9371148943901062,1.2212717533111572,1.4268964529037476,2.4771809577941895,2.401052236557007,2.24898624420166,1.9110603332519531,1.778312087059021,1.4862010478973389,1.414506435394287,1.2454010248184204,1.2770962715148926,1.1073920726776123,1.141690969467163,1.4795243740081787,1.5423834323883057,1.916894793510437,2.0595157146453857,2.706118583679199,2.6091971397399902,2.5483579635620117,2.208883047103882,2.2837674617767334,1.9999828338623047,2.154911756515503,1.98757004737854,2.1864073276519775,2.060025691986084,2.081782102584839,2.3207850456237793,2.250338554382324,2.6206765174865723,2.719284772872925,2.9894626140594482,2.9961442947387695,2.875337600708008,2.5646655559539795,2.7085719108581543,2.43977427482605,2.6533753871917725,2.513063907623291,2.7628350257873535,2.665832757949829,2.7469608783721924,2.9321255683898926,2.7845962047576904,3.1038732528686523,3.354159355163574
B11,3.1172919273376465,2.851804733276367,2.5498476028442383,2.2128355503082275,2.0835065841674805,1.8037643432617188,1.6323045492172241,1.5141441822052002,1.2301379442214966,1.079824447631836,0.8221750259399414,0.7086161971092224,0.9418737292289734,0.9217828512191772,1.0535011291503906,2.3020637035369873,2.2427585124969482,2.0033459663391113,1.6822080612182617,1.4141395092010498,1.2047570943832397,0.9215603470802307,0.885424792766571,0.6002399921417236,0.38760414719581604,0.0,0.37924128770828247,0.5647913217544556,0.8728257417678833,1.0578356981277466,2.2669153213500977,2.247617721557617,2.146838665008545,1.848107099533081,1.7500566244125366,1.5312368869781494,1.4954297542572021,1.4216845035552979,1.4421411752700806,1.2981289625167847,1.2157288789749146,1.5334374904632568,1.4920538663864136,1.8669971227645874,1.960348129272461,2.5612423419952393,2.5069539546966553,2.5058417320251465,2.2023611068725586,2.334132194519043,2.103727102279663,2.2992916107177734,2.1889963150024414,2.3909645080566406,2.2863340377807617,2.252236843109131,2.4893665313720703,2.360245943069458,2.7154200077056885,2.77976393699646,2.922839641571045,2.958279848098755,2.8755598068237305,2.6036787033081055,2.8011176586151123,2.5755181312561035,2.831110715866089,2.736199140548706,3.010000467300415,2.949631690979004,3.0371463298797607,3.2482471466064453,3.1113176345825195,3.441532611846924,3.677185535430908
B12,3.4312233924865723,3.179598093032837,2.886408567428589,2.558974266052246,2.442122459411621,2.175452709197998,2.005991220474243,1.890088677406311,1.5935595035552979,1.4206006526947021,1.160062313079834,0.9556276798248291,1.135636568069458,0.9800492525100708,1.0916943550109863,2.5239388942718506,2.493274211883545,2.2695086002349854,1.9788907766342163,1.6953521966934204,1.5366114377975464,1.231884479522705,1.2207976579666138,0.878338634967804,0.6505054235458374,0.37924128770828247,0.0,0.40420547127723694,0.5969275832176208,0.8769022822380066,2.444056510925293,2.468057632446289,2.37980318069458,2.1147799491882324,1.9905019998550415,1.8056507110595703,1.7199041843414307,1.6574187278747559,1.593366265296936,1.3858842849731445,1.2306591272354126,1.4799306392669678,1.3908251523971558,1.7535165548324585,1.8682632446289062,2.723973274230957,2.718916893005371,2.7463598251342773,2.4611740112304688,2.5860979557037354,2.3717119693756104,2.541670322418213,2.4332542419433594,2.5901682376861572,2.446855306625366,2.372494697570801,2.5654022693634033,2.397587776184082,2.7373461723327637,2.8198232650756836,3.1214075088500977,3.198058843612671,3.1521589756011963,2.8927531242370605,3.106037139892578,2.8878958225250244,3.1398074626922607,3.046132802963257,3.302325963973999,3.2342214584350586,3.2894139289855957,3.4927046298980713,3.324997901916504,3.647150754928589,3.864502191543579
B13,3.3171541690826416,3.097273826599121,2.8349056243896484,2.50976300239563,2.4533779621124268,2.195542812347412,2.0923454761505127,1.986960530281067,1.7182031869888306,1.4983364343643188,1.1623015403747559,0.928297221660614,0.9545931816101074,0.7211806178092957,0.7350170612335205,2.298624277114868,2.3248724937438965,2.157676935195923,1.887412190437317,1.652601718902588,1.5598160028457642,1.3263237476348877,1.400405764579773,1.1304432153701782,0.9371148943901062,0.5647913217544556,0.40420547127723694,0.0,0.38549813628196716,0.5976621508598328,2.2550859451293945,2.3328697681427,2.309051513671875,2.082166910171509,2.0208065509796143,1.897204041481018,1.8771743774414062,1.8821393251419067,1.8596599102020264,1.7084271907806396,1.5158014297485352,1.7594910860061646,1.5960171222686768,1.9397337436676025,1.9851608276367188,2.629143238067627,2.648791551589966,2.7289888858795166,2.4815547466278076,2.665609359741211,2.4970381259918213,2.7143490314483643,2.652360677719116,2.836150646209717,2.7322449684143066,2.637845516204834,2.8476126194000244,2.6520328521728516,2.977996826171875,3.018354654312134,3.0923593044281006,3.1744987964630127,3.147524118423462,2.9273266792297363,3.1785213947296143,2.999239206314087,3.286856174468994,3.2299869060516357,3.515387535095215,3.479163646697998,3.560368537902832,3.785001754760742,3.642850637435913,3.9757299423217773,4.194523334503174
