,A1,A2,A3,A4,A5,A6,A7,A8,A9,A10,A11,A12,A13,A14,A15,B1,B2,B3,B4,B5,B6,B7,B8,B9,B10,B11,B12,B13,B14,B15,C1,C2,C3,C4,C5,C6,C7,C8,C9,C10,C11,C12,C13,C14,C15,D1,D2,D3,D4,D5,D6,D7,D8,D9,D10,D11,D12,D13,D14,D15,E1,E2,E3,E4,E5,E6,E7,E8,E9,E10,E11,E12,E13,E14,E15
A1,0.0,0.3727535605430603,0.7063578367233276,1.0190999507904053,1.2975187301635742,1.6426206827163696,1.9102449417114258,2.275115489959717,2.5644588470458984,2.877997636795044,3.1550779342651367,3.509385585784912,3.7365498542785645,4.092315673828125,4.310455799102783,3.9404821395874023,3.650665044784546,3.3571887016296387,3.0626602172851562,2.9738030433654785,2.6223902702331543,2.722459316253662,2.432556390762329,2.582775592803955,2.509228467941284,2.337034225463867,2.493537187576294,2.227158308029175,2.4866557121276855,2.2163500785827637,1.5101547241210938,1.3437986373901367,1.5487254858016968,1.593695044517517,1.638503074645996,1.8725684881210327,1.880702257156372,2.2260947227478027,2.243925094604492,2.5814085006713867,2.8253047466278076,3.026421308517456,3.36885666847229,3.451626777648926,3.361842155456543,1.979749321937561,2.0402748584747314,2.304173469543457,2.3071508407592773,2.694854974746704,2.8117268085479736,3.1953885555267334,3.401123285293579,3.758509635925293,4.000091552734375,4.1204705238342285,4.46604585647583,4.491601467132568,4.668598651885986,4.450557708740234,3.185558557510376,3.087209939956665,3.2644360065460205,3.163188934326172,3.3763914108276367,3.4482574462890625,3.660332441329956,3.8850784301757812,4.030293941497803,4.33196496963501,4.344140529632568,4.711032390594482,4.804668426513672,5.109638690948486,5.074832439422607
A2,0.3727535605430603,0.0,0.4025816023349762,0.6633997559547424,0.9451954364776611,1.2842953205108643,1.5503381490707397,1.916668176651001,2.200965642929077,2.5215060710906982,2.790116310119629,3.148115634918213,3.376457929611206,3.7324585914611816,3.946991443634033,3.63604998588562,3.3426036834716797,3.068049430847168,2.7583236694335938,2.6871228218078613,2.3289928436279297,2.4402143955230713,2.164442539215088,2.312152624130249,2.2803823947906494,2.1070539951324463,2.30732798576355,2.0852739810943604,2.3777902126312256,2.1518447399139404,1.5551942586898804,1.3236886262893677,1.4877066612243652,1.4422444105148315,1.477003574371338,1.6496859788894653,1.65607488155365,1.9825037717819214,1.9992656707763672,2.355234384536743,2.5744457244873047,2.804948568344116,3.1491761207580566,3.2655739784240723,3.2085506916046143,1.944232702255249,1.9529694318771362,2.220754384994507,2.1767053604125977,2.553783893585205,2.6473283767700195,3.0217974185943604,3.230639934539795,3.5728094577789307,3.832829475402832,3.944432020187378,4.302906036376953,4.356266021728516,4.529129505157471,4.329590797424316,3.172330856323242,3.0731334686279297,3.234161853790283,3.0979979038238525,3.3152029514312744,3.3519389629364014,3.5746123790740967,3.773109197616577,3.9253427982330322,4.207444667816162,4.2042951583862305,4.569004535675049,4.636138916015625,4.946949005126953,4.903232097625732
A3,0.7063578367233276,0.4025816023349762,0.0,0.3917842209339142,0.6207383871078491,0.9613071084022522,1.2429808378219604,1.5903656482696533,1.9056313037872314,2.1993536949157715,2.481856107711792,2.8320021629333496,3.047137498855591,3.4055848121643066,3.626060724258423,3.261378765106201,2.9807002544403076,2.7031893730163574,2.399792432785034,2.3516244888305664,2.006438732147217,2.1602931022644043,1.9207643270492554,2.116116762161255,2.1273558139801025,2.0079004764556885,2.2547738552093506,2.072652578353882,2.404355525970459,2.2198359966278076,1.4741873741149902,1.1727334260940552,1.247177243232727,1.1328685283660889,1.1232436895370483,1.2594717741012573,1.2622456550598145,1.5863293409347534,1.6251623630523682,1.9861044883728027,2.213813543319702,2.46344256401062,2.7980611324310303,2.9356958866119385,2.884040117263794,1.6656595468521118,1.6300756931304932,1.8998640775680542,1.832970380783081,2.200972318649292,2.2965800762176514,2.663029909133911,2.8879384994506836,3.221931219100952,3.4990172386169434,3.623793363571167,3.990326166152954,4.0669145584106445,4.253637790679932,4.0767292976379395,2.962484121322632,2.842122793197632,2.9723637104034424,2.803658962249756,3.0097317695617676,3.017343044281006,3.239536762237549,3.4192168712615967,3.5731239318847656,3.8435332775115967,3.8338634967803955,4.197621822357178,4.254151344299316,4.568779945373535,4.5267014503479
A4,1.0190999507904053,0.6633997559547424,0.3917842209339142,0.0,0.39180612564086914,0.6399127840995789,0.9616460204124451,1.2953816652297974,1.60880708694458,1.919618844985962,2.1684482097625732,2.533881902694702,2.7381398677825928,3.1049206256866455,3.304701089859009,3.0039896965026855,2.7051825523376465,2.4534988403320312,2.1275522708892822,2.080909252166748,1.7209343910217285,1.8615928888320923,1.628580093383789,1.7989860773086548,1.8513481616973877,1.7225180864334106,2.00581431388855,1.878642201423645,2.228001356124878,2.096693515777588,1.6112631559371948,1.3000295162200928,1.3607910871505737,1.148249864578247,1.177596092224121,1.212685227394104,1.2576192617416382,1.5359642505645752,1.5987892150878906,1.9751209020614624,2.162771701812744,2.4573285579681396,2.783231496810913,2.969001293182373,2.9578757286071777,1.8748505115509033,1.7680537700653076,2.002833604812622,1.8643754720687866,2.2013282775878906,2.2404496669769287,2.588513135910034,2.792902946472168,3.103940963745117,3.3882317543029785,3.4845731258392334,3.8591556549072266,3.9575088024139404,4.124784469604492,3.9607155323028564,3.007058620452881,2.9094371795654297,3.0388715267181396,2.8485007286071777,3.072831869125366,3.053060293197632,3.297830104827881,3.4531686305999756,3.6266088485717773,3.873363494873047,3.857717990875244,4.218271255493164,4.244790554046631,4.568848609924316,4.525233745574951
A5,1.2975187301635742,0.9451954364776611,0.6207383871078491,0.39180612564086914,0.0,0.39406004548072815,0.6222794651985168,0.9793742299079895,1.2850136756896973,1.5838876962661743,1.866428017616272,2.2155749797821045,2.4436137676239014,2.7957425117492676,3.0230114459991455,2.8099114894866943,2.538529396057129,2.314131021499634,1.9846768379211426,2.0086467266082764,1.6737613677978516,1.8786780834197998,1.7138136625289917,1.9089810848236084,2.0298690795898438,1.9349076747894287,2.2563891410827637,2.1774795055389404,2.539546251296997,2.4407644271850586,1.8839757442474365,1.541763424873352,1.5110142230987549,1.2476927042007446,1.1699113845825195,1.1022677421569824,1.054868221282959,1.270857572555542,1.2794275283813477,1.6569386720657349,1.808082103729248,2.1083996295928955,2.437168598175049,2.6360671520233154,2.65612530708313,1.8163597583770752,1.704079270362854,1.9661144018173218,1.8273694515228271,2.138448715209961,2.1975932121276855,2.5197336673736572,2.7570676803588867,3.0456302165985107,3.360384702682495,3.4771549701690674,3.8618340492248535,3.996243715286255,4.1802077293396,4.0484466552734375,3.1441054344177246,3.015063524246216,3.098214626312256,2.868651866912842,3.056936502456665,2.989982843399048,3.2100069522857666,3.3263301849365234,3.476358652114868,3.699641227722168,3.6503207683563232,3.9984405040740967,4.001033782958984,4.31675386428833,4.250023365020752
A6,1.6426206827163696,1.2842953205108643,0.9613071084022522,0.6399127840995789,0.39406004548072815,0.0,0.3920934796333313,0.6617758870124817,1.0023835897445679,1.2925715446472168,1.5380868911743164,1.9007971286773682,2.0998196601867676,2.4664483070373535,2.670933485031128,2.468552589416504,2.1851139068603516,1.986015796661377,1.6412004232406616,1.6804370880126953,1.3497861623764038,1.5641313791275024,1.443579912185669,1.6350300312042236,1.8138662576675415,1.7511636018753052,2.105295181274414,2.0911269187927246,2.4635159969329834,2.422750473022461,2.0122933387756348,1.6712807416915894,1.6113927364349365,1.282786250114441,1.2355719804763794,1.064398169517517,1.0771671533584595,1.2155876159667969,1.2787182331085205,1.6434110403060913,1.756815791130066,2.1022777557373047,2.401916027069092,2.6516928672790527,2.7033538818359375,1.9829257726669312,1.801643967628479,2.0105786323547363,1.8067195415496826,2.0685853958129883,2.0701966285705566,2.360705614089966,2.5764453411102295,2.8349101543426514,3.1556289196014404,3.249333620071411,3.638357400894165,3.797151565551758,3.9670135974884033,3.8554744720458984,3.115790843963623,3.0033957958221436,3.0763771533966064,2.826223850250244,3.0250158309936523,2.9298226833343506,3.1685051918029785,3.258549213409424,3.428851842880249,3.6257786750793457,3.575927257537842,3.9183831214904785,3.893325090408325,4.218269348144531,4.157689571380615
A7,1.9102449417114258,1.5503381490707397,1.2429808378219604,0.9616460204124451,0.6222794651985168,0.3920934796333313,0.0,0.3933480978012085,0.6631476879119873,0.9723803400993347,1.252707600593567,1.5994869470596313,1.846900463104248,2.1883063316345215,2.4244096279144287,2.4255850315093994,2.175966739654541,2.033586025238037,1.690335988998413,1.809554934501648,1.5226225852966309,1.769112229347229,1.7106785774230957,1.8845314979553223,2.110646963119507,2.049848794937134,2.416921615600586,2.43578839302063,2.8038363456726074,2.781247615814209,2.3829619884490967,2.033370018005371,1.9403687715530396,1.6075044870376587,1.494470238685608,1.2650105953216553,1.1809959411621094,1.2145023345947266,1.1836482286453247,1.521094799041748,1.5514928102493286,1.8962442874908447,2.1956260204315186,2.4604930877685547,2.5623044967651367,2.14182448387146,1.9769501686096191,2.2072324752807617,2.0163280963897705,2.2455360889434814,2.2627570629119873,2.517197608947754,2.754239320755005,2.98138165473938,3.324486494064331,3.428712844848633,3.8215482234954834,4.012115478515625,4.188929557800293,4.105540752410889,3.423092842102051,3.291018486022949,3.3300912380218506,3.0540413856506348,3.2188632488250732,3.0832486152648926,3.2933027744293213,3.3420450687408447,3.483935594558716,3.651583671569824,3.562066078186035,3.8846418857574463,3.828090190887451,4.138965129852295,4.046814441680908
A8,2.275115489959717,1.916668176651001,1.5903656482696533,1.2953816652297974,0.9793742299079895,0.6617758870124817,0.3933480978012085,0.0,0.3992692530155182,0.6323865056037903,0.8978624939918518,1.2451263666152954,1.4654828310012817,1.817542314529419,2.047199010848999,2.07900071144104,1.8437308073043823,1.7471410036087036,1.409567952156067,1.5868834257125854,1.3546433448791504,1.6278729438781738,1.6513952016830444,1.828623652458191,2.1070139408111572,2.096730947494507,2.478652238845825,2.5500566959381104,2.919497489929199,2.9415433406829834,2.5837361812591553,2.2363507747650146,2.104771137237549,1.7425975799560547,1.6289019584655762,1.3277579545974731,1.2689013481140137,1.2013275623321533,1.2076812982559204,1.4906256198883057,1.4682906866073608,1.8420300483703613,2.0956146717071533,2.406461715698242,2.539930820465088,2.289870023727417,2.0795950889587402,2.264444589614868,2.0360851287841797,2.2031989097595215,2.18270206451416,2.387209177017212,2.6125705242156982,2.7978005409240723,3.1502628326416016,3.2447752952575684,3.6371445655822754,3.8585853576660156,4.030816078186035,3.9784469604492188,3.444946527481079,3.3155746459960938,3.3289589881896973,3.0306012630462646,3.185541868209839,3.0142323970794678,3.225004196166992,3.2370781898498535,3.385328531265259,3.519259214401245,3.420325756072998,3.7289206981658936,3.641376495361328,3.954458713531494,3.863290786743164
A9,2.5644588470458984,2.200965642929077,1.9056313037872314,1.60880708694458,1.2850136756896973,1.0023835897445679,0.6631476879119873,0.3992692530155182,0.0,0.38617536425590515,0.6234523057937622,0.9609485268592834,1.2501157522201538,1.5640445947647095,1.8111350536346436,2.1649956703186035,1.9597779512405396,1.941041111946106,1.6174466609954834,1.8355573415756226,1.6404449939727783,1.8912783861160278,1.9428287744522095,2.071079969406128,2.375849723815918,2.3453776836395264,2.7280514240264893,2.829789161682129,3.1869406700134277,3.228501796722412,2.9734132289886475,2.626995086669922,2.501711368560791,2.1414458751678467,2.0183582305908203,1.7117478847503662,1.6178412437438965,1.502819299697876,1.441129446029663,1.6740832328796387,1.559560775756836,1.9102855920791626,2.1465275287628174,2.468170166015625,2.654686212539673,2.6309938430786133,2.4368653297424316,2.6302058696746826,2.408515453338623,2.5541200637817383,2.5302069187164307,2.70422625541687,2.9256420135498047,3.0786235332489014,3.436258554458618,3.5210413932800293,3.910036087036133,4.153027534484863,4.31614351272583,4.282701015472412,3.828278064727783,3.698827028274536,3.700594663619995,3.3925771713256836,3.532571792602539,3.3387863636016846,3.5329434871673584,3.5141687393188477,3.643721342086792,3.748778820037842,3.619624614715576,3.9047906398773193,3.783816337585449,4.081021785736084,3.961792469024658
A10,2.877997636795044,2.5215060710906982,2.1993536949157715,1.919618844985962,1.5838876962661743,1.2925715446472168,0.9723803400993347,0.6323865056037903,0.38617536425590515,0.0,0.39240023493766785,0.6460334062576294,0.9336069822311401,1.2342418432235718,1.513957142829895,1.9160571098327637,1.765678882598877,1.7964439392089844,1.517439603805542,1.8003504276275635,1.6816928386688232,1.9626282453536987,2.0807714462280273,2.2315690517425537,2.5583274364471436,2.5765347480773926,2.9621119499206543,3.08440899848938,3.4444704055786133,3.5040690898895264,3.178236484527588,2.8294196128845215,2.6611342430114746,2.2946317195892334,2.1448569297790527,1.8001142740249634,1.6951583623886108,1.4990817308425903,1.4421420097351074,1.5982601642608643,1.4280450344085693,1.776459813117981,1.958276629447937,2.309783458709717,2.524332284927368,2.7058446407318115,2.493680953979492,2.660051107406616,2.433621883392334,2.524524450302124,2.495488166809082,2.618666410446167,2.844043016433716,2.9569966793060303,3.324547290802002,3.419343948364258,3.8024308681488037,4.073756694793701,4.245696067810059,4.245498180389404,3.8766536712646484,3.7341978549957275,3.700366973876953,3.3723630905151367,3.483687400817871,3.2543909549713135,3.4289844036102295,3.3701651096343994,3.487466812133789,3.557622194290161,3.409132719039917,3.6728320121765137,3.5231714248657227,3.8126091957092285,3.6858432292938232
A11,3.1550779342651367,2.790116310119629,2.481856107711792,2.1684482097625732,1.866428017616272,1.5380868911743164,1.252707600593567,0.8978624939918518,0.6234523057937622,0.39240023493766785,0.0,0.3907862901687622,0.6414132714271545,0.9624460339546204,1.188054084777832,1.8223251104354858,1.6691690683364868,1.7763515710830688,1.510930061340332,1.7938092947006226,1.7122048139572144,1.9460084438323975,2.09968900680542,2.1992015838623047,2.5520143508911133,2.5759871006011963,2.956113338470459,3.124509811401367,3.468174695968628,3.5675082206726074,3.4050400257110596,3.069615602493286,2.916905641555786,2.5395498275756836,2.43084716796875,2.081207752227783,2.024928092956543,1.832324504852295,1.8137887716293335,1.9579700231552124,1.7797523736953735,2.1225533485412598,2.270026683807373,2.6358437538146973,2.863845109939575,3.04687237739563,2.810706853866577,2.9451675415039062,2.6882288455963135,2.7516884803771973,2.674252986907959,2.767108917236328,2.951875925064087,3.0287294387817383,3.382199764251709,3.439310312271118,3.813140869140625,4.098202705383301,4.2425336837768555,4.2568769454956055,4.043455123901367,3.9264886379241943,3.8998382091522217,3.5737695693969727,3.7003796100616455,3.465878486633301,3.656430244445801,3.5850627422332764,3.7200145721435547,3.768587589263916,3.626701831817627,3.8779337406158447,3.7051539421081543,3.995029926300049,3.875758409500122
A12,3.509385585784912,3.148115634918213,2.8320021629333496,2.533881902694702,2.2155749797821045,1.9007971286773682,1.5994869470596313,1.2451263666152954,0.9609485268592834,0.6460334062576294,0.3907862901687622,0.0,0.39759382605552673,0.609234094619751,0.9027180671691895,1.8076531887054443,1.7323919534683228,1.902082085609436,1.6959447860717773,2.017273187637329,1.9949407577514648,2.2365381717681885,2.4264321327209473,2.5301096439361572,2.891227960586548,2.9354517459869385,3.3128368854522705,3.493227005004883,3.834545612335205,3.943471908569336,3.7422995567321777,3.404003620147705,3.226848840713501,2.851701259613037,2.718459367752075,2.3543407917022705,2.274085760116577,2.033649206161499,1.9920679330825806,2.0699660778045654,1.8362773656845093,2.1426045894622803,2.236203908920288,2.6099109649658203,2.87211537361145,3.2720518112182617,3.03848934173584,3.1635451316833496,2.91599702835083,2.9415953159332275,2.8694496154785156,2.9189412593841553,3.1059796810150146,3.1434760093688965,3.5003504753112793,3.5646555423736572,3.926996946334839,4.236900806427002,4.385775089263916,4.430983543395996,4.288010597229004,4.159084796905518,4.10313606262207,3.7634785175323486,3.860483407974243,3.5967774391174316,3.7610630989074707,3.65057635307312,3.763509750366211,3.7744762897491455,3.605769634246826,3.825361490249634,3.6187338829040527,3.8887765407562256,3.750525951385498
A13,3.7365498542785645,3.376457929611206,3.047137498855591,2.7381398677825928,2.4436137676239014,2.0998196601867676,1.846900463104248,1.4654828310012817,1.2501157522201538,0.9336069822311401,0.6414132714271545,0.39759382605552673,0.0,0.40176481008529663,0.5972973704338074,1.5111806392669678,1.4668649435043335,1.7023245096206665,1.5506534576416016,1.8804739713668823,1.927291750907898,2.1486802101135254,2.3886590003967285,2.486553192138672,2.857670307159424,2.944464921951294,3.3117003440856934,3.5203442573547363,3.852562189102173,3.990518093109131,3.8260576725006104,3.5019609928131104,3.314039707183838,2.935279130935669,2.8266777992248535,2.4525043964385986,2.4192652702331543,2.168017625808716,2.1863903999328613,2.2439963817596436,2.0335261821746826,2.34610915184021,2.397721529006958,2.7864789962768555,3.035815477371216,3.4071133136749268,3.140903949737549,3.2184414863586426,2.9454092979431152,2.92537522315979,2.811800718307495,2.816329002380371,2.967104911804199,2.9615871906280518,3.3034565448760986,3.344810962677002,3.69228458404541,4.018091201782227,4.152226448059082,4.221343517303467,4.225917816162109,4.112625598907471,4.048220157623291,3.708319902420044,3.8080599308013916,3.534559965133667,3.7086901664733887,3.5822219848632812,3.714478015899658,3.7024686336517334,3.550103187561035,3.758946657180786,3.5377256870269775,3.8132693767547607,3.6998438835144043
A14,4.092315673828125,3.7324585914611816,3.4055848121643066,3.1049206256866455,2.7957425117492676,2.4664483070373535,2.1883063316345215,1.817542314529419,1.5640445947647095,1.2342418432235718,0.9624460339546204,0.609234094619751,0.40176481008529663,0.0,0.3904130756855011,1.7196762561798096,1.746693730354309,2.0191919803619385,1.9091086387634277,2.247617721557617,2.317798137664795,2.5356104373931885,2.7845897674560547,2.8742122650146484,3.2477927207946777,3.333240509033203,3.697446346282959,3.9137842655181885,4.241672992706299,4.384921550750732,4.21454381942749,3.886697769165039,3.688739061355591,3.3130455017089844,3.185760736465454,2.807901620864868,2.74837589263916,2.472933053970337,2.4582371711730957,2.472841501235962,2.218153476715088,2.4875423908233643,2.498755693435669,2.8802027702331543,3.1607017517089844,3.715660333633423,3.4611496925354004,3.5418782234191895,3.2826743125915527,3.244053840637207,3.1414361000061035,3.119022846221924,3.2715914249420166,3.237098217010498,3.5762267112731934,3.62123441696167,3.9543073177337646,4.2968268394470215,4.4308600425720215,4.523441791534424,4.57773494720459,4.455665111541748,4.3715972900390625,4.024184703826904,4.099850654602051,3.8066225051879883,3.955362319946289,3.797802686691284,3.9055278301239014,3.86063551902771,3.681513547897339,3.8561973571777344,3.6035079956054688,3.8525187969207764,3.7158846855163574
A15,4.310455799102783,3.946991443634033,3.626060724258423,3.304701089859009,3.0230114459991455,2.670933485031128,2.4244096279144287,2.047199010848999,1.8111350536346436,1.513957142829895,1.188054084777832,0.9027180671691895,0.5972973704338074,0.3904130756855011,0.0,1.6889228820800781,1.7149207592010498,2.037163257598877,1.9546886682510376,2.264925003051758,2.366596221923828,2.5368154048919678,2.807035207748413,2.859748125076294,3.237844228744507,3.3361408710479736,3.683964967727661,3.9318180084228516,4.240658760070801,4.414755821228027,4.3636393547058105,4.051074504852295,3.866244316101074,3.4867465496063232,3.3951733112335205,3.0196573734283447,3.002242088317871,2.742152214050293,2.765752077102661,2.794999361038208,2.563999652862549,2.8466615676879883,2.8521249294281006,3.238647937774658,3.507824659347534,3.977522134780884,3.7009334564208984,3.753018617630005,3.469264030456543,3.413142442703247,3.269749164581299,3.2266247272491455,3.3364133834838867,3.272977113723755,3.5874998569488525,3.5935604572296143,3.9097442626953125,4.25682258605957,4.361207008361816,4.465429782867432,4.662712574005127,4.56672477722168,4.493303298950195,4.154727935791016,4.248624801635742,3.9610862731933594,4.12938928604126,3.9726734161376953,4.103948593139648,4.049950122833252,3.892195224761963,4.0628581047058105,3.804630756378174,4.058369159698486,3.9444570541381836
B1,3.9404821395874023,3.63604998588562,3.261378765106201,3.0039896965026855,2.8099114894866943,2.468552589416504,2.4255850315093994,2.07900071144104,2.1649956703186035,1.9160571098327637,1.8223251104354858,1.8076531887054443,1.5111806392669678,1.7196762561798096,1.6889228820800781,0.0,0.3899211287498474,0.6747663021087646,0.9257649183273315,1.1843781471252441,1.506164789199829,1.7043299674987793,2.058971643447876,2.260774612426758,2.560648202896118,2.8298115730285645,3.132896900177002,3.332289218902588,3.6451683044433594,3.80472469329834,3.4320950508117676,3.1820523738861084,2.932910919189453,2.6084649562835693,2.569112777709961,2.229895830154419,2.361994743347168,2.1333935260772705,2.375889778137207,2.3786327838897705,2.3579983711242676,2.669635057449341,2.634709358215332,3.006678581237793,3.1135377883911133,3.1269726753234863,2.771343946456909,2.6559102535247803,2.337246894836426,2.1430273056030273,1.9083592891693115,1.7412147521972656,1.7645206451416016,1.6240861415863037,1.917223572731018,1.93905770778656,2.2500405311584473,2.610100269317627,2.754977226257324,2.889383316040039,3.2115187644958496,3.1291801929473877,3.0204763412475586,2.698983669281006,2.7959184646606445,2.5193653106689453,2.7313427925109863,2.5962846279144287,2.8194520473480225,2.783376932144165,2.7554779052734375,2.9745490550994873,2.798825740814209,3.123878002166748,3.161592721939087
B2,3.650665044784546,3.3426036834716797,2.9807002544403076,2.7051825523376465,2.538529396057129,2.1851139068603516,2.175966739654541,1.8437308073043823,1.9597779512405396,1.765678882598877,1.6691690683364868,1.7323919534683228,1.4668649435043335,1.746693730354309,1.7149207592010498,0.3899211287498474,0.0,0.4020842909812927,0.5919588208198547,0.8272296190261841,1.1446936130523682,1.3236188888549805,1.681073546409607,1.872393012046814,2.1777842044830322,2.4423322677612305,2.7469987869262695,2.952115058898926,3.2642300128936768,3.4288735389709473,3.150606155395508,2.904355764389038,2.6854183673858643,2.349433422088623,2.3492813110351562,2.019231081008911,2.1887378692626953,2.0059943199157715,2.2686994075775146,2.33272123336792,2.340623617172241,2.6853556632995605,2.703617811203003,3.0764198303222656,3.172952890396118,2.997316837310791,2.6341826915740967,2.529994487762451,2.186042308807373,2.039531946182251,1.7781871557235718,1.6764250993728638,1.68825101852417,1.6125640869140625,1.9049007892608643,1.8960456848144531,2.234848737716675,2.562661647796631,2.6889071464538574,2.7777163982391357,3.045926809310913,2.986478805541992,2.9227144718170166,2.614556312561035,2.761183023452759,2.5221104621887207,2.7743821144104004,2.6908164024353027,2.937725782394409,2.9490952491760254,2.940574884414673,3.1937255859375,3.0492753982543945,3.387892723083496,3.424989938735962
B3,3.3571887016296387,3.068049430847168,2.7031893730163574,2.4534988403320312,2.314131021499634,1.986015796661377,2.033586025238037,1.7471410036087036,1.941041111946106,1.7964439392089844,1.7763515710830688,1.902082085609436,1.7023245096206665,2.0191919803619385,2.037163257598877,0.6747663021087646,0.4020842909812927,0.0,0.36980438232421875,0.5461110472679138,0.8817126750946045,1.1037285327911377,1.4396198987960815,1.6934551000595093,1.9622493982315063,2.244049072265625,2.5435729026794434,2.7095117568969727,3.0317084789276123,3.168610095977783,2.7745137214660645,2.5358355045318604,2.3083338737487793,1.9855890274047852,1.9995626211166382,1.6911100149154663,1.8997739553451538,1.7557052373886108,2.0630297660827637,2.1487696170806885,2.2203216552734375,2.569056749343872,2.6120426654815674,2.9646146297454834,3.018285036087036,2.6570076942443848,2.284536361694336,2.1604416370391846,1.8073272705078125,1.6661959886550903,1.3901783227920532,1.319680094718933,1.3440908193588257,1.3328280448913574,1.6462795734405518,1.669355869293213,2.0378634929656982,2.336125612258911,2.4900779724121094,2.543256998062134,2.6624181270599365,2.597034215927124,2.5437848567962646,2.2388014793395996,2.4057986736297607,2.1901638507843018,2.4669740200042725,2.4246459007263184,2.692586660385132,2.746885299682617,2.7688181400299072,3.0545876026153564,2.9553234577178955,3.3092620372772217,3.3650784492492676
B4,3.0626602172851562,2.7583236694335938,2.399792432785034,2.1275522708892822,1.9846768379211426,1.6412004232406616,1.690335988998413,1.409567952156067,1.6174466609954834,1.517439603805542,1.510930061340332,1.6959447860717773,1.5506534576416016,1.9091086387634277,1.9546886682510376,0.9257649183273315,0.5919588208198547,0.36980438232421875,0.0,0.3844982981681824,0.5994656682014465,0.8800009489059448,1.1919254064559937,1.4461944103240967,1.7410712242126465,1.9825496673583984,2.3092973232269287,2.471379041671753,2.808866262435913,2.9357640743255615,2.601628065109253,2.341282367706299,2.1395394802093506,1.7889922857284546,1.8080170154571533,1.4879218339920044,1.6924699544906616,1.5743472576141357,1.8650318384170532,2.0040409564971924,2.0725557804107666,2.444852828979492,2.5355613231658936,2.8902487754821777,2.9561564922332764,2.5354959964752197,2.174980401992798,2.1047632694244385,1.7478018999099731,1.6866908073425293,1.4423271417617798,1.4689040184020996,1.5385518074035645,1.6030746698379517,1.9214189052581787,1.9459388256072998,2.3252270221710205,2.592606544494629,2.738929510116577,2.751322031021118,2.7225751876831055,2.6560821533203125,2.636596202850342,2.335094451904297,2.5238094329833984,2.3291420936584473,2.6115477085113525,2.5965075492858887,2.8518121242523193,2.9352667331695557,2.938674211502075,3.240391254425049,3.1478137969970703,3.500972270965576,3.528848648071289
B5,2.9738030433654785,2.6871228218078613,2.3516244888305664,2.080909252166748,2.0086467266082764,1.6804370880126953,1.809554934501648,1.5868834257125854,1.8355573415756226,1.8003504276275635,1.7938092947006226,2.017273187637329,1.8804739713668823,2.247617721557617,2.264925003051758,1.1843781471252441,0.8272296190261841,0.5461110472679138,0.3844982981681824,0.0,0.38164836168289185,0.563779890537262,0.8944334983825684,1.160216212272644,1.4202371835708618,1.7016280889511108,2.0008883476257324,2.1645359992980957,2.48856520652771,2.6274282932281494,2.3853304386138916,2.1610381603240967,1.9963908195495605,1.665989875793457,1.7656244039535522,1.5039005279541016,1.7796217203140259,1.7373430728912354,2.0605661869049072,2.2350080013275146,2.3499441146850586,2.723217725753784,2.83420991897583,3.171948194503784,3.206601619720459,2.5562074184417725,2.1861133575439453,2.0825095176696777,1.7066062688827515,1.6640828847885132,1.3679091930389404,1.4285767078399658,1.4294167757034302,1.5284420251846313,1.7995632886886597,1.7779414653778076,2.155498504638672,2.383103370666504,2.5039005279541016,2.479398727416992,2.481255531311035,2.4579341411590576,2.484696388244629,2.219015598297119,2.4588773250579834,2.3163211345672607,2.637105941772461,2.670044183731079,2.9578144550323486,3.0707790851593018,3.117102861404419,3.4342503547668457,3.3737785816192627,3.734954595565796,3.7899765968322754
B6,2.6223902702331543,2.3289928436279297,2.006438732147217,1.7209343910217285,1.6737613677978516,1.3497861623764038,1.5226225852966309,1.3546433448791504,1.6404449939727783,1.6816928386688232,1.7122048139572144,1.9949407577514648,1.927291750907898,2.317798137664795,2.366596221923828,1.506164789199829,1.1446936130523682,0.8817126750946045,0.5994656682014465,0.38164836168289185,0.0,0.3841785192489624,0.6090050339698792,0.9150006771087646,1.1792540550231934,1.412224292755127,1.7400258779525757,1.8786650896072388,2.2240633964538574,2.338667392730713,2.134122848510742,1.8936011791229248,1.7667012214660645,1.4187347888946533,1.5441327095031738,1.3032159805297852,1.588849425315857,1.6059414148330688,1.9137985706329346,2.1437010765075684,2.2751739025115967,2.6575000286102295,2.815723180770874,3.1402552127838135,3.1709542274475098,2.4019649028778076,2.0512290000915527,1.9979830980300903,1.6305276155471802,1.6771390438079834,1.426231861114502,1.5811487436294556,1.6255913972854614,1.7935948371887207,2.06474232673645,2.0581037998199463,2.438042640686035,2.6275742053985596,2.7481892108917236,2.679516077041626,2.4872920513153076,2.462495803833008,2.526901960372925,2.274759292602539,2.5344350337982178,2.422574281692505,2.7462213039398193,2.81278657913208,3.0894181728363037,3.2354817390441895,3.2733616828918457,3.6071276664733887,3.56341290473938,3.9240071773529053,3.9606051445007324
B7,2.722459316253662,2.4402143955230713,2.1602931022644043,1.8615928888320923,1.8786780834197998,1.5641313791275024,1.769112229347229,1.6278729438781738,1.8912783861160278,1.9626282453536987,1.9460084438323975,2.2365381717681885,2.1486802101135254,2.5356104373931885,2.5368154048919678,1.7043299674987793,1.3236188888549805,1.1037285327911377,0.8800009489059448,0.563779890537262,0.3841785192489624,0.0,0.3723624646663666,0.5989126563072205,0.8666412234306335,1.1439094543457031,1.4425188302993774,1.6286042928695679,1.9465842247009277,2.1067845821380615,2.1693999767303467,1.976585865020752,1.9123080968856812,1.5961343050003052,1.7922598123550415,1.6054909229278564,1.915698766708374,1.9679243564605713,2.273408889770508,2.517812967300415,2.6513195037841797,3.0352988243103027,3.1986727714538574,3.522472858428955,3.549900531768799,2.6812713146209717,2.333711624145508,2.2604589462280273,1.8907356262207031,1.941245675086975,1.6553027629852295,1.8036887645721436,1.775835633277893,1.9307854175567627,2.145495653152466,2.073371648788452,2.43064284324646,2.590195894241333,2.661292314529419,2.5678625106811523,2.510134220123291,2.5411014556884766,2.649569272994995,2.4368040561676025,2.7320590019226074,2.655857801437378,3.0012099742889404,3.0880863666534424,3.3851146697998047,3.535421133041382,3.5966904163360596,3.93029522895813,3.892026901245117,4.255273818969727,4.3069682121276855
B8,2.432556390762329,2.164442539215088,1.9207643270492554,1.628580093383789,1.7138136625289917,1.443579912185669,1.7106785774230957,1.6513952016830444,1.9428287744522095,2.0807714462280273,2.09968900680542,2.4264321327209473,2.3886590003967285,2.7845897674560547,2.807035207748413,2.058971643447876,1.681073546409607,1.4396198987960815,1.1919254064559937,0.8944334983825684,0.6090050339698792,0.3723624646663666,0.0,0.38955405354499817,0.5772428512573242,0.8238334655761719,1.1340583562850952,1.2809923887252808,1.6181422472000122,1.7536160945892334,1.905017614364624,1.7279094457626343,1.7262778282165527,1.4327428340911865,1.680882453918457,1.558972716331482,1.8822017908096313,2.0017011165618896,2.295912265777588,2.5781056880950928,2.7386555671691895,3.118258476257324,3.315570116043091,3.6180241107940674,3.627872943878174,2.6014292240142822,2.2782485485076904,2.2307260036468506,1.881210446357727,1.998091459274292,1.745057225227356,1.957288384437561,1.9444661140441895,2.1514365673065186,2.3512370586395264,2.288116216659546,2.638593912124634,2.752859592437744,2.8209705352783203,2.6816442012786865,2.45477294921875,2.499290943145752,2.6517863273620605,2.4692370891571045,2.7872400283813477,2.752749443054199,3.104116678237915,3.228992462158203,3.5238614082336426,3.7060210704803467,3.7750253677368164,4.123281002044678,4.109135150909424,4.47305154800415,4.521553039550781
B9,2.582775592803955,2.312152624130249,2.116116762161255,1.7989860773086548,1.9089810848236084,1.6350300312042236,1.8845314979553223,1.828623652458191,2.071079969406128,2.2315690517425537,2.1992015838623047,2.5301096439361572,2.486553192138672,2.8742122650146484,2.859748125076294,2.260774612426758,1.872393012046814,1.6934551000595093,1.4461944103240967,1.160216212272644,0.9150006771087646,0.5989126563072205,0.38955405354499817,0.0,0.37922143936157227,0.5797430276870728,0.8860151171684265,1.1311283111572266,1.428938388824463,1.6289516687393188,2.144092559814453,1.995619535446167,2.0460519790649414,1.7691360712051392,2.029019594192505,1.915687918663025,2.2209389209747314,2.3400189876556396,2.6089072227478027,2.9024364948272705,3.0380303859710693,3.4237475395202637,3.628342390060425,3.939288854598999,3.967564821243286,2.95805287361145,2.646942138671875,2.6111109256744385,2.2664177417755127,2.3864669799804688,2.125842332839966,2.3231961727142334,2.2826473712921143,2.463867664337158,2.638627290725708,2.531801223754883,2.8617911338806152,2.96655535697937,2.990628242492676,2.8437912464141846,2.7435238361358643,2.8207650184631348,2.994777202606201,2.8301892280578613,3.1579911708831787,3.1304640769958496,3.4857594966888428,3.608203887939453,3.906177282333374,4.081119060516357,4.147563934326172,4.490872859954834,4.4646148681640625,4.827695369720459,4.871528148651123
B10,2.509228467941284,2.2803823947906494,2.1273558139801025,1.8513481616973877,2.0298690795898438,1.8138662576675415,2.110646963119507,2.1070139408111572,2.375849723815918,2.5583274364471436,2.5520143508911133,2.891227960586548,2.857670307159424,3.2477927207946777,3.237844228744507,2.560648202896118,2.1777842044830322,1.9622493982315063,1.7410712242126465,1.4202371835708618,1.1792540550231934,0.8666412234306335,0.5772428512573242,0.37922143936157227,0.0,0.388339638710022,0.5847011804580688,0.8021219968795776,1.0880776643753052,1.2921524047851562,1.9577984809875488,1.867896318435669,1.9742541313171387,1.7557317018508911,2.0673985481262207,2.0228147506713867,2.352283239364624,2.518157482147217,2.799274206161499,3.103006601333618,3.2731966972351074,3.6495444774627686,3.864382743835449,4.155989646911621,4.155655384063721,2.9844930171966553,2.6869571208953857,2.6349449157714844,2.3076694011688232,2.4484169483184814,2.1910135746002197,2.412342071533203,2.3480756282806396,2.5567498207092285,2.6928906440734863,2.575697660446167,2.8847405910491943,2.9381017684936523,2.9473750591278076,2.757441282272339,2.591506004333496,2.7038447856903076,2.9204208850860596,2.799748182296753,3.152277946472168,3.1711089611053467,3.538111448287964,3.696723222732544,4.0059814453125,4.204911231994629,4.297961235046387,4.651294231414795,4.652815818786621,5.018801689147949,5.0794501304626465
B11,2.337034225463867,2.1070539951324463,2.0079004764556885,1.7225180864334106,1.9349076747894287,1.7511636018753052,2.049848794937134,2.096730947494507,2.3453776836395264,2.5765347480773926,2.5759871006011963,2.9354517459869385,2.944464921951294,3.333240509033203,3.3361408710479736,2.8298115730285645,2.4423322677612305,2.244049072265625,1.9825496673583984,1.7016280889511108,1.412224292755127,1.1439094543457031,0.8238334655761719,0.5797430276870728,0.388339638710022,0.0,0.3858180046081543,0.6078993082046509,0.9085816740989685,1.0988688468933105,1.9982188940048218,1.9045546054840088,2.0618865489959717,1.851643443107605,2.1562790870666504,2.131071090698242,2.427875518798828,2.6166434288024902,2.8583388328552246,3.187530755996704,3.3470137119293213,3.720604181289673,3.9624390602111816,4.245250225067139,4.254685401916504,3.073554277420044,2.8081676959991455,2.8045735359191895,2.4999825954437256,2.6850173473358154,2.464413642883301,2.714487314224243,2.682731866836548,2.907423734664917,3.0593373775482178,2.9558796882629395,3.26906681060791,3.3185410499572754,3.329256296157837,3.1297121047973633,2.861459493637085,2.964081048965454,3.1926796436309814,3.074948787689209,3.423567771911621,3.4471757411956787,3.804961681365967,3.96952748298645,4.263812065124512,4.472763538360596,4.549039840698242,4.906527996063232,4.906908988952637,5.269697666168213,5.310379505157471
B12,2.493537187576294,2.30732798576355,2.2547738552093506,2.00581431388855,2.2563891410827637,2.105295181274414,2.416921615600586,2.478652238845825,2.7280514240264893,2.9621119499206543,2.956113338470459,3.3128368854522705,3.3117003440856934,3.697446346282959,3.683964967727661,3.132896900177002,2.7469987869262695,2.5435729026794434,2.3092973232269287,2.0008883476257324,1.7400258779525757,1.4425188302993774,1.1340583562850952,0.8860151171684265,0.5847011804580688,0.3858180046081543,0.0,0.3884466290473938,0.565842866897583,0.8392249941825867,2.0679149627685547,2.0408942699432373,2.241624593734741,2.083721876144409,2.418316125869751,2.4333345890045166,2.7445662021636963,2.9528465270996094,3.2037220001220703,3.5336050987243652,3.7086946964263916,4.077940464019775,4.320600986480713,4.595669269561768,4.589865207672119,3.3135128021240234,3.056804656982422,3.0325472354888916,2.7390310764312744,2.9224181175231934,2.6925008296966553,2.940382719039917,2.87455677986145,3.0995893478393555,3.2106239795684814,3.080549478530884,3.3647994995117188,3.373784065246582,3.353262186050415,3.12463116645813,2.895927667617798,3.0396673679351807,3.301452159881592,3.2237045764923096,3.5903022289276123,3.6473472118377686,4.0149149894714355,4.200962066650391,4.507631301879883,4.726785659790039,4.825373649597168,5.1860527992248535,5.201145648956299,5.566356658935547,5.622860431671143
B13,2.227158308029175,2.0852739810943604,2.072652578353882,1.878642201423645,2.1774795055389404,2.0911269187927246,2.43578839302063,2.5500566959381104,2.829789161682129,3.08440899848938,3.124509811401367,3.493227005004883,3.5203442573547363,3.9137842655181885,3.9318180084228516,3.332289218902588,2.952115058898926,2.7095117568969727,2.471379041671753,2.1645359992980957,1.8786650896072388,1.6286042928695679,1.2809923887252808,1.1311283111572266,0.8021219968795776,0.6078993082046509,0.3884466290473938,0.0,0.38344910740852356,0.4990989863872528,1.779542088508606,1.7906064987182617,2.039651870727539,1.9365655183792114,2.287776231765747,2.36220383644104,2.670999050140381,2.919750690460205,3.165959596633911,3.5043673515319824,3.7091686725616455,4.062469959259033,4.319797039031982,4.568879127502441,4.5370306968688965,3.142587184906006,2.915165424346924,2.902111530303955,2.6422276496887207,2.8605074882507324,2.6662673950195312,2.948162317276001,2.9023914337158203,3.164149522781372,3.2729523181915283,3.1727962493896484,3.4565675258636475,3.437129020690918,3.4387903213500977,3.1841933727264404,2.753953695297241,2.894094944000244,3.178166627883911,3.125938653945923,3.495229721069336,3.5837574005126953,3.9456377029418945,4.1598052978515625,4.459560871124268,4.7035441398620605,4.81109094619751,5.181013584136963,5.221846580505371,5.585160732269287,5.644090175628662
