,A1,A2,A3,A4,A5,A6,A7,A8,A9,A10,A11,A12,A13,A14,A15,B1,B2,B3,B4,B5,B6,B7,B8,B9,B10,B11,B12,B13,B14,B15,C1,C2,C3,C4,C5,C6,C7,C8,C9,C10,C11,C12,C13,C14,C15,D1,D2,D3,D4,D5,D6,D7,D8,D9,D10,D11,D12,D13,D14,D15,E1,E2,E3,E4,E5,E6,E7,E8,E9,E10,E11,E12,E13,E14,E15
A1,0.0,0.3684253692626953,0.6507349610328674,0.9507411122322083,1.2405544519424438,1.5665310621261597,1.8735252618789673,2.2020998001098633,2.4643938541412354,2.788062810897827,3.066833019256592,3.372771739959717,3.6473593711853027,3.881335496902466,3.9999053478240967,4.706368923187256,4.395903587341309,4.09920072555542,3.771634578704834,3.550614356994629,3.171048641204834,2.969496011734009,2.597780227661133,2.475093126296997,2.1906089782714844,1.8973201513290405,1.874534249305725,1.5016192197799683,1.654420256614685,1.6573352813720703,0.7577084302902222,0.6246065497398376,0.899989128112793,1.1144204139709473,1.3251876831054688,1.6449514627456665,1.8887512683868408,2.236818552017212,2.4697818756103516,2.831028938293457,3.0965447425842285,3.372478485107422,3.6934430599212646,3.8874642848968506,4.064740180969238,4.684903621673584,4.361933708190918,4.11007022857666,3.7438716888427734,3.622049570083618,3.237928867340088,3.1461644172668457,2.8144137859344482,2.7142703533172607,2.5123603343963623,2.1837892532348633,2.259655714035034,1.9776477813720703,2.217672824859619,2.0657272338867188,1.4270449876785278,1.2325034141540527,1.4409946203231812,1.5346240997314453,1.6715328693389893,1.9407726526260376,2.0876564979553223,2.4412314891815186,2.6210737228393555,2.988636016845703,3.191746234893799,3.532970666885376,3.7748754024505615,4.053831577301025,4.059010982513428
A2,0.3684253692626953,0.0,0.37965914607048035,0.6228526830673218,0.916897714138031,1.2360705137252808,1.5387325286865234,1.8674224615097046,2.1190390586853027,2.4538216590881348,2.723046064376831,3.0306484699249268,3.30893611907959,3.543440341949463,3.6495511531829834,4.39646053314209,4.082717418670654,3.7989320755004883,3.4613468647003174,3.2517249584198,2.867461681365967,2.6782562732696533,2.3090527057647705,2.195784330368042,1.9429997205734253,1.6372910737991333,1.6659009456634521,1.3204020261764526,1.5377376079559326,1.5152384042739868,0.9392260313034058,0.6635658740997314,0.8536065816879272,0.94334477186203,1.124650001525879,1.40000319480896,1.626886248588562,1.964719533920288,2.1804354190826416,2.548152208328247,2.7920026779174805,3.0722155570983887,3.3933913707733154,3.596177339553833,3.7555699348449707,4.403794288635254,4.074100494384766,3.8383946418762207,3.4662671089172363,3.3589274883270264,2.9784038066864014,2.901700735092163,2.588956594467163,2.504794120788574,2.343862533569336,2.020383358001709,2.1466076374053955,1.9112324714660645,2.19217586517334,2.056940793991089,1.5780822038650513,1.3101993799209595,1.4634398221969604,1.463318109512329,1.5783993005752563,1.7892225980758667,1.9179937839508057,2.2507400512695312,2.4143009185791016,2.784580707550049,2.955308437347412,3.3026466369628906,3.5274128913879395,3.8149449825286865,3.802845001220703
A3,0.6507349610328674,0.37965914607048035,0.0,0.380936861038208,0.5975404977798462,0.9433278441429138,1.232562780380249,1.5670132637023926,1.830478310585022,2.1433260440826416,2.4316821098327637,2.7329890727996826,3.0068154335021973,3.237614870071411,3.3686280250549316,4.078648090362549,3.776210069656372,3.487294912338257,3.154284715652466,2.9544482231140137,2.568836212158203,2.4025914669036865,2.031590700149536,1.9655089378356934,1.7226544618606567,1.4583572149276733,1.5504323244094849,1.2331962585449219,1.5143659114837646,1.5537850856781006,0.9842081069946289,0.6259526610374451,0.6272580027580261,0.6428055763244629,0.7579642534255981,1.0419282913208008,1.2559778690338135,1.6017673015594482,1.8230887651443481,2.1873397827148438,2.4470279216766357,2.7238099575042725,3.044564723968506,3.242022752761841,3.41597056388855,4.056835651397705,3.734440326690674,3.4967708587646484,3.126447916030884,3.029210090637207,2.6476166248321533,2.593533754348755,2.2816877365112305,2.234565019607544,2.0779078006744385,1.7851698398590088,1.9580168724060059,1.7376896142959595,2.0576586723327637,1.9829367399215698,1.497812271118164,1.181211233139038,1.2426698207855225,1.1823264360427856,1.2498419284820557,1.4350959062576294,1.54461669921875,1.8741092681884766,2.0349531173706055,2.4049360752105713,2.5785412788391113,2.92604923248291,3.153151035308838,3.439809799194336,3.4354686737060547
A4,0.9507411122322083,0.6228526830673218,0.380936861038208,0.0,0.372548907995224,0.6225958466529846,0.9604955911636353,1.2630575895309448,1.5466985702514648,1.8744573593139648,2.131963014602661,2.4543051719665527,2.712491989135742,2.964725971221924,3.076277732849121,3.775463342666626,3.460134506225586,3.177090644836426,2.838618516921997,2.6314773559570312,2.245836019515991,2.067716598510742,1.6997886896133423,1.6176321506500244,1.400857925415039,1.1200988292694092,1.2556172609329224,0.9899633526802063,1.319338083267212,1.3373699188232422,1.18709135055542,0.8153935074806213,0.7820798754692078,0.59335857629776,0.7077365517616272,0.8585766553878784,1.0924630165100098,1.3952336311340332,1.6240074634552002,1.984419345855713,2.2072737216949463,2.5096304416656494,2.8125927448272705,3.040254592895508,3.1945512294769287,3.7972240447998047,3.461940288543701,3.231656789779663,2.8572630882263184,2.75472354888916,2.378257989883423,2.314615249633789,2.022890567779541,1.9670865535736084,1.8587647676467896,1.5642423629760742,1.7727410793304443,1.6184570789337158,1.9574253559112549,1.8864825963974,1.6601332426071167,1.309154748916626,1.3501958847045898,1.1881263256072998,1.2747650146484375,1.3680857419967651,1.4957963228225708,1.78018319606781,1.9493523836135864,2.3064706325531006,2.4435622692108154,2.8040125370025635,2.9922640323638916,3.300962209701538,3.291750431060791
A5,1.2405544519424438,0.916897714138031,0.5975404977798462,0.372548907995224,0.0,0.38479185104370117,0.6351341009140015,0.9750542044639587,1.2349395751953125,1.5483112335205078,1.8345297574996948,2.1368234157562256,2.4102516174316406,2.6426591873168945,2.7729156017303467,3.5109963417053223,3.2113029956817627,2.9395041465759277,2.595106601715088,2.4222605228424072,2.0309035778045654,1.9085949659347534,1.5500835180282593,1.5499004125595093,1.393126368522644,1.175637125968933,1.4035009145736694,1.2115947008132935,1.5743197202682495,1.615760326385498,1.4668329954147339,1.0893789529800415,0.9327623248100281,0.6826948523521423,0.5910391211509705,0.656265914440155,0.7826453447341919,1.0903327465057373,1.2787622213363647,1.6482826471328735,1.8766334056854248,2.1619911193847656,2.479083299636841,2.6910297870635986,2.845860719680786,3.515361785888672,3.1875827312469482,2.9749224185943604,2.598345994949341,2.5327510833740234,2.16168475151062,2.1521341800689697,1.8845548629760742,1.8970500230789185,1.8241767883300781,1.588173747062683,1.85861337184906,1.741105079650879,2.1074445247650146,2.0939838886260986,1.8456785678863525,1.4841203689575195,1.4285740852355957,1.2088779211044312,1.1952996253967285,1.2144932746887207,1.2629222869873047,1.5181580781936646,1.6415008306503296,2.0011563301086426,2.11346697807312,2.4684245586395264,2.6613423824310303,2.962069272994995,2.937230110168457
A6,1.5665310621261597,1.2360705137252808,0.9433278441429138,0.6225958466529846,0.38479185104370117,0.0,0.3868943154811859,0.6423364877700806,0.9534252285957336,1.2683002948760986,1.5177339315414429,1.8469722270965576,2.0928566455841064,2.3535194396972656,2.4720652103424072,3.165830135345459,2.8547542095184326,2.5849528312683105,2.2373359203338623,2.056912899017334,1.6653348207473755,1.5389988422393799,1.1871143579483032,1.2002201080322266,1.1007084846496582,0.9199039340019226,1.2192246913909912,1.132298231124878,1.511523962020874,1.55392324924469,1.7067725658416748,1.340080976486206,1.170670986175537,0.8316391110420227,0.7329699397087097,0.5756865739822388,0.6824783086776733,0.8819097280502319,1.0801887512207031,1.4275970458984375,1.6100212335586548,1.9278236627578735,2.2161686420440674,2.4639971256256104,2.6028380393981934,3.207026481628418,2.8675107955932617,2.659994602203369,2.280991792678833,2.2101571559906006,1.8470534086227417,1.8343467712402344,1.59749174118042,1.6176608800888062,1.608776569366455,1.4018522500991821,1.7127375602722168,1.6754153966903687,2.047180414199829,2.0557827949523926,2.026578903198242,1.6549532413482666,1.5775076150894165,1.2849515676498413,1.281864047050476,1.1928086280822754,1.254704236984253,1.432286024093628,1.5638997554779053,1.8906464576721191,1.9605225324630737,2.3244903087615967,2.468193769454956,2.792245864868164,2.76997709274292
A7,1.8735252618789673,1.5387325286865234,1.232562780380249,0.9604955911636353,0.6351341009140015,0.3868943154811859,0.0,0.3736354410648346,0.6056235432624817,0.9170629382133484,1.2016558647155762,1.5028597116470337,1.7775284051895142,2.0100364685058594,2.14052414894104,2.92421293258667,2.631657838821411,2.38917875289917,2.030622720718384,1.907713770866394,1.5174871683120728,1.4819252490997314,1.175583004951477,1.2928781509399414,1.2926082611083984,1.1877107620239258,1.5288840532302856,1.4944398403167725,1.8728140592575073,1.9118294715881348,2.050553798675537,1.680544137954712,1.4705458879470825,1.145735502243042,0.9438915848731995,0.721188485622406,0.6024565696716309,0.7101322412490845,0.7820616364479065,1.1354433298110962,1.294120192527771,1.5876821279525757,1.8959943056106567,2.1268973350524902,2.250046968460083,2.9645605087280273,2.6326191425323486,2.4611446857452393,2.0816996097564697,2.0699074268341064,1.7294788360595703,1.7939375638961792,1.613492488861084,1.713904619216919,1.7586308717727661,1.623212218284607,1.969372034072876,1.9657312631607056,2.343271017074585,2.3875744342803955,2.331794023513794,1.963369607925415,1.8316617012023926,1.5225391387939453,1.4370726346969604,1.2782238721847534,1.2341649532318115,1.337893009185791,1.384013295173645,1.6942343711853027,1.7040303945541382,2.053588390350342,2.1905722618103027,2.503504991531372,2.4479637145996094
A8,2.2020998001098633,1.8674224615097046,1.5670132637023926,1.2630575895309448,0.9750542044639587,0.6423364877700806,0.3736354410648346,0.0,0.3830009996891022,0.649837076663971,0.8806535005569458,1.215450644493103,1.4506251811981201,1.7170580625534058,1.8422900438308716,2.5671780109405518,2.266162633895874,2.0285191535949707,1.6653382778167725,1.5481524467468262,1.16079580783844,1.1582369804382324,0.89732426404953,1.077836275100708,1.1770904064178467,1.157220482826233,1.5290852785110474,1.5870157480239868,1.9510438442230225,1.9969773292541504,2.316175699234009,1.9579001665115356,1.740494728088379,1.3849273920059204,1.1961078643798828,0.8827951550483704,0.7431684732437134,0.6522135138511658,0.6820085048675537,0.9550519585609436,1.0320990085601807,1.3618263006210327,1.6272130012512207,1.898922085762024,2.003283739089966,2.642864227294922,2.300459384918213,2.140310287475586,1.7608144283294678,1.7564538717269897,1.437846302986145,1.5210007429122925,1.4011509418487549,1.5316046476364136,1.651368498802185,1.573737621307373,1.9407806396484375,2.0085623264312744,2.3755061626434326,2.4452998638153076,2.5454447269439697,2.178500175476074,2.030673027038574,1.685225248336792,1.6063787937164307,1.3720242977142334,1.3335062265396118,1.3411831855773926,1.3822952508926392,1.6306265592575073,1.5840182304382324,1.9292573928833008,2.00370717048645,2.336754560470581,2.2850725650787354
A9,2.4643938541412354,2.1190390586853027,1.830478310585022,1.5466985702514648,1.2349395751953125,0.9534252285957336,0.6056235432624817,0.3830009996891022,0.0,0.38112109899520874,0.6238053441047668,0.9130659103393555,1.208587884902954,1.4303699731826782,1.5381779670715332,2.452275037765503,2.1716127395629883,1.9902575016021729,1.6167775392532349,1.5840712785720825,1.2297306060791016,1.3273643255233765,1.151395559310913,1.3652257919311523,1.5232938528060913,1.5072112083435059,1.8799257278442383,1.946641445159912,2.3093857765197754,2.3265113830566406,2.6475584506988525,2.280416965484619,2.0638647079467773,1.725974440574646,1.5085868835449219,1.2204084396362305,1.0005874633789062,0.8729000091552734,0.7165079712867737,0.927413284778595,0.9067187905311584,1.1753965616226196,1.4584276676177979,1.7048159837722778,1.756528615951538,2.5625200271606445,2.2303664684295654,2.132817268371582,1.766444444656372,1.8365403413772583,1.5706120729446411,1.7209243774414062,1.666929841041565,1.8371856212615967,1.9906269311904907,1.9414310455322266,2.3121702671051025,2.3893961906433105,2.7555229663848877,2.826908588409424,2.8958592414855957,2.529320240020752,2.370032787322998,2.0327329635620117,1.9173816442489624,1.6746633052825928,1.568324327468872,1.5308274030685425,1.4803071022033691,1.694732427597046,1.5689173936843872,1.874463438987732,1.9302196502685547,2.2381227016448975,2.1292788982391357
A10,2.788062810897827,2.4538216590881348,2.1433260440826416,1.8744573593139648,1.5483112335205078,1.2683002948760986,0.9170629382133484,0.649837076663971,0.38112109899520874,0.0,0.3798285126686096,0.602109432220459,0.888709545135498,1.0950655937194824,1.2620338201522827,2.133758783340454,1.8821942806243896,1.7186814546585083,1.3585392236709595,1.39400315284729,1.0853304862976074,1.288771390914917,1.1986366510391235,1.489974021911621,1.6892375946044922,1.7477234601974487,2.1240978240966797,2.2213330268859863,2.5765764713287354,2.6238930225372314,2.9234282970428467,2.564598560333252,2.3133058547973633,1.9758994579315186,1.7270214557647705,1.4113917350769043,1.1393680572509766,0.9058083891868591,0.646149754524231,0.694428563117981,0.563280463218689,0.8119919300079346,1.0814906358718872,1.3328415155410767,1.3826348781585693,2.2166588306427,1.8980238437652588,1.829994797706604,1.4791908264160156,1.6087956428527832,1.392651081085205,1.6153600215911865,1.6258909702301025,1.8598095178604126,2.0443544387817383,2.065136671066284,2.44547963142395,2.5505051612854004,2.9097232818603516,3.0215156078338623,3.103471279144287,2.745896816253662,2.546400308609009,2.1970391273498535,2.045769691467285,1.7553421258926392,1.605994701385498,1.4806122779846191,1.376360535621643,1.5146517753601074,1.3192654848098755,1.5914956331253052,1.6036099195480347,1.9073718786239624,1.789544701576233
A11,3.066833019256592,2.723046064376831,2.4316821098327637,2.131963014602661,1.8345297574996948,1.5177339315414429,1.2016558647155762,0.8806535005569458,0.6238053441047668,0.3798285126686096,0.0,0.37985920906066895,0.5960133671760559,0.8682058453559875,0.9661552309989929,1.8745005130767822,1.60549795627594,1.4881772994995117,1.1201043128967285,1.2001675367355347,0.9505425691604614,1.1998354196548462,1.2085233926773071,1.4905034303665161,1.7602267265319824,1.8448487520217896,2.214900493621826,2.3673954010009766,2.701856851577759,2.7281875610351562,3.1929714679718018,2.8374695777893066,2.606231212615967,2.2511942386627197,2.0349719524383545,1.6986055374145508,1.4687856435775757,1.2086740732192993,0.9915379285812378,0.9544729590415955,0.6870729923248291,0.9028460383415222,1.0531305074691772,1.3465901613235474,1.3172873258590698,2.0634870529174805,1.7322367429733276,1.7119187116622925,1.3845767974853516,1.5317870378494263,1.3830798864364624,1.6025359630584717,1.687803864479065,1.9095662832260132,2.1524932384490967,2.194089889526367,2.566601514816284,2.719464063644409,3.060948133468628,3.167876958847046,3.37808895111084,3.01887845993042,2.8349547386169434,2.472792625427246,2.3511552810668945,2.0452497005462646,1.928407073020935,1.776344895362854,1.6894207000732422,1.7770057916641235,1.543337106704712,1.7804322242736816,1.7116281986236572,2.015336751937866,1.8891985416412354
A12,3.372771739959717,3.0306484699249268,2.7329890727996826,2.4543051719665527,2.1368234157562256,1.8469722270965576,1.5028597116470337,1.215450644493103,0.9130659103393555,0.602109432220459,0.37985920906066895,0.0,0.38556790351867676,0.5211342573165894,0.6646404266357422,1.7491514682769775,1.5402377843856812,1.4975497722625732,1.1725276708602905,1.3580586910247803,1.1923223733901978,1.5009762048721313,1.5519957542419434,1.8528196811676025,2.126410484313965,2.221619129180908,2.5923283100128174,2.73970890045166,3.0774881839752197,3.1062088012695312,3.5182485580444336,3.159956216812134,2.912982702255249,2.570338010787964,2.3262805938720703,2.0009777545928955,1.7284477949142456,1.458926796913147,1.1737563610076904,1.054811716079712,0.7238292098045349,0.7667528986930847,0.8756300210952759,1.110485315322876,1.0052030086517334,1.9342118501663208,1.640977382659912,1.6975584030151367,1.4201416969299316,1.6461856365203857,1.564997673034668,1.8378028869628906,1.9604763984680176,2.216505289077759,2.462719440460205,2.532618522644043,2.9076919555664062,3.0594470500946045,3.401409864425659,3.52396559715271,3.6882951259613037,3.3330535888671875,3.127107620239258,2.770188093185425,2.6149730682373047,2.300900459289551,2.1371641159057617,1.949015736579895,1.7978581190109253,1.8327717781066895,1.5377963781356812,1.7035765647888184,1.602467656135559,1.8592743873596191,1.681337594985962
A13,3.6473593711853027,3.30893611907959,3.0068154335021973,2.712491989135742,2.4102516174316406,2.0928566455841064,1.7775284051895142,1.4506251811981201,1.208587884902954,0.888709545135498,0.5960133671760559,0.38556790351867676,0.0,0.3778517544269562,0.5306029319763184,1.3708006143569946,1.1641819477081299,1.162548542022705,0.8729135990142822,1.1308369636535645,1.0743242502212524,1.4277170896530151,1.5693020820617676,1.8805079460144043,2.188718318939209,2.335857391357422,2.6937613487243652,2.8839142322540283,3.1997716426849365,3.24295973777771,3.7361176013946533,3.3894829750061035,3.1376938819885254,2.7831876277923584,2.553497076034546,2.203462600708008,1.9551061391830444,1.643964171409607,1.3990509510040283,1.2057454586029053,0.829354465007782,0.8570653200149536,0.7868438959121704,1.067750334739685,0.9295899271965027,1.6167415380477905,1.3199784755706787,1.4209357500076294,1.1909661293029785,1.4421924352645874,1.4460207223892212,1.7280341386795044,1.9198987483978271,2.1842243671417236,2.4678168296813965,2.5827410221099854,2.946686029434204,3.138871908187866,3.4590718746185303,3.6006691455841064,3.8631277084350586,3.5150554180145264,3.3029747009277344,2.9340198040008545,2.792290449142456,2.4528157711029053,2.3124594688415527,2.0833792686462402,1.955398440361023,1.9295296669006348,1.618247151374817,1.7507377862930298,1.5662564039230347,1.8255661725997925,1.6812775135040283
A14,3.881335496902466,3.543440341949463,3.237614870071411,2.964725971221924,2.6426591873168945,2.3535194396972656,2.0100364685058594,1.7170580625534058,1.4303699731826782,1.0950655937194824,0.8682058453559875,0.5211342573165894,0.3778517544269562,0.0,0.378956139087677,1.4332668781280518,1.3189347982406616,1.3907198905944824,1.1671110391616821,1.467341661453247,1.4355933666229248,1.797378659248352,1.9275678396224976,2.246129035949707,2.542644500732422,2.6783485412597656,3.0423338413238525,3.2133820056915283,3.54024338722229,3.5810515880584717,4.003262519836426,3.650723457336426,3.3877522945404053,3.0472826957702637,2.7919485569000244,2.4596118927001953,2.1744771003723145,1.8753135204315186,1.5793263912200928,1.3637884855270386,0.9977032542228699,0.8731067180633545,0.7823684811592102,0.9348191022872925,0.6860802173614502,1.6431822776794434,1.4121204614639282,1.5831248760223389,1.4086960554122925,1.7093654870986938,1.7413471937179565,2.0529439449310303,2.243989944458008,2.528550863265991,2.7982232570648193,2.918797492980957,3.287759780883789,3.4643242359161377,3.7919161319732666,3.9402151107788086,4.130832195281982,3.7842886447906494,3.5562400817871094,3.19661545753479,3.0240936279296875,2.6888959407806396,2.505596160888672,2.2646324634552,2.080618143081665,2.027296304702759,1.678765892982483,1.7415242195129395,1.5509092807769775,1.742963194847107,1.5367358922958374
A15,3.9999053478240967,3.6495511531829834,3.3686280250549316,3.076277732849121,2.7729156017303467,2.4720652103424072,2.14052414894104,1.8422900438308716,1.5381779670715332,1.2620338201522827,0.9661552309989929,0.6646404266357422,0.5306029319763184,0.378956139087677,0.0,1.5185697078704834,1.3824163675308228,1.512895107269287,1.2886465787887573,1.5802011489868164,1.563998818397522,1.8979122638702393,2.0440263748168945,2.3216092586517334,2.6428444385528564,2.7556960582733154,3.112515687942505,3.3009302616119385,3.6183583736419678,3.6234495639801025,4.157301425933838,3.799217939376831,3.564375400543213,3.21431040763855,2.9834370613098145,2.65075421333313,2.3898963928222656,2.1082851886749268,1.828996181488037,1.661577582359314,1.2953901290893555,1.2259777784347534,1.1515682935714722,1.3097585439682007,1.0325356721878052,1.8658605813980103,1.6302889585494995,1.8228694200515747,1.6578505039215088,1.9290369749069214,1.967146396636963,2.241009473800659,2.4416160583496094,2.690653085708618,2.9816503524780273,3.078677177429199,3.441282033920288,3.632105588912964,3.9554429054260254,4.0776686668396,4.331447601318359,3.9761524200439453,3.775015115737915,3.411738157272339,3.265207529067993,2.939528226852417,2.779902696609497,2.5634264945983887,2.399550676345825,2.3741016387939453,2.0371150970458984,2.1166810989379883,1.927191138267517,2.1184892654418945,1.9050753116607666
B1,4.706368923187256,4.39646053314209,4.078648090362549,3.775463342666626,3.5109963417053223,3.165830135345459,2.92421293258667,2.5671780109405518,2.452275037765503,2.133758783340454,1.8745005130767822,1.7491514682769775,1.3708006143569946,1.4332668781280518,1.5185697078704834,0.0,0.38225919008255005,0.686603844165802,0.9585822820663452,1.2656193971633911,1.5843803882598877,1.9047386646270752,2.223720073699951,2.513392925262451,2.83622407913208,3.112727642059326,3.401406764984131,3.6744630336761475,3.9130733013153076,4.018507480621338,4.6210761070251465,4.324288845062256,4.052724838256836,3.6976592540740967,3.5012166500091553,3.125363826751709,2.938822031021118,2.573007583618164,2.4333760738372803,2.1246016025543213,1.8097436428070068,1.7836202383041382,1.4264440536499023,1.6182986497879028,1.526526689529419,0.706855058670044,0.6080582737922668,0.9318294525146484,1.1220887899398804,1.3468258380889893,1.665810227394104,1.8999825716018677,2.250567674636841,2.510014057159424,2.839322566986084,3.0915870666503906,3.3831746578216553,3.6654064655303955,3.895630359649658,4.10601282119751,4.588848114013672,4.2858123779296875,4.048892974853516,3.6769959926605225,3.562227725982666,3.183176040649414,3.0991716384887695,2.7817561626434326,2.715512990951538,2.5246407985687256,2.237588405609131,2.238455295562744,1.875233769416809,2.054781436920166,2.0686793327331543
B2,4.395903587341309,4.082717418670654,3.776210069656372,3.460134506225586,3.2113029956817627,2.8547542095184326,2.631657838821411,2.266162633895874,2.1716127395629883,1.8821942806243896,1.60549795627594,1.5402377843856812,1.1641819477081299,1.3189347982406616,1.3824163675308228,0.38225919008255005,0.0,0.39231231808662415,0.6258678436279297,0.9211262464523315,1.247405767440796,1.554179310798645,1.8828895092010498,2.1561882495880127,2.4903414249420166,2.7604475021362305,3.0458333492279053,3.327693462371826,3.561945676803589,3.6557888984680176,4.315317153930664,4.017660617828369,3.7628378868103027,3.399540901184082,3.222869396209717,2.842280149459839,2.679997205734253,2.3203961849212646,2.2066938877105713,1.9317270517349243,1.614999771118164,1.6614991426467896,1.3487718105316162,1.6159573793411255,1.5400962829589844,0.9266065955162048,0.6700213551521301,0.8726060390472412,0.9516236782073975,1.1312165260314941,1.4155868291854858,1.621301531791687,1.9701120853424072,2.2066092491149902,2.550670862197876,2.78151798248291,3.0746800899505615,3.363103151321411,3.5964653491973877,3.7885546684265137,4.31081485748291,4.000671863555908,3.784005641937256,3.4069488048553467,3.315807342529297,2.942178726196289,2.8850350379943848,2.591475486755371,2.5560522079467773,2.408747911453247,2.1410398483276367,2.20531964302063,1.8738892078399658,2.112104892730713,2.1235294342041016
B3,4.09920072555542,3.7989320755004883,3.487294912338257,3.177090644836426,2.9395041465759277,2.5849528312683105,2.38917875289917,2.0285191535949707,1.9902575016021729,1.7186814546585083,1.4881772994995117,1.4975497722625732,1.162548542022705,1.3907198905944824,1.512895107269287,0.686603844165802,0.39231231808662415,0.0,0.38126781582832336,0.595207691192627,0.9441061615943909,1.2361981868743896,1.5648425817489624,1.848272442817688,2.1618857383728027,2.453160285949707,2.7303433418273926,3.008038282394409,3.2368223667144775,3.3552799224853516,3.9778695106506348,3.6923389434814453,3.433332681655884,3.0746214389801025,2.9075562953948975,2.52738618850708,2.388692855834961,2.028515338897705,1.9616012573242188,1.6949844360351562,1.423549771308899,1.5348844528198242,1.2555099725723267,1.5680941343307495,1.575951337814331,0.9521676301956177,0.6120594143867493,0.621327817440033,0.6295529007911682,0.7480848431587219,1.0377821922302246,1.2340188026428223,1.5872979164123535,1.830055832862854,2.1684043407440186,2.4124667644500732,2.7018215656280518,2.989445209503174,3.2187440395355225,3.421889543533325,3.9459877014160156,3.6438751220703125,3.4257659912109375,3.050969123840332,2.9698734283447266,2.5963878631591797,2.562929153442383,2.27310848236084,2.2759740352630615,2.1376001834869385,1.91093111038208,2.016903877258301,1.7102057933807373,1.9933950901031494,2.0510315895080566
B4,3.771634578704834,3.4613468647003174,3.154284715652466,2.838618516921997,2.595106601715088,2.2373359203338623,2.030622720718384,1.6653382778167725,1.6167775392532349,1.3585392236709595,1.1201043128967285,1.1725276708602905,0.8729135990142822,1.1671110391616821,1.2886465787887573,0.9585822820663452,0.6258678436279297,0.38126781582832336,0.0,0.37723928689956665,0.6299198865890503,0.9707761406898499,1.273043155670166,1.5724573135375977,1.8975404500961304,2.1596314907073975,2.46049427986145,2.7239272594451904,2.97521710395813,3.075183629989624,3.693636417388916,3.3928351402282715,3.1413803100585938,2.7758584022521973,2.605187177658081,2.2233352661132812,2.077317476272583,1.7244113683700562,1.6469802856445312,1.4147993326187134,1.129096508026123,1.293572187423706,1.085019826889038,1.4412661790847778,1.4476591348648071,1.213460087776184,0.8437497615814209,0.808875560760498,0.6173079609870911,0.7426128387451172,0.8959296941757202,1.111846685409546,1.4230666160583496,1.6678324937820435,2.005279064178467,2.2066831588745117,2.5227973461151123,2.7907559871673584,3.048980236053467,3.2295804023742676,3.710496187210083,3.3920326232910156,3.184274196624756,2.8044228553771973,2.7228424549102783,2.356022834777832,2.3170626163482666,2.0530991554260254,2.0520684719085693,1.9662503004074097,1.7380096912384033,1.8945642709732056,1.6363180875778198,1.951611042022705,1.9716087579727173
B5,3.550614356994629,3.2517249584198,2.9544482231140137,2.6314773559570312,2.4222605228424072,2.056912899017334,1.907713770866394,1.5481524467468262,1.5840712785720825,1.39400315284729,1.2001675367355347,1.3580586910247803,1.1308369636535645,1.467341661453247,1.5802011489868164,1.2656193971633911,0.9211262464523315,0.595207691192627,0.37723928689956665,0.0,0.3929603099822998,0.6420154571533203,0.9805117249488831,1.2533552646636963,1.5735033750534058,1.8601399660110474,2.1376335620880127,2.4182112216949463,2.647873640060425,2.7607269287109375,3.427661895751953,3.1431469917297363,2.9069619178771973,2.539867639541626,2.4060134887695312,2.0240368843078613,1.9372961521148682,1.601186990737915,1.6075544357299805,1.4294233322143555,1.217716932296753,1.466111421585083,1.3239178657531738,1.6956493854522705,1.7511482238769531,1.4665387868881226,1.0997523069381714,0.938191831111908,0.6949402093887329,0.6204144358634949,0.6904304623603821,0.8006694316864014,1.1157995462417603,1.3204214572906494,1.6736454963684082,1.873559594154358,2.174543619155884,2.4599575996398926,2.703616142272949,2.8798294067382812,3.433670997619629,3.1218760013580322,2.934145927429199,2.5548806190490723,2.5124988555908203,2.1555325984954834,2.17326283454895,1.9389216899871826,2.005789041519165,1.956189751625061,1.7935454845428467,2.003307342529297,1.7876334190368652,2.132753610610962,2.189850330352783
B6,3.171048641204834,2.867461681365967,2.568836212158203,2.245836019515991,2.0309035778045654,1.6653348207473755,1.5174871683120728,1.16079580783844,1.2297306060791016,1.0853304862976074,0.9505425691604614,1.1923223733901978,1.0743242502212524,1.4355933666229248,1.563998818397522,1.5843803882598877,1.247405767440796,0.9441061615943909,0.6299198865890503,0.3929603099822998,0.0,0.3899821639060974,0.6444368958473206,0.9653523564338684,1.2777677774429321,1.5355918407440186,1.8436888456344604,2.0959298610687256,2.3553919792175293,2.462390184402466,3.0790250301361084,2.7814698219299316,2.546905040740967,2.175626516342163,2.0369508266448975,1.6543042659759521,1.5693131685256958,1.2473902702331543,1.2746849060058594,1.1607147455215454,0.9960693120956421,1.3136945962905884,1.2782608270645142,1.656663179397583,1.738387107849121,1.7328609228134155,1.3625011444091797,1.178725004196167,0.8439940214157104,0.7707414031028748,0.6255841851234436,0.7330405712127686,0.9370892643928528,1.146091341972351,1.4740095138549805,1.6222169399261475,1.95563542842865,2.2069149017333984,2.4849228858947754,2.6429097652435303,3.123375654220581,2.7974932193756104,2.616067409515381,2.233957529067993,2.1900060176849365,1.8432767391204834,1.861940860748291,1.6644943952560425,1.742687463760376,1.757432460784912,1.6222338676452637,1.8864414691925049,1.740593433380127,2.1054015159606934,2.1429359912872314
B7,2.969496011734009,2.6782562732696533,2.4025914669036865,2.067716598510742,1.9085949659347534,1.5389988422393799,1.4819252490997314,1.1582369804382324,1.3273643255233765,1.288771390914917,1.1998354196548462,1.5009762048721313,1.4277170896530151,1.797378659248352,1.8979122638702393,1.9047386646270752,1.554179310798645,1.2361981868743896,0.9707761406898499,0.6420154571533203,0.3899821639060974,0.0,0.3731466829776764,0.6135719418525696,0.9366186261177063,1.220640778541565,1.4970595836639404,1.7788065671920776,2.0096852779388428,2.1217217445373535,2.835130214691162,2.556734800338745,2.3539490699768066,1.981423020362854,1.903295636177063,1.532623291015625,1.5403454303741455,1.2734216451644897,1.4022562503814697,1.372833251953125,1.2890610694885254,1.6393238306045532,1.644219994544983,2.017690420150757,2.115879774093628,2.0562846660614014,1.6918368339538574,1.463810682296753,1.147166132926941,0.9629446864128113,0.7466028332710266,0.6467093229293823,0.764193058013916,0.8562682271003723,1.2014899253845215,1.3144103288650513,1.6278555393218994,1.9014521837234497,2.163325071334839,2.3006811141967773,2.8862617015838623,2.5661487579345703,2.422899007797241,2.045840263366699,2.0630698204040527,1.74580979347229,1.8419017791748047,1.7031315565109253,1.8550163507461548,1.917305588722229,1.8509246110916138,2.148961067199707,2.041288375854492,2.4148311614990234,2.4743034839630127
B8,2.597780227661133,2.3090527057647705,2.031590700149536,1.6997886896133423,1.5500835180282593,1.1871143579483032,1.175583004951477,0.89732426404953,1.151395559310913,1.1986366510391235,1.2085233926773071,1.5519957542419434,1.5693020820617676,1.9275678396224976,2.0440263748168945,2.223720073699951,1.8828895092010498,1.5648425817489624,1.273043155670166,0.9805117249488831,0.6444368958473206,0.3731466829776764,0.0,0.384592741727829,0.6440528631210327,0.9008970260620117,1.2114838361740112,1.452685832977295,1.7166160345077515,1.8364282846450806,2.4744818210601807,2.188298463821411,1.988076090812683,1.612903118133545,1.5446674823760986,1.1810274124145508,1.2297297716140747,1.016508936882019,1.211416244506836,1.2748920917510986,1.279776930809021,1.6564995050430298,1.7435734272003174,2.09818434715271,2.224067449569702,2.324641466140747,1.9645007848739624,1.7207787036895752,1.373587965965271,1.2006970643997192,0.8896762132644653,0.7802723050117493,0.7101060152053833,0.7624818682670593,1.0300912857055664,1.0628950595855713,1.40831458568573,1.6341007947921753,1.931562066078186,2.0504660606384277,2.5555379390716553,2.2241978645324707,2.091407060623169,1.715091586112976,1.7441937923431396,1.4517039060592651,1.571749210357666,1.494562029838562,1.6767524480819702,1.8060567378997803,1.7906230688095093,2.125756025314331,2.0862467288970947,2.4622514247894287,2.515996217727661
B9,2.475093126296997,2.195784330368042,1.9655089378356934,1.6176321506500244,1.5499004125595093,1.2002201080322266,1.2928781509399414,1.077836275100708,1.3652257919311523,1.489974021911621,1.4905034303665161,1.8528196811676025,1.8805079460144043,2.246129035949707,2.3216092586517334,2.513392925262451,2.1561882495880127,1.848272442817688,1.5724573135375977,1.2533552646636963,0.9653523564338684,0.6135719418525696,0.384592741727829,0.0,0.38159245252609253,0.626990795135498,0.8909066915512085,1.1882308721542358,1.4127142429351807,1.5083906650543213,2.335359573364258,2.069744825363159,1.9304473400115967,1.5625756978988647,1.5813981294631958,1.2639437913894653,1.4086108207702637,1.279023289680481,1.512518048286438,1.6279644966125488,1.6455097198486328,2.0241823196411133,2.1197867393493652,2.4759912490844727,2.5884664058685303,2.6584346294403076,2.29658842086792,2.0501930713653564,1.7214481830596924,1.5136712789535522,1.2219985723495483,1.0228136777877808,0.9046799540519714,0.7805870771408081,1.0139433145523071,0.9445026516914368,1.2380306720733643,1.4813250303268433,1.7531249523162842,1.8172807693481445,2.4603688716888428,2.135394811630249,2.067377805709839,1.7126483917236328,1.8179868459701538,1.5848373174667358,1.7699930667877197,1.757024884223938,1.9754481315612793,2.1362287998199463,2.150646448135376,2.4944074153900146,2.467061996459961,2.8431389331817627,2.897357702255249
B10,2.1906089782714844,1.9429997205734253,1.7226544618606567,1.400857925415039,1.393126368522644,1.1007084846496582,1.2926082611083984,1.1770904064178467,1.5232938528060913,1.6892375946044922,1.7602267265319824,2.126410484313965,2.188718318939209,2.542644500732422,2.6428444385528564,2.83622407913208,2.4903414249420166,2.1618857383728027,1.8975404500961304,1.5735033750534058,1.2777677774429321,0.9366186261177063,0.6440528631210327,0.38159245252609253,0.0,0.37482190132141113,0.5908780097961426,0.8577221035957336,1.081547498703003,1.2366665601730347,1.9852139949798584,1.7436847686767578,1.6194790601730347,1.2712833881378174,1.3508023023605347,1.087613582611084,1.3250826597213745,1.2793296575546265,1.5819990634918213,1.7458502054214478,1.8398844003677368,2.2197182178497314,2.349217414855957,2.686563730239868,2.8343780040740967,2.9197213649749756,2.568743944168091,2.290560245513916,1.9606670141220093,1.730942726135254,1.40285062789917,1.1727145910263062,0.9375882744789124,0.7314085364341736,0.818550705909729,0.6306527256965637,0.9152964353561401,1.1200392246246338,1.4061001539230347,1.4576932191848755,2.094902515411377,1.7780824899673462,1.7368706464767456,1.4013363122940063,1.5600031614303589,1.382561445236206,1.6301172971725464,1.6832914352416992,1.9511874914169312,2.1472113132476807,2.2267532348632812,2.5854971408843994,2.6050729751586914,2.9773025512695312,3.0524983406066895
B11,1.8973201513290405,1.6372910737991333,1.4583572149276733,1.1200988292694092,1.175637125968933,0.9199039340019226,1.1877107620239258,1.157220482826233,1.5072112083435059,1.7477234601974487,1.8448487520217896,2.221619129180908,2.335857391357422,2.6783485412597656,2.7556960582733154,3.112727642059326,2.7604475021362305,2.453160285949707,2.1596314907073975,1.8601399660110474,1.5355918407440186,1.220640778541565,0.9008970260620117,0.626990795135498,0.37482190132141113,0.0,0.3764909505844116,0.5815310478210449,0.8648317456245422,0.9495791792869568,1.771030306816101,1.5120571851730347,1.4474648237228394,1.1076313257217407,1.2426562309265137,1.0466277599334717,1.321126103401184,1.362802267074585,1.6556551456451416,1.8845908641815186,1.9933826923370361,2.3694512844085693,2.543276071548462,2.868298292160034,3.001492977142334,3.220792770385742,2.8637101650238037,2.605470657348633,2.259859323501587,2.060689926147461,1.722840428352356,1.5275479555130005,1.285463809967041,1.0967819690704346,1.1210618019104004,0.8412013053894043,1.0718663930892944,1.1794219017028809,1.4767343997955322,1.4452261924743652,1.9999414682388306,1.66838538646698,1.6855300664901733,1.3826788663864136,1.5669183731079102,1.458998203277588,1.7022031545639038,1.8209348917007446,2.072819709777832,2.318084478378296,2.4028728008270264,2.771538019180298,2.824340581893921,3.190062999725342,3.23603892326355
B12,1.874534249305725,1.6659009456634521,1.5504323244094849,1.2556172609329224,1.4035009145736694,1.2192246913909912,1.5288840532302856,1.5290852785110474,1.8799257278442383,2.1240978240966797,2.214900493621826,2.5923283100128174,2.6937613487243652,3.0423338413238525,3.112515687942505,3.401406764984131,3.0458333492279053,2.7303433418273926,2.46049427986145,2.1376335620880127,1.8436888456344604,1.4970595836639404,1.2114838361740112,0.8909066915512085,0.5908780097961426,0.3764909505844116,0.0,0.38662979006767273,0.5288698673248291,0.6488895416259766,1.6645549535751343,1.4709473848342896,1.4799376726150513,1.2028470039367676,1.4245336055755615,1.3021605014801025,1.623186707496643,1.6941804885864258,2.0083296298980713,2.235898494720459,2.355706214904785,2.7328274250030518,2.8968493938446045,3.224437952041626,3.3649299144744873,3.5089659690856934,3.155989170074463,2.880333662033081,2.5511715412139893,2.3183834552764893,1.9912161827087402,1.7461591958999634,1.4884449243545532,1.2228896617889404,1.184822678565979,0.8510398864746094,0.942739725112915,1.0349656343460083,1.2668545246124268,1.164685606956482,1.889877438545227,1.5960553884506226,1.6852866411209106,1.4382166862487793,1.6928186416625977,1.6446224451065063,1.9358789920806885,2.082167625427246,2.3649401664733887,2.6095173358917236,2.7235772609710693,3.0921883583068848,3.14811372756958,3.5144100189208984,3.5791568756103516
B13,1.5016192197799683,1.3204020261764526,1.2331962585449219,0.9899633526802063,1.2115947008132935,1.132298231124878,1.4944398403167725,1.5870157480239868,1.946641445159912,2.2213330268859863,2.3673954010009766,2.73970890045166,2.8839142322540283,3.2133820056915283,3.3009302616119385,3.6744630336761475,3.327693462371826,3.008038282394409,2.7239272594451904,2.4182112216949463,2.0959298610687256,1.7788065671920776,1.452685832977295,1.1882308721542358,0.8577221035957336,0.5815310478210449,0.38662979006767273,0.0,0.3796127140522003,0.5409119129180908,1.290404200553894,1.0991860628128052,1.1561365127563477,0.9321300387382507,1.2175307273864746,1.198266625404358,1.5544620752334595,1.7072169780731201,2.032421827316284,2.3027851581573486,2.4708352088928223,2.8364288806915283,3.0404744148254395,3.343388795852661,3.501330852508545,3.741953134536743,3.394235610961914,3.113813638687134,2.7721941471099854,2.556957960128784,2.2048521041870117,1.9893280267715454,1.6904302835464478,1.4584230184555054,1.3386362791061401,0.9667617082595825,1.0331226587295532,0.975492000579834,1.23092520236969,1.0868101119995117,1.5875229835510254,1.2884317636489868,1.4263361692428589,1.233188271522522,1.512029767036438,1.5461235046386719,1.842678427696228,2.052445411682129,2.3366591930389404,2.6178736686706543,2.766552686691284,3.139639377593994,3.2417001724243164,3.5955495834350586,3.6557564735412598
