0.000000000000000000e+00,3.805680871009826660e-01,6.709294915199279785e-01,9.646979570388793945e-01,1.269140243530273438e+00,1.591796875000000000e+00,1.864988565444946289e+00,2.206849575042724609e+00,2.505128622055053711e+00,2.785936355590820312e+00,3.031163215637207031e+00,3.332811355590820312e+00,3.519997358322143555e+00,3.789893150329589844e+00,4.029964923858642578e+00,3.565298557281494141e+00,3.344374895095825195e+00,3.117213249206542969e+00,2.767087697982788086e+00,2.634713888168334961e+00,2.232852935791015625e+00,2.178034305572509766e+00,1.837599158287048340e+00,1.761666536331176758e+00,1.524572610855102539e+00,1.348726272583007812e+00,1.449873447418212891e+00,1.163457632064819336e+00,1.498487949371337891e+00,1.372441649436950684e+00,1.249451279640197754e+00,1.011344671249389648e+00,1.302075743675231934e+00,1.262787580490112305e+00,1.436387777328491211e+00,1.633655071258544922e+00,1.753290891647338867e+00,2.094505548477172852e+00,2.226220846176147461e+00,2.584233760833740234e+00,2.717505693435668945e+00,2.997818231582641602e+00,3.298086881637573242e+00,3.468743801116943359e+00,3.779032230377197266e+00,2.970618486404418945e+00,2.852246284484863281e+00,2.471670150756835938e+00,2.364679813385009766e+00,2.196162700653076172e+00,2.077088832855224609e+00,2.128091573715209961e+00,1.970402956008911133e+00,2.221663475036621094e+00,2.113892316818237305e+00,2.474498748779296875e+00,2.469647169113159180e+00,2.528506040573120117e+00,2.619889736175537109e+00,2.972112655639648438e+00,2.876481533050537109e+00,2.798944473266601562e+00,2.783885002136230469e+00,2.508576631546020508e+00,2.757695913314819336e+00,2.587343692779541016e+00,2.854308605194091797e+00,2.868967294692993164e+00,3.089486837387084961e+00,3.164893388748168945e+00,3.187090396881103516e+00,3.523454427719116211e+00,3.459172487258911133e+00,3.835440874099731445e+00,3.895649194717407227e+00
3.805680871009826660e-01,0.000000000000000000e+00,3.889950513839721680e-01,6.093614101409912109e-01,9.132303595542907715e-01,1.237044930458068848e+00,1.495182514190673828e+00,1.846787333488464355e+00,2.133718729019165039e+00,2.424861192703247070e+00,2.663047075271606445e+00,2.965893030166625977e+00,3.162356376647949219e+00,3.429680347442626953e+00,3.665687561035156250e+00,3.261166334152221680e+00,3.020523309707641602e+00,2.804894208908081055e+00,2.445745944976806641e+00,2.312209129333496094e+00,1.913498520851135254e+00,1.850451827049255371e+00,1.533485531806945801e+00,1.459313154220581055e+00,1.276075720787048340e+00,1.104133486747741699e+00,1.293956875801086426e+00,1.086103796958923340e+00,1.465820670127868652e+00,1.420864462852478027e+00,1.363668203353881836e+00,1.049342989921569824e+00,1.258232712745666504e+00,1.104190826416015625e+00,1.263671159744262695e+00,1.380022644996643066e+00,1.501056075096130371e+00,1.813061118125915527e+00,1.946350693702697754e+00,2.297834634780883789e+00,2.407215118408203125e+00,2.707199096679687500e+00,2.996304988861083984e+00,3.191013574600219727e+00,3.488143682479858398e+00,2.785114765167236328e+00,2.666151523590087891e+00,2.301224470138549805e+00,2.159537553787231445e+00,2.030734539031982422e+00,1.880034565925598145e+00,1.978270530700683594e+00,1.809903621673583984e+00,2.089481115341186523e+00,1.978330492973327637e+00,2.332133293151855469e+00,2.367696523666381836e+00,2.392609119415283203e+00,2.531592845916748047e+00,2.866329431533813477e+00,2.603910684585571289e+00,2.548326253890991211e+00,2.505614757537841797e+00,2.245284318923950195e+00,2.498754262924194336e+00,2.331959962844848633e+00,2.622721433639526367e+00,2.635426282882690430e+00,2.885145902633666992e+00,2.953364372253417969e+00,3.013538599014282227e+00,3.341236591339111328e+00,3.290903806686401367e+00,3.661090373992919922e+00,3.753665685653686523e+00
6.709294915199279785e-01,3.889950513839721680e-01,0.000000000000000000e+00,4.018119573593139648e-01,6.300947666168212891e-01,9.637240767478942871e-01,1.242012143135070801e+00,1.564737200736999512e+00,1.882780075073242188e+00,2.142727375030517578e+00,2.412310838699340820e+00,2.696578979492187500e+00,2.882639408111572266e+00,3.142304182052612305e+00,3.397263526916503906e+00,2.971108675003051758e+00,2.743771791458129883e+00,2.552797794342041016e+00,2.184408664703369141e+00,2.100259780883789062e+00,1.704396367073059082e+00,1.708081007003784180e+00,1.424983024597167969e+00,1.440038442611694336e+00,1.309492826461791992e+00,1.230314254760742188e+00,1.478622555732727051e+00,1.313468098640441895e+00,1.703559875488281250e+00,1.716223478317260742e+00,1.332769632339477539e+00,9.790098071098327637e-01,1.071983575820922852e+00,8.662166595458984375e-01,9.367191791534423828e-01,1.036271214485168457e+00,1.120058178901672363e+00,1.442624092102050781e+00,1.568869471549987793e+00,1.923695325851440430e+00,2.050328731536865234e+00,2.340660810470581055e+00,2.632641792297363281e+00,2.817717552185058594e+00,3.122433662414550781e+00,2.399568319320678711e+00,2.289088010787963867e+00,1.929467916488647461e+00,1.798635363578796387e+00,1.699762940406799316e+00,1.580088973045349121e+00,1.727634429931640625e+00,1.615380764007568359e+00,1.936018586158752441e+00,1.885881185531616211e+00,2.246653556823730469e+00,2.342742919921875000e+00,2.391147375106811523e+00,2.574886798858642578e+00,2.897470712661743164e+00,2.550382852554321289e+00,2.470794677734375000e+00,2.373971939086914062e+00,2.088222980499267578e+00,2.299019098281860352e+00,2.085657596588134766e+00,2.362962245941162109e+00,2.333593845367431641e+00,2.578846454620361328e+00,2.617478370666503906e+00,2.678506851196289062e+00,2.994281530380249023e+00,2.930659770965576172e+00,3.299997806549072266e+00,3.402821302413940430e+00
9.646979570388793945e-01,6.093614101409912109e-01,4.018119573593139648e-01,0.000000000000000000e+00,3.848717510700225830e-01,6.325946450233459473e-01,9.254735112190246582e-01,1.252638101577758789e+00,1.552621603012084961e+00,1.829120993614196777e+00,2.068179130554199219e+00,2.374898195266723633e+00,2.557706117630004883e+00,2.833071231842041016e+00,3.066324234008789062e+00,2.670659780502319336e+00,2.419378757476806641e+00,2.219223737716674805e+00,1.850939154624938965e+00,1.737565636634826660e+00,1.344116687774658203e+00,1.319413423538208008e+00,1.054758429527282715e+00,1.072730541229248047e+00,1.006677150726318359e+00,9.666519165039062500e-01,1.277091979980468750e+00,1.209101796150207520e+00,1.596513152122497559e+00,1.686961889266967773e+00,1.488733291625976562e+00,1.119972229003906250e+00,1.147020697593688965e+00,8.264880180358886719e-01,9.324942231178283691e-01,8.893676996231079102e-01,1.037541985511779785e+00,1.285891771316528320e+00,1.457056403160095215e+00,1.778274178504943848e+00,1.883320808410644531e+00,2.212800979614257812e+00,2.469134092330932617e+00,2.701765298843383789e+00,2.985761642456054688e+00,2.381764888763427734e+00,2.243484735488891602e+00,1.911469817161560059e+00,1.708291411399841309e+00,1.636648654937744141e+00,1.440880298614501953e+00,1.611561536788940430e+00,1.453479647636413574e+00,1.773907542228698730e+00,1.694977164268493652e+00,2.029492378234863281e+00,2.150331974029541016e+00,2.152565240859985352e+00,2.373089075088500977e+00,2.670770168304443359e+00,2.182801961898803711e+00,2.126915693283081055e+00,2.018442630767822266e+00,1.759563088417053223e+00,1.990159273147583008e+00,1.809739828109741211e+00,2.120250701904296875e+00,2.121885538101196289e+00,2.404432058334350586e+00,2.463450431823730469e+00,2.574528217315673828e+00,2.887411355972290039e+00,2.864731073379516602e+00,3.220483303070068359e+00,3.354047775268554688e+00
1.269140243530273438e+00,9.132303595542907715e-01,6.300947666168212891e-01,3.848717510700225830e-01,0.000000000000000000e+00,4.043685793876647949e-01,6.152996420860290527e-01,9.548050761222839355e-01,1.258956670761108398e+00,1.531991720199584961e+00,1.801935195922851562e+00,2.077890872955322266e+00,2.285337924957275391e+00,2.533151865005493164e+00,2.788142681121826172e+00,2.501884937286376953e+00,2.236782550811767578e+00,2.089928865432739258e+00,1.703858137130737305e+00,1.646765947341918945e+00,1.284465193748474121e+00,1.305482029914855957e+00,1.143119812011718750e+00,1.209900736808776855e+00,1.251686096191406250e+00,1.238583326339721680e+00,1.587505459785461426e+00,1.568323016166687012e+00,1.949614167213439941e+00,2.055701971054077148e+00,1.780363082885742188e+00,1.409578919410705566e+00,1.356325387954711914e+00,1.008071541786193848e+00,9.773728847503662109e-01,8.157159686088562012e-01,8.479276895523071289e-01,1.039093971252441406e+00,1.148714303970336914e+00,1.471507668495178223e+00,1.534039974212646484e+00,1.864649653434753418e+00,2.128073215484619141e+00,2.361937761306762695e+00,2.635103225708007812e+00,2.165814876556396484e+00,2.066754102706909180e+00,1.769469261169433594e+00,1.578916311264038086e+00,1.595245242118835449e+00,1.435454010963439941e+00,1.684478759765625000e+00,1.586269497871398926e+00,1.933123707771301270e+00,1.899204134941101074e+00,2.214637517929077148e+00,2.385720014572143555e+00,2.378789186477661133e+00,2.636115789413452148e+00,2.909614562988281250e+00,2.255854129791259766e+00,2.218464136123657227e+00,2.049217700958251953e+00,1.805456280708312988e+00,1.994492650032043457e+00,1.782417535781860352e+00,2.090937614440917969e+00,2.041064023971557617e+00,2.335709095001220703e+00,2.345186471939086914e+00,2.482562780380249023e+00,2.763583421707153320e+00,2.724194526672363281e+00,3.069282531738281250e+00,3.234917163848876953e+00
1.591796875000000000e+00,1.237044930458068848e+00,9.637240767478942871e-01,6.325946450233459473e-01,4.043685793876647949e-01,0.000000000000000000e+00,3.782059252262115479e-01,6.268485188484191895e-01,9.505205750465393066e-01,1.200403332710266113e+00,1.453503966331481934e+00,1.752164602279663086e+00,1.928558707237243652e+00,2.202664852142333984e+00,2.441016674041748047e+00,2.113296747207641602e+00,1.840189456939697266e+00,1.688685297966003418e+00,1.302587270736694336e+00,1.249903559684753418e+00,9.027794003486633301e-01,9.660750627517700195e-01,8.824812769889831543e-01,1.037924289703369141e+00,1.161948800086975098e+00,1.251484155654907227e+00,1.606612920761108398e+00,1.655564308166503906e+00,2.005990028381347656e+00,2.176504135131835938e+00,1.893111467361450195e+00,1.534558415412902832e+00,1.406897544860839844e+00,1.016661047935485840e+00,9.825793504714965820e-01,6.835263967514038086e-01,7.818574309349060059e-01,8.431336879730224609e-01,1.031719565391540527e+00,1.281697988510131836e+00,1.353411674499511719e+00,1.715229868888854980e+00,1.923453092575073242e+00,2.202266454696655273e+00,2.459305763244628906e+00,2.053548097610473633e+00,1.915452480316162109e+00,1.658229351043701172e+00,1.398151993751525879e+00,1.444822788238525391e+00,1.228802084922790527e+00,1.501811385154724121e+00,1.398654699325561523e+00,1.736734390258789062e+00,1.715138554573059082e+00,1.991697072982788086e+00,2.206385850906372070e+00,2.181048393249511719e+00,2.477361202239990234e+00,2.716659069061279297e+00,1.949766159057617188e+00,1.907625436782836914e+00,1.699120283126831055e+00,1.467802405357360840e+00,1.637120127677917480e+00,1.435333251953125000e+00,1.757994532585144043e+00,1.723177790641784668e+00,2.043750286102294922e+00,2.068387985229492188e+00,2.249325990676879883e+00,2.522307157516479492e+00,2.525228023529052734e+00,2.851680040359497070e+00,3.041000366210937500e+00
1.864988565444946289e+00,1.495182514190673828e+00,1.242012143135070801e+00,9.254735112190246582e-01,6.152996420860290527e-01,3.782059252262115479e-01,0.000000000000000000e+00,3.989518582820892334e-01,6.466755270957946777e-01,9.505574107170104980e-01,1.201352715492248535e+00,1.477188348770141602e+00,1.707791805267333984e+00,1.948443531990051270e+00,2.192071199417114258e+00,2.082311630249023438e+00,1.772058129310607910e+00,1.681989669799804688e+00,1.297994613647460938e+00,1.272167086601257324e+00,1.008032321929931641e+00,1.043879389762878418e+00,1.080915689468383789e+00,1.195618271827697754e+00,1.402983069419860840e+00,1.459124207496643066e+00,1.834769845008850098e+00,1.928699851036071777e+00,2.270778894424438477e+00,2.445183753967285156e+00,2.267673969268798828e+00,1.906366348266601562e+00,1.778693079948425293e+00,1.391267657279968262e+00,1.320966482162475586e+00,9.905297160148620605e-01,9.880716204643249512e-01,9.375635981559753418e-01,1.024158239364624023e+00,1.226773977279663086e+00,1.191023468971252441e+00,1.563389778137207031e+00,1.756049394607543945e+00,2.056723833084106445e+00,2.275874614715576172e+00,2.125640153884887695e+00,2.031364202499389648e+00,1.827636361122131348e+00,1.581330776214599609e+00,1.702090740203857422e+00,1.508075118064880371e+00,1.810672521591186523e+00,1.724047422409057617e+00,2.051382064819335938e+00,2.027424812316894531e+00,2.271514415740966797e+00,2.498910903930664062e+00,2.437446832656860352e+00,2.748942613601684570e+00,2.962659597396850586e+00,2.025678396224975586e+00,2.039139747619628906e+00,1.800673127174377441e+00,1.632908105850219727e+00,1.784862995147705078e+00,1.605561017990112305e+00,1.928495287895202637e+00,1.873490214347839355e+00,2.207834720611572266e+00,2.197457313537597656e+00,2.414916038513183594e+00,2.649272441864013672e+00,2.649726390838623047e+00,2.953135728836059570e+00,3.177732467651367188e+00
2.206849575042724609e+00,1.846787333488464355e+00,1.564737200736999512e+00,1.252638101577758789e+00,9.548050761222839355e-01,6.268485188484191895e-01,3.989518582820892334e-01,0.000000000000000000e+00,3.768686354160308838e-01,5.793791413307189941e-01,8.687858581542968750e-01,1.133506417274475098e+00,1.332018852233886719e+00,1.583438992500305176e+00,1.835451245307922363e+00,1.717420339584350586e+00,1.407247900962829590e+00,1.366104245185852051e+00,9.910025596618652344e-01,1.052127122879028320e+00,8.876866698265075684e-01,1.021732568740844727e+00,1.169346094131469727e+00,1.365414500236511230e+00,1.606304883956909180e+00,1.733753561973571777e+00,2.093567609786987305e+00,2.209172487258911133e+00,2.530197620391845703e+00,2.736717462539672852e+00,2.450907230377197266e+00,2.107493162155151367e+00,1.916158199310302734e+00,1.535098671913146973e+00,1.420583844184875488e+00,1.035918951034545898e+00,1.012440919876098633e+00,8.120740652084350586e-01,9.095763564109802246e-01,9.920965433120727539e-01,9.463290572166442871e-01,1.328220963478088379e+00,1.456514239311218262e+00,1.792218565940856934e+00,1.991842150688171387e+00,1.943334579467773438e+00,1.839535713195800781e+00,1.701480150222778320e+00,1.431495428085327148e+00,1.612819433212280273e+00,1.428052663803100586e+00,1.756459951400756836e+00,1.715820312500000000e+00,2.028030872344970703e+00,2.049051761627197266e+00,2.251795053482055664e+00,2.525397300720214844e+00,2.468981027603149414e+00,2.809335947036743164e+00,2.988513708114624023e+00,1.972710609436035156e+00,1.969874382019042969e+00,1.674192309379577637e+00,1.523822307586669922e+00,1.602896928787231445e+00,1.410801649093627930e+00,1.707352161407470703e+00,1.623986005783081055e+00,1.962556004524230957e+00,1.930330753326416016e+00,2.184827566146850586e+00,2.386194467544555664e+00,2.409294605255126953e+00,2.684528589248657227e+00,2.936484098434448242e+00
2.505128622055053711e+00,2.133718729019165039e+00,1.882780075073242188e+00,1.552621603012084961e+00,1.258956670761108398e+00,9.505205750465393066e-01,6.466755270957946777e-01,3.768686354160308838e-01,0.000000000000000000e+00,3.796942830085754395e-01,5.723512768745422363e-01,8.406724333763122559e-01,1.098749876022338867e+00,1.328244805335998535e+00,1.554999351501464844e+00,1.694965124130249023e+00,1.344648957252502441e+00,1.358677625656127930e+00,1.035068869590759277e+00,1.085574507713317871e+00,1.036641240119934082e+00,1.107686877250671387e+00,1.343327522277832031e+00,1.495697379112243652e+00,1.793359756469726562e+00,1.907101392745971680e+00,2.267114639282226562e+00,2.429809093475341797e+00,2.729635238647460938e+00,2.951521158218383789e+00,2.801235914230346680e+00,2.456947565078735352e+00,2.276378393173217773e+00,1.889882802963256836e+00,1.794048428535461426e+00,1.407057166099548340e+00,1.382352471351623535e+00,1.149977922439575195e+00,1.196857571601867676e+00,1.202560186386108398e+00,1.058702230453491211e+00,1.417209148406982422e+00,1.480329632759094238e+00,1.844986557960510254e+00,1.981251120567321777e+00,2.193007469177246094e+00,2.106929540634155273e+00,2.015777587890625000e+00,1.744868516921997070e+00,1.947707533836364746e+00,1.752074360847473145e+00,2.069981575012207031e+00,2.011834144592285156e+00,2.296028614044189453e+00,2.294442176818847656e+00,2.456623315811157227e+00,2.730280876159667969e+00,2.631086111068725586e+00,2.980321168899536133e+00,3.127493619918823242e+00,1.963674187660217285e+00,2.020222663879394531e+00,1.715517997741699219e+00,1.648413658142089844e+00,1.723323822021484375e+00,1.594261646270751953e+00,1.887129664421081543e+00,1.824158430099487305e+00,2.169227600097656250e+00,2.134388208389282227e+00,2.422800302505493164e+00,2.591418266296386719e+00,2.635729551315307617e+00,2.878161907196044922e+00,3.156540155410766602e+00
2.785936355590820312e+00,2.424861192703247070e+00,2.142727375030517578e+00,1.829120993614196777e+00,1.531991720199584961e+00,1.200403332710266113e+00,9.505574107170104980e-01,5.793791413307189941e-01,3.796942830085754395e-01,0.000000000000000000e+00,3.798548877239227295e-01,5.646113157272338867e-01,7.694153189659118652e-01,1.004862546920776367e+00,1.262365221977233887e+00,1.402980804443359375e+00,1.071331501007080078e+00,1.174457550048828125e+00,9.022527337074279785e-01,1.071947932243347168e+00,1.125166416168212891e+00,1.282915711402893066e+00,1.553518772125244141e+00,1.763291954994201660e+00,2.053104877471923828e+00,2.211440086364746094e+00,2.557835102081298828e+00,2.715432405471801758e+00,3.007511615753173828e+00,3.243309020996093750e+00,2.960581779479980469e+00,2.633528709411621094e+00,2.406120538711547852e+00,2.038601398468017578e+00,1.902248859405517578e+00,1.505134820938110352e+00,1.453758358955383301e+00,1.142879009246826172e+00,1.176266431808471680e+00,1.062453508377075195e+00,9.149481654167175293e-01,1.235130906105041504e+00,1.214726090431213379e+00,1.601053476333618164e+00,1.711790919303894043e+00,2.025679349899291992e+00,1.942417383193969727e+00,1.919356822967529297e+00,1.654690146446228027e+00,1.904578924179077148e+00,1.743236184120178223e+00,2.071596384048461914e+00,2.067065954208374023e+00,2.336216211318969727e+00,2.383421182632446289e+00,2.516688823699951172e+00,2.825016736984252930e+00,2.746342420578002930e+00,3.110829114913940430e+00,3.234101533889770508e+00,2.067327976226806641e+00,2.091969966888427734e+00,1.746641516685485840e+00,1.684004068374633789e+00,1.675020217895507812e+00,1.526096105575561523e+00,1.764442443847656250e+00,1.660068154335021973e+00,1.986011266708374023e+00,1.917444944381713867e+00,2.228327989578247070e+00,2.353902339935302734e+00,2.411015033721923828e+00,2.619644165039062500e+00,2.920114517211914062e+00
3.031163215637207031e+00,2.663047075271606445e+00,2.412310838699340820e+00,2.068179130554199219e+00,1.801935195922851562e+00,1.453503966331481934e+00,1.201352715492248535e+00,8.687858581542968750e-01,5.723512768745422363e-01,3.798548877239227295e-01,0.000000000000000000e+00,3.836912214756011963e-01,5.757050514221191406e-01,8.469380140304565430e-01,1.011637091636657715e+00,1.346921563148498535e+00,9.797807931900024414e-01,1.102105021476745605e+00,9.222624897956848145e-01,1.037197589874267578e+00,1.196582317352294922e+00,1.294530630111694336e+00,1.627418756484985352e+00,1.809690237045288086e+00,2.135810613632202148e+00,2.302710771560668945e+00,2.632041215896606445e+00,2.834088325500488281e+00,3.093438386917114258e+00,3.353375196456909180e+00,3.202326297760009766e+00,2.880687236785888672e+00,2.664203643798828125e+00,2.290411472320556641e+00,2.196436405181884766e+00,1.797784090042114258e+00,1.794118165969848633e+00,1.490245699882507324e+00,1.552553534507751465e+00,1.422707915306091309e+00,1.272134542465209961e+00,1.561979413032531738e+00,1.481622695922851562e+00,1.875056505203247070e+00,1.932772636413574219e+00,2.353443145751953125e+00,2.250032424926757812e+00,2.243923902511596680e+00,1.953768730163574219e+00,2.182808399200439453e+00,1.981758236885070801e+00,2.277820348739624023e+00,2.236463308334350586e+00,2.465275287628173828e+00,2.481646060943603516e+00,2.566351413726806641e+00,2.868886947631835938e+00,2.748324394226074219e+00,3.117330074310302734e+00,3.202762365341186523e+00,1.926657438278198242e+00,1.999088406562805176e+00,1.657845616340637207e+00,1.681822896003723145e+00,1.675705552101135254e+00,1.612927436828613281e+00,1.850570201873779297e+00,1.803862690925598145e+00,2.134757757186889648e+00,2.101924180984497070e+00,2.438086509704589844e+00,2.551454305648803711e+00,2.650991678237915039e+00,2.830580234527587891e+00,3.140041828155517578e+00
3.332811355590820312e+00,2.965893030166625977e+00,2.696578979492187500e+00,2.374898195266723633e+00,2.077890872955322266e+00,1.752164602279663086e+00,1.477188348770141602e+00,1.133506417274475098e+00,8.406724333763122559e-01,5.646113157272338867e-01,3.836912214756011963e-01,0.000000000000000000e+00,3.842724263668060303e-01,5.028626322746276855e-01,7.326318025588989258e-01,1.402534127235412598e+00,1.085818529129028320e+00,1.314158201217651367e+00,1.194299340248107910e+00,1.373529195785522461e+00,1.552244663238525391e+00,1.674857616424560547e+00,2.002661228179931641e+00,2.189159870147705078e+00,2.511831521987915039e+00,2.671352863311767578e+00,3.007441759109497070e+00,3.201499700546264648e+00,3.469548702239990234e+00,3.722921848297119141e+00,3.508382320404052734e+00,3.187098503112792969e+00,2.953145980834960938e+00,2.588939666748046875e+00,2.454741477966308594e+00,2.057353973388671875e+00,1.999010682106018066e+00,1.665005564689636230e+00,1.658431768417358398e+00,1.465474963188171387e+00,1.256135940551757812e+00,1.469629287719726562e+00,1.321671605110168457e+00,1.703921318054199219e+00,1.696506857872009277e+00,2.364055871963500977e+00,2.306107521057128906e+00,2.356395244598388672e+00,2.107449293136596680e+00,2.381164312362670898e+00,2.229033946990966797e+00,2.542028188705444336e+00,2.542454719543457031e+00,2.774892807006835938e+00,2.820302486419677734e+00,2.900300741195678711e+00,3.216618299484252930e+00,3.107354402542114258e+00,3.479846954345703125e+00,3.556374311447143555e+00,2.274913311004638672e+00,2.344510316848754883e+00,1.992961525917053223e+00,2.019843816757202148e+00,1.969209790229797363e+00,1.885016679763793945e+00,2.075942993164062500e+00,1.980708956718444824e+00,2.279854536056518555e+00,2.195297718048095703e+00,2.534876823425292969e+00,2.595160722732543945e+00,2.679171562194824219e+00,2.822273254394531250e+00,3.154579162597656250e+00
3.519997358322143555e+00,3.162356376647949219e+00,2.882639408111572266e+00,2.557706117630004883e+00,2.285337924957275391e+00,1.928558707237243652e+00,1.707791805267333984e+00,1.332018852233886719e+00,1.098749876022338867e+00,7.694153189659118652e-01,5.757050514221191406e-01,3.842724263668060303e-01,0.000000000000000000e+00,3.804767429828643799e-01,5.439503788948059082e-01,1.080781936645507812e+00,8.053013682365417480e-01,1.103753566741943359e+00,1.090439319610595703e+00,1.318729758262634277e+00,1.571660280227661133e+00,1.737635850906372070e+00,2.080704927444458008e+00,2.307278394699096680e+00,2.618555307388305664e+00,2.823020219802856445e+00,3.136524438858032227e+00,3.332414150238037109e+00,3.581179618835449219e+00,3.854177951812744141e+00,3.567039251327514648e+00,3.268537282943725586e+00,3.006431341171264648e+00,2.661435842514038086e+00,2.528583765029907227e+00,2.136569738388061523e+00,2.104955196380615234e+00,1.749463677406311035e+00,1.787238121032714844e+00,1.543389558792114258e+00,1.404140233993530273e+00,1.584653854370117188e+00,1.372566342353820801e+00,1.748177289962768555e+00,1.731031775474548340e+00,2.338503599166870117e+00,2.247310876846313477e+00,2.338105678558349609e+00,2.075928926467895508e+00,2.346283435821533203e+00,2.196019411087036133e+00,2.484823942184448242e+00,2.506071329116821289e+00,2.703194618225097656e+00,2.774754047393798828e+00,2.815448760986328125e+00,3.150615215301513672e+00,3.053649902343750000e+00,3.432189226150512695e+00,3.480257987976074219e+00,2.233462572097778320e+00,2.269279956817626953e+00,1.902239680290222168e+00,1.943698644638061523e+00,1.829420208930969238e+00,1.763601899147033691e+00,1.900456309318542480e+00,1.810021281242370605e+00,2.083620309829711914e+00,2.007459640502929688e+00,2.362855672836303711e+00,2.395618677139282227e+00,2.519818067550659180e+00,2.626673936843872070e+00,2.964173555374145508e+00
3.789893150329589844e+00,3.429680347442626953e+00,3.142304182052612305e+00,2.833071231842041016e+00,2.533151865005493164e+00,2.202664852142333984e+00,1.948443531990051270e+00,1.583438992500305176e+00,1.328244805335998535e+00,1.004862546920776367e+00,8.469380140304565430e-01,5.028626322746276855e-01,3.804767429828643799e-01,0.000000000000000000e+00,3.713609874248504639e-01,1.356783390045166016e+00,1.142505526542663574e+00,1.469174861907958984e+00,1.461097955703735352e+00,1.696292519569396973e+00,1.933261036872863770e+00,2.092051029205322266e+00,2.430311918258666992e+00,2.642772436141967773e+00,2.959291458129882812e+00,3.143112182617187500e+00,3.468955516815185547e+00,3.662027120590209961e+00,3.921889543533325195e+00,4.185273170471191406e+00,3.883811950683593750e+00,3.578786849975585938e+00,3.314486980438232422e+00,2.970871925354003906e+00,2.811172485351562500e+00,2.421187400817871094e+00,2.344053030014038086e+00,1.981178879737854004e+00,1.954218745231628418e+00,1.685533046722412109e+00,1.487330436706542969e+00,1.594844818115234375e+00,1.338749289512634277e+00,1.680501222610473633e+00,1.587077975273132324e+00,2.452553749084472656e+00,2.413462638854980469e+00,2.540055036544799805e+00,2.320203065872192383e+00,2.621036529541015625e+00,2.507682800292968750e+00,2.812328338623046875e+00,2.855243206024169922e+00,3.063407182693481445e+00,3.145027875900268555e+00,3.192209005355834961e+00,3.529218435287475586e+00,3.433540344238281250e+00,3.811853647232055664e+00,3.859335899353027344e+00,2.593202114105224609e+00,2.643431663513183594e+00,2.279381275177001953e+00,2.323541402816772461e+00,2.203833103179931641e+00,2.123284816741943359e+00,2.240909337997436523e+00,2.116674423217773438e+00,2.364274740219116211e+00,2.244647026062011719e+00,2.590474605560302734e+00,2.580398797988891602e+00,2.678409814834594727e+00,2.755362033843994141e+00,3.108454942703247070e+00
4.029964923858642578e+00,3.665687561035156250e+00,3.397263526916503906e+00,3.066324234008789062e+00,2.788142681121826172e+00,2.441016674041748047e+00,2.192071199417114258e+00,1.835451245307922363e+00,1.554999351501464844e+00,1.262365221977233887e+00,1.011637091636657715e+00,7.326318025588989258e-01,5.439503788948059082e-01,3.713609874248504639e-01,0.000000000000000000e+00,1.400599002838134766e+00,1.200660228729248047e+00,1.520038843154907227e+00,1.586387872695922852e+00,1.779911637306213379e+00,2.068303346633911133e+00,2.194586753845214844e+00,2.558145523071289062e+00,2.755378961563110352e+00,3.086337566375732422e+00,3.279544591903686523e+00,3.587399005889892578e+00,3.808284521102905273e+00,4.041238784790039062e+00,4.322405338287353516e+00,4.106014251708984375e+00,3.807020902633666992e+00,3.548538446426391602e+00,3.201566696166992188e+00,3.072064876556396484e+00,2.679403543472290039e+00,2.638808727264404297e+00,2.280560970306396484e+00,2.287212371826171875e+00,2.025563716888427734e+00,1.844949364662170410e+00,1.963701367378234863e+00,1.701359510421752930e+00,2.036229610443115234e+00,1.925760149955749512e+00,2.776167869567871094e+00,2.711369514465332031e+00,2.838856697082519531e+00,2.594501972198486328e+00,2.873339414596557617e+00,2.729012250900268555e+00,3.007220268249511719e+00,3.024317979812622070e+00,3.199472904205322266e+00,3.260927677154541016e+00,3.268842935562133789e+00,3.598706007003784180e+00,3.476137638092041016e+00,3.852632045745849609e+00,3.866485357284545898e+00,2.558022022247314453e+00,2.634795188903808594e+00,2.286516666412353516e+00,2.389189720153808594e+00,2.267070531845092773e+00,2.248655557632446289e+00,2.358286619186401367e+00,2.281640768051147461e+00,2.526520013809204102e+00,2.443015813827514648e+00,2.800790786743164062e+00,2.786384582519531250e+00,2.921516656875610352e+00,2.976197719573974609e+00,3.327584505081176758e+00
3.565298557281494141e+00,3.261166334152221680e+00,2.971108675003051758e+00,2.670659780502319336e+00,2.501884937286376953e+00,2.113296747207641602e+00,2.082311630249023438e+00,1.717420339584350586e+00,1.694965124130249023e+00,1.402980804443359375e+00,1.346921563148498535e+00,1.402534127235412598e+00,1.080781936645507812e+00,1.356783390045166016e+00,1.400599002838134766e+00,0.000000000000000000e+00,3.871733248233795166e-01,5.908159613609313965e-01,8.657608032226562500e-01,1.155496239662170410e+00,1.463546037673950195e+00,1.744123458862304688e+00,2.023130655288696289e+00,2.349590539932250977e+00,2.566572427749633789e+00,2.877902030944824219e+00,3.111260175704956055e+00,3.268640995025634766e+00,3.466590881347656250e+00,3.766785383224487305e+00,3.232647180557250977e+00,3.018732547760009766e+00,2.700014591217041016e+00,2.443037033081054688e+00,2.339425325393676758e+00,2.020045518875122070e+00,2.093539476394653320e+00,1.770092487335205078e+00,1.964152336120605469e+00,1.708799839019775391e+00,1.813226103782653809e+00,1.975037455558776855e+00,1.770915746688842773e+00,2.080299854278564453e+00,2.161117315292358398e+00,2.138382196426391602e+00,1.904952526092529297e+00,2.027013063430786133e+00,1.723787784576416016e+00,1.904710292816162109e+00,1.753554224967956543e+00,1.927602767944335938e+00,2.005330801010131836e+00,2.092869520187377930e+00,2.248869180679321289e+00,2.205378293991088867e+00,2.576843261718750000e+00,2.560177326202392578e+00,2.929673910140991211e+00,2.936009168624877930e+00,2.025210618972778320e+00,1.893252134323120117e+00,1.528115034103393555e+00,1.509844303131103516e+00,1.212355613708496094e+00,1.159441232681274414e+00,1.099409937858581543e+00,1.052460432052612305e+00,1.234893202781677246e+00,1.259435296058654785e+00,1.622208118438720703e+00,1.654591560363769531e+00,1.907865762710571289e+00,1.972567558288574219e+00,2.263414621353149414e+00
3.344374895095825195e+00,3.020523309707641602e+00,2.743771791458129883e+00,2.419378757476806641e+00,2.236782550811767578e+00,1.840189456939697266e+00,1.772058129310607910e+00,1.407247900962829590e+00,1.344648957252502441e+00,1.071331501007080078e+00,9.797807931900024414e-01,1.085818529129028320e+00,8.053013682365417480e-01,1.142505526542663574e+00,1.200660228729248047e+00,3.871733248233795166e-01,0.000000000000000000e+00,3.827503621578216553e-01,5.910395383834838867e-01,8.725121617317199707e-01,1.199140787124633789e+00,1.448673248291015625e+00,1.761194705963134766e+00,2.063694953918457031e+00,2.314612627029418945e+00,2.603157281875610352e+00,2.857290267944335938e+00,3.035173892974853516e+00,3.243607997894287109e+00,3.542484760284423828e+00,3.134315013885498047e+00,2.888479948043823242e+00,2.596694231033325195e+00,2.298259973526000977e+00,2.210526704788208008e+00,1.857925415039062500e+00,1.934379816055297852e+00,1.608907341957092285e+00,1.798056364059448242e+00,1.575228571891784668e+00,1.630157232284545898e+00,1.845661520957946777e+00,1.672787904739379883e+00,2.024909973144531250e+00,2.108719348907470703e+00,2.179255723953247070e+00,1.965544223785400391e+00,2.036620855331420898e+00,1.709251880645751953e+00,1.897072076797485352e+00,1.701998710632324219e+00,1.911631822586059570e+00,1.937088608741760254e+00,2.062701940536499023e+00,2.168691873550415039e+00,2.154301166534423828e+00,2.511886119842529297e+00,2.455099821090698242e+00,2.833310365676879883e+00,2.858076810836791992e+00,1.805446982383728027e+00,1.727144956588745117e+00,1.346559286117553711e+00,1.353710174560546875e+00,1.134645938873291016e+00,1.099322080612182617e+00,1.166635394096374512e+00,1.149379253387451172e+00,1.417170286178588867e+00,1.446195483207702637e+00,1.812774419784545898e+00,1.892311573028564453e+00,2.105057001113891602e+00,2.219058275222778320e+00,2.514090299606323242e+00
3.117213249206542969e+00,2.804894208908081055e+00,2.552797794342041016e+00,2.219223737716674805e+00,2.089928865432739258e+00,1.688685297966003418e+00,1.681989669799804688e+00,1.366104245185852051e+00,1.358677625656127930e+00,1.174457550048828125e+00,1.102105021476745605e+00,1.314158201217651367e+00,1.103753566741943359e+00,1.469174861907958984e+00,1.520038843154907227e+00,5.908159613609313965e-01,3.827503621578216553e-01,0.000000000000000000e+00,3.909699320793151855e-01,5.777822136878967285e-01,9.238954186439514160e-01,1.170522689819335938e+00,1.464581847190856934e+00,1.776844382286071777e+00,2.006418466567993164e+00,2.317948102951049805e+00,2.544488430023193359e+00,2.724848985671997070e+00,2.911815643310546875e+00,3.220286369323730469e+00,2.859647989273071289e+00,2.626363039016723633e+00,2.350217580795288086e+00,2.057414054870605469e+00,2.022989988327026367e+00,1.690435647964477539e+00,1.837566852569580078e+00,1.562843799591064453e+00,1.818421602249145508e+00,1.661772847175598145e+00,1.763546109199523926e+00,2.024108409881591797e+00,1.909689307212829590e+00,2.261431455612182617e+00,2.388405084609985352e+00,2.254893064498901367e+00,1.996360301971435547e+00,2.004122734069824219e+00,1.637411952018737793e+00,1.753531455993652344e+00,1.495882630348205566e+00,1.659888863563537598e+00,1.633788228034973145e+00,1.732236742973327637e+00,1.811823725700378418e+00,1.782944202423095703e+00,2.135291099548339844e+00,2.072659730911254883e+00,2.450745582580566406e+00,2.477566719055175781e+00,1.475308656692504883e+00,1.361771225929260254e+00,9.807430505752563477e-01,9.775878787040710449e-01,7.621326446533203125e-01,7.902648448944091797e-01,9.116461277008056641e-01,1.004857659339904785e+00,1.309641242027282715e+00,1.428793907165527344e+00,1.775656938552856445e+00,1.922738552093505859e+00,2.151872158050537109e+00,2.304167985916137695e+00,2.561569213867187500e+00
2.767087697982788086e+00,2.445745944976806641e+00,2.184408664703369141e+00,1.850939154624938965e+00,1.703858137130737305e+00,1.302587270736694336e+00,1.297994613647460938e+00,9.910025596618652344e-01,1.035068869590759277e+00,9.022527337074279785e-01,9.222624897956848145e-01,1.194299340248107910e+00,1.090439319610595703e+00,1.461097955703735352e+00,1.586387872695922852e+00,8.657608032226562500e-01,5.910395383834838867e-01,3.909699320793151855e-01,0.000000000000000000e+00,3.780183792114257812e-01,6.170479655265808105e-01,9.099863171577453613e-01,1.188071131706237793e+00,1.509509086608886719e+00,1.742142081260681152e+00,2.030987262725830078e+00,2.290795326232910156e+00,2.453312873840332031e+00,2.677051782608032227e+00,2.965675354003906250e+00,2.597988367080688477e+00,2.335914611816406250e+00,2.070286512374877930e+00,1.748786807060241699e+00,1.701508402824401855e+00,1.345883250236511230e+00,1.485188961029052734e+00,1.220036387443542480e+00,1.482627511024475098e+00,1.375183582305908203e+00,1.476729989051818848e+00,1.777348637580871582e+00,1.724946022033691406e+00,2.082812786102294922e+00,2.245114564895629883e+00,2.061644792556762695e+00,1.820786833763122559e+00,1.776945829391479492e+00,1.404373764991760254e+00,1.530879974365234375e+00,1.262373924255371094e+00,1.482822418212890625e+00,1.446936130523681641e+00,1.619776606559753418e+00,1.688091158866882324e+00,1.738761901855468750e+00,2.081459760665893555e+00,2.026992321014404297e+00,2.404584169387817383e+00,2.486594676971435547e+00,1.478514552116394043e+00,1.379438757896423340e+00,1.000771522521972656e+00,9.056298136711120605e-01,7.951952219009399414e-01,7.036149501800537109e-01,9.414983391761779785e-01,9.788770675659179688e-01,1.332607388496398926e+00,1.418085098266601562e+00,1.746477365493774414e+00,1.933144211769104004e+00,2.106199979782104492e+00,2.311485528945922852e+00,2.564909934997558594e+00
2.634713888168334961e+00,2.312209129333496094e+00,2.100259780883789062e+00,1.737565636634826660e+00,1.646765947341918945e+00,1.249903559684753418e+00,1.272167086601257324e+00,1.052127122879028320e+00,1.085574507713317871e+00,1.071947932243347168e+00,1.037197589874267578e+00,1.373529195785522461e+00,1.318729758262634277e+00,1.696292519569396973e+00,1.779911637306213379e+00,1.155496239662170410e+00,8.725121617317199707e-01,5.777822136878967285e-01,3.780183792114257812e-01,0.000000000000000000e+00,4.026158452033996582e-01,5.930276513099670410e-01,9.088152647018432617e-01,1.203479290008544922e+00,1.454968690872192383e+00,1.751396775245666504e+00,1.990475535392761230e+00,2.187521934509277344e+00,2.383307933807373047e+00,2.688537836074829102e+00,2.507973670959472656e+00,2.244768619537353516e+00,2.026305437088012695e+00,1.692064642906188965e+00,1.725194454193115234e+00,1.389437794685363770e+00,1.595488071441650391e+00,1.398507833480834961e+00,1.685604095458984375e+00,1.646794557571411133e+00,1.734369993209838867e+00,2.066676855087280273e+00,2.047535419464111328e+00,2.411335229873657227e+00,2.577360630035400391e+00,2.360775709152221680e+00,2.108338117599487305e+00,2.010817289352416992e+00,1.622889876365661621e+00,1.680654525756835938e+00,1.347470045089721680e+00,1.514006257057189941e+00,1.378326416015625000e+00,1.522236466407775879e+00,1.506889820098876953e+00,1.542017698287963867e+00,1.851312041282653809e+00,1.744737982749938965e+00,2.121595859527587891e+00,2.200562477111816406e+00,1.119490265846252441e+00,1.051083445549011230e+00,6.878316402435302734e-01,6.472100615501403809e-01,6.847908496856689453e-01,7.404519319534301758e-01,1.054344892501831055e+00,1.201966643333435059e+00,1.558893442153930664e+00,1.704762458801269531e+00,2.009217262268066406e+00,2.232106208801269531e+00,2.412277936935424805e+00,2.633771419525146484e+00,2.864170312881469727e+00
2.232852935791015625e+00,1.913498520851135254e+00,1.704396367073059082e+00,1.344116687774658203e+00,1.284465193748474121e+00,9.027794003486633301e-01,1.008032321929931641e+00,8.876866698265075684e-01,1.036641240119934082e+00,1.125166416168212891e+00,1.196582317352294922e+00,1.552244663238525391e+00,1.571660280227661133e+00,1.933261036872863770e+00,2.068303346633911133e+00,1.463546037673950195e+00,1.199140787124633789e+00,9.238954186439514160e-01,6.170479655265808105e-01,4.026158452033996582e-01,0.000000000000000000e+00,3.730864524841308594e-01,5.732675194740295410e-01,9.106549620628356934e-01,1.126967072486877441e+00,1.417571425437927246e+00,1.676935076713562012e+00,1.839906811714172363e+00,2.070003509521484375e+00,2.354210138320922852e+00,2.151036977767944336e+00,1.869581103324890137e+00,1.672823429107666016e+00,1.320190906524658203e+00,1.379167199134826660e+00,1.057108402252197266e+00,1.302649617195129395e+00,1.182621359825134277e+00,1.495383620262145996e+00,1.544170260429382324e+00,1.660027146339416504e+00,2.014957904815673828e+00,2.068862438201904297e+00,2.412213563919067383e+00,2.620688676834106445e+00,2.256396055221557617e+00,2.007926464080810547e+00,1.841097354888916016e+00,1.458955764770507812e+00,1.473190665245056152e+00,1.119027376174926758e+00,1.297309279441833496e+00,1.125500798225402832e+00,1.333301424980163574e+00,1.296966671943664551e+00,1.423338532447814941e+00,1.707878351211547852e+00,1.628940820693969727e+00,1.990089654922485352e+00,2.133676767349243164e+00,1.206182837486267090e+00,1.115821003913879395e+00,8.311542868614196777e-01,6.404194831848144531e-01,7.999292612075805664e-01,7.468876838684082031e-01,1.114493250846862793e+00,1.236377358436584473e+00,1.596226453781127930e+00,1.737355113029479980e+00,1.995978713035583496e+00,2.262912511825561523e+00,2.399262189865112305e+00,2.666995763778686523e+00,2.871246337890625000e+00
