,A1,A2,A3,A4,A5,A6,A7,A8,A9,A10,A11,A12,A13,A14,A15,B1,B2,B3,B4,B5,B6,B7,B8,B9,B10,B11,B12,B13,B14,B15,C1,C2,C3,C4,C5,C6,C7,C8,C9,C10,C11,C12,C13,C14,C15,D1,D2,D3,D4,D5,D6,D7,D8,D9,D10,D11,D12,D13,D14,D15,E1,E2,E3,E4,E5,E6,E7,E8,E9,E10,E11,E12,E13,E14,E15
A1,0.0,0.37654414772987366,0.6306320428848267,0.9770480394363403,1.2273846864700317,1.5805878639221191,1.8229808807373047,2.1740317344665527,2.4711132049560547,2.7748372554779053,3.024489641189575,3.3430020809173584,3.542184591293335,3.8346643447875977,4.0525994300842285,3.8721530437469482,3.574422597885132,3.3731579780578613,3.002901315689087,2.9471521377563477,2.55670166015625,2.584916114807129,2.27604341506958,2.3015763759613037,2.052743434906006,2.0206522941589355,2.1196486949920654,1.8007079362869263,2.085751533508301,2.155578851699829,0.8204589486122131,1.0961703062057495,1.0737450122833252,1.3086214065551758,1.5602877140045166,1.7744176387786865,2.0868051052093506,2.2548489570617676,2.6043825149536133,2.7599358558654785,3.109173536300659,3.289797782897949,3.412076950073242,3.6275510787963867,3.927949905395508,3.1429271697998047,2.9357409477233887,2.5494801998138428,2.4103167057037354,2.136643648147583,2.0036048889160156,1.95188570022583,1.8263862133026123,1.9867855310440063,1.9147124290466309,2.261974811553955,2.222635269165039,2.3747427463531494,2.4257352352142334,2.7878170013427734,3.1077470779418945,2.9474997520446777,2.9392263889312744,2.6258180141448975,2.833982467651367,2.6431093215942383,2.856071949005127,2.879509925842285,3.041476249694824,3.1511623859405518,3.07827091217041,3.4089629650115967,3.313814401626587,3.687669277191162,3.6829423904418945
A2,0.37654414772987366,0.0,0.3805599510669708,0.6438924074172974,0.9054225087165833,1.2474579811096191,1.4852020740509033,1.843248963356018,2.129784345626831,2.4402618408203125,2.6736762523651123,3.002558469772339,3.1955864429473877,3.498072385787964,3.7036049365997314,3.5585954189300537,3.2485344409942627,3.058133602142334,2.680493116378784,2.616278648376465,2.225909948348999,2.2402615547180176,1.9435667991638184,1.9610148668289185,1.7367154359817505,1.6979299783706665,1.838652491569519,1.550391674041748,1.8718799352645874,1.9386848211288452,0.575529932975769,0.7806533575057983,0.701184093952179,0.9500234723091125,1.1902424097061157,1.4288439750671387,1.7319437265396118,1.9266936779022217,2.267547130584717,2.44777250289917,2.7913198471069336,2.980170965194702,3.1264121532440186,3.340566635131836,3.640105962753296,2.9645771980285645,2.7534449100494385,2.3715672492980957,2.1975491046905518,1.9536396265029907,1.7839164733886719,1.7774721384048462,1.627691388130188,1.8327298164367676,1.7489277124404907,2.1075031757354736,2.1078836917877197,2.2227630615234375,2.3234028816223145,2.681727886199951,2.836456060409546,2.6953039169311523,2.6614129543304443,2.35737681388855,2.574254035949707,2.384242534637451,2.6256728172302246,2.650559186935425,2.846263885498047,2.952000856399536,2.917877674102783,3.2514209747314453,3.1670193672180176,3.544201135635376,3.5758016109466553
A3,0.6306320428848267,0.3805599510669708,0.0,0.39753830432891846,0.6237395405769348,0.9639832377433777,1.228968858718872,1.5596319437026978,1.8765937089920044,2.1609561443328857,2.4255259037017822,2.734114646911621,2.9292807579040527,3.2151997089385986,3.4424984455108643,3.3047595024108887,3.0082435607910156,2.8380439281463623,2.460108757019043,2.4441754817962646,2.0692708492279053,2.1335830688476562,1.8813848495483398,1.9512996673583984,1.7852414846420288,1.7853026390075684,1.9868882894515991,1.7513611316680908,2.101396322250366,2.181382179260254,0.8588270545005798,0.9641576409339905,0.7219181656837463,0.9043267369270325,1.0486027002334595,1.2334152460098267,1.5158665180206299,1.6613399982452393,2.0019636154174805,2.1454410552978516,2.5002658367156982,2.6663029193878174,2.7972359657287598,3.0034148693084717,3.3085105419158936,2.613544464111328,2.4222824573516846,2.0369298458099365,1.889712929725647,1.6725627183914185,1.5494767427444458,1.60101318359375,1.5196449756622314,1.7791723012924194,1.7648831605911255,2.138693332672119,2.203233242034912,2.3378493785858154,2.4847967624664307,2.8274147510528564,2.874730110168457,2.717621088027954,2.6322569847106934,2.3072352409362793,2.480842351913452,2.2423431873321533,2.468043327331543,2.4421896934509277,2.630331039428711,2.6960091590881348,2.656177043914795,2.973198652267456,2.8633921146392822,3.2383978366851807,3.272407054901123
A4,0.9770480394363403,0.6438924074172974,0.39753830432891846,0.0,0.38345402479171753,0.6275942325592041,0.9300997257232666,1.2493231296539307,1.564881682395935,1.8427207469940186,2.0862174034118652,2.40962290763855,2.5816218852996826,2.884779930114746,3.0953476428985596,2.9419758319854736,2.6340277194976807,2.4685444831848145,2.0851926803588867,2.0611586570739746,1.6885077953338623,1.750354528427124,1.5208585262298584,1.6049582958221436,1.484570860862732,1.5079058408737183,1.7572555541992188,1.5846604108810425,1.9553766250610352,2.048699378967285,0.9164260029792786,0.8590328097343445,0.5131639242172241,0.57895427942276,0.663783848285675,0.8404406309127808,1.1229286193847656,1.2914687395095825,1.6306911706924438,1.8046363592147827,2.1494109630584717,2.3373425006866455,2.4905314445495605,2.7064764499664307,3.0027835369110107,2.4308249950408936,2.226073980331421,1.8567672967910767,1.6565190553665161,1.4789409637451172,1.3042782545089722,1.4117859601974487,1.3085613250732422,1.6115186214447021,1.595658779144287,1.9650236368179321,2.0784008502960205,2.176891803741455,2.375596046447754,2.700416326522827,2.574765682220459,2.431422233581543,2.312908172607422,1.9977613687515259,2.169884204864502,1.9314996004104614,2.183788537979126,2.161207675933838,2.385701894760132,2.451606512069702,2.4595835208892822,2.778958797454834,2.6919198036193848,3.0663704872131348,3.143517255783081
A5,1.2273846864700317,0.9054225087165833,0.6237395405769348,0.38345402479171753,0.0,0.3975396454334259,0.6057491302490234,0.947274386882782,1.2534599304199219,1.5479182004928589,1.8098170757293701,2.1174540519714355,2.327601671218872,2.610938310623169,2.8360307216644287,2.8741700649261475,2.56347918510437,2.452413558959961,2.063131332397461,2.075864315032959,1.7342592477798462,1.7965408563613892,1.6353737115859985,1.7034797668457031,1.653659462928772,1.6379115581512451,1.9334135055541992,1.7971619367599487,2.1743874549865723,2.223266124725342,1.1004078388214111,1.0430206060409546,0.6670328974723816,0.7759923934936523,0.6655594706535339,0.8665840029716492,1.0311888456344604,1.2017563581466675,1.4902772903442383,1.6546835899353027,2.007148504257202,2.1469647884368896,2.327716112136841,2.5012545585632324,2.818850517272949,2.367509126663208,2.211883306503296,1.8522896766662598,1.6859593391418457,1.5875964164733887,1.4594016075134277,1.6452385187149048,1.5841567516326904,1.9169018268585205,1.919776439666748,2.2815632820129395,2.4204814434051514,2.4965169429779053,2.715693473815918,3.032663345336914,2.7623066902160645,2.6474413871765137,2.4900732040405273,2.1936252117156982,2.347914218902588,2.090782403945923,2.348635673522949,2.2836952209472656,2.5199129581451416,2.5362470149993896,2.5616986751556396,2.85251784324646,2.7351112365722656,3.0997276306152344,3.191633939743042
A6,1.5805878639221191,1.2474579811096191,0.9639832377433777,0.6275942325592041,0.3975396454334259,0.0,0.3803914785385132,0.6276376843452454,0.9635022878646851,1.2173640727996826,1.4766058921813965,1.787343978881836,1.966162919998169,2.260202646255493,2.480417251586914,2.4852559566497803,2.1738853454589844,2.080601453781128,1.6924821138381958,1.7309883832931519,1.4182411432266235,1.5119633674621582,1.4195507764816284,1.5317749977111816,1.5617234706878662,1.593058466911316,1.927089810371399,1.8666934967041016,2.243994951248169,2.314209461212158,1.3963532447814941,1.2449827194213867,0.8637277483940125,0.802769124507904,0.5345497131347656,0.5966621041297913,0.6725295186042786,0.8179435133934021,1.093218445777893,1.2668895721435547,1.6139860153198242,1.7655316591262817,1.9598667621612549,2.1421995162963867,2.4508330821990967,2.1173830032348633,1.9611531496047974,1.632307529449463,1.4341011047363281,1.4060521125793457,1.2692618370056152,1.5236330032348633,1.4871339797973633,1.8465263843536377,1.8791708946228027,2.219536542892456,2.412355661392212,2.4707274436950684,2.7345433235168457,3.0224103927612305,2.593000888824463,2.482393264770508,2.277315855026245,1.9912503957748413,2.111388683319092,1.8390650749206543,2.0998611450195312,2.0121264457702637,2.2695348262786865,2.264934778213501,2.3318567276000977,2.6090760231018066,2.505185842514038,2.8602840900421143,2.990706443786621
A7,1.8229808807373047,1.4852020740509033,1.228968858718872,0.9300997257232666,0.6057491302490234,0.3803914785385132,0.0,0.3911340534687042,0.6490141153335571,0.9669159054756165,1.2138967514038086,1.524025321006775,1.7527345418930054,2.034998655319214,2.251537322998047,2.517670154571533,2.1968915462493896,2.163910388946533,1.781842589378357,1.825935959815979,1.555816411972046,1.605564832687378,1.5718727111816406,1.62833571434021,1.7098944187164307,1.6813392639160156,2.0369415283203125,2.004375696182251,2.3744585514068604,2.3949034214019775,1.542330265045166,1.3901393413543701,1.0382204055786133,1.0409018993377686,0.7114523649215698,0.835857629776001,0.7507423758506775,0.934635579586029,1.0918294191360474,1.2840244770050049,1.6064552068710327,1.7072391510009766,1.9545615911483765,2.0802996158599854,2.403674602508545,2.276588201522827,2.16597318649292,1.8661847114562988,1.690940499305725,1.7233549356460571,1.601010799407959,1.878886103630066,1.8359198570251465,2.19480299949646,2.2077324390411377,2.5354747772216797,2.7268223762512207,2.7498466968536377,3.0194613933563232,3.3042941093444824,2.7511138916015625,2.6848840713500977,2.4647257328033447,2.2182674407958984,2.344627857208252,2.0902140140533447,2.3647613525390625,2.268484354019165,2.541738748550415,2.510875701904297,2.604292869567871,2.8568012714385986,2.7416017055511475,3.080559015274048,3.229421377182007
A8,2.1740317344665527,1.843248963356018,1.5596319437026978,1.2493231296539307,0.947274386882782,0.6276376843452454,0.3911340534687042,0.0,0.3804747462272644,0.6015599966049194,0.8955963850021362,1.1759663820266724,1.3961797952651978,1.665216088294983,1.9008477926254272,2.225536823272705,1.9219231605529785,1.9415935277938843,1.5827311277389526,1.6890901327133179,1.4908779859542847,1.5852396488189697,1.6418137550354004,1.7403838634490967,1.8892793655395508,1.899889588356018,2.2700412273406982,2.2871036529541016,2.6499781608581543,2.684293746948242,1.922950029373169,1.7473721504211426,1.3959349393844604,1.3277946710586548,0.9660749435424805,0.9475977420806885,0.7271265983581543,0.7882201075553894,0.830178439617157,0.9758491516113281,1.280970811843872,1.3398804664611816,1.6041052341461182,1.7053298950195312,2.031132936477661,2.05743670463562,1.9820971488952637,1.7313838005065918,1.5756542682647705,1.6940287351608276,1.6136808395385742,1.9405149221420288,1.9466722011566162,2.314204216003418,2.3671514987945557,2.6734609603881836,2.9060075283050537,2.9280362129211426,3.225712537765503,3.485103130340576,2.819087266921997,2.753535509109497,2.48881459236145,2.256190061569214,2.3307290077209473,2.0573060512542725,2.3084657192230225,2.1682634353637695,2.43912935256958,2.362590789794922,2.4821584224700928,2.698430061340332,2.576490879058838,2.892319917678833,3.0684900283813477
A9,2.4711132049560547,2.129784345626831,1.8765937089920044,1.564881682395935,1.2534599304199219,0.9635022878646851,0.6490141153335571,0.3804747462272644,0.0,0.3867858350276947,0.591313362121582,0.8886781334877014,1.1539263725280762,1.4222270250320435,1.6299934387207031,2.230541467666626,1.9204905033111572,1.9983484745025635,1.664976954460144,1.7564417123794556,1.61253023147583,1.653582215309143,1.7655280828475952,1.8141032457351685,2.01054048538208,1.9825059175491333,2.359246015548706,2.41506290435791,2.760301113128662,2.7605557441711426,2.1308529376983643,1.936644434928894,1.6218708753585815,1.567479133605957,1.19155752658844,1.2057851552963257,0.9157102704048157,1.0140758752822876,0.9244683384895325,1.0967469215393066,1.320724368095398,1.338606595993042,1.66080641746521,1.7039744853973389,2.0195090770721436,2.3007025718688965,2.2506492137908936,2.039071798324585,1.8808887004852295,2.031099319458008,1.9353758096694946,2.265857219696045,2.249444007873535,2.609741449356079,2.638369083404541,2.9254674911499023,3.157763957977295,3.1417415142059326,3.447526693344116,3.696577310562134,2.9027440547943115,2.8823702335357666,2.607581377029419,2.422412157058716,2.5045325756073,2.2643227577209473,2.5292611122131348,2.4000730514526367,2.6886730194091797,2.6053786277770996,2.7591159343719482,2.9569244384765625,2.8454418182373047,3.1412181854248047,3.34187912940979
A10,2.7748372554779053,2.4402618408203125,2.1609561443328857,1.8427207469940186,1.5479182004928589,1.2173640727996826,0.9669159054756165,0.6015599966049194,0.3867858350276947,0.0,0.37794020771980286,0.578245997428894,0.8246914148330688,1.0706719160079956,1.313710331916809,1.9690468311309814,1.6927343606948853,1.8298799991607666,1.5428779125213623,1.7012397050857544,1.637464165687561,1.728125810623169,1.9058703184127808,2.000343084335327,2.2339375019073486,2.2495064735412598,2.6274046897888184,2.7121920585632324,3.0523622035980225,3.074451446533203,2.480358839035034,2.275411367416382,1.9496320486068726,1.8481031656265259,1.4697210788726807,1.390879511833191,1.0613164901733398,1.0327147245407104,0.8246250748634338,0.8996002078056335,1.0585721731185913,1.0047296285629272,1.3417497873306274,1.345772385597229,1.6565653085708618,2.1135458946228027,2.100649356842041,1.9484331607818604,1.818131685256958,2.034712791442871,1.9817490577697754,2.338226318359375,2.3671939373016357,2.7263846397399902,2.7933645248413086,3.0606913566589355,3.3257806301116943,3.317701816558838,3.6430604457855225,3.86905574798584,3.0100831985473633,2.980990171432495,2.6722354888916016,2.4966881275177,2.5249927043914795,2.26987886428833,2.499746322631836,2.330211639404297,2.6039154529571533,2.4776673316955566,2.64996600151062,2.8069615364074707,2.691575527191162,2.9571235179901123,3.180069923400879
A11,3.024489641189575,2.6736762523651123,2.4255259037017822,2.0862174034118652,1.8098170757293701,1.4766058921813965,1.2138967514038086,0.8955963850021362,0.591313362121582,0.37794020771980286,0.0,0.385386198759079,0.5924788117408752,0.8952981233596802,1.051735281944275,1.9029704332351685,1.6147960424423218,1.790895700454712,1.5386459827423096,1.6569477319717407,1.6481091976165771,1.6830068826675415,1.9105186462402344,1.9666098356246948,2.2431416511535645,2.2430591583251953,2.6160247325897217,2.746910810470581,3.0624892711639404,3.069775342941284,2.645805597305298,2.4077188968658447,2.118122100830078,1.9994006156921387,1.6210448741912842,1.5512784719467163,1.1898099184036255,1.2083297967910767,0.932264506816864,1.0673086643218994,1.1197079420089722,1.0870589017868042,1.4630324840545654,1.4482167959213257,1.7083659172058105,2.3791298866271973,2.354959011077881,2.2332592010498047,2.0683822631835938,2.2911393642425537,2.1978931427001953,2.5456223487854004,2.540273427963257,2.884523868560791,2.9236738681793213,3.163107395172119,3.4287848472595215,3.380540132522583,3.715214729309082,3.92276930809021,2.9388246536254883,2.9524316787719727,2.638073444366455,2.515289783477783,2.552136182785034,2.3430778980255127,2.5887396335601807,2.4501748085021973,2.746183156967163,2.6371240615844727,2.8495593070983887,3.002485990524292,2.9210333824157715,3.171504497528076,3.4221174716949463
A12,3.3430020809173584,3.002558469772339,2.734114646911621,2.40962290763855,2.1174540519714355,1.787343978881836,1.524025321006775,1.1759663820266724,0.8886781334877014,0.578245997428894,0.385386198759079,0.0,0.3886207342147827,0.5544751286506653,0.7723580002784729,1.9161795377731323,1.6857404708862305,1.9265223741531372,1.731830358505249,1.9005628824234009,1.9445347785949707,2.0078470706939697,2.2598814964294434,2.332667112350464,2.6176559925079346,2.6259400844573975,2.997878074645996,3.1320481300354004,3.4469594955444336,3.4526705741882324,3.001699209213257,2.777412176132202,2.476836919784546,2.3633079528808594,1.9836556911468506,1.8927433490753174,1.5329389572143555,1.4875606298446655,1.178256630897522,1.2068558931350708,1.1892149448394775,1.0381444692611694,1.396507978439331,1.2870806455612183,1.5316643714904785,2.393810272216797,2.4246222972869873,2.348853826522827,2.233335256576538,2.49700927734375,2.450563669204712,2.812171697616577,2.8430309295654297,3.1885740756988525,3.2534868717193604,3.487877607345581,3.768113851547241,3.7294352054595947,4.070257186889648,4.269240856170654,3.259575605392456,3.270393133163452,2.9399831295013428,2.8228554725646973,2.824923515319824,2.6039159297943115,2.817328929901123,2.643174886703491,2.9151415824890137,2.763211965560913,2.97550106048584,3.084885358810425,2.984724521636963,3.2015042304992676,3.459047555923462
A13,3.542184591293335,3.1955864429473877,2.9292807579040527,2.5816218852996826,2.327601671218872,1.966162919998169,1.7527345418930054,1.3961797952651978,1.1539263725280762,0.8246914148330688,0.5924788117408752,0.3886207342147827,0.0,0.3859201669692993,0.5190843939781189,1.5914074182510376,1.384722352027893,1.6691186428070068,1.5391722917556763,1.7226510047912598,1.8429030179977417,1.920302152633667,2.2208380699157715,2.31953763961792,2.6333699226379395,2.6811861991882324,3.0431270599365234,3.213178873062134,3.512561082839966,3.5445799827575684,3.1959307193756104,2.9415900707244873,2.6486058235168457,2.482682228088379,2.1128461360931396,1.9643560647964478,1.595468521118164,1.5062693357467651,1.1462901830673218,1.1530612707138062,1.0193718671798706,0.8858646154403687,1.2423797845840454,1.1487901210784912,1.3202242851257324,2.3514630794525146,2.3692831993103027,2.3448591232299805,2.208418607711792,2.4965171813964844,2.442275285720825,2.800299882888794,2.836738109588623,3.163538694381714,3.2392053604125977,3.4399030208587646,3.740506172180176,3.691835403442383,4.047504901885986,4.216755390167236,3.1360981464385986,3.149653434753418,2.800673246383667,2.7126455307006836,2.67966628074646,2.4786741733551025,2.6706807613372803,2.4984138011932373,2.7688019275665283,2.614971876144409,2.8616416454315186,2.9514102935791016,2.886200428009033,3.0779531002044678,3.365097761154175
A14,3.8346643447875977,3.498072385787964,3.2151997089385986,2.884779930114746,2.610938310623169,2.260202646255493,2.034998655319214,1.665216088294983,1.4222270250320435,1.0706719160079956,0.8952981233596802,0.5544751286506653,0.3859201669692993,0.0,0.36862272024154663,1.7511467933654785,1.6154425144195557,1.9363725185394287,1.8490495681762695,2.064622640609741,2.2028965950012207,2.2979953289031982,2.600003957748413,2.7049033641815186,3.0161664485931396,3.06103515625,3.4248852729797363,3.5883569717407227,3.8915791511535645,3.916990280151367,3.520530939102173,3.283449649810791,2.9791905879974365,2.829503297805786,2.455836296081543,2.307821035385132,1.945063591003418,1.8268378973007202,1.4725888967514038,1.4075998067855835,1.2532374858856201,1.0172840356826782,1.3098888397216797,1.1087579727172852,1.2480533123016357,2.4315640926361084,2.5049355030059814,2.5149455070495605,2.430213451385498,2.7429466247558594,2.731215715408325,3.0975327491760254,3.1632869243621826,3.4933037757873535,3.5885062217712402,3.7918636798858643,4.099417686462402,4.062125205993652,4.418828010559082,4.586789131164551,3.5070996284484863,3.5164451599121094,3.161123275756836,3.070899724960327,3.01636004447937,2.802500009536743,2.9675073623657227,2.765232563018799,3.008258819580078,2.8168394565582275,3.051654100418091,3.1009621620178223,3.0120480060577393,3.17071795463562,3.455533027648926
A15,4.0525994300842285,3.7036049365997314,3.4424984455108643,3.0953476428985596,2.8360307216644287,2.480417251586914,2.251537322998047,1.9008477926254272,1.6299934387207031,1.313710331916809,1.051735281944275,0.7723580002784729,0.5190843939781189,0.36862272024154663,0.0,1.7555115222930908,1.6234726905822754,1.9628233909606934,1.9152283668518066,2.0886523723602295,2.2663192749023438,2.3206682205200195,2.6491312980651855,2.727984666824341,3.062079668045044,3.10031795501709,3.451385021209717,3.647850513458252,3.9276044368743896,3.945949077606201,3.6807610988616943,3.4203853607177734,3.142042636871338,2.9785051345825195,2.6105706691741943,2.4678432941436768,2.0965828895568848,2.010579824447632,1.6413177251815796,1.627058744430542,1.427788496017456,1.2561026811599731,1.5501221418380737,1.3798651695251465,1.451106071472168,2.7155187129974365,2.764967441558838,2.786296844482422,2.667325258255005,2.9737422466278076,2.9270284175872803,3.281980514526367,3.3194472789764404,3.6344306468963623,3.707352638244629,3.8858730792999268,4.1915082931518555,4.123260498046875,4.484447002410889,4.634129524230957,3.4659013748168945,3.5087523460388184,3.1551437377929688,3.1101930141448975,3.061370849609375,2.8897504806518555,3.0639595985412598,2.8935420513153076,3.1520309448242188,2.983840227127075,3.2481377124786377,3.3002681732177734,3.245328903198242,3.3951351642608643,3.6992461681365967
B1,3.8721530437469482,3.5585954189300537,3.3047595024108887,2.9419758319854736,2.8741700649261475,2.4852559566497803,2.517670154571533,2.225536823272705,2.230541467666626,1.9690468311309814,1.9029704332351685,1.9161795377731323,1.5914074182510376,1.7511467933654785,1.7555115222930908,0.0,0.3789793848991394,0.6148536205291748,0.9248210787773132,1.1851000785827637,1.5292482376098633,1.759077787399292,2.091902256011963,2.35770320892334,2.6532862186431885,2.8943674564361572,3.1729025840759277,3.390822649002075,3.6380739212036133,3.813906192779541,3.6517562866210938,3.34883975982666,3.0820791721343994,2.7526772022247314,2.5073165893554688,2.1616156101226807,1.9327409267425537,1.6738232374191284,1.426313877105713,1.3169645071029663,0.9843108654022217,1.1596674919128418,1.136184811592102,1.3578665256500244,1.2143832445144653,1.9650300741195679,1.857236385345459,2.0198659896850586,1.82191801071167,2.119208574295044,2.0715088844299316,2.3361880779266357,2.4356579780578613,2.636645793914795,2.798766851425171,2.8570282459259033,3.223909616470337,3.2099387645721436,3.58638596534729,3.6369314193725586,2.6073291301727295,2.5215282440185547,2.1399247646331787,2.0909934043884277,1.854806900024414,1.7061541080474854,1.7086325883865356,1.5330536365509033,1.720030426979065,1.5870190858840942,1.9347665309906006,1.9555059671401978,2.0724780559539795,2.169170379638672,2.5338475704193115
B2,3.574422597885132,3.2485344409942627,3.0082435607910156,2.6340277194976807,2.56347918510437,2.1738853454589844,2.1968915462493896,1.9219231605529785,1.9204905033111572,1.6927343606948853,1.6147960424423218,1.6857404708862305,1.384722352027893,1.6154425144195557,1.6234726905822754,0.3789793848991394,0.0,0.386872798204422,0.607039213180542,0.855218231678009,1.1952770948410034,1.4061049222946167,1.7498078346252441,2.0007429122924805,2.305878162384033,2.532055377960205,2.8196425437927246,3.0391275882720947,3.290619373321533,3.454296588897705,3.310533285140991,2.9999403953552246,2.741426944732666,2.4153945446014404,2.1630895137786865,1.8324196338653564,1.5894818305969238,1.3663774728775024,1.11028254032135,1.0778857469558716,0.7706111669540405,1.0309633016586304,1.1146341562271118,1.357486367225647,1.3105446100234985,1.9847593307495117,1.8462352752685547,1.9361580610275269,1.68989098072052,1.9633839130401611,1.864825963973999,2.1415326595306396,2.1997127532958984,2.4222021102905273,2.5519630908966064,2.631865978240967,2.9877028465270996,2.9553143978118896,3.333751678466797,3.406738042831421,2.344533920288086,2.2765116691589355,1.8918111324310303,1.8369019031524658,1.6507899761199951,1.5016623735427856,1.5809158086776733,1.4416275024414062,1.695586085319519,1.6073650121688843,1.9525052309036255,2.0399715900421143,2.140886068344116,2.2975823879241943,2.6441783905029297
B3,3.3731579780578613,3.058133602142334,2.8380439281463623,2.4685444831848145,2.452413558959961,2.080601453781128,2.163910388946533,1.9415935277938843,1.9983484745025635,1.8298799991607666,1.790895700454712,1.9265223741531372,1.6691186428070068,1.9363725185394287,1.9628233909606934,0.6148536205291748,0.386872798204422,0.0,0.394228994846344,0.6018491983413696,0.9449194073677063,1.1925731897354126,1.5024497509002686,1.7903363704681396,2.066167116165161,2.3313891887664795,2.593733787536621,2.8071792125701904,3.0483574867248535,3.2424466609954834,3.1290528774261475,2.8143813610076904,2.5744826793670654,2.2215676307678223,2.0171658992767334,1.6641262769699097,1.487017273902893,1.2711106538772583,1.112899899482727,1.1252171993255615,0.915144681930542,1.2488312721252441,1.3027211427688599,1.605019450187683,1.5879460573196411,1.9601560831069946,1.7539360523223877,1.817748785018921,1.5211505889892578,1.7436262369155884,1.6037616729736328,1.8412355184555054,1.8832495212554932,2.077075242996216,2.208423614501953,2.2669477462768555,2.6273510456085205,2.6029043197631836,2.9803781509399414,3.043145179748535,2.0449209213256836,1.9401644468307495,1.5570132732391357,1.4842207431793213,1.2730342149734497,1.1314067840576172,1.2072083950042725,1.1104172468185425,1.3907830715179443,1.371500015258789,1.7268165349960327,1.863021731376648,2.0055885314941406,2.1907236576080322,2.524839162826538
B4,3.002901315689087,2.680493116378784,2.460108757019043,2.0851926803588867,2.063131332397461,1.6924821138381958,1.781842589378357,1.5827311277389526,1.664976954460144,1.5428779125213623,1.5386459827423096,1.731830358505249,1.5391722917556763,1.8490495681762695,1.9152283668518066,0.9248210787773132,0.607039213180542,0.394228994846344,0.0,0.3821224868297577,0.6208131909370422,0.9075614213943481,1.1992226839065552,1.494014024734497,1.761557698249817,2.0119524002075195,2.2979395389556885,2.4871864318847656,2.7531073093414307,2.935009717941284,2.7478365898132324,2.4381072521209717,2.1878724098205566,1.8425589799880981,1.6260358095169067,1.2749440670013428,1.0941593647003174,0.8914008140563965,0.7690458297729492,0.8579649925231934,0.7584518790245056,1.1371440887451172,1.255958914756775,1.566203236579895,1.6381182670593262,1.8758724927902222,1.654924988746643,1.6366939544677734,1.3081462383270264,1.5060042142868042,1.3300737142562866,1.5974153280258179,1.6156810522079468,1.8550463914871216,1.9689216613769531,2.0805466175079346,2.428788185119629,2.4101057052612305,2.7849514484405518,2.890923261642456,1.9437521696090698,1.8355112075805664,1.4602973461151123,1.3268171548843384,1.1886780261993408,0.9891266822814941,1.1586557626724243,1.0667884349822998,1.3949583768844604,1.3923897743225098,1.7084630727767944,1.9002046585083008,1.9970955848693848,2.238075017929077,2.541478157043457
B5,2.9471521377563477,2.616278648376465,2.4441754817962646,2.0611586570739746,2.075864315032959,1.7309883832931519,1.825935959815979,1.6890901327133179,1.7564417123794556,1.7012397050857544,1.6569477319717407,1.9005628824234009,1.7226510047912598,2.064622640609741,2.0886523723602295,1.1851000785827637,0.855218231678009,0.6018491983413696,0.3821224868297577,0.0,0.3983736038208008,0.5917959809303284,0.9138487577438354,1.1888223886489868,1.4730587005615234,1.7334249019622803,1.9943002462387085,2.2170403003692627,2.454435348510742,2.642103433609009,2.618318557739258,2.2824666500091553,2.0822055339813232,1.7216085195541382,1.5445531606674194,1.2304166555404663,1.0877163410186768,1.0119121074676514,0.9501133561134338,1.1498866081237793,1.0936946868896484,1.4694156646728516,1.6259602308273315,1.9214555025100708,1.9985167980194092,2.2142415046691895,1.965394377708435,1.908219814300537,1.5438816547393799,1.6670725345611572,1.4086118936538696,1.6196290254592896,1.5474464893341064,1.754350185394287,1.801451325416565,1.8836551904678345,2.213131904602051,2.1447243690490723,2.5225963592529297,2.6186447143554688,1.5795609951019287,1.5039422512054443,1.1293078660964966,1.0487706661224365,0.9780200123786926,0.8878034949302673,1.1386456489562988,1.1764470338821411,1.5330712795257568,1.6167774200439453,1.9287948608398438,2.157677412033081,2.2837867736816406,2.537229299545288,2.8295114040374756
B6,2.55670166015625,2.225909948348999,2.0692708492279053,1.6885077953338623,1.7342592477798462,1.4182411432266235,1.555816411972046,1.4908779859542847,1.61253023147583,1.637464165687561,1.6481091976165771,1.9445347785949707,1.8429030179977417,2.2028965950012207,2.2663192749023438,1.5292482376098633,1.1952770948410034,0.9449194073677063,0.6208131909370422,0.3983736038208008,0.0,0.37284815311431885,0.5815733075141907,0.9033306837081909,1.1440229415893555,1.4135695695877075,1.6869632005691528,1.871788501739502,2.13472318649292,2.3268516063690186,2.2286739349365234,1.896749496459961,1.6989253759384155,1.3303050994873047,1.1816737651824951,0.8710892796516418,0.8058913350105286,0.8076719045639038,0.8867011666297913,1.145603060722351,1.2155882120132446,1.5857526063919067,1.7549396753311157,2.0553858280181885,2.1902120113372803,2.2064552307128906,1.9360753297805786,1.802337884902954,1.4174107313156128,1.4689487218856812,1.1567755937576294,1.3553928136825562,1.233521819114685,1.4713139533996582,1.4908658266067505,1.6264315843582153,1.937107801437378,1.8830604553222656,2.252624750137329,2.3933398723602295,1.4938440322875977,1.3907662630081177,1.0581536293029785,0.8813297152519226,0.9159456491470337,0.7796463966369629,1.1084648370742798,1.1744298934936523,1.5405224561691284,1.6566377878189087,1.9156758785247803,2.1931347846984863,2.2911734580993652,2.5868208408355713,2.841156005859375
B7,2.584916114807129,2.2402615547180176,2.1335830688476562,1.750354528427124,1.7965408563613892,1.5119633674621582,1.605564832687378,1.5852396488189697,1.653582215309143,1.728125810623169,1.6830068826675415,2.0078470706939697,1.920302152633667,2.2979953289031982,2.3206682205200195,1.759077787399292,1.4061049222946167,1.1925731897354126,0.9075614213943481,0.5917959809303284,0.37284815311431885,0.0,0.3898758292198181,0.5996610522270203,0.9097152352333069,1.1464263200759888,1.414401888847351,1.6492695808410645,1.8857405185699463,2.056084394454956,2.146958827972412,1.7881168127059937,1.648679494857788,1.2988755702972412,1.1690998077392578,0.9655159115791321,0.8969734907150269,1.0375596284866333,1.091906189918518,1.410204291343689,1.4719011783599854,1.8256529569625854,2.0418906211853027,2.313026189804077,2.4528729915618896,2.5635149478912354,2.3005268573760986,2.149857521057129,1.7667453289031982,1.7918225526809692,1.4524896144866943,1.6136157512664795,1.416576623916626,1.6257179975509644,1.558037519454956,1.675140142440796,1.9399865865707397,1.8166985511779785,2.178574800491333,2.3209290504455566,1.2874785661697388,1.2695982456207275,0.9731429219245911,0.8947818279266357,1.0464800596237183,1.0332127809524536,1.385377287864685,1.5120925903320312,1.8780895471572876,2.0184144973754883,2.277125835418701,2.5602035522460938,2.662801504135132,2.958972215652466,3.2121386528015137
B8,2.27604341506958,1.9435667991638184,1.8813848495483398,1.5208585262298584,1.6353737115859985,1.4195507764816284,1.5718727111816406,1.6418137550354004,1.7655280828475952,1.9058703184127808,1.9105186462402344,2.2598814964294434,2.2208380699157715,2.600003957748413,2.6491312980651855,2.091902256011963,1.7498078346252441,1.5024497509002686,1.1992226839065552,0.9138487577438354,0.5815733075141907,0.3898758292198181,0.0,0.37619534134864807,0.5654080510139465,0.8618175387382507,1.1086758375167847,1.305616021156311,1.5545727014541626,1.753832459449768,1.8379693031311035,1.4790637493133545,1.3812297582626343,1.0190961360931396,0.9941228628158569,0.8480309247970581,0.9294571280479431,1.129298448562622,1.295286774635315,1.6105453968048096,1.7398196458816528,2.088679790496826,2.288130521774292,2.5711472034454346,2.7363901138305664,2.6610264778137207,2.374197244644165,2.174809217453003,1.7865079641342163,1.7294570207595825,1.3517168760299683,1.4468122720718384,1.1791164875030518,1.3703211545944214,1.244253158569336,1.390076756477356,1.6182550191879272,1.4972870349884033,1.8453110456466675,2.0238473415374756,1.1880450248718262,1.1309856176376343,0.923247218132019,0.7694613933563232,1.0272094011306763,1.025032639503479,1.3955169916152954,1.5656925439834595,1.9154249429702759,2.0976788997650146,2.3100762367248535,2.6283249855041504,2.725435972213745,3.0459649562835693,3.2643415927886963
B9,2.3015763759613037,1.9610148668289185,1.9512996673583984,1.6049582958221436,1.7034797668457031,1.5317749977111816,1.62833571434021,1.7403838634490967,1.8141032457351685,2.000343084335327,1.9666098356246948,2.332667112350464,2.31953763961792,2.7049033641815186,2.727984666824341,2.35770320892334,2.0007429122924805,1.7903363704681396,1.494014024734497,1.1888223886489868,0.9033306837081909,0.5996610522270203,0.37619534134864807,0.0,0.3735678195953369,0.5600284337997437,0.8205622434616089,1.0759779214859009,1.3016653060913086,1.4570109844207764,1.7450405359268188,1.3685866594314575,1.3455313444137573,1.0477368831634521,1.042151927947998,1.0339691638946533,1.0928568840026855,1.3741925954818726,1.5116862058639526,1.8602579832077026,1.9889360666275024,2.317812204360962,2.5557711124420166,2.8108582496643066,2.9877922534942627,2.9914193153381348,2.718431234359741,2.504040241241455,2.1253740787506104,2.063004970550537,1.68655526638031,1.7709224224090576,1.4725921154022217,1.6436080932617188,1.4508284330368042,1.5873674154281616,1.7474340200424194,1.5645334720611572,1.8793977499008179,2.069936752319336,1.1759685277938843,1.2215014696121216,1.0911935567855835,1.0341500043869019,1.338935136795044,1.388731598854065,1.7578074932098389,1.9407248497009277,2.2903411388397217,2.472681999206543,2.6837821006774902,3.002286911010742,3.091444492340088,3.4145309925079346,3.6312179565429688
B10,2.052743434906006,1.7367154359817505,1.7852414846420288,1.484570860862732,1.653659462928772,1.5617234706878662,1.7098944187164307,1.8892793655395508,2.01054048538208,2.2339375019073486,2.2431416511535645,2.6176559925079346,2.6333699226379395,3.0161664485931396,3.062079668045044,2.6532862186431885,2.305878162384033,2.066167116165161,1.761557698249817,1.4730587005615234,1.1440229415893555,0.9097152352333069,0.5654080510139465,0.3735678195953369,0.0,0.375204473733902,0.5557226538658142,0.7495781779289246,0.9921225905418396,1.1951204538345337,1.502036452293396,1.1355409622192383,1.1861430406570435,0.909687340259552,1.0394426584243774,1.0936180353164673,1.261262059211731,1.5477378368377686,1.7528070211410522,2.084508180618286,2.2533059120178223,2.581010103225708,2.7982537746429443,3.0656535625457764,3.2571206092834473,3.1078310012817383,2.817730188369751,2.5715761184692383,2.198437213897705,2.0718207359313965,1.6835099458694458,1.7013041973114014,1.3573129177093506,1.488610029220581,1.2364532947540283,1.3904715776443481,1.4880784749984741,1.3069003820419312,1.5877119302749634,1.8177895545959473,1.2020456790924072,1.204250693321228,1.1732240915298462,1.068403959274292,1.4154309034347534,1.4700795412063599,1.8271080255508423,2.035257339477539,2.360873222351074,2.5726873874664307,2.743738889694214,3.084773063659668,3.1708362102508545,3.508751392364502,3.6946053504943848
B11,2.0206522941589355,1.6979299783706665,1.7853026390075684,1.5079058408737183,1.6379115581512451,1.593058466911316,1.6813392639160156,1.899889588356018,1.9825059175491333,2.2495064735412598,2.2430591583251953,2.6259400844573975,2.6811861991882324,3.06103515625,3.10031795501709,2.8943674564361572,2.532055377960205,2.3313891887664795,2.0119524002075195,1.7334249019622803,1.4135695695877075,1.1464263200759888,0.8618175387382507,0.5600284337997437,0.375204473733902,0.0,0.37815603613853455,0.5723118782043457,0.8321074843406677,0.9317046999931335,1.3534046411514282,0.986131489276886,1.1066502332687378,0.9423437118530273,1.0605822801589966,1.2335271835327148,1.369903802871704,1.710373878479004,1.8966484069824219,2.247769355773926,2.4299166202545166,2.7300713062286377,2.9801454544067383,3.217525005340576,3.4302661418914795,3.3382041454315186,3.0699779987335205,2.804934024810791,2.4492549896240234,2.3301842212677,1.9582866430282593,1.9972763061523438,1.6612402200698853,1.8101696968078613,1.5467398166656494,1.7193405628204346,1.7688146829605103,1.5743818283081055,1.8045016527175903,2.054547071456909,1.4590339660644531,1.5231155157089233,1.5118612051010132,1.43867826461792,1.7835419178009033,1.826883316040039,2.1880736351013184,2.375375747680664,2.7048680782318115,2.8964171409606934,3.0620906352996826,3.400236129760742,3.4625303745269775,3.8065743446350098,3.9881374835968018
B12,2.1196486949920654,1.838652491569519,1.9868882894515991,1.7572555541992188,1.9334135055541992,1.927089810371399,2.0369415283203125,2.2700412273406982,2.359246015548706,2.6274046897888184,2.6160247325897217,2.997878074645996,3.0431270599365234,3.4248852729797363,3.451385021209717,3.1729025840759277,2.8196425437927246,2.593733787536621,2.2979395389556885,1.9943002462387085,1.6869632005691528,1.414401888847351,1.1086758375167847,0.8205622434616089,0.5557226538658142,0.37815603613853455,0.0,0.3823571801185608,0.4922753870487213,0.6590710878372192,1.4578428268432617,1.130215048789978,1.3415076732635498,1.2081230878829956,1.3952453136444092,1.5610414743423462,1.7281867265701294,2.0527756214141846,2.249680995941162,2.5950963497161865,2.7693991661071777,3.0822458267211914,3.3207926750183105,3.5704522132873535,3.772703170776367,3.6356325149536133,3.349245309829712,3.0841832160949707,2.7223570346832275,2.5707879066467285,2.1870977878570557,2.1684000492095947,1.8019466400146484,1.8808207511901855,1.5644842386245728,1.683533787727356,1.6601194143295288,1.4166513681411743,1.5928012132644653,1.8355257511138916,1.3841917514801025,1.471448540687561,1.554871678352356,1.5237841606140137,1.8939259052276611,1.9948145151138306,2.340879440307617,2.572239637374878,2.887542247772217,3.1144073009490967,3.2719340324401855,3.6203830242156982,3.7041478157043457,4.04730749130249,4.219634056091309
B13,1.8007079362869263,1.550391674041748,1.7513611316680908,1.5846604108810425,1.7971619367599487,1.8666934967041016,2.004375696182251,2.2871036529541016,2.41506290435791,2.7121920585632324,2.746910810470581,3.1320481300354004,3.213178873062134,3.5883569717407227,3.647850513458252,3.390822649002075,3.0391275882720947,2.8071792125701904,2.4871864318847656,2.2170403003692627,1.871788501739502,1.6492695808410645,1.305616021156311,1.0759779214859009,0.7495781779289246,0.5723118782043457,0.3823571801185608,0.0,0.3791048228740692,0.5500918030738831,1.147950530052185,0.8686071634292603,1.1527327299118042,1.099241852760315,1.3615283966064453,1.5788123607635498,1.8020175695419312,2.12636137008667,2.3681561946868896,2.6963284015655518,2.911701202392578,3.2107441425323486,3.436607599258423,3.686342239379883,3.911384105682373,3.6511056423187256,3.366673231124878,3.070965051651001,2.7316086292266846,2.541816473007202,2.1752877235412598,2.1300899982452393,1.7657157182693481,1.8419625759124756,1.5203437805175781,1.6873984336853027,1.6149027347564697,1.431174635887146,1.5493810176849365,1.8456228971481323,1.679929256439209,1.7071605920791626,1.8042799234390259,1.7074065208435059,2.070046901702881,2.1265275478363037,2.4589650630950928,2.672471523284912,2.966331958770752,3.1901438236236572,3.3073740005493164,3.665984869003296,3.726088762283325,4.082371234893799,4.223908424377441
