,A1,A2,A3,A4,A5,A6,A7,A8,A9,A10,A11,A12,A13,A14,A15,B1,B2,B3,B4,B5,B6,B7,B8,B9,B10,B11,B12,B13,B14,B15,C1,C2,C3,C4,C5,C6,C7,C8,C9,C10,C11,C12,C13,C14,C15,D1,D2,D3,D4,D5,D6,D7,D8,D9,D10,D11,D12,D13,D14,D15,E1,E2,E3,E4,E5,E6,E7,E8,E9,E10,E11,E12,E13,E14,E15
A1,0.0,0.3837522268295288,0.6321721076965332,0.963943600654602,1.2335981130599976,1.559221863746643,1.8371270895004272,2.187047004699707,2.450701951980591,2.788228750228882,3.0049028396606445,3.3586814403533936,3.5646111965179443,3.8899624347686768,4.0390625,3.6468539237976074,3.3911585807800293,3.131134510040283,2.7362067699432373,2.702157497406006,2.3542516231536865,2.3681089878082275,2.1209065914154053,2.2250704765319824,2.1495118141174316,2.0343406200408936,2.244842052459717,2.0025720596313477,2.3364968299865723,2.2893307209014893,1.2075960636138916,1.37239408493042,1.5150227546691895,1.5403850078582764,1.8952302932739258,2.0059595108032227,2.3891119956970215,2.6018013954162598,2.9085354804992676,3.1566195487976074,3.2121548652648926,3.5807690620422363,3.5244288444519043,3.871753692626953,3.7993922233581543,2.4857404232025146,2.183483362197876,2.1519594192504883,1.9123281240463257,2.207258462905884,2.1434414386749268,2.5029520988464355,2.618528127670288,2.871302604675293,3.040421485900879,2.9955227375030518,3.3105509281158447,3.1431634426116943,3.4735665321350098,3.4109790325164795,2.2332863807678223,1.8854789733886719,1.9395051002502441,1.6766496896743774,1.95924711227417,1.8629066944122314,2.1882781982421875,2.2647974491119385,2.520207405090332,2.717222213745117,2.760477066040039,3.1131374835968018,3.065067768096924,3.4358878135681152,3.504380464553833
A2,0.3837522268295288,0.0,0.3816341161727905,0.6347083449363708,0.9116036295890808,1.2313505411148071,1.4987508058547974,1.8546104431152344,2.105299949645996,2.448587656021118,2.6468331813812256,3.0066912174224854,3.205293893814087,3.5352389812469482,3.6722333431243896,3.3192648887634277,3.0474250316619873,2.7865777015686035,2.3931074142456055,2.3515870571136475,2.0112662315368652,2.0180840492248535,1.79326593875885,1.9039244651794434,1.872521996498108,1.77032470703125,2.0257437229156494,1.835364818572998,2.1960408687591553,2.166457176208496,1.1619845628738403,1.3048068284988403,1.3483164310455322,1.349198579788208,1.6692323684692383,1.7566419839859009,2.1397340297698975,2.3436925411224365,2.67018461227417,2.92569899559021,3.0183966159820557,3.3948047161102295,3.377056121826172,3.7271523475646973,3.665226459503174,2.4401323795318604,2.151310443878174,2.0569040775299072,1.8048514127731323,2.0676002502441406,1.9696370363235474,2.334066390991211,2.4246041774749756,2.7116150856018066,2.883016586303711,2.8853180408477783,3.21809458732605,3.0923445224761963,3.4385156631469727,3.3931121826171875,2.3097565174102783,1.956108570098877,1.93459153175354,1.644066572189331,1.880760908126831,1.7301912307739258,2.050089120864868,2.0758957862854004,2.3519210815429688,2.5100512504577637,2.574542284011841,2.9125759601593018,2.857386589050293,3.223795175552368,3.3273744583129883
A3,0.6321721076965332,0.3816341161727905,0.0,0.3906889855861664,0.612354040145874,0.9399363398551941,1.2192497253417969,1.561503529548645,1.8363176584243774,2.165050745010376,2.399038314819336,2.7458600997924805,2.9580094814300537,3.277001142501831,3.4432220458984375,3.0766313076019287,2.8174681663513184,2.5874314308166504,2.1942899227142334,2.2095861434936523,1.898893117904663,1.9717820882797241,1.7995269298553467,1.974739909172058,1.9941338300704956,1.949541449546814,2.241589069366455,2.0985348224639893,2.469425916671753,2.4711639881134033,1.4160462617874146,1.4728277921676636,1.4636332988739014,1.3593761920928955,1.6516913175582886,1.6533540487289429,2.0346293449401855,2.181915521621704,2.523811101913452,2.742225170135498,2.854532241821289,3.2229197025299072,3.2074360847473145,3.5675201416015625,3.5425570011138916,2.472296953201294,2.1591336727142334,2.019739866256714,1.7168231010437012,1.929876446723938,1.7702281475067139,2.110480546951294,2.15608811378479,2.4352550506591797,2.5742619037628174,2.584911823272705,2.9091904163360596,2.788506507873535,3.1421186923980713,3.1262123584747314,2.225476026535034,1.8548038005828857,1.7892889976501465,1.4530839920043945,1.6388360261917114,1.437228798866272,1.7265809774398804,1.728592038154602,1.986631989479065,2.1408755779266357,2.1947197914123535,2.534269094467163,2.483187675476074,2.8507959842681885,2.95137357711792
A4,0.963943600654602,0.6347083449363708,0.3906889855861664,0.0,0.3796479403972626,0.6102523803710938,0.9275927543640137,1.2474557161331177,1.535791277885437,1.8543884754180908,2.073397397994995,2.4306368827819824,2.6169943809509277,2.949672222137451,3.1026952266693115,2.7047111988067627,2.4394614696502686,2.2006468772888184,1.8070968389511108,1.819748878479004,1.5155971050262451,1.6075507402420044,1.4659695625305176,1.6780216693878174,1.739559531211853,1.746343970298767,2.069295644760132,1.9892240762710571,2.3666744232177734,2.408776044845581,1.4166486263275146,1.4162105321884155,1.3065177202224731,1.1514614820480347,1.382035493850708,1.3417431116104126,1.712705373764038,1.8459163904190063,2.201084613800049,2.424949884414673,2.5685935020446777,2.9409568309783936,2.9622914791107178,3.320141315460205,3.3028621673583984,2.3458147048950195,2.0550014972686768,1.8551830053329468,1.551802635192871,1.7187031507492065,1.5310088396072388,1.8699568510055542,1.898573398590088,2.2128024101257324,2.3668997287750244,2.4276437759399414,2.77197527885437,2.7032408714294434,3.064723253250122,3.0536279678344727,2.236845016479492,1.8819124698638916,1.7402745485305786,1.4058371782302856,1.532112956047058,1.2915514707565308,1.5749725103378296,1.5316963195800781,1.8286004066467285,1.9459972381591797,2.0509634017944336,2.3744957447052,2.3420629501342773,2.699043035507202,2.8458499908447266
A5,1.2335981130599976,0.9116036295890808,0.612354040145874,0.3796479403972626,0.0,0.3875947594642639,0.6073763370513916,0.9630545973777771,1.2241612672805786,1.5569546222686768,1.7916452884674072,2.134587049484253,2.3560867309570312,2.6683578491210938,2.8417904376983643,2.5717101097106934,2.291933059692383,2.100336790084839,1.720577359199524,1.7831224203109741,1.5404186248779297,1.6568574905395508,1.5968554019927979,1.81393301486969,1.9448485374450684,1.954757571220398,2.304894208908081,2.2630624771118164,2.644583225250244,2.673909902572632,1.784024715423584,1.7842146158218384,1.6414581537246704,1.4599171876907349,1.6332789659500122,1.5240209102630615,1.8648418188095093,1.9334938526153564,2.306020498275757,2.4945015907287598,2.681300401687622,3.042058229446411,3.0879416465759277,3.448859214782715,3.467510938644409,2.65779185295105,2.3671936988830566,2.1354472637176514,1.8133063316345215,1.9210255146026611,1.6706947088241577,1.9656867980957031,1.9190622568130493,2.2331504821777344,2.3344829082489014,2.4291188716888428,2.7568068504333496,2.705198287963867,3.073333978652954,3.1084675788879395,2.497170925140381,2.1379833221435547,1.9681850671768188,1.608232021331787,1.6640169620513916,1.3544363975524902,1.5600528717041016,1.4320123195648193,1.6824078559875488,1.7413368225097656,1.8102030754089355,2.1083426475524902,2.035839796066284,2.38918399810791,2.5437583923339844
A6,1.559221863746643,1.2313505411148071,0.9399363398551941,0.6102523803710938,0.3875947594642639,0.0,0.3851095736026764,0.6406742930412292,0.9606773853302002,1.2535985708236694,1.4989145994186401,1.844444751739502,2.0358381271362305,2.359931468963623,2.536109447479248,2.1859898567199707,1.914108395576477,1.730696439743042,1.3548463582992554,1.4577347040176392,1.2553986310958862,1.437285304069519,1.4413694143295288,1.7141515016555786,1.884120225906372,1.963801622390747,2.3252060413360596,2.339632272720337,2.712965250015259,2.7868363857269287,1.9190691709518433,1.8552846908569336,1.648768663406372,1.4077364206314087,1.498387098312378,1.3128803968429565,1.612318754196167,1.6280320882797241,2.006021022796631,2.1735196113586426,2.391462802886963,2.743699789047241,2.819558620452881,3.1760289669036865,3.2155184745788574,2.578791856765747,2.3070831298828125,2.0261194705963135,1.7052947282791138,1.7427154779434204,1.4540525674819946,1.7143157720565796,1.629683494567871,1.9635933637619019,2.064938545227051,2.2078678607940674,2.5441830158233643,2.5438435077667236,2.9123055934906006,2.956801652908325,2.484384775161743,2.1489274501800537,1.916936993598938,1.5724895000457764,1.552267074584961,1.2139896154403687,1.3779504299163818,1.1966413259506226,1.4737827777862549,1.492196798324585,1.622178316116333,1.9001421928405762,1.8658195734024048,2.201369285583496,2.4002366065979004
A7,1.8371270895004272,1.4987508058547974,1.2192497253417969,0.9275927543640137,0.6073763370513916,0.3851095736026764,0.0,0.3978939354419708,0.6175736784934998,0.9553646445274353,1.1892905235290527,1.5273631811141968,1.7581731081008911,2.0626916885375977,2.2448232173919678,2.1036410331726074,1.8016189336776733,1.6716551780700684,1.3343935012817383,1.4630059003829956,1.3427025079727173,1.504761815071106,1.586451530456543,1.8265972137451172,2.056199073791504,2.1204285621643066,2.4973154067993164,2.545819044113159,2.9176547527313232,2.9724085330963135,2.2393789291381836,2.199411153793335,1.9714679718017578,1.7493112087249756,1.7995965480804443,1.597566843032837,1.8537410497665405,1.8281071186065674,2.2061498165130615,2.3506264686584473,2.610031843185425,2.9472360610961914,3.0570316314697266,3.406052589416504,3.4674923419952393,2.929643392562866,2.6714816093444824,2.375455856323242,2.0629124641418457,2.0683672428131104,1.7587890625,1.9773913621902466,1.8360395431518555,2.165947437286377,2.2222249507904053,2.4047605991363525,2.7207510471343994,2.7453346252441406,3.1120030879974365,3.1933493614196777,2.853118419647217,2.5191829204559326,2.2781119346618652,1.9312617778778076,1.8764355182647705,1.5141929388046265,1.607288122177124,1.3508846759796143,1.5628657341003418,1.48981511592865,1.5813088417053223,1.8003931045532227,1.7085881233215332,2.0231144428253174,2.247121810913086
A8,2.187047004699707,1.8546104431152344,1.561503529548645,1.2474557161331177,0.9630545973777771,0.6406742930412292,0.3978939354419708,0.0,0.3903595507144928,0.6162443161010742,0.9018237590789795,1.2213304042816162,1.430509328842163,1.735255241394043,1.9411064386367798,1.7461010217666626,1.4597275257110596,1.3838473558425903,1.0886529684066772,1.3013849258422852,1.277719259262085,1.5081114768981934,1.6625795364379883,1.9404497146606445,2.1960673332214355,2.316777467727661,2.691800355911255,2.780971050262451,3.1405282020568848,3.2290568351745605,2.500612258911133,2.413092851638794,2.153285264968872,1.8892954587936401,1.8720886707305908,1.6047999858856201,1.7923851013183594,1.6881707906723022,2.051307201385498,2.146684169769287,2.4389820098876953,2.7501485347747803,2.8883674144744873,3.2266435623168945,3.321229934692383,2.9910359382629395,2.74912691116333,2.4205820560455322,2.1145803928375244,2.048332691192627,1.7087279558181763,1.8591842651367188,1.6587274074554443,1.9811159372329712,2.0086090564727783,2.2408525943756104,2.544607639312744,2.6203346252441406,2.977857828140259,3.081010580062866,2.9301300048828125,2.621537685394287,2.338212251663208,2.012904644012451,1.8864250183105469,1.5159003734588623,1.5322537422180176,1.2185524702072144,1.4060697555541992,1.2605845928192139,1.3997238874435425,1.5690617561340332,1.5137946605682373,1.7927545309066772,2.063037633895874
A9,2.450701951980591,2.105299949645996,1.8363176584243774,1.535791277885437,1.2241612672805786,0.9606773853302002,0.6175736784934998,0.3903595507144928,0.0,0.38380441069602966,0.5930912494659424,0.9127583503723145,1.1723599433898926,1.455088496208191,1.6510244607925415,1.7573950290679932,1.436141848564148,1.41730797290802,1.1940813064575195,1.3872731924057007,1.4347506761550903,1.6103712320327759,1.8173449039459229,2.0455217361450195,2.344099283218384,2.442654848098755,2.822862386703491,2.9409403800964355,3.294046401977539,3.3631579875946045,2.7728192806243896,2.712933301925659,2.437343120574951,2.2040040493011475,2.165379524230957,1.9131273031234741,2.0723907947540283,1.9617866277694702,2.3132286071777344,2.4035966396331787,2.7227835655212402,3.0206942558288574,3.1903796195983887,3.515685796737671,3.6167962551116943,3.328976631164551,3.103273391723633,2.769456386566162,2.47871994972229,2.4078798294067383,2.0744049549102783,2.210080623626709,1.992489218711853,2.3088059425354004,2.3134517669677734,2.5700345039367676,2.8563621044158936,2.9502129554748535,3.3012497425079346,3.42466402053833,3.3189120292663574,3.0095996856689453,2.727184772491455,2.402283191680908,2.2750861644744873,1.9033260345458984,1.8991367816925049,1.5644809007644653,1.7020213603973389,1.49343740940094,1.5889289379119873,1.6819183826446533,1.565435528755188,1.7976179122924805,2.0923893451690674
A10,2.788228750228882,2.448587656021118,2.165050745010376,1.8543884754180908,1.5569546222686768,1.2535985708236694,0.9553646445274353,0.6162443161010742,0.38380441069602966,0.0,0.3830806314945221,0.6181447505950928,0.8652547001838684,1.131967306137085,1.3711130619049072,1.4862003326416016,1.1948821544647217,1.2724391222000122,1.1416741609573364,1.4019283056259155,1.5393821001052856,1.7575737237930298,2.0091640949249268,2.258948564529419,2.5673887729644775,2.705763578414917,3.0791711807250977,3.2234203815460205,3.5654211044311523,3.6593573093414307,3.063049554824829,2.969541311264038,2.6778645515441895,2.4169795513153076,2.335026502609253,2.042656183242798,2.141807794570923,1.9671118259429932,2.28765606880188,2.324453353881836,2.6659812927246094,2.9290122985839844,3.1221275329589844,3.4307031631469727,3.563918352127075,3.4636483192443848,3.251513719558716,2.8987510204315186,2.61678147315979,2.4925804138183594,2.1457698345184326,2.217226505279541,1.9542659521102905,2.244020938873291,2.2135369777679443,2.5077474117279053,2.769563674926758,2.907306671142578,3.241579055786133,3.386899709701538,3.454052448272705,3.1670920848846436,2.858384370803833,2.55416202545166,2.376533269882202,2.0110836029052734,1.9443978071212769,1.5835227966308594,1.6765999794006348,1.4055577516555786,1.5256882905960083,1.5451701879501343,1.4620016813278198,1.6317113637924194,1.9674906730651855
A11,3.0049028396606445,2.6468331813812256,2.399038314819336,2.073397397994995,1.7916452884674072,1.4989145994186401,1.1892905235290527,0.9018237590789795,0.5930912494659424,0.3830806314945221,0.0,0.382122665643692,0.594254195690155,0.8927561044692993,1.0591213703155518,1.4485752582550049,1.1151517629623413,1.2098853588104248,1.1553215980529785,1.354941964149475,1.5503599643707275,1.7104898691177368,2.0057711601257324,2.2104337215423584,2.5497195720672607,2.6839377880096436,3.0504679679870605,3.2322885990142822,3.5570945739746094,3.6487514972686768,3.1977593898773193,3.1180436611175537,2.801384210586548,2.572099447250366,2.4556541442871094,2.186096429824829,2.252220392227173,2.0912222862243652,2.3944358825683594,2.4492404460906982,2.8091020584106445,3.0659067630767822,3.2950801849365234,3.5854597091674805,3.706151008605957,3.626309871673584,3.443669319152832,3.084196090698242,2.8319954872131348,2.707812786102295,2.384742259979248,2.4609286785125732,2.2156667709350586,2.5191636085510254,2.510925054550171,2.823692798614502,3.0908989906311035,3.2495615482330322,3.5791122913360596,3.7150039672851562,3.735034227371216,3.455209493637085,3.141179084777832,2.84985089302063,2.6835057735443115,2.330063581466675,2.2850561141967773,1.9339028596878052,2.0453176498413086,1.7708173990249634,1.8992440700531006,1.8912949562072754,1.7981098890304565,1.9286397695541382,2.276324987411499
A12,3.3586814403533936,3.0066912174224854,2.7458600997924805,2.4306368827819824,2.134587049484253,1.844444751739502,1.5273631811141968,1.2213304042816162,0.9127583503723145,0.6181447505950928,0.382122665643692,0.0,0.38440170884132385,0.5517109632492065,0.7937722206115723,1.4693684577941895,1.1932820081710815,1.3912205696105957,1.4237337112426758,1.6465139389038086,1.8845471143722534,2.0516955852508545,2.3629345893859863,2.564115047454834,2.9089789390563965,3.0495941638946533,3.4119679927825928,3.6044981479644775,3.923801898956299,4.016842365264893,3.5764424800872803,3.489320755004883,3.171304941177368,2.931363105773926,2.8033998012542725,2.517172336578369,2.5552778244018555,2.358346462249756,2.6350438594818115,2.6464920043945312,3.0160999298095703,3.2400074005126953,3.4819533824920654,3.7566823959350586,3.904939889907837,3.948430061340332,3.768826723098755,3.4029042720794678,3.150381326675415,3.000192403793335,2.6673197746276855,2.7023634910583496,2.424901247024536,2.6952145099639893,2.6449015140533447,2.974116563796997,3.20819354057312,3.389064073562622,3.7018234729766846,3.8655552864074707,4.027754306793213,3.75567889213562,3.433455228805542,3.1463165283203125,2.952749013900757,2.5985116958618164,2.5079355239868164,2.1411526203155518,2.1964340209960938,1.8789597749710083,1.981139063835144,1.898141860961914,1.7956606149673462,1.8528871536254883,2.214696168899536
A13,3.5646111965179443,3.205293893814087,2.9580094814300537,2.6169943809509277,2.3560867309570312,2.0358381271362305,1.7581731081008911,1.430509328842163,1.1723599433898926,0.8652547001838684,0.594254195690155,0.38440170884132385,0.0,0.3835735023021698,0.5315525531768799,1.2045834064483643,0.9457007050514221,1.1943663358688354,1.3285210132598877,1.537245750427246,1.8365135192871094,2.004063606262207,2.3442957401275635,2.545301675796509,2.892853260040283,3.068255662918091,3.4136481285095215,3.6381032466888428,3.9362926483154297,4.057056427001953,3.664907693862915,3.5544090270996094,3.214714765548706,2.975034713745117,2.800471782684326,2.510134220123291,2.4910976886749268,2.2751450538635254,2.5123798847198486,2.510143280029297,2.890967845916748,3.0903193950653076,3.3643157482147217,3.613326072692871,3.7621819972991943,3.9215474128723145,3.773930788040161,3.3973586559295654,3.1769821643829346,2.998969316482544,2.6871490478515625,2.69472599029541,2.4252638816833496,2.6926605701446533,2.663154125213623,3.015777111053467,3.251725196838379,3.4689900875091553,3.768461227416992,3.9169938564300537,4.096227645874023,3.8493223190307617,3.50890851020813,3.252514362335205,3.044917106628418,2.7153854370117188,2.6253137588500977,2.2734835147857666,2.352674722671509,2.0407354831695557,2.196458339691162,2.1083362102508545,2.0619618892669678,2.0974619388580322,2.472893714904785
A14,3.8899624347686768,3.5352389812469482,3.277001142501831,2.949672222137451,2.6683578491210938,2.359931468963623,2.0626916885375977,1.735255241394043,1.455088496208191,1.131967306137085,0.8927561044692993,0.5517109632492065,0.3835735023021698,0.0,0.3821638524532318,1.4253844022750854,1.2417701482772827,1.5369012355804443,1.6985321044921875,1.9142038822174072,2.2193546295166016,2.3836264610290527,2.7258048057556152,2.918200731277466,3.2698585987091064,3.437905788421631,3.7831997871398926,4.009679317474365,4.307262897491455,4.420353889465332,4.037474632263184,3.9297869205474854,3.593815565109253,3.3494248390197754,3.1785035133361816,2.8809120655059814,2.8561666011810303,2.6228084564208984,2.8450028896331787,2.812253952026367,3.193366050720215,3.367050886154175,3.643700122833252,3.880877733230591,4.051578521728516,4.2855353355407715,4.134460926055908,3.756711483001709,3.530139446258545,3.341141939163208,3.0197887420654297,3.003772497177124,2.711616039276123,2.9497463703155518,2.8815786838531494,3.238199472427368,3.4424824714660645,3.6691126823425293,3.9540517330169678,4.129002571105957,4.419291973114014,4.172778606414795,3.8316307067871094,3.571458339691162,3.3487508296966553,3.014136791229248,2.8918471336364746,2.5287694931030273,2.5587403774261475,2.218787670135498,2.336463689804077,2.1890881061553955,2.1232657432556152,2.0952110290527344,2.4678523540496826
A15,4.0390625,3.6722333431243896,3.4432220458984375,3.1026952266693115,2.8417904376983643,2.536109447479248,2.2448232173919678,1.9411064386367798,1.6510244607925415,1.3711130619049072,1.0591213703155518,0.7937722206115723,0.5315525531768799,0.3821638524532318,0.0,1.4900938272476196,1.2893478870391846,1.5550148487091064,1.7586785554885864,1.9095708131790161,2.237117052078247,2.3521735668182373,2.7111434936523438,2.8646678924560547,3.2263858318328857,3.3929829597473145,3.721799373626709,3.9764294624328613,4.2525248527526855,4.367780685424805,4.102971076965332,4.003664970397949,3.651608943939209,3.4348409175872803,3.2391839027404785,2.9665043354034424,2.9184939861297607,2.7074952125549316,2.912384510040283,2.9044792652130127,3.28989839553833,3.4622561931610107,3.763911008834839,3.984790325164795,4.134407997131348,4.36348819732666,4.239682674407959,3.8608789443969727,3.6620869636535645,3.4788877964019775,3.1825218200683594,3.1799354553222656,2.914759874343872,3.1717312335968018,3.138000965118408,3.5012741088867188,3.7223739624023438,3.9584310054779053,4.244960784912109,4.399696350097656,4.60633659362793,4.366451740264893,4.022595405578613,3.774315357208252,3.566681385040283,3.2428557872772217,3.1503312587738037,2.7990963459014893,2.8652050495147705,2.540688991546631,2.680049180984497,2.552736520767212,2.4895987510681152,2.47428822517395,2.8467583656311035
B1,3.6468539237976074,3.3192648887634277,3.0766313076019287,2.7047111988067627,2.5717101097106934,2.1859898567199707,2.1036410331726074,1.7461010217666626,1.7573950290679932,1.4862003326416016,1.4485752582550049,1.4693684577941895,1.2045834064483643,1.4253844022750854,1.4900938272476196,0.0,0.39487454295158386,0.6676085591316223,0.9865249395370483,1.24229896068573,1.5780080556869507,1.8671096563339233,2.171325922012329,2.46834397315979,2.7275209426879883,3.0273611545562744,3.317152261734009,3.551323652267456,3.8089816570281982,4.03012752532959,3.4813220500946045,3.259521961212158,2.9134745597839355,2.6220428943634033,2.355459213256836,2.0219359397888184,1.8416064977645874,1.5231658220291138,1.6111266613006592,1.5014722347259521,1.879521369934082,1.9986239671707153,2.3161418437957764,2.5103659629821777,2.682070016860962,3.2262539863586426,3.141625165939331,2.755648136138916,2.612950325012207,2.3348238468170166,2.0891757011413574,1.973128080368042,1.7373909950256348,1.9499138593673706,1.9918769598007202,2.37123441696167,2.6082041263580322,2.907069444656372,3.1563937664031982,3.2389631271362305,3.5142178535461426,3.3624978065490723,2.9832875728607178,2.8427250385284424,2.581404685974121,2.366482973098755,2.262200355529785,2.0140297412872314,2.159505844116211,1.9446263313293457,2.2613329887390137,2.2379977703094482,2.3936173915863037,2.448054313659668,2.8083486557006836
B2,3.3911585807800293,3.0474250316619873,2.8174681663513184,2.4394614696502686,2.291933059692383,1.914108395576477,1.8016189336776733,1.4597275257110596,1.436141848564148,1.1948821544647217,1.1151517629623413,1.1932820081710815,0.9457007050514221,1.2417701482772827,1.2893478870391846,0.39487454295158386,0.0,0.39014577865600586,0.7050329446792603,0.9541252851486206,1.306087851524353,1.5686966180801392,1.8941900730133057,2.171806573867798,2.4590280055999756,2.732647180557251,3.0391359329223633,3.275344133377075,3.5443944931030273,3.7428629398345947,3.251439332962036,3.0620343685150146,2.707064628601074,2.4377124309539795,2.186654806137085,1.8715647459030151,1.7418066263198853,1.475074291229248,1.6395732164382935,1.616497278213501,2.0020992755889893,2.18445086479187,2.487942695617676,2.7138779163360596,2.8494458198547363,3.1762874126434326,3.077188491821289,2.6905062198638916,2.530510425567627,2.29614520072937,2.0381691455841064,1.9943902492523193,1.7741479873657227,2.045525074005127,2.1070058345794678,2.47312331199646,2.7422635555267334,3.0029215812683105,3.2837917804718018,3.363760471343994,3.48685622215271,3.301663637161255,2.9335877895355225,2.757711410522461,2.5304059982299805,2.281440019607544,2.2183115482330322,1.9467573165893555,2.1218888759613037,1.9020462036132812,2.1979734897613525,2.200697898864746,2.3027217388153076,2.3935351371765137,2.7588613033294678
B3,3.131134510040283,2.7865777015686035,2.5874314308166504,2.2006468772888184,2.100336790084839,1.730696439743042,1.6716551780700684,1.3838473558425903,1.41730797290802,1.2724391222000122,1.2098853588104248,1.3912205696105957,1.1943663358688354,1.5369012355804443,1.5550148487091064,0.6676085591316223,0.39014577865600586,0.0,0.39524081349372864,0.5811688899993896,0.9389124512672424,1.2040588855743408,1.5218759775161743,1.8069437742233276,2.081033945083618,2.3680286407470703,2.665536880493164,2.9034624099731445,3.1660423278808594,3.3748891353607178,2.903327465057373,2.7129526138305664,2.349307060241699,2.0979080200195312,1.830007791519165,1.5381088256835938,1.4033163785934448,1.1831218004226685,1.3713077306747437,1.4289963245391846,1.8058851957321167,2.0349514484405518,2.3332529067993164,2.5722014904022217,2.66178822517395,2.849156379699707,2.763165235519409,2.379483699798584,2.240593194961548,2.0307939052581787,1.8054524660110474,1.8121079206466675,1.6550008058547974,1.9692193269729614,2.097407579421997,2.438365936279297,2.7448573112487793,2.9811384677886963,3.2752108573913574,3.316122055053711,3.2514641284942627,3.067448616027832,2.7065963745117188,2.5421953201293945,2.350571393966675,2.121743679046631,2.1215600967407227,1.8880443572998047,2.12790584564209,1.9645791053771973,2.2778160572052,2.3433878421783447,2.444246768951416,2.5859909057617188,2.936009407043457
B4,2.7362067699432373,2.3931074142456055,2.1942899227142334,1.8070968389511108,1.720577359199524,1.3548463582992554,1.3343935012817383,1.0886529684066772,1.1940813064575195,1.1416741609573364,1.1553215980529785,1.4237337112426758,1.3285210132598877,1.6985321044921875,1.7586785554885864,0.9865249395370483,0.7050329446792603,0.39524081349372864,0.0,0.3817536532878876,0.6326517462730408,0.9572691321372986,1.2388889789581299,1.5596898794174194,1.8230862617492676,2.0939557552337646,2.4113049507141113,2.615281820297241,2.902365207672119,3.097468852996826,2.5471973419189453,2.366623640060425,2.0115246772766113,1.7519097328186035,1.5184844732284546,1.2219593524932861,1.1659812927246094,0.9939542412757874,1.2728111743927002,1.3933848142623901,1.7459757328033447,2.0315942764282227,2.282287120819092,2.560476779937744,2.6275219917297363,2.6055941581726074,2.4866528511047363,2.1075778007507324,1.9373332262039185,1.7659376859664917,1.5246498584747314,1.5963728427886963,1.4638035297393799,1.8172552585601807,1.9686179161071777,2.277449369430542,2.610438108444214,2.8031699657440186,3.1196258068084717,3.1492109298706055,2.9579663276672363,2.7488107681274414,2.400535821914673,2.2114102840423584,2.0482094287872314,1.8047488927841187,1.8477096557617188,1.6253582239151,1.9047123193740845,1.7821698188781738,2.088654041290283,2.2101352214813232,2.296433448791504,2.4889957904815674,2.8170363903045654
B5,2.702157497406006,2.3515870571136475,2.2095861434936523,1.819748878479004,1.7831224203109741,1.4577347040176392,1.4630059003829956,1.3013849258422852,1.3872731924057007,1.4019283056259155,1.354941964149475,1.6465139389038086,1.537245750427246,1.9142038822174072,1.9095708131790161,1.24229896068573,0.9541252851486206,0.5811688899993896,0.3817536532878876,0.0,0.38933005928993225,0.6256133317947388,0.9434757232666016,1.2302956581115723,1.505408525466919,1.7873905897140503,2.089040756225586,2.3239126205444336,2.590815544128418,2.794342041015625,2.3813226222991943,2.218776226043701,1.8424584865570068,1.6424652338027954,1.3777846097946167,1.1601762771606445,1.0921502113342285,1.033903956413269,1.2922343015670776,1.4981536865234375,1.8229937553405762,2.1256661415100098,2.3847906589508057,2.648383617401123,2.663609266281128,2.5090491771698,2.4265475273132324,2.0607290267944336,1.9387447834014893,1.811558723449707,1.635421872138977,1.7598881721496582,1.7015050649642944,2.067821741104126,2.2643866539001465,2.5509819984436035,2.900188446044922,3.0786962509155273,3.3962209224700928,3.394253730773926,3.0200247764587402,2.8171896934509277,2.486565351486206,2.316135883331299,2.203904151916504,1.9895658493041992,2.0934629440307617,1.9079574346542358,2.218312978744507,2.124541997909546,2.4232730865478516,2.5645220279693604,2.632251024246216,2.8391504287719727,3.1628336906433105
B6,2.3542516231536865,2.0112662315368652,1.898893117904663,1.5155971050262451,1.5404186248779297,1.2553986310958862,1.3427025079727173,1.277719259262085,1.4347506761550903,1.5393821001052856,1.5503599643707275,1.8845471143722534,1.8365135192871094,2.2193546295166016,2.237117052078247,1.5780080556869507,1.306087851524353,0.9389124512672424,0.6326517462730408,0.38933005928993225,0.0,0.3947550058364868,0.6095984578132629,0.9570385217666626,1.1945774555206299,1.4750107526779175,1.7856547832489014,1.9862772226333618,2.2707111835479736,2.472257137298584,1.9922178983688354,1.835497498512268,1.4600003957748413,1.273557424545288,1.0307947397232056,0.8592365980148315,0.8837956190109253,0.9478058815002441,1.2513490915298462,1.5242382287979126,1.7960788011550903,2.1394455432891846,2.3501760959625244,2.6356091499328613,2.614306926727295,2.2252120971679688,2.126387357711792,1.7768237590789795,1.651090145111084,1.5845369100570679,1.4384068250656128,1.6386027336120605,1.6439152956008911,2.026350498199463,2.257599353790283,2.4982287883758545,2.8671553134918213,3.0024774074554443,3.3304364681243896,3.302002191543579,2.7477078437805176,2.5324881076812744,2.225402593612671,2.0522329807281494,1.9920867681503296,1.7964922189712524,1.9652596712112427,1.8265581130981445,2.1738345623016357,2.1386358737945557,2.4271633625030518,2.6206178665161133,2.6825897693634033,2.929800510406494,3.225646495819092
B7,2.3681089878082275,2.0180840492248535,1.9717820882797241,1.6075507402420044,1.6568574905395508,1.437285304069519,1.504761815071106,1.5081114768981934,1.6103712320327759,1.7575737237930298,1.7104898691177368,2.0516955852508545,2.004063606262207,2.3836264610290527,2.3521735668182373,1.8671096563339233,1.5686966180801392,1.2040588855743408,0.9572691321372986,0.6256133317947388,0.3947550058364868,0.0,0.37351471185684204,0.6069673299789429,0.9067655801773071,1.1654789447784424,1.4747488498687744,1.7164307832717896,1.9856380224227905,2.1748127937316895,1.9152507781982422,1.8140469789505005,1.431884765625,1.350681185722351,1.1249583959579468,1.0850074291229248,1.128963828086853,1.277260184288025,1.542431116104126,1.849408507347107,2.097996473312378,2.4406614303588867,2.6542575359344482,2.9240646362304688,2.865530490875244,2.3307244777679443,2.2621688842773438,1.9462039470672607,1.8603543043136597,1.851478099822998,1.7532161474227905,1.9860320091247559,2.0218358039855957,2.4044532775878906,2.6450724601745605,2.8737802505493164,3.2469370365142822,3.367847442626953,3.6986916065216064,3.6583237648010254,2.967181921005249,2.7488560676574707,2.472564935684204,2.3029885292053223,2.2913646697998047,2.105851411819458,2.307274341583252,2.17598032951355,2.5249714851379395,2.48934006690979,2.755824327468872,2.9504613876342773,2.9798548221588135,3.232576847076416,3.5279502868652344
B8,2.1209065914154053,1.79326593875885,1.7995269298553467,1.4659695625305176,1.5968554019927979,1.4413694143295288,1.586451530456543,1.6625795364379883,1.8173449039459229,2.0091640949249268,2.0057711601257324,2.3629345893859863,2.3442957401275635,2.7258048057556152,2.7111434936523438,2.171325922012329,1.8941900730133057,1.5218759775161743,1.2388889789581299,0.9434757232666016,0.6095984578132629,0.37351471185684204,0.0,0.399905800819397,0.5920015573501587,0.8716649413108826,1.1777926683425903,1.3829200267791748,1.6645509004592896,1.8647927045822144,1.5575529336929321,1.4650439023971558,1.0852034091949463,1.065341830253601,0.8746969699859619,0.9531490802764893,1.066962718963623,1.3149747848510742,1.5736019611358643,1.9185863733291626,2.1098313331604004,2.4713408946990967,2.6418354511260986,2.918071985244751,2.8226070404052734,2.072435140609741,2.004333972930908,1.7237131595611572,1.660839319229126,1.7187055349349976,1.6760650873184204,1.9584898948669434,2.0557806491851807,2.4333808422088623,2.7030813694000244,2.888343095779419,3.2709450721740723,3.3572070598602295,3.6878669261932373,3.6178627014160156,2.753039598464966,2.53680157661438,2.2940926551818848,2.141890525817871,2.1860249042510986,2.0401358604431152,2.2939882278442383,2.21646785736084,2.5869851112365723,2.60333251953125,2.8633224964141846,3.096086263656616,3.129955530166626,3.4088737964630127,3.67956805229187
B9,2.2250704765319824,1.9039244651794434,1.974739909172058,1.6780216693878174,1.81393301486969,1.7141515016555786,1.8265972137451172,1.9404497146606445,2.0455217361450195,2.258948564529419,2.2104337215423584,2.564115047454834,2.545301675796509,2.918200731277466,2.8646678924560547,2.46834397315979,2.171806573867798,1.8069437742233276,1.5596898794174194,1.2302956581115723,0.9570385217666626,0.6069673299789429,0.399905800819397,0.0,0.3798438012599945,0.5776354074478149,0.8790360689163208,1.1470038890838623,1.4023011922836304,1.579567790031433,1.5937137603759766,1.5782405138015747,1.2300819158554077,1.3241310119628906,1.177156925201416,1.3269315958023071,1.4322794675827026,1.6967905759811401,1.9281967878341675,2.282257318496704,2.463996171951294,2.8177645206451416,2.993689775466919,3.2542829513549805,3.133838176727295,2.288754940032959,2.251089334487915,2.0115301609039307,1.9816372394561768,2.0749447345733643,2.0581552982330322,2.349853515625,2.455232620239258,2.832162380218506,3.10227370262146,3.2841579914093018,3.6674082279205322,3.7453742027282715,4.077664852142334,4.002347469329834,3.0480079650878906,2.8321471214294434,2.619518280029297,2.4705066680908203,2.5460453033447266,2.4035403728485107,2.6699037551879883,2.58915638923645,2.954606294631958,2.9626624584198,3.204632520675659,3.4326934814453125,3.439046859741211,3.7186458110809326,3.990199089050293
B10,2.1495118141174316,1.872521996498108,1.9941338300704956,1.739559531211853,1.9448485374450684,1.884120225906372,2.056199073791504,2.1960673332214355,2.344099283218384,2.5673887729644775,2.5497195720672607,2.9089789390563965,2.892853260040283,3.2698585987091064,3.2263858318328857,2.7275209426879883,2.4590280055999756,2.081033945083618,1.8230862617492676,1.505408525466919,1.1945774555206299,0.9067655801773071,0.5920015573501587,0.3798438012599945,0.0,0.39090898633003235,0.5999842882156372,0.8468174338340759,1.0854425430297852,1.3134253025054932,1.3373169898986816,1.3237906694412231,1.004174828529358,1.1898492574691772,1.0729838609695435,1.3241205215454102,1.4395440816879272,1.7641007900238037,1.9605133533477783,2.336346387863159,2.461942672729492,2.8174164295196533,2.9593734741210938,3.211198329925537,3.0523974895477295,2.0445666313171387,2.0341856479644775,1.844254970550537,1.8656129837036133,2.006481885910034,2.056086778640747,2.3668570518493652,2.5277013778686523,2.888946294784546,3.1874356269836426,3.333883047103882,3.7201766967773438,3.7771592140197754,4.0998029708862305,3.9914848804473877,2.8903656005859375,2.697427988052368,2.518649101257324,2.4095518589019775,2.527515411376953,2.4376585483551025,2.737849473953247,2.7091140747070312,3.089406728744507,3.140177011489868,3.3876492977142334,3.6418488025665283,3.6658360958099365,3.9598617553710938,4.214728355407715
B11,2.0343406200408936,1.77032470703125,1.949541449546814,1.746343970298767,1.954757571220398,1.963801622390747,2.1204285621643066,2.316777467727661,2.442654848098755,2.705763578414917,2.6839377880096436,3.0495941638946533,3.068255662918091,3.437905788421631,3.3929829597473145,3.0273611545562744,2.732647180557251,2.3680286407470703,2.0939557552337646,1.7873905897140503,1.4750107526779175,1.1654789447784424,0.8716649413108826,0.5776354074478149,0.39090898633003235,0.0,0.38319987058639526,0.5894262790679932,0.875071108341217,1.011609673500061,1.2775132656097412,1.3749438524246216,1.1281518936157227,1.376543641090393,1.3531678915023804,1.6161258220672607,1.7839488983154297,2.10606050491333,2.3256795406341553,2.6978161334991455,2.823134422302246,3.1854875087738037,3.3120102882385254,3.573441505432129,3.4123990535736084,2.2853751182556152,2.2529985904693604,2.100989580154419,2.100432872772217,2.2835357189178467,2.3214492797851562,2.655900478363037,2.8095786571502686,3.1735785007476807,3.4583873748779297,3.590590476989746,3.976416826248169,4.0061750411987305,4.337899208068848,4.235673904418945,3.0634007453918457,2.8471951484680176,2.7057650089263916,2.5717222690582275,2.7243053913116455,2.62022066116333,2.9344935417175293,2.9012060165405273,3.271949529647827,3.3246102333068848,3.539440393447876,3.8009588718414307,3.7910032272338867,4.096951484680176,4.337630748748779
B12,2.244842052459717,2.0257437229156494,2.241589069366455,2.069295644760132,2.304894208908081,2.3252060413360596,2.4973154067993164,2.691800355911255,2.822862386703491,3.0791711807250977,3.0504679679870605,3.4119679927825928,3.4136481285095215,3.7831997871398926,3.721799373626709,3.317152261734009,3.0391359329223633,2.665536880493164,2.4113049507141113,2.089040756225586,1.7856547832489014,1.4747488498687744,1.1777926683425903,0.8790360689163208,0.5999842882156372,0.38319987058639526,0.0,0.390085905790329,0.5329771637916565,0.7400422096252441,1.3406600952148438,1.4535131454467773,1.264784574508667,1.5721229314804077,1.5462229251861572,1.8549425601959229,1.9906589984893799,2.3371071815490723,2.513328790664673,2.8962366580963135,2.9869067668914795,3.336855173110962,3.4537975788116455,3.6922659873962402,3.4964725971221924,2.2951231002807617,2.313080072402954,2.2095847129821777,2.2670366764068604,2.4680185317993164,2.5569517612457275,2.8879594802856445,3.0748984813690186,3.4267172813415527,3.7317698001861572,3.849506139755249,4.235483169555664,4.261519432067871,4.582247257232666,4.454841613769531,3.1849186420440674,2.9998416900634766,2.884697914123535,2.7908568382263184,2.9650607109069824,2.8992698192596436,3.226768732070923,3.2205348014831543,3.5987837314605713,3.6675775051116943,3.8909807205200195,4.1592607498168945,4.159777641296387,4.467257022857666,4.705854892730713
B13,2.0025720596313477,1.835364818572998,2.0985348224639893,1.9892240762710571,2.2630624771118164,2.339632272720337,2.545819044113159,2.780971050262451,2.9409403800964355,3.2234203815460205,3.2322885990142822,3.6044981479644775,3.6381032466888428,4.009679317474365,3.9764294624328613,3.551323652267456,3.275344133377075,2.9034624099731445,2.615281820297241,2.3239126205444336,1.9862772226333618,1.7164307832717896,1.3829200267791748,1.1470038890838623,0.8468174338340759,0.5894262790679932,0.390085905790329,0.0,0.3829258680343628,0.5194231867790222,1.0696724653244019,1.2567445039749146,1.1669689416885376,1.5237568616867065,1.5878832340240479,1.9249091148376465,2.112251043319702,2.473351240158081,2.6608972549438477,3.0416817665100098,3.1032650470733643,3.4615895748138428,3.537484645843506,3.7883760929107666,3.585297107696533,2.228377342224121,2.2193002700805664,2.167997360229492,2.2172412872314453,2.467803478240967,2.5724196434020996,2.925507068634033,3.132042169570923,3.470815420150757,3.7755589485168457,3.857053518295288,4.23944616317749,4.229328155517578,4.548559665679932,4.410218238830566,3.0375826358795166,2.8466572761535645,2.7783594131469727,2.687382459640503,2.9038612842559814,2.8593175411224365,3.208852767944336,3.2337117195129395,3.6088802814483643,3.7101006507873535,3.914006471633911,4.205580711364746,4.201900005340576,4.526740550994873,4.739358901977539
