,A1,A2,A3,A4,A5,A6,A7,A8,A9,A10,A11,A12,A13,A14,A15,B1,B2,B3,B4,B5,B6,B7,B8,B9,B10,B11,B12,B13,B14,B15,C1,C2,C3,C4,C5,C6,C7,C8,C9,C10,C11,C12,C13,C14,C15,D1,D2,D3,D4,D5,D6,D7,D8,D9,D10,D11,D12,D13,D14,D15,E1,E2,E3,E4,E5,E6,E7,E8,E9,E10,E11,E12,E13,E14,E15
A1,0.0,0.38285839557647705,0.5829721093177795,0.8979849815368652,1.1777926683425903,1.477737545967102,1.8010551929473877,1.9099758863449097,2.285432815551758,2.343719244003296,2.708583354949951,2.643764019012451,2.4573323726654053,2.7614197731018066,2.5920746326446533,1.8738168478012085,1.6653119325637817,1.7746752500534058,1.6135032176971436,1.8779927492141724,2.0060322284698486,2.3866143226623535,2.46451997756958,2.8312020301818848,2.8510096073150635,3.2160122394561768,3.143207550048828,2.9737660884857178,3.26887583732605,3.151137590408325,2.3637826442718506,2.1282835006713867,2.1392428874969482,1.9449747800827026,2.1880767345428467,2.2480907440185547,2.637573719024658,2.765900135040283,3.1360433101654053,3.181105375289917,3.5453805923461914,3.494259834289551,3.334994077682495,3.64083194732666,3.536769151687622,2.7328555583953857,2.4997785091400146,2.4465060234069824,2.2151381969451904,2.4351415634155273,2.461472988128662,2.856657028198242,3.017970323562622,3.400190591812134,3.4754533767700195,3.8315703868865967,3.8096578121185303,3.6633317470550537,4.0030035972595215,3.9108192920684814,3.1003317832946777,2.9079959392547607,2.755713701248169,2.481652021408081,2.474637746810913,2.1553637981414795,2.321840524673462,2.1278820037841797,2.15352201461792,2.396404981613159,2.380221366882324,2.230478286743164,2.456348180770874,2.703707218170166,3.052626609802246
A2,0.38285839557647705,0.0,0.3851749897003174,0.5893145799636841,0.9180434942245483,1.222930669784546,1.5380191802978516,1.7078862190246582,2.076216697692871,2.1646745204925537,2.5272610187530518,2.505847692489624,2.3503079414367676,2.6820530891418457,2.5538392066955566,1.8119900226593018,1.5753690004348755,1.6054049730300903,1.3860981464385986,1.6061484813690186,1.6868582963943481,2.0718069076538086,2.1747753620147705,2.5476887226104736,2.6033365726470947,2.9647297859191895,2.914255142211914,2.7765953540802,3.0959208011627197,3.016608715057373,2.253598928451538,2.0169878005981445,1.961074948310852,1.7392497062683105,1.9311472177505493,1.9525865316390991,2.3419253826141357,2.4737281799316406,2.8458704948425293,2.923797369003296,3.2791848182678223,3.2343921661376953,3.1067564487457275,3.4292736053466797,3.3613264560699463,2.607950448989868,2.3905696868896484,2.28464412689209,2.0502138137817383,2.2262496948242188,2.2223873138427734,2.6170737743377686,2.7623164653778076,3.144657611846924,3.2460036277770996,3.590287208557129,3.559553861618042,3.4399752616882324,3.788632869720459,3.725917100906372,2.9786441326141357,2.816584587097168,2.6303958892822266,2.3820126056671143,2.344200611114502,2.037052869796753,2.1921985149383545,1.9573019742965698,2.0126307010650635,2.2127740383148193,2.2301926612854004,2.042375326156616,2.221693277359009,2.4764766693115234,2.8020615577697754
A3,0.5829721093177795,0.3851749897003174,0.0,0.3855583369731903,0.5954614877700806,0.9168793559074402,1.2212347984313965,1.3481508493423462,1.7201329469680786,1.7973525524139404,2.159630060195923,2.1255316734313965,1.9676944017410278,2.300422430038452,2.1826601028442383,1.4916009902954102,1.2979984283447266,1.309451699256897,1.14754319190979,1.3551579713821411,1.4835898876190186,1.861289143562317,1.9093573093414307,2.2752504348754883,2.313847064971924,2.6688716411590576,2.5893754959106445,2.445712089538574,2.7551486492156982,2.6765434741973877,1.9723870754241943,1.7804181575775146,1.7319090366363525,1.5712569952011108,1.7698928117752075,1.842952013015747,2.227843761444092,2.303962469100952,2.66635799407959,2.7193450927734375,3.0687472820281982,2.989502191543579,2.8479316234588623,3.1542837619781494,3.075282096862793,2.3750555515289307,2.1982240676879883,2.1150729656219482,1.936861276626587,2.139557123184204,2.186292886734009,2.5797605514526367,2.6772220134735107,3.052368640899658,3.1233928203582764,3.4658358097076416,3.400947093963623,3.2599194049835205,3.5926873683929443,3.5102295875549316,2.7971689701080322,2.6665103435516357,2.5104823112487793,2.3004441261291504,2.311946153640747,2.045180320739746,2.2574002742767334,2.051410675048828,2.172727108001709,2.380920648574829,2.449198007583618,2.2772936820983887,2.419891834259033,2.706254243850708,3.005258321762085
A4,0.8979849815368652,0.5893145799636841,0.3855583369731903,0.0,0.40052515268325806,0.647537887096405,0.9717795252799988,1.1830918788909912,1.5426647663116455,1.687849521636963,2.02807879447937,2.032189130783081,1.9360488653182983,2.296691656112671,2.2436087131500244,1.6136804819107056,1.4292774200439453,1.3309845924377441,1.1263259649276733,1.225534200668335,1.2748637199401855,1.6520285606384277,1.7086671590805054,2.0780673027038574,2.175157070159912,2.5123379230499268,2.443178415298462,2.3525731563568115,2.6841278076171875,2.6607067584991455,2.044429063796997,1.8785959482192993,1.7545301914215088,1.587195873260498,1.7031673192977905,1.726537823677063,2.099863052368164,2.160097599029541,2.5166759490966797,2.6129519939422607,2.9412267208099365,2.8546485900878906,2.7572269439697266,3.07511568069458,3.040476083755493,2.4398834705352783,2.2982826232910156,2.1647605895996094,2.0020575523376465,2.1488893032073975,2.161881923675537,2.5443830490112305,2.6103098392486572,2.978271484375,3.0781662464141846,3.3999643325805664,3.314359664916992,3.205655097961426,3.541677474975586,3.4911553859710693,2.8727641105651855,2.7835872173309326,2.601630449295044,2.4289093017578125,2.4133334159851074,2.1691410541534424,2.3627769947052,2.119225263595581,2.2606351375579834,2.4141011238098145,2.506333112716675,2.292278528213501,2.380887508392334,2.657200574874878,2.9244160652160645
A5,1.1777926683425903,0.9180434942245483,0.5954614877700806,0.40052515268325806,0.0,0.38785016536712646,0.6298190951347351,0.8100451827049255,1.166256308555603,1.2897920608520508,1.6360112428665161,1.6531025171279907,1.5552059412002563,1.9205228090286255,1.8880044221878052,1.3068209886550903,1.1682313680648804,1.0122873783111572,0.8734062910079956,0.9260238409042358,1.0335975885391235,1.3874659538269043,1.3814165592193604,1.7409645318984985,1.8169033527374268,2.1489551067352295,2.059056282043457,1.963280439376831,2.2901735305786133,2.2742271423339844,1.7281417846679688,1.614249587059021,1.4815973043441772,1.3852527141571045,1.4914745092391968,1.5712653398513794,1.9249053001403809,1.9227741956710815,2.2625999450683594,2.330326795578003,2.649718761444092,2.5317890644073486,2.421929121017456,2.7244338989257812,2.6843011379241943,2.1526997089385986,2.0594260692596436,1.940740942955017,1.842614769935608,2.003790855407715,2.067690372467041,2.4365005493164062,2.45066237449646,2.803891897201538,2.871126174926758,3.1866607666015625,3.0684163570404053,2.9402554035186768,3.258236885070801,3.192077875137329,2.625040054321289,2.5745325088500977,2.4197824001312256,2.295220136642456,2.323134422302246,2.12998104095459,2.370131015777588,2.162236213684082,2.3646628856658936,2.5234639644622803,2.665337562561035,2.477705955505371,2.5315959453582764,2.838623046875,3.0757174491882324
A6,1.477737545967102,1.222930669784546,0.9168793559074402,0.647537887096405,0.38785016536712646,0.0,0.38931113481521606,0.603748619556427,0.9420111179351807,1.1682031154632568,1.4596185684204102,1.4746648073196411,1.463039517402649,1.840727686882019,1.8847757577896118,1.4937468767166138,1.4287841320037842,1.2148247957229614,1.128649353981018,1.0574339628219604,1.105992078781128,1.408147931098938,1.3414945602416992,1.6734753847122192,1.7968928813934326,2.084622621536255,1.962500810623169,1.9235007762908936,2.2447872161865234,2.2804670333862305,1.9032196998596191,1.853722095489502,1.6955796480178833,1.6461576223373413,1.6902168989181519,1.7535699605941772,2.071850538253784,2.0176234245300293,2.3280787467956543,2.414152145385742,2.697763204574585,2.543004274368286,2.4651715755462646,2.7514309883117676,2.7375833988189697,2.3462772369384766,2.306490898132324,2.1824898719787598,2.127615451812744,2.2620580196380615,2.3217461109161377,2.6698336601257324,2.64042067527771,2.9738571643829346,3.0446619987487793,3.3359646797180176,3.1820931434631348,3.0679774284362793,3.3691775798797607,3.3126566410064697,2.8455870151519775,2.836672306060791,2.691289186477661,2.6047046184539795,2.6382668018341064,2.4704627990722656,2.7091710567474365,2.4923932552337646,2.704833984375,2.835287570953369,2.9870712757110596,2.7769081592559814,2.799424409866333,3.0929512977600098,3.3053019046783447
A7,1.8010551929473877,1.5380191802978516,1.2212347984313965,0.9717795252799988,0.6298190951347351,0.38931113481521606,0.0,0.378106027841568,0.6237584948539734,0.8653209209442139,1.137283205986023,1.223844289779663,1.2479089498519897,1.6267880201339722,1.7214075326919556,1.4021883010864258,1.372559905052185,1.0801106691360474,1.0428717136383057,0.8589130640029907,0.903127908706665,1.1313562393188477,0.9993612766265869,1.3075510263442993,1.441702961921692,1.7093784809112549,1.585148811340332,1.5750513076782227,1.9035890102386475,1.9790425300598145,1.7160029411315918,1.7195851802825928,1.523396372795105,1.5310384035110474,1.5191999673843384,1.6026027202606201,1.8745793104171753,1.7596817016601562,2.0388309955596924,2.117143392562866,2.376410722732544,2.1975817680358887,2.133718729019165,2.4098751544952393,2.417698383331299,2.1423356533050537,2.1566970348358154,2.0221762657165527,2.025355815887451,2.136688470840454,2.218959331512451,2.5360074043273926,2.4537270069122314,2.761420249938965,2.8159825801849365,3.0871105194091797,2.9028778076171875,2.7903220653533936,3.073970317840576,3.0230090618133545,2.6519744396209717,2.691249370574951,2.556032180786133,2.5243782997131348,2.5742688179016113,2.4591102600097656,2.713890790939331,2.5182113647460938,2.7748889923095703,2.8889477252960205,3.083033561706543,2.8880555629730225,2.868548631668091,3.1788418292999268,3.3540103435516357
A8,1.9099758863449097,1.7078862190246582,1.3481508493423462,1.1830918788909912,0.8100451827049255,0.603748619556427,0.378106027841568,0.0,0.38006436824798584,0.5858943462371826,0.8664371371269226,0.8796613216400146,0.8934882879257202,1.272762656211853,1.3808213472366333,1.2333879470825195,1.3043397665023804,1.0525822639465332,1.1489269733428955,1.01067054271698,1.1542354822158813,1.3338871002197266,1.115138053894043,1.3675481081008911,1.4250462055206299,1.671544075012207,1.4763975143432617,1.4268462657928467,1.7112555503845215,1.7596285343170166,1.5991445779800415,1.6693143844604492,1.5386077165603638,1.629969596862793,1.6662871837615967,1.8189185857772827,2.075165271759033,1.9182114601135254,2.1711480617523193,2.1888437271118164,2.440155506134033,2.2218141555786133,2.1136715412139893,2.3464367389678955,2.309830665588379,2.0778074264526367,2.128844976425171,2.0579071044921875,2.1121232509613037,2.2708816528320312,2.4075727462768555,2.718467950820923,2.6183059215545654,2.912980556488037,2.9198715686798096,3.193317174911499,2.989609956741333,2.836726188659668,3.091017723083496,2.9970662593841553,2.625452756881714,2.675475597381592,2.592947483062744,2.5777289867401123,2.6811602115631104,2.585798978805542,2.877234935760498,2.7213146686553955,2.9908370971679688,3.1373157501220703,3.3348231315612793,3.1662685871124268,3.1649985313415527,3.4894471168518066,3.673180103302002
A9,2.285432815551758,2.076216697692871,1.7201329469680786,1.5426647663116455,1.166256308555603,0.9420111179351807,0.6237584948539734,0.38006436824798584,0.0,0.3850788474082947,0.5329549312591553,0.6392078995704651,0.7729275226593018,1.1217762231826782,1.3262284994125366,1.3693299293518066,1.4898982048034668,1.2020201683044434,1.3435394763946533,1.1293327808380127,1.2467931509017944,1.3174763917922974,1.0194262266159058,1.1784300804138184,1.2384135723114014,1.41656494140625,1.1820061206817627,1.1890612840652466,1.4519613981246948,1.5635555982589722,1.6226201057434082,1.7626523971557617,1.6129522323608398,1.7621430158615112,1.7449616193771362,1.9053981304168701,2.1012160778045654,1.8814942836761475,2.078678607940674,2.083085775375366,2.287350654602051,2.0295519828796387,1.9416868686676025,2.1393067836761475,2.126098155975342,2.073448657989502,2.189525842666626,2.1198699474334717,2.232454299926758,2.3655383586883545,2.517286539077759,2.7903099060058594,2.638646364212036,2.896806240081787,2.8849189281463623,3.127673387527466,2.8875417709350586,2.7378499507904053,2.9597110748291016,2.8685247898101807,2.6242356300354004,2.7264225482940674,2.663024663925171,2.701561450958252,2.8197836875915527,2.7704544067382812,3.068220853805542,2.928447723388672,3.2245538234710693,3.3533077239990234,3.577890634536743,3.415597438812256,3.3815197944641113,3.710355520248413,3.8625223636627197
A10,2.343719244003296,2.1646745204925537,1.7973525524139404,1.687849521636963,1.2897920608520508,1.1682031154632568,0.8653209209442139,0.5858943462371826,0.3850788474082947,0.0,0.3850681781768799,0.5115566849708557,0.49681273102760315,0.8314959406852722,1.0073516368865967,1.0970591306686401,1.2754192352294922,1.0155736207962036,1.253657341003418,1.0856879949569702,1.290182113647461,1.3282699584960938,1.0049208402633667,1.1237151622772217,1.0616289377212524,1.256674885749817,0.9961561560630798,0.90169757604599,1.142645239830017,1.2017914056777954,1.2995729446411133,1.4925611019134521,1.390183448791504,1.6103705167770386,1.6307073831558228,1.8556697368621826,2.0331077575683594,1.7930409908294678,1.973056435585022,1.9095370769500732,2.123234987258911,1.855560064315796,1.7072299718856812,1.878064751625061,1.8147987127304077,1.761738896369934,1.9081224203109741,1.8860805034637451,2.0459535121917725,2.211361885070801,2.413353443145752,2.6722614765167236,2.5104851722717285,2.755934476852417,2.697375535964966,2.9473464488983154,2.70548152923584,2.5149333477020264,2.7174596786499023,2.5879735946655273,2.3263776302337646,2.439040422439575,2.4162464141845703,2.4776034355163574,2.6378302574157715,2.62052583694458,2.945399522781372,2.851386070251465,3.1672146320343018,3.320667028427124,3.559644937515259,3.435634136199951,3.410090208053589,3.759119749069214,3.9124433994293213
A11,2.708583354949951,2.5272610187530518,2.159630060195923,2.02807879447937,1.6360112428665161,1.4596185684204102,1.137283205986023,0.8664371371269226,0.5329549312591553,0.3850681781768799,0.0,0.3660072684288025,0.5755307078361511,0.7856012582778931,1.0894471406936646,1.4238288402557373,1.632993459701538,1.374587059020996,1.612989902496338,1.404355525970459,1.5618011951446533,1.5276517868041992,1.1667068004608154,1.1739991903305054,1.1225696802139282,1.1982883214950562,0.8729876279830933,0.8705554008483887,1.029567837715149,1.1731231212615967,1.5505480766296387,1.7934545278549194,1.6874250173568726,1.9330825805664062,1.9122653007507324,2.1249382495880127,2.2536392211914062,1.9693167209625244,2.089709520339966,2.019357919692993,2.171583652496338,1.8624417781829834,1.7438637018203735,1.8558728694915771,1.8163481950759888,1.9712239503860474,2.1704347133636475,2.1545419692993164,2.351438522338867,2.493105173110962,2.6966047286987305,2.924163579940796,2.7234723567962646,2.9326696395874023,2.860583543777466,3.075289011001587,2.7991719245910645,2.61637544631958,2.777425765991211,2.649803400039673,2.5240306854248047,2.6793739795684814,2.6767687797546387,2.776456594467163,2.9446167945861816,2.9551212787628174,3.2786598205566406,3.1899445056915283,3.5160629749298096,3.654313802719116,3.905463218688965,3.7774837017059326,3.7307145595550537,4.076117038726807,4.20798921585083
A12,2.643764019012451,2.505847692489624,2.1255316734313965,2.032189130783081,1.6531025171279907,1.4746648073196411,1.223844289779663,0.8796613216400146,0.6392078995704651,0.5115566849708557,0.3660072684288025,0.0,0.3769207000732422,0.5767382979393005,0.8985246419906616,1.4040141105651855,1.6616730690002441,1.4705603122711182,1.7384122610092163,1.594321370124817,1.7883155345916748,1.813380241394043,1.4703898429870605,1.5210829973220825,1.449171543121338,1.5455796718597412,1.212125539779663,1.149598479270935,1.2514536380767822,1.3113192319869995,1.6508511304855347,1.8946521282196045,1.8510805368423462,2.097946882247925,2.1353447437286377,2.3659980297088623,2.5311741828918457,2.2705605030059814,2.4149069786071777,2.3288395404815674,2.5009524822235107,2.1960642337799072,2.0445823669433594,2.140789747238159,2.051304340362549,2.1251182556152344,2.303788423538208,2.3325552940368652,2.515711784362793,2.7003164291381836,2.9170010089874268,3.1691229343414307,2.9949357509613037,3.2216334342956543,3.138641834259033,3.3719887733459473,3.1079959869384766,2.902553081512451,3.061713695526123,2.903536319732666,2.6967155933380127,2.821258306503296,2.8438403606414795,2.9137439727783203,3.1031925678253174,3.0890846252441406,3.4262990951538086,3.3432908058166504,3.6529529094696045,3.8190813064575195,4.048746585845947,3.922884225845337,3.9088525772094727,4.25453519821167,4.414320468902588
A13,2.4573323726654053,2.3503079414367676,1.9676944017410278,1.9360488653182983,1.5552059412002563,1.463039517402649,1.2479089498519897,0.8934882879257202,0.7729275226593018,0.49681273102760315,0.5755307078361511,0.3769207000732422,0.0,0.38048285245895386,0.5695894956588745,1.0650724172592163,1.3593391180038452,1.2299208641052246,1.5465352535247803,1.4766483306884766,1.734527349472046,1.79158353805542,1.4745142459869385,1.5620148181915283,1.4208719730377197,1.5798810720443726,1.272419810295105,1.0983096361160278,1.2004245519638062,1.150639295578003,1.3534581661224365,1.5998579263687134,1.615549921989441,1.8823156356811523,1.9781816005706787,2.248019218444824,2.432633876800537,2.1961476802825928,2.363145351409912,2.239811420440674,2.4503676891326904,2.1687943935394287,1.9617022275924683,2.0654819011688232,1.9198929071426392,1.8580378293991089,2.017815351486206,2.088531255722046,2.2726762294769287,2.4970932006835938,2.7416276931762695,3.0037341117858887,2.854248285293579,3.0935139656066895,2.988473653793335,3.246880531311035,3.007290840148926,2.770362138748169,2.9377827644348145,2.7490715980529785,2.437311887741089,2.534088611602783,2.579303026199341,2.633110523223877,2.847466468811035,2.831719160079956,3.1847174167633057,3.129409074783325,3.4372034072875977,3.6314499378204346,3.8558120727539062,3.7569687366485596,3.7672672271728516,4.124256610870361,4.3016581535339355
A14,2.7614197731018066,2.6820530891418457,2.300422430038452,2.296691656112671,1.9205228090286255,1.840727686882019,1.6267880201339722,1.272762656211853,1.1217762231826782,0.8314959406852722,0.7856012582778931,0.5767382979393005,0.38048285245895386,0.0,0.39881664514541626,1.236259937286377,1.5759482383728027,1.4967021942138672,1.8463225364685059,1.792831301689148,2.0626332759857178,2.0847880840301514,1.7555028200149536,1.7850055694580078,1.5913357734680176,1.6947963237762451,1.367335319519043,1.1670857667922974,1.1460044384002686,1.0461703538894653,1.4489829540252686,1.748255968093872,1.8152382373809814,2.1240670680999756,2.230954647064209,2.52492618560791,2.6805593967437744,2.4233832359313965,2.552537441253662,2.383729934692383,2.5663132667541504,2.2681448459625244,2.0337634086608887,2.070352554321289,1.8820050954818726,1.9203726053237915,2.1204617023468018,2.2429587841033936,2.4677886962890625,2.705673933029175,2.979379892349243,3.218212604522705,3.0524723529815674,3.2647621631622314,3.120121717453003,3.364570140838623,3.1137492656707764,2.8505337238311768,2.974327802658081,2.749891996383667,2.484818696975708,2.600748300552368,2.697413444519043,2.7780418395996094,3.0275628566741943,3.0411784648895264,3.4079959392547607,3.3866982460021973,3.7028486728668213,3.9095253944396973,4.14074182510376,4.06392240524292,4.076773166656494,4.44126033782959,4.614775657653809
A15,2.5920746326446533,2.5538392066955566,2.1826601028442383,2.2436087131500244,1.8880044221878052,1.8847757577896118,1.7214075326919556,1.3808213472366333,1.3262284994125366,1.0073516368865967,1.0894471406936646,0.8985246419906616,0.5695894956588745,0.39881664514541626,0.0,0.9916495084762573,1.3610210418701172,1.3784743547439575,1.7529940605163574,1.7835642099380493,2.098085403442383,2.159541130065918,1.8700976371765137,1.941816806793213,1.7092682123184204,1.8704755306243896,1.5844085216522217,1.3104922771453857,1.300561785697937,1.085774540901184,1.2615253925323486,1.5435980558395386,1.6887613534927368,1.9995818138122559,2.1710410118103027,2.4923157691955566,2.671271324157715,2.451072931289673,2.6064441204071045,2.411370038986206,2.6325418949127197,2.3682727813720703,2.08884334564209,2.1379647254943848,1.8963552713394165,1.7526370286941528,1.9150958061218262,2.089273452758789,2.3015754222869873,2.582272529602051,2.877265691757202,3.1280124187469482,2.9976017475128174,3.2247021198272705,3.0633342266082764,3.3341164588928223,3.116264820098877,2.8260393142700195,2.9608936309814453,2.7078537940979004,2.310375690460205,2.382240056991577,2.505462646484375,2.5574328899383545,2.8315019607543945,2.8357090950012207,3.2140045166015625,3.2207913398742676,3.525250196456909,3.762202024459839,3.979771614074707,3.929668664932251,3.972752571105957,4.3431077003479,4.537907123565674
B1,1.8738168478012085,1.8119900226593018,1.4916009902954102,1.6136804819107056,1.3068209886550903,1.4937468767166138,1.4021883010864258,1.2333879470825195,1.3693299293518066,1.0970591306686401,1.4238288402557373,1.4040141105651855,1.0650724172592163,1.236259937286377,0.9916495084762573,0.0,0.37598302960395813,0.5577603578567505,0.912761390209198,1.1143903732299805,1.4786659479141235,1.6358917951583862,1.4967411756515503,1.7030733823776245,1.4911376237869263,1.8134721517562866,1.6826372146606445,1.3743007183074951,1.5618253946304321,1.3410584926605225,0.6478161215782166,0.700294554233551,0.886838972568512,1.1148191690444946,1.3894459009170532,1.7185200452804565,1.9646022319793701,1.8612347841262817,2.111544370651245,1.95401930809021,2.2788901329040527,2.128680467605591,1.8439849615097046,2.0365054607391357,1.8264154195785522,1.1810697317123413,1.1667815446853638,1.2977930307388306,1.4068255424499512,1.727687954902649,2.0092809200286865,2.3060390949249268,2.2630112171173096,2.5526235103607178,2.4396252632141113,2.7707455158233643,2.637848138809204,2.367058277130127,2.6023800373077393,2.395936965942383,1.721295952796936,1.6862913370132446,1.7207961082458496,1.682238221168518,1.9199211597442627,1.8731331825256348,2.2469606399536133,2.2488903999328613,2.5411033630371094,2.794203281402588,3.0010058879852295,2.970918893814087,3.0373597145080566,3.411179780960083,3.6263844966888428
B2,1.6653119325637817,1.5753690004348755,1.2979984283447266,1.4292774200439453,1.1682313680648804,1.4287841320037842,1.372559905052185,1.3043397665023804,1.4898982048034668,1.2754192352294922,1.632993459701538,1.6616730690002441,1.3593391180038452,1.5759482383728027,1.3610210418701172,0.37598302960395813,0.0,0.3921844959259033,0.6339108943939209,0.9311955571174622,1.2861557006835938,1.4857507944107056,1.4325120449066162,1.6856213808059692,1.5119342803955078,1.8719868659973145,1.8052095174789429,1.5233325958251953,1.7637461423873901,1.5762677192687988,0.7003762125968933,0.5454949736595154,0.6842126250267029,0.8062649965286255,1.127801775932312,1.4395476579666138,1.7186813354492188,1.679944634437561,1.9694043397903442,1.848483920097351,2.2040395736694336,2.1066720485687256,1.8462127447128296,2.0911831855773926,1.9186654090881348,1.1374542713165283,1.0216795206069946,1.0826891660690308,1.1072908639907837,1.4323610067367554,1.6902941465377808,2.011871814727783,2.0123825073242188,2.330122947692871,2.253533363342285,2.602787971496582,2.507617712020874,2.2628562450408936,2.538980484008789,2.3695716857910156,1.623113989830017,1.5425043106079102,1.50701904296875,1.417683482170105,1.6124787330627441,1.530774712562561,1.8949840068817139,1.8800185918807983,2.1681745052337646,2.4210026264190674,2.6253433227539062,2.5965750217437744,2.667689085006714,3.041670083999634,3.262917995452881
B3,1.7746752500534058,1.6054049730300903,1.309451699256897,1.3309845924377441,1.0122873783111572,1.2148247957229614,1.0801106691360474,1.0525822639465332,1.2020201683044434,1.0155736207962036,1.374587059020996,1.4705603122711182,1.2299208641052246,1.4967021942138672,1.3784743547439575,0.5577603578567505,0.3921844959259033,0.0,0.39104554057121277,0.5676284432411194,0.9324249625205994,1.1127278804779053,1.0431612730026245,1.3120174407958984,1.1790738105773926,1.5494667291641235,1.4975917339324951,1.263504981994629,1.5588287115097046,1.4524881839752197,0.7257377505302429,0.6449388861656189,0.5518379211425781,0.6873006820678711,0.8946012854576111,1.1925338506698608,1.4628145694732666,1.3814414739608765,1.6750596761703491,1.5940337181091309,1.939149260520935,1.8235160112380981,1.6064097881317139,1.8813227415084839,1.7702116966247559,1.1495184898376465,1.1071215867996216,1.0580617189407349,1.1121928691864014,1.354539394378662,1.5817737579345703,1.8953919410705566,1.845386028289795,2.1600446701049805,2.113645315170288,2.4431140422821045,2.31362247467041,2.1025140285491943,2.38909649848938,2.2607710361480713,1.6589807271957397,1.6504875421524048,1.5665972232818604,1.535828709602356,1.6812801361083984,1.6248126029968262,1.9633358716964722,1.9002612829208374,2.214139938354492,2.413875102996826,2.646397352218628,2.579148292541504,2.5986411571502686,2.9704930782318115,3.1596577167510986
B4,1.6135032176971436,1.3860981464385986,1.14754319190979,1.1263259649276733,0.8734062910079956,1.128649353981018,1.0428717136383057,1.1489269733428955,1.3435394763946533,1.253657341003418,1.612989902496338,1.7384122610092163,1.5465352535247803,1.8463225364685059,1.7529940605163574,0.912761390209198,0.6339108943939209,0.39104554057121277,0.0,0.3905703127384186,0.6904220581054688,0.9568367004394531,1.0149234533309937,1.3406965732574463,1.2968032360076904,1.6789029836654663,1.686387538909912,1.5122716426849365,1.84392511844635,1.7832136154174805,1.0340683460235596,0.8440520167350769,0.6338954567909241,0.5260164737701416,0.696258008480072,0.9131481051445007,1.2451235055923462,1.2476974725723267,1.5911566019058228,1.5890413522720337,1.9485743045806885,1.8857866525650024,1.726169228553772,2.047624111175537,1.9926129579544067,1.3407286405563354,1.2285979986190796,1.0700312852859497,1.0050517320632935,1.1850051879882812,1.3348946571350098,1.6826571226119995,1.6762056350708008,2.023488759994507,2.043638229370117,2.3780734539031982,2.281954050064087,2.122729778289795,2.4485690593719482,2.375229597091675,1.7691118717193604,1.7326163053512573,1.5641887187957764,1.4892300367355347,1.5458003282546997,1.4410185813903809,1.7350587844848633,1.6121065616607666,1.9154679775238037,2.0884487628936768,2.3179588317871094,2.223480224609375,2.2327980995178223,2.5989668369293213,2.7902932167053223
B5,1.8779927492141724,1.6061484813690186,1.3551579713821411,1.225534200668335,0.9260238409042358,1.0574339628219604,0.8589130640029907,1.01067054271698,1.1293327808380127,1.0856879949569702,1.404355525970459,1.594321370124817,1.4766483306884766,1.792831301689148,1.7835642099380493,1.1143903732299805,0.9311955571174622,0.5676284432411194,0.3905703127384186,0.0,0.365543007850647,0.5984861850738525,0.638687252998352,0.9868916869163513,1.0163185596466064,1.3847160339355469,1.4096484184265137,1.3079828023910522,1.6710753440856934,1.6926072835922241,1.1519725322723389,1.0595146417617798,0.7555325031280518,0.7145614624023438,0.6653072834014893,0.8238338232040405,1.105051040649414,1.029160499572754,1.3581466674804688,1.4045331478118896,1.731128215789795,1.6400278806686401,1.5381999015808105,1.8716105222702026,1.8790361881256104,1.4350026845932007,1.4089012145996094,1.202056884765625,1.2024275064468384,1.2864868640899658,1.4023418426513672,1.708503246307373,1.6292133331298828,1.9505003690719604,1.992323398590088,2.290834426879883,2.1495795249938965,2.0258359909057617,2.34435772895813,2.3072025775909424,1.8727903366088867,1.9091428518295288,1.7315375804901123,1.7264916896820068,1.7619024515151978,1.7034300565719604,1.9686859846115112,1.821041464805603,2.139497995376587,2.254986524581909,2.5088860988616943,2.382976531982422,2.334216356277466,2.689288377761841,2.8371849060058594
B6,2.0060322284698486,1.6868582963943481,1.4835898876190186,1.2748637199401855,1.0335975885391235,1.105992078781128,0.903127908706665,1.1542354822158813,1.2467931509017944,1.290182113647461,1.5618011951446533,1.7883155345916748,1.734527349472046,2.0626332759857178,2.098085403442383,1.4786659479141235,1.2861557006835938,0.9324249625205994,0.6904220581054688,0.365543007850647,0.0,0.3857883810997009,0.5869768261909485,0.9417581558227539,1.0950498580932617,1.4227478504180908,1.4988807439804077,1.4823706150054932,1.859052062034607,1.9416310787200928,1.4832125902175903,1.3832004070281982,1.0398448705673218,0.9244691133499146,0.7360175251960754,0.7220608592033386,0.9809264540672302,0.9312642216682434,1.2635785341262817,1.4086652994155884,1.7031142711639404,1.6398510932922363,1.6219756603240967,1.9750748872756958,2.050143003463745,1.7000799179077148,1.6754270792007446,1.4085462093353271,1.3740861415863037,1.3592889308929443,1.3850897550582886,1.6693930625915527,1.5796513557434082,1.8933777809143066,1.998565435409546,2.2673470973968506,2.1271941661834717,2.0681262016296387,2.398758888244629,2.4199674129486084,2.083202600479126,2.136087417602539,1.9140219688415527,1.9173225164413452,1.8881210088729858,1.8269611597061157,2.0347325801849365,1.837327241897583,2.143479585647583,2.198260545730591,2.458096742630005,2.2937984466552734,2.198086977005005,2.5324652194976807,2.6489365100860596
B7,2.3866143226623535,2.0718069076538086,1.861289143562317,1.6520285606384277,1.3874659538269043,1.408147931098938,1.1313562393188477,1.3338871002197266,1.3174763917922974,1.3282699584960938,1.5276517868041992,1.813380241394043,1.79158353805542,2.0847880840301514,2.159541130065918,1.6358917951583862,1.4857507944107056,1.1127278804779053,0.9568367004394531,0.5984861850738525,0.3857883810997009,0.0,0.37406080961227417,0.6340556740760803,0.8365519046783447,1.121512532234192,1.2653273344039917,1.3046388626098633,1.6760369539260864,1.8131970167160034,1.50565505027771,1.464695692062378,1.0913089513778687,1.052201271057129,0.7577913999557495,0.7371650338172913,0.836479902267456,0.6633501052856445,0.9385322332382202,1.1118648052215576,1.3641680479049683,1.29375159740448,1.3311024904251099,1.6854901313781738,1.8172987699508667,1.6443661451339722,1.6874356269836426,1.4018250703811646,1.443731665611267,1.3676782846450806,1.4047425985336304,1.6112697124481201,1.436716914176941,1.6970840692520142,1.7941426038742065,2.0223491191864014,1.8420755863189697,1.8078542947769165,2.120485782623291,2.1720829010009766,1.9974349737167358,2.1147634983062744,1.9010356664657593,1.978726863861084,1.9568790197372437,1.966507911682129,2.1690096855163574,2.0023303031921387,2.335899829864502,2.35941481590271,2.6526386737823486,2.5062835216522217,2.3636419773101807,2.69541597366333,2.760138511657715
B8,2.46451997756958,2.1747753620147705,1.9093573093414307,1.7086671590805054,1.3814165592193604,1.3414945602416992,0.9993612766265869,1.115138053894043,1.0194262266159058,1.0049208402633667,1.1667068004608154,1.4703898429870605,1.4745142459869385,1.7555028200149536,1.8700976371765137,1.4967411756515503,1.4325120449066162,1.0431612730026245,1.0149234533309937,0.638687252998352,0.5869768261909485,0.37406080961227417,0.0,0.37530553340911865,0.5789404511451721,0.8613460063934326,0.9314395785331726,0.9881640672683716,1.3623974323272705,1.5271075963974,1.3877570629119873,1.4371546506881714,1.1066871881484985,1.1860634088516235,0.966431736946106,1.055854082107544,1.1426701545715332,0.884993851184845,1.0822774171829224,1.1680563688278198,1.3883311748504639,1.2210605144500732,1.223605990409851,1.5366657972335815,1.6469430923461914,1.599167823791504,1.7073551416397095,1.4884088039398193,1.6022274494171143,1.590994954109192,1.694248080253601,1.8964204788208008,1.6930437088012695,1.9260576963424683,1.9623429775238037,2.1811585426330566,1.9546141624450684,1.8747859001159668,2.1450107097625732,2.1515491008758545,2.0235464572906494,2.1709744930267334,2.016721725463867,2.119209051132202,2.159336805343628,2.182976245880127,2.4277966022491455,2.289926290512085,2.630495309829712,2.6857974529266357,2.9738969802856445,2.8355181217193604,2.7146525382995605,3.051909923553467,3.1287970542907715
B9,2.8312020301818848,2.5476887226104736,2.2752504348754883,2.0780673027038574,1.7409645318984985,1.6734753847122192,1.3075510263442993,1.3675481081008911,1.1784300804138184,1.1237151622772217,1.1739991903305054,1.5210829973220825,1.5620148181915283,1.7850055694580078,1.941816806793213,1.7030733823776245,1.6856213808059692,1.3120174407958984,1.3406965732574463,0.9868916869163513,0.9417581558227539,0.6340556740760803,0.37530553340911865,0.0,0.38246652483940125,0.527275025844574,0.6760772466659546,0.8333154320716858,1.1731312274932861,1.4109374284744263,1.4921129941940308,1.6060802936553955,1.2906938791275024,1.4303888082504272,1.1822537183761597,1.2762495279312134,1.2542579174041748,0.9152722358703613,0.9765663743019104,1.0337611436843872,1.1649750471115112,0.9389124512672424,0.9986369609832764,1.2750130891799927,1.4437564611434937,1.6351248025894165,1.8130241632461548,1.6086479425430298,1.7868309020996094,1.7466875314712524,1.8665387630462646,2.003446340560913,1.7380692958831787,1.9037150144577026,1.909178376197815,2.0772147178649902,1.8024829626083374,1.7325721979141235,1.9558799266815186,1.9762754440307617,2.029681921005249,2.2363533973693848,2.110093116760254,2.2728445529937744,2.3301796913146973,2.4061264991760254,2.65036940574646,2.540911912918091,2.8972342014312744,2.936999559402466,3.244947671890259,3.1217455863952637,2.974541664123535,3.3091630935668945,3.351918935775757
B10,2.8510096073150635,2.6033365726470947,2.313847064971924,2.175157070159912,1.8169033527374268,1.7968928813934326,1.441702961921692,1.4250462055206299,1.2384135723114014,1.0616289377212524,1.1225696802139282,1.449171543121338,1.4208719730377197,1.5913357734680176,1.7092682123184204,1.4911376237869263,1.5119342803955078,1.1790738105773926,1.2968032360076904,1.0163185596466064,1.0950498580932617,0.8365519046783447,0.5789404511451721,0.38246652483940125,0.0,0.38414907455444336,0.5191137194633484,0.527708888053894,0.8677842617034912,1.063646912574768,1.1892815828323364,1.3583848476409912,1.0923728942871094,1.32209050655365,1.1370782852172852,1.3292547464370728,1.3040668964385986,0.9527905583381653,0.9933695197105408,0.9034336805343628,1.066165804862976,0.8041459918022156,0.7256659865379333,0.9864338040351868,1.0923703908920288,1.313414454460144,1.538830280303955,1.3911484479904175,1.6342204809188843,1.6440495252609253,1.8351938724517822,1.9634432792663574,1.6930549144744873,1.8476452827453613,1.7790980339050293,1.9665013551712036,1.686619758605957,1.5417815446853638,1.7421118021011353,1.7000224590301514,1.731112003326416,1.9573744535446167,1.8824717998504639,2.0736775398254395,2.1855950355529785,2.2939248085021973,2.5729217529296875,2.5158333778381348,2.88704252243042,2.964010238647461,3.2775583267211914,3.1939547061920166,3.0713603496551514,3.4256770610809326,3.4835612773895264
B11,3.2160122394561768,2.9647297859191895,2.6688716411590576,2.5123379230499268,2.1489551067352295,2.084622621536255,1.7093784809112549,1.671544075012207,1.41656494140625,1.256674885749817,1.1982883214950562,1.5455796718597412,1.5798810720443726,1.6947963237762451,1.8704755306243896,1.8134721517562866,1.8719868659973145,1.5494667291641235,1.6789029836654663,1.3847160339355469,1.4227478504180908,1.121512532234192,0.8613460063934326,0.527275025844574,0.38414907455444336,0.0,0.364789754152298,0.5736249089241028,0.7910335063934326,1.095436453819275,1.487542748451233,1.6977802515029907,1.4543919563293457,1.6933183670043945,1.4864394664764404,1.646645426750183,1.559033751487732,1.1802968978881836,1.1044517755508423,1.0102728605270386,1.0315793752670288,0.692667543888092,0.7116574645042419,0.8593143224716187,1.0487178564071655,1.56309175491333,1.8346971273422241,1.703330159187317,1.9721447229385376,1.9539285898208618,2.1354827880859375,2.2149059772491455,1.9038840532302856,1.9937410354614258,1.9093044996261597,2.0321168899536133,1.707500696182251,1.5877878665924072,1.7178153991699219,1.694517731666565,1.935299038887024,2.2067298889160156,2.1558971405029297,2.3849937915802,2.5003573894500732,2.636758804321289,2.906019926071167,2.8565051555633545,3.231605052947998,3.2891736030578613,3.6126534938812256,3.527660369873047,3.3817551136016846,3.727138042449951,3.7567951679229736
B12,3.143207550048828,2.914255142211914,2.5893754959106445,2.443178415298462,2.059056282043457,1.962500810623169,1.585148811340332,1.4763975143432617,1.1820061206817627,0.9961561560630798,0.8729876279830933,1.212125539779663,1.272419810295105,1.367335319519043,1.5844085216522217,1.6826372146606445,1.8052095174789429,1.4975917339324951,1.686387538909912,1.4096484184265137,1.4988807439804077,1.2653273344039917,0.9314395785331726,0.6760772466659546,0.5191137194633484,0.364789754152298,0.0,0.3754652142524719,0.5788394808769226,0.9148848056793213,1.449505090713501,1.7061244249343872,1.5140520334243774,1.7864456176757812,1.6418548822402954,1.8371543884277344,1.8142048120498657,1.4525498151779175,1.434388518333435,1.3250842094421387,1.3807029724121094,1.037933349609375,0.9764313101768494,1.0627553462982178,1.1494483947753906,1.6349124908447266,1.9135711193084717,1.8365709781646729,2.107135534286499,2.148392677307129,2.352735996246338,2.474393606185913,2.189772605895996,2.3095810413360596,2.211214542388916,2.3583877086639404,2.0411112308502197,1.8856964111328125,2.0035438537597656,1.926064133644104,2.0789334774017334,2.32993221282959,2.313724994659424,2.517333984375,2.6652581691741943,2.7747066020965576,3.0707714557647705,3.019432783126831,3.3874778747558594,3.4744255542755127,3.781402111053467,3.688647508621216,3.5719518661499023,3.9224371910095215,3.981595277786255
B13,2.9737660884857178,2.7765953540802,2.445712089538574,2.3525731563568115,1.963280439376831,1.9235007762908936,1.5750513076782227,1.4268462657928467,1.1890612840652466,0.90169757604599,0.8705554008483887,1.149598479270935,1.0983096361160278,1.1670857667922974,1.3104922771453857,1.3743007183074951,1.5233325958251953,1.263504981994629,1.5122716426849365,1.3079828023910522,1.4823706150054932,1.3046388626098633,0.9881640672683716,0.8333154320716858,0.527708888053894,0.5736249089241028,0.3754652142524719,0.0,0.37822458148002625,0.5928773283958435,1.1062407493591309,1.397460699081421,1.2651877403259277,1.5861281156539917,1.5125319957733154,1.7706657648086548,1.7818570137023926,1.4466496706008911,1.4714055061340332,1.2905819416046143,1.4164999723434448,1.1032710075378418,0.9097190499305725,0.9970794320106506,0.9597046375274658,1.3225246667861938,1.6110173463821411,1.5899311304092407,1.882523536682129,1.9788687229156494,2.2285268306732178,2.3687829971313477,2.111644744873047,2.253336191177368,2.1160812377929688,2.303799867630005,2.013322353363037,1.7975143194198608,1.9240142107009888,1.7849884033203125,1.8049941062927246,2.0389840602874756,2.0593011379241943,2.255423069000244,2.4423019886016846,2.5541412830352783,2.8759539127349854,2.856821060180664,3.225952625274658,3.348904609680176,3.649484395980835,3.5838613510131836,3.4984021186828613,3.8635129928588867,3.9485316276550293
