,A1,A2,A3,A4,A5,A6,A7,A8,A9,A10,A11,A12,A13,A14,A15,B1,B2,B3,B4,B5,B6,B7,B8,B9,B10,B11,B12,B13,B14,B15,C1,C2,C3,C4,C5,C6,C7,C8,C9,C10,C11,C12,C13,C14,C15,D1,D2,D3,D4,D5,D6,D7,D8,D9,D10,D11,D12,D13,D14,D15,E1,E2,E3,E4,E5,E6,E7,E8,E9,E10,E11,E12,E13,E14,E15
A1,0.0,0.37543681263923645,0.6182851195335388,0.9342873096466064,1.2301815748214722,1.533913016319275,1.843261480331421,2.0600061416625977,2.349220037460327,2.601543664932251,2.8342814445495605,3.0069093704223633,3.0962793827056885,3.4320120811462402,3.6247997283935547,3.3266515731811523,3.1056556701660156,2.7649900913238525,2.5708863735198975,2.2065773010253906,2.103062152862549,1.7640193700790405,1.6204981803894043,1.5918139219284058,1.2420477867126465,1.4481867551803589,1.2546045780181885,0.9120787978172302,1.0429106950759888,0.8076714873313904,0.528067946434021,0.6841152906417847,0.8560912609100342,1.0829524993896484,1.3837835788726807,1.585854411125183,1.9401488304138184,2.116969108581543,2.397120952606201,2.669306755065918,2.878798484802246,2.9849298000335693,3.0948779582977295,3.444039821624756,3.636458396911621,3.2540392875671387,3.1298906803131104,2.7534258365631104,2.6556503772735596,2.2916293144226074,2.2684099674224854,2.044541120529175,1.7574238777160645,1.8891639709472656,1.63392174243927,1.8959308862686157,1.6878178119659424,1.367862343788147,1.552889347076416,1.3774815797805786,1.113782286643982,1.1976627111434937,1.2864727973937988,1.408324956893921,1.6764873266220093,1.8014144897460938,2.161964178085327,2.2992613315582275,2.566624402999878,2.849886178970337,3.0548861026763916,3.1632912158966064,3.271284580230713,3.623504400253296,3.8906493186950684
A2,0.37543681263923645,0.0,0.3915373682975769,0.6126431822776794,0.9492672681808472,1.2415560483932495,1.5405384302139282,1.798535704612732,2.06711745262146,2.311701774597168,2.535200357437134,2.7347939014434814,2.817542314529419,3.1393961906433105,3.335334300994873,3.0498316287994385,2.8475911617279053,2.4979145526885986,2.339156150817871,1.9693865776062012,1.9223425388336182,1.5984710454940796,1.4966046810150146,1.5512739419937134,1.2308011054992676,1.5156282186508179,1.3687012195587158,1.0496808290481567,1.276139497756958,1.1019865274429321,0.5905958414077759,0.5161178708076477,0.6183444261550903,0.7477151155471802,1.0610709190368652,1.22933828830719,1.5892269611358643,1.7773075103759766,2.0421199798583984,2.3225231170654297,2.5194919109344482,2.6412267684936523,2.7605438232421875,3.1019175052642822,3.302428960800171,2.9471330642700195,2.8454906940460205,2.4677860736846924,2.406492233276367,2.047301769256592,2.076622724533081,1.8754408359527588,1.6263020038604736,1.8261090517044067,1.6033931970596313,1.9172219038009644,1.7580026388168335,1.4531927108764648,1.7061612606048584,1.56833016872406,1.0974498987197876,1.074446201324463,1.0838605165481567,1.129480004310608,1.369074821472168,1.4545762538909912,1.8179295063018799,1.9400737285614014,2.1990761756896973,2.489341974258423,2.686957836151123,2.7923974990844727,2.910411834716797,3.259079933166504,3.5316925048828125
A3,0.6182851195335388,0.3915373682975769,0.0,0.37902960181236267,0.6134033799171448,0.9392760396003723,1.2301521301269531,1.450028657913208,1.7466145753860474,1.9855761528015137,2.2294259071350098,2.3992056846618652,2.4792656898498535,2.815380573272705,3.0068774223327637,2.724360227584839,2.5209152698516846,2.1691818237304688,1.9983383417129517,1.628403663635254,1.5617256164550781,1.2534879446029663,1.1212272644042969,1.2116379737854004,0.9368019104003906,1.2585238218307495,1.1251143217086792,0.871527373790741,1.188808798789978,1.1401656866073608,0.7413033843040466,0.6788710951805115,0.5333037972450256,0.6619581580162048,0.8560736775398254,1.0453932285308838,1.3899224996566772,1.5260075330734253,1.8274827003479004,2.0856003761291504,2.3144407272338867,2.3960986137390137,2.4931704998016357,2.848677396774292,3.037898302078247,2.6757354736328125,2.573928117752075,2.1948866844177246,2.125492811203003,1.7765820026397705,1.7900303602218628,1.6335179805755615,1.361047625541687,1.584728717803955,1.4284008741378784,1.7506681680679321,1.5792274475097656,1.334696888923645,1.6376529932022095,1.5921028852462769,1.1702641248703003,1.1766201257705688,1.070970892906189,1.1431940793991089,1.2898935079574585,1.3989243507385254,1.729116678237915,1.8042340278625488,2.101816177368164,2.3567094802856445,2.59047532081604,2.657012701034546,2.740114450454712,3.10693359375,3.350504159927368
A4,0.9342873096466064,0.6126431822776794,0.37902960181236267,0.0,0.3850899040699005,0.6334534287452698,0.9368047714233398,1.2078438997268677,1.4584153890609741,1.7076585292816162,1.9226654767990112,2.1294872760772705,2.2208166122436523,2.5346486568450928,2.7455666065216064,2.5090620517730713,2.344618558883667,1.9769039154052734,1.866355538368225,1.49630868434906,1.5108633041381836,1.2574987411499023,1.1636375188827515,1.3604707717895508,1.1635315418243408,1.5189348459243774,1.4134060144424438,1.2110005617141724,1.5517170429229736,1.518738031387329,1.0501177310943604,0.8659570813179016,0.6585549116134644,0.5512760281562805,0.6687105894088745,0.7350851893424988,1.0925815105438232,1.2063921689987183,1.4797927141189575,1.764357089996338,1.966869831085205,2.0536818504333496,2.1793336868286133,2.52336049079895,2.736680030822754,2.441619634628296,2.3849430084228516,2.007263422012329,1.9997037649154663,1.672924518585205,1.7590370178222656,1.6561710834503174,1.440561294555664,1.7293219566345215,1.6255197525024414,1.9743578433990479,1.8444398641586304,1.6289302110671997,1.9595459699630737,1.9316542148590088,1.401500940322876,1.316620111465454,1.1368839740753174,1.0942744016647339,1.1593387126922607,1.1799910068511963,1.496590256690979,1.5160309076309204,1.795961856842041,2.061255693435669,2.279661178588867,2.3232035636901855,2.4278013706207275,2.7909598350524902,3.0387814044952393
A5,1.2301815748214722,0.9492672681808472,0.6134033799171448,0.3850899040699005,0.0,0.38265424966812134,0.6192175149917603,0.8564484119415283,1.151045799255371,1.3735487461090088,1.6252422332763672,1.7988970279693604,1.8718547821044922,2.2030975818634033,2.400315046310425,2.1556389331817627,1.9896191358566284,1.6204458475112915,1.504800796508789,1.13765287399292,1.1574273109436035,0.9512156844139099,0.864619255065918,1.13642418384552,1.0399315357208252,1.4051826000213623,1.3521196842193604,1.2380084991455078,1.6137057542800903,1.6685978174209595,1.2707751989364624,1.1074481010437012,0.790336012840271,0.6800700426101685,0.5716907382011414,0.6403621435165405,0.9224579930305481,0.9602736830711365,1.2835439443588257,1.5226356983184814,1.769233226776123,1.8123400211334229,1.8995083570480347,2.259744167327881,2.451828956604004,2.1398773193359375,2.082685708999634,1.7078989744186401,1.6976499557495117,1.39375638961792,1.4763449430465698,1.4390918016433716,1.232906699180603,1.5481853485107422,1.5282423496246338,1.871463656425476,1.7574660778045654,1.6138043403625488,1.972229242324829,2.0196473598480225,1.5298501253128052,1.4653477668762207,1.2063409090042114,1.1875247955322266,1.1420036554336548,1.1893318891525269,1.4363071918487549,1.4018118381500244,1.71963369846344,1.9292359352111816,2.1880009174346924,2.1918416023254395,2.2472751140594482,2.626093626022339,2.838238477706909
A6,1.533913016319275,1.2415560483932495,0.9392760396003723,0.6334534287452698,0.38265424966812134,0.0,0.3818349540233612,0.6139539480209351,0.8271350860595703,1.1051759719848633,1.302039384841919,1.5030758380889893,1.6238009929656982,1.9297813177108765,2.1697030067443848,2.0231287479400635,1.9203966856002808,1.5391521453857422,1.5015097856521606,1.166675090789795,1.2534165382385254,1.1532392501831055,1.0590543746948242,1.3851597309112549,1.362619400024414,1.7113994359970093,1.6423553228378296,1.5714761018753052,1.9508637189865112,2.017981767654419,1.6332679986953735,1.448966145515442,1.1503442525863647,0.96185302734375,0.7954703569412231,0.6695048809051514,0.8782405853271484,0.7789350748062134,1.0505958795547485,1.3196122646331787,1.527301549911499,1.527291178703308,1.6601042747497559,2.0061612129211426,2.2364299297332764,2.042231798171997,2.051386594772339,1.694883108139038,1.7556418180465698,1.5082767009735107,1.6413882970809937,1.6772890090942383,1.5128170251846313,1.8444608449935913,1.870416283607483,2.207932472229004,2.0981922149658203,1.9811564683914185,2.3410463333129883,2.3990886211395264,1.9004244804382324,1.8057825565338135,1.530592918395996,1.4480223655700684,1.33928644657135,1.2943750619888306,1.4896458387374878,1.3579405546188354,1.6393126249313354,1.8401412963867188,2.0772998332977295,2.021627902984619,2.09653377532959,2.469808340072632,2.6688475608825684
A7,1.843261480331421,1.5405384302139282,1.2301521301269531,0.9368047714233398,0.6192175149917603,0.3818349540233612,0.0,0.3880273997783661,0.591850996017456,0.7743430137634277,1.021933674812317,1.2243250608444214,1.2898104190826416,1.5991898775100708,1.813754916191101,1.6489704847335815,1.5611586570739746,1.1793522834777832,1.191491723060608,0.8905292749404907,1.068890929222107,1.0603729486465454,1.0635309219360352,1.431739091873169,1.4790332317352295,1.8224520683288574,1.8231685161590576,1.7870604991912842,2.170461893081665,2.2667717933654785,1.860377550125122,1.6526577472686768,1.3146171569824219,1.0981038808822632,0.8124246001243591,0.6501497030258179,0.683230459690094,0.47270268201828003,0.7849670648574829,0.9865044355392456,1.239715576171875,1.2207579612731934,1.3059839010238647,1.6653646230697632,1.8721494674682617,1.668634057044983,1.6954368352890015,1.352299690246582,1.4512442350387573,1.254638433456421,1.433129906654358,1.537145972251892,1.4444199800491333,1.7976841926574707,1.8848835229873657,2.21734619140625,2.1594014167785645,2.0871365070343018,2.461545467376709,2.55757474899292,2.028956890106201,1.9143853187561035,1.5892020463943481,1.490761399269104,1.2878986597061157,1.238469123840332,1.3404291868209839,1.1523665189743042,1.4479386806488037,1.5848063230514526,1.8517838716506958,1.766663670539856,1.792724609375,2.1734390258789062,2.3440985679626465
A8,2.0600061416625977,1.798535704612732,1.450028657913208,1.2078438997268677,0.8564484119415283,0.6139539480209351,0.3880273997783661,0.0,0.3841181695461273,0.5850515961647034,0.8553792238235474,0.9545662999153137,1.057336688041687,1.3968627452850342,1.6247838735580444,1.5190925598144531,1.453885555267334,1.0877372026443481,1.0945862531661987,0.8557284474372864,0.979661762714386,1.0755919218063354,1.016680121421814,1.3916925191879272,1.529832124710083,1.8276424407958984,1.826286792755127,1.8672199249267578,2.2490782737731934,2.4030063152313232,2.099905252456665,1.9414467811584473,1.5899150371551514,1.4318249225616455,1.1438482999801636,1.0338143110275269,1.0281381607055664,0.7460904121398926,1.0054043531417847,1.1243690252304077,1.3825650215148926,1.2567602396011353,1.3054308891296387,1.6618269681930542,1.8505959510803223,1.683771014213562,1.7218563556671143,1.4137647151947021,1.4950441122055054,1.3572337627410889,1.4807188510894775,1.6492952108383179,1.5378715991973877,1.8581894636154175,2.0034847259521484,2.29864764213562,2.2168872356414795,2.201277256011963,2.5672168731689453,2.708805561065674,2.2796754837036133,2.2110981941223145,1.88467276096344,1.8324862718582153,1.6252821683883667,1.6079621315002441,1.6787965297698975,1.4684158563613892,1.75652015209198,1.839788794517517,2.116581916809082,1.9812613725662231,1.9651676416397095,2.341244697570801,2.4591782093048096
A9,2.349220037460327,2.06711745262146,1.7466145753860474,1.4584153890609741,1.151045799255371,0.8271350860595703,0.591850996017456,0.3841181695461273,0.0,0.38770177960395813,0.5080038905143738,0.6834720373153687,0.8672586679458618,1.142446756362915,1.4336357116699219,1.4784586429595947,1.5093226432800293,1.1672279834747314,1.2867079973220825,1.1214377880096436,1.3061820268630981,1.4399148225784302,1.3989218473434448,1.7728098630905151,1.9111355543136597,2.2096683979034424,2.195017099380493,2.2305426597595215,2.6134510040283203,2.7526299953460693,2.4187233448028564,2.231436014175415,1.8957289457321167,1.6861673593521118,1.4004237651824951,1.1985489130020142,1.133294701576233,0.773378849029541,0.8860928416252136,0.9994956254959106,1.179115653038025,0.9842609167098999,1.0944472551345825,1.41245436668396,1.650139331817627,1.6548885107040405,1.7762378454208374,1.5133056640625,1.673550009727478,1.593796730041504,1.7671562433242798,1.9624701738357544,1.8904519081115723,2.2198777198791504,2.3696043491363525,2.669760227203369,2.598806858062744,2.5783042907714844,2.9462807178497314,3.0772929191589355,2.6069753170013428,2.504639148712158,2.1743452548980713,2.0707218647003174,1.8375531435012817,1.7500240802764893,1.7780135869979858,1.5004091262817383,1.724237084388733,1.789310097694397,2.0260963439941406,1.8308719396591187,1.83595871925354,2.188636064529419,2.2890567779541016
A10,2.601543664932251,2.311701774597168,1.9855761528015137,1.7076585292816162,1.3735487461090088,1.1051759719848633,0.7743430137634277,0.5850515961647034,0.38770177960395813,0.0,0.3821899890899658,0.49805372953414917,0.5280728340148926,0.8309432864189148,1.0744308233261108,1.0987467765808105,1.1664906740188599,0.8552849888801575,1.0568163394927979,0.9916368126869202,1.2414003610610962,1.4480804204940796,1.4910930395126343,1.8646475076675415,2.0398709774017334,2.3267860412597656,2.3706705570220947,2.4212732315063477,2.800870180130005,2.9563732147216797,2.6035354137420654,2.403873920440674,2.048348903656006,1.8358330726623535,1.5026607513427734,1.3201600313186646,1.1500211954116821,0.7823202610015869,0.8622900247573853,0.816754162311554,1.0404795408248901,0.8070282936096191,0.7966804504394531,1.1287983655929565,1.3127223253250122,1.306848168373108,1.4531285762786865,1.2386096715927124,1.4343185424804688,1.4341883659362793,1.6310070753097534,1.8797690868377686,1.874783992767334,2.2011704444885254,2.394045829772949,2.679494619369507,2.656048536300659,2.669633150100708,3.0414648056030273,3.199575424194336,2.713374376296997,2.6017823219299316,2.2460973262786865,2.1430392265319824,1.858208179473877,1.7853771448135376,1.7357977628707886,1.439570665359497,1.658258318901062,1.6410387754440308,1.9016748666763306,1.6852961778640747,1.6169843673706055,1.964849591255188,2.0190906524658203
A11,2.8342814445495605,2.535200357437134,2.2294259071350098,1.9226654767990112,1.6252422332763672,1.302039384841919,1.021933674812317,0.8553792238235474,0.5080038905143738,0.3821899890899658,0.0,0.3792547285556793,0.5717570781707764,0.7061449289321899,1.0496878623962402,1.2839312553405762,1.439515471458435,1.176291823387146,1.4199211597442627,1.3728077411651611,1.6190180778503418,1.8179495334625244,1.8331902027130127,2.207385301589966,2.3724827766418457,2.6633565425872803,2.6764304637908936,2.721327066421509,3.1038832664489746,3.2459309101104736,2.881782054901123,2.668351650238037,2.331511974334717,2.0894124507904053,1.7798994779586792,1.5391576290130615,1.3722357749938965,0.9897547364234924,0.9314315319061279,0.9100138545036316,0.9948932528495789,0.6742439866065979,0.7778118252754211,1.0159327983856201,1.272858738899231,1.4895806312561035,1.7062641382217407,1.5352081060409546,1.7731765508651733,1.791438341140747,2.0067949295043945,2.25197434425354,2.247314214706421,2.578033447265625,2.7596452236175537,3.052124500274658,3.0178589820861816,3.017897367477417,3.3899879455566406,3.532870054244995,3.0260307788848877,2.8949763774871826,2.5473954677581787,2.4093713760375977,2.128030300140381,1.999843716621399,1.9412730932235718,1.6061230897903442,1.7537590265274048,1.7386432886123657,1.9398703575134277,1.6679255962371826,1.6422144174575806,1.9498751163482666,1.989113450050354
A12,3.0069093704223633,2.7347939014434814,2.3992056846618652,2.1294872760772705,1.7988970279693604,1.5030758380889893,1.2243250608444214,0.9545662999153137,0.6834720373153687,0.49805372953414917,0.3792547285556793,0.0,0.3734515309333801,0.5531883239746094,0.8854686617851257,1.1808995008468628,1.3521850109100342,1.1440608501434326,1.3663984537124634,1.3875014781951904,1.5838627815246582,1.8396257162094116,1.8369370698928833,2.1916420459747314,2.4111976623535156,2.663010835647583,2.6898353099823,2.7848668098449707,3.159038782119751,3.3426618576049805,3.0469112396240234,2.867117404937744,2.512627363204956,2.312628984451294,1.9894814491271973,1.8011536598205566,1.6389575004577637,1.263039469718933,1.2675704956054688,1.1899033784866333,1.3178387880325317,0.9810619354248047,0.9700074195861816,1.1829936504364014,1.3564918041229248,1.5400744676589966,1.7356114387512207,1.602558970451355,1.7996500730514526,1.8582481145858765,2.0216894149780273,2.3037068843841553,2.2914044857025146,2.5900473594665527,2.8121087551116943,3.071416139602661,3.0295495986938477,3.074187994003296,3.436396360397339,3.6160802841186523,3.182101249694824,3.0871429443359375,2.7343947887420654,2.638946533203125,2.356149196624756,2.2746825218200684,2.211772918701172,1.8951183557510376,2.0705697536468506,2.0205070972442627,2.2468700408935547,1.9732120037078857,1.892844319343567,2.192833423614502,2.1804609298706055
A13,3.0962793827056885,2.817542314529419,2.4792656898498535,2.2208166122436523,1.8718547821044922,1.6238009929656982,1.2898104190826416,1.057336688041687,0.8672586679458618,0.5280728340148926,0.5717570781707764,0.3734515309333801,0.0,0.3870970606803894,0.5883155465126038,0.8098756074905396,1.010842204093933,0.8594274520874023,1.1340686082839966,1.2367039918899536,1.4717336893081665,1.761957049369812,1.8312896490097046,2.1789028644561768,2.4121694564819336,2.658426523208618,2.736778974533081,2.8317322731018066,3.2010605335235596,3.3908705711364746,3.072523355484009,2.8839242458343506,2.516960382461548,2.3210976123809814,1.9696086645126343,1.810693621635437,1.591335654258728,1.2449153661727905,1.2612247467041016,1.079713225364685,1.2576735019683838,0.949547290802002,0.7954073548316956,1.0195368528366089,1.1000456809997559,1.2083117961883545,1.4052091836929321,1.3211418390274048,1.5291171073913574,1.6479228734970093,1.8212522268295288,2.132228374481201,2.173825740814209,2.465449810028076,2.7130696773529053,2.959848403930664,2.961505174636841,3.027543067932129,3.390392780303955,3.587132692337036,3.138502359390259,3.038299322128296,2.670881986618042,2.5828776359558105,2.269733428955078,2.212930202484131,2.1006929874420166,1.7949111461639404,1.9776707887649536,1.8684858083724976,2.121703863143921,1.8596153259277344,1.7104767560958862,2.0082876682281494,1.9625754356384277
A14,3.4320120811462402,3.1393961906433105,2.815380573272705,2.5346486568450928,2.2030975818634033,1.9297813177108765,1.5991898775100708,1.3968627452850342,1.142446756362915,0.8309432864189148,0.7061449289321899,0.5531883239746094,0.3870970606803894,0.0,0.3936599791049957,0.9227350354194641,1.2225185632705688,1.1490895748138428,1.4663879871368408,1.5943915843963623,1.8485394716262817,2.137629747390747,2.215766429901123,2.5654869079589844,2.793412208557129,3.0445644855499268,3.119399309158325,3.20766544342041,3.5797650814056396,3.7602274417877197,3.4161763191223145,3.2083845138549805,2.849339246749878,2.6265814304351807,2.2780041694641113,2.082043170928955,1.836227297782898,1.4892183542251587,1.41348135471344,1.2001384496688843,1.277660846710205,0.9344125986099243,0.7849385142326355,0.8571934700012207,0.9328211545944214,1.2856420278549194,1.555917739868164,1.542512059211731,1.7956167459487915,1.9512383937835693,2.151078224182129,2.466413974761963,2.534106492996216,2.82974910736084,3.0768752098083496,3.32650089263916,3.3403356075286865,3.402437686920166,3.767625093460083,3.9583497047424316,3.478177309036255,3.3553860187530518,2.985884428024292,2.86800217628479,2.5406906604766846,2.446082592010498,2.2990894317626953,1.965693712234497,2.0853660106658936,1.9415892362594604,2.147369861602783,1.8398736715316772,1.6870864629745483,1.9267802238464355,1.8302836418151855
A15,3.6247997283935547,3.335334300994873,3.0068774223327637,2.7455666065216064,2.400315046310425,2.1697030067443848,1.813754916191101,1.6247838735580444,1.4336357116699219,1.0744308233261108,1.0496878623962402,0.8854686617851257,0.5883155465126038,0.3936599791049957,0.0,0.6758372187614441,1.0293160676956177,1.0815099477767944,1.4107708930969238,1.620604395866394,1.878071665763855,2.193662643432617,2.32150936126709,2.6506736278533936,2.8966727256774902,3.1292762756347656,3.2474660873413086,3.3459038734436035,3.7076773643493652,3.9008266925811768,3.5569629669189453,3.351510763168335,2.984325408935547,2.777029275894165,2.411958932876587,2.2530465126037598,1.9733915328979492,1.6663693189620972,1.612481713294983,1.3280003070831299,1.4405308961868286,1.153726577758789,0.8876373767852783,0.9181690812110901,0.8209002614021301,1.099496841430664,1.3642171621322632,1.4396710395812988,1.682030200958252,1.9048004150390625,2.0930609703063965,2.4320294857025146,2.545971393585205,2.8188159465789795,3.092768907546997,3.317908525466919,3.3687305450439453,3.4591221809387207,3.8172123432159424,4.0291571617126465,3.5584776401519775,3.4402859210968018,3.0633301734924316,2.9620485305786133,2.6156444549560547,2.5522758960723877,2.36452317237854,2.055142402648926,2.1779956817626953,1.9752639532089233,2.1994071006774902,1.9114868640899658,1.6841782331466675,1.8986257314682007,1.7451081275939941
B1,3.3266515731811523,3.0498316287994385,2.724360227584839,2.5090620517730713,2.1556389331817627,2.0231287479400635,1.6489704847335815,1.5190925598144531,1.4784586429595947,1.0987467765808105,1.2839312553405762,1.1808995008468628,0.8098756074905396,0.9227350354194641,0.6758372187614441,0.0,0.3759339451789856,0.5723068118095398,0.8842340707778931,1.1706767082214355,1.439530611038208,1.752561092376709,1.9663145542144775,2.261920928955078,2.500763416290283,2.7198326587677,2.9001784324645996,2.9873054027557373,3.3287031650543213,3.5226380825042725,3.1726038455963135,2.978026866912842,2.607135772705078,2.439631938934326,2.0639102458953857,1.9916244745254517,1.6958366632461548,1.4811596870422363,1.535629153251648,1.213939905166626,1.4638632535934448,1.3084157705307007,0.9575059413909912,1.1341432332992554,0.9445494413375854,0.6238062977790833,0.75180983543396,0.8619323968887329,1.0529003143310547,1.3309425115585327,1.502991795539856,1.8523180484771729,2.020803928375244,2.2710351943969727,2.5593197345733643,2.763791084289551,2.865020751953125,2.9732141494750977,3.3208673000335693,3.5464446544647217,3.0869624614715576,2.9836008548736572,2.6057987213134766,2.546332836151123,2.1936850547790527,2.2067348957061768,2.0021250247955322,1.768815517425537,1.9599395990371704,1.735010027885437,2.0352327823638916,1.8459582328796387,1.5540109872817993,1.8218928575515747,1.7114595174789429
B2,3.1056556701660156,2.8475911617279053,2.5209152698516846,2.344618558883667,1.9896191358566284,1.9203966856002808,1.5611586570739746,1.453885555267334,1.5093226432800293,1.1664906740188599,1.439515471458435,1.3521850109100342,1.010842204093933,1.2225185632705688,1.0293160676956177,0.3759339451789856,0.0,0.3819286525249481,0.5796372294425964,0.9110060930252075,1.154889464378357,1.462421178817749,1.712477684020996,1.9787143468856812,2.21659779548645,2.4198005199432373,2.629542112350464,2.7173404693603516,3.04331111907959,3.243471384048462,2.9136478900909424,2.739389657974243,2.367661237716675,2.239462375640869,1.8678197860717773,1.8611440658569336,1.5885781049728394,1.4313549995422363,1.568286657333374,1.2795217037200928,1.592557430267334,1.4915271997451782,1.163069248199463,1.4054347276687622,1.2410520315170288,0.6727855801582336,0.5954422950744629,0.6443061232566833,0.7259673476219177,1.0184059143066406,1.1493126153945923,1.5070582628250122,1.6879684925079346,1.9184662103652954,2.217362403869629,2.4063873291015625,2.523555040359497,2.64546799659729,2.98439359664917,3.22109317779541,2.793415069580078,2.713627576828003,2.3409390449523926,2.3221569061279297,1.9830693006515503,2.0548698902130127,1.8715850114822388,1.6974430084228516,1.94205641746521,1.7416499853134155,2.0792534351348877,1.9510174989700317,1.6630882024765015,1.962836742401123,1.899213194847107
B3,2.7649900913238525,2.4979145526885986,2.1691818237304688,1.9769039154052734,1.6204458475112915,1.5391521453857422,1.1793522834777832,1.0877372026443481,1.1672279834747314,0.8552849888801575,1.176291823387146,1.1440608501434326,0.8594274520874023,1.1490895748138428,1.0815099477767944,0.5723068118095398,0.3819286525249481,0.0,0.37992897629737854,0.6026272177696228,0.9075624942779541,1.193442702293396,1.4228875637054443,1.7278070449829102,1.9420573711395264,2.18056583404541,2.3572170734405518,2.424933671951294,2.768357753753662,2.9528651237487793,2.6047725677490234,2.422367572784424,2.0471253395080566,1.9034432172775269,1.5293651819229126,1.5061062574386597,1.2537974119186401,1.0755119323730469,1.252718448638916,1.0179167985916138,1.3635218143463135,1.270058035850525,1.0023149251937866,1.3198298215866089,1.2612804174423218,0.7618013620376587,0.7226254940032959,0.5567371249198914,0.6753421425819397,0.8418650031089783,1.0171983242034912,1.350762963294983,1.480263352394104,1.7587393522262573,2.0257444381713867,2.2564895153045654,2.337801456451416,2.422398567199707,2.778437376022339,2.9911961555480957,2.5346460342407227,2.4469375610351562,2.071157455444336,2.038459539413452,1.7083650827407837,1.7643486261367798,1.6238059997558594,1.4342833757400513,1.7096927165985107,1.571071743965149,1.9162851572036743,1.7915459871292114,1.5633280277252197,1.907742977142334,1.9090107679367065
B4,2.5708863735198975,2.339156150817871,1.9983383417129517,1.866355538368225,1.504800796508789,1.5015097856521606,1.191491723060608,1.0945862531661987,1.2867079973220825,1.0568163394927979,1.4199211597442627,1.3663984537124634,1.1340686082839966,1.4663879871368408,1.4107708930969238,0.8842340707778931,0.5796372294425964,0.37992897629737854,0.0,0.37202781438827515,0.5781729817390442,0.8868168592453003,1.1386698484420776,1.4032261371612549,1.6381839513778687,1.8462671041488647,2.051417112350464,2.1397905349731445,2.465487241744995,2.6731371879577637,2.3841867446899414,2.244339942932129,1.865394115447998,1.7887762784957886,1.4314912557601929,1.499438762664795,1.3148027658462524,1.196616291999817,1.4583284854888916,1.2909787893295288,1.658300518989563,1.587491512298584,1.3568929433822632,1.6905052661895752,1.6390085220336914,1.066220760345459,0.9040724635124207,0.6839843392372131,0.5823350548744202,0.667120099067688,0.7159181237220764,1.0651957988739014,1.16315495967865,1.4111034870147705,1.7027007341384888,1.9093087911605835,1.9854971170425415,2.098142623901367,2.443397283554077,2.679927110671997,2.2981302738189697,2.2584657669067383,1.8948259353637695,1.9289367198944092,1.6370984315872192,1.7686002254486084,1.6822340488433838,1.5637842416763306,1.886480450630188,1.789681077003479,2.1517629623413086,2.0737643241882324,1.8624718189239502,2.217971086502075,2.2435641288757324
B5,2.2065773010253906,1.9693865776062012,1.628403663635254,1.49630868434906,1.13765287399292,1.166675090789795,0.8905292749404907,0.8557284474372864,1.1214377880096436,0.9916368126869202,1.3728077411651611,1.3875014781951904,1.2367039918899536,1.5943915843963623,1.620604395866394,1.1706767082214355,0.9110060930252075,0.6026272177696228,0.37202781438827515,0.0,0.38118115067481995,0.5972146987915039,0.8489294052124023,1.1545239686965942,1.3421661853790283,1.5967705249786377,1.7711247205734253,1.825157642364502,2.167036533355713,2.3521125316619873,2.038674831390381,1.8942338228225708,1.5120432376861572,1.4355480670928955,1.0844236612319946,1.1748077869415283,1.050398588180542,0.9652296900749207,1.2879611253738403,1.2138347625732422,1.5862085819244385,1.5512851476669312,1.3983275890350342,1.7645364999771118,1.7860198020935059,1.261091947555542,1.119860053062439,0.7992033362388611,0.7100871801376343,0.585168182849884,0.6579689979553223,0.9202374815940857,0.9400479197502136,1.2457548379898071,1.4842699766159058,1.7397805452346802,1.7798011302947998,1.8425624370574951,2.2050375938415527,2.4108803272247314,1.9969528913497925,1.9538590908050537,1.5921978950500488,1.6260838508605957,1.3614139556884766,1.4988781213760376,1.4783507585525513,1.3818466663360596,1.733779788017273,1.7107762098312378,2.0683720111846924,2.0172600746154785,1.86821711063385,2.246528387069702,2.33062481880188
B6,2.103062152862549,1.9223425388336182,1.5617256164550781,1.5108633041381836,1.1574273109436035,1.2534165382385254,1.068890929222107,0.979661762714386,1.3061820268630981,1.2414003610610962,1.6190180778503418,1.5838627815246582,1.4717336893081665,1.8485394716262817,1.878071665763855,1.439530611038208,1.154889464378357,0.9075624942779541,0.5781729817390442,0.38118115067481995,0.0,0.3725934624671936,0.576149582862854,0.8267998099327087,1.080187439918518,1.2808352708816528,1.4747345447540283,1.582850456237793,1.9054917097091675,2.136732339859009,1.9374501705169678,1.8630491495132446,1.486569881439209,1.50246000289917,1.2032183408737183,1.3697116374969482,1.3316699266433716,1.266120433807373,1.6130495071411133,1.5774198770523071,1.943906545639038,1.889661192893982,1.7515510320663452,2.117783308029175,2.1369476318359375,1.6036367416381836,1.4260823726654053,1.1329336166381836,0.9483748078346252,0.7895174026489258,0.6643050312995911,0.88068026304245,0.7812104821205139,1.0188733339309692,1.2897021770477295,1.5025876760482788,1.4978759288787842,1.6069401502609253,1.952298641204834,2.1952056884765625,1.9148324728012085,1.94461989402771,1.6154663562774658,1.7283470630645752,1.5300594568252563,1.7222492694854736,1.7582532167434692,1.7052193880081177,2.069847345352173,2.071937084197998,2.428847312927246,2.3891470432281494,2.2482340335845947,2.6268341541290283,2.7086904048919678
B7,1.7640193700790405,1.5984710454940796,1.2534879446029663,1.2574987411499023,0.9512156844139099,1.1532392501831055,1.0603729486465454,1.0755919218063354,1.4399148225784302,1.4480804204940796,1.8179495334625244,1.8396257162094116,1.761957049369812,2.137629747390747,2.193662643432617,1.752561092376709,1.462421178817749,1.193442702293396,0.8868168592453003,0.5972146987915039,0.3725934624671936,0.0,0.38738304376602173,0.6031696796417236,0.75739985704422,1.008974552154541,1.2061573266983032,1.2591928243637085,1.5830084085464478,1.7881041765213013,1.5707472562789917,1.5127249956130981,1.1451305150985718,1.216463327407837,0.971700131893158,1.2188186645507812,1.263343095779419,1.2871263027191162,1.6600571870803833,1.688611388206482,2.0464859008789062,2.0447425842285156,1.9495409727096558,2.3244380950927734,2.3719825744628906,1.8237330913543701,1.6294344663619995,1.2981516122817993,1.0984234809875488,0.8231395483016968,0.6809959411621094,0.7254955172538757,0.5029836297035217,0.7846153378486633,0.9810230135917664,1.2412028312683105,1.2154275178909302,1.270707607269287,1.631248116493225,1.8468457460403442,1.5525141954421997,1.6015413999557495,1.293055772781372,1.4471452236175537,1.3112437725067139,1.545405626296997,1.6469101905822754,1.658944845199585,2.03562331199646,2.0925838947296143,2.4402058124542236,2.448058605194092,2.3467605113983154,2.730177164077759,2.85683274269104
B8,1.6204981803894043,1.4966046810150146,1.1212272644042969,1.1636375188827515,0.864619255065918,1.0590543746948242,1.0635309219360352,1.016680121421814,1.3989218473434448,1.4910930395126343,1.8331902027130127,1.8369370698928833,1.8312896490097046,2.215766429901123,2.32150936126709,1.9663145542144775,1.712477684020996,1.4228875637054443,1.1386698484420776,0.8489294052124023,0.576149582862854,0.38738304376602173,0.0,0.3807889223098755,0.5951844453811646,0.8367455005645752,0.9399887919425964,1.050734281539917,1.393767237663269,1.634101390838623,1.5292690992355347,1.5261321067810059,1.1788347959518433,1.2848477363586426,1.0992646217346191,1.317940592765808,1.4348599910736084,1.409521460533142,1.7807108163833618,1.8629682064056396,2.1983180046081543,2.1594958305358887,2.110783815383911,2.488734722137451,2.5753979682922363,2.1082301139831543,1.9523133039474487,1.620629906654358,1.454131841659546,1.1962065696716309,1.059836983680725,1.088667392730713,0.7926651239395142,0.990403413772583,1.1354628801345825,1.3684678077697754,1.2297472953796387,1.2757320404052734,1.6181142330169678,1.8290222883224487,1.6412898302078247,1.7310250997543335,1.4655334949493408,1.6261184215545654,1.5446609258651733,1.7461180686950684,1.8985413312911987,1.8853832483291626,2.254054546356201,2.346942186355591,2.6776227951049805,2.660914897918701,2.593526840209961,2.9825265407562256,3.113537073135376
B9,1.5918139219284058,1.5512739419937134,1.2116379737854004,1.3604707717895508,1.13642418384552,1.3851597309112549,1.431739091873169,1.3916925191879272,1.7728098630905151,1.8646475076675415,2.207385301589966,2.1916420459747314,2.1789028644561768,2.5654869079589844,2.6506736278533936,2.261920928955078,1.9787143468856812,1.7278070449829102,1.4032261371612549,1.1545239686965942,0.8267998099327087,0.6031696796417236,0.3807889223098755,0.0,0.38526251912117004,0.48215094208717346,0.6625247001647949,0.8436478972434998,1.1268298625946045,1.4210549592971802,1.4659494161605835,1.550421118736267,1.2538883686065674,1.4566422700881958,1.3408420085906982,1.6139323711395264,1.7562243938446045,1.770585060119629,2.145592451095581,2.2255053520202637,2.5658819675445557,2.5365164279937744,2.4762377738952637,2.853593111038208,2.9216487407684326,2.4060652256011963,2.210345983505249,1.8933918476104736,1.6709163188934326,1.4070608615875244,1.18735671043396,1.1445262432098389,0.7907946109771729,0.8397846817970276,0.9610776305198669,1.119633436203003,0.9156989455223083,1.013038158416748,1.3164799213409424,1.568122148513794,1.5573686361312866,1.7272186279296875,1.5209717750549316,1.7549067735671997,1.733165979385376,1.982706904411316,2.155226469039917,2.189836263656616,2.5631985664367676,2.65972900390625,2.994155168533325,3.0022218227386475,2.9275691509246826,3.3143277168273926,3.4462733268737793
B10,1.2420477867126465,1.2308011054992676,0.9368019104003906,1.1635315418243408,1.0399315357208252,1.362619400024414,1.4790332317352295,1.529832124710083,1.9111355543136597,2.0398709774017334,2.3724827766418457,2.4111976623535156,2.4121694564819336,2.793412208557129,2.8966727256774902,2.500763416290283,2.21659779548645,1.9420573711395264,1.6381839513778687,1.3421661853790283,1.080187439918518,0.75739985704422,0.5951844453811646,0.38526251912117004,0.0,0.3775510787963867,0.501872181892395,0.5182814002037048,0.8283594846725464,1.0695708990097046,1.0885519981384277,1.2083810567855835,0.9588861465454102,1.2282447814941406,1.2064368724822998,1.5183802843093872,1.721131443977356,1.8036324977874756,2.1769721508026123,2.301370620727539,2.6253654956817627,2.642658233642578,2.61490535736084,2.993975877761841,3.084794282913208,2.5658771991729736,2.368356466293335,2.0274784564971924,1.8168562650680542,1.5004217624664307,1.3178446292877197,1.1722286939620972,0.794379472732544,0.8505210876464844,0.8073520064353943,1.0214170217514038,0.7847046256065369,0.7413492202758789,1.0678935050964355,1.253265619277954,1.2181552648544312,1.4116718769073486,1.2587828636169434,1.5198259353637695,1.5745093822479248,1.8366633653640747,2.0604822635650635,2.144490957260132,2.509882688522339,2.650239944458008,2.9661667346954346,3.013300895690918,2.9745090007781982,3.3585941791534424,3.528108835220337
B11,1.4481867551803589,1.5156282186508179,1.2585238218307495,1.5189348459243774,1.4051826000213623,1.7113994359970093,1.8224520683288574,1.8276424407958984,2.2096683979034424,2.3267860412597656,2.6633565425872803,2.663010835647583,2.658426523208618,3.0445644855499268,3.1292762756347656,2.7198326587677,2.4198005199432373,2.18056583404541,1.8462671041488647,1.5967705249786377,1.2808352708816528,1.008974552154541,0.8367455005645752,0.48215094208717346,0.3775510787963867,0.0,0.3769194483757019,0.5654101371765137,0.7172273397445679,1.0546114444732666,1.2939059734344482,1.487809419631958,1.2906969785690308,1.5894407033920288,1.5781059265136719,1.8945112228393555,2.085796356201172,2.1563961505889893,2.532092809677124,2.6375350952148438,2.9710800647735596,2.9705891609191895,2.923246383666992,3.3019630908966064,3.372225761413574,2.8264124393463135,2.605112314224243,2.28727650642395,2.0384275913238525,1.7489506006240845,1.503469467163086,1.3586559295654297,0.9861159920692444,0.8927798271179199,0.8655700087547302,0.9347214698791504,0.6051687002182007,0.6835670471191406,0.9084315299987793,1.1697789430618286,1.3905407190322876,1.6501314640045166,1.5452972650527954,1.8429664373397827,1.9123344421386719,2.1948320865631104,2.4092254638671875,2.5020077228546143,2.8710615634918213,2.995868444442749,3.3203718662261963,3.366429567337036,3.308629274368286,3.6921095848083496,3.8457961082458496
B12,1.2546045780181885,1.3687012195587158,1.1251143217086792,1.4134060144424438,1.3521196842193604,1.6423553228378296,1.8231685161590576,1.826286792755127,2.195017099380493,2.3706705570220947,2.6764304637908936,2.6898353099823,2.736778974533081,3.119399309158325,3.2474660873413086,2.9001784324645996,2.629542112350464,2.3572170734405518,2.051417112350464,1.7711247205734253,1.4747345447540283,1.2061573266983032,0.9399887919425964,0.6625247001647949,0.501872181892395,0.3769194483757019,0.0,0.3708479404449463,0.5543435215950012,0.9013727307319641,1.2378207445144653,1.4614317417144775,1.3035175800323486,1.5971556901931763,1.6326721906661987,1.913832426071167,2.152193784713745,2.2040011882781982,2.568249225616455,2.7195639610290527,3.0286524295806885,3.0180811882019043,3.014904260635376,3.3934361934661865,3.502443790435791,3.021362066268921,2.835005521774292,2.4992737770080566,2.289184093475342,1.988326907157898,1.7863478660583496,1.6528962850570679,1.2727751731872559,1.2430860996246338,1.174326777458191,1.2770771980285645,0.9288146495819092,0.9013716578483582,1.086821436882019,1.2585641145706177,1.4882738590240479,1.738981008529663,1.6635098457336426,1.9299004077911377,2.030374765396118,2.272007465362549,2.523449182510376,2.5971078872680664,2.954246759414673,3.1142048835754395,3.4194326400756836,3.4529786109924316,3.432055711746216,3.818899154663086,3.9878077507019043
B13,0.9120787978172302,1.0496808290481567,0.871527373790741,1.2110005617141724,1.2380084991455078,1.5714761018753052,1.7870604991912842,1.8672199249267578,2.2305426597595215,2.4212732315063477,2.721327066421509,2.7848668098449707,2.8317322731018066,3.20766544342041,3.3459038734436035,2.9873054027557373,2.7173404693603516,2.424933671951294,2.1397905349731445,1.825157642364502,1.582850456237793,1.2591928243637085,1.050734281539917,0.8436478972434998,0.5182814002037048,0.5654101371765137,0.3708479404449463,0.0,0.38479992747306824,0.6056803464889526,0.874914288520813,1.1245458126068115,1.0271027088165283,1.3526521921157837,1.461756706237793,1.7570712566375732,2.030383586883545,2.135864019393921,2.4911293983459473,2.671436071395874,2.964611768722534,2.99656343460083,3.0160412788391113,3.3926987648010254,3.5178961753845215,3.0362932682037354,2.85306715965271,2.500293016433716,2.3082048892974854,1.9739960432052612,1.8142244815826416,1.6249804496765137,1.2568057775497437,1.2674322128295898,1.0992813110351562,1.264037013053894,0.9502822756767273,0.7737523913383484,0.9815526008605957,1.0474790334701538,1.1836028099060059,1.4313825368881226,1.4027115106582642,1.6682783365249634,1.8230609893798828,2.061281204223633,2.3448455333709717,2.4535531997680664,2.7970404624938965,2.9883484840393066,3.2746188640594482,3.339954137802124,3.347425699234009,3.727999687194824,3.9270472526550293
