,A1,A2,A3,A4,A5,A6,A7,A8,A9,A10,A11,A12,A13,A14,A15,B1,B2,B3,B4,B5,B6,B7,B8,B9,B10,B11,B12,B13,B14,B15,C1,C2,C3,C4,C5,C6,C7,C8,C9,C10,C11,C12,C13,C14,C15,D1,D2,D3,D4,D5,D6,D7,D8,D9,D10,D11,D12,D13,D14,D15,E1,E2,E3,E4,E5,E6,E7,E8,E9,E10,E11,E12,E13,E14,E15
A1,0.0,0.37752434611320496,0.6343059539794922,0.9756991863250732,1.2885488271713257,1.611131191253662,1.920271635055542,2.210564374923706,2.5185413360595703,2.8158340454101562,3.047471761703491,3.244830369949341,3.3106441497802734,3.67305326461792,3.9193811416625977,3.5499966144561768,3.2917730808258057,2.9454185962677,2.710888624191284,2.3442976474761963,2.198721408843994,1.9091312885284424,1.6054059267044067,1.5592809915542603,1.2468427419662476,1.428331971168518,1.1876399517059326,0.8735894560813904,0.9374862313270569,0.7735230326652527,0.5059855580329895,0.6598581075668335,0.8391006588935852,1.091157078742981,1.4130371809005737,1.6370339393615723,1.9904706478118896,2.245124101638794,2.555732488632202,2.853196144104004,3.086024284362793,3.178184747695923,3.285473346710205,3.6491408348083496,3.9262192249298096,3.4991886615753174,3.324091672897339,2.948547601699829,2.7886111736297607,2.4287636280059814,2.3495302200317383,2.140326738357544,1.811596393585205,1.844539761543274,1.572089672088623,1.7801361083984375,1.5676546096801758,1.2503999471664429,1.3623019456863403,1.2473818063735962,1.0760893821716309,1.1342244148254395,1.238574504852295,1.381453275680542,1.6687761545181274,1.8359140157699585,2.19968318939209,2.388720989227295,2.703357219696045,2.9900572299957275,3.246023416519165,3.3534767627716064,3.441830635070801,3.809953451156616,4.027923583984375
A2,0.37752434611320496,0.0,0.38261815905570984,0.6401365995407104,0.987398624420166,1.2954139709472656,1.5899165868759155,1.9058473110198975,2.2005226612091064,2.4943463802337646,2.715674638748169,2.9328839778900146,2.9994969367980957,3.354264497756958,3.60898756980896,3.2630257606506348,3.024475336074829,2.669947862625122,2.4672131538391113,2.098109722137451,2.0012669563293457,1.7411997318267822,1.4549683332443237,1.4993528127670288,1.2385672330856323,1.5011576414108276,1.3016201257705688,1.013003945350647,1.1892085075378418,1.1003170013427734,0.6048191785812378,0.5161669254302979,0.614650309085846,0.7667471766471863,1.0933053493499756,1.28047776222229,1.6375794410705566,1.897028923034668,2.1946768760681152,2.5017757415771484,2.7219018936157227,2.8224539756774902,2.9427623748779297,3.302246570587158,3.5888848304748535,3.1930463314056396,3.041121482849121,2.663348436355591,2.5377275943756104,2.185448169708252,2.1557552814483643,1.9789183139801025,1.6804782152175903,1.7903189659118652,1.5596866607666016,1.833391785621643,1.657045602798462,1.3566620349884033,1.5518629550933838,1.4932621717453003,1.1119663715362549,1.0530774593353271,1.0726702213287354,1.1263195276260376,1.3863002061843872,1.5073707103729248,1.874092936515808,2.0461411476135254,2.3495328426361084,2.6460938453674316,2.892505407333374,2.9929068088531494,3.0953500270843506,3.461554527282715,3.6938259601593018
A3,0.6343059539794922,0.38261815905570984,0.0,0.3859419524669647,0.6552337408065796,0.9930004477500916,1.2949100732803345,1.5770597457885742,1.892273187637329,2.1839423179626465,2.424935817718506,2.6158816814422607,2.6764822006225586,3.039752721786499,3.287180185317993,2.935818672180176,2.6931345462799072,2.337461471557617,2.1244301795959473,1.755745530128479,1.6407655477523804,1.3981013298034668,1.0941535234451294,1.1661423444747925,0.9647339582443237,1.2605175971984863,1.0914080142974854,0.8732813596725464,1.1519285440444946,1.1898564100265503,0.7814019918441772,0.6653079986572266,0.5194448232650757,0.6433085799217224,0.8719257116317749,1.075015902519226,1.430641770362854,1.6443582773208618,1.9674906730651855,2.2562766075134277,2.5033211708068848,2.5719504356384277,2.6685361862182617,3.0347330570220947,3.309217929840088,2.908287763595581,2.7522356510162354,2.3769328594207764,2.2434232234954834,1.9022901058197021,1.8598073720932007,1.7211447954177856,1.4132018089294434,1.5508049726486206,1.3858654499053955,1.6782886981964111,1.4898015260696411,1.252896785736084,1.5100895166397095,1.5480518341064453,1.2057311534881592,1.1564855575561523,1.0558193922042847,1.1068295240402222,1.2773703336715698,1.4090100526809692,1.7544127702713013,1.8754713535308838,2.2003726959228516,2.4657886028289795,2.7410073280334473,2.809570789337158,2.8823297023773193,3.2560722827911377,3.4732954502105713
A4,0.9756991863250732,0.6401365995407104,0.3859419524669647,0.0,0.3783034682273865,0.6598545908927917,0.9530844688415527,1.2724016904830933,1.5606694221496582,1.8573791980743408,2.0776634216308594,2.293301582336426,2.3656115531921387,2.719714641571045,2.983879566192627,2.6781632900238037,2.4686343669891357,2.1015207767486572,1.9396872520446777,1.5757415294647217,1.532034158706665,1.3575364351272583,1.093862771987915,1.2791993618011475,1.1759270429611206,1.5073529481887817,1.3790931701660156,1.2134908437728882,1.521470308303833,1.5750516653060913,1.0954889059066772,0.8679723739624023,0.6486442685127258,0.525083065032959,0.655923068523407,0.7459930181503296,1.1091289520263672,1.3049052953720093,1.6071032285690308,1.914588212966919,2.1418018341064453,2.209585189819336,2.3293282985687256,2.690187692642212,2.9810919761657715,2.639519691467285,2.521606683731079,2.1474995613098145,2.0681569576263428,1.7512391805648804,1.7787082195281982,1.7013132572174072,1.449144721031189,1.6693618297576904,1.5681029558181763,1.8994473218917847,1.7483493089675903,1.5445832014083862,1.838761806488037,1.9010381698608398,1.447018027305603,1.3101354837417603,1.1325719356536865,1.058719277381897,1.1458752155303955,1.1858210563659668,1.5161213874816895,1.5873711109161377,1.8905541896820068,2.1655712127685547,2.4269044399261475,2.4729340076446533,2.5658440589904785,2.937145233154297,3.175741195678711
A5,1.2885488271713257,0.987398624420166,0.6552337408065796,0.3783034682273865,0.0,0.3832385838031769,0.6507896780967712,0.9238052368164062,1.2446578741073608,1.5290005207061768,1.7785749435424805,1.9656093120574951,2.0227644443511963,2.38529634475708,2.639253854751587,2.32673716545105,2.1169679164886475,1.7478824853897095,1.5864148139953613,1.2273988723754883,1.1915446519851685,1.0730637311935425,0.8361338376998901,1.0983830690383911,1.1086885929107666,1.4478906393051147,1.3833330869674683,1.299473762512207,1.6514469385147095,1.781335473060608,1.3569027185440063,1.1369445323944092,0.8234536647796631,0.6650945544242859,0.5694962739944458,0.6267291307449341,0.9374692440032959,1.0512537956237793,1.381942868232727,1.6566436290740967,1.9162609577178955,1.9478511810302734,2.034670114517212,2.4018471240997314,2.6766226291656494,2.3302838802337646,2.212794065475464,1.845134973526001,1.7686328887939453,1.47777259349823,1.5106689929962158,1.4983147382736206,1.2729997634887695,1.534848928451538,1.5220308303833008,1.8582018613815308,1.722069263458252,1.592206358909607,1.9219681024551392,2.0538249015808105,1.6279414892196655,1.5003392696380615,1.2444285154342651,1.1639606952667236,1.1326639652252197,1.1676270961761475,1.4386472702026367,1.436885952949524,1.7533072233200073,1.9814244508743286,2.2711071968078613,2.2799270153045654,2.3357434272766113,2.711353302001953,2.9308669567108154
A6,1.611131191253662,1.2954139709472656,0.9930004477500916,0.6598545908927917,0.3832385838031769,0.0,0.3761496841907501,0.6529140472412109,0.910790741443634,1.2345929145812988,1.4414011240005493,1.6419872045516968,1.7432048320770264,2.098475694656372,2.3830535411834717,2.1591553688049316,2.0029566287994385,1.6266779899597168,1.538079857826233,1.2163029909133911,1.2469696998596191,1.241878867149353,1.0531009435653687,1.3497865200042725,1.435373067855835,1.7533007860183716,1.6876261234283447,1.6487644910812378,2.001697063446045,2.1377785205841064,1.722373604774475,1.484397530555725,1.1867035627365112,0.9604541659355164,0.7916692495346069,0.6504966020584106,0.878915011882782,0.8712648153305054,1.147007942199707,1.4396069049835205,1.665844440460205,1.6548285484313965,1.776426076889038,2.133538007736206,2.4300529956817627,2.195277452468872,2.134892702102661,1.7865269184112549,1.7795491218566895,1.5490422248840332,1.6406306028366089,1.706020712852478,1.534062147140503,1.8263126611709595,1.8616710901260376,2.1967737674713135,2.0645360946655273,1.9616628885269165,2.294046640396118,2.433631658554077,1.9978978633880615,1.842792272567749,1.5730534791946411,1.4310784339904785,1.3377907276153564,1.2755513191223145,1.4904389381408691,1.3972529172897339,1.6623153686523438,1.8811112642288208,2.1481730937957764,2.1013245582580566,2.176506757736206,2.543572187423706,2.7859301567077637
A7,1.920271635055542,1.5899165868759155,1.2949100732803345,0.9530844688415527,0.6507896780967712,0.3761496841907501,0.0,0.3863130509853363,0.6404818892478943,0.9068828821182251,1.1420823335647583,1.3621888160705566,1.4226343631744385,1.769439935684204,2.0463390350341797,1.8244317770004272,1.6923702955245972,1.3181933164596558,1.291734218597412,1.008226990699768,1.1477047204971313,1.2198238372802734,1.1453202962875366,1.4974726438522339,1.6266762018203735,1.956468105316162,1.9496443271636963,1.915506362915039,2.2793097496032715,2.4273781776428223,1.9628738164901733,1.6914904117584229,1.3710131645202637,1.094732403755188,0.8176734447479248,0.5875819325447083,0.6472333669662476,0.5217223167419434,0.8015416860580444,1.0692145824432373,1.3145111799240112,1.3053700923919678,1.407934546470642,1.7689945697784424,2.061584234237671,1.8359670639038086,1.8019328117370605,1.4651414155960083,1.5122278928756714,1.3301994800567627,1.4917093515396118,1.617295742034912,1.5284357070922852,1.8650115728378296,1.9511417150497437,2.2979953289031982,2.217174768447876,2.140920639038086,2.49411940574646,2.657036066055298,2.155893564224243,1.9681918621063232,1.6554973125457764,1.4685572385787964,1.2824316024780273,1.1686567068099976,1.2969269752502441,1.1260963678359985,1.3698792457580566,1.5515378713607788,1.8246296644210815,1.7538484334945679,1.8128255605697632,2.1784732341766357,2.4177372455596924
A8,2.210564374923706,1.9058473110198975,1.5770597457885742,1.2724016904830933,0.9238052368164062,0.6529140472412109,0.3863130509853363,0.0,0.38560011982917786,0.6266530752182007,0.9123335480690002,1.0532360076904297,1.1062389612197876,1.473060965538025,1.7416788339614868,1.5393569469451904,1.4248039722442627,1.0573915243148804,1.0603992938995361,0.8458905816078186,0.998900830745697,1.1838734149932861,1.1660867929458618,1.516798734664917,1.7293884754180908,2.022158622741699,2.051180601119995,2.0814640522003174,2.453789710998535,2.64843487739563,2.2510242462158203,2.0067384243011475,1.6623249053955078,1.4252122640609741,1.118058443069458,0.9401105642318726,0.9107411503791809,0.6466096043586731,0.867550253868103,1.0238103866577148,1.2924546003341675,1.1911202669143677,1.2318629026412964,1.5890249013900757,1.8510000705718994,1.6550699472427368,1.6345826387405396,1.3358858823776245,1.3957664966583252,1.291490912437439,1.4402267932891846,1.642534613609314,1.5871185064315796,1.9169012308120728,2.0707292556762695,2.3911447525024414,2.311859607696533,2.2964632511138916,2.653287172317505,2.858708143234253,2.4223523139953613,2.2636263370513916,1.9318749904632568,1.7761964797973633,1.552137851715088,1.4639194011688232,1.5283948183059692,1.297977089881897,1.5181511640548706,1.6146219968795776,1.902047872543335,1.77265202999115,1.7736432552337646,2.1267342567443848,2.3315212726593018
A9,2.5185413360595703,2.2005226612091064,1.892273187637329,1.5606694221496582,1.2446578741073608,0.910790741443634,0.6404818892478943,0.38560011982917786,0.0,0.3873753547668457,0.554943323135376,0.7350043058395386,0.8761866092681885,1.2149776220321655,1.5337631702423096,1.4917359352111816,1.4744073152542114,1.144423246383667,1.2608766555786133,1.1353880167007446,1.3276596069335938,1.552021861076355,1.5448625087738037,1.8863556385040283,2.106806755065918,2.3912148475646973,2.405042886734009,2.4423203468322754,2.8118162155151367,2.997199773788452,2.5885331630706787,2.3293092250823975,2.0014126300811768,1.733580470085144,1.4357622861862183,1.1871507167816162,1.1002100706100464,0.7635798454284668,0.8059965968132019,0.9362199902534485,1.1173226833343506,0.9334675073623657,1.030749797821045,1.3527724742889404,1.6443817615509033,1.6358520984649658,1.7011712789535522,1.457653284072876,1.6000401973724365,1.5638513565063477,1.7538187503814697,1.9852468967437744,1.9594323635101318,2.2941367626190186,2.453976631164551,2.775132417678833,2.695934534072876,2.6790099143981934,3.034233331680298,3.2320425510406494,2.7757132053375244,2.5953757762908936,2.2675397396087646,2.0755364894866943,1.8400182723999023,1.6896125078201294,1.7111144065856934,1.4246773719787598,1.5569101572036743,1.6320791244506836,1.8666070699691772,1.671195149421692,1.699411153793335,2.021315574645996,2.2513492107391357
A10,2.8158340454101562,2.4943463802337646,2.1839423179626465,1.8573791980743408,1.5290005207061768,1.2345929145812988,0.9068828821182251,0.6266530752182007,0.3873753547668457,0.0,0.3825710713863373,0.518347978591919,0.526944637298584,0.8652968406677246,1.165947437286377,1.1394720077514648,1.1791892051696777,0.8955478668212891,1.1164294481277466,1.098416805267334,1.3644095659255981,1.6372572183609009,1.7159444093704224,2.0701706409454346,2.3115200996398926,2.59521484375,2.654743194580078,2.6945250034332275,3.068390130996704,3.2656986713409424,2.834214448928833,2.5634255409240723,2.2236318588256836,1.949245810508728,1.6146363019943237,1.376393437385559,1.192747950553894,0.813388466835022,0.7718948721885681,0.7325109839439392,0.9253073334693909,0.6933056712150574,0.6865460276603699,1.0074423551559448,1.2705365419387817,1.2928736209869385,1.4039864540100098,1.2195204496383667,1.4247092008590698,1.4753925800323486,1.7061578035354614,1.9842414855957031,2.0302670001983643,2.3762879371643066,2.574458122253418,2.890369415283203,2.85302734375,2.8613882064819336,3.2257747650146484,3.443660259246826,2.9579434394836426,2.7673537731170654,2.4180638790130615,2.2171294689178467,1.931664228439331,1.774489164352417,1.7149913311004639,1.382136344909668,1.4675756692886353,1.4537339210510254,1.6848759651184082,1.4503570795059204,1.421937346458435,1.722386121749878,1.9231630563735962
A11,3.047471761703491,2.715674638748169,2.424935817718506,2.0776634216308594,1.7785749435424805,1.4414011240005493,1.1420823335647583,0.9123335480690002,0.554943323135376,0.3825710713863373,0.0,0.3690618872642517,0.5667682886123657,0.7825798392295837,1.1495081186294556,1.338854432106018,1.464219570159912,1.231560468673706,1.4856852293014526,1.4807168245315552,1.7362933158874512,2.0057010650634766,2.0558555126190186,2.403275489807129,2.6378791332244873,2.9206855297088623,2.951892137527466,2.9905874729156494,3.361438751220703,3.544025421142578,3.1037943363189697,2.822895050048828,2.501795768737793,2.2059171199798584,1.894365668296814,1.6092774868011475,1.4286164045333862,1.055726408958435,0.8924129009246826,0.8686826825141907,0.901714026927948,0.5782933235168457,0.7016380429267883,0.9207139015197754,1.2281088829040527,1.4914915561676025,1.6743539571762085,1.5342482328414917,1.7776875495910645,1.8423960208892822,2.0861082077026367,2.359891414642334,2.399930715560913,2.7471606731414795,2.931859254837036,3.25341534614563,3.2029333114624023,3.196715831756592,3.5579981803894043,3.7603414058685303,3.26033353805542,3.0530524253845215,2.716003179550171,2.488290786743164,2.2154464721679688,2.01304292678833,1.9481176137924194,1.600616455078125,1.61112380027771,1.6066094636917114,1.7641180753707886,1.478602409362793,1.506500482559204,1.7576236724853516,1.9940907955169678
A12,3.244830369949341,2.9328839778900146,2.6158816814422607,2.293301582336426,1.9656093120574951,1.6419872045516968,1.3621888160705566,1.0532360076904297,0.7350043058395386,0.518347978591919,0.3690618872642517,0.0,0.3781752586364746,0.5919385552406311,0.9452577829360962,1.2067748308181763,1.363429069519043,1.1860744953155518,1.4467673301696777,1.5083991289138794,1.7331303358078003,2.046023368835449,2.1167490482330322,2.4416773319244385,2.7180280685424805,2.9680631160736084,3.019455671310425,3.100457191467285,3.472102642059326,3.6868863105773926,3.3019187450408936,3.0443294048309326,2.705202102661133,2.4395968914031982,2.115962505340576,1.871252179145813,1.7007322311401367,1.3206676244735718,1.2110908031463623,1.125348687171936,1.1948943138122559,0.8508062362670898,0.8379486203193665,0.9976071119308472,1.2127083539962769,1.4989100694656372,1.6773614883422852,1.5878052711486816,1.8102290630340576,1.9207993745803833,2.127603769302368,2.43328857421875,2.4804983139038086,2.807234525680542,3.028472661972046,3.3243744373321533,3.2693231105804443,3.3037736415863037,3.6616783142089844,3.8922455310821533,3.4520514011383057,3.272730588912964,2.9263529777526855,2.7307779788970947,2.449824810028076,2.285670280456543,2.215479850769043,1.8680263757705688,1.9002162218093872,1.8465445041656494,2.023742198944092,1.7256076335906982,1.6873410940170288,1.9132494926452637,2.091480255126953
A13,3.3106441497802734,2.9994969367980957,2.6764822006225586,2.3656115531921387,2.0227644443511963,1.7432048320770264,1.4226343631744385,1.1062389612197876,0.8761866092681885,0.526944637298584,0.5667682886123657,0.3781752586364746,0.0,0.3793153166770935,0.6621688008308411,0.8328877091407776,1.0186070203781128,0.8955553770065308,1.2113113403320312,1.3445569276809692,1.6123257875442505,1.940773606300354,2.078003168106079,2.4125897884368896,2.6946377754211426,2.9483423233032227,3.043306350708008,3.117077112197876,3.491105794906616,3.715204954147339,3.3107643127441406,3.0488741397857666,2.697974681854248,2.4385340213775635,2.088621139526367,1.8750507831573486,1.6560100317001343,1.2794569730758667,1.184675931930542,0.9939776659011841,1.1189826726913452,0.8149687051773071,0.6376539468765259,0.8050496578216553,0.9462690353393555,1.1423356533050537,1.3275178670883179,1.2849934101104736,1.5287312269210815,1.6948481798171997,1.9178227186203003,2.246117115020752,2.345770835876465,2.6754419803619385,2.92201566696167,3.2111239433288574,3.1953043937683105,3.2482542991638184,3.6119821071624756,3.859018087387085,3.3988683223724365,3.2191050052642822,2.8573286533355713,2.668992042541504,2.3560092449188232,2.211291790008545,2.0940470695495605,1.7395405769348145,1.7715380191802979,1.6515578031539917,1.8511083126068115,1.560819149017334,1.4485152959823608,1.6682883501052856,1.7959706783294678
A14,3.67305326461792,3.354264497756958,3.039752721786499,2.719714641571045,2.38529634475708,2.098475694656372,1.769439935684204,1.473060965538025,1.2149776220321655,0.8652968406677246,0.7825798392295837,0.5919385552406311,0.3793153166770935,0.0,0.38194888830184937,0.8752397298812866,1.1713776588439941,1.1524486541748047,1.5039414167404175,1.6795334815979004,1.96083402633667,2.293290615081787,2.4484221935272217,2.7830207347869873,3.066101551055908,3.3194262981414795,3.4208362102508545,3.4927754402160645,3.866925001144409,4.088306903839111,3.666510581970215,3.39386248588562,3.047778606414795,2.7753243446350098,2.4236464500427246,2.1942455768585205,1.9461886882781982,1.573883295059204,1.4130772352218628,1.1704457998275757,1.2019822597503662,0.8889635801315308,0.687937319278717,0.6580220460891724,0.7087959051132202,1.1681654453277588,1.4307646751403809,1.4754948616027832,1.759812593460083,1.9715937376022339,2.21321964263916,2.5504417419433594,2.6802899837493896,3.011263132095337,3.265507698059082,3.5528342723846436,3.5525119304656982,3.6088449954986572,3.974130630493164,4.222035884857178,3.7391717433929443,3.5461008548736572,3.1824066638946533,2.9777445793151855,2.6518402099609375,2.484858989715576,2.329457998275757,1.9602007865905762,1.9288661479949951,1.762673020362854,1.903941035270691,1.5758830308914185,1.4496506452560425,1.5879400968551636,1.690979242324829
A15,3.9193811416625977,3.60898756980896,3.287180185317993,2.983879566192627,2.639253854751587,2.3830535411834717,2.0463390350341797,1.7416788339614868,1.5337631702423096,1.165947437286377,1.1495081186294556,0.9452577829360962,0.6621688008308411,0.38194888830184937,0.0,0.713400661945343,1.0731552839279175,1.1785222291946411,1.5381097793579102,1.782499074935913,2.0645415782928467,2.4072093963623047,2.60860013961792,2.9323842525482178,3.227571964263916,3.46714186668396,3.6028871536254883,3.6835973262786865,4.055261611938477,4.291247367858887,3.8770902156829834,3.6107306480407715,3.2569773197174072,3.000093698501587,2.636401891708374,2.4393646717071533,2.1716644763946533,1.8159953355789185,1.6768827438354492,1.381103277206421,1.4354493618011475,1.176236629486084,0.8937498331069946,0.7932701110839844,0.6384207606315613,1.0584899187088013,1.3289209604263306,1.4677314758300781,1.7472609281539917,2.0172367095947266,2.247734785079956,2.6013786792755127,2.7721481323242188,3.08876895904541,3.369704484939575,3.63722562789917,3.6649532318115234,3.7481515407562256,4.111550331115723,4.3780975341796875,3.904548406600952,3.7209393978118896,3.349263906478882,3.160660982131958,2.816786527633667,2.674531936645508,2.486382007598877,2.124602794647217,2.0902504920959473,1.8634063005447388,2.0061304569244385,1.692334532737732,1.4916166067123413,1.576416254043579,1.5876648426055908
B1,3.5499966144561768,3.2630257606506348,2.935818672180176,2.6781632900238037,2.32673716545105,2.1591553688049316,1.8244317770004272,1.5393569469451904,1.4917359352111816,1.1394720077514648,1.338854432106018,1.2067748308181763,0.8328877091407776,0.8752397298812866,0.713400661945343,0.0,0.38071346282958984,0.6164726614952087,0.952700138092041,1.260920763015747,1.5524208545684814,1.8762990236282349,2.1458282470703125,2.459095001220703,2.7443511486053467,2.9783506393432617,3.1648569107055664,3.2338640689849854,3.595627784729004,3.8417911529541016,3.4369146823883057,3.19010853767395,2.8288590908050537,2.615003824234009,2.2422311305999756,2.13150691986084,1.8639147281646729,1.5668443441390991,1.5538090467453003,1.2425097227096558,1.4601463079452515,1.3200267553329468,0.9624320864677429,1.0619733333587646,0.9334071278572083,0.5890052914619446,0.6964207291603088,0.8628070950508118,1.0867729187011719,1.400718331336975,1.6086223125457764,1.9687548875808716,2.183499574661255,2.4834349155426025,2.784627914428711,3.0321035385131836,3.101489543914795,3.206683397293091,3.5649945735931396,3.848384380340576,3.3913848400115967,3.2335095405578613,2.856351375579834,2.713391065597534,2.358258008956909,2.2909317016601562,2.0955557823181152,1.7817206382751465,1.8374018669128418,1.5842514038085938,1.8307970762252808,1.6200649738311768,1.3316905498504639,1.5046026706695557,1.4445933103561401
B2,3.2917730808258057,3.024475336074829,2.6931345462799072,2.4686343669891357,2.1169679164886475,2.0029566287994385,1.6923702955245972,1.4248039722442627,1.4744073152542114,1.1791892051696777,1.464219570159912,1.363429069519043,1.0186070203781128,1.1713776588439941,1.0731552839279175,0.38071346282958984,0.0,0.37641826272010803,0.6209620237350464,0.9610817432403564,1.235840916633606,1.5456562042236328,1.8437232971191406,2.1431779861450195,2.4245567321777344,2.6499836444854736,2.858200788497925,2.926743268966675,3.2811222076416016,3.5350778102874756,3.1526710987091064,2.925384283065796,2.560882329940796,2.381075382232666,2.0124807357788086,1.959477186203003,1.7194339036941528,1.4668571949005127,1.5441508293151855,1.2764135599136353,1.5687068700790405,1.47466242313385,1.1438133716583252,1.3312724828720093,1.260844349861145,0.6715044975280762,0.5583229660987854,0.6411299109458923,0.7587020397186279,1.0766005516052246,1.2464609146118164,1.6113709211349487,1.8329405784606934,2.1193411350250244,2.4311282634735107,2.6660592555999756,2.7460317611694336,2.8645334243774414,3.217954158782959,3.510789394378662,3.0829708576202393,2.9485204219818115,2.5724079608917236,2.4654688835144043,2.1178059577941895,2.1041371822357178,1.9327881336212158,1.662170171737671,1.7903622388839722,1.5640901327133179,1.86774742603302,1.7198785543441772,1.43205988407135,1.6605298519134521,1.600507140159607
B3,2.9454185962677,2.669947862625122,2.337461471557617,2.1015207767486572,1.7478824853897095,1.6266779899597168,1.3181933164596558,1.0573915243148804,1.144423246383667,0.8955478668212891,1.231560468673706,1.1860744953155518,0.8955553770065308,1.1524486541748047,1.1785222291946411,0.6164726614952087,0.37641826272010803,0.0,0.3855399191379547,0.6467432379722595,0.9635109305381775,1.274551510810852,1.5380741357803345,1.8638919591903687,2.1352975368499756,2.384328603744507,2.564073324203491,2.620272397994995,2.982630491256714,3.2254257202148438,2.8306996822357178,2.5968031883239746,2.2299439907073975,2.0386829376220703,1.669250249862671,1.6046887636184692,1.3858189582824707,1.1258952617645264,1.2480069398880005,1.0420913696289062,1.374518632888794,1.2867064476013184,1.0159701108932495,1.291885256767273,1.3324512243270874,0.8048056960105896,0.6983775496482849,0.5588677525520325,0.6669871807098389,0.8799551725387573,1.0746557712554932,1.4287508726119995,1.599990725517273,1.9150553941726685,2.2003672122955322,2.464494466781616,2.514678478240967,2.604020595550537,2.965569257736206,3.2427706718444824,2.801422119140625,2.659400224685669,2.2835092544555664,2.166252374649048,1.8303239345550537,1.8081083297729492,1.6781151294708252,1.40630042552948,1.5761914253234863,1.4191505908966064,1.7483022212982178,1.6100268363952637,1.3852348327636719,1.6775141954421997,1.7025041580200195
B4,2.710888624191284,2.4672131538391113,2.1244301795959473,1.9396872520446777,1.5864148139953613,1.538079857826233,1.291734218597412,1.0603992938995361,1.2608766555786133,1.1164294481277466,1.4856852293014526,1.4467673301696777,1.2113113403320312,1.5039414167404175,1.5381097793579102,0.952700138092041,0.6209620237350464,0.3855399191379547,0.0,0.36925607919692993,0.6192666292190552,0.9281460046768188,1.2249374389648438,1.524996280670166,1.8046249151229858,2.0341248512268066,2.2386691570281982,2.30802845954895,2.662095785140991,2.922593593597412,2.578213691711426,2.378923177719116,2.006767988204956,1.8715002536773682,1.5188703536987305,1.5387003421783447,1.3873343467712402,1.198854923248291,1.420670986175537,1.29185950756073,1.6541374921798706,1.592663288116455,1.363434910774231,1.6635760068893433,1.717057466506958,1.1183594465255737,0.9023059606552124,0.6891557574272156,0.5657399892807007,0.6794955134391785,0.7579656839370728,1.1175732612609863,1.2654222249984741,1.556930661201477,1.8609657287597656,2.105247735977173,2.152623414993286,2.2663357257843018,2.620995044708252,2.9149699211120605,2.5360238552093506,2.4344029426574707,2.0643422603607178,2.0048389434814453,1.6958322525024414,1.7501959800720215,1.6746426820755005,1.472579002380371,1.7184088230133057,1.6088248491287231,1.9691768884658813,1.884708285331726,1.674822211265564,1.98753023147583,2.0053892135620117
B5,2.3442976474761963,2.098109722137451,1.755745530128479,1.5757415294647217,1.2273988723754883,1.2163029909133911,1.008226990699768,0.8458905816078186,1.1353880167007446,1.098416805267334,1.4807168245315552,1.5083991289138794,1.3445569276809692,1.6795334815979004,1.782499074935913,1.260920763015747,0.9610817432403564,0.6467432379722595,0.36925607919692993,0.0,0.3842422068119049,0.6416842937469482,0.902262270450592,1.2383992671966553,1.4907668828964233,1.7539390325546265,1.931876301765442,1.9763336181640625,2.3369178771972656,2.582810640335083,2.222879648208618,2.021763801574707,1.6473069190979004,1.5161597728729248,1.1713488101959229,1.2197126150131226,1.126798391342163,0.9937939047813416,1.2898772954940796,1.2587909698486328,1.63210129737854,1.6034208536148071,1.4493603706359863,1.7914516925811768,1.913245439529419,1.3506709337234497,1.14607834815979,0.8373836874961853,0.6872765421867371,0.5866284966468811,0.6475393772125244,0.9418360590934753,1.0093966722488403,1.3326871395111084,1.595710277557373,1.8733831644058228,1.8927501440048218,1.9688632488250732,2.3315508365631104,2.606823682785034,2.213078737258911,2.109649181365967,1.7432235479354858,1.6883620023727417,1.4055510759353638,1.4785627126693726,1.467961311340332,1.3078813552856445,1.6059163808822632,1.5786272287368774,1.9481167793273926,1.897530436515808,1.7491523027420044,2.096553325653076,2.1697704792022705
B6,2.198721408843994,2.0012669563293457,1.6407655477523804,1.532034158706665,1.1915446519851685,1.2469696998596191,1.1477047204971313,0.998900830745697,1.3276596069335938,1.3644095659255981,1.7362933158874512,1.7331303358078003,1.6123257875442505,1.96083402633667,2.0645415782928467,1.5524208545684814,1.235840916633606,0.9635109305381775,0.6192666292190552,0.3842422068119049,0.0,0.3730279803276062,0.6288297176361084,0.9086285829544067,1.209589958190918,1.4265531301498413,1.6231709718704224,1.7164496183395386,2.068925619125366,2.3499464988708496,2.093644380569458,1.9509539604187012,1.5774903297424316,1.5283123254776,1.2364649772644043,1.3618561029434204,1.3643009662628174,1.2762678861618042,1.6026906967163086,1.6164932250976562,1.9836277961730957,1.9355970621109009,1.7998881340026855,2.141878128051758,2.261326313018799,1.7063452005386353,1.4778082370758057,1.1922361850738525,0.9683122634887695,0.8159347772598267,0.6810439825057983,0.904003381729126,0.8584744334220886,1.1130911111831665,1.3961983919143677,1.6339197158813477,1.6108545064926147,1.7297821044921875,2.077962875366211,2.3784561157226562,2.108616828918457,2.068173408508301,1.7262569665908813,1.7469834089279175,1.5268166065216064,1.6655563116073608,1.7207540273666382,1.6148737668991089,1.9400583505630493,1.9424561262130737,2.313880205154419,2.273219585418701,2.1328771114349365,2.4805049896240234,2.5456550121307373
B7,1.9091312885284424,1.7411997318267822,1.3981013298034668,1.3575364351272583,1.0730637311935425,1.241878867149353,1.2198238372802734,1.1838734149932861,1.552021861076355,1.6372572183609009,2.0057010650634766,2.046023368835449,1.940773606300354,2.293290615081787,2.4072093963623047,1.8762990236282349,1.5456562042236328,1.274551510810852,0.9281460046768188,0.6416842937469482,0.3730279803276062,0.0,0.3817017674446106,0.6439875364303589,0.8820186257362366,1.1273688077926636,1.3423008918762207,1.3963685035705566,1.740633249282837,2.013969898223877,1.76362943649292,1.6484911441802979,1.2865638732910156,1.3050129413604736,1.0700269937515259,1.2915942668914795,1.3619147539138794,1.3770288228988647,1.7399656772613525,1.8018039464950562,2.168874502182007,2.1684701442718506,2.0620522499084473,2.415926933288574,2.5531280040740967,1.9548238515853882,1.6992309093475342,1.384658932685852,1.1174347400665283,0.8554053902626038,0.6400315165519714,0.697430431842804,0.5273935794830322,0.7766026854515076,1.0302618741989136,1.2846132516860962,1.2610151767730713,1.361806035041809,1.7143712043762207,2.0113821029663086,1.7557801008224487,1.7453035116195679,1.4216388463974,1.5009653568267822,1.3348761796951294,1.5431426763534546,1.6528998613357544,1.6301778554916382,1.989665150642395,2.037109375,2.410494804382324,2.422091484069824,2.3056697845458984,2.6637628078460693,2.739058494567871
B8,1.6054059267044067,1.4549683332443237,1.0941535234451294,1.093862771987915,0.8361338376998901,1.0531009435653687,1.1453202962875366,1.1660867929458618,1.5448625087738037,1.7159444093704224,2.0558555126190186,2.1167490482330322,2.078003168106079,2.4484221935272217,2.60860013961792,2.1458282470703125,1.8437232971191406,1.5380741357803345,1.2249374389648438,0.902262270450592,0.6288297176361084,0.3817017674446106,0.0,0.38370147347450256,0.6206629872322083,0.8939131498336792,1.0312796831130981,1.0978546142578125,1.459695816040039,1.7350515127182007,1.5352277755737305,1.4495797157287598,1.0972964763641357,1.1557934284210205,0.9937382340431213,1.2253719568252563,1.3910129070281982,1.4317981004714966,1.8036551475524902,1.9358851909637451,2.2804369926452637,2.2701289653778076,2.2201876640319824,2.5853989124298096,2.763854742050171,2.241807222366333,2.019683837890625,1.6873533725738525,1.46071195602417,1.1803853511810303,1.0069578886032104,0.9963536262512207,0.7105854153633118,0.8888624310493469,1.0316352844238281,1.289527177810669,1.1640883684158325,1.217122197151184,1.5615001916885376,1.8332188129425049,1.6386761665344238,1.6505653858184814,1.3657370805740356,1.461864948272705,1.3739368915557861,1.5737541913986206,1.75753915309906,1.7552376985549927,2.118164539337158,2.22419810295105,2.5818796157836914,2.589021921157837,2.520272970199585,2.8897576332092285,3.005174398422241
B9,1.5592809915542603,1.4993528127670288,1.1661423444747925,1.2791993618011475,1.0983830690383911,1.3497865200042725,1.4974726438522339,1.516798734664917,1.8863556385040283,2.0701706409454346,2.403275489807129,2.4416773319244385,2.4125897884368896,2.7830207347869873,2.9323842525482178,2.459095001220703,2.1431779861450195,1.8638919591903687,1.524996280670166,1.2383992671966553,0.9086285829544067,0.6439875364303589,0.38370147347450256,0.0,0.3884051740169525,0.5366374254226685,0.7226260900497437,0.8744460344314575,1.2030640840530396,1.5281447172164917,1.499746322631836,1.5093533992767334,1.2096811532974243,1.369914174079895,1.2901134490966797,1.556422233581543,1.753251075744629,1.8115744590759277,2.1835224628448486,2.3189826011657715,2.66318678855896,2.645327091217041,2.5918126106262207,2.954171895980835,3.121946334838867,2.582303524017334,2.339343786239624,2.0225989818573,1.7608106136322021,1.484480857849121,1.241305947303772,1.1692883968353271,0.8298978805541992,0.8351826071739197,0.9429634213447571,1.1069718599319458,0.9018263220787048,1.0158964395523071,1.3162857294082642,1.6169719696044922,1.6159263849258423,1.7130869626998901,1.489105224609375,1.663425326347351,1.6387252807617188,1.8792861700057983,2.085754632949829,2.115934371948242,2.4849400520324707,2.593574047088623,2.9532220363616943,2.9695141315460205,2.8944108486175537,3.2617764472961426,3.363217830657959
B10,1.2468427419662476,1.2385672330856323,0.9647339582443237,1.1759270429611206,1.1086885929107666,1.435373067855835,1.6266762018203735,1.7293884754180908,2.106806755065918,2.3115200996398926,2.6378791332244873,2.7180280685424805,2.6946377754211426,3.066101551055908,3.227571964263916,2.7443511486053467,2.4245567321777344,2.1352975368499756,1.8046249151229858,1.4907668828964233,1.209589958190918,0.8820186257362366,0.6206629872322083,0.3884051740169525,0.0,0.38029104471206665,0.5186494588851929,0.5302512645721436,0.8620476722717285,1.1642061471939087,1.144959568977356,1.2083491086959839,0.9662070870399475,1.2160139083862305,1.237950325012207,1.555314064025879,1.7972040176391602,1.9309595823287964,2.309431314468384,2.4784200191497803,2.812131643295288,2.835618019104004,2.8079516887664795,3.1768381595611572,3.3629086017608643,2.803473472595215,2.554152488708496,2.2182600498199463,1.9547382593154907,1.633533000946045,1.4041742086410522,1.234597086906433,0.854374349117279,0.7994301319122314,0.7371626496315002,0.9136787056922913,0.6649762988090515,0.669456958770752,0.9761370420455933,1.2462406158447266,1.2694950103759766,1.4090898036956787,1.2459020614624023,1.4768601655960083,1.534907341003418,1.8104767799377441,2.060208797454834,2.156243324279785,2.532618999481201,2.679935932159424,3.027778387069702,3.0849764347076416,3.0369069576263428,3.408338785171509,3.5252649784088135
B11,1.428331971168518,1.5011576414108276,1.2605175971984863,1.5073529481887817,1.4478906393051147,1.7533007860183716,1.956468105316162,2.022158622741699,2.3912148475646973,2.59521484375,2.9206855297088623,2.9680631160736084,2.9483423233032227,3.3194262981414795,3.46714186668396,2.9783506393432617,2.6499836444854736,2.384328603744507,2.0341248512268066,1.7539390325546265,1.4265531301498413,1.1273688077926636,0.8939131498336792,0.5366374254226685,0.38029104471206665,0.0,0.3678725063800812,0.5703803300857544,0.7794903516769409,1.1486643552780151,1.3587877750396729,1.5003294944763184,1.3095831871032715,1.5844528675079346,1.6175919771194458,1.9282416105270386,2.1678130626678467,2.2806763648986816,2.657533645629883,2.814483880996704,3.153585195541382,3.1555631160736084,3.1140084266662598,3.4790077209472656,3.6493563652038574,3.081577777862549,2.8185529708862305,2.5024521350860596,2.215566873550415,1.9182829856872559,1.6428982019424438,1.476951003074646,1.1102186441421509,0.940938413143158,0.8940073251724243,0.9111153483390808,0.574325680732727,0.7095940709114075,0.8975811004638672,1.207378625869751,1.4800796508789062,1.6863079071044922,1.5698590278625488,1.8323503732681274,1.9027495384216309,2.188119649887085,2.4322550296783447,2.5243611335754395,2.901409149169922,3.0340383052825928,3.388266086578369,3.437047004699707,3.3725202083587646,3.7408785820007324,3.8398361206054688
B12,1.1876399517059326,1.3016201257705688,1.0914080142974854,1.3790931701660156,1.3833330869674683,1.6876261234283447,1.9496443271636963,2.051180601119995,2.405042886734009,2.654743194580078,2.951892137527466,3.019455671310425,3.043306350708008,3.4208362102508545,3.6028871536254883,3.1648569107055664,2.858200788497925,2.564073324203491,2.2386691570281982,1.931876301765442,1.6231709718704224,1.3423008918762207,1.0312796831130981,0.7226260900497437,0.5186494588851929,0.3678725063800812,0.0,0.3780065178871155,0.5826932191848755,0.9422844648361206,1.2366834878921509,1.4087891578674316,1.2654099464416504,1.5469964742660522,1.636996865272522,1.9217346906661987,2.205162525177002,2.327815055847168,2.6949431896209717,2.894055128097534,3.210522413253784,3.208658456802368,3.208266258239746,3.5772831439971924,3.7788286209106445,3.269786834716797,3.0342113971710205,2.7010278701782227,2.4465219974517822,2.137518882751465,1.9034583568572998,1.7454965114593506,1.3665565252304077,1.2526047229766846,1.1447833776474,1.199499487876892,0.8461408019065857,0.8416815400123596,0.9789006114006042,1.1932713985443115,1.4939136505126953,1.6939336061477661,1.6197218894958496,1.8619587421417236,1.9778087139129639,2.232431173324585,2.5137650966644287,2.609096050262451,2.9775164127349854,3.147874593734741,3.485929250717163,3.528722047805786,3.5006208419799805,3.8753914833068848,4.007596015930176
B13,0.8735894560813904,1.013003945350647,0.8732813596725464,1.2134908437728882,1.299473762512207,1.6487644910812378,1.915506362915039,2.0814640522003174,2.4423203468322754,2.6945250034332275,2.9905874729156494,3.100457191467285,3.117077112197876,3.4927754402160645,3.6835973262786865,3.2338640689849854,2.926743268966675,2.620272397994995,2.30802845954895,1.9763336181640625,1.7164496183395386,1.3963685035705566,1.0978546142578125,0.8744460344314575,0.5302512645721436,0.5703803300857544,0.3780065178871155,0.0,0.3745775520801544,0.6588001251220703,0.8634331822395325,1.0658979415893555,0.9826016426086426,1.30959153175354,1.4677331447601318,1.7773258686065674,2.078962802886963,2.2589786052703857,2.625457286834717,2.8446922302246094,3.150696277618408,3.1900901794433594,3.2080063819885254,3.5804429054260254,3.796837329864502,3.272118091583252,3.037339687347412,2.6875762939453125,2.4430863857269287,2.1032514572143555,1.9011826515197754,1.6934956312179565,1.3148465156555176,1.2224457263946533,1.0135846138000488,1.121612787246704,0.8098657131195068,0.6380811929702759,0.7928274273872375,0.9313532114028931,1.1432998180389404,1.3494529724121094,1.3227794170379639,1.583662509918213,1.7537899017333984,2.019681215286255,2.323899507522583,2.4654717445373535,2.8320188522338867,3.0301756858825684,3.3539164066314697,3.4308829307556152,3.4257640838623047,3.8007941246032715,3.947749614715576
