0.000000000000000000e+00,3.790539205074310303e-01,6.294218897819519043e-01,9.728043675422668457e-01,1.281865000724792480e+00,1.599938750267028809e+00,1.911666274070739746e+00,2.193820714950561523e+00,2.511078834533691406e+00,2.794222116470336914e+00,3.029961109161376953e+00,3.239387989044189453e+00,3.306457519531250000e+00,3.671258687973022461e+00,3.903589725494384766e+00,3.510418176651000977e+00,3.248651742935180664e+00,2.905748844146728516e+00,2.672304391860961914e+00,2.309176683425903320e+00,2.168324470520019531e+00,1.852811813354492188e+00,1.588981032371520996e+00,1.554345130920410156e+00,1.226441383361816406e+00,1.421961903572082520e+00,1.202744722366333008e+00,8.736703991889953613e-01,9.512201547622680664e-01,7.766594290733337402e-01,4.917645752429962158e-01,6.617578864097595215e-01,8.295087814331054688e-01,1.091418981552124023e+00,1.403290152549743652e+00,1.633177876472473145e+00,1.985730409622192383e+00,2.235165596008300781e+00,2.539188385009765625e+00,2.838972330093383789e+00,3.064258337020874023e+00,3.214601755142211914e+00,3.298035144805908203e+00,3.666727066040039062e+00,3.925481557846069336e+00,3.477656602859497070e+00,3.293413162231445312e+00,2.919521331787109375e+00,2.754288196563720703e+00,2.397989749908447266e+00,2.317103862762451172e+00,2.105958700180053711e+00,1.785211801528930664e+00,1.836427330970764160e+00,1.567339420318603516e+00,1.788961291313171387e+00,1.577209711074829102e+00,1.257291316986083984e+00,1.376706719398498535e+00,1.256075263023376465e+00,1.071765661239624023e+00,1.142621874809265137e+00,1.240345358848571777e+00,1.396342396736145020e+00,1.679030299186706543e+00,1.859904289245605469e+00,2.220185995101928711e+00,2.396544218063354492e+00,2.718152523040771484e+00,2.999118089675903320e+00,3.261048793792724609e+00,3.283929109573364258e+00,3.392906904220581055e+00,3.749407768249511719e+00,4.038100719451904297e+00
3.790539205074310303e-01,0.000000000000000000e+00,3.826207518577575684e-01,6.391301155090332031e-01,9.853342771530151367e-01,1.286261677742004395e+00,1.585327148437500000e+00,1.894902229309082031e+00,2.194958925247192383e+00,2.478783369064331055e+00,2.700039148330688477e+00,2.929825305938720703e+00,3.000879049301147461e+00,3.358013868331909180e+00,3.600674152374267578e+00,3.236324071884155273e+00,2.995796918869018555e+00,2.643000364303588867e+00,2.443621635437011719e+00,2.077775239944458008e+00,1.989175796508789062e+00,1.699566841125488281e+00,1.462925195693969727e+00,1.521773457527160645e+00,1.242171883583068848e+00,1.518248081207275391e+00,1.342200040817260742e+00,1.041077971458435059e+00,1.222253322601318359e+00,1.116178154945373535e+00,5.955696702003479004e-01,5.195879936218261719e-01,6.150845289230346680e-01,7.736510038375854492e-01,1.092686176300048828e+00,1.282068967819213867e+00,1.641014695167541504e+00,1.893124699592590332e+00,2.181562423706054688e+00,2.492414712905883789e+00,2.702634811401367188e+00,2.861016511917114258e+00,2.959764957427978516e+00,3.324392318725585938e+00,3.594980478286743164e+00,3.183759927749633789e+00,3.024142265319824219e+00,2.646433591842651367e+00,2.517482995986938477e+00,2.167851924896240234e+00,2.138891696929931641e+00,1.959043025970458984e+00,1.672819852828979492e+00,1.801145434379577637e+00,1.573162913322448730e+00,1.857661485671997070e+00,1.687294721603393555e+00,1.384181976318359375e+00,1.582670807838439941e+00,1.513593316078186035e+00,1.115720033645629883e+00,1.065380334854125977e+00,1.085072040557861328e+00,1.149330496788024902e+00,1.408882856369018555e+00,1.540795326232910156e+00,1.904963016510009766e+00,2.061775207519531250e+00,2.370948553085327148e+00,2.661496162414550781e+00,2.912151575088500977e+00,2.924726247787475586e+00,3.047047376632690430e+00,3.397754669189453125e+00,3.695954561233520508e+00
6.294218897819519043e-01,3.826207518577575684e-01,0.000000000000000000e+00,3.868916034698486328e-01,6.532271504402160645e-01,9.875613451004028320e-01,1.289718031883239746e+00,1.566025495529174805e+00,1.889555454254150391e+00,2.166084527969360352e+00,2.410165786743164062e+00,2.614508867263793945e+00,2.677060604095458984e+00,3.042331218719482422e+00,3.276777505874633789e+00,2.904340505599975586e+00,2.659862279891967773e+00,2.306129217147827148e+00,2.097495555877685547e+00,1.731526851654052734e+00,1.627864718437194824e+00,1.355413556098937988e+00,1.100859761238098145e+00,1.196975350379943848e+00,9.759266972541809082e-01,1.288680553436279297e+00,1.142665505409240723e+00,9.113876223564147949e-01,1.192171335220336914e+00,1.209290504455566406e+00,7.801882624626159668e-01,6.734151840209960938e-01,5.264659523963928223e-01,6.524294018745422363e-01,8.686256408691406250e-01,1.072309374809265137e+00,1.423147082328796387e+00,1.633979439735412598e+00,1.950928688049316406e+00,2.243576765060424805e+00,2.484221935272216797e+00,2.611521720886230469e+00,2.685947418212890625e+00,3.056994438171386719e+00,3.314264774322509766e+00,2.894502162933349609e+00,2.731811046600341797e+00,2.357338428497314453e+00,2.221875905990600586e+00,1.883803248405456543e+00,1.844092965126037598e+00,1.704763054847717285e+00,1.409774661064147949e+00,1.569042563438415527e+00,1.407460451126098633e+00,1.711796641349792480e+00,1.533610939979553223e+00,1.292097210884094238e+00,1.552070260047912598e+00,1.576771140098571777e+00,1.219107866287231445e+00,1.172869563102722168e+00,1.072123289108276367e+00,1.127999782562255859e+00,1.297902464866638184e+00,1.436562299728393555e+00,1.776210427284240723e+00,1.884531259536743164e+00,2.214884757995605469e+00,2.469920873641967773e+00,2.748819351196289062e+00,2.737653255462646484e+00,2.823914051055908203e+00,3.179146289825439453e+00,3.455579042434692383e+00
9.728043675422668457e-01,6.391301155090332031e-01,3.868916034698486328e-01,0.000000000000000000e+00,3.779976665973663330e-01,6.520919203758239746e-01,9.491497278213500977e-01,1.262131571769714355e+00,1.556051135063171387e+00,1.843324780464172363e+00,2.063091039657592773e+00,2.291090965270996094e+00,2.369066238403320312e+00,2.725537538528442383e+00,2.978817939758300781e+00,2.658218145370483398e+00,2.448580265045166016e+00,2.081652402877807617e+00,1.926875948905944824e+00,1.566074728965759277e+00,1.537553429603576660e+00,1.329596877098083496e+00,1.122329831123352051e+00,1.330720543861389160e+00,1.201830983161926270e+00,1.547574162483215332e+00,1.438683629035949707e+00,1.257620692253112793e+00,1.564899802207946777e+00,1.595904827117919922e+00,1.094972014427185059e+00,8.755559325218200684e-01,6.649690866470336914e-01,5.465690493583679199e-01,6.692192554473876953e-01,7.537010908126831055e-01,1.113077878952026367e+00,1.300166487693786621e+00,1.594133257865905762e+00,1.906926155090332031e+00,2.126838684082031250e+00,2.252643585205078125e+00,2.352035284042358398e+00,2.718436479568481445e+00,2.994230508804321289e+00,2.638778686523437500e+00,2.515660524368286133e+00,2.140908956527709961e+00,2.061502456665039062e+00,1.746936798095703125e+00,1.778730392456054688e+00,1.699400901794433594e+00,1.463632106781005859e+00,1.701523423194885254e+00,1.601022601127624512e+00,1.940611362457275391e+00,1.801969289779663086e+00,1.591622114181518555e+00,1.885962128639221191e+00,1.932815074920654297e+00,1.464000582695007324e+00,1.328706979751586914e+00,1.158086776733398438e+00,1.088796257972717285e+00,1.183207154273986816e+00,1.228433728218078613e+00,1.553289175033569336e+00,1.608050465583801270e+00,1.916015028953552246e+00,2.176550865173339844e+00,2.440401554107666016e+00,2.401461601257324219e+00,2.502070426940917969e+00,2.846790313720703125e+00,3.133261442184448242e+00
1.281865000724792480e+00,9.853342771530151367e-01,6.532271504402160645e-01,3.779976665973663330e-01,0.000000000000000000e+00,3.829773962497711182e-01,6.470264196395874023e-01,9.156513214111328125e-01,1.243421435356140137e+00,1.513107538223266602e+00,1.764114975929260254e+00,1.964546203613281250e+00,2.026164054870605469e+00,2.390759944915771484e+00,2.633568525314331055e+00,2.305531263351440430e+00,2.096848249435424805e+00,1.727646946907043457e+00,1.575759649276733398e+00,1.219974756240844727e+00,1.204276204109191895e+00,1.053432106971740723e+00,8.732776641845703125e-01,1.160767078399658203e+00,1.142316222190856934e+00,1.495117187500000000e+00,1.443707346916198730e+00,1.344678759574890137e+00,1.695136666297912598e+00,1.802464962005615234e+00,1.360482335090637207e+00,1.147120594978332520e+00,8.422744274139404297e-01,6.852219700813293457e-01,5.858752727508544922e-01,6.310318112373352051e-01,9.297884702682495117e-01,1.040464878082275391e+00,1.366987586021423340e+00,1.647899627685546875e+00,1.903854131698608398e+00,1.992377400398254395e+00,2.059479475021362305e+00,2.431535482406616211e+00,2.690632820129394531e+00,2.329473733901977539e+00,2.209000825881958008e+00,1.841633319854736328e+00,1.767698526382446289e+00,1.480293035507202148e+00,1.519968509674072266e+00,1.508014440536499023e+00,1.299578189849853516e+00,1.577789306640625000e+00,1.563942313194274902e+00,1.907544374465942383e+00,1.785191297531127930e+00,1.645920276641845703e+00,1.975339174270629883e+00,2.090328454971313477e+00,1.652629733085632324e+00,1.523374557495117188e+00,1.274548053741455078e+00,1.193093180656433105e+00,1.170830249786376953e+00,1.204844951629638672e+00,1.469117522239685059e+00,1.454006314277648926e+00,1.774159550666809082e+00,1.983614921569824219e+00,2.274975776672363281e+00,2.209349632263183594e+00,2.265352725982666016e+00,2.611915349960327148e+00,2.871675491333007812e+00
1.599938750267028809e+00,1.286261677742004395e+00,9.875613451004028320e-01,6.520919203758239746e-01,3.829773962497711182e-01,0.000000000000000000e+00,3.782934844493865967e-01,6.467260718345642090e-01,9.155799746513366699e-01,1.231356263160705566e+00,1.438206553459167480e+00,1.650580525398254395e+00,1.759817838668823242e+00,2.116944313049316406e+00,2.393043279647827148e+00,2.159874916076660156e+00,2.006718873977661133e+00,1.629254341125488281e+00,1.553677797317504883e+00,1.235240340232849121e+00,1.289289116859436035e+00,1.246354103088378906e+00,1.101665616035461426e+00,1.427346944808959961e+00,1.476693749427795410e+00,1.812188982963562012e+00,1.754629254341125488e+00,1.694100141525268555e+00,2.045826196670532227e+00,2.155572414398193359e+00,1.720000028610229492e+00,1.487566232681274414e+00,1.202223896980285645e+00,9.771631360054016113e-01,8.163410425186157227e-01,6.674136519432067871e-01,8.861147761344909668e-01,8.697245717048645020e-01,1.140393257141113281e+00,1.442426919937133789e+00,1.666150450706481934e+00,1.714563250541687012e+00,1.819372653961181641e+00,2.182223081588745117e+00,2.465233564376831055e+00,2.217359304428100586e+00,2.155585527420043945e+00,1.806312441825866699e+00,1.803544521331787109e+00,1.573709607124328613e+00,1.672710061073303223e+00,1.733742594718933105e+00,1.576764225959777832e+00,1.882193207740783691e+00,1.911177396774291992e+00,2.254380464553833008e+00,2.137014865875244141e+00,2.019660949707031250e+00,2.351171016693115234e+00,2.470464706420898438e+00,2.019062995910644531e+00,1.860661625862121582e+00,1.601830363273620605e+00,1.458211302757263184e+00,1.382290005683898926e+00,1.319956541061401367e+00,1.532711148262023926e+00,1.427441239356994629e+00,1.696310877799987793e+00,1.889454841613769531e+00,2.156378030776977539e+00,2.031676292419433594e+00,2.093447923660278320e+00,2.415046453475952148e+00,2.675438404083251953e+00
1.911666274070739746e+00,1.585327148437500000e+00,1.289718031883239746e+00,9.491497278213500977e-01,6.470264196395874023e-01,3.782934844493865967e-01,0.000000000000000000e+00,3.840779960155487061e-01,6.356579661369323730e-01,8.974896669387817383e-01,1.126735448837280273e+00,1.358368635177612305e+00,1.430205583572387695e+00,1.779883265495300293e+00,2.048759937286376953e+00,1.822586655616760254e+00,1.695224285125732422e+00,1.319549560546875000e+00,1.307223916053771973e+00,1.029202580451965332e+00,1.188144087791442871e+00,1.224308490753173828e+00,1.192800521850585938e+00,1.563304185867309570e+00,1.660999894142150879e+00,2.003289699554443359e+00,2.004906177520751953e+00,1.956736445426940918e+00,2.319003105163574219e+00,2.445348739624023438e+00,1.963512897491455078e+00,1.697449803352355957e+00,1.386298060417175293e+00,1.110257983207702637e+00,8.417282700538635254e-01,6.030659675598144531e-01,6.526519656181335449e-01,5.182884335517883301e-01,7.947860956192016602e-01,1.071332693099975586e+00,1.315494060516357422e+00,1.359430432319641113e+00,1.445589303970336914e+00,1.811577558517456055e+00,2.090891122817993164e+00,1.857944130897521973e+00,1.823828220367431641e+00,1.486390709877014160e+00,1.537930488586425781e+00,1.356619000434875488e+00,1.522979378700256348e+00,1.643851518630981445e+00,1.568743944168090820e+00,1.913356781005859375e+00,1.994315266609191895e+00,2.345704555511474609e+00,2.279227495193481445e+00,2.192090749740600586e+00,2.544744968414306641e+00,2.690785646438598633e+00,2.179109096527099609e+00,1.988146305084228516e+00,1.685462474822998047e+00,1.495829463005065918e+00,1.328228831291198730e+00,1.211634159088134766e+00,1.339884042739868164e+00,1.158738374710083008e+00,1.405342340469360352e+00,1.557502746582031250e+00,1.830103874206542969e+00,1.688102841377258301e+00,1.726848363876342773e+00,2.047752618789672852e+00,2.299727916717529297e+00
2.193820714950561523e+00,1.894902229309082031e+00,1.566025495529174805e+00,1.262131571769714355e+00,9.156513214111328125e-01,6.467260718345642090e-01,3.840779960155487061e-01,0.000000000000000000e+00,3.857935070991516113e-01,6.243227720260620117e-01,9.034419059753417969e-01,1.055408596992492676e+00,1.127763390541076660e+00,1.496227264404296875e+00,1.760661482810974121e+00,1.562283158302307129e+00,1.457725644111633301e+00,1.090435624122619629e+00,1.111679077148437500e+00,9.010608792304992676e-01,1.068947196006774902e+00,1.217272520065307617e+00,1.214421629905700684e+00,1.587836742401123047e+00,1.768964767456054688e+00,2.075188398361206055e+00,2.101394176483154297e+00,2.118849277496337891e+00,2.490427494049072266e+00,2.662850379943847656e+00,2.254661083221435547e+00,2.016789674758911133e+00,1.682520389556884766e+00,1.444622397422790527e+00,1.147097349166870117e+00,9.560285210609436035e-01,9.184013009071350098e-01,6.526435017585754395e-01,8.752351999282836914e-01,1.047099947929382324e+00,1.316763520240783691e+00,1.262108087539672852e+00,1.296683669090270996e+00,1.655630469322204590e+00,1.906115174293518066e+00,1.708175063133239746e+00,1.693255662918090820e+00,1.396616816520690918e+00,1.463441610336303711e+00,1.357083797454833984e+00,1.509294509887695312e+00,1.704438447952270508e+00,1.653150558471679688e+00,1.988771080970764160e+00,2.132663965225219727e+00,2.458780765533447266e+00,2.389228105545043945e+00,2.358406305313110352e+00,2.714295148849487305e+00,2.900200128555297852e+00,2.458194255828857422e+00,2.295483350753784180e+00,1.974705815315246582e+00,1.813629508018493652e+00,1.609411835670471191e+00,1.512861728668212891e+00,1.580319643020629883e+00,1.344670772552490234e+00,1.566410422325134277e+00,1.632530927658081055e+00,1.916586160659790039e+00,1.731815576553344727e+00,1.700359702110290527e+00,1.999512076377868652e+00,2.199059009552001953e+00
2.511078834533691406e+00,2.194958925247192383e+00,1.889555454254150391e+00,1.556051135063171387e+00,1.243421435356140137e+00,9.155799746513366699e-01,6.356579661369323730e-01,3.857935070991516113e-01,0.000000000000000000e+00,3.866040110588073730e-01,5.448465347290039062e-01,7.391520142555236816e-01,8.947351574897766113e-01,1.232606172561645508e+00,1.547249078750610352e+00,1.510665297508239746e+00,1.502534151077270508e+00,1.171154856681823730e+00,1.306126832962036133e+00,1.179710745811462402e+00,1.395627737045288086e+00,1.582808256149291992e+00,1.596622824668884277e+00,1.967331647872924805e+00,2.153387308120727539e+00,2.456726074218750000e+00,2.473068237304687500e+00,2.490630626678466797e+00,2.860054016113281250e+00,3.020365476608276367e+00,2.589610815048217773e+00,2.332391500473022461e+00,2.015278100967407227e+00,1.742743611335754395e+00,1.451415300369262695e+00,1.190186381340026855e+00,1.089895725250244141e+00,7.441538572311401367e-01,7.868575453758239746e-01,9.300037622451782227e-01,1.119876623153686523e+00,9.896606206893920898e-01,1.081620097160339355e+00,1.408502221107482910e+00,1.690278530120849609e+00,1.672268271446228027e+00,1.742238283157348633e+00,1.495976209640502930e+00,1.646955370903015137e+00,1.604790091514587402e+00,1.804476261138916016e+00,2.027525663375854492e+00,2.012554645538330078e+00,2.356480360031127930e+00,2.506778717041015625e+00,2.835983514785766602e+00,2.774037599563598633e+00,2.740135431289672852e+00,3.096302986145019531e+00,3.274011135101318359e+00,2.799378871917724609e+00,2.610761880874633789e+00,2.292638063430786133e+00,2.091678380966186523e+00,1.872515797615051270e+00,1.712019205093383789e+00,1.733348965644836426e+00,1.438888907432556152e+00,1.573328852653503418e+00,1.609778285026550293e+00,1.840466380119323730e+00,1.590706348419189453e+00,1.565655946731567383e+00,1.813793063163757324e+00,2.008576869964599609e+00
2.794222116470336914e+00,2.478783369064331055e+00,2.166084527969360352e+00,1.843324780464172363e+00,1.513107538223266602e+00,1.231356263160705566e+00,8.974896669387817383e-01,6.243227720260620117e-01,3.866040110588073730e-01,0.000000000000000000e+00,3.809534609317779541e-01,5.169573426246643066e-01,5.403712987899780273e-01,8.860352635383605957e-01,1.177658915519714355e+00,1.150377511978149414e+00,1.194368243217468262e+00,9.068881869316101074e-01,1.137629032135009766e+00,1.115753293037414551e+00,1.395774364471435547e+00,1.640458941459655762e+00,1.736542224884033203e+00,2.110921859741210938e+00,2.326347351074218750e+00,2.622430562973022461e+00,2.686671018600463867e+00,2.715709686279296875e+00,3.089124441146850586e+00,3.267678737640380859e+00,2.821803092956542969e+00,2.555660724639892578e+00,2.222370386123657227e+00,1.946809768676757812e+00,1.615888833999633789e+00,1.370951890945434570e+00,1.175038576126098633e+00,7.948032617568969727e-01,7.720806598663330078e-01,7.407357096672058105e-01,9.577659964561462402e-01,7.662335038185119629e-01,7.548907995223999023e-01,1.079082608222961426e+00,1.326652526855468750e+00,1.328782796859741211e+00,1.439314365386962891e+00,1.249383449554443359e+00,1.455864429473876953e+00,1.497298955917358398e+00,1.730792760848999023e+00,2.001994609832763672e+00,2.054760217666625977e+00,2.404789686203002930e+00,2.597061634063720703e+00,2.916567564010620117e+00,2.894958257675170898e+00,2.892279148101806641e+00,3.257687091827392578e+00,3.460553407669067383e+00,2.966833353042602539e+00,2.771258831024169922e+00,2.429388523101806641e+00,2.222703933715820312e+00,1.951325654983520508e+00,1.786700844764709473e+00,1.728576779365539551e+00,1.393075466156005859e+00,1.487009167671203613e+00,1.432066917419433594e+00,1.664987683296203613e+00,1.403292775154113770e+00,1.302820801734924316e+00,1.534074544906616211e+00,1.682109117507934570e+00
3.029961109161376953e+00,2.700039148330688477e+00,2.410165786743164062e+00,2.063091039657592773e+00,1.764114975929260254e+00,1.438206553459167480e+00,1.126735448837280273e+00,9.034419059753417969e-01,5.448465347290039062e-01,3.809534609317779541e-01,0.000000000000000000e+00,3.703044950962066650e-01,5.713698863983154297e-01,7.953053712844848633e-01,1.156525611877441406e+00,1.347169518470764160e+00,1.475867390632629395e+00,1.237814545631408691e+00,1.504756331443786621e+00,1.495672464370727539e+00,1.773320913314819336e+00,2.010337591171264648e+00,2.083505153656005859e+00,2.457514286041259766e+00,2.660808563232421875e+00,2.961779594421386719e+00,3.000785350799560547e+00,3.020920515060424805e+00,3.391919136047363281e+00,3.551636219024658203e+00,3.086438417434692383e+00,2.806560993194580078e+00,2.494269609451293945e+00,2.194026470184326172e+00,1.886401653289794922e+00,1.593474149703979492e+00,1.398892879486083984e+00,1.019460439682006836e+00,8.607845306396484375e-01,8.367676138877868652e-01,8.968989253044128418e-01,6.150232553482055664e-01,7.347424030303955078e-01,9.723318219184875488e-01,1.270718812942504883e+00,1.507330775260925293e+00,1.690772056579589844e+00,1.541987419128417969e+00,1.791919350624084473e+00,1.847480297088623047e+00,2.100656747817993164e+00,2.365708827972412109e+00,2.419021129608154297e+00,2.773459672927856445e+00,2.950934886932373047e+00,3.278604745864868164e+00,3.249735832214355469e+00,3.229468345642089844e+00,3.592694044113159180e+00,3.777795076370239258e+00,3.257556438446044922e+00,3.041499376296997070e+00,2.712520837783813477e+00,2.475979566574096680e+00,2.216264724731445312e+00,2.004295110702514648e+00,1.937501430511474609e+00,1.582653403282165527e+00,1.597718358039855957e+00,1.545910477638244629e+00,1.701411008834838867e+00,1.380629658699035645e+00,1.320092678070068359e+00,1.474180459976196289e+00,1.627707242965698242e+00
3.239387989044189453e+00,2.929825305938720703e+00,2.614508867263793945e+00,2.291090965270996094e+00,1.964546203613281250e+00,1.650580525398254395e+00,1.358368635177612305e+00,1.055408596992492676e+00,7.391520142555236816e-01,5.169573426246643066e-01,3.703044950962066650e-01,0.000000000000000000e+00,3.801553249359130859e-01,5.941001176834106445e-01,9.485676288604736328e-01,1.222690820693969727e+00,1.389518260955810547e+00,1.208283424377441406e+00,1.486013650894165039e+00,1.541605949401855469e+00,1.790256142616271973e+00,2.076138973236083984e+00,2.156419277191162109e+00,2.512303113937377930e+00,2.759649991989135742e+00,3.029443264007568359e+00,3.082746982574462891e+00,3.145808935165405273e+00,3.518692016601562500e+00,3.710402488708496094e+00,3.302667617797851562e+00,3.045709371566772461e+00,2.715351819992065430e+00,2.443896770477294922e+00,2.123132228851318359e+00,1.867573738098144531e+00,1.678746819496154785e+00,1.295022964477539062e+00,1.190170764923095703e+00,1.104482412338256836e+00,1.196779608726501465e+00,8.736785650253295898e-01,8.717053532600402832e-01,1.044756293296813965e+00,1.256168127059936523e+00,1.522498965263366699e+00,1.709289908409118652e+00,1.614279747009277344e+00,1.847718715667724609e+00,1.949615597724914551e+00,2.168286800384521484e+00,2.467059373855590820e+00,2.523916006088256836e+00,2.859112262725830078e+00,3.072020769119262695e+00,3.376065015792846680e+00,3.340908050537109375e+00,3.358820676803588867e+00,3.719542741775512695e+00,3.931725263595581055e+00,3.471815824508666992e+00,3.282206296920776367e+00,2.943161725997924805e+00,2.736275672912597656e+00,2.466696500778198242e+00,2.289374351501464844e+00,2.213990211486816406e+00,1.859951376914978027e+00,1.891936898231506348e+00,1.790169239044189453e+00,1.961365222930908203e+00,1.644674658775329590e+00,1.515706777572631836e+00,1.638565421104431152e+00,1.711366415023803711e+00
3.306457519531250000e+00,3.000879049301147461e+00,2.677060604095458984e+00,2.369066238403320312e+00,2.026164054870605469e+00,1.759817838668823242e+00,1.430205583572387695e+00,1.127763390541076660e+00,8.947351574897766113e-01,5.403712987899780273e-01,5.713698863983154297e-01,3.801553249359130859e-01,0.000000000000000000e+00,3.803583383560180664e-01,6.572546362876892090e-01,8.476873040199279785e-01,1.046247601509094238e+00,9.222624897956848145e-01,1.250468850135803223e+00,1.378454804420471191e+00,1.661983728408813477e+00,1.970629096031188965e+00,2.115873813629150391e+00,2.470521211624145508e+00,2.729820728302001953e+00,2.996126890182495117e+00,3.093959808349609375e+00,3.157787322998046875e+00,3.531660556793212891e+00,3.737256050109863281e+00,3.315977811813354492e+00,3.056191444396972656e+00,2.711737394332885742e+00,2.447860002517700195e+00,2.099907875061035156e+00,1.876758217811584473e+00,1.638691782951354980e+00,1.266577839851379395e+00,1.182136416435241699e+00,9.896081089973449707e-01,1.139437913894653320e+00,8.397049307823181152e-01,6.765302419662475586e-01,8.518446087837219238e-01,9.862527847290039062e-01,1.168246507644653320e+00,1.363184213638305664e+00,1.316906929016113281e+00,1.569358468055725098e+00,1.726882934570312500e+00,1.957320094108581543e+00,2.280086517333984375e+00,2.386502981185913086e+00,2.719849824905395508e+00,2.960494518280029297e+00,3.253583192825317383e+00,3.255507469177246094e+00,3.296717166900634766e+00,3.662638664245605469e+00,3.894896268844604492e+00,3.423439264297485352e+00,3.235151290893554688e+00,2.879279375076293945e+00,2.680496931076049805e+00,2.376870632171630859e+00,2.218162536621093750e+00,2.095002412796020508e+00,1.737576365470886230e+00,1.769118189811706543e+00,1.603057026863098145e+00,1.798318386077880859e+00,1.514251589775085449e+00,1.310950636863708496e+00,1.445022583007812500e+00,1.469045758247375488e+00
3.671258687973022461e+00,3.358013868331909180e+00,3.042331218719482422e+00,2.725537538528442383e+00,2.390759944915771484e+00,2.116944313049316406e+00,1.779883265495300293e+00,1.496227264404296875e+00,1.232606172561645508e+00,8.860352635383605957e-01,7.953053712844848633e-01,5.941001176834106445e-01,3.803583383560180664e-01,0.000000000000000000e+00,3.828822672367095947e-01,9.063656330108642578e-01,1.208778142929077148e+00,1.185166001319885254e+00,1.544514060020446777e+00,1.714434146881103516e+00,2.008807659149169922e+00,2.324040174484252930e+00,2.486959934234619141e+00,2.839324235916137695e+00,3.100991249084472656e+00,3.365750312805175781e+00,3.471165418624877930e+00,3.534162521362304688e+00,3.907881259918212891e+00,4.111440181732177734e+00,3.672640800476074219e+00,3.402026653289794922e+00,3.062343597412109375e+00,2.785705089569091797e+00,2.436585426330566406e+00,2.198807954788208008e+00,1.934719800949096680e+00,1.567945361137390137e+00,1.418343186378479004e+00,1.173137664794921875e+00,1.231440901756286621e+00,8.991111516952514648e-01,7.181878089904785156e-01,7.063772082328796387e-01,7.626479268074035645e-01,1.201773762702941895e+00,1.472225785255432129e+00,1.509929537773132324e+00,1.801255583763122559e+00,2.003388643264770508e+00,2.251228570938110352e+00,2.582839488983154297e+00,2.719420433044433594e+00,3.052407979965209961e+00,3.301504373550415039e+00,3.591414690017700195e+00,3.609625816345214844e+00,3.655572891235351562e+00,4.022981166839599609e+00,4.257027149200439453e+00,3.763225793838500977e+00,3.561634063720703125e+00,3.203951597213745117e+00,2.988964080810546875e+00,2.672350883483886719e+00,2.491315603256225586e+00,2.330547809600830078e+00,1.959470391273498535e+00,1.927011489868164062e+00,1.714479088783264160e+00,1.848740696907043457e+00,1.545607328414916992e+00,1.315599560737609863e+00,1.349297046661376953e+00,1.297320842742919922e+00
3.903589725494384766e+00,3.600674152374267578e+00,3.276777505874633789e+00,2.978817939758300781e+00,2.633568525314331055e+00,2.393043279647827148e+00,2.048759937286376953e+00,1.760661482810974121e+00,1.547249078750610352e+00,1.177658915519714355e+00,1.156525611877441406e+00,9.485676288604736328e-01,6.572546362876892090e-01,3.828822672367095947e-01,0.000000000000000000e+00,7.375214099884033203e-01,1.100635766983032227e+00,1.198700070381164551e+00,1.563483119010925293e+00,1.801842927932739258e+00,2.093258619308471680e+00,2.425753116607666016e+00,2.630711317062377930e+00,2.966624021530151367e+00,3.244797229766845703e+00,3.492206573486328125e+00,3.631820678710937500e+00,3.707798004150390625e+00,4.078360557556152344e+00,4.299172401428222656e+00,3.870977640151977539e+00,3.607013702392578125e+00,3.258129596710205078e+00,2.997491836547851562e+00,2.635180234909057617e+00,2.430758714675903320e+00,2.145644903182983398e+00,1.801317572593688965e+00,1.676847219467163086e+00,1.378596544265747070e+00,1.461055755615234375e+00,1.172005772590637207e+00,9.027422070503234863e-01,8.169003129005432129e-01,6.776134967803955078e-01,1.077457427978515625e+00,1.358046293258666992e+00,1.488575816154479980e+00,1.774893283843994141e+00,2.034900665283203125e+00,2.270160675048828125e+00,2.619617938995361328e+00,2.794426441192626953e+00,3.110513687133789062e+00,3.387421369552612305e+00,3.655555009841918945e+00,3.700829982757568359e+00,3.775882482528686523e+00,4.141457557678222656e+00,4.396243095397949219e+00,3.916010141372680664e+00,3.724269866943359375e+00,3.357188224792480469e+00,3.158159255981445312e+00,2.821079015731811523e+00,2.664030551910400391e+00,2.468878507614135742e+00,2.108846187591552734e+00,2.073191165924072266e+00,1.804580569267272949e+00,1.941933512687683105e+00,1.681721448898315430e+00,1.388706684112548828e+00,1.391655564308166504e+00,1.238508582115173340e+00
3.510418176651000977e+00,3.236324071884155273e+00,2.904340505599975586e+00,2.658218145370483398e+00,2.305531263351440430e+00,2.159874916076660156e+00,1.822586655616760254e+00,1.562283158302307129e+00,1.510665297508239746e+00,1.150377511978149414e+00,1.347169518470764160e+00,1.222690820693969727e+00,8.476873040199279785e-01,9.063656330108642578e-01,7.375214099884033203e-01,0.000000000000000000e+00,3.812952637672424316e-01,6.138516664505004883e-01,9.463583230972290039e-01,1.252609372138977051e+00,1.541957139968872070e+00,1.867166161537170410e+00,2.138812065124511719e+00,2.449361085891723633e+00,2.726360082626342773e+00,2.958404064178466797e+00,3.150261878967285156e+00,3.224718570709228516e+00,3.583435058593750000e+00,3.820838928222656250e+00,3.412386655807495117e+00,3.171234607696533203e+00,2.811254024505615234e+00,2.597357749938964844e+00,2.224133014678955078e+00,2.110065698623657227e+00,1.824668526649475098e+00,1.551717758178710938e+00,1.562241554260253906e+00,1.256130099296569824e+00,1.499338746070861816e+00,1.343104362487792969e+00,9.907125234603881836e-01,1.101285815238952637e+00,9.712914824485778809e-01,6.078766584396362305e-01,7.197529673576354980e-01,8.753207325935363770e-01,1.096929669380187988e+00,1.400483965873718262e+00,1.604138135910034180e+00,1.963761448860168457e+00,2.176186323165893555e+00,2.469756364822387695e+00,2.770597696304321289e+00,3.013665199279785156e+00,3.095818281173706055e+00,3.199370622634887695e+00,3.558993339538574219e+00,3.835602283477783203e+00,3.386012315750122070e+00,3.224219799041748047e+00,2.849287271499633789e+00,2.699400424957275391e+00,2.348264217376708984e+00,2.268949985504150391e+00,2.067513704299926758e+00,1.763361096382141113e+00,1.823954105377197266e+00,1.544404149055480957e+00,1.795174479484558105e+00,1.650983929634094238e+00,1.320249438285827637e+00,1.478206038475036621e+00,1.374781608581542969e+00
3.248651742935180664e+00,2.995796918869018555e+00,2.659862279891967773e+00,2.448580265045166016e+00,2.096848249435424805e+00,2.006718873977661133e+00,1.695224285125732422e+00,1.457725644111633301e+00,1.502534151077270508e+00,1.194368243217468262e+00,1.475867390632629395e+00,1.389518260955810547e+00,1.046247601509094238e+00,1.208778142929077148e+00,1.100635766983032227e+00,3.812952637672424316e-01,0.000000000000000000e+00,3.776553571224212646e-01,6.126147508621215820e-01,9.514923095703125000e-01,1.220190763473510742e+00,1.536828517913818359e+00,1.834760546684265137e+00,2.126395940780639648e+00,2.402595520019531250e+00,2.623431205749511719e+00,2.836427688598632812e+00,2.913262844085693359e+00,3.264168500900268555e+00,3.510906696319580078e+00,3.127462387084960938e+00,2.906251430511474609e+00,2.542122602462768555e+00,2.362668037414550781e+00,1.992774128913879395e+00,1.936750531196594238e+00,1.677101254463195801e+00,1.455015063285827637e+00,1.554712295532226562e+00,1.294665098190307617e+00,1.604980349540710449e+00,1.507991671562194824e+00,1.178568601608276367e+00,1.371115565299987793e+00,1.292390465736389160e+00,6.879155039787292480e-01,5.850832462310791016e-01,6.609569191932678223e-01,7.746410369873046875e-01,1.079924583435058594e+00,1.243043661117553711e+00,1.608639121055603027e+00,1.824239611625671387e+00,2.103425741195678711e+00,2.415192842483520508e+00,2.645387649536132812e+00,2.735764503479003906e+00,2.853472709655761719e+00,3.208349227905273438e+00,3.495272397994995117e+00,3.078150749206542969e+00,2.940268039703369141e+00,2.565484762191772461e+00,2.451647996902465820e+00,2.106427431106567383e+00,2.080682516098022461e+00,1.902462363243103027e+00,1.644698143005371094e+00,1.777755022048950195e+00,1.533315420150756836e+00,1.841174125671386719e+00,1.750348091125488281e+00,1.445084214210510254e+00,1.674834609031677246e+00,1.624839186668395996e+00
2.905748844146728516e+00,2.643000364303588867e+00,2.306129217147827148e+00,2.081652402877807617e+00,1.727646946907043457e+00,1.629254341125488281e+00,1.319549560546875000e+00,1.090435624122619629e+00,1.171154856681823730e+00,9.068881869316101074e-01,1.237814545631408691e+00,1.208283424377441406e+00,9.222624897956848145e-01,1.185166001319885254e+00,1.198700070381164551e+00,6.138516664505004883e-01,3.776553571224212646e-01,0.000000000000000000e+00,3.862827122211456299e-01,6.420863866806030273e-01,9.587531089782714844e-01,1.267803192138671875e+00,1.537047982215881348e+00,1.860638976097106934e+00,2.121797800064086914e+00,2.370333433151245117e+00,2.554344892501831055e+00,2.614881992340087891e+00,2.974632024765014648e+00,3.207500696182250977e+00,2.808457136154174805e+00,2.580146074295043945e+00,2.214500188827514648e+00,2.022670269012451172e+00,1.651993513107299805e+00,1.582442879676818848e+00,1.342616200447082520e+00,1.110883474349975586e+00,1.254448413848876953e+00,1.057283520698547363e+00,1.404406070709228516e+00,1.327471971511840820e+00,1.056637525558471680e+00,1.335552453994750977e+00,1.364492177963256836e+00,8.243255019187927246e-01,7.259401082992553711e-01,5.869637727737426758e-01,6.935861110687255859e-01,8.918982148170471191e-01,1.082068085670471191e+00,1.433948636054992676e+00,1.601253032684326172e+00,1.912807583808898926e+00,2.195797681808471680e+00,2.458101272583007812e+00,2.518827676773071289e+00,2.604157447814941406e+00,2.967300176620483398e+00,3.236029624938964844e+00,2.801061630249023438e+00,2.655071496963500977e+00,2.281638860702514648e+00,2.157095193862915039e+00,1.825924634933471680e+00,1.791341662406921387e+00,1.656211495399475098e+00,1.393721818923950195e+00,1.569340586662292480e+00,1.391658186912536621e+00,1.724926710128784180e+00,1.617029666900634766e+00,1.369425058364868164e+00,1.650717496871948242e+00,1.685737252235412598e+00
2.672304391860961914e+00,2.443621635437011719e+00,2.097495555877685547e+00,1.926875948905944824e+00,1.575759649276733398e+00,1.553677797317504883e+00,1.307223916053771973e+00,1.111679077148437500e+00,1.306126832962036133e+00,1.137629032135009766e+00,1.504756331443786621e+00,1.486013650894165039e+00,1.250468850135803223e+00,1.544514060020446777e+00,1.563483119010925293e+00,9.463583230972290039e-01,6.126147508621215820e-01,3.862827122211456299e-01,0.000000000000000000e+00,3.662379086017608643e-01,6.124240756034851074e-01,9.270520806312561035e-01,1.224540710449218750e+00,1.518243908882141113e+00,1.791046857833862305e+00,2.018037796020507812e+00,2.225889205932617188e+00,2.301853418350219727e+00,2.653021335601806641e+00,2.905013322830200195e+00,2.559264898300170898e+00,2.366230487823486328e+00,1.994594097137451172e+00,1.859877586364746094e+00,1.504603505134582520e+00,1.521497845649719238e+00,1.346595406532287598e+00,1.193258404731750488e+00,1.432631731033325195e+00,1.311319470405578613e+00,1.683070421218872070e+00,1.644586682319641113e+00,1.408794760704040527e+00,1.709182977676391602e+00,1.746865272521972656e+00,1.126312494277954102e+00,9.139993786811828613e-01,7.087015509605407715e-01,5.911418199539184570e-01,6.964852213859558105e-01,7.699618339538574219e-01,1.127815723419189453e+00,1.267970561981201172e+00,1.555840969085693359e+00,1.857363581657409668e+00,2.100224733352661133e+00,2.156424283981323242e+00,2.266093969345092773e+00,2.622600317001342773e+00,2.908589839935302734e+00,2.538824558258056641e+00,2.433650016784667969e+00,2.064900636672973633e+00,1.998528361320495605e+00,1.691616773605346680e+00,1.735198378562927246e+00,1.651827454566955566e+00,1.462711811065673828e+00,1.713094472885131836e+00,1.588677287101745605e+00,1.951875805854797363e+00,1.888589739799499512e+00,1.672661185264587402e+00,1.983511686325073242e+00,2.038995265960693359e+00
2.309176683425903320e+00,2.077775239944458008e+00,1.731526851654052734e+00,1.566074728965759277e+00,1.219974756240844727e+00,1.235240340232849121e+00,1.029202580451965332e+00,9.010608792304992676e-01,1.179710745811462402e+00,1.115753293037414551e+00,1.495672464370727539e+00,1.541605949401855469e+00,1.378454804420471191e+00,1.714434146881103516e+00,1.801842927932739258e+00,1.252609372138977051e+00,9.514923095703125000e-01,6.420863866806030273e-01,3.662379086017608643e-01,0.000000000000000000e+00,3.826169669628143311e-01,6.349439620971679688e-01,9.095664620399475098e-01,1.239988684654235840e+00,1.481632471084594727e+00,1.743839502334594727e+00,1.925858497619628906e+00,1.975317835807800293e+00,2.333306312561035156e+00,2.569505929946899414e+00,2.207966804504394531e+00,2.014056205749511719e+00,1.640336155891418457e+00,1.510670185089111328e+00,1.163361430168151855e+00,1.208574533462524414e+00,1.093241095542907715e+00,9.946885108947753906e-01,1.303908228874206543e+00,1.279919743537902832e+00,1.657919526100158691e+00,1.661995887756347656e+00,1.496463537216186523e+00,1.838444948196411133e+00,1.942681193351745605e+00,1.361206054687500000e+00,1.157350063323974609e+00,8.562736511230468750e-01,7.102783918380737305e-01,6.121923923492431641e-01,6.675016880035400391e-01,9.583514332771301270e-01,1.020357847213745117e+00,1.341815114021301270e+00,1.601112961769104004e+00,1.878401637077331543e+00,1.905545949935913086e+00,1.976497769355773926e+00,2.340518951416015625e+00,2.606495857238769531e+00,2.221699476242065430e+00,2.115966558456420898e+00,1.752052783966064453e+00,1.691764473915100098e+00,1.413633108139038086e+00,1.477228403091430664e+00,1.461183667182922363e+00,1.311460852622985840e+00,1.613918900489807129e+00,1.573193192481994629e+00,1.944670915603637695e+00,1.890769362449645996e+00,1.740392684936523438e+00,2.081866502761840820e+00,2.200042724609375000e+00
2.168324470520019531e+00,1.989175796508789062e+00,1.627864718437194824e+00,1.537553429603576660e+00,1.204276204109191895e+00,1.289289116859436035e+00,1.188144087791442871e+00,1.068947196006774902e+00,1.395627737045288086e+00,1.395774364471435547e+00,1.773320913314819336e+00,1.790256142616271973e+00,1.661983728408813477e+00,2.008807659149169922e+00,2.093258619308471680e+00,1.541957139968872070e+00,1.220190763473510742e+00,9.587531089782714844e-01,6.124240756034851074e-01,3.826169669628143311e-01,0.000000000000000000e+00,3.754546344280242920e-01,6.306494474411010742e-01,9.085161685943603516e-01,1.201430439949035645e+00,1.417867898941040039e+00,1.616519689559936523e+00,1.714688777923583984e+00,2.064702033996582031e+00,2.336866617202758789e+00,2.083354949951171875e+00,1.949487686157226562e+00,1.577176451683044434e+00,1.532422423362731934e+00,1.236787915229797363e+00,1.363610506057739258e+00,1.340844035148620605e+00,1.287047147750854492e+00,1.624821186065673828e+00,1.642582416534423828e+00,2.016139030456542969e+00,2.009658098220825195e+00,1.857992649078369141e+00,2.199398517608642578e+00,2.297621011734008789e+00,1.709752440452575684e+00,1.477466940879821777e+00,1.201132297515869141e+00,9.764146804809570312e-01,8.295485973358154297e-01,6.939947009086608887e-01,9.182240366935729980e-01,8.671520948410034180e-01,1.122502803802490234e+00,1.401083350181579590e+00,1.640439867973327637e+00,1.625633955001831055e+00,1.737299561500549316e+00,2.087026596069335938e+00,2.377806663513183594e+00,2.118659019470214844e+00,2.076732158660888672e+00,1.736021518707275391e+00,1.753394126892089844e+00,1.534278273582458496e+00,1.668692708015441895e+00,1.713860511779785156e+00,1.620363473892211914e+00,1.949785470962524414e+00,1.937040925025939941e+00,2.310965776443481445e+00,2.264119148254394531e+00,2.122553586959838867e+00,2.463860988616943359e+00,2.576241731643676758e+00
