,A1,A2,A3,A4,A5,A6,A7,A8,A9,A10,A11,A12,A13,A14,A15,B1,B2,B3,B4,B5,B6,B7,B8,B9,B10,B11,B12,B13,B14,B15,C1,C2,C3,C4,C5,C6,C7,C8,C9,C10,C11,C12,C13,C14,C15,D1,D2,D3,D4,D5,D6,D7,D8,D9,D10,D11,D12,D13,D14,D15,E1,E2,E3,E4,E5,E6,E7,E8,E9,E10,E11,E12,E13,E14,E15
A1,0.0,0.3764322102069855,0.6150158643722534,0.9448555111885071,1.2318726778030396,1.593424916267395,1.8480147123336792,1.8608856201171875,2.1441261768341064,1.9984979629516602,2.33180570602417,2.1687095165252686,1.8516685962677002,1.9646409749984741,1.667941927909851,1.0337620973587036,1.0274993181228638,1.2418742179870605,1.3425650596618652,1.6734057664871216,1.9103538990020752,2.262336015701294,2.3122034072875977,2.6414780616760254,2.5521931648254395,2.901137113571167,2.768406629562378,2.5016701221466064,2.670051097869873,2.4388184547424316,1.6971149444580078,1.5912063121795654,1.7226643562316895,1.7056673765182495,2.009190320968628,2.134066343307495,2.506075620651245,2.6229002475738525,2.975327253341675,2.9347097873687744,3.305931806564331,3.2294538021087646,2.9880435466766357,3.199427604675293,3.0026180744171143,2.2047619819641113,2.0439817905426025,2.1084001064300537,1.995076298713684,2.2617225646972656,2.30318021774292,2.665231704711914,2.8590517044067383,3.2255923748016357,3.2341549396514893,3.6102614402770996,3.596222162246704,3.388418674468994,3.651331663131714,3.493779182434082,2.6798367500305176,2.471092700958252,2.4392175674438477,2.2061469554901123,2.344834089279175,2.115243673324585,2.369671106338501,2.4596657752990723,2.4803967475891113,2.8643009662628174,2.8358936309814453,2.956332206726074,3.257276773452759,3.538961410522461,3.902156114578247
A2,0.3764322102069855,0.0,0.3883607089519501,0.6203433275222778,0.9571211934089661,1.3008594512939453,1.5410404205322266,1.606096863746643,1.8978465795516968,1.775944471359253,2.134735584259033,2.0256104469299316,1.7270302772521973,1.9046839475631714,1.6516140699386597,0.9701664447784424,0.8528012037277222,0.9921627044677734,1.015166163444519,1.3387525081634521,1.549088954925537,1.9074596166610718,1.9805854558944702,2.3213260173797607,2.2603797912597656,2.6211650371551514,2.5210745334625244,2.277219533920288,2.489311695098877,2.297280788421631,1.571252465248108,1.4228706359863281,1.481109380722046,1.4152534008026123,1.6863723993301392,1.7838293313980103,2.1625685691833496,2.281202554702759,2.6420063972473145,2.6296801567077637,3.0015029907226562,2.9400765895843506,2.723520040512085,2.963238000869751,2.802426815032959,2.0560216903686523,1.8850852251052856,1.8865753412246704,1.7509244680404663,1.9781923294067383,1.9982669353485107,2.371253728866577,2.5490128993988037,2.9250648021698,2.9587864875793457,3.329270601272583,3.315230369567871,3.131328821182251,3.410447597503662,3.2839341163635254,2.52940034866333,2.3357276916503906,2.2555787563323975,2.032655954360962,2.1358628273010254,1.9031912088394165,2.171203851699829,2.221510410308838,2.2655317783355713,2.644970655441284,2.6299891471862793,2.713414192199707,3.0074825286865234,3.2960526943206787,3.650418996810913
A3,0.6150158643722534,0.3883607089519501,0.0,0.3867197334766388,0.6173917651176453,0.988760769367218,1.2376638650894165,1.256836175918579,1.5596519708633423,1.4659311771392822,1.819100260734558,1.6997699737548828,1.432245135307312,1.6459884643554688,1.4507641792297363,0.9588677883148193,0.8998161554336548,0.902715802192688,0.9570412635803223,1.1961442232131958,1.411679744720459,1.7759405374526978,1.7909024953842163,2.1353981494903564,2.0988214015960693,2.438969373703003,2.313812494277954,2.0995678901672363,2.3140921592712402,2.1582491397857666,1.5737711191177368,1.486314296722412,1.4866135120391846,1.4623974561691284,1.681227684020996,1.787392258644104,2.174638032913208,2.2362844944000244,2.6004505157470703,2.6032705307006836,2.956429958343506,2.8611109256744385,2.6637489795684814,2.894502878189087,2.7518110275268555,2.1050961017608643,1.9923231601715088,1.9693373441696167,1.8827710151672363,2.0864241123199463,2.123781442642212,2.510033130645752,2.6379570960998535,3.020275831222534,3.05865478515625,3.416276454925537,3.366724729537964,3.1905953884124756,3.456934690475464,3.3387038707733154,2.6406614780426025,2.496670722961426,2.4154748916625977,2.2412922382354736,2.3519816398620605,2.149303913116455,2.441488742828369,2.467268705368042,2.5407233238220215,2.911590814590454,2.9085497856140137,2.954648017883301,3.240638017654419,3.532280445098877,3.8758277893066406
A4,0.9448555111885071,0.6203433275222778,0.3867197334766388,0.0,0.39195311069488525,0.6865108013153076,0.9442293643951416,1.0623048543930054,1.389553427696228,1.3650697469711304,1.7407160997390747,1.6967649459838867,1.4822187423706055,1.7666590213775635,1.6384862661361694,1.1673109531402588,1.0138221979141235,0.8939384818077087,0.8021286129951477,0.964891791343689,1.0995203256607056,1.4806007146835327,1.5280317068099976,1.8935797214508057,1.916988492012024,2.264826774597168,2.186453342437744,2.018522024154663,2.285846710205078,2.1885321140289307,1.661463737487793,1.5346499681472778,1.438928246498108,1.345570683479309,1.4869956970214844,1.530822992324829,1.9203569889068604,1.9816073179244995,2.3557324409484863,2.40920352935791,2.756131172180176,2.6833035945892334,2.5286853313446045,2.793963670730591,2.702538251876831,2.139641761779785,2.0184237957000732,1.9207087755203247,1.8059853315353394,1.9413374662399292,1.9367316961288452,2.324385643005371,2.4298577308654785,2.8189985752105713,2.8970632553100586,3.241123914718628,3.196049213409424,3.057408094406128,3.3424954414367676,3.266514301300049,2.6519899368286133,2.5241405963897705,2.3898489475250244,2.226998805999756,2.285616636276245,2.0786492824554443,2.364135265350342,2.33525013923645,2.418973922729492,2.7731213569641113,2.771275758743286,2.7710838317871094,3.0515830516815186,3.337631940841675,3.6706178188323975
A5,1.2318726778030396,0.9571211934089661,0.6173917651176453,0.39195311069488525,0.0,0.39593660831451416,0.6374917030334473,0.686953067779541,1.031586766242981,1.0593472719192505,1.4206191301345825,1.3839094638824463,1.230388879776001,1.556164264678955,1.512165904045105,1.2632752656936646,1.1722501516342163,0.9459851980209351,0.9031969308853149,0.9212475419044495,1.0506176948547363,1.4037154912948608,1.3658783435821533,1.7201457023620605,1.770820140838623,2.082758903503418,1.9776173830032349,1.8518085479736328,2.116222858428955,2.066058874130249,1.7127388715744019,1.651324987411499,1.5107948780059814,1.4742670059204102,1.5545730590820312,1.615970492362976,1.9902883768081665,1.9803054332733154,2.3422818183898926,2.4043667316436768,2.721240282058716,2.609708309173584,2.477694034576416,2.724736213684082,2.6537294387817383,2.2095298767089844,2.1494650840759277,2.038278818130493,1.9816486835479736,2.0969433784484863,2.1203818321228027,2.5060629844665527,2.557061195373535,2.940399646759033,3.013982057571411,3.3389902114868164,3.2550013065338135,3.122568368911743,3.386401891708374,3.316723108291626,2.766984462738037,2.689478874206543,2.5632643699645996,2.4512577056884766,2.5245296955108643,2.355583667755127,2.660230875015259,2.6219916343688965,2.735994338989258,3.0777029991149902,3.0942277908325195,3.0670859813690186,3.3303146362304688,3.6199843883514404,3.9362714290618896
A6,1.593424916267395,1.3008594512939453,0.988760769367218,0.6865108013153076,0.39593660831451416,0.0,0.39024198055267334,0.5759716629981995,0.9362391233444214,1.1041209697723389,1.4385077953338623,1.4748764038085938,1.415518045425415,1.779931664466858,1.807445764541626,1.6262092590332031,1.506162166595459,1.2283329963684082,1.1022149324417114,0.9933603405952454,0.9837473630905151,1.3099262714385986,1.273207426071167,1.6281439065933228,1.7655935287475586,2.053251266479492,1.9884860515594482,1.9353735446929932,2.232668876647949,2.249546527862549,1.996351957321167,1.9243425130844116,1.719793677330017,1.6427685022354126,1.6316179037094116,1.6234204769134521,1.9731149673461914,1.940585732460022,2.2960104942321777,2.4167463779449463,2.7074615955352783,2.6087896823883057,2.5325565338134766,2.7991294860839844,2.7823128700256348,2.4459481239318848,2.392287492752075,2.228377103805542,2.1603939533233643,2.2088942527770996,2.1939470767974854,2.5655534267425537,2.583099842071533,2.9621541500091553,3.0745906829833984,3.3754827976226807,3.2888762950897217,3.1976242065429688,3.4690792560577393,3.4403088092803955,2.9818074703216553,2.92498779296875,2.7631795406341553,2.6669888496398926,2.6983697414398193,2.530877113342285,2.8198423385620117,2.732680082321167,2.8473775386810303,3.1653823852539062,3.175189256668091,3.1018035411834717,3.3583321571350098,3.631911516189575,3.934201955795288
A7,1.8480147123336792,1.5410404205322266,1.2376638650894165,0.9442293643951416,0.6374917030334473,0.39024198055267334,0.0,0.3811188042163849,0.6460714340209961,0.8533799052238464,1.1701080799102783,1.294649600982666,1.2883899211883545,1.6768760681152344,1.7644994258880615,1.6640679836273193,1.5384434461593628,1.193056344985962,1.0646858215332031,0.826448917388916,0.791366696357727,1.0400876998901367,0.9343240857124329,1.268181562423706,1.4327778816223145,1.6950327157974243,1.6454428434371948,1.637594223022461,1.9532450437545776,2.0248405933380127,1.9022775888442993,1.8537970781326294,1.5954928398132324,1.5459667444229126,1.466587781906128,1.4765311479568481,1.7893447875976562,1.692354440689087,2.0239524841308594,2.147617816925049,2.4087677001953125,2.2902719974517822,2.240457057952881,2.5007922649383545,2.516855001449585,2.3036606311798096,2.2898547649383545,2.0966286659240723,2.072964668273926,2.090200901031494,2.106031894683838,2.4622130393981934,2.4249799251556396,2.7878310680389404,2.8905158042907715,3.168684244155884,3.0504393577575684,2.9691720008850098,3.2226576805114746,3.2091996669769287,2.8374736309051514,2.8268356323242188,2.659571409225464,2.6156814098358154,2.6511154174804688,2.5318024158477783,2.837977647781372,2.748316526412964,2.9095065593719482,3.2083170413970947,3.259042263031006,3.165943145751953,3.3855786323547363,3.674022912979126,3.94806170463562
A8,1.8608856201171875,1.606096863746643,1.256836175918579,1.0623048543930054,0.686953067779541,0.5759716629981995,0.3811188042163849,0.0,0.3742225170135498,0.5954431295394897,0.8803904056549072,0.9499900937080383,0.984994649887085,1.3713772296905518,1.5081673860549927,1.5911023616790771,1.550207257270813,1.2093944549560547,1.2040103673934937,0.9950682520866394,1.0759655237197876,1.2873533964157104,1.087011694908142,1.3658740520477295,1.4707062244415283,1.68898344039917,1.557681679725647,1.540697693824768,1.8026357889175415,1.868544101715088,1.8533021211624146,1.8772944211959839,1.6583068370819092,1.6955727338790894,1.6586930751800537,1.741636037826538,2.0501627922058105,1.9165360927581787,2.2271463871002197,2.3010447025299072,2.546607494354248,2.3758492469787598,2.2991583347320557,2.510307550430298,2.494810104370117,2.3047080039978027,2.3403310775756836,2.1944615840911865,2.227098226547241,2.291738748550415,2.3589932918548584,2.7195675373077393,2.673819065093994,3.0290307998657227,3.092198371887207,3.3715224266052246,3.2228569984436035,3.110452651977539,3.331726312637329,3.2847750186920166,2.8897860050201416,2.901792049407959,2.7793667316436768,2.757685661315918,2.8417532444000244,2.743652582168579,3.071190118789673,3.017742156982422,3.1890804767608643,3.501018762588501,3.5611979961395264,3.4906232357025146,3.7097175121307373,4.008841514587402,4.285602569580078
A9,2.1441261768341064,1.8978465795516968,1.5596519708633423,1.389553427696228,1.031586766242981,0.9362391233444214,0.6460714340209961,0.3742225170135498,0.0,0.39794450998306274,0.566152811050415,0.7466009259223938,0.8899155259132385,1.2685902118682861,1.4877471923828125,1.7104597091674805,1.6944565773010254,1.330546498298645,1.3627082109451294,1.0956363677978516,1.1882108449935913,1.294944167137146,1.0039607286453247,1.1926237344741821,1.2858924865722656,1.4345073699951172,1.2734874486923218,1.3113888502120972,1.5544013977050781,1.6809672117233276,1.8524659872055054,1.9243569374084473,1.6857608556747437,1.7757433652877808,1.7011828422546387,1.8195551633834839,2.081439733505249,1.8847793340682983,2.1508684158325195,2.2035269737243652,2.406076192855835,2.1953985691070557,2.1353251934051514,2.3108255863189697,2.3148791790008545,2.26184344291687,2.3517801761627197,2.2033092975616455,2.2923688888549805,2.3458423614501953,2.452343225479126,2.7926461696624756,2.7008073329925537,3.0315303802490234,3.0707085132598877,3.3255486488342285,3.1393344402313232,3.0257046222686768,3.213453531265259,3.167785406112671,2.8505356311798096,2.9116034507751465,2.803511619567871,2.833277463912964,2.9347612857818604,2.8823206424713135,3.2233901023864746,3.17938494682312,3.3849854469299316,3.683229446411133,3.775052547454834,3.696934223175049,3.887096881866455,4.197648525238037,4.452027320861816
A10,1.9984979629516602,1.775944471359253,1.4659311771392822,1.3650697469711304,1.0593472719192505,1.1041209697723389,0.8533799052238464,0.5954431295394897,0.39794450998306274,0.0,0.385572612285614,0.5271907448768616,0.563095211982727,0.9388502836227417,1.1432740688323975,1.4066336154937744,1.428023099899292,1.0782781839370728,1.2024496793746948,0.9876039624214172,1.1991536617279053,1.2991970777511597,0.9982858896255493,1.1615321636199951,1.1273319721221924,1.2956197261810303,1.0708353519439697,1.0156999826431274,1.2278019189834595,1.3060588836669922,1.4957114458084106,1.6115399599075317,1.4080966711044312,1.5701698064804077,1.549967885017395,1.7469253540039062,2.009765386581421,1.8131141662597656,2.070540189743042,2.0529427528381348,2.2703821659088135,2.0341317653656006,1.9148935079574585,2.05946683883667,2.011998414993286,1.92060124874115,2.039118766784668,1.932265043258667,2.066171646118164,2.168482542037964,2.3281466960906982,2.66867733001709,2.585469961166382,2.9093072414398193,2.9018850326538086,3.1697921752929688,2.9721617698669434,2.8172194957733154,2.985546827316284,2.900515556335449,2.5342235565185547,2.605304002761841,2.534194231033325,2.582087755203247,2.726536512374878,2.701486349105835,3.060222625732422,3.059584856033325,3.2838640213012695,3.590646266937256,3.705872058868408,3.6598920822143555,3.8392646312713623,4.1687331199646,4.423206806182861
A11,2.33180570602417,2.134735584259033,1.819100260734558,1.7407160997390747,1.4206191301345825,1.4385077953338623,1.1701080799102783,0.8803904056549072,0.566152811050415,0.385572612285614,0.0,0.3802996873855591,0.6288197636604309,0.9113218188285828,1.2246358394622803,1.6788153648376465,1.7446753978729248,1.4132776260375977,1.5639865398406982,1.3348628282546997,1.526252031326294,1.559974193572998,1.2129184007644653,1.2709338665008545,1.2201125621795654,1.2730189561843872,0.9863463640213013,1.0029337406158447,1.1284054517745972,1.2741700410842896,1.6949268579483032,1.865999698638916,1.6743062734603882,1.876997709274292,1.8362698554992676,2.047342300415039,2.270155429840088,2.0284881591796875,2.2369344234466553,2.1989312171936035,2.36348295211792,2.083933115005493,1.9818124771118164,2.066129207611084,2.029115915298462,2.081998825073242,2.255946159362793,2.1650490760803223,2.345348834991455,2.4430227279663086,2.6279516220092773,2.949066400527954,2.8323254585266113,3.130851984024048,3.1015706062316895,3.343553304672241,3.1113386154174805,2.954068660736084,3.0807933807373047,2.990316867828369,2.694833755493164,2.810086488723755,2.7639753818511963,2.851863384246826,3.0139288902282715,3.020023822784424,3.3842499256134033,3.3916006088256836,3.6323816776275635,3.930553436279297,4.061001300811768,4.010212421417236,4.173877239227295,4.5071587562561035,4.747524738311768
A12,2.1687095165252686,2.0256104469299316,1.6997699737548828,1.6967649459838867,1.3839094638824463,1.4748764038085938,1.294649600982666,0.9499900937080383,0.7466009259223938,0.5271907448768616,0.3802996873855591,0.0,0.37839797139167786,0.6151992082595825,0.955739438533783,1.5472960472106934,1.6847630739212036,1.4079164266586304,1.6269222497940063,1.478582501411438,1.7205233573913574,1.8192062377929688,1.5030595064163208,1.6059691905975342,1.518865704536438,1.602123737335205,1.288507103919983,1.2210893630981445,1.27511727809906,1.3206887245178223,1.6726852655410767,1.876989483833313,1.7558826208114624,1.9851192235946655,2.0147104263305664,2.2468655109405518,2.5049355030059814,2.2976152896881104,2.528352975845337,2.466188430786133,2.6571948528289795,2.377293825149536,2.2315750122070312,2.297373056411743,2.2016847133636475,2.1355509757995605,2.3074188232421875,2.27250599861145,2.451690912246704,2.600950002670288,2.79374623298645,3.132614850997925,3.0524935722351074,3.3638808727264404,3.3193624019622803,3.5840678215026855,3.36283016204834,3.1768720149993896,3.3021020889282227,3.1751396656036377,2.7815306186676025,2.872080087661743,2.8612239360809326,2.923802614212036,3.1154086589813232,3.103322982788086,3.471428394317627,3.505183219909668,3.7262041568756104,4.045625686645508,4.159943103790283,4.13728141784668,4.322880744934082,4.657039165496826,4.918335914611816
A13,1.8516685962677002,1.7270302772521973,1.432245135307312,1.4822187423706055,1.230388879776001,1.415518045425415,1.2883899211883545,0.984994649887085,0.8899155259132385,0.563095211982727,0.6288197636604309,0.37839797139167786,0.0,0.3927118480205536,0.6220511794090271,1.1766849756240845,1.3421555757522583,1.1078546047210693,1.3833253383636475,1.3154642581939697,1.6185485124588013,1.7585896253585815,1.4894026517868042,1.6346079111099243,1.4934498071670532,1.645701289176941,1.3419467210769653,1.1709908246994019,1.2288506031036377,1.167518138885498,1.3503406047821045,1.5594741106033325,1.4884963035583496,1.7373713254928589,1.8303248882293701,2.091564178466797,2.37200927734375,2.2053000926971436,2.456892728805542,2.3656978607177734,2.5965306758880615,2.3350470066070557,2.1410164833068848,2.21870756149292,2.0742156505584717,1.862135887145996,2.0139400959014893,2.014766216278076,2.1881580352783203,2.3791720867156982,2.5839221477508545,2.931070566177368,2.8862180709838867,3.2061314582824707,3.146286964416504,3.435373544692993,3.234821081161499,3.023543119430542,3.161409378051758,3.00852108001709,2.521639823913574,2.5823159217834473,2.5887258052825928,2.6295523643493652,2.840702772140503,2.8212411403656006,3.1912758350372314,3.251155138015747,3.4649851322174072,3.7955024242401123,3.9090003967285156,3.9138171672821045,4.105746746063232,4.445250034332275,4.717517852783203
A14,1.9646409749984741,1.9046839475631714,1.6459884643554688,1.7666590213775635,1.556164264678955,1.779931664466858,1.6768760681152344,1.3713772296905518,1.2685902118682861,0.9388502836227417,0.9113218188285828,0.6151992082595825,0.3927118480205536,0.0,0.4037114977836609,1.2220922708511353,1.4691568613052368,1.3195881843566895,1.6506744623184204,1.6343584060668945,1.965061068534851,2.093074083328247,1.8257014751434326,1.934921145439148,1.7379313707351685,1.8556280136108398,1.517024040222168,1.3063476085662842,1.2471294403076172,1.1097426414489746,1.3642334938049316,1.6395050287246704,1.646706461906433,1.9465529918670654,2.081843852996826,2.378575325012207,2.6467819213867188,2.481271743774414,2.7101731300354004,2.570824384689331,2.7905523777008057,2.5080406665802,2.2785556316375732,2.298288106918335,2.100980043411255,1.8740813732147217,2.0643715858459473,2.132385015487671,2.3441553115844727,2.5758955478668213,2.814846992492676,3.151268720626831,3.113725423812866,3.417383909225464,3.317929267883301,3.606945514678955,3.394798994064331,3.151156187057495,3.254791021347046,3.060753107070923,2.5372540950775146,2.6100711822509766,2.672487497329712,2.7288057804107666,2.9820497035980225,2.984442710876465,3.3584744930267334,3.4567887783050537,3.674426794052124,4.009363651275635,4.133031368255615,4.165004730224609,4.351558208465576,4.698924541473389,4.971620082855225
A15,1.667941927909851,1.6516140699386597,1.4507641792297363,1.6384862661361694,1.512165904045105,1.807445764541626,1.7644994258880615,1.5081673860549927,1.4877471923828125,1.1432740688323975,1.2246358394622803,0.955739438533783,0.6220511794090271,0.4037114977836609,0.0,0.8988074064254761,1.2021822929382324,1.1530343294143677,1.5253554582595825,1.6053603887557983,1.9695512056350708,2.1371397972106934,1.9270001649856567,2.0747973918914795,1.8512170314788818,2.0273027420043945,1.719211220741272,1.4425485134124756,1.3992540836334229,1.1598272323608398,1.1379354000091553,1.409562587738037,1.4989564418792725,1.802130103111267,2.0073115825653076,2.3175296783447266,2.60417103767395,2.4891934394836426,2.736488103866577,2.5773324966430664,2.834224224090576,2.581047773361206,2.3128275871276855,2.348663806915283,2.1071057319641113,1.6981403827667236,1.8510539531707764,1.9695918560028076,2.1620287895202637,2.4387047290802,2.6802632808685303,3.020312547683716,3.0266082286834717,3.3363678455352783,3.22552752494812,3.5383386611938477,3.355241060256958,3.090028762817383,3.20893931388855,2.990248680114746,2.3579845428466797,2.3854832649230957,2.4709911346435547,2.492794990539551,2.7656502723693848,2.7536351680755615,3.1218209266662598,3.2493302822113037,3.4502322673797607,3.795797348022461,3.912179708480835,3.9758925437927246,4.17164945602417,4.519464015960693,4.804831504821777
B1,1.0337620973587036,0.9701664447784424,0.9588677883148193,1.1673109531402588,1.2632752656936646,1.6262092590332031,1.6640679836273193,1.5911023616790771,1.7104597091674805,1.4066336154937744,1.6788153648376465,1.5472960472106934,1.1766849756240845,1.2220922708511353,0.8988074064254761,0.0,0.3690308928489685,0.5938988924026489,0.9445713758468628,1.223419189453125,1.5940791368484497,1.826155185699463,1.776077151298523,2.007047414779663,1.7957818508148193,2.1017212867736816,1.9232584238052368,1.5991708040237427,1.7038520574569702,1.428901195526123,0.7151764631271362,0.7671385407447815,0.9556372165679932,1.1621400117874146,1.4822494983673096,1.768967628479004,2.0852975845336914,2.09389591217041,2.385485887527466,2.242102861404419,2.5781068801879883,2.429791212081909,2.140169382095337,2.2807416915893555,2.040818214416504,1.3011728525161743,1.2710943222045898,1.3921395540237427,1.4665186405181885,1.7867931127548218,1.9884916543960571,2.336418867111206,2.4308817386627197,2.761820077896118,2.6770570278167725,3.0327210426330566,2.9331319332122803,2.6736111640930176,2.868990659713745,2.6672937870025635,1.8902556896209717,1.7925420999526978,1.8293079137802124,1.7469089031219482,1.996997594833374,1.928639531135559,2.280749559402466,2.424095869064331,2.595860719680786,2.9523508548736572,3.054983139038086,3.1510937213897705,3.3593225479125977,3.7024850845336914,4.004271507263184
B2,1.0274993181228638,0.8528012037277222,0.8998161554336548,1.0138221979141235,1.1722501516342163,1.506162166595459,1.5384434461593628,1.550207257270813,1.6944565773010254,1.428023099899292,1.7446753978729248,1.6847630739212036,1.3421555757522583,1.4691568613052368,1.2021822929382324,0.3690308928489685,0.0,0.39297324419021606,0.6455772519111633,0.9829979538917542,1.3298935890197754,1.5696498155593872,1.58484947681427,1.838548183441162,1.6555043458938599,1.99964439868927,1.884796142578125,1.579237461090088,1.7552733421325684,1.524084448814392,0.7234214544296265,0.5985388159751892,0.7211734652519226,0.8362500071525574,1.1737464666366577,1.435974359512329,1.7603163719177246,1.8080333471298218,2.1157312393188477,2.0003435611724854,2.3578546047210693,2.2538373470306396,1.9836105108261108,2.1778953075408936,1.9774473905563354,1.2205288410186768,1.1103172302246094,1.1567988395690918,1.1622395515441895,1.463006615638733,1.6364400386810303,1.9929916858673096,2.102670669555664,2.4461395740509033,2.390559673309326,2.753624439239502,2.680685520172119,2.4452285766601562,2.67722487449646,2.510676383972168,1.7575706243515015,1.631624460220337,1.6010594367980957,1.488472580909729,1.6947780847549438,1.6041120290756226,1.9579344987869263,2.076793909072876,2.2542080879211426,2.6078240871429443,2.713822603225708,2.7955994606018066,3.0012288093566895,3.344939708709717,3.6445555686950684
B3,1.2418742179870605,0.9921627044677734,0.902715802192688,0.8939384818077087,0.9459851980209351,1.2283329963684082,1.193056344985962,1.2093944549560547,1.330546498298645,1.0782781839370728,1.4132776260375977,1.4079164266586304,1.1078546047210693,1.3195881843566895,1.1530343294143677,0.5938988924026489,0.39297324419021606,0.0,0.3915911316871643,0.6306303143501282,1.0038893222808838,1.2361639738082886,1.2118314504623413,1.47715163230896,1.3257651329040527,1.6739681959152222,1.565671443939209,1.2989104986190796,1.5293022394180298,1.374100685119629,0.7919508814811707,0.7116230726242065,0.6222903728485107,0.7387012839317322,0.9731027483940125,1.2338905334472656,1.5676448345184326,1.5580847263336182,1.8772252798080444,1.7974181175231934,2.1408257484436035,2.017005205154419,1.7846122980117798,1.9996318817138672,1.8517663478851318,1.2711511850357056,1.2197301387786865,1.1653459072113037,1.1988776922225952,1.421377182006836,1.5875232219696045,1.956312894821167,2.0065269470214844,2.3600292205810547,2.331299066543579,2.6752896308898926,2.5724472999572754,2.366647481918335,2.6007251739501953,2.4711904525756836,1.8412617444992065,1.7778149843215942,1.7015647888183594,1.6427197456359863,1.8082196712493896,1.7364490032196045,2.0982682704925537,2.1616363525390625,2.3644182682037354,2.7020816802978516,2.81630277633667,2.8469483852386475,3.042670249938965,3.386258363723755,3.6713037490844727
B4,1.3425650596618652,1.015166163444519,0.9570412635803223,0.8021286129951477,0.9031969308853149,1.1022149324417114,1.0646858215332031,1.2040103673934937,1.3627082109451294,1.2024496793746948,1.5639865398406982,1.6269222497940063,1.3833253383636475,1.6506744623184204,1.5253554582595825,0.9445713758468628,0.6455772519111633,0.3915911316871643,0.0,0.39379802346229553,0.6907563805580139,0.9647917747497559,1.0443860292434692,1.3547139167785645,1.2840511798858643,1.6638870239257812,1.6385575532913208,1.4302129745483398,1.7275686264038086,1.6354378461837769,1.0749908685684204,0.8859167695045471,0.6759130358695984,0.571800947189331,0.7298842072486877,0.9025241732597351,1.2685338258743286,1.3059008121490479,1.6584949493408203,1.6484140157699585,2.0076844692230225,1.9413796663284302,1.7597453594207764,2.037065267562866,1.9529922008514404,1.4267865419387817,1.3107223510742188,1.1514464616775513,1.0833477973937988,1.2183839082717896,1.3095340728759766,1.6924155950546265,1.7492010593414307,2.1233770847320557,2.1527023315429688,2.4951632022857666,2.42429518699646,2.265974998474121,2.5422656536102295,2.467203378677368,1.9094650745391846,1.8262501955032349,1.6697617769241333,1.582185983657837,1.6640386581420898,1.5564680099487305,1.8995542526245117,1.9036378860473633,2.1022050380706787,2.4293177127838135,2.5344700813293457,2.530545234680176,2.7294564247131348,3.065316677093506,3.348886489868164
B5,1.6734057664871216,1.3387525081634521,1.1961442232131958,0.964891791343689,0.9212475419044495,0.9933603405952454,0.826448917388916,0.9950682520866394,1.0956363677978516,0.9876039624214172,1.3348628282546997,1.478582501411438,1.3154642581939697,1.6343584060668945,1.6053603887557983,1.223419189453125,0.9829979538917542,0.6306303143501282,0.39379802346229553,0.0,0.38901200890541077,0.6275948882102966,0.6581582427024841,0.9908873438835144,0.9873586893081665,1.3603320121765137,1.3657296895980835,1.2320101261138916,1.5770174264907837,1.5766515731811523,1.2497563362121582,1.119956374168396,0.8092293739318848,0.7297850251197815,0.6770889759063721,0.8133474588394165,1.1496249437332153,1.0946491956710815,1.4462891817092896,1.4838764667510986,1.8098315000534058,1.7240344285964966,1.599608063697815,1.89055335521698,1.8709204196929932,1.5492768287658691,1.4959943294525146,1.27538001537323,1.2558027505874634,1.2974883317947388,1.3828957080841064,1.7454915046691895,1.7229058742523193,2.0879886150360107,2.1397016048431396,2.448106527328491,2.341831922531128,2.21907114982605,2.4857065677642822,2.4498305320739746,2.0328786373138428,2.012777328491211,1.8341350555419922,1.80879807472229,1.8631901741027832,1.7938802242279053,2.130237340927124,2.0907483100891113,2.313969612121582,2.6107373237609863,2.7297680377960205,2.6767866611480713,2.852097272872925,3.1834514141082764,3.441514253616333
B6,1.9103538990020752,1.549088954925537,1.411679744720459,1.0995203256607056,1.0506176948547363,0.9837473630905151,0.791366696357727,1.0759655237197876,1.1882108449935913,1.1991536617279053,1.526252031326294,1.7205233573913574,1.6185485124588013,1.965061068534851,1.9695512056350708,1.5940791368484497,1.3298935890197754,1.0038893222808838,0.6907563805580139,0.38901200890541077,0.0,0.38865453004837036,0.577015221118927,0.9358624815940857,1.0714164972305298,1.423730492591858,1.5104858875274658,1.4605135917663574,1.8352727890014648,1.8923702239990234,1.6144953966140747,1.4518611431121826,1.1154705286026,0.9346018433570862,0.744152307510376,0.6879819631576538,1.0035662651062012,0.9619113206863403,1.3280023336410522,1.469706654548645,1.7754688262939453,1.7431832551956177,1.6973294019699097,2.027073621749878,2.0757803916931152,1.8447093963623047,1.7666906118392944,1.488532543182373,1.4098554849624634,1.345238208770752,1.3397141695022583,1.6809555292129517,1.6347984075546265,2.00124192237854,2.1202292442321777,2.4033408164978027,2.3189194202423096,2.2585208415985107,2.550130605697632,2.5731008052825928,2.2573375701904297,2.236008882522583,2.0051920413970947,1.9717917442321777,1.9515795707702637,1.8632307052612305,2.1616718769073486,2.0544185638427734,2.266618490219116,2.534578800201416,2.6402945518493652,2.5364279747009277,2.706826686859131,3.019298553466797,3.265216827392578
B7,2.262336015701294,1.9074596166610718,1.7759405374526978,1.4806007146835327,1.4037154912948608,1.3099262714385986,1.0400876998901367,1.2873533964157104,1.294944167137146,1.2991970777511597,1.559974193572998,1.8192062377929688,1.7585896253585815,2.093074083328247,2.1371397972106934,1.826155185699463,1.5696498155593872,1.2361639738082886,0.9647917747497559,0.6275948882102966,0.38865453004837036,0.0,0.37812596559524536,0.6379613280296326,0.8295322060585022,1.152696967124939,1.322055697441101,1.3342602252960205,1.724941372871399,1.8438814878463745,1.7003898620605469,1.55526864528656,1.1777340173721313,1.022706151008606,0.7072976231575012,0.6421759724617004,0.8187047839164734,0.6596066355705261,0.9926019906997681,1.1703152656555176,1.437216877937317,1.4134106636047363,1.4262934923171997,1.7696726322174072,1.881774663925171,1.8225295543670654,1.7809407711029053,1.460692286491394,1.4281837940216064,1.2914468050003052,1.3122197389602661,1.5978068113327026,1.466658115386963,1.7983348369598389,1.917073369026184,2.160980224609375,2.045198678970337,2.015805244445801,2.2938954830169678,2.355020046234131,2.181832790374756,2.213820219039917,1.967537760734558,1.9993332624435425,1.9654165506362915,1.9407182931900024,2.2340848445892334,2.1172163486480713,2.372459650039673,2.599961042404175,2.747342586517334,2.6180992126464844,2.736811637878418,3.054522752761841,3.2590198516845703
B8,2.3122034072875977,1.9805854558944702,1.7909024953842163,1.5280317068099976,1.3658783435821533,1.273207426071167,0.9343240857124329,1.087011694908142,1.0039607286453247,0.9982858896255493,1.2129184007644653,1.5030595064163208,1.4894026517868042,1.8257014751434326,1.9270001649856567,1.776077151298523,1.58484947681427,1.2118314504623413,1.0443860292434692,0.6581582427024841,0.577015221118927,0.37812596559524536,0.0,0.3795527219772339,0.5954554080963135,0.8869339227676392,1.0028644800186157,1.057986855506897,1.4456723928451538,1.6085454225540161,1.6376934051513672,1.5746161937713623,1.2064993381500244,1.171755075454712,0.9112332463264465,0.9719424843788147,1.1339609622955322,0.8921326994895935,1.1567333936691284,1.2679877281188965,1.4883354902267456,1.3693755865097046,1.3729469776153564,1.6637498140335083,1.7688443660736084,1.806593418121338,1.8382099866867065,1.5591665506362915,1.611345648765564,1.5330145359039307,1.6214078664779663,1.9071934223175049,1.7539336681365967,2.063300609588623,2.13346791267395,2.364081859588623,2.1956937313079834,2.136768341064453,2.3672664165496826,2.3993325233459473,2.238280773162842,2.3136801719665527,2.115509033203125,2.1851203441619873,2.2078866958618164,2.208813428878784,2.5275087356567383,2.4442574977874756,2.7070071697235107,2.9470252990722656,3.099200963973999,2.9844207763671875,3.104436159133911,3.4271252155303955,3.630722999572754
B9,2.6414780616760254,2.3213260173797607,2.1353981494903564,1.8935797214508057,1.7201457023620605,1.6281439065933228,1.268181562423706,1.3658740520477295,1.1926237344741821,1.1615321636199951,1.2709338665008545,1.6059691905975342,1.6346079111099243,1.934921145439148,2.0747973918914795,2.007047414779663,1.838548183441162,1.47715163230896,1.3547139167785645,0.9908873438835144,0.9358624815940857,0.6379613280296326,0.3795527219772339,0.0,0.39609843492507935,0.5651667714118958,0.782650351524353,0.9382796883583069,1.312089443206787,1.5485986471176147,1.7513030767440796,1.7254983186721802,1.3567814826965332,1.3718138933181763,1.0805095434188843,1.1682113409042358,1.217734694480896,0.8877612948417664,1.0318669080734253,1.1183104515075684,1.254060983657837,1.089891791343689,1.1544581651687622,1.4183073043823242,1.5856537818908691,1.8275305032730103,1.9118093252182007,1.6278576850891113,1.7396210432052612,1.6341683864593506,1.7613835334777832,1.9938839673995972,1.7772300243377686,2.032985210418701,2.0746712684631348,2.25873064994812,2.0429835319519043,1.9977902173995972,2.185847520828247,2.2386062145233154,2.217000722885132,2.3508753776550293,2.1637229919433594,2.2954635620117188,2.326507329940796,2.3832333087921143,2.7000532150268555,2.6251003742218018,2.918181896209717,3.130783796310425,3.31552791595459,3.1919682025909424,3.2722201347351074,3.5991830825805664,3.769324779510498
B10,2.5521931648254395,2.2603797912597656,2.0988214015960693,1.916988492012024,1.770820140838623,1.7655935287475586,1.4327778816223145,1.4707062244415283,1.2858924865722656,1.1273319721221924,1.2201125621795654,1.518865704536438,1.4934498071670532,1.7379313707351685,1.8512170314788818,1.7957818508148193,1.6555043458938599,1.3257651329040527,1.2840511798858643,0.9873586893081665,1.0714164972305298,0.8295322060585022,0.5954554080963135,0.39609843492507935,0.0,0.3894343674182892,0.5459520220756531,0.5967094898223877,0.9726864099502563,1.1874223947525024,1.4389539957046509,1.4538720846176147,1.11141836643219,1.2194026708602905,0.993122398853302,1.2029187679290771,1.2552416324615479,0.9363483190536499,1.0533466339111328,0.9914579391479492,1.1511296033859253,0.9161086678504944,0.8690303564071655,1.099285364151001,1.2146352529525757,1.4776012897491455,1.6083194017410278,1.36231529712677,1.5483434200286865,1.504684329032898,1.7120356559753418,1.9433624744415283,1.7380521297454834,1.9814504384994507,1.9498361349105835,2.152503490447998,1.9111748933792114,1.7995611429214478,1.9564704895019531,1.9538030624389648,1.890470027923584,2.052255630493164,1.9090793132781982,2.0766518115997314,2.1635122299194336,2.2595999240875244,2.5983622074127197,2.5777511596679688,2.89054012298584,3.1144471168518066,3.3228812217712402,3.2388076782226562,3.3103647232055664,3.6569416522979736,3.829678535461426
B11,2.901137113571167,2.6211650371551514,2.438969373703003,2.264826774597168,2.082758903503418,2.053251266479492,1.6950327157974243,1.68898344039917,1.4345073699951172,1.2956197261810303,1.2730189561843872,1.602123737335205,1.645701289176941,1.8556280136108398,2.0273027420043945,2.1017212867736816,1.99964439868927,1.6739681959152222,1.6638870239257812,1.3603320121765137,1.423730492591858,1.152696967124939,0.8869339227676392,0.5651667714118958,0.3894343674182892,0.0,0.37979429960250854,0.6340645551681519,0.9164966940879822,1.232917308807373,1.704285740852356,1.7694557905197144,1.4545446634292603,1.5932214260101318,1.364250659942627,1.5572243928909302,1.5535633563995361,1.2000608444213867,1.2122018337249756,1.1349865198135376,1.1671524047851562,0.859804630279541,0.8918280601501465,1.0183658599853516,1.2004486322402954,1.6954683065414429,1.8805439472198486,1.6571626663208008,1.880623698234558,1.8245888948440552,2.042109727859497,2.2348580360412598,1.9884246587753296,2.1805434226989746,2.1276919841766357,2.276503562927246,1.9900469779968262,1.8943853378295898,1.9869798421859741,1.9977461099624634,2.0750694274902344,2.289184093475342,2.1706008911132812,2.3806474208831787,2.475904941558838,2.602952241897583,2.9361932277679443,2.917179584503174,3.2418267726898193,3.447868824005127,3.6703431606292725,3.575439929962158,3.6247098445892334,3.9684975147247314,4.1177287101745605
B12,2.768406629562378,2.5210745334625244,2.313812494277954,2.186453342437744,1.9776173830032349,1.9884860515594482,1.6454428434371948,1.557681679725647,1.2734874486923218,1.0708353519439697,0.9863463640213013,1.288507103919983,1.3419467210769653,1.517024040222168,1.719211220741272,1.9232584238052368,1.884796142578125,1.565671443939209,1.6385575532913208,1.3657296895980835,1.5104858875274658,1.322055697441101,1.0028644800186157,0.782650351524353,0.5459520220756531,0.37979429960250854,0.0,0.37618035078048706,0.609699547290802,0.9537110924720764,1.5587029457092285,1.69423246383667,1.4286454916000366,1.640241265296936,1.489626407623291,1.734316110610962,1.7978399991989136,1.4738037586212158,1.5375080108642578,1.420640468597412,1.4902713298797607,1.1601030826568604,1.0929876565933228,1.1402865648269653,1.2123953104019165,1.6405200958251953,1.8668121099472046,1.7092673778533936,1.9648665189743042,1.9820960760116577,2.2259371280670166,2.454224109649658,2.245619535446167,2.459751605987549,2.37982177734375,2.557084560394287,2.270766258239746,2.126553773880005,2.199579954147339,2.1476356983184814,2.10903000831604,2.320812940597534,2.253443717956543,2.453207492828369,2.597649574279785,2.7128095626831055,3.0665550231933594,3.0789384841918945,3.3924055099487305,3.627999782562256,3.838282585144043,3.7698869705200195,3.844740390777588,4.1952595710754395,4.36831521987915
B13,2.5016701221466064,2.277219533920288,2.0995678901672363,2.018522024154663,1.8518085479736328,1.9353735446929932,1.637594223022461,1.540697693824768,1.3113888502120972,1.0156999826431274,1.0029337406158447,1.2210893630981445,1.1709908246994019,1.3063476085662842,1.4425485134124756,1.5991708040237427,1.579237461090088,1.2989104986190796,1.4302129745483398,1.2320101261138916,1.4605135917663574,1.3342602252960205,1.057986855506897,0.9382796883583069,0.5967094898223877,0.6340645551681519,0.37618035078048706,0.0,0.39188092947006226,0.6271467804908752,1.1931309700012207,1.3573969602584839,1.1357547044754028,1.4063640832901,1.335191011428833,1.640478491783142,1.7422301769256592,1.467509388923645,1.5708221197128296,1.393363356590271,1.5329186916351318,1.2179412841796875,1.0346970558166504,1.0780514478683472,1.0324052572250366,1.3034104108810425,1.5439726114273071,1.4346524477005005,1.716628074645996,1.7978382110595703,2.075495958328247,2.321732759475708,2.1562180519104004,2.387010335922241,2.2749643325805664,2.491823434829712,2.2238218784332275,2.027437448501587,2.1095876693725586,2.0019798278808594,1.8248897790908813,2.020768642425537,1.9869965314865112,2.177945852279663,2.361388921737671,2.4776394367218018,2.843275547027588,2.8930373191833496,3.2030324935913086,3.4567461013793945,3.6677281856536865,3.6336045265197754,3.719365119934082,4.079708576202393,4.269814491271973
