,A1,A2,A3,A4,A5,A6,A7,A8,A9,A10,A11,A12,A13,A14,A15,B1,B2,B3,B4,B5,B6,B7,B8,B9,B10,B11,B12,B13,B14,B15,C1,C2,C3,C4,C5,C6,C7,C8,C9,C10,C11,C12,C13,C14,C15,D1,D2,D3,D4,D5,D6,D7,D8,D9,D10,D11,D12,D13,D14,D15,E1,E2,E3,E4,E5,E6,E7,E8,E9,E10,E11,E12,E13,E14,E15
A1,0.0,0.37828168272972107,0.6360586881637573,0.968698263168335,1.2968443632125854,1.576490044593811,1.9014716148376465,1.9549055099487305,2.30432391166687,2.3053195476531982,2.6265480518341064,2.5394694805145264,2.206958532333374,2.299644708633423,2.075369119644165,1.3738914728164673,1.481640338897705,1.5965553522109985,1.8181565999984741,2.0648927688598633,2.4340975284576416,2.7008228302001953,2.7924253940582275,3.176705837249756,3.1870346069335938,3.5499069690704346,3.555060863494873,3.2918105125427246,3.444729804992676,3.22517991065979,1.9951781034469604,1.8860399723052979,2.0903565883636475,2.064423084259033,2.4215426445007324,2.675240993499756,3.057136058807373,3.1973416805267334,3.588557481765747,3.6754744052886963,4.012897491455078,4.0116777420043945,3.7808117866516113,4.009952545166016,3.8227388858795166,2.5103940963745117,2.2569308280944824,2.4802498817443848,2.3301055431365967,2.683906078338623,2.7842659950256348,3.147956371307373,3.3850507736206055,3.7609915733337402,3.8607177734375,4.236547470092773,4.2641282081604,4.112980365753174,4.416238784790039,4.316346168518066,3.3014273643493652,3.103705883026123,2.9602150917053223,2.7346324920654297,2.765660524368286,2.535250663757324,2.715275287628174,2.516214609146118,2.7046587467193604,2.821242570877075,2.982726573944092,2.8057148456573486,2.8957700729370117,3.1770153045654297,3.410250663757324
A2,0.37828168272972107,0.0,0.38014277815818787,0.6372967958450317,0.9844845533370972,1.292691946029663,1.6138226985931396,1.711445927619934,2.0674500465393066,2.1230666637420654,2.454845428466797,2.4173951148986816,2.1167845726013184,2.2692651748657227,2.0897789001464844,1.2836796045303345,1.317622184753418,1.3527485132217407,1.537792682647705,1.7470494508743286,2.1198318004608154,2.3723247051239014,2.489555835723877,2.8782601356506348,2.9020745754241943,3.273165464401245,3.3084051609039307,3.072054386138916,3.2518930435180664,3.069108724594116,1.8357808589935303,1.6787874698638916,1.825579285621643,1.7773288488388062,2.1157851219177246,2.380497455596924,2.7540698051452637,2.9164960384368896,3.30910325050354,3.3958637714385986,3.7453246116638184,3.7653415203094482,3.545468330383301,3.792283535003662,3.6257786750793457,2.3257923126220703,2.030846357345581,2.2198486328125,2.0420305728912354,2.384585380554199,2.479396104812622,2.8291540145874023,3.0805702209472656,3.448418378829956,3.5417251586914062,3.9217922687530518,3.9654784202575684,3.8151793479919434,4.123266696929932,4.028461456298828,2.995704174041748,2.77778697013855,2.6212644577026367,2.3775105476379395,2.4010047912597656,2.16507625579834,2.352739095687866,2.170767068862915,2.3683857917785645,2.5096871852874756,2.677093744277954,2.5315403938293457,2.6381845474243164,2.9389121532440186,3.1886260509490967
A3,0.6360586881637573,0.38014277815818787,0.0,0.4041273295879364,0.6696451306343079,0.9858036637306213,1.3099268674850464,1.4310534000396729,1.802640438079834,1.851141095161438,2.203284978866577,2.193260431289673,1.9237301349639893,2.1044416427612305,1.983765721321106,1.3668689727783203,1.4239438772201538,1.3704935312271118,1.580483317375183,1.7200303077697754,2.108172655105591,2.304220676422119,2.4031009674072266,2.7940971851348877,2.7765274047851562,3.153458595275879,3.188739061355591,2.9563302993774414,3.119422197341919,2.947657823562622,1.835037350654602,1.7095297574996948,1.8281309604644775,1.8265578746795654,2.150909423828125,2.4537761211395264,2.8029086589813232,2.9646174907684326,3.353645086288452,3.4042327404022217,3.765188217163086,3.7807281017303467,3.5432238578796387,3.7788245677948,3.598477363586426,2.3576362133026123,2.0485658645629883,2.250561237335205,2.093997001647949,2.4392569065093994,2.5614967346191406,2.88387131690979,3.135009288787842,3.4862618446350098,3.5414624214172363,3.92649245262146,3.96994948387146,3.790980577468872,4.081031322479248,3.9571945667266846,2.8707730770111084,2.6282808780670166,2.5120136737823486,2.2577195167541504,2.327116012573242,2.109689235687256,2.341689109802246,2.216900587081909,2.4260294437408447,2.6183407306671143,2.78226637840271,2.6839797496795654,2.8213183879852295,3.137343406677246,3.406747817993164
A4,0.968698263168335,0.6372967958450317,0.4041273295879364,0.0,0.38354596495628357,0.6760220527648926,0.9881638288497925,1.1369028091430664,1.5002323389053345,1.6153831481933594,1.961611032485962,2.0014424324035645,1.7721638679504395,2.011599540710449,1.936607003211975,1.252146601676941,1.2409119606018066,1.0870362520217896,1.2684742212295532,1.3533083200454712,1.7421574592590332,1.9136319160461426,2.017850160598755,2.4090521335601807,2.3966119289398193,2.7771999835968018,2.8340251445770264,2.6256566047668457,2.812605381011963,2.677783727645874,1.5965889692306519,1.4401992559432983,1.498713731765747,1.505094051361084,1.8088271617889404,2.131531238555908,2.4609012603759766,2.624274253845215,3.0087227821350098,3.0450875759124756,3.412618398666382,3.437572717666626,3.2045092582702637,3.4484665393829346,3.283630847930908,2.082603693008423,1.7454988956451416,1.9227001667022705,1.7664602994918823,2.104942798614502,2.246586322784424,2.549359083175659,2.7941102981567383,3.134165048599243,3.1695234775543213,3.5554468631744385,3.6005592346191406,3.413501501083374,3.700183153152466,3.574465751647949,2.4784364700317383,2.2276499271392822,2.11078143119812,1.8578423261642456,1.9459054470062256,1.7537518739700317,2.017397165298462,1.9333770275115967,2.1776185035705566,2.3895485401153564,2.5798094272613525,2.526998281478882,2.6583120822906494,2.996912717819214,3.2651095390319824
A5,1.2968443632125854,0.9844845533370972,0.6696451306343079,0.38354596495628357,0.0,0.41434887051582336,0.6996261477470398,0.9431632161140442,1.312680959701538,1.4540449380874634,1.8168412446975708,1.9154706001281738,1.7501838207244873,2.02775239944458,2.0274200439453125,1.5244708061218262,1.5111881494522095,1.2787797451019287,1.4359583854675293,1.4181071519851685,1.7922592163085938,1.8847239017486572,1.9836621284484863,2.3655664920806885,2.3177807331085205,2.7000794410705566,2.773078203201294,2.5885894298553467,2.7664098739624023,2.663465976715088,1.7514816522598267,1.6164976358413696,1.6147727966308594,1.6483752727508545,1.9032509326934814,2.2454020977020264,2.5354719161987305,2.7074549198150635,3.078467607498169,3.0836572647094727,3.4598629474639893,3.491999626159668,3.254129648208618,3.4916086196899414,3.32712459564209,2.223682165145874,1.87608802318573,2.0350513458251953,1.8901485204696655,2.2026548385620117,2.3531177043914795,2.6121771335601807,2.8605270385742188,3.1726486682891846,3.171617269515991,3.5573198795318604,3.612530469894409,3.4043641090393066,3.672928810119629,3.524913787841797,2.3839263916015625,2.096170425415039,2.019098997116089,1.7457499504089355,1.8739991188049316,1.7020553350448608,1.999459147453308,1.9825130701065063,2.2206900119781494,2.482011079788208,2.656597137451172,2.65401291847229,2.818307876586914,3.1620945930480957,3.4489974975585938
A6,1.576490044593811,1.292691946029663,0.9858036637306213,0.6760220527648926,0.41434887051582336,0.0,0.32585352659225464,0.5320150256156921,0.9000956416130066,1.0568475723266602,1.4150664806365967,1.5453532934188843,1.4291632175445557,1.7432807683944702,1.8060877323150635,1.4828931093215942,1.4923999309539795,1.2108391523361206,1.4019566774368286,1.3328896760940552,1.689186930656433,1.7227635383605957,1.751009464263916,2.1172869205474854,2.01296329498291,2.3868746757507324,2.437174081802368,2.246729612350464,2.4021971225738525,2.3081445693969727,1.5677481889724731,1.4945522546768188,1.4854137897491455,1.6077890396118164,1.8504157066345215,2.2191271781921387,2.472564697265625,2.6001224517822266,2.954416275024414,2.9083964824676514,3.2788376808166504,3.2837557792663574,3.0204899311065674,3.230468273162842,3.044928789138794,2.040529727935791,1.7169315814971924,1.9067133665084839,1.8357982635498047,2.154597759246826,2.3630642890930176,2.5972936153411865,2.802011728286743,3.096468687057495,3.046461582183838,3.424959182739258,3.4500927925109863,3.205657720565796,3.4429032802581787,3.2592406272888184,2.102754831314087,1.8307689428329468,1.8234821557998657,1.6048163175582886,1.8181971311569214,1.7302638292312622,2.076046943664551,2.1176412105560303,2.3961477279663086,2.6604721546173096,2.8659026622772217,2.8974339962005615,3.037790536880493,3.395836353302002,3.666010856628418
A7,1.9014716148376465,1.6138226985931396,1.3099268674850464,0.9881638288497925,0.6996261477470398,0.32585352659225464,0.0,0.3945254385471344,0.6883438229560852,0.9177771806716919,1.2528880834579468,1.4559627771377563,1.4241505861282349,1.7712316513061523,1.8981903791427612,1.6790544986724854,1.669822335243225,1.3440786600112915,1.5001593828201294,1.353276252746582,1.6658037900924683,1.623055100440979,1.6240768432617188,1.9647387266159058,1.8250105381011963,2.1899547576904297,2.2520768642425537,2.0903432369232178,2.241577386856079,2.1893136501312256,1.6376339197158813,1.5830246210098267,1.5198156833648682,1.6715643405914307,1.8633673191070557,2.237243413925171,2.445321559906006,2.561502695083618,2.8937013149261475,2.813356637954712,3.1821115016937256,3.186999797821045,2.9211180210113525,3.120077610015869,2.939054489135742,2.0583245754241943,1.7432191371917725,1.910156011581421,1.8687386512756348,2.157684087753296,2.3841745853424072,2.5765438079833984,2.7627880573272705,3.0279476642608643,2.93937611579895,3.3095614910125732,3.3314733505249023,3.0664126873016357,3.280487537384033,3.076110601425171,1.9047285318374634,1.6183936595916748,1.6637203693389893,1.4654369354248047,1.7308540344238281,1.6982908248901367,2.068161964416504,2.168166399002075,2.4547765254974365,2.7371392250061035,2.946636199951172,3.0184757709503174,3.160792827606201,3.5239665508270264,3.792929172515869
A8,1.9549055099487305,1.711445927619934,1.4310534000396729,1.1369028091430664,0.9431632161140442,0.5320150256156921,0.3945254385471344,0.0,0.37992188334465027,0.5545731782913208,0.8925058841705322,1.068560242652893,1.041167974472046,1.399527907371521,1.5540941953659058,1.5161776542663574,1.5634875297546387,1.2678978443145752,1.4926365613937378,1.3880523443222046,1.6896237134933472,1.6541743278503418,1.5630993843078613,1.8865374326705933,1.6934680938720703,2.040379762649536,2.0389420986175537,1.828243374824524,1.9371528625488281,1.845281958580017,1.4048117399215698,1.4399795532226562,1.4415740966796875,1.677655816078186,1.8997724056243896,2.2810728549957275,2.4841489791870117,2.5401082038879395,2.863438606262207,2.748767137527466,3.0997917652130127,3.0584609508514404,2.758820056915283,2.9204156398773193,2.6992149353027344,1.8590478897094727,1.599575400352478,1.834798812866211,1.8757532835006714,2.193591356277466,2.4698758125305176,2.6742026805877686,2.8117423057556152,3.0813186168670654,2.9712564945220947,3.331357955932617,3.3077616691589355,3.0174174308776855,3.2060201168060303,2.9730639457702637,1.8308758735656738,1.612984299659729,1.7133349180221558,1.602095365524292,1.9087687730789185,1.9272736310958862,2.305457353591919,2.3981266021728516,2.7143256664276123,2.966346263885498,3.2056353092193604,3.263824701309204,3.369188070297241,3.7377655506134033,3.9818077087402344
A9,2.30432391166687,2.0674500465393066,1.802640438079834,1.5002323389053345,1.312680959701538,0.9000956416130066,0.6883438229560852,0.37992188334465027,0.0,0.3893446922302246,0.6059827208518982,0.8783572912216187,0.9802566170692444,1.356568694114685,1.581714391708374,1.6917126178741455,1.7334352731704712,1.4287763833999634,1.630911111831665,1.4846302270889282,1.7202879190444946,1.6194871664047241,1.4510785341262817,1.7201993465423584,1.4614624977111816,1.7765709161758423,1.7485936880111694,1.5458102226257324,1.6253602504730225,1.5672551393508911,1.42966890335083,1.5178520679473877,1.493774652481079,1.7798064947128296,1.958993911743164,2.3339743614196777,2.4867098331451416,2.498776435852051,2.788578987121582,2.624147653579712,2.957568883895874,2.892125368118286,2.576683759689331,2.7047572135925293,2.4709370136260986,1.810832142829895,1.601272463798523,1.8327953815460205,1.9401038885116577,2.2317373752593994,2.54072904586792,2.708655595779419,2.800483465194702,3.0400607585906982,2.8844542503356934,3.225118637084961,3.1733880043029785,2.853471040725708,3.002596616744995,2.7361063957214355,1.6216927766799927,1.4462031126022339,1.6292375326156616,1.5978673696517944,1.955312967300415,2.045703172683716,2.4345314502716064,2.567880630493164,2.899794340133667,3.147066831588745,3.4024171829223633,3.4870049953460693,3.574235439300537,3.946887254714966,4.175332069396973
A10,2.3053195476531982,2.1230666637420654,1.851141095161438,1.6153831481933594,1.4540449380874634,1.0568475723266602,0.9177771806716919,0.5545731782913208,0.3893446922302246,0.0,0.3781542181968689,0.5646066665649414,0.6858280301094055,1.03986656665802,1.3134921789169312,1.7150486707687378,1.8380208015441895,1.5993478298187256,1.8655519485473633,1.7824983596801758,2.0365779399871826,1.9688867330551147,1.7726638317108154,2.028294801712036,1.7436972856521606,2.0269572734832764,1.9332550764083862,1.6777418851852417,1.6756187677383423,1.5402076244354248,1.5050668716430664,1.6707388162612915,1.7313953638076782,2.0424251556396484,2.262272834777832,2.6371066570281982,2.8076610565185547,2.7946386337280273,3.0847322940826416,2.910870313644409,3.228175163269043,3.127596139907837,2.7879085540771484,2.877948522567749,2.6008288860321045,1.9525691270828247,1.7952231168746948,2.084929943084717,2.22038197517395,2.53903865814209,2.8583931922912598,3.048758029937744,3.129112720489502,3.3792099952697754,3.2246971130371094,3.559621572494507,3.484285831451416,3.155277729034424,3.286533832550049,3.0019283294677734,1.937717080116272,1.8035988807678223,1.9985986948013306,1.980265736579895,2.3313944339752197,2.4068868160247803,2.7919535636901855,2.9008419513702393,3.232001543045044,3.470916509628296,3.726409435272217,3.7866241931915283,3.8698225021362305,4.2409138679504395,4.4664459228515625
A11,2.6265480518341064,2.454845428466797,2.203284978866577,1.961611032485962,1.8168412446975708,1.4150664806365967,1.2528880834579468,0.8925058841705322,0.6059827208518982,0.3781542181968689,0.0,0.381937712430954,0.6966841220855713,1.009671926498413,1.3423205614089966,1.8885366916656494,2.013571262359619,1.788413166999817,2.042421340942383,1.9496266841888428,2.151315927505493,2.0521175861358643,1.7920653820037842,1.9865763187408447,1.65293288230896,1.8796676397323608,1.7314101457595825,1.4655795097351074,1.3952367305755615,1.261995792388916,1.5678017139434814,1.7867743968963623,1.8467512130737305,2.1936819553375244,2.3876829147338867,2.7488722801208496,2.8822021484375,2.8217132091522217,3.0785233974456787,2.8630714416503906,3.1523356437683105,3.0176541805267334,2.660936117172241,2.7045321464538574,2.40423321723938,1.9437304735183716,1.8532359600067139,2.1468865871429443,2.3422367572784424,2.642343759536743,2.9877376556396484,3.1554250717163086,3.1903529167175293,3.417637586593628,3.229860544204712,3.54119610786438,3.43135142326355,3.0799922943115234,3.1696770191192627,2.85577654838562,1.8752527236938477,1.8083710670471191,2.0579802989959717,2.1103856563568115,2.4860117435455322,2.6110970973968506,2.9976906776428223,3.126387119293213,3.4714503288269043,3.6976358890533447,3.9694998264312744,4.042185306549072,4.103519439697266,4.476762771606445,4.684035301208496
A12,2.5394694805145264,2.4173951148986816,2.193260431289673,2.0014424324035645,1.9154706001281738,1.5453532934188843,1.4559627771377563,1.068560242652893,0.8783572912216187,0.5646066665649414,0.381937712430954,0.0,0.394023597240448,0.6420743465423584,0.9992117285728455,1.7633311748504639,1.9507591724395752,1.7978466749191284,2.100620746612549,2.078218698501587,2.2988898754119873,2.256293296813965,1.9872450828552246,2.1902902126312256,1.874618411064148,2.0896072387695312,1.8939605951309204,1.5727051496505737,1.4593539237976074,1.2223331928253174,1.4926859140396118,1.771762490272522,1.9132317304611206,2.27480149269104,2.5124011039733887,2.8678603172302246,3.02940034866333,2.946636915206909,3.2119863033294678,3.007380247116089,3.282478094100952,3.1188714504241943,2.7471096515655518,2.769158363342285,2.4359662532806396,1.920535683631897,1.8786265850067139,2.2239584922790527,2.4398701190948486,2.7694385051727295,3.1222167015075684,3.3233320713043213,3.348475694656372,3.598271369934082,3.4308102130889893,3.7414350509643555,3.610910177230835,3.2664694786071777,3.3596227169036865,3.051792860031128,2.123048782348633,2.090345859527588,2.311439275741577,2.368898391723633,2.7256317138671875,2.831258535385132,3.2090954780578613,3.300234079360962,3.6507649421691895,3.8538856506347656,4.13434362411499,4.174671173095703,4.2181477546691895,4.588321685791016,4.783274173736572
A13,2.206958532333374,2.1167845726013184,1.9237301349639893,1.7721638679504395,1.7501838207244873,1.4291632175445557,1.4241505861282349,1.041167974472046,0.9802566170692444,0.6858280301094055,0.6966841220855713,0.394023597240448,0.0,0.3790731132030487,0.6510540246963501,1.4408320188522339,1.674885869026184,1.5808016061782837,1.924957275390625,1.9711956977844238,2.2299447059631348,2.2564008235931396,2.0202200412750244,2.266752004623413,2.003697633743286,2.250563144683838,2.0659663677215576,1.7189536094665527,1.6502976417541504,1.363491177558899,1.2826569080352783,1.571840763092041,1.7806254625320435,2.128296136856079,2.413749933242798,2.7669014930725098,2.973048210144043,2.9017434120178223,3.1948537826538086,3.030672073364258,3.313730478286743,3.155299663543701,2.7886857986450195,2.835606575012207,2.503870964050293,1.7949094772338867,1.7460235357284546,2.1253581047058105,2.3204221725463867,2.6814827919006348,3.0225677490234375,3.2642393112182617,3.3071510791778564,3.589651107788086,3.463296890258789,3.788006544113159,3.6647987365722656,3.3448143005371094,3.4737048149108887,3.19669771194458,2.2527143955230713,2.2096164226531982,2.369920492172241,2.396946907043457,2.718046188354492,2.7826037406921387,3.145848035812378,3.191330909729004,3.5388312339782715,3.722404718399048,4.003082275390625,4.00848913192749,4.0432448387146,4.407763481140137,4.598450660705566
A14,2.299644708633423,2.2692651748657227,2.1044416427612305,2.011599540710449,2.02775239944458,1.7432807683944702,1.7712316513061523,1.399527907371521,1.356568694114685,1.03986656665802,1.009671926498413,0.6420743465423584,0.3790731132030487,0.0,0.40166139602661133,1.5538138151168823,1.8420476913452148,1.8219060897827148,2.185969114303589,2.2776005268096924,2.535551071166992,2.588603973388672,2.34303617477417,2.576563835144043,2.315744638442993,2.5367987155914307,2.315537691116333,1.9469447135925293,1.8302738666534424,1.4896258115768433,1.4619501829147339,1.7883638143539429,2.0492780208587646,2.3966636657714844,2.7015087604522705,3.041543483734131,3.258446216583252,3.165940523147583,3.454165458679199,3.2912092208862305,3.5541086196899414,3.369114637374878,2.993985891342163,3.010622024536133,2.6545701026916504,1.9739184379577637,1.9787685871124268,2.3808705806732178,2.591832160949707,2.9624173641204834,3.3051929473876953,3.5631794929504395,3.5931146144866943,3.8834805488586426,3.765023708343506,4.081786632537842,3.9392802715301514,3.62162709236145,3.740457534790039,3.4615583419799805,2.5782017707824707,2.5624210834503174,2.7194857597351074,2.7565841674804688,3.068117618560791,3.1247544288635254,3.4793243408203125,3.5025899410247803,3.8492815494537354,4.016043186187744,4.299540042877197,4.281899452209473,4.303533554077148,4.662149429321289,4.841470241546631
A15,2.075369119644165,2.0897789001464844,1.983765721321106,1.936607003211975,2.0274200439453125,1.8060877323150635,1.8981903791427612,1.5540941953659058,1.581714391708374,1.3134921789169312,1.3423205614089966,0.9992117285728455,0.6510540246963501,0.40166139602661133,0.0,1.3164702653884888,1.6484254598617554,1.7126346826553345,2.094548463821411,2.253997802734375,2.525493621826172,2.6399426460266113,2.4210972785949707,2.675384044647217,2.464287042617798,2.6983296871185303,2.4849345684051514,2.1051580905914307,2.0261316299438477,1.6639496088027954,1.3505668640136719,1.6756924390792847,1.9955801963806152,2.3187050819396973,2.655961275100708,2.97818922996521,3.227782964706421,3.1369810104370117,3.4400570392608643,3.314096689224243,3.5734915733337402,3.39007306098938,3.025601387023926,3.0589675903320312,2.710301399230957,1.8930290937423706,1.9116487503051758,2.3300695419311523,2.5263750553131104,2.913343667984009,3.2416601181030273,3.532031774520874,3.5678367614746094,3.882524251937866,3.8018364906311035,4.1229963302612305,3.981987237930298,3.6903605461120605,3.8360202312469482,3.587768793106079,2.724879026412964,2.713906764984131,2.8196280002593994,2.8432862758636475,3.1172361373901367,3.144381284713745,3.4761769771575928,3.455636501312256,3.797544479370117,3.9350426197052,4.220676422119141,4.168376445770264,4.171428203582764,4.519768238067627,4.685375213623047
B1,1.3738914728164673,1.2836796045303345,1.3668689727783203,1.252146601676941,1.5244708061218262,1.4828931093215942,1.6790544986724854,1.5161776542663574,1.6917126178741455,1.7150486707687378,1.8885366916656494,1.7633311748504639,1.4408320188522339,1.5538138151168823,1.3164702653884888,0.0,0.37981659173965454,0.6559085249900818,1.0000485181808472,1.319847822189331,1.6084507703781128,1.887228012084961,1.8287296295166016,2.155141830444336,2.1507818698883057,2.4559690952301025,2.3901174068450928,2.093189001083374,2.247074842453003,2.013766288757324,0.680837094783783,0.6971943974494934,1.0698432922363281,1.2385272979736328,1.629502773284912,1.8998491764068604,2.2325315475463867,2.2195448875427246,2.5790483951568604,2.5933053493499756,2.887784719467163,2.8058457374572754,2.533165216445923,2.7150754928588867,2.498258113861084,1.2031617164611816,1.0671358108520508,1.4146696329116821,1.474124789237976,1.8756587505340576,2.130873203277588,2.4846837520599365,2.576639413833618,2.9446425437927246,2.979722499847412,3.3247640132904053,3.2521421909332275,3.0599935054779053,3.3185410499572754,3.1948606967926025,2.3313405513763428,2.2788913249969482,2.1892402172088623,2.146939754486084,2.2752938270568848,2.2247424125671387,2.472716808319092,2.3558506965637207,2.684305429458618,2.751418352127075,3.046257495880127,2.949087381362915,2.910647392272949,3.2460408210754395,3.391563892364502
B2,1.481640338897705,1.317622184753418,1.4239438772201538,1.2409119606018066,1.5111881494522095,1.4923999309539795,1.669822335243225,1.5634875297546387,1.7334352731704712,1.8380208015441895,2.013571262359619,1.9507591724395752,1.674885869026184,1.8420476913452148,1.6484254598617554,0.37981659173965454,0.0,0.40505388379096985,0.6591951847076416,1.0200283527374268,1.2874454259872437,1.6054103374481201,1.5985138416290283,1.9291895627975464,1.9885722398757935,2.300544023513794,2.2856595516204834,2.0351693630218506,2.248800277709961,2.0749149322509766,0.6682385802268982,0.4690220355987549,0.7844913601875305,0.8834013342857361,1.2760921716690063,1.531341314315796,1.8766218423843384,1.8884717226028442,2.2588274478912354,2.3070995807647705,2.6121742725372314,2.567416191101074,2.3288588523864746,2.5536751747131348,2.3872060775756836,1.0440675020217896,0.8304212689399719,1.1089880466461182,1.117733120918274,1.5149189233779907,1.7557387351989746,2.1160950660705566,2.2188720703125,2.5935254096984863,2.6516618728637695,3.00010347366333,2.948760986328125,2.7824370861053467,3.0666909217834473,2.9770846366882324,2.1347386837005615,2.0763251781463623,1.9329560995101929,1.8850122690200806,1.971126675605774,1.9181305170059204,2.1424851417541504,2.016489028930664,2.3511803150177,2.4013404846191406,2.7084522247314453,2.621807813644409,2.5683987140655518,2.9086203575134277,3.0485072135925293
B3,1.5965553522109985,1.3527485132217407,1.3704935312271118,1.0870362520217896,1.2787797451019287,1.2108391523361206,1.3440786600112915,1.2678978443145752,1.4287763833999634,1.5993478298187256,1.788413166999817,1.7978466749191284,1.5808016061782837,1.8219060897827148,1.7126346826553345,0.6559085249900818,0.40505388379096985,0.0,0.3945149779319763,0.6661174893379211,0.9839285016059875,1.2597044706344604,1.2684351205825806,1.6282672882080078,1.6791030168533325,2.019279718399048,2.0446789264678955,1.827275276184082,2.0696256160736084,1.949714183807373,0.6580322980880737,0.36617106199264526,0.506884753704071,0.6536486744880676,1.03498375415802,1.3564105033874512,1.6779576539993286,1.7213990688323975,2.0987489223480225,2.120206356048584,2.4564452171325684,2.437169313430786,2.1971054077148438,2.4401934146881104,2.288794994354248,1.0136933326721191,0.6827437281608582,0.9252508282661438,0.9108725786209106,1.315122365951538,1.5804158449172974,1.90775728225708,2.030301094055176,2.3888051509857178,2.4130208492279053,2.77666974067688,2.7453670501708984,2.556947946548462,2.8401732444763184,2.734739065170288,1.805248737335205,1.706036925315857,1.5672967433929443,1.5014300346374512,1.6200799942016602,1.5889159440994263,1.8558542728424072,1.7873033285140991,2.140886068344116,2.2418649196624756,2.549323558807373,2.5166451930999756,2.498969554901123,2.858450412750244,3.026890754699707
B4,1.8181565999984741,1.537792682647705,1.580483317375183,1.2684742212295532,1.4359583854675293,1.4019566774368286,1.5001593828201294,1.4926365613937378,1.630911111831665,1.8655519485473633,2.042421340942383,2.100620746612549,1.924957275390625,2.185969114303589,2.094548463821411,1.0000485181808472,0.6591951847076416,0.3945149779319763,0.0,0.3965807557106018,0.664570152759552,1.0068025588989258,1.1118059158325195,1.4622231721878052,1.6041423082351685,1.9386781454086304,2.029024600982666,1.8786402940750122,2.1751203536987305,2.120161294937134,0.9154850840568542,0.5310730934143066,0.3724248707294464,0.2735584080219269,0.6613231897354126,0.975763201713562,1.3129854202270508,1.4038347005844116,1.7924244403839111,1.8602702617645264,2.2077043056488037,2.2402729988098145,2.051485061645508,2.3412106037139893,2.2553281784057617,1.0343917608261108,0.6503854990005493,0.6921477913856506,0.5462930798530579,0.9419113397598267,1.187890887260437,1.520119547843933,1.6630687713623047,2.0286073684692383,2.083061933517456,2.4513025283813477,2.4512100219726562,2.2988944053649902,2.6132330894470215,2.5537123680114746,1.6740577220916748,1.568056583404541,1.3484495878219604,1.2737839221954346,1.3210334777832031,1.291428804397583,1.5233970880508423,1.450544834136963,1.815306305885315,1.8960200548171997,2.219937562942505,2.2089076042175293,2.173598051071167,2.5371787548065186,2.698087215423584
B5,2.0648927688598633,1.7470494508743286,1.7200303077697754,1.3533083200454712,1.4181071519851685,1.3328896760940552,1.353276252746582,1.3880523443222046,1.4846302270889282,1.7824983596801758,1.9496266841888428,2.078218698501587,1.9711956977844238,2.2776005268096924,2.253997802734375,1.319847822189331,1.0200283527374268,0.6661174893379211,0.3965807557106018,0.0,0.39267095923423767,0.6517859697341919,0.8194873332977295,1.1881884336471558,1.340179681777954,1.692001223564148,1.8390940427780151,1.7469929456710815,2.0689151287078857,2.080609083175659,1.1079531908035278,0.7793645262718201,0.43346208333969116,0.36924511194229126,0.5236338973045349,0.9015015959739685,1.163589358329773,1.2913117408752441,1.6659349203109741,1.6991926431655884,2.0720114707946777,2.1359641551971436,1.9576573371887207,2.260253429412842,2.2007055282592773,1.159585952758789,0.7587206959724426,0.6826533675193787,0.5180256366729736,0.8294203281402588,1.095142126083374,1.3520653247833252,1.5085309743881226,1.839118242263794,1.8473339080810547,2.227400064468384,2.2511074542999268,2.0775856971740723,2.3873038291931152,2.3161237239837646,1.3650966882705688,1.2092440128326416,0.9717111587524414,0.8788976669311523,0.9664380550384521,0.997773289680481,1.2851842641830444,1.309020757675171,1.688699722290039,1.8238049745559692,2.14268159866333,2.2009780406951904,2.1991403102874756,2.5711722373962402,2.751988410949707
B6,2.4340975284576416,2.1198318004608154,2.108172655105591,1.7421574592590332,1.7922592163085938,1.689186930656433,1.6658037900924683,1.6896237134933472,1.7202879190444946,2.0365779399871826,2.151315927505493,2.2988898754119873,2.2299447059631348,2.535551071166992,2.525493621826172,1.6084507703781128,1.2874454259872437,0.9839285016059875,0.664570152759552,0.39267095923423767,0.0,0.4037000238895416,0.6399551033973694,0.9347150921821594,1.1901806592941284,1.4979304075241089,1.6934664249420166,1.6715792417526245,2.0310914516448975,2.103656053543091,1.2888894081115723,0.9763619303703308,0.5717821717262268,0.4616960287094116,0.2744221091270447,0.6213207244873047,0.8007681965827942,0.9218809604644775,1.2864737510681152,1.3288248777389526,1.7059568166732788,1.804015874862671,1.669270634651184,2.0015511512756348,2.0035808086395264,1.1377848386764526,0.7950313687324524,0.515255331993103,0.3605906367301941,0.51462322473526,0.8382911682128906,1.0357309579849243,1.1419638395309448,1.4606447219848633,1.45950448513031,1.8373467922210693,1.8618274927139282,1.7043946981430054,2.030759811401367,1.9961000680923462,1.1644352674484253,1.069654941558838,0.7693719267845154,0.7912211418151855,0.8358075022697449,0.9792290925979614,1.2168493270874023,1.2868183851242065,1.6693106889724731,1.7661426067352295,2.1053707599639893,2.20178484916687,2.159585475921631,2.5229434967041016,2.6698129177093506
B7,2.7008228302001953,2.3723247051239014,2.304220676422119,1.9136319160461426,1.8847239017486572,1.7227635383605957,1.623055100440979,1.6541743278503418,1.6194871664047241,1.9688867330551147,2.0521175861358643,2.256293296813965,2.2564008235931396,2.588603973388672,2.6399426460266113,1.887228012084961,1.6054103374481201,1.2597044706344604,1.0068025588989258,0.6517859697341919,0.4037000238895416,0.0,0.4032154679298401,0.6650600433349609,0.9157807230949402,1.2256500720977783,1.4799531698226929,1.5273090600967407,1.8934690952301025,2.032888889312744,1.4899548292160034,1.2474384307861328,0.8468037843704224,0.8505246639251709,0.6421148180961609,0.9005350470542908,0.9170488715171814,1.0151985883712769,1.305257797241211,1.259299874305725,1.6445106267929077,1.7530347108840942,1.6159013509750366,1.9330248832702637,1.9481990337371826,1.330630898475647,1.0306529998779297,0.7868019938468933,0.7553458213806152,0.7768292427062988,1.0664048194885254,1.1268141269683838,1.1985753774642944,1.4310274124145508,1.3310776948928833,1.7055326700210571,1.7354700565338135,1.5277435779571533,1.8224554061889648,1.750715732574463,0.8251421451568604,0.6848906874656677,0.36809924244880676,0.50948166847229,0.6918255090713501,0.9685038328170776,1.250656247138977,1.4320073127746582,1.7975343465805054,1.9437475204467773,2.261021137237549,2.4153738021850586,2.4044487476348877,2.7640109062194824,2.922888994216919
B8,2.7924253940582275,2.489555835723877,2.4031009674072266,2.017850160598755,1.9836621284484863,1.751009464263916,1.6240768432617188,1.5630993843078613,1.4510785341262817,1.7726638317108154,1.7920653820037842,1.9872450828552246,2.0202200412750244,2.34303617477417,2.4210972785949707,1.8287296295166016,1.5985138416290283,1.2684351205825806,1.1118059158325195,0.8194873332977295,0.6399551033973694,0.4032154679298401,0.0,0.3920772671699524,0.5521305203437805,0.8839352130889893,1.093778133392334,1.1241685152053833,1.4916558265686035,1.6453123092651367,1.3161176443099976,1.1722029447555542,0.8303058743476868,1.0012587308883667,0.8890950083732605,1.1511157751083374,1.1464017629623413,1.1039855480194092,1.3535701036453247,1.2015019655227661,1.5633620023727417,1.589400053024292,1.3787152767181396,1.6490848064422607,1.6134560108184814,1.1261210441589355,0.9053078293800354,0.7678717970848083,0.9316962361335754,1.0209699869155884,1.3723077774047852,1.4378196001052856,1.4184259176254272,1.625589370727539,1.4599968194961548,1.799776315689087,1.7467793226242065,1.467919111251831,1.7029842138290405,1.5570498704910278,0.5637809038162231,0.571575403213501,0.5161812901496887,0.7975833415985107,1.0740476846694946,1.3541377782821655,1.6522185802459717,1.8241511583328247,2.1946990489959717,2.3320229053497314,2.6559898853302,2.7951700687408447,2.7685272693634033,3.1283347606658936,3.2707479000091553
B9,3.176705837249756,2.8782601356506348,2.7940971851348877,2.4090521335601807,2.3655664920806885,2.1172869205474854,1.9647387266159058,1.8865374326705933,1.7201993465423584,2.028294801712036,1.9865763187408447,2.1902902126312256,2.266752004623413,2.576563835144043,2.675384044647217,2.155141830444336,1.9291895627975464,1.6282672882080078,1.4622231721878052,1.1881884336471558,0.9347150921821594,0.6650600433349609,0.3920772671699524,0.0,0.41141828894615173,0.5935826897621155,0.8807607889175415,1.0364360809326172,1.4165164232254028,1.6507899761199951,1.5866504907608032,1.4826433658599854,1.1621677875518799,1.3190280199050903,1.1392980813980103,1.3072395324707031,1.184184193611145,1.0590546131134033,1.1994261741638184,0.9546158909797668,1.2853070497512817,1.3059223890304565,1.11458420753479,1.3756805658340454,1.397713541984558,1.2780898809432983,1.16170072555542,0.9815279841423035,1.1916592121124268,1.1773207187652588,1.5128779411315918,1.4925947189331055,1.3809831142425537,1.5068833827972412,1.2637277841567993,1.5566012859344482,1.4587098360061646,1.1358994245529175,1.3311655521392822,1.1659091711044312,0.3371305465698242,0.5931605696678162,0.6325457692146301,1.019657015800476,1.2703992128372192,1.603905439376831,1.8627680540084839,2.0646376609802246,2.4205379486083984,2.5364267826080322,2.8613922595977783,3.025834321975708,2.9762825965881348,3.322679281234741,3.437891960144043
B10,3.1870346069335938,2.9020745754241943,2.7765274047851562,2.3966119289398193,2.3177807331085205,2.01296329498291,1.8250105381011963,1.6934680938720703,1.4614624977111816,1.7436972856521606,1.65293288230896,1.874618411064148,2.003697633743286,2.315744638442993,2.464287042617798,2.1507818698883057,1.9885722398757935,1.6791030168533325,1.6041423082351685,1.340179681777954,1.1901806592941284,0.9157807230949402,0.5521305203437805,0.41141828894615173,0.0,0.38555869460105896,0.6025932431221008,0.7407481670379639,1.089967966079712,1.348901629447937,1.5495959520339966,1.5348256826400757,1.2795722484588623,1.5239742994308472,1.4296754598617554,1.656298041343689,1.5790736675262451,1.448809266090393,1.587782859802246,1.3068512678146362,1.594923496246338,1.5426914691925049,1.279186725616455,1.4444961547851562,1.3692734241485596,1.3423360586166382,1.2574293613433838,1.2108891010284424,1.4586329460144043,1.5253149271011353,1.87636399269104,1.883735179901123,1.7907605171203613,1.9136466979980469,1.6505677700042725,1.9200226068496704,1.7967031002044678,1.4361485242843628,1.5452524423599243,1.2816203832626343,0.2982536852359772,0.5763322114944458,0.829059898853302,1.1759244203567505,1.5100131034851074,1.8277757167816162,2.1338419914245605,2.3447659015655518,2.704951763153076,2.8543946743011475,3.1707358360290527,3.3303182125091553,3.3052968978881836,3.6609833240509033,3.794570207595825
B11,3.5499069690704346,3.273165464401245,3.153458595275879,2.7771999835968018,2.7000794410705566,2.3868746757507324,2.1899547576904297,2.040379762649536,1.7765709161758423,2.0269572734832764,1.8796676397323608,2.0896072387695312,2.250563144683838,2.5367987155914307,2.6983296871185303,2.4559690952301025,2.300544023513794,2.019279718399048,1.9386781454086304,1.692001223564148,1.4979304075241089,1.2256500720977783,0.8839352130889893,0.5935826897621155,0.38555869460105896,0.0,0.3878430724143982,0.7138238549232483,1.027854084968567,1.3662827014923096,1.8188190460205078,1.8356631994247437,1.5993503332138062,1.838112473487854,1.7119516134262085,1.883406400680542,1.743014931678772,1.5521599054336548,1.600171685218811,1.2537699937820435,1.4657440185546875,1.3735555410385132,1.1168509721755981,1.2156624794006348,1.1739224195480347,1.5282171964645386,1.5260510444641113,1.4601526260375977,1.7399353981018066,1.755531668663025,2.09775447845459,2.058619976043701,1.8996753692626953,1.9608020782470703,1.6498559713363647,1.8527084589004517,1.6750751733779907,1.2832738161087036,1.3009181022644043,0.9783920645713806,0.4742114245891571,0.8528403639793396,1.1100527048110962,1.4910775423049927,1.7986394166946411,2.141408681869507,2.420499563217163,2.642801523208618,2.9952709674835205,3.1247992515563965,3.444105386734009,3.615941286087036,3.569788694381714,3.9152767658233643,4.024867534637451
B12,3.555060863494873,3.3084051609039307,3.188739061355591,2.8340251445770264,2.773078203201294,2.437174081802368,2.2520768642425537,2.0389420986175537,1.7485936880111694,1.9332550764083862,1.7314101457595825,1.8939605951309204,2.0659663677215576,2.315537691116333,2.4849345684051514,2.3901174068450928,2.2856595516204834,2.0446789264678955,2.029024600982666,1.8390940427780151,1.6934664249420166,1.4799531698226929,1.093778133392334,0.8807607889175415,0.6025932431221008,0.3878430724143982,0.0,0.39415034651756287,0.6612076163291931,1.020899772644043,1.7251099348068237,1.823655605316162,1.6673784255981445,1.9638454914093018,1.9035100936889648,2.0934970378875732,1.9946590662002563,1.7642161846160889,1.8222416639328003,1.4707759618759155,1.641377568244934,1.4627302885055542,1.1357771158218384,1.131503701210022,0.9696909785270691,1.456845998764038,1.533913493156433,1.5613787174224854,1.8957089185714722,1.9692820310592651,2.337545871734619,2.3434340953826904,2.173527240753174,2.262097120285034,1.970312237739563,2.1608071327209473,1.9414434432983398,1.5519144535064697,1.5321993827819824,1.1870187520980835,0.8134846687316895,1.1534143686294556,1.4204305410385132,1.7781137228012085,2.101757287979126,2.4205470085144043,2.7156381607055664,2.9096157550811768,3.2748935222625732,3.3968594074249268,3.725820779800415,3.8707222938537598,3.814509391784668,4.16418981552124,4.26713752746582
B13,3.2918105125427246,3.072054386138916,2.9563302993774414,2.6256566047668457,2.5885894298553467,2.246729612350464,2.0903432369232178,1.828243374824524,1.5458102226257324,1.6777418851852417,1.4655795097351074,1.5727051496505737,1.7189536094665527,1.9469447135925293,2.1051580905914307,2.093189001083374,2.0351693630218506,1.827275276184082,1.8786402940750122,1.7469929456710815,1.6715792417526245,1.5273090600967407,1.1241685152053833,1.0364360809326172,0.7407481670379639,0.7138238549232483,0.39415034651756287,0.0,0.3879507780075073,0.6592221260070801,1.4266873598098755,1.5909687280654907,1.5139583349227905,1.859315037727356,1.8794094324111938,2.1071741580963135,2.0802762508392334,1.852805495262146,1.971084713935852,1.6591585874557495,1.8497796058654785,1.642824411392212,1.2716845273971558,1.2574334144592285,0.9861887097358704,1.2377102375030518,1.3475468158721924,1.4788466691970825,1.837674856185913,1.988076090812683,2.3764545917510986,2.4474844932556152,2.305199384689331,2.4517719745635986,2.2044339179992676,2.4267807006835938,2.2100372314453125,1.8395991325378418,1.8614630699157715,1.5438213348388672,1.0228384733200073,1.2943823337554932,1.5384315252304077,1.8495986461639404,2.182830333709717,2.460124969482422,2.7744319438934326,2.9303696155548096,3.3073570728302,3.428394079208374,3.7629048824310303,3.873284101486206,3.8178203105926514,4.174319267272949,4.283337593078613
