,A1,A2,A3,A4,A5,A6,A7,A8,A9,A10,A11,A12,A13,A14,A15,B1,B2,B3,B4,B5,B6,B7,B8,B9,B10,B11,B12,B13,B14,B15,C1,C2,C3,C4,C5,C6,C7,C8,C9,C10,C11,C12,C13,C14,C15,D1,D2,D3,D4,D5,D6,D7,D8,D9,D10,D11,D12,D13,D14,D15,E1,E2,E3,E4,E5,E6,E7,E8,E9,E10,E11,E12,E13,E14,E15
A1,0.0,0.3734652101993561,0.6162233352661133,0.9579558968544006,1.2640154361724854,1.5562620162963867,1.8257875442504883,2.066406488418579,2.3568074703216553,2.4532392024993896,2.7796053886413574,2.9470081329345703,3.2353501319885254,3.3121840953826904,3.323350429534912,1.7297106981277466,1.5451395511627197,1.1742044687271118,1.1647415161132812,1.4237618446350098,1.5717930793762207,1.9421473741531372,2.0954372882843018,2.439871311187744,2.6297953128814697,2.9085378646850586,3.1135363578796387,3.2966089248657227,3.3965775966644287,3.372835159301758,2.0684220790863037,2.1509737968444824,1.9917821884155273,1.9938946962356567,2.385221481323242,2.4980783462524414,2.701319694519043,2.920297384262085,3.1780364513397217,3.144117593765259,3.507660150527954,3.496124029159546,3.7305281162261963,3.7567238807678223,3.807584762573242,2.659358024597168,2.282317876815796,2.3096413612365723,2.1915364265441895,2.5455269813537598,2.5898563861846924,2.7860488891601562,2.921595573425293,3.198249101638794,3.1857051849365234,3.535245656967163,3.5264933109283447,3.8573060035705566,3.843430519104004,3.9379265308380127,2.4796924591064453,2.096323251724243,1.9463982582092285,1.6795127391815186,1.9651278257369995,1.9069656133651733,2.1284916400909424,2.1953186988830566,2.5629475116729736,2.7330172061920166,3.0718815326690674,3.243288993835449,3.6190009117126465,3.731947422027588,4.144687652587891
A2,0.3734652101993561,0.0,0.3902089297771454,0.6473621726036072,0.9463143348693848,1.2571345567703247,1.4887146949768066,1.7569835186004639,2.0317115783691406,2.1028008460998535,2.4335551261901855,2.586101770401001,2.880108118057251,2.951798677444458,2.975900411605835,1.4439377784729004,1.24561607837677,0.8535523414611816,0.7968165278434753,1.0520755052566528,1.218252182006836,1.5808812379837036,1.7586266994476318,2.0924742221832275,2.266716241836548,2.5444140434265137,2.7421088218688965,2.926713466644287,3.025932550430298,3.01067852973938,1.776275396347046,1.876440167427063,1.7353254556655884,1.7184231281280518,2.1129159927368164,2.223972797393799,2.394416332244873,2.6260690689086914,2.8621671199798584,2.8064286708831787,3.161918878555298,3.1360080242156982,3.3704938888549805,3.390460252761841,3.448840856552124,2.3798162937164307,2.0104124546051025,2.0524098873138428,1.921024203300476,2.2637393474578857,2.3078980445861816,2.4749488830566406,2.6222729682922363,2.8789217472076416,2.845430374145508,3.1875712871551514,3.1651453971862793,3.4943087100982666,3.474907636642456,3.5747156143188477,2.1607961654663086,1.7774648666381836,1.6293423175811768,1.3369694948196411,1.6208609342575073,1.5696415901184082,1.7729604244232178,1.8656200170516968,2.2302780151367188,2.3795855045318604,2.721909523010254,2.8806116580963135,3.2587826251983643,3.3652937412261963,3.776963233947754
A3,0.6162233352661133,0.3902089297771454,0.0,0.39302897453308105,0.6695327758789062,0.9475462436676025,1.2429810762405396,1.4733806848526,1.7573381662368774,1.8842782974243164,2.214075803756714,2.4130003452301025,2.708954334259033,2.8259406089782715,2.8677449226379395,1.4946417808532715,1.3657939434051514,0.9566619992256165,0.8004879951477051,1.0017940998077393,1.0427051782608032,1.4240117073059082,1.5203847885131836,1.877082347869873,2.098850727081299,2.365394353866577,2.6081814765930176,2.8009066581726074,2.94551944732666,2.9559223651885986,1.960884928703308,2.092696189880371,1.9699243307113647,1.9046671390533447,2.286343812942505,2.3533847332000732,2.476545572280884,2.6827704906463623,2.9006407260894775,2.831585645675659,3.1644256114959717,3.1155881881713867,3.370100259780884,3.3728673458099365,3.4662082195281982,2.579409599304199,2.225808620452881,2.269157648086548,2.0968620777130127,2.404604911804199,2.402637243270874,2.5242221355438232,2.634512424468994,2.8717923164367676,2.8338725566864014,3.1493968963623047,3.1183624267578125,3.4596426486968994,3.436237335205078,3.57200288772583,2.3008792400360107,1.925931453704834,1.7790377140045166,1.4280872344970703,1.6506855487823486,1.5230944156646729,1.6666221618652344,1.7008731365203857,2.079315662384033,2.2445240020751953,2.552905321121216,2.7228970527648926,3.08819842338562,3.199998617172241,3.614649534225464
A4,0.9579558968544006,0.6473621726036072,0.39302897453308105,0.0,0.38758933544158936,0.6199910640716553,0.8756890892982483,1.113207459449768,1.4027035236358643,1.5121906995773315,1.832425832748413,2.0304038524627686,2.319204807281494,2.4389617443084717,2.4804599285125732,1.2232537269592285,1.1413555145263672,0.7591701745986938,0.5470112562179565,0.7384802103042603,0.7563365697860718,1.1154775619506836,1.2212698459625244,1.5645496845245361,1.7684935331344604,2.0088021755218506,2.251140594482422,2.4271538257598877,2.580825090408325,2.588446855545044,1.7708346843719482,1.9474736452102661,1.8818742036819458,1.8159912824630737,2.1859655380249023,2.2594780921936035,2.325113296508789,2.55118989944458,2.7245516777038574,2.610781669616699,2.920048475265503,2.832455635070801,3.077577829360962,3.052915096282959,3.1506993770599365,2.4150404930114746,2.091097354888916,2.1753079891204834,2.009453058242798,2.291943073272705,2.298341751098633,2.366396427154541,2.4953746795654297,2.6899120807647705,2.608760356903076,2.901207685470581,2.8328864574432373,3.164340019226074,3.115952491760254,3.2560653686523438,2.084368944168091,1.7188304662704468,1.6145899295806885,1.2503834962844849,1.4567846059799194,1.3423566818237305,1.4094923734664917,1.4824808835983276,1.8520995378494263,1.9696710109710693,2.2676806449890137,2.4028279781341553,2.768063545227051,2.854154348373413,3.2658541202545166
A5,1.2640154361724854,0.9463143348693848,0.6695327758789062,0.38758933544158936,0.0,0.3808204233646393,0.6147716641426086,0.9003299474716187,1.1228363513946533,1.2449913024902344,1.5946753025054932,1.8006447553634644,2.11816143989563,2.2659690380096436,2.363504648208618,1.3955726623535156,1.3134899139404297,0.9801409840583801,0.6613764762878418,0.6281247138977051,0.45201608538627625,0.813210666179657,0.8568978905677795,1.2150461673736572,1.4566694498062134,1.718985915184021,1.9908344745635986,2.2049524784088135,2.388340473175049,2.4507272243499756,1.8476457595825195,2.003819227218628,1.9224343299865723,1.7858861684799194,2.1191492080688477,2.133805274963379,2.1551101207733154,2.3434698581695557,2.502211093902588,2.392753839492798,2.6825389862060547,2.5969648361206055,2.869126558303833,2.8547911643981934,2.995473861694336,2.423251152038574,2.1196353435516357,2.16923189163208,1.9516208171844482,2.1821398735046387,2.1346895694732666,2.160933256149292,2.2485649585723877,2.4264276027679443,2.354522466659546,2.6260764598846436,2.5715725421905518,2.9180147647857666,2.890836000442505,3.0689003467559814,2.055752754211426,1.7300236225128174,1.5897910594940186,1.1890889406204224,1.2912068367004395,1.097126841545105,1.114696741104126,1.1300275325775146,1.5018244981765747,1.6411747932434082,1.9195349216461182,2.0817761421203613,2.438002109527588,2.5511505603790283,2.9661130905151367
A6,1.5562620162963867,1.2571345567703247,0.9475462436676025,0.6199910640716553,0.3808204233646393,0.0,0.3925577998161316,0.549268364906311,0.8203442096710205,1.0156466960906982,1.327235460281372,1.5903629064559937,1.881017804145813,2.0718021392822266,2.162015199661255,1.4178073406219482,1.4331263303756714,1.1582872867584229,0.8894441723823547,0.8560593128204346,0.6078335046768188,0.8405483365058899,0.763548731803894,1.1014655828475952,1.3615580797195435,1.5567185878753662,1.8635374307632446,2.0470728874206543,2.271881103515625,2.333055257797241,2.011751890182495,2.2132928371429443,2.186361074447632,2.0618093013763428,2.376276969909668,2.38991379737854,2.358668088912964,2.5463390350341797,2.659191846847534,2.509373903274536,2.7578914165496826,2.6229891777038574,2.885632038116455,2.8288207054138184,2.982649087905884,2.610766649246216,2.3408100605010986,2.4275765419006348,2.2231738567352295,2.4256417751312256,2.3760159015655518,2.3488707542419434,2.4312028884887695,2.5607552528381348,2.4521236419677734,2.678844690322876,2.5821306705474854,2.9150400161743164,2.8549931049346924,3.0493967533111572,2.2046022415161133,1.8982212543487549,1.8137327432632446,1.4296396970748901,1.4985004663467407,1.3053523302078247,1.2073490619659424,1.206409215927124,1.5454291105270386,1.639388918876648,1.8591541051864624,1.983803391456604,2.318167209625244,2.3991994857788086,2.806323766708374
A7,1.8257875442504883,1.4887146949768066,1.2429810762405396,0.8756890892982483,0.6147716641426086,0.3925577998161316,0.0,0.3900350034236908,0.553947925567627,0.6471627354621887,0.9813462495803833,1.2104544639587402,1.516855001449585,1.6962145566940308,1.8124897480010986,1.3272030353546143,1.3558534383773804,1.1766774654388428,0.9119369983673096,0.7781749367713928,0.5278022289276123,0.5729506015777588,0.5379468202590942,0.8021354079246521,1.0068328380584717,1.1814861297607422,1.475617527961731,1.655985951423645,1.8814785480499268,1.956472635269165,1.8425341844558716,2.0540616512298584,2.068126678466797,1.9382821321487427,2.2154083251953125,2.229687213897705,2.1428160667419434,2.342862367630005,2.4074666500091553,2.2186379432678223,2.439417839050293,2.273679494857788,2.5256152153015137,2.452192544937134,2.61309814453125,2.400463819503784,2.1728973388671875,2.279010057449341,2.0847036838531494,2.2465171813964844,2.206240177154541,2.1273691654205322,2.230053186416626,2.3118207454681396,2.1610820293426514,2.363003730773926,2.2332963943481445,2.553295850753784,2.4767494201660156,2.674229621887207,1.963089942932129,1.6995139122009277,1.6479942798614502,1.2938836812973022,1.3117114305496216,1.1576130390167236,0.9640529751777649,1.0341413021087646,1.3231121301651,1.3405296802520752,1.555728554725647,1.6344636678695679,1.9753994941711426,2.0330355167388916,2.439455509185791
A8,2.066406488418579,1.7569835186004639,1.4733806848526,1.113207459449768,0.9003299474716187,0.549268364906311,0.3900350034236908,0.0,0.3771831691265106,0.6282459497451782,0.8427666425704956,1.1656590700149536,1.4101269245147705,1.6494418382644653,1.7417405843734741,1.4828221797943115,1.5979418754577637,1.445736289024353,1.2337820529937744,1.1573768854141235,0.910790205001831,0.9153720140457153,0.758987545967102,0.9457523822784424,1.1541746854782104,1.2187343835830688,1.5434012413024902,1.6701403856277466,1.940642237663269,2.0040526390075684,2.135106325149536,2.379254102706909,2.427279472351074,2.315006732940674,2.585568904876709,2.6012425422668457,2.4903886318206787,2.6828839778900146,2.71875,2.5069198608398438,2.6882216930389404,2.4826316833496094,2.7182538509368896,2.6020219326019287,2.7695229053497314,2.716042995452881,2.509943723678589,2.6420083045959473,2.461479425430298,2.6123969554901123,2.5703940391540527,2.464599847793579,2.555091381072998,2.604581832885742,2.4338855743408203,2.591209650039673,2.427671432495117,2.726041078567505,2.6165544986724854,2.82511043548584,2.26560115814209,2.0141923427581787,2.004183769226074,1.6684784889221191,1.6829825639724731,1.5277687311172485,1.2919656038284302,1.320006012916565,1.5667450428009033,1.555425763130188,1.69045889377594,1.727797031402588,2.025324583053589,2.0427818298339844,2.4290106296539307
A9,2.3568074703216553,2.0317115783691406,1.7573381662368774,1.4027035236358643,1.1228363513946533,0.8203442096710205,0.553947925567627,0.3771831691265106,0.0,0.3751644194126129,0.5896729230880737,0.9223148226737976,1.1939702033996582,1.466634750366211,1.633455514907837,1.7185734510421753,1.8115626573562622,1.695422649383545,1.455024242401123,1.2862650156021118,0.9997493624687195,0.866076648235321,0.6277838349342346,0.677384078502655,0.8818975687026978,0.9079983830451965,1.2683165073394775,1.4254869222640991,1.7314904928207397,1.8585762977600098,2.2378034591674805,2.458293914794922,2.5039846897125244,2.3534812927246094,2.5762343406677246,2.5521066188812256,2.3919930458068848,2.551105499267578,2.550297498703003,2.3306801319122314,2.4702248573303223,2.2530665397644043,2.5005621910095215,2.384967088699341,2.593034505844116,2.736067533493042,2.5632171630859375,2.6731162071228027,2.4710264205932617,2.566596746444702,2.4921698570251465,2.3368749618530273,2.3973565101623535,2.4046199321746826,2.226228713989258,2.339254379272461,2.172192096710205,2.4681284427642822,2.3700993061065674,2.613917112350464,2.270297050476074,2.073883295059204,2.051588296890259,1.731935977935791,1.661929965019226,1.487528920173645,1.1813002824783325,1.176060438156128,1.3474111557006836,1.301107406616211,1.372747778892517,1.3992292881011963,1.67276930809021,1.7000664472579956,2.084739923477173
A10,2.4532392024993896,2.1028008460998535,1.8842782974243164,1.5121906995773315,1.2449913024902344,1.0156466960906982,0.6471627354621887,0.6282459497451782,0.3751644194126129,0.0,0.38517671823501587,0.6006654500961304,0.9266039729118347,1.1519813537597656,1.35223388671875,1.6099333763122559,1.6876240968704224,1.6438037157058716,1.4237438440322876,1.2164685726165771,1.0014152526855469,0.7524437308311462,0.6607479453086853,0.5675002336502075,0.6066192984580994,0.594724714756012,0.9189702868461609,1.078346610069275,1.3669558763504028,1.5040512084960938,2.0059194564819336,2.222186803817749,2.2986865043640137,2.156416654586792,2.345721960067749,2.3354599475860596,2.141228675842285,2.3218042850494385,2.283137798309326,2.0294439792633057,2.152650833129883,1.911433219909668,2.1413679122924805,2.0155739784240723,2.218099594116211,2.452314853668213,2.3168528079986572,2.441577434539795,2.2613437175750732,2.329017162322998,2.2790427207946777,2.093859910964966,2.189918041229248,2.1617019176483154,1.9420830011367798,2.0452756881713867,1.8447496891021729,2.1256072521209717,2.010441303253174,2.2431271076202393,1.9782696962356567,1.825332522392273,1.8324333429336548,1.5626713037490845,1.4675406217575073,1.3604224920272827,1.0134960412979126,1.110567331314087,1.2228143215179443,1.0814262628555298,1.1766935586929321,1.1341097354888916,1.436867356300354,1.432620882987976,1.8254607915878296
A11,2.7796053886413574,2.4335551261901855,2.214075803756714,1.832425832748413,1.5946753025054932,1.327235460281372,0.9813462495803833,0.8427666425704956,0.5896729230880737,0.38517671823501587,0.0,0.3899379074573517,0.6056185364723206,0.9034745097160339,1.1011027097702026,1.7684143781661987,1.905685544013977,1.9155564308166504,1.7405455112457275,1.5666594505310059,1.3791489601135254,1.1275078058242798,1.0298641920089722,0.8741806745529175,0.8233681321144104,0.6040587425231934,0.8723045587539673,0.9119346141815186,1.2413498163223267,1.3628063201904297,2.208888530731201,2.4503390789031982,2.5739293098449707,2.4576399326324463,2.6252174377441406,2.6285054683685303,2.4023122787475586,2.5862417221069336,2.5001749992370605,2.2109506130218506,2.2767293453216553,1.9827873706817627,2.167858839035034,1.9836108684539795,2.1817352771759033,2.6431849002838135,2.5507073402404785,2.70816969871521,2.557694673538208,2.6047444343566895,2.5714640617370605,2.353943347930908,2.458418130874634,2.3809814453125,2.1241910457611084,2.168076992034912,1.913108468055725,2.1412317752838135,1.973503828048706,2.202510356903076,2.1648905277252197,2.0479254722595215,2.1089887619018555,1.881521224975586,1.7899093627929688,1.7177780866622925,1.3560688495635986,1.4589537382125854,1.5120805501937866,1.311029314994812,1.3185229301452637,1.1735914945602417,1.4047743082046509,1.3083362579345703,1.6587855815887451
A12,2.9470081329345703,2.586101770401001,2.4130003452301025,2.0304038524627686,1.8006447553634644,1.5903629064559937,1.2104544639587402,1.1656590700149536,0.9223148226737976,0.6006654500961304,0.3899379074573517,0.0,0.37833285331726074,0.5825712084770203,0.8680166006088257,1.8022797107696533,1.915005087852478,1.990573763847351,1.8372061252593994,1.6366220712661743,1.5113613605499268,1.2003692388534546,1.2013988494873047,0.9707238078117371,0.7589989900588989,0.44795700907707214,0.5439801812171936,0.5253651738166809,0.8528203368186951,1.0071378946304321,2.0809197425842285,2.305983781814575,2.4583513736724854,2.3503165245056152,2.470118284225464,2.482245922088623,2.2195169925689697,2.414241313934326,2.280925989151001,1.9582332372665405,1.987085223197937,1.660732626914978,1.8125556707382202,1.6061034202575684,1.8027175664901733,2.4297432899475098,2.3884875774383545,2.554574966430664,2.429701328277588,2.437384843826294,2.4264514446258545,2.1766512393951416,2.3100249767303467,2.1876471042633057,1.8896046876907349,1.9044004678726196,1.6064931154251099,1.798990249633789,1.6028004884719849,1.8210011720657349,1.9565509557724,1.9053726196289062,1.9958449602127075,1.835145115852356,1.7155503034591675,1.7097910642623901,1.3401951789855957,1.511725902557373,1.496713399887085,1.2126317024230957,1.219374418258667,0.97981858253479,1.2099021673202515,1.055070161819458,1.3969911336898804
A13,3.2353501319885254,2.880108118057251,2.708954334259033,2.319204807281494,2.11816143989563,1.881017804145813,1.516855001449585,1.4101269245147705,1.1939702033996582,0.9266039729118347,0.6056185364723206,0.37833285331726074,0.0,0.3690148591995239,0.6224237084388733,1.9596538543701172,2.1228504180908203,2.2398841381073,2.1280863285064697,1.9653370380401611,1.8597862720489502,1.56660795211792,1.5608696937561035,1.3366795778274536,1.1277587413787842,0.7812374830245972,0.7681005001068115,0.5447533130645752,0.8434320092201233,0.9250745177268982,2.2856462001800537,2.5343470573425293,2.729342460632324,2.6546471118927,2.764552354812622,2.799130916595459,2.5245254039764404,2.7288708686828613,2.5650527477264404,2.2194178104400635,2.204796314239502,1.8417922258377075,1.9301121234893799,1.6632798910140991,1.8273121118545532,2.6314139366149902,2.6261720657348633,2.826047658920288,2.7354848384857178,2.7380917072296143,2.751093864440918,2.4898569583892822,2.637239933013916,2.4859166145324707,2.16412615776062,2.137044906616211,1.7984317541122437,1.9226595163345337,1.6681404113769531,1.8540672063827515,2.169633150100708,2.141741991043091,2.2813732624053955,2.1540188789367676,2.0572824478149414,2.077852725982666,1.7134156227111816,1.8889894485473633,1.8606367111206055,1.5606333017349243,1.5236358642578125,1.2301071882247925,1.3759915828704834,1.1253066062927246,1.3791831731796265
A14,3.3121840953826904,2.951798677444458,2.8259406089782715,2.4389617443084717,2.2659690380096436,2.0718021392822266,1.6962145566940308,1.6494418382644653,1.466634750366211,1.1519813537597656,0.9034745097160339,0.5825712084770203,0.3690148591995239,0.0,0.392472505569458,1.9163719415664673,2.066720485687256,2.2447681427001953,2.171071767807007,2.0168051719665527,1.9778337478637695,1.6760977506637573,1.752459168434143,1.5265684127807617,1.2532742023468018,0.9417062401771545,0.7728154063224792,0.4311492443084717,0.5710526704788208,0.5675981640815735,2.1237077713012695,2.3675105571746826,2.599972724914551,2.557374954223633,2.638693332672119,2.7049918174743652,2.4212100505828857,2.6531076431274414,2.4626214504241943,2.0914220809936523,2.0620179176330566,1.6785506010055542,1.7054723501205444,1.4050037860870361,1.5172497034072876,2.412848711013794,2.4533796310424805,2.6774909496307373,2.6300840377807617,2.6194214820861816,2.6742990016937256,2.4094157218933105,2.6001954078674316,2.4299933910369873,2.077345371246338,2.0484459400177,1.676161527633667,1.7495810985565186,1.4497463703155518,1.5759694576263428,1.9717772006988525,1.992488145828247,2.175705671310425,2.1151115894317627,2.031095027923584,2.119922161102295,1.7795164585113525,2.016601800918579,1.972010850906372,1.6371216773986816,1.639930248260498,1.3112355470657349,1.4638959169387817,1.1818352937698364,1.3971614837646484
A15,3.323350429534912,2.975900411605835,2.8677449226379395,2.4804599285125732,2.363504648208618,2.162015199661255,1.8124897480010986,1.7417405843734741,1.633455514907837,1.35223388671875,1.1011027097702026,0.8680166006088257,0.6224237084388733,0.392472505569458,0.0,1.7977346181869507,2.0018091201782227,2.2210230827331543,2.2077174186706543,2.119612455368042,2.123884439468384,1.8697768449783325,1.9717680215835571,1.8004385232925415,1.5575679540634155,1.2775616645812988,1.1395487785339355,0.8120840787887573,0.8493560552597046,0.6402732133865356,2.1008262634277344,2.3846752643585205,2.6607933044433594,2.674264907836914,2.782454490661621,2.8980937004089355,2.6428918838500977,2.9122471809387207,2.7361013889312744,2.3583614826202393,2.3530642986297607,1.9717389345169067,1.9577460289001465,1.6384596824645996,1.6655049324035645,2.4524080753326416,2.4984240531921387,2.771171808242798,2.7690041065216064,2.79689621925354,2.8954997062683105,2.660451650619507,2.886234998703003,2.7368483543395996,2.378687858581543,2.3779773712158203,2.0005640983581543,2.052842378616333,1.7266161441802979,1.7802735567092896,2.030489683151245,2.0281906127929688,2.2662460803985596,2.2270498275756836,2.2093567848205566,2.330162286758423,2.017578363418579,2.280930995941162,2.2816450595855713,1.9633381366729736,2.0033581256866455,1.6912438869476318,1.8561738729476929,1.5699801445007324,1.7592612504959106
B1,1.7297106981277466,1.4439377784729004,1.4946417808532715,1.2232537269592285,1.3955726623535156,1.4178073406219482,1.3272030353546143,1.4828221797943115,1.7185734510421753,1.6099333763122559,1.7684143781661987,1.8022797107696533,1.9596538543701172,1.9163719415664673,1.7977346181869507,0.0,0.3803296387195587,0.6295715570449829,0.8847578167915344,1.1314207315444946,1.3903086185455322,1.4839656352996826,1.760801076889038,1.921424388885498,1.8930810689926147,1.9852073192596436,2.047062873840332,2.050569772720337,2.068697929382324,1.8960493803024292,1.0633881092071533,1.412112832069397,1.6191842555999756,1.7684582471847534,2.0892019271850586,2.329387664794922,2.328611373901367,2.6837167739868164,2.739755630493164,2.498575448989868,2.759918451309204,2.575528860092163,2.678804636001587,2.561642646789551,2.519455909729004,1.8327361345291138,1.631808876991272,1.9327536821365356,1.9776887893676758,2.251302719116211,2.434006452560425,2.4457318782806396,2.731250047683716,2.821678400039673,2.5991551876068115,2.858142614364624,2.657589912414551,2.877183675765991,2.7083001136779785,2.716825485229492,1.5139148235321045,1.1831943988800049,1.3883116245269775,1.2920458316802979,1.5955997705459595,1.7623400688171387,1.7324219942092896,2.0367183685302734,2.2899296283721924,2.1961147785186768,2.4987952709198,2.4468154907226562,2.8070225715637207,2.7465219497680664,3.102715015411377
B2,1.5451395511627197,1.24561607837677,1.3657939434051514,1.1413555145263672,1.3134899139404297,1.4331263303756714,1.3558534383773804,1.5979418754577637,1.8115626573562622,1.6876240968704224,1.905685544013977,1.915005087852478,2.1228504180908203,2.066720485687256,2.0018091201782227,0.3803296387195587,0.0,0.4099993109703064,0.6910704970359802,0.9357784390449524,1.2700790166854858,1.3888391256332397,1.7180415391921997,1.8924018144607544,1.8647289276123047,2.0210726261138916,2.072482109069824,2.12986421585083,2.125514268875122,1.9915268421173096,0.7943249940872192,1.101444959640503,1.2627924680709839,1.4181098937988281,1.7568528652191162,2.0079848766326904,2.0490448474884033,2.4072422981262207,2.49776554107666,2.292994260787964,2.5905814170837402,2.4568419456481934,2.5787012577056885,2.5136494636535645,2.4753243923187256,1.567171335220337,1.3172999620437622,1.5919486284255981,1.6352020502090454,1.9347035884857178,2.128509283065796,2.181835174560547,2.4749677181243896,2.5994160175323486,2.4087226390838623,2.7042603492736816,2.5477535724639893,2.78550386428833,2.659950017929077,2.6665687561035156,1.2804722785949707,0.9081798195838928,1.0664732456207275,0.9878906011581421,1.3353302478790283,1.5343910455703735,1.5782229900360107,1.8954987525939941,2.1540019512176514,2.0905449390411377,2.431600570678711,2.418867826461792,2.7950642108917236,2.7761664390563965,3.143798351287842
B3,1.1742044687271118,0.8535523414611816,0.9566619992256165,0.7591701745986938,0.9801409840583801,1.1582872867584229,1.1766774654388428,1.445736289024353,1.695422649383545,1.6438037157058716,1.9155564308166504,1.990573763847351,2.2398841381073,2.2447681427001953,2.2210230827331543,0.6295715570449829,0.4099993109703064,0.0,0.3649381697177887,0.7186413407325745,1.032678246498108,1.253528118133545,1.5438884496688843,1.7858184576034546,1.8378528356552124,2.042860507965088,2.162630081176758,2.2734994888305664,2.3229310512542725,2.2433419227600098,1.0854132175445557,1.3151174783706665,1.3548851013183594,1.4317357540130615,1.8088438510894775,2.0059609413146973,2.0805704593658447,2.3995072841644287,2.537672281265259,2.376715898513794,2.6960864067077637,2.5925452709198,2.7651915550231934,2.726783514022827,2.736816644668579,1.8087537288665771,1.5029966831207275,1.6921343803405762,1.6545623540878296,1.9739779233932495,2.108335494995117,2.1899430751800537,2.4330079555511475,2.5999655723571777,2.4573028087615967,2.76918363571167,2.6549665927886963,2.934274673461914,2.845323324203491,2.8984525203704834,1.5199543237686157,1.1274080276489258,1.1477992534637451,0.9362272620201111,1.282615065574646,1.3887240886688232,1.4749690294265747,1.7272897958755493,2.0353195667266846,2.0430009365081787,2.388791561126709,2.437269449234009,2.8205044269561768,2.8465640544891357,3.2370619773864746
B4,1.1647415161132812,0.7968165278434753,0.8004879951477051,0.5470112562179565,0.6613764762878418,0.8894441723823547,0.9119369983673096,1.2337820529937744,1.455024242401123,1.4237438440322876,1.7405455112457275,1.8372061252593994,2.1280863285064697,2.171071767807007,2.2077174186706543,0.8847578167915344,0.6910704970359802,0.3649381697177887,0.0,0.3883148431777954,0.6804803013801575,0.9420149326324463,1.2195746898651123,1.4855996370315552,1.5789275169372559,1.8243688344955444,1.9835960865020752,2.145822525024414,2.2324864864349365,2.215449571609497,1.2299816608428955,1.410644292831421,1.3825182914733887,1.3545409440994263,1.7237468957901,1.8528553247451782,1.9102033376693726,2.1911168098449707,2.341510057449341,2.2011797428131104,2.5216994285583496,2.4343128204345703,2.6488516330718994,2.632133960723877,2.693023204803467,1.8736716508865356,1.5603126287460327,1.6813069581985474,1.559815764427185,1.8506083488464355,1.9209721088409424,1.9870373010635376,2.1863012313842773,2.362729549407959,2.2454617023468018,2.555866003036499,2.4698352813720703,2.7790212631225586,2.721946954727173,2.8204336166381836,1.5445165634155273,1.1732144355773926,1.0983306169509888,0.7754060626029968,1.0568411350250244,1.0822616815567017,1.1707675457000732,1.3848069906234741,1.711060643196106,1.7571150064468384,2.1018993854522705,2.1916966438293457,2.5757229328155518,2.639230489730835,3.042494058609009
B5,1.4237618446350098,1.0520755052566528,1.0017940998077393,0.7384802103042603,0.6281247138977051,0.8560593128204346,0.7781749367713928,1.1573768854141235,1.2862650156021118,1.2164685726165771,1.5666594505310059,1.6366220712661743,1.9653370380401611,2.0168051719665527,2.119612455368042,1.1314207315444946,0.9357784390449524,0.7186413407325745,0.3883148431777954,0.0,0.39444100856781006,0.6023450493812561,0.928083598613739,1.1679723262786865,1.2566354274749756,1.5459121465682983,1.709534764289856,1.9222335815429688,2.0207786560058594,2.0664656162261963,1.272684097290039,1.4026706218719482,1.3380537033081055,1.210580825805664,1.5378680229187012,1.602513074874878,1.616986870765686,1.8691915273666382,2.0112643241882324,1.8790805339813232,2.194688081741333,2.1224241256713867,2.3686516284942627,2.3776121139526367,2.481236696243286,1.7995710372924805,1.5071287155151367,1.5722057819366455,1.3823044300079346,1.6172490119934082,1.6342202425003052,1.6635183095932007,1.8357762098312378,2.0032193660736084,1.8960907459259033,2.202526330947876,2.139227867126465,2.4683430194854736,2.4432339668273926,2.575995683670044,1.433361530303955,1.1169373989105225,0.9692068696022034,0.5773230195045471,0.737234890460968,0.7098453044891357,0.7866305112838745,1.0122495889663696,1.328048586845398,1.3839954137802124,1.7388778924942017,1.8553804159164429,2.2407073974609375,2.336798906326294,2.744546890258789
B6,1.5717930793762207,1.218252182006836,1.0427051782608032,0.7563365697860718,0.45201608538627625,0.6078335046768188,0.5278022289276123,0.910790205001831,0.9997493624687195,1.0014152526855469,1.3791489601135254,1.5113613605499268,1.8597862720489502,1.9778337478637695,2.123884439468384,1.3903086185455322,1.2700790166854858,1.032678246498108,0.6804803013801575,0.39444100856781006,0.0,0.3850557804107666,0.574148952960968,0.877926766872406,1.0671600103378296,1.3704169988632202,1.6107966899871826,1.8576056957244873,2.022498369216919,2.122147798538208,1.6370353698730469,1.7668063640594482,1.691440463066101,1.5091688632965088,1.797033667564392,1.7866899967193604,1.7567578554153442,1.9453588724136353,2.0748493671417236,1.9505447149276733,2.232306480407715,2.149250030517578,2.4299497604370117,2.4324393272399902,2.59016489982605,2.12467885017395,1.854114294052124,1.8879424333572388,1.6490240097045898,1.8286570310592651,1.7682878971099854,1.7499090433120728,1.8467943668365479,1.9971023797988892,1.9074605703353882,2.17590594291687,2.1227667331695557,2.4726407527923584,2.4609501361846924,2.6478214263916016,1.7310924530029297,1.456024169921875,1.2970706224441528,0.8969231247901917,0.9032920002937317,0.7031027674674988,0.6676509976387024,0.7568117380142212,1.1091004610061646,1.2151068449020386,1.5246455669403076,1.6827703714370728,2.0523035526275635,2.1768083572387695,2.5927481651306152
B7,1.9421473741531372,1.5808812379837036,1.4240117073059082,1.1154775619506836,0.813210666179657,0.8405483365058899,0.5729506015777588,0.9153720140457153,0.866076648235321,0.7524437308311462,1.1275078058242798,1.2003692388534546,1.56660795211792,1.6760977506637573,1.8697768449783325,1.4839656352996826,1.3888391256332397,1.253528118133545,0.9420149326324463,0.6023450493812561,0.3850557804107666,0.0,0.4113805592060089,0.5687406063079834,0.6903702616691589,1.0107054710388184,1.238342046737671,1.508852243423462,1.680121898651123,1.8217544555664062,1.6299313306808472,1.7576594352722168,1.7215574979782104,1.5178167819976807,1.7397650480270386,1.7051703929901123,1.5922428369522095,1.7736836671829224,1.8410673141479492,1.6760071516036987,1.919330358505249,1.8063691854476929,2.091989040374756,2.0859735012054443,2.2712433338165283,2.0372540950775146,1.823912262916565,1.8642406463623047,1.624619960784912,1.732316493988037,1.6590486764907837,1.560876727104187,1.6590088605880737,1.7455341815948486,1.6132755279541016,1.846431851387024,1.7670845985412598,2.114426374435425,2.099376916885376,2.3076391220092773,1.607652187347412,1.4047602415084839,1.2740669250488281,0.9287350177764893,0.8106958270072937,0.6357460021972656,0.3927075266838074,0.5745254158973694,0.8451725244522095,0.8664261102676392,1.1747902631759644,1.304448127746582,1.6792912483215332,1.7990142107009888,2.214210271835327
B8,2.0954372882843018,1.7586266994476318,1.5203847885131836,1.2212698459625244,0.8568978905677795,0.763548731803894,0.5379468202590942,0.758987545967102,0.6277838349342346,0.6607479453086853,1.0298641920089722,1.2013988494873047,1.5608696937561035,1.752459168434143,1.9717680215835571,1.760801076889038,1.7180415391921997,1.5438884496688843,1.2195746898651123,0.928083598613739,0.574148952960968,0.4113805592060089,0.0,0.37273165583610535,0.6970392465591431,0.9763935208320618,1.3021005392074585,1.5831806659698486,1.8273049592971802,2.006509780883789,2.031481981277466,2.168541669845581,2.1232619285583496,1.9016525745391846,2.1121602058410645,2.0332419872283936,1.904976725578308,2.025717258453369,2.0843193531036377,1.935481309890747,2.1345062255859375,2.0105671882629395,2.314582586288452,2.2938292026519775,2.5206596851348877,2.442990779876709,2.234062433242798,2.2597289085388184,1.9969946146011353,2.0813803672790527,1.955991506576538,1.8344396352767944,1.8571841716766357,1.9259482622146606,1.8191732168197632,1.9980878829956055,1.9277805089950562,2.279547691345215,2.270983934402466,2.5248570442199707,2.0082573890686035,1.8136935234069824,1.6816585063934326,1.3248040676116943,1.1835877895355225,0.9211949110031128,0.6566386818885803,0.5690898895263672,0.8272733688354492,0.9111964702606201,1.1034619808197021,1.276940107345581,1.608184814453125,1.7528637647628784,2.166459083557129
B9,2.439871311187744,2.0924742221832275,1.877082347869873,1.5645496845245361,1.2150461673736572,1.1014655828475952,0.8021354079246521,0.9457523822784424,0.677384078502655,0.5675002336502075,0.8741806745529175,0.9707238078117371,1.3366795778274536,1.5265684127807617,1.8004385232925415,1.921424388885498,1.8924018144607544,1.7858184576034546,1.4855996370315552,1.1679723262786865,0.877926766872406,0.5687406063079834,0.37273165583610535,0.0,0.37771254777908325,0.6543938517570496,0.9876270890235901,1.2985222339630127,1.5592070817947388,1.7910515069961548,2.1035544872283936,2.23278546333313,2.2163169384002686,1.9842255115509033,2.1347036361694336,2.0349819660186768,1.8384877443313599,1.9390770196914673,1.9329935312271118,1.7520543336868286,1.893609881401062,1.739336371421814,2.044562578201294,2.0141067504882812,2.27392840385437,2.4349801540374756,2.2788658142089844,2.306464910507202,2.049970865249634,2.070573091506958,1.9344806671142578,1.7434899806976318,1.7557965517044067,1.7525498867034912,1.6092723608016968,1.7297035455703735,1.633817195892334,1.9753284454345703,1.966467261314392,2.248389720916748,1.9867764711380005,1.8604639768600464,1.7535101175308228,1.4532723426818848,1.241450309753418,1.02420175075531,0.663608968257904,0.6102680563926697,0.6820939779281616,0.6440939903259277,0.7670309543609619,0.9108810424804688,1.2367560863494873,1.3850913047790527,1.798059105873108
B10,2.6297953128814697,2.266716241836548,2.098850727081299,1.7684935331344604,1.4566694498062134,1.3615580797195435,1.0068328380584717,1.1541746854782104,0.8818975687026978,0.6066192984580994,0.8233681321144104,0.7589989900588989,1.1277587413787842,1.2532742023468018,1.5575679540634155,1.8930810689926147,1.8647289276123047,1.8378528356552124,1.5789275169372559,1.2566354274749756,1.0671600103378296,0.6903702616691589,0.6970392465591431,0.37771254777908325,0.0,0.3878672420978546,0.6351696848869324,0.9723372459411621,1.2037614583969116,1.4607810974121094,1.9604288339614868,2.086574077606201,2.1141109466552734,1.900068759918213,2.0033295154571533,1.9230602979660034,1.673775315284729,1.8008047342300415,1.7305985689163208,1.4932878017425537,1.598415732383728,1.399334192276001,1.685637354850769,1.6387749910354614,1.9017106294631958,2.2235097885131836,2.120771646499634,2.1709628105163574,1.948614478111267,1.928606390953064,1.8265461921691895,1.5863443613052368,1.6466879844665527,1.5793893337249756,1.3669987916946411,1.4580284357070923,1.30442476272583,1.6275209188461304,1.5954564809799194,1.8733278512954712,1.7683416604995728,1.7050029039382935,1.6424798965454102,1.4177136421203613,1.1808559894561768,1.071958065032959,0.6796829104423523,0.7914246916770935,0.7392709255218506,0.4932411015033722,0.6305792331695557,0.6384645104408264,1.006935954093933,1.1108697652816772,1.527069091796875
B11,2.9085378646850586,2.5444140434265137,2.365394353866577,2.0088021755218506,1.718985915184021,1.5567185878753662,1.1814861297607422,1.2187343835830688,0.9079983830451965,0.594724714756012,0.6040587425231934,0.44795700907707214,0.7812374830245972,0.9417062401771545,1.2775616645812988,1.9852073192596436,2.0210726261138916,2.042860507965088,1.8243688344955444,1.5459121465682983,1.3704169988632202,1.0107054710388184,0.9763935208320618,0.6543938517570496,0.3878672420978546,0.0,0.3940868079662323,0.6674623489379883,0.9744468331336975,1.2458224296569824,2.1262521743774414,2.289921998977661,2.374652147293091,2.198523998260498,2.288370370864868,2.234236717224121,1.956198811531067,2.093935251235962,1.9685657024383545,1.68465256690979,1.715579628944397,1.4393943548202515,1.6695311069488525,1.5449005365371704,1.8112400770187378,2.395677328109741,2.3369243144989014,2.4321987628936768,2.249411106109619,2.2172720432281494,2.143867015838623,1.8748043775558472,1.9510478973388672,1.8266104459762573,1.5655455589294434,1.5766617059707642,1.3404768705368042,1.5973012447357178,1.4933667182922363,1.776522159576416,1.9301046133041382,1.8960552215576172,1.9021892547607422,1.7152674198150635,1.510672688484192,1.44611656665802,1.0560834407806396,1.1697129011154175,1.0888774394989014,0.7980825901031494,0.7734379768371582,0.5842834115028381,0.8759148716926575,0.8565070629119873,1.2614061832427979
B12,3.1135363578796387,2.7421088218688965,2.6081814765930176,2.251140594482422,1.9908344745635986,1.8635374307632446,1.475617527961731,1.5434012413024902,1.2683165073394775,0.9189702868461609,0.8723045587539673,0.5439801812171936,0.7681005001068115,0.7728154063224792,1.1395487785339355,2.047062873840332,2.072482109069824,2.162630081176758,1.9835960865020752,1.709534764289856,1.6107966899871826,1.238342046737671,1.3021005392074585,0.9876270890235901,0.6351696848869324,0.3940868079662323,0.0,0.3819049298763275,0.6169202923774719,0.9455316066741943,2.0463368892669678,2.194962501525879,2.31841778755188,2.165687084197998,2.202852964401245,2.1699447631835938,1.8548070192337036,2.011780023574829,1.8259795904159546,1.4949007034301758,1.4718743562698364,1.1411932706832886,1.3206841945648193,1.1619884967803955,1.4302279949188232,2.2218687534332275,2.225212335586548,2.3374788761138916,2.1960856914520264,2.123866319656372,2.088275194168091,1.7875702381134033,1.9080361127853394,1.7280670404434204,1.4089354276657104,1.3778215646743774,1.0685319900512695,1.2698193788528442,1.119128704071045,1.3907817602157593,1.7724281549453735,1.814177393913269,1.8632946014404297,1.7607687711715698,1.5490405559539795,1.5731489658355713,1.2093055248260498,1.3998069763183594,1.266291618347168,0.9033202528953552,0.889251708984375,0.5680670738220215,0.822757363319397,0.7065556049346924,1.0762510299682617
B13,3.2966089248657227,2.926713466644287,2.8009066581726074,2.4271538257598877,2.2049524784088135,2.0470728874206543,1.655985951423645,1.6701403856277466,1.4254869222640991,1.078346610069275,0.9119346141815186,0.5253651738166809,0.5447533130645752,0.4311492443084717,0.8120840787887573,2.050569772720337,2.12986421585083,2.2734994888305664,2.145822525024414,1.9222335815429688,1.8576056957244873,1.508852243423462,1.5831806659698486,1.2985222339630127,0.9723372459411621,0.6674623489379883,0.3819049298763275,0.0,0.3733922839164734,0.6573918461799622,2.1070165634155273,2.2943549156188965,2.4775500297546387,2.378227949142456,2.4190595149993896,2.433445692062378,2.120063304901123,2.310842514038086,2.102576494216919,1.7412166595458984,1.6872812509536743,1.3099745512008667,1.3889634609222412,1.1341543197631836,1.3412609100341797,2.3030314445495605,2.3439509868621826,2.510425329208374,2.421020746231079,2.3624207973480225,2.3746984004974365,2.0792195796966553,2.2372891902923584,2.042614698410034,1.6950918436050415,1.6397689580917358,1.2766954898834229,1.3814349174499512,1.1294618844985962,1.3368686437606812,1.8602145910263062,1.9172009229660034,2.0383572578430176,1.9738130569458008,1.8153458833694458,1.883687973022461,1.5307453870773315,1.7490817308425903,1.6423629522323608,1.282443881034851,1.2585346698760986,0.9075431227684021,1.0666948556900024,0.8149054646492004,1.0854244232177734
