0.000000000000000000e+00,3.829817771911621094e-01,6.183202266693115234e-01,9.498060345649719238e-01,1.214440107345581055e+00,1.521262168884277344e+00,1.806755661964416504e+00,2.060608863830566406e+00,2.154048919677734375e+00,2.243503808975219727e+00,2.605266332626342773e+00,2.762265443801879883e+00,3.115476846694946289e+00,3.282474279403686523e+00,3.086105585098266602e+00,1.708512067794799805e+00,1.535346508026123047e+00,1.387074589729309082e+00,1.604949474334716797e+00,1.640271663665771484e+00,1.880012631416320801e+00,2.141588926315307617e+00,2.364270925521850586e+00,2.339058160781860352e+00,2.419248104095458984e+00,2.772656917572021484e+00,2.942539453506469727e+00,3.289054632186889648e+00,3.398410797119140625e+00,3.213530778884887695e+00,2.123161554336547852e+00,2.019389390945434570e+00,1.938715219497680664e+00,2.161830902099609375e+00,2.127071380615234375e+00,2.338250398635864258e+00,2.544389724731445312e+00,2.770114660263061523e+00,2.734704732894897461e+00,2.739501237869262695e+00,3.056626558303833008e+00,3.183553695678710938e+00,3.504262447357177734e+00,3.595713138580322266e+00,3.437788724899291992e+00,2.604123115539550781e+00,2.533196449279785156e+00,2.534127950668334961e+00,2.767165184020996094e+00,2.678446769714355469e+00,2.895280361175537109e+00,3.049139261245727539e+00,3.298612594604492188e+00,3.207153320312500000e+00,3.147290945053100586e+00,3.419303655624389648e+00,3.496443271636962891e+00,3.776936531066894531e+00,3.845637798309326172e+00,3.729291915893554688e+00,3.136587619781494141e+00,3.101438283920288086e+00,3.193315267562866211e+00,3.458624601364135742e+00,3.342522144317626953e+00,3.581908702850341797e+00,3.651806116104125977e+00,3.974559068679809570e+00,3.840548276901245117e+00,3.695291519165039062e+00,3.958638429641723633e+00,3.974818706512451172e+00,4.240769863128662109e+00,4.277805328369140625e+00,4.127904891967773438e+00
3.829817771911621094e-01,0.000000000000000000e+00,3.956120610237121582e-01,6.724347472190856934e-01,8.998357653617858887e-01,1.239862680435180664e+00,1.481630802154541016e+00,1.769095540046691895e+00,1.859794855117797852e+00,1.911069393157958984e+00,2.278643846511840820e+00,2.413665294647216797e+00,2.771701812744140625e+00,2.921549558639526367e+00,2.717161893844604492e+00,1.340242743492126465e+00,1.199421882629394531e+00,1.065759539604187012e+00,1.305166125297546387e+00,1.312656641006469727e+00,1.579669952392578125e+00,1.808190584182739258e+00,2.060555458068847656e+00,2.028294086456298828e+00,2.076369524002075195e+00,2.434887170791625977e+00,2.585754394531250000e+00,2.937688589096069336e+00,3.031913518905639648e+00,2.837370395660400391e+00,1.782581567764282227e+00,1.713645458221435547e+00,1.658595561981201172e+00,1.888995051383972168e+00,1.826178193092346191e+00,2.052716255187988281e+00,2.225485324859619141e+00,2.474570751190185547e+00,2.428547143936157227e+00,2.403438091278076172e+00,2.720903635025024414e+00,2.828631162643432617e+00,3.152944087982177734e+00,3.229633569717407227e+00,3.062053680419921875e+00,2.279797792434692383e+00,2.237649917602539062e+00,2.263905286788940430e+00,2.499835491180419922e+00,2.391362667083740234e+00,2.617519140243530273e+00,2.741127729415893555e+00,3.007567644119262695e+00,2.907900094985961914e+00,2.821153402328491211e+00,3.090308904647827148e+00,3.148026943206787109e+00,3.430595636367797852e+00,3.483980894088745117e+00,3.358421325683593750e+00,2.818956613540649414e+00,2.804371118545532227e+00,2.917217254638671875e+00,3.181422948837280273e+00,3.055257797241210938e+00,3.300602436065673828e+00,3.345700263977050781e+00,3.676326036453247070e+00,3.540766000747680664e+00,3.374072551727294922e+00,3.632846117019653320e+00,3.631564617156982422e+00,3.899672746658325195e+00,3.921915769577026367e+00,3.763689517974853516e+00
6.183202266693115234e-01,3.956120610237121582e-01,0.000000000000000000e+00,3.823681473731994629e-01,6.116216778755187988e-01,9.046822786331176758e-01,1.201863765716552734e+00,1.445033311843872070e+00,1.540297746658325195e+00,1.645488142967224121e+00,1.999514460563659668e+00,2.180622577667236328e+00,2.533439636230468750e+00,2.719962358474731445e+00,2.557696342468261719e+00,1.375359535217285156e+00,1.334237575531005859e+00,1.141472101211547852e+00,1.292917728424072266e+00,1.199746251106262207e+00,1.399046063423156738e+00,1.630183696746826172e+00,1.838000059127807617e+00,1.764752388000488281e+00,1.850671887397766113e+00,2.190894842147827148e+00,2.370694637298583984e+00,2.704107046127319336e+00,2.836482524871826172e+00,2.683214187622070312e+00,1.851473689079284668e+00,1.857614994049072266e+00,1.774465680122375488e+00,1.945423364639282227e+00,1.809385657310485840e+00,1.981139302253723145e+00,2.130829811096191406e+00,2.346443891525268555e+00,2.251268863677978516e+00,2.239897966384887695e+00,2.528280973434448242e+00,2.647335290908813477e+00,2.947301626205444336e+00,3.049932003021240234e+00,2.922623395919799805e+00,2.366827964782714844e+00,2.385522127151489258e+00,2.399292945861816406e+00,2.593372821807861328e+00,2.429072618484497070e+00,2.614865064620971680e+00,2.708524465560913086e+00,2.951455593109130859e+00,2.806530475616455078e+00,2.719001531600952148e+00,2.952995538711547852e+00,3.006339073181152344e+00,3.259648799896240234e+00,3.326636075973510742e+00,3.238772153854370117e+00,2.917349576950073242e+00,2.951314449310302734e+00,3.060560226440429688e+00,3.294727802276611328e+00,3.126362562179565430e+00,3.343481302261352539e+00,3.356209039688110352e+00,3.672733545303344727e+00,3.500897169113159180e+00,3.322303771972656250e+00,3.548597097396850586e+00,3.530471086502075195e+00,3.771467447280883789e+00,3.795312881469726562e+00,3.666995525360107422e+00
9.498060345649719238e-01,6.724347472190856934e-01,3.823681473731994629e-01,0.000000000000000000e+00,3.851258456707000732e-01,6.164733767509460449e-01,9.035956263542175293e-01,1.136093020439147949e+00,1.293578386306762695e+00,1.384279251098632812e+00,1.725315570831298828e+00,1.919062137603759766e+00,2.283574342727661133e+00,2.458902359008789062e+00,2.320812225341796875e+00,1.168100833892822266e+00,1.197435379028320312e+00,9.478418827056884766e-01,1.012855768203735352e+00,8.583648204803466797e-01,1.023976802825927734e+00,1.260758996009826660e+00,1.456149935722351074e+00,1.394804596900939941e+00,1.497291088104248047e+00,1.839495182037353516e+00,2.041340589523315430e+00,2.378035068511962891e+00,2.528395414352416992e+00,2.396635770797729492e+00,1.624655365943908691e+00,1.687474131584167480e+00,1.573414206504821777e+00,1.690800428390502930e+00,1.505227804183959961e+00,1.644221186637878418e+00,1.779294133186340332e+00,1.980692028999328613e+00,1.872783780097961426e+00,1.870774269104003906e+00,2.156367301940917969e+00,2.292496681213378906e+00,2.592613220214843750e+00,2.715519905090332031e+00,2.607251882553100586e+00,2.136158704757690430e+00,2.203018903732299805e+00,2.197502374649047852e+00,2.352578163146972656e+00,2.149091243743896484e+00,2.307497739791870117e+00,2.381596088409423828e+00,2.611306190490722656e+00,2.447472572326660156e+00,2.361711978912353516e+00,2.584564924240112305e+00,2.645795583724975586e+00,2.893822908401489258e+00,2.977045536041259766e+00,2.907809257507324219e+00,2.687429428100585938e+00,2.761570692062377930e+00,2.857299804687500000e+00,3.061533451080322266e+00,2.861701965332031250e+00,3.056823253631591797e+00,3.049559593200683594e+00,3.355312824249267578e+00,3.165081977844238281e+00,2.983162641525268555e+00,3.195140361785888672e+00,3.176642656326293945e+00,3.408121347427368164e+00,3.441844463348388672e+00,3.330691576004028320e+00
1.214440107345581055e+00,8.998357653617858887e-01,6.116216778755187988e-01,3.851258456707000732e-01,0.000000000000000000e+00,3.799560070037841797e-01,5.966677069664001465e-01,8.844883441925048828e-01,9.662652611732482910e-01,1.037707567214965820e+00,1.393584847450256348e+00,1.574056982994079590e+00,1.930730700492858887e+00,2.119515180587768555e+00,1.981425881385803223e+00,1.101380467414855957e+00,1.231690168380737305e+00,1.064255714416503906e+00,1.137879848480224609e+00,8.855300545692443848e-01,1.037390112876892090e+00,1.163481473922729492e+00,1.381991386413574219e+00,1.239595651626586914e+00,1.284772872924804688e+00,1.612540841102600098e+00,1.776192665100097656e+00,2.101146697998046875e+00,2.237294197082519531e+00,2.103346586227416992e+00,1.605456113815307617e+00,1.733081698417663574e+00,1.683707833290100098e+00,1.804741144180297852e+00,1.572167277336120605e+00,1.710040807723999023e+00,1.761223912239074707e+00,1.982994437217712402e+00,1.822626352310180664e+00,1.758928298950195312e+00,2.011407136917114258e+00,2.096247196197509766e+00,2.377152204513549805e+00,2.470941543579101562e+00,2.361266851425170898e+00,2.123840570449829102e+00,2.233461856842041016e+00,2.280150651931762695e+00,2.439534664154052734e+00,2.212615489959716797e+00,2.374671459197998047e+00,2.386958837509155273e+00,2.633606195449829102e+00,2.442026853561401367e+00,2.304349422454833984e+00,2.496050834655761719e+00,2.504572391510009766e+00,2.732573032379150391e+00,2.778776407241821289e+00,2.705704212188720703e+00,2.665483713150024414e+00,2.764196634292602539e+00,2.901257038116455078e+00,3.106313228607177734e+00,2.900314569473266602e+00,3.101171016693115234e+00,3.048992872238159180e+00,3.361325740814208984e+00,3.164761066436767578e+00,2.942938804626464844e+00,3.131165266036987305e+00,3.066846370697021484e+00,3.287046670913696289e+00,3.282995939254760742e+00,3.163725137710571289e+00
1.521262168884277344e+00,1.239862680435180664e+00,9.046822786331176758e-01,6.164733767509460449e-01,3.799560070037841797e-01,0.000000000000000000e+00,3.889009654521942139e-01,5.408474802970886230e-01,6.917703747749328613e-01,8.460134267807006836e-01,1.152726173400878906e+00,1.403358936309814453e+00,1.749463915824890137e+00,1.970305204391479492e+00,1.899454712867736816e+00,1.292333126068115234e+00,1.483229041099548340e+00,1.278042674064636230e+00,1.243004918098449707e+00,9.203841090202331543e-01,9.303196072578430176e-01,1.032472848892211914e+00,1.160502910614013672e+00,9.646950364112854004e-01,1.075515031814575195e+00,1.363204836845397949e+00,1.575931072235107422e+00,1.871842861175537109e+00,2.062451839447021484e+00,1.992081165313720703e+00,1.746298789978027344e+00,1.928606152534484863e+00,1.844647645950317383e+00,1.893023729324340820e+00,1.605279564857482910e+00,1.664110898971557617e+00,1.684030413627624512e+00,1.848512530326843262e+00,1.635687112808227539e+00,1.597460031509399414e+00,1.803376436233520508e+00,1.910460948944091797e+00,2.157140731811523438e+00,2.291490316390991211e+00,2.239209890365600586e+00,2.238960027694702148e+00,2.399393796920776367e+00,2.420432329177856445e+00,2.526930332183837891e+00,2.254739522933959961e+00,2.362751960754394531e+00,2.345119714736938477e+00,2.552886486053466797e+00,2.318191051483154297e+00,2.189286947250366211e+00,2.334421873092651367e+00,2.345434665679931641e+00,2.535579681396484375e+00,2.606370925903320312e+00,2.583953380584716797e+00,2.766446352005004883e+00,2.909795522689819336e+00,3.028774023056030273e+00,3.194213628768920898e+00,2.950083255767822266e+00,3.112487792968750000e+00,3.031645059585571289e+00,3.318593025207519531e+00,3.087385654449462891e+00,2.862939596176147461e+00,3.011766672134399414e+00,2.936567068099975586e+00,3.122504472732543945e+00,3.128163337707519531e+00,3.049307584762573242e+00
1.806755661964416504e+00,1.481630802154541016e+00,1.201863765716552734e+00,9.035956263542175293e-01,5.966677069664001465e-01,3.889009654521942139e-01,0.000000000000000000e+00,3.858211040496826172e-01,4.926714599132537842e-01,4.990587234497070312e-01,8.254356384277343750e-01,1.036181330680847168e+00,1.397087574005126953e+00,1.592944502830505371e+00,1.519743084907531738e+00,1.162777900695800781e+00,1.435731172561645508e+00,1.295306086540222168e+00,1.248687028884887695e+00,8.862961530685424805e-01,8.869749903678894043e-01,8.364112973213195801e-01,1.006268262863159180e+00,7.584874629974365234e-01,7.588802576065063477e-01,1.045296907424926758e+00,1.211405515670776367e+00,1.516653656959533691e+00,1.683259844779968262e+00,1.604235291481018066e+00,1.589151978492736816e+00,1.831446528434753418e+00,1.794684171676635742e+00,1.832065105438232422e+00,1.514760613441467285e+00,1.573924899101257324e+00,1.507365107536315918e+00,1.697662472724914551e+00,1.456202864646911621e+00,1.344239830970764160e+00,1.526093602180480957e+00,1.580481529235839844e+00,1.824511408805847168e+00,1.928220868110656738e+00,1.865748882293701172e+00,2.055698156356811523e+00,2.259756088256835938e+00,2.316344738006591797e+00,2.414584875106811523e+00,2.126093864440917969e+00,2.235260486602783203e+00,2.159392595291137695e+00,2.383629083633422852e+00,2.137211322784423828e+00,1.957838416099548340e+00,2.081266880035400391e+00,2.045059204101562500e+00,2.228695869445800781e+00,2.265383005142211914e+00,2.231425285339355469e+00,2.557150840759277344e+00,2.728539466857910156e+00,2.873030662536621094e+00,3.028581380844116211e+00,2.779476642608642578e+00,2.942922592163085938e+00,2.822921991348266602e+00,3.112966537475585938e+00,2.883968591690063477e+00,2.626618385314941406e+00,2.758696317672729492e+00,2.647672414779663086e+00,2.831099748611450195e+00,2.805797338485717773e+00,2.714728116989135742e+00
2.060608863830566406e+00,1.769095540046691895e+00,1.445033311843872070e+00,1.136093020439147949e+00,8.844883441925048828e-01,5.408474802970886230e-01,3.858211040496826172e-01,0.000000000000000000e+00,3.712940514087677002e-01,5.468320846557617188e-01,7.140444517135620117e-01,1.033356666564941406e+00,1.350057601928710938e+00,1.590297698974609375e+00,1.610664367675781250e+00,1.500156998634338379e+00,1.776972174644470215e+00,1.595866560935974121e+00,1.477555513381958008e+00,1.105532407760620117e+00,9.729743599891662598e-01,9.180703163146972656e-01,9.308968782424926758e-01,6.132609844207763672e-01,7.362096905708312988e-01,9.181295633316040039e-01,1.159439206123352051e+00,1.402765750885009766e+00,1.647650241851806641e+00,1.660123348236083984e+00,1.872252821922302246e+00,2.134273767471313477e+00,2.057496786117553711e+00,2.034148693084716797e+00,1.688267588615417480e+00,1.664489746093750000e+00,1.583590388298034668e+00,1.691099762916564941e+00,1.398056030273437500e+00,1.336209893226623535e+00,1.444170475006103516e+00,1.533191084861755371e+00,1.719194531440734863e+00,1.880349040031433105e+00,1.898002028465270996e+00,2.304992437362670898e+00,2.538070917129516602e+00,2.561609268188476562e+00,2.611009836196899414e+00,2.290693283081054688e+00,2.341440439224243164e+00,2.248002290725708008e+00,2.419322490692138672e+00,2.131818056106567383e+00,1.977276086807250977e+00,2.041920185089111328e+00,2.016259670257568359e+00,2.145926952362060547e+00,2.218299627304077148e+00,2.251728534698486328e+00,2.786097288131713867e+00,2.989367485046386719e+00,3.108553886413574219e+00,3.226109266281127930e+00,2.944928884506225586e+00,3.065927982330322266e+00,2.926191329956054688e+00,3.183130025863647461e+00,2.919199705123901367e+00,2.669960021972656250e+00,2.756534099578857422e+00,2.640174627304077148e+00,2.778794765472412109e+00,2.770132064819335938e+00,2.731773853302001953e+00
2.154048919677734375e+00,1.859794855117797852e+00,1.540297746658325195e+00,1.293578386306762695e+00,9.662652611732482910e-01,6.917703747749328613e-01,4.926714599132537842e-01,3.712940514087677002e-01,0.000000000000000000e+00,3.658913969993591309e-01,5.408904552459716797e-01,8.554053902626037598e-01,1.138930797576904297e+00,1.428351044654846191e+00,1.444749712944030762e+00,1.616614222526550293e+00,1.907617330551147461e+00,1.786990284919738770e+00,1.731728315353393555e+00,1.362013220787048340e+00,1.293873429298400879e+00,1.192277193069458008e+00,1.253469109535217285e+00,9.143962264060974121e-01,9.215114116668701172e-01,1.050317049026489258e+00,1.191659092903137207e+00,1.394679903984069824e+00,1.601109504699707031e+00,1.600664854049682617e+00,2.029706478118896484e+00,2.295830249786376953e+00,2.274341821670532227e+00,2.293115139007568359e+00,1.956827640533447266e+00,1.970172643661499023e+00,1.855800509452819824e+00,1.994973897933959961e+00,1.694287538528442383e+00,1.573391437530517578e+00,1.648537874221801758e+00,1.659385323524475098e+00,1.811522006988525391e+00,1.914154529571533203e+00,1.917392134666442871e+00,2.469498634338378906e+00,2.700285196304321289e+00,2.771355867385864258e+00,2.851697683334350586e+00,2.544240236282348633e+00,2.621826648712158203e+00,2.502608537673950195e+00,2.697831153869628906e+00,2.412608146667480469e+00,2.218282699584960938e+00,2.266433238983154297e+00,2.184779167175292969e+00,2.294223308563232422e+00,2.310591220855712891e+00,2.325047969818115234e+00,2.941150665283203125e+00,3.136168241500854492e+00,3.294789791107177734e+00,3.433139562606811523e+00,3.169961690902709961e+00,3.311735391616821289e+00,3.153343915939331055e+00,3.422295808792114258e+00,3.170676469802856445e+00,2.894386768341064453e+00,2.971630573272705078e+00,2.816240549087524414e+00,2.949182748794555664e+00,2.895130395889282227e+00,2.836249589920043945e+00
2.243503808975219727e+00,1.911069393157958984e+00,1.645488142967224121e+00,1.384279251098632812e+00,1.037707567214965820e+00,8.460134267807006836e-01,4.990587234497070312e-01,5.468320846557617188e-01,3.658913969993591309e-01,0.000000000000000000e+00,3.762114048004150391e-01,5.628771185874938965e-01,9.065540432929992676e-01,1.137708187103271484e+00,1.107737302780151367e+00,1.416640877723693848e+00,1.744603514671325684e+00,1.681843876838684082e+00,1.641983151435852051e+00,1.280040860176086426e+00,1.251854658126831055e+00,1.060207843780517578e+00,1.192804336547851562e+00,8.737581968307495117e-01,7.353683114051818848e-01,8.773745894432067871e-01,9.271029829978942871e-01,1.169411182403564453e+00,1.313350200653076172e+00,1.262531280517578125e+00,1.797697544097900391e+00,2.090222358703613281e+00,2.113165855407714844e+00,2.142441034317016602e+00,1.809337019920349121e+00,1.850513100624084473e+00,1.684758782386779785e+00,1.867728590965270996e+00,1.579164624214172363e+00,1.386734247207641602e+00,1.466896533966064453e+00,1.416564226150512695e+00,1.591666817665100098e+00,1.640812397003173828e+00,1.598595976829528809e+00,2.211172580718994141e+00,2.458690881729125977e+00,2.562908887863159180e+00,2.651297330856323242e+00,2.350922107696533203e+00,2.448410511016845703e+00,2.296816349029541016e+00,2.520388364791870117e+00,2.250118255615234375e+00,2.013001680374145508e+00,2.068080425262451172e+00,1.947015881538391113e+00,2.075346946716308594e+00,2.049259662628173828e+00,2.023747205734252930e+00,2.658795356750488281e+00,2.860728263854980469e+00,3.042384624481201172e+00,3.184077262878417969e+00,2.932668685913085938e+00,3.088655471801757812e+00,2.912267923355102539e+00,3.193049192428588867e+00,2.960845947265625000e+00,2.661488533020019531e+00,2.745104551315307617e+00,2.568253993988037109e+00,2.719168901443481445e+00,2.636310815811157227e+00,2.544836282730102539e+00
2.605266332626342773e+00,2.278643846511840820e+00,1.999514460563659668e+00,1.725315570831298828e+00,1.393584847450256348e+00,1.152726173400878906e+00,8.254356384277343750e-01,7.140444517135620117e-01,5.408904552459716797e-01,3.762114048004150391e-01,0.000000000000000000e+00,3.814716041088104248e-01,6.391796469688415527e-01,9.177112579345703125e-01,1.013464927673339844e+00,1.719313025474548340e+00,2.065112829208374023e+00,1.999788045883178711e+00,1.918072581291198730e+00,1.552520751953125000e+00,1.457881689071655273e+00,1.218450188636779785e+00,1.261947870254516602e+00,9.222476482391357422e-01,7.791243195533752441e-01,7.453960180282592773e-01,7.590656876564025879e-01,8.950674533843994141e-01,1.087807893753051758e+00,1.138354063034057617e+00,2.038216590881347656e+00,2.359549045562744141e+00,2.377126455307006836e+00,2.364571094512939453e+00,2.012657403945922852e+00,2.001972198486328125e+00,1.788437008857727051e+00,1.920151352882385254e+00,1.595275998115539551e+00,1.396106600761413574e+00,1.376676678657531738e+00,1.290194988250732422e+00,1.380813241004943848e+00,1.438433647155761719e+00,1.470216751098632812e+00,2.400564670562744141e+00,2.682935714721679688e+00,2.781567096710205078e+00,2.832459211349487305e+00,2.510556936264038086e+00,2.567143917083740234e+00,2.372707843780517578e+00,2.561818122863769531e+00,2.263159751892089844e+00,2.016839027404785156e+00,2.002532958984375000e+00,1.847069025039672852e+00,1.910103440284729004e+00,1.874525427818298340e+00,1.900931239128112793e+00,2.805445671081542969e+00,3.041064262390136719e+00,3.217277765274047852e+00,3.325045108795166016e+00,3.053667783737182617e+00,3.177551984786987305e+00,2.964780092239379883e+00,3.217371702194213867e+00,2.965672969818115234e+00,2.655190706253051758e+00,2.686634063720703125e+00,2.477042436599731445e+00,2.582221746444702148e+00,2.482399702072143555e+00,2.427073717117309570e+00
2.762265443801879883e+00,2.413665294647216797e+00,2.180622577667236328e+00,1.919062137603759766e+00,1.574056982994079590e+00,1.403358936309814453e+00,1.036181330680847168e+00,1.033356666564941406e+00,8.554053902626037598e-01,5.628771185874938965e-01,3.814716041088104248e-01,0.000000000000000000e+00,3.805781006813049316e-01,5.779752135276794434e-01,6.325673460960388184e-01,1.687777638435363770e+00,2.050373315811157227e+00,2.053009510040283203e+00,2.003481149673461914e+00,1.663848996162414551e+00,1.619608998298645020e+00,1.324183464050292969e+00,1.431392669677734375e+00,1.138944506645202637e+00,8.818786144256591797e-01,8.311417698860168457e-01,6.584563255310058594e-01,7.830252647399902344e-01,8.383323550224304199e-01,8.209328055381774902e-01,1.965905785560607910e+00,2.301095724105834961e+00,2.374804258346557617e+00,2.383579730987548828e+00,2.050296306610107422e+00,2.074162006378173828e+00,1.815354347229003906e+00,1.989327073097229004e+00,1.690388560295104980e+00,1.420586109161376953e+00,1.391404986381530762e+00,1.206877708435058594e+00,1.294420242309570312e+00,1.248215079307556152e+00,1.219274878501892090e+00,2.286113977432250977e+00,2.577582836151123047e+00,2.720650911331176758e+00,2.786680459976196289e+00,2.483479976654052734e+00,2.564728021621704102e+00,2.335795402526855469e+00,2.554068326950073242e+00,2.279049634933471680e+00,1.986181974411010742e+00,1.971085309982299805e+00,1.756024479866027832e+00,1.825537443161010742e+00,1.715381860733032227e+00,1.687747597694396973e+00,2.648762464523315430e+00,2.885503292083740234e+00,3.094801664352416992e+00,3.209748983383178711e+00,2.960374832153320312e+00,3.102045297622680664e+00,2.867629766464233398e+00,3.130974769592285156e+00,2.907082080841064453e+00,2.569802284240722656e+00,2.601820468902587891e+00,2.357719421386718750e+00,2.475908517837524414e+00,2.326556682586669922e+00,2.228312253952026367e+00
3.115476846694946289e+00,2.771701812744140625e+00,2.533439636230468750e+00,2.283574342727661133e+00,1.930730700492858887e+00,1.749463915824890137e+00,1.397087574005126953e+00,1.350057601928710938e+00,1.138930797576904297e+00,9.065540432929992676e-01,6.391796469688415527e-01,3.805781006813049316e-01,0.000000000000000000e+00,3.823873400688171387e-01,6.144154667854309082e-01,2.044945001602172852e+00,2.409442901611328125e+00,2.427939891815185547e+00,2.377224922180175781e+00,2.039782285690307617e+00,1.979745864868164062e+00,1.672966480255126953e+00,1.742636322975158691e+00,1.449885010719299316e+00,1.206866502761840820e+00,1.063672304153442383e+00,8.342716097831726074e-01,7.803787589073181152e-01,7.851813435554504395e-01,8.551510572433471680e-01,2.297250509262084961e+00,2.639425754547119141e+00,2.728470087051391602e+00,2.729428052902221680e+00,2.396371126174926758e+00,2.403859615325927734e+00,2.119682073593139648e+00,2.268485069274902344e+00,1.959837794303894043e+00,1.685448765754699707e+00,1.585670351982116699e+00,1.351430416107177734e+00,1.338241577148437500e+00,1.242231369018554688e+00,1.263367772102355957e+00,2.579453468322753906e+00,2.882761001586914062e+00,3.039720535278320312e+00,3.094839096069335938e+00,2.790908575057983398e+00,2.856690406799316406e+00,2.597634315490722656e+00,2.798182964324951172e+00,2.515604019165039062e+00,2.211728334426879883e+00,2.144347906112670898e+00,1.886565685272216797e+00,1.890933275222778320e+00,1.736250162124633789e+00,1.734371066093444824e+00,2.897923946380615234e+00,3.146811485290527344e+00,3.367444276809692383e+00,3.467684268951416016e+00,3.219422578811645508e+00,3.347065687179565430e+00,3.084410667419433594e+00,3.328386545181274414e+00,3.103791475296020508e+00,2.754667997360229492e+00,2.744433164596557617e+00,2.462686777114868164e+00,2.539487361907958984e+00,2.350937366485595703e+00,2.268649339675903320e+00
3.282474279403686523e+00,2.921549558639526367e+00,2.719962358474731445e+00,2.458902359008789062e+00,2.119515180587768555e+00,1.970305204391479492e+00,1.592944502830505371e+00,1.590297698974609375e+00,1.428351044654846191e+00,1.137708187103271484e+00,9.177112579345703125e-01,5.779752135276794434e-01,3.823873400688171387e-01,0.000000000000000000e+00,3.862359523773193359e-01,2.032471895217895508e+00,2.401850461959838867e+00,2.459026575088500977e+00,2.408365726470947266e+00,2.102302551269531250e+00,2.059257984161376953e+00,1.714094519615173340e+00,1.809298753738403320e+00,1.571555733680725098e+00,1.272207260131835938e+00,1.115992546081542969e+00,7.845242619514465332e-01,7.082102894783020020e-01,5.260711908340454102e-01,5.469784736633300781e-01,2.206568479537963867e+00,2.559614181518554688e+00,2.677787542343139648e+00,2.673276901245117188e+00,2.358892679214477539e+00,2.375631332397460938e+00,2.055036783218383789e+00,2.219521522521972656e+00,1.942601799964904785e+00,1.627254128456115723e+00,1.512662053108215332e+00,1.209369301795959473e+00,1.187723755836486816e+00,9.921911358833312988e-01,9.623251557350158691e-01,2.421711444854736328e+00,2.738758802413940430e+00,2.915699481964111328e+00,2.962554216384887695e+00,2.673033237457275391e+00,2.742394447326660156e+00,2.452267885208129883e+00,2.661958932876586914e+00,2.403628110885620117e+00,2.071171998977661133e+00,1.995504856109619141e+00,1.694076418876647949e+00,1.700484514236450195e+00,1.483599781990051270e+00,1.436988472938537598e+00,2.681621313095092773e+00,2.941473722457885742e+00,3.173543453216552734e+00,3.261419534683227539e+00,3.026450872421264648e+00,3.154131412506103516e+00,2.870803356170654297e+00,3.111312866210937500e+00,2.910161018371582031e+00,2.545860290527343750e+00,2.528542757034301758e+00,2.222048997879028320e+00,2.305975914001464844e+00,2.079762935638427734e+00,1.965272903442382812e+00
3.086105585098266602e+00,2.717161893844604492e+00,2.557696342468261719e+00,2.320812225341796875e+00,1.981425881385803223e+00,1.899454712867736816e+00,1.519743084907531738e+00,1.610664367675781250e+00,1.444749712944030762e+00,1.107737302780151367e+00,1.013464927673339844e+00,6.325673460960388184e-01,6.144154667854309082e-01,3.862359523773193359e-01,0.000000000000000000e+00,1.782059073448181152e+00,2.140708684921264648e+00,2.247190713882446289e+00,2.246237039566040039e+00,1.967394590377807617e+00,1.991464972496032715e+00,1.653359055519104004e+00,1.829351782798767090e+00,1.615022897720336914e+00,1.279052972793579102e+00,1.228813171386718750e+00,8.960527777671813965e-01,9.653827548027038574e-01,7.317663431167602539e-01,5.059509873390197754e-01,1.964097976684570312e+00,2.300089359283447266e+00,2.461261749267578125e+00,2.502834796905517578e+00,2.218304872512817383e+00,2.292967796325683594e+00,1.986559510231018066e+00,2.212275981903076172e+00,1.973680973052978516e+00,1.632844209671020508e+00,1.599611043930053711e+00,1.297824382781982422e+00,1.374303221702575684e+00,1.146663665771484375e+00,9.780588746070861816e-01,2.187310457229614258e+00,2.479628086090087891e+00,2.692741155624389648e+00,2.781601428985595703e+00,2.523691654205322266e+00,2.642317771911621094e+00,2.370257854461669922e+00,2.626806259155273438e+00,2.405309915542602539e+00,2.057763814926147461e+00,2.047428846359252930e+00,1.754420995712280273e+00,1.835523009300231934e+00,1.603325724601745605e+00,1.464006900787353516e+00,2.454796791076660156e+00,2.684198856353759766e+00,2.945852518081665039e+00,3.070419073104858398e+00,2.868431568145751953e+00,3.037246704101562500e+00,2.775228023529052734e+00,3.049759387969970703e+00,2.882625818252563477e+00,2.514212131500244141e+00,2.549752712249755859e+00,2.260175704956054688e+00,2.400083065032958984e+00,2.171164989471435547e+00,1.992030262947082520e+00
1.708512067794799805e+00,1.340242743492126465e+00,1.375359535217285156e+00,1.168100833892822266e+00,1.101380467414855957e+00,1.292333126068115234e+00,1.162777900695800781e+00,1.500156998634338379e+00,1.616614222526550293e+00,1.416640877723693848e+00,1.719313025474548340e+00,1.687777638435363770e+00,2.044945001602172852e+00,2.032471895217895508e+00,1.782059073448181152e+00,0.000000000000000000e+00,3.736129701137542725e-01,5.271199345588684082e-01,7.110984325408935547e-01,7.007035613059997559e-01,1.034445762634277344e+00,9.986497163772583008e-01,1.384873509407043457e+00,1.426435351371765137e+00,1.272543668746948242e+00,1.619931340217590332e+00,1.649271249771118164e+00,2.027436256408691406e+00,2.015033721923828125e+00,1.753059387207031250e+00,5.461340546607971191e-01,7.090705633163452148e-01,8.260334134101867676e-01,1.043804645538330078e+00,9.167556762695312500e-01,1.226209402084350586e+00,1.219634771347045898e+00,1.585393786430358887e+00,1.576423048973083496e+00,1.406232833862304688e+00,1.740747094154357910e+00,1.761907339096069336e+00,2.125183582305908203e+00,2.124933481216430664e+00,1.880932331085205078e+00,1.065969586372375488e+00,1.166189670562744141e+00,1.299843430519104004e+00,1.523947238922119141e+00,1.369553804397583008e+00,1.643478870391845703e+00,1.641635894775390625e+00,1.984719276428222656e+00,1.910893321037292480e+00,1.718107819557189941e+00,2.005856275558471680e+00,2.000053644180297852e+00,2.323897123336791992e+00,2.317218303680419922e+00,2.119732379913330078e+00,1.600565075874328613e+00,1.674622774124145508e+00,1.852241754531860352e+00,2.094165325164794922e+00,1.946977615356445312e+00,2.216259002685546875e+00,2.179227590560913086e+00,2.537237644195556641e+00,2.431387662887573242e+00,2.199194669723510742e+00,2.464857101440429688e+00,2.423289775848388672e+00,2.724862575531005859e+00,2.703900814056396484e+00,2.492347955703735352e+00
1.535346508026123047e+00,1.199421882629394531e+00,1.334237575531005859e+00,1.197435379028320312e+00,1.231690168380737305e+00,1.483229041099548340e+00,1.435731172561645508e+00,1.776972174644470215e+00,1.907617330551147461e+00,1.744603514671325684e+00,2.065112829208374023e+00,2.050373315811157227e+00,2.409442901611328125e+00,2.401850461959838867e+00,2.140708684921264648e+00,3.736129701137542725e-01,0.000000000000000000e+00,3.891238272190093994e-01,7.138203382492065430e-01,8.598881363868713379e-01,1.222296953201293945e+00,1.277757763862609863e+00,1.643628478050231934e+00,1.720759749412536621e+00,1.610696315765380859e+00,1.966454267501831055e+00,2.016033649444580078e+00,2.395557880401611328e+00,2.384965658187866211e+00,2.117468833923339844e+00,6.200254559516906738e-01,5.563523173332214355e-01,6.717786788940429688e-01,9.906560778617858887e-01,9.895253777503967285e-01,1.337642073631286621e+00,1.420131325721740723e+00,1.774137377738952637e+00,1.819961667060852051e+00,1.696719646453857422e+00,2.050549030303955078e+00,2.099762201309204102e+00,2.470143795013427734e+00,2.477724075317382812e+00,2.227022409439086914e+00,1.099531650543212891e+00,1.076329708099365234e+00,1.187236905097961426e+00,1.466933369636535645e+00,1.390696883201599121e+00,1.698323607444763184e+00,1.772477984428405762e+00,2.112794399261474609e+00,2.088368415832519531e+00,1.940516352653503418e+00,2.259933948516845703e+00,2.291109561920166016e+00,2.630424976348876953e+00,2.639629602432250977e+00,2.432934045791625977e+00,1.630215644836425781e+00,1.628966927528381348e+00,1.782668828964233398e+00,2.060137748718261719e+00,1.958451747894287109e+00,2.249587297439575195e+00,2.274285078048706055e+00,2.635617256164550781e+00,2.561173200607299805e+00,2.369513750076293945e+00,2.667948722839355469e+00,2.667254924774169922e+00,2.984529972076416016e+00,2.985709428787231445e+00,2.767142057418823242e+00
1.387074589729309082e+00,1.065759539604187012e+00,1.141472101211547852e+00,9.478418827056884766e-01,1.064255714416503906e+00,1.278042674064636230e+00,1.295306086540222168e+00,1.595866560935974121e+00,1.786990284919738770e+00,1.681843876838684082e+00,1.999788045883178711e+00,2.053009510040283203e+00,2.427939891815185547e+00,2.459026575088500977e+00,2.247190713882446289e+00,5.271199345588684082e-01,3.891238272190093994e-01,0.000000000000000000e+00,3.819497823715209961e-01,5.832675099372863770e-01,9.370151758193969727e-01,1.092562437057495117e+00,1.415130853652954102e+00,1.521216154098510742e+00,1.491111278533935547e+00,1.857370853424072266e+00,1.979475975036621094e+00,2.359859943389892578e+00,2.411706447601318359e+00,2.196588993072509766e+00,7.742868065834045410e-01,7.547277808189392090e-01,6.455417275428771973e-01,8.647533059120178223e-01,8.122823834419250488e-01,1.116824865341186523e+00,1.274229526519775391e+00,1.580987572669982910e+00,1.624467134475708008e+00,1.572591185569763184e+00,1.936207532882690430e+00,2.051023483276367188e+00,2.418592214584350586e+00,2.487417221069335938e+00,2.288887023925781250e+00,1.254069685935974121e+00,1.268565893173217773e+00,1.264364242553710938e+00,1.469943642616271973e+00,1.338944435119628906e+00,1.590902686119079590e+00,1.703695058822631836e+00,2.000110149383544922e+00,1.948074936866760254e+00,1.852034568786621094e+00,2.166860818862915039e+00,2.247472286224365234e+00,2.575802803039550781e+00,2.639053344726562500e+00,2.484562635421752930e+00,1.801098465919494629e+00,1.838399171829223633e+00,1.923766255378723145e+00,2.153968572616577148e+00,2.000740051269531250e+00,2.245866060256958008e+00,2.282366752624511719e+00,2.619408607482910156e+00,2.504080533981323242e+00,2.339845895767211914e+00,2.625549554824829102e+00,2.651954412460327148e+00,2.949929952621459961e+00,2.991536855697631836e+00,2.818794012069702148e+00
1.604949474334716797e+00,1.305166125297546387e+00,1.292917728424072266e+00,1.012855768203735352e+00,1.137879848480224609e+00,1.243004918098449707e+00,1.248687028884887695e+00,1.477555513381958008e+00,1.731728315353393555e+00,1.641983151435852051e+00,1.918072581291198730e+00,2.003481149673461914e+00,2.377224922180175781e+00,2.408365726470947266e+00,2.246237039566040039e+00,7.110984325408935547e-01,7.138203382492065430e-01,3.819497823715209961e-01,0.000000000000000000e+00,3.759762942790985107e-01,6.420182585716247559e-01,8.471946716308593750e-01,1.116463303565979004e+00,1.287536740303039551e+00,1.308884620666503906e+00,1.658863782882690430e+00,1.830012202262878418e+00,2.201461076736450195e+00,2.294375181198120117e+00,2.128259420394897461e+00,8.223991394042968750e-01,8.932504057884216309e-01,6.533880233764648438e-01,6.818004250526428223e-01,5.263973474502563477e-01,7.668895125389099121e-01,9.716839194297790527e-01,1.236013412475585938e+00,1.294542670249938965e+00,1.301838397979736328e+00,1.669420599937438965e+00,1.839543581008911133e+00,2.202957868576049805e+00,2.321119308471679688e+00,2.167301893234252930e+00,1.244336128234863281e+00,1.331144571304321289e+00,1.243123769760131836e+00,1.347814917564392090e+00,1.142738580703735352e+00,1.326483607292175293e+00,1.446918845176696777e+00,1.703130125999450684e+00,1.627374053001403809e+00,1.571279406547546387e+00,1.880314946174621582e+00,2.004781007766723633e+00,2.325339555740356445e+00,2.435690879821777344e+00,2.324560880661010742e+00,1.778074860572814941e+00,1.875473499298095703e+00,1.906164765357971191e+00,2.073440790176391602e+00,1.861692905426025391e+00,2.055115699768066406e+00,2.081674098968505859e+00,2.392508029937744141e+00,2.240111827850341797e+00,2.093969583511352539e+00,2.363260984420776367e+00,2.412357330322265625e+00,2.693438053131103516e+00,2.770935297012329102e+00,2.638487577438354492e+00
1.640271663665771484e+00,1.312656641006469727e+00,1.199746251106262207e+00,8.583648204803466797e-01,8.855300545692443848e-01,9.203841090202331543e-01,8.862961530685424805e-01,1.105532407760620117e+00,1.362013220787048340e+00,1.280040860176086426e+00,1.552520751953125000e+00,1.663848996162414551e+00,2.039782285690307617e+00,2.102302551269531250e+00,1.967394590377807617e+00,7.007035613059997559e-01,8.598881363868713379e-01,5.832675099372863770e-01,3.759762942790985107e-01,0.000000000000000000e+00,3.704915046691894531e-01,5.531142950057983398e-01,8.471526503562927246e-01,9.488030672073364258e-01,9.762770533561706543e-01,1.337439417839050293e+00,1.526184916496276855e+00,1.894428968429565430e+00,2.014734983444213867e+00,1.875202775001525879e+00,9.533420205116271973e-01,1.130617737770080566e+00,9.724541902542114258e-01,9.745824337005615234e-01,6.951702833175659180e-01,8.369808793067932129e-01,9.325726628303527832e-01,1.184949874877929688e+00,1.134661436080932617e+00,1.110518813133239746e+00,1.452454209327697754e+00,1.610483288764953613e+00,1.956920862197875977e+00,2.084855794906616211e+00,1.959662675857543945e+00,1.408307194709777832e+00,1.563880443572998047e+00,1.525881767272949219e+00,1.610272049903869629e+00,1.349056482315063477e+00,1.490398645401000977e+00,1.528223872184753418e+00,1.773621797561645508e+00,1.623245596885681152e+00,1.523221611976623535e+00,1.780477404594421387e+00,1.865654945373535156e+00,2.154848814010620117e+00,2.255872488021850586e+00,2.172538518905639648e+00,1.940516710281372070e+00,2.081496715545654297e+00,2.148657560348510742e+00,2.300665378570556641e+00,2.060378313064575195e+00,2.234722614288330078e+00,2.201178550720214844e+00,2.504514932632446289e+00,2.314430713653564453e+00,2.126332521438598633e+00,2.350220203399658203e+00,2.350117683410644531e+00,2.603277444839477539e+00,2.656769990921020508e+00,2.541847229003906250e+00
1.880012631416320801e+00,1.579669952392578125e+00,1.399046063423156738e+00,1.023976802825927734e+00,1.037390112876892090e+00,9.303196072578430176e-01,8.869749903678894043e-01,9.729743599891662598e-01,1.293873429298400879e+00,1.251854658126831055e+00,1.457881689071655273e+00,1.619608998298645020e+00,1.979745864868164062e+00,2.059257984161376953e+00,1.991464972496032715e+00,1.034445762634277344e+00,1.222296953201293945e+00,9.370151758193969727e-01,6.420182585716247559e-01,3.704915046691894531e-01,0.000000000000000000e+00,3.825176358222961426e-01,5.216079950332641602e-01,6.821366548538208008e-01,8.183511495590209961e-01,1.137945055961608887e+00,1.398637890815734863e+00,1.738901138305664062e+00,1.919460177421569824e+00,1.850975513458251953e+00,1.210559010505676270e+00,1.425552606582641602e+00,1.225917577743530273e+00,1.116751313209533691e+00,7.781535387039184570e-01,7.434815764427185059e-01,8.196801543235778809e-01,9.661020040512084961e-01,8.580282330513000488e-01,9.158452749252319336e-01,1.226032376289367676e+00,1.447540163993835449e+00,1.766693592071533203e+00,1.956187367439270020e+00,1.898995757102966309e+00,1.597437500953674316e+00,1.800483584403991699e+00,1.719491839408874512e+00,1.724708795547485352e+00,1.410513520240783691e+00,1.459291934967041016e+00,1.471400737762451172e+00,1.650673031806945801e+00,1.442843079566955566e+00,1.378068923950195312e+00,1.587896823883056641e+00,1.704866170883178711e+00,1.959516525268554688e+00,2.109536170959472656e+00,2.089733123779296875e+00,2.092661619186401367e+00,2.279930114746093750e+00,2.313065528869628906e+00,2.409756898880004883e+00,2.123571634292602539e+00,2.239635705947875977e+00,2.180239677429199219e+00,2.445170640945434570e+00,2.208889245986938477e+00,2.030951023101806641e+00,2.211184978485107422e+00,2.215528249740600586e+00,2.431517839431762695e+00,2.513590335845947266e+00,2.451849222183227539e+00
