,A1,A2,A3,A4,A5,A6,A7,A8,A9,A10,A11,A12,A13,A14,A15,B1,B2,B3,B4,B5,B6,B7,B8,B9,B10,B11,B12,B13,B14,B15,C1,C2,C3,C4,C5,C6,C7,C8,C9,C10,C11,C12,C13,C14,C15,D1,D2,D3,D4,D5,D6,D7,D8,D9,D10,D11,D12,D13,D14,D15,E1,E2,E3,E4,E5,E6,E7,E8,E9,E10,E11,E12,E13,E14,E15
A1,0.0,0.39874958992004395,0.6252663731575012,0.9596590399742126,1.2313921451568604,1.5600866079330444,1.8198270797729492,2.091890811920166,2.258845567703247,2.331484079360962,2.709294557571411,2.8463335037231445,3.142904758453369,3.1937906742095947,3.1630377769470215,1.9693338871002197,2.1034045219421387,2.3300869464874268,2.439744710922241,2.767082452774048,2.89125919342041,3.219050645828247,3.258824586868286,3.4436585903167725,3.762127637863159,3.909616708755493,3.7492589950561523,3.9676311016082764,3.7725093364715576,3.4556822776794434,2.529979705810547,2.795927047729492,3.1427958011627197,3.4166135787963867,3.6815741062164307,3.980743646621704,4.190011024475098,4.422832489013672,4.681395530700684,4.710212230682373,5.037968635559082,4.9777913093566895,5.336487293243408,5.352682113647461,5.172578811645508,3.561673879623413,3.574796676635742,3.299375534057617,3.588369369506836,3.608470916748047,3.8234164714813232,4.067605495452881,4.252376556396484,4.29616641998291,4.262882232666016,4.493217945098877,4.3281097412109375,4.62422513961792,4.570056915283203,4.3595733642578125,2.9064180850982666,2.731003999710083,2.3856489658355713,2.4091975688934326,2.2267773151397705,2.3767857551574707,2.2889528274536133,2.551070213317871,2.3869805335998535,2.075389862060547,2.2755699157714844,1.9945815801620483,2.270559072494507,2.209045648574829,2.3140342235565186
A2,0.39874958992004395,0.0,0.39317587018013,0.6252473592758179,0.9103893637657166,1.2455933094024658,1.4637902975082397,1.7544127702713013,1.922553300857544,1.9652010202407837,2.343410015106201,2.4626870155334473,2.7669503688812256,2.8080568313598633,2.7905731201171875,1.6004561185836792,1.7407655715942383,1.9462873935699463,2.062082052230835,2.3802835941314697,2.5072553157806396,2.840017795562744,2.8860278129577637,3.0597190856933594,3.3812408447265625,3.538353204727173,3.3928866386413574,3.617372989654541,3.440537691116333,3.1366829872131348,2.2166433334350586,2.512058973312378,2.8435347080230713,3.1311538219451904,3.388132095336914,3.6872594356536865,3.913973808288574,4.145843029022217,4.39478063583374,4.441976070404053,4.778627395629883,4.743057727813721,5.106813430786133,5.145971298217773,4.985321521759033,3.3753104209899902,3.4004790782928467,3.112046718597412,3.394788980484009,3.4484336376190186,3.6551272869110107,3.9240801334381104,4.1036906242370605,4.180474281311035,4.1732282638549805,4.416454792022705,4.280208110809326,4.588100910186768,4.562928199768066,4.3810200691223145,2.8820478916168213,2.6980416774749756,2.3331401348114014,2.321537494659424,2.1652984619140625,2.2714903354644775,2.2201783657073975,2.4435529708862305,2.268888235092163,1.991995096206665,2.234790325164795,1.9962553977966309,2.2975523471832275,2.3031535148620605,2.4220376014709473
A3,0.6252663731575012,0.39317587018013,0.0,0.38759645819664,0.6247900724411011,0.9388576149940491,1.2221759557724,1.4798665046691895,1.6446367502212524,1.7494579553604126,2.1192641258239746,2.2930731773376465,2.5877716541290283,2.6795759201049805,2.6751747131347656,1.699064016342163,1.868194580078125,2.0044641494750977,2.112687826156616,2.399670362472534,2.489893674850464,2.8433239459991455,2.8528435230255127,2.992849826812744,3.3359203338623047,3.467900037765503,3.315856456756592,3.512166976928711,3.3276755809783936,3.0346994400024414,2.3360486030578613,2.653017282485962,2.9773027896881104,3.253225088119507,3.5231308937072754,3.8001227378845215,4.054569721221924,4.260388374328613,4.515512466430664,4.593413829803467,4.925281524658203,4.912015438079834,5.285214900970459,5.332679271697998,5.193826675415039,3.5842502117156982,3.6424951553344727,3.3658978939056396,3.6581199169158936,3.739698886871338,3.9529199600219727,4.230528354644775,4.417428016662598,4.510274887084961,4.507589817047119,4.746242046356201,4.615905284881592,4.919294357299805,4.8939924240112305,4.7202935218811035,3.1980414390563965,3.0358057022094727,2.663646936416626,2.664175033569336,2.531383514404297,2.6301076412200928,2.594724655151367,2.8030471801757812,2.6192822456359863,2.351522445678711,2.5938239097595215,2.3536436557769775,2.6403136253356934,2.646585464477539,2.733358383178711
A4,0.9596590399742126,0.6252473592758179,0.38759645819664,0.0,0.38394832611083984,0.6336386799812317,0.8840476274490356,1.1380215883255005,1.3368189334869385,1.4223155975341797,1.7841342687606812,1.9503445625305176,2.265483856201172,2.357210874557495,2.3906102180480957,1.467294692993164,1.6177905797958374,1.699587106704712,1.7867470979690552,2.0578269958496094,2.1263537406921387,2.485381603240967,2.482142686843872,2.6126046180725098,2.9598093032836914,3.08725643157959,2.9397077560424805,3.1349191665649414,2.960469961166382,2.6782944202423096,2.0576579570770264,2.3944027423858643,2.7015700340270996,2.975968360900879,3.2443575859069824,3.5091776847839355,3.7825350761413574,3.9759256839752197,4.226452827453613,4.32643985748291,4.659239292144775,4.669577121734619,5.047540664672852,5.112405300140381,4.995906352996826,3.4023702144622803,3.482891321182251,3.208664894104004,3.499058961868286,3.6160638332366943,3.828003168106079,4.121272087097168,4.310675621032715,4.432280540466309,4.447020053863525,4.687702178955078,4.5813822746276855,4.887491226196289,4.883486747741699,4.737656593322754,3.1872124671936035,3.034040927886963,2.6527764797210693,2.6395514011383057,2.547548770904541,2.618330955505371,2.628438949584961,2.8054370880126953,2.631873846054077,2.4087600708007812,2.686359167098999,2.4911530017852783,2.798039197921753,2.851526975631714,2.958853244781494
A5,1.2313921451568604,0.9103893637657166,0.6247900724411011,0.38394832611083984,0.0,0.39757293462753296,0.6217122077941895,0.9139511585235596,1.0292255878448486,1.1355259418487549,1.5040709972381592,1.6995658874511719,1.9811052083969116,2.1042721271514893,2.114795207977295,1.4505376815795898,1.6657800674438477,1.694675326347351,1.8247079849243164,2.040285348892212,2.114581823348999,2.4839324951171875,2.485832691192627,2.560544967651367,2.9231886863708496,3.0594558715820312,2.9426345825195312,3.1247832775115967,2.978668451309204,2.7312397956848145,2.230942726135254,2.5937225818634033,2.8679826259613037,3.1540586948394775,3.403721332550049,3.6636135578155518,3.954536199569702,4.143714904785156,4.377974510192871,4.498995780944824,4.839089393615723,4.875899314880371,5.2542829513549805,5.341269493103027,5.241449356079102,3.6695382595062256,3.751957893371582,3.4665229320526123,3.7390336990356445,3.872019052505493,4.064364433288574,4.374189853668213,4.546056270599365,4.686154365539551,4.7223734855651855,4.9764580726623535,4.886888027191162,5.201712608337402,5.21320915222168,5.075361251831055,3.5280563831329346,3.3605003356933594,2.979830741882324,2.935593605041504,2.8333816528320312,2.867129325866699,2.865269899368286,3.0083446502685547,2.8019659519195557,2.5831336975097656,2.845566749572754,2.6513381004333496,2.933267593383789,3.0052971839904785,3.075617551803589
A6,1.5600866079330444,1.2455933094024658,0.9388576149940491,0.6336386799812317,0.39757293462753296,0.0,0.3964020907878876,0.5534349679946899,0.7418854832649231,0.9290092587471008,1.2517807483673096,1.501863956451416,1.7947977781295776,1.9657483100891113,2.037161350250244,1.5910696983337402,1.768053650856018,1.7120870351791382,1.7901006937026978,1.9645648002624512,1.9745200872421265,2.347360372543335,2.297987699508667,2.3457107543945312,2.718322515487671,2.816892147064209,2.6878392696380615,2.839294910430908,2.6860694885253906,2.4539594650268555,2.2108817100524902,2.573533296585083,2.8313307762145996,3.09074330329895,3.3505966663360596,3.577834129333496,3.891695976257324,4.047628879547119,4.286804676055908,4.4383955001831055,4.7665886878967285,4.826043605804443,5.210409641265869,5.304945945739746,5.231326580047607,3.686521053314209,3.805405378341675,3.5418765544891357,3.822436571121216,3.9873762130737305,4.189663887023926,4.502968788146973,4.687767505645752,4.846396446228027,4.885558128356934,5.128833770751953,5.050278186798096,5.356810092926025,5.373076915740967,5.254082679748535,3.689373016357422,3.5501811504364014,3.166694402694702,3.1390366554260254,3.0775880813598633,3.110966205596924,3.1463193893432617,3.2794501781463623,3.0922718048095703,2.901944875717163,3.1837990283966064,3.010718584060669,3.303152084350586,3.38696551322937,3.4664905071258545
A7,1.8198270797729492,1.4637902975082397,1.2221759557724,0.8840476274490356,0.6217122077941895,0.3964020907878876,0.0,0.38709330558776855,0.49137628078460693,0.5550154447555542,0.9028633832931519,1.1154744625091553,1.4183837175369263,1.5721217393875122,1.6559339761734009,1.3648569583892822,1.5535635948181152,1.4380931854248047,1.541017770767212,1.6627578735351562,1.6878764629364014,2.058856725692749,2.0357472896575928,2.046340227127075,2.4209094047546387,2.5490903854370117,2.462818145751953,2.6281087398529053,2.521852970123291,2.3257782459259033,2.0788917541503906,2.4601287841796875,2.674882411956787,2.9501945972442627,3.179476737976074,3.40773606300354,3.7302680015563965,3.8917534351348877,4.106509208679199,4.270861625671387,4.6088786125183105,4.693479061126709,5.073416233062744,5.19439697265625,5.136682510375977,3.6324024200439453,3.745957136154175,3.4696342945098877,3.724120855331421,3.909817934036255,4.0884246826171875,4.418991565704346,4.584809303283691,4.768869400024414,4.8354172706604,5.092255592346191,5.041696548461914,5.35809850692749,5.402235984802246,5.304888725280762,3.7509377002716064,3.5958075523376465,3.216607093811035,3.1490402221679688,3.0973997116088867,3.085613965988159,3.135709762573242,3.2251269817352295,3.0296783447265625,2.8757128715515137,3.16519832611084,3.02919340133667,3.3191380500793457,3.446079730987549,3.529096841812134
A8,2.091890811920166,1.7544127702713013,1.4798665046691895,1.1380215883255005,0.9139511585235596,0.5534349679946899,0.38709330558776855,0.0,0.3783712089061737,0.5916430950164795,0.7954096794128418,1.0887281894683838,1.3872660398483276,1.6024985313415527,1.755205750465393,1.6714143753051758,1.811692237854004,1.6366894245147705,1.6722408533096313,1.7515990734100342,1.69517183303833,2.056666851043701,1.9662132263183594,1.9472432136535645,2.3270437717437744,2.4005768299102783,2.293172836303711,2.414694309234619,2.293611526489258,2.115347385406494,2.174215793609619,2.5392568111419678,2.7411656379699707,2.979384660720825,3.222029209136963,3.4119369983673096,3.752981185913086,3.8762221336364746,4.099277019500732,4.291755199432373,4.612396717071533,4.714473247528076,5.098917007446289,5.2210211753845215,5.1867146492004395,3.7137649059295654,3.862800121307373,3.6139872074127197,3.8793890476226807,4.088346481323242,4.280496120452881,4.607301712036133,4.788776397705078,4.982624530792236,5.044643402099609,5.286579132080078,5.239549160003662,5.544207572937012,5.58564567565918,5.500673294067383,3.93792986869812,3.813311815261841,3.4342522621154785,3.392362594604492,3.3728978633880615,3.3735477924346924,3.4497804641723633,3.542670249938965,3.367079257965088,3.22641658782959,3.5270731449127197,3.3967714309692383,3.6946024894714355,3.8174571990966797,3.906101703643799
A9,2.258845567703247,1.922553300857544,1.6446367502212524,1.3368189334869385,1.0292255878448486,0.7418854832649231,0.49137628078460693,0.3783712089061737,0.0,0.3812269866466522,0.5725198984146118,0.9146168828010559,1.1383424997329712,1.3948264122009277,1.500536561012268,1.7096970081329346,1.907833218574524,1.7211592197418213,1.8181002140045166,1.847737431526184,1.8301019668579102,2.181597948074341,2.127352714538574,2.051995277404785,2.4300711154937744,2.5316712856292725,2.47408127784729,2.591780424118042,2.5155417919158936,2.378382682800293,2.417548894882202,2.7959916591644287,2.9713923931121826,3.229090929031372,3.4437906742095947,3.6415610313415527,3.98378849029541,4.117553234100342,4.3185224533081055,4.51554012298584,4.846149444580078,4.963223457336426,5.342306137084961,5.482263088226318,5.4522552490234375,3.996427536010742,4.128498554229736,3.861219882965088,4.104964256286621,4.31265115737915,4.481688022613525,4.8203253746032715,4.979363918304443,5.181798458099365,5.262051105499268,5.520149230957031,5.483911991119385,5.799678325653076,5.853384494781494,5.767825603485107,4.21470308303833,4.065766334533691,3.688284397125244,3.6152830123901367,3.571267604827881,3.5433080196380615,3.5961410999298096,3.6644792556762695,3.4580957889556885,3.3145570755004883,3.5942180156707764,3.461848258972168,3.734083890914917,3.868835210800171,3.9265642166137695
A10,2.331484079360962,1.9652010202407837,1.7494579553604126,1.4223155975341797,1.1355259418487549,0.9290092587471008,0.5550154447555542,0.5916430950164795,0.3812269866466522,0.0,0.3880445957183838,0.5978328585624695,0.8664302229881287,1.0586713552474976,1.1684722900390625,1.4342546463012695,1.6348398923873901,1.4198006391525269,1.5498793125152588,1.5429514646530151,1.567403793334961,1.9097166061401367,1.9070003032684326,1.8185151815414429,2.188843250274658,2.3401856422424316,2.3262457847595215,2.479182004928589,2.4472575187683105,2.328226089477539,2.2277793884277344,2.6144611835479736,2.757657766342163,3.0363922119140625,3.219632863998413,3.430999755859375,3.768010377883911,3.920771598815918,4.098697662353516,4.291259288787842,4.633884429931641,4.760855674743652,5.132452011108398,5.290317535400391,5.262604236602783,3.8375401496887207,3.9515652656555176,3.6690852642059326,3.88694167137146,4.100880146026611,4.2469072341918945,4.596198558807373,4.7358527183532715,4.952975749969482,5.054157733917236,5.324604511260986,5.308981895446777,5.633615016937256,5.709473133087158,5.638103008270264,4.107663631439209,3.9401886463165283,3.570814371109009,3.4626522064208984,3.4210684299468994,3.3574068546295166,3.418126344680786,3.452263593673706,3.2430150508880615,3.1303248405456543,3.413578987121582,3.314749240875244,3.585700511932373,3.75469970703125,3.823448896408081
A11,2.709294557571411,2.343410015106201,2.1192641258239746,1.7841342687606812,1.5040709972381592,1.2517807483673096,0.9028633832931519,0.7954096794128418,0.5725198984146118,0.3880445957183838,0.0,0.39806604385375977,0.6050478219985962,0.8865132927894592,1.0812716484069824,1.7082359790802002,1.8735486268997192,1.5986030101776123,1.6907000541687012,1.6032001972198486,1.5742144584655762,1.8807111978530884,1.847481608390808,1.6871408224105835,2.0479607582092285,2.1755590438842773,2.191638231277466,2.309476375579834,2.3138508796691895,2.250906229019165,2.3819825649261475,2.7549195289611816,2.8576083183288574,3.1130378246307373,3.2801403999328613,3.459202527999878,3.8100476264953613,3.9356086254119873,4.098980903625488,4.319686412811279,4.6522111892700195,4.808447360992432,5.176626682281494,5.351750373840332,5.351382732391357,3.9878880977630615,4.120798587799072,3.852890968322754,4.059762001037598,4.297762870788574,4.436985015869141,4.790295600891113,4.927288055419922,5.163519859313965,5.276570796966553,5.543392181396484,5.545080661773682,5.865812301635742,5.953991889953613,5.901241302490234,4.378939151763916,4.223509311676025,3.859097957611084,3.7494852542877197,3.7302322387695312,3.654324769973755,3.734529972076416,3.74990177154541,3.549359083175659,3.460857629776001,3.7482640743255615,3.6676125526428223,3.936892032623291,4.119235038757324,4.188114643096924
A12,2.8463335037231445,2.4626870155334473,2.2930731773376465,1.9503445625305176,1.6995658874511719,1.501863956451416,1.1154744625091553,1.0887281894683838,0.9146168828010559,0.5978328585624695,0.39806604385375977,0.0,0.38892364501953125,0.5297770500183105,0.7948558926582336,1.546787977218628,1.6891382932662964,1.379455804824829,1.4904252290725708,1.3382123708724976,1.3489452600479126,1.6220670938491821,1.6490373611450195,1.4635123014450073,1.8026915788650513,1.9877357482910156,2.060403347015381,2.214035987854004,2.2721221446990967,2.2349514961242676,2.2403128147125244,2.60900616645813,2.667963743209839,2.9376413822174072,3.0656068325042725,3.2524516582489014,3.595752716064453,3.737126111984253,3.8724007606506348,4.090194225311279,4.432096004486084,4.601309776306152,4.959095001220703,5.15403413772583,5.159330368041992,3.846741199493408,3.9626078605651855,3.6847422122955322,3.8610289096832275,4.107329845428467,4.2210307121276855,4.582812309265137,4.699183940887451,4.951962471008301,5.086990833282471,5.363541126251221,5.388545036315918,5.71539831161499,5.826923847198486,5.791562557220459,4.304312705993652,4.134936809539795,3.783755302429199,3.6417901515960693,3.6305439472198486,3.519339084625244,3.611640214920044,3.5902132987976074,3.393998622894287,3.3434109687805176,3.632627248764038,3.5901927947998047,3.8566482067108154,4.071664810180664,4.153718948364258
A13,3.142904758453369,2.7669503688812256,2.5877716541290283,2.265483856201172,1.9811052083969116,1.7947977781295776,1.4183837175369263,1.3872660398483276,1.1383424997329712,0.8664302229881287,0.6050478219985962,0.38892364501953125,0.0,0.3855854868888855,0.6059229373931885,1.8168573379516602,1.9872760772705078,1.6844708919525146,1.8228566646575928,1.6318525075912476,1.6580599546432495,1.887252688407898,1.9304112195968628,1.6922540664672852,1.9965052604675293,2.1852657794952393,2.302557945251465,2.431685447692871,2.527778148651123,2.5326502323150635,2.593787431716919,2.9573960304260254,2.990767240524292,3.2602455615997314,3.362614870071411,3.5417306423187256,3.8829128742218018,4.021362781524658,4.133864402770996,4.3600077629089355,4.701600074768066,4.88844633102417,5.237431049346924,5.448658466339111,5.464681148529053,4.191665172576904,4.299702167510986,4.016347885131836,4.173147201538086,4.420563697814941,4.5144734382629395,4.881860733032227,4.979311943054199,5.240790843963623,5.391128063201904,5.676684856414795,5.71308708190918,6.045070648193359,6.167150020599365,6.1351704597473145,4.662608623504639,4.481412410736084,4.134310245513916,3.9748644828796387,3.9504470825195312,3.8198795318603516,3.8970084190368652,3.8547074794769287,3.639702796936035,3.5920214653015137,3.860933303833008,3.8206446170806885,4.0629754066467285,4.286847114562988,4.343687534332275
A14,3.1937906742095947,2.8080568313598633,2.6795759201049805,2.357210874557495,2.1042721271514893,1.9657483100891113,1.5721217393875122,1.6024985313415527,1.3948264122009277,1.0586713552474976,0.8865132927894592,0.5297770500183105,0.3855854868888855,0.0,0.3992688059806824,1.6508175134658813,1.799383521080017,1.4913651943206787,1.6536892652511597,1.4237847328186035,1.507515549659729,1.697220802307129,1.8101669549942017,1.5780856609344482,1.8481873273849487,2.096775770187378,2.2551376819610596,2.4247100353240967,2.554250955581665,2.5638890266418457,2.450737476348877,2.8054959774017334,2.8058929443359375,3.091270685195923,3.157620906829834,3.3514084815979004,3.6774070262908936,3.838088035583496,3.925938129425049,4.1391706466674805,4.490768909454346,4.6807684898376465,5.018583297729492,5.24320650100708,5.256872653961182,4.025049686431885,4.110654830932617,3.8164472579956055,3.9442861080169678,4.1914873123168945,4.260887622833252,4.63324499130249,4.710136890411377,4.981709003448486,5.149909973144531,5.444485664367676,5.498935222625732,5.836241722106934,5.977061748504639,5.957217693328857,4.524782180786133,4.329151153564453,3.9967241287231445,3.8085718154907227,3.787050485610962,3.6264865398406982,3.710188388824463,3.6361865997314453,3.425926446914673,3.411360025405884,3.678304433822632,3.6722943782806396,3.9104161262512207,4.161074161529541,4.2314324378967285
A15,3.1630377769470215,2.7905731201171875,2.6751747131347656,2.3906102180480957,2.114795207977295,2.037161350250244,1.6559339761734009,1.755205750465393,1.500536561012268,1.1684722900390625,1.0812716484069824,0.7948558926582336,0.6059229373931885,0.3992688059806824,0.0,1.632736086845398,1.8470782041549683,1.6014420986175537,1.8348392248153687,1.6431044340133667,1.7942131757736206,1.991105079650879,2.144557237625122,1.9401487112045288,2.2020037174224854,2.4731056690216064,2.632449150085449,2.814713954925537,2.936779260635376,2.927797317504883,2.6521594524383545,3.017040729522705,3.0303115844726562,3.3420841693878174,3.3984503746032715,3.6205601692199707,3.930267572402954,4.11879825592041,4.1989359855651855,4.389676094055176,4.753419399261475,4.930219650268555,5.262510776519775,5.4866156578063965,5.481629371643066,4.226881504058838,4.282528400421143,3.96525502204895,4.080389976501465,4.3029866218566895,4.354424953460693,4.729856014251709,4.785451412200928,5.047120571136475,5.222263336181641,5.532562732696533,5.583329200744629,5.931500434875488,6.073249816894531,6.038719654083252,4.620648384094238,4.397392272949219,4.067327499389648,3.8561174869537354,3.7966434955596924,3.6202571392059326,3.665909767150879,3.5799598693847656,3.337034225463867,3.307213544845581,3.54296612739563,3.5282485485076904,3.7355103492736816,3.989315986633301,4.029970169067383
B1,1.9693338871002197,1.6004561185836792,1.699064016342163,1.467294692993164,1.4505376815795898,1.5910696983337402,1.3648569583892822,1.6714143753051758,1.7096970081329346,1.4342546463012695,1.7082359790802002,1.546787977218628,1.8168573379516602,1.6508175134658813,1.632736086845398,0.0,0.3866955637931824,0.5690678954124451,0.9010648727416992,1.0921586751937866,1.3967751264572144,1.6581189632415771,1.8802205324172974,1.9884387254714966,2.2512595653533936,2.5451207160949707,2.55757212638855,2.853101968765259,2.841304302215576,2.652508497238159,1.4982296228408813,1.8633604049682617,2.008432149887085,2.3832457065582275,2.497396230697632,2.825562000274658,3.068549156188965,3.345319986343384,3.4896011352539062,3.5684754848480225,3.952554941177368,4.01064920425415,4.3534464836120605,4.5019025802612305,4.4016876220703125,2.967726230621338,2.960017442703247,2.6056153774261475,2.762784004211426,2.9133472442626953,3.007465362548828,3.363276958465576,3.455639123916626,3.6560137271881104,3.779855251312256,4.086521148681641,4.085415363311768,4.437080383300781,4.544370174407959,4.472461700439453,3.046412467956543,2.7986152172088623,2.466620683670044,2.2510759830474854,2.1718437671661377,2.0254006385803223,2.080735445022583,2.0552725791931152,1.8506731986999512,1.807956576347351,2.1155357360839844,2.1158783435821533,2.4116718769073486,2.6565797328948975,2.810164451599121
B2,2.1034045219421387,1.7407655715942383,1.868194580078125,1.6177905797958374,1.6657800674438477,1.768053650856018,1.5535635948181152,1.811692237854004,1.907833218574524,1.6348398923873901,1.8735486268997192,1.6891382932662964,1.9872760772705078,1.799383521080017,1.8470782041549683,0.3866955637931824,0.0,0.3904639482498169,0.6312046647071838,0.8842860460281372,1.1907747983932495,1.412831425666809,1.6501057147979736,1.815659761428833,2.0434556007385254,2.3376009464263916,2.339060068130493,2.653879165649414,2.641191005706787,2.4448211193084717,1.1421006917953491,1.4941248893737793,1.6284817457199097,2.007412910461426,2.1170594692230225,2.4517276287078857,2.6869211196899414,2.9697353839874268,3.1158649921417236,3.1872153282165527,3.5708038806915283,3.6245832443237305,3.967881917953491,4.115302085876465,4.017253875732422,2.5967934131622314,2.593859910964966,2.244659662246704,2.402449131011963,2.5733532905578613,2.6764495372772217,3.0341219902038574,3.140644073486328,3.3536791801452637,3.4780828952789307,3.7758607864379883,3.78666090965271,4.132960319519043,4.250245094299316,4.19948673248291,2.7816059589385986,2.551509380340576,2.2285773754119873,2.014819383621216,1.9922559261322021,1.842677354812622,1.9636484384536743,1.9307831525802612,1.7913002967834473,1.8079956769943237,2.1486566066741943,2.1949462890625,2.5168228149414062,2.7691330909729004,2.9677884578704834
B3,2.3300869464874268,1.9462873935699463,2.0044641494750977,1.699587106704712,1.694675326347351,1.7120870351791382,1.4380931854248047,1.6366894245147705,1.7211592197418213,1.4198006391525269,1.5986030101776123,1.379455804824829,1.6844708919525146,1.4913651943206787,1.6014420986175537,0.5690678954124451,0.3904639482498169,0.0,0.3717973232269287,0.52923983335495,0.843085527420044,1.0898091793060303,1.323372483253479,1.4489359855651855,1.6939297914505005,1.9915891885757446,2.0150506496429443,2.3231146335601807,2.3368914127349854,2.17405104637146,1.123683214187622,1.4952936172485352,1.5816842317581177,1.9413386583328247,2.047940254211426,2.347022294998169,2.620152473449707,2.869232177734375,3.0092036724090576,3.1252880096435547,3.503382444381714,3.596341133117676,3.945948839187622,4.11429500579834,4.052014350891113,2.6782612800598145,2.7180609703063965,2.3949954509735107,2.5520596504211426,2.7663702964782715,2.8712961673736572,3.233793258666992,3.346163511276245,3.5846707820892334,3.718679428100586,4.006057262420654,4.034168720245361,4.371657371520996,4.4978928565979,4.468108177185059,3.042966604232788,2.842602252960205,2.5192556381225586,2.3278701305389404,2.341315984725952,2.1973085403442383,2.3406152725219727,2.2982592582702637,2.168684959411621,2.196284055709839,2.5329501628875732,2.5772182941436768,2.892557382583618,3.145195960998535,3.329836845397949
B4,2.439744710922241,2.062082052230835,2.112687826156616,1.7867470979690552,1.8247079849243164,1.7901006937026978,1.541017770767212,1.6722408533096313,1.8181002140045166,1.5498793125152588,1.6907000541687012,1.4904252290725708,1.8228566646575928,1.6536892652511597,1.8348392248153687,0.9010648727416992,0.6312046647071838,0.3717973232269287,0.0,0.3777661919593811,0.5836889743804932,0.8273296356201172,1.0236667394638062,1.2215425968170166,1.4521009922027588,1.720206618309021,1.7084872722625732,2.026319742202759,2.0240638256073,1.848948359489441,0.8193401098251343,1.191191554069519,1.2737994194030762,1.6123311519622803,1.7465448379516602,2.0253591537475586,2.317146062850952,2.543518304824829,2.703185558319092,2.8358912467956543,3.203617811203003,3.3015997409820557,3.6611878871917725,3.8245041370391846,3.7769203186035156,2.4093613624572754,2.4884159564971924,2.1967320442199707,2.375953197479248,2.6215779781341553,2.754072904586792,3.1076114177703857,3.249812602996826,3.496022939682007,3.6174938678741455,3.882209300994873,3.9132027626037598,4.2353291511535645,4.359244346618652,4.347421646118164,2.915431022644043,2.7558631896972656,2.4363768100738525,2.282904624938965,2.3549344539642334,2.240002393722534,2.4333689212799072,2.4096179008483887,2.3335752487182617,2.381054639816284,2.737413167953491,2.7912790775299072,3.126986265182495,3.367539644241333,3.5779166221618652
B5,2.767082452774048,2.3802835941314697,2.399670362472534,2.0578269958496094,2.040285348892212,1.9645648002624512,1.6627578735351562,1.7515990734100342,1.847737431526184,1.5429514646530151,1.6032001972198486,1.3382123708724976,1.6318525075912476,1.4237847328186035,1.6431044340133667,1.0921586751937866,0.8842860460281372,0.52923983335495,0.3777661919593811,0.0,0.3762696087360382,0.57176274061203,0.8380329608917236,0.9499889612197876,1.1676924228668213,1.480966567993164,1.5420182943344116,1.8588201999664307,1.9230880737304688,1.8157286643981934,1.0763813257217407,1.4023151397705078,1.3899034261703491,1.7025526762008667,1.7839643955230713,2.0282504558563232,2.3362467288970947,2.542281150817871,2.666231393814087,2.8322694301605225,3.1981966495513916,3.3386237621307373,3.6890082359313965,3.8839304447174072,3.8684566020965576,2.604738712310791,2.6922178268432617,2.413586139678955,2.556211233139038,2.825958251953125,2.929861068725586,3.2903988361358643,3.4115407466888428,3.6836180686950684,3.8298604488372803,4.097333908081055,4.155520439147949,4.476304054260254,4.621137619018555,4.630435943603516,3.2375357151031494,3.0801708698272705,2.775304079055786,2.6063060760498047,2.684051513671875,2.540883779525757,2.734621047973633,2.674508810043335,2.5895962715148926,2.6599011421203613,3.003535270690918,3.073751449584961,3.3925843238830566,3.6524457931518555,3.848301410675049
B6,2.89125919342041,2.5072553157806396,2.489893674850464,2.1263537406921387,2.114581823348999,1.9745200872421265,1.6878764629364014,1.69517183303833,1.8301019668579102,1.567403793334961,1.5742144584655762,1.3489452600479126,1.6580599546432495,1.507515549659729,1.7942131757736206,1.3967751264572144,1.1907747983932495,0.843085527420044,0.5836889743804932,0.3762696087360382,0.0,0.3731859624385834,0.48971229791641235,0.6383566856384277,0.8961495757102966,1.1542918682098389,1.1792902946472168,1.4913809299468994,1.5473952293395996,1.4506248235702515,1.078454852104187,1.3739176988601685,1.3550878763198853,1.6031858921051025,1.7210500240325928,1.9071018695831299,2.24862003326416,2.4007411003112793,2.5469772815704346,2.7518200874328613,3.0950701236724854,3.2534501552581787,3.614102840423584,3.805104970932007,3.8158862590789795,2.5776805877685547,2.716679811477661,2.481189250946045,2.6490330696105957,2.9431710243225098,3.074653387069702,3.4212424755096436,3.570173501968384,3.8445498943328857,3.9750277996063232,4.218221664428711,4.2732930183410645,4.576417446136475,4.711811065673828,4.7319464683532715,3.3255157470703125,3.208791494369507,2.901759147644043,2.7766737937927246,2.888554811477661,2.779041051864624,2.995144844055176,2.959963798522949,2.8979873657226562,2.9605982303619385,3.314828634262085,3.372281789779663,3.7037458419799805,3.946577548980713,4.148110866546631
B7,3.219050645828247,2.840017795562744,2.8433239459991455,2.485381603240967,2.4839324951171875,2.347360372543335,2.058856725692749,2.056666851043701,2.181597948074341,1.9097166061401367,1.8807111978530884,1.6220670938491821,1.887252688407898,1.697220802307129,1.991105079650879,1.6581189632415771,1.412831425666809,1.0898091793060303,0.8273296356201172,0.57176274061203,0.3731859624385834,0.0,0.38787642121315,0.5586510896682739,0.6515530347824097,0.9682127833366394,1.063489317893982,1.3982832431793213,1.5197584629058838,1.4798616170883179,1.1515346765518188,1.3612847328186035,1.237575650215149,1.4499719142913818,1.5030401945114136,1.6595417261123657,1.999728798866272,2.1433048248291016,2.254709482192993,2.4754257202148438,2.8165369033813477,3.0031001567840576,3.3517560958862305,3.566960334777832,3.601696729660034,2.485214948654175,2.6255414485931396,2.4115054607391357,2.541002035140991,2.8588552474975586,2.968438148498535,3.3120415210723877,3.449415922164917,3.7457563877105713,3.8940348625183105,4.130690097808838,4.214882850646973,4.5104193687438965,4.668926239013672,4.718708515167236,3.3817782402038574,3.276130437850952,2.9981369972229004,2.8618228435516357,3.0042576789855957,2.8737523555755615,3.1159608364105225,3.0507819652557373,3.0179381370544434,3.123805046081543,3.4767143726348877,3.5698602199554443,3.898150682449341,4.158736228942871,4.374976634979248
B8,3.258824586868286,2.8860278129577637,2.8528435230255127,2.482142686843872,2.485832691192627,2.297987699508667,2.0357472896575928,1.9662132263183594,2.127352714538574,1.9070003032684326,1.847481608390808,1.6490373611450195,1.9304112195968628,1.8101669549942017,2.144557237625122,1.8802205324172974,1.6501057147979736,1.323372483253479,1.0236667394638062,0.8380329608917236,0.48971229791641235,0.38787642121315,0.0,0.3852482736110687,0.5402438044548035,0.7072498798370361,0.7102100849151611,1.0426747798919678,1.1359614133834839,1.1011663675308228,1.2322038412094116,1.4195722341537476,1.3332126140594482,1.4689860343933105,1.584730625152588,1.6749292612075806,2.0434305667877197,2.1221916675567627,2.2717275619506836,2.526373863220215,2.8361711502075195,3.0289034843444824,3.3894269466400146,3.5881223678588867,3.641885757446289,2.524893283843994,2.715602397918701,2.5419511795043945,2.708591938018799,3.0354175567626953,3.179309606552124,3.5058257579803467,3.6740643978118896,3.9608242511749268,4.084997177124023,4.297951698303223,4.367112636566162,4.645620822906494,4.784843444824219,4.834294319152832,3.4702351093292236,3.4010961055755615,3.1141767501831055,3.0243823528289795,3.1851344108581543,3.093799591064453,3.344374895095825,3.313274383544922,3.2896318435668945,3.3721587657928467,3.734373092651367,3.8032147884368896,4.143876552581787,4.382294178009033,4.599086761474609
B9,3.4436585903167725,3.0597190856933594,2.992849826812744,2.6126046180725098,2.560544967651367,2.3457107543945312,2.046340227127075,1.9472432136535645,2.051995277404785,1.8185151815414429,1.6871408224105835,1.4635123014450073,1.6922540664672852,1.5780856609344482,1.9401487112045288,1.9884387254714966,1.815659761428833,1.4489359855651855,1.2215425968170166,0.9499889612197876,0.6383566856384277,0.5586510896682739,0.3852482736110687,0.0,0.38040557503700256,0.5872410535812378,0.7333193421363831,0.9982472062110901,1.178140640258789,1.2386960983276367,1.5858737230300903,1.7949804067611694,1.6950552463531494,1.8320890665054321,1.9133081436157227,1.9832956790924072,2.3485424518585205,2.410109043121338,2.526840925216675,2.8019587993621826,3.104149580001831,3.3251404762268066,3.6737022399902344,3.892094373703003,3.964653253555298,2.900158643722534,3.084056854248047,2.9027676582336426,3.0512187480926514,3.3781449794769287,3.5020558834075928,3.836764335632324,3.9857444763183594,4.282535552978516,4.422056674957275,4.644636631011963,4.723108768463135,5.0068135261535645,5.153709411621094,5.203827857971191,3.837786912918091,3.7547550201416016,3.461977005004883,3.355743408203125,3.4947454929351807,3.3859341144561768,3.6168739795684814,3.569741725921631,3.516754627227783,3.5923187732696533,3.943575382232666,4.005798816680908,4.332230567932129,4.579115390777588,4.772494792938232
B10,3.762127637863159,3.3812408447265625,3.3359203338623047,2.9598093032836914,2.9231886863708496,2.718322515487671,2.4209094047546387,2.3270437717437744,2.4300711154937744,2.188843250274658,2.0479607582092285,1.8026915788650513,1.9965052604675293,1.8481873273849487,2.2020037174224854,2.2512595653533936,2.0434556007385254,1.6939297914505005,1.4521009922027588,1.1676924228668213,0.8961495757102966,0.6515530347824097,0.5402438044548035,0.38040557503700256,0.0,0.40313535928726196,0.6901275515556335,0.9551495313644409,1.2156424522399902,1.340210199356079,1.7081778049468994,1.847554326057434,1.6719835996627808,1.7592359781265259,1.7810145616531372,1.8016914129257202,2.15670108795166,2.1934452056884766,2.2717440128326416,2.5670197010040283,2.855381488800049,3.106687307357788,3.4388084411621094,3.679281711578369,3.7793469429016113,2.8522138595581055,3.038569688796997,2.8834104537963867,2.997922420501709,3.3418257236480713,3.4470200538635254,3.773078203201294,3.912318706512451,4.225794315338135,4.378626346588135,4.591273307800293,4.695302963256836,4.968653202056885,5.135021686553955,5.212702751159668,3.9157347679138184,3.844963788986206,3.5783987045288086,3.465759754180908,3.630962371826172,3.507524013519287,3.760314464569092,3.6905651092529297,3.6636765003204346,3.774244785308838,4.125085353851318,4.216917037963867,4.542108535766602,4.803166389465332,5.010992527008057
B11,3.909616708755493,3.538353204727173,3.467900037765503,3.08725643157959,3.0594558715820312,2.816892147064209,2.5490903854370117,2.4005768299102783,2.5316712856292725,2.3401856422424316,2.1755590438842773,1.9877357482910156,2.1852657794952393,2.096775770187378,2.4731056690216064,2.5451207160949707,2.3376009464263916,1.9915891885757446,1.720206618309021,1.480966567993164,1.1542918682098389,0.9682127833366394,0.7072498798370361,0.5872410535812378,0.40313535928726196,0.0,0.3781944811344147,0.5702809691429138,0.8788477778434753,1.082452654838562,1.878710150718689,1.9847204685211182,1.828980803489685,1.844128966331482,1.9047844409942627,1.8563988208770752,2.2215347290039062,2.1878578662872314,2.2927086353302,2.6184961795806885,2.866240978240967,3.126269578933716,3.461677312850952,3.6875665187835693,3.81166672706604,2.9277257919311523,3.15592360496521,3.042296886444092,3.181293249130249,3.533106565475464,3.6646568775177,3.972425937652588,4.137355327606201,4.4437479972839355,4.576415061950684,4.7646613121032715,4.859436988830566,5.11386251449585,5.265676975250244,5.3486199378967285,4.048824310302734,4.012856960296631,3.7457902431488037,3.6716248989105225,3.8569345474243164,3.7638916969299316,4.028120040893555,3.9833390712738037,3.9699902534484863,4.067922115325928,4.427422523498535,4.504591941833496,4.840995788574219,5.085320949554443,5.297541618347168
B12,3.7492589950561523,3.3928866386413574,3.315856456756592,2.9397077560424805,2.9426345825195312,2.6878392696380615,2.462818145751953,2.293172836303711,2.47408127784729,2.3262457847595215,2.191638231277466,2.060403347015381,2.302557945251465,2.2551376819610596,2.632449150085449,2.55757212638855,2.339060068130493,2.0150506496429443,1.7084872722625732,1.5420182943344116,1.1792902946472168,1.063489317893982,0.7102100849151611,0.7333193421363831,0.6901275515556335,0.3781944811344147,0.0,0.3500097692012787,0.5374253392219543,0.7100986242294312,1.758162260055542,1.8485074043273926,1.7447668313980103,1.7257161140441895,1.8549891710281372,1.793999195098877,2.1695806980133057,2.112600803375244,2.2739217281341553,2.594634771347046,2.8280017375946045,3.0599124431610107,3.412381649017334,3.605227470397949,3.719175338745117,2.772418975830078,3.0304973125457764,2.939060688018799,3.1172072887420654,3.4644222259521484,3.631096839904785,3.9249210357666016,4.120457172393799,4.408243656158447,4.513011932373047,4.683920860290527,4.755514621734619,4.998532772064209,5.127048492431641,5.2002482414245605,3.875218629837036,3.8657450675964355,3.592846393585205,3.5569686889648438,3.7551302909851074,3.698077917098999,3.9692885875701904,3.958449125289917,3.9589180946350098,4.037967205047607,4.406698226928711,4.465743064880371,4.815736770629883,5.0377631187438965,5.258920669555664
B13,3.9676311016082764,3.617372989654541,3.512166976928711,3.1349191665649414,3.1247832775115967,2.839294910430908,2.6281087398529053,2.414694309234619,2.591780424118042,2.479182004928589,2.309476375579834,2.214035987854004,2.431685447692871,2.4247100353240967,2.814713954925537,2.853101968765259,2.653879165649414,2.3231146335601807,2.026319742202759,1.8588201999664307,1.4913809299468994,1.3982832431793213,1.0426747798919678,0.9982472062110901,0.9551495313644409,0.5702809691429138,0.3500097692012787,0.0,0.38198351860046387,0.7136538624763489,2.0776920318603516,2.1595635414123535,2.06663179397583,2.0151631832122803,2.1506032943725586,2.0494184494018555,2.41684627532959,2.3124637603759766,2.4739975929260254,2.8128414154052734,3.0120770931243896,3.2554523944854736,3.6002895832061768,3.7874484062194824,3.923034906387329,3.033517360687256,3.311283826828003,3.242372989654541,3.42751407623291,3.7764086723327637,3.9509689807891846,4.235321521759033,4.43880558013916,4.72448205947876,4.821536064147949,4.979798316955566,5.047931671142578,5.2794976234436035,5.4000396728515625,5.476039409637451,4.153948783874512,4.161638259887695,3.8874659538269043,3.8699936866760254,4.071285247802734,4.026968002319336,4.29702615737915,4.295864582061768,4.2939958572387695,4.362626075744629,4.731945514678955,4.779189586639404,5.13038444519043,5.344050407409668,5.55905294418335
