,A1,A2,A3,A4,A5,A6,A7,A8,A9,A10,A11,A12,A13,A14,A15,B1,B2,B3,B4,B5,B6,B7,B8,B9,B10,B11,B12,B13,B14,B15,C1,C2,C3,C4,C5,C6,C7,C8,C9,C10,C11,C12,C13,C14,C15,D1,D2,D3,D4,D5,D6,D7,D8,D9,D10,D11,D12,D13,D14,D15,E1,E2,E3,E4,E5,E6,E7,E8,E9,E10,E11,E12,E13,E14,E15
A1,0.0,0.3856043219566345,0.621049165725708,0.953087329864502,1.2216514348983765,1.5300745964050293,1.8155434131622314,2.0742015838623047,2.1675045490264893,2.253425121307373,2.614990711212158,2.7819249629974365,3.1374871730804443,3.304044008255005,3.1204416751861572,1.6924870014190674,1.5031384229660034,1.339814305305481,1.5405789613723755,1.6250426769256592,1.8624587059020996,2.138644218444824,2.363567590713501,2.332307815551758,2.414203643798828,2.7653892040252686,2.940079927444458,3.2798686027526855,3.4104645252227783,3.2349278926849365,2.067861557006836,1.9540326595306396,1.8722710609436035,2.1038968563079834,2.0816233158111572,2.2998931407928467,2.524667263031006,2.761373996734619,2.70534610748291,2.72055721282959,3.0349671840667725,3.171386480331421,3.4789133071899414,3.5758073329925537,3.4559755325317383,2.528012990951538,2.455728530883789,2.4638965129852295,2.72058367729187,2.6497035026550293,2.8913419246673584,3.0564889907836914,3.3397011756896973,3.223142385482788,3.159026622772217,3.436544418334961,3.5184061527252197,3.794905185699463,3.873271942138672,3.730767250061035,3.0569350719451904,3.044043779373169,3.142143487930298,3.451502799987793,3.358081340789795,3.663276195526123,3.7109830379486084,4.024631977081299,3.8836183547973633,3.7760510444641113,4.046847343444824,4.050094127655029,4.261807918548584,4.39933967590332,4.590771198272705
A2,0.3856043219566345,0.0,0.3972933888435364,0.6742170453071594,0.9045940637588501,1.2464240789413452,1.4885636568069458,1.7794357538223267,1.870564579963684,1.9184778928756714,2.2855641841888428,2.4308509826660156,2.7918879985809326,2.9414467811584473,2.7501442432403564,1.3169207572937012,1.1566271781921387,1.0029469728469849,1.2314122915267944,1.2897197008132935,1.556878924369812,1.8016431331634521,2.0563440322875977,2.0198984146118164,2.06951904296875,2.4258692264556885,2.580977439880371,2.926082134246826,3.0416481494903564,2.856449842453003,1.718895673751831,1.6398752927780151,1.5827924013137817,1.8239586353302002,1.7741018533706665,2.0098297595977783,2.2022132873535156,2.4618422985076904,2.397818088531494,2.3825128078460693,2.697547674179077,2.8143022060394287,3.125521183013916,3.2075915336608887,3.0775835514068604,2.197469472885132,2.1539931297302246,2.1876144409179688,2.4471964836120605,2.3588991165161133,2.6113674640655518,2.747023344039917,3.0444583892822266,2.923086643218994,2.8317770957946777,3.106210708618164,3.168105125427246,3.4470486640930176,3.5102550983428955,3.3582637310028076,2.7346394062042236,2.738438606262207,2.859476327896118,3.1662967205047607,3.065316677093506,3.372581720352173,3.3960764408111572,3.7180917263031006,3.5794036388397217,3.4506688117980957,3.721143960952759,3.7077927589416504,3.9262382984161377,4.050178050994873,4.246586799621582
A3,0.621049165725708,0.3972933888435364,0.0,0.3836652338504791,0.616319477558136,0.91068434715271,1.2077175378799438,1.4560736417770386,1.5510509014129639,1.6534267663955688,2.0074565410614014,2.1987500190734863,2.5527145862579346,2.738912343978882,2.589773178100586,1.349972128868103,1.293186068534851,1.0813788175582886,1.2235623598098755,1.17546808719635,1.3765685558319092,1.625474452972412,1.8370137214660645,1.7567752599716187,1.8427565097808838,2.1801962852478027,2.3657145500183105,2.6918375492095947,2.8459081649780273,2.7013099193573,1.7908661365509033,1.7909777164459229,1.7072213888168335,1.89104425907135,1.764343500137329,1.9470584392547607,2.1156680583953857,2.3447771072387695,2.228658437728882,2.224170207977295,2.508707284927368,2.6364715099334717,2.921161651611328,3.027998685836792,2.9391939640045166,2.28885555267334,2.309011220932007,2.331890821456909,2.55202317237854,2.4064407348632812,2.6229987144470215,2.7267754077911377,3.0040793418884277,2.8382461071014404,2.7409915924072266,2.9805657863616943,3.036087989807129,3.284341335296631,3.3577163219451904,3.2401676177978516,2.8382413387298584,2.890667676925659,3.017171859741211,3.298158645629883,3.1569747924804688,3.44028377532959,3.430432081222534,3.7406153678894043,3.5691254138946533,3.41943359375,3.6591665744781494,3.621363639831543,3.81060791015625,3.9201908111572266,4.085836887359619
A4,0.953087329864502,0.6742170453071594,0.3836652338504791,0.0,0.3862636983394623,0.6229871511459351,0.9110237956047058,1.1460365056991577,1.3037129640579224,1.393733263015747,1.7354017496109009,1.9393559694290161,2.303699493408203,2.4802393913269043,2.356710433959961,1.1539840698242188,1.170609951019287,0.8991319537162781,0.948948085308075,0.83458012342453,1.0002521276474,1.256028652191162,1.4540709257125854,1.3852181434631348,1.488510012626648,1.8286076784133911,2.0359652042388916,2.367462158203125,2.5366992950439453,2.4151482582092285,1.5727635622024536,1.6326218843460083,1.514941692352295,1.6434119939804077,1.4639992713928223,1.6129522323608398,1.766511082649231,1.9810882806777954,1.8503509759902954,1.854673981666565,2.135394811630249,2.280123472213745,2.5648746490478516,2.6921911239624023,2.623507022857666,2.0642664432525635,2.1357696056365967,2.137896776199341,2.318594217300415,2.1316490173339844,2.3220369815826416,2.404754877090454,2.6692206859588623,2.4839253425598145,2.386319398880005,2.613623857498169,2.6760308742523193,2.917328357696533,3.0057733058929443,2.9069976806640625,2.6137757301330566,2.7100799083709717,2.8281798362731934,3.0806314945220947,2.906484842300415,3.1683497428894043,3.138381004333496,3.437252998352051,3.2467498779296875,3.0891199111938477,3.3127875328063965,3.269850969314575,3.4462645053863525,3.558046579360962,3.7157294750213623
A5,1.2216514348983765,0.9045940637588501,0.616319477558136,0.3862636983394623,0.0,0.3794584572315216,0.5967848300933838,0.8885180950164795,0.9729880094528198,1.0421563386917114,1.3974857330322266,1.5890381336212158,1.9468305110931396,2.1348166465759277,2.0105061531066895,1.0610673427581787,1.1817809343338013,0.9947668313980103,1.0674982070922852,0.8421292901039124,1.0023536682128906,1.1500861644744873,1.37398099899292,1.2270187139511108,1.2701060771942139,1.5947625637054443,1.7651498317718506,2.082167863845825,2.2413153648376465,2.11531925201416,1.5360738039016724,1.6639220714569092,1.6138641834259033,1.748853087425232,1.5222992897033691,1.6741819381713867,1.7440000772476196,1.9797515869140625,1.8028336763381958,1.7421224117279053,1.9899227619171143,2.0825862884521484,2.3463971614837646,2.4435765743255615,2.37211275100708,2.0409982204437256,2.155038833618164,2.211047410964966,2.3950304985046387,2.1887547969818115,2.3852391242980957,2.407848358154297,2.684969186782837,2.4808173179626465,2.3299381732940674,2.527308940887451,2.536093235015869,2.75885272026062,2.8093178272247314,2.7034828662872314,2.582913875579834,2.6932387351989746,2.8552613258361816,3.105100631713867,2.930893898010254,3.192262649536133,3.1190991401672363,3.4276864528656006,3.2410354614257812,3.0422327518463135,3.2533724308013916,3.166768789291382,3.342946767807007,3.4143569469451904,3.5631794929504395
A6,1.5300745964050293,1.2464240789413452,0.91068434715271,0.6229871511459351,0.3794584572315216,0.0,0.3873012959957123,0.5462367534637451,0.6947599053382874,0.8495869040489197,1.1572954654693604,1.4175894260406494,1.7611218690872192,1.9826850891113281,1.9254273176193237,1.266532301902771,1.4513564109802246,1.2342438697814941,1.1995097398757935,0.893517792224884,0.9087845087051392,1.0287524461746216,1.1632435321807861,0.9572052359580994,1.0621415376663208,1.3452526330947876,1.565165400505066,1.8533130884170532,2.064605474472046,2.0017247200012207,1.69464111328125,1.8790309429168701,1.7963377237319946,1.8596835136413574,1.5756951570510864,1.648808240890503,1.683966875076294,1.8650356531143188,1.6330105066299438,1.5924174785614014,1.7903368473052979,1.9028173685073853,2.129363775253296,2.2648096084594727,2.251181125640869,2.1714847087860107,2.338174343109131,2.3698298931121826,2.50250506401062,2.2488133907318115,2.394549608230591,2.3843045234680176,2.625894784927368,2.379991292953491,2.231677293777466,2.382185459136963,2.3898441791534424,2.5723588466644287,2.6418869495391846,2.5837392807006836,2.6974728107452393,2.854008913040161,3.0059762001037598,3.21990704536438,3.007972478866577,3.2347371578216553,3.1328091621398926,3.4182779788970947,3.199657917022705,2.987520456314087,3.1595287322998047,3.05275821685791,3.191648006439209,3.2516119480133057,3.364837408065796
A7,1.8155434131622314,1.4885636568069458,1.2077175378799438,0.9110237956047058,0.5967848300933838,0.3873012959957123,0.0,0.38386207818984985,0.4885443150997162,0.5009992718696594,0.8275165557861328,1.0503699779510498,1.4088759422302246,1.6067137718200684,1.5477439165115356,1.1371216773986816,1.4063644409179688,1.2563576698303223,1.217529296875,0.8615117073059082,0.8706792593002319,0.8376994729042053,1.013042688369751,0.7604202032089233,0.751774251461029,1.0311223268508911,1.2032630443572998,1.4986175298690796,1.6876940727233887,1.615717887878418,1.5414879322052002,1.7878177165985107,1.7523521184921265,1.804494857788086,1.4913979768753052,1.5657610893249512,1.5145385265350342,1.7186641693115234,1.4656968116760254,1.3495923280715942,1.5221132040023804,1.5798563957214355,1.8016403913497925,1.9054707288742065,1.8809740543365479,1.9944785833358765,2.204699993133545,2.2714483737945557,2.393101692199707,2.1260085105895996,2.2728233337402344,2.206212043762207,2.4576170444488525,2.2077863216400146,2.0099148750305176,2.138253688812256,2.0978522300720215,2.2739694118499756,2.3089888095855713,2.237993001937866,2.4942572116851807,2.6713597774505615,2.850437641143799,3.0498785972595215,2.836064338684082,3.055577516555786,2.9166533946990967,3.206449270248413,2.9967901706695557,2.7520899772644043,2.91564679145813,2.7760517597198486,2.9218246936798096,2.951472759246826,3.0689594745635986
A8,2.0742015838623047,1.7794357538223267,1.4560736417770386,1.1460365056991577,0.8885180950164795,0.5462367534637451,0.38386207818984985,0.0,0.3721102178096771,0.5495482683181763,0.7186233401298523,1.0438368320465088,1.3550516366958618,1.5957881212234497,1.629205584526062,1.477685809135437,1.7520660161972046,1.565091609954834,1.4537805318832397,1.0846917629241943,0.9579324722290039,0.9130164980888367,0.9339283108711243,0.6078457832336426,0.715339720249176,0.8894860744476318,1.1399421691894531,1.376190185546875,1.6396836042404175,1.6584538221359253,1.827993392944336,2.0943760871887207,2.019597053527832,2.0110247135162354,1.6676737070083618,1.6589173078536987,1.5894484519958496,1.7144880294799805,1.4088205099105835,1.336482286453247,1.4331965446472168,1.5238475799560547,1.6859935522079468,1.8454980850219727,1.9005719423294067,2.2435731887817383,2.4842679500579834,2.518005132675171,2.591688871383667,2.2893285751342773,2.3798983097076416,2.292407989501953,2.495616912841797,2.205866575241089,2.026313304901123,2.097371816635132,2.064713478088379,2.1858997344970703,2.2506325244903564,2.2440600395202637,2.720604419708252,2.933220148086548,3.092514753341675,3.257430076599121,3.0102455615997314,3.1921539306640625,3.0338306427001953,3.2930006980895996,3.050102949142456,2.8018054962158203,2.919471263885498,2.764950752258301,2.862522840499878,2.883230209350586,2.9546046257019043
A9,2.1675045490264893,1.870564579963684,1.5510509014129639,1.3037129640579224,0.9729880094528198,0.6947599053382874,0.4885443150997162,0.3721102178096771,0.0,0.36560195684432983,0.5386717319488525,0.8629713654518127,1.1430695056915283,1.4300647974014282,1.4571384191513062,1.5786629915237427,1.867577075958252,1.7420194149017334,1.6996352672576904,1.3351459503173828,1.2773914337158203,1.1890403032302856,1.2591181993484497,0.9180032014846802,0.9096938967704773,1.0269813537597656,1.176937460899353,1.3649519681930542,1.5982552766799927,1.5993174314498901,1.9749788045883179,2.245203971862793,2.227907657623291,2.2637650966644287,1.9322611093521118,1.9632179737091064,1.8625656366348267,2.0186750888824463,1.7121944427490234,1.581892967224121,1.6486403942108154,1.661150336265564,1.7879878282546997,1.8869365453720093,1.9238988161087036,2.40338397026062,2.6391100883483887,2.721769094467163,2.8259401321411133,2.5407207012176514,2.658299446105957,2.547889232635498,2.770616054534912,2.4892845153808594,2.272334337234497,2.3291120529174805,2.241936445236206,2.3464791774749756,2.356090545654297,2.3279128074645996,2.8729329109191895,3.0665652751922607,3.2637524604797363,3.4455618858337402,3.2215089797973633,3.418297529220581,3.2420363426208496,3.5158450603485107,3.2927253246307373,3.0198986530303955,3.138594388961792,2.952054977416992,3.058053731918335,3.0375659465789795,3.10433030128479
A10,2.253425121307373,1.9184778928756714,1.6534267663955688,1.393733263015747,1.0421563386917114,0.8495869040489197,0.5009992718696594,0.5495482683181763,0.36560195684432983,0.0,0.37440216541290283,0.5730751752853394,0.9158002734184265,1.1445449590682983,1.1241092681884766,1.3765021562576294,1.7034764289855957,1.6375457048416138,1.6151965856552124,1.2547858953475952,1.2402909994125366,1.062552809715271,1.2039823532104492,0.8904578685760498,0.7375974655151367,0.8678264021873474,0.9206119179725647,1.1460176706314087,1.3173631429672241,1.2657572031021118,1.7430952787399292,2.0403261184692383,2.0676889419555664,2.1137216091156006,1.786953091621399,1.8465436697006226,1.6953634023666382,1.8922958374023438,1.6052472591400146,1.4047162532806396,1.4777406454086304,1.427487850189209,1.577446460723877,1.6214715242385864,1.6106500625610352,2.147226333618164,2.398564100265503,2.514139413833618,2.623885154724121,2.3490042686462402,2.4853432178497314,2.3449549674987793,2.589587450027466,2.328718662261963,2.0724730491638184,2.1359899044036865,2.0100655555725098,2.134925603866577,2.1041738986968994,2.0354998111724854,2.5925896167755127,2.786320209503174,3.0054826736450195,3.185600996017456,2.9754958152770996,3.1782712936401367,2.985546588897705,3.271365165710449,3.0715205669403076,2.7805092334747314,2.911848545074463,2.71085262298584,2.8440449237823486,2.8074488639831543,2.9018867015838623
A11,2.614990711212158,2.2855641841888428,2.0074565410614014,1.7354017496109009,1.3974857330322266,1.1572954654693604,0.8275165557861328,0.7186233401298523,0.5386717319488525,0.37440216541290283,0.0,0.3836198151111603,0.6384658813476562,0.9160752892494202,1.01726496219635,1.6852740049362183,2.0299811363220215,1.9646573066711426,1.9040396213531494,1.5357595682144165,1.4565237760543823,1.228060007095337,1.283078670501709,0.9514831304550171,0.7906285524368286,0.7452490329742432,0.757607638835907,0.8722899556159973,1.089869499206543,1.1337995529174805,1.9937078952789307,2.3187997341156006,2.341963052749634,2.347782611846924,2.002328395843506,2.011728048324585,1.8112701177597046,1.9587754011154175,1.6412018537521362,1.4294095039367676,1.4047654867172241,1.3146672248840332,1.3778501749038696,1.423923373222351,1.4813460111618042,2.3468573093414307,2.6319801807403564,2.7424583435058594,2.8150322437286377,2.5183799266815186,2.615612030029297,2.4317104816436768,2.641573429107666,2.3586580753326416,2.0896871089935303,2.0867650508880615,1.9243193864822388,1.9858101606369019,1.9390676021575928,1.9168707132339478,2.748056173324585,2.971874237060547,3.19028902053833,3.3365180492401123,3.1077218055725098,3.2767693996429443,3.049528121948242,3.3109664916992188,3.097813844680786,2.786468029022217,2.872765302658081,2.635465621948242,2.73172926902771,2.6565046310424805,2.7108778953552246
A12,2.7819249629974365,2.4308509826660156,2.1987500190734863,1.9393559694290161,1.5890381336212158,1.4175894260406494,1.0503699779510498,1.0438368320465088,0.8629713654518127,0.5730751752853394,0.3836198151111603,0.0,0.38180819153785706,0.5736897587776184,0.6338962912559509,1.6601179838180542,2.022213935852051,2.025878667831421,1.9991672039031982,1.6549490690231323,1.6252301931381226,1.34040105342865,1.4545561075210571,1.1740692853927612,0.9072009325027466,0.8440318703651428,0.6677170991897583,0.7596433162689209,0.8443166613578796,0.816358208656311,1.9278671741485596,2.267336368560791,2.3461201190948486,2.3706936836242676,2.045119524002075,2.087034225463867,1.840783715248108,2.0246047973632812,1.7394649982452393,1.460580825805664,1.4265056848526,1.2390639781951904,1.297905683517456,1.2392977476119995,1.2321146726608276,2.2396957874298096,2.5327091217041016,2.6863150596618652,2.768864631652832,2.4937143325805664,2.6115055084228516,2.394461154937744,2.6237270832061768,2.370053291320801,2.0593173503875732,2.0536181926727295,1.833054780960083,1.9022830724716187,1.785548448562622,1.711336374282837,2.596564292907715,2.8121187686920166,3.060758113861084,3.2052292823791504,3.0005855560302734,3.1747899055480957,2.9260847568511963,3.1983799934387207,3.0181586742401123,2.684478998184204,2.779003381729126,2.5168895721435547,2.6405725479125977,2.530979871749878,2.6102335453033447
A13,3.1374871730804443,2.7918879985809326,2.5527145862579346,2.303699493408203,1.9468305110931396,1.7611218690872192,1.4088759422302246,1.3550516366958618,1.1430695056915283,0.9158002734184265,0.6384658813476562,0.38180819153785706,0.0,0.37680894136428833,0.6152771711349487,2.022606134414673,2.386167526245117,2.404186248779297,2.376160144805908,2.0320234298706055,1.9843770265579224,1.6881489753723145,1.7620785236358643,1.4801867008209229,1.2297346591949463,1.0750175714492798,0.848950207233429,0.7581133842468262,0.7994478940963745,0.8559102416038513,2.268099784851074,2.6137285232543945,2.7059617042541504,2.721757411956787,2.39558744430542,2.419581651687622,2.1480190753936768,2.3045082092285156,2.011902332305908,1.7289321422576904,1.6262993812561035,1.392449140548706,1.3522475957870483,1.2458394765853882,1.2823535203933716,2.5448484420776367,2.848271369934082,3.0135092735290527,3.0828213691711426,2.8062031269073486,2.9065446853637695,2.6597442626953125,2.8669629096984863,2.609459161758423,2.2881903648376465,2.2311763763427734,1.9694527387619019,1.9763730764389038,1.816247820854187,1.7693934440612793,2.858442783355713,3.080238103866577,3.3394997119903564,3.465146064758301,3.2621359825134277,3.415825128555298,3.140178680419922,3.3953418731689453,3.21933650970459,2.8686330318450928,2.9278430938720703,2.630363702774048,2.7266085147857666,2.5660006999969482,2.6088902950286865
A14,3.304044008255005,2.9414467811584473,2.738912343978882,2.4802393913269043,2.1348166465759277,1.9826850891113281,1.6067137718200684,1.5957881212234497,1.4300647974014282,1.1445449590682983,0.9160752892494202,0.5736897587776184,0.37680894136428833,0.0,0.38569965958595276,2.020465135574341,2.388861656188965,2.4464001655578613,2.4204649925231934,2.103447675704956,2.073073148727417,1.7378032207489014,1.83600914478302,1.609565258026123,1.3067349195480347,1.1438212394714355,0.8157778978347778,0.7058927416801453,0.5602468848228455,0.5590953826904297,2.192056655883789,2.547550916671753,2.6680119037628174,2.6772215366363525,2.370098114013672,2.4023404121398926,2.094130754470825,2.2624616622924805,2.006103515625,1.6844325065612793,1.569475531578064,1.267917275428772,1.2220878601074219,1.0180155038833618,0.9959351420402527,2.403961420059204,2.7189857959747314,2.9028050899505615,2.9606196880340576,2.699570894241333,2.800626277923584,2.5241382122039795,2.7331621646881104,2.504197597503662,2.158069372177124,2.0920090675354004,1.7879890203475952,1.7985255718231201,1.5809710025787354,1.4923350811004639,2.6580710411071777,2.8838088512420654,3.153317928314209,3.2602758407592773,3.0707693099975586,3.214228868484497,2.919241189956665,3.1716861724853516,3.022139549255371,2.6580357551574707,2.716125011444092,2.4017181396484375,2.5175509452819824,2.3316731452941895,2.399808645248413
A15,3.1204416751861572,2.7501442432403564,2.589773178100586,2.356710433959961,2.0105061531066895,1.9254273176193237,1.5477439165115356,1.629205584526062,1.4571384191513062,1.1241092681884766,1.01726496219635,0.6338962912559509,0.6152771711349487,0.38569965958595276,0.0,1.779270052909851,2.1366000175476074,2.2447619438171387,2.269232988357544,1.981856107711792,2.01853346824646,1.691440463066101,1.8684906959533691,1.6652418375015259,1.3282420635223389,1.2672935724258423,0.9344562292098999,0.9664543867111206,0.765343189239502,0.532953143119812,1.9566997289657593,2.2951812744140625,2.460103750228882,2.514336109161377,2.238893747329712,2.328165292739868,2.0341877937316895,2.2608532905578613,2.042156457901001,1.6979812383651733,1.660730004310608,1.358729600906372,1.4080007076263428,1.1730070114135742,1.018563985824585,2.1760997772216797,2.4652860164642334,2.6864657402038574,2.7840957641601562,2.5581424236297607,2.705883502960205,2.448018789291382,2.7000770568847656,2.506683111190796,2.1492080688476562,2.1441032886505127,1.8473507165908813,1.929225206375122,1.6997425556182861,1.5257867574691772,2.4352986812591553,2.6249454021453857,2.9202611446380615,3.058926820755005,2.905125141143799,3.0848166942596436,2.8086140155792236,3.0929698944091797,2.9771065711975098,2.6189279556274414,2.7273430824279785,2.436114549636841,2.605405807495117,2.443842887878418,2.5671982765197754
B1,1.6924870014190674,1.3169207572937012,1.349972128868103,1.1539840698242188,1.0610673427581787,1.266532301902771,1.1371216773986816,1.477685809135437,1.5786629915237427,1.3765021562576294,1.6852740049362183,1.6601179838180542,2.022606134414673,2.020465135574341,1.779270052909851,0.0,0.372804194688797,0.5264633893966675,0.7285889983177185,0.7115317583084106,1.049214243888855,1.0174468755722046,1.4044243097305298,1.432181477546692,1.2743934392929077,1.6195021867752075,1.6378307342529297,2.00974702835083,2.0093345642089844,1.7546002864837646,0.5282031893730164,0.6988264918327332,0.8278650045394897,1.0583339929580688,0.9372124075889587,1.2528650760650635,1.252979040145874,1.6201245784759521,1.5951337814331055,1.4237241744995117,1.748656153678894,1.7627265453338623,2.1115078926086426,2.109156608581543,1.8963814973831177,1.039817214012146,1.1441946029663086,1.297969102859497,1.5417203903198242,1.4157836437225342,1.7132188081741333,1.7177340984344482,2.07322096824646,1.9843206405639648,1.782517910003662,2.0633814334869385,2.0478909015655518,2.363924503326416,2.3610012531280518,2.140195369720459,1.5714715719223022,1.6482187509536743,1.8505918979644775,2.1265130043029785,2.01186466217041,2.3206045627593994,2.2591700553894043,2.610405921936035,2.5099947452545166,2.314490795135498,2.6001737117767334,2.5450594425201416,2.8127191066741943,2.8999366760253906,3.145266056060791
B2,1.5031384229660034,1.1566271781921387,1.293186068534851,1.170609951019287,1.1817809343338013,1.4513564109802246,1.4063644409179688,1.7520660161972046,1.867577075958252,1.7034764289855957,2.0299811363220215,2.022213935852051,2.386167526245117,2.388861656188965,2.1366000175476074,0.372804194688797,0.0,0.3884774446487427,0.7211512327194214,0.8661363124847412,1.2308993339538574,1.2886296510696411,1.6574018001556396,1.719502568244934,1.6069629192352295,1.9626398086547852,2.0025100708007812,2.3771793842315674,2.378194570541382,2.1184000968933105,0.6045417785644531,0.5432506203651428,0.6756224632263184,1.0035605430603027,1.004670262336731,1.3568729162216187,1.443731427192688,1.8012499809265137,1.8270630836486816,1.7043818235397339,2.0514800548553467,2.095193386077881,2.4537785053253174,2.460580825805664,2.2405507564544678,1.0750837326049805,1.0547053813934326,1.1884493827819824,1.487725853919983,1.4351258277893066,1.7616369724273682,1.8392692804336548,2.1958231925964355,2.148341417312622,1.9928861856460571,2.3065316677093506,2.329479217529297,2.6624717712402344,2.677197217941284,2.450040102005005,1.6033596992492676,1.6129189729690552,1.7832467555999756,2.094928026199341,2.0196073055267334,2.352802038192749,2.3507087230682373,2.70341157913208,2.6251509189605713,2.4747800827026367,2.785694122314453,2.773963451385498,3.053485155105591,3.1708717346191406,3.431494951248169
B3,1.339814305305481,1.0029469728469849,1.0813788175582886,0.8991319537162781,0.9947668313980103,1.2342438697814941,1.2563576698303223,1.565091609954834,1.7420194149017334,1.6375457048416138,1.9646573066711426,2.025878667831421,2.404186248779297,2.4464001655578613,2.2447619438171387,0.5264633893966675,0.3884774446487427,0.0,0.38459646701812744,0.586620032787323,0.9427947998046875,1.0982221364974976,1.4266718626022339,1.5121941566467285,1.478757619857788,1.8478049039840698,1.9613025188446045,2.340487241744995,2.401334524154663,2.194824695587158,0.7578903436660767,0.7406458258628845,0.6468280553817749,0.8820931911468506,0.8288334608078003,1.1387763023376465,1.2978392839431763,1.613282561302185,1.6269489526748657,1.5737566947937012,1.9305894374847412,2.040473222732544,2.3967089653015137,2.4644715785980225,2.2990152835845947,1.2233659029006958,1.2444312572479248,1.2628674507141113,1.496800184249878,1.3841729164123535,1.6616371870040894,1.7730892896652222,2.096844434738159,2.013692855834961,1.904256820678711,2.21374249458313,2.2848904132843018,2.6049163341522217,2.6707262992858887,2.4930636882781982,1.7691583633422852,1.831529974937439,1.942266821861267,2.217498540878296,2.0867159366607666,2.3882458209991455,2.395071029663086,2.721925735473633,2.596315622329712,2.464491605758667,2.7533512115478516,2.7576754093170166,3.00465989112854,3.1472995281219482,3.3832037448883057
B4,1.5405789613723755,1.2314122915267944,1.2235623598098755,0.948948085308075,1.0674982070922852,1.1995097398757935,1.217529296875,1.4537805318832397,1.6996352672576904,1.6151965856552124,1.9040396213531494,1.9991672039031982,2.376160144805908,2.4204649925231934,2.269232988357544,0.7285889983177185,0.7211512327194214,0.38459646701812744,0.0,0.3769281506538391,0.6474499702453613,0.8573042154312134,1.1324589252471924,1.2833682298660278,1.3060647249221802,1.6639304161071777,1.8284529447555542,2.204730987548828,2.302037477493286,2.145939588546753,0.8223364949226379,0.8868070840835571,0.6484448909759521,0.6977487802505493,0.5484098196029663,0.7936457991600037,1.003586769104004,1.2766730785369873,1.3005397319793701,1.3095029592514038,1.6721981763839722,1.8401689529418945,2.1951842308044434,2.313896894454956,2.193913459777832,1.2194734811782837,1.3109573125839233,1.2372756004333496,1.375590443611145,1.1882025003433228,1.4034881591796875,1.5239425897598267,1.813326358795166,1.7023119926452637,1.6318001747131348,1.9363569021224976,2.0530247688293457,2.364231586456299,2.476931571960449,2.342583656311035,1.7502797842025757,1.880547046661377,1.9418976306915283,2.162383556365967,1.9710750579833984,2.2301011085510254,2.2302370071411133,2.5283079147338867,2.360994338989258,2.2418129444122314,2.506920099258423,2.526705741882324,2.7462854385375977,2.913355827331543,3.1330747604370117
B5,1.6250426769256592,1.2897197008132935,1.17546808719635,0.83458012342453,0.8421292901039124,0.893517792224884,0.8615117073059082,1.0846917629241943,1.3351459503173828,1.2547858953475952,1.5357595682144165,1.6549490690231323,2.0320234298706055,2.103447675704956,1.981856107711792,0.7115317583084106,0.8661363124847412,0.586620032787323,0.3769281506538391,0.0,0.3711572587490082,0.5525829195976257,0.852645218372345,0.9370677471160889,0.9601535201072693,1.325485110282898,1.5079954862594604,1.8787630796432495,2.0050652027130127,1.8762805461883545,0.9309090375900269,1.112433910369873,0.9549701809883118,0.969434380531311,0.6904391050338745,0.8429635167121887,0.9443719387054443,1.2083414793014526,1.1280521154403687,1.1005933284759521,1.4349234104156494,1.59123957157135,1.9258335828781128,2.0540027618408203,1.9651230573654175,1.3604985475540161,1.5270582437515259,1.5010581016540527,1.6121944189071655,1.367501139640808,1.5439558029174805,1.5828173160552979,1.8602992296218872,1.6855672597885132,1.5667166709899902,1.8204842805862427,1.8969794511795044,2.1758456230163574,2.2771427631378174,2.166154384613037,1.888593077659607,2.0572338104248047,2.158428430557251,2.359548807144165,2.1437902450561523,2.3807144165039062,2.322418689727783,2.616326093673706,2.423050880432129,2.2551727294921875,2.4845736026763916,2.451648712158203,2.6470513343811035,2.7773311138153076,2.967489242553711
B6,1.8624587059020996,1.556878924369812,1.3765685558319092,1.0002521276474,1.0023536682128906,0.9087845087051392,0.8706792593002319,0.9579324722290039,1.2773914337158203,1.2402909994125366,1.4565237760543823,1.6252301931381226,1.9843770265579224,2.073073148727417,2.01853346824646,1.049214243888855,1.2308993339538574,0.9427947998046875,0.6474499702453613,0.3711572587490082,0.0,0.3809546232223511,0.5286943912506104,0.6692735552787781,0.8037720322608948,1.1310628652572632,1.3873205184936523,1.7347793579101562,1.9162063598632812,1.859156847000122,1.1978248357772827,1.4135353565216064,1.2117466926574707,1.1137688159942627,0.7754004597663879,0.7513909339904785,0.8346107006072998,0.9969505071640015,0.8530163168907166,0.9060143828392029,1.2082865238189697,1.4305424690246582,1.7386293411254883,1.9290822744369507,1.9089246988296509,1.5550376176834106,1.768441915512085,1.695515513420105,1.7277764081954956,1.4257572889328003,1.51398503780365,1.5269700288772583,1.7452936172485352,1.5142388343811035,1.425028920173645,1.6330780982971191,1.740883469581604,1.9833396673202515,2.1307661533355713,2.081728935241699,2.0432770252227783,2.261737823486328,2.3340072631835938,2.484731674194336,2.221768617630005,2.4076573848724365,2.326974391937256,2.58380389213562,2.345391273498535,2.1767754554748535,2.3597238063812256,2.321110486984253,2.470815658569336,2.6086413860321045,2.763383388519287
B7,2.138644218444824,1.8016431331634521,1.625474452972412,1.256028652191162,1.1500861644744873,1.0287524461746216,0.8376994729042053,0.9130164980888367,1.1890403032302856,1.062552809715271,1.228060007095337,1.34040105342865,1.6881489753723145,1.7378032207489014,1.691440463066101,1.0174468755722046,1.2886296510696411,1.0982221364974976,0.8573042154312134,0.5525829195976257,0.3809546232223511,0.0,0.3908833861351013,0.5058654546737671,0.48882102966308594,0.8183010220527649,1.0317463874816895,1.3901170492172241,1.5475387573242188,1.4902024269104004,1.1238404512405396,1.4206687211990356,1.2935030460357666,1.1900781393051147,0.8197665810585022,0.7915107011795044,0.6859591007232666,0.8899942636489868,0.6890003681182861,0.6007017493247986,0.8970754742622375,1.0694855451583862,1.3885362148284912,1.5553176403045654,1.5287851095199585,1.4412504434585571,1.7163971662521362,1.6933972835540771,1.710036277770996,1.3878350257873535,1.4725234508514404,1.3915051221847534,1.6232190132141113,1.3756871223449707,1.2036539316177368,1.3796155452728271,1.4252947568893433,1.6654664278030396,1.779105544090271,1.7195936441421509,1.89363431930542,2.1429944038391113,2.251171350479126,2.3819103240966797,2.113408088684082,2.287527322769165,2.151967763900757,2.414987325668335,2.182499408721924,1.9636342525482178,2.1328351497650146,2.046386480331421,2.2034497261047363,2.303959608078003,2.462667465209961
B8,2.363567590713501,2.0563440322875977,1.8370137214660645,1.4540709257125854,1.37398099899292,1.1632435321807861,1.013042688369751,0.9339283108711243,1.2591181993484497,1.2039823532104492,1.283078670501709,1.4545561075210571,1.7620785236358643,1.83600914478302,1.8684906959533691,1.4044243097305298,1.6574018001556396,1.4266718626022339,1.1324589252471924,0.852645218372345,0.5286943912506104,0.3908833861351013,0.0,0.36105290055274963,0.5543981194496155,0.7446849346160889,1.0587540864944458,1.3564382791519165,1.5851644277572632,1.6225512027740479,1.479355812072754,1.766068696975708,1.5911849737167358,1.4176884889602661,1.0462814569473267,0.874801516532898,0.7739761471748352,0.7947068214416504,0.48801082372665405,0.5630185008049011,0.7543984055519104,1.0312880277633667,1.290016531944275,1.5439809560775757,1.6118098497390747,1.7397661209106445,2.0281426906585693,1.9561693668365479,1.9086503982543945,1.5542354583740234,1.546722412109375,1.4536261558532715,1.6000128984451294,1.2941752672195435,1.1782448291778564,1.2781157493591309,1.3708707094192505,1.5489559173583984,1.7279025316238403,1.7549699544906616,2.1483168601989746,2.429478883743286,2.501551389694214,2.5863189697265625,2.279677629470825,2.3988094329833984,2.2517409324645996,2.4657557010650635,2.1870617866516113,1.980017066001892,2.08856201171875,2.0018365383148193,2.0947418212890625,2.20670223236084,2.3154499530792236
B9,2.332307815551758,2.0198984146118164,1.7567752599716187,1.3852181434631348,1.2270187139511108,0.9572052359580994,0.7604202032089233,0.6078457832336426,0.9180032014846802,0.8904578685760498,0.9514831304550171,1.1740692853927612,1.4801867008209229,1.609565258026123,1.6652418375015259,1.432181477546692,1.719502568244934,1.5121941566467285,1.2833682298660278,0.9370677471160889,0.6692735552787781,0.5058654546737671,0.36105290055274963,0.0,0.3658171594142914,0.5501061677932739,0.8958368897438049,1.1763668060302734,1.4427977800369263,1.4972392320632935,1.6126073598861694,1.9136139154434204,1.7877253293991089,1.676128625869751,1.3033521175384521,1.1977659463882446,1.0766266584396362,1.1388767957687378,0.8107016682624817,0.7750017046928406,0.87673020362854,1.0626651048660278,1.2691521644592285,1.4993901252746582,1.5839303731918335,1.9301462173461914,2.2172701358795166,2.1958844661712646,2.1906657218933105,1.8499189615249634,1.876629114151001,1.7619118690490723,1.9256141185760498,1.6173534393310547,1.4556598663330078,1.5144481658935547,1.5303573608398438,1.6657499074935913,1.7931078672409058,1.8201463222503662,2.357581615447998,2.6229538917541504,2.7371041774749756,2.8455653190612793,2.5578885078430176,2.694185256958008,2.525615692138672,2.7537031173706055,2.486602306365967,2.2485620975494385,2.3461334705352783,2.2122678756713867,2.2970104217529297,2.355696439743042,2.438109874725342
B10,2.414203643798828,2.06951904296875,1.8427565097808838,1.488510012626648,1.2701060771942139,1.0621415376663208,0.751774251461029,0.715339720249176,0.9096938967704773,0.7375974655151367,0.7906285524368286,0.9072009325027466,1.2297346591949463,1.3067349195480347,1.3282420635223389,1.2743934392929077,1.6069629192352295,1.478757619857788,1.3060647249221802,0.9601535201072693,0.8037720322608948,0.48882102966308594,0.5543981194496155,0.3658171594142914,0.0,0.37237152457237244,0.6005371809005737,0.9409918189048767,1.1451891660690308,1.149855613708496,1.441602110862732,1.7784833908081055,1.7220430374145508,1.6450282335281372,1.279495358467102,1.2375025749206543,1.0310442447662354,1.176079511642456,0.8781217336654663,0.6785772442817688,0.7804442048072815,0.8419139981269836,1.0821027755737305,1.236268401145935,1.2669639587402344,1.7449043989181519,2.052351713180542,2.08638858795166,2.1030123233795166,1.778079867362976,1.8433964252471924,1.6804901361465454,1.8853739500045776,1.603658676147461,1.366139531135559,1.428526759147644,1.365394949913025,1.523497462272644,1.581536054611206,1.5545246601104736,2.152195930480957,2.414698839187622,2.568603515625,2.6846275329589844,2.4187252521514893,2.571162223815918,2.374215841293335,2.6262810230255127,2.3913466930389404,2.1167638301849365,2.2316722869873047,2.0629870891571045,2.1848604679107666,2.2062931060791016,2.3183562755584717
B11,2.7653892040252686,2.4258692264556885,2.1801962852478027,1.8286076784133911,1.5947625637054443,1.3452526330947876,1.0311223268508911,0.8894860744476318,1.0269813537597656,0.8678264021873474,0.7452490329742432,0.8440318703651428,1.0750175714492798,1.1438212394714355,1.2672935724258423,1.6195021867752075,1.9626398086547852,1.8478049039840698,1.6639304161071777,1.325485110282898,1.1310628652572632,0.8183010220527649,0.7446849346160889,0.5501061677932739,0.37237152457237244,0.0,0.3845340311527252,0.6297714114189148,0.9094831347465515,1.0336393117904663,1.749420166015625,2.1023848056793213,2.0530312061309814,1.9460134506225586,1.579221487045288,1.4857810735702515,1.2291030883789062,1.295209527015686,0.9652152061462402,0.7599847912788391,0.6689050197601318,0.6718230247497559,0.7970871925354004,0.9915540814399719,1.123040795326233,1.995282769203186,2.3288779258728027,2.3634488582611084,2.343285322189331,2.0044174194335938,2.0226552486419678,1.8083046674728394,1.9632062911987305,1.6565349102020264,1.4053401947021484,1.3678669929504395,1.2529019117355347,1.3232516050338745,1.3717328310012817,1.4128072261810303,2.3443779945373535,2.633012294769287,2.787531614303589,2.866163969039917,2.584364891052246,2.6957597732543945,2.459212064743042,2.679183006286621,2.4295570850372314,2.1311638355255127,2.186713695526123,1.971305251121521,2.0445191860198975,2.019991636276245,2.0837085247039795
B12,2.940079927444458,2.580977439880371,2.3657145500183105,2.0359652042388916,1.7651498317718506,1.565165400505066,1.2032630443572998,1.1399421691894531,1.176937460899353,0.9206119179725647,0.757607638835907,0.6677170991897583,0.848950207233429,0.8157778978347778,0.9344562292098999,1.6378307342529297,2.0025100708007812,1.9613025188446045,1.8284529447555542,1.5079954862594604,1.3873205184936523,1.0317463874816895,1.0587540864944458,0.8958368897438049,0.6005371809005737,0.3845340311527252,0.0,0.381412535905838,0.549389123916626,0.6531239748001099,1.7423006296157837,2.1128950119018555,2.1297550201416016,2.0539073944091797,1.7108192443847656,1.6667280197143555,1.3592537641525269,1.477091670036316,1.1974800825119019,0.8999273180961609,0.7848855257034302,0.5791937708854675,0.6740911602973938,0.7162601351737976,0.7972460389137268,1.9496769905090332,2.2944207191467285,2.3826100826263428,2.378873109817505,2.0654332637786865,2.111936092376709,1.8542732000350952,2.033966064453125,1.7636473178863525,1.4530388116836548,1.4013596773147583,1.1864436864852905,1.2528384923934937,1.1926945447921753,1.175025463104248,2.2510366439819336,2.5327837467193604,2.7260549068450928,2.804229497909546,2.549428701400757,2.667429208755493,2.399221897125244,2.6331236362457275,2.4215383529663086,2.0883753299713135,2.148488998413086,1.8890488147735596,1.9919445514678955,1.9103440046310425,1.996201992034912
B13,3.2798686027526855,2.926082134246826,2.6918375492095947,2.367462158203125,2.082167863845825,1.8533130884170532,1.4986175298690796,1.376190185546875,1.3649519681930542,1.1460176706314087,0.8722899556159973,0.7596433162689209,0.7581133842468262,0.7058927416801453,0.9664543867111206,2.00974702835083,2.3771793842315674,2.340487241744995,2.204730987548828,1.8787630796432495,1.7347793579101562,1.3901170492172241,1.3564382791519165,1.1763668060302734,0.9409918189048767,0.6297714114189148,0.381412535905838,0.0,0.3845052421092987,0.6957656741142273,2.1096081733703613,2.4829437732696533,2.5054237842559814,2.4178240299224854,2.074622392654419,2.0038514137268066,1.6838268041610718,1.7510849237442017,1.4622193574905396,1.1933443546295166,0.9758133888244629,0.7303551435470581,0.6054070591926575,0.6142711043357849,0.826794445514679,2.2873106002807617,2.6403467655181885,2.7323734760284424,2.709533214569092,2.3927745819091797,2.4100680351257324,2.12489914894104,2.2639544010162354,1.9848865270614624,1.6784570217132568,1.5481133460998535,1.2894848585128784,1.245761513710022,1.1429551839828491,1.198326587677002,2.5441854000091553,2.8353841304779053,3.0319881439208984,3.0847299098968506,2.825843334197998,2.9126222133636475,2.6163225173950195,2.8201024532318115,2.604844331741333,2.2579703330993652,2.2625584602355957,1.9608606100082397,2.012005090713501,1.8679038286209106,1.8928816318511963
