,A1,A2,A3,A4,A5,A6,A7,A8,A9,A10,A11,A12,A13,A14,A15,B1,B2,B3,B4,B5,B6,B7,B8,B9,B10,B11,B12,B13,B14,B15,C1,C2,C3,C4,C5,C6,C7,C8,C9,C10,C11,C12,C13,C14,C15,D1,D2,D3,D4,D5,D6,D7,D8,D9,D10,D11,D12,D13,D14,D15,E1,E2,E3,E4,E5,E6,E7,E8,E9,E10,E11,E12,E13,E14,E15
A1,0.0,0.38632190227508545,0.6223814487457275,0.9713687896728516,1.2374464273452759,1.5812335014343262,1.8348890542984009,2.13480806350708,2.3295273780822754,2.3020262718200684,2.672672986984253,2.65397310256958,2.998584747314453,3.0186879634857178,3.160677194595337,1.9470773935317993,1.8103951215744019,1.6267833709716797,1.7160543203353882,1.8776987791061401,2.0467751026153564,2.4121673107147217,2.5885024070739746,2.7471253871917725,2.7864155769348145,3.161029100418091,3.1768107414245605,3.5307505130767822,3.5298385620117188,3.777970790863037,2.7205116748809814,2.5859737396240234,2.4959118366241455,2.5679736137390137,2.7440428733825684,2.900909662246704,3.270451784133911,3.408088445663452,3.4429121017456055,3.48907732963562,3.851971387863159,3.8285484313964844,4.167681694030762,4.103543758392334,4.3976335525512695,3.36527681350708,3.1727728843688965,3.2249650955200195,3.1801133155822754,3.491589307785034,3.6249425411224365,3.985818386077881,4.145411014556885,4.207907676696777,4.2838335037231445,4.655214786529541,4.619690418243408,4.951093673706055,4.8574676513671875,5.101006984710693,3.934379816055298,3.6907260417938232,3.6660051345825195,3.347113609313965,3.5561811923980713,3.3825228214263916,3.4129838943481445,3.3989431858062744,3.7678990364074707,3.8945000171661377,4.151113033294678,4.294476509094238,4.651406288146973,4.726629734039307,5.11509895324707
A2,0.38632190227508545,0.0,0.3866669833660126,0.65448397397995,0.9329525828361511,1.2767492532730103,1.4968945980072021,1.8075765371322632,2.0035929679870605,1.95741605758667,2.3258464336395264,2.301130533218384,2.6544342041015625,2.6688714027404785,2.8334555625915527,1.6084641218185425,1.472239375114441,1.2574989795684814,1.3455660343170166,1.4947282075881958,1.678403615951538,2.0360262393951416,2.228086471557617,2.3780109882354736,2.404819965362549,2.779052257537842,2.791417121887207,3.1468119621276855,3.1470744609832764,3.401247978210449,2.3632194995880127,2.2479569911956787,2.147207021713257,2.2383649349212646,2.3974058628082275,2.569230794906616,2.9295055866241455,3.0757651329040527,3.0924713611602783,3.125187397003174,3.4831488132476807,3.45308780670166,3.7885472774505615,3.725473165512085,4.018689155578613,3.025141954421997,2.853947162628174,2.908747673034668,2.890187978744507,3.194413185119629,3.3479254245758057,3.7070508003234863,3.872098445892334,3.911635637283325,3.9736995697021484,4.338537216186523,4.291836738586426,4.615197658538818,4.520181655883789,4.755372047424316,3.633452892303467,3.407510995864868,3.4011669158935547,3.1012165546417236,3.3396549224853516,3.1942811012268066,3.2509381771087646,3.26566481590271,3.624122142791748,3.7453885078430176,4.026792526245117,4.158246040344238,4.526029586791992,4.5930304527282715,4.974089622497559
A3,0.6223814487457275,0.3866669833660126,0.0,0.38778918981552124,0.6260073781013489,0.9604139924049377,1.2327789068222046,1.5194579362869263,1.721145510673523,1.7295235395431519,2.106963634490967,2.138944625854492,2.4896650314331055,2.5564064979553223,2.7315773963928223,1.6560090780258179,1.5850969552993774,1.3203078508377075,1.3957369327545166,1.4452317953109741,1.5968353748321533,1.9458134174346924,2.105644941329956,2.218003273010254,2.2702527046203613,2.635357141494751,2.6799654960632324,3.0248494148254395,3.0665056705474854,3.3201398849487305,2.4308550357818604,2.3694589138031006,2.246649742126465,2.359361171722412,2.4643189907073975,2.6302618980407715,2.978464126586914,3.102978229522705,3.078263282775879,3.1150426864624023,3.4574339389801025,3.4346373081207275,3.755472183227539,3.712055206298828,3.9990732669830322,3.132899522781372,3.003638982772827,3.0584192276000977,3.072768449783325,3.3564584255218506,3.5223805904388428,3.8834950923919678,4.038370609283447,4.045428276062012,4.1023359298706055,4.455085754394531,4.401447296142578,4.709605693817139,4.62009334564209,4.838923454284668,3.8035290241241455,3.60213041305542,3.619842290878296,3.3427278995513916,3.6068122386932373,3.484117269515991,3.5597500801086426,3.5907132625579834,3.9409310817718506,4.059899806976318,4.354613780975342,4.4771928787231445,4.849897384643555,4.907918453216553,5.282669544219971
A4,0.9713687896728516,0.65448397397995,0.38778918981552124,0.0,0.3855038583278656,0.6437902450561523,0.9132969379425049,1.1774015426635742,1.416690468788147,1.4421021938323975,1.819447636604309,1.8781137466430664,2.2418971061706543,2.3203039169311523,2.538379669189453,1.513165831565857,1.44839346408844,1.1240674257278442,1.1424894332885742,1.12128746509552,1.2394826412200928,1.5833076238632202,1.7280161380767822,1.834843635559082,1.9039775133132935,2.270541191101074,2.3399455547332764,2.688039541244507,2.752199411392212,3.0245726108551025,2.199749231338501,2.168660879135132,2.0089595317840576,2.1236801147460938,2.182194232940674,2.3402631282806396,2.6760213375091553,2.7873315811157227,2.7381246089935303,2.7780866622924805,3.1122329235076904,3.100562334060669,3.4166829586029053,3.392528772354126,3.685509443283081,2.9025332927703857,2.807494640350342,2.845411777496338,2.883150815963745,3.1415162086486816,3.3153584003448486,3.675708293914795,3.819835662841797,3.7980146408081055,3.8513846397399902,4.192928314208984,4.138734340667725,4.435882091522217,4.358058452606201,4.570852756500244,3.6195430755615234,3.4497318267822266,3.4782814979553223,3.22822904586792,3.518714189529419,3.420177936553955,3.5315699577331543,3.5786945819854736,3.911419630050659,4.035707950592041,4.351640701293945,4.471207141876221,4.850934028625488,4.909626007080078,5.275380611419678
A5,1.2374464273452759,0.9329525828361511,0.6260073781013489,0.3855038583278656,0.0,0.38660088181495667,0.6191661357879639,0.9216994047164917,1.0956273078918457,1.125353455543518,1.5042842626571655,1.586780071258545,1.9346643686294556,2.0507895946502686,2.2539680004119873,1.4210489988327026,1.4550145864486694,1.1556203365325928,1.2384376525878906,1.130302906036377,1.2800699472427368,1.5596996545791626,1.719896674156189,1.743861436843872,1.7796446084976196,2.1179862022399902,2.175466299057007,2.498229503631592,2.578540086746216,2.822964906692505,2.1640915870666504,2.1961755752563477,2.0664477348327637,2.2387921810150146,2.269134044647217,2.459064483642578,2.760707139968872,2.8859169483184814,2.7894973754882812,2.7929208278656006,3.099705934524536,3.0591044425964355,3.3487677574157715,3.3148138523101807,3.5798070430755615,2.911410093307495,2.854915142059326,2.9280624389648438,3.0137295722961426,3.2673351764678955,3.474517822265625,3.819573402404785,3.979902505874634,3.9301650524139404,3.9525697231292725,4.278234481811523,4.194064617156982,4.470626354217529,4.374831199645996,4.557804107666016,3.6659178733825684,3.507556438446045,3.5779991149902344,3.3515288829803467,3.661842107772827,3.599039077758789,3.7052218914031982,3.78757643699646,4.113366603851318,4.211195468902588,4.5350494384765625,4.626750469207764,5.008013725280762,5.0404863357543945,5.395424842834473
A6,1.5812335014343262,1.2767492532730103,0.9604139924049377,0.6437902450561523,0.38660088181495667,0.0,0.3894546627998352,0.5697827339172363,0.8137900233268738,0.9468910098075867,1.3118171691894531,1.477494239807129,1.8196457624435425,1.9821499586105347,2.2261369228363037,1.5703459978103638,1.6240707635879517,1.2960602045059204,1.3078385591506958,1.0937323570251465,1.1545792818069458,1.3897614479064941,1.489676833152771,1.4746921062469482,1.555601716041565,1.875800371170044,1.9873417615890503,2.2977070808410645,2.4289791584014893,2.6879217624664307,2.1879663467407227,2.2622029781341553,2.0943984985351562,2.259582757949829,2.2246687412261963,2.38863205909729,2.6657931804656982,2.7582364082336426,2.623929023742676,2.6394474506378174,2.9237849712371826,2.9043471813201904,3.1774632930755615,3.1767616271972656,3.4423670768737793,2.9200801849365234,2.9076099395751953,2.9586215019226074,3.066096544265747,3.2839202880859375,3.4908149242401123,3.8324942588806152,3.9722673892974854,3.8896679878234863,3.9129645824432373,4.220733165740967,4.139863967895508,4.398797035217285,4.320690155029297,4.492549896240234,3.7176175117492676,3.596003770828247,3.6757264137268066,3.478516101837158,3.8077800273895264,3.7634356021881104,3.90027117729187,3.989388942718506,4.298496723175049,4.40433931350708,4.742238521575928,4.8342180252075195,5.218655586242676,5.2535552978515625,5.59974479675293
A7,1.8348890542984009,1.4968945980072021,1.2327789068222046,0.9132969379425049,0.6191661357879639,0.3894546627998352,0.0,0.3868706524372101,0.518285870552063,0.5684849619865417,0.9367706179618835,1.093497633934021,1.4394443035125732,1.602218747138977,1.8621881008148193,1.3511704206466675,1.4656834602355957,1.1736022233963013,1.2196359634399414,0.9467785954475403,1.0553566217422485,1.197797179222107,1.3497751951217651,1.2598050832748413,1.267574667930603,1.5647673606872559,1.6422491073608398,1.9394447803497314,2.0657846927642822,2.309906482696533,1.921576976776123,2.0482962131500244,1.9069584608078003,2.1201937198638916,2.0655229091644287,2.2664382457733154,2.5035581588745117,2.624767780303955,2.457463026046753,2.4247500896453857,2.685482978820801,2.6302599906921387,2.8834774494171143,2.8651211261749268,3.109170436859131,2.6669771671295166,2.689700126647949,2.7676920890808105,2.918412923812866,3.128141403198242,3.3665995597839355,3.687171697616577,3.845886468887329,3.740346670150757,3.7301485538482666,4.022146701812744,3.9126768112182617,4.153829097747803,4.058382511138916,4.206696033477783,3.486034631729126,3.3810975551605225,3.4948925971984863,3.3266890048980713,3.673285961151123,3.667059898376465,3.807830810546875,3.931657075881958,4.224740982055664,4.307500839233398,4.655465126037598,4.722480773925781,5.106977462768555,5.12180233001709,5.453394889831543
A8,2.13480806350708,1.8075765371322632,1.5194579362869263,1.1774015426635742,0.9216994047164917,0.5697827339172363,0.3868706524372101,0.0,0.3834279179573059,0.6433148384094238,0.9186468720436096,1.1864250898361206,1.4941942691802979,1.7076690196990967,1.9993401765823364,1.6685562133789062,1.7765517234802246,1.4711112976074219,1.444732904434204,1.1145533323287964,1.101104974746704,1.1779358386993408,1.2283512353897095,1.0851982831954956,1.1688235998153687,1.4254469871520996,1.5837419033050537,1.854917287826538,2.04746675491333,2.3055315017700195,2.09688401222229,2.250521421432495,2.0705599784851074,2.2577948570251465,2.1399197578430176,2.2983624935150146,2.5080161094665527,2.5837137699127197,2.3803396224975586,2.3704161643981934,2.601637125015259,2.579043388366699,2.810551643371582,2.8360495567321777,3.080538511276245,2.799067735671997,2.8601086139678955,2.907741069793701,3.068484306335449,3.2392325401306152,3.4669976234436035,3.7839040756225586,3.915299415588379,3.7805778980255127,3.777945041656494,4.0501580238342285,3.950906991958618,4.173450946807861,4.101766586303711,4.240702152252197,3.643690824508667,3.574267864227295,3.688267469406128,3.5447068214416504,3.9012153148651123,3.9038467407226562,4.07105016708374,4.191806793212891,4.470743656158447,4.565821647644043,4.92234468460083,4.994999885559082,5.3803205490112305,5.401954174041748,5.726790428161621
A9,2.3295273780822754,2.0035929679870605,1.721145510673523,1.416690468788147,1.0956273078918457,0.8137900233268738,0.518285870552063,0.3834279179573059,0.0,0.3826139271259308,0.598845362663269,0.9147279262542725,1.1773834228515625,1.4382436275482178,1.7013307809829712,1.6329936981201172,1.818743348121643,1.5753391981124878,1.6209862232208252,1.2942472696304321,1.35067880153656,1.3560713529586792,1.4554840326309204,1.2328277826309204,1.2178288698196411,1.4045047760009766,1.5044997930526733,1.724908471107483,1.9145463705062866,2.119380235671997,2.0925331115722656,2.2947940826416016,2.169006109237671,2.407945156097412,2.2952935695648193,2.493562936782837,2.6678388118743896,2.7750720977783203,2.5455286502838135,2.4826629161834717,2.6806981563568115,2.6097114086151123,2.8065929412841797,2.802608013153076,3.0041701793670654,2.815455913543701,2.902217149734497,2.9938390254974365,3.191899538040161,3.367928981781006,3.6264309883117676,3.922161340713501,4.078477382659912,3.9307687282562256,3.8926005363464355,4.150003433227539,4.016246318817139,4.2188897132873535,4.119608402252197,4.226095199584961,3.6636416912078857,3.596297025680542,3.74873948097229,3.6228275299072266,3.9866232872009277,4.018837928771973,4.169417381286621,4.320837020874023,4.594918727874756,4.660361289978027,5.017261505126953,5.061402797698975,5.443929672241211,5.438538551330566,5.751742839813232
A10,2.3020262718200684,1.95741605758667,1.7295235395431519,1.4421021938323975,1.125353455543518,0.9468910098075867,0.5684849619865417,0.6433148384094238,0.3826139271259308,0.0,0.37938207387924194,0.5681851506233215,0.8833143711090088,1.0956546068191528,1.3610037565231323,1.306652307510376,1.5342131853103638,1.34865140914917,1.4536861181259155,1.1547091007232666,1.3020389080047607,1.2779600620269775,1.4711838960647583,1.250058889389038,1.1235103607177734,1.31266188621521,1.3144948482513428,1.5435457229614258,1.670884132385254,1.8554304838180542,1.7847105264663696,2.005103588104248,1.9282095432281494,2.209348678588867,2.127223253250122,2.3727340698242188,2.534527063369751,2.6907846927642822,2.4707469940185547,2.3602676391601562,2.5613532066345215,2.4427032470703125,2.641357898712158,2.5917699337005615,2.778566360473633,2.529107093811035,2.6143858432769775,2.7426445484161377,2.960179328918457,3.15329909324646,3.4360854625701904,3.7169156074523926,3.902458429336548,3.76175594329834,3.697105884552002,3.956263542175293,3.798215866088867,4.0018720626831055,3.8754265308380127,3.9740781784057617,3.364622116088867,3.2864878177642822,3.459489107131958,3.339266300201416,3.704087734222412,3.755664348602295,3.891901731491089,4.066089630126953,4.335124969482422,4.378018379211426,4.733774662017822,4.758664131164551,5.13840389251709,5.117061614990234,5.423440456390381
A11,2.672672986984253,2.3258464336395264,2.106963634490967,1.819447636604309,1.5042842626571655,1.3118171691894531,0.9367706179618835,0.9186468720436096,0.598845362663269,0.37938207387924194,0.0,0.3964932858943939,0.5914260149002075,0.8745419979095459,1.1532565355300903,1.481410026550293,1.7430884838104248,1.608247995376587,1.7103278636932373,1.4013437032699585,1.527762770652771,1.4099491834640503,1.5893524885177612,1.2975770235061646,1.1122429370880127,1.1876415014266968,1.154099464416504,1.3029557466506958,1.453112244606018,1.5904980897903442,1.8193490505218506,2.094531297683716,2.043071985244751,2.343735694885254,2.230055570602417,2.4818115234375,2.588205337524414,2.7494001388549805,2.4930548667907715,2.343052387237549,2.4918062686920166,2.3433454036712646,2.493605375289917,2.437577247619629,2.581583023071289,2.5210704803466797,2.655683994293213,2.800241708755493,3.05561900138855,3.2235991954803467,3.524970293045044,3.7780866622924805,3.96917724609375,3.8002548217773438,3.705712080001831,3.9358813762664795,3.7525436878204346,3.9247260093688965,3.7875962257385254,3.8505961894989014,3.3601932525634766,3.3120696544647217,3.5174858570098877,3.4352245330810547,3.809422016143799,3.8961877822875977,4.037935256958008,4.237588405609131,4.486147880554199,4.51055383682251,4.871342658996582,4.874157905578613,5.249094486236572,5.209710121154785,5.497163772583008
A12,2.65397310256958,2.301130533218384,2.138944625854492,1.8781137466430664,1.586780071258545,1.477494239807129,1.093497633934021,1.1864250898361206,0.9147279262542725,0.5681851506233215,0.3964932858943939,0.0,0.37932732701301575,0.5280216932296753,0.8243422508239746,1.2018743753433228,1.5014835596084595,1.4478261470794678,1.6060724258422852,1.3544533252716064,1.5573242902755737,1.4303200244903564,1.6873303651809692,1.4308772087097168,1.1612119674682617,1.2413724660873413,1.0839903354644775,1.2374505996704102,1.2827820777893066,1.3861536979675293,1.5364346504211426,1.826808214187622,1.8386796712875366,2.177300214767456,2.1052820682525635,2.4008026123046875,2.4965381622314453,2.7072153091430664,2.47305965423584,2.2794687747955322,2.434260129928589,2.2364962100982666,2.391186237335205,2.279405355453491,2.406574010848999,2.2509026527404785,2.3784918785095215,2.564866781234741,2.8359103202819824,3.023470878601074,3.3464419841766357,3.5824928283691406,3.8040685653686523,3.6484909057617188,3.5283820629119873,3.761870861053467,3.554960250854492,3.73083233833313,3.563546895980835,3.6210031509399414,3.0636355876922607,3.000187397003174,3.226238250732422,3.1486806869506836,3.519456386566162,3.624851942062378,3.7483713626861572,3.9698486328125,4.2124199867248535,4.212815284729004,4.56954288482666,4.552585601806641,4.923030853271484,4.867468357086182,5.14797830581665
A13,2.998584747314453,2.6544342041015625,2.4896650314331055,2.2418971061706543,1.9346643686294556,1.8196457624435425,1.4394443035125732,1.4941942691802979,1.1773834228515625,0.8833143711090088,0.5914260149002075,0.37932732701301575,0.0,0.37872931361198425,0.5970900058746338,1.4802883863449097,1.804733395576477,1.7959450483322144,1.9641480445861816,1.718825101852417,1.9099390506744385,1.7437005043029785,1.9822964668273926,1.6895124912261963,1.4006403684616089,1.3831795454025269,1.186743974685669,1.2235474586486816,1.2605310678482056,1.258155345916748,1.733935832977295,2.0573127269744873,2.1065587997436523,2.4575064182281494,2.374617338180542,2.6741411685943604,2.727419376373291,2.9437105655670166,2.6873984336853027,2.461385726928711,2.56607985496521,2.3357489109039307,2.4352617263793945,2.304436206817627,2.36942982673645,2.390815258026123,2.5539050102233887,2.7651138305664062,3.064236879348755,3.236494541168213,3.5749239921569824,3.782888174057007,4.014447212219238,3.8409037590026855,3.6908795833587646,3.896890878677368,3.6620187759399414,3.8059215545654297,3.6195621490478516,3.635514974594116,3.1778018474578857,3.1330971717834473,3.3925940990448,3.345597743988037,3.7161705493927,3.851626396179199,3.966437816619873,4.211585998535156,4.438867092132568,4.414858341217041,4.769085884094238,4.725811004638672,5.087756633758545,5.008048057556152,5.269147872924805
A14,3.0186879634857178,2.6688714027404785,2.5564064979553223,2.3203039169311523,2.0507895946502686,1.9821499586105347,1.602218747138977,1.7076690196990967,1.4382436275482178,1.0956546068191528,0.8745419979095459,0.5280216932296753,0.37872931361198425,0.0,0.39750349521636963,1.3062134981155396,1.630331039428711,1.6918901205062866,1.8794760704040527,1.6862483024597168,1.9139710664749146,1.734299659729004,2.019415855407715,1.7632418870925903,1.4256864786148071,1.4131759405136108,1.1284663677215576,1.1707448959350586,1.0924277305603027,1.0605032444000244,1.4587205648422241,1.7934694290161133,1.8957003355026245,2.2658920288085938,2.2125306129455566,2.538959503173828,2.5747334957122803,2.8284809589385986,2.594888925552368,2.3351287841796875,2.4416749477386475,2.173341989517212,2.2770676612854004,2.098191022872925,2.1516406536102295,2.089756727218628,2.25286602973938,2.4942286014556885,2.8066041469573975,2.986105442047119,3.3391544818878174,3.5271522998809814,3.7808573246002197,3.6171679496765137,3.4456357955932617,3.6509037017822266,3.398271322250366,3.5442662239074707,3.335026741027832,3.3486039638519287,2.8451874256134033,2.7954723834991455,3.0715830326080322,3.037327766418457,3.4039459228515625,3.5592846870422363,3.6654555797576904,3.9286141395568848,4.1428728103637695,4.1008501052856445,4.452630519866943,4.3941216468811035,4.750926971435547,4.661112308502197,4.913459300994873
A15,3.160677194595337,2.8334555625915527,2.7315773963928223,2.538379669189453,2.2539680004119873,2.2261369228363037,1.8621881008148193,1.9993401765823364,1.7013307809829712,1.3610037565231323,1.1532565355300903,0.8243422508239746,0.5970900058746338,0.39750349521636963,0.0,1.4550379514694214,1.8113852739334106,1.9259554147720337,2.162986993789673,2.0056312084198,2.2637414932250977,2.110677480697632,2.4059934616088867,2.154963970184326,1.821643352508545,1.8057454824447632,1.5126994848251343,1.5159649848937988,1.4046778678894043,1.2823423147201538,1.7034592628479004,2.022021532058716,2.1783738136291504,2.5619122982025146,2.5443472862243652,2.885922431945801,2.9221653938293457,3.192967414855957,2.9701499938964844,2.697831630706787,2.7959699630737305,2.5055816173553467,2.5886542797088623,2.3779714107513428,2.3851561546325684,2.3117189407348633,2.4583754539489746,2.7389252185821533,3.053070306777954,3.251004219055176,3.61409068107605,3.7866761684417725,4.0620293617248535,3.9109411239624023,3.7206180095672607,3.9207515716552734,3.6471381187438965,3.783606767654419,3.545408010482788,3.535109519958496,3.0018606185913086,2.9303364753723145,3.229407548904419,3.194244384765625,3.5447871685028076,3.711629867553711,3.781750440597534,4.062666893005371,4.278132438659668,4.204980373382568,4.541985034942627,4.455928802490234,4.802131652832031,4.683464527130127,4.925342082977295
B1,1.9470773935317993,1.6084641218185425,1.6560090780258179,1.513165831565857,1.4210489988327026,1.5703459978103638,1.3511704206466675,1.6685562133789062,1.6329936981201172,1.306652307510376,1.481410026550293,1.2018743753433228,1.4802883863449097,1.3062134981155396,1.4550379514694214,0.0,0.38241851329803467,0.5953690409660339,0.941337525844574,1.0219308137893677,1.3988608121871948,1.4649732112884521,1.840248465538025,1.8289978504180908,1.5927876234054565,1.8537888526916504,1.6541146039962769,1.9434505701065063,1.8065956830978394,1.9734288454055786,1.0092699527740479,1.071186900138855,1.1905914545059204,1.5305912494659424,1.676087737083435,2.026103973388672,2.227210283279419,2.51666522026062,2.443504810333252,2.2782480716705322,2.5561234951019287,2.3655717372894287,2.6359243392944336,2.459824800491333,2.6648755073547363,1.775863528251648,1.7075870037078857,1.9287220239639282,2.104193687438965,2.403928756713867,2.7089755535125732,2.9725522994995117,3.2394185066223145,3.197117567062378,3.109022855758667,3.4191954135894775,3.2453372478485107,3.509514331817627,3.3238515853881836,3.4734225273132324,2.4537136554718018,2.2653231620788574,2.4235830307006836,2.2411417961120605,2.5705723762512207,2.615097999572754,2.6854631900787354,2.8851799964904785,3.1676039695739746,3.169883966445923,3.5068600177764893,3.5138909816741943,3.8899097442626953,3.8588457107543945,4.178769588470459
B2,1.8103951215744019,1.472239375114441,1.5850969552993774,1.44839346408844,1.4550145864486694,1.6240707635879517,1.4656834602355957,1.7765517234802246,1.818743348121643,1.5342131853103638,1.7430884838104248,1.5014835596084595,1.804733395576477,1.630331039428711,1.8113852739334106,0.38241851329803467,0.0,0.3883741796016693,0.7020792961120605,0.9140638709068298,1.2783528566360474,1.3967591524124146,1.7659846544265747,1.8343937397003174,1.6399905681610107,1.9379216432571411,1.7712923288345337,2.0937530994415283,1.9541915655136108,2.1671769618988037,0.9564697742462158,0.8874332308769226,0.9634879231452942,1.252668023109436,1.452808141708374,1.787732481956482,2.0268185138702393,2.314535140991211,2.2932517528533936,2.162959575653076,2.4760546684265137,2.32084584236145,2.626615047454834,2.4676499366760254,2.7133612632751465,1.6611664295196533,1.5311912298202515,1.7070385217666626,1.8286688327789307,2.145991086959839,2.4245941638946533,2.7092275619506836,2.9661004543304443,2.9530189037323,2.8961238861083984,3.2287590503692627,3.0882821083068848,3.3800413608551025,3.217000961303711,3.406372547149658,2.3053221702575684,2.101310968399048,2.2046878337860107,1.9879902601242065,2.3088083267211914,2.3166465759277344,2.4041528701782227,2.574143171310425,2.866239070892334,2.899751663208008,3.239661931991577,3.279432773590088,3.661109685897827,3.6625711917877197,3.9974288940429688
B3,1.6267833709716797,1.2574989795684814,1.3203078508377075,1.1240674257278442,1.1556203365325928,1.2960602045059204,1.1736022233963013,1.4711112976074219,1.5753391981124878,1.34865140914917,1.608247995376587,1.4478261470794678,1.7959450483322144,1.6918901205062866,1.9259554147720337,0.5953690409660339,0.3883741796016693,0.0,0.38060635328292847,0.5793008804321289,0.9417672157287598,1.1299687623977661,1.4725525379180908,1.5692225694656372,1.4395049810409546,1.7811166048049927,1.690421462059021,2.0439131259918213,1.9713808298110962,2.231189489364624,1.1149847507476807,1.0646302700042725,0.9933292865753174,1.2250690460205078,1.3645572662353516,1.6560888290405273,1.9344534873962402,2.173816204071045,2.140744686126709,2.062069892883301,2.39370059967041,2.2898900508880615,2.611114740371704,2.5044164657592773,2.781588554382324,1.8247644901275635,1.7209532260894775,1.8251714706420898,1.9250354766845703,2.213193416595459,2.461904287338257,2.778188943862915,2.994042158126831,2.966477394104004,2.9467995166778564,3.283508062362671,3.174643039703369,3.46958589553833,3.3434126377105713,3.5458531379699707,2.5269031524658203,2.354351043701172,2.427332878112793,2.211115837097168,2.536587953567505,2.515505075454712,2.6379663944244385,2.768963575363159,3.065622329711914,3.1393418312072754,3.4835598468780518,3.5546553134918213,3.939439058303833,3.9667434692382812,4.307966709136963
B4,1.7160543203353882,1.3455660343170166,1.3957369327545166,1.1424894332885742,1.2384376525878906,1.3078385591506958,1.2196359634399414,1.444732904434204,1.6209862232208252,1.4536861181259155,1.7103278636932373,1.6060724258422852,1.9641480445861816,1.8794760704040527,2.162986993789673,0.941337525844574,0.7020792961120605,0.38060635328292847,0.0,0.37939995527267456,0.650073766708374,0.8846415877342224,1.1928646564483643,1.3651533126831055,1.2999062538146973,1.6646808385849,1.636938452720642,2.0112946033477783,1.9713971614837646,2.280372142791748,1.1565598249435425,1.0756865739822388,0.8686879277229309,1.0055294036865234,1.0996131896972656,1.3419930934906006,1.6522636413574219,1.8558145761489868,1.8405208587646484,1.8122762441635132,2.1660358905792236,2.1169259548187256,2.4601261615753174,2.3994688987731934,2.7147445678710938,1.780586838722229,1.686074137687683,1.707946538925171,1.777709722518921,2.0308849811553955,2.24701189994812,2.5851190090179443,2.7631778717041016,2.727536201477051,2.7432854175567627,3.0842037200927734,3.0118415355682373,3.3148441314697266,3.2282824516296387,3.454808235168457,2.5000388622283936,2.3622477054595947,2.3953166007995605,2.1892902851104736,2.518540382385254,2.480388641357422,2.6511683464050293,2.751476526260376,3.0342841148376465,3.147614002227783,3.500678777694702,3.6020257472991943,3.988039016723633,4.045913219451904,4.387152671813965
B5,1.8776987791061401,1.4947282075881958,1.4452317953109741,1.12128746509552,1.130302906036377,1.0937323570251465,0.9467785954475403,1.1145533323287964,1.2942472696304321,1.1547091007232666,1.4013437032699585,1.3544533252716064,1.718825101852417,1.6862483024597168,2.0056312084198,1.0219308137893677,0.9140638709068298,0.5793008804321289,0.37939995527267456,0.0,0.380786269903183,0.5874732136726379,0.9021895527839661,1.0197738409042358,0.9696179032325745,1.3476353883743286,1.3666678667068481,1.7439459562301636,1.7624915838241577,2.085162878036499,1.2122738361358643,1.2411704063415527,1.0138455629348755,1.1791373491287231,1.1540815830230713,1.3787366151809692,1.6507036685943604,1.821069598197937,1.7333794832229614,1.7022417783737183,2.030935764312744,1.9895769357681274,2.3127036094665527,2.281423330307007,2.5905137062072754,1.8696907758712769,1.8494268655776978,1.869860291481018,1.9882205724716187,2.197272777557373,2.424823522567749,2.75295090675354,2.9138264656066895,2.8319921493530273,2.8369479179382324,3.1534552574157715,3.07051944732666,3.3472752571105957,3.269120216369629,3.4703216552734375,2.6588780879974365,2.5613598823547363,2.6263644695281982,2.459334373474121,2.8075578212738037,2.7974894046783447,2.9825308322906494,3.0971527099609375,3.3653714656829834,3.4731552600860596,3.8337643146514893,3.9234442710876465,4.309208393096924,4.356245994567871,4.686071872711182
B6,2.0467751026153564,1.678403615951538,1.5968353748321533,1.2394826412200928,1.2800699472427368,1.1545792818069458,1.0553566217422485,1.101104974746704,1.35067880153656,1.3020389080047607,1.527762770652771,1.5573242902755737,1.9099390506744385,1.9139710664749146,2.2637414932250977,1.3988608121871948,1.2783528566360474,0.9417672157287598,0.650073766708374,0.380786269903183,0.0,0.3931691348552704,0.5789586901664734,0.7956557869911194,0.8796819448471069,1.2626564502716064,1.3825899362564087,1.7578654289245605,1.8341012001037598,2.191279649734497,1.4370063543319702,1.464200496673584,1.1626077890396118,1.2312270402908325,1.1118521690368652,1.2398912906646729,1.5166692733764648,1.613457202911377,1.5129525661468506,1.5510708093643188,1.8820123672485352,1.9103424549102783,2.237657308578491,2.2680907249450684,2.6032192707061768,1.9976142644882202,2.0036075115203857,1.9555716514587402,2.0539989471435547,2.21004056930542,2.400191068649292,2.7379720211029053,2.851478338241577,2.748647928237915,2.787181854248047,3.0935750007629395,3.0453829765319824,3.3165502548217773,3.2805685997009277,3.492974281311035,2.7926743030548096,2.7333168983459473,2.772005319595337,2.6234524250030518,2.969869613647461,2.949878454208374,3.1699061393737793,3.259766101837158,3.512565851211548,3.6501054763793945,4.014472007751465,4.125861167907715,4.50984525680542,4.578767776489258,4.905659198760986
B7,2.4121673107147217,2.0360262393951416,1.9458134174346924,1.5833076238632202,1.5596996545791626,1.3897614479064941,1.197797179222107,1.1779358386993408,1.3560713529586792,1.2779600620269775,1.4099491834640503,1.4303200244903564,1.7437005043029785,1.734299659729004,2.110677480697632,1.4649732112884521,1.3967591524124146,1.1299687623977661,0.8846415877342224,0.5874732136726379,0.3931691348552704,0.0,0.38717880845069885,0.5120505690574646,0.5292723774909973,0.8958178162574768,1.0280669927597046,1.3976171016693115,1.4897457361221313,1.8627073764801025,1.29777193069458,1.4020293951034546,1.1066416501998901,1.2099963426589966,0.9998915791511536,1.144348382949829,1.3309531211853027,1.4386489391326904,1.2645684480667114,1.2498104572296143,1.5482618808746338,1.5605394840240479,1.870479702949524,1.913055181503296,2.2432074546813965,1.8110394477844238,1.8874071836471558,1.8429697751998901,1.9998022317886353,2.1123034954071045,2.330718994140625,2.636645793914795,2.753229856491089,2.6045055389404297,2.6087660789489746,2.885366916656494,2.813199281692505,3.0564401149749756,3.0190038681030273,3.2064497470855713,2.642810106277466,2.628648281097412,2.7012486457824707,2.6046030521392822,2.969938278198242,2.996711492538452,3.2337777614593506,3.355560064315796,3.5786049365997314,3.698314666748047,4.073222637176514,4.162452697753906,4.543079376220703,4.596856117248535,4.903193473815918
B8,2.5885024070739746,2.228086471557617,2.105644941329956,1.7280161380767822,1.719896674156189,1.489676833152771,1.3497751951217651,1.2283512353897095,1.4554840326309204,1.4711838960647583,1.5893524885177612,1.6873303651809692,1.9822964668273926,2.019415855407715,2.4059934616088867,1.840248465538025,1.7659846544265747,1.4725525379180908,1.1928646564483643,0.9021895527839661,0.5789586901664734,0.38717880845069885,0.0,0.3863508701324463,0.6514443159103394,0.9447004795074463,1.197974443435669,1.5271373987197876,1.6877589225769043,2.0705175399780273,1.6537435054779053,1.7486953735351562,1.4238855838775635,1.4512912034988403,1.185476541519165,1.2116222381591797,1.3781627416610718,1.3807929754257202,1.1790225505828857,1.2565451860427856,1.5282793045043945,1.62565016746521,1.9179869890213013,2.0318620204925537,2.372756004333496,2.086364984512329,2.1791913509368896,2.083658218383789,2.2162673473358154,2.279953956604004,2.455855369567871,2.764040470123291,2.8302831649780273,2.661144971847534,2.6994104385375977,2.957519769668579,2.920927047729492,3.1507463455200195,3.1561882495880127,3.347574234008789,2.9023208618164062,2.9173033237457275,2.967526912689209,2.8830184936523438,3.2407870292663574,3.2550816535949707,3.5143706798553467,3.6125502586364746,3.8255021572113037,3.969560384750366,4.344063758850098,4.451722621917725,4.829662322998047,4.901053428649902,5.205644130706787
B9,2.7471253871917725,2.3780109882354736,2.218003273010254,1.834843635559082,1.743861436843872,1.4746921062469482,1.2598050832748413,1.0851982831954956,1.2328277826309204,1.250058889389038,1.2975770235061646,1.4308772087097168,1.6895124912261963,1.7632418870925903,2.154963970184326,1.8289978504180908,1.8343937397003174,1.5692225694656372,1.3651533126831055,1.0197738409042358,0.7956557869911194,0.5120505690574646,0.3863508701324463,0.0,0.38303619623184204,0.6281613111495972,0.9327611923217773,1.2324973344802856,1.4487805366516113,1.8128050565719604,1.6675920486450195,1.8394213914871216,1.5684605836868286,1.6736518144607544,1.4051405191421509,1.487106442451477,1.5884270668029785,1.6187357902526855,1.3513777256011963,1.3479442596435547,1.5501502752304077,1.5935860872268677,1.833930492401123,1.9391428232192993,2.238934278488159,2.1426985263824463,2.283120632171631,2.2373147010803223,2.422922372817993,2.486144781112671,2.6988463401794434,2.9806742668151855,3.0685195922851562,2.8726773262023926,2.8682920932769775,3.0999257564544678,3.0228750705718994,3.2206227779388428,3.2020673751831055,3.350933313369751,2.991377353668213,3.018630027770996,3.1157875061035156,3.0545995235443115,3.4266207218170166,3.4737672805786133,3.7195539474487305,3.8493905067443848,4.059206008911133,4.175118923187256,4.553464412689209,4.6334309577941895,5.011231422424316,5.056154727935791,5.349720478057861
B10,2.7864155769348145,2.404819965362549,2.2702527046203613,1.9039775133132935,1.7796446084976196,1.555601716041565,1.267574667930603,1.1688235998153687,1.2178288698196411,1.1235103607177734,1.1122429370880127,1.1612119674682617,1.4006403684616089,1.4256864786148071,1.821643352508545,1.5927876234054565,1.6399905681610107,1.4395049810409546,1.2999062538146973,0.9696179032325745,0.8796819448471069,0.5292723774909973,0.6514443159103394,0.38303619623184204,0.0,0.3881931006908417,0.5783642530441284,0.9184965491294861,1.0933016538619995,1.4553190469741821,1.3699918985366821,1.5951420068740845,1.3817745447158813,1.561212420463562,1.3168448209762573,1.4841370582580566,1.5481603145599365,1.6603714227676392,1.386916160583496,1.27776300907135,1.4639264345169067,1.4141571521759033,1.644456386566162,1.688340187072754,1.9639757871627808,1.8750841617584229,2.0402252674102783,2.046949625015259,2.2781121730804443,2.3588554859161377,2.615736722946167,2.8740477561950684,3.004239797592163,2.805527687072754,2.754033088684082,2.980905055999756,2.859381914138794,3.048853874206543,2.990123748779297,3.1162657737731934,2.738719940185547,2.7640068531036377,2.8996269702911377,2.8553309440612793,3.2367963790893555,3.316570520401001,3.5465986728668213,3.71038556098938,3.913611650466919,3.998173475265503,4.37824821472168,4.430098533630371,4.805863380432129,4.82653284072876,5.109594821929932
B11,3.161029100418091,2.779052257537842,2.635357141494751,2.270541191101074,2.1179862022399902,1.875800371170044,1.5647673606872559,1.4254469871520996,1.4045047760009766,1.31266188621521,1.1876415014266968,1.2413724660873413,1.3831795454025269,1.4131759405136108,1.8057454824447632,1.8537888526916504,1.9379216432571411,1.7811166048049927,1.6646808385849,1.3476353883743286,1.2626564502716064,0.8958178162574768,0.9447004795074463,0.6281613111495972,0.3881931006908417,0.0,0.3928528428077698,0.612204372882843,0.8773110508918762,1.225891351699829,1.523371696472168,1.7964959144592285,1.6194549798965454,1.8048311471939087,1.5308512449264526,1.6827630996704102,1.6587022542953491,1.7585911750793457,1.4341933727264404,1.2735673189163208,1.3558416366577148,1.2771482467651367,1.4292529821395874,1.4941105842590332,1.7275538444519043,1.9365475177764893,2.1623663902282715,2.177819013595581,2.44547700881958,2.4852631092071533,2.7533507347106934,2.9726922512054443,3.0992231369018555,2.862985610961914,2.7789764404296875,2.9616551399230957,2.8158650398254395,2.9607458114624023,2.9006669521331787,2.9846832752227783,2.7883129119873047,2.8559627532958984,3.0214109420776367,3.022646188735962,3.408297061920166,3.5230650901794434,3.759580612182617,3.944828987121582,4.1235880851745605,4.19186544418335,4.574592113494873,4.606486797332764,4.974855899810791,4.980443954467773,5.242339611053467
B12,3.1768107414245605,2.791417121887207,2.6799654960632324,2.3399455547332764,2.175466299057007,1.9873417615890503,1.6422491073608398,1.5837419033050537,1.5044997930526733,1.3144948482513428,1.154099464416504,1.0839903354644775,1.186743974685669,1.1284663677215576,1.5126994848251343,1.6541146039962769,1.7712923288345337,1.690421462059021,1.636938452720642,1.3666678667068481,1.3825899362564087,1.0280669927597046,1.197974443435669,0.9327611923217773,0.5783642530441284,0.3928528428077698,0.0,0.38118401169776917,0.5222842693328857,0.8814996480941772,1.2562456130981445,1.5752499103546143,1.475213646888733,1.7223150730133057,1.4965143203735352,1.7198315858840942,1.6757597923278809,1.8523890972137451,1.556047797203064,1.3131871223449707,1.3883686065673828,1.2015646696090698,1.3412469625473022,1.3081533908843994,1.5052096843719482,1.6817412376403809,1.9252820014953613,2.000150442123413,2.3043434619903564,2.3670902252197266,2.6730782985687256,2.8683276176452637,3.0385518074035645,2.8118083477020264,2.684088945388794,2.8661201000213623,2.6766185760498047,2.8179917335510254,2.7107439041137695,2.7741384506225586,2.529383897781372,2.588948965072632,2.791581630706787,2.8067240715026855,3.1949105262756348,3.338613748550415,3.5544934272766113,3.770071029663086,3.9423575401306152,3.9790658950805664,4.359409332275391,4.364002227783203,4.728158473968506,4.710225582122803,4.961972713470459
B13,3.5307505130767822,3.1468119621276855,3.0248494148254395,2.688039541244507,2.498229503631592,2.2977070808410645,1.9394447803497314,1.854917287826538,1.724908471107483,1.5435457229614258,1.3029557466506958,1.2374505996704102,1.2235474586486816,1.1707448959350586,1.5159649848937988,1.9434505701065063,2.0937530994415283,2.0439131259918213,2.0112946033477783,1.7439459562301636,1.7578654289245605,1.3976171016693115,1.5271373987197876,1.2324973344802856,0.9184965491294861,0.612204372882843,0.38118401169776917,0.0,0.3792861998081207,0.6446957588195801,1.5097781419754028,1.8527355194091797,1.7920500040054321,2.040435552597046,1.8072179555892944,2.016693592071533,1.915202260017395,2.0810768604278564,1.7614006996154785,1.4889118671417236,1.4663913249969482,1.242806315422058,1.2713972330093384,1.231801986694336,1.3389538526535034,1.8410085439682007,2.1286470890045166,2.2201054096221924,2.5494208335876465,2.5828347206115723,2.8965792655944824,3.053424119949341,3.2243499755859375,2.9711992740631104,2.810683488845825,2.9481194019317627,2.730219602584839,2.822572708129883,2.70406436920166,2.7139785289764404,2.6460418701171875,2.7392897605895996,2.972552537918091,3.026731014251709,3.412492036819458,3.587022304534912,3.800222158432007,4.036029815673828,4.187929630279541,4.2046403884887695,4.583175182342529,4.564987659454346,4.919466972351074,4.882390975952148,5.112060070037842
