0.000000000000000000e+00,3.873940110206604004e-01,6.168457269668579102e-01,8.859485983848571777e-01,1.121807575225830078e+00,1.309834837913513184e+00,1.358250617980957031e+00,1.666766405105590820e+00,1.941411137580871582e+00,2.042648077011108398e+00,1.796801328659057617e+00,2.053675174713134766e+00,2.009367942810058594e+00,1.647851586341857910e+00,1.775596261024475098e+00,9.234308004379272461e-01,7.721946835517883301e-01,8.025840520858764648e-01,1.060831546783447266e+00,1.206158995628356934e+00,1.140026330947875977e+00,1.284368157386779785e+00,1.628588438034057617e+00,1.788594245910644531e+00,2.076743125915527344e+00,1.882639884948730469e+00,2.140755176544189453e+00,2.195874452590942383e+00,1.885389328002929688e+00,2.030023097991943359e+00,1.811039566993713379e+00,1.583637952804565430e+00,1.632740497589111328e+00,1.756654620170593262e+00,1.925291895866394043e+00,1.727672457695007324e+00,1.764828920364379883e+00,2.058462858200073242e+00,2.102852582931518555e+00,2.388460636138916016e+00,2.202606439590454102e+00,2.426369667053222656e+00,2.535211324691772461e+00,2.292839288711547852e+00,2.407573223114013672e+00,2.564127683639526367e+00,2.321852922439575195e+00,2.425721883773803711e+00,2.495561599731445312e+00,2.695976495742797852e+00,2.467729330062866211e+00,2.409162282943725586e+00,2.661764144897460938e+00,2.604981422424316406e+00,2.845228433609008789e+00,2.649693250656127930e+00,2.818041801452636719e+00,2.950631856918334961e+00,2.764289855957031250e+00,2.836353540420532227e+00,3.302969694137573242e+00,3.052182674407958984e+00,3.234289169311523438e+00,3.269399166107177734e+00,3.522712469100952148e+00,3.290392875671386719e+00,3.163662195205688477e+00,3.412973403930664062e+00,3.282425880432128906e+00,3.455123186111450195e+00,3.176403284072875977e+00,3.312626123428344727e+00,3.446986675262451172e+00,3.271458148956298828e+00,3.297357797622680664e+00
3.873940110206604004e-01,0.000000000000000000e+00,3.900502026081085205e-01,5.947978496551513672e-01,8.950965404510498047e-01,9.993167519569396973e-01,1.020660758018493652e+00,1.360971212387084961e+00,1.613686203956604004e+00,1.722715735435485840e+00,1.504314899444580078e+00,1.765228748321533203e+00,1.769321560859680176e+00,1.415462493896484375e+00,1.587533116340637207e+00,1.119594216346740723e+00,8.745291829109191895e-01,9.533337354660034180e-01,1.090061068534851074e+00,1.288492083549499512e+00,1.136261224746704102e+00,1.192459106445312500e+00,1.539018392562866211e+00,1.626738905906677246e+00,1.907974958419799805e+00,1.710138797760009766e+00,1.945125818252563477e+00,2.027758121490478516e+00,1.751998305320739746e+00,1.903266668319702148e+00,1.974606871604919434e+00,1.713146567344665527e+00,1.797315478324890137e+00,1.854424118995666504e+00,2.061762094497680664e+00,1.841106891632080078e+00,1.801201701164245605e+00,2.080677032470703125e+00,2.055543184280395508e+00,2.305926084518432617e+00,2.109498977661132812e+00,2.292387008666992188e+00,2.411274194717407227e+00,2.206504106521606445e+00,2.307658910751342773e+00,2.681297063827514648e+00,2.426379442214965820e+00,2.561903715133666992e+00,2.590106964111328125e+00,2.822673797607421875e+00,2.593615770339965820e+00,2.479411125183105469e+00,2.722936391830444336e+00,2.613768815994262695e+00,2.810133218765258789e+00,2.598151922225952148e+00,2.721116304397583008e+00,2.850138425827026367e+00,2.695187807083129883e+00,2.742308855056762695e+00,3.363478183746337891e+00,3.114192008972167969e+00,3.323459386825561523e+00,3.330668687820434570e+00,3.607973098754882812e+00,3.387610673904418945e+00,3.222407817840576172e+00,3.468348264694213867e+00,3.303321123123168945e+00,3.435166597366333008e+00,3.138665437698364258e+00,3.231161594390869141e+00,3.355192422866821289e+00,3.200520515441894531e+00,3.195082187652587891e+00
6.168457269668579102e-01,3.900502026081085205e-01,0.000000000000000000e+00,3.893990516662597656e-01,5.509265661239624023e-01,7.063516378402709961e-01,8.391519784927368164e-01,1.124573826789855957e+00,1.431504845619201660e+00,1.615109324455261230e+00,1.456590175628662109e+00,1.773002982139587402e+00,1.843011140823364258e+00,1.534271478652954102e+00,1.778742194175720215e+00,1.376194119453430176e+00,1.077088356018066406e+00,1.028759002685546875e+00,1.091553092002868652e+00,1.202676057815551758e+00,9.592056274414062500e-01,1.053051114082336426e+00,1.342286229133605957e+00,1.445912122726440430e+00,1.773450851440429688e+00,1.647097587585449219e+00,1.923727631568908691e+00,2.076684951782226562e+00,1.849047183990478516e+00,2.064354419708251953e+00,2.192380189895629883e+00,1.889264464378356934e+00,1.910755395889282227e+00,1.917818546295166016e+00,2.081037998199462891e+00,1.807053446769714355e+00,1.763263463973999023e+00,1.984997391700744629e+00,1.947178483009338379e+00,2.217114448547363281e+00,2.075258970260620117e+00,2.277340412139892578e+00,2.454433679580688477e+00,2.295795917510986328e+00,2.447098255157470703e+00,2.892617940902709961e+00,2.602596998214721680e+00,2.700145006179809570e+00,2.687037229537963867e+00,2.895527839660644531e+00,2.630292892456054688e+00,2.501964092254638672e+00,2.698573112487792969e+00,2.567600488662719727e+00,2.763706684112548828e+00,2.590871095657348633e+00,2.717458248138427734e+00,2.892964124679565430e+00,2.782540321350097656e+00,2.866249799728393555e+00,3.569611549377441406e+00,3.291778087615966797e+00,3.477527856826782227e+00,3.449413299560546875e+00,3.713781356811523438e+00,3.468343257904052734e+00,3.283289909362792969e+00,3.494107723236083984e+00,3.304162025451660156e+00,3.430790901184082031e+00,3.155494928359985352e+00,3.241542339324951172e+00,3.401242733001708984e+00,3.287297964096069336e+00,3.304272413253784180e+00
8.859485983848571777e-01,5.947978496551513672e-01,3.893990516662597656e-01,0.000000000000000000e+00,3.851411938667297363e-01,5.002110600471496582e-01,4.932788610458374023e-01,7.816231250762939453e-01,1.069854736328125000e+00,1.232371687889099121e+00,1.075427770614624023e+00,1.405738711357116699e+00,1.505751132965087891e+00,1.234186291694641113e+00,1.528518557548522949e+00,1.428595542907714844e+00,1.071207880973815918e+00,1.046139717102050781e+00,9.753162264823913574e-01,1.137449860572814941e+00,8.594873547554016113e-01,8.173545598983764648e-01,1.100172042846679688e+00,1.125400066375732422e+00,1.430742740631103516e+00,1.302418231964111328e+00,1.566352844238281250e+00,1.746915221214294434e+00,1.561057925224304199e+00,1.803204298019409180e+00,2.152732849121093750e+00,1.817906379699707031e+00,1.856659889221191406e+00,1.794137477874755859e+00,1.987660527229309082e+00,1.709611058235168457e+00,1.588678240776062012e+00,1.794186353683471680e+00,1.693215727806091309e+00,1.923241734504699707e+00,1.775333881378173828e+00,1.947561621665954590e+00,2.138034582138061523e+00,2.017678976058959961e+00,2.177062273025512695e+00,2.790347814559936523e+00,2.483053445816040039e+00,2.595232963562011719e+00,2.536937236785888672e+00,2.767565011978149414e+00,2.506664991378784180e+00,2.328262805938720703e+00,2.513029098510742188e+00,2.338720798492431641e+00,2.493978023529052734e+00,2.311690330505371094e+00,2.405017614364624023e+00,2.583122014999389648e+00,2.504056692123413086e+00,2.584604740142822266e+00,3.408921003341674805e+00,3.124306678771972656e+00,3.320866584777832031e+00,3.261062860488891602e+00,3.539152622222900391e+00,3.303670644760131836e+00,3.085546255111694336e+00,3.288106203079223633e+00,3.070919513702392578e+00,3.163315773010253906e+00,2.879372835159301758e+00,2.934123039245605469e+00,3.091418743133544922e+00,3.000349283218383789e+00,3.007133483886718750e+00
1.121807575225830078e+00,8.950965404510498047e-01,5.509265661239624023e-01,3.851411938667297363e-01,0.000000000000000000e+00,3.749113082885742188e-01,5.693294405937194824e-01,6.832947731018066406e-01,1.040421366691589355e+00,1.293500065803527832e+00,1.221591830253601074e+00,1.585896968841552734e+00,1.737959980964660645e+00,1.521879673004150391e+00,1.848389029502868652e+00,1.707400918006896973e+00,1.346932888031005859e+00,1.222812533378601074e+00,1.117499351501464844e+00,1.160158276557922363e+00,8.132570385932922363e-01,8.343611955642700195e-01,9.990289211273193359e-01,1.056859016418457031e+00,1.411776542663574219e+00,1.384975910186767578e+00,1.686895251274108887e+00,1.929042339324951172e+00,1.791346669197082520e+00,2.078852415084838867e+00,2.402605056762695312e+00,2.048717975616455078e+00,2.024848461151123047e+00,1.931962728500366211e+00,2.066831350326538086e+00,1.747082114219665527e+00,1.641656875610351562e+00,1.773824930191040039e+00,1.673559546470642090e+00,1.926188588142395020e+00,1.850271821022033691e+00,2.046233415603637695e+00,2.291304111480712891e+00,2.213199853897094727e+00,2.417922496795654297e+00,3.037640810012817383e+00,2.706988096237182617e+00,2.776386260986328125e+00,2.689118623733520508e+00,2.885357618331909180e+00,2.592828273773193359e+00,2.415017127990722656e+00,2.547320365905761719e+00,2.362698078155517578e+00,2.522900104522705078e+00,2.391620397567749023e+00,2.495823383331298828e+00,2.720355033874511719e+00,2.681809425354003906e+00,2.801061868667602539e+00,3.658097267150878906e+00,3.350454330444335938e+00,3.517622232437133789e+00,3.430835723876953125e+00,3.688359022140502930e+00,3.428140640258789062e+00,3.200709581375122070e+00,3.365082979202270508e+00,3.131192684173583984e+00,3.224793910980224609e+00,2.971285820007324219e+00,3.026905298233032227e+00,3.221429586410522461e+00,3.169063329696655273e+00,3.203864812850952148e+00
1.309834837913513184e+00,9.993167519569396973e-01,7.063516378402709961e-01,5.002110600471496582e-01,3.749113082885742188e-01,0.000000000000000000e+00,3.767530024051666260e-01,5.335229039192199707e-01,8.455902338027954102e-01,1.140824556350708008e+00,1.144158005714416504e+00,1.490202903747558594e+00,1.701878190040588379e+00,1.506705641746520996e+00,1.843879222869873047e+00,1.928718805313110352e+00,1.569381833076477051e+00,1.516389608383178711e+00,1.403559803962707520e+00,1.501649141311645508e+00,1.162594795227050781e+00,1.106780767440795898e+00,1.261300563812255859e+00,1.217778325080871582e+00,1.526377439498901367e+00,1.487915873527526855e+00,1.731676578521728516e+00,1.981588840484619141e+00,1.877409577369689941e+00,2.136780977249145508e+00,2.636015892028808594e+00,2.289316177368164062e+00,2.310376167297363281e+00,2.207504034042358398e+00,2.377397298812866211e+00,2.070358991622924805e+00,1.924786210060119629e+00,2.058181762695312500e+00,1.907237529754638672e+00,2.108013629913330078e+00,2.011820793151855469e+00,2.149514675140380859e+00,2.381466865539550781e+00,2.330635547637939453e+00,2.497634649276733398e+00,3.246034383773803711e+00,2.927488565444946289e+00,3.032035112380981445e+00,2.937751770019531250e+00,3.161172389984130859e+00,2.884586095809936523e+00,2.679462671279907227e+00,2.817758798599243164e+00,2.603467941284179688e+00,2.720932006835937500e+00,2.567197322845458984e+00,2.621886253356933594e+00,2.823518037796020508e+00,2.803069829940795898e+00,2.881832361221313477e+00,3.825360298156738281e+00,3.535025835037231445e+00,3.730503797531127930e+00,3.638967752456665039e+00,3.916766405105590820e+00,3.676739454269409180e+00,3.431268453598022461e+00,3.602779865264892578e+00,3.352447748184204102e+00,3.410625457763671875e+00,3.139064311981201172e+00,3.152714252471923828e+00,3.322379827499389648e+00,3.278671026229858398e+00,3.273123025894165039e+00
1.358250617980957031e+00,1.020660758018493652e+00,8.391519784927368164e-01,4.932788610458374023e-01,5.693294405937194824e-01,3.767530024051666260e-01,0.000000000000000000e+00,3.829220235347747803e-01,6.047348976135253906e-01,8.147431612014770508e-01,7.788707613945007324e-01,1.116801142692565918e+00,1.331467866897583008e+00,1.154886126518249512e+00,1.505144000053405762e+00,1.819239616394042969e+00,1.449770808219909668e+00,1.457615494728088379e+00,1.291993379592895508e+00,1.466320276260375977e+00,1.164648056030273438e+00,9.955515861511230469e-01,1.179500222206115723e+00,1.052289962768554688e+00,1.297859311103820801e+00,1.205240607261657715e+00,1.404734730720520020e+00,1.640838146209716797e+00,1.553460717201232910e+00,1.801491975784301758e+00,2.457463026046752930e+00,2.110366821289062500e+00,2.172684192657470703e+00,2.042855501174926758e+00,2.257292985916137695e+00,1.979270458221435547e+00,1.779392957687377930e+00,1.934439897537231445e+00,1.741683959960937500e+00,1.892888665199279785e+00,1.754988670349121094e+00,1.850665807723999023e+00,2.058985471725463867e+00,2.017869710922241211e+00,2.163223028182983398e+00,3.013394355773925781e+00,2.701092243194580078e+00,2.835248470306396484e+00,2.727199554443359375e+00,2.979871511459350586e+00,2.728340625762939453e+00,2.492979526519775391e+00,2.648977518081665039e+00,2.414097785949707031e+00,2.497168779373168945e+00,2.310475349426269531e+00,2.332872390747070312e+00,2.507857561111450195e+00,2.489352703094482422e+00,2.544081687927246094e+00,3.543523073196411133e+00,3.263861179351806641e+00,3.479372262954711914e+00,3.381520986557006836e+00,3.676586866378784180e+00,3.459506988525390625e+00,3.199580430984497070e+00,3.384618997573852539e+00,3.127896070480346680e+00,3.160997152328491211e+00,2.869106769561767578e+00,2.859801054000854492e+00,3.005368232727050781e+00,2.957170724868774414e+00,2.929685592651367188e+00
1.666766405105590820e+00,1.360971212387084961e+00,1.124573826789855957e+00,7.816231250762939453e-01,6.832947731018066406e-01,5.335229039192199707e-01,3.829220235347747803e-01,0.000000000000000000e+00,3.670883476734161377e-01,6.850580573081970215e-01,7.781943082809448242e-01,1.128863692283630371e+00,1.400749683380126953e+00,1.319556832313537598e+00,1.697796225547790527e+00,2.079554557800292969e+00,1.696160554885864258e+00,1.648710489273071289e+00,1.418931484222412109e+00,1.532877802848815918e+00,1.211631536483764648e+00,1.013475418090820312e+00,1.069123148918151855e+00,8.818824887275695801e-01,1.116508364677429199e+00,1.129737854003906250e+00,1.336377739906311035e+00,1.641126871109008789e+00,1.631415605545043945e+00,1.924198865890502930e+00,2.644098997116088867e+00,2.275928020477294922e+00,2.299537420272827148e+00,2.116680383682250977e+00,2.298898220062255859e+00,2.002180576324462891e+00,1.775884747505187988e+00,1.857603669166564941e+00,1.625426650047302246e+00,1.751210212707519531e+00,1.676039695739746094e+00,1.763068675994873047e+00,2.023302078247070312e+00,2.046939134597778320e+00,2.233242273330688477e+00,3.157135725021362305e+00,2.822807550430297852e+00,2.928794622421264648e+00,2.775735378265380859e+00,3.009813070297241211e+00,2.743124485015869141e+00,2.483932971954345703e+00,2.588408946990966797e+00,2.322273492813110352e+00,2.376433849334716797e+00,2.229878664016723633e+00,2.236097335815429688e+00,2.449424743652343750e+00,2.487497329711914062e+00,2.573932647705078125e+00,3.650526046752929688e+00,3.351649045944213867e+00,3.545881986618041992e+00,3.409486293792724609e+00,3.692049980163574219e+00,3.464480638504028320e+00,3.181298971176147461e+00,3.328167915344238281e+00,3.044687271118164062e+00,3.054898977279663086e+00,2.787183761596679688e+00,2.757133245468139648e+00,2.931041240692138672e+00,2.932150363922119141e+00,2.924434185028076172e+00
1.941411137580871582e+00,1.613686203956604004e+00,1.431504845619201660e+00,1.069854736328125000e+00,1.040421366691589355e+00,8.455902338027954102e-01,6.047348976135253906e-01,3.670883476734161377e-01,0.000000000000000000e+00,3.884228169918060303e-01,6.378734707832336426e-01,9.171364903450012207e-01,1.253917574882507324e+00,1.258804082870483398e+00,1.634763121604919434e+00,2.274841785430908203e+00,1.897803187370300293e+00,1.897459983825683594e+00,1.640471458435058594e+00,1.794538855552673340e+00,1.504381418228149414e+00,1.245160937309265137e+00,1.280906915664672852e+00,1.003492236137390137e+00,1.116988539695739746e+00,1.120141983032226562e+00,1.226845979690551758e+00,1.535742402076721191e+00,1.594888687133789062e+00,1.862057447433471680e+00,2.774605751037597656e+00,2.413983821868896484e+00,2.471894741058349609e+00,2.261892557144165039e+00,2.472961425781250000e+00,2.203052282333374023e+00,1.931074738502502441e+00,2.004426717758178711e+00,1.721749186515808105e+00,1.767303705215454102e+00,1.675098180770874023e+00,1.683169841766357422e+00,1.924765229225158691e+00,1.997478127479553223e+00,2.152167081832885742e+00,3.219598293304443359e+00,2.895959138870239258e+00,3.028579235076904297e+00,2.853942155838012695e+00,3.110730171203613281e+00,2.869095802307128906e+00,2.576960563659667969e+00,2.678804874420166016e+00,2.381794214248657227e+00,2.376759052276611328e+00,2.211220264434814453e+00,2.156058788299560547e+00,2.342037677764892578e+00,2.413180589675903320e+00,2.465506792068481445e+00,3.639238357543945312e+00,3.355794906616210938e+00,3.569572210311889648e+00,3.416585206985473633e+00,3.714168310165405273e+00,3.513044595718383789e+00,3.207985877990722656e+00,3.353900671005249023e+00,3.053538084030151367e+00,3.017756462097167969e+00,2.738038778305053711e+00,2.658039569854736328e+00,2.804632425308227539e+00,2.825978279113769531e+00,2.783406972885131836e+00
2.042648077011108398e+00,1.722715735435485840e+00,1.615109324455261230e+00,1.232371687889099121e+00,1.293500065803527832e+00,1.140824556350708008e+00,8.147431612014770508e-01,6.850580573081970215e-01,3.884228169918060303e-01,0.000000000000000000e+00,3.762722015380859375e-01,5.547509789466857910e-01,9.177010655403137207e-01,1.006577610969543457e+00,1.367115855216979980e+00,2.227796792984008789e+00,1.867824316024780273e+00,1.918014287948608398e+00,1.636553645133972168e+00,1.843952536582946777e+00,1.611309647560119629e+00,1.291277408599853516e+00,1.347437620162963867e+00,1.019860506057739258e+00,1.008843183517456055e+00,9.389927387237548828e-01,9.379949569702148438e-01,1.220256209373474121e+00,1.326197266578674316e+00,1.566195011138916016e+00,2.631704092025756836e+00,2.285681009292602539e+00,2.381994962692260742e+00,2.153273344039916992e+00,2.400817871093750000e+00,2.174197912216186523e+00,1.862702965736389160e+00,1.955539226531982422e+00,1.644081115722656250e+00,1.620044946670532227e+00,1.478094816207885742e+00,1.416820526123046875e+00,1.617764711380004883e+00,1.712333679199218750e+00,1.834997296333312988e+00,3.002732515335083008e+00,2.694126367568969727e+00,2.854649543762207031e+00,2.669111251831054688e+00,2.951353549957275391e+00,2.744191646575927734e+00,2.428493738174438477e+00,2.547922849655151367e+00,2.238009452819824219e+00,2.190541744232177734e+00,1.987487912178039551e+00,1.887537479400634766e+00,2.032995223999023438e+00,2.109711647033691406e+00,2.130384922027587891e+00,3.357608079910278320e+00,3.090357303619384766e+00,3.322626113891601562e+00,3.164632320404052734e+00,3.477302312850952148e+00,3.305418729782104492e+00,2.989877700805664062e+00,3.149690628051757812e+00,2.848351240158081055e+00,2.783546924591064453e+00,2.482814550399780273e+00,2.373908996582031250e+00,2.486797809600830078e+00,2.503339767456054688e+00,2.433296918869018555e+00
1.796801328659057617e+00,1.504314899444580078e+00,1.456590175628662109e+00,1.075427770614624023e+00,1.221591830253601074e+00,1.144158005714416504e+00,7.788707613945007324e-01,7.781943082809448242e-01,6.378734707832336426e-01,3.762722015380859375e-01,0.000000000000000000e+00,3.737058043479919434e-01,6.299131512641906738e-01,6.553332805633544922e-01,1.030843853950500488e+00,1.881739497184753418e+00,1.533550381660461426e+00,1.615400671958923340e+00,1.338379025459289551e+00,1.592617630958557129e+00,1.408170700073242188e+00,1.068699121475219727e+00,1.200675010681152344e+00,9.084512591361999512e-01,8.985507488250732422e-01,7.012862563133239746e-01,7.169029116630554199e-01,9.456827640533447266e-01,9.811867475509643555e-01,1.226210832595825195e+00,2.261888027191162109e+00,1.922848582267761230e+00,2.041260480880737305e+00,1.828387260437011719e+00,2.102771043777465820e+00,1.901369452476501465e+00,1.591148376464843750e+00,1.739540219306945801e+00,1.454790949821472168e+00,1.452805638313293457e+00,1.246664166450500488e+00,1.212282419204711914e+00,1.378167271614074707e+00,1.408570647239685059e+00,1.527199506759643555e+00,2.641234159469604492e+00,2.337917804718017578e+00,2.511656761169433594e+00,2.347584247589111328e+00,2.643428087234497070e+00,2.449295997619628906e+00,2.144840240478515625e+00,2.304799318313598633e+00,2.020002126693725586e+00,2.003291368484497070e+00,1.764125943183898926e+00,1.696591734886169434e+00,1.822079062461853027e+00,1.842400431632995605e+00,1.862281680107116699e+00,3.024917364120483398e+00,2.759104967117309570e+00,2.998629808425903320e+00,2.863735198974609375e+00,3.182979822158813477e+00,3.014201402664184570e+00,2.715307950973510742e+00,2.904898405075073242e+00,2.626964569091796875e+00,2.591554403305053711e+00,2.271397590637207031e+00,2.199398040771484375e+00,2.302570581436157227e+00,2.271358251571655273e+00,2.209438562393188477e+00
2.053675174713134766e+00,1.765228748321533203e+00,1.773002982139587402e+00,1.405738711357116699e+00,1.585896968841552734e+00,1.490202903747558594e+00,1.116801142692565918e+00,1.128863692283630371e+00,9.171364903450012207e-01,5.547509789466857910e-01,3.737058043479919434e-01,0.000000000000000000e+00,3.878000974655151367e-01,5.970237255096435547e-01,8.935388922691345215e-01,2.029704093933105469e+00,1.719040036201477051e+00,1.854454278945922852e+00,1.582651972770690918e+00,1.868200540542602539e+00,1.728452920913696289e+00,1.375746846199035645e+00,1.504630684852600098e+00,1.197637796401977539e+00,1.082131266593933105e+00,8.466241359710693359e-01,6.789673566818237305e-01,8.049710988998413086e-01,9.147918820381164551e-01,1.072512626647949219e+00,2.310799837112426758e+00,2.004326343536376953e+00,2.169360160827636719e+00,1.950219392776489258e+00,2.255034208297729492e+00,2.102585554122924805e+00,1.769877910614013672e+00,1.926546096801757812e+00,1.626013755798339844e+00,1.544957399368286133e+00,1.297563672065734863e+00,1.159616470336914062e+00,1.241167902946472168e+00,1.303122639656066895e+00,1.346064209938049316e+00,2.596047401428222656e+00,2.322983026504516602e+00,2.534274816513061523e+00,2.364490270614624023e+00,2.686491012573242188e+00,2.536746978759765625e+00,2.213944196701049805e+00,2.387762784957885742e+00,2.094771862030029297e+00,2.023310899734497070e+00,1.747305989265441895e+00,1.613246560096740723e+00,1.668124675750732422e+00,1.696615934371948242e+00,1.651461839675903320e+00,2.887937307357788086e+00,2.652732610702514648e+00,2.920025825500488281e+00,2.782684326171875000e+00,3.119958162307739258e+00,2.992126703262329102e+00,2.684038162231445312e+00,2.887131452560424805e+00,2.610562801361083984e+00,2.533869266510009766e+00,2.193187236785888672e+00,2.075057268142700195e+00,2.122387647628784180e+00,2.085710287094116211e+00,1.970035910606384277e+00
2.009367942810058594e+00,1.769321560859680176e+00,1.843011140823364258e+00,1.505751132965087891e+00,1.737959980964660645e+00,1.701878190040588379e+00,1.331467866897583008e+00,1.400749683380126953e+00,1.253917574882507324e+00,9.177010655403137207e-01,6.299131512641906738e-01,3.878000974655151367e-01,0.000000000000000000e+00,3.865339457988739014e-01,5.773071050643920898e-01,1.821051239967346191e+00,1.556207776069641113e+00,1.735590815544128418e+00,1.480985999107360840e+00,1.802358388900756836e+00,1.736321687698364258e+00,1.387439370155334473e+00,1.558093428611755371e+00,1.300352096557617188e+00,1.157064795494079590e+00,8.357225060462951660e-01,6.192867755889892578e-01,5.486987829208374023e-01,5.957707762718200684e-01,6.886041164398193359e-01,2.000024080276489258e+00,1.723139405250549316e+00,1.927465558052062988e+00,1.723507046699523926e+00,2.058726787567138672e+00,1.961298704147338867e+00,1.632634997367858887e+00,1.835349321365356445e+00,1.569468379020690918e+00,1.478585124015808105e+00,1.165869235992431641e+00,1.017825603485107422e+00,9.997920989990234375e-01,9.899451136589050293e-01,9.826235175132751465e-01,2.236334323883056641e+00,1.983714103698730469e+00,2.222460269927978516e+00,2.071699619293212891e+00,2.414154767990112305e+00,2.301224470138549805e+00,1.987745404243469238e+00,2.202950954437255859e+00,1.940287947654724121e+00,1.878345131874084473e+00,1.559054255485534668e+00,1.437671780586242676e+00,1.434765458106994629e+00,1.396687626838684082e+00,1.322006702423095703e+00,2.513762712478637695e+00,2.291467905044555664e+00,2.575436353683471680e+00,2.460211038589477539e+00,2.808780431747436523e+00,2.702119588851928711e+00,2.410229682922363281e+00,2.646167993545532227e+00,2.398529052734375000e+00,2.337283611297607422e+00,1.975419759750366211e+00,1.883046388626098633e+00,1.897269606590270996e+00,1.803816556930541992e+00,1.680180430412292480e+00
1.647851586341857910e+00,1.415462493896484375e+00,1.534271478652954102e+00,1.234186291694641113e+00,1.521879673004150391e+00,1.506705641746520996e+00,1.154886126518249512e+00,1.319556832313537598e+00,1.258804082870483398e+00,1.006577610969543457e+00,6.553332805633544922e-01,5.970237255096435547e-01,3.865339457988739014e-01,0.000000000000000000e+00,3.848764598369598389e-01,1.488637685775756836e+00,1.224301099777221680e+00,1.441461205482482910e+00,1.242069721221923828e+00,1.595746040344238281e+00,1.532446384429931641e+00,1.224092125892639160e+00,1.476913690567016602e+00,1.288561105728149414e+00,1.252403378486633301e+00,9.018453359603881836e-01,8.382326364517211914e-01,7.766763567924499512e-01,6.097540855407714844e-01,6.937605738639831543e-01,1.788925766944885254e+00,1.511634707450866699e+00,1.733705520629882812e+00,1.589891791343688965e+00,1.936038017272949219e+00,1.826623320579528809e+00,1.543848514556884766e+00,1.803648114204406738e+00,1.593780875205993652e+00,1.594024062156677246e+00,1.271974563598632812e+00,1.228994727134704590e+00,1.224629402160644531e+00,1.102196335792541504e+00,1.100561141967773438e+00,2.139524936676025391e+00,1.888993740081787109e+00,2.133411169052124023e+00,2.036924123764038086e+00,2.377218961715698242e+00,2.247995376586914062e+00,1.976328253746032715e+00,2.228608369827270508e+00,2.007806539535522461e+00,2.019603967666625977e+00,1.702611088752746582e+00,1.658097505569458008e+00,1.673584699630737305e+00,1.565405130386352539e+00,1.507964253425598145e+00,2.528470039367675781e+00,2.305164813995361328e+00,2.590431690216064453e+00,2.519881486892700195e+00,2.864539384841918945e+00,2.737956523895263672e+00,2.480369329452514648e+00,2.740752935409545898e+00,2.521865606307983398e+00,2.517038345336914062e+00,2.157163858413696289e+00,2.125311374664306641e+00,2.155817747116088867e+00,2.017759799957275391e+00,1.918506503105163574e+00
1.775596261024475098e+00,1.587533116340637207e+00,1.778742194175720215e+00,1.528518557548522949e+00,1.848389029502868652e+00,1.843879222869873047e+00,1.505144000053405762e+00,1.697796225547790527e+00,1.634763121604919434e+00,1.367115855216979980e+00,1.030843853950500488e+00,8.935388922691345215e-01,5.773071050643920898e-01,3.848764598369598389e-01,0.000000000000000000e+00,1.461124897003173828e+00,1.286476492881774902e+00,1.569421648979187012e+00,1.425083518028259277e+00,1.799344778060913086e+00,1.796247363090515137e+00,1.514045000076293945e+00,1.785122990608215332e+00,1.626167178153991699e+00,1.562429308891296387e+00,1.194541215896606445e+00,1.079002261161804199e+00,8.779983520507812500e-01,6.559045314788818359e-01,5.072180628776550293e-01,1.651193737983703613e+00,1.444355249404907227e+00,1.732111811637878418e+00,1.633052110671997070e+00,2.005651712417602539e+00,1.961124420166015625e+00,1.700383543968200684e+00,1.993181943893432617e+00,1.817826151847839355e+00,1.797385454177856445e+00,1.442546725273132324e+00,1.371825218200683594e+00,1.258278965950012207e+00,1.067899703979492188e+00,9.435108304023742676e-01,1.930974960327148438e+00,1.736538290977478027e+00,2.031633138656616211e+00,1.976778030395507812e+00,2.339253425598144531e+00,2.264593601226806641e+00,2.014801502227783203e+00,2.306604623794555664e+00,2.121784210205078125e+00,2.129445075988769531e+00,1.781097769737243652e+00,1.730524897575378418e+00,1.665500521659851074e+00,1.490769982337951660e+00,1.360591888427734375e+00,2.278811216354370117e+00,2.100105524063110352e+00,2.419387578964233398e+00,2.388683795928955078e+00,2.747264146804809570e+00,2.661726951599121094e+00,2.430451631546020508e+00,2.726407289505004883e+00,2.544157981872558594e+00,2.541754245758056641e+00,2.167302608489990234e+00,2.143080472946166992e+00,2.115786552429199219e+00,1.919446110725402832e+00,1.782010078430175781e+00
9.234308004379272461e-01,1.119594216346740723e+00,1.376194119453430176e+00,1.428595542907714844e+00,1.707400918006896973e+00,1.928718805313110352e+00,1.819239616394042969e+00,2.079554557800292969e+00,2.274841785430908203e+00,2.227796792984008789e+00,1.881739497184753418e+00,2.029704093933105469e+00,1.821051239967346191e+00,1.488637685775756836e+00,1.461124897003173828e+00,0.000000000000000000e+00,3.871625065803527832e-01,6.307671666145324707e-01,8.958507776260375977e-01,1.137083172798156738e+00,1.316017508506774902e+00,1.357998728752136230e+00,1.700344324111938477e+00,1.853658795356750488e+00,2.012299299240112305e+00,1.741505384445190430e+00,1.932406425476074219e+00,1.844208240509033203e+00,1.470481991767883301e+00,1.530792713165283203e+00,8.981049060821533203e-01,7.454988360404968262e-01,9.019901752471923828e-01,1.128723144531250000e+00,1.362644910812377930e+00,1.336037755012512207e+00,1.388545632362365723e+00,1.758125066757202148e+00,1.859881281852722168e+00,2.094768285751342773e+00,1.848434925079345703e+00,2.067623615264892578e+00,2.070899963378906250e+00,1.741021394729614258e+00,1.822386860847473145e+00,1.658121585845947266e+00,1.452470421791076660e+00,1.585627079010009766e+00,1.725684165954589844e+00,1.947388410568237305e+00,1.802353620529174805e+00,1.788096070289611816e+00,2.115265369415283203e+00,2.131211280822753906e+00,2.381539821624755859e+00,2.149940729141235352e+00,2.351494789123535156e+00,2.415957927703857422e+00,2.146010160446166992e+00,2.218583822250366211e+00,2.425821065902709961e+00,2.191742420196533203e+00,2.371698856353759766e+00,2.457711458206176758e+00,2.707980632781982422e+00,2.511183500289916992e+00,2.433783531188964844e+00,2.730661153793334961e+00,2.665878534317016602e+00,2.868047237396240234e+00,2.586523532867431641e+00,2.773234844207763672e+00,2.868161439895629883e+00,2.627657651901245117e+00,2.679440021514892578e+00
7.721946835517883301e-01,8.745291829109191895e-01,1.077088356018066406e+00,1.071207880973815918e+00,1.346932888031005859e+00,1.569381833076477051e+00,1.449770808219909668e+00,1.696160554885864258e+00,1.897803187370300293e+00,1.867824316024780273e+00,1.533550381660461426e+00,1.719040036201477051e+00,1.556207776069641113e+00,1.224301099777221680e+00,1.286476492881774902e+00,3.871625065803527832e-01,0.000000000000000000e+00,3.818012773990631104e-01,5.740630030632019043e-01,8.744590878486633301e-01,9.875685572624206543e-01,9.948992729187011719e-01,1.354545354843139648e+00,1.490975856781005859e+00,1.672701597213745117e+00,1.413853049278259277e+00,1.634820938110351562e+00,1.604953169822692871e+00,1.254240632057189941e+00,1.390648007392883301e+00,1.117705106735229492e+00,8.401079773902893066e-01,9.522412419319152832e-01,1.057500362396240234e+00,1.308266878128051758e+00,1.194360017776489258e+00,1.180944323539733887e+00,1.538402795791625977e+00,1.590940833091735840e+00,1.833333015441894531e+00,1.597280502319335938e+00,1.821112036705017090e+00,1.876400470733642578e+00,1.589584946632385254e+00,1.713676571846008301e+00,1.831377625465393066e+00,1.566700577735900879e+00,1.692451000213623047e+00,1.750792980194091797e+00,1.986802816390991211e+00,1.795371294021606445e+00,1.715519905090332031e+00,2.012305021286010742e+00,1.969033956527709961e+00,2.200646162033081055e+00,1.973898172378540039e+00,2.157037019729614258e+00,2.259071588516235352e+00,2.037096500396728516e+00,2.125880241394042969e+00,2.552257776260375977e+00,2.287476062774658203e+00,2.472677707672119141e+00,2.502115011215209961e+00,2.766362667083740234e+00,2.551493406295776367e+00,2.420856475830078125e+00,2.693040132522583008e+00,2.577755451202392578e+00,2.751677751541137695e+00,2.463375806808471680e+00,2.620068550109863281e+00,2.739040136337280273e+00,2.539068698883056641e+00,2.587493419647216797e+00
8.025840520858764648e-01,9.533337354660034180e-01,1.028759002685546875e+00,1.046139717102050781e+00,1.222812533378601074e+00,1.516389608383178711e+00,1.457615494728088379e+00,1.648710489273071289e+00,1.897459983825683594e+00,1.918014287948608398e+00,1.615400671958923340e+00,1.854454278945922852e+00,1.735590815544128418e+00,1.441461205482482910e+00,1.569421648979187012e+00,6.307671666145324707e-01,3.818012773990631104e-01,0.000000000000000000e+00,3.781613707542419434e-01,5.371837019920349121e-01,6.957610249519348145e-01,8.161225914955139160e-01,1.134712576866149902e+00,1.354239702224731445e+00,1.585143566131591797e+00,1.399969458580017090e+00,1.687152743339538574e+00,1.720872640609741211e+00,1.409649968147277832e+00,1.621766567230224609e+00,1.254810929298400879e+00,9.402245283126831055e-01,8.936838507652282715e-01,9.717905521392822266e-01,1.127334237098693848e+00,9.408416748046875000e-01,9.965215325355529785e-01,1.315866112709045410e+00,1.420086979866027832e+00,1.722571492195129395e+00,1.555803537368774414e+00,1.838176608085632324e+00,1.957150220870971680e+00,1.703964829444885254e+00,1.900171041488647461e+00,1.973277449607849121e+00,1.670083522796630859e+00,1.713178038597106934e+00,1.741194725036621094e+00,1.920596122741699219e+00,1.673339128494262695e+00,1.615763902664184570e+00,1.864920973777770996e+00,1.835451841354370117e+00,2.107190132141113281e+00,1.938320755958557129e+00,2.162533521652221680e+00,2.323780059814453125e+00,2.135679721832275391e+00,2.286017894744873047e+00,2.714560747146606445e+00,2.414073705673217773e+00,2.548271417617797852e+00,2.549931764602661133e+00,2.780876398086547852e+00,2.523865461349487305e+00,2.393892049789428711e+00,2.626018285751342773e+00,2.503895521163940430e+00,2.703462362289428711e+00,2.451833724975585938e+00,2.633469104766845703e+00,2.802138566970825195e+00,2.637034654617309570e+00,2.732541322708129883e+00
1.060831546783447266e+00,1.090061068534851074e+00,1.091553092002868652e+00,9.753162264823913574e-01,1.117499351501464844e+00,1.403559803962707520e+00,1.291993379592895508e+00,1.418931484222412109e+00,1.640471458435058594e+00,1.636553645133972168e+00,1.338379025459289551e+00,1.582651972770690918e+00,1.480985999107360840e+00,1.242069721221923828e+00,1.425083518028259277e+00,8.958507776260375977e-01,5.740630030632019043e-01,3.781613707542419434e-01,0.000000000000000000e+00,3.847694694995880127e-01,5.133525133132934570e-01,4.925790131092071533e-01,8.062711358070373535e-01,9.999170899391174316e-01,1.210531353950500488e+00,1.038376450538635254e+00,1.345671057701110840e+00,1.418160438537597656e+00,1.151575565338134766e+00,1.429440855979919434e+00,1.342222332954406738e+00,9.686208963394165039e-01,9.130292534828186035e-01,8.361117839813232422e-01,1.020310044288635254e+00,7.850043177604675293e-01,7.152792215347290039e-01,1.024006485939025879e+00,1.069029092788696289e+00,1.361759901046752930e+00,1.203054904937744141e+00,1.492040872573852539e+00,1.649729728698730469e+00,1.441185355186462402e+00,1.682241916656494141e+00,1.966137766838073730e+00,1.624287128448486328e+00,1.666418433189392090e+00,1.613891959190368652e+00,1.811740279197692871e+00,1.546888709068298340e+00,1.414355874061584473e+00,1.635948896408081055e+00,1.547751307487487793e+00,1.790879845619201660e+00,1.624783039093017578e+00,1.834637165069580078e+00,2.024135589599609375e+00,1.878732323646545410e+00,2.052457332611083984e+00,2.639210700988769531e+00,2.316289424896240234e+00,2.451762676239013672e+00,2.401422500610351562e+00,2.643444538116455078e+00,2.382936716079711914e+00,2.204657316207885742e+00,2.415732622146606445e+00,2.252008676528930664e+00,2.420927762985229492e+00,2.165881633758544922e+00,2.324092864990234375e+00,2.510751008987426758e+00,2.380906343460083008e+00,2.483643770217895508e+00
1.206158995628356934e+00,1.288492083549499512e+00,1.202676057815551758e+00,1.137449860572814941e+00,1.160158276557922363e+00,1.501649141311645508e+00,1.466320276260375977e+00,1.532877802848815918e+00,1.794538855552673340e+00,1.843952536582946777e+00,1.592617630958557129e+00,1.868200540542602539e+00,1.802358388900756836e+00,1.595746040344238281e+00,1.799344778060913086e+00,1.137083172798156738e+00,8.744590878486633301e-01,5.371837019920349121e-01,3.847694694995880127e-01,0.000000000000000000e+00,3.660767972469329834e-01,5.592562556266784668e-01,7.244737148284912109e-01,1.035325407981872559e+00,1.289700984954833984e+00,1.223138451576232910e+00,1.569714307785034180e+00,1.688277482986450195e+00,1.465504527091979980e+00,1.769937634468078613e+00,1.531322956085205078e+00,1.172903656959533691e+00,9.898694157600402832e-01,9.082183241844177246e-01,9.409026503562927246e-01,6.206187605857849121e-01,6.795729994773864746e-01,8.891772031784057617e-01,1.024085760116577148e+00,1.383164644241333008e+00,1.323806762695312500e+00,1.660129427909851074e+00,1.866220235824584961e+00,1.690562129020690918e+00,1.975819349288940430e+00,2.151110410690307617e+00,1.796072125434875488e+00,1.757216572761535645e+00,1.690025925636291504e+00,1.813333392143249512e+00,1.499948501586914062e+00,1.412134408950805664e+00,1.566176295280456543e+00,1.509774446487426758e+00,1.799428582191467285e+00,1.710651397705078125e+00,1.963059186935424805e+00,2.202572345733642578e+00,2.086214065551757812e+00,2.310042858123779297e+00,2.841654300689697266e+00,2.496495723724365234e+00,2.577973127365112305e+00,2.511315822601318359e+00,2.710479021072387695e+00,2.412085294723510742e+00,2.248591899871826172e+00,2.413174867630004883e+00,2.254103660583496094e+00,2.455040216445922852e+00,2.249858617782592773e+00,2.438062906265258789e+00,2.669546604156494141e+00,2.570290327072143555e+00,2.717970371246337891e+00
1.140026330947875977e+00,1.136261224746704102e+00,9.592056274414062500e-01,8.594873547554016113e-01,8.132570385932922363e-01,1.162594795227050781e+00,1.164648056030273438e+00,1.211631536483764648e+00,1.504381418228149414e+00,1.611309647560119629e+00,1.408170700073242188e+00,1.728452920913696289e+00,1.736321687698364258e+00,1.532446384429931641e+00,1.796247363090515137e+00,1.316017508506774902e+00,9.875685572624206543e-01,6.957610249519348145e-01,5.133525133132934570e-01,3.660767972469329834e-01,0.000000000000000000e+00,3.740306198596954346e-01,5.531600713729858398e-01,8.514453768730163574e-01,1.181724429130554199e+00,1.153120279312133789e+00,1.518768191337585449e+00,1.702588796615600586e+00,1.516715407371520996e+00,1.841634035110473633e+00,1.826337456703186035e+00,1.457799315452575684e+00,1.327445268630981445e+00,1.220564484596252441e+00,1.283590793609619141e+00,9.480089545249938965e-01,9.163354635238647461e-01,1.064117312431335449e+00,1.095980644226074219e+00,1.439121603965759277e+00,1.393894553184509277e+00,1.698878288269042969e+00,1.942350029945373535e+00,1.812346339225769043e+00,2.089452743530273438e+00,2.447427749633789062e+00,2.091914415359497070e+00,2.084519863128662109e+00,1.994978189468383789e+00,2.138969659805297852e+00,1.824467301368713379e+00,1.693058848381042480e+00,1.820082545280456543e+00,1.703207492828369141e+00,1.946943163871765137e+00,1.855779170989990234e+00,2.060984611511230469e+00,2.314058303833007812e+00,2.237421751022338867e+00,2.439077854156494141e+00,3.109472751617431641e+00,2.769290447235107422e+00,2.874822139739990234e+00,2.789519548416137695e+00,3.005673170089721680e+00,2.714475870132446289e+00,2.520449161529541016e+00,2.673109292984008789e+00,2.477772712707519531e+00,2.639118909835815430e+00,2.422870635986328125e+00,2.564884424209594727e+00,2.797345399856567383e+00,2.725793361663818359e+00,2.844027280807495117e+00
