,A1,A2,A3,A4,A5,A6,A7,A8,A9,A10,A11,A12,A13,A14,A15,B1,B2,B3,B4,B5,B6,B7,B8,B9,B10,B11,B12,B13,B14,B15,C1,C2,C3,C4,C5,C6,C7,C8,C9,C10,C11,C12,C13,C14,C15,D1,D2,D3,D4,D5,D6,D7,D8,D9,D10,D11,D12,D13,D14,D15,E1,E2,E3,E4,E5,E6,E7,E8,E9,E10,E11,E12,E13,E14,E15
A1,0.0,0.3835865557193756,0.620763897895813,0.911052405834198,1.1492326259613037,1.3040461540222168,1.4159061908721924,1.765680193901062,1.9268615245819092,2.234433174133301,2.496450901031494,2.716132640838623,3.0393521785736084,3.073662042617798,3.4166035652160645,2.8437108993530273,2.5028038024902344,2.392627477645874,2.372596025466919,2.3359220027923584,2.0595641136169434,2.195828437805176,2.3536503314971924,2.5033040046691895,2.7232108116149902,3.039557695388794,3.109499454498291,3.486673355102539,3.5766828060150146,3.956740140914917,4.049520492553711,3.705796480178833,3.692450761795044,3.656101942062378,3.673210382461548,3.3528709411621094,3.310155153274536,3.3987369537353516,3.317223310470581,3.4818649291992188,3.6897053718566895,3.6538829803466797,4.004134178161621,4.138923168182373,4.365988254547119,5.182629585266113,4.882598400115967,5.002273082733154,4.967652320861816,5.078293800354004,4.7361650466918945,4.596907615661621,4.688790798187256,4.422604560852051,4.5647478103637695,4.396949291229248,4.458402633666992,4.724393844604492,4.968767166137695,4.937479019165039,6.130758285522461,5.919482231140137,6.218258380889893,6.128202438354492,6.3839030265808105,6.120198726654053,5.940250873565674,6.177358627319336,5.918057918548584,6.14874792098999,5.960365295410156,6.198204040527344,6.207512378692627,6.329396724700928,6.241042613983154
A2,0.3835865557193756,0.0,0.38138002157211304,0.6213618516921997,0.8978214263916016,0.9734029769897461,1.0719892978668213,1.422620177268982,1.5979833602905273,1.883126139640808,2.1678779125213623,2.3798327445983887,2.717315196990967,2.7661397457122803,3.120391845703125,2.7082359790802,2.3503952026367188,2.276851177215576,2.2203826904296875,2.2329533100128174,1.9292210340499878,2.0033512115478516,2.1584315299987793,2.2626383304595947,2.4585988521575928,2.770477294921875,2.8184735774993896,3.196910858154297,3.300058603286743,3.6797983646392822,3.901045083999634,3.5555732250213623,3.570521831512451,3.5142953395843506,3.564037561416626,3.23714542388916,3.1530096530914307,3.2355942726135254,3.1162099838256836,3.2559213638305664,3.4461052417755127,3.383000612258911,3.722383975982666,3.866058111190796,4.079100608825684,4.977302551269531,4.681458950042725,4.821104049682617,4.775679588317871,4.908656120300293,4.5718536376953125,4.408473014831543,4.502294063568115,4.218255519866943,4.339526653289795,4.149230480194092,4.188508033752441,4.4375,4.682555198669434,4.637946128845215,5.876310348510742,5.679130554199219,5.988450050354004,5.899198532104492,6.168144702911377,5.917334079742432,5.729050636291504,5.97582483291626,5.71732234954834,5.955737590789795,5.7584052085876465,6.007933616638184,6.015248775482178,6.127554416656494,6.034120082855225
A3,0.620763897895813,0.38138002157211304,0.0,0.40134626626968384,0.5508491396903992,0.7015087008476257,0.8847278952598572,1.1931079626083374,1.4081405401229858,1.7131516933441162,1.9762144088745117,2.2339234352111816,2.5616087913513184,2.653280735015869,3.008765459060669,2.6206297874450684,2.247338056564331,2.1392173767089844,2.028367042541504,2.0183000564575195,1.6877979040145874,1.7517943382263184,1.8588615655899048,1.9858096837997437,2.162789821624756,2.496117115020752,2.580371618270874,2.9627304077148438,3.0939271450042725,3.481701135635376,3.702589273452759,3.341533899307251,3.3372013568878174,3.2507576942443848,3.290666103363037,2.951272964477539,2.8603086471557617,2.9149246215820312,2.8018746376037598,2.9295153617858887,3.1419055461883545,3.0996294021606445,3.449805736541748,3.613402843475342,3.8484930992126465,4.734164714813232,4.423043727874756,4.548144340515137,4.483880519866943,4.608987331390381,4.266321182250977,4.097849369049072,4.173620700836182,3.88765811920166,4.0043463706970215,3.8258845806121826,3.881730079650879,4.142867565155029,4.401691436767578,4.378907203674316,5.615386486053467,5.406745433807373,5.706934452056885,5.602128505706787,5.867422103881836,5.610896587371826,5.41309118270874,5.649808406829834,5.382277011871338,5.611701488494873,5.40895414352417,5.651518821716309,5.652263641357422,5.762070178985596,5.665968418121338
A4,0.911052405834198,0.6213618516921997,0.40134626626968384,0.0,0.38163837790489197,0.5071343779563904,0.5415074229240417,0.8803879618644714,1.0342390537261963,1.3613967895507812,1.6031779050827026,1.8558926582336426,2.17458438873291,2.2578628063201904,2.6103246212005615,2.26945161819458,1.8902684450149536,1.8120810985565186,1.6878669261932373,1.7277069091796875,1.3944076299667358,1.4136476516723633,1.556768774986267,1.643554449081421,1.8392058610916138,2.1507039070129395,2.211869716644287,2.592076539993286,2.7079150676727295,3.0932631492614746,3.355100154876709,3.0004260540008545,3.0244736671447754,2.9427740573883057,3.014387369155884,2.682864189147949,2.5673723220825195,2.647585391998291,2.507776975631714,2.6448307037353516,2.826124429702759,2.763669729232788,3.106389284133911,3.252173900604248,3.4761180877685547,4.377526760101318,4.077144145965576,4.220455169677734,4.166745662689209,4.30922269821167,3.975905656814575,3.801337480545044,3.8999059200286865,3.6112782955169678,3.7322449684143066,3.536426067352295,3.5739145278930664,3.826937198638916,4.068724155426025,4.031240463256836,5.259953498840332,5.060609340667725,5.369533538818359,5.2790117263793945,5.550246238708496,5.303066253662109,5.113877296447754,5.36556339263916,5.111502170562744,5.357479572296143,5.163636207580566,5.423026084899902,5.440977573394775,5.560364723205566,5.479755401611328
A5,1.1492326259613037,0.8978214263916016,0.5508491396903992,0.38163837790489197,0.0,0.37868785858154297,0.5868497490882874,0.779877245426178,1.0095614194869995,1.3312475681304932,1.5444623231887817,1.850836157798767,2.154759407043457,2.296387195587158,2.6461033821105957,2.3620853424072266,1.976823091506958,1.8580782413482666,1.6645336151123047,1.6692748069763184,1.306549310684204,1.3033032417297363,1.3556084632873535,1.473801851272583,1.6251943111419678,1.971481442451477,2.0839526653289795,2.466395854949951,2.625854969024658,3.018000364303589,3.292659044265747,2.920379638671875,2.9174249172210693,2.79252552986145,2.8485188484191895,2.4998092651367188,2.373581886291504,2.4061853885650635,2.273662805557251,2.384216547012329,2.6004810333251953,2.565321445465088,2.9206383228302,3.0993995666503906,3.3500475883483887,4.245915412902832,3.925689458847046,4.0493998527526855,3.967069625854492,4.099006652832031,3.757345199584961,3.5731921195983887,3.642165422439575,3.3478212356567383,3.4565048217773438,3.2757585048675537,3.3348183631896973,3.6014211177825928,3.8657822608947754,3.8568108081817627,5.093853950500488,4.88137149810791,5.178529262542725,5.0651702880859375,5.332824230194092,5.078796863555908,4.873703956604004,5.110508441925049,4.841422080993652,5.072917938232422,4.867600440979004,5.11582088470459,5.119810581207275,5.230960845947266,5.140853404998779
A6,1.3040461540222168,0.9734029769897461,0.7015087008476257,0.5071343779563904,0.37868785858154297,0.0,0.3833313286304474,0.5340319871902466,0.8484042286872864,1.097320556640625,1.3797825574874878,1.6604104042053223,1.9981415271759033,2.156928539276123,2.5237643718719482,2.471820592880249,2.085439920425415,2.0299482345581055,1.8216851949691772,1.8936336040496826,1.5309120416641235,1.44146728515625,1.4907143115997314,1.5177468061447144,1.6118404865264893,1.9429675340652466,2.0072782039642334,2.3882904052734375,2.5662689208984375,2.9524245262145996,3.409248113632202,3.046038866043091,3.0824573040008545,2.9430339336395264,3.037909746170044,2.6923649311065674,2.5190317630767822,2.542550563812256,2.358489751815796,2.422775983810425,2.6082513332366943,2.5247178077697754,2.856717824935913,3.049896478652954,3.271364450454712,4.289755344390869,3.9808309078216553,4.132257461547852,4.038107395172119,4.198532581329346,3.8675949573516846,3.6535205841064453,3.722496509552002,3.405393362045288,3.478529453277588,3.2646565437316895,3.286853790283203,3.5219779014587402,3.788945436477661,3.7556259632110596,5.0653557777404785,4.876046180725098,5.187967777252197,5.076725482940674,5.362030982971191,5.127007007598877,4.910869121551514,5.158568382263184,4.890229225158691,5.128347396850586,4.909043788909912,5.1687445640563965,5.164600849151611,5.257179260253906,5.153672695159912
A7,1.4159061908721924,1.0719892978668213,0.8847278952598572,0.5415074229240417,0.5868497490882874,0.3833313286304474,0.0,0.3811168074607849,0.5460265874862671,0.8299316763877869,1.1111780405044556,1.3567601442337036,1.6974704265594482,1.817271113395691,2.1849453449249268,2.1661155223846436,1.7850197553634644,1.7833298444747925,1.5972434282302856,1.733862280845642,1.3962832689285278,1.268384337425232,1.3950002193450928,1.3596895933151245,1.4956573247909546,1.780112862586975,1.7900443077087402,2.167416572570801,2.305450916290283,2.6856677532196045,3.173027515411377,2.827176570892334,2.9027984142303467,2.791382312774658,2.9210550785064697,2.595142126083374,2.408346652984619,2.4807982444763184,2.2717740535736084,2.361208438873291,2.496558666229248,2.379688262939453,2.696805715560913,2.8528892993927,3.049089193344116,4.0804266929626465,3.792417526245117,3.969583749771118,3.9015347957611084,4.081376552581787,3.7641146183013916,3.5523788928985596,3.658160924911499,3.344916582107544,3.4309816360473633,3.1956253051757812,3.190213203430176,3.410949230194092,3.6479647159576416,3.5855984687805176,4.878674507141113,4.704084396362305,5.029304027557373,4.943746566772461,5.234823226928711,5.011123180389404,4.812761306762695,5.080850601196289,4.833521366119385,5.093297004699707,4.890108585357666,5.169195175170898,5.1887688636779785,5.295844554901123,5.212939739227295
A8,1.765680193901062,1.422620177268982,1.1931079626083374,0.8803879618644714,0.779877245426178,0.5340319871902466,0.3811168074607849,0.0,0.38673269748687744,0.5793487429618835,0.8562818765640259,1.14414381980896,1.4793884754180908,1.6694228649139404,2.0358448028564453,2.2251644134521484,1.851790428161621,1.8600399494171143,1.6105451583862305,1.768926739692688,1.4308102130889893,1.2174103260040283,1.2682650089263916,1.1688283681869507,1.2208694219589233,1.5071170330047607,1.5195130109786987,1.8943376541137695,2.078674077987671,2.4577016830444336,3.0762298107147217,2.728327751159668,2.813887357711792,2.66139554977417,2.8119473457336426,2.4843931198120117,2.253605365753174,2.291105031967163,2.0465097427368164,2.0863113403320312,2.213358163833618,2.0797083377838135,2.3883039951324463,2.5738790035247803,2.77138352394104,3.870358467102051,3.5777907371520996,3.7605929374694824,3.6668052673339844,3.8603515625,3.5487263202667236,3.3109207153320312,3.402035713195801,3.07222843170166,3.1290552616119385,2.879511594772339,2.861408233642578,3.071272373199463,3.3206961154937744,3.262714385986328,4.597729682922363,4.428660869598389,4.75494909286499,4.657850742340088,4.957267761230469,4.742677688598633,4.529733180999756,4.797341823577881,4.545098781585693,4.803339958190918,4.588405132293701,4.871385097503662,4.883626461029053,4.978821277618408,4.889321804046631
A9,1.9268615245819092,1.5979833602905273,1.4081405401229858,1.0342390537261963,1.0095614194869995,0.8484042286872864,0.5460265874862671,0.38673269748687744,0.0,0.3836356997489929,0.5716661810874939,0.842556893825531,1.1624125242233276,1.3142818212509155,1.677658200263977,1.8856395483016968,1.5247836112976074,1.584204912185669,1.349024772644043,1.5726360082626343,1.2790758609771729,1.0214807987213135,1.1514861583709717,0.98136305809021,1.0937200784683228,1.3115906715393066,1.2672746181488037,1.6375139951705933,1.771605134010315,2.1478192806243896,2.7694857120513916,2.4392826557159424,2.5616016387939453,2.438403367996216,2.621748208999634,2.319460391998291,2.0802650451660156,2.1720926761627197,1.9109236001968384,1.9882296323776245,2.060685396194458,1.90149986743927,2.1969869136810303,2.3349153995513916,2.513333559036255,3.595221996307373,3.322232961654663,3.5264713764190674,3.4624171257019043,3.670729875564575,3.3734662532806396,3.1447863578796387,3.2756311893463135,2.957592487335205,3.0368635654449463,2.7739899158477783,2.7350993156433105,2.937096118927002,3.150689125061035,3.06894850730896,4.361924171447754,4.202145099639893,4.538191318511963,4.46762228012085,4.768251895904541,4.561649799346924,4.370676517486572,4.656696796417236,4.427735328674316,4.706760883331299,4.513583660125732,4.813520431518555,4.853485107421875,4.968824863433838,4.905883312225342
A10,2.234433174133301,1.883126139640808,1.7131516933441162,1.3613967895507812,1.3312475681304932,1.097320556640625,0.8299316763877869,0.5793487429618835,0.3836356997489929,0.0,0.392672061920166,0.5841636657714844,0.9457095861434937,1.1469064950942993,1.5171256065368652,2.067312002182007,1.7381842136383057,1.851714015007019,1.6098705530166626,1.8697818517684937,1.6020748615264893,1.2975904941558838,1.3872458934783936,1.1338218450546265,1.142703652381897,1.2933920621871948,1.170422911643982,1.5093495845794678,1.667331337928772,2.019679069519043,2.864135503768921,2.556300401687622,2.7162954807281494,2.5750396251678467,2.7943053245544434,2.508192539215088,2.2271666526794434,2.301567316055298,1.9953384399414062,2.0134661197662354,2.0358197689056396,1.8179877996444702,2.066964864730835,2.2164738178253174,2.352199077606201,3.564289093017578,3.3092968463897705,3.541388988494873,3.4635560512542725,3.701323986053467,3.4238462448120117,3.1658084392547607,3.2954931259155273,2.96079421043396,2.9990394115448,2.7025346755981445,2.6170332431793213,2.7753210067749023,2.98350191116333,2.8720996379852295,4.232081413269043,4.100433349609375,4.449512958526611,4.382792949676514,4.700145721435547,4.517872333526611,4.317949295043945,4.614137649536133,4.3911237716674805,4.676449298858643,4.473130702972412,4.784680366516113,4.820114612579346,4.918285846710205,4.8476128578186035
A11,2.496450901031494,2.1678779125213623,1.9762144088745117,1.6031779050827026,1.5444623231887817,1.3797825574874878,1.1111780405044556,0.8562818765640259,0.5716661810874939,0.392672061920166,0.0,0.3766591250896454,0.6345632076263428,0.8888698220252991,1.2307887077331543,1.8551445007324219,1.5571705102920532,1.683241605758667,1.4164069890975952,1.7046542167663574,1.4887069463729858,1.137660264968872,1.2160593271255493,0.8917062282562256,0.8893498182296753,0.9542573690414429,0.7892981171607971,1.1271306276321411,1.2778048515319824,1.6370346546173096,2.511758804321289,2.2141683101654053,2.3940200805664062,2.248103618621826,2.4938201904296875,2.231210470199585,1.9291572570800781,2.0224037170410156,1.6976572275161743,1.725904107093811,1.702448844909668,1.4695854187011719,1.7127845287322998,1.8379812240600586,1.97921884059906,3.172896385192871,2.9226057529449463,3.1631906032562256,3.093607187271118,3.3408970832824707,3.0751352310180664,2.8176162242889404,2.9683492183685303,2.6421327590942383,2.6933281421661377,2.391526222229004,2.2975900173187256,2.459453821182251,2.646315336227417,2.534186601638794,3.8561832904815674,3.722020149230957,4.072444915771484,4.015801429748535,4.331836223602295,4.1525115966796875,3.9639158248901367,4.268959045410156,4.060155391693115,4.357423305511475,4.169743061065674,4.491581916809082,4.547558307647705,4.662181377410889,4.614717960357666
A12,2.716132640838623,2.3798327445983887,2.2339234352111816,1.8558926582336426,1.850836157798767,1.6604104042053223,1.3567601442337036,1.14414381980896,0.842556893825531,0.5841636657714844,0.3766591250896454,0.0,0.38485997915267944,0.5960042476654053,0.9526477456092834,1.874902367591858,1.6238399744033813,1.825618028640747,1.6104756593704224,1.940093994140625,1.7666386365890503,1.4232341051101685,1.5429402589797974,1.200076937675476,1.1992311477661133,1.1652436256408691,0.8915137648582458,1.1395360231399536,1.2216594219207764,1.5309596061706543,2.5557422637939453,2.3017640113830566,2.532303810119629,2.4163455963134766,2.695112466812134,2.466426372528076,2.158601760864258,2.280865430831909,1.9430582523345947,1.9656078815460205,1.8741751909255981,1.5907331705093384,1.763789176940918,1.8395878076553345,1.906660556793213,3.1695594787597656,2.9589626789093018,3.2355518341064453,3.187882423400879,3.461373805999756,3.2240171432495117,2.9637463092803955,3.1412088871002197,2.821932315826416,2.8617024421691895,2.5363526344299316,2.393739938735962,2.505932331085205,2.6507561206817627,2.4873812198638916,3.8102848529815674,3.7110061645507812,4.077780723571777,4.049726963043213,4.375885486602783,4.222548961639404,4.048630237579346,4.371722221374512,4.186838626861572,4.499481201171875,4.321954727172852,4.658492565155029,4.727618217468262,4.8413848876953125,4.803147315979004
A13,3.0393521785736084,2.717315196990967,2.5616087913513184,2.17458438873291,2.154759407043457,1.9981415271759033,1.6974704265594482,1.4793884754180908,1.1624125242233276,0.9457095861434937,0.6345632076263428,0.38485997915267944,0.0,0.38428446650505066,0.6477890014648438,1.7977931499481201,1.610011339187622,1.8340651988983154,1.623397707939148,1.9687167406082153,1.8577812910079956,1.503282070159912,1.6096264123916626,1.2390377521514893,1.220811367034912,1.0639307498931885,0.7167974710464478,0.8582578301429749,0.8812432289123535,1.1596112251281738,2.2996320724487305,2.0810508728027344,2.346703052520752,2.2367987632751465,2.5474233627319336,2.3600869178771973,2.0386030673980713,2.1804280281066895,1.8333104848861694,1.8566266298294067,1.694179892539978,1.3838056325912476,1.5031473636627197,1.5243899822235107,1.5569661855697632,2.829441785812378,2.6417651176452637,2.939725160598755,2.906928300857544,3.198331594467163,2.9873046875,2.7281384468078613,2.931894302368164,2.628377914428711,2.6725893020629883,2.3392415046691895,2.1702849864959717,2.2614948749542236,2.3642375469207764,2.18030047416687,3.45845627784729,3.3710198402404785,3.74393367767334,3.735722303390503,4.063405513763428,3.9242005348205566,3.766570568084717,4.102414608001709,3.9406909942626953,4.26734733581543,4.108529090881348,4.457091808319092,4.548344612121582,4.675008773803711,4.66062593460083
A14,3.073662042617798,2.7661397457122803,2.653280735015869,2.2578628063201904,2.296387195587158,2.156928539276123,1.817271113395691,1.6694228649139404,1.3142818212509155,1.1469064950942993,0.8888698220252991,0.5960042476654053,0.38428446650505066,0.0,0.37939274311065674,1.6057910919189453,1.4666074514389038,1.7549067735671997,1.6214362382888794,1.9933334589004517,1.9262315034866333,1.6095131635665894,1.7890123128890991,1.4446042776107788,1.5074021816253662,1.3444818258285522,1.0062545537948608,1.1034175157546997,0.9894859194755554,1.211052417755127,2.2453105449676514,2.0652201175689697,2.3635430335998535,2.3161730766296387,2.634627103805542,2.4756362438201904,2.1867570877075195,2.3825650215148926,2.061213254928589,2.1370043754577637,1.9584184885025024,1.663741946220398,1.7629029750823975,1.7091612815856934,1.6993944644927979,2.8691296577453613,2.7170004844665527,3.030491590499878,3.0451748371124268,3.3365609645843506,3.140686511993408,2.9116950035095215,3.150155544281006,2.872731924057007,2.9471700191497803,2.62374210357666,2.4531731605529785,2.5361111164093018,2.594561815261841,2.3862154483795166,3.562124490737915,3.488912582397461,3.866311550140381,3.8926968574523926,4.2128071784973145,4.080444812774658,3.9532318115234375,4.30009126663208,4.162660598754883,4.5012640953063965,4.3659586906433105,4.719897747039795,4.8315348625183105,4.974488258361816,4.978117942810059
A15,3.4166035652160645,3.120391845703125,3.008765459060669,2.6103246212005615,2.6461033821105957,2.5237643718719482,2.1849453449249268,2.0358448028564453,1.677658200263977,1.5171256065368652,1.2307887077331543,0.9526477456092834,0.6477890014648438,0.37939274311065674,0.0,1.6320182085037231,1.579809308052063,1.8874403238296509,1.7832844257354736,2.155522108078003,2.1453678607940674,1.8393501043319702,2.0114777088165283,1.6678757667541504,1.7227388620376587,1.4886525869369507,1.1399259567260742,1.1128565073013306,0.8923776149749756,0.998587965965271,2.0975701808929443,1.9789763689041138,2.31547212600708,2.29384708404541,2.63602614402771,2.526916265487671,2.2425649166107178,2.4592061042785645,2.146111249923706,2.2265946865081787,1.9910024404525757,1.6913124322891235,1.7222856283187866,1.5916099548339844,1.517149806022644,2.635699510574341,2.527703046798706,2.8657455444335938,2.9095664024353027,3.2160236835479736,3.056013345718384,2.8394789695739746,3.10640811920166,2.8553428649902344,2.9354729652404785,2.613363027572632,2.419250965118408,2.4712777137756348,2.472507953643799,2.236687660217285,3.3148510456085205,3.2646074295043945,3.647083044052124,3.70524263381958,4.023013591766357,3.9114017486572266,3.8098950386047363,4.1692023277282715,4.0628838539123535,4.414472579956055,4.302888870239258,4.666460990905762,4.8012776374816895,4.956263542175293,4.9839019775390625
B1,2.8437108993530273,2.7082359790802,2.6206297874450684,2.26945161819458,2.3620853424072266,2.471820592880249,2.1661155223846436,2.2251644134521484,1.8856395483016968,2.067312002182007,1.8551445007324219,1.874902367591858,1.7977931499481201,1.6057910919189453,1.6320182085037231,0.0,0.38727110624313354,0.6264609694480896,0.8888369798660278,1.1317557096481323,1.3478493690490723,1.3498014211654663,1.673929214477539,1.6195696592330933,1.9535624980926514,1.8825111389160156,1.8180793523788452,1.9528701305389404,1.7204794883728027,1.9312896728515625,1.5156031847000122,1.3497228622436523,1.546371579170227,1.741801381111145,1.9340440034866333,1.8587586879730225,1.8218915462493896,2.179701566696167,2.0888023376464844,2.4102532863616943,2.342498540878296,2.284738302230835,2.4994664192199707,2.3488035202026367,2.4862048625946045,2.8161826133728027,2.648785352706909,2.842697858810425,2.9920809268951416,3.1516411304473877,2.9297826290130615,2.8822572231292725,3.177156686782837,3.029724597930908,3.286742925643921,3.1104049682617188,3.1038148403167725,3.3263320922851562,3.3585665225982666,3.266739845275879,3.974384307861328,3.798414945602417,4.104016304016113,4.158823490142822,4.38577938079834,4.1718363761901855,4.133408546447754,4.445895195007324,4.334933280944824,4.661561489105225,4.6121907234191895,4.9268341064453125,5.094845294952393,5.327535152435303,5.398975372314453
B2,2.5028038024902344,2.3503952026367188,2.247338056564331,1.8902684450149536,1.976823091506958,2.085439920425415,1.7850197553634644,1.851790428161621,1.5247836112976074,1.7381842136383057,1.5571705102920532,1.6238399744033813,1.610011339187622,1.4666074514389038,1.579809308052063,0.38727110624313354,0.0,0.3882046639919281,0.5997578501701355,0.8930589556694031,1.0295944213867188,1.0179548263549805,1.3701105117797852,1.325039267539978,1.6769814491271973,1.665490746498108,1.621620774269104,1.8234766721725464,1.6573896408081055,1.9331762790679932,1.710038423538208,1.4672785997390747,1.6277873516082764,1.7491928339004517,1.9305224418640137,1.7832057476043701,1.714418649673462,2.039421319961548,1.92576265335083,2.2320971488952637,2.206777572631836,2.1436545848846436,2.3981974124908447,2.305915117263794,2.4725568294525146,2.9577691555023193,2.750995635986328,2.939401626586914,3.0419204235076904,3.204580307006836,2.951511859893799,2.870391368865967,3.1331989765167236,2.950052261352539,3.1873698234558105,2.999876022338867,3.0008490085601807,3.23684024810791,3.312229633331299,3.230325937271118,4.067352771759033,3.8831098079681396,4.194583892822266,4.2176923751831055,4.458489894866943,4.235184669494629,4.1629438400268555,4.468532085418701,4.326767444610596,4.643303871154785,4.5645647048950195,4.874589920043945,5.017273902893066,5.232015609741211,5.277804374694824
B3,2.392627477645874,2.276851177215576,2.1392173767089844,1.8120810985565186,1.8580782413482666,2.0299482345581055,1.7833298444747925,1.8600399494171143,1.584204912185669,1.851714015007019,1.683241605758667,1.825618028640747,1.8340651988983154,1.7549067735671997,1.8874403238296509,0.6264609694480896,0.3882046639919281,0.0,0.38726434111595154,0.5451072454452515,0.7514026761054993,0.8601565361022949,1.1913493871688843,1.2537857294082642,1.6291695833206177,1.6702529191970825,1.7125945091247559,1.9362913370132446,1.817050576210022,2.1127874851226807,1.702734351158142,1.41323983669281,1.4801092147827148,1.5916780233383179,1.7086243629455566,1.5360795259475708,1.5253980159759521,1.842910885810852,1.7895786762237549,2.1263582706451416,2.1603074073791504,2.1599366664886475,2.4515020847320557,2.3885531425476074,2.6066815853118896,2.992337703704834,2.7508466243743896,2.891334056854248,2.98036789894104,3.10446834564209,2.8269622325897217,2.7683753967285156,3.0082318782806396,2.8388543128967285,3.098802089691162,2.9489736557006836,2.9975428581237793,3.270167589187622,3.37056040763855,3.331387758255005,4.1389265060424805,3.92240834236145,4.211903095245361,4.210901260375977,4.434733867645264,4.185995578765869,4.107673645019531,4.391599655151367,4.233371257781982,4.53245735168457,4.453717231750488,4.745067596435547,4.88102912902832,5.102457046508789,5.147424697875977
B4,2.372596025466919,2.2203826904296875,2.028367042541504,1.6878669261932373,1.6645336151123047,1.8216851949691772,1.5972434282302856,1.6105451583862305,1.349024772644043,1.6098705530166626,1.4164069890975952,1.6104756593704224,1.623397707939148,1.6214362382888794,1.7832844257354736,0.8888369798660278,0.5997578501701355,0.38726434111595154,0.0,0.3814171254634857,0.4941630959510803,0.49933579564094543,0.8146330714225769,0.8754574656486511,1.2514077425003052,1.3155574798583984,1.4012528657913208,1.6510939598083496,1.5929666757583618,1.9233309030532837,1.6828018426895142,1.3402220010757446,1.3943370580673218,1.410993218421936,1.5447572469711304,1.3162095546722412,1.2416614294052124,1.5262318849563599,1.4422212839126587,1.763634204864502,1.8204644918441772,1.827578067779541,2.1433427333831787,2.1239514350891113,2.3723855018615723,2.857841968536377,2.5845389366149902,2.722867727279663,2.7668421268463135,2.9006729125976562,2.6051886081695557,2.5109386444091797,2.7259650230407715,2.5287020206451416,2.7700281143188477,2.6134040355682373,2.6692049503326416,2.9523279666900635,3.081190586090088,3.059581756591797,3.9446442127227783,3.7207274436950684,4.012243270874023,3.984248161315918,4.2195539474487305,3.9677071571350098,3.861353874206543,4.140770435333252,3.9615652561187744,4.254674434661865,4.154393196105957,4.445493221282959,4.565392017364502,4.773381233215332,4.803988933563232
B5,2.3359220027923584,2.2329533100128174,2.0183000564575195,1.7277069091796875,1.6692748069763184,1.8936336040496826,1.733862280845642,1.768926739692688,1.5726360082626343,1.8697818517684937,1.7046542167663574,1.940093994140625,1.9687167406082153,1.9933334589004517,2.155522108078003,1.1317557096481323,0.8930589556694031,0.5451072454452515,0.3814171254634857,0.0,0.37268131971359253,0.6128093600273132,0.823397696018219,1.0317050218582153,1.394078016281128,1.5079097747802734,1.666630744934082,1.915294885635376,1.8866333961486816,2.211409091949463,1.7693361043930054,1.4116336107254028,1.3584271669387817,1.3718942403793335,1.4119868278503418,1.1612184047698975,1.182004451751709,1.445074439048767,1.4519834518432617,1.799798846244812,1.9204533100128174,1.995893955230713,2.332639694213867,2.333087682723999,2.6168606281280518,2.970752477645874,2.6745212078094482,2.759870767593384,2.796933889389038,2.8840742111206055,2.56951904296875,2.5093283653259277,2.6981897354125977,2.5258169174194336,2.7922682762145996,2.682889461517334,2.788408041000366,3.1024668216705322,3.2483644485473633,3.2663562297821045,4.092129707336426,3.839716911315918,4.105161666870117,4.05808687210083,4.271071434020996,3.995370864868164,3.8891217708587646,4.143487453460693,3.9520156383514404,4.224738121032715,4.129378318786621,4.397839069366455,4.5126776695251465,4.7295684814453125,4.762011528015137
B6,2.0595641136169434,1.9292210340499878,1.6877979040145874,1.3944076299667358,1.306549310684204,1.5309120416641235,1.3962832689285278,1.4308102130889893,1.2790758609771729,1.6020748615264893,1.4887069463729858,1.7666386365890503,1.8577812910079956,1.9262315034866333,2.1453678607940674,1.3478493690490723,1.0295944213867188,0.7514026761054993,0.4941630959510803,0.37268131971359253,0.0,0.380727082490921,0.6014858484268188,0.8478243350982666,1.2058671712875366,1.4022763967514038,1.5722204446792603,1.8748263120651245,1.9080921411514282,2.2673208713531494,2.0606493949890137,1.6884757280349731,1.6517726182937622,1.598148226737976,1.6481821537017822,1.3453950881958008,1.2987700700759888,1.4882404804229736,1.4451799392700195,1.7416263818740845,1.9003764390945435,1.952061414718628,2.3107850551605225,2.366171360015869,2.653775453567505,3.1734683513641357,2.8628997802734375,2.959524393081665,2.9554495811462402,3.057887077331543,2.729600429534912,2.6268980503082275,2.7815380096435547,2.567906379699707,2.7958285808563232,2.664952039718628,2.763190984725952,3.0744683742523193,3.2565228939056396,3.271946907043457,4.219902038574219,3.974547863006592,4.250011444091797,4.181347846984863,4.411405563354492,4.139244079589844,4.002381324768066,4.2536468505859375,4.037954330444336,4.302044868469238,4.175511837005615,4.441849708557129,4.529042720794678,4.721118450164795,4.723906993865967
B7,2.195828437805176,2.0033512115478516,1.7517943382263184,1.4136476516723633,1.3033032417297363,1.44146728515625,1.268384337425232,1.2174103260040283,1.0214807987213135,1.2975904941558838,1.137660264968872,1.4232341051101685,1.503282070159912,1.6095131635665894,1.8393501043319702,1.3498014211654663,1.0179548263549805,0.8601565361022949,0.49933579564094543,0.6128093600273132,0.380727082490921,0.0,0.38028913736343384,0.48830240964889526,0.862056314945221,1.048966646194458,1.2011127471923828,1.5201798677444458,1.581260085105896,1.9556334018707275,1.9923509359359741,1.6187688112258911,1.6449898481369019,1.5427179336547852,1.6653473377227783,1.359951376914978,1.2061660289764404,1.3793694972991943,1.2431024312973022,1.4989176988601685,1.623252511024475,1.6278365850448608,1.9831486940383911,2.0545146465301514,2.3317980766296387,2.995610237121582,2.6879467964172363,2.819704532623291,2.7946460247039795,2.9362220764160156,2.616564989089966,2.468726634979248,2.6269643306732178,2.379927396774292,2.574896812438965,2.4042704105377197,2.4683971405029297,2.760817766189575,2.946265459060669,2.9439857006073,3.9713797569274902,3.7442946434020996,4.037797927856445,3.968613386154175,4.220279693603516,3.966137647628784,3.8146603107452393,4.081311225891113,3.8651578426361084,4.14104700088501,4.000118732452393,4.283759117126465,4.367260456085205,4.545414447784424,4.5406975746154785
B8,2.3536503314971924,2.1584315299987793,1.8588615655899048,1.556768774986267,1.3556084632873535,1.4907143115997314,1.3950002193450928,1.2682650089263916,1.1514861583709717,1.3872458934783936,1.2160593271255493,1.5429402589797974,1.6096264123916626,1.7890123128890991,2.0114777088165283,1.673929214477539,1.3701105117797852,1.1913493871688843,0.8146330714225769,0.823397696018219,0.6014858484268188,0.38028913736343384,0.0,0.3832952380180359,0.6521323323249817,0.9054269194602966,1.160513162612915,1.4703634977340698,1.607125163078308,1.9794846773147583,2.060544729232788,1.6713815927505493,1.6506366729736328,1.4649807214736938,1.5616618394851685,1.2211843729019165,1.0302664041519165,1.1085937023162842,0.9723950624465942,1.197259783744812,1.389374852180481,1.4462919235229492,1.825126051902771,1.9514461755752563,2.2672150135040283,2.9314324855804443,2.5947072505950928,2.6979129314422607,2.626253128051758,2.7548933029174805,2.419504404067993,2.251420259475708,2.3660168647766113,2.1036672592163086,2.2841644287109375,2.132518768310547,2.2303695678710938,2.5454981327056885,2.7644474506378174,2.8022749423980713,3.8484091758728027,3.6045844554901123,3.8834362030029297,3.7818422317504883,4.031126499176025,3.7674477100372314,3.5914981365203857,3.8401570320129395,3.601389169692993,3.8606529235839844,3.7023801803588867,3.974907636642456,4.04126501083374,4.2101149559021,4.1940412521362305
B9,2.5033040046691895,2.2626383304595947,1.9858096837997437,1.643554449081421,1.473801851272583,1.5177468061447144,1.3596895933151245,1.1688283681869507,0.98136305809021,1.1338218450546265,0.8917062282562256,1.200076937675476,1.2390377521514893,1.4446042776107788,1.6678757667541504,1.6195696592330933,1.325039267539978,1.2537857294082642,0.8754574656486511,1.0317050218582153,0.8478243350982666,0.48830240964889526,0.3832952380180359,0.0,0.3826853632926941,0.5856018662452698,0.7893791198730469,1.1225534677505493,1.2750990390777588,1.659453272819519,1.9989914894104004,1.632028579711914,1.6950260400772095,1.504516363143921,1.6833066940307617,1.38087797164917,1.107704997062683,1.201784610748291,0.9514506459236145,1.116925835609436,1.219204306602478,1.1856478452682495,1.5483976602554321,1.6728426218032837,1.9597176313400269,2.7822425365448,2.4659464359283447,2.619237184524536,2.545959711074829,2.7228429317474365,2.4111506938934326,2.2042720317840576,2.3424646854400635,2.05352520942688,2.198678970336914,1.9905779361724854,2.0288565158843994,2.3094732761383057,2.5158283710479736,2.516010284423828,3.6381261348724365,3.422978162765503,3.7265517711639404,3.6399168968200684,3.912580966949463,3.674971580505371,3.49603533744812,3.7689619064331055,3.5430867671966553,3.822380304336548,3.658830404281616,3.9549386501312256,4.026956558227539,4.185418605804443,4.16892147064209
B10,2.7232108116149902,2.4585988521575928,2.162789821624756,1.8392058610916138,1.6251943111419678,1.6118404865264893,1.4956573247909546,1.2208694219589233,1.0937200784683228,1.142703652381897,0.8893498182296753,1.1992311477661133,1.220811367034912,1.5074021816253662,1.7227388620376587,1.9535624980926514,1.6769814491271973,1.6291695833206177,1.2514077425003052,1.394078016281128,1.2058671712875366,0.862056314945221,0.6521323323249817,0.3826853632926941,0.0,0.3863985240459442,0.6634293794631958,0.9800729751586914,1.2383190393447876,1.6076438426971436,2.1635546684265137,1.8112462759017944,1.8783572912216187,1.6275742053985596,1.8182553052902222,1.5229824781417847,1.196370244026184,1.1883574724197388,0.8701813817024231,0.8948240280151367,1.003217101097107,0.9422438144683838,1.3093619346618652,1.5097686052322388,1.8048765659332275,2.749260425567627,2.425088405609131,2.581965208053589,2.4584386348724365,2.6533138751983643,2.348173141479492,2.093853712081909,2.1932952404022217,1.8677862882614136,1.9548261165618896,1.720044732093811,1.7436939477920532,2.0161378383636475,2.2573726177215576,2.2710764408111572,3.480928659439087,3.2732977867126465,3.5779006481170654,3.4668469429016113,3.753624439239502,3.5275955200195312,3.318990468978882,3.5873703956604004,3.345628023147583,3.6177780628204346,3.42824125289917,3.7267870903015137,3.7791967391967773,3.9145140647888184,3.8795700073242188
B11,3.039557695388794,2.770477294921875,2.496117115020752,2.1507039070129395,1.971481442451477,1.9429675340652466,1.780112862586975,1.5071170330047607,1.3115906715393066,1.2933920621871948,0.9542573690414429,1.1652436256408691,1.0639307498931885,1.3444818258285522,1.4886525869369507,1.8825111389160156,1.665490746498108,1.6702529191970825,1.3155574798583984,1.5079097747802734,1.4022763967514038,1.048966646194458,0.9054269194602966,0.5856018662452698,0.3863985240459442,0.0,0.3734630346298218,0.6146801710128784,0.879910409450531,1.2340500354766846,1.921415090560913,1.603765845298767,1.7270528078079224,1.4784122705459595,1.7313357591629028,1.4952449798583984,1.130792498588562,1.1662307977676392,0.7994775176048279,0.8140901923179626,0.7638964056968689,0.6226981282234192,0.9722922444343567,1.1347463130950928,1.4251426458358765,2.409803867340088,2.1042468547821045,2.2962636947631836,2.1859731674194336,2.415958881378174,2.140334129333496,1.8726561069488525,2.015228033065796,1.6960198879241943,1.7840726375579834,1.5165252685546875,1.4928051233291626,1.7442773580551147,1.9445189237594604,1.935680627822876,3.1279993057250977,2.934507131576538,3.253406047821045,3.1648356914520264,3.461289882659912,3.2533280849456787,3.059711456298828,3.3512370586395264,3.1361591815948486,3.4321842193603516,3.261380434036255,3.5820305347442627,3.661534547805786,3.809225559234619,3.800341844558716
B12,3.109499454498291,2.8184735774993896,2.580371618270874,2.211869716644287,2.0839526653289795,2.0072782039642334,1.7900443077087402,1.5195130109786987,1.2672746181488037,1.170422911643982,0.7892981171607971,0.8915137648582458,0.7167974710464478,1.0062545537948608,1.1399259567260742,1.8180793523788452,1.621620774269104,1.7125945091247559,1.4012528657913208,1.666630744934082,1.5722204446792603,1.2011127471923828,1.160513162612915,0.7893791198730469,0.6634293794631958,0.3734630346298218,0.0,0.3833017945289612,0.6318835020065308,1.001072645187378,1.9536988735198975,1.6792000532150269,1.8758662939071655,1.677872896194458,1.9719266891479492,1.7703173160552979,1.4134321212768555,1.5002011060714722,1.1361898183822632,1.1423659324645996,0.9942565560340881,0.7277992367744446,0.9661511182785034,1.0678445100784302,1.2696455717086792,2.417433738708496,2.1577467918395996,2.4031126499176025,2.321977138519287,2.5882046222686768,2.3467774391174316,2.0752055644989014,2.2512753009796143,1.938783884048462,2.0032172203063965,1.6962385177612305,1.5940253734588623,1.7756965160369873,1.9317322969436646,1.8502943515777588,3.095271587371826,2.9429452419281006,3.2879130840301514,3.232426643371582,3.545515298843384,3.3681721687316895,3.1890993118286133,3.503809928894043,3.3145315647125244,3.6280770301818848,3.4647722244262695,3.8019027709960938,3.8914430141448975,4.032807350158691,4.027456760406494
B13,3.486673355102539,3.196910858154297,2.9627304077148438,2.592076539993286,2.466395854949951,2.3882904052734375,2.167416572570801,1.8943376541137695,1.6375139951705933,1.5093495845794678,1.1271306276321411,1.1395360231399536,0.8582578301429749,1.1034175157546997,1.1128565073013306,1.9528701305389404,1.8234766721725464,1.9362913370132446,1.6510939598083496,1.915294885635376,1.8748263120651245,1.5201798677444458,1.4703634977340698,1.1225534677505493,0.9800729751586914,0.6146801710128784,0.3833017945289612,0.0,0.3881113529205322,0.6779578924179077,1.8444260358810425,1.6274425983428955,1.8601064682006836,1.6609983444213867,1.9882051944732666,1.8472427129745483,1.4823997020721436,1.5691255331039429,1.2085905075073242,1.1785374879837036,0.9088975191116333,0.580468475818634,0.6801785826683044,0.713528573513031,0.886559009552002,2.1155765056610107,1.8830410242080688,2.1604628562927246,2.082221269607544,2.380539894104004,2.1802902221679688,1.8966108560562134,2.0973052978515625,1.8012101650238037,1.848934531211853,1.5227900743484497,1.3665499687194824,1.505133867263794,1.6089941263198853,1.501909852027893,2.731410026550293,2.597316026687622,2.953451156616211,2.9157519340515137,3.237884759902954,3.083909273147583,2.915949821472168,3.2471909523010254,3.0840539932250977,3.413433074951172,3.2660186290740967,3.618562698364258,3.7287065982818604,3.876127004623413,3.892817258834839
